Gene A,Gene B,Label,Score,Precision,Recall,False Positive Rate
YJR070C,YML128C,0,2.220604,0.0,0.0,0.00010005002695834264
YPR187W,YPL218W,0,2.1790366,0.0,0.0,0.00020010005391668528
YOR382W,YAR071W,1,2.0710945,0.3333333432674408,0.0009950249223038554,0.00020010005391668528
YOR389W,YIL015W,1,1.9085865,0.5,0.001990049844607711,0.00020010005391668528
YER138C,YML039W,0,1.8965299,0.4000000059604645,0.001990049844607711,0.0003001500735990703
YDR055W,YBR078W,1,1.8160113,0.5,0.0029850746504962444,0.0003001500735990703
YBR162C,YLR194C,1,1.784886,0.5714285969734192,0.003980099689215422,0.0003001500735990703
YKL163W,YNR044W,1,1.7756302,0.625,0.004975124262273312,0.0003001500735990703
YGL225W,YGL037C,0,1.7376938,0.5555555820465088,0.004975124262273312,0.00040020010783337057
YHR214W,YAR066W,1,1.6906333,0.6000000238418579,0.005970149300992489,0.00040020010783337057
YLR155C,YLR158C,1,1.6794494,0.6363636255264282,0.006965174339711666,0.00040020010783337057
YDR534C,YIL015W,1,1.6786155,0.6666666865348816,0.007960199378430843,0.00040020010783337057
YOR382W,YPR138C,0,1.6736404,0.6153846383094788,0.007960199378430843,0.0005002501420676708
YLR157C,YBR093C,1,1.6481518,0.6428571343421936,0.008955223485827446,0.0005002501420676708
YLR452C,YBR294W,0,1.6427546,0.6000000238418579,0.008955223485827446,0.0006003001471981406
YLR160C,YAR071W,1,1.636593,0.625,0.009950248524546623,0.0006003001471981406
YIL011W,YDR055W,1,1.5889146,0.6470588445663452,0.0109452735632658,0.0006003001471981406
YKL009W,YLR251W,0,1.5336698,0.6111111044883728,0.0109452735632658,0.0007003501523286104
YNL026W,YBR238C,0,1.5300492,0.5789473652839661,0.0109452735632658,0.0008004002156667411
YHR082C,YBR093C,0,1.5294334,0.550000011920929,0.0109452735632658,0.0009004502207972109
YNL322C,YAR071W,1,1.5289569,0.5714285969734192,0.011940298601984978,0.0009004502207972109
YBR093C,YOL011W,1,1.512524,0.5909090638160706,0.012935323640704155,0.0009004502207972109
YLR155C,YLR160C,1,1.5095507,0.6086956262588501,0.013930348679423332,0.0009004502207972109
YMR319C,YDL078C,0,1.5011892,0.5833333134651184,0.013930348679423332,0.0010005002841353416
YJL144W,YJR063W,0,1.5007596,0.5600000023841858,0.013930348679423332,0.0011005502892658114
YLR160C,YBR093C,1,1.4739689,0.5769230723381042,0.014925372786819935,0.0011005502892658114
YAR071W,YLR194C,1,1.4679314,0.5925925970077515,0.015920398756861687,0.0011005502892658114
YGR282C,YNR044W,1,1.460057,0.6071428656578064,0.016915423795580864,0.0011005502892658114
YNL322C,YBR093C,1,1.4467677,0.6206896305084229,0.017910446971654892,0.0011005502892658114
YPR002W,YOR204W,0,1.4195739,0.6000000238418579,0.017910446971654892,0.0012006002943962812
YOL155C,YJL158C,1,1.4174353,0.6129032373428345,0.01890547201037407,0.0012006002943962812
YJL155C,YDL171C,0,1.4068055,0.59375,0.01890547201037407,0.001300650299526751
YER162C,YGR027C,0,1.3999828,0.5757575631141663,0.01890547201037407,0.0014007003046572208
YDR055W,YAR071W,1,1.3980826,0.5882353186607361,0.019900497049093246,0.0014007003046572208
YDR534C,YDR461W,1,1.3871192,0.6000000238418579,0.020895522087812424,0.0014007003046572208
YBR020W,YCL025C,0,1.3860837,0.5833333134651184,0.020895522087812424,0.0015007504262030125
YCL074W,YJR034W,0,1.38104,0.5675675868988037,0.020895522087812424,0.0016008004313334823
YLR110C,YNR044W,1,1.3734182,0.5789473652839661,0.0218905471265316,0.0016008004313334823
YLR160C,YDR461W,1,1.369918,0.5897436141967773,0.022885572165250778,0.0016008004313334823
YOR378W,YDL024C,0,1.3648683,0.574999988079071,0.022885572165250778,0.001700850436463952
YKL163W,YOR009W,1,1.3472508,0.5853658318519592,0.023880597203969955,0.001700850436463952
YLR197W,YLR251W,0,1.3411946,0.5714285969734192,0.023880597203969955,0.0018009004415944219
YNL160W,YNR044W,1,1.3399047,0.5813953280448914,0.024875622242689133,0.0018009004415944219
YBR162C,YJL159W,1,1.337552,0.5909090638160706,0.02587064728140831,0.0018009004415944219
YMR305C,YLR158C,1,1.336886,0.6000000238418579,0.026865672320127487,0.0018009004415944219
YKL157W,YAR066W,1,1.3344363,0.6086956262588501,0.027860697358846664,0.0018009004415944219
YNL006W,YDL039C,0,1.3258154,0.5957446694374084,0.027860697358846664,0.0019009504467248917
YLL045C,YCR087C-A,0,1.3208812,0.5833333134651184,0.027860697358846664,0.0020010005682706833
YKL009W,YPL087W,0,1.3155543,0.5714285969734192,0.027860697358846664,0.0021010504569858313
YLR160C,YLR158C,1,1.3082399,0.5799999833106995,0.028855720534920692,0.0021010504569858313
YBR093C,YOR214C,1,1.3054956,0.5882353186607361,0.02985074557363987,0.0021010504569858313
YMR238W,YBR078W,1,1.304611,0.5961538553237915,0.030845770612359047,0.0021010504569858313
YGL028C,YBR078W,1,1.3020831,0.6037735939025879,0.03184079751372337,0.0021010504569858313
YLR395C,YEL041W,0,1.2981923,0.5925925970077515,0.03184079751372337,0.002201100578531623
YJR150C,YDR534C,1,1.2928188,0.6000000238418579,0.03283582255244255,0.002201100578531623
YDR527W,YGL183C,0,1.2907757,0.5892857313156128,0.03283582255244255,0.002301150467246771
YPR113W,YBR026C,0,1.2894815,0.5789473652839661,0.03283582255244255,0.0024012005887925625
YMR319C,YKL038W,0,1.2809343,0.568965494632721,0.03283582255244255,0.002501250710338354
YBR145W,YLR088W,0,1.2806364,0.5593220591545105,0.03283582255244255,0.002601300599053502
YBR301W,YAR066W,1,1.2702224,0.5666666626930237,0.03383084759116173,0.002601300599053502
YBR162C,YMR008C,1,1.2666955,0.5737704634666443,0.03482586890459061,0.002601300599053502
YAR071W,YKL096W,1,1.2516243,0.5806451439857483,0.035820893943309784,0.002601300599053502
YOL141W,YDR131C,0,1.251576,0.5714285969734192,0.035820893943309784,0.0027013507205992937
YGR175C,YDL070W,0,1.2511859,0.5625,0.035820893943309784,0.0028014006093144417
YLR160C,YBR078W,1,1.2503442,0.5692307949066162,0.03681591898202896,0.0028014006093144417
YJL144W,YGR143W,0,1.2456115,0.560606062412262,0.03681591898202896,0.0029014507308602333
YPR035W,YPL274W,0,1.2439758,0.5522388219833374,0.03681591898202896,0.003001500852406025
YER014C-A,YDL171C,0,1.2324473,0.5441176295280457,0.03681591898202896,0.003101550741121173
YPL187W,YOR214C,1,1.2161874,0.5507246255874634,0.03781094402074814,0.003101550741121173
YBR093C,YJL159W,1,1.2160016,0.5571428537368774,0.038805969059467316,0.003101550741121173
YLR160C,YGR279C,1,1.2156106,0.5633803009986877,0.03980099409818649,0.003101550741121173
YLL017W,YDR281C,0,1.2130562,0.5555555820465088,0.03980099409818649,0.0032016008626669645
YLR155C,YAR066W,1,1.2108365,0.5616438388824463,0.04079601913690567,0.0032016008626669645
YDR281C,YOR098C,0,1.210486,0.5540540814399719,0.04079601913690567,0.0033016507513821125
YPR121W,YAR066W,1,1.2094414,0.5600000023841858,0.04179104417562485,0.0033016507513821125
YOR389W,YMR006C,1,1.2075351,0.5657894611358643,0.042786069214344025,0.0033016507513821125
YDR534C,YNR044W,1,1.207531,0.5714285969734192,0.0437810942530632,0.0033016507513821125
YKL210W,YBR238C,0,1.2067705,0.5641025900840759,0.0437810942530632,0.003401700872927904
YBL005W-B,YML039W,0,1.2060336,0.5569620132446289,0.0437810942530632,0.003501750761643052
YCL074W,YML071C,0,1.1966583,0.550000011920929,0.0437810942530632,0.0036018008831888437
YOL082W,YBR093C,0,1.193286,0.5432098507881165,0.0437810942530632,0.0037018510047346354
YLR157C,YLR160C,1,1.1920112,0.5487805008888245,0.04477611929178238,0.0037018510047346354
YJR127C,YDR281C,0,1.190511,0.5421686768531799,0.04477611929178238,0.0038019008934497833
YDR083W,YPR149W,0,1.1856374,0.5357142686843872,0.04477611929178238,0.003901951014995575
YOL165C,YDL039C,0,1.180508,0.529411792755127,0.04477611929178238,0.004002001136541367
YDL039C,YGR239C,0,1.1792884,0.5232558250427246,0.04477611929178238,0.004102051258087158
YGL259W,YKR044W,0,1.1779178,0.517241358757019,0.04477611929178238,0.0042021009139716625
YIL047C,YLR251W,0,1.1753297,0.5113636255264282,0.04477611929178238,0.004302151035517454
YMR006C,YNR067C,1,1.172435,0.516853928565979,0.045771144330501556,0.004302151035517454
YBL026W,YMR143W,0,1.1699594,0.5111111402511597,0.045771144330501556,0.004402201157063246
YDL045C,YIL133C,0,1.1618212,0.5054945349693298,0.045771144330501556,0.004502251278609037
YKR066C,YBR238C,0,1.1599687,0.5,0.045771144330501556,0.004602300934493542
YBR093C,YOR382W,1,1.1597347,0.5053763389587402,0.046766169369220734,0.004602300934493542
YDR461W,YAR066W,1,1.1559569,0.5106382966041565,0.04776119440793991,0.004602300934493542
YMR305C,YLR194C,1,1.1542222,0.5157894492149353,0.04875621944665909,0.004602300934493542
YOR389W,YGR279C,1,1.1459931,0.5208333134651184,0.049751244485378265,0.004602300934493542
YCR060W,YPR160W,0,1.1437888,0.5154638886451721,0.049751244485378265,0.004702351056039333
YLR157C,YOR389W,1,1.1422936,0.5204081535339355,0.05074626952409744,0.004702351056039333
YPL240C,YDR429C,0,1.1383842,0.5151515007019043,0.05074626952409744,0.004802401177585125
YMR239C,YBR072W,0,1.1363912,0.5099999904632568,0.05074626952409744,0.004902451299130917
YMR319C,YIL170W,0,1.13,0.5049505233764648,0.05074626952409744,0.005002501420676708
YLR160C,YNL145W,1,1.1264507,0.5098039507865906,0.05174129456281662,0.005002501420676708
YKL161C,YNL095C,0,1.1231378,0.5048543810844421,0.05174129456281662,0.0051025510765612125
YKL217W,YDL171C,0,1.122517,0.5,0.05174129456281662,0.005202601198107004
YLR158C,YBR078W,1,1.1216098,0.5047619342803955,0.0527363196015358,0.005202601198107004
YLR395C,YER150W,0,1.1215862,0.5,0.0527363196015358,0.005302651319652796
YJL174W,YDL049C,1,1.1209966,0.5046728849411011,0.053731344640254974,0.005302651319652796
YJL158C,YJL078C,1,1.1201609,0.5092592835426331,0.05472636967897415,0.005302651319652796
YBR183W,YNR018W,0,1.1169153,0.5045871734619141,0.05472636967897415,0.005402701441198587
YNL070W,YMR143W,0,1.1146262,0.5,0.05472636967897415,0.005502751562744379
YOR388C,YLL055W,0,1.1110712,0.4954954981803894,0.05472636967897415,0.005602801218628883
YOL155C,YDL171C,0,1.1101663,0.4910714328289032,0.05472636967897415,0.005702851340174675
YJL194W,YGR214W,0,1.1094278,0.48672565817832947,0.05472636967897415,0.005802901461720467
YMR008C,YJR026W,0,1.1092805,0.48245614767074585,0.05472636967897415,0.005902951583266258
YDR032C,YBR078W,1,1.1085364,0.48695650696754456,0.05572139471769333,0.005902951583266258
YPL082C,YEL041W,0,1.1083828,0.48275861144065857,0.05572139471769333,0.00600300170481205
YBR162C,YKL096W,1,1.1077789,0.4871794879436493,0.056716419756412506,0.00600300170481205
YDR492W,YBR128C,0,1.1074736,0.4830508530139923,0.056716419756412506,0.006103051360696554
YDR079W,YNL178W,0,1.1039443,0.4789915978908539,0.056716419756412506,0.006203101482242346
YER050C,YML056C,0,1.1008321,0.4749999940395355,0.056716419756412506,0.0063031516037881374
YOL082W,YJL191W,0,1.0967463,0.4710743725299835,0.056716419756412506,0.006403201725333929
YJL130C,YFL017W-A,0,1.0966913,0.46721312403678894,0.056716419756412506,0.006503251846879721
YGL183C,YDL170W,0,1.0949667,0.46341463923454285,0.056716419756412506,0.006603301502764225
YNR004W,YDR262W,0,1.093639,0.45967742800712585,0.056716419756412506,0.006703351624310017
YLR157C,YDL049C,1,1.0908452,0.46399998664855957,0.057711441069841385,0.006703351624310017
YOR145C,YJL155C,0,1.090692,0.460317462682724,0.057711441069841385,0.006803401745855808
YGR221C,YDL179W,0,1.0894408,0.4566929042339325,0.057711441069841385,0.0069034518674016
YBR183W,YHR047C,0,1.0891598,0.453125,0.057711441069841385,0.007003501523286104
YOR214C,YOR190W,1,1.0886708,0.45736435055732727,0.05870646610856056,0.007003501523286104
YOL141W,YIR025W,0,1.0881783,0.45384615659713745,0.05870646610856056,0.007103551644831896
YJR028W,YML039W,0,1.0851926,0.45038166642189026,0.05870646610856056,0.0072036017663776875
YLR300W,YMR250W,0,1.0837518,0.4469696879386902,0.05870646610856056,0.007303651887923479
YKL126W,YJR070C,0,1.083315,0.4436090290546417,0.05870646610856056,0.007403702009469271
YLR160C,YOR389W,1,1.0832169,0.447761207818985,0.05970149114727974,0.007403702009469271
YBR183W,YER052C,0,1.0830611,0.4444444477558136,0.05970149114727974,0.007503751665353775
YPR002W,YGL071W,0,1.0804089,0.44117647409439087,0.05970149114727974,0.007603801786899567
YGR282C,YLR158C,1,1.0799985,0.44525548815727234,0.06069651618599892,0.007603801786899567
YPL082C,YPR133W-A,0,1.078712,0.4420289993286133,0.06069651618599892,0.007703851908445358
YJR150C,YJL174W,1,1.0782223,0.4460431635379791,0.061691541224718094,0.007703851908445358
YJR010W,YGR177C,0,1.0770844,0.44285714626312256,0.061691541224718094,0.00780390202999115
YJL079C,YMR006C,1,1.0761153,0.44680851697921753,0.06268656998872757,0.00780390202999115
YOR389W,YAR066W,1,1.0724069,0.4507042169570923,0.06368159502744675,0.00780390202999115
YCL025C,YNR003C,0,1.0701321,0.4475524425506592,0.06368159502744675,0.007903952151536942
YHR156C,YDR281C,0,1.0679544,0.4444444477558136,0.06368159502744675,0.008004002273082733
YKR013W,YLR158C,1,1.0667069,0.4482758641242981,0.06467662006616592,0.008004002273082733
YEL040W,YPL183W-A,0,1.0657749,0.4452054798603058,0.06467662006616592,0.008104052394628525
YOR378W,YNL230C,0,1.065658,0.442176878452301,0.06467662006616592,0.008204102516174316
YML073C,YLR073C,0,1.0643768,0.43918919563293457,0.06467662006616592,0.008304151706397533
YKL164C,YGR279C,1,1.0642847,0.4429530203342438,0.0656716451048851,0.008304151706397533
YGR282C,YAR071W,1,1.0604655,0.4466666579246521,0.06666667014360428,0.008304151706397533
YLR158C,YCR089W,1,1.0575544,0.4503311216831207,0.06766169518232346,0.008304151706397533
YJL079C,YNL307C,0,1.0567564,0.44736841320991516,0.06766169518232346,0.008404201827943325
YLR285W,YOL101C,0,1.0564938,0.4444444477558136,0.06766169518232346,0.008504251949489117
YDR146C,YJL191W,0,1.0537995,0.44155845046043396,0.06766169518232346,0.008604302071034908
YOR074C,YDL039C,0,1.0500958,0.43870967626571655,0.06766169518232346,0.0087043521925807
YAR071W,YOR383C,1,1.0499957,0.4423076808452606,0.06865671277046204,0.0087043521925807
YOR349W,YML039W,0,1.0491662,0.4394904375076294,0.06865671277046204,0.008804402314126492
YFL014W,YMR038C,0,1.0480504,0.43670886754989624,0.06865671277046204,0.008904452435672283
YJR150C,YMR008C,1,1.047103,0.44025155901908875,0.06965173780918121,0.008904452435672283
YCL004W,YEL041W,0,1.0466515,0.4375,0.06965173780918121,0.009004502557218075
YJL079C,YDL049C,1,1.0421501,0.4409937858581543,0.07064676284790039,0.009004502557218075
YGR225W,YFL054C,0,1.0419496,0.4382716119289398,0.07064676284790039,0.009104552678763866
YHR143W,YDL049C,1,1.0388733,0.44171780347824097,0.07164178788661957,0.009104552678763866
YJL174W,YOR010C,1,1.0333296,0.4451219439506531,0.07263681292533875,0.009104552678763866
YDL070W,YPR138C,0,1.0319256,0.4424242377281189,0.07263681292533875,0.009204601868987083
YFR045W,YDL039C,0,1.027743,0.4397590458393097,0.07263681292533875,0.009304651990532875
YER150W,YDR262W,0,1.0250838,0.4371257424354553,0.07263681292533875,0.009404702112078667
YDR077W,YOR389W,1,1.0224863,0.4404761791229248,0.07363183796405792,0.009404702112078667
YAL005C,YGL028C,1,1.018224,0.44378697872161865,0.0746268630027771,0.009404702112078667
YLL051C,YHR047C,0,1.0182023,0.44117647409439087,0.0746268630027771,0.009504752233624458
YNL322C,YDL049C,1,1.0170826,0.4444444477558136,0.07562188804149628,0.009504752233624458
YGL180W,YGL183C,0,1.0149474,0.44186046719551086,0.07562188804149628,0.00960480235517025
YGL225W,YMR250W,0,1.0130335,0.4393063485622406,0.07562188804149628,0.009704852476716042
YPL274W,YNR072W,0,1.0118443,0.4367816150188446,0.07562188804149628,0.009804902598261833
YDL036C,YLR029C,0,1.0116295,0.4342857003211975,0.07562188804149628,0.009904952719807625
YER165W,YDR304C,0,1.0112069,0.4318181872367859,0.07562188804149628,0.010005002841353416
YDL049C,YOR010C,1,1.0075203,0.4350282549858093,0.07661691308021545,0.010005002841353416
YJL158C,YOR382W,1,1.0071259,0.43820226192474365,0.07761193811893463,0.010005002841353416
YPL276W,YLR425W,0,1.0066115,0.4357541799545288,0.07761193811893463,0.010105052962899208
YKL067W,YER074W,0,1.0062319,0.4333333373069763,0.07761193811893463,0.010205102153122425
YHR143W,YBR162C,1,1.0056837,0.4364641010761261,0.07860696315765381,0.010205102153122425
YBR067C,YER162C,0,1.0049267,0.43406593799591064,0.07860696315765381,0.010305152274668217
YGL170C,YPL200W,0,1.003182,0.43169400095939636,0.07860696315765381,0.010405202396214008
YGR189C,YBR162C,1,1.0026534,0.43478259444236755,0.07960198819637299,0.010405202396214008
YNL208W,YDL039C,0,1.0015723,0.4324324429035187,0.07960198819637299,0.0105052525177598
YGR175C,YOR162C,0,1.0013214,0.4301075339317322,0.07960198819637299,0.010605302639305592
YMR182C,YMR272C,0,1.0010194,0.427807480096817,0.07960198819637299,0.010705352760851383
YJR004C,YKR103W,0,1.0005486,0.42553192377090454,0.07960198819637299,0.010805402882397175
YMR319C,YPL099C,0,1.0001863,0.42328041791915894,0.07960198819637299,0.010905453003942966
YLL024C,YMR008C,1,0.99996907,0.4263157844543457,0.08059701323509216,0.010905453003942966
YLR160C,YGL089C,1,0.99843615,0.4293193817138672,0.08159203827381134,0.010905453003942966
YDR492W,YKL189W,0,0.9971853,0.4270833432674408,0.08159203827381134,0.011005503125488758
YJR004C,YDL049C,1,0.99302584,0.4300518035888672,0.08258706331253052,0.011005503125488758
YDL128W,YBR093C,0,0.9916206,0.42783504724502563,0.08258706331253052,0.011105552315711975
YOR247W,YLR160C,1,0.9871606,0.4307692348957062,0.0835820883512497,0.011105552315711975
YNL160W,YIL011W,1,0.9870803,0.4336734712123871,0.08457711338996887,0.011105552315711975
YOL155C,YBR078W,1,0.98647004,0.43654823303222656,0.08557213842868805,0.011105552315711975
YBR182C,YLL055W,0,0.9854627,0.4343434274196625,0.08557213842868805,0.011205602437257767
YNL160W,YAR071W,1,0.9850529,0.43718594312667847,0.08656716346740723,0.011205602437257767
YLR213C,YLR042C,1,0.9850319,0.4399999976158142,0.0875621885061264,0.011205602437257767
YOL129W,YOR310C,0,0.9848743,0.4378109574317932,0.0875621885061264,0.011305652558803558
YDL039C,YBR173C,0,0.984708,0.4356435537338257,0.0875621885061264,0.01140570268034935
YJR070C,YMR143W,0,0.98406607,0.4334975481033325,0.0875621885061264,0.011505752801895142
YGL028C,YLR110C,1,0.98246104,0.4362744987010956,0.08855721354484558,0.011505752801895142
YGL180W,YKR101W,0,0.9776705,0.43414634466171265,0.08855721354484558,0.011605802923440933
YOR275C,YML056C,0,0.97682875,0.4320388436317444,0.08855721354484558,0.011705853044986725
YLR160C,YOR009W,1,0.975812,0.43478259444236755,0.08955223858356476,0.011705853044986725
YLL041C,YML056C,0,0.9747115,0.4326923191547394,0.08955223858356476,0.011805903166532516
YBR093C,YIL162W,1,0.9743857,0.4354066848754883,0.09054726362228394,0.011805903166532516
YJR147W,YBL113C,0,0.97340554,0.4333333373069763,0.09054726362228394,0.011905953288078308
YBR020W,YPL200W,0,0.9727538,0.43127962946891785,0.09054726362228394,0.0120060034096241
YMR013C,YJR028W,0,0.97160846,0.4292452931404114,0.09054726362228394,0.012106052599847317
YLR157C,YMR305C,1,0.96973664,0.43192487955093384,0.09154228866100311,0.012106052599847317
YOR190W,YOR383C,1,0.96857077,0.43457943201065063,0.09253731369972229,0.012106052599847317
YDR451C,YDL140C,0,0.9684785,0.43255814909935,0.09253731369972229,0.012206102721393108
YJL194W,YKR056W,0,0.96408373,0.4305555522441864,0.09253731369972229,0.0123061528429389
YLR295C,YJL117W,0,0.96384054,0.4285714328289032,0.09253731369972229,0.012406202964484692
YOR190W,YDR461W,1,0.9620345,0.43119266629219055,0.09353233873844147,0.012406202964484692
YNL231C,YLR043C,0,0.96098024,0.4292237460613251,0.09353233873844147,0.012506253086030483
YBL092W,YBR072W,0,0.96095854,0.4272727370262146,0.09353233873844147,0.012606303207576275
YMR182C,YJL112W,0,0.9603645,0.42533937096595764,0.09353233873844147,0.012706353329122066
YKL217W,YMR173W,0,0.9600503,0.4234234094619751,0.09353233873844147,0.012806403450667858
YNL202W,YAL017W,0,0.9596475,0.42152467370033264,0.09353233873844147,0.01290645357221365
YGR251W,YDR453C,0,0.95875055,0.4196428656578064,0.09353233873844147,0.013006503693759441
YKL096W-A,YOR010C,1,0.95869845,0.42222222685813904,0.09452736377716064,0.013006503693759441
YKL163W,YOL011W,1,0.95772594,0.4247787594795227,0.09552238881587982,0.013006503693759441
YOR389W,YLL024C,1,0.9574092,0.4273127615451813,0.096517413854599,0.013006503693759441
YDR492W,YGL010W,0,0.95655376,0.4254385828971863,0.096517413854599,0.013106552883982658
YNL178W,YGL010W,0,0.9562271,0.4235807955265045,0.096517413854599,0.01320660300552845
YDL055C,YPL183W-A,0,0.9556981,0.4217391312122345,0.096517413854599,0.013306653127074242
YNL160W,YOR009W,1,0.9553682,0.42424243688583374,0.09751243889331818,0.013306653127074242
YOR377W,YNL274C,0,0.95528847,0.42241379618644714,0.09751243889331818,0.013406703248620033
YDR492W,YDL206W,0,0.95442003,0.42060086131095886,0.09751243889331818,0.013506753370165825
YLR401C,YKL085W,0,0.9521592,0.4188034236431122,0.09751243889331818,0.013606803491711617
YPL187W,YAR066W,1,0.95017844,0.42127659916877747,0.09850746393203735,0.013606803491711617
YOR010C,YAR066W,1,0.9475518,0.4237288236618042,0.09950248897075653,0.013606803491711617
YLR040C,YBR078W,1,0.94672555,0.4261603355407715,0.10049751400947571,0.013606803491711617
YOL142W,YJL171C,0,0.94649726,0.424369752407074,0.10049751400947571,0.013706853613257408
YDL171C,YMR025W,0,0.9452525,0.4225941300392151,0.10049751400947571,0.0138069037348032
YDR492W,YGL212W,0,0.944807,0.4208333194255829,0.10049751400947571,0.013906953856348991
YLR390W,YML056C,0,0.94475836,0.41908714175224304,0.10049751400947571,0.014007003046572208
YBR183W,YDR281C,0,0.94113225,0.41735535860061646,0.10049751400947571,0.014107053168118
YLR270W,YER137C,0,0.9406529,0.4156378507614136,0.10049751400947571,0.014207103289663792
YDL179W,YOR020C,0,0.9404457,0.4139344394207001,0.10049751400947571,0.014307153411209583
YOL165C,YLL027W,0,0.93932825,0.41224488615989685,0.10049751400947571,0.014407203532755375
YGL089C,YAR066W,1,0.9385982,0.4146341383457184,0.10149253904819489,0.014407203532755375
YJL194W,YLR325C,0,0.9384108,0.41295546293258667,0.10149253904819489,0.014507253654301167
YLR197W,YMR160W,0,0.93625885,0.41129031777381897,0.10149253904819489,0.014607303775846958
YJL160C,YDR461W,1,0.93547434,0.413654625415802,0.10248756408691406,0.014607303775846958
YDR144C,YDL078C,0,0.9352747,0.41200000047683716,0.10248756408691406,0.01470735389739275
YPL276W,YGL259W,0,0.93481815,0.41035857796669006,0.10248756408691406,0.014807404018938541
YDR534C,YJL159W,1,0.93468577,0.4126984179019928,0.10348258912563324,0.014807404018938541
YGL256W,YKL067W,0,0.93443364,0.4110671877861023,0.10348258912563324,0.014907454140484333
YOR382W,YMR006C,1,0.93257904,0.4133858382701874,0.10447761416435242,0.014907454140484333
YNL066W,YOR389W,1,0.9321975,0.4156862795352936,0.1054726392030716,0.014907454140484333
YCL074W,YGL163C,0,0.93194735,0.4140625,0.1054726392030716,0.01500750333070755
YJR070C,YDL021W,0,0.93065935,0.4124513566493988,0.1054726392030716,0.015107553452253342
YJL158C,YOR383C,1,0.93061185,0.41472867131233215,0.10646766424179077,0.015107553452253342
YJL066C,YML080W,0,0.92996866,0.41312742233276367,0.10646766424179077,0.015207603573799133
YKL103C,YPL082C,0,0.9298231,0.4115384519100189,0.10646766424179077,0.015307653695344925
YLR344W,YNL182C,0,0.9295433,0.4099617004394531,0.10646766424179077,0.015407703816890717
YBL041W,YGR034W,0,0.92869574,0.40839695930480957,0.10646766424179077,0.015507753938436508
YOR388C,YOR206W,0,0.92792,0.4068441092967987,0.10646766424179077,0.0156078040599823
YJL158C,YMR238W,1,0.92598206,0.40909090638160706,0.10746268928050995,0.0156078040599823
YDR281C,YCR046C,0,0.92584807,0.4075471758842468,0.10746268928050995,0.01570785418152809
YGL028C,YMR305C,1,0.92489034,0.40977442264556885,0.10845771431922913,0.01570785418152809
YDL148C,YML128C,0,0.9238309,0.4082396924495697,0.10845771431922913,0.015807904303073883
YNL160W,YDL049C,1,0.92078346,0.41044774651527405,0.1094527393579483,0.015807904303073883
YGR010W,YFL066C,0,0.9202981,0.4089219272136688,0.1094527393579483,0.015907954424619675
YNL202W,YOR230W,0,0.9187667,0.40740740299224854,0.1094527393579483,0.016008004546165466
YJR004C,YLL024C,1,0.9176716,0.4095940887928009,0.11044776439666748,0.016008004546165466
YOR382W,YGR279C,1,0.9170051,0.4117647111415863,0.11144278943538666,0.016008004546165466
YPR121W,YOR010C,1,0.9153869,0.4139194190502167,0.11243781447410583,0.016008004546165466
YOL129W,YGR214W,0,0.9142204,0.4124087691307068,0.11243781447410583,0.016108054667711258
YDR405W,YHR085W,0,0.91309595,0.41090908646583557,0.11243781447410583,0.01620810478925705
YMR006C,YOR383C,1,0.91208893,0.41304346919059753,0.11343283951282501,0.01620810478925705
YDL070W,YFL021W,0,0.9090233,0.4115523397922516,0.11343283951282501,0.01630815491080284
YLR157C,YLR025W,0,0.907286,0.4100719392299652,0.11343283951282501,0.016408205032348633
YDR254W,YBR093C,0,0.9065436,0.40860214829444885,0.11343283951282501,0.016508253291249275
YLR300W,YGR282C,1,0.9062167,0.4107142984867096,0.11442785710096359,0.016508253291249275
YMR173W,YNL052W,0,0.90426046,0.40925267338752747,0.11442785710096359,0.016608303412795067
YOR247W,YNR067C,1,0.90413266,0.41134750843048096,0.11542288213968277,0.016608303412795067
YKL130C,YBR238C,0,0.90338665,0.4098939895629883,0.11542288213968277,0.01670835353434086
YOR214C,YBR162C,1,0.90250134,0.4119718372821808,0.11641790717840195,0.01670835353434086
YLR157C,YJL159W,1,0.9009865,0.4140350818634033,0.11741293221712112,0.01670835353434086
YNL066W,YMR008C,1,0.8992762,0.4160839021205902,0.1184079572558403,0.01670835353434086
YGL183C,YHR077C,0,0.89712024,0.4146341383457184,0.1184079572558403,0.01680840365588665
YOL155C,YAR066W,1,0.89710575,0.4166666567325592,0.11940298229455948,0.01680840365588665
YGR225W,YML099C,0,0.89688987,0.41522490978240967,0.11940298229455948,0.01690845377743244
YGR169C,YGR027C,0,0.8957112,0.4137931168079376,0.11940298229455948,0.017008503898978233
YLR191W,YNL016W,0,0.8949352,0.41237112879753113,0.11940298229455948,0.017108554020524025
YNL160W,YLR300W,1,0.8939155,0.41438356041908264,0.12039800733327866,0.017108554020524025
YBR187W,YDR222W,0,0.89378285,0.41296929121017456,0.12039800733327866,0.017208604142069817
YJR151C,YAR066W,1,0.89364094,0.41496598720550537,0.12139303237199783,0.017208604142069817
YPL187W,YDR461W,1,0.89317393,0.41694915294647217,0.12238805741071701,0.017208604142069817
YLR009W,YIR038C,0,0.8926372,0.41554054617881775,0.12238805741071701,0.017308654263615608
YOL141W,YML128C,0,0.89259,0.4141414165496826,0.12238805741071701,0.0174087043851614
YDL216C,YDL039C,0,0.8923468,0.4127516746520996,0.12238805741071701,0.01750875450670719
YEL040W,YLR160C,1,0.88986987,0.4147157073020935,0.12338308244943619,0.01750875450670719
YBR170C,YGL183C,0,0.88879675,0.41333332657814026,0.12338308244943619,0.017608804628252983
YNL314W,YOR084W,0,0.887916,0.4119601249694824,0.12338308244943619,0.017708854749798775
YPR137W,YJL144W,0,0.8876412,0.41059601306915283,0.12338308244943619,0.017808904871344566
YGR282C,YNL084C,0,0.88686746,0.4092409312725067,0.12338308244943619,0.017908954992890358
YIL162W,YAR066W,1,0.8857619,0.4111842215061188,0.12437810748815536,0.017908954992890358
YOL141W,YLR107W,0,0.8849825,0.4098360538482666,0.12437810748815536,0.01800900511443615
YNL281W,YMR250W,0,0.88382673,0.4084967374801636,0.12437810748815536,0.01810905523598194
YOL141W,YIR039C,0,0.8837675,0.40716612339019775,0.12437810748815536,0.018209105357527733
YLR160C,YBL092W,0,0.88310224,0.40584415197372437,0.12437810748815536,0.018309155479073524
YKL157W,YNR044W,1,0.88222176,0.40776699781417847,0.12537313997745514,0.018309155479073524
YLR160C,YDL049C,1,0.8821315,0.4096774160861969,0.12636816501617432,0.018309155479073524
YIL094C,YPR091C,0,0.88137275,0.4083601236343384,0.12636816501617432,0.018409203737974167
YOL086C,YHR175W,0,0.8810478,0.40705129504203796,0.12636816501617432,0.01850925385951996
YOR247W,YOL155C,1,0.87951434,0.4089456796646118,0.1273631900548935,0.01850925385951996
YGR175C,YGR070W,0,0.8783476,0.40764331817626953,0.1273631900548935,0.01860930398106575
YGL180W,YMR321C,0,0.87825173,0.40634921193122864,0.1273631900548935,0.018709354102611542
YJR010W,YBR202W,0,0.87770396,0.40506330132484436,0.1273631900548935,0.018809404224157333
YJR036C,YDL171C,0,0.87702435,0.40378549695014954,0.1273631900548935,0.018909454345703125
YJL174W,YIL011W,1,0.87659943,0.40566039085388184,0.12835821509361267,0.018909454345703125
YGL183C,YIL042C,0,0.8765275,0.4043887257575989,0.12835821509361267,0.019009504467248917
YDR451C,YDR076W,0,0.874196,0.40312498807907104,0.12835821509361267,0.019109554588794708
YER103W,YLR452C,0,0.874095,0.40186914801597595,0.12835821509361267,0.0192096047103405
YLR157C,YBR078W,1,0.8738603,0.4037266969680786,0.12935324013233185,0.0192096047103405
YBR301W,YCR089W,1,0.87298375,0.4055727422237396,0.13034826517105103,0.0192096047103405
YDR534C,YAR071W,1,0.87241715,0.40740740299224854,0.1313432902097702,0.0192096047103405
YNL274C,YBL092W,0,0.87200135,0.4061538577079773,0.1313432902097702,0.01930965483188629
YPR121W,YBR093C,1,0.8717209,0.4079754650592804,0.13233831524848938,0.01930965483188629
YBR067C,YJR040W,0,0.8695347,0.4067278206348419,0.13233831524848938,0.019409704953432083
YLR286C,YKR013W,1,0.86935264,0.4085365831851959,0.13333334028720856,0.019409704953432083
YCL018W,YBR093C,0,0.86913806,0.4072948396205902,0.13333334028720856,0.019509755074977875
YEL040W,YOR389W,1,0.8687965,0.40909090638160706,0.13432836532592773,0.019509755074977875
YIL015W,YLR042C,1,0.86683834,0.4108761250972748,0.1353233903646469,0.019509755074977875
YBR294W,YGL113W,0,0.8656272,0.40963855385780334,0.1353233903646469,0.019609805196523666
YDR534C,YAR066W,1,0.8654346,0.4114114046096802,0.1363184154033661,0.019609805196523666
YNL314W,YMR117C,0,0.8638338,0.41017964482307434,0.1363184154033661,0.019709855318069458
YJR150C,YHR214W,1,0.8629848,0.4119403064250946,0.13731342554092407,0.019709855318069458
YKR102W,YOR010C,1,0.8625793,0.4136904776096344,0.13830845057964325,0.019709855318069458
YDR131C,YLR329W,0,0.86215276,0.41246291995048523,0.13830845057964325,0.01980990543961525
YOR310C,YOL062C,0,0.85983324,0.41124260425567627,0.13830845057964325,0.01990995556116104
YJL066C,YKL078W,0,0.8583798,0.41002950072288513,0.13830845057964325,0.020010005682706833
YKL046C,YNL160W,1,0.8582713,0.4117647111415863,0.13930347561836243,0.020010005682706833
YBL041W,YGL103W,0,0.8556101,0.41055718064308167,0.13930347561836243,0.020110055804252625
YML028W,YCR087C-A,0,0.85357934,0.4093567132949829,0.13930347561836243,0.020210105925798416
YGL089C,YKR102W,1,0.8531678,0.41107872128486633,0.1402985006570816,0.020210105925798416
YMR006C,YDR055W,1,0.8519745,0.4127906858921051,0.14129352569580078,0.020210105925798416
YJL159W,YDL049C,1,0.8516524,0.41449275612831116,0.14228855073451996,0.020210105925798416
YOL104C,YPR138C,0,0.8506675,0.41329479217529297,0.14228855073451996,0.02031015418469906
YKR103W,YPR119W,0,0.8504042,0.4121037423610687,0.14228855073451996,0.02041020430624485
YDL128W,YER074W,0,0.8484601,0.41091954708099365,0.14228855073451996,0.020510254427790642
YKL119C,YOL101C,0,0.8463051,0.4097421169281006,0.14228855073451996,0.020610304549336433
YIL015W,YLR194C,1,0.84630173,0.4114285707473755,0.14328357577323914,0.020610304549336433
YNL309W,YNR013C,0,0.8458359,0.41025641560554504,0.14328357577323914,0.020710354670882225
YIL002C,YGR225W,0,0.8450131,0.40909090638160706,0.14328357577323914,0.020810404792428017
YEL069C,YAL040C,0,0.84444505,0.40793201327323914,0.14328357577323914,0.02091045491397381
YGL183C,YOR351C,0,0.84385914,0.4067796468734741,0.14328357577323914,0.0210105050355196
YKL130C,YIL133C,0,0.8435188,0.405633807182312,0.14328357577323914,0.02111055515706539
YBR118W,YER165W,0,0.84312874,0.40449437499046326,0.14328357577323914,0.021210605278611183
YLR187W,YOR351C,0,0.84310275,0.40336135029792786,0.14328357577323914,0.021310655400156975
YKL182W,YNL274C,0,0.84266573,0.40223464369773865,0.14328357577323914,0.021410705521702766
YGR118W,YPL218W,0,0.84226286,0.40111419558525085,0.14328357577323914,0.021510755643248558
YDR497C,YCR012W,0,0.84217995,0.4000000059604645,0.14328357577323914,0.02161080576479435
YOR292C,YNR004W,0,0.8420248,0.39889195561408997,0.14328357577323914,0.02171085588634014
YPR030W,YOR338W,0,0.841314,0.3977900445461273,0.14328357577323914,0.021810906007885933
YGR056W,YLR157C,0,0.8399852,0.39669421315193176,0.14328357577323914,0.021910956129431725
YAR071W,YLR042C,1,0.8384951,0.39835163950920105,0.1442786008119583,0.021910956129431725
YPR191W,YMR300C,0,0.8366079,0.39726027846336365,0.1442786008119583,0.022011006250977516
YLR037C,YNR044W,1,0.8362572,0.3989070951938629,0.1452736258506775,0.022011006250977516
YKL046C,YDL049C,1,0.83389276,0.4005449712276459,0.14626865088939667,0.022011006250977516
YGR118W,YMR267W,0,0.8332673,0.39945653080940247,0.14626865088939667,0.022111056372523308
YPR187W,YHR039C-A,0,0.8330969,0.3983739912509918,0.14626865088939667,0.02221110463142395
YOR209C,YLR410W-A,0,0.832528,0.39729729294776917,0.14626865088939667,0.022311154752969742
YMR182C,YJL005W,0,0.8323744,0.3962264060974121,0.14626865088939667,0.022411204874515533
YDR174W,YJR130C,0,0.83217734,0.39516130089759827,0.14626865088939667,0.022511254996061325
YKL096W,YBR078W,1,0.8315984,0.39678284525871277,0.14726367592811584,0.022511254996061325
YJR150C,YBR078W,1,0.83137536,0.39839571714401245,0.14825870096683502,0.022511254996061325
YOR212W,YDR461W,0,0.8304617,0.3973333239555359,0.14825870096683502,0.022611305117607117
YOR349W,YMR159C,0,0.8284074,0.396276593208313,0.14825870096683502,0.02271135523915291
YMR218C,YLR042C,0,0.82808715,0.395225465297699,0.14825870096683502,0.0228114053606987
YNL122C,YGL030W,0,0.82800347,0.3941798806190491,0.14825870096683502,0.02291145548224449
YJL078C,YAR066W,1,0.82711667,0.3957783579826355,0.1492537260055542,0.02291145548224449
YLR359W,YOL090W,0,0.826695,0.3947368562221527,0.1492537260055542,0.023011505603790283
YPR133W-A,YDL148C,0,0.8250281,0.3937007784843445,0.1492537260055542,0.023111555725336075
YPL082C,YMR246W,0,0.82488304,0.3926701545715332,0.1492537260055542,0.023211605846881866
YPR002W,YMR200W,0,0.82403386,0.3916448950767517,0.1492537260055542,0.023311655968427658
YGL220W,YDR281C,0,0.8232929,0.390625,0.1492537260055542,0.02341170608997345
YGL028C,YDR055W,1,0.82229334,0.3922078013420105,0.15024875104427338,0.02341170608997345
YOR009W,YLR158C,1,0.822133,0.393782377243042,0.15124377608299255,0.02341170608997345
YEL040W,YKL096W,1,0.82062596,0.39534884691238403,0.15223880112171173,0.02341170608997345
YGR032W,YCR011C,0,0.8200578,0.39432990550994873,0.15223880112171173,0.02351175621151924
YPL200W,YPL223C,0,0.8199958,0.39331620931625366,0.15223880112171173,0.023611806333065033
YJR053W,YFL021W,0,0.81941855,0.39230769872665405,0.15223880112171173,0.023711856454610825
YHR174W,YLR151C,0,0.8193297,0.3913043439388275,0.15223880112171173,0.023811906576156616
YDL246C,YDL245C,0,0.8191369,0.39030611515045166,0.15223880112171173,0.023911956697702408
YIL080W,YNL335W,0,0.81913465,0.3893129825592041,0.15223880112171173,0.0240120068192482
YCL074W,YER171W,0,0.8190912,0.38832488656044006,0.15223880112171173,0.02411205694079399
YEL040W,YMR006C,1,0.8177988,0.3898734152317047,0.1532338261604309,0.02411205694079399
YGR251W,YMR117C,0,0.81738025,0.3888888955116272,0.1532338261604309,0.024212105199694633
YNL322C,YAR066W,1,0.81723267,0.39042821526527405,0.15422885119915009,0.024212105199694633
YOL141W,YNL006W,0,0.81690735,0.38944724202156067,0.15422885119915009,0.024312155321240425
YOL141W,YCL014W,0,0.8157076,0.38847118616104126,0.15422885119915009,0.024412205442786217
YJL200C,YOL104C,0,0.8150255,0.38749998807907104,0.15422885119915009,0.02451225556433201
YLR390W,YER002W,0,0.8131534,0.3865336775779724,0.15422885119915009,0.0246123056858778
YOR204W,YDL097C,0,0.8123211,0.3855721354484558,0.15422885119915009,0.02471235580742359
YOR247W,YJL174W,1,0.81170446,0.3870967626571655,0.15522387623786926,0.02471235580742359
YML058W-A,YOR008C,0,0.81113285,0.3861386179924011,0.15522387623786926,0.024812405928969383
YGR109W-B,YGL237C,0,0.81058365,0.385185182094574,0.15522387623786926,0.024912456050515175
YGL180W,YGR225W,0,0.8097343,0.3842364549636841,0.15522387623786926,0.025012506172060966
YMR182C,YMR159C,0,0.8094012,0.38329237699508667,0.15522387623786926,0.025112556293606758
YGL068W,YGR145W,0,0.80914295,0.38235294818878174,0.15522387623786926,0.02521260641515255
YOR214C,YBR301W,1,0.80814606,0.38386309146881104,0.15621890127658844,0.02521260641515255
YBL091C-A,YLR325C,0,0.80741096,0.3829268217086792,0.15621890127658844,0.02531265653669834
YFR018C,YMR210W,0,0.8057415,0.38199514150619507,0.15621890127658844,0.025412706658244133
YBR202W,YKL217W,0,0.80570996,0.3810679614543915,0.15621890127658844,0.025512756779789925
YNL309W,YPR200C,0,0.8056539,0.38014528155326843,0.15621890127658844,0.025612806901335716
YLR157C,YJL158C,1,0.80556244,0.38164252042770386,0.15721392631530762,0.025612806901335716
YGR281W,YJR147W,0,0.8054327,0.38072288036346436,0.15721392631530762,0.025712857022881508
YJL160C,YLR213C,1,0.80541426,0.3822115361690521,0.1582089513540268,0.025712857022881508
YNL066W,YKR013W,1,0.8046109,0.38369303941726685,0.15920397639274597,0.025712857022881508
YGR288W,YER190W,0,0.80202764,0.38277512788772583,0.15920397639274597,0.0258129071444273
YLR286C,YLR158C,1,0.8018694,0.38424819707870483,0.16019900143146515,0.0258129071444273
YOR292C,YEL041W,0,0.800896,0.38333332538604736,0.16019900143146515,0.02591295726597309
YJR150C,YLR194C,1,0.80086166,0.3847981095314026,0.16119402647018433,0.02591295726597309
YKL078W,YML028W,0,0.80081636,0.3838862478733063,0.16119402647018433,0.026013007387518883
YPR080W,YIL076W,0,0.8007272,0.38297873735427856,0.16119402647018433,0.026113055646419525
YLR329W,YIR005W,0,0.80067754,0.3820754587650299,0.16119402647018433,0.026213105767965317
YGL158W,YAL063C,0,0.8006018,0.3811764717102051,0.16119402647018433,0.02631315588951111
YJL172W,YAL031C,0,0.8005889,0.3802816867828369,0.16119402647018433,0.0264132060110569
YPL244C,YBR072W,0,0.8003028,0.3793911039829254,0.16119402647018433,0.02651325613260269
YOR071C,YDR476C,0,0.80015177,0.3785046637058258,0.16119402647018433,0.026613306254148483
YOR310C,YFL066C,0,0.7998188,0.3776223659515381,0.16119402647018433,0.026713356375694275
YDR144C,YKL007W,0,0.7993049,0.37674418091773987,0.16119402647018433,0.026813406497240067
YNL230C,YOL101C,0,0.7985707,0.37587007880210876,0.16119402647018433,0.026913456618785858
YOR247W,YLR286C,1,0.7976097,0.37731480598449707,0.1621890515089035,0.026913456618785858
YJL087C,YGR225W,0,0.79699194,0.37644341588020325,0.1621890515089035,0.02701350674033165
YJL160C,YOL011W,1,0.7954102,0.37788018584251404,0.16318407654762268,0.02701350674033165
YEL040W,YOR085W,0,0.7945746,0.3770115077495575,0.16318407654762268,0.02711355686187744
YNR004W,YDL035C,0,0.7933363,0.3761467933654785,0.16318407654762268,0.027213606983423233
YOR304C-A,YMR046C,0,0.7928106,0.3752860426902771,0.16318407654762268,0.027313657104969025
YJL004C,YBR072W,0,0.7926467,0.37442922592163086,0.16318407654762268,0.027413707226514816
YJR078W,YMR046C,0,0.79239255,0.3735763132572174,0.16318407654762268,0.027513757348060608
YOR190W,YKR102W,1,0.79173285,0.375,0.16417910158634186,0.027513757348060608
YHR143W,YGR282C,1,0.79118913,0.37641721963882446,0.16517412662506104,0.027513757348060608
YLR155C,YHR057C,1,0.79113287,0.37782806158065796,0.1661691516637802,0.027513757348060608
YDR534C,YGR279C,1,0.79098195,0.3792324960231781,0.1671641767024994,0.027513757348060608
YCR089W,YDR461W,1,0.79060656,0.38063064217567444,0.16815920174121857,0.027513757348060608
YLR300W,YLL024C,1,0.7904942,0.3820224702358246,0.16915422677993774,0.027513757348060608
YNL160W,YAR066W,1,0.7904772,0.3834080696105957,0.17014925181865692,0.027513757348060608
YHR005C-A,YKL172W,0,0.79035485,0.38255032896995544,0.17014925181865692,0.0276138074696064
YOL112W,YBL092W,0,0.7889773,0.3816964328289032,0.17014925181865692,0.02771385759115219
YPL123C,YOR009W,1,0.7888537,0.38307350873947144,0.1711442768573761,0.02771385759115219
YGL062W,YPR002W,0,0.7886443,0.3822222352027893,0.1711442768573761,0.027813907712697983
YLR286C,YBR078W,1,0.787718,0.38359200954437256,0.17213930189609528,0.027813907712697983
YKL182W,YKL165C,0,0.7873605,0.38274335861206055,0.17213930189609528,0.027913957834243774
YJL081C,YGL103W,0,0.7867248,0.3818984627723694,0.17213930189609528,0.028014006093144417
YKL103C,YLR153C,0,0.7857678,0.3810572624206543,0.17213930189609528,0.02811405621469021
YEL069C,YLR024C,0,0.7854319,0.38021978735923767,0.17213930189609528,0.028214106336236
YOR204W,YKL094W,0,0.7833317,0.37938597798347473,0.17213930189609528,0.02831415645778179
YML030W,YGR214W,0,0.7830902,0.3785558044910431,0.17213930189609528,0.028414206579327583
YDR034C,YGL180W,0,0.78174293,0.37772926688194275,0.17213930189609528,0.028514256700873375
YER150W,YLR224W,0,0.78165686,0.37690630555152893,0.17213930189609528,0.028614306822419167
YML036W,YDR218C,0,0.7811453,0.376086950302124,0.17213930189609528,0.028714356943964958
YHR047C,YFL010W-A,0,0.7801557,0.37527114152908325,0.17213930189609528,0.02881440706551075
YMR006C,YLR158C,1,0.7796889,0.37662336230278015,0.17313432693481445,0.02881440706551075
YJL079C,YLR037C,1,0.77907,0.37796977162361145,0.17412935197353363,0.02881440706551075
YKL007W,YGR145W,0,0.7789361,0.3771551847457886,0.17412935197353363,0.02891445718705654
YLR395C,YHR077C,0,0.77861714,0.37634408473968506,0.17412935197353363,0.029014507308602333
YGR161W-B,YPL093W,0,0.7779822,0.3755364716053009,0.17412935197353363,0.029114557430148125
YAR002C-A,YOL101C,0,0.7779806,0.3747323453426361,0.17412935197353363,0.029214607551693916
YMR228W,YLR325C,0,0.77777296,0.3739316165447235,0.17412935197353363,0.029314657673239708
YDR263C,YOR338W,0,0.7772959,0.3731343150138855,0.17412935197353363,0.0294147077947855
YBL028C,YKL003C,0,0.77664894,0.3723404109477997,0.17412935197353363,0.02951475791633129
YGL244W,YPR133W-A,0,0.7764782,0.37154990434646606,0.17412935197353363,0.029614808037877083
YLR103C,YLR160C,0,0.7760803,0.3707627058029175,0.17412935197353363,0.029714858159422874
YLR160C,YOL011W,1,0.77598053,0.3720930218696594,0.1751243770122528,0.029714858159422874
YOR382W,YCR089W,1,0.77549684,0.3734177350997925,0.17611940205097198,0.029714858159422874
YPL123C,YCR089W,1,0.7754376,0.37473684549331665,0.17711442708969116,0.029714858159422874
YOL066C,YNR072W,0,0.77536327,0.3739495873451233,0.17711442708969116,0.029814908280968666
YGR109W-B,YGR167W,0,0.7751785,0.3731656074523926,0.17711442708969116,0.029914958402514458
YMR182C,YPL276W,0,0.77474445,0.3723849356174469,0.17711442708969116,0.0300150066614151
YOL062C,YGL030W,0,0.7734818,0.3716075122356415,0.17711442708969116,0.03011505678296089
YML099C,YMR159C,0,0.7731747,0.3708333373069763,0.17711442708969116,0.030215106904506683
YOR214C,YAR066W,1,0.77266514,0.37214136123657227,0.17810945212841034,0.030215106904506683
YGR189C,YJL078C,1,0.77221817,0.37344399094581604,0.17910447716712952,0.030215106904506683
YGL089C,YOR190W,1,0.77185005,0.37474119663238525,0.1800995022058487,0.030215106904506683
YGL236C,YFL002W-B,0,0.7716168,0.37396693229675293,0.1800995022058487,0.030315157026052475
YLR329W,YOR215C,0,0.7714612,0.3731958866119385,0.1800995022058487,0.030415207147598267
YOR212W,YER074W,0,0.7710181,0.37242797017097473,0.1800995022058487,0.030515257269144058
YGR279C,YLR194C,1,0.77084595,0.3737166225910187,0.18109452724456787,0.030515257269144058
YPR119W,YNR035C,0,0.77083606,0.37295082211494446,0.18109452724456787,0.03061530739068985
YOL129W,YLR410W-A,0,0.7707434,0.37218815088272095,0.18109452724456787,0.03071535751223564
YGL010W,YER074W,0,0.7694972,0.37142857909202576,0.18109452724456787,0.030815407633781433
YJL225C,YMR145C,0,0.7692602,0.3706721067428589,0.18109452724456787,0.030915457755327225
YEL040W,YDR032C,1,0.7691054,0.37195122241973877,0.18208955228328705,0.030915457755327225
YLR312W-A,YKL172W,0,0.7688986,0.3711967468261719,0.18208955228328705,0.031015507876873016
YPR187W,YML073C,0,0.7677067,0.3704453408718109,0.18208955228328705,0.031115557998418808
YOR142W-B,YJL130C,0,0.767679,0.3696969747543335,0.18208955228328705,0.0312156081199646
YFR021W,YBL076C,0,0.7671763,0.36895161867141724,0.18208955228328705,0.03131565824151039
YPR196W,YOL136C,0,0.7671547,0.36820924282073975,0.18208955228328705,0.03141570836305618
YBR182C,YBR072W,0,0.76602656,0.3674698770046234,0.18208955228328705,0.031515758484601974
YBR093C,YLR213C,1,0.76422375,0.36873748898506165,0.18308457732200623,0.031515758484601974
YOR126C,YDL039C,0,0.76419824,0.36800000071525574,0.18308457732200623,0.031615808606147766
YMR182C,YGR070W,0,0.7640487,0.3672654628753662,0.18308457732200623,0.03171585872769356
YML128C,YER115C,0,0.7640473,0.36653387546539307,0.18308457732200623,0.03181590884923935
YOR239W,YLR410W-A,0,0.7638153,0.36580517888069153,0.18308457732200623,0.03191595897078514
YLR404W,YGR177C,0,0.760736,0.3650793731212616,0.18308457732200623,0.03201600909233093
YLR390W-A,YNL322C,1,0.7605124,0.3663366436958313,0.1840796023607254,0.03201600909233093
YOR204W,YML039W,0,0.75918967,0.365612655878067,0.1840796023607254,0.032116059213876724
YGL209W,YOR393W,0,0.75881547,0.36489152908325195,0.1840796023607254,0.032216109335422516
YDR032C,YMR006C,1,0.75693136,0.36614173650741577,0.18507462739944458,0.032216109335422516
YHR164C,YBR093C,0,0.7561533,0.36542239785194397,0.18507462739944458,0.03231615945696831
YPL042C,YDL055C,0,0.75572544,0.364705890417099,0.18507462739944458,0.0324162095785141
YMR176W,YMR272C,0,0.75554913,0.36399218440055847,0.18507462739944458,0.03251625970005989
YLR300W,YJL159W,1,0.7555375,0.365234375,0.18606965243816376,0.03251625970005989
YPL276W,YOR279C,0,0.7552859,0.36452242732048035,0.18606965243816376,0.03261630982160568
YKL182W,YDR260C,0,0.7539096,0.36381322145462036,0.18606965243816376,0.032716359943151474
YGR161W-B,YMR093W,0,0.7538944,0.36310678720474243,0.18606965243816376,0.032816410064697266
YJR150C,YDR077W,1,0.75276744,0.3643410801887512,0.18706467747688293,0.032816410064697266
YOR126C,YJL130C,0,0.75226194,0.3636363744735718,0.18706467747688293,0.03291645646095276
YGR238C,YNR004W,0,0.75160885,0.3629343509674072,0.18706467747688293,0.03301650658249855
YPL187W,YLR042C,1,0.75159216,0.3641618490219116,0.1880597025156021,0.03301650658249855
YML058W-A,YGL071W,0,0.7506239,0.36346152424812317,0.1880597025156021,0.03311655670404434
YMR146C,YBL098W,0,0.75055856,0.362763911485672,0.1880597025156021,0.033216606825590134
YLR157C,YLR033W,0,0.7502943,0.36206895112991333,0.1880597025156021,0.033316656947135925
YGR105W,YKR006C,0,0.75029343,0.36137667298316956,0.1880597025156021,0.03341670706868172
YHR012W,YFL002W-B,0,0.7501946,0.3606870174407959,0.1880597025156021,0.03351675719022751
YAL060W,YMR143W,0,0.7497494,0.36000001430511475,0.1880597025156021,0.0336168073117733
YPL187W,YDL049C,1,0.7495635,0.3612167239189148,0.1890547275543213,0.0336168073117733
YBR183W,YBR202W,0,0.74919814,0.3605313003063202,0.1890547275543213,0.03371685743331909
YJL194W,YPL257W-B,0,0.74913996,0.3598484992980957,0.1890547275543213,0.03381690755486488
YPR187W,YLR410W-A,0,0.74875194,0.35916823148727417,0.1890547275543213,0.033916957676410675
YKL096W-A,YLR037C,1,0.7485394,0.36037737131118774,0.19004975259304047,0.033916957676410675
YJL140W,YER165W,0,0.74849045,0.35969868302345276,0.19004975259304047,0.03401700779795647
YKR013W,YLR194C,1,0.7483534,0.36090224981307983,0.19104477763175964,0.03401700779795647
YNR060W,YNL239W,0,0.7481053,0.3602251410484314,0.19104477763175964,0.03411705791950226
YBL028C,YLR160C,0,0.7468303,0.3595505654811859,0.19104477763175964,0.03421710804104805
YFR001W,YBR072W,0,0.7460922,0.358878493309021,0.19104477763175964,0.03431715816259384
YJL078C,YOR010C,1,0.74600226,0.36007463932037354,0.19203980267047882,0.03431715816259384
YKR013W,YNR044W,1,0.74539685,0.36126628518104553,0.193034827709198,0.03431715816259384
YOR378W,YJR040W,0,0.7452442,0.36059480905532837,0.193034827709198,0.03441720828413963
YOR009W,YBR301W,1,0.7448663,0.3617810904979706,0.19402985274791718,0.03441720828413963
YCL014W,YDR261C-D,0,0.744412,0.3611111044883728,0.19402985274791718,0.034517258405685425
YPL213W,YEL070W,0,0.74342614,0.3604436218738556,0.19402985274791718,0.034617308527231216
YGR177C,YJR083C,0,0.74269485,0.35977858304977417,0.19402985274791718,0.03471735864877701
YAL060W,YMR159C,0,0.74257904,0.3591160178184509,0.19402985274791718,0.0348174087703228
YPR137W,YLR410W-A,0,0.7420332,0.3584558963775635,0.19402985274791718,0.03491745889186859
YOL141W,YPL011C,0,0.74189115,0.35779815912246704,0.19402985274791718,0.03501750901341438
YNL066W,YLR155C,1,0.7405241,0.3589743673801422,0.19502487778663635,0.03501750901341438
YPR190C,YER087C-B,0,0.740509,0.3583180904388428,0.19502487778663635,0.035117559134960175
YER137C-A,YPL082C,0,0.7401403,0.35766422748565674,0.19502487778663635,0.035217609256505966
YOL142W,YLR410W-A,0,0.7398065,0.3570127487182617,0.19502487778663635,0.03531765937805176
YMR321C,YOR393W,0,0.7397619,0.3563636243343353,0.19502487778663635,0.03541770949959755
YCL074W,YPL163C,0,0.7392344,0.35571688413619995,0.19502487778663635,0.03551775962114334
YLR155C,YJR153W,1,0.7390874,0.35688406229019165,0.19601990282535553,0.03551775962114334
YPL082C,YHL034C,0,0.7387289,0.3562386929988861,0.19601990282535553,0.03561780974268913
YKL038W,YER046W,0,0.73872554,0.3555956780910492,0.19601990282535553,0.035717859864234924
YLR157C,YOR311C,0,0.7383074,0.35495495796203613,0.19601990282535553,0.035817909985780716
YOL155C,YOR010C,1,0.7382144,0.35611510276794434,0.1970149278640747,0.035817909985780716
YKL182W,YKL001C,0,0.7378699,0.3554757535457611,0.1970149278640747,0.03591796010732651
YMR020W,YBR271W,0,0.73761785,0.35483869910240173,0.1970149278640747,0.0360180102288723
YDL036C,YLR410W-A,0,0.7366894,0.3542039394378662,0.1970149278640747,0.03611806035041809
YOR310C,YMR173W,0,0.7365993,0.35357141494750977,0.1970149278640747,0.03621811047196388
YMR013C,YLR410W-A,0,0.7364507,0.3529411852359772,0.1970149278640747,0.036318160593509674
YFL002W-B,YDL170W,0,0.7347582,0.35231316089630127,0.1970149278640747,0.036418210715055466
YIL006W,YCL025C,0,0.7347203,0.35168740153312683,0.1970149278640747,0.03651826083660126
YDL246C,YOL104C,0,0.7341933,0.3510638177394867,0.1970149278640747,0.03661831095814705
YMR227C,YNL202W,0,0.7340872,0.35044246912002563,0.1970149278640747,0.03671835735440254
YOL141W,YPL147W,0,0.73300725,0.34982332587242126,0.1970149278640747,0.036818407475948334
YJR070C,YOR142W,0,0.73300225,0.3492063581943512,0.1970149278640747,0.036918457597494125
YBR183W,YMR159C,0,0.7326185,0.34859153628349304,0.1970149278640747,0.03701850771903992
YBR093C,YMR238W,1,0.73157305,0.34973639249801636,0.19800995290279388,0.03701850771903992
YNL010W,YLR410W-A,0,0.73067176,0.3491227924823761,0.19800995290279388,0.03711855784058571
YGR285C,YPR160W,0,0.73047656,0.34851139783859253,0.19800995290279388,0.0372186079621315
YNL202W,YGR143W,0,0.73032457,0.3479020893573761,0.19800995290279388,0.03731865808367729
YLR107W,YLR410W-A,0,0.730228,0.3472949266433716,0.19800995290279388,0.037418708205223083
YMR305C,YLR110C,1,0.72942114,0.3484320640563965,0.19900497794151306,0.037418708205223083
YHR164C,YOR393W,0,0.7289173,0.3478260934352875,0.19900497794151306,0.037518758326768875
YBR093C,YDR371W,1,0.72879386,0.3489583432674408,0.20000000298023224,0.037518758326768875
YCR089W,YLR042C,1,0.72867376,0.35008665919303894,0.20099502801895142,0.037518758326768875
YBL011W,YLR316C,0,0.7277053,0.3494809567928314,0.20099502801895142,0.03761880844831467
YNL236W,YBR145W,0,0.7270713,0.3488773703575134,0.20099502801895142,0.03771885856986046
YDR210C-C,YLR348C,0,0.72651094,0.3482758700847626,0.20099502801895142,0.03781890869140625
YOL142W,YKL201C,0,0.72647864,0.34767642617225647,0.20099502801895142,0.03791895881295204
YHR057C,YAR066W,1,0.7264345,0.3487972617149353,0.2019900530576706,0.03791895881295204
YNL178W,YFL017W-A,0,0.7262997,0.3481989800930023,0.2019900530576706,0.03801900893449783
YOR142W-B,YPL093W,0,0.72617716,0.3476027250289917,0.2019900530576706,0.038119059056043625
YPL196W,YLR160C,0,0.72550994,0.3470085561275482,0.2019900530576706,0.038219109177589417
YLR410W-A,YIR038C,0,0.7251615,0.3464163839817047,0.2019900530576706,0.03831915929913521
YML073C,YIR038C,0,0.7251479,0.34582623839378357,0.2019900530576706,0.038419209420681
YFL066C,YFR036W,0,0.72461796,0.3452380895614624,0.2019900530576706,0.03851925954222679
YEL040W,YBR129C,0,0.72389704,0.3446519672870636,0.2019900530576706,0.03861930966377258
YGL089C,YDR461W,1,0.72374815,0.345762699842453,0.20298507809638977,0.03861930966377258
YAL060W,YDL024C,0,0.723628,0.34517765045166016,0.20298507809638977,0.038719359785318375
YOR054C,YOR294W,0,0.72351396,0.3445945978164673,0.20298507809638977,0.038819409906864166
YCL074W,YGL216W,0,0.72342294,0.3440134823322296,0.20298507809638977,0.03891946002840996
YFL066C,YMR176W,0,0.7232544,0.34343433380126953,0.20298507809638977,0.03901951014995575
YKL064W,YGR027C,0,0.72306657,0.34285715222358704,0.20298507809638977,0.03911956027150154
YPL123C,YLR042C,1,0.7230163,0.3439597189426422,0.20398010313510895,0.03911956027150154
YML052W,YLR160C,0,0.7229407,0.3433835804462433,0.20398010313510895,0.03921961039304733
YLR160C,YJR153W,1,0.7223988,0.34448161721229553,0.20497512817382812,0.03921961039304733
YBR196C,YGR177C,0,0.7222274,0.3439065217971802,0.20497512817382812,0.039319660514593124
YLR157C,YLR300W,1,0.7216348,0.3449999988079071,0.2059701532125473,0.039319660514593124
YJL079C,YKL164C,1,0.72138864,0.34608983993530273,0.20696517825126648,0.039319660514593124
YKR056W,YFL002W-B,0,0.721131,0.3455149531364441,0.20696517825126648,0.039419710636138916
YLR329W,YDR081C,0,0.72071236,0.3449419438838959,0.20696517825126648,0.03951976075768471
YCL025C,YKL205W,0,0.7206259,0.34437087178230286,0.20696517825126648,0.0396198108792305
YCR087C-A,YPR119W,0,0.72052175,0.3438016474246979,0.20696517825126648,0.03971986100077629
YNL274C,YDR364C,0,0.719596,0.3432343304157257,0.20696517825126648,0.03981991112232208
YLR344W,YER087C-B,0,0.71909434,0.3426688611507416,0.20696517825126648,0.039919961243867874
YNL102W,YLR344W,0,0.7188565,0.34210526943206787,0.20696517825126648,0.040020011365413666
YIL021W,YOL101C,0,0.7187379,0.3415435254573822,0.20696517825126648,0.04012006148695946
YOR243C,YHR082C,0,0.717784,0.3409835994243622,0.20696517825126648,0.04022011160850525
YBR183W,YGR109W-B,0,0.7173361,0.3404255211353302,0.20696517825126648,0.04032016173005104
YGR161W-B,YKR006C,0,0.7169284,0.33986929059028625,0.20696517825126648,0.04042021185159683
YMR182C,YCL052C,0,0.71672773,0.33931484818458557,0.20696517825126648,0.040520261973142624
YDR453C,YNR044W,0,0.7164886,0.33876222372055054,0.20696517825126648,0.04062030836939812
YDR205W,YGL183C,0,0.7164312,0.33821138739585876,0.20696517825126648,0.04072035849094391
YMR146C,YCR011C,0,0.7162401,0.33766233921051025,0.20696517825126648,0.0408204086124897
YOR142W-B,YNL163C,0,0.7158065,0.337115079164505,0.20696517825126648,0.04092045873403549
YHR119W,YBR072W,0,0.7154075,0.33656957745552063,0.20696517825126648,0.041020508855581284
YGR036C,YIL076W,0,0.7152975,0.33602583408355713,0.20696517825126648,0.041120558977127075
YDR512C,YGR027C,0,0.7148473,0.3354838788509369,0.20696517825126648,0.04122060909867287
YDR534C,YOR214C,1,0.7148465,0.3365539312362671,0.20796020328998566,0.04122060909867287
YDR411C,YNR004W,0,0.71446854,0.3360128700733185,0.20796020328998566,0.04132065922021866
YDR077W,YLL024C,1,0.71424204,0.33707866072654724,0.20895522832870483,0.04132065922021866
YGL068W,YPR043W,0,0.7142174,0.3365384638309479,0.20895522832870483,0.04142070934176445
YGR161W-B,YBL076C,0,0.7135758,0.335999995470047,0.20895522832870483,0.04152075946331024
YER055C,YPR006C,0,0.7123429,0.3354632556438446,0.20895522832870483,0.04162080958485603
YLR160C,YBR301W,1,0.71218175,0.3365231156349182,0.209950253367424,0.04162080958485603
YKR013W,YJL078C,1,0.7121443,0.337579607963562,0.2109452784061432,0.04162080958485603
YFL002W-B,YPL129W,0,0.7119519,0.3370429277420044,0.2109452784061432,0.041720859706401825
YJR150C,YLR040C,1,0.71177214,0.3380952477455139,0.21194030344486237,0.041720859706401825
YBR093C,YLR164W,0,0.7114135,0.33755943179130554,0.21194030344486237,0.04182090982794762
YLR037C,YOR383C,1,0.71139205,0.3386076092720032,0.21293532848358154,0.04182090982794762
YJR004C,YML039W,0,0.7111091,0.33807265758514404,0.21293532848358154,0.04192095994949341
YBR301W,YAR071W,1,0.71040565,0.3391167223453522,0.21393035352230072,0.04192095994949341
YJR078W,YPL208W,0,0.71015346,0.3385826647281647,0.21393035352230072,0.0420210100710392
YGR177C,YKL130C,0,0.7101062,0.33805030584335327,0.21393035352230072,0.04212106019258499
YEL040W,YLR158C,1,0.7095797,0.3390894830226898,0.2149253785610199,0.04212106019258499
YNL145W,YOR382W,1,0.7092771,0.3401253819465637,0.21592040359973907,0.04212106019258499
YNL127W,YGR109W-B,0,0.70925945,0.3395931124687195,0.21592040359973907,0.04222111031413078
YKL182W,YOR351C,0,0.7089639,0.33906251192092896,0.21592040359973907,0.042321160435676575
YER137C-A,YLR026C,0,0.70892394,0.33853355050086975,0.21592040359973907,0.042421210557222366
YHR174W,YML052W,0,0.7086939,0.33800622820854187,0.21592040359973907,0.04252126067876816
YDR453C,YLR380W,0,0.7085908,0.3374805450439453,0.21592040359973907,0.04262131080031395
YIL015W,YAR066W,1,0.708571,0.33850932121276855,0.21691542863845825,0.04262131080031395
YOR237W,YOL155C,0,0.7083635,0.33798450231552124,0.21691542863845825,0.04272136092185974
YGR109W-B,YKL174C,0,0.70793265,0.33746129274368286,0.21691542863845825,0.04282141104340553
YAL063C,YFL066C,0,0.7076848,0.3369397222995758,0.21691542863845825,0.042921461164951324
YOR292C,YER137C-A,0,0.7070477,0.3364197611808777,0.21691542863845825,0.043021511286497116
YLR410W-A,YMR308C,0,0.706483,0.3359013795852661,0.21691542863845825,0.04312156140804291
YJR092W,YDL055C,0,0.7064489,0.3353846073150635,0.21691542863845825,0.0432216115295887
YJR150C,YOR190W,1,0.70626307,0.33640551567077637,0.21791045367717743,0.0432216115295887
YGR161W-B,YGR032W,0,0.7059237,0.3358895778656006,0.21791045367717743,0.04332166165113449
YBR052C,YKL172W,0,0.7058224,0.33537518978118896,0.21791045367717743,0.04342171177268028
YOL086C,YLR160C,0,0.70575064,0.3348623812198639,0.21791045367717743,0.043521761894226074
YJL174W,YAR066W,1,0.7050822,0.3358778655529022,0.2189054787158966,0.043521761894226074
YCL074W,YGR222W,0,0.7049882,0.3353658616542816,0.2189054787158966,0.043621812015771866
YIL020C,YLR251W,0,0.70490783,0.33485540747642517,0.2189054787158966,0.04372186213731766
YEL040W,YDR534C,1,0.70476246,0.3358662724494934,0.21990050375461578,0.04372186213731766
YDR285W,YNL335W,0,0.7042089,0.33535659313201904,0.21990050375461578,0.04382191225886345
YKL217W,YKL022C,0,0.70399123,0.3348484933376312,0.21990050375461578,0.04392196238040924
YGR161W-B,YNL283C,0,0.7039117,0.3343419134616852,0.21990050375461578,0.04402201250195503
YDL029W,YLR264W,0,0.7038288,0.3338368535041809,0.21990050375461578,0.044122062623500824
YDR492W,YLR429W,0,0.7033462,0.3333333432674408,0.21990050375461578,0.044222112745046616
YOR382W,YLR158C,1,0.70334584,0.33433735370635986,0.22089552879333496,0.044222112745046616
YLR160C,YLR194C,1,0.70316035,0.3353383541107178,0.22189055383205414,0.044222112745046616
YKL164C,YJL174W,1,0.7030063,0.3363363444805145,0.22288557887077332,0.044222112745046616
YIL011W,YKL157W,1,0.7028392,0.3373313248157501,0.2238806039094925,0.044222112745046616
YGR177C,YEL030W,0,0.70267594,0.336826354265213,0.2238806039094925,0.04432216286659241
YLR155C,YBR093C,1,0.70260435,0.33781763911247253,0.22487562894821167,0.04432216286659241
YOR142W-B,YMR093W,0,0.7020105,0.3373134434223175,0.22487562894821167,0.0444222092628479
YER138C,YLR256W-A,0,0.701957,0.33681073784828186,0.22487562894821167,0.04452225938439369
YLR289W,YDL171C,0,0.7011015,0.3363095223903656,0.22487562894821167,0.044622309505939484
YOL103W-B,YGR161W-B,0,0.7010605,0.3358097970485687,0.22487562894821167,0.044722359627485275
YHR214C-B,YGL014W,0,0.70095265,0.33531156182289124,0.22487562894821167,0.04482240974903107
YOR237W,YPL027W,0,0.6998602,0.33481481671333313,0.22487562894821167,0.04492245987057686
YOR214C,YLR194C,1,0.6993455,0.33579882979393005,0.22587065398693085,0.04492245987057686
YMR146C,YOR343W-B,0,0.6988251,0.33530279994010925,0.22587065398693085,0.04502250999212265
YGL028C,YGR282C,1,0.69806516,0.3362831771373749,0.22686567902565002,0.04502250999212265
YOR313C,YER087C-B,0,0.6977919,0.33578792214393616,0.22686567902565002,0.04512256011366844
YDR371W,YLR158C,1,0.69775975,0.33676469326019287,0.227860689163208,0.04512256011366844
YGR109W-B,YDR090C,0,0.6963932,0.33627018332481384,0.227860689163208,0.04522261023521423
YPR189W,YGR161W-B,0,0.6962573,0.3357771337032318,0.227860689163208,0.045322660356760025
YDL245C,YNL006W,0,0.69610876,0.3352855145931244,0.227860689163208,0.04542271047830582
YDR461W,YOR383C,1,0.69487256,0.33625730872154236,0.22885571420192719,0.04542271047830582
YCL024W,YLR410W-B,0,0.6948004,0.33576643466949463,0.22885571420192719,0.04552276059985161
YML058W-A,YMR008C,0,0.69469774,0.3352769613265991,0.22885571420192719,0.0456228107213974
YBR183W,YDL171C,0,0.6946251,0.3347889482975006,0.22885571420192719,0.04572286084294319
YDL133C-A,YBL068W,0,0.69401723,0.3343023359775543,0.22885571420192719,0.04582291096448898
YHR056C,YPR125W,0,0.6937503,0.33381712436676025,0.22885571420192719,0.045922961086034775
YHR143W,YNL322C,1,0.6935161,0.33478260040283203,0.22985073924064636,0.045922961086034775
YLR300W,YDL049C,1,0.6933844,0.33574530482292175,0.23084576427936554,0.045922961086034775
YOR247W,YNL160W,1,0.6929111,0.33670520782470703,0.23184078931808472,0.045922961086034775
YLR160C,YDR222W,0,0.6923705,0.33621934056282043,0.23184078931808472,0.046023011207580566
YJR004C,YPL027W,0,0.69159913,0.33573487401008606,0.23184078931808472,0.04612306132912636
YPR167C,YNL314W,0,0.6913312,0.3352518081665039,0.23184078931808472,0.04622311145067215
YGR109W-B,YMR173W,0,0.69115704,0.3347701132297516,0.23184078931808472,0.04632316157221794
YJL144W,YDR140W,0,0.690926,0.3342898190021515,0.23184078931808472,0.04642321169376373
YOR142W-B,YFL017W-A,0,0.69059724,0.3338108956813812,0.23184078931808472,0.046523261815309525
YNL138W,YLL012W,0,0.6905467,0.3333333432674408,0.23184078931808472,0.046623311936855316
YGR109W-B,YER104W,0,0.69027776,0.3328571319580078,0.23184078931808472,0.04672336205840111
YGR161W-B,YOR285W,0,0.68942016,0.33238232135772705,0.23184078931808472,0.0468234121799469
YLR410W-B,YLR270W,0,0.6889512,0.33190882205963135,0.23184078931808472,0.04692346230149269
YHR143W,YHR057C,1,0.68890065,0.33285918831825256,0.2328358143568039,0.04692346230149269
YDL216C,YOL004W,0,0.6887992,0.3323863744735718,0.2328358143568039,0.04702351242303848
YLR383W,YER137C-A,0,0.68808824,0.33191490173339844,0.2328358143568039,0.047123562544584274
YOR025W,YMR296C,0,0.68679243,0.33144477009773254,0.2328358143568039,0.047223612666130066
YOR142W-B,YML132W,0,0.6864256,0.3309759497642517,0.2328358143568039,0.04732366278767586
YDR492W,YMR077C,0,0.68616635,0.3305084705352783,0.2328358143568039,0.04742371290922165
YDR233C,YLR410W-B,0,0.68605655,0.33004230260849,0.2328358143568039,0.04752376303076744
YER137C-A,YOR180C,0,0.6856176,0.3295774757862091,0.2328358143568039,0.04762381315231323
YGR109W-B,YNL202W,0,0.68438447,0.3291139304637909,0.2328358143568039,0.047723863273859024
YGR012W,YDL140C,0,0.68422467,0.32865169644355774,0.2328358143568039,0.047823913395404816
YKL161C,YLR386W,0,0.68413514,0.32819074392318726,0.2328358143568039,0.04792396351695061
YGR175C,YFL002W-B,0,0.6839714,0.32773110270500183,0.2328358143568039,0.0480240136384964
YNL066W,YDR534C,1,0.6837414,0.32867133617401123,0.23383083939552307,0.0480240136384964
YPR035W,YBL089W,0,0.6827993,0.32821229100227356,0.23383083939552307,0.04812406376004219
YNL314W,YOR020C,0,0.6823935,0.32775452733039856,0.23383083939552307,0.04822411388158798
YGL089C,YMR006C,1,0.6821921,0.3286907970905304,0.23482586443424225,0.04822411388158798
YKR057W,YOL155C,0,0.68181294,0.32823365926742554,0.23482586443424225,0.048324160277843475
YBR118W,YDL047W,0,0.68159515,0.32777777314186096,0.23482586443424225,0.04842421039938927
YLR305C,YFL002W-B,0,0.68106025,0.32732316851615906,0.23482586443424225,0.04852426052093506
YLR160C,YDR371W,1,0.68104035,0.3282548487186432,0.23582088947296143,0.04852426052093506
YLL004W,YHR051W,0,0.681004,0.32780084013938904,0.23582088947296143,0.04862431064248085
YGR032W,YER052C,0,0.6807817,0.3273480534553528,0.23582088947296143,0.04872436076402664
YOR349W,YDR261W-A,0,0.68074036,0.3268965482711792,0.23582088947296143,0.048824410885572433
YPL257W-B,YMR229C,0,0.6806578,0.3264462947845459,0.23582088947296143,0.048924461007118225
YGR252W,YER137C-A,0,0.68060863,0.3259972631931305,0.23582088947296143,0.04902451112866402
YGR199W,YML056C,0,0.680476,0.325549453496933,0.23582088947296143,0.04912456125020981
YFL066C,YGR239C,0,0.6800472,0.32510289549827576,0.23582088947296143,0.0492246113717556
YLR410W-A,YBL092W,0,0.6792031,0.32465752959251404,0.23582088947296143,0.04932466149330139
YPR133W-A,YKR044W,0,0.6791279,0.3242134153842926,0.23582088947296143,0.04942471161484718
YML073C,YPL257W-B,0,0.6790665,0.3237704932689667,0.23582088947296143,0.049524761736392975
YEL070W,YOL104C,0,0.6790553,0.32332879304885864,0.23582088947296143,0.049624811857938766
YDR082W,YLR157C,0,0.678932,0.3228882849216461,0.23582088947296143,0.04972486197948456
YLL045C,YDR296W,0,0.6787091,0.3224489688873291,0.23582088947296143,0.04982491210103035
YGR175C,YJR034W,0,0.67854434,0.32201087474823,0.23582088947296143,0.04992496222257614
YGR161W-B,YOR180C,0,0.6785,0.321573942899704,0.23582088947296143,0.05002501234412193
YBR006W,YLR410W-A,0,0.6784576,0.3211382031440735,0.23582088947296143,0.050125062465667725
YBR115C,YOL101C,0,0.67843705,0.3207036554813385,0.23582088947296143,0.050225112587213516
YBL089W,YDR261W-A,0,0.6784076,0.32027027010917664,0.23582088947296143,0.05032516270875931
YOL103W-B,YER046W,0,0.67823154,0.3198380470275879,0.23582088947296143,0.0504252128303051
YLR410W-A,YFR033C,0,0.67808944,0.31940701603889465,0.23582088947296143,0.05052526295185089
YER098W,YHR174W,0,0.677465,0.31897711753845215,0.23582088947296143,0.05062531307339668
YJR004C,YLR158C,1,0.6769566,0.3198924660682678,0.2368159145116806,0.05062531307339668
YLR410W-B,YDR159W,0,0.67692345,0.3194630742073059,0.2368159145116806,0.050725363194942474
YJL174W,YIL162W,1,0.67679524,0.32037532329559326,0.23781093955039978,0.050725363194942474
YGR161W-B,YOR349W,0,0.6764956,0.31994643807411194,0.23781093955039978,0.050825413316488266
YGR180C,YDR109C,0,0.6758998,0.31951871514320374,0.23781093955039978,0.05092546343803406
YJL117W,YBL098W,0,0.67559654,0.31909212470054626,0.23781093955039978,0.05102551355957985
YOL145C,YDL040C,0,0.67525274,0.3186666667461395,0.23781093955039978,0.05112556368112564
YER137C-A,YLR160C,0,0.67515415,0.3182423412799835,0.23781093955039978,0.05122561380267143
YFL002W-B,YGR268C,0,0.6750222,0.31781914830207825,0.23781093955039978,0.051325663924217224
YDR261C-D,YNL284C,0,0.6743688,0.3173970878124237,0.23781093955039978,0.051425714045763016
YFL002W-B,YIL035C,0,0.6734174,0.3169761300086975,0.23781093955039978,0.05152576416730881
YGR109W-B,YER171W,0,0.6730816,0.31655630469322205,0.23781093955039978,0.0516258142888546
YLR300W,YMR006C,1,0.6730704,0.3174603283405304,0.23880596458911896,0.0516258142888546
YLR383W,YHR005C-A,0,0.672078,0.31704095005989075,0.23880596458911896,0.05172586441040039
YNL153C,YDL179W,0,0.6706433,0.31662270426750183,0.23880596458911896,0.05182591453194618
YGR161W-B,YKL015W,0,0.67029035,0.31620553135871887,0.23880596458911896,0.051925964653491974
YJR051W,YDR261C-D,0,0.6697628,0.31578946113586426,0.23880596458911896,0.052026014775037766
YNL079C,YDL171C,0,0.66954917,0.315374493598938,0.23880596458911896,0.05212606117129326
YPR158C-C,YJR119C,0,0.6694961,0.31496062874794006,0.23880596458911896,0.05222611129283905
YBR182C,YPR002W,0,0.6693714,0.3145478367805481,0.23880596458911896,0.05232616141438484
YOL141W,YDR261C-D,0,0.66923153,0.3141361176967621,0.23880596458911896,0.052426211535930634
YLR155C,YLR390W-A,1,0.66907394,0.3150326907634735,0.23980098962783813,0.052426211535930634
YJL130C,YHR082C,0,0.66742855,0.3146214187145233,0.23980098962783813,0.052526261657476425
YLR383W,YJL130C,0,0.66683835,0.3142112195491791,0.23980098962783813,0.05262631177902222
YPL257W-B,YHL034C,0,0.6667815,0.3138020932674408,0.23980098962783813,0.05272636190056801
YOR343W-B,YPR083W,0,0.6666557,0.3133940100669861,0.23980098962783813,0.0528264120221138
YBR162C,YAR066W,1,0.6661374,0.3142857253551483,0.2407960146665573,0.0528264120221138
YNL066W,YOR383C,1,0.6653029,0.3151750862598419,0.2417910397052765,0.0528264120221138
YBR183W,YCL018W,0,0.665067,0.31476685404777527,0.2417910397052765,0.05292646214365959
YHR143W,YGR189C,1,0.6643665,0.3156532943248749,0.24278606474399567,0.05292646214365959
YGR161W-B,YLR005W,0,0.663956,0.31524547934532166,0.24278606474399567,0.05302651226520538
YHR047C,YDR226W,0,0.6639003,0.314838707447052,0.24278606474399567,0.053126562386751175
YLR191W,YLR410W-B,0,0.6637077,0.3144329786300659,0.24278606474399567,0.05322661250829697
YLR452C,YNR060W,0,0.6635346,0.3140283226966858,0.24278606474399567,0.05332666262984276
YER137C-A,YER090W,0,0.66345596,0.31362468004226685,0.24278606474399567,0.05342671275138855
YBR150C,YBR010W,0,0.6633373,0.31322208046913147,0.24278606474399567,0.05352676287293434
YLR040C,YGR279C,1,0.66320664,0.31410256028175354,0.24378108978271484,0.05352676287293434
YLR295C,YLR129W,0,0.6630535,0.3137003779411316,0.24378108978271484,0.05362681299448013
YJL200C,YBR010W,0,0.663027,0.3132992386817932,0.24378108978271484,0.053726863116025925
YLL012W,YJL082W,0,0.66200674,0.312899112701416,0.24378108978271484,0.053826913237571716
YLR410W-B,YEL030W,0,0.6618245,0.3125,0.24378108978271484,0.05392696335911751
YOR343W-B,YMR239C,0,0.6616228,0.31210190057754517,0.24378108978271484,0.0540270134806633
YHR143W,YLR194C,1,0.66137296,0.3129771053791046,0.24477611482143402,0.0540270134806633
YDL133C-A,YFR031C,0,0.660487,0.3125794231891632,0.24477611482143402,0.05412706360220909
YEL040W,YOR382W,1,0.66044134,0.31345176696777344,0.2457711398601532,0.05412706360220909
YAL033W,YER137C-A,0,0.66001046,0.31305450201034546,0.2457711398601532,0.05422711372375488
YKL053C-A,YPR043W,0,0.65894026,0.3126582205295563,0.2457711398601532,0.054327163845300674
YPL257W-B,YLR026C,0,0.6589273,0.31226295232772827,0.2457711398601532,0.054427213966846466
YCL074W,YLR278C,0,0.65862507,0.31186869740486145,0.2457711398601532,0.05452726408839226
YML032C,YPL257W-B,0,0.6581945,0.31147539615631104,0.2457711398601532,0.05462731420993805
YHR211W,YGR229C,0,0.65775645,0.3110831379890442,0.2457711398601532,0.05472736433148384
YIL094C,YPR001W,0,0.6576175,0.31069183349609375,0.2457711398601532,0.05482741445302963
YJL114W,YBL091C-A,0,0.65692294,0.3103015124797821,0.2457711398601532,0.054927464574575424
YOR142W-B,YLR009W,0,0.65682095,0.30991217494010925,0.2457711398601532,0.055027514696121216
YGL209W,YGR180C,0,0.6562689,0.3095238208770752,0.2457711398601532,0.05512756481766701
YBR125C,YPL093W,0,0.6562237,0.30913642048835754,0.2457711398601532,0.0552276149392128
YHR143W,YNR067C,1,0.65600306,0.3100000023841858,0.24676616489887238,0.0552276149392128
YOR142W-B,YDL047W,0,0.6558178,0.3096129894256592,0.24676616489887238,0.05532766506075859
YJR127C,YNL117W,0,0.6556751,0.309226930141449,0.24676616489887238,0.05542771518230438
YER145C,YBR093C,0,0.65566707,0.30884185433387756,0.24676616489887238,0.055527765303850174
YOR142W-B,YLR270W,0,0.6555937,0.30845770239830017,0.24676616489887238,0.055627815425395966
YOR099W,YNL052W,0,0.6555834,0.3080745339393616,0.24676616489887238,0.05572786554694176
YGL037C,YNR003C,0,0.6552448,0.3076923191547394,0.24676616489887238,0.05582791566848755
YPL187W,YNR067C,1,0.6549402,0.3085501790046692,0.24776118993759155,0.05582791566848755
YJR004C,YOR343W-B,0,0.6541244,0.30816832184791565,0.24776118993759155,0.05592796579003334
YCL014W,YML045W-A,0,0.65373474,0.30778738856315613,0.24776118993759155,0.056028012186288834
YGR161W-B,YHL027W,0,0.6532528,0.307407408952713,0.24776118993759155,0.056128062307834625
YNL138W,YBL092W,0,0.65312636,0.3070283532142639,0.24776118993759155,0.05622811242938042
YPR158C-C,YLR312W-A,0,0.65283024,0.3066502511501312,0.24776118993759155,0.05632816255092621
YGR109W-B,YEL031W,0,0.65234524,0.30627307295799255,0.24776118993759155,0.056428212672472
YBR042C,YKL085W,0,0.65228057,0.3058968186378479,0.24776118993759155,0.05652826279401779
YPR158C-C,YNL078W,0,0.6522438,0.3055214583873749,0.24776118993759155,0.05662831291556358
YPR196W,YPR149W,0,0.65218633,0.30514705181121826,0.24776118993759155,0.056728363037109375
YOR142W-B,YBL041W,0,0.65212035,0.30477356910705566,0.24776118993759155,0.05682841315865517
YBR093C,YMR008C,1,0.65199924,0.30562347173690796,0.24875621497631073,0.05682841315865517
YBR006W,YIL133C,0,0.65187216,0.3052503168582916,0.24875621497631073,0.05692846328020096
YJL214W,YLL017W,0,0.6517424,0.3048780560493469,0.24875621497631073,0.05702851340174675
YPL196W,YOR294W,0,0.6511944,0.30450668931007385,0.24875621497631073,0.05712856352329254
YOR304W,YNL284C-A,0,0.65105754,0.3041362464427948,0.24875621497631073,0.05722861364483833
YBR196C,YJR103W,0,0.6510413,0.3037666976451874,0.24875621497631073,0.057328663766384125
YHR056C,YKL186C,0,0.6509463,0.303398072719574,0.24875621497631073,0.057428713887929916
YOR343W-B,YJR026W,0,0.65042096,0.3030303120613098,0.24875621497631073,0.05752876400947571
YGR161W-B,YDL128W,0,0.6503156,0.3026634454727173,0.24875621497631073,0.0576288141310215
YDR261C-D,YDR498C,0,0.65017444,0.3022974729537964,0.24875621497631073,0.05772886425256729
YLR285W,YGL220W,0,0.6501239,0.30193236470222473,0.24875621497631073,0.05782891437411308
YPR137C-A,YPR162C,0,0.64988333,0.3015681505203247,0.24875621497631073,0.057928964495658875
YNL160W,YLR158C,1,0.64950687,0.30240964889526367,0.2497512400150299,0.057928964495658875
YNL079C,YFL002W-B,0,0.64895976,0.3020457327365875,0.2497512400150299,0.058029014617204666
YGL122C,YPL257W-B,0,0.64882135,0.3016826808452606,0.2497512400150299,0.05812906473875046
YGL068W,YJL187C,0,0.648658,0.30132052302360535,0.2497512400150299,0.05822911486029625
YGR161W-B,YDL078C,0,0.64857966,0.3009592294692993,0.2497512400150299,0.05832916498184204
YEL069C,YLR088W,0,0.6479958,0.30059880018234253,0.2497512400150299,0.05842921510338783
YOL103W-B,YPR152C,0,0.6479886,0.300239235162735,0.2497512400150299,0.058529265224933624
YDR527W,YMR159C,0,0.64755523,0.2998805344104767,0.2497512400150299,0.058629315346479416
YOR343W-B,YLR285W,0,0.6475274,0.29952266812324524,0.2497512400150299,0.05872936546802521
YPL257W-B,YPR043W,0,0.64745027,0.29916566610336304,0.2497512400150299,0.058829415589571
YJL187C,YMR114C,0,0.64714485,0.2988095283508301,0.2497512400150299,0.05892946571111679
YBR093C,YHR214W,1,0.64687735,0.29964327812194824,0.2507462799549103,0.05892946571111679
YMR319C,YNL147W,0,0.64659554,0.2992874085903168,0.2507462799549103,0.05902951583266258
YAL005C,YDL049C,1,0.6461813,0.300118625164032,0.25174129009246826,0.05902951583266258
YOR142W-B,YOR382W,0,0.6452034,0.299763023853302,0.25174129009246826,0.059129565954208374
YEL069C,YMR143W,0,0.64517695,0.29940828680992126,0.25174129009246826,0.059229616075754166
YDR453C,YBL028C,0,0.6448863,0.2990543842315674,0.25174129009246826,0.05932966619729996
YLR329W,YDR138W,0,0.644388,0.29870128631591797,0.25174129009246826,0.05942971631884575
YFL002W-B,YLR410W-B,0,0.6443799,0.2983490526676178,0.25174129009246826,0.05952976644039154
YPL134C,YHR058C,0,0.6443635,0.2979976534843445,0.25174129009246826,0.05962981656193733
YLR160C,YLR390W-A,1,0.6441564,0.2988235354423523,0.25273633003234863,0.05962981656193733
YHR047C,YPL257W-B,0,0.6440607,0.2984723746776581,0.25273633003234863,0.059729866683483124
YJR006W,YDR429C,0,0.6439976,0.2981220781803131,0.25273633003234863,0.059829916805028915
YDR261C-D,YMR301C,0,0.6439434,0.2977725565433502,0.25273633003234863,0.05992996320128441
YER137C-A,YNL238W,0,0.6435948,0.2974238991737366,0.25273633003234863,0.0600300133228302
YER137C-A,YDR461W,0,0.6430909,0.297076016664505,0.25273633003234863,0.06013006344437599
YGR144W,YER150W,0,0.64305776,0.2967289686203003,0.25273633003234863,0.06023011356592178
YOR317W,YIL076W,0,0.643014,0.29638272523880005,0.25273633003234863,0.060330163687467575
YOL103W-B,YML058W-A,0,0.6428203,0.2960372865200043,0.25273633003234863,0.06043021380901337
YDL121C,YPL257W-B,0,0.6427145,0.29569265246391296,0.25273633003234863,0.06053026393055916
YER014C-A,YDL084W,0,0.64271325,0.2953488230705261,0.25273633003234863,0.06063031405210495
YOR343W-B,YDL171C,0,0.6426737,0.29500579833984375,0.25273633003234863,0.06073036417365074
YMR182C,YNR072W,0,0.64267045,0.29466357827186584,0.25273633003234863,0.06083041429519653
YPL094C,YOR142W-A,0,0.64247686,0.29432213306427,0.25273633003234863,0.060930464416742325
YOR343W-B,YDL074C,0,0.64246863,0.29398149251937866,0.25273633003234863,0.061030514538288116
YLR440C,YPR159W,0,0.6420024,0.2936416268348694,0.25273633003234863,0.06113056465983391
YBR182C,YLR410W-B,0,0.6419957,0.2933025360107422,0.25273633003234863,0.0612306147813797
YOR142W-B,YOR251C,0,0.64196295,0.29296424984931946,0.25273633003234863,0.06133066490292549
YGR161W-B,YBR052C,0,0.64164907,0.2926267385482788,0.25273633003234863,0.06143071502447128
YOR389W,YBR301W,1,0.64164376,0.29344072937965393,0.2537313401699066,0.06143071502447128
YNL107W,YJL130C,0,0.64156944,0.2931034564971924,0.2537313401699066,0.061530765146017075
YOL103W-B,YPL007C,0,0.64142877,0.2927669286727905,0.2537313401699066,0.061630815267562866
YJR051W,YOR142W-A,0,0.64136857,0.29243120551109314,0.2537313401699066,0.06173086538910866
YDR378C,YLR410W-B,0,0.6413081,0.29209622740745544,0.2537313401699066,0.06183091551065445
YOR020C,YOL108C,0,0.6407504,0.29176202416419983,0.2537313401699066,0.06193096563220024
YOR142W-B,YDR451C,0,0.64061886,0.2914285659790039,0.2537313401699066,0.06203101575374603
YGR109W-B,YBL092W,0,0.64061236,0.29109588265419006,0.2537313401699066,0.062131065875291824
YLR410W-A,YLL012W,0,0.6404279,0.2907639741897583,0.2537313401699066,0.062231115996837616
YEL069C,YJL144W,0,0.64037704,0.29043281078338623,0.2537313401699066,0.06233116611838341
YLR110C,YLR194C,1,0.64030653,0.29124003648757935,0.254726380109787,0.06233116611838341
YJL085W,YDR261W-A,0,0.64006793,0.290909081697464,0.254726380109787,0.0624312162399292
YEL037C,YFL002W-B,0,0.64006674,0.2905789017677307,0.254726380109787,0.06253126263618469
YEL022W,YGR285C,0,0.639654,0.29024943709373474,0.254726380109787,0.06263131648302078
YLR410W-B,YKL094W,0,0.63914317,0.28992071747779846,0.254726380109787,0.06273136287927628
YOR310C,YFR021W,0,0.6391085,0.28959277272224426,0.254726380109787,0.06283141672611237
YDR492W,YDR403W,0,0.63849336,0.28926554322242737,0.254726380109787,0.06293146312236786
YDR164C,YOR142W-A,0,0.6384768,0.28893905878067017,0.254726380109787,0.06303151696920395
YOL103W-B,YPR187W,0,0.63832164,0.28861328959465027,0.254726380109787,0.06313156336545944
YGR279C,YBR078W,1,0.6382358,0.2894144058227539,0.25572139024734497,0.06313156336545944
YBL091C-A,YGL113W,0,0.6379663,0.2890888750553131,0.25572139024734497,0.06323161721229553
YGR161W-B,YDR281C,0,0.637945,0.2887640595436096,0.25572139024734497,0.06333166360855103
YKR056W,YDR261C-D,0,0.6378355,0.28843995928764343,0.25572139024734497,0.06343171745538712
YKL007W,YNL110C,0,0.637796,0.28811660408973694,0.25572139024734497,0.06353176385164261
YGR161W-B,YMR137C,0,0.6377222,0.28779396414756775,0.25572139024734497,0.0636318176984787
YOL103W-B,YDR403W,0,0.63766795,0.28747203946113586,0.25572139024734497,0.06373186409473419
YOR138C,YLR227W-B,0,0.6376362,0.2871508300304413,0.25572139024734497,0.06383191794157028
YIL015W,YOL011W,1,0.6374705,0.2879464328289032,0.25671643018722534,0.06383191794157028
YPR137C-A,YLR080W,0,0.6374201,0.28762543201446533,0.25671643018722534,0.06393196433782578
YPR158C-C,YJL082W,0,0.63722086,0.2873051166534424,0.25671643018722534,0.06403201818466187
YGR216C,YDR261C-D,0,0.63718563,0.2869855463504791,0.25671643018722534,0.06413206458091736
YGR161W-B,YDL028C,0,0.6371724,0.2866666615009308,0.25671643018722534,0.06423211842775345
YLR410W-B,YNL302C,0,0.63710976,0.28634849190711975,0.25671643018722534,0.06433216482400894
YPR158C-C,YER115C,0,0.63703346,0.286031037569046,0.25671643018722534,0.06443221867084503
YOR377W,YKL061W,0,0.6365498,0.2857142984867096,0.25671643018722534,0.06453226506710052
YGL186C,YLR227W-B,0,0.63616854,0.2853982448577881,0.25671643018722534,0.06463231891393661
YMR169C,YDR496C,0,0.63613594,0.2850828766822815,0.25671643018722534,0.06473236531019211
YCL024W,YIL170W,0,0.6360994,0.2847682237625122,0.25671643018722534,0.0648324191570282
YKL046C,YKL164C,1,0.6359876,0.2855567932128906,0.2577114403247833,0.0648324191570282
YDR261C-D,YKR028W,0,0.63571495,0.2852422893047333,0.2577114403247833,0.06493246555328369
YLR300W,YLR227W-B,0,0.63557106,0.28492850065231323,0.2577114403247833,0.06503251940011978
YDL029W,YLR295C,0,0.6353829,0.2846153974533081,0.2577114403247833,0.06513256579637527
YOL103W-B,YBR238C,0,0.6352623,0.2843029499053955,0.2577114403247833,0.06523261964321136
YML045W-A,YAR035W,0,0.6349427,0.2839912176132202,0.2577114403247833,0.06533266603946686
YJL066C,YOR142W-B,0,0.63477993,0.28368017077445984,0.2577114403247833,0.06543271988630295
YJL134W,YPL257W-B,0,0.63476634,0.2833698093891144,0.2577114403247833,0.06553276628255844
YPR026W,YPL257W-B,0,0.63464195,0.28306010365486145,0.2577114403247833,0.06563282012939453
YOR009W,YKR102W,1,0.6343092,0.2838428020477295,0.2587064802646637,0.06563282012939453
YOL124C,YBR145W,0,0.63403255,0.2835332751274109,0.2587064802646637,0.06573286652565002
YKL078W,YLR348C,0,0.63396174,0.2832244038581848,0.2587064802646637,0.06583291292190552
YGR145W,YER087C-B,0,0.633859,0.28291621804237366,0.2587064802646637,0.06593296676874161
YNL085W,YDR261C-D,0,0.6337496,0.28260868787765503,0.2587064802646637,0.0660330131649971
YLR410W-B,YEL070W,0,0.63343376,0.2823018431663513,0.2587064802646637,0.06613306701183319
YNL284C-A,YML006C,0,0.63330513,0.28199565410614014,0.2587064802646637,0.06623311340808868
YDL054C,YDR261C-D,0,0.6331559,0.28169015049934387,0.2587064802646637,0.06633316725492477
YDL083C,YFL017W-A,0,0.63249546,0.28138527274131775,0.2587064802646637,0.06643321365118027
YNR021W,YNL202W,0,0.6324745,0.28108108043670654,0.2587064802646637,0.06653326749801636
YLR227W-B,YOL054W,0,0.63244945,0.28077754378318787,0.2587064802646637,0.06663331389427185
YDL133C-A,YOR317W,0,0.6323168,0.2804746627807617,0.2587064802646637,0.06673336774110794
YDR457W,YER137C-A,0,0.63216233,0.2801724076271057,0.2587064802646637,0.06683341413736343
YOR142W-B,YBR026C,0,0.63190556,0.2798708379268646,0.2587064802646637,0.06693346798419952
YEL040W,YCL003W,0,0.6316731,0.2795698940753937,0.2587064802646637,0.06703351438045502
YLR029C,YCR055C,0,0.6315493,0.27926960587501526,0.2587064802646637,0.06713356822729111
YLR391W,YGR189C,1,0.6314646,0.2800429165363312,0.2597014904022217,0.06713356822729111
YDR261C-D,YGR134W,0,0.63116866,0.2797427773475647,0.2597014904022217,0.0672336146235466
YLR391W,YMR008C,1,0.6311152,0.2805139124393463,0.26069653034210205,0.0672336146235466
YJR149W,YBR294W,0,0.63102,0.2802138924598694,0.26069653034210205,0.06733366847038269
YPL257W-B,YDL148C,0,0.6309991,0.279914528131485,0.26069653034210205,0.06743371486663818
YCR055C,YIL133C,0,0.63050187,0.2796157896518707,0.26069653034210205,0.06753376871347427
YLR391W,YBR078W,1,0.63041633,0.28038379549980164,0.26169154047966003,0.06753376871347427
YGL046W,YGL019W,0,0.63040817,0.2800852060317993,0.26169154047966003,0.06763381510972977
YLR391W,YLL024C,1,0.6303418,0.2808510661125183,0.2626865804195404,0.06763381510972977
YPL134C,YML045W-A,0,0.63008106,0.28055259585380554,0.2626865804195404,0.06773386895656586
YJR150C,YOR383C,1,0.6299019,0.281316339969635,0.2636815905570984,0.06773386895656586
YOL142W,YDR261W-A,0,0.6298595,0.2810180187225342,0.2636815905570984,0.06783391535282135
YKL090W,YPL223C,0,0.62924767,0.2807203531265259,0.2636815905570984,0.06793396919965744
YPR137C-A,YMR295C,0,0.62924045,0.28042328357696533,0.2636815905570984,0.06803401559591293
YLR391W,YLR040C,1,0.62908465,0.2811839282512665,0.26467663049697876,0.06803401559591293
YMR019W,YDL083C,0,0.62903816,0.28088700771331787,0.26467663049697876,0.06813406944274902
YNL182C,YBL092W,0,0.6286704,0.2805907130241394,0.26467663049697876,0.06823411583900452
YGR180C,YLR391W,0,0.62864906,0.2802950441837311,0.26467663049697876,0.0683341696858406
YLR047C,YPL257W-B,0,0.6284022,0.2800000011920929,0.26467663049697876,0.0684342160820961
YEL036C,YGL046W,0,0.62836546,0.27970558404922485,0.26467663049697876,0.06853426992893219
YPL257W-B,YGR246C,0,0.6283596,0.27941176295280457,0.26467663049697876,0.06863431632518768
YKL097W-A,YAR031W,0,0.62833965,0.2791185677051544,0.26467663049697876,0.06873437017202377
YPL200W,YDR261W-A,0,0.6281678,0.2788259983062744,0.26467663049697876,0.06883441656827927
YNL274C,YLR391W,0,0.6278853,0.27853402495384216,0.26467663049697876,0.06893447041511536
YPL134C,YNL284C-A,0,0.6277656,0.27824267745018005,0.26467663049697876,0.06903451681137085
YOR382W,YJL174W,1,0.62769264,0.27899685502052307,0.26567164063453674,0.06903451681137085
YDR210C-C,YOL040C,0,0.62736607,0.2787056267261505,0.26567164063453674,0.06913457065820694
YLR286C,YAR066W,1,0.6273002,0.27945777773857117,0.2666666805744171,0.06913457065820694
YOR142W-B,YFR052W,0,0.62716657,0.27916666865348816,0.2666666805744171,0.06923461705446243
YDR222W,YDR281C,0,0.62708163,0.2788761854171753,0.2666666805744171,0.06933467090129852
YNL283C,YLR256W-A,0,0.6270593,0.2785862684249878,0.2666666805744171,0.06943471729755402
YPR144C,YFL002W-B,0,0.6269277,0.27829697728157043,0.2666666805744171,0.06953476369380951
YGR285C,YNL070W,0,0.62684983,0.2780083119869232,0.2666666805744171,0.0696348175406456
YHR029C,YPL274W,0,0.62665766,0.27772021293640137,0.2666666805744171,0.06973486393690109
YKL200C,YNL283C,0,0.626587,0.27743270993232727,0.2666666805744171,0.06983491778373718
YBR247C,YCR080W,0,0.62653565,0.2771458029747009,0.2666666805744171,0.06993496417999268
YDR310C,YML045W-A,0,0.62647,0.27685949206352234,0.2666666805744171,0.07003501802682877
YOL103W-B,YGR169C,0,0.62640697,0.2765737771987915,0.2666666805744171,0.07013506442308426
YNL302C,YGL046W,0,0.62640256,0.2762886583805084,0.2666666805744171,0.07023511826992035
YNL202W,YGL226C-A,0,0.62637275,0.2760041058063507,0.2666666805744171,0.07033516466617584
YLL061W,YIL017W,0,0.6261466,0.27572017908096313,0.2666666805744171,0.07043521851301193
YCL074W,YPR187W,0,0.6260871,0.27543678879737854,0.2666666805744171,0.07053526490926743
YCL043C,YDL227C,0,0.6259343,0.2751539945602417,0.2666666805744171,0.07063531875610352
YDR261C-D,YKL082C,0,0.6259168,0.2748717963695526,0.2666666805744171,0.07073536515235901
YCR011C,YLR391W,0,0.6258403,0.2745901644229889,0.2666666805744171,0.0708354189991951
YER150W,YOR377W,0,0.6258087,0.27430909872055054,0.2666666805744171,0.07093546539545059
YBR282W,YDL208W,0,0.6257144,0.27402862906455994,0.2666666805744171,0.07103551924228668
YCL060C,YDR226W,0,0.6253677,0.2737487256526947,0.2666666805744171,0.07113556563854218
YOR388C,YAL029C,0,0.62534696,0.27346938848495483,0.2666666805744171,0.07123561948537827
YNL095C,YML045W-A,0,0.62502533,0.27319061756134033,0.2666666805744171,0.07133566588163376
YER137C-A,YPL208W,0,0.62486064,0.2729124128818512,0.2666666805744171,0.07143571972846985
YJL024C,YKL085W,0,0.62473136,0.2726348042488098,0.2666666805744171,0.07153576612472534
YAL024C,YCR097WB,0,0.6247067,0.2723577320575714,0.2666666805744171,0.07163581997156143
YJR070C,YDR261W-A,0,0.6246039,0.2720812261104584,0.2666666805744171,0.07173586636781693
YCL060C,YGL051W,0,0.6245893,0.2718052864074707,0.2666666805744171,0.07183592021465302
YNL322C,YKL158W,1,0.62451917,0.2725430727005005,0.2676616907119751,0.07183592021465302
YGR109W-B,YNL080C,0,0.62450594,0.2722671926021576,0.2676616907119751,0.07193596661090851
YFL014W,YPL208W,0,0.6242618,0.27199190855026245,0.2676616907119751,0.0720360204577446
YPR158C-C,YJR036C,0,0.62409055,0.2717171609401703,0.2676616907119751,0.07213606685400009
YBR275C,YLR227W-B,0,0.6240638,0.2714429795742035,0.2676616907119751,0.07223612070083618
YGR109W-B,YPL259C,0,0.6240358,0.27116936445236206,0.2676616907119751,0.07233616709709167
YGR252W,YER055C,0,0.6239789,0.2708962857723236,0.2676616907119751,0.07243622094392776
YLR391W,YJR153W,1,0.6239592,0.27162978053092957,0.26865673065185547,0.07243622094392776
YBL113C,YCR055C,0,0.6239131,0.2713567912578583,0.26865673065185547,0.07253626734018326
YPR158C-C,YJL112W,0,0.6238633,0.27108433842658997,0.26865673065185547,0.07263632118701935
YIL046W,YGL046W,0,0.62345344,0.270812451839447,0.26865673065185547,0.07273636758327484
YDR079W,YJL130C,0,0.6233876,0.27054107189178467,0.26865673065185547,0.07283642143011093
YEL052W,YOL136C,0,0.6233191,0.2702702581882477,0.26865673065185547,0.07293646782636642
YNL322C,YCR089W,1,0.62327117,0.2709999978542328,0.26965174078941345,0.07293646782636642
YBR075W,YJR103W,0,0.6230298,0.27072927355766296,0.26965174078941345,0.07303652167320251
YKL096W-A,YKR102W,1,0.6229375,0.27145707607269287,0.2706467807292938,0.07303652167320251
YML045W-A,YDR081C,0,0.6227957,0.2711864411830902,0.2706467807292938,0.07313656806945801
YPR137C-A,YKR020W,0,0.6227898,0.2709163427352905,0.2706467807292938,0.0732366219162941
YOR388C,YNL284C-A,0,0.62268907,0.2706467807292938,0.2706467807292938,0.07333666831254959
YMR032W,YLR026C,0,0.6225831,0.2703777253627777,0.2706467807292938,0.07343671470880508
YGR161W-B,YMR194W,0,0.6223133,0.27010923624038696,0.2706467807292938,0.07353676855564117
YOR142W-A,YNL238W,0,0.6222468,0.2698412835597992,0.2706467807292938,0.07363681495189667
YLR452C,YML058W-A,0,0.6220408,0.269573837518692,0.2706467807292938,0.07373686879873276
YOR247W,YLR391W,1,0.6218889,0.27029702067375183,0.2716417908668518,0.07373686879873276
YMR186W,YCR097WB,0,0.62168235,0.2700296640396118,0.2716417908668518,0.07383691519498825
YBR261C,YCL003W,0,0.6213582,0.2697628438472748,0.2716417908668518,0.07393696904182434
YGL046W,YLR026C,0,0.6213085,0.26949653029441833,0.2716417908668518,0.07403701543807983
YLR110C,YKL158W,1,0.6212568,0.2702169716358185,0.2726368308067322,0.07403701543807983
YNL145W,YLR042C,1,0.62123376,0.27093595266342163,0.27363184094429016,0.07403701543807983
YDR498C,YLR227W-B,0,0.621016,0.27066928148269653,0.27363184094429016,0.07413706928491592
YPR113W,YBR120C,0,0.6209354,0.2704031467437744,0.27363184094429016,0.07423711568117142
YMR117C,YNL175C,0,0.62088245,0.2701375186443329,0.27363184094429016,0.07433716952800751
YLR040C,YOR382W,1,0.62081367,0.27085378766059875,0.27462685108184814,0.07433716952800751
YML045W-A,YOR098C,0,0.62075794,0.2705882489681244,0.27462685108184814,0.074437215924263
YBR183W,YOR343W-B,0,0.6207548,0.2703232169151306,0.27462685108184814,0.07453726977109909
YLR110C,YKL097W-A,1,0.62071973,0.27103719115257263,0.2756218910217285,0.07453726977109909
YLR391W,YNR067C,1,0.6202035,0.2717497646808624,0.2766169011592865,0.07453726977109909
YIL088C,YML045W-A,0,0.6200513,0.271484375,0.2766169011592865,0.07463731616735458
YCL074W,YDR261W-A,0,0.6200248,0.27121952176094055,0.2766169011592865,0.07473737001419067
YIL017W,YJL082W,0,0.6199861,0.2709551751613617,0.2766169011592865,0.07483741641044617
YKL097W-A,YFL013C,0,0.61986256,0.2706913352012634,0.2766169011592865,0.07493747025728226
YLR270W,YGL046W,0,0.61960226,0.27042800188064575,0.2766169011592865,0.07503751665353775
YPR158C-C,YOR311C,0,0.61955756,0.27016520500183105,0.2766169011592865,0.07513757050037384
YKL158W,YDL049C,1,0.6195202,0.2708737850189209,0.27761194109916687,0.07513757050037384
YLR452C,YKL097W-A,0,0.61946017,0.270611047744751,0.27761194109916687,0.07523761689662933
YDR261W-A,YER104W,0,0.6194154,0.27034884691238403,0.27761194109916687,0.07533767074346542
YLR391W,YJR151C,1,0.6193078,0.2710551917552948,0.27860695123672485,0.07533767074346542
YPR144C,YDR453C,0,0.619134,0.27079305052757263,0.27860695123672485,0.07543771713972092
YPR158C-C,YKR020W,0,0.61911196,0.27053138613700867,0.27860695123672485,0.075537770986557
YOR388C,YJL071W,0,0.6190385,0.2702702581882477,0.27860695123672485,0.0756378173828125
YOL103W-B,YDR373W,0,0.61882657,0.2700096368789673,0.27860695123672485,0.07573787122964859
YNL117W,YDR261W-A,0,0.6187321,0.2697495222091675,0.27860695123672485,0.07583791762590408
YOR142W-A,YKL201C,0,0.6186692,0.2694898843765259,0.27860695123672485,0.07593797147274017
YLR330W,YLR391W,0,0.6186133,0.26923078298568726,0.27860695123672485,0.07603801786899567
YPL213W,YAL038W,0,0.61846393,0.26897212862968445,0.27860695123672485,0.07613807171583176
YIL035C,YLR391W,0,0.61840767,0.2687140107154846,0.27860695123672485,0.07623811811208725
YNL147W,YDR261C-D,0,0.61830896,0.268456369638443,0.27860695123672485,0.07633817195892334
YOL103W-B,YKR071C,0,0.6180032,0.26819923520088196,0.27860695123672485,0.07643821835517883
YOL155C,YML109W,0,0.61797285,0.2679425776004791,0.27860695123672485,0.07653827220201492
YBR020W,YMR319C,0,0.617876,0.2676864266395569,0.27860695123672485,0.07663831859827042
YLR197W,YJL053W,0,0.6178686,0.26743075251579285,0.27860695123672485,0.0767383724451065
YJR138W,YDR218C,0,0.6178636,0.2671755850315094,0.27860695123672485,0.076838418841362
YFR021W,YDR226W,0,0.61762637,0.26692086458206177,0.27860695123672485,0.07693847268819809
YDL179W,YPL082C,0,0.6173765,0.2666666805744171,0.27860695123672485,0.07703851908445358
YLR182W,YIL017W,0,0.617282,0.2664129436016083,0.27860695123672485,0.07713857293128967
YKL158W,YOR010C,1,0.6171364,0.26711025834083557,0.2796019911766052,0.07713857293128967
YCL074W,YBR260C,0,0.6171295,0.2668566107749939,0.2796019911766052,0.07723861932754517
YML045W-A,YKR044W,0,0.61700946,0.26660341024398804,0.2796019911766052,0.07733866572380066
YGR070W,YER087C-B,0,0.6169161,0.26635071635246277,0.2796019911766052,0.07743871957063675
YMR117C,YNL284C-A,0,0.61689544,0.2660984992980957,0.2796019911766052,0.07753876596689224
YDR310C,YCL026C-B,0,0.61687547,0.26584672927856445,0.2796019911766052,0.07763881981372833
YGR169C,YLR391W,0,0.6167798,0.2655954658985138,0.2796019911766052,0.07773886620998383
YBR075W,YPL259C,0,0.61664385,0.26534467935562134,0.2796019911766052,0.07783892005681992
YLR244C,YOL028C,0,0.6165497,0.2650943398475647,0.2796019911766052,0.07793896645307541
YNL066W,YJL158C,1,0.6163472,0.2657870054244995,0.2805970013141632,0.07793896645307541
YBL101W-B,YKL165C,0,0.6162664,0.26553672552108765,0.2805970013141632,0.0780390202999115
YPL123C,YIL015W,1,0.61621934,0.266227662563324,0.2815920412540436,0.0780390202999115
YNL284C-A,YOL090W,0,0.61610174,0.2659774422645569,0.2815920412540436,0.07813906669616699
YOR142W,YFL035C,0,0.6160548,0.265727698802948,0.2815920412540436,0.07823912054300308
YML045W-A,YNL121C,0,0.6159225,0.2654784321784973,0.2815920412540436,0.07833916693925858
YDR534C,YKL158W,1,0.6159207,0.2661668360233307,0.28258705139160156,0.07833916693925858
YOR142W-A,YPL208W,0,0.6157085,0.2659175992012024,0.28258705139160156,0.07843922078609467
YKL082C,YCR097WB,0,0.6156791,0.2656688392162323,0.28258705139160156,0.07853926718235016
YOR388C,YNR004W,0,0.6155572,0.2654205560684204,0.28258705139160156,0.07863932102918625
YDR261C-D,YHR079C,0,0.61533934,0.2651727497577667,0.28258705139160156,0.07873936742544174
YJR026W,YCL060C,0,0.6152857,0.26492536067962646,0.28258705139160156,0.07883942127227783
YDR261C-D,YGR027C,0,0.6152647,0.2646784782409668,0.28258705139160156,0.07893946766853333
YPL139C,YMR229C,0,0.6152384,0.26443204283714294,0.28258705139160156,0.07903952151536942
YNL284C-A,YGL037C,0,0.6150843,0.2641860544681549,0.28258705139160156,0.07913956791162491
YKL200C,YPL099C,0,0.6150617,0.2639405131340027,0.28258705139160156,0.079239621758461
YIL088C,YLR391W,0,0.61493677,0.26369544863700867,0.28258705139160156,0.07933966815471649
YPR137C-A,YPL104W,0,0.61482865,0.26345083117485046,0.28258705139160156,0.07943972200155258
YPR158C-C,YKL205W,0,0.6148164,0.2632066607475281,0.28258705139160156,0.07953976839780807
YGR109W-B,YHR119W,0,0.6146806,0.2629629671573639,0.28258705139160156,0.07963982224464417
YOR206W,YOR142W-A,0,0.6146684,0.26271969079971313,0.28258705139160156,0.07973986864089966
YLR410W-B,YIR005W,0,0.6144617,0.2624768912792206,0.28258705139160156,0.07983992248773575
YKL200C,YLL034C,0,0.6144191,0.26223453879356384,0.28258705139160156,0.07993996888399124
YMR182C,YOR138C,0,0.614408,0.2619926333427429,0.28258705139160156,0.08004002273082733
YPR137C-A,YKL124W,0,0.6143063,0.2617511451244354,0.28258705139160156,0.08014006912708282
YPL134C,YIL017W,0,0.614122,0.26151013374328613,0.28258705139160156,0.08024012297391891
YOR145C,YFL035C,0,0.614055,0.26126953959465027,0.28258705139160156,0.08034016937017441
YOL103W-B,YNR003C,0,0.6137957,0.2610294222831726,0.28258705139160156,0.0804402232170105
YER087W,YCR055C,0,0.6135451,0.2607897222042084,0.28258705139160156,0.08054026961326599
YCL018W,YCL003W,0,0.613509,0.26055046916007996,0.28258705139160156,0.08064032346010208
YGR161W-B,YBR257W,0,0.61345994,0.26031163334846497,0.28258705139160156,0.08074036985635757
YOL028C,YCL003W,0,0.6134415,0.2600732743740082,0.28258705139160156,0.08084042370319366
YIL002C,YML045W-A,0,0.61335,0.25983530282974243,0.28258705139160156,0.08094047009944916
YOL045W,YKL200C,0,0.61321133,0.2595978081226349,0.28258705139160156,0.08104052394628525
YML045W-A,YAR031W,0,0.6130598,0.25936073064804077,0.28258705139160156,0.08114057034254074
YKL158W,YDR461W,1,0.6130345,0.26003649830818176,0.28358209133148193,0.08114057034254074
YBR026C,YLR391W,0,0.6127793,0.25979945063591003,0.28358209133148193,0.08124061673879623
YFR013W,YOR142W-A,0,0.6126742,0.2595628499984741,0.28358209133148193,0.08134067058563232
YDR211W,YML045W-A,0,0.6125708,0.25932666659355164,0.28358209133148193,0.08144071698188782
YKL158W,YLR194C,1,0.6125662,0.25999999046325684,0.2845771014690399,0.08144071698188782
YDR261C-D,YJL004C,0,0.6125003,0.25976383686065674,0.2845771014690399,0.08154077082872391
YPL129W,YHR039C-A,0,0.6124975,0.25952813029289246,0.2845771014690399,0.0816408172249794
YIR005W,YER087C-B,0,0.61236256,0.2592928409576416,0.2845771014690399,0.08174087107181549
YGR109W-B,YDR131C,0,0.6122784,0.2590579688549042,0.2845771014690399,0.08184091746807098
YNL160W,YBR075W,0,0.6122385,0.25882354378700256,0.2845771014690399,0.08194097131490707
YLR155C,YOR010C,1,0.61219114,0.2594936788082123,0.2855721414089203,0.08194097131490707
YCR080W,YBR129C,0,0.61206865,0.25925925374031067,0.2855721414089203,0.08204101771116257
YPR158C-C,YMR179W,0,0.61191624,0.2590252757072449,0.2855721414089203,0.08214107155799866
YEL052W,YPR137C-A,0,0.6118053,0.2587917149066925,0.2855721414089203,0.08224111795425415
YBR075W,YHR058C,0,0.611432,0.25855857133865356,0.2855721414089203,0.08234117180109024
YFL035C,YHR135C,0,0.61131847,0.25832584500312805,0.2855721414089203,0.08244121819734573
YPL119C,YMR025W,0,0.61113286,0.25809353590011597,0.2855721414089203,0.08254127204418182
YDR499W,YCR097WB,0,0.6108335,0.2578616440296173,0.2855721414089203,0.08264131844043732
YIL088C,YBR075W,0,0.610815,0.2576301693916321,0.2855721414089203,0.08274137228727341
YLR410W-A,YNL070W,0,0.61070126,0.2573991119861603,0.2855721414089203,0.0828414186835289
YOR239W,YLR391W,0,0.6104165,0.2571684718132019,0.2855721414089203,0.08294147253036499
YMR039C,YML045W-A,0,0.6103254,0.25693821907043457,0.2855721414089203,0.08304151892662048
YKL090W,YPR158C-C,0,0.6100927,0.25670841336250305,0.2855721414089203,0.08314157277345657
YGR109W-B,YLL003W,0,0.61008525,0.2564789950847626,0.2855721414089203,0.08324161916971207
YPR080W,YDL035C,0,0.6098776,0.2562499940395355,0.2855721414089203,0.08334167301654816
YKL097W-A,YMR238W,1,0.609804,0.2569134831428528,0.28656715154647827,0.08334167301654816
YKL200C,YDL216C,0,0.60966724,0.25668448209762573,0.28656715154647827,0.08344171941280365
YML112W,YLR256W-A,0,0.609639,0.2564559280872345,0.28656715154647827,0.08354177325963974
YLR452C,YPR133W-A,0,0.6095903,0.2562277615070343,0.28656715154647827,0.08364181965589523
YLR391W,YJR004C,1,0.60956323,0.25688889622688293,0.28756219148635864,0.08364181965589523
YPR158C-C,YKL061W,0,0.6093933,0.2566607594490051,0.28756219148635864,0.08374187350273132
YER154W,YCR080W,0,0.6092579,0.25643301010131836,0.28756219148635864,0.08384191989898682
YBL101W-B,YPR001W,0,0.6091568,0.256205677986145,0.28756219148635864,0.0839419737458229
YCR080W,YGL019W,0,0.6091439,0.2559787333011627,0.28756219148635864,0.0840420201420784
YML058W-A,YBR276C,0,0.6091281,0.25575220584869385,0.28756219148635864,0.08414207398891449
YGR144W,YNL232W,0,0.6089321,0.2555260956287384,0.28756219148635864,0.08424212038516998
YLR256W-A,YKL015W,0,0.60889786,0.2553003430366516,0.28756219148635864,0.08434217423200607
YPR121W,YNR044W,1,0.608641,0.25595763325691223,0.2885572016239166,0.08434217423200607
YKL009W,YMR008C,0,0.6086108,0.2557319104671478,0.2885572016239166,0.08444222062826157
YHL012W,YNL284C-A,0,0.60856503,0.25550660490989685,0.2885572016239166,0.08454227447509766
YPR158C-C,YOR168W,0,0.6083743,0.2552816867828369,0.2885572016239166,0.08464232087135315
YKL165C,YCL003W,0,0.6082315,0.255057156085968,0.2885572016239166,0.08474237471818924
YKL078W,YLR151C,0,0.6081825,0.25483304262161255,0.2885572016239166,0.08484242111444473
YJL011C,YDR210C-C,0,0.6081777,0.2546093165874481,0.2885572016239166,0.08494246751070023
YIL142W,YDR210C-C,0,0.6080925,0.25438597798347473,0.2885572016239166,0.08504252135753632
YJL078C,YBR078W,1,0.60791415,0.2550394535064697,0.289552241563797,0.08504252135753632
YOR142W-A,YJR133W,0,0.60780615,0.25481611490249634,0.289552241563797,0.08514256775379181
YLR130C,YGL046W,0,0.6077962,0.254593163728714,0.289552241563797,0.0852426216006279
YPR144C,YKL097W-A,0,0.60775924,0.25437062978744507,0.289552241563797,0.08534266799688339
YER087W,YCL003W,0,0.60769767,0.2541484832763672,0.289552241563797,0.08544272184371948
YDR371W,YFL035C,0,0.60765636,0.25392669439315796,0.289552241563797,0.08554276823997498
YMR169C,YLR227W-B,0,0.6075771,0.25370532274246216,0.289552241563797,0.08564282208681107
YOR126C,YBR093C,0,0.6071601,0.253484308719635,0.289552241563797,0.08574286848306656
YOL103W-B,YOR215C,0,0.60695,0.2532637119293213,0.289552241563797,0.08584292232990265
YLR037C,YKL158W,1,0.6068693,0.2539130449295044,0.290547251701355,0.08584292232990265
YBR093C,YOR010C,1,0.60680884,0.25456124544143677,0.29154229164123535,0.08584292232990265
YMR038C,YLR073C,0,0.60680103,0.2543402910232544,0.29154229164123535,0.08594296872615814
YGR167W,YBR075W,0,0.606618,0.2541196942329407,0.29154229164123535,0.08604302257299423
YMR241W,YCR097WB,0,0.6065846,0.253899484872818,0.29154229164123535,0.08614306896924973
YPL200W,YIR038C,0,0.6065377,0.25367966294288635,0.29154229164123535,0.08624312281608582
YOL155C,YKL097W-A,1,0.60653496,0.254325270652771,0.29253730177879333,0.08624312281608582
YDR416W,YCR097WB,0,0.6064817,0.25410544872283936,0.29253730177879333,0.08634316921234131
YOL026C,YKL097W-A,0,0.60632527,0.25388601422309875,0.29253730177879333,0.0864432230591774
YCR080W,YGL113W,0,0.6062804,0.2536669671535492,0.29253730177879333,0.08654326945543289
YKL200C,YKL206C,0,0.60626906,0.2534482777118683,0.29253730177879333,0.08664332330226898
YLR157C,YNL052W,0,0.60626364,0.2532299757003784,0.29253730177879333,0.08674336969852448
YJL225C,YBL101W-B,0,0.6062538,0.2530120611190796,0.29253730177879333,0.08684342354536057
YGL162W,YKL097W-A,0,0.6061818,0.2527945041656494,0.29253730177879333,0.08694346994161606
YNL284C-A,YPL218W,0,0.60615957,0.2525773048400879,0.29253730177879333,0.08704352378845215
YLR256W-A,YPR198W,0,0.6061023,0.2523605227470398,0.29253730177879333,0.08714357018470764
YDR167W,YDR261C-D,0,0.60609674,0.25214406847953796,0.29253730177879333,0.08724362403154373
YJR070C,YCL060C,0,0.60606784,0.25192803144454956,0.29253730177879333,0.08734367042779922
YLR157C,YKL158W,1,0.6060427,0.25256848335266113,0.2935323417186737,0.08734367042779922
YDR210C-C,YMR246W,0,0.60603434,0.25235244631767273,0.2935323417186737,0.08744372427463531
YOL103W-B,YGR145W,0,0.60595983,0.252136766910553,0.2935323417186737,0.08754377067089081
YPR137C-A,YHR085W,0,0.6059182,0.2519214451313019,0.2935323417186737,0.0876438245177269
YJL158C,YKL158W,1,0.6059111,0.25255972146987915,0.2945273518562317,0.0876438245177269
YNL284C-A,YMR179W,0,0.6058871,0.25234442949295044,0.2945273518562317,0.08774387091398239
YHR175W,YCR080W,0,0.60567033,0.252129465341568,0.2945273518562317,0.08784392476081848
YGL037C,YFL035C,0,0.6056548,0.2519148886203766,0.2945273518562317,0.08794397115707397
YBR278W,YPL257W-B,0,0.60559446,0.25170066952705383,0.2945273518562317,0.08804402500391006
YGR282C,YDR210C-C,0,0.6055806,0.2514868378639221,0.2945273518562317,0.08814407140016556
YGR052W,YNL230C,0,0.60533637,0.25127333402633667,0.2945273518562317,0.08824412524700165
YMR025W,YKL097W-A,0,0.6051919,0.25106021761894226,0.2945273518562317,0.08834417164325714
YML045W-A,YNR015W,0,0.6049523,0.2508474588394165,0.2945273518562317,0.08844422549009323
YBL101W-B,YBR075W,0,0.60494345,0.2506350576877594,0.2945273518562317,0.08854427188634872
YBL101W-B,YOL040C,0,0.6048363,0.25042301416397095,0.2945273518562317,0.08864432573318481
YPL151C,YPR158C-C,0,0.60483044,0.25021132826805115,0.2945273518562317,0.08874437212944031
YGR171C,YCL060C,0,0.60480756,0.25,0.2945273518562317,0.0888444185256958
YGR221C,YDR210C-C,0,0.6047921,0.2497890293598175,0.2945273518562317,0.08894447237253189
YBR247C,YCL060C,0,0.60476005,0.24957841634750366,0.2945273518562317,0.08904451876878738
YCR097WB,YER115C,0,0.604645,0.24936816096305847,0.2945273518562317,0.08914457261562347
YDR210C-C,YER154W,0,0.604595,0.24915824830532074,0.2945273518562317,0.08924461901187897
YIL108W,YLR141W,0,0.60455656,0.24894869327545166,0.2945273518562317,0.08934467285871506
YKL200C,YPR002W,0,0.6042689,0.24873949587345123,0.2945273518562317,0.08944471925497055
YJR004C,YOR190W,1,0.6042259,0.249370276927948,0.29552239179611206,0.08944471925497055
YDR210C-C,YOR226C,0,0.60420793,0.24916107952594757,0.29552239179611206,0.08954477310180664
YOR142W-B,YOR126C,0,0.60418546,0.2489522248506546,0.29552239179611206,0.08964481949806213
YGR109W-B,YLR103C,0,0.60402036,0.2487437129020691,0.29552239179611206,0.08974487334489822
YKL164C,YKL097W-A,1,0.60398966,0.24937237799167633,0.29651740193367004,0.08974487334489822
YJR119C,YCR080W,0,0.60384375,0.24916388094425201,0.29651740193367004,0.08984491974115372
YLR165C,YBR031W,0,0.6037987,0.24895572662353516,0.29651740193367004,0.08994497358798981
YOR237W,YLR141W,0,0.6034912,0.24874791502952576,0.29651740193367004,0.0900450199842453
YDR090C,YNL284C-A,0,0.6033771,0.24854044616222382,0.29651740193367004,0.09014507383108139
YEL040W,YCR055C,0,0.60315007,0.24833333492279053,0.29651740193367004,0.09024512022733688
YJL079C,YKR102W,1,0.6031419,0.24895919859409332,0.2975124418735504,0.09024512022733688
YNL172W,YDR261C-D,0,0.6031328,0.24875207245349884,0.2975124418735504,0.09034517407417297
YPL123C,YIL011W,1,0.6029162,0.2493765652179718,0.2985074520111084,0.09034517407417297
YDL208W,YPR133W-A,0,0.6027663,0.24916943907737732,0.2985074520111084,0.09044522047042847
YLR256W-A,YOR089C,0,0.60261244,0.2489626556634903,0.2985074520111084,0.09054527431726456
YEL041W,YCR055C,0,0.60248727,0.24875621497631073,0.2985074520111084,0.09064532071352005
YJL160C,YKL097W-A,1,0.60245425,0.24937862157821655,0.29950249195098877,0.09064532071352005
YOR317W,YPL252C,0,0.6023916,0.249172180891037,0.29950249195098877,0.09074537456035614
YCR080W,YNR010W,0,0.60232157,0.24896608293056488,0.29950249195098877,0.09084542095661163
YAL060W,YDR072C,0,0.6022331,0.24876032769680023,0.29950249195098877,0.09094547480344772
YLR300W,YKL097W-A,1,0.60222936,0.2493806779384613,0.30049750208854675,0.09094547480344772
YPR200C,YGR171C,0,0.60212916,0.24917492270469666,0.30049750208854675,0.09104552119970322
YIL017W,YNR072W,0,0.601849,0.24896949529647827,0.30049750208854675,0.0911455750465393
YDR476C,YPR152C,0,0.6018402,0.24876441061496735,0.30049750208854675,0.0912456214427948
YGL237C,YDR210C-C,0,0.6018391,0.24855966866016388,0.30049750208854675,0.09134567528963089
YKL097W-A,YKR013W,1,0.6017442,0.24917763471603394,0.3014925420284271,0.09134567528963089
YBR075W,YJR063W,0,0.6015551,0.24897287786006927,0.3014925420284271,0.09144572168588638
YMR179W,YCL060C,0,0.6014733,0.24876847863197327,0.3014925420284271,0.09154577553272247
YGR264C,YLR256W-A,0,0.6014394,0.24856439232826233,0.3014925420284271,0.09164582192897797
YJL166W,YER130C,0,0.6013766,0.24836064875125885,0.3014925420284271,0.09174587577581406
YDL245C,YCR080W,0,0.6012243,0.24815724790096283,0.3014925420284271,0.09184592217206955
YBR067C,YLR348C,0,0.6008342,0.24795417487621307,0.3014925420284271,0.09194597601890564
YPR158C-C,YPL113C,0,0.6008239,0.24775142967700958,0.3014925420284271,0.09204602241516113
YOR206W,YPR035W,0,0.6007507,0.24754901230335236,0.3014925420284271,0.09214607626199722
YOR389W,YKL158W,1,0.6007162,0.24816326797008514,0.3024875521659851,0.09214607626199722
YLR286C,YKL158W,1,0.6006351,0.24877651035785675,0.3034825921058655,0.09214607626199722
YKL061W,YML045W-A,0,0.6002427,0.24857375025749207,0.3034825921058655,0.09224612265825272
YPR137C-A,YMR301C,0,0.60017157,0.24837133288383484,0.3034825921058655,0.0923461765050888
YFL035C,YLR268W,0,0.6001412,0.24816924333572388,0.3034825921058655,0.0924462229013443
YCR080W,YDR281C,0,0.5997266,0.24796748161315918,0.3034825921058655,0.09254627674818039
YLR390W-A,YBL008W-A,1,0.5996873,0.24857838451862335,0.30447760224342346,0.09254627674818039
YPL196W,YOL053C-A,0,0.5996873,0.24837662279605865,0.30447760224342346,0.09264632314443588
YLR391W-A,YJL159W,1,0.5996873,0.24898621439933777,0.30547264218330383,0.09264632314443588
YBR200W-A,YJL078C,1,0.5996873,0.2495948076248169,0.3064676523208618,0.09264632314443588
YOL103W-B,YGL046W,0,0.5996873,0.24939271807670593,0.3064676523208618,0.09274636954069138
YJR101W,YMR268W-A,0,0.5996873,0.24919094145298004,0.3064676523208618,0.09284642338752747
YLR037C,YBL008W-A,1,0.5996873,0.24979789555072784,0.3074626922607422,0.09284642338752747
YDL097C,YLR154W-A,0,0.5996873,0.24959611892700195,0.3074626922607422,0.09294646978378296
YLR160C,YNL024C-A,1,0.5996873,0.2502017617225647,0.30845770239830017,0.09294646978378296
YER014C-A,YBL005W-B,0,0.5996873,0.25,0.30845770239830017,0.09304652363061905
YFL011W-A,YCL043C,0,0.5996873,0.24979855120182037,0.30845770239830017,0.09314657002687454
YGR031C-A,YKL186C,0,0.5996873,0.249597430229187,0.30845770239830017,0.09324662387371063
YOR214C,YBL008W-A,1,0.5996873,0.25020113587379456,0.30945274233818054,0.09324662387371063
YKL097W-A,YAR066W,1,0.5996873,0.2508038580417633,0.3104477524757385,0.09324662387371063
YDR032C,YBR200W-A,1,0.5996873,0.25140562653541565,0.3114427924156189,0.09324662387371063
YNL024C-A,YLR286C,1,0.5996873,0.2520064115524292,0.3124378025531769,0.09324662387371063
YKL097W-A,YKL053C-A,0,0.5996873,0.25180432200431824,0.3124378025531769,0.09334667026996613
YPL064C,YMR268W-A,0,0.5996873,0.25160256028175354,0.3124378025531769,0.09344672411680222
YDR014W-A,YGR034W,0,0.5996873,0.2514011263847351,0.3124378025531769,0.09354677051305771
YDR014W-A,YKL095W,0,0.5996873,0.25119999051094055,0.3124378025531769,0.0936468243598938
YBR111W-A,YIR039C,0,0.5996873,0.25099921226501465,0.3124378025531769,0.09374687075614929
YLR391W-A,YFL001W,0,0.5996873,0.2507987320423126,0.3124378025531769,0.09384692460298538
YJL012C-A,YPL244C,0,0.5996873,0.2505985498428345,0.3124378025531769,0.09394697099924088
YDL208W,YMR268W-A,0,0.5996873,0.250398725271225,0.3124378025531769,0.09404702484607697
YFL011W-A,YJR021C,0,0.5996873,0.25019919872283936,0.3124378025531769,0.09414707124233246
YLR390W-A,YKL097W-A,1,0.5996873,0.2507961690425873,0.31343284249305725,0.09414707124233246
YKL090W,YBR111W-A,0,0.5996873,0.25059667229652405,0.31343284249305725,0.09424712508916855
YNL024C-A,YDR055W,1,0.5996873,0.2511923611164093,0.31442785263061523,0.09424712508916855
YPL127C,YCR080W,0,0.5996873,0.25099286437034607,0.31442785263061523,0.09434717148542404
YJL012C-A,YAL017W,0,0.5996873,0.2507936656475067,0.31442785263061523,0.09444722533226013
YBL008W-A,YIL015W,1,0.5996873,0.2513877749443054,0.3154228925704956,0.09444722533226013
YNL066W,YBL008W-A,1,0.5996873,0.2519809901714325,0.3164179027080536,0.09444722533226013
YFL035C,YPR160W,0,0.5996873,0.2517814636230469,0.3164179027080536,0.09454727172851562
YNL024C-A,YLR040C,1,0.5996873,0.25237342715263367,0.31741294264793396,0.09454727172851562
YMR019W,YFL035C,0,0.5996873,0.25217390060424805,0.31741294264793396,0.09464732557535172
YOR382W,YMR268W-A,0,0.5996873,0.2519747316837311,0.31741294264793396,0.09474737197160721
YGR031C-A,YOR162C,0,0.5996873,0.251775860786438,0.31741294264793396,0.0948474258184433
YLR040C,YLR391W-A,1,0.5996873,0.25236591696739197,0.31840795278549194,0.0948474258184433
YDR064W,YFL011W-A,0,0.5996873,0.2521670460700989,0.31840795278549194,0.09494747221469879
YDR014W-A,YCL060C,0,0.5996873,0.25196850299835205,0.31840795278549194,0.09504752606153488
YLR391W,YKL096W-A,1,0.5996873,0.25255703926086426,0.3194029927253723,0.09504752606153488
YPR182W,YDR014W-A,0,0.5996873,0.25235849618911743,0.3194029927253723,0.09514757245779037
YNL024C-A,YKL157W,1,0.5996873,0.25294581055641174,0.3203980028629303,0.09514757245779037
YEL040W,YBR200W-A,1,0.5996873,0.25353217124938965,0.32139304280281067,0.09514757245779037
YNL138W-A,YDR332W,0,0.5996873,0.25333333015441895,0.32139304280281067,0.09524762630462646
YFL038C,YOL053C-A,0,0.5996873,0.2531347870826721,0.32139304280281067,0.09534767270088196
YJL225C,YFL011W-A,0,0.5996873,0.25293657183647156,0.32139304280281067,0.09544772654771805
YOL155C,YLR391W-A,1,0.5996873,0.2535211145877838,0.32238805294036865,0.09544772654771805
YDR014W-A,YER052C,0,0.5996873,0.25332289934158325,0.32238805294036865,0.09554777294397354
YOR243C,YDR014W-A,0,0.5996873,0.25312501192092896,0.32238805294036865,0.09564782679080963
YBR111W-A,YHR058C,0,0.5996873,0.25292739272117615,0.32238805294036865,0.09574787318706512
YCL003W,YBL052C,0,0.5996873,0.2527301013469696,0.32238805294036865,0.09584792703390121
YJL079C,YBL008W-A,1,0.5996873,0.2533125579357147,0.323383092880249,0.09584792703390121
YPR026W,YMR268W-A,0,0.5996873,0.2531152665615082,0.323383092880249,0.09594797343015671
YNL138W-A,YBR287W,0,0.5996873,0.2529182732105255,0.323383092880249,0.0960480272769928
YDL133C-A,YDR014W-A,0,0.5996873,0.2527216076850891,0.323383092880249,0.09614807367324829
YBR200W-A,YBR078W,1,0.5996873,0.2533022463321686,0.324378103017807,0.09614807367324829
YHR057C,YLR391W-A,1,0.5996873,0.2538819909095764,0.3253731429576874,0.09614807367324829
YJL012C-A,YKR028W,0,0.5996873,0.25368502736091614,0.3253731429576874,0.09624812752008438
YFL011W-A,YLL019C,0,0.5996873,0.25348836183547974,0.3253731429576874,0.09634817391633987
YBR200W-A,YMR006C,1,0.5996873,0.2540666162967682,0.32636815309524536,0.09634817391633987
YBR200W-A,YNL160W,1,0.5996873,0.254643976688385,0.32736319303512573,0.09634817391633987
YBR247C,YDR014W-A,0,0.5996873,0.25444701313972473,0.32736319303512573,0.09644822776317596
YLR391W-A,YKL157W,1,0.5996873,0.25502318143844604,0.3283582031726837,0.09644822776317596
YDR263C,YLR391W-A,0,0.5996873,0.25482624769210815,0.3283582031726837,0.09654827415943146
YFL011W-A,YLR330W,0,0.5996873,0.25462964177131653,0.3283582031726837,0.09664832055568695
YGR012W,YLR154W-A,0,0.5996873,0.2544333040714264,0.3283582031726837,0.09674837440252304
YJL012C-A,YJL178C,0,0.5996873,0.2542372941970825,0.3283582031726837,0.09684842079877853
YNL024C-A,YLR391W-A,1,0.5996873,0.2548114061355591,0.3293532431125641,0.09684842079877853
YLR391W-A,YJL130C,0,0.5996873,0.2546153962612152,0.3293532431125641,0.09694847464561462
YLR157C,YNL024C-A,1,0.5996873,0.25518831610679626,0.33034825325012207,0.09694847464561462
YNL138W-A,YPL078C,0,0.5996873,0.2549923062324524,0.33034825325012207,0.09704852104187012
YLR197W,YLR391W-A,0,0.5996873,0.2547966241836548,0.33034825325012207,0.09714857488870621
YBR026C,YMR268W-A,0,0.5996873,0.25460124015808105,0.33034825325012207,0.0972486212849617
YCR080W,YPL167C,0,0.5996873,0.2544061243534088,0.33034825325012207,0.09734867513179779
YAR002C-A,YJL012C-A,0,0.5996873,0.25421133637428284,0.33034825325012207,0.09744872152805328
YJR005W,YJL012C-A,0,0.5996873,0.25401684641838074,0.33034825325012207,0.09754877537488937
YKL097W-A,YDL077C,0,0.5996873,0.2538226246833801,0.33034825325012207,0.09764882177114487
YOL053C-A,YHR057C,0,0.5996873,0.2536287307739258,0.33034825325012207,0.09774887561798096
YLL029W,YLR391W-A,0,0.5996873,0.2534351050853729,0.33034825325012207,0.09784892201423645
YDR014W-A,YJR026W,0,0.5996873,0.25324180722236633,0.33034825325012207,0.09794897586107254
YIL017W,YPR133W-A,0,0.5996873,0.25304877758026123,0.33034825325012207,0.09804902225732803
YNL138W-A,YMR238W,0,0.5996873,0.25285604596138,0.33034825325012207,0.09814907610416412
YGL162W,YJL012C-A,0,0.5996873,0.25266361236572266,0.33034825325012207,0.09824912250041962
YJR004C,YBR111W-A,0,0.5996873,0.2524714767932892,0.33034825325012207,0.0983491763472557
YOL010W,YBR111W-A,0,0.5996873,0.2522796392440796,0.33034825325012207,0.0984492227435112
YJL012C-A,YLR390W,0,0.5996873,0.2520880699157715,0.33034825325012207,0.09854927659034729
YGL028C,YLR391W-A,1,0.5996873,0.2526555359363556,0.33134329319000244,0.09854927659034729
YGR031C-A,YOR180C,0,0.5996873,0.2524639964103699,0.33134329319000244,0.09864932298660278
YOL053C-A,YDR373W,0,0.5996873,0.25227272510528564,0.33134329319000244,0.09874937683343887
YBR111W-A,YML006C,0,0.5996873,0.2520817518234253,0.33134329319000244,0.09884942322969437
YGR282C,YBL008W-A,1,0.5996873,0.2526474893093109,0.3323383033275604,0.09884942322969437
YOR142W-B,YFL035C,0,0.5996873,0.25245654582977295,0.3323383033275604,0.09894947707653046
YNL138W-A,YER017C,0,0.5996873,0.2522658705711365,0.3323383033275604,0.09904952347278595
YNL024C-A,YJL078C,1,0.5996873,0.2528301775455475,0.3333333432674408,0.09904952347278595
YNL138W-A,YKL064W,0,0.5996873,0.2526395320892334,0.3333333432674408,0.09914957731962204
YLR390W-A,YKL158W,1,0.5996873,0.2532027065753937,0.3343283534049988,0.09914957731962204
YCL003W,YFL017W-A,0,0.5996873,0.2530120611190796,0.3343283534049988,0.09924962371587753
YHR059W,YOL053C-A,0,0.5996873,0.252821683883667,0.3343283534049988,0.09934967756271362
YDR014W-A,YGL200C,0,0.5996873,0.2526315748691559,0.3343283534049988,0.09944972395896912
YLR227W-B,YER087C-B,0,0.5996873,0.25244176387786865,0.3343283534049988,0.0995497778058052
YLR040C,YBL008W-A,1,0.5996873,0.25300300121307373,0.33532339334487915,0.0995497778058052
YCR080W,YFL017W-A,0,0.5996873,0.2528131902217865,0.33532339334487915,0.0996498242020607
YOL053C-A,YMR308C,0,0.5996873,0.25262367725372314,0.33532339334487915,0.09974987804889679
YLR391W-A,YLR301W,0,0.5996873,0.25243446230888367,0.33532339334487915,0.09984992444515228
YOR310C,YNL138W-A,0,0.5996873,0.2522455155849457,0.33532339334487915,0.09994997829198837
YKR103W,YBR111W-A,0,0.5996873,0.2520568370819092,0.33532339334487915,0.10005002468824387
YLR410W-A,YFL035C,0,0.5996873,0.25186845660209656,0.33532339334487915,0.10015007853507996
YBR200W-A,YAR071W,1,0.5996873,0.25242719054222107,0.33631840348243713,0.10015007853507996
YKL096W-A,YBL008W-A,1,0.5996873,0.25298506021499634,0.3373134434223175,0.10015007853507996
YDL078C,YLR391W-A,0,0.5996873,0.2527964115142822,0.3373134434223175,0.10025012493133545
YKL163W,YLR391W-A,1,0.5996873,0.25335320830345154,0.3383084535598755,0.10025012493133545
YDR454C,YOL053C-A,0,0.5996873,0.2531645596027374,0.3383084535598755,0.10035017877817154
YGR095C,YMR268W-A,0,0.5996873,0.2529761791229248,0.3383084535598755,0.10045022517442703
YOL010W,YLR154W-A,0,0.5996873,0.25278809666633606,0.3383084535598755,0.10055027157068253
YBR111W-A,YPL110C,0,0.5996873,0.2526002824306488,0.3383084535598755,0.10065032541751862
YLR391W-A,YLR286C,1,0.5996873,0.2531551718711853,0.33930349349975586,0.10065032541751862
YDR014W-A,YLR270W,0,0.5996873,0.25296735763549805,0.33930349349975586,0.10075037181377411
YFL011W-A,YBL091C-A,0,0.5996873,0.25277984142303467,0.33930349349975586,0.1008504256606102
YFL033C,YGL046W,0,0.5996873,0.2525925934314728,0.33930349349975586,0.10095047205686569
YBR200W-A,YNR044W,1,0.5996873,0.25314581394195557,0.34029850363731384,0.10095047205686569
YKL200C,YHR214C-B,0,0.5996873,0.2529585659503937,0.34029850363731384,0.10105052590370178
YNL010W,YMR268W-A,0,0.5996873,0.25277161598205566,0.34029850363731384,0.10115057229995728
YAR035W,YCL003W,0,0.5996873,0.25258493423461914,0.34029850363731384,0.10125062614679337
YFL011W-A,YFL057C,0,0.5996873,0.2523985207080841,0.34029850363731384,0.10135067254304886
YNL024C-A,YGR282C,1,0.5996873,0.25294986367225647,0.3412935435771942,0.10135067254304886
YJR151C,YLR391W-A,1,0.5996873,0.253500372171402,0.3422885537147522,0.10135067254304886
YJL149W,YLR154W-A,0,0.5996873,0.25331369042396545,0.3422885537147522,0.10145072638988495
YNL138W-A,YGR112W,0,0.5996873,0.2531273066997528,0.3422885537147522,0.10155077278614044
YLR391W-A,YOR010C,1,0.5996873,0.25367647409439087,0.34328359365463257,0.10155077278614044
YBR111W-A,YBL028C,0,0.5996873,0.2534900903701782,0.34328359365463257,0.10165082663297653
YOR389W,YBL008W-A,1,0.5996873,0.2540381848812103,0.34427860379219055,0.10165082663297653
YKL200C,YDR296W,0,0.5996873,0.2538518011569977,0.34427860379219055,0.10175087302923203
YLR391W-A,YBR301W,1,0.5996873,0.25439882278442383,0.3452736437320709,0.10175087302923203
YML056C,YLR154W-A,0,0.5996873,0.25421246886253357,0.3452736437320709,0.10185092687606812
YOL155C,YOL053C-A,0,0.5996873,0.2540263533592224,0.3452736437320709,0.10195097327232361
YJR004C,YLR391W-A,1,0.5996873,0.2545720636844635,0.3462686538696289,0.10195097327232361
YBR111W-A,YCL014W,0,0.5996873,0.25438597798347473,0.3462686538696289,0.1020510271191597
YLR391W-A,YOR351C,0,0.5996873,0.25420016050338745,0.3462686538696289,0.10215107351541519
YBR200W-A,YIL011W,1,0.5996873,0.2547445297241211,0.3472636938095093,0.10215107351541519
YML051W,YJL012C-A,0,0.5996873,0.2545587122440338,0.3472636938095093,0.10225112736225128
YGR031C-A,YOR298W,0,0.5996873,0.254373162984848,0.3472636938095093,0.10235117375850677
YLR157C,YLR391W-A,1,0.5996873,0.254916250705719,0.34825870394706726,0.10235117375850677
YLR321C,YLR154W-A,0,0.5996873,0.2547307014465332,0.34825870394706726,0.10245122760534286
YLR047C,YMR268W-A,0,0.5996873,0.2545454502105713,0.34825870394706726,0.10255127400159836
YFL011W-A,YGL019W,0,0.5996873,0.25436046719551086,0.34825870394706726,0.10265132784843445
YMR019W,YFL011W-A,0,0.5996873,0.25417575240135193,0.34825870394706726,0.10275137424468994
YNL024C-A,YLR300W,1,0.5996873,0.25471699237823486,0.34925374388694763,0.10275137424468994
YKL200C,YPL257W-B,0,0.5996873,0.2545322775840759,0.34925374388694763,0.10285142809152603
YBR183W,YDR014W-A,0,0.5996873,0.2543478310108185,0.34925374388694763,0.10295147448778152
YBR111W-A,YDR140W,0,0.5996873,0.2541636526584625,0.34925374388694763,0.10305152833461761
YNL006W,YOL053C-A,0,0.5996873,0.25397974252700806,0.34925374388694763,0.10315157473087311
YDR077W,YNL024C-A,1,0.5996873,0.25451916456222534,0.3502487540245056,0.10315157473087311
YGL089C,YLR391W-A,1,0.5996873,0.25505781173706055,0.351243793964386,0.10315157473087311
YNL024C-A,YDR371W,1,0.5996873,0.2555956542491913,0.35223880410194397,0.10315157473087311
YLR391W-A,YGR282C,1,0.5996873,0.25613275170326233,0.35323384404182434,0.10315157473087311
YOR291W,YFL011W-A,0,0.5996873,0.25594809651374817,0.35323384404182434,0.1032516285777092
YJL012C-A,YOR355W,0,0.5996873,0.2557636797428131,0.35323384404182434,0.10335167497396469
YJL012C-A,YOR226C,0,0.5996873,0.25557956099510193,0.35323384404182434,0.10345172882080078
YHR211W,YER014C-A,0,0.5996873,0.25539568066596985,0.35323384404182434,0.10355177521705627
YDR014W-A,YKL094W,0,0.5996873,0.25521206855773926,0.35323384404182434,0.10365182906389236
YPR191W,YGL046W,0,0.5996873,0.25502872467041016,0.35323384404182434,0.10375187546014786
YDR014W-A,YGL103W,0,0.5996873,0.25484564900398254,0.35323384404182434,0.10385192930698395
YNL160W,YLR154W-A,0,0.5996873,0.2546628415584564,0.35323384404182434,0.10395197570323944
YBR111W-A,YBL089W,0,0.5996873,0.2544802725315094,0.35323384404182434,0.10405202955007553
YBL008W-A,YHR214W,1,0.5996873,0.2550143301486969,0.3542288541793823,0.10405202955007553
YIL128W,YLR391W-A,0,0.5996873,0.25483179092407227,0.3542288541793823,0.10415207594633102
YOL053C-A,YNL175C,0,0.5996873,0.25464949011802673,0.3542288541793823,0.10425212234258652
YDR014W-A,YJL128C,0,0.5996873,0.2544674873352051,0.3542288541793823,0.10435217618942261
YPL011C,YMR268W-A,0,0.5996873,0.2542857229709625,0.3542288541793823,0.1044522225856781
YBR075W,YHR085W,0,0.5996873,0.2541041970252991,0.3542288541793823,0.10455227643251419
YLR391W,YHR143W,1,0.5996873,0.2546362280845642,0.3552238941192627,0.10455227643251419
YBL091C-A,YIL017W,0,0.5996873,0.25445473194122314,0.3552238941192627,0.10465232282876968
YMR117C,YBL101W-B,0,0.5996873,0.25427350401878357,0.3552238941192627,0.10475237667560577
YLR390W-A,YNL024C-A,1,0.5996873,0.2548042833805084,0.3562189042568207,0.10475237667560577
YBR111W-A,YMR229C,0,0.5996873,0.25462305545806885,0.3562189042568207,0.10485242307186127
YLR390W-A,YLR391W-A,1,0.5996873,0.2551528215408325,0.35721394419670105,0.10485242307186127
YMR268W-A,YMR143W,0,0.5996873,0.25497159361839294,0.35721394419670105,0.10495247691869736
YBR200W-A,YBR093C,1,0.5996873,0.25550034642219543,0.35820895433425903,0.10495247691869736
YER013W,YCL060C,0,0.5996873,0.25531914830207825,0.35820895433425903,0.10505252331495285
YBR200W-A,YHR214W,1,0.5996873,0.25584691762924194,0.3592039942741394,0.10505252331495285
YJR149W,YLR154W-A,0,0.5996873,0.25566571950912476,0.3592039942741394,0.10515257716178894
YPR191W,YFL035C,0,0.5996873,0.25548478960990906,0.3592039942741394,0.10525262355804443
YAL054C,YOL053C-A,0,0.5996873,0.25530409812927246,0.3592039942741394,0.10535267740488052
YNL138W-A,YLR425W,0,0.5996873,0.25512367486953735,0.3592039942741394,0.10545272380113602
YBR111W-A,YPL147W,0,0.5996873,0.25494349002838135,0.3592039942741394,0.1055527776479721
YOL053C-A,YNL016W,0,0.5996873,0.25476357340812683,0.3592039942741394,0.1056528240442276
YJL012C-A,YKR068C,0,0.5996873,0.2545839250087738,0.3592039942741394,0.10575287789106369
YOL082W,YFL011W-A,0,0.5996873,0.2544045150279999,0.3592039942741394,0.10585292428731918
YLR029C,YBR111W-A,0,0.5996873,0.25422534346580505,0.3592039942741394,0.10595297813415527
YKL097W-A,YMR006C,1,0.5996873,0.25475016236305237,0.3601990044116974,0.10595297813415527
YHR143W,YNL024C-A,1,0.5996873,0.2552742660045624,0.36119404435157776,0.10595297813415527
YLR391W,YBR200W-A,1,0.5996873,0.2557976245880127,0.36218905448913574,0.10595297813415527
YGR031C-A,YBR059C,0,0.5996873,0.25561797618865967,0.36218905448913574,0.10605302453041077
YPR137C-A,YCL026C-B,0,0.5996873,0.25543859601020813,0.36218905448913574,0.10615307837724686
YBR111W-A,YFL023W,0,0.5996873,0.2552594542503357,0.36218905448913574,0.10625312477350235
YFR031C,YNL138W-A,0,0.5996873,0.25508058071136475,0.36218905448913574,0.10635317862033844
YCR097WB,YER019C-A,0,0.5996873,0.2549019753932953,0.36218905448913574,0.10645322501659393
YBR111W-A,YGL169W,0,0.5996873,0.25472357869148254,0.36218905448913574,0.10655327886343002
YLR391W-A,YKL003C,0,0.5996873,0.2545454502105713,0.36218905448913574,0.10665332525968552
YDR014W-A,YNR060W,0,0.5996873,0.2543675899505615,0.36218905448913574,0.1067533791065216
YJL012C-A,YPL050C,0,0.5996873,0.25418993830680847,0.36218905448913574,0.1068534255027771
YBL008W-A,YJL159W,1,0.5996873,0.2547104060649872,0.3631840944290161,0.1068534255027771
YOR176W,YJL012C-A,0,0.5996873,0.2545327842235565,0.3631840944290161,0.10695347934961319
YAL063C,YBR111W-A,0,0.5996873,0.25435540080070496,0.3631840944290161,0.10705352574586868
YBR111W-A,YOL124C,0,0.5996873,0.2541782855987549,0.3631840944290161,0.10715357959270477
YDR378C,YJL012C-A,0,0.5996873,0.2540013790130615,0.3631840944290161,0.10725362598896027
YNL138W-A,YNR010W,0,0.5996873,0.25382477045059204,0.3631840944290161,0.10735367983579636
YNR002C,YLR154W-A,0,0.5996873,0.2536483705043793,0.3631840944290161,0.10745372623205185
YPL273W,YMR268W-A,0,0.5996873,0.2534722089767456,0.3631840944290161,0.10755378007888794
YBR111W-A,YPR159W,0,0.5996873,0.2532963156700134,0.3631840944290161,0.10765382647514343
YGL200C,YJL012C-A,0,0.5996873,0.25312066078186035,0.3631840944290161,0.10775388032197952
YNL127W,YOL053C-A,0,0.5996873,0.2529452443122864,0.3631840944290161,0.10785392671823502
YFL011W-A,YMR176W,0,0.5996873,0.2527700960636139,0.3631840944290161,0.1079539805650711
YAL005C,YNL024C-A,1,0.5996873,0.2532871961593628,0.3641791045665741,0.1079539805650711
YGL241W,YMR268W-A,0,0.5996873,0.2531120479106903,0.3641791045665741,0.1080540269613266
YKL041W,YFL011W-A,0,0.5996873,0.25293710827827454,0.3641791045665741,0.10815407335758209
YDR014W-A,YJR031C,0,0.5996873,0.25276243686676025,0.3641791045665741,0.10825412720441818
YBR200W-A,YPL187W,1,0.5996873,0.25327813625335693,0.3651741147041321,0.10825412720441818
YNL138W-A,YLR329W,0,0.5996873,0.25310343503952026,0.3651741147041321,0.10835417360067368
YLR391W-A,YOR214C,1,0.5996873,0.25361818075180054,0.36616915464401245,0.10835417360067368
YFL011W-A,YDL111C,0,0.5996873,0.25344353914260864,0.36616915464401245,0.10845422744750977
YOR389W,YLR391W-A,1,0.5996873,0.2539573311805725,0.36716416478157043,0.10845422744750977
YGL226C-A,YCL060C,0,0.5996873,0.2537826597690582,0.36716416478157043,0.10855427384376526
YLR391W-A,YDR211W,0,0.5996873,0.25360825657844543,0.36716416478157043,0.10865432769060135
YJL012C-A,YLR033W,0,0.5996873,0.25343406200408936,0.36716416478157043,0.10875437408685684
YFL038C,YLR154W-A,0,0.5996873,0.25326013565063477,0.36716416478157043,0.10885442793369293
YBR111W-A,YNL202W,0,0.5996873,0.2530864179134369,0.36716416478157043,0.10895447432994843
YHR029C,YDR014W-A,0,0.5996873,0.2529129683971405,0.36716416478157043,0.10905452817678452
YGL028C,YNL024C-A,1,0.5996873,0.25342464447021484,0.3681592047214508,0.10905452817678452
YGR031C-A,YJL225C,0,0.5996873,0.25325119495391846,0.3681592047214508,0.10915457457304001
YLR391W-A,YGR279C,1,0.5996873,0.25376197695732117,0.3691542148590088,0.10915457457304001
YAL054C,YFL011W-A,0,0.5996873,0.2535885274410248,0.3691542148590088,0.1092546284198761
YJR036C,YDR014W-A,0,0.5996873,0.2534152865409851,0.3691542148590088,0.10935467481613159
YBR093C,YNL024C-A,1,0.5996873,0.2539249062538147,0.37014925479888916,0.10935467481613159
YNL024C-A,YJL159W,1,0.5996873,0.25443384051322937,0.37114426493644714,0.10935467481613159
YNL024C-A,YPL187W,1,0.5996873,0.25494205951690674,0.3721393048763275,0.10935467481613159
YMR025W,YLR154W-A,0,0.5996873,0.25476840138435364,0.3721393048763275,0.10945472866296768
YNL024C-A,YKR102W,1,0.5996873,0.255275696516037,0.3731343150138855,0.10945472866296768
YLR391W-A,YIL015W,1,0.5996873,0.2557823061943054,0.37412935495376587,0.10945472866296768
YLR391W-A,YKR013W,1,0.5996873,0.25628823041915894,0.37512436509132385,0.10945472866296768
YJL012C-A,YDR245W,0,0.5996873,0.25611412525177,0.37512436509132385,0.10955477505922318
YAL060W,YBR111W-A,0,0.5996873,0.2559402585029602,0.37512436509132385,0.10965482890605927
YBL008W-A,YBR078W,1,0.5996873,0.256445050239563,0.3761194050312042,0.10965482890605927
YER052C,YMR268W-A,0,0.5996873,0.2562711834907532,0.3761194050312042,0.10975487530231476
YBR200W-A,YLR213C,1,0.5996873,0.2567750811576843,0.3771144151687622,0.10975487530231476
YLR107W,YLR154W-A,0,0.5996873,0.2566012144088745,0.3771144151687622,0.10985492914915085
YOL053C-A,YER074W,0,0.5996873,0.2564276158809662,0.3771144151687622,0.10995497554540634
YEL070W,YMR268W-A,0,0.5996873,0.2562542259693146,0.3771144151687622,0.11005502939224243
YOR317W,YMR268W-A,0,0.5996873,0.25608107447624207,0.3771144151687622,0.11015507578849792
YBR200W-A,YLR300W,1,0.5996873,0.25658339262008667,0.3781094551086426,0.11015507578849792
YFL011W-A,YML097C,0,0.5996873,0.25641027092933655,0.3781094551086426,0.11025512963533401
YBL008W-A,YLR158C,1,0.5996873,0.25691166520118713,0.37910446524620056,0.11025512963533401
YFL011W-A,YPR133W-A,0,0.5996873,0.256738543510437,0.37910446524620056,0.11035517603158951
YFL011W-A,YKL003C,0,0.5996873,0.256565660238266,0.37910446524620056,0.1104552298784256
YJL012C-A,YGR258C,0,0.5996873,0.2563930153846741,0.37910446524620056,0.11055527627468109
YJL012C-A,YGR134W,0,0.5996873,0.25622057914733887,0.37910446524620056,0.11065533012151718
YEL040W,YLR391W-A,1,0.5996873,0.2567204236984253,0.38009950518608093,0.11065533012151718
YDR014W-A,YOR142W-A,0,0.5996873,0.2565480172634125,0.38009950518608093,0.11075537651777267
YGR031C-A,YCR055C,0,0.5996873,0.25637584924697876,0.38009950518608093,0.11085543036460876
YOL053C-A,YOR311C,0,0.5996873,0.25620388984680176,0.38009950518608093,0.11095547676086426
YGL209W,YGR031C-A,0,0.5996873,0.25603216886520386,0.38009950518608093,0.11105553060770035
YJL005W,YJL012C-A,0,0.5996873,0.25586068630218506,0.38009950518608093,0.11115557700395584
YAL005C,YBL008W-A,1,0.5996873,0.2563587725162506,0.3810945153236389,0.11115557700395584
YFL011W-A,YML030W,0,0.5996873,0.2561872899532318,0.3810945153236389,0.11125563085079193
YLR410W-A,YCL060C,0,0.5996873,0.2560160458087921,0.3810945153236389,0.11135567724704742
YGR031C-A,YDR072C,0,0.5996873,0.25584501028060913,0.3810945153236389,0.11145573109388351
YGR189C,YLR391W-A,1,0.5996873,0.2563417851924896,0.3820895552635193,0.11145573109388351
YDR281C,YLR154W-A,0,0.5996873,0.25617077946662903,0.3820895552635193,0.11155577749013901
YHR069C,YOL053C-A,0,0.5996873,0.25600001215934753,0.3820895552635193,0.1116558313369751
YDR077W,YLR391W-A,1,0.5996873,0.2564956843852997,0.38308456540107727,0.1116558313369751
YNL066W,YLR391W-A,1,0.5996873,0.2569906711578369,0.38407960534095764,0.1116558313369751
YMR008C,YLR391W-A,1,0.5996873,0.257485032081604,0.3850746154785156,0.1116558313369751
YBR200W-A,YOR214C,1,0.5996873,0.25797873735427856,0.386069655418396,0.1116558313369751
YDR306C,YJL012C-A,0,0.5996873,0.25780731439590454,0.386069655418396,0.11175587773323059
YKR019C,YDR014W-A,0,0.5996873,0.2576361298561096,0.386069655418396,0.11185593158006668
YPR196W,YLR391W-A,0,0.5996873,0.2574651539325714,0.386069655418396,0.11195597797632217
YNL024C-A,YNR044W,1,0.5996873,0.2579575479030609,0.387064665555954,0.11195597797632217
YGL200C,YOL053C-A,0,0.5996873,0.2577866017818451,0.387064665555954,0.11205602437257767
YOL103W-B,YIL017W,0,0.5996873,0.2576158940792084,0.387064665555954,0.11215607821941376
YOL053C-A,YMR159C,0,0.5996873,0.25744539499282837,0.387064665555954,0.11225612461566925
YNL138W-A,YOL090W,0,0.5996873,0.25727513432502747,0.387064665555954,0.11235617846250534
YJL012C-A,YGR155W,0,0.5996873,0.2571050822734833,0.387064665555954,0.11245622485876083
YBR200W-A,YKR013W,1,0.5996873,0.2575957775115967,0.38805970549583435,0.11245622485876083
YCL060C,YFL001W,0,0.5996873,0.2574257552623749,0.38805970549583435,0.11255627870559692
YPR011C,YMR268W-A,0,0.5996873,0.2572559416294098,0.38805970549583435,0.11265632510185242
YBL008W-A,YOL011W,1,0.5996873,0.25774556398391724,0.38905471563339233,0.11265632510185242
YNL024C-A,YLR110C,1,0.5996873,0.25823453068733215,0.3900497555732727,0.11265632510185242
YBR111W-A,YIL140W,0,0.5996873,0.25806450843811035,0.3900497555732727,0.11275637894868851
YFL011W-A,YNR013C,0,0.5996873,0.25789472460746765,0.3900497555732727,0.112856425344944
YBR111W-A,YEL062W,0,0.5996873,0.25772517919540405,0.3900497555732727,0.11295647919178009
YKR019C,YFL035C,0,0.59965986,0.25755584239959717,0.3900497555732727,0.11305652558803558
YML045W-A,YBL052C,0,0.5996468,0.2573867440223694,0.3900497555732727,0.11315657943487167
YEL070W,YCR002C,0,0.59964025,0.2572178542613983,0.3900497555732727,0.11325662583112717
YAL038W,YFL017W-A,0,0.5995247,0.25704917311668396,0.3900497555732727,0.11335667967796326
YNL261W,YLR391W,0,0.599485,0.2568807303905487,0.3900497555732727,0.11345672607421875
YDR527W,YLR227W-B,0,0.59934896,0.25671249628067017,0.3900497555732727,0.11355677992105484
YBR075W,YIR038C,0,0.59923965,0.2565445005893707,0.3900497555732727,0.11365682631731033
YPR137C-A,YFL001W,0,0.59906864,0.256376713514328,0.3900497555732727,0.11375688016414642
YMR269W,YGL046W,0,0.59893155,0.2562091648578644,0.3900497555732727,0.11385692656040192
YNR006W,YFL035C,0,0.59888387,0.2560417950153351,0.3900497555732727,0.113956980407238
YLR256W-A,YLR359W,0,0.598733,0.2558746635913849,0.3900497555732727,0.1140570268034935
YNL304W,YBR075W,0,0.5986762,0.2557077705860138,0.3900497555732727,0.11415708065032959
YDR032C,YGL028C,1,0.5985844,0.2561929523944855,0.3910447657108307,0.11415708065032959
YML045W-A,YJL095W,0,0.5985585,0.2560260593891144,0.3910447657108307,0.11425712704658508
YGL046W,YOR162C,0,0.59850913,0.255859375,0.3910447657108307,0.11435718089342117
YFL035C,YOR098C,0,0.5985059,0.25569289922714233,0.3910447657108307,0.11445722728967667
YHR056C,YPL151C,0,0.5984682,0.25552666187286377,0.3910447657108307,0.11455728113651276
YOR054C,YMR239C,0,0.598354,0.2553606331348419,0.3910447657108307,0.11465732753276825
YOR148C,YDR261C-D,0,0.59800035,0.2551948130130768,0.3910447657108307,0.11475738137960434
YBR125C,YBR075W,0,0.597831,0.25502920150756836,0.3910447657108307,0.11485742777585983
YFL035C,YDR170C,0,0.59774107,0.25486379861831665,0.3910447657108307,0.11495748162269592
YDL070W,YOR294W,0,0.59772044,0.25469863414764404,0.3910447657108307,0.11505752801895142
YKL097W-A,YBR078W,1,0.5975586,0.25518134236335754,0.39203980565071106,0.11505752801895142
YLR329W,YCR055C,0,0.59733135,0.25501617789268494,0.39203980565071106,0.1151575818657875
YBR066C,YFL035C,0,0.5972318,0.25485122203826904,0.39203980565071106,0.115257628262043
YBL101W-B,YJL085W,0,0.59687793,0.25468650460243225,0.39203980565071106,0.11535768210887909
YLR130C,YCR097WB,0,0.5968499,0.2545219659805298,0.39203980565071106,0.11545772850513458
YKL097W-A,YLL024C,1,0.5967601,0.2550032138824463,0.39303481578826904,0.11545772850513458
YPR125W,YFL045C,0,0.5966787,0.2548387050628662,0.39303481578826904,0.11555778235197067
YKL163W,YKL097W-A,1,0.5966372,0.25531914830207825,0.3940298557281494,0.11555778235197067
YHR029C,YIL170W,0,0.5965665,0.25515463948249817,0.3940298557281494,0.11565782874822617
YGL237C,YML045W-A,0,0.59640235,0.2549903392791748,0.3940298557281494,0.11575788259506226
YBR075W,YDL216C,0,0.59609616,0.25482624769210815,0.3940298557281494,0.11585792899131775
YOR204W,YGL046W,0,0.59606254,0.2546623647212982,0.3940298557281494,0.11595797538757324
YCR080W,YLR429W,0,0.5960044,0.2544987201690674,0.3940298557281494,0.11605802923440933
YDR210C-C,YJL081C,0,0.5959683,0.2543352544307709,0.3940298557281494,0.11615807563066483
YOL142W,YLL045C,0,0.5959387,0.25417202711105347,0.3940298557281494,0.11625812947750092
YML058W-A,YPL096W,0,0.59589285,0.2540089786052704,0.3940298557281494,0.11635817587375641
YDL133C-A,YPR152C,0,0.5958312,0.2538461685180664,0.3940298557281494,0.1164582297205925
YJR150C,YKL158W,1,0.5957633,0.25432413816452026,0.3950248658657074,0.1164582297205925
YJL214W,YCL060C,0,0.5957239,0.2541613280773163,0.3950248658657074,0.11655827611684799
YPL196W,YCL060C,0,0.5956575,0.253998726606369,0.3950248658657074,0.11665832996368408
YDR454C,YNL267W,0,0.59556645,0.2538363039493561,0.3950248658657074,0.11675837635993958
YBR075W,YAR031W,0,0.5955543,0.25367411971092224,0.3950248658657074,0.11685843020677567
YLL045C,YDR499W,0,0.5955485,0.2535121440887451,0.3950248658657074,0.11695847660303116
YJR004C,YCL060C,0,0.59535605,0.2533503472805023,0.3950248658657074,0.11705853044986725
YBL101W-B,YJL178C,0,0.5952786,0.2531887888908386,0.3950248658657074,0.11715857684612274
YKL097W-A,YDR392W,0,0.5952727,0.25302740931510925,0.3950248658657074,0.11725863069295883
YOR247W,YHR057C,1,0.59515804,0.2535031735897064,0.39601990580558777,0.11725863069295883
YDR518W,YNL284C-A,0,0.5949907,0.25334182381629944,0.39601990580558777,0.11735867708921432
YKL164C,YKL158W,1,0.5949093,0.25381678342819214,0.39701491594314575,0.11735867708921432
YNL050C,YOR142W-A,0,0.5947313,0.25365543365478516,0.39701491594314575,0.11745873093605042
YKL163W,YKL158W,1,0.5945661,0.2541296184062958,0.3980099558830261,0.11745873093605042
YML045W-A,YEL062W,0,0.59454685,0.2539682686328888,0.3980099558830261,0.11755877733230591
YLR390W,YDR170C,0,0.5945061,0.25380709767341614,0.3980099558830261,0.117658831179142
YMR193W,YCL060C,0,0.59434575,0.2536461651325226,0.3980099558830261,0.11775887757539749
YBR294W,YMR179W,0,0.594034,0.25348541140556335,0.3980099558830261,0.11785893142223358
YLR157C,YLR043C,0,0.59397507,0.2533248960971832,0.3980099558830261,0.11795897781848907
YGL122C,YCL060C,0,0.59389496,0.2531645596027374,0.3980099558830261,0.11805903166532516
YHR058C,YDR261W-A,0,0.5938697,0.25300443172454834,0.3980099558830261,0.11815907806158066
YIL011W,YLR213C,1,0.5937357,0.253476619720459,0.3990049660205841,0.11815907806158066
YPR137C-A,YBR026C,0,0.59367174,0.2533164918422699,0.3990049660205841,0.11825913190841675
YFL035C,YML109W,0,0.5934915,0.2531565725803375,0.3990049660205841,0.11835917830467224
YER175C,YFL035C,0,0.5933817,0.2529968321323395,0.3990049660205841,0.11845923215150833
YGL089C,YKL158W,1,0.5932552,0.253467857837677,0.4000000059604645,0.11845923215150833
YFL035C,YIL017W,0,0.5931472,0.25330811738967896,0.4000000059604645,0.11855927854776382
YJR010W,YOR343W-B,0,0.593033,0.25314861536026,0.4000000059604645,0.11865933239459991
YKL097W-A,YAR071W,1,0.59303033,0.25361862778663635,0.40099501609802246,0.11865933239459991
YPR158C-C,YGL010W,0,0.5930261,0.2534591257572174,0.40099501609802246,0.11875937879085541
YKL097W-A,YGR279C,1,0.59293336,0.2539283335208893,0.40199005603790283,0.11875937879085541
YKR055W,YCL060C,0,0.5929006,0.25376883149147034,0.40199005603790283,0.1188594326376915
YIL017W,YOL040C,0,0.5928527,0.2536095380783081,0.40199005603790283,0.11895947903394699
YCR097WB,YOR008C,0,0.5928423,0.2534504532814026,0.40199005603790283,0.11905953288078308
YKL200C,YHR004C,0,0.59283423,0.2532915472984314,0.40199005603790283,0.11915957927703857
YNL232W,YPL240C,0,0.5926752,0.25313282012939453,0.40199005603790283,0.11925963312387466
YOR317W,YMR272C,0,0.5926381,0.25297433137893677,0.40199005603790283,0.11935967952013016
YPR024W,YJL130C,0,0.5926183,0.25281602144241333,0.40199005603790283,0.11945973336696625
YKL164C,YMR006C,1,0.5924404,0.25328329205513,0.4029850661754608,0.11945973336696625
YJR092W,YKL200C,0,0.5922685,0.25312501192092896,0.4029850661754608,0.11955977976322174
YDR518W,YPR149W,0,0.59226316,0.25296688079833984,0.4029850661754608,0.11965983361005783
YNR004W,YCR097WB,0,0.592212,0.25280898809432983,0.4029850661754608,0.11975988000631332
YHR164C,YCR080W,0,0.59167105,0.25265127420425415,0.4029850661754608,0.11985992640256882
YGR282C,YJR130C,0,0.5916228,0.2524937689304352,0.4029850661754608,0.11995998024940491
YLR391W,YKL158W,1,0.59161085,0.2529594898223877,0.4039801061153412,0.11995998024940491
YEL012W,YPR163C,0,0.5914616,0.2528019845485687,0.4039801061153412,0.1200600266456604
YOL103W-B,YFL002W-B,0,0.59128773,0.25264468789100647,0.4039801061153412,0.12016008049249649
YNL273W,YPR001W,0,0.59127396,0.25248757004737854,0.4039801061153412,0.12026012688875198
YNL304W,YFL035C,0,0.5912641,0.25233063101768494,0.4039801061153412,0.12036018073558807
YDR262W,YLR391W,0,0.5912383,0.25217390060424805,0.4039801061153412,0.12046022713184357
YKL097W-A,YFL021W,0,0.5910801,0.25201737880706787,0.4039801061153412,0.12056028097867966
YDR076W,YJL144W,0,0.5907875,0.251861035823822,0.4039801061153412,0.12066032737493515
YGR072W,YGL046W,0,0.59048104,0.2517049014568329,0.4039801061153412,0.12076038122177124
YER050C,YCL003W,0,0.5902812,0.2515489459037781,0.4039801061153412,0.12086042761802673
YOL082W,YCR097WB,0,0.5897767,0.25139319896698,0.4039801061153412,0.12096048146486282
YBL101W-B,YJR034W,0,0.5897643,0.2512376308441162,0.4039801061153412,0.12106052786111832
YPR158C-C,YDR151C,0,0.58952785,0.25108224153518677,0.4039801061153412,0.1211605817079544
YIL017W,YDR404C,0,0.5894578,0.25092706084251404,0.4039801061153412,0.1212606281042099
YHR156C,YCL060C,0,0.58922476,0.250772088766098,0.4039801061153412,0.12136068195104599
YLR040C,YKL097W-A,1,0.5891479,0.2512345612049103,0.40497511625289917,0.12136068195104599
YLR305C,YIL017W,0,0.58870965,0.25107958912849426,0.40497511625289917,0.12146072834730148
YJL158C,YLR286C,1,0.58856064,0.2515413165092468,0.40597015619277954,0.12146072834730148
YDR210C-C,YPL273W,0,0.5885044,0.2513863146305084,0.40597015619277954,0.12156078219413757
YPL082C,YCL003W,0,0.5884967,0.25123152136802673,0.40597015619277954,0.12166082859039307
YNL107W,YCR097WB,0,0.5884547,0.25107693672180176,0.40597015619277954,0.12176088243722916
YDL036C,YKL200C,0,0.5884062,0.2509225010871887,0.40597015619277954,0.12186092883348465
YBR075W,YPR198W,0,0.5879776,0.2507682740688324,0.40597015619277954,0.12196098268032074
YMR117C,YGL256W,0,0.5877279,0.2506142556667328,0.40597015619277954,0.12206102907657623
YLR153C,YIL076W,0,0.5877274,0.2504604160785675,0.40597015619277954,0.12216108292341232
YLR391W,YAL029C,0,0.5876683,0.25030675530433655,0.40597015619277954,0.12226112931966782
YPR158C-C,YGL148W,0,0.5875717,0.2501532733440399,0.40597015619277954,0.1223611831665039
YLR391W,YLR042C,1,0.5874279,0.250612735748291,0.4069651663303375,0.1223611831665039
YDR090C,YFL035C,0,0.58725184,0.2504592835903168,0.4069651663303375,0.1224612295627594
YBR261C,YPL257W-B,0,0.58705515,0.25030601024627686,0.4069651663303375,0.12256128340959549
YKL082C,YDR369C,0,0.5870059,0.25015291571617126,0.4069651663303375,0.12266132980585098
YBR177C,YOR142W-A,0,0.5869925,0.25,0.4069651663303375,0.12276138365268707
YMR093W,YAL017W,0,0.5867673,0.24984727799892426,0.4069651663303375,0.12286143004894257
YLL002W,YOR237W,0,0.5863605,0.24969474971294403,0.4069651663303375,0.12296148389577866
YER103W,YGL030W,0,0.586153,0.24954240024089813,0.4069651663303375,0.12306153029203415
YPL187W,YLR286C,1,0.58599645,0.25,0.4079602062702179,0.12306153029203415
YNL238W,YIL017W,0,0.58573645,0.2498476505279541,0.4079602062702179,0.12316158413887024
YIL177C,YKL124W,0,0.5857206,0.24969549477100372,0.4079602062702179,0.12326163053512573
YLR129W,YGL004C,0,0.5855618,0.24954351782798767,0.4079602062702179,0.12336168438196182
YLR391W,YHR057C,1,0.5854969,0.25,0.4089552164077759,0.12336168438196182
YHR012W,YFL035C,0,0.58528185,0.24984802305698395,0.4089552164077759,0.12346173077821732
YOR142W,YIL017W,0,0.5852168,0.24969623982906342,0.4089552164077759,0.12356177717447281
YPR035W,YGL046W,0,0.5851801,0.24954462051391602,0.4089552164077759,0.1236618310213089
YDL107W,YNL284C-A,0,0.5851773,0.24939320981502533,0.4089552164077759,0.12376187741756439
YMR239C,YLR391W,0,0.58513385,0.24924196302890778,0.4089552164077759,0.12386193126440048
YGR109W-B,YJL082W,0,0.5850785,0.24909090995788574,0.4089552164077759,0.12396197766065598
YDR210C-C,YLR016C,0,0.58504397,0.24894003570079803,0.4089552164077759,0.12406203150749207
YDL061C,YFL002W-B,0,0.58498746,0.24878934025764465,0.4089552164077759,0.12416207790374756
YPL131W,YJL081C,0,0.58480847,0.2486388385295868,0.4089552164077759,0.12426213175058365
YKL200C,YIL042C,0,0.58477324,0.24848851561546326,0.4089552164077759,0.12436217814683914
YOR243C,YNL079C,0,0.58471966,0.24833837151527405,0.4089552164077759,0.12446223199367523
YGL068W,YML045W-A,0,0.58438164,0.24818840622901917,0.4089552164077759,0.12456227838993073
YMR276W,YPR158C-C,0,0.5842685,0.2480386197566986,0.4089552164077759,0.12466233223676682
YEL069C,YOL107W,0,0.5842406,0.24788902699947357,0.4089552164077759,0.12476237863302231
YGR177C,YLR391W,0,0.58380646,0.24773959815502167,0.4089552164077759,0.1248624324798584
YIR025W,YER165W,0,0.5836249,0.24759036302566528,0.4089552164077759,0.12496247887611389
YJR147W,YGL183C,0,0.5835548,0.24744130671024323,0.4089552164077759,0.12506252527236938
YLR157C,YMR006C,1,0.58354294,0.24789410829544067,0.40995025634765625,0.12506252527236938
YKL200C,YPR043W,0,0.58314794,0.24774503707885742,0.40995025634765625,0.12516258656978607
YBR271W,YPL240C,0,0.5830725,0.2475961595773697,0.40995025634765625,0.12526263296604156
YKR056W,YIL017W,0,0.5830583,0.2474474459886551,0.40995025634765625,0.12536267936229706
YOR215C,YLR391W,0,0.5829565,0.247298926115036,0.40995025634765625,0.12546272575855255
YOR247W,YKL158W,1,0.5827675,0.2477504462003708,0.41094526648521423,0.12546272575855255
YIL017W,YPL027W,0,0.5825911,0.24760191142559052,0.41094526648521423,0.12556278705596924
YJR055W,YCL060C,0,0.58254844,0.24745357036590576,0.41094526648521423,0.12566283345222473
YLR391W,YNL145W,1,0.5825253,0.2479041963815689,0.4119403064250946,0.12566283345222473
YNR057C,YMR272C,0,0.58248526,0.24775584042072296,0.4119403064250946,0.12576287984848022
YER014C-A,YKL061W,0,0.5824836,0.24760764837265015,0.4119403064250946,0.12586292624473572
YKL097W-A,YGR255C,0,0.58235955,0.24745965003967285,0.4119403064250946,0.1259629875421524
YML097C,YCL060C,0,0.5821504,0.24731183052062988,0.4119403064250946,0.1260630339384079
YCL008C,YKL097W-A,0,0.5818368,0.24716417491436005,0.4119403064250946,0.1261630803346634
YKL096W-A,YJL159W,1,0.58171886,0.24761337041854858,0.4129353165626526,0.1261630803346634
YMR093W,YIL017W,0,0.5815932,0.24746571481227875,0.4129353165626526,0.12626312673091888
YCR080W,YOR353C,0,0.58138305,0.24731823801994324,0.4129353165626526,0.12636318802833557
YKL009W,YOL026C,0,0.58095175,0.24717094004154205,0.4129353165626526,0.12646323442459106
YFL035C,YLL043W,0,0.58049315,0.247023805975914,0.4129353165626526,0.12656328082084656
YDR032C,YKL158W,1,0.5803711,0.24747174978256226,0.41393035650253296,0.12656328082084656
YLR227W-B,YJL085W,0,0.58031297,0.2473246157169342,0.41393035650253296,0.12666332721710205
YBL101W-B,YBR031W,0,0.5802564,0.24717766046524048,0.41393035650253296,0.12676338851451874
YGR252W,YIL017W,0,0.58017945,0.24703088402748108,0.41393035650253296,0.12686343491077423
YLL055W,YBR276C,0,0.58005464,0.2468842715024948,0.41393035650253296,0.12696348130702972
YOL043C,YGL046W,0,0.58001465,0.24673783779144287,0.41393035650253296,0.12706352770328522
YOR317W,YFL035C,0,0.5799901,0.24659158289432526,0.41393035650253296,0.1271635890007019
YML097C,YIL017W,0,0.57989603,0.24644549190998077,0.41393035650253296,0.1272636353969574
YOL129W,YLR380W,0,0.57988346,0.24629957973957062,0.41393035650253296,0.1273636817932129
YKL200C,YJR005W,0,0.57982445,0.2461538463830948,0.41393035650253296,0.12746372818946838
YNL282W,YLR391W,0,0.5797315,0.2460082769393921,0.41393035650253296,0.12756377458572388
YFL035C,YPR006C,0,0.5797067,0.24586288630962372,0.41393035650253296,0.12766383588314056
YPR001W,YFL035C,0,0.5797053,0.24571765959262848,0.41393035650253296,0.12776388227939606
YPR111W,YCL060C,0,0.57969135,0.24557261168956757,0.41393035650253296,0.12786392867565155
YLR390W-A,YKR102W,1,0.57965404,0.2460176944732666,0.41492536664009094,0.12786392867565155
YMR038C,YNL208W,0,0.5796014,0.2458726465702057,0.41492536664009094,0.12796397507190704
YLR391W,YBR162C,1,0.57945096,0.2463170289993286,0.4159204065799713,0.12796397507190704
YOR389W,YJR004C,1,0.57943046,0.24676088988780975,0.4169154167175293,0.12796397507190704
YDR032C,YJR004C,1,0.57937676,0.2472042441368103,0.41791045665740967,0.12796397507190704
YPR137W,YLL033W,0,0.5793324,0.24705882370471954,0.41791045665740967,0.12806403636932373
YJL174W,YKL158W,1,0.57932144,0.2475014626979828,0.41890546679496765,0.12806403636932373
YGR144W,YMR172W,0,0.5793137,0.24735605716705322,0.41890546679496765,0.12816408276557922
YNL281W,YIL017W,0,0.579295,0.2472108006477356,0.41890546679496765,0.12826412916183472
YDR534C,YJR153W,1,0.57892865,0.2476525753736496,0.419900506734848,0.12826412916183472
YJL225C,YKL097W-A,0,0.5788922,0.24750733375549316,0.419900506734848,0.1283641755580902
YBL101W-B,YNR072W,0,0.5786939,0.24736225605010986,0.419900506734848,0.1284642368555069
YOL043C,YCL003W,0,0.57857066,0.2472173422574997,0.419900506734848,0.1285642832517624
YDR210C-C,YNL006W,0,0.5785658,0.24707259237766266,0.419900506734848,0.12866432964801788
YMR093W,YIL133C,0,0.57850224,0.24692802131175995,0.419900506734848,0.12876437604427338
YOL093W,YLR391W,0,0.57807505,0.24678362905979156,0.419900506734848,0.12886443734169006
YDR196C,YOL040C,0,0.5779391,0.24663938581943512,0.419900506734848,0.12896448373794556
YFR001W,YDL083C,0,0.5778847,0.246495321393013,0.419900506734848,0.12906453013420105
YOR389W,YJL159W,1,0.57784194,0.24693520367145538,0.420895516872406,0.12906453013420105
YBR183W,YOR251C,0,0.57778364,0.24679113924503326,0.420895516872406,0.12916457653045654
YKR006C,YMR308C,0,0.5777491,0.24664722383022308,0.420895516872406,0.12926463782787323
YBR020W,YEL070W,0,0.57761884,0.24650350213050842,0.420895516872406,0.12936468422412872
YPR137C-A,YAL054C,0,0.5773606,0.2463599294424057,0.420895516872406,0.12946473062038422
YOR190W,YBR078W,1,0.5769741,0.24679860472679138,0.4218905568122864,0.12946473062038422
YLR300W,YHR057C,1,0.576916,0.24723675847053528,0.42288556694984436,0.12946473062038422
YMR300C,YDR461W,0,0.57647866,0.24709302186965942,0.42288556694984436,0.1295647770166397
YKL200C,YCL034W,0,0.57612807,0.2469494491815567,0.42288556694984436,0.1296648383140564
YJL114W,YJL128C,0,0.57605106,0.2468060404062271,0.42288556694984436,0.1297648847103119
YOR232W,YCL060C,0,0.57594675,0.24666279554367065,0.42288556694984436,0.12986493110656738
YOR009W,YDR534C,1,0.5759036,0.24709977209568024,0.42388060688972473,0.12986493110656738
YKL007W,YDL055C,0,0.57585996,0.24695652723312378,0.42388060688972473,0.12996497750282288
YER117W,YHR051W,0,0.57561415,0.24681344628334045,0.42388060688972473,0.13006503880023956
YPR002W,YCR055C,0,0.57559747,0.24667052924633026,0.42388060688972473,0.13016508519649506
YDR263C,YGL046W,0,0.5754414,0.2465277761220932,0.42388060688972473,0.13026513159275055
YJR083C,YJL117W,0,0.5754166,0.24638518691062927,0.42388060688972473,0.13036517798900604
YKL200C,YNR010W,0,0.5753823,0.24624277651309967,0.42388060688972473,0.13046523928642273
YHR143W,YMR008C,1,0.57529134,0.2466782182455063,0.4248756170272827,0.13046523928642273
YKL097W-A,YDL216C,0,0.57528096,0.2465357929468155,0.4248756170272827,0.13056528568267822
YNL032W,YCL060C,0,0.5750153,0.24639353156089783,0.4248756170272827,0.13066533207893372
YLR391W,YPL208W,0,0.5749659,0.2462514489889145,0.4248756170272827,0.1307653784751892
YJL085W,YBR093C,0,0.57487696,0.2461095154285431,0.4248756170272827,0.1308654397726059
YBR187W,YCL057W,0,0.5748667,0.24596774578094482,0.4248756170272827,0.1309654861688614
YKL217W,YMR300C,0,0.57483834,0.2458261400461197,0.4248756170272827,0.13106553256511688
YIL017W,YAR031W,0,0.5747979,0.2456846982240677,0.4248756170272827,0.13116557896137238
YLR209C,YGL046W,0,0.5746866,0.24554342031478882,0.4248756170272827,0.13126564025878906
YOR323C,YLR391W,0,0.5746018,0.2454022914171219,0.4248756170272827,0.13136568665504456
YHR082C,YCL060C,0,0.574599,0.24526134133338928,0.4248756170272827,0.13146573305130005
YOR237W,YBR177C,0,0.57459736,0.2451205551624298,0.4248756170272827,0.13156577944755554
YFR001W,YHR039C-A,0,0.57449144,0.24497991800308228,0.4248756170272827,0.13166582584381104
YBL101W-B,YMR172W,0,0.57440907,0.24483944475650787,0.4248756170272827,0.13176588714122772
YJL071W,YCL003W,0,0.57429814,0.2446991354227066,0.4248756170272827,0.13186593353748322
YJR150C,YAR071W,1,0.57407945,0.2451317310333252,0.4258706569671631,0.13186593353748322
YKR002W,YCL003W,0,0.57382256,0.24499140679836273,0.4258706569671631,0.1319659799337387
YLR157C,YNL160W,1,0.5736983,0.2454233467578888,0.42686566710472107,0.1319659799337387
YLR391W,YKL157W,1,0.57354313,0.24585478007793427,0.42786070704460144,0.1319659799337387
YLR391W,YOR010C,1,0.5735273,0.24628572165966034,0.4288557171821594,0.1319659799337387
YGL170C,YKR019C,0,0.5733649,0.24614505469799042,0.4288557171821594,0.1320660263299942
YLR033W,YGL046W,0,0.5733263,0.24600456655025482,0.4288557171821594,0.1321660876274109
YKL200C,YJL060W,0,0.5732304,0.24586422741413116,0.4288557171821594,0.13226613402366638
YDL049C,YLR042C,1,0.5731939,0.24629418551921844,0.4298507571220398,0.13226613402366638
YER117W,YGL236C,0,0.5729131,0.2461538463830948,0.4298507571220398,0.13236618041992188
YJL114W,YDR262W,0,0.5728919,0.24601367115974426,0.4298507571220398,0.13246622681617737
YJR130C,YPL093W,0,0.57287395,0.24587364494800568,0.4298507571220398,0.13256628811359406
YDR167W,YNL284C-A,0,0.57281154,0.24573378264904022,0.4298507571220398,0.13266633450984955
YBR247C,YPR137C-A,0,0.57248354,0.2455940842628479,0.4298507571220398,0.13276638090610504
YPR200C,YLR325C,0,0.5724693,0.2454545497894287,0.4298507571220398,0.13286642730236053
YDR079W,YGL046W,0,0.57239586,0.24531516432762146,0.4298507571220398,0.13296648859977722
YDR167W,YLR391W,0,0.5723644,0.24517594277858734,0.4298507571220398,0.13306653499603271
YPR204W,YIL047C,0,0.57222086,0.24503687024116516,0.4298507571220398,0.1331665813922882
YDL121C,YBR287W,0,0.57220864,0.2448979616165161,0.4298507571220398,0.1332666277885437
YOR206W,YJL155C,0,0.5721064,0.244759202003479,0.4298507571220398,0.1333666890859604
YIL017W,YNL052W,0,0.57185626,0.24462060630321503,0.4298507571220398,0.13346673548221588
YGL046W,YML109W,0,0.57181126,0.24448217451572418,0.4298507571220398,0.13356678187847137
YOR147W,YLR391W,0,0.5715817,0.24434389173984528,0.4298507571220398,0.13366682827472687
YKL158W,YNR067C,1,0.5715508,0.2447710633277893,0.4308457672595978,0.13366682827472687
YPL180W,YER087C-B,0,0.5711922,0.2446327656507492,0.4308457672595978,0.13376688957214355
YDR254W,YGL046W,0,0.5710936,0.24449463188648224,0.4308457672595978,0.13386693596839905
YPR160W,YKR044W,0,0.57102174,0.2443566620349884,0.4308457672595978,0.13396698236465454
YKR103W,YKL200C,0,0.5709421,0.2442188411951065,0.4308457672595978,0.13406702876091003
YKL200C,YOR299W,0,0.5708696,0.24408116936683655,0.4308457672595978,0.13416709005832672
YGR185C,YLR391W,0,0.57082653,0.24394366145133972,0.4308457672595978,0.13426713645458221
YLR391W,YOR190W,1,0.5707912,0.24436937272548676,0.43184080719947815,0.13426713645458221
YPL131W,YPR138C,0,0.5704772,0.24423184990882874,0.43184080719947815,0.1343671828508377
YDR451C,YNL230C,0,0.5704033,0.24409449100494385,0.43184080719947815,0.1344672292470932
YJR004C,YOR214C,1,0.57004434,0.2445193976163864,0.43283581733703613,0.1344672292470932
YGR169C,YLL055W,0,0.5699113,0.24438202381134033,0.43283581733703613,0.1345672905445099
YJL087C,YCL003W,0,0.5698923,0.2442447990179062,0.43283581733703613,0.13466733694076538
YML097C,YLR391W,0,0.56950957,0.24410773813724518,0.43283581733703613,0.13476738333702087
YFL014W,YLR227W-B,0,0.5693293,0.2439708411693573,0.43283581733703613,0.13486742973327637
YIL139C,YLR391W,0,0.5692683,0.24383407831192017,0.43283581733703613,0.13496749103069305
YNL153C,YPR137C-A,0,0.5691046,0.24369747936725616,0.43283581733703613,0.13506753742694855
YOR212W,YDL128W,0,0.5690989,0.2435610294342041,0.43283581733703613,0.13516758382320404
YJR153W,YKL158W,1,0.5690501,0.24398432672023773,0.4338308572769165,0.13516758382320404
YGR282C,YKL200C,0,0.5688363,0.24384787678718567,0.4338308572769165,0.13526763021945953
YLR391W,YLR050C,0,0.5687379,0.24371157586574554,0.4338308572769165,0.13536767661571503
YFL035C,YMR304W,0,0.5687089,0.24357542395591736,0.4338308572769165,0.1354677379131317
YLR391W,YLR037C,1,0.5686477,0.24399776756763458,0.4348258674144745,0.1354677379131317
YCR080W,YPL196W,0,0.5685722,0.2438616007566452,0.4348258674144745,0.1355677843093872
YDR173C,YLR391W,0,0.5684501,0.24372559785842896,0.4348258674144745,0.1356678307056427
YGR221C,YGL037C,0,0.5680597,0.24358974397182465,0.4348258674144745,0.1357678771018982
YPR133W-A,YMR240C,0,0.5676386,0.24345403909683228,0.4348258674144745,0.13586793839931488
YMR039C,YLL012W,0,0.5675567,0.24331848323345184,0.4348258674144745,0.13596798479557037
YCR093W,YBR187W,0,0.5661966,0.24318307638168335,0.4348258674144745,0.13606803119182587
YJR119C,YBR093C,0,0.5659723,0.243047833442688,0.4348258674144745,0.13616807758808136
YOL155C,YKR013W,1,0.5658197,0.24346859753131866,0.43582090735435486,0.13616807758808136
YEL012W,YHR214C-B,0,0.5653515,0.2433333396911621,0.43582090735435486,0.13626813888549805
YGL122C,YNL202W,0,0.5644632,0.2431982159614563,0.43582090735435486,0.13636818528175354
YNL066W,YNL322C,1,0.5640936,0.2436182051897049,0.43681591749191284,0.13636818528175354
YER014C-A,YFL017W-A,0,0.56406116,0.24348308145999908,0.43681591749191284,0.13646823167800903
YLR256W-A,YJL024C,0,0.56365556,0.2433481216430664,0.43681591749191284,0.13656827807426453
YGR252W,YGL103W,0,0.56312853,0.24321329593658447,0.43681591749191284,0.1366683393716812
YGL026C,YER087C-B,0,0.5630483,0.24307863414287567,0.43681591749191284,0.1367683857679367
YLR278C,YLR348C,0,0.5629688,0.24294410645961761,0.43681591749191284,0.1368684321641922
YNL271C,YPR001W,0,0.5627181,0.2428097277879715,0.43681591749191284,0.1369684785604477
YMR038C,YPR030W,0,0.56268305,0.2426755130290985,0.43681591749191284,0.13706853985786438
YBR202W,YOL158C,0,0.5625296,0.24254143238067627,0.43681591749191284,0.13716858625411987
YJL117W,YMR159C,0,0.5625053,0.24240751564502716,0.43681591749191284,0.13726863265037537
YNL231C,YAL038W,0,0.5623127,0.2422737330198288,0.43681591749191284,0.13736867904663086
YGR034W,YOR232W,0,0.56203115,0.24214009940624237,0.43681591749191284,0.13746874034404755
YGR144W,YKR103W,0,0.56195414,0.24200661480426788,0.43681591749191284,0.13756878674030304
YJL103C,YER087C-B,0,0.56143194,0.24187327921390533,0.43681591749191284,0.13766883313655853
YLR300W,YJL078C,1,0.5614035,0.24229075014591217,0.4378109574317932,0.13766883313655853
YGR288W,YHR077C,0,0.5611333,0.24215739965438843,0.4378109574317932,0.13776887953281403
YOL142W,YER087W,0,0.56093615,0.24202419817447662,0.4378109574317932,0.1378689408302307
YLR182W,YOL101C,0,0.5606819,0.24189114570617676,0.4378109574317932,0.1379689872264862
YER019C-A,YBR072W,0,0.5606071,0.24175824224948883,0.4378109574317932,0.1380690336227417
YNL322C,YKL157W,1,0.560529,0.24217462539672852,0.4388059675693512,0.1380690336227417
YOL011W,YLR042C,1,0.56043684,0.24259056150913239,0.43980100750923157,0.1380690336227417
YHR029C,YPL180W,0,0.5600801,0.24245749413967133,0.43980100750923157,0.1381690800189972
YLR110C,YBR078W,1,0.5600439,0.24287280440330505,0.44079601764678955,0.1381690800189972
YHR057C,YJL078C,1,0.5598015,0.24328766763210297,0.4417910575866699,0.1381690800189972
YKL096W-A,YBR301W,1,0.55975896,0.24370208382606506,0.4427860677242279,0.1381690800189972
YGL212W,YPR152C,0,0.5593785,0.24356868863105774,0.4427860677242279,0.13826914131641388
YNL172W,YEL070W,0,0.5586947,0.24343544244766235,0.4427860677242279,0.13836918771266937
YHR143W,YKR013W,1,0.55828166,0.24384909868240356,0.4437811076641083,0.13836918771266937
YEL040W,YNL070W,0,0.557855,0.24371585249900818,0.4437811076641083,0.13846923410892487
YDL133C-A,YLR300W,0,0.5577135,0.24358274042606354,0.4437811076641083,0.13856928050518036
YNL202W,YMR296C,0,0.55734617,0.24344977736473083,0.4437811076641083,0.13866934180259705
YOR389W,YDL049C,1,0.55715877,0.24386252462863922,0.44477611780166626,0.13866934180259705
YBR067C,YDR337W,0,0.55660206,0.24372954666614532,0.44477611780166626,0.13876938819885254
YGR221C,YML128C,0,0.5564794,0.24359673261642456,0.44477611780166626,0.13886943459510803
YLR157C,YCR089W,1,0.55645114,0.24400871992111206,0.44577115774154663,0.13886943459510803
YKL041W,YOR142W-A,0,0.5561058,0.2438758909702301,0.44577115774154663,0.13896948099136353
YOR301W,YOR313C,0,0.5558926,0.2437431961297989,0.44577115774154663,0.13906952738761902
YNR067C,YNL307C,0,0.555885,0.2436106652021408,0.44577115774154663,0.1391695886850357
YJR149W,YNR044W,0,0.55582076,0.24347825348377228,0.44577115774154663,0.1392696350812912
YGL209W,YFR045W,0,0.5555906,0.24334600567817688,0.44577115774154663,0.1393696814775467
YJL194W,YKL165C,0,0.55542195,0.24321389198303223,0.44577115774154663,0.13946972787380219
YOR393W,YGL220W,0,0.55513984,0.2430819272994995,0.44577115774154663,0.13956978917121887
YAL005C,YJR004C,1,0.5549601,0.24349240958690643,0.4467661678791046,0.13956978917121887
YLR197W,YKR068C,0,0.55495137,0.24336043000221252,0.4467661678791046,0.13966983556747437
YDL206W,YML039W,0,0.5548655,0.24322859942913055,0.4467661678791046,0.13976988196372986
YNL208W,YER002W,0,0.55435485,0.24309691786766052,0.4467661678791046,0.13986992835998535
YLR390W-A,YMR238W,1,0.5543017,0.24350649118423462,0.447761207818985,0.13986992835998535
YOR382W,YMR238W,1,0.55420023,0.2439156323671341,0.44875621795654297,0.13986992835998535
YDR210C-C,YGR020C,0,0.5540424,0.24378378689289093,0.44875621795654297,0.13996998965740204
YOL155C,YBR301W,1,0.55381936,0.24419233202934265,0.44975125789642334,0.13996998965740204
YJL024C,YLR151C,0,0.55277264,0.2440604716539383,0.44975125789642334,0.14007003605365753
YFR018C,YLR213C,0,0.5525779,0.24392876029014587,0.44975125789642334,0.14017008244991302
YPL042C,YEL030W,0,0.5525369,0.2437971979379654,0.44975125789642334,0.14027012884616852
YKL157W,YAR071W,1,0.5522282,0.24420484900474548,0.4507462680339813,0.14027012884616852
YDL133C-A,YDR172W,0,0.552225,0.2440732717514038,0.4507462680339813,0.1403701901435852
YCL004W,YNL230C,0,0.551957,0.24394184350967407,0.4507462680339813,0.1404702365398407
YDR090C,YPR149W,0,0.5517766,0.24381054937839508,0.4507462680339813,0.1405702829360962
YEL053C,YLR187W,0,0.55142504,0.24367940425872803,0.4507462680339813,0.14067032933235168
YMR276W,YGL014W,0,0.5510008,0.24354839324951172,0.4507462680339813,0.14077039062976837
YGR252W,YGR175C,0,0.5501612,0.24341751635074615,0.4507462680339813,0.14087043702602386
YLR042C,YLR251W,0,0.55004317,0.24328678846359253,0.4507462680339813,0.14097048342227936
YKR013W,YKL096W,1,0.55004174,0.24369296431541443,0.4517413079738617,0.14097048342227936
YBR257W,YOR351C,0,0.55003935,0.2435622364282608,0.4517413079738617,0.14107052981853485
YER049W,YBR067C,0,0.55000746,0.24343164265155792,0.4517413079738617,0.14117059111595154
YIL170W,YKL053C-A,0,0.54963017,0.2433011829853058,0.4517413079738617,0.14127063751220703
YHR179W,YPR171W,0,0.54962987,0.2431708574295044,0.4517413079738617,0.14137068390846252
YOR142W-A,YMR025W,0,0.54944557,0.24304068088531494,0.4517413079738617,0.14147073030471802
YAL060W,YOR377W,0,0.5491624,0.24291065335273743,0.4517413079738617,0.1415707916021347
YJR150C,YJR004C,1,0.54902846,0.24331550300121307,0.4527363181114197,0.1415707916021347
YLL051C,YCR087C-A,0,0.5488653,0.24318546056747437,0.4527363181114197,0.1416708379983902
YBR271W,YPR030W,0,0.5483384,0.2430555522441864,0.4527363181114197,0.1417708843946457
YKL096W-A,YOR009W,1,0.5482149,0.24345968663692474,0.45373135805130005,0.1417708843946457
YNR057C,YGR268C,0,0.5481277,0.24332977831363678,0.45373135805130005,0.14187093079090118
YDL022W,YER137C,0,0.54749435,0.24320000410079956,0.45373135805130005,0.14197099208831787
YGL083W,YLR329W,0,0.547486,0.24307036399841309,0.45373135805130005,0.14207103848457336
YLR110C,YOR382W,1,0.5474348,0.24347363412380219,0.45472636818885803,0.14207103848457336
YOR247W,YKL157W,1,0.54718685,0.24387645721435547,0.455721378326416,0.14207103848457336
YDL029W,YIL094C,0,0.54696655,0.24374666810035706,0.455721378326416,0.14217108488082886
YPR121W,YLR158C,1,0.546796,0.24414893984794617,0.4567164182662964,0.14217108488082886
YLR286C,YOL011W,1,0.54588526,0.24455076456069946,0.45771142840385437,0.14217108488082886
YNL073W,YGL256W,0,0.54542905,0.2444208264350891,0.45771142840385437,0.14227113127708435
YKL175W,YML132W,0,0.54510087,0.2442910224199295,0.45771142840385437,0.14237119257450104
YAL005C,YJL078C,1,0.54498905,0.2446921467781067,0.45870646834373474,0.14237119257450104
YNL066W,YAR066W,1,0.5431861,0.24509283900260925,0.4597014784812927,0.14237119257450104
YBR271W,YLR251W,0,0.54281,0.2449628859758377,0.4597014784812927,0.14247123897075653
YBR195C,YHR211W,0,0.5425448,0.2448330670595169,0.4597014784812927,0.14257128536701202
YML058W-A,YKL203C,0,0.54206955,0.24470339715480804,0.4597014784812927,0.14267133176326752
YLR289W,YNL208W,0,0.5416189,0.24457384645938873,0.4597014784812927,0.1427713930606842
YOL010W,YOR313C,0,0.5412424,0.24444444477558136,0.4597014784812927,0.1428714394569397
YKL201C,YGR229C,0,0.5411771,0.24431517720222473,0.4597014784812927,0.1429714858531952
YKL201C,YLR316C,0,0.54114825,0.24418604373931885,0.4597014784812927,0.14307153224945068
YMR046C,YNL290W,0,0.54083437,0.2440570592880249,0.4597014784812927,0.14317157864570618
YJR004C,YMR006C,1,0.54063654,0.24445617198944092,0.4606965184211731,0.14317157864570618
YJL191W,YCR011C,0,0.54015654,0.24432717263698578,0.4606965184211731,0.14327163994312286
YER162C,YJL130C,0,0.5399726,0.24419830739498138,0.4606965184211731,0.14337168633937836
YFR018C,YNL259C,0,0.5397678,0.24406957626342773,0.4606965184211731,0.14347173273563385
YPR158C-C,YGL212W,0,0.5394086,0.24394099414348602,0.4606965184211731,0.14357177913188934
YOR204W,YLR278C,0,0.5393294,0.24381253123283386,0.4606965184211731,0.14367184042930603
YNL282W,YDR476C,0,0.53845936,0.24368421733379364,0.4606965184211731,0.14377188682556152
YPR158C-C,YHR041C,0,0.5383045,0.24355602264404297,0.4606965184211731,0.14387193322181702
YIL015W,YAR071W,1,0.538235,0.24395373463630676,0.4616915285587311,0.14387193322181702
YMR305C,YNR044W,1,0.53816545,0.24435102939605713,0.46268656849861145,0.14387193322181702
YDR083W,YBL041W,0,0.5376602,0.24422268569469452,0.46268656849861145,0.1439719796180725
YJR036C,YNL202W,0,0.53759336,0.24409449100494385,0.46268656849861145,0.1440720409154892
YER175C,YNR060W,0,0.5374201,0.24396641552448273,0.46268656849861145,0.1441720873117447
YER165W,YOR275C,0,0.5369619,0.24383848905563354,0.46268656849861145,0.14427213370800018
YCL018W,YBR145W,0,0.5363495,0.2437106966972351,0.46268656849861145,0.14437218010425568
YPL094C,YMR186W,0,0.5363369,0.24358302354812622,0.46268656849861145,0.14447224140167236
YOR393W,YMR213W,0,0.5362676,0.24345549941062927,0.46268656849861145,0.14457228779792786
YNL079C,YLR197W,0,0.5361567,0.24332809448242188,0.46268656849861145,0.14467233419418335
YDR072C,YBR052C,0,0.5361079,0.24320083856582642,0.46268656849861145,0.14477238059043884
YNR031C,YPR119W,0,0.5355409,0.2430737018585205,0.46268656849861145,0.14487244188785553
YDL047W,YGR027C,0,0.53540957,0.24294671416282654,0.46268656849861145,0.14497248828411102
YNL066W,YJR151C,1,0.53475624,0.24334204196929932,0.46368157863616943,0.14497248828411102
YAL040C,YLR160C,0,0.5338943,0.24321502447128296,0.46368157863616943,0.14507253468036652
YNR057C,YPR152C,0,0.5338836,0.24308815598487854,0.46368157863616943,0.145172581076622
YDR055W,YIL015W,1,0.53347796,0.2434827983379364,0.4646766185760498,0.145172581076622
YJL079C,YGR282C,1,0.533275,0.24387702345848083,0.4656716287136078,0.145172581076622
YKL096W-A,YLR042C,1,0.5328781,0.24427083134651184,0.46666666865348816,0.145172581076622
YLR329W,YOR285W,0,0.532431,0.24414367973804474,0.46666666865348816,0.1452726423740387
YJL071W,YLR042C,0,0.53233624,0.2440166473388672,0.46666666865348816,0.1453726887702942
YOR287C,YFL014W,0,0.532124,0.24388974905014038,0.46666666865348816,0.14547273516654968
YKL096W-A,YLR194C,1,0.5320135,0.24428273737430573,0.46766167879104614,0.14547273516654968
YKL009W,YGL030W,0,0.53122616,0.24415583908557892,0.46766167879104614,0.14557278156280518
YCR011C,YPL093W,0,0.53098637,0.24402907490730286,0.46766167879104614,0.14567284286022186
YKL096W-A,YGR282C,1,0.53066796,0.24442137777805328,0.4686567187309265,0.14567284286022186
YMR046C,YOR349W,0,0.5300931,0.24429459869861603,0.4686567187309265,0.14577288925647736
YPL099C,YGL256W,0,0.5290691,0.2441679686307907,0.4686567187309265,0.14587293565273285
YFR045W,YCL025C,0,0.5290265,0.24404145777225494,0.4686567187309265,0.14597298204898834
YPL094C,YBR037C,0,0.5289965,0.24391506612300873,0.4686567187309265,0.14607304334640503
YPR187W,YMR203W,0,0.5289269,0.24378882348537445,0.4686567187309265,0.14617308974266052
YNL138W,YBL098W,0,0.52840203,0.24366270005702972,0.4686567187309265,0.14627313613891602
YPR026W,YER087C-B,0,0.5284006,0.24353671073913574,0.4686567187309265,0.1463731825351715
YGR032W,YPL119C,0,0.52835304,0.2434108555316925,0.4686567187309265,0.1464732438325882
YNR067C,YBR192W,0,0.52820045,0.24328511953353882,0.4686567187309265,0.1465732902288437
YMR008C,YPR163C,0,0.52765125,0.24315951764583588,0.4686567187309265,0.14667333662509918
YBR271W,YPL183W-A,0,0.5274042,0.24303404986858368,0.4686567187309265,0.14677338302135468
YJR028W,YDL198C,0,0.5273555,0.24290871620178223,0.4686567187309265,0.14687342941761017
YGR221C,YLR073C,0,0.527277,0.24278350174427032,0.4686567187309265,0.14697349071502686
YMR319C,YKL201C,0,0.52703005,0.24265842139720917,0.4686567187309265,0.14707353711128235
YGR189C,YNR067C,1,0.5268728,0.24304839968681335,0.4696517288684845,0.14707353711128235
YKR102W,YCL026C-B,0,0.52682835,0.2429233193397522,0.4696517288684845,0.14717358350753784
YNR035C,YGR027C,0,0.5257506,0.2427983582019806,0.4696517288684845,0.14727362990379333
YCL043C,YOL028C,0,0.52566916,0.24267351627349854,0.4696517288684845,0.14737369120121002
YPR121W,YOR190W,1,0.525262,0.24306268990039825,0.47064676880836487,0.14737369120121002
YLR157C,YLR219W,0,0.52505195,0.2429378479719162,0.47064676880836487,0.14747373759746552
YDR476C,YDR140W,0,0.52488434,0.2428131401538849,0.47064676880836487,0.147573783993721
YJL079C,YKL096W,1,0.5246498,0.24320164322853088,0.47164177894592285,0.147573783993721
YMR006C,YKL096W,1,0.5244333,0.24358974397182465,0.4726368188858032,0.147573783993721
YPR196W,YBR271W,0,0.5242979,0.2434648871421814,0.4726368188858032,0.1476738303899765
YBL091C-A,YDL083C,0,0.5241647,0.2433401644229889,0.4726368188858032,0.1477738916873932
YHR214C-B,YOR243C,0,0.5241511,0.24321556091308594,0.4726368188858032,0.14787393808364868
YGR264C,YKL003C,0,0.5236524,0.24309109151363373,0.4726368188858032,0.14797398447990417
YER055C,YJL172W,0,0.5233702,0.24296675622463226,0.4726368188858032,0.14807403087615967
YGR288W,YNL117W,0,0.5230981,0.24284254014492035,0.4726368188858032,0.14817409217357635
YMR049C,YKL064W,0,0.52294624,0.24271844327449799,0.4726368188858032,0.14827413856983185
YGL209W,YKL067W,0,0.5228599,0.24259448051452637,0.4726368188858032,0.14837418496608734
YOR009W,YJL159W,1,0.5226504,0.24298110604286194,0.4736318290233612,0.14837418496608734
YNR004W,YIL048W,0,0.5222827,0.24285714328289032,0.4736318290233612,0.14847423136234283
YDR032C,YLR213C,1,0.52226037,0.2432432472705841,0.4746268689632416,0.14847423136234283
YLL002W,YDL028C,0,0.52181715,0.2431192696094513,0.4746268689632416,0.14857429265975952
YEL043W,YOR317W,0,0.5216394,0.24299541115760803,0.4746268689632416,0.14867433905601501
YOR237W,YPR200C,0,0.52081233,0.24287168681621552,0.4746268689632416,0.1487743854522705
YJL078C,YNR067C,1,0.5205615,0.24325700104236603,0.47562187910079956,0.1487743854522705
YKL007W,YOL101C,0,0.52047575,0.24313326179981232,0.47562187910079956,0.148874431848526
YOR212W,YNL138W,0,0.5204373,0.24300965666770935,0.47562187910079956,0.1489744931459427
YJL158C,YBR078W,1,0.52042437,0.24339431524276733,0.47661691904067993,0.1489744931459427
YJL158C,YJL159W,1,0.51990473,0.24377857148647308,0.4776119291782379,0.1489744931459427
YEL031W,YOR243C,0,0.5198539,0.24365481734275818,0.4776119291782379,0.14907453954219818
YKL046C,YOR010C,1,0.5198529,0.24403855204582214,0.4786069691181183,0.14907453954219818
YGL026C,YPR160W,0,0.5197095,0.24391481280326843,0.4786069691181183,0.14917458593845367
YOR190W,YBR162C,1,0.51914006,0.2442980259656906,0.47960197925567627,0.14917458593845367
YJR147W,YOL158C,0,0.51909614,0.2441742718219757,0.47960197925567627,0.14927463233470917
YMR097C,YML039W,0,0.5189276,0.24405063688755035,0.47960197925567627,0.14937469363212585
YNL309W,YER190W,0,0.51868385,0.24392712116241455,0.47960197925567627,0.14947474002838135
YDL215C,YER115C,0,0.51864046,0.2438037395477295,0.47960197925567627,0.14957478642463684
YGL010W,YKR044W,0,0.5183131,0.24368049204349518,0.47960197925567627,0.14967483282089233
YEL053C,YOR098C,0,0.5180399,0.24355734884738922,0.47960197925567627,0.14977489411830902
YNL297C,YPR138C,0,0.5179614,0.243434339761734,0.47960197925567627,0.14987494051456451
YOL141W,YNL236W,0,0.5174799,0.24331146478652954,0.47960197925567627,0.14997498691082
YPR196W,YKL022C,0,0.5167864,0.24318869411945343,0.47960197925567627,0.1500750333070755
YPL123C,YLR040C,1,0.5166189,0.24357034265995026,0.48059701919555664,0.1500750333070755
YDR453C,YMR186W,0,0.51658124,0.24344758689403534,0.48059701919555664,0.1501750946044922
YGR052W,YDL128W,0,0.5164912,0.24332493543624878,0.48059701919555664,0.15027514100074768
YLR329W,YLR270W,0,0.5155373,0.24320241808891296,0.48059701919555664,0.15037518739700317
YLR219W,YFL023W,0,0.51531047,0.2430800199508667,0.48059701919555664,0.15047523379325867
YGR221C,YMR013C,0,0.51469916,0.24295774102210999,0.48059701919555664,0.15057529509067535
YKL170W,YDR492W,0,0.5143419,0.24283559620380402,0.48059701919555664,0.15067534148693085
YLR028C,YPR043W,0,0.51424104,0.2427135705947876,0.48059701919555664,0.15077538788318634
YJL117W,YLR268W,0,0.51405704,0.24259166419506073,0.48059701919555664,0.15087543427944183
YLR047C,YLR024C,0,0.5140362,0.2424698770046234,0.48059701919555664,0.15097548067569733
YLR160C,YLR037C,1,0.5139737,0.24284997582435608,0.4815920293331146,0.15097548067569733
YKL164C,YHR214W,1,0.5138286,0.2432296872138977,0.482587069272995,0.15097548067569733
YKR103W,YGR169C,0,0.51379263,0.24310776591300964,0.482587069272995,0.151075541973114
YOR247W,YLR194C,1,0.5133911,0.24348697066307068,0.483582079410553,0.151075541973114
YOL111C,YDR461W,0,0.51323575,0.24336504936218262,0.483582079410553,0.1511755883693695
YGR251W,YPR127W,0,0.5128572,0.2432432472705841,0.483582079410553,0.151275634765625
YBR120C,YNR044W,0,0.5125526,0.24312156438827515,0.483582079410553,0.1513756811618805
YDL179W,YKL172W,0,0.51220655,0.24300000071525574,0.483582079410553,0.15147574245929718
YJR004C,YGR279C,1,0.5122034,0.24337831139564514,0.48457711935043335,0.15147574245929718
YBR271W,YGL103W,0,0.5120471,0.24325674772262573,0.48457711935043335,0.15157578885555267
YMR267W,YMR143W,0,0.5118174,0.24313530325889587,0.48457711935043335,0.15167583525180817
YKR071C,YEL070W,0,0.5117306,0.24301397800445557,0.48457711935043335,0.15177588164806366
YDL246C,YHR069C,0,0.5112812,0.2428927719593048,0.48457711935043335,0.15187594294548035
YNL281W,YDR381C-A,0,0.5108944,0.2427716851234436,0.48457711935043335,0.15197598934173584
YIL162W,YIL015W,1,0.5107789,0.24314898252487183,0.48557212948799133,0.15197598934173584
YLL041C,YDR457W,0,0.51053685,0.24302789568901062,0.48557212948799133,0.15207603573799133
YPL119C,YOR393W,0,0.5101232,0.24290691316127777,0.48557212948799133,0.15217608213424683
YCR093W,YFR019W,0,0.5097181,0.24278606474399567,0.48557212948799133,0.1522761434316635
YGR282C,YLR213C,1,0.5095386,0.243162602186203,0.4865671694278717,0.1522761434316635
YJL079C,YHR214W,1,0.5093412,0.2435387670993805,0.4875621795654297,0.1522761434316635
YLR197W,YDR494W,0,0.5090674,0.24341778457164764,0.4875621795654297,0.152376189827919
YDL133C-A,YLR264W,0,0.5088605,0.24329692125320435,0.4875621795654297,0.1524762362241745
YMR305C,YOR190W,1,0.5085178,0.2436724603176117,0.48855721950531006,0.1524762362241745
YOR159C,YBR067C,0,0.50843984,0.2435515820980072,0.48855721950531006,0.15257628262043
YNL314W,YJL144W,0,0.5081982,0.24343083798885345,0.48855721950531006,0.15267634391784668
YLR157C,YFL014W,0,0.50795186,0.24331021308898926,0.48855721950531006,0.15277639031410217
YHR211W,YEL036C,0,0.50786394,0.24318969249725342,0.48855721950531006,0.15287643671035767
YHL012W,YDR337W,0,0.50763935,0.24306930601596832,0.48855721950531006,0.15297648310661316
YFR001W,YPR133W-A,0,0.50747734,0.24294903874397278,0.48855721950531006,0.15307654440402985
YHR214C-B,YLR047C,0,0.5072797,0.2428288757801056,0.48855721950531006,0.15317659080028534
YKL093W,YOL043C,0,0.50666094,0.24270884692668915,0.48855721950531006,0.15327663719654083
YOL112W,YCL024W,0,0.5062725,0.24258893728256226,0.48855721950531006,0.15337668359279633
YNL160W,YHR057C,1,0.50603056,0.24296295642852783,0.48955222964286804,0.15337668359279633
YPR149W,YOR285W,0,0.50582737,0.24284304678440094,0.48955222964286804,0.153476744890213
YBR026C,YDL148C,0,0.5055819,0.2427232414484024,0.48955222964286804,0.1535767912864685
YNL117W,YIL170W,0,0.5055365,0.24260355532169342,0.48955222964286804,0.153676837682724
YEL069C,YLR389C,0,0.50546026,0.242483988404274,0.48955222964286804,0.1537768840789795
YOR216C,YPR160W,0,0.50499636,0.2423645257949829,0.48955222964286804,0.15387694537639618
YML056C,YOR162C,0,0.50422996,0.24224519729614258,0.48955222964286804,0.15397699177265167
YBR195C,YLL012W,0,0.5039405,0.2421259880065918,0.48955222964286804,0.15407703816890717
YHR174W,YDR381C-A,0,0.50373703,0.24200688302516937,0.48955222964286804,0.15417708456516266
YML058W-A,YNL309W,0,0.503635,0.2418879121541977,0.48955222964286804,0.15427714586257935
YDR461W,YBR173C,0,0.5036289,0.24176904559135437,0.48955222964286804,0.15437719225883484
YOR214C,YIL015W,1,0.5034404,0.242141455411911,0.4905472695827484,0.15437719225883484
YOR214C,YHR214W,1,0.50269085,0.242513507604599,0.4915422797203064,0.15437719225883484
YJL191W,YJR032W,0,0.50238645,0.24239450693130493,0.4915422797203064,0.15447723865509033
YCL025C,YJR034W,0,0.5022745,0.24227562546730042,0.4915422797203064,0.15457728505134583
YNL080C,YCL026C-B,0,0.50176483,0.24215686321258545,0.4915422797203064,0.15467733144760132
YAL005C,YMR006C,1,0.5014937,0.24252817034721375,0.49253731966018677,0.15467733144760132
YNL153C,YPR006C,0,0.5013822,0.24240940809249878,0.49253731966018677,0.154777392745018
YJL103C,YJL144W,0,0.5011563,0.24229075014591217,0.49253731966018677,0.1548774391412735
YDR499W,YDR429C,0,0.5010509,0.2421722114086151,0.49253731966018677,0.154977485537529
YDR492W,YPL167C,0,0.5009728,0.2420537918806076,0.49253731966018677,0.15507753193378448
YDR453C,YPR152C,0,0.5008401,0.24193547666072845,0.49253731966018677,0.15517759323120117
YPR204W,YPR001W,0,0.5002119,0.24181729555130005,0.49253731966018677,0.15527763962745667
YMR182C,YBR096W,0,0.50016946,0.24169921875,0.49253731966018677,0.15537768602371216
YPL099C,YGL148W,0,0.49997893,0.2415812611579895,0.49253731966018677,0.15547773241996765
YDR310C,YGL259W,0,0.49972257,0.24146340787410736,0.49253731966018677,0.15557779371738434
YPL276W,YLR330W,0,0.4992939,0.24134568870067596,0.49253731966018677,0.15567784011363983
YGL237C,YOR310C,0,0.49907234,0.24122807383537292,0.49253731966018677,0.15577788650989532
YEL069C,YJR055W,0,0.49837294,0.24111056327819824,0.49253731966018677,0.15587793290615082
YGL028C,YJL159W,1,0.4982629,0.2414800375699997,0.49353232979774475,0.15587793290615082
YAL005C,YBR093C,1,0.49819973,0.2418491542339325,0.4945273697376251,0.15587793290615082
YCL026C-B,YLR164W,0,0.49782005,0.24173152446746826,0.4945273697376251,0.1559779942035675
YPL223C,YJL117W,0,0.4975259,0.24161399900913239,0.4945273697376251,0.156078040599823
YDL140C,YPR119W,0,0.4974133,0.24149659276008606,0.4945273697376251,0.1561780869960785
YNL202W,YKR044W,0,0.49734744,0.24137930572032928,0.4945273697376251,0.15627813339233398
YNL145W,YCR089W,1,0.49629107,0.24174757301807404,0.4955223798751831,0.15627813339233398
YGR282C,YOL011W,1,0.49624947,0.24211548268795013,0.4965174198150635,0.15627813339233398
YOL086C,YCL026C-B,0,0.49616775,0.24199806153774261,0.4965174198150635,0.15637819468975067
YBR093C,YLR042C,1,0.49602315,0.2423654943704605,0.49751242995262146,0.15637819468975067
YKL096W-A,YGL028C,1,0.49600133,0.24273255467414856,0.49850746989250183,0.15637819468975067
YJL160C,YKL157W,1,0.49551728,0.24309927225112915,0.4995024800300598,0.15637819468975067
YOR243C,YPL065W,0,0.49551663,0.24298161268234253,0.4995024800300598,0.15647824108600616
YKL096W-A,YDR461W,1,0.4951417,0.24334785342216492,0.5004975199699402,0.15647824108600616
YDR173C,YCL026C-B,0,0.49440578,0.2432301789522171,0.5004975199699402,0.15657828748226166
YKL217W,YDL111C,0,0.49417093,0.24311260879039764,0.5004975199699402,0.15667833387851715
YKL210W,YGR229C,0,0.49391457,0.24299517273902893,0.5004975199699402,0.15677839517593384
YOR247W,YJL078C,1,0.4939007,0.243360698223114,0.5014925599098206,0.15677839517593384
YMR117C,YLR244C,0,0.4935616,0.2432432472705841,0.5014925599098206,0.15687844157218933
YDR310C,YNR060W,0,0.49355164,0.24312590062618256,0.5014925599098206,0.15697848796844482
YPL122C,YHR174W,0,0.49322143,0.24300867319107056,0.5014925599098206,0.15707853436470032
YAL063C,YBR031W,0,0.4932159,0.2428915649652481,0.5014925599098206,0.157178595662117
YDL179W,YEL043W,0,0.49320623,0.24277456104755402,0.5014925599098206,0.1572786420583725
YOR304C-A,YNR060W,0,0.49288723,0.24265767633914948,0.5014925599098206,0.157378688454628
YHR143W,YBR301W,1,0.4922264,0.2430221438407898,0.5024875402450562,0.157378688454628
YDR429C,YOR232W,0,0.49221298,0.24290524423122406,0.5024875402450562,0.15747873485088348
YJR040W,YCL026C-B,0,0.4920695,0.24278846383094788,0.5024875402450562,0.15757879614830017
YHR214C-B,YBR080C,0,0.49196216,0.24267178773880005,0.5024875402450562,0.15767884254455566
YMR049C,YER175C,0,0.49166724,0.24255523085594177,0.5024875402450562,0.15777888894081116
YDR245W,YDL078C,0,0.4915,0.24243879318237305,0.5024875402450562,0.15787893533706665
YLL008W,YKR006C,0,0.49141374,0.24232245981693268,0.5024875402450562,0.15797899663448334
YKR019C,YDR470C,0,0.49136457,0.24220623075962067,0.5024875402450562,0.15807904303073883
YGL028C,YMR008C,1,0.49130175,0.24256950616836548,0.5034825801849365,0.15807904303073883
YGL162W,YLR383W,0,0.49129412,0.24245327711105347,0.5034825801849365,0.15817908942699432
YLR300W,YBR301W,1,0.49100956,0.24281609058380127,0.5044776201248169,0.15817908942699432
YHR179W,YGR145W,0,0.49097177,0.24269986152648926,0.5044776201248169,0.15827913582324982
YGL037C,YPR030W,0,0.49060336,0.2425837367773056,0.5044776201248169,0.1583791822195053
YKL046C,YGL028C,1,0.4902872,0.24294595420360565,0.5054726600646973,0.1583791822195053
YJL174W,YLL024C,1,0.48975965,0.24330784380435944,0.5064676403999329,0.1583791822195053
YGR185C,YLR251W,0,0.48970023,0.24319158494472504,0.5064676403999329,0.158479243516922
YAL038W,YNL307C,0,0.4894323,0.24307546019554138,0.5064676403999329,0.1585792899131775
YBL005W-B,YLR113W,0,0.48925236,0.2429594248533249,0.5064676403999329,0.15867933630943298
YDR353W,YDR381C-A,0,0.4891542,0.24284350872039795,0.5064676403999329,0.15877938270568848
YNL050C,YDL083C,0,0.48887548,0.24272771179676056,0.5064676403999329,0.15887944400310516
YAR035W,YOR349W,0,0.48870215,0.24261200428009033,0.5064676403999329,0.15897949039936066
YNL231C,YPL274W,0,0.4871877,0.24249643087387085,0.5064676403999329,0.15907953679561615
YPL167C,YGL103W,0,0.48714665,0.24238094687461853,0.5064676403999329,0.15917958319187164
YGL068W,YKL095W,0,0.48685017,0.24226558208465576,0.5064676403999329,0.15927964448928833
YMR193W,YDL148C,0,0.48648432,0.24215033650398254,0.5064676403999329,0.15937969088554382
YGL037C,YLR268W,0,0.48620448,0.24203519523143768,0.5064676403999329,0.15947973728179932
YAL060W,YDR530C,0,0.4861733,0.24192015826702118,0.5064676403999329,0.1595797836780548
YDL133C-A,YDL039C,0,0.48615035,0.24180522561073303,0.5064676403999329,0.1596798449754715
YPL134C,YPR138C,0,0.48560306,0.24169041216373444,0.5064676403999329,0.159779891371727
YBL091C-A,YNL262W,0,0.48554632,0.2415757030248642,0.5064676403999329,0.15987993776798248
YKR036C,YFR033C,0,0.4852369,0.24146109819412231,0.5064676403999329,0.15997998416423798
YKL041W,YBR145W,0,0.48512372,0.24134661257266998,0.5064676403999329,0.16008004546165466
YJR078W,YOR038C,0,0.48502883,0.241232231259346,0.5064676403999329,0.16018009185791016
YOR389W,YLR300W,1,0.48493454,0.2415916621685028,0.5074626803398132,0.16018009185791016
YEL069C,YML099C,0,0.48462972,0.24147726595401764,0.5074626803398132,0.16028013825416565
YCL014W,YHR082C,0,0.4844229,0.24136298894882202,0.5074626803398132,0.16038018465042114
YJL024C,YPL183W-A,0,0.4840487,0.24124881625175476,0.5074626803398132,0.16048024594783783
YOR126C,YLR264W,0,0.4838129,0.24113474786281586,0.5074626803398132,0.16058029234409332
YNL102W,YKR057W,0,0.48379138,0.2410207986831665,0.5074626803398132,0.16068033874034882
YCL026C-B,YLR348C,0,0.48283932,0.24090693891048431,0.5074626803398132,0.1607803851366043
YOR237W,YDR138W,0,0.48242745,0.24079319834709167,0.5074626803398132,0.160880446434021
YLR394W,YBR145W,0,0.4817302,0.2406795620918274,0.5074626803398132,0.1609804928302765
YBR301W,YDR461W,1,0.48172876,0.2410377413034439,0.5084577202796936,0.1609804928302765
YKL103C,YDR527W,0,0.48170695,0.24092409014701843,0.5084577202796936,0.16108053922653198
YMR229C,YMR143W,0,0.48168483,0.2408105581998825,0.5084577202796936,0.16118058562278748
YOR292C,YLR050C,0,0.48125532,0.24069713056087494,0.5084577202796936,0.16128064692020416
YGR175C,YDR226W,0,0.48085794,0.24058380722999573,0.5084577202796936,0.16138069331645966
YEL040W,YMR046C,0,0.48081842,0.24047058820724487,0.5084577202796936,0.16148073971271515
YBL112C,YPL188W,0,0.48042545,0.24035747349262238,0.5084577202796936,0.16158078610897064
YDR131C,YPL093W,0,0.48016122,0.24024447798728943,0.5084577202796936,0.16168084740638733
YDR055W,YOR010C,1,0.47960398,0.24060150980949402,0.509452760219574,0.16168084740638733
YGL037C,YOR089C,0,0.4795508,0.24048849940299988,0.509452760219574,0.16178089380264282
YNR072W,YEL056W,0,0.47893593,0.2403755933046341,0.509452760219574,0.16188094019889832
YJL194W,YPR163C,0,0.4787056,0.24026279151439667,0.509452760219574,0.1619809865951538
YDL021W,YOR294W,0,0.47869113,0.2401500940322876,0.509452760219574,0.1620810478925705
YJR026W,YFL054C,0,0.47815654,0.24003750085830688,0.509452760219574,0.162181094288826
YDR205W,YGL259W,0,0.4779751,0.23992502689361572,0.509452760219574,0.16228114068508148
YLL004W,YCR012W,0,0.477824,0.23981264233589172,0.509452760219574,0.16238118708133698
YAL038W,YGR246C,0,0.47747454,0.23970037698745728,0.509452760219574,0.16248123347759247
YBR238C,YGL163C,0,0.4771243,0.23958820104599,0.509452760219574,0.16258129477500916
YER014C-A,YBR173C,0,0.47700033,0.23947614431381226,0.509452760219574,0.16268134117126465
YGL051W,YBR061C,0,0.47663125,0.23936419188976288,0.509452760219574,0.16278138756752014
YML058W-A,YLR182W,0,0.47640726,0.23925234377384186,0.509452760219574,0.16288143396377563
YGR258C,YGL148W,0,0.4759393,0.239140585064888,0.509452760219574,0.16298149526119232
YPR200C,YGR185C,0,0.47584948,0.2390289455652237,0.509452760219574,0.16308154165744781
YMR305C,YLR213C,1,0.47580525,0.23938404023647308,0.5104477405548096,0.16308154165744781
YDL055C,YMR300C,0,0.47527513,0.23927238583564758,0.5104477405548096,0.1631815880537033
YEL053C,YNR072W,0,0.47506776,0.23916083574295044,0.5104477405548096,0.1632816344499588
YOL136C,YNL052W,0,0.47470126,0.23904938995838165,0.5104477405548096,0.1633816957473755
YNL070W,YAL040C,0,0.47460452,0.23893804848194122,0.5104477405548096,0.16348174214363098
YNR004W,YIL042C,0,0.47454306,0.23882681131362915,0.5104477405548096,0.16358178853988647
YLR020C,YOR098C,0,0.47432223,0.23871567845344543,0.5104477405548096,0.16368183493614197
YLR401C,YCL024W,0,0.4742255,0.23860464990139008,0.5104477405548096,0.16378189623355865
YKR035W-A,YNR044W,0,0.4741483,0.23849372565746307,0.5104477405548096,0.16388194262981415
YKL096W,YLR042C,1,0.47382435,0.23884758353233337,0.5114427804946899,0.16388194262981415
YER103W,YER104W,0,0.47368667,0.23873664438724518,0.5114427804946899,0.16398198902606964
YLR157C,YJL172W,0,0.47357288,0.23862580955028534,0.5114427804946899,0.16408203542232513
YGL122C,YBR187W,0,0.47340813,0.23851507902145386,0.5114427804946899,0.16418209671974182
YGR144W,YKL203C,0,0.47323945,0.23840445280075073,0.5114427804946899,0.16428214311599731
YHR179W,YLR113W,0,0.47298953,0.23829393088817596,0.5114427804946899,0.1643821895122528
YHR174W,YBR037C,0,0.47279903,0.23818349838256836,0.5114427804946899,0.1644822359085083
YKR054C,YBL098W,0,0.4723911,0.2380731850862503,0.5114427804946899,0.164582297205925
YBR301W,YLR042C,1,0.47237673,0.23842592537403107,0.5124378204345703,0.164582297205925
YBR247C,YHR082C,0,0.47202548,0.23831559717655182,0.5124378204345703,0.16468234360218048
YDL133C-A,YBR052C,0,0.47126248,0.23820535838603973,0.5124378204345703,0.16478238999843597
YFL057C,YOR294W,0,0.47115734,0.2380952388048172,0.5124378204345703,0.16488243639469147
YGL183C,YMR136W,0,0.47112176,0.23798520863056183,0.5124378204345703,0.16498249769210815
YGR180C,YBL005W-B,0,0.47031382,0.23787528276443481,0.5124378204345703,0.16508254408836365
YKL164C,YDR371W,1,0.47024664,0.23822714388370514,0.5134328603744507,0.16508254408836365
YCL025C,YMR250W,0,0.47007862,0.23811721801757812,0.5134328603744507,0.16518259048461914
YDL133C-A,YNL121C,0,0.47000656,0.23800738155841827,0.5134328603744507,0.16528263688087463
YKL096W-A,YIL011W,1,0.46973357,0.23835869133472443,0.5144278407096863,0.16528263688087463
YGL170C,YOR148C,0,0.46958014,0.23824885487556458,0.5144278407096863,0.16538269817829132
YJL160C,YHR214W,1,0.46946213,0.2385997176170349,0.5154228806495667,0.16538269817829132
YDL227C,YGL019W,0,0.46918276,0.23848986625671387,0.5154228806495667,0.16548274457454681
YJR150C,YLR300W,1,0.46889755,0.23884031176567078,0.516417920589447,0.16548274457454681
YLR160C,YPL027W,0,0.4688339,0.23873044550418854,0.516417920589447,0.1655827909708023
YLR395C,YGR214W,0,0.4687312,0.23862068355083466,0.516417920589447,0.1656828373670578
YNL274C,YOR338W,0,0.4687192,0.23851102590560913,0.516417920589447,0.1657828986644745
YLR386W,YOL101C,0,0.46829936,0.23840147256851196,0.516417920589447,0.16588294506072998
YOL155C,YLR110C,1,0.46829376,0.2387511432170868,0.5174129605293274,0.16588294506072998
YPL147W,YKR068C,0,0.46810213,0.23864157497882843,0.5174129605293274,0.16598299145698547
YNL145W,YGL089C,1,0.46743765,0.23899082839488983,0.518407940864563,0.16598299145698547
YBL026W,YPR119W,0,0.46710226,0.23888124525547028,0.518407940864563,0.16608303785324097
YPL094C,YNL121C,0,0.46697137,0.23877176642417908,0.518407940864563,0.16618308424949646
YDL045W-A,YMR176W,0,0.4669272,0.23866239190101624,0.518407940864563,0.16628314554691315
YJL006C,YPR160W,0,0.4667442,0.23855310678482056,0.518407940864563,0.16638319194316864
YBR150C,YKL082C,0,0.46666852,0.23844394087791443,0.518407940864563,0.16648323833942413
YFR021W,YKL009W,0,0.4664503,0.23833486437797546,0.518407940864563,0.16658328473567963
YIL011W,YKL096W,1,0.46644,0.23868313431739807,0.5194029808044434,0.16658328473567963
YGR167W,YDR449C,0,0.4661627,0.2385740429162979,0.5194029808044434,0.1666833460330963
YKL096W-A,YOR214C,1,0.46612212,0.2389218807220459,0.5203980207443237,0.1666833460330963
YOR126C,YJL200C,0,0.4659365,0.23881278932094574,0.5203980207443237,0.1667833924293518
YKL161C,YNL309W,0,0.465812,0.23870378732681274,0.5203980207443237,0.1668834388256073
YKL009W,YEL070W,0,0.46547124,0.2385948896408081,0.5203980207443237,0.1669834852218628
YGR225W,YLR016C,0,0.46509096,0.23848609626293182,0.5203980207443237,0.16708354651927948
YHR074W,YDR281C,0,0.4649959,0.2383773922920227,0.5203980207443237,0.16718359291553497
YNL127W,YBR067C,0,0.4648951,0.23826879262924194,0.5203980207443237,0.16728363931179047
YNL032W,YCL026C-B,0,0.4645191,0.23816029727458954,0.5203980207443237,0.16738368570804596
YGR175C,YMR159C,0,0.46394262,0.2380518913269043,0.5203980207443237,0.16748374700546265
YDL061C,YOL062C,0,0.4637991,0.2379435896873474,0.5203980207443237,0.16758379340171814
YOR212W,YLR153C,0,0.46374014,0.2378353774547577,0.5203980207443237,0.16768383979797363
YMR267W,YGR185C,0,0.46346197,0.23772726953029633,0.5203980207443237,0.16778388619422913
YDR381C-A,YBL092W,0,0.4627194,0.23761926591396332,0.5203980207443237,0.1678839474916458
YLR264W,YER019C-A,0,0.462716,0.23751135170459747,0.5203980207443237,0.1679839938879013
YDL074C,YOL104C,0,0.4626654,0.23740354180335999,0.5203980207443237,0.1680840402841568
YKR066C,YER019C-A,0,0.46214947,0.23729582130908966,0.5203980207443237,0.1681840866804123
YKL217W,YBL091C-A,0,0.46210507,0.2371882051229477,0.5203980207443237,0.16828414797782898
YGR221C,YJL166W,0,0.461951,0.23708069324493408,0.5203980207443237,0.16838419437408447
YOL141W,YGL236C,0,0.46194652,0.23697327077388763,0.5203980207443237,0.16848424077033997
YFL066C,YDR449C,0,0.46187696,0.23686593770980835,0.5203980207443237,0.16858428716659546
YKL217W,YNL258C,0,0.4618397,0.23675870895385742,0.5203980207443237,0.16868434846401215
YER165W,YDR497C,0,0.4617934,0.23665158450603485,0.5203980207443237,0.16878439486026764
YDR233C,YKR069W,0,0.46171245,0.23654454946517944,0.5203980207443237,0.16888444125652313
YNL335W,YIL048W,0,0.46159217,0.2364376187324524,0.5203980207443237,0.16898448765277863
YFL066C,YLR429W,0,0.46153888,0.2363307774066925,0.5203980207443237,0.1690845489501953
YBL113C,YOR020C,0,0.46130905,0.23622402548789978,0.5203980207443237,0.1691845953464508
YKL182W,YPR030W,0,0.4612861,0.2361173778772354,0.5203980207443237,0.1692846417427063
YCL043C,YOR393W,0,0.46113393,0.2360108345746994,0.5203980207443237,0.1693846881389618
YDL217C,YBR052C,0,0.4609829,0.23590438067913055,0.5203980207443237,0.16948474943637848
YLR395C,YOR209C,0,0.46083227,0.23579801619052887,0.5203980207443237,0.16958479583263397
YLR157C,YDR371W,1,0.46072242,0.23614241182804108,0.5213930606842041,0.16958479583263397
YMR169C,YDR476C,0,0.46027026,0.2360360324382782,0.5213930606842041,0.16968484222888947
YPR204W,YIR032C,0,0.46016333,0.23592975735664368,0.5213930606842041,0.16978488862514496
YIL083C,YMR143W,0,0.45995352,0.2358235865831375,0.5213930606842041,0.16988493502140045
YLR329W,YPL007C,0,0.4599448,0.2357175052165985,0.5213930606842041,0.16998499631881714
YOR071C,YJR063W,0,0.45969948,0.23561151325702667,0.5213930606842041,0.17008504271507263
YLR037C,YMR305C,1,0.45932028,0.23595505952835083,0.5223880410194397,0.17008504271507263
YDR492W,YCR014C,0,0.459281,0.2358490526676178,0.5223880410194397,0.17018508911132812
YKR057W,YMR136W,0,0.45920035,0.23574315011501312,0.5223880410194397,0.17028513550758362
YDR419W,YER087C-B,0,0.45882955,0.2356373369693756,0.5223880410194397,0.1703851968050003
YJR150C,YDL049C,1,0.45880637,0.23598025739192963,0.5233830809593201,0.1703851968050003
YMR305C,YJR151C,1,0.45874062,0.23632286489009857,0.5243781208992004,0.1703851968050003
YER175C,YDR381C-A,0,0.45873842,0.2362169474363327,0.5243781208992004,0.1704852432012558
YGL180W,YOL151W,0,0.45872542,0.2361111044883728,0.5243781208992004,0.1705852895975113
YJR036C,YJL191W,0,0.45831987,0.23600538074970245,0.5243781208992004,0.17068533599376678
YBR294W,YPR083W,0,0.4576008,0.23589973151683807,0.5243781208992004,0.17078539729118347
YBR066C,YJR053W,0,0.45728382,0.23579418659210205,0.5243781208992004,0.17088544368743896
YGR052W,YKL015W,0,0.4570326,0.2356887310743332,0.5243781208992004,0.17098549008369446
YER154W,YGL030W,0,0.45685473,0.2355833649635315,0.5243781208992004,0.17108553647994995
YNL073W,YGR118W,0,0.45663115,0.23547810316085815,0.5243781208992004,0.17118559777736664
YPR167C,YAL063C,0,0.45661417,0.23537293076515198,0.5243781208992004,0.17128564417362213
YGR177C,YCR011C,0,0.45659062,0.23526786267757416,0.5243781208992004,0.17138569056987762
YPR167C,YGL170C,0,0.45645747,0.2351628690958023,0.5243781208992004,0.17148573696613312
YDR527W,YCL026C-B,0,0.4563808,0.2350579798221588,0.5243781208992004,0.1715857982635498
YER117W,YBL098W,0,0.4562753,0.23495319485664368,0.5243781208992004,0.1716858446598053
YOL026C,YOL151W,0,0.4556161,0.2348484843969345,0.5243781208992004,0.1717858910560608
YJR153W,YDL049C,1,0.45529965,0.2351893037557602,0.5253731608390808,0.1717858910560608
YLR425W,YMR159C,0,0.45508727,0.23508459329605103,0.5253731608390808,0.17188593745231628
YOR226C,YOR393W,0,0.45473793,0.23497997224330902,0.5253731608390808,0.17198599874973297
YAL033W,YLR050C,0,0.4545615,0.23487544059753418,0.5253731608390808,0.17208604514598846
YBR195C,YDL140C,0,0.45442995,0.2347710132598877,0.5253731608390808,0.17218609154224396
YKR036C,YJR026W,0,0.45426306,0.23466666042804718,0.5253731608390808,0.17228613793849945
YDL121C,YKL007W,0,0.45410445,0.23456241190433502,0.5253731608390808,0.17238619923591614
YJL034W,YOR098C,0,0.45400676,0.23445825278759003,0.5253731608390808,0.17248624563217163
YPL187W,YJR153W,1,0.4537929,0.23479804396629333,0.5263681411743164,0.17248624563217163
YKR102W,YGR214W,0,0.45370898,0.23469388484954834,0.5263681411743164,0.17258629202842712
YAL016W,YFR018C,0,0.45324418,0.23458980023860931,0.5263681411743164,0.17268633842468262
YLR348C,YDR496C,0,0.45321575,0.23448581993579865,0.5263681411743164,0.1727863997220993
YNL066W,YGL028C,1,0.45276406,0.2348249852657318,0.5273631811141968,0.1727863997220993
YBL011W,YGL220W,0,0.45244834,0.23472099006175995,0.5273631811141968,0.1728864461183548
YJL194W,YPL113C,0,0.4520934,0.23461708426475525,0.5273631811141968,0.1729864925146103
YBL091C-A,YPL218W,0,0.45194015,0.2345132678747177,0.5273631811141968,0.17308653891086578
YMR008C,YNL121C,0,0.4517652,0.23440955579280853,0.5273631811141968,0.17318660020828247
YPL134C,YDL197C,0,0.45175895,0.23430591821670532,0.5273631811141968,0.17328664660453796
YKL103C,YJR031C,0,0.4516873,0.23420238494873047,0.5273631811141968,0.17338669300079346
YER154W,YAL040C,0,0.45156625,0.23409894108772278,0.5273631811141968,0.17348673939704895
YNL284C,YDR381C-A,0,0.4511082,0.23399558663368225,0.5273631811141968,0.17358680069446564
YPL119C,YKL095W,0,0.4507095,0.2338923215866089,0.5273631811141968,0.17368684709072113
YNL095C,YPL119C,0,0.4502792,0.23378914594650269,0.5273631811141968,0.17378689348697662
YMR305C,YMR008C,1,0.450264,0.2341269850730896,0.5283582210540771,0.17378689348697662
YKR054C,YHR179W,0,0.44981995,0.2340237945318222,0.5283582210540771,0.17388693988323212
YGR281W,YER145C,0,0.44977507,0.23392070829868317,0.5283582210540771,0.1739869862794876
YNL052W,YOR020C,0,0.44957587,0.2338176965713501,0.5283582210540771,0.1740870475769043
YPR189W,YBR238C,0,0.44940552,0.23371478915214539,0.5283582210540771,0.1741870939731598
YJL079C,YLR213C,1,0.44921502,0.234051913022995,0.5293532609939575,0.1741870939731598
YLR110C,YOR214C,1,0.44910035,0.23438873887062073,0.5303482413291931,0.1741870939731598
YGR251W,YEL070W,0,0.44883212,0.23428571224212646,0.5303482413291931,0.17428714036941528
YER014C-A,YMR115W,0,0.44860634,0.23418277502059937,0.5303482413291931,0.17438718676567078
YJL114W,YDR167W,0,0.4478986,0.23407992720603943,0.5303482413291931,0.17448724806308746
YKR102W,YCR089W,1,0.44717732,0.2344161570072174,0.5313432812690735,0.17448724806308746
YDL142C,YPR163C,0,0.4471092,0.23431329429149628,0.5313432812690735,0.17458729445934296
YLR009W,YDL024C,0,0.44699177,0.2342105209827423,0.5313432812690735,0.17468734085559845
YLR157C,YMR250W,0,0.44665,0.2341078519821167,0.5313432812690735,0.17478738725185394
YIL088C,YHR058C,0,0.44642618,0.23400525748729706,0.5313432812690735,0.17488744854927063
YDR499W,YDR381C-A,0,0.4457979,0.23390275239944458,0.5313432812690735,0.17498749494552612
YPL213W,YBR223C,0,0.44572982,0.23380035161972046,0.5313432812690735,0.17508754134178162
YPR200C,YER190W,0,0.4452617,0.2336980253458023,0.5313432812690735,0.1751875877380371
YEL040W,YHR143W,1,0.44456884,0.2340332418680191,0.5323383212089539,0.1751875877380371
YDR454C,YER175C,0,0.4444194,0.23393091559410095,0.5323383212089539,0.1752876490354538
YJL079C,YJL159W,1,0.44438824,0.23426572978496552,0.5333333611488342,0.1752876490354538
YLR158C,YAR066W,1,0.44426742,0.2346002608537674,0.5343283414840698,0.1752876490354538
YLR197W,YPL113C,0,0.44406912,0.2344978153705597,0.5343283414840698,0.1753876954317093
YML112W,YFL066C,0,0.44366392,0.23439545929431915,0.5343283414840698,0.17548774182796478
YGR180C,YFL014W,0,0.4434183,0.23429319262504578,0.5343283414840698,0.17558778822422028
YLL061W,YNL078W,0,0.44307503,0.23419101536273956,0.5343283414840698,0.17568784952163696
YCL036W,YLR024C,0,0.44271466,0.2340889275074005,0.5343283414840698,0.17578789591789246
YKL124W,YBR141C,0,0.4425644,0.23398692905902863,0.5343283414840698,0.17588794231414795
YER014C-A,YEL041W,0,0.44247302,0.2338850200176239,0.5343283414840698,0.17598798871040344
YIL128W,YGR052W,0,0.44232813,0.23378320038318634,0.5343283414840698,0.17608805000782013
YDR076W,YLR024C,0,0.44232342,0.23368145525455475,0.5343283414840698,0.17618809640407562
YDL078C,YDR381C-A,0,0.4417933,0.2335798144340515,0.5343283414840698,0.17628814280033112
YDR172W,YNL070W,0,0.44163027,0.23347826302051544,0.5343283414840698,0.1763881891965866
YJL079C,YBR301W,1,0.4415473,0.2338113933801651,0.5353233814239502,0.1763881891965866
YDR383C,YDR285W,0,0.4410505,0.23370981216430664,0.5353233814239502,0.1764882504940033
YLR141W,YBL092W,0,0.440873,0.23360833525657654,0.5353233814239502,0.1765882968902588
YLR160C,YLR042C,1,0.440847,0.2339409738779068,0.5363184213638306,0.1765882968902588
YOR389W,YJR151C,1,0.4404895,0.23427331447601318,0.5373134613037109,0.1765882968902588
YOR025W,YGL259W,0,0.44036886,0.23417173326015472,0.5373134613037109,0.17668834328651428
YAL005C,YOL155C,1,0.43987784,0.23450368642807007,0.5383084416389465,0.17668834328651428
YGL209W,YFL057C,0,0.43987665,0.23440207540988922,0.5383084416389465,0.17678838968276978
YPL078C,YDL208W,0,0.43986806,0.23430056869983673,0.5383084416389465,0.17688845098018646
YGR145W,YJR101W,0,0.43985388,0.2341991364955902,0.5383084416389465,0.17698849737644196
YMR305C,YMR238W,1,0.4397767,0.234530508518219,0.5393034815788269,0.17698849737644196
YJL030W,YDR226W,0,0.4397603,0.23442906141281128,0.5393034815788269,0.17708854377269745
YBR187W,YKL189W,0,0.43975648,0.23432771861553192,0.5393034815788269,0.17718859016895294
YML112W,YPL200W,0,0.4395438,0.23422645032405853,0.5393034815788269,0.17728865146636963
YBR294W,YMR136W,0,0.43948296,0.2341252714395523,0.5393034815788269,0.17738869786262512
YBR202W,YBR026C,0,0.43905148,0.23402418196201324,0.5393034815788269,0.17748874425888062
YLR080W,YCL026C-B,0,0.43901035,0.23392318189144135,0.5393034815788269,0.1775887906551361
YLR183C,YCR012W,0,0.43871495,0.23382225632667542,0.5393034815788269,0.1776888370513916
YML058W-A,YJL095W,0,0.4378861,0.23372143507003784,0.5393034815788269,0.1777888983488083
YDL024C,YML128C,0,0.4376686,0.23362068831920624,0.5393034815788269,0.17788894474506378
YDL028C,YJL130C,0,0.43742344,0.2335200309753418,0.5393034815788269,0.17798899114131927
YOR310C,YDR381C-A,0,0.4373947,0.23341946303844452,0.5393034815788269,0.17808903753757477
YDR453C,YKL082C,0,0.43737397,0.2333189845085144,0.5393034815788269,0.17818909883499146
YKL190W,YML073C,0,0.43724737,0.23321859538555145,0.5393034815788269,0.17828914523124695
YEL012W,YOL026C,0,0.43701681,0.23311828076839447,0.5393034815788269,0.17838919162750244
YJL144W,YBR173C,0,0.43616578,0.23301805555820465,0.5393034815788269,0.17848923802375793
YKL119C,YJL200C,0,0.43596426,0.232917919754982,0.5393034815788269,0.17858929932117462
YBR271W,YHR135C,0,0.4356926,0.2328178733587265,0.5393034815788269,0.17868934571743011
YLR110C,YMR006C,1,0.43527552,0.2331472784280777,0.5402985215187073,0.17868934571743011
YGR252W,YER074W,0,0.43365493,0.233047217130661,0.5402985215187073,0.1787893921136856
YKL165C,YGR214W,0,0.43351507,0.2329472303390503,0.5402985215187073,0.1788894385099411
YBR274W,YKL053C-A,0,0.4334542,0.23284734785556793,0.5402985215187073,0.1789894998073578
YGL094C,YNL052W,0,0.43312767,0.23274753987789154,0.5402985215187073,0.17908954620361328
YJR004C,YDR055W,1,0.43277562,0.23307625949382782,0.5412935614585876,0.17908954620361328
YLR264W,YML036W,0,0.43271935,0.23297645151615143,0.5412935614585876,0.17918959259986877
YJL034W,YDR262W,0,0.43271893,0.232876718044281,0.5412935614585876,0.17928963899612427
YLR305C,YGL259W,0,0.43268198,0.23277705907821655,0.5412935614585876,0.17938970029354095
YDR518W,YFL048C,0,0.43251756,0.23267750442028046,0.5412935614585876,0.17948974668979645
YGR175C,YOL108C,0,0.43208927,0.23257802426815033,0.5412935614585876,0.17958979308605194
YBR031W,YBL098W,0,0.43046805,0.23247863352298737,0.5412935614585876,0.17968983948230743
YDL142C,YLR359W,0,0.4297579,0.23237933218479156,0.5412935614585876,0.17978990077972412
YOR382W,YDR055W,1,0.4295611,0.23270708322525024,0.5422885417938232,0.17978990077972412
YJR040W,YPL093W,0,0.42932782,0.23260776698589325,0.5422885417938232,0.17988994717597961
YAL033W,YDL022W,0,0.4291273,0.23250852525234222,0.5422885417938232,0.1799899935722351
YJR153W,YIL162W,1,0.42890376,0.2328358143568039,0.5432835817337036,0.1799899935722351
YOR247W,YDR032C,1,0.42887256,0.23316283524036407,0.544278621673584,0.1799899935722351
YPL147W,YDR496C,0,0.4284288,0.2330634891986847,0.544278621673584,0.1800900399684906
YNL073W,YKL201C,0,0.42832628,0.23296421766281128,0.544278621673584,0.1801901012659073
YML058W-A,YGR238C,0,0.42827,0.23286505043506622,0.544278621673584,0.18029014766216278
YOR349W,YGR027C,0,0.4279808,0.23276595771312714,0.544278621673584,0.18039019405841827
YNL314W,YHL034C,0,0.4277871,0.2326669543981552,0.544278621673584,0.18049024045467377
YKL061W,YIL076W,0,0.42769974,0.23256802558898926,0.544278621673584,0.18059030175209045
YPL050C,YPR006C,0,0.42707673,0.23246918618679047,0.544278621673584,0.18069034814834595
YOL028C,YMR267W,0,0.42699033,0.23237043619155884,0.544278621673584,0.18079039454460144
YKR013W,YAR071W,1,0.42679092,0.23269638419151306,0.5452736616134644,0.18079039454460144
YDR492W,YLR026C,0,0.4267696,0.23259761929512024,0.5452736616134644,0.18089044094085693
YPR121W,YIL015W,1,0.42672935,0.2329232096672058,0.5462686419487,0.18089044094085693
YAR035W,YLR213C,0,0.42667112,0.2328244298696518,0.5462686419487,0.18099050223827362
YNR004W,YJL029C,0,0.4259304,0.23272572457790375,0.5462686419487,0.1810905486345291
YMR033W,YER165W,0,0.4253074,0.23262712359428406,0.5462686419487,0.1811905950307846
YKL009W,YDR373W,0,0.4248037,0.23252858221530914,0.5462686419487,0.1812906414270401
YNR067C,YLR224W,0,0.42474955,0.23243014514446259,0.5462686419487,0.1813907027244568
YHR047C,YER185W,0,0.42449042,0.232331782579422,0.5462686419487,0.18149074912071228
YMR117C,YLR251W,0,0.42430952,0.23223350942134857,0.5462686419487,0.18159079551696777
YIL083C,YOL104C,0,0.42430767,0.23213531076908112,0.5462686419487,0.18169084191322327
YJL078C,YCR089W,1,0.42375907,0.23245984315872192,0.5472636818885803,0.18169084191322327
YLR206W,YBR294W,0,0.42322162,0.23236164450645447,0.5472636818885803,0.18179088830947876
YCL026C-B,YJR063W,0,0.4226418,0.23226352035999298,0.5472636818885803,0.18189094960689545
YAL063C,YDR461W,0,0.4226319,0.23216547071933746,0.5472636818885803,0.18199099600315094
YDR492W,YJL079C,0,0.4224341,0.2320675104856491,0.5472636818885803,0.18209104239940643
YDR381C-A,YHR008C,0,0.4223127,0.23196963965892792,0.5472636818885803,0.18219108879566193
YEL070W,YIR005W,0,0.42227527,0.2318718433380127,0.5472636818885803,0.1822911500930786
YJL114W,YNL163C,0,0.42212823,0.23177412152290344,0.5472636818885803,0.1823911964893341
YBL029C-A,YGL060W,0,0.42154697,0.23167648911476135,0.5472636818885803,0.1824912428855896
YPR149W,YBL029C-A,0,0.42149916,0.23157894611358643,0.5472636818885803,0.1825912892818451
YLR389C,YDR381C-A,0,0.4211845,0.23148147761821747,0.5472636818885803,0.18269135057926178
YJR150C,YJR153W,1,0.42117402,0.23180480301380157,0.5482587218284607,0.18269135057926178
YMR168C,YPR127W,0,0.42116582,0.23170731961727142,0.5482587218284607,0.18279139697551727
YPL276W,YDL028C,0,0.42069343,0.23160992562770844,0.5482587218284607,0.18289144337177277
YDR381C-A,YOR285W,0,0.42060396,0.23151260614395142,0.5482587218284607,0.18299148976802826
YHR056C,YPL122C,0,0.42017555,0.23141537606716156,0.5482587218284607,0.18309155106544495
YOR310C,YHR214C-B,0,0.4197105,0.23131822049617767,0.5482587218284607,0.18319159746170044
YCL036W,YJL149W,0,0.41946915,0.23122115433216095,0.5482587218284607,0.18329164385795593
YCR093W,YPR152C,0,0.41892886,0.2311241626739502,0.5482587218284607,0.18339169025421143
YNL223W,YMR159C,0,0.41818905,0.2310272604227066,0.5482587218284607,0.1834917515516281
YGL180W,YPL188W,0,0.41808322,0.23093043267726898,0.5482587218284607,0.1835917979478836
YBR183W,YNL084C,0,0.4178404,0.23083367943763733,0.5482587218284607,0.1836918443441391
YCR011C,YKR006C,0,0.41781285,0.23073701560497284,0.5482587218284607,0.1837918907403946
YNR004W,YGL071W,0,0.41764548,0.2306404411792755,0.5482587218284607,0.18389195203781128
YBR276C,YML056C,0,0.41739637,0.23054392635822296,0.5482587218284607,0.18399199843406677
YGL186C,YPL273W,0,0.41726908,0.23044751584529877,0.5482587218284607,0.18409204483032227
YGL083W,YCR060W,0,0.41719013,0.23035116493701935,0.5482587218284607,0.18419209122657776
YJR070C,YKL206C,0,0.41700813,0.2302549034357071,0.5482587218284607,0.18429215252399445
YOR310C,YDR403W,0,0.41675708,0.230158731341362,0.5482587218284607,0.18439219892024994
YGL237C,YDL206W,0,0.41639575,0.23006263375282288,0.5482587218284607,0.18449224531650543
YPR196W,YHR058C,0,0.4159707,0.22996661067008972,0.5482587218284607,0.18459229171276093
YKL163W,YOR382W,1,0.41587952,0.23028786480426788,0.5492537021636963,0.18459229171276093
YJL124C,YGL220W,0,0.41586447,0.23019182682037354,0.5492537021636963,0.1846923530101776
YEL070W,YAL029C,0,0.41564783,0.23009587824344635,0.5492537021636963,0.1847923994064331
YGR199W,YAL039C,0,0.4156332,0.23000000417232513,0.5492537021636963,0.1848924458026886
YHR012W,YDR281C,0,0.41549778,0.2299042046070099,0.5492537021636963,0.1849924921989441
YNL178W,YCR046C,0,0.41548094,0.2298084944486618,0.5492537021636963,0.18509255349636078
YBR202W,YKL067W,0,0.41529593,0.2297128587961197,0.5492537021636963,0.18519259989261627
YDL217C,YAR002C-A,0,0.41511336,0.22961729764938354,0.5492537021636963,0.18529264628887177
YLR291C,YMR025W,0,0.41448042,0.22952182590961456,0.5492537021636963,0.18539269268512726
YJL160C,YLR042C,1,0.41435325,0.22984206676483154,0.5502487421035767,0.18539269268512726
YNL066W,YIL162W,1,0.413682,0.23016202449798584,0.551243782043457,0.18539269268512726
YHL034C,YKR068C,0,0.4129181,0.2300664484500885,0.551243782043457,0.18549273908138275
YPR171W,YMR300C,0,0.41247156,0.22997094690799713,0.551243782043457,0.18559280037879944
YHR214C-B,YBL112C,0,0.41200984,0.22987551987171173,0.551243782043457,0.18569284677505493
YGR238C,YLR344W,0,0.41174555,0.2297801673412323,0.551243782043457,0.18579289317131042
YKL103C,YDR389W,0,0.4113523,0.22968490421772003,0.551243782043457,0.18589293956756592
YDR454C,YMR143W,0,0.41135088,0.22958971560001373,0.551243782043457,0.1859930008649826
YGR251W,YNL070W,0,0.41133496,0.2294946163892746,0.551243782043457,0.1860930472612381
YKL182W,YLR301W,0,0.41106325,0.22939959168434143,0.551243782043457,0.1861930936574936
YMR305C,YDR461W,1,0.41082415,0.22971853613853455,0.5522388219833374,0.1861930936574936
YJL079C,YLR040C,1,0.41050455,0.23003724217414856,0.553233802318573,0.1861930936574936
YBR115C,YGR084C,0,0.41045025,0.22994209825992584,0.553233802318573,0.18629314005374908
YGL050W,YER074W,0,0.40997222,0.2298470437526703,0.553233802318573,0.18639320135116577
YLR344W,YLR130C,0,0.40960076,0.2297520637512207,0.553233802318573,0.18649324774742126
YPL147W,YFR018C,0,0.40950975,0.22965717315673828,0.553233802318573,0.18659329414367676
YMR194W,YPL104W,0,0.4094853,0.22956234216690063,0.553233802318573,0.18669334053993225
YMR186W,YDR496C,0,0.40943703,0.22946760058403015,0.553233802318573,0.18679340183734894
YOR219C,YDL039C,0,0.40939274,0.22937293350696564,0.553233802318573,0.18689344823360443
YDL022W,YER190W,0,0.40929785,0.2292783558368683,0.553233802318573,0.18699349462985992
YFL054C,YOR313C,0,0.4091507,0.2291838377714157,0.553233802318573,0.18709354102611542
YPL127C,YFL045C,0,0.40911594,0.2290894091129303,0.553233802318573,0.1871936023235321
YFR021W,YNL092W,0,0.40909424,0.22899505496025085,0.553233802318573,0.1872936487197876
YDR064W,YDR172W,0,0.408945,0.22890077531337738,0.553233802318573,0.1873936951160431
YJR004C,YOL057W,0,0.40868226,0.22880658507347107,0.553233802318573,0.18749374151229858
YBR002C,YPR135W,0,0.40856707,0.22871246933937073,0.553233802318573,0.18759380280971527
YIL177C,YAL040C,0,0.40820193,0.22861842811107635,0.553233802318573,0.18769384920597076
YGR189C,YGR282C,1,0.4074677,0.22893546521663666,0.5542288422584534,0.18769384920597076
YPL167C,YLR213C,0,0.4073731,0.2288414090871811,0.5542288422584534,0.18779389560222626
YIL094C,YJR034W,0,0.4072601,0.2287474274635315,0.5542288422584534,0.18789394199848175
YOR009W,YDR371W,1,0.40710133,0.22906403243541718,0.5552238821983337,0.18789394199848175
YMR319C,YHL034C,0,0.40705523,0.22897005081176758,0.5552238821983337,0.18799400329589844
YOL086C,YLR203C,0,0.40592155,0.22887612879276276,0.5552238821983337,0.18809404969215393
YER103W,YCL014W,0,0.4059176,0.2287822812795639,0.5552238821983337,0.18819409608840942
YEL040W,YLR194C,1,0.40578642,0.2290983647108078,0.5562189221382141,0.18819409608840942
YPR024W,YNL092W,0,0.40552932,0.22900450229644775,0.5562189221382141,0.18829414248466492
YDR411C,YMR136W,0,0.40505126,0.22891072928905487,0.5562189221382141,0.1883942037820816
YLR329W,YBL079W,0,0.40499014,0.22881703078746796,0.5562189221382141,0.1884942501783371
YJR026W,YJL117W,0,0.4048822,0.228723406791687,0.5562189221382141,0.1885942965745926
YIL046W,YGL030W,0,0.40472585,0.22862985730171204,0.5562189221382141,0.18869434297084808
YGL068W,YPR138C,0,0.40430543,0.22853638231754303,0.5562189221382141,0.18879440426826477
YBR125C,YNL052W,0,0.40404302,0.2284429967403412,0.5562189221382141,0.18889445066452026
YBR187W,YOR313C,0,0.40389785,0.22834967076778412,0.5562189221382141,0.18899449706077576
YHR005C-A,YNL070W,0,0.40307274,0.2282564342021942,0.5562189221382141,0.18909454345703125
YLR314C,YPR152C,0,0.40283877,0.22816327214241028,0.5562189221382141,0.18919458985328674
YJL194W,YIL080W,0,0.40276667,0.22807016968727112,0.5562189221382141,0.18929465115070343
YPL027W,YOR351C,0,0.40254393,0.22797715663909912,0.5562189221382141,0.18939469754695892
YOR054C,YKR057W,0,0.40203816,0.2278842180967331,0.5562189221382141,0.18949474394321442
YOR382W,YOR214C,1,0.40182126,0.2281988561153412,0.5572139024734497,0.18949474394321442
YDR077W,YIL011W,1,0.40147293,0.22851324081420898,0.5582089424133301,0.18949474394321442
YAL033W,YMR250W,0,0.40114406,0.2284201979637146,0.5582089424133301,0.1895947903394699
YLL041C,YMR061W,0,0.40099952,0.22832722961902618,0.5582089424133301,0.1896948516368866
YLR291C,YLR348C,0,0.40097192,0.22823433578014374,0.5582089424133301,0.1897948980331421
YJL114W,YJR151C,0,0.4006267,0.22814151644706726,0.5582089424133301,0.18989494442939758
YNL283C,YOR317W,0,0.40046698,0.22804878652095795,0.5582089424133301,0.18999499082565308
YHR179W,YMR300C,0,0.40015683,0.2279561161994934,0.5582089424133301,0.19009505212306976
YGR276C,YMR143W,0,0.40003565,0.22786352038383484,0.5582089424133301,0.19019509851932526
YNL160W,YLR040C,1,0.3995614,0.2281770259141922,0.5592039823532104,0.19019509851932526
YBR031W,YCL034W,0,0.39936423,0.22808441519737244,0.5592039823532104,0.19029514491558075
YOR388C,YJL214W,0,0.39923662,0.22799187898635864,0.5592039823532104,0.19039519131183624
YOL129W,YLR224W,0,0.3991383,0.227899432182312,0.5592039823532104,0.19049525260925293
YER162C,YJL144W,0,0.39901742,0.22780705988407135,0.5592039823532104,0.19059529900550842
YBR002C,YCL026C-B,0,0.3989665,0.22771474719047546,0.5592039823532104,0.19069534540176392
YDR451C,YMR025W,0,0.39879683,0.22762252390384674,0.5592039823532104,0.1907953917980194
YMR315W,YNL073W,0,0.39855734,0.2275303602218628,0.5592039823532104,0.1908954530954361
YAL063C,YKL171W,0,0.3983681,0.227438285946846,0.5592039823532104,0.1909954994916916
YPL147W,YBL068W,0,0.39820793,0.227346271276474,0.5592039823532104,0.19109554588794708
YOR126C,YKR057W,0,0.39783362,0.22725434601306915,0.5592039823532104,0.19119559228420258
YHR214C-B,YNL044W,0,0.39752874,0.22716249525547028,0.5592039823532104,0.19129565358161926
YML052W,YDL083C,0,0.39699516,0.22707070410251617,0.5592039823532104,0.19139569997787476
YPL223C,YIL135C,0,0.396793,0.22697900235652924,0.5592039823532104,0.19149574637413025
YNL178W,YGL233W,0,0.39672703,0.22688736021518707,0.5592039823532104,0.19159579277038574
YKL096W-A,YNL078W,0,0.39602947,0.22679580748081207,0.5592039823532104,0.19169585406780243
YPR196W,YOR388C,0,0.3958853,0.22670431435108185,0.5592039823532104,0.19179590046405792
YBR271W,YDL216C,0,0.39580542,0.2266129106283188,0.5592039823532104,0.19189594686031342
YOR159C,YJR026W,0,0.3957955,0.2265215665102005,0.5592039823532104,0.1919959932565689
YMR033W,YLR153C,0,0.39571977,0.22643029689788818,0.5592039823532104,0.1920960545539856
YDL055C,YGR112W,0,0.39560536,0.22633910179138184,0.5592039823532104,0.1921961009502411
YOL028C,YBL098W,0,0.3952716,0.22624798119068146,0.5592039823532104,0.19229614734649658
YEL040W,YHR214W,1,0.39518628,0.2265593558549881,0.5601990222930908,0.19229614734649658
YCL025C,YMR200W,0,0.39508048,0.22646822035312653,0.5601990222930908,0.19239619374275208
YNL066W,YKL096W-A,1,0.39493403,0.2267792522907257,0.5611940026283264,0.19239619374275208
YOL038W,YML128C,0,0.3949333,0.22668810188770294,0.5611940026283264,0.19249625504016876
YKL206C,YBR061C,0,0.39487338,0.22659702599048615,0.5611940026283264,0.19259630143642426
YLR329W,YKL130C,0,0.3942409,0.22650602459907532,0.5611940026283264,0.19269634783267975
YER103W,YJR053W,0,0.39337713,0.22641509771347046,0.5611940026283264,0.19279639422893524
YKL161C,YDL039C,0,0.3931823,0.22632423043251038,0.5611940026283264,0.19289645552635193
YPL123C,YBR301W,1,0.39278623,0.22663457691669464,0.5621890425682068,0.19289645552635193
YLR141W,YNR002C,0,0.39273855,0.22654370963573456,0.5621890425682068,0.19299650192260742
YMR008C,YOR089C,0,0.3922607,0.22645290195941925,0.5621890425682068,0.19309654831886292
YBR275C,YIR039C,0,0.39205572,0.2263621836900711,0.5621890425682068,0.1931965947151184
YLR160C,YMR304W,0,0.39191183,0.22627152502536774,0.5621890425682068,0.1932966411113739
YJL158C,YMR305C,1,0.39190724,0.22658126056194305,0.5631840825080872,0.1932966411113739
YER117W,YFR033C,0,0.39171433,0.22649060189723969,0.5631840825080872,0.1933967024087906
YJL130C,YMR295C,0,0.39140087,0.2264000028371811,0.5631840825080872,0.19349674880504608
YJL134W,YMR229C,0,0.39130804,0.22630947828292847,0.5631840825080872,0.19359679520130157
YLR130C,YAL031C,0,0.391086,0.2262190282344818,0.5631840825080872,0.19369684159755707
YIL132C,YMR136W,0,0.39106044,0.22612865269184113,0.5631840825080872,0.19379690289497375
YNL271C,YOL101C,0,0.39085296,0.22603833675384521,0.5631840825080872,0.19389694929122925
YPR113W,YBR243C,0,0.3903577,0.22594811022281647,0.5631840825080872,0.19399699568748474
YNL238W,YNR035C,0,0.3903199,0.2258579432964325,0.5631840825080872,0.19409704208374023
YKL164C,YLR042C,1,0.39024886,0.2261667400598526,0.5641791224479675,0.19409704208374023
YPL218W,YGL030W,0,0.39003137,0.22607655823230743,0.5641791224479675,0.19419710338115692
YDR534C,YDL049C,1,0.3899643,0.22638501226902008,0.5651741027832031,0.19419710338115692
YEL052W,YDL208W,0,0.3896958,0.22629481554031372,0.5651741027832031,0.19429714977741241
YDR383C,YER137C,0,0.38938126,0.22620469331741333,0.5651741027832031,0.1943971961736679
YNL160W,YMR238W,1,0.38903663,0.22651274502277374,0.5661691427230835,0.1943971961736679
YMR046C,YGR143W,0,0.38874468,0.22642260789871216,0.5661691427230835,0.1944972425699234
YOR351C,YML132W,0,0.38873595,0.22633253037929535,0.5661691427230835,0.1945973038673401
YEL022W,YBL052C,0,0.3884242,0.2262425422668457,0.5661691427230835,0.19469735026359558
YBL005W-B,YLR404W,0,0.38828918,0.22615262866020203,0.5661691427230835,0.19479739665985107
YDR032C,YGL089C,1,0.38814142,0.2264600694179535,0.5671641826629639,0.19479739665985107
YPR119W,YMR301C,0,0.38801035,0.22637014091014862,0.5671641826629639,0.19489744305610657
YPR182W,YLL029W,0,0.3878672,0.22628027200698853,0.5671641826629639,0.19499750435352325
YBR031W,YPL050C,0,0.3877421,0.2261904776096344,0.5671641826629639,0.19509755074977875
YPL183W-A,YBR061C,0,0.3873059,0.22610075771808624,0.5671641826629639,0.19519759714603424
YDR263C,YKL038W,0,0.38724956,0.22601109743118286,0.5671641826629639,0.19529764354228973
YBR002C,YLR187W,0,0.3871765,0.22592152655124664,0.5671641826629639,0.19539770483970642
YJR004C,YHR214W,1,0.38717088,0.22622820734977722,0.5681592226028442,0.19539770483970642
YLR295C,YCR087C-A,0,0.38713253,0.22613860666751862,0.5681592226028442,0.19549775123596191
YOR388C,YLR153C,0,0.38700274,0.22604909539222717,0.5681592226028442,0.1955977976322174
YGL050W,YBR093C,0,0.3869184,0.2259596288204193,0.5681592226028442,0.1956978440284729
YLR157C,YJL174W,1,0.38674247,0.2262658178806305,0.5691542029380798,0.1956978440284729
YJR153W,YOR190W,1,0.38632783,0.22657176852226257,0.5701492428779602,0.1956978440284729
YGR180C,YKL022C,0,0.38578805,0.22648221254348755,0.5701492428779602,0.1957979053258896
YHR030C,YNL281W,0,0.38568375,0.2263927310705185,0.5701492428779602,0.19589795172214508
YGR052W,YMR114C,0,0.38545552,0.2263033241033554,0.5701492428779602,0.19599799811840057
YOR071C,YJL128C,0,0.3853484,0.2262139767408371,0.5701492428779602,0.19609804451465607
YNL027W,YIL133C,0,0.3850638,0.22612470388412476,0.5701492428779602,0.19619810581207275
YDL179W,YFR019W,0,0.38478437,0.22603550553321838,0.5701492428779602,0.19629815220832825
YCL036W,YLR080W,0,0.3847088,0.2259463667869568,0.5701492428779602,0.19639819860458374
YIL011W,YDR371W,1,0.3846774,0.226251482963562,0.5711442828178406,0.19639819860458374
YPR121W,YKL164C,1,0.3842944,0.22655634582042694,0.572139322757721,0.19639819860458374
YNL160W,YOR261C,0,0.384218,0.22646711766719818,0.572139322757721,0.19649824500083923
YJR055W,YGR225W,0,0.3840864,0.2263779491186142,0.572139322757721,0.19659830629825592
YDL216C,YGR118W,0,0.3840247,0.22628886997699738,0.572139322757721,0.1966983526945114
YOR190W,YJR151C,1,0.3838366,0.2265932410955429,0.5731343030929565,0.1966983526945114
YBL029C-A,YOR085W,0,0.38380137,0.2265041321516037,0.5731343030929565,0.1967983990907669
YPR196W,YLR452C,0,0.38368377,0.22641509771347046,0.5731343030929565,0.1968984454870224
YJR070C,YKL180W,0,0.38282773,0.226326122879982,0.5731343030929565,0.1969984918832779
YHR056C,YBR155W,0,0.38225725,0.2262372374534607,0.5731343030929565,0.19709855318069458
YMR090W,YCL004W,0,0.3822165,0.22614841163158417,0.5731343030929565,0.19719859957695007
YKR013W,YOL011W,1,0.38220945,0.22645211219787598,0.5741293430328369,0.19719859957695007
YGR056W,YDL171C,0,0.3821919,0.22636328637599945,0.5741293430328369,0.19729864597320557
YLR353W,YLR160C,0,0.38173887,0.2262745052576065,0.5741293430328369,0.19739869236946106
YPL151C,YDR296W,0,0.3817236,0.22618581354618073,0.5741293430328369,0.19749875366687775
YJL004C,YNR044W,0,0.38113657,0.22609718143939972,0.5741293430328369,0.19759880006313324
YLR219W,YGR118W,0,0.38080093,0.22600862383842468,0.5741293430328369,0.19769884645938873
YLR157C,YDR055W,1,0.38068095,0.22631166875362396,0.5751243829727173,0.19769884645938873
YBL029C-A,YDL083C,0,0.38058692,0.22622309625148773,0.5751243829727173,0.19779889285564423
YLR353W,YOL101C,0,0.38032818,0.22613458335399628,0.5751243829727173,0.1978989541530609
YDL227C,YCR087C-A,0,0.38008225,0.2260461449623108,0.5751243829727173,0.1979990005493164
YGR036C,YDL097C,0,0.3798641,0.22595778107643127,0.5751243829727173,0.1980990469455719
YGR288W,YDR072C,0,0.3794287,0.22586947679519653,0.5751243829727173,0.1981990933418274
YNL138W,YNL219C,0,0.37900916,0.22578124701976776,0.5751243829727173,0.19829915463924408
YNL117W,YOR138C,0,0.378921,0.22569309175014496,0.5751243829727173,0.19839920103549957
YLR291C,YDL140C,0,0.3784718,0.22560499608516693,0.5751243829727173,0.19849924743175507
YPR002W,YIR005W,0,0.3783737,0.22551697492599487,0.5751243829727173,0.19859929382801056
YKL157W,YOR383C,1,0.378247,0.22581903636455536,0.5761194229125977,0.19859929382801056
YBR182C,YMR295C,0,0.3781571,0.2257310003042221,0.5761194229125977,0.19869935512542725
YBL029C-A,YKR044W,0,0.37812397,0.22564302384853363,0.5761194229125977,0.19879940152168274
YJL187C,YMR272C,0,0.37774086,0.22555512189865112,0.5761194229125977,0.19889944791793823
YEL031W,YBL028C,0,0.37747034,0.22546729445457458,0.5761194229125977,0.19899949431419373
YMR123W,YDR470C,0,0.3771588,0.22537952661514282,0.5761194229125977,0.1990995556116104
YLR203C,YLR009W,0,0.37665856,0.22529183328151703,0.5761194229125977,0.1991996020078659
YDR167W,YCL026C-B,0,0.37641048,0.225204199552536,0.5761194229125977,0.1992996484041214
YDL179W,YKR035W-A,0,0.3763351,0.22511664032936096,0.5761194229125977,0.1993996948003769
YPL223C,YJL213W,0,0.37610993,0.22502915561199188,0.5761194229125977,0.19949975609779358
YDL140C,YKL144C,0,0.37586716,0.22494173049926758,0.5761194229125977,0.19959980249404907
YHR056C,YIL083C,0,0.3758159,0.22485436499118805,0.5761194229125977,0.19969984889030457
YKL163W,YNR067C,1,0.37552866,0.2251552790403366,0.5771144032478333,0.19969984889030457
YFR018C,YMR186W,0,0.37529218,0.22506791353225708,0.5771144032478333,0.19979989528656006
YCL024W,YER137C,0,0.37510875,0.22498060762882233,0.5771144032478333,0.19989995658397675
YGL209W,YPL042C,0,0.37504062,0.22489337623119354,0.5771144032478333,0.20000000298023224
YKL103C,YMR093W,0,0.374819,0.22480620443820953,0.5771144032478333,0.20010004937648773
YPL200W,YKL064W,0,0.37396175,0.2247191071510315,0.5771144032478333,0.20020009577274323
YJL214W,YLL043W,0,0.3739511,0.22463206946849823,0.5771144032478333,0.2003001570701599
YDL133C-A,YKL165C,0,0.3737007,0.22454510629177094,0.5771144032478333,0.2004002034664154
YKL046C,YLR194C,1,0.37354603,0.22484520077705383,0.5781094431877136,0.2004002034664154
YDL246C,YFR019W,0,0.3734924,0.22475822269916534,0.5781094431877136,0.2005002498626709
YML032C,YMR117C,0,0.3734513,0.22467130422592163,0.5781094431877136,0.2006002962589264
YDR492W,YNR004W,0,0.373288,0.2245844602584839,0.5781094431877136,0.20070035755634308
YDR492W,YDL128W,0,0.3725823,0.22449767589569092,0.5781094431877136,0.20080040395259857
YEL037C,YDL039C,0,0.3724124,0.22441096603870392,0.5781094431877136,0.20090045034885406
YGL241W,YFL054C,0,0.37232062,0.2243243306875229,0.5781094431877136,0.20100049674510956
YLR395C,YDR137W,0,0.37196735,0.22423774003982544,0.5781094431877136,0.20110054314136505
YPL163C,YDR304C,0,0.37182483,0.22415123879909515,0.5781094431877136,0.20120060443878174
YKL126W,YKR057W,0,0.37169728,0.22406479716300964,0.5781094431877136,0.20130065083503723
YAL063C,YNR003C,0,0.37156358,0.2239784151315689,0.5781094431877136,0.20140069723129272
YKL163W,YDR371W,1,0.37154695,0.22427745163440704,0.579104483127594,0.20140069723129272
YMR032W,YIL076W,0,0.37129593,0.2241910696029663,0.579104483127594,0.20150074362754822
YER150W,YER125W,0,0.37066504,0.22410473227500916,0.579104483127594,0.2016008049249649
YMR182C,YIL135C,0,0.37054107,0.22401846945285797,0.579104483127594,0.2017008513212204
YER154W,YCR087C-A,0,0.37051305,0.22393228113651276,0.579104483127594,0.2018008977174759
YLL033W,YIL047C,0,0.37037897,0.22384615242481232,0.579104483127594,0.20190094411373138
YKL157W,YKR013W,1,0.3702828,0.2241445630788803,0.5800995230674744,0.20190094411373138
YML112W,YNL052W,0,0.37015885,0.22405841946601868,0.5800995230674744,0.20200100541114807
YKR006C,YNR010W,0,0.3699004,0.22397233545780182,0.5800995230674744,0.20210105180740356
YKL163W,YOR190W,1,0.36985394,0.22427035868167877,0.58109450340271,0.20210105180740356
YDR296W,YLL034C,0,0.36962765,0.22418425977230072,0.58109450340271,0.20220109820365906
YKR008W,YMR159C,0,0.36955592,0.22409823536872864,0.58109450340271,0.20230114459991455
YOR145C,YPR200C,0,0.36935025,0.22401227056980133,0.58109450340271,0.20240120589733124
YMR089C,YFR018C,0,0.36933878,0.22392638027668,0.58109450340271,0.20250125229358673
YBR067C,YMR200W,0,0.3692024,0.22384054958820343,0.58109450340271,0.20260129868984222
YLR157C,YPL188W,0,0.36895752,0.22375479340553284,0.58109450340271,0.20270134508609772
YKL096W,YNR067C,1,0.36880192,0.2240520864725113,0.5820895433425903,0.20270134508609772
YNR044W,YOL040C,0,0.36829463,0.2239663153886795,0.5820895433425903,0.2028014063835144
YEL022W,YBL076C,0,0.36821088,0.2238806039094925,0.5820895433425903,0.2029014527797699
YDR076W,YGR070W,0,0.36808014,0.22379495203495026,0.5820895433425903,0.2030014991760254
YOL155C,YOR382W,1,0.36805055,0.2240917831659317,0.5830845832824707,0.2030014991760254
YPR113W,YOR237W,0,0.36802268,0.22400611639022827,0.5830845832824707,0.20310154557228088
YGR214W,YLR316C,0,0.36772314,0.2239205241203308,0.5830845832824707,0.20320160686969757
YDL246C,YFL010W-A,0,0.36755207,0.22383499145507812,0.5830845832824707,0.20330165326595306
YNL008C,YKL124W,0,0.3672957,0.22374951839447021,0.5830845832824707,0.20340169966220856
YLR113W,YNL238W,0,0.36724404,0.22366411983966827,0.5830845832824707,0.20350174605846405
YOR378W,YIL140W,0,0.36693403,0.2235787808895111,0.5830845832824707,0.20360180735588074
YLR401C,YNR060W,0,0.36667746,0.2234935164451599,0.5830845832824707,0.20370185375213623
YDR451C,YLR300W,0,0.36654767,0.2234083116054535,0.5830845832824707,0.20380190014839172
YJL130C,YDR218C,0,0.36652103,0.22332316637039185,0.5830845832824707,0.20390194654464722
YLR383W,YPR001W,0,0.36635557,0.22323809564113617,0.5830845832824707,0.2040020078420639
YMR296C,YHR051W,0,0.36622304,0.22315308451652527,0.5830845832824707,0.2041020542383194
YBR195C,YJL082W,0,0.3657658,0.22306813299655914,0.5830845832824707,0.2042021006345749
YOR283W,YER165W,0,0.36574897,0.222983255982399,0.5830845832824707,0.20430214703083038
YKR066C,YDR461W,0,0.36564925,0.2228984385728836,0.5830845832824707,0.20440220832824707
YGR052W,YIL177C,0,0.36543855,0.222813680768013,0.5830845832824707,0.20450225472450256
YER014C-A,YJR112W,0,0.3653864,0.22272899746894836,0.5830845832824707,0.20460230112075806
YMR238W,YAL031C,0,0.36516437,0.2226443737745285,0.5830845832824707,0.20470234751701355
YPR133W-A,YPR159W,0,0.36470863,0.2225598245859146,0.5830845832824707,0.20480239391326904
YMR203W,YIL170W,0,0.36454904,0.2224753201007843,0.5830845832824707,0.20490245521068573
YKL046C,YLR110C,1,0.3643004,0.22277039289474487,0.5840796232223511,0.20490245521068573
YOL070C,YJR103W,0,0.36426795,0.22268588840961456,0.5840796232223511,0.20500250160694122
YMR145C,YIL132C,0,0.36412764,0.22260144352912903,0.5840796232223511,0.20510254800319672
YPL002C,YNL178W,0,0.36336383,0.22251705825328827,0.5840796232223511,0.2052025943994522
YNL066W,YLR110C,1,0.3629847,0.22281166911125183,0.5850746035575867,0.2052025943994522
YMR146C,YGR144W,0,0.36295816,0.22272726893424988,0.5850746035575867,0.2053026556968689
YHR179W,YNL102W,0,0.36276147,0.2226429432630539,0.5850746035575867,0.2054027020931244
YBR125C,YGR282C,0,0.36274257,0.2225586622953415,0.5850746035575867,0.20550274848937988
YIL142W,YEL041W,0,0.36269918,0.22247445583343506,0.5850746035575867,0.20560279488563538
YJR036C,YFL023W,0,0.36249158,0.2223903238773346,0.5850746035575867,0.20570285618305206
YMR114C,YJR063W,0,0.3624277,0.2223062366247177,0.5850746035575867,0.20580290257930756
YPR194C,YDR146C,0,0.3621509,0.2222222238779068,0.5850746035575867,0.20590294897556305
YPR149W,YDR497C,0,0.36175302,0.22213827073574066,0.5850746035575867,0.20600299537181854
YGL062W,YMR321C,0,0.36118668,0.2220543771982193,0.5850746035575867,0.20610305666923523
YFL038C,YNR057C,0,0.36111832,0.2219705581665039,0.5850746035575867,0.20620310306549072
YBR195C,YGR112W,0,0.3608313,0.2218867987394333,0.5850746035575867,0.20630314946174622
YNL314W,YHR109W,0,0.36076176,0.22180309891700745,0.5850746035575867,0.2064031958580017
YMR276W,YGR034W,0,0.36045983,0.22171945869922638,0.5850746035575867,0.2065032571554184
YGL174W,YNL078W,0,0.3602358,0.2216358780860901,0.5850746035575867,0.2066033035516739
YDL084W,YFL054C,0,0.36012685,0.22155237197875977,0.5850746035575867,0.20670334994792938
YBR294W,YBR096W,0,0.36005208,0.22146892547607422,0.5850746035575867,0.20680339634418488
YNL236W,YML039W,0,0.35998943,0.22138553857803345,0.5850746035575867,0.20690345764160156
YLR037C,YOR382W,1,0.3597792,0.22167858481407166,0.586069643497467,0.20690345764160156
YOR310C,YDL035C,0,0.35951826,0.2215951830148697,0.586069643497467,0.20700350403785706
YLR285W,YNL122C,0,0.35946926,0.2215118408203125,0.586069643497467,0.20710355043411255
YNL322C,YOR010C,1,0.35933205,0.22180451452732086,0.5870646834373474,0.20710355043411255
YDR144C,YDR079W,0,0.35914585,0.22172115743160248,0.5870646834373474,0.20720359683036804
YJL225C,YPR149W,0,0.35886595,0.22163785994052887,0.5870646834373474,0.20730365812778473
YBR238C,YDR159W,0,0.35869333,0.22155463695526123,0.5870646834373474,0.20740370452404022
YKR103W,YPL134C,0,0.3580331,0.22147147357463837,0.5870646834373474,0.20750375092029572
YDR064W,YJR119C,0,0.35763767,0.22138836979866028,0.5870646834373474,0.2076037973165512
YDR492W,YPR080W,0,0.3570025,0.22130532562732697,0.5870646834373474,0.2077038586139679
YHR214C-B,YBR287W,0,0.35654745,0.22122234106063843,0.5870646834373474,0.2078039050102234
YDR082W,YPL252C,0,0.356533,0.22113943099975586,0.5870646834373474,0.20790395140647888
YLR163C,YNR072W,0,0.35647532,0.22105658054351807,0.5870646834373474,0.20800399780273438
YKL130C,YKL095W,0,0.35631108,0.22097378969192505,0.5870646834373474,0.20810405910015106
YPL183W-A,YML036W,0,0.35606065,0.2208910584449768,0.5870646834373474,0.20820410549640656
YFR033C,YKR026C,0,0.35592088,0.22080838680267334,0.5870646834373474,0.20830415189266205
YNL302C,YLL017W,0,0.3558701,0.22072577476501465,0.5870646834373474,0.20840419828891754
YMR276W,YNL274C,0,0.35578516,0.22064323723316193,0.5870646834373474,0.20850424468517303
YJL178C,YNL092W,0,0.35573158,0.22056074440479279,0.5870646834373474,0.20860430598258972
YDR174W,YLR025W,0,0.35508153,0.22047832608222961,0.5870646834373474,0.20870435237884521
YPR001W,YOL054W,0,0.3547847,0.22039596736431122,0.5870646834373474,0.2088043987751007
YBL011W,YBR141C,0,0.35475203,0.2203136682510376,0.5870646834373474,0.2089044451713562
YMR033W,YBL029C-A,0,0.3543905,0.22023142874240875,0.5870646834373474,0.2090045064687729
YKL170W,YBL076C,0,0.35430524,0.22014924883842468,0.5870646834373474,0.20910455286502838
YIL076W,YPR138C,0,0.35421023,0.22006714344024658,0.5870646834373474,0.20920459926128387
YKR019C,YOL136C,0,0.35416993,0.21998508274555206,0.5870646834373474,0.20930464565753937
YLR157C,YKL163W,1,0.35409728,0.22027580440044403,0.5880597233772278,0.20930464565753937
YPL134C,YIL094C,0,0.3539439,0.2201937437057495,0.5880597233772278,0.20940470695495605
YER117W,YNL084C,0,0.3538501,0.22011172771453857,0.5880597233772278,0.20950475335121155
YLR037C,YBR078W,1,0.3536522,0.2204020917415619,0.5890547037124634,0.20950475335121155
YMR203W,YLR350W,0,0.3533812,0.22032006084918976,0.5890547037124634,0.20960479974746704
YER055C,YMR145C,0,0.35335875,0.2202380895614624,0.5890547037124634,0.20970484614372253
YLR043C,YOL136C,0,0.35321814,0.22015619277954102,0.5890547037124634,0.20980490744113922
YDR530C,YER002W,0,0.3530912,0.2200743556022644,0.5890547037124634,0.20990495383739471
YGL200C,YIL076W,0,0.35286722,0.21999256312847137,0.5890547037124634,0.2100050002336502
YDR416W,YDR218C,0,0.35251257,0.21991084516048431,0.5890547037124634,0.2101050466299057
YML006C,YBL029C-A,0,0.35250148,0.21982918679714203,0.5890547037124634,0.2102051079273224
YJR127C,YBR020W,0,0.35249555,0.21974758803844452,0.5890547037124634,0.21030515432357788
YNL178W,YHR156C,0,0.35220882,0.21966604888439178,0.5890547037124634,0.21040520071983337
YHR005C-A,YDR476C,0,0.35209677,0.21958456933498383,0.5890547037124634,0.21050524711608887
YDR310C,YLR350W,0,0.35208505,0.21950314939022064,0.5890547037124634,0.21060530841350555
YDR131C,YNL182C,0,0.35159776,0.21942178905010223,0.5890547037124634,0.21070535480976105
YGR052W,YMR019W,0,0.35159132,0.2193405032157898,0.5890547037124634,0.21080540120601654
YJL187C,YNL307C,0,0.35156104,0.21925926208496094,0.5890547037124634,0.21090544760227203
YGL203C,YCL026C-B,0,0.3512995,0.21917808055877686,0.5890547037124634,0.21100550889968872
YGL122C,YDL022W,0,0.35103133,0.21909695863723755,0.5890547037124634,0.2111055552959442
YNL117W,YLR348C,0,0.3508907,0.2190159112215042,0.5890547037124634,0.2112056016921997
YEL029C,YLR251W,0,0.35089034,0.21893490850925446,0.5890547037124634,0.2113056480884552
YOL155C,YKL205W,0,0.35068494,0.21885398030281067,0.5890547037124634,0.2114057093858719
YOR054C,YML052W,0,0.3496829,0.21877309679985046,0.5890547037124634,0.21150575578212738
YLR300W,YCL034W,0,0.34956115,0.21869227290153503,0.5890547037124634,0.21160580217838287
YOR206W,YBL026W,0,0.34952316,0.21861152350902557,0.5890547037124634,0.21170584857463837
YPL127C,YBL029C-A,0,0.34931353,0.2185308188199997,0.5890547037124634,0.21180590987205505
YER154W,YBR061C,0,0.34916463,0.21845018863677979,0.5890547037124634,0.21190595626831055
YFL038C,YGR034W,0,0.34904358,0.21836960315704346,0.5890547037124634,0.21200600266456604
YLR080W,YLL012W,0,0.34804156,0.2182890921831131,0.5890547037124634,0.21210604906082153
YMR006C,YKR013W,1,0.3478136,0.21857722103595734,0.5900497436523438,0.21210604906082153
YHR030C,YPR119W,0,0.34778833,0.2184966802597046,0.5900497436523438,0.21220611035823822
YLL061W,YLR042C,0,0.34749636,0.21841619908809662,0.5900497436523438,0.2123061567544937
YKR035W-A,YKR006C,0,0.34741092,0.21833579242229462,0.5900497436523438,0.2124062031507492
YDL133C-A,YOR304C-A,0,0.34714064,0.2182554304599762,0.5900497436523438,0.2125062495470047
YDR032C,YBR093C,1,0.3469809,0.21854305267333984,0.5910447835922241,0.2125062495470047
YDR263C,YER190W,0,0.3469238,0.21846267580986023,0.5910447835922241,0.2126062959432602
YOR099W,YLR348C,0,0.34663567,0.2183823585510254,0.5910447835922241,0.21270635724067688
YGL225W,YCL052C,0,0.34655544,0.21830210089683533,0.5910447835922241,0.21280640363693237
YLR395C,YER052C,0,0.34618673,0.21822190284729004,0.5910447835922241,0.21290645003318787
YJL194W,YOL090W,0,0.34615973,0.21814174950122833,0.5910447835922241,0.21300649642944336
YMR020W,YBR275C,0,0.3459712,0.2180616706609726,0.5910447835922241,0.21310655772686005
YPL110C,YDR461W,0,0.3458918,0.21798165142536163,0.5910447835922241,0.21320660412311554
YOR071C,YLR329W,0,0.34563085,0.21790169179439545,0.5910447835922241,0.21330665051937103
YPL200W,YNL110C,0,0.34559292,0.21782177686691284,0.5910447835922241,0.21340669691562653
YJR083C,YOR294W,0,0.34559202,0.2177419364452362,0.5910447835922241,0.2135067582130432
YNL066W,YDR077W,1,0.34514174,0.21802857518196106,0.5920398235321045,0.2135067582130432
YHR012W,YFL045C,0,0.34511694,0.21794871985912323,0.5920398235321045,0.2136068046092987
YER117W,YNL178W,0,0.34508505,0.21786890923976898,0.5920398235321045,0.2137068510055542
YNL006W,YOR355W,0,0.34501368,0.2177891582250595,0.5920398235321045,0.2138068974018097
YDR476C,YPL027W,0,0.34494394,0.217709481716156,0.5920398235321045,0.21390695869922638
YJR150C,YNL145W,1,0.34487832,0.21799561381340027,0.5930348038673401,0.21390695869922638
YGL089C,YCR089W,1,0.34477612,0.21828153729438782,0.5940298438072205,0.21390695869922638
YLR380W,YAL031C,0,0.3447316,0.21820175647735596,0.5940298438072205,0.21400700509548187
YDR211W,YJL079C,0,0.3445547,0.21812203526496887,0.5940298438072205,0.21410705149173737
YPR196W,YDL171C,0,0.344464,0.21804237365722656,0.5940298438072205,0.21420709788799286
YOL070C,YFL054C,0,0.34435496,0.21796275675296783,0.5940298438072205,0.21430715918540955
YDL227C,YHR082C,0,0.3441684,0.21788321435451508,0.5940298438072205,0.21440720558166504
YNL066W,YLR286C,1,0.34416088,0.21816855669021606,0.5950248837471008,0.21440720558166504
YDL078C,YOL124C,0,0.34400654,0.21808898448944092,0.5950248837471008,0.21450725197792053
YML073C,YOL090W,0,0.34364453,0.21800947189331055,0.5950248837471008,0.21460729837417603
YPR144C,YPR171W,0,0.34358945,0.21793003380298615,0.5950248837471008,0.2147073596715927
YMR186W,YDR337W,0,0.34329015,0.21785064041614532,0.5950248837471008,0.2148074060678482
YHR179W,YPR006C,0,0.34296343,0.21777130663394928,0.5950248837471008,0.2149074524641037
YDL074C,YOR393W,0,0.34290868,0.217692032456398,0.5950248837471008,0.2150074988603592
YLR047C,YOR298W,0,0.34285083,0.21761280298233032,0.5950248837471008,0.21510756015777588
YKL041W,YBR238C,0,0.34281904,0.2175336480140686,0.5950248837471008,0.21520760655403137
YDL061C,YDR211W,0,0.34273243,0.21745455265045166,0.5950248837471008,0.21530765295028687
YPR072W,YDL140C,0,0.34267852,0.2173755019903183,0.5950248837471008,0.21540769934654236
YNR031C,YNR057C,0,0.34263712,0.2172965109348297,0.5950248837471008,0.21550776064395905
YLR329W,YOR089C,0,0.34228256,0.2172175794839859,0.5950248837471008,0.21560780704021454
YDR285W,YOL028C,0,0.34177735,0.21713870763778687,0.5950248837471008,0.21570785343647003
YML030W,YJL192C,0,0.34121707,0.2170598953962326,0.5950248837471008,0.21580789983272552
YAL016W,YCR057C,0,0.3411363,0.21698112785816193,0.5950248837471008,0.2159079611301422
YDR055W,YLR042C,1,0.34103298,0.21726514399051666,0.5960199236869812,0.2159079611301422
YDL029W,YFL017W-A,0,0.34077334,0.2171863615512848,0.5960199236869812,0.2160080075263977
YGL103W,YER104W,0,0.34059423,0.2171076536178589,0.5960199236869812,0.2161080539226532
YMR038C,YDR281C,0,0.34053954,0.21702899038791656,0.5960199236869812,0.2162081003189087
YGR032W,YJR130C,0,0.34048846,0.21695038676261902,0.5960199236869812,0.21630814671516418
YJR006W,YIL133C,0,0.3400547,0.21687182784080505,0.5960199236869812,0.21640820801258087
YMR169C,YBR294W,0,0.34003276,0.21679334342479706,0.5960199236869812,0.21650825440883636
YER150W,YOR324C,0,0.34002444,0.21671490371227264,0.5960199236869812,0.21660830080509186
YMR296C,YML056C,0,0.33966178,0.216636523604393,0.5960199236869812,0.21670834720134735
YDR077W,YLR213C,1,0.3392332,0.21691973507404327,0.5970149040222168,0.21670834720134735
YIL015W,YDL049C,1,0.33889318,0.21720275282859802,0.5980099439620972,0.21670834720134735
YGR282C,YDR371W,1,0.33882663,0.21748554706573486,0.5990049839019775,0.21670834720134735
YBL112C,YDR151C,0,0.3388215,0.2174070030450821,0.5990049839019775,0.21680840849876404
YKL206C,YOR393W,0,0.33881146,0.2173285186290741,0.5990049839019775,0.21690845489501953
YDL040C,YOR085W,0,0.33879387,0.21725009381771088,0.5990049839019775,0.21700850129127502
YCL024W,YBR072W,0,0.33805445,0.21717171370983124,0.5990049839019775,0.21710854768753052
YIR038C,YIL076W,0,0.3377225,0.21709339320659637,0.5990049839019775,0.2172086089849472
YPR011C,YPL223C,0,0.33757854,0.21701514720916748,0.5990049839019775,0.2173086553812027
YPR072W,YLR157C,0,0.33757082,0.21693693101406097,0.5990049839019775,0.2174087017774582
YJR070C,YLR348C,0,0.33712795,0.21685878932476044,0.5990049839019775,0.21750874817371368
YDL133C-A,YFR019W,0,0.33703718,0.21678069233894348,0.5990049839019775,0.21760880947113037
YKL171W,YPR159W,0,0.3365493,0.2167026698589325,0.5990049839019775,0.21770885586738586
YLR203C,YPL050C,0,0.3359358,0.2166246920824051,0.5990049839019775,0.21780890226364136
YDL216C,YOR020C,0,0.33573732,0.21654675900936127,0.5990049839019775,0.21790894865989685
YJL011C,YDL121C,0,0.33544827,0.2164689004421234,0.5990049839019775,0.21800900995731354
YOR243C,YKR102W,0,0.33465645,0.21639108657836914,0.5990049839019775,0.21810905635356903
YLR394W,YNL238W,0,0.33463332,0.21631333231925964,0.5990049839019775,0.21820910274982452
YOL155C,YGR282C,1,0.3344141,0.21659483015537262,0.6000000238418579,0.21820910274982452
YEL030W,YFL017W-A,0,0.33402246,0.21651706099510193,0.6000000238418579,0.21830914914608002
YEL037C,YPR163C,0,0.33379784,0.21643933653831482,0.6000000238418579,0.2184092104434967
YJL034W,YPR190C,0,0.3332663,0.21636168658733368,0.6000000238418579,0.2185092568397522
YDR174W,YHR004C,0,0.33279243,0.21628408133983612,0.6000000238418579,0.2186093032360077
YPR113W,YPR091C,0,0.33256644,0.21620652079582214,0.6000000238418579,0.21870934963226318
YIR018W,YEL070W,0,0.33243915,0.21612903475761414,0.6000000238418579,0.21880941092967987
YAR071W,YNR044W,1,0.3323818,0.21640989184379578,0.6009950041770935,0.21880941092967987
YOL165C,YLR264W,0,0.33235344,0.21633237600326538,0.6009950041770935,0.21890945732593536
YOR126C,YHR005C-A,0,0.33223274,0.21625491976737976,0.6009950041770935,0.21900950372219086
YPR190C,YNL274C,0,0.33216003,0.21617752313613892,0.6009950041770935,0.21910955011844635
YJL117W,YHR082C,0,0.3319572,0.21610018610954285,0.6009950041770935,0.21920961141586304
YOR226C,YEL041W,0,0.33187303,0.21602289378643036,0.6009950041770935,0.21930965781211853
YJR153W,YAR071W,1,0.33150834,0.21630318462848663,0.6019900441169739,0.21930965781211853
YOR382W,YPL096W,0,0.33149782,0.21622587740421295,0.6019900441169739,0.21940970420837402
YJR004C,YER190W,0,0.33135867,0.21614862978458405,0.6019900441169739,0.21950975060462952
YLR219W,YER052C,0,0.33132038,0.21607142686843872,0.6019900441169739,0.2196098119020462
YNL027W,YOR204W,0,0.3312138,0.21599428355693817,0.6019900441169739,0.2197098582983017
YNL153C,YPL131W,0,0.33118248,0.2159171998500824,0.6019900441169739,0.2198099046945572
YIL135C,YLR042C,0,0.33076003,0.2158401757478714,0.6019900441169739,0.21990995109081268
YNL131W,YDL171C,0,0.33063623,0.21576319634914398,0.6019900441169739,0.22001001238822937
YPL119C,YOR311C,0,0.33030584,0.21568627655506134,0.6019900441169739,0.22011005878448486
YGL180W,YCR002C,0,0.32986772,0.21560940146446228,0.6019900441169739,0.22021010518074036
YGR288W,YDR138W,0,0.32978585,0.2155326008796692,0.6019900441169739,0.22031015157699585
YHR174W,YJL081C,0,0.3295752,0.21545584499835968,0.6019900441169739,0.22041019797325134
YER014C-A,YKR103W,0,0.3294823,0.21537913382053375,0.6019900441169739,0.22051025927066803
YEL036C,YBR187W,0,0.32922724,0.2153024971485138,0.6019900441169739,0.22061030566692352
YLR037C,YDL049C,1,0.3291152,0.21558164060115814,0.6029850840568542,0.22061030566692352
YMR250W,YOR351C,0,0.3290716,0.2155049741268158,0.6029850840568542,0.22071035206317902
YOR237W,YMR308C,0,0.32867303,0.21542836725711823,0.6029850840568542,0.2208103984594345
YGR112W,YJL079C,0,0.32839164,0.21535180509090424,0.6029850840568542,0.2209104597568512
YGR279C,YNR067C,1,0.32831487,0.21563054621219635,0.6039801239967346,0.2209104597568512
YDR072C,YNR002C,0,0.32829985,0.21555398404598236,0.6039801239967346,0.2210105061531067
YBL005W-B,YGR239C,0,0.3282621,0.21547745168209076,0.6039801239967346,0.22111055254936218
YPR111W,YDL061C,0,0.32816455,0.21540099382400513,0.6039801239967346,0.22121059894561768
YOR168W,YMR090W,0,0.3281217,0.21532458066940308,0.6039801239967346,0.22131066024303436
YPL127C,YGL183C,0,0.32785,0.2152482271194458,0.6039801239967346,0.22141070663928986
YBR080C,YJL117W,0,0.32771304,0.2151719182729721,0.6039801239967346,0.22151075303554535
YJR051W,YMR203W,0,0.3276386,0.21509568393230438,0.6039801239967346,0.22161079943180084
YDR233C,YCR046C,0,0.32758138,0.21501947939395905,0.6039801239967346,0.22171086072921753
YNL107W,YDR381C-A,0,0.3271431,0.21494334936141968,0.6039801239967346,0.22181090712547302
YDR378C,YEL012W,0,0.32704523,0.2148672640323639,0.6039801239967346,0.22191095352172852
YBL029C-A,YMR301C,0,0.32699147,0.2147912234067917,0.6039801239967346,0.222010999917984
YCR052W,YLR325C,0,0.32686093,0.21471524238586426,0.6039801239967346,0.2221110612154007
YJL030W,YBR026C,0,0.32658705,0.2146393209695816,0.6039801239967346,0.2222111076116562
YKL096W,YAR066W,1,0.32648948,0.21491692960262299,0.6049751043319702,0.2222111076116562
YNL080C,YKR069W,0,0.3264656,0.21484099328517914,0.6049751043319702,0.22231115400791168
YBR125C,YBR172C,0,0.32617226,0.21476510167121887,0.6049751043319702,0.22241120040416718
YLR390W-A,YBR078W,1,0.32614347,0.2150423675775528,0.6059701442718506,0.22241120040416718
YGR189C,YOR214C,1,0.3261136,0.2153194546699524,0.606965184211731,0.22241120040416718
YGL169W,YLR325C,0,0.3259978,0.21524347364902496,0.606965184211731,0.22251126170158386
YNL160W,YKR044W,0,0.32595775,0.2151675522327423,0.606965184211731,0.22261130809783936
YGR268C,YMR301C,0,0.3259195,0.21509167551994324,0.606965184211731,0.22271135449409485
YMR173W,YKL061W,0,0.3257423,0.21501585841178894,0.606965184211731,0.22281140089035034
YOL142W,YNL078W,0,0.32539657,0.21494010090827942,0.606965184211731,0.22291146218776703
YLL019C,YFL066C,0,0.32518676,0.21486438810825348,0.606965184211731,0.22301150858402252
YIL135C,YFL045C,0,0.32515875,0.21478873491287231,0.606965184211731,0.22311155498027802
YMR276W,YPL163C,0,0.32509056,0.21471312642097473,0.606965184211731,0.2232116013765335
YBR067C,YBR129C,0,0.3248761,0.21463757753372192,0.606965184211731,0.2233116626739502
YNL066W,YPL187W,1,0.32455662,0.21491383016109467,0.6079602241516113,0.2233116626739502
YCR093W,YPR043W,0,0.32455206,0.21483825147151947,0.6079602241516113,0.2234117090702057
YGR238C,YJL155C,0,0.32437468,0.21476274728775024,0.6079602241516113,0.22351175546646118
YOL155C,YKL096W-A,1,0.32415953,0.21503865718841553,0.6089552044868469,0.22351175546646118
YEL030W,YKL168C,0,0.32405868,0.2149631232023239,0.6089552044868469,0.22361180186271667
YNL160W,YLR228C,0,0.32392848,0.21488763391971588,0.6089552044868469,0.22371186316013336
YKR057W,YDR369C,0,0.32351306,0.21481221914291382,0.6089552044868469,0.22381190955638885
YLR329W,YNL239W,0,0.32344624,0.21473684906959534,0.6089552044868469,0.22391195595264435
YPL276W,YNL010W,0,0.32319108,0.21466152369976044,0.6089552044868469,0.22401200234889984
YLR264W,YNL238W,0,0.32316825,0.2145862579345703,0.6089552044868469,0.22411204874515533
YMR123W,YDR337W,0,0.32294327,0.21451103687286377,0.6089552044868469,0.22421211004257202
YDR494W,YGL259W,0,0.3228176,0.214435875415802,0.6089552044868469,0.22431215643882751
YDL084W,YBR118W,0,0.32281017,0.214360773563385,0.6089552044868469,0.224412202835083
YDR405W,YPL163C,0,0.32270032,0.2142857164144516,0.6089552044868469,0.2245122492313385
YLR264W,YKL206C,0,0.32254535,0.21421070396900177,0.6089552044868469,0.2246123105287552
YHR012W,YBR010W,0,0.32237837,0.2141357660293579,0.6089552044868469,0.22471235692501068
YKL096W-A,YLR040C,1,0.32183662,0.21441063284873962,0.6099502444267273,0.22471235692501068
YLR160C,YGL113W,0,0.32164106,0.21433566510677338,0.6099502444267273,0.22481240332126617
YJL158C,YHR214W,1,0.32147902,0.2146102786064148,0.6109452843666077,0.22481240332126617
YOR275C,YGL259W,0,0.32102802,0.21453529596328735,0.6109452843666077,0.22491244971752167
YPR002W,YKR044W,0,0.320946,0.2144603580236435,0.6109452843666077,0.22501251101493835
YGL014W,YFR019W,0,0.3208549,0.2143854796886444,0.6109452843666077,0.22511255741119385
YBR271W,YJL124C,0,0.32075033,0.2143106460571289,0.6109452843666077,0.22521260380744934
YJL078C,YLR213C,1,0.32066402,0.21458478271961212,0.611940324306488,0.22521260380744934
YKL090W,YDL246C,0,0.32055488,0.21450993418693542,0.611940324306488,0.22531265020370483
YDL245C,YLR251W,0,0.320513,0.2144351452589035,0.611940324306488,0.22541271150112152
YDL227C,YOR294W,0,0.3201671,0.21436040103435516,0.611940324306488,0.22551275789737701
YBR129C,YNR072W,0,0.32006848,0.2142857164144516,0.611940324306488,0.2256128042936325
YNL127W,YKL180W,0,0.3199496,0.21421107649803162,0.611940324306488,0.225712850689888
YGR072W,YKR102W,0,0.31987128,0.2141364961862564,0.611940324306488,0.2258129119873047
YOR237W,YPL096W,0,0.31986198,0.21406196057796478,0.611940324306488,0.22591295838356018
YHR214C-B,YBR172C,0,0.31965876,0.21398746967315674,0.611940324306488,0.22601300477981567
YJL160C,YJR153W,1,0.31955364,0.21426087617874146,0.6129353046417236,0.22601300477981567
YDL084W,YEL041W,0,0.31943634,0.21418637037277222,0.6129353046417236,0.22611305117607117
YCR087C-A,YIR032C,0,0.3193536,0.21411192417144775,0.6129353046417236,0.22621311247348785
YBL076C,YOR020C,0,0.3193393,0.21403752267360687,0.6129353046417236,0.22631315886974335
YOL057W,YGR052W,0,0.31920505,0.21396318078041077,0.6129353046417236,0.22641320526599884
YNR017W,YMR173W,0,0.31913608,0.21388888359069824,0.6129353046417236,0.22651325166225433
YMR146C,YNR067C,0,0.319055,0.2138146460056305,0.6129353046417236,0.22661331295967102
YDR032C,YOR382W,1,0.31895456,0.21408744156360626,0.613930344581604,0.22661331295967102
YMR305C,YBR078W,1,0.31879246,0.2143600434064865,0.6149253845214844,0.22661331295967102
YBR031W,YER090W,0,0.3186502,0.2142857164144516,0.6149253845214844,0.2267133593559265
YIL088C,YKR006C,0,0.31855512,0.21421143412590027,0.6149253845214844,0.226813405752182
YHR002W,YNL208W,0,0.31807253,0.2141372114419937,0.6149253845214844,0.2269134521484375
YMR238W,YLR194C,1,0.31792578,0.21440942585468292,0.6159204244613647,0.2269134521484375
YOR310C,YOR222W,0,0.31791106,0.21433517336845398,0.6159204244613647,0.2270135134458542
YOL090W,YKL085W,0,0.31779906,0.214260995388031,0.6159204244613647,0.22711355984210968
YJR036C,YJL117W,0,0.3176923,0.21418684720993042,0.6159204244613647,0.22721360623836517
YPL123C,YGR282C,1,0.3174754,0.2144586592912674,0.6169154047966003,0.22721360623836517
YHR143W,YPL187W,1,0.3173757,0.21473029255867004,0.6179104447364807,0.22721360623836517
YBL026W,YLR073C,0,0.3168942,0.2146560698747635,0.6179104447364807,0.22731365263462067
YPL110C,YMR034C,0,0.3168799,0.21458189189434052,0.6179104447364807,0.22741371393203735
YOL129W,YPL183W-A,0,0.31647483,0.21450777351856232,0.6179104447364807,0.22751376032829285
YBL028C,YOL101C,0,0.31643087,0.2144336998462677,0.6179104447364807,0.22761380672454834
YOL070C,YDR453C,0,0.31626746,0.21435968577861786,0.6179104447364807,0.22771385312080383
YDR083W,YGL183C,0,0.3160307,0.2142857164144516,0.6179104447364807,0.22781389951705933
YBR037C,YDR062W,0,0.31577924,0.21421179175376892,0.6179104447364807,0.227913960814476
YGR105W,YJR032W,0,0.31553218,0.21413792669773102,0.6179104447364807,0.2280140072107315
YOR304W,YOR313C,0,0.315488,0.2140641212463379,0.6179104447364807,0.228114053606987
YAL063C,YPL104W,0,0.31541663,0.21399034559726715,0.6179104447364807,0.2282141000032425
YKR056W,YIL133C,0,0.3150197,0.21391664445400238,0.6179104447364807,0.22831416130065918
YPR035W,YAL038W,0,0.31437162,0.21384297311306,0.6179104447364807,0.22841420769691467
YLR312W-A,YGL148W,0,0.31436744,0.2137693613767624,0.6179104447364807,0.22851425409317017
YNL307C,YOL062C,0,0.3143455,0.21369579434394836,0.6179104447364807,0.22861430048942566
YDR371W,YKL217W,0,0.3140687,0.2136222869157791,0.6179104447364807,0.22871436178684235
YPL134C,YDR429C,0,0.31392696,0.21354882419109344,0.6179104447364807,0.22881440818309784
YOR206W,YLR151C,0,0.3136549,0.21347542107105255,0.6179104447364807,0.22891445457935333
YDR449C,YHR039C-A,0,0.3136353,0.21340206265449524,0.6179104447364807,0.22901450097560883
YMR182C,YOR204W,0,0.31359753,0.2133287489414215,0.6179104447364807,0.2291145622730255
YPR196W,YHR082C,0,0.31329122,0.21325549483299255,0.6179104447364807,0.229214608669281
YGR268C,YIL079C,0,0.31301507,0.21318228542804718,0.6179104447364807,0.2293146550655365
YBR187W,YMR210W,0,0.31284332,0.21310913562774658,0.6179104447364807,0.229414701461792
YBR294W,YLR151C,0,0.31279802,0.21303601562976837,0.6179104447364807,0.22951476275920868
YLL051C,YDL246C,0,0.31263712,0.21296297013759613,0.6179104447364807,0.22961480915546417
YDR077W,YOL011W,1,0.31195638,0.21323277056217194,0.6189054846763611,0.22961480915546417
YLR020C,YLR344W,0,0.31189772,0.2131596952676773,0.6189054846763611,0.22971485555171967
YPL104W,YKL096W-A,0,0.31136313,0.21308667957782745,0.6189054846763611,0.22981490194797516
YOR247W,YDR371W,1,0.31101474,0.2133561670780182,0.6199005246162415,0.22981490194797516
YKL130C,YGR229C,0,0.31087032,0.21328312158584595,0.6199005246162415,0.22991496324539185
YLL027W,YIR005W,0,0.31077406,0.21321013569831848,0.6199005246162415,0.23001500964164734
YLL002W,YJL079C,0,0.31071606,0.2131371945142746,0.6199005246162415,0.23011505603790283
YIL134W,YKL201C,0,0.31070057,0.2130642980337143,0.6199005246162415,0.23021510243415833
YMR169C,YLR244C,0,0.3104827,0.21299144625663757,0.6199005246162415,0.230315163731575
YEL052W,YDR109C,0,0.30983493,0.21291865408420563,0.6199005246162415,0.2304152101278305
YNL044W,YLL004W,0,0.30976436,0.21284592151641846,0.6199005246162415,0.230515256524086
YLR129W,YER074W,0,0.30975482,0.21277321875095367,0.6199005246162415,0.2306153029203415
YNL335W,YDR403W,0,0.30961487,0.21270057559013367,0.6199005246162415,0.23071536421775818
YDL216C,YNL092W,0,0.30952144,0.21262799203395844,0.6199005246162415,0.23081541061401367
YOR261C,YLR160C,0,0.30936408,0.2125554382801056,0.6199005246162415,0.23091545701026917
YPL119C,YDR353W,0,0.3090233,0.21248294413089752,0.6199005246162415,0.23101550340652466
YCR030C,YDR226W,0,0.30888125,0.21241049468517303,0.6199005246162415,0.23111556470394135
YMR117C,YDL059C,0,0.30885312,0.21233810484409332,0.6199005246162415,0.23121561110019684
YDL245C,YJL128C,0,0.30880746,0.2122657597064972,0.6199005246162415,0.23131565749645233
YLR164W,YHR008C,0,0.30878994,0.21219345927238464,0.6199005246162415,0.23141570389270782
YML056C,YPR152C,0,0.3086845,0.21212121844291687,0.6199005246162415,0.2315157651901245
YJL011C,YDL040C,0,0.30852988,0.21204900741577148,0.6199005246162415,0.23161581158638
YNL066W,YOR190W,1,0.30818978,0.2123171091079712,0.620895504951477,0.23161581158638
YDL133C-A,YMR159C,0,0.30801177,0.2122448980808258,0.620895504951477,0.2317158579826355
YOR298W,YIL042C,0,0.3079736,0.212172731757164,0.620895504951477,0.231815904378891
YER138C,YIR018W,0,0.30767927,0.21210061013698578,0.620895504951477,0.23191595077514648
YPR196W,YMR143W,0,0.30754557,0.21202854812145233,0.620895504951477,0.23201601207256317
YJR149W,YBL029C-A,0,0.30746073,0.21195651590824127,0.620895504951477,0.23211605846881866
YEL040W,YBR078W,1,0.30712897,0.2122241109609604,0.6218905448913574,0.23211605846881866
YPL119C,YOL111C,0,0.30710387,0.21215206384658813,0.6218905448913574,0.23221610486507416
YGR279C,YKR013W,1,0.30686036,0.21241940557956696,0.6228855848312378,0.23221610486507416
YOR378W,YLR224W,0,0.3067606,0.2123473584651947,0.6228855848312378,0.23231615126132965
YBR196C,YGR089W,0,0.30629468,0.21227534115314484,0.6228855848312378,0.23241621255874634
YOR054C,YER074W,0,0.30627736,0.21220338344573975,0.6228855848312378,0.23251625895500183
YNL102W,YBR150C,0,0.3053616,0.21213148534297943,0.6228855848312378,0.23261630535125732
YNR074C,YHR047C,0,0.305261,0.2120596170425415,0.6228855848312378,0.23271635174751282
YKL174C,YNL117W,0,0.30520526,0.21198780834674835,0.6228855848312378,0.2328164130449295
YGR177C,YJR040W,0,0.30490348,0.21191604435443878,0.6228855848312378,0.232916459441185
YDR062W,YNL078W,0,0.30465654,0.2118443250656128,0.6228855848312378,0.2330165058374405
YGL209W,YML132W,0,0.30443683,0.21177266538143158,0.6228855848312378,0.23311655223369598
YER154W,YEL030W,0,0.3044046,0.21170105040073395,0.6228855848312378,0.23321661353111267
YKL078W,YMR032W,0,0.3043982,0.2116294801235199,0.6228855848312378,0.23331665992736816
YDL197C,YGR027C,0,0.3043747,0.21155795454978943,0.6228855848312378,0.23341670632362366
YNL008C,YML058W-A,0,0.3037974,0.21148648858070374,0.6228855848312378,0.23351675271987915
YAL063C,YLR325C,0,0.30379376,0.21141506731510162,0.6228855848312378,0.23361681401729584
YGR034W,YLR268W,0,0.3036294,0.2113436907529831,0.6228855848312378,0.23371686041355133
YPL134C,YFR021W,0,0.30353132,0.21127235889434814,0.6228855848312378,0.23381690680980682
YNL307C,YPR159W,0,0.3032724,0.21120108664035797,0.6228855848312378,0.23391695320606232
YJL066C,YNR003C,0,0.30319837,0.21112984418869019,0.6228855848312378,0.234017014503479
YKR036C,YOR349W,0,0.3031447,0.21105866134166718,0.6228855848312378,0.2341170608997345
YGR225W,YNL163C,0,0.30278608,0.21098752319812775,0.6228855848312378,0.23421710729599
YJR026W,YOR285W,0,0.3025362,0.2109164446592331,0.6228855848312378,0.23431715369224548
YJL191W,YNR002C,0,0.3024126,0.21084539592266083,0.6228855848312378,0.23441721498966217
YER049W,YDR494W,0,0.3023702,0.21077440679073334,0.6228855848312378,0.23451726138591766
YOR038C,YMR250W,0,0.30205408,0.21070346236228943,0.6228855848312378,0.23461730778217316
YKL096W-A,YHR085W,0,0.30198792,0.2106325775384903,0.6228855848312378,0.23471735417842865
YML030W,YIL132C,0,0.30181608,0.21056172251701355,0.6228855848312378,0.23481741547584534
YNL163C,YBL091C-A,0,0.30172476,0.21049092710018158,0.6228855848312378,0.23491746187210083
YEL040W,YJR153W,1,0.30168515,0.2107563018798828,0.6238806247711182,0.23491746187210083
YOR219C,YBR061C,0,0.30105293,0.21068547666072845,0.6238806247711182,0.23501750826835632
YKR071C,YBR067C,0,0.3007355,0.21061471104621887,0.6238806247711182,0.23511755466461182
YBR081C,YHR156C,0,0.30056158,0.21054399013519287,0.6238806247711182,0.2352176159620285
YMR218C,YLR141W,0,0.30052987,0.21047331392765045,0.6238806247711182,0.235317662358284
YDL107W,YMR090W,0,0.30030414,0.2104026824235916,0.6238806247711182,0.2354177087545395
YOL112W,YGL200C,0,0.30009744,0.21033211052417755,0.6238806247711182,0.23551775515079498
YNL078W,YLR348C,0,0.29993352,0.21026156842708588,0.6238806247711182,0.23561780154705048
YKR008W,YKL182W,0,0.29977754,0.21019108593463898,0.6238806247711182,0.23571786284446716
YOR010C,YDR461W,1,0.29899713,0.2104557603597641,0.6248756051063538,0.23571786284446716
YKL126W,YDR233C,0,0.2989723,0.210385262966156,0.6248756051063538,0.23581790924072266
YDL028C,YER090W,0,0.29888308,0.2103147953748703,0.6248756051063538,0.23591795563697815
YPR194C,YDR167W,0,0.2988139,0.21024438738822937,0.6248756051063538,0.23601800203323364
YBR196C,YPR200C,0,0.29872355,0.21017402410507202,0.6248756051063538,0.23611806333065033
YDL054C,YPL147W,0,0.29868376,0.21010372042655945,0.6248756051063538,0.23621810972690582
YJL079C,YPL187W,1,0.29848352,0.21036788821220398,0.6258706450462341,0.23621810972690582
YLR103C,YCL025C,0,0.29842404,0.21029755473136902,0.6258706450462341,0.23631815612316132
YKL067W,YHR039C-A,0,0.29815078,0.21022726595401764,0.6258706450462341,0.2364182025194168
YGL162W,YJR026W,0,0.2981083,0.21015703678131104,0.6258706450462341,0.2365182638168335
YNL271C,YDL140C,0,0.29799023,0.21008683741092682,0.6258706450462341,0.236618310213089
YLR020C,YGR034W,0,0.2979262,0.21001669764518738,0.6258706450462341,0.23671835660934448
YCL004W,YBR010W,0,0.2974184,0.20994660258293152,0.6258706450462341,0.23681840300559998
YLR160C,YKL163W,1,0.29715708,0.21021020412445068,0.6268656849861145,0.23681840300559998
YLL045C,YOR340C,0,0.29712877,0.21014009416103363,0.6268656849861145,0.23691846430301666
YJL130C,YAL029C,0,0.29696634,0.21007002890110016,0.6268656849861145,0.23701851069927216
YMR319C,YDR508C,0,0.29680243,0.20999999344348907,0.6268656849861145,0.23711855709552765
YJL024C,YIR039C,0,0.2967842,0.20993001759052277,0.6268656849861145,0.23721860349178314
YNL172W,YMR046C,0,0.29644158,0.20986008644104004,0.6268656849861145,0.23731866478919983
YJL160C,YLR037C,1,0.29644024,0.210123211145401,0.6278607249259949,0.23731866478919983
YNL223W,YMR033W,0,0.2958323,0.21005326509475708,0.6278607249259949,0.23741871118545532
YDR461W,YMR008C,1,0.29577017,0.21031613647937775,0.6288557052612305,0.23741871118545532
YMR269W,YKR069W,0,0.2952646,0.21024617552757263,0.6288557052612305,0.23751875758171082
YDR164C,YOL004W,0,0.29525688,0.2101762592792511,0.6288557052612305,0.2376188039779663
YOR214C,YKL157W,1,0.29507557,0.2104388326406479,0.6298507452011108,0.2376188039779663
YBR271W,YDL040C,0,0.2948559,0.21036888659000397,0.6298507452011108,0.237718865275383
YHR179W,YDR109C,0,0.29380915,0.21029900014400482,0.6298507452011108,0.2378189116716385
YPR119W,YFR052W,0,0.2937894,0.21022915840148926,0.6298507452011108,0.23791895806789398
YLR395C,YGL180W,0,0.29369977,0.21015936136245728,0.6298507452011108,0.23801900446414948
YOR388C,YPL276W,0,0.29337946,0.21008960902690887,0.6298507452011108,0.23811906576156616
YDL015C,YOL104C,0,0.29325393,0.21001990139484406,0.6298507452011108,0.23821911215782166
YJR004C,YCL043C,0,0.293199,0.209950253367424,0.6298507452011108,0.23831915855407715
YBR183W,YOR261C,0,0.29318926,0.20988063514232635,0.6298507452011108,0.23841920495033264
YOR324C,YAL040C,0,0.29294837,0.20981107652187347,0.6298507452011108,0.23851926624774933
YOL104C,YBR074W,0,0.29290882,0.20974154770374298,0.6298507452011108,0.23861931264400482
YDR512C,YMR049C,0,0.29271874,0.20967207849025726,0.6298507452011108,0.23871935904026031
YJL160C,YJL079C,1,0.29267785,0.20993377268314362,0.6308457851409912,0.23871935904026031
YDR026C,YOR310C,0,0.29267508,0.2098642885684967,0.6308457851409912,0.2388194054365158
YDR174W,YKL094W,0,0.29250732,0.20979483425617218,0.6308457851409912,0.2389194667339325
YKL046C,YJR153W,1,0.29241133,0.21005623042583466,0.6318408250808716,0.2389194667339325
YPR144C,YOR351C,0,0.2923792,0.20998677611351013,0.6318408250808716,0.239019513130188
YLL061W,YOL104C,0,0.2922925,0.209917351603508,0.6318408250808716,0.23911955952644348
YKL103C,YOL102C,0,0.2922188,0.20984798669815063,0.6318408250808716,0.23921960592269897
YJR153W,YOR383C,1,0.2918112,0.21010902523994446,0.6328358054161072,0.23921960592269897
YPR149W,YJR026W,0,0.29180232,0.2100396305322647,0.6328358054161072,0.23931966722011566
YMR013C,YGR020C,0,0.2916859,0.20997028052806854,0.6328358054161072,0.23941971361637115
YPR002W,YIL083C,0,0.29164526,0.20990099012851715,0.6328358054161072,0.23951976001262665
YOL155C,YGL028C,1,0.29160818,0.21016165614128113,0.6338308453559875,0.23951976001262665
YBL029C-A,YLR348C,0,0.29150376,0.21009235084056854,0.6338308453559875,0.23961980640888214
YMR273C,YPL027W,0,0.29094645,0.21002307534217834,0.6338308453559875,0.23971985280513763
YDL198C,YLR264W,0,0.29083875,0.20995385944843292,0.6338308453559875,0.23981991410255432
YML073C,YIL021W,0,0.28980148,0.2098846733570099,0.6338308453559875,0.23991996049880981
YOR214C,YJL159W,1,0.28930745,0.21014492213726044,0.6348258852958679,0.23991996049880981
YDR059C,YGR032W,0,0.28925154,0.2100757360458374,0.6348258852958679,0.2400200068950653
YPR191W,YDR457W,0,0.28909257,0.21000657975673676,0.6348258852958679,0.2401200532913208
YPL134C,YOR230W,0,0.28908432,0.20993748307228088,0.6348258852958679,0.2402201145887375
YLR113W,YKR044W,0,0.28895482,0.2098684161901474,0.6348258852958679,0.24032016098499298
YDL140C,YBR173C,0,0.28892544,0.2097994089126587,0.6348258852958679,0.24042020738124847
YGR034W,YDR403W,0,0.2886879,0.20973044633865356,0.6348258852958679,0.24052025377750397
YOR099W,YHR058C,0,0.28859577,0.20966151356697083,0.6348258852958679,0.24062031507492065
YKL182W,YJR101W,0,0.2880409,0.20959264039993286,0.6348258852958679,0.24072036147117615
YOR071C,YOL158C,0,0.28798243,0.20952381193637848,0.6348258852958679,0.24082040786743164
YAR002C-A,YDL070W,0,0.28789124,0.20945502817630768,0.6348258852958679,0.24092045426368713
YGR264C,YGR175C,0,0.2878274,0.20938627421855927,0.6348258852958679,0.24102051556110382
YKL061W,YPR133W-A,0,0.28756303,0.20931757986545563,0.6348258852958679,0.24112056195735931
YDR351W,YKR103W,0,0.287524,0.20924893021583557,0.6348258852958679,0.2412206083536148
YHR056C,YDR196C,0,0.28699473,0.2091803252696991,0.6348258852958679,0.2413206547498703
YPR072W,YGR177C,0,0.28696212,0.2091117650270462,0.6348258852958679,0.241420716047287
YEL031W,YLR325C,0,0.2869037,0.2090432494878769,0.6348258852958679,0.24152076244354248
YJR078W,YLR160C,0,0.2866669,0.20897477865219116,0.6348258852958679,0.24162080883979797
YOL057W,YBL112C,0,0.28646556,0.208906352519989,0.6348258852958679,0.24172085523605347
YIL061C,YDL083C,0,0.28540918,0.20883797109127045,0.6348258852958679,0.24182091653347015
YPR194C,YJL066C,0,0.2853808,0.20876963436603546,0.6348258852958679,0.24192096292972565
YDL021W,YPR006C,0,0.28526267,0.20870134234428406,0.6348258852958679,0.24202100932598114
YML032C,YER002W,0,0.28491765,0.20863309502601624,0.6348258852958679,0.24212105572223663
YOR247W,YKR013W,1,0.28491148,0.20889179408550262,0.6358209252357483,0.24212105572223663
YML051W,YKL103C,0,0.2848899,0.2088235318660736,0.6358209252357483,0.24222111701965332
YGR085C,YDL022W,0,0.28482157,0.20875531435012817,0.6358209252357483,0.2423211634159088
YOR291W,YGR180C,0,0.28441197,0.20868712663650513,0.6358209252357483,0.2424212098121643
YLR312W-A,YCR057C,0,0.28396526,0.20861899852752686,0.6358209252357483,0.2425212562084198
YOL011W,YDR461W,1,0.28319985,0.20887728035449982,0.6368159055709839,0.2425212562084198
YNR004W,YJL071W,0,0.28264278,0.20880913734436035,0.6368159055709839,0.2426213175058365
YGL068W,YLR329W,0,0.28258166,0.20874102413654327,0.6368159055709839,0.24272136390209198
YDR306C,YER190W,0,0.28243563,0.20867297053337097,0.6368159055709839,0.24282141029834747
YKL217W,YIL170W,0,0.28223786,0.20860496163368225,0.6368159055709839,0.24292145669460297
YDR429C,YNR010W,0,0.2821261,0.20853698253631592,0.6368159055709839,0.24302151799201965
YGR112W,YBR061C,0,0.28181174,0.20846904814243317,0.6368159055709839,0.24312156438827515
YBR006W,YDL097C,0,0.2817178,0.2084011733531952,0.6368159055709839,0.24322161078453064
YDR371W,YKR013W,1,0.2816599,0.2086588591337204,0.6378109455108643,0.24322161078453064
YKR057W,YCR052W,0,0.28163457,0.20859095454216003,0.6378109455108643,0.24332165718078613
YDL170W,YHL027W,0,0.2815009,0.20852309465408325,0.6378109455108643,0.24342170357704163
YOL142W,YMR065W,0,0.2811802,0.20845527946949005,0.6378109455108643,0.2435217648744583
YHR214W,YOR383C,1,0.28114626,0.2087126076221466,0.6388059854507446,0.2435217648744583
YBR177C,YPL147W,0,0.28102845,0.2086447775363922,0.6388059854507446,0.2436218112707138
YPL252C,YIR032C,0,0.2809908,0.2085769921541214,0.6388059854507446,0.2437218576669693
YLR285W,YOL040C,0,0.28099,0.20850925147533417,0.6388059854507446,0.2438219040632248
YER185W,YKL166C,0,0.28062314,0.20844155550003052,0.6388059854507446,0.24392196536064148
YBR118W,YDL206W,0,0.28038314,0.20837390422821045,0.6388059854507446,0.24402201175689697
YBR118W,YML036W,0,0.2801247,0.20830629765987396,0.6388059854507446,0.24412205815315247
YOR323C,YDR146C,0,0.28010467,0.20823873579502106,0.6388059854507446,0.24422210454940796
YMR210W,YDR496C,0,0.27990732,0.20817120373249054,0.6388059854507446,0.24432216584682465
YKR102W,YBR078W,1,0.27979234,0.20842787623405457,0.6398009657859802,0.24432216584682465
YJL130C,YPR060C,0,0.279756,0.20836034417152405,0.6398009657859802,0.24442221224308014
YKL013C,YBR182C,0,0.27956596,0.20829284191131592,0.6398009657859802,0.24452225863933563
YMR099C,YLR348C,0,0.27953115,0.20822538435459137,0.6398009657859802,0.24462230503559113
YDL215C,YBR145W,0,0.27898762,0.2081579864025116,0.6398009657859802,0.2447223663330078
YOR297C,YLR151C,0,0.27852276,0.2080906182527542,0.6398009657859802,0.2448224127292633
YNR074C,YOL107W,0,0.27850255,0.2080232948064804,0.6398009657859802,0.2449224591255188
YIL094C,YMR186W,0,0.2783318,0.20795601606369019,0.6398009657859802,0.2450225055217743
YNL314W,YDR508C,0,0.27817264,0.20788878202438354,0.6398009657859802,0.24512256681919098
YKR013W,YMR238W,1,0.27806678,0.20814479887485504,0.6407960057258606,0.24512256681919098
YIL134W,YOR292C,0,0.27786994,0.2080775499343872,0.6407960057258606,0.24522261321544647
YKR103W,YNL163C,0,0.27782467,0.20801033079624176,0.6407960057258606,0.24532265961170197
YGR221C,YCL034W,0,0.27775294,0.2079431712627411,0.6407960057258606,0.24542270600795746
YDL078C,YIL133C,0,0.27774015,0.207876056432724,0.6407960057258606,0.24552276730537415
YOR297C,YBR072W,0,0.2776328,0.2078089714050293,0.6407960057258606,0.24562281370162964
YKL190W,YOR204W,0,0.27752116,0.20774193108081818,0.6407960057258606,0.24572286009788513
YHL027W,YER019C-A,0,0.2772496,0.20767495036125183,0.6407960057258606,0.24582290649414062
YLR141W,YBL098W,0,0.27697447,0.20760799944400787,0.6407960057258606,0.2459229677915573
YPR194C,YLR224W,0,0.27624813,0.2075410932302475,0.6407960057258606,0.2460230141878128
YGR285C,YBR145W,0,0.2761546,0.2074742317199707,0.6407960057258606,0.2461230605840683
YOR287C,YLR047C,0,0.27553415,0.2074074000120163,0.6407960057258606,0.2462231069803238
YMR296C,YNR060W,0,0.27546623,0.20734062790870667,0.6407960057258606,0.24632316827774048
YJL066C,YBR222C,0,0.2753567,0.20727390050888062,0.6407960057258606,0.24642321467399597
YDR296W,YKL161C,0,0.27523038,0.20720720291137695,0.6407960057258606,0.24652326107025146
YNL095C,YNL070W,0,0.27516153,0.20714056491851807,0.6407960057258606,0.24662330746650696
YMR319C,YML030W,0,0.27514288,0.20707395672798157,0.6407960057258606,0.24672336876392365
YNL297C,YER087W,0,0.2750619,0.20700739324092865,0.6407960057258606,0.24682341516017914
YKL189W,YKR044W,0,0.27503797,0.20694087445735931,0.6407960057258606,0.24692346155643463
YJL079C,YLR050C,0,0.27480748,0.20687440037727356,0.6407960057258606,0.24702350795269012
YJR057W,YJL141C,0,0.27436087,0.2068079710006714,0.6407960057258606,0.24712355434894562
YGR105W,YPR125W,0,0.27435893,0.2067415714263916,0.6407960057258606,0.2472236156463623
YHR082C,YNR002C,0,0.27430826,0.2066752314567566,0.6407960057258606,0.2473236620426178
YDL208W,YBR026C,0,0.27429712,0.20660892128944397,0.6407960057258606,0.2474237084388733
YDR499W,YLL055W,0,0.27423027,0.20654265582561493,0.6407960057258606,0.24752375483512878
YFL066C,YPR159W,0,0.27399182,0.20647643506526947,0.6407960057258606,0.24762381613254547
YDL029W,YBL076C,0,0.2738301,0.2064102590084076,0.6407960057258606,0.24772386252880096
YGL180W,YOL054W,0,0.27373844,0.2063441276550293,0.6407960057258606,0.24782390892505646
YPR119W,YMR099C,0,0.27351677,0.2062780261039734,0.6407960057258606,0.24792395532131195
YDR518W,YPR159W,0,0.27345237,0.20621196925640106,0.6407960057258606,0.24802401661872864
YLR300W,YLR213C,1,0.27324685,0.20646606385707855,0.641791045665741,0.24802401661872864
YGR288W,YOL107W,0,0.27322662,0.20640000700950623,0.641791045665741,0.24812406301498413
YBR145W,YJL082W,0,0.2731016,0.2063339799642563,0.641791045665741,0.24822410941123962
YKL093W,YMR061W,0,0.27308875,0.20626798272132874,0.641791045665741,0.24832415580749512
YKL061W,YGL030W,0,0.27272633,0.20620204508304596,0.641791045665741,0.2484242171049118
YGR282C,YNL262W,0,0.27242547,0.20613615214824677,0.641791045665741,0.2485242635011673
YNL110C,YOL111C,0,0.27226946,0.20607028901576996,0.641791045665741,0.2486243098974228
YEL040W,YOR214C,1,0.27221373,0.20632386207580566,0.6427860856056213,0.2486243098974228
YKR102W,YJR151C,1,0.27219316,0.20657727122306824,0.6437810659408569,0.2486243098974228
YJL006C,YBR072W,0,0.27194852,0.20651133358478546,0.6437810659408569,0.24872435629367828
YDR405W,YDR389W,0,0.27159804,0.20644544064998627,0.6437810659408569,0.24882441759109497
YNL202W,YBR129C,0,0.2712976,0.20637959241867065,0.6437810659408569,0.24892446398735046
YIL094C,YDR245W,0,0.271267,0.20631377398967743,0.6437810659408569,0.24902451038360596
YGL226C-A,YLL061W,0,0.2711035,0.20624800026416779,0.6437810659408569,0.24912455677986145
YGL158W,YOL142W,0,0.27100277,0.20618228614330292,0.6437810659408569,0.24922461807727814
YJR021C,YER137C,0,0.2705057,0.20611660182476044,0.6437810659408569,0.24932466447353363
YPL274W,YNR060W,0,0.27035826,0.20605096220970154,0.6437810659408569,0.24942471086978912
YBR294W,YOR285W,0,0.26986513,0.20598535239696503,0.6437810659408569,0.24952475726604462
YOR279C,YEL041W,0,0.26974273,0.2059198021888733,0.6437810659408569,0.2496248185634613
YHR066W,YJR040W,0,0.26971582,0.20585428178310394,0.6437810659408569,0.2497248649597168
YGL014W,YLR312W-A,0,0.2696962,0.20578880608081818,0.6437810659408569,0.2498249113559723
YDR067C,YGL225W,0,0.26954487,0.205723375082016,0.6437810659408569,0.24992495775222778
YDL029W,YER002W,0,0.26945886,0.2056579738855362,0.6437810659408569,0.2500250041484833
YDR164C,YGL183C,0,0.2694235,0.20559263229370117,0.6437810659408569,0.25012505054473877
YJR138W,YPL252C,0,0.2688633,0.20552732050418854,0.6437810659408569,0.25022512674331665
YJL194W,YER002W,0,0.26865718,0.20546205341815948,0.6437810659408569,0.25032517313957214
YLR329W,YER165W,0,0.2684506,0.205396831035614,0.6437810659408569,0.25042521953582764
YPL127C,YPL147W,0,0.26826674,0.20533163845539093,0.6437810659408569,0.25052526593208313
YIL042C,YIL133C,0,0.26825806,0.20526649057865143,0.6437810659408569,0.2506253123283386
YMR319C,YDR404C,0,0.26813266,0.2052014023065567,0.6437810659408569,0.2507253587245941
YJR138W,YBL091C-A,0,0.26806656,0.20513632893562317,0.6437810659408569,0.2508254051208496
YLR206W,YLR268W,0,0.26799864,0.2050713151693344,0.6437810659408569,0.2509254515171051
YPR191W,YEL031W,0,0.2679716,0.20500633120536804,0.6437810659408569,0.2510254979133606
YAL054C,YNL283C,0,0.26796612,0.20494140684604645,0.6437810659408569,0.2511255741119385
YJR078W,YBR042C,0,0.26783752,0.20487649738788605,0.6437810659408569,0.25122562050819397
YLR029C,YDR170C,0,0.26764655,0.20481164753437042,0.6437810659408569,0.25132566690444946
YHR060W,YMR229C,0,0.267612,0.20474684238433838,0.6437810659408569,0.25142571330070496
YGR052W,YFL021W,0,0.2675004,0.20468206703662872,0.6437810659408569,0.25152575969696045
YHL012W,YER090W,0,0.26720008,0.20461733639240265,0.6437810659408569,0.25162580609321594
YGL209W,YDL015C,0,0.26718488,0.20455263555049896,0.6437810659408569,0.25172585248947144
YKR019C,YPL223C,0,0.26707396,0.20448799431324005,0.6437810659408569,0.25182589888572693
YPR182W,YGR143W,0,0.2669517,0.20442338287830353,0.6437810659408569,0.2519259750843048
YKL165C,YCL057W,0,0.26681775,0.20435881614685059,0.6437810659408569,0.2520260214805603
YIL108W,YAL031C,0,0.26680073,0.20429427921772003,0.6437810659408569,0.2521260678768158
YPL064C,YNL232W,0,0.26658532,0.20422980189323425,0.6437810659408569,0.2522261142730713
YMR169C,YDR449C,0,0.26652315,0.20416535437107086,0.6437810659408569,0.2523261606693268
YDL246C,YCR057C,0,0.26651695,0.20410095155239105,0.6437810659408569,0.2524262070655823
YDR174W,YMR250W,0,0.26643744,0.20403657853603363,0.6437810659408569,0.25252625346183777
YFL057C,YNR028W,0,0.26527655,0.2039722502231598,0.6437810659408569,0.25262629985809326
YOR301W,YGR105W,0,0.26501036,0.20390796661376953,0.6437810659408569,0.25272637605667114
YPL131W,YBR238C,0,0.2649511,0.20384372770786285,0.6437810659408569,0.25282642245292664
YML073C,YDR403W,0,0.26492864,0.20377953350543976,0.6437810659408569,0.25292646884918213
YKR035W-A,YHR051W,0,0.2647959,0.20371536910533905,0.6437810659408569,0.2530265152454376
YOR298W,YER190W,0,0.2645417,0.20365124940872192,0.6437810659408569,0.2531265616416931
YLR344W,YAL029C,0,0.26437366,0.20358715951442719,0.6437810659408569,0.2532266080379486
YDR451C,YFL023W,0,0.26436397,0.20352311432361603,0.6437810659408569,0.2533266544342041
YCL043C,YGR285C,0,0.2643513,0.20345911383628845,0.6437810659408569,0.2534267008304596
YLR295C,YMR136W,0,0.26415977,0.20339515805244446,0.6437810659408569,0.2535267770290375
YDR351W,YFL021W,0,0.26402998,0.20333123207092285,0.6437810659408569,0.25362682342529297
YLR113W,YDL015C,0,0.2634253,0.20326735079288483,0.6437810659408569,0.25372686982154846
YHR214C-B,YML109W,0,0.26339,0.20320351421833038,0.6437810659408569,0.25382691621780396
YPR072W,YIL076W,0,0.2633695,0.20313972234725952,0.6437810659408569,0.25392696261405945
YGL236C,YOL040C,0,0.2631356,0.20307596027851105,0.6437810659408569,0.25402700901031494
YEL053C,YGL113W,0,0.26303437,0.20301224291324615,0.6437810659408569,0.25412705540657043
YJL171C,YLR325C,0,0.2629172,0.20294855535030365,0.6437810659408569,0.2542271018028259
YHR056C,YGL010W,0,0.26271537,0.20288491249084473,0.6437810659408569,0.2543271780014038
YHL012W,YGL200C,0,0.26263726,0.20282131433486938,0.6437810659408569,0.2544272243976593
YLR289W,YGR085C,0,0.26257205,0.20275776088237762,0.6437810659408569,0.2545272707939148
YGL028C,YNL322C,1,0.26248342,0.2030075192451477,0.6447761058807373,0.2545272707939148
YNL073W,YJR028W,0,0.26237202,0.20294393599033356,0.6447761058807373,0.2546273171901703
YKL210W,YNR015W,0,0.2618667,0.202880397439003,0.6447761058807373,0.2547273635864258
YKR054C,YPL093W,0,0.26156744,0.202816903591156,0.6447761058807373,0.2548274099826813
YLL051C,YNL282W,0,0.26131785,0.2027534395456314,0.6447761058807373,0.25492745637893677
YMR117C,YAL016W,0,0.26124224,0.2026900202035904,0.6447761058807373,0.25502750277519226
YPR060C,YML128C,0,0.26112744,0.20262664556503296,0.6447761058807373,0.25512754917144775
YKL038W,YDR444W,0,0.2609829,0.2025633007287979,0.6447761058807373,0.25522762537002563
YDR285W,YNL122C,0,0.26054943,0.20250000059604645,0.6447761058807373,0.25532767176628113
YLR321C,YKL201C,0,0.26036194,0.20243674516677856,0.6447761058807373,0.2554277181625366
YLL061W,YNL121C,0,0.26025495,0.20237351953983307,0.6447761058807373,0.2555277645587921
YGL112C,YDL245C,0,0.2601013,0.20231033861637115,0.6447761058807373,0.2556278109550476
YML032C,YMR143W,0,0.25999212,0.20224718749523163,0.6447761058807373,0.2557278573513031
YDR030C,YMR143W,0,0.25982985,0.20218408107757568,0.6447761058807373,0.2558279037475586
YGR264C,YHR039C-A,0,0.25957522,0.20212101936340332,0.6447761058807373,0.2559279501438141
YJL034W,YDR496C,0,0.25951353,0.20205800235271454,0.6447761058807373,0.25602802634239197
YLR020C,YFL010W-A,0,0.25933608,0.20199501514434814,0.6447761058807373,0.25612807273864746
YNL238W,YNL052W,0,0.25892535,0.20193207263946533,0.6447761058807373,0.25622811913490295
YHR143W,YOR214C,1,0.25876984,0.2021806836128235,0.6457711458206177,0.25622811913490295
YLR270W,YLR224W,0,0.2584638,0.20211772620677948,0.6457711458206177,0.25632816553115845
YPL208W,YLR348C,0,0.2582478,0.20205479860305786,0.6457711458206177,0.25642821192741394
YOL070C,YGL170C,0,0.25771964,0.20199190080165863,0.6457711458206177,0.25652825832366943
YLR191W,YGR214W,0,0.25770524,0.20192906260490417,0.6457711458206177,0.2566283047199249
YLR390W-A,YIL011W,1,0.25741032,0.20217730104923248,0.646766185760498,0.2566283047199249
YOR378W,YPL112C,0,0.25736523,0.20211443305015564,0.646766185760498,0.2567283511161804
YJR151C,YPR002W,0,0.25675502,0.20205159485340118,0.646766185760498,0.2568284273147583
YNL073W,YNL117W,0,0.25667867,0.2019888162612915,0.646766185760498,0.2569284737110138
YNL282W,YKL172W,0,0.256651,0.2019260674715042,0.646766185760498,0.2570285201072693
YBR155W,YPL183W-A,0,0.25625685,0.2018633484840393,0.646766185760498,0.2571285665035248
YLR187W,YEL041W,0,0.2562333,0.20180068910121918,0.646766185760498,0.2572286128997803
YJL134W,YKL053C-A,0,0.25622115,0.20173804461956024,0.646766185760498,0.25732865929603577
YBR278W,YJL166W,0,0.25612876,0.20167545974254608,0.646766185760498,0.25742870569229126
YOR298W,YLL033W,0,0.25493857,0.2016129046678543,0.646766185760498,0.25752875208854675
YLR401C,YDR146C,0,0.25477248,0.20155039429664612,0.646766185760498,0.25762882828712463
YGR288W,YBR031W,0,0.25460812,0.20148791372776031,0.646766185760498,0.2577288746833801
YPL093W,YHR051W,0,0.25457034,0.2014254778623581,0.646766185760498,0.2578289210796356
YMR168C,YOL040C,0,0.25452903,0.20136307179927826,0.646766185760498,0.2579289674758911
YDL133C-A,YGL212W,0,0.25443694,0.201300710439682,0.646766185760498,0.2580290138721466
YOL104C,YDR222W,0,0.2543532,0.20123839378356934,0.646766185760498,0.2581290602684021
YNR035C,YPR163C,0,0.25421056,0.20117610692977905,0.646766185760498,0.2582291066646576
YNL223W,YML049C,0,0.25421008,0.20111386477947235,0.646766185760498,0.2583291530609131
YHR056C,YJR051W,0,0.25420776,0.20105165243148804,0.646766185760498,0.25842922925949097
YMR227C,YIR039C,0,0.2540793,0.2009894847869873,0.646766185760498,0.25852927565574646
YGR199W,YIL133C,0,0.25366047,0.20092736184597015,0.646766185760498,0.25862932205200195
YBL092W,YGR276C,0,0.2534912,0.2008652687072754,0.646766185760498,0.25872936844825745
YER049W,YIL135C,0,0.25313574,0.2008032202720642,0.646766185760498,0.25882941484451294
YGR251W,YLR187W,0,0.25295582,0.20074120163917542,0.646766185760498,0.25892946124076843
YLR401C,YBL068W,0,0.25265193,0.2006792277097702,0.646766185760498,0.2590295076370239
YDL246C,YHR041C,0,0.25251845,0.20061728358268738,0.646766185760498,0.2591295540332794
YDR454C,YER162C,0,0.25241625,0.20055538415908813,0.646766185760498,0.2592296004295349
YNL267W,YHR174W,0,0.2521418,0.20049352943897247,0.646766185760498,0.2593296766281128
YLR141W,YMR115W,0,0.2518684,0.2004317045211792,0.646766185760498,0.2594297230243683
YKL163W,YIL162W,1,0.25158307,0.20067816972732544,0.6477611660957336,0.2594297230243683
YML097C,YFL017W-A,0,0.2513657,0.20061632990837097,0.6477611660957336,0.2595297694206238
YJL200C,YEL053C,0,0.25124976,0.20055453479290009,0.6477611660957336,0.2596298158168793
YLR157C,YKL046C,1,0.25115848,0.20080073177814484,0.648756206035614,0.2596298158168793
YMR228W,YOR351C,0,0.25107917,0.20073892176151276,0.648756206035614,0.25972986221313477
YGL183C,YFL021W,0,0.2509078,0.20067712664604187,0.648756206035614,0.25982990860939026
YJL079C,YOR247W,1,0.2507281,0.20092307031154633,0.6497512459754944,0.25982990860939026
YCL036W,YJR010W,0,0.25071546,0.20086127519607544,0.6497512459754944,0.25992995500564575
YLR447C,YOL010W,0,0.2505582,0.20079950988292694,0.6497512459754944,0.26003000140190125
YOR243C,YGR027C,0,0.25031295,0.20073777437210083,0.6497512459754944,0.2601300776004791
YLR187W,YKL201C,0,0.24971482,0.2006760835647583,0.6497512459754944,0.2602301239967346
YOR145C,YIL048W,0,0.24965772,0.20061443746089935,0.6497512459754944,0.2603301703929901
YOR020C,YGL113W,0,0.24958292,0.2005528211593628,0.6497512459754944,0.2604302167892456
YNL290W,YLR348C,0,0.24955514,0.20049124956130981,0.6497512459754944,0.2605302631855011
YJR147W,YAL029C,0,0.24938792,0.20042970776557922,0.6497512459754944,0.2606303095817566
YBR301W,YKL096W,1,0.24917269,0.20067505538463593,0.6507462859153748,0.2606303095817566
YLL041C,YPR043W,0,0.24886578,0.20061349868774414,0.6507462859153748,0.2607303559780121
YKL103C,YLR350W,0,0.2485238,0.20055197179317474,0.6507462859153748,0.2608304023742676
YBR177C,YGL216W,0,0.24850562,0.20049048960208893,0.6507462859153748,0.26093047857284546
YJR028W,YJR034W,0,0.24822143,0.2004290521144867,0.6507462859153748,0.26103052496910095
YAR002C-A,YLR348C,0,0.24797022,0.20036764442920685,0.6507462859153748,0.26113057136535645
YIL108W,YGL162W,0,0.24784973,0.20030628144741058,0.6507462859153748,0.26123061776161194
YDR172W,YNL092W,0,0.24764916,0.2002449482679367,0.6507462859153748,0.26133066415786743
YMR049C,YJR005W,0,0.24758458,0.2001836597919464,0.6507462859153748,0.2614307105541229
YGL170C,YNL335W,0,0.24756736,0.2001224011182785,0.6507462859153748,0.2615307569503784
YAL033W,YPL104W,0,0.24742445,0.20006118714809418,0.6507462859153748,0.2616308033466339
YGR177C,YGR089W,0,0.24726543,0.20000000298023224,0.6507462859153748,0.2617308795452118
YJR055W,YPR006C,0,0.24713919,0.19993886351585388,0.6507462859153748,0.2618309259414673
YLR024C,YHR079C,0,0.24680457,0.1998777538537979,0.6507462859153748,0.2619309723377228
YML071C,YDL171C,0,0.24680361,0.19981668889522552,0.6507462859153748,0.26203101873397827
YER052C,YGL163C,0,0.24619034,0.19975565373897552,0.6507462859153748,0.26213106513023376
YIL134W,YNL073W,0,0.24616638,0.1996946632862091,0.6507462859153748,0.26223111152648926
YNL297C,YDR226W,0,0.24596015,0.19963370263576508,0.6507462859153748,0.26233115792274475
YGL183C,YJR032W,0,0.24582377,0.19957278668880463,0.6507462859153748,0.26243120431900024
YOL004W,YNL182C,0,0.24559358,0.19951190054416656,0.6507462859153748,0.2625312805175781
YOR237W,YAL017W,0,0.24532217,0.19945105910301208,0.6507462859153748,0.2626313269138336
YCL018W,YFL001W,0,0.24501392,0.19939024746418,0.6507462859153748,0.2627313733100891
YNL232W,YOR324C,0,0.24495149,0.1993294656276703,0.6507462859153748,0.2628314197063446
YEL012W,YGL226C-A,0,0.24449149,0.19926874339580536,0.6507462859153748,0.2629314661026001
YFL066C,YPR006C,0,0.2442325,0.19920803606510162,0.6507462859153748,0.2630315124988556
YLR395C,YJL206C,0,0.2442013,0.19914738833904266,0.6507462859153748,0.2631315588951111
YAL033W,YFR021W,0,0.2440075,0.1990867555141449,0.6507462859153748,0.2632316052913666
YLR390W-A,YLR213C,1,0.24397239,0.19933049380779266,0.6517412662506104,0.2632316052913666
YPL187W,YOR009W,1,0.2439597,0.1995740830898285,0.6527363061904907,0.2632316052913666
YLR300W,YHR214W,1,0.24395299,0.19981752336025238,0.6537313461303711,0.2632316052913666
YGR143W,YOR294W,0,0.24375516,0.19975677132606506,0.6537313461303711,0.26333165168762207
YER138C,YLR151C,0,0.24374291,0.19969604909420013,0.6537313461303711,0.26343172788619995
YDR077W,YGR279C,1,0.24370638,0.19993922114372253,0.6547263860702515,0.26343172788619995
YMR046C,YKL201C,0,0.2435737,0.1998784989118576,0.6547263860702515,0.26353177428245544
YLR107W,YBR128C,0,0.24343565,0.19981779158115387,0.6547263860702515,0.26363182067871094
YHL012W,YGL026C,0,0.243137,0.19975712895393372,0.6547263860702515,0.26373186707496643
YJR138W,YKL171W,0,0.24268487,0.19969651103019714,0.6547263860702515,0.2638319134712219
YGL172W,YLR042C,0,0.24255624,0.19963592290878296,0.6547263860702515,0.2639319598674774
YOL066C,YBR230C,0,0.24245363,0.19957536458969116,0.6547263860702515,0.2640320062637329
YGL244W,YDR226W,0,0.24195138,0.19951485097408295,0.6547263860702515,0.2641320526599884
YNL079C,YLR264W,0,0.2416268,0.1994543820619583,0.6547263860702515,0.2642321288585663
YLR300W,YDR461W,1,0.24154702,0.19969697296619415,0.6557213664054871,0.2642321288585663
YGR052W,YIL108W,0,0.24138308,0.19963647425174713,0.6557213664054871,0.2643321752548218
YBR059C,YEL040W,0,0.24131835,0.1995760202407837,0.6557213664054871,0.26443222165107727
YDL061C,YDR449C,0,0.2412529,0.19951559603214264,0.6557213664054871,0.26453226804733276
YJL225C,YJL053W,0,0.24110296,0.19945520162582397,0.6557213664054871,0.26463231444358826
YER175C,YMR213W,0,0.24108925,0.1993948519229889,0.6557213664054871,0.26473236083984375
YAL038W,YDR140W,0,0.24101847,0.1993345469236374,0.6557213664054871,0.26483240723609924
YHL034C,YGL174W,0,0.24100861,0.19927427172660828,0.6557213664054871,0.26493245363235474
YLR312W-A,YJR028W,0,0.24094114,0.19921402633190155,0.6557213664054871,0.2650325298309326
YNL117W,YDR451C,0,0.24091434,0.1991538256406784,0.6557213664054871,0.2651325762271881
YGL094C,YPR080W,0,0.24080577,0.19909365475177765,0.6557213664054871,0.2652326226234436
YLR300W,YOR349W,0,0.24049622,0.19903352856636047,0.6557213664054871,0.2653326690196991
YHR214C-B,YIR032C,0,0.24030676,0.19897343218326569,0.6557213664054871,0.2654327154159546
YPL213W,YOR008C,0,0.23989424,0.1989133656024933,0.6557213664054871,0.2655327618122101
YOR212W,YKL171W,0,0.2394369,0.19885334372520447,0.6557213664054871,0.2656328082084656
YDL246C,YAL029C,0,0.23941544,0.19879336655139923,0.6557213664054871,0.26573285460472107
YPR121W,YIL162W,1,0.23925915,0.19903498888015747,0.6567164063453674,0.26573285460472107
YJL114W,YIL108W,0,0.23898378,0.19897498190402985,0.6567164063453674,0.26583293080329895
YKL182W,YGR134W,0,0.23886535,0.1989150047302246,0.6567164063453674,0.26593297719955444
YNL145W,YLR213C,1,0.23880896,0.19915637373924255,0.6577114462852478,0.26593297719955444
YDR410C,YDL083C,0,0.23880243,0.19909638166427612,0.6577114462852478,0.26603302359580994
YMR210W,YPR043W,0,0.23864737,0.19903643429279327,0.6577114462852478,0.26613306999206543
YNL085W,YOL040C,0,0.23864713,0.1989765167236328,0.6577114462852478,0.2662331163883209
YDL024C,YOR008C,0,0.23779565,0.19891664385795593,0.6577114462852478,0.2663331627845764
YNL027W,YAL040C,0,0.23778298,0.19885680079460144,0.6577114462852478,0.2664332091808319
YGL236C,YDL040C,0,0.23751166,0.19879698753356934,0.6577114462852478,0.2665332555770874
YOL142W,YMR300C,0,0.23725206,0.1987372189760208,0.6577114462852478,0.2666333019733429
YLR286C,YOR010C,1,0.23634967,0.19897805154323578,0.6587064862251282,0.2666333019733429
YJR010W,YPL273W,0,0.23622647,0.19891826808452606,0.6587064862251282,0.2667333781719208
YER014C-A,YLR383W,0,0.23622036,0.19885851442813873,0.6587064862251282,0.26683342456817627
YFL033C,YNR002C,0,0.23615631,0.19879880547523499,0.6587064862251282,0.26693347096443176
YNR067C,YMR137C,0,0.23613417,0.19873911142349243,0.6587064862251282,0.26703351736068726
YDR304C,YMR308C,0,0.2357128,0.19867947697639465,0.6587064862251282,0.26713356375694275
YKL180W,YPL112C,0,0.23535696,0.19861985743045807,0.6587064862251282,0.26723361015319824
YLR268W,YPR006C,0,0.23528382,0.19856028258800507,0.6587064862251282,0.26733365654945374
YOL124C,YLR268W,0,0.23466784,0.19850075244903564,0.6587064862251282,0.26743370294570923
YOL082W,YJR140C,0,0.23461545,0.1984412521123886,0.6587064862251282,0.2675337791442871
YBR052C,YOR261C,0,0.23454809,0.19838178157806396,0.6587064862251282,0.2676338255405426
YDL198C,YPL112C,0,0.23451108,0.1983223557472229,0.6587064862251282,0.2677338719367981
YDL198C,YOL107W,0,0.23448184,0.19826295971870422,0.6587064862251282,0.2678339183330536
YEL037C,YHR209W,0,0.2344591,0.19820359349250793,0.6587064862251282,0.2679339647293091
YNL079C,YIL047C,0,0.23406872,0.19814427196979523,0.6587064862251282,0.2680340111255646
YNL052W,YLR164W,0,0.23389566,0.1980849802494049,0.6587064862251282,0.26813405752182007
YGL241W,YNL078W,0,0.23386264,0.19802571833133698,0.6587064862251282,0.26823410391807556
YKL175W,YBL098W,0,0.23366794,0.19796650111675262,0.6587064862251282,0.26833418011665344
YKL046C,YMR238W,1,0.2336663,0.19820627570152283,0.6597014665603638,0.26833418011665344
YLL034C,YLR394W,0,0.23356271,0.19814704358577728,0.6597014665603638,0.26843422651290894
YGL122C,YLR130C,0,0.23324734,0.19808784127235413,0.6597014665603638,0.26853427290916443
YNL160W,YOR383C,1,0.23324579,0.19832736253738403,0.6606965065002441,0.26853427290916443
YBR145W,YDR332W,0,0.23312694,0.19826814532279968,0.6606965065002441,0.2686343193054199
YBR243C,YFR052W,0,0.23257121,0.19820895791053772,0.6606965065002441,0.2687343657016754
YFR001W,YJL206C,0,0.23243818,0.19814980030059814,0.6606965065002441,0.2688344120979309
YOR176W,YNR018W,0,0.23230961,0.19809068739414215,0.6606965065002441,0.2689344584941864
YDL217C,YDR423C,0,0.23195246,0.19803161919116974,0.6606965065002441,0.2690345048904419
YLR289W,YHR164C,0,0.23165554,0.19797256588935852,0.6606965065002441,0.2691345810890198
YGL037C,YDR207C,0,0.23155013,0.19791355729103088,0.6606965065002441,0.26923462748527527
YLR160C,YMR008C,1,0.2315045,0.198152557015419,0.6616915464401245,0.26923462748527527
YMR250W,YOR285W,0,0.23147237,0.19809353351593018,0.6616915464401245,0.26933467388153076
YNL066W,YHR214W,1,0.23139986,0.19833233952522278,0.6626865863800049,0.26933467388153076
YLL051C,YDR414C,0,0.23138517,0.19827330112457275,0.6626865863800049,0.26943472027778625
YCR030C,YGR281W,0,0.2310954,0.19821429252624512,0.6626865863800049,0.26953476667404175
YDR472W,YER190W,0,0.23097023,0.19815531373023987,0.6626865863800049,0.26963481307029724
YGR052W,YBR281C,0,0.2308524,0.198096364736557,0.6626865863800049,0.26973485946655273
YMR006C,YIL015W,1,0.23018318,0.19833481311798096,0.6636815667152405,0.26973485946655273
YLR286C,YKL157W,1,0.22989541,0.19857312738895416,0.6646766066551208,0.26973485946655273
YDL128W,YLR251W,0,0.2293869,0.19851411879062653,0.6646766066551208,0.2698349058628082
YGR169C,YLR160C,0,0.2292572,0.19845513999462128,0.6646766066551208,0.2699349820613861
YIL134W,YGR180C,0,0.2289919,0.19839619100093842,0.6646766066551208,0.2700350284576416
YOL004W,YOR294W,0,0.22889546,0.19833728671073914,0.6646766066551208,0.2701350748538971
YOL066C,YNL239W,0,0.22881088,0.19827842712402344,0.6646766066551208,0.2702351212501526
YNL236W,YKL038W,0,0.22879484,0.19821958243846893,0.6646766066551208,0.2703351676464081
YNL232W,YMR239C,0,0.22873309,0.198160782456398,0.6646766066551208,0.2704352140426636
YKL171W,YLR301W,0,0.22855678,0.19810201227664948,0.6646766066551208,0.27053526043891907
YGR225W,YMR180C,0,0.22803143,0.19804328680038452,0.6646766066551208,0.27063530683517456
YGL212W,YBR287W,0,0.22793236,0.19798459112644196,0.6646766066551208,0.27073535323143005
YDL036C,YGR199W,0,0.22755587,0.19792592525482178,0.6646766066551208,0.27083542943000793
YGL170C,YDL021W,0,0.22716814,0.19786730408668518,0.6646766066551208,0.2709354758262634
YOL111C,YGL163C,0,0.2268542,0.19780871272087097,0.6646766066551208,0.2710355222225189
YCL004W,YKR028W,0,0.22666273,0.19775015115737915,0.6646766066551208,0.2711355686187744
YKL217W,YDR332W,0,0.22651482,0.19769161939620972,0.6646766066551208,0.2712356150150299
YKL074C,YMR136W,0,0.2262784,0.19763313233852386,0.6646766066551208,0.2713356614112854
YDR371W,YNL232W,0,0.22617212,0.1975746750831604,0.6646766066551208,0.2714357078075409
YEL031W,YOR187W,0,0.22610304,0.19751626253128052,0.6646766066551208,0.2715357542037964
YIL011W,YJR151C,1,0.22594452,0.19775347411632538,0.6656716465950012,0.2715357542037964
YDR077W,YDR461W,1,0.22580451,0.1979905366897583,0.6666666865348816,0.2715357542037964
YKL046C,YGR282C,1,0.22577307,0.19822748005390167,0.6676616668701172,0.2715357542037964
YLL055W,YER115C,0,0.22576201,0.19816893339157104,0.6676616668701172,0.27163583040237427
YNL232W,YAR027W,0,0.22526243,0.1981104165315628,0.6676616668701172,0.27173587679862976
YOR377W,YJL128C,0,0.22494778,0.19805194437503815,0.6676616668701172,0.27183592319488525
YBR162C,YDR371W,1,0.22492915,0.19828857481479645,0.6686567068099976,0.27183592319488525
YLR344W,YFR019W,0,0.22474992,0.1982300877571106,0.6686567068099976,0.27193596959114075
YKL119C,YPL131W,0,0.2244384,0.19817163050174713,0.6686567068099976,0.27203601598739624
YLR163C,YER104W,0,0.22423604,0.19811320304870605,0.6686567068099976,0.27213606238365173
YJR070C,YPL200W,0,0.22422418,0.19805482029914856,0.6686567068099976,0.2722361087799072
YDR419W,YJL130C,0,0.22404274,0.19799646735191345,0.6686567068099976,0.2723361551761627
YMR300C,YPR133W-A,0,0.22395945,0.19793814420700073,0.6686567068099976,0.2724362313747406
YBL112C,YOL090W,0,0.22381115,0.1978798657655716,0.6686567068099976,0.2725362777709961
YGR288W,YOR243C,0,0.22373384,0.19782160222530365,0.6686567068099976,0.2726363241672516
YML071C,YBL092W,0,0.22370115,0.1977633833885193,0.6686567068099976,0.2727363705635071
YGL071W,YMR143W,0,0.22335061,0.1977052092552185,0.6686567068099976,0.2728364169597626
YPR196W,YDR492W,0,0.22332034,0.1976470649242401,0.6686567068099976,0.27293646335601807
YJR004C,YPR127W,0,0.22326297,0.1975889503955841,0.6686567068099976,0.27303650975227356
YER019C-A,YDR404C,0,0.2229788,0.1975308656692505,0.6686567068099976,0.27313655614852905
YPR001W,YEL029C,0,0.2226012,0.19747281074523926,0.6686567068099976,0.27323663234710693
YMR182C,YKR069W,0,0.22237375,0.1974148005247116,0.6686567068099976,0.2733366787433624
YDL045W-A,YLR129W,0,0.22214001,0.19735683500766754,0.6686567068099976,0.2734367251396179
YOR009W,YJL078C,1,0.22207037,0.19759248197078705,0.6696517467498779,0.2734367251396179
YMR089C,YGR118W,0,0.22196504,0.1975344866514206,0.6696517467498779,0.2735367715358734
YPL240C,YBR145W,0,0.22177425,0.19747652113437653,0.6696517467498779,0.2736368179321289
YAL022C,YNR072W,0,0.22166207,0.19741860032081604,0.6696517467498779,0.2737368643283844
YDR461W,YMR239C,0,0.22158754,0.19736070930957794,0.6696517467498779,0.2738369107246399
YPR137W,YBR010W,0,0.22153467,0.19730284810066223,0.6696517467498779,0.2739369571208954
YNL127W,YKL053C-A,0,0.22147933,0.1972450166940689,0.6696517467498779,0.27403703331947327
YGR225W,YNL273W,0,0.22126937,0.19718722999095917,0.6696517467498779,0.27413707971572876
YKL078W,YCL043C,0,0.2211901,0.19712947309017181,0.6696517467498779,0.27423712611198425
YGR052W,YLR312W-A,0,0.22113043,0.19707174599170685,0.6696517467498779,0.27433717250823975
YKL163W,YHR214W,1,0.22102076,0.1973067969083786,0.6706467866897583,0.27433717250823975
YOR230W,YBR072W,0,0.2206755,0.19724905490875244,0.6706467866897583,0.27443721890449524
YDL245C,YER101C,0,0.22047779,0.19719134271144867,0.6706467866897583,0.27453726530075073
YNL172W,YMR273C,0,0.22044131,0.19713366031646729,0.6706467866897583,0.2746373116970062
YHR179W,YKR066C,0,0.2204344,0.19707602262496948,0.6706467866897583,0.2747373580932617
YDL202W,YIL048W,0,0.22032347,0.19701841473579407,0.6706467866897583,0.2748374044895172
YJL060W,YGR185C,0,0.2201288,0.19696083664894104,0.6706467866897583,0.2749374806880951
YOR084W,YLR153C,0,0.21972165,0.1969033032655716,0.6706467866897583,0.2750375270843506
YKR055W,YBR238C,0,0.21950069,0.19684579968452454,0.6706467866897583,0.2751375734806061
YMR305C,YMR006C,1,0.21904632,0.19708029925823212,0.6716417670249939,0.2751375734806061
YOR222W,YAR031W,0,0.21895453,0.19702276587486267,0.6716417670249939,0.2752376198768616
YPR187W,YCR026C,0,0.21852532,0.1969652771949768,0.6716417670249939,0.27533766627311707
YPR194C,YNL259C,0,0.21831113,0.19690781831741333,0.6716417670249939,0.27543771266937256
YKL090W,YDL148C,0,0.2181778,0.19685038924217224,0.6716417670249939,0.27553775906562805
YER008C,YPL200W,0,0.21724361,0.19679300487041473,0.6716417670249939,0.27563780546188354
YDR090C,YMR143W,0,0.21717757,0.19673565030097961,0.6716417670249939,0.2757378816604614
YKL163W,YJR004C,1,0.21691793,0.19696970283985138,0.6726368069648743,0.2757378816604614
YER117W,YOR215C,0,0.2168898,0.19691231846809387,0.6726368069648743,0.2758379280567169
YOR274W,YNL070W,0,0.21673667,0.19685497879981995,0.6726368069648743,0.2759379744529724
YDL198C,YKL205W,0,0.21657535,0.1967976689338684,0.6726368069648743,0.2760380208492279
YDL083C,YML132W,0,0.21628064,0.19674038887023926,0.6726368069648743,0.2761380672454834
YCR030C,YKL009W,0,0.2161493,0.1966831535100937,0.6726368069648743,0.2762381136417389
YBR080C,YDR508C,0,0.21591863,0.1966259479522705,0.6726368069648743,0.2763381600379944
YHR209W,YCR057C,0,0.2157903,0.19656877219676971,0.6726368069648743,0.2764382064342499
YIL177C,YLR164W,0,0.21569547,0.1965116262435913,0.6726368069648743,0.27653828263282776
YPR024W,YFL066C,0,0.21534103,0.19645452499389648,0.6726368069648743,0.27663832902908325
YPL104W,YPR133W-A,0,0.21494663,0.19639743864536285,0.6726368069648743,0.27673837542533875
YMR145C,YER115C,0,0.21425349,0.1963403970003128,0.6726368069648743,0.27683842182159424
YML073C,YDR449C,0,0.21420762,0.19628338515758514,0.6726368069648743,0.27693846821784973
YOR025W,YHR109W,0,0.21412906,0.19622641801834106,0.6726368069648743,0.2770385146141052
YER055C,YDR337W,0,0.21405256,0.19616946578025818,0.6726368069648743,0.2771385610103607
YKR055W,YDL140C,0,0.21381435,0.19611255824565887,0.6726368069648743,0.2772386074066162
YKL210W,YOL028C,0,0.21347407,0.19605568051338196,0.6726368069648743,0.2773386836051941
YKL126W,YMR276W,0,0.21339574,0.19599884748458862,0.6726368069648743,0.2774387300014496
YGL200C,YJR005W,0,0.21288002,0.19594202935695648,0.6726368069648743,0.2775387763977051
YLR305C,YER190W,0,0.21277395,0.19588525593280792,0.6726368069648743,0.27763882279396057
YLR203C,YNL016W,0,0.21262482,0.19582851231098175,0.6726368069648743,0.27773886919021606
YAL054C,YNR013C,0,0.2125285,0.19577179849147797,0.6726368069648743,0.27783891558647156
YOL155C,YGR155W,0,0.21231529,0.19571511447429657,0.6726368069648743,0.27793896198272705
YOR098C,YMR075W,0,0.21226087,0.19565846025943756,0.6726368069648743,0.27803900837898254
YOR054C,YDL133C-A,0,0.21143869,0.19560185074806213,0.6726368069648743,0.27813905477523804
YMR319C,YNL107W,0,0.21143508,0.1955452710390091,0.6726368069648743,0.2782391309738159
YEL030W,YBR192W,0,0.21121123,0.19548872113227844,0.6726368069648743,0.2783391773700714
YNL079C,YJR026W,0,0.21117917,0.19543220102787018,0.6726368069648743,0.2784392237663269
YJR150C,YBR301W,1,0.2111783,0.19566473364830017,0.6736318469047546,0.2784392237663269
YPL099C,YMR159C,0,0.21081302,0.1956081986427307,0.6736318469047546,0.2785392701625824
YLR080W,YKL038W,0,0.21052292,0.19555170834064484,0.6736318469047546,0.2786393165588379
YOR291W,YJR026W,0,0.21044907,0.19549523293972015,0.6736318469047546,0.2787393629550934
YNL117W,YCR087C-A,0,0.21033296,0.19543880224227905,0.6736318469047546,0.2788394093513489
YDR240C,YBR141C,0,0.21017185,0.19538240134716034,0.6736318469047546,0.27893945574760437
YBL076C,YGL169W,0,0.20934013,0.195326030254364,0.6736318469047546,0.27903953194618225
YLR040C,YDR055W,1,0.20917144,0.1955581158399582,0.674626886844635,0.27903953194618225
YBR183W,YPL252C,0,0.20915309,0.19550172984600067,0.674626886844635,0.27913957834243774
YNL095C,YNL052W,0,0.2090204,0.19544537365436554,0.674626886844635,0.27923962473869324
YKL161C,YBR031W,0,0.20898467,0.1953890472650528,0.674626886844635,0.27933967113494873
YJR004C,YOR054C,0,0.20837823,0.19533275067806244,0.674626886844635,0.2794397175312042
YJR149W,YIL159W,0,0.20814076,0.19527649879455566,0.674626886844635,0.2795397639274597
YDR453C,YNL302C,0,0.20786548,0.19522027671337128,0.674626886844635,0.2796398103237152
YOL040C,YKL095W,0,0.2076293,0.19516406953334808,0.674626886844635,0.2797398567199707
YNL006W,YHR058C,0,0.20747146,0.19510790705680847,0.674626886844635,0.2798399329185486
YML030W,YNL182C,0,0.20742545,0.19505178928375244,0.674626886844635,0.2799399793148041
YBL091C-A,YOR123C,0,0.20737258,0.1949956864118576,0.674626886844635,0.28004002571105957
YBL076C,YCR087C-A,0,0.20730755,0.19493961334228516,0.674626886844635,0.28014007210731506
YLR165C,YGL060W,0,0.20726565,0.1948835849761963,0.674626886844635,0.28024011850357056
YCL036W,YDL198C,0,0.20715031,0.1948275864124298,0.674626886844635,0.28034016489982605
YBR093C,YDL049C,1,0.20710805,0.1950588971376419,0.6756218671798706,0.28034016489982605
YDR026C,YOR098C,0,0.20681852,0.19500286877155304,0.6756218671798706,0.28044021129608154
YJR078W,YDL217C,0,0.20654592,0.19494688510894775,0.6756218671798706,0.28054025769233704
YKL103C,YBR222C,0,0.2057158,0.19489093124866486,0.6756218671798706,0.2806403338909149
YLR219W,YGL163C,0,0.20569333,0.19483500719070435,0.6756218671798706,0.2807403802871704
YJL159W,YOL011W,1,0.20554787,0.19506597518920898,0.676616907119751,0.2807403802871704
YDL171C,YNR060W,0,0.20548436,0.19501003623008728,0.676616907119751,0.2808404266834259
YLR028C,YNR072W,0,0.20534924,0.19495412707328796,0.676616907119751,0.2809404730796814
YMR241W,YBR080C,0,0.2053015,0.19489824771881104,0.676616907119751,0.2810405194759369
YDL179W,YOR148C,0,0.20479631,0.1948424130678177,0.676616907119751,0.2811405658721924
YMR013C,YPR083W,0,0.20478919,0.19478659331798553,0.676616907119751,0.2812406122684479
YLR270W,YMR239C,0,0.20464215,0.19473081827163696,0.676616907119751,0.28134065866470337
YDL246C,YAL016W,0,0.20430866,0.19467505812644958,0.676616907119751,0.28144073486328125
YDR205W,YMR008C,0,0.20430276,0.1946193426847458,0.676616907119751,0.28154078125953674
YLR429W,YOR294W,0,0.20415866,0.19456365704536438,0.676616907119751,0.28164082765579224
YPL223C,YMR025W,0,0.20396206,0.19450801610946655,0.676616907119751,0.28174087405204773
YNL095C,YOL104C,0,0.20362487,0.19445239007472992,0.676616907119751,0.2818409204483032
YPR030W,YFR052W,0,0.20333013,0.19439679384231567,0.676616907119751,0.2819409668445587
YKL093W,YPR162C,0,0.20293763,0.194341242313385,0.676616907119751,0.2820410132408142
YIL135C,YKL053C-A,0,0.20292819,0.19428572058677673,0.676616907119751,0.2821410596370697
YLR300W,YJR053W,0,0.20289677,0.19423021376132965,0.676616907119751,0.2822411060333252
YDL198C,YMR272C,0,0.20268223,0.19417475163936615,0.676616907119751,0.2823411822319031
YDR403W,YAL029C,0,0.20264581,0.19411931931972504,0.676616907119751,0.28244122862815857
YNL084C,YER190W,0,0.20245221,0.1940639317035675,0.676616907119751,0.28254127502441406
YDL047W,YNL092W,0,0.20222801,0.19400855898857117,0.676616907119751,0.28264132142066956
YBL041W,YGL200C,0,0.20221508,0.19395321607589722,0.676616907119751,0.28274136781692505
YEL022W,YJR028W,0,0.20202032,0.19389791786670685,0.676616907119751,0.28284141421318054
YKL163W,YMR238W,1,0.2019799,0.19412770867347717,0.6776119470596313,0.28284141421318054
YPL139C,YGR034W,0,0.20192975,0.19407238066196442,0.6776119470596313,0.28294146060943604
YGL212W,YHR082C,0,0.20183909,0.19401709735393524,0.6776119470596313,0.28304150700569153
YDR072C,YLR344W,0,0.20181438,0.19396182894706726,0.6776119470596313,0.2831415832042694
YLR295C,YLR429W,0,0.20161676,0.19390660524368286,0.6776119470596313,0.2832416296005249
YER087W,YGR229C,0,0.20127848,0.19385141134262085,0.6776119470596313,0.2833416759967804
YPR080W,YLR033W,0,0.20116743,0.19379624724388123,0.6776119470596313,0.2834417223930359
YKL078W,YOL004W,0,0.20113945,0.193741112947464,0.6776119470596313,0.2835417687892914
YOR327C,YNL259C,0,0.20112133,0.19368600845336914,0.6776119470596313,0.2836418151855469
YDL036C,YIR018W,0,0.20104992,0.19363093376159668,0.6776119470596313,0.28374186158180237
YDL024C,YOR089C,0,0.20097736,0.1935758888721466,0.6776119470596313,0.28384190797805786
YDR245W,YLL017W,0,0.20082375,0.19352088868618011,0.6776119470596313,0.28394198417663574
YPL200W,YER168C,0,0.20067522,0.19346590340137482,0.6776119470596313,0.28404203057289124
YEL069C,YJR005W,0,0.2005091,0.1934109628200531,0.6776119470596313,0.28414207696914673
YPL078C,YHR085W,0,0.2004011,0.19335605204105377,0.6776119470596313,0.2842421233654022
YER049W,YDR508C,0,0.20036155,0.19330117106437683,0.6776119470596313,0.2843421697616577
YAL033W,YBR173C,0,0.20033419,0.19324630498886108,0.6776119470596313,0.2844422161579132
YAL038W,YLR386W,0,0.20027211,0.19319148361682892,0.6776119470596313,0.2845422625541687
YGL183C,YJL176C,0,0.20017901,0.19313669204711914,0.6776119470596313,0.2846423089504242
YNL008C,YER138C,0,0.19995743,0.19308194518089294,0.6776119470596313,0.2847423851490021
YOR071C,YBR247C,0,0.19993147,0.19302721321582794,0.6776119470596313,0.28484243154525757
YLR395C,YGL256W,0,0.19976017,0.19297251105308533,0.6776119470596313,0.28494247794151306
YJR028W,YDR389W,0,0.19970325,0.1929178535938263,0.6776119470596313,0.28504252433776855
YOR038C,YBR243C,0,0.19964942,0.19286321103572845,0.6776119470596313,0.28514257073402405
YMR168C,YML128C,0,0.19959033,0.1928086131811142,0.6776119470596313,0.28524261713027954
YJL191W,YPR138C,0,0.1995103,0.19275403022766113,0.6776119470596313,0.28534266352653503
YGL162W,YAR031W,0,0.19900146,0.19269949197769165,0.6776119470596313,0.2854427099227905
YMR020W,YAL038W,0,0.19870281,0.19264498353004456,0.6776119470596313,0.2855427861213684
YDL021W,YMR295C,0,0.19833526,0.19259050488471985,0.6776119470596313,0.2856428325176239
YJR005W,YAL038W,0,0.1975837,0.19253604114055634,0.6776119470596313,0.2857428789138794
YOR389W,YOR382W,1,0.1975449,0.1927642673254013,0.6786069869995117,0.2857428789138794
YHR002W,YCR087C-A,0,0.19736305,0.1927098035812378,0.6786069869995117,0.2858429253101349
YBR066C,YCL034W,0,0.19723701,0.19265536963939667,0.6786069869995117,0.2859429717063904
YDR026C,YPR187W,0,0.19717875,0.19260096549987793,0.6786069869995117,0.2860430181026459
YPL122C,YML128C,0,0.19698474,0.19254659116268158,0.6786069869995117,0.28614306449890137
YEL040W,YIL133C,0,0.1967662,0.19249223172664642,0.6786069869995117,0.28624311089515686
YJL079C,YGR189C,1,0.19659725,0.19272008538246155,0.6796019673347473,0.28624311089515686
YBR196C,YGR169C,0,0.19626507,0.1926657259464264,0.6796019673347473,0.28634315729141235
YJL194W,YOR292C,0,0.19605276,0.19261139631271362,0.6796019673347473,0.28644323348999023
YDR064W,YER052C,0,0.19553444,0.19255709648132324,0.6796019673347473,0.2865432798862457
YBR195C,YOR310C,0,0.19553411,0.19250281155109406,0.6796019673347473,0.2866433262825012
YJR078W,YBR275C,0,0.19539669,0.19244857132434845,0.6796019673347473,0.2867433726787567
YJR051W,YPR138C,0,0.19534627,0.19239436089992523,0.6796019673347473,0.2868434190750122
YOR279C,YIR018W,0,0.19527301,0.1923401802778244,0.6796019673347473,0.2869434654712677
YBR096W,YML039W,0,0.19484195,0.19228602945804596,0.6796019673347473,0.2870435118675232
YLR350W,YHR008C,0,0.1946075,0.1922319233417511,0.6796019673347473,0.2871435582637787
YKL009W,YBR074W,0,0.19436613,0.19217783212661743,0.6796019673347473,0.28724363446235657
YPR080W,YLR020C,0,0.19435173,0.19212377071380615,0.6796019673347473,0.28734368085861206
YBR276C,YPL027W,0,0.19407433,0.19206973910331726,0.6796019673347473,0.28744372725486755
YHR085W,YCR026C,0,0.19376332,0.19201573729515076,0.6796019673347473,0.28754377365112305
YNL307C,YGL103W,0,0.19372353,0.19196178019046783,0.6796019673347473,0.28764382004737854
YBR238C,YFL013C,0,0.19344577,0.1919078379869461,0.6796019673347473,0.28774386644363403
YDR067C,YML128C,0,0.19331703,0.19185392558574677,0.6796019673347473,0.2878439128398895
YDL055C,YIL021W,0,0.19311947,0.191800057888031,0.6796019673347473,0.287943959236145
YGR180C,YGR252W,0,0.19308314,0.19174620509147644,0.6796019673347473,0.2880440354347229
YDR146C,YGR285C,0,0.1930748,0.19169239699840546,0.6796019673347473,0.2881440818309784
YHR077C,YER052C,0,0.19301137,0.19163860380649567,0.6796019673347473,0.2882441282272339
YAR027W,YIL177C,0,0.19295216,0.19158485531806946,0.6796019673347473,0.2883441746234894
YAR071W,YNR067C,1,0.19285414,0.19181154668331146,0.6805970072746277,0.2883441746234894
YBL076C,YGR246C,0,0.19266003,0.19175778329372406,0.6805970072746277,0.2884442210197449
YPR080W,YLR163C,0,0.19265085,0.19170403480529785,0.6805970072746277,0.28854426741600037
YOR377W,YML109W,0,0.192563,0.19165031611919403,0.6805970072746277,0.28864431381225586
YOR243C,YDR453C,0,0.19241738,0.1915966421365738,0.6805970072746277,0.28874436020851135
YDL202W,YJL095W,0,0.19232649,0.19154298305511475,0.6805970072746277,0.28884443640708923
YAL038W,YJL079C,0,0.192253,0.19148936867713928,0.6805970072746277,0.2889444828033447
YMR304W,YAL031C,0,0.19193709,0.191435769200325,0.6805970072746277,0.2890445291996002
YGR052W,YHR214C-B,0,0.19176635,0.19138219952583313,0.6805970072746277,0.2891445755958557
YOL101C,YGR134W,0,0.1911796,0.19132867455482483,0.6805970072746277,0.2892446219921112
YDR492W,YDR416W,0,0.19073468,0.19127516448497772,0.6805970072746277,0.2893446683883667
YDR530C,YCR046C,0,0.19060248,0.1912216991186142,0.6805970072746277,0.2894447147846222
YNL160W,YIL015W,1,0.1903955,0.19144773483276367,0.6815920472145081,0.2894447147846222
YDL047W,YHR008C,0,0.19033244,0.19139423966407776,0.6815920472145081,0.2895447611808777
YMR114C,YDL035C,0,0.19030577,0.19134078919887543,0.6815920472145081,0.2896448075771332
YJL079C,YAL005C,1,0.19028065,0.191566601395607,0.6825870871543884,0.2896448075771332
YER138C,YER130C,0,0.19002905,0.19151312112808228,0.6825870871543884,0.28974488377571106
YMR321C,YGL103W,0,0.18999892,0.19145967066287994,0.6825870871543884,0.28984493017196655
YDR383C,YCR012W,0,0.18885279,0.19140625,0.6825870871543884,0.28994497656822205
YGR214W,YDR226W,0,0.18878797,0.19135285913944244,0.6825870871543884,0.29004502296447754
YGR282C,YIR032C,0,0.18858102,0.19129949808120728,0.6825870871543884,0.29014506936073303
YLR390W-A,YJL159W,1,0.18846688,0.1915249526500702,0.683582067489624,0.29014506936073303
YGR255C,YLR164W,0,0.18796477,0.19147157669067383,0.683582067489624,0.2902451157569885
YLR040C,YAR071W,1,0.18778953,0.19169685244560242,0.6845771074295044,0.2902451157569885
YCL008C,YLR359W,0,0.18774214,0.19164344668388367,0.6845771074295044,0.290345162153244
YFL066C,YOR340C,0,0.18766034,0.1915900856256485,0.6845771074295044,0.2904452085494995
YMR008C,YHL034C,0,0.18753171,0.19153675436973572,0.6845771074295044,0.2905452847480774
YPL183W-A,YJR112W,0,0.18748781,0.19148343801498413,0.6845771074295044,0.2906453311443329
YOR388C,YHR164C,0,0.18741855,0.19143016636371613,0.6845771074295044,0.2907453775405884
YJL071W,YNL092W,0,0.18718025,0.19137690961360931,0.6845771074295044,0.29084542393684387
YCR093W,YCR046C,0,0.18700916,0.19132369756698608,0.6845771074295044,0.29094547033309937
YMR182C,YOR355W,0,0.1867305,0.19127050042152405,0.6845771074295044,0.29104551672935486
YDL024C,YNR057C,0,0.18670285,0.1912173479795456,0.6845771074295044,0.29114556312561035
YMR159C,YDR062W,0,0.18626222,0.19116421043872833,0.6845771074295044,0.29124560952186584
YJR070C,YMR228W,0,0.18612179,0.19111111760139465,0.6845771074295044,0.2913456857204437
YMR218C,YLR187W,0,0.18607569,0.19105803966522217,0.6845771074295044,0.2914457321166992
YNL066W,YNR044W,1,0.18593013,0.19128261506557465,0.6855721473693848,0.2914457321166992
YOL155C,YDR534C,1,0.18581623,0.19150707125663757,0.6865671873092651,0.2914457321166992
YMR087W,YPR138C,0,0.18545604,0.1914539337158203,0.6865671873092651,0.2915457785129547
YBL091C-A,YER168C,0,0.18539533,0.19140082597732544,0.6865671873092651,0.2916458249092102
YHR132C,YJR026W,0,0.18507844,0.19134774804115295,0.6865671873092651,0.2917458713054657
YJL225C,YLR206W,0,0.18497959,0.19129469990730286,0.6865671873092651,0.2918459177017212
YGR052W,YEL043W,0,0.18493855,0.19124168157577515,0.6865671873092651,0.2919459640979767
YOR071C,YDL227C,0,0.18473047,0.19118869304656982,0.6865671873092651,0.2920460104942322
YCR057C,YLR359W,0,0.18452516,0.1911357343196869,0.6865671873092651,0.29214608669281006
YLL041C,YDR392W,0,0.1843395,0.19108280539512634,0.6865671873092651,0.29224613308906555
YMR241W,YGR216C,0,0.18433595,0.19102990627288818,0.6865671873092651,0.29234617948532104
YOL090W,YNL302C,0,0.18412644,0.19097702205181122,0.6865671873092651,0.29244622588157654
YDR030C,YFL066C,0,0.18402758,0.19092418253421783,0.6865671873092651,0.29254627227783203
YNL121C,YLR160C,0,0.18370152,0.19087137281894684,0.6865671873092651,0.2926463186740875
YDL246C,YDL028C,0,0.18351355,0.19081857800483704,0.6865671873092651,0.292746365070343
YIL132C,YJR103W,0,0.18347266,0.19076582789421082,0.6865671873092651,0.2928464114665985
YER125W,YFL057C,0,0.1834603,0.19071310758590698,0.6865671873092651,0.2929464876651764
YDR174W,YPL065W,0,0.18341202,0.19066040217876434,0.6865671873092651,0.2930465340614319
YHR164C,YJR147W,0,0.18340653,0.19060774147510529,0.6865671873092651,0.2931465804576874
YGL026C,YFR036W,0,0.18328917,0.19055509567260742,0.6865671873092651,0.29324662685394287
YJR004C,YJL078C,1,0.18316868,0.19077856838703156,0.6875621676445007,0.29324662685394287
YNL163C,YKL003C,0,0.1830141,0.1907259225845337,0.6875621676445007,0.29334667325019836
YKR054C,YHR209W,0,0.18290174,0.19067329168319702,0.6875621676445007,0.29344671964645386
YGR020C,YJL095W,0,0.18284273,0.19062069058418274,0.6875621676445007,0.29354676604270935
YLR380W,YNR010W,0,0.18282378,0.19056811928749084,0.6875621676445007,0.29364681243896484
YMR239C,YKL003C,0,0.18265265,0.19051557779312134,0.6875621676445007,0.29374685883522034
YDR064W,YDL028C,0,0.18260494,0.19046306610107422,0.6875621676445007,0.2938469350337982
YIR038C,YHR135C,0,0.18251199,0.1904105842113495,0.6875621676445007,0.2939469814300537
YFL057C,YER002W,0,0.18233359,0.19035813212394714,0.6875621676445007,0.2940470278263092
YNL238W,YBR072W,0,0.18229294,0.190305694937706,0.6875621676445007,0.2941470742225647
YLR386W,YNL092W,0,0.1822218,0.19025330245494843,0.6875621676445007,0.2942471206188202
YOL155C,YLR194C,1,0.18221667,0.190476194024086,0.6885572075843811,0.2942471206188202
YMR077C,YPL223C,0,0.18218303,0.19042377173900604,0.6885572075843811,0.2943471670150757
YOR327C,YER130C,0,0.18189466,0.19037139415740967,0.6885572075843811,0.2944472134113312
YJL011C,YER150W,0,0.18179122,0.1903190314769745,0.6885572075843811,0.29454725980758667
YOR388C,YJR021C,0,0.18148604,0.1902666985988617,0.6885572075843811,0.29464733600616455
YKL090W,YNR074C,0,0.18127394,0.19021441042423248,0.6885572075843811,0.29474738240242004
YJL034W,YPL131W,0,0.18103993,0.19016213715076447,0.6885572075843811,0.29484742879867554
YDL171C,YGL051W,0,0.18080387,0.19010989367961884,0.6885572075843811,0.29494747519493103
YDR405W,YBL079W,0,0.18068004,0.1900576800107956,0.6885572075843811,0.2950475215911865
YMR272C,YIR005W,0,0.18045256,0.19000549614429474,0.6885572075843811,0.295147567987442
YDR072C,YDL024C,0,0.18035695,0.18995334208011627,0.6885572075843811,0.2952476143836975
YPR111W,YIL133C,0,0.18035188,0.189901202917099,0.6885572075843811,0.295347660779953
YKR057W,YKL210W,0,0.18031597,0.1898491084575653,0.6885572075843811,0.2954477369785309
YNR060W,YPR160W,0,0.18023998,0.189797043800354,0.6885572075843811,0.2955477833747864
YDL198C,YGR229C,0,0.17983893,0.1897449940443039,0.6885572075843811,0.29564782977104187
YDL245C,YNL032W,0,0.17981935,0.18969298899173737,0.6885572075843811,0.29574787616729736
YGL010W,YPR152C,0,0.1796639,0.18964099884033203,0.6885572075843811,0.29584792256355286
YAR002C-A,YDR062W,0,0.17956895,0.18958903849124908,0.6885572075843811,0.29594796895980835
YLR316C,YLR164W,0,0.17954746,0.18953710794448853,0.6885572075843811,0.29604801535606384
YFR021W,YBL091C-A,0,0.17930517,0.18948520720005035,0.6885572075843811,0.29614806175231934
YGR288W,YFL066C,0,0.17930236,0.18943333625793457,0.6885572075843811,0.2962481379508972
YPR191W,YBR095C,0,0.17879632,0.18938149511814117,0.6885572075843811,0.2963481843471527
YKL205W,YOL040C,0,0.17874196,0.18932968378067017,0.6885572075843811,0.2964482307434082
YOR324C,YLR042C,0,0.1786825,0.18927790224552155,0.6885572075843811,0.2965482771396637
YJL060W,YDL227C,0,0.17864686,0.18922613561153412,0.6885572075843811,0.2966483235359192
YGR189C,YOR190W,1,0.17849264,0.1894477903842926,0.6895522475242615,0.2966483235359192
YPL163C,YHR135C,0,0.17835787,0.18939600884914398,0.6895522475242615,0.2967483699321747
YIL035C,YBR072W,0,0.1780712,0.18934425711631775,0.6895522475242615,0.2968484163284302
YJR147W,YIL079C,0,0.17797804,0.1892925500869751,0.6895522475242615,0.29694846272468567
YNR031C,YJL130C,0,0.17793944,0.18924085795879364,0.6895522475242615,0.29704853892326355
YML052W,YKR028W,0,0.17777294,0.18918919563293457,0.6895522475242615,0.29714858531951904
YHR057C,YDR534C,1,0.1774871,0.1894104778766632,0.6905472874641418,0.29714858531951904
YJR138W,YKL053C-A,0,0.17741632,0.18935880064964294,0.6905472874641418,0.29724863171577454
YER022W,YDR332W,0,0.17733747,0.18930715322494507,0.6905472874641418,0.29734867811203003
YMR146C,YGR238C,0,0.17725015,0.1892555207014084,0.6905472874641418,0.2974487245082855
YLR206W,YER019C-A,0,0.17711136,0.18920393288135529,0.6905472874641418,0.297548770904541
YDL077C,YPR152C,0,0.17690739,0.18915235996246338,0.6905472874641418,0.2976488173007965
YOR247W,YJL158C,1,0.17654869,0.18937329947948456,0.6915422677993774,0.2976488173007965
YIL142W,YBL091C-A,0,0.17640257,0.18932171165943146,0.6915422677993774,0.297748863697052
YHR047C,YCR012W,0,0.17631698,0.18927015364170074,0.6915422677993774,0.2978489100933075
YLR024C,YOR349W,0,0.1761936,0.18921862542629242,0.6915422677993774,0.2979489862918854
YPR189W,YOR230W,0,0.1759001,0.18916712701320648,0.6915422677993774,0.29804903268814087
YBR182C,YNL192W,0,0.17561635,0.18911564350128174,0.6915422677993774,0.29814907908439636
YDL179W,YDR498C,0,0.17541581,0.18906420469284058,0.6915422677993774,0.29824912548065186
YHR077C,YKL096W-A,0,0.17532617,0.1890127807855606,0.6915422677993774,0.29834917187690735
YPR196W,YDR530C,0,0.17524344,0.18896138668060303,0.6915422677993774,0.29844921827316284
YDR414C,YMR099C,0,0.17522013,0.18891003727912903,0.6915422677993774,0.29854926466941833
YLR244C,YBR093C,0,0.1751853,0.18885870277881622,0.6915422677993774,0.29864931106567383
YBR150C,YMR046C,0,0.17514265,0.1888073831796646,0.6915422677993774,0.2987493872642517
YKR071C,YOR243C,0,0.17469653,0.18875610828399658,0.6915422677993774,0.2988494336605072
YBL085W,YDL040C,0,0.17462704,0.18870486319065094,0.6915422677993774,0.2989494800567627
YPL200W,YPR138C,0,0.17445612,0.1886536329984665,0.6915422677993774,0.2990495264530182
YNL084C,YOR377W,0,0.17439082,0.18860244750976562,0.6915422677993774,0.2991495728492737
YDR389W,YBL113C,0,0.17413253,0.18855127692222595,0.6915422677993774,0.2992496192455292
YGL162W,YDR262W,0,0.17400956,0.18850013613700867,0.6915422677993774,0.29934966564178467
YER049W,YMR210W,0,0.17372337,0.18844902515411377,0.6915422677993774,0.29944971203804016
YOR099W,YCR012W,0,0.1737099,0.18839794397354126,0.6915422677993774,0.29954978823661804
YER104W,YHR008C,0,0.1732848,0.18834687769412994,0.6915422677993774,0.29964983463287354
YHR211W,YJL171C,0,0.17317346,0.1882958561182022,0.6915422677993774,0.29974988102912903
YKL046C,YNL322C,1,0.17262167,0.18851570785045624,0.6925373077392578,0.29974988102912903
YNL027W,YPL183W-A,0,0.17249462,0.18846465647220612,0.6925373077392578,0.2998499274253845
YGL089C,YLL024C,1,0.17240217,0.1886843591928482,0.6935323476791382,0.2998499274253845
YOR237W,YBR026C,0,0.17210591,0.1886332929134369,0.6935323476791382,0.29994997382164
YJL225C,YOR327C,0,0.17190856,0.18858225643634796,0.6935323476791382,0.3000500202178955
YLR194C,YLR042C,1,0.17145655,0.18880173563957214,0.6945273876190186,0.3000500202178955
YDL179W,YGL019W,0,0.17145073,0.18875066936016083,0.6945273876190186,0.300150066614151
YJR092W,YDL208W,0,0.17129156,0.1886996477842331,0.6945273876190186,0.3002501130104065
YLR164W,YFL023W,0,0.17116728,0.18864865601062775,0.6945273876190186,0.3003501892089844
YBR187W,YCL034W,0,0.17096895,0.1885976791381836,0.6945273876190186,0.30045023560523987
YJL171C,YOR353C,0,0.17061028,0.18854673206806183,0.6945273876190186,0.30055028200149536
YGL170C,YDR444W,0,0.17036173,0.18849581480026245,0.6945273876190186,0.30065032839775085
YNL307C,YAR031W,0,0.17015591,0.18844492733478546,0.6945273876190186,0.30075037479400635
YKL164C,YHR057C,1,0.16999072,0.18866397440433502,0.6955223679542542,0.30075037479400635
YGL068W,YNL281W,0,0.16960692,0.18861305713653564,0.6955223679542542,0.30085042119026184
YGR189C,YOR382W,1,0.16957477,0.18883194029331207,0.6965174078941345,0.30085042119026184
YDL246C,YBR230C,0,0.16956389,0.1887810081243515,0.6965174078941345,0.30095046758651733
YOR297C,YLR350W,0,0.1693134,0.1887301206588745,0.6965174078941345,0.3010505139827728
YBR183W,YDR254W,0,0.16895866,0.18867924809455872,0.6965174078941345,0.3011505901813507
YFL066C,YGR034W,0,0.16869384,0.1886284053325653,0.6965174078941345,0.3012506365776062
YGR105W,YOR230W,0,0.16868386,0.1885775923728943,0.6965174078941345,0.3013506829738617
YJR101W,YDR381C-A,0,0.1686145,0.18852679431438446,0.6965174078941345,0.3014507293701172
YOR206W,YEL043W,0,0.16847152,0.18847604095935822,0.6965174078941345,0.3015507757663727
YDL097C,YER130C,0,0.16806254,0.18842530250549316,0.6965174078941345,0.3016508221626282
YKL182W,YBR145W,0,0.16798654,0.1883745938539505,0.6965174078941345,0.30175086855888367
YML073C,YBL079W,0,0.16793874,0.18832391500473022,0.6965174078941345,0.30185091495513916
YBR067C,YDR364C,0,0.16773027,0.18827326595783234,0.6965174078941345,0.30195096135139465
YDR146C,YNR002C,0,0.16693777,0.18822264671325684,0.6965174078941345,0.30205103754997253
YOL082W,YDL133C-A,0,0.16681504,0.18817204236984253,0.6965174078941345,0.302151083946228
YPL187W,YLL024C,1,0.166639,0.18839021027088165,0.6975124478340149,0.302151083946228
YAL022C,YOL040C,0,0.16652012,0.18833960592746735,0.6975124478340149,0.3022511303424835
YMR250W,YDL047W,0,0.16641238,0.18828901648521423,0.6975124478340149,0.302351176738739
YNL178W,YGR268C,0,0.16604072,0.1882384568452835,0.6975124478340149,0.3024512231349945
YER013W,YDL202W,0,0.16603914,0.18818791210651398,0.6975124478340149,0.30255126953125
YBR182C,YHR082C,0,0.16585362,0.18813741207122803,0.6975124478340149,0.3026513159275055
YCR057C,YOR219C,0,0.16567516,0.18808692693710327,0.6975124478340149,0.302751362323761
YGR180C,YER145C,0,0.16564468,0.1880364865064621,0.6975124478340149,0.30285143852233887
YOR214C,YDR055W,1,0.16524166,0.1882542222738266,0.6985074877738953,0.30285143852233887
YLR037C,YMR008C,1,0.16511762,0.18847185373306274,0.6995024681091309,0.30285143852233887
YBR202W,YDR518W,0,0.16503784,0.1884213387966156,0.6995024681091309,0.30295148491859436
YGL200C,YOR215C,0,0.16475347,0.18837085366249084,0.6995024681091309,0.30305153131484985
YJR004C,YMR305C,1,0.16454619,0.18858826160430908,0.7004975080490112,0.30305153131484985
YLR244C,YBR031W,0,0.16436237,0.18853776156902313,0.7004975080490112,0.30315157771110535
YDR499W,YER190W,0,0.16429305,0.18848727643489838,0.7004975080490112,0.30325162410736084
YKL046C,YLR158C,1,0.16427797,0.1887044906616211,0.7014925479888916,0.30325162410736084
YPL151C,YDL208W,0,0.16419491,0.18865400552749634,0.7014925479888916,0.30335167050361633
YOL028C,YDR472W,0,0.16404235,0.18860353529453278,0.7014925479888916,0.3034517168998718
YLR080W,YDR064W,0,0.16366503,0.1885530948638916,0.7014925479888916,0.3035517632961273
YPL200W,YMR032W,0,0.16305038,0.18850266933441162,0.7014925479888916,0.3036518394947052
YNL066W,YNR067C,1,0.16295388,0.18871960043907166,0.702487587928772,0.3036518394947052
YGR171C,YNL238W,0,0.16287172,0.18866916000843048,0.702487587928772,0.3037518858909607
YNL322C,YLR194C,1,0.16285607,0.18888592720031738,0.7034825682640076,0.3037518858909607
YMR194W,YPR200C,0,0.16247371,0.18883547186851501,0.7034825682640076,0.3038519322872162
YBR002C,YHR039C-A,0,0.1623278,0.18878504633903503,0.7034825682640076,0.3039519786834717
YGR189C,YPL187W,1,0.16232178,0.18900160491466522,0.7044776082038879,0.3039519786834717
YNL314W,YDR310C,0,0.1620701,0.18895116448402405,0.7044776082038879,0.3040520250797272
YJL160C,YLR158C,1,0.16201872,0.1891675591468811,0.7054726481437683,0.3040520250797272
YNL102W,YOL155C,0,0.16153416,0.18911710381507874,0.7054726481437683,0.30415207147598267
YFR013W,YDR233C,0,0.16137046,0.18906666338443756,0.7054726481437683,0.30425211787223816
YOR388C,YBL079W,0,0.16133174,0.18901626765727997,0.7054726481437683,0.30435216426849365
YLR289W,YPL223C,0,0.16121572,0.18896588683128357,0.7054726481437683,0.30445224046707153
YPR024W,YDL216C,0,0.16088617,0.18891553580760956,0.7054726481437683,0.304552286863327
YPR121W,YMR006C,1,0.16071784,0.18913158774375916,0.7064676880836487,0.304552286863327
YKL053C-A,YBL079W,0,0.16063982,0.18908122181892395,0.7064676880836487,0.3046523332595825
YLR390W-A,YGR189C,1,0.16060829,0.1892971247434616,0.7074626684188843,0.3046523332595825
YJL103C,YKL189W,0,0.16054806,0.1892467439174652,0.7074626684188843,0.304752379655838
YBR006W,YGL060W,0,0.15985167,0.18919637799263,0.7074626684188843,0.3048524260520935
YMR241W,YER138C,0,0.1593763,0.18914605677127838,0.7074626684188843,0.304952472448349
YKR054C,YPL183W-A,0,0.15906498,0.18909575045108795,0.7074626684188843,0.3050525188446045
YJL171C,YLR088W,0,0.1590398,0.1890454739332199,0.7074626684188843,0.30515256524086
YLL041C,YGR225W,0,0.15875489,0.18899521231651306,0.7074626684188843,0.3052526116371155
YLR329W,YPL087W,0,0.15849751,0.1889449954032898,0.7074626684188843,0.30535268783569336
YOR298W,YGL051W,0,0.15821218,0.18889479339122772,0.7074626684188843,0.30545273423194885
YBR187W,YNL284C,0,0.15810311,0.18884462118148804,0.7074626684188843,0.30555278062820435
YPR144C,YKL171W,0,0.15802091,0.18879447877407074,0.7074626684188843,0.30565282702445984
YMR276W,YKR103W,0,0.15775314,0.18874436616897583,0.7074626684188843,0.30575287342071533
YMR032W,YGL030W,0,0.15735969,0.18869426846504211,0.7074626684188843,0.3058529198169708
YDR263C,YLR268W,0,0.15714058,0.1886442005634308,0.7074626684188843,0.3059529662132263
YPR196W,YKL061W,0,0.15686098,0.18859416246414185,0.7074626684188843,0.3060530126094818
YKR028W,YBL092W,0,0.15668997,0.1885441541671753,0.7074626684188843,0.3061530888080597
YOR071C,YNL298W,0,0.15667582,0.18849416077136993,0.7074626684188843,0.3062531352043152
YBR196C,YGL148W,0,0.1562959,0.18844421207904816,0.7074626684188843,0.3063531816005707
YNL262W,YER190W,0,0.15623206,0.18839427828788757,0.7074626684188843,0.30645322799682617
YPR171W,YPL163C,0,0.15607518,0.18834437429904938,0.7074626684188843,0.30655327439308167
YIL094C,YML052W,0,0.15605116,0.18829448521137238,0.7074626684188843,0.30665332078933716
YFL045C,YCR026C,0,0.15601632,0.18824464082717896,0.7074626684188843,0.30675336718559265
YNL238W,YOL136C,0,0.15583897,0.18819481134414673,0.7074626684188843,0.30685341358184814
YPR026W,YBR066C,0,0.1557655,0.1881450116634369,0.7074626684188843,0.306953489780426
YDR310C,YOR377W,0,0.1557537,0.18809524178504944,0.7074626684188843,0.3070535361766815
YMR039C,YCR052W,0,0.15564641,0.18804548680782318,0.7074626684188843,0.307153582572937
YCL014W,YGL037C,0,0.1552921,0.1879957765340805,0.7074626684188843,0.3072536289691925
YBR275C,YOL151W,0,0.15524301,0.18794608116149902,0.7074626684188843,0.307353675365448
YLR160C,YKR102W,1,0.15504423,0.18816067278385162,0.7084577083587646,0.307353675365448
YBR172C,YNL192W,0,0.1544775,0.18811096251010895,0.7084577083587646,0.3074537217617035
YGR118W,YAL029C,0,0.15421054,0.18806128203868866,0.7084577083587646,0.307553768157959
YML080W,YER145C,0,0.1540809,0.18801161646842957,0.7084577083587646,0.3076538145542145
YJL114W,YLR050C,0,0.15398845,0.18796198070049286,0.7084577083587646,0.30775389075279236
YBR202W,YDR332W,0,0.15394789,0.18791237473487854,0.7084577083587646,0.30785393714904785
YGL037C,YOR351C,0,0.1537886,0.1878627985715866,0.7084577083587646,0.30795398354530334
YJR138W,YOL155C,0,0.1534949,0.18781323730945587,0.7084577083587646,0.30805402994155884
YKL046C,YIL162W,1,0.1534355,0.18802742660045624,0.709452748298645,0.30805402994155884
YDR090C,YKL180W,0,0.15331492,0.1879778504371643,0.709452748298645,0.30815407633781433
YGL236C,YBR061C,0,0.15300402,0.18792830407619476,0.709452748298645,0.3082541227340698
YNR074C,YDR072C,0,0.15292913,0.1878787875175476,0.709452748298645,0.3083541691303253
YBR118W,YGR143W,0,0.15248588,0.18782930076122284,0.709452748298645,0.3084542155265808
YOR301W,YLR350W,0,0.15235674,0.18777982890605927,0.709452748298645,0.3085542917251587
YMR090W,YER104W,0,0.15205804,0.18773038685321808,0.709452748298645,0.3086543381214142
YFL010W-A,YJL085W,0,0.15192586,0.18768097460269928,0.709452748298645,0.3087543845176697
YOR212W,YOR074C,0,0.15188256,0.18763157725334167,0.709452748298645,0.30885443091392517
YGR268C,YPR060C,0,0.15180174,0.18758220970630646,0.709452748298645,0.30895447731018066
YKR055W,YGL148W,0,0.15178469,0.18753287196159363,0.709452748298645,0.30905452370643616
YJL066C,YDR196C,0,0.15140453,0.18748356401920319,0.709452748298645,0.30915457010269165
YJL066C,YMR228W,0,0.15121052,0.18743428587913513,0.709452748298645,0.30925461649894714
YDL059C,YDL083C,0,0.15101898,0.18738502264022827,0.709452748298645,0.30935466289520264
YLR278C,YDL148C,0,0.15095526,0.1873357892036438,0.709452748298645,0.3094547390937805
YDL202W,YER052C,0,0.1507127,0.18728657066822052,0.709452748298645,0.309554785490036
YML032C,YNR067C,0,0.15064147,0.18723739683628082,0.709452748298645,0.3096548318862915
YPL276W,YIL042C,0,0.15038279,0.18718823790550232,0.709452748298645,0.309754878282547
YJL174W,YNR067C,1,0.15014493,0.18740157783031464,0.7104477882385254,0.309754878282547
YLR390W-A,YOR383C,1,0.15005493,0.1876147985458374,0.711442768573761,0.309754878282547
YKR102W,YHR214W,1,0.1497797,0.1878279149532318,0.7124378085136414,0.309754878282547
YDL179W,YNL084C,0,0.14973754,0.18777865171432495,0.7124378085136414,0.3098549246788025
YPR011C,YKL015W,0,0.14967868,0.18772941827774048,0.7124378085136414,0.309954971075058
YLR264W,YHR156C,0,0.14941007,0.1876802146434784,0.7124378085136414,0.3100550174713135
YLR353W,YDL055C,0,0.14938346,0.1876310259103775,0.7124378085136414,0.31015506386756897
YJR004C,YOR383C,1,0.1492042,0.18784385919570923,0.7134328484535217,0.31015506386756897
YJR127C,YJL144W,0,0.14909324,0.18779465556144714,0.7134328484535217,0.31025514006614685
YMR077C,YPL131W,0,0.14906943,0.18774548172950745,0.7134328484535217,0.31035518646240234
YHR005C-A,YKL096W-A,0,0.1489839,0.18769633769989014,0.7134328484535217,0.31045523285865784
YLR300W,YJR004C,1,0.1488944,0.18790891766548157,0.7144278883934021,0.31045523285865784
YGR144W,YFL038C,0,0.14871395,0.18785975873470306,0.7144278883934021,0.31055527925491333
YLR390W-A,YLR110C,1,0.14867517,0.18807218968868256,0.7154228687286377,0.31055527925491333
YJR028W,YNL230C,0,0.1486004,0.18802301585674286,0.7154228687286377,0.3106553256511688
YBR120C,YDR381C-A,0,0.14844704,0.18797385692596436,0.7154228687286377,0.3107553720474243
YIL088C,YNR018W,0,0.14836776,0.18792472779750824,0.7154228687286377,0.3108554184436798
YJL194W,YNL261W,0,0.14775029,0.18787561357021332,0.7154228687286377,0.3109554648399353
YKL020C,YAL031C,0,0.14773753,0.18782654404640198,0.7154228687286377,0.3110555410385132
YBR118W,YPR006C,0,0.14770812,0.18777748942375183,0.7154228687286377,0.3111555874347687
YAR035W,YML056C,0,0.14767882,0.18772846460342407,0.7154228687286377,0.31125563383102417
YJL158C,YMR006C,1,0.14747506,0.18794047832489014,0.7164179086685181,0.31125563383102417
YBR202W,YAL022C,0,0.14687935,0.18789143860340118,0.7164179086685181,0.31135568022727966
YFL014W,YDR392W,0,0.14687893,0.18784241378307343,0.7164179086685181,0.31145572662353516
YOL155C,YJR153W,1,0.14625153,0.18805424869060516,0.7174129486083984,0.31145572662353516
YGR180C,YGL163C,0,0.14614245,0.1880052089691162,0.7174129486083984,0.31155577301979065
YLR264W,YCR026C,0,0.14609218,0.18795619904994965,0.7174129486083984,0.31165581941604614
YDR389W,YOR338W,0,0.14590982,0.18790721893310547,0.7174129486083984,0.31175586581230164
YLR300W,YPL188W,0,0.14579752,0.18785825371742249,0.7174129486083984,0.3118559420108795
YKL009W,YER017C,0,0.14562389,0.1878093183040619,0.7174129486083984,0.311955988407135
YER103W,YPL134C,0,0.14531207,0.18776041269302368,0.7174129486083984,0.3120560348033905
YGR199W,YGR034W,0,0.14515033,0.18771153688430786,0.7174129486083984,0.312156081199646
YLR447C,YAL054C,0,0.14476734,0.18766267597675323,0.7174129486083984,0.3122561275959015
YML030W,YNR044W,0,0.1447418,0.187613844871521,0.7174129486083984,0.312356173992157
YLL029W,YBL005W-B,0,0.14455464,0.18756504356861115,0.7174129486083984,0.3124562203884125
YOL141W,YPL151C,0,0.14429909,0.1875162571668625,0.7174129486083984,0.31255626678466797
YGL237C,YOL124C,0,0.14382282,0.18746750056743622,0.7174129486083984,0.31265634298324585
YBR274W,YER138C,0,0.14369196,0.18741877377033234,0.7174129486083984,0.31275638937950134
YPL027W,YJL213W,0,0.1429219,0.18737006187438965,0.7174129486083984,0.31285643577575684
YKL163W,YPL187W,1,0.14291003,0.18758119642734528,0.7184079885482788,0.31285643577575684
YDL055C,YJL053W,0,0.14270851,0.1875324696302414,0.7184079885482788,0.31295648217201233
YLR157C,YJL078C,1,0.1422919,0.1877434402704239,0.7194029688835144,0.31295648217201233
YJR107W,YDR174W,0,0.1421521,0.1876946985721588,0.7194029688835144,0.3130565285682678
YGR279C,YJL078C,1,0.14198598,0.18790553510189056,0.7203980088233948,0.3130565285682678
YGR221C,YGR143W,0,0.14175147,0.1878567785024643,0.7203980088233948,0.3131565749645233
YCR030C,YOR025W,0,0.14159921,0.18780803680419922,0.7203980088233948,0.3132566213607788
YDL029W,YER098W,0,0.14148,0.18775933980941772,0.7203980088233948,0.3133566677570343
YPR002W,YDR496C,0,0.14145115,0.18771065771579742,0.7203980088233948,0.3134567141532898
YOL028C,YOR338W,0,0.1413401,0.1876620054244995,0.7203980088233948,0.3135567903518677
YAR027W,YLR130C,0,0.14131784,0.1876133680343628,0.7203980088233948,0.31365683674812317
YOR230W,YOR353C,0,0.1411415,0.18756476044654846,0.7203980088233948,0.31375688314437866
YPR187W,YEL056W,0,0.14081672,0.18751618266105652,0.7203980088233948,0.31385692954063416
YER101C,YNL178W,0,0.1407798,0.18746763467788696,0.7203980088233948,0.31395697593688965
YPR011C,YOL101C,0,0.1406644,0.1874191015958786,0.7203980088233948,0.31405702233314514
YOR388C,YPL096W,0,0.14062682,0.18737059831619263,0.7203980088233948,0.31415706872940063
YCL043C,YBL076C,0,0.14058873,0.18732212483882904,0.7203980088233948,0.31425711512565613
YNL006W,YDR140W,0,0.1405567,0.18727366626262665,0.7203980088233948,0.314357191324234
YPR113W,YFL054C,0,0.14014721,0.18722523748874664,0.7203980088233948,0.3144572377204895
YKL201C,YCL025C,0,0.13996595,0.18717683851718903,0.7203980088233948,0.314557284116745
YEL030W,YDR403W,0,0.13985562,0.1871284544467926,0.7203980088233948,0.3146573305130005
YPR127W,YLR224W,0,0.1397664,0.18708010017871857,0.7203980088233948,0.314757376909256
YIL006W,YLL055W,0,0.13955736,0.18703177571296692,0.7203980088233948,0.3148574233055115
YMR020W,YLR353W,0,0.1388933,0.18698346614837646,0.7203980088233948,0.31495746970176697
YER074W,YOR294W,0,0.1387921,0.1869351863861084,0.7203980088233948,0.31505751609802246
YLL045C,YML071C,0,0.13866702,0.18688693642616272,0.7203980088233948,0.31515759229660034
YPL131W,YMR115W,0,0.13848194,0.18683871626853943,0.7203980088233948,0.31525763869285583
YIL135C,YPR163C,0,0.13819247,0.18679051101207733,0.7203980088233948,0.31535768508911133
YFL010W-A,YFL023W,0,0.13799837,0.18674232065677643,0.7203980088233948,0.3154577314853668
YJR078W,YDL107W,0,0.13781106,0.1866941750049591,0.7203980088233948,0.3155577778816223
YEL031W,YDR083W,0,0.13766623,0.18664604425430298,0.7203980088233948,0.3156578242778778
YBR274W,YLR160C,0,0.1375128,0.18659794330596924,0.7203980088233948,0.3157578706741333
YBR002C,YIL006W,0,0.13745436,0.1865498572587967,0.7203980088233948,0.3158579170703888
YMR061W,YDR476C,0,0.13738146,0.18650180101394653,0.7203980088233948,0.3159579932689667
YAL033W,YPL094C,0,0.13728759,0.18645377457141876,0.7203980088233948,0.31605803966522217
YBR066C,YER002W,0,0.1372247,0.18640576303005219,0.7203980088233948,0.31615808606147766
YCL018W,YDL040C,0,0.1364612,0.186357781291008,0.7203980088233948,0.31625813245773315
YDL216C,YML132W,0,0.13643208,0.1863098293542862,0.7203980088233948,0.31635817885398865
YLL029W,YPR159W,0,0.13604292,0.18626189231872559,0.7203980088233948,0.31645822525024414
YGL062W,YDL055C,0,0.13603565,0.18621398508548737,0.7203980088233948,0.31655827164649963
YEL053C,YHR082C,0,0.13590738,0.18616610765457153,0.7203980088233948,0.3166583180427551
YDL206W,YJR149W,0,0.13586429,0.1861182451248169,0.7203980088233948,0.3167583644390106
YGL183C,YHR119W,0,0.1356824,0.18607041239738464,0.7203980088233948,0.3168584406375885
YOR159C,YLR300W,0,0.13559109,0.18602260947227478,0.7203980088233948,0.316958487033844
YPR144C,YPL082C,0,0.13523898,0.1859748214483261,0.7203980088233948,0.3170585334300995
YMR269W,YDR364C,0,0.13510239,0.18592706322669983,0.7203980088233948,0.317158579826355
YER014C-A,YOR285W,0,0.13506034,0.18587933480739594,0.7203980088233948,0.3172586262226105
YHR056C,YOR084W,0,0.1348736,0.18583162128925323,0.7203980088233948,0.31735867261886597
YDL036C,YMR300C,0,0.13476104,0.18578393757343292,0.7203980088233948,0.31745871901512146
YER150W,YEL036C,0,0.13470611,0.1857362687587738,0.7203980088233948,0.31755876541137695
YBR196C,YGL019W,0,0.13454726,0.18568864464759827,0.7203980088233948,0.31765884160995483
YCL014W,YOR349W,0,0.13431826,0.18564102053642273,0.7203980088233948,0.3177588880062103
YKR103W,YDR131C,0,0.13427511,0.18559344112873077,0.7203980088233948,0.3178589344024658
YPR127W,YLR042C,0,0.13404486,0.1855458766222,0.7203980088233948,0.3179589807987213
YBL052C,YAL029C,0,0.1340107,0.18549834191799164,0.7203980088233948,0.3180590271949768
YCR026C,YIL133C,0,0.133995,0.18545082211494446,0.7203980088233948,0.3181590735912323
YDR383C,YGR036C,0,0.13385338,0.18540333211421967,0.7203980088233948,0.3182591199874878
YGL256W,YHR135C,0,0.13384369,0.18535585701465607,0.7203980088233948,0.3183591663837433
YDR254W,YPL094C,0,0.13361531,0.18530842661857605,0.7203980088233948,0.31845924258232117
YDR285W,YIR032C,0,0.13359687,0.18526099622249603,0.7203980088233948,0.31855928897857666
YMR019W,YPR159W,0,0.133594,0.1852136105298996,0.7203980088233948,0.31865933537483215
YPL099C,YNL016W,0,0.13346851,0.18516623973846436,0.7203980088233948,0.31875938177108765
YFL017W-A,YGL163C,0,0.1332596,0.1851188987493515,0.7203980088233948,0.31885942816734314
YLR291C,YPL104W,0,0.13325354,0.18507157266139984,0.7203980088233948,0.31895947456359863
YPL139C,YML128C,0,0.13314879,0.18502427637577057,0.7203980088233948,0.3190595209598541
YER055C,YDR262W,0,0.13292447,0.18497700989246368,0.7203980088233948,0.3191595673561096
YER117W,YMR213W,0,0.13290629,0.184929758310318,0.7203980088233948,0.3192596435546875
YPR189W,YIL061C,0,0.13272414,0.1848825365304947,0.7203980088233948,0.319359689950943
YHR005C-A,YGR185C,0,0.13256231,0.18483532965183258,0.7203980088233948,0.3194597363471985
YLR029C,YNL052W,0,0.13250908,0.18478815257549286,0.7203980088233948,0.319559782743454
YBL091C-A,YJR034W,0,0.13228863,0.18474100530147552,0.7203980088233948,0.3196598291397095
YCL018W,YPL007C,0,0.13227162,0.18469387292861938,0.7203980088233948,0.31975987553596497
YPR113W,YFL057C,0,0.13218111,0.18464677035808563,0.7203980088233948,0.31985992193222046
YGL180W,YGL010W,0,0.13217232,0.18459969758987427,0.7203980088233948,0.31995996832847595
YAL063C,YDL021W,0,0.13216025,0.1845526397228241,0.7203980088233948,0.32006004452705383
YPL131W,YEL041W,0,0.13214868,0.1845056116580963,0.7203980088233948,0.3201600909233093
YOR084W,YPL218W,0,0.13202637,0.18445859849452972,0.7203980088233948,0.3202601373195648
YHR175W,YDR229W,0,0.13190222,0.18441161513328552,0.7203980088233948,0.3203601837158203
YDL206W,YJL024C,0,0.13186756,0.1843646615743637,0.7203980088233948,0.3204602301120758
YBR162C,YAR071W,1,0.13178033,0.18457229435443878,0.7213930487632751,0.3204602301120758
YOR283W,YNL302C,0,0.1317245,0.18452532589435577,0.7213930487632751,0.3205602765083313
YDL198C,YNR003C,0,0.13157511,0.18447837233543396,0.7213930487632751,0.3206603229045868
YPL273W,YER190W,0,0.13142842,0.18443144857883453,0.7213930487632751,0.3207603693008423
YGL170C,YNR006W,0,0.13115138,0.1843845397233963,0.7213930487632751,0.3208604156970978
YMR172W,YPL273W,0,0.13110563,0.18433766067028046,0.7213930487632751,0.32096049189567566
YDL140C,YLR033W,0,0.1307512,0.1842907965183258,0.7213930487632751,0.32106053829193115
YER168C,YLR042C,0,0.13065192,0.18424396216869354,0.7213930487632751,0.32116058468818665
YEL022W,YOL028C,0,0.13055983,0.18419715762138367,0.7213930487632751,0.32126063108444214
YBR162C,YDR461W,1,0.130252,0.1844043731689453,0.7223880887031555,0.32126063108444214
YGR288W,YML073C,0,0.12991217,0.18435753881931305,0.7223880887031555,0.32136067748069763
YDL133C-A,YDL015C,0,0.12986547,0.18431073427200317,0.7223880887031555,0.3214607238769531
YHR077C,YDR403W,0,0.1298052,0.18426395952701569,0.7223880887031555,0.3215607702732086
YAL063C,YNR017W,0,0.12938574,0.1842171996831894,0.7223880887031555,0.3216608166694641
YAL054C,YLR386W,0,0.12932649,0.18417046964168549,0.7223880887031555,0.321760892868042
YGL062W,YAL038W,0,0.12891325,0.18412376940250397,0.7223880887031555,0.3218609392642975
YOR085W,YNL092W,0,0.12877065,0.18407708406448364,0.7223880887031555,0.321960985660553
YPL123C,YLR194C,1,0.12872192,0.18428389728069305,0.7233830690383911,0.321960985660553
YGR251W,YER190W,0,0.12868255,0.18423719704151154,0.7233830690383911,0.32206103205680847
YMR032W,YBR145W,0,0.12867782,0.1841905266046524,0.7233830690383911,0.32216107845306396
YOL045W,YLR213C,0,0.12838101,0.18414387106895447,0.7233830690383911,0.32226112484931946
YBR223C,YHR005C-A,0,0.12827083,0.18409724533557892,0.7233830690383911,0.32236117124557495
YOR159C,YDR233C,0,0.1277335,0.18405063450336456,0.7233830690383911,0.32246121764183044
YDR310C,YDR476C,0,0.12759036,0.1840040534734726,0.7233830690383911,0.3225612938404083
YNL153C,YMR123W,0,0.12751746,0.18395748734474182,0.7233830690383911,0.3226613402366638
YPL096W,YFL021W,0,0.12745044,0.18391095101833344,0.7233830690383911,0.3227613866329193
YOR099W,YDR226W,0,0.12729782,0.18386444449424744,0.7233830690383911,0.3228614330291748
YHR179W,YBR172C,0,0.12699011,0.18381795287132263,0.7233830690383911,0.3229614794254303
YNL172W,YPL218W,0,0.12682185,0.18377149105072021,0.7233830690383911,0.3230615258216858
YBR274W,YDL216C,0,0.12667075,0.183725044131279,0.7233830690383911,0.3231615722179413
YPR144C,YBR020W,0,0.12662622,0.18367862701416016,0.7233830690383911,0.3232616186141968
YKL164C,YIL011W,1,0.12658918,0.18388481438159943,0.7243781089782715,0.3232616186141968
YDR476C,YBL068W,0,0.12633485,0.1838383823633194,0.7243781089782715,0.32336169481277466
YNL281W,YGL019W,0,0.12625572,0.18379196524620056,0.7243781089782715,0.32346174120903015
YCL014W,YLL061W,0,0.12587544,0.1837455779314041,0.7243781089782715,0.32356178760528564
YAL063C,YAL016W,0,0.12565416,0.18369922041893005,0.7243781089782715,0.32366183400154114
YOR377W,YAR031W,0,0.12565383,0.1836528778076172,0.7243781089782715,0.32376188039779663
YPL042C,YLR073C,0,0.12563431,0.18360655009746552,0.7243781089782715,0.3238619267940521
YJL160C,YMR006C,1,0.1255557,0.18381240963935852,0.7253731489181519,0.3238619267940521
YBL005W-B,YJL082W,0,0.12548241,0.18376606702804565,0.7253731489181519,0.3239619731903076
YPL187W,YDR055W,1,0.1253086,0.18397177755832672,0.7263681888580322,0.3239619731903076
YFR045W,YGR145W,0,0.12515381,0.18392542004585266,0.7263681888580322,0.3240620195865631
YDR423C,YDL227C,0,0.12512946,0.183879092335701,0.7263681888580322,0.324162095785141
YMR246W,YOR351C,0,0.1250248,0.1838327944278717,0.7263681888580322,0.3242621421813965
YAL033W,YPR149W,0,0.12479409,0.1837865114212036,0.7263681888580322,0.324362188577652
YNL117W,YOL108C,0,0.124689065,0.18374024331569672,0.7263681888580322,0.32446223497390747
YJR004C,YHR051W,0,0.124554984,0.1836940050125122,0.7263681888580322,0.32456228137016296
YOR009W,YJR151C,1,0.12451544,0.18389937281608582,0.7273631691932678,0.32456228137016296
YDR285W,YFL010W-A,0,0.124514766,0.1838531196117401,0.7273631691932678,0.32466232776641846
YKL168C,YDL128W,0,0.12446191,0.1838068962097168,0.7273631691932678,0.32476237416267395
YJL141C,YNL092W,0,0.12442619,0.18376068770885468,0.7273631691932678,0.32486242055892944
YFR036W,YDR470C,0,0.1243026,0.18371449410915375,0.7273631691932678,0.32496246695518494
YMR182C,YER165W,0,0.124097474,0.1836683452129364,0.7273631691932678,0.3250625431537628
YER138C,YLR024C,0,0.12404465,0.18362221121788025,0.7273631691932678,0.3251625895500183
YLR295C,YBL034C,0,0.1239372,0.1835760921239853,0.7273631691932678,0.3252626359462738
YDL077C,YER052C,0,0.12392131,0.18353000283241272,0.7273631691932678,0.3253626823425293
YGL170C,YFL014W,0,0.12351484,0.18348392844200134,0.7273631691932678,0.3254627287387848
YDL246C,YLR440C,0,0.12345787,0.18343789875507355,0.7273631691932678,0.3255627751350403
YIL135C,YLR141W,0,0.123388655,0.18339186906814575,0.7273631691932678,0.3256628215312958
YHL012W,YNL284C,0,0.12308896,0.18334586918354034,0.7273631691932678,0.32576286792755127
YKL168C,YNL208W,0,0.122943185,0.18329989910125732,0.7273631691932678,0.32586294412612915
YOR084W,YPR135W,0,0.12273841,0.1832539439201355,0.7273631691932678,0.32596299052238464
YDR285W,YJL176C,0,0.122638695,0.18320801854133606,0.7273631691932678,0.32606303691864014
YKR055W,YPL183W-A,0,0.12260518,0.18316210806369781,0.7273631691932678,0.32616308331489563
YGR288W,YMR182C,0,0.12255625,0.18311622738838196,0.7273631691932678,0.3262631297111511
YNL153C,YDL039C,0,0.12255298,0.1830703765153885,0.7273631691932678,0.3263631761074066
YMR039C,YHR051W,0,0.12245833,0.1830245405435562,0.7273631691932678,0.3264632225036621
YLL034C,YFL066C,0,0.12205353,0.18297871947288513,0.7273631691932678,0.3265632688999176
YOR020C,YCR012W,0,0.12201778,0.18293292820453644,0.7273631691932678,0.3266633450984955
YMR194W,YOR099W,0,0.12167492,0.18288716673851013,0.7273631691932678,0.326763391494751
YER145C,YNL078W,0,0.12161187,0.18284142017364502,0.7273631691932678,0.32686343789100647
YOR247W,YEL040W,1,0.12161171,0.18304575979709625,0.7283582091331482,0.32686343789100647
YIL134W,YMR145C,0,0.12134915,0.18299999833106995,0.7283582091331482,0.32696348428726196
YLR295C,YGR271W,0,0.12106458,0.18295426666736603,0.7283582091331482,0.32706353068351746
YAR002C-A,YDL047W,0,0.12100511,0.1829085499048233,0.7283582091331482,0.32716357707977295
YKL164C,YBR301W,1,0.12098964,0.18311266601085663,0.7293532490730286,0.32716357707977295
YDL142C,YHR085W,0,0.120983355,0.1830669343471527,0.7293532490730286,0.32726362347602844
YLR037C,YJL159W,1,0.12097602,0.1832709163427353,0.7303482294082642,0.32726362347602844
YBR006W,YPR083W,0,0.12089638,0.18322515487670898,0.7303482294082642,0.32736366987228394
YML049C,YJR053W,0,0.12075522,0.18317943811416626,0.7303482294082642,0.3274637460708618
YOR190W,YKR013W,1,0.120663606,0.18338322639465332,0.7313432693481445,0.3274637460708618
YOR298W,YPR133W-A,0,0.120451145,0.1833374947309494,0.7313432693481445,0.3275637924671173
YCL018W,YDL045C,0,0.120317854,0.18329177796840668,0.7313432693481445,0.3276638388633728
YPL082C,YBR115C,0,0.120263375,0.18324607610702515,0.7313432693481445,0.3277638852596283
YDR090C,YFR036W,0,0.12023275,0.183200404047966,0.7313432693481445,0.3278639316558838
YDL227C,YJR063W,0,0.11989177,0.18315474689006805,0.7313432693481445,0.3279639780521393
YKL046C,YJL159W,1,0.1197815,0.18335825204849243,0.7323383092880249,0.3279639780521393
YKL046C,YOR009W,1,0.11939282,0.18356163799762726,0.7333333492279053,0.3279639780521393
YIL135C,YDR449C,0,0.1191741,0.18351593613624573,0.7333333492279053,0.3280640244483948
YBR002C,YGR214W,0,0.11909618,0.1834702491760254,0.7333333492279053,0.32816407084465027
YGR216C,YFR018C,0,0.11852663,0.18342459201812744,0.7333333492279053,0.32826411724090576
YKL190W,YPL163C,0,0.11848759,0.18337894976139069,0.7333333492279053,0.32836419343948364
YAL005C,YHR214W,1,0.118252,0.18358208239078522,0.7343283295631409,0.32836419343948364
YDL029W,YMR267W,0,0.1181202,0.18353644013404846,0.7343283295631409,0.32846423983573914
YMR089C,YLR300W,0,0.118114226,0.1834907978773117,0.7343283295631409,0.32856428623199463
YGR036C,YMR143W,0,0.117543675,0.18344518542289734,0.7343283295631409,0.3286643326282501
YOL082W,YDL055C,0,0.11724738,0.18339960277080536,0.7343283295631409,0.3287643790245056
YGR255C,YPR138C,0,0.1171565,0.18335403501987457,0.7343283295631409,0.3288644254207611
YOL070C,YKL165C,0,0.117075644,0.18330849707126617,0.7343283295631409,0.3289644718170166
YDR032C,YKR013W,1,0.11687071,0.18351130187511444,0.7353233695030212,0.3289644718170166
YNL160W,YDR285W,0,0.11682295,0.18346573412418365,0.7353233695030212,0.3290645182132721
YPR196W,YNL016W,0,0.1164949,0.18342019617557526,0.7353233695030212,0.32916459441185
YLR295C,YOL052C,0,0.11617615,0.18337468802928925,0.7353233695030212,0.32926464080810547
YBL068W,YOL040C,0,0.11608606,0.18332919478416443,0.7353233695030212,0.32936468720436096
YLR353W,YLR325C,0,0.11605164,0.183283731341362,0.7353233695030212,0.32946473360061646
YFL014W,YGL169W,0,0.11556666,0.18323828279972076,0.7353233695030212,0.32956477999687195
YPL083C,YPL093W,0,0.11551242,0.18319286406040192,0.7353233695030212,0.32966482639312744
YPL134C,YGL014W,0,0.115501605,0.18314746022224426,0.7353233695030212,0.32976487278938293
YMR089C,YDR454C,0,0.11535811,0.183102086186409,0.7353233695030212,0.3298649191856384
YML028W,YJL144W,0,0.115305595,0.18305672705173492,0.7353233695030212,0.3299649953842163
YEL037C,YOR230W,0,0.1152656,0.18301139771938324,0.7353233695030212,0.3300650417804718
YOR145C,YMR267W,0,0.11512778,0.18296608328819275,0.7353233695030212,0.3301650881767273
YGR221C,YGL004C,0,0.11510406,0.18292079865932465,0.7353233695030212,0.3302651345729828
YGR155W,YEL041W,0,0.11509258,0.18287552893161774,0.7353233695030212,0.3303651809692383
YLR040C,YJR153W,1,0.114945985,0.18307767808437347,0.7363184094429016,0.3303651809692383
YKL096W-A,YLR213C,1,0.114801936,0.18327973783016205,0.737313449382782,0.3303651809692383
YMR146C,YNL284C,0,0.114602946,0.18323442339897156,0.737313449382782,0.3304652273654938
YPL276W,YPR083W,0,0.11424618,0.18318912386894226,0.737313449382782,0.33056527376174927
YDL121C,YOL124C,0,0.114139505,0.18314383924007416,0.737313449382782,0.33066532015800476
YOL155C,YNL322C,1,0.11395048,0.18334569036960602,0.7383084297180176,0.33066532015800476
YGL028C,YNL160W,1,0.11373847,0.18354743719100952,0.739303469657898,0.33066532015800476
YIL094C,YGL220W,0,0.11371211,0.18350209295749664,0.739303469657898,0.33076539635658264
YGR180C,YBL041W,0,0.11363258,0.18345679342746735,0.739303469657898,0.33086544275283813
YNR074C,YFR013W,0,0.11361044,0.18341150879859924,0.739303469657898,0.33096548914909363
YER151C,YLR213C,0,0.11342261,0.18336623907089233,0.739303469657898,0.3310655355453491
YMR032W,YOR313C,0,0.113269426,0.1833209991455078,0.739303469657898,0.3311655819416046
YMR112C,YCL018W,0,0.11290436,0.18327577412128448,0.739303469657898,0.3312656283378601
YDR496C,YOR162C,0,0.11282309,0.18323057889938354,0.739303469657898,0.3313656747341156
YNL232W,YBR120C,0,0.11266758,0.1831853985786438,0.739303469657898,0.3314657211303711
YLR155C,YCR089W,1,0.11264563,0.18338674306869507,0.7402985095977783,0.3314657211303711
YLR029C,YBR182C,0,0.1124062,0.18334154784679413,0.7402985095977783,0.331565797328949
YNL178W,YDR369C,0,0.112377875,0.18329638242721558,0.7402985095977783,0.33166584372520447
YKL096W-A,YMR238W,1,0.11206179,0.18349753320217133,0.7412935495376587,0.33166584372520447
YMR321C,YLR163C,0,0.111969225,0.18345235288143158,0.7412935495376587,0.33176589012145996
YBR196C,YLR321C,0,0.111908846,0.18340718746185303,0.7412935495376587,0.33186593651771545
YLR033W,YBR037C,0,0.111732416,0.18336205184459686,0.7412935495376587,0.33196598291397095
YKL007W,YIL020C,0,0.11161023,0.1833169311285019,0.7412935495376587,0.33206602931022644
YMR033W,YBR145W,0,0.11158716,0.18327182531356812,0.7412935495376587,0.33216607570648193
YGL094C,YML052W,0,0.111563616,0.18322676420211792,0.7412935495376587,0.3322661221027374
YDR414C,YDR233C,0,0.11148401,0.18318170309066772,0.7412935495376587,0.3323661684989929
YLL004W,YLR321C,0,0.11143782,0.18313667178153992,0.7412935495376587,0.3324662446975708
YDL217C,YKL022C,0,0.11131554,0.1830916702747345,0.7412935495376587,0.3325662910938263
YPR191W,YDL059C,0,0.11120609,0.18304668366909027,0.7412935495376587,0.3326663374900818
YHR135C,YER130C,0,0.11104717,0.18300172686576843,0.7412935495376587,0.3327663838863373
YBL005W-B,YML049C,0,0.11092078,0.1829567849636078,0.7412935495376587,0.3328664302825928
YER103W,YOR251C,0,0.11078755,0.18291185796260834,0.7412935495376587,0.33296647667884827
YOL054W,YKL085W,0,0.11071514,0.18286696076393127,0.7412935495376587,0.33306652307510376
YNL307C,YOR008C,0,0.11061845,0.1828220784664154,0.7412935495376587,0.33316656947135925
YOL155C,YNL145W,1,0.110258155,0.18302257359027863,0.7422885298728943,0.33316656947135925
YKR008W,YDR470C,0,0.11020731,0.18297767639160156,0.7422885298728943,0.33326664566993713
YCL004W,YDR109C,0,0.110104404,0.1829328089952469,0.7422885298728943,0.3333666920661926
YDR392W,YOR098C,0,0.11000007,0.1828879565000534,0.7422885298728943,0.3334667384624481
YDL036C,YMR176W,0,0.109924234,0.1828431338071823,0.7422885298728943,0.3335667848587036
YML056C,YLR309C,0,0.109902345,0.1827983409166336,0.7422885298728943,0.3336668312549591
YOR304C-A,YCR046C,0,0.109231584,0.1827535480260849,0.7422885298728943,0.3337668776512146
YKL007W,YDL061C,0,0.109092735,0.18270879983901978,0.7422885298728943,0.3338669240474701
YPR167C,YOR304C-A,0,0.108975075,0.18266405165195465,0.7422885298728943,0.3339669704437256
YGR221C,YPL151C,0,0.10878969,0.18261933326721191,0.7422885298728943,0.33406704664230347
YOL142W,YPL208W,0,0.1087647,0.18257464468479156,0.7422885298728943,0.33416709303855896
YJR032W,YFL010W-A,0,0.10865807,0.1825299710035324,0.7422885298728943,0.33426713943481445
YGL014W,YPL218W,0,0.108622395,0.18248532712459564,0.7422885298728943,0.33436718583106995
YJL194W,YFL013C,0,0.108479045,0.18244069814682007,0.7422885298728943,0.33446723222732544
YMR169C,YPL050C,0,0.108298324,0.1823960840702057,0.7422885298728943,0.33456727862358093
YGR036C,YIL132C,0,0.10826766,0.1823514997959137,0.7422885298728943,0.3346673250198364
YDL045W-A,YFR036W,0,0.108215116,0.1823069453239441,0.7422885298728943,0.3347673714160919
YDR451C,YNL282W,0,0.10815463,0.18226240575313568,0.7422885298728943,0.3348674476146698
YDL179W,YNR010W,0,0.10796947,0.18221788108348846,0.7422885298728943,0.3349674940109253
YDR423C,YPR002W,0,0.10765112,0.18217338621616364,0.7422885298728943,0.3350675404071808
YJL134W,YHL034C,0,0.107640766,0.18212890625,0.7422885298728943,0.3351675868034363
YOL165C,YDR218C,0,0.10752418,0.18208445608615875,0.7422885298728943,0.3352676331996918
YLR203C,YGL026C,0,0.107499994,0.1820400208234787,0.7422885298728943,0.33536767959594727
YHR069C,YPL113C,0,0.10740533,0.18199561536312103,0.7422885298728943,0.33546772599220276
YHR132C,YJR051W,0,0.107349,0.18195122480392456,0.7422885298728943,0.33556777238845825
YBL091C-A,YPL096W,0,0.10723079,0.18190684914588928,0.7422885298728943,0.33566784858703613
YEL037C,YBL113C,0,0.1070978,0.1818625032901764,0.7422885298728943,0.3357678949832916
YKL009W,YNL259C,0,0.10702302,0.1818181872367859,0.7422885298728943,0.3358679413795471
YNL027W,YOR222W,0,0.10688331,0.18177388608455658,0.7422885298728943,0.3359679877758026
YER103W,YPL042C,0,0.106785886,0.18172959983348846,0.7422885298728943,0.3360680341720581
YJR057W,YGR177C,0,0.10675777,0.18168534338474274,0.7422885298728943,0.3361680805683136
YJL141C,YLR153C,0,0.10667772,0.1816411018371582,0.7422885298728943,0.3362681269645691
YGR145W,YLR026C,0,0.10627747,0.18159689009189606,0.7422885298728943,0.3363681733608246
YEL040W,YNR044W,1,0.106219806,0.18179605901241302,0.7432835698127747,0.3363681733608246
YJR026W,YDR444W,0,0.10607933,0.1817518174648285,0.7432835698127747,0.3364682197570801
YEL040W,YDR369C,0,0.10564434,0.18170762062072754,0.7432835698127747,0.33656829595565796
YGL236C,YGR214W,0,0.105575345,0.1816634237766266,0.7432835698127747,0.33666834235191345
YGR180C,YPL002C,0,0.105448775,0.18161925673484802,0.7432835698127747,0.33676838874816895
YLR208W,YKL038W,0,0.10511909,0.18157510459423065,0.7432835698127747,0.33686843514442444
YFR045W,YER190W,0,0.10511594,0.18153098225593567,0.7432835698127747,0.33696848154067993
YGR144W,YJR063W,0,0.104858704,0.18148687481880188,0.7432835698127747,0.3370685279369354
YJL200C,YCR057C,0,0.10484653,0.18144279718399048,0.7432835698127747,0.3371685743331909
YDL070W,YGR271W,0,0.10478235,0.18139873445034027,0.7432835698127747,0.3372686207294464
YHR211W,YKL186C,0,0.104537584,0.18135470151901245,0.7432835698127747,0.3373686969280243
YGL186C,YCR012W,0,0.1045362,0.18131068348884583,0.7432835698127747,0.3374687433242798
YNR003C,YKL124W,0,0.10441009,0.1812666803598404,0.7432835698127747,0.3375687897205353
YOR377W,YGL019W,0,0.104309686,0.18122270703315735,0.7432835698127747,0.33766883611679077
YLR300W,YLR040C,1,0.10402972,0.18142129480838776,0.744278609752655,0.33766883611679077
YGR229C,YGR276C,0,0.10392501,0.18137730658054352,0.744278609752655,0.33776888251304626
YJL103C,YFL054C,0,0.10388445,0.18133333325386047,0.744278609752655,0.33786892890930176
YOL086C,YDR373W,0,0.10385344,0.18128938972949982,0.744278609752655,0.33796897530555725
YNL084C,YDL227C,0,0.103549056,0.18124546110630035,0.744278609752655,0.33806902170181274
YHR174W,YDR337W,0,0.10349818,0.18120154738426208,0.744278609752655,0.3381690979003906
YKL182W,YHR008C,0,0.103283055,0.1811576634645462,0.744278609752655,0.3382691442966461
YFL045C,YNR072W,0,0.10319301,0.18111379444599152,0.744278609752655,0.3383691906929016
YJL158C,YLR110C,1,0.103128396,0.18131202459335327,0.7452736496925354,0.3383691906929016
YFL048C,YPL183W-A,0,0.10304319,0.18126815557479858,0.7452736496925354,0.3384692370891571
YNL016W,YCR002C,0,0.1029022,0.1812242865562439,0.7452736496925354,0.3385692834854126
YPR204W,YLL017W,0,0.102864645,0.1811804473400116,0.7452736496925354,0.3386693298816681
YDR072C,YAL038W,0,0.10275348,0.18113663792610168,0.7452736496925354,0.3387693762779236
YNL160W,YOR214C,1,0.10274235,0.18133462965488434,0.746268630027771,0.3387693762779236
YGR282C,YOR190W,1,0.1025823,0.18153251707553864,0.7472636699676514,0.3387693762779236
YAL017W,YPR133W-A,0,0.10245096,0.18148864805698395,0.7472636699676514,0.3388694226741791
YPR194C,YJR092W,0,0.10243302,0.18144479393959045,0.7472636699676514,0.33896949887275696
YDR453C,YIR032C,0,0.101837985,0.18140096962451935,0.7472636699676514,0.33906954526901245
YJR150C,YOR009W,1,0.1017466,0.18159864842891693,0.7482587099075317,0.33906954526901245
YGR221C,YPL180W,0,0.10119104,0.18155480921268463,0.7482587099075317,0.33916959166526794
YLR208W,YBL052C,0,0.101158164,0.18151098489761353,0.7482587099075317,0.33926963806152344
YMR269W,YMR025W,0,0.10108837,0.1814671754837036,0.7482587099075317,0.33936968445777893
YBR081C,YLR164W,0,0.10062913,0.1814233958721161,0.7482587099075317,0.3394697308540344
YOR074C,YNR004W,0,0.10060995,0.18137964606285095,0.7482587099075317,0.3395697772502899
YLL055W,YPL011C,0,0.100308545,0.181335911154747,0.7482587099075317,0.3396698236465454
YDR032C,YOR190W,1,0.09995351,0.18153326213359833,0.7492537498474121,0.3396698236465454
YDR304C,YBL052C,0,0.099866025,0.1814895123243332,0.7492537498474121,0.3397698700428009
YLR286C,YNR067C,1,0.09986422,0.18168674409389496,0.7502487301826477,0.3397698700428009
YMR321C,YAR031W,0,0.09982943,0.18164297938346863,0.7502487301826477,0.3398699462413788
YGL200C,YJL124C,0,0.09979599,0.1815992295742035,0.7502487301826477,0.3399699926376343
YDL246C,YJL066C,0,0.09971664,0.18155549466609955,0.7502487301826477,0.34007003903388977
YKR057W,YGR229C,0,0.09945936,0.181511789560318,0.7502487301826477,0.34017008543014526
YDL097C,YOR285W,0,0.09933125,0.18146811425685883,0.7502487301826477,0.34027013182640076
YKL038W,YML099C,0,0.099036716,0.18142445385456085,0.7502487301826477,0.34037017822265625
YBL112C,YNL121C,0,0.098787345,0.18138080835342407,0.7502487301826477,0.34047022461891174
YDR285W,YGL225W,0,0.098749794,0.1813371777534485,0.7502487301826477,0.34057027101516724
YOR071C,YDR337W,0,0.09865617,0.1812935769557953,0.7502487301826477,0.3406703472137451
YNL258C,YLL061W,0,0.098628454,0.18125000596046448,0.7502487301826477,0.3407703936100006
YHR209W,YER168C,0,0.09862774,0.18120643496513367,0.7502487301826477,0.3408704400062561
YER055C,YJR034W,0,0.09858104,0.18116290867328644,0.7502487301826477,0.3409704864025116
YHR060W,YPR006C,0,0.098515026,0.1811193823814392,0.7502487301826477,0.3410705327987671
YMR239C,YNR010W,0,0.098329015,0.18107588589191437,0.7502487301826477,0.3411705791950226
YPL050C,YOL062C,0,0.098266624,0.18103241920471191,0.7502487301826477,0.3412706255912781
YGR285C,YDR508C,0,0.098222725,0.18098895251750946,0.7502487301826477,0.34137067198753357
YEL052W,YLR164W,0,0.09816275,0.1809455305337906,0.7502487301826477,0.34147074818611145
YDL029W,YGR169C,0,0.09802946,0.18090210855007172,0.7502487301826477,0.34157079458236694
YDL179W,YOR327C,0,0.097864784,0.18085871636867523,0.7502487301826477,0.34167084097862244
YCL004W,YJR063W,0,0.09763821,0.18081535398960114,0.7502487301826477,0.34177088737487793
YGR281W,YHR174W,0,0.09758317,0.18077199161052704,0.7502487301826477,0.3418709337711334
YOR251C,YLR042C,0,0.09755813,0.18072867393493652,0.7502487301826477,0.3419709801673889
YJL079C,YOR215C,0,0.09753244,0.180685356259346,0.7502487301826477,0.3420710265636444
YLR206W,YLR301W,0,0.09727944,0.18064206838607788,0.7502487301826477,0.3421710729598999
YJL066C,YNL298W,0,0.09719623,0.18059879541397095,0.7502487301826477,0.3422711491584778
YBL011W,YLL043W,0,0.09719563,0.1805555522441864,0.7502487301826477,0.3423711955547333
YOL142W,YJL005W,0,0.09713789,0.18051232397556305,0.7502487301826477,0.34247124195098877
YOL045W,YGL170C,0,0.09710737,0.18046912550926208,0.7502487301826477,0.34257128834724426
YDR371W,YGL026C,0,0.097052716,0.18042594194412231,0.7502487301826477,0.34267133474349976
YHR002W,YMR296C,0,0.09703352,0.18038277328014374,0.7502487301826477,0.34277138113975525
YKL093W,YHR051W,0,0.09699439,0.18033963441848755,0.7502487301826477,0.34287142753601074
YCR057C,YIL133C,0,0.09693592,0.18029651045799255,0.7502487301826477,0.34297147393226624
YKR008W,YPL276W,0,0.096731804,0.18025340139865875,0.7502487301826477,0.3430715501308441
YGL209W,YHR209W,0,0.096492745,0.18021032214164734,0.7502487301826477,0.3431715965270996
YHR056C,YLR016C,0,0.096445225,0.18016725778579712,0.7502487301826477,0.3432716429233551
YMR168C,YHR066W,0,0.09616231,0.1801242232322693,0.7502487301826477,0.3433716893196106
YOL043C,YGR214W,0,0.095994525,0.18008120357990265,0.7502487301826477,0.3434717357158661
YGL112C,YKL007W,0,0.09595042,0.1800381988286972,0.7502487301826477,0.3435717821121216
YPR026W,YMR136W,0,0.09574833,0.17999522387981415,0.7502487301826477,0.3436718285083771
YHR082C,YBR192W,0,0.095608704,0.17995226383209229,0.7502487301826477,0.34377187490463257
YIL139C,YKR057W,0,0.09554144,0.1799093335866928,0.7502487301826477,0.34387192130088806
YHR029C,YKL022C,0,0.09521357,0.17986641824245453,0.7502487301826477,0.34397199749946594
YNL297C,YLR380W,0,0.09512492,0.17982351779937744,0.7502487301826477,0.34407204389572144
YER175C,YNL026W,0,0.09453165,0.17978063225746155,0.7502487301826477,0.34417209029197693
YHR069C,YPR080W,0,0.09445102,0.17973777651786804,0.7502487301826477,0.3442721366882324
YOR310C,YPL096W,0,0.09413784,0.17969495058059692,0.7502487301826477,0.3443721830844879
YER154W,YLR300W,0,0.0941359,0.179652139544487,0.7502487301826477,0.3444722294807434
YMR145C,YNR060W,0,0.09410543,0.17960934340953827,0.7502487301826477,0.3445722758769989
YMR008C,YOR351C,0,0.09408138,0.17956656217575073,0.7502487301826477,0.3446723222732544
YPR182W,YNL274C,0,0.09381502,0.17952381074428558,0.7502487301826477,0.3447723984718323
YKL061W,YDR226W,0,0.09371687,0.17948107421398163,0.7502487301826477,0.34487244486808777
YCR060W,YHR168W,0,0.09364077,0.17943836748600006,0.7502487301826477,0.34497249126434326
YKL001C,YDR496C,0,0.093576096,0.1793956756591797,0.7502487301826477,0.34507253766059875
YBR196C,YLR429W,0,0.09331607,0.1793529987335205,0.7502487301826477,0.34517258405685425
YJL134W,YLL061W,0,0.09318241,0.17931035161018372,0.7502487301826477,0.34527263045310974
YJL034W,YOR008C,0,0.09305098,0.17926771938800812,0.7502487301826477,0.34537267684936523
YBL076C,YFL001W,0,0.09300854,0.1792251020669937,0.7502487301826477,0.3454727232456207
YJL079C,YDR077W,1,0.09297105,0.17942015826702118,0.7512437701225281,0.3454727232456207
YPR191W,YNR002C,0,0.09292876,0.17937752604484558,0.7512437701225281,0.3455727994441986
YKR102W,YLR042C,1,0.09290212,0.1795724481344223,0.7522388100624084,0.3455727994441986
YDR453C,YPR060C,0,0.09289,0.1795298010110855,0.7522388100624084,0.3456728458404541
YER125W,YKL172W,0,0.09270056,0.1794871836900711,0.7522388100624084,0.3457728922367096
YDR174W,YBR128C,0,0.09249055,0.1794445812702179,0.7522388100624084,0.3458729386329651
YEL069C,YLR404W,0,0.09236621,0.17940199375152588,0.7522388100624084,0.3459729850292206
YLR191W,YER074W,0,0.09230385,0.17935943603515625,0.7522388100624084,0.3460730314254761
YPL042C,YOR382W,0,0.092266254,0.17931689321994781,0.7522388100624084,0.34617307782173157
YGR225W,YJL155C,0,0.092241235,0.17927436530590057,0.7522388100624084,0.34627312421798706
YDR174W,YBR129C,0,0.09178407,0.17923186719417572,0.7522388100624084,0.34637320041656494
YPL131W,YOR351C,0,0.091661654,0.17918938398361206,0.7522388100624084,0.34647324681282043
YLR183C,YLR390W,0,0.09127473,0.1791469156742096,0.7522388100624084,0.3465732932090759
YPR200C,YNL192W,0,0.0912491,0.17910447716712952,0.7522388100624084,0.3466733396053314
YHR012W,YLL045C,0,0.09097069,0.17906205356121063,0.7522388100624084,0.3467733860015869
YKL103C,YNL138W,0,0.09095336,0.17901965975761414,0.7522388100624084,0.3468734323978424
YPR026W,YLR129W,0,0.09088942,0.17897726595401764,0.7522388100624084,0.3469734787940979
YMR239C,YLR050C,0,0.09088888,0.17893491685390472,0.7522388100624084,0.3470735251903534
YOR168W,YNL138W,0,0.09066198,0.1788925677537918,0.7522388100624084,0.3471736013889313
YHR005C-A,YCL034W,0,0.090628155,0.17885024845600128,0.7522388100624084,0.34727364778518677
YLR353W,YBR287W,0,0.090436496,0.17880794405937195,0.7522388100624084,0.34737369418144226
YML097C,YMR172W,0,0.0899084,0.178765669465065,0.7522388100624084,0.34747374057769775
YPL139C,YHR135C,0,0.08989435,0.17872340977191925,0.7522388100624084,0.34757378697395325
YHR143W,YDR461W,1,0.08920518,0.1789175122976303,0.7532338500022888,0.34757378697395325
YBR275C,YPL099C,0,0.08898649,0.17887523770332336,0.7532338500022888,0.34767383337020874
YNL304W,YGL212W,0,0.08896192,0.1788329780101776,0.7532338500022888,0.34777387976646423
YDL202W,YJL200C,0,0.088604935,0.17879074811935425,0.7532338500022888,0.3478739261627197
YBR172C,YER130C,0,0.08856193,0.17874851822853088,0.7532338500022888,0.3479739725589752
YDR055W,YJL159W,1,0.08847255,0.17894239723682404,0.7542288303375244,0.3479739725589752
YBR177C,YFL048C,0,0.08832952,0.17890016734600067,0.7542288303375244,0.3480740487575531
YBR081C,YJL103C,0,0.08819813,0.1788579523563385,0.7542288303375244,0.3481740951538086
YMR241W,YNL314W,0,0.08814529,0.17881575226783752,0.7542288303375244,0.3482741415500641
YLR105C,YDL084W,0,0.087854825,0.17877358198165894,0.7542288303375244,0.3483741879463196
YMR203W,YOR180C,0,0.08773019,0.17873142659664154,0.7542288303375244,0.3484742343425751
YER074W,YGR134W,0,0.08767768,0.17868930101394653,0.7542288303375244,0.34857428073883057
YNL273W,YDR461W,0,0.087649174,0.17864719033241272,0.7542288303375244,0.34867432713508606
YMR169C,YDR211W,0,0.087487586,0.1786050945520401,0.7542288303375244,0.34877437353134155
YDR304C,YLL027W,0,0.08730804,0.17856301367282867,0.7542288303375244,0.34887444972991943
YNL095C,YPR002W,0,0.08712182,0.17852096259593964,0.7542288303375244,0.3489744961261749
YGL094C,YBR010W,0,0.08693399,0.1784789264202118,0.7542288303375244,0.3490745425224304
YOL141W,YIL095W,0,0.086880736,0.17843690514564514,0.7542288303375244,0.3491745889186859
YOR301W,YIL042C,0,0.08640262,0.17839491367340088,0.7542288303375244,0.3492746353149414
YHR056C,YBR118W,0,0.086399786,0.1783529371023178,0.7542288303375244,0.3493746817111969
YGR225W,YOR020C,0,0.086067595,0.17831099033355713,0.7542288303375244,0.3494747281074524
YAL005C,YLR213C,1,0.08594438,0.17850422859191895,0.7552238702774048,0.3494747281074524
YNR031C,YNL178W,0,0.085836984,0.17846226692199707,0.7552238702774048,0.3495747745037079
YGR221C,YGR271W,0,0.0857616,0.1784203052520752,0.7552238702774048,0.34967485070228577
YLL004W,YJL117W,0,0.08564175,0.1783783733844757,0.7552238702774048,0.34977489709854126
YCL057W,YMR136W,0,0.08543759,0.1783364713191986,0.7552238702774048,0.34987494349479675
YLL045C,YPL078C,0,0.085400335,0.1782945692539215,0.7552238702774048,0.34997498989105225
YGL200C,YDR498C,0,0.08518282,0.1782526969909668,0.7552238702774048,0.35007503628730774
YLL045C,YBL113C,0,0.08517753,0.17821085453033447,0.7552238702774048,0.35017508268356323
YMR168C,YPL119C,0,0.08508391,0.17816901206970215,0.7552238702774048,0.3502751290798187
YNL219C,YDR508C,0,0.084743656,0.1781271994113922,0.7552238702774048,0.3503751754760742
YLL045C,YGL004C,0,0.08470338,0.17808540165424347,0.7552238702774048,0.3504752516746521
YIR038C,YPR060C,0,0.08438765,0.17804363369941711,0.7552238702774048,0.3505752980709076
YEL052W,YDR140W,0,0.084177546,0.17800188064575195,0.7552238702774048,0.3506753444671631
YJL053W,YDR497C,0,0.08410049,0.17796014249324799,0.7552238702774048,0.3507753908634186
YHR214C-B,YMR115W,0,0.08397623,0.1779184192419052,0.7552238702774048,0.3508754372596741
YLR040C,YKL096W,1,0.083834045,0.17811109125614166,0.7562189102172852,0.3508754372596741
YIL134W,YPL027W,0,0.08374139,0.1780693531036377,0.7562189102172852,0.35097548365592957
YDR167W,YHR174W,0,0.08355229,0.17802764475345612,0.7562189102172852,0.35107553005218506
YKR102W,YMR008C,1,0.083395295,0.17822013795375824,0.7572139501571655,0.35107553005218506
YJR082C,YLR264W,0,0.08320568,0.17817841470241547,0.7572139501571655,0.35117557644844055
YDR451C,YBR173C,0,0.083034016,0.1781367063522339,0.7572139501571655,0.35127565264701843
YER117W,YNL274C,0,0.082756884,0.1780950129032135,0.7572139501571655,0.3513756990432739
YDR174W,YNL010W,0,0.082626246,0.1780533492565155,0.7572139501571655,0.3514757454395294
YOR377W,YOR327C,0,0.082547896,0.1780117005109787,0.7572139501571655,0.3515757918357849
YBR294W,YMR143W,0,0.08230928,0.1779700666666031,0.7572139501571655,0.3516758382320404
YDL171C,YML036W,0,0.08204847,0.17792844772338867,0.7572139501571655,0.3517758846282959
YDR077W,YOR382W,1,0.08186107,0.17812061309814453,0.7582089304924011,0.3517758846282959
YMR319C,YBR031W,0,0.08163031,0.17807899415493011,0.7582089304924011,0.3518759310245514
YPL129W,YMR229C,0,0.08159896,0.1780373901128769,0.7582089304924011,0.3519759774208069
YOR310C,YPL027W,0,0.08157023,0.17799580097198486,0.7582089304924011,0.3520760238170624
YPL151C,YLR353W,0,0.081527434,0.17795422673225403,0.7582089304924011,0.35217610001564026
YNL084C,YKL172W,0,0.08139119,0.17791268229484558,0.7582089304924011,0.35227614641189575
YHR066W,YAL024C,0,0.081328206,0.17787115275859833,0.7582089304924011,0.35237619280815125
YDL246C,YDL045W-A,0,0.080931984,0.17782963812351227,0.7582089304924011,0.35247623920440674
YDR245W,YBR096W,0,0.08054791,0.1777881532907486,0.7582089304924011,0.35257628560066223
YNL008C,YNL208W,0,0.08042588,0.17774668335914612,0.7582089304924011,0.3526763319969177
YKL093W,YDL055C,0,0.08037879,0.17770522832870483,0.7582089304924011,0.3527763783931732
YMR319C,YLR383W,0,0.080294736,0.17766378819942474,0.7582089304924011,0.3528764247894287
YJL191W,YDR461W,0,0.08018937,0.17762237787246704,0.7582089304924011,0.3529765009880066
YMR033W,YOL124C,0,0.08010451,0.17758098244667053,0.7582089304924011,0.3530765473842621
YJR055W,YOR085W,0,0.080007635,0.17753960192203522,0.7582089304924011,0.3531765937805176
YOL141W,YPL127C,0,0.07991632,0.1774982511997223,0.7582089304924011,0.35327664017677307
YGR052W,YBR170C,0,0.07967944,0.17745691537857056,0.7582089304924011,0.35337668657302856
YJR153W,YMR238W,1,0.07960381,0.1776484251022339,0.7592039704322815,0.35337668657302856
YIL162W,YLR213C,1,0.079376705,0.17783984541893005,0.7601990103721619,0.35337668657302856
YGL236C,YML099C,0,0.0792413,0.17779846489429474,0.7601990103721619,0.35347673296928406
YNL044W,YCL025C,0,0.07915225,0.17775709927082062,0.7601990103721619,0.35357677936553955
YCL074W,YNR017W,0,0.07893077,0.1777157485485077,0.7601990103721619,0.35367682576179504
YOL004W,YNL121C,0,0.07890815,0.17767441272735596,0.7601990103721619,0.3537769019603729
YKR071C,YDR034C,0,0.07878708,0.1776331067085266,0.7601990103721619,0.3538769483566284
YMR097C,YDR429C,0,0.07868562,0.17759181559085846,0.7601990103721619,0.3539769947528839
YER117W,YKL096W-A,0,0.07865914,0.1775505393743515,0.7601990103721619,0.3540770411491394
YHR143W,YJR004C,1,0.0786461,0.1777416318655014,0.7611940503120422,0.3540770411491394
YOR106W,YNR060W,0,0.07817685,0.17770035564899445,0.7611940503120422,0.3541770875453949
YJR004C,YIL015W,1,0.07801115,0.1778913140296936,0.7621890306472778,0.3541770875453949
YLR228C,YPL273W,0,0.07773379,0.17785000801086426,0.7621890306472778,0.3542771339416504
YDR403W,YJL095W,0,0.07763558,0.1778087317943573,0.7621890306472778,0.3543771803379059
YDL036C,YMR039C,0,0.07754897,0.17776747047901154,0.7621890306472778,0.3544772267341614
YBR196C,YJL155C,0,0.077506416,0.17772622406482697,0.7621890306472778,0.35457730293273926
YDR146C,YMR172W,0,0.077413894,0.1776849925518036,0.7621890306472778,0.35467734932899475
YJL214W,YFL054C,0,0.07715144,0.1776437908411026,0.7621890306472778,0.35477739572525024
YBR196C,YDR332W,0,0.07710422,0.1776026040315628,0.7621890306472778,0.35487744212150574
YDR527W,YHR135C,0,0.07702082,0.1775614321231842,0.7621890306472778,0.35497748851776123
YMR267W,YDR218C,0,0.07667317,0.1775202751159668,0.7621890306472778,0.3550775349140167
YGL183C,YKR026C,0,0.07666718,0.17747914791107178,0.7621890306472778,0.3551775813102722
YJR082C,YPL027W,0,0.07666471,0.17743803560733795,0.7621890306472778,0.3552776277065277
YMR032W,YLR325C,0,0.07643958,0.17739693820476532,0.7621890306472778,0.3553776741027832
YJL225C,YGR258C,0,0.07642727,0.17735587060451508,0.7621890306472778,0.3554777503013611
YPR030W,YGL051W,0,0.0761983,0.17731481790542603,0.7621890306472778,0.3555777966976166
YEL012W,YHR069C,0,0.07615825,0.17727378010749817,0.7621890306472778,0.35567784309387207
YOR206W,YMR239C,0,0.076149024,0.1772327572107315,0.7621890306472778,0.35577788949012756
YBR223C,YNR035C,0,0.0759825,0.17719176411628723,0.7621890306472778,0.35587793588638306
YGL244W,YJR026W,0,0.075816326,0.17715078592300415,0.7621890306472778,0.35597798228263855
YKL067W,YIL042C,0,0.075798355,0.17710982263088226,0.7621890306472778,0.35607802867889404
YBR162C,YJR151C,1,0.07564945,0.17730005085468292,0.7631840705871582,0.35607802867889404
YGL180W,YGR185C,0,0.07561759,0.17725907266139984,0.7631840705871582,0.35617807507514954
YLR329W,YMR046C,0,0.07538097,0.17721810936927795,0.7631840705871582,0.3562781512737274
YDR067C,YHR058C,0,0.07531408,0.17717717587947845,0.7631840705871582,0.3563781976699829
YDR403W,YJR034W,0,0.075199105,0.17713625729084015,0.7631840705871582,0.3564782440662384
YDL198C,YDL170W,0,0.074973546,0.17709535360336304,0.7631840705871582,0.3565782904624939
YCL043C,YPR091C,0,0.07489351,0.1770544797182083,0.7631840705871582,0.3566783368587494
YMR032W,YPL104W,0,0.07484963,0.17701362073421478,0.7631840705871582,0.3567783832550049
YMR182C,YLR325C,0,0.074650995,0.17697277665138245,0.7631840705871582,0.3568784296512604
YKL096W,YOR383C,1,0.07456652,0.17716263234615326,0.7641791105270386,0.3568784296512604
YNL202W,YML128C,0,0.07409697,0.17712177336215973,0.7641791105270386,0.35697847604751587
YBR247C,YJR051W,0,0.07393295,0.1770809292793274,0.7641791105270386,0.35707855224609375
YNR067C,YOL011W,1,0.07378078,0.17727063596248627,0.765174150466919,0.35707855224609375
YBR196C,YOR378W,0,0.07371891,0.17722977697849274,0.765174150466919,0.35717859864234924
YNL160W,YER138C,0,0.07354859,0.1771889328956604,0.765174150466919,0.35727864503860474
YLL024C,YHR214W,1,0.073468335,0.17737849056720734,0.7661691308021545,0.35727864503860474
YCR060W,YGR036C,0,0.0734513,0.1773376315832138,0.7661691308021545,0.35737869143486023
YPR191W,YGL220W,0,0.07340177,0.17729680240154266,0.7661691308021545,0.3574787378311157
YPR083W,YDL148C,0,0.073162,0.17725598812103271,0.7661691308021545,0.3575787842273712
YLR206W,YER137C,0,0.07309542,0.17721518874168396,0.7661691308021545,0.3576788306236267
YNL117W,YHL034C,0,0.07299202,0.1771744191646576,0.7661691308021545,0.3577788770198822
YMR315W,YAL063C,0,0.07257625,0.17713364958763123,0.7661691308021545,0.3578789532184601
YNL307C,YJL082W,0,0.072448574,0.17709290981292725,0.7661691308021545,0.3579789996147156
YER117W,YBL089W,0,0.07230989,0.17705219984054565,0.7661691308021545,0.35807904601097107
YPL122C,YIR038C,0,0.07169121,0.17701148986816406,0.7661691308021545,0.35817909240722656
YOL165C,YER130C,0,0.07160833,0.17697080969810486,0.7661691308021545,0.35827913880348206
YHR082C,YDR222W,0,0.07158155,0.17693014442920685,0.7661691308021545,0.35837918519973755
YMR038C,YPL274W,0,0.071318515,0.17688949406147003,0.7661691308021545,0.35847923159599304
YAR027W,YER115C,0,0.07115064,0.1768488734960556,0.7661691308021545,0.35857927799224854
YOR212W,YBR173C,0,0.070817076,0.17680826783180237,0.7661691308021545,0.3586793541908264
YDL179W,YBR230C,0,0.07078429,0.17676767706871033,0.7661691308021545,0.3587794005870819
YNL079C,YDL059C,0,0.070687644,0.17672710120677948,0.7661691308021545,0.3588794469833374
YLR244C,YNR035C,0,0.07046475,0.17668655514717102,0.7661691308021545,0.3589794933795929
YPR035W,YOR298W,0,0.07009404,0.17664602398872375,0.7661691308021545,0.3590795397758484
YHR057C,YIL011W,1,0.069981836,0.1768348664045334,0.7671641707420349,0.3590795397758484
YMR123W,YLR390W,0,0.069832854,0.17679432034492493,0.7671641707420349,0.3591795861721039
YHR175W,YGL259W,0,0.06960424,0.17675378918647766,0.7671641707420349,0.3592796325683594
YLR329W,YJL191W,0,0.069425814,0.1767132729291916,0.7671641707420349,0.35937967896461487
YLR047C,YDL170W,0,0.06934994,0.1766727715730667,0.7671641707420349,0.35947972536087036
YPR133W-A,YLR151C,0,0.06933255,0.17663230001926422,0.7671641707420349,0.35957980155944824
YNL307C,YCR002C,0,0.069014765,0.17659184336662292,0.7671641707420349,0.35967984795570374
YKL203C,YKR069W,0,0.06896559,0.17655140161514282,0.7671641707420349,0.35977989435195923
YCL025C,YJL176C,0,0.06894299,0.1765109896659851,0.7671641707420349,0.3598799407482147
YNL066W,YDR461W,1,0.06878435,0.1766994744539261,0.7681592106819153,0.3598799407482147
YJL160C,YKL046C,1,0.068753414,0.1768878698348999,0.7691542506217957,0.3598799407482147
YKL013C,YJL200C,0,0.06866074,0.1768473982810974,0.7691542506217957,0.3599799871444702
YGR238C,YGL113W,0,0.068525694,0.1768069565296173,0.7691542506217957,0.3600800335407257
YLR344W,YIL132C,0,0.06835543,0.1767665147781372,0.7691542506217957,0.3601800799369812
YKL206C,YIL048W,0,0.06829237,0.1767261028289795,0.7691542506217957,0.3602801263332367
YMR033W,YNL006W,0,0.068282805,0.17668572068214417,0.7691542506217957,0.3603802025318146
YLL017W,YGR185C,0,0.06820624,0.17664533853530884,0.7691542506217957,0.36048024892807007
YGL068W,YLR033W,0,0.06799833,0.1766049861907959,0.7691542506217957,0.36058029532432556
YOR243C,YPL180W,0,0.06778177,0.17656464874744415,0.7691542506217957,0.36068034172058105
YBR177C,YNR015W,0,0.067685254,0.1765243262052536,0.7691542506217957,0.36078038811683655
YGL180W,YPL002C,0,0.067682795,0.17648401856422424,0.7691542506217957,0.36088043451309204
YER103W,YGR281W,0,0.067598306,0.17644374072551727,0.7691542506217957,0.36098048090934753
YNR004W,YDL022W,0,0.06747719,0.1764034628868103,0.7691542506217957,0.361080527305603
YHR074W,YIL135C,0,0.06746458,0.17636321485042572,0.7691542506217957,0.3611806035041809
YER117W,YFL038C,0,0.06713737,0.17632299661636353,0.7691542506217957,0.3612806499004364
YLR183C,YKL130C,0,0.06700147,0.17628277838230133,0.7691542506217957,0.3613806962966919
YPR043W,YOL151W,0,0.06690761,0.17624258995056152,0.7691542506217957,0.3614807426929474
YFL038C,YPR138C,0,0.06673356,0.1762024164199829,0.7691542506217957,0.3615807890892029
YHR002W,YPR163C,0,0.06670705,0.1761622577905655,0.7691542506217957,0.3616808354854584
YNL066W,YLL024C,1,0.06670191,0.1763499677181244,0.7701492309570312,0.3616808354854584
YNL044W,YLL012W,0,0.06663021,0.17630979418754578,0.7701492309570312,0.36178088188171387
YMR049C,YNL084C,0,0.066628285,0.17626963555812836,0.7701492309570312,0.36188092827796936
YBR145W,YNR010W,0,0.06661307,0.17622950673103333,0.7701492309570312,0.36198100447654724
YPR080W,YDR508C,0,0.06609931,0.1761893928050995,0.7701492309570312,0.36208105087280273
YNL079C,YER162C,0,0.06602294,0.17614929378032684,0.7701492309570312,0.3621810972690582
YDR059C,YDR369C,0,0.06592887,0.1761092096567154,0.7701492309570312,0.3622811436653137
YLR209C,YDR262W,0,0.06561094,0.17606915533542633,0.7701492309570312,0.3623811900615692
YOL155C,YOR190W,1,0.06538161,0.17625653743743896,0.7711442708969116,0.3623811900615692
YGL158W,YFL021W,0,0.06530856,0.1762164682149887,0.7711442708969116,0.3624812364578247
YBR002C,YDR392W,0,0.06507071,0.17617639899253845,0.7711442708969116,0.3625812828540802
YDL059C,YKL067W,0,0.06503599,0.17613635957241058,0.7711442708969116,0.3626813292503357
YGR010W,YFR019W,0,0.06456154,0.1760963350534439,0.7711442708969116,0.3627814054489136
YDR067C,YNL160W,0,0.06451366,0.17605634033679962,0.7711442708969116,0.36288145184516907
YOR025W,YFR052W,0,0.06439077,0.17601634562015533,0.7711442708969116,0.36298149824142456
YNL223W,YIR018W,0,0.06429335,0.17597638070583344,0.7711442708969116,0.36308154463768005
YPL223C,YIR038C,0,0.06422541,0.17593643069267273,0.7711442708969116,0.36318159103393555
YDR371W,YER074W,0,0.064050235,0.1758965104818344,0.7711442708969116,0.36328163743019104
YNL192W,YPR125W,0,0.06402808,0.1758565902709961,0.7711442708969116,0.36338168382644653
YOR243C,YLR359W,0,0.06389024,0.17581669986248016,0.7711442708969116,0.363481730222702
YAL005C,YMR008C,1,0.06379879,0.17600363492965698,0.772139310836792,0.363481730222702
YNL117W,YNR010W,0,0.06370144,0.17596371471881866,0.772139310836792,0.3635817766189575
YCR087C-A,YOR098C,0,0.06325316,0.17592382431030273,0.772139310836792,0.3636818528175354
YDR449C,YNL052W,0,0.063250594,0.175883948802948,0.772139310836792,0.3637818992137909
YLL051C,YCR057C,0,0.06306302,0.17584410309791565,0.772139310836792,0.3638819456100464
YOL124C,YOL026C,0,0.06302094,0.1758042573928833,0.772139310836792,0.3639819920063019
YLR141W,YDR140W,0,0.0628128,0.17576444149017334,0.772139310836792,0.3640820384025574
YLR264W,YDR449C,0,0.062763356,0.17572464048862457,0.772139310836792,0.36418208479881287
YLR206W,YPR190C,0,0.06259268,0.175684854388237,0.772139310836792,0.36428213119506836
YDR026C,YBR031W,0,0.06223882,0.17564508318901062,0.772139310836792,0.36438217759132385
YLR020C,YJL144W,0,0.062215157,0.17560534179210663,0.772139310836792,0.36448225378990173
YPR200C,YKL001C,0,0.062208615,0.17556561529636383,0.772139310836792,0.3645823001861572
YGR225W,YMR250W,0,0.06218367,0.17552590370178223,0.772139310836792,0.3646823465824127
YBR183W,YAL029C,0,0.062025853,0.17548620700836182,0.772139310836792,0.3647823929786682
YER008C,YKL180W,0,0.061987795,0.1754465252161026,0.772139310836792,0.3648824393749237
YML032C,YNL052W,0,0.061985366,0.17540687322616577,0.772139310836792,0.3649824857711792
YKL103C,YOR212W,0,0.061976932,0.17536723613739014,0.772139310836792,0.3650825321674347
YLL040C,YOR338W,0,0.061917923,0.1753276139497757,0.772139310836792,0.3651825785636902
YAL063C,YDR353W,0,0.061820857,0.17528800666332245,0.772139310836792,0.36528265476226807
YML049C,YEL041W,0,0.061795942,0.1752484142780304,0.772139310836792,0.36538270115852356
YER154W,YLR344W,0,0.061573483,0.17520885169506073,0.772139310836792,0.36548274755477905
YLR165C,YLL034C,0,0.061498694,0.17516930401325226,0.772139310836792,0.36558279395103455
YEL040W,YLL024C,1,0.061447494,0.1753554493188858,0.7731343507766724,0.36558279395103455
YHR056C,YGR012W,0,0.06140106,0.17531588673591614,0.7731343507766724,0.36568284034729004
YHR082C,YDL047W,0,0.061318062,0.17527633905410767,0.7731343507766724,0.36578288674354553
YMR146C,YLR264W,0,0.061308272,0.1752368062734604,0.7731343507766724,0.365882933139801
YOL086C,YMR136W,0,0.061291777,0.1751972883939743,0.7731343507766724,0.3659829795360565
YBR271W,YMR193W,0,0.061008297,0.1751578003168106,0.7731343507766724,0.3660830557346344
YOL155C,YGL259W,0,0.060929753,0.1751183271408081,0.7731343507766724,0.3661831021308899
YLL051C,YCL025C,0,0.060802184,0.1750788688659668,0.7731343507766724,0.3662831485271454
YLR278C,YOR123C,0,0.060517453,0.17503942549228668,0.7731343507766724,0.3663831949234009
YNR006W,YEL062W,0,0.06032162,0.17499999701976776,0.7731343507766724,0.36648324131965637
YBR002C,YPL113C,0,0.060255222,0.17496059834957123,0.7731343507766724,0.36658328771591187
YBR271W,YOR239W,0,0.06020499,0.1749211996793747,0.7731343507766724,0.36668333411216736
YLL019C,YIR005W,0,0.060029335,0.17488183081150055,0.7731343507766724,0.36678338050842285
YMR296C,YMR229C,0,0.05968246,0.1748424768447876,0.7731343507766724,0.36688342690467834
YLR314C,YEL036C,0,0.059674695,0.17480315268039703,0.7731343507766724,0.3669835031032562
YPR026W,YLR251W,0,0.059544332,0.17476382851600647,0.7731343507766724,0.3670835494995117
YDR378C,YAR031W,0,0.059441313,0.1747245341539383,0.7731343507766724,0.3671835958957672
YMR319C,YGR229C,0,0.059277244,0.1746852546930313,0.7731343507766724,0.3672836422920227
YDL245C,YJL024C,0,0.05916647,0.17464599013328552,0.7731343507766724,0.3673836886882782
YHR211W,YGR169C,0,0.059116162,0.17460674047470093,0.7731343507766724,0.3674837350845337
YOL028C,YJL117W,0,0.05877114,0.17456750571727753,0.7731343507766724,0.3675837814807892
YKL009W,YNR004W,0,0.058581285,0.1745283007621765,0.7731343507766724,0.3676838278770447
YPL078C,YOR353C,0,0.058172934,0.1744891107082367,0.7731343507766724,0.36778390407562256
YGL010W,YKR006C,0,0.057935722,0.17444993555545807,0.7731343507766724,0.36788395047187805
YEL040W,YGL163C,0,0.05750247,0.17441077530384064,0.7731343507766724,0.36798399686813354
YDR371W,YLR329W,0,0.05749756,0.1743716299533844,0.7731343507766724,0.36808404326438904
YPL223C,YNR015W,0,0.057270877,0.17433251440525055,0.7731343507766724,0.36818408966064453
YOR147W,YER104W,0,0.057136633,0.1742933988571167,0.7731343507766724,0.3682841360569
YGL180W,YOL043C,0,0.057032816,0.17425431311130524,0.7731343507766724,0.3683841824531555
YLR025W,YFL021W,0,0.056938104,0.17421524226665497,0.7731343507766724,0.368484228849411
YAL033W,YNR004W,0,0.056931116,0.1741761863231659,0.7731343507766724,0.3685843050479889
YBL076C,YMR239C,0,0.05668044,0.1741371601819992,0.7731343507766724,0.3686843514442444
YLR043C,YDL111C,0,0.056592874,0.17409813404083252,0.7731343507766724,0.3687843978404999
YMR020W,YHR082C,0,0.05655148,0.17405913770198822,0.7731343507766724,0.36888444423675537
YDR146C,YML036W,0,0.05642397,0.17402015626430511,0.7731343507766724,0.36898449063301086
YMR239C,YMR159C,0,0.056382157,0.1739811897277832,0.7731343507766724,0.36908453702926636
YJL200C,YKL095W,0,0.05631198,0.17394223809242249,0.7731343507766724,0.36918458342552185
YOR206W,YLR183C,0,0.056253396,0.17390331625938416,0.7731343507766724,0.36928462982177734
YER117W,YDR173C,0,0.05598934,0.17386439442634583,0.7731343507766724,0.3693847060203552
YPR072W,YFR018C,0,0.055682898,0.17382550239562988,0.7731343507766724,0.3694847524166107
YKL038W,YOR313C,0,0.05530221,0.17378662526607513,0.7731343507766724,0.3695847988128662
YMR077C,YML039W,0,0.055221893,0.17374776303768158,0.7731343507766724,0.3696848452091217
YHR214C-B,YHR061C,0,0.054749988,0.17370891571044922,0.7731343507766724,0.3697848916053772
YCL014W,YLR380W,0,0.054702543,0.17367009818553925,0.7731343507766724,0.3698849380016327
YLR029C,YDL039C,0,0.054594092,0.17363128066062927,0.7731343507766724,0.3699849843978882
YPL274W,YPR060C,0,0.054459,0.1735924929380417,0.7731343507766724,0.3700850307941437
YJR026W,YGR027C,0,0.05432605,0.1735537201166153,0.7731343507766724,0.37018510699272156
YOR301W,YGL014W,0,0.054300696,0.1735149621963501,0.7731343507766724,0.37028515338897705
YOL136C,YER074W,0,0.05429694,0.1734762191772461,0.7731343507766724,0.37038519978523254
YGR010W,YIL170W,0,0.05421973,0.17343750596046448,0.7731343507766724,0.37048524618148804
YLR394W,YDL047W,0,0.05415085,0.17339879274368286,0.7731343507766724,0.37058529257774353
YJL141C,YER074W,0,0.054145448,0.17336010932922363,0.7731343507766724,0.370685338973999
YFL033C,YML036W,0,0.05399301,0.1733214408159256,0.7731343507766724,0.3707853853702545
YBR145W,YGR143W,0,0.053925253,0.17328278720378876,0.7731343507766724,0.37088543176651
YGL014W,YIL094C,0,0.05389812,0.1732441484928131,0.7731343507766724,0.3709854781627655
YPL274W,YKL085W,0,0.053617783,0.17320552468299866,0.7731343507766724,0.3710855543613434
YBR294W,YMR267W,0,0.053519674,0.1731669306755066,0.7731343507766724,0.3711856007575989
YNL236W,YPL119C,0,0.05337535,0.17312833666801453,0.7731343507766724,0.37128564715385437
YGL172W,YGR027C,0,0.053337835,0.17308977246284485,0.7731343507766724,0.37138569355010986
YJL191W,YIL177C,0,0.0533361,0.17305122315883636,0.7731343507766724,0.37148573994636536
YJL160C,YEL040W,1,0.053319693,0.17323535680770874,0.774129331111908,0.37148573994636536
YNL052W,YGL163C,0,0.053281568,0.17319679260253906,0.774129331111908,0.37158578634262085
YJL130C,YPL050C,0,0.05312223,0.17315824329853058,0.774129331111908,0.37168583273887634
YIL006W,YBR074W,0,0.05292914,0.1731197088956833,0.774129331111908,0.37178587913513184
YJL155C,YIL140W,0,0.052829333,0.1730812042951584,0.774129331111908,0.3718859553337097
YIL088C,YOR378W,0,0.05275584,0.17304269969463348,0.774129331111908,0.3719860017299652
YMR089C,YOR338W,0,0.052637048,0.17300422489643097,0.774129331111908,0.3720860481262207
YMR168C,YHR057C,0,0.05262471,0.17296576499938965,0.774129331111908,0.3721860945224762
YOR206W,YMR267W,0,0.052576706,0.17292732000350952,0.774129331111908,0.3722861409187317
YDR530C,YJL166W,0,0.052508853,0.1728888899087906,0.774129331111908,0.3723861873149872
YDL179W,YML097C,0,0.05239246,0.17285047471523285,0.774129331111908,0.3724862337112427
YPL147W,YFL021W,0,0.05237692,0.1728120893239975,0.774129331111908,0.37258628010749817
YOL155C,YOR383C,1,0.05231382,0.17299577593803406,0.7751243710517883,0.37258628010749817
YMR173W,YHR174W,0,0.052244596,0.1729573756456375,0.7751243710517883,0.37268635630607605
YGL220W,YMR159C,0,0.05201605,0.17291897535324097,0.7751243710517883,0.37278640270233154
YOR071C,YOL052C,0,0.051999427,0.1728806048631668,0.7751243710517883,0.37288644909858704
YHR030C,YDR449C,0,0.051960774,0.17284224927425385,0.7751243710517883,0.37298649549484253
YDL084W,YKL117W,0,0.051876754,0.17280390858650208,0.7751243710517883,0.373086541891098
YGL089C,YBR162C,1,0.05175265,0.17298735678195953,0.7761194109916687,0.373086541891098
YGR027C,YIL048W,0,0.051621623,0.17294900119304657,0.7761194109916687,0.3731865882873535
YKL103C,YGR084C,0,0.051582925,0.1729106605052948,0.7761194109916687,0.373286634683609
YLR286C,YOR190W,1,0.051564507,0.1730939745903015,0.7771144509315491,0.373286634683609
YDR296W,YLR350W,0,0.051533528,0.17305561900138855,0.7771144509315491,0.3733866810798645
YGR281W,YJR028W,0,0.051405743,0.17301727831363678,0.7771144509315491,0.3734867572784424
YJR004C,YJL174W,1,0.051376954,0.17320044338703156,0.7781094312667847,0.3734867572784424
YOL142W,YDR494W,0,0.051207952,0.1731620877981186,0.7781094312667847,0.3735868036746979
YIL170W,YJL149W,0,0.051097818,0.17312376201152802,0.7781094312667847,0.37368685007095337
YML058W-A,YLR380W,0,0.051019393,0.17308543622493744,0.7781094312667847,0.37378689646720886
YFL033C,YDR151C,0,0.05080089,0.17304714024066925,0.7781094312667847,0.37388694286346436
YLR401C,YGR229C,0,0.0503707,0.17300884425640106,0.7781094312667847,0.37398698925971985
YOL155C,YLR042C,1,0.05014137,0.17319177091121674,0.779104471206665,0.37398698925971985
YNL121C,YER052C,0,0.04965485,0.17315347492694855,0.779104471206665,0.37408703565597534
YLR209C,YLL017W,0,0.0494351,0.17311519384384155,0.779104471206665,0.37418708205223083
YDL225W,YPR163C,0,0.04942894,0.17307692766189575,0.779104471206665,0.3742871582508087
YMR272C,YOL062C,0,0.049406283,0.17303867638111115,0.779104471206665,0.3743872046470642
YNL102W,YER125W,0,0.049025707,0.17300044000148773,0.779104471206665,0.3744872510433197
YKL171W,YJL192C,0,0.0487575,0.1729622334241867,0.779104471206665,0.3745872974395752
YLR390W,YMR308C,0,0.04858152,0.17292402684688568,0.779104471206665,0.3746873438358307
YOR145C,YBR061C,0,0.048103802,0.17288585007190704,0.779104471206665,0.3747873902320862
YOR239W,YNL070W,0,0.047779582,0.1728476881980896,0.779104471206665,0.3748874366283417
YBR081C,YLR401C,0,0.04757469,0.17280954122543335,0.779104471206665,0.37498748302459717
YLR028C,YLR164W,0,0.04756999,0.1727714091539383,0.779104471206665,0.37508752942085266
YJL066C,YBR080C,0,0.04731544,0.17273329198360443,0.779104471206665,0.37518760561943054
YER013W,YJL066C,0,0.047274463,0.17269518971443176,0.779104471206665,0.37528765201568604
YDR077W,YNL145W,1,0.047257364,0.17287762463092804,0.7800995111465454,0.37528765201568604
YJR138W,YOR147W,0,0.047122292,0.17283950746059418,0.7800995111465454,0.37538769841194153
YLR289W,YJR057W,0,0.047118507,0.1728014051914215,0.7800995111465454,0.375487744808197
YDL121C,YJR133W,0,0.046930738,0.17276333272457123,0.7800995111465454,0.3755877912044525
YJR107W,YHR174W,0,0.046848185,0.17272527515888214,0.7800995111465454,0.375687837600708
YDL084W,YDL245C,0,0.04635665,0.17268721759319305,0.7800995111465454,0.3757878839969635
YDL036C,YNL314W,0,0.0462432,0.17264918982982635,0.7800995111465454,0.375887930393219
YNL066W,YLR213C,1,0.046227664,0.17283135652542114,0.7810945510864258,0.375887930393219
YOR388C,YOL102C,0,0.04608286,0.17279331386089325,0.7810945510864258,0.3759880065917969
YDL197C,YHR168W,0,0.04582543,0.17275528609752655,0.7810945510864258,0.37608805298805237
YGR032W,YNL267W,0,0.045406573,0.17271727323532104,0.7810945510864258,0.37618809938430786
YJR153W,YHR214W,1,0.04527162,0.1728992462158203,0.7820895314216614,0.37618809938430786
YJR057W,YPR187W,0,0.045110613,0.1728612333536148,0.7820895314216614,0.37628814578056335
YBR002C,YML128C,0,0.04485873,0.1728232204914093,0.7820895314216614,0.37638819217681885
YBL005W-B,YFL001W,0,0.04472535,0.172785222530365,0.7820895314216614,0.37648823857307434
YOR298W,YJL206C,0,0.04465329,0.17274725437164307,0.7820895314216614,0.37658828496932983
YMR123W,YMR186W,0,0.044615917,0.17270930111408234,0.7820895314216614,0.3766883313655853
YDL179W,YDR353W,0,0.04456635,0.1726713478565216,0.7820895314216614,0.3767884075641632
YMR049C,YOR355W,0,0.04445284,0.17263342440128326,0.7820895314216614,0.3768884539604187
YBR002C,YLL012W,0,0.04415808,0.17259551584720612,0.7820895314216614,0.3769885003566742
YLR394W,YNL307C,0,0.044133447,0.17255762219429016,0.7820895314216614,0.3770885467529297
YCL074W,YKL117W,0,0.04411736,0.1725197583436966,0.7820895314216614,0.3771885931491852
YDL036C,YDL171C,0,0.043920495,0.17248189449310303,0.7820895314216614,0.3772886395454407
YKR068C,YKR044W,0,0.0437809,0.17244406044483185,0.7820895314216614,0.37738868594169617
YNL302C,YCR052W,0,0.04365716,0.17240622639656067,0.7820895314216614,0.37748873233795166
YFL066C,YML036W,0,0.04363545,0.17236842215061188,0.7820895314216614,0.37758880853652954
YOR389W,YDR534C,1,0.04352025,0.17254987359046936,0.7830845713615417,0.37758880853652954
YGL236C,YKL053C-A,0,0.04321999,0.17251205444335938,0.7830845713615417,0.37768885493278503
YLR395C,YDL245C,0,0.043201134,0.17247425019741058,0.7830845713615417,0.3777889013290405
YOL151W,YLR088W,0,0.043162458,0.17243646085262299,0.7830845713615417,0.377888947725296
YKL093W,YGR105W,0,0.042840242,0.17239868640899658,0.7830845713615417,0.3779889941215515
YMR176W,YPR043W,0,0.042730197,0.17236092686653137,0.7830845713615417,0.378089040517807
YEL030W,YHR039C-A,0,0.04258626,0.17232318222522736,0.7830845713615417,0.3781890869140625
YDR082W,YBR172C,0,0.042241447,0.17228546738624573,0.7830845713615417,0.378289133310318
YFL057C,YHR168W,0,0.042240247,0.1722477525472641,0.7830845713615417,0.3783891797065735
YPR080W,YGL169W,0,0.042196743,0.17221006751060486,0.7830845713615417,0.37848925590515137
YNL271C,YEL053C,0,0.041760065,0.1721723973751068,0.7830845713615417,0.37858930230140686
YAL054C,YJR021C,0,0.041556336,0.17213472723960876,0.7830845713615417,0.37868934869766235
YPR191W,YJL155C,0,0.041224338,0.1720970869064331,0.7830845713615417,0.37878939509391785
YLR305C,YLR157C,0,0.04089725,0.17205946147441864,0.7830845713615417,0.37888944149017334
YOR147W,YER138C,0,0.0408563,0.17202185094356537,0.7830845713615417,0.37898948788642883
YBL028C,YER115C,0,0.040803194,0.17198427021503448,0.7830845713615417,0.3790895342826843
YGL148W,YBL092W,0,0.040798582,0.1719466894865036,0.7830845713615417,0.3791895806789398
YLR244C,YOL043C,0,0.040647507,0.1719091236591339,0.7830845713615417,0.3792896568775177
YBR066C,YDL083C,0,0.04048776,0.1718715876340866,0.7830845713615417,0.3793897032737732
YBR118W,YBL011W,0,0.040063642,0.1718340665102005,0.7830845713615417,0.3794897496700287
YPR026W,YBR187W,0,0.03988751,0.1717965453863144,0.7830845713615417,0.3795897960662842
YJL112W,YOR310C,0,0.03985074,0.17175905406475067,0.7830845713615417,0.3796898424625397
YEL040W,YBR162C,1,0.039715774,0.17193977534770966,0.7840796113014221,0.3796898424625397
YJL141C,YGL190C,0,0.039582588,0.17190226912498474,0.7840796113014221,0.37978988885879517
YHR004C,YML028W,0,0.03949789,0.17186477780342102,0.7840796113014221,0.37988993525505066
YER103W,YPR133W-A,0,0.03946515,0.1718273013830185,0.7840796113014221,0.37998998165130615
YLL008W,YJR026W,0,0.039329097,0.17178983986377716,0.7840796113014221,0.38009005784988403
YHR030C,YOR089C,0,0.038828664,0.17175239324569702,0.7840796113014221,0.3801901042461395
YKL161C,YOR142W,0,0.03872881,0.17171497642993927,0.7840796113014221,0.380290150642395
YBR020W,YJR103W,0,0.038653247,0.17167755961418152,0.7840796113014221,0.3803901970386505
YER017C,YNL110C,0,0.03861533,0.17164017260074615,0.7840796113014221,0.380490243434906
YNL070W,YLR350W,0,0.038577236,0.1716027855873108,0.7840796113014221,0.3805902898311615
YAL033W,YGR085C,0,0.038417965,0.17156542837619781,0.7840796113014221,0.380690336227417
YLL002W,YMR090W,0,0.03832928,0.17152808606624603,0.7840796113014221,0.3807903826236725
YMR038C,YJR103W,0,0.03829501,0.17149074375629425,0.7840796113014221,0.38089045882225037
YPL183W-A,YJL095W,0,0.038186163,0.17145343124866486,0.7840796113014221,0.38099050521850586
YAL033W,YMR296C,0,0.038157262,0.17141613364219666,0.7840796113014221,0.38109055161476135
YKL093W,YJL053W,0,0.038065717,0.17137886583805084,0.7840796113014221,0.38119059801101685
YDR304C,YMR296C,0,0.037981942,0.17134159803390503,0.7840796113014221,0.38129064440727234
YCR087C-A,YER002W,0,0.03797824,0.1713043451309204,0.7840796113014221,0.38139069080352783
YKL164C,YKL157W,1,0.037969016,0.17148445546627045,0.7850746512413025,0.38139069080352783
YLL029W,YIR005W,0,0.037887894,0.17144720256328583,0.7850746512413025,0.3814907371997833
YLR208W,YDR170C,0,0.037681542,0.1714099496603012,0.7850746512413025,0.3815907835960388
YHR047C,YDL040C,0,0.037666433,0.17137272655963898,0.7850746512413025,0.3816908597946167
YPL134C,YBR271W,0,0.037659176,0.17133550345897675,0.7850746512413025,0.3817909061908722
YKL093W,YMR172W,0,0.037404172,0.1712983101606369,0.7850746512413025,0.3818909525871277
YDR083W,YPR135W,0,0.037238114,0.17126113176345825,0.7850746512413025,0.3819909989833832
YNL073W,YAR002C-A,0,0.037198156,0.1712239533662796,0.7850746512413025,0.38209104537963867
YOR187W,YFL010W-A,0,0.03715445,0.17118680477142334,0.7850746512413025,0.38219109177589417
YOR304C-A,YLR278C,0,0.037139975,0.17114967107772827,0.7850746512413025,0.38229113817214966
YJL172W,YPL119C,0,0.03708709,0.1711125522851944,0.7850746512413025,0.38239118456840515
YPL223C,YMR227C,0,0.037077844,0.17107544839382172,0.7850746512413025,0.38249123096466064
YPL273W,YCR012W,0,0.037013836,0.17103837430477142,0.7850746512413025,0.3825913071632385
YLR183C,YKR068C,0,0.03679517,0.17100130021572113,0.7850746512413025,0.382691353559494
YDL024C,YBR257W,0,0.036765568,0.17096424102783203,0.7850746512413025,0.3827913999557495
YPR160W,YDR262W,0,0.036648184,0.17092721164226532,0.7850746512413025,0.382891446352005
YOR377W,YJR112W,0,0.036454625,0.1708901822566986,0.7850746512413025,0.3829914927482605
YLR206W,YNR067C,0,0.036197282,0.17085318267345428,0.7850746512413025,0.383091539144516
YJR004C,YPL127C,0,0.03610138,0.17081619799137115,0.7850746512413025,0.3831915855407715
YBR093C,YOR009W,1,0.036061242,0.17099566757678986,0.7860696315765381,0.3831915855407715
YMR117C,YPR127W,0,0.035976432,0.17095866799354553,0.7860696315765381,0.383291631937027
YDL246C,YKL020C,0,0.035938345,0.1709216833114624,0.7860696315765381,0.38339170813560486
YDR263C,YAL024C,0,0.035478704,0.17088471353054047,0.7860696315765381,0.38349175453186035
YBR261C,YIL133C,0,0.035419293,0.17084774374961853,0.7860696315765381,0.38359180092811584
YMR090W,YDR444W,0,0.03513851,0.17081080377101898,0.7860696315765381,0.38369184732437134
YER022W,YGL030W,0,0.035121314,0.17077389359474182,0.7860696315765381,0.38379189372062683
YMR296C,YOR008C,0,0.0350447,0.17073698341846466,0.7860696315765381,0.3838919401168823
YER101C,YLR213C,0,0.034887515,0.1707000881433487,0.7860696315765381,0.3839919865131378
YLR440C,YKR035W-A,0,0.0347822,0.17066320776939392,0.7860696315765381,0.3840920329093933
YJL079C,YKR013W,1,0.034544192,0.17084233462810516,0.7870646715164185,0.3840920329093933
YNL160W,YCR002C,0,0.03447237,0.1708054393529892,0.7870646715164185,0.3841921091079712
YIL011W,YGR279C,1,0.034448452,0.17098446190357208,0.7880597114562988,0.3841921091079712
YDR453C,YLR005W,0,0.03426019,0.17094755172729492,0.7880597114562988,0.3842921555042267
YNL044W,YER171W,0,0.03425432,0.17091065645217896,0.7880597114562988,0.3843922019004822
YNL322C,YGR189C,1,0.034053884,0.1710895299911499,0.7890547513961792,0.3843922019004822
YKL082C,YHR168W,0,0.033716664,0.17105263471603394,0.7890547513961792,0.38449224829673767
YJL011C,YHR029C,0,0.03371173,0.17101573944091797,0.7890547513961792,0.38459229469299316
YPR187W,YAL017W,0,0.033659182,0.1709788739681244,0.7890547513961792,0.38469234108924866
YDR411C,YKR035W-A,0,0.03347282,0.1709420084953308,0.7890547513961792,0.38479238748550415
YLR024C,YMR213W,0,0.033354305,0.17090517282485962,0.7890547513961792,0.38489243388175964
YHR057C,YKR013W,1,0.03319951,0.17108382284641266,0.7900497317314148,0.38489243388175964
YNL307C,YPR163C,0,0.03304871,0.17104695737361908,0.7900497317314148,0.3849925100803375
YGR238C,YMR176W,0,0.03285569,0.1710101217031479,0.7900497317314148,0.385092556476593
YBR195C,YJR103W,0,0.032612614,0.1709733009338379,0.7900497317314148,0.3851926028728485
YJL187C,YIL159W,0,0.032413907,0.1709364950656891,0.7900497317314148,0.385292649269104
YHL012W,YGL068W,0,0.032338373,0.17089970409870148,0.7900497317314148,0.3853926956653595
YJL191W,YDL140C,0,0.031785868,0.17086292803287506,0.7900497317314148,0.385492742061615
YHR002W,YPL218W,0,0.03145936,0.17082616686820984,0.7900497317314148,0.3855927884578705
YPR189W,YNL138W,0,0.03126756,0.1707894206047058,0.7900497317314148,0.385692834854126
YPL183W-A,YFR036W,0,0.031214543,0.17075268924236298,0.7900497317314148,0.38579291105270386
YOR147W,YGR167W,0,0.031009056,0.17071597278118134,0.7900497317314148,0.38589295744895935
YMR203W,YIL133C,0,0.03084039,0.1706792712211609,0.7900497317314148,0.38599300384521484
YDL036C,YOL111C,0,0.03081657,0.17064259946346283,0.7900497317314148,0.38609305024147034
YER117W,YIL142W,0,0.030714057,0.17060592770576477,0.7900497317314148,0.38619309663772583
YOL086C,YGL190C,0,0.03059648,0.1705692857503891,0.7900497317314148,0.3862931430339813
YJL191W,YIL006W,0,0.030463599,0.17053264379501343,0.7900497317314148,0.3863931894302368
YJL112W,YJR053W,0,0.030436017,0.17049603164196014,0.7900497317314148,0.3864932358264923
YMR169C,YKL041W,0,0.030176207,0.17045941948890686,0.7900497317314148,0.3865932822227478
YJL191W,YER130C,0,0.03010226,0.17042283713817596,0.7900497317314148,0.3866933584213257
YDR076W,YLR042C,0,0.030078195,0.17038626968860626,0.7900497317314148,0.3867934048175812
YLR155C,YNR067C,1,0.029925317,0.17056424915790558,0.7910447716712952,0.3867934048175812
YOR292C,YKR044W,0,0.029657617,0.17052766680717468,0.7910447716712952,0.38689345121383667
YOL124C,YGR285C,0,0.029508255,0.17049109935760498,0.7910447716712952,0.38699349761009216
YPR024W,YNL307C,0,0.029333167,0.17045454680919647,0.7910447716712952,0.38709354400634766
YGL233W,YBR072W,0,0.028975464,0.17041800916194916,0.7910447716712952,0.38719359040260315
YLL029W,YJL141C,0,0.02862145,0.17038148641586304,0.7910447716712952,0.38729363679885864
YCR093W,YBR202W,0,0.028432459,0.1703449785709381,0.7910447716712952,0.38739368319511414
YOL155C,YLR037C,1,0.0284011,0.17052270472049713,0.7920398116111755,0.38739368319511414
YLR295C,YER098W,0,0.028230764,0.170486181974411,0.7920398116111755,0.387493759393692
YER101C,YOR279C,0,0.02817928,0.17044967412948608,0.7920398116111755,0.3875938057899475
YNL322C,YLR042C,1,0.027964436,0.17062728106975555,0.7930348515510559,0.3875938057899475
YBR026C,YDR262W,0,0.027688578,0.17059075832366943,0.7930348515510559,0.387693852186203
YLR383W,YNR018W,0,0.02757398,0.1705542504787445,0.7930348515510559,0.3877938985824585
YOL112W,YOL107W,0,0.027501158,0.17051775753498077,0.7930348515510559,0.387893944978714
YBR183W,YJR119C,0,0.027279057,0.17048127949237823,0.7930348515510559,0.3879939913749695
YOR317W,YBL085W,0,0.027230658,0.17044483125209808,0.7930348515510559,0.388094037771225
YBL085W,YOR180C,0,0.027074285,0.17040838301181793,0.7930348515510559,0.38819408416748047
YMR019W,YPL167C,0,0.02703534,0.17037194967269897,0.7930348515510559,0.38829416036605835
YPL123C,YNL160W,1,0.026650868,0.17054925858974457,0.7940298318862915,0.38829416036605835
YPL183W-A,YOR327C,0,0.02644027,0.1705128252506256,0.7940298318862915,0.38839420676231384
YMR168C,YAL016W,0,0.026383422,0.17047639191150665,0.7940298318862915,0.38849425315856934
YOR378W,YFR052W,0,0.026182823,0.17043998837471008,0.7940298318862915,0.38859429955482483
YMR169C,YBR275C,0,0.026013434,0.1704035848379135,0.7940298318862915,0.3886943459510803
YOR298W,YDL170W,0,0.02597738,0.17036721110343933,0.7940298318862915,0.3887943923473358
YDR453C,YFR033C,0,0.025952145,0.17033083736896515,0.7940298318862915,0.3888944387435913
YOR176W,YBL052C,0,0.025508739,0.17029449343681335,0.7940298318862915,0.3889944851398468
YGL068W,YCL025C,0,0.025242843,0.17025816440582275,0.7940298318862915,0.3890945613384247
YGR282C,YJR151C,1,0.025225066,0.17043516039848328,0.7950248718261719,0.3890945613384247
YMR238W,YLR042C,1,0.025139548,0.17061206698417664,0.7960199117660522,0.3890945613384247
YPR060C,YLR073C,0,0.025090344,0.17057569324970245,0.7960199117660522,0.3891946077346802
YGL037C,YDR222W,0,0.025008105,0.17053933441638947,0.7960199117660522,0.38929465413093567
YOR212W,YCL008C,0,0.02488733,0.17050299048423767,0.7960199117660522,0.38939470052719116
YOR243C,YMR090W,0,0.02455645,0.17046664655208588,0.7960199117660522,0.38949474692344666
YPR113W,YDR173C,0,0.024438329,0.17043033242225647,0.7960199117660522,0.38959479331970215
YBR020W,YBR275C,0,0.024071515,0.17039403319358826,0.7960199117660522,0.38969483971595764
YAL005C,YLR042C,1,0.024030127,0.17057070136070251,0.7970149517059326,0.38969483971595764
YLR209C,YOL040C,0,0.023996376,0.1705343872308731,0.7970149517059326,0.38979488611221313
YPL151C,YGR143W,0,0.023199163,0.1704980880022049,0.7970149517059326,0.389894962310791
YKR054C,YEL043W,0,0.023114003,0.17046180367469788,0.7970149517059326,0.3899950087070465
YDR030C,YDL246C,0,0.022868268,0.17042553424835205,0.7970149517059326,0.390095055103302
YBR261C,YPL163C,0,0.022643462,0.17038927972316742,0.7970149517059326,0.3901951014995575
YOL038W,YGR214W,0,0.022535525,0.17035304009914398,0.7970149517059326,0.390295147895813
YJR070C,YPL244C,0,0.022458695,0.17031681537628174,0.7970149517059326,0.3903951942920685
YNL281W,YKL182W,0,0.022356488,0.1702806055545807,0.7970149517059326,0.390495240688324
YAL039C,YOR085W,0,0.022268422,0.17024442553520203,0.7970149517059326,0.39059528708457947
YOR378W,YOL104C,0,0.021749943,0.17020824551582336,0.7970149517059326,0.39069533348083496
YPR187W,YNL304W,0,0.021463439,0.1701720803976059,0.7970149517059326,0.39079540967941284
YBL079W,YLR350W,0,0.021412626,0.17013594508171082,0.7970149517059326,0.39089545607566833
YKR035W-A,YDR444W,0,0.02109339,0.17009980976581573,0.7970149517059326,0.39099550247192383
YDL097C,YPR138C,0,0.02099432,0.17006368935108185,0.7970149517059326,0.3910955488681793
YDR233C,YBR067C,0,0.020966016,0.17002759873867035,0.7970149517059326,0.3911955952644348
YJR083C,YOL151W,0,0.020704217,0.16999150812625885,0.7970149517059326,0.3912956416606903
YNL322C,YDR534C,1,0.020667888,0.17016762495040894,0.7980099320411682,0.3912956416606903
YOL112W,YDL055C,0,0.020527966,0.17013151943683624,0.7980099320411682,0.3913956880569458
YOR009W,YLR040C,1,0.02033905,0.17030753195285797,0.7990049719810486,0.3913956880569458
YGR281W,YFR045W,0,0.020286717,0.17027141153812408,0.7990049719810486,0.3914957344532013
YLR037C,YGR282C,1,0.020208448,0.17044731974601746,0.800000011920929,0.3914957344532013
YPL276W,YKL038W,0,0.020022072,0.17041118443012238,0.800000011920929,0.3915958106517792
YHR179W,YLR270W,0,0.020007141,0.17037507891654968,0.800000011920929,0.39169585704803467
YDR494W,YNL092W,0,0.019994609,0.17033898830413818,0.800000011920929,0.39179590344429016
YAL040C,YDL077C,0,0.019849047,0.17030289769172668,0.800000011920929,0.39189594984054565
YKR066C,YPL274W,0,0.01984723,0.17026683688163757,0.800000011920929,0.39199599623680115
YLR113W,YIL048W,0,0.019762784,0.17023079097270966,0.800000011920929,0.39209604263305664
YBR177C,YGL071W,0,0.019656755,0.17019474506378174,0.800000011920929,0.39219608902931213
YER138C,YPL273W,0,0.019652285,0.1701587289571762,0.800000011920929,0.3922961354255676
YLR447C,YJL034W,0,0.019620828,0.17012272775173187,0.800000011920929,0.3923962116241455
YHR057C,YOR190W,1,0.019398779,0.17029829323291779,0.8009950518608093,0.3923962116241455
YNL160W,YKR066C,0,0.019392453,0.17026226222515106,0.8009950518608093,0.392496258020401
YOL155C,YNL160W,1,0.019370846,0.17043772339820862,0.8019900321960449,0.392496258020401
YIR039C,YKL094W,0,0.01932016,0.1704016923904419,0.8019900321960449,0.3925963044166565
YJR147W,YBR155W,0,0.018958114,0.17036567628383636,0.8019900321960449,0.392696350812912
YPR196W,YML039W,0,0.018878266,0.17032967507839203,0.8019900321960449,0.3927963972091675
YJL166W,YLR312W-A,0,0.018679447,0.1702936887741089,0.8019900321960449,0.392896443605423
YAL022C,YLR348C,0,0.01854828,0.17025771737098694,0.8019900321960449,0.39299649000167847
YMR039C,YOR355W,0,0.018526703,0.170221745967865,0.8019900321960449,0.39309653639793396
YPL007C,YDL083C,0,0.018370084,0.17018580436706543,0.8019900321960449,0.39319661259651184
YDR476C,YKL001C,0,0.018145747,0.17014987766742706,0.8019900321960449,0.39329665899276733
YMR269W,YPR001W,0,0.017979369,0.1701139658689499,0.8019900321960449,0.3933967053890228
YNL238W,YPL188W,0,0.017425947,0.1700780689716339,0.8019900321960449,0.3934967517852783
YOL107W,YIL159W,0,0.01741378,0.17004218697547913,0.8019900321960449,0.3935967981815338
YIL061C,YKL085W,0,0.017334856,0.17000633478164673,0.8019900321960449,0.3936968445777893
YPR006C,YFL054C,0,0.01722484,0.16997048258781433,0.8019900321960449,0.3937968909740448
YAR027W,YNL219C,0,0.01704169,0.16993464529514313,0.8019900321960449,0.3938969373703003
YDR254W,YMR267W,0,0.016889751,0.16989882290363312,0.8019900321960449,0.3939969837665558
YOR382W,YLR270W,0,0.0167455,0.1698630154132843,0.8019900321960449,0.39409705996513367
YPR200C,YNL006W,0,0.016724952,0.16982722282409668,0.8019900321960449,0.39419710636138916
YKL046C,YDR534C,1,0.016654886,0.17000210285186768,0.8029850721359253,0.39419710636138916
YDL217C,YPR035W,0,0.016454771,0.16996629536151886,0.8029850721359253,0.39429715275764465
YDL036C,YIR011C,0,0.016389094,0.16993051767349243,0.8029850721359253,0.39439719915390015
YDR449C,YGL103W,0,0.016241841,0.169894739985466,0.8029850721359253,0.39449724555015564
YOR159C,YNL092W,0,0.015872873,0.16985897719860077,0.8029850721359253,0.39459729194641113
YPL042C,YBR115C,0,0.015810393,0.16982322931289673,0.8029850721359253,0.3946973383426666
YOR147W,YDL059C,0,0.01578299,0.16978749632835388,0.8029850721359253,0.3947973847389221
YCL036W,YGR171C,0,0.015436135,0.16975179314613342,0.8029850721359253,0.3948974609375
YLL045C,YER002W,0,0.015060596,0.16971608996391296,0.8029850721359253,0.3949975073337555
YKL082C,YDR240C,0,0.0150543,0.1696804016828537,0.8029850721359253,0.395097553730011
YPR001W,YDR260C,0,0.015036188,0.16964472830295563,0.8029850721359253,0.3951976001262665
YDR064W,YPR111W,0,0.01498536,0.16960908472537994,0.8029850721359253,0.395297646522522
YIL088C,YNL175C,0,0.014900498,0.16957344114780426,0.8029850721359253,0.39539769291877747
YNL282W,YDR229W,0,0.014787041,0.16953781247138977,0.8029850721359253,0.39549773931503296
YLR425W,YCR087C-A,0,0.014497735,0.16950219869613647,0.8029850721359253,0.39559778571128845
YBL089W,YGL004C,0,0.014416374,0.16946661472320557,0.8029850721359253,0.39569786190986633
YLR383W,YOR338W,0,0.01438906,0.16943103075027466,0.8029850721359253,0.3957979083061218
YDL029W,YNL298W,0,0.013949603,0.16939546167850494,0.8029850721359253,0.3958979547023773
YLR390W,YFL021W,0,0.013731845,0.16935992240905762,0.8029850721359253,0.3959980010986328
YLL002W,YJR119C,0,0.013602324,0.1693243831396103,0.8029850721359253,0.3960980474948883
YNR010W,YMR143W,0,0.013456687,0.16928885877132416,0.8029850721359253,0.3961980938911438
YOL082W,YNL282W,0,0.01344014,0.16925334930419922,0.8029850721359253,0.3962981402873993
YPR121W,YNR067C,1,0.0134316385,0.1694275587797165,0.8039801120758057,0.3962981402873993
YGR169C,YPL087W,0,0.013142206,0.16939203441143036,0.8039801120758057,0.3963981866836548
YDL024C,YAR027W,0,0.013135903,0.16935652494430542,0.8039801120758057,0.39649826288223267
YBR128C,YOR285W,0,0.012726419,0.16932104527950287,0.8039801120758057,0.39659830927848816
YBR260C,YHR211W,0,0.01211267,0.16928556561470032,0.8039801120758057,0.39669835567474365
YPL223C,YLR033W,0,0.011865966,0.16925010085105896,0.8039801120758057,0.39679840207099915
YKL164C,YDR055W,1,0.011860654,0.16942408680915833,0.804975152015686,0.39679840207099915
YGR145W,YLR300W,0,0.011847787,0.16938860714435577,0.804975152015686,0.39689844846725464
YDL045W-A,YKL124W,0,0.011683978,0.1693531572818756,0.804975152015686,0.39699849486351013
YDR205W,YGL051W,0,0.011329792,0.16931770741939545,0.804975152015686,0.3970985412597656
YJL178C,YOR020C,0,0.011179797,0.16928227245807648,0.804975152015686,0.3971985876560211
YJL029C,YPL259C,0,0.011142023,0.1692468672990799,0.804975152015686,0.397298663854599
YOL070C,YIL132C,0,0.010479413,0.1692114621400833,0.804975152015686,0.3973987102508545
YKL038W,YHL027W,0,0.010458566,0.16917607188224792,0.804975152015686,0.39749875664711
YGL256W,YDL015C,0,0.0101330355,0.16914071142673492,0.804975152015686,0.3975988030433655
YMR194W,YER137C,0,0.010058373,0.16910535097122192,0.804975152015686,0.39769884943962097
YDR059C,YML080W,0,0.00997401,0.16907000541687012,0.804975152015686,0.39779889583587646
YJL194W,YDR211W,0,0.009560995,0.1690346896648407,0.804975152015686,0.39789894223213196
YOR389W,YMR238W,1,0.009509198,0.16920827329158783,0.8059701323509216,0.39789894223213196
YLR291C,YOR294W,0,0.009410225,0.16917292773723602,0.8059701323509216,0.39799898862838745
YNR067C,YOR324C,0,0.00932052,0.1691376119852066,0.8059701323509216,0.39809903502464294
YOR219C,YER137C,0,0.009083167,0.16910229623317719,0.8059701323509216,0.3981991112232208
YMR046C,YER104W,0,0.008943476,0.16906699538230896,0.8059701323509216,0.3982991576194763
YMR090W,YDR403W,0,0.008925743,0.16903172433376312,0.8059701323509216,0.3983992040157318
YGR145W,YLR050C,0,0.008918561,0.16899645328521729,0.8059701323509216,0.3984992504119873
YNR006W,YMR213W,0,0.008862086,0.16896119713783264,0.8059701323509216,0.3985992968082428
YFL045C,YKL015W,0,0.008836947,0.16892597079277039,0.8059701323509216,0.3986993432044983
YNL070W,YBR061C,0,0.008718066,0.16889074444770813,0.8059701323509216,0.3987993896007538
YCR052W,YJL214W,0,0.008572094,0.16885553300380707,0.8059701323509216,0.3988994359970093
YLR329W,YNR018W,0,0.00841067,0.1688203364610672,0.8059701323509216,0.39899951219558716
YDR174W,YLR020C,0,0.008385859,0.16878516972064972,0.8059701323509216,0.39909955859184265
YDR414C,YFR052W,0,0.008026026,0.16875000298023224,0.8059701323509216,0.39919960498809814
YLR129W,YKR101W,0,0.007924423,0.16871485114097595,0.8059701323509216,0.39929965138435364
YNL102W,YMR296C,0,0.007793963,0.16867971420288086,0.8059701323509216,0.39939969778060913
YBR052C,YDR226W,0,0.0077615455,0.16864459216594696,0.8059701323509216,0.3994997441768646
YGR288W,YGL169W,0,0.007663138,0.16860948503017426,0.8059701323509216,0.3995997905731201
YEL070W,YBR074W,0,0.0075252205,0.16857440769672394,0.8059701323509216,0.3996998369693756
YJR092W,YKL190W,0,0.0073587224,0.16853933036327362,0.8059701323509216,0.3997999131679535
YPL002C,YLR350W,0,0.0071856305,0.1685042679309845,0.8059701323509216,0.399899959564209
YNL322C,YJL158C,1,0.0070797503,0.1686772108078003,0.806965172290802,0.399899959564209
YMR093W,YDR461W,0,0.007070422,0.16864213347434998,0.806965172290802,0.4000000059604645
YJL144W,YMR300C,0,0.0068460926,0.16860707104206085,0.806965172290802,0.40010005235671997
YOR145C,YKR035W-A,0,0.0067182854,0.16857202351093292,0.806965172290802,0.40020009875297546
YGR268C,YDR226W,0,0.006574936,0.1685369908809662,0.806965172290802,0.40030014514923096
YLL051C,YKR056W,0,0.0064717457,0.16850197315216064,0.806965172290802,0.40040019154548645
YFL017W-A,YGR276C,0,0.0062068626,0.1684669703245163,0.806965172290802,0.40050023794174194
YJL128C,YPL027W,0,0.0060760304,0.16843198239803314,0.806965172290802,0.4006003141403198
YNL107W,YER052C,0,0.005739838,0.16839700937271118,0.806965172290802,0.4007003605365753
YKL171W,YKL095W,0,0.0055779144,0.16836205124855042,0.806965172290802,0.4008004069328308
YNL085W,YEL041W,0,0.0054278597,0.16832710802555084,0.806965172290802,0.4009004533290863
YHR209W,YER074W,0,0.0053416714,0.16829217970371246,0.806965172290802,0.4010004997253418
YBR196C,YAL040C,0,0.005182348,0.16825726628303528,0.806965172290802,0.4011005461215973
YOR283W,YMR025W,0,0.0051751956,0.1682223677635193,0.806965172290802,0.4012005925178528
YBR162C,YBR301W,1,0.0049971715,0.16839486360549927,0.8079602122306824,0.4012005925178528
YEL052W,YGR036C,0,0.004971504,0.1683599352836609,0.8079602122306824,0.4013006389141083
YDR090C,YKL061W,0,0.004902363,0.1683250367641449,0.8079602122306824,0.40140071511268616
YNR067C,YDR527W,0,0.0048938766,0.1682901531457901,0.8079602122306824,0.40150076150894165
YOR310C,YNR004W,0,0.0048583373,0.1682552844285965,0.8079602122306824,0.40160080790519714
YIR039C,YOR313C,0,0.0047967955,0.1682204306125641,0.8079602122306824,0.40170085430145264
YLL024C,YCR089W,1,0.0043281764,0.16839270293712616,0.8089552521705627,0.40170085430145264
YGL014W,YMR145C,0,0.004146114,0.16835783421993256,0.8089552521705627,0.40180090069770813
YER175C,YNL192W,0,0.003913991,0.16832298040390015,0.8089552521705627,0.4019009470939636
YKL093W,YDR218C,0,0.0038764402,0.16828814148902893,0.8089552521705627,0.4020009934902191
YKL171W,YDL035C,0,0.0038212016,0.1682533174753189,0.8089552521705627,0.4021010398864746
YGL236C,YBL091C-A,0,0.0038175657,0.1682184934616089,0.8089552521705627,0.4022010862827301
YJL005W,YKL161C,0,0.003711827,0.16818369925022125,0.8089552521705627,0.402301162481308
YGR279C,YOR010C,1,0.0033129826,0.16835573315620422,0.8099502325057983,0.402301162481308
YOR168W,YDL021W,0,0.0033092573,0.1683209240436554,0.8099502325057983,0.4024012088775635
YOR310C,YPR187W,0,0.00321766,0.16828612983226776,0.8099502325057983,0.40250125527381897
YNL044W,YBL034C,0,0.0031162873,0.16825135052204132,0.8099502325057983,0.40260130167007446
YML051W,YGR214W,0,0.0031145886,0.16821657121181488,0.8099502325057983,0.40270134806632996
YNL236W,YNL239W,0,0.0025911331,0.16818182170391083,0.8099502325057983,0.40280139446258545
YDR131C,YER168C,0,0.0022267252,0.16814707219600677,0.8099502325057983,0.40290144085884094
YJR010W,YGL030W,0,0.002170138,0.1681123524904251,0.8099502325057983,0.40300148725509644
YMR061W,YPR138C,0,0.002046682,0.16807763278484344,0.8099502325057983,0.4031015634536743
YER185W,YLL034C,0,0.0019733384,0.16804294288158417,0.8099502325057983,0.4032016098499298
YEL043W,YPR200C,0,0.0018580332,0.1680082529783249,0.8099502325057983,0.4033016562461853
YPR144C,YOR020C,0,0.0016740337,0.167973592877388,0.8099502325057983,0.4034017026424408
YDR245W,YPL196W,0,0.001511611,0.1679389327764511,0.8099502325057983,0.4035017490386963
YMR038C,YOR230W,0,0.0013014898,0.16790428757667542,0.8099502325057983,0.4036017954349518
YPR149W,YDR207C,0,0.0011945665,0.1678696572780609,0.8099502325057983,0.4037018418312073
YMR061W,YLR390W,0,0.001013495,0.1678350567817688,0.8099502325057983,0.40380188822746277
YGL112C,YDL078C,0,0.00091985613,0.16780045628547668,0.8099502325057983,0.40390196442604065
YPR187W,YDL028C,0,0.0006922111,0.16776587069034576,0.8099502325057983,0.40400201082229614
YBR238C,YOR085W,0,0.0006206259,0.16773129999637604,0.8099502325057983,0.40410205721855164
YLR329W,YOR313C,0,0.0005319193,0.1676967442035675,0.8099502325057983,0.40420210361480713
YNL208W,YOR351C,0,0.00039013475,0.16766220331192017,0.8099502325057983,0.4043021500110626
YDR254W,YOL104C,0,-4.106015e-05,0.16762767732143402,0.8099502325057983,0.4044021964073181
YOR243C,YDR081C,0,-5.7540834e-05,0.16759316623210907,0.8099502325057983,0.4045022428035736
YDR419W,YHR066W,0,-0.0003049597,0.1675586700439453,0.8099502325057983,0.4046022891998291
YGR251W,YMR034C,0,-0.00045853108,0.16752418875694275,0.8099502325057983,0.404702365398407
YGR229C,YMR210W,0,-0.0005173534,0.16748970746994019,0.8099502325057983,0.4048024117946625
YLL041C,YPL131W,0,-0.00069312006,0.16745525598526,0.8099502325057983,0.40490245819091797
YAL038W,YNL122C,0,-0.0012946278,0.16742081940174103,0.8099502325057983,0.40500250458717346
YJL225C,YDR423C,0,-0.0014287606,0.16738638281822205,0.8099502325057983,0.40510255098342896
YOR025W,YOR098C,0,-0.0015913621,0.16735197603702545,0.8099502325057983,0.40520259737968445
YOR212W,YPR171W,0,-0.0016222373,0.16731756925582886,0.8099502325057983,0.40530264377593994
YDR195W,YOL040C,0,-0.0016513616,0.16728319227695465,0.8099502325057983,0.40540269017219543
YOR377W,YJR083C,0,-0.001657553,0.16724881529808044,0.8099502325057983,0.4055027365684509
YLL002W,YKR103W,0,-0.0017932877,0.16721446812152863,0.8099502325057983,0.4056028127670288
YEL069C,YPL078C,0,-0.001796905,0.1671801209449768,0.8099502325057983,0.4057028591632843
YKL180W,YER137C,0,-0.0018225834,0.16714578866958618,0.8099502325057983,0.4058029055595398
YOR230W,YLR151C,0,-0.0018432289,0.16711147129535675,0.8099502325057983,0.4059029519557953
YNR004W,YFR001W,0,-0.0019257441,0.1670771688222885,0.8099502325057983,0.4060029983520508
YLR037C,YJR004C,1,-0.0019405708,0.16724810004234314,0.8109452724456787,0.4060029983520508
YPL147W,YPR160W,0,-0.0019761622,0.1672137826681137,0.8109452724456787,0.4061030447483063
YBR247C,YML030W,0,-0.0022122413,0.16717948019504547,0.8109452724456787,0.40620309114456177
YKL190W,YLR206W,0,-0.002361022,0.16714520752429962,0.8109452724456787,0.40630313754081726
YIL140W,YNL219C,0,-0.002370648,0.16711093485355377,0.8109452724456787,0.40640321373939514
YDR090C,YBR150C,0,-0.0027445778,0.16707667708396912,0.8109452724456787,0.40650326013565063
YKL126W,YNR067C,0,-0.0029215962,0.16704241931438446,0.8109452724456787,0.40660330653190613
YPR191W,YNL117W,0,-0.0033894703,0.1670081913471222,0.8109452724456787,0.4067033529281616
YPR121W,YLR040C,1,-0.003466256,0.16717885434627533,0.8119403123855591,0.4067033529281616
YDR410C,YBL089W,0,-0.0034830943,0.16714461147785187,0.8119403123855591,0.4068033993244171
YLL024C,YJR153W,1,-0.0035129637,0.16731517016887665,0.8129353523254395,0.4068033993244171
YGR282C,YOR214C,1,-0.0037138462,0.16748566925525665,0.813930332660675,0.4068033993244171
YHR069C,YKL201C,0,-0.003753841,0.1674513816833496,0.813930332660675,0.4069034457206726
YKR071C,YBL112C,0,-0.0038207844,0.16741710901260376,0.813930332660675,0.4070034921169281
YOL145C,YHR174W,0,-0.0038398057,0.1673828512430191,0.813930332660675,0.4071035385131836
YLR329W,YPL065W,0,-0.0040263087,0.16734860837459564,0.813930332660675,0.4072036147117615
YGL236C,YOL158C,0,-0.0042405277,0.16731438040733337,0.813930332660675,0.40730366110801697
YGL236C,YLR047C,0,-0.0045587197,0.1672801673412323,0.813930332660675,0.40740370750427246
YIL021W,YAL029C,0,-0.004581481,0.16724596917629242,0.813930332660675,0.40750375390052795
YJL159W,YMR008C,1,-0.004802339,0.16741618514060974,0.8149253726005554,0.40750375390052795
YER103W,YDL245C,0,-0.004869245,0.16738197207450867,0.8149253726005554,0.40760380029678345
YLR029C,YBR128C,0,-0.0050209016,0.1673477739095688,0.8149253726005554,0.40770384669303894
YDR411C,YOL165C,0,-0.005126752,0.1673135906457901,0.8149253726005554,0.40780389308929443
YJR004C,YPL112C,0,-0.005148746,0.1672794073820114,0.8149253726005554,0.4079039394855499
YER138C,YGR268C,0,-0.005187914,0.16724525392055511,0.8149253726005554,0.4080040156841278
YLR264W,YOR299W,0,-0.0052316114,0.16721110045909882,0.8149253726005554,0.4081040620803833
YOL155C,YMR238W,1,-0.0054082945,0.16738109290599823,0.8159204125404358,0.4081040620803833
YAL038W,YOL052C,0,-0.0059608445,0.16734693944454193,0.8159204125404358,0.4082041084766388
YJL130C,YNR044W,0,-0.006201584,0.16731278598308563,0.8159204125404358,0.4083041548728943
YKL046C,YLR300W,1,-0.0065460987,0.1674826592206955,0.8169154524803162,0.4083041548728943
YKL165C,YFR036W,0,-0.0069115013,0.1674485057592392,0.8169154524803162,0.4084042012691498
YKL020C,YLL012W,0,-0.0069362335,0.1674143522977829,0.8169154524803162,0.4085042476654053
YGR034W,YDL140C,0,-0.007044982,0.167380228638649,0.8169154524803162,0.40860429406166077
YDR067C,YBL091C-A,0,-0.0071030594,0.16734610497951508,0.8169154524803162,0.40870434045791626
YDR090C,YIL046W,0,-0.007177405,0.16731199622154236,0.8169154524803162,0.40880441665649414
YOR239W,YLL043W,0,-0.007215239,0.16727791726589203,0.8169154524803162,0.40890446305274963
YBR162C,YIL015W,1,-0.0072608963,0.1674475520849228,0.8179104328155518,0.40890446305274963
YIR011C,YAL039C,0,-0.007288143,0.16741344332695007,0.8179104328155518,0.4090045094490051
YMR145C,YCR026C,0,-0.0074309185,0.16737934947013855,0.8179104328155518,0.4091045558452606
YDL216C,YOR219C,0,-0.0074796453,0.16734527051448822,0.8179104328155518,0.4092046022415161
YJL140W,YKL201C,0,-0.0077557825,0.16731122136116028,0.8179104328155518,0.4093046486377716
YDL015C,YMR046C,0,-0.007959671,0.16727717220783234,0.8179104328155518,0.4094046950340271
YPR191W,YOR353C,0,-0.008071668,0.1672431379556656,0.8179104328155518,0.4095047414302826
YPL276W,YCR011C,0,-0.008123048,0.16720911860466003,0.8179104328155518,0.4096047878265381
YGR252W,YDR527W,0,-0.008259118,0.16717511415481567,0.8179104328155518,0.40970486402511597
YDL036C,YLR191W,0,-0.008785903,0.1671411097049713,0.8179104328155518,0.40980491042137146
YLR383W,YER052C,0,-0.00894431,0.16710713505744934,0.8179104328155518,0.40990495681762695
YLR016C,YMR308C,0,-0.009405129,0.16707317531108856,0.8179104328155518,0.41000500321388245
YGL014W,YNL307C,0,-0.009612851,0.16703921556472778,0.8179104328155518,0.41010504961013794
YDR226W,YLR348C,0,-0.009868793,0.1670052856206894,0.8179104328155518,0.41020509600639343
YPR190C,YMR176W,0,-0.009912636,0.166971355676651,0.8179104328155518,0.4103051424026489
YGR221C,YDR173C,0,-0.01001253,0.166937455534935,0.8179104328155518,0.4104051887989044
YKR002W,YLR164W,0,-0.010060109,0.166903555393219,0.8179104328155518,0.4105052649974823
YJL158C,YIL162W,1,-0.010778345,0.16707266867160797,0.8189054727554321,0.4105052649974823
YEL030W,YOR338W,0,-0.011242785,0.16703876852989197,0.8189054727554321,0.4106053113937378
YAL005C,YLR194C,1,-0.011493243,0.16720779240131378,0.8199005126953125,0.4106053113937378
YBL058W,YGL014W,0,-0.011632133,0.1671738624572754,0.8199005126953125,0.4107053577899933
YJL172W,YFL054C,0,-0.011820868,0.1671399623155594,0.8199005126953125,0.4108054041862488
YNR057C,YOL111C,0,-0.011840515,0.16710606217384338,0.8199005126953125,0.4109054505825043
YKL206C,YMR300C,0,-0.0120526925,0.16707217693328857,0.8199005126953125,0.41100549697875977
YDR296W,YBR155W,0,-0.012218177,0.16703830659389496,0.8199005126953125,0.41110554337501526
YBR278W,YDR226W,0,-0.012256421,0.16700446605682373,0.8199005126953125,0.41120558977127075
YBL026W,YJL006C,0,-0.012450319,0.1669706106185913,0.8199005126953125,0.41130566596984863
YDR423C,YCL043C,0,-0.012592979,0.16693678498268127,0.8199005126953125,0.4114057123661041
YKL103C,YJR119C,0,-0.012846217,0.16690297424793243,0.8199005126953125,0.4115057587623596
YPL123C,YOR382W,1,-0.012974523,0.16707168519496918,0.8208954930305481,0.4115057587623596
YEL040W,YIL083C,0,-0.012978829,0.16703785955905914,0.8208954930305481,0.4116058051586151
YOR274W,YHR051W,0,-0.013079159,0.1670040488243103,0.8208954930305481,0.4117058515548706
YJL066C,YBR281C,0,-0.0131806955,0.16697025299072266,0.8208954930305481,0.4118058979511261
YKL171W,YIL177C,0,-0.01325006,0.166936457157135,0.8208954930305481,0.4119059443473816
YJR021C,YLR325C,0,-0.013472326,0.16690269112586975,0.8208954930305481,0.4120059907436371
YNL297C,YGR020C,0,-0.013650268,0.1668689250946045,0.8208954930305481,0.41210606694221497
YOR212W,YDL077C,0,-0.013676979,0.16683518886566162,0.8208954930305481,0.41220611333847046
YER017C,YDR416W,0,-0.013690002,0.16680145263671875,0.8208954930305481,0.41230615973472595
YCL036W,YOR230W,0,-0.013825141,0.16676773130893707,0.8208954930305481,0.41240620613098145
YMR227C,YJL144W,0,-0.0141148195,0.16673403978347778,0.8208954930305481,0.41250625252723694
YGR264C,YDR457W,0,-0.014128163,0.1667003482580185,0.8208954930305481,0.41260629892349243
YFL010W-A,YIR005W,0,-0.014174327,0.1666666716337204,0.8208954930305481,0.4127063453197479
YOR020C,YOR008C,0,-0.014299866,0.1666330099105835,0.8208954930305481,0.4128063917160034
YDR081C,YGR185C,0,-0.014444426,0.1665993481874466,0.8208954930305481,0.4129064679145813
YPL259C,YML128C,0,-0.014444526,0.16656571626663208,0.8208954930305481,0.4130065143108368
YDL208W,YGR155W,0,-0.014484055,0.16653209924697876,0.8208954930305481,0.4131065607070923
YOL124C,YHR059W,0,-0.015078947,0.16649848222732544,0.8208954930305481,0.4132066071033478
YGL172W,YNL160W,0,-0.015122861,0.1664648950099945,0.8208954930305481,0.41330665349960327
YMR013C,YDR109C,0,-0.0154186115,0.16643130779266357,0.8208954930305481,0.41340669989585876
YOR099W,YPL098C,0,-0.015726797,0.16639773547649384,0.8208954930305481,0.41350674629211426
YMR049C,YIL108W,0,-0.015818909,0.16636419296264648,0.8208954930305481,0.41360679268836975
YKR103W,YER104W,0,-0.016000703,0.16633065044879913,0.8208954930305481,0.41370683908462524
YJR026W,YMR159C,0,-0.016147055,0.16629712283611298,0.8208954930305481,0.4138069152832031
YOL070C,YBL058W,0,-0.016396582,0.166263610124588,0.8208954930305481,0.4139069616794586
YPL127C,YBL098W,0,-0.016920537,0.16623009741306305,0.8208954930305481,0.4140070080757141
YDL179W,YDR173C,0,-0.016984291,0.16619661450386047,0.8208954930305481,0.4141070544719696
YKR036C,YPL119C,0,-0.016987525,0.1661631464958191,0.8208954930305481,0.4142071008682251
YGR175C,YDR170C,0,-0.017062135,0.1661296784877777,0.8208954930305481,0.4143071472644806
YER098W,YCL043C,0,-0.01724856,0.16609624028205872,0.8208954930305481,0.4144071936607361
YOR291W,YKR044W,0,-0.017557956,0.16606280207633972,0.8208954930305481,0.4145072400569916
YGR010W,YIL132C,0,-0.017703846,0.16602937877178192,0.8208954930305481,0.41460731625556946
YJL225C,YML132W,0,-0.017710648,0.16599597036838531,0.8208954930305481,0.41470736265182495
YNL271C,YHR135C,0,-0.017744057,0.1659625768661499,0.8208954930305481,0.41480740904808044
YOL107W,YCR026C,0,-0.018265262,0.16592919826507568,0.8208954930305481,0.41490745544433594
YKL166C,YDR170C,0,-0.01833076,0.16589583456516266,0.8208954930305481,0.41500750184059143
YMR305C,YJL174W,1,-0.018334724,0.16606353223323822,0.8218905329704285,0.41500750184059143
YPL274W,YFL023W,0,-0.018336631,0.166030153632164,0.8218905329704285,0.4151075482368469
YPL094C,YFL033C,0,-0.018475186,0.16599678993225098,0.8218905329704285,0.4152075946331024
YMR054W,YNL016W,0,-0.018813215,0.16596342623233795,0.8218905329704285,0.4153076410293579
YDR167W,YOL104C,0,-0.019040085,0.16593009233474731,0.8218905329704285,0.4154077172279358
YEL069C,YNR017W,0,-0.01928299,0.16589677333831787,0.8218905329704285,0.4155077636241913
YDL054C,YPL119C,0,-0.019433655,0.16586345434188843,0.8218905329704285,0.4156078100204468
YKL078W,YML132W,0,-0.019438364,0.16583015024662018,0.8218905329704285,0.41570785641670227
YER013W,YMR186W,0,-0.019459624,0.16579687595367432,0.8218905329704285,0.41580790281295776
YPR187W,YIR032C,0,-0.019903414,0.16576360166072845,0.8218905329704285,0.41590794920921326
YDR364C,YPR159W,0,-0.020153485,0.1657303422689438,0.8218905329704285,0.41600799560546875
YGL028C,YIL015W,1,-0.020204153,0.1658976972103119,0.8228855729103088,0.41600799560546875
YDL206W,YGL220W,0,-0.020267852,0.16586442291736603,0.8228855729103088,0.41610804200172424
YMR315W,YDR378C,0,-0.020365201,0.16583116352558136,0.8228855729103088,0.4162081182003021
YGR279C,YBR162C,1,-0.020587534,0.1659983992576599,0.8238806128501892,0.4162081182003021
YDR405W,YKR026C,0,-0.020708866,0.16596512496471405,0.8238806128501892,0.4163081645965576
YHR143W,YOL011W,1,-0.0211455,0.16613227128982544,0.8248755931854248,0.4163081645965576
YIL142W,YPL134C,0,-0.021261983,0.16609898209571838,0.8248755931854248,0.4164082109928131
YNL027W,YNL302C,0,-0.021639764,0.16606570780277252,0.8248755931854248,0.4165082573890686
YHL012W,YEL037C,0,-0.021816514,0.16603244841098785,0.8248755931854248,0.4166083037853241
YBR301W,YOL011W,1,-0.021882348,0.1661994457244873,0.8258706331253052,0.4166083037853241
YER125W,YLR359W,0,-0.021932177,0.16616617143154144,0.8258706331253052,0.4167083501815796
YJR127C,YOR338W,0,-0.02207803,0.16613291203975677,0.8258706331253052,0.4168083965778351
YGL170C,YEL062W,0,-0.022347398,0.1660996526479721,0.8258706331253052,0.4169084429740906
YLR113W,YHR058C,0,-0.022644617,0.16606642305850983,0.8258706331253052,0.41700848937034607
YDR419W,YDR195W,0,-0.022649046,0.16603320837020874,0.8258706331253052,0.41710856556892395
YER151C,YMR054W,0,-0.022650577,0.16599999368190765,0.8258706331253052,0.41720861196517944
YGL180W,YJL004C,0,-0.022746898,0.16596680879592896,0.8258706331253052,0.41730865836143494
YIR011C,YGR027C,0,-0.023495086,0.16593362390995026,0.8258706331253052,0.41740870475769043
YHR002W,YKL161C,0,-0.023544855,0.16590045392513275,0.8258706331253052,0.4175087511539459
YFL066C,YAR031W,0,-0.023637466,0.16586729884147644,0.8258706331253052,0.4176087975502014
YBR042C,YDR497C,0,-0.023676224,0.16583415865898132,0.8258706331253052,0.4177088439464569
YPR119W,YMR200W,0,-0.02367834,0.1658010333776474,0.8258706331253052,0.4178088903427124
YDR077W,YKL096W,1,-0.023706444,0.1659676432609558,0.8268656730651855,0.4178088903427124
YER190W,YNL259C,0,-0.023907438,0.1659345030784607,0.8268656730651855,0.4179089665412903
YJL034W,YPL274W,0,-0.024166323,0.16590137779712677,0.8268656730651855,0.4180090129375458
YOL111C,YPR138C,0,-0.024189167,0.16586826741695404,0.8268656730651855,0.41810905933380127
YNL145W,YJR151C,1,-0.02431932,0.1660347282886505,0.8278607130050659,0.41810905933380127
YKL161C,YBL028C,0,-0.024533518,0.1660016030073166,0.8278607130050659,0.41820910573005676
YBR026C,YLR350W,0,-0.024607483,0.16596847772598267,0.8278607130050659,0.41830915212631226
YOR382W,YKL157W,1,-0.024778143,0.1661348193883896,0.8288556933403015,0.41830915212631226
YDR090C,YDR369C,0,-0.024827339,0.16610169410705566,0.8288556933403015,0.41840919852256775
YLL051C,YEL037C,0,-0.024834055,0.16606858372688293,0.8288556933403015,0.41850924491882324
YKR102W,YDL045C,0,-0.024892405,0.1660354733467102,0.8288556933403015,0.41860929131507874
YDL179W,YJL082W,0,-0.025065303,0.16600239276885986,0.8288556933403015,0.4187093675136566
YMR146C,YLR073C,0,-0.025304802,0.16596931219100952,0.8288556933403015,0.4188094139099121
YDL084W,YDL061C,0,-0.025974132,0.16593626141548157,0.8288556933403015,0.4189094603061676
YGR077C,YIL046W,0,-0.026420884,0.1659032106399536,0.8288556933403015,0.4190095067024231
YPR030W,YGR239C,0,-0.026710011,0.16587017476558685,0.8288556933403015,0.4191095530986786
YMR173W,YDL015C,0,-0.026925229,0.1658371537923813,0.8288556933403015,0.4192095994949341
YOR247W,YLR155C,1,-0.026966214,0.16600318253040314,0.8298507332801819,0.4192095994949341
YJL160C,YAL005C,1,-0.026983969,0.1661691516637802,0.8308457732200623,0.4192095994949341
YMR006C,YOR010C,1,-0.027044572,0.1663350611925125,0.8318408131599426,0.4192095994949341
YDL036C,YPR137W,0,-0.027282104,0.16630196571350098,0.8318408131599426,0.4193096458911896
YKL022C,YML132W,0,-0.027300075,0.16626890003681183,0.8318408131599426,0.41940969228744507
YGL089C,YLR300W,1,-0.027506538,0.16643467545509338,0.8328357934951782,0.41940969228744507
YKR057W,YOL004W,0,-0.027563255,0.16640159487724304,0.8328357934951782,0.41950976848602295
YLR029C,YJL172W,0,-0.02758985,0.1663685142993927,0.8328357934951782,0.41960981488227844
YFL057C,YGL030W,0,-0.027696617,0.16633544862270355,0.8328357934951782,0.41970986127853394
YIL088C,YDR081C,0,-0.02783645,0.1663023978471756,0.8328357934951782,0.41980990767478943
YDL061C,YBR238C,0,-0.027856208,0.16626936197280884,0.8328357934951782,0.4199099540710449
YDR032C,YKL164C,1,-0.02805176,0.16643495857715607,0.8338308334350586,0.4199099540710449
YBR002C,YCR012W,0,-0.02818083,0.1664019078016281,0.8338308334350586,0.4200100004673004
YOR054C,YDR174W,0,-0.028198406,0.16636887192726135,0.8338308334350586,0.4201100468635559
YOR089C,YPR138C,0,-0.028323121,0.1663358509540558,0.8338308334350586,0.4202100932598114
YDR423C,YER104W,0,-0.028385766,0.1663028448820114,0.8338308334350586,0.4203101694583893
YIL088C,YAL054C,0,-0.028430603,0.16626983880996704,0.8338308334350586,0.4204102158546448
YCL074W,YMR186W,0,-0.0289208,0.16623686254024506,0.8338308334350586,0.42051026225090027
YHR143W,YJL078C,1,-0.029088266,0.16640222072601318,0.834825873374939,0.42051026225090027
YKL038W,YBR061C,0,-0.02944889,0.16636922955513,0.834825873374939,0.42061030864715576
YLR107W,YBL112C,0,-0.02978564,0.16633623838424683,0.834825873374939,0.42071035504341125
YNL290W,YPR159W,0,-0.03026279,0.16630327701568604,0.834825873374939,0.42081040143966675
YDL036C,YJR032W,0,-0.03045968,0.16627031564712524,0.834825873374939,0.42091044783592224
YIL094C,YLR141W,0,-0.030604295,0.16623736917972565,0.834825873374939,0.42101049423217773
YMR269W,YMR136W,0,-0.030962832,0.16620443761348724,0.834825873374939,0.4211105406284332
YDR527W,YDL078C,0,-0.03100846,0.16617152094841003,0.834825873374939,0.4212106168270111
YOR106W,YGL259W,0,-0.031040452,0.16613861918449402,0.834825873374939,0.4213106632232666
YNR017W,YEL053C,0,-0.031420767,0.166105717420578,0.834825873374939,0.4214107096195221
YLR359W,YMR300C,0,-0.03145755,0.16607284545898438,0.834825873374939,0.4215107560157776
YLR025W,YOL136C,0,-0.03165605,0.16603997349739075,0.834825873374939,0.4216108024120331
YDL024C,YNL238W,0,-0.03166219,0.1660071164369583,0.834825873374939,0.4217108488082886
YDR174W,YFR019W,0,-0.03184378,0.16597428917884827,0.834825873374939,0.42181089520454407
YJL085W,YPR152C,0,-0.03197267,0.16594146192073822,0.834825873374939,0.42191094160079956
YOR126C,YAL040C,0,-0.032002248,0.16590863466262817,0.834825873374939,0.42201101779937744
YLR401C,YJL200C,0,-0.032036595,0.16587583720684052,0.834825873374939,0.42211106419563293
YMR033W,YOR294W,0,-0.032342784,0.16584305465221405,0.834825873374939,0.4222111105918884
YJL085W,YLR325C,0,-0.03240504,0.16581027209758759,0.834825873374939,0.4223111569881439
YAL024C,YOR340C,0,-0.03249488,0.1657775193452835,0.834825873374939,0.4224112033843994
YIR018W,YAR035W,0,-0.03254465,0.16574476659297943,0.834825873374939,0.4225112497806549
YCL018W,YDR218C,0,-0.03257417,0.16571202874183655,0.834825873374939,0.4226112961769104
YKR054C,YNL095C,0,-0.032580182,0.16567930579185486,0.834825873374939,0.4227113425731659
YNR021W,YIL170W,0,-0.032804064,0.16564659774303436,0.834825873374939,0.4228114187717438
YNR074C,YIR018W,0,-0.032917656,0.16561388969421387,0.834825873374939,0.42291146516799927
YBR223C,YCL024W,0,-0.03297458,0.16558121144771576,0.834825873374939,0.42301151156425476
YKL061W,YKR101W,0,-0.03319546,0.16554853320121765,0.834825873374939,0.42311155796051025
YNL202W,YDR260C,0,-0.03330276,0.16551588475704193,0.834825873374939,0.42321160435676575
YML032C,YDR453C,0,-0.03346897,0.1654832363128662,0.834825873374939,0.42331165075302124
YLR155C,YKR102W,1,-0.034094132,0.16564780473709106,0.8358209133148193,0.42331165075302124
YNL202W,YMR229C,0,-0.03409756,0.16561514139175415,0.8358209133148193,0.42341169714927673
YPL223C,YNL202W,0,-0.034562074,0.16558249294757843,0.8358209133148193,0.4235117435455322
YDL216C,YGR089W,0,-0.03470897,0.1655498594045639,0.8358209133148193,0.4236118197441101
YMR020W,YNL122C,0,-0.034803055,0.16551724076271057,0.8358209133148193,0.4237118661403656
YGL122C,YGR238C,0,-0.034966893,0.16548463702201843,0.8358209133148193,0.4238119125366211
YOR239W,YOR230W,0,-0.035257943,0.1654520332813263,0.8358209133148193,0.4239119589328766
YJL011C,YGR020C,0,-0.035720713,0.16541945934295654,0.8358209133148193,0.4240120053291321
YNL238W,YDR353W,0,-0.036205925,0.1653868854045868,0.8358209133148193,0.4241120517253876
YER050C,YIL083C,0,-0.036307417,0.16535432636737823,0.8358209133148193,0.42421209812164307
YDR351W,YNL052W,0,-0.036336154,0.16532178223133087,0.8358209133148193,0.42431214451789856
YOL129W,YGR144W,0,-0.0363438,0.1652892529964447,0.8358209133148193,0.42441222071647644
YPR200C,YNR028W,0,-0.03636094,0.16525673866271973,0.8358209133148193,0.42451226711273193
YKL174C,YOR180C,0,-0.03642006,0.16522423923015594,0.8358209133148193,0.4246123135089874
YHR039C-A,YOR340C,0,-0.036709875,0.16519173979759216,0.8358209133148193,0.4247123599052429
YOL070C,YOR099W,0,-0.03697487,0.16515925526618958,0.8358209133148193,0.4248124063014984
YGL162W,YJL030W,0,-0.037282564,0.16512680053710938,0.8358209133148193,0.4249124526977539
YHR030C,YDL061C,0,-0.037285425,0.16509434580802917,0.8358209133148193,0.4250124990940094
YMR276W,YDR083W,0,-0.03757073,0.16506189107894897,0.8358209133148193,0.4251125454902649
YJR051W,YLR401C,0,-0.03759715,0.16502946615219116,0.8358209133148193,0.4252125918865204
YBR125C,YBR155W,0,-0.037697084,0.16499705612659454,0.8358209133148193,0.42531266808509827
YDL022W,YOL107W,0,-0.03809353,0.16496464610099792,0.8358209133148193,0.42541271448135376
YGL148W,YIL133C,0,-0.03823673,0.1649322658777237,0.8358209133148193,0.42551276087760925
YGR175C,YHR109W,0,-0.038632557,0.16489988565444946,0.8358209133148193,0.42561280727386475
YHR004C,YMR093W,0,-0.03882318,0.16486752033233643,0.8358209133148193,0.42571285367012024
YKL038W,YPR200C,0,-0.038854755,0.16483516991138458,0.8358209133148193,0.42581290006637573
YML099C,YOR123C,0,-0.038896926,0.16480281949043274,0.8358209133148193,0.4259129464626312
YJL200C,YOR098C,0,-0.038948856,0.16477049887180328,0.8358209133148193,0.4260129928588867
YNR072W,YER130C,0,-0.039252482,0.16473817825317383,0.8358209133148193,0.4261130690574646
YOR377W,YOL028C,0,-0.039261647,0.16470588743686676,0.8358209133148193,0.4262131154537201
YMR093W,YDR081C,0,-0.039325923,0.1646735966205597,0.8358209133148193,0.4263131618499756
YJR092W,YGR285C,0,-0.03933815,0.16464132070541382,0.8358209133148193,0.4264132082462311
YEL036C,YOR377W,0,-0.039352737,0.16460905969142914,0.8358209133148193,0.4265132546424866
YPR187W,YOR351C,0,-0.03952644,0.16457679867744446,0.8358209133148193,0.42661330103874207
YDR454C,YHR214C-B,0,-0.03963104,0.16454456746578217,0.8358209133148193,0.42671334743499756
YDR082W,YLR312W-A,0,-0.03969182,0.16451233625411987,0.8358209133148193,0.42681339383125305
YLR295C,YBR177C,0,-0.039714083,0.16448011994361877,0.8358209133148193,0.42691347002983093
YJR051W,YOL155C,0,-0.039806776,0.16444791853427887,0.8358209133148193,0.4270135164260864
YKR036C,YDR405W,0,-0.03990219,0.16441573202610016,0.8358209133148193,0.4271135628223419
YER165W,YLR330W,0,-0.03992722,0.16438356041908264,0.8358209133148193,0.4272136092185974
YPR011C,YCL052C,0,-0.04000827,0.16435140371322632,0.8358209133148193,0.4273136556148529
YDL121C,YGL113W,0,-0.04001672,0.16431924700737,0.8358209133148193,0.4274137020111084
YBL041W,YLR348C,0,-0.040101804,0.16428710520267487,0.8358209133148193,0.4275137484073639
YOR147W,YOR142W,0,-0.04013619,0.16425499320030212,0.8358209133148193,0.4276137948036194
YBR006W,YOL136C,0,-0.040224098,0.16422288119792938,0.8358209133148193,0.42771387100219727
YBR261C,YNL302C,0,-0.04090122,0.16419076919555664,0.8358209133148193,0.42781391739845276
YJL085W,YJR034W,0,-0.041213326,0.1641586869955063,0.8358209133148193,0.42791396379470825
YER117W,YKL171W,0,-0.041263618,0.16412660479545593,0.8358209133148193,0.42801401019096375
YAL005C,YJL159W,1,-0.04140743,0.1642899066209793,0.8368158936500549,0.42801401019096375
YKL119C,YPL274W,0,-0.041505266,0.16425780951976776,0.8368158936500549,0.42811405658721924
YFR018C,YDR497C,0,-0.04165653,0.1642257422208786,0.8368158936500549,0.42821410298347473
YAL060W,YGR238C,0,-0.041750975,0.16419367492198944,0.8368158936500549,0.4283141493797302
YNL223W,YKL067W,0,-0.042025574,0.16416162252426147,0.8368158936500549,0.4284141957759857
YGL037C,YBR192W,0,-0.04262943,0.1641295850276947,0.8368158936500549,0.4285142719745636
YDL202W,YDR245W,0,-0.042646855,0.16409756243228912,0.8368158936500549,0.4286143183708191
YCL018W,YKL144C,0,-0.04283919,0.16406555473804474,0.8368158936500549,0.4287143647670746
YPR121W,YGR189C,1,-0.042961456,0.16422858834266663,0.8378109335899353,0.4287143647670746
YPR187W,YOL124C,0,-0.043389708,0.16419656574726105,0.8378109335899353,0.4288144111633301
YLL002W,YBR115C,0,-0.043395646,0.16416455805301666,0.8378109335899353,0.42891445755958557
YKL163W,YPR121W,1,-0.043628626,0.1643274873495102,0.8388059735298157,0.42891445755958557
YJR153W,YMR008C,1,-0.043773346,0.16449035704135895,0.839801013469696,0.42891445755958557
YDR131C,YOR313C,0,-0.043806337,0.16445830464363098,0.839801013469696,0.42901450395584106
YPR194C,YOR098C,0,-0.043834604,0.1644262671470642,0.839801013469696,0.42911455035209656
YOR071C,YDR263C,0,-0.04395505,0.16439422965049744,0.839801013469696,0.42921459674835205
YNL153C,YPL104W,0,-0.044352643,0.16436222195625305,0.839801013469696,0.42931464314460754
YDR378C,YIL170W,0,-0.044357188,0.16433021426200867,0.839801013469696,0.4294147193431854
YPL213W,YGR112W,0,-0.044359036,0.16429822146892548,0.839801013469696,0.4295147657394409
YER049W,YDR423C,0,-0.044468753,0.16426625847816467,0.839801013469696,0.4296148121356964
YDL024C,YPR127W,0,-0.04453691,0.16423428058624268,0.839801013469696,0.4297148585319519
YMR315W,YGL163C,0,-0.04473255,0.16420233249664307,0.839801013469696,0.4298149049282074
YER055C,YDR226W,0,-0.044880502,0.16417039930820465,0.839801013469696,0.4299149513244629
YHR143W,YKR102W,1,-0.045096345,0.16433294117450714,0.8407959938049316,0.4299149513244629
YNL052W,YBR257W,0,-0.04511798,0.16430099308490753,0.8407959938049316,0.4300149977207184
YGL083W,YFR018C,0,-0.045375284,0.16426904499530792,0.8407959938049316,0.4301150441169739
YJL172W,YOR355W,0,-0.04538176,0.1642371267080307,0.8407959938049316,0.43021512031555176
YMR276W,YGL170C,0,-0.04544232,0.16420520842075348,0.8407959938049316,0.43031516671180725
YMR089C,YMR173W,0,-0.045509093,0.16417330503463745,0.8407959938049316,0.43041521310806274
YKR066C,YGL241W,0,-0.045727544,0.16414141654968262,0.8407959938049316,0.43051525950431824
YOR382W,YBR128C,0,-0.045752443,0.16410954296588898,0.8407959938049316,0.43061530590057373
YOR275C,YLR344W,0,-0.045785837,0.16407766938209534,0.8407959938049316,0.4307153522968292
YPL200W,YJL053W,0,-0.045991167,0.1640458106994629,0.8407959938049316,0.4308153986930847
YOL141W,YMR295C,0,-0.04607047,0.16401398181915283,0.8407959938049316,0.4309154450893402
YKL090W,YNL110C,0,-0.04608146,0.16398215293884277,0.8407959938049316,0.4310155212879181
YMR039C,YNL267W,0,-0.04651682,0.16395032405853271,0.8407959938049316,0.4311155676841736
YKL163W,YLR194C,1,-0.046771236,0.16411250829696655,0.841791033744812,0.4311155676841736
YHR174W,YGR084C,0,-0.04689318,0.1640806794166565,0.841791033744812,0.4312156140804291
YHR030C,YCR012W,0,-0.04694391,0.16404886543750763,0.841791033744812,0.43131566047668457
YNR006W,YER090W,0,-0.047030088,0.16401706635951996,0.841791033744812,0.43141570687294006
YMR049C,YMR203W,0,-0.047054067,0.1639852672815323,0.841791033744812,0.43151575326919556
YNL274C,YLR301W,0,-0.0470685,0.1639534831047058,0.841791033744812,0.43161579966545105
YPR113W,YJR036C,0,-0.04708881,0.16392171382904053,0.841791033744812,0.43171584606170654
YML028W,YNL092W,0,-0.047099344,0.16388995945453644,0.841791033744812,0.4318159222602844
YOR388C,YDR414C,0,-0.047165558,0.16385821998119354,0.841791033744812,0.4319159686565399
YBR275C,YER046W,0,-0.047173344,0.16382649540901184,0.841791033744812,0.4320160150527954
YMR087W,YLR042C,0,-0.047645807,0.16379477083683014,0.841791033744812,0.4321160614490509
YGR032W,YEL036C,0,-0.047739565,0.16376306116580963,0.841791033744812,0.4322161078453064
YLR009W,YJR130C,0,-0.047813468,0.16373136639595032,0.841791033744812,0.4323161542415619
YMR180C,YDR170C,0,-0.047890373,0.1636996865272522,0.841791033744812,0.4324162006378174
YFR018C,YLR042C,0,-0.04790786,0.16366802155971527,0.841791033744812,0.4325162470340729
YHR029C,YDR081C,0,-0.047948904,0.16363635659217834,0.841791033744812,0.43261629343032837
YBL028C,YEL040W,0,-0.048013143,0.1636047214269638,0.841791033744812,0.43271636962890625
YOR301W,YGL236C,0,-0.04822389,0.16357308626174927,0.841791033744812,0.43281641602516174
YDR285W,YNR003C,0,-0.048313834,0.16354146599769592,0.841791033744812,0.43291646242141724
YDR306C,YOL104C,0,-0.048316568,0.16350986063480377,0.841791033744812,0.43301650881767273
YHR030C,YPL078C,0,-0.04874836,0.16347825527191162,0.841791033744812,0.4331165552139282
YJL087C,YFR001W,0,-0.048871435,0.16344667971134186,0.841791033744812,0.4332166016101837
YDR146C,YOR377W,0,-0.04887571,0.1634151041507721,0.841791033744812,0.4333166480064392
YLR314C,YLR187W,0,-0.048895918,0.16338354349136353,0.841791033744812,0.4334166944026947
YNR018W,YOR230W,0,-0.04897528,0.16335199773311615,0.841791033744812,0.4335167706012726
YGR285C,YCR026C,0,-0.049429774,0.16332046687602997,0.841791033744812,0.4336168169975281
YJR107W,YBR037C,0,-0.049648672,0.1632889360189438,0.841791033744812,0.43371686339378357
YJR138W,YOR020C,0,-0.049738504,0.16325743496418,0.841791033744812,0.43381690979003906
YLR037C,YJL174W,1,-0.049753547,0.16341887414455414,0.8427860736846924,0.43381690979003906
YHR175W,YDL040C,0,-0.049766805,0.16338734328746796,0.8427860736846924,0.43391695618629456
YNR067C,YDL078C,0,-0.050188668,0.16335582733154297,0.8427860736846924,0.43401700258255005
YJR107W,YHR135C,0,-0.0504309,0.16332434117794037,0.8427860736846924,0.43411704897880554
YLR107W,YOL104C,0,-0.050688133,0.16329284012317657,0.8427860736846924,0.43421709537506104
YGL028C,YBR301W,1,-0.05071383,0.16345413029193878,0.8437811136245728,0.43421709537506104
YGL225W,YNR010W,0,-0.05097849,0.163422629237175,0.8437811136245728,0.4343171715736389
YOR304C-A,YBL011W,0,-0.051193807,0.1633911430835724,0.8437811136245728,0.4344172179698944
YNL145W,YKL096W,1,-0.051220275,0.16355229914188385,0.8447760939598083,0.4344172179698944
YJL024C,YNL175C,0,-0.051378414,0.16352079808712006,0.8447760939598083,0.4345172643661499
YLR155C,YOR383C,1,-0.05141125,0.16368187963962555,0.8457711338996887,0.4345172643661499
YDR534C,YDR371W,1,-0.051446274,0.16384290158748627,0.8467661738395691,0.4345172643661499
YMR123W,YIL035C,0,-0.051516227,0.1638113558292389,0.8467661738395691,0.4346173107624054
YNL208W,YDR472W,0,-0.051563226,0.1637798249721527,0.8467661738395691,0.4347173571586609
YMR008C,YIL170W,0,-0.051599063,0.16374830901622772,0.8467661738395691,0.4348174035549164
YCL008C,YDR304C,0,-0.051676847,0.16371680796146393,0.8467661738395691,0.4349174499511719
YMR315W,YMR239C,0,-0.052191846,0.16368532180786133,0.8467661738395691,0.43501749634742737
YLR244C,YPL104W,0,-0.052338406,0.16365385055541992,0.8467661738395691,0.43511757254600525
YMR194W,YKL205W,0,-0.05241368,0.16362237930297852,0.8467661738395691,0.43521761894226074
YJL034W,YDR159W,0,-0.052480437,0.1635909229516983,0.8467661738395691,0.43531766533851624
YLR452C,YJR005W,0,-0.05258485,0.16355948150157928,0.8467661738395691,0.43541771173477173
YKL096W-A,YJL078C,1,-0.052681766,0.16372022032737732,0.8477612137794495,0.43541771173477173
YER125W,YOL151W,0,-0.052731045,0.1636887639760971,0.8477612137794495,0.4355177581310272
YGL094C,YDR496C,0,-0.05286876,0.1636573225259781,0.8477612137794495,0.4356178045272827
YHR211W,YOL142W,0,-0.05305314,0.16362588107585907,0.8477612137794495,0.4357178509235382
YKL171W,YGR070W,0,-0.053133614,0.16359446942806244,0.8477612137794495,0.4358178973197937
YOR323C,YLR113W,0,-0.053199574,0.1635630577802658,0.8477612137794495,0.4359179735183716
YLL043W,YDR470C,0,-0.053218413,0.16353167593479156,0.8477612137794495,0.4360180199146271
YGL256W,YER087W,0,-0.053310134,0.16350029408931732,0.8477612137794495,0.43611806631088257
YDR403W,YNL219C,0,-0.05332867,0.16346891224384308,0.8477612137794495,0.43621811270713806
YGL083W,YHR004C,0,-0.053512946,0.16343756020069122,0.8477612137794495,0.43631815910339355
YLR390W,YPL027W,0,-0.053513765,0.16340620815753937,0.8477612137794495,0.43641820549964905
YPL122C,YFR036W,0,-0.05387146,0.1633748859167099,0.8477612137794495,0.43651825189590454
YOR209C,YIR039C,0,-0.054076426,0.16334356367588043,0.8477612137794495,0.43661829829216003
YGR221C,YMR019W,0,-0.054570112,0.16331224143505096,0.8477612137794495,0.4367183446884155
YDR030C,YNL232W,0,-0.054583058,0.16328094899654388,0.8477612137794495,0.4368184208869934
YGL186C,YOR382W,0,-0.054662533,0.163249671459198,0.8477612137794495,0.4369184672832489
YPL064C,YMR046C,0,-0.054845944,0.1632183939218521,0.8477612137794495,0.4370185136795044
YLR203C,YCR011C,0,-0.054928795,0.16318713128566742,0.8477612137794495,0.4371185600757599
YJL030W,YBR042C,0,-0.055088274,0.16315588355064392,0.8477612137794495,0.4372186064720154
YJR057W,YPL244C,0,-0.05524303,0.16312463581562042,0.8477612137794495,0.4373186528682709
YPR190C,YOL026C,0,-0.055427022,0.1630934178829193,0.8477612137794495,0.43741869926452637
YER165W,YML056C,0,-0.055530347,0.1630621999502182,0.8477612137794495,0.43751874566078186
YAL005C,YJL158C,1,-0.05570344,0.16322234272956848,0.8487561941146851,0.43751874566078186
YLR440C,YGR185C,0,-0.055835046,0.16319112479686737,0.8487561941146851,0.43761882185935974
YGL237C,YNL302C,0,-0.056202434,0.16315990686416626,0.8487561941146851,0.43771886825561523
YKL189W,YOR285W,0,-0.05629479,0.16312870383262634,0.8487561941146851,0.4378189146518707
YER074W,YIL047C,0,-0.056564644,0.16309751570224762,0.8487561941146851,0.4379189610481262
YOR126C,YEL056W,0,-0.056797694,0.1630663424730301,0.8487561941146851,0.4380190074443817
YCL014W,YPL208W,0,-0.056816198,0.16303516924381256,0.8487561941146851,0.4381190538406372
YKL161C,YKL096W-A,0,-0.056985997,0.16300401091575623,0.8487561941146851,0.4382191002368927
YBR081C,YER098W,0,-0.057007197,0.16297286748886108,0.8487561941146851,0.4383191466331482
YDR059C,YIR018W,0,-0.057362027,0.16294173896312714,0.8487561941146851,0.4384192228317261
YLR203C,YFL017W-A,0,-0.057377897,0.16291062533855438,0.8487561941146851,0.43851926922798157
YER151C,YGR085C,0,-0.057410657,0.16287951171398163,0.8487561941146851,0.43861931562423706
YOR009W,YLL024C,1,-0.057715513,0.16303932666778564,0.8497512340545654,0.43861931562423706
YDL121C,YHR135C,0,-0.057887726,0.1630082130432129,0.8497512340545654,0.43871936202049255
YLR425W,YNL182C,0,-0.058164425,0.16297709941864014,0.8497512340545654,0.43881940841674805
YPR189W,YDL015C,0,-0.058358006,0.16294600069522858,0.8497512340545654,0.43891945481300354
YOR378W,YBR031W,0,-0.05836732,0.1629149168729782,0.8497512340545654,0.43901950120925903
YNL302C,YMR160W,0,-0.0585697,0.16288384795188904,0.8497512340545654,0.4391195476055145
YLR353W,YLR264W,0,-0.058638252,0.16285277903079987,0.8497512340545654,0.4392196238040924
YBL079W,YLR151C,0,-0.058694206,0.16282173991203308,0.8497512340545654,0.4393196702003479
YDL054C,YEL070W,0,-0.058724422,0.1627907007932663,0.8497512340545654,0.4394197165966034
YML051W,YDL028C,0,-0.058792524,0.1627596765756607,0.8497512340545654,0.4395197629928589
YDR211W,YOR298W,0,-0.05889424,0.16272865235805511,0.8497512340545654,0.4396198093891144
YEL037C,YDR146C,0,-0.05894337,0.1626976579427719,0.8497512340545654,0.4397198557853699
YGL028C,YKL164C,1,-0.059013225,0.16285714507102966,0.8507462739944458,0.4397198557853699
YMR077C,YOL101C,0,-0.05907982,0.16282613575458527,0.8507462739944458,0.43981990218162537
YIL088C,YCL004W,0,-0.05913344,0.16279512643814087,0.8507462739944458,0.43991994857788086
YLL029W,YBL112C,0,-0.05942812,0.16276413202285767,0.8507462739944458,0.44002002477645874
YBR172C,YPR006C,0,-0.060187742,0.16273315250873566,0.8507462739944458,0.44012007117271423
YPL276W,YNL284C,0,-0.060257725,0.16270218789577484,0.8507462739944458,0.4402201175689697
YDR067C,YLR348C,0,-0.060383115,0.16267123818397522,0.8507462739944458,0.4403201639652252
YIL046W,YPL093W,0,-0.060405426,0.1626402884721756,0.8507462739944458,0.4404202103614807
YOR215C,YBL068W,0,-0.06073094,0.16260935366153717,0.8507462739944458,0.4405202567577362
YJL034W,YJR057W,0,-0.060773745,0.16257843375205994,0.8507462739944458,0.4406203031539917
YNL322C,YLR110C,1,-0.060773782,0.162737637758255,0.8517413139343262,0.4406203031539917
YDR499W,YGR118W,0,-0.060954608,0.16270670294761658,0.8517413139343262,0.4407203495502472
YJL166W,YFL045C,0,-0.061185278,0.16267578303813934,0.8517413139343262,0.4408203959465027
YOR204W,YGL103W,0,-0.06119386,0.1626448780298233,0.8517413139343262,0.44092047214508057
YNL010W,YHR039C-A,0,-0.061423242,0.16261398792266846,0.8517413139343262,0.44102051854133606
YGR221C,YDR207C,0,-0.06149685,0.1625830978155136,0.8517413139343262,0.44112056493759155
YOL141W,YLL045C,0,-0.06149908,0.16255222260951996,0.8517413139343262,0.44122061133384705
YLR209C,YJR130C,0,-0.061504193,0.1625213623046875,0.8517413139343262,0.44132065773010254
YDL142C,YDL022W,0,-0.061625473,0.16249050199985504,0.8517413139343262,0.44142070412635803
YLR447C,YDR492W,0,-0.061718144,0.16245967149734497,0.8517413139343262,0.4415207505226135
YDR296W,YDR364C,0,-0.061790816,0.1624288409948349,0.8517413139343262,0.441620796918869
YAL017W,YKR044W,0,-0.0619962,0.16239802539348602,0.8517413139343262,0.4417208731174469
YOR292C,YDR240C,0,-0.06205084,0.16236722469329834,0.8517413139343262,0.4418209195137024
YPR191W,YOL104C,0,-0.062198296,0.16233642399311066,0.8517413139343262,0.4419209659099579
YLR155C,YMR305C,1,-0.062242053,0.16249525547027588,0.8527362942695618,0.4419209659099579
YFL038C,YGR175C,0,-0.062292296,0.1624644547700882,0.8527362942695618,0.4420210123062134
YML080W,YFR052W,0,-0.062327556,0.1624336689710617,0.8527362942695618,0.44212105870246887
YNR074C,YJR051W,0,-0.062335134,0.16240288317203522,0.8527362942695618,0.44222110509872437
YGR095C,YLR264W,0,-0.062367357,0.16237211227416992,0.8527362942695618,0.44232115149497986
YDR411C,YLR107W,0,-0.06238904,0.16234135627746582,0.8527362942695618,0.44242119789123535
YJL225C,YKR069W,0,-0.06289614,0.16231060028076172,0.8527362942695618,0.44252127408981323
YGL026C,YGL169W,0,-0.0631015,0.16227987408638,0.8527362942695618,0.4426213204860687
YLL008W,YAR031W,0,-0.06311058,0.1622491478919983,0.8527362942695618,0.4427213668823242
YBR281C,YDL148C,0,-0.06343604,0.16221843659877777,0.8527362942695618,0.4428214132785797
YDR064W,YMR145C,0,-0.0636938,0.16218774020671844,0.8527362942695618,0.4429214596748352
YDR332W,YNL182C,0,-0.06372378,0.16215704381465912,0.8527362942695618,0.4430215060710907
YFL057C,YOL004W,0,-0.06393566,0.16212637722492218,0.8527362942695618,0.4431215524673462
YAL005C,YKL163W,1,-0.06397217,0.16228485107421875,0.8537313342094421,0.4431215524673462
YDR159W,YHR168W,0,-0.064062044,0.16225415468215942,0.8537313342094421,0.4432215988636017
YHR056C,YBR129C,0,-0.06409415,0.16222348809242249,0.8537313342094421,0.44332167506217957
YGL241W,YPL218W,0,-0.06411772,0.16219282150268555,0.8537313342094421,0.44342172145843506
YLR359W,YGL226C-A,0,-0.06441508,0.1621621549129486,0.8537313342094421,0.44352176785469055
YDL107W,YGL259W,0,-0.06453544,0.16213151812553406,0.8537313342094421,0.44362181425094604
YNL095C,YGR034W,0,-0.06456489,0.1621008813381195,0.8537313342094421,0.44372186064720154
YLR447C,YNR028W,0,-0.06481313,0.16207027435302734,0.8537313342094421,0.44382190704345703
YKL096W-A,YNL160W,1,-0.06483489,0.162228524684906,0.8547263741493225,0.44382190704345703
YGR070W,YIR005W,0,-0.065159865,0.16219788789749146,0.8547263741493225,0.4439219534397125
YNR067C,YBR067C,0,-0.06518253,0.1621672660112381,0.8547263741493225,0.444021999835968
YBL091C-A,YBR128C,0,-0.065201595,0.16213665902614594,0.8547263741493225,0.4441220462322235
YOR106W,YOR187W,0,-0.0653395,0.16210605204105377,0.8547263741493225,0.4442221224308014
YDR454C,YOR099W,0,-0.06549791,0.162075474858284,0.8547263741493225,0.4443221688270569
YOR176W,YDL198C,0,-0.06568418,0.16204489767551422,0.8547263741493225,0.4444222152233124
YDL171C,YJL082W,0,-0.06571061,0.16201433539390564,0.8547263741493225,0.44452226161956787
YIL079C,YHR135C,0,-0.0657753,0.16198378801345825,0.8547263741493225,0.44462230801582336
YGL122C,YAL029C,0,-0.065972805,0.16195324063301086,0.8547263741493225,0.44472235441207886
YNL290W,YFR052W,0,-0.06597415,0.16192270815372467,0.8547263741493225,0.44482240080833435
YPR001W,YKL003C,0,-0.06626905,0.16189219057559967,0.8547263741493225,0.44492244720458984
YLR141W,YOR298W,0,-0.06652228,0.16186168789863586,0.8547263741493225,0.4450225234031677
YOL145C,YDL140C,0,-0.067002356,0.16183120012283325,0.8547263741493225,0.4451225697994232
YEL056W,YER137C,0,-0.06708767,0.16180071234703064,0.8547263741493225,0.4452226161956787
YGR144W,YKR035W-A,0,-0.067110576,0.16177023947238922,0.8547263741493225,0.4453226625919342
YPL099C,YIR039C,0,-0.06714592,0.161739781498909,0.8547263741493225,0.4454227089881897
YGR199W,YIL047C,0,-0.06715577,0.16170933842658997,0.8547263741493225,0.4455227553844452
YBR230C,YLR386W,0,-0.0673658,0.16167889535427094,0.8547263741493225,0.4456228017807007
YOL124C,YDR497C,0,-0.067504965,0.1616484820842743,0.8547263741493225,0.4457228481769562
YGL010W,YBR141C,0,-0.067729175,0.16161806881427765,0.8547263741493225,0.44582292437553406
YER049W,YLR440C,0,-0.06775057,0.161587655544281,0.8547263741493225,0.44592297077178955
YJL005W,YER171W,0,-0.06802247,0.16155727207660675,0.8547263741493225,0.44602301716804504
YMR123W,YML028W,0,-0.068361215,0.1615268886089325,0.8547263741493225,0.44612306356430054
YBR172C,YML056C,0,-0.06841117,0.16149652004241943,0.8547263741493225,0.44622310996055603
YLR286C,YJR151C,1,-0.068420745,0.16165412962436676,0.8557214140892029,0.44622310996055603
YOR126C,YGR145W,0,-0.06866296,0.1616237610578537,0.8557214140892029,0.4463231563568115
YOR071C,YBR281C,0,-0.06911062,0.16159339249134064,0.8557214140892029,0.446423202753067
YKL117W,YDR211W,0,-0.069146566,0.16156302392482758,0.8557214140892029,0.4465232491493225
YMR186W,YGL241W,0,-0.06931722,0.1615326851606369,0.8557214140892029,0.4466233253479004
YKL022C,YBR243C,0,-0.06945844,0.16150234639644623,0.8557214140892029,0.4467233717441559
YNR074C,YCL032W,0,-0.06945851,0.16147202253341675,0.8557214140892029,0.4468234181404114
YIL083C,YNL182C,0,-0.06987498,0.16144171357154846,0.8557214140892029,0.44692346453666687
YDR512C,YMR033W,0,-0.07000593,0.16141140460968018,0.8557214140892029,0.44702351093292236
YLR009W,YIL035C,0,-0.070539266,0.16138112545013428,0.8557214140892029,0.44712355732917786
YDL142C,YBR072W,0,-0.070565596,0.16135084629058838,0.8557214140892029,0.44722360372543335
YNL223W,YJL155C,0,-0.07058807,0.16132058203220367,0.8557214140892029,0.44732365012168884
YNL223W,YEL030W,0,-0.070878655,0.16129031777381897,0.8557214140892029,0.4474237263202667
YDL206W,YDR059C,0,-0.07097367,0.16126008331775665,0.8557214140892029,0.4475237727165222
YJL155C,YBR192W,0,-0.07098919,0.16122984886169434,0.8557214140892029,0.4476238191127777
YPR196W,YFL038C,0,-0.07117005,0.1611996293067932,0.8557214140892029,0.4477238655090332
YOR301W,YNL175C,0,-0.071216114,0.1611694097518921,0.8557214140892029,0.4478239119052887
YOR145C,YNR028W,0,-0.071294196,0.16113921999931335,0.8557214140892029,0.4479239583015442
YMR182C,YGR264C,0,-0.07158048,0.16110903024673462,0.8557214140892029,0.4480240046977997
YDL021W,YDR062W,0,-0.07170198,0.16107885539531708,0.8557214140892029,0.4481240510940552
YER103W,YBR192W,0,-0.071764566,0.16104869544506073,0.8557214140892029,0.44822409749031067
YPL129W,YLR325C,0,-0.07178772,0.16101853549480438,0.8557214140892029,0.44832417368888855
YBL112C,YGR255C,0,-0.07179085,0.16098839044570923,0.8557214140892029,0.44842422008514404
YMR169C,YMR308C,0,-0.07196701,0.16095826029777527,0.8557214140892029,0.44852426648139954
YBL112C,YGR095C,0,-0.071969904,0.1609281450510025,0.8557214140892029,0.44862431287765503
YLL034C,YDR059C,0,-0.07197724,0.16089802980422974,0.8557214140892029,0.4487243592739105
YHR012W,YHR008C,0,-0.07199649,0.16086794435977936,0.8557214140892029,0.448824405670166
YBR081C,YNL006W,0,-0.07218591,0.16083785891532898,0.8557214140892029,0.4489244520664215
YLL003W,YHR175W,0,-0.07218621,0.1608077734708786,0.8557214140892029,0.449024498462677
YJR032W,YDR062W,0,-0.07226377,0.1607777178287506,0.8557214140892029,0.4491245746612549
YKL103C,YOL155C,0,-0.072333254,0.16074766218662262,0.8557214140892029,0.4492246210575104
YGR085C,YGL122C,0,-0.07261786,0.16071762144565582,0.8557214140892029,0.44932466745376587
YJL166W,YPR080W,0,-0.07264943,0.16068759560585022,0.8557214140892029,0.44942471385002136
YDR410C,YER052C,0,-0.0728176,0.16065756976604462,0.8557214140892029,0.44952476024627686
YOR310C,YNL052W,0,-0.07299221,0.1606275737285614,0.8557214140892029,0.44962480664253235
YLR037C,YHR057C,1,-0.07307418,0.16078431904315948,0.8567163944244385,0.44962480664253235
YLR447C,YGR252W,0,-0.07316975,0.16075429320335388,0.8567163944244385,0.44972485303878784
YLR219W,YPR163C,0,-0.07326928,0.16072428226470947,0.8567163944244385,0.44982489943504333
YDR405W,YKR101W,0,-0.073359534,0.16069428622722626,0.8567163944244385,0.4499249756336212
YGL050W,YOR393W,0,-0.07344448,0.16066430509090424,0.8567163944244385,0.4500250220298767
YKL171W,YDL198C,0,-0.07385535,0.16063432395458221,0.8567163944244385,0.4501250684261322
YJR004C,YML080W,0,-0.07386243,0.1606043577194214,0.8567163944244385,0.4502251148223877
YBR020W,YKR002W,0,-0.074040465,0.16057440638542175,0.8567163944244385,0.4503251612186432
YKL157W,YBR301W,1,-0.074133955,0.16073092818260193,0.8577114343643188,0.4503251612186432
YIL011W,YOR383C,1,-0.07435451,0.16088739037513733,0.8587064743041992,0.4503251612186432
YMR276W,YMR240C,0,-0.074506655,0.1608574092388153,0.8587064743041992,0.4504252076148987
YHR005C-A,YPR091C,0,-0.07452115,0.1608274281024933,0.8587064743041992,0.4505252540111542
YMR038C,YMR136W,0,-0.074666634,0.16079746186733246,0.8587064743041992,0.45062530040740967
YMR300C,YJL206C,0,-0.0746857,0.16076751053333282,0.8587064743041992,0.45072537660598755
YPR137W,YNL178W,0,-0.074792884,0.16073757410049438,0.8587064743041992,0.45082542300224304
YJL005W,YMR296C,0,-0.0752075,0.16070763766765594,0.8587064743041992,0.45092546939849854
YIL128W,YMR194W,0,-0.07536468,0.1606777161359787,0.8587064743041992,0.45102551579475403
YOR353C,YPR133W-A,0,-0.075662926,0.16064780950546265,0.8587064743041992,0.4511255621910095
YJL160C,YLR300W,1,-0.075831376,0.16080401837825775,0.8597015142440796,0.4511255621910095
YLR447C,YDR172W,0,-0.07617473,0.1607740968465805,0.8597015142440796,0.451225608587265
YGR081C,YNL232W,0,-0.07626978,0.16074419021606445,0.8597015142440796,0.4513256549835205
YOR304C-A,YBL085W,0,-0.076486416,0.1607142835855484,0.8597015142440796,0.451425701379776
YPL180W,YLL019C,0,-0.07661722,0.16068439185619354,0.8597015142440796,0.4515257775783539
YLR264W,YDR472W,0,-0.07663176,0.16065451502799988,0.8597015142440796,0.4516258239746094
YMR093W,YMR210W,0,-0.076773845,0.1606246531009674,0.8597015142440796,0.45172587037086487
YKL117W,YDL140C,0,-0.0768734,0.16059479117393494,0.8597015142440796,0.45182591676712036
YNL261W,YGR112W,0,-0.07692265,0.16056494414806366,0.8597015142440796,0.45192596316337585
YGR171C,YEL029C,0,-0.077010676,0.16053511202335358,0.8597015142440796,0.45202600955963135
YCL036W,YGL026C,0,-0.07738138,0.1605052947998047,0.8597015142440796,0.45212605595588684
YBR274W,YFL045C,0,-0.07740191,0.1604754775762558,0.8597015142440796,0.45222610235214233
YFR021W,YKL165C,0,-0.07744108,0.1604456752538681,0.8597015142440796,0.4523261487483978
YOL082W,YOR147W,0,-0.07763488,0.1604158878326416,0.8597015142440796,0.4524262249469757
YBL113C,YJL117W,0,-0.07764347,0.1603861153125763,0.8597015142440796,0.4525262713432312
YBL113C,YMR246W,0,-0.07768096,0.160356342792511,0.8597015142440796,0.4526263177394867
YPR196W,YDR304C,0,-0.07778751,0.16032658517360687,0.8597015142440796,0.4527263641357422
YBR002C,YLR380W,0,-0.07779753,0.16029684245586395,0.8597015142440796,0.4528264105319977
YLR183C,YGR112W,0,-0.077799775,0.16026711463928223,0.8597015142440796,0.4529264569282532
YOR084W,YPL064C,0,-0.07804368,0.1602373868227005,0.8597015142440796,0.45302650332450867
YBL005W-B,YGR105W,0,-0.07859848,0.16020767390727997,0.8597015142440796,0.45312654972076416
YKL170W,YDL133C-A,0,-0.07860641,0.16017797589302063,0.8597015142440796,0.45322662591934204
YDR233C,YBL113C,0,-0.07880981,0.16014829277992249,0.8597015142440796,0.45332667231559753
YGR095C,YLR151C,0,-0.07882294,0.16011860966682434,0.8597015142440796,0.453426718711853
YEL031W,YDR353W,0,-0.07936139,0.1600889414548874,0.8597015142440796,0.4535267651081085
YOR291W,YPR137W,0,-0.07954262,0.16005928814411163,0.8597015142440796,0.453626811504364
YDL036C,YBL076C,0,-0.07956796,0.16002963483333588,0.8597015142440796,0.4537268579006195
YBR275C,YMR267W,0,-0.07963055,0.1599999964237213,0.8597015142440796,0.453826904296875
YMR203W,YKL082C,0,-0.07963457,0.15997037291526794,0.8597015142440796,0.4539269506931305
YMR117C,YAL063C,0,-0.08023251,0.15994076430797577,0.8597015142440796,0.4540270268917084
YER125W,YMR308C,0,-0.0805974,0.1599111557006836,0.8597015142440796,0.45412707328796387
YNL232W,YIR005W,0,-0.08061306,0.1598815619945526,0.8597015142440796,0.45422711968421936
YPL134C,YDL035C,0,-0.08071105,0.15985198318958282,0.8597015142440796,0.45432716608047485
YBR020W,YDL074C,0,-0.08074848,0.15982241928577423,0.8597015142440796,0.45442721247673035
YDL107W,YER087W,0,-0.080816045,0.15979285538196564,0.8597015142440796,0.45452725887298584
YDL133C-A,YKL064W,0,-0.081046425,0.15976330637931824,0.8597015142440796,0.45462730526924133
YPR121W,YJL078C,1,-0.0812485,0.1599186509847641,0.8606964945793152,0.45462730526924133
YJR004C,YDR419W,0,-0.081434645,0.1598890870809555,0.8606964945793152,0.4547273516654968
YKL168C,YDL047W,0,-0.08143465,0.1598595380783081,0.8606964945793152,0.4548274278640747
YGR268C,YOL158C,0,-0.08155564,0.1598300039768219,0.8606964945793152,0.4549274742603302
YKL126W,YHR008C,0,-0.08172596,0.1598004847764969,0.8606964945793152,0.4550275206565857
YNL145W,YMR238W,1,-0.081808396,0.15995566546916962,0.8616915345191956,0.4550275206565857
YEL062W,YDR109C,0,-0.081880234,0.1599261313676834,0.8616915345191956,0.4551275670528412
YGL050W,YOR313C,0,-0.082035944,0.1598965972661972,0.8616915345191956,0.4552276134490967
YGR216C,YPR030W,0,-0.08226971,0.1598670780658722,0.8616915345191956,0.4553276598453522
YDL179W,YGL071W,0,-0.0823715,0.15983757376670837,0.8616915345191956,0.45542770624160767
YJL191W,YGR072W,0,-0.0825086,0.15980808436870575,0.8616915345191956,0.45552775263786316
YPL180W,YNR018W,0,-0.082514904,0.15977859497070312,0.8616915345191956,0.45562779903411865
YKR103W,YML097C,0,-0.08269356,0.1597491204738617,0.8616915345191956,0.45572787523269653
YKR057W,YLR024C,0,-0.082741894,0.15971966087818146,0.8616915345191956,0.455827921628952
YDL215C,YNL080C,0,-0.08275238,0.15969020128250122,0.8616915345191956,0.4559279680252075
YGR034W,YGL174W,0,-0.08294032,0.15966077148914337,0.8616915345191956,0.456028014421463
YJL071W,YNL078W,0,-0.0834403,0.15963134169578552,0.8616915345191956,0.4561280608177185
YCL024W,YFL017W-A,0,-0.083854355,0.15960191190242767,0.8616915345191956,0.456228107213974
YGR113W,YMR032W,0,-0.08395667,0.1595725119113922,0.8616915345191956,0.4563281536102295
YJR101W,YBL052C,0,-0.08401754,0.15954311192035675,0.8616915345191956,0.456428200006485
YJR092W,YOR085W,0,-0.08404247,0.15951372683048248,0.8616915345191956,0.45652827620506287
YLL051C,YPL244C,0,-0.08405218,0.15948434174060822,0.8616915345191956,0.45662832260131836
YLR029C,YJL124C,0,-0.08426561,0.15945498645305634,0.8616915345191956,0.45672836899757385
YPR189W,YNL032W,0,-0.08459792,0.15942563116550446,0.8616915345191956,0.45682841539382935
YHR143W,YPR121W,1,-0.084768996,0.15958033502101898,0.8626865744590759,0.45682841539382935
YKL164C,YMR008C,1,-0.08486539,0.15973500907421112,0.8636816143989563,0.45682841539382935
YBR182C,YEL030W,0,-0.08488939,0.15970560908317566,0.8636816143989563,0.45692846179008484
YEL052W,YFL014W,0,-0.08491758,0.15967623889446259,0.8636816143989563,0.45702850818634033
YNR074C,YDR518W,0,-0.08500682,0.1596468687057495,0.8636816143989563,0.4571285545825958
YLR380W,YDR476C,0,-0.08528903,0.15961751341819763,0.8636816143989563,0.4572286009788513
YHR209W,YHR039C-A,0,-0.08564799,0.15958815813064575,0.8636816143989563,0.4573286771774292
YIL094C,YIR005W,0,-0.085771315,0.15955881774425507,0.8636816143989563,0.4574287235736847
YGR020C,YNL304W,0,-0.0858094,0.15952949225902557,0.8636816143989563,0.4575287699699402
YPL252C,YOR025W,0,-0.0859937,0.15950018167495728,0.8636816143989563,0.4576288163661957
YGR052W,YLR291C,0,-0.08602935,0.15947088599205017,0.8636816143989563,0.45772886276245117
YER046W,YPR163C,0,-0.08622939,0.15944159030914307,0.8636816143989563,0.45782890915870667
YDL121C,YML132W,0,-0.08645416,0.15941230952739716,0.8636816143989563,0.45792895555496216
YML071C,YML099C,0,-0.086920395,0.15938302874565125,0.8636816143989563,0.45802900195121765
YGL062W,YGL122C,0,-0.08697251,0.15935377776622772,0.8636816143989563,0.45812907814979553
YJR133W,YJR103W,0,-0.08725165,0.1593245267868042,0.8636816143989563,0.458229124546051
YDL227C,YDR240C,0,-0.0872813,0.15929529070854187,0.8636816143989563,0.4583291709423065
YDR371W,YJR103W,0,-0.087360114,0.15926605463027954,0.8636816143989563,0.458429217338562
YDR059C,YML036W,0,-0.08742356,0.1592368334531784,0.8636816143989563,0.4585292637348175
YNL131W,YGR036C,0,-0.08746216,0.15920762717723846,0.8636816143989563,0.458629310131073
YAL016W,YBL091C-A,0,-0.08747213,0.15917843580245972,0.8636816143989563,0.4587293565273285
YGR285C,YDL021W,0,-0.087799594,0.15914924442768097,0.8636816143989563,0.458829402923584
YHR143W,YIL162W,1,-0.087835506,0.15930339694023132,0.8646765947341919,0.458829402923584
YJL144W,YLR050C,0,-0.08794398,0.15927419066429138,0.8646765947341919,0.45892947912216187
YIL142W,YER185W,0,-0.08804764,0.15924499928951263,0.8646765947341919,0.45902952551841736
YMR117C,YGL259W,0,-0.088183574,0.15921582281589508,0.8646765947341919,0.45912957191467285
YMR039C,YPR190C,0,-0.08867008,0.15918666124343872,0.8646765947341919,0.45922961831092834
YPL042C,YBL113C,0,-0.08867522,0.15915751457214355,0.8646765947341919,0.45932966470718384
YBR115C,YBR192W,0,-0.088875815,0.1591283679008484,0.8646765947341919,0.45942971110343933
YBR282W,YNL262W,0,-0.0889294,0.15909923613071442,0.8646765947341919,0.4595297574996948
YOL155C,YOL004W,0,-0.089169696,0.15907010436058044,0.8646765947341919,0.4596298038959503
YPL223C,YDR222W,0,-0.08934223,0.15904100239276886,0.8646765947341919,0.4597298502922058
YNL282W,YJL141C,0,-0.0895948,0.15901190042495728,0.8646765947341919,0.4598299264907837
YIL035C,YPR160W,0,-0.08965338,0.1589827984571457,0.8646765947341919,0.4599299728870392
YMR321C,YBR192W,0,-0.08987466,0.1589537262916565,0.8646765947341919,0.4600300192832947
YIL021W,YBR080C,0,-0.08993269,0.1589246541261673,0.8646765947341919,0.46013006567955017
YDL078C,YPL104W,0,-0.09018046,0.1588955968618393,0.8646765947341919,0.46023011207580566
YOR089C,YNR044W,0,-0.09021983,0.1588665395975113,0.8646765947341919,0.46033015847206116
YBR093C,YAR071W,1,-0.09048992,0.1590202897787094,0.8656716346740723,0.46033015847206116
YPR060C,YDL148C,0,-0.09068387,0.1589912325143814,0.8656716346740723,0.46043020486831665
YCR093W,YOL112W,0,-0.090837605,0.1589621752500534,0.8656716346740723,0.46053025126457214
YPL167C,YGR222W,0,-0.091387905,0.1589331328868866,0.8656716346740723,0.46063032746315
YKL210W,YNR060W,0,-0.09169491,0.15890410542488098,0.8656716346740723,0.4607303738594055
YGL068W,YCL043C,0,-0.09171929,0.15887509286403656,0.8656716346740723,0.460830420255661
YIL134W,YMR013C,0,-0.09208133,0.15884608030319214,0.8656716346740723,0.4609304666519165
YKL093W,YER046W,0,-0.09232334,0.1588170826435089,0.8656716346740723,0.461030513048172
YOR145C,YLR278C,0,-0.09248505,0.15878809988498688,0.8656716346740723,0.4611305594444275
YER130C,YNL290W,0,-0.09251258,0.15875911712646484,0.8656716346740723,0.461230605840683
YHR039C-A,YOR180C,0,-0.09258732,0.1587301641702652,0.8656716346740723,0.4613306522369385
YBR002C,YPR091C,0,-0.0926201,0.15870121121406555,0.8656716346740723,0.46143072843551636
YDR371W,YLR194C,1,-0.09292276,0.1588546484708786,0.8666666746139526,0.46143072843551636
YGL256W,YNL307C,0,-0.09302322,0.15882568061351776,0.8666666746139526,0.46153077483177185
YGL026C,YDR218C,0,-0.093038954,0.15879671275615692,0.8666666746139526,0.46163082122802734
YDR233C,YPL050C,0,-0.09310257,0.15876777470111847,0.8666666746139526,0.46173086762428284
YPR171W,YJL071W,0,-0.093302675,0.15873883664608002,0.8666666746139526,0.46183091402053833
YDR167W,YGL051W,0,-0.0933436,0.15870991349220276,0.8666666746139526,0.4619309604167938
YGL212W,YML080W,0,-0.09337822,0.1586810052394867,0.8666666746139526,0.4620310068130493
YMR241W,YGR169C,0,-0.09387014,0.15865209698677063,0.8666666746139526,0.4621310532093048
YKL009W,YDR332W,0,-0.09408517,0.15862320363521576,0.8666666746139526,0.4622311294078827
YDR414C,YDR373W,0,-0.094186135,0.15859432518482208,0.8666666746139526,0.4623311758041382
YCL057W,YDL128W,0,-0.09420565,0.1585654467344284,0.8666666746139526,0.4624312222003937
YMR172W,YMR180C,0,-0.09427344,0.15853658318519592,0.8666666746139526,0.46253126859664917
YPL082C,YGL060W,0,-0.09457574,0.15850773453712463,0.8666666746139526,0.46263131499290466
YER138C,YIL159W,0,-0.0945832,0.15847890079021454,0.8666666746139526,0.46273136138916016
YPL150W,YPL131W,0,-0.094602145,0.15845006704330444,0.8666666746139526,0.46283140778541565
YKL082C,YDR497C,0,-0.09462348,0.15842124819755554,0.8666666746139526,0.46293145418167114
YCR060W,YDL024C,0,-0.09465265,0.15839242935180664,0.8666666746139526,0.463031530380249
YPR001W,YOR162C,0,-0.0947081,0.15836364030838013,0.8666666746139526,0.4631315767765045
YDR067C,YPR083W,0,-0.09479994,0.1583348512649536,0.8666666746139526,0.46323162317276
YGL226C-A,YNL092W,0,-0.094987065,0.1583060771226883,0.8666666746139526,0.4633316695690155
YDR449C,YOR008C,0,-0.095073275,0.15827730298042297,0.8666666746139526,0.463431715965271
YJR119C,YOR222W,0,-0.09511584,0.15824854373931885,0.8666666746139526,0.4635317623615265
YJL060W,YMR186W,0,-0.09523583,0.15821979939937592,0.8666666746139526,0.463631808757782
YIL134W,YHR041C,0,-0.09526939,0.15819106996059418,0.8666666746139526,0.4637318551540375
YMR093W,YMR099C,0,-0.09550719,0.15816234052181244,0.8666666746139526,0.46383190155029297
YHR059W,YLR251W,0,-0.09551831,0.1581336259841919,0.8666666746139526,0.46393197774887085
YMR276W,YMR136W,0,-0.0955869,0.15810492634773254,0.8666666746139526,0.46403202414512634
YHR066W,YNL281W,0,-0.09582387,0.1580762267112732,0.8666666746139526,0.46413207054138184
YKL157W,YIL015W,1,-0.09590828,0.15822899341583252,0.867661714553833,0.46413207054138184
YGR036C,YPR127W,0,-0.09592115,0.15820029377937317,0.867661714553833,0.46423211693763733
YLR029C,YFL057C,0,-0.09595225,0.15817159414291382,0.867661714553833,0.4643321633338928
YDR364C,YCR026C,0,-0.09604559,0.15814290940761566,0.867661714553833,0.4644322097301483
YJL158C,YOR190W,1,-0.096089706,0.15829555690288544,0.8686566948890686,0.4644322097301483
YPR189W,YGL004C,0,-0.09613709,0.1582668572664261,0.8686566948890686,0.4645322561264038
YBR150C,YMR143W,0,-0.09615604,0.15823817253112793,0.8686566948890686,0.4646323025226593
YER162C,YMR246W,0,-0.09625318,0.15820950269699097,0.8686566948890686,0.4647323787212372
YNR006W,YHR174W,0,-0.09674764,0.158180832862854,0.8686566948890686,0.4648324251174927
YOL057W,YLR153C,0,-0.09689019,0.15815217792987823,0.8686566948890686,0.46493247151374817
YMR241W,YJL117W,0,-0.09696559,0.15812352299690247,0.8686566948890686,0.46503251791000366
YBR118W,YGR285C,0,-0.09726412,0.15809489786624908,0.8686566948890686,0.46513256430625916
YLR197W,YOR038C,0,-0.09727272,0.1580662727355957,0.8686566948890686,0.46523261070251465
YKL117W,YOR378W,0,-0.097577706,0.15803764760494232,0.8686566948890686,0.46533265709877014
YJR010W,YNL304W,0,-0.09780627,0.15800905227661133,0.8686566948890686,0.46543270349502563
YDL070W,YLR268W,0,-0.09788924,0.15798045694828033,0.8686566948890686,0.4655327796936035
YGR118W,YLR213C,0,-0.0980111,0.15795187652111053,0.8686566948890686,0.465632826089859
YOR301W,YGR143W,0,-0.09807995,0.15792329609394073,0.8686566948890686,0.4657328724861145
YLR395C,YAL017W,0,-0.098302595,0.15789473056793213,0.8686566948890686,0.46583291888237
YGL259W,YKL003C,0,-0.098316886,0.15786617994308472,0.8686566948890686,0.4659329652786255
YPR200C,YJR101W,0,-0.098319836,0.1578376442193985,0.8686566948890686,0.466033011674881
YBL079W,YNL078W,0,-0.098456636,0.15780910849571228,0.8686566948890686,0.4661330580711365
YBR183W,YMR117C,0,-0.098505914,0.15778058767318726,0.8686566948890686,0.46623310446739197
YER171W,YLL043W,0,-0.09877274,0.15775208175182343,0.8686566948890686,0.46633318066596985
YKL217W,YMR159C,0,-0.098786846,0.1577235758304596,0.8686566948890686,0.46643322706222534
YOL093W,YBL098W,0,-0.098950826,0.15769508481025696,0.8686566948890686,0.46653327345848083
YOR283W,YPR152C,0,-0.09902399,0.15766660869121552,0.8686566948890686,0.46663331985473633
YDR026C,YLR197W,0,-0.09928767,0.15763813257217407,0.8686566948890686,0.4667333662509918
YOR279C,YOR230W,0,-0.09932942,0.15760967135429382,0.8686566948890686,0.4668334126472473
YNL160W,YGL089C,1,-0.099570625,0.15776173770427704,0.869651734828949,0.4668334126472473
YPR191W,YNR004W,0,-0.09977608,0.1577332615852356,0.869651734828949,0.4669334590435028
YBR120C,YLR291C,0,-0.10010624,0.15770480036735535,0.869651734828949,0.4670335054397583
YPR167C,YLR145W,0,-0.10045836,0.1576763540506363,0.869651734828949,0.4671335816383362
YOR304C-A,YDR131C,0,-0.10047471,0.15764790773391724,0.869651734828949,0.4672336280345917
YMR019W,YHR057C,0,-0.10072367,0.15761947631835938,0.869651734828949,0.46733367443084717
YGL094C,YGR034W,0,-0.10081766,0.1575910598039627,0.869651734828949,0.46743372082710266
YPR026W,YGR085C,0,-0.10086606,0.15756264328956604,0.869651734828949,0.46753376722335815
YPR182W,YFL038C,0,-0.10086726,0.15753424167633057,0.869651734828949,0.46763381361961365
YER103W,YPL180W,0,-0.100903355,0.1575058549642563,0.869651734828949,0.46773386001586914
YIL159W,YOR230W,0,-0.10104276,0.1574774831533432,0.869651734828949,0.46783390641212463
YFL014W,YNL138W,0,-0.10128102,0.15744911134243011,0.869651734828949,0.4679339528083801
YPR026W,YOL102C,0,-0.101778634,0.15742075443267822,0.869651734828949,0.468034029006958
YML028W,YNL259C,0,-0.1018437,0.15739239752292633,0.869651734828949,0.4681340754032135
YHR135C,YJL006C,0,-0.10210503,0.15736405551433563,0.869651734828949,0.468234121799469
YOR304W,YLR042C,0,-0.10256476,0.15733572840690613,0.869651734828949,0.4683341681957245
YHR029C,YOL102C,0,-0.10257673,0.15730741620063782,0.869651734828949,0.46843421459198
YOR209C,YEL070W,0,-0.10267699,0.1572791039943695,0.869651734828949,0.4685342609882355
YMR169C,YHR066W,0,-0.10279863,0.1572508066892624,0.869651734828949,0.46863430738449097
YPR171W,YPL273W,0,-0.10281202,0.15722252428531647,0.869651734828949,0.46873435378074646
YOL057W,YKL096W-A,0,-0.10290184,0.15719424188137054,0.869651734828949,0.46883442997932434
YGR145W,YNL282W,0,-0.103094555,0.15716597437858582,0.869651734828949,0.46893447637557983
YOL155C,YLR219W,0,-0.103127666,0.15713772177696228,0.869651734828949,0.4690345227718353
YIL020C,YDL128W,0,-0.103153095,0.15710946917533875,0.869651734828949,0.4691345691680908
YHR061C,YOL026C,0,-0.10327406,0.1570812314748764,0.869651734828949,0.4692346155643463
YBR002C,YNL182C,0,-0.1035436,0.15705300867557526,0.869651734828949,0.4693346619606018
YLL041C,YNL290W,0,-0.10359698,0.1570248007774353,0.869651734828949,0.4694347083568573
YMR117C,YKL022C,0,-0.10368704,0.15699659287929535,0.869651734828949,0.4695347547531128
YDL061C,YCR026C,0,-0.10400141,0.1569683849811554,0.869651734828949,0.4696348309516907
YOR382W,YOL011W,1,-0.104042,0.1571197658777237,0.8706467747688293,0.4696348309516907
YLR289W,YKL038W,0,-0.10413611,0.15709155797958374,0.8706467747688293,0.46973487734794617
YOR378W,YPL065W,0,-0.10421525,0.15706336498260498,0.8706467747688293,0.46983492374420166
YNR067C,YMR065W,0,-0.104284145,0.15703517198562622,0.8706467747688293,0.46993497014045715
YJR006W,YDL024C,0,-0.10450159,0.15700699388980865,0.8706467747688293,0.47003501653671265
YEL043W,YBL052C,0,-0.104682416,0.15697883069515228,0.8706467747688293,0.47013506293296814
YBL112C,YKL189W,0,-0.10470987,0.1569506675004959,0.8706467747688293,0.47023510932922363
YDR371W,YFL021W,0,-0.10517616,0.15692251920700073,0.8706467747688293,0.4703351557254791
YKR035W-A,YPL065W,0,-0.10525142,0.15689438581466675,0.8706467747688293,0.470435231924057
YMR123W,YMR136W,0,-0.10541986,0.15686626732349396,0.8706467747688293,0.4705352783203125
YER151C,YNL238W,0,-0.10561515,0.15683814883232117,0.8706467747688293,0.470635324716568
YGL203C,YMR159C,0,-0.10571349,0.15681003034114838,0.8706467747688293,0.4707353711128235
YFR018C,YLR429W,0,-0.105980925,0.15678194165229797,0.8706467747688293,0.470835417509079
YDR457W,YIL076W,0,-0.10611674,0.15675385296344757,0.8706467747688293,0.4709354639053345
YJR147W,YGL174W,0,-0.1064537,0.15672577917575836,0.8706467747688293,0.47103551030158997
YOR038C,YLR270W,0,-0.10645583,0.15669770538806915,0.8706467747688293,0.47113555669784546
YNL080C,YOR285W,0,-0.10705271,0.15666964650154114,0.8706467747688293,0.47123560309410095
YOL045W,YPR138C,0,-0.107392624,0.15664160251617432,0.8706467747688293,0.47133567929267883
YOL045W,YPL223C,0,-0.10742049,0.1566135734319687,0.8706467747688293,0.4714357256889343
YOR310C,YNL302C,0,-0.10747967,0.15658554434776306,0.8706467747688293,0.4715357720851898
YDL140C,YAL040C,0,-0.10759819,0.15655753016471863,0.8706467747688293,0.4716358184814453
YKR071C,YLR452C,0,-0.10772158,0.1565295159816742,0.8706467747688293,0.4717358648777008
YAL016W,YJR026W,0,-0.107820444,0.15650151669979095,0.8706467747688293,0.4718359112739563
YLR305C,YMR267W,0,-0.10796734,0.1564735323190689,0.8706467747688293,0.4719359576702118
YOL112W,YPL050C,0,-0.10806402,0.15644556283950806,0.8706467747688293,0.4720360040664673
YJL030W,YPL163C,0,-0.10809254,0.1564175933599472,0.8706467747688293,0.47213608026504517
YDL216C,YPL096W,0,-0.10838674,0.15638963878154755,0.8706467747688293,0.47223612666130066
YEL052W,YPL042C,0,-0.10860287,0.1563616842031479,0.8706467747688293,0.47233617305755615
YAL016W,YCR046C,0,-0.109033056,0.15633374452590942,0.8706467747688293,0.47243621945381165
YPR189W,YOR126C,0,-0.10910031,0.15630581974983215,0.8706467747688293,0.47253626585006714
YGL122C,YMR200W,0,-0.109342255,0.15627790987491608,0.8706467747688293,0.47263631224632263
YGR034W,YCR012W,0,-0.10939618,0.15625,0.8706467747688293,0.4727363586425781
YHR061C,YLR028C,0,-0.10945235,0.15622210502624512,0.8706467747688293,0.4728364050388336
YOL090W,YLR268W,0,-0.10949334,0.15619421005249023,0.8706467747688293,0.4729364812374115
YJL066C,YOR038C,0,-0.10952411,0.15616634488105774,0.8706467747688293,0.473036527633667
YJL155C,YPR060C,0,-0.109709464,0.15613847970962524,0.8706467747688293,0.4731365740299225
YMR172W,YGR185C,0,-0.10974437,0.15611061453819275,0.8706467747688293,0.473236620426178
YLL041C,YJR063W,0,-0.10982261,0.15608276426792145,0.8706467747688293,0.47333666682243347
YPL223C,YGL203C,0,-0.10984797,0.15605492889881134,0.8706467747688293,0.47343671321868896
YEL022W,YMR172W,0,-0.10998807,0.15602710843086243,0.8706467747688293,0.47353675961494446
YHR214C-B,YGR199W,0,-0.110015035,0.1559992879629135,0.8706467747688293,0.47363680601119995
YKL046C,YGR279C,1,-0.1100207,0.1561497300863266,0.8716418147087097,0.47363680601119995
YDR218C,YMR308C,0,-0.11006769,0.15612190961837769,0.8716418147087097,0.47373688220977783
YBL058W,YPL147W,0,-0.110087305,0.15609408915042877,0.8716418147087097,0.4738369286060333
YKR056W,YNL239W,0,-0.110359974,0.15606626868247986,0.8716418147087097,0.4739369750022888
YOL151W,YPR160W,0,-0.11069902,0.15603847801685333,0.8716418147087097,0.4740370213985443
YPL252C,YJL171C,0,-0.11091443,0.1560106873512268,0.8716418147087097,0.4741370677947998
YPR083W,YDR508C,0,-0.11127118,0.15598291158676147,0.8716418147087097,0.4742371141910553
YLR291C,YDL216C,0,-0.11169831,0.15595513582229614,0.8716418147087097,0.4743371605873108
YOR243C,YNL267W,0,-0.111753546,0.155927374958992,0.8716418147087097,0.4744372069835663
YNL145W,YJL159W,1,-0.111762986,0.15607759356498718,0.8726367950439453,0.4744372069835663
YOR219C,YFR036W,0,-0.111958,0.15604981780052185,0.8726367950439453,0.47453728318214417
YOL136C,YFR019W,0,-0.112253375,0.1560220569372177,0.8726367950439453,0.47463732957839966
YDL070W,YDL077C,0,-0.11244012,0.15599431097507477,0.8726367950439453,0.47473737597465515
YKL190W,YIL139C,0,-0.112723194,0.15596656501293182,0.8726367950439453,0.47483742237091064
YEL053C,YMR179W,0,-0.112762816,0.15593883395195007,0.8726367950439453,0.47493746876716614
YDR530C,YHR175W,0,-0.11281512,0.15591111779212952,0.8726367950439453,0.47503751516342163
YDR173C,YPR138C,0,-0.112831816,0.15588340163230896,0.8726367950439453,0.4751375615596771
YCL014W,YML109W,0,-0.11311574,0.1558557003736496,0.8726367950439453,0.4752376079559326
YDR512C,YGR268C,0,-0.11312044,0.15582799911499023,0.8726367950439453,0.4753376543521881
YHR030C,YNL121C,0,-0.11340919,0.15580031275749207,0.8726367950439453,0.475437730550766
YHR061C,YJL130C,0,-0.113531426,0.1557726413011551,0.8726367950439453,0.4755377769470215
YDR026C,YDL024C,0,-0.11372426,0.1557449847459793,0.8726367950439453,0.475637823343277
YIL079C,YOR226C,0,-0.11391887,0.15571732819080353,0.8726367950439453,0.47573786973953247
YGL180W,YLR028C,0,-0.11392259,0.15568968653678894,0.8726367950439453,0.47583791613578796
YMR097C,YMR114C,0,-0.11407517,0.15566204488277435,0.8726367950439453,0.47593796253204346
YGR113W,YJR026W,0,-0.11411034,0.15563443303108215,0.8726367950439453,0.47603800892829895
YMR182C,YGR085C,0,-0.11424678,0.15560680627822876,0.8726367950439453,0.47613805532455444
YLL004W,YLL033W,0,-0.11435723,0.15557920932769775,0.8726367950439453,0.4762381315231323
YNL271C,YGL244W,0,-0.11454454,0.15555161237716675,0.8726367950439453,0.4763381779193878
YMR246W,YLR088W,0,-0.11466269,0.15552403032779694,0.8726367950439453,0.4764382243156433
YMR169C,YPL244C,0,-0.114757724,0.15549644827842712,0.8726367950439453,0.4765382707118988
YOR147W,YDL021W,0,-0.11489608,0.1554688811302185,0.8726367950439453,0.4766383171081543
YLR005W,YLR160C,0,-0.11520204,0.15544132888317108,0.8726367950439453,0.4767383635044098
YMR049C,YDR410C,0,-0.11542911,0.15541379153728485,0.8726367950439453,0.4768384099006653
YDL029W,YDR229W,0,-0.11572615,0.15538625419139862,0.8726367950439453,0.4769384562969208
YNL008C,YAL039C,0,-0.116035976,0.15535873174667358,0.8726367950439453,0.47703853249549866
YOR187W,YKL094W,0,-0.11613047,0.15533120930194855,0.8726367950439453,0.47713857889175415
YGR056W,YNL238W,0,-0.11615952,0.1553037017583847,0.8726367950439453,0.47723862528800964
YLR107W,YJL079C,0,-0.11632063,0.15527620911598206,0.8726367950439453,0.47733867168426514
YDR451C,YML128C,0,-0.11633779,0.1552487164735794,0.8726367950439453,0.47743871808052063
YOR274W,YIR018W,0,-0.11678558,0.15522123873233795,0.8726367950439453,0.4775387644767761
YBR066C,YLR285W,0,-0.11693807,0.1551937758922577,0.8726367950439453,0.4776388108730316
YFR045W,YGL226C-A,0,-0.11708846,0.15516631305217743,0.8726367950439453,0.4777388572692871
YHR002W,YEL062W,0,-0.117140114,0.15513886511325836,0.8726367950439453,0.477838933467865
YJR149W,YOR285W,0,-0.11721003,0.1551114320755005,0.8726367950439453,0.4779389798641205
YNR015W,YOR020C,0,-0.11732546,0.15508399903774261,0.8726367950439453,0.478039026260376
YOR324C,YDL035C,0,-0.11771711,0.15505658090114594,0.8726367950439453,0.47813907265663147
YGR246C,YIL048W,0,-0.11807934,0.15502916276454926,0.8726367950439453,0.47823911905288696
YIL076W,YLR026C,0,-0.11818003,0.15500177443027496,0.8726367950439453,0.47833916544914246
YER017C,YFR019W,0,-0.11825133,0.15497437119483948,0.8726367950439453,0.47843921184539795
YGL186C,YDL245C,0,-0.11826,0.15494699776172638,0.8726367950439453,0.47853925824165344
YKL067W,YPL167C,0,-0.11847926,0.15491962432861328,0.8726367950439453,0.4786393344402313
YPL094C,YGL148W,0,-0.11858917,0.15489226579666138,0.8726367950439453,0.4787393808364868
YER008C,YNL175C,0,-0.11881407,0.15486490726470947,0.8726367950439453,0.4788394272327423
YBR183W,YMR114C,0,-0.11887127,0.15483756363391876,0.8726367950439453,0.4789394736289978
YOR145C,YJR036C,0,-0.119119056,0.15481023490428925,0.8726367950439453,0.4790395200252533
YMR115W,YLR050C,0,-0.11915153,0.15478292107582092,0.8726367950439453,0.4791395664215088
YJR040W,YLL061W,0,-0.119223185,0.1547556072473526,0.8726367950439453,0.4792396128177643
YDL061C,YBR128C,0,-0.11924146,0.15472829341888428,0.8726367950439453,0.4793396592140198
YOR194C,YOR098C,0,-0.119288094,0.15470100939273834,0.8726367950439453,0.47943970561027527
YJR004C,YOR382W,1,-0.11951237,0.1548500955104828,0.8736318349838257,0.47943970561027527
YJL030W,YDR072C,0,-0.119599484,0.15482278168201447,0.8736318349838257,0.47953978180885315
YDR082W,YKL082C,0,-0.11979733,0.15479548275470734,0.8736318349838257,0.47963982820510864
YJL029C,YMR179W,0,-0.119846225,0.1547681987285614,0.8736318349838257,0.47973987460136414
YEL031W,YDR059C,0,-0.11992155,0.15474092960357666,0.8736318349838257,0.47983992099761963
YPR011C,YER150W,0,-0.11995045,0.15471366047859192,0.8736318349838257,0.4799399673938751
YDR371W,YPR113W,0,-0.120049976,0.15468640625476837,0.8736318349838257,0.4800400137901306
YDL078C,YGL169W,0,-0.12011347,0.15465915203094482,0.8736318349838257,0.4801400601863861
YOL129W,YHR005C-A,0,-0.12011649,0.15463191270828247,0.8736318349838257,0.4802401065826416
YMR112C,YEL030W,0,-0.12011991,0.1546046882867813,0.8736318349838257,0.4803401827812195
YOL112W,YLR208W,0,-0.120192245,0.15457746386528015,0.8736318349838257,0.480440229177475
YBL112C,YNL110C,0,-0.120427966,0.15455025434494019,0.8736318349838257,0.48054027557373047
YNR031C,YOR349W,0,-0.12045695,0.1545230597257614,0.8736318349838257,0.48064032196998596
YMR173W,YCL057W,0,-0.120463915,0.15449586510658264,0.8736318349838257,0.48074036836624146
YOL129W,YOL155C,0,-0.120536126,0.15446868538856506,0.8736318349838257,0.48084041476249695
YMR238W,YLL033W,0,-0.12062189,0.15444150567054749,0.8736318349838257,0.48094046115875244
YJR119C,YDL054C,0,-0.121072,0.1544143557548523,0.8736318349838257,0.48104050755500793
YLR344W,YPR159W,0,-0.12141204,0.1543872058391571,0.8736318349838257,0.4811405837535858
YBR183W,YDR026C,0,-0.12155975,0.15436005592346191,0.8736318349838257,0.4812406301498413
YMR194W,YDR226W,0,-0.121859916,0.15433292090892792,0.8736318349838257,0.4813406765460968
YAL031C,YIL133C,0,-0.12196889,0.15430580079555511,0.8736318349838257,0.4814407229423523
YFR031C,YMR025W,0,-0.12199599,0.1542786806821823,0.8736318349838257,0.4815407693386078
YDL070W,YER002W,0,-0.122080214,0.1542515754699707,0.8736318349838257,0.4816408157348633
YGR020C,YDR151C,0,-0.12250154,0.1542244851589203,0.8736318349838257,0.4817408621311188
YPL213W,YIL061C,0,-0.122584425,0.15419739484786987,0.8736318349838257,0.48184090852737427
YDL170W,YDR260C,0,-0.122708835,0.15417031943798065,0.8736318349838257,0.48194098472595215
YLR107W,YFL054C,0,-0.12284628,0.15414325892925262,0.8736318349838257,0.48204103112220764
YMR238W,YMR008C,1,-0.12294649,0.15429173409938812,0.874626874923706,0.48204103112220764
YGL236C,YGL256W,0,-0.12305713,0.1542646586894989,0.874626874923706,0.48214107751846313
YDR064W,YLR153C,0,-0.123096526,0.15423758327960968,0.874626874923706,0.48224112391471863
YPR189W,YML052W,0,-0.123108335,0.15421052277088165,0.874626874923706,0.4823411703109741
YDL215C,YPL223C,0,-0.12311999,0.15418347716331482,0.874626874923706,0.4824412167072296
YDR453C,YGR271W,0,-0.12312017,0.15415643155574799,0.874626874923706,0.4825412631034851
YLR130C,YHR039C-A,0,-0.123417206,0.15412940084934235,0.874626874923706,0.4826413094997406
YOL052C,YDR449C,0,-0.12376171,0.1541023850440979,0.874626874923706,0.4827413558959961
YGL083W,YCR014C,0,-0.12413148,0.15407536923885345,0.874626874923706,0.482841432094574
YBL089W,YER190W,0,-0.124190904,0.1540483683347702,0.874626874923706,0.48294147849082947
YML006C,YIL083C,0,-0.12435115,0.15402138233184814,0.874626874923706,0.48304152488708496
YLL017W,YGR118W,0,-0.12454301,0.1539943963289261,0.874626874923706,0.48314157128334045
YAL016W,YPL098C,0,-0.12454631,0.15396742522716522,0.874626874923706,0.48324161767959595
YHR069C,YGR020C,0,-0.12474946,0.15394045412540436,0.874626874923706,0.48334166407585144
YFR045W,YDR072C,0,-0.12484854,0.1539134979248047,0.874626874923706,0.48344171047210693
YDR530C,YNL078W,0,-0.12499658,0.1538865566253662,0.874626874923706,0.4835417568683624
YKR056W,YDL035C,0,-0.12509373,0.15385961532592773,0.874626874923706,0.4836418330669403
YLL045C,YIR039C,0,-0.1251859,0.15383268892765045,0.874626874923706,0.4837418794631958
YKL144C,YML056C,0,-0.1253174,0.15380577743053436,0.874626874923706,0.4838419258594513
YLR244C,YOL158C,0,-0.12543303,0.15377886593341827,0.874626874923706,0.4839419722557068
YER098W,YER090W,0,-0.12555942,0.15375196933746338,0.874626874923706,0.4840420186519623
YGL212W,YIR005W,0,-0.12560964,0.15372507274150848,0.874626874923706,0.4841420650482178
YLR157C,YKL157W,1,-0.1257183,0.15387305617332458,0.8756219148635864,0.4841420650482178
YCL018W,YGL256W,0,-0.12578139,0.1538461595773697,0.8756219148635864,0.48424211144447327
YKL015W,YBR141C,0,-0.1259501,0.1538192629814148,0.8756219148635864,0.48434215784072876
YMR284W,YOR313C,0,-0.12595382,0.1537923812866211,0.8756219148635864,0.48444223403930664
YKR020W,YGL259W,0,-0.12596706,0.1537655144929886,0.8756219148635864,0.48454228043556213
YJL087C,YLR244C,0,-0.12601653,0.15373864769935608,0.8756219148635864,0.4846423268318176
YIR025W,YIR032C,0,-0.12607314,0.15371179580688477,0.8756219148635864,0.4847423732280731
YCR014C,YPR002W,0,-0.12608182,0.15368494391441345,0.8756219148635864,0.4848424196243286
YGR167W,YGR143W,0,-0.12676367,0.15365810692310333,0.8756219148635864,0.4849424660205841
YJL085W,YAR031W,0,-0.12699106,0.1536312848329544,0.8756219148635864,0.4850425124168396
YOL142W,YPL276W,0,-0.12710454,0.15360446274280548,0.8756219148635864,0.4851425588130951
YLR447C,YOL107W,0,-0.12711519,0.15357765555381775,0.8756219148635864,0.485242635011673
YEL036C,YJL178C,0,-0.12717414,0.1535508632659912,0.8756219148635864,0.48534268140792847
YPL213W,YGR252W,0,-0.1271792,0.15352407097816467,0.8756219148635864,0.48544272780418396
YDR472W,YLR350W,0,-0.12727138,0.15349729359149933,0.8756219148635864,0.48554277420043945
YBR247C,YCL024W,0,-0.12728623,0.15347053110599518,0.8756219148635864,0.48564282059669495
YBR261C,YMR032W,0,-0.12740958,0.15344376862049103,0.8756219148635864,0.48574286699295044
YOR298W,YDR497C,0,-0.12749612,0.15341702103614807,0.8756219148635864,0.48584291338920593
YPL110C,YNR044W,0,-0.127642,0.15339027345180511,0.8756219148635864,0.4859429597854614
YLR113W,YMR034C,0,-0.12781745,0.15336354076862335,0.8756219148635864,0.4860430359840393
YAL063C,YDR332W,0,-0.12829483,0.15333682298660278,0.8756219148635864,0.4861430823802948
YIL080W,YDR498C,0,-0.12852329,0.15331010520458221,0.8756219148635864,0.4862431287765503
YCR011C,YOL111C,0,-0.12854114,0.15328340232372284,0.8756219148635864,0.4863431751728058
YJR150C,YAL005C,1,-0.12872817,0.15343086421489716,0.876616895198822,0.4863431751728058
YER145C,YMR308C,0,-0.12876666,0.1534041464328766,0.876616895198822,0.4864432215690613
YLL043W,YLR251W,0,-0.1288612,0.1533774435520172,0.876616895198822,0.4865432679653168
YDR296W,YOR180C,0,-0.12897888,0.15335074067115784,0.876616895198822,0.48664331436157227
YLR105C,YEL056W,0,-0.12910524,0.15332405269145966,0.876616895198822,0.48674336075782776
YFL057C,YMR250W,0,-0.12935401,0.15329737961292267,0.876616895198822,0.48684340715408325
YJR119C,YDR170C,0,-0.12954581,0.15327070653438568,0.876616895198822,0.48694348335266113
YFR031C,YLR024C,0,-0.12954786,0.1532440483570099,0.876616895198822,0.4870435297489166
YGL226C-A,YHR085W,0,-0.1298838,0.1532173901796341,0.876616895198822,0.4871435761451721
YIL021W,YOR355W,0,-0.12992744,0.1531907469034195,0.876616895198822,0.4872436225414276
YDR518W,YOR349W,0,-0.12997532,0.1531641185283661,0.876616895198822,0.4873436689376831
YLR401C,YDL024C,0,-0.13017446,0.15313749015331268,0.876616895198822,0.4874437153339386
YOR247W,YNL322C,1,-0.13019589,0.15328466892242432,0.8776119351387024,0.4874437153339386
YML030W,YEL056W,0,-0.13040262,0.1532580405473709,0.8776119351387024,0.4875437617301941
YBL026W,YPR127W,0,-0.13042381,0.1532314121723175,0.8776119351387024,0.4876438081264496
YKL041W,YDL061C,0,-0.13043353,0.1532047986984253,0.8776119351387024,0.48774388432502747
YDR076W,YOR299W,0,-0.13076812,0.15317818522453308,0.8776119351387024,0.48784393072128296
YGL244W,YDR245W,0,-0.1307959,0.15315158665180206,0.8776119351387024,0.48794397711753845
YDR285W,YPL110C,0,-0.1310581,0.15312500298023224,0.8776119351387024,0.48804402351379395
YMR173W,YBL092W,0,-0.1312244,0.15309841930866241,0.8776119351387024,0.48814406991004944
YGR084C,YMR308C,0,-0.13136083,0.15307185053825378,0.8776119351387024,0.48824411630630493
YLR160C,YKL095W,0,-0.13138029,0.15304528176784515,0.8776119351387024,0.4883441627025604
YJL066C,YOR338W,0,-0.13139307,0.1530187427997589,0.8776119351387024,0.4884442090988159
YLL051C,YHR058C,0,-0.13147715,0.15299218893051147,0.8776119351387024,0.4885442852973938
YLL034C,YIL133C,0,-0.13175145,0.15296566486358643,0.8776119351387024,0.4886443316936493
YOR159C,YNL274C,0,-0.13199058,0.15293914079666138,0.8776119351387024,0.4887443780899048
YER168C,YKL022C,0,-0.1329391,0.15291261672973633,0.8776119351387024,0.4888444244861603
YDR240C,YAL031C,0,-0.13305846,0.15288612246513367,0.8776119351387024,0.48894447088241577
YBR196C,YLL043W,0,-0.1331528,0.1528596132993698,0.8776119351387024,0.48904451727867126
YNL160W,YOR389W,1,-0.1339685,0.1530064046382904,0.8786069750785828,0.48904451727867126
YNL302C,YML132W,0,-0.13400114,0.15297991037368774,0.8786069750785828,0.48914456367492676
YBL098W,YBR141C,0,-0.13406742,0.1529534012079239,0.8786069750785828,0.48924461007118225
YLL003W,YER117W,0,-0.13432354,0.15292690694332123,0.8786069750785828,0.48934468626976013
YGR238C,YEL041W,0,-0.13436314,0.15290042757987976,0.8786069750785828,0.4894447326660156
YNL010W,YJL071W,0,-0.13486212,0.1528739631175995,0.8786069750785828,0.4895447790622711
YKL126W,YDR508C,0,-0.1349065,0.1528474986553192,0.8786069750785828,0.4896448254585266
YNL027W,YNL219C,0,-0.13503918,0.15282104909420013,0.8786069750785828,0.4897448718547821
YNL322C,YLR300W,1,-0.13519472,0.1529676467180252,0.8796020150184631,0.4897448718547821
YOR292C,YJL192C,0,-0.13529234,0.15294118225574493,0.8796020150184631,0.4898449182510376
YLR047C,YJR040W,0,-0.13548265,0.15291471779346466,0.8796020150184631,0.4899449646472931
YDL061C,YLR425W,0,-0.13558434,0.15288826823234558,0.8796020150184631,0.4900450110435486
YLR314C,YJL214W,0,-0.13576858,0.1528618335723877,0.8796020150184631,0.49014508724212646
YOR176W,YDR497C,0,-0.13587087,0.152835413813591,0.8796020150184631,0.49024513363838196
YGR279C,YKR102W,1,-0.13656223,0.15298184752464294,0.8805969953536987,0.49024513363838196
YPL131W,YGR271W,0,-0.13664788,0.15295541286468506,0.8805969953536987,0.49034518003463745
YLR029C,YOL040C,0,-0.13666065,0.15292897820472717,0.8805969953536987,0.49044522643089294
YKL022C,YKR069W,0,-0.13673401,0.15290255844593048,0.8805969953536987,0.49054527282714844
YGL068W,YOR180C,0,-0.13679945,0.1528761386871338,0.8805969953536987,0.49064531922340393
YKL046C,YOR190W,1,-0.1368373,0.15302245318889618,0.8815920352935791,0.49064531922340393
YBR182C,YGR276C,0,-0.13697186,0.1529960334300995,0.8815920352935791,0.4907453656196594
YBR093C,YBR162C,1,-0.13700375,0.15314225852489471,0.8825870752334595,0.4907453656196594
YLR389C,YOR340C,0,-0.13727984,0.15311582386493683,0.8825870752334595,0.4908454120159149
YOL043C,YOR230W,0,-0.13731,0.15308940410614014,0.8825870752334595,0.4909454584121704
YMR173W,YDL216C,0,-0.13736095,0.15306298434734344,0.8825870752334595,0.4910455346107483
YPR182W,YDR392W,0,-0.13739136,0.15303657948970795,0.8825870752334595,0.4911455810070038
YPL131W,YPL273W,0,-0.13781846,0.15301017463207245,0.8825870752334595,0.4912456274032593
YKL166C,YOR008C,0,-0.13797334,0.15298378467559814,0.8825870752334595,0.49134567379951477
YLR130C,YPL011C,0,-0.13805276,0.15295740962028503,0.8825870752334595,0.49144572019577026
YGR077C,YER104W,0,-0.13820133,0.15293103456497192,0.8825870752334595,0.49154576659202576
YLR404W,YIL006W,0,-0.1382305,0.15290467441082,0.8825870752334595,0.49164581298828125
YFR018C,YPL027W,0,-0.13848165,0.1528783142566681,0.8825870752334595,0.49174585938453674
YJL030W,YOR226C,0,-0.13858557,0.15285196900367737,0.8825870752334595,0.4918459355831146
YOR304W,YOR378W,0,-0.13863957,0.15282563865184784,0.8825870752334595,0.4919459819793701
YKR054C,YCR052W,0,-0.13869889,0.1527993083000183,0.8825870752334595,0.4920460283756256
YAL016W,YOR209C,0,-0.13887641,0.15277299284934998,0.8825870752334595,0.4921460747718811
YOR283W,YGR285C,0,-0.13904831,0.15274669229984283,0.8825870752334595,0.4922461211681366
YJR004C,YDL197C,0,-0.13926998,0.1527203917503357,0.8825870752334595,0.4923461675643921
YHR179W,YNL027W,0,-0.13930216,0.15269409120082855,0.8825870752334595,0.4924462139606476
YBR115C,YLR163C,0,-0.13969761,0.1526678204536438,0.8825870752334595,0.4925462603569031
YMR300C,YMR239C,0,-0.13982958,0.15264153480529785,0.8825870752334595,0.49264633655548096
YNL172W,YJL213W,0,-0.13990402,0.1526152789592743,0.8825870752334595,0.49274638295173645
YDR378C,YNL073W,0,-0.1402713,0.15258902311325073,0.8825870752334595,0.49284642934799194
YHR082C,YJL095W,0,-0.14047721,0.15256278216838837,0.8825870752334595,0.49294647574424744
YOR279C,YPL098C,0,-0.14116442,0.152536541223526,0.8825870752334595,0.49304652214050293
YLR208W,YJR063W,0,-0.14130595,0.15251031517982483,0.8825870752334595,0.4931465685367584
YHR211W,YML109W,0,-0.14141424,0.15248410403728485,0.8825870752334595,0.4932466149330139
YHR066W,YFL057C,0,-0.14149094,0.15245789289474487,0.8825870752334595,0.4933466613292694
YGL162W,YJR006W,0,-0.14158827,0.1524316966533661,0.8825870752334595,0.4934467375278473
YKL170W,YOL101C,0,-0.14167011,0.1524055004119873,0.8825870752334595,0.4935467839241028
YJR092W,YJL200C,0,-0.14225431,0.15237931907176971,0.8825870752334595,0.4936468303203583
YOL086C,YOR299W,0,-0.14237715,0.15235313773155212,0.8825870752334595,0.49374687671661377
YNL138W,YDL047W,0,-0.1424101,0.15232698619365692,0.8825870752334595,0.49384692311286926
YGR189C,YJR004C,1,-0.14254108,0.15247252583503723,0.8835821151733398,0.49384692311286926
YNR002C,YCL034W,0,-0.14261124,0.15244634449481964,0.8835821151733398,0.49394696950912476
YGL158W,YCR030C,0,-0.14269859,0.15242017805576324,0.8835821151733398,0.49404701590538025
YDL028C,YDL045C,0,-0.1428254,0.15239402651786804,0.8835821151733398,0.49414706230163574
YNL231C,YAL024C,0,-0.14283812,0.15236787497997284,0.8835821151733398,0.49424710869789124
YPL083C,YDR281C,0,-0.1430268,0.15234173834323883,0.8835821151733398,0.4943471848964691
YLR447C,YLR264W,0,-0.14305735,0.15231560170650482,0.8835821151733398,0.4944472312927246
YNR044W,YNR067C,1,-0.14369106,0.152460977435112,0.8845770955085754,0.4944472312927246
YNR044W,YHR079C,0,-0.14375952,0.152434840798378,0.8845770955085754,0.4945472776889801
YLR208W,YPL200W,0,-0.14379534,0.15240870416164398,0.8845770955085754,0.4946473240852356
YFR045W,YDL070W,0,-0.14382742,0.15238258242607117,0.8845770955085754,0.4947473704814911
YGR134W,YLR050C,0,-0.14432007,0.15235647559165955,0.8845770955085754,0.4948474168777466
YHR211W,YPR001W,0,-0.14437687,0.15233036875724792,0.8845770955085754,0.4949474632740021
YHR047C,YMR284W,0,-0.14438027,0.1523042619228363,0.8845770955085754,0.49504750967025757
YNL008C,YDR405W,0,-0.14445788,0.15227818489074707,0.8845770955085754,0.49514758586883545
YJL159W,YNR067C,1,-0.14448437,0.15242336690425873,0.8855721354484558,0.49514758586883545
YMR321C,YDR170C,0,-0.14481044,0.1523972600698471,0.8855721354484558,0.49524763226509094
YLL002W,YDR499W,0,-0.14485797,0.15237116813659668,0.8855721354484558,0.49534767866134644
YBR020W,YOR126C,0,-0.14486665,0.15234509110450745,0.8855721354484558,0.49544772505760193
YPL119C,YNL122C,0,-0.14487836,0.1523190140724182,0.8855721354484558,0.4955477714538574
YBR260C,YML071C,0,-0.14497685,0.15229295194149017,0.8855721354484558,0.4956478178501129
YDL022W,YOR215C,0,-0.14501348,0.15226688981056213,0.8855721354484558,0.4957478642463684
YHR132C,YER145C,0,-0.145089,0.1522408425807953,0.8855721354484558,0.4958479106426239
YML006C,YMR272C,0,-0.14547317,0.15221481025218964,0.8855721354484558,0.4959479868412018
YKR020W,YMR114C,0,-0.14589915,0.15218877792358398,0.8855721354484558,0.4960480332374573
YBR230C,YGL004C,0,-0.14603215,0.15216276049613953,0.8855721354484558,0.49614807963371277
YDR451C,YOL062C,0,-0.14606036,0.15213675796985626,0.8855721354484558,0.49624812602996826
YJL225C,YLL012W,0,-0.14611615,0.152110755443573,0.8855721354484558,0.49634817242622375
YOL066C,YKL001C,0,-0.14627716,0.15208475291728973,0.8855721354484558,0.49644821882247925
YGL162W,YDL225W,0,-0.14638746,0.15205878019332886,0.8855721354484558,0.49654826521873474
YJR107W,YLR043C,0,-0.14645159,0.1520327925682068,0.8855721354484558,0.49664831161499023
YBR118W,YAL031C,0,-0.14654562,0.1520068347454071,0.8855721354484558,0.4967483878135681
YDR371W,YJL159W,1,-0.14664641,0.15215164422988892,0.8865671753883362,0.4967483878135681
YER190W,YBR074W,0,-0.1469138,0.15212565660476685,0.8865671753883362,0.4968484342098236
YGR288W,YDL074C,0,-0.14711541,0.15209969878196716,0.8865671753883362,0.4969484806060791
YNL121C,YGR134W,0,-0.14717421,0.1520737260580063,0.8865671753883362,0.4970485270023346
YIL142W,YBR243C,0,-0.147235,0.1520477831363678,0.8865671753883362,0.4971485733985901
YOR206W,YGL162W,0,-0.14724422,0.1520218402147293,0.8865671753883362,0.4972486197948456
YBR129C,YDR159W,0,-0.14725822,0.15199591219425201,0.8865671753883362,0.4973486661911011
YMR033W,YHR041C,0,-0.14729628,0.15196998417377472,0.8865671753883362,0.49744871258735657
YDL084W,YGR185C,0,-0.14744356,0.15194407105445862,0.8865671753883362,0.49754878878593445
YAR002C-A,YGL026C,0,-0.1475845,0.15191815793514252,0.8865671753883362,0.49764883518218994
YBR202W,YDL225W,0,-0.14761564,0.1518922597169876,0.8865671753883362,0.49774888157844543
YLR447C,YOR209C,0,-0.14761713,0.1518663763999939,0.8865671753883362,0.4978489279747009
YOL086C,YAR031W,0,-0.1478714,0.15184049308300018,0.8865671753883362,0.4979489743709564
YBL005W-B,YDR174W,0,-0.14794976,0.15181462466716766,0.8865671753883362,0.4980490207672119
YNL314W,YMR090W,0,-0.14826065,0.15178875625133514,0.8865671753883362,0.4981490671634674
YBL058W,YGL212W,0,-0.14839879,0.15176290273666382,0.8865671753883362,0.4982491135597229
YOR378W,YBR129C,0,-0.14880572,0.1517370641231537,0.8865671753883362,0.4983491599559784
YBR202W,YJR005W,0,-0.14902854,0.15171122550964355,0.8865671753883362,0.4984492361545563
YER151C,YLR344W,0,-0.14904517,0.15168538689613342,0.8865671753883362,0.49854928255081177
YKL090W,YML049C,0,-0.14909172,0.15165957808494568,0.8865671753883362,0.49864932894706726
YPL119C,YER168C,0,-0.14951515,0.15163376927375793,0.8865671753883362,0.49874937534332275
YPL274W,YFL021W,0,-0.14952064,0.1516079604625702,0.8865671753883362,0.49884942173957825
YGR118W,YLR330W,0,-0.14959574,0.15158216655254364,0.8865671753883362,0.49894946813583374
YJL158C,YOR009W,1,-0.14962333,0.15172648429870605,0.8875622153282166,0.49894946813583374
YPR189W,YGR167W,0,-0.14983824,0.1517006754875183,0.8875622153282166,0.49904951453208923
YLL061W,YOL151W,0,-0.14989412,0.15167488157749176,0.8875622153282166,0.4991495609283447
YER185W,YGR143W,0,-0.15002277,0.1516491025686264,0.8875622153282166,0.4992496371269226
YJL114W,YDR222W,0,-0.15009567,0.15162332355976105,0.8875622153282166,0.4993496835231781
YNL016W,YLR251W,0,-0.15034163,0.15159755945205688,0.8875622153282166,0.4994497299194336
YNL027W,YOR355W,0,-0.1505557,0.15157179534435272,0.8875622153282166,0.4995497763156891
YMR168C,YDR144C,0,-0.15060084,0.15154604613780975,0.8875622153282166,0.4996498227119446
YDL021W,YDR332W,0,-0.15063164,0.15152029693126678,0.8875622153282166,0.4997498691082001
YDL028C,YDR211W,0,-0.15106143,0.151494562625885,0.8875622153282166,0.49984991550445557
YNL223W,YHR005C-A,0,-0.151393,0.15146884322166443,0.8875622153282166,0.49994996190071106
YML049C,YER190W,0,-0.15167207,0.15144312381744385,0.8875622153282166,0.5000500082969666
YOL111C,YDR416W,0,-0.15212995,0.15141741931438446,0.8875622153282166,0.5001500844955444
YEL069C,YJL140W,0,-0.15229061,0.15139171481132507,0.8875622153282166,0.5002501010894775
YDR518W,YAR035W,0,-0.15233573,0.15136602520942688,0.8875622153282166,0.5003501772880554
YBR261C,YLR024C,0,-0.15254769,0.15134035050868988,0.8875622153282166,0.5004502534866333
YDL036C,YIL076W,0,-0.15257993,0.15131467580795288,0.8875622153282166,0.5005502700805664
YMR203W,YKL166C,0,-0.15262371,0.15128901600837708,0.8875622153282166,0.5006503462791443
YDR453C,YEL041W,0,-0.15273666,0.15126335620880127,0.8875622153282166,0.5007503628730774
YMR272C,YDR373W,0,-0.15279612,0.15123771131038666,0.8875622153282166,0.5008504390716553
YNL309W,YNL282W,0,-0.15285295,0.15121206641197205,0.8875622153282166,0.5009504556655884
YBR196C,YNL239W,0,-0.15299723,0.15118643641471863,0.8875622153282166,0.5010505318641663
YDR067C,YMR246W,0,-0.15301469,0.1511608213186264,0.8875622153282166,0.5011505484580994
YAL022C,YGL256W,0,-0.15311152,0.15113520622253418,0.8875622153282166,0.5012506246566772
YMR315W,YDL206W,0,-0.15314013,0.15110960602760315,0.8875622153282166,0.5013507008552551
YNL314W,YNL131W,0,-0.15316564,0.15108400583267212,0.8875622153282166,0.5014507174491882
YNL016W,YIR039C,0,-0.15316802,0.15105842053890228,0.8875622153282166,0.5015507936477661
YHR002W,YML028W,0,-0.15324321,0.15103285014629364,0.8875622153282166,0.5016508102416992
YDR527W,YKL180W,0,-0.15326485,0.151007279753685,0.8875622153282166,0.5017508864402771
YLR206W,YML099C,0,-0.15359637,0.15098172426223755,0.8875622153282166,0.5018509030342102
YGR288W,YOR283W,0,-0.15363294,0.1509561687707901,0.8875622153282166,0.5019509792327881
YPR162C,YLR187W,0,-0.15363348,0.15093062818050385,0.8875622153282166,0.5020509958267212
YKL190W,YLR187W,0,-0.15368226,0.1509050875902176,0.8875622153282166,0.5021510720252991
YNL153C,YER117W,0,-0.15381539,0.15087956190109253,0.8875622153282166,0.502251148223877
YHR074W,YER162C,0,-0.15427849,0.15085405111312866,0.8875622153282166,0.5023511648178101
YHR132C,YJR149W,0,-0.15431818,0.1508285403251648,0.8875622153282166,0.5024512410163879
YGR077C,YJR140C,0,-0.15434423,0.15080304443836212,0.8875622153282166,0.502551257610321
YHR209W,YNL230C,0,-0.1543701,0.15077754855155945,0.8875622153282166,0.5026513338088989
YDR492W,YLR389C,0,-0.15438661,0.15075206756591797,0.8875622153282166,0.502751350402832
YNL160W,YDR470C,0,-0.15445456,0.15072660148143768,0.8875622153282166,0.5028514266014099
YLR295C,YBR202W,0,-0.15463111,0.1507011353969574,0.8875622153282166,0.5029515027999878
YLR107W,YDR296W,0,-0.15482649,0.1506756693124771,0.8875622153282166,0.5030515193939209
YER013W,YGL244W,0,-0.15492201,0.1506502330303192,0.8875622153282166,0.5031515955924988
YPR204W,YNL274C,0,-0.15493694,0.15062478184700012,0.8875622153282166,0.5032516121864319
YAR002C-A,YLR153C,0,-0.15514442,0.15059936046600342,0.8875622153282166,0.5033516883850098
YMR008C,YGL241W,0,-0.15516283,0.1505739390850067,0.8875622153282166,0.5034517049789429
YLR206W,YAL038W,0,-0.15521815,0.15054851770401,0.8875622153282166,0.5035517811775208
YBR182C,YDR172W,0,-0.15529193,0.1505231112241745,0.8875622153282166,0.5036517977714539
YDR174W,YCR011C,0,-0.15542206,0.15049771964550018,0.8875622153282166,0.5037518739700317
YPL252C,YML056C,0,-0.15545514,0.15047232806682587,0.8875622153282166,0.5038519501686096
YBL041W,YKL144C,0,-0.15569961,0.15044695138931274,0.8875622153282166,0.5039519667625427
YBR155W,YIR039C,0,-0.15602878,0.15042158961296082,0.8875622153282166,0.5040520429611206
YGR077C,YIL079C,0,-0.15615916,0.1503962278366089,0.8875622153282166,0.5041520595550537
YGL200C,YDL083C,0,-0.15670237,0.15037086606025696,0.8875622153282166,0.5042521357536316
YDL197C,YDL035C,0,-0.15672043,0.15034551918506622,0.8875622153282166,0.5043521523475647
YDR072C,YGL236C,0,-0.15674673,0.15032018721103668,0.8875622153282166,0.5044522285461426
YEL040W,YIL015W,1,-0.15675735,0.15046335756778717,0.8885571956634521,0.5044522285461426
YEL053C,YDR389W,0,-0.15749505,0.15043801069259644,0.8885571956634521,0.5045523047447205
YJL066C,YCL014W,0,-0.15764302,0.1504126638174057,0.8885571956634521,0.5046523213386536
YHR175W,YML036W,0,-0.15792656,0.15038733184337616,0.8885571956634521,0.5047523975372314
YKL096W,YOL011W,1,-0.15796664,0.1505303978919983,0.8895522356033325,0.5047523975372314
YDR079W,YOR355W,0,-0.15825292,0.15050505101680756,0.8895522356033325,0.5048524141311646
YLR244C,YPR163C,0,-0.15830898,0.15047971904277802,0.8895522356033325,0.5049524903297424
YLR295C,YJR040W,0,-0.15836653,0.15045438706874847,0.8895522356033325,0.5050525069236755
YOR126C,YNR028W,0,-0.15840325,0.15042906999588013,0.8895522356033325,0.5051525831222534
YDR034C,YFR045W,0,-0.15841109,0.15040376782417297,0.8895522356033325,0.5052525997161865
YLL002W,YLR268W,0,-0.15841943,0.15037846565246582,0.8895522356033325,0.5053526759147644
YHR057C,YMR008C,1,-0.15842208,0.15052135288715363,0.8905472755432129,0.5053526759147644
YDL074C,YMR296C,0,-0.15848668,0.15049605071544647,0.8905472755432129,0.5054527521133423
YMR025W,YKR028W,0,-0.1586788,0.15047074854373932,0.8905472755432129,0.5055527687072754
YOR382W,YKR013W,1,-0.15878847,0.15061354637145996,0.8915423154830933,0.5055527687072754
YJL187C,YGL113W,0,-0.15920961,0.1505882292985916,0.8915423154830933,0.5056528449058533
YDR405W,YGL216W,0,-0.15925625,0.15056292712688446,0.8915423154830933,0.5057528614997864
YPR182W,YGR012W,0,-0.15929554,0.1505376398563385,0.8915423154830933,0.5058529376983643
YMR172W,YBR230C,0,-0.15936127,0.15051235258579254,0.8915423154830933,0.5059529542922974
YML080W,YLR301W,0,-0.15955159,0.15048706531524658,0.8915423154830933,0.5060530304908752
YBR238C,YOR089C,0,-0.15972558,0.15046179294586182,0.8915423154830933,0.5061530470848083
YKR057W,YLL012W,0,-0.15984434,0.15043653547763824,0.8915423154830933,0.5062531232833862
YGL172W,YJR092W,0,-0.15988703,0.15041127800941467,0.8915423154830933,0.5063531994819641
YDL197C,YGL163C,0,-0.16037717,0.1503860354423523,0.8915423154830933,0.5064532160758972
YER050C,YKL172W,0,-0.16078803,0.15036079287528992,0.8915423154830933,0.5065532922744751
YPR187W,YAL040C,0,-0.16122714,0.15033556520938873,0.8915423154830933,0.5066533088684082
YPL050C,YPR138C,0,-0.16152975,0.15031035244464874,0.8915423154830933,0.5067533850669861
YNL231C,YIL177C,0,-0.1615391,0.15028513967990875,0.8915423154830933,0.5068534016609192
YKL094W,YBR281C,0,-0.16180198,0.15025994181632996,0.8915423154830933,0.5069534778594971
YHL034C,YIL047C,0,-0.16180295,0.15023474395275116,0.8915423154830933,0.507053554058075
YDR453C,YMR078C,0,-0.16202778,0.15020956099033356,0.8915423154830933,0.5071535706520081
YJL160C,YJL159W,1,-0.16207439,0.15035200119018555,0.8925372958183289,0.5071535706520081
YDR205W,YNL274C,0,-0.1622991,0.15032680332660675,0.8925372958183289,0.5072536468505859
YBR066C,YKL078W,0,-0.16240394,0.15030160546302795,0.8925372958183289,0.507353663444519
YOR230W,YGL220W,0,-0.16283801,0.15027642250061035,0.8925372958183289,0.5074537396430969
YJL053W,YHR057C,0,-0.16298154,0.15025125443935394,0.8925372958183289,0.50755375623703
YKL130C,YER168C,0,-0.16307393,0.15022608637809753,0.8925372958183289,0.5076538324356079
YDR453C,YOR239W,0,-0.16309279,0.15020093321800232,0.8925372958183289,0.507753849029541
YOR301W,YLL008W,0,-0.1631907,0.1501757949590683,0.8925372958183289,0.5078539252281189
YNR067C,YDR306C,0,-0.16348058,0.15015065670013428,0.8925372958183289,0.5079540014266968
YMR241W,YBR128C,0,-0.16356775,0.15012551844120026,0.8925372958183289,0.5080540180206299
YPR113W,YLR278C,0,-0.16380447,0.15010039508342743,0.8925372958183289,0.5081540942192078
YNL282W,YOR299W,0,-0.1638363,0.1500752866268158,0.8925372958183289,0.5082541108131409
YHR004C,YPR083W,0,-0.16404605,0.15005017817020416,0.8925372958183289,0.5083541870117188
YBR172C,YHR135C,0,-0.16419673,0.15002508461475372,0.8925372958183289,0.5084542036056519
YCR030C,YNR002C,0,-0.16422749,0.15000000596046448,0.8925372958183289,0.5085542798042297
YHR005C-A,YBR026C,0,-0.16451022,0.14997492730617523,0.8925372958183289,0.5086543560028076
YBR066C,YMR227C,0,-0.16453269,0.149949848651886,0.8925372958183289,0.5087543725967407
YDR454C,YGL014W,0,-0.16455045,0.14992478489875793,0.8925372958183289,0.5088544487953186
YKL117W,YOR353C,0,-0.16459718,0.14989973604679108,0.8925372958183289,0.5089544653892517
YFR001W,YAR035W,0,-0.16460308,0.14987468719482422,0.8925372958183289,0.5090545415878296
YLL061W,YDL035C,0,-0.16477638,0.14984965324401855,0.8925372958183289,0.5091545581817627
YEL036C,YDR449C,0,-0.1648041,0.1498246192932129,0.8925372958183289,0.5092546343803406
YHR012W,YPL276W,0,-0.16481075,0.14979960024356842,0.8925372958183289,0.5093546509742737
YPL150W,YHL034C,0,-0.16490448,0.14977458119392395,0.8925372958183289,0.5094547271728516
YDR131C,YOR298W,0,-0.16497786,0.14974957704544067,0.8925372958183289,0.5095548033714294
YBR274W,YMR114C,0,-0.1650106,0.1497245877981186,0.8925372958183289,0.5096548199653625
YFL048C,YFL010W-A,0,-0.16546494,0.1496995985507965,0.8925372958183289,0.5097548961639404
YDR378C,YLL040C,0,-0.16547796,0.14967462420463562,0.8925372958183289,0.5098549127578735
YOR283W,YMR267W,0,-0.16558804,0.14964964985847473,0.8925372958183289,0.5099549889564514
YDL206W,YNL070W,0,-0.16570303,0.14962469041347504,0.8925372958183289,0.5100550055503845
YOR145C,YIR005W,0,-0.16579755,0.14959973096847534,0.8925372958183289,0.5101550817489624
YIL079C,YJR063W,0,-0.16587996,0.14957478642463684,0.8925372958183289,0.5102550983428955
YPR121W,YCR089W,1,-0.16598722,0.1497165709733963,0.8935323357582092,0.5102550983428955
YBR195C,YHR168W,0,-0.16605672,0.1496916115283966,0.8935323357582092,0.5103551745414734
YNL160W,YJL159W,1,-0.1663776,0.1498333364725113,0.8945273756980896,0.5103551745414734
YDR233C,YNL238W,0,-0.16657978,0.1498083621263504,0.8945273756980896,0.5104552507400513
YLL055W,YOR089C,0,-0.16690555,0.1497834026813507,0.8945273756980896,0.5105552673339844
YOR298W,YNL302C,0,-0.16706261,0.1497584581375122,0.8945273756980896,0.5106553435325623
YPL110C,YAR035W,0,-0.16717564,0.1497335135936737,0.8945273756980896,0.5107553601264954
YNL044W,YPR083W,0,-0.1672172,0.1497085690498352,0.8945273756980896,0.5108554363250732
YOR099W,YMR308C,0,-0.16732743,0.1496836543083191,0.8945273756980896,0.5109554529190063
YNL281W,YOR099W,0,-0.16739032,0.14965872466564178,0.8945273756980896,0.5110555291175842
YOL145C,YDR499W,0,-0.16741826,0.14963382482528687,0.8945273756980896,0.5111556053161621
YLR305C,YLR113W,0,-0.16745584,0.14960892498493195,0.8945273756980896,0.5112556219100952
YJL192C,YBR026C,0,-0.1679312,0.14958402514457703,0.8945273756980896,0.5113556981086731
YPL139C,YLR141W,0,-0.16802222,0.1495591402053833,0.8945273756980896,0.5114557147026062
YHR179W,YPL129W,0,-0.16809314,0.14953427016735077,0.8945273756980896,0.5115557909011841
YLR157C,YJR040W,0,-0.16816072,0.14950940012931824,0.8945273756980896,0.5116558074951172
YJR021C,YML028W,0,-0.16820762,0.1494845300912857,0.8945273756980896,0.5117558836936951
YKR056W,YMR075W,0,-0.16822061,0.14945968985557556,0.8945273756980896,0.5118559002876282
YOR388C,YLR141W,0,-0.16827267,0.14943483471870422,0.8945273756980896,0.511955976486206
YNL322C,YJL078C,1,-0.16828158,0.14957620203495026,0.89552241563797,0.511955976486206
YBR006W,YPR127W,0,-0.1685423,0.14955134689807892,0.89552241563797,0.5120560526847839
YDR499W,YGL212W,0,-0.16854483,0.14952650666236877,0.89552241563797,0.512156069278717
YNL044W,YGR246C,0,-0.16863027,0.14950166642665863,0.89552241563797,0.5122561454772949
YOL045W,YER017C,0,-0.16865504,0.1494768261909485,0.89552241563797,0.512356162071228
YMR241W,YBL079W,0,-0.16873145,0.14945201575756073,0.89552241563797,0.5124562382698059
YHL034C,YDR062W,0,-0.1688022,0.14942719042301178,0.89552241563797,0.512556254863739
YEL031W,YLR164W,0,-0.16881898,0.14940239489078522,0.89552241563797,0.5126563310623169
YKL038W,YIL076W,0,-0.1688393,0.14937759935855865,0.89552241563797,0.5127564072608948
YGR118W,YGL019W,0,-0.16886517,0.1493528038263321,0.89552241563797,0.5128564238548279
YOR222W,YOL151W,0,-0.16901487,0.14932802319526672,0.89552241563797,0.5129565000534058
YDR109C,YCR012W,0,-0.16911331,0.14930325746536255,0.89552241563797,0.5130565166473389
YER151C,YMR321C,0,-0.16923651,0.14927849173545837,0.89552241563797,0.5131565928459167
YMR315W,YHR074W,0,-0.169716,0.1492537260055542,0.89552241563797,0.5132566094398499
YPR144C,YCR002C,0,-0.16974708,0.1492289900779724,0.89552241563797,0.5133566856384277
YGR180C,YKL144C,0,-0.16994366,0.14920423924922943,0.89552241563797,0.5134567022323608
YEL041W,YNR072W,0,-0.16996996,0.14917951822280884,0.89552241563797,0.5135567784309387
YPL099C,YNL192W,0,-0.1700257,0.14915478229522705,0.89552241563797,0.5136568546295166
YJR127C,YER104W,0,-0.17009112,0.14913007616996765,0.89552241563797,0.5137568712234497
YOR020C,YBR010W,0,-0.17023915,0.14910537004470825,0.89552241563797,0.5138569474220276
YLL002W,YOR142W,0,-0.17024356,0.14908066391944885,0.89552241563797,0.5139569640159607
YPL213W,YGR143W,0,-0.17027909,0.14905597269535065,0.89552241563797,0.5140570402145386
YBL041W,YMR270C,0,-0.17031822,0.14903129637241364,0.89552241563797,0.5141570568084717
YBL058W,YDL021W,0,-0.17043337,0.14900662004947662,0.89552241563797,0.5142571330070496
YPR159W,YMR034C,0,-0.170961,0.1489819586277008,0.89552241563797,0.5143571496009827
YPR135W,YNR060W,0,-0.1711022,0.148957297205925,0.89552241563797,0.5144572257995605
YLR183C,YPL007C,0,-0.17143577,0.14893265068531036,0.89552241563797,0.5145573019981384
YKL175W,YPR006C,0,-0.17168286,0.14890800416469574,0.89552241563797,0.5146573185920715
YKR020W,YAL039C,0,-0.17178339,0.1488833725452423,0.89552241563797,0.5147573947906494
YKL007W,YER168C,0,-0.17184854,0.14885875582695007,0.89552241563797,0.5148574113845825
YLL002W,YAL029C,0,-0.1718562,0.14883413910865784,0.89552241563797,0.5149574875831604
YHR209W,YPR163C,0,-0.17187843,0.1488095223903656,0.89552241563797,0.5150575041770935
YGL050W,YNL122C,0,-0.1722048,0.14878492057323456,0.89552241563797,0.5151575803756714
YNL304W,YJR034W,0,-0.172237,0.1487603336572647,0.89552241563797,0.5152576565742493
YJR051W,YJL213W,0,-0.17238642,0.14873574674129486,0.89552241563797,0.5153576731681824
YNR017W,YDL039C,0,-0.17241725,0.1487111747264862,0.89552241563797,0.5154577493667603
YHL012W,YGL241W,0,-0.17281035,0.14868660271167755,0.89552241563797,0.5155577659606934
YGR077C,YDR470C,0,-0.1729472,0.1486620455980301,0.89552241563797,0.5156578421592712
YOR222W,YNR013C,0,-0.17298591,0.14863748848438263,0.89552241563797,0.5157578587532043
YCR011C,YBR187W,0,-0.17305817,0.14861294627189636,0.89552241563797,0.5158579349517822
YIL108W,YFL014W,0,-0.17310292,0.1485884040594101,0.89552241563797,0.5159579515457153
YLL004W,YER002W,0,-0.17319518,0.14856387674808502,0.89552241563797,0.5160580277442932
YDR082W,YOR317W,0,-0.17328373,0.14853936433792114,0.89552241563797,0.5161581039428711
YML071C,YBR115C,0,-0.17333066,0.14851485192775726,0.89552241563797,0.5162581205368042
YIR011C,YPL167C,0,-0.17359117,0.14849035441875458,0.89552241563797,0.5163581967353821
YDR137W,YDL198C,0,-0.17373443,0.1484658569097519,0.89552241563797,0.5164582133293152
YNL281W,YDL111C,0,-0.1738092,0.1484413594007492,0.89552241563797,0.5165582895278931
YJL034W,YJR082C,0,-0.17388663,0.1484168916940689,0.89552241563797,0.5166583061218262
YLR129W,YIL095W,0,-0.17396125,0.14839240908622742,0.89552241563797,0.516758382320404
YHR005C-A,YPL065W,0,-0.17398036,0.1483679562807083,0.89552241563797,0.5168584585189819
YPL094C,YIL042C,0,-0.17402261,0.1483435034751892,0.89552241563797,0.516958475112915
YIL002C,YIL048W,0,-0.17404073,0.1483190506696701,0.89552241563797,0.5170585513114929
YIL132C,YDR222W,0,-0.17408058,0.1482946127653122,0.89552241563797,0.517158567905426
YNR031C,YDR164C,0,-0.17427766,0.14827017486095428,0.89552241563797,0.5172586441040039
YGL094C,YHR209W,0,-0.17456156,0.14824575185775757,0.89552241563797,0.517358660697937
YBR196C,YPL110C,0,-0.17464134,0.14822134375572205,0.89552241563797,0.5174587368965149
YHR005C-A,YJL081C,0,-0.17484733,0.14819693565368652,0.89552241563797,0.517558753490448
YDL202W,YNL182C,0,-0.17511106,0.1481725424528122,0.89552241563797,0.5176588296890259
YKL170W,YLR383W,0,-0.17518708,0.14814814925193787,0.89552241563797,0.5177589058876038
YPR198W,YCL004W,0,-0.17555368,0.14812377095222473,0.89552241563797,0.5178589224815369
YML036W,YEL056W,0,-0.17568946,0.1480993926525116,0.89552241563797,0.5179589986801147
YOR304W,YLL040C,0,-0.175958,0.14807502925395966,0.89552241563797,0.5180590152740479
YGL062W,YPL065W,0,-0.17604809,0.14805066585540771,0.89552241563797,0.5181590914726257
YLR203C,YNL138W,0,-0.17608622,0.14802631735801697,0.89552241563797,0.5182591080665588
YNL232W,YNL016W,0,-0.17633769,0.14800196886062622,0.89552241563797,0.5183591842651367
YAR027W,YOR020C,0,-0.17642042,0.14797763526439667,0.89552241563797,0.5184592008590698
YOL093W,YOL158C,0,-0.17647251,0.1479533165693283,0.89552241563797,0.5185592770576477
YHR132C,YGL014W,0,-0.17686617,0.14792899787425995,0.89552241563797,0.5186593532562256
YEL030W,YNL121C,0,-0.17692488,0.1479046791791916,0.89552241563797,0.5187593698501587
YHR069C,YOR382W,0,-0.17697167,0.14788037538528442,0.89552241563797,0.5188594460487366
YJR147W,YDR415C,0,-0.17710514,0.14785608649253845,0.89552241563797,0.5189594626426697
YMR123W,YNL232W,0,-0.17717078,0.14783179759979248,0.89552241563797,0.5190595388412476
YOL104C,YGL220W,0,-0.177405,0.1478075236082077,0.89552241563797,0.5191595554351807
YEL040W,YKR102W,1,-0.17754704,0.14794746041297913,0.8965173959732056,0.5191595554351807
YPL094C,YJL206C,0,-0.17760636,0.14792317152023315,0.8965173959732056,0.5192596316337585
YOR287C,YDR195W,0,-0.17760897,0.14789888262748718,0.8965173959732056,0.5193597078323364
YEL052W,YPL244C,0,-0.17761588,0.1478746086359024,0.8965173959732056,0.5194597244262695
YOR159C,YKL124W,0,-0.17776933,0.14785034954547882,0.8965173959732056,0.5195598006248474
YOL010W,YML056C,0,-0.17796233,0.14782609045505524,0.8965173959732056,0.5196598172187805
YBR260C,YJL095W,0,-0.17810662,0.14780183136463165,0.8965173959732056,0.5197598934173584
YLR386W,YOR025W,0,-0.17811584,0.14777760207653046,0.8965173959732056,0.5198599100112915
YPL110C,YNL080C,0,-0.17843497,0.14775335788726807,0.8965173959732056,0.5199599862098694
YHR030C,YBR195C,0,-0.17857859,0.14772912859916687,0.8965173959732056,0.5200600028038025
YMR049C,YJL004C,0,-0.1786193,0.14770491421222687,0.8965173959732056,0.5201600790023804
YPR043W,YPL096W,0,-0.17864269,0.14768071472644806,0.8965173959732056,0.5202601552009583
YIL021W,YGR095C,0,-0.17866355,0.14765650033950806,0.8965173959732056,0.5203601717948914
YLL012W,YNL219C,0,-0.1787681,0.14763231575489044,0.8965173959732056,0.5204602479934692
YNL008C,YLR213C,0,-0.17918046,0.14760813117027283,0.8965173959732056,0.5205602645874023
YNL085W,YFL021W,0,-0.17920685,0.1475839465856552,0.8965173959732056,0.5206603407859802
YKR103W,YIL021W,0,-0.17994338,0.1475597769021988,0.8965173959732056,0.5207603573799133
YKL020C,YNL232W,0,-0.17997453,0.14753562211990356,0.8965173959732056,0.5208604335784912
YDR414C,YDL047W,0,-0.17999959,0.14751146733760834,0.8965173959732056,0.5209605097770691
YPL122C,YGR027C,0,-0.1802491,0.1474873125553131,0.8965173959732056,0.5210605263710022
YLR026C,YJR063W,0,-0.18026663,0.14746317267417908,0.8965173959732056,0.5211606025695801
YBR195C,YLR197W,0,-0.180276,0.14743904769420624,0.8965173959732056,0.5212606191635132
YDR457W,YGL148W,0,-0.1804853,0.1474149227142334,0.8965173959732056,0.5213606953620911
YDR059C,YLL055W,0,-0.18048646,0.14739081263542175,0.8965173959732056,0.5214607119560242
YDR457W,YOR123C,0,-0.18072765,0.1473667025566101,0.8965173959732056,0.521560788154602
YFR045W,YDL197C,0,-0.18081868,0.14734260737895966,0.8965173959732056,0.5216608047485352
YDR205W,YNL182C,0,-0.18162078,0.1473185122013092,0.8965173959732056,0.521760880947113
YDR067C,YJL103C,0,-0.18211856,0.14729443192481995,0.8965173959732056,0.5218609571456909
YGL026C,YGR020C,0,-0.18219167,0.1472703516483307,0.8965173959732056,0.521960973739624
YMR032W,YBL028C,0,-0.1824112,0.14724628627300262,0.8965173959732056,0.5220610499382019
YDR416W,YJR112W,0,-0.18271656,0.14722222089767456,0.8965173959732056,0.522161066532135
YBR182C,YKL117W,0,-0.18289502,0.1471981704235077,0.8965173959732056,0.5222611427307129
YNL079C,YJR005W,0,-0.18293124,0.14717411994934082,0.8965173959732056,0.522361159324646
YBR172C,YLR130C,0,-0.18314476,0.14715008437633514,0.8965173959732056,0.5224612355232239
YJL191W,YMR065W,0,-0.18316403,0.14712606370449066,0.8965173959732056,0.522561252117157
YKR068C,YHR039C-A,0,-0.18345025,0.14710204303264618,0.8965173959732056,0.5226613283157349
YIL061C,YKR101W,0,-0.18350098,0.1470780223608017,0.8965173959732056,0.5227614045143127
YAL024C,YHL027W,0,-0.18353659,0.1470540165901184,0.8965173959732056,0.5228614211082458
YML052W,YLL017W,0,-0.18366367,0.1470300257205963,0.8965173959732056,0.5229614973068237
YOL043C,YLR264W,0,-0.18377417,0.14700603485107422,0.8965173959732056,0.5230615139007568
YKL182W,YML056C,0,-0.18382882,0.14698205888271332,0.8965173959732056,0.5231615900993347
YGL026C,YMR272C,0,-0.18399715,0.14695808291435242,0.8965173959732056,0.5232616066932678
YGL170C,YIL094C,0,-0.18407735,0.1469341218471527,0.8965173959732056,0.5233616828918457
YOR317W,YHR168W,0,-0.18412212,0.146910160779953,0.8965173959732056,0.5234617590904236
YOR239W,YBR187W,0,-0.18417606,0.1468862146139145,0.8965173959732056,0.5235617756843567
YGL122C,YCL057W,0,-0.18420616,0.14686226844787598,0.8965173959732056,0.5236618518829346
YOR274W,YHR008C,0,-0.18421087,0.14683833718299866,0.8965173959732056,0.5237618684768677
YER125W,YBR042C,0,-0.18427074,0.14681440591812134,0.8965173959732056,0.5238619446754456
YPR171W,YMR078C,0,-0.18439227,0.1467904895544052,0.8965173959732056,0.5239619612693787
YPR171W,YOR099W,0,-0.18440741,0.1467665731906891,0.8965173959732056,0.5240620374679565
YPL252C,YDR159W,0,-0.18453792,0.14674267172813416,0.8965173959732056,0.5241620540618896
YML071C,YIL159W,0,-0.18457797,0.14671877026557922,0.8965173959732056,0.5242621302604675
YPL150W,YNR060W,0,-0.18472934,0.14669488370418549,0.8965173959732056,0.5243622064590454
YPL187W,YJR151C,1,-0.1847854,0.14683379232883453,0.8975124359130859,0.5243622064590454
YDR419W,YCL004W,0,-0.18489507,0.1468098908662796,0.8975124359130859,0.5244622230529785
YGR034W,YER190W,0,-0.18491352,0.14678600430488586,0.8975124359130859,0.5245622992515564
YHR002W,YPR187W,0,-0.18500191,0.14676211774349213,0.8975124359130859,0.5246623158454895
YJL155C,YOR279C,0,-0.18509689,0.14673824608325958,0.8975124359130859,0.5247623920440674
YNL273W,YOL158C,0,-0.18538326,0.14671437442302704,0.8975124359130859,0.5248624086380005
YLL033W,YHR008C,0,-0.18538848,0.1466905176639557,0.8975124359130859,0.5249624848365784
YLR359W,YKL094W,0,-0.18547359,0.14666666090488434,0.8975124359130859,0.5250625610351562
YDR032C,YGR189C,1,-0.18551394,0.14680539071559906,0.8985074758529663,0.5250625610351562
YPL113C,YJL144W,0,-0.18561095,0.1467815339565277,0.8985074758529663,0.5251625776290894
YGR238C,YMR270C,0,-0.18577036,0.14675767719745636,0.8985074758529663,0.5252626538276672
YEL012W,YAL022C,0,-0.18578503,0.1467338353395462,0.8985074758529663,0.5253626704216003
YCR052W,YOR085W,0,-0.18580094,0.14670999348163605,0.8985074758529663,0.5254627466201782
YOR291W,YER019C-A,0,-0.18586075,0.14668616652488708,0.8985074758529663,0.5255627632141113
YBR128C,YAR035W,0,-0.1858866,0.14666233956813812,0.8985074758529663,0.5256628394126892
YPR072W,YDR173C,0,-0.1860601,0.14663851261138916,0.8985074758529663,0.5257628560066223
YKR008W,YGR145W,0,-0.18628085,0.14661471545696259,0.8985074758529663,0.5258629322052002
YNL281W,YGR134W,0,-0.18630612,0.14659090340137482,0.8985074758529663,0.5259630084037781
YBR271W,YER090W,0,-0.18645462,0.14656712114810944,0.8985074758529663,0.5260630249977112
YMR008C,YDR472W,0,-0.18648654,0.14654332399368286,0.8985074758529663,0.5261631011962891
YOR283W,YMR238W,0,-0.18678904,0.14651955664157867,0.8985074758529663,0.5262631177902222
YLR440C,YIL133C,0,-0.18710348,0.1464957892894745,0.8985074758529663,0.5263631939888
YPR191W,YGR113W,0,-0.18734604,0.1464720219373703,0.8985074758529663,0.5264632105827332
YNL027W,YMR295C,0,-0.18737516,0.1464482694864273,0.8985074758529663,0.526563286781311
YDL217C,YKR008W,0,-0.18739088,0.14642451703548431,0.8985074758529663,0.5266633033752441
YNL160W,YDR444W,0,-0.18746057,0.14640077948570251,0.8985074758529663,0.526763379573822
YGR189C,YOR389W,1,-0.18754989,0.14653915166854858,0.8995025157928467,0.526763379573822
YBL041W,YDL097C,0,-0.18763763,0.1465153992176056,0.8995025157928467,0.5268634557723999
YJR138W,YAL060W,0,-0.18784067,0.1464916616678238,0.8995025157928467,0.526963472366333
YMR005W,YOR304C-A,0,-0.18796256,0.146467924118042,0.8995025157928467,0.5270635485649109
YBR177C,YOR230W,0,-0.18844756,0.1464441865682602,0.8995025157928467,0.527163565158844
YGR010W,YER130C,0,-0.1888434,0.14642047882080078,0.8995025157928467,0.5272636413574219
YER154W,YGR229C,0,-0.18886107,0.14639675617218018,0.8995025157928467,0.527363657951355
YDR137W,YHR175W,0,-0.18894044,0.14637306332588196,0.8995025157928467,0.5274637341499329
YPL127C,YMR296C,0,-0.18902175,0.14634935557842255,0.8995025157928467,0.5275638103485107
YMR241W,YLR291C,0,-0.18902487,0.14632567763328552,0.8995025157928467,0.5276638269424438
YDR296W,YNR021W,0,-0.18954006,0.1463019847869873,0.8995025157928467,0.5277639031410217
YHR179W,YBR120C,0,-0.18959689,0.14627832174301147,0.8995025157928467,0.5278639197349548
YKL217W,YOL052C,0,-0.18960851,0.14625465869903564,0.8995025157928467,0.5279639959335327
YNR031C,YPL134C,0,-0.18978775,0.14623099565505981,0.8995025157928467,0.5280640125274658
YNR035C,YFR052W,0,-0.18980685,0.14620734751224518,0.8995025157928467,0.5281640887260437
YDR218C,YFR052W,0,-0.19003499,0.14618369936943054,0.8995025157928467,0.5282641053199768
YIL047C,YDR496C,0,-0.19007128,0.1461600661277771,0.8995025157928467,0.5283641815185547
YHR164C,YOR294W,0,-0.19007367,0.14613643288612366,0.8995025157928467,0.5284642577171326
YLR103C,YLR251W,0,-0.19020861,0.1461128145456314,0.8995025157928467,0.5285642743110657
YIL002C,YER138C,0,-0.19024253,0.14608921110630035,0.8995025157928467,0.5286643505096436
YJL141C,YGL256W,0,-0.19035679,0.1460656076669693,0.8995025157928467,0.5287643671035767
YPL147W,YOR222W,0,-0.19082561,0.14604200422763824,0.8995025157928467,0.5288644433021545
YPR200C,YDR173C,0,-0.19099951,0.14601841568946838,0.8995025157928467,0.5289644598960876
YOR212W,YKR101W,0,-0.19104916,0.14599482715129852,0.8995025157928467,0.5290645360946655
YPL078C,YDR260C,0,-0.19106832,0.14597125351428986,0.8995025157928467,0.5291645526885986
YPL078C,YBL089W,0,-0.19107291,0.14594769477844238,0.8995025157928467,0.5292646288871765
YGL083W,YBR243C,0,-0.19117111,0.1459241360425949,0.8995025157928467,0.5293647050857544
YDL054C,YPR125W,0,-0.1912415,0.14590057730674744,0.8995025157928467,0.5294647216796875
YLR182W,YOR025W,0,-0.19149035,0.14587703347206116,0.8995025157928467,0.5295647978782654
YLR301W,YIL047C,0,-0.19149265,0.14585350453853607,0.8995025157928467,0.5296648144721985
YOL102C,YDR062W,0,-0.19152182,0.145829975605011,0.8995025157928467,0.5297648906707764
YBR196C,YLR278C,0,-0.19181752,0.1458064466714859,0.8995025157928467,0.5298649072647095
YDR034C,YLR312W-A,0,-0.19198686,0.145782932639122,0.8995025157928467,0.5299649834632874
YJR119C,YMR269W,0,-0.19216481,0.1457594335079193,0.8995025157928467,0.5300650596618652
YGR252W,YLL012W,0,-0.19223648,0.1457359343767166,0.8995025157928467,0.5301650762557983
YNL192W,YOR294W,0,-0.19232973,0.1457124501466751,0.8995025157928467,0.5302651524543762
YNL079C,YML099C,0,-0.19243181,0.1456889659166336,0.8995025157928467,0.5303651690483093
YNL163C,YER130C,0,-0.19250923,0.1456654816865921,0.8995025157928467,0.5304652452468872
YDR383C,YLL012W,0,-0.19264176,0.1456420123577118,0.8995025157928467,0.5305652618408203
YBR196C,YIL139C,0,-0.1926961,0.14561855792999268,0.8995025157928467,0.5306653380393982
YOL165C,YBL085W,0,-0.19282728,0.14559510350227356,0.8995025157928467,0.5307653546333313
YMR168C,YIL134W,0,-0.19298968,0.14557166397571564,0.8995025157928467,0.5308654308319092
YPR189W,YLR009W,0,-0.19310838,0.14554822444915771,0.8995025157928467,0.5309655070304871
YDL217C,YPL196W,0,-0.19312191,0.1455247849225998,0.8995025157928467,0.5310655236244202
YML032C,YOL040C,0,-0.1932601,0.14550137519836426,0.8995025157928467,0.531165599822998
YKL126W,YOR142W,0,-0.19331202,0.14547795057296753,0.8995025157928467,0.5312656164169312
YLR047C,YLR251W,0,-0.19343013,0.145454540848732,0.8995025157928467,0.531365692615509
YLR285W,YJL176C,0,-0.1936028,0.14543114602565765,0.8995025157928467,0.5314657092094421
YNL297C,YPL050C,0,-0.19393349,0.1454077512025833,0.8995025157928467,0.53156578540802
YDR383C,YOR204W,0,-0.19394276,0.14538437128067017,0.8995025157928467,0.5316658616065979
YKL144C,YNL121C,0,-0.19395643,0.14536099135875702,0.8995025157928467,0.531765878200531
YNL302C,YNL052W,0,-0.19440958,0.14533762633800507,0.8995025157928467,0.5318659543991089
YDL097C,YNR002C,0,-0.19443929,0.1453142613172531,0.8995025157928467,0.531965970993042
YDL059C,YDR262W,0,-0.19449079,0.14529089629650116,0.8995025157928467,0.5320660471916199
YGR171C,YEL041W,0,-0.19454032,0.1452675610780716,0.8995025157928467,0.532166063785553
YHR082C,YAL039C,0,-0.19475201,0.14524421095848083,0.8995025157928467,0.5322661399841309
YDR411C,YKL210W,0,-0.19504282,0.14522089064121246,0.8995025157928467,0.532366156578064
YOR168W,YML109W,0,-0.19519538,0.1451975554227829,0.8995025157928467,0.5324662327766418
YJL160C,YDR055W,1,-0.19528088,0.14533482491970062,0.9004974961280823,0.5324662327766418
YOL112W,YDR233C,0,-0.19529873,0.14531148970127106,0.9004974961280823,0.5325663089752197
YOR243C,YOR123C,0,-0.19550163,0.14528816938400269,0.9004974961280823,0.5326663255691528
YNL008C,YLR164W,0,-0.19569266,0.14526484906673431,0.9004974961280823,0.5327664017677307
YOR009W,YJR153W,1,-0.19588709,0.14540202915668488,0.9014925360679626,0.5327664017677307
YIL170W,YDR173C,0,-0.19593582,0.1453786939382553,0.9014925360679626,0.5328664183616638
YLR105C,YMR238W,0,-0.19617084,0.14535537362098694,0.9014925360679626,0.5329664945602417
YPR162C,YER137C,0,-0.19617793,0.14533205330371857,0.9014925360679626,0.5330665111541748
YJL172W,YLL061W,0,-0.19634017,0.1453087478876114,0.9014925360679626,0.5331665873527527
YCL036W,YDR454C,0,-0.1964185,0.1452854424715042,0.9014925360679626,0.5332666039466858
YFR029W,YKR066C,0,-0.19641912,0.14526215195655823,0.9014925360679626,0.5333666801452637
YDR457W,YMR267W,0,-0.19686422,0.14523886144161224,0.9014925360679626,0.5334667563438416
YCR030C,YLR191W,0,-0.1969777,0.14521558582782745,0.9014925360679626,0.5335667729377747
YNL238W,YGL051W,0,-0.19701284,0.14519231021404266,0.9014925360679626,0.5336668491363525
YNL016W,YPL218W,0,-0.19708464,0.14516904950141907,0.9014925360679626,0.5337668657302856
YDR512C,YBR128C,0,-0.19744128,0.14514578878879547,0.9014925360679626,0.5338669419288635
YGL236C,YMR159C,0,-0.19749397,0.14512254297733307,0.9014925360679626,0.5339669585227966
YOR159C,YOR261C,0,-0.19750485,0.14509929716587067,0.9014925360679626,0.5340670347213745
YER154W,YPL274W,0,-0.19759995,0.14507606625556946,0.9014925360679626,0.5341671109199524
YAL040C,YDL039C,0,-0.19763151,0.14505283534526825,0.9014925360679626,0.5342671275138855
YCR093W,YDR310C,0,-0.19775414,0.14502961933612823,0.9014925360679626,0.5343672037124634
YLL055W,YNL121C,0,-0.19779584,0.14500640332698822,0.9014925360679626,0.5344672203063965
YOL026C,YLR380W,0,-0.19783217,0.1449832022190094,0.9014925360679626,0.5345672965049744
YKL171W,YBR129C,0,-0.19786894,0.14496000111103058,0.9014925360679626,0.5346673130989075
YGL014W,YJL095W,0,-0.1979036,0.14493681490421295,0.9014925360679626,0.5347673892974854
YHR074W,YGL050W,0,-0.19813496,0.14491362869739532,0.9014925360679626,0.5348674058914185
YGL236C,YLR073C,0,-0.19817191,0.1448904573917389,0.9014925360679626,0.5349674820899963
YOR142W,YOL151W,0,-0.19834721,0.14486728608608246,0.9014925360679626,0.5350675582885742
YPL147W,YCL057W,0,-0.19839042,0.14484412968158722,0.9014925360679626,0.5351675748825073
YBL076C,YJL171C,0,-0.19849694,0.14482097327709198,0.9014925360679626,0.5352676510810852
YDR498C,YLR251W,0,-0.19872311,0.14479783177375793,0.9014925360679626,0.5353676676750183
YMR117C,YLR163C,0,-0.19873586,0.1447746902704239,0.9014925360679626,0.5354677438735962
YJL174W,YOR190W,1,-0.19875851,0.14491133391857147,0.902487576007843,0.5354677438735962
YDR512C,YKR044W,0,-0.19877785,0.14488817751407623,0.902487576007843,0.5355677604675293
YLR314C,YNL095C,0,-0.19883665,0.1448650360107422,0.902487576007843,0.5356678366661072
YNL283C,YNL070W,0,-0.19889608,0.14484190940856934,0.902487576007843,0.5357679128646851
YCL008C,YCR087C-A,0,-0.19898084,0.14481878280639648,0.902487576007843,0.5358679294586182
YGL209W,YNR013C,0,-0.1991511,0.14479565620422363,0.902487576007843,0.535968005657196
YDR081C,YGL030W,0,-0.19915414,0.14477254450321198,0.902487576007843,0.5360680222511292
YDR245W,YOL062C,0,-0.19918463,0.1447494477033615,0.902487576007843,0.536168098449707
YER151C,YDL227C,0,-0.1992439,0.14472635090351105,0.902487576007843,0.5362681150436401
YPL150W,YGL200C,0,-0.1994448,0.14470325410366058,0.902487576007843,0.536368191242218
YER049W,YNL281W,0,-0.19947028,0.1446801722049713,0.902487576007843,0.5364682078361511
YMR146C,YJR032W,0,-0.19958577,0.14465709030628204,0.902487576007843,0.536568284034729
YIL143C,YHR069C,0,-0.19959092,0.14463402330875397,0.902487576007843,0.5366683602333069
YOR159C,YNL079C,0,-0.1997078,0.14461097121238708,0.902487576007843,0.53676837682724
YMR049C,YOL111C,0,-0.19976765,0.1445879191160202,0.902487576007843,0.5368684530258179
YLR043C,YNL239W,0,-0.19992316,0.14456486701965332,0.902487576007843,0.536968469619751
YCL074W,YER125W,0,-0.19994617,0.14454182982444763,0.902487576007843,0.5370685458183289
YPR026W,YFL045C,0,-0.19995439,0.14451880753040314,0.902487576007843,0.537168562412262
YBR195C,YHR079C,0,-0.20009294,0.14449578523635864,0.902487576007843,0.5372686386108398
YJL194W,YJL140W,0,-0.200149,0.14447276294231415,0.902487576007843,0.537368655204773
YML073C,YMR160W,0,-0.20032611,0.14444975554943085,0.902487576007843,0.5374687314033508
YLR425W,YCR052W,0,-0.20037878,0.14442674815654755,0.902487576007843,0.5375688076019287
YNR006W,YMR143W,0,-0.20055622,0.14440375566482544,0.902487576007843,0.5376688241958618
YBR247C,YML039W,0,-0.20059308,0.14438076317310333,0.902487576007843,0.5377689003944397
YDR411C,YBR059C,0,-0.2006636,0.14435778558254242,0.902487576007843,0.5378689169883728
YJL200C,YCL014W,0,-0.20085296,0.1443348228931427,0.902487576007843,0.5379689931869507
YNL145W,YGR279C,1,-0.20093206,0.1444709599018097,0.9034826159477234,0.5379689931869507
YHR074W,YOR311C,0,-0.20102033,0.14444798231124878,0.9034826159477234,0.5380690097808838
YDL107W,YDR062W,0,-0.20105296,0.14442500472068787,0.9034826159477234,0.5381690859794617
YNR021W,YIL021W,0,-0.20122707,0.14440204203128815,0.9034826159477234,0.5382691621780396
YLR203C,YOR349W,0,-0.20123076,0.14437907934188843,0.9034826159477234,0.5383691787719727
YDR457W,YAR035W,0,-0.20184314,0.1443561166524887,0.9034826159477234,0.5384692549705505
YHR132C,YGL071W,0,-0.20208779,0.14433316886425018,0.9034826159477234,0.5385692715644836
YMR097C,YOR219C,0,-0.2024323,0.14431023597717285,0.9034826159477234,0.5386693477630615
YMR038C,YGR027C,0,-0.20243844,0.14428730309009552,0.9034826159477234,0.5387693643569946
YHR164C,YFL038C,0,-0.20294663,0.14426438510417938,0.9034826159477234,0.5388694405555725
YIL170W,YNL122C,0,-0.20304906,0.14424146711826324,0.9034826159477234,0.5389694571495056
YNR002C,YNL259C,0,-0.20329675,0.1442185491323471,0.9034826159477234,0.5390695333480835
YBR261C,YKL096W-A,0,-0.20331392,0.14419564604759216,0.9034826159477234,0.5391696095466614
YER055C,YMR077C,0,-0.20333534,0.1441727578639984,0.9034826159477234,0.5392696261405945
YNL282W,YLR348C,0,-0.2033517,0.14414986968040466,0.9034826159477234,0.5393697023391724
YOR071C,YGL094C,0,-0.20339221,0.1441269814968109,0.9034826159477234,0.5394697189331055
YLR020C,YLR329W,0,-0.20341969,0.14410410821437836,0.9034826159477234,0.5395697951316833
YDR476C,YLR301W,0,-0.2034638,0.144081249833107,0.9034826159477234,0.5396698117256165
YBL058W,YEL036C,0,-0.20361021,0.14405839145183563,0.9034826159477234,0.5397698879241943
YCR014C,YDL078C,0,-0.20363411,0.14403553307056427,0.9034826159477234,0.5398699641227722
YBL026W,YNL219C,0,-0.20397359,0.1440126895904541,0.9034826159477234,0.5399699807167053
YOL141W,YLR130C,0,-0.20421821,0.14398984611034393,0.9034826159477234,0.5400700569152832
YPL078C,YKL124W,0,-0.20430541,0.14396701753139496,0.9034826159477234,0.5401700735092163
YNL282W,YLR050C,0,-0.20455697,0.14394420385360718,0.9034826159477234,0.5402701497077942
YLR153C,YBL079W,0,-0.20456296,0.1439213752746582,0.9034826159477234,0.5403701663017273
YOR142W,YPR006C,0,-0.20458022,0.14389857649803162,0.9034826159477234,0.5404702425003052
YMR077C,YAR035W,0,-0.20458484,0.14387577772140503,0.9034826159477234,0.5405702590942383
YBR162C,YCR089W,1,-0.2046718,0.14401140809059143,0.904477596282959,0.5405702590942383
YOR378W,YDR240C,0,-0.20501712,0.14398859441280365,0.904477596282959,0.5406703352928162
YEL012W,YIL142W,0,-0.20507234,0.14396579563617706,0.904477596282959,0.540770411491394
YKR066C,YPR001W,0,-0.20508271,0.14394299685955048,0.904477596282959,0.5408704280853271
YGL089C,YIL162W,1,-0.20566973,0.14407853782176971,0.9054726362228394,0.5408704280853271
YDR081C,YJR133W,0,-0.20572326,0.14405572414398193,0.9054726362228394,0.540970504283905
YLR025W,YIL140W,0,-0.20658332,0.14403292536735535,0.9054726362228394,0.5410705208778381
YMR315W,YDL111C,0,-0.20663765,0.14401012659072876,0.9054726362228394,0.541170597076416
YOL155C,YPL123C,1,-0.20669597,0.14414556324481964,0.9064676761627197,0.541170597076416
YGR264C,YFL045C,0,-0.2070199,0.14412276446819305,0.9064676761627197,0.5412706136703491
YNL145W,YNR067C,1,-0.20740187,0.14425814151763916,0.9074627161026001,0.5412706136703491
YDL021W,YHR051W,0,-0.20770627,0.14423532783985138,0.9074627161026001,0.541370689868927
YGL162W,YOL062C,0,-0.20788991,0.1442125290632248,0.9074627161026001,0.5414707064628601
YBR115C,YMR193W,0,-0.20796049,0.1441897302865982,0.9074627161026001,0.541570782661438
YOR323C,YLR130C,0,-0.20862144,0.14416693150997162,0.9074627161026001,0.5416708588600159
YPL252C,YNR013C,0,-0.20868698,0.14414414763450623,0.9074627161026001,0.541770875453949
YOL066C,YNL107W,0,-0.20889762,0.14412136375904083,0.9074627161026001,0.5418709516525269
YCR093W,YPL122C,0,-0.20897278,0.14409859478473663,0.9074627161026001,0.54197096824646
YDL121C,YLR386W,0,-0.20910394,0.14407582581043243,0.9074627161026001,0.5420710444450378
YHR029C,YHR179W,0,-0.20916253,0.14405307173728943,0.9074627161026001,0.542171061038971
YJL087C,YBR276C,0,-0.20934215,0.14403031766414642,0.9074627161026001,0.5422711372375488
YDL142C,YNL131W,0,-0.20948389,0.1440075784921646,0.9074627161026001,0.5423712134361267
YDR062W,YAL039C,0,-0.2097525,0.1439848393201828,0.9074627161026001,0.5424712300300598
YCL004W,YDR151C,0,-0.20993474,0.14396211504936218,0.9074627161026001,0.5425713062286377
YHR004C,YMR227C,0,-0.20996222,0.14393939077854156,0.9074627161026001,0.5426713228225708
YJL178C,YNL219C,0,-0.20998102,0.14391668140888214,0.9074627161026001,0.5427713990211487
YNL307C,YHR051W,0,-0.21027473,0.14389397203922272,0.9074627161026001,0.5428714156150818
YDL142C,YOR285W,0,-0.21032211,0.1438712775707245,0.9074627161026001,0.5429714918136597
YCR014C,YBR282W,0,-0.21034062,0.14384858310222626,0.9074627161026001,0.5430715084075928
YIR018W,YDR159W,0,-0.21039286,0.14382588863372803,0.9074627161026001,0.5431715846061707
YLR228C,YDR059C,0,-0.21050885,0.14380322396755219,0.9074627161026001,0.5432716608047485
YBR155W,YNL230C,0,-0.21070614,0.14378054440021515,0.9074627161026001,0.5433716773986816
YPL183W-A,YKR102W,0,-0.21071059,0.1437578797340393,0.9074627161026001,0.5434717535972595
YOL145C,YJL034W,0,-0.21095884,0.14373522996902466,0.9074627161026001,0.5435717701911926
YMR020W,YJL029C,0,-0.21097463,0.14371258020401,0.9074627161026001,0.5436718463897705
YNL314W,YOL102C,0,-0.21101579,0.14368993043899536,0.9074627161026001,0.5437718629837036
YEL030W,YDR364C,0,-0.21101764,0.1436672955751419,0.9074627161026001,0.5438719391822815
YKR054C,YLR206W,0,-0.21113494,0.14364467561244965,0.9074627161026001,0.5439720153808594
YNL208W,YMR034C,0,-0.21118543,0.1436220407485962,0.9074627161026001,0.5440720319747925
YPR133W-A,YGR239C,0,-0.21149728,0.14359943568706512,0.9074627161026001,0.5441721081733704
YDL059C,YDR373W,0,-0.21157444,0.14357683062553406,0.9074627161026001,0.5442721247673035
YER151C,YOL124C,0,-0.21172607,0.143554225564003,0.9074627161026001,0.5443722009658813
YGR258C,YMR296C,0,-0.21195585,0.14353163540363312,0.9074627161026001,0.5444722175598145
YDR067C,YNL283C,0,-0.212071,0.14350904524326324,0.9074627161026001,0.5445722937583923
YLR157C,YHR214W,1,-0.21228325,0.1436437964439392,0.9084576964378357,0.5445722937583923
YLR130C,YLL043W,0,-0.2122879,0.14362120628356934,0.9084576964378357,0.5446723103523254
YLR206W,YLL034C,0,-0.21254888,0.14359861612319946,0.9084576964378357,0.5447723865509033
YOR301W,YKL144C,0,-0.21257153,0.14357604086399078,0.9084576964378357,0.5448724627494812
YKL094W,YHR057C,0,-0.2125743,0.1435534656047821,0.9084576964378357,0.5449724793434143
YIL002C,YNR060W,0,-0.21297735,0.14353089034557343,0.9084576964378357,0.5450725555419922
YJL112W,YNL182C,0,-0.21304137,0.14350832998752594,0.9084576964378357,0.5451725721359253
YNL172W,YDR262W,0,-0.21310201,0.14348578453063965,0.9084576964378357,0.5452726483345032
YBR243C,YKR028W,0,-0.2132068,0.14346322417259216,0.9084576964378357,0.5453726649284363
YOR292C,YLR278C,0,-0.21332183,0.14344069361686707,0.9084576964378357,0.5454727411270142
YER101C,YLR301W,0,-0.21361625,0.14341816306114197,0.9084576964378357,0.5455727577209473
YPR135W,YGL014W,0,-0.21381733,0.14339563250541687,0.9084576964378357,0.5456728339195251
YKL093W,YMR025W,0,-0.2138702,0.14337311685085297,0.9084576964378357,0.545772910118103
YER017C,YHR079C,0,-0.2139673,0.14335060119628906,0.9084576964378357,0.5458729267120361
YMR272C,YDL040C,0,-0.21399489,0.14332810044288635,0.9084576964378357,0.545973002910614
YML049C,YCL004W,0,-0.2142488,0.14330559968948364,0.9084576964378357,0.5460730195045471
YOR382W,YKL168C,0,-0.21439195,0.14328311383724213,0.9084576964378357,0.546173095703125
YPR002W,YLR309C,0,-0.21459743,0.1432606279850006,0.9084576964378357,0.5462731122970581
YDL061C,YPL240C,0,-0.21491596,0.1432381570339203,0.9084576964378357,0.546373188495636
YMR038C,YJL124C,0,-0.21495202,0.14321568608283997,0.9084576964378357,0.5464732646942139
YGR020C,YNL239W,0,-0.21522489,0.14319323003292084,0.9084576964378357,0.546573281288147
YIL035C,YKL172W,0,-0.21523139,0.1431707739830017,0.9084576964378357,0.5466733574867249
YGR285C,YDR472W,0,-0.21525529,0.14314831793308258,0.9084576964378357,0.546773374080658
YGR216C,YBL113C,0,-0.2153866,0.14312587678432465,0.9084576964378357,0.5468734502792358
YBR081C,YLL019C,0,-0.215594,0.1431034505367279,0.9084576964378357,0.546973466873169
YOR084W,YJR021C,0,-0.21575886,0.14308102428913116,0.9084576964378357,0.5470735430717468
YOR382W,YNR003C,0,-0.21592927,0.14305859804153442,0.9084576964378357,0.5471735596656799
YMR039C,YOL090W,0,-0.21606293,0.14303618669509888,0.9084576964378357,0.5472736358642578
YOL145C,YKL206C,0,-0.21631518,0.14301379024982452,0.9084576964378357,0.5473737120628357
YJR092W,YGR118W,0,-0.21652818,0.14299137890338898,0.9084576964378357,0.5474737286567688
YBR172C,YLR353W,0,-0.21683568,0.14296899735927582,0.9084576964378357,0.5475738048553467
YNL070W,YLR278C,0,-0.21685317,0.14294661581516266,0.9084576964378357,0.5476738214492798
YLR182W,YOR126C,0,-0.21698186,0.1429242342710495,0.9084576964378357,0.5477738976478577
YNL008C,YFR029W,0,-0.21707904,0.14290186762809753,0.9084576964378357,0.5478739142417908
YER168C,YJR130C,0,-0.21712902,0.14287950098514557,0.9084576964378357,0.5479739904403687
YOL165C,YPL078C,0,-0.21729624,0.1428571492433548,0.9084576964378357,0.5480740666389465
YJR036C,YDR195W,0,-0.21731895,0.14283479750156403,0.9084576964378357,0.5481740832328796
YMR032W,YNL238W,0,-0.21754482,0.14281244575977325,0.9084576964378357,0.5482741594314575
YIL134W,YOR230W,0,-0.21801579,0.14279010891914368,0.9084576964378357,0.5483741760253906
YNL145W,YLR390W-A,1,-0.21821404,0.14292415976524353,0.9094527363777161,0.5483741760253906
YER165W,YNL182C,0,-0.21834052,0.14290180802345276,0.9094527363777161,0.5484742522239685
YKR103W,YHR061C,0,-0.21845105,0.14287947118282318,0.9094527363777161,0.5485742688179016
YKL182W,YKL022C,0,-0.21850082,0.1428571492433548,0.9094527363777161,0.5486743450164795
YIR038C,YDR415C,0,-0.21860734,0.14283481240272522,0.9094527363777161,0.5487743616104126
YHR012W,YJR147W,0,-0.21875018,0.14281250536441803,0.9094527363777161,0.5488744378089905
YOL151W,YBR192W,0,-0.21879056,0.14279018342494965,0.9094527363777161,0.5489745140075684
YGL026C,YLR429W,0,-0.21885386,0.14276789128780365,0.9094527363777161,0.5490745306015015
YML132W,YMR075W,0,-0.218957,0.14274558424949646,0.9094527363777161,0.5491746068000793
YOR168W,YMR025W,0,-0.21922114,0.14272329211235046,0.9094527363777161,0.5492746233940125
YEL056W,YIL048W,0,-0.21953017,0.14270101487636566,0.9094527363777161,0.5493746995925903
YJR070C,YIL177C,0,-0.21956891,0.14267873764038086,0.9094527363777161,0.5494747161865234
YJL160C,YLR194C,1,-0.21981758,0.1428125500679016,0.9104477763175964,0.5494747161865234
YKL161C,YPL131W,0,-0.2198636,0.14279025793075562,0.9104477763175964,0.5495747923851013
YLR009W,YDL140C,0,-0.2200594,0.1427679806947708,0.9104477763175964,0.5496748089790344
YNL121C,YOR123C,0,-0.22016728,0.142745703458786,0.9104477763175964,0.5497748851776123
YJL159W,YLR194C,1,-0.22022042,0.1428794264793396,0.911442756652832,0.5497748851776123
YJL171C,YKL015W,0,-0.22031692,0.1428571492433548,0.911442756652832,0.5498749613761902
YJR005W,YMR025W,0,-0.22032276,0.14283487200737,0.911442756652832,0.5499749779701233
YBR020W,YKR019C,0,-0.2204178,0.1428125947713852,0.911442756652832,0.5500750541687012
YFL048C,YLR350W,0,-0.22042748,0.14279033243656158,0.911442756652832,0.5501750707626343
YCL018W,YIR018W,0,-0.22062424,0.14276808500289917,0.911442756652832,0.5502751469612122
YBR282W,YGR070W,0,-0.22064403,0.14274583756923676,0.911442756652832,0.5503751635551453
YMR250W,YDL225W,0,-0.22081345,0.14272359013557434,0.911442756652832,0.5504752397537231
YOR239W,YOL111C,0,-0.22100198,0.14270135760307312,0.911442756652832,0.550575315952301
YDL047W,YOL104C,0,-0.2214396,0.1426791250705719,0.911442756652832,0.5506753325462341
YLR213C,YDR508C,0,-0.22146297,0.14265690743923187,0.911442756652832,0.550775408744812
YIR018W,YLR033W,0,-0.22157726,0.14263468980789185,0.911442756652832,0.5508754253387451
YMR315W,YMR321C,0,-0.2218759,0.142612487077713,0.911442756652832,0.550975501537323
YOR168W,YOR298W,0,-0.2219609,0.14259028434753418,0.911442756652832,0.5510755181312561
YNR017W,YPL188W,0,-0.22201067,0.14256809651851654,0.911442756652832,0.551175594329834
YJR112W,YIL042C,0,-0.2222577,0.1425459086894989,0.911442756652832,0.5512756109237671
YMR238W,YOR327C,0,-0.22228515,0.14252372086048126,0.911442756652832,0.551375687122345
YGL180W,YOL038W,0,-0.22248486,0.142501562833786,0.911442756652832,0.5514757633209229
YPL276W,YOL040C,0,-0.22255188,0.14247938990592957,0.911442756652832,0.551575779914856
YKL013C,YLR151C,0,-0.22275808,0.14245723187923431,0.911442756652832,0.5516758561134338
YLR395C,YDR226W,0,-0.22296849,0.14243507385253906,0.911442756652832,0.5517758727073669
YKL190W,YDR222W,0,-0.22298151,0.142412930727005,0.911442756652832,0.5518759489059448
YLR289W,YMR210W,0,-0.22313562,0.14239080250263214,0.911442756652832,0.5519759654998779
YNL070W,YDR416W,0,-0.22320387,0.14236865937709808,0.911442756652832,0.5520760416984558
YDR472W,YKL172W,0,-0.2232559,0.1423465460538864,0.911442756652832,0.5521760582923889
YOR145C,YBR115C,0,-0.22331426,0.14232441782951355,0.911442756652832,0.5522761344909668
YGR056W,YOR243C,0,-0.22341517,0.14230231940746307,0.911442756652832,0.5523762106895447
YNL138W,YJR053W,0,-0.2235938,0.1422802060842514,0.911442756652832,0.5524762272834778
YKL041W,YJR063W,0,-0.22368678,0.14225810766220093,0.911442756652832,0.5525763034820557
YGR036C,YOR123C,0,-0.2238321,0.14223602414131165,0.911442756652832,0.5526763200759888
YER013W,YPL087W,0,-0.22388741,0.14221394062042236,0.911442756652832,0.5527763962745667
YNR006W,YOR187W,0,-0.2239297,0.14219187200069427,0.911442756652832,0.5528764128684998
YMR321C,YDR461W,0,-0.22403184,0.1421698033809662,0.911442756652832,0.5529764890670776
YPR200C,YLR429W,0,-0.2241236,0.1421477347612381,0.911442756652832,0.5530765652656555
YNL117W,YKL130C,0,-0.22464168,0.1421256810426712,0.911442756652832,0.5531765818595886
YDL206W,YDR062W,0,-0.22486907,0.1421036273241043,0.911442756652832,0.5532766580581665
YOR071C,YHR174W,0,-0.22499448,0.1420815885066986,0.911442756652832,0.5533766746520996
YKL161C,YJL172W,0,-0.22500283,0.1420595496892929,0.911442756652832,0.5534767508506775
YDR026C,YNR018W,0,-0.22535136,0.1420375257730484,0.911442756652832,0.5535767674446106
YKL013C,YMR269W,0,-0.22536322,0.1420155018568039,0.911442756652832,0.5536768436431885
YOR243C,YOR292C,0,-0.22550422,0.14199349284172058,0.911442756652832,0.5537768602371216
YDR285W,YGR155W,0,-0.22553879,0.14197148382663727,0.911442756652832,0.5538769364356995
YNL160W,YHR214W,1,-0.22565511,0.14210444688796997,0.9124377965927124,0.5538769364356995
YOL102C,YCL043C,0,-0.22626022,0.14208242297172546,0.9124377965927124,0.5539770126342773
YDL246C,YHR209W,0,-0.22654524,0.14206041395664215,0.9124377965927124,0.5540770292282104
YLR295C,YOR187W,0,-0.22681871,0.14203841984272003,0.9124377965927124,0.5541771054267883
YNL127W,YCL043C,0,-0.22694159,0.14201641082763672,0.9124377965927124,0.5542771220207214
YNL208W,YIR039C,0,-0.2270745,0.1419944316148758,0.9124377965927124,0.5543771982192993
YBR261C,YNL092W,0,-0.22733828,0.14197243750095367,0.9124377965927124,0.5544772148132324
YDL245C,YKR020W,0,-0.22780758,0.14195045828819275,0.9124377965927124,0.5545772910118103
YBL058W,YKR035W-A,0,-0.22794521,0.14192849397659302,0.9124377965927124,0.5546773672103882
YHR209W,YPL050C,0,-0.22804114,0.1419065296649933,0.9124377965927124,0.5547773838043213
YJL011C,YAR027W,0,-0.22806737,0.14188458025455475,0.9124377965927124,0.5548774600028992
YIL088C,YER130C,0,-0.22814289,0.1418626308441162,0.9124377965927124,0.5549774765968323
YAL005C,YGR282C,1,-0.22817725,0.1419953554868698,0.9134328365325928,0.5549774765968323
YHR061C,YPL110C,0,-0.22832254,0.14197340607643127,0.9134328365325928,0.5550775527954102
YJR107W,YOR212W,0,-0.22854447,0.14195144176483154,0.9134328365325928,0.5551775693893433
YJL172W,YNL078W,0,-0.22854537,0.141929492354393,0.9134328365325928,0.5552776455879211
YGL062W,YMR160W,0,-0.22864917,0.14190755784511566,0.9134328365325928,0.5553776621818542
YNL223W,YCR011C,0,-0.22890753,0.14188562333583832,0.9134328365325928,0.5554777383804321
YDR378C,YKL082C,0,-0.22893474,0.14186370372772217,0.9134328365325928,0.55557781457901
YKL090W,YHR004C,0,-0.2289691,0.14184178411960602,0.9134328365325928,0.5556778311729431
YJR149W,YOR324C,0,-0.22909307,0.14181986451148987,0.9134328365325928,0.555777907371521
YJR083C,YJR103W,0,-0.22916001,0.1417979598045349,0.9134328365325928,0.5558779239654541
YPR011C,YPL252C,0,-0.22930858,0.14177605509757996,0.9134328365325928,0.555978000164032
YGL237C,YGR155W,0,-0.2302135,0.1417541652917862,0.9134328365325928,0.5560780167579651
YPR113W,YLR389C,0,-0.23030165,0.14173229038715363,0.9134328365325928,0.556178092956543
YJR051W,YJR133W,0,-0.23032096,0.14171040058135986,0.9134328365325928,0.5562781095504761
YDR371W,YBR042C,0,-0.23032135,0.1416885256767273,0.9134328365325928,0.556378185749054
YMR008C,YCL032W,0,-0.23039293,0.14166666567325592,0.9134328365325928,0.5564782619476318
YLL004W,YPR190C,0,-0.23047066,0.14164480566978455,0.9134328365325928,0.5565782785415649
YIR038C,YDL225W,0,-0.23061135,0.14162296056747437,0.9134328365325928,0.5566783547401428
YMR038C,YIL083C,0,-0.23067954,0.14160111546516418,0.9134328365325928,0.5567783713340759
YER150W,YML036W,0,-0.23070434,0.141579270362854,0.9134328365325928,0.5568784475326538
YGL158W,YDR310C,0,-0.2307058,0.14155744016170502,0.9134328365325928,0.5569784641265869
YDR460W,YHL012W,0,-0.2307303,0.14153560996055603,0.9134328365325928,0.5570785403251648
YPL042C,YBL041W,0,-0.23079965,0.14151379466056824,0.9134328365325928,0.5571786165237427
YNR021W,YDR403W,0,-0.23093122,0.14149197936058044,0.9134328365325928,0.5572786331176758
YLR291C,YJL206C,0,-0.23110902,0.14147017896175385,0.9134328365325928,0.5573787093162537
YDR240C,YPL218W,0,-0.23127562,0.14144837856292725,0.9134328365325928,0.5574787259101868
YOL141W,YMR321C,0,-0.23142084,0.14142659306526184,0.9134328365325928,0.5575788021087646
YAL060W,YBL026W,0,-0.23149806,0.14140480756759644,0.9134328365325928,0.5576788187026978
YHR175W,YPL098C,0,-0.23157254,0.14138302206993103,0.9134328365325928,0.5577788949012756
YKL163W,YKR102W,1,-0.23166364,0.14151524007320404,0.9144278764724731,0.5577788949012756
YFL057C,YLR047C,0,-0.23180443,0.14149345457553864,0.9144278764724731,0.5578789114952087
YDR378C,YJR133W,0,-0.23185271,0.14147166907787323,0.9144278764724731,0.5579789876937866
YDR518W,YDR310C,0,-0.23197627,0.14144989848136902,0.9144278764724731,0.5580790638923645
YJL066C,YLR316C,0,-0.23222595,0.1414281278848648,0.9144278764724731,0.5581790804862976
YCL043C,YNL239W,0,-0.23226294,0.1414063721895218,0.9144278764724731,0.5582791566848755
YLL051C,YBL068W,0,-0.2325319,0.14138461649417877,0.9144278764724731,0.5583791732788086
YJR092W,YBR074W,0,-0.23262304,0.14136286079883575,0.9144278764724731,0.5584792494773865
YNL232W,YKL166C,0,-0.232826,0.14134112000465393,0.9144278764724731,0.5585792660713196
YBR002C,YNL078W,0,-0.23283577,0.1413193941116333,0.9144278764724731,0.5586793422698975
YDL036C,YGL051W,0,-0.2329101,0.14129766821861267,0.9144278764724731,0.5587794184684753
YJL087C,YER130C,0,-0.23310211,0.14127594232559204,0.9144278764724731,0.5588794350624084
YLR270W,YDR444W,0,-0.23363617,0.1412542313337326,0.9144278764724731,0.5589795112609863
YKR101W,YJR063W,0,-0.2340784,0.14123252034187317,0.9144278764724731,0.5590795278549194
YAR002C-A,YNR067C,0,-0.23413712,0.14121082425117493,0.9144278764724731,0.5591796040534973
YKL041W,YIL170W,0,-0.23416963,0.14118912816047668,0.9144278764724731,0.5592796206474304
YJR032W,YMR267W,0,-0.23419893,0.14116743206977844,0.9144278764724731,0.5593796968460083
YGR169C,YHR051W,0,-0.23436299,0.1411457508802414,0.9144278764724731,0.5594797134399414
YBR260C,YJL155C,0,-0.23440284,0.14112408459186554,0.9144278764724731,0.5595797896385193
YHR164C,YML049C,0,-0.23441169,0.1411024034023285,0.9144278764724731,0.5596798658370972
YIL035C,YNR002C,0,-0.23446488,0.14108075201511383,0.9144278764724731,0.5597798824310303
YLR395C,YLR316C,0,-0.23452643,0.14105910062789917,0.9144278764724731,0.5598799586296082
YGR264C,YMR319C,0,-0.23454997,0.1410374492406845,0.9144278764724731,0.5599799752235413
YML032C,YIL083C,0,-0.23494479,0.14101579785346985,0.9144278764724731,0.5600800514221191
YDL059C,YJR034W,0,-0.23526514,0.14099417626857758,0.9144278764724731,0.5601800680160522
YPR135W,YGL051W,0,-0.2357378,0.1409725397825241,0.9144278764724731,0.5602801442146301
YLR270W,YDR332W,0,-0.23578757,0.14095091819763184,0.9144278764724731,0.5603801608085632
YIL143C,YAL038W,0,-0.23581204,0.14092931151390076,0.9144278764724731,0.5604802370071411
YCR030C,YOR074C,0,-0.23581418,0.14090768992900848,0.9144278764724731,0.560580313205719
YOR298W,YDR415C,0,-0.23586813,0.1408860981464386,0.9144278764724731,0.5606803297996521
YBL058W,YHR004C,0,-0.2361475,0.1408645063638687,0.9144278764724731,0.56078040599823
YPL131W,YFL021W,0,-0.2362327,0.14084291458129883,0.9144278764724731,0.5608804225921631
YLR020C,YOL052C,0,-0.23641336,0.14082132279872894,0.9144278764724731,0.560980498790741
YML073C,YOR239W,0,-0.23650593,0.14079976081848145,0.9144278764724731,0.5610805153846741
YJR057W,YML099C,0,-0.2368854,0.14077818393707275,0.9144278764724731,0.561180591583252
YKR066C,YER137C,0,-0.23688874,0.14075662195682526,0.9144278764724731,0.5612806677818298
YNL008C,YDL227C,0,-0.23705313,0.14073507487773895,0.9144278764724731,0.5613806843757629
YKL180W,YNR028W,0,-0.23705894,0.14071351289749146,0.9144278764724731,0.5614807605743408
YPL129W,YMR239C,0,-0.23732167,0.14069198071956635,0.9144278764724731,0.5615807771682739
YDR410C,YBR141C,0,-0.23734611,0.14067044854164124,0.9144278764724731,0.5616808533668518
YHR041C,YBR115C,0,-0.23737952,0.14064891636371613,0.9144278764724731,0.5617808699607849
YMR321C,YLR285W,0,-0.23741788,0.14062738418579102,0.9144278764724731,0.5618809461593628
YHR029C,YJL191W,0,-0.23774266,0.1406058818101883,0.9144278764724731,0.5619809627532959
YOL145C,YOR209C,0,-0.23786953,0.14058436453342438,0.9144278764724731,0.5620810389518738
YAL060W,YGR246C,0,-0.23799819,0.14056286215782166,0.9144278764724731,0.5621811151504517
YDR233C,YEL053C,0,-0.23811805,0.14054135978221893,0.9144278764724731,0.5622811317443848
YOL057W,YFL010W-A,0,-0.23811954,0.1405198723077774,0.9144278764724731,0.5623812079429626
YNL010W,YPL244C,0,-0.238184,0.14049839973449707,0.9144278764724731,0.5624812245368958
YGR105W,YMR099C,0,-0.23827624,0.14047691226005554,0.9144278764724731,0.5625813007354736
YJL079C,YDR032C,1,-0.23846185,0.1406082808971405,0.9154228568077087,0.5625813007354736
YBR260C,YBR141C,0,-0.23860034,0.14058679342269897,0.9154228568077087,0.5626813173294067
YNL283C,YKL206C,0,-0.23887965,0.14056532084941864,0.9154228568077087,0.5627813935279846
YLR037C,YHR214W,1,-0.23916855,0.14069661498069763,0.9164178967475891,0.5627813935279846
YKL210W,YPL112C,0,-0.23918265,0.1406751126050949,0.9164178967475891,0.5628814697265625
YPL147W,YGL241W,0,-0.23952231,0.14065364003181458,0.9164178967475891,0.5629814863204956
YNL006W,YER130C,0,-0.23972276,0.14063215255737305,0.9164178967475891,0.5630815625190735
YKL206C,YML052W,0,-0.23972845,0.1406106799840927,0.9164178967475891,0.5631815791130066
YER154W,YGL148W,0,-0.23982662,0.14058922231197357,0.9164178967475891,0.5632816553115845
YDR512C,YDR226W,0,-0.23982668,0.14056776463985443,0.9164178967475891,0.5633816719055176
YHR030C,YEL040W,0,-0.24001572,0.14054632186889648,0.9164178967475891,0.5634817481040955
YAL005C,YJR151C,1,-0.2400279,0.14067745208740234,0.9174129366874695,0.5634817481040955
YGR010W,YOR038C,0,-0.24024785,0.1406559944152832,0.9174129366874695,0.5635817646980286
YIL095W,YKR035W-A,0,-0.24049252,0.14063453674316406,0.9174129366874695,0.5636818408966064
YBR081C,YKR066C,0,-0.2407789,0.14061307907104492,0.9174129366874695,0.5637819170951843
YMR203W,YDL022W,0,-0.24084207,0.14059165120124817,0.9174129366874695,0.5638819336891174
YOR084W,YDL061C,0,-0.24111763,0.14057020843029022,0.9174129366874695,0.5639820098876953
YPR111W,YNL110C,0,-0.24127075,0.14054878056049347,0.9174129366874695,0.5640820264816284
YDL078C,YOR349W,0,-0.24127984,0.14052735269069672,0.9174129366874695,0.5641821026802063
YER050C,YMR025W,0,-0.24129483,0.14050593972206116,0.9174129366874695,0.5642821192741394
YDR353W,YOL054W,0,-0.24172571,0.1404845416545868,0.9174129366874695,0.5643821954727173
YOR159C,YMR203W,0,-0.24173748,0.14046312868595123,0.9174129366874695,0.5644822120666504
YOR304C-A,YLR042C,0,-0.24206743,0.14044173061847687,0.9174129366874695,0.5645822882652283
YDR472W,YMR273C,0,-0.24209747,0.1404203474521637,0.9174129366874695,0.5646823644638062
YJR057W,YNL182C,0,-0.2420997,0.14039896428585052,0.9174129366874695,0.5647823810577393
YPR135W,YBR230C,0,-0.24240723,0.14037758111953735,0.9174129366874695,0.5648824572563171
YNL102W,YKL172W,0,-0.242416,0.14035621285438538,0.9174129366874695,0.5649824738502502
YDR499W,YCR057C,0,-0.24268341,0.1403348594903946,0.9174129366874695,0.5650825500488281
YNR074C,YGL094C,0,-0.24287307,0.1403135061264038,0.9174129366874695,0.5651825666427612
YCL018W,YNL032W,0,-0.24294063,0.14029215276241302,0.9174129366874695,0.5652826428413391
YBR282W,YBR173C,0,-0.24295017,0.14027079939842224,0.9174129366874695,0.565382719039917
YMR176W,YLR151C,0,-0.24321291,0.14024946093559265,0.9174129366874695,0.5654827356338501
YOR054C,YNL283C,0,-0.24327388,0.14022813737392426,0.9174129366874695,0.565582811832428
YDR067C,YCL034W,0,-0.24328744,0.14020681381225586,0.9174129366874695,0.5656828284263611
YNL160W,YDR371W,1,-0.2433325,0.14033754169940948,0.9184079766273499,0.5656828284263611
YDL035C,YLR251W,0,-0.24338037,0.1403162032365799,0.9184079766273499,0.565782904624939
YPR072W,YER103W,0,-0.24360055,0.1402948796749115,0.9184079766273499,0.5658829212188721
YOR324C,YDR410C,0,-0.2440652,0.1402735561132431,0.9184079766273499,0.56598299741745
YIL128W,YKL009W,0,-0.2441051,0.1402522474527359,0.9184079766273499,0.5660830140113831
YFR052W,YDR508C,0,-0.24453515,0.1402309387922287,0.9184079766273499,0.5661830902099609
YLL004W,YGR118W,0,-0.24490297,0.1402096301317215,0.9184079766273499,0.5662831664085388
YOR291W,YDR449C,0,-0.24492627,0.1401883363723755,0.9184079766273499,0.5663831830024719
YDR378C,YER017C,0,-0.24494469,0.14016704261302948,0.9184079766273499,0.5664832592010498
YER154W,YMR179W,0,-0.2450299,0.14014576375484467,0.9184079766273499,0.5665832757949829
YOR126C,YNL110C,0,-0.24528486,0.14012448489665985,0.9184079766273499,0.5666833519935608
YNR002C,YDR260C,0,-0.24541688,0.14010322093963623,0.9184079766273499,0.5667833685874939
YIL177C,YPR138C,0,-0.2455303,0.1400819569826126,0.9184079766273499,0.5668834447860718
YER055C,YMR034C,0,-0.24557975,0.140060693025589,0.9184079766273499,0.5669835209846497
YKL007W,YLR359W,0,-0.24592555,0.14003944396972656,0.9184079766273499,0.5670835375785828
YKL046C,YMR008C,1,-0.24623638,0.1401699036359787,0.9194029569625854,0.5670835375785828
YLR228C,YKL186C,0,-0.24634197,0.14014863967895508,0.9194029569625854,0.5671836137771606
YLL051C,YGL209W,0,-0.24636364,0.14012739062309265,0.9194029569625854,0.5672836303710938
YHR066W,YNL290W,0,-0.24647743,0.14010614156723022,0.9194029569625854,0.5673837065696716
YHL034C,YDR415C,0,-0.24651802,0.1400848925113678,0.9194029569625854,0.5674837231636047
YLR037C,YDR371W,1,-0.24682644,0.14021524786949158,0.9203979969024658,0.5674837231636047
YOR099W,YJR040W,0,-0.2468532,0.14019399881362915,0.9203979969024658,0.5675837993621826
YAL060W,YHR135C,0,-0.2470488,0.14017274975776672,0.9203979969024658,0.5676838159561157
YHR074W,YOL158C,0,-0.24715644,0.1401515156030655,0.9203979969024658,0.5677838921546936
YGR113W,YNL121C,0,-0.24719387,0.14013028144836426,0.9203979969024658,0.5678839683532715
YKL182W,YKL003C,0,-0.24741346,0.14010906219482422,0.9203979969024658,0.5679839849472046
YOL129W,YLR024C,0,-0.24769795,0.14008784294128418,0.9203979969024658,0.5680840611457825
YPR162C,YBL028C,0,-0.24806061,0.14006662368774414,0.9203979969024658,0.5681840777397156
YLL051C,YGR020C,0,-0.24812564,0.1400454193353653,0.9203979969024658,0.5682841539382935
YLR440C,YBR061C,0,-0.24825186,0.14002421498298645,0.9203979969024658,0.5683841705322266
YLR024C,YLR145W,0,-0.2482644,0.1400030255317688,0.9203979969024658,0.5684842467308044
YIR018W,YKL085W,0,-0.24861029,0.13998183608055115,0.9203979969024658,0.5685842633247375
YOL010W,YDL128W,0,-0.24866593,0.1399606615304947,0.9203979969024658,0.5686843395233154
YOR304W,YCR087C-A,0,-0.2487508,0.13993948698043823,0.9203979969024658,0.5687844157218933
YPR198W,YGL220W,0,-0.2487984,0.13991831243038177,0.9203979969024658,0.5688844323158264
YHR047C,YNL258C,0,-0.24880436,0.1398971527814865,0.9203979969024658,0.5689845085144043
YDR172W,YGL183C,0,-0.24891743,0.13987600803375244,0.9203979969024658,0.5690845251083374
YLR107W,YDL107W,0,-0.24893406,0.13985484838485718,0.9203979969024658,0.5691846013069153
YKL163W,YGL089C,1,-0.24894738,0.1399848759174347,0.9213930368423462,0.5691846013069153
YDR083W,YGR095C,0,-0.2491431,0.13996373116970062,0.9213930368423462,0.5692846179008484
YDR460W,YLL061W,0,-0.24914509,0.13994257152080536,0.9213930368423462,0.5693846940994263
YHR085W,YMR099C,0,-0.24915862,0.1399214267730713,0.9213930368423462,0.5694847702980042
YGL200C,YLL061W,0,-0.24917576,0.13990028202533722,0.9213930368423462,0.5695847868919373
YOR147W,YDR195W,0,-0.2492826,0.13987915217876434,0.9213930368423462,0.5696848630905151
YGL209W,YLR203C,0,-0.24946856,0.13985802233219147,0.9213930368423462,0.5697848796844482
YLR395C,YKR069W,0,-0.24957204,0.13983690738677979,0.9213930368423462,0.5698849558830261
YGR252W,YLR270W,0,-0.24977118,0.1398157924413681,0.9213930368423462,0.5699849724769592
YOL070C,YLR224W,0,-0.25008065,0.13979469239711761,0.9213930368423462,0.5700850486755371
YBL041W,YNL239W,0,-0.25015268,0.13977359235286713,0.9213930368423462,0.5701850652694702
YGR171C,YBR042C,0,-0.25065076,0.13975249230861664,0.9213930368423462,0.5702851414680481
YOR274W,YMR173W,0,-0.25090602,0.13973140716552734,0.9213930368423462,0.570385217666626
YDR527W,YGR027C,0,-0.25108373,0.13971032202243805,0.9213930368423462,0.5704852342605591
YGR169C,YLL012W,0,-0.2517078,0.13968923687934875,0.9213930368423462,0.570585310459137
YDR245W,YDR229W,0,-0.25181347,0.13966818153858185,0.9213930368423462,0.5706853270530701
YDL040C,YNL182C,0,-0.25199875,0.13964711129665375,0.9213930368423462,0.570785403251648
YGR169C,YKR035W-A,0,-0.2520072,0.13962605595588684,0.9213930368423462,0.570885419845581
YDR090C,YBR172C,0,-0.25211307,0.13960500061511993,0.9213930368423462,0.5709854960441589
YMR168C,YNL262W,0,-0.25213343,0.13958396017551422,0.9213930368423462,0.5710855722427368
YDR451C,YKL015W,0,-0.25239244,0.1395629197359085,0.9213930368423462,0.5711855888366699
YMR033W,YJL085W,0,-0.25247195,0.139541894197464,0.9213930368423462,0.5712856650352478
YBR170C,YJR133W,0,-0.25252768,0.13952086865901947,0.9213930368423462,0.5713856816291809
YAL060W,YIL170W,0,-0.25257748,0.13949984312057495,0.9213930368423462,0.5714857578277588
YKR019C,YBR155W,0,-0.25266173,0.13947883248329163,0.9213930368423462,0.5715857744216919
YJR028W,YDR207C,0,-0.2528793,0.1394578367471695,0.9213930368423462,0.5716858506202698
YML051W,YNR017W,0,-0.25298527,0.13943682610988617,0.9213930368423462,0.5717858672142029
YOR176W,YOL108C,0,-0.2532475,0.13941584527492523,0.9213930368423462,0.5718859434127808
YOL101C,YPR152C,0,-0.25333592,0.1393948495388031,0.9213930368423462,0.5719860196113586
YER154W,YKL095W,0,-0.2533375,0.13937386870384216,0.9213930368423462,0.5720860362052917
YML099C,YER002W,0,-0.25339046,0.13935290277004242,0.9213930368423462,0.5721861124038696
YKL022C,YKL172W,0,-0.25341898,0.13933192193508148,0.9213930368423462,0.5722861289978027
YMR117C,YGL014W,0,-0.2537883,0.13931097090244293,0.9213930368423462,0.5723862051963806
YLR203C,YKL130C,0,-0.2540326,0.1392900049686432,0.9213930368423462,0.5724862217903137
YGR171C,YLR024C,0,-0.25421566,0.13926906883716583,0.9213930368423462,0.5725862979888916
YOR301W,YGR036C,0,-0.2543124,0.13924811780452728,0.9213930368423462,0.5726863145828247
YKL171W,YOR138C,0,-0.25478646,0.13922718167304993,0.9213930368423462,0.5727863907814026
YPL110C,YDR195W,0,-0.25494832,0.13920626044273376,0.9213930368423462,0.5728864669799805
YDR383C,YDL035C,0,-0.25498655,0.1391853243112564,0.9213930368423462,0.5729864835739136
YMR013C,YEL029C,0,-0.25499123,0.13916441798210144,0.9213930368423462,0.5730865597724915
YKR071C,YNL153C,0,-0.2550565,0.13914349675178528,0.9213930368423462,0.5731865763664246
YJR092W,YDR174W,0,-0.25512,0.1391225904226303,0.9213930368423462,0.5732866525650024
YLR312W-A,YCL057W,0,-0.25527126,0.13910169899463654,0.9213930368423462,0.5733866691589355
YMR315W,YOL129W,0,-0.2555241,0.13908080756664276,0.9213930368423462,0.5734867453575134
YGL014W,YGR070W,0,-0.25555974,0.139059916138649,0.9213930368423462,0.5735868215560913
YPR119W,YGL019W,0,-0.25565514,0.1390390396118164,0.9213930368423462,0.5736868381500244
YDL215C,YLR394W,0,-0.25590006,0.13901816308498383,0.9213930368423462,0.5737869143486023
YCR060W,YBR115C,0,-0.25590718,0.13899730145931244,0.9213930368423462,0.5738869309425354
YKR071C,YML128C,0,-0.2559126,0.13897643983364105,0.9213930368423462,0.5739870071411133
YNL281W,YIL135C,0,-0.2561356,0.13895557820796967,0.9213930368423462,0.5740870237350464
YGL225W,YFL013C,0,-0.25625822,0.13893473148345947,0.9213930368423462,0.5741870999336243
YDR131C,YDR410C,0,-0.25627548,0.13891388475894928,0.9213930368423462,0.5742871165275574
YOR323C,YGR271W,0,-0.25661656,0.13889305293560028,0.9213930368423462,0.5743871927261353
YHR060W,YLR130C,0,-0.25696194,0.13887222111225128,0.9213930368423462,0.5744872689247131
YMR061W,YOL124C,0,-0.25714317,0.13885140419006348,0.9213930368423462,0.5745872855186462
YNL044W,YKL085W,0,-0.2572497,0.13883058726787567,0.9213930368423462,0.5746873617172241
YLR305C,YBR287W,0,-0.2573055,0.13880977034568787,0.9213930368423462,0.5747873783111572
YAL005C,YNL322C,1,-0.257307,0.13893884420394897,0.9223880767822266,0.5747873783111572
YOR232W,YBL089W,0,-0.25746828,0.13891802728176117,0.9223880767822266,0.5748874545097351
YDR240C,YOR285W,0,-0.25750592,0.13889721035957336,0.9223880767822266,0.5749874711036682
YPR080W,YNL259C,0,-0.25765356,0.13887640833854675,0.9223880767822266,0.5750875473022461
YMR304W,YFL021W,0,-0.25769454,0.13885560631752014,0.9223880767822266,0.575187623500824
YPL163C,YIL132C,0,-0.2577336,0.13883480429649353,0.9223880767822266,0.5752876400947571
YNR018W,YDL074C,0,-0.25781512,0.1388140171766281,0.9223880767822266,0.575387716293335
YNL262W,YBR093C,0,-0.25789225,0.1387932300567627,0.9223880767822266,0.5754877328872681
YFR021W,YBL011W,0,-0.25806683,0.13877245783805847,0.9223880767822266,0.575587809085846
YOR106W,YGR222W,0,-0.25850055,0.13875168561935425,0.9223880767822266,0.575687825679779
YIL094C,YLR209C,0,-0.25853077,0.13873091340065002,0.9223880767822266,0.5757879018783569
YJL176C,YNL175C,0,-0.2588126,0.138710156083107,0.9223880767822266,0.57588791847229
YKL009W,YGL203C,0,-0.2589354,0.13868941366672516,0.9223880767822266,0.5759879946708679
YJL160C,YDR032C,1,-0.2590934,0.13881824910640717,0.9233830571174622,0.5759879946708679
YBL113C,YGL203C,0,-0.2592793,0.13879749178886414,0.9233830571174622,0.5760880708694458
YCL018W,YPL078C,0,-0.2594078,0.1387767344713211,0.9233830571174622,0.5761880874633789
YNL309W,YPR125W,0,-0.25949433,0.13875597715377808,0.9233830571174622,0.5762881636619568
YBR260C,YNR002C,0,-0.25952378,0.13873523473739624,0.9233830571174622,0.5763881802558899
YOL066C,YFR052W,0,-0.25953907,0.1387144923210144,0.9233830571174622,0.5764882564544678
YJR151C,YCR026C,0,-0.25966972,0.13869376480579376,0.9233830571174622,0.5765882730484009
YBR118W,YDL128W,0,-0.25985748,0.13867303729057312,0.9233830571174622,0.5766883492469788
YER087W,YPR060C,0,-0.25992572,0.13865232467651367,0.9233830571174622,0.5767883658409119
YJL011C,YGL122C,0,-0.26002845,0.13863161206245422,0.9233830571174622,0.5768884420394897
YNR004W,YGR285C,0,-0.2601456,0.13861089944839478,0.9233830571174622,0.5769885182380676
YGL112C,YEL036C,0,-0.26019636,0.13859020173549652,0.9233830571174622,0.5770885348320007
YML032C,YOL038W,0,-0.26034507,0.13856950402259827,0.9233830571174622,0.5771886110305786
YOL112W,YPL131W,0,-0.26048285,0.1385488212108612,0.9233830571174622,0.5772886276245117
YKL041W,YDL216C,0,-0.26048303,0.13852813839912415,0.9233830571174622,0.5773887038230896
YGL026C,YDR195W,0,-0.26050982,0.13850745558738708,0.9233830571174622,0.5774887204170227
YDR233C,YGL169W,0,-0.26053205,0.13848678767681122,0.9233830571174622,0.5775887966156006
YOR190W,YDR371W,1,-0.2610375,0.13861533999443054,0.9243780970573425,0.5775887966156006
YPL007C,YDR497C,0,-0.26104352,0.13859465718269348,0.9243780970573425,0.5776888728141785
YDR411C,YBR275C,0,-0.2611883,0.13857398927211761,0.9243780970573425,0.5777888894081116
YDR411C,YOR176W,0,-0.26124492,0.13855332136154175,0.9243780970573425,0.5778889656066895
YGR070W,YJL082W,0,-0.26126316,0.13853265345096588,0.9243780970573425,0.5779889822006226
YFR045W,YNL078W,0,-0.26147214,0.1385120004415512,0.9243780970573425,0.5780890583992004
YNL010W,YOR230W,0,-0.26148427,0.13849134743213654,0.9243780970573425,0.5781890749931335
YPR194C,YDR498C,0,-0.26157823,0.13847070932388306,0.9243780970573425,0.5782891511917114
YPL094C,YLR033W,0,-0.2616431,0.13845007121562958,0.9243780970573425,0.5783891677856445
YJR004C,YKR028W,0,-0.2618106,0.1384294480085373,0.9243780970573425,0.5784892439842224
YOL111C,YOR180C,0,-0.261825,0.138408824801445,0.9243780970573425,0.5785893201828003
YAL033W,YBR115C,0,-0.26198477,0.13838820159435272,0.9243780970573425,0.5786893367767334
YKL175W,YDL148C,0,-0.2620003,0.13836759328842163,0.9243780970573425,0.5787894129753113
YLL033W,YER002W,0,-0.26201403,0.13834698498249054,0.9243780970573425,0.5788894295692444
YBR261C,YLR047C,0,-0.26214138,0.13832639157772064,0.9243780970573425,0.5789895057678223
YNL147W,YCL025C,0,-0.262222,0.13830579817295074,0.9243780970573425,0.5790895223617554
YGL062W,YHR109W,0,-0.26222616,0.13828520476818085,0.9243780970573425,0.5791895985603333
YDL028C,YOR261C,0,-0.2623965,0.13826462626457214,0.9243780970573425,0.5792896151542664
YJR153W,YJL078C,1,-0.26256898,0.1383928507566452,0.9253731369972229,0.5792896151542664
YIL108W,YLR300W,0,-0.26281703,0.1383722722530365,0.9253731369972229,0.5793896913528442
YKL117W,YDR444W,0,-0.26294315,0.1383516788482666,0.9253731369972229,0.5794897675514221
YBR059C,YNL307C,0,-0.26307312,0.1383311003446579,0.9253731369972229,0.5795897841453552
YDR167W,YBR243C,0,-0.26316282,0.1383105367422104,0.9253731369972229,0.5796898603439331
YOR212W,YNL238W,0,-0.26317453,0.13828995823860168,0.9253731369972229,0.5797898769378662
YHR030C,YDL035C,0,-0.26347983,0.13826940953731537,0.9253731369972229,0.5798899531364441
YNL085W,YOR232W,0,-0.2635558,0.13824884593486786,0.9253731369972229,0.5799899697303772
YER049W,YPL011C,0,-0.26364258,0.13822829723358154,0.9253731369972229,0.5800900459289551
YBL058W,YEL056W,0,-0.26372808,0.13820776343345642,0.9253731369972229,0.580190122127533
YOR159C,YPR072W,0,-0.2637622,0.1381872147321701,0.9253731369972229,0.5802901387214661
YHR156C,YDR497C,0,-0.2639418,0.13816669583320618,0.9253731369972229,0.580390214920044
YOR099W,YBR173C,0,-0.26413068,0.13814616203308105,0.9253731369972229,0.580490231513977
YHR030C,YNL304W,0,-0.26457682,0.13812564313411713,0.9253731369972229,0.5805903077125549
YDR451C,YBR129C,0,-0.2648924,0.1381051391363144,0.9253731369972229,0.580690324306488
YDR146C,YNL284C,0,-0.26544327,0.13808463513851166,0.9253731369972229,0.5807904005050659
YHR074W,YMR136W,0,-0.26558244,0.13806413114070892,0.9253731369972229,0.580890417098999
YOL090W,YFR052W,0,-0.2658056,0.13804364204406738,0.9253731369972229,0.5809904932975769
YBR282W,YDR389W,0,-0.26634818,0.13802315294742584,0.9253731369972229,0.5810905694961548
YDR032C,YOR389W,1,-0.26638183,0.13815106451511383,0.9263681769371033,0.5810905694961548
YBR115C,YNL262W,0,-0.26644623,0.1381305605173111,0.9263681769371033,0.5811905860900879
YDR414C,YJL200C,0,-0.26678222,0.13811007142066956,0.9263681769371033,0.5812906622886658
YDR472W,YBR257W,0,-0.2667958,0.13808958232402802,0.9263681769371033,0.5813906788825989
YDL084W,YCR011C,0,-0.2670466,0.13806910812854767,0.9263681769371033,0.5814907550811768
YFR031C,YCL025C,0,-0.26708636,0.13804863393306732,0.9263681769371033,0.5815907716751099
YDR449C,YNR013C,0,-0.26714453,0.13802817463874817,0.9263681769371033,0.5816908478736877
YDR389W,YDL170W,0,-0.26775837,0.13800771534442902,0.9263681769371033,0.5817909240722656
YDL142C,YDR497C,0,-0.26790264,0.13798725605010986,0.9263681769371033,0.5818909406661987
YJL060W,YER171W,0,-0.26822636,0.1379668116569519,0.9263681769371033,0.5819910168647766
YBL091C-A,YJL053W,0,-0.26829028,0.13794636726379395,0.9263681769371033,0.5820910334587097
YGL010W,YIR038C,0,-0.26834002,0.137925922870636,0.9263681769371033,0.5821911096572876
YMR176W,YNR013C,0,-0.2684338,0.13790549337863922,0.9263681769371033,0.5822911262512207
YLR025W,YMR295C,0,-0.26843596,0.13788506388664246,0.9263681769371033,0.5823912024497986
YLR301W,YCR002C,0,-0.268586,0.13786464929580688,0.9263681769371033,0.5824912190437317
YPR035W,YOR338W,0,-0.26868433,0.1378442347049713,0.9263681769371033,0.5825912952423096
YLL003W,YPR200C,0,-0.2688789,0.13782383501529694,0.9263681769371033,0.5826913714408875
YJL194W,YJR005W,0,-0.26927927,0.13780343532562256,0.9263681769371033,0.5827913880348206
YOL004W,YIL042C,0,-0.26932487,0.13778303563594818,0.9263681769371033,0.5828914642333984
YJR151C,YKR057W,0,-0.26981178,0.137762650847435,0.9263681769371033,0.5829914808273315
YLR312W-A,YDR404C,0,-0.2698652,0.13774226605892181,0.9263681769371033,0.5830915570259094
YKL001C,YJL213W,0,-0.27023536,0.13772189617156982,0.9263681769371033,0.5831915736198425
YLL002W,YMR210W,0,-0.27050123,0.13770152628421783,0.9263681769371033,0.5832916498184204
YDR077W,YNL160W,1,-0.2706265,0.13782905042171478,0.9273631572723389,0.5832916498184204
YAL016W,YDL022W,0,-0.27068183,0.1378086656332016,0.9273631572723389,0.5833916664123535
YDL084W,YBR261C,0,-0.2708486,0.1377882957458496,0.9273631572723389,0.5834917426109314
YLR005W,YOR215C,0,-0.27090913,0.13776792585849762,0.9273631572723389,0.5835918188095093
YHR005C-A,YJR053W,0,-0.27153096,0.13774755597114563,0.9273631572723389,0.5836918354034424
YNR006W,YOL124C,0,-0.27162373,0.13772720098495483,0.9273631572723389,0.5837919116020203
YBR002C,YEL056W,0,-0.27164596,0.13770686089992523,0.9273631572723389,0.5838919281959534
YMR173W,YJL053W,0,-0.27176562,0.13768650591373444,0.9273631572723389,0.5839920043945312
YMR276W,YPL244C,0,-0.27182987,0.13766618072986603,0.9273631572723389,0.5840920209884644
YNL006W,YLL027W,0,-0.27184418,0.13764584064483643,0.9273631572723389,0.5841920971870422
YGL170C,YGR222W,0,-0.27191532,0.13762551546096802,0.9273631572723389,0.5842921733856201
YBR052C,YGR105W,0,-0.2725018,0.1376051902770996,0.9273631572723389,0.5843921899795532
YKR071C,YNL297C,0,-0.27256325,0.1375848799943924,0.9273631572723389,0.5844922661781311
YMR146C,YIL046W,0,-0.27258202,0.13756456971168518,0.9273631572723389,0.5845922827720642
YDR144C,YLR107W,0,-0.2726102,0.13754427433013916,0.9273631572723389,0.5846923589706421
YGR169C,YPL113C,0,-0.2729957,0.13752397894859314,0.9273631572723389,0.5847923755645752
YBL112C,YDR062W,0,-0.27329364,0.13750368356704712,0.9273631572723389,0.5848924517631531
YNL281W,YPR137W,0,-0.27347007,0.1374834030866623,0.9273631572723389,0.5849924683570862
YLR203C,YGL169W,0,-0.27356324,0.13746312260627747,0.9273631572723389,0.5850925445556641
YDR245W,YDL039C,0,-0.2736714,0.13744285702705383,0.9273631572723389,0.5851926207542419
YNL223W,YJR130C,0,-0.27393168,0.1374225914478302,0.9273631572723389,0.585292637348175
YJL206C,YKL095W,0,-0.27459636,0.13740232586860657,0.9273631572723389,0.5853927135467529
YBR125C,YKL186C,0,-0.27526903,0.13738207519054413,0.9273631572723389,0.585492730140686
YGR221C,YMR194W,0,-0.27531445,0.1373618245124817,0.9273631572723389,0.5855928063392639
YKL074C,YER052C,0,-0.2753525,0.13734158873558044,0.9273631572723389,0.585692822933197
YBR125C,YDR222W,0,-0.27573994,0.1373213529586792,0.9273631572723389,0.5857928991317749
YDR429C,YNR028W,0,-0.27587757,0.13730111718177795,0.9273631572723389,0.5858929753303528
YIL128W,YDR472W,0,-0.27618095,0.1372808963060379,0.9273631572723389,0.5859929919242859
YKR036C,YLR264W,0,-0.27623874,0.13726067543029785,0.9273631572723389,0.5860930681228638
YLR107W,YDR059C,0,-0.27625355,0.137240469455719,0.9273631572723389,0.5861930847167969
YJL034W,YOR351C,0,-0.27718797,0.13722026348114014,0.9273631572723389,0.5862931609153748
YMR315W,YOR194C,0,-0.27749678,0.13720005750656128,0.9273631572723389,0.5863931775093079
YOR209C,YOL158C,0,-0.27766618,0.13717986643314362,0.9273631572723389,0.5864932537078857
YLR395C,YDR470C,0,-0.2777562,0.13715967535972595,0.9273631572723389,0.5865932703018188
YOR054C,YMR090W,0,-0.27787256,0.13713949918746948,0.9273631572723389,0.5866933465003967
YLR208W,YDL015C,0,-0.27797756,0.137119323015213,0.9273631572723389,0.5867934226989746
YOL045W,YJR034W,0,-0.27811038,0.13709914684295654,0.9273631572723389,0.5868934392929077
YBR195C,YKL170W,0,-0.27811903,0.13707898557186127,0.9273631572723389,0.5869935154914856
YOR317W,YGR239C,0,-0.27814105,0.137058824300766,0.9273631572723389,0.5870935320854187
YOR377W,YGL060W,0,-0.27819106,0.1370386779308319,0.9273631572723389,0.5871936082839966
YDR383C,YGR081C,0,-0.278197,0.13701851665973663,0.9273631572723389,0.5872936248779297
YHR135C,YNL080C,0,-0.2783333,0.13699838519096375,0.9273631572723389,0.5873937010765076
YGR085C,YMR296C,0,-0.27837747,0.13697825372219086,0.9273631572723389,0.5874937176704407
YKL061W,YDR497C,0,-0.27837995,0.13695812225341797,0.9273631572723389,0.5875937938690186
YOL093W,YKL067W,0,-0.278588,0.13693799078464508,0.9273631572723389,0.5876938700675964
YBR177C,YJL004C,0,-0.27859274,0.1369178742170334,0.9273631572723389,0.5877938866615295
YPL213W,YOL093W,0,-0.2785928,0.13689777255058289,0.9273631572723389,0.5878939628601074
YGR251W,YDR233C,0,-0.27878025,0.1368776559829712,0.9273631572723389,0.5879939794540405
YOR327C,YDR508C,0,-0.27881077,0.13685756921768188,0.9273631572723389,0.5880940556526184
YJL187C,YER137C,0,-0.27895153,0.13683746755123138,0.9273631572723389,0.5881940722465515
YDL039C,YMR239C,0,-0.2792361,0.13681738078594208,0.9273631572723389,0.5882941484451294
YPL163C,YOL043C,0,-0.28010008,0.13679729402065277,0.9273631572723389,0.5883942246437073
YNL273W,YAL029C,0,-0.28010666,0.13677722215652466,0.9273631572723389,0.5884942412376404
YOR126C,YBR243C,0,-0.28012398,0.13675715029239655,0.9273631572723389,0.5885943174362183
YER154W,YDR416W,0,-0.2806045,0.13673709332942963,0.9273631572723389,0.5886943340301514
YLR025W,YKL085W,0,-0.28062007,0.1367170363664627,0.9273631572723389,0.5887944102287292
YFL017W-A,YHR051W,0,-0.2807234,0.1366969794034958,0.9273631572723389,0.5888944268226624
YJR036C,YJL103C,0,-0.28088474,0.13667693734169006,0.9273631572723389,0.5889945030212402
YER117W,YMR136W,0,-0.28098652,0.13665689527988434,0.9273631572723389,0.5890945196151733
YOR297C,YJL030W,0,-0.28125647,0.1366368532180786,0.9273631572723389,0.5891945958137512
YHR041C,YHR059W,0,-0.28152707,0.13661682605743408,0.9273631572723389,0.5892946720123291
YDL215C,YDR472W,0,-0.28174865,0.13659679889678955,0.9273631572723389,0.5893946886062622
YDR026C,YPR060C,0,-0.28178802,0.1365767866373062,0.9273631572723389,0.5894947648048401
YKL095W,YOR123C,0,-0.28188202,0.13655677437782288,0.9273631572723389,0.5895947813987732
YFL048C,YGL220W,0,-0.28193972,0.13653677701950073,0.9273631572723389,0.5896948575973511
YGL083W,YDL148C,0,-0.28205448,0.1365167647600174,0.9273631572723389,0.5897948741912842
YLR359W,YOR085W,0,-0.28231445,0.13649678230285645,0.9273631572723389,0.5898949503898621
YOR382W,YOR383C,1,-0.28236353,0.13662321865558624,0.9283581972122192,0.5898949503898621
YKL206C,YKL015W,0,-0.28253642,0.1366032212972641,0.9283581972122192,0.5899950265884399
YBR059C,YNR013C,0,-0.2825434,0.13658322393894196,0.9283581972122192,0.590095043182373
YGL241W,YLL061W,0,-0.28268817,0.1365632265806198,0.9283581972122192,0.5901951193809509
YPR011C,YOR145C,0,-0.28342482,0.13654324412345886,0.9283581972122192,0.590295135974884
YLR025W,YML039W,0,-0.2836229,0.1365232616662979,0.9283581972122192,0.5903952121734619
YGR095C,YNL078W,0,-0.28367138,0.13650329411029816,0.9283581972122192,0.590495228767395
YDR337W,YGR134W,0,-0.2836729,0.1364833265542984,0.9283581972122192,0.5905953049659729
YOL086C,YJR147W,0,-0.2839163,0.13646335899829865,0.9283581972122192,0.590695321559906
YKL013C,YKL053C-A,0,-0.2839298,0.13644340634346008,0.9283581972122192,0.5907953977584839
YJR092W,YGR034W,0,-0.28401387,0.13642345368862152,0.9283581972122192,0.5908954739570618
YGL162W,YJR101W,0,-0.28411984,0.13640351593494415,0.9283581972122192,0.5909954905509949
YDR030C,YML112W,0,-0.28413752,0.1363835632801056,0.9283581972122192,0.5910955667495728
YAL033W,YDL217C,0,-0.28428665,0.13636364042758942,0.9283581972122192,0.5911955833435059
YHR211W,YIL108W,0,-0.2842928,0.13634370267391205,0.9283581972122192,0.5912956595420837
YKL163W,YJR153W,1,-0.28429648,0.13646990060806274,0.9293532371520996,0.5912956595420837
YOR142W,YPR159W,0,-0.28484932,0.13644996285438538,0.9293532371520996,0.5913956761360168
YBR278W,YLL012W,0,-0.28489897,0.136430025100708,0.9293532371520996,0.5914957523345947
YPL099C,YMR099C,0,-0.2849825,0.13641010224819183,0.9293532371520996,0.5915957689285278
YDR411C,YKL171W,0,-0.28525048,0.13639019429683685,0.9293532371520996,0.5916958451271057
YPR024W,YOL028C,0,-0.28535452,0.13637027144432068,0.9293532371520996,0.5917959213256836
YNR021W,YOR180C,0,-0.28538775,0.1363503634929657,0.9293532371520996,0.5918959379196167
YPL150W,YGL220W,0,-0.28544396,0.13633045554161072,0.9293532371520996,0.5919960141181946
YDL198C,YIL046W,0,-0.2855027,0.13631056249141693,0.9293532371520996,0.5920960307121277
YLR203C,YOR008C,0,-0.28555545,0.13629066944122314,0.9293532371520996,0.5921961069107056
YLR219W,YKL201C,0,-0.28561834,0.13627079129219055,0.9293532371520996,0.5922961235046387
YOR279C,YHR109W,0,-0.28564766,0.13625091314315796,0.9293532371520996,0.5923961997032166
YDR034C,YEL022W,0,-0.2857024,0.13623103499412537,0.9293532371520996,0.5924962759017944
YOR377W,YBR243C,0,-0.285732,0.13621117174625397,0.9293532371520996,0.5925962924957275
YMR284W,YEL070W,0,-0.28574827,0.13619130849838257,0.9293532371520996,0.5926963686943054
YPR137W,YPL147W,0,-0.28617153,0.13617146015167236,0.9293532371520996,0.5927963852882385
YGL158W,YDR083W,0,-0.28619233,0.13615159690380096,0.9293532371520996,0.5928964614868164
YKL205W,YNL121C,0,-0.28620186,0.13613176345825195,0.9293532371520996,0.5929964780807495
YLR289W,YOR215C,0,-0.2862602,0.13611191511154175,0.9293532371520996,0.5930965542793274
YLR037C,YKR013W,1,-0.28635454,0.13623780012130737,0.93034827709198,0.5930965542793274
YLR440C,YJL071W,0,-0.2864449,0.13621795177459717,0.93034827709198,0.5931965708732605
YLR191W,YBR128C,0,-0.2865385,0.13619810342788696,0.93034827709198,0.5932966470718384
YAR002C-A,YJR053W,0,-0.2866444,0.13617826998233795,0.93034827709198,0.5933967232704163
YDR453C,YHR079C,0,-0.28701815,0.13615843653678894,0.93034827709198,0.5934967398643494
YPL167C,YLR264W,0,-0.2870938,0.13613861799240112,0.93034827709198,0.5935968160629272
YKL171W,YHR135C,0,-0.28740603,0.1361187994480133,0.93034827709198,0.5936968326568604
YDL078C,YBR243C,0,-0.287514,0.1360989809036255,0.93034827709198,0.5937969088554382
YHR002W,YMR295C,0,-0.28758502,0.13607917726039886,0.93034827709198,0.5938969254493713
YNL261W,YGL037C,0,-0.28758854,0.13605937361717224,0.93034827709198,0.5939970016479492
YGL062W,YLR050C,0,-0.28804424,0.13603956997394562,0.93034827709198,0.5940970778465271
YDL036C,YBR080C,0,-0.28827003,0.1360197812318802,0.93034827709198,0.5941970944404602
YJR127C,YBL098W,0,-0.28831583,0.13600000739097595,0.93034827709198,0.5942971706390381
YBR042C,YBL089W,0,-0.28832412,0.13598021864891052,0.93034827709198,0.5943971872329712
YMR089C,YBR052C,0,-0.2884379,0.1359604448080063,0.93034827709198,0.5944972634315491
YNR031C,YDR159W,0,-0.28854808,0.13594068586826324,0.93034827709198,0.5945972800254822
YDR530C,YHR058C,0,-0.2886337,0.135920912027359,0.93034827709198,0.5946973562240601
YMR179W,YDL039C,0,-0.28864747,0.13590116798877716,0.93034827709198,0.5947973728179932
YHR056C,YNR010W,0,-0.28866616,0.13588140904903412,0.93034827709198,0.594897449016571
YKL190W,YGL037C,0,-0.28869554,0.13586166501045227,0.93034827709198,0.5949975252151489
YMR033W,YNL219C,0,-0.28871134,0.13584193587303162,0.93034827709198,0.595097541809082
YDL107W,YLL008W,0,-0.2887195,0.13582219183444977,0.93034827709198,0.5951976180076599
YOL070C,YER130C,0,-0.2888819,0.1358024626970291,0.93034827709198,0.595297634601593
YOR212W,YBR281C,0,-0.2888883,0.13578274846076965,0.93034827709198,0.5953977108001709
YOR194C,YMR295C,0,-0.28921616,0.1357630342245102,0.93034827709198,0.595497727394104
YOL129W,YDR403W,0,-0.2893983,0.13574331998825073,0.93034827709198,0.5955978035926819
YNL026W,YFL023W,0,-0.28944725,0.13572362065315247,0.93034827709198,0.595697820186615
YFR045W,YGL010W,0,-0.28950754,0.1357039213180542,0.93034827709198,0.5957978963851929
YOL155C,YDR304C,0,-0.2897003,0.13568422198295593,0.93034827709198,0.5958979725837708
YOL165C,YGR167W,0,-0.28991073,0.13566453754901886,0.93034827709198,0.5959979891777039
YDR494W,YBR042C,0,-0.28996795,0.1356448531150818,0.93034827709198,0.5960980653762817
YJL011C,YJL200C,0,-0.29040083,0.1356251835823059,0.93034827709198,0.5961980819702148
YLR224W,YMR246W,0,-0.29054055,0.13560551404953003,0.93034827709198,0.5962981581687927
YGL209W,YJL213W,0,-0.29054347,0.13558584451675415,0.93034827709198,0.5963981747627258
YMR020W,YKR101W,0,-0.29060727,0.13556618988513947,0.93034827709198,0.5964982509613037
YDR310C,YLR425W,0,-0.2907104,0.13554653525352478,0.93034827709198,0.5965983271598816
YBR031W,YGL148W,0,-0.2909482,0.1355268806219101,0.93034827709198,0.5966983437538147
YEL052W,YOR025W,0,-0.29095265,0.1355072408914566,0.93034827709198,0.5967984199523926
YKR102W,YLR194C,1,-0.291111,0.13563251495361328,0.9313432574272156,0.5967984199523926
YDR164C,YDR410C,0,-0.2912755,0.1356128603219986,0.9313432574272156,0.5968984365463257
YEL031W,YML073C,0,-0.29138872,0.1355932205915451,0.9313432574272156,0.5969985127449036
YGR112W,YKR068C,0,-0.2914768,0.1355735808610916,0.9313432574272156,0.5970985293388367
YPL065W,YGL051W,0,-0.29153866,0.13555394113063812,0.9313432574272156,0.5971986055374146
YPR204W,YGL030W,0,-0.29193547,0.13553431630134583,0.9313432574272156,0.5972986221313477
YPR035W,YDR140W,0,-0.29202604,0.13551469147205353,0.9313432574272156,0.5973986983299255
YGR084C,YIR032C,0,-0.29206803,0.13549508154392242,0.9313432574272156,0.5974987745285034
YDR304C,YLR359W,0,-0.2921159,0.13547547161579132,0.9313432574272156,0.5975987911224365
YMR049C,YLR301W,0,-0.29230496,0.13545586168766022,0.9313432574272156,0.5976988673210144
YOL142W,YOR084W,0,-0.2923245,0.1354362666606903,0.9313432574272156,0.5977988839149475
YOR138C,YAL039C,0,-0.29258475,0.1354166716337204,0.9313432574272156,0.5978989601135254
YJR055W,YIR032C,0,-0.29279688,0.1353970766067505,0.9313432574272156,0.5979989767074585
YFL033C,YBR243C,0,-0.2928541,0.13537749648094177,0.9313432574272156,0.5980990529060364
YJR082C,YDL078C,0,-0.2929508,0.13535791635513306,0.9313432574272156,0.5981991291046143
YOR138C,YGR155W,0,-0.2930704,0.13533835113048553,0.9313432574272156,0.5982991456985474
YMR273C,YDR496C,0,-0.29317078,0.135318785905838,0.9313432574272156,0.5983992218971252
YGR216C,YLR348C,0,-0.29318714,0.1352992206811905,0.9313432574272156,0.5984992384910583
YOR138C,YGR143W,0,-0.29333916,0.13527967035770416,0.9313432574272156,0.5985993146896362
YDR032C,YJL159W,1,-0.29348594,0.13540463149547577,0.932338297367096,0.5985993146896362
YDR378C,YJL200C,0,-0.293837,0.13538506627082825,0.932338297367096,0.5986993312835693
YCR060W,YMR273C,0,-0.29384637,0.13536550104618073,0.932338297367096,0.5987994074821472
YKL103C,YNL027W,0,-0.2940285,0.1353459507226944,0.932338297367096,0.5988994240760803
YLR029C,YGR264C,0,-0.29466388,0.13532640039920807,0.932338297367096,0.5989995002746582
YPL163C,YNL298W,0,-0.2948301,0.13530686497688293,0.932338297367096,0.5990995764732361
YDR030C,YDR530C,0,-0.2949674,0.1352873295545578,0.932338297367096,0.5991995930671692
YLR145W,YEL056W,0,-0.2952114,0.13526779413223267,0.932338297367096,0.5992996692657471
YLL043W,YPL208W,0,-0.2952985,0.13524827361106873,0.932338297367096,0.5993996858596802
YLR314C,YER138C,0,-0.29531583,0.13522875308990479,0.932338297367096,0.5994997620582581
YKL189W,YER137C,0,-0.2953224,0.13520923256874084,0.932338297367096,0.5995997786521912
YJL060W,YDR373W,0,-0.2955732,0.1351897269487381,0.932338297367096,0.599699854850769
YJL060W,YJL103C,0,-0.2955735,0.13517022132873535,0.932338297367096,0.5997998714447021
YGR032W,YML080W,0,-0.29576185,0.1351507306098938,0.932338297367096,0.59989994764328
YIR018W,YKR026C,0,-0.29601863,0.13513123989105225,0.932338297367096,0.6000000238418579
YNL032W,YLR300W,0,-0.29602122,0.1351117491722107,0.932338297367096,0.600100040435791
YOR323C,YEL062W,0,-0.29611003,0.13509227335453033,0.932338297367096,0.6002001166343689
YOR239W,YGR084C,0,-0.29611984,0.13507279753684998,0.932338297367096,0.600300133228302
YBR274W,YLR325C,0,-0.29613292,0.1350533366203308,0.932338297367096,0.6004002094268799
YPL099C,YNL175C,0,-0.2963852,0.13503386080265045,0.932338297367096,0.600500226020813
YNL085W,YKL103C,0,-0.29678833,0.13501441478729248,0.932338297367096,0.6006003022193909
YCL024W,YBL068W,0,-0.29682302,0.13499495387077332,0.932338297367096,0.6007003784179688
YDL206W,YNL307C,0,-0.296959,0.13497550785541534,0.932338297367096,0.6008003950119019
YIL094C,YJL130C,0,-0.29742157,0.13495607674121857,0.932338297367096,0.6009004712104797
YNR067C,YML006C,0,-0.29772556,0.1349366307258606,0.932338297367096,0.6010004878044128
YNL192W,YNL016W,0,-0.29774246,0.13491719961166382,0.932338297367096,0.6011005640029907
YIL021W,YOR377W,0,-0.2978298,0.13489778339862823,0.932338297367096,0.6012005805969238
YEL043W,YDR262W,0,-0.29796043,0.13487836718559265,0.932338297367096,0.6013006567955017
YNL307C,YCL032W,0,-0.29802436,0.13485895097255707,0.932338297367096,0.6014006733894348
YDR245W,YBL113C,0,-0.29821214,0.13483954966068268,0.932338297367096,0.6015007495880127
YNL117W,YDR170C,0,-0.29835054,0.1348201483488083,0.932338297367096,0.6016008257865906
YIL143C,YER165W,0,-0.2985824,0.1348007470369339,0.932338297367096,0.6017008423805237
YJL034W,YPL096W,0,-0.29880604,0.1347813606262207,0.932338297367096,0.6018009185791016
YNL223W,YNL192W,0,-0.298952,0.1347619742155075,0.932338297367096,0.6019009351730347
YLR425W,YPL252C,0,-0.29902858,0.1347425878047943,0.932338297367096,0.6020010113716125
YML112W,YMR213W,0,-0.29929358,0.1347232162952423,0.932338297367096,0.6021010279655457
YGL062W,YPL188W,0,-0.29936042,0.1347038596868515,0.932338297367096,0.6022011041641235
YDL206W,YDR260C,0,-0.29982972,0.1346844881772995,0.932338297367096,0.6023011803627014
YGL212W,YML030W,0,-0.29992515,0.1346651315689087,0.932338297367096,0.6024011969566345
YLL019C,YOR275C,0,-0.29997912,0.13464578986167908,0.932338297367096,0.6025012731552124
YPL139C,YPL259C,0,-0.30006623,0.13462643325328827,0.932338297367096,0.6026012897491455
YCR030C,YER154W,0,-0.30035588,0.13460709154605865,0.932338297367096,0.6027013659477234
YMR319C,YBL112C,0,-0.3004329,0.13458776473999023,0.932338297367096,0.6028013825416565
YNL160W,YLR350W,0,-0.30055082,0.13456843793392181,0.932338297367096,0.6029014587402344
YEL062W,YKL189W,0,-0.30063796,0.1345491111278534,0.932338297367096,0.6030014753341675
YNL117W,YDR373W,0,-0.30073044,0.13452979922294617,0.932338297367096,0.6031015515327454
YHL027W,YLL043W,0,-0.30083793,0.13451047241687775,0.932338297367096,0.6032016277313232
YDR144C,YLR020C,0,-0.30112556,0.1344911754131317,0.932338297367096,0.6033016443252563
YBR066C,YLR344W,0,-0.30121946,0.13447187840938568,0.932338297367096,0.6034017205238342
YOR145C,YJL006C,0,-0.30126932,0.13445258140563965,0.932338297367096,0.6035017371177673
YLR043C,YGR285C,0,-0.3013607,0.13443328440189362,0.932338297367096,0.6036018133163452
YPR035W,YJL124C,0,-0.30146983,0.13441400229930878,0.932338297367096,0.6037018299102783
YPR182W,YLR029C,0,-0.30185437,0.13439472019672394,0.932338297367096,0.6038019061088562
YBR081C,YNR015W,0,-0.30186617,0.1343754529953003,0.932338297367096,0.6039019227027893
YJR151C,YPL180W,0,-0.30215353,0.13435618579387665,0.932338297367096,0.6040019989013672
YDR371W,YGR081C,0,-0.30233046,0.134336918592453,0.932338297367096,0.6041020750999451
YMR019W,YLR187W,0,-0.3024425,0.13431766629219055,0.932338297367096,0.6042020916938782
YOL111C,YNL298W,0,-0.30261412,0.1342984139919281,0.932338297367096,0.604302167892456
YOR176W,YPR159W,0,-0.3028572,0.13427916169166565,0.932338297367096,0.6044021844863892
YNL238W,YPL050C,0,-0.30294216,0.1342599242925644,0.932338297367096,0.604502260684967
YGL158W,YNR028W,0,-0.30301967,0.13424068689346313,0.932338297367096,0.6046022772789001
YLR401C,YNL282W,0,-0.30311555,0.13422146439552307,0.932338297367096,0.604702353477478
YMR061W,YGR229C,0,-0.30316022,0.13420222699642181,0.932338297367096,0.6048024296760559
YLL027W,YGL216W,0,-0.30333537,0.13418301939964294,0.932338297367096,0.604902446269989
YDL171C,YPL244C,0,-0.30341372,0.13416379690170288,0.932338297367096,0.6050025224685669
YCL043C,YBR222C,0,-0.30360374,0.134144589304924,0.932338297367096,0.6051025390625
YOR206W,YOR226C,0,-0.30384848,0.13412539660930634,0.932338297367096,0.6052026152610779
YNL107W,YBR031W,0,-0.30392706,0.13410620391368866,0.932338297367096,0.605302631855011
YMR300C,YLR213C,0,-0.30404952,0.13408701121807098,0.932338297367096,0.6054027080535889
YDL029W,YPL274W,0,-0.3042049,0.1340678185224533,0.932338297367096,0.605502724647522
YPR196W,YFR018C,0,-0.30436411,0.13404864072799683,0.932338297367096,0.6056028008460999
YMR089C,YGL183C,0,-0.3043691,0.13402946293354034,0.932338297367096,0.6057028770446777
YIR038C,YMR075W,0,-0.3043876,0.13401030004024506,0.932338297367096,0.6058028936386108
YAL005C,YIL162W,1,-0.30456555,0.13413412868976593,0.9333333373069763,0.6058028936386108
YKL190W,YNL274C,0,-0.30487642,0.13411495089530945,0.9333333373069763,0.6059029698371887
YGL209W,YKR008W,0,-0.3050612,0.13409578800201416,0.9333333373069763,0.6060029864311218
YOR323C,YHR156C,0,-0.3051033,0.13407661020755768,0.9333333373069763,0.6061030626296997
YCR030C,YBR172C,0,-0.3051682,0.1340574473142624,0.9333333373069763,0.6062030792236328
YKR103W,YNL219C,0,-0.30551314,0.1340382993221283,0.9333333373069763,0.6063031554222107
YNL172W,YLR251W,0,-0.30582896,0.1340191513299942,0.9333333373069763,0.6064031720161438
YPL082C,YDR389W,0,-0.30587724,0.1340000033378601,0.9333333373069763,0.6065032482147217
YMR269W,YOR085W,0,-0.30590808,0.133980855345726,0.9333333373069763,0.6066033244132996
YBR125C,YNR017W,0,-0.30617142,0.1339617222547531,0.9333333373069763,0.6067033410072327
YDR032C,YKL163W,1,-0.30634052,0.13408538699150085,0.9343283772468567,0.6067033410072327
YPL050C,YBL079W,0,-0.3065523,0.13406625390052795,0.9343283772468567,0.6068034172058105
YOL129W,YLR191W,0,-0.3066719,0.13404710590839386,0.9343283772468567,0.6069034337997437
YFR013W,YLR285W,0,-0.30678967,0.13402797281742096,0.9343283772468567,0.6070035099983215
YPR080W,YHL034C,0,-0.3069098,0.13400885462760925,0.9343283772468567,0.6071035265922546
YDR498C,YML006C,0,-0.30699128,0.13398972153663635,0.9343283772468567,0.6072036027908325
YLR440C,YNR013C,0,-0.30732977,0.13397060334682465,0.9343283772468567,0.6073036789894104
YCR030C,YLL004W,0,-0.307427,0.13395150005817413,0.9343283772468567,0.6074036955833435
YCR011C,YFL023W,0,-0.3074904,0.13393239676952362,0.9343283772468567,0.6075037717819214
YJL087C,YOR084W,0,-0.30751175,0.1339132934808731,0.9343283772468567,0.6076037883758545
YLR305C,YLR163C,0,-0.30784836,0.1338941901922226,0.9343283772468567,0.6077038645744324
YPL187W,YLR040C,1,-0.3080861,0.134017676115036,0.9353233575820923,0.6077038645744324
YDR211W,YLR224W,0,-0.3081149,0.1339985728263855,0.9353233575820923,0.6078038811683655
YOR025W,YOR180C,0,-0.308261,0.13397946953773499,0.9353233575820923,0.6079039573669434
YNL032W,YER130C,0,-0.30831486,0.13396038115024567,0.9353233575820923,0.6080039739608765
YBR243C,YDR373W,0,-0.30831593,0.13394129276275635,0.9353233575820923,0.6081040501594543
YBR020W,YER101C,0,-0.3083313,0.13392220437526703,0.9353233575820923,0.6082041263580322
YLR316C,YOR338W,0,-0.30839372,0.1339031308889389,0.9353233575820923,0.6083041429519653
YGR085C,YLR130C,0,-0.30852476,0.13388405740261078,0.9353233575820923,0.6084042191505432
YBL005W-B,YKR068C,0,-0.3085764,0.13386499881744385,0.9353233575820923,0.6085042357444763
YFR021W,YKR019C,0,-0.30884606,0.13384594023227692,0.9353233575820923,0.6086043119430542
YBL113C,YJR133W,0,-0.30901033,0.13382688164710999,0.9353233575820923,0.6087043285369873
YDR196C,YNR002C,0,-0.30903697,0.13380782306194305,0.9353233575820923,0.6088044047355652
YPR189W,YGR282C,0,-0.30905417,0.13378877937793732,0.9353233575820923,0.6089044809341431
YOR126C,YBL028C,0,-0.3091959,0.13376975059509277,0.9353233575820923,0.6090044975280762
YBL028C,YPL050C,0,-0.309203,0.13375070691108704,0.9353233575820923,0.609104573726654
YOL057W,YNL298W,0,-0.3092048,0.1337316781282425,0.9353233575820923,0.6092045903205872
YOR323C,YGR214W,0,-0.30930802,0.13371266424655914,0.9353233575820923,0.609304666519165
YNL307C,YGR134W,0,-0.3094849,0.1336936354637146,0.9353233575820923,0.6094046831130981
YIL002C,YIL061C,0,-0.30953088,0.13367463648319244,0.9353233575820923,0.609504759311676
YPR011C,YMR061W,0,-0.30962163,0.1336556226015091,0.9353233575820923,0.6096047759056091
YNL073W,YER087W,0,-0.30997157,0.13363662362098694,0.9353233575820923,0.609704852104187
YER074W,YNR060W,0,-0.31004107,0.13361762464046478,0.9353233575820923,0.6098049283027649
YKR054C,YOL093W,0,-0.31007674,0.13359864056110382,0.9353233575820923,0.609904944896698
YGL256W,YGR229C,0,-0.3101473,0.13357965648174286,0.9353233575820923,0.6100050210952759
YPL042C,YGR229C,0,-0.31036052,0.1335606724023819,0.9353233575820923,0.610105037689209
YMR065W,YLR301W,0,-0.31039923,0.13354170322418213,0.9353233575820923,0.6102051138877869
YBR031W,YGR185C,0,-0.310564,0.13352273404598236,0.9353233575820923,0.61030513048172
YDL217C,YEL053C,0,-0.31067455,0.1335037648677826,0.9353233575820923,0.6104052066802979
YCR087C-A,YKL189W,0,-0.31081414,0.13348481059074402,0.9353233575820923,0.610505223274231
YPR198W,YMR308C,0,-0.31085852,0.13346585631370544,0.9353233575820923,0.6106052994728088
YOL142W,YDR498C,0,-0.31114274,0.13344690203666687,0.9353233575820923,0.6107053756713867
YPR204W,YLL043W,0,-0.31117374,0.1334279626607895,0.9353233575820923,0.6108053922653198
YPR080W,YLR024C,0,-0.31119168,0.1334090232849121,0.9353233575820923,0.6109054684638977
YDR195W,YKR044W,0,-0.31146398,0.13339009881019592,0.9353233575820923,0.6110054850578308
YLR024C,YLR301W,0,-0.31162384,0.13337117433547974,0.9353233575820923,0.6111055612564087
YNL271C,YMR169C,0,-0.31168666,0.13335224986076355,0.9353233575820923,0.6112055778503418
YDR351W,YLL041C,0,-0.3117681,0.13333334028720856,0.9353233575820923,0.6113056540489197
YGR285C,YKL096W-A,0,-0.31181154,0.13331443071365356,0.9353233575820923,0.6114057302474976
YOR215C,YNL208W,0,-0.31185472,0.13329552114009857,0.9353233575820923,0.6115057468414307
YJR151C,YGR084C,0,-0.31190804,0.13327662646770477,0.9353233575820923,0.6116058230400085
YKR019C,YPL274W,0,-0.31198215,0.13325773179531097,0.9353233575820923,0.6117058396339417
YGR034W,YOL107W,0,-0.31203946,0.13323883712291718,0.9353233575820923,0.6118059158325195
YDR383C,YOR275C,0,-0.31211764,0.13321995735168457,0.9353233575820923,0.6119059324264526
YDL202W,YGR113W,0,-0.31220806,0.13320107758045197,0.9353233575820923,0.6120060086250305
YBR125C,YMR025W,0,-0.31248066,0.13318219780921936,0.9353233575820923,0.6121060252189636
YNL297C,YJL085W,0,-0.3126793,0.13316333293914795,0.9353233575820923,0.6122061014175415
YGR216C,YOR294W,0,-0.3127604,0.13314448297023773,0.9353233575820923,0.6123061776161194
YDR172W,YKL124W,0,-0.31288797,0.13312561810016632,0.9353233575820923,0.6124061942100525
YJL141C,YNL298W,0,-0.31296143,0.1331067681312561,0.9353233575820923,0.6125062704086304
YGR221C,YOR222W,0,-0.31318069,0.1330879181623459,0.9353233575820923,0.6126062870025635
YOR071C,YOR226C,0,-0.3133061,0.13306908309459686,0.9353233575820923,0.6127063632011414
YDR090C,YHR059W,0,-0.3134158,0.13305024802684784,0.9353233575820923,0.6128063797950745
YER138C,YCR012W,0,-0.31348124,0.13303141295909882,0.9353233575820923,0.6129064559936523
YHR164C,YPR171W,0,-0.31353408,0.133012592792511,0.9353233575820923,0.6130065321922302
YLR009W,YDR496C,0,-0.31366313,0.13299377262592316,0.9353233575820923,0.6131065487861633
YPL151C,YLR208W,0,-0.31366804,0.13297496736049652,0.9353233575820923,0.6132066249847412
YFL001W,YML056C,0,-0.31367123,0.1329561471939087,0.9353233575820923,0.6133066415786743
YGR264C,YFR001W,0,-0.3139278,0.13293735682964325,0.9353233575820923,0.6134067177772522
YER049W,YOL111C,0,-0.3141434,0.1329185515642166,0.9353233575820923,0.6135067343711853
YOR355W,YGL163C,0,-0.31427914,0.13289976119995117,0.9353233575820923,0.6136068105697632
YGR112W,YMR246W,0,-0.31448647,0.13288097083568573,0.9353233575820923,0.6137068271636963
YDL215C,YPR127W,0,-0.31450173,0.13286219537258148,0.9353233575820923,0.6138069033622742
YNL145W,YIL011W,1,-0.31458718,0.13298474252223969,0.9363183975219727,0.6138069033622742
YGL172W,YMR246W,0,-0.3146632,0.13296595215797424,0.9363183975219727,0.613906979560852
YPR121W,YBR162C,1,-0.31467333,0.13308843970298767,0.937313437461853,0.613906979560852
YMR169C,YDR296W,0,-0.31475708,0.13306964933872223,0.937313437461853,0.6140069961547852
YNL153C,YPL196W,0,-0.3150073,0.1330508440732956,0.937313437461853,0.614107072353363
YDR530C,YLR029C,0,-0.31508732,0.13303205370903015,0.937313437461853,0.6142070889472961
YDR411C,YBR115C,0,-0.31533417,0.1330132782459259,0.937313437461853,0.614307165145874
YMR168C,YDL197C,0,-0.3154092,0.13299448788166046,0.937313437461853,0.6144071817398071
YGR105W,YMR090W,0,-0.31563523,0.1329757273197174,0.937313437461853,0.614507257938385
YBR155W,YDR195W,0,-0.31569502,0.13295695185661316,0.937313437461853,0.6146072745323181
YHL012W,YPR091C,0,-0.31584558,0.1329381912946701,0.937313437461853,0.614707350730896
YPL151C,YGR199W,0,-0.3158961,0.13291943073272705,0.937313437461853,0.6148074269294739
YNL282W,YGR095C,0,-0.31594107,0.132900670170784,0.937313437461853,0.614907443523407
YHR002W,YNL107W,0,-0.31600142,0.13288192451000214,0.937313437461853,0.6150075197219849
YPL150W,YDR296W,0,-0.31628817,0.13286319375038147,0.937313437461853,0.615107536315918
YBL041W,YEL029C,0,-0.31640032,0.1328444480895996,0.937313437461853,0.6152076125144958
YBR230C,YHR079C,0,-0.3164455,0.13282571732997894,0.937313437461853,0.615307629108429
YNL153C,YMR114C,0,-0.3167595,0.13280698657035828,0.937313437461853,0.6154077053070068
YBR059C,YFL023W,0,-0.3168536,0.1327882707118988,0.937313437461853,0.6155077815055847
YLR203C,YMR093W,0,-0.31751874,0.13276955485343933,0.937313437461853,0.6156077980995178
YDR026C,YBL068W,0,-0.3176342,0.13275083899497986,0.937313437461853,0.6157078742980957
YHR005C-A,YGR112W,0,-0.31776622,0.13273213803768158,0.937313437461853,0.6158078908920288
YMR013C,YLR164W,0,-0.3177728,0.1327134370803833,0.937313437461853,0.6159079670906067
YBR078W,YDR461W,1,-0.31791797,0.13283561170101166,0.9383084774017334,0.6159079670906067
YHR164C,YGR229C,0,-0.31791812,0.13281689584255219,0.9383084774017334,0.6160079836845398
YGR034W,YGL148W,0,-0.3180275,0.1327981948852539,0.9383084774017334,0.6161080598831177
YHR211W,YOR138C,0,-0.3181072,0.13277949392795563,0.9383084774017334,0.6162080764770508
YMR315W,YER008C,0,-0.31824288,0.13276080787181854,0.9383084774017334,0.6163081526756287
YBL112C,YGR113W,0,-0.31837276,0.13274212181568146,0.9383084774017334,0.6164082288742065
YGL062W,YDL202W,0,-0.31855652,0.13272343575954437,0.9383084774017334,0.6165082454681396
YDR059C,YBR095C,0,-0.31875715,0.1327047497034073,0.9383084774017334,0.6166083216667175
YPR167C,YLL040C,0,-0.31894198,0.1326860785484314,0.9383084774017334,0.6167083382606506
YDL198C,YLR028C,0,-0.31905916,0.1326674222946167,0.9383084774017334,0.6168084144592285
YJR051W,YPL002C,0,-0.31920984,0.1326487511396408,0.9383084774017334,0.6169084310531616
YBR260C,YKL096W-A,0,-0.31930658,0.1326300948858261,0.9383084774017334,0.6170085072517395
YHR082C,YGL216W,0,-0.31938004,0.1326114535331726,0.9383084774017334,0.6171085834503174
YOL111C,YMR246W,0,-0.31962118,0.1325927972793579,0.9383084774017334,0.6172086000442505
YMR284W,YNL262W,0,-0.319804,0.1325741559267044,0.9383084774017334,0.6173086762428284
YNR031C,YBL092W,0,-0.3200731,0.1325555294752121,0.9383084774017334,0.6174086928367615
YDR059C,YKR020W,0,-0.320088,0.1325368881225586,0.9383084774017334,0.6175087690353394
YJR149W,YFL054C,0,-0.3202051,0.13251826167106628,0.9383084774017334,0.6176087856292725
YBR095C,YMR213W,0,-0.32027906,0.13249965012073517,0.9383084774017334,0.6177088618278503
YHR047C,YPL218W,0,-0.32040718,0.13248103857040405,0.9383084774017334,0.6178088784217834
YPL027W,YGR214W,0,-0.32041064,0.13246242702007294,0.9383084774017334,0.6179089546203613
YML080W,YER115C,0,-0.32054228,0.13244381546974182,0.9383084774017334,0.6180090308189392
YBL011W,YOR261C,0,-0.3205601,0.1324252188205719,0.9383084774017334,0.6181090474128723
YLR289W,YKR068C,0,-0.32059193,0.13240662217140198,0.9383084774017334,0.6182091236114502
YLR073C,YJL149W,0,-0.32069385,0.13238804042339325,0.9383084774017334,0.6183091402053833
YJL066C,YKR002W,0,-0.32070658,0.13236945867538452,0.9383084774017334,0.6184092164039612
YMR193W,YDR140W,0,-0.32103136,0.1323508769273758,0.9383084774017334,0.6185092329978943
YMR123W,YLR129W,0,-0.32110193,0.13233231008052826,0.9383084774017334,0.6186093091964722
YJR078W,YOR216C,0,-0.32154414,0.13231374323368073,0.9383084774017334,0.6187093257904053
YFL038C,YDL021W,0,-0.32162812,0.1322951763868332,0.9383084774017334,0.6188094019889832
YAL054C,YKL144C,0,-0.32165352,0.13227660953998566,0.9383084774017334,0.618909478187561
YNL016W,YPR043W,0,-0.32169285,0.13225805759429932,0.9383084774017334,0.6190094947814941
YOR275C,YLR278C,0,-0.3216955,0.13223952054977417,0.9383084774017334,0.619109570980072
YDR138W,YJR112W,0,-0.3218245,0.13222096860408783,0.9383084774017334,0.6192095875740051
YKL170W,YPL027W,0,-0.32205,0.13220244646072388,0.9383084774017334,0.619309663772583
YDR034C,YOR020C,0,-0.3221123,0.13218390941619873,0.9383084774017334,0.6194096803665161
YOL057W,YNL202W,0,-0.32229403,0.13216538727283478,0.9383084774017334,0.619509756565094
YPL123C,YKL164C,1,-0.3225902,0.13228699564933777,0.939303457736969,0.619509756565094
YJR151C,YLR042C,1,-0.32299107,0.13240857422351837,0.9402984976768494,0.619509756565094
YDL054C,YHR004C,0,-0.32312694,0.13239002227783203,0.9402984976768494,0.6196098327636719
YLL002W,YLR305C,0,-0.32331017,0.13237148523330688,0.9402984976768494,0.619709849357605
YLR191W,YBR037C,0,-0.32348397,0.13235294818878174,0.9402984976768494,0.6198099255561829
YML073C,YJL006C,0,-0.32366797,0.1323344111442566,0.9402984976768494,0.619909942150116
YDR306C,YIR038C,0,-0.32369676,0.13231587409973145,0.9402984976768494,0.6200100183486938
YDR211W,YLR301W,0,-0.3237835,0.1322973519563675,0.9402984976768494,0.620110034942627
YJR119C,YDR081C,0,-0.3237951,0.13227882981300354,0.9402984976768494,0.6202101111412048
YOR310C,YGR012W,0,-0.32406628,0.13226032257080078,0.9402984976768494,0.6203101277351379
YML097C,YDR472W,0,-0.32425708,0.13224181532859802,0.9402984976768494,0.6204102039337158
YOR084W,YER087W,0,-0.324389,0.13222330808639526,0.9402984976768494,0.6205102801322937
YHR119W,YNL274C,0,-0.3244516,0.1322048157453537,0.9402984976768494,0.6206102967262268
YFL033C,YKL022C,0,-0.32457063,0.13218632340431213,0.9402984976768494,0.6207103729248047
YPR072W,YOL111C,0,-0.3245951,0.13216783106327057,0.9402984976768494,0.6208103895187378
YGR056W,YKL210W,0,-0.32471055,0.1321493536233902,0.9402984976768494,0.6209104657173157
YMR321C,YDR444W,0,-0.3247514,0.13213087618350983,0.9402984976768494,0.6210104823112488
YDR453C,YJL029C,0,-0.32487985,0.13211239874362946,0.9402984976768494,0.6211105585098267
YFL048C,YCL004W,0,-0.324949,0.13209393620491028,0.9402984976768494,0.6212106347084045
YPR135W,YER130C,0,-0.32500774,0.1320754736661911,0.9402984976768494,0.6213106513023376
YHR109W,YBR037C,0,-0.32508275,0.13205701112747192,0.9402984976768494,0.6214107275009155
YCL024W,YIL047C,0,-0.32510182,0.13203856348991394,0.9402984976768494,0.6215107440948486
YJL011C,YPL208W,0,-0.3252122,0.13202011585235596,0.9402984976768494,0.6216108202934265
YAL024C,YPL104W,0,-0.32543352,0.13200168311595917,0.9402984976768494,0.6217108368873596
YKL009W,YBL028C,0,-0.32561085,0.13198323547840118,0.9402984976768494,0.6218109130859375
YOR283W,YLR208W,0,-0.32578924,0.1319648027420044,0.9402984976768494,0.6219109296798706
YMR145C,YGL220W,0,-0.32584432,0.1319463849067688,0.9402984976768494,0.6220110058784485
YOR089C,YIL047C,0,-0.3259107,0.1319279670715332,0.9402984976768494,0.6221110820770264
YBR230C,YNL080C,0,-0.3259597,0.1319095492362976,0.9402984976768494,0.6222110986709595
YDR245W,YPR060C,0,-0.32607812,0.131891131401062,0.9402984976768494,0.6223111748695374
YNL147W,YGL071W,0,-0.32611042,0.1318727284669876,0.9402984976768494,0.6224111914634705
YBR202W,YBL092W,0,-0.32614636,0.1318543255329132,0.9402984976768494,0.6225112676620483
YGL183C,YLR264W,0,-0.32630107,0.1318359375,0.9402984976768494,0.6226112842559814
YPL139C,YLR224W,0,-0.32637975,0.1318175494670868,0.9402984976768494,0.6227113604545593
YEL053C,YJR032W,0,-0.3265361,0.13179916143417358,0.9402984976768494,0.6228113770484924
YPR196W,YLR301W,0,-0.3267131,0.13178078830242157,0.9402984976768494,0.6229114532470703
YDR423C,YEL062W,0,-0.32691315,0.13176241517066956,0.9402984976768494,0.6230115294456482
YLR040C,YJL078C,1,-0.32699016,0.13188345730304718,0.9412935376167297,0.6230115294456482
YEL040W,YLR213C,1,-0.3271249,0.13200445473194122,0.9422885775566101,0.6230115294456482
YDR383C,YDL246C,0,-0.32712495,0.13198606669902802,0.9422885775566101,0.6231115460395813
YPL002C,YHR005C-A,0,-0.32727173,0.1319676637649536,0.9422885775566101,0.6232116222381592
YDR383C,YAR027W,0,-0.32741717,0.1319492757320404,0.9422885775566101,0.6233116388320923
YLR105C,YJL149W,0,-0.32745734,0.1319309026002884,0.9422885775566101,0.6234117150306702
YDR304C,YDL216C,0,-0.3275607,0.13191252946853638,0.9422885775566101,0.6235117316246033
YOR310C,YPR190C,0,-0.3277285,0.13189415633678436,0.9422885775566101,0.6236118078231812
YDR229W,YHR008C,0,-0.3278093,0.13187578320503235,0.9422885775566101,0.623711884021759
YNL261W,YDR451C,0,-0.32785705,0.13185742497444153,0.9422885775566101,0.6238119006156921
YAR031W,YGR239C,0,-0.32855332,0.1318390667438507,0.9422885775566101,0.62391197681427
YPL252C,YLR301W,0,-0.32859206,0.1318207085132599,0.9422885775566101,0.6240119934082031
YMR172W,YPR127W,0,-0.32861277,0.13180236518383026,0.9422885775566101,0.624112069606781
YER101C,YMR115W,0,-0.3287065,0.13178402185440063,0.9422885775566101,0.6242120862007141
YBR177C,YLR219W,0,-0.3288097,0.1317656934261322,0.9422885775566101,0.624312162399292
YAL054C,YLR165C,0,-0.32898086,0.13174735009670258,0.9422885775566101,0.6244121789932251
YDR229W,YDL040C,0,-0.32900044,0.13172903656959534,0.9422885775566101,0.624512255191803
YOR304W,YLR325C,0,-0.32901144,0.1317107081413269,0.9422885775566101,0.6246123313903809
YJR151C,YLR213C,1,-0.32906547,0.13183145225048065,0.9432835578918457,0.6246123313903809
YPL122C,YDL148C,0,-0.32915327,0.13181312382221222,0.9432835578918457,0.624712347984314
YML052W,YDR404C,0,-0.32958767,0.1317947953939438,0.9432835578918457,0.6248124241828918
YJL034W,YBR059C,0,-0.32968098,0.13177648186683655,0.9432835578918457,0.624912440776825
YNL085W,YBR002C,0,-0.3296831,0.1317581683397293,0.9432835578918457,0.6250125169754028
YAL016W,YBL085W,0,-0.32995075,0.13173985481262207,0.9432835578918457,0.6251125335693359
YOR311C,YPR138C,0,-0.32999635,0.13172155618667603,0.9432835578918457,0.6252126097679138
YDR032C,YNL322C,1,-0.3301426,0.13184218108654022,0.9442785978317261,0.6252126097679138
YLR314C,YBL085W,0,-0.33059725,0.13182386755943298,0.9442785978317261,0.6253126859664917
YIL095W,YKL172W,0,-0.3307508,0.13180555403232574,0.9442785978317261,0.6254127025604248
YER013W,YFL013C,0,-0.3309511,0.1317872554063797,0.9442785978317261,0.6255127787590027
YLR197W,YNL290W,0,-0.33100432,0.13176895678043365,0.9442785978317261,0.6256127953529358
YBL011W,YJR140C,0,-0.33102784,0.1317506581544876,0.9442785978317261,0.6257128715515137
YHR082C,YMR296C,0,-0.33149835,0.13173237442970276,0.9442785978317261,0.6258128881454468
YHR077C,YGR171C,0,-0.3316568,0.1317140907049179,0.9442785978317261,0.6259129643440247
YOR283W,YPR137W,0,-0.33176214,0.13169580698013306,0.9442785978317261,0.6260129809379578
YPL064C,YNR044W,0,-0.33192137,0.1316775381565094,0.9442785978317261,0.6261130571365356
YNL274C,YAR031W,0,-0.33215734,0.13165926933288574,0.9442785978317261,0.6262131333351135
YCR093W,YGL060W,0,-0.33225498,0.13164100050926208,0.9442785978317261,0.6263131499290466
YDR059C,YPL167C,0,-0.33231694,0.13162274658679962,0.9442785978317261,0.6264132261276245
YGR056W,YER019C-A,0,-0.33231992,0.13160449266433716,0.9442785978317261,0.6265132427215576
YOR287C,YDR164C,0,-0.3325719,0.1315862387418747,0.9442785978317261,0.6266133189201355
YCL036W,YJL081C,0,-0.33320603,0.13156799972057343,0.9442785978317261,0.6267133355140686
YJR130C,YMR099C,0,-0.33321413,0.13154976069927216,0.9442785978317261,0.6268134117126465
YDR146C,YGR095C,0,-0.3332352,0.13153153657913208,0.9442785978317261,0.6269134283065796
YCL018W,YML073C,0,-0.3332404,0.1315132975578308,0.9442785978317261,0.6270135045051575
YJL112W,YNL079C,0,-0.33331728,0.13149508833885193,0.9442785978317261,0.6271135807037354
YPR182W,YJR032W,0,-0.33338913,0.13147686421871185,0.9442785978317261,0.6272135972976685
YBR095C,YJR034W,0,-0.33341417,0.13145865499973297,0.9442785978317261,0.6273136734962463
YPL129W,YOR180C,0,-0.33343026,0.1314404457807541,0.9442785978317261,0.6274136900901794
YKR008W,YJR026W,0,-0.33355293,0.1314222365617752,0.9442785978317261,0.6275137662887573
YJL081C,YJL128C,0,-0.33372715,0.13140404224395752,0.9442785978317261,0.6276137828826904
YNL314W,YDR527W,0,-0.33376774,0.13138584792613983,0.9442785978317261,0.6277138590812683
YOR212W,YOL052C,0,-0.3337906,0.13136766850948334,0.9442785978317261,0.6278139352798462
YDL171C,YGR179C,0,-0.33393857,0.13134947419166565,0.9442785978317261,0.6279139518737793
YIL088C,YLR047C,0,-0.33412322,0.13133130967617035,0.9442785978317261,0.6280140280723572
YMR269W,YOR209C,0,-0.33477056,0.13131313025951385,0.9442785978317261,0.6281140446662903
YML051W,YLR203C,0,-0.33478388,0.13129496574401855,0.9442785978317261,0.6282141208648682
YOR074C,YIL159W,0,-0.33487046,0.13127680122852325,0.9442785978317261,0.6283141374588013
YMR112C,YJR133W,0,-0.33525985,0.13125865161418915,0.9442785978317261,0.6284142136573792
YBR059C,YLR316C,0,-0.3354354,0.13124048709869385,0.9442785978317261,0.6285142302513123
YJR101W,YDR508C,0,-0.3354446,0.13122235238552094,0.9442785978317261,0.6286143064498901
YHR029C,YIL134W,0,-0.33561775,0.13120420277118683,0.9442785978317261,0.628714382648468
YLR025W,YNL052W,0,-0.3359015,0.13118606805801392,0.9442785978317261,0.6288143992424011
YPR144C,YOL057W,0,-0.3359068,0.131167933344841,0.9442785978317261,0.628914475440979
YNL095C,YBL052C,0,-0.33609647,0.13114981353282928,0.9442785978317261,0.6290144920349121
YJL112W,YNR002C,0,-0.336161,0.13113167881965637,0.9442785978317261,0.62911456823349
YJL172W,YKL172W,0,-0.336193,0.13111357390880585,0.9442785978317261,0.6292145848274231
YPR121W,YGR282C,1,-0.3362578,0.1312336027622223,0.9452736377716064,0.6292145848274231
YIL108W,YGR239C,0,-0.33664548,0.13121546804904938,0.9452736377716064,0.629314661026001
YIR011C,YOR338W,0,-0.33679286,0.13119734823703766,0.9452736377716064,0.6294146776199341
YBL058W,YHR066W,0,-0.33710876,0.13117922842502594,0.9452736377716064,0.629514753818512
YMR090W,YBR074W,0,-0.33726183,0.13116112351417542,0.9452736377716064,0.6296148300170898
YDR419W,YDR403W,0,-0.3375186,0.1311430186033249,0.9452736377716064,0.629714846611023
YDR067C,YMR077C,0,-0.3375996,0.13112491369247437,0.9452736377716064,0.6298149228096008
YOL070C,YKR102W,0,-0.3377081,0.13110682368278503,0.9452736377716064,0.6299149394035339
YOL102C,YOL090W,0,-0.33776554,0.1310887336730957,0.9452736377716064,0.6300150156021118
YHR074W,YGR027C,0,-0.33780393,0.13107064366340637,0.9452736377716064,0.6301150321960449
YOL155C,YHR168W,0,-0.3383271,0.13105255365371704,0.9452736377716064,0.6302151083946228
YHR047C,YER098W,0,-0.33833027,0.1310344785451889,0.9452736377716064,0.6303151845932007
YKL206C,YDR262W,0,-0.33833656,0.13101641833782196,0.9452736377716064,0.6304152011871338
YNL232W,YMR308C,0,-0.3384764,0.13099834322929382,0.9452736377716064,0.6305152773857117
YGL256W,YNL239W,0,-0.33850393,0.13098028302192688,0.9452736377716064,0.6306152939796448
YKR101W,YOR222W,0,-0.33851233,0.13096222281455994,0.9452736377716064,0.6307153701782227
YLR447C,YFR013W,0,-0.33874947,0.1309441775083542,0.9452736377716064,0.6308153867721558
YOL038W,YLR348C,0,-0.33875668,0.13092613220214844,0.9452736377716064,0.6309154629707336
YDR492W,YNL050C,0,-0.3388842,0.1309080868959427,0.9452736377716064,0.6310154795646667
YOR388C,YJR101W,0,-0.33889484,0.13089005649089813,0.9452736377716064,0.6311155557632446
YOL054W,YMR229C,0,-0.33898365,0.13087202608585358,0.9452736377716064,0.6312156319618225
YDL074C,YPL098C,0,-0.3390119,0.13085399568080902,0.9452736377716064,0.6313156485557556
YJL005W,YPR083W,0,-0.33948305,0.13083598017692566,0.9452736377716064,0.6314157247543335
YLR009W,YNL178W,0,-0.33952594,0.1308179497718811,0.9452736377716064,0.6315157413482666
YMR241W,YJR112W,0,-0.339539,0.13079994916915894,0.9452736377716064,0.6316158175468445
YPL259C,YMR090W,0,-0.33959135,0.13078193366527557,0.9452736377716064,0.6317158341407776
YHR132C,YDR389W,0,-0.33975977,0.1307639330625534,0.9452736377716064,0.6318159103393555
YOR206W,YHR109W,0,-0.33979234,0.13074594736099243,0.9452736377716064,0.6319159865379333
YDR090C,YDR205W,0,-0.33992377,0.13072794675827026,0.9452736377716064,0.6320160031318665
YLR020C,YDR364C,0,-0.34030095,0.1307099610567093,0.9452736377716064,0.6321160793304443
YNL008C,YDL083C,0,-0.34044054,0.13069197535514832,0.9452736377716064,0.6322160959243774
YJL200C,YNR018W,0,-0.34057996,0.13067400455474854,0.9452736377716064,0.6323161721229553
YGR036C,YNL110C,0,-0.3406184,0.13065603375434875,0.9452736377716064,0.6324161887168884
YPL064C,YPL113C,0,-0.3406767,0.13063806295394897,0.9452736377716064,0.6325162649154663
YPL151C,YHR058C,0,-0.34079844,0.1306201070547104,0.9452736377716064,0.6326162815093994
YLR005W,YKL165C,0,-0.340992,0.1306021511554718,0.9452736377716064,0.6327163577079773
YNL050C,YFR019W,0,-0.34101415,0.13058419525623322,0.9452736377716064,0.6328164339065552
YOR298W,YNL290W,0,-0.3410598,0.13056623935699463,0.9452736377716064,0.6329164505004883
YNL107W,YJL213W,0,-0.34106395,0.13054829835891724,0.9452736377716064,0.6330165266990662
YMR038C,YNL175C,0,-0.3412626,0.13053037226200104,0.9452736377716064,0.6331165432929993
YDL111C,YPL218W,0,-0.34156424,0.13051243126392365,0.9452736377716064,0.6332166194915771
YKR054C,YDR260C,0,-0.34168744,0.13049450516700745,0.9452736377716064,0.6333166360855103
YGL083W,YDR296W,0,-0.34177306,0.13047657907009125,0.9452736377716064,0.6334167122840881
YPR026W,YDR423C,0,-0.3423813,0.13045866787433624,0.9452736377716064,0.6335167288780212
YDR032C,YMR008C,1,-0.3424704,0.13057805597782135,0.9462686777114868,0.6335167288780212
YMR173W,YDR392W,0,-0.3427366,0.13056012988090515,0.9462686777114868,0.6336168050765991
YPL087W,YPR159W,0,-0.34301132,0.13054220378398895,0.9462686777114868,0.633716881275177
YBL026W,YBL068W,0,-0.34307215,0.13052429258823395,0.9462686777114868,0.6338168978691101
YPL151C,YGR185C,0,-0.34308553,0.13050638139247894,0.9462686777114868,0.633916974067688
YOL142W,YMR005W,0,-0.3432053,0.13048847019672394,0.9462686777114868,0.6340169906616211
YHR074W,YOR168W,0,-0.34322014,0.13047057390213013,0.9462686777114868,0.634117066860199
YEL036C,YOR038C,0,-0.3433521,0.13045267760753632,0.9462686777114868,0.6342170834541321
YGL014W,YOR353C,0,-0.34351766,0.1304347813129425,0.9462686777114868,0.63431715965271
YPL042C,YDL097C,0,-0.3435898,0.1304168999195099,0.9462686777114868,0.6344172358512878
YOR074C,YKL015W,0,-0.34414548,0.13039901852607727,0.9462686777114868,0.634517252445221
YML032C,YIR005W,0,-0.34419537,0.13038113713264465,0.9462686777114868,0.6346173286437988
YGR251W,YJL103C,0,-0.34459952,0.13036325573921204,0.9462686777114868,0.6347173452377319
YOL043C,YOR008C,0,-0.34460494,0.1303453892469406,0.9462686777114868,0.6348174214363098
YBR129C,YER171W,0,-0.34460506,0.13032753765583038,0.9462686777114868,0.6349174380302429
YIL142W,YOR355W,0,-0.34463152,0.13030967116355896,0.9462686777114868,0.6350175142288208
YFR029W,YBL092W,0,-0.34473616,0.13029181957244873,0.9462686777114868,0.6351175308227539
YPL134C,YMR136W,0,-0.34479776,0.1302739679813385,0.9462686777114868,0.6352176070213318
YNL070W,YDR138W,0,-0.34495875,0.13025613129138947,0.9462686777114868,0.6353176832199097
YOR291W,YIR039C,0,-0.34522203,0.13023829460144043,0.9462686777114868,0.6354176998138428
YPL187W,YIL015W,1,-0.34529096,0.13035738468170166,0.9472636580467224,0.6354176998138428
YOR194C,YHR051W,0,-0.34555113,0.13033953309059143,0.9472636580467224,0.6355177760124207
YBL005W-B,YKL003C,0,-0.3455628,0.1303216964006424,0.9472636580467224,0.6356177926063538
YLR187W,YJR053W,0,-0.34561017,0.13030385971069336,0.9472636580467224,0.6357178688049316
YDR262W,YJR063W,0,-0.34577417,0.13028602302074432,0.9472636580467224,0.6358178853988647
YIL142W,YDR337W,0,-0.34618038,0.13026820123195648,0.9472636580467224,0.6359179615974426
YLL034C,YNR057C,0,-0.3462015,0.13025037944316864,0.9472636580467224,0.6360180377960205
YOR147W,YJL085W,0,-0.34635487,0.1302325576543808,0.9472636580467224,0.6361180543899536
YJR006W,YBR243C,0,-0.34636405,0.13021475076675415,0.9472636580467224,0.6362181305885315
YLR113W,YOL062C,0,-0.34638223,0.1301969438791275,0.9472636580467224,0.6363181471824646
YIL134W,YBR275C,0,-0.34639636,0.13017913699150085,0.9472636580467224,0.6364182233810425
YCL036W,YLL019C,0,-0.34644243,0.1301613301038742,0.9472636580467224,0.6365182399749756
YJL187C,YKR066C,0,-0.34647402,0.13014353811740875,0.9472636580467224,0.6366183161735535
YEL053C,YMR025W,0,-0.34667072,0.1301257461309433,0.9472636580467224,0.6367183327674866
YER055C,YDR449C,0,-0.3471705,0.13010796904563904,0.9472636580467224,0.6368184089660645
YMR321C,YFR018C,0,-0.347177,0.13009019196033478,0.9472636580467224,0.6369184851646423
YKR006C,YNL290W,0,-0.34720168,0.13007241487503052,0.9472636580467224,0.6370185017585754
YBR081C,YGL010W,0,-0.34732795,0.13005463778972626,0.9472636580467224,0.6371185779571533
YOR292C,YJL171C,0,-0.34761125,0.1300368756055832,0.9472636580467224,0.6372185945510864
YJR101W,YJR031C,0,-0.34778097,0.13001911342144012,0.9472636580467224,0.6373186707496643
YJL140W,YKL082C,0,-0.3478002,0.13000136613845825,0.9472636580467224,0.6374186873435974
YDR383C,YGL244W,0,-0.34786,0.12998361885547638,0.9472636580467224,0.6375187635421753
YNL160W,YDL202W,0,-0.3480945,0.1299658715724945,0.9472636580467224,0.6376187801361084
YOR054C,YER168C,0,-0.34833118,0.12994812428951263,0.9472636580467224,0.6377188563346863
YNR031C,YLR219W,0,-0.3485254,0.12993039190769196,0.9472636580467224,0.6378189325332642
YDR454C,YER022W,0,-0.34873044,0.12991265952587128,0.9472636580467224,0.6379189491271973
YDR034C,YDR416W,0,-0.34874365,0.1298949420452118,0.9472636580467224,0.6380190253257751
YML073C,YPR198W,0,-0.34878674,0.1298772096633911,0.9472636580467224,0.6381190419197083
YGL169W,YBR192W,0,-0.3488337,0.12985950708389282,0.9472636580467224,0.6382191181182861
YDR499W,YBL098W,0,-0.34897372,0.12984178960323334,0.9472636580467224,0.6383191347122192
YER090W,YFL001W,0,-0.3490699,0.12982408702373505,0.9472636580467224,0.6384192109107971
YHR057C,YLR040C,1,-0.3491346,0.12994273006916046,0.9482586979866028,0.6384192109107971
YPL065W,YHR008C,0,-0.34925875,0.12992501258850098,0.9482586979866028,0.638519287109375
YIL088C,YOR349W,0,-0.3494586,0.12990731000900269,0.9482586979866028,0.6386193037033081
YLR447C,YBR052C,0,-0.34950957,0.1298896074295044,0.9482586979866028,0.638719379901886
YFL014W,YLR163C,0,-0.34951422,0.1298719048500061,0.9482586979866028,0.6388193964958191
YPL127C,YMR238W,0,-0.34989145,0.1298542022705078,0.9482586979866028,0.638919472694397
YDR131C,YPL139C,0,-0.35013983,0.12983651459217072,0.9482586979866028,0.6390194892883301
YDR032C,YNL160W,1,-0.35029545,0.12995505332946777,0.9492537379264832,0.6390194892883301
YLR206W,YER154W,0,-0.35046536,0.12993735074996948,0.9492537379264832,0.639119565486908
YNL095C,YLR163C,0,-0.35106003,0.1299196481704712,0.9492537379264832,0.6392195820808411
YOR323C,YHR179W,0,-0.35116297,0.1299019604921341,0.9492537379264832,0.639319658279419
YJL155C,YDR226W,0,-0.35126728,0.129884272813797,0.9492537379264832,0.6394197344779968
YOL142W,YKL061W,0,-0.3513064,0.1298666000366211,0.9492537379264832,0.6395197510719299
YIL143C,YDR296W,0,-0.35143387,0.129848912358284,0.9492537379264832,0.6396198272705078
YIL159W,YNL052W,0,-0.35161147,0.1298312395811081,0.9492537379264832,0.6397198438644409
YCR052W,YKL085W,0,-0.35174212,0.12981358170509338,0.9492537379264832,0.6398199200630188
YNL236W,YGL226C-A,0,-0.3519219,0.12979592382907867,0.9492537379264832,0.6399199366569519
YKL090W,YPL252C,0,-0.35194007,0.12977826595306396,0.9492537379264832,0.6400200128555298
YLR208W,YJR021C,0,-0.35214338,0.12976060807704926,0.9492537379264832,0.6401200890541077
YCR052W,YMR304W,0,-0.35215488,0.12974296510219574,0.9492537379264832,0.6402201056480408
YDL061C,YHR079C,0,-0.35215777,0.12972532212734222,0.9492537379264832,0.6403201818466187
YPR024W,YHR041C,0,-0.3525147,0.1297076791524887,0.9492537379264832,0.6404201984405518
YOR324C,YIL046W,0,-0.35273165,0.1296900510787964,0.9492537379264832,0.6405202746391296
YOR377W,YKL082C,0,-0.35306183,0.12967242300510406,0.9492537379264832,0.6406202912330627
YDR083W,YGR085C,0,-0.3531169,0.12965479493141174,0.9492537379264832,0.6407203674316406
YOR243C,YER052C,0,-0.353399,0.12963718175888062,0.9492537379264832,0.6408203840255737
YMR227C,YMR034C,0,-0.35356632,0.1296195685863495,0.9492537379264832,0.6409204602241516
YGR105W,YJL124C,0,-0.3542975,0.12960195541381836,0.9492537379264832,0.6410205364227295
YNL153C,YCR030C,0,-0.354376,0.12958435714244843,0.9492537379264832,0.6411205530166626
YDL133C-A,YPL180W,0,-0.3544977,0.1295667588710785,0.9492537379264832,0.6412206292152405
YBR183W,YDR419W,0,-0.35461092,0.12954916059970856,0.9492537379264832,0.6413206458091736
YDR310C,YOR355W,0,-0.3547292,0.12953156232833862,0.9492537379264832,0.6414207220077515
YKL206C,YGR239C,0,-0.35484064,0.12951397895812988,0.9492537379264832,0.6415207386016846
YDR172W,YDR373W,0,-0.35488513,0.12949639558792114,0.9492537379264832,0.6416208148002625
YBL034C,YAL031C,0,-0.3551726,0.1294788271188736,0.9492537379264832,0.6417208313941956
YOL045W,YDL021W,0,-0.35534418,0.12946125864982605,0.9492537379264832,0.6418209075927734
YLR425W,YBR037C,0,-0.35551646,0.1294436901807785,0.9492537379264832,0.6419209837913513
YJR078W,YLR213C,0,-0.35584232,0.12942613661289215,0.9492537379264832,0.6420210003852844
YDR512C,YLR208W,0,-0.3565367,0.1294085681438446,0.9492537379264832,0.6421210765838623
YOL057W,YJR010W,0,-0.3566066,0.12939101457595825,0.9492537379264832,0.6422210931777954
YNL070W,YOR327C,0,-0.35713658,0.1293734759092331,0.9492537379264832,0.6423211693763733
YDR498C,YEL062W,0,-0.35719314,0.12935593724250793,0.9492537379264832,0.6424211859703064
YKR057W,YKL038W,0,-0.3578528,0.12933839857578278,0.9492537379264832,0.6425212621688843
YOR126C,YJL128C,0,-0.35785532,0.12932085990905762,0.9492537379264832,0.6426213383674622
YGL089C,YLR194C,1,-0.35801739,0.1294388771057129,0.9502487778663635,0.6426213383674622
YIL108W,YDR353W,0,-0.3583309,0.12942132353782654,0.9502487778663635,0.6427213549613953
YDR076W,YLR386W,0,-0.3583573,0.12940379977226257,0.9502487778663635,0.6428214311599731
YPL078C,YJR103W,0,-0.35840762,0.12938626110553741,0.9502487778663635,0.6429214477539062
YDR059C,YBL034C,0,-0.35841116,0.12936873733997345,0.9502487778663635,0.6430215239524841
YLR353W,YLR321C,0,-0.35848877,0.12935121357440948,0.9502487778663635,0.6431215405464172
YIL002C,YKR101W,0,-0.3589464,0.12933368980884552,0.9502487778663635,0.6432216167449951
YNL117W,YPL078C,0,-0.35905758,0.12931618094444275,0.9502487778663635,0.6433216333389282
YOR230W,YDR159W,0,-0.35907748,0.12929867208003998,0.9502487778663635,0.6434217095375061
YIL134W,YJL192C,0,-0.3591529,0.1292811632156372,0.9502487778663635,0.643521785736084
YKR019C,YJL082W,0,-0.35926142,0.12926366925239563,0.9502487778663635,0.6436218023300171
YMR077C,YDL022W,0,-0.35940585,0.12924617528915405,0.9502487778663635,0.643721878528595
YPR189W,YKR044W,0,-0.3594323,0.12922868132591248,0.9502487778663635,0.6438218951225281
YJR107W,YGR268C,0,-0.35943303,0.1292112022638321,0.9502487778663635,0.643921971321106
YDR170C,YBR243C,0,-0.35945705,0.1291937232017517,0.9502487778663635,0.6440219879150391
YLR206W,YER087W,0,-0.35962087,0.12917624413967133,0.9502487778663635,0.6441220641136169
YJR005W,YNL175C,0,-0.35973182,0.12915877997875214,0.9502487778663635,0.6442221403121948
YIL170W,YOL108C,0,-0.35981533,0.12914131581783295,0.9502487778663635,0.6443221569061279
YDR414C,YDR332W,0,-0.36007968,0.12912385165691376,0.9502487778663635,0.6444222331047058
YDR262W,YMR213W,0,-0.36028147,0.12910638749599457,0.9502487778663635,0.6445222496986389
YLR191W,YGR179C,0,-0.36033106,0.12908893823623657,0.9502487778663635,0.6446223258972168
YBR059C,YNL223W,0,-0.36040187,0.12907148897647858,0.9502487778663635,0.6447223424911499
YJL103C,YFL048C,0,-0.36057693,0.12905405461788177,0.9502487778663635,0.6448224186897278
YOR126C,YAR035W,0,-0.36066064,0.12903662025928497,0.9502487778663635,0.6449224352836609
YLR228C,YLR359W,0,-0.3607094,0.12901918590068817,0.9502487778663635,0.6450225114822388
YOR054C,YPL244C,0,-0.360774,0.12900175154209137,0.9502487778663635,0.6451225876808167
YDL035C,YOR285W,0,-0.36098537,0.12898433208465576,0.9502487778663635,0.6452226042747498
YML099C,YMR238W,0,-0.3609893,0.12896691262722015,0.9502487778663635,0.6453226804733276
YDR453C,YBR026C,0,-0.36103263,0.12894949316978455,0.9502487778663635,0.6454226970672607
YJL030W,YOR138C,0,-0.3610673,0.12893208861351013,0.9502487778663635,0.6455227732658386
YKL074C,YPR149W,0,-0.36126617,0.12891468405723572,0.9502487778663635,0.6456227898597717
YMR039C,YHR057C,0,-0.3615799,0.1288972944021225,0.9502487778663635,0.6457228660583496
YOR340C,YAL031C,0,-0.36164007,0.12887988984584808,0.9502487778663635,0.6458228826522827
YJL172W,YDL021W,0,-0.3616918,0.12886250019073486,0.9502487778663635,0.6459229588508606
YHR012W,YGL010W,0,-0.36171898,0.12884511053562164,0.9502487778663635,0.6460230350494385
YCL036W,YKL186C,0,-0.36183447,0.12882773578166962,0.9502487778663635,0.6461230516433716
YGL180W,YHR135C,0,-0.36193284,0.1288103610277176,0.9502487778663635,0.6462231278419495
YEL040W,YGL183C,0,-0.36198127,0.12879298627376556,0.9502487778663635,0.6463231444358826
YHR069C,YLR219W,0,-0.36205134,0.12877562642097473,0.9502487778663635,0.6464232206344604
YNL008C,YDR496C,0,-0.3620566,0.1287582516670227,0.9502487778663635,0.6465232372283936
YNL271C,YGR036C,0,-0.36219576,0.12874090671539307,0.9502487778663635,0.6466233134269714
YJL060W,YOR285W,0,-0.36229292,0.12872354686260223,0.9502487778663635,0.6467233896255493
YHL034C,YCL032W,0,-0.36236718,0.1287062019109726,0.9502487778663635,0.6468234062194824
YKL041W,YLR386W,0,-0.36237636,0.12868885695934296,0.9502487778663635,0.6469234824180603
YPL064C,YDL225W,0,-0.3626734,0.12867151200771332,0.9502487778663635,0.6470234990119934
YNL127W,YPR152C,0,-0.36275265,0.12865418195724487,0.9502487778663635,0.6471235752105713
YBR274W,YPL244C,0,-0.36312836,0.12863685190677643,0.9502487778663635,0.6472235918045044
YGR020C,YKL095W,0,-0.36335835,0.12861952185630798,0.9502487778663635,0.6473236680030823
YPR026W,YKL117W,0,-0.363864,0.12860220670700073,0.9502487778663635,0.6474236845970154
YJL225C,YOR299W,0,-0.36392042,0.12858489155769348,0.9502487778663635,0.6475237607955933
YPR035W,YLR028C,0,-0.36397472,0.12856757640838623,0.9502487778663635,0.6476238369941711
YNR017W,YGR112W,0,-0.36403385,0.12855027616024017,0.9502487778663635,0.6477238535881042
YDR419W,YDL083C,0,-0.3641112,0.12853297591209412,0.9502487778663635,0.6478239297866821
YLR394W,YMR046C,0,-0.36411682,0.12851567566394806,0.9502487778663635,0.6479239463806152
YMR284W,YLR224W,0,-0.36427477,0.1284983903169632,0.9502487778663635,0.6480240225791931
YLL008W,YHR041C,0,-0.3644642,0.12848110496997833,0.9502487778663635,0.6481240391731262
YDR405W,YHR057C,0,-0.3645682,0.12846381962299347,0.9502487778663635,0.6482241153717041
YOL112W,YDR470C,0,-0.3646092,0.1284465342760086,0.9502487778663635,0.648324191570282
YDR254W,YHR132C,0,-0.36473253,0.12842926383018494,0.9502487778663635,0.6484242081642151
YFR029W,YJR021C,0,-0.36500663,0.12841199338436127,0.9502487778663635,0.648524284362793
YMR112C,YHR164C,0,-0.3652194,0.1283947229385376,0.9502487778663635,0.6486243009567261
YMR137C,YLR073C,0,-0.36537057,0.12837746739387512,0.9502487778663635,0.648724377155304
YOR377W,YNL175C,0,-0.36575678,0.12836021184921265,0.9502487778663635,0.6488243937492371
YGR167W,YMR203W,0,-0.36579597,0.12834297120571136,0.9502487778663635,0.6489244699478149
YDR233C,YNL079C,0,-0.3662443,0.1283257156610489,0.9502487778663635,0.649024486541748
YPL252C,YMR065W,0,-0.36635634,0.1283084750175476,0.9502487778663635,0.6491245627403259
YMR315W,YMR061W,0,-0.3664948,0.12829123437404633,0.9502487778663635,0.6492246389389038
YEL022W,YNL307C,0,-0.36659467,0.12827400863170624,0.9502487778663635,0.6493246555328369
YDL054C,YKL175W,0,-0.36702967,0.12825678288936615,0.9502487778663635,0.6494247317314148
YBR202W,YLR025W,0,-0.36734298,0.12823955714702606,0.9502487778663635,0.6495247483253479
YOR274W,YCL018W,0,-0.36739728,0.12822234630584717,0.9502487778663635,0.6496248245239258
YIL061C,YDR109C,0,-0.36750638,0.12820513546466827,0.9502487778663635,0.6497248411178589
YOL158C,YER046W,0,-0.36766914,0.12818792462348938,0.9502487778663635,0.6498249173164368
YMR238W,YDR337W,0,-0.367945,0.12817071378231049,0.9502487778663635,0.6499249339103699
YPL042C,YDR296W,0,-0.36802223,0.12815351784229279,0.9502487778663635,0.6500250101089478
YLR268W,YMR270C,0,-0.36823294,0.12813632190227509,0.9502487778663635,0.6501250863075256
YDL206W,YLR312W-A,0,-0.3683017,0.12811912596225739,0.9502487778663635,0.6502251029014587
YJL134W,YHR079C,0,-0.3684476,0.12810194492340088,0.9502487778663635,0.6503251791000366
YDR296W,YHR041C,0,-0.36847094,0.12808476388454437,0.9502487778663635,0.6504251956939697
YLL008W,YNR057C,0,-0.3684834,0.12806758284568787,0.9502487778663635,0.6505252718925476
YGR169C,YER115C,0,-0.368597,0.12805041670799255,0.9502487778663635,0.6506252884864807
YAR027W,YPR198W,0,-0.3687913,0.12803325057029724,0.9502487778663635,0.6507253646850586
YIL140W,YNR013C,0,-0.36887273,0.12801608443260193,0.9502487778663635,0.6508254408836365
YDR492W,YOR038C,0,-0.36893606,0.1279989331960678,0.9502487778663635,0.6509254574775696
YKR008W,YPR001W,0,-0.36925808,0.1279817670583725,0.9502487778663635,0.6510255336761475
YPR127W,YDR444W,0,-0.36934128,0.12796463072299957,0.9502487778663635,0.6511255502700806
YFR029W,YJR051W,0,-0.36937258,0.12794747948646545,0.9502487778663635,0.6512256264686584
YDL015C,YJL081C,0,-0.36961234,0.12793034315109253,0.9502487778663635,0.6513256430625916
YDR082W,YCL036W,0,-0.3696525,0.1279132068157196,0.9502487778663635,0.6514257192611694
YDR310C,YER125W,0,-0.36973754,0.12789607048034668,0.9502487778663635,0.6515257358551025
YEL012W,YDL170W,0,-0.3700517,0.12787894904613495,0.9502487778663635,0.6516258120536804
YDR059C,YGR070W,0,-0.37005243,0.12786182761192322,0.9502487778663635,0.6517258882522583
YDL197C,YDR211W,0,-0.37043133,0.1278447061777115,0.9502487778663635,0.6518259048461914
YNL008C,YBR187W,0,-0.37067494,0.12782759964466095,0.9502487778663635,0.6519259810447693
YHR047C,YGR089W,0,-0.3709782,0.1278104931116104,0.9502487778663635,0.6520259976387024
YNL322C,YGL089C,1,-0.3710095,0.12792719900608063,0.9512437582015991,0.6520259976387024
YGR238C,YMR273C,0,-0.37130412,0.1279100924730301,0.9512437582015991,0.6521260738372803
YEL040W,YPL011C,0,-0.3713737,0.12789297103881836,0.9512437582015991,0.6522260904312134
YDL045W-A,YMR033W,0,-0.37139162,0.12787586450576782,0.9512437582015991,0.6523261666297913
YLR080W,YMR269W,0,-0.37164354,0.12785877287387848,0.9512437582015991,0.6524262428283691
YOL112W,YJL225C,0,-0.371765,0.12784166634082794,0.9512437582015991,0.6525262594223022
YJL174W,YKR102W,1,-0.37188795,0.127958282828331,0.9522387981414795,0.6525262594223022
YBL112C,YDR211W,0,-0.3719429,0.12794117629528046,0.9522387981414795,0.6526263356208801
YBR059C,YOR338W,0,-0.3722088,0.12792406976222992,0.9522387981414795,0.6527263522148132
YKL015W,YIR032C,0,-0.3723071,0.12790697813034058,0.9522387981414795,0.6528264284133911
YPR144C,YPL218W,0,-0.3723347,0.12788988649845123,0.9522387981414795,0.6529264450073242
YOL165C,YKL007W,0,-0.37248257,0.1278727948665619,0.9522387981414795,0.6530265212059021
YKL174C,YNR021W,0,-0.37303746,0.12785571813583374,0.9522387981414795,0.6531265377998352
YLR130C,YFL023W,0,-0.37313887,0.1278386265039444,0.9522387981414795,0.6532266139984131
YOR106W,YKL103C,0,-0.37344167,0.12782156467437744,0.9522387981414795,0.653326690196991
YJL071W,YER137C,0,-0.37378386,0.1278044879436493,0.9522387981414795,0.6534267067909241
YPL150W,YFL045C,0,-0.373883,0.12778742611408234,0.9522387981414795,0.653526782989502
YAL054C,YOR261C,0,-0.37395656,0.12777036428451538,0.9522387981414795,0.6536267995834351
YKL170W,YEL029C,0,-0.37411585,0.12775330245494843,0.9522387981414795,0.6537268757820129
YGR282C,YOL052C,0,-0.3741453,0.12773625552654266,0.9522387981414795,0.653826892375946
YHR047C,YBR222C,0,-0.37424284,0.1277192085981369,0.9522387981414795,0.6539269685745239
YMR078C,YDR410C,0,-0.3742524,0.12770216166973114,0.9522387981414795,0.654026985168457
YNL309W,YJL171C,0,-0.37435892,0.12768512964248657,0.9522387981414795,0.6541270613670349
YGR238C,YBL011W,0,-0.3745583,0.1276680827140808,0.9522387981414795,0.6542271375656128
YJR057W,YDR410C,0,-0.3746062,0.12765106558799744,0.9522387981414795,0.6543271541595459
YIL080W,YBL034C,0,-0.37463892,0.12763403356075287,0.9522387981414795,0.6544272303581238
YLR228C,YMR038C,0,-0.3748015,0.1276170164346695,0.9522387981414795,0.6545272469520569
YPR024W,YBL068W,0,-0.37484726,0.12759999930858612,0.9522387981414795,0.6546273231506348
YNL160W,YBR301W,1,-0.37487933,0.1277163028717041,0.9532338380813599,0.6546273231506348
YLR270W,YLR268W,0,-0.3749335,0.12769928574562073,0.9532338380813599,0.6547273397445679
YMR008C,YCL008C,0,-0.37524715,0.12768225371837616,0.9532338380813599,0.6548274159431458
YDR476C,YPL096W,0,-0.3753176,0.12766525149345398,0.9532338380813599,0.6549274921417236
YJR070C,YGL060W,0,-0.37531975,0.1276482343673706,0.9532338380813599,0.6550275087356567
YDR229W,YLL033W,0,-0.37577295,0.12763123214244843,0.9532338380813599,0.6551275849342346
YNL236W,YOR138C,0,-0.37587813,0.12761422991752625,0.9532338380813599,0.6552276015281677
YDL107W,YKL053C-A,0,-0.3760679,0.12759722769260406,0.9532338380813599,0.6553276777267456
YEL040W,YOR009W,1,-0.37613484,0.1277134120464325,0.9542288780212402,0.6553276777267456
YGR155W,YMR143W,0,-0.3762368,0.12769640982151031,0.9542288780212402,0.6554276943206787
YHR079C,YKL095W,0,-0.37630317,0.12767940759658813,0.9542288780212402,0.6555277705192566
YLR394W,YMR087W,0,-0.37637252,0.12766240537166595,0.9542288780212402,0.6556277871131897
YGR281W,YEL029C,0,-0.37646013,0.12764541804790497,0.9542288780212402,0.6557278633117676
YOR393W,YDR373W,0,-0.3764678,0.12762843072414398,0.9542288780212402,0.6558279395103455
YMR005W,YLR024C,0,-0.3767825,0.127611443400383,0.9542288780212402,0.6559279561042786
YFR013W,YKL001C,0,-0.3769609,0.1275944709777832,0.9542288780212402,0.6560280323028564
YGL014W,YJL192C,0,-0.37716794,0.12757748365402222,0.9542288780212402,0.6561280488967896
YBL112C,YLL043W,0,-0.37724766,0.12756052613258362,0.9542288780212402,0.6562281250953674
YFL054C,YNL080C,0,-0.37739447,0.12754355370998383,0.9542288780212402,0.6563281416893005
YBR274W,YHL027W,0,-0.37756428,0.12752659618854523,0.9542288780212402,0.6564282178878784
YDR174W,YPR043W,0,-0.37768415,0.12750963866710663,0.9542288780212402,0.6565282344818115
YKL206C,YGL163C,0,-0.37777218,0.12749268114566803,0.9542288780212402,0.6566283106803894
YOL070C,YPL259C,0,-0.37799188,0.12747573852539062,0.9542288780212402,0.6567283868789673
YNL335W,YGR239C,0,-0.37819466,0.12745879590511322,0.9542288780212402,0.6568284034729004
YDR371W,YPL083C,0,-0.37844542,0.12744185328483582,0.9542288780212402,0.6569284796714783
YOR304C-A,YJL029C,0,-0.37890878,0.1274249255657196,0.9542288780212402,0.6570284962654114
YKL170W,YER046W,0,-0.37901422,0.1274079978466034,0.9542288780212402,0.6571285724639893
YNR057C,YNR035C,0,-0.37905306,0.12739107012748718,0.9542288780212402,0.6572285890579224
YKL172W,YKL095W,0,-0.3792427,0.12737415730953217,0.9542288780212402,0.6573286652565002
YOR194C,YPL027W,0,-0.37927482,0.12735724449157715,0.9542288780212402,0.6574287414550781
YEL037C,YFL017W-A,0,-0.37929353,0.12734033167362213,0.9542288780212402,0.6575287580490112
YGL180W,YHR175W,0,-0.37938008,0.12732341885566711,0.9542288780212402,0.6576288342475891
YMR077C,YJR101W,0,-0.3795903,0.1273065209388733,0.9542288780212402,0.6577288508415222
YML052W,YJR031C,0,-0.37985647,0.12728962302207947,0.9542288780212402,0.6578289270401001
YKL117W,YFR052W,0,-0.3799768,0.12727272510528564,0.9542288780212402,0.6579289436340332
YBR150C,YDL022W,0,-0.3800133,0.12725584208965302,0.9542288780212402,0.6580290198326111
YCR057C,YBL089W,0,-0.38005248,0.12723895907402039,0.9542288780212402,0.6581290364265442
YNL283C,YHR156C,0,-0.38017783,0.12722207605838776,0.9542288780212402,0.6582291126251221
YML097C,YJL134W,0,-0.38055146,0.12720519304275513,0.9542288780212402,0.6583291888237
YER087W,YNL016W,0,-0.380657,0.1271883249282837,0.9542288780212402,0.6584292054176331
YJR051W,YGR112W,0,-0.38068628,0.12717145681381226,0.9542288780212402,0.6585292816162109
YHR059W,YGR134W,0,-0.38082352,0.12715460360050201,0.9542288780212402,0.658629298210144
YBR243C,YMR304W,0,-0.38107666,0.12713775038719177,0.9542288780212402,0.6587293744087219
YGL256W,YBR276C,0,-0.38135916,0.12712089717388153,0.9542288780212402,0.658829391002655
YOL142W,YDR211W,0,-0.38137555,0.1271040439605713,0.9542288780212402,0.6589294672012329
YGR251W,YDR229W,0,-0.3821223,0.12708720564842224,0.9542288780212402,0.6590295433998108
YMR203W,YER052C,0,-0.3823443,0.127070352435112,0.9542288780212402,0.6591295599937439
YOR304W,YKR006C,0,-0.38245532,0.12705352902412415,0.9542288780212402,0.6592296361923218
YJL117W,YEL029C,0,-0.38279969,0.1270366907119751,0.9542288780212402,0.6593296527862549
YLL003W,YMR272C,0,-0.38281667,0.12701986730098724,0.9542288780212402,0.6594297289848328
YDR460W,YDR453C,0,-0.38283426,0.1270030438899994,0.9542288780212402,0.6595297455787659
YLR208W,YMR180C,0,-0.38285515,0.12698623538017273,0.9542288780212402,0.6596298217773438
YDR167W,YJR147W,0,-0.38324454,0.12696941196918488,0.9542288780212402,0.6597298383712769
YDR414C,YOL052C,0,-0.38325384,0.12695260345935822,0.9542288780212402,0.6598299145698547
YHR214C-B,YDR233C,0,-0.38342974,0.12693580985069275,0.9542288780212402,0.6599299907684326
YCL008C,YPL065W,0,-0.3837659,0.1269190013408661,0.9542288780212402,0.6600300073623657
YLL051C,YDR310C,0,-0.38399553,0.12690220773220062,0.9542288780212402,0.6601300835609436
YOL165C,YPR162C,0,-0.38407272,0.12688541412353516,0.9542288780212402,0.6602301001548767
YMR078C,YPL163C,0,-0.38408178,0.12686863541603088,0.9542288780212402,0.6603301763534546
YIL046W,YNL230C,0,-0.3840872,0.1268518567085266,0.9542288780212402,0.6604301929473877
YDR351W,YEL036C,0,-0.38428918,0.12683507800102234,0.9542288780212402,0.6605302691459656
YAL024C,YDR170C,0,-0.38430387,0.12681829929351807,0.9542288780212402,0.6606302857398987
YKL117W,YDR476C,0,-0.3843654,0.126801535487175,0.9542288780212402,0.6607303619384766
YAL040C,YHL027W,0,-0.38438305,0.1267847716808319,0.9542288780212402,0.6608304381370544
YJL160C,YMR008C,1,-0.38442826,0.12690019607543945,0.9552238583564758,0.6608304381370544
YKR054C,YIL006W,0,-0.38497594,0.12688343226909637,0.9552238583564758,0.6609304547309875
YNL145W,YJL158C,1,-0.38519114,0.12699881196022034,0.9562188982963562,0.6609304547309875
YHR074W,YJR021C,0,-0.38520524,0.12698203325271606,0.9562188982963562,0.6610305309295654
YKR036C,YFR019W,0,-0.38532677,0.1269652545452118,0.9562188982963562,0.6611305475234985
YJR101W,YER145C,0,-0.38542542,0.12694847583770752,0.9562188982963562,0.6612306237220764
YJR119C,YMR295C,0,-0.38543743,0.12693171203136444,0.9562188982963562,0.6613306403160095
YDL197C,YDR304C,0,-0.3854632,0.12691494822502136,0.9562188982963562,0.6614307165145874
YFR031C,YLR005W,0,-0.38562652,0.12689818441867828,0.9562188982963562,0.6615307927131653
YLR105C,YOR089C,0,-0.38564572,0.1268814355134964,0.9562188982963562,0.6616308093070984
YBR243C,YOR340C,0,-0.38585737,0.12686468660831451,0.9562188982963562,0.6617308855056763
YNR031C,YJL117W,0,-0.38590565,0.12684793770313263,0.9562188982963562,0.6618309020996094
YKR026C,YJL206C,0,-0.38593736,0.12683120369911194,0.9562188982963562,0.6619309782981873
YKR103W,YLR208W,0,-0.38611218,0.12681446969509125,0.9562188982963562,0.6620309948921204
YFR031C,YNL006W,0,-0.38624066,0.12679773569107056,0.9562188982963562,0.6621310710906982
YKR102W,YOL011W,1,-0.38639703,0.126912921667099,0.9572139382362366,0.6621310710906982
YOL038W,YNL121C,0,-0.3864456,0.1268961876630783,0.9572139382362366,0.6622310876846313
YBR260C,YPL099C,0,-0.38678154,0.12687945365905762,0.9572139382362366,0.6623311638832092
YLR404W,YDL070W,0,-0.38681,0.12686271965503693,0.9572139382362366,0.6624312400817871
YPR135W,YCL008C,0,-0.38682976,0.12684598565101624,0.9572139382362366,0.6625312566757202
YDR164C,YBL034C,0,-0.38685971,0.12682926654815674,0.9572139382362366,0.6626313328742981
YBR120C,YEL029C,0,-0.38687885,0.12681254744529724,0.9572139382362366,0.6627313494682312
YDR499W,YBR141C,0,-0.38699767,0.12679582834243774,0.9572139382362366,0.6628314256668091
YIL021W,YBR243C,0,-0.3870165,0.12677912414073944,0.9572139382362366,0.6629314422607422
YEL052W,YJR103W,0,-0.38725397,0.12676241993904114,0.9572139382362366,0.6630315184593201
YLR395C,YCR057C,0,-0.3873199,0.12674571573734283,0.9572139382362366,0.663131594657898
YAR027W,YDR364C,0,-0.3873455,0.12672902643680573,0.9572139382362366,0.663231611251831
YDR174W,YPL129W,0,-0.387423,0.12671232223510742,0.9572139382362366,0.6633316874504089
YML030W,YIL177C,0,-0.38753784,0.1266956478357315,0.9572139382362366,0.663431704044342
YDR337W,YEL056W,0,-0.38753974,0.1266789585351944,0.9572139382362366,0.6635317802429199
YLR080W,YNL258C,0,-0.38765764,0.12666228413581848,0.9572139382362366,0.663631796836853
YGL122C,YGL019W,0,-0.3876655,0.12664560973644257,0.9572139382362366,0.6637318730354309
YDR414C,YDL045C,0,-0.38769498,0.12662893533706665,0.9572139382362366,0.663831889629364
YIL095W,YMR087W,0,-0.38787803,0.12661226093769073,0.9572139382362366,0.6639319658279419
YNR035C,YDR364C,0,-0.3879375,0.126595601439476,0.9572139382362366,0.6640320420265198
YMR078C,YMR173W,0,-0.38814217,0.1265789419412613,0.9572139382362366,0.6641320586204529
YMR123W,YGR134W,0,-0.38853955,0.12656229734420776,0.9572139382362366,0.6642321348190308
YCL018W,YJL117W,0,-0.3891597,0.12654565274715424,0.9572139382362366,0.6643321514129639
YLR191W,YFR021W,0,-0.38934103,0.1265290081501007,0.9572139382362366,0.6644322276115417
YJR055W,YIL132C,0,-0.38942227,0.12651236355304718,0.9572139382362366,0.6645322442054749
YOR274W,YJR028W,0,-0.38946536,0.12649573385715485,0.9572139382362366,0.6646323204040527
YEL036C,YKL022C,0,-0.38948277,0.12647908926010132,0.9572139382362366,0.6647323369979858
YJL140W,YJR063W,0,-0.38979778,0.12646247446537018,0.9572139382362366,0.6648324131965637
YLR107W,YKR036C,0,-0.38988915,0.12644584476947784,0.9572139382362366,0.6649324893951416
YPL119C,YNL138W,0,-0.39033064,0.1264292299747467,0.9572139382362366,0.6650325059890747
YGR239C,YJL082W,0,-0.39087692,0.12641261518001556,0.9572139382362366,0.6651325821876526
YOR054C,YBR118W,0,-0.39091006,0.12639600038528442,0.9572139382362366,0.6652325987815857
YKR056W,YOR209C,0,-0.39146742,0.12637940049171448,0.9572139382362366,0.6653326749801636
YMR090W,YCR052W,0,-0.3915054,0.12636280059814453,0.9572139382362366,0.6654326915740967
YFL038C,YGL103W,0,-0.39165375,0.12634620070457458,0.9572139382362366,0.6655327677726746
YMR160W,YPL065W,0,-0.39173135,0.12632961571216583,0.9572139382362366,0.6656328439712524
YHR030C,YMR097C,0,-0.39177895,0.12631303071975708,0.9572139382362366,0.6657328605651855
YMR112C,YGR089W,0,-0.39198628,0.12629644572734833,0.9572139382362366,0.6658329367637634
YGR056W,YLR390W,0,-0.39199403,0.12627986073493958,0.9572139382362366,0.6659329533576965
YFL033C,YDR373W,0,-0.3922027,0.12626329064369202,0.9572139382362366,0.6660330295562744
YOR106W,YLR452C,0,-0.39227605,0.12624672055244446,0.9572139382362366,0.6661330461502075
YMR033W,YOL158C,0,-0.39240432,0.1262301504611969,0.9572139382362366,0.6662331223487854
YNL281W,YIL095W,0,-0.39283547,0.12621359527111053,0.9572139382362366,0.6663331389427185
YBR275C,YMR061W,0,-0.39284924,0.12619704008102417,0.9572139382362366,0.6664332151412964
YOR176W,YHR119W,0,-0.39304742,0.1261804848909378,0.9572139382362366,0.6665332913398743
YDL045W-A,YBR287W,0,-0.39323398,0.12616392970085144,0.9572139382362366,0.6666333079338074
YIL088C,YGR134W,0,-0.39364848,0.12614738941192627,0.9572139382362366,0.6667333841323853
YMR194W,YDL170W,0,-0.3938822,0.1261308491230011,0.9572139382362366,0.6668334007263184
YMR032W,YKL206C,0,-0.39397737,0.12611430883407593,0.9572139382362366,0.6669334769248962
YPR196W,YJL171C,0,-0.39410833,0.12609778344631195,0.9572139382362366,0.6670334935188293
YHR132C,YLR028C,0,-0.39447483,0.12608125805854797,0.9572139382362366,0.6671335697174072
YIL162W,YKR013W,1,-0.39455685,0.1261957734823227,0.9582089781761169,0.6671335697174072
YNL172W,YGR143W,0,-0.3945636,0.12617924809455872,0.9582089781761169,0.6672336459159851
YGL209W,YIR011C,0,-0.3949156,0.12616270780563354,0.9582089781761169,0.6673336625099182
YML051W,YPL188W,0,-0.39505893,0.12614618241786957,0.9582089781761169,0.6674337387084961
YDR383C,YAL063C,0,-0.39507732,0.12612967193126678,0.9582089781761169,0.6675337553024292
YLR344W,YJR140C,0,-0.39516547,0.1261131465435028,0.9582089781761169,0.6676338315010071
YMR061W,YDR173C,0,-0.39516675,0.12609663605690002,0.9582089781761169,0.6677338480949402
YGR105W,YCL004W,0,-0.3958041,0.12608012557029724,0.9582089781761169,0.6678339242935181
YMR179W,YJL149W,0,-0.3959059,0.12606361508369446,0.9582089781761169,0.6679339408874512
YPR144C,YNL107W,0,-0.39597222,0.12604711949825287,0.9582089781761169,0.668034017086029
YNL006W,YBL089W,0,-0.39606637,0.12603062391281128,0.9582089781761169,0.6681340932846069
YOR084W,YGR034W,0,-0.39614055,0.1260141283273697,0.9582089781761169,0.66823410987854
YLR191W,YCR026C,0,-0.3961717,0.1259976476430893,0.9582089781761169,0.6683341860771179
YLR228C,YER104W,0,-0.396224,0.1259811669588089,0.9582089781761169,0.668434202671051
YCR060W,YDL170W,0,-0.39698306,0.1259646862745285,0.9582089781761169,0.6685342788696289
YBR080C,YOR180C,0,-0.39706415,0.1259482055902481,0.9582089781761169,0.668634295463562
YMR169C,YJL155C,0,-0.39715,0.1259317398071289,0.9582089781761169,0.6687343716621399
YHR082C,YNR035C,0,-0.39738342,0.1259152740240097,0.9582089781761169,0.668834388256073
YCR093W,YNL016W,0,-0.39748475,0.1258988082408905,0.9582089781761169,0.6689344644546509
YLR016C,YLR088W,0,-0.39760473,0.1258823573589325,0.9582089781761169,0.6690345406532288
YLR219W,YOR038C,0,-0.39762166,0.1258659064769745,0.9582089781761169,0.6691345572471619
YEL036C,YPR006C,0,-0.39762858,0.12584945559501648,0.9582089781761169,0.6692346334457397
YJR149W,YKR066C,0,-0.39765704,0.12583300471305847,0.9582089781761169,0.6693346500396729
YDL029W,YIL088C,0,-0.39789084,0.12581656873226166,0.9582089781761169,0.6694347262382507
YBR275C,YCR026C,0,-0.3979941,0.12580013275146484,0.9582089781761169,0.6695347428321838
YBR287W,YKL168C,0,-0.39803395,0.12578369677066803,0.9582089781761169,0.6696348190307617
YDL215C,YKL186C,0,-0.39804593,0.1257672756910324,0.9582089781761169,0.6697348952293396
YGR221C,YOR279C,0,-0.39810595,0.1257508546113968,0.9582089781761169,0.6698349118232727
YDR378C,YOR098C,0,-0.39816484,0.12573443353176117,0.9582089781761169,0.6699349880218506
YFR029W,YNL273W,0,-0.39829594,0.12571801245212555,0.9582089781761169,0.6700350046157837
YDL170W,YNL239W,0,-0.39839134,0.12570160627365112,0.9582089781761169,0.6701350808143616
YGR034W,YOR230W,0,-0.39840803,0.1256852000951767,0.9582089781761169,0.6702350974082947
YGR276C,YER002W,0,-0.39841035,0.12566879391670227,0.9582089781761169,0.6703351736068726
YOR310C,YJR147W,0,-0.39875877,0.12565240263938904,0.9582089781761169,0.6704351902008057
YDR263C,YDL021W,0,-0.39878544,0.1256360113620758,0.9582089781761169,0.6705352663993835
YMR093W,YML080W,0,-0.3988267,0.12561962008476257,0.9582089781761169,0.6706353425979614
YGR056W,YGR238C,0,-0.39890918,0.12560322880744934,0.9582089781761169,0.6707353591918945
YJR070C,YDR207C,0,-0.39893213,0.1255868524312973,0.9582089781761169,0.6708354353904724
YAL005C,YOR383C,1,-0.3991459,0.12570087611675262,0.9592039585113525,0.6708354353904724
YGR144W,YNR035C,0,-0.39941353,0.1256844848394394,0.9592039585113525,0.6709354519844055
YKL096W-A,YJR153W,1,-0.39949542,0.12579846382141113,0.9601989984512329,0.6709354519844055
YLR165C,YOR099W,0,-0.39958706,0.1257820576429367,0.9601989984512329,0.6710355281829834
YNL073W,YML109W,0,-0.3996859,0.12576566636562347,0.9601989984512329,0.6711355447769165
YHR029C,YOR313C,0,-0.39972657,0.12574928998947144,0.9601989984512329,0.6712356209754944
YMR193W,YOR351C,0,-0.40029678,0.1257328987121582,0.9601989984512329,0.6713356971740723
YNR006W,YBR129C,0,-0.40048692,0.12571652233600616,0.9601989984512329,0.6714357137680054
YBR182C,YFR033C,0,-0.40048885,0.12570014595985413,0.9601989984512329,0.6715357899665833
YKR002W,YKL022C,0,-0.4006512,0.1256837695837021,0.9601989984512329,0.6716358065605164
YGR056W,YCR002C,0,-0.40079618,0.12566740810871124,0.9601989984512329,0.6717358827590942
YLL045C,YOR142W,0,-0.40091452,0.1256510466337204,0.9601989984512329,0.6718358993530273
YGL026C,YOR020C,0,-0.40163252,0.12563468515872955,0.9601989984512329,0.6719359755516052
YKL093W,YDR296W,0,-0.40167937,0.1256183236837387,0.9601989984512329,0.6720359921455383
YBR115C,YFL013C,0,-0.40206024,0.12560197710990906,0.9601989984512329,0.6721360683441162
YGR085C,YER165W,0,-0.40224996,0.1255856305360794,0.9601989984512329,0.6722361445426941
YKR066C,YAL029C,0,-0.40257102,0.12556928396224976,0.9601989984512329,0.6723361611366272
YGL050W,YPL099C,0,-0.402632,0.1255529522895813,0.9601989984512329,0.6724362373352051
YDR059C,YKL205W,0,-0.40319675,0.12553662061691284,0.9601989984512329,0.6725362539291382
YPR189W,YPR072W,0,-0.40322754,0.12552028894424438,0.9601989984512329,0.6726363301277161
YEL037C,YLR129W,0,-0.40338403,0.12550397217273712,0.9601989984512329,0.6727363467216492
YHR030C,YGL062W,0,-0.40346447,0.12548764050006866,0.9601989984512329,0.672836422920227
YFR045W,YMR246W,0,-0.4035826,0.1254713237285614,0.9601989984512329,0.6729364395141602
YOR324C,YBL026W,0,-0.4038259,0.12545502185821533,0.9601989984512329,0.673036515712738
YCR052W,YPR127W,0,-0.4039025,0.12543870508670807,0.9601989984512329,0.6731365919113159
YBR155W,YKL074C,0,-0.40399286,0.125422403216362,0.9601989984512329,0.673236608505249
YMR019W,YLR088W,0,-0.40417698,0.12540610134601593,0.9601989984512329,0.6733366847038269
YDR030C,YDR262W,0,-0.4043058,0.12538981437683105,0.9601989984512329,0.67343670129776
YJR004C,YLR359W,0,-0.40437126,0.12537352740764618,0.9601989984512329,0.6735367774963379
YMR179W,YIL159W,0,-0.40443966,0.1253572404384613,0.9601989984512329,0.673636794090271
YGL112C,YGR229C,0,-0.4045603,0.12534095346927643,0.9601989984512329,0.6737368702888489
YLR291C,YKL095W,0,-0.405157,0.12532468140125275,0.9601989984512329,0.6738369464874268
YNL117W,YMR054W,0,-0.40517133,0.12530839443206787,0.9601989984512329,0.6739369630813599
YGL094C,YKL001C,0,-0.40601018,0.12529213726520538,0.9601989984512329,0.6740370392799377
YGR258C,YMR300C,0,-0.40607122,0.1252758651971817,0.9601989984512329,0.6741370558738708
YER090W,YBR281C,0,-0.40628025,0.1252596080303192,0.9601989984512329,0.6742371320724487
YJR140C,YJR133W,0,-0.40645668,0.12524335086345673,0.9601989984512329,0.6743371486663818
YOL155C,YPL078C,0,-0.40647402,0.12522709369659424,0.9601989984512329,0.6744372248649597
YEL069C,YCL034W,0,-0.40662995,0.12521085143089294,0.9601989984512329,0.6745372414588928
YNL127W,YKR102W,0,-0.40686873,0.12519460916519165,0.9601989984512329,0.6746373176574707
YBL005W-B,YMR179W,0,-0.40716067,0.12517836689949036,0.9601989984512329,0.6747373938560486
YGR095C,YKL095W,0,-0.40722898,0.12516212463378906,0.9601989984512329,0.6748374104499817
YJR149W,YBL026W,0,-0.40735987,0.12514589726924896,0.9601989984512329,0.6749374866485596
YGR105W,YOR311C,0,-0.40756857,0.12512966990470886,0.9601989984512329,0.6750375032424927
YDL054C,YMR099C,0,-0.4080088,0.12511344254016876,0.9601989984512329,0.6751375794410706
YKL174C,YKL061W,0,-0.4080697,0.12509723007678986,0.9601989984512329,0.6752375960350037
YER117W,YJL085W,0,-0.40825853,0.12508101761341095,0.9601989984512329,0.6753376722335815
YKL020C,YBR274W,0,-0.40833214,0.12506480515003204,0.9601989984512329,0.6754377484321594
YJR036C,YLR380W,0,-0.40857407,0.12504859268665314,0.9601989984512329,0.6755377650260925
YLR206W,YGL113W,0,-0.4086347,0.12503239512443542,0.9601989984512329,0.6756378412246704
YOR084W,YLL027W,0,-0.4087237,0.1250161975622177,0.9601989984512329,0.6757378578186035
YPR001W,YPL113C,0,-0.40877917,0.125,0.9601989984512329,0.6758379340171814
YJL172W,YJR005W,0,-0.40903085,0.12498380988836288,0.9601989984512329,0.6759379506111145
YBR120C,YKL205W,0,-0.4091123,0.12496762722730637,0.9601989984512329,0.6760380268096924
YOR054C,YNL032W,0,-0.40912068,0.12495144456624985,0.9601989984512329,0.6761380434036255
YFR013W,YGR036C,0,-0.40912762,0.12493526935577393,0.9601989984512329,0.6762381196022034
YOR106W,YAL031C,0,-0.4092451,0.124919094145298,0.9601989984512329,0.6763381958007812
YNL172W,YGL212W,0,-0.40930513,0.12490292638540268,0.9601989984512329,0.6764382123947144
YJR004C,YDR415C,0,-0.40997615,0.12488675862550735,0.9601989984512329,0.6765382885932922
YEL037C,YPL274W,0,-0.41006222,0.12487059831619263,0.9601989984512329,0.6766383051872253
YKL165C,YGR222W,0,-0.41011485,0.1248544454574585,0.9601989984512329,0.6767383813858032
YDR414C,YJL149W,0,-0.41017586,0.12483829259872437,0.9601989984512329,0.6768383979797363
YIL134W,YDL111C,0,-0.4106126,0.12482214719057083,0.9601989984512329,0.6769384741783142
YPR190C,YOR215C,0,-0.41061428,0.1248060017824173,0.9601989984512329,0.6770384907722473
YMR093W,YDR410C,0,-0.41080597,0.12478986382484436,0.9601989984512329,0.6771385669708252
YNL122C,YIR032C,0,-0.41102514,0.12477372586727142,0.9601989984512329,0.6772386431694031
YBR066C,YML080W,0,-0.4110675,0.12475759536027908,0.9601989984512329,0.6773386597633362
YMR168C,YGL172W,0,-0.4111269,0.12474146485328674,0.9601989984512329,0.6774387359619141
YMR227C,YLR050C,0,-0.41125214,0.1247253492474556,0.9601989984512329,0.6775387525558472
YLR080W,YOR317W,0,-0.41152057,0.12470922619104385,0.9601989984512329,0.677638828754425
YNL102W,YKL003C,0,-0.4115691,0.12469311058521271,0.9601989984512329,0.6777388453483582
YGL068W,YGR089W,0,-0.41158798,0.12467700242996216,0.9601989984512329,0.677838921546936
YDR079W,YJL187C,0,-0.411763,0.12466089427471161,0.9601989984512329,0.6779389977455139
YNL208W,YNR028W,0,-0.4118041,0.12464479357004166,0.9601989984512329,0.678039014339447
YLR289W,YOR317W,0,-0.4119264,0.1246287003159523,0.9601989984512329,0.6781390905380249
YCR060W,YKL186C,0,-0.4120759,0.12461259961128235,0.9601989984512329,0.678239107131958
YGR155W,YER104W,0,-0.4121646,0.12459651380777359,0.9601989984512329,0.6783391833305359
YGL225W,YEL056W,0,-0.412271,0.12458042800426483,0.9601989984512329,0.678439199924469
YLR268W,YMR210W,0,-0.41253218,0.12456434965133667,0.9601989984512329,0.6785392761230469
YBR247C,YKL094W,0,-0.41257256,0.12454827129840851,0.9601989984512329,0.67863929271698
YGR081C,YKL165C,0,-0.41265294,0.12453220039606094,0.9601989984512329,0.6787393689155579
YGR081C,YGR167W,0,-0.412876,0.12451612949371338,0.9601989984512329,0.6788394451141357
YJL200C,YGR276C,0,-0.41297498,0.12450006604194641,0.9601989984512329,0.6789394617080688
YJR010W,YJR005W,0,-0.4130511,0.12448400259017944,0.9601989984512329,0.6790395379066467
YHR132C,YPL167C,0,-0.41321614,0.12446794658899307,0.9601989984512329,0.6791395545005798
YLR129W,YGL203C,0,-0.4132376,0.1244518980383873,0.9601989984512329,0.6792396306991577
YLR289W,YLR191W,0,-0.41351405,0.12443584948778152,0.9601989984512329,0.6793396472930908
YLR314C,YPL087W,0,-0.41361925,0.12441980093717575,0.9601989984512329,0.6794397234916687
YDR138W,YOR311C,0,-0.4137235,0.12440376728773117,0.9601989984512329,0.6795397400856018
YDL015C,YDR195W,0,-0.41375297,0.124387726187706,0.9601989984512329,0.6796398162841797
YPL064C,YCL018W,0,-0.4137956,0.12437169998884201,0.9601989984512329,0.6797398924827576
YOL093W,YHL034C,0,-0.41385505,0.12435567378997803,0.9601989984512329,0.6798399090766907
YKL117W,YBR276C,0,-0.41400698,0.12433964759111404,0.9601989984512329,0.6799399852752686
YFR029W,YBL085W,0,-0.41403806,0.12432362884283066,0.9601989984512329,0.6800400018692017
YOL010W,YKL078W,0,-0.4143099,0.12430761009454727,0.9601989984512329,0.6801400780677795
YOR232W,YOR355W,0,-0.4143249,0.12429159879684448,0.9601989984512329,0.6802400946617126
YKL163W,YJR151C,1,-0.4143732,0.12440437823534012,0.9611940383911133,0.6802400946617126
YBR066C,YLR386W,0,-0.41442338,0.12438835948705673,0.9611940383911133,0.6803401708602905
YOR126C,YAL017W,0,-0.4144756,0.12437234818935394,0.9611940383911133,0.6804402470588684
YCL018W,YOR297C,0,-0.41463423,0.12435633689165115,0.9611940383911133,0.6805402636528015
YJL103C,YLR033W,0,-0.41464955,0.12434032559394836,0.9611940383911133,0.6806403398513794
YJL130C,YGL169W,0,-0.4149156,0.12432432174682617,0.9611940383911133,0.6807403564453125
YJR151C,YDR392W,0,-0.41494438,0.12430832535028458,0.9611940383911133,0.6808404326438904
YMR097C,YIL042C,0,-0.4150272,0.12429232895374298,0.9611940383911133,0.6809404492378235
YER162C,YOR226C,0,-0.41532683,0.12427634000778198,0.9611940383911133,0.6810405254364014
YKL157W,YJL159W,1,-0.41562232,0.12438898533582687,0.9621890783309937,0.6810405254364014
YLR009W,YKR035W-A,0,-0.4157058,0.12437298893928528,0.9621890783309937,0.6811405420303345
YHR179W,YKR101W,0,-0.41585013,0.12435699254274368,0.9621890783309937,0.6812406182289124
YLR103C,YBL052C,0,-0.4160641,0.12434100359678268,0.9621890783309937,0.6813406944274902
YPL187W,YDR371W,1,-0.4162187,0.1244535893201828,0.9631840586662292,0.6813406944274902
YOR299W,YIR005W,0,-0.41644925,0.12443758547306061,0.9631840586662292,0.6814407110214233
YGL083W,YNL236W,0,-0.4167461,0.12442159652709961,0.9631840586662292,0.6815407872200012
YDL061C,YFL045C,0,-0.41675177,0.12440560013055801,0.9631840586662292,0.6816408038139343
YHR002W,YJL004C,0,-0.41675898,0.12438961863517761,0.9631840586662292,0.6817408800125122
YML099C,YHR057C,0,-0.41684985,0.12437363713979721,0.9631840586662292,0.6818408966064453
YNL073W,YKL061W,0,-0.41705444,0.12435765564441681,0.9631840586662292,0.6819409728050232
YOL082W,YJR021C,0,-0.41725278,0.124341681599617,0.9631840586662292,0.6820410490036011
YPL180W,YCL008C,0,-0.41769037,0.1243257150053978,0.9631840586662292,0.6821410655975342
YLL045C,YKR002W,0,-0.4177576,0.12430974841117859,0.9631840586662292,0.6822411417961121
YLR206W,YJR130C,0,-0.41805044,0.12429378181695938,0.9631840586662292,0.6823411583900452
YGR012W,YNL138W,0,-0.4181141,0.12427783012390137,0.9631840586662292,0.682441234588623
YPR011C,YJL128C,0,-0.4181235,0.12426187098026276,0.9631840586662292,0.6825412511825562
YER101C,YMR300C,0,-0.41843742,0.12424592673778534,0.9631840586662292,0.682641327381134
YLR291C,YMR033W,0,-0.41858408,0.12422998249530792,0.9631840586662292,0.6827413439750671
YMR123W,YOR378W,0,-0.41861713,0.1242140382528305,0.9631840586662292,0.682841420173645
YJR083C,YDR444W,0,-0.41879985,0.12419810146093369,0.9631840586662292,0.6829414963722229
YMR176W,YDR170C,0,-0.41883308,0.12418216466903687,0.9631840586662292,0.683041512966156
YLR182W,YBL085W,0,-0.41899115,0.12416624277830124,0.9631840586662292,0.6831415891647339
YOL045W,YDL074C,0,-0.4189944,0.12415031343698502,0.9631840586662292,0.683241605758667
YER074W,YGR185C,0,-0.41910145,0.12413439154624939,0.9631840586662292,0.6833416819572449
YLR270W,YOR340C,0,-0.41915813,0.12411847710609436,0.9631840586662292,0.683441698551178
YDR405W,YAL040C,0,-0.4196212,0.12410256266593933,0.9631840586662292,0.6835417747497559
YOL082W,YGR276C,0,-0.41981974,0.1240866556763649,0.9631840586662292,0.683641791343689
YNL032W,YOR098C,0,-0.41993138,0.12407074868679047,0.9631840586662292,0.6837418675422668
YGL010W,YDR207C,0,-0.4199579,0.12405484914779663,0.9631840586662292,0.6838419437408447
YGR010W,YGR276C,0,-0.42010444,0.12403895705938339,0.9631840586662292,0.6839419603347778
YNL085W,YGL062W,0,-0.4201274,0.12402306497097015,0.9631840586662292,0.6840420365333557
YOR145C,YOR275C,0,-0.42013755,0.12400717288255692,0.9631840586662292,0.6841420531272888
YNL032W,YOR219C,0,-0.42028284,0.12399128824472427,0.9631840586662292,0.6842421293258667
YJL066C,YPR149W,0,-0.42035347,0.12397541105747223,0.9631840586662292,0.6843421459197998
YPR024W,YJL030W,0,-0.42046046,0.12395953387022018,0.9631840586662292,0.6844422221183777
YIL002C,YAL039C,0,-0.42057958,0.12394366413354874,0.9631840586662292,0.6845422983169556
YEL052W,YDL198C,0,-0.42070398,0.12392779439687729,0.9631840586662292,0.6846423149108887
YHR156C,YDR403W,0,-0.42087898,0.12391193211078644,0.9631840586662292,0.6847423911094666
YDL198C,YOR261C,0,-0.42121944,0.12389606982469559,0.9631840586662292,0.6848424077033997
YGL122C,YNL302C,0,-0.42179748,0.12388021498918533,0.9631840586662292,0.6849424839019775
YDL021W,YOL052C,0,-0.4218094,0.12386436015367508,0.9631840586662292,0.6850425004959106
YNL095C,YMR296C,0,-0.4220634,0.12384851276874542,0.9631840586662292,0.6851425766944885
YLR080W,YOR230W,0,-0.42217767,0.12383267283439636,0.9631840586662292,0.6852425932884216
YJL155C,YMR137C,0,-0.42223963,0.1238168329000473,0.9631840586662292,0.6853426694869995
YER049W,YER052C,0,-0.42229575,0.12380100041627884,0.9631840586662292,0.6854427456855774
YPL139C,YNR060W,0,-0.42238298,0.12378516793251038,0.9631840586662292,0.6855427622795105
YNL178W,YLR344W,0,-0.42239702,0.12376933544874191,0.9631840586662292,0.6856428384780884
YMR097C,YMR033W,0,-0.4224743,0.12375351786613464,0.9631840586662292,0.6857428550720215
YDL077C,YOR340C,0,-0.4229323,0.12373769283294678,0.9631840586662292,0.6858429312705994
YNL138W,YOL111C,0,-0.42332274,0.1237218827009201,0.9631840586662292,0.6859429478645325
YGL186C,YMR159C,0,-0.42349306,0.12370607256889343,0.9631840586662292,0.6860430240631104
YMR284W,YNL032W,0,-0.42354754,0.12369026243686676,0.9631840586662292,0.6861431002616882
YMR049C,YJR053W,0,-0.42362127,0.12367445975542068,0.9631840586662292,0.6862431168556213
YDR262W,YML109W,0,-0.42371497,0.1236586645245552,0.9631840586662292,0.6863431930541992
YJR127C,YOR301W,0,-0.42379943,0.12364286929368973,0.9631840586662292,0.6864432096481323
YJR051W,YKR069W,0,-0.4238203,0.12362707406282425,0.9631840586662292,0.6865432858467102
YLR208W,YBR281C,0,-0.4242209,0.12361128628253937,0.9631840586662292,0.6866433024406433
YBR118W,YNR004W,0,-0.42424557,0.12359550595283508,0.9631840586662292,0.6867433786392212
YOR301W,YOR216C,0,-0.4244009,0.1235797256231308,0.9631840586662292,0.6868433952331543
YER154W,YCL057W,0,-0.42444268,0.12356395274400711,0.9631840586662292,0.6869434714317322
YDL022W,YKL085W,0,-0.4244592,0.12354817986488342,0.9631840586662292,0.6870435476303101
YLR395C,YMR304W,0,-0.42479426,0.12353241443634033,0.9631840586662292,0.6871435642242432
YMR061W,YML030W,0,-0.42552462,0.12351664900779724,0.9631840586662292,0.687243640422821
YCR093W,YLR314C,0,-0.42553073,0.12350089102983475,0.9631840586662292,0.6873436570167542
YDR364C,YIR032C,0,-0.42577738,0.12348514050245285,0.9631840586662292,0.687443733215332
YDL055C,YGL190C,0,-0.42579642,0.12346938997507095,0.9631840586662292,0.6875437498092651
YLR105C,YDL206W,0,-0.4261376,0.12345363944768906,0.9631840586662292,0.687643826007843
YKL022C,YCL032W,0,-0.42661133,0.12343789637088776,0.9631840586662292,0.6877438426017761
YBR281C,YNL092W,0,-0.42677462,0.12342216074466705,0.9631840586662292,0.687843918800354
YKL180W,YLL061W,0,-0.4269417,0.12340642511844635,0.9631840586662292,0.6879439949989319
YHR069C,YLR016C,0,-0.42702737,0.12339069694280624,0.9631840586662292,0.688044011592865
YPR167C,YKR069W,0,-0.42704335,0.12337496876716614,0.9631840586662292,0.6881440877914429
YOL010W,YFL017W-A,0,-0.42707703,0.12335924804210663,0.9631840586662292,0.688244104385376
YPR182W,YGR177C,0,-0.42712253,0.12334352731704712,0.9631840586662292,0.6883441805839539
YNL231C,YDR304C,0,-0.42774525,0.1233278140425682,0.9631840586662292,0.688444197177887
YGL172W,YNL138W,0,-0.4280015,0.1233121007680893,0.9631840586662292,0.6885442733764648
YMR039C,YDR304C,0,-0.42816058,0.12329639494419098,0.9631840586662292,0.6886443495750427
YKL170W,YER104W,0,-0.4284325,0.12328068912029266,0.9631840586662292,0.6887443661689758
YDR211W,YMR137C,0,-0.4288068,0.12326499074697495,0.9631840586662292,0.6888444423675537
YMR169C,YOR038C,0,-0.42895696,0.12324929982423782,0.9631840586662292,0.6889444589614868
YAR035W,YNL208W,0,-0.42919174,0.1232336089015007,0.9631840586662292,0.6890445351600647
YGR255C,YOR020C,0,-0.42922524,0.12321792542934418,0.9631840586662292,0.6891445517539978
YKL041W,YHR061C,0,-0.4293932,0.12320224195718765,0.9631840586662292,0.6892446279525757
YDR371W,YDR164C,0,-0.42945495,0.12318655848503113,0.9631840586662292,0.6893446445465088
YDR383C,YMR218C,0,-0.42950872,0.1231708899140358,0.9631840586662292,0.6894447207450867
YER154W,YML080W,0,-0.42970225,0.12315521389245987,0.9631840586662292,0.6895447969436646
YMR241W,YGR020C,0,-0.42972985,0.12313955277204514,0.9631840586662292,0.6896448135375977
YBR118W,YLR219W,0,-0.42977148,0.1231238842010498,0.9631840586662292,0.6897448897361755
YLR080W,YMR137C,0,-0.42994452,0.12310823053121567,0.9631840586662292,0.6898449063301086
YPR111W,YKR101W,0,-0.4300379,0.12309257686138153,0.9631840586662292,0.6899449825286865
YBR271W,YMR200W,0,-0.43013814,0.1230769231915474,0.9631840586662292,0.6900449991226196
YAL005C,YIL015W,1,-0.4304789,0.12318840622901917,0.9641790986061096,0.6900449991226196
YFR021W,YNR015W,0,-0.43076393,0.12317274510860443,0.9641790986061096,0.6901450753211975
YAL040C,YGR027C,0,-0.4308038,0.1231570914387703,0.9641790986061096,0.6902451515197754
YOR126C,YJL117W,0,-0.4308264,0.12314143776893616,0.9641790986061096,0.6903451681137085
YLR353W,YPL122C,0,-0.43099636,0.12312579154968262,0.9641790986061096,0.6904452443122864
YHR164C,YGR105W,0,-0.43105242,0.12311015278100967,0.9641790986061096,0.6905452609062195
YLR107W,YFL057C,0,-0.43110952,0.12309451401233673,0.9641790986061096,0.6906453371047974
YOR216C,YBL026W,0,-0.43111095,0.12307887524366379,0.9641790986061096,0.6907453536987305
YGL158W,YMR228W,0,-0.43139872,0.12306324392557144,0.9641790986061096,0.6908454298973083
YKL126W,YOR074C,0,-0.43141022,0.12304762005805969,0.9641790986061096,0.6909454464912415
YGL209W,YNL032W,0,-0.43150687,0.12303199619054794,0.9641790986061096,0.6910455226898193
YDR072C,YGR113W,0,-0.43203434,0.12301637977361679,0.9641790986061096,0.6911455988883972
YPL213W,YKR069W,0,-0.43227348,0.12300076335668564,0.9641790986061096,0.6912456154823303
YER103W,YDR423C,0,-0.4322759,0.12298514693975449,0.9641790986061096,0.6913456916809082
YGR095C,YIL140W,0,-0.43236032,0.12296954542398453,0.9641790986061096,0.6914457082748413
YMR038C,YGR012W,0,-0.43240938,0.12295393645763397,0.9641790986061096,0.6915457844734192
YDR032C,YLR194C,1,-0.43299904,0.12306521087884903,0.96517413854599,0.6915457844734192
YDR454C,YLR145W,0,-0.4330221,0.12304960191249847,0.96517413854599,0.6916458010673523
YGR020C,YIL177C,0,-0.43309137,0.12303399294614792,0.96517413854599,0.6917458772659302
YDL029W,YMR054W,0,-0.43311974,0.12301839143037796,0.96517413854599,0.6918458938598633
YDR026C,YIL139C,0,-0.43315616,0.123002789914608,0.96517413854599,0.6919459700584412
YGR179C,YPL167C,0,-0.43329862,0.12298719584941864,0.96517413854599,0.692046046257019
YBR059C,YFL001W,0,-0.43338284,0.12297160178422928,0.96517413854599,0.6921460628509521
YBR275C,YJL178C,0,-0.43341827,0.12295601516962051,0.96517413854599,0.69224613904953
YHR069C,YKL094W,0,-0.43350276,0.12294042855501175,0.96517413854599,0.6923461556434631
YBR260C,YPR080W,0,-0.43358228,0.12292484939098358,0.96517413854599,0.692446231842041
YOR251C,YKL124W,0,-0.4338514,0.12290927767753601,0.96517413854599,0.6925462484359741
YBR020W,YMR213W,0,-0.43399793,0.12289370596408844,0.96517413854599,0.692646324634552
YJR107W,YPR127W,0,-0.4341512,0.12287813425064087,0.96517413854599,0.6927464008331299
YKL174C,YPR187W,0,-0.43423527,0.1228625699877739,0.96517413854599,0.692846417427063
YJL160C,YKR013W,1,-0.43426883,0.12297365814447403,0.9661691784858704,0.692846417427063
YHR056C,YHR109W,0,-0.43456423,0.12295808643102646,0.9661691784858704,0.6929464936256409
YJL034W,YKR103W,0,-0.4350154,0.12294251471757889,0.9661691784858704,0.693046510219574
YGR169C,YIL159W,0,-0.43547812,0.12292695045471191,0.9661691784858704,0.6931465864181519
YLR353W,YDL225W,0,-0.43554655,0.12291139364242554,0.9661691784858704,0.693246603012085
YAL022C,YBR172C,0,-0.43572846,0.12289583683013916,0.9661691784858704,0.6933466792106628
YDR138W,YLR330W,0,-0.43575442,0.12288028001785278,0.9661691784858704,0.693446695804596
YOR230W,YJL214W,0,-0.43586665,0.1228647381067276,0.9661691784858704,0.6935467720031738
YAL016W,YMR090W,0,-0.43616283,0.12284918874502182,0.9661691784858704,0.6936468482017517
YDR090C,YIL042C,0,-0.43618,0.12283364683389664,0.9661691784858704,0.6937468647956848
YHR175W,YDL170W,0,-0.43639538,0.12281811237335205,0.9661691784858704,0.6938469409942627
YMR179W,YMR246W,0,-0.4367685,0.12280257791280746,0.9661691784858704,0.6939469575881958
YGR095C,YHR057C,0,-0.43677738,0.12278705090284348,0.9661691784858704,0.6940470337867737
YDR170C,YJL213W,0,-0.43678963,0.12277152389287949,0.9661691784858704,0.6941470503807068
YLR447C,YMR123W,0,-0.4368221,0.1227560043334961,0.9661691784858704,0.6942471265792847
YOL165C,YPR080W,0,-0.43691078,0.1227404847741127,0.9661691784858704,0.6943472027778625
YJR127C,YGR276C,0,-0.43691123,0.1227249726653099,0.9661691784858704,0.6944472193717957
YLR005W,YPR159W,0,-0.43720847,0.12270946800708771,0.9661691784858704,0.6945472955703735
YDR378C,YBR278W,0,-0.4373245,0.12269396334886551,0.9661691784858704,0.6946473121643066
YLR033W,YOR085W,0,-0.4374359,0.12267845869064331,0.9661691784858704,0.6947473883628845
YBR278W,YLR113W,0,-0.43744245,0.12266296148300171,0.9661691784858704,0.6948474049568176
YGL094C,YOL026C,0,-0.43745878,0.12264746427536011,0.9661691784858704,0.6949474811553955
YDR218C,YGL148W,0,-0.43762326,0.1226319745182991,0.9661691784858704,0.6950474977493286
YLR314C,YER171W,0,-0.43875602,0.1226164922118187,0.9661691784858704,0.6951475739479065
YBL011W,YOR349W,0,-0.438953,0.12260100990533829,0.9661691784858704,0.6952476501464844
YJR083C,YGL226C-A,0,-0.43912423,0.12258553504943848,0.9661691784858704,0.6953476667404175
YGR268C,YDL077C,0,-0.43922654,0.12257006019353867,0.9661691784858704,0.6954477429389954
YMR061W,YER019C-A,0,-0.43940952,0.12255458533763885,0.9661691784858704,0.6955477595329285
YOR323C,YPL252C,0,-0.43984482,0.12253911793231964,0.9661691784858704,0.6956478357315063
YPL099C,YBL011W,0,-0.4405506,0.12252365797758102,0.9661691784858704,0.6957478523254395
YOR209C,YGR077C,0,-0.4405849,0.12250819802284241,0.9661691784858704,0.6958479285240173
YLR113W,YNL304W,0,-0.44064268,0.12249274551868439,0.9661691784858704,0.6959479451179504
YPR001W,YBR281C,0,-0.44067475,0.12247729301452637,0.9661691784858704,0.6960480213165283
YDL059C,YGL060W,0,-0.4408619,0.12246184796094894,0.9661691784858704,0.6961480975151062
YKL090W,YER115C,0,-0.4414338,0.12244640290737152,0.9661691784858704,0.6962481141090393
YDR454C,YMR097C,0,-0.44143826,0.1224309653043747,0.9661691784858704,0.6963481903076172
YLR425W,YOR098C,0,-0.44156238,0.12241553515195847,0.9661691784858704,0.6964482069015503
YGL014W,YNL238W,0,-0.44159034,0.12240009754896164,0.9661691784858704,0.6965482831001282
YJR083C,YNL298W,0,-0.44168732,0.12238467484712601,0.9661691784858704,0.6966482996940613
YEL053C,YHR077C,0,-0.44169742,0.12236925214529037,0.9661691784858704,0.6967483758926392
YLR270W,YEL029C,0,-0.44197333,0.12235382944345474,0.9661691784858704,0.696848452091217
YMR296C,YLR316C,0,-0.44242638,0.12233841419219971,0.9661691784858704,0.6969484686851501
YKR019C,YMR077C,0,-0.44250748,0.12232300639152527,0.9661691784858704,0.697048544883728
YIL080W,YFL013C,0,-0.4425397,0.12230759859085083,0.9661691784858704,0.6971485614776611
YGL256W,YOR275C,0,-0.44258133,0.12229219079017639,0.9661691784858704,0.697248637676239
YPR171W,YGL226C-A,0,-0.44262365,0.12227679044008255,0.9661691784858704,0.6973486542701721
YMR005W,YIL177C,0,-0.44273013,0.1222613975405693,0.9661691784858704,0.69744873046875
YIL002C,YDR332W,0,-0.442741,0.12224600464105606,0.9661691784858704,0.6975487470626831
YIL035C,YKR028W,0,-0.44331327,0.12223061174154282,0.9661691784858704,0.697648823261261
YAL033W,YJL192C,0,-0.44333273,0.12221522629261017,0.9661691784858704,0.6977488994598389
YMR038C,YDL208W,0,-0.44340858,0.12219984829425812,0.9661691784858704,0.697848916053772
YJL079C,YLR028C,0,-0.4434722,0.12218447029590607,0.9661691784858704,0.6979489922523499
YGR113W,YLL012W,0,-0.4437159,0.12216909974813461,0.9661691784858704,0.698049008846283
YMR049C,YGL225W,0,-0.4437169,0.12215372920036316,0.9661691784858704,0.6981490850448608
YDR034C,YCL057W,0,-0.44379282,0.1221383661031723,0.9661691784858704,0.698249101638794
YJL029C,YOR219C,0,-0.44381863,0.12212300300598145,0.9661691784858704,0.6983491778373718
YGR285C,YPR043W,0,-0.44393358,0.12210764735937119,0.9661691784858704,0.6984492540359497
YMR194W,YGR285C,0,-0.44415194,0.12209229171276093,0.9661691784858704,0.6985492706298828
YMR218C,YHR041C,0,-0.4441587,0.12207694351673126,0.9661691784858704,0.6986493468284607
YOL129W,YNL102W,0,-0.4442136,0.1220615953207016,0.9661691784858704,0.6987493634223938
YLR183C,YHR060W,0,-0.4443353,0.12204625457525253,0.9661691784858704,0.6988494396209717
YLR187W,YKR028W,0,-0.44438484,0.12203091382980347,0.9661691784858704,0.6989494562149048
YMR005W,YDR072C,0,-0.4447613,0.122015580534935,0.9661691784858704,0.6990495324134827
YLR043C,YIL006W,0,-0.44476548,0.12200025469064713,0.9661691784858704,0.6991495490074158
YLR305C,YGL148W,0,-0.4449112,0.12198492139577866,0.9661691784858704,0.6992496252059937
YHL034C,YOR313C,0,-0.44497365,0.12196960300207138,0.9661691784858704,0.6993497014045715
YBR170C,YNL175C,0,-0.44513494,0.1219542846083641,0.9661691784858704,0.6994497179985046
YOR209C,YOR098C,0,-0.4452571,0.12193896621465683,0.9661691784858704,0.6995497941970825
YGR171C,YDR415C,0,-0.44527122,0.12192365527153015,0.9661691784858704,0.6996498107910156
YLR016C,YER130C,0,-0.4453315,0.12190835177898407,0.9661691784858704,0.6997498869895935
YOR142W,YHR119W,0,-0.44537503,0.12189304828643799,0.9661691784858704,0.6998499035835266
YPL273W,YJL176C,0,-0.4453952,0.1218777447938919,0.9661691784858704,0.6999499797821045
YDR449C,YDL170W,0,-0.4455689,0.12186244875192642,0.9661691784858704,0.7000499963760376
YBR177C,YOL158C,0,-0.44585964,0.12184716016054153,0.9661691784858704,0.7001500725746155
YLR020C,YOR349W,0,-0.44587007,0.12183187156915665,0.9661691784858704,0.7002501487731934
YCR093W,YCL052C,0,-0.44630668,0.12181658297777176,0.9661691784858704,0.7003501653671265
YOL052C,YCL032W,0,-0.44640788,0.12180130183696747,0.9661691784858704,0.7004502415657043
YLR047C,YER019C-A,0,-0.44644424,0.12178602814674377,0.9661691784858704,0.7005502581596375
YEL043W,YLL040C,0,-0.44659507,0.12177075445652008,0.9661691784858704,0.7006503343582153
YEL053C,YJL006C,0,-0.4466728,0.12175548821687698,0.9661691784858704,0.7007503509521484
YPL083C,YLR103C,0,-0.44677258,0.12174022197723389,0.9661691784858704,0.7008504271507263
YOL101C,YML109W,0,-0.44709244,0.12172495573759079,0.9661691784858704,0.7009505033493042
YPL050C,YFR019W,0,-0.44725955,0.12170970439910889,0.9661691784858704,0.7010505199432373
YJL160C,YJL158C,1,-0.4475921,0.12181977927684784,0.967164158821106,0.7010505199432373
YMR193W,YDR508C,0,-0.44796908,0.12180451303720474,0.967164158821106,0.7011505961418152
YJR021C,YNL298W,0,-0.4483098,0.12178924679756165,0.967164158821106,0.7012506127357483
YIL079C,YGR134W,0,-0.4483973,0.12177398800849915,0.967164158821106,0.7013506889343262
YJL066C,YER098W,0,-0.44861802,0.12175873667001724,0.967164158821106,0.7014507055282593
YLR043C,YGL256W,0,-0.44865605,0.12174348533153534,0.967164158821106,0.7015507817268372
YDR079W,YNR018W,0,-0.44905946,0.12172824144363403,0.967164158821106,0.7016507983207703
YJR149W,YML080W,0,-0.44914594,0.12171299755573273,0.967164158821106,0.7017508745193481
YMR146C,YER055C,0,-0.44917253,0.12169776111841202,0.967164158821106,0.701850950717926
YJL005W,YNL281W,0,-0.449343,0.12168252468109131,0.967164158821106,0.7019509673118591
YGL062W,YOR099W,0,-0.44937354,0.1216672956943512,0.967164158821106,0.702051043510437
YOR215C,YHL027W,0,-0.4494149,0.12165206670761108,0.967164158821106,0.7021510601043701
YLR208W,YHR135C,0,-0.44945642,0.12163684517145157,0.967164158821106,0.702251136302948
YGL010W,YKR068C,0,-0.44957414,0.12162162363529205,0.967164158821106,0.7023511528968811
YDR067C,YNR035C,0,-0.4497173,0.12160640209913254,0.967164158821106,0.702451229095459
YPR204W,YJL128C,0,-0.45025817,0.12159119546413422,0.967164158821106,0.7025513052940369
YMR099C,YAL029C,0,-0.4502911,0.1215759813785553,0.967164158821106,0.70265132188797
YHR066W,YNL084C,0,-0.45072374,0.12156078219413757,0.967164158821106,0.7027513980865479
YER168C,YGR185C,0,-0.4507539,0.12154558300971985,0.967164158821106,0.702851414680481
YPL147W,YJL206C,0,-0.45116958,0.12153038382530212,0.967164158821106,0.7029514908790588
YLR440C,YAL031C,0,-0.45119718,0.121515192091465,0.967164158821106,0.7030515074729919
YLR440C,YPR030W,0,-0.45132104,0.12150000035762787,0.967164158821106,0.7031515836715698
YGR105W,YLR316C,0,-0.4514822,0.12148481607437134,0.967164158821106,0.7032516002655029
YHR047C,YPL252C,0,-0.45165166,0.12146963179111481,0.967164158821106,0.7033516764640808
YBR282W,YPL087W,0,-0.4516739,0.12145445495843887,0.967164158821106,0.7034517526626587
YHR066W,YDL215C,0,-0.4519888,0.12143927812576294,0.967164158821106,0.7035517692565918
YNL085W,YDR164C,0,-0.45216104,0.1214241087436676,0.967164158821106,0.7036518454551697
YER013W,YKR068C,0,-0.45225698,0.12140894681215286,0.967164158821106,0.7037518620491028
YLL027W,YPL208W,0,-0.4522911,0.12139377743005753,0.967164158821106,0.7038519382476807
YMR269W,YJL176C,0,-0.45233712,0.12137862294912338,0.967164158821106,0.7039519548416138
YPL065W,YGR222W,0,-0.4524214,0.12136346846818924,0.967164158821106,0.7040520310401917
YAL016W,YKR102W,0,-0.45250928,0.1213483139872551,0.967164158821106,0.7041520476341248
YNL238W,YAL029C,0,-0.4525343,0.12133316695690155,0.967164158821106,0.7042521238327026
YPL273W,YFR019W,0,-0.45259345,0.121318019926548,0.967164158821106,0.7043522000312805
YGR036C,YCL008C,0,-0.45286843,0.12130288034677505,0.967164158821106,0.7044522166252136
YHR179W,YDR164C,0,-0.45288986,0.1212877482175827,0.967164158821106,0.7045522928237915
YGL062W,YHR039C-A,0,-0.45292157,0.12127261608839035,0.967164158821106,0.7046523094177246
YCR093W,YLR452C,0,-0.45304036,0.121257483959198,0.967164158821106,0.7047523856163025
YMR269W,YCL004W,0,-0.45325768,0.12124235928058624,0.967164158821106,0.7048524022102356
YAL063C,YOL043C,0,-0.45331225,0.12122724205255508,0.967164158821106,0.7049524784088135
YGR095C,YDR498C,0,-0.4534215,0.12121212482452393,0.967164158821106,0.7050525546073914
YDR090C,YDL015C,0,-0.4537119,0.12119700759649277,0.967164158821106,0.7051525712013245
YKR101W,YJR034W,0,-0.45383197,0.1211818978190422,0.967164158821106,0.7052526473999023
YLR321C,YPL050C,0,-0.45399138,0.12116678804159164,0.967164158821106,0.7053526639938354
YOR209C,YGR134W,0,-0.45402256,0.12115168571472168,0.967164158821106,0.7054527401924133
YNL145W,YOR009W,1,-0.45403588,0.12126121670007706,0.9681591987609863,0.7054527401924133
YOR071C,YMR250W,0,-0.45405865,0.1212461069226265,0.9681591987609863,0.7055527567863464
YMR137C,YHR156C,0,-0.4540778,0.12123099714517593,0.9681591987609863,0.7056528329849243
YKL171W,YFR036W,0,-0.45470876,0.12121589481830597,0.9681591987609863,0.7057528495788574
YMR238W,YBR282W,0,-0.45473984,0.1212007999420166,0.9681591987609863,0.7058529257774353
YBR081C,YNL070W,0,-0.4547916,0.12118570506572723,0.9681591987609863,0.7059530019760132
YOR239W,YOR025W,0,-0.45495477,0.12117061018943787,0.9681591987609863,0.7060530185699463
YPL200W,YNL238W,0,-0.45530078,0.1211555227637291,0.9681591987609863,0.7061530947685242
YOR279C,YNL175C,0,-0.45552632,0.12114043533802032,0.9681591987609863,0.7062531113624573
YLR228C,YML109W,0,-0.4555963,0.12112535536289215,0.9681591987609863,0.7063531875610352
YLR037C,YDR055W,1,-0.45630428,0.12123475223779678,0.9691542387008667,0.7063531875610352
YJR057W,YKL022C,0,-0.45632473,0.12121966481208801,0.9691542387008667,0.7064532041549683
YMR097C,YOR292C,0,-0.45636603,0.12120457738637924,0.9691542387008667,0.7065532803535461
YCR060W,YBR074W,0,-0.45647487,0.12118949741125107,0.9691542387008667,0.7066532969474792
YLL029W,YKR101W,0,-0.45772436,0.12117442488670349,0.9691542387008667,0.7067533731460571
YIL083C,YNL262W,0,-0.45777616,0.12115934491157532,0.9691542387008667,0.706853449344635
YDR090C,YJR021C,0,-0.45782545,0.12114427983760834,0.9691542387008667,0.7069534659385681
YOR148C,YPR163C,0,-0.45783374,0.12112921476364136,0.9691542387008667,0.707053542137146
YBR002C,YIL094C,0,-0.4578866,0.12111414968967438,0.9691542387008667,0.7071535587310791
YOL004W,YOR180C,0,-0.45800748,0.121099092066288,0.9691542387008667,0.707253634929657
YKR002W,YOR349W,0,-0.45807064,0.12108403444290161,0.9691542387008667,0.7073536515235901
YNL008C,YMR194W,0,-0.45817596,0.12106898427009583,0.9691542387008667,0.707453727722168
YPL180W,YLR344W,0,-0.4584674,0.12105394154787064,0.9691542387008667,0.7075538039207458
YNL304W,YKL189W,0,-0.45856217,0.12103889882564545,0.9691542387008667,0.707653820514679
YKL078W,YBR061C,0,-0.45857474,0.12102385610342026,0.9691542387008667,0.7077538967132568
YDR454C,YGL163C,0,-0.4587425,0.12100882083177567,0.9691542387008667,0.7078539133071899
YDR207C,YBL068W,0,-0.4593682,0.12099378556013107,0.9691542387008667,0.7079539895057678
YNL160W,YLR194C,1,-0.45945084,0.1211029663681984,0.9701492786407471,0.7079539895057678
YJR119C,YJR031C,0,-0.4595926,0.1210879310965538,0.9701492786407471,0.7080540060997009
YMR203W,YIL159W,0,-0.46027547,0.12107288837432861,0.9701492786407471,0.7081540822982788
YPR121W,YJR151C,1,-0.4602868,0.12118202447891235,0.9711442589759827,0.7081540822982788
YJR055W,YER175C,0,-0.46028882,0.12116697430610657,0.9711442589759827,0.7082540988922119
YGR036C,YAL039C,0,-0.46034038,0.12115193903446198,0.9711442589759827,0.7083541750907898
YKL182W,YBR173C,0,-0.46038446,0.12113689631223679,0.9711442589759827,0.7084542512893677
YGL122C,YPL078C,0,-0.4605886,0.12112186849117279,0.9711442589759827,0.7085542678833008
YGR229C,YNL219C,0,-0.4606626,0.1211068406701088,0.9711442589759827,0.7086543440818787
YJL087C,YMR093W,0,-0.46078587,0.1210918128490448,0.9711442589759827,0.7087543606758118
YOR159C,YNL271C,0,-0.46115837,0.1210767924785614,0.9711442589759827,0.7088544368743896
YMR089C,YOL028C,0,-0.46153435,0.121061772108078,0.9711442589759827,0.7089544534683228
YNL138W,YAL029C,0,-0.46160546,0.1210467591881752,0.9711442589759827,0.7090545296669006
YNL131W,YDL215C,0,-0.46183297,0.1210317462682724,0.9711442589759827,0.7091546058654785
YHR029C,YDL128W,0,-0.46203187,0.1210167407989502,0.9711442589759827,0.7092546224594116
YHR156C,YLL043W,0,-0.4622598,0.12100173532962799,0.9711442589759827,0.7093546986579895
YMR013C,YMR308C,0,-0.46235085,0.12098673731088638,0.9711442589759827,0.7094547152519226
YLL043W,YMR308C,0,-0.4626236,0.12097173929214478,0.9711442589759827,0.7095547914505005
YHR077C,YOR089C,0,-0.46267477,0.12095674872398376,0.9711442589759827,0.7096548080444336
YER087W,YNL298W,0,-0.46279606,0.12094175815582275,0.9711442589759827,0.7097548842430115
YNL297C,YBR129C,0,-0.46355626,0.12092677503824234,0.9711442589759827,0.7098549008369446
YGL236C,YNR035C,0,-0.4638472,0.12091179192066193,0.9711442589759827,0.7099549770355225
YJR034W,YLR316C,0,-0.4639614,0.12089681625366211,0.9711442589759827,0.7100550532341003
YIR011C,YLL019C,0,-0.46397397,0.12088184058666229,0.9711442589759827,0.7101550698280334
YPR189W,YNL239W,0,-0.46403667,0.12086687237024307,0.9711442589759827,0.7102551460266113
YOL057W,YPR200C,0,-0.4641273,0.12085190415382385,0.9711442589759827,0.7103551626205444
YDL054C,YMR090W,0,-0.4641337,0.12083694338798523,0.9711442589759827,0.7104552388191223
YER125W,YOR382W,0,-0.46415773,0.1208219826221466,0.9711442589759827,0.7105552554130554
YOR239W,YLL040C,0,-0.4641951,0.12080702930688858,0.9711442589759827,0.7106553316116333
YNL027W,YJR063W,0,-0.46457314,0.12079207599163055,0.9711442589759827,0.7107553482055664
YBR195C,YEL031W,0,-0.46468303,0.12077713012695312,0.9711442589759827,0.7108554244041443
YLR073C,YBL079W,0,-0.46479973,0.1207621842622757,0.9711442589759827,0.7109555006027222
YOR323C,YMR065W,0,-0.4650317,0.12074724584817886,0.9711442589759827,0.7110555171966553
YKL180W,YHR008C,0,-0.46518782,0.12073230743408203,0.9711442589759827,0.7111555933952332
YKL166C,YOR226C,0,-0.4654142,0.1207173764705658,0.9711442589759827,0.7112556099891663
YPL163C,YER052C,0,-0.465443,0.12070244550704956,0.9711442589759827,0.7113556861877441
YBL112C,YMR075W,0,-0.46561494,0.12068752199411392,0.9711442589759827,0.7114557027816772
YPL104W,YDR369C,0,-0.46578848,0.12067259848117828,0.9711442589759827,0.7115557789802551
YMR087W,YGR118W,0,-0.46581525,0.12065768241882324,0.9711442589759827,0.711655855178833
YGR169C,YNL110C,0,-0.46583733,0.1206427663564682,0.9711442589759827,0.7117558717727661
YLR329W,YOR340C,0,-0.46598354,0.12062785774469376,0.9711442589759827,0.711855947971344
YAL060W,YOR382W,0,-0.4660091,0.12061294913291931,0.9711442589759827,0.7119559645652771
YAL017W,YMR210W,0,-0.46630126,0.12059804797172546,0.9711442589759827,0.712056040763855
YDR026C,YOR226C,0,-0.46632063,0.12058314681053162,0.9711442589759827,0.7121560573577881
YDR172W,YPR198W,0,-0.46635935,0.12056825309991837,0.9711442589759827,0.712256133556366
YAL016W,YJL214W,0,-0.466675,0.12055335938930511,0.9711442589759827,0.7123561501502991
YER017C,YLR301W,0,-0.46671316,0.12053847312927246,0.9711442589759827,0.712456226348877
YDR306C,YMR227C,0,-0.4668549,0.12052358686923981,0.9711442589759827,0.7125563025474548
YOR145C,YKL041W,0,-0.46686754,0.12050870805978775,0.9711442589759827,0.7126563191413879
YKR019C,YPL273W,0,-0.4668877,0.1204938292503357,0.9711442589759827,0.7127563953399658
YGR077C,YPL218W,0,-0.46691692,0.12047895044088364,0.9711442589759827,0.7128564119338989
YFL057C,YOL090W,0,-0.46697566,0.12046408653259277,0.9711442589759827,0.7129564881324768
YMR061W,YMR239C,0,-0.46698466,0.12044921517372131,0.9711442589759827,0.7130565047264099
YJR036C,YJR034W,0,-0.46704513,0.12043435126543045,0.9711442589759827,0.7131565809249878
YLR105C,YDR444W,0,-0.4672651,0.12041949480772018,0.9711442589759827,0.7132566571235657
YLL061W,YBR257W,0,-0.4677431,0.12040463835000992,0.9711442589759827,0.7133566737174988
YDR389W,YJR040W,0,-0.46803614,0.12038978934288025,0.9711442589759827,0.7134567499160767
YGL010W,YFL048C,0,-0.46809652,0.12037494033575058,0.9711442589759827,0.7135567665100098
YKR055W,YER002W,0,-0.4691391,0.12036009132862091,0.9711442589759827,0.7136568427085876
YDL054C,YLR309C,0,-0.46914622,0.12034524977207184,0.9711442589759827,0.7137568593025208
YGR036C,YNL219C,0,-0.46921423,0.12033041566610336,0.9711442589759827,0.7138569355010986
YCL036W,YLR153C,0,-0.46923766,0.12031558156013489,0.9711442589759827,0.7139569520950317
YMR315W,YCL057W,0,-0.46925852,0.12030075490474701,0.9711442589759827,0.7140570282936096
YOL052C,YOR187W,0,-0.47023666,0.12028592824935913,0.9711442589759827,0.7141571044921875
YDR067C,YAL063C,0,-0.47041813,0.12027110159397125,0.9711442589759827,0.7142571210861206
YBR080C,YPL188W,0,-0.47055238,0.12025628238916397,0.9711442589759827,0.7143571972846985
YFR021W,YGR084C,0,-0.47069559,0.12024147063493729,0.9711442589759827,0.7144572138786316
YDR263C,YMR173W,0,-0.4707555,0.1202266588807106,0.9711442589759827,0.7145572900772095
YER017C,YPL188W,0,-0.47131696,0.12021184712648392,0.9711442589759827,0.7146573066711426
YHL034C,YMR075W,0,-0.4717763,0.12019704282283783,0.9711442589759827,0.7147573828697205
YBR260C,YHR066W,0,-0.47206652,0.12018224596977234,0.9711442589759827,0.7148573994636536
YJR107W,YLR300W,0,-0.47213283,0.12016744911670685,0.9711442589759827,0.7149574756622314
YOR209C,YPR091C,0,-0.47217453,0.12015265226364136,0.9711442589759827,0.7150575518608093
YNL127W,YPL167C,0,-0.47219068,0.12013786286115646,0.9711442589759827,0.7151575684547424
YPR196W,YKL007W,0,-0.4723828,0.12012307345867157,0.9711442589759827,0.7152576446533203
YPL050C,YEL056W,0,-0.4724708,0.12010829150676727,0.9711442589759827,0.7153576612472534
YGR070W,YOR353C,0,-0.47282532,0.12009351700544357,0.9711442589759827,0.7154577374458313
YJR130C,YKL095W,0,-0.4729601,0.12007874250411987,0.9711442589759827,0.7155577540397644
YBR059C,YHR059W,0,-0.47302812,0.12006396800279617,0.9711442589759827,0.7156578302383423
YMR038C,YCL034W,0,-0.47320667,0.12004920095205307,0.9711442589759827,0.7157579064369202
YFL057C,YKR026C,0,-0.4733761,0.12003443390130997,0.9711442589759827,0.7158579230308533
YNL044W,YNL281W,0,-0.4736773,0.12001967430114746,0.9711442589759827,0.7159579992294312
YCR093W,YAL033W,0,-0.47372177,0.12000491470098495,0.9711442589759827,0.7160580158233643
YMR077C,YDR332W,0,-0.47385,0.11999016255140305,0.9711442589759827,0.7161580920219421
YLR291C,YGL241W,0,-0.47404084,0.11997541785240173,0.9711442589759827,0.7162581086158752
YKL171W,YLR164W,0,-0.47406265,0.11996066570281982,0.9711442589759827,0.7163581848144531
YNL304W,YGR199W,0,-0.47410133,0.11994592845439911,0.9711442589759827,0.7164582014083862
YCR060W,YMR034C,0,-0.47456083,0.1199311837553978,0.9711442589759827,0.7165582776069641
YPR072W,YMR172W,0,-0.47477677,0.11991645395755768,0.9711442589759827,0.716658353805542
YGR258C,YMR238W,0,-0.4748468,0.11990171670913696,0.9711442589759827,0.7167583703994751
YDL061C,YGL256W,0,-0.47498465,0.11988699436187744,0.9711442589759827,0.716858446598053
YJL060W,YMR033W,0,-0.4750763,0.11987226456403732,0.9711442589759827,0.7169584631919861
YOR292C,YCL004W,0,-0.47508672,0.1198575496673584,0.9711442589759827,0.717058539390564
YMR013C,YLR228C,0,-0.47524366,0.11984282732009888,0.9711442589759827,0.7171585559844971
YJL029C,YFL021W,0,-0.47525603,0.11982811242341995,0.9711442589759827,0.717258632183075
YIL159W,YPR060C,0,-0.47527087,0.11981340497732162,0.9711442589759827,0.7173587083816528
YFR031C,YLR429W,0,-0.47529742,0.1197986975312233,0.9711442589759827,0.7174587249755859
YEL037C,YNR072W,0,-0.47540566,0.11978399753570557,0.9711442589759827,0.7175588011741638
YMR077C,YML049C,0,-0.47541922,0.11976929754018784,0.9711442589759827,0.7176588177680969
YAR027W,YOR085W,0,-0.475424,0.1197545975446701,0.9711442589759827,0.7177588939666748
YOL155C,YHR057C,1,-0.47581446,0.11986259371042252,0.972139298915863,0.7177588939666748
YPR072W,YNL084C,0,-0.47589704,0.11984789371490479,0.972139298915863,0.7178589105606079
YJL024C,YLR389C,0,-0.4761354,0.11983319371938705,0.972139298915863,0.7179589867591858
YNL084C,YMR115W,0,-0.476181,0.11981849372386932,0.972139298915863,0.7180590033531189
YGR081C,YOR126C,0,-0.47626868,0.11980380117893219,0.972139298915863,0.7181590795516968
YEL053C,YJL029C,0,-0.47646472,0.11978910863399506,0.972139298915863,0.7182591557502747
YOR194C,YAL039C,0,-0.47678056,0.11977442353963852,0.972139298915863,0.7183591723442078
YDL216C,YLL043W,0,-0.47689855,0.11975974589586258,0.972139298915863,0.7184592485427856
YOL054W,YOR355W,0,-0.47694877,0.11974506825208664,0.972139298915863,0.7185592651367188
YKR071C,YLR164W,0,-0.47708806,0.1197303906083107,0.972139298915863,0.7186593413352966
YKR008W,YKR028W,0,-0.47719494,0.11971572041511536,0.972139298915863,0.7187593579292297
YER103W,YIR018W,0,-0.4773772,0.11970105022192001,0.972139298915863,0.7188594341278076
YLR395C,YOR275C,0,-0.47793335,0.11968638747930527,0.972139298915863,0.7189594507217407
YLL019C,YJL053W,0,-0.47804084,0.11967173218727112,0.972139298915863,0.7190595269203186
YNR018W,YOL104C,0,-0.47845337,0.11965706944465637,0.972139298915863,0.7191596031188965
YOL129W,YJL004C,0,-0.47854906,0.11964242160320282,0.972139298915863,0.7192596197128296
YOL155C,YDR371W,1,-0.4786277,0.11975021660327911,0.9731343388557434,0.7192596197128296
YIL020C,YBR243C,0,-0.47863734,0.11973555386066437,0.9731343388557434,0.7193596959114075
YMR065W,YGL071W,0,-0.478681,0.11972089856863022,0.9731343388557434,0.7194597125053406
YBL028C,YMR301C,0,-0.47869927,0.11970624327659607,0.9731343388557434,0.7195597887039185
YPL150W,YPL273W,0,-0.47878698,0.11969159543514252,0.9731343388557434,0.7196598052978516
YBR052C,YDR416W,0,-0.47904712,0.11967694759368896,0.9731343388557434,0.7197598814964294
YEL012W,YGL203C,0,-0.4792383,0.11966229975223541,0.9731343388557434,0.7198599576950073
YDR494W,YJL213W,0,-0.47942498,0.11964766681194305,0.9731343388557434,0.7199599742889404
YPR135W,YBR080C,0,-0.47942695,0.1196330264210701,0.9731343388557434,0.7200600504875183
YKL205W,YIR032C,0,-0.47943667,0.11961839348077774,0.9731343388557434,0.7201600670814514
YPR194C,YDR137W,0,-0.47948432,0.11960376799106598,0.9731343388557434,0.7202601432800293
YDR310C,YNL163C,0,-0.47957948,0.11958914250135422,0.9731343388557434,0.7203601598739624
YDL054C,YNL274C,0,-0.47975358,0.11957451701164246,0.9731343388557434,0.7204602360725403
YBR182C,YML080W,0,-0.4798548,0.11955989897251129,0.9731343388557434,0.7205602526664734
YLL004W,YJL081C,0,-0.48009947,0.11954528838396072,0.9731343388557434,0.7206603288650513
YER049W,YMR218C,0,-0.48047137,0.11953067779541016,0.9731343388557434,0.7207604050636292
YOR126C,YLR043C,0,-0.4804944,0.11951606720685959,0.9731343388557434,0.7208604216575623
YJR149W,YDR138W,0,-0.48054758,0.11950146406888962,0.9731343388557434,0.7209604978561401
YPL099C,YJL214W,0,-0.4812,0.11948686838150024,0.9731343388557434,0.7210605144500732
YAL022C,YDR076W,0,-0.48147848,0.11947227269411087,0.9731343388557434,0.7211605906486511
YDR411C,YHR156C,0,-0.48177147,0.1194576770067215,0.9731343388557434,0.7212606072425842
YCR014C,YGL169W,0,-0.48218152,0.11944308876991272,0.9731343388557434,0.7213606834411621
YBL058W,YKL161C,0,-0.48260692,0.11942850053310394,0.9731343388557434,0.72146075963974
YHR002W,YPL240C,0,-0.4826349,0.11941391974687576,0.9731343388557434,0.7215607762336731
YNL127W,YDL216C,0,-0.48273453,0.11939933896064758,0.9731343388557434,0.721660852432251
YKL126W,YLR209C,0,-0.48276132,0.119384765625,0.9731343388557434,0.7217608690261841
YHR041C,YNR010W,0,-0.4827957,0.11937019228935242,0.9731343388557434,0.721860945224762
YKL074C,YEL029C,0,-0.48284283,0.11935562640428543,0.9731343388557434,0.7219609618186951
YPL113C,YDR497C,0,-0.48292395,0.11934106051921844,0.9731343388557434,0.722061038017273
YGR144W,YGL241W,0,-0.48305258,0.11932650208473206,0.9731343388557434,0.722161054611206
YER103W,YNR002C,0,-0.48311663,0.11931194365024567,0.9731343388557434,0.7222611308097839
YMR038C,YGR020C,0,-0.4831468,0.11929739266633987,0.9731343388557434,0.7223612070083618
YMR093W,YDL225W,0,-0.48332462,0.11928284168243408,0.9731343388557434,0.7224612236022949
YDR164C,YDR472W,0,-0.48396164,0.11926829069852829,0.9731343388557434,0.7225612998008728
YFL057C,YDR222W,0,-0.48412058,0.1192537471652031,0.9731343388557434,0.7226613163948059
YDR072C,YMR145C,0,-0.48427752,0.1192392110824585,0.9731343388557434,0.7227613925933838
YER017C,YCR026C,0,-0.48430914,0.1192246749997139,0.9731343388557434,0.7228614091873169
YBL076C,YBL011W,0,-0.48434743,0.1192101389169693,0.9731343388557434,0.7229614853858948
YNL261W,YLR344W,0,-0.48450145,0.1191956102848053,0.9731343388557434,0.7230615019798279
YMR146C,YMR213W,0,-0.48454955,0.1191810891032219,0.9731343388557434,0.7231615781784058
YNL138W,YOR299W,0,-0.48496798,0.11916656792163849,0.9731343388557434,0.7232616543769836
YNL085W,YNL016W,0,-0.4850958,0.11915204674005508,0.9731343388557434,0.7233616709709167
YFR021W,YJR034W,0,-0.48522928,0.11913753300905228,0.9731343388557434,0.7234617471694946
YGR179C,YOR008C,0,-0.48532912,0.11912301927804947,0.9731343388557434,0.7235617637634277
YOR323C,YOR025W,0,-0.48536164,0.11910851299762726,0.9731343388557434,0.7236618399620056
YDR296W,YOL151W,0,-0.4857082,0.11909400671720505,0.9731343388557434,0.7237618565559387
YKL020C,YKL205W,0,-0.48597768,0.11907950788736343,0.9731343388557434,0.7238619327545166
YDR371W,YOR187W,0,-0.48605266,0.11906500905752182,0.9731343388557434,0.7239620089530945
YOL102C,YLR251W,0,-0.48631623,0.1190505176782608,0.9731343388557434,0.7240620255470276
YMR203W,YDL170W,0,-0.48638684,0.11903602629899979,0.9731343388557434,0.7241621017456055
YKL078W,YMR301C,0,-0.4865249,0.11902154237031937,0.9731343388557434,0.7242621183395386
YPR026W,YBL068W,0,-0.4867161,0.11900705844163895,0.9731343388557434,0.7243621945381165
YDR079W,YLL041C,0,-0.48694766,0.11899257451295853,0.9731343388557434,0.7244622111320496
YHR004C,YJL192C,0,-0.487039,0.1189781054854393,0.9731343388557434,0.7245622873306274
YDR211W,YNL026W,0,-0.48709068,0.11896362900733948,0.9731343388557434,0.7246623039245605
YDR454C,YGR239C,0,-0.48744258,0.11894915997982025,0.9731343388557434,0.7247623801231384
YLR386W,YJL213W,0,-0.4877163,0.11893469840288162,0.9731343388557434,0.7248624563217163
YGL113W,YJR063W,0,-0.48784348,0.118920236825943,0.9731343388557434,0.7249624729156494
YOR274W,YPL042C,0,-0.48798022,0.11890577524900436,0.9731343388557434,0.7250625491142273
YEL052W,YAL039C,0,-0.4883114,0.11889132112264633,0.9731343388557434,0.7251625657081604
YOL101C,YFL054C,0,-0.48846158,0.1188768669962883,0.9731343388557434,0.7252626419067383
YJR092W,YAR031W,0,-0.4886212,0.11886242032051086,0.9731343388557434,0.7253626585006714
YGR169C,YMR193W,0,-0.4891301,0.11884797364473343,0.9731343388557434,0.7254627346992493
YBR187W,YBR257W,0,-0.48956743,0.11883353441953659,0.9731343388557434,0.7255628108978271
YKL090W,YKR101W,0,-0.48963895,0.11881909519433975,0.9731343388557434,0.7256628274917603
YPR026W,YPR001W,0,-0.48988286,0.11880466341972351,0.9731343388557434,0.7257629036903381
YCR014C,YDR353W,0,-0.49003652,0.11879023164510727,0.9731343388557434,0.7258629202842712
YCR057C,YJL117W,0,-0.49017414,0.11877580732107162,0.9731343388557434,0.7259629964828491
YKL166C,YDL077C,0,-0.49026066,0.11876138299703598,0.9731343388557434,0.7260630130767822
YFR001W,YGL241W,0,-0.49027088,0.11874696612358093,0.9731343388557434,0.7261630892753601
YOR074C,YDL022W,0,-0.49027288,0.11873254925012589,0.9731343388557434,0.7262631058692932
YPL273W,YFL013C,0,-0.49066654,0.11871813237667084,0.9731343388557434,0.7263631820678711
YKR008W,YNL202W,0,-0.49145558,0.11870372295379639,0.9731343388557434,0.726463258266449
YNR074C,YDR337W,0,-0.49146906,0.11868932098150253,0.9731343388557434,0.7265632748603821
YLR182W,YDR453C,0,-0.49152026,0.11867491900920868,0.9731343388557434,0.72666335105896
YMR112C,YBR192W,0,-0.49189618,0.11866051703691483,0.9731343388557434,0.7267633676528931
YGR251W,YKL009W,0,-0.49208283,0.11864612251520157,0.9731343388557434,0.726863443851471
YDR453C,YIL083C,0,-0.49215907,0.11863173544406891,0.9731343388557434,0.726963460445404
YDR512C,YPR026W,0,-0.49267468,0.11861734092235565,0.9731343388557434,0.7270635366439819
YKL078W,YMR075W,0,-0.49304876,0.11860296130180359,0.9731343388557434,0.727163553237915
YMR115W,YLR309C,0,-0.49328393,0.11858857423067093,0.9731343388557434,0.7272636294364929
YDR030C,YGR134W,0,-0.49378377,0.11857420206069946,0.9731343388557434,0.7273637056350708
YNL231C,YOR378W,0,-0.4939181,0.1185598224401474,0.9731343388557434,0.7274637222290039
YLR005W,YBR010W,0,-0.49417964,0.11854545772075653,0.9731343388557434,0.7275637984275818
YIL094C,YMR272C,0,-0.4942646,0.11853108555078506,0.9731343388557434,0.7276638150215149
YGR010W,YNL304W,0,-0.4945024,0.1185167208313942,0.9731343388557434,0.7277638912200928
YFR018C,YCR052W,0,-0.49458298,0.11850236356258392,0.9731343388557434,0.7278639078140259
YLR289W,YBL068W,0,-0.49483848,0.11848800629377365,0.9731343388557434,0.7279639840126038
YPR204W,YPL259C,0,-0.49485806,0.11847364902496338,0.9731343388557434,0.7280640602111816
YDR079W,YNL238W,0,-0.49513194,0.1184592992067337,0.9731343388557434,0.7281640768051147
YOR209C,YOR232W,0,-0.49529234,0.11844495683908463,0.9731343388557434,0.7282641530036926
YIL139C,YNL219C,0,-0.49533316,0.11843061447143555,0.9731343388557434,0.7283641695976257
YOR209C,YJL071W,0,-0.49541366,0.11841627210378647,0.9731343388557434,0.7284642457962036
YPR189W,YBR120C,0,-0.49543372,0.11840193718671799,0.9731343388557434,0.7285642623901367
YGR105W,YDR498C,0,-0.49550685,0.1183876022696495,0.9731343388557434,0.7286643385887146
YLR165C,YKL166C,0,-0.49551773,0.11837327480316162,0.9731343388557434,0.7287643551826477
YDR457W,YLR429W,0,-0.49565342,0.11835894733667374,0.9731343388557434,0.7288644313812256
YGR258C,YBR052C,0,-0.4959704,0.11834462732076645,0.9731343388557434,0.7289645075798035
YDR059C,YMR115W,0,-0.49599415,0.11833030730485916,0.9731343388557434,0.7290645241737366
YFL038C,YBR010W,0,-0.4961574,0.11831599473953247,0.9731343388557434,0.7291646003723145
YMR269W,YGR285C,0,-0.49637267,0.11830168217420578,0.9731343388557434,0.7292646169662476
YKL166C,YER090W,0,-0.49704263,0.11828736960887909,0.9731343388557434,0.7293646931648254
YNL273W,YBR061C,0,-0.49708354,0.118273064494133,0.9731343388557434,0.7294647097587585
YFR001W,YOR294W,0,-0.49743074,0.1182587668299675,0.9731343388557434,0.7295647859573364
YDR373W,YLR348C,0,-0.49757248,0.118244469165802,0.9731343388557434,0.7296648621559143
YER098W,YKL168C,0,-0.4976513,0.1182301715016365,0.9731343388557434,0.7297648787498474
YMR300C,YMR099C,0,-0.4977301,0.1182158812880516,0.9731343388557434,0.7298649549484253
YLR394W,YLR316C,0,-0.49807537,0.1182015985250473,0.9731343388557434,0.7299649715423584
YLR191W,YDR470C,0,-0.49855116,0.1181873083114624,0.9731343388557434,0.7300650477409363
YDR059C,YPL087W,0,-0.49861255,0.1181730329990387,0.9731343388557434,0.7301650643348694
YGL172W,YDR498C,0,-0.49898836,0.1181587502360344,0.9731343388557434,0.7302651405334473
YLR047C,YKL180W,0,-0.49902174,0.11814448237419128,0.9731343388557434,0.7303651571273804
YHR179W,YLL033W,0,-0.49909496,0.11813020706176758,0.9731343388557434,0.7304652333259583
YJL128C,YBL068W,0,-0.49912092,0.11811593919992447,0.9731343388557434,0.7305653095245361
YER162C,YOL107W,0,-0.49925768,0.11810167878866196,0.9731343388557434,0.7306653261184692
YNL010W,YMR186W,0,-0.49926594,0.11808741837739944,0.9731343388557434,0.7307654023170471
YNL107W,YKR102W,0,-0.4992886,0.11807316541671753,0.9731343388557434,0.7308654189109802
YIL139C,YHR079C,0,-0.4993427,0.11805891245603561,0.9731343388557434,0.7309654951095581
YLR203C,YHR132C,0,-0.49969205,0.1180446594953537,0.9731343388557434,0.7310655117034912
YLR305C,YDR172W,0,-0.50036305,0.11803041398525238,0.9731343388557434,0.7311655879020691
YLR401C,YJR005W,0,-0.5005514,0.11801616847515106,0.9731343388557434,0.7312656044960022
YDR405W,YMR284W,0,-0.5006042,0.11800193041563034,0.9731343388557434,0.7313656806945801
YBR155W,YDR416W,0,-0.50078624,0.11798769235610962,0.9731343388557434,0.731465756893158
YJR006W,YNL282W,0,-0.5009056,0.1179734617471695,0.9731343388557434,0.7315657734870911
YOL124C,YKL082C,0,-0.5012033,0.11795923113822937,0.9731343388557434,0.731665849685669
YGL010W,YAL029C,0,-0.5012616,0.11794500797986984,0.9731343388557434,0.731765866279602
YMR087W,YIL140W,0,-0.5013327,0.11793078482151031,0.9731343388557434,0.7318659424781799
YBL058W,YIR039C,0,-0.50232166,0.11791656911373138,0.9731343388557434,0.731965959072113
YPR026W,YFL021W,0,-0.50245434,0.11790235340595245,0.9731343388557434,0.7320660352706909
YOR054C,YNL073W,0,-0.502674,0.11788813769817352,0.9731343388557434,0.7321661114692688
YLR080W,YNL102W,0,-0.50270844,0.11787392944097519,0.9731343388557434,0.7322661280632019
YJL034W,YPL213W,0,-0.502749,0.11785972863435745,0.9731343388557434,0.7323662042617798
YNL236W,YOR261C,0,-0.50332224,0.11784552037715912,0.9731343388557434,0.7324662208557129
YNL122C,YGL071W,0,-0.5034131,0.11783132702112198,0.9731343388557434,0.7325662970542908
YBR155W,YKL205W,0,-0.5035807,0.11781713366508484,0.9731343388557434,0.7326663136482239
YAL022C,YER019C-A,0,-0.50363535,0.1178029403090477,0.9731343388557434,0.7327663898468018
YLR285W,YBL079W,0,-0.5036814,0.11778875440359116,0.9731343388557434,0.7328664064407349
YGL170C,YPR198W,0,-0.50451523,0.11777456849813461,0.9731343388557434,0.7329664826393127
YML032C,YHR132C,0,-0.5045295,0.11776038259267807,0.9731343388557434,0.7330665588378906
YDR207C,YPL065W,0,-0.50457776,0.11774620413780212,0.9731343388557434,0.7331665754318237
YDR353W,YFL021W,0,-0.5045875,0.11773203313350677,0.9731343388557434,0.7332666516304016
YLR129W,YOR025W,0,-0.50464207,0.11771786212921143,0.9731343388557434,0.7333666682243347
YJR005W,YKR044W,0,-0.50470114,0.11770369112491608,0.9731343388557434,0.7334667444229126
YER168C,YPL188W,0,-0.50577337,0.11768952757120132,0.9731343388557434,0.7335667610168457
YDR527W,YJL006C,0,-0.5059157,0.11767537146806717,0.9731343388557434,0.7336668372154236
YOL129W,YBR141C,0,-0.5061136,0.11766121536493301,0.9731343388557434,0.7337668538093567
YDR405W,YBR095C,0,-0.5062,0.11764705926179886,0.9731343388557434,0.7338669300079346
YGL233W,YDR173C,0,-0.50625145,0.1176329106092453,0.9731343388557434,0.7339670062065125
YJR149W,YOL101C,0,-0.50629455,0.11761876195669174,0.9731343388557434,0.7340670228004456
YMR227C,YOR180C,0,-0.5067877,0.11760462075471878,0.9731343388557434,0.7341670989990234
YMR250W,YHR079C,0,-0.50680006,0.11759047955274582,0.9731343388557434,0.7342671155929565
YBR162C,YKR102W,1,-0.5071329,0.11769656091928482,0.9741293787956238,0.7342671155929565
YPR111W,YMR229C,0,-0.50713843,0.11768241226673126,0.9741293787956238,0.7343671917915344
YIL002C,YOR194C,0,-0.50720096,0.1176682710647583,0.9741293787956238,0.7344672083854675
YIL140W,YOL040C,0,-0.50777423,0.11765412986278534,0.9741293787956238,0.7345672845840454
YLR305C,YNL284C,0,-0.5079496,0.11763998866081238,0.9741293787956238,0.7346673607826233
YCL024W,YLR224W,0,-0.50855553,0.11762585490942001,0.9741293787956238,0.7347673773765564
YKL217W,YHR135C,0,-0.5087453,0.11761172860860825,0.9741293787956238,0.7348674535751343
YGL158W,YDR378C,0,-0.50883335,0.11759759485721588,0.9741293787956238,0.7349674701690674
YDR460W,YER190W,0,-0.5091332,0.11758347600698471,0.9741293787956238,0.7350675463676453
YPR171W,YOR355W,0,-0.5092969,0.11756934970617294,0.9741293787956238,0.7351675629615784
YKL165C,YMR300C,0,-0.5093907,0.11755523830652237,0.9741293787956238,0.7352676391601562
YJR107W,YFR036W,0,-0.50948226,0.1175411194562912,0.9741293787956238,0.7353676557540894
YIR011C,YEL053C,0,-0.50948584,0.11752700805664062,0.9741293787956238,0.7354677319526672
YDR414C,YNL163C,0,-0.5095031,0.11751290410757065,0.9741293787956238,0.7355678081512451
YBR150C,YDR392W,0,-0.5095592,0.11749880015850067,0.9741293787956238,0.7356678247451782
YLR197W,YOR251C,0,-0.51015615,0.1174846962094307,0.9741293787956238,0.7357679009437561
YBR066C,YCR002C,0,-0.51017314,0.11747059971094131,0.9741293787956238,0.7358679175376892
YNL147W,YLR047C,0,-0.5109688,0.11745651066303253,0.9741293787956238,0.7359679937362671
YGR171C,YNR010W,0,-0.5110562,0.11744242161512375,0.9741293787956238,0.7360680103302002
YJR055W,YPL002C,0,-0.51121956,0.11742833256721497,0.9741293787956238,0.7361680865287781
YAL022C,YBR274W,0,-0.5113476,0.11741425096988678,0.9741293787956238,0.736268162727356
YFL048C,YLL033W,0,-0.51137185,0.1174001693725586,0.9741293787956238,0.7363681793212891
YAR002C-A,YOR123C,0,-0.5115847,0.11738608777523041,0.9741293787956238,0.7364682555198669
YMR089C,YAL016W,0,-0.5116654,0.11737202107906342,0.9741293787956238,0.7365682721138
YEL062W,YBR026C,0,-0.51236594,0.11735794693231583,0.9741293787956238,0.7366683483123779
YKR006C,YDL045C,0,-0.5124911,0.11734388023614883,0.9741293787956238,0.736768364906311
YJL103C,YPL218W,0,-0.5127119,0.11732982099056244,0.9741293787956238,0.7368684411048889
YGR177C,YDR429C,0,-0.51284575,0.11731575429439545,0.9741293787956238,0.736968457698822
YGR271W,YMR239C,0,-0.51334083,0.11730170249938965,0.9741293787956238,0.7370685338973999
YPL127C,YBR120C,0,-0.51341206,0.11728765070438385,0.9741293787956238,0.7371686100959778
YLL019C,YNL259C,0,-0.5134908,0.11727359890937805,0.9741293787956238,0.7372686266899109
YOL043C,YFL017W-A,0,-0.5137136,0.11725955456495285,0.9741293787956238,0.7373687028884888
YDR499W,YKR006C,0,-0.51389784,0.11724551022052765,0.9741293787956238,0.7374687194824219
YOR382W,YDR371W,1,-0.51394844,0.1173512190580368,0.9751243591308594,0.7374687194824219
YPL151C,YOR239W,0,-0.5140636,0.117337167263031,0.9751243591308594,0.7375687956809998
YKL174C,YIL042C,0,-0.51415366,0.11732311546802521,0.9751243591308594,0.7376688122749329
YDL140C,YDL083C,0,-0.5141561,0.1173090711236,0.9751243591308594,0.7377688884735107
YJL155C,YLR025W,0,-0.5146509,0.1172950342297554,0.9751243591308594,0.7378689050674438
YBL079W,YGL190C,0,-0.5148876,0.1172809973359108,0.9751243591308594,0.7379689812660217
YBR223C,YDR310C,0,-0.51490754,0.11726696044206619,0.9751243591308594,0.7380690574645996
YNL008C,YLR183C,0,-0.5150216,0.11725293099880219,0.9751243591308594,0.7381690740585327
YLR165C,YCR011C,0,-0.51520044,0.11723890155553818,0.9751243591308594,0.7382691502571106
YER154W,YJL213W,0,-0.51540124,0.11722487956285477,0.9751243591308594,0.7383691668510437
YGL209W,YBR155W,0,-0.5154846,0.11721085757017136,0.9751243591308594,0.7384692430496216
YOR353C,YNL078W,0,-0.51586914,0.11719684302806854,0.9751243591308594,0.7385692596435547
YEL043W,YBL028C,0,-0.5162125,0.11718282848596573,0.9751243591308594,0.7386693358421326
YOR301W,YHR119W,0,-0.5164888,0.11716882139444351,0.9751243591308594,0.7387694120407104
YOR292C,YOL107W,0,-0.5169176,0.1171548143029213,0.9751243591308594,0.7388694286346436
YOR393W,YDR404C,0,-0.51703656,0.11714080721139908,0.9751243591308594,0.7389695048332214
YLR305C,YHR085W,0,-0.5171631,0.11712680757045746,0.9751243591308594,0.7390695214271545
YBR281C,YJR133W,0,-0.5172181,0.11711280792951584,0.9751243591308594,0.7391695976257324
YDL121C,YLR033W,0,-0.5173265,0.11709881573915482,0.9751243591308594,0.7392696142196655
YOR232W,YDL097C,0,-0.51748407,0.11708482354879379,0.9751243591308594,0.7393696904182434
YOR219C,YAL040C,0,-0.51752687,0.11707083880901337,0.9751243591308594,0.7394697070121765
YCL057W,YDR472W,0,-0.5177065,0.11705685406923294,0.9751243591308594,0.7395697832107544
YMR228W,YLR024C,0,-0.51779425,0.11704287678003311,0.9751243591308594,0.7396698594093323
YBR260C,YPL065W,0,-0.5178189,0.11702889949083328,0.9751243591308594,0.7397698760032654
YNR003C,YJR112W,0,-0.517823,0.11701492220163345,0.9751243591308594,0.7398699522018433
YPL129W,YKL124W,0,-0.5179013,0.11700095236301422,0.9751243591308594,0.7399699687957764
YMR227C,YBL034C,0,-0.51804686,0.11698698997497559,0.9751243591308594,0.7400700449943542
YLR020C,YOL026C,0,-0.51825726,0.11697302758693695,0.9751243591308594,0.7401700615882874
YGL162W,YEL062W,0,-0.51845413,0.11695906519889832,0.9751243591308594,0.7402701377868652
YPR121W,YLR194C,1,-0.5186344,0.11706443876028061,0.9761193990707397,0.7402701377868652
YLR105C,YOR239W,0,-0.5186345,0.11705046892166138,0.9761193990707397,0.7403702139854431
YOR038C,YIL140W,0,-0.5186406,0.11703650653362274,0.9761193990707397,0.7404702305793762
YDR164C,YPL274W,0,-0.5187511,0.1170225441455841,0.9761193990707397,0.7405703067779541
YDR460W,YIL094C,0,-0.5187774,0.11700858920812607,0.9761193990707397,0.7406703233718872
YDR494W,YLL043W,0,-0.51885986,0.11699463427066803,0.9761193990707397,0.7407703995704651
YPL064C,YKL064W,0,-0.51906365,0.11698067933320999,0.9761193990707397,0.7408704161643982
YOR297C,YOR232W,0,-0.5194453,0.11696673184633255,0.9761193990707397,0.7409704923629761
YMR054W,YPL139C,0,-0.51959676,0.1169527918100357,0.9761193990707397,0.7410705089569092
YNL223W,YOR317W,0,-0.5196454,0.11693885177373886,0.9761193990707397,0.7411705851554871
YBR276C,YEL029C,0,-0.51965076,0.11692491173744202,0.9761193990707397,0.7412706613540649
YLR219W,YDR369C,0,-0.52015597,0.11691097915172577,0.9761193990707397,0.741370677947998
YOR232W,YOR226C,0,-0.52045906,0.11689704656600952,0.9761193990707397,0.7414707541465759
YDR512C,YGL200C,0,-0.5205241,0.11688311398029327,0.9761193990707397,0.741570770740509
YDR530C,YIL061C,0,-0.5206304,0.11686918884515762,0.9761193990707397,0.7416708469390869
YJR149W,YHR156C,0,-0.52127725,0.11685527116060257,0.9761193990707397,0.74177086353302
YKL067W,YDR415C,0,-0.5214428,0.11684135347604752,0.9761193990707397,0.7418709397315979
YMR025W,YGR171C,0,-0.52148503,0.11682743579149246,0.9761193990707397,0.741970956325531
YOR251C,YGL071W,0,-0.5215351,0.116813525557518,0.9761193990707397,0.7420710325241089
YJR151C,YDR064W,0,-0.52161705,0.11679961532354355,0.9761193990707397,0.7421711087226868
YBL113C,YHR135C,0,-0.5216316,0.11678571254014969,0.9761193990707397,0.7422711253166199
YDR492W,YDL039C,0,-0.5216477,0.11677180975675583,0.9761193990707397,0.7423712015151978
YNL322C,YJR151C,1,-0.5216847,0.11687693744897842,0.9771144390106201,0.7423712015151978
YMR097C,YML006C,0,-0.5218512,0.11686302721500397,0.9771144390106201,0.7424712181091309
YGR179C,YCL057W,0,-0.521927,0.11684911698102951,0.9771144390106201,0.7425712943077087
YGR085C,YDR353W,0,-0.5219766,0.11683521419763565,0.9771144390106201,0.7426713109016418
YML051W,YDR245W,0,-0.522395,0.11682131886482239,0.9771144390106201,0.7427713871002197
YLR305C,YMR078C,0,-0.52249295,0.11680742353200912,0.9771144390106201,0.7428714632987976
YKL061W,YJL095W,0,-0.5229549,0.11679352819919586,0.9771144390106201,0.7429714798927307
YPL259C,YDR109C,0,-0.5230031,0.1167796403169632,0.9771144390106201,0.7430715560913086
YNL283C,YMR033W,0,-0.52330047,0.11676575243473053,0.9771144390106201,0.7431715726852417
YOL145C,YNR015W,0,-0.52342874,0.11675187200307846,0.9771144390106201,0.7432716488838196
YKR054C,YDR416W,0,-0.52369237,0.11673799157142639,0.9771144390106201,0.7433716654777527
YIL139C,YLR028C,0,-0.52371085,0.11672411859035492,0.9771144390106201,0.7434717416763306
YDR263C,YPL002C,0,-0.5237552,0.11671024560928345,0.9771144390106201,0.7435717582702637
YOR261C,YDR373W,0,-0.52382195,0.11669637262821198,0.9771144390106201,0.7436718344688416
YNL107W,YKL094W,0,-0.5239188,0.1166825070977211,0.9771144390106201,0.7437719106674194
YOR159C,YKL119C,0,-0.52398777,0.11666864901781082,0.9771144390106201,0.7438719272613525
YOL057W,YGR281W,0,-0.5240609,0.11665479093790054,0.9771144390106201,0.7439720034599304
YDR030C,YOR145C,0,-0.52407354,0.11664093285799026,0.9771144390106201,0.7440720200538635
YDR530C,YPR149W,0,-0.5241067,0.11662707477807999,0.9771144390106201,0.7441720962524414
YJR004C,YJR107W,0,-0.52472144,0.1166132315993309,0.9771144390106201,0.7442721128463745
YKL174C,YKL007W,0,-0.5250073,0.11659938097000122,0.9771144390106201,0.7443721890449524
YKR019C,YDR260C,0,-0.52504385,0.11658553779125214,0.9771144390106201,0.7444722652435303
YPL273W,YDR140W,0,-0.5250764,0.11657170206308365,0.9771144390106201,0.7445722818374634
YGR238C,YNR010W,0,-0.5250851,0.11655786633491516,0.9771144390106201,0.7446723580360413
YHR047C,YDR196C,0,-0.5252111,0.11654403060674667,0.9771144390106201,0.7447723746299744
YDR030C,YOR138C,0,-0.5252871,0.11653020232915878,0.9771144390106201,0.7448724508285522
YDR451C,YOL004W,0,-0.525584,0.11651637405157089,0.9771144390106201,0.7449724674224854
YOL028C,YJR031C,0,-0.5256963,0.1165025532245636,0.9771144390106201,0.7450725436210632
YDR512C,YPR035W,0,-0.5257124,0.1164887323975563,0.9771144390106201,0.7451725602149963
YBR059C,YOR292C,0,-0.5257219,0.11647491157054901,0.9771144390106201,0.7452726364135742
YPL127C,YLR268W,0,-0.52587783,0.11646109819412231,0.9771144390106201,0.7453727126121521
YJR006W,YNL016W,0,-0.5261908,0.11644729226827621,0.9771144390106201,0.7454727292060852
YOL112W,YKL168C,0,-0.5263567,0.11643348634243011,0.9771144390106201,0.7455728054046631
YOR291W,YHR077C,0,-0.5269956,0.11641968041658401,0.9771144390106201,0.7456728219985962
YNR031C,YKR057W,0,-0.5273414,0.11640588194131851,0.9771144390106201,0.7457728981971741
YOR074C,YCR011C,0,-0.527436,0.11639208346605301,0.9771144390106201,0.7458729147911072
YKR071C,YGR216C,0,-0.5276665,0.1163782849907875,0.9771144390106201,0.7459729909896851
YFL001W,YHL027W,0,-0.5278278,0.1163645014166832,0.9771144390106201,0.7460730075836182
YHR209W,YDR332W,0,-0.5278914,0.11635071039199829,0.9771144390106201,0.746173083782196
YPR162C,YJL141C,0,-0.528043,0.11633692681789398,0.9771144390106201,0.7462731599807739
YNL223W,YIL170W,0,-0.5281298,0.11632314324378967,0.9771144390106201,0.746373176574707
YJR119C,YDL216C,0,-0.5286968,0.11630936712026596,0.9771144390106201,0.7464732527732849
YGR252W,YKL172W,0,-0.5291514,0.11629559099674225,0.9771144390106201,0.746573269367218
YLL003W,YBR243C,0,-0.52921176,0.11628182232379913,0.9771144390106201,0.7466733455657959
YER103W,YJR119C,0,-0.52923036,0.11626805365085602,0.9771144390106201,0.746773362159729
YPL011C,YGR214W,0,-0.52941066,0.1162542924284935,0.9771144390106201,0.7468734383583069
YDL128W,YDR218C,0,-0.5294923,0.11624053120613098,0.9771144390106201,0.7469735145568848
YLR321C,YOL090W,0,-0.52976924,0.11622676998376846,0.9771144390106201,0.7470735311508179
YLR107W,YJL206C,0,-0.52994365,0.11621301621198654,0.9771144390106201,0.7471736073493958
YLR182W,YNL307C,0,-0.5299765,0.11619926989078522,0.9771144390106201,0.7472736239433289
YDR146C,YGL169W,0,-0.52999,0.1161855161190033,0.9771144390106201,0.7473737001419067
YPL104W,YNL080C,0,-0.5300844,0.11617176979780197,0.9771144390106201,0.7474737167358398
YGL083W,YBR173C,0,-0.53058255,0.11615803092718124,0.9771144390106201,0.7475737929344177
YLR429W,YKL175W,0,-0.5306408,0.11614429205656052,0.9771144390106201,0.7476738095283508
YBR059C,YPR135W,0,-0.5309371,0.11613056063652039,0.9771144390106201,0.7477738857269287
YPR111W,YOR123C,0,-0.53103125,0.11611682921648026,0.9771144390106201,0.7478739619255066
YBR125C,YOR251C,0,-0.5311402,0.11610309779644012,0.9771144390106201,0.7479739785194397
YJR036C,YDR211W,0,-0.53165036,0.11608937382698059,0.9771144390106201,0.7480740547180176
YNL084C,YJR032W,0,-0.5319466,0.11607564985752106,0.9771144390106201,0.7481740713119507
YOR206W,YNL050C,0,-0.5323041,0.11606193333864212,0.9771144390106201,0.7482741475105286
YHR179W,YGR012W,0,-0.53272825,0.11604821681976318,0.9771144390106201,0.7483741641044617
YJL134W,YER115C,0,-0.5330641,0.11603450030088425,0.9771144390106201,0.7484742403030396
YLR404W,YKL078W,0,-0.53316444,0.11602079123258591,0.9771144390106201,0.7485743165016174
YPR135W,YMR179W,0,-0.5332874,0.11600708961486816,0.9771144390106201,0.7486743330955505
YDR082W,YOR084W,0,-0.5332893,0.11599338799715042,0.9771144390106201,0.7487744092941284
YJR127C,YOL111C,0,-0.53346777,0.11597968637943268,0.9771144390106201,0.7488744258880615
YPR144C,YNL010W,0,-0.5337586,0.11596599221229553,0.9771144390106201,0.7489745020866394
YDR304C,YDR508C,0,-0.53424793,0.11595229804515839,0.9771144390106201,0.7490745186805725
YNL084C,YOR085W,0,-0.5344388,0.11593860387802124,0.9771144390106201,0.7491745948791504
YBR059C,YGL113W,0,-0.53444636,0.11592491716146469,0.9771144390106201,0.7492746114730835
YDL202W,YGL203C,0,-0.53493494,0.11591123789548874,0.9771144390106201,0.7493746876716614
YBR202W,YER022W,0,-0.535079,0.11589755862951279,0.9771144390106201,0.7494747638702393
YDR497C,YPL093W,0,-0.535102,0.11588387936353683,0.9771144390106201,0.7495747804641724
YEL022W,YIL140W,0,-0.53531384,0.11587020754814148,0.9771144390106201,0.7496748566627502
YER168C,YMR295C,0,-0.5353197,0.11585653573274612,0.9771144390106201,0.7497748732566833
YLR080W,YDR262W,0,-0.5354649,0.11584287136793137,0.9771144390106201,0.7498749494552612
YMR090W,YGL259W,0,-0.53553253,0.11582920700311661,0.9771144390106201,0.7499749660491943
YBR278W,YFR036W,0,-0.5356146,0.11581554263830185,0.9771144390106201,0.7500750422477722
YDR454C,YNL258C,0,-0.5357536,0.11580188572406769,0.9771144390106201,0.7501750588417053
YPL002C,YDR218C,0,-0.53603697,0.11578822880983353,0.9771144390106201,0.7502751350402832
YGR281W,YDL128W,0,-0.5361378,0.11577457934617996,0.9771144390106201,0.7503752112388611
YKR071C,YIL006W,0,-0.5363072,0.115760937333107,0.9771144390106201,0.7504752278327942
YLR208W,YLR219W,0,-0.5363313,0.11574728786945343,0.9771144390106201,0.7505753040313721
YOR304C-A,YLR285W,0,-0.5366375,0.11573364585638046,0.9771144390106201,0.7506753206253052
YAR035W,YPL096W,0,-0.5369312,0.11572001129388809,0.9771144390106201,0.7507753968238831
YIL061C,YPR187W,0,-0.5369578,0.11570637673139572,0.9771144390106201,0.7508754134178162
YLR153C,YFR033C,0,-0.53696865,0.11569274216890335,0.9771144390106201,0.750975489616394
YGL172W,YOR355W,0,-0.53698754,0.11567911505699158,0.9771144390106201,0.7510755658149719
YER008C,YJR130C,0,-0.5371577,0.1156654879450798,0.9771144390106201,0.751175582408905
YJL079C,YDR392W,0,-0.53732526,0.11565186828374863,0.9771144390106201,0.7512756586074829
YOR304C-A,YLR224W,0,-0.53733456,0.11563824862241745,0.9771144390106201,0.751375675201416
YLR228C,YNL284C,0,-0.537433,0.11562462896108627,0.9771144390106201,0.7514757513999939
YNL281W,YBR282W,0,-0.5374539,0.1156110167503357,0.9771144390106201,0.751575767993927
YGR095C,YOR261C,0,-0.5377954,0.11559741199016571,0.9771144390106201,0.7516758441925049
YLR182W,YKR019C,0,-0.53781813,0.11558380722999573,0.9771144390106201,0.751775860786438
YJL087C,YKR008W,0,-0.53790295,0.11557020246982574,0.9771144390106201,0.7518759369850159
YJR055W,YGR246C,0,-0.538141,0.11555660516023636,0.9771144390106201,0.7519760131835938
YJL172W,YKL203C,0,-0.5385414,0.11554300785064697,0.9771144390106201,0.7520760297775269
YMR169C,YGR072W,0,-0.5385771,0.11552941054105759,0.9771144390106201,0.7521761059761047
YJR004C,YHR156C,0,-0.5387177,0.1155158206820488,0.9771144390106201,0.7522761225700378
YDL246C,YPR125W,0,-0.5388214,0.1155022382736206,0.9771144390106201,0.7523761987686157
YBR274W,YIL047C,0,-0.5389043,0.11548864841461182,0.9771144390106201,0.7524762153625488
YDR389W,YMR240C,0,-0.5391243,0.11547507345676422,0.9771144390106201,0.7525762915611267
YGL028C,YJR153W,1,-0.5392862,0.11557906866073608,0.9781094789505005,0.7525762915611267
YNL102W,YBR061C,0,-0.5393073,0.11556548625230789,0.9781094789505005,0.7526763677597046
YOL066C,YPL163C,0,-0.539318,0.1155518963932991,0.9781094789505005,0.7527763843536377
YJR036C,YFR052W,0,-0.53931826,0.11553831398487091,0.9781094789505005,0.7528764605522156
YGR288W,YDR211W,0,-0.5396721,0.11552473902702332,0.9781094789505005,0.7529764771461487
YDL107W,YIR025W,0,-0.5397194,0.11551116406917572,0.9781094789505005,0.7530765533447266
YPL094C,YDR461W,0,-0.54045427,0.11549758911132812,0.9781094789505005,0.7531765699386597
YLR080W,YMR308C,0,-0.5406171,0.11548402160406113,0.9781094789505005,0.7532766461372375
YNL309W,YLR016C,0,-0.54064757,0.11547045409679413,0.9781094789505005,0.7533766627311707
YCL018W,YPR080W,0,-0.54078513,0.11545689404010773,0.9781094789505005,0.7534767389297485
YFL038C,YBR276C,0,-0.54088795,0.11544333398342133,0.9781094789505005,0.7535768151283264
YGR036C,YKL124W,0,-0.54091954,0.11542978137731552,0.9781094789505005,0.7536768317222595
YPL002C,YOR355W,0,-0.54097396,0.11541622877120972,0.9781094789505005,0.7537769079208374
YNR015W,YGL051W,0,-0.54105407,0.11540267616510391,0.9781094789505005,0.7538769245147705
YMR061W,YNR006W,0,-0.5410603,0.1153891310095787,0.9781094789505005,0.7539770007133484
YDL036C,YOL054W,0,-0.54130316,0.1153755858540535,0.9781094789505005,0.7540770173072815
YLR130C,YDL170W,0,-0.5413217,0.11536204814910889,0.9781094789505005,0.7541770935058594
YGL226C-A,YDL047W,0,-0.54138297,0.11534851044416428,0.9781094789505005,0.7542771100997925
YER013W,YLR113W,0,-0.5414087,0.11533497273921967,0.9781094789505005,0.7543771862983704
YHR069C,YBR128C,0,-0.5415201,0.11532144248485565,0.9781094789505005,0.7544772624969482
YKR055W,YBL079W,0,-0.5415869,0.11530791968107224,0.9781094789505005,0.7545772790908813
YOR251C,YOR089C,0,-0.54160136,0.11529439687728882,0.9781094789505005,0.7546773552894592
YMR180C,YDR392W,0,-0.5422527,0.1152808740735054,0.9781094789505005,0.7547773718833923
YOL070C,YOR215C,0,-0.54246116,0.11526735126972198,0.9781094789505005,0.7548774480819702
YDR174W,YDL045C,0,-0.5426424,0.11525384336709976,0.9781094789505005,0.7549774646759033
YEL012W,YOR287C,0,-0.5427369,0.11524032801389694,0.9781094789505005,0.7550775408744812
YBR170C,YBR287W,0,-0.54276913,0.11522682011127472,0.9781094789505005,0.7551776170730591
YJR092W,YDR254W,0,-0.54280126,0.1152133122086525,0.9781094789505005,0.7552776336669922
YEL030W,YPR198W,0,-0.54311544,0.11519981175661087,0.9781094789505005,0.7553777098655701
YGL068W,YOR008C,0,-0.54343206,0.11518631130456924,0.9781094789505005,0.7554777264595032
YGL200C,YNR013C,0,-0.54363734,0.11517281830310822,0.9781094789505005,0.755577802658081
YMR077C,YPL244C,0,-0.543641,0.11515932530164719,0.9781094789505005,0.7556778192520142
YBR275C,YKR066C,0,-0.5436712,0.11514583230018616,0.9781094789505005,0.755777895450592
YLR206W,YFR001W,0,-0.54386735,0.11513234674930573,0.9781094789505005,0.7558779120445251
YIL095W,YDL022W,0,-0.5440657,0.11511886864900589,0.9781094789505005,0.755977988243103
YDR457W,YMR210W,0,-0.5445277,0.11510538309812546,0.9781094789505005,0.7560780644416809
YJL005W,YLR209C,0,-0.5446821,0.11509191244840622,0.9781094789505005,0.756178081035614
YGR012W,YER162C,0,-0.5447991,0.11507843434810638,0.9781094789505005,0.7562781572341919
YDR306C,YNL238W,0,-0.5449331,0.11506496369838715,0.9781094789505005,0.756378173828125
YOR283W,YGR199W,0,-0.54519004,0.1150515004992485,0.9781094789505005,0.7564782500267029
YNL044W,YIL047C,0,-0.54542774,0.11503803730010986,0.9781094789505005,0.756578266620636
YBR287W,YDR207C,0,-0.54546595,0.11502457410097122,0.9781094789505005,0.7566783428192139
YNR021W,YHR079C,0,-0.5455881,0.11501111835241318,0.9781094789505005,0.756778359413147
YLL051C,YNL110C,0,-0.545591,0.11499766260385513,0.9781094789505005,0.7568784356117249
YKL161C,YGL233W,0,-0.54560596,0.11498420685529709,0.9781094789505005,0.7569785118103027
YLR314C,YER168C,0,-0.5457581,0.11497075855731964,0.9781094789505005,0.7570785284042358
YBR115C,YOR311C,0,-0.5457714,0.11495731770992279,0.9781094789505005,0.7571786046028137
YKL170W,YJR021C,0,-0.5458622,0.11494386941194534,0.9781094789505005,0.7572786211967468
YGR032W,YGR113W,0,-0.54588467,0.11493043601512909,0.9781094789505005,0.7573786973953247
YGR169C,YGR070W,0,-0.5460932,0.11491699516773224,0.9781094789505005,0.7574787139892578
YMR019W,YPL087W,0,-0.54622227,0.11490356177091599,0.9781094789505005,0.7575787901878357
YMR038C,YKL082C,0,-0.5463967,0.11489013582468033,0.9781094789505005,0.7576788663864136
YER138C,YDL225W,0,-0.54660654,0.11487670987844467,0.9781094789505005,0.7577788829803467
YDL198C,YKL210W,0,-0.5467638,0.11486328393220901,0.9781094789505005,0.7578789591789246
YNL309W,YLL033W,0,-0.5468888,0.11484986543655396,0.9781094789505005,0.7579789757728577
YGL237C,YMR032W,0,-0.54722005,0.1148364469408989,0.9781094789505005,0.7580790519714355
YCL043C,YCR002C,0,-0.5477364,0.11482303589582443,0.9781094789505005,0.7581790685653687
YLR394W,YDL225W,0,-0.54819363,0.11480962485074997,0.9781094789505005,0.7582791447639465
YOR054C,YNL121C,0,-0.54850763,0.1147962138056755,0.9781094789505005,0.7583791613578796
YLR395C,YLR080W,0,-0.54874104,0.11478281021118164,0.9781094789505005,0.7584792375564575
YKR102W,YKR013W,1,-0.54887044,0.11488616466522217,0.9791044592857361,0.7584792375564575
YOL112W,YKR020W,0,-0.54917735,0.1148727536201477,0.9791044592857361,0.7585793137550354
YNL236W,YKR101W,0,-0.54932636,0.11485934257507324,0.9791044592857361,0.7586793303489685
YNR067C,YGR255C,0,-0.54945374,0.11484593898057938,0.9791044592857361,0.7587794065475464
YGL083W,YER090W,0,-0.54990506,0.11483253538608551,0.9791044592857361,0.7588794231414795
YGR084C,YLR350W,0,-0.5499145,0.11481913924217224,0.9791044592857361,0.7589794993400574
YGL162W,YBR150C,0,-0.54996,0.11480574309825897,0.9791044592857361,0.7590795159339905
YNR031C,YER087W,0,-0.5500693,0.1147923469543457,0.9791044592857361,0.7591795921325684
YGR056W,YJL117W,0,-0.5501608,0.11477895826101303,0.9791044592857361,0.7592796683311462
YBR196C,YIL095W,0,-0.550339,0.11476556956768036,0.9791044592857361,0.7593796849250793
YJR149W,YOL151W,0,-0.5503478,0.11475218832492828,0.9791044592857361,0.7594797611236572
YNL127W,YOR279C,0,-0.55035704,0.11473880708217621,0.9791044592857361,0.7595797777175903
YPL150W,YJR034W,0,-0.5505783,0.11472542583942413,0.9791044592857361,0.7596798539161682
YNL160W,YNL309W,0,-0.55079937,0.11471205204725266,0.9791044592857361,0.7597798705101013
YNL231C,YNR035C,0,-0.55125415,0.11469868570566177,0.9791044592857361,0.7598799467086792
YGR077C,YLR429W,0,-0.55132085,0.1146853119134903,0.9791044592857361,0.7599799633026123
YMR013C,YOR239W,0,-0.5514224,0.11467195302248001,0.9791044592857361,0.7600800395011902
YMR169C,YOR317W,0,-0.5516506,0.11465858668088913,0.9791044592857361,0.7601801156997681
YLL002W,YGL169W,0,-0.55184305,0.11464522778987885,0.9791044592857361,0.7602801322937012
YDR403W,YOR327C,0,-0.55202544,0.11463187634944916,0.9791044592857361,0.760380208492279
YKL166C,YBR230C,0,-0.55211174,0.11461851745843887,0.9791044592857361,0.7604802250862122
YHR132C,YNL121C,0,-0.55277383,0.11460517346858978,0.9791044592857361,0.76058030128479
YBL011W,YBR010W,0,-0.55290246,0.1145918220281601,0.9791044592857361,0.7606803178787231
YPL259C,YNL239W,0,-0.5529256,0.114578478038311,0.9791044592857361,0.760780394077301
YLR224W,YJR063W,0,-0.55314076,0.11456514149904251,0.9791044592857361,0.7608804106712341
YGR171C,YJL128C,0,-0.5532572,0.11455180495977402,0.9791044592857361,0.760980486869812
YER117W,YAR035W,0,-0.5533762,0.11453846842050552,0.9791044592857361,0.7610805630683899
YKL078W,YPL163C,0,-0.553591,0.11452513933181763,0.9791044592857361,0.761180579662323
YPL196W,YPL208W,0,-0.55381346,0.11451181024312973,0.9791044592857361,0.7612806558609009
YDR067C,YPL127C,0,-0.5540405,0.11449848860502243,0.9791044592857361,0.761380672454834
YBR243C,YIR032C,0,-0.5544999,0.11448516696691513,0.9791044592857361,0.7614807486534119
YGR010W,YMR246W,0,-0.5547972,0.11447184532880783,0.9791044592857361,0.761580765247345
YDR196C,YPL027W,0,-0.554993,0.11445853114128113,0.9791044592857361,0.7616808414459229
YNL271C,YER117W,0,-0.5551273,0.11444521695375443,0.9791044592857361,0.7617809176445007
YLL002W,YBR096W,0,-0.5552149,0.11443191021680832,0.9791044592857361,0.7618809342384338
YLR228C,YPL096W,0,-0.55527925,0.11441860347986221,0.9791044592857361,0.7619810104370117
YBR096W,YBR192W,0,-0.5553044,0.1144053041934967,0.9791044592857361,0.7620810270309448
YOR025W,YNR010W,0,-0.5553799,0.1143920049071312,0.9791044592857361,0.7621811032295227
YML028W,YMR272C,0,-0.55554056,0.11437870562076569,0.9791044592857361,0.7622811198234558
YPR198W,YHR082C,0,-0.5555627,0.11436541378498077,0.9791044592857361,0.7623811960220337
YOR138C,YGR077C,0,-0.5556788,0.11435212194919586,0.9791044592857361,0.7624812126159668
YJR006W,YLR312W-A,0,-0.55588764,0.11433883011341095,0.9791044592857361,0.7625812888145447
YFR013W,YGL068W,0,-0.55627334,0.11432554572820663,0.9791044592857361,0.7626813650131226
YLR305C,YGR077C,0,-0.55679274,0.11431226879358292,0.9791044592857361,0.7627813816070557
YGR143W,YMR308C,0,-0.55683225,0.1142989918589592,0.9791044592857361,0.7628814578056335
YBR066C,YPL096W,0,-0.55688804,0.11428571492433548,0.9791044592857361,0.7629814743995667
YNL153C,YMR229C,0,-0.55691826,0.11427244544029236,0.9791044592857361,0.7630815505981445
YBR096W,YIL083C,0,-0.5571048,0.11425917595624924,0.9791044592857361,0.7631815671920776
YAL022C,YPL218W,0,-0.5576024,0.11424590647220612,0.9791044592857361,0.7632816433906555
YOL052C,YLR028C,0,-0.55762476,0.11423264443874359,0.9791044592857361,0.7633817195892334
YOR301W,YKR026C,0,-0.55799025,0.11421938240528107,0.9791044592857361,0.7634817361831665
YDR423C,YMR065W,0,-0.558213,0.11420612782239914,0.9791044592857361,0.7635818123817444
YOL112W,YJL206C,0,-0.55826837,0.11419287323951721,0.9791044592857361,0.7636818289756775
YKR008W,YNL309W,0,-0.55838585,0.11417962610721588,0.9791044592857361,0.7637819051742554
YJL030W,YAL016W,0,-0.55839825,0.11416637897491455,0.9791044592857361,0.7638819217681885
YEL043W,YMR186W,0,-0.55843663,0.11415313184261322,0.9791044592857361,0.7639819979667664
YDL029W,YPR171W,0,-0.55843705,0.11413989216089249,0.9791044592857361,0.7640820145606995
YDR383C,YPL180W,0,-0.55876297,0.11412665247917175,0.9791044592857361,0.7641820907592773
YLR447C,YJL225C,0,-0.55891365,0.11411342024803162,0.9791044592857361,0.7642821669578552
YKL009W,YLL027W,0,-0.5590002,0.11410018801689148,0.9791044592857361,0.7643821835517883
YPL078C,YCR052W,0,-0.5590692,0.11408695578575134,0.9791044592857361,0.7644822597503662
YGR145W,YAL031C,0,-0.55934304,0.1140737310051918,0.9791044592857361,0.7645822763442993
YGR258C,YNL032W,0,-0.5593451,0.11406050622463226,0.9791044592857361,0.7646823525428772
YLR244C,YBR155W,0,-0.5594257,0.11404728889465332,0.9791044592857361,0.7647823691368103
YML112W,YGL062W,0,-0.5602276,0.11403407156467438,0.9791044592857361,0.7648824453353882
YNR035C,YKL095W,0,-0.56042594,0.11402085423469543,0.9791044592857361,0.7649824619293213
YOR216C,YHR156C,0,-0.56100595,0.11400764435529709,0.9791044592857361,0.7650825381278992
YJL141C,YOR349W,0,-0.56118697,0.11399444192647934,0.9791044592857361,0.765182614326477
YMR269W,YMR176W,0,-0.5615131,0.113981232047081,0.9791044592857361,0.7652826309204102
YDR167W,YOR142W,0,-0.5618436,0.11396803706884384,0.9791044592857361,0.765382707118988
YDR205W,YHR079C,0,-0.56241405,0.11395483464002609,0.9791044592857361,0.7654827237129211
YJL194W,YNL006W,0,-0.56241757,0.11394163966178894,0.9791044592857361,0.765582799911499
YGL112C,YBR274W,0,-0.5624443,0.11392844468355179,0.9791044592857361,0.7656828165054321
YJL112W,YML132W,0,-0.5625538,0.11391525715589523,0.9791044592857361,0.76578289270401
YGR056W,YMR025W,0,-0.56273884,0.11390206962823868,0.9791044592857361,0.7658829689025879
YOR168W,YBR115C,0,-0.5629548,0.11388888955116272,0.9791044592857361,0.765982985496521
YLL051C,YMR089C,0,-0.5632785,0.11387570947408676,0.9791044592857361,0.7660830616950989
YBR195C,YIL088C,0,-0.5634846,0.1138625293970108,0.9791044592857361,0.766183078289032
YDR034C,YNL026W,0,-0.563621,0.11384935677051544,0.9791044592857361,0.7662831544876099
YFR029W,YNL261W,0,-0.5636513,0.11383618414402008,0.9791044592857361,0.766383171081543
YNL085W,YLL027W,0,-0.56385833,0.11382301896810532,0.9791044592857361,0.7664832472801208
YBL041W,YMR020W,0,-0.56400144,0.11380985379219055,0.9791044592857361,0.766583263874054
YPR196W,YOR219C,0,-0.5640371,0.11379669606685638,0.9791044592857361,0.7666833400726318
YPR011C,YLR348C,0,-0.56410754,0.11378353089094162,0.9791044592857361,0.7667834162712097
YDR144C,YLR309C,0,-0.56450385,0.11377038061618805,0.9791044592857361,0.7668834328651428
YOL082W,YER101C,0,-0.5650076,0.11375722289085388,0.9791044592857361,0.7669835090637207
YNL304W,YEL062W,0,-0.5651328,0.11374407261610031,0.9791044592857361,0.7670835256576538
YDR364C,YDL225W,0,-0.565148,0.11373092979192734,0.9791044592857361,0.7671836018562317
YBR170C,YOR251C,0,-0.56524456,0.11371778696775436,0.9791044592857361,0.7672836184501648
YPL150W,YDR444W,0,-0.56525284,0.11370464414358139,0.9791044592857361,0.7673836946487427
YKL117W,YCR052W,0,-0.5654529,0.11369150876998901,0.9791044592857361,0.7674837708473206
YPR080W,YDR062W,0,-0.5655349,0.11367837339639664,0.9791044592857361,0.7675837874412537
YBR274W,YDR211W,0,-0.56556433,0.11366524547338486,0.9791044592857361,0.7676838636398315
YOR287C,YOR292C,0,-0.5655704,0.11365211009979248,0.9791044592857361,0.7677838802337646
YIL140W,YOR327C,0,-0.56577235,0.1136389896273613,0.9791044592857361,0.7678839564323425
YCR014C,YOR148C,0,-0.56585324,0.11362586915493011,0.9791044592857361,0.7679839730262756
YLR107W,YKR019C,0,-0.5658851,0.11361274868249893,0.9791044592857361,0.7680840492248535
YDR527W,YIL042C,0,-0.56596065,0.11359962821006775,0.9791044592857361,0.7681840658187866
YOL136C,YDR496C,0,-0.5663519,0.11358651518821716,0.9791044592857361,0.7682841420173645
YBR002C,YLR107W,0,-0.5663687,0.11357340961694717,0.9791044592857361,0.7683842182159424
YDR518W,YOR285W,0,-0.566413,0.11356029659509659,0.9791044592857361,0.7684842348098755
YJR005W,YDR449C,0,-0.566474,0.1135471984744072,0.9791044592857361,0.7685843110084534
YLR395C,YJL053W,0,-0.5665366,0.11353409290313721,0.9791044592857361,0.7686843276023865
YOL145C,YER125W,0,-0.56693095,0.11352099478244781,0.9791044592857361,0.7687844038009644
YNL010W,YOR123C,0,-0.5670591,0.11350790411233902,0.9791044592857361,0.7688844203948975
YPL112C,YAL031C,0,-0.56733584,0.11349480599164963,0.9791044592857361,0.7689844965934753
YKR102W,YDR373W,0,-0.5673967,0.11348172277212143,0.9791044592857361,0.7690845131874084
YOR382W,YDR207C,0,-0.5676393,0.11346863210201263,0.9791044592857361,0.7691845893859863
YGR216C,YMR210W,0,-0.5676571,0.11345554888248444,0.9791044592857361,0.7692846655845642
YOR159C,YDR371W,0,-0.5677398,0.11344247311353683,0.9791044592857361,0.7693846821784973
YMR019W,YGL112C,0,-0.5680272,0.11342939734458923,0.9791044592857361,0.7694847583770752
YNL271C,YDL202W,0,-0.56806135,0.11341632157564163,0.9791044592857361,0.7695847749710083
YOR232W,YGR072W,0,-0.5682503,0.11340325325727463,0.9791044592857361,0.7696848511695862
YER098W,YIL132C,0,-0.5683623,0.11339018493890762,0.9791044592857361,0.7697848677635193
YOL045W,YNR057C,0,-0.5686761,0.11337711662054062,0.9791044592857361,0.7698849439620972
YIL139C,YOR222W,0,-0.56900615,0.11336405575275421,0.9791044592857361,0.769985020160675
YBR080C,YKL067W,0,-0.5690078,0.1133509948849678,0.9791044592857361,0.7700850367546082
YJR138W,YGL010W,0,-0.56908256,0.113337941467762,0.9791044592857361,0.770185112953186
YDR137W,YHR060W,0,-0.5692541,0.11332488805055618,0.9791044592857361,0.7702851295471191
YJR057W,YKL117W,0,-0.5692716,0.11331183463335037,0.9791044592857361,0.770385205745697
YNL127W,YNR031C,0,-0.5692995,0.11329878866672516,0.9791044592857361,0.7704852223396301
YOL082W,YLR348C,0,-0.569651,0.11328575015068054,0.9791044592857361,0.770585298538208
YNR021W,YLR024C,0,-0.5696557,0.11327270418405533,0.9791044592857361,0.7706853151321411
YNL095C,YLR325C,0,-0.5698295,0.11325966566801071,0.9791044592857361,0.770785391330719
YLR314C,YLR141W,0,-0.56983346,0.11324663460254669,0.9791044592857361,0.7708854675292969
YDR389W,YPR127W,0,-0.5700014,0.11323360353708267,0.9791044592857361,0.77098548412323
YKL189W,YNL080C,0,-0.5700517,0.11322057247161865,0.9791044592857361,0.7710855603218079
YER008C,YNL282W,0,-0.5701956,0.11320754885673523,0.9791044592857361,0.771185576915741
YGR229C,YAL040C,0,-0.5704665,0.1131945252418518,0.9791044592857361,0.7712856531143188
YBR261C,YJL206C,0,-0.5709967,0.11318150162696838,0.9791044592857361,0.771385669708252
YEL037C,YDL070W,0,-0.5713554,0.11316848546266556,0.9791044592857361,0.7714857459068298
YER101C,YMR203W,0,-0.5716233,0.11315547674894333,0.9791044592857361,0.7715858221054077
YLR028C,YFR033C,0,-0.5716875,0.1131424605846405,0.9791044592857361,0.7716858386993408
YNL102W,YNR010W,0,-0.57184976,0.11312945187091827,0.9791044592857361,0.7717859148979187
YLR312W-A,YIL006W,0,-0.57197344,0.11311645060777664,0.9791044592857361,0.7718859314918518
YJL004C,YKL082C,0,-0.5720404,0.11310344934463501,0.9791044592857361,0.7719860076904297
YCR011C,YGR239C,0,-0.5721254,0.11309044808149338,0.9791044592857361,0.7720860242843628
YHR077C,YKL172W,0,-0.57254,0.11307745426893234,0.9791044592857361,0.7721861004829407
YCR030C,YJL053W,0,-0.5729524,0.11306446045637131,0.9791044592857361,0.7722861170768738
YDR296W,YBL026W,0,-0.572986,0.11305147409439087,0.9791044592857361,0.7723861932754517
YBL076C,YKL168C,0,-0.5730426,0.11303848028182983,0.9791044592857361,0.7724862694740295
YMR077C,YOR338W,0,-0.573119,0.11302550137042999,0.9791044592857361,0.7725862860679626
YJR004C,YDL107W,0,-0.5731234,0.11301251500844955,0.9791044592857361,0.7726863622665405
YOL045W,YMR200W,0,-0.573235,0.11299954354763031,0.9791044592857361,0.7727863788604736
YDL171C,YPL252C,0,-0.5732461,0.11298656463623047,0.9791044592857361,0.7728864550590515
YPR083W,YGL004C,0,-0.573269,0.11297359317541122,0.9791044592857361,0.7729864716529846
YKL119C,YGR268C,0,-0.5737291,0.11296062171459198,0.9791044592857361,0.7730865478515625
YJL160C,YKL096W,1,-0.5738504,0.11306244134902954,0.9800994992256165,0.7730865478515625
YMR049C,YKL119C,0,-0.5741635,0.1130494698882103,0.9800994992256165,0.7731865644454956
YMR137C,YNL027W,0,-0.57422566,0.11303649097681046,0.9800994992256165,0.7732866406440735
YKR071C,YOR187W,0,-0.5747109,0.11302351951599121,0.9800994992256165,0.7733867168426514
YBR095C,YAL040C,0,-0.57531804,0.11301055550575256,0.9800994992256165,0.7734867334365845
YDL084W,YOR251C,0,-0.57532865,0.11299759149551392,0.9800994992256165,0.7735868096351624
YKR035W-A,YFL023W,0,-0.5755896,0.11298462748527527,0.9800994992256165,0.7736868262290955
YLR404W,YML099C,0,-0.57563996,0.11297167092561722,0.9800994992256165,0.7737869024276733
YGL014W,YBR271W,0,-0.57615185,0.11295871436595917,0.9800994992256165,0.7738869190216064
YNL073W,YOR382W,0,-0.5764808,0.11294576525688171,0.9800994992256165,0.7739869952201843
YPL122C,YOR085W,0,-0.5765427,0.11293281614780426,0.9800994992256165,0.7740870714187622
YPL139C,YDL077C,0,-0.57659346,0.1129198670387268,0.9800994992256165,0.7741870880126953
YNL314W,YDR364C,0,-0.57665676,0.11290692538022995,0.9800994992256165,0.7742871642112732
YIL061C,YHR074W,0,-0.5770618,0.1128939837217331,0.9800994992256165,0.7743871808052063
YNL271C,YIL061C,0,-0.5772291,0.11288104206323624,0.9800994992256165,0.7744872570037842
YMR238W,YKL172W,0,-0.57733524,0.11286810785531998,0.9800994992256165,0.7745872735977173
YJL034W,YMR025W,0,-0.577341,0.11285518109798431,0.9800994992256165,0.7746873497962952
YPL011C,YMR034C,0,-0.57745713,0.11284224689006805,0.9800994992256165,0.7747873663902283
YLR394W,YMR272C,0,-0.57747525,0.11282932758331299,0.9800994992256165,0.7748874425888062
YCR060W,YGR171C,0,-0.57775605,0.11281640082597733,0.9800994992256165,0.774987518787384
YDL074C,YNL192W,0,-0.5777653,0.11280348151922226,0.9800994992256165,0.7750875353813171
YDR034C,YKL041W,0,-0.57793134,0.1127905622124672,0.9800994992256165,0.775187611579895
YML099C,YOR038C,0,-0.5782639,0.11277765035629272,0.9800994992256165,0.7752876281738281
YKL190W,YOL004W,0,-0.578698,0.11276473850011826,0.9800994992256165,0.775387704372406
YNL271C,YNL208W,0,-0.578937,0.11275183409452438,0.9800994992256165,0.7754877209663391
YHR057C,YDR371W,1,-0.57902527,0.11285338550806046,0.9810945391654968,0.7754877209663391
YFR029W,YOR311C,0,-0.57904446,0.11284046620130539,0.9810945391654968,0.775587797164917
YNR074C,YPL011C,0,-0.5791167,0.11282755434513092,0.9810945391654968,0.7756878733634949
YDR460W,YMR172W,0,-0.5796023,0.11281464248895645,0.9810945391654968,0.775787889957428
YGR199W,YER171W,0,-0.5797579,0.11280173808336258,0.9810945391654968,0.7758879661560059
YOL082W,YJR082C,0,-0.5800879,0.11278883367776871,0.9810945391654968,0.775987982749939
YER050C,YHR051W,0,-0.5800908,0.11277593672275543,0.9810945391654968,0.7760880589485168
YIL159W,YHR039C-A,0,-0.5801832,0.11276303976774216,0.9810945391654968,0.77618807554245
YGR144W,YMR075W,0,-0.5802812,0.11275014281272888,0.9810945391654968,0.7762881517410278
YDR337W,YDR444W,0,-0.5812768,0.1127372533082962,0.9810945391654968,0.7763881683349609
YKR071C,YJL171C,0,-0.58135325,0.11272436380386353,0.9810945391654968,0.7764882445335388
YDR151C,YLR088W,0,-0.5814398,0.11271147429943085,0.9810945391654968,0.7765883207321167
YER103W,YDL142C,0,-0.58158743,0.11269859224557877,0.9810945391654968,0.7766883373260498
YGL113W,YNL175C,0,-0.5815916,0.11268571764230728,0.9810945391654968,0.7767884135246277
YAR035W,YDR229W,0,-0.5817733,0.1126728355884552,0.9810945391654968,0.7768884301185608
YEL052W,YHR060W,0,-0.58191496,0.11265996098518372,0.9810945391654968,0.7769885063171387
YLR353W,YGR239C,0,-0.58208054,0.11264709383249283,0.9810945391654968,0.7770885229110718
YLR206W,YGL241W,0,-0.5825288,0.11263422667980194,0.9810945391654968,0.7771885991096497
YKR020W,YMR213W,0,-0.58258015,0.11262135952711105,0.9810945391654968,0.7772886157035828
YJL004C,YJR083C,0,-0.58305764,0.11260849982500076,0.9810945391654968,0.7773886919021606
YGL237C,YJR006W,0,-0.5831866,0.11259564012289047,0.9810945391654968,0.7774887681007385
YDR034C,YGR134W,0,-0.5831912,0.11258278042078018,0.9810945391654968,0.7775887846946716
YKL174C,YNR010W,0,-0.58331317,0.11256992816925049,0.9810945391654968,0.7776888608932495
YAL033W,YEL029C,0,-0.583506,0.1125570759177208,0.9810945391654968,0.7777888774871826
YGR281W,YLR278C,0,-0.583527,0.1125442311167717,0.9810945391654968,0.7778889536857605
YBR120C,YMR308C,0,-0.58392596,0.1125313863158226,0.9810945391654968,0.7779889702796936
YHR041C,YKR028W,0,-0.5841901,0.1125185415148735,0.9810945391654968,0.7780890464782715
YJL225C,YER125W,0,-0.5845743,0.112505704164505,0.9810945391654968,0.7781891226768494
YPR171W,YEL056W,0,-0.58462554,0.1124928668141365,0.9810945391654968,0.7782891392707825
YDR371W,YNL271C,0,-0.5846717,0.1124800369143486,0.9810945391654968,0.7783892154693604
YPL002C,YJR034W,0,-0.5847255,0.1124672070145607,0.9810945391654968,0.7784892320632935
YBR150C,YPL139C,0,-0.5850834,0.1124543771147728,0.9810945391654968,0.7785893082618713
YOL145C,YPR204W,0,-0.58510774,0.11244155466556549,0.9810945391654968,0.7786893248558044
YMR077C,YNR003C,0,-0.5851519,0.11242873221635818,0.9810945391654968,0.7787894010543823
YOR168W,YJR036C,0,-0.5856306,0.11241591721773148,0.9810945391654968,0.7788894176483154
YJL029C,YMR075W,0,-0.5857038,0.11240310221910477,0.9810945391654968,0.7789894938468933
YFR045W,YDR195W,0,-0.5861091,0.11239028722047806,0.9810945391654968,0.7790895700454712
YDR383C,YMR238W,0,-0.5861258,0.11237747967243195,0.9810945391654968,0.7791895866394043
YNL008C,YMR210W,0,-0.5866402,0.11236467212438583,0.9810945391654968,0.7792896628379822
YDR254W,YLR005W,0,-0.5870028,0.11235187202692032,0.9810945391654968,0.7793896794319153
YPR083W,YBL085W,0,-0.58711493,0.1123390644788742,0.9810945391654968,0.7794897556304932
YBR002C,YOR204W,0,-0.58727336,0.11232627183198929,0.9810945391654968,0.7795897722244263
YLR209C,YJL082W,0,-0.58750325,0.11231347173452377,0.9810945391654968,0.7796898484230042
YJR140C,YHR168W,0,-0.58757514,0.11230068653821945,0.9810945391654968,0.779789924621582
YOR025W,YKL205W,0,-0.58795834,0.11228789389133453,0.9810945391654968,0.7798899412155151
YMR061W,YDR222W,0,-0.58797306,0.11227510869503021,0.9810945391654968,0.779990017414093
YKL082C,YGL060W,0,-0.5886217,0.11226232349872589,0.9810945391654968,0.7800900340080261
YFR013W,YKL078W,0,-0.5886476,0.11224954575300217,0.9810945391654968,0.780190110206604
YGR134W,YEL029C,0,-0.5886736,0.11223676800727844,0.9810945391654968,0.7802901268005371
YGR189C,YBR301W,1,-0.58874565,0.11233781278133392,0.9820895791053772,0.7802901268005371
YER138C,YOL054W,0,-0.58887327,0.1123250275850296,0.9820895791053772,0.780390202999115
YLR165C,YLR187W,0,-0.5888761,0.11231224238872528,0.9820895791053772,0.7804902195930481
YJR092W,YDR034C,0,-0.588878,0.11229946464300156,0.9820895791053772,0.780590295791626
YGL062W,YML097C,0,-0.58896846,0.11228668689727783,0.9820895791053772,0.7806903719902039
YDL084W,YDR419W,0,-0.58911616,0.1122739166021347,0.9820895791053772,0.780790388584137
YNL044W,YLR380W,0,-0.5891376,0.11226114630699158,0.9820895791053772,0.7808904647827148
YCR093W,YBR257W,0,-0.5892649,0.11224837601184845,0.9820895791053772,0.780990481376648
YER151C,YOR145C,0,-0.58930427,0.11223561316728592,0.9820895791053772,0.7810905575752258
YKL168C,YNL238W,0,-0.5893845,0.11222285032272339,0.9820895791053772,0.7811905741691589
YLR105C,YPL083C,0,-0.5894988,0.11221009492874146,0.9820895791053772,0.7812906503677368
YJR149W,YFL013C,0,-0.58953,0.11219733953475952,0.9820895791053772,0.7813906669616699
YHR005C-A,YGR255C,0,-0.5899126,0.11218458414077759,0.9820895791053772,0.7814907431602478
YGL244W,YMR061W,0,-0.590034,0.11217183619737625,0.9820895791053772,0.7815908193588257
YER175C,YDR229W,0,-0.5902928,0.11215908825397491,0.9820895791053772,0.7816908359527588
YOR138C,YLR024C,0,-0.5904532,0.11214634776115417,0.9820895791053772,0.7817909121513367
YJR127C,YPL122C,0,-0.59080803,0.11213360726833344,0.9820895791053772,0.7818909287452698
YBR261C,YBR281C,0,-0.5908171,0.1121208667755127,0.9820895791053772,0.7819910049438477
YBR120C,YFL014W,0,-0.59118474,0.11210813373327255,0.9820895791053772,0.7820910215377808
YOR209C,YKL015W,0,-0.5912567,0.11209540069103241,0.9820895791053772,0.7821910977363586
YNL231C,YNL121C,0,-0.5916925,0.11208266764879227,0.9820895791053772,0.7822911739349365
YJL087C,YDR494W,0,-0.59172434,0.11206994205713272,0.9820895791053772,0.7823911905288696
YNL283C,YGR070W,0,-0.59181845,0.11205722391605377,0.9820895791053772,0.7824912667274475
YOR168W,YJR063W,0,-0.5918701,0.11204449832439423,0.9820895791053772,0.7825912833213806
YPR144C,YDR415C,0,-0.59209216,0.11203178018331528,0.9820895791053772,0.7826913595199585
YDR137W,YMR300C,0,-0.5922555,0.11201906949281693,0.9820895791053772,0.7827913761138916
YDR423C,YOL026C,0,-0.59230185,0.11200635135173798,0.9820895791053772,0.7828914523124695
YJL225C,YER168C,0,-0.5923342,0.11199364811182022,0.9820895791053772,0.7829914689064026
YBR002C,YHR004C,0,-0.5924285,0.11198093742132187,0.9820895791053772,0.7830915451049805
YPR182W,YLR209C,0,-0.5925246,0.11196823418140411,0.9820895791053772,0.7831916213035583
YOR147W,YNR017W,0,-0.59268016,0.11195553839206696,0.9820895791053772,0.7832916378974915
YFR045W,YJL141C,0,-0.5927191,0.1119428351521492,0.9820895791053772,0.7833917140960693
YMR227C,YDR527W,0,-0.59279245,0.11193013936281204,0.9820895791053772,0.7834917306900024
YBR066C,YMR049C,0,-0.5927966,0.11191745102405548,0.9820895791053772,0.7835918068885803
YOL111C,YDR081C,0,-0.5928003,0.11190476268529892,0.9820895791053772,0.7836918234825134
YMR061W,YJL081C,0,-0.5929132,0.11189207434654236,0.9820895791053772,0.7837918996810913
YPL042C,YDR285W,0,-0.59298575,0.1118793934583664,0.9820895791053772,0.7838919162750244
YJR040W,YIL177C,0,-0.59305054,0.11186671257019043,0.9820895791053772,0.7839919924736023
YNL127W,YHR047C,0,-0.59314567,0.11185403168201447,0.9820895791053772,0.7840920686721802
YDR453C,YMR160W,0,-0.59315825,0.1118413582444191,0.9820895791053772,0.7841920852661133
YGL169W,YFL017W-A,0,-0.5937138,0.11182868480682373,0.9820895791053772,0.7842921614646912
YOL066C,YOL043C,0,-0.5937583,0.11181601881980896,0.9820895791053772,0.7843921780586243
YMR180C,YBL052C,0,-0.5939264,0.11180335283279419,0.9820895791053772,0.7844922542572021
YFR013W,YNL283C,0,-0.59453845,0.11179068684577942,0.9820895791053772,0.7845922708511353
YLR353W,YDR173C,0,-0.594862,0.11177802830934525,0.9820895791053772,0.7846923470497131
YJL112W,YKL082C,0,-0.5948752,0.11176536977291107,0.9820895791053772,0.784792423248291
YDR310C,YJL176C,0,-0.59518373,0.1117527186870575,0.9820895791053772,0.7848924398422241
YBR115C,YBL034C,0,-0.5953752,0.11174006760120392,0.9820895791053772,0.784992516040802
YJR092W,YGR281W,0,-0.5954191,0.11172741651535034,0.9820895791053772,0.7850925326347351
YNL231C,YOL090W,0,-0.59543824,0.11171477288007736,0.9820895791053772,0.785192608833313
YKR019C,YLR344W,0,-0.5954406,0.11170212924480438,0.9820895791053772,0.7852926254272461
YLR028C,YOL062C,0,-0.5957981,0.1116894856095314,0.9820895791053772,0.785392701625824
YLR129W,YDR364C,0,-0.5958734,0.11167684942483902,0.9820895791053772,0.7854927182197571
YOR304C-A,YNL138W,0,-0.5959024,0.11166421324014664,0.9820895791053772,0.785592794418335
YLR447C,YGR225W,0,-0.59644544,0.11165158450603485,0.9820895791053772,0.7856928706169128
YOL145C,YMR099C,0,-0.59644675,0.11163895577192307,0.9820895791053772,0.785792887210846
YOL155C,YKL157W,1,-0.5965101,0.11173942685127258,0.9830845594406128,0.785792887210846
YLR353W,YML109W,0,-0.59662414,0.1117267906665802,0.9830845594406128,0.7858929634094238
YER050C,YBR150C,0,-0.5968599,0.11171415448188782,0.9830845594406128,0.7859929800033569
YJL011C,YGR252W,0,-0.5970318,0.11170152574777603,0.9830845594406128,0.7860930562019348
YDR457W,YBL089W,0,-0.5970805,0.11168889701366425,0.9830845594406128,0.7861930727958679
YML006C,YBR026C,0,-0.5971913,0.11167627573013306,0.9830845594406128,0.7862931489944458
YEL062W,YPL096W,0,-0.5972061,0.11166365444660187,0.9830845594406128,0.7863932251930237
YER013W,YDL021W,0,-0.597277,0.11165103316307068,0.9830845594406128,0.7864932417869568
YDR131C,YBR222C,0,-0.597364,0.11163841933012009,0.9830845594406128,0.7865933179855347
YER175C,YMR250W,0,-0.5975116,0.1116258054971695,0.9830845594406128,0.7866933345794678
YDR332W,YDR497C,0,-0.59752077,0.1116131916642189,0.9830845594406128,0.7867934107780457
YPL134C,YAL029C,0,-0.59819245,0.11160058528184891,0.9830845594406128,0.7868934273719788
YJL066C,YDR173C,0,-0.59828,0.11158798635005951,0.9830845594406128,0.7869935035705566
YPL112C,YNL006W,0,-0.5983766,0.11157537996768951,0.9830845594406128,0.7870935201644897
YBR287W,YJL149W,0,-0.59875035,0.11156278103590012,0.9830845594406128,0.7871935963630676
YPR171W,YDR164C,0,-0.598795,0.11155018955469131,0.9830845594406128,0.7872936725616455
YLR183C,YAR031W,0,-0.5991122,0.11153759062290192,0.9830845594406128,0.7873936891555786
YCR014C,YMR179W,0,-0.5992015,0.11152499914169312,0.9830845594406128,0.7874937653541565
YCR011C,YER115C,0,-0.599364,0.11151241511106491,0.9830845594406128,0.7875937819480896
YLR440C,YER137C,0,-0.59962773,0.1114998310804367,0.9830845594406128,0.7876938581466675
YLR244C,YNL230C,0,-0.59978694,0.1114872470498085,0.9830845594406128,0.7877938747406006
YLR105C,YCR052W,0,-0.60067505,0.1114746704697609,0.9830845594406128,0.7878939509391785
YBR287W,YOR219C,0,-0.60067785,0.11146209388971329,0.9830845594406128,0.7879939675331116
YOR074C,YOR085W,0,-0.60079426,0.11144951730966568,0.9830845594406128,0.7880940437316895
YFL001W,YKL095W,0,-0.6008579,0.11143694818019867,0.9830845594406128,0.7881941199302673
YNL223W,YPL131W,0,-0.6009598,0.11142437905073166,0.9830845594406128,0.7882941365242004
YLR080W,YLR113W,0,-0.6010139,0.11141181737184525,0.9830845594406128,0.7883942127227783
YNL232W,YPL096W,0,-0.6015596,0.11139925569295883,0.9830845594406128,0.7884942293167114
YPR001W,YGL051W,0,-0.6016956,0.11138669401407242,0.9830845594406128,0.7885943055152893
YNL282W,YJL024C,0,-0.6017516,0.1113741397857666,0.9830845594406128,0.7886943221092224
YEL053C,YFL013C,0,-0.60177535,0.11136158555746078,0.9830845594406128,0.7887943983078003
YPR113W,YKR026C,0,-0.6018018,0.11134903877973557,0.9830845594406128,0.7888944745063782
YDL217C,YNL110C,0,-0.6019574,0.11133649200201035,0.9830845594406128,0.7889944911003113
YBR115C,YKL203C,0,-0.60240084,0.11132394522428513,0.9830845594406128,0.7890945672988892
YGL026C,YKL210W,0,-0.60256124,0.1113113984465599,0.9830845594406128,0.7891945838928223
YNL008C,YDR530C,0,-0.6026088,0.11129885911941528,0.9830845594406128,0.7892946600914001
YDR131C,YBL026W,0,-0.60267514,0.11128632724285126,0.9830845594406128,0.7893946766853333
YLR219W,YOL107W,0,-0.60287637,0.11127379536628723,0.9830845594406128,0.7894947528839111
YDR205W,YPR163C,0,-0.6029505,0.1112612634897232,0.9830845594406128,0.7895947694778442
YDL074C,YOR008C,0,-0.6032121,0.11124873161315918,0.9830845594406128,0.7896948456764221
YCR046C,YGR222W,0,-0.60324454,0.11123620718717575,0.9830845594406128,0.789794921875
YML049C,YNL006W,0,-0.6034864,0.11122368276119232,0.9830845594406128,0.7898949384689331
YKL190W,YKR102W,0,-0.60366714,0.11121116578578949,0.9830845594406128,0.789995014667511
YDL029W,YJL192C,0,-0.60422117,0.11119864881038666,0.9830845594406128,0.7900950312614441
YDR144C,YMR172W,0,-0.60433984,0.11118613183498383,0.9830845594406128,0.790195107460022
YMR241W,YER049W,0,-0.60456604,0.11117362231016159,0.9830845594406128,0.7902951240539551
YMR013C,YOL102C,0,-0.60475796,0.11116111278533936,0.9830845594406128,0.790395200252533
YGR189C,YIL162W,1,-0.60497075,0.11126110702753067,0.9840795993804932,0.790395200252533
YLR107W,YMR238W,0,-0.6053272,0.11124859750270844,0.9840795993804932,0.7904952764511108
YJR057W,YKR054C,0,-0.605424,0.1112360805273056,0.9840795993804932,0.790595293045044
YOR324C,YGL233W,0,-0.60544074,0.11122357100248337,0.9840795993804932,0.7906953692436218
YDL202W,YHR004C,0,-0.6055867,0.11121106147766113,0.9840795993804932,0.7907953858375549
YKL205W,YGL174W,0,-0.60567015,0.1111985594034195,0.9840795993804932,0.7908954620361328
YBR278W,YKR101W,0,-0.60571283,0.11118605732917786,0.9840795993804932,0.7909954786300659
YDR240C,YPR152C,0,-0.6057675,0.11117356270551682,0.9840795993804932,0.7910955548286438
YKL171W,YDR369C,0,-0.6059421,0.11116106808185577,0.9840795993804932,0.7911955714225769
YDR205W,YLR330W,0,-0.6060613,0.11114857345819473,0.9840795993804932,0.7912956476211548
YNR021W,YBR074W,0,-0.6061505,0.11113608628511429,0.9840795993804932,0.7913957238197327
YBR202W,YCR014C,0,-0.60629445,0.11112359911203384,0.9840795993804932,0.7914957404136658
YMR077C,YFR036W,0,-0.6068372,0.1111111119389534,0.9840795993804932,0.7915958166122437
YGL237C,YKL022C,0,-0.6071945,0.11109863221645355,0.9840795993804932,0.7916958332061768
YDR351W,YDR081C,0,-0.60753757,0.1110861524939537,0.9840795993804932,0.7917959094047546
YDR034C,YFR052W,0,-0.60757995,0.11107367277145386,0.9840795993804932,0.7918959259986877
YLR353W,YNL110C,0,-0.6075935,0.1110612004995346,0.9840795993804932,0.7919960021972656
YBR002C,YPL213W,0,-0.6076992,0.11104872822761536,0.9840795993804932,0.7920960187911987
YBR276C,YBL052C,0,-0.6078519,0.1110362634062767,0.9840795993804932,0.7921960949897766
YKL094W,YNL259C,0,-0.6078661,0.11102379858493805,0.9840795993804932,0.7922961711883545
YNL309W,YNL284C,0,-0.6081709,0.1110113337635994,0.9840795993804932,0.7923961877822876
YHR060W,YKL067W,0,-0.60825,0.11099887639284134,0.9840795993804932,0.7924962639808655
YMR019W,YJL103C,0,-0.6082759,0.11098641902208328,0.9840795993804932,0.7925962805747986
YER098W,YOL151W,0,-0.60866755,0.11097396910190582,0.9840795993804932,0.7926963567733765
YOR291W,YLR151C,0,-0.6088399,0.11096151918172836,0.9840795993804932,0.7927963733673096
YGL244W,YBR026C,0,-0.60909647,0.1109490692615509,0.9840795993804932,0.7928964495658875
YMR013C,YLR208W,0,-0.6091994,0.11093662679195404,0.9840795993804932,0.7929965257644653
YDL061C,YOR275C,0,-0.60925,0.11092418432235718,0.9840795993804932,0.7930965423583984
YOL004W,YDR472W,0,-0.609543,0.11091174185276031,0.9840795993804932,0.7931966185569763
YMR168C,YOL102C,0,-0.6096371,0.11089930683374405,0.9840795993804932,0.7932966351509094
YIL159W,YMR193W,0,-0.60973084,0.11088687181472778,0.9840795993804932,0.7933967113494873
YDR164C,YDR222W,0,-0.60974497,0.11087443679571152,0.9840795993804932,0.7934967279434204
YLR404W,YGL071W,0,-0.60993934,0.11086200922727585,0.9840795993804932,0.7935968041419983
YEL037C,YDR109C,0,-0.6099641,0.11084958165884018,0.9840795993804932,0.7936968207359314
YIL061C,YCR011C,0,-0.6100293,0.11083716154098511,0.9840795993804932,0.7937968969345093
YOR274W,YJR133W,0,-0.61025614,0.11082474142313004,0.9840795993804932,0.7938969731330872
YOR297C,YJL134W,0,-0.61052096,0.11081232130527496,0.9840795993804932,0.7939969897270203
YNL236W,YEL030W,0,-0.61073065,0.11079990863800049,0.9840795993804932,0.7940970659255981
YLR429W,YOR089C,0,-0.61119384,0.11078749597072601,0.9840795993804932,0.7941970825195312
YGL062W,YOR219C,0,-0.61143607,0.11077509075403214,0.9840795993804932,0.7942971587181091
YKL163W,YLR040C,1,-0.6117684,0.11087467521429062,0.9850746393203735,0.7942971587181091
YKR071C,YNL309W,0,-0.6118177,0.11086226254701614,0.9850746393203735,0.7943971753120422
YDR414C,YER013W,0,-0.6118261,0.11084984987974167,0.9850746393203735,0.7944972515106201
YDR419W,YPL167C,0,-0.6118342,0.1108374372124672,0.9850746393203735,0.794597327709198
YPL213W,YMR136W,0,-0.6122932,0.11082503199577332,0.9850746393203735,0.7946973443031311
YEL037C,YNL298W,0,-0.61293566,0.11081262677907944,0.9850746393203735,0.794797420501709
YBL076C,YNL016W,0,-0.6130723,0.11080022156238556,0.9850746393203735,0.7948974370956421
YPL042C,YJL060W,0,-0.61330575,0.11078782379627228,0.9850746393203735,0.79499751329422
YDR512C,YBR061C,0,-0.61385363,0.110775426030159,0.9850746393203735,0.7950975298881531
YIL135C,YDR369C,0,-0.61419517,0.11076303571462631,0.9850746393203735,0.795197606086731
YDR351W,YLR141W,0,-0.6146807,0.11075064539909363,0.9850746393203735,0.7952976226806641
YGL236C,YBR141C,0,-0.6147217,0.11073825508356094,0.9850746393203735,0.7953976988792419
YGL244W,YLL004W,0,-0.61498374,0.11072587221860886,0.9850746393203735,0.7954977750778198
YLR206W,YNL262W,0,-0.61503345,0.11071348935365677,0.9850746393203735,0.7955977916717529
YNR021W,YNL309W,0,-0.6151237,0.11070110648870468,0.9850746393203735,0.7956978678703308
YMR168C,YML097C,0,-0.6151586,0.11068873107433319,0.9850746393203735,0.7957978844642639
YGR238C,YLL043W,0,-0.61543244,0.1106763556599617,0.9850746393203735,0.7958979606628418
YCR026C,YNL239W,0,-0.6154805,0.11066398024559021,0.9850746393203735,0.7959979772567749
YOL151W,YDL225W,0,-0.6155692,0.11065161228179932,0.9850746393203735,0.7960980534553528
YPL150W,YBR129C,0,-0.6164699,0.11063925176858902,0.9850746393203735,0.7961980700492859
YML097C,YLR383W,0,-0.6166784,0.11062688380479813,0.9850746393203735,0.7962981462478638
YOL155C,YGR179C,0,-0.61677456,0.11061452329158783,0.9850746393203735,0.7963982224464417
YLR268W,YMR200W,0,-0.61708915,0.11060217022895813,0.9850746393203735,0.7964982390403748
YGR252W,YNR010W,0,-0.6172922,0.11058980971574783,0.9850746393203735,0.7965983152389526
YGL068W,YCR002C,0,-0.61730784,0.11057745665311813,0.9850746393203735,0.7966983318328857
YDR389W,YOR215C,0,-0.6174407,0.11056511104106903,0.9850746393203735,0.7967984080314636
YOL057W,YOR311C,0,-0.61750203,0.11055276542901993,0.9850746393203735,0.7968984246253967
YKR055W,YOR219C,0,-0.617631,0.11054041981697083,0.9850746393203735,0.7969985008239746
YIL159W,YLL027W,0,-0.6180593,0.11052808165550232,0.9850746393203735,0.7970985770225525
YBR260C,YOL052C,0,-0.61816865,0.11051574349403381,0.9850746393203735,0.7971985936164856
YMR112C,YNR044W,0,-0.61825925,0.11050340533256531,0.9850746393203735,0.7972986698150635
YLR383W,YER168C,0,-0.61829865,0.1104910746216774,0.9850746393203735,0.7973986864089966
YER138C,YHR058C,0,-0.6184222,0.11047874391078949,0.9850746393203735,0.7974987626075745
YJR021C,YIL135C,0,-0.61845404,0.11046641319990158,0.9850746393203735,0.7975987792015076
YML071C,YJR133W,0,-0.6185546,0.11045408993959427,0.9850746393203735,0.7976988554000854
YOR310C,YMR269W,0,-0.61858785,0.11044176667928696,0.9850746393203735,0.7977988719940186
YNL044W,YOR338W,0,-0.61861664,0.11042945086956024,0.9850746393203735,0.7978989481925964
YDR383C,YOR106W,0,-0.61871743,0.11041713505983353,0.9850746393203735,0.7979990243911743
YMR186W,YOR008C,0,-0.6189095,0.11040481925010681,0.9850746393203735,0.7980990409851074
YLR005W,YKL130C,0,-0.6202001,0.1103925034403801,0.9850746393203735,0.7981991171836853
YNL073W,YBR074W,0,-0.6202662,0.11038019508123398,0.9850746393203735,0.7982991337776184
YLR440C,YDL021W,0,-0.62026656,0.11036789417266846,0.9850746393203735,0.7983992099761963
YPR072W,YGR185C,0,-0.62042516,0.11035559326410294,0.9850746393203735,0.7984992265701294
YNR067C,YDR140W,0,-0.62042964,0.11034329235553741,0.9850746393203735,0.7985993027687073
YOL145C,YOR194C,0,-0.6204557,0.1103309914469719,0.9850746393203735,0.7986993789672852
YNL050C,YCL008C,0,-0.62072146,0.11031869798898697,0.9850746393203735,0.7987993955612183
YJL128C,YGR185C,0,-0.62078965,0.11030640453100204,0.9850746393203735,0.7988994717597961
YDL170W,YOL108C,0,-0.62086964,0.11029411852359772,0.9850746393203735,0.7989994883537292
YAR035W,YOL062C,0,-0.62116176,0.11028183251619339,0.9850746393203735,0.7990995645523071
YOL082W,YBL085W,0,-0.62189215,0.11026954650878906,0.9850746393203735,0.7991995811462402
YDR423C,YGR070W,0,-0.62202924,0.11025726795196533,0.9850746393203735,0.7992996573448181
YOL151W,YCR046C,0,-0.6221716,0.1102449893951416,0.9850746393203735,0.7993996739387512
YMR227C,YOR148C,0,-0.6222241,0.11023271083831787,0.9850746393203735,0.7994997501373291
YBR230C,YLL043W,0,-0.6225706,0.11022043973207474,0.9850746393203735,0.799599826335907
YJL011C,YPL099C,0,-0.623097,0.1102081686258316,0.9850746393203735,0.7996998429298401
YNL302C,YGR134W,0,-0.6236007,0.11019590497016907,0.9850746393203735,0.799799919128418
YMR227C,YCR002C,0,-0.62369394,0.11018364131450653,0.9850746393203735,0.7998999357223511
YOR279C,YGR199W,0,-0.6237944,0.110171377658844,0.9850746393203735,0.800000011920929
YAL033W,YDL171C,0,-0.62382954,0.11015912145376205,0.9850746393203735,0.8001000285148621
YGR180C,YJR034W,0,-0.62389684,0.11014686524868011,0.9850746393203735,0.8002001047134399
YPL213W,YCL057W,0,-0.62454754,0.11013460904359818,0.9850746393203735,0.800300121307373
YML112W,YGR084C,0,-0.6246006,0.11012236028909683,0.9850746393203735,0.8004001975059509
YNL271C,YOR261C,0,-0.6246713,0.11011011153459549,0.9850746393203735,0.8005002737045288
YMR176W,YOR089C,0,-0.62556,0.11009786278009415,0.9850746393203735,0.8006002902984619
YBR006W,YDR404C,0,-0.62588006,0.1100856214761734,0.9850746393203735,0.8007003664970398
YPL110C,YKL172W,0,-0.6259128,0.11007338017225266,0.9850746393203735,0.8008003830909729
YOR194C,YMR159C,0,-0.625923,0.1100611463189125,0.9850746393203735,0.8009004592895508
YIR038C,YFL048C,0,-0.6259323,0.11004891246557236,0.9850746393203735,0.8010004758834839
YLR312W-A,YKR101W,0,-0.62622195,0.11003667861223221,0.9850746393203735,0.8011005520820618
YMR169C,YCL032W,0,-0.6262248,0.11002445220947266,0.9850746393203735,0.8012006282806396
YLR163C,YFR052W,0,-0.6265735,0.1100122258067131,0.9850746393203735,0.8013006448745728
YCL057W,YHR008C,0,-0.6267094,0.10999999940395355,0.9850746393203735,0.8014007210731506
YNL010W,YMR061W,0,-0.62676275,0.1099877804517746,0.9850746393203735,0.8015007376670837
YCR057C,YML049C,0,-0.6268912,0.10997556149959564,0.9850746393203735,0.8016008138656616
YBR202W,YDL111C,0,-0.62714994,0.10996334254741669,0.9850746393203735,0.8017008304595947
YDR429C,YAL040C,0,-0.627217,0.10995113104581833,0.9850746393203735,0.8018009066581726
YOL158C,YGR271W,0,-0.6273053,0.10993891954421997,0.9850746393203735,0.8019009232521057
YPR111W,YLR183C,0,-0.6273689,0.10992671549320221,0.9850746393203735,0.8020009994506836
YOR126C,YKL001C,0,-0.62757164,0.10991451144218445,0.9850746393203735,0.8021010756492615
YAR002C-A,YNL163C,0,-0.6277409,0.10990230739116669,0.9850746393203735,0.8022010922431946
YGR105W,YLR088W,0,-0.62826467,0.10989011079072952,0.9850746393203735,0.8023011684417725
YLR141W,YNL307C,0,-0.628351,0.10987791419029236,0.9850746393203735,0.8024011850357056
YGR081C,YMR193W,0,-0.6289442,0.1098657175898552,0.9850746393203735,0.8025012612342834
YIL046W,YBL034C,0,-0.6292999,0.10985352843999863,0.9850746393203735,0.8026012778282166
YHR135C,YJR112W,0,-0.6294119,0.10984133929014206,0.9850746393203735,0.8027013540267944
YNL127W,YKL007W,0,-0.6294288,0.10982915759086609,0.9850746393203735,0.8028014302253723
YNL261W,YNL290W,0,-0.6296178,0.10981696844100952,0.9850746393203735,0.8029014468193054
YBR042C,YHR085W,0,-0.6298709,0.10980479419231415,0.9850746393203735,0.8030015230178833
YPR011C,YER019C-A,0,-0.62987524,0.10979261249303818,0.9850746393203735,0.8031015396118164
YLR383W,YGR084C,0,-0.6299018,0.1097804382443428,0.9850746393203735,0.8032016158103943
YNL267W,YBR115C,0,-0.6300761,0.10976826399564743,0.9850746393203735,0.8033016324043274
YNL160W,YDL197C,0,-0.63035035,0.10975609719753265,0.9850746393203735,0.8034017086029053
YDR494W,YDR470C,0,-0.6308799,0.10974393039941788,0.9850746393203735,0.8035017251968384
YMR146C,YDR449C,0,-0.630931,0.1097317636013031,0.9850746393203735,0.8036018013954163
YDL202W,YGL233W,0,-0.6311306,0.10971960425376892,0.9850746393203735,0.8037018775939941
YGL094C,YGR271W,0,-0.6316373,0.10970744490623474,0.9850746393203735,0.8038018941879272
YDR131C,YLR151C,0,-0.631825,0.10969529300928116,0.9850746393203735,0.8039019703865051
YGR056W,YDR460W,0,-0.63183385,0.10968314111232758,0.9850746393203735,0.8040019869804382
YOR304C-A,YJR133W,0,-0.63204074,0.10967098921537399,0.9850746393203735,0.8041020631790161
YAL016W,YPL196W,0,-0.6327626,0.10965883731842041,0.9850746393203735,0.8042020797729492
YGR189C,YGL089C,1,-0.63277256,0.1097574457526207,0.9860696792602539,0.8042020797729492
YGL203C,YNL307C,0,-0.63312894,0.10974529385566711,0.9860696792602539,0.8043021559715271
YEL052W,YJR040W,0,-0.63382465,0.10973314195871353,0.9860696792602539,0.8044021725654602
YGR281W,YOR126C,0,-0.63398075,0.10972099006175995,0.9860696792602539,0.8045022487640381
YGL186C,YPR091C,0,-0.6347523,0.10970884561538696,0.9860696792602539,0.804602324962616
YDR030C,YDL202W,0,-0.6353467,0.10969670116901398,0.9860696792602539,0.8047023415565491
YOR274W,YGL004C,0,-0.6354832,0.10968455672264099,0.9860696792602539,0.804802417755127
YOL038W,YNL026W,0,-0.6355435,0.1096724197268486,0.9860696792602539,0.8049024343490601
YPL151C,YER022W,0,-0.6358101,0.10966028273105621,0.9860696792602539,0.8050025105476379
YGL158W,YDR140W,0,-0.6361481,0.10964815318584442,0.9860696792602539,0.805102527141571
YDL128W,YDR173C,0,-0.63626814,0.10963602364063263,0.9860696792602539,0.8052026033401489
YCR030C,YOL093W,0,-0.6365031,0.10962389409542084,0.9860696792602539,0.8053026795387268
YNL223W,YLR073C,0,-0.63661367,0.10961177200078964,0.9860696792602539,0.8054026961326599
YER008C,YGR276C,0,-0.6371009,0.10959964245557785,0.9860696792602539,0.8055027723312378
YNL110C,YFR001W,0,-0.63723373,0.10958752781152725,0.9860696792602539,0.8056027889251709
YOR323C,YKL203C,0,-0.6375175,0.10957540571689606,0.9860696792602539,0.8057028651237488
YFR013W,YDR423C,0,-0.6375864,0.10956329107284546,0.9860696792602539,0.8058028817176819
YKL020C,YKL165C,0,-0.63761455,0.10955118387937546,0.9860696792602539,0.8059029579162598
YIL021W,YJL085W,0,-0.6379786,0.10953907668590546,0.9860696792602539,0.8060029745101929
YMR114C,YBR096W,0,-0.63813275,0.10952696949243546,0.9860696792602539,0.8061030507087708
YER087W,YDL040C,0,-0.63885075,0.10951486229896545,0.9860696792602539,0.8062031269073486
YPR024W,YJL024C,0,-0.6389207,0.10950276255607605,0.9860696792602539,0.8063031435012817
YIL142W,YBR223C,0,-0.63903415,0.10949066281318665,0.9860696792602539,0.8064032196998596
YNL153C,YIL135C,0,-0.6390862,0.10947857052087784,0.9860696792602539,0.8065032362937927
YAL033W,YDL206W,0,-0.6391684,0.10946647822856903,0.9860696792602539,0.8066033124923706
YNL050C,YFL017W-A,0,-0.6392012,0.10945438593626022,0.9860696792602539,0.8067033290863037
YPL273W,YKR026C,0,-0.63993204,0.10944229364395142,0.9860696792602539,0.8068034052848816
YKL078W,YPL129W,0,-0.6402369,0.1094302088022232,0.9860696792602539,0.8069034814834595
YMR061W,YJL134W,0,-0.64062995,0.10941813141107559,0.9860696792602539,0.8070034980773926
YBR125C,YLR187W,0,-0.6407239,0.10940604656934738,0.9860696792602539,0.8071035742759705
YMR146C,YGR177C,0,-0.64079684,0.10939396917819977,0.9860696792602539,0.8072035908699036
YLL027W,YCL034W,0,-0.640904,0.10938189923763275,0.9860696792602539,0.8073036670684814
YIL006W,YGR185C,0,-0.64095205,0.10936982929706573,0.9860696792602539,0.8074036836624146
YJL103C,YOR226C,0,-0.6409665,0.10935775935649872,0.9860696792602539,0.8075037598609924
YMR203W,YOR299W,0,-0.6410515,0.1093456894159317,0.9860696792602539,0.8076037764549255
YJR149W,YGL225W,0,-0.64110523,0.10933362692594528,0.9860696792602539,0.8077038526535034
YIL132C,YGL060W,0,-0.64124566,0.10932156443595886,0.9860696792602539,0.8078039288520813
YBR230C,YAL029C,0,-0.6414487,0.10930950939655304,0.9860696792602539,0.8079039454460144
YPL083C,YMR172W,0,-0.6415244,0.10929745435714722,0.9860696792602539,0.8080040216445923
YCL032W,YNL259C,0,-0.64175963,0.1092853993177414,0.9860696792602539,0.8081040382385254
YAL063C,YDR131C,0,-0.64212257,0.10927335172891617,0.9860696792602539,0.8082041144371033
YDR170C,YDR159W,0,-0.6422201,0.10926130414009094,0.9860696792602539,0.8083041310310364
YPL099C,YDR404C,0,-0.6422806,0.10924925655126572,0.9860696792602539,0.8084042072296143
YLR163C,YOR162C,0,-0.64240247,0.10923721641302109,0.9860696792602539,0.8085042238235474
YNL231C,YLR228C,0,-0.642461,0.10922517627477646,0.9860696792602539,0.8086043000221252
YMR033W,YML030W,0,-0.64255375,0.10921313613653183,0.9860696792602539,0.8087043762207031
YGR268C,YNL230C,0,-0.6425607,0.1092011034488678,0.9860696792602539,0.8088043928146362
YGL068W,YJL172W,0,-0.6426696,0.10918907076120377,0.9860696792602539,0.8089044690132141
YJR127C,YKL061W,0,-0.6427092,0.10917703807353973,0.9860696792602539,0.8090044856071472
YDR306C,YFR036W,0,-0.64291096,0.1091650128364563,0.9860696792602539,0.8091045618057251
YCL024W,YMR295C,0,-0.6429211,0.10915298759937286,0.9860696792602539,0.8092045783996582
YBR274W,YOR275C,0,-0.64338917,0.10914096981287003,0.9860696792602539,0.8093046545982361
YNL192W,YDR262W,0,-0.6436603,0.10912895202636719,0.9860696792602539,0.809404730796814
YPR144C,YDL121C,0,-0.64389795,0.10911693423986435,0.9860696792602539,0.8095047473907471
YOR292C,YGR255C,0,-0.6442438,0.10910492390394211,0.9860696792602539,0.809604823589325
YJL149W,YHR057C,0,-0.64487296,0.10909291356801987,0.9860696792602539,0.8097048401832581
YJR055W,YKR008W,0,-0.6449922,0.10908090323209763,0.9860696792602539,0.8098049163818359
YER154W,YFL001W,0,-0.64501256,0.10906890034675598,0.9860696792602539,0.809904932975769
YDR411C,YKL003C,0,-0.6451254,0.10905689746141434,0.9860696792602539,0.8100050091743469
YPL139C,YNL084C,0,-0.64555705,0.10904489457607269,0.9860696792602539,0.81010502576828
YCL008C,YFR036W,0,-0.6456853,0.10903289914131165,0.9860696792602539,0.8102051019668579
YMR228W,YMR099C,0,-0.6457563,0.1090209037065506,0.9860696792602539,0.8103051781654358
YPR011C,YOR275C,0,-0.64600277,0.10900890827178955,0.9860696792602539,0.8104051947593689
YCL018W,YKL130C,0,-0.6460517,0.1089969202876091,0.9860696792602539,0.8105052709579468
YDR079W,YNL223W,0,-0.64606524,0.10898493230342865,0.9860696792602539,0.8106052875518799
YKL165C,YPL273W,0,-0.6464107,0.1089729517698288,0.9860696792602539,0.8107053637504578
YOR304W,YHR060W,0,-0.6467269,0.10896097123622894,0.9860696792602539,0.8108053803443909
YJL103C,YOR251C,0,-0.64686483,0.10894899070262909,0.9860696792602539,0.8109054565429688
YGR171C,YNR018W,0,-0.64709145,0.10893701016902924,0.9860696792602539,0.8110054731369019
YBL041W,YOR292C,0,-0.64733803,0.10892503708600998,0.9860696792602539,0.8111055493354797
YDR207C,YKL096W-A,0,-0.64790493,0.10891306400299072,0.9860696792602539,0.8112056255340576
YGL010W,YLR151C,0,-0.6481284,0.10890109837055206,0.9860696792602539,0.8113056421279907
YBR195C,YPL244C,0,-0.6483555,0.1088891327381134,0.9860696792602539,0.8114057183265686
YIR025W,YMR065W,0,-0.6484485,0.10887716710567474,0.9860696792602539,0.8115057349205017
YKR008W,YMR304W,0,-0.6485046,0.10886520892381668,0.9860696792602539,0.8116058111190796
YNL298W,YDR260C,0,-0.64877564,0.10885325074195862,0.9860696792602539,0.8117058277130127
YOR216C,YLL027W,0,-0.64931905,0.10884129256010056,0.9860696792602539,0.8118059039115906
YLR228C,YGR271W,0,-0.6494851,0.10882934182882309,0.9860696792602539,0.8119059801101685
YKL174C,YMR270C,0,-0.6501596,0.10881739109754562,0.9860696792602539,0.8120059967041016
YKL144C,YDL047W,0,-0.6504229,0.10880544781684875,0.9860696792602539,0.8121060729026794
YLR289W,YHR039C-A,0,-0.65056235,0.10879350453615189,0.9860696792602539,0.8122060894966125
YMR005W,YDR454C,0,-0.65070355,0.10878156125545502,0.9860696792602539,0.8123061656951904
YGR095C,YAR031W,0,-0.65071005,0.10876961797475815,0.9860696792602539,0.8124061822891235
YGR251W,YKL082C,0,-0.65136135,0.10875768214464188,0.9860696792602539,0.8125062584877014
YMR301C,YAL029C,0,-0.6515822,0.1087457463145256,0.9860696792602539,0.8126062750816345
YOR298W,YLR389C,0,-0.65161496,0.10873381793498993,0.9860696792602539,0.8127063512802124
YLR314C,YBR096W,0,-0.65161616,0.10872188955545425,0.9860696792602539,0.8128064274787903
YPR035W,YOR299W,0,-0.65182,0.10870996117591858,0.9860696792602539,0.8129064440727234
YPR091C,YDR332W,0,-0.6518392,0.1086980402469635,0.9860696792602539,0.8130065202713013
YKL161C,YGL203C,0,-0.6519903,0.10868611186742783,0.9860696792602539,0.8131065368652344
YOR176W,YFL054C,0,-0.6522416,0.10867419838905334,0.9860696792602539,0.8132066130638123
YNL271C,YPR035W,0,-0.65225095,0.10866227746009827,0.9860696792602539,0.8133066296577454
YOR275C,YLR088W,0,-0.6522635,0.10865036398172379,0.9860696792602539,0.8134067058563232
YGR271W,YNL284C,0,-0.6528338,0.1086384579539299,0.9860696792602539,0.8135067820549011
YMR077C,YER090W,0,-0.6529421,0.10862655192613602,0.9860696792602539,0.8136067986488342
YGL014W,YBR172C,0,-0.6533391,0.10861464589834213,0.9860696792602539,0.8137068748474121
YOR209C,YKL095W,0,-0.65336996,0.10860273987054825,0.9860696792602539,0.8138068914413452
YDL170W,YDL040C,0,-0.6535489,0.10859084129333496,0.9860696792602539,0.8139069676399231
YOL043C,YGL190C,0,-0.65358144,0.10857894271612167,0.9860696792602539,0.8140069842338562
YOL066C,YJL029C,0,-0.6536922,0.10856704413890839,0.9860696792602539,0.8141070604324341
YPR198W,YER046W,0,-0.6538561,0.1085551530122757,0.9860696792602539,0.8142070770263672
YHR209W,YOR123C,0,-0.6543649,0.108543261885643,0.9860696792602539,0.8143071532249451
YDR167W,YAR002C-A,0,-0.6544718,0.10853137820959091,0.9860696792602539,0.814407229423523
YKL126W,YIL135C,0,-0.65459853,0.10851949453353882,0.9860696792602539,0.814507246017456
YER138C,YDR364C,0,-0.654746,0.10850761085748672,0.9860696792602539,0.8146073222160339
YPR162C,YDR083W,0,-0.6548501,0.10849572718143463,0.9860696792602539,0.814707338809967
YJL134W,YOR038C,0,-0.6553599,0.10848385095596313,0.9860696792602539,0.8148074150085449
YJR107W,YOR261C,0,-0.65537816,0.10847198218107224,0.9860696792602539,0.814907431602478
YER103W,YLR187W,0,-0.655549,0.10846010595560074,0.9860696792602539,0.8150075078010559
YNL307C,YBR141C,0,-0.6555529,0.10844823718070984,0.9860696792602539,0.815107524394989
YOL093W,YDR222W,0,-0.6561068,0.10843636840581894,0.9860696792602539,0.8152076005935669
YOR297C,YOL038W,0,-0.65619224,0.10842450708150864,0.9860696792602539,0.8153076767921448
YGR221C,YDR473C,0,-0.6562514,0.10841264575719833,0.9860696792602539,0.8154076933860779
YGL068W,YGL113W,0,-0.6564601,0.10840078443288803,0.9860696792602539,0.8155077695846558
YHR012W,YEL062W,0,-0.6565017,0.10838893055915833,0.9860696792602539,0.8156077861785889
YOR287C,YKL020C,0,-0.6567928,0.10837707668542862,0.9860696792602539,0.8157078623771667
YHR059W,YDR369C,0,-0.65720004,0.10836523026227951,0.9860696792602539,0.8158078789710999
YDR454C,YBR031W,0,-0.657224,0.1083533763885498,0.9860696792602539,0.8159079551696777
YNR006W,YKL206C,0,-0.6576057,0.1083415299654007,0.9860696792602539,0.8160080313682556
YKL096W-A,YNL230C,0,-0.65760857,0.10832969099283218,0.9860696792602539,0.8161080479621887
YHR047C,YDL077C,0,-0.6580581,0.10831785202026367,0.9860696792602539,0.8162081241607666
YJL066C,YPL011C,0,-0.65863556,0.10830601304769516,0.9860696792602539,0.8163081407546997
YMR276W,YBR275C,0,-0.6586462,0.10829417407512665,0.9860696792602539,0.8164082169532776
YPR011C,YDR508C,0,-0.6587305,0.10828234255313873,0.9860696792602539,0.8165082335472107
YIL076W,YDL170W,0,-0.6592285,0.10827051103115082,0.9860696792602539,0.8166083097457886
YNL032W,YLR047C,0,-0.6595052,0.1082586869597435,0.9860696792602539,0.8167083263397217
YLR394W,YHR109W,0,-0.65958387,0.10824686288833618,0.9860696792602539,0.8168084025382996
YJR053W,YMR296C,0,-0.65966445,0.10823503881692886,0.9860696792602539,0.8169084787368774
YHR164C,YLL055W,0,-0.659729,0.10822321474552155,0.9860696792602539,0.8170084953308105
YPL087W,YDR337W,0,-0.65975136,0.10821139812469482,0.9860696792602539,0.8171085715293884
YFR031C,YHL027W,0,-0.6598844,0.1081995815038681,0.9860696792602539,0.8172085881233215
YGR095C,YPR198W,0,-0.65991086,0.10818777233362198,0.9860696792602539,0.8173086643218994
YIL128W,YMR097C,0,-0.6599354,0.10817596316337585,0.9860696792602539,0.8174086809158325
YDL045W-A,YCR011C,0,-0.6601017,0.10816415399312973,0.9860696792602539,0.8175087571144104
YOL112W,YLR278C,0,-0.6601222,0.1081523522734642,0.9860696792602539,0.8176088333129883
YDR383C,YGL163C,0,-0.6602129,0.10814055055379868,0.9860696792602539,0.8177088499069214
YDR138W,YLR309C,0,-0.66076565,0.10812874883413315,0.9860696792602539,0.8178089261054993
YPL151C,YKL168C,0,-0.66090184,0.10811695456504822,0.9860696792602539,0.8179089426994324
YPL167C,YDL170W,0,-0.66104144,0.10810516029596329,0.9860696792602539,0.8180090188980103
YGR113W,YJR133W,0,-0.66117656,0.10809336602687836,0.9860696792602539,0.8181090354919434
YDR383C,YOR209C,0,-0.66119695,0.10808157920837402,0.9860696792602539,0.8182091116905212
YDR164C,YGL004C,0,-0.66131395,0.10806979238986969,0.9860696792602539,0.8183091282844543
YOR145C,YNL016W,0,-0.66140985,0.10805800557136536,0.9860696792602539,0.8184092044830322
YMR089C,YJL192C,0,-0.6616072,0.10804622620344162,0.9860696792602539,0.8185092806816101
YBR276C,YHR058C,0,-0.66170627,0.10803444683551788,0.9860696792602539,0.8186092972755432
YDL022W,YJL213W,0,-0.66182476,0.10802267491817474,0.9860696792602539,0.8187093734741211
YLR080W,YOR180C,0,-0.6618729,0.10801089555025101,0.9860696792602539,0.8188093900680542
YNL073W,YML071C,0,-0.66193956,0.10799913108348846,0.9860696792602539,0.8189094662666321
YLR447C,YGR255C,0,-0.66196233,0.10798735916614532,0.9860696792602539,0.8190094828605652
YDR512C,YKL085W,0,-0.6619713,0.10797559469938278,0.9860696792602539,0.8191095590591431
YOL070C,YOL102C,0,-0.6620548,0.10796383023262024,0.9860696792602539,0.8192095756530762
YLR129W,YML006C,0,-0.6621822,0.1079520732164383,0.9860696792602539,0.819309651851654
YOR304W,YIR005W,0,-0.6624494,0.10794030874967575,0.9860696792602539,0.8194097280502319
YDL029W,YJL172W,0,-0.6626195,0.1079285591840744,0.9860696792602539,0.819509744644165
YPR026W,YHR061C,0,-0.6626385,0.10791680216789246,0.9860696792602539,0.8196098208427429
YAL033W,YKR068C,0,-0.6628615,0.10790505260229111,0.9860696792602539,0.819709837436676
YCR030C,YOR126C,0,-0.66294044,0.10789330303668976,0.9860696792602539,0.8198099136352539
YDR137W,YOR324C,0,-0.66315204,0.107881560921669,0.9860696792602539,0.819909930229187
YNL178W,YGR214W,0,-0.6632604,0.10786981880664825,0.9860696792602539,0.8200100064277649
YDL078C,YFL033C,0,-0.6635234,0.1078580766916275,0.9860696792602539,0.8201100826263428
YIR011C,YER145C,0,-0.6635478,0.10784633457660675,0.9860696792602539,0.8202100992202759
YOR159C,YGR084C,0,-0.66377074,0.1078345999121666,0.9860696792602539,0.8203101754188538
YMR172W,YDR226W,0,-0.6638397,0.10782287269830704,0.9860696792602539,0.8204101920127869
YKR071C,YNL052W,0,-0.66387516,0.10781113803386688,0.9860696792602539,0.8205102682113647
YBR274W,YOR232W,0,-0.66413665,0.10779941082000732,0.9860696792602539,0.8206102848052979
YKR055W,YNL122C,0,-0.66433364,0.10778769105672836,0.9860696792602539,0.8207103610038757
YDR059C,YKL206C,0,-0.6648087,0.1077759638428688,0.9860696792602539,0.8208103775978088
YCL057W,YOL111C,0,-0.66481054,0.10776424407958984,0.9860696792602539,0.8209104537963867
YLR395C,YGL241W,0,-0.6648633,0.10775252431631088,0.9860696792602539,0.8210105299949646
YBR278W,YBR150C,0,-0.66494375,0.10774081200361252,0.9860696792602539,0.8211105465888977
YCR030C,YEL031W,0,-0.66507477,0.10772909969091415,0.9860696792602539,0.8212106227874756
YER087W,YDR389W,0,-0.6654528,0.10771739482879639,0.9860696792602539,0.8213106393814087
YPL083C,YGL203C,0,-0.6655579,0.10770568251609802,0.9860696792602539,0.8214107155799866
YOR298W,YMR296C,0,-0.6656415,0.10769397765398026,0.9860696792602539,0.8215107321739197
YKL013C,YNR003C,0,-0.66569036,0.10768228024244308,0.9860696792602539,0.8216108083724976
YGR112W,YBR281C,0,-0.6657166,0.10767057538032532,0.9860696792602539,0.8217108845710754
YBR247C,YEL037C,0,-0.66588527,0.10765887796878815,0.9860696792602539,0.8218109011650085
YJL134W,YMR240C,0,-0.6659596,0.10764718800783157,0.9860696792602539,0.8219109773635864
YLR401C,YIL079C,0,-0.6663662,0.107635498046875,0.9860696792602539,0.8220109939575195
YGR056W,YNR015W,0,-0.66638154,0.10762380808591843,0.9860696792602539,0.8221110701560974
YOR084W,YAL017W,0,-0.66643864,0.10761211812496185,0.9860696792602539,0.8222110867500305
YIL095W,YJR063W,0,-0.66682833,0.10760043561458588,0.9860696792602539,0.8223111629486084
YGL236C,YPL252C,0,-0.6670153,0.1075887531042099,0.9860696792602539,0.8224111795425415
YMR033W,YOR215C,0,-0.6671218,0.10757707059383392,0.9860696792602539,0.8225112557411194
YEL040W,YGL071W,0,-0.66732746,0.10756539553403854,0.9860696792602539,0.8226113319396973
YGL014W,YDL040C,0,-0.6674386,0.10755372047424316,0.9860696792602539,0.8227113485336304
YCL014W,YNL052W,0,-0.6675033,0.10754205286502838,0.9860696792602539,0.8228114247322083
YDR389W,YPL259C,0,-0.66760975,0.1075303852558136,0.9860696792602539,0.8229114413261414
YDR205W,YCL008C,0,-0.6678081,0.10751871764659882,0.9860696792602539,0.8230115175247192
YKR036C,YHR079C,0,-0.6679023,0.10750705003738403,0.9860696792602539,0.8231115341186523
YER162C,YLR348C,0,-0.66790414,0.10749538987874985,0.9860696792602539,0.8232116103172302
YNL095C,YEL040W,0,-0.6681144,0.10748372972011566,0.9860696792602539,0.8233116269111633
YOR323C,YLL003W,0,-0.6684831,0.10747207701206207,0.9860696792602539,0.8234117031097412
YJL160C,YKL163W,1,-0.6690321,0.10756886005401611,0.9870646595954895,0.8234117031097412
YMR145C,YPL011C,0,-0.66941136,0.10755719244480133,0.9870646595954895,0.8235117793083191
YOR142W,YLR153C,0,-0.66973484,0.10754553228616714,0.9870646595954895,0.8236117959022522
YML071C,YPR006C,0,-0.66980094,0.10753387212753296,0.9870646595954895,0.8237118721008301
YLL034C,YCR057C,0,-0.67012316,0.10752221941947937,0.9870646595954895,0.8238118886947632
YNR031C,YMR218C,0,-0.67025596,0.10751056671142578,0.9870646595954895,0.8239119648933411
YGR145W,YLL043W,0,-0.67063874,0.10749891400337219,0.9870646595954895,0.8240119814872742
YOR145C,YMR213W,0,-0.67065316,0.1074872687458992,0.9870646595954895,0.824112057685852
YPR121W,YGL089C,1,-0.67155325,0.10758396238088608,0.9880596995353699,0.824112057685852
YGR171C,YDR364C,0,-0.67183334,0.10757230967283249,0.9880596995353699,0.8242121338844299
YKL144C,YLR164W,0,-0.67192954,0.1075606569647789,0.9880596995353699,0.824312150478363
YER151C,YMR176W,0,-0.67223006,0.10754901170730591,0.9880596995353699,0.8244122266769409
YLR394W,YOR187W,0,-0.6729441,0.10753735899925232,0.9880596995353699,0.824512243270874
YJL187C,YLR383W,0,-0.67309135,0.10752571374177933,0.9880596995353699,0.8246123194694519
YDR451C,YDR131C,0,-0.67348033,0.10751407593488693,0.9880596995353699,0.824712336063385
YOR292C,YLR389C,0,-0.6735,0.10750243812799454,0.9880596995353699,0.8248124122619629
YKL082C,YLR386W,0,-0.67355365,0.10749080032110214,0.9880596995353699,0.824912428855896
YDR499W,YOL004W,0,-0.67395186,0.10747916251420975,0.9880596995353699,0.8250125050544739
YKL061W,YDR140W,0,-0.674082,0.10746753215789795,0.9880596995353699,0.8251125812530518
YDR310C,YKR102W,0,-0.6745513,0.10745590180158615,0.9880596995353699,0.8252125978469849
YLR113W,YLR103C,0,-0.6746686,0.10744427889585495,0.9880596995353699,0.8253126740455627
YKL174C,YLR164W,0,-0.6748106,0.10743264853954315,0.9880596995353699,0.8254126906394958
YPR121W,YJL174W,1,-0.67492497,0.10752920806407928,0.9890547394752502,0.8254126906394958
YLR009W,YHR168W,0,-0.67508626,0.10751757770776749,0.9890547394752502,0.8255127668380737
YHR164C,YOL054W,0,-0.67531186,0.10750594735145569,0.9890547394752502,0.8256127834320068
YJR092W,YPL167C,0,-0.6757122,0.10749432444572449,0.9890547394752502,0.8257128596305847
YCR060W,YOR085W,0,-0.6760119,0.10748270153999329,0.9890547394752502,0.8258129358291626
YGR281W,YPL099C,0,-0.67628545,0.10747107863426208,0.9890547394752502,0.8259129524230957
YMR137C,YCL052C,0,-0.67657095,0.10745946317911148,0.9890547394752502,0.8260130286216736
YPL127C,YDR081C,0,-0.6767524,0.10744784027338028,0.9890547394752502,0.8261130452156067
YDR369C,YHR168W,0,-0.67715794,0.10743623226881027,0.9890547394752502,0.8262131214141846
YGR179C,YHR051W,0,-0.6772023,0.10742461681365967,0.9890547394752502,0.8263131380081177
YKL090W,YPL240C,0,-0.67740405,0.10741300880908966,0.9890547394752502,0.8264132142066956
YJR107W,YDR410C,0,-0.67748266,0.10740140825510025,0.9890547394752502,0.8265132308006287
YEL052W,YPL259C,0,-0.677816,0.10738980025053024,0.9890547394752502,0.8266133069992065
YOR159C,YOR338W,0,-0.67800105,0.10737819969654083,0.9890547394752502,0.8267133831977844
YGR199W,YLR024C,0,-0.6783139,0.10736659914255142,0.9890547394752502,0.8268133997917175
YNL050C,YLR389C,0,-0.6783206,0.10735500603914261,0.9890547394752502,0.8269134759902954
YNL121C,YJL082W,0,-0.6783659,0.1073434129357338,0.9890547394752502,0.8270134925842285
YDL047W,YJL128C,0,-0.6784105,0.10733181983232498,0.9890547394752502,0.8271135687828064
YPR072W,YBR173C,0,-0.6784935,0.10732023417949677,0.9890547394752502,0.8272135853767395
YNL267W,YOR382W,0,-0.67870575,0.10730864852666855,0.9890547394752502,0.8273136615753174
YMR179W,YLR330W,0,-0.6794599,0.10729706287384033,0.9890547394752502,0.8274136781692505
YJR149W,YDL097C,0,-0.67951363,0.10728548467159271,0.9890547394752502,0.8275137543678284
YMR284W,YDR497C,0,-0.6795631,0.10727390646934509,0.9890547394752502,0.8276138305664062
YKL096W-A,YPR121W,1,-0.6802686,0.10737023502588272,0.9900497794151306,0.8276138305664062
YBR278W,YPR204W,0,-0.68042344,0.1073586568236351,0.9900497794151306,0.8277138471603394
YDR026C,YLR404W,0,-0.6805507,0.10734707117080688,0.9900497794151306,0.8278139233589172
YJR119C,YNR015W,0,-0.6805689,0.10733549296855927,0.9900497794151306,0.8279139399528503
YKL082C,YJL117W,0,-0.6807321,0.10732391476631165,0.9900497794151306,0.8280140161514282
YJL225C,YKL165C,0,-0.680931,0.10731233656406403,0.9900497794151306,0.8281140327453613
YDL246C,YNL121C,0,-0.6809819,0.107300765812397,0.9900497794151306,0.8282141089439392
YKR071C,YOR323C,0,-0.68114465,0.10728919506072998,0.9900497794151306,0.8283141851425171
YKR071C,YDL217C,0,-0.6815395,0.10727762430906296,0.9900497794151306,0.8284142017364502
YDL142C,YJL082W,0,-0.68175864,0.10726606100797653,0.9900497794151306,0.8285142779350281
YIL128W,YOL066C,0,-0.682185,0.1072544977068901,0.9900497794151306,0.8286142945289612
YHR012W,YOL112W,0,-0.6823444,0.10724294185638428,0.9900497794151306,0.8287143707275391
YLR203C,YOR123C,0,-0.6823908,0.10723138600587845,0.9900497794151306,0.8288143873214722
YNR013C,YDR364C,0,-0.6824617,0.10721983015537262,0.9900497794151306,0.82891446352005
YDR497C,YGR239C,0,-0.68252593,0.10720827430486679,0.9900497794151306,0.8290144801139832
YOR159C,YBR230C,0,-0.6829137,0.10719672590494156,0.9900497794151306,0.829114556312561
YER087W,YDR262W,0,-0.6829641,0.10718517750501633,0.9900497794151306,0.8292146325111389
YHR132C,YBL089W,0,-0.68323016,0.1071736291050911,0.9900497794151306,0.829314649105072
YPL110C,YNL026W,0,-0.683345,0.10716208815574646,0.9900497794151306,0.8294147253036499
YJR055W,YCL014W,0,-0.6834111,0.10715054720640182,0.9900497794151306,0.829514741897583
YJL178C,YLL061W,0,-0.6840126,0.10713901370763779,0.9900497794151306,0.8296148180961609
YPR204W,YMR228W,0,-0.68440235,0.10712747275829315,0.9900497794151306,0.829714834690094
YPL122C,YMR180C,0,-0.68493944,0.10711594671010971,0.9900497794151306,0.8298149108886719
YDL107W,YDR494W,0,-0.6851284,0.10710441321134567,0.9900497794151306,0.8299149870872498
YGR105W,YKL061W,0,-0.6853395,0.10709288716316223,0.9900497794151306,0.8300150036811829
YBR260C,YKL103C,0,-0.6856244,0.10708136111497879,0.9900497794151306,0.8301150798797607
YIL134W,YGL203C,0,-0.68577033,0.10706983506679535,0.9900497794151306,0.8302150964736938
YGL180W,YLL043W,0,-0.6859434,0.1070583164691925,0.9900497794151306,0.8303151726722717
YMR146C,YKL172W,0,-0.68636686,0.10704679787158966,0.9900497794151306,0.8304151892662048
YNR006W,YPL050C,0,-0.686403,0.10703528672456741,0.9900497794151306,0.8305152654647827
YGL083W,YPR198W,0,-0.68671745,0.10702376812696457,0.9900497794151306,0.8306152820587158
YER098W,YEL037C,0,-0.6870422,0.10701225697994232,0.9900497794151306,0.8307153582572937
YDR415C,YML132W,0,-0.6871903,0.10700075328350067,0.9900497794151306,0.8308154344558716
YJL172W,YKL205W,0,-0.68744856,0.10698924958705902,0.9900497794151306,0.8309154510498047
YLL002W,YJR140C,0,-0.6876909,0.10697774589061737,0.9900497794151306,0.8310155272483826
YNL282W,YKL186C,0,-0.6880352,0.10696624219417572,0.9900497794151306,0.8311155438423157
YNL283C,YKL082C,0,-0.68807966,0.10695474594831467,0.9900497794151306,0.8312156200408936
YMR123W,YOR304C-A,0,-0.6889076,0.10694324970245361,0.9900497794151306,0.8313156366348267
YOL010W,YML080W,0,-0.6890778,0.10693175345659256,0.9900497794151306,0.8314157128334045
YPR190C,YDR415C,0,-0.68917435,0.1069202646613121,0.9900497794151306,0.8315157294273376
YHR039C-A,YPL027W,0,-0.68921787,0.10690877586603165,0.9900497794151306,0.8316158056259155
YLR268W,YMR075W,0,-0.6892478,0.10689729452133179,0.9900497794151306,0.8317158818244934
YDL045W-A,YER090W,0,-0.6895514,0.10688580572605133,0.9900497794151306,0.8318158984184265
YEL062W,YCR002C,0,-0.68958706,0.10687433183193207,0.9900497794151306,0.8319159746170044
YNL304W,YBR026C,0,-0.6897579,0.10686285048723221,0.9900497794151306,0.8320159912109375
YGR221C,YHR060W,0,-0.68975824,0.10685137659311295,0.9900497794151306,0.8321160674095154
YFL048C,YDR081C,0,-0.69059896,0.10683990269899368,0.9900497794151306,0.8322160840034485
YJR053W,YNL080C,0,-0.6907444,0.10682842880487442,0.9900497794151306,0.8323161602020264
YOR020C,YJL213W,0,-0.69076085,0.10681696236133575,0.9900497794151306,0.8324162364006042
YDR389W,YMR239C,0,-0.69080603,0.10680549591779709,0.9900497794151306,0.8325162529945374
YDR332W,YKR044W,0,-0.6915547,0.10679402947425842,0.9900497794151306,0.8326163291931152
YDR167W,YOL062C,0,-0.69195646,0.10678257048130035,0.9900497794151306,0.8327163457870483
YCR030C,YGR010W,0,-0.6919642,0.10677111148834229,0.9900497794151306,0.8328164219856262
YJL053W,YCL034W,0,-0.6920392,0.10675965994596481,0.9900497794151306,0.8329164385795593
YDR059C,YDR451C,0,-0.6922105,0.10674820095300674,0.9900497794151306,0.8330165147781372
YMR194W,YMR295C,0,-0.6922359,0.10673674941062927,0.9900497794151306,0.8331165313720703
YDR222W,YOR123C,0,-0.6922618,0.1067253053188324,0.9900497794151306,0.8332166075706482
YML071C,YAL029C,0,-0.692383,0.10671385377645493,0.9900497794151306,0.8333166837692261
YLR105C,YDR240C,0,-0.6924339,0.10670240968465805,0.9900497794151306,0.8334167003631592
YDR082W,YOR106W,0,-0.6927083,0.10669097304344177,0.9900497794151306,0.8335167765617371
YIL143C,YOR261C,0,-0.6928344,0.1066795289516449,0.9900497794151306,0.8336167931556702
YER013W,YIL020C,0,-0.6930465,0.10666809976100922,0.9900497794151306,0.833716869354248
YKL020C,YMR033W,0,-0.69313973,0.10665666311979294,0.9900497794151306,0.8338168859481812
YHR004C,YKR002W,0,-0.6933556,0.10664523392915726,0.9900497794151306,0.833916962146759
YHR066W,YMR099C,0,-0.6933649,0.10663380473852158,0.9900497794151306,0.8340169787406921
YGL225W,YOR123C,0,-0.6934914,0.1066223755478859,0.9900497794151306,0.83411705493927
YPL064C,YJL140W,0,-0.69350344,0.10661095380783081,0.9900497794151306,0.8342171311378479
YKL210W,YOR008C,0,-0.69378144,0.10659953206777573,0.9900497794151306,0.834317147731781
YBR261C,YNL309W,0,-0.69390714,0.10658811032772064,0.9900497794151306,0.8344172239303589
YKR008W,YML030W,0,-0.69399965,0.10657669603824615,0.9900497794151306,0.834517240524292
YNL281W,YKL001C,0,-0.6940412,0.10656527429819107,0.9900497794151306,0.8346173167228699
YPR189W,YAR035W,0,-0.6945315,0.10655386745929718,0.9900497794151306,0.834717333316803
YGL237C,YPR002W,0,-0.69488865,0.10654245316982269,0.9900497794151306,0.8348174095153809
YGL019W,YBR281C,0,-0.69495493,0.1065310463309288,0.9900497794151306,0.8349174857139587
YJL171C,YJL213W,0,-0.6951851,0.10651964694261551,0.9900497794151306,0.8350175023078918
YDR137W,YLL034C,0,-0.6953089,0.10650824010372162,0.9900497794151306,0.8351175785064697
YJL030W,YGR185C,0,-0.69532466,0.10649684071540833,0.9900497794151306,0.8352175951004028
YGL010W,YML049C,0,-0.695484,0.10648544877767563,0.9900497794151306,0.8353176712989807
YJL103C,YOR222W,0,-0.6955537,0.10647404938936234,0.9900497794151306,0.8354176878929138
YDL197C,YJL024C,0,-0.6958494,0.10646265745162964,0.9900497794151306,0.8355177640914917
YLR080W,YOR287C,0,-0.6960331,0.10645126551389694,0.9900497794151306,0.8356177806854248
YJL194W,YJL071W,0,-0.696316,0.10643988102674484,0.9900497794151306,0.8357178568840027
YNL273W,YBL089W,0,-0.6966241,0.10642849653959274,0.9900497794151306,0.8358179330825806
YLR380W,YDL148C,0,-0.6968084,0.10641711205244064,0.9900497794151306,0.8359179496765137
YKR019C,YIL095W,0,-0.69715446,0.10640573501586914,0.9900497794151306,0.8360180258750916
YJR153W,YKL096W,1,-0.6974167,0.10650128126144409,0.9910447597503662,0.8360180258750916
YER013W,YBR243C,0,-0.6979696,0.10648989677429199,0.9910447597503662,0.8361180424690247
YIL095W,YPL112C,0,-0.698046,0.10647851228713989,0.9910447597503662,0.8362181186676025
YDR306C,YAR031W,0,-0.6981695,0.10646712779998779,0.9910447597503662,0.8363181352615356
YLR353W,YGR145W,0,-0.69839895,0.10645575076341629,0.9910447597503662,0.8364182114601135
YER103W,YGL071W,0,-0.69875973,0.10644437372684479,0.9910447597503662,0.8365182876586914
YML099C,YMR301C,0,-0.6988782,0.10643299669027328,0.9910447597503662,0.8366183042526245
YCR052W,YOR285W,0,-0.6989588,0.10642162710428238,0.9910447597503662,0.8367183804512024
YJR055W,YJR005W,0,-0.69915,0.10641025751829147,0.9910447597503662,0.8368183970451355
YBR081C,YCL052C,0,-0.69941765,0.10639888793230057,0.9910447597503662,0.8369184732437134
YOL102C,YGR171C,0,-0.70012164,0.10638752579689026,0.9910447597503662,0.8370184898376465
YDR416W,YJL082W,0,-0.70117337,0.10637616366147995,0.9910447597503662,0.8371185660362244
YPL150W,YLR452C,0,-0.7019195,0.10636480152606964,0.9910447597503662,0.8372185826301575
YOR261C,YPL011C,0,-0.7019257,0.10635344684123993,0.9910447597503662,0.8373186588287354
YPL011C,YDR404C,0,-0.7024552,0.10634208470582962,0.9910447597503662,0.8374187350273132
YBR278W,YLR429W,0,-0.7026428,0.1063307374715805,0.9910447597503662,0.8375187516212463
YLR270W,YOR313C,0,-0.7026434,0.1063193827867508,0.9910447597503662,0.8376188278198242
YOL070C,YMR269W,0,-0.70267564,0.10630803555250168,0.9910447597503662,0.8377188444137573
YLR440C,YMR137C,0,-0.7027052,0.10629668831825256,0.9910447597503662,0.8378189206123352
YDR351W,YDR392W,0,-0.7031507,0.10628534853458405,0.9910447597503662,0.8379189372062683
YKL007W,YOL004W,0,-0.70364326,0.10627400875091553,0.9910447597503662,0.8380190134048462
YKL130C,YDL045C,0,-0.7036633,0.10626266896724701,0.9910447597503662,0.8381190299987793
YNL314W,YNR017W,0,-0.7037769,0.10625133663415909,0.9910447597503662,0.8382191061973572
YOR206W,YMR078C,0,-0.70396376,0.10623999685049057,0.9910447597503662,0.8383191823959351
YJR006W,YOR355W,0,-0.70469236,0.10622867196798325,0.9910447597503662,0.8384191989898682
YJL178C,YNL309W,0,-0.70490444,0.10621733963489532,0.9910447597503662,0.838519275188446
YNR003C,YFR036W,0,-0.70518625,0.106206014752388,0.9910447597503662,0.8386192917823792
YDL074C,YEL056W,0,-0.70606476,0.10619468986988068,0.9910447597503662,0.838719367980957
YOR297C,YLR228C,0,-0.706403,0.10618337243795395,0.9910447597503662,0.8388193845748901
YLR285W,YER171W,0,-0.7064658,0.10617204755544662,0.9910447597503662,0.838919460773468
YOR148C,YML132W,0,-0.706579,0.1061607301235199,0.9910447597503662,0.8390195369720459
YNR074C,YKL007W,0,-0.70662713,0.10614942014217377,0.9910447597503662,0.839119553565979
YJL005W,YPL002C,0,-0.7070707,0.10613811016082764,0.9910447597503662,0.8392196297645569
YLR105C,YGR144W,0,-0.70760113,0.1061268001794815,0.9910447597503662,0.83931964635849
YOR388C,YGL237C,0,-0.7081367,0.10611549019813538,0.9910447597503662,0.8394197225570679
YPR167C,YMR008C,0,-0.7085348,0.10610418766736984,0.9910447597503662,0.839519739151001
YDR530C,YCL024W,0,-0.708676,0.10609288513660431,0.9910447597503662,0.8396198153495789
YDR164C,YOR382W,0,-0.7090474,0.10608158260583878,0.9910447597503662,0.839719831943512
YML032C,YDL078C,0,-0.7091874,0.10607028752565384,0.9910447597503662,0.8398199081420898
YMR061W,YIR018W,0,-0.70942193,0.1060589924454689,0.9910447597503662,0.8399199843406677
YMR315W,YML109W,0,-0.7094298,0.10604769736528397,0.9910447597503662,0.8400200009346008
YNL085W,YMR172W,0,-0.70949155,0.10603640973567963,0.9910447597503662,0.8401200771331787
YPR125W,YFR052W,0,-0.7097138,0.10602512210607529,0.9910447597503662,0.8402200937271118
YIL142W,YKL189W,0,-0.7097901,0.10601383447647095,0.9910447597503662,0.8403201699256897
YER125W,YLR033W,0,-0.7098392,0.1060025542974472,0.9910447597503662,0.8404201865196228
YBR247C,YLR129W,0,-0.70989525,0.10599127411842346,0.9910447597503662,0.8405202627182007
YGR229C,YLR330W,0,-0.7101299,0.10597999393939972,0.9910447597503662,0.8406203389167786
YKR019C,YDR205W,0,-0.7101355,0.10596872121095657,0.9910447597503662,0.8407203555107117
YOR232W,YLR050C,0,-0.7102839,0.10595744848251343,0.9910447597503662,0.8408204317092896
YMR033W,YER002W,0,-0.7103183,0.10594617575407028,0.9910447597503662,0.8409204483032227
YDR067C,YDL029W,0,-0.71070206,0.10593491047620773,0.9910447597503662,0.8410205245018005
YLR103C,YOR261C,0,-0.71080214,0.10592363774776459,0.9910447597503662,0.8411205410957336
YGR056W,YML099C,0,-0.7113729,0.10591237992048264,0.9910447597503662,0.8412206172943115
YBL041W,YFL048C,0,-0.7114993,0.10590111464262009,0.9910447597503662,0.8413206338882446
YGL172W,YER046W,0,-0.712141,0.10588985681533813,0.9910447597503662,0.8414207100868225
YPR196W,YNL084C,0,-0.71227854,0.10587859898805618,0.9910447597503662,0.8415207862854004
YDR449C,YMR213W,0,-0.7127277,0.10586734861135483,0.9910447597503662,0.8416208028793335
YBR002C,YOR261C,0,-0.7130211,0.10585609823465347,0.9910447597503662,0.8417208790779114
YNL298W,YOR340C,0,-0.7136597,0.10584484785795212,0.9910447597503662,0.8418208956718445
YPR111W,YGR089W,0,-0.71373767,0.10583359748125076,0.9910447597503662,0.8419209718704224
YOR327C,YBR173C,0,-0.71377164,0.10582235455513,0.9910447597503662,0.8420209884643555
YML112W,YER175C,0,-0.71402663,0.10581111162900925,0.9910447597503662,0.8421210646629333
YOR145C,YGR185C,0,-0.7141891,0.10579987615346909,0.9910447597503662,0.8422210812568665
YPR024W,YOR349W,0,-0.71428573,0.10578863322734833,0.9910447597503662,0.8423211574554443
YBR059C,YEL029C,0,-0.71459967,0.10577739775180817,0.9910447597503662,0.8424212336540222
YDL028C,YPL129W,0,-0.7146011,0.1057661697268486,0.9910447597503662,0.8425212502479553
YML051W,YNL122C,0,-0.7146649,0.10575493425130844,0.9910447597503662,0.8426213264465332
YOR145C,YKR056W,0,-0.7147353,0.10574370622634888,0.9910447597503662,0.8427213430404663
YGR105W,YKL186C,0,-0.7150154,0.10573248565196991,0.9910447597503662,0.8428214192390442
YGR276C,YHR057C,0,-0.71502197,0.10572125762701035,0.9910447597503662,0.8429214358329773
YOL145C,YNL084C,0,-0.715058,0.10571003705263138,0.9910447597503662,0.8430215120315552
YOL070C,YOL045W,0,-0.71516085,0.10569882392883301,0.9910447597503662,0.8431215882301331
YPR026W,YDR146C,0,-0.71524376,0.10568760335445404,0.9910447597503662,0.8432216048240662
YFL048C,YGL019W,0,-0.7152501,0.10567639023065567,0.9910447597503662,0.843321681022644
YLR080W,YOR239W,0,-0.7152526,0.1056651845574379,0.9910447597503662,0.8434216976165771
YJL200C,YGL113W,0,-0.71533287,0.10565397143363953,0.9910447597503662,0.843521773815155
YKR020W,YPL113C,0,-0.7155934,0.10564276576042175,0.9910447597503662,0.8436217904090881
YLR316C,YKL172W,0,-0.7156607,0.10563156008720398,0.9910447597503662,0.843721866607666
YNL153C,YMR180C,0,-0.7158687,0.1056203618645668,0.9910447597503662,0.8438218832015991
YDR137W,YOL090W,0,-0.7160088,0.10560916364192963,0.9910447597503662,0.843921959400177
YOL057W,YMR115W,0,-0.7165375,0.10559796541929245,0.9910447597503662,0.8440220355987549
YDR378C,YOR226C,0,-0.71662414,0.10558676719665527,0.9910447597503662,0.844122052192688
YJR092W,YDR207C,0,-0.7168139,0.1055755764245987,0.9910447597503662,0.8442221283912659
YKL201C,YMR250W,0,-0.7173801,0.10556438565254211,0.9910447597503662,0.844322144985199
YGR221C,YGL190C,0,-0.7175129,0.10555320233106613,0.9910447597503662,0.8444222211837769
YOR206W,YOR251C,0,-0.7175735,0.10554201900959015,0.9910447597503662,0.84452223777771
YBR066C,YOR324C,0,-0.7177035,0.10553083568811417,0.9910447597503662,0.8446223139762878
YLR383W,YNL032W,0,-0.71853524,0.10551965236663818,0.9910447597503662,0.8447223901748657
YOL052C,YJR130C,0,-0.7186677,0.1055084764957428,0.9910447597503662,0.8448224067687988
YOR106W,YDR195W,0,-0.71903175,0.10549730062484741,0.9910447597503662,0.8449224829673767
YML112W,YBL079W,0,-0.71906996,0.10548612475395203,0.9910447597503662,0.8450224995613098
YDR072C,YHR168W,0,-0.7190889,0.10547495633363724,0.9910447597503662,0.8451225757598877
YMR005W,YGR185C,0,-0.7195427,0.10546378791332245,0.9910447597503662,0.8452225923538208
YDR306C,YNL208W,0,-0.7195967,0.10545261949300766,0.9910447597503662,0.8453226685523987
YMR033W,YOR299W,0,-0.71965486,0.10544145852327347,0.9910447597503662,0.8454226851463318
YPR060C,YGL216W,0,-0.719675,0.10543029755353928,0.9910447597503662,0.8455227613449097
YPR196W,YGL200C,0,-0.71990556,0.10541913658380508,0.9910447597503662,0.8456228375434875
YPR182W,YER171W,0,-0.7202056,0.10540798306465149,0.9910447597503662,0.8457228541374207
YAL022C,YNL267W,0,-0.72110337,0.1053968220949173,0.9910447597503662,0.8458229303359985
YGL236C,YOR232W,0,-0.7211221,0.1053856760263443,0.9910447597503662,0.8459229469299316
YKL166C,YKL094W,0,-0.7214816,0.1053745225071907,0.9910447597503662,0.8460230231285095
YNL283C,YOR089C,0,-0.72192866,0.1053633764386177,0.9910447597503662,0.8461230397224426
YLL061W,YNR010W,0,-0.72223866,0.10535223037004471,0.9910447597503662,0.8462231159210205
YIL142W,YKR019C,0,-0.72285086,0.10534109175205231,0.9910447597503662,0.8463231325149536
YGR081C,YKL074C,0,-0.72297,0.10532994568347931,0.9910447597503662,0.8464232087135315
YLR390W,YDR373W,0,-0.7230484,0.1053188145160675,0.9910447597503662,0.8465232849121094
YGL026C,YDL225W,0,-0.72311705,0.1053076758980751,0.9910447597503662,0.8466233015060425
YDL142C,YDR167W,0,-0.72340393,0.1052965447306633,0.9910447597503662,0.8467233777046204
YNL282W,YMR213W,0,-0.7236886,0.1052854135632515,0.9910447597503662,0.8468233942985535
YGR271W,YBL034C,0,-0.72409075,0.10527428239583969,0.9910447597503662,0.8469234704971313
YGR012W,YMR295C,0,-0.7241372,0.10526315867900848,0.9910447597503662,0.8470234870910645
YFR021W,YGL051W,0,-0.7252509,0.10525203496217728,0.9910447597503662,0.8471235632896423
YER087W,YJL029C,0,-0.72533154,0.10524091124534607,0.9910447597503662,0.8472236394882202
YFR013W,YNL219C,0,-0.72558063,0.10522979497909546,0.9910447597503662,0.8473236560821533
YGR246C,YJR103W,0,-0.7256462,0.10521867871284485,0.9910447597503662,0.8474237322807312
YBR125C,YOL004W,0,-0.725928,0.10520756244659424,0.9910447597503662,0.8475237488746643
YEL037C,YGR070W,0,-0.72621197,0.10519645363092422,0.9910447597503662,0.8476238250732422
YKL157W,YKL096W,1,-0.7263985,0.10529094934463501,0.9920397996902466,0.8476238250732422
YEL053C,YOR099W,0,-0.7264281,0.1052798330783844,0.9920397996902466,0.8477238416671753
YOL129W,YHR029C,0,-0.7264626,0.10526871681213379,0.9920397996902466,0.8478239178657532
YER103W,YFL054C,0,-0.7265101,0.10525760054588318,0.9920397996902466,0.8479239344596863
YDR146C,YLR163C,0,-0.726535,0.10524649173021317,0.9920397996902466,0.8480240106582642
YDL083C,YOR285W,0,-0.72671694,0.10523538291454315,0.9920397996902466,0.848124086856842
YDR473C,YPL083C,0,-0.7271479,0.10522427409887314,0.9920397996902466,0.8482241034507751
YMR039C,YPL099C,0,-0.72757715,0.10521317273378372,0.9920397996902466,0.848324179649353
YGL174W,YIL035C,0,-0.727584,0.1052020713686943,0.9920397996902466,0.8484241962432861
YOR138C,YER019C-A,0,-0.7276135,0.10519097000360489,0.9920397996902466,0.848524272441864
YER022W,YGR112W,0,-0.728102,0.10517986863851547,0.9920397996902466,0.8486242890357971
YKL174C,YLR389C,0,-0.7285216,0.10516877472400665,0.9920397996902466,0.848724365234375
YDR172W,YDR240C,0,-0.72901314,0.10515768080949783,0.9920397996902466,0.8488244414329529
YNL290W,YCR002C,0,-0.7295291,0.10514659434556961,0.9920397996902466,0.848924458026886
YKL074C,YPR060C,0,-0.7301318,0.10513550788164139,0.9920397996902466,0.8490245342254639
YBL112C,YLR009W,0,-0.7302052,0.10512442141771317,0.9920397996902466,0.849124550819397
YGR081C,YEL037C,0,-0.73022544,0.10511333495378494,0.9920397996902466,0.8492246270179749
YBR261C,YKL038W,0,-0.7306536,0.10510225594043732,0.9920397996902466,0.849324643611908
YNL121C,YLR026C,0,-0.73089856,0.10509117692708969,0.9920397996902466,0.8494247198104858
YJL011C,YKL144C,0,-0.7309601,0.10508009791374207,0.9920397996902466,0.849524736404419
YKL117W,YBR173C,0,-0.73145205,0.10506902635097504,0.9920397996902466,0.8496248126029968
YNR031C,YLR026C,0,-0.7314988,0.10505795478820801,0.9920397996902466,0.8497248888015747
YJL213W,YCL034W,0,-0.7316647,0.10504688322544098,0.9920397996902466,0.8498249053955078
YKR056W,YPL188W,0,-0.73174673,0.10503581911325455,0.9920397996902466,0.8499249815940857
YBR261C,YML109W,0,-0.7321024,0.10502475500106812,0.9920397996902466,0.8500249981880188
YIL095W,YGR143W,0,-0.7327703,0.10501369088888168,0.9920397996902466,0.8501250743865967
YJR021C,YKL064W,0,-0.7327985,0.10500263422727585,0.9920397996902466,0.8502250909805298
YNR013C,YKL094W,0,-0.7328945,0.10499157756567001,0.9920397996902466,0.8503251671791077
YNL107W,YPR159W,0,-0.7331124,0.10498052090406418,0.9920397996902466,0.8504251837730408
YOR074C,YKL144C,0,-0.7332192,0.10496946424245834,0.9920397996902466,0.8505252599716187
YJR083C,YJL206C,0,-0.73371655,0.1049584150314331,0.9920397996902466,0.8506253361701965
YMR315W,YKR020W,0,-0.73390096,0.10494736582040787,0.9920397996902466,0.8507253527641296
YBL052C,YHR058C,0,-0.7339563,0.10493632405996323,0.9920397996902466,0.8508254289627075
YOR304C-A,YBL052C,0,-0.73400694,0.10492528229951859,0.9920397996902466,0.8509254455566406
YOL070C,YLR244C,0,-0.734727,0.10491424053907394,0.9920397996902466,0.8510255217552185
YJL155C,YAR031W,0,-0.7351431,0.1049031987786293,0.9920397996902466,0.8511255383491516
YKL170W,YFR045W,0,-0.73514336,0.10489216446876526,0.9920397996902466,0.8512256145477295
YLR295C,YCR026C,0,-0.7353221,0.10488113015890121,0.9920397996902466,0.8513256907463074
YNL026W,YMR304W,0,-0.735444,0.10487009584903717,0.9920397996902466,0.8514257073402405
YBR042C,YLR024C,0,-0.7360031,0.10485906898975372,0.9920397996902466,0.8515257835388184
YDR233C,YNL259C,0,-0.7365123,0.10484804213047028,0.9920397996902466,0.8516258001327515
YBR271W,YLL027W,0,-0.7367528,0.10483701527118683,0.9920397996902466,0.8517258763313293
YNL145W,YLL024C,1,-0.73726255,0.10493113100528717,0.993034839630127,0.8517258763313293
YPR111W,YLR028C,0,-0.7379388,0.10492010414600372,0.993034839630127,0.8518258929252625
YNL258C,YOR340C,0,-0.73815256,0.10490906983613968,0.993034839630127,0.8519259691238403
YMR078C,YKR069W,0,-0.7385313,0.10489804297685623,0.993034839630127,0.8520259857177734
YER022W,YOR261C,0,-0.7386367,0.10488702356815338,0.993034839630127,0.8521260619163513
YMR013C,YJR031C,0,-0.73889595,0.10487599670886993,0.993034839630127,0.8522261381149292
YKL190W,YNR035C,0,-0.7389162,0.10486497730016708,0.993034839630127,0.8523261547088623
YDR170C,YJR031C,0,-0.7394898,0.10485395789146423,0.993034839630127,0.8524262309074402
YDR454C,YPL002C,0,-0.7399728,0.10484294593334198,0.993034839630127,0.8525262475013733
YOL129W,YGR112W,0,-0.7403385,0.10483193397521973,0.993034839630127,0.8526263236999512
YNL044W,YKL020C,0,-0.7404104,0.10482092201709747,0.993034839630127,0.8527263402938843
YFR021W,YOR126C,0,-0.74051875,0.10480991750955582,0.993034839630127,0.8528264164924622
YNL309W,YMR240C,0,-0.74095166,0.10479890555143356,0.993034839630127,0.85292649269104
YGL203C,YMR304W,0,-0.7410374,0.1047879010438919,0.993034839630127,0.8530265092849731
YBR281C,YFL021W,0,-0.74115425,0.10477690398693085,0.993034839630127,0.853126585483551
YEL037C,YLR425W,0,-0.7412419,0.10476590692996979,0.993034839630127,0.8532266020774841
YNL010W,YGR072W,0,-0.7414761,0.10475490987300873,0.993034839630127,0.853326678276062
YDR389W,YNL121C,0,-0.7419438,0.10474391281604767,0.993034839630127,0.8534266948699951
YHR059W,YOR226C,0,-0.7421734,0.1047329232096672,0.993034839630127,0.853526771068573
YJL187C,YBR170C,0,-0.74262226,0.10472193360328674,0.993034839630127,0.8536267876625061
YNL281W,YGR089W,0,-0.7426962,0.10471094399690628,0.993034839630127,0.853726863861084
YKL190W,YOL102C,0,-0.7428344,0.10469995439052582,0.993034839630127,0.8538269400596619
YJL140W,YDR353W,0,-0.74344504,0.10468897223472595,0.993034839630127,0.853926956653595
YBR260C,YNL163C,0,-0.7435544,0.10467799752950668,0.993034839630127,0.8540270328521729
YDR026C,YDL142C,0,-0.7441781,0.10466701537370682,0.993034839630127,0.854127049446106
YIL128W,YHR209W,0,-0.7444006,0.10465604066848755,0.993034839630127,0.8542271256446838
YLL008W,YJL095W,0,-0.7444646,0.10464506596326828,0.993034839630127,0.8543271422386169
YBR247C,YDR449C,0,-0.74562335,0.10463409870862961,0.993034839630127,0.8544272184371948
YCR014C,YOR219C,0,-0.74571997,0.10462312400341034,0.993034839630127,0.8545272350311279
YPR144C,YJL095W,0,-0.7457779,0.10461215674877167,0.993034839630127,0.8546273112297058
YOR212W,YBR192W,0,-0.74625736,0.10460119694471359,0.993034839630127,0.8547273874282837
YPL083C,YJR040W,0,-0.74635583,0.10459022969007492,0.993034839630127,0.8548274040222168
YHR164C,YGR179C,0,-0.74670345,0.10457926988601685,0.993034839630127,0.8549274802207947
YIL095W,YDR498C,0,-0.74720097,0.10456831753253937,0.993034839630127,0.8550274968147278
YPR171W,YJL134W,0,-0.74720174,0.10455735772848129,0.993034839630127,0.8551275730133057
YNL147W,YGR276C,0,-0.7472277,0.10454640537500381,0.993034839630127,0.8552275896072388
YER087W,YKL074C,0,-0.7474506,0.10453545302152634,0.993034839630127,0.8553276658058167
YKL061W,YOL028C,0,-0.7478472,0.10452450811862946,0.993034839630127,0.8554277420043945
YDR527W,YOL093W,0,-0.7478809,0.10451356321573257,0.993034839630127,0.8555277585983276
YKL205W,YJR112W,0,-0.748175,0.1045026183128357,0.993034839630127,0.8556278347969055
YDR263C,YOR176W,0,-0.74822694,0.10449167340993881,0.993034839630127,0.8557278513908386
YHR041C,YDR392W,0,-0.7484442,0.10448073595762253,0.993034839630127,0.8558279275894165
YGR081C,YIL006W,0,-0.7484862,0.10446979850530624,0.993034839630127,0.8559279441833496
YER168C,YFR052W,0,-0.74865186,0.10445886850357056,0.993034839630127,0.8560280203819275
YPR162C,YJL060W,0,-0.74869424,0.10444793105125427,0.993034839630127,0.8561280369758606
YKL007W,YPL180W,0,-0.74894804,0.10443700104951859,0.993034839630127,0.8562281131744385
YLR141W,YOL043C,0,-0.74910897,0.1044260784983635,0.993034839630127,0.8563281893730164
YER168C,YEL056W,0,-0.74917096,0.10441514849662781,0.993034839630127,0.8564282059669495
YIL135C,YHR079C,0,-0.74931294,0.10440422594547272,0.993034839630127,0.8565282821655273
YKL001C,YKR026C,0,-0.7494771,0.10439330339431763,0.993034839630127,0.8566282987594604
YJR055W,YBR042C,0,-0.74960893,0.10438238829374313,0.993034839630127,0.8567283749580383
YMR272C,YBR243C,0,-0.7499235,0.10437147319316864,0.993034839630127,0.8568283915519714
YDR026C,YOR194C,0,-0.7500344,0.10436055809259415,0.993034839630127,0.8569284677505493
YNL085W,YER162C,0,-0.75004315,0.10434964299201965,0.993034839630127,0.8570285439491272
YOR206W,YOR274W,0,-0.75007,0.10433873534202576,0.993034839630127,0.8571285605430603
YGR179C,YNL262W,0,-0.75020653,0.10432782769203186,0.993034839630127,0.8572286367416382
YJL214W,YCL052C,0,-0.7502916,0.10431692004203796,0.993034839630127,0.8573286533355713
YIL139C,YNR021W,0,-0.7509977,0.10430601984262466,0.993034839630127,0.8574287295341492
YPR026W,YNL273W,0,-0.75105304,0.10429511964321136,0.993034839630127,0.8575287461280823
YDR034C,YJL103C,0,-0.7512546,0.10428421944379807,0.993034839630127,0.8576288223266602
YJL140W,YMR246W,0,-0.7515126,0.10427332669496536,0.993034839630127,0.8577288389205933
YJL166W,YMR240C,0,-0.7517131,0.10426243394613266,0.993034839630127,0.8578289151191711
YLR447C,YGL163C,0,-0.7520144,0.10425154119729996,0.993034839630127,0.857928991317749
YKL210W,YJL149W,0,-0.7521469,0.10424064844846725,0.993034839630127,0.8580290079116821
YMR308C,YBR192W,0,-0.75241727,0.10422976315021515,0.993034839630127,0.85812908411026
YDR351W,YNL079C,0,-0.75267106,0.10421887785196304,0.993034839630127,0.8582291007041931
YPL150W,YJR031C,0,-0.75268406,0.10420800000429153,0.993034839630127,0.858329176902771
YLR219W,YKR002W,0,-0.7526849,0.10419711470603943,0.993034839630127,0.8584291934967041
YOL026C,YOR349W,0,-0.75282294,0.10418624430894852,0.993034839630127,0.858529269695282
YOL082W,YJL081C,0,-0.7529058,0.10417536646127701,0.993034839630127,0.8586292862892151
YDL054C,YJR101W,0,-0.7529979,0.1041644886136055,0.993034839630127,0.858729362487793
YFL048C,YER171W,0,-0.7530852,0.10415361821651459,0.993034839630127,0.8588294386863708
YDL036C,YOR275C,0,-0.7533607,0.10414275527000427,0.993034839630127,0.858929455280304
YPR060C,YDL225W,0,-0.7533904,0.10413188487291336,0.993034839630127,0.8590295314788818
YEL012W,YKR008W,0,-0.75356716,0.10412102192640305,0.993034839630127,0.8591295480728149
YDL206W,YGL256W,0,-0.75382084,0.10411015897989273,0.993034839630127,0.8592296242713928
YLR268W,YNR035C,0,-0.7546652,0.10409930348396301,0.993034839630127,0.8593296408653259
YOL145C,YPR198W,0,-0.7546943,0.1040884405374527,0.993034839630127,0.8594297170639038
YGL172W,YOR292C,0,-0.754919,0.10407759249210358,0.993034839630127,0.8595297932624817
YAL005C,YNL145W,1,-0.75492704,0.10417100787162781,0.9940298795700073,0.8595297932624817
YOR138C,YLR389C,0,-0.754944,0.10416015237569809,0.9940298795700073,0.8596298098564148
YOR323C,YDL045C,0,-0.7551559,0.10414928942918777,0.9940298795700073,0.8597298860549927
YNL070W,YDR260C,0,-0.75584,0.10413843393325806,0.9940298795700073,0.8598299026489258
YBR274W,YER168C,0,-0.75598454,0.10412757843732834,0.9940298795700073,0.8599299788475037
YKL201C,YKL206C,0,-0.756003,0.10411673039197922,0.9940298795700073,0.8600299954414368
YDR195W,YNR010W,0,-0.7560075,0.1041058748960495,0.9940298795700073,0.8601300716400146
YBR278W,YMR270C,0,-0.75651515,0.10409502685070038,0.9940298795700073,0.8602300882339478
YPR137W,YDR260C,0,-0.7565636,0.10408418625593185,0.9940298795700073,0.8603301644325256
YHR030C,YBR192W,0,-0.75670207,0.10407333821058273,0.9940298795700073,0.8604302406311035
YGL200C,YDR416W,0,-0.7570361,0.10406249761581421,0.9940298795700073,0.8605302572250366
YHR058C,YKL124W,0,-0.75731856,0.10405166447162628,0.9940298795700073,0.8606303334236145
YDL078C,YDL015C,0,-0.75739914,0.10404082387685776,0.9940298795700073,0.8607303500175476
YIL094C,YDR222W,0,-0.7574375,0.10402999073266983,0.9940298795700073,0.8608304262161255
YLR429W,YPL096W,0,-0.75752616,0.1040191575884819,0.9940298795700073,0.8609304428100586
YLR165C,YHR082C,0,-0.75774163,0.10400833189487457,0.9940298795700073,0.8610305190086365
YMR238W,YOL052C,0,-0.7577671,0.10399749875068665,0.9940298795700073,0.8611305356025696
YDR454C,YDR138W,0,-0.7579883,0.10398667305707932,0.9940298795700073,0.8612306118011475
YBR260C,YDR392W,0,-0.759083,0.10397585481405258,0.9940298795700073,0.8613306879997253
YEL052W,YLR020C,0,-0.759415,0.10396502912044525,0.9940298795700073,0.8614307045936584
YAL040C,YHR057C,0,-0.7595052,0.10395421087741852,0.9940298795700073,0.8615307807922363
YOR283W,YML030W,0,-0.7597119,0.10394340008497238,0.9940298795700073,0.8616307973861694
YDR378C,YMR300C,0,-0.76055413,0.10393258184194565,0.9940298795700073,0.8617308735847473
YGR251W,YKL015W,0,-0.7608012,0.10392177104949951,0.9940298795700073,0.8618308901786804
YDR389W,YNL026W,0,-0.76103264,0.10391096025705338,0.9940298795700073,0.8619309663772583
YIL083C,YKR101W,0,-0.76128006,0.10390015691518784,0.9940298795700073,0.8620310425758362
YKL174C,YEL029C,0,-0.7612981,0.1038893535733223,0.9940298795700073,0.8621310591697693
YOL054W,YLL040C,0,-0.76288384,0.10387855023145676,0.9940298795700073,0.8622311353683472
YDL097C,YDR222W,0,-0.76312304,0.10386774688959122,0.9940298795700073,0.8623311519622803
YLR228C,YDR172W,0,-0.7632069,0.10385695099830627,0.9940298795700073,0.8624312281608582
YPL129W,YNL208W,0,-0.7634651,0.10384615510702133,0.9940298795700073,0.8625312447547913
YEL037C,YNR018W,0,-0.76358485,0.10383535921573639,0.9940298795700073,0.8626313209533691
YML112W,YKL001C,0,-0.7636096,0.10382457077503204,0.9940298795700073,0.8627313375473022
YKR056W,YLL027W,0,-0.7636411,0.1038137823343277,0.9940298795700073,0.8628314137458801
YNL084C,YLR316C,0,-0.76396996,0.10380299389362335,0.9940298795700073,0.862931489944458
YNL172W,YNL282W,0,-0.7642879,0.103792205452919,0.9940298795700073,0.8630315065383911
YDR494W,YEL062W,0,-0.7645995,0.10378142446279526,0.9940298795700073,0.863131582736969
YLR321C,YCL052C,0,-0.76487654,0.10377064347267151,0.9940298795700073,0.8632315993309021
YPR024W,YGR251W,0,-0.7655384,0.10375986993312836,0.9940298795700073,0.86333167552948
YLR425W,YLR383W,0,-0.7657403,0.10374908894300461,0.9940298795700073,0.8634316921234131
YDR159W,YLR389C,0,-0.7657451,0.10373831540346146,0.9940298795700073,0.863531768321991
YFL013C,YDR262W,0,-0.76602983,0.1037275493144989,0.9940298795700073,0.8636318445205688
YOL112W,YPL188W,0,-0.76618624,0.10371677577495575,0.9940298795700073,0.863731861114502
YHR002W,YLR206W,0,-0.7662073,0.1037060096859932,0.9940298795700073,0.8638319373130798
YOR340C,YOR085W,0,-0.7668589,0.10369524359703064,0.9940298795700073,0.8639319539070129
YNL153C,YGR221C,0,-0.76687807,0.10368448495864868,0.9940298795700073,0.8640320301055908
YOR084W,YPL096W,0,-0.7672378,0.10367372632026672,0.9940298795700073,0.8641320466995239
YJR070C,YBR261C,0,-0.76734173,0.10366296768188477,0.9940298795700073,0.8642321228981018
YGR113W,YAL029C,0,-0.76762813,0.10365220904350281,0.9940298795700073,0.8643321394920349
YCR030C,YML097C,0,-0.7681057,0.10364145785570145,0.9940298795700073,0.8644322156906128
YOR232W,YLR145W,0,-0.76822585,0.10363070666790009,0.9940298795700073,0.8645322918891907
YIL108W,YOR287C,0,-0.76824415,0.10361995548009872,0.9940298795700073,0.8646323084831238
YDR211W,YGL113W,0,-0.76824933,0.10360921174287796,0.9940298795700073,0.8647323846817017
YLR295C,YDR296W,0,-0.76964504,0.1035984680056572,0.9940298795700073,0.8648324012756348
YLR383W,YDR449C,0,-0.769671,0.10358772426843643,0.9940298795700073,0.8649324774742126
YML051W,YOR311C,0,-0.7700213,0.10357698053121567,0.9940298795700073,0.8650324940681458
YDL197C,YNR006W,0,-0.77032954,0.1035662442445755,0.9940298795700073,0.8651325702667236
YMR087W,YLR088W,0,-0.7703511,0.10355550795793533,0.9940298795700073,0.8652325868606567
YOL142W,YGR258C,0,-0.7712103,0.10354477912187576,0.9940298795700073,0.8653326630592346
YDR164C,YBR230C,0,-0.7712303,0.1035340428352356,0.9940298795700073,0.8654327392578125
YBR260C,YJR032W,0,-0.7715561,0.10352331399917603,0.9940298795700073,0.8655327558517456
YBR195C,YKR054C,0,-0.7724264,0.10351259261369705,0.9940298795700073,0.8656328320503235
YBR282W,YOR251C,0,-0.7728712,0.10350186377763748,0.9940298795700073,0.8657328486442566
YNL273W,YKR028W,0,-0.7730673,0.10349114239215851,0.9940298795700073,0.8658329248428345
YJL060W,YDL015C,0,-0.77314323,0.10348042100667953,0.9940298795700073,0.8659329414367676
YLR110C,YLL024C,1,-0.7735378,0.103573277592659,0.9950248599052429,0.8659329414367676
YKR002W,YKL189W,0,-0.7735749,0.10356254875659943,0.9950248599052429,0.8660330176353455
YGR179C,YKL015W,0,-0.77397364,0.10355182737112045,0.9950248599052429,0.8661330938339233
YLL002W,YKL175W,0,-0.7741645,0.10354110598564148,0.9950248599052429,0.8662331104278564
YKR036C,YIL021W,0,-0.7746071,0.1035303846001625,0.9950248599052429,0.8663331866264343
YLR107W,YLR163C,0,-0.7748094,0.10351967066526413,0.9950248599052429,0.8664332032203674
YOR126C,YNL274C,0,-0.7748667,0.10350895673036575,0.9950248599052429,0.8665332794189453
YER145C,YGR222W,0,-0.7750437,0.10349824279546738,0.9950248599052429,0.8666332960128784
YGL237C,YPL064C,0,-0.7750724,0.103487528860569,0.9950248599052429,0.8667333722114563
YDR170C,YJR053W,0,-0.7755032,0.10347682237625122,0.9950248599052429,0.8668333888053894
YLR033W,YGL060W,0,-0.77569723,0.10346611589193344,0.9950248599052429,0.8669334650039673
YDR451C,YJL085W,0,-0.77573687,0.10345540940761566,0.9950248599052429,0.8670335412025452
YCL024W,YDR389W,0,-0.7759691,0.10344471037387848,0.9950248599052429,0.8671335577964783
YOR138C,YGR145W,0,-0.77656966,0.1034340113401413,0.9950248599052429,0.8672336339950562
YBR261C,YPR125W,0,-0.77726233,0.10342331230640411,0.9950248599052429,0.8673336505889893
YPR196W,YLR289W,0,-0.77736944,0.10341261327266693,0.9950248599052429,0.8674337267875671
YGL172W,YOR298W,0,-0.77772546,0.10340192168951035,0.9950248599052429,0.8675337433815002
YLR025W,YLR270W,0,-0.777924,0.10339123010635376,0.9950248599052429,0.8676338195800781
YFR029W,YCR002C,0,-0.7781645,0.10338054597377777,0.9950248599052429,0.867733895778656
YOR291W,YJL071W,0,-0.7781741,0.10336985439062119,0.9950248599052429,0.8678339123725891
YPL110C,YOL093W,0,-0.77829754,0.1033591702580452,0.9950248599052429,0.867933988571167
YER090W,YPL065W,0,-0.77834105,0.1033484935760498,0.9950248599052429,0.8680340051651001
YDL015C,YHR057C,0,-0.7792892,0.10333780944347382,0.9950248599052429,0.868134081363678
YCL057W,YOR313C,0,-0.7794559,0.10332713276147842,0.9950248599052429,0.8682340979576111
YJR006W,YIL021W,0,-0.7794932,0.10331645607948303,0.9950248599052429,0.868334174156189
YMR078C,YGR171C,0,-0.7798973,0.10330578684806824,0.9950248599052429,0.8684341907501221
YLL002W,YMR034C,0,-0.78002346,0.10329511761665344,0.9950248599052429,0.8685342669487
YDR494W,YJL024C,0,-0.7800469,0.10328444838523865,0.9950248599052429,0.8686343431472778
YPR072W,YKL190W,0,-0.7804668,0.10327377915382385,0.9950248599052429,0.8687343597412109
YGR012W,YKL095W,0,-0.78051466,0.10326311737298965,0.9950248599052429,0.8688344359397888
YMR049C,YMR005W,0,-0.7806112,0.10325245559215546,0.9950248599052429,0.8689344525337219
YLL012W,YMR240C,0,-0.78094095,0.10324179381132126,0.9950248599052429,0.8690345287322998
YLR219W,YJL176C,0,-0.7810773,0.10323113203048706,0.9950248599052429,0.8691345453262329
YLR425W,YOR232W,0,-0.78147435,0.10322047770023346,0.9950248599052429,0.8692346215248108
YPR111W,YKR068C,0,-0.78155607,0.10320982336997986,0.9950248599052429,0.8693346381187439
YOR291W,YLR383W,0,-0.78167045,0.10319917649030685,0.9950248599052429,0.8694347143173218
YNL231C,YIL143C,0,-0.78253967,0.10318852216005325,0.9950248599052429,0.8695347905158997
YLR080W,YIL142W,0,-0.782606,0.10317787528038025,0.9950248599052429,0.8696348071098328
YKR071C,YLR203C,0,-0.7826973,0.10316723585128784,0.9950248599052429,0.8697348833084106
YDR454C,YLR386W,0,-0.7828581,0.10315658897161484,0.9950248599052429,0.8698348999023438
YNL008C,YDR454C,0,-0.7830799,0.10314594954252243,0.9950248599052429,0.8699349761009216
YDR140W,YNR010W,0,-0.7833031,0.10313531011343002,0.9950248599052429,0.8700349926948547
YDR260C,YJR103W,0,-0.7833381,0.10312467813491821,0.9950248599052429,0.8701350688934326
YJR151C,YGL062W,0,-0.78383106,0.1031140461564064,0.9950248599052429,0.8702351450920105
YNL172W,YMR032W,0,-0.78408986,0.10310341417789459,0.9950248599052429,0.8703351616859436
YBR247C,YMR097C,0,-0.7843119,0.10309278219938278,0.9950248599052429,0.8704352378845215
YNL027W,YMR273C,0,-0.7843421,0.10308215767145157,0.9950248599052429,0.8705352544784546
YPR144C,YGR276C,0,-0.7844991,0.10307153314352036,0.9950248599052429,0.8706353306770325
YIL002C,YEL031W,0,-0.78575546,0.10306090861558914,0.9950248599052429,0.8707353472709656
YMR146C,YMR075W,0,-0.78582233,0.10305029153823853,0.9950248599052429,0.8708354234695435
YKR055W,YHR079C,0,-0.78585035,0.10303966701030731,0.9950248599052429,0.8709354400634766
YDL015C,YDL170W,0,-0.78586525,0.10302905738353729,0.9950248599052429,0.8710355162620544
YMR179W,YIL083C,0,-0.7859933,0.10301844030618668,0.9950248599052429,0.8711355924606323
YDR159W,YDR497C,0,-0.78619957,0.10300783067941666,0.9950248599052429,0.8712356090545654
YJR119C,YLR330W,0,-0.7862349,0.10299722105264664,0.9950248599052429,0.8713356852531433
YPR171W,YPL096W,0,-0.786351,0.10298661142587662,0.9950248599052429,0.8714357018470764
YER013W,YDR196C,0,-0.7863663,0.1029760092496872,0.9950248599052429,0.8715357780456543
YHR143W,YJR153W,1,-0.7874513,0.10306836664676666,0.9960198998451233,0.8715357780456543
YMR193W,YBR281C,0,-0.78747666,0.10305775701999664,0.9960198998451233,0.8716357946395874
YLR447C,YIL177C,0,-0.78757125,0.10304714739322662,0.9960198998451233,0.8717358708381653
YJR138W,YGR285C,0,-0.78761154,0.1030365377664566,0.9960198998451233,0.8718359470367432
YDR473C,YGR255C,0,-0.78769976,0.10302593559026718,0.9960198998451233,0.8719359636306763
YPL180W,YBR141C,0,-0.7877089,0.10301533341407776,0.9960198998451233,0.8720360398292542
YML006C,YOR294W,0,-0.787993,0.10300473123788834,0.9960198998451233,0.8721360564231873
YNL160W,YGR255C,0,-0.7886099,0.10299413651227951,0.9960198998451233,0.8722361326217651
YJR004C,YNL302C,0,-0.7886782,0.10298354178667068,0.9960198998451233,0.8723361492156982
YPR072W,YMR284W,0,-0.78908366,0.10297294706106186,0.9960198998451233,0.8724362254142761
YDR371W,YOR283W,0,-0.7891802,0.10296235233545303,0.9960198998451233,0.8725362420082092
YLL029W,YPL087W,0,-0.78939307,0.1029517650604248,0.9960198998451233,0.8726363182067871
YMR179W,YER090W,0,-0.78985834,0.10294117778539658,0.9960198998451233,0.872736394405365
YJR138W,YDL045C,0,-0.7900918,0.10293059051036835,0.9960198998451233,0.8728364109992981
YPR091C,YJL149W,0,-0.79028136,0.10292001068592072,0.9960198998451233,0.872936487197876
YNL297C,YGR167W,0,-0.7903154,0.10290943086147308,0.9960198998451233,0.8730365037918091
YGR056W,YDR030C,0,-0.7905753,0.10289885103702545,0.9960198998451233,0.873136579990387
YDL142C,YMR075W,0,-0.7906201,0.10288827121257782,0.9960198998451233,0.8732365965843201
YMR089C,YPL240C,0,-0.7906292,0.10287769883871078,0.9960198998451233,0.873336672782898
YGL062W,YGR113W,0,-0.790901,0.10286712646484375,0.9960198998451233,0.873436689376831
YHR059W,YPR030W,0,-0.7915793,0.10285655409097672,0.9960198998451233,0.8735367655754089
YMR033W,YFL057C,0,-0.7919259,0.10284598916769028,0.9960198998451233,0.8736368417739868
YHR002W,YOL108C,0,-0.7921034,0.10283542424440384,0.9960198998451233,0.8737368583679199
YOR243C,YHR057C,0,-0.79223305,0.1028248593211174,0.9960198998451233,0.8738369345664978
YKL166C,YPL112C,0,-0.79244345,0.10281429439783096,0.9960198998451233,0.8739369511604309
YLR080W,YDR260C,0,-0.79246706,0.10280373692512512,0.9960198998451233,0.8740370273590088
YNL095C,YFL023W,0,-0.7929501,0.10279317945241928,0.9960198998451233,0.8741370439529419
YDR262W,YGR276C,0,-0.79374206,0.10278262943029404,0.9960198998451233,0.8742371201515198
YNL223W,YNR015W,0,-0.79414284,0.1027720719575882,0.9960198998451233,0.8743371963500977
YML006C,YOR222W,0,-0.7943006,0.10276152193546295,0.9960198998451233,0.8744372129440308
YDR423C,YBR282W,0,-0.7943035,0.10275097191333771,0.9960198998451233,0.8745372891426086
YCL024W,YKL168C,0,-0.7944798,0.10274042934179306,0.9960198998451233,0.8746373057365417
YDR499W,YOR180C,0,-0.79455686,0.10272988677024841,0.9960198998451233,0.8747373819351196
YNL271C,YMR284W,0,-0.79458934,0.10271934419870377,0.9960198998451233,0.8748373985290527
YDR460W,YER125W,0,-0.7954852,0.10270880162715912,0.9960198998451233,0.8749374747276306
YLR191W,YCL024W,0,-0.7955941,0.10269826650619507,0.9960198998451233,0.8750374913215637
YJR127C,YLR350W,0,-0.7957811,0.10268773138523102,0.9960198998451233,0.8751375675201416
YDR067C,YKL119C,0,-0.7960877,0.10267719626426697,0.9960198998451233,0.8752376437187195
YDR072C,YMR099C,0,-0.7961506,0.10266666859388351,0.9960198998451233,0.8753376603126526
YLR080W,YDR494W,0,-0.79633564,0.10265614092350006,0.9960198998451233,0.8754377365112305
YDR196C,YBR275C,0,-0.7965435,0.10264561325311661,0.9960198998451233,0.8755377531051636
YDR144C,YCR057C,0,-0.796722,0.10263508558273315,0.9960198998451233,0.8756378293037415
YML112W,YFR045W,0,-0.7969711,0.1026245653629303,0.9960198998451233,0.8757378458976746
YER101C,YGR095C,0,-0.79763895,0.10261404514312744,0.9960198998451233,0.8758379220962524
YKR036C,YKL041W,0,-0.79811907,0.10260352492332458,0.9960198998451233,0.8759379982948303
YLR206W,YGR134W,0,-0.79812324,0.10259301215410233,0.9960198998451233,0.8760380148887634
YNL131W,YFR033C,0,-0.79827696,0.10258249938488007,0.9960198998451233,0.8761380910873413
YPR137W,YNR015W,0,-0.7982946,0.1025719866156578,0.9960198998451233,0.8762381076812744
YNR006W,YBL026W,0,-0.7986432,0.10256147384643555,0.9960198998451233,0.8763381838798523
YGL103W,YOR098C,0,-0.79926866,0.10255096852779388,0.9960198998451233,0.8764382004737854
YKL168C,YOR162C,0,-0.80005664,0.10254046320915222,0.9960198998451233,0.8765382766723633
YOR232W,YMR200W,0,-0.80013895,0.10252995789051056,0.9960198998451233,0.8766382932662964
YDR351W,YDR454C,0,-0.8001919,0.1025194600224495,0.9960198998451233,0.8767383694648743
YDR512C,YNL208W,0,-0.8004678,0.10250896215438843,0.9960198998451233,0.8768384456634521
YGL174W,YJR103W,0,-0.800603,0.10249846428632736,0.9960198998451233,0.8769384622573853
YLL045C,YJR053W,0,-0.80104876,0.1024879664182663,0.9960198998451233,0.8770385384559631
YML071C,YPR138C,0,-0.80118096,0.10247747600078583,0.9960198998451233,0.8771385550498962
YDR416W,YKL189W,0,-0.8014983,0.10246698558330536,0.9960198998451233,0.8772386312484741
YHR132C,YDR369C,0,-0.80157787,0.10245650261640549,0.9960198998451233,0.8773386478424072
YLL027W,YMR239C,0,-0.8018958,0.10244601219892502,0.9960198998451233,0.8774387240409851
YMR269W,YLR224W,0,-0.8023414,0.10243552923202515,0.9960198998451233,0.8775387406349182
YOL045W,YDR260C,0,-0.8023439,0.10242504626512527,0.9960198998451233,0.8776388168334961
YNL172W,YLR394W,0,-0.8025281,0.102414570748806,0.9960198998451233,0.877738893032074
YIL046W,YNL258C,0,-0.80267924,0.10240409523248672,0.9960198998451233,0.8778389096260071
YKL190W,YNL084C,0,-0.80281484,0.10239361971616745,0.9960198998451233,0.877938985824585
YJR092W,YFR001W,0,-0.80422276,0.10238314419984818,0.9960198998451233,0.8780390024185181
YLR383W,YLR219W,0,-0.8049026,0.1023726761341095,0.9960198998451233,0.878139078617096
YMR284W,YKR066C,0,-0.805099,0.10236220806837082,0.9960198998451233,0.878239095211029
YLR429W,YJL006C,0,-0.8051978,0.10235174000263214,0.9960198998451233,0.8783391714096069
YLR025W,YJL124C,0,-0.80554575,0.10234127193689346,0.9960198998451233,0.8784392476081848
YNL271C,YOL107W,0,-0.8057838,0.10233081132173538,0.9960198998451233,0.8785392642021179
YFR045W,YJR149W,0,-0.80588186,0.1023203507065773,0.9960198998451233,0.8786393404006958
YML051W,YAL029C,0,-0.80599016,0.10230989009141922,0.9960198998451233,0.8787393569946289
YDL170W,YBL079W,0,-0.80600625,0.10229943692684174,0.9960198998451233,0.8788394331932068
YFR045W,YLL040C,0,-0.8060701,0.10228898376226425,0.9960198998451233,0.8789394497871399
YAR002C-A,YIL095W,0,-0.80626607,0.10227853059768677,0.9960198998451233,0.8790395259857178
YKL003C,YLR348C,0,-0.80642265,0.10226808488368988,0.9960198998451233,0.8791395425796509
YOL052C,YOR162C,0,-0.8064411,0.102257639169693,0.9960198998451233,0.8792396187782288
YBR066C,YOL090W,0,-0.8067663,0.1022471934556961,0.9960198998451233,0.8793396949768066
YMR238W,YBL079W,0,-0.80765486,0.10223674774169922,0.9960198998451233,0.8794397115707397
YHR029C,YMR078C,0,-0.80770665,0.10222630947828293,0.9960198998451233,0.8795397877693176
YOR323C,YMR038C,0,-0.8082569,0.10221587121486664,0.9960198998451233,0.8796398043632507
YGR189C,YJR151C,1,-0.80831975,0.10230753570795059,0.9970149397850037,0.8796398043632507
YNL281W,YLR026C,0,-0.80860394,0.1022970899939537,0.9970149397850037,0.8797398805618286
YDR067C,YPR060C,0,-0.80863935,0.10228664427995682,0.9970149397850037,0.8798398971557617
YDR285W,YFL048C,0,-0.8101759,0.10227620601654053,0.9970149397850037,0.8799399733543396
YOL026C,YPL129W,0,-0.81044346,0.10226576775312424,0.9970149397850037,0.8800400495529175
YFL048C,YLR026C,0,-0.81123155,0.10225532948970795,0.9970149397850037,0.8801400661468506
YGR081C,YOL010W,0,-0.81163937,0.10224489867687225,0.9970149397850037,0.8802401423454285
YGR281W,YLR291C,0,-0.8121484,0.10223446786403656,0.9970149397850037,0.8803401589393616
YBR274W,YNL298W,0,-0.8124046,0.10222403705120087,0.9970149397850037,0.8804402351379395
YGL037C,YOR180C,0,-0.81247014,0.10221360623836517,0.9970149397850037,0.8805402517318726
YGR179C,YPL188W,0,-0.8137782,0.10220318287611008,0.9970149397850037,0.8806403279304504
YGL241W,YGR255C,0,-0.81397825,0.10219275951385498,0.9970149397850037,0.8807403445243835
YMR179W,YBR061C,0,-0.8143261,0.10218233615159988,0.9970149397850037,0.8808404207229614
YOR159C,YBR222C,0,-0.81438786,0.10217192023992538,0.9970149397850037,0.8809404969215393
YHR047C,YPR204W,0,-0.8147544,0.10216150432825089,0.9970149397850037,0.8810405135154724
YKL078W,YBR074W,0,-0.81616044,0.10215108841657639,0.9970149397850037,0.8811405897140503
YEL030W,YDL128W,0,-0.81694067,0.10214067250490189,0.9970149397850037,0.8812406063079834
YJL004C,YNL026W,0,-0.81709915,0.10213026404380798,0.9970149397850037,0.8813406825065613
YNL304W,YPL099C,0,-0.8171838,0.10211985558271408,0.9970149397850037,0.8814406991004944
YOR216C,YKL189W,0,-0.81741124,0.10210944712162018,0.9970149397850037,0.8815407752990723
YFR013W,YPL134C,0,-0.8174312,0.10209903866052628,0.9970149397850037,0.8816407918930054
YHL034C,YGR255C,0,-0.8175644,0.10208863765001297,0.9970149397850037,0.8817408680915833
YDR131C,YNL307C,0,-0.8178814,0.10207823663949966,0.9970149397850037,0.8818409442901611
YDR518W,YOR239W,0,-0.8181688,0.10206784307956696,0.9970149397850037,0.8819409608840942
YER008C,YPR083W,0,-0.8182917,0.10205744206905365,0.9970149397850037,0.8820410370826721
YGL237C,YMR172W,0,-0.8183797,0.10204704850912094,0.9970149397850037,0.8821410536766052
YMR123W,YHR085W,0,-0.81864864,0.10203666239976883,0.9970149397850037,0.8822411298751831
YMR301C,YLR026C,0,-0.8188161,0.10202626883983612,0.9970149397850037,0.8823411464691162
YNL008C,YLR244C,0,-0.81888014,0.10201588273048401,0.9970149397850037,0.8824412226676941
YGR056W,YGL169W,0,-0.81889945,0.1020054966211319,0.9970149397850037,0.882541298866272
YDR494W,YFL054C,0,-0.8189027,0.10199511051177979,0.9970149397850037,0.8826413154602051
YKL144C,YJL176C,0,-0.81953186,0.10198473185300827,0.9970149397850037,0.882741391658783
YMR270C,YGR089W,0,-0.8195972,0.10197435319423676,0.9970149397850037,0.8828414082527161
YML006C,YHR156C,0,-0.8202241,0.10196397453546524,0.9970149397850037,0.882941484451294
YDL036C,YDR170C,0,-0.8207795,0.10195360332727432,0.9970149397850037,0.883041501045227
YJL011C,YDR207C,0,-0.821111,0.1019432321190834,0.9970149397850037,0.8831415772438049
YBR271W,YDR262W,0,-0.8211158,0.10193286091089249,0.9970149397850037,0.883241593837738
YPR171W,YJL081C,0,-0.82127136,0.10192248970270157,0.9970149397850037,0.8833416700363159
YGR012W,YJL192C,0,-0.82139105,0.10191212594509125,0.9970149397850037,0.8834417462348938
YLR394W,YPL007C,0,-0.8214455,0.10190176218748093,0.9970149397850037,0.8835417628288269
YJR151C,YAL017W,0,-0.82170725,0.1018913984298706,0.9970149397850037,0.8836418390274048
YIL088C,YOR162C,0,-0.8218597,0.10188103467226028,0.9970149397850037,0.8837418556213379
YPL104W,YDL097C,0,-0.8219968,0.10187067836523056,0.9970149397850037,0.8838419318199158
YBR066C,YGL216W,0,-0.82217723,0.10186032205820084,0.9970149397850037,0.8839419484138489
YPL151C,YLR268W,0,-0.8223741,0.10184997320175171,0.9970149397850037,0.8840420246124268
YDR207C,YBR173C,0,-0.822447,0.10183961689472198,0.9970149397850037,0.8841421008110046
YOR287C,YMR020W,0,-0.8229235,0.10182926803827286,0.9970149397850037,0.8842421174049377
YHR047C,YBR128C,0,-0.82298404,0.10181891918182373,0.9970149397850037,0.8843421936035156
YGL203C,YDR207C,0,-0.8230808,0.1018085777759552,0.9970149397850037,0.8844422101974487
YOR382W,YGL233W,0,-0.82315433,0.10179822891950607,0.9970149397850037,0.8845422863960266
YDL029W,YHR156C,0,-0.8232849,0.10178788751363754,0.9970149397850037,0.8846423029899597
YLR203C,YMR210W,0,-0.8233586,0.10177755355834961,0.9970149397850037,0.8847423791885376
YDR296W,YNL239W,0,-0.823512,0.10176721215248108,0.9970149397850037,0.8848423957824707
YKR066C,YDR222W,0,-0.8235788,0.10175687819719315,0.9970149397850037,0.8849424719810486
YKL124W,YLR301W,0,-0.8238879,0.10174654424190521,0.9970149397850037,0.8850425481796265
YDL036C,YIL047C,0,-0.8240165,0.10173621773719788,0.9970149397850037,0.8851425647735596
YIR025W,YFR052W,0,-0.82519734,0.10172589123249054,0.9970149397850037,0.8852426409721375
YKL168C,YKL206C,0,-0.8261057,0.1017155647277832,0.9970149397850037,0.8853426575660706
YKL119C,YOR338W,0,-0.8270324,0.10170523822307587,0.9970149397850037,0.8854427337646484
YIL088C,YPL122C,0,-0.827146,0.10169491171836853,0.9970149397850037,0.8855427503585815
YCR093W,YNL274C,0,-0.82714605,0.10168459266424179,0.9970149397850037,0.8856428265571594
YJL112W,YDL198C,0,-0.8272359,0.10167427361011505,0.9970149397850037,0.8857428431510925
YJR140C,YDR173C,0,-0.8275158,0.10166396200656891,0.9970149397850037,0.8858429193496704
YMR200W,YKR028W,0,-0.82763785,0.10165365040302277,0.9970149397850037,0.8859429955482483
YLR244C,YKR068C,0,-0.82786506,0.10164333879947662,0.9970149397850037,0.8860430121421814
YOR275C,YOL090W,0,-0.82828766,0.10163302719593048,0.9970149397850037,0.8861430883407593
YDL015C,YGL174W,0,-0.82829595,0.10162271559238434,0.9970149397850037,0.8862431049346924
YJR055W,YPL167C,0,-0.8283848,0.10161241143941879,0.9970149397850037,0.8863431811332703
YKL168C,YDR404C,0,-0.8288402,0.10160210728645325,0.9970149397850037,0.8864431977272034
YPL083C,YDR457W,0,-0.8288658,0.1015918105840683,0.9970149397850037,0.8865432739257812
YFL038C,YBR282W,0,-0.8288682,0.10158150643110275,0.9970149397850037,0.8866433501243591
YIL142W,YJL006C,0,-0.82892877,0.1015712097287178,0.9970149397850037,0.8867433667182922
YPL151C,YDR159W,0,-0.82911056,0.10156091302633286,0.9970149397850037,0.8868434429168701
YDR030C,YDR405W,0,-0.8295559,0.1015506237745285,0.9970149397850037,0.8869434595108032
YBR275C,YGL050W,0,-0.829678,0.10154033452272415,0.9970149397850037,0.8870435357093811
YLR394W,YBR257W,0,-0.82994527,0.1015300452709198,0.9970149397850037,0.8871435523033142
YDR137W,YFL057C,0,-0.83003944,0.10151975601911545,0.9970149397850037,0.8872436285018921
YDL128W,YJL206C,0,-0.8311761,0.1015094742178917,0.9970149397850037,0.8873436450958252
YJR005W,YLR153C,0,-0.83186394,0.10149919241666794,0.9970149397850037,0.8874437212944031
YDR254W,YPL002C,0,-0.8319705,0.10148891061544418,0.9970149397850037,0.887543797492981
YDR285W,YPL112C,0,-0.8330641,0.10147862881422043,0.9970149397850037,0.8876438140869141
YBL026W,YNL262W,0,-0.8332142,0.10146835446357727,0.9970149397850037,0.8877438902854919
YOL070C,YGR276C,0,-0.8335628,0.10145808011293411,0.9970149397850037,0.887843906879425
YDR144C,YDR137W,0,-0.8337034,0.10144780576229095,0.9970149397850037,0.8879439830780029
YNL085W,YFL023W,0,-0.8338937,0.1014375388622284,0.9970149397850037,0.888043999671936
YKR071C,YOR317W,0,-0.83409786,0.10142727196216583,0.9970149397850037,0.8881440758705139
YDR196C,YIL080W,0,-0.83448297,0.10141700506210327,0.9970149397850037,0.888244092464447
YOR226C,YMR267W,0,-0.8345308,0.10140673816204071,0.9970149397850037,0.8883441686630249
YGL050W,YIR032C,0,-0.83485746,0.10139647871255875,0.9970149397850037,0.8884442448616028
YNL044W,YGR112W,0,-0.8350015,0.10138621926307678,0.9970149397850037,0.8885442614555359
YMR169C,YPL007C,0,-0.83544207,0.10137595981359482,0.9970149397850037,0.8886443376541138
YDL206W,YJR032W,0,-0.8360904,0.10136570781469345,0.9970149397850037,0.8887443542480469
YML097C,YML080W,0,-0.8366665,0.10135545581579208,0.9970149397850037,0.8888444304466248
YLL008W,YLR088W,0,-0.8367867,0.10134520381689072,0.9970149397850037,0.8889444470405579
YKR055W,YNL050C,0,-0.83712345,0.10133495181798935,0.9970149397850037,0.8890445232391357
YOR159C,YDR218C,0,-0.8374987,0.10132470726966858,0.9970149397850037,0.8891445994377136
YDR378C,YLL002W,0,-0.83791,0.10131446272134781,0.9970149397850037,0.8892446160316467
YCL014W,YGL174W,0,-0.8380193,0.10130421817302704,0.9970149397850037,0.8893446922302246
YDL215C,YDL225W,0,-0.84010214,0.10129397362470627,0.9970149397850037,0.8894447088241577
YLR244C,YLR321C,0,-0.840239,0.1012837365269661,0.9970149397850037,0.8895447850227356
YIR025W,YDL128W,0,-0.84099776,0.10127349942922592,0.9970149397850037,0.8896448016166687
YKR019C,YFR052W,0,-0.8414569,0.10126326233148575,0.9970149397850037,0.8897448778152466
YOR232W,YOL062C,0,-0.84193224,0.10125303268432617,0.9970149397850037,0.8898448944091797
YLR206W,YDR306C,0,-0.84198815,0.1012428030371666,0.9970149397850037,0.8899449706077576
YDR079W,YKL130C,0,-0.84224814,0.10123257339000702,0.9970149397850037,0.8900450468063354
YBR125C,YER013W,0,-0.84233534,0.10122234374284744,0.9970149397850037,0.8901450634002686
YFL033C,YDR081C,0,-0.8423701,0.10121212154626846,0.9970149397850037,0.8902451395988464
YPL098C,YER137C,0,-0.842591,0.10120189934968948,0.9970149397850037,0.8903451561927795
YBR261C,YDR260C,0,-0.8433705,0.1011916771531105,0.9970149397850037,0.8904452323913574
YLR404W,YLR219W,0,-0.8437832,0.10118146240711212,0.9970149397850037,0.8905452489852905
YBR276C,YLL043W,0,-0.84384966,0.10117124766111374,0.9970149397850037,0.8906453251838684
YKL074C,YPR127W,0,-0.84447944,0.10116103291511536,0.9970149397850037,0.8907454013824463
YNL008C,YLR429W,0,-0.844489,0.10115081816911697,0.9970149397850037,0.8908454179763794
YNL267W,YBL089W,0,-0.8445436,0.10114061087369919,0.9970149397850037,0.8909454941749573
YGR077C,YOR085W,0,-0.84481055,0.1011303961277008,0.9970149397850037,0.8910455107688904
YMR013C,YOR353C,0,-0.8449919,0.10112019628286362,0.9970149397850037,0.8911455869674683
YMR097C,YMR213W,0,-0.84520483,0.10110998898744583,0.9970149397850037,0.8912456035614014
YDR055W,YMR008C,1,-0.8454594,0.10120068490505219,0.998009979724884,0.8912456035614014
YDR172W,YNL027W,0,-0.8455556,0.1011904776096344,0.998009979724884,0.8913456797599792
YIL139C,YIL079C,0,-0.84555876,0.10118027031421661,0.998009979724884,0.8914456963539124
YDR034C,YNL236W,0,-0.8456319,0.10117006301879883,0.998009979724884,0.8915457725524902
YLL045C,YOR038C,0,-0.84616786,0.10115985572338104,0.998009979724884,0.8916458487510681
YKL007W,YML132W,0,-0.84649605,0.10114965587854385,0.998009979724884,0.8917458653450012
YNL027W,YNL258C,0,-0.84731764,0.10113945603370667,0.998009979724884,0.8918459415435791
YMR269W,YLR016C,0,-0.8475993,0.10112926363945007,0.998009979724884,0.8919459581375122
YGR167W,YLR145W,0,-0.8478074,0.10111906379461288,0.998009979724884,0.8920460343360901
YDR164C,YLR353W,0,-0.8478679,0.10110887140035629,0.998009979724884,0.8921460509300232
YLR191W,YDR404C,0,-0.84811586,0.1010986790060997,0.998009979724884,0.8922461271286011
YGL172W,YIR025W,0,-0.84826964,0.10108848661184311,0.998009979724884,0.8923461437225342
YIL002C,YFR045W,0,-0.8483002,0.10107830166816711,0.998009979724884,0.8924462199211121
YEL052W,YBR278W,0,-0.84909606,0.10106811672449112,0.998009979724884,0.8925462961196899
YBR059C,YLR050C,0,-0.8491693,0.10105793178081512,0.998009979724884,0.892646312713623
YBR125C,YGL050W,0,-0.84917885,0.10104775428771973,0.998009979724884,0.8927463889122009
YHR004C,YGL256W,0,-0.84920365,0.10103757679462433,0.998009979724884,0.892846405506134
YGR095C,YMR240C,0,-0.84969974,0.10102739930152893,0.998009979724884,0.8929464817047119
YMR093W,YNL239W,0,-0.85024875,0.10101722180843353,0.998009979724884,0.893046498298645
YGR238C,YKR069W,0,-0.8502678,0.10100705176591873,0.998009979724884,0.8931465744972229
YGL004C,YGR222W,0,-0.8506518,0.10099688172340393,0.998009979724884,0.8932466506958008
YHR060W,YOR327C,0,-0.8510141,0.10098671168088913,0.998009979724884,0.8933466672897339
YBR271W,YKR102W,0,-0.85133225,0.10097654163837433,0.998009979724884,0.8934467434883118
YCR030C,YDR034C,0,-0.8517875,0.10096637904644012,0.998009979724884,0.8935467600822449
YDR137W,YDR392W,0,-0.8518124,0.10095621645450592,0.998009979724884,0.8936468362808228
YLR025W,YIL132C,0,-0.8520895,0.10094605386257172,0.998009979724884,0.8937468528747559
YMR013C,YBR120C,0,-0.8521375,0.10093589872121811,0.998009979724884,0.8938469290733337
YPR167C,YLR080W,0,-0.85253614,0.1009257361292839,0.998009979724884,0.8939469456672668
YMR168C,YKR069W,0,-0.85325825,0.1009155884385109,0.998009979724884,0.8940470218658447
YFR029W,YLR145W,0,-0.8545602,0.10090543329715729,0.998009979724884,0.8941470980644226
YGL212W,YCL032W,0,-0.85483915,0.10089528560638428,0.998009979724884,0.8942471146583557
YOR176W,YGL071W,0,-0.8549149,0.10088513046503067,0.998009979724884,0.8943471908569336
YLR164W,YOR162C,0,-0.85543513,0.10087499022483826,0.998009979724884,0.8944472074508667
YKL119C,YMR301C,0,-0.85553133,0.10086484253406525,0.998009979724884,0.8945472836494446
YJL081C,YDR159W,0,-0.85591406,0.10085470229387283,0.998009979724884,0.8946473002433777
YLR289W,YKL174C,0,-0.85610294,0.10084456205368042,0.998009979724884,0.8947473764419556
YBL028C,YOL043C,0,-0.8567802,0.100834421813488,0.998009979724884,0.8948474526405334
YDR170C,YDL128W,0,-0.85693496,0.10082428902387619,0.998009979724884,0.8949474692344666
YNL282W,YOR324C,0,-0.85698456,0.10081414878368378,0.998009979724884,0.8950475454330444
YDR207C,YNL016W,0,-0.858278,0.10080402344465256,0.998009979724884,0.8951475620269775
YPL096W,YBR173C,0,-0.8583158,0.10079389065504074,0.998009979724884,0.8952476382255554
YLR389C,YLL043W,0,-0.8586293,0.10078376531600952,0.998009979724884,0.8953476548194885
YLR206W,YMR075W,0,-0.8588706,0.1007736325263977,0.998009979724884,0.8954477310180664
YDR530C,YDR364C,0,-0.8596948,0.10076351463794708,0.998009979724884,0.8955477476119995
YGL062W,YDL097C,0,-0.85978794,0.10075338929891586,0.998009979724884,0.8956478238105774
YOR054C,YML030W,0,-0.85986733,0.10074327141046524,0.998009979724884,0.8957479000091553
YMR038C,YDR304C,0,-0.8600813,0.10073315352201462,0.998009979724884,0.8958479166030884
YOR292C,YBR074W,0,-0.8601523,0.100723035633564,0.998009979724884,0.8959479928016663
YMR112C,YKL013C,0,-0.8604931,0.10071292519569397,0.998009979724884,0.8960480093955994
YJR101W,YDR140W,0,-0.8612388,0.10070281475782394,0.998009979724884,0.8961480855941772
YOR283W,YKL061W,0,-0.861556,0.10069270431995392,0.998009979724884,0.8962481021881104
YDL084W,YPL007C,0,-0.86226785,0.10068259388208389,0.998009979724884,0.8963481783866882
YJL187C,YPL065W,0,-0.8623838,0.10067249089479446,0.998009979724884,0.8964481949806213
YMR077C,YIL177C,0,-0.8630751,0.10066238790750504,0.998009979724884,0.8965482711791992
YBR059C,YDR415C,0,-0.8631344,0.1006522849202156,0.998009979724884,0.8966483473777771
YPL150W,YKL165C,0,-0.86315644,0.10064218193292618,0.998009979724884,0.8967483639717102
YMR097C,YPR119W,0,-0.86361825,0.10063208639621735,0.998009979724884,0.8968484401702881
YOL107W,YMR193W,0,-0.86364293,0.10062199085950851,0.998009979724884,0.8969484567642212
YIR025W,YBR074W,0,-0.86432236,0.10061189532279968,0.998009979724884,0.8970485329627991
YFR019W,YJL149W,0,-0.86470264,0.10060180723667145,0.998009979724884,0.8971485495567322
YHL034C,YOR038C,0,-0.8649606,0.10059171915054321,0.998009979724884,0.8972486257553101
YHR074W,YOR261C,0,-0.8655792,0.10058163106441498,0.998009979724884,0.8973487019538879
YBR196C,YML112W,0,-0.8668766,0.10057154297828674,0.998009979724884,0.897448718547821
YPR072W,YDR205W,0,-0.86745995,0.1005614623427391,0.998009979724884,0.8975487947463989
YBR275C,YBR282W,0,-0.8675061,0.10055138170719147,0.998009979724884,0.897648811340332
YLL004W,YOL062C,0,-0.8677237,0.10054130107164383,0.998009979724884,0.8977488875389099
YHR004C,YDR416W,0,-0.868054,0.10053122043609619,0.998009979724884,0.897848904132843
YLR080W,YMR087W,0,-0.8683066,0.10052114725112915,0.998009979724884,0.8979489803314209
YML112W,YDR262W,0,-0.8686386,0.10051107406616211,0.998009979724884,0.898048996925354
YOR274W,YKL175W,0,-0.8688213,0.10050100088119507,0.998009979724884,0.8981490731239319
YIL142W,YJR053W,0,-0.8703983,0.10049093514680862,0.998009979724884,0.8982491493225098
YAL005C,YBR301W,1,-0.8706642,0.10058104246854782,0.9990049600601196,0.8982491493225098
YDR082W,YOR275C,0,-0.872301,0.10057096928358078,0.9990049600601196,0.8983491659164429
YDR378C,YDL197C,0,-0.8723565,0.10056089609861374,0.9990049600601196,0.8984492421150208
YOL043C,YOR299W,0,-0.87248224,0.1005508229136467,0.9990049600601196,0.8985492587089539
YBR170C,YNL238W,0,-0.8728419,0.10054075717926025,0.9990049600601196,0.8986493349075317
YGL237C,YGR070W,0,-0.8741285,0.10053069144487381,0.9990049600601196,0.8987493515014648
YOR304W,YLR024C,0,-0.8745334,0.10052062571048737,0.9990049600601196,0.8988494277000427
YBR170C,YKL165C,0,-0.8748149,0.10051055997610092,0.9990049600601196,0.8989495038986206
YBR173C,YHR057C,0,-0.87484366,0.10050050169229507,0.9990049600601196,0.8990495204925537
YDL225W,YOR123C,0,-0.8748912,0.10049044340848923,0.9990049600601196,0.8991495966911316
YDL142C,YOR279C,0,-0.87544864,0.10048038512468338,0.9990049600601196,0.8992496132850647
YDR499W,YLR183C,0,-0.8754489,0.10047032684087753,0.9990049600601196,0.8993496894836426
YFR021W,YAR027W,0,-0.8755327,0.10046027600765228,0.9990049600601196,0.8994497060775757
YOL066C,YKL175W,0,-0.8763698,0.10045022517442703,0.9990049600601196,0.8995497822761536
YBR141C,YOR085W,0,-0.87758607,0.10044017434120178,0.9990049600601196,0.8996497988700867
YIR011C,YGL220W,0,-0.87768614,0.10043013095855713,0.9990049600601196,0.8997498750686646
YEL052W,YGR070W,0,-0.87884015,0.10042008757591248,0.9990049600601196,0.8998499512672424
YNL258C,YOR349W,0,-0.8791867,0.10041004419326782,0.9990049600601196,0.8999499678611755
YPL127C,YBR276C,0,-0.87952113,0.10040000081062317,0.9990049600601196,0.9000500440597534
YLL008W,YGL174W,0,-0.87966347,0.10038995742797852,0.9990049600601196,0.9001500606536865
YOR274W,YOR226C,0,-0.87982213,0.10037992149591446,0.9990049600601196,0.9002501368522644
YLR383W,YMR238W,0,-0.8800899,0.1003698855638504,0.9990049600601196,0.9003501534461975
YIL088C,YGR171C,0,-0.88048214,0.10035985708236694,0.9990049600601196,0.9004502296447754
YKR101W,YPL065W,0,-0.8807221,0.10034982860088348,0.9990049600601196,0.9005502462387085
YGR095C,YGL169W,0,-0.8808504,0.10033979266881943,0.9990049600601196,0.9006503224372864
YMR160W,YNR010W,0,-0.8814309,0.10032977163791656,0.9990049600601196,0.9007503986358643
YIL142W,YPL007C,0,-0.8814871,0.1003197431564331,0.9990049600601196,0.9008504152297974
YNL273W,YHR057C,0,-0.8814931,0.10030972212553024,0.9990049600601196,0.9009504914283752
YDR026C,YKL074C,0,-0.8816181,0.10029970109462738,0.9990049600601196,0.9010505080223083
YGR113W,YGR239C,0,-0.88183963,0.10028968006372452,0.9990049600601196,0.9011505842208862
YKL189W,YDR222W,0,-0.8819204,0.10027966648340225,0.9990049600601196,0.9012506008148193
YNL238W,YHR119W,0,-0.8819594,0.10026965290307999,0.9990049600601196,0.9013506770133972
YMR049C,YDR260C,0,-0.8819984,0.10025963932275772,0.9990049600601196,0.9014507532119751
YDL015C,YKL144C,0,-0.88226634,0.10024962574243546,0.9990049600601196,0.9015507698059082
YBR260C,YGR113W,0,-0.8830044,0.10023961961269379,0.9990049600601196,0.9016508460044861
YHR164C,YLR088W,0,-0.88318455,0.10022960603237152,0.9990049600601196,0.9017508625984192
YMR284W,YBR042C,0,-0.88418555,0.10021960735321045,0.9990049600601196,0.9018509387969971
YBR276C,YJL128C,0,-0.8843195,0.10020960122346878,0.9990049600601196,0.9019509553909302
YDR030C,YDL225W,0,-0.88440794,0.10019960254430771,0.9990049600601196,0.9020510315895081
YKL013C,YKL094W,0,-0.8846715,0.10018960386514664,0.9990049600601196,0.9021510481834412
YOR299W,YDR373W,0,-0.88497406,0.10017960518598557,0.9990049600601196,0.902251124382019
YNL283C,YHR058C,0,-0.88503104,0.1001696065068245,0.9990049600601196,0.9023512005805969
YLR080W,YMR112C,0,-0.8854727,0.10015961527824402,0.9990049600601196,0.90245121717453
YKL007W,YCR026C,0,-0.88557863,0.10014962404966354,0.9990049600601196,0.9025512933731079
YDR499W,YOR215C,0,-0.88614243,0.10013964027166367,0.9990049600601196,0.902651309967041
YOR071C,YLR208W,0,-0.8866566,0.10012964904308319,0.9990049600601196,0.9027513861656189
YLR425W,YPL208W,0,-0.8876979,0.10011966526508331,0.9990049600601196,0.902851402759552
YOR142W,YHR008C,0,-0.88835526,0.10010968148708344,0.9990049600601196,0.9029514789581299
YKL095W,YGR222W,0,-0.88864136,0.10009969770908356,0.9990049600601196,0.9030515551567078
YLR386W,YGL148W,0,-0.888649,0.10008972138166428,0.9990049600601196,0.9031515717506409
YBL041W,YJL081C,0,-0.88891107,0.100079745054245,0.9990049600601196,0.9032516479492188
YNL008C,YLR208W,0,-0.88906854,0.10006976872682571,0.9990049600601196,0.9033516645431519
YDR423C,YJL140W,0,-0.8891687,0.10005979984998703,0.9990049600601196,0.9034517407417297
YBR120C,YDR138W,0,-0.8892217,0.10004982352256775,0.9990049600601196,0.9035517573356628
YDR090C,YOR216C,0,-0.88930416,0.10003985464572906,0.9990049600601196,0.9036518335342407
YNL044W,YGR072W,0,-0.8893935,0.10002988576889038,0.9990049600601196,0.9037518501281738
YKL190W,YER101C,0,-0.88947946,0.1000199243426323,0.9990049600601196,0.9038519263267517
YDL107W,YDR138W,0,-0.8896753,0.1000099629163742,0.9990049600601196,0.9039520025253296
YEL036C,YGL241W,0,-0.89045686,0.10000000149011612,0.9990049600601196,0.9040520191192627
YPL083C,YBL052C,0,-0.89049715,0.09999004006385803,0.9990049600601196,0.9041520953178406
YBR230C,YCR052W,0,-0.8905159,0.09998008608818054,0.9990049600601196,0.9042521119117737
YMR160W,YFR033C,0,-0.89055616,0.09997013211250305,0.9990049600601196,0.9043521881103516
YFR031C,YGR089W,0,-0.8905787,0.09996017813682556,0.9990049600601196,0.9044522047042847
YDL107W,YLR390W,0,-0.8908524,0.09995022416114807,0.9990049600601196,0.9045522809028625
YJL004C,YMR160W,0,-0.8909578,0.09994027763605118,0.9990049600601196,0.9046522974967957
YOR054C,YML049C,0,-0.8910717,0.09993033111095428,0.9990049600601196,0.9047523736953735
YFL001W,YNR010W,0,-0.8911295,0.09992038458585739,0.9990049600601196,0.9048524498939514
YPR162C,YER019C-A,0,-0.8914495,0.0999104380607605,0.9990049600601196,0.9049524664878845
YLR005W,YGL226C-A,0,-0.891846,0.0999004989862442,0.9990049600601196,0.9050525426864624
YPR024W,YLR024C,0,-0.8920929,0.0998905599117279,0.9990049600601196,0.9051525592803955
YJR119C,YLR025W,0,-0.89218754,0.09988062083721161,0.9990049600601196,0.9052526354789734
YNL273W,YCR014C,0,-0.8922489,0.09987068176269531,0.9990049600601196,0.9053526520729065
YJR107W,YJR051W,0,-0.8924305,0.09986075013875961,0.9990049600601196,0.9054527282714844
YML032C,YIL079C,0,-0.89255786,0.09985081851482391,0.9990049600601196,0.9055528044700623
YGR084C,YGL163C,0,-0.8928971,0.09984089434146881,0.9990049600601196,0.9056528210639954
YBR172C,YKL094W,0,-0.89328486,0.09983096271753311,0.9990049600601196,0.9057528972625732
YOL093W,YIL177C,0,-0.893472,0.09982103854417801,0.9990049600601196,0.9058529138565063
YDR473C,YDL197C,0,-0.89428127,0.0998111143708229,0.9990049600601196,0.9059529900550842
YDL142C,YMR304W,0,-0.89452195,0.0998011901974678,0.9990049600601196,0.9060530066490173
YOL052C,YOR142W,0,-0.8954193,0.0997912734746933,0.9990049600601196,0.9061530828475952
YOR292C,YNL258C,0,-0.89574105,0.09978135675191879,0.9990049600601196,0.9062530994415283
YOL054W,YPL096W,0,-0.89582783,0.09977144002914429,0.9990049600601196,0.9063531756401062
YJR057W,YIL095W,0,-0.8962284,0.09976152330636978,0.9990049600601196,0.9064532518386841
YER050C,YKL103C,0,-0.8963305,0.09975161403417587,0.9990049600601196,0.9065532684326172
YLR440C,YCL052C,0,-0.896397,0.09974170476198196,0.9990049600601196,0.9066533446311951
YJL005W,YER175C,0,-0.89667875,0.09973179548978806,0.9990049600601196,0.9067533612251282
YDR254W,YLR348C,0,-0.89681685,0.09972189366817474,0.9990049600601196,0.906853437423706
YDR137W,YGL163C,0,-0.8971997,0.09971198439598083,0.9990049600601196,0.9069534540176392
YGR252W,YLR353W,0,-0.8976001,0.09970208257436752,0.9990049600601196,0.907053530216217
YOL038W,YNL267W,0,-0.89806056,0.09969218820333481,0.9990049600601196,0.9071536064147949
YHR060W,YHR156C,0,-0.89915437,0.0996822863817215,0.9990049600601196,0.907253623008728
YLR182W,YPL112C,0,-0.8995668,0.09967239201068878,0.9990049600601196,0.9073536992073059
YOL155C,YNL026W,0,-0.8995908,0.09966249763965607,0.9990049600601196,0.907453715801239
YOL038W,YDR229W,0,-0.89978135,0.09965260326862335,0.9990049600601196,0.9075537919998169
YOR106W,YLR316C,0,-0.900038,0.09964271634817123,0.9990049600601196,0.90765380859375
YDR392W,YMR304W,0,-0.9002479,0.09963282942771912,0.9990049600601196,0.9077538847923279
YDR082W,YER154W,0,-0.9004845,0.099622942507267,0.9990049600601196,0.907853901386261
YNL298W,YLR309C,0,-0.90122485,0.09961305558681488,0.9990049600601196,0.9079539775848389
YLR080W,YPR091C,0,-0.9015672,0.09960317611694336,0.9990049600601196,0.9080540537834167
YBR020W,YOL102C,0,-0.90210915,0.09959329664707184,0.9990049600601196,0.9081540703773499
YML112W,YML049C,0,-0.90215564,0.09958341717720032,0.9990049600601196,0.9082541465759277
YOL129W,YIL061C,0,-0.90228814,0.0995735377073288,0.9990049600601196,0.9083541631698608
YBL089W,YMR296C,0,-0.9026304,0.09956366568803787,0.9990049600601196,0.9084542393684387
YNL050C,YMR239C,0,-0.9033132,0.09955379366874695,0.9990049600601196,0.9085542559623718
YJR057W,YGL236C,0,-0.9041819,0.09954392164945602,0.9990049600601196,0.9086543321609497
YBR128C,YER090W,0,-0.9041913,0.0995340570807457,0.9990049600601196,0.9087543487548828
YDR527W,YPL104W,0,-0.9050297,0.09952418506145477,0.9990049600601196,0.9088544249534607
YNL314W,YDR172W,0,-0.9051621,0.09951432049274445,0.9990049600601196,0.9089545011520386
YNL172W,YML030W,0,-0.90570366,0.09950446337461472,0.9990049600601196,0.9090545177459717
YIR011C,YDR451C,0,-0.90607935,0.09949459880590439,0.9990049600601196,0.9091545939445496
YGL169W,YNR010W,0,-0.90612715,0.09948474168777466,0.9990049600601196,0.9092546105384827
YPR125W,YDL035C,0,-0.9062181,0.09947488456964493,0.9990049600601196,0.9093546867370605
YHR060W,YGL203C,0,-0.9063639,0.0994650274515152,0.9990049600601196,0.9094547033309937
YKL168C,YBL098W,0,-0.90740687,0.09945517778396606,0.9990049600601196,0.9095547795295715
YGL083W,YNL262W,0,-0.90753084,0.09944532811641693,0.9990049600601196,0.9096548557281494
YNL261W,YLR005W,0,-0.9079451,0.0994354784488678,0.9990049600601196,0.9097548723220825
YOL082W,YDR196C,0,-0.9083881,0.09942562878131866,0.9990049600601196,0.9098549485206604
YGL180W,YKL180W,0,-0.908541,0.09941578656435013,0.9990049600601196,0.9099549651145935
YNL258C,YMR240C,0,-0.90882105,0.099405936896801,0.9990049600601196,0.9100550413131714
YBR120C,YPL087W,0,-0.9088301,0.09939610213041306,0.9990049600601196,0.9101550579071045
YMR123W,YOR327C,0,-0.90964204,0.09938625991344452,0.9990049600601196,0.9102551341056824
YKR068C,YOR311C,0,-0.90964955,0.09937642514705658,0.9990049600601196,0.9103551506996155
YPR135W,YBR274W,0,-0.90965515,0.09936659038066864,0.9990049600601196,0.9104552268981934
YNL261W,YGL233W,0,-0.90972424,0.0993567556142807,0.9990049600601196,0.9105553030967712
YPR091C,YOL151W,0,-0.91009396,0.09934692084789276,0.9990049600601196,0.9106553196907043
YOL043C,YFL013C,0,-0.910222,0.09933709353208542,0.9990049600601196,0.9107553958892822
YLL027W,YPR091C,0,-0.9103523,0.09932726621627808,0.9990049600601196,0.9108554124832153
YLR103C,YDL045C,0,-0.9112269,0.09931743890047073,0.9990049600601196,0.9109554886817932
YKL074C,YJL081C,0,-0.9117508,0.09930761903524399,0.9990049600601196,0.9110555052757263
YMR228W,YKL166C,0,-0.9117731,0.09929779171943665,0.9990049600601196,0.9111555814743042
YMR315W,YGR239C,0,-0.91227275,0.0992879718542099,0.9990049600601196,0.9112555980682373
YBR150C,YJL172W,0,-0.9123335,0.09927815943956375,0.9990049600601196,0.9113556742668152
YDL029W,YOR123C,0,-0.9125334,0.099268339574337,0.9990049600601196,0.9114557504653931
YMR099C,YGL216W,0,-0.9126854,0.09925852715969086,0.9990049600601196,0.9115557670593262
YOR274W,YOL038W,0,-0.9133187,0.09924871474504471,0.9990049600601196,0.911655843257904
YMR019W,YKR101W,0,-0.9133783,0.09923890233039856,0.9990049600601196,0.9117558598518372
YEL062W,YKR044W,0,-0.91355515,0.09922909736633301,0.9990049600601196,0.911855936050415
YPR162C,YAR002C-A,0,-0.9137982,0.09921929240226746,0.9990049600601196,0.9119559526443481
YLR219W,YGR239C,0,-0.914564,0.0992094874382019,0.9990049600601196,0.912056028842926
YOL038W,YCR052W,0,-0.91615397,0.09919968247413635,0.9990049600601196,0.9121561050415039
YHR085W,YBL052C,0,-0.9163316,0.0991898849606514,0.9990049600601196,0.912256121635437
YIL080W,YDL015C,0,-0.9166562,0.09918008744716644,0.9990049600601196,0.9123561978340149
YLR404W,YBR128C,0,-0.91695493,0.09917028993368149,0.9990049600601196,0.912456214427948
YBR066C,YGR216C,0,-0.9185141,0.09916049242019653,0.9990049600601196,0.9125562906265259
YDL029W,YBR281C,0,-0.91866475,0.09915070235729218,0.9990049600601196,0.912656307220459
YDL121C,YIR011C,0,-0.9187826,0.09914091229438782,0.9990049600601196,0.9127563834190369
YKR102W,YOR353C,0,-0.9188953,0.09913112223148346,0.9990049600601196,0.91285640001297
YDR090C,YOR275C,0,-0.91913444,0.0991213321685791,0.9990049600601196,0.9129564762115479
YOR147W,YBR243C,0,-0.9191511,0.09911154955625534,0.9990049600601196,0.9130565524101257
YMR180C,YKL205W,0,-0.91992325,0.09910176694393158,0.9990049600601196,0.9131565690040588
YKL174C,YLR020C,0,-0.9204982,0.09909198433160782,0.9990049600601196,0.9132566452026367
YPR024W,YEL043W,0,-0.92094594,0.09908220916986465,0.9990049600601196,0.9133566617965698
YBR247C,YOL165C,0,-0.92141175,0.0990724265575409,0.9990049600601196,0.9134567379951477
YOL142W,YGR070W,0,-0.9217446,0.09906265139579773,0.9990049600601196,0.9135567545890808
YPL083C,YDR222W,0,-0.9218617,0.09905288368463516,0.9990049600601196,0.9136568307876587
YKL041W,YLR206W,0,-0.92221326,0.099043108522892,0.9990049600601196,0.9137569069862366
YKL166C,YGR118W,0,-0.92232543,0.09903334081172943,0.9990049600601196,0.9138569235801697
YNL084C,YDL077C,0,-0.922597,0.09902357310056686,0.9990049600601196,0.9139569997787476
YDR164C,YOR020C,0,-0.92287296,0.0990138053894043,0.9990049600601196,0.9140570163726807
YER008C,YER125W,0,-0.9231841,0.09900404512882233,0.9990049600601196,0.9141570925712585
YJR055W,YFL023W,0,-0.92327267,0.09899428486824036,0.9990049600601196,0.9142571091651917
YGR113W,YJL071W,0,-0.92361933,0.09898452460765839,0.9990049600601196,0.9143571853637695
YDR378C,YLR440C,0,-0.9237818,0.09897476434707642,0.9990049600601196,0.9144572019577026
YIL035C,YOR020C,0,-0.9242858,0.09896500408649445,0.9990049600601196,0.9145572781562805
YGL172W,YJL171C,0,-0.92476875,0.09895525127649307,0.9990049600601196,0.9146573543548584
YDR423C,YPL129W,0,-0.92563564,0.0989454984664917,0.9990049600601196,0.9147573709487915
YDR082W,YDR222W,0,-0.92570454,0.09893575310707092,0.9990049600601196,0.9148574471473694
YML030W,YLR209C,0,-0.92572004,0.09892600029706955,0.9990049600601196,0.9149574637413025
YIL095W,YGL190C,0,-0.9259004,0.09891625493764877,0.9990049600601196,0.9150575399398804
YML049C,YPR163C,0,-0.92647666,0.098906509578228,0.9990049600601196,0.9151575565338135
YIR025W,YKL015W,0,-0.9273003,0.09889677166938782,0.9990049600601196,0.9152576327323914
YER008C,YGL226C-A,0,-0.9280831,0.09888702630996704,0.9990049600601196,0.9153576493263245
YJR005W,YCR026C,0,-0.928163,0.09887728840112686,0.9990049600601196,0.9154577255249023
YGR072W,YGL163C,0,-0.92898613,0.09886755049228668,0.9990049600601196,0.9155578017234802
YPR137W,YLR129W,0,-0.92982703,0.0988578200340271,0.9990049600601196,0.9156578183174133
YJR107W,YKL168C,0,-0.92997456,0.09884808212518692,0.9990049600601196,0.9157578945159912
YDR378C,YGR072W,0,-0.93034357,0.09883835166692734,0.9990049600601196,0.9158579111099243
YBR059C,YGR179C,0,-0.9304393,0.09882862120866776,0.9990049600601196,0.9159579873085022
YAL017W,YDR337W,0,-0.93063825,0.09881889820098877,0.9990049600601196,0.9160580039024353
YPL083C,YEL062W,0,-0.9309645,0.09880917519330978,0.9990049600601196,0.9161580801010132
YNL016W,YGR089W,0,-0.9316418,0.0987994521856308,0.9990049600601196,0.9162581562995911
YKL130C,YGR239C,0,-0.9316488,0.09878972917795181,0.9990049600601196,0.9163581728935242
YCL008C,YER087W,0,-0.9319631,0.09878000617027283,0.9990049600601196,0.916458249092102
YOR148C,YKL189W,0,-0.93225867,0.09877029061317444,0.9990049600601196,0.9165582656860352
YJR107W,YLR312W-A,0,-0.9326429,0.09876057505607605,0.9990049600601196,0.916658341884613
YOR212W,YPL096W,0,-0.933023,0.09875085949897766,0.9990049600601196,0.9167583584785461
YMR146C,YLR033W,0,-0.9332301,0.09874115139245987,0.9990049600601196,0.916858434677124
YCR052W,YMR296C,0,-0.93394965,0.09873143583536148,0.9990049600601196,0.9169584512710571
YLR182W,YKL165C,0,-0.9342274,0.09872172772884369,0.9990049600601196,0.917058527469635
YDR460W,YMR240C,0,-0.93424475,0.0987120270729065,0.9990049600601196,0.9171586036682129
YNL107W,YJR005W,0,-0.93432534,0.0987023189663887,0.9990049600601196,0.917258620262146
YNL079C,YOL054W,0,-0.934887,0.09869261831045151,0.9990049600601196,0.9173586964607239
YBR243C,YOR353C,0,-0.93513495,0.09868291765451431,0.9990049600601196,0.917458713054657
YLR024C,YNL121C,0,-0.93516487,0.09867321699857712,0.9990049600601196,0.9175587892532349
YJL024C,YGL241W,0,-0.93582624,0.09866352379322052,0.9990049600601196,0.917658805847168
YDR351W,YOR212W,0,-0.93601316,0.09865383058786392,0.9990049600601196,0.9177588820457458
YML109W,YGR276C,0,-0.9363691,0.09864413738250732,0.9990049600601196,0.9178589582443237
YPR198W,YJL029C,0,-0.93720204,0.09863444417715073,0.9990049600601196,0.9179589748382568
YHR156C,YJL176C,0,-0.93728226,0.09862475097179413,0.9990049600601196,0.9180590510368347
YJR101W,YLR213C,0,-0.93739027,0.09861506521701813,0.9990049600601196,0.9181590676307678
YJR063W,YLR088W,0,-0.9375948,0.09860537946224213,0.9990049600601196,0.9182591438293457
YNL080C,YGR089W,0,-0.93815714,0.09859570115804672,0.9990049600601196,0.9183591604232788
YOL043C,YNL259C,0,-0.9382302,0.09858601540327072,0.9990049600601196,0.9184592366218567
YHR059W,YDL074C,0,-0.9382819,0.09857633709907532,0.9990049600601196,0.9185592532157898
YMR078C,YLR440C,0,-0.93834716,0.09856665879487991,0.9990049600601196,0.9186593294143677
YFL038C,YPR198W,0,-0.938388,0.0985569879412651,0.9990049600601196,0.9187594056129456
YNL085W,YML109W,0,-0.9384574,0.0985473096370697,0.9990049600601196,0.9188594222068787
YIL002C,YER008C,0,-0.9391269,0.0985376387834549,0.9990049600601196,0.9189594984054565
YGL237C,YNR028W,0,-0.93915254,0.09852796792984009,0.9990049600601196,0.9190595149993896
YML112W,YNR057C,0,-0.93954223,0.09851829707622528,0.9990049600601196,0.9191595911979675
YLR383W,YDL035C,0,-0.93968815,0.09850863367319107,0.9990049600601196,0.9192596077919006
YLR213C,YEL056W,0,-0.94008934,0.09849897027015686,0.9990049600601196,0.9193596839904785
YJL178C,YNL259C,0,-0.9422961,0.09848930686712265,0.9990049600601196,0.9194597005844116
YDR351W,YFL017W-A,0,-0.94265795,0.09847964346408844,0.9990049600601196,0.9195597767829895
YNL131W,YPL002C,0,-0.9427787,0.09846998751163483,0.9990049600601196,0.9196598529815674
YMR168C,YGR271W,0,-0.94320565,0.09846033155918121,0.9990049600601196,0.9197598695755005
YKR020W,YKL203C,0,-0.94355744,0.0984506756067276,0.9990049600601196,0.9198599457740784
YKR019C,YGL256W,0,-0.9437623,0.09844102710485458,0.9990049600601196,0.9199599623680115
YER162C,YNL027W,0,-0.94618994,0.09843137115240097,0.9990049600601196,0.9200600385665894
YKL020C,YDL225W,0,-0.9462274,0.09842172265052795,0.9990049600601196,0.9201600551605225
YLR295C,YFL048C,0,-0.94686586,0.09841207414865494,0.9990049600601196,0.9202601313591003
YGR113W,YMR304W,0,-0.94704145,0.09840243309736252,0.9990049600601196,0.9203602075576782
YNL273W,YKL189W,0,-0.94717866,0.0983927845954895,0.9990049600601196,0.9204602241516113
YER049W,YOR274W,0,-0.94733065,0.09838314354419708,0.9990049600601196,0.9205603003501892
YDR229W,YKR028W,0,-0.94776213,0.09837350249290466,0.9990049600601196,0.9206603169441223
YLR219W,YDR151C,0,-0.947961,0.09836386889219284,0.9990049600601196,0.9207603931427002
YGR084C,YOR338W,0,-0.94807035,0.09835423529148102,0.9990049600601196,0.9208604097366333
YJR138W,YMR077C,0,-0.94876665,0.0983445942401886,0.9990049600601196,0.9209604859352112
YPR182W,YKL175W,0,-0.9497246,0.09833496809005737,0.9990049600601196,0.9210605025291443
YIL035C,YFR052W,0,-0.9500012,0.09832533448934555,0.9990049600601196,0.9211605787277222
YKL020C,YDR508C,0,-0.95105964,0.09831570833921432,0.9990049600601196,0.9212606549263
YDR164C,YBR222C,0,-0.9511015,0.0983060821890831,0.9990049600601196,0.9213606715202332
YLR289W,YOR138C,0,-0.9513735,0.09829645603895187,0.9990049600601196,0.921460747718811
YMR180C,YPL218W,0,-0.9515818,0.09828682988882065,0.9990049600601196,0.9215607643127441
YJR010W,YNL281W,0,-0.9519457,0.09827721118927002,0.9990049600601196,0.921660840511322
YIL159W,YER145C,0,-0.9521412,0.09826759248971939,0.9990049600601196,0.9217608571052551
YMR238W,YLR024C,0,-0.95221317,0.09825797379016876,0.9990049600601196,0.921860933303833
YNL172W,YCR060W,0,-0.9526455,0.09824836254119873,0.9990049600601196,0.9219610095024109
YOR304C-A,YLR163C,0,-0.95333755,0.0982387438416481,0.9990049600601196,0.922061026096344
YJR010W,YKL003C,0,-0.9533996,0.09822913259267807,0.9990049600601196,0.9221611022949219
YLR028C,YBL026W,0,-0.95430607,0.09821952879428864,0.9990049600601196,0.922261118888855
YMR137C,YPL244C,0,-0.95522124,0.0982099175453186,0.9990049600601196,0.9223611950874329
YDR233C,YGL113W,0,-0.95528907,0.09820031374692917,0.9990049600601196,0.922461211681366
YPL134C,YJR031C,0,-0.9555255,0.09819070994853973,0.9990049600601196,0.9225612878799438
YJR092W,YIL139C,0,-0.95632225,0.0981811061501503,0.9990049600601196,0.922661304473877
YBR042C,YOR349W,0,-0.95675284,0.09817150980234146,0.9990049600601196,0.9227613806724548
YOR291W,YJR107W,0,-0.95680267,0.09816190600395203,0.9990049600601196,0.9228614568710327
YGR072W,YOR222W,0,-0.9568485,0.09815230965614319,0.9990049600601196,0.9229614734649658
YDR026C,YKR028W,0,-0.95722425,0.09814272075891495,0.9990049600601196,0.9230615496635437
YPL240C,YJR103W,0,-0.9590377,0.09813312441110611,0.9990049600601196,0.9231615662574768
YKL119C,YGL019W,0,-0.959711,0.09812353551387787,0.9990049600601196,0.9232616424560547
YLR429W,YOR215C,0,-0.96012783,0.09811394661664963,0.9990049600601196,0.9233616590499878
YHR132C,YDR416W,0,-0.96013427,0.09810435771942139,0.9990049600601196,0.9234617352485657
YHR030C,YHR004C,0,-0.960259,0.09809477627277374,0.9990049600601196,0.9235617518424988
YDR512C,YFL013C,0,-0.96056783,0.0980851873755455,0.9990049600601196,0.9236618280410767
YHR047C,YOR168W,0,-0.96080303,0.09807560592889786,0.9990049600601196,0.9237619042396545
YLR389C,YNR010W,0,-0.96085304,0.09806603193283081,0.9990049600601196,0.9238619208335876
YJR051W,YCL024W,0,-0.9612661,0.09805645048618317,0.9990049600601196,0.9239619970321655
YMR179W,YKL205W,0,-0.9612673,0.09804687649011612,0.9990049600601196,0.9240620136260986
YMR077C,YGL236C,0,-0.961487,0.09803730249404907,0.9990049600601196,0.9241620898246765
YGR251W,YLR404W,0,-0.9614944,0.09802772849798203,0.9990049600601196,0.9242621064186096
YKR055W,YKL082C,0,-0.961667,0.09801816195249557,0.9990049600601196,0.9243621826171875
YLL003W,YLR005W,0,-0.9618954,0.09800858795642853,0.9990049600601196,0.9244622588157654
YHR012W,YDL045W-A,0,-0.9619212,0.09799902141094208,0.9990049600601196,0.9245622754096985
YAL022C,YML112W,0,-0.96200675,0.09798946231603622,0.9990049600601196,0.9246623516082764
YGL122C,YGR258C,0,-0.96236867,0.09797989577054977,0.9990049600601196,0.9247623682022095
YMR049C,YPL127C,0,-0.9624561,0.09797033667564392,0.9990049600601196,0.9248624444007874
YER017C,YLR386W,0,-0.96283424,0.09796077758073807,0.9990049600601196,0.9249624609947205
YJL005W,YJL004C,0,-0.96308553,0.09795121848583221,0.9990049600601196,0.9250625371932983
YHR077C,YNL026W,0,-0.96343404,0.09794166684150696,0.9990049600601196,0.9251625537872314
YLL029W,YDR260C,0,-0.96348304,0.0979321077466011,0.9990049600601196,0.9252626299858093
YFL001W,YGL060W,0,-0.9637893,0.09792255610227585,0.9990049600601196,0.9253627061843872
YIL128W,YLR301W,0,-0.963802,0.09791301190853119,0.9990049600601196,0.9254627227783203
YPR121W,YKL157W,1,-0.9642149,0.09800097346305847,1.0,0.9254627227783203
YJR107W,YOR251C,0,-0.96442884,0.09799142181873322,1.0,0.9255627989768982
YPL188W,YGL060W,0,-0.96531063,0.09798186272382736,1.0,0.9256628155708313
YBR095C,YMR301C,0,-0.96531945,0.0979723110795021,1.0,0.9257628917694092
YDR131C,YLR353W,0,-0.9656545,0.09796276688575745,1.0,0.9258629083633423
YKL210W,YJR031C,0,-0.9656755,0.09795321524143219,1.0,0.9259629845619202
YGR081C,YMR061W,0,-0.96581,0.09794367104768753,1.0,0.926063060760498
YMR078C,YOL158C,0,-0.966037,0.09793412685394287,1.0,0.9261630773544312
YMR193W,YLR316C,0,-0.9666597,0.09792458266019821,1.0,0.926263153553009
YML051W,YDR404C,0,-0.966986,0.09791504591703415,1.0,0.9263631701469421
YJL004C,YHR168W,0,-0.9674793,0.09790550172328949,1.0,0.92646324634552
YDR411C,YMR240C,0,-0.96783537,0.09789596498012543,1.0,0.9265632629394531
YOR212W,YDR444W,0,-0.96829504,0.09788643568754196,1.0,0.926663339138031
YPL240C,YGL071W,0,-0.9683356,0.0978768989443779,1.0,0.9267633557319641
YLL029W,YLR026C,0,-0.9685503,0.09786736965179443,1.0,0.926863431930542
YIR025W,YHR074W,0,-0.96859306,0.09785784035921097,1.0,0.9269635081291199
YKL022C,YKL144C,0,-0.9686102,0.0978483110666275,1.0,0.927063524723053
YKL078W,YGR134W,0,-0.9686919,0.09783878177404404,1.0,0.9271636009216309
YMR273C,YOR098C,0,-0.9687726,0.09782925993204117,1.0,0.927263617515564
YPL064C,YDL111C,0,-0.9691353,0.0978197380900383,1.0,0.9273636937141418
YPL087W,YJL176C,0,-0.96919173,0.09781021624803543,1.0,0.927463710308075
YPR162C,YNL084C,0,-0.9693354,0.09780070185661316,1.0,0.9275637865066528
YDR392W,YDR262W,0,-0.9694454,0.09779118746519089,1.0,0.9276638031005859
YCR060W,YJL192C,0,-0.9699958,0.09778167307376862,1.0,0.9277638792991638
YLL003W,YJR040W,0,-0.97028375,0.09777215868234634,1.0,0.9278639554977417
YKL078W,YER171W,0,-0.970916,0.09776264429092407,1.0,0.9279639720916748
YJL124C,YBR129C,0,-0.97167057,0.0977531373500824,1.0,0.9280640482902527
YJR107W,YOL052C,0,-0.9719177,0.09774363040924072,1.0,0.9281640648841858
YPR091C,YLR151C,0,-0.9720644,0.09773412346839905,1.0,0.9282641410827637
YDR476C,YPR125W,0,-0.9724812,0.09772462397813797,1.0,0.9283641576766968
YNL084C,YDR262W,0,-0.97269267,0.0977151170372963,1.0,0.9284642338752747
YMR033W,YHR057C,0,-0.9731633,0.09770561754703522,1.0,0.9285643100738525
YHR175W,YMR273C,0,-0.974588,0.09769611805677414,1.0,0.9286643266677856
YOL145C,YOR180C,0,-0.97465676,0.09768662601709366,1.0,0.9287644028663635
YLR386W,YDR496C,0,-0.97501904,0.09767713397741318,1.0,0.9288644194602966
YNR021W,YMR228W,0,-0.9750245,0.0976676419377327,1.0,0.9289644956588745
YNR031C,YER017C,0,-0.9759784,0.09765814989805222,1.0,0.9290645122528076
YJL187C,YMR099C,0,-0.97618186,0.09764865785837173,1.0,0.9291645884513855
YNL008C,YDR423C,0,-0.9767545,0.09763917326927185,1.0,0.9292646050453186
YGL236C,YLR316C,0,-0.9783763,0.09762968868017197,1.0,0.9293646812438965
YJR140C,YDR404C,0,-0.9786086,0.09762020409107208,1.0,0.9294647574424744
YJL030W,YNL284C,0,-0.97979575,0.0976107195019722,1.0,0.9295647740364075
YMR033W,YGL190C,0,-0.9800376,0.09760124236345291,1.0,0.9296648502349854
YIL002C,YLR103C,0,-0.980344,0.09759176522493362,1.0,0.9297648668289185
YJL004C,YAR035W,0,-0.98060185,0.09758228808641434,1.0,0.9298649430274963
YLR025W,YPL129W,0,-0.9807369,0.09757281839847565,1.0,0.9299649596214294
YMR218C,YKR028W,0,-0.9812027,0.09756334125995636,1.0,0.9300650358200073
YNL121C,YIL042C,0,-0.98162216,0.09755387157201767,1.0,0.9301651120185852
YGL083W,YKL096W-A,0,-0.9824297,0.09754440188407898,1.0,0.9302651286125183
YFR013W,YNL298W,0,-0.983235,0.09753493964672089,1.0,0.9303652048110962
YLR191W,YMR284W,0,-0.98387694,0.0975254699587822,1.0,0.9304652214050293
YLR028C,YKR026C,0,-0.98402005,0.0975160077214241,1.0,0.9305652976036072
YOR311C,YPL096W,0,-0.9843108,0.09750654548406601,1.0,0.9306653141975403
YNL026W,YGR089W,0,-0.9844359,0.09749709069728851,1.0,0.9307653903961182
YKL206C,YFR019W,0,-0.9861494,0.09748762845993042,1.0,0.9308654069900513
YNL304W,YML099C,0,-0.98626584,0.09747817367315292,1.0,0.9309654831886292
YKR055W,YOR038C,0,-0.9865445,0.09746872633695602,1.0,0.931065559387207
YGL094C,YJL178C,0,-0.98659277,0.09745927155017853,1.0,0.9311655759811401
YDL121C,YMR172W,0,-0.9865955,0.09744982421398163,1.0,0.931265652179718
YNR018W,YIR005W,0,-0.98660684,0.09744036942720413,1.0,0.9313656687736511
YNL102W,YNL027W,0,-0.98711115,0.09743092954158783,1.0,0.931465744972229
YDR306C,YNL026W,0,-0.9884603,0.09742148220539093,1.0,0.9315657615661621
YPR167C,YBR287W,0,-0.98859125,0.09741203486919403,1.0,0.93166583776474
YDL142C,YJR040W,0,-0.9892516,0.09740259498357773,1.0,0.9317658543586731
YHR066W,YDR389W,0,-0.98926175,0.09739315509796143,1.0,0.931865930557251
YML051W,YGL220W,0,-0.9897054,0.09738372266292572,1.0,0.9319660067558289
YBR278W,YJL060W,0,-0.9898638,0.09737428277730942,1.0,0.932066023349762
YOR299W,YCR002C,0,-0.9898924,0.09736485034227371,1.0,0.9321660995483398
YLR103C,YDL225W,0,-0.9900145,0.097355417907238,1.0,0.932266116142273
YER168C,YDL035C,0,-0.99029523,0.0973459929227829,1.0,0.9323661923408508
YMR054W,YOR353C,0,-0.9904241,0.09733656048774719,1.0,0.9324662089347839
YBL089W,YPL208W,0,-0.9904322,0.09732713550329208,1.0,0.9325662851333618
YNL127W,YBR129C,0,-0.99111617,0.09731771051883698,1.0,0.9326663613319397
YLL003W,YPR138C,0,-0.9921774,0.09730828553438187,1.0,0.9327663779258728
YPR111W,YGR118W,0,-0.99237853,0.09729886800050735,1.0,0.9328664541244507
YLR452C,YOR162C,0,-0.9934349,0.09728945046663284,1.0,0.9329664707183838
YKL126W,YGR113W,0,-0.9940087,0.09728003293275833,1.0,0.9330665469169617
YGL237C,YNL273W,0,-0.99413794,0.09727061539888382,1.0,0.9331665635108948
YMR321C,YNL107W,0,-0.99418247,0.0972612053155899,1.0,0.9332666397094727
YGL094C,YDL225W,0,-0.9951781,0.0972517877817154,1.0,0.9333666563034058
YGL094C,YBL026W,0,-0.9952269,0.09724237769842148,1.0,0.9334667325019836
YFR021W,YMR137C,0,-0.99571747,0.09723297506570816,1.0,0.9335668087005615
YLR404W,YML049C,0,-0.9957281,0.09722356498241425,1.0,0.9336668252944946
YPR060C,YGL163C,0,-0.9959814,0.09721416234970093,1.0,0.9337669014930725
YPL196W,YMR273C,0,-0.99612904,0.09720475971698761,1.0,0.9338669180870056
YHR002W,YKR069W,0,-0.99658215,0.09719535708427429,1.0,0.9339669942855835
YOL045W,YKL074C,0,-0.99666923,0.09718596190214157,1.0,0.9340670108795166
YFL038C,YPR083W,0,-0.9988979,0.09717655926942825,1.0,0.9341670870780945
YDL107W,YMR160W,0,-0.99958295,0.09716716408729553,1.0,0.9342671632766724
YDR518W,YJL225C,0,-0.9999823,0.09715776890516281,1.0,0.9343671798706055
YOR106W,YNL261W,0,-1.0006038,0.09714838117361069,1.0,0.9344672560691833
YLR026C,YJL206C,0,-1.0015045,0.09713899344205856,1.0,0.9345672726631165
YNL236W,YJR031C,0,-1.0016721,0.09712960571050644,1.0,0.9346673488616943
YER008C,YGR095C,0,-1.0026054,0.09712021797895432,1.0,0.9347673654556274
YDR378C,YOR340C,0,-1.0032755,0.09711083024740219,1.0,0.9348674416542053
YIR011C,YNR035C,0,-1.0034752,0.09710144996643066,1.0,0.9349674582481384
YDR369C,YOR251C,0,-1.003944,0.09709206968545914,1.0,0.9350675344467163
YOL066C,YLR183C,0,-1.0050285,0.09708268940448761,1.0,0.9351676106452942
YOR126C,YMR137C,0,-1.0063208,0.09707330912351608,1.0,0.9352676272392273
YGL162W,YHR004C,0,-1.0073923,0.09706393629312515,1.0,0.9353677034378052
YPL104W,YGR084C,0,-1.0086901,0.09705456346273422,1.0,0.9354677200317383
YMR054W,YER087W,0,-1.0088801,0.09704519063234329,1.0,0.9355677962303162
YNL070W,YKL168C,0,-1.0099634,0.09703581780195236,1.0,0.9356678128242493
YLR270W,YGR255C,0,-1.0108842,0.09702645242214203,1.0,0.9357678890228271
YOR126C,YPL002C,0,-1.0111191,0.0970170870423317,1.0,0.9358679056167603
YGR070W,YJL176C,0,-1.0124297,0.09700772166252136,1.0,0.9359679818153381
YDR383C,YOL062C,0,-1.0129052,0.09699835628271103,1.0,0.936068058013916
YER101C,YNL238W,0,-1.0135286,0.09698899835348129,1.0,0.9361680746078491
YPL064C,YDR416W,0,-1.0138643,0.09697964042425156,1.0,0.936268150806427
YOR074C,YOR038C,0,-1.0154629,0.09697028249502182,1.0,0.9363681674003601
YNL131W,YPL096W,0,-1.0156754,0.09696092456579208,1.0,0.936468243598938
YGR258C,YGR070W,0,-1.0160939,0.09695157408714294,1.0,0.9365682601928711
YER013W,YOR311C,0,-1.0161167,0.0969422236084938,1.0,0.936668336391449
YBR276C,YGR239C,0,-1.0161359,0.09693287312984467,1.0,0.9367684125900269
YPL112C,YJL081C,0,-1.016338,0.09692352265119553,1.0,0.93686842918396
YML097C,YDR304C,0,-1.0170869,0.09691417217254639,1.0,0.9369685053825378
YKL205W,YJL149W,0,-1.0172898,0.09690482914447784,1.0,0.937068521976471
YGR020C,YAR027W,0,-1.0174779,0.0968954861164093,1.0,0.9371685981750488
YDR196C,YDL035C,0,-1.017975,0.09688614308834076,1.0,0.9372686147689819
YML112W,YNL163C,0,-1.0182592,0.09687680751085281,1.0,0.9373686909675598
YDL029W,YKL124W,0,-1.0186939,0.09686747193336487,1.0,0.9374687075614929
YMR054W,YDR164C,0,-1.018789,0.09685813635587692,1.0,0.9375687837600708
YMR227C,YOL062C,0,-1.0202909,0.09684880077838898,1.0,0.9376688599586487
YHR164C,YGL071W,0,-1.0203366,0.09683946520090103,1.0,0.9377688765525818
YBR115C,YOR008C,0,-1.0212784,0.09683013707399368,1.0,0.9378689527511597
YGL122C,YNL032W,0,-1.0213364,0.09682080894708633,1.0,0.9379689693450928
YGR095C,YBR074W,0,-1.0213403,0.09681148082017899,1.0,0.9380690455436707
YKL082C,YJL029C,0,-1.0214044,0.09680216014385223,1.0,0.9381690621376038
YKL090W,YPR091C,0,-1.0216805,0.09679283201694489,1.0,0.9382691383361816
YOR159C,YIL002C,0,-1.0226284,0.09678351134061813,1.0,0.9383691549301147
YER008C,YGL203C,0,-1.0228848,0.09677419066429138,1.0,0.9384692311286926
YNL271C,YLR314C,0,-1.0229743,0.09676487743854523,1.0,0.9385693073272705
YJR119C,YDR373W,0,-1.0236019,0.09675555676221848,1.0,0.9386693239212036
YDR164C,YNR006W,0,-1.0240371,0.09674624353647232,1.0,0.9387694001197815
YOL165C,YPL050C,0,-1.0246111,0.09673693031072617,1.0,0.9388694167137146
YKL020C,YAR027W,0,-1.0246769,0.09672762453556061,1.0,0.9389694929122925
YPL112C,YOR299W,0,-1.0250392,0.09671831130981445,1.0,0.9390695095062256
YHR012W,YDR254W,0,-1.0251856,0.0967090055346489,1.0,0.9391695857048035
YAL063C,YGR179C,0,-1.0260649,0.09669969975948334,1.0,0.9392696619033813
YHR060W,YNR006W,0,-1.0278524,0.09669040143489838,1.0,0.9393696784973145
YNL027W,YGR271W,0,-1.0280448,0.09668109565973282,1.0,0.9394697546958923
YDR026C,YLR270W,0,-1.0281179,0.09667179733514786,1.0,0.9395697712898254
YDR415C,YKL206C,0,-1.0281963,0.0966624990105629,1.0,0.9396698474884033
YOR340C,YJL095W,0,-1.0285197,0.09665320068597794,1.0,0.9397698640823364
YPL127C,YOR216C,0,-1.0285306,0.09664390981197357,1.0,0.9398699402809143
YMR160W,YIL140W,0,-1.0300794,0.09663461893796921,1.0,0.9399699568748474
YMR019W,YMR180C,0,-1.0317261,0.09662532806396484,1.0,0.9400700330734253
YMR005W,YML030W,0,-1.0322955,0.09661603718996048,1.0,0.9401701092720032
YPR196W,YGR199W,0,-1.0332185,0.09660674631595612,1.0,0.9402701258659363
YPR111W,YAR027W,0,-1.0332444,0.09659746289253235,1.0,0.9403702020645142
YKL168C,YCL057W,0,-1.0335292,0.09658817946910858,1.0,0.9404702186584473
YOR239W,YNL016W,0,-1.0338428,0.09657889604568481,1.0,0.9405702948570251
YDR383C,YGR229C,0,-1.0343345,0.09656962007284164,1.0,0.9406703114509583
YJR151C,YDR137W,0,-1.034369,0.09656033664941788,1.0,0.9407703876495361
YMR284W,YDL015C,0,-1.0359985,0.09655106067657471,1.0,0.940870463848114
YMR049C,YBR141C,0,-1.0360922,0.09654178470373154,1.0,0.9409704804420471
YDR499W,YKL189W,0,-1.0362072,0.09653251618146896,1.0,0.941070556640625
YHR004C,YOR299W,0,-1.0377004,0.0965232402086258,1.0,0.9411705732345581
YNL102W,YNL281W,0,-1.0377059,0.09651397168636322,1.0,0.941270649433136
YNL163C,YGR199W,0,-1.0379487,0.09650470316410065,1.0,0.9413706660270691
YKL117W,YPL099C,0,-1.0379913,0.09649544209241867,1.0,0.941470742225647
YOL045W,YOR194C,0,-1.038115,0.0964861735701561,1.0,0.9415707588195801
YOR292C,YNL267W,0,-1.0418247,0.09647691249847412,1.0,0.941670835018158
YLR005W,YHR119W,0,-1.0423645,0.09646765142679214,1.0,0.9417709112167358
YGR251W,YLR401C,0,-1.045088,0.09645839035511017,1.0,0.941870927810669
YBL028C,YPL011C,0,-1.0457714,0.09644913673400879,1.0,0.9419710040092468
YKL174C,YLR291C,0,-1.0460209,0.09643988311290741,1.0,0.9420710206031799
YCR030C,YMR061W,0,-1.0463095,0.09643062949180603,1.0,0.9421710968017578
YJL053W,YOL090W,0,-1.0464182,0.09642137587070465,1.0,0.9422711133956909
YJL178C,YJR032W,0,-1.0467666,0.09641212224960327,1.0,0.9423711895942688
YDR419W,YOR232W,0,-1.0472227,0.09640287607908249,1.0,0.9424712061882019
YOL045W,YNL138W,0,-1.0499197,0.0963936299085617,1.0,0.9425712823867798
YLR145W,YCL034W,0,-1.0499374,0.09638438373804092,1.0,0.9426713585853577
YLR105C,YIL135C,0,-1.051429,0.09637514501810074,1.0,0.9427713751792908
YLR228C,YGR012W,0,-1.0514585,0.09636590629816055,1.0,0.9428714513778687
YKR044W,YDR444W,0,-1.0515925,0.09635666012763977,1.0,0.9429714679718018
YGL225W,YKR101W,0,-1.0519313,0.09634742885828018,1.0,0.9430715441703796
YDL054C,YAL017W,0,-1.0522882,0.09633819013834,1.0,0.9431715607643127
YER050C,YFR019W,0,-1.0526577,0.09632895886898041,1.0,0.9432716369628906
YGR281W,YOL090W,0,-1.0527557,0.09631972759962082,1.0,0.9433717131614685
YGL094C,YDL059C,0,-1.0532045,0.09631049633026123,1.0,0.9434717297554016
YLR033W,YPR163C,0,-1.0533875,0.09630126506090164,1.0,0.9435718059539795
YOL010W,YJL029C,0,-1.0538783,0.09629204124212265,1.0,0.9436718225479126
YLR183C,YDR109C,0,-1.0544533,0.09628280997276306,1.0,0.9437718987464905
YDR138W,YMR075W,0,-1.0548574,0.09627358615398407,1.0,0.9438719153404236
YGR113W,YDR416W,0,-1.055471,0.09626436978578568,1.0,0.9439719915390015
YBL028C,YMR179W,0,-1.0558014,0.09625514596700668,1.0,0.9440720081329346
YIR025W,YDR337W,0,-1.0576583,0.09624592959880829,1.0,0.9441720843315125
YGL112C,YKR020W,0,-1.0578032,0.0962367132306099,1.0,0.9442721605300903
YNL271C,YJL225C,0,-1.0580529,0.0962274968624115,1.0,0.9443721771240234
YGR255C,YHR079C,0,-1.058092,0.0962182879447937,1.0,0.9444722533226013
YOL112W,YJR031C,0,-1.0590323,0.0962090715765953,1.0,0.9445722699165344
YMR284W,YKL186C,0,-1.0592717,0.09619986265897751,1.0,0.9446723461151123
YLL003W,YDR260C,0,-1.0603771,0.09619066119194031,1.0,0.9447723627090454
YDL029W,YMR284W,0,-1.0617924,0.09618145227432251,1.0,0.9448724389076233
YML006C,YOR251C,0,-1.0629729,0.09617225080728531,1.0,0.9449725151062012
YDR512C,YLR105C,0,-1.0634897,0.09616304934024811,1.0,0.9450725317001343
YDL215C,YCL014W,0,-1.0639738,0.09615384787321091,1.0,0.9451726078987122
YNL163C,YAL024C,0,-1.0647308,0.0961446464061737,1.0,0.9452726244926453
YKR071C,YKL144C,0,-1.0651535,0.0961354523897171,1.0,0.9453727006912231
YGR012W,YOL026C,0,-1.0651999,0.0961262583732605,1.0,0.9454727172851562
YMR089C,YOR123C,0,-1.0653985,0.0961170643568039,1.0,0.9455727934837341
YKL041W,YBR170C,0,-1.0662624,0.09610787034034729,1.0,0.9456728100776672
YAL016W,YJR130C,0,-1.0664322,0.09609868377447128,1.0,0.9457728862762451
YBL058W,YJL029C,0,-1.066662,0.09608948975801468,1.0,0.945872962474823
YBR026C,YJR034W,0,-1.066861,0.09608030319213867,1.0,0.9459729790687561
YGL094C,YLR224W,0,-1.0684057,0.09607112407684326,1.0,0.946073055267334
YMR065W,YOR353C,0,-1.0685998,0.09606193751096725,1.0,0.9461730718612671
YMR077C,YNR021W,0,-1.0696226,0.09605275839567184,1.0,0.946273148059845
YDR423C,YPL112C,0,-1.0701586,0.09604357928037643,1.0,0.9463731646537781
YPR171W,YGR171C,0,-1.0707247,0.09603440016508102,1.0,0.946473240852356
YGR258C,YKL186C,0,-1.0712904,0.09602522104978561,1.0,0.9465732574462891
YOR304W,YKR101W,0,-1.0713084,0.0960160493850708,1.0,0.9466733336448669
YDL107W,YLR353W,0,-1.0718943,0.09600687772035599,1.0,0.9467734098434448
YLR191W,YIR011C,0,-1.0723368,0.09599770605564117,1.0,0.9468734264373779
YMR033W,YPR200C,0,-1.0726253,0.09598854184150696,1.0,0.9469735026359558
YDL107W,YLR330W,0,-1.0727729,0.09597937017679214,1.0,0.9470735192298889
YLR321C,YNR018W,0,-1.0728172,0.09597020596265793,1.0,0.9471735954284668
YNL163C,YBR095C,0,-1.0739759,0.09596104174852371,1.0,0.9472736120223999
YPL127C,YHR057C,0,-1.0741762,0.0959518775343895,1.0,0.9473736882209778
YDR137W,YJL206C,0,-1.074615,0.09594272077083588,1.0,0.9474737644195557
YMR186W,YBR031W,0,-1.0748948,0.09593356400728226,1.0,0.9475737810134888
YGR134W,YDR404C,0,-1.0749601,0.09592440724372864,1.0,0.9476738572120667
YDR034C,YIL048W,0,-1.0751234,0.09591525048017502,1.0,0.9477738738059998
YDR026C,YOR304W,0,-1.0751572,0.095906101167202,1.0,0.9478739500045776
YMR172W,YFL048C,0,-1.0753049,0.09589694440364838,1.0,0.9479739665985107
YLR404W,YJL004C,0,-1.0762248,0.09588779509067535,1.0,0.9480740427970886
YKL174C,YBR115C,0,-1.0762706,0.09587864577770233,1.0,0.9481740593910217
YMR284W,YOL090W,0,-1.0765225,0.0958695039153099,1.0,0.9482741355895996
YMR087W,YLR028C,0,-1.0766038,0.09586036205291748,1.0,0.9483742117881775
YBR125C,YOL090W,0,-1.0766052,0.09585121273994446,1.0,0.9484742283821106
YOR159C,YKL061W,0,-1.0766181,0.09584207832813263,1.0,0.9485743045806885
YMR112C,YMR075W,0,-1.0770303,0.0958329364657402,1.0,0.9486743211746216
YNR021W,YPL196W,0,-1.077124,0.09582380205392838,1.0,0.9487743973731995
YER022W,YDR137W,0,-1.0778023,0.09581466019153595,1.0,0.9488744139671326
YPL150W,YJL005W,0,-1.0780318,0.09580552577972412,1.0,0.9489744901657104
YLR020C,YDR173C,0,-1.0783228,0.09579639881849289,1.0,0.9490745663642883
YER022W,YHR132C,0,-1.079648,0.09578726440668106,1.0,0.9491745829582214
YMR097C,YGL050W,0,-1.0806948,0.09577813744544983,1.0,0.9492746591567993
YOR291W,YJR138W,0,-1.081291,0.0957690104842186,1.0,0.9493746757507324
YJR057W,YOR353C,0,-1.0813961,0.09575988352298737,1.0,0.9494747519493103
YKL119C,YMR061W,0,-1.0840973,0.09575076401233673,1.0,0.9495747685432434
YLR314C,YGL163C,0,-1.0852088,0.0957416370511055,1.0,0.9496748447418213
YMR054W,YKL189W,0,-1.0859555,0.09573251754045486,1.0,0.9497748613357544
YLR020C,YOR311C,0,-1.0871828,0.09572340548038483,1.0,0.9498749375343323
YKL061W,YKL175W,0,-1.0876913,0.09571428596973419,1.0,0.9499750137329102
YIL088C,YDL015C,0,-1.0879241,0.09570517390966415,1.0,0.9500750303268433
YOL129W,YNR015W,0,-1.0888067,0.09569605439901352,1.0,0.9501751065254211
YKR054C,YBR095C,0,-1.0896126,0.09568694978952408,1.0,0.9502751231193542
YNL084C,YDR151C,0,-1.0899965,0.09567783772945404,1.0,0.9503751993179321
YER171W,YJR140C,0,-1.0900642,0.095668725669384,1.0,0.9504752159118652
YMR078C,YGR089W,0,-1.090107,0.09565962105989456,1.0,0.9505752921104431
YPR187W,YGR179C,0,-1.0903605,0.09565051645040512,1.0,0.9506753087043762
YDL054C,YNL304W,0,-1.0905252,0.09564141929149628,1.0,0.9507753849029541
YKL166C,YOR324C,0,-1.0905725,0.09563231468200684,1.0,0.950875461101532
YOR106W,YML049C,0,-1.0911309,0.09562321752309799,1.0,0.9509754776954651
YGL094C,YNL027W,0,-1.0916048,0.09561412036418915,1.0,0.951075553894043
YER049W,YNL050C,0,-1.0917071,0.0956050232052803,1.0,0.9511755704879761
YJR082C,YKL175W,0,-1.0920647,0.09559592604637146,1.0,0.951275646686554
YIL108W,YLR103C,0,-1.0920776,0.09558683633804321,1.0,0.9513756632804871
YKR006C,YJL149W,0,-1.0921646,0.09557774662971497,1.0,0.9514757394790649
YNR021W,YGL163C,0,-1.0925275,0.09556865692138672,1.0,0.9515758156776428
YGR258C,YDR389W,0,-1.0938177,0.09555956721305847,1.0,0.9516758322715759
YPR182W,YGR095C,0,-1.0949411,0.09555048495531082,1.0,0.9517759084701538
YJR057W,YPL167C,0,-1.095206,0.09554140269756317,1.0,0.9518759250640869
YDL029W,YER022W,0,-1.0952619,0.09553232043981552,1.0,0.9519760012626648
YEL052W,YEL056W,0,-1.0954341,0.09552323818206787,1.0,0.9520760178565979
YGL172W,YMR269W,0,-1.0954791,0.09551416337490082,1.0,0.9521760940551758
YNL261W,YOR327C,0,-1.0958916,0.09550508111715317,1.0,0.9522761106491089
YDL107W,YOR123C,0,-1.096232,0.09549600630998611,1.0,0.9523761868476868
YLR429W,YMR304W,0,-1.0967001,0.09548693895339966,1.0,0.9524762630462646
YOR138C,YLL043W,0,-1.0967202,0.0954778641462326,1.0,0.9525762796401978
YKR002W,YGL004C,0,-1.0968071,0.09546879678964615,1.0,0.9526763558387756
YIL140W,YBR257W,0,-1.0969524,0.09545972943305969,1.0,0.9527763724327087
YJR082C,YDR415C,0,-1.0969816,0.09545066207647324,1.0,0.9528764486312866
YGL203C,YMR273C,0,-1.097479,0.09544159471988678,1.0,0.9529764652252197
YBR243C,YOL108C,0,-1.0975796,0.09543253481388092,1.0,0.9530765414237976
YGR179C,YJR140C,0,-1.0976328,0.09542347490787506,1.0,0.9531766176223755
YOR054C,YJL024C,0,-1.0996463,0.0954144150018692,1.0,0.9532766342163086
YOR291W,YLR305C,0,-1.0998851,0.09540535509586334,1.0,0.9533767104148865
YCR014C,YDR392W,0,-1.1003534,0.09539629518985748,1.0,0.9534767270088196
YDR144C,YJL024C,0,-1.1008589,0.09538724273443222,1.0,0.9535768032073975
YNL032W,YDR229W,0,-1.1022078,0.09537819027900696,1.0,0.9536768198013306
YKL007W,YPL240C,0,-1.102672,0.0953691378235817,1.0,0.9537768959999084
YJR005W,YGL226C-A,0,-1.1032667,0.09536009281873703,1.0,0.9538769125938416
YPR162C,YNL284C,0,-1.1037272,0.09535104036331177,1.0,0.9539769887924194
YBR195C,YLR025W,0,-1.103875,0.0953419953584671,1.0,0.9540770649909973
YGR113W,YLR151C,0,-1.1052597,0.09533295035362244,1.0,0.9541770815849304
YKR071C,YNR015W,0,-1.1061622,0.09532391279935837,1.0,0.9542771577835083
YER013W,YIL048W,0,-1.1065629,0.0953148677945137,1.0,0.9543771743774414
YIR011C,YKR006C,0,-1.1071588,0.09530583024024963,1.0,0.9544772505760193
YGR251W,YLR129W,0,-1.1079751,0.09529679268598557,1.0,0.9545772671699524
YMR077C,YCR057C,0,-1.1084064,0.0952877625823021,1.0,0.9546773433685303
YHR069C,YNL080C,0,-1.1089798,0.09527872502803802,1.0,0.9547773599624634
YML097C,YOR162C,0,-1.1097618,0.09526969492435455,1.0,0.9548774361610413
YDR451C,YPL188W,0,-1.1100987,0.09526066482067108,1.0,0.9549775123596191
YDR137W,YER046W,0,-1.110211,0.09525163471698761,1.0,0.9550775289535522
YPL011C,YHR058C,0,-1.1105174,0.09524260461330414,1.0,0.9551776051521301
YOL045W,YHR069C,0,-1.1107877,0.09523358196020126,1.0,0.9552776217460632
YDR306C,YBR282W,0,-1.1127292,0.09522455930709839,1.0,0.9553776979446411
YMR112C,YPR198W,0,-1.115224,0.09521553665399551,1.0,0.9554777145385742
YPL127C,YDL107W,0,-1.1152707,0.09520651400089264,1.0,0.9555777907371521
YPR189W,YHR082C,0,-1.1152815,0.09519749879837036,1.0,0.95567786693573
YCR014C,YKL175W,0,-1.1159012,0.09518848359584808,1.0,0.9557778835296631
YHR119W,YOR162C,0,-1.1173207,0.0951794683933258,1.0,0.955877959728241
YAL033W,YKR008W,0,-1.1180481,0.09517045319080353,1.0,0.9559779763221741
YMR089C,YDR419W,0,-1.1181871,0.09516144543886185,1.0,0.956078052520752
YIL139C,YJL172W,0,-1.1192756,0.09515243023633957,1.0,0.9561780691146851
YPR189W,YLR163C,0,-1.1193633,0.09514342248439789,1.0,0.9562781453132629
YDR146C,YFL013C,0,-1.1194273,0.0951344221830368,1.0,0.956378161907196
YOR145C,YBR141C,0,-1.1204271,0.09512541443109512,1.0,0.9564782381057739
YHR132C,YMR227C,0,-1.1217192,0.09511641412973404,1.0,0.9565783143043518
YLR182W,YHL034C,0,-1.1218835,0.09510740637779236,1.0,0.9566783308982849
YPL099C,YGR246C,0,-1.1219748,0.09509841352701187,1.0,0.9567784070968628
YNL026W,YNL121C,0,-1.1219823,0.09508941322565079,1.0,0.9568784236907959
YJR036C,YOL090W,0,-1.1222321,0.0950804129242897,1.0,0.9569784998893738
YDR263C,YNL026W,0,-1.122423,0.09507142007350922,1.0,0.9570785164833069
YOR138C,YAR035W,0,-1.1232959,0.09506242722272873,1.0,0.9571785926818848
YIL143C,YOR304W,0,-1.1241301,0.09505343437194824,1.0,0.9572786688804626
YLL003W,YNR017W,0,-1.1266593,0.09504444897174835,1.0,0.9573786854743958
YJR138W,YKR054C,0,-1.12678,0.09503546357154846,1.0,0.9574787616729736
YJR107W,YGL050W,0,-1.1269639,0.09502647817134857,1.0,0.9575787782669067
YLR182W,YJR036C,0,-1.127265,0.09501749277114868,1.0,0.9576788544654846
YLR314C,YDL015C,0,-1.127397,0.09500850737094879,1.0,0.9577788710594177
YPL104W,YDL128W,0,-1.1286579,0.0949995294213295,1.0,0.9578789472579956
YJR127C,YMR270C,0,-1.1287274,0.0949905514717102,1.0,0.9579789638519287
YIL108W,YGR089W,0,-1.129114,0.09498157352209091,1.0,0.9580790400505066
YOR194C,YOR340C,0,-1.1296788,0.09497259557247162,1.0,0.9581791162490845
YGR167W,YGL203C,0,-1.1300309,0.09496361762285233,1.0,0.9582791328430176
YMR172W,YDL170W,0,-1.1305603,0.09495464712381363,1.0,0.9583792090415955
YGR081C,YGR036C,0,-1.1317385,0.09494567662477493,1.0,0.9584792256355286
YHR132C,YCR014C,0,-1.1322514,0.09493670612573624,1.0,0.9585793018341064
YFR001W,YIL177C,0,-1.1335262,0.09492774307727814,1.0,0.9586793184280396
YHR061C,YLR163C,0,-1.1343172,0.09491877257823944,1.0,0.9587793946266174
YOL045W,YBR129C,0,-1.1344959,0.09490980952978134,1.0,0.9588794112205505
YDL227C,YML006C,0,-1.1346668,0.09490084648132324,1.0,0.9589794874191284
YPR162C,YDR415C,0,-1.1352683,0.09489189088344574,1.0,0.9590795636177063
YNL258C,YKR028W,0,-1.1361806,0.09488292783498764,1.0,0.9591795802116394
YPL064C,YNR015W,0,-1.1372312,0.09487397223711014,1.0,0.9592796564102173
YNL163C,YOR089C,0,-1.137633,0.09486501663923264,1.0,0.9593796730041504
YER022W,YNL307C,0,-1.1376454,0.09485606104135513,1.0,0.9594797492027283
YKL090W,YNL307C,0,-1.1388038,0.09484711289405823,1.0,0.9595797657966614
YIL002C,YGL174W,0,-1.1395831,0.09483816474676132,1.0,0.9596798419952393
YLR309C,YOR162C,0,-1.1407074,0.09482921659946442,1.0,0.9597799181938171
YBR120C,YOR219C,0,-1.1407351,0.09482026845216751,1.0,0.9598799347877502
YJR057W,YNR003C,0,-1.141213,0.0948113203048706,1.0,0.9599800109863281
YGL203C,YNL122C,0,-1.1415119,0.0948023796081543,1.0,0.9600800275802612
YFR045W,YFL001W,0,-1.1419569,0.09479343891143799,1.0,0.9601801037788391
YKL174C,YER019C-A,0,-1.1443181,0.09478449821472168,1.0,0.9602801203727722
YGR199W,YFL048C,0,-1.144642,0.09477555751800537,1.0,0.9603801965713501
YBR257W,YDR404C,0,-1.1450964,0.09476661682128906,1.0,0.9604802131652832
YIL128W,YLR330W,0,-1.145317,0.09475768357515335,1.0,0.9605802893638611
YNR018W,YGR072W,0,-1.1455842,0.09474875032901764,1.0,0.960680365562439
YNL084C,YAL017W,0,-1.1469225,0.09473981708288193,1.0,0.9607803821563721
YMR097C,YBR261C,0,-1.1472629,0.09473089128732681,1.0,0.96088045835495
YAL017W,YFL048C,0,-1.1473085,0.0947219580411911,1.0,0.9609804749488831
YMR033W,YDR195W,0,-1.1478721,0.09471303224563599,1.0,0.9610805511474609
YBR052C,YLR270W,0,-1.1486465,0.09470410645008087,1.0,0.961180567741394
YFR013W,YHR077C,0,-1.1488837,0.09469518810510635,1.0,0.9612806439399719
YLR020C,YLR163C,0,-1.149079,0.09468626230955124,1.0,0.9613807201385498
YJL005W,YNR010W,0,-1.149109,0.09467734396457672,1.0,0.9614807367324829
YOL043C,YMR075W,0,-1.1494025,0.0946684256196022,1.0,0.9615808129310608
YDR410C,YJR031C,0,-1.1498668,0.09465950727462769,1.0,0.9616808295249939
YHR060W,YMR114C,0,-1.1508678,0.09465059638023376,1.0,0.9617809057235718
YDL045W-A,YDL015C,0,-1.1516991,0.09464167803525925,1.0,0.9618809223175049
YKL003C,YCR002C,0,-1.1517287,0.09463276714086533,1.0,0.9619809985160828
YDR460W,YGL244W,0,-1.1529427,0.0946238562464714,1.0,0.9620810151100159
YIL002C,YLR440C,0,-1.153682,0.09461495280265808,1.0,0.9621810913085938
YPL050C,YBR257W,0,-1.1548642,0.09460604190826416,1.0,0.9622811675071716
YMR179W,YEL029C,0,-1.156071,0.09459713846445084,1.0,0.9623811841011047
YDL107W,YNL026W,0,-1.1564529,0.09458823502063751,1.0,0.9624812602996826
YGL050W,YGR070W,0,-1.1566318,0.09457933157682419,1.0,0.9625812768936157
YMR005W,YNL335W,0,-1.1582915,0.09457043558359146,1.0,0.9626813530921936
YKR036C,YLR425W,0,-1.1588681,0.09456153213977814,1.0,0.9627813696861267
YNL008C,YIL020C,0,-1.1590643,0.09455263614654541,1.0,0.9628814458847046
YDL045W-A,YNR021W,0,-1.159303,0.09454374760389328,1.0,0.9629814624786377
YOR283W,YMR273C,0,-1.1599796,0.09453485161066055,1.0,0.9630815386772156
YCR052W,YEL056W,0,-1.1605747,0.09452596306800842,1.0,0.9631816148757935
YMR089C,YDR167W,0,-1.1606106,0.0945170670747757,1.0,0.9632816314697266
YNL230C,YMR296C,0,-1.1618348,0.09450817853212357,1.0,0.9633817076683044
YGR081C,YJL030W,0,-1.1627835,0.09449929744005203,1.0,0.9634817242622375
YMR137C,YML052W,0,-1.1633822,0.0944904088973999,1.0,0.9635818004608154
YEL062W,YKR028W,0,-1.1638623,0.09448152780532837,1.0,0.9636818170547485
YJL060W,YJL155C,0,-1.1641246,0.09447264671325684,1.0,0.9637818932533264
YCR014C,YDR404C,0,-1.1644727,0.0944637656211853,1.0,0.9638819694519043
YPL096W,YJL095W,0,-1.164905,0.09445488452911377,1.0,0.9639819860458374
YML049C,YOR311C,0,-1.1652181,0.09444601088762283,1.0,0.9640820622444153
YPR144C,YDR498C,0,-1.1652752,0.0944371372461319,1.0,0.9641820788383484
YOL093W,YLR163C,0,-1.1661764,0.09442826360464096,1.0,0.9642821550369263
YKR071C,YLR080W,0,-1.1663982,0.09441938996315002,1.0,0.9643821716308594
YER008C,YGL094C,0,-1.1667482,0.09441052377223969,1.0,0.9644822478294373
YMR078C,YKL015W,0,-1.1670352,0.09440165013074875,1.0,0.9645822644233704
YPL096W,YML109W,0,-1.1682408,0.09439278393983841,1.0,0.9646823406219482
YGR112W,YDL045C,0,-1.170313,0.09438392519950867,1.0,0.9647824168205261
YNL085W,YLL003W,0,-1.1703767,0.09437505900859833,1.0,0.9648824334144592
YKL210W,YOR230W,0,-1.1719397,0.09436620026826859,1.0,0.9649825096130371
YJL192C,YGR070W,0,-1.1727271,0.09435733407735825,1.0,0.9650825262069702
YLR208W,YGR258C,0,-1.1741823,0.0943484827876091,1.0,0.9651826024055481
YPL122C,YOR209C,0,-1.1744467,0.09433962404727936,1.0,0.9652826189994812
YER050C,YDL045C,0,-1.1746011,0.09433076530694962,1.0,0.9653826951980591
YGR167W,YDR306C,0,-1.1746665,0.09432191401720047,1.0,0.9654827117919922
YGR113W,YOR216C,0,-1.1748277,0.09431306272745132,1.0,0.9655827879905701
YOL057W,YMR090W,0,-1.1754756,0.09430421143770218,1.0,0.965682864189148
YGR081C,YNL032W,0,-1.1758486,0.09429536759853363,1.0,0.965782880783081
YDR067C,YDR494W,0,-1.17647,0.09428651630878448,1.0,0.9658829569816589
YPR162C,YML030W,0,-1.176563,0.09427767246961594,1.0,0.965982973575592
YIL079C,YDR159W,0,-1.1774601,0.09426882863044739,1.0,0.9660830497741699
YJR032W,YKL168C,0,-1.1783644,0.09425999224185944,1.0,0.966183066368103
YDR351W,YNL239W,0,-1.1785675,0.09425114840269089,1.0,0.9662831425666809
YER050C,YGL237C,0,-1.1797868,0.09424231201410294,1.0,0.9663832187652588
YGR246C,YOR219C,0,-1.1801581,0.09423347562551498,1.0,0.9664832353591919
YLL029W,YBR170C,0,-1.18258,0.09422463923692703,1.0,0.9665833115577698
YOL066C,YIL020C,0,-1.1829251,0.09421580284833908,1.0,0.9666833281517029
YOR274W,YDR415C,0,-1.1839875,0.09420697391033173,1.0,0.9667834043502808
YHR069C,YIL139C,0,-1.1855675,0.09419814497232437,1.0,0.9668834209442139
YER050C,YBL041W,0,-1.1868805,0.09418931603431702,1.0,0.9669834971427917
YDR457W,YOR085W,0,-1.1881186,0.09418048709630966,1.0,0.9670835137367249
YDL054C,YNL121C,0,-1.1887245,0.0941716656088829,1.0,0.9671835899353027
YOL082W,YMR193W,0,-1.1889694,0.09416284412145615,1.0,0.9672836661338806
YNL107W,YER171W,0,-1.1892065,0.09415402263402939,1.0,0.9673836827278137
YJL112W,YPL099C,0,-1.1904484,0.09414520114660263,1.0,0.9674837589263916
YJR055W,YJL004C,0,-1.1906469,0.09413637965917587,1.0,0.9675837755203247
YML051W,YLR314C,0,-1.191392,0.09412756562232971,1.0,0.9676838517189026
YDR164C,YLR005W,0,-1.1919545,0.09411875158548355,1.0,0.9677838683128357
YLR383W,YJL081C,0,-1.1920619,0.09410993754863739,1.0,0.9678839445114136
YLR224W,YBR257W,0,-1.1920947,0.09410112351179123,1.0,0.9679840207099915
YKR056W,YNL050C,0,-1.1924361,0.09409231692552567,1.0,0.9680840373039246
YEL037C,YMR097C,0,-1.1930176,0.0940835028886795,1.0,0.9681841135025024
YKL144C,YKL172W,0,-1.1936451,0.09407469630241394,1.0,0.9682841300964355
YGL050W,YPL011C,0,-1.1946082,0.09406588971614838,1.0,0.9683842062950134
YIR011C,YOR038C,0,-1.1948307,0.09405709058046341,1.0,0.9684842228889465
YJR036C,YHR060W,0,-1.1958348,0.09404828399419785,1.0,0.9685842990875244
YBR247C,YIL079C,0,-1.1964571,0.09403948485851288,1.0,0.9686843156814575
YNL262W,YJR140C,0,-1.196606,0.09403068572282791,1.0,0.9687843918800354
YDR416W,YOL062C,0,-1.1974937,0.09402189403772354,1.0,0.9688844680786133
YML112W,YJR101W,0,-1.1983607,0.09401309490203857,1.0,0.9689844846725464
YOR287C,YPR198W,0,-1.199318,0.0940043032169342,1.0,0.9690845608711243
YML097C,YLR330W,0,-1.1999611,0.09399551153182983,1.0,0.9691845774650574
YPL139C,YGL216W,0,-1.2002331,0.09398671984672546,1.0,0.9692846536636353
YNL273W,YCL032W,0,-1.2002612,0.0939779281616211,1.0,0.9693846702575684
YDR512C,YOR142W,0,-1.2014238,0.09396914392709732,1.0,0.9694847464561462
YMR087W,YKR002W,0,-1.203281,0.09396035969257355,1.0,0.9695847630500793
YMR228W,YMR115W,0,-1.2036391,0.09395157545804977,1.0,0.9696848392486572
YJR005W,YJL178C,0,-1.2054518,0.093942791223526,1.0,0.9697849154472351
YJR112W,YGR276C,0,-1.2058872,0.09393401443958282,1.0,0.9698849320411682
YMR005W,YER171W,0,-1.2074233,0.09392523020505905,1.0,0.9699850082397461
YER008C,YBR261C,0,-1.2076373,0.09391645342111588,1.0,0.9700850248336792
YDR530C,YDL225W,0,-1.2083998,0.0939076840877533,1.0,0.9701851010322571
YKL206C,YMR295C,0,-1.2100683,0.09389890730381012,1.0,0.9702851176261902
YNL304W,YDR416W,0,-1.2100983,0.09389013797044754,1.0,0.9703851938247681
YNL231C,YDR332W,0,-1.2101958,0.09388136118650436,1.0,0.970485270023346
YJR107W,YMR112C,0,-1.2109805,0.09387259185314178,1.0,0.970585286617279
YMR123W,YNL107W,0,-1.2117928,0.0938638299703598,1.0,0.9706853628158569
YOR106W,YGR216C,0,-1.2125316,0.09385506063699722,1.0,0.97078537940979
YGR167W,YGL233W,0,-1.2129344,0.09384629875421524,1.0,0.9708854556083679
YEL031W,YML006C,0,-1.2130212,0.09383753687143326,1.0,0.970985472202301
YOR323C,YGL226C-A,0,-1.2131783,0.09382877498865128,1.0,0.9710855484008789
YER022W,YBL089W,0,-1.2133442,0.0938200131058693,1.0,0.971185564994812
YDL202W,YML030W,0,-1.2147645,0.09381125867366791,1.0,0.9712856411933899
YJR036C,YBR042C,0,-1.2147665,0.09380250424146652,1.0,0.9713857173919678
YGL244W,YDL128W,0,-1.2150058,0.09379374980926514,1.0,0.9714857339859009
YLR383W,YAL017W,0,-1.2156818,0.09378499537706375,1.0,0.9715858101844788
YGL019W,YLR088W,0,-1.2197253,0.09377624094486237,1.0,0.9716858267784119
YGR185C,YOL108C,0,-1.2202108,0.09376749396324158,1.0,0.9717859029769897
YPL007C,YJL171C,0,-1.2221332,0.09375874698162079,1.0,0.9718859195709229
YGR199W,YAL017W,0,-1.2234002,0.09375,1.0,0.9719859957695007
YLR383W,YPL188W,0,-1.223642,0.09374125301837921,1.0,0.9720860719680786
YDR472W,YNR035C,0,-1.2248423,0.09373251348733902,1.0,0.9721860885620117
YIL108W,YDL202W,0,-1.2249912,0.09372377395629883,1.0,0.9722861647605896
YOR311C,YLR145W,0,-1.2264597,0.09371503442525864,1.0,0.9723861813545227
YDL202W,YPL011C,0,-1.2270427,0.09370629489421844,1.0,0.9724862575531006
YCR057C,YGR070W,0,-1.2271079,0.09369755536317825,1.0,0.9725862741470337
YPL112C,YJL176C,0,-1.2282306,0.09368882328271866,1.0,0.9726863503456116
YPL011C,YOR162C,0,-1.228594,0.09368009120225906,1.0,0.9727863669395447
YJR151C,YMR218C,0,-1.2297046,0.09367135912179947,1.0,0.9728864431381226
YER050C,YCR026C,0,-1.2306367,0.09366262704133987,1.0,0.9729865193367004
YLL029W,YKL210W,0,-1.2306393,0.09365390241146088,1.0,0.9730865359306335
YKL203C,YML080W,0,-1.2318801,0.09364517033100128,1.0,0.9731866121292114
YMR137C,YBR096W,0,-1.2332672,0.09363644570112228,1.0,0.9732866287231445
YIL139C,YKL064W,0,-1.2343612,0.09362772852182388,1.0,0.9733867049217224
YJL140W,YBL052C,0,-1.2352797,0.09361900389194489,1.0,0.9734867215156555
YBR128C,YKL206C,0,-1.236334,0.09361028671264648,1.0,0.9735867977142334
YJR057W,YJR151C,0,-1.2365367,0.09360156208276749,1.0,0.9736868143081665
YOR304W,YPR060C,0,-1.2367736,0.09359284490346909,1.0,0.9737868905067444
YKR008W,YPL011C,0,-1.237005,0.09358413517475128,1.0,0.9738869667053223
YOL082W,YDL074C,0,-1.237518,0.09357541799545288,1.0,0.9739869832992554
YKL190W,YJL134W,0,-1.2378958,0.09356670826673508,1.0,0.9740870594978333
YOR219C,YMR193W,0,-1.2398533,0.09355799853801727,1.0,0.9741870760917664
YLR182W,YOL090W,0,-1.2415354,0.09354928880929947,1.0,0.9742871522903442
YDR137W,YJR021C,0,-1.2421633,0.09354057908058167,1.0,0.9743871688842773
YDR167W,YOR074C,0,-1.2429547,0.09353187680244446,1.0,0.9744872450828552
YBR150C,YJR040W,0,-1.2432328,0.09352317452430725,1.0,0.9745873212814331
YDR332W,YMR099C,0,-1.2441427,0.09351447224617004,1.0,0.9746873378753662
YDR494W,YKL186C,0,-1.2441429,0.09350576996803284,1.0,0.9747874140739441
YKR002W,YDR373W,0,-1.2450014,0.09349706768989563,1.0,0.9748874306678772
YER185W,YMR228W,0,-1.2464955,0.09348837286233902,1.0,0.9749875068664551
YGR171C,YDL045C,0,-1.2465392,0.09347967803478241,1.0,0.9750875234603882
YBR042C,YGR072W,0,-1.2471359,0.0934709832072258,1.0,0.9751875996589661
YKR036C,YKR008W,0,-1.2478416,0.09346228837966919,1.0,0.9752876162528992
YBL028C,YPL188W,0,-1.2478698,0.09345360100269318,1.0,0.975387692451477
YJL030W,YKL130C,0,-1.2483294,0.09344490617513657,1.0,0.9754877686500549
YGR179C,YGL226C-A,0,-1.2490277,0.09343621879816055,1.0,0.975587785243988
YKR036C,YLR129W,0,-1.2494366,0.09342753887176514,1.0,0.9756878614425659
YDR473C,YMR061W,0,-1.2504127,0.09341885149478912,1.0,0.975787878036499
YKL074C,YOR232W,0,-1.2513819,0.09341017156839371,1.0,0.9758879542350769
YNL267W,YGR012W,0,-1.2516226,0.0934014841914177,1.0,0.97598797082901
YNL008C,YOL102C,0,-1.2516788,0.09339280426502228,1.0,0.9760880470275879
YGR255C,YPR127W,0,-1.2531601,0.09338413178920746,1.0,0.9761881232261658
YPL139C,YJL176C,0,-1.2532614,0.09337545186281204,1.0,0.9762881398200989
YHR012W,YOR138C,0,-1.2540877,0.09336677938699722,1.0,0.9763882160186768
YGR216C,YNR010W,0,-1.255398,0.0933581069111824,1.0,0.9764882326126099
YJR006W,YDR131C,0,-1.2562096,0.09334943443536758,1.0,0.9765883088111877
YAL022C,YKL064W,0,-1.2573715,0.09334076195955276,1.0,0.9766883254051208
YER103W,YBR052C,0,-1.2573972,0.09333209693431854,1.0,0.9767884016036987
YIL002C,YJL140W,0,-1.2581778,0.09332343190908432,1.0,0.9768884181976318
YKL007W,YDL197C,0,-1.2583148,0.0933147668838501,1.0,0.9769884943962097
YJL124C,YNL006W,0,-1.2587063,0.09330610185861588,1.0,0.9770885705947876
YOR353C,YDR392W,0,-1.2598947,0.09329743683338165,1.0,0.9771885871887207
YNL032W,YKR101W,0,-1.2599057,0.09328877925872803,1.0,0.9772886633872986
YDR351W,YDR173C,0,-1.2600949,0.0932801216840744,1.0,0.9773886799812317
YLR016C,YPL065W,0,-1.2602912,0.09327146410942078,1.0,0.9774887561798096
YJL178C,YMR087W,0,-1.2609057,0.09326280653476715,1.0,0.9775887727737427
YJR138W,YEL031W,0,-1.2620484,0.09325414896011353,1.0,0.9776888489723206
YIL140W,YDL225W,0,-1.2634665,0.0932454988360405,1.0,0.9777888655662537
YDR164C,YJL103C,0,-1.2641205,0.09323684871196747,1.0,0.9778889417648315
YCL057W,YBR096W,0,-1.2649022,0.09322819858789444,1.0,0.9779890179634094
YNL085W,YJR127C,0,-1.2650465,0.09321955591440201,1.0,0.9780890345573425
YGR179C,YPL112C,0,-1.2654326,0.09321090579032898,1.0,0.9781891107559204
YOL066C,YDR207C,0,-1.2664977,0.09320226311683655,1.0,0.9782891273498535
YKL174C,YGL050W,0,-1.2678045,0.09319362044334412,1.0,0.9783892035484314
YDR144C,YIL177C,0,-1.2689681,0.09318497776985168,1.0,0.9784892201423645
YER008C,YFL048C,0,-1.2694846,0.09317634254693985,1.0,0.9785892963409424
YKR019C,YML030W,0,-1.2698001,0.09316769987344742,1.0,0.9786893725395203
YDR512C,YNL006W,0,-1.2699668,0.09315906465053558,1.0,0.9787893891334534
YBL058W,YDL077C,0,-1.2733976,0.09315042942762375,1.0,0.9788894653320312
YFR013W,YNL273W,0,-1.2738132,0.09314180165529251,1.0,0.9789894819259644
YOL038W,YBR257W,0,-1.2766713,0.09313316643238068,1.0,0.9790895581245422
YCL014W,YGR246C,0,-1.2778078,0.09312453866004944,1.0,0.9791895747184753
YER022W,YJL149W,0,-1.2784358,0.0931159108877182,1.0,0.9792896509170532
YAL022C,YML049C,0,-1.2795416,0.09310728311538696,1.0,0.9793896675109863
YIR011C,YPL196W,0,-1.280835,0.09309865534305573,1.0,0.9794897437095642
YOR159C,YMR228W,0,-1.2809714,0.09309003502130508,1.0,0.9795898199081421
YER171W,YLR330W,0,-1.2811285,0.09308141469955444,1.0,0.9796898365020752
YKL174C,YDR373W,0,-1.2811621,0.0930727943778038,1.0,0.9797899127006531
YFL038C,YGR199W,0,-1.2814876,0.09306417405605316,1.0,0.9798899292945862
YJL034W,YML049C,0,-1.2831565,0.09305555373430252,1.0,0.9799900054931641
YBR278W,YLR353W,0,-1.2835271,0.09304694086313248,1.0,0.9800900220870972
YNL131W,YMR193W,0,-1.2840921,0.09303832799196243,1.0,0.980190098285675
YKR002W,YNL258C,0,-1.2850404,0.09302971512079239,1.0,0.9802901744842529
YNL261W,YKL174C,0,-1.2886783,0.09302110224962234,1.0,0.980390191078186
YBR074W,YGL216W,0,-1.2888211,0.0930124968290329,1.0,0.9804902672767639
YDR419W,YDR137W,0,-1.2899419,0.09300388395786285,1.0,0.980590283870697
YLL003W,YAR002C-A,0,-1.290238,0.09299527853727341,1.0,0.9806903600692749
YML030W,YKL061W,0,-1.2921444,0.09298667311668396,1.0,0.980790376663208
YJL112W,YNL273W,0,-1.2939271,0.09297807514667511,1.0,0.9808904528617859
YGR169C,YMR228W,0,-1.2972145,0.09296946972608566,1.0,0.980990469455719
YOR283W,YBR275C,0,-1.298566,0.09296087175607681,1.0,0.9810905456542969
YHR059W,YPL188W,0,-1.3006908,0.09295227378606796,1.0,0.9811906218528748
YML030W,YGR239C,0,-1.3013396,0.09294367581605911,1.0,0.9812906384468079
YJL192C,YJR140C,0,-1.3021934,0.09293508529663086,1.0,0.9813907146453857
YDR173C,YIR032C,0,-1.3037204,0.09292648732662201,1.0,0.9814907312393188
YMR078C,YOL093W,0,-1.3062906,0.09291789680719376,1.0,0.9815908074378967
YOR106W,YGL174W,0,-1.3066033,0.0929093062877655,1.0,0.9816908240318298
YDR473C,YLR016C,0,-1.3078178,0.09290072321891785,1.0,0.9817909002304077
YMR112C,YLR394W,0,-1.3104386,0.0928921326994896,1.0,0.9818909168243408
YML049C,YKL205W,0,-1.3104831,0.09288354963064194,1.0,0.9819909930229187
YGL060W,YHR057C,0,-1.3108509,0.09287496656179428,1.0,0.9820910692214966
YDR512C,YJL149W,0,-1.3115748,0.09286638349294662,1.0,0.9821910858154297
YGR179C,YOR194C,0,-1.3117756,0.09285780042409897,1.0,0.9822911620140076
YMR087W,YJL149W,0,-1.3141896,0.09284922480583191,1.0,0.9823911786079407
YDR512C,YDL015C,0,-1.3142838,0.09284064918756485,1.0,0.9824912548065186
YPR024W,YJR149W,0,-1.3149403,0.09283207356929779,1.0,0.9825912714004517
YNL273W,YCL052C,0,-1.3153452,0.09282349795103073,1.0,0.9826913475990295
YJL176C,YMR099C,0,-1.3178068,0.09281492233276367,1.0,0.9827914237976074
YJR119C,YDR392W,0,-1.318756,0.09280635416507721,1.0,0.9828914403915405
YKR071C,YLL061W,0,-1.3205031,0.09279778599739075,1.0,0.9829915165901184
YER151C,YIL042C,0,-1.3205854,0.09278921782970428,1.0,0.9830915331840515
YKR008W,YOR275C,0,-1.3216895,0.09278064966201782,1.0,0.9831916093826294
YDR494W,YGR258C,0,-1.3220742,0.09277208894491196,1.0,0.9832916259765625
YGR113W,YLR103C,0,-1.3222529,0.0927635207772255,1.0,0.9833917021751404
YER050C,YBR222C,0,-1.3229593,0.09275496006011963,1.0,0.9834917187690735
YBR274W,YKL144C,0,-1.3240968,0.09274639934301376,1.0,0.9835917949676514
YDR079W,YKL020C,0,-1.3241531,0.0927378460764885,1.0,0.9836918711662292
YEL036C,YJR031C,0,-1.3253356,0.09272928535938263,1.0,0.9837918877601624
YNL258C,YBR173C,0,-1.3265438,0.09272073209285736,1.0,0.9838919639587402
YMR301C,YNL175C,0,-1.3283399,0.09271217882633209,1.0,0.9839919805526733
YNL273W,YJL128C,0,-1.3288487,0.09270362555980682,1.0,0.9840920567512512
YJR006W,YOL043C,0,-1.3304696,0.09269507229328156,1.0,0.9841920733451843
YHR012W,YMR273C,0,-1.3320919,0.09268652647733688,1.0,0.9842921495437622
YDR138W,YOR162C,0,-1.3327613,0.09267798066139221,1.0,0.9843922257423401
YOL057W,YKL061W,0,-1.3373107,0.09266943484544754,1.0,0.9844922423362732
YPR162C,YFL001W,0,-1.3380427,0.09266088902950287,1.0,0.9845923185348511
YHR030C,YNL267W,0,-1.3389809,0.0926523432135582,1.0,0.9846923351287842
YBR150C,YCL014W,0,-1.3399593,0.09264380484819412,1.0,0.9847924113273621
YLR386W,YNL238W,0,-1.3403256,0.09263526648283005,1.0,0.9848924279212952
YJR082C,YDL202W,0,-1.3412597,0.09262672811746597,1.0,0.984992504119873
YJR004C,YGL203C,0,-1.341427,0.0926181897521019,1.0,0.9850925207138062
YNL273W,YKR002W,0,-1.3421762,0.09260965883731842,1.0,0.985192596912384
YCL057W,YGR072W,0,-1.3433454,0.09260112047195435,1.0,0.9852926731109619
YNL271C,YGR113W,0,-1.3434443,0.09259258955717087,1.0,0.985392689704895
YER050C,YJL149W,0,-1.3439412,0.09258406609296799,1.0,0.9854927659034729
YOR148C,YKR068C,0,-1.3457319,0.09257553517818451,1.0,0.985592782497406
YGR258C,YKL203C,0,-1.348161,0.09256700426340103,1.0,0.9856928586959839
YLR380W,YDR410C,0,-1.3492559,0.09255848079919815,1.0,0.985792875289917
YOL070C,YJL140W,0,-1.3509451,0.09254995733499527,1.0,0.9858929514884949
YER137C,YLR088W,0,-1.351604,0.09254143387079239,1.0,0.985992968082428
YNL297C,YCL052C,0,-1.3547617,0.0925329178571701,1.0,0.9860930442810059
YDR196C,YLL040C,0,-1.3556817,0.09252439439296722,1.0,0.9861931204795837
YGR271W,YNR013C,0,-1.3558531,0.09251587837934494,1.0,0.9862931370735168
YGR246C,YJR032W,0,-1.3591329,0.09250736236572266,1.0,0.9863932132720947
YPR111W,YGR258C,0,-1.3592733,0.09249884635210037,1.0,0.9864932298660278
YDR137W,YER101C,0,-1.3601652,0.09249033778905869,1.0,0.9865933060646057
YGL172W,YJL149W,0,-1.3625625,0.092481829226017,1.0,0.9866933226585388
YLR209C,YNL262W,0,-1.3670324,0.09247331321239471,1.0,0.9867933988571167
YMR078C,YGL241W,0,-1.372238,0.09246480464935303,1.0,0.9868934750556946
YDR383C,YMR008C,0,-1.37234,0.09245630353689194,1.0,0.9869934916496277
YDR082W,YDL045C,0,-1.3745424,0.09244779497385025,1.0,0.9870935678482056
YER050C,YOR148C,0,-1.3764778,0.09243929386138916,1.0,0.9871935844421387
YHR012W,YGR113W,0,-1.3773032,0.09243079274892807,1.0,0.9872936606407166
YJR127C,YGR255C,0,-1.3774184,0.09242229163646698,1.0,0.9873936772346497
YKR008W,YJR140C,0,-1.3822737,0.09241379052400589,1.0,0.9874937534332275
YPL112C,YDR159W,0,-1.3831025,0.0924052968621254,1.0,0.9875937700271606
YLL003W,YER145C,0,-1.3859596,0.0923968032002449,1.0,0.9876938462257385
YKR028W,YGR089W,0,-1.3860296,0.09238830953836441,1.0,0.9877939224243164
YNL032W,YLR005W,0,-1.3875916,0.09237981587648392,1.0,0.9878939390182495
YDR137W,YMR240C,0,-1.392122,0.09237132221460342,1.0,0.9879940152168274
YFR045W,YJR101W,0,-1.396034,0.09236283600330353,1.0,0.9880940318107605
YAR027W,YJL124C,0,-1.3966196,0.09235434979200363,1.0,0.9881941080093384
YDR351W,YJR082C,0,-1.404615,0.09234586358070374,1.0,0.9882941246032715
YNL084C,YOR162C,0,-1.4083079,0.09233737736940384,1.0,0.9883942008018494
YLL003W,YKL096W-A,0,-1.4131602,0.09232889115810394,1.0,0.9884942173957825
YOR168W,YDL054C,0,-1.4141685,0.09232041239738464,1.0,0.9885942935943604
YHR085W,YJR031C,0,-1.416581,0.09231193363666534,1.0,0.9886943697929382
YOR304W,YLR025W,0,-1.4181943,0.09230345487594604,1.0,0.9887943863868713
YNL147W,YPL065W,0,-1.4195317,0.09229497611522675,1.0,0.9888944625854492
YDR411C,YPR135W,0,-1.421521,0.09228650480508804,1.0,0.9889944791793823
YCR030C,YML030W,0,-1.4243352,0.09227802604436874,1.0,0.9890945553779602
YPL064C,YLL003W,0,-1.4244317,0.09226955473423004,1.0,0.9891945719718933
YJR055W,YMR218C,0,-1.4278935,0.09226108342409134,1.0,0.9892946481704712
YER022W,YDR389W,0,-1.4286691,0.09225261956453323,1.0,0.9893947243690491
YDR196C,YJL029C,0,-1.4287387,0.09224414825439453,1.0,0.9894947409629822
YNL273W,YPR091C,0,-1.4288276,0.09223568439483643,1.0,0.9895948171615601
YDR196C,YDL111C,0,-1.4291317,0.09222722053527832,1.0,0.9896948337554932
YPL064C,YGL050W,0,-1.4313821,0.09221875667572021,1.0,0.989794909954071
YCR014C,YNR010W,0,-1.4317707,0.09221029281616211,1.0,0.9898949265480042
YNL147W,YMR210W,0,-1.4329593,0.0922018364071846,1.0,0.989995002746582
YKR002W,YNL284C,0,-1.434532,0.09219337999820709,1.0,0.9900950193405151
YDR460W,YAL022C,0,-1.4439472,0.09218492358922958,1.0,0.990195095539093
YGR238C,YML030W,0,-1.4448906,0.09217646718025208,1.0,0.9902951717376709
YCR014C,YJL053W,0,-1.4481875,0.09216801077127457,1.0,0.990395188331604
YNL147W,YJL141C,0,-1.4496101,0.09215956181287766,1.0,0.9904952645301819
YOL066C,YLR309C,0,-1.4514676,0.09215111285448074,1.0,0.990595281124115
YIR011C,YJL024C,0,-1.4530112,0.09214266389608383,1.0,0.9906953573226929
YHR069C,YBR095C,0,-1.4575998,0.09213421493768692,1.0,0.990795373916626
YOR239W,YDL074C,0,-1.464792,0.09212576597929001,1.0,0.9908954501152039
YNR006W,YIL021W,0,-1.4648995,0.0921173244714737,1.0,0.9909955263137817
YAL024C,YOR353C,0,-1.465161,0.09210888296365738,1.0,0.9910955429077148
YNL008C,YDR392W,0,-1.4718746,0.09210044145584106,1.0,0.9911956191062927
YMR112C,YML049C,0,-1.4759977,0.09209199994802475,1.0,0.9912956357002258
YDR351W,YOR216C,0,-1.4764875,0.09208356589078903,1.0,0.9913957118988037
YPL083C,YBR095C,0,-1.4781202,0.09207512438297272,1.0,0.9914957284927368
YOR089C,YAL029C,0,-1.4811466,0.092066690325737,1.0,0.9915958046913147
YJL112W,YNL298W,0,-1.4812973,0.09205825626850128,1.0,0.9916958212852478
YMR227C,YPR091C,0,-1.4844592,0.09204982966184616,1.0,0.9917958974838257
YFR029W,YKL186C,0,-1.4858845,0.09204139560461044,1.0,0.9918959736824036
YAL022C,YCR014C,0,-1.4859775,0.09203296899795532,1.0,0.9919959902763367
YGR258C,YGR222W,0,-1.4865814,0.0920245423913002,1.0,0.9920960664749146
YJR005W,YBR115C,0,-1.4949517,0.09201611578464508,1.0,0.9921960830688477
YNR006W,YDR392W,0,-1.4957007,0.09200768917798996,1.0,0.9922961592674255
YGR095C,YKL144C,0,-1.4985958,0.09199927002191544,1.0,0.9923961758613586
YDR351W,YLR080W,0,-1.5007355,0.09199084341526031,1.0,0.9924962520599365
YDR512C,YLL003W,0,-1.5052518,0.09198242425918579,1.0,0.9925962686538696
YOR194C,YNR010W,0,-1.5079557,0.09197401255369186,1.0,0.9926963448524475
YGR251W,YKL174C,0,-1.5094312,0.09196559339761734,1.0,0.9927964210510254
YOR148C,YJL024C,0,-1.5095513,0.09195718169212341,1.0,0.9928964376449585
YNL131W,YML112W,0,-1.5096108,0.09194876253604889,1.0,0.9929965138435364
YLR020C,YOR089C,0,-1.5107607,0.09194035083055496,1.0,0.9930965304374695
YOR304C-A,YMR061W,0,-1.5135515,0.09193194657564163,1.0,0.9931966066360474
YLL003W,YDR131C,0,-1.5217646,0.0919235348701477,1.0,0.9932966232299805
YNL163C,YGR179C,0,-1.5223366,0.09191513061523438,1.0,0.9933966994285583
YDL225W,YOR162C,0,-1.5239068,0.09190671890974045,1.0,0.9934967756271362
YKL168C,YKR028W,0,-1.5293514,0.09189831465482712,1.0,0.9935967922210693
YPL011C,YMR273C,0,-1.5308715,0.09188991785049438,1.0,0.9936968684196472
YGL112C,YKR008W,0,-1.5315597,0.09188151359558105,1.0,0.9937968850135803
YER050C,YEL043W,0,-1.5346223,0.09187311679124832,1.0,0.9938969612121582
YBR257W,YBR074W,0,-1.5361798,0.09186471998691559,1.0,0.9939969778060913
YML071C,YNL163C,0,-1.5390857,0.09185632318258286,1.0,0.9940970540046692
YGL050W,YJL176C,0,-1.5392923,0.09184792637825012,1.0,0.9941970705986023
YKR069W,YCL052C,0,-1.5393556,0.09183952957391739,1.0,0.9942971467971802
YGL050W,YKR028W,0,-1.5415535,0.09183114022016525,1.0,0.9943972229957581
YER022W,YFL023W,0,-1.5444089,0.09182275086641312,1.0,0.9944972395896912
YNR015W,YJR133W,0,-1.5509576,0.09181436151266098,1.0,0.994597315788269
YOR291W,YDR415C,0,-1.5590119,0.09180597215890884,1.0,0.9946973323822021
YML049C,YKL001C,0,-1.5612742,0.0917975902557373,1.0,0.99479740858078
YDR196C,YPL259C,0,-1.5616887,0.09178920090198517,1.0,0.9948974251747131
YIL046W,YKL144C,0,-1.5636691,0.09178081899881363,1.0,0.994997501373291
YER050C,YLR309C,0,-1.5723425,0.09177244454622269,1.0,0.9950975775718689
YKL041W,YKR002W,0,-1.5808676,0.09176406264305115,1.0,0.995197594165802
YPL129W,YJL176C,0,-1.583007,0.09175568073987961,1.0,0.9952976703643799
YBR155W,YGL216W,0,-1.5858389,0.09174730628728867,1.0,0.995397686958313
YNL236W,YMR054W,0,-1.5859365,0.09173893183469772,1.0,0.9954977631568909
YOR148C,YOR209C,0,-1.5878397,0.09173055738210678,1.0,0.995597779750824
YGR089W,YBR281C,0,-1.5878793,0.09172219038009644,1.0,0.9956978559494019
YIL002C,YMR112C,0,-1.5932275,0.0917138159275055,1.0,0.995797872543335
YML097C,YDR207C,0,-1.6046054,0.09170544892549515,1.0,0.9958979487419128
YNL008C,YMR089C,0,-1.6090002,0.0916970819234848,1.0,0.9959980249404907
YDR167W,YGL050W,0,-1.6120077,0.09168871492147446,1.0,0.9960980415344238
YCR014C,YOR353C,0,-1.6188074,0.09168034791946411,1.0,0.9961981177330017
YLR425W,YOR219C,0,-1.6243364,0.09167198836803436,1.0,0.9962981343269348
YNL147W,YLR219W,0,-1.6247071,0.09166362881660461,1.0,0.9963982105255127
YLR425W,YDR457W,0,-1.628946,0.09165526926517487,1.0,0.9964982271194458
YLL003W,YKR026C,0,-1.6296544,0.09164690971374512,1.0,0.9965983033180237
YDR196C,YML109W,0,-1.6315078,0.09163855016231537,1.0,0.9966983199119568
YLL003W,YLR016C,0,-1.636005,0.09163019806146622,1.0,0.9967983961105347
YGR113W,YBR281C,0,-1.6408519,0.09162184596061707,1.0,0.9968984723091125
YEL052W,YKL013C,0,-1.6474075,0.09161349385976791,1.0,0.9969984889030457
YPL122C,YPL129W,0,-1.6522824,0.09160514175891876,1.0,0.9970985651016235
YOL052C,YCL034W,0,-1.6584244,0.09159678965806961,1.0,0.9971985816955566
YJL124C,YGL233W,0,-1.6633765,0.09158844500780106,1.0,0.9972986578941345
YNL107W,YJL081C,0,-1.6692871,0.0915801003575325,1.0,0.9973986744880676
YGR081C,YPL129W,0,-1.6802082,0.09157175570726395,1.0,0.9974987506866455
YKR008W,YJL149W,0,-1.6807318,0.09156341105699539,1.0,0.9975988268852234
YGR095C,YGL113W,0,-1.6808718,0.09155506640672684,1.0,0.9976988434791565
YLL003W,YLR316C,0,-1.6855779,0.09154672920703888,1.0,0.9977989196777344
YMR078C,YOL090W,0,-1.6871239,0.09153839200735092,1.0,0.9978989362716675
YJL112W,YJL176C,0,-1.6902808,0.09153005480766296,1.0,0.9979990124702454
YJL140W,YLR389C,0,-1.6971196,0.091521717607975,1.0,0.9980990290641785
YJR149W,YGR199W,0,-1.6979831,0.09151338785886765,1.0,0.9981991052627563
YAL016W,YGL203C,0,-1.7091967,0.09150505065917969,1.0,0.9982991218566895
YJL176C,YGR276C,0,-1.7099494,0.09149672091007233,1.0,0.9983991980552673
YKL041W,YOR194C,0,-1.7388936,0.09148839116096497,1.0,0.9984992742538452
YLL003W,YNL107W,0,-1.7610943,0.0914800688624382,1.0,0.9985992908477783
YML032C,YML006C,0,-1.7642556,0.09147173911333084,1.0,0.9986993670463562
YOR194C,YPL096W,0,-1.7718164,0.09146341681480408,1.0,0.9987993836402893
YKL170W,YLR145W,0,-1.7874938,0.09145509451627731,1.0,0.9988994598388672
YJL149W,YNL259C,0,-1.8450094,0.09144677221775055,1.0,0.9989994764328003
YKL186C,YDR159W,0,-1.8467332,0.09143844991922379,1.0,0.9990995526313782
YLR244C,YOR299W,0,-1.8608541,0.09143012762069702,1.0,0.999199628829956
YDR473C,YDR404C,0,-1.8709298,0.09142181277275085,1.0,0.9992996454238892
YLL003W,YGR012W,0,-1.8743842,0.09141349792480469,1.0,0.999399721622467
YGL094C,YFL013C,0,-1.8759388,0.09140518307685852,1.0,0.9994997382164001
YKR055W,YPL011C,0,-1.8834333,0.09139686822891235,1.0,0.999599814414978
YPL011C,YJL095W,0,-1.8892397,0.09138856083154678,1.0,0.9996998310089111
YFR013W,YGL241W,0,-1.9355708,0.09138025343418121,1.0,0.999799907207489
YMR112C,YGR012W,0,-1.9901546,0.09137194603681564,1.0,0.9998999238014221
YDR411C,YLL003W,0,-2.9985774,0.09136363863945007,1.0,1.0
