Gene A,Gene B,Label,Score,Precision,Recall,False Positive Rate
YDL223C,YKL138C-A,0,-2.6120014,0.0,0.0,0.0008333333535119891
YPR119W,YDR300C,0,-2.894611,0.0,0.0,0.0016666667070239782
YJR120W,YGL018C,1,-2.907524,0.3333333432674408,0.008333333767950535,0.0016666667070239782
YHR129C,YDR346C,0,-3.0046995,0.25,0.008333333767950535,0.0024999999441206455
YJL124C,YER087C-A,0,-3.011098,0.20000000298023224,0.008333333767950535,0.0033333334140479565
YJL059W,YJL089W,0,-3.0477283,0.1666666716337204,0.008333333767950535,0.004166666883975267
YLR197W,YNR057C,0,-3.0506601,0.1428571492433548,0.008333333767950535,0.004999999888241291
YNR064C,YIL023C,0,-3.0599632,0.125,0.008333333767950535,0.005833333358168602
YEL024W,YJR120W,1,-3.1703436,0.2222222238779068,0.01666666753590107,0.005833333358168602
YGL035C,YPR119W,0,-3.1751285,0.20000000298023224,0.01666666753590107,0.006666666828095913
YKL070W,YGL222C,0,-3.212466,0.1818181872367859,0.01666666753590107,0.007499999832361937
YIL125W,YMR030W,1,-3.2187924,0.25,0.02500000037252903,0.007499999832361937
YNR064C,YPR140W,0,-3.244724,0.23076923191547394,0.02500000037252903,0.008333333767950535
YKL057C,YLL061W,0,-3.2506952,0.2142857164144516,0.02500000037252903,0.009166666306555271
YGL181W,YMR136W,0,-3.291709,0.20000000298023224,0.02500000037252903,0.009999999776482582
YNR064C,YLR329W,0,-3.2953272,0.1875,0.02500000037252903,0.010833333246409893
YGR272C,YJL109C,0,-3.31189,0.1764705926179886,0.02500000037252903,0.011666666716337204
YGR183C,YJR120W,1,-3.3137312,0.2222222238779068,0.03333333507180214,0.011666666716337204
YAR044W,YLR138W,0,-3.3203888,0.21052631735801697,0.03333333507180214,0.012500000186264515
YDR168W,YJL012C-A,0,-3.3262262,0.20000000298023224,0.03333333507180214,0.013333333656191826
YNL046W,YCR020W-B,0,-3.3264403,0.190476194024086,0.03333333507180214,0.014166667126119137
YBR156C,YJR004C,0,-3.3557281,0.1818181872367859,0.03333333507180214,0.014999999664723873
YGL104C,YKR035W-A,0,-3.36333,0.17391304671764374,0.03333333507180214,0.015833333134651184
YHR116W,YJR120W,1,-3.3637176,0.2083333283662796,0.0416666679084301,0.015833333134651184
YBL015W,YML091C,0,-3.3819122,0.20000000298023224,0.0416666679084301,0.01666666753590107
YEL054C,YKR060W,0,-3.385304,0.19230769574642181,0.0416666679084301,0.017500000074505806
YGR272C,YER146W,0,-3.3913248,0.18518517911434174,0.0416666679084301,0.018333332613110542
YNL039W,YJL012C-A,0,-3.3955336,0.1785714328289032,0.0416666679084301,0.019166667014360428
YGR272C,YGL243W,0,-3.3958695,0.17241379618644714,0.0416666679084301,0.019999999552965164
YGR122W,YBL047C,0,-3.3978248,0.1666666716337204,0.0416666679084301,0.02083333395421505
YBL100W-B,YLR010C,0,-3.4055486,0.16129031777381897,0.0416666679084301,0.021666666492819786
YGR221C,YMR001C,0,-3.4080658,0.15625,0.0416666679084301,0.02250000089406967
YIL106W,YMR134W,0,-3.413286,0.1515151560306549,0.0416666679084301,0.023333333432674408
YHR056C,YML042W,0,-3.4142203,0.14705882966518402,0.0416666679084301,0.024166665971279144
YPL011C,YBR156C,0,-3.418717,0.1428571492433548,0.0416666679084301,0.02500000037252903
YAL025C,YLR320W,0,-3.4356775,0.1388888955116272,0.0416666679084301,0.025833332911133766
YOR349W,YDR034C-C,0,-3.436351,0.13513512909412384,0.0416666679084301,0.02666666731238365
YKL145W,YPR137C-B,0,-3.436356,0.1315789520740509,0.0416666679084301,0.027499999850988388
YHR158C,YPL060C-A,0,-3.4363618,0.12820513546466827,0.0416666679084301,0.028333334252238274
YGR038C-B,YBL097W,0,-3.436536,0.125,0.0416666679084301,0.02916666679084301
YPL060C-A,YIL080W,0,-3.4365716,0.12195122241973877,0.0416666679084301,0.029999999329447746
YML127W,YLR410W-B,0,-3.436577,0.1190476194024086,0.0416666679084301,0.030833333730697632
YPL269W,YDR365W-A,0,-3.436667,0.11627907305955887,0.0416666679084301,0.03166666626930237
YDR279W,YGR161W-B,0,-3.4371738,0.11363636702299118,0.0416666679084301,0.032499998807907104
YDR180W,YNL284C-A,0,-3.4379926,0.1111111119389534,0.0416666679084301,0.03333333507180214
YHL009W-A,YKL008C,0,-3.4379926,0.10869564861059189,0.0416666679084301,0.034166667610406876
YNL323W,YNL284C-A,0,-3.4379926,0.10638298094272614,0.0416666679084301,0.03500000014901161
YDR210W-D,YDL076C,0,-3.4379926,0.1041666641831398,0.0416666679084301,0.03583333268761635
YML127W,YDR210W-D,0,-3.4379926,0.10204081982374191,0.0416666679084301,0.036666665226221085
YNL284C-A,YJL168C,0,-3.4379926,0.10000000149011612,0.0416666679084301,0.03750000149011612
YIR011C,YNL284C-A,0,-3.4379926,0.09803921729326248,0.0416666679084301,0.038333334028720856
YLR256W-A,YDR210W-C,0,-3.4379926,0.09615384787321091,0.0416666679084301,0.03916666656732559
YNL284C-A,YPR167C,0,-3.4379926,0.09433962404727936,0.0416666679084301,0.03999999910593033
YMR036C,YLR410W-B,0,-3.4381576,0.09259258955717087,0.0416666679084301,0.040833331644535065
YJL127C,YLR410W-B,0,-3.4385774,0.09090909361839294,0.0416666679084301,0.0416666679084301
YDR365W-B,YCR020C,0,-3.4388165,0.0892857164144516,0.0416666679084301,0.042500000447034836
YLR410W-B,YJL073W,0,-3.438984,0.08771929889917374,0.0416666679084301,0.04333333298563957
YHR065C,YDR210W-B,0,-3.439386,0.08620689809322357,0.0416666679084301,0.04416666552424431
YDR210W-B,YBL097W,0,-3.4395194,0.08474576473236084,0.0416666679084301,0.04500000178813934
YIL056W,YDR210W-B,0,-3.4395278,0.0833333358168602,0.0416666679084301,0.04583333432674408
YNL188W,YLR410W-B,0,-3.4397025,0.08196721225976944,0.0416666679084301,0.046666666865348816
YPL060C-A,YGL145W,0,-3.4397137,0.08064515888690948,0.0416666679084301,0.04749999940395355
YJL127C,YKL200C,0,-3.4399042,0.0793650820851326,0.0416666679084301,0.04833333194255829
YJL063C,YDR210C-C,0,-3.4404066,0.078125,0.0416666679084301,0.04916666820645332
YOL103W-A,YML102W,0,-3.4405448,0.07692307978868484,0.0416666679084301,0.05000000074505806
YOL103W-A,YJL196C,0,-3.440618,0.07575757801532745,0.0416666679084301,0.050833333283662796
YPL060C-A,YKR060W,0,-3.4462812,0.0746268630027771,0.0416666679084301,0.05166666582226753
YLR417W,YDR365W-A,0,-3.4466004,0.07352941483259201,0.0416666679084301,0.05249999836087227
YMR210W,YKL059C,0,-3.4466205,0.07246376574039459,0.0416666679084301,0.0533333346247673
YNL331C,YPR137C-B,0,-3.446854,0.0714285746216774,0.0416666679084301,0.05416666716337204
YNL331C,YGL205W,0,-3.447986,0.07042253762483597,0.0416666679084301,0.054999999701976776
YDR365W-B,YFL008W,0,-3.4490638,0.0694444477558136,0.0416666679084301,0.05583333224058151
YCR060W,YDR365W-A,0,-3.450134,0.06849315017461777,0.0416666679084301,0.05666666850447655
YKL059C,YDR365W-A,0,-3.4502099,0.06756756454706192,0.0416666679084301,0.057500001043081284
YJL091C,YDR034C-C,0,-3.4505632,0.06666667014360428,0.0416666679084301,0.05833333358168602
YDR365W-B,YPL188W,0,-3.4510283,0.06578947603702545,0.0416666679084301,0.059166666120290756
YOL103W-A,YLR117C,0,-3.4512398,0.06493506580591202,0.0416666679084301,0.05999999865889549
YDL170W,YLR227W-A,0,-3.451355,0.06410256773233414,0.0416666679084301,0.06083333492279053
YOR018W,YOR049C,0,-3.4515052,0.06329113990068436,0.0416666679084301,0.061666667461395264
YDL015C,YLR410W-B,0,-3.4527087,0.0625,0.0416666679084301,0.0625
YOL103W-A,YLR431C,0,-3.4540124,0.06172839552164078,0.0416666679084301,0.06333333253860474
YDR210C-C,YMR073C,0,-3.4544744,0.060975611209869385,0.0416666679084301,0.06416666507720947
YFR024C,YOL065C,0,-3.454708,0.0602409653365612,0.0416666679084301,0.06499999761581421
YJL025W,YLR227W-A,0,-3.4549694,0.0595238097012043,0.0416666679084301,0.06583333015441895
YFR024C,YCR012W,0,-3.4562783,0.05882352963089943,0.0416666679084301,0.06666667014360428
YPR034W,YGR161W-A,0,-3.4580007,0.058139536529779434,0.0416666679084301,0.06750000268220901
YNL173C,YLR227W-A,0,-3.4606957,0.05747126415371895,0.0416666679084301,0.06833333522081375
YPR178W,YPR137C-B,0,-3.4607944,0.05681818351149559,0.0416666679084301,0.06916666775941849
YNL332W,YIL077C,0,-3.4620113,0.056179776787757874,0.0416666679084301,0.07000000029802322
YOR294W,YPR137C-B,0,-3.463518,0.0555555559694767,0.0416666679084301,0.07083333283662796
YOR362C,YHR055C,0,-3.4652963,0.05494505539536476,0.0416666679084301,0.0716666653752327
YCL033C,YEL030W,0,-3.480673,0.054347824305295944,0.0416666679084301,0.07249999791383743
YPR034W,YJL012C-A,0,-3.480986,0.05376344174146652,0.0416666679084301,0.07333333045244217
YNR064C,YBR095C,0,-3.4876513,0.05319149047136307,0.0416666679084301,0.0741666629910469
YGL105W,YKL200C,0,-3.4969597,0.05263157933950424,0.0416666679084301,0.07500000298023224
YER042W,YGR161C,0,-3.4978728,0.0520833320915699,0.0416666679084301,0.07583333551883698
YER138C,YBR276C,0,-3.5078287,0.05154639109969139,0.0416666679084301,0.07666666805744171
YIL125W,YJR120W,1,-3.509651,0.06122449040412903,0.05000000074505806,0.07666666805744171
YMR134W,YDL170W,0,-3.5131345,0.06060606241226196,0.05000000074505806,0.07750000059604645
YKR062W,YIL077C,0,-3.5141487,0.05999999865889549,0.05000000074505806,0.07833333313465118
YDR277C,YJR156C,0,-3.520199,0.059405941516160965,0.05000000074505806,0.07916666567325592
YOR142W,YJR120W,1,-3.524456,0.06862745434045792,0.05833333358168602,0.07916666567325592
YPR107C,YOR353C,0,-3.5264673,0.06796116381883621,0.05833333358168602,0.07999999821186066
YPL116W,YEL034W,0,-3.5293806,0.06730769574642181,0.05833333358168602,0.0808333307504654
YGR289C,YNL173C,0,-3.529688,0.06666667014360428,0.05833333358168602,0.08166666328907013
YKL200C,YLR084C,0,-3.5415502,0.06603773683309555,0.05833333358168602,0.08250000327825546
YNL282W,YKL143W,0,-3.5418735,0.06542056053876877,0.05833333358168602,0.0833333358168602
YGR221C,YER087C-A,0,-3.5472486,0.06481481343507767,0.05833333358168602,0.08416666835546494
YOR195W,YGR179C,0,-3.5476747,0.06422018259763718,0.05833333358168602,0.08500000089406967
YKL154W,YJR022W,0,-3.549326,0.06363636255264282,0.05833333358168602,0.08583333343267441
YOR095C,YGL243W,0,-3.5535142,0.06306306272745132,0.05833333358168602,0.08666666597127914
YMR081C,YJR120W,1,-3.5567026,0.0714285746216774,0.06666667014360428,0.08666666597127914
YHR056C,YKL026C,0,-3.5861902,0.07079645991325378,0.06666667014360428,0.08749999850988388
YOL004W,YGR161C,0,-3.5912695,0.07017543911933899,0.06666667014360428,0.08833333104848862
YHR214C-B,YDR259C,0,-3.5962505,0.06956521421670914,0.06666667014360428,0.08916666358709335
YIL125W,YMR081C,1,-3.5970964,0.07758620381355286,0.07500000298023224,0.08916666358709335
YDR263C,YGL233W,0,-3.6079767,0.07692307978868484,0.07500000298023224,0.09000000357627869
YLR039C,YJL053W,0,-3.612854,0.0762711837887764,0.07500000298023224,0.09083333611488342
YML110C,YJR120W,1,-3.6159437,0.08403361588716507,0.0833333358168602,0.09083333611488342
YMR097C,YBR100W,0,-3.6264238,0.0833333358168602,0.0833333358168602,0.09166666865348816
YMR127C,YFR024C,0,-3.632588,0.08264462649822235,0.0833333358168602,0.0925000011920929
YDL130W-A,YDL197C,0,-3.6370578,0.08196721225976944,0.0833333358168602,0.09333333373069763
YNR023W,YJL012C-A,0,-3.6374083,0.08130080997943878,0.0833333358168602,0.09416666626930237
YOR144C,YIL080W,0,-3.641232,0.08064515888690948,0.0833333358168602,0.0949999988079071
YEL060C,YBR100W,0,-3.6414905,0.07999999821186066,0.0833333358168602,0.09583333134651184
YIL035C,YGL243W,0,-3.641914,0.0793650820851326,0.0833333358168602,0.09666666388511658
YLR212C,YLR098C,0,-3.6431675,0.07874015718698502,0.0833333358168602,0.09749999642372131
YNL026W,YNL051W,0,-3.646738,0.078125,0.0833333358168602,0.09833333641290665
YJL201W,YHR214C-B,0,-3.648808,0.07751937955617905,0.0833333358168602,0.09916666895151138
YNL039W,YMR210W,0,-3.658335,0.07692307978868484,0.0833333358168602,0.10000000149011612
YOR142W,YMR030W,1,-3.6619148,0.08396946638822556,0.09166666865348816,0.10000000149011612
YIL125W,YJL045W,1,-3.6685562,0.09090909361839294,0.10000000149011612,0.10000000149011612
YDL077C,YER123W,0,-3.6899755,0.09022556245326996,0.10000000149011612,0.10083333402872086
YMR030W,YEL024W,1,-3.692939,0.09701492637395859,0.10833333432674408,0.10083333402872086
YJL045W,YJR120W,1,-3.6960106,0.10370370000600815,0.11666666716337204,0.10083333402872086
YGR272C,YGL084C,0,-3.6963608,0.10294117778539658,0.11666666716337204,0.10166666656732559
YAL001C,YIL080W,0,-3.6988246,0.10218977928161621,0.11666666716337204,0.10249999910593033
YDR432W,YBR234C,0,-3.7035675,0.10144927352666855,0.11666666716337204,0.10333333164453506
YKL138C-A,YPL128C,0,-3.7117076,0.10071942210197449,0.11666666716337204,0.1041666641831398
YJL003W,YDR116C,1,-3.7187676,0.1071428582072258,0.125,0.1041666641831398
YGL238W,YDL148C,0,-3.7206059,0.10638298094272614,0.125,0.10499999672174454
YGL104C,YOR261C,0,-3.724338,0.10563380271196365,0.125,0.10583333671092987
YJR156C,YOR148C,0,-3.7298992,0.10489510744810104,0.125,0.1066666692495346
YAR044W,YFL009W,0,-3.737845,0.1041666641831398,0.125,0.10750000178813934
YJL003W,YHR116W,1,-3.7385275,0.11034482717514038,0.13333334028720856,0.10750000178813934
YOR018W,YMR140W,0,-3.7404256,0.10958904027938843,0.13333334028720856,0.10833333432674408
YDL030W,YDR418W,0,-3.743128,0.10884353518486023,0.13333334028720856,0.10916666686534882
YML042W,YJR153W,0,-3.7447157,0.10810811072587967,0.13333334028720856,0.10999999940395355
YEL024W,YHR116W,1,-3.7610698,0.11409395933151245,0.14166666567325592,0.10999999940395355
YDR116C,YJR120W,1,-3.77526,0.11999999731779099,0.15000000596046448,0.10999999940395355
YGR221C,YML027W,0,-3.785275,0.1192052960395813,0.15000000596046448,0.11083333194255829
YIL129C,YBR276C,0,-3.7898047,0.1184210553765297,0.15000000596046448,0.11166666448116302
YDR129C,YER087C-A,0,-3.7930336,0.11764705926179886,0.15000000596046448,0.11249999701976776
YDR158W,YMR210W,0,-3.7946486,0.11688311398029327,0.15000000596046448,0.1133333370089531
YBR143C,YGL092W,0,-3.8003247,0.11612903326749802,0.15000000596046448,0.11416666954755783
YPL146C,YOR335C,0,-3.806537,0.11538461595773697,0.15000000596046448,0.11500000208616257
YBL032W,YAL025C,0,-3.8132982,0.1146496832370758,0.15000000596046448,0.1158333346247673
YJL003W,YEL024W,1,-3.8151288,0.12025316804647446,0.15833333134651184,0.1158333346247673
YPR189W,YBL079W,0,-3.816976,0.11949685215950012,0.15833333134651184,0.11666666716337204
YIL125W,YGL018C,1,-3.8290596,0.125,0.1666666716337204,0.11666666716337204
YMR112C,YKR056W,0,-3.8329165,0.12422360479831696,0.1666666716337204,0.11749999970197678
YNL192W,YMR210W,0,-3.8341422,0.12345679104328156,0.1666666716337204,0.11833333224058151
YPR189W,YER160C,0,-3.8349867,0.12269938737154007,0.1666666716337204,0.11916666477918625
YGL210W,YLR010C,0,-3.8450284,0.12195122241973877,0.1666666716337204,0.11999999731779099
YJL109C,YCR020W-B,0,-3.8460007,0.12121212482452393,0.1666666716337204,0.12083332985639572
YMR069W,YLR051C,0,-3.8557565,0.1204819306731224,0.1666666716337204,0.12166666984558105
YJL003W,YJR120W,1,-3.8566015,0.12574850022792816,0.17499999701976776,0.12166666984558105
YEL024W,YMR081C,1,-3.8630228,0.130952388048172,0.18333333730697632,0.12166666984558105
YGR122W,YKL086W,0,-3.8637486,0.13017751276493073,0.18333333730697632,0.12250000238418579
YLR172C,YGR214W,0,-3.8691351,0.12941177189350128,0.18333333730697632,0.12333333492279053
YIL167W,YDR272W,0,-3.8769922,0.12865497171878815,0.18333333730697632,0.12416666746139526
YNL323W,YER160C,0,-3.8773413,0.12790697813034058,0.18333333730697632,0.125
YDR244W,YBR170C,0,-3.8852553,0.12716762721538544,0.18333333730697632,0.12583333253860474
YBR085W,YJR120W,1,-3.885725,0.13218390941619873,0.19166666269302368,0.12583333253860474
YJL003W,YGR183C,1,-3.8872206,0.1371428519487381,0.20000000298023224,0.12583333253860474
YCR012W,YDR306C,0,-3.8888266,0.13636364042758942,0.20000000298023224,0.12666666507720947
YIL159W,YGL238W,0,-3.8909154,0.1355932205915451,0.20000000298023224,0.1274999976158142
YNL169C,YDL160C,0,-3.895435,0.13483145833015442,0.20000000298023224,0.12833333015441895
YKL138C-A,YNL257C,0,-3.8959594,0.1340782195329666,0.20000000298023224,0.12916666269302368
YJL059W,YKL005C,0,-3.8997931,0.13333334028720856,0.20000000298023224,0.12999999523162842
YOR026W,YGR123C,0,-3.90061,0.1325966864824295,0.20000000298023224,0.13083332777023315
YOL068C,YOL124C,0,-3.9027667,0.1318681389093399,0.20000000298023224,0.1316666603088379
YKL008C,YMR298W,0,-3.902876,0.13114753365516663,0.20000000298023224,0.13249999284744263
YMR030W,YJR120W,1,-3.9061701,0.135869562625885,0.2083333283662796,0.13249999284744263
YDR306C,YJL129C,0,-3.9062395,0.13513512909412384,0.2083333283662796,0.13333334028720856
YKL154W,YDR418W,0,-3.9142015,0.1344086080789566,0.2083333283662796,0.1341666728258133
YLR286C,YER087C-A,0,-3.916393,0.13368983566761017,0.2083333283662796,0.13500000536441803
YBL014C,YHR031C,0,-3.9224606,0.13297872245311737,0.2083333283662796,0.13583333790302277
YLR016C,YPR101W,0,-3.9264617,0.13227513432502747,0.2083333283662796,0.1366666704416275
YOR185C,YNL186W,0,-3.9310532,0.1315789520740509,0.2083333283662796,0.13750000298023224
YJR059W,YML042W,0,-3.9322407,0.13089005649089813,0.2083333283662796,0.13833333551883698
YJL117W,YKL081W,0,-3.937389,0.1302083283662796,0.2083333283662796,0.1391666680574417
YDR244W,YIL124W,0,-3.938324,0.12953367829322815,0.2083333283662796,0.14000000059604645
YDR085C,YGR002C,0,-3.9385917,0.12886597216129303,0.2083333283662796,0.14083333313465118
YNR064C,YJR135C,0,-3.9397235,0.12820513546466827,0.2083333283662796,0.14166666567325592
YNL327W,YPL146C,0,-3.942926,0.12755101919174194,0.2083333283662796,0.14249999821186066
YOL147C,YLR224W,0,-3.9446626,0.12690354883670807,0.2083333283662796,0.1433333307504654
YEL057C,YML036W,0,-3.9545689,0.1262626200914383,0.2083333283662796,0.14416666328907013
YPL050C,YGL232W,0,-3.9607487,0.12562814354896545,0.2083333283662796,0.14499999582767487
YGR171C,YIL080W,0,-3.962125,0.125,0.2083333283662796,0.1458333283662796
YPL011C,YHR055C,0,-3.9654093,0.12437810748815536,0.2083333283662796,0.14666666090488434
YML060W,YAL025C,0,-3.9676259,0.12376237660646439,0.2083333283662796,0.14749999344348907
YPL050C,YOL031C,0,-3.9692342,0.1231527104973793,0.2083333283662796,0.1483333259820938
YLR256W,YJR120W,1,-3.9693222,0.12745098769664764,0.21666666865348816,0.1483333259820938
YIL075C,YDL029W,0,-3.9792552,0.12682926654815674,0.21666666865348816,0.14916667342185974
YJL003W,YOR142W,1,-3.9827325,0.13106796145439148,0.22499999403953552,0.14916667342185974
YAL023C,YKL144C,0,-3.983822,0.1304347813129425,0.22499999403953552,0.15000000596046448
YMR030W,YMR081C,1,-3.9872277,0.13461539149284363,0.23333333432674408,0.15000000596046448
YMR296C,YDR065W,0,-3.98744,0.13397128880023956,0.23333333432674408,0.1508333384990692
YEL057C,YOL088C,0,-3.9920104,0.13333334028720856,0.23333333432674408,0.15166667103767395
YIL125W,YGR183C,1,-3.9950738,0.1374407559633255,0.24166665971279144,0.15166667103767395
YML027W,YPL146C,0,-3.9970329,0.13679245114326477,0.24166665971279144,0.1525000035762787
YMR127C,YNL216W,0,-4.000107,0.13615024089813232,0.24166665971279144,0.15333333611488342
YJL003W,YMR081C,1,-4.0013165,0.14018692076206207,0.25,0.15333333611488342
YDR335W,YPR134W,0,-4.0015388,0.13953489065170288,0.25,0.15416666865348816
YNL275W,YFR040W,0,-4.005236,0.1388888955116272,0.25,0.1550000011920929
YGR270W,YIL056W,0,-4.013599,0.13824884593486786,0.25,0.15583333373069763
YGL233W,YGR227W,0,-4.0146637,0.1376146823167801,0.25,0.15666666626930237
YOR142W,YEL024W,1,-4.0199814,0.14155250787734985,0.25833332538604736,0.15666666626930237
YJR001W,YLR329W,0,-4.031502,0.1409090906381607,0.25833332538604736,0.1574999988079071
YEL054C,YDL039C,0,-4.035619,0.14027149975299835,0.25833332538604736,0.15833333134651184
YEL057C,YNL046W,0,-4.037575,0.13963964581489563,0.25833332538604736,0.15916666388511658
YER146W,YJL098W,0,-4.038867,0.13901345431804657,0.25833332538604736,0.1599999964237213
YIL056W,YGL006W,0,-4.0456414,0.1383928507566452,0.25833332538604736,0.16083332896232605
YCL055W,YJL010C,0,-4.0472326,0.13777777552604675,0.25833332538604736,0.1616666615009308
YBR073W,YHR065C,0,-4.0482397,0.13716813921928406,0.25833332538604736,0.16249999403953552
YBR200W,YJL157C,0,-4.052258,0.13656388223171234,0.25833332538604736,0.16333332657814026
YIL125W,YHR116W,1,-4.056951,0.14035087823867798,0.2666666805744171,0.16333332657814026
YKR036C,YCR020W-B,0,-4.063529,0.13973799347877502,0.2666666805744171,0.1641666740179062
YLR175W,YLL061W,0,-4.065264,0.13913042843341827,0.2666666805744171,0.16500000655651093
YLR141W,YEL026W,0,-4.0655713,0.13852813839912415,0.2666666805744171,0.16583333909511566
YBL024W,YDL150W,0,-4.0695443,0.13793103396892548,0.2666666805744171,0.1666666716337204
YDR180W,YCR020C,0,-4.072262,0.1373390555381775,0.2666666805744171,0.16750000417232513
YML027W,YDL148C,0,-4.073248,0.1367521435022354,0.2666666805744171,0.16833333671092987
YGR183C,YOR142W,1,-4.0738955,0.14042553305625916,0.2750000059604645,0.16833333671092987
YNL026W,YKL145W,0,-4.080351,0.13983051478862762,0.2750000059604645,0.1691666692495346
YBL014C,YPR110C,0,-4.0822215,0.13924050331115723,0.2750000059604645,0.17000000178813934
YGR162W,YKR056W,0,-4.082248,0.13865546882152557,0.2750000059604645,0.17083333432674408
YGL163C,YIL077C,0,-4.083397,0.1380753070116043,0.2750000059604645,0.17166666686534882
YKL138C-A,YIL129C,0,-4.084561,0.13750000298023224,0.2750000059604645,0.17249999940395355
YDR263C,YJL210W,0,-4.0861983,0.1369294673204422,0.2750000059604645,0.1733333319425583
YER014C-A,YER118C,0,-4.086881,0.13636364042758942,0.2750000059604645,0.17416666448116302
YER151C,YNL186W,0,-4.0910206,0.1358024626970291,0.2750000059604645,0.17499999701976776
YIL016W,YDR447C,0,-4.0912585,0.1352459043264389,0.2750000059604645,0.1758333295583725
YLR263W,YGR003W,0,-4.1000905,0.13469387590885162,0.2750000059604645,0.17666666209697723
YHR116W,YMR081C,1,-4.1051564,0.13821138441562653,0.28333333134651184,0.17666666209697723
YOR103C,YMR298W,0,-4.118326,0.13765181601047516,0.28333333134651184,0.17749999463558197
YJL127C,YBR156C,0,-4.1221523,0.13709677755832672,0.28333333134651184,0.1783333271741867
YNL331C,YML116W,0,-4.1335206,0.13654617965221405,0.28333333134651184,0.17916665971279144
YBR260C,YER151C,0,-4.139753,0.13600000739097595,0.28333333134651184,0.18000000715255737
YHR055C,YCR020W-B,0,-4.148398,0.13545817136764526,0.28333333134651184,0.1808333396911621
YOL004W,YLR176C,0,-4.148898,0.1349206417798996,0.28333333134651184,0.18166667222976685
YIL125W,YML110C,1,-4.1518064,0.13833992183208466,0.2916666567325592,0.18166667222976685
YNL251C,YGR004W,0,-4.152541,0.13779526948928833,0.2916666567325592,0.18250000476837158
YPR190C,YML060W,0,-4.1527123,0.13725490868091583,0.2916666567325592,0.18333333730697632
YNL046W,YJL025W,0,-4.154955,0.13671875,0.2916666567325592,0.18416666984558105
YNL068C,YBL097W,0,-4.1564655,0.13618676364421844,0.2916666567325592,0.1850000023841858
YGL027C,YER125W,0,-4.1600323,0.13565891981124878,0.2916666567325592,0.18583333492279053
YAL024C,YHR031C,0,-4.1621795,0.13513512909412384,0.2916666567325592,0.18666666746139526
YIL080W,YOR361C,0,-4.1684785,0.13461539149284363,0.2916666567325592,0.1875
YAL026C,YOR335C,0,-4.177697,0.13409961760044098,0.2916666567325592,0.18833333253860474
YGR183C,YHR116W,1,-4.1837773,0.13740457594394684,0.30000001192092896,0.18833333253860474
YLR016C,YER082C,0,-4.185941,0.13688212633132935,0.30000001192092896,0.18916666507720947
YJL072C,YBL024W,0,-4.187223,0.13636364042758942,0.30000001192092896,0.1899999976158142
YGR183C,YMR030W,1,-4.199275,0.13962264358997345,0.3083333373069763,0.1899999976158142
YDL047W,YDL223C,0,-4.2005954,0.13909775018692017,0.3083333373069763,0.19083333015441895
YJL109C,YER123W,0,-4.2062736,0.13857677578926086,0.3083333373069763,0.19166666269302368
YMR232W,YNL302C,0,-4.209304,0.13805970549583435,0.3083333373069763,0.19249999523162842
YLR417W,YER172C,0,-4.210637,0.13754646480083466,0.3083333373069763,0.19333332777023315
YOR355W,YJR120W,1,-4.2133236,0.14074073731899261,0.3166666626930237,0.19333332777023315
YIL125W,YOR142W,1,-4.2138696,0.1439114362001419,0.32499998807907104,0.19333332777023315
YJL129C,YDR461W,0,-4.214765,0.14338235557079315,0.32499998807907104,0.1941666603088379
YER052C,YPL160W,0,-4.219297,0.1428571492433548,0.32499998807907104,0.19499999284744263
YBL035C,YLR182W,0,-4.2196255,0.14233577251434326,0.32499998807907104,0.19583334028720856
YOR142W,YHR116W,1,-4.2204084,0.145454540848732,0.3333333432674408,0.19583334028720856
YDL160C,YLR319C,0,-4.22121,0.14492753148078918,0.3333333432674408,0.1966666728258133
YJL003W,YJL045W,1,-4.2220917,0.14801444113254547,0.34166666865348816,0.1966666728258133
YJR022W,YDR202C,0,-4.229661,0.1474820077419281,0.34166666865348816,0.19750000536441803
YGR261C,YOL101C,0,-4.232218,0.14695340394973755,0.34166666865348816,0.19833333790302277
YBL005W,YDL039C,0,-4.243755,0.14642857015132904,0.34166666865348816,0.1991666704416275
YGR128C,YNL172W,0,-4.244079,0.1459074765443802,0.34166666865348816,0.20000000298023224
YHR129C,YML094W,0,-4.244635,0.14539006352424622,0.34166666865348816,0.20083333551883698
YNL111C,YNL169C,0,-4.247489,0.14487633109092712,0.34166666865348816,0.2016666680574417
YFR040W,YHR186C,0,-4.24961,0.14436618983745575,0.34166666865348816,0.20250000059604645
YGR183C,YMR081C,1,-4.2504544,0.1473684161901474,0.3499999940395355,0.20250000059604645
YJR059W,YGL233W,0,-4.2505283,0.14685314893722534,0.3499999940395355,0.20333333313465118
YGR088W,YJR077C,0,-4.2506294,0.1463414579629898,0.3499999940395355,0.20416666567325592
YJR144W,YOL093W,0,-4.2517924,0.1458333283662796,0.3499999940395355,0.20499999821186066
YHR171W,YDR058C,0,-4.2544594,0.14532871544361115,0.3499999940395355,0.2058333307504654
YNL163C,YNL182C,0,-4.2607417,0.14482758939266205,0.3499999940395355,0.20666666328907013
YMR001C,YDL077C,0,-4.262978,0.14432989060878754,0.3499999940395355,0.20749999582767487
YDL170W,YKL022C,0,-4.2638955,0.1438356190919876,0.3499999940395355,0.2083333283662796
YPL269W,YJL061W,0,-4.264021,0.1433447152376175,0.3499999940395355,0.20916666090488434
YIL009W,YJL072C,0,-4.2692566,0.1428571492433548,0.3499999940395355,0.20999999344348907
YDL166C,YDR110W,0,-4.2693486,0.14237287640571594,0.3499999940395355,0.2108333259820938
YOR027W,YDL170W,0,-4.27644,0.14189189672470093,0.3499999940395355,0.21166667342185974
YMR127C,YBR293W,0,-4.2790003,0.14141413569450378,0.3499999940395355,0.21250000596046448
YHR171W,YGL205W,0,-4.2832913,0.1409395933151245,0.3499999940395355,0.2133333384990692
YPR140W,YJR156C,0,-4.284558,0.14046822488307953,0.3499999940395355,0.21416667103767395
YDL030W,YGL201C,0,-4.2906017,0.14000000059604645,0.3499999940395355,0.2150000035762787
YEL024W,YML110C,1,-4.2910166,0.1428571492433548,0.3583333194255829,0.2150000035762787
YMR288W,YOL069W,0,-4.2913494,0.1423841118812561,0.3583333194255829,0.21583333611488342
YIL125W,YEL024W,1,-4.2916374,0.1452145278453827,0.36666667461395264,0.21583333611488342
YMR134W,YER160C,0,-4.291675,0.14473684132099152,0.36666667461395264,0.21666666865348816
YGL145W,YKL057C,0,-4.2945313,0.14426229894161224,0.36666667461395264,0.2175000011920929
YDR356W,YJL010C,0,-4.295006,0.1437908560037613,0.36666667461395264,0.21833333373069763
YLR321C,YDR235W,0,-4.297284,0.14332248270511627,0.36666667461395264,0.21916666626930237
YPL032C,YDR065W,0,-4.3007975,0.1428571492433548,0.36666667461395264,0.2199999988079071
YLR216C,YOR353C,0,-4.308893,0.14239482581615448,0.36666667461395264,0.22083333134651184
YGL240W,YOR380W,0,-4.3152456,0.14193548262119293,0.36666667461395264,0.22166666388511658
YBR006W,YBR177C,0,-4.322072,0.14147910475730896,0.36666667461395264,0.2224999964237213
YLR329W,YOR098C,0,-4.3228016,0.14102564752101898,0.36666667461395264,0.22333332896232605
YGL054C,YHR214C-B,0,-4.3300343,0.1405750811100006,0.36666667461395264,0.2241666615009308
YER014C-A,YGL201C,0,-4.3301554,0.14012739062309265,0.36666667461395264,0.22499999403953552
YPR111W,YOR353C,0,-4.3322096,0.13968254625797272,0.36666667461395264,0.22583332657814026
YPR119W,YMR070W,0,-4.3386803,0.13924050331115723,0.36666667461395264,0.2266666740179062
YGR183C,YDR116C,1,-4.338867,0.14195583760738373,0.375,0.2266666740179062
YHR178W,YER151C,0,-4.3398447,0.14150942862033844,0.375,0.22750000655651093
YGL035C,YOR315W,0,-4.340159,0.1410658359527588,0.375,0.22833333909511566
YMR296C,YBL097W,0,-4.342532,0.140625,0.375,0.2291666716337204
YKL203C,YGR088W,0,-4.34488,0.14018692076206207,0.375,0.23000000417232513
YLL031C,YDR259C,0,-4.34587,0.13975155353546143,0.375,0.23083333671092987
YOL063C,YBR199W,0,-4.3479595,0.13931888341903687,0.375,0.2316666692495346
YEL024W,YDR116C,1,-4.356073,0.1419753134250641,0.38333332538604736,0.2316666692495346
YPL042C,YMR011W,0,-4.3594246,0.14153845608234406,0.38333332538604736,0.23250000178813934
YIL075C,YDR129C,0,-4.3608084,0.1411042958498001,0.38333332538604736,0.23333333432674408
YDR296W,YCR010C,0,-4.363116,0.14067278802394867,0.38333332538604736,0.23416666686534882
YOR355W,YBR085W,1,-4.364624,0.14329268038272858,0.3916666805744171,0.23416666686534882
YJL003W,YIL125W,1,-4.3686476,0.14589665830135345,0.4000000059604645,0.23416666686534882
YDL208W,YNL227C,0,-4.36946,0.145454540848732,0.4000000059604645,0.23499999940395355
YKL190W,YJL203W,0,-4.370347,0.14501510560512543,0.4000000059604645,0.2358333319425583
YPL163C,YDR130C,0,-4.3723526,0.14457830786705017,0.4000000059604645,0.23666666448116302
YJL201W,YKL099C,0,-4.3727074,0.14414414763450623,0.4000000059604645,0.23749999701976776
YDL166C,YER025W,0,-4.3740335,0.14371258020401,0.4000000059604645,0.2383333295583725
YNL074C,YNL106C,0,-4.3798056,0.14328357577323914,0.4000000059604645,0.23916666209697723
YER014C-A,YHR165C,0,-4.3823214,0.1428571492433548,0.4000000059604645,0.23999999463558197
YDR359C,YMR284W,0,-4.388605,0.14243324100971222,0.4000000059604645,0.2408333271741867
YNR072W,YMR219W,0,-4.3888645,0.1420118361711502,0.4000000059604645,0.24166665971279144
YDL046W,YHR171W,0,-4.392912,0.14159291982650757,0.4000000059604645,0.24250000715255737
YNL312W,YOR150W,0,-4.3933887,0.1411764770746231,0.4000000059604645,0.2433333396911621
YBR199W,YBR164C,0,-4.39526,0.14076246321201324,0.4000000059604645,0.24416667222976685
YOL034W,YHR067W,0,-4.399872,0.14035087823867798,0.4000000059604645,0.24500000476837158
YJR103W,YGR002C,0,-4.4021916,0.13994169235229492,0.4000000059604645,0.24583333730697632
YER165W,YHR039C,0,-4.405243,0.13953489065170288,0.4000000059604645,0.24666666984558105
YOR027W,YOL031C,0,-4.405998,0.13913042843341827,0.4000000059604645,0.2475000023841858
YJR047C,YJR031C,0,-4.4141026,0.1387283205986023,0.4000000059604645,0.24833333492279053
YHR116W,YJL045W,1,-4.418292,0.1412103772163391,0.40833333134651184,0.24833333492279053
YPR190C,YOL088C,0,-4.41867,0.14080460369586945,0.40833333134651184,0.24916666746139526
YGL240W,YOL038W,0,-4.422432,0.14040113985538483,0.40833333134651184,0.25
YMR011W,YKL005C,0,-4.4224734,0.14000000059604645,0.40833333134651184,0.25083333253860474
YGL035C,YOL031C,0,-4.425797,0.13960114121437073,0.40833333134651184,0.2516666650772095
YDR071C,YBR164C,0,-4.429571,0.13920454680919647,0.40833333134651184,0.2524999976158142
YDR216W,YBR218C,0,-4.4300094,0.1388102024793625,0.40833333134651184,0.25333333015441895
YJR144W,YJR025C,0,-4.432499,0.1384180784225464,0.40833333134651184,0.2541666626930237
YNR064C,YGL049C,0,-4.4352665,0.13802817463874817,0.40833333134651184,0.2549999952316284
YJL003W,YMR030W,1,-4.4396987,0.1404494345188141,0.4166666567325592,0.2549999952316284
YOR025W,YJR125C,0,-4.4444847,0.14005602896213531,0.4166666567325592,0.25583332777023315
YGL172W,YPL021W,0,-4.44504,0.13966479897499084,0.4166666567325592,0.2566666603088379
YBR152W,YOR315W,0,-4.448597,0.13927575945854187,0.4166666567325592,0.2574999928474426
YBR085W,YJL045W,1,-4.450371,0.14166666567325592,0.42500001192092896,0.2574999928474426
YOR018W,YOR261C,0,-4.4520774,0.14127424359321594,0.42500001192092896,0.25833332538604736
YNL271C,YAL001C,0,-4.4528103,0.14088398218154907,0.42500001192092896,0.2591666579246521
YDL030W,YDR461W,0,-4.4537845,0.14049586653709412,0.42500001192092896,0.25999999046325684
YDR116C,YML110C,1,-4.456231,0.1428571492433548,0.4333333373069763,0.25999999046325684
YBR085W,YLR256W,1,-4.4573526,0.14520548284053802,0.4416666626930237,0.25999999046325684
YJR059W,YOR109W,0,-4.4608803,0.14480873942375183,0.4416666626930237,0.2608333230018616
YEL051W,YJL085W,0,-4.462357,0.14441417157649994,0.4416666626930237,0.2616666555404663
YEL051W,YBR276C,0,-4.4628024,0.14402173459529877,0.4416666626930237,0.26249998807907104
YAR018C,YJR135C,0,-4.4652357,0.1436314433813095,0.4416666626930237,0.2633333206176758
YKL101W,YKL201C,0,-4.4671235,0.1432432383298874,0.4416666626930237,0.2641666531562805
YJL053W,YJR049C,0,-4.470054,0.1428571492433548,0.4416666626930237,0.26499998569488525
YGR214W,YOL104C,0,-4.4753184,0.14247311651706696,0.4416666626930237,0.2658333480358124
YMR030W,YJL045W,1,-4.478279,0.14477211236953735,0.44999998807907104,0.2658333480358124
YOL063C,YDR213W,0,-4.48096,0.14438502490520477,0.44999998807907104,0.2666666805744171
YNL262W,YBR129C,0,-4.481571,0.14399999380111694,0.44999998807907104,0.26750001311302185
YNL074C,YGL222C,0,-4.483192,0.14361701905727386,0.44999998807907104,0.2683333456516266
YDR409W,YDR213W,0,-4.487158,0.14323607087135315,0.44999998807907104,0.2691666781902313
YNL027W,YJL034W,0,-4.488071,0.1428571492433548,0.44999998807907104,0.27000001072883606
YLR175W,YLR098C,0,-4.4882526,0.14248020946979523,0.44999998807907104,0.2708333432674408
YAL026C,YNL257C,0,-4.488758,0.14210526645183563,0.44999998807907104,0.27166667580604553
YDR356W,YGL145W,0,-4.4890738,0.14173229038715363,0.44999998807907104,0.27250000834465027
YJL210W,YOR380W,0,-4.4895997,0.14136125147342682,0.44999998807907104,0.273333340883255
YNL293W,YBR006W,0,-4.4903774,0.1409921646118164,0.44999998807907104,0.27416667342185974
YMR011W,YOR353C,0,-4.491513,0.140625,0.44999998807907104,0.2750000059604645
YKL070W,YNL084C,0,-4.492566,0.1402597427368164,0.44999998807907104,0.2758333384990692
YPL163C,YBR143C,0,-4.4956017,0.13989637792110443,0.44999998807907104,0.27666667103767395
YAL025C,YER161C,0,-4.496242,0.13953489065170288,0.44999998807907104,0.2775000035762787
YIL109C,YJR084W,0,-4.4966707,0.13917525112628937,0.44999998807907104,0.2783333361148834
YIL035C,YDR499W,0,-4.49712,0.13881747424602509,0.44999998807907104,0.27916666865348816
YKR036C,YJL061W,0,-4.4971895,0.13846154510974884,0.44999998807907104,0.2800000011920929
YPL094C,YLR172C,0,-4.5021133,0.13810741901397705,0.44999998807907104,0.28083333373069763
YHR075C,YNL275W,0,-4.503854,0.13775509595870972,0.44999998807907104,0.28166666626930237
YDR258C,YHR178W,0,-4.5045757,0.13740457594394684,0.44999998807907104,0.2824999988079071
YIL026C,YOL124C,0,-4.505917,0.13705584406852722,0.44999998807907104,0.28333333134651184
YLR069C,YMR250W,0,-4.5089493,0.13670885562896729,0.44999998807907104,0.2841666638851166
YPL274W,YDR130C,0,-4.5134926,0.13636364042758942,0.44999998807907104,0.2849999964237213
YJL085W,YLR248W,0,-4.516392,0.13602015376091003,0.44999998807907104,0.28583332896232605
YCL055W,YFR005C,0,-4.5166407,0.13567839562892914,0.44999998807907104,0.2866666615009308
YNL323W,YGR004W,0,-4.517399,0.13533835113048553,0.44999998807907104,0.2874999940395355
YDL197C,YJR103W,0,-4.5195646,0.13500000536441803,0.44999998807907104,0.28833332657814026
YBR135W,YMR296C,0,-4.522295,0.13466334342956543,0.44999998807907104,0.289166659116745
YNL103W,YNL112W,0,-4.5261364,0.13432836532592773,0.44999998807907104,0.28999999165534973
YAR014C,YJL089W,0,-4.5265374,0.13399504125118256,0.44999998807907104,0.29083332419395447
YOR349W,YPR182W,0,-4.5276995,0.1336633712053299,0.44999998807907104,0.2916666567325592
YGR270W,YLR248W,0,-4.5301204,0.13333334028720856,0.44999998807907104,0.29249998927116394
YLR248W,YHR079C,0,-4.539071,0.13300491869449615,0.44999998807907104,0.2933333218097687
YHR158C,YJR125C,0,-4.539636,0.13267813622951508,0.44999998807907104,0.2941666543483734
YOL063C,YPR167C,0,-4.5423326,0.13235294818878174,0.44999998807907104,0.29499998688697815
YBR073W,YBR009C,0,-4.544409,0.13202933967113495,0.44999998807907104,0.2958333194255829
YPR141C,YJL168C,0,-4.544695,0.1317073106765747,0.44999998807907104,0.2966666519641876
YOR109W,YJL089W,0,-4.545247,0.131386861205101,0.44999998807907104,0.29750001430511475
YGR088W,YFL057C,0,-4.5461063,0.13106796145439148,0.44999998807907104,0.2983333468437195
YJL124C,YBR276C,0,-4.548169,0.1307506114244461,0.44999998807907104,0.2991666793823242
YLR039C,YIL124W,0,-4.550907,0.1304347813129425,0.44999998807907104,0.30000001192092896
YJL019W,YOR315W,0,-4.5512915,0.13012048602104187,0.44999998807907104,0.3008333444595337
YPR041W,YMR013C,0,-4.5537033,0.12980769574642181,0.44999998807907104,0.3016666769981384
YEL057C,YBL005W,0,-4.5554976,0.12949639558792114,0.44999998807907104,0.30250000953674316
YOL013C,YKR061W,0,-4.561347,0.12918660044670105,0.44999998807907104,0.3033333420753479
YGR162W,YLR141W,0,-4.563969,0.12887828052043915,0.44999998807907104,0.30416667461395264
YLR172C,YBR276C,0,-4.5653057,0.12857143580913544,0.44999998807907104,0.3050000071525574
YBR200W,YOL069W,0,-4.570394,0.12826603651046753,0.44999998807907104,0.3058333396911621
YOL034W,YFL045C,0,-4.572314,0.12796208262443542,0.44999998807907104,0.30666667222976685
YMR070W,YLR196W,0,-4.574379,0.12765957415103912,0.44999998807907104,0.3075000047683716
YOL010W,YHR041C,0,-4.5795994,0.12735849618911743,0.44999998807907104,0.3083333373069763
YDL077C,YKL021C,0,-4.582965,0.12705881893634796,0.44999998807907104,0.30916666984558105
YOR144C,YDR461W,0,-4.584426,0.1267605572938919,0.44999998807907104,0.3100000023841858
YJR064W,YLL061W,0,-4.5871043,0.12646369636058807,0.44999998807907104,0.3108333349227905
YPL050C,YOL061W,0,-4.5883617,0.12616822123527527,0.44999998807907104,0.31166666746139526
YER082C,YDL074C,0,-4.5887785,0.1258741319179535,0.44999998807907104,0.3125
YHR116W,YGL018C,1,-4.59072,0.12790697813034058,0.4583333432674408,0.3125
YOR195W,YHR061C,0,-4.5927596,0.1276102066040039,0.4583333432674408,0.31333333253860474
YBL032W,YNL216W,0,-4.5931025,0.12731482088565826,0.4583333432674408,0.3141666650772095
YIL016W,YDL077C,0,-4.5943594,0.12702079117298126,0.4583333432674408,0.3149999976158142
YNR064C,YIL106W,0,-4.5982995,0.1267281174659729,0.4583333432674408,0.31583333015441895
YPL121C,YER082C,0,-4.5994234,0.12643678486347198,0.4583333432674408,0.3166666626930237
YNL323W,YDR465C,0,-4.604847,0.12614679336547852,0.4583333432674408,0.3174999952316284
YHR186C,YDR259C,0,-4.6061277,0.1258581280708313,0.4583333432674408,0.31833332777023315
YGL027C,YHR205W,0,-4.6063747,0.12557077407836914,0.4583333432674408,0.3191666603088379
YDR306C,YER146W,0,-4.607974,0.12528473138809204,0.4583333432674408,0.3199999928474426
YER025W,YDR465C,0,-4.6089687,0.125,0.4583333432674408,0.32083332538604736
YBR130C,YOR056C,0,-4.6118116,0.12471655011177063,0.4583333432674408,0.3216666579246521
YJR139C,YLR034C,0,-4.6138544,0.12443438917398453,0.4583333432674408,0.32249999046325684
YPR189W,YBR177C,0,-4.6170883,0.1241535022854805,0.4583333432674408,0.3233333230018616
YKL203C,YNR044W,0,-4.6175947,0.12387387454509735,0.4583333432674408,0.3241666555404663
YNL291C,YDL074C,0,-4.621839,0.12359550595283508,0.4583333432674408,0.32499998807907104
YPR113W,YDR065W,0,-4.623351,0.1233183890581131,0.4583333432674408,0.3258333206176758
YCR020C,YDR071C,0,-4.6249466,0.1230425089597702,0.4583333432674408,0.3266666531562805
YLR039C,YDR202C,0,-4.625865,0.1227678582072258,0.4583333432674408,0.32749998569488525
YOR142W,YMR081C,1,-4.625882,0.12472160160541534,0.46666666865348816,0.32749998569488525
YGR183C,YJL045W,1,-4.627121,0.12666666507720947,0.4749999940395355,0.32749998569488525
YGL144C,YHR205W,0,-4.6334257,0.12638580799102783,0.4749999940395355,0.3283333480358124
YOL051W,YJL020C,0,-4.6336646,0.12610618770122528,0.4749999940395355,0.3291666805744171
YGR217W,YJL006C,0,-4.634775,0.125827819108963,0.4749999940395355,0.33000001311302185
YGR056W,YHR186C,0,-4.6353354,0.12555065751075745,0.4749999940395355,0.3308333456516266
YGR249W,YDL077C,0,-4.6401596,0.12527473270893097,0.4749999940395355,0.3316666781902313
YHR039C,YGL115W,0,-4.6412435,0.125,0.4749999940395355,0.33250001072883606
YOR320C,YDL015C,0,-4.648703,0.12472647428512573,0.4749999940395355,0.3333333432674408
YOL142W,YOR274W,0,-4.649772,0.12445414811372757,0.4749999940395355,0.33416667580604553
YOR168W,YGL092W,0,-4.6511827,0.12418300658464432,0.4749999940395355,0.33500000834465027
YOR142W,YJL045W,1,-4.6526833,0.12608695030212402,0.4833333194255829,0.33500000834465027
YOL013C,YDL078C,0,-4.6559258,0.12581345438957214,0.4833333194255829,0.335833340883255
YNL188W,YFL045C,0,-4.658944,0.12554112076759338,0.4833333194255829,0.33666667342185974
YDL190C,YNL106C,0,-4.660828,0.12526997923851013,0.4833333194255829,0.3375000059604645
YJL196C,YKL057C,0,-4.661696,0.125,0.4833333194255829,0.3383333384990692
YGR123C,YGR179C,0,-4.6619086,0.12473118305206299,0.4833333194255829,0.33916667103767395
YMR296C,YML080W,0,-4.6654973,0.1244635209441185,0.4833333194255829,0.3400000035762787
YJL020C,YPR107C,0,-4.6684327,0.12419699877500534,0.4833333194255829,0.3408333361148834
YDR489W,YGL211W,0,-4.6694083,0.12393162399530411,0.4833333194255829,0.34166666865348816
YNL182C,YJR046W,0,-4.6694603,0.12366737425327301,0.4833333194255829,0.3425000011920929
YML102W,YLR451W,0,-4.669911,0.12340425699949265,0.4833333194255829,0.34333333373069763
YGL017W,YMR210W,0,-4.6744576,0.12314224988222122,0.4833333194255829,0.34416666626930237
YAL047C,YIL056W,0,-4.675991,0.12288135290145874,0.4833333194255829,0.3449999988079071
YHR021C,YJL006C,0,-4.6761336,0.1226215660572052,0.4833333194255829,0.34583333134651184
YMR112C,YKR097W,0,-4.678259,0.12236286699771881,0.4833333194255829,0.3466666638851166
YJL156C,YFL057C,0,-4.681427,0.12210526317358017,0.4833333194255829,0.3474999964237213
YNL061W,YDR021W,0,-4.686825,0.12184873968362808,0.4833333194255829,0.34833332896232605
YDR123C,YCR084C,0,-4.6868296,0.12159328907728195,0.4833333194255829,0.3491666615009308
YKL086W,YOR171C,0,-4.6883655,0.12133891135454178,0.4833333194255829,0.3499999940395355
YHR055C,YGL095C,0,-4.6898937,0.12108559161424637,0.4833333194255829,0.35083332657814026
YIL125W,YDR116C,1,-4.690233,0.12291666865348816,0.49166667461395264,0.35083332657814026
YMR127C,YML095C,0,-4.692954,0.12266112118959427,0.49166667461395264,0.351666659116745
YBL004W,YGL020C,0,-4.6947417,0.12240663915872574,0.49166667461395264,0.35249999165534973
YMR030W,YML110C,1,-4.6986675,0.12422360479831696,0.5,0.35249999165534973
YDR409W,YGR289C,0,-4.7046432,0.12396693974733353,0.5,0.35333332419395447
YAL015C,YDR247W,0,-4.7054496,0.12371134012937546,0.5,0.3541666567325592
YBL017C,YNL327W,0,-4.706027,0.12345679104328156,0.5,0.35499998927116394
YFR003C,YPR165W,0,-4.7101965,0.12320328503847122,0.5,0.3558333218097687
YDL030W,YGR020C,0,-4.7109165,0.12295082211494446,0.5,0.3566666543483734
YJL045W,YLR256W,1,-4.7113447,0.12474437803030014,0.5083333253860474,0.3566666543483734
YGR249W,YNL015W,0,-4.7121058,0.12448979914188385,0.5083333253860474,0.35749998688697815
YKR056W,YLR447C,0,-4.7137356,0.12423625588417053,0.5083333253860474,0.3583333194255829
YPR190C,YDR465C,0,-4.716152,0.12398374080657959,0.5083333253860474,0.3591666519641876
YJL121C,YER146W,0,-4.717158,0.12373225390911102,0.5083333253860474,0.36000001430511475
YMR311C,YMR089C,0,-4.718856,0.12348178029060364,0.5083333253860474,0.3608333468437195
YOR320C,YBL004W,0,-4.7197814,0.12323231995105743,0.5083333253860474,0.3616666793823242
YOR142W,YDR116C,1,-4.720396,0.125,0.5166666507720947,0.3616666793823242
YBL017C,YBR276C,0,-4.7217226,0.12474849075078964,0.5166666507720947,0.36250001192092896
YKL008C,YDR259C,0,-4.722766,0.12449799478054047,0.5166666507720947,0.3633333444595337
YMR081C,YML110C,1,-4.7232203,0.12625250220298767,0.5249999761581421,0.3633333444595337
YPL050C,YGR003W,0,-4.724341,0.12600000202655792,0.5249999761581421,0.3641666769981384
YNL133C,YOR056C,0,-4.727438,0.12574850022792816,0.5249999761581421,0.36500000953674316
YEL024W,YGL018C,1,-4.7275343,0.12749004364013672,0.5333333611488342,0.36500000953674316
YGL201C,YNL302C,0,-4.728471,0.12723657488822937,0.5333333611488342,0.3658333420753479
YNR023W,YOL069W,0,-4.731539,0.1269841343164444,0.5333333611488342,0.36666667461395264
YJL214W,YOL142W,0,-4.736883,0.12673267722129822,0.5333333611488342,0.3675000071525574
YJL091C,YOL031C,0,-4.737127,0.12648221850395203,0.5333333611488342,0.3683333396911621
YBR152W,YPL032C,0,-4.7375307,0.12623274326324463,0.5333333611488342,0.36916667222976685
YLR043C,YNR034W,0,-4.737837,0.12598425149917603,0.5333333611488342,0.3700000047683716
YJL003W,YML110C,1,-4.73874,0.12770137190818787,0.5416666865348816,0.3700000047683716
YDR335W,YLR453C,0,-4.7411547,0.12745098769664764,0.5416666865348816,0.3708333373069763
YJR059W,YJL089W,0,-4.742183,0.12720157206058502,0.5416666865348816,0.37166666984558105
YDR263C,YMR138W,0,-4.742813,0.126953125,0.5416666865348816,0.3725000023841858
YGL014W,YER083C,0,-4.743654,0.12670564651489258,0.5416666865348816,0.3733333349227905
YLR320W,YGL044C,0,-4.744726,0.12645913660526276,0.5416666865348816,0.37416666746139526
YNL094W,YMR219W,0,-4.7473097,0.12621359527111053,0.5416666865348816,0.375
YLL018C-A,YDR376W,0,-4.7474537,0.12596899271011353,0.5416666865348816,0.37583333253860474
YMR054W,YEL057C,0,-4.753496,0.12572534382343292,0.5416666865348816,0.3766666650772095
YPL021W,YAL001C,0,-4.7536025,0.12548261880874634,0.5416666865348816,0.3774999976158142
YGL205W,YOR171C,0,-4.7538705,0.12524084746837616,0.5416666865348816,0.37833333015441895
YPL087W,YDL115C,0,-4.7580075,0.125,0.5416666865348816,0.3791666626930237
YOL088C,YDR235W,0,-4.759257,0.12476007640361786,0.5416666865348816,0.3799999952316284
YDR116C,YGL018C,1,-4.7616405,0.12643678486347198,0.550000011920929,0.3799999952316284
YEL034W,YJL034W,0,-4.762732,0.126195028424263,0.550000011920929,0.38083332777023315
YHR116W,YDR116C,1,-4.763035,0.1278626024723053,0.5583333373069763,0.38083332777023315
YKL080W,YOR361C,0,-4.7652783,0.12761904299259186,0.5583333373069763,0.3816666603088379
YCR044C,YDR247W,0,-4.769104,0.12737642228603363,0.5583333373069763,0.3824999928474426
YNL283C,YDR213W,0,-4.769273,0.12713472545146942,0.5583333373069763,0.38333332538604736
YDR309C,YGR003W,0,-4.770214,0.12689393758773804,0.5583333373069763,0.3841666579246521
YLR008C,YDR503C,0,-4.774788,0.12665405869483948,0.5583333373069763,0.38499999046325684
YLR371W,YDR421W,0,-4.7749186,0.12641508877277374,0.5583333373069763,0.3858333230018616
YIL106W,YGR128C,0,-4.783384,0.12617702782154083,0.5583333373069763,0.3866666555404663
YNL327W,YDL015C,0,-4.789722,0.12593984603881836,0.5583333373069763,0.38749998807907104
YHL036W,YPR068C,0,-4.7907214,0.12570355832576752,0.5583333373069763,0.3883333206176758
YCR010C,YJL063C,0,-4.7912874,0.1254681646823883,0.5583333373069763,0.3891666531562805
YFR034C,YGL163C,0,-4.7915554,0.12523365020751953,0.5583333373069763,0.38999998569488525
YOR261C,YCR020W-B,0,-4.7916346,0.125,0.5583333373069763,0.3908333480358124
YIL056W,YJL154C,0,-4.7921968,0.1247672289609909,0.5583333373069763,0.3916666805744171
YML095C,YPR141C,0,-4.7924457,0.12453531473875046,0.5583333373069763,0.39250001311302185
YJL203W,YKL150W,0,-4.793393,0.12430426478385925,0.5583333373069763,0.3933333456516266
YFR034C,YHR165C,0,-4.7947598,0.1240740716457367,0.5583333373069763,0.3941666781902313
YLR103C,YHR158C,0,-4.795434,0.12384473532438278,0.5583333373069763,0.39500001072883606
YOR036W,YKR068C,0,-4.7956038,0.12361623346805573,0.5583333373069763,0.3958333432674408
YGL137W,YOR243C,0,-4.7968526,0.12338858097791672,0.5583333373069763,0.39666667580604553
YDR180W,YDR235W,0,-4.805109,0.12316176295280457,0.5583333373069763,0.39750000834465027
YKL101W,YDR334W,0,-4.8058214,0.12293577939271927,0.5583333373069763,0.398333340883255
YJR084W,YDR180W,0,-4.8068485,0.12271062284708023,0.5583333373069763,0.39916667342185974
YBR010W,YKR097W,0,-4.8083773,0.12248628586530685,0.5583333373069763,0.4000000059604645
YKL208W,YKR062W,0,-4.8092256,0.12226277589797974,0.5583333373069763,0.4008333384990692
YBR095C,YKL201C,0,-4.8092427,0.12204007059335709,0.5583333373069763,0.40166667103767395
YDR334W,YML076C,0,-4.8125277,0.1218181848526001,0.5583333373069763,0.4025000035762787
YGL035C,YAL026C,0,-4.8134694,0.12159709632396698,0.5583333373069763,0.4033333361148834
YOL051W,YOR353C,0,-4.813835,0.12137681245803833,0.5583333373069763,0.40416666865348816
YLR265C,YJR084W,0,-4.8154016,0.12115732580423355,0.5583333373069763,0.4050000011920929
YGR088W,YJL034W,0,-4.815421,0.12093862891197205,0.5583333373069763,0.40583333373069763
YBL014C,YGL163C,0,-4.8155603,0.12072072178125381,0.5583333373069763,0.40666666626930237
YPL146C,YMR070W,0,-4.8174047,0.12050359696149826,0.5583333373069763,0.4074999988079071
YOL069W,YDR421W,0,-4.82244,0.12028725445270538,0.5583333373069763,0.40833333134651184
YOL054W,YER161C,0,-4.8261504,0.12007168680429459,0.5583333373069763,0.4091666638851166
YLR285W,YOR098C,0,-4.826524,0.11985688656568527,0.5583333373069763,0.4099999964237213
YEL024W,YJL045W,1,-4.829159,0.12142857164144516,0.5666666626930237,0.4099999964237213
YLR286C,YNL222W,0,-4.8351145,0.12121212482452393,0.5666666626930237,0.41083332896232605
YGL044C,YER120W,0,-4.8359213,0.12099643796682358,0.5666666626930237,0.4116666615009308
YJL124C,YER025W,0,-4.8374577,0.12078152596950531,0.5666666626930237,0.4124999940395355
YGL006W,YOL038W,0,-4.8385897,0.12056737393140793,0.5666666626930237,0.41333332657814026
YCL055W,YOL031C,0,-4.843128,0.12035398185253143,0.5666666626930237,0.414166659116745
YFR003C,YOR380W,0,-4.843145,0.12014134228229523,0.5666666626930237,0.41499999165534973
YNR072W,YKR062W,0,-4.8435555,0.11992945522069931,0.5666666626930237,0.41583332419395447
YKR002W,YIL106W,0,-4.8454223,0.11971831321716309,0.5666666626930237,0.4166666567325592
YPL163C,YCL055W,0,-4.8465023,0.11950790882110596,0.5666666626930237,0.41749998927116394
YBL017C,YNL182C,0,-4.847682,0.11929824203252792,0.5666666626930237,0.4183333218097687
YMR311C,YDR256C,0,-4.849749,0.11908932030200958,0.5666666626930237,0.4191666543483734
YBR257W,YLR138W,0,-4.853571,0.11888112127780914,0.5666666626930237,0.41999998688697815
YCR010C,YOL122C,0,-4.855361,0.1186736449599266,0.5666666626930237,0.4208333194255829
YFL048C,YGR218W,0,-4.85946,0.11846689879894257,0.5666666626930237,0.4216666519641876
YLR074C,YIL077C,0,-4.860332,0.11826086789369583,0.5666666626930237,0.42250001430511475
YBL005W,YPR054W,0,-4.861954,0.1180555522441864,0.5666666626930237,0.4233333468437195
YOL104C,YDR279W,0,-4.8642206,0.11785095185041428,0.5666666626930237,0.4241666793823242
YMR076C,YGL195W,0,-4.864579,0.11764705926179886,0.5666666626930237,0.42500001192092896
YPR041W,YML121W,0,-4.86944,0.11744386702775955,0.5666666626930237,0.4258333444595337
YLL031C,YIL124W,0,-4.869606,0.11724138259887695,0.5666666626930237,0.4266666769981384
YLR056W,YJL006C,0,-4.870653,0.11703958362340927,0.5666666626930237,0.42750000953674316
YIL056W,YDR329C,0,-4.8723235,0.1168384850025177,0.5666666626930237,0.4283333420753479
YGR183C,YML110C,1,-4.8772974,0.11835334450006485,0.574999988079071,0.4283333420753479
YJR156C,YOL104C,0,-4.8871994,0.11815068125724792,0.574999988079071,0.42916667461395264
YIL125W,YLR256W,1,-4.887559,0.11965811997652054,0.5833333134651184,0.42916667461395264
YEL057C,YBR143C,0,-4.8876204,0.11945392191410065,0.5833333134651184,0.4300000071525574
YPL169C,YGL211W,0,-4.8886795,0.11925042420625687,0.5833333134651184,0.4308333396911621
YPR165W,YGR171C,0,-4.889589,0.1190476194024086,0.5833333134651184,0.43166667222976685
YOR315W,YNR023W,0,-4.8899593,0.11884550005197525,0.5833333134651184,0.4325000047683716
YLR263W,YMR140W,0,-4.89184,0.11864406615495682,0.5833333134651184,0.4333333373069763
YDR309C,YER172C,0,-4.8950224,0.1184433177113533,0.5833333134651184,0.43416666984558105
YBR200W,YPL055C,0,-4.8977594,0.11824323982000351,0.5833333134651184,0.4350000023841858
YML094W,YOL054W,0,-4.899983,0.11804384738206863,0.5833333134651184,0.4358333349227905
YJL045W,YML110C,1,-4.9039702,0.1195286214351654,0.5916666388511658,0.4358333349227905
YDR416W,YLR051C,0,-4.9039884,0.11932773143053055,0.5916666388511658,0.43666666746139526
YLR320W,YBR177C,0,-4.9083476,0.11912751942873001,0.5916666388511658,0.4375
YDR329C,YJL060W,0,-4.911294,0.1189279705286026,0.5916666388511658,0.43833333253860474
YFL049W,YCR037C,0,-4.911555,0.11872909963130951,0.5916666388511658,0.4391666650772095
YPL274W,YFL057C,0,-4.913113,0.11853088438510895,0.5916666388511658,0.4399999976158142
YPL010W,YNL327W,0,-4.9161983,0.11833333224058151,0.5916666388511658,0.44083333015441895
YOR284W,YMR013C,0,-4.9184914,0.1181364357471466,0.5916666388511658,0.4416666626930237
YOR025W,YKL145W,0,-4.9194875,0.11794020235538483,0.5916666388511658,0.4424999952316284
YDL064W,YLR265C,0,-4.919646,0.11774460971355438,0.5916666388511658,0.44333332777023315
YBR293W,YPL106C,0,-4.9205365,0.11754966527223587,0.5916666388511658,0.4441666603088379
YGL137W,YOL094C,0,-4.920788,0.11735536903142929,0.5916666388511658,0.4449999928474426
YJL006C,YGL211W,0,-4.9214635,0.11716171354055405,0.5916666388511658,0.44583332538604736
YNR048W,YGL006W,0,-4.924082,0.11696869879961014,0.5916666388511658,0.4466666579246521
YPL121C,YGR098C,0,-4.9249496,0.11677631735801697,0.5916666388511658,0.44749999046325684
YOR239W,YOR112W,0,-4.9274063,0.11658456176519394,0.5916666388511658,0.4483333230018616
YHR142W,YBL004W,0,-4.9304676,0.11639343947172165,0.5916666388511658,0.4491666555404663
YLR016C,YGR056W,0,-4.9309855,0.1162029430270195,0.5916666388511658,0.44999998807907104
YKL208W,YNL145W,0,-4.9312773,0.1160130724310875,0.5916666388511658,0.4508333206176758
YPR034W,YER125W,0,-4.933363,0.11582382023334503,0.5916666388511658,0.4516666531562805
YOR094W,YOR335C,0,-4.9348416,0.11563517898321152,0.5916666388511658,0.45249998569488525
YPL121C,YKR052C,0,-4.9354954,0.11544715613126755,0.5916666388511658,0.4533333480358124
YMR081C,YJL045W,1,-4.935675,0.11688311398029327,0.6000000238418579,0.4533333480358124
YBR073W,YHR205W,0,-4.9398575,0.11669367551803589,0.6000000238418579,0.4541666805744171
YLR176C,YHR039C,0,-4.939885,0.11650485545396805,0.6000000238418579,0.45500001311302185
YMR030W,YLR256W,1,-4.942273,0.11793214827775955,0.6083333492279053,0.45500001311302185
YAL024C,YPL234C,0,-4.9462852,0.11774193495512009,0.6083333492279053,0.4558333456516266
YDR216W,YBR260C,0,-4.9465356,0.11755233258008957,0.6083333492279053,0.4566666781902313
YJR147W,YNL222W,0,-4.947695,0.117363341152668,0.6083333492279053,0.45750001072883606
YGL013C,YGL113W,0,-4.9494343,0.11717496067285538,0.6083333492279053,0.4583333432674408
YKR002W,YKR028W,0,-4.9502745,0.11698717623949051,0.6083333492279053,0.45916667580604553
YPL121C,YKR060W,0,-4.9539566,0.11680000275373459,0.6083333492279053,0.46000000834465027
YDR279W,YJL061W,0,-4.9551463,0.11661341786384583,0.6083333492279053,0.460833340883255
YBR130C,YDL190C,0,-4.9554944,0.11642742902040482,0.6083333492279053,0.46166667342185974
YPL241C,YLR451W,0,-4.9566154,0.11624203622341156,0.6083333492279053,0.4625000059604645
YGR214W,YNL332W,0,-4.9609184,0.11605723202228546,0.6083333492279053,0.4633333384990692
YML042W,YOR195W,0,-4.963534,0.11587301641702652,0.6083333492279053,0.46416667103767395
YDR181C,YLR197W,0,-4.9646974,0.11568938195705414,0.6083333492279053,0.4650000035762787
YOR087W,YKL021C,0,-4.965969,0.11550632864236832,0.6083333492279053,0.4658333361148834
YHR021C,YHR206W,0,-4.967307,0.11532385647296906,0.6083333492279053,0.46666666865348816
YNL294C,YJR001W,0,-4.969945,0.11514195799827576,0.6083333492279053,0.4675000011920929
YMR097C,YCR088W,0,-4.9724407,0.11496063321828842,0.6083333492279053,0.46833333373069763
YMR030W,YHR116W,1,-4.9759765,0.11635220050811768,0.6166666746139526,0.46833333373069763
YER151C,YMR162C,0,-4.9762344,0.11616954207420349,0.6166666746139526,0.46916666626930237
YOL088C,YKR060W,0,-4.976536,0.11598745733499527,0.6166666746139526,0.4699999988079071
YMR112C,YNL029C,0,-4.9775267,0.11580594629049301,0.6166666746139526,0.47083333134651184
YOL034W,YOR274W,0,-4.982987,0.11562500149011612,0.6166666746139526,0.4716666638851166
YML126C,YPL125W,0,-4.988061,0.115444615483284,0.6166666746139526,0.4724999964237213
YBL017C,YDR247W,0,-4.991596,0.11526479572057724,0.6166666746139526,0.47333332896232605
YNL015W,YOL088C,0,-4.9928384,0.11508553475141525,0.6166666746139526,0.4741666615009308
YER154W,YDR143C,0,-4.9949384,0.11490683257579803,0.6166666746139526,0.4749999940395355
YOL093W,YKL144C,0,-4.9956946,0.11472868174314499,0.6166666746139526,0.47583332657814026
YAR014C,YNR023W,0,-4.996477,0.11455108225345612,0.6166666746139526,0.476666659116745
YDL195W,YGL092W,0,-5.000235,0.11437403410673141,0.6166666746139526,0.47749999165534973
YCL033C,YOR372C,0,-5.004119,0.11419752985239029,0.6166666746139526,0.47833332419395447
YOR326W,YBL079W,0,-5.006547,0.11402156949043274,0.6166666746139526,0.4791666567325592
YJR002W,YHR079C,0,-5.0069094,0.11384615302085876,0.6166666746139526,0.47999998927116394
YPL116W,YKR022C,0,-5.007057,0.11367127299308777,0.6166666746139526,0.4808333218097687
YLR147C,YNL133C,0,-5.0084906,0.11349692940711975,0.6166666746139526,0.4816666543483734
YDR116C,YMR081C,1,-5.009101,0.11485451459884644,0.625,0.4816666543483734
YFL009W,YOR377W,0,-5.009536,0.11467889696359634,0.625,0.48249998688697815
YNL027W,YGR132C,0,-5.0104365,0.11450381577014923,0.625,0.4833333194255829
YDR216W,YAL001C,0,-5.016205,0.1143292710185051,0.625,0.4841666519641876
YMR069W,YKR066C,0,-5.0194044,0.11415524780750275,0.625,0.48500001430511475
YGL098W,YPL155C,0,-5.0196657,0.11398176103830338,0.625,0.4858333468437195
YBL085W,YLR321C,0,-5.0197883,0.11380880326032639,0.625,0.4866666793823242
YOR142W,YGL018C,1,-5.0227585,0.11515151709318161,0.6333333253860474,0.4866666793823242
YMR127C,YML027W,0,-5.0234556,0.11497730761766434,0.6333333253860474,0.48750001192092896
YIL009W,YKL080W,0,-5.0259247,0.11480362713336945,0.6333333253860474,0.4883333444595337
YLR309C,YOR168W,0,-5.0269227,0.11463046818971634,0.6333333253860474,0.4891666769981384
YNL271C,YJR153W,0,-5.0310373,0.11445783078670502,0.6333333253860474,0.49000000953674316
YPL047W,YDR489W,0,-5.0388017,0.11428571492433548,0.6333333253860474,0.4908333420753479
YMR081C,YGL018C,1,-5.039591,0.115615613758564,0.6416666507720947,0.4908333420753479
YBR156C,YDR425W,0,-5.0400257,0.11544227600097656,0.6416666507720947,0.49166667461395264
YJR084W,YKR060W,0,-5.0426846,0.11526945978403091,0.6416666507720947,0.4925000071525574
YGR033C,YIL129C,0,-5.0529947,0.11509715765714645,0.6416666507720947,0.4933333396911621
YOR261C,YDL074C,0,-5.055993,0.11492536962032318,0.6416666507720947,0.49416667222976685
YMR219W,YNL216W,0,-5.0616436,0.1147540956735611,0.6416666507720947,0.4950000047683716
YGL232W,YLR084C,0,-5.062064,0.1145833358168602,0.6416666507720947,0.4958333373069763
YDR177W,YGL044C,0,-5.063597,0.1144130751490593,0.6416666507720947,0.49666666984558105
YPR154W,YPR101W,0,-5.066559,0.11424332112073898,0.6416666507720947,0.4975000023841858
YKL112W,YOR098C,0,-5.0666084,0.11407407373189926,0.6416666507720947,0.4983333349227905
YGL113W,YDR217C,0,-5.070319,0.11390532553195953,0.6416666507720947,0.49916666746139526
YKR066C,YDR092W,0,-5.0708313,0.1137370765209198,0.6416666507720947,0.5
YOR239W,YDR461W,0,-5.071333,0.11356931924819946,0.6416666507720947,0.5008333325386047
YLR368W,YBR257W,0,-5.087226,0.11340206116437912,0.6416666507720947,0.5016666650772095
YBL017C,YKL140W,0,-5.0885167,0.11323529481887817,0.6416666507720947,0.5024999976158142
YLR008C,YFL049W,0,-5.089032,0.11306901276111603,0.6416666507720947,0.503333330154419
YPR101W,YPR182W,0,-5.0890503,0.11290322244167328,0.6416666507720947,0.5041666626930237
YGR256W,YOR171C,0,-5.089398,0.11273792386054993,0.6416666507720947,0.5049999952316284
YJL091C,YAL002W,0,-5.0915856,0.11257310211658478,0.6416666507720947,0.5058333277702332
YDR085C,YMR219W,0,-5.09177,0.11240875720977783,0.6416666507720947,0.5066666603088379
YNL283C,YJR144W,0,-5.093323,0.11224489659070969,0.6416666507720947,0.5074999928474426
YPR154W,YJL210W,0,-5.0937457,0.11208151280879974,0.6416666507720947,0.5083333253860474
YGR183C,YEL024W,1,-5.0957837,0.11337209492921829,0.6499999761581421,0.5083333253860474
YBR245C,YLR141W,0,-5.100551,0.11320754885673523,0.6499999761581421,0.5091666579246521
YJL045W,YGL018C,1,-5.1049943,0.1144927516579628,0.6583333611488342,0.5091666579246521
YDR309C,YGR128C,0,-5.107259,0.11432706564664841,0.6583333611488342,0.5099999904632568
YOL002C,YJL061W,0,-5.1077127,0.11416184902191162,0.6583333611488342,0.5108333230018616
YGL035C,YKL015W,0,-5.1123037,0.11399711668491364,0.6583333611488342,0.5116666555404663
YIL153W,YNL027W,0,-5.113715,0.11383285373449326,0.6583333611488342,0.512499988079071
YDR489W,YLR212C,0,-5.11598,0.11366906762123108,0.6583333611488342,0.5133333206176758
YNL262W,YDR235W,0,-5.1192617,0.11350574344396591,0.6583333611488342,0.5141666531562805
YMR219W,YJR135C,0,-5.1205754,0.11334289610385895,0.6583333611488342,0.5149999856948853
YNL331C,YPL078C,0,-5.1209726,0.11318051815032959,0.6583333611488342,0.51583331823349
YHR129C,YDR058C,0,-5.1215324,0.11301859468221664,0.6583333611488342,0.5166666507720947
YPL188W,YDR461W,0,-5.125497,0.1128571406006813,0.6583333611488342,0.5174999833106995
YOL147C,YGL236C,0,-5.128381,0.11269614845514297,0.6583333611488342,0.5183333158493042
YOR321W,YCR010C,0,-5.1288476,0.11253561079502106,0.6583333611488342,0.5191666483879089
YHR116W,YML110C,1,-5.13011,0.11379800736904144,0.6666666865348816,0.5191666483879089
YOR326W,YHR072W,0,-5.131337,0.11363636702299118,0.6666666865348816,0.5199999809265137
YJR144W,YNL173C,0,-5.1350193,0.11347517371177673,0.6666666865348816,0.5208333134651184
YGL014W,YML116W,0,-5.135113,0.11331444978713989,0.6666666865348816,0.5216666460037231
YER168C,YMR022W,0,-5.1382957,0.11315417289733887,0.6666666865348816,0.5224999785423279
YBR132C,YDR123C,0,-5.138692,0.11299435049295425,0.6666666865348816,0.5233333110809326
YML126C,YNR013C,0,-5.1401644,0.11283497512340546,0.6666666865348816,0.5241666436195374
YNL188W,YNL280C,0,-5.1440344,0.11267605423927307,0.6666666865348816,0.5249999761581421
YLR039C,YDL074C,0,-5.1470957,0.1125175803899765,0.6666666865348816,0.5258333086967468
YHR205W,YKL032C,0,-5.1488385,0.11235955357551575,0.6666666865348816,0.5266666412353516
YGL137W,YLR329W,0,-5.149106,0.11220196634531021,0.6666666865348816,0.5274999737739563
YLL022C,YPR102C,0,-5.158512,0.1120448186993599,0.6666666865348816,0.528333306312561
YDR225W,YFL057C,0,-5.159195,0.1118881106376648,0.6666666865348816,0.5291666388511658
YGR221C,YOL146W,0,-5.1681848,0.11173184216022491,0.6666666865348816,0.5299999713897705
YDL130W-A,YOL054W,0,-5.169038,0.11157601326704025,0.6666666865348816,0.5308333039283752
YNL197C,YFR053C,0,-5.1692142,0.11142061650753021,0.6666666865348816,0.5316666960716248
YOR115C,YLR074C,0,-5.169302,0.1112656444311142,0.6666666865348816,0.5325000286102295
YHR158C,YNL231C,0,-5.171282,0.1111111119389534,0.6666666865348816,0.5333333611488342
YDR314C,YFL048C,0,-5.172754,0.11095700412988663,0.6666666865348816,0.534166693687439
YDR181C,YGL049C,0,-5.1751738,0.11080332100391388,0.6666666865348816,0.5350000262260437
YOR187W,YJL157C,0,-5.175763,0.11065007001161575,0.6666666865348816,0.5358333587646484
YBL014C,YGL124C,0,-5.1759734,0.11049723625183105,0.6666666865348816,0.5366666913032532
YPL098C,YPL007C,0,-5.1791553,0.11034482717514038,0.6666666865348816,0.5375000238418579
YKL015W,YDL074C,0,-5.180235,0.11019283533096313,0.6666666865348816,0.5383333563804626
YDL170W,YDR477W,0,-5.182828,0.11004126816987991,0.6666666865348816,0.5391666889190674
YDL047W,YER123W,0,-5.1855917,0.10989011079072952,0.6666666865348816,0.5400000214576721
YJL214W,YGL025C,0,-5.194193,0.10973937064409256,0.6666666865348816,0.5408333539962769
YCR031C,YML076C,0,-5.195175,0.10958904027938843,0.6666666865348816,0.5416666865348816
YPR033C,YKL080W,0,-5.1965413,0.10943912714719772,0.6666666865348816,0.5425000190734863
YJL019W,YKL032C,0,-5.1983743,0.10928961634635925,0.6666666865348816,0.5433333516120911
YPL087W,YOR372C,0,-5.1990957,0.10914051532745361,0.6666666865348816,0.5441666841506958
YHR158C,YKR028W,0,-5.19919,0.1089918240904808,0.6666666865348816,0.5450000166893005
YJL187C,YIL129C,0,-5.199872,0.10884353518486023,0.6666666865348816,0.5458333492279053
YNL039W,YGL113W,0,-5.200964,0.10869564861059189,0.6666666865348816,0.54666668176651
YGL245W,YLR442C,0,-5.204299,0.10854817181825638,0.6666666865348816,0.5475000143051147
YPR068C,YIL098C,0,-5.217314,0.10840108245611191,0.6666666865348816,0.5483333468437195
YNL133C,YGL006W,0,-5.219535,0.10825439542531967,0.6666666865348816,0.5491666793823242
YML095C,YCR012W,0,-5.223274,0.10810811072587967,0.6666666865348816,0.550000011920929
YDL160C,YBR195C,0,-5.224001,0.1079622134566307,0.6666666865348816,0.5508333444595337
YNL160W,YDR461W,0,-5.226671,0.10781671106815338,0.6666666865348816,0.5516666769981384
YDR356W,YDR143C,0,-5.2269936,0.10767160356044769,0.6666666865348816,0.5525000095367432
YPL126W,YOR147W,0,-5.22723,0.10752688348293304,0.6666666865348816,0.5533333420753479
YPL010W,YJL087C,0,-5.2275696,0.10738255083560944,0.6666666865348816,0.5541666746139526
YDL220C,YLR319C,0,-5.233667,0.10723860561847687,0.6666666865348816,0.5550000071525574
YLR309C,YER146W,0,-5.236829,0.10709504783153534,0.6666666865348816,0.5558333396911621
YKL017C,YMR138W,0,-5.2369795,0.10695187002420425,0.6666666865348816,0.5566666722297668
YNR048W,YDR043C,0,-5.241744,0.10680907964706421,0.6666666865348816,0.5575000047683716
YOR377W,YBR170C,0,-5.242426,0.1066666692495346,0.6666666865348816,0.5583333373069763
YPR143W,YIL077C,0,-5.2427125,0.10652463138103485,0.6666666865348816,0.559166669845581
YCR088W,YBR010W,0,-5.243225,0.10638298094272614,0.6666666865348816,0.5600000023841858
YOR320C,YNL275W,0,-5.2443647,0.10624170303344727,0.6666666865348816,0.5608333349227905
YDR440W,YDR259C,0,-5.245058,0.10610079765319824,0.6666666865348816,0.5616666674613953
YNL039W,YKR052C,0,-5.2461166,0.10596026480197906,0.6666666865348816,0.5625
YIL056W,YGL211W,0,-5.248629,0.10582010447978973,0.6666666865348816,0.5633333325386047
YNL271C,YDR086C,0,-5.2490635,0.10568031668663025,0.6666666865348816,0.5641666650772095
YOL038W,YDR240C,0,-5.249443,0.10554089397192001,0.6666666865348816,0.5649999976158142
YML059C,YCR010C,0,-5.254879,0.10540184378623962,0.6666666865348816,0.565833330154419
YJL156C,YJR084W,0,-5.255078,0.10526315867900848,0.6666666865348816,0.5666666626930237
YKL081W,YNR034W,0,-5.2552934,0.10512483865022659,0.6666666865348816,0.5674999952316284
YLL015W,YOL104C,0,-5.2564783,0.10498687624931335,0.6666666865348816,0.5683333277702332
YLR175W,YDR412W,0,-5.25793,0.10484927892684937,0.6666666865348816,0.5691666603088379
YIL026C,YCL033C,0,-5.2614756,0.10471203923225403,0.6666666865348816,0.5699999928474426
YOR377W,YNL192W,0,-5.262092,0.10457516461610794,0.6666666865348816,0.5708333253860474
YGL181W,YNL312W,0,-5.2631855,0.10443864017724991,0.6666666865348816,0.5716666579246521
YML012W,YML080W,0,-5.2632356,0.10430248081684113,0.6666666865348816,0.5724999904632568
YMR299C,YCR084C,0,-5.266533,0.1041666641831398,0.6666666865348816,0.5733333230018616
YKR036C,YLL060C,0,-5.2668424,0.10403121262788773,0.6666666865348816,0.5741666555404663
YKR066C,YML095C,0,-5.2677736,0.10389610379934311,0.6666666865348816,0.574999988079071
YJL156C,YNL294C,0,-5.278922,0.10376135259866714,0.6666666865348816,0.5758333206176758
YJR147W,YMR164C,0,-5.2789326,0.10362694412469864,0.6666666865348816,0.5766666531562805
YGR009C,YOL089C,0,-5.283391,0.10349288582801819,0.6666666865348816,0.5774999856948853
YOL095C,YLR377C,0,-5.2840314,0.1033591702580452,0.6666666865348816,0.57833331823349
YGR179C,YKR097W,0,-5.284923,0.10322580486536026,0.6666666865348816,0.5791666507720947
YLL060C,YBL047C,0,-5.286128,0.10309278219938278,0.6666666865348816,0.5799999833106995
YIL106W,YKR097W,0,-5.2864695,0.10296010226011276,0.6666666865348816,0.5808333158493042
YKR028W,YGR161C,0,-5.289603,0.1028277650475502,0.6666666865348816,0.5816666483879089
YML102W,YPR141C,0,-5.2916584,0.1026957631111145,0.6666666865348816,0.5824999809265137
YDR116C,YJL045W,1,-5.2951193,0.10384615510702133,0.675000011920929,0.5824999809265137
YDR225W,YMR219W,0,-5.2965307,0.10371318459510803,0.675000011920929,0.5833333134651184
YGR183C,YGL018C,1,-5.2991476,0.10485933721065521,0.6833333373069763,0.5833333134651184
YGR257C,YDL138W,0,-5.3015733,0.1047254130244255,0.6833333373069763,0.5841666460037231
YDR221W,YKL208W,0,-5.3022947,0.10459183901548386,0.6833333373069763,0.5849999785423279
YMR036C,YGL163C,0,-5.3051333,0.10445860028266907,0.6833333373069763,0.5858333110809326
YLR398C,YBR103W,0,-5.306285,0.10432569682598114,0.6833333373069763,0.5866666436195374
YKR062W,YKL052C,0,-5.307606,0.10419313609600067,0.6833333373069763,0.5874999761581421
YOL148C,YJL060W,0,-5.309175,0.10406091064214706,0.6833333373069763,0.5883333086967468
YNL323W,YDR416W,0,-5.3136063,0.10392902046442032,0.6833333373069763,0.5891666412353516
YDL244W,YOL088C,0,-5.31404,0.10379746556282043,0.6833333373069763,0.5899999737739563
YDR143C,YJL053W,0,-5.3144884,0.10366624593734741,0.6833333373069763,0.590833306312561
YPR033C,YML069W,0,-5.3215995,0.10353535413742065,0.6833333373069763,0.5916666388511658
YDL074C,YGR171C,0,-5.330348,0.10340479016304016,0.6833333373069763,0.5924999713897705
YDR086C,YDR176W,0,-5.331622,0.10327456146478653,0.6833333373069763,0.5933333039283752
YLR069C,YPL050C,0,-5.333359,0.10314465314149857,0.6833333373069763,0.5941666960716248
YOR193W,YOR380W,0,-5.3350353,0.10301507264375687,0.6833333373069763,0.5950000286102295
YGR270W,YJL210W,0,-5.3392963,0.10288581997156143,0.6833333373069763,0.5958333611488342
YGR252W,YLR010C,0,-5.339365,0.10275689512491226,0.6833333373069763,0.596666693687439
YDL166C,YPR111W,0,-5.3394823,0.10262828320264816,0.6833333373069763,0.5975000262260437
YCL055W,YNL197C,0,-5.343048,0.10249999910593033,0.6833333373069763,0.5983333587646484
YJL003W,YLR256W,1,-5.3461943,0.10362047702074051,0.6916666626930237,0.5983333587646484
YHR073W,YOR098C,0,-5.347128,0.10349126905202866,0.6916666626930237,0.5991666913032532
YOR026W,YJL087C,0,-5.35056,0.10336238890886307,0.6916666626930237,0.6000000238418579
YNL094W,YGL038C,0,-5.3508697,0.10323382914066315,0.6916666626930237,0.6008333563804626
YBR085W,YMR081C,1,-5.354175,0.104347825050354,0.699999988079071,0.6008333563804626
YER125W,YAR018C,0,-5.3563023,0.10421836376190186,0.699999988079071,0.6016666889190674
YIL013C,YLL061W,0,-5.357638,0.10408922284841537,0.699999988079071,0.6025000214576721
YAL024C,YGL025C,0,-5.358461,0.10396039485931396,0.699999988079071,0.6033333539962769
YDL039C,YML091C,0,-5.3588476,0.10383189469575882,0.699999988079071,0.6041666865348816
YDR122W,YML127W,0,-5.364044,0.10370370000600815,0.699999988079071,0.6050000190734863
YDL212W,YML116W,0,-5.36924,0.10357583314180374,0.699999988079071,0.6058333516120911
YDR314C,YLR182W,0,-5.369835,0.1034482792019844,0.699999988079071,0.6066666841506958
YNR013C,YJL053W,0,-5.371434,0.10332103073596954,0.699999988079071,0.6075000166893005
YNL173C,YOL110W,0,-5.372608,0.10319410264492035,0.699999988079071,0.6083333492279053
YDR216W,YDL039C,0,-5.374284,0.10306748747825623,0.699999988079071,0.60916668176651
YOL148C,YPR134W,0,-5.3767223,0.10294117778539658,0.699999988079071,0.6100000143051147
YNL068C,YLR321C,0,-5.376779,0.102815181016922,0.699999988079071,0.6108333468437195
YOR320C,YKR052C,0,-5.3771343,0.10268948972225189,0.699999988079071,0.6116666793823242
YEL024W,YLR256W,1,-5.3794527,0.10378510504961014,0.7083333134651184,0.6116666793823242
YBR168W,YNR023W,0,-5.3827543,0.1036585345864296,0.7083333134651184,0.612500011920929
YPR107C,YGL020C,0,-5.3837113,0.10353227704763412,0.7083333134651184,0.6133333444595337
YOR056C,YFR046C,0,-5.3840256,0.10340632498264313,0.7083333134651184,0.6141666769981384
YOR355W,YLR256W,1,-5.385624,0.10449574887752533,0.7166666388511658,0.6141666769981384
YNL039W,YLR360W,0,-5.38682,0.10436893254518509,0.7166666388511658,0.6150000095367432
YIL109C,YBR130C,0,-5.3913393,0.10424242168664932,0.7166666388511658,0.6158333420753479
YML116W,YKL032C,0,-5.3914614,0.10411622375249863,0.7166666388511658,0.6166666746139526
YGL145W,YGL020C,0,-5.392025,0.10399032384157181,0.7166666388511658,0.6175000071525574
YGL172W,YGL095C,0,-5.3932133,0.10386473685503006,0.7166666388511658,0.6183333396911621
YOR109W,YLR148W,0,-5.3976793,0.10373944789171219,0.7166666388511658,0.6191666722297668
YJL156C,YGR214W,0,-5.397998,0.1036144569516182,0.7166666388511658,0.6200000047683716
YJL003W,YGL018C,1,-5.3983736,0.10469313710927963,0.7250000238418579,0.6200000047683716
YGR002C,YDR461W,0,-5.399849,0.10456730425357819,0.7250000238418579,0.6208333373069763
YGR257C,YGR013W,0,-5.400373,0.10444177687168121,0.7250000238418579,0.621666669845581
YMR173W,YPR189W,0,-5.404476,0.10431654751300812,0.7250000238418579,0.6225000023841858
YBR200W,YJR139C,0,-5.4050107,0.1041916161775589,0.7250000238418579,0.6233333349227905
YDR503C,YBR010W,0,-5.406641,0.10406698286533356,0.7250000238418579,0.6241666674613953
YKL032C,YDR447C,0,-5.4072227,0.10394265502691269,0.7250000238418579,0.625
YNL294C,YOR284W,0,-5.4108152,0.1038186177611351,0.7250000238418579,0.6258333325386047
YGL210W,YML052W,0,-5.41366,0.10369487851858139,0.7250000238418579,0.6266666650772095
YAR014C,YBR168W,0,-5.4137754,0.10357142984867096,0.7250000238418579,0.6274999976158142
YML036W,YDL138W,0,-5.4205174,0.1034482792019844,0.7250000238418579,0.628333330154419
YNL283C,YNL186W,0,-5.4207706,0.10332541912794113,0.7250000238418579,0.6291666626930237
YIL167W,YEL060C,0,-5.424243,0.10320284962654114,0.7250000238418579,0.6299999952316284
YML012W,YPR110C,0,-5.426083,0.10308057069778442,0.7250000238418579,0.6308333277702332
YDR256C,YGR132C,0,-5.42807,0.10295858234167099,0.7250000238418579,0.6316666603088379
YLR039C,YOR361C,0,-5.4323635,0.10283687710762024,0.7250000238418579,0.6324999928474426
YML110C,YGL018C,1,-5.434631,0.10389610379934311,0.7333333492279053,0.6324999928474426
YNL283C,YDR202C,0,-5.4416823,0.1037735864520073,0.7333333492279053,0.6333333253860474
YEL054C,YLL031C,0,-5.445918,0.10365135222673416,0.7333333492279053,0.6341666579246521
YDL029W,YLR286C,0,-5.4465075,0.10352940857410431,0.7333333492279053,0.6349999904632568
YGR183C,YLR256W,1,-5.4501815,0.10458284616470337,0.7416666746139526,0.6349999904632568
YKL208W,YIL023C,0,-5.4503717,0.10446009039878845,0.7416666746139526,0.6358333230018616
YJL164C,YBR179C,0,-5.451218,0.10433763265609741,0.7416666746139526,0.6366666555404663
YKR076W,YPL155C,0,-5.452949,0.10421545803546906,0.7416666746139526,0.637499988079071
YJR004C,YNL202W,0,-5.453926,0.10409356653690338,0.7416666746139526,0.6383333206176758
YBR260C,YNL090W,0,-5.4546695,0.10397196561098099,0.7416666746139526,0.6391666531562805
YMR164C,YER089C,0,-5.454679,0.10385064035654068,0.7416666746139526,0.6399999856948853
YGR261C,YLL061W,0,-5.455901,0.10372960567474365,0.7416666746139526,0.64083331823349
YHR178W,YPL209C,0,-5.455926,0.10360884666442871,0.7416666746139526,0.6416666507720947
YDR416W,YBL041W,0,-5.46256,0.10348837077617645,0.7416666746139526,0.6424999833106995
YHR031C,YHR001W,0,-5.4626923,0.10336817800998688,0.7416666746139526,0.6433333158493042
YCR060W,YBL078C,0,-5.4681096,0.10324826091527939,0.7416666746139526,0.6441666483879089
YGL006W,YJL085W,0,-5.4705296,0.10312861949205399,0.7416666746139526,0.6449999809265137
YMR081C,YLR256W,1,-5.471613,0.1041666641831398,0.75,0.6449999809265137
YLR103C,YDR216W,0,-5.4742336,0.10404624044895172,0.75,0.6458333134651184
YDR335W,YDR279W,0,-5.479617,0.10392609983682632,0.75,0.6466666460037231
YJL072C,YPR107C,0,-5.4814005,0.10380622744560242,0.75,0.6474999785423279
YKL135C,YOR144C,0,-5.4862185,0.10368663817644119,0.75,0.6483333110809326
YOL051W,YHR055C,0,-5.4865236,0.10356731712818146,0.75,0.6491666436195374
YML094W,YJL059W,0,-5.492051,0.1034482792019844,0.75,0.6499999761581421
YML059C,YGR249W,0,-5.4927816,0.10332950949668884,0.75,0.6508333086967468
YGR056W,YDR110W,0,-5.494664,0.10321100801229477,0.75,0.6516666412353516
YOL013C,YJR090C,0,-5.4963503,0.10309278219938278,0.75,0.6524999737739563
YOR095C,YOL031C,0,-5.4996676,0.10297483205795288,0.75,0.653333306312561
YGR252W,YOL002C,0,-5.5039854,0.10285714268684387,0.75,0.6541666388511658
YJR094C,YKR061W,0,-5.504382,0.10273972898721695,0.75,0.6549999713897705
YNL163C,YDL195W,0,-5.506655,0.10262257605791092,0.75,0.6558333039283752
YPR113W,YPR165W,0,-5.506834,0.10250569134950638,0.75,0.6566666960716248
YOR355W,YJL003W,1,-5.5147033,0.10352673381567001,0.7583333253860474,0.6566666960716248
YDR432W,YGR257C,0,-5.5162435,0.10340908914804459,0.7583333253860474,0.6575000286102295
YBR085W,YML110C,1,-5.5186496,0.1044267863035202,0.7666666507720947,0.6575000286102295
YDR318W,YER126C,0,-5.5191875,0.10430838912725449,0.7666666507720947,0.6583333611488342
YNR072W,YLR043C,0,-5.519319,0.10419026017189026,0.7666666507720947,0.659166693687439
YDR168W,YJL117W,0,-5.5194902,0.10407239943742752,0.7666666507720947,0.6600000262260437
YKL152C,YGR141W,0,-5.520679,0.10395479947328568,0.7666666507720947,0.6608333587646484
YOR026W,YBR129C,0,-5.521916,0.10383747518062592,0.7666666507720947,0.6616666913032532
YGR212W,YMR070W,0,-5.523304,0.10372040420770645,0.7666666507720947,0.6625000238418579
YDR181C,YOR257W,0,-5.535348,0.10360360145568848,0.7666666507720947,0.6633333563804626
YOR355W,YIL125W,1,-5.54053,0.10461192578077316,0.7749999761581421,0.6633333563804626
YHR073W,YPL055C,0,-5.541721,0.10449438542127609,0.7749999761581421,0.6641666889190674
YJL156C,YDL002C,0,-5.541965,0.10437710583209991,0.7749999761581421,0.6650000214576721
YJL117W,YLR141W,0,-5.5430565,0.10426008701324463,0.7749999761581421,0.6658333539962769
YML127W,YER120W,0,-5.5434904,0.10414333641529083,0.7749999761581421,0.6666666865348816
YOL034W,YPL121C,0,-5.5436335,0.10402684658765793,0.7749999761581421,0.6675000190734863
YER025W,YJR074W,0,-5.5446286,0.10391061753034592,0.7749999761581421,0.6683333516120911
YDR395W,YDR432W,0,-5.5453553,0.1037946417927742,0.7749999761581421,0.6691666841506958
YOR195W,YHR205W,0,-5.5483127,0.10367892682552338,0.7749999761581421,0.6700000166893005
YGR098C,YDR179C,0,-5.5504293,0.10356347262859344,0.7749999761581421,0.6708333492279053
YBR103W,YLR148W,0,-5.554548,0.1034482792019844,0.7749999761581421,0.67166668176651
YLR368W,YOR261C,0,-5.5582514,0.10333333164453506,0.7749999761581421,0.6725000143051147
YGL163C,YNR034W,0,-5.559317,0.10321864485740662,0.7749999761581421,0.6733333468437195
YER012W,YLL060C,0,-5.560545,0.10310421139001846,0.7749999761581421,0.6741666793823242
YCL055W,YER125W,0,-5.5612035,0.1029900312423706,0.7749999761581421,0.675000011920929
YPL094C,YNL172W,0,-5.5619507,0.10287610441446304,0.7749999761581421,0.6758333444595337
YPR190C,YKL052C,0,-5.565526,0.10276243090629578,0.7749999761581421,0.6766666769981384
YOR355W,YJL045W,1,-5.572006,0.10375276207923889,0.7833333611488342,0.6766666769981384
YDL195W,YLR100W,0,-5.5733557,0.10363836586475372,0.7833333611488342,0.6775000095367432
YOR036W,YKL201C,0,-5.5786304,0.10352423042058945,0.7833333611488342,0.6783333420753479
YIL128W,YMR219W,0,-5.581179,0.10341034084558487,0.7833333611488342,0.6791666746139526
YLR008C,YDL097C,0,-5.584058,0.10329670459032059,0.7833333611488342,0.6800000071525574
YNL197C,YPL106C,0,-5.5912714,0.103183314204216,0.7833333611488342,0.6808333396911621
YOR036W,YHR186C,0,-5.5922966,0.10307017713785172,0.7833333611488342,0.6816666722297668
YOR187W,YOL146W,0,-5.5925226,0.10295728594064713,0.7833333611488342,0.6825000047683716
YOR355W,YEL024W,1,-5.5931807,0.10393872857093811,0.7916666865348816,0.6825000047683716
YCR018C,YFL049W,0,-5.5939083,0.10382513701915741,0.7916666865348816,0.6833333373069763
YML095C,YKR068C,0,-5.595639,0.10371179133653641,0.7916666865348816,0.684166669845581
YBL041W,YGR171C,0,-5.5986004,0.1035986915230751,0.7916666865348816,0.6850000023841858
YNL323W,YDR163W,0,-5.6032157,0.1034858375787735,0.7916666865348816,0.6858333349227905
YOR103C,YER042W,0,-5.6034093,0.10337322950363159,0.7916666865348816,0.6866666674613953
YJR004C,YJL129C,0,-5.603963,0.10326086729764938,0.7916666865348816,0.6875
YMR275C,YBL047C,0,-5.6046915,0.10314875096082687,0.7916666865348816,0.6883333325386047
YHR075C,YMR112C,0,-5.606278,0.10303687304258347,0.7916666865348816,0.6891666650772095
YER083C,YGR218W,0,-5.606984,0.10292524099349976,0.7916666865348816,0.6899999976158142
YDR221W,YPL146C,0,-5.6082115,0.10281385481357574,0.7916666865348816,0.690833330154419
YJL073W,YBR009C,0,-5.609385,0.10270269960165024,0.7916666865348816,0.6916666626930237
YML052W,YHR041C,0,-5.611711,0.10259179025888443,0.7916666865348816,0.6924999952316284
YGR249W,YLR020C,0,-5.617161,0.10248111933469772,0.7916666865348816,0.6933333277702332
YOL004W,YOL002C,0,-5.6186185,0.10237068682909012,0.7916666865348816,0.6941666603088379
YER154W,YNL291C,0,-5.6205564,0.10226049274206161,0.7916666865348816,0.6949999928474426
YOL101C,YNL231C,0,-5.6305084,0.10215053707361221,0.7916666865348816,0.6958333253860474
YMR173W,YJR004C,0,-5.631598,0.10204081982374191,0.7916666865348816,0.6966666579246521
YDR057W,YGR218W,0,-5.633726,0.10193133354187012,0.7916666865348816,0.6974999904632568
YDL230W,YER120W,0,-5.634756,0.10182207822799683,0.7916666865348816,0.6983333230018616
YPR052C,YKL126W,0,-5.6477485,0.10171306133270264,0.7916666865348816,0.6991666555404663
YDR163W,YGR268C,0,-5.6519117,0.10160427540540695,0.7916666865348816,0.699999988079071
YIL153W,YPR068C,0,-5.6534786,0.10149572789669037,0.7916666865348816,0.7008333206176758
YFL009W,YJL201W,0,-5.65619,0.1013874039053917,0.7916666865348816,0.7016666531562805
YOL002C,YGR013W,0,-5.6567936,0.10127931833267212,0.7916666865348816,0.7024999856948853
YDR221W,YGR179C,0,-5.663084,0.10117145627737045,0.7916666865348816,0.70333331823349
YJL117W,YDR225W,0,-5.6648397,0.10106383264064789,0.7916666865348816,0.7041666507720947
YKL208W,YER151C,0,-5.6677747,0.10095643252134323,0.7916666865348816,0.7049999833106995
YMR069W,YPL234C,0,-5.6735125,0.10084925591945648,0.7916666865348816,0.7058333158493042
YDL223C,YJL109C,0,-5.6770787,0.10074231028556824,0.7916666865348816,0.7066666483879089
YMR197C,YOL031C,0,-5.679446,0.1006355956196785,0.7916666865348816,0.7074999809265137
YCL055W,YPL055C,0,-5.679805,0.10052909702062607,0.7916666865348816,0.7083333134651184
YKL176C,YOR195W,0,-5.684126,0.10042282938957214,0.7916666865348816,0.7091666460037231
YMR089C,YGL226C-A,0,-5.686251,0.10031679272651672,0.7916666865348816,0.7099999785423279
YJL201W,YLR329W,0,-5.6876326,0.10021097213029861,0.7916666865348816,0.7108333110809326
YJR144W,YML121W,0,-5.688702,0.10010537505149841,0.7916666865348816,0.7116666436195374
YGR123C,YPR054W,0,-5.6922235,0.10000000149011612,0.7916666865348816,0.7124999761581421
YPL234C,YCR084C,0,-5.694048,0.09989484399557114,0.7916666865348816,0.7133333086967468
YOL051W,YGR214W,0,-5.694597,0.09978991746902466,0.7916666865348816,0.7141666412353516
YKL052C,YDL150W,0,-5.697676,0.09968520700931549,0.7916666865348816,0.7149999737739563
YML059C,YKR076W,0,-5.6994658,0.09958071261644363,0.7916666865348816,0.715833306312561
YER089C,YPL269W,0,-5.7000084,0.09947644174098969,0.7916666865348816,0.7166666388511658
YBR085W,YGL018C,1,-5.705741,0.10041841119527817,0.800000011920929,0.7166666388511658
YIL075C,YLR417W,0,-5.7059884,0.10031347721815109,0.800000011920929,0.7174999713897705
YDL115C,YHR079C,0,-5.7068386,0.10020876675844193,0.800000011920929,0.7183333039283752
YOR099W,YPL050C,0,-5.7075634,0.10010427236557007,0.800000011920929,0.7191666960716248
YLR266C,YDR314C,0,-5.7098436,0.10000000149011612,0.800000011920929,0.7200000286102295
YDL097C,YHR056C,0,-5.715435,0.09989593923091888,0.800000011920929,0.7208333611488342
YPL274W,YAR031W,0,-5.7187724,0.09979210048913956,0.800000011920929,0.721666693687439
YKL152C,YBR177C,0,-5.7263985,0.09968847036361694,0.800000011920929,0.7225000262260437
YOR049C,YGL092W,0,-5.735876,0.09958506375551224,0.800000011920929,0.7233333587646484
YLR016C,YML091C,0,-5.737213,0.09948186576366425,0.800000011920929,0.7241666913032532
YDL212W,YBR295W,0,-5.7378564,0.09937888383865356,0.800000011920929,0.7250000238418579
YNL218W,YBR234C,0,-5.7415323,0.0992761105298996,0.800000011920929,0.7258333563804626
YLR396C,YCR084C,0,-5.7510843,0.09917355328798294,0.800000011920929,0.7266666889190674
YER083C,YPR182W,0,-5.754222,0.099071204662323,0.800000011920929,0.7275000214576721
YOR355W,YDR116C,1,-5.7561827,0.10000000149011612,0.8083333373069763,0.7275000214576721
YKR003W,YCR020W-B,0,-5.7562075,0.09989701211452484,0.8083333373069763,0.7283333539962769
YGL151W,YNL312W,0,-5.7563295,0.09979423880577087,0.8083333373069763,0.7291666865348816
YLR266C,YNL216W,0,-5.757455,0.09969167411327362,0.8083333373069763,0.7300000190734863
YER088C,YJR031C,0,-5.7585764,0.09958932548761368,0.8083333373069763,0.7308333516120911
YLR266C,YOR372C,0,-5.763957,0.09948717802762985,0.8083333373069763,0.7316666841506958
YGR056W,YOL146W,0,-5.7662516,0.09938524663448334,0.8083333373069763,0.7325000166893005
YGL086W,YML091C,0,-5.771571,0.09928352385759354,0.8083333373069763,0.7333333492279053
YFL009W,YGL232W,0,-5.7720675,0.09918200224637985,0.8083333373069763,0.73416668176651
YKR068C,YFR005C,0,-5.7727184,0.09908069670200348,0.8083333373069763,0.7350000143051147
YOL034W,YDL036C,0,-5.779069,0.09897959232330322,0.8083333373069763,0.7358333468437195
YMR030W,YDR116C,1,-5.7794557,0.09989806264638901,0.8166666626930237,0.7358333468437195
YOR142W,YML110C,1,-5.785027,0.10081466287374496,0.824999988079071,0.7358333468437195
YMR138W,YKR062W,0,-5.7879496,0.10071210563182831,0.824999988079071,0.7366666793823242
YBR085W,YDR116C,1,-5.788206,0.10162601619958878,0.8333333134651184,0.7366666793823242
YBL017C,YPL128C,0,-5.789526,0.10152284055948257,0.8333333134651184,0.737500011920929
YOL093W,YKR062W,0,-5.7958393,0.10141988098621368,0.8333333134651184,0.7383333444595337
YGL019W,YLR010C,0,-5.797648,0.10131712257862091,0.8333333134651184,0.7391666769981384
YDL002C,YGL136C,0,-5.7992992,0.10121457278728485,0.8333333134651184,0.7400000095367432
YFL009W,YDR447C,0,-5.8029556,0.1011122316122055,0.8333333134651184,0.7408333420753479
YDR277C,YBR164C,0,-5.8042736,0.10101009905338287,0.8333333134651184,0.7416666746139526
YER025W,YDR477W,0,-5.8046618,0.10090817511081696,0.8333333134651184,0.7425000071525574
YDL140C,YCR020C,0,-5.8051286,0.10080645233392715,0.8333333134651184,0.7433333396911621
YJR144W,YBR200W,0,-5.811002,0.10070493817329407,0.8333333134651184,0.7441666722297668
YBR200W,YLR141W,0,-5.8139772,0.1006036251783371,0.8333333134651184,0.7450000047683716
YCR010C,YMR022W,0,-5.8152437,0.10050251334905624,0.8333333134651184,0.7458333373069763
YDR043C,YGR227W,0,-5.815501,0.1004016101360321,0.8333333134651184,0.746666669845581
YCR044C,YBR010W,0,-5.8157196,0.10030090063810349,0.8333333134651184,0.7475000023841858
YMR097C,YOL110W,0,-5.817876,0.10020039975643158,0.8333333134651184,0.7483333349227905
YGL232W,YPR134W,0,-5.820094,0.10010010004043579,0.8333333134651184,0.7491666674613953
YGR231C,YBL085W,0,-5.82174,0.10000000149011612,0.8333333134651184,0.75
YJL201W,YKL201C,0,-5.823469,0.09990009665489197,0.8333333134651184,0.7508333325386047
YKR003W,YLR320W,0,-5.827837,0.09980040043592453,0.8333333134651184,0.7516666650772095
YPR034W,YFR024C-A,0,-5.8355646,0.09970089793205261,0.8333333134651184,0.7524999976158142
YDR057W,YNL015W,0,-5.843866,0.09960159659385681,0.8333333134651184,0.753333330154419
YPL011C,YPR165W,0,-5.844088,0.09950248897075653,0.8333333134651184,0.7541666626930237
YIL026C,YML121W,0,-5.8458366,0.09940357506275177,0.8333333134651184,0.7549999952316284
YKR066C,YAR033W,0,-5.853361,0.09930486232042313,0.8333333134651184,0.7558333277702332
YML126C,YOR243C,0,-5.854615,0.0992063507437706,0.8333333134651184,0.7566666603088379
YOL122C,YDL190C,0,-5.856967,0.099108025431633,0.8333333134651184,0.7574999928474426
YDR329C,YPR189W,0,-5.857443,0.09900990128517151,0.8333333134651184,0.7583333253860474
YLR212C,YJL154C,0,-5.860677,0.09891197085380554,0.8333333134651184,0.7591666579246521
YDR395W,YJL196C,0,-5.862492,0.0988142266869545,0.8333333134651184,0.7599999904632568
YDR318W,YDR077W,0,-5.866494,0.09871668368577957,0.8333333134651184,0.7608333230018616
YGR212W,YER052C,0,-5.872874,0.09861932694911957,0.8333333134651184,0.7616666555404663
YOR103C,YMR284W,0,-5.875025,0.09852216392755508,0.8333333134651184,0.762499988079071
YDR158W,YPL269W,0,-5.8764677,0.09842519462108612,0.8333333134651184,0.7633333206176758
YJL154C,YHR142W,0,-5.8772583,0.09832841902971268,0.8333333134651184,0.7641666531562805
YPL089C,YKL032C,0,-5.879505,0.09823182970285416,0.8333333134651184,0.7649999856948853
YBR085W,YHR116W,1,-5.880484,0.09911677986383438,0.8416666388511658,0.7649999856948853
YOL117W,YNL312W,0,-5.8813624,0.0990196093916893,0.8416666388511658,0.76583331823349
YPR068C,YBR129C,0,-5.890547,0.09892262518405914,0.8416666388511658,0.7666666507720947
YGL098W,YKR003W,0,-5.8910246,0.0988258346915245,0.8416666388511658,0.7674999833106995
YPR143W,YPL078C,0,-5.892771,0.09872923046350479,0.8416666388511658,0.7683333158493042
YIL066C,YHR024C,0,-5.897066,0.0986328125,0.8416666388511658,0.7691666483879089
YJR025C,YNL029C,0,-5.9023905,0.09853658825159073,0.8416666388511658,0.7699999809265137
YJL124C,YMR070W,0,-5.9051228,0.09844054281711578,0.8416666388511658,0.7708333134651184
YDR329C,YGL226C-A,0,-5.9069085,0.09834469109773636,0.8416666388511658,0.7716666460037231
YPR113W,YER052C,0,-5.90749,0.09824902564287186,0.8416666388511658,0.7724999785423279
YIL016W,YOL148C,0,-5.916272,0.09815354645252228,0.8416666388511658,0.7733333110809326
YHR204W,YPL098C,0,-5.9203477,0.09805825352668762,0.8416666388511658,0.7741666436195374
YJR047C,YPL007C,0,-5.931453,0.09796313941478729,0.8416666388511658,0.7749999761581421
YJR046W,YBR179C,0,-5.9340315,0.09786821901798248,0.8416666388511658,0.7758333086967468
YER025W,YKL059C,0,-5.9356227,0.097773477435112,0.8416666388511658,0.7766666412353516
YNR003C,YJR052W,0,-5.9392815,0.09767891466617584,0.8416666388511658,0.7774999737739563
YJL053W,YIL098C,0,-5.9396663,0.09758453816175461,0.8416666388511658,0.778333306312561
YPR182W,YGR013W,0,-5.9467382,0.0974903479218483,0.8416666388511658,0.7791666388511658
YKR022C,YGL084C,0,-5.950627,0.09739633649587631,0.8416666388511658,0.7799999713897705
YNL148C,YIL106W,0,-5.951171,0.09730250388383865,0.8416666388511658,0.7808333039283752
YHR165C,YDR058C,0,-5.9540706,0.09720885753631592,0.8416666388511658,0.7816666960716248
YKL015W,YDR489W,0,-5.959667,0.09711538255214691,0.8416666388511658,0.7825000286102295
YDL002C,YLR371W,0,-5.9712086,0.09702209383249283,0.8416666388511658,0.7833333611488342
YBR295W,YNL216W,0,-5.972659,0.09692898392677307,0.8416666388511658,0.784166693687439
YDL046W,YBL032W,0,-5.974441,0.09683605283498764,0.8416666388511658,0.7850000262260437
YMR030W,YGL018C,1,-5.9781237,0.09770114719867706,0.8500000238418579,0.7850000262260437
YKL017C,YFR046C,0,-5.9794703,0.09760765731334686,0.8500000238418579,0.7858333587646484
YJL085W,YGR098C,0,-5.984415,0.09751433879137039,0.8500000238418579,0.7866666913032532
YGL137W,YER052C,0,-5.9863353,0.09742120653390884,0.8500000238418579,0.7875000238418579
YNL294C,YNL282W,0,-5.987486,0.09732824563980103,0.8500000238418579,0.7883333563804626
YAR031W,YOR281C,0,-5.991824,0.09723546355962753,0.8500000238418579,0.7891666889190674
YNR044W,YJL034W,0,-5.996759,0.09714286029338837,0.8500000238418579,0.7900000214576721
YJL124C,YKL032C,0,-5.9989753,0.09705042839050293,0.8500000238418579,0.7908333539962769
YGL014W,YJL047C,0,-6.0090284,0.09695817530155182,0.8500000238418579,0.7916666865348816
YDR221W,YJL047C,0,-6.0138936,0.09686609357595444,0.8500000238418579,0.7925000190734863
YAL020C,YPR111W,0,-6.021127,0.09677419066429138,0.8500000238418579,0.7933333516120911
YHR031C,YPR054W,0,-6.022588,0.09668246656656265,0.8500000238418579,0.7941666841506958
YDR409W,YNL188W,0,-6.025096,0.09659090638160706,0.8500000238418579,0.7950000166893005
YBR086C,YOR056C,0,-6.0300274,0.09649952501058578,0.8500000238418579,0.7958333492279053
YMR054W,YPL007C,0,-6.0345902,0.09640831500291824,0.8500000238418579,0.79666668176651
YGL020C,YIL098C,0,-6.034724,0.09631728380918503,0.8500000238418579,0.7975000143051147
YDR409W,YKL126W,0,-6.0360985,0.09622641652822495,0.8500000238418579,0.7983333468437195
YNR044W,YNR034W,0,-6.0362644,0.09613572061061859,0.8500000238418579,0.7991666793823242
YDL212W,YDL076C,0,-6.0422964,0.09604519605636597,0.8500000238418579,0.800000011920929
YDR221W,YAR014C,0,-6.045183,0.09595484286546707,0.8500000238418579,0.8008333444595337
YDR318W,YNL197C,0,-6.054118,0.0958646610379219,0.8500000238418579,0.8016666769981384
YNL026W,YKL144C,0,-6.0564456,0.09577465057373047,0.8500000238418579,0.8025000095367432
YLR266C,YBR130C,0,-6.065841,0.09568480402231216,0.8500000238418579,0.8033333420753479
YOL117W,YJR077C,0,-6.068796,0.09559512883424759,0.8500000238418579,0.8041666746139526
YMR311C,YOR377W,0,-6.0746374,0.09550561755895615,0.8500000238418579,0.8050000071525574
YLR056W,YOR257W,0,-6.082058,0.09541627764701843,0.8500000238418579,0.8058333396911621
YBR245C,YGL163C,0,-6.087857,0.09532710164785385,0.8500000238418579,0.8066666722297668
YNL094W,YJL117W,0,-6.0882645,0.095238097012043,0.8500000238418579,0.8075000047683716
YLR147C,YDL076C,0,-6.1027102,0.09514925628900528,0.8500000238418579,0.8083333373069763
YKL203C,YOL146W,0,-6.1060085,0.09506057947874069,0.8500000238418579,0.809166669845581
YNL197C,YLL060C,0,-6.1077957,0.09497206658124924,0.8500000238418579,0.8100000023841858
YOR281C,YGL087C,0,-6.1079082,0.09488371759653091,0.8500000238418579,0.8108333349227905
YNL094W,YPR101W,0,-6.107952,0.09479553997516632,0.8500000238418579,0.8116666674613953
YKL176C,YBL047C,0,-6.1085334,0.09470751881599426,0.8500000238418579,0.8125
YJL025W,YDR329C,0,-6.1086717,0.09461966902017593,0.8500000238418579,0.8133333325386047
YKL154W,YNL219C,0,-6.1138287,0.09453197568655014,0.8500000238418579,0.8141666650772095
YDR309C,YGR254W,0,-6.114745,0.09444444626569748,0.8500000238418579,0.8149999976158142
YPL010W,YNL192W,0,-6.121173,0.09435707330703735,0.8500000238418579,0.815833330154419
YMR030W,YBR085W,1,-6.1241913,0.09519408643245697,0.8583333492279053,0.815833330154419
YJL072C,YLR069C,0,-6.12542,0.09510618448257446,0.8583333492279053,0.8166666626930237
YKL057C,YPR093C,0,-6.1278152,0.09501845389604568,0.8583333492279053,0.8174999952316284
YLR016C,YMR089C,0,-6.128963,0.09493087232112885,0.8583333492279053,0.8183333277702332
YJL187C,YOR069W,0,-6.129093,0.09484346210956573,0.8583333492279053,0.8191666603088379
YOR355W,YGL018C,1,-6.129928,0.09567617624998093,0.8666666746139526,0.8191666603088379
YDR301W,YOL110W,0,-6.135107,0.09558823704719543,0.8666666746139526,0.8199999928474426
YAL054C,YHR120W,0,-6.136338,0.09550046175718307,0.8666666746139526,0.8208333253860474
YOR099W,YFL049W,0,-6.141001,0.09541284292936325,0.8666666746139526,0.8216666579246521
YLR100W,YCR084C,0,-6.1415296,0.09532538801431656,0.8666666746139526,0.8224999904632568
YLR266C,YLR068W,0,-6.1438646,0.095238097012043,0.8666666746139526,0.8233333230018616
YPL042C,YLR117C,0,-6.150839,0.09515096247196198,0.8666666746139526,0.8241666555404663
YBR086C,YML076C,0,-6.155587,0.09506398439407349,0.8666666746139526,0.824999988079071
YHR204W,YCR037C,0,-6.1558027,0.09497717022895813,0.8666666746139526,0.8258333206176758
YGR231C,YOL104C,0,-6.157568,0.09489051252603531,0.8666666746139526,0.8266666531562805
YDL115C,YIL023C,0,-6.1591477,0.09480401128530502,0.8666666746139526,0.8274999856948853
YDL064W,YDL244W,0,-6.1596837,0.09471766650676727,0.8666666746139526,0.82833331823349
YDR057W,YKR028W,0,-6.160019,0.09463148564100266,0.8666666746139526,0.8291666507720947
YMR275C,YBR143C,0,-6.162074,0.09454545378684998,0.8666666746139526,0.8299999833106995
YHR165C,YJL117W,0,-6.162574,0.09445958584547043,0.8666666746139526,0.8308333158493042
YPL011C,YOL146W,0,-6.167656,0.09437386691570282,0.8666666746139526,0.8316666483879089
YOL054W,YCR084C,0,-6.1737003,0.09428830444812775,0.8666666746139526,0.8324999809265137
YKR002W,YDR440W,0,-6.1753073,0.09420289844274521,0.8666666746139526,0.8333333134651184
YKL135C,YNL123W,0,-6.187154,0.0941176488995552,0.8666666746139526,0.8341666460037231
YDR277C,YLR328W,0,-6.1894484,0.09403254836797714,0.8666666746139526,0.8349999785423279
YNL282W,YDR314C,0,-6.1942487,0.09394760429859161,0.8666666746139526,0.8358333110809326
YOR316C,YFR003C,0,-6.1943674,0.09386281669139862,0.8666666746139526,0.8366666436195374
YJR047C,YKL140W,0,-6.2010407,0.09377817809581757,0.8666666746139526,0.8374999761581421
YOR355W,YGR183C,1,-6.20535,0.09459459781646729,0.875,0.8374999761581421
YMR116C,YPL125W,0,-6.209969,0.09450945258140564,0.875,0.8383333086967468
YDR123C,YOR171C,0,-6.2112856,0.09442446380853653,0.875,0.8391666412353516
YJL089W,YKL021C,0,-6.2206364,0.09433962404727936,0.875,0.8399999737739563
YDR489W,YDL115C,0,-6.2274446,0.09425494074821472,0.875,0.840833306312561
YLR147C,YDR388W,0,-6.2305045,0.09417040646076202,0.875,0.8416666388511658
YDR409W,YLR321C,0,-6.2374225,0.09408602118492126,0.875,0.8424999713897705
YLR368W,YDR158W,0,-6.2423897,0.09400179237127304,0.875,0.8433333039283752
YDR356W,YDL230W,0,-6.244071,0.09391771256923676,0.875,0.8441666960716248
YCR012W,YCR020W-B,0,-6.24472,0.09383378177881241,0.875,0.8450000286102295
YKL203C,YJR083C,0,-6.2517157,0.09375,0.875,0.8458333611488342
YJL210W,YKL099C,0,-6.2565207,0.09366636723279953,0.875,0.846666693687439
YHR024C,YJR090C,0,-6.259434,0.0935828909277916,0.875,0.8475000262260437
YPL234C,YGR231C,0,-6.2611094,0.093499556183815,0.875,0.8483333587646484
YOL138C,YKL144C,0,-6.261459,0.09341637045145035,0.875,0.8491666913032532
YER052C,YHR152W,0,-6.2629113,0.09333333373069763,0.875,0.8500000238418579
YHR116W,YLR256W,1,-6.275443,0.09413854032754898,0.8833333253860474,0.8500000238418579
YGL136C,YOL094C,0,-6.2966175,0.09405501186847687,0.8833333253860474,0.8508333563804626
YGR249W,YOL054W,0,-6.298739,0.0939716324210167,0.8833333253860474,0.8516666889190674
YGR289C,YGR218W,0,-6.3037395,0.09388839453458786,0.8833333253860474,0.8525000214576721
YGL144C,YHR135C,0,-6.312435,0.09380531311035156,0.8833333253860474,0.8533333539962769
YOL089C,YDR179C,0,-6.3163815,0.0937223732471466,0.8833333253860474,0.8541666865348816
YPL050C,YDL195W,0,-6.317565,0.09363957494497299,0.8833333253860474,0.8550000190734863
YDL047W,YKL112W,0,-6.3205805,0.09355692565441132,0.8833333253860474,0.8558333516120911
YDR177W,YDR251W,0,-6.321107,0.09347442537546158,0.8833333253860474,0.8566666841506958
YDR334W,YMR013C,0,-6.3250723,0.09339207410812378,0.8833333253860474,0.8575000166893005
YGR033C,YNL227C,0,-6.3263335,0.09330985695123672,0.8833333253860474,0.8583333492279053
YOR193W,YOR241W,0,-6.332724,0.09322778880596161,0.8833333253860474,0.85916668176651
YEL030W,YBL047C,0,-6.333126,0.09314586967229843,0.8833333253860474,0.8600000143051147
YGL245W,YFL049W,0,-6.341345,0.0930640920996666,0.8833333253860474,0.8608333468437195
YLR016C,YLR081W,0,-6.34303,0.0929824560880661,0.8833333253860474,0.8616666793823242
YNL188W,YGR132C,0,-6.343225,0.09290096163749695,0.8833333253860474,0.862500011920929
YHR016C,YJL061W,0,-6.3451576,0.09281961619853973,0.8833333253860474,0.8633333444595337
YDR168W,YHR001W,0,-6.3506403,0.09273840487003326,0.8833333253860474,0.8641666769981384
YHR120W,YPR054W,0,-6.3616667,0.09265734255313873,0.8833333253860474,0.8650000095367432
YKL059C,YGR171C,0,-6.368556,0.09257642179727554,0.8833333253860474,0.8658333420753479
YDR329C,YHR120W,0,-6.369352,0.0924956351518631,0.8833333253860474,0.8666666746139526
YCR010C,YJL129C,0,-6.3802156,0.09241499751806259,0.8833333253860474,0.8675000071525574
YDL097C,YJR004C,0,-6.382394,0.09233449399471283,0.8833333253860474,0.8683333396911621
YCR009C,YDL213C,0,-6.384098,0.09225413203239441,0.8833333253860474,0.8691666722297668
YOL138C,YER165W,0,-6.391884,0.09217391163110733,0.8833333253860474,0.8700000047683716
YOR142W,YLR256W,1,-6.399484,0.09296263754367828,0.8916666507720947,0.8700000047683716
YJL165C,YPR102C,0,-6.4046755,0.0928819477558136,0.8916666507720947,0.8708333373069763
YNL068C,YKL080W,0,-6.4055223,0.09280138462781906,0.8916666507720947,0.871666669845581
YGL245W,YHL002W,0,-6.410333,0.09272097051143646,0.8916666507720947,0.8725000023841858
YJR094C,YGR231C,0,-6.4124885,0.09264069050550461,0.8916666507720947,0.8733333349227905
YDR359C,YLL031C,0,-6.4134474,0.0925605520606041,0.8916666507720947,0.8741666674613953
YLR069C,YDL213C,0,-6.4150305,0.09248055517673492,0.8916666507720947,0.875
YNL039W,YKL110C,0,-6.4153023,0.0924006924033165,0.8916666507720947,0.8758333325386047
YEL024W,YBR085W,1,-6.419619,0.09318377822637558,0.8999999761581421,0.8758333325386047
YPR052C,YOR354C,0,-6.422018,0.09310344606637955,0.8999999761581421,0.8766666650772095
YPL055C,YKL059C,0,-6.4301004,0.09302325546741486,0.8999999761581421,0.8774999976158142
YJR084W,YDR477W,0,-6.4304733,0.09294319897890091,0.8999999761581421,0.878333330154419
YNL291C,YML091C,0,-6.447007,0.0928632840514183,0.8999999761581421,0.8791666626930237
YER154W,YNL222W,0,-6.4513063,0.09278350323438644,0.8999999761581421,0.8799999952316284
YMR264W,YBR257W,0,-6.4518204,0.09270386397838593,0.8999999761581421,0.8808333277702332
YDL130W-A,YKL099C,0,-6.466424,0.09262435883283615,0.8999999761581421,0.8816666603088379
YLR256W,YGL018C,1,-6.469844,0.09340188652276993,0.9083333611488342,0.8816666603088379
YOR355W,YOR142W,1,-6.4716663,0.09417808055877686,0.9166666865348816,0.8816666603088379
YNL293W,YBR130C,0,-6.4816475,0.09409751743078232,0.9166666865348816,0.8824999928474426
YIL125W,YBR085W,1,-6.484175,0.09487179666757584,0.925000011920929,0.8824999928474426
YDR158W,YBR260C,0,-6.4868584,0.09479077905416489,0.925000011920929,0.8833333253860474
YAL002W,YGL092W,0,-6.4889154,0.09470989555120468,0.925000011920929,0.8841666579246521
YKR085C,YNL186W,0,-6.4893703,0.09462915360927582,0.925000011920929,0.8849999904632568
YBR199W,YKR056W,0,-6.4936194,0.0945485532283783,0.925000011920929,0.8858333230018616
YGL113W,YHR205W,0,-6.5100594,0.09446808695793152,0.925000011920929,0.8866666555404663
YOR109W,YBR009C,0,-6.5130634,0.09438775479793549,0.925000011920929,0.887499988079071
YDR388W,YML036W,0,-6.5185356,0.0943075641989708,0.925000011920929,0.8883333206176758
YLR197W,YML091C,0,-6.5218563,0.09422750771045685,0.925000011920929,0.8891666531562805
YMR149W,YAL005C,0,-6.522073,0.09414758533239365,0.925000011920929,0.8899999856948853
YOL122C,YDL213C,0,-6.5306835,0.09406779706478119,0.925000011920929,0.89083331823349
YOL117W,YJL109C,0,-6.5329356,0.09398814290761948,0.925000011920929,0.8916666507720947
YJL019W,YHR152W,0,-6.5369663,0.0939086303114891,0.925000011920929,0.8924999833106995
YNL331C,YJR147W,0,-6.5410213,0.09382924437522888,0.925000011920929,0.8933333158493042
YJL042W,YOR261C,0,-6.5422163,0.09375,0.925000011920929,0.8941666483879089
YNL169C,YML116W,0,-6.550092,0.09367088973522186,0.925000011920929,0.8949999809265137
YNL219C,YGL243W,0,-6.555063,0.09359190613031387,0.925000011920929,0.8958333134651184
YML110C,YLR256W,1,-6.5571194,0.0943555161356926,0.9333333373069763,0.8958333134651184
YPR052C,YOL110W,0,-6.577213,0.09427609294652939,0.9333333373069763,0.8966666460037231
YGL067W,YDR092W,0,-6.585939,0.09419680386781693,0.9333333373069763,0.8974999785423279
YDR225W,YGL163C,0,-6.5918245,0.0941176488995552,0.9333333373069763,0.8983333110809326
YBR162C,YDR425W,0,-6.5977902,0.09403862059116364,0.9333333373069763,0.8991666436195374
YDL002C,YOR193W,0,-6.6098948,0.0939597338438034,0.9333333373069763,0.8999999761581421
YKL135C,YOR171C,0,-6.6112123,0.09388097375631332,0.9333333373069763,0.9008333086967468
YHR129C,YJR059W,0,-6.611723,0.09380234777927399,0.9333333373069763,0.9016666412353516
YIL056W,YOL146W,0,-6.6135497,0.0937238484621048,0.9333333373069763,0.9024999737739563
YNR013C,YOR148C,0,-6.6157265,0.09364548325538635,0.9333333373069763,0.903333306312561
YOR284W,YKR022C,0,-6.6192265,0.09356725215911865,0.9333333373069763,0.9041666388511658
YOR355W,YMR030W,1,-6.6226883,0.09432387351989746,0.9416666626930237,0.9041666388511658
YMR097C,YOR241W,0,-6.6255875,0.09424520283937454,0.9416666626930237,0.9049999713897705
YOR380W,YHR152W,0,-6.639428,0.09416666626930237,0.9416666626930237,0.9058333039283752
YOL094C,YJR077C,0,-6.639569,0.09408825635910034,0.9416666626930237,0.9066666960716248
YOR103C,YLR138W,0,-6.6587825,0.09400998055934906,0.9416666626930237,0.9075000286102295
YOL068C,YML059C,0,-6.664162,0.09393183887004852,0.9416666626930237,0.9083333611488342
YBL017C,YCL017C,0,-6.6681423,0.09385382384061813,0.9416666626930237,0.909166693687439
YDR296W,YOR099W,0,-6.676361,0.09377593547105789,0.9416666626930237,0.9100000262260437
YGL245W,YBR168W,0,-6.6815376,0.0936981737613678,0.9416666626930237,0.9108333587646484
YKL205W,YDR329C,0,-6.6857357,0.09362054616212845,0.9416666626930237,0.9116666913032532
YGL017W,YLR382C,0,-6.6917334,0.09354304522275925,0.9416666626930237,0.9125000238418579
YDL097C,YJL019W,0,-6.695985,0.09346567094326019,0.9416666626930237,0.9133333563804626
YGR252W,YML059C,0,-6.7088404,0.09338843077421188,0.9416666626930237,0.9141666889190674
YCR012W,YOR257W,0,-6.7140646,0.09331130981445312,0.9416666626930237,0.9150000214576721
YOR355W,YML110C,1,-6.715656,0.09405940771102905,0.949999988079071,0.9150000214576721
YGL236C,YKR061W,0,-6.716535,0.09398186206817627,0.949999988079071,0.9158333539962769
YHR158C,YJL047C,0,-6.7186265,0.09390445053577423,0.949999988079071,0.9166666865348816
YDL220C,YCL017C,0,-6.7216063,0.09382715821266174,0.949999988079071,0.9175000190734863
YOR257W,YJL157C,0,-6.7228475,0.09375,0.949999988079071,0.9183333516120911
YIL026C,YHL036W,0,-6.7239885,0.0936729684472084,0.949999988079071,0.9191666841506958
YNL218W,YGL020C,0,-6.7438526,0.09359605610370636,0.949999988079071,0.9200000166893005
YPL106C,YGL084C,0,-6.7521944,0.09351927787065506,0.949999988079071,0.9208333492279053
YJR094C,YHR061C,0,-6.758159,0.09344262629747391,0.949999988079071,0.92166668176651
YFR050C,YDR346C,0,-6.766136,0.0933660939335823,0.949999988079071,0.9225000143051147
YDR221W,YPL169C,0,-6.7837963,0.09328968822956085,0.949999988079071,0.9233333468437195
YOL054W,YJL164C,0,-6.785495,0.09321340918540955,0.949999988079071,0.9241666793823242
YMR070W,YHL034C,0,-6.787033,0.09313725680112839,0.949999988079071,0.925000011920929
YHR041C,YER012W,0,-6.801296,0.09306122362613678,0.949999988079071,0.9258333444595337
YGR252W,YDL197C,0,-6.8209944,0.09298531711101532,0.949999988079071,0.9266666769981384
YJL198W,YJL063C,0,-6.8309126,0.09290953725576401,0.949999988079071,0.9275000095367432
YJR125C,YPL146C,0,-6.8363247,0.09283387660980225,0.949999988079071,0.9283333420753479
YJL165C,YGL084C,0,-6.842243,0.09275834262371063,0.949999988079071,0.9291666746139526
YJL003W,YBR085W,1,-6.85174,0.0934959352016449,0.9583333134651184,0.9291666746139526
YFL009W,YBR010W,0,-6.874972,0.09341998398303986,0.9583333134651184,0.9300000071525574
YLR380W,YJL154C,0,-6.87512,0.09334415942430496,0.9583333134651184,0.9308333396911621
YIR011C,YBL047C,0,-6.8803573,0.09326845407485962,0.9583333134651184,0.9316666722297668
YMR001C,YGR256W,0,-6.8824396,0.09319286793470383,0.9583333134651184,0.9325000047683716
YDR116C,YLR256W,1,-6.8849306,0.09392712265253067,0.9666666388511658,0.9325000047683716
YDL047W,YNL219C,0,-6.900175,0.09385113418102264,0.9666666388511658,0.9333333373069763
YCR060W,YJL141C,0,-6.903984,0.09377526491880417,0.9666666388511658,0.934166669845581
YBR234C,YML116W,0,-6.9040146,0.09369951486587524,0.9666666388511658,0.9350000023841858
YJL117W,YBR130C,0,-6.90718,0.09362389147281647,0.9666666388511658,0.9358333349227905
YIL048W,YER025W,0,-6.9123487,0.09354838728904724,0.9666666388511658,0.9366666674613953
YOL051W,YDR225W,0,-6.9173517,0.09347300231456757,0.9666666388511658,0.9375
YDL223C,YOR241W,0,-6.936632,0.09339774399995804,0.9666666388511658,0.9383333325386047
YGR183C,YBR085W,1,-6.949655,0.0941271111369133,0.9750000238418579,0.9383333325386047
YIL075C,YPL241C,0,-6.9542537,0.09405145049095154,0.9750000238418579,0.9391666650772095
YDL244W,YER146W,0,-6.9559097,0.09397590160369873,0.9750000238418579,0.9399999976158142
YCR060W,YPR140W,0,-6.959857,0.09390047937631607,0.9750000238418579,0.940833330154419
YFR034C,YGR132C,0,-6.9782343,0.09382518380880356,0.9750000238418579,0.9416666626930237
YGL208W,YOR265W,0,-6.980882,0.09375,0.9750000238418579,0.9424999952316284
YKL135C,YER126C,0,-6.985366,0.09367494285106659,0.9750000238418579,0.9433333277702332
YML012W,YCL017C,0,-6.9869657,0.09359999746084213,0.9750000238418579,0.9441666603088379
YOR355W,YMR081C,1,-6.9919996,0.09432454407215118,0.9833333492279053,0.9441666603088379
YJL091C,YLR377C,0,-6.9981985,0.09424920380115509,0.9833333492279053,0.9449999928474426
YGR221C,YMR311C,0,-7.003491,0.09417398273944855,0.9833333492279053,0.9458333253860474
YEL054C,YDR251W,0,-7.006624,0.09409888088703156,0.9833333492279053,0.9466666579246521
YJL073W,YHR001W,0,-7.00776,0.09402390569448471,0.9833333492279053,0.9474999904632568
YOR380W,YKL190W,0,-7.037116,0.09394904226064682,0.9833333492279053,0.9483333230018616
YIL016W,YGR289C,0,-7.0452933,0.09387430548667908,0.9833333492279053,0.9491666555404663
YBR162C,YGR002C,0,-7.0471916,0.09379968047142029,0.9833333492279053,0.949999988079071
YDR409W,YML094W,0,-7.054062,0.09372518211603165,0.9833333492279053,0.9508333206176758
YLR147C,YPL042C,0,-7.059399,0.09365079551935196,0.9833333492279053,0.9516666531562805
YOR362C,YOR335C,0,-7.063979,0.09357652813196182,0.9833333492279053,0.9524999856948853
YBL041W,YGL092W,0,-7.106763,0.09350237995386124,0.9833333492279053,0.95333331823349
YJL165C,YOR294W,0,-7.155118,0.0934283435344696,0.9833333492279053,0.9541666507720947
YMR054W,YFR046C,0,-7.155577,0.09335443377494812,0.9833333492279053,0.9549999833106995
YOR355W,YHR116W,1,-7.15684,0.0940711498260498,0.9916666746139526,0.9549999833106995
YOL094C,YFR053C,0,-7.159809,0.09399683773517609,0.9916666746139526,0.9558333158493042
YNL163C,YDL046W,0,-7.16481,0.09392265230417252,0.9916666746139526,0.9566666483879089
YBR129C,YFR046C,0,-7.1873026,0.0938485786318779,0.9916666746139526,0.9574999809265137
YDR440W,YKR097W,0,-7.1983128,0.09377462416887283,0.9916666746139526,0.9583333134651184
YLR016C,YJR077C,0,-7.212327,0.09370078891515732,0.9916666746139526,0.9591666460037231
YKR085C,YKR066C,0,-7.2184477,0.09362706542015076,0.9916666746139526,0.9599999785423279
YDR277C,YKL191W,0,-7.2233567,0.09355346113443375,0.9916666746139526,0.9608333110809326
YHR171W,YGL020C,0,-7.25298,0.09347996860742569,0.9916666746139526,0.9616666436195374
YGL245W,YBR009C,0,-7.267354,0.09340659528970718,0.9916666746139526,0.9624999761581421
YGL210W,YJL154C,0,-7.2779665,0.09333333373069763,0.9916666746139526,0.9633333086967468
YKL064W,YBR130C,0,-7.278968,0.09326019138097763,0.9916666746139526,0.9641666412353516
YJL008C,YLR342W,0,-7.2848415,0.09318716078996658,0.9916666746139526,0.9649999737739563
YHR021C,YER125W,0,-7.2939835,0.09311424195766449,0.9916666746139526,0.965833306312561
YIL033C,YJR031C,0,-7.3047495,0.09304144233465195,0.9916666746139526,0.9666666388511658
YAR033W,YMR070W,0,-7.323257,0.09296874701976776,0.9916666746139526,0.9674999713897705
YCR009C,YNL029C,0,-7.342105,0.09289617836475372,0.9916666746139526,0.9683333039283752
YIL051C,YJR004C,0,-7.3438754,0.09282371401786804,0.9916666746139526,0.9691666960716248
YIL035C,YDR477W,0,-7.360718,0.09275136142969131,0.9916666746139526,0.9700000286102295
YNL282W,YGR132C,0,-7.400448,0.09267912805080414,0.9916666746139526,0.9708333611488342
YOR142W,YBR085W,1,-7.440781,0.09338521212339401,1.0,0.9708333611488342
YPR154W,YBR164C,0,-7.44178,0.09331259876489639,1.0,0.971666693687439
YNL282W,YDR421W,0,-7.5058956,0.09324008971452713,1.0,0.9725000262260437
YJR059W,YNL149C,0,-7.530555,0.09316769987344742,1.0,0.9733333587646484
YNR034W,YLR074C,0,-7.583355,0.09309542179107666,1.0,0.9741666913032532
YOR239W,YNL202W,0,-7.640551,0.09302325546741486,1.0,0.9750000238418579
YER012W,YKL182W,0,-7.648661,0.092951200902462,1.0,0.9758333563804626
YML059C,YGR033C,0,-7.6812716,0.09287925809621811,1.0,0.9766666889190674
YOL061W,YGR132C,0,-7.7125225,0.09280742704868317,1.0,0.9775000214576721
YJR125C,YDR021W,0,-7.7148695,0.09273570030927658,1.0,0.9783333539962769
YER052C,YDR272W,0,-7.7154026,0.09266409277915955,1.0,0.9791666865348816
YKL129C,YBL004W,0,-7.7783527,0.09259258955717087,1.0,0.9800000190734863
YLR172C,YJR108W,0,-7.7967625,0.09252120554447174,1.0,0.9808333516120911
YLR008C,YBR103W,0,-7.8059034,0.09244992583990097,1.0,0.9816666841506958
YOR048C,YBR214W,0,-7.810703,0.09237875044345856,1.0,0.9825000166893005
YJL124C,YGR002C,0,-7.8626947,0.0923076942563057,1.0,0.9833333492279053
YHR204W,YNL015W,0,-7.881518,0.09223674237728119,1.0,0.98416668176651
YOL093W,YKL026C,0,-7.882698,0.09216590225696564,1.0,0.9850000143051147
YFL018C,YJR064W,0,-7.971086,0.09209516644477844,1.0,0.9858333468437195
YIL033C,YKL080W,0,-7.9718037,0.0920245423913002,1.0,0.9866666793823242
YHR073W,YPL128C,0,-8.002994,0.09195402264595032,1.0,0.987500011920929
YML036W,YBR006W,0,-8.051432,0.09188361465930939,1.0,0.9883333444595337
YPL128C,YDR272W,0,-8.08099,0.09181331098079681,1.0,0.9891666769981384
YKL099C,YFR053C,0,-8.148341,0.0917431190609932,1.0,0.9900000095367432
YFL018C,YLR020C,0,-8.225251,0.09167303144931793,1.0,0.9908333420753479
YLR380W,YKL150W,0,-8.2371645,0.09160305559635162,1.0,0.9916666746139526
YDL130W-A,YPR110C,0,-8.259436,0.09153318405151367,1.0,0.9925000071525574
YKL064W,YDR083W,0,-8.502705,0.09146341681480408,1.0,0.9933333396911621
YJR103W,YDR083W,0,-8.516822,0.09139375388622284,1.0,0.9941666722297668
YPL010W,YHR150W,0,-8.581799,0.09132420271635056,1.0,0.9950000047683716
YBR214W,YBL004W,0,-8.594423,0.09125475585460663,1.0,0.9958333373069763
YGL208W,YFL045C,0,-8.632385,0.09118541330099106,1.0,0.996666669845581
YDR418W,YJL141C,0,-8.691473,0.09111617505550385,1.0,0.9975000023841858
YER126C,YDR251W,0,-8.9679165,0.09104704111814499,1.0,0.9983333349227905
YFR003C,YJR002W,0,-9.407524,0.09097801148891449,1.0,0.9991666674613953
YOL010W,YJL164C,0,-9.747769,0.09090909361839294,1.0,1.0
