Gene A,Gene B,Label,Score,Precision,Recall,False Positive Rate
YLR172C,YOL039W,1,0.06890926,1.0,0.003952569328248501,0.0
YDL051W,YBR084C-A,0,0.06321168,0.5,0.003952569328248501,0.0003952569095417857
YJL033W,YDR447C,0,0.062289,0.3333333432674408,0.003952569328248501,0.0007905138190835714
YMR230W,YKL021C,0,0.015810847,0.25,0.003952569328248501,0.0011857707286253572
YHR196W,YJR123W,0,-0.010367006,0.20000000298023224,0.003952569328248501,0.0015810276381671429
YLR172C,YDL130W,1,-0.028173298,0.3333333432674408,0.007905138656497002,0.0015810276381671429
YLR249W,YOL039W,1,-0.03490272,0.4285714328289032,0.011857707053422928,0.0015810276381671429
YDL081C,YLR172C,1,-0.045043647,0.5,0.015810277312994003,0.0015810276381671429
YML026C,YGL171W,0,-0.0482381,0.4444444477558136,0.015810277312994003,0.0019762846641242504
YHR197W,YPR132W,0,-0.056198537,0.4000000059604645,0.015810277312994003,0.0023715414572507143
YLR172C,YLR340W,1,-0.072357744,0.4545454680919647,0.01976284570991993,0.0023715414572507143
YLR172C,YDR382W,1,-0.081261754,0.5,0.023715414106845856,0.0023715414572507143
YLR172C,YKL081W,1,-0.1162788,0.5384615659713745,0.02766798436641693,0.0023715414572507143
YLR172C,YDR385W,1,-0.121653944,0.5714285969734192,0.03162055462598801,0.0023715414572507143
YKL191W,YOL039W,1,-0.12650669,0.6000000238418579,0.035573121160268784,0.0023715414572507143
YDR447C,YDR361C,0,-0.15387848,0.5625,0.035573121160268784,0.002766798483207822
YML026C,YDL136W,0,-0.17691588,0.529411792755127,0.035573121160268784,0.0031620552763342857
YKL081W,YDL130W,1,-0.18464616,0.5555555820465088,0.03952569141983986,0.0031620552763342857
YLR172C,YOR133W,1,-0.18973622,0.5789473652839661,0.043478261679410934,0.0031620552763342857
YER056C-A,YOL077C,0,-0.19969255,0.550000011920929,0.043478261679410934,0.0035573123022913933
YIL103W,YOL039W,1,-0.2019054,0.5714285969734192,0.04743082821369171,0.0035573123022913933
YOL120C,YGL147C,0,-0.21991774,0.5454545617103577,0.04743082821369171,0.003952569328248501
YIL103W,YDR382W,1,-0.2332187,0.5652173757553101,0.05138339847326279,0.003952569328248501
YDR500C,YOR091W,0,-0.23850909,0.5416666865348816,0.05138339847326279,0.004347825888544321
YOL039W,YDR385W,1,-0.27266786,0.5600000023841858,0.05533596873283386,0.004347825888544321
YDL130W,YKL191W,1,-0.27932686,0.5769230723381042,0.05928853899240494,0.004347825888544321
YDL092W,YOR133W,1,-0.2868584,0.5925925970077515,0.06324110925197601,0.004347825888544321
YDL081C,YIL103W,1,-0.29272267,0.6071428656578064,0.06719367951154709,0.004347825888544321
YKL081W,YOL039W,1,-0.29724506,0.6206896305084229,0.07114624232053757,0.004347825888544321
YHR084W,YBL027W,0,-0.298331,0.6000000238418579,0.07114624232053757,0.004743082914501429
YKL081W,YLR340W,1,-0.29967424,0.6129032373428345,0.07509881258010864,0.004743082914501429
YMR012W,YNL233W,0,-0.30248016,0.59375,0.07509881258010864,0.005138339940458536
YOL039W,YJR097W,1,-0.31159648,0.6060606241226196,0.07905138283967972,0.005138339940458536
YAL003W,YDL092W,1,-0.31754214,0.6176470518112183,0.0830039530992508,0.005138339940458536
YDL092W,YDR382W,1,-0.32032388,0.6285714507102966,0.08695652335882187,0.005138339940458536
YLR249W,YDR382W,1,-0.3220777,0.6388888955116272,0.09090909361839294,0.005138339940458536
YDL081C,YKL081W,1,-0.3357113,0.6486486196517944,0.09486165642738342,0.005138339940458536
YLR340W,YIL103W,1,-0.35213578,0.6578947305679321,0.0988142266869545,0.005138339940458536
YAL003W,YOL039W,1,-0.35573032,0.6666666865348816,0.10276679694652557,0.005138339940458536
YLR172C,YAL003W,1,-0.35710207,0.675000011920929,0.10671936720609665,0.005138339940458536
YDL081C,YDL092W,1,-0.36023718,0.6829268336296082,0.11067193746566772,0.005138339940458536
YJR097W,YDR382W,1,-0.3619473,0.6904761791229248,0.1146245077252388,0.005138339940458536
YLR340W,YDL092W,1,-0.36550984,0.6976743936538696,0.11857707798480988,0.005138339940458536
YLR249W,YDL092W,1,-0.36766386,0.7045454382896423,0.12252964079380035,0.005138339940458536
YLR061W,YIL008W,0,-0.36772594,0.6888889074325562,0.12252964079380035,0.005533596966415644
YDL130W,YIL103W,1,-0.37004924,0.695652186870575,0.12648221850395203,0.005533596966415644
YDL081C,YFR009W,1,-0.37321782,0.7021276354789734,0.1304347813129425,0.005533596966415644
YDL130W,YAL003W,1,-0.3733429,0.7083333134651184,0.13438735902309418,0.005533596966415644
YKR092C,YNR051C,0,-0.38080204,0.6938775777816772,0.13438735902309418,0.005928853526711464
YLR249W,YFR009W,1,-0.38809124,0.699999988079071,0.13833992183208466,0.005928853526711464
YDL130W,YDL092W,1,-0.39210245,0.7058823704719543,0.14229248464107513,0.005928853526711464
YDL051W,YBR267W,0,-0.39566323,0.692307710647583,0.14229248464107513,0.0063241105526685715
YLR249W,YLR340W,1,-0.40809703,0.698113203048706,0.1462450623512268,0.0063241105526685715
YOR133W,YJR097W,1,-0.40817598,0.7037037014961243,0.15019762516021729,0.0063241105526685715
YDL092W,YOL039W,1,-0.40856457,0.7090908885002136,0.15415020287036896,0.0063241105526685715
YLR249W,YAL003W,1,-0.4098027,0.7142857313156128,0.15810276567935944,0.0063241105526685715
YDR165W,YBR283C,0,-0.41705385,0.7017543911933899,0.15810276567935944,0.006719367578625679
YDL130W,YLR340W,1,-0.41754168,0.7068965435028076,0.1620553433895111,0.006719367578625679
YKL191W,YDR385W,1,-0.41820854,0.7118644118309021,0.1660079061985016,0.006719367578625679
YDL081C,YLR249W,1,-0.41869,0.7166666388511658,0.16996046900749207,0.006719367578625679
YIL103W,YDR385W,1,-0.41966784,0.7213114500045776,0.17391304671764374,0.006719367578625679
YIL103W,YOR133W,1,-0.4263593,0.725806474685669,0.17786560952663422,0.006719367578625679
YMR001C,YKR094C,0,-0.42666805,0.7142857313156128,0.17786560952663422,0.0071146246045827866
YJL122W,YMR292W,0,-0.4347928,0.703125,0.17786560952663422,0.007509881630539894
YDL130W,YDR385W,1,-0.43604377,0.7076923251152039,0.1818181872367859,0.007509881630539894
YFR009W,YDR385W,1,-0.44904682,0.7121211886405945,0.18577075004577637,0.007509881630539894
YDL092W,YGL195W,1,-0.4515645,0.7164179086685181,0.18972331285476685,0.007509881630539894
YFR009W,YAL003W,1,-0.45620504,0.720588207244873,0.19367589056491852,0.007509881630539894
YLR340W,YJR097W,1,-0.457515,0.7246376872062683,0.197628453373909,0.007509881630539894
YDL081C,YGL195W,1,-0.45753306,0.7285714149475098,0.20158103108406067,0.007509881630539894
YKL081W,YAL003W,1,-0.4655654,0.7323943376541138,0.20553359389305115,0.007509881630539894
YMR233W,YOR063W,0,-0.46643052,0.7222222089767456,0.20553359389305115,0.007905138656497002
YKL191W,YDR382W,1,-0.46853825,0.7260273694992065,0.20948617160320282,0.007905138656497002
YKL081W,YIL103W,1,-0.4722524,0.7297297120094299,0.2134387344121933,0.007905138656497002
YJR118C,YLR167W,0,-0.47590274,0.7200000286102295,0.2134387344121933,0.00830039568245411
YDL130W,YJR097W,1,-0.47647724,0.7236841917037964,0.21739129722118378,0.00830039568245411
YDL081C,YJR097W,1,-0.4815887,0.7272727489471436,0.22134387493133545,0.00830039568245411
YKL191W,YAL003W,1,-0.48359194,0.7307692170143127,0.22529643774032593,0.00830039568245411
YLR249W,YKL191W,1,-0.4850607,0.7341772317886353,0.2292490154504776,0.00830039568245411
YLR340W,YAL003W,1,-0.48537874,0.737500011920929,0.23320157825946808,0.00830039568245411
YDL213C,YCL050C,0,-0.4868229,0.7283950448036194,0.23320157825946808,0.008695651777088642
YDL130W,YLR249W,1,-0.4885503,0.7317073345184326,0.23715415596961975,0.008695651777088642
YPL010W,YML024W,0,-0.48915258,0.7228915691375732,0.23715415596961975,0.00909090880304575
YBR014C,YBR058C-A,0,-0.4922922,0.7142857313156128,0.23715415596961975,0.009486165829002857
YOR320C,YBL072C,0,-0.49461928,0.7058823704719543,0.23715415596961975,0.009881422854959965
YKL125W,YJR123W,0,-0.4950983,0.6976743936538696,0.23715415596961975,0.010276679880917072
YOL144W,YMR121C,0,-0.49565485,0.6896551847457886,0.23715415596961975,0.01067193690687418
YGL195W,YDR382W,1,-0.50322974,0.6931818127632141,0.24110671877861023,0.01067193690687418
YKL081W,YDR385W,1,-0.5032333,0.6966292262077332,0.2450592815876007,0.01067193690687418
YFL022C,YKL143W,0,-0.5046294,0.6888889074325562,0.2450592815876007,0.011067193932831287
YKL212W,YPL211W,0,-0.5050976,0.6813187003135681,0.2450592815876007,0.011462450958788395
YKL081W,YLR249W,1,-0.5052732,0.6847826242446899,0.24901185929775238,0.011462450958788395
YLR167W,YJR067C,0,-0.5078459,0.6774193644523621,0.24901185929775238,0.011857707053422928
YDL130W,YOR133W,1,-0.50868034,0.6808510422706604,0.25296443700790405,0.011857707053422928
YLR249W,YIL103W,1,-0.5105593,0.6842105388641357,0.25691699981689453,0.011857707053422928
YKL081W,YDR382W,1,-0.5136535,0.6875,0.260869562625885,0.011857707053422928
YHR216W,YBR185C,0,-0.51366913,0.6804123520851135,0.260869562625885,0.012252964079380035
YDR120C,YDL184C,0,-0.51741076,0.6734693646430969,0.260869562625885,0.012648221105337143
YOL077C,YPR016C,0,-0.52048695,0.6666666865348816,0.260869562625885,0.01304347813129425
YOL039W,YOR133W,1,-0.5206362,0.6700000166893005,0.2648221254348755,0.01304347813129425
YLR172C,YLR249W,1,-0.5210823,0.6732673048973083,0.26877471804618835,0.01304347813129425
YBL071W-A,YGL195W,1,-0.5212862,0.6764705777168274,0.27272728085517883,0.01304347813129425
YKL081W,YKL191W,1,-0.5285385,0.6796116232872009,0.2766798436641693,0.01304347813129425
YFR009W,YDR382W,1,-0.52905655,0.682692289352417,0.2806324064731598,0.01304347813129425
YMR121C,YDR361C,0,-0.52919227,0.6761904954910278,0.2806324064731598,0.013438735157251358
YLR249W,YJR097W,1,-0.529863,0.6792452931404114,0.28458496928215027,0.013438735157251358
YDL081C,YOR133W,1,-0.53378737,0.6822429895401001,0.28853756189346313,0.013438735157251358
YML026C,YNR030W,0,-0.53537655,0.6759259104728699,0.28853756189346313,0.013833992183208466
YPL241C,YLR106C,0,-0.53717494,0.6697247624397278,0.28853756189346313,0.014229249209165573
YPR143W,YNL132W,0,-0.53902626,0.6636363863945007,0.28853756189346313,0.01462450623512268
YBR079C,YDR037W,0,-0.5408155,0.6576576828956604,0.28853756189346313,0.015019763261079788
YDL081C,YBL071W-A,1,-0.54090655,0.6607142686843872,0.2924901247024536,0.015019763261079788
YOR087W,YNR052C,0,-0.5459873,0.6548672318458557,0.2924901247024536,0.015415019355714321
YNL067W,YIL096C,0,-0.55064106,0.6491228342056274,0.2924901247024536,0.015810277312994003
YIL043C,YDR412W,0,-0.55064976,0.643478274345398,0.2924901247024536,0.01620553433895111
YBL071W-A,YLR340W,1,-0.552328,0.6465517282485962,0.2964426875114441,0.01620553433895111
YBR015C,YBR069C,0,-0.55552727,0.6410256624221802,0.2964426875114441,0.01660079136490822
YAL003W,YJR097W,1,-0.5567641,0.6440678238868713,0.30039525032043457,0.01660079136490822
YKL191W,YLR340W,1,-0.5642173,0.6470588445663452,0.30434781312942505,0.01660079136490822
YDL130W,YFR009W,1,-0.5642648,0.6499999761581421,0.3083004057407379,0.01660079136490822
YBR034C,YGL206C,0,-0.5644532,0.64462810754776,0.3083004057407379,0.016996046528220177
YDL081C,YKL191W,1,-0.5655074,0.6475409865379333,0.3122529685497284,0.016996046528220177
YDR075W,YKL183W,0,-0.56773436,0.642276406288147,0.3122529685497284,0.017391303554177284
YER126C,YLR215C,0,-0.56832564,0.6370967626571655,0.3122529685497284,0.017786560580134392
YLR340W,YDR385W,1,-0.57191455,0.6399999856948853,0.31620553135871887,0.017786560580134392
YHR026W,YKL024C,0,-0.5726545,0.6349206566810608,0.31620553135871887,0.0181818176060915
YDR299W,YMR011W,0,-0.5734452,0.6299212574958801,0.31620553135871887,0.018577074632048607
YLL039C,YML095C,0,-0.57515097,0.625,0.31620553135871887,0.018972331658005714
YGL249W,YGL229C,0,-0.5770155,0.6201550364494324,0.31620553135871887,0.019367588683962822
YHR024C,YGR181W,0,-0.5770557,0.6153846383094788,0.31620553135871887,0.01976284570991993
YOL127W,YDR037W,0,-0.57822657,0.6106870174407959,0.31620553135871887,0.020158102735877037
YKL081W,YDL092W,1,-0.57907486,0.6136363744735718,0.32015809416770935,0.020158102735877037
YPR188C,YER102W,0,-0.5850822,0.6090225577354431,0.32015809416770935,0.020553359761834145
YAL023C,YDR302W,0,-0.5870811,0.60447758436203,0.32015809416770935,0.020948616787791252
YDL081C,YAL003W,1,-0.58828807,0.6074073910713196,0.3241106867790222,0.020948616787791252
YNR040W,YAL034W-A,0,-0.5950109,0.6029411554336548,0.3241106867790222,0.02134387381374836
YDR545W,YBR106W,0,-0.59550786,0.5985401272773743,0.3241106867790222,0.021739130839705467
YBL071W-A,YOR133W,1,-0.59969544,0.6014492511749268,0.3280632495880127,0.021739130839705467
YHR202W,YGL229C,0,-0.60173476,0.597122311592102,0.3280632495880127,0.022134387865662575
YDL092W,YDR385W,1,-0.6039337,0.6000000238418579,0.3320158123970032,0.022134387865662575
YMR080C,YDR158W,0,-0.60737157,0.5957446694374084,0.3320158123970032,0.022529644891619682
YOL029C,YNL069C,0,-0.6082631,0.591549277305603,0.3320158123970032,0.02292490191757679
YFR009W,YOL039W,1,-0.6105479,0.5944055914878845,0.33596837520599365,0.02292490191757679
YDR302W,YPR112C,0,-0.61339,0.5902777910232544,0.33596837520599365,0.023320158943533897
YOR143C,YBR162C,0,-0.6143099,0.5862069129943848,0.33596837520599365,0.023715414106845856
YBL071W-A,YDL130W,1,-0.6156466,0.5890411138534546,0.33992093801498413,0.023715414106845856
YLR172C,YGL195W,1,-0.6171079,0.5918367505073547,0.343873530626297,0.023715414106845856
YDL130W,YOL039W,1,-0.61795914,0.5945945978164673,0.3478260934352875,0.023715414106845856
YJR064W,YHR072W-A,0,-0.6225368,0.5906040072441101,0.3478260934352875,0.024110671132802963
YPL206C,YOR227W,0,-0.6248306,0.5866666436195374,0.3478260934352875,0.02450592815876007
YLR340W,YFR009W,1,-0.6262375,0.5894039869308472,0.35177865624427795,0.02450592815876007
YGR287C,YJL056C,0,-0.6276375,0.5855262875556946,0.35177865624427795,0.02490118518471718
YEL050C,YIR021W,0,-0.6291815,0.5816993713378906,0.35177865624427795,0.025296442210674286
YOR386W,YER051W,0,-0.6308323,0.5779221057891846,0.35177865624427795,0.025691699236631393
YJR097W,YDR385W,1,-0.63381046,0.5806451439857483,0.35573121905326843,0.025691699236631393
YKL081W,YGL195W,1,-0.6340481,0.5833333134651184,0.3596837818622589,0.025691699236631393
YML118W,YMR251W-A,0,-0.6358627,0.5796178579330444,0.3596837818622589,0.0260869562625885
YMR183C,YDR324C,0,-0.63589823,0.5759493708610535,0.3596837818622589,0.02648221328854561
YBL071W-A,YPL048W,1,-0.6369977,0.5786163806915283,0.3636363744735718,0.02648221328854561
YGL137W,YJR015W,0,-0.63748956,0.574999988079071,0.3636363744735718,0.026877470314502716
YBR280C,YJL048C,0,-0.63782024,0.5714285969734192,0.3636363744735718,0.027272727340459824
YBL006C,YER126C,0,-0.64128953,0.5679012537002563,0.3636363744735718,0.02766798436641693
YOR210W,YLR212C,0,-0.6427469,0.5644171833992004,0.3636363744735718,0.02806324139237404
YHR107C,YGR192C,0,-0.64303035,0.5609756112098694,0.3636363744735718,0.028458498418331146
YBL071W-A,YLR249W,1,-0.6435107,0.5636363625526428,0.36758893728256226,0.028458498418331146
YGL195W,YOR133W,1,-0.6448022,0.5662650465965271,0.37154150009155273,0.028458498418331146
YDR210W,YCR088W,0,-0.6450876,0.5628742575645447,0.37154150009155273,0.028853755444288254
YBR288C,YBR034C,0,-0.6461731,0.5595238208770752,0.37154150009155273,0.02924901247024536
YDR440W,YDR158W,0,-0.6489035,0.5562130212783813,0.37154150009155273,0.02964426949620247
YDR268W,YPL118W,0,-0.6491215,0.5529412031173706,0.37154150009155273,0.030039526522159576
YNL213C,YAL023C,0,-0.64929706,0.5497075915336609,0.37154150009155273,0.030434781685471535
YDL130W,YGL195W,1,-0.6502077,0.5523256063461304,0.3754940629005432,0.030434781685471535
YBL071W-A,YDR382W,1,-0.65096116,0.5549132823944092,0.3794466257095337,0.030434781685471535
YPL170W,YLL016W,0,-0.6512054,0.5517241358757019,0.3794466257095337,0.030830038711428642
YAL003W,YOR133W,1,-0.6523299,0.5542857050895691,0.38339921832084656,0.030830038711428642
YLR069C,YOR133W,1,-0.6528313,0.5568181872367859,0.38735178112983704,0.030830038711428642
YER031C,YBR267W,0,-0.6530273,0.5536723136901855,0.38735178112983704,0.03122529573738575
YAL059W,YGL043W,0,-0.6534215,0.550561785697937,0.38735178112983704,0.03162055462598801
YKL081W,YFR009W,1,-0.65356636,0.5530726313591003,0.3913043439388275,0.03162055462598801
YOL006C,YDR025W,0,-0.6556027,0.550000011920929,0.3913043439388275,0.032015811651945114
YLR340W,YGL195W,1,-0.65602565,0.5524861812591553,0.395256906747818,0.032015811651945114
YLR384C,YER089C,0,-0.6568184,0.5494505763053894,0.395256906747818,0.03241106867790222
YDL082W,YIL049W,0,-0.66175556,0.5464481115341187,0.395256906747818,0.03280632570385933
YLR069C,YDR385W,1,-0.6621264,0.5489130616188049,0.39920949935913086,0.03280632570385933
YKL081W,YOR133W,1,-0.6671236,0.5513513684272766,0.40316206216812134,0.03280632570385933
YLR150W,YNL069C,0,-0.6674249,0.5483871102333069,0.40316206216812134,0.03320158272981644
YBR122C,YCL054W,0,-0.6681538,0.5454545617103577,0.40316206216812134,0.033596839755773544
YJL091C,YNL064C,0,-0.66881675,0.542553186416626,0.40316206216812134,0.03399209305644035
YJL181W,YLR048W,0,-0.66933495,0.5396825671195984,0.40316206216812134,0.03438735008239746
YML055W,YML094W,0,-0.6699152,0.5368421077728271,0.40316206216812134,0.03478260710835457
YKL081W,YJR097W,1,-0.6712246,0.5392670035362244,0.4071146249771118,0.03478260710835457
YLR249W,YLR069C,1,-0.672681,0.5416666865348816,0.4110671877861023,0.03478260710835457
YDL058W,YOR079C,0,-0.6731478,0.5388600826263428,0.4110671877861023,0.035177864134311676
YLR372W,YGR158C,0,-0.67375255,0.5360824465751648,0.4110671877861023,0.035573121160268784
YNL023C,YDR170W-A,0,-0.6755235,0.5333333611488342,0.4110671877861023,0.03596837818622589
YDL081C,YDR385W,1,-0.6763936,0.5357142686843872,0.4150197505950928,0.03596837818622589
YAL003W,YDR385W,1,-0.6768178,0.5380710363388062,0.41897234320640564,0.03596837818622589
YBR131W,YEL077C,0,-0.67771566,0.5353535413742065,0.41897234320640564,0.036363635212183
YLR172C,YBL071W-A,1,-0.6779672,0.5376884341239929,0.4229249060153961,0.036363635212183
YDR384C,YJR056C,0,-0.6786952,0.5350000262260437,0.4229249060153961,0.036758892238140106
YJL136C,YPL037C,0,-0.6798786,0.5323383212089539,0.4229249060153961,0.037154149264097214
YGR001C,YDR317W,0,-0.67994916,0.5297029614448547,0.4229249060153961,0.03754940629005432
YEL051W,YLR378C,0,-0.6801888,0.5270935893058777,0.4229249060153961,0.03794466331601143
YGL043W,YPR047W,0,-0.68050027,0.5245097875595093,0.4229249060153961,0.038339920341968536
YFR050C,YKL209C,0,-0.68313277,0.5219511985778809,0.4229249060153961,0.038735177367925644
YBL071W-A,YDR385W,1,-0.68530464,0.5242718458175659,0.4268774688243866,0.038735177367925644
YMR226C,YLL005C,0,-0.68617773,0.52173912525177,0.4268774688243866,0.03913043439388275
YLR327C,YLR001C,0,-0.6871376,0.5192307829856873,0.4268774688243866,0.03952569141983986
YBR045C,YHR112C,0,-0.6880095,0.5167464017868042,0.4268774688243866,0.03992094844579697
YLR172C,YDL092W,1,-0.6891353,0.5190476179122925,0.4308300316333771,0.03992094844579697
YHL025W,YDR018C,0,-0.6898184,0.5165876746177673,0.4308300316333771,0.040316205471754074
YGR260W,YKR078W,0,-0.69041777,0.5141509175300598,0.4308300316333771,0.04071146249771118
YGL195W,YDR385W,1,-0.69060624,0.5164319276809692,0.43478259444236755,0.04071146249771118
YOR096W,YDR025W,0,-0.69080997,0.514018714427948,0.43478259444236755,0.04110671952366829
YOR240W,YNL039W,0,-0.6940651,0.5116279125213623,0.43478259444236755,0.0415019765496254
YAL003W,YIL103W,1,-0.6941842,0.5138888955116272,0.4387351870536804,0.0415019765496254
YPL048W,YDR385W,1,-0.694543,0.5161290168762207,0.4426877498626709,0.0415019765496254
YNR026C,YDL082W,0,-0.6954472,0.5137614607810974,0.4426877498626709,0.041897233575582504
YBR205W,YLR154W-C,0,-0.69725704,0.5114155411720276,0.4426877498626709,0.04229249060153961
YER131W,YDR468C,0,-0.69730103,0.5090909004211426,0.4426877498626709,0.04268774762749672
YEL017C-A,YCR070W,0,-0.6980406,0.5067873597145081,0.4426877498626709,0.04308300465345383
YGL048C,YDL018C,0,-0.698228,0.5045045018196106,0.4426877498626709,0.043478261679410934
YDR338C,YOR228C,0,-0.69929695,0.5022421479225159,0.4426877498626709,0.04387351870536804
YOL039W,YDR382W,1,-0.6993847,0.5044642686843872,0.4466403126716614,0.04387351870536804
YFR009W,YOR133W,1,-0.69939244,0.5066666603088379,0.45059287548065186,0.04387351870536804
YER126C,YCR086W,0,-0.70144117,0.5044247508049011,0.45059287548065186,0.04426877573132515
YJL018W,YHR067W,0,-0.7046505,0.5022026300430298,0.45059287548065186,0.04466403275728226
YOR236W,YLR337W,0,-0.70627177,0.5,0.45059287548065186,0.045059289783239365
YGR030C,YMR131C,0,-0.70645046,0.4978165924549103,0.45059287548065186,0.04545454680919647
YNL054W-B,YHR185C,0,-0.7064538,0.4956521689891815,0.45059287548065186,0.04584980383515358
YPR105C,YNL054W-B,0,-0.70646906,0.4935064911842346,0.45059287548065186,0.04624506086111069
YPR158C-D,YFL061W,0,-0.70655763,0.4913793206214905,0.45059287548065186,0.046640317887067795
YOR092W,YPL257W-A,0,-0.70659006,0.4892703890800476,0.45059287548065186,0.0470355749130249
YER073W,YAR044W,0,-0.7067542,0.4871794879436493,0.45059287548065186,0.04743082821369171
YNL054W-B,YLR189C,0,-0.7067578,0.48510637879371643,0.45059287548065186,0.04782608523964882
YGR161C-D,YBR008C,0,-0.70709443,0.4830508530139923,0.45059287548065186,0.048221342265605927
YDL072C,YDR034C-C,0,-0.7072252,0.4810126721858978,0.45059287548065186,0.048616599291563034
YAL003W,YGL195W,1,-0.70737374,0.4831932783126831,0.4545454680919647,0.048616599291563034
YDR098C-B,YHR191C,0,-0.7074269,0.48117154836654663,0.4545454680919647,0.04901185631752014
YOR343C-B,YMR164C,0,-0.70744896,0.4791666567325592,0.4545454680919647,0.04940711334347725
YHR214W-G,YBR022W,0,-0.70744896,0.4771784245967865,0.4545454680919647,0.04980237036943436
YNL024C-A,YLL042C,0,-0.70744896,0.4752066135406494,0.4545454680919647,0.050197627395391464
YER053C-A,YMR237W,0,-0.70744896,0.47325101494789124,0.4545454680919647,0.05059288442134857
YDR210W-C,YHR136C,0,-0.70744896,0.4713114798069,0.4545454680919647,0.05098814144730568
YHL009W-A,YNL286W,0,-0.70744896,0.4693877696990967,0.4545454680919647,0.05138339847326279
YJL133C-A,YDR320C,0,-0.70744896,0.4674796760082245,0.4545454680919647,0.051778655499219894
YOR343C-A,YDL143W,0,-0.70744896,0.4655870497226715,0.4545454680919647,0.052173912525177
YGR027W-B,YKR095W-A,0,-0.70744896,0.46370968222618103,0.4545454680919647,0.05256916955113411
YGL258W-A,YJR076C,0,-0.70744896,0.4618473947048187,0.4545454680919647,0.05296442657709122
YDR307W,YER074W-A,0,-0.70744896,0.46000000834465027,0.4545454680919647,0.053359683603048325
YHR146W,YLR157C-A,0,-0.70744896,0.45816734433174133,0.4545454680919647,0.05375494062900543
YER159C-A,YNL055C,0,-0.70744896,0.4563491940498352,0.4545454680919647,0.05415019765496254
YBR089C-A,YAR070W-A,0,-0.70744896,0.4545454680919647,0.4545454680919647,0.05454545468091965
YPL254W,YER053C-A,0,-0.70744896,0.4527558982372284,0.4545454680919647,0.054940711706876755
YLR363C,YHL009W-A,0,-0.70744896,0.45098039507865906,0.4545454680919647,0.05533596873283386
YOR063W,YDR210W-D,0,-0.70744896,0.44921875,0.4545454680919647,0.05573122575879097
YBL101W-A,YML133C,0,-0.70744896,0.4474708139896393,0.4545454680919647,0.05612648278474808
YDR034C-D,YNL257C,0,-0.70744896,0.44573643803596497,0.4545454680919647,0.056521739810705185
YER053C-A,YLR347C,0,-0.70744896,0.4440154433250427,0.4545454680919647,0.05691699683666229
YOR343C-A,YNL254C,0,-0.70744896,0.4423076808452606,0.4545454680919647,0.0573122538626194
YDR210W-C,YHL006C,0,-0.70744896,0.4406130313873291,0.4545454680919647,0.05770751088857651
YPL132W,YOR343C-A,0,-0.70744896,0.43893128633499146,0.4545454680919647,0.058102767914533615
YBL008W-A,YML085C,0,-0.70744896,0.4372623562812805,0.4545454680919647,0.05849802494049072
YLR119W,YOR343C-A,0,-0.70744896,0.43560606241226196,0.4545454680919647,0.05889328196644783
YNL054W-A,YAL047C,0,-0.70763457,0.43396225571632385,0.4545454680919647,0.05928853899240494
YDR385W,YDR382W,1,-0.7079811,0.43609023094177246,0.4584980309009552,0.05928853899240494
YGR161C-C,YFR027W,0,-0.7080865,0.4344569146633148,0.4584980309009552,0.059683796018362045
YDR034C-D,YOL084W,0,-0.70814824,0.43283581733703613,0.4584980309009552,0.06007905304431915
YLR340W,YOR133W,1,-0.7083552,0.4349442422389984,0.4624505937099457,0.06007905304431915
YGR109W-A,YDL114W,0,-0.7084428,0.4333333373069763,0.4624505937099457,0.06047431007027626
YDR261C-C,YPL209C,0,-0.70853806,0.4317343235015869,0.4624505937099457,0.06086956337094307
YPL257W-A,YML118W,0,-0.7089921,0.43014705181121826,0.4624505937099457,0.06126482039690018
YNL054W-A,YBR267W,0,-0.70909846,0.4285714328289032,0.4624505937099457,0.061660077422857285
YGR200C,YNL054W-B,0,-0.70992565,0.4270072877407074,0.4624505937099457,0.06205533444881439
YGR038C-B,YJL019W,0,-0.71037483,0.4254545569419861,0.4624505937099457,0.0624505914747715
YGR027W-B,YML111W,0,-0.7108885,0.42391303181648254,0.4624505937099457,0.06284584850072861
YDR098C-A,YDL080C,0,-0.7111505,0.4223826825618744,0.4624505937099457,0.06324110925197601
YIL087C,YDR210W-B,0,-0.71140873,0.4208633005619049,0.4624505937099457,0.06363636255264282
YJR088C,YCL027C-A,0,-0.7117288,0.4193548262119293,0.4624505937099457,0.06403162330389023
YPR158C-D,YGL251C,0,-0.71208537,0.4178571403026581,0.4624505937099457,0.06442687660455704
YER073W,YLR157C-B,0,-0.7121321,0.41637009382247925,0.4624505937099457,0.06482213735580444
YDL051W,YGL155W,0,-0.7127925,0.41489362716674805,0.4624505937099457,0.06521739065647125
YAL059W,YPL158C,0,-0.7138572,0.41342756152153015,0.4624505937099457,0.06561265140771866
YPL089C,YDR210W-B,0,-0.71408796,0.4119718372821808,0.4624505937099457,0.06600790470838547
YDR034C-D,YKR010C,0,-0.7141162,0.410526305437088,0.4624505937099457,0.06640316545963287
YMR142C,YHL004W,0,-0.71434295,0.40909090638160706,0.4624505937099457,0.06679841876029968
YNL161W,YPR137C-B,0,-0.714926,0.407665491104126,0.4624505937099457,0.06719367951154709
YPR158W-B,YKR030W,0,-0.7158046,0.40625,0.4624505937099457,0.0675889328122139
YDR165W,YDR316W-B,0,-0.71648395,0.4048442840576172,0.4624505937099457,0.0679841861128807
YBL060W,YGR161C-D,0,-0.71692824,0.40344828367233276,0.4624505937099457,0.06837944686412811
YOL133W,YOR192C-B,0,-0.7184782,0.4020618498325348,0.4624505937099457,0.06877470016479492
YMR232W,YPR137C-B,0,-0.71930385,0.4006849229335785,0.4624505937099457,0.06916996091604233
YOR343W-A,YCR096C,0,-0.7194271,0.3993174135684967,0.4624505937099457,0.06956521421670914
YER001W,YCR053W,0,-0.7197726,0.3979591727256775,0.4624505937099457,0.06996047496795654
YNL264C,YPR065W,0,-0.7204089,0.39661017060279846,0.4624505937099457,0.07035572826862335
YPL123C,YGL128C,0,-0.72060573,0.3952702581882477,0.4624505937099457,0.07075098901987076
YLR340W,YLR069C,1,-0.7207513,0.3973063826560974,0.46640315651893616,0.07075098901987076
YGL195W,YOL039W,1,-0.7207571,0.3993288576602936,0.47035571932792664,0.07075098901987076
YNL054W-B,YDL164C,0,-0.7210431,0.3979932963848114,0.47035571932792664,0.07114624232053757
YOL156W,YPL257W-A,0,-0.72180796,0.39666667580604553,0.47035571932792664,0.07154150307178497
YBL071W-A,YJR097W,1,-0.72200894,0.39867109060287476,0.4743083119392395,0.07154150307178497
YJR046W,YHL021C,0,-0.7227864,0.3973509967327118,0.4743083119392395,0.07193675637245178
YGR038C-A,YDL005C,0,-0.7234783,0.39603960514068604,0.4743083119392395,0.07233201712369919
YHR098C,YOL020W,0,-0.72368467,0.3947368562221527,0.4743083119392395,0.072727270424366
YDL081C,YOL039W,1,-0.725126,0.3967213034629822,0.47826087474823,0.072727270424366
YPL048W,YKL191W,1,-0.7255862,0.3986928164958954,0.48221343755722046,0.072727270424366
YIL018W,YFR024C,0,-0.7259972,0.3973941504955292,0.48221343755722046,0.0731225311756134
YHR214C-C,YGL219C,0,-0.7262162,0.3961038887500763,0.48221343755722046,0.07351778447628021
YBL054W,YDR210W-A,0,-0.726455,0.39482200145721436,0.48221343755722046,0.07391304522752762
YAL014C,YBR291C,0,-0.7266679,0.3935483992099762,0.48221343755722046,0.07430829852819443
YCR047C,YBR267W,0,-0.72741497,0.39228296279907227,0.48221343755722046,0.07470355927944183
YDR482C,YDR034C-C,0,-0.7281058,0.3910256326198578,0.48221343755722046,0.07509881258010864
YBR068C,YLR426W,0,-0.72944283,0.389776349067688,0.48221343755722046,0.07549407333135605
YOR262W,YML063W,0,-0.72998786,0.3885350227355957,0.48221343755722046,0.07588932663202286
YGR256W,YDR316W-B,0,-0.73086274,0.38730159401893616,0.48221343755722046,0.07628458738327026
YNL054W-B,YIL007C,0,-0.731249,0.3860759437084198,0.48221343755722046,0.07667984068393707
YDR003W,YMR051C,0,-0.7316146,0.38485804200172424,0.48221343755722046,0.07707510143518448
YPL234C,YGR027W-A,0,-0.73310435,0.3836477994918823,0.48221343755722046,0.07747035473585129
YGR161W-A,YBR088C,0,-0.7334753,0.3824451267719269,0.48221343755722046,0.0778656154870987
YMR242C,YNL099C,0,-0.7339257,0.3812499940395355,0.48221343755722046,0.0782608687877655
YKL191W,YFR009W,1,-0.7346864,0.38317757844924927,0.48616600036621094,0.0782608687877655
YPL234C,YNL280C,0,-0.73627853,0.3819875717163086,0.48616600036621094,0.07865612953901291
YPL257W-A,YGL123W,0,-0.7367612,0.38080495595932007,0.48616600036621094,0.07905138283967972
YHR033W,YNL329C,0,-0.7373884,0.37962964177131653,0.48616600036621094,0.07944664359092712
YPR158C-D,YEL005C,0,-0.73815894,0.3784615397453308,0.48616600036621094,0.07984189689159393
YDR189W,YDR210W-B,0,-0.7390958,0.3773006200790405,0.48616600036621094,0.08023715764284134
YPR036W,YJL076W,0,-0.7399335,0.3761467933654785,0.48616600036621094,0.08063241094350815
YIL009W,YCL050C,0,-0.7403363,0.375,0.48616600036621094,0.08102767169475555
YFR015C,YJR091C,0,-0.7403524,0.3738601803779602,0.48616600036621094,0.08142292499542236
YLR102C,YPR148C,0,-0.7404574,0.37272727489471436,0.48616600036621094,0.08181817829608917
YFL018W-A,YKL018W,0,-0.74143624,0.3716011941432953,0.48616600036621094,0.08221343904733658
YBL071W-A,YOL039W,1,-0.7415817,0.3734939694404602,0.4901185631752014,0.08221343904733658
YER099C,YGR106C,0,-0.74276876,0.3723723590373993,0.4901185631752014,0.08260869234800339
YMR244C-A,YMR167W,0,-0.7430359,0.371257483959198,0.4901185631752014,0.0830039530992508
YLR367W,YPL068C,0,-0.7432654,0.37014925479888916,0.4901185631752014,0.0833992063999176
YBR212W,YJR126C,0,-0.74386847,0.369047611951828,0.4901185631752014,0.08379446715116501
YLR069C,YDL092W,1,-0.7454009,0.3709198832511902,0.4940711557865143,0.08379446715116501
YPL048W,YDL092W,1,-0.74601877,0.37278106808662415,0.49802371859550476,0.08379446715116501
YGL189C,YPR101W,0,-0.746341,0.37168142199516296,0.49802371859550476,0.08418972045183182
YJL221C,YHR138C,0,-0.74676216,0.3705882430076599,0.49802371859550476,0.08458498120307922
YGL129C,YOR096W,0,-0.74793327,0.3695014715194702,0.49802371859550476,0.08498023450374603
YAL015C,YOR374W,0,-0.749676,0.3684210479259491,0.49802371859550476,0.08537549525499344
YHR016C,YDR541C,0,-0.75191617,0.36734694242477417,0.49802371859550476,0.08577074855566025
YBL071W-A,YFR009W,1,-0.7529062,0.36918604373931885,0.5019763112068176,0.08577074855566025
YHR032W,YNL103W,0,-0.7530472,0.36811593174934387,0.5019763112068176,0.08616600930690765
YDR041W,YIL052C,0,-0.7538347,0.36705201864242554,0.5019763112068176,0.08656126260757446
YLR249W,YDR385W,1,-0.7541975,0.36887606978416443,0.5059288740158081,0.08656126260757446
YPL048W,YNL063W,1,-0.75542104,0.37068966031074524,0.5098814368247986,0.08656126260757446
YER045C,YNL071W,0,-0.75665975,0.3696275055408478,0.5098814368247986,0.08695652335882187
YJL167W,YMR217W,0,-0.7570044,0.3685714304447174,0.5098814368247986,0.08735177665948868
YEL065W,YER089C,0,-0.75783074,0.36752137541770935,0.5098814368247986,0.08774703741073608
YDR540C,YKR075C,0,-0.7580534,0.36647728085517883,0.5098814368247986,0.0881422907114029
YGL070C,YER082C,0,-0.7611991,0.3654390871524811,0.5098814368247986,0.0885375514626503
YDL081C,YDL130W,1,-0.76152,0.3672316372394562,0.5138339996337891,0.0885375514626503
YHR079C-B,YOR173W,0,-0.76162004,0.3661971688270569,0.5138339996337891,0.08893280476331711
YBL071W-A,YAL003W,1,-0.76163566,0.3679775297641754,0.5177865624427795,0.08893280476331711
YCR027C,YHR005C,0,-0.76317096,0.3669467866420746,0.5177865624427795,0.08932806551456451
YML111W,YHL033C,0,-0.7635499,0.3659217953681946,0.5177865624427795,0.08972331881523132
YMR017W,YHR140W,0,-0.76460373,0.3649024963378906,0.5177865624427795,0.09011857956647873
YFL035C-A,YPL046C,0,-0.7649722,0.3638888895511627,0.5177865624427795,0.09051383286714554
YOR133W,YDR382W,1,-0.7653974,0.3656509816646576,0.52173912525177,0.09051383286714554
YJR029W,YGL035C,0,-0.76600707,0.36464089155197144,0.52173912525177,0.09090909361839294
YGR240C,YDR343C,0,-0.76658785,0.3636363744735718,0.52173912525177,0.09130434691905975
YMR262W,YHR018C,0,-0.76869917,0.36263737082481384,0.52173912525177,0.09169960767030716
YML087C,YCR094W,0,-0.7687174,0.36164382100105286,0.52173912525177,0.09209486097097397
YOR125C,YDR267C,0,-0.769925,0.3606557250022888,0.52173912525177,0.09249012172222137
YGL147C,YGL079W,0,-0.7711623,0.35967302322387695,0.52173912525177,0.09288537502288818
YDL134C-A,YLR207W,0,-0.77240884,0.3586956560611725,0.52173912525177,0.09328063577413559
YDR338C,YDR358W,0,-0.77285635,0.35772356390953064,0.52173912525177,0.0936758890748024
YDR033W,YMR118C,0,-0.7748662,0.3567567467689514,0.52173912525177,0.0940711498260498
YAL003W,YDR382W,1,-0.77808774,0.35849055647850037,0.5256916880607605,0.0940711498260498
YHL047C,YPL171C,0,-0.77890205,0.35752686858177185,0.5256916880607605,0.09446640312671661
YIL144W,YER044C,0,-0.77928925,0.3565683662891388,0.5256916880607605,0.09486165642738342
YCR031C,YKL196C,0,-0.78136444,0.35561496019363403,0.5256916880607605,0.09525691717863083
YDL144C,YHR184W,0,-0.7819078,0.35466668009757996,0.5256916880607605,0.09565217047929764
YDR091C,YDR393W,0,-0.78219986,0.353723406791687,0.5256916880607605,0.09604743123054504
YMR195W,YDL124W,0,-0.78281355,0.3527851402759552,0.5256916880607605,0.09644268453121185
YGR211W,YJR059W,0,-0.7842274,0.35185185074806213,0.5256916880607605,0.09683794528245926
YER099C,YHR140W,0,-0.7854179,0.35092347860336304,0.5256916880607605,0.09723319858312607
YGR091W,YNL180C,0,-0.78556275,0.3499999940395355,0.5256916880607605,0.09762845933437347
YBL031W,YEL054C,0,-0.78673756,0.3490813672542572,0.5256916880607605,0.09802371263504028
YER160C,YJL025W,0,-0.78686607,0.3481675386428833,0.5256916880607605,0.09841897338628769
YHR201C,YOR272W,0,-0.7869458,0.34725847840309143,0.5256916880607605,0.0988142266869545
YLR249W,YOR133W,1,-0.7874329,0.3489583432674408,0.529644250869751,0.0988142266869545
YDL130W,YLR069C,1,-0.7875985,0.350649356842041,0.5335968136787415,0.0988142266869545
YOR117W,YPL162C,0,-0.7899072,0.3497409224510193,0.5335968136787415,0.0992094874382019
YLR435W,YGL173C,0,-0.79035544,0.3488371968269348,0.5335968136787415,0.09960474073886871
YJL216C,YOL119C,0,-0.790488,0.3479381501674652,0.5335968136787415,0.10000000149011612
YLR070C,YDR039C,0,-0.7912055,0.3470436930656433,0.5335968136787415,0.10039525479078293
YFL062W,YJL056C,0,-0.7913084,0.3461538553237915,0.5335968136787415,0.10079051554203033
YHR201C,YGL173C,0,-0.7935133,0.3452685475349426,0.5335968136787415,0.10118576884269714
YAL014C,YJL159W,0,-0.7948005,0.3443877696990967,0.5335968136787415,0.10158102959394455
YGR106C,YML018C,0,-0.79544115,0.3435114622116089,0.5335968136787415,0.10197628289461136
YKR090W,YER054C,0,-0.79627657,0.34263959527015686,0.5335968136787415,0.10237154364585876
YFR009W,YIL103W,1,-0.7963854,0.34430378675460815,0.5375494360923767,0.10237154364585876
YBR160W,YBR012W-B,0,-0.79690635,0.34343433380126953,0.5375494360923767,0.10276679694652557
YBL071W-A,YLR069C,1,-0.79752254,0.3450881540775299,0.5415019989013672,0.10276679694652557
YPR181C,YBL036C,0,-0.79763985,0.3442211151123047,0.5415019989013672,0.10316205769777298
YML133C,YGL219C,0,-0.7979206,0.3433583974838257,0.5415019989013672,0.10355731099843979
YCR092C,YKL199C,0,-0.79835176,0.3425000011920929,0.5415019989013672,0.1039525717496872
YKL081W,YLR069C,1,-0.798674,0.3441396653652191,0.5454545617103577,0.1039525717496872
YJL021C,YOR075W,0,-0.799286,0.34328359365463257,0.5454545617103577,0.104347825050354
YGL038C,YER184C,0,-0.79996717,0.3424317538738251,0.5454545617103577,0.10474308580160141
YNR037C,YKL155C,0,-0.80073166,0.34158414602279663,0.5454545617103577,0.10513833910226822
YLR069C,YAL003W,1,-0.8011261,0.3432098627090454,0.5494071245193481,0.10513833910226822
YCR035C,YNL064C,0,-0.80197215,0.34236451983451843,0.5494071245193481,0.10553359985351562
YBR241C,YDR480W,0,-0.8025634,0.34152334928512573,0.5494071245193481,0.10592885315418243
YLR109W,YML082W,0,-0.8029052,0.34068626165390015,0.5494071245193481,0.10632411390542984
YDR023W,YDR121W,0,-0.8029212,0.33985328674316406,0.5494071245193481,0.10671936720609665
YCR097W,YDR387C,0,-0.80399334,0.3390243947505951,0.5494071245193481,0.10711462795734406
YPL118W,YDR025W,0,-0.8040482,0.33819952607154846,0.5494071245193481,0.10750988125801086
YNR040W,YPR019W,0,-0.80468,0.3373786509037018,0.5494071245193481,0.10790514200925827
YLR102C,YBL100W-B,0,-0.80530155,0.33656173944473267,0.5494071245193481,0.10830039530992508
YAL030W,YCR037C,0,-0.80600286,0.3357487916946411,0.5494071245193481,0.10869564861059189
YKL191W,YDL092W,1,-0.8060821,0.33734938502311707,0.5533596873283386,0.10869564861059189
YLR119W,YHR210C,0,-0.80634046,0.3365384638309479,0.5533596873283386,0.1090909093618393
YDL081C,YLR069C,1,-0.80668545,0.3381294906139374,0.5573122501373291,0.1090909093618393
YHR033W,YML133C,0,-0.8072338,0.33732056617736816,0.5573122501373291,0.1094861626625061
YLR178C,YOR088W,0,-0.8081639,0.33651551604270935,0.5573122501373291,0.10988142341375351
YKL088W,YBL064C,0,-0.8098668,0.33571428060531616,0.5573122501373291,0.11027667671442032
YPL148C,YML088W,0,-0.8102058,0.3349168598651886,0.5573122501373291,0.11067193746566772
YGR125W,YML012W,0,-0.8102144,0.3341232240200043,0.5573122501373291,0.11106719076633453
YFL035C-A,YGL128C,0,-0.8103535,0.3333333432674408,0.5573122501373291,0.11146245151758194
YML033W,YDR231C,0,-0.8105123,0.3325471580028534,0.5573122501373291,0.11185770481824875
YCL062W,YDR043C,0,-0.81075144,0.33176469802856445,0.5573122501373291,0.11225296556949615
YDR023W,YJR015W,0,-0.81133175,0.3309859037399292,0.5573122501373291,0.11264821887016296
YFR009W,YDL092W,1,-0.8121991,0.3325527012348175,0.5612648129463196,0.11264821887016296
YHR044C,YKR078W,0,-0.8127358,0.3317756950855255,0.5612648129463196,0.11304347962141037
YNR061C,YGR062C,0,-0.8134382,0.3310023248195648,0.5612648129463196,0.11343873292207718
YKL191W,YOR133W,1,-0.81372845,0.33255812525749207,0.5652173757553101,0.11343873292207718
YIL043C,YLR409C,0,-0.81411946,0.33178654313087463,0.5652173757553101,0.11383399367332458
YMR226C,YDR009W,0,-0.81447256,0.33101850748062134,0.5652173757553101,0.1142292469739914
YJR041C,YNL287W,0,-0.81643605,0.33025404810905457,0.5652173757553101,0.1146245077252388
YPR052C,YBL100W-B,0,-0.81757057,0.32949307560920715,0.5652173757553101,0.11501976102590561
YBL071W-A,YKL191W,1,-0.81786263,0.33103448152542114,0.5691699385643005,0.11501976102590561
YLR158C,YOR197W,0,-0.8197442,0.3302752375602722,0.5691699385643005,0.11541502177715302
YOR278W,YOL092W,0,-0.81996167,0.32951945066452026,0.5691699385643005,0.11581027507781982
YJL069C,YDL031W,0,-0.8205806,0.3287671208381653,0.5691699385643005,0.11620553582906723
YJL099W,YPL123C,0,-0.82235754,0.3280182182788849,0.5691699385643005,0.11660078912973404
YBL071W-A,YIL103W,1,-0.82247317,0.3295454680919647,0.573122501373291,0.11660078912973404
YML078W,YBR029C,0,-0.82275295,0.32879817485809326,0.573122501373291,0.11699604988098145
YGR103W,YNL137C,0,-0.82299924,0.3280543088912964,0.573122501373291,0.11739130318164825
YNL194C,YLL038C,0,-0.82321703,0.32731378078460693,0.573122501373291,0.11778656393289566
YDL134C-A,YIL147C,0,-0.82395875,0.3265765905380249,0.573122501373291,0.11818181723356247
YLR034C,YOR127W,0,-0.82410395,0.3258427083492279,0.573122501373291,0.11857707798480988
YGR125W,YDR213W,0,-0.8245623,0.32511210441589355,0.573122501373291,0.11897233128547668
YKR049C,YJR152W,0,-0.824932,0.32438477873802185,0.573122501373291,0.11936759203672409
YIL075C,YER074W-A,0,-0.825073,0.3236607015132904,0.573122501373291,0.1197628453373909
YLR249W,YGL195W,1,-0.82514226,0.3251670300960541,0.5770751237869263,0.1197628453373909
YCR035C,YJL160C,0,-0.82563317,0.324444442987442,0.5770751237869263,0.1201581060886383
YHR073W,YIR017C,0,-0.826107,0.32372504472732544,0.5770751237869263,0.12055335938930511
YCL012W,YJR108W,0,-0.8265594,0.32300883531570435,0.5770751237869263,0.12094862014055252
YER106W,YIL069C,0,-0.82814157,0.32229581475257874,0.5770751237869263,0.12134387344121933
YPR036W,YHR207C,0,-0.8294802,0.32158589363098145,0.5770751237869263,0.12173912674188614
YKL179C,YNL243W,0,-0.8298323,0.32087913155555725,0.5770751237869263,0.12213438749313354
YKR078W,YDR529C,0,-0.8305057,0.320175439119339,0.5770751237869263,0.12252964079380035
YOL120C,YDL190C,0,-0.83060956,0.31947484612464905,0.5770751237869263,0.12292490154504776
YDL134C-A,YBR149W,0,-0.8306378,0.31877729296684265,0.5770751237869263,0.12332015484571457
YER148W,YNL306W,0,-0.8307681,0.3180827796459198,0.5770751237869263,0.12371541559696198
YLR172C,YPL048W,1,-0.8309505,0.31956520676612854,0.5810276865959167,0.12371541559696198
YOR356W,YDR006C,0,-0.8349829,0.31887200474739075,0.5810276865959167,0.12411066889762878
YGL210W-A,YMR188C,0,-0.8356167,0.3181818127632141,0.5810276865959167,0.12450592964887619
YOL126C,YCL068C,0,-0.835876,0.31749460101127625,0.5810276865959167,0.124901182949543
YPR097W,YAL005C,0,-0.8369607,0.31681033968925476,0.5810276865959167,0.1252964437007904
YML123C,YCR058C,0,-0.837589,0.31612902879714966,0.5810276865959167,0.12569169700145721
YLR040C,YDL154W,0,-0.8380952,0.31545063853263855,0.5810276865959167,0.12608695030212402
YLR069C,YDR382W,1,-0.83889866,0.31691649556159973,0.5849802494049072,0.12608695030212402
YNR040W,YDR358W,0,-0.83978176,0.3162393271923065,0.5849802494049072,0.12648221850395203
YLR385C,YHL026C,0,-0.83994675,0.3155650198459625,0.5849802494049072,0.12687747180461884
YJR084W,YIR035C,0,-0.840281,0.31489360332489014,0.5849802494049072,0.12727272510528564
YLR035C-A,YCL054W,0,-0.8407346,0.31422504782676697,0.5849802494049072,0.12766797840595245
YGR165W,YIR012W,0,-0.8407644,0.31355932354927063,0.5849802494049072,0.12806324660778046
YDL188C,YDL031W,0,-0.8410367,0.31289640069007874,0.5849802494049072,0.12845849990844727
YLR172C,YFR009W,1,-0.8410915,0.31434598565101624,0.5889328122138977,0.12845849990844727
YLR035C-A,YDR213W,0,-0.8418336,0.31368422508239746,0.5889328122138977,0.12885375320911407
YOR359W,YIL172C,0,-0.8425007,0.31302520632743835,0.5889328122138977,0.12924900650978088
YDL211C,YPL028W,0,-0.8428041,0.3123689591884613,0.5889328122138977,0.1296442747116089
YDR027C,YAR044W,0,-0.84428585,0.3117154836654663,0.5889328122138977,0.1300395280122757
YFL018W-A,YPL227C,0,-0.8443284,0.3110647201538086,0.5889328122138977,0.1304347813129425
YLR172C,YIL103W,1,-0.8457819,0.3125,0.5928853750228882,0.1304347813129425
YDR299W,YDL189W,0,-0.8458468,0.31185030937194824,0.5928853750228882,0.13083003461360931
YKR014C,YJL018W,0,-0.8460982,0.31120333075523376,0.5928853750228882,0.13122530281543732
YAL011W,YBR090C-A,0,-0.84684443,0.3105590045452118,0.5928853750228882,0.13162055611610413
YKL029C,YLR310C,0,-0.84778345,0.3099173605442047,0.5928853750228882,0.13201580941677094
YIL074C,YGL151W,0,-0.84796596,0.30927833914756775,0.5928853750228882,0.13241106271743774
YLR158C,YOL052C-A,0,-0.8481771,0.3086419701576233,0.5928853750228882,0.13280633091926575
YER140W,YBR293W,0,-0.84995604,0.30800822377204895,0.5928853750228882,0.13320158421993256
YPR105C,YKL167C,0,-0.85098493,0.30737704038619995,0.5928853750228882,0.13359683752059937
YJL160C,YLR293C,0,-0.8510574,0.30674847960472107,0.5928853750228882,0.13399209082126617
YER015W,YHR094C,0,-0.85122204,0.30612245202064514,0.5928853750228882,0.13438735902309418
YOL123W,YPR041W,0,-0.852836,0.30549898743629456,0.5928853750228882,0.134782612323761
YJR029W,YIR008C,0,-0.85429275,0.3048780560493469,0.5928853750228882,0.1351778656244278
YHR043C,YIL056W,0,-0.8555198,0.30425962805747986,0.5928853750228882,0.1355731189250946
YOR133W,YDR385W,1,-0.85696244,0.30566802620887756,0.5968379378318787,0.1355731189250946
YPL092W,YML118W,0,-0.85718393,0.30505049228668213,0.5968379378318787,0.1359683722257614
YJL160C,YLR448W,0,-0.85722804,0.30443549156188965,0.5968379378318787,0.13636364042758942
YHR039C-B,YIL004C,0,-0.8572538,0.30382293462753296,0.5968379378318787,0.13675889372825623
YDL052C,YPL026C,0,-0.85743654,0.30321285128593445,0.5968379378318787,0.13715414702892303
YFR051C,YPL162C,0,-0.85771203,0.30260521173477173,0.5968379378318787,0.13754940032958984
YKL004W,YLR336C,0,-0.858933,0.3019999861717224,0.5968379378318787,0.13794466853141785
YGR120C,YCL047C,0,-0.85922027,0.3013972043991089,0.5968379378318787,0.13833992183208466
YGR014W,YIL051C,0,-0.8602444,0.3007968068122864,0.5968379378318787,0.13873517513275146
YEL020W-A,YBR084W,0,-0.86046207,0.3001987934112549,0.5968379378318787,0.13913042843341827
YKL002W,YDR352W,0,-0.86091566,0.2996031641960144,0.5968379378318787,0.13952569663524628
YPL068C,YOR032C,0,-0.8611511,0.29900988936424255,0.5968379378318787,0.13992094993591309
YBR280C,YGL192W,0,-0.86131525,0.29841896891593933,0.5968379378318787,0.1403162032365799
YGR218W,YKR038C,0,-0.86190236,0.29783037304878235,0.5968379378318787,0.1407114565372467
YGL234W,YGR040W,0,-0.8630812,0.2972441017627716,0.5968379378318787,0.1411067247390747
YEL047C,YLR378C,0,-0.8640975,0.2966601252555847,0.5968379378318787,0.14150197803974152
YJL138C,YML081C-A,0,-0.86447394,0.2960784435272217,0.5968379378318787,0.14189723134040833
YDR320C-A,YOR306C,0,-0.8651968,0.2954990267753601,0.5968379378318787,0.14229248464107513
YPL048W,YJR097W,1,-0.8652568,0.296875,0.6007905006408691,0.14229248464107513
YDR237W,YGL171W,0,-0.8654828,0.29629629850387573,0.6007905006408691,0.14268775284290314
YDL213C,YBL100W-A,0,-0.8654828,0.29571983218193054,0.6007905006408691,0.14308300614356995
YHR214W,YNL177C,0,-0.8658223,0.2951456308364868,0.6007905006408691,0.14347825944423676
YMR231W,YER062C,0,-0.86605024,0.2945736348628998,0.6007905006408691,0.14387351274490356
YHR018C,YDR388W,0,-0.8669127,0.2940038740634918,0.6007905006408691,0.14426878094673157
YGR256W,YOR044W,0,-0.8678236,0.29343628883361816,0.6007905006408691,0.14466403424739838
YHR070W,YMR217W,0,-0.8678609,0.2928709089756012,0.6007905006408691,0.14505928754806519
YBR054W,YGL016W,0,-0.8681365,0.29230770468711853,0.6007905006408691,0.145454540848732
YDR397C,YBR162C,0,-0.86831343,0.2917466461658478,0.6007905006408691,0.14584980905056
YKR045C,YDR462W,0,-0.8684678,0.29118773341178894,0.6007905006408691,0.1462450623512268
YJR161C,YDR294C,0,-0.86968076,0.290630966424942,0.6007905006408691,0.14664031565189362
YLL021W,YHL050C,0,-0.8698772,0.290076345205307,0.6007905006408691,0.14703556895256042
YNR055C,YCR058C,0,-0.87112665,0.28952381014823914,0.6007905006408691,0.14743083715438843
YLR222C,YKL154W,0,-0.8713136,0.2889733910560608,0.6007905006408691,0.14782609045505524
YKR059W,YDR158W,0,-0.87308323,0.2884250581264496,0.6007905006408691,0.14822134375572205
YBL050W,YER184C,0,-0.8733003,0.28787878155708313,0.6007905006408691,0.14861659705638885
YKR045C,YBL039C,0,-0.87481093,0.2873345911502838,0.6007905006408691,0.14901185035705566
YBL106C,YOL121C,0,-0.87494206,0.28679245710372925,0.6007905006408691,0.14940711855888367
YBR103W,YOL152W,0,-0.8765203,0.28625234961509705,0.6007905006408691,0.14980237185955048
YHR003C,YNL322C,0,-0.876536,0.2857142984867096,0.6007905006408691,0.15019762516021729
YGR088W,YMR262W,0,-0.8765508,0.2851782441139221,0.6007905006408691,0.1505928784608841
YOR335C,YOR334W,0,-0.8766929,0.2846441864967346,0.6007905006408691,0.1509881466627121
YDL144C,YOL020W,0,-0.87731314,0.2841121554374695,0.6007905006408691,0.1513833999633789
YKL191W,YLR069C,1,-0.8780831,0.28544774651527405,0.6047430634498596,0.1513833999633789
YLR069C,YOL039W,1,-0.8785336,0.28677839040756226,0.6086956262588501,0.1513833999633789
YPR166C,YBR130C,0,-0.8788327,0.28624534606933594,0.6086956262588501,0.15177865326404572
YML033W,YOR336W,0,-0.8788519,0.2857142984867096,0.6086956262588501,0.15217390656471252
YML102W,YKR018C,0,-0.879135,0.28518518805503845,0.6086956262588501,0.15256917476654053
YPL068C,YKL222C,0,-0.87924623,0.2846580445766449,0.6086956262588501,0.15296442806720734
YNL075W,YJR015W,0,-0.8799349,0.28413283824920654,0.6086956262588501,0.15335968136787415
YBL054W,YJR056C,0,-0.8804263,0.2836095690727234,0.6086956262588501,0.15375493466854095
YLR040C,YKL192C,0,-0.8808366,0.28308823704719543,0.6086956262588501,0.15415020287036896
YGR094W,YPR056W,0,-0.8808998,0.2825688123703003,0.6086956262588501,0.15454545617103577
YPL160W,YFR007W,0,-0.88111866,0.28205129504203796,0.6086956262588501,0.15494070947170258
YMR094W,YLR403W,0,-0.8813454,0.28153565526008606,0.6086956262588501,0.15533596277236938
YEL009C,YMR166C,0,-0.8813815,0.2810218930244446,0.6086956262588501,0.1557312309741974
YJL127C,YLL026W,0,-0.8814447,0.2805100083351135,0.6086956262588501,0.1561264842748642
YLL018C-A,YGL017W,0,-0.88156605,0.2800000011920929,0.6086956262588501,0.156521737575531
YPL056C,YAL034W-A,0,-0.8815781,0.2794918417930603,0.6086956262588501,0.15691699087619781
YER070W,YML033W,0,-0.88183963,0.27898550033569336,0.6086956262588501,0.15731225907802582
YDR231C,YDL124W,0,-0.8829576,0.27848100662231445,0.6086956262588501,0.15770751237869263
YGL012W,YIR012W,0,-0.88375103,0.2779783308506012,0.6086956262588501,0.15810276567935944
YGR067C,YDR342C,0,-0.88430536,0.2774774730205536,0.6086956262588501,0.15849801898002625
YAL051W,YAR009C,0,-0.8860345,0.27697840332984924,0.6086956262588501,0.15889328718185425
YLL062C,YBL027W,0,-0.88635564,0.27648115158081055,0.6086956262588501,0.15928854048252106
YDL144C,YHR136C,0,-0.88643837,0.2759856581687927,0.6086956262588501,0.15968379378318787
YJL143W,YGR262C,0,-0.8866335,0.27549195289611816,0.6086956262588501,0.16007904708385468
YDR381W,YGR033C,0,-0.88664854,0.2750000059604645,0.6086956262588501,0.16047431528568268
YHR079C-B,YCR058C,0,-0.88771343,0.27450981736183167,0.6086956262588501,0.1608695685863495
YOR046C,YFR028C,0,-0.8879584,0.27402135729789734,0.6086956262588501,0.1612648218870163
YBL100W-B,YJL110C,0,-0.8879976,0.2735346257686615,0.6086956262588501,0.1616600751876831
YDL129W,YIL107C,0,-0.8881235,0.27304965257644653,0.6086956262588501,0.1620553433895111
YFL018C,YFR024C,0,-0.8881575,0.27256637811660767,0.6086956262588501,0.16245059669017792
YPL160W,YOR045W,0,-0.8897188,0.2720848023891449,0.6086956262588501,0.16284584999084473
YGL084C,YNL087W,0,-0.8897835,0.2716049253940582,0.6086956262588501,0.16324110329151154
YFR016C,YDR318W,0,-0.8899381,0.27112674713134766,0.6086956262588501,0.16363635659217834
YML033W,YDR441C,0,-0.89002633,0.2706502676010132,0.6086956262588501,0.16403162479400635
YLR398C,YML012W,0,-0.8906317,0.27017542719841003,0.6086956262588501,0.16442687809467316
YLR069C,YGL195W,1,-0.89106774,0.2714535892009735,0.6126482486724854,0.16442687809467316
YKL060C,YDR292C,0,-0.8917614,0.27097901701927185,0.6126482486724854,0.16482213139533997
YDR345C,YDL178W,0,-0.89265645,0.2705061137676239,0.6126482486724854,0.16521738469600677
YBL090W,YJR064W,0,-0.8926909,0.2700348496437073,0.6126482486724854,0.16561265289783478
YDR432W,YML014W,0,-0.89300275,0.269565224647522,0.6126482486724854,0.1660079061985016
YLR158C,YNL246W,0,-0.893203,0.2690972089767456,0.6126482486724854,0.1664031594991684
YHR215W,YHL018W,0,-0.8941778,0.26863086223602295,0.6126482486724854,0.1667984127998352
YJR056C,YCL044C,0,-0.8944639,0.26816609501838684,0.6126482486724854,0.1671936810016632
YLR069C,YIL103W,1,-0.8953098,0.2694300413131714,0.6166008114814758,0.1671936810016632
YPR073C,YNL180C,0,-0.8958403,0.2689655125141144,0.6166008114814758,0.16758893430233002
YIL026C,YGR287C,0,-0.8958647,0.2685025930404663,0.6166008114814758,0.16798418760299683
YOL127W,YGR266W,0,-0.8962213,0.2680412232875824,0.6166008114814758,0.16837944090366364
YNL207W,YKL196C,0,-0.8976382,0.2675814628601074,0.6166008114814758,0.16877470910549164
YLR237W,YBL100W-B,0,-0.8977376,0.267123281955719,0.6166008114814758,0.16916996240615845
YOR081C,YDR134C,0,-0.89821637,0.2666666805744171,0.6166008114814758,0.16956521570682526
YPL097W,YDR007W,0,-0.89859617,0.266211599111557,0.6166008114814758,0.16996046900749207
YPL189C-A,YJR010C-A,0,-0.8987236,0.26575809717178345,0.6166008114814758,0.17035573720932007
YMR262W,YML095C,0,-0.90005493,0.26530611515045166,0.6166008114814758,0.17075099050998688
YFR009W,YLR069C,1,-0.90032935,0.26655349135398865,0.6205533742904663,0.17075099050998688
YCL062W,YOR140W,0,-0.9022583,0.2661016881465912,0.6205533742904663,0.1711462438106537
YER019W,YER089C,0,-0.9032322,0.2656514346599579,0.6205533742904663,0.1715414971113205
YLR019W,YOR044W,0,-0.90377676,0.26520270109176636,0.6205533742904663,0.1719367653131485
YER020W,YDR050C,0,-0.9038863,0.2647554874420166,0.6205533742904663,0.1723320186138153
YNR039C,YDR236C,0,-0.9040972,0.26430976390838623,0.6205533742904663,0.17272727191448212
YPL225W,YJR015W,0,-0.90435183,0.26386556029319763,0.6205533742904663,0.17312252521514893
YML026C,YDL103C,0,-0.9044368,0.26342281699180603,0.6205533742904663,0.17351779341697693
YOL058W,YOR131C,0,-0.9047152,0.2629815638065338,0.6205533742904663,0.17391304671764374
YER155C,YNL024C,0,-0.9054569,0.262541800737381,0.6205533742904663,0.17430830001831055
YDL049C,YOL092W,0,-0.90546477,0.26210349798202515,0.6205533742904663,0.17470355331897736
YBL039C,YHR088W,0,-0.90564775,0.2616666555404663,0.6205533742904663,0.17509882152080536
YGR026W,YOR149C,0,-0.9058522,0.26123127341270447,0.6205533742904663,0.17549407482147217
YBR186W,YCL045C,0,-0.90605724,0.2607973515987396,0.6205533742904663,0.17588932812213898
YLR035C-A,YIL085C,0,-0.90659595,0.260364830493927,0.6205533742904663,0.1762845814228058
YLR307W,YML018C,0,-0.90783644,0.2599337697029114,0.6205533742904663,0.1766798347234726
YLR287C-A,YBR188C,0,-0.9082502,0.25950413942337036,0.6205533742904663,0.1770751029253006
YLL067C,YKL216W,0,-0.9082886,0.25907590985298157,0.6205533742904663,0.1774703562259674
YJR131W,YMR116C,0,-0.908543,0.258649080991745,0.6205533742904663,0.17786560952663422
YOR224C,YML104C,0,-0.9088758,0.25822368264198303,0.6205533742904663,0.17826086282730103
YOL147C,YKL069W,0,-0.9095471,0.2577996850013733,0.6205533742904663,0.17865613102912903
YLL013C,YOL154W,0,-0.9114177,0.2573770582675934,0.6205533742904663,0.17905138432979584
YDR394W,YCL020W,0,-0.91201377,0.2569558024406433,0.6205533742904663,0.17944663763046265
YOR125C,YLR342W,0,-0.91213,0.25653594732284546,0.6205533742904663,0.17984189093112946
YIL103W,YGL195W,1,-0.91235113,0.2577487826347351,0.6245059370994568,0.17984189093112946
YIL082W-A,YLR319C,0,-0.9125122,0.25732898712158203,0.6245059370994568,0.18023715913295746
YHL050C,YKL173W,0,-0.912907,0.2569105625152588,0.6245059370994568,0.18063241243362427
YLR143W,YGR035C,0,-0.91319287,0.2564935088157654,0.6245059370994568,0.18102766573429108
YDL130W,YDR382W,1,-0.914129,0.25769853591918945,0.6284584999084473,0.18102766573429108
YDR397C,YPL066W,0,-0.91446495,0.2572815418243408,0.6284584999084473,0.18142291903495789
YER070W,YDR135C,0,-0.9145553,0.256865918636322,0.6284584999084473,0.1818181872367859
YDL247W,YHL018W,0,-0.914629,0.2564516067504883,0.6284584999084473,0.1822134405374527
YPL154C,YPL020C,0,-0.9154444,0.256038635969162,0.6284584999084473,0.1826086938381195
YOR270C,YMR242C,0,-0.9159093,0.25562700629234314,0.6284584999084473,0.18300394713878632
YHR140W,YFR041C,0,-0.9163768,0.25521668791770935,0.6284584999084473,0.18339921534061432
YLR390W-A,YJR056C,0,-0.9168947,0.2548076808452606,0.6284584999084473,0.18379446864128113
YMR281W,YER140W,0,-0.91902375,0.25440001487731934,0.6284584999084473,0.18418972194194794
YPR033C,YIL129C,0,-0.9190371,0.25399360060691833,0.6284584999084473,0.18458497524261475
YJR022W,YBL064C,0,-0.92074823,0.2535885274410248,0.6284584999084473,0.18498024344444275
YLR388W,YML121W,0,-0.92167306,0.2531847059726715,0.6284584999084473,0.18537549674510956
YNL048W,YBR087W,0,-0.92221284,0.2527821958065033,0.6284584999084473,0.18577075004577637
YMR226C,YKL185W,0,-0.92225313,0.25238096714019775,0.6284584999084473,0.18616600334644318
YPL048W,YDR382W,1,-0.9222778,0.2535657584667206,0.6324110627174377,0.18616600334644318
YGL107C,YML014W,0,-0.9223745,0.2531645596027374,0.6324110627174377,0.18656127154827118
YEL032W,YDR028C,0,-0.9228245,0.25276461243629456,0.6324110627174377,0.186956524848938
YNL058C,YPR057W,0,-0.9229635,0.25236591696739197,0.6324110627174377,0.1873517781496048
YER100W,YDR056C,0,-0.9239203,0.25196850299835205,0.6324110627174377,0.1877470314502716
YGL129C,YJL208C,0,-0.92433786,0.2515723407268524,0.6324110627174377,0.1881422996520996
YHR092C,YPR049C,0,-0.92515314,0.2511774003505707,0.6324110627174377,0.18853755295276642
YLL015W,YCR023C,0,-0.9256128,0.2507837116718292,0.6324110627174377,0.18893280625343323
YMR045C,YKL154W,0,-0.92587197,0.25039124488830566,0.6324110627174377,0.18932805955410004
YPL048W,YOR133W,1,-0.92602265,0.2515625059604645,0.6363636255264282,0.18932805955410004
YPL056C,YDR484W,0,-0.92663693,0.2511700391769409,0.6363636255264282,0.18972331285476685
YJL065C,YDR471W,0,-0.92699885,0.25077882409095764,0.6363636255264282,0.19011858105659485
YOL135C,YDR541C,0,-0.9277147,0.2503888010978699,0.6363636255264282,0.19051383435726166
YNL136W,YDR204W,0,-0.92802715,0.25,0.6363636255264282,0.19090908765792847
YHR105W,YBR016W,0,-0.9284805,0.24961240589618683,0.6363636255264282,0.19130434095859528
YMR214W,YGR193C,0,-0.9284903,0.24922600388526917,0.6363636255264282,0.19169960916042328
YLR406C,YPR096C,0,-0.92900527,0.2488408088684082,0.6363636255264282,0.1920948624610901
YMR050C,YPL091W,0,-0.9291593,0.24845679104328156,0.6363636255264282,0.1924901157617569
YKL138C-A,YMR001C,0,-0.9294709,0.24807396531105042,0.6363636255264282,0.1928853690624237
YHR112C,YLR207W,0,-0.92956245,0.2476923018693924,0.6363636255264282,0.1932806372642517
YPL095C,YPL066W,0,-0.93009675,0.24731183052062988,0.6363636255264282,0.19367589056491852
YGL084C,YJL160C,0,-0.9308536,0.2469325214624405,0.6363636255264282,0.19407114386558533
YOR196C,YOR011W,0,-0.93104994,0.24655435979366302,0.6363636255264282,0.19446639716625214
YDR485C,YKL109W,0,-0.93128264,0.24617737531661987,0.6363636255264282,0.19486166536808014
YIL066C,YPL225W,0,-0.9319072,0.24580152332782745,0.6363636255264282,0.19525691866874695
YEL065W,YKR099C-A,0,-0.9319736,0.24542683362960815,0.6363636255264282,0.19565217196941376
YGR191W,YMR312W,0,-0.93247247,0.2450532764196396,0.6363636255264282,0.19604742527008057
YNR043W,YBL090W,0,-0.93250656,0.24468085169792175,0.6363636255264282,0.19644269347190857
YOR027W,YER063W,0,-0.9329246,0.24430955946445465,0.6363636255264282,0.19683794677257538
YJL164C,YCR044C,0,-0.9331095,0.24393939971923828,0.6363636255264282,0.1972332000732422
YLR342W,YER086W,0,-0.93352914,0.24357034265995026,0.6363636255264282,0.197628453373909
YDR320C-A,YPL204W,0,-0.93366313,0.24320241808891296,0.6363636255264282,0.198023721575737
YLR170C,YNL190W,0,-0.93463254,0.24283559620380402,0.6363636255264282,0.1984189748764038
YPR025C,YIL172C,0,-0.9348103,0.2424698770046234,0.6363636255264282,0.19881422817707062
YLL035W,YGR158C,0,-0.93522656,0.24210526049137115,0.6363636255264282,0.19920948147773743
YMR312W,YNR041C,0,-0.9355633,0.24174174666404724,0.6363636255264282,0.19960474967956543
YDL130W,YPL048W,1,-0.9356861,0.24287855625152588,0.6403161883354187,0.19960474967956543
YOR019W,YER123W,0,-0.93585813,0.242514967918396,0.6403161883354187,0.20000000298023224
YHR117W,YER062C,0,-0.93586445,0.24215246737003326,0.6403161883354187,0.20039525628089905
YDL081C,YLR340W,1,-0.9361341,0.24328358471393585,0.6442687511444092,0.20039525628089905
YJR029W,YDR358W,0,-0.93672955,0.24292100965976715,0.6442687511444092,0.20079050958156586
YLR342W,YBL019W,0,-0.93684673,0.2425595223903656,0.6442687511444092,0.20118577778339386
YBR065C,YDR018C,0,-0.93686295,0.24219910800457,0.6442687511444092,0.20158103108406067
YMR074C,YKR098C,0,-0.9375454,0.24183976650238037,0.6442687511444092,0.20197628438472748
YFL052W,YPL221W,0,-0.937989,0.2414814829826355,0.6442687511444092,0.2023715376853943
YKL221W,YDR266C,0,-0.93896496,0.2411242574453354,0.6442687511444092,0.2027667909860611
YLR110C,YJR009C,0,-0.9390396,0.24076808989048004,0.6442687511444092,0.2031620591878891
YDL113C,YBR019C,0,-0.9393178,0.24041298031806946,0.6442687511444092,0.2035573124885559
YOL002C,YDR412W,0,-0.9394152,0.24005891382694244,0.6442687511444092,0.20395256578922272
YML123C,YNL339C,0,-0.9399413,0.2397058755159378,0.6442687511444092,0.20434781908988953
YEL058W,YMR121C,0,-0.94047487,0.23935389518737793,0.6442687511444092,0.20474308729171753
YCR017C,YLR324W,0,-0.9414029,0.23900292813777924,0.6442687511444092,0.20513834059238434
YKL081W,YBL071W-A,1,-0.9415139,0.2401171326637268,0.6482213735580444,0.20513834059238434
YGL240W,YDR228C,0,-0.94375503,0.23976607620716095,0.6482213735580444,0.20553359389305115
YML093W,YHR108W,0,-0.9440614,0.23941606283187866,0.6482213735580444,0.20592884719371796
YDR147W,YML081W,0,-0.9441081,0.23906706273555756,0.6482213735580444,0.20632411539554596
YGL084C,YJR042W,0,-0.94535697,0.23871906101703644,0.6482213735580444,0.20671936869621277
YGR013W,YPR063C,0,-0.9458896,0.2383720874786377,0.6482213735580444,0.20711462199687958
YDL003W,YGL173C,0,-0.9461789,0.23802612721920013,0.6482213735580444,0.2075098752975464
YFL003C,YDR141C,0,-0.94701684,0.23768116533756256,0.6482213735580444,0.2079051434993744
YML057W,YNL156C,0,-0.9470452,0.23733718693256378,0.6482213735580444,0.2083003968000412
YGL032C,YDL191W,0,-0.9471793,0.23699422180652618,0.6482213735580444,0.208695650100708
YHR215W,YER058W,0,-0.9483292,0.23665224015712738,0.6482213735580444,0.20909090340137482
YDR116C,YAR066W,0,-0.94837844,0.23631124198436737,0.6482213735580444,0.20948617160320282
YEL015W,YNL137C,0,-0.94945467,0.23597122728824615,0.6482213735580444,0.20988142490386963
YDR266C,YBR123C,0,-0.949672,0.23563218116760254,0.6482213735580444,0.21027667820453644
YKL071W,YBL046W,0,-0.9501537,0.23529411852359772,0.6482213735580444,0.21067193150520325
YBR298C,YMR122W-A,0,-0.9507376,0.2349570244550705,0.6482213735580444,0.21106719970703125
YBL097W,YBR056W,0,-0.95126283,0.23462088406085968,0.6482213735580444,0.21146245300769806
YFL002C,YHR081W,0,-0.95146716,0.23428571224212646,0.6482213735580444,0.21185770630836487
YNL151C,YPR174C,0,-0.9521241,0.23395149409770966,0.6482213735580444,0.21225295960903168
YGR245C,YPR009W,0,-0.95242906,0.23361822962760925,0.6482213735580444,0.21264822781085968
YOL012C,YKR085C,0,-0.9525111,0.23328591883182526,0.6482213735580444,0.2130434811115265
YNL308C,YIL098C,0,-0.95270455,0.23295454680919647,0.6482213735580444,0.2134387344121933
YPL283C,YGL173C,0,-0.9529704,0.2326241135597229,0.6482213735580444,0.2138339877128601
YBL091C,YBR233W-A,0,-0.9531255,0.23229461908340454,0.6482213735580444,0.2142292559146881
YER081W,YGL255W,0,-0.9532608,0.2319660484790802,0.6482213735580444,0.21462450921535492
YDR023W,YER108C,0,-0.95334196,0.23163841664791107,0.6482213735580444,0.21501976251602173
YHR139C,YLR403W,0,-0.9536773,0.23131170868873596,0.6482213735580444,0.21541501581668854
YDR079C-A,YHR027C,0,-0.95459104,0.23098590970039368,0.6482213735580444,0.21581028401851654
YBR091C,YAR009C,0,-0.95482624,0.2306610345840454,0.6482213735580444,0.21620553731918335
YML098W,YBR289W,0,-0.9555112,0.23033708333969116,0.6482213735580444,0.21660079061985016
YER056C-A,YBR012W-A,0,-0.9562417,0.23001402616500854,0.6482213735580444,0.21699604392051697
YEL020W-A,YPR124W,0,-0.9562905,0.22969187796115875,0.6482213735580444,0.21739129722118378
YHR118C,YLL066C,0,-0.9563297,0.2293706238269806,0.6482213735580444,0.21778656542301178
YBR018C,YNL190W,0,-0.95646274,0.22905027866363525,0.6482213735580444,0.2181818187236786
YFR055W,YKR018C,0,-0.95665526,0.22873082756996155,0.6482213735580444,0.2185770720243454
YML098W,YLR089C,0,-0.95728135,0.22841225564479828,0.6482213735580444,0.2189723253250122
YBL071W-A,YDL092W,1,-0.9573251,0.2294853925704956,0.6521739363670349,0.2189723253250122
YCL063W,YDL129W,0,-0.9575156,0.2291666716337204,0.6521739363670349,0.2193675935268402
YLR172C,YKL191W,1,-0.95820594,0.23023578524589539,0.6561264991760254,0.2193675935268402
YCR036W,YJL159W,0,-0.95832956,0.22991690039634705,0.6561264991760254,0.21976284682750702
YPR057W,YPR096C,0,-0.96047306,0.22959889471530914,0.6561264991760254,0.22015810012817383
YGL147C,YBL056W,0,-0.9605249,0.22928176820278168,0.6561264991760254,0.22055335342884064
YOR103C,YOL029C,0,-0.9606137,0.22896552085876465,0.6561264991760254,0.22094862163066864
YER120W,YOR361C,0,-0.9609829,0.22865013778209686,0.6561264991760254,0.22134387493133545
YGR017W,YDR244W,0,-0.9616401,0.22833561897277832,0.6561264991760254,0.22173912823200226
YGR061C,YKR052C,0,-0.9622855,0.22802197933197021,0.6561264991760254,0.22213438153266907
YGR154C,YBR241C,0,-0.9623854,0.22770918905735016,0.6561264991760254,0.22252964973449707
YPL170W,YLR414C,0,-0.9623915,0.22739726305007935,0.6561264991760254,0.22292490303516388
YKL046C,YGR211W,0,-0.962672,0.22708618640899658,0.6561264991760254,0.2233201563358307
YBR094W,YLL032C,0,-0.9639982,0.22677595913410187,0.6561264991760254,0.2237154096364975
YNL279W,YDR352W,0,-0.9640753,0.2264665812253952,0.6561264991760254,0.2241106778383255
YOR231W,YER112W,0,-0.9650328,0.2261580377817154,0.6561264991760254,0.2245059311389923
YMR098C,YHR021C,0,-0.96548176,0.22585034370422363,0.6561264991760254,0.22490118443965912
YJR047C,YCR070W,0,-0.9660721,0.22554348409175873,0.6561264991760254,0.22529643774032593
YJL160C,YOR101W,0,-0.96737695,0.22523744404315948,0.6561264991760254,0.22569170594215393
YMR130W,YAL043C,0,-0.9674587,0.2249322533607483,0.6561264991760254,0.22608695924282074
YNL306W,YMR291W,0,-0.96746695,0.22462788224220276,0.6561264991760254,0.22648221254348755
YER007W,YBR036C,0,-0.96781445,0.2243243306875229,0.6561264991760254,0.22687746584415436
YER120W,YOR078W,0,-0.96791553,0.22402159869670868,0.6561264991760254,0.22727273404598236
YMR074C,YEL021W,0,-0.9687295,0.22371967136859894,0.6561264991760254,0.22766798734664917
YJR054W,YPL254W,0,-0.96935916,0.22341857850551605,0.6561264991760254,0.22806324064731598
YPR098C,YGL210W,0,-0.9693768,0.22311827540397644,0.6561264991760254,0.2284584939479828
YKL017C,YLR297W,0,-0.96972036,0.2228187918663025,0.6561264991760254,0.2288537621498108
YFR009W,YJR097W,1,-0.97060156,0.22386059165000916,0.6600790619850159,0.2288537621498108
YJL204C,YDR037W,0,-0.9708872,0.22356091439723969,0.6600790619850159,0.2292490154504776
YDR376W,YNR032W,0,-0.97156966,0.2232620269060135,0.6600790619850159,0.2296442687511444
YAL068C,YPL097W,0,-0.9715798,0.22296395897865295,0.6600790619850159,0.23003952205181122
YOL132W,YDR128W,0,-0.9715934,0.2226666659116745,0.6600790619850159,0.23043477535247803
YER068W,YGL049C,0,-0.97221696,0.2223701775074005,0.6600790619850159,0.23083004355430603
YKL152C,YNL212W,0,-0.97261703,0.2220744639635086,0.6600790619850159,0.23122529685497284
YDR119W,YJL204C,0,-0.97369814,0.22177955508232117,0.6600790619850159,0.23162055015563965
YKL218C,YHR106W,0,-0.9740598,0.22148540616035461,0.6600790619850159,0.23201580345630646
YKR045C,YLR427W,0,-0.9740946,0.22119204699993134,0.6600790619850159,0.23241107165813446
YAL003W,YJL102W,1,-0.9742807,0.2222222238779068,0.6640316247940063,0.23241107165813446
YBR028C,YOR284W,0,-0.97468686,0.221928671002388,0.6640316247940063,0.23280632495880127
YNL186W,YLR002C,0,-0.97507083,0.2216358780860901,0.6640316247940063,0.23320157825946808
YDL109C,YLL066C,0,-0.9752016,0.22134387493133545,0.6640316247940063,0.2335968315601349
YDR116C,YML133C,0,-0.9760903,0.2210526317358017,0.6640316247940063,0.2339920997619629
YDR086C,YNL221C,0,-0.97681093,0.22076214849948883,0.6640316247940063,0.2343873530626297
YNL129W,YER073W,0,-0.97774124,0.22047244012355804,0.6640316247940063,0.2347826063632965
YNR055C,YER183C,0,-0.9785441,0.22018349170684814,0.6640316247940063,0.23517785966396332
YHR114W,YKL157W,0,-0.9798509,0.21989528834819794,0.6640316247940063,0.23557312786579132
YOR264W,YOR341W,0,-0.9804281,0.21960784494876862,0.6640316247940063,0.23596838116645813
YBR056W,YDR122W,0,-0.98078394,0.219321146607399,0.6640316247940063,0.23636363446712494
YBR038W,YJL012C,0,-0.9812263,0.21903520822525024,0.6640316247940063,0.23675888776779175
YHR103W,YMR291W,0,-0.9812627,0.21875,0.6640316247940063,0.23715415596961975
YOL029C,YAL011W,0,-0.98190546,0.21846553683280945,0.6640316247940063,0.23754940927028656
YIR006C,YGL085W,0,-0.982375,0.2181818187236786,0.6640316247940063,0.23794466257095337
YPL236C,YJR139C,0,-0.9854194,0.21789883077144623,0.6640316247940063,0.23833991587162018
YLR419W,YOR010C,0,-0.98551655,0.21761657297611237,0.6640316247940063,0.23873518407344818
YMR056C,YDL124W,0,-0.9866618,0.2173350602388382,0.6640316247940063,0.239130437374115
YPL212C,YNL030W,0,-0.9873545,0.21705426275730133,0.6640316247940063,0.2395256906747818
YBR086C,YBR100W,0,-0.98753023,0.21677419543266296,0.6640316247940063,0.2399209439754486
YOL017W,YDR448W,0,-0.98785126,0.2164948433637619,0.6640316247940063,0.2403162121772766
YGR026W,YBR122C,0,-0.98826826,0.21621622145175934,0.6640316247940063,0.24071146547794342
YPL024W,YGR138C,0,-0.9890324,0.21593829989433289,0.6640316247940063,0.24110671877861023
YIL044C,YLR390W-A,0,-0.98975205,0.21566110849380493,0.6640316247940063,0.24150197207927704
YBL036C,YHR023W,0,-0.99026096,0.2153846174478531,0.6640316247940063,0.24189724028110504
YLR084C,YBR207W,0,-0.9907218,0.21510884165763855,0.6640316247940063,0.24229249358177185
YLR308W,YML076C,0,-0.9918978,0.21483376622200012,0.6640316247940063,0.24268774688243866
YHR084W,YBL007C,0,-0.9926561,0.2145593911409378,0.6640316247940063,0.24308300018310547
YNL075W,YBR016W,0,-0.99266696,0.2142857164144516,0.6640316247940063,0.24347825348377228
YPR192W,YOR262W,0,-0.9928056,0.2140127420425415,0.6640316247940063,0.24387352168560028
YGR074W,YLR446W,0,-0.9928113,0.21374045312404633,0.6640316247940063,0.2442687749862671
YLR406C,YCR066W,0,-0.99318707,0.21346886456012726,0.6640316247940063,0.2446640282869339
YGL147C,YLR460C,0,-0.9933367,0.2131979763507843,0.6640316247940063,0.2450592815876007
YOL127W,YDR216W,0,-0.9934943,0.21292775869369507,0.6640316247940063,0.2454545497894287
YBL071W-A,YNL063W,1,-0.99380016,0.21392405033111572,0.6679841876029968,0.2454545497894287
YBL057C,YDL236W,0,-0.99408257,0.21365360915660858,0.6679841876029968,0.24584980309009552
YNL012W,YMR050C,0,-0.99557877,0.21338383853435516,0.6679841876029968,0.24624505639076233
YPL048W,YLR340W,1,-0.99645925,0.2143757939338684,0.6719367504119873,0.24624505639076233
YLR340W,YDR382W,1,-0.9969288,0.2153652459383011,0.6758893132209778,0.24624505639076233
YOR346W,YJL010C,0,-0.9972149,0.21509434282779694,0.6758893132209778,0.24664030969142914
YLR406C,YML102W,0,-0.99754214,0.2148241251707077,0.6758893132209778,0.24703557789325714
YMR106C,YLR355C,0,-0.99782014,0.2145545780658722,0.6758893132209778,0.24743083119392395
YPR104C,YPL036W,0,-0.99834955,0.2142857164144516,0.6758893132209778,0.24782608449459076
YOL125W,YOR131C,0,-0.9994862,0.21401752531528473,0.6758893132209778,0.24822133779525757
YML075C,YJL190C,0,-0.99955523,0.21375000476837158,0.6758893132209778,0.24861660599708557
YDL130W,YJL102W,1,-1.0000174,0.2147315889596939,0.6798418760299683,0.24861660599708557
YPL068C,YGL123W,0,-1.0003467,0.21446384489536285,0.6798418760299683,0.24901185929775238
YFL034C-A,YAL002W,0,-1.0006562,0.21419675648212433,0.6798418760299683,0.2494071125984192
YIL052C,YBR044C,0,-1.0007616,0.21393035352230072,0.6798418760299683,0.249802365899086
YHR020W,YFR051C,0,-1.0009055,0.21366459131240845,0.6798418760299683,0.2501976191997528
YHR158C,YLR466W,0,-1.001243,0.2133994996547699,0.6798418760299683,0.2505928874015808
YER060W,YGR287C,0,-1.0017047,0.21313506364822388,0.6798418760299683,0.2509881556034088
YER133W,YHR202W,0,-1.0031958,0.21287128329277039,0.6798418760299683,0.25138339400291443
YKL081W,YPL048W,1,-1.0036956,0.21384425461292267,0.6837944388389587,0.25138339400291443
YDR041W,YPL183C,0,-1.0041118,0.21358025074005127,0.6837944388389587,0.25177866220474243
YPL217C,YJR017C,0,-1.0041584,0.2133168876171112,0.6837944388389587,0.25217390060424805
YER078C,YDR162C,0,-1.004313,0.21305418014526367,0.6837944388389587,0.25256916880607605
YLR249W,YPL048W,1,-1.0043721,0.21402214467525482,0.687747061252594,0.25256916880607605
YJR054W,YMR052W,0,-1.0045787,0.21375921368598938,0.687747061252594,0.25296443700790405
YFR009W,YGL195W,1,-1.0046002,0.21472392976284027,0.6916996240615845,0.25296443700790405
YBR210W,YLR328W,0,-1.0050492,0.21446079015731812,0.6916996240615845,0.25335967540740967
YCL016C,YLL014W,0,-1.0061979,0.2141982913017273,0.6916996240615845,0.25375494360923767
YGL038C,YLR190W,0,-1.0068412,0.2139364331960678,0.6916996240615845,0.2541502118110657
YOR252W,YDR007W,0,-1.0069833,0.21367521584033966,0.6916996240615845,0.2545454502105713
YER113C,YKR018C,0,-1.0071067,0.21341463923454285,0.6916996240615845,0.2549407184123993
YJL143W,YML125C,0,-1.0072094,0.21315468847751617,0.6916996240615845,0.2553359568119049
YDR531W,YMR162C,0,-1.007721,0.21289537847042084,0.6916996240615845,0.2557312250137329
YOR273C,YJL133W,0,-1.0088438,0.21263669431209564,0.6916996240615845,0.2561264932155609
YBR291C,YNL030W,0,-1.0092361,0.2123786360025406,0.6916996240615845,0.25652173161506653
YLR312C-B,YER045C,0,-1.0102586,0.21212121844291687,0.6916996240615845,0.25691699981689453
YKL063C,YIL072W,0,-1.0112985,0.2118644118309021,0.6916996240615845,0.25731223821640015
YDR293C,YGR142W,0,-1.0121326,0.21160821616649628,0.6916996240615845,0.25770750641822815
YBR264C,YGR205W,0,-1.0129741,0.2113526612520218,0.6916996240615845,0.25810277462005615
YLR075W,YPR022C,0,-1.0138103,0.21109770238399506,0.6916996240615845,0.25849801301956177
YDR346C,YJR009C,0,-1.014139,0.21084336936473846,0.6916996240615845,0.25889328122138977
YMR135C,YML066C,0,-1.0147955,0.21058964729309082,0.6916996240615845,0.2592885494232178
YDL193W,YCR094W,0,-1.0149738,0.21033653616905212,0.6916996240615845,0.2596837878227234
YPL283C,YIL124W,0,-1.0150406,0.21008403599262238,0.6916996240615845,0.2600790560245514
YNL058C,YDL214C,0,-1.017285,0.20983213186264038,0.6916996240615845,0.260474294424057
YCL075W,YFL055W,0,-1.018168,0.20958083868026733,0.6916996240615845,0.260869562625885
YDR044W,YDR119W,0,-1.0183152,0.20933014154434204,0.6916996240615845,0.261264830827713
YNL014W,YKL191W,1,-1.0186404,0.21027478575706482,0.695652186870575,0.261264830827713
YAL003W,YNL063W,1,-1.0195634,0.21121717989444733,0.6996047496795654,0.261264830827713
YOR027W,YLR119W,0,-1.0196351,0.21096543967723846,0.6996047496795654,0.26166006922721863
YKL191W,YGL195W,1,-1.0200381,0.21190476417541504,0.7035573124885559,0.26166006922721863
YPR151C,YHR205W,0,-1.0201128,0.21165280044078827,0.7035573124885559,0.26205533742904663
YDR126W,YIL017C,0,-1.020151,0.21140141785144806,0.7035573124885559,0.26245060563087463
YOR060C,YGL246C,0,-1.0206901,0.2111506462097168,0.7035573124885559,0.26284584403038025
YKR013W,YKL135C,0,-1.0207691,0.2109004706144333,0.7035573124885559,0.26324111223220825
YPR019W,YNR053C,0,-1.0210693,0.21065089106559753,0.7035573124885559,0.26363635063171387
YHR118C,YML008C,0,-1.0216191,0.21040189266204834,0.7035573124885559,0.26403161883354187
YPR019W,YNL190W,0,-1.0216762,0.2101534903049469,0.7035573124885559,0.2644268870353699
YJR135W-A,YPL189C-A,0,-1.0220288,0.20990565419197083,0.7035573124885559,0.2648221254348755
YDR307W,YNL077W,0,-1.0220585,0.2096584290266037,0.7035573124885559,0.2652173936367035
YCL075W,YOR080W,0,-1.0220597,0.20941177010536194,0.7035573124885559,0.2656126618385315
YDR443C,YDL122W,0,-1.0220835,0.20916569232940674,0.7035573124885559,0.2660079002380371
YDR018C,YHR200W,0,-1.0234966,0.2089201807975769,0.7035573124885559,0.2664031684398651
YBR297W,YJR145C,0,-1.0236144,0.20867526531219482,0.7035573124885559,0.2667984068393707
YGL191W,YNL229C,0,-1.02387,0.2084309160709381,0.7035573124885559,0.26719367504119873
YIR014W,YGL022W,0,-1.0241914,0.20818713307380676,0.7035573124885559,0.26758894324302673
YER160C,YPL193W,0,-1.0244122,0.20794393122196198,0.7035573124885559,0.26798418164253235
YDL126C,YNR051C,0,-1.0246642,0.20770128071308136,0.7035573124885559,0.26837944984436035
YHR105W,YPL281C,0,-1.0249791,0.2074592113494873,0.7035573124885559,0.26877471804618835
YLR307W,YDL175C,0,-1.0254993,0.20721769332885742,0.7035573124885559,0.26916995644569397
YDL180W,YPL036W,0,-1.0255594,0.2069767415523529,0.7035573124885559,0.269565224647522
YNL063W,YDR382W,1,-1.0258588,0.20789779722690582,0.7075098752975464,0.269565224647522
YIL168W,YCR016W,0,-1.025906,0.2076566070318222,0.7075098752975464,0.2699604630470276
YNL023C,YLR229C,0,-1.025956,0.20741599798202515,0.7075098752975464,0.2703557312488556
YER120W,YLR119W,0,-1.0260403,0.20717592537403107,0.7075098752975464,0.2707509994506836
YOR118W,YPL075W,0,-1.0263296,0.20693641901016235,0.7075098752975464,0.2711462378501892
YPL031C,YDR264C,0,-1.0271657,0.2066974639892578,0.7075098752975464,0.2715415060520172
YBL040C,YBR028C,0,-1.0272278,0.20645906031131744,0.7075098752975464,0.2719367444515228
YOR335C,YLR096W,0,-1.0272936,0.20622119307518005,0.7075098752975464,0.27233201265335083
YKL138C-A,YBL004W,0,-1.0281941,0.20598389208316803,0.7075098752975464,0.27272728085517883
YEL013W,YLR126C,0,-1.0284318,0.20574712753295898,0.7075098752975464,0.27312251925468445
YGR241C,YMR220W,0,-1.028541,0.2055109143257141,0.7075098752975464,0.27351778745651245
YDR096W,YDR248C,0,-1.028872,0.20527522265911102,0.7075098752975464,0.27391305565834045
YEL006W,YIR010W,0,-1.029072,0.2050400972366333,0.7075098752975464,0.27430829405784607
YEL021W,YFR042W,0,-1.0293287,0.20480549335479736,0.7075098752975464,0.2747035622596741
YIL044C,YJL138C,0,-1.0297176,0.2045714259147644,0.7075098752975464,0.2750988006591797
YDR483W,YPR073C,0,-1.030097,0.20433789491653442,0.7075098752975464,0.2754940688610077
YOR319W,YPR052C,0,-1.0303817,0.20410490036010742,0.7075098752975464,0.2758893370628357
YLR158C,YPR019W,0,-1.0309191,0.2038724422454834,0.7075098752975464,0.2762845754623413
YIL145C,YMR079W,0,-1.0311174,0.20364050567150116,0.7075098752975464,0.2766798436641693
YAL055W,YHR113W,0,-1.031342,0.2034090906381607,0.7075098752975464,0.2770751118659973
YFL037W,YHR067W,0,-1.0319301,0.20317821204662323,0.7075098752975464,0.27747035026550293
YDR510W,YKL014C,0,-1.0320256,0.20294784009456635,0.7075098752975464,0.27786561846733093
YKL079W,YGR249W,0,-1.0328723,0.20271800458431244,0.7075098752975464,0.27826085686683655
YJR134C,YLL016W,0,-1.0329087,0.20248869061470032,0.7075098752975464,0.27865612506866455
YJL021C,YMR290C,0,-1.0334427,0.2022598832845688,0.7075098752975464,0.27905139327049255
YDR236C,YGL008C,0,-1.0337722,0.20203159749507904,0.7075098752975464,0.27944663166999817
YPL048W,YOL039W,1,-1.0342184,0.2029312252998352,0.7114624381065369,0.27944663166999817
YIR003W,YFL026W,0,-1.0347502,0.20270270109176636,0.7114624381065369,0.27984189987182617
YER131W,YLL015W,0,-1.0352117,0.2024746835231781,0.7114624381065369,0.2802371680736542
YGR035C,YDR418W,0,-1.0363343,0.20224718749523163,0.7114624381065369,0.2806324064731598
YLR352W,YIL022W,0,-1.0369838,0.20202019810676575,0.7114624381065369,0.2810276746749878
YPR131C,YMR244C-A,0,-1.0372336,0.20179371535778046,0.7114624381065369,0.2814229130744934
YBL099W,YGR295C,0,-1.0372397,0.20156775414943695,0.7114624381065369,0.2818181812763214
YBR235W,YJR096W,0,-1.0374595,0.20134228467941284,0.7114624381065369,0.2822134494781494
YOR178C,YFL026W,0,-1.0375063,0.20111732184886932,0.7114624381065369,0.28260868787765503
YOR320C,YOR136W,0,-1.0382063,0.2008928507566452,0.7114624381065369,0.28300395607948303
YCR020W-B,YDL124W,0,-1.038642,0.20066890120506287,0.7114624381065369,0.28339922428131104
YDL135C,YBL056W,0,-1.0390284,0.20044542849063873,0.7114624381065369,0.28379446268081665
YGR240C,YLR403W,0,-1.039311,0.2002224624156952,0.7114624381065369,0.28418973088264465
YHL025W,YDR358W,0,-1.039396,0.20000000298023224,0.7114624381065369,0.28458496928215027
YOR059C,YML047C,0,-1.0395111,0.1997780203819275,0.7114624381065369,0.28498023748397827
YOR095C,YPL157W,0,-1.0397531,0.19955654442310333,0.7114624381065369,0.2853755056858063
YCR047C,YER088C,0,-1.0406214,0.19933554530143738,0.7114624381065369,0.2857707440853119
YER124C,YPR007C,0,-1.0410122,0.19911503791809082,0.7114624381065369,0.2861660122871399
YEL071W,YDR342C,0,-1.0414456,0.19889502227306366,0.7114624381065369,0.2865612506866455
YDR065W,YLR408C,0,-1.0416455,0.1986754983663559,0.7114624381065369,0.2869565188884735
YPL068C,YIL072W,0,-1.0418161,0.19845645129680634,0.7114624381065369,0.2873517870903015
YPL258C,YBL010C,0,-1.0420707,0.19823788106441498,0.7114624381065369,0.28774702548980713
YNL015W,YGR060W,0,-1.0420929,0.19801980257034302,0.7114624381065369,0.28814229369163513
YDR039C,YPL047W,0,-1.0435054,0.19780220091342926,0.7114624381065369,0.28853756189346313
YDR441C,YDR495C,0,-1.0437876,0.1975850760936737,0.7114624381065369,0.28893280029296875
YKL033W,YBR012W-B,0,-1.0442967,0.19736842811107635,0.7114624381065369,0.28932806849479675
YDR224C,YGR037C,0,-1.0459449,0.197152242064476,0.7114624381065369,0.28972330689430237
YGL070C,YML131W,0,-1.0460383,0.19693654775619507,0.7114624381065369,0.29011857509613037
YOR256C,YDR531W,0,-1.0467795,0.19672131538391113,0.7114624381065369,0.2905138432979584
YIL115C,YOR198C,0,-1.0476037,0.1965065449476242,0.7114624381065369,0.290909081697464
YJR042W,YML131W,0,-1.0482641,0.19629225134849548,0.7114624381065369,0.291304349899292
YHR167W,YIL172C,0,-1.0484134,0.19607843458652496,0.7114624381065369,0.29169961810112
YNL294C,YGL227W,0,-1.0484396,0.19586506485939026,0.7114624381065369,0.2920948565006256
YDR324C,YJL013C,0,-1.0491521,0.19565217196941376,0.7114624381065369,0.2924901247024536
YJL170C,YDR107C,0,-1.0494856,0.19543974101543427,0.7114624381065369,0.29288536310195923
YGL195W,YJR097W,1,-1.0504,0.19631236791610718,0.7154150009155273,0.29288536310195923
YPR025C,YGR067C,0,-1.0506048,0.1960996687412262,0.7154150009155273,0.29328063130378723
YDR127W,YKL211C,0,-1.0520632,0.19588744640350342,0.7154150009155273,0.29367589950561523
YKL043W,YOR360C,0,-1.0522046,0.19567567110061646,0.7154150009155273,0.29407113790512085
YPL090C,YNL250W,0,-1.0522959,0.1954643577337265,0.7154150009155273,0.29446640610694885
YLR332W,YDL075W,0,-1.0527108,0.19525350630283356,0.7154150009155273,0.29486167430877686
YLR057W,YOR391C,0,-1.05277,0.19504310190677643,0.7154150009155273,0.29525691270828247
YHR032W,YDL103C,0,-1.0532135,0.1948331594467163,0.7154150009155273,0.2956521809101105
YGR009C,YDL100C,0,-1.0534075,0.1946236491203308,0.7154150009155273,0.2960474193096161
YHR172W,YGR240C,0,-1.0537194,0.19441460072994232,0.7154150009155273,0.2964426875114441
YMR171C,YBL051C,0,-1.053724,0.19420601427555084,0.7154150009155273,0.2968379557132721
YOR122C,YML005W,0,-1.0539197,0.19399785995483398,0.7154150009155273,0.2972331941127777
YOR047C,YER177W,0,-1.0555099,0.19379015266895294,0.7154150009155273,0.2976284623146057
YCL026C-A,YHL018W,0,-1.0555599,0.19358289241790771,0.7154150009155273,0.29802370071411133
YOR320C,YOR128C,0,-1.0565325,0.1933760643005371,0.7154150009155273,0.29841896891593933
YDL154W,YDR158W,0,-1.0566065,0.19316968321800232,0.7154150009155273,0.29881423711776733
YLR384C,YBR229C,0,-1.0574274,0.19296374917030334,0.7154150009155273,0.29920947551727295
YPR133C,YNL145W,0,-1.0580451,0.192758247256279,0.7154150009155273,0.29960474371910095
YLR286C,YDR031W,0,-1.0584226,0.19255319237709045,0.7154150009155273,0.30000001192092896
YKL012W,YDL109C,0,-1.0585088,0.19234856963157654,0.7154150009155273,0.30039525032043457
YLR414C,YLR378C,0,-1.0590148,0.19214437901973724,0.7154150009155273,0.3007905185222626
YFL062W,YLR052W,0,-1.0592235,0.19194062054157257,0.7154150009155273,0.3011857569217682
YPL023C,YBR205W,0,-1.0596094,0.19173729419708252,0.7154150009155273,0.3015810251235962
YJL216C,YPL239W,0,-1.0599966,0.1915343850851059,0.7154150009155273,0.3019762933254242
YMR221C,YMR080C,0,-1.0608703,0.1913319230079651,0.7154150009155273,0.3023715317249298
YBR302C,YCR094W,0,-1.0609925,0.1911298781633377,0.7154150009155273,0.3027667999267578
YEL048C,YHR138C,0,-1.0612217,0.19092826545238495,0.7154150009155273,0.3031620681285858
YLR372W,YJL074C,0,-1.062017,0.1907270848751068,0.7154150009155273,0.30355730652809143
YFL050C,YER139C,0,-1.0620519,0.1905263215303421,0.7154150009155273,0.30395257472991943
YGR204W,YKR105C,0,-1.0625972,0.19032597541809082,0.7154150009155273,0.30434781312942505
YER044C-A,YIL023C,0,-1.0633508,0.19012604653835297,0.7154150009155273,0.30474308133125305
YBR086C,YNL123W,0,-1.063604,0.18992654979228973,0.7154150009155273,0.30513834953308105
YGL195W,YJL102W,1,-1.0640014,0.19077567756175995,0.7193675637245178,0.30513834953308105
YBR279W,YLR216C,0,-1.0646162,0.19057591259479523,0.7193675637245178,0.30553358793258667
YDR375C,YLR304C,0,-1.0648221,0.19037656486034393,0.7193675637245178,0.3059288561344147
YGR014W,YCR045C,0,-1.0652817,0.19017763435840607,0.7193675637245178,0.3063241243362427
YDR261C,YER086W,0,-1.0655751,0.18997912108898163,0.7193675637245178,0.3067193627357483
YNL188W,YAL042W,0,-1.0658995,0.18978102505207062,0.7193675637245178,0.3071146309375763
YLR097C,YPR022C,0,-1.0669274,0.18958333134651184,0.7193675637245178,0.3075098693370819
YGR235C,YGL178W,0,-1.0669974,0.1893860548734665,0.7193675637245178,0.3079051375389099
YML074C,YIL109C,0,-1.0671668,0.18918919563293457,0.7193675637245178,0.3083004057407379
YLR132C,YIL023C,0,-1.0679975,0.1889927238225937,0.7193675637245178,0.30869564414024353
YAR008W,YER112W,0,-1.0680025,0.18879668414592743,0.7193675637245178,0.30909091234207153
YBL091C,YKL073W,0,-1.0682327,0.1886010318994522,0.7193675637245178,0.30948618054389954
YER053C,YKL192C,0,-1.0687752,0.18840579688549042,0.7193675637245178,0.30988141894340515
YDR127W,YOR077W,0,-1.0687876,0.18821096420288086,0.7193675637245178,0.31027668714523315
YPR097W,YFL036W,0,-1.0688127,0.18801653385162354,0.7193675637245178,0.31067192554473877
YOR061W,YDL130W-A,0,-1.0691439,0.18782249093055725,0.7193675637245178,0.3110671937465668
YNR061C,YLR014C,0,-1.0702206,0.1876288652420044,0.7193675637245178,0.3114624619483948
YKR065C,YIL014W,0,-1.070852,0.18743562698364258,0.7193675637245178,0.3118577003479004
YIL085C,YDR363W-A,0,-1.0712355,0.187242791056633,0.7193675637245178,0.3122529685497284
YNR046W,YNL005C,0,-1.0715508,0.18705035746097565,0.7193675637245178,0.312648206949234
YGL189C,YMR052W,0,-1.0717567,0.18685831129550934,0.7193675637245178,0.313043475151062
YKL081W,YJL102W,1,-1.071948,0.1876923143863678,0.7233201861381531,0.313043475151062
YLR308W,YJL012C,0,-1.0720432,0.1875,0.7233201861381531,0.31343874335289
YOR133W,YJL102W,1,-1.0720482,0.18833163380622864,0.7272727489471436,0.31343874335289
YBR221C,YOR336W,0,-1.0720794,0.18813906610012054,0.7272727489471436,0.31383398175239563
YKL176C,YDR446W,0,-1.0729053,0.1879468858242035,0.7272727489471436,0.31422924995422363
YPL145C,YHR154W,0,-1.0730039,0.18775510787963867,0.7272727489471436,0.31462451815605164
YGR122W,YDL018C,0,-1.0739136,0.1875637173652649,0.7272727489471436,0.31501975655555725
YDR257C,YLR095C,0,-1.0741826,0.18737271428108215,0.7272727489471436,0.31541502475738525
YLR249W,YJL102W,1,-1.0751783,0.18819938600063324,0.731225311756134,0.31541502475738525
YDL212W,YER042W,0,-1.0753863,0.1880081295967102,0.731225311756134,0.31581026315689087
YBR135W,YPR096C,0,-1.0773697,0.1878172606229782,0.731225311756134,0.31620553135871887
YGR178C,YKL216W,0,-1.0780201,0.18762677907943726,0.731225311756134,0.3166007995605469
YBR024W,YDL109C,0,-1.0786501,0.18743667006492615,0.731225311756134,0.3169960379600525
YMR314W,YGL160W,0,-1.0786644,0.18724696338176727,0.731225311756134,0.3173913061618805
YER025W,YDR361C,0,-1.0792925,0.18705762922763824,0.731225311756134,0.3177865743637085
YLR357W,YOR153W,0,-1.0796307,0.18686868250370026,0.731225311756134,0.3181818127632141
YMR128W,YPR101W,0,-1.0797383,0.1866801232099533,0.731225311756134,0.3185770809650421
YDR362C,YKL192C,0,-1.0803268,0.1864919364452362,0.731225311756134,0.31897231936454773
YAR042W,YML114C,0,-1.080364,0.18630412220954895,0.731225311756134,0.31936758756637573
YCR038C,YLR377C,0,-1.0804278,0.18611669540405273,0.731225311756134,0.31976285576820374
YHR215W,YBR175W,0,-1.0807751,0.18592964112758636,0.731225311756134,0.32015809416770935
YNL045W,YBR213W,0,-1.0808673,0.18574297428131104,0.731225311756134,0.32055336236953735
YDR115W,YCL045C,0,-1.0810643,0.18555666506290436,0.731225311756134,0.32094863057136536
YOR065W,YHR141C,0,-1.0811372,0.18537074327468872,0.731225311756134,0.32134386897087097
YFR053C,YPR029C,0,-1.0818125,0.18518517911434174,0.731225311756134,0.321739137172699
YLR194C,YBR083W,0,-1.082298,0.1850000023841858,0.731225311756134,0.3221343755722046
YOL020W,YDR318W,0,-1.08244,0.1848151832818985,0.731225311756134,0.3225296437740326
YEL020C,YBR091C,0,-1.0825567,0.18463073670864105,0.731225311756134,0.3229249119758606
YJR135W-A,YKL178C,0,-1.0834056,0.18444666266441345,0.731225311756134,0.3233201503753662
YDL155W,YDL130W-A,0,-1.0838462,0.1842629462480545,0.731225311756134,0.3237154185771942
YPL040C,YFL016C,0,-1.0841641,0.1840796023607254,0.731225311756134,0.3241106867790222
YLR398C,YDR375C,0,-1.0842513,0.18389661610126495,0.731225311756134,0.32450592517852783
YLR067C,YMR303C,0,-1.0843625,0.18371400237083435,0.731225311756134,0.32490119338035583
YPR075C,YAL001C,0,-1.0857421,0.1835317462682724,0.731225311756134,0.32529643177986145
YDL099W,YCR058C,0,-1.0864741,0.1833498477935791,0.731225311756134,0.32569169998168945
YIL049W,YOL041C,0,-1.0866522,0.18316832184791565,0.731225311756134,0.32608696818351746
YNL086W,YIL041W,0,-1.0870892,0.18298713862895966,0.731225311756134,0.32648220658302307
YPL023C,YOR034C,0,-1.0873598,0.1828063279390335,0.731225311756134,0.3268774747848511
YAL023C,YKR077W,0,-1.0876244,0.18262585997581482,0.731225311756134,0.3272727131843567
YJL118W,YKR061W,0,-1.0877143,0.18244576454162598,0.731225311756134,0.3276679813861847
YGL011C,YNL031C,0,-1.0880762,0.1822660118341446,0.731225311756134,0.3280632495880127
YDL114W,YGL155W,0,-1.0883013,0.18208661675453186,0.731225311756134,0.3284584879875183
YOR130C,YOR221C,0,-1.0897936,0.1819075644016266,0.731225311756134,0.3288537561893463
YGL098W,YHR161C,0,-1.090078,0.18172888457775116,0.731225311756134,0.3292490243911743
YDR040C,YJL179W,0,-1.0910437,0.181550532579422,0.731225311756134,0.32964426279067993
YBR295W,YKR095W-A,0,-1.0910959,0.18137255311012268,0.731225311756134,0.33003953099250793
YDR214W,YPL085W,0,-1.09111,0.18119490146636963,0.731225311756134,0.33043476939201355
YHR204W,YIL117C,0,-1.0911409,0.18101760745048523,0.731225311756134,0.33083003759384155
YPL132W,YDL232W,0,-1.0912415,0.18084067106246948,0.731225311756134,0.33122530579566956
YPL224C,YPL249C,0,-1.0913268,0.1806640625,0.731225311756134,0.33162054419517517
YDR120C,YLR385C,0,-1.0914589,0.18048781156539917,0.731225311756134,0.3320158123970032
YHR003C,YIL144W,0,-1.0917336,0.1803118884563446,0.731225311756134,0.3324110805988312
YFR047C,YHR143W-A,0,-1.0921146,0.1801363229751587,0.731225311756134,0.3328063189983368
YBL022C,YJL179W,0,-1.0923733,0.17996108531951904,0.731225311756134,0.3332015872001648
YOL052C-A,YAL010C,0,-1.0926054,0.17978620529174805,0.731225311756134,0.3335968255996704
YJL045W,YIL069C,0,-1.0930921,0.17961165308952332,0.731225311756134,0.3339920938014984
YLR340W,YNL063W,1,-1.0935585,0.18040737509727478,0.7351778745651245,0.3339920938014984
YCR009C,YOR063W,0,-1.0949923,0.18023255467414856,0.7351778745651245,0.3343873620033264
YPL030W,YMR247C,0,-1.0953844,0.1800580769777298,0.7351778745651245,0.33478260040283203
YDL180W,YLR368W,0,-1.0955737,0.1798839420080185,0.7351778745651245,0.33517786860466003
YNL139C,YGL047W,0,-1.09623,0.17971014976501465,0.7351778745651245,0.33557313680648804
YNL086W,YLR373C,0,-1.0962924,0.17953668534755707,0.7351778745651245,0.33596837520599365
YKL140W,YPL215W,0,-1.097565,0.17936354875564575,0.7351778745651245,0.33636364340782166
YLR132C,YGL196W,0,-1.0977104,0.1791907548904419,0.7351778745651245,0.33675888180732727
YOL126C,YGR283C,0,-1.0979247,0.1790182888507843,0.7351778745651245,0.3371541500091553
YKL191W,YJL102W,1,-1.0984541,0.17980769276618958,0.739130437374115,0.3371541500091553
YGR082W,YDL127W,0,-1.0989225,0.1796349734067917,0.739130437374115,0.3375494182109833
YML091C,YGR148C,0,-1.0991063,0.17946256697177887,0.739130437374115,0.3379446566104889
YGL129C,YGR157W,0,-1.0991784,0.1792905032634735,0.739130437374115,0.3383399248123169
YGL097W,YDL108W,0,-1.0996659,0.17911876738071442,0.739130437374115,0.3387351632118225
YNR022C,YPL013C,0,-1.099816,0.17894737422466278,0.739130437374115,0.3391304314136505
YEL039C,YIL023C,0,-1.1006335,0.17877629399299622,0.739130437374115,0.3395256996154785
YNL227C,YLR283W,0,-1.1009654,0.17860554158687592,0.739130437374115,0.33992093801498413
YER147C,YDR348C,0,-1.1017388,0.17843511700630188,0.739130437374115,0.34031620621681213
YFR016C,YDR299W,0,-1.1022491,0.1782650202512741,0.739130437374115,0.34071147441864014
YGL077C,YMR251W-A,0,-1.1026968,0.1780952364206314,0.739130437374115,0.34110671281814575
YML055W,YGL161C,0,-1.1029685,0.17792578041553497,0.739130437374115,0.34150198101997375
YER068W,YOR337W,0,-1.1029698,0.1777566522359848,0.739130437374115,0.34189721941947937
YNL152W,YML101C,0,-1.1031548,0.1775878369808197,0.739130437374115,0.3422924876213074
YLR075W,YDL076C,0,-1.1048071,0.17741934955120087,0.739130437374115,0.3426877558231354
YNL136W,YBR022W,0,-1.1052703,0.1772511899471283,0.739130437374115,0.343082994222641
YML081W,YJR014W,0,-1.1053717,0.1770833283662796,0.739130437374115,0.343478262424469
YGR254W,YBR142W,0,-1.1055715,0.17691579461097717,0.739130437374115,0.343873530626297
YNL130C,YDL127W,0,-1.1057382,0.176748588681221,0.739130437374115,0.3442687690258026
YLR136C,YOR336W,0,-1.1057802,0.17658168077468872,0.739130437374115,0.3446640372276306
YBR038W,YDR447C,0,-1.108503,0.1764151006937027,0.739130437374115,0.34505927562713623
YEL048C,YHR065C,0,-1.1089675,0.17624881863594055,0.739130437374115,0.34545454382896423
YCL039W,YKL052C,0,-1.1095064,0.17608286440372467,0.739130437374115,0.34584981203079224
YKL046C,YIR022W,0,-1.1102424,0.17591720819473267,0.739130437374115,0.34624505043029785
YBL069W,YNR052C,0,-1.1112329,0.17575187981128693,0.739130437374115,0.34664031863212585
YNR069C,YDR318W,0,-1.1113155,0.17558684945106506,0.739130437374115,0.34703558683395386
YGL012W,YER167W,0,-1.1115102,0.17542213201522827,0.739130437374115,0.3474308252334595
YLR340W,YOL039W,1,-1.1118042,0.1761949360370636,0.7430830001831055,0.3474308252334595
YLR304C,YMR076C,0,-1.1128827,0.1760299652814865,0.7430830001831055,0.3478260934352875
YGR101W,YHR115C,0,-1.114062,0.1758652925491333,0.7430830001831055,0.3482213318347931
YHR050W,YPL149W,0,-1.1152116,0.17570093274116516,0.7430830001831055,0.3486166000366211
YMR247C,YFR053C,0,-1.1155988,0.1755368858575821,0.7430830001831055,0.3490118682384491
YLR413W,YJR153W,0,-1.1156461,0.1753731369972229,0.7430830001831055,0.3494071066379547
YDR513W,YML096W,0,-1.1157644,0.17520968616008759,0.7430830001831055,0.3498023748397827
YLR312C-B,YNL061W,0,-1.1163079,0.17504654824733734,0.7430830001831055,0.3501976430416107
YPR058W,YPL091W,0,-1.1171806,0.17488372325897217,0.7430830001831055,0.35059288144111633
YJL101C,YDL020C,0,-1.117379,0.17472119629383087,0.7430830001831055,0.35098814964294434
YLL022C,YJR145C,0,-1.1181688,0.17455896735191345,0.7430830001831055,0.35138338804244995
YDL081C,YPL048W,1,-1.1182717,0.1753246784210205,0.747035562992096,0.35138338804244995
YKL048C,YML101C,0,-1.1185931,0.1751621812582016,0.747035562992096,0.35177865624427795
YDR261C,YMR088C,0,-1.119433,0.17499999701976776,0.747035562992096,0.35217392444610596
YER118C,YML116W,0,-1.119486,0.1748381108045578,0.747035562992096,0.3525691628456116
YDR091C,YOL140W,0,-1.1199286,0.17467652261257172,0.747035562992096,0.3529644310474396
YGR152C,YKL109W,0,-1.1202395,0.1745152324438095,0.747035562992096,0.3533596694469452
YLR399C,YGL001C,0,-1.1207002,0.17435424029827118,0.747035562992096,0.3537549376487732
YCR043C,YNL322C,0,-1.1207293,0.17419354617595673,0.747035562992096,0.3541502058506012
YGR212W,YNL137C,0,-1.1210164,0.17403315007686615,0.747035562992096,0.3545454442501068
YBL047C,YAL047C,0,-1.121352,0.17387305200099945,0.747035562992096,0.3549407124519348
YML106W,YBR056W,0,-1.121452,0.17371323704719543,0.747035562992096,0.3553359806537628
YGL232W,YGR035C,0,-1.1214635,0.1735537201166153,0.747035562992096,0.35573121905326843
YOR210W,YML047C,0,-1.121722,0.17339450120925903,0.747035562992096,0.35612648725509644
YAL009W,YDR234W,0,-1.1217581,0.17323556542396545,0.747035562992096,0.35652172565460205
YOR133W,YNL063W,1,-1.1221445,0.17399267852306366,0.7509881258010864,0.35652172565460205
YDR121W,YKL192C,0,-1.1221737,0.17383348941802979,0.7509881258010864,0.35691699385643005
YML092C,YMR205C,0,-1.1234577,0.1736745834350586,0.7509881258010864,0.35731226205825806
YPL242C,YDR330W,0,-1.123631,0.17351597547531128,0.7509881258010864,0.35770750045776367
YAL044C,YMR215W,0,-1.1236575,0.17335766553878784,0.7509881258010864,0.3581027686595917
YOR076C,YOR295W,0,-1.1237105,0.1731996387243271,0.7509881258010864,0.3584980368614197
YDR190C,YGR129W,0,-1.1237206,0.17304189503192902,0.7509881258010864,0.3588932752609253
YPL215W,YJR017C,0,-1.123855,0.17288443446159363,0.7509881258010864,0.3592885434627533
YGL223C,YHR026W,0,-1.1245149,0.17272727191448212,0.7509881258010864,0.3596837818622589
YPR082C,YBR055C,0,-1.1255059,0.1725703924894333,0.7509881258010864,0.3600790500640869
YBR040W,YDL072C,0,-1.1260047,0.17241379618644714,0.7509881258010864,0.3604743182659149
YER133W,YDR005C,0,-1.1262417,0.17225748300552368,0.7509881258010864,0.36086955666542053
YDL231C,YLR446W,0,-1.1262541,0.1721014529466629,0.7509881258010864,0.36126482486724854
YLR430W,YDR177W,0,-1.1265669,0.1719457060098648,0.7509881258010864,0.36166009306907654
YPL256C,YGR109C,0,-1.1280162,0.1717902421951294,0.7509881258010864,0.36205533146858215
YPL081W,YIR002C,0,-1.1284125,0.17163504660129547,0.7509881258010864,0.36245059967041016
YNL014W,YPL048W,1,-1.1289189,0.1723826676607132,0.7549406886100769,0.36245059967041016
YER007C-A,YLL062C,0,-1.129024,0.17222723364830017,0.7549406886100769,0.36284583806991577
YCR089W,YER056C,0,-1.1291273,0.17207206785678864,0.7549406886100769,0.3632411062717438
YJR048W,YJL080C,0,-1.1301104,0.17191718518733978,0.7549406886100769,0.3636363744735718
YDR381W,YJR158W,0,-1.1309267,0.1717625856399536,0.7549406886100769,0.3640316128730774
YDR248C,YLR003C,0,-1.1311427,0.17160826921463013,0.7549406886100769,0.3644268810749054
YJR086W,YJR121W,0,-1.1313359,0.17145422101020813,0.7549406886100769,0.3648221492767334
YDR469W,YCL068C,0,-1.1321276,0.17130044102668762,0.7549406886100769,0.365217387676239
YCR063W,YGL029W,0,-1.1322441,0.171146959066391,0.7549406886100769,0.365612655878067
YLR008C,YGL167C,0,-1.1325114,0.17099373042583466,0.7549406886100769,0.36600789427757263
YML034W,YML133C,0,-1.1334363,0.170840784907341,0.7549406886100769,0.36640316247940063
YDR007W,YLR419W,0,-1.1337235,0.17068810760974884,0.7549406886100769,0.36679843068122864
YBL071W-A,YNL014W,1,-1.1347115,0.17142857611179352,0.7588932514190674,0.36679843068122864
YNL214W,YPL123C,0,-1.1349968,0.17127564549446106,0.7588932514190674,0.36719366908073425
YKL062W,YMR040W,0,-1.1355978,0.17112299799919128,0.7588932514190674,0.36758893728256226
YLR426W,YFR046C,0,-1.1364568,0.170970618724823,0.7588932514190674,0.36798417568206787
YCR047C,YFL029C,0,-1.1368192,0.1708185076713562,0.7588932514190674,0.3683794438838959
YLR090W,YDL188C,0,-1.1371162,0.1706666648387909,0.7588932514190674,0.3687747120857239
YGR122W,YGR206W,0,-1.1371667,0.17051510512828827,0.7588932514190674,0.3691699504852295
YCL011C,YOR167C,0,-1.1374921,0.17036379873752594,0.7588932514190674,0.3695652186870575
YDR221W,YDR158W,0,-1.1375166,0.1702127605676651,0.7588932514190674,0.3699604868888855
YOL157C,YOR150W,0,-1.1379434,0.17006200551986694,0.7588932514190674,0.3703557252883911
YCR024C-A,YJL035C,0,-1.13865,0.16991150379180908,0.7588932514190674,0.3707509934902191
YOR229W,YBR189W,0,-1.1387838,0.1697612702846527,0.7588932514190674,0.37114623188972473
YCR009C,YNL146W,0,-1.1396353,0.16961130499839783,0.7588932514190674,0.37154150009155273
YBR205W,YPL169C,0,-1.1404359,0.16946160793304443,0.7588932514190674,0.37193676829338074
YCL067C,YMR009W,0,-1.141092,0.16931216418743134,0.7588932514190674,0.37233200669288635
YOR361C,YHR115C,0,-1.1412176,0.16916298866271973,0.7588932514190674,0.37272727489471436
YGR080W,YLR453C,0,-1.1417872,0.1690140813589096,0.7588932514190674,0.37312254309654236
YMR286W,YGR277C,0,-1.1419868,0.16886544227600098,0.7588932514190674,0.373517781496048
YOR249C,YJR123W,0,-1.1421115,0.16871704161167145,0.7588932514190674,0.373913049697876
YDL092W,YNL063W,1,-1.1424162,0.1694468855857849,0.7628458738327026,0.373913049697876
YGL195W,YNL063W,1,-1.1426898,0.1701754331588745,0.7667984366416931,0.373913049697876
YPL057C,YCL035C,0,-1.142989,0.1700262874364853,0.7667984366416931,0.3743082880973816
YOR174W,YGL184C,0,-1.1430141,0.16987740993499756,0.7667984366416931,0.3747035562992096
YDR276C,YBL045C,0,-1.1430435,0.16972878575325012,0.7667984366416931,0.3750988245010376
YGL249W,YGR017W,0,-1.1434208,0.16958041489124298,0.7667984366416931,0.3754940629005432
YIL162W,YGR148C,0,-1.1435369,0.16943231225013733,0.7667984366416931,0.3758893311023712
YMR226C,YGR188C,0,-1.1438313,0.16928446292877197,0.7667984366416931,0.3762845993041992
YJL091C,YKL208W,0,-1.1438663,0.1691368818283081,0.7667984366416931,0.37667983770370483
YJL184W,YNL071W,0,-1.1439508,0.16898955404758453,0.7667984366416931,0.37707510590553284
YML106W,YBR239C,0,-1.1440059,0.16884246468544006,0.7667984366416931,0.37747034430503845
YBR139W,YDR309C,0,-1.1440071,0.16869565844535828,0.7667984366416931,0.37786561250686646
YLR102C,YDR463W,0,-1.1441486,0.1685490906238556,0.7667984366416931,0.37826088070869446
YNL125C,YMR100W,0,-1.1444095,0.1684027761220932,0.7667984366416931,0.3786561191082001
YLR234W,YDR506C,0,-1.1447254,0.1682567149400711,0.7667984366416931,0.3790513873100281
YCR018C,YLR155C,0,-1.1452414,0.1681109219789505,0.7667984366416931,0.3794466257095337
YJR093C,YLR128W,0,-1.1452494,0.167965367436409,0.7667984366416931,0.3798418939113617
YAR042W,YGL047W,0,-1.1452775,0.1678200662136078,0.7667984366416931,0.3802371621131897
YKL096W,YNL169C,0,-1.1453943,0.16767501831054688,0.7667984366416931,0.3806324005126953
YJL041W,YOL117W,0,-1.1454134,0.16753022372722626,0.7667984366416931,0.3810276687145233
YCL050C,YNL291C,0,-1.1456864,0.16738568246364594,0.7667984366416931,0.3814229369163513
YGR068C,YOR381W,0,-1.1472726,0.16724137961864471,0.7667984366416931,0.38181817531585693
YDR214W,YGL089C,0,-1.1473786,0.1670973300933838,0.7667984366416931,0.38221344351768494
YGR189C,YNL030W,0,-1.1477554,0.16695353388786316,0.7667984366416931,0.38260868191719055
YMR183C,YOL091W,0,-1.148051,0.16680997610092163,0.7667984366416931,0.38300395011901855
YLR410W,YOR122C,0,-1.1489466,0.1666666716337204,0.7667984366416931,0.38339921832084656
YKL141W,YLR095C,0,-1.1494976,0.16652360558509827,0.7667984366416931,0.3837944567203522
YJL164C,YLL024C,0,-1.1495225,0.16638079285621643,0.7667984366416931,0.3841897249221802
YJL076W,YPL021W,0,-1.1497374,0.1662382185459137,0.7667984366416931,0.3845849931240082
YEL038W,YER141W,0,-1.1497488,0.16609589755535126,0.7667984366416931,0.3849802315235138
YCR024C-A,YLR155C,0,-1.1502476,0.16595380008220673,0.7667984366416931,0.3853754997253418
YML070W,YDL075W,0,-1.1504514,0.16581197082996368,0.7667984366416931,0.3857707381248474
YEL046C,YNL323W,0,-1.150635,0.16567036509513855,0.7667984366416931,0.3861660063266754
YDL092W,YJR097W,1,-1.1507517,0.16638225317001343,0.7707509994506836,0.3861660063266754
YPR097W,YJR027W,0,-1.1514722,0.1662404090166092,0.7707509994506836,0.3865612745285034
YFR030W,YMR311C,0,-1.1517669,0.16609880328178406,0.7707509994506836,0.38695651292800903
YPL048W,YAL003W,1,-1.152257,0.16680851578712463,0.7747035622596741,0.38695651292800903
YLR069C,YJR097W,1,-1.1524631,0.16751700639724731,0.7786561250686646,0.38695651292800903
YNL181W,YKL079W,0,-1.1545188,0.16737468540668488,0.7786561250686646,0.38735178112983704
YFR025C,YNL094W,0,-1.154608,0.16723260283470154,0.7786561250686646,0.38774704933166504
YLL035W,YOR078W,0,-1.1547,0.1670907586812973,0.7786561250686646,0.38814228773117065
YPL019C,YJL116C,0,-1.1552533,0.16694915294647217,0.7786561250686646,0.38853755593299866
YGR135W,YMR277W,0,-1.1557766,0.16680778563022614,0.7786561250686646,0.3889327943325043
YIL123W,YLL062C,0,-1.1563145,0.1666666716337204,0.7786561250686646,0.3893280625343323
YDR394W,YDR322C-A,0,-1.1565995,0.16652578115463257,0.7786561250686646,0.3897233307361603
YHR052W,YCR088W,0,-1.1578847,0.16638512909412384,0.7786561250686646,0.3901185691356659
YEL024W,YAL053W,0,-1.15827,0.1662447303533554,0.7786561250686646,0.3905138373374939
YML011C,YER044C,0,-1.1591341,0.16610455513000488,0.7786561250686646,0.3909091055393219
YDR287W,YOR389W,0,-1.159233,0.16596461832523346,0.7786561250686646,0.3913043439388275
YGL085W,YDL098C,0,-1.1603938,0.16582491993904114,0.7786561250686646,0.3916996121406555
YLR248W,YBR023C,0,-1.1612815,0.16568544507026672,0.7786561250686646,0.39209485054016113
YIR003W,YIL034C,0,-1.1615367,0.1655462235212326,0.7786561250686646,0.39249011874198914
YHR196W,YML091C,0,-1.1620197,0.1654072254896164,0.7786561250686646,0.39288538694381714
YOR303W,YLR155C,0,-1.162097,0.1652684509754181,0.7786561250686646,0.39328062534332275
YOL034W,YOL052C-A,0,-1.1624035,0.16512992978096008,0.7786561250686646,0.39367589354515076
YJR001W,YLL028W,0,-1.1624418,0.16499163210391998,0.7786561250686646,0.39407113194465637
YDR086C,YMR251W-A,0,-1.1628147,0.1648535579442978,0.7786561250686646,0.3944664001464844
YER184C,YGL047W,0,-1.164525,0.1647157222032547,0.7786561250686646,0.3948616683483124
YJL160C,YNL210W,0,-1.1648996,0.16457810997962952,0.7786561250686646,0.395256906747818
YGR135W,YGR284C,0,-1.1653855,0.16444073617458344,0.7786561250686646,0.395652174949646
YDR341C,YER072W,0,-1.1656034,0.16430358588695526,0.7786561250686646,0.396047443151474
YDR168W,YOL016C,0,-1.1663307,0.1641666740179062,0.7786561250686646,0.3964426815509796
YAL001C,YGL184C,0,-1.1676576,0.16402997076511383,0.7786561250686646,0.3968379497528076
YNL166C,YGL119W,0,-1.1680278,0.16389350593090057,0.7786561250686646,0.39723318815231323
YDR326C,YDL104C,0,-1.1685749,0.16375727951526642,0.7786561250686646,0.39762845635414124
YIL063C,YJR064W,0,-1.1691711,0.16362126171588898,0.7786561250686646,0.39802372455596924
YDR045C,YLR229C,0,-1.1697828,0.16348548233509064,0.7786561250686646,0.39841896295547485
YHL015W,YLR307W,0,-1.170056,0.163349911570549,0.7786561250686646,0.39881423115730286
YMR262W,YIL040W,0,-1.1710403,0.1632145792245865,0.7786561250686646,0.39920949935913086
YHR196W,YNR052C,0,-1.1711476,0.16307947039604187,0.7786561250686646,0.3996047377586365
YCR031C,YCL047C,0,-1.1717393,0.16294458508491516,0.7786561250686646,0.4000000059604645
YKL063C,YPR140W,0,-1.1720766,0.16280992329120636,0.7786561250686646,0.4003952443599701
YAL001C,YIL096C,0,-1.1724966,0.16267547011375427,0.7786561250686646,0.4007905125617981
YGR090W,YOR374W,0,-1.1728574,0.1625412553548813,0.7786561250686646,0.4011857807636261
YDL119C,YER078C,0,-1.1729842,0.16240724921226501,0.7786561250686646,0.4015810191631317
YEL060C,YGL250W,0,-1.1729954,0.16227348148822784,0.7786561250686646,0.4019762873649597
YHR043C,YGL156W,0,-1.1733727,0.1621399223804474,0.7786561250686646,0.4023715555667877
YLR068W,YKR031C,0,-1.1733732,0.16200657188892365,0.7786561250686646,0.40276679396629333
YMR236W,YIL007C,0,-1.1736982,0.161873459815979,0.7786561250686646,0.40316206216812134
YBR149W,YDL144C,0,-1.1744354,0.16174055635929108,0.7786561250686646,0.40355730056762695
YPL048W,YFR009W,1,-1.1748041,0.16242821514606476,0.782608687877655,0.40355730056762695
YIL154C,YGR178C,0,-1.1749727,0.16229508817195892,0.782608687877655,0.40395256876945496
YKL145W,YGR097W,0,-1.1754801,0.1621621549129486,0.782608687877655,0.40434783697128296
YPL232W,YGL226W,0,-1.175964,0.1620294600725174,0.782608687877655,0.4047430753707886
YCR040W,YPL209C,0,-1.1760055,0.1618969738483429,0.782608687877655,0.4051383435726166
YNL136W,YEL034W,0,-1.1760494,0.1617647111415863,0.782608687877655,0.4055335819721222
YLR413W,YOR371C,0,-1.1761135,0.16163265705108643,0.782608687877655,0.4059288501739502
YLR174W,YGR002C,0,-1.1762564,0.16150081157684326,0.782608687877655,0.4063241183757782
YOL061W,YNL270C,0,-1.1775067,0.161369189620018,0.782608687877655,0.4067193567752838
YML046W,YDL102W,0,-1.1775348,0.16123779118061066,0.782608687877655,0.4071146249771118
YDR469W,YKR038C,0,-1.1777661,0.16110658645629883,0.782608687877655,0.4075098931789398
YJL002C,YBR069C,0,-1.1783957,0.1609756052494049,0.782608687877655,0.40790513157844543
YLR220W,YKR001C,0,-1.1790495,0.1608448475599289,0.782608687877655,0.40830039978027344
YDL102W,YEL044W,0,-1.1795683,0.1607142835855484,0.782608687877655,0.40869563817977905
YCL033C,YDR487C,0,-1.1800128,0.16058394312858582,0.782608687877655,0.40909090638160706
YBR139W,YDR188W,0,-1.1801386,0.16045381128787994,0.782608687877655,0.40948617458343506
YOR361C,YOR011W,0,-1.1806376,0.1603238880634308,0.782608687877655,0.4098814129829407
YIL138C,YDR434W,0,-1.1811098,0.16019417345523834,0.782608687877655,0.4102766811847687
YLR332W,YPL049C,0,-1.1811925,0.1600646674633026,0.782608687877655,0.4106719493865967
YER061C,YGR129W,0,-1.1817389,0.1599353849887848,0.782608687877655,0.4110671877861023
YOR033C,YCR016W,0,-1.1817795,0.1598062962293625,0.782608687877655,0.4114624559879303
YGL009C,YOR389W,0,-1.1822176,0.1596774160861969,0.782608687877655,0.4118576943874359
YHR098C,YLR373C,0,-1.1827247,0.15954874455928802,0.782608687877655,0.4122529625892639
YNL096C,YIL075C,0,-1.182878,0.15942029654979706,0.782608687877655,0.4126482307910919
YIL027C,YNR012W,0,-1.1829287,0.1592920422554016,0.782608687877655,0.41304346919059753
YCR028C-A,YGR188C,0,-1.1832983,0.15916398167610168,0.782608687877655,0.41343873739242554
YLR220W,YML016C,0,-1.1834108,0.15903614461421967,0.782608687877655,0.41383400559425354
YIL126W,YOR198C,0,-1.1851375,0.15890850126743317,0.782608687877655,0.41422924399375916
YHL035C,YDL222C,0,-1.185439,0.15878108143806458,0.782608687877655,0.41462451219558716
YGL013C,YIL097W,0,-1.1868199,0.1586538404226303,0.782608687877655,0.4150197505950928
YOR354C,YPR174C,0,-1.1868571,0.15852682292461395,0.782608687877655,0.4154150187969208
YGR240C,YGL181W,0,-1.1868759,0.15839999914169312,0.782608687877655,0.4158102869987488
YDR313C,YMR036C,0,-1.1870035,0.158273383975029,0.782608687877655,0.4162055253982544
YMR139W,YMR216C,0,-1.1877992,0.1581469625234604,0.782608687877655,0.4166007936000824
YDR110W,YLR010C,0,-1.1878761,0.1580207496881485,0.782608687877655,0.4169960618019104
YPL237W,YCR023C,0,-1.1879438,0.15789473056793213,0.782608687877655,0.417391300201416
YMR262W,YMR233W,0,-1.1894323,0.15776892006397247,0.782608687877655,0.417786568403244
YIL111W,YJR059W,0,-1.1896214,0.15764331817626953,0.782608687877655,0.41818180680274963
YNR055C,YNL339C,0,-1.1901122,0.15751789510250092,0.782608687877655,0.41857707500457764
YNR045W,YHR104W,0,-1.1902132,0.157392680644989,0.782608687877655,0.41897234320640564
YBR229C,YAL028W,0,-1.1902894,0.15726767480373383,0.782608687877655,0.41936758160591125
YGR001C,YMR045C,0,-1.1905752,0.15714286267757416,0.782608687877655,0.41976284980773926
YML065W,YIL069C,0,-1.190588,0.15701824426651,0.782608687877655,0.4201580882072449
YLR287C-A,YGR193C,0,-1.1905899,0.15689381957054138,0.782608687877655,0.4205533564090729
YOR319W,YGR001C,0,-1.190661,0.15676960349082947,0.782608687877655,0.4209486246109009
YHL007C,YJL121C,0,-1.1914712,0.15664556622505188,0.782608687877655,0.4213438630104065
YFL026W,YNL317W,0,-1.191486,0.156521737575531,0.782608687877655,0.4217391312122345
YOR043W,YGR189C,0,-1.1915984,0.15639810264110565,0.782608687877655,0.4221343994140625
YEL017C-A,YCR065W,0,-1.1929469,0.15627466142177582,0.782608687877655,0.4225296378135681
YJR065C,YDL101C,0,-1.1931759,0.1561514139175415,0.782608687877655,0.4229249060153961
YAR066W,YOR079C,0,-1.1933511,0.1560283750295639,0.782608687877655,0.42332014441490173
YER144C,YHR050W,0,-1.1936477,0.15590551495552063,0.782608687877655,0.42371541261672974
YIL162W,YGR271C-A,0,-1.1942577,0.15578284859657288,0.782608687877655,0.42411068081855774
YLR390W-A,YHL018W,0,-1.1943195,0.15566037595272064,0.782608687877655,0.42450591921806335
YNL330C,YNL321W,0,-1.1944586,0.15553809702396393,0.782608687877655,0.42490118741989136
YFL025C,YLR284C,0,-1.1945401,0.15541601181030273,0.782608687877655,0.42529645562171936
YDR385W,YJL102W,1,-1.194648,0.15607842803001404,0.7865612506866455,0.42529645562171936
YGR030C,YBR211C,0,-1.1950924,0.15595611929893494,0.7865612506866455,0.425691694021225
YCR033W,YPL212C,0,-1.195293,0.15583398938179016,0.7865612506866455,0.426086962223053
YBR201W,YDR289C,0,-1.1961126,0.1557120531797409,0.7865612506866455,0.4264822006225586
YDR128W,YGR142W,0,-1.1970797,0.15559031069278717,0.7865612506866455,0.4268774688243866
YGL245W,YCR005C,0,-1.1973832,0.15546874701976776,0.7865612506866455,0.4272727370262146
YDL081C,YJL102W,1,-1.1977582,0.15612801909446716,0.790513813495636,0.4272727370262146
YPL095C,YAR003W,0,-1.1984237,0.15600624680519104,0.790513813495636,0.4276679754257202
YJL001W,YJL212C,0,-1.1988429,0.15588463842868805,0.790513813495636,0.4280632436275482
YJL069C,YBR211C,0,-1.1992815,0.15576323866844177,0.790513813495636,0.4284585118293762
YGL035C,YDR398W,0,-1.1993271,0.15564201772212982,0.790513813495636,0.42885375022888184
YKL004W,YPL174C,0,-1.1996517,0.1555209904909134,0.790513813495636,0.42924901843070984
YJL174W,YGL125W,0,-1.1998479,0.15540015697479248,0.790513813495636,0.42964425683021545
YLL013C,YPL233W,0,-1.1998515,0.1552795022726059,0.790513813495636,0.43003952503204346
YGR135W,YNR030W,0,-1.2001777,0.15515904128551483,0.790513813495636,0.43043479323387146
YPR199C,YMR017W,0,-1.2007599,0.1550387591123581,0.790513813495636,0.4308300316333771
YPL096C-A,YLR093C,0,-1.2009044,0.15491867065429688,0.790513813495636,0.4312252998352051
YDR399W,YFR034C,0,-1.2009213,0.15479876101016998,0.790513813495636,0.4316205680370331
YHR206W,YPL038W,0,-1.2033434,0.1546790450811386,0.790513813495636,0.4320158064365387
YJR095W,YBR114W,0,-1.2035353,0.15455950796604156,0.790513813495636,0.4324110746383667
YCR017C,YBR180W,0,-1.2037106,0.15444014966487885,0.790513813495636,0.4328063130378723
YDR084C,YBR171W,0,-1.204192,0.15432098507881165,0.790513813495636,0.4332015812397003
YHR194W,YGR183C,0,-1.2052374,0.15420199930667877,0.790513813495636,0.4335968494415283
YDL081C,YNL063W,1,-1.2060485,0.15485362708568573,0.7944663763046265,0.4335968494415283
YPR141C,YDR363W-A,0,-1.2067381,0.15473441779613495,0.7944663763046265,0.43399208784103394
YLR414C,YNL286W,0,-1.2068073,0.1546153873205185,0.7944663763046265,0.43438735604286194
YPR145W,YPL149W,0,-1.2068125,0.15449653565883636,0.7944663763046265,0.43478259444236755
YIL110W,YOL021C,0,-1.2074845,0.15437787771224976,0.7944663763046265,0.43517786264419556
YDL211C,YGL206C,0,-1.207525,0.15425939857959747,0.7944663763046265,0.43557313084602356
YGL175C,YLR355C,0,-1.2079961,0.15414109826087952,0.7944663763046265,0.4359683692455292
YLR246W,YJR009C,0,-1.2080879,0.15402299165725708,0.7944663763046265,0.4363636374473572
YLR015W,YJR159W,0,-1.2083598,0.15390504896640778,0.7944663763046265,0.4367589056491852
YBL009W,YJL073W,0,-1.2084563,0.153787299990654,0.7944663763046265,0.4371541440486908
YLR186W,YER021W,0,-1.2086213,0.15366972982883453,0.7944663763046265,0.4375494122505188
YHR028C,YHR103W,0,-1.2090019,0.1535523235797882,0.7944663763046265,0.4379446506500244
YDR384C,YDR163W,0,-1.2096076,0.1534351110458374,0.7944663763046265,0.4383399188518524
YNL286W,YLR014C,0,-1.2098439,0.15331807732582092,0.7944663763046265,0.4387351870536804
YLR017W,YPR098C,0,-1.210364,0.15320122241973877,0.7944663763046265,0.43913042545318604
YGL038C,YPL032C,0,-1.2104688,0.15308454632759094,0.7944663763046265,0.43952569365501404
YGR191W,YPR122W,0,-1.2111105,0.15296803414821625,0.7944663763046265,0.43992096185684204
YIL056W,YBR267W,0,-1.2111619,0.15285171568393707,0.7944663763046265,0.44031620025634766
YOL133W,YOR391C,0,-1.2114646,0.15273556113243103,0.7944663763046265,0.44071146845817566
YLR370C,YNL221C,0,-1.2115641,0.15261958539485931,0.7944663763046265,0.4411067068576813
YLR288C,YIL162W,0,-1.211837,0.15250378847122192,0.7944663763046265,0.4415019750595093
YGR217W,YBR153W,0,-1.2124026,0.15238817036151886,0.7944663763046265,0.4418972432613373
YHR070W,YKL100C,0,-1.2132585,0.15227273106575012,0.7944663763046265,0.4422924816608429
YNL251C,YLR001C,0,-1.2135711,0.15215745568275452,0.7944663763046265,0.4426877498626709
YPL145C,YJR001W,0,-1.2155353,0.15204235911369324,0.7944663763046265,0.4430830180644989
YBR296C,YLR003C,0,-1.2159181,0.15192744135856628,0.7944663763046265,0.4434782564640045
YFL055W,YBR057C,0,-1.2174835,0.15181268751621246,0.7944663763046265,0.4438735246658325
YLR216C,YLR128W,0,-1.2176993,0.15169811248779297,0.7944663763046265,0.44426876306533813
YGL106W,YOR060C,0,-1.2179644,0.1515837162733078,0.7944663763046265,0.44466403126716614
YDR354W,YGL128C,0,-1.2186468,0.15146948397159576,0.7944663763046265,0.44505929946899414
YGL021W,YBR297W,0,-1.2194674,0.15135541558265686,0.7944663763046265,0.44545453786849976
YAL005C,YNL310C,0,-1.2195188,0.15124154090881348,0.7944663763046265,0.44584980607032776
YBR079C,YER173W,0,-1.2195383,0.15112781524658203,0.7944663763046265,0.4462450444698334
YEL003W,YJL104W,0,-1.2198966,0.1510142683982849,0.7944663763046265,0.4466403126716614
YML106W,YCR023C,0,-1.2208775,0.15090090036392212,0.7944663763046265,0.4470355808734894
YNL311C,YLL057C,0,-1.2213625,0.15078769624233246,0.7944663763046265,0.447430819272995
YBR149W,YJL139C,0,-1.2215798,0.15067465603351593,0.7944663763046265,0.447826087474823
YPL096C-A,YGR028W,0,-1.2217534,0.15056179463863373,0.7944663763046265,0.448221355676651
YDL049C,YFL034C-A,0,-1.2218387,0.15044909715652466,0.7944663763046265,0.4486165940761566
YOR266W,YCR075C,0,-1.2219901,0.15033657848834991,0.7944663763046265,0.4490118622779846
YLR332W,YDR216W,0,-1.222136,0.1502242088317871,0.7944663763046265,0.44940710067749023
YGR122W,YNL308C,0,-1.2226274,0.15011201798915863,0.7944663763046265,0.44980236887931824
YPL085W,YJL207C,0,-1.2234142,0.15000000596046448,0.7944663763046265,0.45019763708114624
YJR044C,YLR085C,0,-1.223619,0.14988814294338226,0.7944663763046265,0.45059287548065186
YLR196W,YMR316W,0,-1.223799,0.14977645874023438,0.7944663763046265,0.45098814368247986
YBR161W,YJL078C,0,-1.2239277,0.14966492354869843,0.7944663763046265,0.45138341188430786
YJR086W,YAL026C,0,-1.2242341,0.1495535671710968,0.7944663763046265,0.4517786502838135
YOL051W,YDR421W,0,-1.2247366,0.1494423747062683,0.7944663763046265,0.4521739184856415
YOL094C,YCL030C,0,-1.2247655,0.14933134615421295,0.7944663763046265,0.4525691568851471
YLL062C,YGR132C,0,-1.225758,0.14922049641609192,0.7944663763046265,0.4529644250869751
YLR008C,YOR214C,0,-1.2258629,0.14910979568958282,0.7944663763046265,0.4533596932888031
YJL186W,YLR057W,0,-1.2260813,0.14899925887584686,0.7944663763046265,0.4537549316883087
YJL221C,YIL090W,0,-1.2263997,0.14888888597488403,0.7944663763046265,0.4541501998901367
YOR362C,YJL073W,0,-1.2265389,0.14877867698669434,0.7944663763046265,0.4545454680919647
YBR070C,YCR020W-B,0,-1.2267019,0.14866863191127777,0.7944663763046265,0.45494070649147034
YPL211W,YPL255W,0,-1.2269373,0.14855876564979553,0.7944663763046265,0.45533597469329834
YGR174C,YDL064W,0,-1.2273284,0.14844903349876404,0.7944663763046265,0.45573121309280396
YKR081C,YNL257C,0,-1.2277192,0.14833948016166687,0.7944663763046265,0.45612648129463196
YOR124C,YLR318W,0,-1.2285628,0.14823009073734283,0.7944663763046265,0.45652174949645996
YOR269W,YMR314W,0,-1.2289633,0.14812085032463074,0.7944663763046265,0.4569169878959656
YGL061C,YNL289W,0,-1.2294645,0.14801178872585297,0.7944663763046265,0.4573122560977936
YEL046C,YNL049C,0,-1.2295692,0.14790287613868713,0.7944663763046265,0.4577075242996216
YIL011W,YNL045W,0,-1.2300322,0.14779411256313324,0.7944663763046265,0.4581027626991272
YDR031W,YKL100C,0,-1.2311592,0.14768552780151367,0.7944663763046265,0.4584980309009552
YLR015W,YOR110W,0,-1.2311614,0.14757709205150604,0.7944663763046265,0.4588932693004608
YDL065C,YER147C,0,-1.2311862,0.14746882021427155,0.7944663763046265,0.4592885375022888
YEL048C,YJL174W,0,-1.2333809,0.147360697388649,0.7944663763046265,0.4596838057041168
YPL048W,YGL195W,1,-1.233576,0.14798535406589508,0.7984189987182617,0.4596838057041168
YPL246C,YOR306C,0,-1.2343426,0.14787700772285461,0.7984189987182617,0.46007904410362244
YOR009W,YMR285C,0,-1.234355,0.14776884019374847,0.7984189987182617,0.46047431230545044
YLR371W,YOR171C,0,-1.2345387,0.14766082167625427,0.7984189987182617,0.46086955070495605
YBR024W,YBR041W,0,-1.2346556,0.147552952170372,0.7984189987182617,0.46126481890678406
YNL305C,YPL235W,0,-1.2353457,0.14744526147842407,0.7984189987182617,0.46166008710861206
YPL032C,YLR147C,0,-1.2356206,0.14733770489692688,0.7984189987182617,0.4620553255081177
YNL162W,YIL120W,0,-1.2356737,0.147230327129364,0.7984189987182617,0.4624505937099457
YER122C,YLR109W,0,-1.2363775,0.1471230834722519,0.7984189987182617,0.4628458619117737
YGL054C,YBL045C,0,-1.2365658,0.1470160186290741,0.7984189987182617,0.4632411003112793
YOR092W,YCR053W,0,-1.2370887,0.14690908789634705,0.7984189987182617,0.4636363685131073
YPR114W,YOL128C,0,-1.2381697,0.14680232107639313,0.7984189987182617,0.4640316069126129
YNL264C,YDL145C,0,-1.2384272,0.14669571816921234,0.7984189987182617,0.4644268751144409
YCR037C,YKL163W,0,-1.2387431,0.1465892642736435,0.7984189987182617,0.4648221433162689
YPR183W,YER119C,0,-1.2388742,0.14648295938968658,0.7984189987182617,0.46521738171577454
YPL096C-A,YLR308W,0,-1.2391098,0.1463768184185028,0.7984189987182617,0.46561264991760254
YOL039W,YNL063W,1,-1.2395732,0.1469949334859848,0.8023715615272522,0.46561264991760254
YGL038C,YGL128C,0,-1.2395809,0.14688856899738312,0.8023715615272522,0.46600791811943054
YJR132W,YNL134C,0,-1.2397918,0.14678235352039337,0.8023715615272522,0.46640315651893616
YDR438W,YFR024C-A,0,-1.2398175,0.14667630195617676,0.8023715615272522,0.46679842472076416
YPL024W,YDR418W,0,-1.2399925,0.14657039940357208,0.8023715615272522,0.4671936631202698
YOR172W,YDR253C,0,-1.2403994,0.14646464586257935,0.8023715615272522,0.4675889313220978
YDR519W,YHR072W,0,-1.2404065,0.14635904133319855,0.8023715615272522,0.4679841995239258
YER056C-A,YLR421C,0,-1.241093,0.14625360071659088,0.8023715615272522,0.4683794379234314
YOR373W,YLR089C,0,-1.241435,0.14614830911159515,0.8023715615272522,0.4687747061252594
YLR174W,YNL132W,0,-1.2417103,0.14604316651821136,0.8023715615272522,0.4691699743270874
YNL308C,YGL238W,0,-1.2426472,0.14593817293643951,0.8023715615272522,0.469565212726593
YGR001C,YPL186C,0,-1.2427044,0.1458333283662796,0.8023715615272522,0.469960480928421
YHR210C,YIL118W,0,-1.2434467,0.14572864770889282,0.8023715615272522,0.47035571932792664
YLL067C,YDR212W,0,-1.2440374,0.1456241011619568,0.8023715615272522,0.47075098752975464
YDR328C,YIL052C,0,-1.2441142,0.14551971852779388,0.8023715615272522,0.47114625573158264
YOR236W,YDR452W,0,-1.2444578,0.14541547000408173,0.8023715615272522,0.47154149413108826
YEL039C,YOR368W,0,-1.2450151,0.1453113853931427,0.8023715615272522,0.47193676233291626
YMR230W,YCR066W,0,-1.2453872,0.14520743489265442,0.8023715615272522,0.47233203053474426
YDL020C,YJL137C,0,-1.2459157,0.14510364830493927,0.8023715615272522,0.4727272689342499
YHR187W,YJL111W,0,-1.2462913,0.14499999582767487,0.8023715615272522,0.4731225371360779
YKL191W,YNL063W,1,-1.2463381,0.1456102728843689,0.8063241243362427,0.4731225371360779
YLR064W,YGL053W,0,-1.2463696,0.14550642669200897,0.8063241243362427,0.4735177755355835
YDR163W,YGL167C,0,-1.2465935,0.1454027146100998,0.8063241243362427,0.4739130437374115
YKR052C,YDR127W,0,-1.2468007,0.14529915153980255,0.8063241243362427,0.4743083119392395
YNL014W,YNL063W,1,-1.2480897,0.1459074765443802,0.8102766871452332,0.4743083119392395
YBL071W-A,YJL102W,1,-1.2485738,0.14651493728160858,0.8142292499542236,0.4743083119392395
YLR136C,YIL069C,0,-1.2487066,0.14641080796718597,0.8142292499542236,0.4747035503387451
YDR348C,YDL101C,0,-1.2488296,0.1463068127632141,0.8142292499542236,0.4750988185405731
YLR061W,YBR039W,0,-1.2495767,0.14620298147201538,0.8142292499542236,0.47549405694007874
YIR034C,YGL053W,0,-1.2514,0.1460992842912674,0.8142292499542236,0.47588932514190674
YOR167C,YML130C,0,-1.2517098,0.14599575102329254,0.8142292499542236,0.47628459334373474
YNL014W,YJR097W,1,-1.2519257,0.14660055935382843,0.8181818127632141,0.47628459334373474
YAL062W,YIL154C,0,-1.2530901,0.14649681746959686,0.8181818127632141,0.47667983174324036
YHR001W-A,YDR345C,0,-1.2534711,0.14639320969581604,0.8181818127632141,0.47707509994506836
YJL083W,YJL121C,0,-1.254457,0.14628975093364716,0.8181818127632141,0.47747036814689636
YLR340W,YJL102W,1,-1.254749,0.14689265191555023,0.8221343755722046,0.47747036814689636
YDR300C,YHR140W,0,-1.2549155,0.14678898453712463,0.8221343755722046,0.477865606546402
YNL081C,YKL054C,0,-1.2549543,0.14668546617031097,0.8221343755722046,0.47826087474823
YLR017W,YDR283C,0,-1.254965,0.14658209681510925,0.8221343755722046,0.4786561131477356
YOR179C,YKL056C,0,-1.2550566,0.14647887647151947,0.8221343755722046,0.4790513813495636
YIL062C,YCL030C,0,-1.2553375,0.14637579023838043,0.8221343755722046,0.4794466495513916
YDR382W,YJL102W,1,-1.2554903,0.14697608351707458,0.8260869383811951,0.4794466495513916
YFR024C-A,YMR268C,0,-1.2561564,0.14687280356884003,0.8260869383811951,0.4798418879508972
YJL116C,YMR047C,0,-1.2563263,0.1467696577310562,0.8260869383811951,0.4802371561527252
YGL095C,YDL137W,0,-1.2566551,0.14666666090488434,0.8260869383811951,0.4806324243545532
YNL001W,YDR452W,0,-1.2569026,0.1465638130903244,0.8260869383811951,0.48102766275405884
YHR142W,YOR190W,0,-1.2577827,0.1464611142873764,0.8260869383811951,0.48142293095588684
YNL194C,YJL196C,0,-1.2578608,0.14635854959487915,0.8260869383811951,0.48181816935539246
YNL096C,YJR086W,0,-1.2583561,0.14625611901283264,0.8260869383811951,0.48221343755722046
YML042W,YIL065C,0,-1.258456,0.14615385234355927,0.8260869383811951,0.48260870575904846
YJL165C,YML129C,0,-1.2589486,0.14605170488357544,0.8260869383811951,0.4830039441585541
YMR001C,YDL205C,0,-1.2591081,0.14594972133636475,0.8260869383811951,0.4833992123603821
YLR034C,YOR141C,0,-1.2591407,0.1458478718996048,0.8260869383811951,0.4837944805622101
YLR172C,YLR069C,1,-1.2597163,0.14644351601600647,0.8300395011901855,0.4837944805622101
YGR026W,YDR163W,0,-1.2597997,0.1463414579629898,0.8300395011901855,0.4841897189617157
YOR298C-A,YGR279C,0,-1.2601671,0.14623954892158508,0.8300395011901855,0.4845849871635437
YDR345C,YBR038W,0,-1.2612062,0.1461377888917923,0.8300395011901855,0.4849802255630493
YBL042C,YJL212C,0,-1.2619636,0.14603616297245026,0.8300395011901855,0.4853754937648773
YNL112W,YLR118C,0,-1.2622871,0.14593467116355896,0.8300395011901855,0.4857707619667053
YMR068W,YLR438C-A,0,-1.2625828,0.1458333283662796,0.8300395011901855,0.48616600036621094
YDR088C,YNL287W,0,-1.2636032,0.14573213458061218,0.8300395011901855,0.48656126856803894
YML113W,YML123C,0,-1.2638714,0.1456310749053955,0.8300395011901855,0.48695650696754456
YOR217W,YKR067W,0,-1.2645059,0.14553014934062958,0.8300395011901855,0.48735177516937256
YEL071W,YLR299W,0,-1.2650332,0.1454293578863144,0.8300395011901855,0.48774704337120056
YCR040W,YKR034W,0,-1.2657399,0.14532871544361115,0.8300395011901855,0.4881422817707062
YBL016W,YBR094W,0,-1.2658303,0.14522822201251984,0.8300395011901855,0.4885375499725342
YGR256W,YLR118C,0,-1.26595,0.14512784779071808,0.8300395011901855,0.4889328181743622
YLR181C,YDL201W,0,-1.2660929,0.14502762258052826,0.8300395011901855,0.4893280565738678
YCL067C,YDR350C,0,-1.2668099,0.14492753148078918,0.8300395011901855,0.4897233247756958
YFL053W,YOR380W,0,-1.2670012,0.14482758939266205,0.8300395011901855,0.4901185631752014
YJL203W,YAR019C,0,-1.2670637,0.14472776651382446,0.8300395011901855,0.4905138313770294
YJR084W,YER003C,0,-1.2672684,0.14462809264659882,0.8300395011901855,0.4909090995788574
YPL048W,YIL103W,1,-1.2680902,0.14521679282188416,0.8339921236038208,0.4909090995788574
YOL091W,YJL209W,0,-1.268861,0.145116925239563,0.8339921236038208,0.49130433797836304
YOR260W,YDR231C,0,-1.2693563,0.14501717686653137,0.8339921236038208,0.49169960618019104
YJR054W,YDR019C,0,-1.2693949,0.1449175775051117,0.8339921236038208,0.49209487438201904
YDR255C,YJL174W,0,-1.2694211,0.14481811225414276,0.8339921236038208,0.49249011278152466
YKL081W,YNL063W,1,-1.2697926,0.1454046666622162,0.8379446864128113,0.49249011278152466
YDR447C,YDR264C,0,-1.2699175,0.14530500769615173,0.8379446864128113,0.49288538098335266
YML088W,YOL032W,0,-1.2701979,0.14520548284053802,0.8379446864128113,0.4932806193828583
YKL048C,YIL040W,0,-1.2714803,0.14510609209537506,0.8379446864128113,0.4936758875846863
YPL224C,YPL195W,0,-1.2715033,0.14500683546066284,0.8379446864128113,0.4940711557865143
YER072W,YNL036W,0,-1.2720069,0.14490772783756256,0.8379446864128113,0.4944663941860199
YGR256W,YMR287C,0,-1.2726437,0.14480873942375183,0.8379446864128113,0.4948616623878479
YLL010C,YHL024W,0,-1.2726539,0.14470990002155304,0.8379446864128113,0.4952569305896759
YMR125W,YLR446W,0,-1.2732964,0.1446111798286438,0.8379446864128113,0.4956521689891815
YLL028W,YGL067W,0,-1.2735543,0.1445126086473465,0.8379446864128113,0.4960474371910095
YLR438C-A,YCL061C,0,-1.2740338,0.14441417157649994,0.8379446864128113,0.49644267559051514
YOR272W,YLR154C,0,-1.2747954,0.14431585371494293,0.8379446864128113,0.49683794379234314
YLR343W,YLR399C,0,-1.2748647,0.14421768486499786,0.8379446864128113,0.49723321199417114
YOL051W,YOL137W,0,-1.2749995,0.14411965012550354,0.8379446864128113,0.49762845039367676
YKL191W,YIL103W,1,-1.2752844,0.14470109343528748,0.8418972492218018,0.49762845039367676
YDR121W,YML104C,0,-1.2755111,0.14460285007953644,0.8418972492218018,0.49802371859550476
YER018C,YDR097C,0,-1.2761092,0.14450475573539734,0.8418972492218018,0.49841898679733276
YCR067C,YDL046W,0,-1.2766962,0.1444067806005478,0.8418972492218018,0.4988142251968384
YDL181W,YFL022C,0,-1.2768633,0.144308939576149,0.8418972492218018,0.4992094933986664
YKR013W,YCR075C,0,-1.2769384,0.14421123266220093,0.8418972492218018,0.499604731798172
YLL038C,YER155C,0,-1.278633,0.1441136598587036,0.8418972492218018,0.5
YAL041W,YHR084W,0,-1.278811,0.14401622116565704,0.8418972492218018,0.5003952383995056
YOL149W,YBR109C,0,-1.2792234,0.14391891658306122,0.8418972492218018,0.500790536403656
YBR004C,YDR536W,0,-1.2794735,0.14382174611091614,0.8418972492218018,0.5011857748031616
YDR005C,YDL210W,0,-1.2795582,0.1437246948480606,0.8418972492218018,0.5015810132026672
YIL123W,YHR043C,0,-1.2796977,0.14362777769565582,0.8418972492218018,0.5019763112068176
YLR263W,YHR018C,0,-1.2802812,0.14353099465370178,0.8418972492218018,0.5023715496063232
YOR103C,YOR267C,0,-1.2814709,0.1434343457221985,0.8418972492218018,0.5027667880058289
YOL064C,YOR010C,0,-1.2817124,0.14333781599998474,0.8418972492218018,0.5031620264053345
YNL321W,YEL064C,0,-1.2830884,0.14324142038822174,0.8418972492218018,0.5035573244094849
YDL081C,YDR382W,1,-1.2834129,0.14381720125675201,0.8458498120307922,0.5035573244094849
YPL084W,YDR078C,0,-1.2838099,0.1437206119298935,0.8458498120307922,0.5039525628089905
YNL301C,YNL020C,0,-1.2844259,0.14362415671348572,0.8458498120307922,0.5043478012084961
YNL063W,YDR385W,1,-1.284557,0.14419852197170258,0.8498023748397827,0.5043478012084961
YDR036C,YPL013C,0,-1.2850027,0.14410187304019928,0.8498023748397827,0.5047430992126465
YOR264W,YBR126C,0,-1.2851037,0.14400535821914673,0.8498023748397827,0.5051383376121521
YMR156C,YGR189C,0,-1.2855093,0.14390896260738373,0.8498023748397827,0.5055335760116577
YPR199C,YDL043C,0,-1.2855406,0.14381271600723267,0.8498023748397827,0.5059288740158081
YHR207C,YBL080C,0,-1.2856405,0.14371657371520996,0.8498023748397827,0.5063241124153137
YOR205C,YNL336W,0,-1.285957,0.1436205804347992,0.8498023748397827,0.5067193508148193
YDR501W,YHR016C,0,-1.286051,0.14352470636367798,0.8498023748397827,0.5071146488189697
YIL156W,YPL043W,0,-1.2861178,0.1434289515018463,0.8498023748397827,0.5075098872184753
YER001W,YJL091C,0,-1.2878587,0.1433333307504654,0.8498023748397827,0.507905125617981
YAL030W,YOR130C,0,-1.2895622,0.14323784410953522,0.8498023748397827,0.5083004236221313
YPL161C,YML093W,0,-1.2902031,0.1431424766778946,0.8498023748397827,0.508695662021637
YIL153W,YGL121C,0,-1.2905291,0.1430472433567047,0.8498023748397827,0.5090909004211426
YER133W,YDR257C,0,-1.2916031,0.14295212924480438,0.8498023748397827,0.5094861388206482
YOR328W,YAL009W,0,-1.2922535,0.1428571492433548,0.8498023748397827,0.5098814368247986
YDR130C,YGL194C,0,-1.2926769,0.14276228845119476,0.8498023748397827,0.5102766752243042
YGR083C,YNL246W,0,-1.2929685,0.14266754686832428,0.8498023748397827,0.5106719136238098
YLR084C,YMR006C,0,-1.2932378,0.14257293939590454,0.8498023748397827,0.5110672116279602
YHR046C,YGL181W,0,-1.2943878,0.14247846603393555,0.8498023748397827,0.5114624500274658
YDL005C,YLR370C,0,-1.2945035,0.1423841118812561,0.8498023748397827,0.5118576884269714
YFL062W,YKR094C,0,-1.2947676,0.1422898769378662,0.8498023748397827,0.5122529864311218
YLR172C,YJR097W,1,-1.295079,0.1428571492433548,0.8537549376487732,0.5122529864311218
YDL030W,YPR037C,0,-1.295299,0.14276272058486938,0.8537549376487732,0.5126482248306274
YER048C,YDR143C,0,-1.2962214,0.14266842603683472,0.8537549376487732,0.5130434632301331
YBR149W,YLL038C,0,-1.2969713,0.1425742506980896,0.8537549376487732,0.5134387612342834
YLR237W,YNL005C,0,-1.2970475,0.14248020946979523,0.8537549376487732,0.5138339996337891
YBL006C,YJR091C,0,-1.2976396,0.1423862874507904,0.8537549376487732,0.5142292380332947
YDR443C,YIL118W,0,-1.2991405,0.14229248464107513,0.8537549376487732,0.5146244764328003
YER020W,YJL212C,0,-1.2995193,0.1421988159418106,0.8537549376487732,0.5150197744369507
YDR224C,YOL115W,0,-1.2999704,0.14210526645183563,0.8537549376487732,0.5154150128364563
YHR146W,YGR159C,0,-1.3002298,0.1420118361711502,0.8537549376487732,0.5158102512359619
YOR264W,YPL212C,0,-1.3002987,0.14191852509975433,0.8537549376487732,0.5162055492401123
YDR434W,YLR274W,0,-1.3003564,0.1418253481388092,0.8537549376487732,0.5166007876396179
YDL113C,YDR380W,0,-1.3003712,0.14173229038715363,0.8537549376487732,0.5169960260391235
YMR128W,YLL031C,0,-1.3007529,0.1416393369436264,0.8537549376487732,0.5173913240432739
YOL030W,YGR159C,0,-1.3009546,0.14154653251171112,0.8537549376487732,0.5177865624427795
YOR019W,YBR127C,0,-1.301057,0.1414538323879242,0.8537549376487732,0.5181818008422852
YOR255W,YBR169C,0,-1.3011272,0.14136125147342682,0.8537549376487732,0.5185770988464355
YPL270W,YHR206W,0,-1.3013649,0.1412688046693802,0.8537549376487732,0.5189723372459412
YBL020W,YER016W,0,-1.3016028,0.1411764770746231,0.8537549376487732,0.5193675756454468
YGR161C,YNL331C,0,-1.3025105,0.14108425378799438,0.8537549376487732,0.5197628736495972
YKR085C,YLR424W,0,-1.3029016,0.1409921646118164,0.8537549376487732,0.5201581120491028
YBL060W,YCL033C,0,-1.3037663,0.14090019464492798,0.8537549376487732,0.5205533504486084
YHR110W,YJR099W,0,-1.3051293,0.1408083438873291,0.8537549376487732,0.520948588848114
YPR120C,YNL312W,0,-1.3058712,0.14071661233901978,0.8537549376487732,0.5213438868522644
YJR109C,YGR135W,0,-1.3064511,0.140625,0.8537549376487732,0.52173912525177
YGL130W,YLR226W,0,-1.306475,0.14053350687026978,0.8537549376487732,0.5221343636512756
YPL230W,YPR108W,0,-1.3065015,0.1404421329498291,0.8537549376487732,0.522529661655426
YOR245C,YIL009C-A,0,-1.3065103,0.14035087823867798,0.8537549376487732,0.5229249000549316
YHR194W,YOR075W,0,-1.3065909,0.1402597427368164,0.8537549376487732,0.5233201384544373
YMR262W,YPL037C,0,-1.3068751,0.14016872644424438,0.8537549376487732,0.5237154364585876
YJR060W,YEL001C,0,-1.3069144,0.14007781445980072,0.8537549376487732,0.5241106748580933
YML107C,YBR158W,0,-1.3070713,0.1399870365858078,0.8537549376487732,0.5245059132575989
YHR021C,YER169W,0,-1.3076975,0.13989637792110443,0.8537549376487732,0.5249012112617493
YBR098W,YDL018C,0,-1.3078895,0.13980582356452942,0.8537549376487732,0.5252964496612549
YCR081W,YLR136C,0,-1.3079171,0.13971538841724396,0.8537549376487732,0.5256916880607605
YGL130W,YPL089C,0,-1.3081179,0.13962508738040924,0.8537549376487732,0.5260869860649109
YKR081C,YGR041W,0,-1.3090332,0.13953489065170288,0.8537549376487732,0.5264822244644165
YER149C,YER112W,0,-1.3093226,0.13944479823112488,0.8537549376487732,0.5268774628639221
YGR260W,YER063W,0,-1.3096406,0.13935483992099762,0.8537549376487732,0.5272727012634277
YDL092W,YIL103W,1,-1.3097601,0.13990972936153412,0.8577075004577637,0.5272727012634277
YOR011W,YKL178C,0,-1.309833,0.13981959223747253,0.8577075004577637,0.5276679992675781
YDR098C,YNL094W,0,-1.3098334,0.1397295594215393,0.8577075004577637,0.5280632376670837
YLR017W,YBR210W,0,-1.3103182,0.13963964581489563,0.8577075004577637,0.5284584760665894
YKR097W,YBR153W,0,-1.3109145,0.1395498365163803,0.8577075004577637,0.5288537740707397
YMR002W,YLR154C,0,-1.3109707,0.13946016132831573,0.8577075004577637,0.5292490124702454
YDL010W,YDL229W,0,-1.3112378,0.13937059044837952,0.8577075004577637,0.529644250869751
YLR143W,YLR083C,0,-1.3114495,0.13928112387657166,0.8577075004577637,0.5300395488739014
YGL124C,YGR289C,0,-1.3117459,0.13919179141521454,0.8577075004577637,0.530434787273407
YGR040W,YLR336C,0,-1.3126674,0.13910256326198578,0.8577075004577637,0.5308300256729126
YNR048W,YNL029C,0,-1.3128784,0.13901345431804657,0.8577075004577637,0.531225323677063
YPR188C,YNL154C,0,-1.3132472,0.13892444968223572,0.8577075004577637,0.5316205620765686
YNL263C,YAL015C,0,-1.3136492,0.1388355791568756,0.8577075004577637,0.5320158004760742
YIL150C,YDR354W,0,-1.3138978,0.13874679803848267,0.8577075004577637,0.5324110388755798
YNL194C,YHR088W,0,-1.314019,0.13865815103054047,0.8577075004577637,0.5328063368797302
YOR182C,YLR246W,0,-1.3144045,0.13856960833072662,0.8577075004577637,0.5332015752792358
YML075C,YDR390C,0,-1.3146069,0.13848116993904114,0.8577075004577637,0.5335968136787415
YOL157C,YML022W,0,-1.3153157,0.1383928507566452,0.8577075004577637,0.5339921116828918
YIL148W,YNL241C,0,-1.315331,0.13830465078353882,0.8577075004577637,0.5343873500823975
YLR432W,YOR044W,0,-1.3158252,0.1382165551185608,0.8577075004577637,0.5347825884819031
YLR345W,YOR198C,0,-1.3158545,0.13812857866287231,0.8577075004577637,0.5351778864860535
YPL227C,YKL134C,0,-1.3161356,0.1380407065153122,0.8577075004577637,0.5355731248855591
YBR210W,YMR293C,0,-1.3166468,0.13795295357704163,0.8577075004577637,0.5359683632850647
YOR271C,YDR541C,0,-1.3167374,0.13786530494689941,0.8577075004577637,0.5363636612892151
YJL207C,YDL103C,0,-1.3176043,0.13777777552604675,0.8577075004577637,0.5367588996887207
YDR398W,YPR029C,0,-1.3177447,0.13769035041332245,0.8577075004577637,0.5371541380882263
YPR133C,YER014W,0,-1.318097,0.1376030445098877,0.8577075004577637,0.5375494360923767
YER060W,YOL139C,0,-1.3181926,0.1375158429145813,0.8577075004577637,0.5379446744918823
YKL218C,YGR209C,0,-1.3191015,0.13742874562740326,0.8577075004577637,0.5383399128913879
YGR183C,YOL016C,0,-1.3196425,0.13734176754951477,0.8577075004577637,0.5387351512908936
YDR481C,YLR144C,0,-1.3197417,0.13725490868091583,0.8577075004577637,0.539130449295044
YKL005C,YBL105C,0,-1.3205439,0.13716813921928406,0.8577075004577637,0.5395256876945496
YNL064C,YLR304C,0,-1.3211137,0.13708148896694183,0.8577075004577637,0.5399209260940552
YCR054C,YDR308C,0,-1.3214841,0.13699494302272797,0.8577075004577637,0.5403162240982056
YMR052W,YER056C,0,-1.3215029,0.13690851628780365,0.8577075004577637,0.5407114624977112
YDR443C,YKL181W,0,-1.3215542,0.1368221938610077,0.8577075004577637,0.5411067008972168
YGR028W,YER140W,0,-1.3223379,0.1367359757423401,0.8577075004577637,0.5415019989013672
YGL028C,YIL105C,0,-1.3223984,0.13664987683296204,0.8577075004577637,0.5418972373008728
YDR085C,YER069W,0,-1.3224163,0.13656388223171234,0.8577075004577637,0.5422924757003784
YBL023C,YMR152W,0,-1.3226643,0.136477991938591,0.8577075004577637,0.5426877737045288
YGL120C,YNL031C,0,-1.322667,0.13639220595359802,0.8577075004577637,0.5430830121040344
YMR153W,YMR289W,0,-1.3230417,0.1363065391778946,0.8577075004577637,0.54347825050354
YHR134W,YDR052C,0,-1.3235754,0.13622096180915833,0.8577075004577637,0.5438734889030457
YGL087C,YGL028C,0,-1.3237944,0.1361355036497116,0.8577075004577637,0.544268786907196
YML124C,YJL210W,0,-1.3241026,0.13605014979839325,0.8577075004577637,0.5446640253067017
YGL153W,YOR373W,0,-1.3245246,0.13596491515636444,0.8577075004577637,0.5450592637062073
YGL049C,YCR079W,0,-1.3247865,0.1358797699213028,0.8577075004577637,0.5454545617103577
YBR044C,YOR077W,0,-1.3248544,0.1357947438955307,0.8577075004577637,0.5458498001098633
YHR206W,YGR038W,0,-1.3248916,0.13570982217788696,0.8577075004577637,0.5462450385093689
YFR053C,YMR024W,0,-1.3251228,0.13562500476837158,0.8577075004577637,0.5466403365135193
YKL160W,YPL084W,0,-1.3253412,0.13554029166698456,0.8577075004577637,0.5470355749130249
YPL038W,YIL052C,0,-1.325633,0.1354556828737259,0.8577075004577637,0.5474308133125305
YML101C,YGL105W,0,-1.3256385,0.13537117838859558,0.8577075004577637,0.5478261113166809
YGL023C,YLL015W,0,-1.3257377,0.13528677821159363,0.8577075004577637,0.5482213497161865
YLR172C,YJL102W,1,-1.3265605,0.13582554459571838,0.8616600632667542,0.5482213497161865
YKR052C,YDR221W,0,-1.3271601,0.1357409656047821,0.8616600632667542,0.5486165881156921
YPL051W,YBR156C,0,-1.3271633,0.13565650582313538,0.8616600632667542,0.5490118861198425
YNR054C,YDL098C,0,-1.3278675,0.1355721354484558,0.8616600632667542,0.5494071245193481
YFL002C,YPR003C,0,-1.3279853,0.1354878842830658,0.8616600632667542,0.5498023629188538
YGR047C,YKL084W,0,-1.3282056,0.13540372252464294,0.8616600632667542,0.5501976013183594
YER061C,YER131W,0,-1.328264,0.13531967997550964,0.8616600632667542,0.5505928993225098
YLR467W,YLR272C,0,-1.3288176,0.1352357268333435,0.8616600632667542,0.5509881377220154
YGR080W,YDL069C,0,-1.3288729,0.13515189290046692,0.8616600632667542,0.551383376121521
YDR393W,YJL078C,0,-1.3301598,0.1350681483745575,0.8616600632667542,0.5517786741256714
YCR039C,YPL169C,0,-1.3310103,0.13498452305793762,0.8616600632667542,0.552173912525177
YDL014W,YMR009W,0,-1.3310504,0.1349009871482849,0.8616600632667542,0.5525691509246826
YDR303C,YOR073W,0,-1.3315786,0.13481757044792175,0.8616600632667542,0.552964448928833
YPL177C,YEL044W,0,-1.3316767,0.13473424315452576,0.8616600632667542,0.5533596873283386
YDL112W,YBR033W,0,-1.3320522,0.13465102016925812,0.8616600632667542,0.5537549257278442
YBL084C,YIL114C,0,-1.3326492,0.13456790149211884,0.8616600632667542,0.5541502237319946
YKL077W,YML133C,0,-1.3327696,0.1344848871231079,0.8616600632667542,0.5545454621315002
YPL224C,YNR026C,0,-1.3330307,0.13440197706222534,0.8616600632667542,0.5549407005310059
YOR124C,YDR107C,0,-1.3333788,0.13431915640830994,0.8616600632667542,0.5553359389305115
YJL048C,YPL181W,0,-1.33354,0.13423645496368408,0.8616600632667542,0.5557312369346619
YGR008C,YAL043C,0,-1.3340019,0.1341538429260254,0.8616600632667542,0.5561264753341675
YHR116W,YDR169C,0,-1.334174,0.13407133519649506,0.8616600632667542,0.5565217137336731
YML023C,YPL187W,0,-1.3342184,0.13398893177509308,0.8616600632667542,0.5569170117378235
YMR154C,YOR110W,0,-1.3348552,0.13390663266181946,0.8616600632667542,0.5573122501373291
YJL101C,YDR446W,0,-1.3355575,0.1338244378566742,0.8616600632667542,0.5577074885368347
YJR050W,YML009C,0,-1.3357843,0.1337423324584961,0.8616600632667542,0.5581027865409851
YPR025C,YIL155C,0,-1.3358414,0.13366033136844635,0.8616600632667542,0.5584980249404907
YER114C,YLR446W,0,-1.3373852,0.13357843458652496,0.8616600632667542,0.5588932633399963
YPL161C,YDL193W,0,-1.33765,0.13349662721157074,0.8616600632667542,0.5592885613441467
YDR486C,YGL133W,0,-1.337691,0.13341493904590607,0.8616600632667542,0.5596837997436523
YCR020C,YDR524C,0,-1.3410107,0.13333334028720856,0.8616600632667542,0.560079038143158
YAR018C,YDL220C,0,-1.3410724,0.1332518309354782,0.8616600632667542,0.5604743361473083
YPR145W,YGR033C,0,-1.3419333,0.13317044079303741,0.8616600632667542,0.560869574546814
YBR077C,YBR105C,0,-1.3421267,0.13308914005756378,0.8616600632667542,0.5612648129463196
YNL086W,YNL312W,0,-1.3425636,0.1330079287290573,0.8616600632667542,0.5616600513458252
YBR207W,YAL005C,0,-1.3435495,0.1329268366098404,0.8616600632667542,0.5620553493499756
YGL095C,YBL040C,0,-1.3452826,0.13284581899642944,0.8616600632667542,0.5624505877494812
YIL103W,YJR097W,1,-1.3465744,0.1333739310503006,0.8656126260757446,0.5624505877494812
YDR041W,YIL093C,0,-1.3465797,0.1332927644252777,0.8656126260757446,0.5628458261489868
YOR155C,YGL222C,0,-1.347451,0.1332116723060608,0.8656126260757446,0.5632411241531372
YDR057W,YBR205W,0,-1.3475972,0.13313069939613342,0.8656126260757446,0.5636363625526428
YOR010C,YKL157W,0,-1.3488696,0.13304981589317322,0.8656126260757446,0.5640316009521484
YDR204W,YPL195W,0,-1.3489723,0.13296903669834137,0.8656126260757446,0.5644268989562988
YKL113C,YNL316C,0,-1.3510315,0.13288834691047668,0.8656126260757446,0.5648221373558044
YER124C,YNR069C,0,-1.351445,0.13280776143074036,0.8656126260757446,0.5652173757553101
YCL039W,YBL024W,0,-1.3518353,0.1327272653579712,0.8656126260757446,0.5656126737594604
YLL039C,YML131W,0,-1.3535604,0.13264687359333038,0.8656126260757446,0.5660079121589661
YPR165W,YIL173W,0,-1.3540294,0.13256658613681793,0.8656126260757446,0.5664031505584717
YMR156C,YMR009W,0,-1.3545418,0.13248638808727264,0.8656126260757446,0.5667984485626221
YOR158W,YCL061C,0,-1.354915,0.1324062943458557,0.8656126260757446,0.5671936869621277
YKR010C,YGR156W,0,-1.3552125,0.13232629001140594,0.8656126260757446,0.5675889253616333
YML001W,YGL157W,0,-1.3552238,0.13224637508392334,0.8656126260757446,0.5679841637611389
YPL048W,YJL102W,1,-1.3564012,0.13277006149291992,0.8695651888847351,0.5679841637611389
YLL036C,YDL134C,0,-1.3576207,0.13268998265266418,0.8695651888847351,0.5683794617652893
YDR009W,YGR132C,0,-1.3577471,0.1326100081205368,0.8695651888847351,0.5687747001647949
YGR001C,YBL080C,0,-1.3579967,0.1325301229953766,0.8695651888847351,0.5691699385643005
YBL074C,YKL188C,0,-1.3584945,0.13245032727718353,0.8695651888847351,0.5695652365684509
YPR106W,YLR411W,0,-1.360115,0.13237063586711884,0.8695651888847351,0.5699604749679565
YML047C,YMR036C,0,-1.3605709,0.1322910338640213,0.8695651888847351,0.5703557133674622
YCL059C,YPL121C,0,-1.361913,0.13221153616905212,0.8695651888847351,0.5707510113716125
YGR254W,YBR043C,0,-1.3628645,0.1321321278810501,0.8695651888847351,0.5711462497711182
YGR061C,YDL230W,0,-1.3629254,0.13205282390117645,0.8695651888847351,0.5715414881706238
YER016W,YKL073W,0,-1.3637247,0.13197360932826996,0.8695651888847351,0.5719367861747742
YHL035C,YIL150C,0,-1.3652905,0.13189448416233063,0.8695651888847351,0.5723320245742798
YDR005C,YNL207W,0,-1.365345,0.13181546330451965,0.8695651888847351,0.5727272629737854
YDR051C,YLR256W,0,-1.3654904,0.13173653185367584,0.8695651888847351,0.573122501373291
YDR500C,YDR477W,0,-1.367053,0.1316576898097992,0.8695651888847351,0.5735177993774414
YDR189W,YLR035C,0,-1.3683743,0.1315789520740509,0.8695651888847351,0.573913037776947
YLR373C,YMR116C,0,-1.3686489,0.13150030374526978,0.8695651888847351,0.5743082761764526
YBL020W,YNL316C,0,-1.368719,0.1314217448234558,0.8695651888847351,0.574703574180603
YOL103W,YDR188W,0,-1.3687594,0.1313432902097702,0.8695651888847351,0.5750988125801086
YBR244W,YLR256W,0,-1.3688511,0.13126491010189056,0.8695651888847351,0.5754940509796143
YLR093C,YBR162W-A,0,-1.3693247,0.13118664920330048,0.8695651888847351,0.5758893489837646
YJR125C,YGL040C,0,-1.370543,0.13110846281051636,0.8695651888847351,0.5762845873832703
YMR134W,YKR001C,0,-1.3709004,0.1310303807258606,0.8695651888847351,0.5766798257827759
YDR513W,YAL007C,0,-1.3710971,0.130952388048172,0.8695651888847351,0.5770751237869263
YNL059C,YPL045W,0,-1.3714287,0.13087448477745056,0.8695651888847351,0.5774703621864319
YDL120W,YOL003C,0,-1.3722074,0.1307966709136963,0.8695651888847351,0.5778656005859375
YGR193C,YPR107C,0,-1.3728667,0.13071896135807037,0.8695651888847351,0.5782608985900879
YOR247W,YEL065W,0,-1.3729718,0.13064132630825043,0.8695651888847351,0.5786561369895935
YER123W,YER038C,0,-1.3731351,0.13056379556655884,0.8695651888847351,0.5790513753890991
YGR049W,YIL145C,0,-1.373138,0.1304863542318344,0.8695651888847351,0.5794466137886047
YPR065W,YNL254C,0,-1.373711,0.13040901720523834,0.8695651888847351,0.5798419117927551
YAL047C,YBR123C,0,-1.3739623,0.13033175468444824,0.8695651888847351,0.5802371501922607
YER001W,YLL036C,0,-1.3747777,0.1302545815706253,0.8695651888847351,0.5806323885917664
YJR104C,YLR459W,0,-1.3754008,0.13017751276493073,0.8695651888847351,0.5810276865959167
YGL208W,YOL154W,0,-1.375434,0.1301005333662033,0.8695651888847351,0.5814229249954224
YNL063W,YJL102W,1,-1.3761553,0.13061465322971344,0.8735178112983704,0.5814229249954224
YJR029W,YER127W,0,-1.3762064,0.1305375099182129,0.8735178112983704,0.581818163394928
YEL004W,YDR365C,0,-1.3766409,0.1304604560136795,0.8735178112983704,0.5822134613990784
YER112W,YDL067C,0,-1.3768559,0.1303834766149521,0.8735178112983704,0.582608699798584
YCL059C,YPL194W,0,-1.3770394,0.13030660152435303,0.8735178112983704,0.5830039381980896
YPL069C,YGL022W,0,-1.37734,0.13022981584072113,0.8735178112983704,0.58339923620224
YPR122W,YBL056W,0,-1.3776971,0.1301531195640564,0.8735178112983704,0.5837944746017456
YDL204W,YJL019W,0,-1.3783817,0.13007651269435883,0.8735178112983704,0.5841897130012512
YPR156C,YHR025W,0,-1.3790395,0.12999999523162842,0.8735178112983704,0.5845849514007568
YLR435W,YFL018C,0,-1.3792409,0.12992356717586517,0.8735178112983704,0.5849802494049072
YOR056C,YIL122W,0,-1.3795724,0.12984724342823029,0.8735178112983704,0.5853754878044128
YKL191W,YJR097W,1,-1.3796011,0.13035818934440613,0.8774703741073608,0.5853754878044128
YJL048C,YAL005C,0,-1.3797777,0.13028168678283691,0.8774703741073608,0.5857707262039185
YJL133W,YDL072C,0,-1.380017,0.13020527362823486,0.8774703741073608,0.5861660242080688
YNL049C,YAL026C,0,-1.3804419,0.13012894988059998,0.8774703741073608,0.5865612626075745
YPL047W,YCL017C,0,-1.3808839,0.13005273044109344,0.8774703741073608,0.5869565010070801
YAR019C,YIL109C,0,-1.3811245,0.12997658550739288,0.8774703741073608,0.5873517990112305
YJR159W,YDL008W,0,-1.3813589,0.12990052998065948,0.8774703741073608,0.5877470374107361
YHR113W,YGR116W,0,-1.3817015,0.12982456386089325,0.8774703741073608,0.5881422758102417
YNL229C,YGL227W,0,-1.3821256,0.12974868714809418,0.8774703741073608,0.5885375738143921
YDR214W,YGR249W,0,-1.3827649,0.12967289984226227,0.8774703741073608,0.5889328122138977
YPL120W,YER164W,0,-1.383606,0.12959720194339752,0.8774703741073608,0.5893280506134033
YPR101W,YDL154W,0,-1.3836062,0.12952159345149994,0.8774703741073608,0.5897233486175537
YLR134W,YMR307W,0,-1.3844264,0.12944605946540833,0.8774703741073608,0.5901185870170593
YLR090W,YDR349C,0,-1.3848758,0.12937062978744507,0.8774703741073608,0.5905138254165649
YAL051W,YCR009C,0,-1.3851888,0.12929528951644897,0.8774703741073608,0.5909090638160706
YOL156W,YDR182W,0,-1.3855062,0.12922002375125885,0.8774703741073608,0.591304361820221
YHR080C,YDR148C,0,-1.3857853,0.1291448473930359,0.8774703741073608,0.5916996002197266
YFR050C,YKR058W,0,-1.386461,0.1290697604417801,0.8774703741073608,0.5920948386192322
YNL077W,YJL042W,0,-1.3871012,0.12899477779865265,0.8774703741073608,0.5924901366233826
YNL194C,YMR116C,0,-1.38715,0.12891985476016998,0.8774703741073608,0.5928853750228882
YNL035C,YMR161W,0,-1.3881422,0.12884503602981567,0.8774703741073608,0.5932806134223938
YDL194W,YKR079C,0,-1.3883041,0.12877030670642853,0.8774703741073608,0.5936759114265442
YBR060C,YJL074C,0,-1.3889723,0.12869565188884735,0.8774703741073608,0.5940711498260498
YOR124C,YOR265W,0,-1.3892365,0.12862108647823334,0.8774703741073608,0.5944663882255554
YJL046W,YHR149C,0,-1.3898576,0.1285466104745865,0.8774703741073608,0.5948616862297058
YOL109W,YGL160W,0,-1.3899264,0.1284722238779068,0.8774703741073608,0.5952569246292114
YKR061W,YBL074C,0,-1.38997,0.12839791178703308,0.8774703741073608,0.595652163028717
YGR240C,YEL044W,0,-1.3900057,0.12832370400428772,0.8774703741073608,0.5960474014282227
YBL017C,YLL057C,0,-1.3905399,0.12824957072734833,0.8774703741073608,0.596442699432373
YBL013W,YNR056C,0,-1.3906659,0.1281755268573761,0.8774703741073608,0.5968379378318787
YOR056C,YJR058C,0,-1.3925111,0.12810155749320984,0.8774703741073608,0.5972331762313843
YBR135W,YMR037C,0,-1.3926375,0.12802767753601074,0.8774703741073608,0.5976284742355347
YPR028W,YJR066W,0,-1.3930424,0.1279538869857788,0.8774703741073608,0.5980237126350403
YCR024C-A,YKL065C,0,-1.3952191,0.12788018584251404,0.8774703741073608,0.5984189510345459
YGL223C,YBR237W,0,-1.3952298,0.12780655920505524,0.8774703741073608,0.5988142490386963
YMR022W,YLR373C,0,-1.396218,0.1277330219745636,0.8774703741073608,0.5992094874382019
YJL168C,YFL004W,0,-1.3969411,0.12765957415103912,0.8774703741073608,0.5996047258377075
YHR046C,YGL219C,0,-1.3970908,0.12758620083332062,0.8774703741073608,0.6000000238418579
YJR014W,YGR263C,0,-1.3972392,0.12751291692256927,0.8774703741073608,0.6003952622413635
YIL043C,YLR288C,0,-1.3974099,0.1274397224187851,0.8774703741073608,0.6007905006408691
YJR077C,YBL031W,0,-1.3979983,0.12736660242080688,0.8774703741073608,0.6011857986450195
YDL194W,YNL322C,0,-1.3990533,0.12729357182979584,0.8774703741073608,0.6015810370445251
YMR098C,YGR156W,0,-1.399432,0.12722063064575195,0.8774703741073608,0.6019762754440308
YPL183C,YKL179C,0,-1.3996307,0.12714776396751404,0.8774703741073608,0.6023715138435364
YPL178W,YNL124W,0,-1.3998096,0.1270749866962433,0.8774703741073608,0.6027668118476868
YJL065C,YBR299W,0,-1.3999505,0.1270022839307785,0.8774703741073608,0.6031620502471924
YJL127C,YML014W,0,-1.4002373,0.12692967057228088,0.8774703741073608,0.603557288646698
YGR227W,YFR042W,0,-1.4004383,0.12685714662075043,0.8774703741073608,0.6039525866508484
YKL054C,YBR268W,0,-1.4010746,0.12678469717502594,0.8774703741073608,0.604347825050354
YPR075C,YDL119C,0,-1.4015186,0.12671232223510742,0.8774703741073608,0.6047430634498596
YOL137W,YNL142W,0,-1.4018947,0.12664005160331726,0.8774703741073608,0.60513836145401
YLR172C,YNL063W,1,-1.4021397,0.12713797390460968,0.8814229369163513,0.60513836145401
YEL047C,YJR049C,0,-1.402219,0.1270655244588852,0.8814229369163513,0.6055335998535156
YPL005W,YAL026C,0,-1.4031281,0.12699316442012787,0.8814229369163513,0.6059288382530212
YOR033C,YER146W,0,-1.4035559,0.1269208937883377,0.8814229369163513,0.6063241362571716
YCR035C,YLR120C,0,-1.4036672,0.12684869766235352,0.8814229369163513,0.6067193746566772
YJL116C,YLR435W,0,-1.4036857,0.1267765760421753,0.8814229369163513,0.6071146130561829
YLR315W,YKL052C,0,-1.4041492,0.12670454382896423,0.8814229369163513,0.6075099110603333
YML077W,YDL006W,0,-1.4043022,0.12663260102272034,0.8814229369163513,0.6079051494598389
YER026C,YNL048W,0,-1.4044616,0.1265607327222824,0.8814229369163513,0.6083003878593445
YDL174C,YMR165C,0,-1.4047136,0.12648893892765045,0.8814229369163513,0.6086956262588501
YMR067C,YLL021W,0,-1.4055971,0.12641723453998566,0.8814229369163513,0.6090909242630005
YEL034W,YGL184C,0,-1.4057422,0.12634560465812683,0.8814229369163513,0.6094861626625061
YNL112W,YDL124W,0,-1.4065464,0.12627406418323517,0.8814229369163513,0.6098814010620117
YHR158C,YGR162W,0,-1.4077675,0.12620259821414948,0.8814229369163513,0.6102766990661621
YGR217W,YER123W,0,-1.4090333,0.12613122165203094,0.8814229369163513,0.6106719374656677
YBR034C,YCR096C,0,-1.409059,0.12605991959571838,0.8814229369163513,0.6110671758651733
YOR328W,YJL198W,0,-1.4097533,0.12598870694637299,0.8814229369163513,0.6114624738693237
YBR091C,YHR011W,0,-1.410137,0.12591755390167236,0.8814229369163513,0.6118577122688293
YPL111W,YLR435W,0,-1.4108278,0.1258465051651001,0.8814229369163513,0.612252950668335
YGL058W,YLR120C,0,-1.4108844,0.1257755160331726,0.8814229369163513,0.6126482486724854
YBR207W,YOR254C,0,-1.4109273,0.12570461630821228,0.8814229369163513,0.613043487071991
YGR068C,YDL222C,0,-1.4114964,0.12563380599021912,0.8814229369163513,0.6134387254714966
YJL010C,YLR215C,0,-1.4119813,0.12556307017803192,0.8814229369163513,0.6138339638710022
YJR016C,YBL040C,0,-1.4124601,0.1254924088716507,0.8814229369163513,0.6142292618751526
YHL002W,YDR264C,0,-1.4126158,0.12542182207107544,0.8814229369163513,0.6146245002746582
YMR170C,YBL046W,0,-1.4128304,0.12535132467746735,0.8814229369163513,0.6150197386741638
YDR313C,YDR280W,0,-1.4132072,0.12528090178966522,0.8814229369163513,0.6154150366783142
YOR270C,YOR115C,0,-1.4135773,0.12521055340766907,0.8814229369163513,0.6158102750778198
YDR379W,YML009C,0,-1.4139451,0.12514029443264008,0.8814229369163513,0.6162055134773254
YPL154C,YNL247W,0,-1.4144205,0.12507010996341705,0.8814229369163513,0.6166008114814758
YDR397C,YGR257C,0,-1.4148245,0.125,0.8814229369163513,0.6169960498809814
YOR210W,YPR134W,0,-1.4150513,0.12492997199296951,0.8814229369163513,0.6173912882804871
YGL205W,YNL224C,0,-1.4159,0.12486002594232559,0.8814229369163513,0.6177865862846375
YPL265W,YBR082C,0,-1.4161294,0.12479015439748764,0.8814229369163513,0.6181818246841431
YMR305C,YMR303C,0,-1.4161537,0.12472035735845566,0.8814229369163513,0.6185770630836487
YBR210W,YIL034C,0,-1.4162455,0.12465064227581024,0.8814229369163513,0.6189723610877991
YML107C,YHL047C,0,-1.4164535,0.12458100914955139,0.8814229369163513,0.6193675994873047
YDL130W,YNL063W,1,-1.4170935,0.12506979703903198,0.8853754997253418,0.6193675994873047
YKL110C,YNR075W,0,-1.4171,0.125,0.8853754997253418,0.6197628378868103
YOL080C,YFR047C,0,-1.4174113,0.12493028491735458,0.8853754997253418,0.6201580762863159
YMR004W,YHL001W,0,-1.4179152,0.12486064434051514,0.8853754997253418,0.6205533742904663
YDL085W,YDL007W,0,-1.4179385,0.12479108572006226,0.8853754997253418,0.6209486126899719
YNL014W,YDR385W,1,-1.4181377,0.12527839839458466,0.8893280625343323,0.6209486126899719
YGL077C,YKL073W,0,-1.418416,0.12520867586135864,0.8893280625343323,0.6213438510894775
YGR172C,YKR079C,0,-1.418721,0.1251390427350998,0.8893280625343323,0.6217391490936279
YCR028C,YGL184C,0,-1.4189491,0.1250694841146469,0.8893280625343323,0.6221343874931335
YDR368W,YLR093C,0,-1.4198382,0.125,0.8893280625343323,0.6225296258926392
YNL185C,YNL191W,0,-1.4207298,0.12493059039115906,0.8893280625343323,0.6229249238967896
YGR172C,YHR169W,0,-1.4208616,0.12486126273870468,0.8893280625343323,0.6233201622962952
YJR126C,YGR162W,0,-1.4212329,0.12479200959205627,0.8893280625343323,0.6237154006958008
YIL073C,YGR161C,0,-1.4218729,0.12472283840179443,0.8893280625343323,0.6241106986999512
YIL033C,YFR042W,0,-1.4233238,0.12465374171733856,0.8893280625343323,0.6245059370994568
YHR101C,YDR329C,0,-1.4236112,0.12458471953868866,0.8893280625343323,0.6249011754989624
YOL002C,YER109C,0,-1.4238253,0.12451577186584473,0.8893280625343323,0.625296413898468
YCR027C,YPR140W,0,-1.4251474,0.12444690614938736,0.8893280625343323,0.6256917119026184
YOR236W,YDL220C,0,-1.4253442,0.12437810748815536,0.8893280625343323,0.626086950302124
YEL046C,YOR208W,0,-1.4254705,0.12430939078330994,0.8893280625343323,0.6264821887016296
YBL035C,YJL204C,0,-1.4255792,0.12424074858427048,0.8893280625343323,0.62687748670578
YDR128W,YER123W,0,-1.4258199,0.12417218834161758,0.8893280625343323,0.6272727251052856
YGL073W,YNL009W,0,-1.4262911,0.12410369515419006,0.8893280625343323,0.6276679635047913
YGR013W,YBR188C,0,-1.426648,0.12403528392314911,0.8893280625343323,0.6280632615089417
YDR311W,YJL167W,0,-1.4267831,0.12396693974733353,0.8893280625343323,0.6284584999084473
YJL129C,YDR408C,0,-1.4278812,0.12389867752790451,0.8893280625343323,0.6288537383079529
YFR009W,YNL063W,1,-1.4279035,0.12438084930181503,0.8932806253433228,0.6288537383079529
YDR328C,YLL050C,0,-1.428205,0.12431243062019348,0.8932806253433228,0.6292490363121033
YIL098C,YJR022W,0,-1.4295768,0.1242440864443779,0.8932806253433228,0.6296442747116089
YNL076W,YCL040W,0,-1.430302,0.12417582422494888,0.8932806253433228,0.6300395131111145
YLL009C,YKL029C,0,-1.4310145,0.12410763651132584,0.8932806253433228,0.6304348111152649
YNR001C,YFR046C,0,-1.4322852,0.12403951585292816,0.8932806253433228,0.6308300495147705
YJL013C,YKL073W,0,-1.4326117,0.12397147715091705,0.8932806253433228,0.6312252879142761
YLR417W,YJL089W,0,-1.4336257,0.12390350550413132,0.8932806253433228,0.6316205263137817
YMR083W,YPR037C,0,-1.4337566,0.12383561581373215,0.8932806253433228,0.6320158243179321
YER051W,YKR024C,0,-1.4339043,0.12376780062913895,0.8932806253433228,0.6324110627174377
YGL179C,YEL024W,0,-1.434184,0.12370005249977112,0.8932806253433228,0.6328063011169434
YLR388W,YIL037C,0,-1.4367619,0.12363238632678986,0.8932806253433228,0.6332015991210938
YKL220C,YDR143C,0,-1.4378731,0.12356478720903397,0.8932806253433228,0.6335968375205994
YGR254W,YKL216W,0,-1.4382262,0.12349727004766464,0.8932806253433228,0.633992075920105
YKL002W,YNL227C,0,-1.4388059,0.12342981994152069,0.8932806253433228,0.6343873739242554
YLR090W,YDR488C,0,-1.4388692,0.12336244434118271,0.8932806253433228,0.634782612323761
YNL066W,YMR060C,0,-1.4390657,0.1232951432466507,0.8932806253433228,0.6351778507232666
YJL174W,YOR028C,0,-1.441288,0.12322791665792465,0.8932806253433228,0.635573148727417
YDR299W,YJR001W,0,-1.4419756,0.12316076457500458,0.8932806253433228,0.6359683871269226
YBR065C,YDR421W,0,-1.4434404,0.12309367954730988,0.8932806253433228,0.6363636255264282
YIL123W,YER147C,0,-1.4445189,0.12302667647600174,0.8932806253433228,0.6367588639259338
YGL210W,YBR164C,0,-1.4445317,0.12295974045991898,0.8932806253433228,0.6371541619300842
YPL023C,YDL200C,0,-1.4448175,0.12289287894964218,0.8932806253433228,0.6375494003295898
YHR103W,YCR010C,0,-1.4450977,0.12282608449459076,0.8932806253433228,0.6379446387290955
YOR016C,YDR358W,0,-1.4452382,0.1227593719959259,0.8932806253433228,0.6383399367332458
YOL147C,YPL001W,0,-1.4457653,0.12269272655248642,0.8932806253433228,0.6387351751327515
YDL222C,YGL077C,0,-1.4459796,0.1226261556148529,0.8932806253433228,0.6391304135322571
YNL139C,YHR148W,0,-1.446381,0.12255965173244476,0.8932806253433228,0.6395257115364075
YOL030W,YLR248W,0,-1.4474567,0.12249322235584259,0.8932806253433228,0.6399209499359131
YKL183W,YDL190C,0,-1.4475555,0.12242686748504639,0.8932806253433228,0.6403161883354187
YBR290W,YDL154W,0,-1.4476941,0.12236058712005615,0.8932806253433228,0.6407114863395691
YPL059W,YER106W,0,-1.44874,0.12229437381029129,0.8932806253433228,0.6411067247390747
YMR043W,YBR018C,0,-1.4487782,0.1222282350063324,0.8932806253433228,0.6415019631385803
YDR257C,YNR026C,0,-1.4488618,0.12216216325759888,0.8932806253433228,0.6418972611427307
YIL145C,YHR205W,0,-1.4491098,0.12209616601467133,0.8932806253433228,0.6422924995422363
YOR181W,YMR079W,0,-1.4494462,0.12203023582696915,0.8932806253433228,0.6426877379417419
YBR054W,YHR197W,0,-1.4495084,0.12196438014507294,0.8932806253433228,0.6430829763412476
YJR097W,YJL102W,1,-1.4499483,0.1224379688501358,0.8972331881523132,0.6430829763412476
YGR253C,YPL021W,0,-1.4505382,0.12237196415662766,0.8972331881523132,0.643478274345398
YIL034C,YPL233W,0,-1.4519842,0.12230603396892548,0.8972331881523132,0.6438735127449036
YHR034C,YLR096W,0,-1.4525895,0.12224017083644867,0.8972331881523132,0.6442687511444092
YOR119C,YLR238W,0,-1.4531262,0.12217438220977783,0.8972331881523132,0.6446640491485596
YOR267C,YNL064C,0,-1.4554462,0.12210866063833237,0.8972331881523132,0.6450592875480652
YBR014C,YPR180W,0,-1.4585257,0.12204301357269287,0.8972331881523132,0.6454545259475708
YCR020C,YPR049C,0,-1.4585326,0.12197743356227875,0.8972331881523132,0.6458498239517212
YFR042W,YMR036C,0,-1.4600056,0.12191192060709,0.8972331881523132,0.6462450623512268
YJL151C,YHR089C,0,-1.4609275,0.12184648215770721,0.8972331881523132,0.6466403007507324
YHR142W,YBR083W,0,-1.4612383,0.1217811182141304,0.8972331881523132,0.6470355987548828
YNL014W,YOR133W,1,-1.4616191,0.12225200980901718,0.9011857509613037,0.6470355987548828
YGL223C,YDR179C,0,-1.4619915,0.12218649685382843,0.9011857509613037,0.6474308371543884
YPL108W,YMR302C,0,-1.4627274,0.12212105095386505,0.9011857509613037,0.647826075553894
YBL097W,YIL171W,0,-1.4627776,0.12205567210912704,0.9011857509613037,0.6482213735580444
YLR341W,YBR217W,0,-1.4634036,0.12199036777019501,0.9011857509613037,0.64861661195755
YLR381W,YPR128C,0,-1.4639406,0.12192513048648834,0.9011857509613037,0.6490118503570557
YJL148W,YBR098W,0,-1.4642184,0.12185996770858765,0.9011857509613037,0.6494070887565613
YHR193C,YDR314C,0,-1.4643106,0.12179487198591232,0.9011857509613037,0.6498023867607117
YGL134W,YHR194W,0,-1.4651241,0.12172984331846237,0.9011857509613037,0.6501976251602173
YDR055W,YJR102C,0,-1.4662669,0.12166488915681839,0.9011857509613037,0.6505928635597229
YCR054C,YPL193W,0,-1.466587,0.12160000205039978,0.9011857509613037,0.6509881615638733
YJR084W,YDR179C,0,-1.4684817,0.12153518199920654,0.9011857509613037,0.6513833999633789
YPL033C,YNL164C,0,-1.4686153,0.12147042900323868,0.9011857509613037,0.6517786383628845
YBR218C,YGL038C,0,-1.468643,0.12140575051307678,0.9011857509613037,0.6521739363670349
YLR223C,YER157W,0,-1.469782,0.12134113907814026,0.9011857509613037,0.6525691747665405
YOR048C,YML072C,0,-1.469786,0.12127659469842911,0.9011857509613037,0.6529644131660461
YML113W,YBL064C,0,-1.4711645,0.12121212482452393,0.9011857509613037,0.6533597111701965
YNL094W,YDR179C,0,-1.4714515,0.12114771455526352,0.9011857509613037,0.6537549495697021
YMR274C,YMR165C,0,-1.4714643,0.12108337879180908,0.9011857509613037,0.6541501879692078
YKR087C,YLR319C,0,-1.4718189,0.12101911008358002,0.9011857509613037,0.6545454263687134
YBR290W,YNL118C,0,-1.4727075,0.12095490843057632,0.9011857509613037,0.6549407243728638
YGL002W,YGR104C,0,-1.4730842,0.120890773832798,0.9011857509613037,0.6553359627723694
YDL180W,YIL034C,0,-1.4732329,0.12082670629024506,0.9011857509613037,0.655731201171875
YGL096W,YDL058W,0,-1.4733484,0.12076271325349808,0.9011857509613037,0.6561264991760254
YLR363C,YLR078C,0,-1.4737225,0.12069877982139587,0.9011857509613037,0.656521737575531
YLR077W,YIL040W,0,-1.4741783,0.12063492089509964,0.9011857509613037,0.6569169759750366
YJL151C,YOR117W,0,-1.4741983,0.12057112902402878,0.9011857509613037,0.657312273979187
YPL280W,YKL045W,0,-1.4751186,0.12050739675760269,0.9011857509613037,0.6577075123786926
YDR214W,YOR198C,0,-1.4757916,0.12044373899698257,0.9011857509613037,0.6581027507781982
YFR009W,YJL102W,1,-1.4765667,0.12090813368558884,0.9051383137702942,0.6581027507781982
YJR104C,YOR234C,0,-1.4769499,0.12084432691335678,0.9051383137702942,0.6584980487823486
YDL147W,YKL059C,0,-1.477312,0.1207805871963501,0.9051383137702942,0.6588932871818542
YDR540C,YDR225W,0,-1.4778737,0.12071692198514938,0.9051383137702942,0.6592885255813599
YGR049W,YPR010C,0,-1.4783944,0.12065331637859344,0.9051383137702942,0.6596838235855103
YDR123C,YOL023W,0,-1.4787583,0.12058978527784348,0.9051383137702942,0.6600790619850159
YDR162C,YOR371C,0,-1.4794295,0.12052631378173828,0.9051383137702942,0.6604743003845215
YDR488C,YER051W,0,-1.4801772,0.12046291679143906,0.9051383137702942,0.6608695387840271
YHR117W,YDL190C,0,-1.4804688,0.1203995794057846,0.9051383137702942,0.6612648367881775
YPR192W,YER155C,0,-1.4804881,0.12033630907535553,0.9051383137702942,0.6616600751876831
YJR155W,YER129W,0,-1.4812741,0.12027310580015182,0.9051383137702942,0.6620553135871887
YKL034W,YLR116W,0,-1.4812868,0.12020997703075409,0.9051383137702942,0.6624506115913391
YOL125W,YHR044C,0,-1.4814304,0.12014690786600113,0.9051383137702942,0.6628458499908447
YHL025W,YMR307W,0,-1.4814464,0.12008389830589294,0.9051383137702942,0.6632410883903503
YLR286C,YMR058W,0,-1.4815388,0.12002096325159073,0.9051383137702942,0.6636363863945007
YPL118W,YDR038C,0,-1.481869,0.11995809525251389,0.9051383137702942,0.6640316247940063
YPL047W,YIR012W,0,-1.4824741,0.11989528685808182,0.9051383137702942,0.664426863193512
YDL066W,YDR122W,0,-1.4830713,0.11983254551887512,0.9051383137702942,0.6648221611976624
YEL058W,YML012W,0,-1.4833055,0.1197698712348938,0.9051383137702942,0.665217399597168
YGL089C,YNL025C,0,-1.4833609,0.11970726400613785,0.9051383137702942,0.6656126379966736
YDL155W,YBL025W,0,-1.4847773,0.11964472383260727,0.9051383137702942,0.6660078763961792
YPL024W,YJL106W,0,-1.4851747,0.11958224326372147,0.9051383137702942,0.6664031744003296
YBR048W,YOR255W,0,-1.485402,0.11951982975006104,0.9051383137702942,0.6667984127998352
YOR269W,YMR199W,0,-1.4875672,0.11945748329162598,0.9051383137702942,0.6671936511993408
YPR032W,YHR207C,0,-1.4909496,0.11939520388841629,0.9051383137702942,0.6675889492034912
YER122C,YFR038W,0,-1.4911522,0.11933298408985138,0.9051383137702942,0.6679841876029968
YGR217W,YDR528W,0,-1.4912312,0.11927083134651184,0.9051383137702942,0.6683794260025024
YNL292W,YML114C,0,-1.4918704,0.11920874565839767,0.9051383137702942,0.6687747240066528
YMR022W,YNL270C,0,-1.4930687,0.11914671957492828,0.9051383137702942,0.6691699624061584
YML058W,YLR167W,0,-1.4938357,0.11908476054668427,0.9051383137702942,0.6695652008056641
YHR099W,YLR310C,0,-1.4941351,0.11902286857366562,0.9051383137702942,0.6699604988098145
YML064C,YBR133C,0,-1.4949815,0.11896103620529175,0.9051383137702942,0.6703557372093201
YLR060W,YIL106W,0,-1.4962027,0.11889927089214325,0.9051383137702942,0.6707509756088257
YNL224C,YIL122W,0,-1.4968791,0.11883757263422012,0.9051383137702942,0.6711462736129761
YER030W,YHR023W,0,-1.4977479,0.11877593398094177,0.9051383137702942,0.6715415120124817
YBL103C,YNL328C,0,-1.498136,0.1187143623828888,0.9051383137702942,0.6719367504119873
YOL109W,YPR181C,0,-1.4990323,0.11865285038948059,0.9051383137702942,0.6723319888114929
YFR025C,YOR067C,0,-1.4993596,0.11859140545129776,0.9051383137702942,0.6727272868156433
YDR435C,YBR188C,0,-1.4995718,0.1185300201177597,0.9051383137702942,0.6731225252151489
YIL167W,YLR204W,0,-1.5009133,0.11846870183944702,0.9051383137702942,0.6735177636146545
YGR120C,YNL257C,0,-1.5023444,0.11840744316577911,0.9051383137702942,0.6739130616188049
YCR036W,YBL066C,0,-1.5025228,0.11834625154733658,0.9051383137702942,0.6743083000183105
YMR016C,YDR365C,0,-1.5035995,0.11828512698411942,0.9051383137702942,0.6747035384178162
YAL062W,YBL020W,0,-1.5037557,0.11822405457496643,0.9051383137702942,0.6750988364219666
YNR037C,YIR013C,0,-1.5042498,0.11816305667161942,0.9051383137702942,0.6754940748214722
YDL065C,YHR043C,0,-1.5044258,0.11810211092233658,0.9051383137702942,0.6758893132209778
YDR443C,YDR236C,0,-1.5065463,0.11804123967885971,0.9051383137702942,0.6762846112251282
YAL021C,YNL207W,0,-1.5070444,0.11798042058944702,0.9051383137702942,0.6766798496246338
YOR205C,YIL040W,0,-1.5076047,0.1179196685552597,0.9051383137702942,0.6770750880241394
YMR142C,YJR059W,0,-1.5082079,0.11785898357629776,0.9051383137702942,0.677470326423645
YML107C,YGR086C,0,-1.5088495,0.1177983507514,0.9051383137702942,0.6778656244277954
YNL151C,YJL020C,0,-1.5092602,0.1177377924323082,0.9051383137702942,0.678260862827301
YDR309C,YKL089W,0,-1.5148137,0.11767728626728058,0.9051383137702942,0.6786561012268066
YCL011C,YKL134C,0,-1.5151267,0.11761684715747833,0.9051383137702942,0.679051399230957
YGL191W,YGR198W,0,-1.5151358,0.11755646765232086,0.9051383137702942,0.6794466376304626
YOR005C,YGL048C,0,-1.5151528,0.11749615520238876,0.9051383137702942,0.6798418760299683
YBL099W,YLL057C,0,-1.5161245,0.11743589490652084,0.9051383137702942,0.6802371740341187
YNL094W,YBL045C,0,-1.5161572,0.1173757016658783,0.9051383137702942,0.6806324124336243
YOL113W,YNL300W,0,-1.5165198,0.11731557548046112,0.9051383137702942,0.6810276508331299
YGL076C,YNL278W,0,-1.5165675,0.11725550144910812,0.9051383137702942,0.6814229488372803
YGL084C,YMR305C,0,-1.5166322,0.1171954944729805,0.9051383137702942,0.6818181872367859
YPL154C,YOL148C,0,-1.5168719,0.11713554710149765,0.9051383137702942,0.6822134256362915
YBR215W,YDR347W,0,-1.51756,0.11707566678524017,0.9051383137702942,0.6826087236404419
YBR065C,YFR049W,0,-1.5181209,0.11701583862304688,0.9051383137702942,0.6830039620399475
YPR025C,YBR288C,0,-1.5182757,0.11695607751607895,0.9051383137702942,0.6833992004394531
YPR143W,YMR053C,0,-1.5187712,0.1168963760137558,0.9051383137702942,0.6837944388389587
YML114C,YGR008C,0,-1.5201752,0.11683673411607742,0.9051383137702942,0.6841897368431091
YPL019C,YLR248W,0,-1.5204892,0.11677715182304382,0.9051383137702942,0.6845849752426147
YHR170W,YDR031W,0,-1.5210686,0.1167176365852356,0.9051383137702942,0.6849802136421204
YLR188W,YBR005W,0,-1.5212123,0.11665817350149155,0.9051383137702942,0.6853755116462708
YGL179C,YNR056C,0,-1.5213233,0.11659877747297287,0.9051383137702942,0.6857707500457764
YDR532C,YML088W,0,-1.5220729,0.11653944104909897,0.9051383137702942,0.686165988445282
YPL161C,YDR085C,0,-1.5223222,0.11648016422986984,0.9051383137702942,0.6865612864494324
YNR033W,YML104C,0,-1.5225642,0.11642094701528549,0.9051383137702942,0.686956524848938
YHR034C,YOR197W,0,-1.5230598,0.11636178940534592,0.9051383137702942,0.6873517632484436
YML102W,YMR311C,0,-1.5237398,0.11630269140005112,0.9051383137702942,0.687747061252594
YNL272C,YPL236C,0,-1.5239854,0.11624365299940109,0.9051383137702942,0.6881422996520996
YDR117C,YLR192C,0,-1.5240107,0.11618467420339584,0.9051383137702942,0.6885375380516052
YLR181C,YMR292W,0,-1.5242462,0.11612576246261597,0.9051383137702942,0.6889328360557556
YGR241C,YFR034C,0,-1.5245237,0.11606690287590027,0.9051383137702942,0.6893280744552612
YKL149C,YGR162W,0,-1.5250869,0.11600810289382935,0.9051383137702942,0.6897233128547668
YMR165C,YGR057C,0,-1.5253325,0.1159493699669838,0.9051383137702942,0.6901185512542725
YPL126W,YNL083W,0,-1.526516,0.11589068919420242,0.9051383137702942,0.6905138492584229
YJL156C,YOR078W,0,-1.5272285,0.11583206802606583,0.9051383137702942,0.6909090876579285
YIL073C,YGR218W,0,-1.5277089,0.115773506462574,0.9051383137702942,0.6913043260574341
YIL114C,YDL101C,0,-1.5289083,0.11571500450372696,0.9051383137702942,0.6916996240615845
YCR107W,YGR189C,0,-1.5292642,0.11565656214952469,0.9051383137702942,0.6920948624610901
YJL089W,YDL214C,0,-1.5293243,0.1155981793999672,0.9051383137702942,0.6924901008605957
YOR101W,YGR009C,0,-1.5295777,0.11553985625505447,0.9051383137702942,0.6928853988647461
YDR031W,YGR271C-A,0,-1.5296893,0.11548159271478653,0.9051383137702942,0.6932806372642517
YER147C,YDR110W,0,-1.5300548,0.11542338877916336,0.9051383137702942,0.6936758756637573
YIL026C,YDR127W,0,-1.5300634,0.11536523699760437,0.9051383137702942,0.6940711736679077
YOL017W,YPL195W,0,-1.5310974,0.11530715227127075,0.9051383137702942,0.6944664120674133
YGL016W,YER004W,0,-1.5324597,0.11524911969900131,0.9051383137702942,0.694861650466919
YDL239C,YJL137C,0,-1.5325933,0.11519114673137665,0.9051383137702942,0.6952568888664246
YOR319W,YBR245C,0,-1.5329547,0.11513323336839676,0.9051383137702942,0.695652186870575
YDL153C,YBR098W,0,-1.533334,0.11507537961006165,0.9051383137702942,0.6960474252700806
YER147C,YJL133W,0,-1.5333464,0.11501757800579071,0.9051383137702942,0.6964426636695862
YGR078C,YBR107C,0,-1.5334585,0.11495983600616455,0.9051383137702942,0.6968379616737366
YGL141W,YER146W,0,-1.5345864,0.11490216106176376,0.9051383137702942,0.6972332000732422
YIL168W,YOR011W,0,-1.5352722,0.11484453082084656,0.9051383137702942,0.6976284384727478
YKR013W,YLR315W,0,-1.5363071,0.11478696763515472,0.9051383137702942,0.6980237364768982
YOL055C,YKR030W,0,-1.536562,0.11472945660352707,0.9051383137702942,0.6984189748764038
YDR427W,YGR215W,0,-1.5373087,0.11467200517654419,0.9051383137702942,0.6988142132759094
YLL006W,YHR050W,0,-1.5373154,0.11461461335420609,0.9051383137702942,0.6992095112800598
YDR039C,YOL005C,0,-1.5382354,0.11455728113651276,0.9051383137702942,0.6996047496795654
YCR098C,YLR121C,0,-1.538584,0.1145000010728836,0.9051383137702942,0.699999988079071
YLR333C,YBR168W,0,-1.5391008,0.11444278061389923,0.9051383137702942,0.7003952860832214
YLR093C,YOR241W,0,-1.5392795,0.11438561230897903,0.9051383137702942,0.700790524482727
YNL331C,YEL042W,0,-1.5394847,0.11432850360870361,0.9051383137702942,0.7011857628822327
YKR046C,YOR347C,0,-1.541342,0.11427145451307297,0.9051383137702942,0.7015810012817383
YFL005W,YOR039W,0,-1.5413997,0.1142144650220871,0.9051383137702942,0.7019762992858887
YDR347W,YPL117C,0,-1.5414703,0.1141575276851654,0.9051383137702942,0.7023715376853943
YDR150W,YER051W,0,-1.5416913,0.11410064995288849,0.9051383137702942,0.7027667760848999
YBR040W,YFR049W,0,-1.5421023,0.11404382437467575,0.9051383137702942,0.7031620740890503
YDL212W,YBR033W,0,-1.5425148,0.11398705840110779,0.9051383137702942,0.7035573124885559
YOL039W,YJL102W,1,-1.5428162,0.11442785710096359,0.9090909361839294,0.7035573124885559
YCR037C,YHR205W,0,-1.5434744,0.11437095701694489,0.9090909361839294,0.7039525508880615
YMR170C,YHR020W,0,-1.5462967,0.11431411653757095,0.9090909361839294,0.7043478488922119
YLR003C,YNL299W,0,-1.5469804,0.1142573282122612,0.9090909361839294,0.7047430872917175
YOR011W,YLR200W,0,-1.5477619,0.11420059949159622,0.9090909361839294,0.7051383256912231
YOR081C,YNL300W,0,-1.5488124,0.11414392292499542,0.9090909361839294,0.7055336236953735
YDR032C,YKL216W,0,-1.549243,0.1140872985124588,0.9090909361839294,0.7059288620948792
YLR421C,YJL137C,0,-1.5501579,0.11403074115514755,0.9090909361839294,0.7063241004943848
YBR302C,YDL247W,0,-1.5509783,0.11397422850131989,0.9090909361839294,0.7067193388938904
YIL070C,YNL328C,0,-1.5509946,0.11391778290271759,0.9090909361839294,0.7071146368980408
YDR480W,YOR033C,0,-1.551459,0.11386138945817947,0.9090909361839294,0.7075098752975464
YPL060W,YML010W,0,-1.5520602,0.11380504816770554,0.9090909361839294,0.707905113697052
YLR121C,YKL011C,0,-1.5533738,0.11374876648187637,0.9090909361839294,0.7083004117012024
YML065W,YDR256C,0,-1.5543599,0.11369253695011139,0.9090909361839294,0.708695650100708
YOL077C,YMR197C,0,-1.5571753,0.11363636702299118,0.9090909361839294,0.7090908885002136
YBR102C,YOR224C,0,-1.5589558,0.11358024924993515,0.9090909361839294,0.709486186504364
YNL240C,YLR381W,0,-1.5593675,0.1135241836309433,0.9090909361839294,0.7098814249038696
YOR090C,YJL099W,0,-1.5596187,0.11346817761659622,0.9090909361839294,0.7102766633033752
YBR208C,YDL033C,0,-1.5610522,0.11341223120689392,0.9090909361839294,0.7106719613075256
YOR307C,YGL064C,0,-1.5611949,0.1133563295006752,0.9090909361839294,0.7110671997070312
YJL051W,YNL007C,0,-1.5614405,0.11330049484968185,0.9090909361839294,0.7114624381065369
YHL019C,YIL041W,0,-1.561523,0.11324470490217209,0.9090909361839294,0.7118577361106873
YOR017W,YNL221C,0,-1.5616958,0.1131889745593071,0.9090909361839294,0.7122529745101929
YBR160W,YKL035W,0,-1.5624489,0.11313330382108688,0.9090909361839294,0.7126482129096985
YMR297W,YMR047C,0,-1.5626591,0.11307767778635025,0.9090909361839294,0.7130434513092041
YDR247W,YGR279C,0,-1.5638399,0.11302211135625839,0.9090909361839294,0.7134387493133545
YIL119C,YNL124W,0,-1.5639875,0.11296660453081131,0.9090909361839294,0.7138339877128601
YGL254W,YGR206W,0,-1.5643504,0.11291114240884781,0.9090909361839294,0.7142292261123657
YDL105W,YDR253C,0,-1.5645624,0.11285573989152908,0.9090909361839294,0.7146245241165161
YML110C,YMR233W,0,-1.5649664,0.11280038952827454,0.9090909361839294,0.7150197625160217
YJL133W,YJL059W,0,-1.5658493,0.11274509876966476,0.9090909361839294,0.7154150009155273
YGR245C,YER141W,0,-1.5665399,0.11268986016511917,0.9090909361839294,0.7158102989196777
YNL308C,YDR028C,0,-1.5665721,0.11263467371463776,0.9090909361839294,0.7162055373191833
YOL044W,YDL226C,0,-1.5666192,0.11257953941822052,0.9090909361839294,0.716600775718689
YOR028C,YOR188W,0,-1.5675771,0.11252446472644806,0.9090909361839294,0.7169960737228394
YJL198W,YLR225C,0,-1.5676733,0.11246943473815918,0.9090909361839294,0.717391312122345
YGL016W,YDR150W,0,-1.5679376,0.11241446435451508,0.9090909361839294,0.7177865505218506
YLR336C,YGL229C,0,-1.5684433,0.11235955357551575,0.9090909361839294,0.7181817889213562
YNL014W,YGL195W,1,-1.5685768,0.11279296875,0.9130434989929199,0.7181817889213562
YGL053W,YOL001W,0,-1.5688173,0.11273792386054993,0.9130434989929199,0.7185770869255066
YLL035W,YKR105C,0,-1.5705028,0.11268292367458344,0.9130434989929199,0.7189723253250122
YKL033W,YBR179C,0,-1.5706893,0.11262798309326172,0.9130434989929199,0.7193675637245178
YKL065C,YPR140W,0,-1.5714202,0.11257310211658478,0.9130434989929199,0.7197628617286682
YDR246W,YDR293C,0,-1.5720587,0.11251826584339142,0.9130434989929199,0.7201581001281738
YGR284C,YDL069C,0,-1.5721443,0.11246348917484283,0.9130434989929199,0.7205533385276794
YEL058W,YFL047W,0,-1.5722682,0.11240875720977783,0.9130434989929199,0.7209486365318298
YNL066W,YLR320W,0,-1.5728209,0.1123540848493576,0.9130434989929199,0.7213438749313354
YDR397C,YKL173W,0,-1.5744355,0.11229946464300156,0.9130434989929199,0.7217391133308411
YDL161W,YGL240W,0,-1.575258,0.11224489659070969,0.9130434989929199,0.7221344113349915
YCR034W,YOR322C,0,-1.5754672,0.112190380692482,0.9130434989929199,0.7225296497344971
YIL027C,YCL063W,0,-1.5765357,0.11213592439889908,0.9130434989929199,0.7229248881340027
YIL123W,YOR172W,0,-1.5775448,0.11208151280879974,0.9130434989929199,0.7233201861381531
YGL191W,YBR164C,0,-1.5776329,0.11202716082334518,0.9130434989929199,0.7237154245376587
YPL206C,YNL169C,0,-1.5778513,0.1119728535413742,0.9130434989929199,0.7241106629371643
YDR225W,YIL155C,0,-1.5782943,0.111918605864048,0.9130434989929199,0.7245059013366699
YDR320C,YPL060W,0,-1.5784769,0.11186441034078598,0.9130434989929199,0.7249011993408203
YDL017W,YPL074W,0,-1.5790086,0.11181025952100754,0.9130434989929199,0.7252964377403259
YIL075C,YCL061C,0,-1.5793242,0.11175616830587387,0.9130434989929199,0.7256916761398315
YIL013C,YPL169C,0,-1.5797201,0.11170212924480438,0.9130434989929199,0.7260869741439819
YCL027W,YPL089C,0,-1.5802832,0.11164814233779907,0.9130434989929199,0.7264822125434875
YEL003W,YHR067W,0,-1.5806534,0.11159420013427734,0.9130434989929199,0.7268774509429932
YBR244W,YHR067W,0,-1.5813553,0.11154031753540039,0.9130434989929199,0.7272727489471436
YGL254W,YGL059W,0,-1.58161,0.11148648709058762,0.9130434989929199,0.7276679873466492
YJL062W,YPR143W,0,-1.5828714,0.11143270879983902,0.9130434989929199,0.7280632257461548
YPL211W,YER157W,0,-1.5828911,0.111378975212574,0.9130434989929199,0.7284585237503052
YNL154C,YDL126C,0,-1.5831051,0.11132530122995377,0.9130434989929199,0.7288537621498108
YPL128C,YBR107C,0,-1.5833867,0.1112716794013977,0.9130434989929199,0.7292490005493164
YKL062W,YOR250C,0,-1.5845625,0.11121810227632523,0.9130434989929199,0.7296442985534668
YDR402C,YPR082C,0,-1.5849059,0.11116458475589752,0.9130434989929199,0.7300395369529724
YDR040C,YGR135W,0,-1.5855075,0.1111111119389534,0.9130434989929199,0.730434775352478
YLR069C,YJL102W,1,-1.5864053,0.11153846234083176,0.9169960618019104,0.730434775352478
YDR441C,YER036C,0,-1.5869279,0.11148486286401749,0.9169960618019104,0.7308300137519836
YOL113W,YDR028C,0,-1.5877585,0.1114313155412674,0.9169960618019104,0.731225311756134
YML047C,YJL092W,0,-1.5881962,0.11137782037258148,0.9169960618019104,0.7316205501556396
YMR323W,YLR442C,0,-1.5884278,0.11132437735795975,0.9169960618019104,0.7320157885551453
YGR234W,YNL098C,0,-1.5885969,0.11127098649740219,0.9169960618019104,0.7324110865592957
YOR189W,YNL246W,0,-1.5890079,0.11121764034032822,0.9169960618019104,0.7328063249588013
YAL019W,YNL001W,0,-1.5896986,0.11116435378789902,0.9169960618019104,0.7332015633583069
YAL053W,YJL121C,0,-1.5900657,0.1111111119389534,0.9169960618019104,0.7335968613624573
YBR044C,YNL316C,0,-1.5901171,0.11105792224407196,0.9169960618019104,0.7339920997619629
YNL005C,YDR104C,0,-1.5907353,0.1110047847032547,0.9169960618019104,0.7343873381614685
YGR217W,YJL078C,0,-1.5908188,0.11095169931650162,0.9169960618019104,0.7347826361656189
YDR325W,YGR083C,0,-1.5914623,0.11089865863323212,0.9169960618019104,0.7351778745651245
YJL165C,YPR034W,0,-1.5914805,0.11084567755460739,0.9169960618019104,0.7355731129646301
YBL024W,YDR380W,0,-1.5919135,0.11079274117946625,0.9169960618019104,0.7359683513641357
YDL168W,YBL037W,0,-1.5921999,0.11073985695838928,0.9169960618019104,0.7363636493682861
YPL055C,YOL110W,0,-1.5923305,0.1106870248913765,0.9169960618019104,0.7367588877677917
YJR097W,YNL063W,1,-1.5939512,0.1111111119389534,0.9209486246109009,0.7367588877677917
YJL098W,YMR188C,0,-1.5940771,0.11105815321207047,0.9209486246109009,0.7371541261672974
YNL139C,YBR152W,0,-1.5941775,0.11100523918867111,0.9209486246109009,0.7375494241714478
YFL029C,YOR336W,0,-1.5942494,0.11095237731933594,0.9209486246109009,0.7379446625709534
YER148W,YOR011W,0,-1.5946864,0.11089957505464554,0.9209486246109009,0.738339900970459
YPL146C,YKR001C,0,-1.5951052,0.11084681004285812,0.9209486246109009,0.7387351989746094
YDR386W,YLR074C,0,-1.595561,0.11079410463571548,0.9209486246109009,0.739130437374115
YIL007C,YOR234C,0,-1.5963562,0.11074144393205643,0.9209486246109009,0.7395256757736206
YBL093C,YDL044C,0,-1.5964241,0.11068883538246155,0.9209486246109009,0.739920973777771
YNL186W,YGL045W,0,-1.5979822,0.11063627898693085,0.9209486246109009,0.7403162121772766
YPL048W,YLR069C,1,-1.5985274,0.11105837672948837,0.9249011874198914,0.7403162121772766
YER129W,YJR049C,0,-1.5985467,0.11100569367408752,0.9249011874198914,0.7407114505767822
YPL232W,YOL071W,0,-1.5988286,0.11095305532217026,0.9249011874198914,0.7411067485809326
YIL113W,YHR001W-A,0,-1.5994751,0.11090047657489777,0.9249011874198914,0.7415019869804382
YFR051C,YJR150C,0,-1.6006731,0.11084794253110886,0.9249011874198914,0.7418972253799438
YMR163C,YJR144W,0,-1.6007303,0.11079545319080353,0.9249011874198914,0.7422924637794495
YJL048C,YJL177W,0,-1.6008581,0.11074301600456238,0.9249011874198914,0.7426877617835999
YBR286W,YBL038W,0,-1.6009719,0.1106906309723854,0.9249011874198914,0.7430830001831055
YLL031C,YNL129W,0,-1.6010618,0.11063829809427261,0.9249011874198914,0.7434782385826111
YCR009C,YPL103C,0,-1.6017158,0.1105860099196434,0.9249011874198914,0.7438735365867615
YLR006C,YIL131C,0,-1.6021451,0.11053377389907837,0.9249011874198914,0.7442687749862671
YGL119W,YGL131C,0,-1.6024778,0.11048159003257751,0.9249011874198914,0.7446640133857727
YGR047C,YGL093W,0,-1.6025138,0.11042945086956024,0.9249011874198914,0.7450593113899231
YHR176W,YMR153W,0,-1.6038376,0.11037735641002655,0.9249011874198914,0.7454545497894287
YIL103W,YNL063W,1,-1.6065791,0.11079679429531097,0.9288537502288818,0.7454545497894287
YMR216C,YCL054W,0,-1.6069281,0.11074458062648773,0.9288537502288818,0.7458497881889343
YPR122W,YMR098C,0,-1.6072143,0.11069241911172867,0.9288537502288818,0.7462450861930847
YGR063C,YDR155C,0,-1.6077311,0.11064030230045319,0.9288537502288818,0.7466403245925903
YFR030W,YKR090W,0,-1.6078073,0.11058823764324188,0.9288537502288818,0.747035562992096
YNL003C,YBL037W,0,-1.6089723,0.11053621768951416,0.9288537502288818,0.7474308013916016
YOR339C,YML072C,0,-1.6094733,0.11048424988985062,0.9288537502288818,0.747826099395752
YOL055C,YOR077W,0,-1.6107957,0.11043233424425125,0.9288537502288818,0.7482213377952576
YOR081C,YHR185C,0,-1.6108456,0.11038046330213547,0.9288537502288818,0.7486165761947632
YLR239C,YCR105W,0,-1.6112467,0.11032863706350327,0.9288537502288818,0.7490118741989136
YBL025W,YEL059C-A,0,-1.6113224,0.11027686297893524,0.9288537502288818,0.7494071125984192
YLR277C,YBR265W,0,-1.6114902,0.1102251410484314,0.9288537502288818,0.7498023509979248
YHL035C,YDR440W,0,-1.6115148,0.11017346382141113,0.9288537502288818,0.7501976490020752
YDR532C,YOR360C,0,-1.6116893,0.11012183874845505,0.9288537502288818,0.7505928874015808
YPL001W,YPL135W,0,-1.611752,0.11007025837898254,0.9288537502288818,0.7509881258010864
YAL021C,YDR375C,0,-1.6119411,0.11001873016357422,0.9288537502288818,0.7513834238052368
YGR078C,YKL049C,0,-1.6120758,0.10996724665164948,0.9288537502288818,0.7517786622047424
YDR261C,YNL233W,0,-1.6122787,0.10991580784320831,0.9288537502288818,0.752173900604248
YKL141W,YML110C,0,-1.6132562,0.10986442118883133,0.9288537502288818,0.7525691986083984
YMR017W,YHR023W,0,-1.6137887,0.10981308668851852,0.9288537502288818,0.752964437007904
YOR259C,YBR085W,0,-1.6141086,0.1097617968916893,0.9288537502288818,0.7533596754074097
YGL106W,YOR371C,0,-1.614447,0.10971055179834366,0.9288537502288818,0.7537549138069153
YML093W,YFR041C,0,-1.6151958,0.1096593588590622,0.9288537502288818,0.7541502118110657
YLR006C,YPR133C,0,-1.6159294,0.10960821062326431,0.9288537502288818,0.7545454502105713
YPL013C,YER176W,0,-1.6164299,0.10955710709095001,0.9288537502288818,0.7549406886100769
YCR035C,YCR021C,0,-1.6166179,0.10950605571269989,0.9288537502288818,0.7553359866142273
YDR532C,YKL046C,0,-1.6171837,0.10945505648851395,0.9288537502288818,0.7557312250137329
YHR092C,YNL245C,0,-1.6176727,0.10940409451723099,0.9288537502288818,0.7561264634132385
YLR214W,YGR181W,0,-1.6177144,0.10935318470001221,0.9288537502288818,0.7565217614173889
YNL173C,YOL117W,0,-1.617942,0.1093023270368576,0.9288537502288818,0.7569169998168945
YOR113W,YDR407C,0,-1.6181719,0.10925151407718658,0.9288537502288818,0.7573122382164001
YKR022C,YHR148W,0,-1.6183364,0.10920074582099915,0.9288537502288818,0.7577075362205505
YLR246W,YOR037W,0,-1.6190313,0.10915002226829529,0.9288537502288818,0.7581027746200562
YDR323C,YEL042W,0,-1.6196415,0.10909935086965561,0.9288537502288818,0.7584980130195618
YPR075C,YCR044C,0,-1.6204324,0.10904872417449951,0.9288537502288818,0.7588932514190674
YGR292W,YDR501W,0,-1.6206176,0.108998142182827,0.9288537502288818,0.7592885494232178
YKL049C,YJL154C,0,-1.621199,0.10894761234521866,0.9288537502288818,0.7596837878227234
YKL185W,YER157W,0,-1.6218941,0.1088971272110939,0.9288537502288818,0.760079026222229
YDR097C,YNR056C,0,-1.6222413,0.10884668678045273,0.9288537502288818,0.7604743242263794
YPL175W,YNL225C,0,-1.6235628,0.10879629850387573,0.9288537502288818,0.760869562625885
YBL061C,YIL155C,0,-1.6239413,0.10874594748020172,0.9288537502288818,0.7612648010253906
YAL059W,YPL176C,0,-1.6245308,0.10869564861059189,0.9288537502288818,0.761660099029541
YLR175W,YDR437W,0,-1.6260557,0.10864540189504623,0.9288537502288818,0.7620553374290466
YLL009C,YDR135C,0,-1.626411,0.10859519243240356,0.9288537502288818,0.7624505758285522
YHR171W,YLR201C,0,-1.62712,0.10854503512382507,0.9288537502288818,0.7628458738327026
YDR463W,YMR289W,0,-1.6272868,0.10849492251873016,0.9288537502288818,0.7632411122322083
YML038C,YAL061W,0,-1.6273478,0.10844485461711884,0.9288537502288818,0.7636363506317139
YOL058W,YEL001C,0,-1.6277146,0.10839483141899109,0.9288537502288818,0.7640316486358643
YER100W,YDR194C,0,-1.6281493,0.10834486037492752,0.9288537502288818,0.7644268870353699
YBL024W,YDR309C,0,-1.6290442,0.10829493403434753,0.9288537502288818,0.7648221254348755
YLL001W,YDR511W,0,-1.6304226,0.10824504494667053,0.9288537502288818,0.7652173638343811
YGR033C,YCL066W,0,-1.630549,0.1081952154636383,0.9288537502288818,0.7656126618385315
YKR022C,YPR106W,0,-1.6314014,0.10814542323350906,0.9288537502288818,0.7660079002380371
YIL073C,YDR452W,0,-1.6329232,0.1080956757068634,0.9288537502288818,0.7664031386375427
YOL058W,YJR043C,0,-1.6332572,0.10804598033428192,0.9288537502288818,0.7667984366416931
YDL178W,YGL128C,0,-1.6338713,0.10799632221460342,0.9288537502288818,0.7671936750411987
YLR085C,YBL045C,0,-1.6348606,0.1079467162489891,0.9288537502288818,0.7675889134407043
YDR354W,YDL003W,0,-1.635873,0.10789715498685837,0.9288537502288818,0.7679842114448547
YCL010C,YDR468C,0,-1.6358806,0.10784763842821121,0.9288537502288818,0.7683794498443604
YMR023C,YNL020C,0,-1.6359055,0.10779816657304764,0.9288537502288818,0.768774688243866
YGL166W,YJL158C,0,-1.6361375,0.10774873942136765,0.9288537502288818,0.7691699862480164
YMR214W,YBR179C,0,-1.6369491,0.10769935697317123,0.9288537502288818,0.769565224647522
YPL183C,YPR019W,0,-1.6369512,0.1076500192284584,0.9288537502288818,0.7699604630470276
YMR278W,YKR009C,0,-1.6370854,0.10760073363780975,0.9288537502288818,0.7703557014465332
YOL058W,YDR043C,0,-1.637392,0.10755148530006409,0.9288537502288818,0.7707509994506836
YJL186W,YIL101C,0,-1.6376951,0.1075022891163826,0.9288537502288818,0.7711462378501892
YHR128W,YDR437W,0,-1.638562,0.1074531301856041,0.9288537502288818,0.7715414762496948
YFL053W,YFL029C,0,-1.6388464,0.10740402340888977,0.9288537502288818,0.7719367742538452
YML034W,YHR001W-A,0,-1.639055,0.10735495388507843,0.9288537502288818,0.7723320126533508
YLR115W,YJR093C,0,-1.639327,0.10730593651533127,0.9288537502288818,0.7727272510528564
YNL059C,YAL056W,0,-1.6393296,0.10725696384906769,0.9288537502288818,0.7731225490570068
YDL235C,YGR174C,0,-1.6395104,0.10720802843570709,0.9288537502288818,0.7735177874565125
YIR013C,YBL050W,0,-1.6398771,0.10715914517641068,0.9288537502288818,0.7739130258560181
YLR399C,YHR031C,0,-1.6407506,0.10711029917001724,0.9288537502288818,0.7743083238601685
YKL006W,YLR368W,0,-1.6409078,0.10706150531768799,0.9288537502288818,0.7747035622596741
YFL036W,YDL066W,0,-1.6414686,0.10701274871826172,0.9288537502288818,0.7750988006591797
YBL035C,YNL270C,0,-1.641609,0.10696404427289963,0.9288537502288818,0.7754940986633301
YMR231W,YDR317W,0,-1.6433412,0.10691537708044052,0.9288537502288818,0.7758893370628357
YOL027C,YMR256C,0,-1.6438491,0.106866754591465,0.9288537502288818,0.7762845754623413
YBL046W,YCR068W,0,-1.6438711,0.10681818425655365,0.9288537502288818,0.7766798138618469
YMR154C,YCL059C,0,-1.6442134,0.10676965117454529,0.9288537502288818,0.7770751118659973
YKL004W,YJL051W,0,-1.6449331,0.10672116279602051,0.9288537502288818,0.7774703502655029
YDR329C,YHR039C,0,-1.64659,0.10667271912097931,0.9288537502288818,0.7778655886650085
YKL059C,YNR075W,0,-1.6483082,0.10662432014942169,0.9288537502288818,0.7782608866691589
YCL059C,YLR323C,0,-1.6493396,0.10657596588134766,0.9288537502288818,0.7786561250686646
YHL036W,YJR043C,0,-1.6498718,0.1065276488661766,0.9288537502288818,0.7790513634681702
YBR142W,YNL214W,0,-1.6498746,0.10647938400506973,0.9288537502288818,0.7794466614723206
YCR081W,YDL020C,0,-1.6500105,0.10643115639686584,0.9288537502288818,0.7798418998718262
YOR179C,YLR205C,0,-1.6507914,0.10638298094272614,0.9288537502288818,0.7802371382713318
YML022W,YOL138C,0,-1.6518171,0.10633484274148941,0.9288537502288818,0.7806324362754822
YNL275W,YFL061W,0,-1.6525605,0.10628674924373627,0.9288537502288818,0.7810276746749878
YNL194C,YDR299W,0,-1.6535963,0.1062387004494667,0.9288537502288818,0.7814229130744934
YLR382C,YKL198C,0,-1.6537211,0.10619068890810013,0.9288537502288818,0.7818182110786438
YBR175W,YFR003C,0,-1.6540965,0.10614272952079773,0.9288537502288818,0.7822134494781494
YNL088W,YDR148C,0,-1.6555868,0.10609480738639832,0.9288537502288818,0.782608687877655
YOL008W,YOR009W,0,-1.6559601,0.10604692995548248,0.9288537502288818,0.7830039262771606
YPL120W,YHL033C,0,-1.6560932,0.10599909722805023,0.9288537502288818,0.783399224281311
YPR065W,YKR060W,0,-1.6564839,0.10595130920410156,0.9288537502288818,0.7837944626808167
YEL018W,YLR266C,0,-1.6569834,0.10590355843305588,0.9288537502288818,0.7841897010803223
YNL014W,YDR382W,1,-1.6572359,0.10630630701780319,0.9328063130378723,0.7841897010803223
YNR016C,YJR117W,0,-1.6573162,0.10625844448804855,0.9328063130378723,0.7845849990844727
YOR328W,YPL138C,0,-1.6592134,0.1062106192111969,0.9328063130378723,0.7849802374839783
YNL096C,YGL249W,0,-1.6598208,0.10616284608840942,0.9328063130378723,0.7853754758834839
YKR009C,YGL106W,0,-1.659936,0.10611511021852493,0.9328063130378723,0.7857707738876343
YLR115W,YKL021C,0,-1.6599954,0.10606741905212402,0.9328063130378723,0.7861660122871399
YPR132W,YOR010C,0,-1.6613271,0.1060197651386261,0.9328063130378723,0.7865612506866455
YGR202C,YOR288C,0,-1.6619017,0.10597216337919235,0.9328063130378723,0.7869565486907959
YKL135C,YBR029C,0,-1.6639818,0.10592459887266159,0.9328063130378723,0.7873517870903015
YJL091C,YBR297W,0,-1.6641757,0.10587707161903381,0.9328063130378723,0.7877470254898071
YDR484W,YDL220C,0,-1.6646123,0.10582959651947021,0.9328063130378723,0.7881422638893127
YLR010C,YDR104C,0,-1.6663468,0.1057821586728096,0.9328063130378723,0.7885375618934631
YDR123C,YIL085C,0,-1.6673636,0.10573476552963257,0.9328063130378723,0.7889328002929688
YNL151C,YKL059C,0,-1.6676395,0.10568741708993912,0.9328063130378723,0.7893280386924744
YLR060W,YOL032W,0,-1.6685947,0.10564010590314865,0.9328063130378723,0.7897233366966248
YNL066W,YAL002W,0,-1.6697612,0.10559283941984177,0.9328063130378723,0.7901185750961304
YOR120W,YDR346C,0,-1.6711218,0.10554561764001846,0.9328063130378723,0.790513813495636
YAL048C,YOR129C,0,-1.6711923,0.10549843311309814,0.9328063130378723,0.7909091114997864
YER023W,YCR009C,0,-1.6718247,0.10545129328966141,0.9328063130378723,0.791304349899292
YGR037C,YBR169C,0,-1.6724827,0.10540419816970825,0.9328063130378723,0.7916995882987976
YOR077W,YML012W,0,-1.67262,0.10535714030265808,0.9328063130378723,0.792094886302948
YGL058W,YJR091C,0,-1.6726985,0.10531012713909149,0.9328063130378723,0.7924901247024536
YER164W,YER153C,0,-1.672937,0.10526315867900848,0.9328063130378723,0.7928853631019592
YLR193C,YIL041W,0,-1.673614,0.10521622747182846,0.9328063130378723,0.7932806611061096
YBR208C,YMR119W,0,-1.6743243,0.10516934096813202,0.9328063130378723,0.7936758995056152
YGL077C,YDL214C,0,-1.6753548,0.10512249171733856,0.9328063130378723,0.7940711379051208
YBR258C,YOL005C,0,-1.6754006,0.10507568717002869,0.9328063130378723,0.7944663763046265
YMR263W,YKL192C,0,-1.6759046,0.10502892732620239,0.9328063130378723,0.7948616743087769
YMR047C,YMR287C,0,-1.677125,0.10498220473527908,0.9328063130378723,0.7952569127082825
YIL103W,YJL102W,1,-1.6771371,0.10538017004728317,0.9367588758468628,0.7952569127082825
YLR249W,YNL063W,1,-1.6774299,0.10577777773141861,0.9407114386558533,0.7952569127082825
YIL154C,YLR342W,0,-1.6784296,0.10573078691959381,0.9407114386558533,0.7956521511077881
YKL179C,YDR096W,0,-1.6787717,0.105683833360672,0.9407114386558533,0.7960474491119385
YGR004W,YBL080C,0,-1.6788602,0.10563693195581436,0.9407114386558533,0.7964426875114441
YNL014W,YIL103W,1,-1.6803484,0.10603372007608414,0.9446640610694885,0.7964426875114441
YDL160C,YKR025W,0,-1.6808262,0.10598669946193695,0.9446640610694885,0.7968379259109497
YGR004W,YOR322C,0,-1.6809702,0.10593971610069275,0.9446640610694885,0.7972332239151001
YLR054C,YDR513W,0,-1.6815269,0.10589277744293213,0.9446640610694885,0.7976284623146057
YPL075W,YMR285C,0,-1.6820154,0.10584588348865509,0.9446640610694885,0.7980237007141113
YDR103W,YEL063C,0,-1.6821706,0.10579902678728104,0.9446640610694885,0.7984189987182617
YLR222C,YPL138C,0,-1.6844459,0.10575221478939056,0.9446640610694885,0.7988142371177673
YPL085W,YNL183C,0,-1.685918,0.10570544004440308,0.9446640610694885,0.799209475517273
YKR099W,YJL137C,0,-1.6866992,0.10565871000289917,0.9446640610694885,0.7996047139167786
YDR171W,YPL215W,0,-1.6872609,0.10561201721429825,0.9446640610694885,0.800000011920929
YPL012W,YMR256C,0,-1.6884174,0.10556536912918091,0.9446640610694885,0.8003952503204346
YML126C,YBR264C,0,-1.6884315,0.10551876574754715,0.9446640610694885,0.8007904887199402
YBR043C,YFL037W,0,-1.689325,0.10547219961881638,0.9446640610694885,0.8011857867240906
YLR388W,YAL048C,0,-1.6905346,0.10542567074298859,0.9446640610694885,0.8015810251235962
YBR185C,YCR020W-B,0,-1.6905736,0.10537918657064438,0.9446640610694885,0.8019762635231018
YIL063C,YDL195W,0,-1.6910064,0.10533274710178375,0.9446640610694885,0.8023715615272522
YOR322C,YLL057C,0,-1.6912453,0.10528634488582611,0.9446640610694885,0.8027667999267578
YIL130W,YLR246W,0,-1.6920655,0.10523997992277145,0.9446640610694885,0.8031620383262634
YDR287W,YLR061W,0,-1.693005,0.10519365966320038,0.9446640610694885,0.8035573363304138
YDL166C,YDR485C,0,-1.6931226,0.10514738410711288,0.9446640610694885,0.8039525747299194
YDR443C,YER123W,0,-1.6936345,0.10510114580392838,0.9446640610694885,0.804347813129425
YNL162W,YAR019C,0,-1.6949966,0.10505494475364685,0.9446640610694885,0.8047431111335754
YOR117W,YLR032W,0,-1.6951498,0.10500878840684891,0.9446640610694885,0.805138349533081
YDL092W,YJL102W,1,-1.695752,0.10540184378623962,0.948616623878479,0.805138349533081
YLR210W,YDR477W,0,-1.6977096,0.10535557568073273,0.948616623878479,0.8055335879325867
YJR043C,YHR154W,0,-1.6981702,0.10530934482812881,0.948616623878479,0.8059288263320923
YGL166W,YKL208W,0,-1.6984007,0.10526315867900848,0.948616623878479,0.8063241243362427
YDL155W,YOL091W,0,-1.6985784,0.10521700978279114,0.948616623878479,0.8067193627357483
YOL113W,YDR228C,0,-1.6995165,0.10517090559005737,0.948616623878479,0.8071146011352539
YPL128C,YMR263W,0,-1.7011201,0.10512483865022659,0.948616623878479,0.8075098991394043
YCR097W,YPR018W,0,-1.7012315,0.1050788089632988,0.948616623878479,0.8079051375389099
YLR154C,YHL019C,0,-1.7014427,0.10503282397985458,0.948616623878479,0.8083003759384155
YDL064W,YGL133W,0,-1.7014732,0.10498687624931335,0.948616623878479,0.8086956739425659
YNR069C,YLR215C,0,-1.7026997,0.1049409732222557,0.948616623878479,0.8090909123420715
YDR180W,YGR289C,0,-1.7038445,0.10489510744810104,0.948616623878479,0.8094861507415771
YDL222C,YGR195W,0,-1.7046387,0.10484927892684937,0.948616623878479,0.8098814487457275
YLL035W,YNL265C,0,-1.7061527,0.10480349510908127,0.948616623878479,0.8102766871452332
YLR071C,YER129W,0,-1.7067051,0.10475774854421616,0.948616623878479,0.8106719255447388
YGL184C,YDL033C,0,-1.7075207,0.10471203923225403,0.948616623878479,0.8110671639442444
YOR259C,YNL240C,0,-1.7082142,0.10466637462377548,0.948616623878479,0.8114624619483948
YGR068C,YPL210C,0,-1.7082365,0.10462074726819992,0.948616623878479,0.8118577003479004
YKL176C,YCR042C,0,-1.7091374,0.10457516461610794,0.948616623878479,0.812252938747406
YDR384C,YNR016C,0,-1.7097867,0.10452961921691895,0.948616623878479,0.8126482367515564
YPL145C,YMR106C,0,-1.7098081,0.10448411107063293,0.948616623878479,0.813043475151062
YER029C,YGR096W,0,-1.7105122,0.10443864017724991,0.948616623878479,0.8134387135505676
YOR335C,YKL132C,0,-1.7114577,0.10439321398735046,0.948616623878479,0.813834011554718
YDR480W,YNL244C,0,-1.7116022,0.104347825050354,0.948616623878479,0.8142292499542236
YDR520C,YLR147C,0,-1.7128012,0.10430248081684113,0.948616623878479,0.8146244883537292
YNL264C,YLR361C,0,-1.7132542,0.10425716638565063,0.948616623878479,0.8150197863578796
YDR356W,YNL036W,0,-1.7134521,0.10421189665794373,0.948616623878479,0.8154150247573853
YGL136C,YDR121W,0,-1.7136195,0.1041666641831398,0.948616623878479,0.8158102631568909
YPR031W,YGR178C,0,-1.7147944,0.10412147641181946,0.948616623878479,0.8162055611610413
YMR092C,YOR032C,0,-1.7150525,0.1040763258934021,0.948616623878479,0.8166007995605469
YOL044W,YMR292W,0,-1.7155063,0.10403121262788773,0.948616623878479,0.8169960379600525
YDL194W,YDR016C,0,-1.7159772,0.10398613661527634,0.948616623878479,0.8173912763595581
YPL075W,YLR313C,0,-1.7168374,0.10394109785556793,0.948616623878479,0.8177865743637085
YML100W,YER146W,0,-1.7168472,0.10389610379934311,0.948616623878479,0.8181818127632141
YCR107W,YLR055C,0,-1.717433,0.10385114699602127,0.948616623878479,0.8185770511627197
YDL223C,YLR229C,0,-1.7176275,0.10380622744560242,0.948616623878479,0.8189723491668701
YFR050C,YGL059W,0,-1.7194347,0.10376135259866714,0.948616623878479,0.8193675875663757
YPR199C,YDR217C,0,-1.7195156,0.10371650755405426,0.948616623878479,0.8197628259658813
YDR084C,YLR037C,0,-1.7206382,0.10367170721292496,0.948616623878479,0.8201581239700317
YPR161C,YMR125W,0,-1.7207534,0.10362694412469864,0.948616623878479,0.8205533623695374
YKL108W,YPL262W,0,-1.7207736,0.1035822182893753,0.948616623878479,0.820948600769043
YDR175C,YIR002C,0,-1.7212187,0.10353752970695496,0.948616623878479,0.8213438987731934
YOR192C,YLR003C,0,-1.7212605,0.10349288582801819,0.948616623878479,0.821739137172699
YDR406W,YOR048C,0,-1.7228796,0.1034482792019844,0.948616623878479,0.8221343755722046
YDR251W,YLR188W,0,-1.7231505,0.10340370237827301,0.948616623878479,0.822529673576355
YBR283C,YCR073C,0,-1.7243819,0.1033591702580452,0.948616623878479,0.8229249119758606
YER056C-A,YLL005C,0,-1.7252519,0.10331468284130096,0.948616623878479,0.8233201503753662
YPL003W,YEL054C,0,-1.7260983,0.10327022522687912,0.948616623878479,0.8237153887748718
YDL007W,YBL035C,0,-1.7262396,0.10322580486536026,0.948616623878479,0.8241106867790222
YJR068W,YGR140W,0,-1.7266988,0.10318142920732498,0.948616623878479,0.8245059251785278
YCL029C,YKL059C,0,-1.7267251,0.10313708335161209,0.948616623878479,0.8249011635780334
YIL074C,YGL185C,0,-1.7268391,0.10309278219938278,0.948616623878479,0.8252964615821838
YHR205W,YMR282C,0,-1.7269657,0.10304851830005646,0.948616623878479,0.8256916999816895
YOL076W,YPL233W,0,-1.7271229,0.10300429165363312,0.948616623878479,0.8260869383811951
YDR085C,YOR143C,0,-1.7292717,0.10296010226011276,0.948616623878479,0.8264822363853455
YBR092C,YGR098C,0,-1.7296026,0.10291595011949539,0.948616623878479,0.8268774747848511
YLR193C,YBL038W,0,-1.7306149,0.102871835231781,0.948616623878479,0.8272727131843567
YKL198C,YER032W,0,-1.7310857,0.1028277650475502,0.948616623878479,0.8276680111885071
YMR232W,YPL043W,0,-1.7321339,0.10278372466564178,0.948616623878479,0.8280632495880127
YKL045W,YDR377W,0,-1.7321637,0.10273972898721695,0.948616623878479,0.8284584879875183
YLR109W,YLR362W,0,-1.7323527,0.1026957631111145,0.948616623878479,0.8288537263870239
YOR083W,YAL032C,0,-1.7345672,0.10265184193849564,0.948616623878479,0.8292490243911743
YDR520C,YDR105C,0,-1.7345929,0.10260795056819916,0.948616623878479,0.8296442627906799
YDR247W,YLR388W,0,-1.7348943,0.10256410390138626,0.948616623878479,0.8300395011901855
YMR214W,YGR007W,0,-1.7372156,0.10252028703689575,0.948616623878479,0.8304347991943359
YBR085W,YER028C,0,-1.7377615,0.10247651487588882,0.948616623878479,0.8308300375938416
YBL097W,YOL154W,0,-1.7380836,0.10243277996778488,0.948616623878479,0.8312252759933472
YNL129W,YPR120C,0,-1.7382956,0.10238907486200333,0.948616623878479,0.8316205739974976
YCR021C,YDR143C,0,-1.7387531,0.10234541445970535,0.948616623878479,0.8320158123970032
YJL051W,YER149C,0,-1.7410285,0.10230179131031036,0.948616623878479,0.8324110507965088
YBL030C,YOL065C,0,-1.7419174,0.10225820541381836,0.948616623878479,0.8328063488006592
YPR122W,YLR078C,0,-1.74245,0.10221464931964874,0.948616623878479,0.8332015872001648
YLR327C,YDR471W,0,-1.7431544,0.10217113792896271,0.948616623878479,0.8335968255996704
YGL011C,YFR037C,0,-1.7447592,0.10212765634059906,0.948616623878479,0.8339921236038208
YOR132W,YDR163W,0,-1.744774,0.102084219455719,0.948616623878479,0.8343873620033264
YDR213W,YNL265C,0,-1.7458731,0.10204081982374191,0.948616623878479,0.834782600402832
YDL115C,YMR264W,0,-1.7466314,0.10199744999408722,0.948616623878479,0.8351778388023376
YOL147C,YLR226W,0,-1.7466433,0.10195411741733551,0.948616623878479,0.835573136806488
YMR149W,YBR050C,0,-1.7469764,0.10191082954406738,0.948616623878479,0.8359683752059937
YCR081W,YNL088W,0,-1.7474082,0.10186757147312164,0.948616623878479,0.8363636136054993
YDR406W,YNL246W,0,-1.748052,0.10182435065507889,0.948616623878479,0.8367589116096497
YGL196W,YPR141C,0,-1.7510881,0.10178116708993912,0.948616623878479,0.8371541500091553
YOR115C,YPL137C,0,-1.7513144,0.10173802822828293,0.948616623878479,0.8375493884086609
YER100W,YMR052W,0,-1.7513325,0.10169491171836853,0.948616623878479,0.8379446864128113
YIL144W,YLR403W,0,-1.752069,0.10165183991193771,0.948616623878479,0.8383399248123169
YML027W,YCR107W,0,-1.7527635,0.10160880535840988,0.948616623878479,0.8387351632118225
YKL101W,YDR143C,0,-1.7536911,0.10156580805778503,0.948616623878479,0.8391304612159729
YNL039W,YNL159C,0,-1.7538373,0.10152284055948257,0.948616623878479,0.8395256996154785
YMR041C,YGR162W,0,-1.7540431,0.1014799177646637,0.948616623878479,0.8399209380149841
YMR313C,YGR037C,0,-1.7550743,0.1014370247721672,0.948616623878479,0.8403161764144897
YNL164C,YJR117W,0,-1.7566953,0.1013941690325737,0.948616623878479,0.8407114744186401
YJL069C,YGR138C,0,-1.7574701,0.10135135054588318,0.948616623878479,0.8411067128181458
YPL024W,YPR156C,0,-1.7594156,0.10130856931209564,0.948616623878479,0.8415019512176514
YHL007C,YER051W,0,-1.7599496,0.10126582533121109,0.948616623878479,0.8418972492218018
YLR249W,YNL014W,1,-1.7606852,0.10164487361907959,0.9525691866874695,0.8418972492218018
YPL228W,YJR110W,0,-1.7629459,0.10160202533006668,0.9525691866874695,0.8422924876213074
YJR108W,YKL181W,0,-1.7668054,0.10155920684337616,0.9525691866874695,0.842687726020813
YGR263C,YAL035W,0,-1.7669907,0.10151642560958862,0.9525691866874695,0.8430830240249634
YML057W,YMR091C,0,-1.7687547,0.10147368162870407,0.9525691866874695,0.843478262424469
YNL009W,YBR087W,0,-1.7689466,0.1014309749007225,0.9525691866874695,0.8438735008239746
YBL099W,YEL038W,0,-1.7718794,0.10138830542564392,0.9525691866874695,0.844268798828125
YCR065W,YHL006C,0,-1.7723522,0.10134566575288773,0.9525691866874695,0.8446640372276306
YPR005C,YPR095C,0,-1.7726014,0.10130307078361511,0.9525691866874695,0.8450592756271362
YBR175W,YDR253C,0,-1.7728992,0.10126050561666489,0.9525691866874695,0.8454545736312866
YFL050C,YKL017C,0,-1.7730402,0.10121797770261765,0.9525691866874695,0.8458498120307922
YOR306C,YGL018C,0,-1.7731127,0.10117547959089279,0.9525691866874695,0.8462450504302979
YER170W,YKR031C,0,-1.7731771,0.10113302618265152,0.9525691866874695,0.8466402888298035
YPR104C,YBL038W,0,-1.7734067,0.10109060257673264,0.9525691866874695,0.8470355868339539
YHR167W,YOR354C,0,-1.7734509,0.10104821622371674,0.9525691866874695,0.8474308252334595
YFL041W,YEL046C,0,-1.7735581,0.10100586712360382,0.9525691866874695,0.8478260636329651
YIL156W,YDR142C,0,-1.7737876,0.10096355527639389,0.9525691866874695,0.8482213616371155
YOR368W,YBL102W,0,-1.7743219,0.10092127323150635,0.9525691866874695,0.8486166000366211
YDR438W,YMR263W,0,-1.774662,0.10087902843952179,0.9525691866874695,0.8490118384361267
YDR302W,YLR313C,0,-1.7746816,0.10083682090044022,0.9525691866874695,0.8494071364402771
YDL105W,YCL035C,0,-1.7757566,0.10079464316368103,0.9525691866874695,0.8498023748397827
YGR009C,YLR362W,0,-1.7760087,0.10075251013040543,0.9525691866874695,0.8501976132392883
YHR176W,YHL015W,0,-1.7773937,0.10071040689945221,0.9525691866874695,0.8505929112434387
YOR253W,YOL138C,0,-1.7774763,0.10066834092140198,0.9525691866874695,0.8509881496429443
YLR106C,YBR019C,0,-1.7778242,0.10062630474567413,0.9525691866874695,0.85138338804245
YPL158C,YLR345W,0,-1.7791162,0.10058430582284927,0.9525691866874695,0.8517786264419556
YBR048W,YEL004W,0,-1.7799749,0.1005423441529274,0.9525691866874695,0.852173924446106
YBL063W,YGR275W,0,-1.7800375,0.10050041973590851,0.9525691866874695,0.8525691628456116
YDL044C,YIL016W,0,-1.7801557,0.100458525121212,0.9525691866874695,0.8529644012451172
YBR167C,YFL041W,0,-1.780263,0.10041666775941849,0.9525691866874695,0.8533596992492676
YGR135W,YHR017W,0,-1.7813677,0.10037484019994736,0.9525691866874695,0.8537549376487732
YNR019W,YFR041C,0,-1.7817888,0.10033305734395981,0.9525691866874695,0.8541501760482788
YAL020C,YDR298C,0,-1.782328,0.10029130429029465,0.9525691866874695,0.8545454740524292
YKL184W,YER173W,0,-1.7840234,0.10024958103895187,0.9525691866874695,0.8549407124519348
YDR103W,YPR037C,0,-1.7842305,0.10020790249109268,0.9525691866874695,0.8553359508514404
YOL059W,YOR295W,0,-1.7844847,0.10016625374555588,0.9525691866874695,0.8557312488555908
YBL039C,YML076C,0,-1.784825,0.10012463480234146,0.9525691866874695,0.8561264872550964
YHL022C,YBL004W,0,-1.7871337,0.10008305311203003,0.9525691866874695,0.856521725654602
YDR446W,YHL004W,0,-1.7874193,0.10004150867462158,0.9525691866874695,0.8569170236587524
YMR312W,YHL006C,0,-1.7875562,0.10000000149011612,0.9525691866874695,0.8573122620582581
YMR071C,YJR033C,0,-1.7892712,0.09995852410793304,0.9525691866874695,0.8577075004577637
YMR204C,YLR333C,0,-1.7913623,0.09991708397865295,0.9525691866874695,0.8581027388572693
YGR091W,YLR205C,0,-1.7920508,0.09987567365169525,0.9525691866874695,0.8584980368614197
YGL027C,YNR019W,0,-1.794048,0.09983430057764053,0.9525691866874695,0.8588932752609253
YHR117W,YJL133W,0,-1.7942448,0.0997929573059082,0.9525691866874695,0.8592885136604309
YCL001W,YCL048W,0,-1.7944169,0.09975165873765945,0.9525691866874695,0.8596838116645813
YOR078W,YOR155C,0,-1.7946916,0.0997103825211525,0.9525691866874695,0.8600790500640869
YOR117W,YER019W,0,-1.795016,0.09966915100812912,0.9525691866874695,0.8604742884635925
YOL005C,YOR036W,0,-1.7950664,0.09962794184684753,0.9525691866874695,0.8608695864677429
YOR057W,YKL192C,0,-1.7953709,0.09958677738904953,0.9525691866874695,0.8612648248672485
YPL137C,YBR104W,0,-1.7975667,0.09954564273357391,0.9525691866874695,0.8616600632667542
YGL134W,YFR007W,0,-1.7989414,0.09950454533100128,0.9525691866874695,0.8620553612709045
YLR324W,YKL069W,0,-1.799175,0.09946347773075104,0.9525691866874695,0.8624505996704102
YLL022C,YGR086C,0,-1.7992598,0.09942243993282318,0.9525691866874695,0.8628458380699158
YBL023C,YBR201W,0,-1.7997661,0.0993814468383789,0.9525691866874695,0.8632411360740662
YBL106C,YJR052W,0,-1.8003073,0.09934047609567642,0.9525691866874695,0.8636363744735718
YHL022C,YJL145W,0,-1.8009961,0.09929955005645752,0.9525691866874695,0.8640316128730774
YDR347W,YOL013C,0,-1.8031328,0.09925864636898041,0.9525691866874695,0.864426851272583
YJR068W,YBR171W,0,-1.8032006,0.09921778738498688,0.9525691866874695,0.8648221492767334
YOR096W,YOR058C,0,-1.8056586,0.09917695820331573,0.9525691866874695,0.865217387676239
YOR258W,YKL069W,0,-1.8064203,0.09913615882396698,0.9525691866874695,0.8656126260757446
YNL014W,YAL003W,1,-1.8067706,0.09950657933950424,0.95652174949646,0.8656126260757446
YNR055C,YPR019W,0,-1.8083119,0.09946568310260773,0.95652174949646,0.866007924079895
YDR121W,YJR102C,0,-1.8107661,0.0994248166680336,0.95652174949646,0.8664031624794006
YHL038C,YJL057C,0,-1.8129567,0.09938398003578186,0.95652174949646,0.8667984008789062
YIL009W,YNL094W,0,-1.8134813,0.0993431881070137,0.95652174949646,0.8671936988830566
YMR060C,YHR083W,0,-1.8144944,0.09930241852998734,0.95652174949646,0.8675889372825623
YJL042W,YDL069C,0,-1.8153714,0.09926168620586395,0.95652174949646,0.8679841756820679
YBL103C,YER095W,0,-1.8157612,0.09922099113464355,0.95652174949646,0.8683794736862183
YLR276C,YDR073W,0,-1.8159618,0.09918032586574554,0.95652174949646,0.8687747120857239
YOR229W,YMR030W,0,-1.8163848,0.09913969784975052,0.95652174949646,0.8691699504852295
YNL318C,YLR139C,0,-1.8175545,0.09909909963607788,0.95652174949646,0.8695651888847351
YDL081C,YNL014W,1,-1.8178581,0.09946786612272263,0.9604743123054504,0.8695651888847351
YNL014W,YJL102W,1,-1.8183084,0.0998363345861435,0.9644268751144409,0.8695651888847351
YGR009C,YLR215C,0,-1.8193197,0.09979549795389175,0.9644268751144409,0.8699604868888855
YJL062W,YJL010C,0,-1.8217442,0.099754698574543,0.9644268751144409,0.8703557252883911
YML034W,YML114C,0,-1.8219191,0.09971393644809723,0.9644268751144409,0.8707509636878967
YLL006W,YLR288C,0,-1.8231639,0.09967320412397385,0.9644268751144409,0.8711462616920471
YBR049C,YLR370C,0,-1.8233736,0.09963250160217285,0.9644268751144409,0.8715415000915527
YGR284C,YMR220W,0,-1.8235891,0.09959183633327484,0.9644268751144409,0.8719367384910583
YLR032W,YJL197W,0,-1.824352,0.09955120086669922,0.9644268751144409,0.8723320364952087
YPR178W,YDL008W,0,-1.8245463,0.09951060265302658,0.9644268751144409,0.8727272748947144
YIL070C,YHR153C,0,-1.8249688,0.09947003424167633,0.9644268751144409,0.87312251329422
YLR148W,YIL066C,0,-1.825518,0.09942950308322906,0.9644268751144409,0.8735178112983704
YOR190W,YFL036W,0,-1.8255806,0.09938900172710419,0.9644268751144409,0.873913049697876
YPR020W,YDR069C,0,-1.8283752,0.0993485376238823,0.9644268751144409,0.8743082880973816
YPR025C,YPL140C,0,-1.8287311,0.09930809587240219,0.9644268751144409,0.874703586101532
YDL052C,YPL130W,0,-1.8287992,0.09926769882440567,0.9644268751144409,0.8750988245010376
YLR071C,YHL036W,0,-1.8288538,0.09922733157873154,0.9644268751144409,0.8754940629005432
YAR019C,YBR079C,0,-1.8291154,0.09918699413537979,0.9644268751144409,0.8758893013000488
YOR117W,YER083C,0,-1.8298535,0.09914668649435043,0.9644268751144409,0.8762845993041992
YDR314C,YCL016C,0,-1.830632,0.09910641610622406,0.9644268751144409,0.8766798377037048
YGR227W,YGR181W,0,-1.8318052,0.09906618297100067,0.9644268751144409,0.8770750761032104
YBR123C,YDR398W,0,-1.8321466,0.09902597218751907,0.9644268751144409,0.8774703741073608
YCL066W,YKL196C,0,-1.8323462,0.09898579865694046,0.9644268751144409,0.8778656125068665
YNL125C,YOR045W,0,-1.8328589,0.09894566237926483,0.9644268751144409,0.8782608509063721
YGR227W,YJR126C,0,-1.8360398,0.09890555590391159,0.9644268751144409,0.8786561489105225
YCR024C-A,YNL158W,0,-1.836914,0.09886547923088074,0.9644268751144409,0.8790513873100281
YNL125C,YDR412W,0,-1.8387525,0.09882543236017227,0.9644268751144409,0.8794466257095337
YLL006W,YLR039C,0,-1.8388166,0.09878542274236679,0.9644268751144409,0.8798419237136841
YGL192W,YCR106W,0,-1.8408669,0.0987454503774643,0.9644268751144409,0.8802371621131897
YDR424C,YJR084W,0,-1.8413186,0.09870550036430359,0.9644268751144409,0.8806324005126953
YDR021W,YDR503C,0,-1.8414794,0.09866558760404587,0.9644268751144409,0.8810276389122009
YPR103W,YPL049C,0,-1.8425988,0.09862570464611053,0.9644268751144409,0.8814229369163513
YJR104C,YBR244W,0,-1.8436475,0.09858585894107819,0.9644268751144409,0.8818181753158569
YDR003W,YDL190C,0,-1.8438203,0.09854604303836823,0.9644268751144409,0.8822134137153625
YLR109W,YKL045W,0,-1.8471268,0.09850625693798065,0.9644268751144409,0.8826087117195129
YML093W,YOL071W,0,-1.8473341,0.09846650809049606,0.9644268751144409,0.8830039501190186
YNL014W,YFR009W,1,-1.8475354,0.09883017092943192,0.9683794379234314,0.8830039501190186
YLR181C,YML107C,0,-1.8477255,0.09879032522439957,0.9683794379234314,0.8833991885185242
YLR320W,YOR278W,0,-1.8480623,0.09875050187110901,0.9683794379234314,0.8837944865226746
YPR133C,YCL044C,0,-1.8487384,0.09871071577072144,0.9683794379234314,0.8841897249221802
YNR054C,YFL011W,0,-1.8488574,0.09867095947265625,0.9683794379234314,0.8845849633216858
YLR115W,YER149C,0,-1.8490021,0.09863124042749405,0.9683794379234314,0.8849802613258362
YNR027W,YDR179C,0,-1.8500123,0.09859155118465424,0.9683794379234314,0.8853754997253418
YKL164C,YHR185C,0,-1.8508923,0.09855189174413681,0.9683794379234314,0.8857707381248474
YBR290W,YOL123W,0,-1.8532888,0.09851226210594177,0.9683794379234314,0.8861660361289978
YBR106W,YBR126C,0,-1.8533415,0.09847266972064972,0.9683794379234314,0.8865612745285034
YGR014W,YAL015C,0,-1.8536522,0.09843310713768005,0.9683794379234314,0.886956512928009
YDL019C,YNL056W,0,-1.8544298,0.09839357435703278,0.9683794379234314,0.8873517513275146
YHR167W,YDR516C,0,-1.8547094,0.09835407137870789,0.9683794379234314,0.887747049331665
YHR172W,YEL016C,0,-1.8558116,0.09831460565328598,0.9683794379234314,0.8881422877311707
YIL009W,YJR058C,0,-1.8572619,0.09827516973018646,0.9683794379234314,0.8885375261306763
YOL069W,YDL033C,0,-1.8574705,0.09823576360940933,0.9683794379234314,0.8889328241348267
YPR134W,YER060W-A,0,-1.8589545,0.09819639474153519,0.9683794379234314,0.8893280625343323
YHR063C,YOR173W,0,-1.8590546,0.09815704822540283,0.9683794379234314,0.8897233009338379
YIL063C,YJL062W,0,-1.8595777,0.09811773896217346,0.9683794379234314,0.8901185989379883
YDR478W,YDL189W,0,-1.8598427,0.09807845950126648,0.9683794379234314,0.8905138373374939
YGR083C,YMR023C,0,-1.8603615,0.09803921729326248,0.9683794379234314,0.8909090757369995
YIR013C,YDR036C,0,-1.8643159,0.09799999743700027,0.9683794379234314,0.8913043737411499
YDR532C,YDR436W,0,-1.8649181,0.09796081483364105,0.9683794379234314,0.8916996121406555
YDR184C,YOL117W,0,-1.8652204,0.09792166203260422,0.9683794379234314,0.8920948505401611
YLR336C,YOL119C,0,-1.8655906,0.09788253903388977,0.9683794379234314,0.8924900889396667
YNL061W,YLR085C,0,-1.8676977,0.09784345328807831,0.9683794379234314,0.8928853869438171
YKR022C,YDR323C,0,-1.867739,0.09780438989400864,0.9683794379234314,0.8932806253433228
YOL147C,YPR183W,0,-1.8678045,0.09776536375284195,0.9683794379234314,0.8936758637428284
YJL165C,YDL064W,0,-1.8699443,0.09772636741399765,0.9683794379234314,0.8940711617469788
YMR139W,YJL025W,0,-1.8704649,0.09768740087747574,0.9683794379234314,0.8944664001464844
YJL036W,YDR107C,0,-1.8714125,0.09764846414327621,0.9683794379234314,0.89486163854599
YMR288W,YGR271C-A,0,-1.8746414,0.09760956466197968,0.9683794379234314,0.8952569365501404
YER042W,YOL034W,0,-1.8751323,0.09757068753242493,0.9683794379234314,0.895652174949646
YBL009W,YPL124W,0,-1.8754673,0.09753184765577316,0.9683794379234314,0.8960474133491516
YOR191W,YDL164C,0,-1.8760386,0.09749303758144379,0.9683794379234314,0.896442711353302
YDR298C,YGR223C,0,-1.8765903,0.0974542573094368,0.9683794379234314,0.8968379497528076
YDR116C,YGR003W,0,-1.8777078,0.0974155068397522,0.9683794379234314,0.8972331881523132
YGL045W,YDL100C,0,-1.8786644,0.09737678617238998,0.9683794379234314,0.8976284861564636
YDL101C,YGL044C,0,-1.8795311,0.09733810275793076,0.9683794379234314,0.8980237245559692
YLR054C,YDL164C,0,-1.8808799,0.09729944169521332,0.9683794379234314,0.8984189629554749
YDR270W,YJL145W,0,-1.8815087,0.09726081788539886,0.9683794379234314,0.8988142013549805
YJR019C,YDL004W,0,-1.8823086,0.0972222238779068,0.9683794379234314,0.8992094993591309
YHR152W,YDL141W,0,-1.8850234,0.09718365967273712,0.9683794379234314,0.8996047377586365
YLR170C,YJL044C,0,-1.8867083,0.09714512526988983,0.9683794379234314,0.8999999761581421
YAL061W,YDL143W,0,-1.8870993,0.09710662066936493,0.9683794379234314,0.9003952741622925
YHR070W,YDL110C,0,-1.8880318,0.09706814587116241,0.9683794379234314,0.9007905125617981
YER148W,YPR095C,0,-1.8881738,0.09702970087528229,0.9683794379234314,0.9011857509613037
YDR256C,YNL250W,0,-1.8883028,0.09699129313230515,0.9683794379234314,0.9015810489654541
YNL162W,YAL028W,0,-1.8886303,0.0969529077410698,0.9683794379234314,0.9019762873649597
YNR043W,YLR234W,0,-1.8888614,0.09691455960273743,0.9683794379234314,0.9023715257644653
YLL001W,YAL051W,0,-1.8895607,0.09687623381614685,0.9683794379234314,0.9027668237686157
YML114C,YOL135C,0,-1.8898656,0.09683794528245926,0.9683794379234314,0.9031620621681213
YKL081W,YNL014W,1,-1.8900837,0.09719478338956833,0.9723320007324219,0.9031620621681213
YPL038W,YDR298C,0,-1.8927028,0.09715639799833298,0.9723320007324219,0.903557300567627
YPR068C,YLR370C,0,-1.893031,0.09711804240942001,0.9723320007324219,0.9039525985717773
YER073W,YFR046C,0,-1.8936014,0.09707971662282944,0.9723320007324219,0.904347836971283
YPL214C,YJL025W,0,-1.8940116,0.09704142063856125,0.9723320007324219,0.9047430753707886
YNL003C,YLR265C,0,-1.8952967,0.09700315445661545,0.9723320007324219,0.9051383137702942
YKL065C,YDR221W,0,-1.8955531,0.09696491807699203,0.9723320007324219,0.9055336117744446
YMR309C,YCR010C,0,-1.8961474,0.09692671149969101,0.9723320007324219,0.9059288501739502
YMR014W,YJL056C,0,-1.8967967,0.09688854217529297,0.9723320007324219,0.9063240885734558
YLL031C,YAL026C,0,-1.8974628,0.09685039520263672,0.9723320007324219,0.9067193865776062
YDR130C,YOR077W,0,-1.8990071,0.09681227803230286,0.9723320007324219,0.9071146249771118
YNL317W,YOR193W,0,-1.8994001,0.09677419066429138,0.9723320007324219,0.9075098633766174
YLR382C,YNR069C,0,-1.8995851,0.09673614054918289,0.9723320007324219,0.9079051613807678
YLR435W,YLR189C,0,-1.9001416,0.09669811278581619,0.9723320007324219,0.9083003997802734
YOR086C,YML095C,0,-1.9014277,0.09666011482477188,0.9723320007324219,0.908695638179779
YBR019C,YDL017W,0,-1.9017088,0.09662215411663055,0.9723320007324219,0.9090909361839294
YJR093C,YNL021W,0,-1.9018043,0.09658421576023102,0.9723320007324219,0.9094861745834351
YOR113W,YHR067W,0,-1.9055406,0.09654630720615387,0.9723320007324219,0.9098814129829407
YHR153C,YDL067C,0,-1.9056852,0.0965084359049797,0.9723320007324219,0.9102766513824463
YLR417W,YER169W,0,-1.9062477,0.09647058695554733,0.9723320007324219,0.9106719493865967
YIR021W,YPL115C,0,-1.908395,0.09643276780843735,0.9723320007324219,0.9110671877861023
YPL270W,YLR013W,0,-1.9094313,0.09639498591423035,0.9723320007324219,0.9114624261856079
YLR372W,YDR160W,0,-1.9124999,0.09635722637176514,0.9723320007324219,0.9118577241897583
YDL201W,YDR122W,0,-1.9129264,0.09631949663162231,0.9723320007324219,0.9122529625892639
YPR057W,YOR037W,0,-1.9131278,0.09628179669380188,0.9723320007324219,0.9126482009887695
YDR427W,YLR306W,0,-1.913787,0.09624413400888443,0.9723320007324219,0.9130434989929199
YPL128C,YOR069W,0,-1.914158,0.09620649367570877,0.9723320007324219,0.9134387373924255
YKL218C,YKL129C,0,-1.9147744,0.0961688831448555,0.9723320007324219,0.9138339757919312
YNL002C,YAL028W,0,-1.9147842,0.09613130241632462,0.9723320007324219,0.9142292737960815
YMR274C,YER033C,0,-1.9157269,0.09609375149011612,0.9723320007324219,0.9146245121955872
YKR077W,YNL323W,0,-1.9167074,0.09605623036623001,0.9723320007324219,0.9150197505950928
YOR172W,YML011C,0,-1.9173052,0.09601873904466629,0.9723320007324219,0.9154150485992432
YJL019W,YGL116W,0,-1.9183123,0.09598127007484436,0.9723320007324219,0.9158102869987488
YDR436W,YNR046W,0,-1.9190605,0.09594383835792542,0.9723320007324219,0.9162055253982544
YDL200C,YPR079W,0,-1.9194113,0.09590643644332886,0.9723320007324219,0.91660076379776
YJL101C,YJR010C-A,0,-1.9215126,0.09586905688047409,0.9723320007324219,0.9169960618019104
YKL040C,YBR268W,0,-1.9215616,0.09583170711994171,0.9723320007324219,0.917391300201416
YOL001W,YDR052C,0,-1.9219966,0.09579439461231232,0.9723320007324219,0.9177865386009216
YDR021W,YBR203W,0,-1.9235598,0.09575710445642471,0.9723320007324219,0.918181836605072
YOR253W,YIL097W,0,-1.9237843,0.0957198441028595,0.9723320007324219,0.9185770750045776
YNL123W,YDL210W,0,-1.9251418,0.09568261355161667,0.9723320007324219,0.9189723134040833
YOR189W,YAL019W,0,-1.9257082,0.09564541280269623,0.9723320007324219,0.9193676114082336
YNL177C,YOR380W,0,-1.9258701,0.09560824185609818,0.9723320007324219,0.9197628498077393
YLR388W,YDL007W,0,-1.9263353,0.09557109326124191,0.9723320007324219,0.9201580882072449
YHR176W,YKL183W,0,-1.9278533,0.09553398191928864,0.9723320007324219,0.9205533862113953
YOL115W,YDL102W,0,-1.9284894,0.09549689292907715,0.9723320007324219,0.9209486246109009
YDR424C,YOR028C,0,-1.9300013,0.09545983374118805,0.9723320007324219,0.9213438630104065
YOL059W,YLR360W,0,-1.9312403,0.09542281180620193,0.9723320007324219,0.9217391014099121
YNL003C,YKL089W,0,-1.9314666,0.09538580477237701,0.9723320007324219,0.9221343994140625
YJL025W,YPR066W,0,-1.9324361,0.09534883499145508,0.9723320007324219,0.9225296378135681
YLR223C,YER041W,0,-1.9335284,0.09531189501285553,0.9723320007324219,0.9229248762130737
YDR120C,YJR022W,0,-1.9347082,0.09527497738599777,0.9723320007324219,0.9233201742172241
YPL206C,YIL147C,0,-1.9367197,0.095238097012043,0.9723320007324219,0.9237154126167297
YNL014W,YOL039W,1,-1.9378607,0.09558823704719543,0.9762845635414124,0.9237154126167297
YDR084C,YJR110W,0,-1.9387861,0.0955512598156929,0.9762845635414124,0.9241106510162354
YGR193C,YBR217W,0,-1.9419856,0.09551430493593216,0.9762845635414124,0.9245059490203857
YER143W,YMR037C,0,-1.942344,0.0954773873090744,0.9762845635414124,0.9249011874198914
YNL265C,YIR023W,0,-1.9437813,0.09544049203395844,0.9762845635414124,0.925296425819397
YPL069C,YDR143C,0,-1.9438288,0.09540363401174545,0.9762845635414124,0.9256917238235474
YIL119C,YPL001W,0,-1.9448478,0.09536679834127426,0.9762845635414124,0.926086962223053
YDL130W,YNL014W,1,-1.9466445,0.09571593999862671,0.9802371263504028,0.926086962223053
YNL014W,YLR340W,1,-1.9470711,0.09606481343507767,0.9841897487640381,0.926086962223053
YPR086W,YGR048W,0,-1.9485971,0.09602776914834976,0.9841897487640381,0.9264822006225586
YPL210C,YNL199C,0,-1.9523044,0.09599074721336365,0.9841897487640381,0.926877498626709
YEL044W,YPL072W,0,-1.9533966,0.09595375508069992,0.9841897487640381,0.9272727370262146
YOR255W,YHR037W,0,-1.9571015,0.09591679275035858,0.9841897487640381,0.9276679754257202
YHR117W,YLR045C,0,-1.9571857,0.09587986022233963,0.9841897487640381,0.9280632138252258
YDR201W,YLR459W,0,-1.957356,0.09584295749664307,0.9841897487640381,0.9284585118293762
YLR266C,YDL210W,0,-1.9592869,0.0958060771226883,0.9841897487640381,0.9288537502288818
YKL197C,YOR193W,0,-1.9605315,0.0957692340016365,0.9841897487640381,0.9292489886283875
YDR099W,YDL236W,0,-1.963601,0.09573241323232651,0.9841897487640381,0.9296442866325378
YML124C,YCL066W,0,-1.9654994,0.0956956222653389,0.9841897487640381,0.9300395250320435
YJL197W,YDR264C,0,-1.9675407,0.09565885365009308,0.9841897487640381,0.9304347634315491
YOL061W,YDR126W,0,-1.9677496,0.09562212228775024,0.9841897487640381,0.9308300614356995
YGL192W,YNR051C,0,-1.9677775,0.0955854132771492,0.9841897487640381,0.9312252998352051
YIL126W,YJR152W,0,-1.9689606,0.09554873406887054,0.9841897487640381,0.9316205382347107
YHR142W,YOR266W,0,-1.9692686,0.09551208466291428,0.9841897487640381,0.9320158362388611
YKL012W,YEL006W,0,-1.9696655,0.0954754576086998,0.9841897487640381,0.9324110746383667
YOR381W,YDR031W,0,-1.9711497,0.0954388678073883,0.9841897487640381,0.9328063130378723
YBR106W,YML047C,0,-1.9717765,0.0954023003578186,0.9841897487640381,0.9332015514373779
YOL051W,YOR320C,0,-1.9718603,0.09536576271057129,0.9841897487640381,0.9335968494415283
YLR074C,YMR164C,0,-1.974629,0.09532924741506577,0.9841897487640381,0.9339920878410339
YBR065C,YHR098C,0,-1.978403,0.09529276937246323,0.9841897487640381,0.9343873262405396
YPL128C,YJL065C,0,-1.9786716,0.09525631368160248,0.9841897487640381,0.9347826242446899
YPL059W,YML034W,0,-1.9786797,0.09521988779306412,0.9841897487640381,0.9351778626441956
YIL016W,YKL086W,0,-1.9810781,0.09518348425626755,0.9841897487640381,0.9355731010437012
YNL225C,YNL183C,0,-1.98154,0.09514711797237396,0.9841897487640381,0.9359683990478516
YOR026W,YKL092C,0,-1.9824035,0.09511077404022217,0.9841897487640381,0.9363636374473572
YPL181W,YLR127C,0,-1.9832053,0.09507445245981216,0.9841897487640381,0.9367588758468628
YDL105W,YER153C,0,-1.9832945,0.09503816813230515,0.9841897487640381,0.9371541738510132
YBR212W,YKR099W,0,-1.9843876,0.09500190615653992,0.9841897487640381,0.9375494122505188
YKR031C,YJR043C,0,-1.9852266,0.09496567398309708,0.9841897487640381,0.9379446506500244
YML019W,YJL092W,0,-1.9860146,0.09492947161197662,0.9841897487640381,0.9383399486541748
YDL030W,YOR358W,0,-1.9871578,0.09489329159259796,0.9841897487640381,0.9387351870536804
YLR423C,YIL109C,0,-1.9882839,0.09485714137554169,0.9841897487640381,0.939130425453186
YPR122W,YNL062C,0,-1.9887618,0.0948210209608078,0.9841897487640381,0.9395256638526917
YOR066W,YGL219C,0,-1.9888935,0.0947849228978157,0.9841897487640381,0.939920961856842
YKL179C,YLR319C,0,-1.9911337,0.09474886208772659,0.9841897487640381,0.9403162002563477
YNL083W,YAR003W,0,-1.9923012,0.09471281617879868,0.9841897487640381,0.9407114386558533
YPL214C,YKL160W,0,-1.9927868,0.09467680752277374,0.9841897487640381,0.9411067366600037
YDR191W,YPL016W,0,-1.9949408,0.0946408212184906,0.9841897487640381,0.9415019750595093
YGL120C,YOR177C,0,-1.9952792,0.09460486471652985,0.9841897487640381,0.9418972134590149
YPL046C,YOR109W,0,-1.9956846,0.09456893056631088,0.9841897487640381,0.9422925114631653
YGL040C,YDR437W,0,-1.9962063,0.0945330262184143,0.9841897487640381,0.9426877498626709
YIR021W,YHR016C,0,-1.9962804,0.09449715167284012,0.9841897487640381,0.9430829882621765
YIL118W,YDR111C,0,-1.9968147,0.09446130692958832,0.9841897487640381,0.9434782862663269
YNL206C,YCR106W,0,-1.9973063,0.09442548453807831,0.9841897487640381,0.9438735246658325
YGR152C,YMR094W,0,-1.9977245,0.09438969194889069,0.9841897487640381,0.9442687630653381
YNL077W,YAL026C,0,-1.9992075,0.09435392171144485,0.9841897487640381,0.9446640610694885
YPL010W,YJR102C,0,-2.0016747,0.09431818127632141,0.9841897487640381,0.9450592994689941
YCR086W,YLL015W,0,-2.001873,0.09428247064352036,0.9841897487640381,0.9454545378684998
YGR263C,YBL066C,0,-2.0043967,0.09424678236246109,0.9841897487640381,0.9458497762680054
YLR175W,YMR224C,0,-2.004588,0.09421112388372421,0.9841897487640381,0.9462450742721558
YJL203W,YDR507C,0,-2.0088406,0.09417549520730972,0.9841897487640381,0.9466403126716614
YOR119C,YNL053W,0,-2.0107799,0.09413988888263702,0.9841897487640381,0.947035551071167
YPR143W,YNL325C,0,-2.0108774,0.09410430490970612,0.9841897487640381,0.9474308490753174
YER029C,YDL005C,0,-2.0118108,0.09406875818967819,0.9841897487640381,0.947826087474823
YOR156C,YOL064C,0,-2.014696,0.09403323382139206,0.9841897487640381,0.9482213258743286
YLR263W,YOL115W,0,-2.01788,0.09399773180484772,0.9841897487640381,0.948616623878479
YMR128W,YGR209C,0,-2.0179293,0.09396226704120636,0.9841897487640381,0.9490118622779846
YOL135C,YOR267C,0,-2.0192301,0.0939268171787262,0.9841897487640381,0.9494071006774902
YKL141W,YBR185C,0,-2.0197809,0.09389140456914902,0.9841897487640381,0.9498023986816406
YHR172W,YGR295C,0,-2.0215073,0.09385601431131363,0.9841897487640381,0.9501976370811462
YLR226W,YPL153C,0,-2.0218537,0.09382064640522003,0.9841897487640381,0.9505928754806519
YLR423C,YFL047W,0,-2.0221722,0.09378530830144882,0.9841897487640381,0.9509881138801575
YJL162C,YBR234C,0,-2.0245025,0.09375,0.9841897487640381,0.9513834118843079
YDR171W,YBR094W,0,-2.0248861,0.09371471405029297,0.9841897487640381,0.9517786502838135
YBR280C,YNR051C,0,-2.0255723,0.09367945790290833,0.9841897487640381,0.9521738886833191
YJL138C,YOR049C,0,-2.0256598,0.09364422410726547,0.9841897487640381,0.9525691866874695
YFL050C,YFR037C,0,-2.0270479,0.09360902011394501,0.9841897487640381,0.9529644250869751
YOR367W,YBR211C,0,-2.0272288,0.09357384592294693,0.9841897487640381,0.9533596634864807
YNR050C,YCR089W,0,-2.0273514,0.09353869408369064,0.9841897487640381,0.9537549614906311
YMR204C,YML027W,0,-2.030181,0.09350356459617615,0.9841897487640381,0.9541501998901367
YLR070C,YPL178W,0,-2.031596,0.09346846491098404,0.9841897487640381,0.9545454382896423
YER040W,YLR139C,0,-2.0324652,0.09343339502811432,0.9841897487640381,0.9549407362937927
YDR515W,YLR207W,0,-2.0344257,0.09339834749698639,0.9841897487640381,0.9553359746932983
YER040W,YNL137C,0,-2.0353007,0.09336332976818085,0.9841897487640381,0.955731213092804
YBR264C,YKL049C,0,-2.0364842,0.0933283343911171,0.9841897487640381,0.9561265110969543
YOR096W,YGR223C,0,-2.040867,0.09329336881637573,0.9841897487640381,0.95652174949646
YNL317W,YKL018W,0,-2.0448592,0.09325842559337616,0.9841897487640381,0.9569169878959656
YKL026C,YBR188C,0,-2.0449815,0.09322351217269897,0.9841897487640381,0.9573122262954712
YBR153W,YKL089W,0,-2.0475316,0.09318862110376358,0.9841897487640381,0.9577075242996216
YFL056C,YOR004W,0,-2.0482714,0.09315375983715057,0.9841897487640381,0.9581027626991272
YKL218C,YDR021W,0,-2.0545018,0.09311892092227936,0.9841897487640381,0.9584980010986328
YDR522C,YLR155C,0,-2.0587442,0.09308411180973053,0.9841897487640381,0.9588932991027832
YML070W,YCL061C,0,-2.0592532,0.09304932504892349,0.9841897487640381,0.9592885375022888
YNL142W,YDL146W,0,-2.0602748,0.09301456809043884,0.9841897487640381,0.9596837759017944
YJL072C,YOR094W,0,-2.0646923,0.09297983348369598,0.9841897487640381,0.9600790739059448
YML034W,YFR027W,0,-2.0661895,0.09294512867927551,0.9841897487640381,0.9604743123054504
YJR068W,YLR371W,0,-2.0676951,0.09291044622659683,0.9841897487640381,0.960869550704956
YGR212W,YGL192W,0,-2.0702837,0.09287579357624054,0.9841897487640381,0.9612648487091064
YOL094C,YAL013W,0,-2.0704641,0.09284116327762604,0.9841897487640381,0.9616600871086121
YCR020C,YDL155W,0,-2.071399,0.09280656278133392,0.9841897487640381,0.9620553255081177
YJL125C,YER142C,0,-2.0723014,0.0927719846367836,0.9841897487640381,0.9624505639076233
YEL016C,YOR001W,0,-2.0765023,0.09273742884397507,0.9841897487640381,0.9628458619117737
YOR252W,YIL153W,0,-2.0801241,0.09270290285348892,0.9841897487640381,0.9632411003112793
YPL018W,YPL024W,0,-2.08524,0.09266840666532516,0.9841897487640381,0.9636363387107849
YKL195W,YML011C,0,-2.0867877,0.0926339253783226,0.9841897487640381,0.9640316367149353
YJL051W,YOR358W,0,-2.0907955,0.09259948134422302,0.9841897487640381,0.9644268751144409
YHR011W,YLR337C,0,-2.0918076,0.09256505221128464,0.9841897487640381,0.9648221135139465
YFL049W,YMR231W,0,-2.0934944,0.09253066033124924,0.9841897487640381,0.9652174115180969
YDL207W,YLR266C,0,-2.0939286,0.09249628335237503,0.9841897487640381,0.9656126499176025
YNL014W,YLR069C,1,-2.0966043,0.0928332731127739,0.9881423115730286,0.9656126499176025
YBR167C,YJL100W,0,-2.1047714,0.09279881417751312,0.9881423115730286,0.9660078883171082
YER075C,YDR437W,0,-2.1083891,0.09276437759399414,0.9881423115730286,0.9664031863212585
YLL031C,YGR023W,0,-2.1117249,0.09272997081279755,0.9881423115730286,0.9667984247207642
YMR204C,YML055W,0,-2.1120596,0.09269558638334274,0.9881423115730286,0.9671936631202698
YGL096W,YML095C,0,-2.113557,0.09266123175621033,0.9881423115730286,0.9675889611244202
YMR153W,YMR044W,0,-2.1157932,0.0926268994808197,0.9881423115730286,0.9679841995239258
YNL126W,YMR201C,0,-2.1215863,0.09259258955717087,0.9881423115730286,0.9683794379234314
YML061C,YGR227W,0,-2.1227949,0.09255830943584442,0.9881423115730286,0.968774676322937
YDL049C,YLR381W,0,-2.126162,0.09252405911684036,0.9881423115730286,0.9691699743270874
YDR270W,YIL124W,0,-2.1264179,0.0924898236989975,0.9881423115730286,0.969565212726593
YGR227W,YOL128C,0,-2.1282325,0.09245561808347702,0.9881423115730286,0.9699604511260986
YJR099W,YBR211C,0,-2.133821,0.09242144227027893,0.9881423115730286,0.970355749130249
YNL002C,YDR439W,0,-2.134047,0.09238728880882263,0.9881423115730286,0.9707509875297546
YDR091C,YNR007C,0,-2.1352844,0.09235315769910812,0.9881423115730286,0.9711462259292603
YGR154C,YNL169C,0,-2.1353207,0.092319056391716,0.9881423115730286,0.9715415239334106
YOR179C,YBR038W,0,-2.140995,0.09228497743606567,0.9881423115730286,0.9719367623329163
YGL061C,YBR091C,0,-2.1462607,0.09225092083215714,0.9881423115730286,0.9723320007324219
YDL139C,YER016W,0,-2.1469493,0.09221689403057098,0.9881423115730286,0.9727272987365723
YIL123W,YLR109W,0,-2.1470566,0.09218288958072662,0.9881423115730286,0.9731225371360779
YBL097W,YGL213C,0,-2.1473885,0.09214891493320465,0.9881423115730286,0.9735177755355835
YLR069C,YNL063W,1,-2.1482687,0.09248341619968414,0.992094874382019,0.9735177755355835
YDL139C,YBR058C,0,-2.1561027,0.09244935214519501,0.992094874382019,0.9739130139350891
YNL059C,YFL036W,0,-2.1574438,0.09241531789302826,0.992094874382019,0.9743083119392395
YGL175C,YPR037C,0,-2.1614852,0.0923813059926033,0.992094874382019,0.9747035503387451
YJL069C,YFR003C,0,-2.1639578,0.09234731644392014,0.992094874382019,0.9750987887382507
YJR086W,YBR085W,0,-2.1659782,0.09231334924697876,0.992094874382019,0.9754940867424011
YOL060C,YLR435W,0,-2.166443,0.09227941185235977,0.992094874382019,0.9758893251419067
YDR088C,YKR024C,0,-2.1689105,0.09224549680948257,0.992094874382019,0.9762845635414124
YBL101C,YIL098C,0,-2.1760435,0.09221161156892776,0.992094874382019,0.9766798615455627
YDL002C,YOL132W,0,-2.1769295,0.09217774868011475,0.992094874382019,0.9770750999450684
YGR048W,YNL047C,0,-2.1772733,0.09214390814304352,0.992094874382019,0.977470338344574
YLL015W,YCR020W-B,0,-2.1788323,0.09211008995771408,0.992094874382019,0.9778656363487244
YNL222W,YDR051C,0,-2.1823924,0.09207630157470703,0.992094874382019,0.97826087474823
YCL029C,YNL329C,0,-2.1837568,0.09204253554344177,0.992094874382019,0.9786561131477356
YLR172C,YNL014W,1,-2.1841788,0.09237536787986755,0.9960474371910095,0.9786561131477356
YKL146W,YNL300W,0,-2.190474,0.09234151989221573,0.9960474371910095,0.979051411151886
YDR532C,YLR459W,0,-2.190505,0.0923076942563057,0.9960474371910095,0.9794466495513916
YAL055W,YNL325C,0,-2.1934414,0.09227389097213745,0.9960474371910095,0.9798418879508972
YOR308C,YPR079W,0,-2.1954489,0.0922401174902916,0.9960474371910095,0.9802371263504028
YIL101C,YDR198C,0,-2.1989245,0.09220636636018753,0.9960474371910095,0.9806324243545532
YBR301W,YLR204W,0,-2.2036262,0.09217263758182526,0.9960474371910095,0.9810276627540588
YMR247C,YJR118C,0,-2.204399,0.09213893860578537,0.9960474371910095,0.9814229011535645
YER070W,YMR110C,0,-2.205894,0.09210526198148727,0.9960474371910095,0.9818181991577148
YDR246W,YOR149C,0,-2.2139788,0.09207160770893097,0.9960474371910095,0.9822134375572205
YJL156C,YOL005C,0,-2.216878,0.09203798323869705,0.9960474371910095,0.9826086759567261
YPL202C,YGL032C,0,-2.2170932,0.09200438112020493,0.9960474371910095,0.9830039739608765
YOR319W,YDL141W,0,-2.2209098,0.09197080135345459,0.9960474371910095,0.9833992123603821
YBR101C,YNL300W,0,-2.2245097,0.09193725138902664,0.9960474371910095,0.9837944507598877
YCR034W,YOL126C,0,-2.2293355,0.09190371632575989,0.9960474371910095,0.9841897487640381
YMR017W,YPR143W,0,-2.2327003,0.09187021851539612,0.9960474371910095,0.9845849871635437
YAL015C,YML011C,0,-2.233508,0.09183673560619354,0.9960474371910095,0.9849802255630493
YHR025W,YJR102C,0,-2.240969,0.09180327504873276,0.9960474371910095,0.9853755235671997
YBR240C,YKL018W,0,-2.245329,0.09176984429359436,0.9960474371910095,0.9857707619667053
YBR152W,YGR109C,0,-2.246919,0.09173644334077835,0.9960474371910095,0.9861660003662109
YMR278W,YGR096W,0,-2.24821,0.09170305728912354,0.9960474371910095,0.9865612387657166
YER016W,YLR099C,0,-2.248955,0.09166970103979111,0.9960474371910095,0.9869565367698669
YPL024W,YML011C,0,-2.2532344,0.09163636714220047,0.9960474371910095,0.9873517751693726
YLR200W,YKL157W,0,-2.2535696,0.09160305559635162,0.9960474371910095,0.9877470135688782
YCR020C,YOR334W,0,-2.2642324,0.09156976640224457,0.9960474371910095,0.9881423115730286
YDR096W,YBL102W,0,-2.2705019,0.0915365070104599,0.9960474371910095,0.9885375499725342
YOR076C,YOR064C,0,-2.2709432,0.09150326997041702,0.9960474371910095,0.9889327883720398
YPL159C,YPL045W,0,-2.2836094,0.09147005528211594,0.9960474371910095,0.9893280863761902
YKL108W,YGL017W,0,-2.28654,0.09143686294555664,0.9960474371910095,0.9897233247756958
YAL025C,YDR055W,0,-2.3216095,0.09140370041131973,0.9960474371910095,0.9901185631752014
YOL065C,YDR073W,0,-2.328642,0.09137056022882462,0.9960474371910095,0.9905138611793518
YGL223C,YKR090W,0,-2.3307905,0.09133744239807129,0.9960474371910095,0.9909090995788574
YJL162C,YNR041C,0,-2.343165,0.09130434691905975,0.9960474371910095,0.991304337978363
YDR528W,YPR106W,0,-2.3455138,0.0912712812423706,0.9960474371910095,0.9916995763778687
YHR034C,YBR088C,0,-2.3488019,0.09123823046684265,0.9960474371910095,0.992094874382019
YGL168W,YER139C,0,-2.358799,0.09120520949363708,0.9960474371910095,0.9924901127815247
YNL293W,YGL219C,0,-2.3613043,0.09117221087217331,0.9960474371910095,0.9928853511810303
YNR038W,YKL011C,0,-2.3688664,0.09113924205303192,0.9960474371910095,0.9932806491851807
YDR540C,YLR068W,0,-2.389082,0.09110628813505173,0.9960474371910095,0.9936758875846863
YMR233W,YLR093C,0,-2.4041305,0.09107336401939392,0.9960474371910095,0.9940711259841919
YMR021C,YDR520C,0,-2.411234,0.0910404622554779,0.9960474371910095,0.9944664239883423
YNL014W,YDL092W,1,-2.4128208,0.09136872738599777,1.0,0.9944664239883423
YBL009W,YAL015C,0,-2.4290953,0.09133574366569519,1.0,0.9948616623878479
YLR421C,YBL023C,0,-2.4396396,0.0913027822971344,1.0,0.9952569007873535
YOL100W,YGL018C,0,-2.4502764,0.0912698432803154,1.0,0.9956521987915039
YNL126W,YLL036C,0,-2.4524608,0.09123692661523819,1.0,0.9960474371910095
YDR315C,YLR242C,0,-2.4680588,0.09120403975248337,1.0,0.9964426755905151
YMR198W,YNL317W,0,-2.506707,0.09117116779088974,1.0,0.9968379735946655
YDL058W,YKL034W,0,-2.5175018,0.0911383256316185,1.0,0.9972332119941711
YOR078W,YPL203W,0,-2.545166,0.09110550582408905,1.0,0.9976284503936768
YNL210W,YGL044C,0,-2.5619905,0.09107271581888199,1.0,0.9980236887931824
YDR482C,YBR070C,0,-2.5814667,0.09103994071483612,1.0,0.9984189867973328
YPL128C,YPR046W,0,-2.5976431,0.09100719541311264,1.0,0.9988142251968384
YOR205C,YNL279W,0,-2.5997334,0.09097447246313095,1.0,0.999209463596344
YHR150W,YNL233W,0,-2.716608,0.09094177186489105,1.0,0.9996047616004944
YGL059W,YBR185C,0,-2.9752064,0.09090909361839294,1.0,1.0
