Batch,Training Loss,Validation Loss
0,72.13376760482788,67.16957747936249
100,65.96849751472473,63.83390665054321
200,65.52121692895889,63.692866563797
300,65.87871259450912,64.99040126800537
400,65.78149086236954,63.216710686683655
500,65.11826300621033,63.85090470314026
600,65.23970144987106,64.10866796970367
700,64.93509370088577,63.01940858364105
800,65.01839804649353,63.34993839263916
900,65.31002098321915,63.45271646976471
1000,65.73787379264832,64.26467418670654
1100,65.06805145740509,62.12014555931091
1200,64.96352088451385,63.37694704532623
1300,65.01630753278732,63.72162103652954
1400,65.24366790056229,63.51206839084625
1500,65.6666612625122,64.72171783447266
1600,65.73379862308502,63.8654100894928
1700,65.50026363134384,63.39889407157898
1800,65.56867331266403,64.64929938316345
1900,65.23811602592468,62.74181008338928
2000,65.01646757125854,64.00067925453186
2100,65.30538201332092,63.04020643234253
2200,65.23420703411102,64.02721166610718
2300,65.28685790300369,63.40976417064667
2400,65.37503099441528,63.194918632507324
2500,64.99468451738358,63.60504686832428
2600,65.24384826421738,63.347105383872986
2700,65.05840289592743,63.29729080200195
2800,64.90564209222794,63.422476053237915
2900,65.3121377825737,63.29468548297882
3000,65.5260626077652,64.24219071865082
3100,64.71194863319397,63.42148244380951
3200,65.21465426683426,64.4267874956131
3300,65.48387509584427,63.69022488594055
3400,65.36173433065414,62.94658005237579
3500,65.26479226350784,63.34345102310181
3600,65.28308653831482,63.15263092517853
3700,65.71542149782181,64.21153604984283
3800,65.63415539264679,64.10840094089508
3900,65.50843745470047,63.77708196640015
4000,65.22615957260132,64.0750640630722
4100,65.63782769441605,63.13030958175659
4200,64.912324488163,63.39867413043976
4300,65.29595172405243,65.03422796726227
4400,65.36343532800674,63.573872447013855
4500,65.29256355762482,63.82862627506256
4600,65.56257319450378,63.727288246154785
4700,65.23153364658356,63.78154098987579
4800,65.33376294374466,63.973695039749146
4900,65.15288043022156,62.746806144714355
5000,65.08912020921707,63.16715896129608
5100,65.30360639095306,63.49653363227844
5200,65.1838458776474,63.14300239086151
5300,65.53601717948914,63.379053473472595
5400,65.10737335681915,62.97893702983856
5500,64.89861685037613,62.978233098983765
5600,64.91573411226273,63.628888726234436
5700,64.99627578258514,63.715219497680664
5800,65.39633238315582,63.47152233123779
5900,64.44604629278183,64.00437712669373
6000,65.55904567241669,63.79503846168518
6100,65.36792230606079,63.02280306816101
6200,65.44436925649643,64.39547538757324
6300,65.43521463871002,64.2515242099762
6400,65.59198349714279,63.61426830291748
6500,65.42432057857513,64.15775060653687
6600,65.1272120475769,63.215466141700745
6700,65.36540305614471,62.81846463680267
6800,64.88779377937317,62.5668603181839
6900,64.85260570049286,62.957355976104736
7000,65.469533264637,63.806028962135315
7100,65.12302321195602,63.29466700553894
7200,65.15789806842804,63.37051272392273
7300,65.14946573972702,63.68505299091339
7400,64.8863296508789,63.26545298099518
7500,64.97728860378265,63.75893712043762
7600,65.67075228691101,62.93489694595337
7700,64.78267347812653,62.87776470184326
7800,65.11319625377655,64.39935386180878
7900,64.83995234966278,62.46285915374756
8000,65.69935727119446,64.68098223209381
8100,65.16869246959686,63.16135287284851
8200,65.4572325348854,63.429847955703735
8300,65.427110850811,64.1230857372284
8400,65.74957686662674,63.79961669445038
8500,65.54763239622116,64.02080416679382
8600,65.44936609268188,62.48268365859985
8700,65.37086862325668,63.29206109046936
8800,65.44137579202652,64.31069016456604
8900,65.33425408601761,64.1432797908783
9000,65.79794955253601,64.36336040496826
9100,65.52884292602539,64.00889456272125
9200,65.2944768667221,64.08991396427155
9300,65.42735582590103,63.996283411979675
9400,65.36539834737778,63.39417815208435
9500,65.33556389808655,63.88786196708679
9600,65.7014599442482,63.713486194610596
9700,65.6014159321785,64.61411833763123
9800,65.596375644207,64.02346909046173
9900,66.0879191160202,64.17436897754669
10000,64.85253351926804,62.377029061317444
10100,64.69832366704941,62.055463790893555
10200,64.81157666444778,63.92199754714966
10300,65.88086193799973,64.66660857200623
10400,65.23739349842072,64.07857179641724
10500,65.51939702033997,63.57149600982666
10600,65.61060112714767,64.10992324352264
10700,65.58062446117401,63.674983978271484
10800,65.57694900035858,63.611860275268555
10900,64.92264968156815,62.671526074409485
11000,65.00264358520508,64.03561592102051
11100,65.78548938035965,64.03660237789154
11200,65.38028395175934,61.925135254859924
11300,65.01210880279541,64.0531712770462
11400,65.59381431341171,63.35704684257507
11500,64.8009107708931,63.511531949043274
11600,65.35547703504562,63.96888077259064
11700,65.17354667186737,64.07847106456757
11800,65.61963880062103,64.47434961795807
11900,65.69309425354004,63.11806321144104
12000,65.12494170665741,62.838760018348694
12100,65.09508377313614,63.91663432121277
12200,65.55205363035202,63.419917821884155
12300,65.69627493619919,64.30640876293182
12400,65.4406145811081,63.34272623062134
12500,65.37682914733887,63.83026897907257
12600,65.16564178466797,63.603395819664
12700,65.0477482676506,63.26860547065735
12800,65.61979913711548,63.60759794712067
12900,65.61645764112473,64.01945173740387
13000,65.54345774650574,64.0271121263504
13100,65.13815593719482,63.98291051387787
13200,65.5009149312973,64.14145708084106
13300,65.11650437116623,63.404415249824524
13400,65.31716746091843,64.30538058280945
13500,65.50014001131058,63.35451304912567
13600,65.01643919944763,62.85404145717621
13700,65.17858952283859,63.598424792289734
13800,65.49629789590836,63.62980008125305
13900,64.8802964091301,63.24885070323944
14000,64.94201445579529,63.48800599575043
14100,65.62720364332199,64.15911436080933
14200,65.73831248283386,63.59277427196503
14300,65.43341034650803,63.95030200481415
14400,65.14315259456635,63.44298958778381
14500,65.39965415000916,64.67687726020813
14600,65.83331310749054,64.25914406776428
14700,65.39026480913162,63.33996593952179
14800,65.09310227632523,63.26858580112457
14900,65.09356105327606,63.66981863975525
15000,65.35489505529404,63.62725913524628
15100,65.77624970674515,64.32272732257843
15200,64.96868216991425,63.647910952568054
15300,65.53469252586365,63.558454513549805
15400,65.58441829681396,63.86261224746704
15500,65.1591922044754,63.107821345329285
15600,65.30453836917877,62.98185408115387
15700,65.51983088254929,62.693933844566345
15800,65.43991565704346,64.15094196796417
15900,65.40520560741425,63.92498552799225
16000,65.5288000702858,64.43938910961151
16100,65.12039572000504,63.00004780292511
16200,65.10421854257584,64.19649064540863
16300,65.56691116094589,63.83985936641693
16400,65.21389812231064,64.00675594806671
16500,64.6487408876419,63.38022708892822
16600,64.81559264659882,63.47658336162567
16700,64.82561999559402,63.4886634349823
16800,65.26274627447128,63.633965253829956
16900,65.58217787742615,63.83498549461365
17000,65.3903397321701,63.5249137878418
17100,65.44313657283783,64.811971783638
17200,65.23816001415253,63.66562068462372
17300,65.2486160993576,64.29293155670166
17400,65.64581006765366,63.73887658119202
17500,65.25845324993134,63.11039090156555
17600,65.30894553661346,63.06866466999054
17700,65.15482294559479,63.23983371257782
17800,65.20268297195435,63.89713168144226
17900,65.3495699763298,63.297016620635986
18000,65.29834872484207,63.745037317276
18100,65.29371893405914,63.271551728248596
18200,65.39369738101959,63.687899708747864
18300,64.61655467748642,62.58045792579651
18400,65.11059963703156,64.46833372116089
18500,65.28989213705063,63.01228106021881
18600,65.1056758761406,64.31042790412903
18700,65.39178562164307,64.3743085861206
18800,65.62469869852066,64.27456974983215
18900,65.07067322731018,62.89097785949707
19000,65.30974638462067,64.05683636665344
19100,65.01181745529175,63.223230838775635
19200,65.20933866500854,63.93100202083588
19300,65.37299931049347,64.3228006362915
19400,65.49991822242737,63.97767782211304
19500,65.3954529762268,63.43787431716919
19600,65.51140147447586,63.53088915348053
19700,65.86944341659546,64.47272300720215
19800,65.2650915980339,64.14379239082336
19900,65.84572851657867,64.43104147911072
20000,65.44626247882843,63.39164853096008
20100,65.16944926977158,63.54671597480774
20200,64.91282391548157,61.87606632709503
20300,64.95049542188644,63.99757266044617
20400,65.62445533275604,64.31014478206635
20500,65.71836340427399,64.67082560062408
20600,65.48965114355087,63.34719121456146
20700,64.94719618558884,63.65795075893402
20800,65.6753876209259,64.29938733577728
20900,65.61308318376541,63.389034271240234
21000,65.77811199426651,63.34045708179474
21100,64.80075651407242,63.812594413757324
21200,65.67394661903381,64.21776056289673
21300,65.22682702541351,63.54672014713287
21400,65.22379398345947,63.5925430059433
21500,65.29954689741135,63.931827545166016
21600,65.41340225934982,63.11559498310089
21700,64.76964330673218,62.83232092857361
21800,65.06325101852417,63.39479744434357
21900,65.11937409639359,63.9076292514801
22000,65.03105264902115,63.931224942207336
22100,65.66276735067368,63.398547768592834
22200,65.2118661403656,63.22085618972778
22300,65.39632564783096,63.72292637825012
22400,65.58309853076935,63.23933780193329
22500,65.36757838726044,63.03849518299103
22600,65.91837334632874,63.57340693473816
22700,65.51097160577774,63.558510541915894
22800,65.15805596113205,63.565367460250854
22900,65.08957242965698,63.113651275634766
23000,65.80429750680923,64.54137146472931
23100,65.529172539711,63.655505776405334
23200,64.93346399068832,62.56385922431946
23300,64.4170588850975,62.351433634757996
23400,65.2865264415741,63.6222118139267
23500,65.6627562046051,64.16099965572357
23600,65.23841106891632,64.47575390338898
23700,65.61719912290573,63.5942018032074
23800,65.03984481096268,64.252610206604
23900,65.32844078540802,62.89982497692108
24000,65.4710653424263,64.31641340255737
24100,65.5780965089798,62.96772241592407
24200,65.1488134264946,63.32143843173981
24300,65.77386218309402,63.808616399765015
24400,65.70882618427277,64.03899192810059
24500,65.43308866024017,63.830450773239136
24600,65.50305306911469,64.03583943843842
24700,65.47355037927628,62.952396273612976
24800,65.21252489089966,62.91533350944519
24900,65.13515847921371,64.01979267597198
25000,65.79391205310822,62.994696497917175
25100,65.55443024635315,64.02773141860962
25200,65.4011709690094,62.92014718055725
25300,65.40516060590744,63.75481903553009
25400,65.2026584148407,62.67388582229614
25500,65.22792398929596,63.57982516288757
25600,65.45632952451706,64.53818202018738
25700,65.60715997219086,63.638657331466675
25800,65.50385588407516,64.3334686756134
25900,65.64715564250946,63.97288203239441
26000,65.2008866071701,63.663164377212524
26100,64.88413512706757,63.51023554801941
26200,65.24747604131699,64.28154528141022
26300,65.00406938791275,63.33374798297882
26400,65.4235765337944,63.53487730026245
26500,64.98981434106827,62.42662787437439
26600,64.70544278621674,62.78957545757294
26700,65.17457228899002,64.11221623420715
26800,65.24902260303497,63.06087911128998
26900,64.8455640077591,63.773693442344666
27000,65.55566120147705,64.47668492794037
27100,65.8299041390419,63.155293464660645
27200,65.06049597263336,64.05604004859924
27300,65.72777247428894,64.3701422214508
27400,65.12629002332687,62.94457733631134
27500,64.57916218042374,62.63258635997772
27600,65.3822808265686,63.797311186790466
27700,65.39462673664093,63.53679716587067
27800,65.29460376501083,63.674020767211914
27900,65.15408200025558,62.56031274795532
28000,64.56098133325577,63.40547025203705
28100,65.21970158815384,64.37336266040802
28200,65.61640447378159,63.666916489601135
28300,65.14287811517715,63.43536019325256
28400,64.97277700901031,63.63331079483032
28500,65.24882525205612,63.74893665313721
28600,65.59058403968811,63.69714915752411
28700,65.37675851583481,63.50994944572449
28800,65.41159647703171,64.0168172121048
28900,65.86819702386856,64.14070785045624
29000,65.5818122625351,64.33247089385986
29100,65.69099229574203,64.41408097743988
29200,65.53606134653091,63.630449175834656
29300,65.32288181781769,64.01221036911011
29400,65.86197823286057,63.39750528335571
29500,65.35180699825287,63.54603707790375
29600,65.29558008909225,64.43305373191833
29700,65.09666609764099,62.73391664028168
29800,65.12368905544281,63.74331712722778
29900,65.1840688586235,63.27188193798065
30000,65.23905736207962,63.9970600605011
30100,65.09859764575958,63.562926054000854
30200,65.35130208730698,63.855106234550476
30300,64.81733810901642,63.876153230667114
30400,65.44998908042908,63.94698739051819
30500,65.32316792011261,63.179219365119934
30600,65.48131102323532,63.441088795661926
30700,65.46701395511627,63.25981259346008
30800,65.37788635492325,63.69159817695618
30900,65.36365616321564,64.02524888515472
31000,65.34769451618195,63.53999316692352
31100,65.29051649570465,63.644853830337524
31200,65.18149298429489,62.77898669242859
31300,65.46975469589233,63.072803020477295
31400,65.3950707912445,63.80526781082153
31500,65.42881375551224,64.06324744224548
31600,65.34855151176453,62.93505132198334
31700,65.06731003522873,63.25099289417267
31800,64.64625984430313,63.021743297576904
31900,65.71153205633163,63.7761253118515
32000,65.4482199549675,63.5019326210022
32100,65.55821800231934,63.95369827747345
32200,65.13974815607071,63.184691071510315
32300,65.18510043621063,63.27005088329315
32400,64.54376953840256,62.72546827793121
32500,65.08714717626572,63.00959587097168
32600,65.37370145320892,64.06797647476196
32700,65.31242859363556,63.43807637691498
32800,64.24398332834244,62.138620018959045
32900,64.79782325029373,64.04972732067108
33000,65.51322913169861,64.14575636386871
33100,65.34411060810089,63.441049456596375
33200,65.19401836395264,63.14750373363495
33300,65.55645221471786,63.907774686813354
33400,65.90091639757156,64.26356256008148
33500,65.44045788049698,63.95228326320648
33600,65.5046598315239,64.15098071098328
33700,65.49948996305466,63.521851897239685
33800,65.8064334988594,64.55463409423828
33900,65.77257823944092,63.51045370101929
34000,65.26193153858185,64.29804980754852
34100,65.37462413311005,63.48763287067413
34200,65.18314379453659,62.63559639453888
34300,65.66404604911804,64.02379393577576
34400,65.63238769769669,63.821316957473755
34500,65.20295536518097,63.61442506313324
34600,65.51541811227798,63.898303508758545
34700,65.29008054733276,63.31985414028168
34800,65.04727709293365,63.01811754703522
34900,65.40459036827087,63.22783708572388
35000,65.10588401556015,63.03965866565704
35100,65.37877440452576,63.26207637786865
35200,64.61879485845566,62.83603608608246
35300,65.02057242393494,64.06946122646332
35400,65.25742244720459,63.82611274719238
35500,65.50195783376694,63.98124098777771
35600,65.87652891874313,64.28611397743225
35700,65.60277533531189,64.33443188667297
35800,65.30692183971405,62.72874414920807
35900,65.03077322244644,63.64613234996796
36000,65.50739920139313,63.003376722335815
36100,65.36213260889053,63.812567591667175
36200,65.65442806482315,63.854066133499146
36300,65.45984691381454,64.27000939846039
36400,65.54486042261124,63.271241784095764
36500,64.9050806760788,63.84742975234985
36600,65.49623757600784,63.89472246170044
36700,65.357490837574,63.75739276409149
36800,64.78052926063538,63.35776150226593
36900,65.28844183683395,62.79517889022827
37000,65.369025349617,63.36499094963074
37100,65.27319604158401,63.662060499191284
37200,65.25013762712479,63.53399693965912
37300,65.06418144702911,63.81354212760925
37400,65.39302605390549,64.08444046974182
37500,64.43771922588348,63.772820830345154
37600,66.1808449625969,63.40893745422363
37700,65.28132939338684,63.69813024997711
37800,64.97300070524216,63.95686328411102
37900,65.77951139211655,63.51340472698212
38000,65.63115429878235,62.89854407310486
38100,65.1432449221611,62.87668228149414
38200,64.64262837171555,63.43593239784241
38300,64.7510118484497,63.435123562812805
38400,65.20279198884964,62.80860245227814
38500,65.07584422826767,63.68806600570679
38600,65.12713253498077,62.868013978004456
38700,65.15305554866791,64.42903339862823
38800,64.8414078950882,64.52299892902374
38900,65.24406057596207,63.21062445640564
39000,64.88266324996948,63.95105004310608
39100,65.76725262403488,63.699052929878235
39200,65.60697877407074,64.3465805053711
39300,65.85758948326111,63.27156901359558
39400,65.40736174583435,63.72956871986389
39500,65.04165601730347,63.15734326839447
39600,65.1004039645195,63.278202414512634
39700,65.38716530799866,63.73039186000824
39800,65.18897950649261,63.07125747203827
39900,65.07583737373352,63.321192264556885
40000,65.06992310285568,63.668195605278015
40100,65.38451051712036,63.86789619922638
40200,65.43126380443573,64.1958475112915
40300,65.15111124515533,64.21015322208405
40400,66.10748738050461,63.97378087043762
40500,65.42943823337555,63.36366355419159
40600,65.30645579099655,63.8562548160553
40700,65.27588587999344,63.32929193973541
40800,65.09613794088364,63.92496645450592
40900,65.40141832828522,64.12297129631042
41000,65.02464336156845,63.57680678367615
41100,65.7173101902008,64.20277655124664
41200,65.8308737874031,64.1191977262497
41300,65.69620019197464,63.867051005363464
41400,65.13604909181595,63.373892307281494
41500,65.03221011161804,63.67806673049927
41600,64.88169503211975,64.18230354785919
41700,65.61098235845566,63.527265787124634
41800,65.01839196681976,62.557454109191895
41900,65.21654206514359,64.0248829126358
42000,65.37621110677719,63.396135568618774
42100,65.16970890760422,63.154416680336
42200,65.21516919136047,64.12178099155426
42300,65.68077540397644,63.95129859447479
42400,65.41200679540634,62.97274887561798
42500,65.48455768823624,63.98349106311798
42600,65.15650653839111,62.92241632938385
42700,65.44235396385193,64.28294718265533
42800,65.6481563448906,63.02454352378845
42900,64.89030599594116,63.04753303527832
43000,65.10397654771805,62.88839280605316
43100,65.28818047046661,64.55106854438782
43200,65.42501699924469,64.463791847229
43300,65.94737112522125,64.02248442173004
43400,65.04745101928711,63.82384121417999
43500,66.01725310087204,64.02017176151276
43600,64.96978372335434,62.81947374343872
43700,65.50469505786896,63.78528833389282
43800,65.43887543678284,63.855828642845154
43900,64.79273438453674,62.89775252342224
44000,65.05889296531677,63.85717272758484
44100,65.17219889163971,64.07962918281555
44200,65.72548311948776,63.74249577522278
44300,65.1947438120842,63.38751137256622
44400,64.98090815544128,63.77063035964966
44500,65.51419407129288,63.23464751243591
44600,64.63357543945312,63.01753640174866
44700,65.16420316696167,62.83972501754761
44800,65.48683041334152,63.924570083618164
44900,65.31643670797348,64.31934356689453
45000,65.32924741506577,63.74255657196045
45100,64.9543889760971,63.02144706249237
45200,65.37528145313263,64.14978384971619
45300,64.90070652961731,62.96159625053406
45400,65.34965145587921,63.42213571071625
45500,65.43674153089523,63.536416888237
45600,65.17625653743744,63.1313157081604
45700,65.15804672241211,63.60731482505798
45800,65.57119596004486,63.647698163986206
45900,65.40070635080338,63.761215806007385
46000,65.21472382545471,64.04881775379181
46100,65.49575412273407,63.9150196313858
46200,65.09909027814865,64.01881217956543
46300,65.24015074968338,64.16391849517822
46400,65.41482895612717,64.1462516784668
46500,65.1196249127388,63.87526273727417
46600,65.49740022420883,63.88345539569855
46700,65.39517676830292,63.213927149772644
46800,65.20985043048859,63.396427631378174
46900,65.29602760076523,62.895395159721375
47000,65.54680478572845,64.32181715965271
47100,65.7906283736229,64.07574772834778
47200,65.10578846931458,63.47914159297943
47300,65.25026112794876,63.800837993621826
47400,65.53874903917313,63.55825424194336
47500,65.39233243465424,63.475579023361206
47600,65.44160801172256,63.35702300071716
47700,65.52667647600174,64.47627007961273
47800,65.52810621261597,63.17132651805878
47900,65.59039914608002,63.595088720321655
48000,64.4933186173439,62.48302638530731
48100,65.46387773752213,65.01321613788605
48200,65.60510390996933,63.96961569786072
48300,65.86262226104736,64.04962480068207
48400,65.4227386713028,64.26020205020905
48500,65.60821658372879,63.652851581573486
48600,65.56064665317535,63.79550814628601
48700,64.67905449867249,62.62562572956085
48800,65.39925050735474,63.620097041130066
48900,66.13485890626907,63.77420365810394
49000,65.31175082921982,62.931166887283325
49100,65.30577880144119,63.66471886634827
49200,65.39366114139557,63.12849700450897
49300,65.71930319070816,64.42470848560333
49400,65.75091469287872,64.24521386623383
49500,65.3875139951706,63.790955543518066
49600,65.58026498556137,63.66305887699127
49700,65.55517536401749,63.62524330615997
49800,65.6743106842041,63.682865500450134
49900,65.44151479005814,63.52745711803436
50000,66.0851686000824,64.96912121772766
50100,65.78606623411179,63.44551682472229
50200,64.89874619245529,63.37709426879883
50300,65.44726490974426,63.95235538482666
50400,65.3111224770546,63.46252620220184
50500,65.46915298700333,63.60109210014343
50600,64.45613092184067,63.253148794174194
50700,65.06149208545685,64.03094589710236
50800,65.80536317825317,64.48988020420074
50900,65.66485327482224,63.60336780548096
51000,64.98984009027481,63.22421133518219
51100,64.81851518154144,63.3586460351944
51200,65.40762943029404,64.02126014232635
51300,65.40725439786911,63.9206737279892
51400,65.37750262022018,64.23821210861206
51500,65.76071578264236,63.32580924034119
51600,64.94781512022018,63.93912315368652
51700,65.00204956531525,63.32899749279022
51800,65.27964866161346,63.310508131980896
51900,65.48336321115494,63.450984954833984
52000,64.97985756397247,62.65269756317139
52100,65.3856372833252,63.72831344604492
52200,65.3170520067215,63.18033993244171
52300,65.6289894580841,64.39996123313904
52400,65.59125572443008,63.76620292663574
52500,64.95556265115738,63.07761490345001
52600,65.5683564543724,63.871052861213684
52700,65.66217118501663,64.40966129302979
52800,65.39240622520447,64.3365228176117
52900,65.73016428947449,63.565144538879395
53000,65.77024692296982,64.44013893604279
53100,65.74260431528091,63.00009250640869
53200,65.46525228023529,63.66646647453308
53300,65.07337838411331,63.92105281352997
53400,65.52493125200272,64.01397049427032
53500,65.43251121044159,64.32045102119446
53600,65.67585062980652,64.6058988571167
53700,64.75697815418243,62.22119629383087
53800,65.43374460935593,63.593584299087524
53900,65.63078737258911,63.902225494384766
54000,65.1900178194046,63.40222239494324
54100,65.70715767145157,63.78289997577667
54200,64.99970650672913,63.770259618759155
54300,65.53537791967392,64.24552500247955
54400,65.56778073310852,64.07935976982117
54500,65.48169082403183,63.794564604759216
54600,65.5756686925888,63.82335066795349
54700,65.44832003116608,64.68974888324738
54800,65.65188425779343,63.75178337097168
54900,64.90300869941711,62.70612359046936
55000,64.89360022544861,63.196839690208435
55100,65.36776977777481,64.1726016998291
55200,64.9977702498436,63.64437699317932
55300,65.29781275987625,63.356433510780334
55400,65.09551322460175,62.978055477142334
55500,64.80856204032898,63.83778750896454
55600,65.48386758565903,63.890522718429565
55700,65.03916019201279,63.420382142066956
55800,65.55535554885864,63.95306050777435
55900,64.92701190710068,62.94096648693085
56000,65.1237940788269,64.48598206043243
56100,65.2491192817688,63.703821301460266
56200,65.37470489740372,64.38540816307068
56300,64.9069030880928,62.82460629940033
56400,65.2318006157875,63.81941616535187
56500,65.3863850235939,63.59442174434662
56600,65.35913616418839,63.550803661346436
56700,65.33633917570114,62.75944173336029
56800,65.43663829565048,63.39472413063049
56900,65.54265862703323,64.34031248092651
57000,65.42486542463303,62.88535475730896
57100,65.2797172665596,63.927624225616455
57200,65.2907065153122,63.54354977607727
57300,65.34137481451035,63.40888500213623
57400,65.45814543962479,63.65338087081909
57500,65.17134362459183,63.32711458206177
57600,64.96708101034164,63.22097957134247
57700,65.18675255775452,63.78766477108002
57800,65.76841086149216,63.99248540401459
57900,65.93981528282166,63.46249759197235
58000,65.27754670381546,64.04617726802826
58100,64.929558634758,63.610867857933044
58200,64.91024893522263,62.310699820518494
58300,65.3903666138649,64.00790989398956
58400,65.9899913072586,63.88530194759369
58500,65.47182136774063,63.63521993160248
58600,65.10294437408447,63.92174184322357
58700,65.61435776948929,64.21099603176117
58800,65.58045428991318,63.72658848762512
58900,65.19885689020157,63.11127245426178
59000,65.52678632736206,63.789525628089905
59100,65.01722592115402,62.69861161708832
59200,64.91914182901382,63.527077436447144
59300,64.93652552366257,63.35383594036102
59400,64.98210060596466,63.077592253685
59500,65.26328355073929,64.23344254493713
59600,65.18134939670563,63.97981643676758
59700,65.33391976356506,64.01816368103027
59800,64.95553058385849,63.53235483169556
59900,65.2158716917038,63.346962332725525
60000,64.81328803300858,63.64154756069183
60100,65.77725553512573,64.68522727489471
60200,65.56355941295624,64.59221065044403
60300,65.69598180055618,63.71123492717743
60400,65.89304268360138,63.923808336257935
60500,64.74889206886292,62.81001806259155
60600,64.58447831869125,62.75185763835907
60700,64.41598236560822,63.1216025352478
60800,65.07968086004257,63.925368785858154
60900,65.51570743322372,63.53724241256714
61000,65.17009270191193,63.545589447021484
61100,65.55993527173996,63.489587903022766
61200,64.60987097024918,63.29007148742676
61300,65.20624905824661,62.79143214225769
61400,65.13746386766434,64.01934444904327
61500,65.579410135746,64.13426041603088
61600,65.6643522977829,64.07210171222687
61700,65.42451989650726,63.33739161491394
61800,65.5786669254303,63.75842869281769
61900,65.35964304208755,63.44810247421265
62000,64.96235126256943,63.50420415401459
62100,65.67702376842499,64.44147050380707
62200,65.84726810455322,63.666954040527344
62300,65.09347116947174,63.44361186027527
62400,65.55064851045609,63.933950662612915
62500,65.01320338249207,63.375539779663086
62600,64.59445786476135,62.3401665687561
62700,65.04893553256989,63.5225373506546
62800,65.1217377781868,63.23560655117035
62900,65.2581894993782,64.3228429555893
63000,65.67579936981201,64.96198952198029
63100,65.789481818676,63.89057219028473
63200,65.51929157972336,63.9780330657959
63300,65.28883320093155,62.556883692741394
63400,65.50054425001144,64.20716106891632
63500,65.2352237701416,64.11052763462067
63600,65.54746383428574,63.81552994251251
63700,65.44246709346771,64.47748363018036
63800,65.88368159532547,63.58279526233673
63900,65.48524314165115,63.517077565193176
64000,65.60159021615982,64.94281888008118
64100,65.84949052333832,63.7299644947052
64200,65.62788182497025,64.03777956962585
64300,65.5353798866272,63.65224540233612
64400,65.03457123041153,63.99872362613678
64500,65.21955782175064,63.11629235744476
64600,65.40421998500824,63.63831102848053
64700,66.02403897047043,64.57901060581207
64800,65.36776351928711,63.216994404792786
64900,65.16674482822418,64.78091418743134
65000,65.88575398921967,64.73987102508545
65100,65.36772555112839,63.704217076301575
65200,65.17327636480331,62.70159661769867
65300,65.50606125593185,63.180628418922424
65400,65.20270985364914,63.64721655845642
65500,65.14948779344559,63.95496070384979
65600,65.35865992307663,63.0869060754776
65700,64.99372696876526,63.326894640922546
65800,65.15343862771988,63.83156478404999
65900,65.45359873771667,63.92940282821655
66000,65.02596265077591,62.79792904853821
66100,65.68526595830917,63.46325933933258
66200,65.34010756015778,63.86916160583496
66300,65.45067590475082,63.2795387506485
66400,65.61035567522049,63.640533089637756
66500,65.38314038515091,63.363624811172485
66600,65.0218425989151,63.133453130722046
66700,65.06907719373703,62.96280384063721
66800,65.33863478899002,63.804001808166504
66900,65.88407522439957,64.4132947921753
67000,64.95744931697845,63.389301896095276
67100,65.03405636548996,63.45519661903381
67200,65.13956904411316,63.916999101638794
67300,65.93025028705597,63.818681836128235
67400,64.99587547779083,63.1357741355896
67500,65.24193811416626,63.758981227874756
67600,65.31545180082321,64.2134565114975
67700,65.83257842063904,64.26294565200806
67800,65.0134887099266,63.17435264587402
67900,65.35677754878998,63.64323556423187
68000,65.06044882535934,63.13032627105713
68100,65.22910845279694,63.668882846832275
68200,64.83388388156891,64.03829097747803
68300,65.11248409748077,63.27222287654877
68400,65.48014533519745,63.9779394865036
68500,65.46373617649078,64.23139452934265
68600,65.43914312124252,64.6345591545105
68700,65.66636168956757,63.84585678577423
68800,65.35497432947159,64.20610964298248
68900,65.4650793671608,64.05378460884094
69000,65.02328962087631,63.03396284580231
69100,65.13128179311752,64.56862568855286
69200,65.0331859588623,63.6268550157547
69300,65.45231276750565,63.96002650260925
69400,65.76059526205063,63.54752063751221
69500,65.2712031006813,63.59429657459259
69600,64.99307334423065,63.79189670085907
69700,65.364044547081,63.55475425720215
69800,65.42145872116089,63.98359298706055
69900,64.87702476978302,63.05259466171265
70000,65.99690252542496,63.85323166847229
70100,65.75263297557831,64.3506908416748
70200,65.10494607686996,63.0015230178833
70300,65.41859495639801,64.29980039596558
70400,65.34684365987778,63.65113914012909
70500,65.40746766328812,63.483187556266785
70600,65.11137169599533,63.76839816570282
70700,65.28025543689728,63.17237973213196
70800,65.22285729646683,63.292198181152344
70900,65.45270079374313,63.76116931438446
71000,65.69615113735199,62.903016805648804
71100,65.47506135702133,63.64124953746796
71200,65.69532537460327,64.69542026519775
71300,64.8800134062767,62.49995172023773
71400,65.25150954723358,63.81479620933533
71500,65.34102088212967,63.328396677970886
71600,65.284483730793,64.3820458650589
71700,65.29826605319977,63.01229119300842
71800,65.66513204574585,63.50386023521423
71900,65.48506915569305,63.6359167098999
72000,65.20260620117188,63.77153396606445
72100,65.70926374197006,64.0564090013504
72200,65.63953447341919,64.6195262670517
72300,65.67298799753189,63.96066188812256
72400,65.45588231086731,63.72840464115143
72500,65.57306116819382,63.59717011451721
72600,65.52920800447464,63.83975863456726
72700,65.3870342373848,62.92932748794556
72800,65.14071315526962,63.92759621143341
72900,65.41003966331482,64.13823962211609
73000,65.4443855881691,63.90517830848694
73100,65.88260728120804,63.9916729927063
73200,65.39620715379715,64.05956089496613
73300,65.76480203866959,63.16662311553955
73400,65.15159022808075,62.79441833496094
73500,64.92915046215057,62.54435360431671
73600,65.06920605897903,63.58917951583862
73700,65.42220813035965,62.384384870529175
73800,65.64011126756668,63.77392053604126
73900,65.65699607133865,64.09315288066864
74000,65.58069795370102,63.884066343307495
74100,65.36050909757614,63.36184799671173
74200,65.29290789365768,64.40037608146667
74300,65.37456732988358,63.41782093048096
74400,65.69715470075607,64.14795756340027
74500,65.85221844911575,63.37926626205444
74600,65.33312422037125,62.677156925201416
74700,65.29570007324219,64.31112408638
74800,65.56228917837143,63.12530755996704
74900,65.07288253307343,63.26175808906555
75000,65.40525406599045,64.56625759601593
75100,64.78436130285263,62.16855347156525
75200,64.78717929124832,63.606727719306946
75300,65.10853981971741,63.16030144691467
75400,64.97579073905945,63.39296758174896
75500,65.4863793849945,63.415409326553345
75600,65.59963232278824,64.47691857814789
75700,65.80627357959747,64.38114881515503
75800,64.7888365983963,63.31874191761017
75900,65.05797445774078,64.1902893781662
76000,65.64413148164749,63.66539776325226
76100,65.24799919128418,62.454243898391724
76200,64.92766970396042,63.14442992210388
76300,65.17990863323212,63.70488882064819
76400,65.56724745035172,63.43948483467102
76500,65.66935217380524,64.28133189678192
76600,65.42131209373474,63.601309061050415
76700,64.78851526975632,63.09825122356415
76800,65.24864435195923,63.597474694252014
76900,65.40915602445602,63.71182560920715
77000,64.98081684112549,62.973862290382385
77100,64.86498874425888,63.290101289749146
77200,64.63373982906342,63.28839123249054
77300,65.2433078289032,63.996763825416565
77400,65.47535103559494,63.779805302619934
77500,65.82750332355499,64.07549619674683
77600,65.28200089931488,64.12922501564026
77700,65.12657070159912,63.09375286102295
77800,65.23037576675415,64.16735112667084
77900,65.19360548257828,63.37888956069946
78000,65.42627382278442,63.42622220516205
78100,65.37116491794586,64.27022159099579
78200,65.66905510425568,63.75855803489685
78300,65.37292516231537,64.17072832584381
78400,65.52674293518066,63.77734065055847
78500,65.42467850446701,63.41611564159393
78600,65.20584779977798,63.39862108230591
78700,65.72361505031586,65.01286923885345
78800,65.3399618268013,63.250903487205505
78900,65.37493467330933,63.69449198246002
79000,65.31305807828903,63.227888345718384
79100,65.0794706940651,62.8666615486145
79200,65.27602553367615,63.894063234329224
79300,65.28953123092651,63.756500482559204
79400,65.68659502267838,63.94794821739197
79500,65.44210958480835,64.77148413658142
79600,65.42508727312088,63.13268482685089
79700,65.19928789138794,63.80486607551575
79800,65.1900971531868,63.18905770778656
79900,65.61942327022552,64.32341158390045
80000,64.97448885440826,63.222145438194275
80100,65.69262534379959,64.41985845565796
80200,65.55628389120102,63.71589720249176
80300,65.61240565776825,63.45124840736389
80400,65.9244886636734,64.08946633338928
80500,65.48030990362167,63.902127146720886
80600,65.30906796455383,63.41199576854706
80700,65.37443578243256,63.7043559551239
80800,65.87392771244049,64.34378325939178
80900,65.21675473451614,64.01942491531372
81000,65.29333370923996,63.005056381225586
81100,65.21232056617737,63.326793909072876
81200,65.45365172624588,64.21322107315063
81300,65.68728667497635,63.33567798137665
81400,65.63101077079773,63.88280153274536
81500,65.10622602701187,62.93747842311859
81600,65.60141903162003,64.26032185554504
81700,65.32060903310776,63.87767136096954
81800,65.70166546106339,63.865920305252075
81900,65.50992596149445,63.83395791053772
82000,65.67091244459152,64.03926432132721
82100,65.35420799255371,63.81854057312012
82200,65.16959631443024,64.38049018383026
82300,65.61746633052826,63.74050796031952
82400,65.24084550142288,63.39654982089996
82500,65.24575459957123,63.87201368808746
82600,65.36921328306198,63.09221029281616
82700,65.50693935155869,63.75105679035187
82800,65.17054349184036,64.0680718421936
82900,65.43952679634094,64.19758439064026
83000,65.37008100748062,63.16159665584564
83100,64.9309674501419,62.7930611371994
83200,65.66496431827545,63.973745703697205
83300,65.4825609922409,63.57262909412384
83400,64.29174935817719,63.42126905918121
83500,65.37950795888901,63.635737895965576
83600,65.15921556949615,63.669373989105225
83700,65.6312403678894,64.59458827972412
83800,66.0953078866005,63.999669551849365
83900,65.46551620960236,63.48254978656769
84000,65.30178940296173,63.38578641414642
84100,65.62544131278992,63.788262605667114
84200,65.22051620483398,63.666353821754456
84300,65.57796627283096,64.07847464084625
84400,65.55027288198471,63.59569311141968
84500,64.76852589845657,63.259002566337585
84600,65.21564561128616,63.85164558887482
84700,65.43732738494873,63.74888837337494
84800,65.4542538523674,63.71372878551483
84900,65.1258926987648,63.60218644142151
85000,65.24096751213074,63.40225160121918
85100,65.48585015535355,62.69313395023346
85200,65.58215898275375,63.97506594657898
85300,65.05117559432983,63.83532226085663
85400,65.74194568395615,64.53889787197113
85500,65.5305392742157,63.07854890823364
85600,65.14331215620041,62.88148522377014
85700,65.03678822517395,63.02007973194122
85800,65.31971490383148,63.76067817211151
85900,65.4642316699028,64.63891565799713
86000,65.34120166301727,62.981815338134766
86100,65.21699059009552,63.76528978347778
86200,64.98507171869278,63.78502905368805
86300,65.17663669586182,64.7585916519165
86400,65.28593105077744,63.26293408870697
86500,65.14215236902237,63.76564860343933
86600,65.0285416841507,63.32685589790344
86700,65.14565706253052,63.32735538482666
86800,65.58094424009323,63.576067090034485
86900,64.96196746826172,63.779383301734924
87000,64.52593433856964,61.94749712944031
87100,65.01733875274658,64.15078639984131
87200,65.83380275964737,64.2733883857727
87300,65.40312957763672,63.808757066726685
87400,65.46502661705017,64.53118443489075
87500,64.92510837316513,62.72510468959808
87600,64.86481302976608,63.908042311668396
87700,65.17883479595184,63.66909146308899
87800,64.89870321750641,63.06304931640625
87900,65.18824297189713,64.04599249362946
88000,65.33074361085892,63.86436223983765
88100,64.9639265537262,62.95334041118622
88200,65.38858151435852,63.598175048828125
88300,65.26470905542374,63.91077518463135
88400,65.60910522937775,64.00346279144287
88500,65.79117202758789,64.51777756214142
88600,65.09191250801086,63.171879053115845
88700,64.734015583992,61.96162939071655
88800,65.49629807472229,64.40244495868683
88900,65.9229222536087,64.43348467350006
89000,65.6596702337265,65.09298980236053
89100,64.94404822587967,62.77162730693817
89200,65.47924906015396,63.76642465591431
89300,65.06547409296036,63.12891721725464
89400,65.5081216096878,63.67031216621399
89500,65.13452160358429,63.315860629081726
89600,65.37227952480316,64.26233530044556
89700,65.09619218111038,62.70537078380585
89800,65.23168081045151,63.82042109966278
89900,65.05399870872498,64.40693616867065
90000,65.2227035164833,63.36429059505463
90100,65.62167537212372,63.98420870304108
90200,65.92194175720215,64.37372088432312
90300,65.41928654909134,64.09547090530396
90400,65.30008292198181,64.18464243412018
90500,65.33404093980789,63.75987887382507
90600,65.34512388706207,63.84612560272217
90700,65.11227124929428,63.82491111755371
90800,65.23198693990707,63.23058068752289
90900,65.67295271158218,63.55283975601196
91000,65.54462802410126,64.72137689590454
91100,65.34573751688004,63.98801922798157
91200,65.45648658275604,63.7561959028244
91300,64.95260161161423,63.121216893196106
91400,65.09689545631409,63.2991099357605
91500,65.57950532436371,62.94369459152222
91600,64.93281239271164,63.64079475402832
91700,65.50470346212387,64.12661552429199
91800,65.21392917633057,62.497209906578064
91900,64.55909168720245,62.6273638010025
92000,65.21577763557434,64.52330231666565
92100,65.22646653652191,64.09743785858154
92200,66.15440839529037,64.25970077514648
92300,65.1708312034607,63.49094212055206
92400,65.4850400686264,63.89614462852478
92500,65.62013131380081,64.10810112953186
92600,65.35928726196289,63.53504836559296
92700,65.05913078784943,63.77926528453827
92800,65.06816798448563,62.99702346324921
92900,65.55803674459457,63.88756453990936
93000,65.59553629159927,64.23591792583466
93100,65.84675270318985,63.486512303352356
93200,65.62325894832611,63.82206320762634
93300,65.31594371795654,63.48217844963074
93400,65.49275022745132,63.46946656703949
93500,65.24495655298233,63.671329617500305
93600,65.46125340461731,63.07658851146698
93700,65.59557169675827,64.44878160953522
93800,65.31297063827515,64.10083651542664
93900,65.5337278842926,63.39123010635376
94000,65.56510525941849,64.47256684303284
94100,65.60379415750504,63.414472341537476
94200,65.04024422168732,63.55072855949402
94300,65.48533028364182,64.47585940361023
94400,64.80304217338562,62.96389639377594
94500,65.20240777730942,63.16672742366791
94600,65.39936172962189,63.094103932380676
94700,65.831756234169,63.57575714588165
94800,65.16897547245026,63.005298376083374
94900,65.53034180402756,62.99919605255127
95000,65.32923078536987,63.59042406082153
95100,65.48186141252518,63.92545461654663
95200,65.21411573886871,63.489896059036255
95300,65.54525065422058,64.26828384399414
95400,65.35609650611877,63.65344166755676
95500,64.97524148225784,63.00214946269989
95600,65.35725510120392,63.709909319877625
95700,65.3737855553627,63.77052962779999
95800,65.38291323184967,63.29264998435974
95900,64.87579047679901,64.09824013710022
96000,65.72880506515503,64.12371337413788
96100,65.41041731834412,63.26178729534149
96200,65.20634686946869,63.31426382064819
96300,65.74153250455856,63.94375145435333
96400,65.7405618429184,63.36324691772461
96500,64.89593529701233,64.08434450626373
96600,65.3125182390213,63.90992224216461
96700,65.62725991010666,64.55303013324738
96800,65.89372664690018,63.62524211406708
96900,65.38114476203918,63.75276207923889
97000,65.30762112140656,63.37348461151123
97100,64.97706735134125,63.428369760513306
97200,65.26893085241318,62.97763407230377
97300,64.79795545339584,63.395447731018066
97400,64.78030681610107,63.53222131729126
97500,65.3999171257019,63.475454449653625
97600,65.32265710830688,63.286277651786804
97700,65.50490802526474,63.550390005111694
97800,65.3986257314682,64.11320865154266
97900,65.22012555599213,64.00701403617859
98000,65.5607522726059,63.97847592830658
98100,65.74771356582642,64.48851644992828
98200,65.65514415502548,63.68807852268219
98300,65.60520958900452,63.583770394325256
98400,65.25969284772873,63.34048271179199
98500,65.23721081018448,62.94490337371826
98600,65.21887272596359,63.62722039222717
98700,65.02918034791946,63.50865423679352
98800,64.98812717199326,63.27541947364807
98900,65.03991490602493,62.56771981716156
99000,65.48967063426971,64.60278511047363
99100,65.64545530080795,63.334060311317444
99200,64.80526840686798,63.73577415943146
99300,65.89453041553497,64.18869614601135
99400,65.26010167598724,63.07142734527588
99500,65.16797816753387,62.87989675998688
99600,64.85397905111313,63.82794976234436
99700,65.53482311964035,63.314998149871826
99800,65.11887645721436,63.1862473487854
99900,65.31699067354202,63.786104917526245
100000,65.08855450153351,63.544472455978394
100100,65.26766872406006,62.75116503238678
100200,64.98762029409409,63.33395719528198
100300,65.31481403112411,63.87276113033295
100400,65.54815745353699,63.75621855258942
100500,65.95990949869156,64.1481602191925
100600,65.53174239397049,63.59135985374451
100700,64.75642013549805,62.729825377464294
100800,65.31203407049179,62.474164962768555
100900,65.16853749752045,63.663877844810486
101000,64.84478515386581,62.67226576805115
101100,65.29671275615692,63.43362212181091
101200,64.77419447898865,61.9243448972702
101300,65.12313514947891,62.623536586761475
101400,64.97156125307083,63.21018397808075
101500,64.87397128343582,63.180736899375916
101600,64.94430673122406,63.332645297050476
101700,65.43266052007675,63.57757568359375
101800,65.28231829404831,63.6634624004364
101900,65.52553582191467,63.5215950012207
102000,64.92145222425461,63.20503354072571
102100,65.59219825267792,63.910619616508484
102200,65.63538253307343,63.31874907016754
102300,65.35843062400818,64.04762327671051
102400,65.72869575023651,63.755666613578796
102500,65.12331253290176,63.10754358768463
102600,64.84094339609146,62.50324070453644
102700,65.36031121015549,63.81839096546173
102800,65.91287469863892,64.58045899868011
102900,65.88590377569199,64.35021996498108
103000,64.69720524549484,63.53504300117493
103100,64.97170203924179,62.91361391544342
103200,64.80598789453506,63.41235160827637
103300,65.27650308609009,64.11276042461395
103400,65.53691047430038,63.048548102378845
103500,65.35403037071228,64.51807737350464
103600,65.17693984508514,62.80546844005585
103700,64.8541978597641,63.62397611141205
103800,65.07942551374435,63.296313881874084
103900,65.54931628704071,64.5182591676712
104000,65.14118582010269,63.62741768360138
104100,65.59787625074387,63.605817556381226
104200,65.62571114301682,64.96483325958252
104300,65.60960340499878,63.966418504714966
104400,64.87573182582855,62.90449500083923
104500,65.24163115024567,63.857585191726685
104600,65.75048619508743,63.78132462501526
104700,65.22221791744232,62.87832021713257
104800,65.66440564393997,63.23819875717163
104900,65.38786858320236,64.1697233915329
105000,65.53143358230591,63.641636967659
105100,65.78367686271667,63.81703197956085
105200,65.6548364162445,63.257232308387756
105300,65.51905560493469,63.80083441734314
105400,65.64657014608383,63.962634801864624
105500,65.31482011079788,63.19779634475708
105600,65.43384486436844,63.10973584651947
105700,65.13499563932419,63.559250831604004
105800,65.15859419107437,63.58479976654053
105900,65.55550622940063,63.48402976989746
106000,65.88309055566788,64.73134696483612
106100,65.38641953468323,64.2467612028122
106200,65.60358208417892,63.34156692028046
106300,64.83669584989548,63.50274443626404
106400,65.66547858715057,63.63424360752106
106500,64.87864774465561,63.2874059677124
106600,65.35513526201248,63.857226967811584
106700,65.5464905500412,62.99564003944397
106800,65.20970302820206,63.96162927150726
106900,64.95704966783524,63.75145435333252
107000,64.92881453037262,63.292354345321655
107100,65.62274104356766,63.86510729789734
107200,64.95886957645416,64.12696897983551
107300,65.38509261608124,63.91219615936279
107400,65.33283191919327,63.632407784461975
107500,65.29892748594284,63.538196086883545
107600,65.41974228620529,63.94078493118286
107700,65.29054635763168,64.68938767910004
107800,65.6379165649414,63.520174622535706
107900,65.03763854503632,63.58895003795624
108000,65.42042183876038,62.89643347263336
108100,65.65508192777634,62.72681772708893
108200,65.41752922534943,64.2514157295227
108300,65.05078083276749,63.42863142490387
108400,65.88269680738449,64.62976574897766
108500,65.32320582866669,63.99585247039795
108600,65.87643754482269,63.731616735458374
108700,65.08723896741867,63.119112849235535
108800,65.112722158432,62.94493317604065
108900,65.53483510017395,63.90451967716217
109000,65.26089930534363,63.89207482337952
109100,64.84568464756012,62.41187930107117
109200,65.20061492919922,64.50741291046143
109300,65.7891800403595,64.16917204856873
109400,64.92925375699997,63.11211287975311
109500,64.89409971237183,63.11684310436249
109600,65.8167974948883,63.73008668422699
109700,65.42467874288559,63.22260141372681
109800,65.29663550853729,64.19814229011536
109900,64.84596925973892,62.902798652648926
110000,65.34965497255325,63.30499291419983
110100,65.67180043458939,64.56233620643616
110200,65.15238177776337,63.09641420841217
110300,65.41006177663803,63.905377984046936
110400,65.3672793507576,64.06752228736877
110500,65.1845291852951,64.32441234588623
110600,65.38189911842346,63.12522649765015
110700,65.20003533363342,63.169554471969604
110800,65.23220026493073,63.52827310562134
110900,65.78604799509048,63.7063068151474
111000,65.39697295427322,63.69043171405792
111100,64.93192064762115,63.786559104919434
111200,64.89051234722137,62.859432101249695
111300,64.91081827878952,63.43109846115112
111400,65.11119717359543,62.227155566215515
111500,64.76722502708435,63.074049949645996
111600,65.43836963176727,63.84632766246796
111700,65.4304239153862,63.21570694446564
111800,65.05954945087433,63.1285160779953
111900,65.1542421579361,63.37471902370453
112000,65.19485151767731,63.30299377441406
112100,65.5401531457901,63.87196600437164
112200,65.22870624065399,63.97435247898102
112300,65.25924390554428,62.76775777339935
112400,64.46244686841965,62.3152619600296
112500,64.73605984449387,63.564059138298035
112600,65.50840944051743,64.28077936172485
112700,65.79069352149963,64.43335175514221
112800,65.34674793481827,62.93648719787598
112900,65.07458883523941,63.02937567234039
113000,65.57540267705917,63.58856022357941
113100,65.13768738508224,63.33443522453308
113200,65.418909907341,64.19387459754944
113300,65.75856292247772,63.62907886505127
113400,65.56077170372009,63.99267256259918
113500,65.22532683610916,63.28294813632965
113600,65.23177647590637,63.098533153533936
113700,65.39542019367218,64.36443507671356
113800,65.46699231863022,63.1533819437027
113900,65.56310939788818,64.26901757717133
114000,65.94036614894867,63.68997395038605
114100,65.75597935914993,64.98238921165466
114200,65.20744687318802,63.567606806755066
114300,65.15950441360474,63.999807238578796
114400,65.7067044377327,63.663177490234375
114500,65.17267733812332,63.300655484199524
114600,65.54202443361282,64.10579323768616
114700,65.02061998844147,64.22447502613068
114800,65.46113163232803,62.65725374221802
114900,64.70600199699402,62.418930530548096
115000,65.62676000595093,64.20486688613892
115100,64.94211399555206,63.36700975894928
115200,65.1394516825676,63.713093996047974
115300,65.34825086593628,63.895869851112366
115400,65.14884144067764,63.11033248901367
115500,64.88769900798798,63.47392439842224
115600,65.45844167470932,63.546045422554016
115700,65.29204881191254,63.34799289703369
115800,65.1980150938034,64.54388618469238
115900,65.05634266138077,63.000282645225525
116000,65.6531788110733,64.12017822265625
116100,65.9388747215271,63.30607891082764
116200,65.697245657444,63.214659690856934
116300,65.14855414628983,62.583553194999695
116400,65.63723427057266,64.48632419109344
116500,65.23148995637894,63.301876187324524
116600,65.46234768629074,63.88412833213806
116700,65.47499966621399,63.59829843044281
116800,65.35121285915375,64.04247105121613
116900,65.55221962928772,64.52638626098633
117000,65.22509342432022,63.616143465042114
117100,64.93948042392731,62.679263949394226
117200,65.65873622894287,64.27405655384064
117300,65.92950969934464,63.777257204055786
117400,64.91812521219254,63.45888435840607
117500,65.41453236341476,63.51033389568329
117600,65.70029944181442,63.017458319664
117700,65.34528648853302,64.37789261341095
117800,65.44383102655411,63.92710506916046
117900,65.92211484909058,64.78107750415802
118000,65.73142337799072,63.37449312210083
118100,65.53451371192932,64.29535925388336
118200,65.75802493095398,64.09441232681274
118300,65.59724849462509,63.2070130109787
118400,65.33541524410248,63.53096008300781
118500,65.55731213092804,63.29188108444214
118600,64.7665085196495,63.33906292915344
118700,65.00252848863602,63.850523233413696
118800,65.27846270799637,63.751824498176575
118900,64.94179707765579,62.610605359077454
119000,64.90716081857681,63.08047294616699
119100,65.02067023515701,63.785874247550964
119200,65.49930268526077,64.83270347118378
119300,65.38234663009644,65.08424818515778
119400,65.55046766996384,63.95389914512634
119500,65.20976173877716,63.88123691082001
119600,64.7315182685852,62.419912219047546
119700,65.56628596782684,63.85580599308014
119800,65.83252131938934,64.30789172649384
119900,65.32640486955643,63.35219979286194
120000,64.80056005716324,62.75856077671051
120100,65.09032481908798,63.265814781188965
120200,65.33958572149277,64.69484567642212
120300,65.65379095077515,63.378838896751404
120400,65.17619496583939,63.09739172458649
120500,65.23613876104355,64.21302199363708
120600,65.80438435077667,64.66481864452362
120700,65.24235564470291,63.72896492481232
120800,65.59100496768951,63.70880663394928
120900,64.8756377696991,63.53368520736694
121000,65.04301917552948,62.27178990840912
121100,65.02084511518478,63.67240369319916
121200,65.40002155303955,63.077852725982666
121300,65.41639804840088,63.955729603767395
121400,65.38156121969223,62.80639708042145
121500,65.04560589790344,63.8372927904129
121600,65.26399105787277,63.837615847587585
121700,65.3547773361206,63.39098870754242
121800,65.37390398979187,64.31434869766235
121900,65.39913928508759,63.613412380218506
122000,65.0664581656456,63.71314585208893
122100,65.67797499895096,64.44705188274384
122200,65.08952790498734,62.90033757686615
122300,65.56919378042221,63.72384548187256
122400,65.12083929777145,64.25501644611359
122500,65.82417172193527,64.47964549064636
122600,65.27578336000443,62.80200779438019
122700,65.25953620672226,64.04805660247803
122800,65.25228977203369,62.71213948726654
122900,65.54662412405014,64.35856103897095
123000,65.60594636201859,63.31539809703827
123100,65.37598222494125,63.95137667655945
123200,65.68667978048325,62.8178209066391
123300,64.91480773687363,63.64763140678406
123400,65.32373529672623,63.503979444503784
123500,65.36184668540955,63.171594738960266
123600,65.18594640493393,63.61392676830292
123700,64.84666913747787,63.479350209236145
123800,65.35951554775238,64.24973249435425
123900,65.53811126947403,63.436906933784485
124000,65.67031168937683,63.966805934906006
124100,65.36306577920914,63.98974001407623
124200,64.84363895654678,62.31656014919281
124300,65.52173459529877,64.29716944694519
124400,65.34435933828354,62.74295270442963
124500,65.267549097538,64.41660583019257
124600,65.520947098732,63.505574464797974
124700,65.36581152677536,63.285818696022034
124800,65.20128321647644,64.35611546039581
124900,65.7435582280159,63.79724681377411
125000,64.94188088178635,63.51024389266968
125100,65.17257833480835,62.527605295181274
125200,65.69550222158432,64.85561728477478
125300,65.29898482561111,63.55272710323334
125400,65.41440069675446,64.00097906589508
125500,65.23633337020874,63.71591031551361
125600,65.399897813797,63.33005726337433
125700,64.81937664747238,63.792884349823
125800,65.45314741134644,63.954254388809204
125900,65.30721360445023,64.11996185779572
126000,65.89618235826492,64.07480418682098
126100,65.6248282790184,63.73948335647583
126200,65.55289620161057,63.76793682575226
126300,65.41576379537582,64.37979817390442
126400,65.3853372335434,63.461588621139526
126500,65.20534062385559,64.10743057727814
126600,65.4955267906189,63.860384821891785
126700,65.41061091423035,63.23863685131073
126800,64.574003636837,63.19731414318085
126900,65.36407101154327,64.14688885211945
127000,65.04464280605316,63.16269814968109
127100,65.53842884302139,64.6517163515091
127200,65.39603811502457,63.33116173744202
127300,65.55752122402191,64.2706298828125
127400,65.49272340536118,62.968098521232605
127500,64.98376423120499,64.12700772285461
127600,65.69022709131241,63.39003801345825
127700,65.00011932849884,62.618571519851685
127800,64.85294204950333,63.67778301239014
127900,65.02618998289108,63.92199099063873
128000,66.02586132287979,64.52206611633301
128100,65.17101919651031,63.55392634868622
128200,65.26060861349106,63.57100069522858
128300,65.17609816789627,62.8576922416687
128400,65.20155411958694,63.58128011226654
128500,65.16047406196594,63.09586763381958
128600,65.25113189220428,63.85465204715729
128700,65.08645683526993,63.509233593940735
128800,65.5208967924118,64.16032433509827
128900,65.28812527656555,63.64105045795441
129000,65.03742855787277,63.880409598350525
129100,65.25867336988449,63.52165162563324
129200,65.4714350104332,63.205806612968445
129300,64.93611538410187,64.1054755449295
129400,65.70463061332703,64.08853232860565
129500,65.17250847816467,63.000282645225525
129600,64.99242705106735,63.1225711107254
129700,65.35636329650879,63.49327325820923
129800,65.26046371459961,62.19622790813446
129900,65.0332847237587,63.38500797748566
130000,65.08642119169235,62.85944998264313
130100,65.01725643873215,63.61043572425842
130200,65.32520401477814,62.79736042022705
130300,65.34314316511154,63.210336565971375
130400,64.88437104225159,63.15040171146393
130500,65.19397330284119,64.18481707572937
130600,65.36730468273163,63.33402752876282
130700,65.24321728944778,62.946438789367676
130800,65.2977277636528,63.73432755470276
130900,64.89283818006516,62.50928342342377
131000,65.29319179058075,64.23281967639923
131100,65.64324980974197,63.92206609249115
131200,65.53521883487701,64.05753016471863
131300,65.5180476307869,63.57626259326935
131400,65.43779653310776,63.03219556808472
131500,65.30904757976532,63.4373414516449
131600,65.52558034658432,63.93758296966553
131700,65.46195727586746,63.73184084892273
131800,65.31567198038101,63.20353388786316
131900,65.39638710021973,63.736679553985596
132000,65.2265437245369,64.34038281440735
132100,65.54883766174316,63.53049099445343
132200,65.58507800102234,64.04737949371338
132300,65.35934793949127,63.679680824279785
132400,65.85785585641861,65.00879764556885
132500,65.61432594060898,63.66213142871857
132600,65.10635566711426,63.90339970588684
132700,65.19637560844421,62.82718360424042
132800,65.10726863145828,63.64247679710388
132900,65.03549629449844,63.14482927322388
133000,65.30530846118927,64.03895854949951
133100,64.88799369335175,62.46300399303436
133200,65.181427359581,63.57615828514099
133300,65.5904530286789,64.21602308750153
133400,65.72763311862946,64.43822860717773
133500,64.96376061439514,62.23570108413696
133600,65.61073166131973,64.81598138809204
133700,66.19806361198425,64.53570485115051
133800,65.4128674864769,62.9723060131073
133900,65.13335537910461,62.91780471801758
134000,65.13272148370743,63.634312748909
134100,65.57759469747543,63.04041504859924
134200,65.4001384973526,64.15719628334045
134300,64.76207613945007,63.538326025009155
134400,65.04423642158508,62.81493365764618
134500,65.03672105073929,64.4132786989212
134600,65.01780956983566,62.32404589653015
134700,65.15816396474838,63.363773226737976
134800,65.47206974029541,63.52420270442963
134900,65.02485793828964,63.683942556381226
135000,64.87192767858505,63.829726576805115
135100,65.64967906475067,64.2032116651535
135200,65.76983481645584,63.600152134895325
135300,65.7048870921135,63.87027323246002
135400,65.1080037355423,62.53514766693115
135500,65.69509500265121,63.81975769996643
135600,65.47740685939789,63.248316049575806
135700,65.04808789491653,63.802977204322815
135800,65.7451291680336,63.365970849990845
135900,64.96484363079071,63.24285566806793
136000,65.80188125371933,64.68341290950775
136100,65.39891666173935,63.407047390937805
136200,65.21853250265121,63.477988839149475
136300,65.03628903627396,63.589884638786316
136400,65.1692276597023,64.1898763179779
136500,65.0988981127739,63.40182304382324
136600,65.47985500097275,64.4708502292633
136700,66.06168192625046,65.73035478591919
136800,65.65297466516495,62.511221170425415
136900,64.93401145935059,62.904683351516724
137000,65.2650095820427,64.98272001743317
137100,65.30080807209015,63.238866329193115
137200,64.80435067415237,63.135701417922974
137300,65.19581562280655,63.633992075920105
137400,65.67768794298172,64.33282911777496
137500,64.82425779104233,62.897228598594666
137600,64.8965208530426,63.5981822013855
137700,65.08633983135223,62.825050354003906
137800,64.57937890291214,63.30079913139343
137900,65.47950237989426,64.0451991558075
138000,65.43918132781982,63.29962432384491
138100,65.38795119524002,63.33112120628357
138200,65.14068156480789,62.22712576389313
138300,65.32197374105453,63.12654912471771
138400,65.02075833082199,64.01174545288086
138500,65.04048311710358,63.327850103378296
138600,65.4665556550026,63.41755449771881
138700,65.10994279384613,62.69234657287598
138800,65.61730551719666,63.953003883361816
138900,65.59692060947418,64.03032720088959
139000,65.49533194303513,63.40003848075867
139100,65.42621624469757,62.892122864723206
139200,65.4163606762886,63.3399772644043
139300,64.8544796705246,62.24686563014984
139400,65.58881777524948,63.565983176231384
139500,65.09002482891083,62.526002526283264
139600,65.16496896743774,63.960325717926025
139700,65.35367518663406,63.318002223968506
139800,65.30613178014755,62.57655620574951
139900,65.37805956602097,63.77275764942169
140000,65.20365726947784,63.91926884651184
140100,65.42982584238052,63.84750723838806
140200,66.02603644132614,64.40245687961578
140300,65.38467735052109,63.02188336849213
140400,64.91263556480408,62.539693117141724
140500,65.05388110876083,63.65876019001007
140600,65.35411673784256,64.24421072006226
140700,65.53711891174316,63.255014419555664
140800,65.58269226551056,63.68658781051636
140900,65.41128104925156,64.3907356262207
141000,65.31632435321808,62.84660577774048
141100,65.27800112962723,63.31592500209808
141200,65.31782931089401,63.624558448791504
141300,64.80908298492432,62.80869245529175
141400,64.93781000375748,62.89297342300415
141500,65.72178357839584,63.97428512573242
141600,65.00163316726685,63.673089146614075
141700,65.35188615322113,64.64142501354218
141800,65.47405934333801,63.99906873703003
141900,65.08383709192276,63.43832850456238
142000,64.28978192806244,62.8437864780426
142100,65.06887257099152,64.0153306722641
142200,65.7989991903305,64.48153018951416
142300,64.93514603376389,62.41706192493439
142400,65.11908495426178,63.446669578552246
142500,65.90070968866348,64.94399726390839
142600,65.63091969490051,63.65282654762268
142700,65.35403805971146,64.37924683094025
142800,65.41370451450348,63.30130338668823
142900,65.24087846279144,62.94061362743378
143000,65.72518461942673,64.56159353256226
143100,65.90230506658554,63.96876335144043
143200,65.78620022535324,63.596431612968445
143300,65.94810581207275,63.849276304244995
143400,65.29100281000137,63.630003333091736
143500,65.08288735151291,63.74488711357117
143600,65.23646283149719,62.71005094051361
143700,64.44438827037811,62.90427088737488
143800,65.38380372524261,63.48649084568024
143900,65.46310299634933,64.57692384719849
144000,65.54436230659485,63.89371156692505
144100,65.50405794382095,63.4571099281311
144200,65.20792239904404,63.89429450035095
144300,65.53144121170044,63.66492807865143
144400,65.53066283464432,63.90080392360687
144500,65.23140209913254,64.39585864543915
144600,65.73742032051086,63.97561848163605
144700,65.3705118894577,64.13932740688324
144800,64.70497643947601,63.289233446121216
144900,64.8934131860733,63.01935851573944
145000,65.2211332321167,64.00551557540894
145100,65.28656679391861,63.51234257221222
145200,65.39307713508606,63.15950870513916
145300,65.78767502307892,63.909523487091064
145400,64.98110669851303,62.7313894033432
145500,64.43788844347,63.48556160926819
145600,64.73457944393158,62.9454380273819
145700,64.62121939659119,63.24669420719147
145800,64.93166303634644,63.10755729675293
145900,65.3414779305458,63.43426704406738
146000,65.32506811618805,63.89323890209198
146100,65.777019739151,64.7197675704956
146200,65.6907947063446,64.27519142627716
146300,64.82435292005539,62.54689693450928
146400,65.17176330089569,63.096768260002136
146500,65.36736530065536,63.39163661003113
146600,65.28555262088776,63.797802329063416
146700,65.61331236362457,63.68646860122681
146800,64.90753829479218,64.0574461221695
146900,65.33717226982117,63.99339318275452
147000,65.75746709108353,64.34174597263336
147100,65.24872106313705,63.53706181049347
147200,65.21173977851868,63.84712040424347
147300,65.43202149868011,63.78510773181915
147400,65.43202990293503,63.37707161903381
147500,64.80245667695999,62.87030279636383
147600,65.22432792186737,64.11916434764862
147700,65.95497554540634,64.25181031227112
147800,66.00961685180664,64.27365839481354
147900,65.44647735357285,63.597084283828735
148000,65.2333248257637,63.13346743583679
148100,65.51259434223175,64.49114501476288
148200,65.45508700609207,63.929046392440796
148300,65.15504002571106,63.4221488237381
148400,65.3714742064476,64.05829131603241
148500,65.83852416276932,63.77676784992218
148600,65.82804518938065,64.49441194534302
148700,65.5820027589798,63.50991487503052
148800,65.33910447359085,63.73938500881195
148900,65.48807781934738,64.7094064950943
149000,65.50096273422241,64.18710470199585
149100,65.46741563081741,63.04341912269592
149200,65.28771138191223,63.23061943054199
149300,65.1056877374649,63.05403649806976
149400,65.2161049246788,63.48049879074097
149500,65.33401662111282,63.46996068954468
149600,65.26033961772919,62.758803367614746
149700,65.2224497795105,64.7824501991272
149800,65.56613689661026,63.7069296836853
149900,65.113760471344,63.27126443386078
150000,64.91439259052277,63.29136669635773
150100,65.5944584608078,63.71218264102936
150200,65.64945286512375,63.46865236759186
150300,65.27620816230774,63.62344205379486
150400,65.24402970075607,63.75473380088806
150500,65.48405200242996,63.843451142311096
150600,65.58402705192566,63.10682475566864
150700,64.835797727108,63.01450073719025
150800,65.28647166490555,63.470478653907776
150900,65.80424308776855,64.79413747787476
151000,65.67478406429291,63.312262296676636
151100,65.38422751426697,63.92584502696991
151200,65.21396481990814,63.098318576812744
151300,65.34813845157623,64.11835551261902
151400,65.45905524492264,63.71317505836487
151500,65.27218490839005,63.387773633003235
151600,65.43357801437378,63.469661474227905
151700,65.22551655769348,63.570743799209595
151800,65.4171656370163,63.37131202220917
151900,65.5991348028183,63.85812759399414
152000,65.42252153158188,63.503769636154175
152100,65.79283249378204,64.11028504371643
152200,65.54719030857086,63.40995967388153
152300,65.58186519145966,64.03473317623138
152400,65.2201098203659,63.31959426403046
152500,64.9061381816864,63.05501937866211
152600,65.93660748004913,64.34962928295135
152700,65.46783655881882,63.981091380119324
152800,65.40321427583694,63.865728974342346
152900,65.31612056493759,63.69029641151428
153000,65.5148937702179,64.77881252765656
153100,65.97803366184235,63.81376385688782
153200,64.95875757932663,63.005748987197876
153300,65.29053747653961,63.6844402551651
153400,64.75179928541183,62.324525117874146
153500,64.709488093853,63.29604089260101
153600,65.14530122280121,64.14539337158203
153700,65.27432960271835,62.902289032936096
153800,65.12581008672714,63.192545771598816
153900,64.88583666086197,63.66865277290344
154000,65.488061606884,64.12153601646423
154100,65.45959675312042,63.20322394371033
154200,65.51203852891922,64.0399980545044
154300,65.15420013666153,63.72527241706848
154400,64.88519650697708,63.1486451625824
154500,65.31231087446213,64.11957561969757
154600,65.1992415189743,62.55887567996979
154700,64.98493939638138,62.82055974006653
154800,64.7894674539566,64.06504690647125
154900,65.27539229393005,63.9183634519577
155000,65.19380271434784,64.42512571811676
155100,65.76752996444702,63.38372230529785
155200,64.94272321462631,62.9269015789032
155300,65.06945097446442,63.9399254322052
155400,65.53103697299957,64.72466468811035
155500,65.34885507822037,63.6231803894043
155600,65.51745218038559,63.83859872817993
155700,64.79494416713715,63.09397995471954
155800,64.95614981651306,62.48749852180481
155900,65.03570455312729,63.80061745643616
156000,65.30333477258682,64.09318268299103
156100,65.4315996170044,63.98141622543335
156200,65.78998947143555,64.65148389339447
156300,65.93863278627396,64.44493353366852
156400,65.45646065473557,63.16185712814331
156500,65.22274565696716,63.00056457519531
156600,65.17224645614624,63.29517364501953
156700,65.90759998559952,63.952165842056274
156800,65.10296648740768,62.89687097072601
156900,64.6706845164299,63.96447241306305
157000,65.43850243091583,63.305445313453674
157100,64.86778819561005,64.09461915493011
157200,65.75446903705597,63.25949251651764
157300,65.03362041711807,63.26332330703735
157400,65.22866648435593,63.39862763881683
157500,65.16050261259079,63.71792256832123
157600,65.38040858507156,64.23197150230408
157700,65.70498383045197,64.29174065589905
157800,65.63664823770523,64.39250111579895
157900,65.54641562700272,63.730544447898865
158000,65.36911827325821,63.83799910545349
158100,65.05874627828598,63.2706880569458
158200,65.70579332113266,63.69676172733307
158300,65.23885172605515,63.963677287101746
158400,65.84015548229218,64.15824949741364
158500,65.9555914402008,63.6282354593277
158600,65.38328272104263,63.6458158493042
158700,65.08397740125656,63.207693099975586
158800,65.21973794698715,63.90722393989563
158900,65.21222305297852,63.48188638687134
159000,65.80071693658829,63.53183090686798
159100,65.37390673160553,63.567779660224915
159200,65.81388288736343,64.12281095981598
159300,64.51545089483261,62.94732093811035
159400,64.791270673275,63.5983943939209
159500,65.25917917490005,64.33955907821655
159600,65.42846727371216,62.803741097450256
159700,65.24957436323166,64.29420828819275
159800,65.32239198684692,63.830140829086304
159900,65.65153419971466,64.1070008277893
160000,64.97737658023834,63.684751987457275
160100,65.75902140140533,64.81581151485443
160200,65.33935451507568,63.9666086435318
160300,65.3668224811554,64.10219371318817
160400,65.23570477962494,63.31978976726532
160500,65.5016131401062,64.28760588169098
160600,65.08522075414658,62.779908776283264
160700,65.24239981174469,63.89156758785248
160800,65.69342440366745,63.70858550071716
160900,65.3435053229332,63.20609986782074
161000,65.09638845920563,63.92896294593811
161100,65.94932270050049,64.6411007642746
161200,65.3312264084816,63.35678040981293
161300,65.09840071201324,63.44615340232849
161400,65.17902874946594,63.757944107055664
161500,65.51905584335327,63.4293931722641
161600,65.2779570221901,63.21224749088287
161700,65.15368753671646,64.34629142284393
161800,65.08246529102325,62.761258482933044
161900,64.95458710193634,63.149956464767456
162000,65.378388941288,64.09273564815521
162100,65.76023542881012,63.47659111022949
162200,65.33238589763641,62.909860014915466
162300,65.05147165060043,63.01500678062439
162400,65.05058127641678,63.723424077034
162500,65.00828099250793,62.78983652591705
162600,65.48380851745605,63.579285740852356
162700,65.70164036750793,64.01434063911438
162800,65.50765228271484,63.05923402309418
162900,65.60251587629318,64.02851402759552
163000,65.50754678249359,63.86610209941864
163100,65.3914715051651,63.17565441131592
163200,64.68903911113739,62.868813276290894
163300,65.0480488538742,63.731598258018494
163400,65.19671350717545,63.73283863067627
163500,65.05918163061142,63.187469840049744
163600,65.40481913089752,63.90671372413635
163700,65.60690259933472,64.30335402488708
163800,65.34388363361359,64.29525136947632
163900,65.42554819583893,62.753034830093384
164000,64.84715211391449,64.08047199249268
164100,65.256312251091,63.37053120136261
164200,65.21907466650009,63.531954884529114
164300,65.31944763660431,63.55703592300415
164400,65.50236654281616,63.50581467151642
164500,65.71088963747025,63.771424889564514
164600,65.63491940498352,63.8972532749176
164700,65.57095456123352,63.633849024772644
164800,65.43810969591141,62.55410432815552
164900,65.15143513679504,63.37449252605438
165000,65.50506269931793,63.97943437099457
165100,65.32891702651978,63.42024326324463
165200,65.17322105169296,62.838473320007324
165300,65.3362038731575,64.38018321990967
165400,65.3715347647667,63.0817985534668
165500,65.47906285524368,64.08511936664581
165600,65.52268660068512,63.65518093109131
165700,65.40523159503937,64.12906348705292
165800,65.14339745044708,63.76267671585083
165900,65.4998214840889,64.33544218540192
166000,65.64169043302536,63.50348472595215
166100,64.99566274881363,63.3033412694931
166200,64.94745409488678,64.11740362644196
166300,65.00863546133041,62.8517210483551
166400,64.65092295408249,63.64461302757263
166500,65.314238011837,63.399991393089294
166600,65.3539365530014,63.676629066467285
166700,65.69346725940704,63.38019609451294
166800,65.28605389595032,64.033203125
166900,65.840556204319,64.9489688873291
167000,65.65467149019241,63.84763836860657
167100,65.35140353441238,63.27553391456604
167200,65.01953566074371,63.11980366706848
167300,65.59294527769089,63.32900583744049
167400,65.11388278007507,64.0083760023117
167500,65.17650955915451,63.77816319465637
167600,65.50846666097641,64.07890439033508
167700,65.36623954772949,63.22447896003723
167800,65.55977022647858,63.78510653972626
167900,65.30388879776001,63.902522921562195
168000,65.1058458685875,62.34464347362518
168100,65.38133084774017,64.38591957092285
168200,65.57478833198547,62.83521056175232
168300,65.10335844755173,63.19125175476074
168400,64.58779889345169,62.44715392589569
168500,65.06079345941544,63.74533414840698
168600,65.24941062927246,63.71861934661865
168700,65.55808073282242,63.46577703952789
168800,65.35204493999481,63.77660512924194
168900,65.67873150110245,64.39328789710999
169000,65.86153876781464,63.98481011390686
169100,65.67137205600739,64.03178632259369
169200,65.62098807096481,64.00208830833435
169300,65.2026035785675,64.5972603559494
169400,65.81886392831802,64.23253834247589
169500,65.40935325622559,63.843291997909546
169600,65.14159828424454,63.897956013679504
169700,64.98013538122177,63.2880699634552
169800,65.40593576431274,63.959802985191345
169900,65.41752123832703,64.10416543483734
170000,65.21950906515121,63.02889347076416
170100,65.77119880914688,64.9111658334732
170200,65.65851026773453,63.51539134979248
170300,65.58857131004333,63.504637479782104
170400,65.75946062803268,63.36769104003906
170500,65.80003905296326,64.50593411922455
170600,66.02222508192062,64.2655336856842
170700,65.56312090158463,63.97206246852875
170800,65.64931386709213,64.0614503622055
170900,65.12159824371338,62.78134644031525
171000,65.53238421678543,63.28169524669647
171100,65.73988449573517,64.38927471637726
171200,65.72083586454391,64.38037633895874
171300,65.31422680616379,62.98603355884552
171400,65.0186458826065,62.91732668876648
171500,65.25599813461304,64.30878102779388
171600,65.68210780620575,63.459951281547546
171700,64.93617659807205,63.37852716445923
171800,64.98379874229431,63.271737694740295
171900,64.78916102647781,62.56364285945892
172000,65.19637089967728,63.45114707946777
172100,65.01025950908661,62.427045702934265
172200,65.28052216768265,63.861207365989685
172300,64.98113942146301,63.08043420314789
172400,64.99405920505524,63.442901968955994
172500,65.25459760427475,63.207558393478394
172600,65.1606615781784,64.98121321201324
172700,65.93090027570724,63.80392789840698
172800,65.74296748638153,63.88021767139435
172900,65.67297494411469,64.053955078125
173000,65.55346858501434,63.6323082447052
173100,65.2929664850235,64.02382850646973
173200,65.650135576725,64.15737986564636
173300,65.56253749132156,63.97316634654999
173400,65.8483155965805,63.87005805969238
173500,65.60097599029541,63.855074644088745
173600,65.35355699062347,64.35138821601868
173700,65.72777885198593,63.824286460876465
173800,65.26139283180237,64.0238231420517
173900,65.54553246498108,63.15389811992645
174000,65.00082296133041,63.17101836204529
174100,65.12735313177109,62.990142703056335
174200,65.50628888607025,63.7480890750885
174300,65.18653696775436,63.195281624794006
174400,65.5038834810257,63.64964842796326
174500,65.61354571580887,64.35220897197723
174600,65.10570812225342,63.52365255355835
174700,64.93968749046326,63.50344002246857
174800,65.14831244945526,63.82343232631683
174900,65.28989517688751,63.3200603723526
175000,64.88563942909241,63.343345522880554
175100,65.14193612337112,63.6963951587677
175200,65.51401311159134,63.47881853580475
175300,65.37826454639435,63.02059829235077
175400,65.85727679729462,63.27859401702881
175500,65.42322146892548,62.86309361457825
175600,64.72790414094925,62.57212996482849
175700,65.31442338228226,63.311687707901
175800,65.30487513542175,63.93654227256775
175900,65.2859879732132,62.54221856594086
176000,65.04201281070709,63.062297105789185
176100,65.11518615484238,64.17040288448334
176200,64.59636068344116,62.059218883514404
176300,65.21227049827576,63.20215940475464
176400,64.95668482780457,63.49215090274811
176500,65.41147488355637,63.457836508750916
176600,64.96560275554657,63.48401725292206
176700,65.2424663901329,63.553786277770996
176800,65.66150736808777,63.75933825969696
176900,65.71438497304916,62.95043170452118
177000,65.12371355295181,63.20032775402069
177100,65.51456505060196,64.28135097026825
177200,64.94517940282822,62.41124749183655
177300,65.39032566547394,63.58127415180206
177400,65.11659002304077,63.771811723709106
177500,65.17887479066849,63.67948532104492
177600,65.27109444141388,63.65242302417755
177700,65.60908454656601,63.72702360153198
177800,65.66151601076126,63.822965025901794
177900,65.2212952375412,63.38174104690552
178000,65.28972917795181,63.67606699466705
178100,65.31229960918427,63.45822036266327
178200,65.4298021197319,64.04174625873566
178300,65.25083011388779,62.90307343006134
178400,65.20657879114151,63.37830066680908
178500,65.24163371324539,63.64528000354767
178600,65.28745806217194,63.83492588996887
178700,65.91136276721954,64.68053936958313
178800,65.12621092796326,63.540223836898804
178900,65.12670862674713,63.1317412853241
179000,64.68257850408554,63.15739333629608
179100,65.19428193569183,63.58729839324951
179200,65.33376508951187,62.846755385398865
179300,65.66087120771408,64.03966188430786
179400,65.59601587057114,63.12289774417877
179500,65.84265166521072,63.45714092254639
179600,65.17181414365768,63.12110781669617
179700,65.2659814953804,62.82508432865143
179800,64.46398919820786,63.44885051250458
179900,65.2566705942154,63.128891587257385
180000,64.76006507873535,62.89617717266083
180100,64.98731255531311,63.72205436229706
180200,65.59210467338562,64.31289672851562
180300,65.56995874643326,64.09535527229309
180400,65.32056450843811,63.281033635139465
180500,65.07407337427139,63.43783974647522
180600,65.18722850084305,63.7483286857605
180700,65.3775115609169,63.54191720485687
180800,65.05943042039871,63.74255657196045
180900,64.99093878269196,62.845420241355896
181000,65.55884373188019,63.74032914638519
181100,65.32641613483429,63.77042055130005
181200,65.61196488142014,63.786165714263916
181300,65.39461350440979,63.428842425346375
181400,65.64890390634537,63.041401505470276
181500,65.18585354089737,63.749032616615295
181600,65.60050612688065,63.86133313179016
181700,65.75545191764832,64.06797409057617
181800,65.16701191663742,63.241130113601685
181900,65.49881893396378,63.78655672073364
182000,65.58807009458542,63.65831792354584
182100,65.12913012504578,62.99177169799805
182200,64.92671811580658,63.087515234947205
182300,65.10603934526443,63.499406576156616
182400,65.21046352386475,63.71087312698364
182500,65.4581703543663,63.90299439430237
182600,64.84852278232574,64.62062239646912
182700,66.0774455666542,63.35290551185608
182800,65.31645035743713,63.40225279331207
182900,65.21545845270157,63.544543981552124
183000,65.04200780391693,62.52218246459961
183100,64.96372574567795,63.79752159118652
183200,65.49254631996155,64.25032913684845
183300,65.09079837799072,62.816521525382996
183400,65.14994376897812,63.2266891002655
183500,64.62864625453949,62.26648032665253
183600,65.18917512893677,64.15505290031433
183700,65.73886793851852,64.19861614704132
183800,65.48763418197632,63.99056851863861
183900,65.82078546285629,64.47231888771057
184000,65.69396644830704,63.02160620689392
184100,65.11490476131439,63.21877479553223
184200,64.73332506418228,62.91675090789795
184300,64.7888034582138,63.26941788196564
184400,65.46368676424026,64.02440965175629
184500,65.73470944166183,63.38486135005951
184600,65.23141074180603,63.76037240028381
184700,65.02889651060104,63.11122417449951
184800,65.03863054513931,63.731369972229004
184900,64.75015741586685,62.8221994638443
185000,64.88387948274612,63.8869434595108
185100,65.49290239810944,63.86918663978577
185200,65.31750416755676,63.16744327545166
185300,65.10952800512314,64.10487353801727
185400,65.4943510890007,64.01451766490936
185500,65.16847515106201,63.273414969444275
185600,65.44081848859787,63.74971270561218
185700,65.33201217651367,64.33286964893341
185800,65.83535158634186,64.07551050186157
185900,65.4394553899765,64.08695757389069
186000,65.36343848705292,63.18722426891327
186100,64.85135096311569,62.59373188018799
186200,65.31008023023605,63.6579966545105
186300,65.42936772108078,64.55600142478943
186400,65.61461406946182,63.716707825660706
186500,65.15529298782349,63.30718636512756
186600,65.75542449951172,63.964791893959045
186700,65.14964735507965,63.371291160583496
186800,65.70697438716888,64.18279230594635
186900,65.64929783344269,63.88316750526428
187000,65.23300743103027,63.448309898376465
187100,65.24218010902405,63.265390396118164
187200,65.18004006147385,63.743252754211426
187300,65.37363624572754,63.06019484996796
187400,64.98662006855011,62.75443077087402
187500,65.18262034654617,63.169554471969604
187600,65.39922511577606,63.0475640296936
187700,64.93266159296036,62.64917492866516
187800,65.66555523872375,64.02358114719391
187900,64.81833207607269,63.44320476055145
188000,65.06656616926193,63.16559016704559
188100,65.37488514184952,64.21840310096741
188200,65.1119624376297,63.16044092178345
188300,65.58109676837921,64.58811938762665
188400,65.25432646274567,62.67250895500183
188500,65.26943731307983,63.69986116886139
188600,64.78194499015808,63.07733774185181
188700,65.12006217241287,63.3688622713089
188800,65.18949037790298,63.56492102146149
188900,65.4942821264267,64.13178741931915
189000,65.42744839191437,63.82211446762085
189100,64.90998840332031,63.82577121257782
189200,65.6629747748375,64.28691804409027
189300,65.740857899189,63.5086190700531
189400,64.83634775876999,63.27387869358063
189500,65.34757399559021,63.718693256378174
189600,65.32646554708481,64.37100052833557
189700,65.90887099504471,63.91966462135315
189800,65.77033740282059,64.16480660438538
189900,65.22710782289505,62.58230268955231
190000,65.20772117376328,63.81682813167572
190100,65.09095656871796,63.81303310394287
190200,65.34083068370819,64.18142080307007
190300,65.69379317760468,64.18528735637665
190400,65.59186840057373,63.50632905960083
190500,65.20951038599014,64.22031044960022
190600,66.12306505441666,64.71782684326172
190700,65.13432615995407,63.08884561061859
190800,65.37239718437195,63.451915979385376
190900,65.27964919805527,62.169857025146484
191000,65.217031955719,63.62967789173126
191100,64.98500829935074,63.83466720581055
191200,65.2772530913353,62.77716875076294
191300,64.98628908395767,63.4564083814621
191400,65.2613382935524,64.15984213352203
191500,65.39215219020844,63.524460196495056
191600,65.65851360559464,63.39422106742859
191700,65.03850185871124,63.345282673835754
191800,65.50287824869156,64.05049979686737
191900,65.83507132530212,64.53810214996338
192000,65.36582773923874,63.63737761974335
192100,65.46879345178604,63.376798033714294
192200,65.4044326543808,63.28676760196686
192300,64.8762257695198,64.01302576065063
192400,65.31883782148361,63.10962796211243
192500,65.41396701335907,64.39589321613312
192600,65.42533457279205,63.97103190422058
192700,65.1992500424385,63.623822927474976
192800,65.0524577498436,63.27424943447113
192900,64.86289119720459,63.339033126831055
193000,65.68480825424194,63.90909731388092
193100,65.18282371759415,62.82364249229431
193200,65.13842982053757,63.94710183143616
193300,65.07028609514236,63.32755506038666
193400,64.68170219659805,63.336727023124695
193500,65.29851752519608,63.78937304019928
193600,65.40998339653015,63.96203339099884
193700,65.46822118759155,64.2730188369751
193800,64.92129665613174,63.363603353500366
193900,65.48739856481552,63.915274143218994
194000,65.47493714094162,64.4168096780777
194100,65.44778871536255,63.61055374145508
194200,65.61455190181732,63.998814821243286
194300,65.58269512653351,63.61636221408844
194400,65.25099831819534,63.88466775417328
194500,65.6970466375351,63.98602306842804
194600,65.57700902223587,64.32326912879944
194700,66.05131351947784,64.1520643234253
194800,65.24533474445343,62.7697628736496
194900,64.83340919017792,63.681747913360596
195000,65.17123359441757,63.93490493297577
195100,65.29222738742828,63.74365508556366
195200,65.87077295780182,64.04410541057587
195300,65.77143949270248,64.68822538852692
195400,65.57888662815094,63.54779601097107
195500,65.09022176265717,63.141191601753235
195600,64.77494704723358,62.537004351615906
195700,65.36685806512833,63.36306273937225
195800,64.97201824188232,62.74255990982056
195900,65.22569942474365,64.40070450305939
196000,65.49518889188766,63.63515019416809
196100,65.40204882621765,63.20248007774353
196200,65.0427195429802,64.03639614582062
196300,65.53821152448654,63.75958800315857
196400,65.77054524421692,63.92246127128601
196500,65.28487575054169,63.70576739311218
196600,65.25940001010895,63.934321999549866
196700,65.00742089748383,63.77885937690735
196800,65.26471292972565,63.46064031124115
196900,65.44732582569122,63.985466957092285
197000,65.65215331315994,64.39842641353607
197100,65.35641837120056,63.74889314174652
197200,65.46828919649124,63.44818651676178
197300,65.13370352983475,63.83251428604126
197400,65.09441953897476,62.90962874889374
197500,65.51529413461685,63.177329897880554
197600,64.9153715968132,63.61455857753754
197700,65.10180479288101,62.901718616485596
197800,65.15151184797287,63.65437984466553
197900,65.37647467851639,62.98535227775574
198000,65.96695137023926,64.4388860464096
198100,65.63725054264069,63.63450646400452
198200,65.51308363676071,63.9425653219223
198300,65.49484378099442,64.19752478599548
198400,65.5783759355545,64.68431055545807
198500,65.5404526591301,64.54459130764008
198600,65.01692640781403,62.5925749540329
198700,65.22616082429886,63.837451338768005
198800,65.47820419073105,63.50671887397766
198900,65.03611928224564,63.38616669178009
199000,65.42656236886978,64.02787268161774
199100,65.26507157087326,63.369100689888
199200,65.50091177225113,63.52980971336365
199300,65.19155293703079,63.970564007759094
199400,65.3604326248169,64.67724144458771
199500,65.93088072538376,63.8152140378952
199600,64.98054391145706,63.90281558036804
199700,65.28358364105225,63.47058296203613
199800,65.15089851617813,63.20751368999481
199900,65.58962440490723,64.92231547832489
