Gene A,Gene B,Label,Score,Precision,Recall,False Positive Rate
YGL255W,YGL184C,0,-0.13387997,0.0,0.0,0.00024630542611703277
YJL051W,YER011W,0,-0.1342523,0.0,0.0,0.0004926108522340655
YJL050W,YLR178C,0,-0.13476035,0.0,0.0,0.0007389162783510983
YHR141C,YEL011W,0,-0.14473245,0.0,0.0,0.000985221704468131
YPL211W,YLR178C,0,-0.17526725,0.0,0.0,0.001231527072377503
YEL011W,YHL033C,0,-0.19413337,0.0,0.0,0.0014778325567021966
YMR011W,YOR173W,0,-0.20439313,0.0,0.0,0.0017241379246115685
YDR540C,YLR178C,0,-0.2269983,0.0,0.0,0.001970443408936262
YMR189W,YJL137C,0,-0.26828796,0.0,0.0,0.002216748660430312
YOR173W,YNL186W,0,-0.29034525,0.0,0.0,0.002463054144755006
YMR189W,YPL079W,0,-0.38179862,0.0,0.0,0.0027093596290796995
YPL230W,YLR341W,0,-0.45234704,0.0,0.0,0.002955665113404393
YMR104C,YHL022C,0,-0.4779917,0.0,0.0,0.0032019703648984432
YNL002C,YKL163W,0,-0.51034385,0.0,0.0,0.003448275849223137
YLL039C,YLR035C,0,-0.5430587,0.0,0.0,0.0036945813335478306
YKL091C,YHR203C,0,-0.5831304,0.0,0.0,0.003940886817872524
YPR066W,YLR178C,0,-0.59276336,0.0,0.0,0.004187192302197218
YHR203C,YLR136C,0,-0.6254207,0.0,0.0,0.004433497320860624
YER054C,YGL008C,0,-0.6726325,0.0,0.0,0.004679802805185318
YIL066C,YGR108W,0,-0.7091455,0.0,0.0,0.004926108289510012
YNL069C,YIR013C,0,-0.7127748,0.0,0.0,0.005172413773834705
YOR118W,YGL184C,0,-0.7214388,0.0,0.0,0.005418719258159399
YGL156W,YBL027W,0,-0.7245133,0.0,0.0,0.005665024742484093
YPL045W,YLR178C,0,-0.72459716,0.0,0.0,0.005911330226808786
YNL005C,YDL222C,0,-0.74161595,0.0,0.0,0.006157635245472193
YEL034W,YPR151C,0,-0.80247515,0.0,0.0,0.0064039407297968864
YNL064C,YJR159W,0,-0.8148009,0.0,0.0,0.00665024621412158
YEL011W,YPL212C,0,-0.82454973,0.0,0.0,0.006896551698446274
YGL033W,YPL283C,1,-0.8546666,0.03448275849223137,0.002463054144755006,0.006896551698446274
YML093W,YLL052C,0,-0.854688,0.03333333507180214,0.002463054144755006,0.0071428571827709675
YKL163W,YJR159W,0,-0.8602616,0.032258063554763794,0.002463054144755006,0.007389162667095661
YOR033C,YNL327W,0,-0.9262745,0.03125,0.002463054144755006,0.007635468151420355
YPL124W,YML026C,0,-0.9334685,0.03030303120613098,0.002463054144755006,0.007881773635745049
YLL039C,YGR128C,0,-0.94191426,0.029411764815449715,0.002463054144755006,0.008128078654408455
YLR297W,YGL055W,0,-0.9448533,0.02857142873108387,0.002463054144755006,0.008374384604394436
YJL051W,YML008C,0,-0.9535101,0.02777777798473835,0.002463054144755006,0.008620689623057842
YGR109C,YJL138C,0,-0.95474464,0.027027027681469917,0.002463054144755006,0.008866994641721249
YMR104C,YHR072W-A,0,-0.9566052,0.02631578966975212,0.002463054144755006,0.00911330059170723
YDR020C,YNR075W,0,-0.9590865,0.025641025975346565,0.002463054144755006,0.009359605610370636
YPL037C,YNR075W,0,-0.96524316,0.02500000037252903,0.002463054144755006,0.009605911560356617
YPL283C,YMR106C,1,-0.9664441,0.04878048598766327,0.004926108289510012,0.009605911560356617
YKL096W,YOR295W,0,-0.9828966,0.0476190485060215,0.004926108289510012,0.009852216579020023
YOR095C,YDL010W,0,-0.9889217,0.04651162773370743,0.004926108289510012,0.010098522529006004
YPL237W,YNR075W,0,-1.0098653,0.04545454680919647,0.004926108289510012,0.01034482754766941
YNL209W,YOL017W,0,-1.0101737,0.04444444552063942,0.004926108289510012,0.010591132566332817
YOR003W,YCR034W,0,-1.0203398,0.043478261679410934,0.004926108289510012,0.010837438516318798
YIL099W,YHL001W,0,-1.0226886,0.042553190141916275,0.004926108289510012,0.011083743534982204
YBR132C,YDL191W,0,-1.0267686,0.0416666679084301,0.004926108289510012,0.011330049484968185
YPL081W,YCL026C-A,0,-1.0575103,0.040816325694322586,0.004926108289510012,0.011576354503631592
YLL005C,YLR178C,0,-1.0658579,0.03999999910593033,0.004926108289510012,0.011822660453617573
YML024W,YOR303W,0,-1.0715537,0.03921568766236305,0.004926108289510012,0.01206896547228098
YDL191W,YFR055W,0,-1.0747476,0.03846153989434242,0.004926108289510012,0.012315270490944386
YKR060W,YJL177W,0,-1.0754704,0.03773584961891174,0.004926108289510012,0.012561576440930367
YBR018C,YDR258C,0,-1.0781618,0.03703703731298447,0.004926108289510012,0.012807881459593773
YGL184C,YPR023C,0,-1.0810192,0.036363635212183,0.004926108289510012,0.013054187409579754
YNL002C,YNR069C,0,-1.081042,0.0357142873108387,0.004926108289510012,0.01330049242824316
YPL236C,YMR121C,0,-1.0819552,0.035087719559669495,0.004926108289510012,0.013546798378229141
YOR094W,YPL230W,0,-1.0963852,0.03448275849223137,0.004926108289510012,0.013793103396892548
YMR116C,YOR295W,0,-1.0975662,0.033898305147886276,0.004926108289510012,0.014039408415555954
YIL073C,YHR203C,0,-1.098076,0.03333333507180214,0.004926108289510012,0.014285714365541935
YNR073C,YLR133W,0,-1.1047318,0.032786883413791656,0.004926108289510012,0.014532019384205341
YNL075W,YEL011W,0,-1.1061957,0.032258063554763794,0.004926108289510012,0.014778325334191322
YNL305C,YEL009C,0,-1.1150491,0.0317460335791111,0.004926108289510012,0.015024630352854729
YOR173W,YPR140W,0,-1.1180947,0.03125,0.004926108289510012,0.01527093630284071
YBL016W,YLR174W,0,-1.1182309,0.03076923079788685,0.004926108289510012,0.015517241321504116
YLR340W,YPL275W,0,-1.1256005,0.03030303120613098,0.004926108289510012,0.015763547271490097
YDR446W,YPL283C,1,-1.1281719,0.04477611929178238,0.007389162667095661,0.015763547271490097
YLR233C,YLL039C,0,-1.1436878,0.04411764815449715,0.007389162667095661,0.016009852290153503
YNL124W,YIL168W,0,-1.1614381,0.043478261679410934,0.007389162667095661,0.01625615730881691
YDL020C,YAR066W,0,-1.1641707,0.04285714402794838,0.007389162667095661,0.016502462327480316
YER001W,YGR256W,0,-1.1818498,0.0422535203397274,0.007389162667095661,0.016748769208788872
YCR102C,YER124C,0,-1.1970271,0.0416666679084301,0.007389162667095661,0.016995074227452278
YDR338C,YGL055W,0,-1.1977948,0.04109589010477066,0.007389162667095661,0.017241379246115685
YNL186W,YCR102C,0,-1.2043928,0.04054053872823715,0.007389162667095661,0.01748768426477909
YLR406C,YGL047W,0,-1.2179532,0.03999999910593033,0.007389162667095661,0.017733989283442497
YLR057W,YDR489W,0,-1.2349505,0.03947368264198303,0.007389162667095661,0.017980296164751053
YPR151C,YBR088C,0,-1.2396431,0.03896103799343109,0.007389162667095661,0.01822660118341446
YHR045W,YIL097W,0,-1.2454066,0.03846153989434242,0.007389162667095661,0.018472906202077866
YDL025C,YLR274W,0,-1.2485846,0.037974681705236435,0.007389162667095661,0.018719211220741272
YPR029C,YJL160C,0,-1.2527016,0.03750000149011612,0.007389162667095661,0.018965518102049828
YGR028W,YJR159W,0,-1.2579927,0.03703703731298447,0.007389162667095661,0.019211823120713234
YCL030C,YIL073C,0,-1.2606571,0.03658536449074745,0.007389162667095661,0.01945812813937664
YNL067W,YAL047C,0,-1.2678301,0.03614457696676254,0.007389162667095661,0.019704433158040047
YHR042W,YLL054C,0,-1.2700212,0.0357142873108387,0.007389162667095661,0.019950738176703453
YDR104C,YMR104C,0,-1.2753363,0.03529411926865578,0.007389162667095661,0.02019704505801201
YML131W,YKL139W,0,-1.2928536,0.03488372266292572,0.007389162667095661,0.020443350076675415
YDR338C,YDR382W,0,-1.2971829,0.03448275849223137,0.007389162667095661,0.02068965509533882
YGR148C,YNL152W,0,-1.2972039,0.034090910106897354,0.007389162667095661,0.020935960114002228
YLR132C,YHR183W,0,-1.2984608,0.033707864582538605,0.007389162667095661,0.021182265132665634
YJR159W,YHR143W-A,0,-1.3047858,0.03333333507180214,0.007389162667095661,0.02142857201397419
YFR044C,YIL097W,0,-1.3118488,0.032967034727334976,0.007389162667095661,0.021674877032637596
YJL092W,YPR065W,0,-1.3141565,0.032608695328235626,0.007389162667095661,0.021921182051301003
YNL327W,YHR166C,0,-1.3210595,0.032258063554763794,0.007389162667095661,0.02216748706996441
YGR148C,YIL097W,0,-1.3212752,0.03191489353775978,0.007389162667095661,0.022413793951272964
YGL255W,YGR247W,0,-1.3215142,0.031578946858644485,0.007389162667095661,0.02266009896993637
YAL005C,YJL118W,0,-1.322724,0.03125,0.007389162667095661,0.022906403988599777
YDL025C,YDR210W,0,-1.3237168,0.030927835032343864,0.007389162667095661,0.023152709007263184
YEL026W,YPL187W,0,-1.3296889,0.030612245202064514,0.007389162667095661,0.02339901402592659
YLR406C,YER169W,0,-1.3302951,0.03030303120613098,0.007389162667095661,0.023645320907235146
YCR102C,YBR210W,0,-1.3306345,0.029999999329447746,0.007389162667095661,0.023891625925898552
YLR132C,YKL216W,0,-1.3308176,0.029702970758080482,0.007389162667095661,0.02413793094456196
YER039C,YLR178C,0,-1.3323282,0.029411764815449715,0.007389162667095661,0.024384235963225365
YCL040W,YBR154C,0,-1.3355182,0.029126213863492012,0.007389162667095661,0.02463054098188877
YCL019W,YKL055C,0,-1.3362013,0.028846153989434242,0.007389162667095661,0.024876847863197327
YML131W,YPL170W,0,-1.3393786,0.02857142873108387,0.007389162667095661,0.025123152881860733
YLR340W,YBR167C,0,-1.3403617,0.028301887214183807,0.007389162667095661,0.02536945790052414
YGL224C,YCR102C,0,-1.3494239,0.028037382289767265,0.007389162667095661,0.025615762919187546
YJR159W,YIR035C,0,-1.3550205,0.02777777798473835,0.007389162667095661,0.0258620698004961
YMR058W,YPL030W,0,-1.3568164,0.027522936463356018,0.007389162667095661,0.026108374819159508
YDR338C,YLR229C,0,-1.368528,0.027272727340459824,0.007389162667095661,0.026354679837822914
YAL032C,YHR196W,0,-1.3688807,0.027027027681469917,0.007389162667095661,0.02660098485648632
YNR056C,YEL011W,0,-1.3732543,0.02678571455180645,0.007389162667095661,0.026847289875149727
YKR045C,YMR260C,0,-1.3758148,0.02654867246747017,0.007389162667095661,0.027093596756458282
YCL033C,YDR156W,0,-1.3764042,0.02631578966975212,0.007389162667095661,0.02733990177512169
YDR153C,YJR137C,0,-1.3771793,0.0260869562625885,0.007389162667095661,0.027586206793785095
YEL011W,YDL092W,0,-1.3834348,0.0258620698004961,0.007389162667095661,0.0278325118124485
YDL042C,YNL305C,0,-1.3837739,0.025641025975346565,0.007389162667095661,0.028078816831111908
YBL016W,YAR066W,0,-1.38388,0.025423727929592133,0.007389162667095661,0.028325123712420464
YJR043C,YHR045W,0,-1.3840591,0.02521008439362049,0.007389162667095661,0.02857142873108387
YNL021W,YNL305C,0,-1.3861312,0.02500000037252903,0.007389162667095661,0.028817733749747276
YJR129C,YNL305C,0,-1.3874177,0.024793388321995735,0.007389162667095661,0.029064038768410683
YHR124W,YPL079W,0,-1.3878417,0.02459016442298889,0.007389162667095661,0.02931034564971924
YAR066W,YDR409W,0,-1.3884267,0.024390242993831635,0.007389162667095661,0.029556650668382645
YJR091C,YNL305C,0,-1.3982283,0.024193547666072845,0.007389162667095661,0.02980295568704605
YDR339C,YCL040W,0,-1.3983878,0.024000000208616257,0.007389162667095661,0.030049260705709457
YML131W,YPR058W,0,-1.3989573,0.02380952425301075,0.007389162667095661,0.030295565724372864
YFL052W,YHR094C,0,-1.3999133,0.023622047156095505,0.007389162667095661,0.03054187260568142
YGR203W,YJR007W,0,-1.4013749,0.0234375,0.007389162667095661,0.030788177624344826
YML131W,YKL012W,0,-1.409918,0.023255813866853714,0.007389162667095661,0.031034482643008232
YML022W,YIL067C,0,-1.4100128,0.023076923564076424,0.007389162667095661,0.03128078952431679
YDR020C,YDR488C,0,-1.4110891,0.022900763899087906,0.007389162667095661,0.031527094542980194
YML131W,YPL236C,0,-1.4118354,0.022727273404598236,0.007389162667095661,0.0317733995616436
YGL125W,YGL055W,0,-1.4123939,0.02255639061331749,0.007389162667095661,0.03201970458030701
YGL017W,YNL209W,0,-1.4124447,0.02238805964589119,0.007389162667095661,0.03226600959897041
YJR159W,YOR344C,0,-1.4138607,0.02222222276031971,0.007389162667095661,0.03251231461763382
YNL305C,YDL201W,0,-1.415503,0.022058824077248573,0.007389162667095661,0.032758619636297226
YGR059W,YBR244W,0,-1.4205946,0.021897809579968452,0.007389162667095661,0.03300492465496063
YLL005C,YMR121C,0,-1.4216381,0.021739130839705467,0.007389162667095661,0.03325122967362404
YKR081C,YGR065C,0,-1.421779,0.02158273383975029,0.007389162667095661,0.033497538417577744
YKL101W,YGL210W-A,0,-1.4232312,0.02142857201397419,0.007389162667095661,0.03374384343624115
YJL116C,YBR210W,0,-1.4246029,0.021276595070958138,0.007389162667095661,0.033990148454904556
YCL033C,YMR291W,0,-1.4282589,0.0211267601698637,0.007389162667095661,0.03423645347356796
YDR346C,YLL052C,0,-1.4293934,0.02097902074456215,0.007389162667095661,0.03448275849223137
YGR287C,YPL124W,0,-1.4335523,0.02083333395421505,0.007389162667095661,0.034729063510894775
YGL254W,YCR034W,0,-1.4368467,0.02068965509533882,0.007389162667095661,0.03497536852955818
YAL032C,YKR018C,0,-1.4383838,0.02054794505238533,0.007389162667095661,0.03522167354822159
YJR159W,YGR067C,0,-1.4392875,0.020408162847161293,0.007389162667095661,0.035467978566884995
YDR338C,YNL209W,0,-1.4428788,0.020270269364118576,0.007389162667095661,0.0357142873108387
YNR056C,YLR089C,0,-1.4433726,0.020134227350354195,0.007389162667095661,0.035960592329502106
YGR109C,YMR244C-A,0,-1.4460126,0.019999999552965164,0.007389162667095661,0.03620689734816551
YLL032C,YDL174C,0,-1.4514272,0.01986755058169365,0.007389162667095661,0.03645320236682892
YDR540C,YLR002C,0,-1.4529544,0.019736841320991516,0.007389162667095661,0.036699507385492325
YPR183W,YIR028W,0,-1.4568514,0.019607843831181526,0.007389162667095661,0.03694581240415573
YDL025C,YAL055W,0,-1.4585253,0.019480518996715546,0.007389162667095661,0.03719211742281914
YBR236C,YPL162C,0,-1.4594803,0.019354838877916336,0.007389162667095661,0.037438422441482544
YDR155C,YDL222C,0,-1.4644984,0.01923076994717121,0.007389162667095661,0.03768472746014595
YDR016C,YML131W,0,-1.467246,0.019108280539512634,0.007389162667095661,0.037931036204099655
YEL011W,YBR154C,0,-1.4690418,0.018987340852618217,0.007389162667095661,0.03817734122276306
YLR034C,YCR102C,0,-1.4700273,0.01886792480945587,0.007389162667095661,0.03842364624142647
YER054C,YLR355C,0,-1.4706339,0.01875000074505806,0.007389162667095661,0.038669951260089874
YDR123C,YOR088W,0,-1.4764313,0.018633540719747543,0.007389162667095661,0.03891625627875328
YDL064W,YPL275W,0,-1.4771854,0.018518518656492233,0.007389162667095661,0.03916256129741669
YLR307W,YML130C,0,-1.4773377,0.01840490847826004,0.007389162667095661,0.03940886631608009
YER065C,YJR161C,0,-1.4778451,0.018292682245373726,0.007389162667095661,0.0396551713347435
YAR066W,YJR144W,0,-1.4787569,0.0181818176060915,0.007389162667095661,0.039901476353406906
YDR348C,YHR072W,0,-1.4821565,0.01807228848338127,0.007389162667095661,0.04014778509736061
YML131W,YER157W,0,-1.4829504,0.01796407252550125,0.007389162667095661,0.04039409011602402
YMR190C,YMR106C,1,-1.4843416,0.02380952425301075,0.009852216579020023,0.04039409011602402
YDR349C,YOR022C,0,-1.4867421,0.023668639361858368,0.009852216579020023,0.040640395134687424
YEL011W,YJL074C,0,-1.4896404,0.0235294122248888,0.009852216579020023,0.04088670015335083
YLL005C,YMR260C,0,-1.4898275,0.023391813039779663,0.009852216579020023,0.041133005172014236
YPR183W,YGR207C,0,-1.4902645,0.023255813866853714,0.009852216579020023,0.04137931019067764
YEL071W,YNR049C,0,-1.490541,0.023121386766433716,0.009852216579020023,0.04162561520934105
YLR408C,YFL022C,0,-1.4982476,0.02298850566148758,0.009852216579020023,0.041871920228004456
YNR069C,YGL029W,0,-1.5001218,0.022857142612338066,0.009852216579020023,0.04211822524666786
YDR541C,YLR449W,0,-1.5021735,0.022727273404598236,0.009852216579020023,0.04236453026533127
YDR348C,YDL147W,0,-1.5035131,0.02259887009859085,0.009852216579020023,0.04261083900928497
YGR271C-A,YOR088W,0,-1.5064775,0.02247191034257412,0.009852216579020023,0.04285714402794838
YIR007W,YNL224C,0,-1.5087768,0.022346368059515953,0.009852216579020023,0.043103449046611786
YGL156W,YLR110C,0,-1.5141319,0.02222222276031971,0.009852216579020023,0.04334975406527519
YNL257C,YLR340W,0,-1.514418,0.0220994483679533,0.009852216579020023,0.0435960590839386
YMR202W,YOR214C,0,-1.5144902,0.021978022530674934,0.009852216579020023,0.043842364102602005
YEL011W,YOR073W,0,-1.5147202,0.02185792289674282,0.009852216579020023,0.04408866912126541
YEL077C,YKL055C,0,-1.5162861,0.021739130839705467,0.009852216579020023,0.04433497413992882
YAL001C,YDR266C,0,-1.5176607,0.021621622145175934,0.009852216579020023,0.044581279158592224
YJR056C,YER054C,0,-1.5201347,0.02150537632405758,0.009852216579020023,0.04482758790254593
YBL003C,YPL158C,0,-1.5217077,0.02139037474989891,0.009852216579020023,0.045073892921209335
YNL329C,YLL054C,0,-1.5233871,0.021276595070958138,0.009852216579020023,0.04532019793987274
YDR099W,YPL158C,0,-1.5234624,0.021164020523428917,0.009852216579020023,0.04556650295853615
YLR132C,YML058W,0,-1.5241505,0.021052632480859756,0.009852216579020023,0.045812807977199554
YDR506C,YDR266C,0,-1.5249122,0.020942408591508865,0.009852216579020023,0.04605911299586296
YKL027W,YDR331W,0,-1.5268941,0.02083333395421505,0.009852216579020023,0.04630541801452637
YDR385W,YBR152W,0,-1.52721,0.020725388079881668,0.009852216579020023,0.046551723033189774
YIR007W,YDL194W,0,-1.527269,0.020618556067347527,0.009852216579020023,0.04679802805185318
YCR069W,YNR063W,0,-1.5273575,0.020512821152806282,0.009852216579020023,0.047044336795806885
YLR297W,YHR115C,0,-1.5283778,0.020408162847161293,0.009852216579020023,0.04729064181447029
YFL052W,YPR121W,0,-1.5301813,0.020304568111896515,0.009852216579020023,0.0475369468331337
YJR129C,YJL118W,0,-1.5333887,0.020202020183205605,0.009852216579020023,0.047783251851797104
YEL011W,YER075C,0,-1.5358291,0.02010050229728222,0.009852216579020023,0.04802955687046051
YER006W,YHR178W,0,-1.5385357,0.019999999552965164,0.009852216579020023,0.04827586188912392
YOR202W,YLR022C,0,-1.5387725,0.019900497049093246,0.009852216579020023,0.04852216690778732
YML126C,YOR088W,0,-1.5387987,0.019801979884505272,0.009852216579020023,0.04876847192645073
YFL031W,YPL249C,0,-1.5399411,0.019704433158040047,0.009852216579020023,0.049014776945114136
YCL062W,YLR136C,0,-1.5403202,0.019607843831181526,0.009852216579020023,0.04926108196377754
YJR099W,YDR541C,0,-1.5435747,0.019512195140123367,0.009852216579020023,0.04950739070773125
YIL117C,YJL160C,0,-1.5471438,0.019417475908994675,0.009852216579020023,0.04975369572639465
YCL020W,YBL027W,0,-1.547269,0.019323671236634254,0.009852216579020023,0.05000000074505806
YLR064W,YJL099W,0,-1.5477616,0.01923076994717121,0.009852216579020023,0.050246305763721466
YGR271C-A,YCR088W,0,-1.5491079,0.019138755276799202,0.009852216579020023,0.05049261078238487
YDR346C,YNL305C,0,-1.5497626,0.01904761977493763,0.009852216579020023,0.05073891580104828
YKL209C,YHR045W,0,-1.5517596,0.01895734667778015,0.009852216579020023,0.050985220819711685
YHR124W,YKR039W,0,-1.5527117,0.01886792480945587,0.009852216579020023,0.05123152583837509
YDL194W,YPR004C,0,-1.5546112,0.018779342994093895,0.009852216579020023,0.0514778308570385
YMR291W,YJL159W,0,-1.5554947,0.018691588193178177,0.009852216579020023,0.0517241396009922
YDR016C,YML130C,0,-1.5560158,0.01860465109348297,0.009852216579020023,0.05197044461965561
YJR056C,YOR100C,0,-1.5592964,0.018518518656492233,0.009852216579020023,0.052216749638319016
YPR145W,YPL236C,0,-1.5595475,0.018433179706335068,0.009852216579020023,0.05246305465698242
YPR004C,YGL179C,0,-1.5605093,0.01834862306714058,0.009852216579020023,0.05270935967564583
YGR109C,YBL071W-A,0,-1.5626075,0.01826483942568302,0.009852216579020023,0.052955664694309235
YMR214W,YDR338C,0,-1.5637298,0.0181818176060915,0.009852216579020023,0.05320196971297264
YNL305C,YJL020C,0,-1.5639864,0.018099548295140266,0.009852216579020023,0.05344827473163605
YIR028W,YPL230W,0,-1.5664845,0.018018018454313278,0.009852216579020023,0.053694579750299454
YJR152W,YDR266C,0,-1.5673164,0.017937220633029938,0.009852216579020023,0.05394088849425316
YKL035W,YHR045W,0,-1.5716575,0.01785714365541935,0.009852216579020023,0.054187193512916565
YBR186W,YPL081W,0,-1.5731568,0.017777778208255768,0.009852216579020023,0.05443349853157997
YIL082W-A,YPL081W,0,-1.5743177,0.017699114978313446,0.009852216579020023,0.05467980355024338
YJR129C,YLR378C,0,-1.5751268,0.017621144652366638,0.009852216579020023,0.054926108568906784
YAR003W,YGL008C,0,-1.5751867,0.017543859779834747,0.009852216579020023,0.05517241358757019
YOR284W,YPL158C,0,-1.5811135,0.017467249184846878,0.009852216579020023,0.0554187186062336
YLR132C,YGL210W-A,0,-1.5826551,0.017391303554177284,0.009852216579020023,0.055665023624897
YPL088W,YLR003C,0,-1.5834401,0.017316017299890518,0.009852216579020023,0.05591132864356041
YBR235W,YMR052W,0,-1.5838696,0.017241379246115685,0.009852216579020023,0.056157633662223816
YMR011W,YGR277C,0,-1.5839158,0.017167381942272186,0.009852216579020023,0.05640394240617752
YEL011W,YGL254W,0,-1.5849124,0.017094017937779427,0.009852216579020023,0.05665024742484093
YBR127C,YJL113W,0,-1.5854336,0.01702127605676651,0.009852216579020023,0.056896552443504333
YIR034C,YML026C,0,-1.5857685,0.016949152573943138,0.009852216579020023,0.05714285746216774
YCL045C,YLR210W,0,-1.5858914,0.016877636313438416,0.009852216579020023,0.057389162480831146
YLR369W,YPL081W,0,-1.5877464,0.016806723549962044,0.009852216579020023,0.05763546749949455
YLR297W,YPL045W,0,-1.5880431,0.016736401244997978,0.009852216579020023,0.05788177251815796
YOL060C,YCR023C,0,-1.5891105,0.01666666753590107,0.009852216579020023,0.058128077536821365
YCL019W,YGR109C,0,-1.5898713,0.016597511246800423,0.009852216579020023,0.05837438255548477
YCL062W,YKR080W,0,-1.592689,0.01652892492711544,0.009852216579020023,0.05862069129943848
YFL053W,YDL213C,0,-1.5936772,0.016460904851555824,0.009852216579020023,0.05886699631810188
YKR092C,YCR070W,0,-1.593758,0.016393441706895828,0.009852216579020023,0.05911330133676529
YIR022W,YLR157C-B,0,-1.5938808,0.016326529905200005,0.009852216579020023,0.059359606355428696
YFL052W,YJL014W,0,-1.5945437,0.016260161995887756,0.009852216579020023,0.0596059113740921
YPL060C-A,YJR125C,0,-1.5953687,0.016194332391023636,0.009852216579020023,0.05985221639275551
YDR365W-B,YKR080W,0,-1.5954982,0.016129031777381897,0.009852216579020023,0.060098521411418915
YLR157C-B,YGR284C,0,-1.5975038,0.01606425642967224,0.009852216579020023,0.06034482643008232
YCL062W,YJL076W,0,-1.5982203,0.01600000075995922,0.009852216579020023,0.06059113144874573
YOR329C,YML075C,0,-1.5995122,0.01593625545501709,0.009852216579020023,0.06083744019269943
YMR135C,YDL214C,0,-1.6006652,0.01587301678955555,0.009852216579020023,0.06108374521136284
YOL033W,YPL230W,0,-1.6012661,0.015810277312994003,0.009852216579020023,0.061330050230026245
YCL019W,YBR021W,0,-1.6019331,0.015748031437397003,0.009852216579020023,0.06157635524868965
YPR183W,YJL113W,0,-1.6019897,0.01568627543747425,0.009852216579020023,0.06182266026735306
YGR128C,YJL118W,0,-1.6022724,0.015625,0.009852216579020023,0.062068965286016464
YCR034W,YEL071W,0,-1.6024587,0.015564202331006527,0.009852216579020023,0.06231527030467987
YPR025C,YNL058C,0,-1.6026666,0.01550387591123581,0.009852216579020023,0.06256157904863358
YKR098C,YOR088W,0,-1.6026922,0.0154440151527524,0.009852216579020023,0.06280788034200668
YLR340W,YOR088W,0,-1.6034497,0.015384615398943424,0.009852216579020023,0.06305418908596039
YKR081C,YIL097W,0,-1.6041543,0.015325670130550861,0.009852216579020023,0.0633004903793335
YPL086C,YGR038C-B,0,-1.6047498,0.015267175622284412,0.009852216579020023,0.0635467991232872
YML033W,YER172C,0,-1.6057659,0.015209125354886055,0.009852216579020023,0.06379310041666031
YBR018C,YMR305C,0,-1.6063019,0.01515151560306549,0.009852216579020023,0.06403940916061401
YPR158W-A,YPL162C,0,-1.6074022,0.015094339847564697,0.009852216579020023,0.06428571790456772
YHR079C-A,YPL283C,1,-1.6076971,0.01879699155688286,0.012315270490944386,0.06428571790456772
YLR342W,YKL163W,0,-1.6078594,0.018726591020822525,0.012315270490944386,0.06453201919794083
YER078C,YKL008C,0,-1.6079752,0.018656715750694275,0.012315270490944386,0.06477832794189453
YDL126C,YOR088W,0,-1.6160115,0.01858736015856266,0.012315270490944386,0.06502462923526764
YGR125W,YMR260C,0,-1.616938,0.018518518656492233,0.012315270490944386,0.06527093797922134
YPL283C,YFL003C,1,-1.6179498,0.022140221670269966,0.014778325334191322,0.06527093797922134
YCR028C-A,YDL156W,0,-1.6183616,0.022058824077248573,0.014778325334191322,0.06551723927259445
YER054C,YBR239C,0,-1.6186776,0.021978022530674934,0.014778325334191322,0.06576354801654816
YGL210W-A,YGR140W,0,-1.6195593,0.021897809579968452,0.014778325334191322,0.06600984930992126
YDR027C,YCL027C-A,0,-1.6198151,0.02181818149983883,0.014778325334191322,0.06625615805387497
YDR034C-D,YAL014C,0,-1.620665,0.021739130839705467,0.014778325334191322,0.06650245934724808
YPR201W,YDL014W,0,-1.6212395,0.02166065014898777,0.014778325334191322,0.06674876809120178
YPL152W,YER006W,0,-1.6228667,0.02158273383975029,0.014778325334191322,0.06699507683515549
YGR038C-B,YNL326C,0,-1.6243526,0.02150537632405758,0.014778325334191322,0.0672413781285286
YPL212C,YBL100W-A,0,-1.6246036,0.02142857201397419,0.014778325334191322,0.0674876868724823
YHL022C,YMR244C-A,0,-1.6249967,0.021352313458919525,0.014778325334191322,0.06773398816585541
YDR338C,YML001W,0,-1.6257081,0.021276595070958138,0.014778325334191322,0.06798029690980911
YDR261C-C,YGR195W,0,-1.6262935,0.02120141312479973,0.014778325334191322,0.06822659820318222
YMR293C,YCL062W,0,-1.6263634,0.0211267601698637,0.014778325334191322,0.06847290694713593
YLL023C,YOR028C,0,-1.6269307,0.021052632480859756,0.014778325334191322,0.06871920824050903
YIL091C,YBL003C,0,-1.6299232,0.02097902074456215,0.014778325334191322,0.06896551698446274
YOR361C,YGL175C,0,-1.6305488,0.02090592309832573,0.014778325334191322,0.06921182572841644
YIL131C,YCL027C-A,0,-1.6308233,0.02083333395421505,0.014778325334191322,0.06945812702178955
YIL082W-A,YKR046C,0,-1.6309655,0.020761245861649513,0.014778325334191322,0.06970443576574326
YLR157C-B,YGL022W,0,-1.6315824,0.02068965509533882,0.014778325334191322,0.06995073705911636
YLR378C,YCL027C-A,0,-1.6331419,0.020618556067347527,0.014778325334191322,0.07019704580307007
YDR113C,YPL283C,1,-1.6332217,0.02397260256111622,0.017241379246115685,0.07019704580307007
YCL019W,YJL160C,0,-1.6333264,0.02389078587293625,0.017241379246115685,0.07044334709644318
YDR085C,YCR089W,0,-1.6336452,0.02380952425301075,0.017241379246115685,0.07068965584039688
YGR161C-C,YNL220W,0,-1.633685,0.023728813976049423,0.017241379246115685,0.07093595713376999
YLR297W,YGR038C-A,0,-1.6338629,0.02364864945411682,0.017241379246115685,0.0711822658777237
YDR155C,YIL097W,0,-1.6345056,0.023569023236632347,0.017241379246115685,0.0714285746216774
YER124C,YDL014W,0,-1.6347584,0.02348993346095085,0.017241379246115685,0.0716748759150505
YGR163W,YJL160C,0,-1.6349595,0.023411370813846588,0.017241379246115685,0.07192118465900421
YIL023C,YDR210W-A,0,-1.6363213,0.023333333432674408,0.017241379246115685,0.07216748595237732
YFL062W,YNL058C,0,-1.6366899,0.023255813866853714,0.017241379246115685,0.07241379469633102
YGR038C-A,YML111W,0,-1.6370006,0.023178808391094208,0.017241379246115685,0.07266009598970413
YDR034C-D,YDR382W,0,-1.6375667,0.023102309554815292,0.017241379246115685,0.07290640473365784
YPL009C,YPL275W,0,-1.6377878,0.02302631549537182,0.017241379246115685,0.07315270602703094
YOL146W,YCR102C,0,-1.6387026,0.02295081876218319,0.017241379246115685,0.07339901477098465
YPL024W,YJL122W,0,-1.6397382,0.022875817492604256,0.017241379246115685,0.07364532351493835
YGR161C-C,YIL031W,0,-1.6401222,0.02280130237340927,0.017241379246115685,0.07389162480831146
YDR261C-C,YLR210W,0,-1.6402192,0.022727273404598236,0.017241379246115685,0.07413793355226517
YDR261C-C,YEL003W,0,-1.6410604,0.022653721272945404,0.017241379246115685,0.07438423484563828
YIL099W,YKR092C,0,-1.6412694,0.022580645978450775,0.017241379246115685,0.07463054358959198
YOL091W,YBR244W,0,-1.6415857,0.022508038207888603,0.017241379246115685,0.07487684488296509
YBR126C,YDR210W-A,0,-1.6417234,0.022435897961258888,0.017241379246115685,0.07512315362691879
YCL027C-A,YPR004C,0,-1.6422471,0.022364217787981033,0.017241379246115685,0.0753694549202919
YJL028W,YMR283C,0,-1.6430712,0.02229299396276474,0.017241379246115685,0.0756157636642456
YDR261C-C,YPL066W,0,-1.6431628,0.02222222276031971,0.017241379246115685,0.07586207240819931
YIL091C,YCL027C-A,0,-1.6435708,0.022151898592710495,0.017241379246115685,0.07610837370157242
YBR056W,YEL003W,0,-1.6436102,0.022082019597291946,0.017241379246115685,0.07635468244552612
YOL039W,YDR352W,0,-1.6441182,0.022012578323483467,0.017241379246115685,0.07660098373889923
YPL158C,YDR264C,0,-1.644527,0.021943572908639908,0.017241379246115685,0.07684729248285294
YDR261C-C,YNL097C,0,-1.6463653,0.02187499962747097,0.017241379246115685,0.07709359377622604
YGL210W-A,YCL010C,0,-1.6464572,0.021806852892041206,0.017241379246115685,0.07733990252017975
YDR261C-C,YKL167C,0,-1.6466161,0.021739130839705467,0.017241379246115685,0.07758620381355286
YJR056C,YGR038W,0,-1.6467515,0.021671826019883156,0.017241379246115685,0.07783251255750656
YGL017W,YGR038C-A,0,-1.6468748,0.021604938432574272,0.017241379246115685,0.07807882130146027
YNL305C,YGL029W,0,-1.6469401,0.02153846062719822,0.017241379246115685,0.07832512259483337
YBR136W,YPL283C,1,-1.6479377,0.024539876729249954,0.019704433158040047,0.07832512259483337
YBR132C,YKR099C-A,0,-1.6481239,0.024464832618832588,0.019704433158040047,0.07857143133878708
YPR029C,YGR038C-B,0,-1.6488643,0.024390242993831635,0.019704433158040047,0.07881773263216019
YDR261C-C,YBR088C,0,-1.6489532,0.024316109716892242,0.019704433158040047,0.07906404137611389
YDR034C-D,YDR119W,0,-1.6491069,0.024242423474788666,0.019704433158040047,0.079310342669487
YDL212W,YDR034C-D,0,-1.6496245,0.024169184267520905,0.019704433158040047,0.0795566514134407
YKL071W,YEL077C,0,-1.6496603,0.024096384644508362,0.019704433158040047,0.07980295270681381
YLR133W,YGR067C,0,-1.6500955,0.024024024605751038,0.019704433158040047,0.08004926145076752
YDR123C,YNL220W,0,-1.6501954,0.023952096700668335,0.019704433158040047,0.08029557019472122
YKL008C,YDR210W-A,0,-1.6506352,0.023880597203969955,0.019704433158040047,0.08054187148809433
YMR189W,YMR244C-A,0,-1.6510255,0.02380952425301075,0.019704433158040047,0.08078818023204803
YIL016W,YLR157C-B,0,-1.6515734,0.02373887225985527,0.019704433158040047,0.08103448152542114
YNL037C,YBL097W,0,-1.6519519,0.023668639361858368,0.019704433158040047,0.08128079026937485
YLR398C,YBL100W-A,0,-1.6544617,0.023598819971084595,0.019704433158040047,0.08152709156274796
YOR178C,YJL113W,0,-1.6548909,0.0235294122248888,0.019704433158040047,0.08177340030670166
YGR247W,YGR280C,0,-1.6553208,0.02346041053533554,0.019704433158040047,0.08201970160007477
YOR188W,YCL027C-A,0,-1.655687,0.023391813039779663,0.019704433158040047,0.08226601034402847
YOL119C,YPR004C,0,-1.6571413,0.02332361601293087,0.019704433158040047,0.08251231163740158
YGR090W,YPL162C,0,-1.657734,0.023255813866853714,0.019704433158040047,0.08275862038135529
YGR038C-B,YER001W,0,-1.6579318,0.023188406601548195,0.019704433158040047,0.08300492912530899
YFR009W,YPL275W,0,-1.6585528,0.023121386766433716,0.019704433158040047,0.0832512304186821
YKL221W,YDL222C,0,-1.6587592,0.023054754361510277,0.019704433158040047,0.0834975391626358
YDR261C-C,YCR088W,0,-1.6589468,0.02298850566148758,0.019704433158040047,0.08374384045600891
YLR128W,YLR157C-B,0,-1.6595466,0.022922636941075325,0.019704433158040047,0.08399014919996262
YPL060C-A,YGL044C,0,-1.6600491,0.022857142612338066,0.019704433158040047,0.08423645049333572
YDR302W,YDR524C-B,0,-1.660194,0.022792022675275803,0.019704433158040047,0.08448275923728943
YDR210W-D,YGR074W,0,-1.660194,0.022727273404598236,0.019704433158040047,0.08472906053066254
YCR068W,YOR343C-B,0,-1.660194,0.02266288921236992,0.019704433158040047,0.08497536927461624
YCR023C,YCR070W,0,-1.660194,0.02259887009859085,0.019704433158040047,0.08522167801856995
YNL024C-A,YHR121W,0,-1.660194,0.022535210475325584,0.019704433158040047,0.08546797931194305
YDR210W-D,YBR171W,0,-1.660194,0.02247191034257412,0.019704433158040047,0.08571428805589676
YHL009W-A,YDL165W,0,-1.660194,0.02240896411240101,0.019704433158040047,0.08596058934926987
YBL008W-A,YPL162C,0,-1.660194,0.022346368059515953,0.019704433158040047,0.08620689809322357
YNL024C-A,YDR266C,0,-1.660194,0.022284122183918953,0.019704433158040047,0.08645319938659668
YPR151C,YDR524C-B,0,-1.660194,0.02222222276031971,0.019704433158040047,0.08669950813055038
YLR157C-A,YIL067C,0,-1.660194,0.022160664200782776,0.019704433158040047,0.08694580942392349
YLR157C-A,YKL092C,0,-1.660194,0.0220994483679533,0.019704433158040047,0.0871921181678772
YBL008W-A,YGL012W,0,-1.660194,0.022038567811250687,0.019704433158040047,0.0874384269118309
YJR159W,YHL009W-A,0,-1.660194,0.021978022530674934,0.019704433158040047,0.08768472820520401
YJL151C,YNL024C-A,0,-1.660194,0.021917808800935745,0.019704433158040047,0.08793103694915771
YBL008W-A,YBL005W-A,0,-1.660194,0.02185792289674282,0.019704433158040047,0.08817733824253082
YLR157C-A,YIL168W,0,-1.660194,0.02179836481809616,0.019704433158040047,0.08842364698648453
YCR073C,YDR524C-B,0,-1.660194,0.021739130839705467,0.019704433158040047,0.08866994827985764
YDR210W-D,YMR044W,0,-1.660194,0.02168021723628044,0.019704433158040047,0.08891625702381134
YDR210W-D,YDR058C,0,-1.660194,0.021621622145175934,0.019704433158040047,0.08916255831718445
YDR210W-D,YML026C,0,-1.660194,0.021563341841101646,0.019704433158040047,0.08940886706113815
YLR274W,YDR524C-B,0,-1.660194,0.02150537632405758,0.019704433158040047,0.08965517580509186
YKL222C,YER074W-A,0,-1.660194,0.021447721868753433,0.019704433158040047,0.08990147709846497
YDR524C-B,YDR037W,0,-1.660194,0.02139037474989891,0.019704433158040047,0.09014778584241867
YDR210W-D,YDR261C-C,0,-1.660194,0.02133333310484886,0.019704433158040047,0.09039408713579178
YHL009W-A,YOR171C,0,-1.660194,0.021276595070958138,0.019704433158040047,0.09064039587974548
YFL018C,YDR524C-B,0,-1.660194,0.02122015878558159,0.019704433158040047,0.09088669717311859
YDR314C,YDR524C-B,0,-1.660194,0.021164020523428917,0.019704433158040047,0.0911330059170723
YLR157C-A,YER124C,0,-1.660194,0.021108180284500122,0.019704433158040047,0.0913793072104454
YOR141C,YHL009W-A,0,-1.660194,0.021052632480859756,0.019704433158040047,0.09162561595439911
YNL321W,YDR524C-B,0,-1.660194,0.02099737524986267,0.019704433158040047,0.09187192469835281
YHL009W-A,YBL101C,0,-1.660194,0.020942408591508865,0.019704433158040047,0.09211822599172592
YNL024C-A,YNL224C,0,-1.660194,0.02088772878050804,0.019704433158040047,0.09236453473567963
YHR112C,YOR088W,0,-1.660194,0.02083333395421505,0.019704433158040047,0.09261083602905273
YBL008W-A,YMR277W,0,-1.660194,0.020779220387339592,0.019704433158040047,0.09285714477300644
YBL008W-A,YNR049C,0,-1.660194,0.020725388079881668,0.019704433158040047,0.09310344606637955
YDR210W-D,YOR312C,0,-1.660194,0.02067183516919613,0.019704433158040047,0.09334975481033325
YBL008W-A,YPR052C,0,-1.660194,0.020618556067347527,0.019704433158040047,0.09359605610370636
YBL008W-A,YOL034W,0,-1.660194,0.02056555263698101,0.019704433158040047,0.09384236484766006
YBR083W,YDR524C-B,0,-1.660194,0.020512821152806282,0.019704433158040047,0.09408867359161377
YDR210W-D,YMR305C,0,-1.660194,0.020460357889533043,0.019704433158040047,0.09433497488498688
YKR018C,YDR079C-A,0,-1.660194,0.020408162847161293,0.019704433158040047,0.09458128362894058
YNL024C-A,YPL270W,0,-1.660194,0.020356234163045883,0.019704433158040047,0.09482758492231369
YBL008W-A,YBR127C,0,-1.660194,0.020304568111896515,0.019704433158040047,0.0950738936662674
YHR191C,YHL009W-A,0,-1.660194,0.020253164693713188,0.019704433158040047,0.0953201949596405
YOL075C,YER074W-A,0,-1.660194,0.020202020183205605,0.019704433158040047,0.09556650370359421
YCL020W,YDR079C-A,0,-1.660194,0.020151132717728615,0.019704433158040047,0.09581280499696732
YKL163W,YOR343C-B,0,-1.660194,0.02010050229728222,0.019704433158040047,0.09605911374092102
YNL024C-A,YGL234W,0,-1.660194,0.02005012519657612,0.019704433158040047,0.09630541503429413
YBR215W,YHL009W-A,0,-1.660194,0.019999999552965164,0.019704433158040047,0.09655172377824783
YHL009W-A,YGL187C,0,-1.660194,0.019950125366449356,0.019704433158040047,0.09679803252220154
YGR027W-A,YBR008C,0,-1.6607486,0.019900497049093246,0.019704433158040047,0.09704433381557465
YGR161C-C,YNL124W,0,-1.6609224,0.019851116463541985,0.019704433158040047,0.09729064255952835
YNL321W,YLL052C,0,-1.6612476,0.019801979884505272,0.019704433158040047,0.09753694385290146
YMR058W,YDR324C,0,-1.6618847,0.01975308731198311,0.019704433158040047,0.09778325259685516
YDR488C,YIR035C,0,-1.6628547,0.019704433158040047,0.019704433158040047,0.09802955389022827
YNL264C,YLR157C-B,0,-1.6631478,0.019656019285321236,0.019704433158040047,0.09827586263418198
YPL060C-A,YDR119W,0,-1.6643548,0.019607843831181526,0.019704433158040047,0.09852216392755508
YMR014W,YLR081W,0,-1.664805,0.01955990307033062,0.019704433158040047,0.09876847267150879
YNL053W,YHR178W,0,-1.6658674,0.019512195140123367,0.019704433158040047,0.0990147814154625
YJR056C,YER124C,0,-1.666758,0.01946472004055977,0.019704433158040047,0.0992610827088356
YGR038C-B,YFR055W,0,-1.6676422,0.019417475908994675,0.019704433158040047,0.0995073914527893
YBR079C,YLR155C,0,-1.6676599,0.019370460882782936,0.019704433158040047,0.09975369274616241
YPR104C,YCR070W,0,-1.6686479,0.019323671236634254,0.019704433158040047,0.10000000149011612
YMR189W,YBR167C,0,-1.6692876,0.01927710883319378,0.019704433158040047,0.10024630278348923
YJL099W,YPL066W,0,-1.6693655,0.01923076994717121,0.019704433158040047,0.10049261152744293
YKL101W,YLL052C,0,-1.669591,0.019184652715921402,0.019704433158040047,0.10073891282081604
YGR038C-A,YDR266C,0,-1.6697853,0.019138755276799202,0.019704433158040047,0.10098522156476974
YGR038C-B,YHR102W,0,-1.6701734,0.01909307949244976,0.019704433158040047,0.10123153030872345
YGR038C-B,YIL122W,0,-1.6702138,0.01904761977493763,0.019704433158040047,0.10147783160209656
YLR157C-B,YNL106C,0,-1.6706668,0.01900237612426281,0.019704433158040047,0.10172414034605026
YDR365W-B,YKL139W,0,-1.6708204,0.01895734667778015,0.019704433158040047,0.10197044163942337
YMR068W,YGR067C,0,-1.6721721,0.018912529572844505,0.019704433158040047,0.10221675038337708
YLR298C,YDR450W,0,-1.672189,0.01886792480945587,0.019704433158040047,0.10246305167675018
YPL088W,YER157W,0,-1.6727686,0.01882352866232395,0.019704433158040047,0.10270936042070389
YIR003W,YNL030W,0,-1.6728233,0.018779342994093895,0.019704433158040047,0.102955661714077
YPL060C-A,YOL075C,0,-1.6729958,0.018735362216830254,0.019704433158040047,0.1032019704580307
YPL060C-A,YMR268C,0,-1.6732303,0.018691588193178177,0.019704433158040047,0.1034482792019844
YPL053C,YGR038C-B,0,-1.6732869,0.018648019060492516,0.019704433158040047,0.10369458049535751
YDR261C-C,YLR136C,0,-1.673756,0.01860465109348297,0.019704433158040047,0.10394088923931122
YNL126W,YLL023C,0,-1.6747283,0.018561484292149544,0.019704433158040047,0.10418719053268433
YCR079W,YML033W,0,-1.6755131,0.018518518656492233,0.019704433158040047,0.10443349927663803
YDR261C-C,YLR057W,0,-1.6755432,0.01847575046122074,0.019704433158040047,0.10467980057001114
YGR038C-B,YML010W,0,-1.6757697,0.018433179706335068,0.019704433158040047,0.10492610931396484
YAR050W,YGR277C,0,-1.6760069,0.018390804529190063,0.019704433158040047,0.10517241060733795
YIL162W,YGR027W-A,0,-1.6764733,0.01834862306714058,0.019704433158040047,0.10541871935129166
YCR102C,YMR047C,0,-1.6765186,0.018306635320186615,0.019704433158040047,0.10566502809524536
YCL033C,YBR056W,0,-1.6772945,0.01826483942568302,0.019704433158040047,0.10591132938861847
YCL019W,YJL137C,0,-1.677653,0.0182232353836298,0.019704433158040047,0.10615763813257217
YNL209W,YGL079W,0,-1.6780812,0.0181818176060915,0.019704433158040047,0.10640393942594528
YLL032C,YDR484W,0,-1.6781226,0.01814058981835842,0.019704433158040047,0.10665024816989899
YMR116C,YLR275W,0,-1.6808246,0.018099548295140266,0.019704433158040047,0.1068965494632721
YFL018C,YCR070W,0,-1.681333,0.018058691173791885,0.019704433158040047,0.1071428582072258
YDR452W,YFL052W,0,-1.6822196,0.018018018454313278,0.019704433158040047,0.10738915950059891
YER065C,YLR155C,0,-1.6827147,0.017977528274059296,0.019704433158040047,0.10763546824455261
YCR070W,YBL003C,0,-1.682981,0.017937220633029938,0.019704433158040047,0.10788177698850632
YLR225C,YLR081W,0,-1.6830288,0.017897091805934906,0.019704433158040047,0.10812807828187943
YPL060C-A,YML029W,0,-1.6830642,0.01785714365541935,0.019704433158040047,0.10837438702583313
YPL256C,YDL174C,0,-1.6843715,0.01781737245619297,0.019704433158040047,0.10862068831920624
YKR010C,YGL210W-A,0,-1.6844896,0.017777778208255768,0.019704433158040047,0.10886699706315994
YPR164W,YPL283C,1,-1.685703,0.019955653697252274,0.02216748706996441,0.10886699706315994
YPL162C,YER094C,0,-1.685848,0.0199115052819252,0.02216748706996441,0.10911329835653305
YBL099W,YDR210W-A,0,-1.6860241,0.01986755058169365,0.02216748706996441,0.10935960710048676
YJL028W,YOR190W,0,-1.686631,0.019823787733912468,0.02216748706996441,0.10960590839385986
YDR348C,YDR540C,0,-1.6877764,0.019780220463871956,0.02216748706996441,0.10985221713781357
YOL097C,YPL060C-A,0,-1.688822,0.019736841320991516,0.02216748706996441,0.11009852588176727
YNL064C,YMR104C,0,-1.6890725,0.019693654030561447,0.02216748706996441,0.11034482717514038
YNL053W,YNR075W,0,-1.6896996,0.01965065486729145,0.02216748706996441,0.11059113591909409
YOR229W,YGR038C-B,0,-1.6915393,0.019607843831181526,0.02216748706996441,0.1108374372124672
YFL052W,YLR229C,0,-1.6917092,0.019565217196941376,0.02216748706996441,0.1110837459564209
YLR240W,YJL160C,0,-1.6921684,0.01952277682721615,0.02216748706996441,0.111330047249794
YDL010W,YGL160W,0,-1.6925474,0.019480518996715546,0.02216748706996441,0.11157635599374771
YFL052W,YKR018C,0,-1.69277,0.019438445568084717,0.02216748706996441,0.11182265728712082
YMR189W,YGR198W,0,-1.6932112,0.019396550953388214,0.02216748706996441,0.11206896603107452
YLL039C,YEL020C,0,-1.6936575,0.019354838877916336,0.02216748706996441,0.11231526732444763
YPL164C,YPL283C,1,-1.6937901,0.021459227427840233,0.02463054098188877,0.11231526732444763
YLR376C,YLR157C-B,0,-1.6944183,0.021413275972008705,0.02463054098188877,0.11256157606840134
YGL210W-A,YLR095C,0,-1.6950067,0.021367521956562996,0.02463054098188877,0.11280788481235504
YJR007W,YPR158W-A,0,-1.6955181,0.021321961656212807,0.02463054098188877,0.11305418610572815
YOR056C,YBR018C,0,-1.6955621,0.021276595070958138,0.02463054098188877,0.11330049484968185
YNL069C,YBR056W,0,-1.695792,0.02123142220079899,0.02463054098188877,0.11354679614305496
YDR034C-D,YGR038C-B,0,-1.6988175,0.02118644118309021,0.02463054098188877,0.11379310488700867
YDR034C-D,YOR007C,0,-1.699982,0.021141648292541504,0.02463054098188877,0.11403940618038177
YPL009C,YNL134C,0,-1.7006794,0.02109704725444317,0.02463054098188877,0.11428571492433548
YNL321W,YMR134W,0,-1.7022687,0.021052632480859756,0.02463054098188877,0.11453201621770859
YDL226C,YIL168W,0,-1.7024404,0.021008403971791267,0.02463054098188877,0.11477832496166229
YBL005W-A,YCR089W,0,-1.7024682,0.020964359864592552,0.02463054098188877,0.115024633705616
YFL016C,YOR088W,0,-1.7038206,0.02092050202190876,0.02463054098188877,0.1152709349989891
YIR007W,YBR039W,0,-1.7087067,0.020876826718449593,0.02463054098188877,0.11551724374294281
YLR157C-B,YAL055W,0,-1.7099453,0.02083333395421505,0.02463054098188877,0.11576354503631592
YGR090W,YLR307W,0,-1.710245,0.020790020003914833,0.02463054098188877,0.11600985378026962
YPL246C,YPL275W,0,-1.7113794,0.02074688859283924,0.02463054098188877,0.11625615507364273
YER042W,YPL162C,0,-1.7124501,0.020703934133052826,0.02463054098188877,0.11650246381759644
YGR038C-A,YPR033C,0,-1.7124684,0.020661156624555588,0.02463054098188877,0.11674876511096954
YMR164C,YPL081W,0,-1.7127107,0.020618556067347527,0.02463054098188877,0.11699507385492325
YIR035C,YDL191W,0,-1.7135864,0.020576132461428642,0.02463054098188877,0.11724138259887695
YIL127C,YOL049W,0,-1.7143971,0.020533880218863487,0.02463054098188877,0.11748768389225006
YGL210W-A,YOR312C,0,-1.7149347,0.02049180306494236,0.02463054098188877,0.11773399263620377
YDR034C-D,YPL158C,0,-1.715121,0.020449897274374962,0.02463054098188877,0.11798029392957687
YLR406C,YJR129C,0,-1.7183882,0.020408162847161293,0.02463054098188877,0.11822660267353058
YBR139W,YGR163W,0,-1.7183932,0.020366597920656204,0.02463054098188877,0.11847290396690369
YNR054C,YGR027W-A,0,-1.7186791,0.020325202494859695,0.02463054098188877,0.11871921271085739
YKL071W,YAR071W,0,-1.7187023,0.020283976569771767,0.02463054098188877,0.1189655140042305
YJL160C,YIR008C,0,-1.718747,0.02024291455745697,0.02463054098188877,0.1192118227481842
YDR348C,YER094C,0,-1.7189146,0.020202020183205605,0.02463054098188877,0.11945813149213791
YOR293W,YPL072W,0,-1.7195781,0.02016128972172737,0.02463054098188877,0.11970443278551102
YNL126W,YOR344C,0,-1.720069,0.02012072503566742,0.02463054098188877,0.11995074152946472
YOR095C,YDR027C,0,-1.720246,0.0200803205370903,0.02463054098188877,0.12019704282283783
YLR340W,YDR488C,0,-1.7210029,0.020040079951286316,0.02463054098188877,0.12044335156679153
YHR216W,YHR124W,0,-1.7231055,0.019999999552965164,0.02463054098188877,0.12068965286016464
YGL079W,YJL074C,0,-1.7234787,0.019960079342126846,0.02463054098188877,0.12093596160411835
YLR376C,YBL027W,0,-1.7238964,0.019920319318771362,0.02463054098188877,0.12118226289749146
YMR104C,YBR019C,0,-1.7245653,0.019880715757608414,0.02463054098188877,0.12142857164144516
YLR307W,YOR088W,0,-1.7247224,0.01984127052128315,0.02463054098188877,0.12167488038539886
YDL156W,YDL213C,0,-1.7263018,0.019801979884505272,0.02463054098188877,0.12192118167877197
YKR099C-A,YOR133W,0,-1.7267705,0.01976284570991993,0.02463054098188877,0.12216749042272568
YPL088W,YPL232W,0,-1.7270908,0.019723866134881973,0.02463054098188877,0.12241379171609879
YLL032C,YCR083W,0,-1.727887,0.019685039296746254,0.02463054098188877,0.12266010046005249
YHR045W,YLR308W,0,-1.7298976,0.01964636519551277,0.02463054098188877,0.1229064017534256
YDR506C,YIL067C,0,-1.7300106,0.019607843831181526,0.02463054098188877,0.1231527104973793
YBR132C,YGR038C-B,0,-1.7301303,0.01956947147846222,0.02463054098188877,0.12339901179075241
YBL036C,YDR291W,0,-1.7305546,0.01953125,0.02463054098188877,0.12364532053470612
YFL034C-B,YMR244C-A,0,-1.7307291,0.01949317753314972,0.02463054098188877,0.12389162927865982
YDL153C,YJL092W,0,-1.7324728,0.019455252215266228,0.02463054098188877,0.12413793057203293
YJL204C,YBL036C,0,-1.7326957,0.019417475908994675,0.02463054098188877,0.12438423931598663
YDR338C,YER169W,0,-1.7330016,0.01937984488904476,0.02463054098188877,0.12463054060935974
YJL177W,YDL010W,0,-1.7331372,0.01934235915541649,0.02463054098188877,0.12487684935331345
YOR255W,YMR083W,0,-1.7339157,0.019305018708109856,0.02463054098188877,0.12512315809726715
YOR130C,YHR045W,0,-1.7343003,0.019267823547124863,0.02463054098188877,0.12536945939064026
YBR253W,YJL113W,0,-1.7353357,0.01923076994717121,0.02463054098188877,0.12561576068401337
YLR166C,YKR018C,0,-1.7357384,0.0191938579082489,0.02463054098188877,0.12586206197738647
YCL019W,YLR310C,0,-1.7358996,0.019157087430357933,0.02463054098188877,0.12610837817192078
YCR067C,YLL023C,0,-1.7361144,0.019120458513498306,0.02463054098188877,0.12635467946529388
YGL255W,YML019W,0,-1.7364715,0.019083969295024872,0.02463054098188877,0.126600980758667
YKL163W,YKR025W,0,-1.7365938,0.01904761977493763,0.02463054098188877,0.1268472969532013
YML008C,YBL097W,0,-1.7370461,0.01901140622794628,0.02463054098188877,0.1270935982465744
YHR039C,YDR446W,1,-1.7371174,0.02087286487221718,0.027093596756458282,0.1270935982465744
YDR522C,YCR070W,0,-1.7375654,0.02083333395421505,0.027093596756458282,0.1273398995399475
YGL255W,YOL013C,0,-1.7389952,0.02079395018517971,0.027093596756458282,0.12758620083332062
YPR061C,YCR043C,0,-1.7400149,0.02075471729040146,0.027093596756458282,0.12783251702785492
YEL077C,YJL020C,0,-1.7407876,0.020715631544589996,0.027093596756458282,0.12807881832122803
YDL132W,YPR066W,0,-1.7412039,0.020676691085100174,0.027093596756458282,0.12832511961460114
YIR013C,YFR004W,0,-1.7413539,0.02063789777457714,0.027093596756458282,0.12857143580913544
YMR291W,YHR176W,0,-1.7421683,0.020599251613020897,0.027093596756458282,0.12881773710250854
YNL329C,YLL032C,0,-1.7424921,0.020560747012495995,0.027093596756458282,0.12906403839588165
YGR068C,YCL062W,0,-1.7451955,0.020522387698292732,0.027093596756458282,0.12931033968925476
YKL137W,YNL134C,0,-1.7460889,0.02048417180776596,0.027093596756458282,0.12955665588378906
YLR077W,YLR205C,0,-1.7462841,0.02044609747827053,0.027093596756458282,0.12980295717716217
YMR278W,YNR063W,0,-1.7479506,0.020408162847161293,0.027093596756458282,0.13004925847053528
YLR388W,YJR091C,0,-1.748937,0.020370369777083397,0.027093596756458282,0.1302955597639084
YLR369W,YOR088W,0,-1.7489482,0.020332716405391693,0.027093596756458282,0.1305418759584427
YDR338C,YLR242C,0,-1.7490133,0.02029520273208618,0.027093596756458282,0.1307881772518158
YKL176C,YOR088W,0,-1.749513,0.020257826894521713,0.027093596756458282,0.1310344785451889
YGR278W,YOR133W,0,-1.7501479,0.020220588892698288,0.027093596756458282,0.1312807947397232
YOL041C,YOR339C,0,-1.7506016,0.020183486863970757,0.027093596756458282,0.1315270960330963
YKR067W,YJR056C,0,-1.7510189,0.02014652080833912,0.027093596756458282,0.13177339732646942
YMR135C,YJL051W,0,-1.7524265,0.020109688863158226,0.027093596756458282,0.13201969861984253
YNL082W,YDL014W,0,-1.7542928,0.020072992891073227,0.027093596756458282,0.13226601481437683
YCL019W,YLR421C,0,-1.755085,0.020036429166793823,0.027093596756458282,0.13251231610774994
YLL032C,YDR001C,0,-1.7561665,0.019999999552965164,0.027093596756458282,0.13275861740112305
YDR020C,YNR069C,0,-1.7567849,0.0199637021869421,0.027093596756458282,0.13300491869449615
YPL268W,YHR128W,0,-1.7569927,0.019927537068724632,0.027093596756458282,0.13325123488903046
YER039C,YIL067C,0,-1.7573435,0.01989150047302246,0.027093596756458282,0.13349753618240356
YBR079C,YOR088W,0,-1.7588439,0.019855596125125885,0.027093596756458282,0.13374383747577667
YER035W,YOR133W,0,-1.7596135,0.019819820299744606,0.027093596756458282,0.13399015367031097
YLR405W,YDL222C,0,-1.7597555,0.019784172996878624,0.027093596756458282,0.13423645496368408
YEL004W,YPL162C,0,-1.7608714,0.01974865421652794,0.027093596756458282,0.1344827562570572
YML131W,YHR102W,0,-1.7624625,0.0197132620960474,0.027093596756458282,0.1347290575504303
YKL096W,YBR070C,0,-1.7626157,0.01967799663543701,0.027093596756458282,0.1349753737449646
YNL058C,YPR112C,0,-1.7626928,0.01964285783469677,0.027093596756458282,0.1352216750383377
YBL004W,YPL088W,0,-1.7641736,0.019607843831181526,0.027093596756458282,0.13546797633171082
YML033W,YNL097C,0,-1.7651591,0.01957295462489128,0.027093596756458282,0.13571429252624512
YER011W,YLR119W,0,-1.7655112,0.019538188353180885,0.027093596756458282,0.13596059381961823
YPL187W,YGL077C,0,-1.7655768,0.019503546878695488,0.027093596756458282,0.13620689511299133
YHR216W,YOL075C,0,-1.7661394,0.01946902647614479,0.027093596756458282,0.13645319640636444
YLR307W,YLR027C,0,-1.7673963,0.019434629008173943,0.027093596756458282,0.13669951260089874
YOR328W,YBR021W,0,-1.7674538,0.019400352612137794,0.027093596756458282,0.13694581389427185
YKL107W,YOR122C,0,-1.7677032,0.019366197288036346,0.027093596756458282,0.13719211518764496
YGR157W,YPL158C,0,-1.7680205,0.01933216117322445,0.027093596756458282,0.13743841648101807
YCR033W,YKR099C-A,0,-1.7693199,0.019298246130347252,0.027093596756458282,0.13768473267555237
YHL022C,YLR027C,0,-1.7719203,0.019264448434114456,0.027093596756458282,0.13793103396892548
YBL100W-A,YNL270C,0,-1.7721986,0.01923076994717121,0.027093596756458282,0.13817733526229858
YLR166C,YDR020C,0,-1.7726403,0.01919720694422722,0.027093596756458282,0.13842365145683289
YJL018W,YMR278W,0,-1.7729498,0.019163763150572777,0.027093596756458282,0.138669952750206
YKL027W,YBL004W,0,-1.774139,0.019130434840917587,0.027093596756458282,0.1389162540435791
YPL009C,YKL163W,0,-1.7747974,0.01909722201526165,0.027093596756458282,0.1391625553369522
YKR081C,YNR049C,0,-1.7748991,0.019064124673604965,0.027093596756458282,0.1394088715314865
YJL018W,YLR119W,0,-1.7751316,0.019031140953302383,0.027093596756458282,0.13965517282485962
YCR028C-A,YPL066W,0,-1.7757292,0.018998272716999054,0.027093596756458282,0.13990147411823273
YFL022C,YPR004C,0,-1.7757846,0.018965518102049828,0.027093596756458282,0.14014779031276703
YER035W,YLR405W,0,-1.7768334,0.018932875245809555,0.027093596756458282,0.14039409160614014
YMR134W,YER094C,0,-1.7772964,0.018900344148278236,0.027093596756458282,0.14064039289951324
YKL027W,YGR140W,0,-1.7785944,0.01886792480945587,0.027093596756458282,0.14088669419288635
YBL042C,YNR069C,0,-1.7787354,0.01883561722934246,0.027093596756458282,0.14113301038742065
YOL075C,YDR450W,0,-1.7790147,0.018803419545292854,0.027093596756458282,0.14137931168079376
YHR104W,YIL031W,0,-1.779048,0.018771331757307053,0.027093596756458282,0.14162561297416687
YNR063W,YMR060C,0,-1.7794163,0.018739352002739906,0.027093596756458282,0.14187191426753998
YPL275W,YOR197W,0,-1.7794777,0.018707482144236565,0.027093596756458282,0.14211823046207428
YJR095W,YHL033C,0,-1.7801124,0.018675722181797028,0.027093596756458282,0.1423645317554474
YEL011W,YEL003W,0,-1.7821118,0.018644068390130997,0.027093596756458282,0.1426108330488205
YML069W,YNL327W,0,-1.7837739,0.018612520769238472,0.027093596756458282,0.1428571492433548
YLR225C,YER004W,0,-1.7838924,0.018581081181764603,0.027093596756458282,0.1431034505367279
YOR144C,YPL283C,1,-1.7846612,0.02023608796298504,0.029556650668382645,0.1431034505367279
YBR056W,YNL014W,0,-1.7847618,0.020202020183205605,0.029556650668382645,0.143349751830101
YMR104C,YAL001C,0,-1.786157,0.020168067887425423,0.029556650668382645,0.14359605312347412
YOR214C,YIR008C,0,-1.786806,0.020134227350354195,0.029556650668382645,0.14384236931800842
YJL207C,YBL071W-A,0,-1.7873565,0.02010050229728222,0.029556650668382645,0.14408867061138153
YEL077C,YBL003C,0,-1.7877072,0.020066889002919197,0.029556650668382645,0.14433497190475464
YKL027W,YCR068W,0,-1.7882029,0.02003338932991028,0.029556650668382645,0.14458128809928894
YPR181C,YGR289C,0,-1.7912742,0.019999999552965164,0.029556650668382645,0.14482758939266205
YKL096W,YJR088C,0,-1.7914044,0.019966721534729004,0.029556650668382645,0.14507389068603516
YJR113C,YDR352W,0,-1.791773,0.019933555275201797,0.029556650668382645,0.14532019197940826
YBR104W,YDR352W,0,-1.7926058,0.019900497049093246,0.029556650668382645,0.14556650817394257
YNL134C,YIR008C,0,-1.794121,0.01986755058169365,0.029556650668382645,0.14581280946731567
YNL327W,YOR030W,0,-1.7942357,0.01983471028506756,0.029556650668382645,0.14605911076068878
YIL099W,YML007W,0,-1.7946496,0.019801979884505272,0.029556650668382645,0.1463054120540619
YKL163W,YNL321W,0,-1.7950889,0.01976935751736164,0.029556650668382645,0.1465517282485962
YPL249C-A,YGL175C,0,-1.7952249,0.019736841320991516,0.029556650668382645,0.1467980295419693
YMR170C,YLL032C,0,-1.7957615,0.019704433158040047,0.029556650668382645,0.1470443308353424
YHR065C,YML118W,0,-1.7985977,0.019672131165862083,0.029556650668382645,0.1472906470298767
YIL067C,YBL100W-A,0,-1.7988623,0.019639935344457626,0.029556650668382645,0.14753694832324982
YPL009C,YDR489W,0,-1.8009624,0.019607843831181526,0.029556650668382645,0.14778324961662292
YML131W,YML130C,0,-1.8033259,0.019575856626033783,0.029556650668382645,0.14802955090999603
YGR125W,YML069W,0,-1.8034772,0.019543973729014397,0.029556650668382645,0.14827586710453033
YCR070W,YBR199W,0,-1.8039881,0.019512195140123367,0.029556650668382645,0.14852216839790344
YJL177W,YHR003C,0,-1.8041247,0.019480518996715546,0.029556650668382645,0.14876846969127655
YKL176C,YPL088W,0,-1.8055884,0.01944894716143608,0.029556650668382645,0.14901477098464966
YEL046C,YCR070W,0,-1.8060184,0.019417475908994675,0.029556650668382645,0.14926108717918396
YHR112C,YIL131C,0,-1.8063217,0.019386107102036476,0.029556650668382645,0.14950738847255707
YLR340W,YHR018C,0,-1.8076077,0.019354838877916336,0.029556650668382645,0.14975368976593018
YOR178C,YOR293W,0,-1.8078438,0.019323671236634254,0.029556650668382645,0.15000000596046448
YLR368W,YKR099C-A,0,-1.8079826,0.01929260417819023,0.029556650668382645,0.15024630725383759
YLR077W,YBR056W,0,-1.8079962,0.019261637702584267,0.029556650668382645,0.1504926085472107
YCR043C,YIL168W,0,-1.8082002,0.01923076994717121,0.029556650668382645,0.1507389098405838
YML093W,YCL020W,0,-1.8083613,0.019200000911951065,0.029556650668382645,0.1509852260351181
YIR033W,YKL216W,0,-1.8092517,0.01916932873427868,0.029556650668382645,0.1512315273284912
YER078C,YML078W,0,-1.8105313,0.019138755276799202,0.029556650668382645,0.15147782862186432
YML008C,YMR134W,0,-1.8111161,0.019108280539512634,0.029556650668382645,0.15172414481639862
YEL077C,YLR095C,0,-1.8113602,0.019077900797128677,0.029556650668382645,0.15197044610977173
YOR056C,YBR161W,0,-1.8120292,0.01904761977493763,0.029556650668382645,0.15221674740314484
YGR287C,YDR210W,0,-1.8120311,0.019017431885004044,0.029556650668382645,0.15246304869651794
YBR083W,YHR094C,0,-1.8128692,0.018987340852618217,0.029556650668382645,0.15270936489105225
YKL163W,YMR024W,0,-1.8142235,0.01895734667778015,0.029556650668382645,0.15295566618442535
YBR136W,YMR190C,1,-1.8142499,0.020504731684923172,0.03201970458030701,0.15295566618442535
YDR171W,YGR065C,0,-1.8147289,0.020472440868616104,0.03201970458030701,0.15320196747779846
YCR079W,YHR045W,0,-1.816296,0.020440252497792244,0.03201970458030701,0.15344826877117157
YAR071W,YDR266C,0,-1.8166806,0.020408162847161293,0.03201970458030701,0.15369458496570587
YJR088C,YLL023C,0,-1.8169538,0.02037617564201355,0.03201970458030701,0.15394088625907898
YNR012W,YGR192C,0,-1.8185769,0.020344287157058716,0.03201970458030701,0.1541871875524521
YLR077W,YDR348C,0,-1.8187594,0.02031249925494194,0.03201970458030701,0.1544335037469864
YLR240W,YMR291W,0,-1.8194726,0.020280811935663223,0.03201970458030701,0.1546798050403595
YNL323W,YKR099C-A,0,-1.8204767,0.020249221473932266,0.03201970458030701,0.1549261063337326
YOL075C,YGR132C,0,-1.8205848,0.02021772973239422,0.03201970458030701,0.1551724076271057
YEL020C,YML024W,0,-1.821112,0.02018633484840393,0.03201970458030701,0.15541872382164001
YKL071W,YGR261C,0,-1.8227097,0.020155038684606552,0.03201970458030701,0.15566502511501312
YKL125W,YJL138C,0,-1.8243119,0.020123839378356934,0.03201970458030701,0.15591132640838623
YMR189W,YFL052W,0,-1.8243681,0.020092735067009926,0.03201970458030701,0.15615764260292053
YPR107C,YKL120W,0,-1.8245134,0.020061727613210678,0.03201970458030701,0.15640394389629364
YJL028W,YIL023C,0,-1.8246025,0.02003081701695919,0.03201970458030701,0.15665024518966675
YPL241C,YCL020W,0,-1.8259844,0.019999999552965164,0.03201970458030701,0.15689654648303986
YNL134C,YBR167C,0,-1.8260487,0.019969278946518898,0.03201970458030701,0.15714286267757416
YOL017W,YLR405W,0,-1.8267382,0.019938649609684944,0.03201970458030701,0.15738916397094727
YPL037C,YJR088C,0,-1.8271616,0.01990811713039875,0.03201970458030701,0.15763546526432037
YOL128C,YDR020C,0,-1.827277,0.01987767592072487,0.03201970458030701,0.15788176655769348
YNL058C,YKR001C,0,-1.8278999,0.01984732784330845,0.03201970458030701,0.15812808275222778
YHR176W,YPL066W,0,-1.8280412,0.01981707289814949,0.03201970458030701,0.1583743840456009
YGR203W,YPL241C,0,-1.8284304,0.019786911085247993,0.03201970458030701,0.158620685338974
YPL088W,YNL148C,0,-1.8289919,0.01975683867931366,0.03201970458030701,0.1588670015335083
YCL019W,YER075C,0,-1.8291252,0.019726859405636787,0.03201970458030701,0.1591133028268814
YDR162C,YPL162C,0,-1.8294032,0.019696969538927078,0.03201970458030701,0.15935960412025452
YLR369W,YKL107W,0,-1.8298568,0.01966717094182968,0.03201970458030701,0.15960590541362762
YIR007W,YDL159W,0,-1.8304952,0.019637461751699448,0.03201970458030701,0.15985222160816193
YDR293C,YLL032C,0,-1.8319072,0.019607843831181526,0.03201970458030701,0.16009852290153503
YIL073C,YGR128C,0,-1.832501,0.01957831345498562,0.03201970458030701,0.16034482419490814
YJL018W,YNL316C,0,-1.8334957,0.019548872485756874,0.03201970458030701,0.16059114038944244
YMR134W,YNL225C,0,-1.8335042,0.019519519060850143,0.03201970458030701,0.16083744168281555
YCR028C-A,YER075C,0,-1.8342881,0.019490255042910576,0.03201970458030701,0.16108374297618866
YDR210W,YOR196C,0,-1.834536,0.019461078569293022,0.03201970458030701,0.16133004426956177
YDR519W,YLR341W,0,-1.8351542,0.019431987777352333,0.03201970458030701,0.16157636046409607
YPL053C,YBL100W-A,0,-1.8352934,0.019402984529733658,0.03201970458030701,0.16182266175746918
YGR049W,YOR128C,0,-1.835487,0.019374068826436996,0.03201970458030701,0.16206896305084229
YPR075C,YPL212C,0,-1.8355614,0.0193452388048172,0.03201970458030701,0.1623152643442154
YPL009C,YNR049C,0,-1.8357307,0.01931649260222912,0.03201970458030701,0.1625615805387497
YBR216C,YMR244C-A,0,-1.8361741,0.01928783394396305,0.03201970458030701,0.1628078818321228
YPL170W,YAL047C,0,-1.8371265,0.0192592591047287,0.03201970458030701,0.1630541831254959
YNL037C,YPL108W,0,-1.8371902,0.01923076994717121,0.03201970458030701,0.1633004993200302
YJR043C,YER160C,0,-1.8375021,0.01920236274600029,0.03201970458030701,0.16354680061340332
YGL224C,YJL113W,0,-1.838313,0.019174041226506233,0.03201970458030701,0.16379310190677643
YFL052W,YBR154C,0,-1.8385749,0.019145803526043892,0.03201970458030701,0.16403940320014954
YOR003W,YNR051C,0,-1.8393761,0.019117647781968117,0.03201970458030701,0.16428571939468384
YHR072W-A,YGR289C,0,-1.842458,0.019089573994278908,0.03201970458030701,0.16453202068805695
YPL236C,YAL047C,0,-1.8435153,0.019061584025621414,0.03201970458030701,0.16477832198143005
YIL016W,YLL032C,0,-1.8438156,0.019033674150705338,0.03201970458030701,0.16502462327480316
YDL232W,YJL118W,0,-1.8453568,0.019005848094820976,0.03201970458030701,0.16527093946933746
YHR045W,YNR039C,0,-1.845419,0.018978102132678032,0.03201970458030701,0.16551724076271057
YNL106C,YER160C,0,-1.8471807,0.018950438126921654,0.03201970458030701,0.16576354205608368
YCR034W,YGR091W,0,-1.847364,0.018922852352261543,0.03201970458030701,0.16600985825061798
YBL050W,YNL058C,0,-1.8483338,0.018895348533988,0.03201970458030701,0.1662561595439911
YOL075C,YMR083W,0,-1.849579,0.01886792480945587,0.03201970458030701,0.1665024608373642
YDL025C,YCL026C-A,0,-1.8503796,0.018840579316020012,0.03201970458030701,0.1667487621307373
YDR506C,YOR255W,0,-1.8524083,0.01881331391632557,0.03201970458030701,0.1669950783252716
YLR070C,YGL047W,0,-1.8546795,0.018786126747727394,0.03201970458030701,0.16724137961864471
YLR320W,YPL275W,0,-1.8572314,0.018759019672870636,0.03201970458030701,0.16748768091201782
YML114C,YHR045W,0,-1.8574077,0.018731988966464996,0.03201970458030701,0.16773399710655212
YER003C,YIL121W,0,-1.8582637,0.018705036491155624,0.03201970458030701,0.16798029839992523
YFL052W,YML019W,0,-1.8591672,0.01867816038429737,0.03201970458030701,0.16822659969329834
YDL178W,YHR196W,0,-1.8594986,0.018651362508535385,0.03201970458030701,0.16847290098667145
YDL153C,YJL113W,0,-1.8599052,0.018624641001224518,0.03201970458030701,0.16871921718120575
YGR108W,YPR004C,0,-1.8605629,0.018597997725009918,0.03201970458030701,0.16896551847457886
YLR225C,YGR277C,0,-1.8605899,0.018571428954601288,0.03201970458030701,0.16921181976795197
YLR064W,YBR083W,0,-1.8610121,0.018544936552643776,0.03201970458030701,0.16945812106132507
YBL045C,YJL113W,0,-1.8611543,0.018518518656492233,0.03201970458030701,0.16970443725585938
YNR063W,YGR261C,0,-1.8613666,0.01849217712879181,0.03201970458030701,0.16995073854923248
YPL283C,YMR167W,1,-1.8615855,0.019886363297700882,0.03448275849223137,0.16995073854923248
YLR393W,YBR139W,0,-1.8637885,0.01985815539956093,0.03448275849223137,0.1701970398426056
YHL018W,YKL220C,0,-1.8647225,0.01983002759516239,0.03448275849223137,0.1704433560371399
YPL236C,YJR086W,0,-1.8658439,0.019801979884505272,0.03448275849223137,0.170689657330513
YLR084C,YDR043C,0,-1.8678365,0.01977401040494442,0.03448275849223137,0.1709359586238861
YKL222C,YDL122W,0,-1.8680779,0.019746121019124985,0.03448275849223137,0.17118225991725922
YMR030W,YIR035C,0,-1.8694867,0.019718309864401817,0.03448275849223137,0.17142857611179352
YJR088C,YHR102W,0,-1.8695964,0.019690576940774918,0.03448275849223137,0.17167487740516663
YNR063W,YNL035C,0,-1.8709182,0.019662922248244286,0.03448275849223137,0.17192117869853973
YIL105C,YBR204C,0,-1.8712009,0.019635343924164772,0.03448275849223137,0.17216749489307404
YLR424W,YGR207C,0,-1.8717136,0.019607843831181526,0.03448275849223137,0.17241379618644714
YOR371C,YHR128W,0,-1.872374,0.0195804201066494,0.03448275849223137,0.17266009747982025
YGR048W,YJL118W,0,-1.872943,0.01955307275056839,0.03448275849223137,0.17290639877319336
YMR079W,YOR100C,0,-1.8741915,0.0195258017629385,0.03448275849223137,0.17315271496772766
YPL108W,YOR367W,0,-1.8744572,0.019498607143759727,0.03448275849223137,0.17339901626110077
YBR073W,YDR446W,1,-1.8746146,0.020862309262156487,0.03694581240415573,0.17339901626110077
YLR378C,YNR075W,0,-1.8754686,0.02083333395421505,0.03694581240415573,0.17364531755447388
YLR174W,YPL086C,0,-1.8770257,0.02080443874001503,0.03694581240415573,0.17389161884784698
YMR014W,YMR244C-A,0,-1.8782283,0.020775623619556427,0.03694581240415573,0.1741379350423813
YBR103W,YLR057W,0,-1.8788148,0.02074688859283924,0.03694581240415573,0.1743842363357544
YJL177W,YOR284W,0,-1.8791842,0.020718231797218323,0.03694581240415573,0.1746305376291275
YHL001W,YOR005C,0,-1.8806386,0.02068965509533882,0.03694581240415573,0.1748768538236618
YPL275W,YKL157W,0,-1.8814257,0.020661156624555588,0.03694581240415573,0.1751231551170349
YPL265W,YFL002C,0,-1.8827517,0.020632736384868622,0.03694581240415573,0.17536945641040802
YEL060C,YNR075W,0,-1.8830687,0.020604396238923073,0.03694581240415573,0.17561575770378113
YDR142C,YDR186C,0,-1.8842129,0.020576132461428642,0.03694581240415573,0.17586207389831543
YBR216C,YGR277C,0,-1.8845903,0.02054794505238533,0.03694581240415573,0.17610837519168854
YDR123C,YDR001C,0,-1.8860856,0.020519835874438286,0.03694581240415573,0.17635467648506165
YPL088W,YDL213C,0,-1.8868346,0.02049180306494236,0.03694581240415573,0.17660097777843475
YKL071W,YDR051C,0,-1.887895,0.020463846623897552,0.03694581240415573,0.17684729397296906
YBL066C,YNL058C,0,-1.8881878,0.020435966551303864,0.03694581240415573,0.17709359526634216
YEL020C,YFL008W,0,-1.8886427,0.020408162847161293,0.03694581240415573,0.17733989655971527
YEL042W,YPR004C,0,-1.888898,0.02038043551146984,0.03694581240415573,0.17758621275424957
YMR236W,YJL160C,0,-1.889402,0.02035278081893921,0.03694581240415573,0.17783251404762268
YIL158W,YBR167C,0,-1.8896567,0.020325202494859695,0.03694581240415573,0.1780788153409958
YIR013C,YBR104W,0,-1.8898469,0.02029769867658615,0.03694581240415573,0.1783251166343689
YFL062W,YMR058W,0,-1.8904521,0.020270269364118576,0.03694581240415573,0.1785714328289032
YJL113W,YOL058W,0,-1.8907592,0.02024291455745697,0.03694581240415573,0.1788177341222763
YDR210W,YJL113W,0,-1.8913585,0.020215634256601334,0.03694581240415573,0.17906403541564941
YOR141C,YOR022C,0,-1.8931422,0.020188424736261368,0.03694581240415573,0.17931035161018372
YLR057W,YKR045C,0,-1.8935411,0.02016128972172737,0.03694581240415573,0.17955665290355682
YNL327W,YNL005C,0,-1.8939544,0.020134227350354195,0.03694581240415573,0.17980295419692993
YLR064W,YDL052C,0,-1.8958095,0.020107239484786987,0.03694581240415573,0.18004925549030304
YDR006C,YLR308W,0,-1.8961041,0.0200803205370903,0.03694581240415573,0.18029557168483734
YLR132C,YPR124W,0,-1.896349,0.020053476095199585,0.03694581240415573,0.18054187297821045
YKL213C,YOR298C-A,0,-1.8966287,0.02002670243382454,0.03694581240415573,0.18078817427158356
YKL101W,YJL118W,0,-1.8972826,0.019999999552965164,0.03694581240415573,0.18103447556495667
YKR081C,YOL034W,0,-1.8974909,0.01997336931526661,0.03694581240415573,0.18128079175949097
YLR132C,YGR091W,0,-1.8997778,0.019946807995438576,0.03694581240415573,0.18152709305286407
YML008C,YBR239C,0,-1.9020281,0.019920319318771362,0.03694581240415573,0.18177339434623718
YAR071W,YOL034W,0,-1.9033104,0.01989389955997467,0.03694581240415573,0.18201971054077148
YGR096W,YFL031W,0,-1.9035188,0.01986755058169365,0.03694581240415573,0.1822660118341446
YGL201C,YML026C,0,-1.9040974,0.01984127052128315,0.03694581240415573,0.1825123131275177
YDR506C,YOR003W,0,-1.9046437,0.01981505937874317,0.03694581240415573,0.1827586144208908
YDL025C,YJL111W,0,-1.9051392,0.019788919016718864,0.03694581240415573,0.1830049306154251
YLR307W,YCL011C,0,-1.9066142,0.01976284570991993,0.03694581240415573,0.18325123190879822
YAL001C,YCR023C,0,-1.9070064,0.019736841320991516,0.03694581240415573,0.18349753320217133
YFL062W,YKR092C,0,-1.9071268,0.019710905849933624,0.03694581240415573,0.18374384939670563
YNL245C,YPR004C,0,-1.9086673,0.019685039296746254,0.03694581240415573,0.18399015069007874
YGR287C,YKL211C,0,-1.9092621,0.019659239798784256,0.03694581240415573,0.18423645198345184
YKL071W,YNL264C,0,-1.90929,0.01963350735604763,0.03694581240415573,0.18448275327682495
YLR242C,YDL156W,0,-1.9098561,0.019607843831181526,0.03694581240415573,0.18472906947135925
YML078W,YLR225C,0,-1.9104851,0.019582245498895645,0.03694581240415573,0.18497537076473236
YNL072W,YOL075C,0,-1.9117075,0.019556714221835136,0.03694581240415573,0.18522167205810547
YDR338C,YHR191C,0,-1.9134694,0.01953125,0.03694581240415573,0.18546797335147858
YPL192C,YPR004C,0,-1.9135894,0.019505850970745087,0.03694581240415573,0.18571428954601288
YLR064W,YER169W,0,-1.9136456,0.019480518996715546,0.03694581240415573,0.185960590839386
YGL201C,YNR063W,0,-1.9139951,0.019455252215266228,0.03694581240415573,0.1862068921327591
YJR088C,YJL203W,0,-1.9142421,0.019430052489042282,0.03694581240415573,0.1864532083272934
YIL117C,YGR092W,0,-1.9149384,0.01940491609275341,0.03694581240415573,0.1866995096206665
YPR201W,YPR181C,0,-1.9161955,0.01937984488904476,0.03694581240415573,0.1869458109140396
YPL088W,YOR360C,0,-1.9167148,0.019354838877916336,0.03694581240415573,0.18719211220741272
YGL208W,YNR063W,0,-1.917555,0.019329896196722984,0.03694581240415573,0.18743842840194702
YNL069C,YKL112W,0,-1.9179646,0.019305018708109856,0.03694581240415573,0.18768472969532013
YGR203W,YER073W,0,-1.918426,0.01928020641207695,0.03694581240415573,0.18793103098869324
YLR064W,YDR264C,0,-1.920134,0.01925545558333397,0.03694581240415573,0.18817734718322754
YMR134W,YDR264C,0,-1.9204193,0.01923076994717121,0.03694581240415573,0.18842364847660065
YGR028W,YNR075W,0,-1.9222891,0.019206145778298378,0.03694581240415573,0.18866994976997375
YBR203W,YLL054C,0,-1.9246062,0.01918158493936062,0.03694581240415573,0.18891625106334686
YDR221W,YHR003C,0,-1.9247701,0.019157087430357933,0.03694581240415573,0.18916256725788116
YER035W,YCR043C,0,-1.924847,0.01913265325129032,0.03694581240415573,0.18940886855125427
YLR013W,YHR045W,0,-1.925927,0.019108280539512634,0.03694581240415573,0.18965516984462738
YDL002C,YBR139W,0,-1.926315,0.019083969295024872,0.03694581240415573,0.1899014711380005
YGR277C,YCL020W,0,-1.926368,0.019059721380472183,0.03694581240415573,0.1901477873325348
YPL255W,YDR186C,0,-1.9269568,0.01903553307056427,0.03694581240415573,0.1903940886259079
YEL077C,YCR033W,0,-1.927122,0.01901140622794628,0.03694581240415573,0.190640389919281
YNL072W,YDR186C,0,-1.9273058,0.018987340852618217,0.03694581240415573,0.1908867061138153
YNR056C,YFL052W,0,-1.9279617,0.018963336944580078,0.03694581240415573,0.19113300740718842
YEL055C,YBR204C,0,-1.92811,0.018939394503831863,0.03694581240415573,0.19137930870056152
YGR247W,YJR088C,0,-1.9285505,0.018915509805083275,0.03694581240415573,0.19162560999393463
YLR225C,YDL066W,0,-1.9294937,0.01889168843626976,0.03694581240415573,0.19187192618846893
YKR018C,YOR367W,0,-1.9307108,0.01886792480945587,0.03694581240415573,0.19211822748184204
YFL055W,YGL099W,0,-1.9307374,0.01884422078728676,0.03694581240415573,0.19236452877521515
YHR079C-A,YGL043W,1,-1.9315506,0.020075282081961632,0.03940886631608009,0.19236452877521515
YPR075C,YHR128W,0,-1.9327803,0.02005012519657612,0.03940886631608009,0.19261083006858826
YCL026C-A,YLR355C,0,-1.9328929,0.02002503164112568,0.03940886631608009,0.19285714626312256
YDL025C,YOL089C,0,-1.9338197,0.019999999552965164,0.03940886631608009,0.19310344755649567
YKL035W,YPR065W,0,-1.9339129,0.019975030794739723,0.03940886631608009,0.19334974884986877
YDR194C,YHR094C,0,-1.9339974,0.019950125366449356,0.03940886631608009,0.19359606504440308
YHR045W,YER160C,0,-1.9343715,0.019925279542803764,0.03940886631608009,0.19384236633777618
YCR043C,YKR046C,0,-1.9346997,0.019900497049093246,0.03940886631608009,0.1940886676311493
YDR519W,YPL066W,0,-1.9355417,0.019875776022672653,0.03940886631608009,0.1943349689245224
YLL023C,YPL046C,0,-1.935746,0.019851116463541985,0.03940886631608009,0.1945812851190567
YBR039W,YCR023C,0,-1.9370571,0.01982651837170124,0.03940886631608009,0.1948275864124298
YHR083W,YCR023C,0,-1.9376007,0.019801979884505272,0.03940886631608009,0.19507388770580292
YBR132C,YMR244C-A,0,-1.9380907,0.019777502864599228,0.03940886631608009,0.19532020390033722
YDR506C,YER058W,0,-1.9385096,0.01975308731198311,0.03940886631608009,0.19556650519371033
YFR028C,YLL032C,0,-1.9390136,0.019728729501366615,0.03940886631608009,0.19581280648708344
YPL283C,YOR368W,1,-1.9393085,0.020935960114002228,0.041871920228004456,0.19581280648708344
YPL275W,YIL050W,0,-1.9397699,0.02091020904481411,0.041871920228004456,0.19605910778045654
YIL121W,YOL021C,0,-1.9399538,0.020884521305561066,0.041871920228004456,0.19630542397499084
YMR278W,YPR022C,0,-1.939982,0.020858895033597946,0.041871920228004456,0.19655172526836395
YDR432W,YGR092W,0,-1.9410752,0.02083333395421505,0.041871920228004456,0.19679802656173706
YOR329C,YBL036C,0,-1.9412707,0.020807834342122078,0.041871920228004456,0.19704432785511017
YGR277C,YPR004C,0,-1.9426054,0.02078239619731903,0.041871920228004456,0.19729064404964447
YLR132C,YGL086W,0,-1.9428687,0.020757021382451057,0.041871920228004456,0.19753694534301758
YEL060C,YOL034W,0,-1.9431146,0.02073170803487301,0.041871920228004456,0.19778324663639069
YLR297W,YHR098C,0,-1.9434997,0.020706456154584885,0.041871920228004456,0.198029562830925
YIR007W,YKR022C,0,-1.9438273,0.020681265741586685,0.041871920228004456,0.1982758641242981
YGR133W,YPL108W,0,-1.9442347,0.02065613679587841,0.041871920228004456,0.1985221654176712
YKL025C,YPL108W,0,-1.9444768,0.02063106745481491,0.041871920228004456,0.1987684667110443
YMR280C,YML019W,0,-1.9446217,0.020606061443686485,0.041871920228004456,0.1990147829055786
YPL020C,YMR260C,0,-1.9459423,0.020581113174557686,0.041871920228004456,0.19926108419895172
YIR021W,YPL265W,0,-1.9463803,0.02055622823536396,0.041871920228004456,0.19950738549232483
YPL118W,YLL054C,0,-1.9466826,0.02053140103816986,0.041871920228004456,0.19975370168685913
YLR064W,YOL119C,0,-1.9470168,0.020506635308265686,0.041871920228004456,0.20000000298023224
YDR408C,YDR540C,0,-1.9481289,0.020481927320361137,0.041871920228004456,0.20024630427360535
YIR021W,YIL067C,0,-1.9485359,0.020457280799746513,0.041871920228004456,0.20049260556697845
YBR019C,YJR159W,0,-1.9485904,0.020432692021131516,0.041871920228004456,0.20073892176151276
YML121W,YMR305C,0,-1.9492383,0.020408162847161293,0.041871920228004456,0.20098522305488586
YGR203W,YFR044C,0,-1.9506618,0.020383693277835846,0.041871920228004456,0.20123152434825897
YKL025C,YCL026C-A,0,-1.9512049,0.020359281450510025,0.041871920228004456,0.20147782564163208
YLR376C,YJL160C,0,-1.9520193,0.02033492736518383,0.041871920228004456,0.20172414183616638
YML123C,YJL036W,0,-1.9525899,0.02031063288450241,0.041871920228004456,0.2019704431295395
YML066C,YJR056C,0,-1.9526752,0.020286396145820618,0.041871920228004456,0.2022167444229126
YBL036C,YIL158W,0,-1.9540664,0.02026221714913845,0.041871920228004456,0.2024630606174469
YHL033C,YIL129C,0,-1.9544773,0.02023809589445591,0.041871920228004456,0.20270936191082
YER078C,YGR261C,0,-1.9545901,0.020214030519127846,0.041871920228004456,0.20295566320419312
YPR101W,YNL035C,0,-1.9551243,0.020190022885799408,0.041871920228004456,0.20320196449756622
YCR073C,YKR045C,0,-1.957691,0.020166072994470596,0.041871920228004456,0.20344828069210052
YKR022C,YGR128C,0,-1.9581505,0.02014218084514141,0.041871920228004456,0.20369458198547363
YGR125W,YJR088C,0,-1.9583528,0.020118342712521553,0.041871920228004456,0.20394088327884674
YLR084C,YAL001C,0,-1.9585382,0.02009456232190132,0.041871920228004456,0.20418719947338104
YPL283C,YOR035C,1,-1.9592046,0.02125147543847561,0.04433497413992882,0.20418719947338104
YFL016C,YPL108W,0,-1.959364,0.021226415410637856,0.04433497413992882,0.20443350076675415
YER078C,YHL018W,0,-1.9602963,0.02120141312479973,0.04433497413992882,0.20467980206012726
YIL023C,YDL025C,0,-1.9615453,0.021176470443606377,0.04433497413992882,0.20492610335350037
YJL051W,YCR097W,0,-1.961573,0.02115158550441265,0.04433497413992882,0.20517241954803467
YIR013C,YMR251W-A,0,-1.9635966,0.0211267601698637,0.04433497413992882,0.20541872084140778
YBR019C,YDL156W,0,-1.9639473,0.021101992577314377,0.04433497413992882,0.20566502213478088
YOR344C,YEL003W,0,-1.9642817,0.02107728272676468,0.04433497413992882,0.205911323428154
YLR132C,YER004W,0,-1.9648391,0.021052632480859756,0.04433497413992882,0.2061576396226883
YJR017C,YDR186C,0,-1.9651337,0.02102803811430931,0.04433497413992882,0.2064039409160614
YDR446W,YOL068C,1,-1.9657277,0.022170361131429672,0.04679802805185318,0.2064039409160614
YJL028W,YBR210W,0,-1.9671961,0.02214452251791954,0.04679802805185318,0.2066502422094345
YNL082W,YMR134W,0,-1.9683825,0.022118743509054184,0.04679802805185318,0.2068965584039688
YLR205C,YMR162C,0,-1.9702116,0.022093024104833603,0.04679802805185318,0.20714285969734192
YJL210W,YOL075C,0,-1.972002,0.022067364305257797,0.04679802805185318,0.20738916099071503
YER048C,YEL011W,0,-1.9730061,0.022041764110326767,0.04679802805185318,0.20763546228408813
YPL256C,YNL323W,0,-1.9735395,0.022016221657395363,0.04679802805185318,0.20788177847862244
YNR073C,YOL146W,0,-1.9738748,0.021990740671753883,0.04679802805185318,0.20812807977199554
YBR235W,YPR140W,0,-1.9770056,0.02196531742811203,0.04679802805185318,0.20837438106536865
YJL111W,YLL032C,0,-1.9772406,0.021939953789114952,0.04679802805185318,0.20862068235874176
YOR336W,YHR196W,0,-1.97733,0.0219146478921175,0.04679802805185318,0.20886699855327606
YHR091C,YHR045W,0,-1.9776846,0.021889401599764824,0.04679802805185318,0.20911329984664917
YNL075W,YDR307W,0,-1.97917,0.021864211186766624,0.04679802805185318,0.20935960114002228
YIL127C,YDR155C,0,-1.9791867,0.0218390803784132,0.04679802805185318,0.20960591733455658
YER078C,YPR094W,0,-1.979801,0.021814007312059402,0.04679802805185318,0.2098522186279297
YOR214C,YJL020C,0,-1.9801039,0.02178899012506008,0.04679802805185318,0.2100985199213028
YKL071W,YLR421C,0,-1.9809818,0.021764032542705536,0.04679802805185318,0.2103448212146759
YIL082W-A,YDR198C,0,-1.9812614,0.021739130839705467,0.04679802805185318,0.2105911374092102
YLR453C,YBL071W-A,0,-1.9818718,0.021714285016059875,0.04679802805185318,0.2108374387025833
YCR023C,YAL009W,0,-1.9819721,0.02168949693441391,0.04679802805185318,0.21108373999595642
YDR307W,YOR133W,0,-1.9841557,0.02166476659476757,0.04679802805185318,0.21133005619049072
YCR042C,YJR129C,0,-1.9849086,0.02164009027183056,0.04679802805185318,0.21157635748386383
YJR056C,YJL113W,0,-1.9855578,0.021615471690893173,0.04679802805185318,0.21182265877723694
YDR506C,YDL213C,0,-1.9886545,0.021590908989310265,0.04679802805185318,0.21206896007061005
YDR214W,YML022W,0,-1.9887708,0.021566402167081833,0.04679802805185318,0.21231527626514435
YER078C,YLR355C,0,-1.9889078,0.02154194936156273,0.04679802805185318,0.21256157755851746
YIL091C,YLR027C,0,-1.9889671,0.02151755429804325,0.04679802805185318,0.21280787885189056
YLR057W,YGL020C,0,-1.9901637,0.0214932132512331,0.04679802805185318,0.21305418014526367
YBR126C,YDR339C,0,-1.9913981,0.02146892622113228,0.04679802805185318,0.21330049633979797
YBL066C,YER160C,0,-1.991892,0.021444695070385933,0.04679802805185318,0.21354679763317108
YJR056C,YIL015W,0,-1.9925631,0.021420517936348915,0.04679802805185318,0.2137930989265442
YKR013W,YER169W,0,-1.9931117,0.021396396681666374,0.04679802805185318,0.2140394151210785
YOL115W,YGL255W,0,-1.9932634,0.021372327581048012,0.04679802805185318,0.2142857164144516
YAR050W,YPL237W,0,-1.993311,0.021348314359784126,0.04679802805185318,0.2145320177078247
YOR056C,YJL184W,0,-1.993415,0.02132435515522957,0.04679802805185318,0.21477831900119781
YBR039W,YER011W,0,-1.9954977,0.02130044810473919,0.04679802805185318,0.21502463519573212
YBR161W,YIR035C,0,-1.9958843,0.021276595070958138,0.04679802805185318,0.21527093648910522
YCL019W,YKL101W,0,-1.9971272,0.021252796053886414,0.04679802805185318,0.21551723778247833
YNR056C,YER073W,0,-1.9975814,0.021229051053524017,0.04679802805185318,0.21576355397701263
YIL049W,YLR057W,0,-1.9989883,0.02120535634458065,0.04679802805185318,0.21600985527038574
YLR406C,YOR284W,0,-2.0014312,0.02118171751499176,0.04679802805185318,0.21625615656375885
YBR265W,YPR022C,0,-2.001873,0.0211581289768219,0.04679802805185318,0.21650245785713196
YPL283C,YBR098W,1,-2.0024397,0.022246941924095154,0.04926108196377754,0.21650245785713196
YPL053C,YMR189W,0,-2.0028298,0.02222222276031971,0.04926108196377754,0.21674877405166626
YDR540C,YGL245W,0,-2.0031753,0.022197557613253593,0.04926108196377754,0.21699507534503937
YPL211W,YJR047C,0,-2.0037222,0.022172948345541954,0.04926108196377754,0.21724137663841248
YNL209W,YPL255W,0,-2.00398,0.02214839495718479,0.04926108196377754,0.21748767793178558
YDR184C,YGL160W,0,-2.0040019,0.022123893722891808,0.04926108196377754,0.21773399412631989
YFL034C-A,YML111W,0,-2.0041068,0.0220994483679533,0.04926108196377754,0.217980295419693
YHR039C,YPL283C,1,-2.0048456,0.023178808391094208,0.0517241396009922,0.217980295419693
YJL028W,YHR098C,0,-2.0049763,0.02315325289964676,0.0517241396009922,0.2182265967130661
YDR446W,YGL043W,1,-2.0052135,0.024229075759649277,0.054187193512916565,0.2182265967130661
YHL022C,YPL108W,0,-2.007558,0.024202419444918633,0.054187193512916565,0.2184729129076004
YDL168W,YGR041W,0,-2.008408,0.024175824597477913,0.054187193512916565,0.2187192142009735
YIR007W,YBR235W,0,-2.0084321,0.02414928562939167,0.054187193512916565,0.21896551549434662
YFL034C-B,YPL187W,0,-2.0087671,0.024122806265950203,0.054187193512916565,0.21921181678771973
YNL037C,YDR540C,0,-2.009838,0.024096384644508362,0.054187193512916565,0.21945813298225403
YOR336W,YBL009W,0,-2.0098898,0.024070022627711296,0.054187193512916565,0.21970443427562714
YMR309C,YPL158C,0,-2.0110886,0.024043716490268707,0.054187193512916565,0.21995073556900024
YML093W,YNL327W,0,-2.0116868,0.024017468094825745,0.054187193512916565,0.22019705176353455
YKL046C,YGR109C,0,-2.0124338,0.02399127557873726,0.054187193512916565,0.22044335305690765
YDR186C,YAL009W,0,-2.0125594,0.0239651408046484,0.054187193512916565,0.22068965435028076
YDR171W,YOR202W,0,-2.0140476,0.023939063772559166,0.054187193512916565,0.22093595564365387
YBR132C,YOR214C,0,-2.014496,0.02391304261982441,0.054187193512916565,0.22118227183818817
YBL006C,YIR003W,0,-2.0145113,0.02388707920908928,0.054187193512916565,0.22142857313156128
YMR104C,YLR051C,0,-2.0150926,0.023861171677708626,0.054187193512916565,0.2216748744249344
YJR043C,YGR207C,0,-2.015122,0.02383532002568245,0.054187193512916565,0.2219211757183075
YBL036C,YIL129C,0,-2.0155623,0.02380952425301075,0.054187193512916565,0.2221674919128418
YEL046C,YMR170C,0,-2.015858,0.023783784359693527,0.054187193512916565,0.2224137932062149
YHL018W,YJR014W,0,-2.0158994,0.023758098483085632,0.054187193512916565,0.222660094499588
YGR049W,YPL190C,0,-2.0159621,0.023732470348477364,0.054187193512916565,0.22290641069412231
YKL101W,YGR207C,0,-2.0175345,0.023706896230578423,0.054187193512916565,0.22315271198749542
YJL177W,YML065W,0,-2.0175629,0.02368137799203396,0.054187193512916565,0.22339901328086853
YGR087C,YGR065C,0,-2.0180929,0.023655913770198822,0.054187193512916565,0.22364531457424164
YDR216W,YGR092W,0,-2.0199077,0.023630505427718163,0.054187193512916565,0.22389163076877594
YMR134W,YDL104C,0,-2.022049,0.02360515110194683,0.054187193512916565,0.22413793206214905
YLR262C,YGR289C,0,-2.0222843,0.023579850792884827,0.054187193512916565,0.22438423335552216
YLR225C,YOR367W,0,-2.023576,0.02355460450053215,0.054187193512916565,0.22463053464889526
YLR393W,YFR044C,0,-2.0238144,0.0235294122248888,0.054187193512916565,0.22487685084342957
YOL033W,YBR204C,0,-2.0240088,0.02350427396595478,0.054187193512916565,0.22512315213680267
YGR287C,YER169W,0,-2.0242019,0.023479189723730087,0.054187193512916565,0.22536945343017578
YBR235W,YMR164C,0,-2.0243044,0.023454157635569572,0.054187193512916565,0.22561576962471008
YBR203W,YDR506C,0,-2.024899,0.023429179564118385,0.054187193512916565,0.2258620709180832
YBL036C,YDR198C,0,-2.0251055,0.023404255509376526,0.054187193512916565,0.2261083722114563
YPL020C,YHL018W,0,-2.025226,0.023379383608698845,0.054187193512916565,0.2263546735048294
YCL045C,YOL049W,0,-2.0264568,0.023354563862085342,0.054187193512916565,0.2266009896993637
YMR291W,YCL020W,0,-2.0281007,0.023329798132181168,0.054187193512916565,0.22684729099273682
YOR095C,YHR200W,0,-2.0282705,0.02330508455634117,0.054187193512916565,0.22709359228610992
YKR018C,YNR051C,0,-2.0283186,0.023280423134565353,0.054187193512916565,0.22733990848064423
YDR450W,YBL009W,0,-2.0293484,0.023255813866853714,0.054187193512916565,0.22758620977401733
YPR151C,YBR152W,0,-2.0294914,0.023231256753206253,0.054187193512916565,0.22783251106739044
YCL033C,YER011W,0,-2.029991,0.02320675179362297,0.054187193512916565,0.22807881236076355
YGL124C,YGR280C,0,-2.0305035,0.023182297125458717,0.054187193512916565,0.22832512855529785
YAL061W,YGL153W,0,-2.0305896,0.023157894611358643,0.054187193512916565,0.22857142984867096
YIL127C,YKR080W,0,-2.0315752,0.023133544251322746,0.054187193512916565,0.22881773114204407
YGL002W,YIR003W,0,-2.0316288,0.02310924418270588,0.054187193512916565,0.22906403243541718
YMR309C,YIL168W,0,-2.0319223,0.02308499440550804,0.054187193512916565,0.22931034862995148
YLR002C,YER170W,0,-2.03198,0.023060796782374382,0.054187193512916565,0.22955664992332458
YOR361C,YCR097W,0,-2.0322354,0.023036649450659752,0.054187193512916565,0.2298029512166977
YNR026C,YDR506C,0,-2.0334663,0.02301255241036415,0.054187193512916565,0.230049267411232
YBR161W,YIL067C,0,-2.0346172,0.02298850566148758,0.054187193512916565,0.2302955687046051
YPL009C,YPR101W,0,-2.0362484,0.022964509204030037,0.054187193512916565,0.2305418699979782
YIL158W,YLR431C,0,-2.0363152,0.022940563037991524,0.054187193512916565,0.23078817129135132
YLL023C,YIL122W,0,-2.0368145,0.02291666716337204,0.054187193512916565,0.23103448748588562
YOR077W,YDR037W,0,-2.0401719,0.022892819717526436,0.054187193512916565,0.23128078877925873
YGL160W,YJL122W,0,-2.0406592,0.02286902256309986,0.054187193512916565,0.23152709007263184
YJL203W,YGR128C,0,-2.041345,0.022845275700092316,0.054187193512916565,0.23177340626716614
YPR022C,YEL047C,0,-2.041432,0.02282157726585865,0.054187193512916565,0.23201970756053925
YGL043W,YMR106C,1,-2.041587,0.023834196850657463,0.05665024742484093,0.23201970756053925
YOR115C,YNR075W,0,-2.0419927,0.02380952425301075,0.05665024742484093,0.23226600885391235
YCL010C,YBR204C,0,-2.0429907,0.023784901946783066,0.05665024742484093,0.23251231014728546
YLR275W,YOR312C,0,-2.0430505,0.02376032993197441,0.05665024742484093,0.23275862634181976
YER011W,YMR271C,0,-2.0437763,0.023735810071229935,0.05665024742484093,0.23300492763519287
YGR257C,YGL047W,0,-2.044161,0.023711340501904488,0.05665024742484093,0.23325122892856598
YCR023C,YCR008W,0,-2.044887,0.02368692122399807,0.05665024742484093,0.2334975302219391
YIL099W,YLR405W,0,-2.045376,0.02366255223751068,0.05665024742484093,0.2337438464164734
YHL007C,YIL127C,0,-2.0453978,0.023638231679797173,0.05665024742484093,0.2339901477098465
YLR166C,YER160C,0,-2.0483644,0.023613963276147842,0.05665024742484093,0.2342364490032196
YDR214W,YDL049C,0,-2.0500786,0.023589743301272392,0.05665024742484093,0.2344827651977539
YJL151C,YFL053W,0,-2.0513453,0.02356557361781597,0.05665024742484093,0.23472906649112701
YGR203W,YKR092C,0,-2.052227,0.02354145422577858,0.05665024742484093,0.23497536778450012
YDL103C,YGR277C,0,-2.052779,0.023517383262515068,0.05665024742484093,0.23522166907787323
YGL166W,YLL054C,0,-2.0537598,0.023493360728025436,0.05665024742484093,0.23546798527240753
YEL011W,YNL305C,0,-2.0547383,0.023469388484954834,0.05665024742484093,0.23571428656578064
YEL011W,YDR488C,0,-2.0547621,0.02344546467065811,0.05665024742484093,0.23596058785915375
YLL052C,YBR244W,0,-2.0553732,0.02342158928513527,0.05665024742484093,0.23620688915252686
YDR363W,YBR244W,0,-2.0559213,0.023397762328386307,0.05665024742484093,0.23645320534706116
YHL022C,YAR014C,0,-2.056101,0.023373983800411224,0.05665024742484093,0.23669950664043427
YOR284W,YJL118W,0,-2.0576198,0.023350253701210022,0.05665024742484093,0.23694580793380737
YDR394W,YBR139W,0,-2.057925,0.0233265720307827,0.05665024742484093,0.23719212412834167
YGR059W,YGL023C,0,-2.058773,0.023302938789129257,0.05665024742484093,0.23743842542171478
YIR007W,YNL177C,0,-2.0599701,0.023279352113604546,0.05665024742484093,0.2376847267150879
YOL119C,YBR239C,0,-2.0614321,0.023255813866853714,0.05665024742484093,0.237931028008461
YHL018W,YDR001C,0,-2.0617115,0.023232324048876762,0.05665024742484093,0.2381773442029953
YGL160W,YNL197C,0,-2.0621808,0.02320888079702854,0.05665024742484093,0.2384236454963684
YGL079W,YHR045W,0,-2.0634668,0.02318548411130905,0.05665024742484093,0.23866994678974152
YHR079C-A,YHR039C,1,-2.0641522,0.024169184267520905,0.05911330133676529,0.23866994678974152
YCR043C,YLR119W,0,-2.0642781,0.024144869297742844,0.05911330133676529,0.23891626298427582
YBL067C,YCR023C,0,-2.065911,0.024120602756738663,0.05911330133676529,0.23916256427764893
YBR132C,YHR062C,0,-2.0662246,0.024096384644508362,0.05911330133676529,0.23940886557102203
YKL107W,YML072C,0,-2.06654,0.02407221682369709,0.05911330133676529,0.23965516686439514
YBL099W,YDR266C,0,-2.067021,0.02404809556901455,0.05911330133676529,0.23990148305892944
YBR244W,YLL054C,0,-2.0695915,0.024024024605751038,0.05911330133676529,0.24014778435230255
YHR112C,YJR017C,0,-2.0697868,0.024000000208616257,0.05911330133676529,0.24039408564567566
YHR003C,YBR014C,0,-2.0714772,0.023976024240255356,0.05911330133676529,0.24064038693904877
YPL283C,YNL312W,1,-2.0745504,0.024950100108981133,0.06157635524868965,0.24064038693904877
YKL101W,YHL022C,0,-2.075938,0.024925224483013153,0.06157635524868965,0.24088670313358307
YJL139C,YLL054C,0,-2.076498,0.024900399148464203,0.06157635524868965,0.24113300442695618
YKR086W,YKL216W,0,-2.0768857,0.024875622242689133,0.06157635524868965,0.24137930572032928
YJL137C,YOR133W,0,-2.0774715,0.024850893765687943,0.06157635524868965,0.2416256219148636
YBR200W,YDR382W,0,-2.0805054,0.02482621558010578,0.06157635524868965,0.2418719232082367
YLR225C,YBR139W,0,-2.081642,0.02480158768594265,0.06157635524868965,0.2421182245016098
YIL066C,YLR064W,0,-2.0818667,0.02477700635790825,0.06157635524868965,0.2423645257949829
YHR032W,YKR046C,0,-2.0820963,0.024752475321292877,0.06157635524868965,0.2426108419895172
YGL020C,YLL032C,0,-2.0824404,0.024727992713451385,0.06157635524868965,0.24285714328289032
YER078C,YAR071W,0,-2.0843391,0.024703556671738625,0.06157635524868965,0.24310344457626343
YOL016C,YBR056W,0,-2.084717,0.024679170921444893,0.06157635524868965,0.24334976077079773
YNL299W,YDR266C,0,-2.0854461,0.024654831737279892,0.06157635524868965,0.24359606206417084
YJL099W,YGR067C,0,-2.0861492,0.02463054098188877,0.06157635524868965,0.24384236335754395
YOL146W,YBR056W,0,-2.0868278,0.02460629865527153,0.06157635524868965,0.24408866465091705
YIR033W,YBL097W,0,-2.0875888,0.02458210475742817,0.06157635524868965,0.24433498084545135
YCL026C-A,YBL009W,0,-2.0882902,0.02455795742571354,0.06157635524868965,0.24458128213882446
YDR506C,YOR245C,0,-2.0890508,0.02453385666012764,0.06157635524868965,0.24482758343219757
YKL152C,YCR089W,0,-2.0894904,0.02450980432331562,0.06157635524868965,0.24507388472557068
YLR398C,YER160C,0,-2.08972,0.024485798552632332,0.06157635524868965,0.24532020092010498
YKL216W,YOR360C,0,-2.0900395,0.024461839348077774,0.06157635524868965,0.2455665022134781
YDR119W,YDR186C,0,-2.0907125,0.024437928572297096,0.06157635524868965,0.2458128035068512
YDR027C,YBL005W-A,0,-2.0924098,0.0244140625,0.06157635524868965,0.2460591197013855
YOR095C,YOR255W,0,-2.0924861,0.024390242993831635,0.06157635524868965,0.2463054209947586
YIL158W,YER018C,0,-2.0931826,0.02436647191643715,0.06157635524868965,0.2465517222881317
YNR023W,YCL045C,0,-2.094551,0.024342745542526245,0.06157635524868965,0.24679802358150482
YGL160W,YPL008W,0,-2.0947459,0.024319065734744072,0.06157635524868965,0.24704433977603912
YBR056W,YGL012W,0,-2.0951576,0.02429543249309063,0.06157635524868965,0.24729064106941223
YJL203W,YKR042W,0,-2.095216,0.02427184395492077,0.06157635524868965,0.24753694236278534
YBL040C,YBR204C,0,-2.0961862,0.02424830198287964,0.06157635524868965,0.24778325855731964
YOR128C,YPL030W,0,-2.0980546,0.02422480657696724,0.06157635524868965,0.24802955985069275
YDR363W,YGL187C,0,-2.099352,0.02420135587453842,0.06157635524868965,0.24827586114406586
YDL020C,YJR002W,0,-2.099599,0.024177949875593185,0.06157635524868965,0.24852216243743896
YDL156W,YBL101C,0,-2.0997062,0.02415458858013153,0.06157635524868965,0.24876847863197327
YHL009C,YLL023C,0,-2.1009793,0.024131273850798607,0.06157635524868965,0.24901477992534637
YCL033C,YCR066W,0,-2.1013565,0.024108003824949265,0.06157635524868965,0.24926108121871948
YGR125W,YOR197W,0,-2.1016212,0.024084778502583504,0.06157635524868965,0.2495073825120926
YMR011W,YLR051C,0,-2.1024635,0.024061597883701324,0.06157635524868965,0.2497536987066269
YIL091C,YAL042W,0,-2.1028862,0.024038461968302727,0.06157635524868965,0.25
YNL037C,YML123C,0,-2.1031106,0.02401537075638771,0.06157635524868965,0.2502463161945343
YGR128C,YNR049C,0,-2.104935,0.023992322385311127,0.06157635524868965,0.2504926025867462
YPL047W,YNR063W,0,-2.1050582,0.023969318717718124,0.06157635524868965,0.2507389187812805
YOR022C,YOR205C,0,-2.1055334,0.023946359753608704,0.06157635524868965,0.2509852349758148
YDR214W,YEL077C,0,-2.1059215,0.023923445492982864,0.06157635524868965,0.25123152136802673
YJR113C,YNL058C,0,-2.1069362,0.023900574073195457,0.06157635524868965,0.25147783756256104
YNL275W,YMR058W,0,-2.1092105,0.023877745494246483,0.06157635524868965,0.25172412395477295
YEL060C,YPL170W,0,-2.1099417,0.02385496161878109,0.06157635524868965,0.25197044014930725
YCR027C,YPR004C,0,-2.1103365,0.02383222058415413,0.06157635524868965,0.25221675634384155
YGR109C,YPR165W,0,-2.111294,0.02380952425301075,0.06157635524868965,0.25246304273605347
YHR187W,YGR207C,0,-2.1117275,0.023786868900060654,0.06157635524868965,0.25270935893058777
YMR135C,YMR134W,0,-2.115624,0.02376425825059414,0.06157635524868965,0.25295567512512207
YLR398C,YIR035C,0,-2.116455,0.023741690441966057,0.06157635524868965,0.253201961517334
YLR388W,YJL093C,0,-2.1170387,0.023719165474176407,0.06157635524868965,0.2534482777118683
YNL124W,YMR058W,0,-2.1173024,0.02369668334722519,0.06157635524868965,0.2536945939064026
YGR059W,YBL009W,0,-2.1176376,0.023674242198467255,0.06157635524868965,0.2539408802986145
YHR079C-A,YPL015C,1,-2.1196094,0.02459791861474514,0.06403940916061401,0.2539408802986145
YPL283C,YOL068C,1,-2.1196413,0.025519847869873047,0.06650245934724808,0.2539408802986145
YLR242C,YHR018C,0,-2.1203275,0.025495750829577446,0.06650245934724808,0.2541871964931488
YDR385W,YKL092C,0,-2.1212404,0.025471698492765427,0.06650245934724808,0.2544334828853607
YLL005C,YIL067C,0,-2.1240509,0.02544769085943699,0.06650245934724808,0.254679799079895
YPR151C,YPL266W,0,-2.1262147,0.025423727929592133,0.06650245934724808,0.2549261152744293
YGR041W,YPR004C,0,-2.1265397,0.025399811565876007,0.06650245934724808,0.25517240166664124
YJL209W,YBR244W,0,-2.1269548,0.025375939905643463,0.06650245934724808,0.25541871786117554
YGL017W,YIL067C,0,-2.1297877,0.0253521129488945,0.06650245934724808,0.25566503405570984
YCL030C,YOL034W,0,-2.1303327,0.02532833069562912,0.06650245934724808,0.25591132044792175
YNL134C,YLR110C,0,-2.1312158,0.02530459314584732,0.06650245934724808,0.25615763664245605
YJL074C,YJL122W,0,-2.1331058,0.025280898436903954,0.06650245934724808,0.25640395283699036
YMR266W,YOR190W,0,-2.1340027,0.025257250294089317,0.06650245934724808,0.25665023922920227
YHR016C,YIR035C,0,-2.1351254,0.025233644992113113,0.06650245934724808,0.2568965554237366
YDR237W,YCL020W,0,-2.1352005,0.02521008439362049,0.06650245934724808,0.2571428716182709
YJL050W,YHR200W,0,-2.1358275,0.0251865666359663,0.06650245934724808,0.2573891580104828
YIL158W,YBL018C,0,-2.135995,0.025163093581795692,0.06650245934724808,0.2576354742050171
YJL028W,YPL005W,0,-2.1361835,0.025139665231108665,0.06650245934724808,0.257881760597229
YDL155W,YCR043C,0,-2.1361997,0.02511627972126007,0.06650245934724808,0.2581280767917633
YLR057W,YDR307W,0,-2.136515,0.02509293705224991,0.06650245934724808,0.2583743929862976
YBR056W,YHR152W,0,-2.137305,0.02506963722407818,0.06650245934724808,0.2586206793785095
YDL193W,YDR307W,0,-2.137915,0.02504638209939003,0.06650245934724808,0.2588669955730438
YIL127C,YGL187C,0,-2.1386402,0.025023169815540314,0.06650245934724808,0.2591133117675781
YBR215W,YCR034W,0,-2.1388483,0.02500000037252903,0.06650245934724808,0.25935959815979004
YAR050W,YMR199W,0,-2.1419756,0.02497687377035618,0.06650245934724808,0.25960591435432434
YKL049C,YNR063W,0,-2.1430802,0.02495379000902176,0.06650245934724808,0.25985223054885864
YKR060W,YPR022C,0,-2.1433818,0.024930747225880623,0.06650245934724808,0.26009851694107056
YIL091C,YIL023C,0,-2.1436927,0.024907749146223068,0.06650245934724808,0.26034483313560486
YGL160W,YLR222C,0,-2.1439352,0.024884792044758797,0.06650245934724808,0.2605911195278168
YOR208W,YBR298C,0,-2.1479888,0.024861877784132957,0.06650245934724808,0.2608374357223511
YNL064C,YJR088C,0,-2.1486373,0.02483900636434555,0.06650245934724808,0.2610837519168854
YNL072W,YIL082W-A,0,-2.1492045,0.024816175922751427,0.06650245934724808,0.2613300383090973
YER011W,YGL044C,0,-2.1495738,0.024793388321995735,0.06650245934724808,0.2615763545036316
YIL085C,YGL255W,0,-2.149605,0.024770641699433327,0.06650245934724808,0.2618226706981659
YIR007W,YIR034C,0,-2.1513534,0.02474793791770935,0.06650245934724808,0.2620689570903778
YDL153C,YPL124W,0,-2.1517825,0.024725275114178658,0.06650245934724808,0.2623152732849121
YEL026W,YCR083W,0,-2.1520245,0.024702653288841248,0.06650245934724808,0.2625615894794464
YDR210W,YLR355C,0,-2.152384,0.02468007244169712,0.06650245934724808,0.2628078758716583
YOR234C,YBR199W,0,-2.1538336,0.024657534435391426,0.06650245934724808,0.2630541920661926
YDR216W,YBR239C,0,-2.1546524,0.024635037407279015,0.06650245934724808,0.26330047845840454
YER119C,YML075C,0,-2.156092,0.024612579494714737,0.06650245934724808,0.26354679465293884
YGR109C,YDL020C,0,-2.1585507,0.02459016442298889,0.06650245934724808,0.26379311084747314
YNL327W,YOR083W,0,-2.1592743,0.02456778846681118,0.06650245934724808,0.26403939723968506
YNL053W,YDR363W,0,-2.1611068,0.0245454553514719,0.06650245934724808,0.26428571343421936
YBL066C,YHR196W,0,-2.1612513,0.024523161351680756,0.06650245934724808,0.26453202962875366
YOR214C,YLR319C,0,-2.1643033,0.024500908330082893,0.06650245934724808,0.2647783160209656
YHR152W,YDR266C,0,-2.1647365,0.024478694424033165,0.06650245934724808,0.2650246322154999
YML130C,YJL204C,0,-2.1648872,0.02445652149617672,0.06650245934724808,0.2652709484100342
YOL060C,YHR072W-A,0,-2.1649458,0.024434389546513557,0.06650245934724808,0.2655172348022461
YKL071W,YOR295W,0,-2.1654575,0.02441229671239853,0.06650245934724808,0.2657635509967804
YJL028W,YPL187W,0,-2.165816,0.024390242993831635,0.06650245934724808,0.2660098373889923
YNL082W,YOL039W,0,-2.1665075,0.024368230253458023,0.06650245934724808,0.2662561535835266
YGR277C,YPL170W,0,-2.1666021,0.024346258491277695,0.06650245934724808,0.2665024697780609
YLR340W,YBR293W,0,-2.1668332,0.02432432398200035,0.06650245934724808,0.2667487561702728
YGL099W,YGR247W,0,-2.1671493,0.02430243045091629,0.06650245934724808,0.26699507236480713
YML008C,YHR084W,0,-2.1679451,0.024280576035380363,0.06650245934724808,0.26724138855934143
YDR339C,YGR125W,0,-2.1717968,0.02425876073539257,0.06650245934724808,0.26748767495155334
YLR205C,YBL019W,0,-2.1737375,0.02423698455095291,0.06650245934724808,0.26773399114608765
YDR210W,YCL011C,0,-2.173957,0.024215247482061386,0.06650245934724808,0.26798030734062195
YIL099W,YJL020C,0,-2.1742537,0.024193547666072845,0.06650245934724808,0.26822659373283386
YER021W,YGL160W,0,-2.1750958,0.024171888828277588,0.06650245934724808,0.26847290992736816
YHR039C,YFL003C,1,-2.176761,0.025044722482562065,0.06896551698446274,0.26847290992736816
YLR057W,YDR051C,0,-2.1767719,0.025022340938448906,0.06896551698446274,0.26871922612190247
YIL117C,YOR231W,0,-2.176955,0.02500000037252903,0.06896551698446274,0.2689655125141144
YJL209W,YIL082W-A,0,-2.1769974,0.024977698922157288,0.06896551698446274,0.2692118287086487
YLR057W,YGL153W,0,-2.1770933,0.02495543658733368,0.06896551698446274,0.2694581151008606
YDL193W,YDL156W,0,-2.1772091,0.024933215230703354,0.06896551698446274,0.2697044312953949
YDR020C,YDR255C,0,-2.1777675,0.024911031126976013,0.06896551698446274,0.2699507474899292
YGR287C,YBR228W,0,-2.1784186,0.024888888001441956,0.06896551698446274,0.2701970338821411
YMR116C,YNL265C,0,-2.1787431,0.02486678585410118,0.06896551698446274,0.2704433500766754
YLR320W,YJL076W,0,-2.1789558,0.02484472095966339,0.06896551698446274,0.2706896662712097
YCR069W,YPL086C,0,-2.180269,0.024822695180773735,0.06896551698446274,0.27093595266342163
YCR048W,YKL216W,0,-2.1805193,0.024800708517432213,0.06896551698446274,0.27118226885795593
YDL232W,YLL039C,0,-2.1820052,0.024778760969638824,0.06896551698446274,0.27142858505249023
YFL053W,YCL020W,0,-2.18319,0.02475685253739357,0.06896551698446274,0.27167487144470215
YGL125W,YBR152W,0,-2.1840339,0.02473498322069645,0.06896551698446274,0.27192118763923645
YMR266W,YLR431C,0,-2.1840394,0.024713151156902313,0.06896551698446274,0.27216747403144836
YBR083W,YHR018C,0,-2.184441,0.02469135820865631,0.06896551698446274,0.27241379022598267
YPL016W,YCR043C,0,-2.1847174,0.024669604375958443,0.06896551698446274,0.27266010642051697
YPL212C,YPL057C,0,-2.1851811,0.02464788779616356,0.06896551698446274,0.2729063928127289
YDR180W,YNL312W,1,-2.1903734,0.02550571598112583,0.0714285746216774,0.2729063928127289
YHR187W,YIL091C,0,-2.1910937,0.025483304634690285,0.0714285746216774,0.2731527090072632
YKR045C,YPL066W,0,-2.1916306,0.025460930541157722,0.0714285746216774,0.2733990252017975
YHL001W,YML029W,0,-2.191829,0.025438595563173294,0.0714285746216774,0.2736453115940094
YBR021W,YBR239C,0,-2.1923993,0.02541630156338215,0.0714285746216774,0.2738916277885437
YGR247W,YOR312C,0,-2.1924179,0.025394044816493988,0.0714285746216774,0.274137943983078
YLR225C,YBR014C,0,-2.1934578,0.02537182904779911,0.0714285746216774,0.2743842303752899
YIL117C,YIL103W,0,-2.1947381,0.025349650532007217,0.0714285746216774,0.2746305465698242
YKL027W,YGL020C,0,-2.1955495,0.025327511131763458,0.0714285746216774,0.27487683296203613
YKR092C,YCL020W,0,-2.195802,0.025305410847067833,0.0714285746216774,0.27512314915657043
YCL020W,YJL100W,0,-2.1964655,0.025283347815275192,0.0714285746216774,0.27536946535110474
YLR205C,YPL005W,0,-2.1972597,0.025261323899030685,0.0714285746216774,0.27561575174331665
YKL071W,YGL130W,0,-2.1979249,0.025239339098334312,0.0714285746216774,0.27586206793785095
YLR340W,YOR307C,0,-2.1982427,0.025217391550540924,0.0714285746216774,0.27610838413238525
YIL091C,YFL009W,0,-2.198787,0.02519548311829567,0.0714285746216774,0.27635467052459717
YBR056W,YJL184W,0,-2.199353,0.0251736119389534,0.0714285746216774,0.27660098671913147
YGL125W,YGR280C,0,-2.199611,0.025151778012514114,0.0714285746216774,0.27684730291366577
YLR320W,YHR121W,0,-2.2017262,0.025129983201622963,0.0714285746216774,0.2770935893058777
YGR271C-A,YMR251W-A,0,-2.203697,0.025108225643634796,0.0714285746216774,0.277339905500412
YHR187W,YAL005C,0,-2.205012,0.025086505338549614,0.0714285746216774,0.2775862216949463
YGR192C,YHR166C,0,-2.207539,0.025064822286367416,0.0714285746216774,0.2778325080871582
YPL217C,YOR100C,0,-2.208007,0.025043178349733353,0.0714285746216774,0.2780788242816925
YJL138C,YOR339C,0,-2.208066,0.025021569803357124,0.0714285746216774,0.2783251106739044
YLR297W,YIR034C,0,-2.2088692,0.02500000037252903,0.0714285746216774,0.2785714268684387
YER146W,YGL079W,0,-2.208984,0.02497846633195877,0.0714285746216774,0.278817743062973
YKR060W,YJR129C,0,-2.2094362,0.024956971406936646,0.0714285746216774,0.27906402945518494
YKL027W,YOR130C,0,-2.20946,0.024935511872172356,0.0714285746216774,0.27931034564971924
YJR090C,YPL009C,0,-2.2100437,0.02491408959031105,0.0714285746216774,0.27955666184425354
YGR038W,YIR013C,0,-2.211613,0.02489270456135273,0.0714285746216774,0.27980294823646545
YHR079C-A,YOL006C,1,-2.2142165,0.025728987529873848,0.07389162480831146,0.27980294823646545
YMR189W,YNL058C,0,-2.2143643,0.02570694126188755,0.07389162480831146,0.28004926443099976
YIR035C,YMR060C,0,-2.2150445,0.025684932246804237,0.07389162480831146,0.28029558062553406
YKR010C,YPR004C,0,-2.2151363,0.02566296048462391,0.07389162480831146,0.28054186701774597
YPL237W,YGR041W,0,-2.2184284,0.025641025975346565,0.07389162480831146,0.2807881832122803
YLR057W,YIL063C,0,-2.2187748,0.025619128718972206,0.07389162480831146,0.2810344696044922
YJL177W,YNL097C,0,-2.21963,0.02559726871550083,0.07389162480831146,0.2812807857990265
YEL011W,YDR293C,0,-2.2199,0.02557544782757759,0.07389162480831146,0.2815271019935608
YDR452W,YLR178C,0,-2.2207143,0.025553662329912186,0.07389162480831146,0.2817733883857727
YBR235W,YMR202W,0,-2.2208102,0.025531914085149765,0.07389162480831146,0.282019704580307
YJR095W,YKR080W,0,-2.222074,0.025510204955935478,0.07389162480831146,0.2822660207748413
YIL103W,YDR352W,0,-2.2221675,0.025488529354333878,0.07389162480831146,0.2825123071670532
YAR050W,YLR110C,0,-2.222428,0.02546689286828041,0.07389162480831146,0.2827586233615875
YJR095W,YEL071W,0,-2.2238836,0.02544529177248478,0.07389162480831146,0.2830049395561218
YGR207C,YDR484W,0,-2.2238836,0.025423727929592133,0.07389162480831146,0.28325122594833374
YCL010C,YKR024C,0,-2.2242076,0.02540220133960247,0.07389162480831146,0.28349754214286804
YHR003C,YBR154C,0,-2.2243605,0.025380710139870644,0.07389162480831146,0.28374382853507996
YEL055C,YNL279W,0,-2.2247183,0.0253592561930418,0.07389162480831146,0.28399014472961426
YER026C,YPL192C,0,-2.225602,0.025337837636470795,0.07389162480831146,0.28423646092414856
YLR376C,YLL023C,0,-2.2268784,0.025316456332802773,0.07389162480831146,0.2844827473163605
YKL071W,YNL106C,0,-2.228884,0.025295110419392586,0.07389162480831146,0.2847290635108948
YBR133C,YKL216W,0,-2.229202,0.025273799896240234,0.07389162480831146,0.2849753797054291
YKR001C,YGR289C,0,-2.2299058,0.02525252476334572,0.07389162480831146,0.285221666097641
YLR132C,YAR014C,0,-2.2316763,0.025231286883354187,0.07389162480831146,0.2854679822921753
YDR266C,YOR375C,0,-2.2320657,0.02521008439362049,0.07389162480831146,0.2857142984867096
YGR133W,YBR083W,0,-2.2341478,0.02518891729414463,0.07389162480831146,0.2859605848789215
YJL051W,YER141W,0,-2.234857,0.025167785584926605,0.07389162480831146,0.2862069010734558
YPL009C,YHR115C,0,-2.2351868,0.025146689265966415,0.07389162480831146,0.2864531874656677
YGR227W,YPL081W,0,-2.2361152,0.02512562833726406,0.07389162480831146,0.286699503660202
YNL299W,YJR129C,0,-2.236225,0.025104602798819542,0.07389162480831146,0.28694581985473633
YDR446W,YPL015C,1,-2.2363946,0.025919731706380844,0.07635468244552612,0.28694581985473633
YMR011W,YOR115C,0,-2.2378495,0.025898078456521034,0.07635468244552612,0.28719210624694824
YOR149C,YIL127C,0,-2.2379968,0.02587646059691906,0.07635468244552612,0.28743842244148254
YOL016C,YNL075W,0,-2.239014,0.02585487999022007,0.07635468244552612,0.28768473863601685
YML038C,YLL039C,0,-2.2394881,0.025833332911133766,0.07635468244552612,0.28793102502822876
YGL033W,YGL043W,1,-2.239638,0.02664446271955967,0.07881773263216019,0.28793102502822876
YNR049C,YDL201W,0,-2.2423987,0.026622295379638672,0.07881773263216019,0.28817734122276306
YOR336W,YGR280C,0,-2.2424638,0.026600167155265808,0.07881773263216019,0.28842365741729736
YGR109C,YER035W,0,-2.2425873,0.02657807245850563,0.07881773263216019,0.2886699438095093
YLL032C,YGL175C,0,-2.2428977,0.026556016877293587,0.07881773263216019,0.2889162600040436
YHR032W,YDL222C,0,-2.2437856,0.02653399668633938,0.07881773263216019,0.2891625761985779
YLR307W,YJR002W,0,-2.2457533,0.026512013748288155,0.07881773263216019,0.2894088625907898
YIR021W,YOR312C,0,-2.246976,0.026490066200494766,0.07881773263216019,0.2896551787853241
YHR134W,YBR204C,0,-2.2503064,0.026468155905604362,0.07881773263216019,0.289901465177536
YPL256C,YKR029C,0,-2.2503774,0.026446281000971794,0.07881773263216019,0.2901477813720703
YGR048W,YAL061W,0,-2.2538908,0.02642444334924221,0.07881773263216019,0.2903940975666046
YDL156W,YDL058W,0,-2.2539623,0.026402641087770462,0.07881773263216019,0.29064038395881653
YLR148W,YNR075W,0,-2.2553096,0.02638087421655655,0.07881773263216019,0.29088670015335083
YLL042C,YOR133W,0,-2.2555163,0.02635914273560047,0.07881773263216019,0.29113301634788513
YDL044C,YER001W,0,-2.2556832,0.02633744850754738,0.07881773263216019,0.29137930274009705
YPR201W,YJL093C,0,-2.257623,0.02631578966975212,0.07881773263216019,0.29162561893463135
YAL055W,YML075C,0,-2.2580764,0.0262941662222147,0.07881773263216019,0.29187193512916565
YOR298C-A,YFL002C,0,-2.2584434,0.026272578164935112,0.07881773263216019,0.29211822152137756
YJL207C,YPR022C,0,-2.2602124,0.02625102549791336,0.07881773263216019,0.29236453771591187
YBL097W,YCR003W,0,-2.2628036,0.026229508221149445,0.07881773263216019,0.2926108241081238
YKR098C,YNL053W,0,-2.2628543,0.026208026334643364,0.07881773263216019,0.2928571403026581
YAR071W,YLR398C,0,-2.2633486,0.02618657983839512,0.07881773263216019,0.2931034564971924
YPL227C,YJR152W,0,-2.263554,0.02616516686975956,0.07881773263216019,0.2933497428894043
YGL234W,YOR073W,0,-2.265765,0.026143791154026985,0.07881773263216019,0.2935960590839386
YOR284W,YBL003C,0,-2.2661378,0.026122448965907097,0.07881773263216019,0.2938423752784729
YDR006C,YHR176W,0,-2.2677448,0.026101142168045044,0.07881773263216019,0.2940886616706848
YGL099W,YDR452W,0,-2.2684252,0.026079868897795677,0.07881773263216019,0.2943349778652191
YBR126C,YLR144C,0,-2.2691119,0.026058631017804146,0.07881773263216019,0.2945812940597534
YDR162C,YBL003C,0,-2.2712235,0.02603742852807045,0.07881773263216019,0.29482758045196533
YBR084C-A,YOR178C,0,-2.2714307,0.02601625956594944,0.07881773263216019,0.29507389664649963
YMR170C,YBR106W,0,-2.2730107,0.025995125994086266,0.07881773263216019,0.29532018303871155
YMR277W,YNL279W,0,-2.2741454,0.025974025949835777,0.07881773263216019,0.29556649923324585
YGL255W,YHR072W-A,0,-2.2745724,0.025952959433197975,0.07881773263216019,0.29581281542778015
YMR113W,YPL158C,0,-2.275065,0.02593192830681801,0.07881773263216019,0.29605910181999207
YDR408C,YDR184C,0,-2.2754393,0.025910930708050728,0.07881773263216019,0.29630541801452637
YJL092W,YPL024W,0,-2.2762911,0.025889968499541283,0.07881773263216019,0.29655173420906067
YIL117C,YGR206W,0,-2.278447,0.025869037955999374,0.07881773263216019,0.2967980206012726
YHR104W,YKL107W,0,-2.2789876,0.0258481428027153,0.07881773263216019,0.2970443367958069
YOR293W,YKR024C,0,-2.2806656,0.025827279314398766,0.07881773263216019,0.2972906529903412
YML022W,YDL214C,0,-2.2808325,0.025806451216340065,0.07881773263216019,0.2975369393825531
YHR003C,YBR070C,0,-2.2830217,0.02578565664589405,0.07881773263216019,0.2977832555770874
YCR073C,YLR002C,0,-2.2833827,0.025764895603060722,0.07881773263216019,0.2980295419692993
YGR091W,YGR128C,0,-2.2834141,0.02574416808784008,0.07881773263216019,0.2982758581638336
YGR240C,YOL058W,0,-2.2842376,0.025723472237586975,0.07881773263216019,0.2985221743583679
YFL009W,YEL020C,0,-2.2842932,0.025702811777591705,0.07881773263216019,0.29876846075057983
YDR206W,YGR289C,0,-2.2857318,0.025682182982563972,0.07881773263216019,0.29901477694511414
YHR112C,YKR018C,0,-2.2878428,0.025661587715148926,0.07881773263216019,0.29926109313964844
YGR091W,YOR375C,0,-2.293123,0.025641025975346565,0.07881773263216019,0.29950737953186035
YCL020W,YBR244W,0,-2.2933102,0.02562049590051174,0.07881773263216019,0.29975369572639465
YNR049C,YLL010C,0,-2.2940772,0.025599999353289604,0.07881773263216019,0.30000001192092896
YNL002C,YDL058W,0,-2.2962258,0.025579536333680153,0.07881773263216019,0.30024629831314087
YPR151C,YDR119W,0,-2.2965486,0.02555910497903824,0.07881773263216019,0.30049261450767517
YGL047W,YML072C,0,-2.2966206,0.02553870715200901,0.07881773263216019,0.3007389307022095
YIL127C,YOR141C,0,-2.2975318,0.02551834098994732,0.07881773263216019,0.3009852170944214
YOR354C,YPL283C,1,-2.297736,0.02629482001066208,0.08128079026937485,0.3009852170944214
YOL077W-A,YLR133W,0,-2.2989533,0.026273885741829872,0.08128079026937485,0.3012315332889557
YOL016C,YML024W,0,-2.3014603,0.026252983137965202,0.08128079026937485,0.3014778196811676
YDR346C,YLR035C,0,-2.3024323,0.02623211406171322,0.08128079026937485,0.3017241358757019
YNL241C,YBR154C,0,-2.3026638,0.02621127851307392,0.08128079026937485,0.3019704520702362
YHL018W,YNL326C,0,-2.3031902,0.02619047649204731,0.08128079026937485,0.3022167384624481
YJL051W,YIR033W,0,-2.303809,0.026169706135988235,0.08128079026937485,0.3024630546569824
YNL072W,YIL097W,0,-2.3042023,0.026148969307541847,0.08128079026937485,0.3027093708515167
YEL011W,YNL097C,0,-2.3056228,0.026128266006708145,0.08128079026937485,0.30295565724372864
YKL046C,YGR271C-A,0,-2.3057144,0.02610759437084198,0.08128079026937485,0.30320197343826294
YPR201W,YBR154C,0,-2.3062816,0.0260869562625885,0.08128079026937485,0.30344828963279724
YOL017W,YPR094W,0,-2.3079793,0.02606634981930256,0.08128079026937485,0.30369457602500916
YIL127C,YIL016W,0,-2.3104923,0.026045776903629303,0.08128079026937485,0.30394089221954346
YPL217C,YLR013W,0,-2.3148491,0.026025237515568733,0.08128079026937485,0.30418717861175537
YAR050W,YMR202W,0,-2.3162403,0.02600472792983055,0.08128079026937485,0.3044334948062897
YJL116C,YBR201W,0,-2.3162518,0.025984251871705055,0.08128079026937485,0.304679811000824
YGR198W,YDR186C,0,-2.3169162,0.025963807478547096,0.08128079026937485,0.3049260973930359
YPL164C,YHR039C,1,-2.3179038,0.026729559525847435,0.08374384045600891,0.3049260973930359
YDR255C,YPR004C,0,-2.319524,0.026708561927080154,0.08374384045600891,0.3051724135875702
YOR229W,YEL055C,0,-2.3202212,0.02668759785592556,0.08374384045600891,0.3054187297821045
YDL049C,YKR042W,0,-2.321358,0.02666666731238365,0.08374384045600891,0.3056650161743164
YPR058W,YMR121C,0,-2.3222067,0.02664576843380928,0.08374384045600891,0.3059113323688507
YCL033C,YER016W,0,-2.3228216,0.026624901220202446,0.08374384045600891,0.306157648563385
YMR011W,YBR203W,0,-2.3235722,0.026604069396853447,0.08374384045600891,0.3064039349555969
YGR109C,YPR023C,0,-2.323648,0.026583267375826836,0.08374384045600891,0.3066502511501312
YPL003W,YGL012W,0,-2.3239686,0.02656250074505806,0.08374384045600891,0.30689653754234314
YNL148C,YLL028W,0,-2.325113,0.02654176391661167,0.08374384045600891,0.30714285373687744
YOL039W,YBR293W,0,-2.3264327,0.02652106061577797,0.08374384045600891,0.30738916993141174
YBL036C,YMR260C,0,-2.3266885,0.026500388979911804,0.08374384045600891,0.30763545632362366
YHR039C,YOR368W,1,-2.3273437,0.02725856751203537,0.08620689809322357,0.30763545632362366
YPL053C,YPL066W,0,-2.3277617,0.02723735384643078,0.08620689809322357,0.30788177251815796
YGL201C,YPL265W,0,-2.329108,0.027216173708438873,0.08620689809322357,0.30812808871269226
YBL036C,YDL004W,0,-2.3303282,0.027195027098059654,0.08620689809322357,0.3083743751049042
YKL146W,YGR108W,0,-2.33094,0.027173912152647972,0.08620689809322357,0.3086206912994385
YIL066C,YLR071C,0,-2.3314183,0.027152830734848976,0.08620689809322357,0.3088670074939728
YBR217W,YPR201W,0,-2.3336189,0.027131782844662666,0.08620689809322357,0.3091132938861847
YLR116W,YPL187W,0,-2.3342268,0.027110766619443893,0.08620689809322357,0.309359610080719
YGR227W,YHR016C,0,-2.334255,0.027089783921837807,0.08620689809322357,0.3096058964729309
YJL177W,YJR067C,0,-2.3374565,0.027068832889199257,0.08620689809322357,0.3098522126674652
YAR003W,YPL249C,0,-2.3379436,0.027047913521528244,0.08620689809322357,0.3100985288619995
YGR109C,YLR398C,0,-2.3391073,0.027027027681469917,0.08620689809322357,0.3103448152542114
YPR145W,YCL040W,0,-2.3394682,0.027006173506379128,0.08620689809322357,0.3105911314487457
YIL031W,YDR258C,0,-2.3400981,0.026985350996255875,0.08620689809322357,0.31083744764328003
YGL023C,YLR307W,0,-2.3419068,0.02696456015110016,0.08620689809322357,0.31108373403549194
YBR070C,YMR291W,0,-2.3423243,0.02694380283355713,0.08620689809322357,0.31133005023002625
YLL032C,YML121W,0,-2.3433216,0.026923077180981636,0.08620689809322357,0.31157636642456055
YDL155W,YHR123W,0,-2.3441236,0.02690238319337368,0.08620689809322357,0.31182265281677246
YJL116C,YOR196C,0,-2.3442476,0.02688172087073326,0.08620689809322357,0.31206896901130676
YKL188C,YKL152C,0,-2.3462365,0.02686109021306038,0.08620689809322357,0.31231528520584106
YLR070C,YHR123W,0,-2.3463852,0.026840491220355034,0.08620689809322357,0.312561571598053
YER042W,YPR065W,0,-2.3475008,0.026819923892617226,0.08620689809322357,0.3128078877925873
YHR187W,YEL020C,0,-2.3475459,0.026799388229846954,0.08620689809322357,0.3130541741847992
YFL016C,YLR110C,0,-2.3476346,0.02677888236939907,0.08620689809322357,0.3133004903793335
YER065C,YPL249C-A,0,-2.3481543,0.026758410036563873,0.08620689809322357,0.3135468065738678
YOL097C,YER065C,0,-2.3488379,0.026737967506051064,0.08620689809322357,0.3137930929660797
YDR191W,YEL026W,0,-2.3512719,0.02671755664050579,0.08620689809322357,0.314039409160614
YDR058C,YGL184C,0,-2.3524325,0.026697177439928055,0.08620689809322357,0.3142857253551483
YER119C,YBR244W,0,-2.3528364,0.026676829904317856,0.08620689809322357,0.31453201174736023
YLR342W,YLR405W,0,-2.354544,0.026656512171030045,0.08620689809322357,0.31477832794189453
YDR182W,YGR287C,0,-2.3549778,0.02663622610270977,0.08620689809322357,0.31502464413642883
YJL092W,YLL052C,0,-2.355108,0.026615969836711884,0.08620689809322357,0.31527093052864075
YCR008W,YIL168W,0,-2.3562906,0.026595745235681534,0.08620689809322357,0.31551724672317505
YBR186W,YBR244W,0,-2.3565729,0.026575550436973572,0.08620689809322357,0.31576353311538696
YDL155W,YKL221W,0,-2.3567784,0.026555387303233147,0.08620689809322357,0.31600984930992126
YKL188C,YDR020C,0,-2.3576517,0.02653525397181511,0.08620689809322357,0.31625616550445557
YFL024C,YPL249C-A,0,-2.3576703,0.02651515230536461,0.08620689809322357,0.3165024518966675
YOR125C,YLR003C,0,-2.3583834,0.026495078578591347,0.08620689809322357,0.3167487680912018
YLR166C,YGL121C,0,-2.3604543,0.02647503837943077,0.08620689809322357,0.3169950842857361
YCR028C-A,YGL029W,0,-2.3628361,0.026455026119947433,0.08620689809322357,0.317241370677948
YCR073C,YCR083W,0,-2.3646386,0.026435045525431633,0.08620689809322357,0.3174876868724823
YPL037C,YBL101C,0,-2.3649244,0.02641509473323822,0.08620689809322357,0.3177340030670166
YMR283C,YGL234W,0,-2.3650963,0.026395173743367195,0.08620689809322357,0.3179802894592285
YLR406C,YNL241C,0,-2.366733,0.026375282555818558,0.08620689809322357,0.3182266056537628
YJR019C,YJR161C,0,-2.3678324,0.026355421170592308,0.08620689809322357,0.31847289204597473
YDR446W,YNL088W,1,-2.368869,0.027088036760687828,0.08866994827985764,0.31847289204597473
YGR198W,YKR039W,0,-2.369491,0.027067668735980988,0.08866994827985764,0.31871920824050903
YHR176W,YOR028C,0,-2.3706481,0.027047332376241684,0.08866994827985764,0.31896552443504333
YOL097C,YNL116W,0,-2.3719356,0.027027027681469917,0.08866994827985764,0.31921181082725525
YOR196C,YNR069C,0,-2.374545,0.02700675092637539,0.08866994827985764,0.31945812702178955
YLR135W,YOR375C,0,-2.3757176,0.026986505836248398,0.08866994827985764,0.31970444321632385
YDR446W,YMR190C,1,-2.3778148,0.027715355157852173,0.0911330059170723,0.31970444321632385
YBL084C,YCL033C,0,-2.3807313,0.027694610878825188,0.0911330059170723,0.31995072960853577
YCR068W,YCR097W,0,-2.3812559,0.02767389640212059,0.0911330059170723,0.32019704580307007
YML001W,YGL175C,0,-2.3819687,0.02765321359038353,0.0911330059170723,0.32044336199760437
YIR033W,YNL097C,0,-2.3831081,0.027632562443614006,0.0911330059170723,0.3206896483898163
YER069W,YNL169C,0,-2.383379,0.02761194109916687,0.0911330059170723,0.3209359645843506
YEL046C,YPR185W,0,-2.3846142,0.027591349557042122,0.0911330059170723,0.3211822807788849
YML123C,YOR058C,0,-2.385498,0.02757078967988491,0.0911330059170723,0.3214285671710968
YPL047W,YLR070C,0,-2.385977,0.027550261467695236,0.0911330059170723,0.3216748833656311
YDL207W,YKR045C,0,-2.3862903,0.0275297611951828,0.0911330059170723,0.321921169757843
YDR214W,YNL083W,0,-2.3864353,0.02750929445028305,0.0911330059170723,0.3221674859523773
YJR056C,YLR336C,0,-2.3948116,0.02748885564506054,0.0911330059170723,0.3224138021469116
YHR039C,YDR113C,1,-2.3955026,0.02821083925664425,0.09359605610370636,0.3224138021469116
YOR293W,YDR206W,0,-2.397133,0.02818991057574749,0.09359605610370636,0.32266008853912354
YDR237W,YIL097W,0,-2.400503,0.028169013559818268,0.09359605610370636,0.32290640473365784
YNL254C,YER074W-A,0,-2.4005418,0.028148148208856583,0.09359605610370636,0.32315272092819214
YPR107C,YML010W,0,-2.401037,0.028127312660217285,0.09359605610370636,0.32339900732040405
YOL075C,YPL008W,0,-2.404152,0.028106508776545525,0.09359605610370636,0.32364532351493835
YMR164C,YJL076W,0,-2.404917,0.02808573469519615,0.09359605610370636,0.32389163970947266
YGR183C,YPR004C,0,-2.4050941,0.028064992278814316,0.09359605610370636,0.32413792610168457
YCR027C,YLL039C,0,-2.4059038,0.028044279664754868,0.09359605610370636,0.32438424229621887
YOL044W,YBR244W,0,-2.4077747,0.028023598715662956,0.09359605610370636,0.3246305286884308
YNR054C,YEL034W,0,-2.4096954,0.028002947568893433,0.09359605610370636,0.3248768448829651
YJR043C,YIL082W-A,0,-2.409861,0.027982326224446297,0.09359605610370636,0.3251231610774994
YBR204C,YLR256W,0,-2.4099607,0.027961736544966698,0.09359605610370636,0.3253694474697113
YHR039C,YMR190C,1,-2.4102623,0.0286764707416296,0.09605911374092102,0.3253694474697113
YOL008W,YNL030W,0,-2.4107423,0.0286554004997015,0.09605911374092102,0.3256157636642456
YNL300W,YGL044C,0,-2.410838,0.028634361922740936,0.09605911374092102,0.3258620798587799
YCL026C-A,YML058W,0,-2.4110172,0.02861335314810276,0.09605911374092102,0.3261083662509918
YGR059W,YER157W,0,-2.4134433,0.02859237603843212,0.09605911374092102,0.3263546824455261
YKL091C,YLR369W,0,-2.413482,0.02857142873108387,0.09605911374092102,0.3266009986400604
YLR225C,YBR280C,0,-2.4140084,0.028550513088703156,0.09605911374092102,0.32684728503227234
YDR221W,YCL030C,0,-2.414762,0.02852962724864483,0.09605911374092102,0.32709360122680664
YEL011W,YMR231W,0,-2.414908,0.02850877121090889,0.09605911374092102,0.32733988761901855
YDR073W,YOR095C,0,-2.4150069,0.028487946838140488,0.09605911374092102,0.32758620381355286
YAR050W,YAL005C,0,-2.4151013,0.028467154130339622,0.09605911374092102,0.32783252000808716
YNL152W,YKL084W,0,-2.4153414,0.028446389362215996,0.09605911374092102,0.3280788064002991
YHR098C,YBR154C,0,-2.415659,0.028425656259059906,0.09605911374092102,0.3283251225948334
YBR073W,YGL033W,1,-2.4159105,0.029133284464478493,0.09852216392755508,0.3283251225948334
YOR128C,YNL067W,0,-2.4166708,0.029112081974744797,0.09852216392755508,0.3285714387893677
YER035W,YOR073W,0,-2.4192154,0.02909090928733349,0.09852216392755508,0.3288177251815796
YHR079C-A,YNL088W,1,-2.4192336,0.029796510934829712,0.10098522156476974,0.3288177251815796
YMR197C,YGR289C,0,-2.419395,0.029774872586131096,0.10098522156476974,0.3290640413761139
YEL063C,YPR201W,0,-2.4199798,0.029753265902400017,0.10098522156476974,0.3293103575706482
YEL026W,YLR368W,0,-2.4211528,0.029731689020991325,0.10098522156476974,0.3295566439628601
YDR113C,YMR106C,1,-2.421276,0.030434781685471535,0.1034482792019844,0.3295566439628601
YGL032C,YBR244W,0,-2.4219089,0.030412744730710983,0.1034482792019844,0.3298029601573944
YOR094W,YOR100C,0,-2.4228892,0.03039073757827282,0.1034482792019844,0.3300492465496063
YGR195W,YOR133W,0,-2.4263847,0.030368763953447342,0.1034482792019844,0.3302955627441406
YHR062C,YPL108W,0,-2.429672,0.030346820130944252,0.1034482792019844,0.3305418789386749
YDR540C,YOR028C,0,-2.4301035,0.03032490983605385,0.1034482792019844,0.33078816533088684
YLR205C,YHR034C,0,-2.431138,0.03030303120613098,0.1034482792019844,0.33103448152542114
YNL148C,YGR289C,0,-2.4321191,0.030281182378530502,0.1034482792019844,0.33128079771995544
YHL001W,YMR113W,0,-2.4331508,0.03025936521589756,0.1034482792019844,0.33152708411216736
YIR003W,YNR032W,0,-2.4351547,0.030237581580877304,0.1034482792019844,0.33177340030670166
YGL166W,YHR042W,0,-2.4355156,0.030215827748179436,0.1034482792019844,0.33201971650123596
YAL005C,YOR303W,0,-2.435642,0.030194105580449104,0.1034482792019844,0.3322660028934479
YJR086W,YEL047C,0,-2.4364266,0.03017241321504116,0.1034482792019844,0.3325123190879822
YBR079C,YBR201W,0,-2.4377606,0.030150754377245903,0.1034482792019844,0.3327586352825165
YIL016W,YIL097W,0,-2.438303,0.030129125341773033,0.1034482792019844,0.3330049216747284
YNR012W,YDR085C,0,-2.438626,0.03010752610862255,0.1034482792019844,0.3332512378692627
YDR020C,YBL100W-A,0,-2.438728,0.030085960403084755,0.1034482792019844,0.3334975242614746
YNL069C,YKL113C,0,-2.4390647,0.030064424499869347,0.1034482792019844,0.3337438404560089
YPL023C,YBR244W,0,-2.4392993,0.030042918398976326,0.1034482792019844,0.3339901566505432
YOR354C,YDR446W,1,-2.4396517,0.03073623962700367,0.10591132938861847,0.3339901566505432
YDL020C,YOR188W,0,-2.4398406,0.030714286491274834,0.10591132938861847,0.3342364430427551
YGL001C,YKL113C,0,-2.4409602,0.030692363157868385,0.10591132938861847,0.33448275923728943
YOR336W,YAL061W,0,-2.4414985,0.030670471489429474,0.10591132938861847,0.33472907543182373
YDR221W,YCR097W,0,-2.441985,0.03064860962331295,0.10591132938861847,0.33497536182403564
YJL063C,YGR249W,0,-2.4422631,0.030626781284809113,0.10591132938861847,0.33522167801856995
YPR079W,YGL245W,0,-2.4429386,0.030604982748627663,0.10591132938861847,0.33546799421310425
YOR231W,YDR324C,0,-2.4433968,0.0305832140147686,0.10591132938861847,0.33571428060531616
YDR462W,YDR382W,0,-2.4434378,0.030561478808522224,0.10591132938861847,0.33596059679985046
YPR165W,YPR004C,0,-2.4444525,0.030539773404598236,0.10591132938861847,0.3362068831920624
YJL092W,YIL129C,0,-2.4446766,0.030518097802996635,0.10591132938861847,0.3364531993865967
YLR222C,YDR037W,0,-2.4463565,0.03049645386636257,0.10591132938861847,0.336699515581131
YBL004W,YMR199W,0,-2.4474678,0.030474839732050896,0.10591132938861847,0.3369458019733429
YBL050W,YBR056W,0,-2.4479008,0.030453257262706757,0.10591132938861847,0.3371921181678772
YOR128C,YEL003W,0,-2.4481757,0.030431706458330154,0.10591132938861847,0.3374384343624115
YLR132C,YLR297W,0,-2.448194,0.03041018359363079,0.10591132938861847,0.3376847207546234
YHR094C,YJR064W,0,-2.448234,0.030388692393898964,0.10591132938861847,0.3379310369491577
YMR266W,YGR166W,0,-2.4487312,0.030367230996489525,0.10591132938861847,0.338177353143692
YMR236W,YGR109C,0,-2.4487998,0.030345801264047623,0.10591132938861847,0.33842363953590393
YDR363W,YDR255C,0,-2.449248,0.030324401333928108,0.10591132938861847,0.33866995573043823
YER011W,YNL326C,0,-2.4504623,0.03030303120613098,0.10591132938861847,0.33891624212265015
YNL257C,YLR051C,0,-2.4515102,0.030281690880656242,0.10591132938861847,0.33916255831718445
YNL088W,YGL033W,1,-2.452922,0.030964110046625137,0.10837438702583313,0.33916255831718445
YAL001C,YNL254C,0,-2.4556828,0.030942333862185478,0.10837438702583313,0.33940887451171875
YGL254W,YFL034C-A,0,-2.457342,0.030920591205358505,0.10837438702583313,0.33965516090393066
YGL160W,YGL032C,0,-2.4576147,0.03089887648820877,0.10837438702583313,0.33990147709846497
YMR170C,YKR039W,0,-2.4586084,0.030877193436026573,0.10837438702583313,0.34014779329299927
YLR242C,YEL026W,0,-2.4591486,0.030855540186166763,0.10837438702583313,0.3403940796852112
YLR405W,YBL071W-A,0,-2.4595978,0.03083391673862934,0.10837438702583313,0.3406403958797455
YIR007W,YJR043C,0,-2.459734,0.030812324956059456,0.10837438702583313,0.3408867120742798
YBR132C,YMR014W,0,-2.460151,0.03079076297581196,0.10837438702583313,0.3411329984664917
YHL001W,YOR010C,0,-2.4618304,0.03076923079788685,0.10837438702583313,0.341379314661026
YLR320W,YIL105C,0,-2.4618473,0.030747728422284126,0.10837438702583313,0.3416256010532379
YHR112C,YHR083W,0,-2.4620807,0.03072625771164894,0.10837438702583313,0.3418719172477722
YLL005C,YHR042W,0,-2.4620843,0.030704814940690994,0.10837438702583313,0.3421182334423065
YKR081C,YPL228W,0,-2.4643183,0.030683403834700584,0.10837438702583313,0.34236451983451843
YIR003W,YMR047C,0,-2.4653928,0.030662020668387413,0.10837438702583313,0.34261083602905273
YKL211C,YNR049C,0,-2.467155,0.03064066916704178,0.10837438702583313,0.34285715222358704
YKL221W,YOR367W,0,-2.4676592,0.030619345605373383,0.10837438702583313,0.34310343861579895
YHL013C,YNL279W,0,-2.4680247,0.030598053708672523,0.10837438702583313,0.34334975481033325
YBR004C,YMR271C,0,-2.468393,0.030576789751648903,0.10837438702583313,0.34359607100486755
YBR004C,YHR072W-A,0,-2.468662,0.03055555559694767,0.10837438702583313,0.34384235739707947
YPR164W,YMR190C,1,-2.4693325,0.031228313222527504,0.1108374372124672,0.34384235739707947
YMR104C,YBR106W,0,-2.4720871,0.031206658110022545,0.1108374372124672,0.34408867359161377
YHR216W,YLR405W,0,-2.472235,0.031185030937194824,0.1108374372124672,0.34433498978614807
YJR043C,YMR199W,0,-2.4737062,0.03116343542933464,0.1108374372124672,0.34458127617836
YBR258C,YAL061W,0,-2.4746397,0.031141867861151695,0.1108374372124672,0.3448275923728943
YPR145W,YCR089W,0,-2.474697,0.031120331957936287,0.1108374372124672,0.3450738787651062
YER124C,YPL249C,0,-2.4748318,0.031098825857043266,0.1108374372124672,0.3453201949596405
YLR332W,YHR072W-A,0,-2.4753876,0.031077347695827484,0.1108374372124672,0.3455665111541748
YMR283C,YGR256W,0,-2.4753902,0.03105590119957924,0.1108374372124672,0.3458127975463867
YOL039W,YGR209C,0,-2.475888,0.031034482643008232,0.1108374372124672,0.346059113740921
YCL033C,YPL005W,0,-2.4760408,0.031013093888759613,0.1108374372124672,0.3463054299354553
YJL099W,YGR256W,0,-2.477331,0.03099173493683338,0.1108374372124672,0.34655171632766724
YBR235W,YMR083W,0,-2.4794667,0.030970405787229538,0.1108374372124672,0.34679803252220154
YPL268W,YLR372W,0,-2.4796522,0.030949106439948082,0.1108374372124672,0.34704434871673584
YDR006C,YBL097W,0,-2.4799538,0.030927835032343864,0.1108374372124672,0.34729063510894775
YDR214W,YJL204C,0,-2.4802067,0.030906593427062035,0.1108374372124672,0.34753695130348206
YEL026W,YKL209C,0,-2.480397,0.030885381624102592,0.1108374372124672,0.34778323769569397
YBR227C,YLL042C,0,-2.481797,0.03086419776082039,0.1108374372124672,0.34802955389022827
YJR014W,YGL179C,0,-2.482353,0.030843043699860573,0.1108374372124672,0.3482758700847626
YHR007C,YNR039C,0,-2.4846532,0.030821917578577995,0.1108374372124672,0.3485221564769745
YMR113W,YPL072W,0,-2.4860299,0.030800821259617805,0.1108374372124672,0.3487684726715088
YGL033W,YMR167W,1,-2.4860418,0.03146374970674515,0.11330049484968185,0.3487684726715088
YHR112C,YER141W,0,-2.4863887,0.03144224360585213,0.11330049484968185,0.3490147888660431
YIR021W,YDR432W,0,-2.487949,0.031420763581991196,0.11330049484968185,0.349261075258255
YBR253W,YNL279W,0,-2.4880905,0.03139931708574295,0.11330049484968185,0.3495073914527893
YMR266W,YPL265W,0,-2.4911058,0.03137790039181709,0.11330049484968185,0.3497537076473236
YJR091C,YGL055W,0,-2.4920218,0.031356509774923325,0.11330049484968185,0.3499999940395355
YER183C,YBL027W,0,-2.4931054,0.031335148960351944,0.11330049484968185,0.3502463102340698
YDR485C,YGL055W,0,-2.4931405,0.03131381794810295,0.11330049484968185,0.35049259662628174
YML110C,YPR201W,0,-2.4933355,0.031292516738176346,0.11330049484968185,0.35073891282081604
YPR185W,YER122C,0,-2.4936354,0.03127124533057213,0.11330049484968185,0.35098522901535034
YDR446W,YPR164W,1,-2.4938772,0.03192934766411781,0.11576354503631592,0.35098522901535034
YNL090W,YDL191W,0,-2.4960015,0.03190767019987106,0.11576354503631592,0.35123151540756226
YHR079C-A,YOR354C,1,-2.4960957,0.032564450055360794,0.11822660267353058,0.35123151540756226
YBL009W,YLR117C,0,-2.496233,0.03254237398505211,0.11822660267353058,0.35147783160209656
YDR079C-A,YGL175C,0,-2.4984994,0.03252032399177551,0.11822660267353058,0.35172414779663086
YHR039C,YBR136W,1,-2.5009477,0.033175356686115265,0.12068965286016464,0.35172414779663086
YLR336C,YPR066W,0,-2.5017297,0.03315290808677673,0.12068965286016464,0.3519704341888428
YHR141C,YBR227C,0,-2.5018342,0.03313049301505089,0.12068965286016464,0.3522167503833771
YLL032C,YPR066W,0,-2.502177,0.03310810774564743,0.12068965286016464,0.3524630665779114
YGR096W,YDR293C,0,-2.5030208,0.03308575227856636,0.12068965286016464,0.3527093529701233
YOR229W,YGR166W,0,-2.5036755,0.03306342661380768,0.12068965286016464,0.3529556691646576
YGR192C,YNL087W,0,-2.5040324,0.03304113447666168,0.12068965286016464,0.3532019555568695
YIR028W,YGR240C,0,-2.5055208,0.033018868416547775,0.12068965286016464,0.3534482717514038
YGR074W,YDR382W,0,-2.5062153,0.032996632158756256,0.12068965286016464,0.3536945879459381
YHR003C,YBR167C,0,-2.506438,0.03297442942857742,0.12068965286016464,0.35394087433815
YBR088C,YHR128W,0,-2.5069063,0.03295225277543068,0.12068965286016464,0.3541871905326843
YOL006C,YGL033W,1,-2.5073054,0.03360215201973915,0.1231527104973793,0.3541871905326843
YNL299W,YPR181C,0,-2.5110018,0.03357958421111107,0.1231527104973793,0.35443350672721863
YGR198W,YPL024W,0,-2.5110373,0.033557046204805374,0.1231527104973793,0.35467979311943054
YGR038W,YPL187W,0,-2.511069,0.033534541726112366,0.1231527104973793,0.35492610931396484
YOR256C,YHR196W,0,-2.5114782,0.03351206332445145,0.1231527104973793,0.35517242550849915
YIL099W,YDL207W,0,-2.511513,0.033489618450403214,0.1231527104973793,0.35541871190071106
YDR432W,YNL124W,0,-2.5115647,0.03346720337867737,0.1231527104973793,0.35566502809524536
YNR063W,YLR222C,0,-2.5118587,0.03344481438398361,0.1231527104973793,0.35591134428977966
YPR181C,YDL044C,0,-2.5120819,0.03342245891690254,0.1231527104973793,0.3561576306819916
YML066C,YPR112C,0,-2.5139754,0.03340013325214386,0.1231527104973793,0.3564039468765259
YJL203W,YNR075W,0,-2.5143385,0.033377837389707565,0.1231527104973793,0.3566502332687378
YOR140W,YNL336W,0,-2.5148077,0.03335557132959366,0.1231527104973793,0.3568965494632721
YNL014W,YBR171W,0,-2.515549,0.03333333507180214,0.1231527104973793,0.3571428656578064
YGL047W,YIR008C,0,-2.5157979,0.03331112489104271,0.1231527104973793,0.3573891520500183
YHR042W,YOR205C,0,-2.5169013,0.033288948237895966,0.1231527104973793,0.3576354682445526
YHR039C,YMR167W,1,-2.5171247,0.03393213450908661,0.12561576068401337,0.3576354682445526
YER118C,YHR019C,0,-2.5183766,0.033909574151039124,0.12561576068401337,0.3578817844390869
YKR080W,YKR029C,0,-2.5183926,0.033887043595314026,0.12561576068401337,0.35812807083129883
YOR033C,YGR289C,0,-2.520758,0.033864542841911316,0.12561576068401337,0.35837438702583313
YGR157W,YMR309C,0,-2.5224655,0.033842071890830994,0.12561576068401337,0.35862070322036743
YGL033W,YPL015C,1,-2.522649,0.03448275849223137,0.12807881832122803,0.35862070322036743
YER118C,YHL001W,0,-2.523568,0.034459907561540604,0.12807881832122803,0.35886698961257935
YGR108W,YPL084W,0,-2.524577,0.034437086433172226,0.12807881832122803,0.35911330580711365
YPL029W,YLR136C,0,-2.5255897,0.034414295107126236,0.12807881832122803,0.35935959219932556
YKL049C,YGL245W,0,-2.5256045,0.034391533583402634,0.12807881832122803,0.35960590839385986
YGR209C,YNL113W,0,-2.526756,0.03436880186200142,0.12807881832122803,0.35985222458839417
YPL124W,YDL174C,0,-2.5286815,0.03434610366821289,0.12807881832122803,0.3600985109806061
YKR080W,YEL020C,0,-2.5296621,0.03432343155145645,0.12807881832122803,0.3603448271751404
YGL121C,YML025C,0,-2.5300276,0.0343007929623127,0.12807881832122803,0.3605911433696747
YBR127C,YHR003C,0,-2.530246,0.034278180450201035,0.12807881832122803,0.3608374297618866
YEL004W,YAL042W,0,-2.5321784,0.03425559774041176,0.12807881832122803,0.3610837459564209
YJL047C,YPL283C,1,-2.533067,0.03489137440919876,0.1305418759584427,0.3610837459564209
YPL283C,YPL015C,1,-2.5332334,0.03552631661295891,0.13300491869449615,0.3610837459564209
YPL256C,YGL175C,0,-2.5339348,0.03550295904278755,0.13300491869449615,0.3613300621509552
YLL005C,YKR039W,0,-2.5346663,0.03547963127493858,0.13300491869449615,0.3615763485431671
YIL117C,YHR016C,0,-2.5350466,0.0354563370347023,0.13300491869449615,0.3618226647377014
YHR104W,YOL077W-A,0,-2.5351725,0.035433072596788406,0.13300491869449615,0.36206895112991333
YBR290W,YGR148C,0,-2.5366995,0.0354098342359066,0.13300491869449615,0.36231526732444763
YNL126W,YIL122W,0,-2.5369384,0.03538663312792778,0.13300491869449615,0.36256158351898193
YKR013W,YER172C,0,-2.5374854,0.03536345809698105,0.13300491869449615,0.36280786991119385
YBR235W,YMR189W,0,-2.5380776,0.035340312868356705,0.13300491869449615,0.36305418610572815
YJL115W,YJL138C,0,-2.5381353,0.03531720116734505,0.13300491869449615,0.36330050230026245
YER035W,YPL249C,0,-2.5384166,0.03529411926865578,0.13300491869449615,0.36354678869247437
YKL091C,YLR242C,0,-2.5394444,0.035271063446998596,0.13300491869449615,0.36379310488700867
YNL126W,YML038C,0,-2.539574,0.0352480411529541,0.13300491869449615,0.36403942108154297
YMR135C,YJR095W,0,-2.539887,0.035225048661231995,0.13300491869449615,0.3642857074737549
YHR016C,YBR167C,0,-2.5400379,0.035202085971832275,0.13300491869449615,0.3645320236682892
YKL049C,YGR256W,0,-2.5406268,0.035179153084754944,0.13300491869449615,0.3647783398628235
YGL017W,YGL245W,0,-2.5420945,0.03515625,0.13300491869449615,0.3650246262550354
YIR033W,YBR298C,0,-2.5428298,0.035133376717567444,0.13300491869449615,0.3652709424495697
YLL052C,YER169W,0,-2.5438406,0.035110533237457275,0.13300491869449615,0.3655172288417816
YJR090C,YNL279W,0,-2.5458226,0.035087719559669495,0.13300491869449615,0.3657635450363159
YBL102W,YIL091C,0,-2.5477831,0.0350649356842041,0.13300491869449615,0.3660098612308502
YDL232W,YDR324C,0,-2.5478592,0.035042181611061096,0.13300491869449615,0.36625614762306213
YHR039C,YOR144C,1,-2.5486884,0.035667963325977325,0.13546797633171082,0.36625614762306213
YKL157W,YLR355C,0,-2.5491521,0.03564484789967537,0.13546797633171082,0.36650246381759644
YAL005C,YNL106C,0,-2.5504584,0.0356217622756958,0.13546797633171082,0.36674878001213074
YHR039C,YBR098W,1,-2.5505164,0.03624595329165459,0.13793103396892548,0.36674878001213074
YLR174W,YDL044C,0,-2.5514965,0.036222510039806366,0.13793103396892548,0.36699506640434265
YHR079C-A,YDR113C,1,-2.5526793,0.036845508962869644,0.14039409160614014,0.36699506640434265
YNL116W,YGR289C,0,-2.5532777,0.03682170435786247,0.14039409160614014,0.36724138259887695
YDR446W,YOL006C,1,-2.5546472,0.03744351118803024,0.1428571492433548,0.36724138259887695
YJR161C,YGR092W,0,-2.5558832,0.037419356405735016,0.1428571492433548,0.36748769879341125
YLR272C,YNL336W,0,-2.5566828,0.03739522770047188,0.1428571492433548,0.36773398518562317
YJL177W,YHR072W,0,-2.5575237,0.037371132522821426,0.1428571492433548,0.36798030138015747
YGL033W,YDR180W,1,-2.5579464,0.037990983575582504,0.14532019197940826,0.36798030138015747
YDR097C,YHL020C,0,-2.5585556,0.037966538220644,0.14532019197940826,0.3682265877723694
YOL097C,YNL082W,0,-2.5585966,0.03794212266802788,0.14532019197940826,0.3684729039669037
YPR151C,YGL038C,0,-2.5596735,0.037917736917734146,0.14532019197940826,0.368719220161438
YIR033W,YKR025W,0,-2.559848,0.0378933846950531,0.14532019197940826,0.3689655065536499
YMR011W,YNL030W,0,-2.55997,0.03786906227469444,0.14532019197940826,0.3692118227481842
YLR051C,YPL170W,0,-2.5602453,0.03784477338194847,0.14532019197940826,0.3694581389427185
YGL033W,YOL068C,1,-2.560858,0.03846153989434242,0.14778324961662292,0.3694581389427185
YDR017C,YHR016C,0,-2.5614355,0.038436900824308395,0.14778324961662292,0.3697044253349304
YER141W,YKL216W,0,-2.5624933,0.038412291556596756,0.14778324961662292,0.3699507415294647
YIL127C,YDL058W,0,-2.5631487,0.0383877158164978,0.14778324961662292,0.370197057723999
YBL042C,YLR148W,0,-2.56405,0.03836316987872124,0.14778324961662292,0.37044334411621094
YBR127C,YLR222C,0,-2.5647962,0.03833865746855736,0.14778324961662292,0.37068966031074524
YER118C,YLR372W,0,-2.5658,0.038314174860715866,0.14778324961662292,0.37093594670295715
YKL091C,YKL220C,0,-2.5666823,0.03828972578048706,0.14778324961662292,0.37118226289749146
YDR446W,YNL139C,1,-2.5675035,0.03890306130051613,0.15024630725383759,0.37118226289749146
YDL178W,YJL092W,0,-2.5675328,0.038878265768289566,0.15024630725383759,0.37142857909202576
YPL032C,YER172C,0,-2.5676358,0.03885350376367569,0.15024630725383759,0.37167486548423767
YKL049C,YAL001C,0,-2.5685046,0.0388287715613842,0.15024630725383759,0.371921181678772
YCR073C,YDR037W,0,-2.56923,0.0388040728867054,0.15024630725383759,0.3721674978733063
YFR055W,YGL077C,0,-2.5704637,0.038779404014348984,0.15024630725383759,0.3724137842655182
YBL036C,YGR215W,0,-2.5733545,0.03875476494431496,0.15024630725383759,0.3726601004600525
YDL239C,YLR308W,0,-2.574332,0.038730159401893616,0.15024630725383759,0.3729064166545868
YDR202C,YGL160W,0,-2.574699,0.03870558366179466,0.15024630725383759,0.3731527030467987
YGR023W,YBR021W,0,-2.5751474,0.038681041449308395,0.15024630725383759,0.373399019241333
YOR229W,YML126C,0,-2.575933,0.038656529039144516,0.15024630725383759,0.3736453056335449
YPL283C,YML062C,1,-2.5794067,0.039265356957912445,0.15270936489105225,0.3736453056335449
YDL213C,YDL174C,0,-2.5811794,0.039240505546331406,0.15270936489105225,0.3738916218280792
YHR072W-A,YER172C,0,-2.5823853,0.03921568766236305,0.15270936489105225,0.3741379380226135
YDR294C,YJR105W,0,-2.583011,0.03919089585542679,0.15270936489105225,0.37438422441482544
YPL152W,YKL184W,0,-2.5851762,0.03916614130139351,0.15270936489105225,0.37463054060935974
YLR340W,YOR073W,0,-2.5854065,0.03914141282439232,0.15270936489105225,0.37487685680389404
YIR028W,YBR179C,0,-2.5871432,0.039116717875003815,0.15270936489105225,0.37512314319610596
YIL066C,YFL024C,0,-2.5872564,0.039092056453228,0.15270936489105225,0.37536945939064026
YJL145W,YDL104C,0,-2.5877469,0.03906742110848427,0.15270936489105225,0.37561577558517456
YBR290W,YDR225W,0,-2.5878973,0.039042823016643524,0.15270936489105225,0.3758620619773865
YEL034W,YNL225C,0,-2.5885046,0.03901825100183487,0.15270936489105225,0.3761083781719208
YLR406C,YBR110W,0,-2.5891378,0.0389937125146389,0.15270936489105225,0.3763546943664551
YDR446W,YDR180W,1,-2.5904024,0.03959773853421211,0.1551724076271057,0.3763546943664551
YDR385W,YHR187W,0,-2.590664,0.03957286477088928,0.1551724076271057,0.376600980758667
YDR058C,YBR133C,0,-2.5929458,0.03954802080988884,0.1551724076271057,0.3768472969532013
YDL178W,YBL003C,0,-2.5935614,0.03952321037650108,0.1551724076271057,0.3770935833454132
YOR178C,YJR161C,0,-2.5940874,0.03949843347072601,0.1551724076271057,0.3773398995399475
YML093W,YKR001C,0,-2.5950332,0.03947368264198303,0.1551724076271057,0.3775862157344818
YPR183W,YCL030C,0,-2.5950623,0.03944896534085274,0.1551724076271057,0.3778325021266937
YGR049W,YCR083W,0,-2.5951798,0.03942428156733513,0.1551724076271057,0.378078818321228
YNL245C,YMR271C,0,-2.597344,0.03939962387084961,0.1551724076271057,0.37832513451576233
YAR003W,YGR256W,0,-2.5974662,0.039374999701976776,0.1551724076271057,0.37857142090797424
YLR166C,YPL265W,0,-2.5975225,0.03935040533542633,0.1551724076271057,0.37881773710250854
YJL092W,YGL179C,0,-2.6002977,0.03932584449648857,0.1551724076271057,0.37906405329704285
YMR277W,YBL003C,0,-2.6018455,0.0393013097345829,0.1551724076271057,0.37931033968925476
YOR344C,YPL249C,0,-2.603049,0.03927680850028992,0.1551724076271057,0.37955665588378906
YER141W,YOR202W,0,-2.6034245,0.03925233706831932,0.1551724076271057,0.379802942276001
YCR024C-A,YKL220C,0,-2.6038682,0.03922789543867111,0.1551724076271057,0.3800492584705353
YIR034C,YKL220C,0,-2.6041377,0.03920348361134529,0.1551724076271057,0.3802955746650696
YPL024W,YMR277W,0,-2.6058514,0.039179105311632156,0.1551724076271057,0.3805418610572815
YGL086W,YGL121C,0,-2.6065528,0.03915475308895111,0.1551724076271057,0.3807881772518158
YGR140W,YNL058C,0,-2.6078312,0.03913043439388275,0.1551724076271057,0.3810344934463501
YPL072W,YPL190C,0,-2.6079772,0.03910614550113678,0.1551724076271057,0.381280779838562
YOL115W,YBR070C,0,-2.6081932,0.039081886410713196,0.1551724076271057,0.3815270960330963
YFL018C,YDL214C,0,-2.6087492,0.039057657122612,0.1551724076271057,0.3817734122276306
YPL217C,YGL224C,0,-2.6100767,0.03903345763683319,0.1551724076271057,0.38201969861984253
YNL300W,YGL125W,0,-2.6104434,0.03900928795337677,0.1551724076271057,0.38226601481437683
YPL241C,YIL031W,0,-2.6131423,0.03898514807224274,0.1551724076271057,0.38251230120658875
YDL002C,YLR174W,0,-2.6132145,0.03896103799343109,0.1551724076271057,0.38275861740112305
YER119C,YBR171W,0,-2.6148102,0.038936957716941833,0.1551724076271057,0.38300493359565735
YKL188C,YPL266W,0,-2.614891,0.03891291096806526,0.1551724076271057,0.38325121998786926
YOR298C-A,YGL012W,0,-2.6159608,0.03888889029622078,0.1551724076271057,0.38349753618240356
YGR284C,YGR091W,0,-2.6162808,0.038864899426698685,0.1551724076271057,0.38374385237693787
YNL209W,YGL133W,0,-2.6169279,0.03884093835949898,0.1551724076271057,0.3839901387691498
YHR134W,YKR039W,0,-2.6173756,0.03881700709462166,0.1551724076271057,0.3842364549636841
YDL079C,YDR324C,0,-2.617903,0.03879310190677643,0.1551724076271057,0.3844827711582184
YLR013W,YPL181W,0,-2.6203191,0.038769230246543884,0.1551724076271057,0.3847290575504303
YNL099C,YBL071W-A,0,-2.6204402,0.03874538838863373,0.1551724076271057,0.3849753737449646
YEL004W,YOR360C,0,-2.6211803,0.03872157260775566,0.1551724076271057,0.3852216601371765
YGL133W,YMR305C,0,-2.6218212,0.03869779035449028,0.1551724076271057,0.3854679763317108
YNL222W,YPR052C,0,-2.6218667,0.03867403417825699,0.1551724076271057,0.3857142925262451
YGR049W,YIR028W,0,-2.6224706,0.038650307804346085,0.1551724076271057,0.38596057891845703
YBL004W,YDR302W,0,-2.624645,0.03862661123275757,0.1551724076271057,0.38620689511299133
YKL101W,YLR013W,0,-2.6248043,0.03860294073820114,0.1551724076271057,0.38645321130752563
YIR034C,YGL187C,0,-2.6248217,0.0385793000459671,0.1551724076271057,0.38669949769973755
YKL101W,YEL026W,0,-2.6251311,0.03855569288134575,0.1551724076271057,0.38694581389427185
YPL047W,YPR140W,0,-2.6269891,0.038532111793756485,0.1551724076271057,0.38719213008880615
YLR051C,YLR319C,0,-2.6271465,0.03850855678319931,0.1551724076271057,0.38743841648101807
YLR336C,YBL009W,0,-2.6290607,0.03848503530025482,0.1551724076271057,0.38768473267555237
YLR155C,YDR409W,0,-2.6312017,0.03846153989434242,0.1551724076271057,0.38793104887008667
YIR035C,YLL028W,0,-2.6315694,0.03843807056546211,0.1551724076271057,0.3881773352622986
YEL020C,YHR188C,0,-2.633945,0.03841463476419449,0.1551724076271057,0.3884236514568329
YNL139C,YGL033W,1,-2.634077,0.039000608026981354,0.15763546526432037,0.3884236514568329
YGR148C,YCR017C,0,-2.634668,0.03897685930132866,0.15763546526432037,0.3886699378490448
YGR041W,YML075C,0,-2.634815,0.038953132927417755,0.15763546526432037,0.3889162540435791
YGR198W,YPL265W,0,-2.6350026,0.03892944008111954,0.15763546526432037,0.3891625702381134
YML038C,YDL239C,0,-2.6352417,0.03890577331185341,0.15763546526432037,0.3894088566303253
YPR066W,YGL179C,0,-2.6354887,0.038882140070199966,0.15763546526432037,0.3896551728248596
YOL097C,YCR068W,0,-2.635871,0.038858529180288315,0.15763546526432037,0.3899014890193939
YGR148C,YPR101W,0,-2.6371596,0.03883495181798935,0.15763546526432037,0.39014777541160583
YER069W,YHR062C,0,-2.6376164,0.03881140053272247,0.15763546526432037,0.39039409160614014
YGL029W,YJL020C,0,-2.637676,0.038787879049777985,0.15763546526432037,0.39064040780067444
YIL127C,YHR121W,0,-2.6380546,0.038764383643865585,0.15763546526432037,0.39088669419288635
YPL192C,YDL147W,0,-2.6383994,0.03874092176556587,0.15763546526432037,0.39113301038742065
YAR071W,YBR068C,0,-2.6385658,0.03871748223900795,0.15763546526432037,0.39137929677963257
YJL116C,YGL156W,0,-2.6392643,0.038694076240062714,0.15763546526432037,0.39162561297416687
YLR272C,YPL187W,0,-2.6407092,0.03867069631814957,0.15763546526432037,0.39187192916870117
YIL114C,YML075C,0,-2.6410804,0.03864734247326851,0.15763546526432037,0.3921182155609131
YLR242C,YEL047C,0,-2.6417677,0.03862401843070984,0.15763546526432037,0.3923645317554474
YOR208W,YDR143C,0,-2.6431284,0.038600724190473557,0.15763546526432037,0.3926108479499817
YFR042W,YMR170C,0,-2.6437538,0.03857745602726936,0.15763546526432037,0.3928571343421936
YER035W,YCL030C,0,-2.6443589,0.03855421766638756,0.15763546526432037,0.3931034505367279
YDR225W,YHR196W,0,-2.6444275,0.03853100538253784,0.15763546526432037,0.3933497667312622
YPL124W,YDR255C,0,-2.6457822,0.03850782290101051,0.15763546526432037,0.3935960531234741
YJR091C,YGR256W,0,-2.6467865,0.038484666496515274,0.15763546526432037,0.3938423693180084
YDR446W,YMR167W,1,-2.6472394,0.0390625,0.16009852290153503,0.3938423693180084
YDR522C,YBR068C,0,-2.6486464,0.03903903812170029,0.16009852290153503,0.39408865571022034
YOR354C,YGL033W,1,-2.649867,0.039615847170352936,0.1625615805387497,0.39408865571022034
YLR340W,YPL118W,0,-2.6498854,0.03959207981824875,0.1625615805387497,0.39433497190475464
YHL022C,YHR166C,0,-2.6499357,0.03956834599375725,0.1625615805387497,0.39458128809928894
YDR446W,YMR106C,1,-2.650129,0.04014379903674126,0.16502462327480316,0.39458128809928894
YNL021W,YDR099W,0,-2.65133,0.04011975973844528,0.16502462327480316,0.39482757449150085
YML008C,YPL046C,0,-2.6517942,0.040095750242471695,0.16502462327480316,0.39507389068603516
YOR118W,YKL096W,0,-2.6527865,0.040071770548820496,0.16502462327480316,0.39532020688056946
YML046W,YNL279W,0,-2.6546392,0.040047816932201385,0.16502462327480316,0.39556649327278137
YDR446W,YML062C,1,-2.6566696,0.04062126576900482,0.16748768091201782,0.39556649327278137
YDR322C-A,YDR314C,0,-2.6582801,0.040597014129161835,0.16748768091201782,0.3958128094673157
YDL161W,YPL079W,0,-2.660027,0.040572792291641235,0.16748768091201782,0.39605912566185
YDL168W,YOR321W,0,-2.6603506,0.040548600256443024,0.16748768091201782,0.3963054120540619
YKL091C,YGR195W,0,-2.6616492,0.0405244342982769,0.16748768091201782,0.3965517282485962
YMR052W,YDL122W,0,-2.6620815,0.040500298142433167,0.16748768091201782,0.3967980444431305
YKL213C,YOR073W,0,-2.6640885,0.04047619178891182,0.16748768091201782,0.3970443308353424
YMR164C,YNL299W,0,-2.6657796,0.04045211151242256,0.16748768091201782,0.3972906470298767
YMR011W,YPR056W,0,-2.6658802,0.04042806103825569,0.16748768091201782,0.3975369334220886
YER026C,YKL216W,0,-2.6675355,0.04040404036641121,0.16748768091201782,0.3977832496166229
YDL193W,YER001W,0,-2.668364,0.040380045771598816,0.16748768091201782,0.3980295658111572
YKR022C,YPL187W,0,-2.6704147,0.04035608470439911,0.16748768091201782,0.39827585220336914
YBR104W,YPR140W,0,-2.6713722,0.04033214598894119,0.16748768091201782,0.39852216839790344
YLR233C,YOR028C,0,-2.672365,0.04030824080109596,0.16748768091201782,0.39876848459243774
YBR126C,YDL226C,0,-2.674231,0.04028436169028282,0.16748768091201782,0.39901477098464966
YHR134W,YGR240C,0,-2.6746855,0.04026050865650177,0.16748768091201782,0.39926108717918396
YIL040W,YIL097W,0,-2.6753287,0.040236685425043106,0.16748768091201782,0.39950740337371826
YKL046C,YFL034C-A,0,-2.675484,0.04021289199590683,0.16748768091201782,0.3997536897659302
YHR039C,YNL312W,1,-2.6755006,0.040780141949653625,0.16995073854923248,0.3997536897659302
YEL004W,YER075C,0,-2.6760643,0.04075605422258377,0.16995073854923248,0.4000000059604645
YGL043W,YPR164W,1,-2.676111,0.041322313249111176,0.17241379618644714,0.4000000059604645
YEL055C,YMR030W,0,-2.678553,0.04129793494939804,0.17241379618644714,0.4002462923526764
YCR027C,YAR071W,0,-2.679109,0.041273586452007294,0.17241379618644714,0.4004926085472107
YMR068W,YER018C,0,-2.6797478,0.041249264031648636,0.17241379618644714,0.400738924741745
YKR042W,YBL071W-A,0,-2.6799457,0.041224971413612366,0.17241379618644714,0.4009852111339569
YMR104C,YGL166W,0,-2.6802619,0.041200704872608185,0.17241379618644714,0.4012315273284912
YBL006C,YFL034C-A,0,-2.6826193,0.04117647185921669,0.17241379618644714,0.4014778435230255
YPL217C,YLR424W,0,-2.6826684,0.041152264922857285,0.17241379618644714,0.4017241299152374
YGR108W,YOR293W,0,-2.685155,0.04112808406352997,0.17241379618644714,0.40197044610977173
YOR196C,YLR341W,0,-2.6857917,0.04110393300652504,0.17241379618644714,0.40221676230430603
YLR128W,YJR159W,0,-2.6878707,0.0410798117518425,0.17241379618644714,0.40246304869651794
YLR116W,YKR081C,0,-2.6880875,0.041055720299482346,0.17241379618644714,0.40270936489105225
YDR346C,YGR048W,0,-2.6892998,0.04103165119886398,0.17241379618644714,0.40295565128326416
YLR155C,YJL014W,0,-2.690243,0.04100761562585831,0.17241379618644714,0.40320196747779846
YOR293W,YOR010C,0,-2.6914198,0.04098360612988472,0.17241379618644714,0.40344828367233276
YBL018C,YLR222C,0,-2.6924784,0.04095962643623352,0.17241379618644714,0.4036945700645447
YGL201C,YEL003W,0,-2.6937494,0.04093567281961441,0.17241379618644714,0.403940886259079
YGR148C,YPR029C,0,-2.6940744,0.04091174900531769,0.17241379618644714,0.4041872024536133
YMR170C,YLR035C,0,-2.6954935,0.040887851268053055,0.17241379618644714,0.4044334888458252
YER058W,YDL222C,0,-2.6962636,0.04086397960782051,0.17241379618644714,0.4046798050403595
YNL299W,YNL224C,0,-2.6972444,0.04084014147520065,0.17241379618644714,0.4049261212348938
YGL124C,YGR271C-A,0,-2.697732,0.040816325694322586,0.17241379618644714,0.4051724076271057
YOR371C,YNL279W,0,-2.7004125,0.04079253971576691,0.17241379618644714,0.40541872382164
YFR046C,YML123C,0,-2.701073,0.040768783539533615,0.17241379618644714,0.40566501021385193
YMR199W,YJL100W,0,-2.7021382,0.04074505344033241,0.17241379618644714,0.40591132640838623
YDR155C,YKR029C,0,-2.702214,0.0407213494181633,0.17241379618644714,0.40615764260292053
YBR018C,YLR095C,0,-2.7032747,0.040697675198316574,0.17241379618644714,0.40640392899513245
YOR202W,YMR271C,0,-2.7037847,0.04067402705550194,0.17241379618644714,0.40665024518966675
YNR032W,YKL092C,0,-2.705106,0.04065040498971939,0.17241379618644714,0.40689656138420105
YER124C,YNL229C,0,-2.7054536,0.04062681272625923,0.17241379618644714,0.40714284777641296
YGL099W,YFL008W,0,-2.706837,0.04060324653983116,0.17241379618644714,0.40738916397094727
YMR014W,YJL207C,0,-2.7075121,0.04057971015572548,0.17241379618644714,0.40763548016548157
YDR408C,YMR052W,0,-2.707655,0.040556199848651886,0.17241379618644714,0.4078817665576935
YPL030W,YDR079C-A,0,-2.7080328,0.04053271561861038,0.17241379618644714,0.4081280827522278
YBR021W,YGL254W,0,-2.7103508,0.04050925746560097,0.17241379618644714,0.4083743989467621
YGL043W,YPL283C,1,-2.711219,0.041064199060201645,0.1748768538236618,0.4083743989467621
YJL002C,YOR295W,0,-2.7114527,0.041040461510419846,0.1748768538236618,0.408620685338974
YHR039C,YGL033W,1,-2.7132556,0.041594453155994415,0.17733989655971527,0.408620685338974
YPR058W,YML024W,0,-2.7136433,0.04157043993473053,0.17733989655971527,0.4088670015335083
YBR073W,YPL283C,1,-2.7138038,0.04212348535656929,0.17980295419692993,0.4088670015335083
YFL003C,YOL068C,1,-2.7165382,0.042675893753767014,0.1822660118341446,0.4088670015335083
YDR382W,YOR188W,0,-2.7168128,0.04265129566192627,0.1822660118341446,0.4091132879257202
YDR462W,YNL053W,0,-2.717035,0.04262672737240791,0.1822660118341446,0.4093596041202545
YBL042C,YCR068W,0,-2.7193427,0.042602188885211945,0.1822660118341446,0.4096059203147888
YCL038C,YHR083W,0,-2.7209609,0.042577676475048065,0.1822660118341446,0.40985220670700073
YIL097W,YOR122C,0,-2.720979,0.042553190141916275,0.1822660118341446,0.41009852290153503
YKR080W,YDR382W,0,-2.7214084,0.04252873733639717,0.1822660118341446,0.41034483909606934
YBR136W,YOL068C,1,-2.7241952,0.04307869076728821,0.18472906947135925,0.41034483909606934
YCL038C,YMR309C,0,-2.7256284,0.04305396229028702,0.18472906947135925,0.41059112548828125
YFR055W,YLR117C,0,-2.7266543,0.04302925989031792,0.18472906947135925,0.41083744168281555
YFL055W,YER058W,0,-2.7270339,0.043004587292671204,0.18472906947135925,0.41108375787734985
YGL134W,YHL001W,0,-2.7274241,0.04297994449734688,0.18472906947135925,0.41133004426956177
YJL184W,YMR121C,0,-2.7274516,0.04295532777905464,0.18472906947135925,0.41157636046409607
YCR034W,YDL122W,0,-2.7284257,0.042930737137794495,0.18472906947135925,0.411822646856308
YJR090C,YKL216W,0,-2.7285693,0.042906180024147034,0.18472906947135925,0.4120689630508423
YBL002W,YOR010C,0,-2.7286558,0.042881645262241364,0.18472906947135925,0.4123152792453766
YOR368W,YMR190C,1,-2.7298353,0.04342857003211975,0.18719211220741272,0.4123152792453766
YOR202W,YDL058W,0,-2.730153,0.04340377077460289,0.18719211220741272,0.4125615656375885
YGR133W,YEL046C,0,-2.7301888,0.04337899386882782,0.18719211220741272,0.4128078818321228
YKL008C,YML022W,0,-2.7302806,0.043354250490665436,0.18719211220741272,0.4130541980266571
YFL062W,YOR188W,0,-2.7303555,0.04332953318953514,0.18719211220741272,0.413300484418869
YOR197W,YNL270C,0,-2.7307332,0.043304841965436935,0.18719211220741272,0.4135468006134033
YOL017W,YKL055C,0,-2.7312655,0.04328018054366112,0.18719211220741272,0.4137931168079376
YPL256C,YDR538W,0,-2.7317204,0.04325554892420769,0.18719211220741272,0.41403940320014954
YBL004W,YPL037C,0,-2.7329834,0.043230943381786346,0.18719211220741272,0.41428571939468384
YPL211W,YMR060C,0,-2.7334769,0.04320636764168739,0.18719211220741272,0.41453200578689575
YIR013C,YGR098C,0,-2.733867,0.04318181797862053,0.18719211220741272,0.41477832198143005
YDR043C,YBR244W,0,-2.7344577,0.04315729811787605,0.18719211220741272,0.41502463817596436
YGL086W,YLR216C,0,-2.7348497,0.043132804334163666,0.18719211220741272,0.41527092456817627
YNR069C,YDR316W,0,-2.7361894,0.04310833662748337,0.18719211220741272,0.41551724076271057
YDL232W,YBR203W,0,-2.7369123,0.04308389872312546,0.18719211220741272,0.4157635569572449
YBR253W,YGL156W,0,-2.7387345,0.043059490621089935,0.18719211220741272,0.4160098433494568
YGR108W,YDL103C,0,-2.7418897,0.0430351085960865,0.18719211220741272,0.4162561595439911
YDR180W,YOL068C,1,-2.7436094,0.0435766838490963,0.18965516984462738,0.4162561595439911
YPL246C,YBL004W,0,-2.7439606,0.043552037328481674,0.18965516984462738,0.4165024757385254
YCR028C-A,YBR018C,0,-2.7470853,0.04352741688489914,0.18965516984462738,0.4167487621307373
YDR104C,YPL030W,0,-2.747495,0.04350282624363899,0.18965516984462738,0.4169950783252716
YGL033W,YML062C,1,-2.7479131,0.0440429151058197,0.19211822748184204,0.4169950783252716
YOR190W,YLL028W,0,-2.7480128,0.044018059968948364,0.19211822748184204,0.4172413647174835
YBR018C,YCR024C-A,0,-2.7489798,0.043993230909109116,0.19211822748184204,0.4174876809120178
YNR012W,YLR034C,0,-2.7501452,0.043968431651592255,0.19211822748184204,0.4177339971065521
YGL250W,YLR084C,0,-2.7502217,0.04394366219639778,0.19211822748184204,0.41798028349876404
YDL020C,YNL152W,0,-2.750324,0.0439189188182354,0.19211822748184204,0.41822659969329834
YHR098C,YPL124W,0,-2.7507138,0.0438942052423954,0.19211822748184204,0.41847291588783264
YLR297W,YPR065W,0,-2.7515433,0.043869517743587494,0.19211822748184204,0.41871920228004456
YNR054C,YJR017C,0,-2.753572,0.043844856321811676,0.19211822748184204,0.41896551847457886
YPL227C,YBR293W,0,-2.7556274,0.043820224702358246,0.19211822748184204,0.41921183466911316
YOL094C,YHR072W-A,0,-2.756519,0.043795619159936905,0.19211822748184204,0.4194581210613251
YDR302W,YDR522C,0,-2.7572536,0.04377104341983795,0.19211822748184204,0.4197044372558594
YOL097C,YLR119W,0,-2.757912,0.04374649375677109,0.19211822748184204,0.4199507534503937
YNL139C,YPL283C,1,-2.759412,0.04428251087665558,0.1945812851190567,0.4199507534503937
YJL207C,YER004W,0,-2.7594378,0.04425770416855812,0.1945812851190567,0.4201970398426056
YOL088C,YDR037W,0,-2.7600439,0.04423292353749275,0.1945812851190567,0.4204433560371399
YKR092C,YNL093W,0,-2.7604265,0.04420816898345947,0.1945812851190567,0.4206896424293518
YOR210W,YNL083W,0,-2.7608778,0.04418344423174858,0.1945812851190567,0.4209359586238861
YGR059W,YLR035C,0,-2.762153,0.04415874928236008,0.1945812851190567,0.4211822748184204
YHR039C,YDR180W,1,-2.7628844,0.044692736119031906,0.19704432785511017,0.4211822748184204
YGL224C,YIR028W,0,-2.7645395,0.04466778412461281,0.19704432785511017,0.4214285612106323
YER144C,YGL077C,0,-2.765749,0.0446428582072258,0.19704432785511017,0.4216748774051666
YHL007C,YFR055W,0,-2.7663417,0.04461795836687088,0.19704432785511017,0.4219211935997009
YKL086W,YDL147W,0,-2.7668045,0.04459308832883835,0.19704432785511017,0.42216747999191284
YDR346C,YDL044C,0,-2.7682168,0.044568244367837906,0.19704432785511017,0.42241379618644714
YML022W,YLR095C,0,-2.7704082,0.04454343020915985,0.19704432785511017,0.42266011238098145
YFR009W,YDR363W,0,-2.770695,0.044518642127513885,0.19704432785511017,0.42290639877319336
YOL034W,YLR089C,0,-2.7713478,0.04449388384819031,0.19704432785511017,0.42315271496772766
YGL201C,YML093W,0,-2.7714262,0.04446914792060852,0.19704432785511017,0.4233990013599396
YBR088C,YJL184W,0,-2.7726474,0.04444444552063942,0.19704432785511017,0.4236453175544739
YCL033C,YBL016W,0,-2.7732933,0.04441976547241211,0.19704432785511017,0.4238916337490082
YBR136W,YMR106C,1,-2.7736914,0.044950056821107864,0.19950738549232483,0.4238916337490082
YLR388W,YNL241C,0,-2.774455,0.04492512345314026,0.19950738549232483,0.4241379201412201
YFL062W,YGR128C,0,-2.7744937,0.04490021988749504,0.19950738549232483,0.4243842363357544
YHR039C,YPR164W,1,-2.7770603,0.04542936384677887,0.2019704431295395,0.4243842363357544
YNL072W,YDR079C-A,0,-2.777839,0.045404206961393356,0.2019704431295395,0.4246305525302887
YHR091C,YML093W,0,-2.7791526,0.04537907987833023,0.2019704431295395,0.4248768389225006
YPR104C,YMR251W-A,0,-2.779785,0.04535398259758949,0.2019704431295395,0.4251231551170349
YML029W,YDR079C-A,0,-2.780061,0.045328911393880844,0.2019704431295395,0.4253694713115692
YDR314C,YDL178W,0,-2.780472,0.045303866267204285,0.2019704431295395,0.42561575770378113
YNL088W,YPL283C,1,-2.7805035,0.04583103209733963,0.20443350076675415,0.42561575770378113
YBR132C,YOR202W,0,-2.7807992,0.04580574110150337,0.20443350076675415,0.42586207389831543
YDR006C,YCR028C-A,0,-2.7812362,0.045780476182699203,0.20443350076675415,0.42610836029052734
YDR147W,YIL121W,0,-2.782762,0.045755237340927124,0.20443350076675415,0.42635467648506165
YJL074C,YEL071W,0,-2.7832298,0.04573002830147743,0.20443350076675415,0.42660099267959595
YGL065C,YPL012W,0,-2.783462,0.04570484533905983,0.20443350076675415,0.42684727907180786
YHR079C-A,YNL312W,1,-2.7834718,0.046230047941207886,0.2068965584039688,0.42684727907180786
YCL038C,YLR368W,0,-2.783611,0.046204619109630585,0.2068965584039688,0.42709359526634216
YBR171W,YKL216W,0,-2.7844417,0.04617922008037567,0.2068965584039688,0.42733991146087646
YLR369W,YLR449W,0,-2.7851908,0.04615384712815285,0.2068965584039688,0.4275861978530884
YJR044C,YLR222C,0,-2.7854688,0.04612850025296211,0.2068965584039688,0.4278325140476227
YPR145W,YLR051C,0,-2.7858827,0.046103183180093765,0.2068965584039688,0.428078830242157
YLR406C,YGR231C,0,-2.786245,0.04607789218425751,0.2068965584039688,0.4283251166343689
YHR034C,YFR055W,0,-2.78655,0.04605263099074364,0.2068965584039688,0.4285714328289032
YHR079C-A,YOL068C,1,-2.7868001,0.04657534137368202,0.20935960114002228,0.4285714328289032
YDL049C,YER074W-A,0,-2.7891028,0.04654983431100845,0.20935960114002228,0.4288177192211151
YBR021W,YNL279W,0,-2.7905245,0.04652435705065727,0.20935960114002228,0.4290640354156494
YOR205C,YGL077C,0,-2.790602,0.04649890586733818,0.20935960114002228,0.4293103516101837
YPR124W,YDL058W,0,-2.7907388,0.046473484486341476,0.20935960114002228,0.42955663800239563
YDR180W,YMR190C,1,-2.7917573,0.046994537115097046,0.21182265877723694,0.42955663800239563
YDR184C,YKR042W,0,-2.791897,0.04696886986494064,0.21182265877723694,0.42980295419692993
YOL006C,YPL283C,1,-2.792246,0.04748908430337906,0.2142857164144516,0.42980295419692993
YLR431C,YHL020C,0,-2.7948043,0.047463174909353256,0.2142857164144516,0.43004927039146423
YMR044W,YKL084W,0,-2.794957,0.04743729531764984,0.2142857164144516,0.43029555678367615
YDL201W,YKL148C,0,-2.7968507,0.047411445528268814,0.2142857164144516,0.43054187297821045
YOR208W,YOR130C,0,-2.797106,0.047385621815919876,0.2142857164144516,0.43078818917274475
YPL005W,YHR176W,0,-2.7973921,0.04735982418060303,0.2142857164144516,0.43103447556495667
YGL133W,YGL012W,0,-2.799259,0.047334060072898865,0.2142857164144516,0.43128079175949097
YER119C,YIR028W,0,-2.8003464,0.04730831831693649,0.2142857164144516,0.43152710795402527
YPL283C,YDR180W,1,-2.8010561,0.04782608523964882,0.21674877405166626,0.43152710795402527
YKR086W,YGL077C,0,-2.8010616,0.047800108790397644,0.21674877405166626,0.4317733943462372
YBR136W,YFL003C,1,-2.8042758,0.04831704497337341,0.21921181678771973,0.4317733943462372
YGR192C,YPL228W,0,-2.8046405,0.04829083010554314,0.21921181678771973,0.4320197105407715
YKR013W,YNR023W,0,-2.8048968,0.04826464131474495,0.21921181678771973,0.4322659969329834
YOR095C,YCR003W,0,-2.805758,0.04823848232626915,0.21921181678771973,0.4325123131275177
YDR446W,YOR368W,1,-2.8063245,0.04875406250357628,0.2216748744249344,0.4325123131275177
YLR274W,YLR110C,0,-2.8072116,0.04872766509652138,0.2216748744249344,0.432758629322052
YJR044C,YJR002W,0,-2.807636,0.048701297491788864,0.2216748744249344,0.4330049157142639
YKL163W,YKR039W,0,-2.8084385,0.04867495968937874,0.2216748744249344,0.4332512319087982
YFL016C,YJR007W,0,-2.8085034,0.0486486479640007,0.2216748744249344,0.4334975481033325
YDR446W,YBR098W,1,-2.8086784,0.0491626150906086,0.22413793206214905,0.4334975481033325
YGR157W,YNL275W,0,-2.8095646,0.04913606867194176,0.22413793206214905,0.43374383449554443
YBR039W,YOR339C,0,-2.8102314,0.049109552055597305,0.22413793206214905,0.43399015069007874
YDR006C,YHR042W,0,-2.8110456,0.04908306524157524,0.22413793206214905,0.43423646688461304
YHR178W,YDR331W,0,-2.812816,0.049056604504585266,0.22413793206214905,0.43448275327682495
YNL152W,YGL012W,0,-2.8129294,0.04903017356991768,0.22413793206214905,0.43472906947135925
YNL300W,YLR071C,0,-2.8134766,0.04900376871228218,0.22413793206214905,0.43497535586357117
YOL013C,YMR104C,0,-2.8135517,0.04897739365696907,0.22413793206214905,0.43522167205810547
YDR143C,YKR003W,0,-2.813711,0.04895104840397835,0.22413793206214905,0.43546798825263977
YOL049W,YOR003W,0,-2.813792,0.04892473295331001,0.22413793206214905,0.4357142746448517
YKL211C,YIL017C,0,-2.8142946,0.04889843985438347,0.22413793206214905,0.435960590839386
YNL125C,YLL052C,0,-2.8159132,0.04887218028306961,0.22413793206214905,0.4362069070339203
YOR095C,YNL327W,0,-2.817016,0.04884594678878784,0.22413793206214905,0.4364531934261322
YCR089W,YOR028C,0,-2.817219,0.04881974309682846,0.22413793206214905,0.4366995096206665
YMR106C,YNL312W,1,-2.8176363,0.04932975769042969,0.2266009896993637,0.4366995096206665
YOR003W,YIL114C,0,-2.8178437,0.0493033230304718,0.2266009896993637,0.4369458258152008
YJR099W,YHR102W,0,-2.8179464,0.049276914447546005,0.2266009896993637,0.4371921122074127
YJL063C,YGR128C,0,-2.8195274,0.049250535666942596,0.2266009896993637,0.437438428401947
YER122C,YBR244W,0,-2.819803,0.04922418296337128,0.2266009896993637,0.43768471479415894
YDL178W,YKL055C,0,-2.8203125,0.049197860062122345,0.2266009896993637,0.43793103098869324
YBL045C,YDR163W,0,-2.8208501,0.0491715669631958,0.2266009896993637,0.43817734718322754
YKR003W,YDL201W,0,-2.8216808,0.049145299941301346,0.2266009896993637,0.43842363357543945
YGR023W,YPR121W,0,-2.8223746,0.04911905899643898,0.2266009896993637,0.43866994976997375
YPL003W,YDL239C,0,-2.822458,0.049092847853899,0.2266009896993637,0.43891626596450806
YJR090C,YPL170W,0,-2.822963,0.04906666651368141,0.2266009896993637,0.43916255235671997
YBL099W,YLR275W,0,-2.8231122,0.04904051125049591,0.2266009896993637,0.4394088685512543
YCR088W,YPL249C,0,-2.8232539,0.0490143857896328,0.2266009896993637,0.4396551847457886
YIR034C,YIL168W,0,-2.8234785,0.04898828640580177,0.2266009896993637,0.4399014711380005
YGR284C,YGL029W,0,-2.8249223,0.04896221309900284,0.2266009896993637,0.4401477873325348
YPL047W,YGL012W,0,-2.8255346,0.04893616959452629,0.2266009896993637,0.4403941035270691
YPL228W,YBR244W,0,-2.825612,0.04891015589237213,0.2266009896993637,0.440640389919281
YCR028C-A,YER157W,0,-2.826744,0.04888416454195976,0.2266009896993637,0.4408867061138153
YDR446W,YOR035C,1,-2.8278441,0.049389272928237915,0.22906403243541718,0.4408867061138153
YNL030W,YMR060C,0,-2.8279788,0.04936305806040764,0.22906403243541718,0.4411329925060272
YDR142C,YPL187W,0,-2.8285022,0.04933686926960945,0.22906403243541718,0.4413793087005615
YNR023W,YDR155C,0,-2.828663,0.04931071028113365,0.22906403243541718,0.4416256248950958
YFL024C,YBL027W,0,-2.8287804,0.04928457736968994,0.22906403243541718,0.44187191128730774
YCR083W,YNL087W,0,-2.8289514,0.04925847426056862,0.22906403243541718,0.44211822748184204
YIL031W,YKL148C,0,-2.8290246,0.049232397228479385,0.22906403243541718,0.44236454367637634
YML130C,YDR017C,0,-2.8293207,0.04920634999871254,0.22906403243541718,0.44261083006858826
YOL013C,YPR066W,0,-2.8298523,0.04918032884597778,0.22906403243541718,0.44285714626312256
YPL164C,YDR446W,1,-2.8302732,0.049682874232530594,0.23152709007263184,0.44285714626312256
YBR073W,YPR164W,1,-2.830364,0.05018489062786102,0.2339901477098465,0.44285714626312256
YFL024C,YBL009W,0,-2.8305805,0.05015839636325836,0.2339901477098465,0.44310346245765686
YMR104C,YER004W,0,-2.830888,0.05013192445039749,0.2339901477098465,0.4433497488498688
YML007W,YKL084W,0,-2.832952,0.05010548606514931,0.2339901477098465,0.4435960650444031
YBL003C,YDR409W,0,-2.8330488,0.05007907375693321,0.2339901477098465,0.443842351436615
YDR314C,YFL053W,0,-2.833851,0.05005268752574921,0.2339901477098465,0.4440886676311493
YPL256C,YER144C,0,-2.8346407,0.05002633109688759,0.2339901477098465,0.4443349838256836
YPL132W,YKL213C,0,-2.8348353,0.05000000074505806,0.2339901477098465,0.4445812702178955
YBR098W,YMR190C,1,-2.8358653,0.05049973726272583,0.23645320534706116,0.4445812702178955
YJR144W,YPL249C,0,-2.8362167,0.05047318711876869,0.23645320534706116,0.4448275864124298
YDR394W,YDR538W,0,-2.836485,0.05044666305184364,0.23645320534706116,0.4450739026069641
YGR195W,YNL152W,0,-2.8389065,0.05042016878724098,0.23645320534706116,0.445320188999176
YBR203W,YGR109C,0,-2.8420994,0.05039370059967041,0.23645320534706116,0.4455665051937103
YER141W,YEL003W,0,-2.8434856,0.050367262214422226,0.23645320534706116,0.44581282138824463
YGL033W,YOR035C,1,-2.8437946,0.050865232944488525,0.23891626298427582,0.44581282138824463
YKL073W,YKR039W,0,-2.8440766,0.05083857476711273,0.23891626298427582,0.44605910778045654
YBR133C,YLR256W,0,-2.844671,0.05081194266676903,0.23891626298427582,0.44630542397499084
YMR104C,YCR079W,0,-2.8447802,0.05078534036874771,0.23891626298427582,0.44655171036720276
YDR097C,YMR309C,0,-2.8448293,0.050758764147758484,0.23891626298427582,0.44679802656173706
YFL053W,YKL084W,0,-2.844981,0.050732217729091644,0.23891626298427582,0.44704434275627136
YKL139W,YPL192C,0,-2.8452573,0.050705697387456894,0.23891626298427582,0.4472906291484833
YPL265W,YJR144W,0,-2.8457534,0.05067920684814453,0.23891626298427582,0.4475369453430176
YEL063C,YOR073W,0,-2.845967,0.05065274238586426,0.23891626298427582,0.4477832615375519
YDR446W,YDR113C,1,-2.8469424,0.051148224622011185,0.24137930572032928,0.4477832615375519
YLR376C,YMR092C,0,-2.847757,0.0511215440928936,0.24137930572032928,0.4480295479297638
YHL001W,YLR222C,0,-2.848158,0.051094889640808105,0.24137930572032928,0.4482758641242981
YLR342W,YOR329C,0,-2.8506725,0.051068264991045,0.24137930572032928,0.4485221803188324
YAR003W,YOR153W,0,-2.8512642,0.05104166641831398,0.24137930572032928,0.4487684667110443
YGL043W,YMR167W,1,-2.8520696,0.05153565853834152,0.24384236335754395,0.4487684667110443
YNL124W,YGR284C,0,-2.8531086,0.05150884389877319,0.24384236335754395,0.4490147829055786
YCR020W-B,YBR135W,0,-2.8531137,0.05148205906152725,0.24384236335754395,0.4492610692977905
YGL033W,YMR106C,1,-2.8532012,0.051975052803754807,0.2463054209947586,0.4492610692977905
YCL026C-A,YDR354W,0,-2.8563,0.051948051899671555,0.2463054209947586,0.44950738549232483
YJL050W,YNL030W,0,-2.8566701,0.05192108079791069,0.2463054209947586,0.44975370168685913
YDR017C,YDR171W,0,-2.8571625,0.051894135773181915,0.2463054209947586,0.44999998807907104
YBR215W,YBR018C,0,-2.8579936,0.05186722055077553,0.2463054209947586,0.45024630427360535
YDR058C,YDR123C,0,-2.8585851,0.05184033140540123,0.2463054209947586,0.45049262046813965
YGL250W,YOR125C,0,-2.8592005,0.05181347206234932,0.2463054209947586,0.45073890686035156
YGR152C,YDL079C,0,-2.8592653,0.0517866387963295,0.2463054209947586,0.45098522305488586
YGR166W,YPR079W,0,-2.8598366,0.051759835332632065,0.2463054209947586,0.45123153924942017
YIL023C,YOL091W,0,-2.8618772,0.05173305794596672,0.2463054209947586,0.4514778256416321
YGR109C,YGR163W,0,-2.8620193,0.051706306636333466,0.2463054209947586,0.4517241418361664
YOR298C-A,YLR378C,0,-2.8621995,0.0516795851290226,0.2463054209947586,0.4519704580307007
YPL047W,YPR033C,0,-2.8625674,0.05165289342403412,0.2463054209947586,0.4522167444229126
YGL055W,YGL012W,0,-2.8627272,0.05162622779607773,0.2463054209947586,0.4524630606174469
YBR280C,YIR013C,0,-2.8638003,0.05159958824515343,0.2463054209947586,0.4527093470096588
YPL164C,YDR180W,1,-2.864013,0.05208870396018028,0.24876847863197327,0.4527093470096588
YBR298C,YJL014W,0,-2.8644865,0.05206185579299927,0.24876847863197327,0.4529556632041931
YBR084C-A,YMR161W,0,-2.864984,0.05203503370285034,0.24876847863197327,0.4532019793987274
YOR328W,YDL213C,0,-2.8660715,0.052008237689733505,0.24876847863197327,0.45344826579093933
YNL254C,YNL220W,0,-2.8661525,0.051981471478939056,0.24876847863197327,0.45369458198547363
YNL257C,YPL005W,0,-2.8670173,0.0519547313451767,0.24876847863197327,0.45394089818000793
YHR007C,YJR093C,0,-2.8683784,0.051928021013736725,0.24876847863197327,0.45418718457221985
YNL300W,YFL009W,0,-2.869291,0.05190133675932884,0.24876847863197327,0.45443350076675415
YDR363W,YNR049C,0,-2.869993,0.05187467858195305,0.24876847863197327,0.45467981696128845
YBR179C,YPL249C,0,-2.8700144,0.05184805020689964,0.24876847863197327,0.45492610335350037
YOL049W,YLR035C,0,-2.8709574,0.051821447908878326,0.24876847863197327,0.45517241954803467
YPL047W,YOR329C,0,-2.87206,0.0517948716878891,0.24876847863197327,0.4554187059402466
YDL010W,YPL192C,0,-2.8741934,0.05176832526922226,0.24876847863197327,0.4556650221347809
YLR320W,YIL015W,0,-2.875044,0.05174180492758751,0.24876847863197327,0.4559113383293152
YNL071W,YCL040W,0,-2.8767688,0.05171531066298485,0.24876847863197327,0.4561576247215271
YJR043C,YPL265W,0,-2.8793054,0.051688842475414276,0.24876847863197327,0.4564039409160614
YML064C,YMR280C,0,-2.8793204,0.05166240409016609,0.24876847863197327,0.4566502571105957
YEL011W,YCR068W,0,-2.8797143,0.05163599178195,0.24876847863197327,0.4568965435028076
YJL122W,YGL150C,0,-2.881224,0.05160960555076599,0.24876847863197327,0.4571428596973419
YOR321W,YPL181W,0,-2.881971,0.05158324912190437,0.24876847863197327,0.4573891758918762
YOR339C,YDR206W,0,-2.8829372,0.051556915044784546,0.24876847863197327,0.45763546228408813
YGL033W,YMR190C,1,-2.885132,0.052040815353393555,0.25123152136802673,0.45763546228408813
YKL096W,YJL014W,0,-2.885773,0.05201428011059761,0.25123152136802673,0.45788177847862244
YNL072W,YGR198W,0,-2.885933,0.05198776721954346,0.25123152136802673,0.45812806487083435
YOR205C,YER074W-A,0,-2.8863938,0.05196128413081169,0.25123152136802673,0.45837438106536865
YGR068C,YBR018C,0,-2.887969,0.051934827119112015,0.25123152136802673,0.45862069725990295
YJL209W,YGL150C,0,-2.8891065,0.05190839618444443,0.25123152136802673,0.45886698365211487
YJL210W,YOL077W-A,0,-2.889761,0.05188199505209923,0.25123152136802673,0.45911329984664917
YGR090W,YHR141C,0,-2.8904474,0.05185561627149582,0.25123152136802673,0.45935961604118347
YHR176W,YNR046W,0,-2.8909037,0.0518292672932148,0.25123152136802673,0.4596059024333954
YDR202C,YIR022W,0,-2.8929007,0.051802944391965866,0.25123152136802673,0.4598522186279297
YGR247W,YBR227C,0,-2.8929787,0.05177665129303932,0.25123152136802673,0.460098534822464
YDR147W,YDR143C,0,-2.8941247,0.05175038054585457,0.25123152136802673,0.4603448212146759
YJL151C,YMR011W,0,-2.8941305,0.0517241396009922,0.25123152136802673,0.4605911374092102
YJL010C,YBR084C-A,0,-2.8956287,0.05169792100787163,0.25123152136802673,0.4608374238014221
YDL002C,YHR007C,0,-2.8976681,0.05167173221707344,0.25123152136802673,0.4610837399959564
YDL193W,YML008C,0,-2.8977864,0.05164556950330734,0.25123152136802673,0.4613300561904907
YHR134W,YKR046C,0,-2.8978784,0.051619432866573334,0.25123152136802673,0.46157634258270264
YKR067W,YHR034C,0,-2.900943,0.051593322306871414,0.25123152136802673,0.46182265877723694
YOR321W,YNL083W,0,-2.9023852,0.051567237824201584,0.25123152136802673,0.46206897497177124
YHR104W,YMR278W,0,-2.9033024,0.05154118314385414,0.25123152136802673,0.46231526136398315
YFR055W,YKL157W,0,-2.9034605,0.05151515081524849,0.25123152136802673,0.46256157755851746
YNL224C,YEL047C,0,-2.9039996,0.051489148288965225,0.25123152136802673,0.46280789375305176
YMR277W,YML075C,0,-2.904019,0.05146316811442375,0.25123152136802673,0.46305418014526367
YOR229W,YOR344C,0,-2.9057076,0.051437217742204666,0.25123152136802673,0.463300496339798
YDR363W,YKR024C,0,-2.9066842,0.05141128972172737,0.25123152136802673,0.4635468125343323
YJL116C,YDL155W,0,-2.9086087,0.051385391503572464,0.25123152136802673,0.4637930989265442
YBR073W,YHR039C,1,-2.9112418,0.051863040775060654,0.2536945939064026,0.4637930989265442
YBR073W,YFL003C,1,-2.9125373,0.05234021320939064,0.25615763664245605,0.4637930989265442
YNL139C,YMR190C,1,-2.9132407,0.05281690135598183,0.2586206793785095,0.4637930989265442
YLR081W,YPL192C,0,-2.9136436,0.05279034748673439,0.2586206793785095,0.4640394151210785
YNL072W,YHR115C,0,-2.913728,0.05276381969451904,0.2586206793785095,0.4642857015132904
YOR190W,YAR003W,0,-2.9149604,0.052737317979335785,0.2586206793785095,0.4645320177078247
YBR200W,YHR183W,0,-2.919638,0.052710842341184616,0.2586206793785095,0.464778333902359
YKR067W,YPL255W,0,-2.9196885,0.052684396505355835,0.2586206793785095,0.4650246202945709
YKL008C,YMR277W,0,-2.921997,0.052657973021268845,0.2586206793785095,0.4652709364891052
YDR180W,YPL015C,1,-2.9226406,0.053132832050323486,0.2610837519168854,0.4652709364891052
YKL125W,YLR027C,0,-2.9227612,0.05310621112585068,0.2610837519168854,0.4655172526836395
YNL106C,YGL012W,0,-2.9237094,0.053079620003700256,0.2610837519168854,0.46576353907585144
YOR128C,YPR018W,0,-2.9244392,0.053053051233291626,0.2610837519168854,0.46600985527038574
YOR336W,YKL220C,0,-2.9267642,0.05302651226520538,0.2610837519168854,0.46625617146492004
YBR154C,YER075C,0,-2.926958,0.05299999937415123,0.2610837519168854,0.46650245785713196
YGL029W,YLL028W,0,-2.927193,0.052973512560129166,0.2610837519168854,0.46674877405166626
YAL055W,YML111W,0,-2.927672,0.05294705182313919,0.2610837519168854,0.4669950604438782
YKL188C,YKL211C,0,-2.9278677,0.0529206208884716,0.2610837519168854,0.4672413766384125
YLR210W,YLL052C,0,-2.9292328,0.05289421230554581,0.2610837519168854,0.4674876928329468
YLR233C,YJL184W,0,-2.9297092,0.0528678297996521,0.2610837519168854,0.4677339792251587
YML093W,YNL220W,0,-2.9300227,0.05284147709608078,0.2610837519168854,0.467980295419693
YLR116W,YOR094W,0,-2.9309447,0.05281514674425125,0.2610837519168854,0.4682266116142273
YLL036C,YPL003W,0,-2.9310744,0.05278884619474411,0.2610837519168854,0.4684728980064392
YNR026C,YJL207C,0,-2.9336922,0.05276256799697876,0.2610837519168854,0.4687192142009735
YBR133C,YJR152W,0,-2.9340124,0.0527363196015358,0.2610837519168854,0.4689655303955078
YPL170W,YCL010C,0,-2.9341962,0.052710093557834625,0.2610837519168854,0.4692118167877197
YIL131C,YER021W,0,-2.935307,0.05268389731645584,0.2610837519168854,0.46945813298225403
YER069W,YDR293C,0,-2.9358134,0.05265772342681885,0.2610837519168854,0.46970441937446594
YFL050C,YGL008C,0,-2.937236,0.05263157933950424,0.2610837519168854,0.46995073556900024
YEL004W,YPR185W,0,-2.9390695,0.05260545760393143,0.2610837519168854,0.47019705176353455
YNL257C,YNL245C,0,-2.9391644,0.052579365670681,0.2610837519168854,0.47044333815574646
YGL048C,YER006W,0,-2.9394252,0.05255329608917236,0.2610837519168854,0.47068965435028076
YDR113C,YBR136W,1,-2.9396908,0.05302279442548752,0.26354679465293884,0.47068965435028076
YCL010C,YER094C,0,-2.9400628,0.05299653112888336,0.26354679465293884,0.47093597054481506
YDL132W,YLR089C,0,-2.941117,0.05297029763460159,0.26354679465293884,0.471182256937027
YPL132W,YLR399C,0,-2.943216,0.052944086492061615,0.26354679465293884,0.4714285731315613
YHL033C,YBR068C,0,-2.9439824,0.052917901426553726,0.26354679465293884,0.4716748893260956
YPL170W,YER183C,0,-2.9440243,0.052891746163368225,0.26354679465293884,0.4719211757183075
YPL164C,YGL043W,1,-2.944454,0.053359683603048325,0.2660098373889923,0.4719211757183075
YPL227C,YJR137C,0,-2.9447148,0.0533333346247673,0.2660098373889923,0.4721674919128418
YNL002C,YER074W-A,0,-2.9449298,0.05330700799822807,0.2660098373889923,0.4724137783050537
YPL237W,YIL065C,0,-2.9454079,0.05328071117401123,0.2660098373889923,0.472660094499588
YDL188C,YDR079C-A,0,-2.9459653,0.05325443670153618,0.2660098373889923,0.4729064106941223
YBR073W,YDR180W,1,-2.9474533,0.05372104421257973,0.26847290992736816,0.4729064106941223
YJL177W,YJL111W,0,-2.9484508,0.053694579750299454,0.26847290992736816,0.47315269708633423
YEL026W,YHR050W,0,-2.9495018,0.05366814509034157,0.26847290992736816,0.47339901328086853
YMR047C,YPL030W,0,-2.951511,0.05364173278212547,0.26847290992736816,0.47364532947540283
YBR098W,YMR167W,1,-2.951962,0.05410723015666008,0.27093595266342163,0.47364532947540283
YJL204C,YBR039W,0,-2.9520822,0.05408062785863876,0.27093595266342163,0.47389161586761475
YML038C,YMR058W,0,-2.9526958,0.054054055362939835,0.27093595266342163,0.47413793206214905
YER172C,YIR010W,0,-2.95304,0.0540275052189827,0.27093595266342163,0.47438424825668335
YMR202W,YOL027C,0,-2.9533007,0.05400098115205765,0.27093595266342163,0.47463053464889526
YHR098C,YHR034C,0,-2.954065,0.05397448316216469,0.27093595266342163,0.47487685084342957
YMR058W,YDR267C,0,-2.9541404,0.053948014974594116,0.27093595266342163,0.47512316703796387
YGL043W,YDR180W,1,-2.954219,0.054411765187978745,0.2733990252017975,0.47512316703796387
YKL193C,YOR153W,0,-2.9551508,0.05438510701060295,0.2733990252017975,0.4753694534301758
YFR046C,YJR125C,0,-2.9569247,0.05435847118496895,0.2733990252017975,0.4756157696247101
YER069W,YDR171W,0,-2.9575489,0.05433186516165733,0.2733990252017975,0.475862056016922
YKR022C,YIL015W,0,-2.9578817,0.05430528521537781,0.2733990252017975,0.4761083722114563
YBR136W,YPL015C,1,-2.9586916,0.054767727851867676,0.27586206793785095,0.4761083722114563
YML019W,YOR298C-A,0,-2.9587114,0.05474095791578293,0.27586206793785095,0.4763546884059906
YOR336W,YNL148C,0,-2.9604347,0.05471421778202057,0.27586206793785095,0.4766009747982025
YKL211C,YDR409W,0,-2.962045,0.0546875,0.27586206793785095,0.4768472909927368
YIL131C,YJL074C,0,-2.9623513,0.05466080829501152,0.27586206793785095,0.4770936071872711
YPL024W,YNR051C,0,-2.9633582,0.05463414639234543,0.27586206793785095,0.47733989357948303
YLR240W,YCR089W,0,-2.9641426,0.05460750684142113,0.27586206793785095,0.47758620977401733
YDR085C,YDR293C,0,-2.9650116,0.054580897092819214,0.27586206793785095,0.47783252596855164
YDL153C,YPL032C,0,-2.9650824,0.05455430969595909,0.27586206793785095,0.47807881236076355
YGL065C,YER074W-A,0,-2.9654944,0.054527752101421356,0.27586206793785095,0.47832512855529785
YJL151C,YKL012W,0,-2.966507,0.05450121685862541,0.27586206793785095,0.47857141494750977
YGL029W,YCR083W,0,-2.968316,0.05447470769286156,0.27586206793785095,0.47881773114204407
YBR152W,YPL124W,0,-2.968918,0.05444822460412979,0.27586206793785095,0.47906404733657837
YLR340W,YGL100W,0,-2.9691217,0.054421767592430115,0.27586206793785095,0.4793103337287903
YPL268W,YGL099W,0,-2.9703991,0.05439533665776253,0.27586206793785095,0.4795566499233246
YPL211W,YPL055C,0,-2.970567,0.05436893180012703,0.27586206793785095,0.4798029661178589
YML110C,YGR280C,0,-2.9717534,0.05434255301952362,0.27586206793785095,0.4800492525100708
YGL121C,YLL028W,0,-2.9717681,0.054316196590662,0.27586206793785095,0.4802955687046051
YPL170W,YMR029C,0,-2.972599,0.05428986996412277,0.27586206793785095,0.4805418848991394
YPL242C,YLR226W,0,-2.9728625,0.05426356568932533,0.27586206793785095,0.4807881712913513
YIL099W,YGR109C,0,-2.9731212,0.05423728749155998,0.27586206793785095,0.4810344874858856
YNL106C,YGR289C,0,-2.9747446,0.05421103537082672,0.27586206793785095,0.48128077387809753
YDR225W,YDR316W,0,-2.977217,0.05418480932712555,0.27586206793785095,0.48152709007263184
YGL153W,YBR008C,0,-2.9772553,0.05415860563516617,0.27586206793785095,0.48177340626716614
YNL245C,YIL017C,0,-2.97766,0.054132431745529175,0.27586206793785095,0.48201969265937805
YER119C,YER118C,0,-2.978186,0.05410628020763397,0.27586206793785095,0.48226600885391235
YGL153W,YGL179C,0,-2.9790905,0.05408015474677086,0.27586206793785095,0.48251232504844666
YKL213C,YJL092W,0,-2.979149,0.054054055362939835,0.27586206793785095,0.48275861144065857
YHR079C-A,YMR106C,1,-2.9799123,0.05451036989688873,0.2783251106739044,0.48275861144065857
YAL001C,YLR275W,0,-2.9808903,0.054484087973833084,0.2783251106739044,0.48300492763519287
YBR210W,YDR450W,0,-2.9814744,0.054457832127809525,0.2783251106739044,0.4832512438297272
YKL086W,YGL250W,0,-2.981503,0.054431598633527756,0.2783251106739044,0.4834975302219391
YPL053C,YOR003W,0,-2.9819634,0.054405391216278076,0.2783251106739044,0.4837438464164734
YCR066W,YDL052C,0,-2.982986,0.054379209876060486,0.2783251106739044,0.4839901626110077
YML008C,YBR227C,0,-2.98399,0.054353054612874985,0.2783251106739044,0.4842364490032196
YIL015W,YHR042W,0,-2.9846535,0.054326921701431274,0.2783251106739044,0.4844827651977539
YGL033W,YBR136W,1,-2.9850047,0.05478135496377945,0.2807881832122803,0.4844827651977539
YDL214C,YGR091W,0,-2.985254,0.05475504323840141,0.2807881832122803,0.4847290515899658
YER157W,YBL009W,0,-2.9855807,0.054728757590055466,0.2807881832122803,0.4849753677845001
YLR071C,YOR153W,0,-2.9873185,0.05470249429345131,0.2807881832122803,0.4852216839790344
YDR450W,YDR198C,0,-2.9877925,0.05467626079916954,0.2807881832122803,0.48546797037124634
YJR113C,YJL036W,0,-2.9878461,0.05465004965662956,0.2807881832122803,0.48571428656578064
YKL065C,YDL191W,0,-2.9880779,0.054623860865831375,0.2807881832122803,0.48596060276031494
YLR034C,YOR010C,0,-2.988415,0.054597701877355576,0.2807881832122803,0.48620688915252686
YFR004W,YLL010C,0,-2.9884603,0.05457156524062157,0.2807881832122803,0.48645320534706116
YMR283C,YIL105C,0,-2.9890602,0.05454545468091965,0.2807881832122803,0.48669952154159546
YBR290W,YOR361C,0,-2.989311,0.05451937019824982,0.2807881832122803,0.4869458079338074
YMR106C,YPL015C,1,-2.9895084,0.05497131869196892,0.28325122594833374,0.4869458079338074
YKL025C,YBL097W,0,-2.990155,0.05494505539536476,0.28325122594833374,0.4871921241283417
YOR344C,YLR133W,0,-2.9912548,0.054918814450502396,0.28325122594833374,0.4874384105205536
YOR178C,YPR112C,0,-2.9935029,0.05489259958267212,0.28325122594833374,0.4876847267150879
YJL091C,YCR089W,0,-2.9940608,0.05486641079187393,0.28325122594833374,0.4879310429096222
YNL254C,YBR227C,0,-2.9950526,0.054840248078107834,0.28325122594833374,0.4881773293018341
YOR339C,YEL047C,0,-2.9961832,0.05481410771608353,0.28325122594833374,0.4884236454963684
YPL072W,YGL179C,0,-2.9962568,0.05478799343109131,0.28325122594833374,0.4886699616909027
YNL124W,YOL113W,0,-2.99638,0.05476190522313118,0.28325122594833374,0.4889162480831146
YGL033W,YPR164W,1,-2.996405,0.05521180480718613,0.2857142984867096,0.4889162480831146
YMR288W,YOR010C,0,-2.9965441,0.05518553778529167,0.2857142984867096,0.4891625642776489
YER042W,YDL104C,0,-2.9965622,0.055159296840429306,0.2857142984867096,0.4894088804721832
YMR260C,YOR188W,0,-2.9987714,0.05513307824730873,0.2857142984867096,0.48965516686439514
YNL088W,YMR190C,1,-2.9990966,0.055581945925951004,0.28817734122276306,0.48965516686439514
YNL336W,YJR077C,0,-2.9993598,0.0555555559694767,0.28817734122276306,0.48990148305892944
YOR229W,YBR018C,0,-2.999999,0.055529188364744186,0.28817734122276306,0.49014776945114136
YMR104C,YIR022W,0,-3.0001574,0.05550284683704376,0.28817734122276306,0.49039408564567566
YGR148C,YGR284C,0,-3.0009634,0.05547652766108513,0.28817734122276306,0.49064040184020996
YHR143W-A,YMR154C,0,-3.001925,0.05545023828744888,0.28817734122276306,0.4908866882324219
YOL041C,YDL174C,0,-3.00284,0.05542397126555443,0.28817734122276306,0.4911330044269562
YCL026C-A,YLR308W,0,-3.0039423,0.055397726595401764,0.28817734122276306,0.4913793206214905
YKL008C,YML024W,0,-3.0043256,0.05537150800228119,0.28817734122276306,0.4916256070137024
YMR135C,YDL079C,0,-3.0045,0.0553453154861927,0.28817734122276306,0.4918719232082367
YNL072W,YNL220W,0,-3.0055735,0.05531914904713631,0.28817734122276306,0.492118239402771
YOR190W,YBR265W,0,-3.0058057,0.0552930049598217,0.28817734122276306,0.4923645257949829
YLR233C,YOR153W,0,-3.0061853,0.055266886949539185,0.28817734122276306,0.4926108419895172
YDR294C,YDR155C,0,-3.0061886,0.05524079501628876,0.28817734122276306,0.4928571283817291
YPR164W,YNL312W,1,-3.0071924,0.055686645209789276,0.29064038395881653,0.4928571283817291
YGL224C,YPR140W,0,-3.0076036,0.05566037818789482,0.29064038395881653,0.4931034445762634
YMR268C,YDR141C,0,-3.008402,0.05563413351774216,0.29064038395881653,0.49334976077079773
YJL145W,YMR067C,0,-3.0104365,0.05560791864991188,0.29064038395881653,0.49359604716300964
YNL186W,YMR305C,0,-3.0108361,0.055581722408533096,0.29064038395881653,0.49384236335754395
YCR042C,YEL071W,0,-3.011978,0.0555555559694767,0.29064038395881653,0.49408867955207825
YER146W,YGR128C,0,-3.0129926,0.055529411882162094,0.29064038395881653,0.49433496594429016
YLR233C,YLR242C,0,-3.0136826,0.05550329387187958,0.29064038395881653,0.49458128213882446
YPR075C,YMR014W,0,-3.0139377,0.05547719821333885,0.29064038395881653,0.49482759833335876
YOR329C,YOL034W,0,-3.0140004,0.055451128631830215,0.29064038395881653,0.4950738847255707
YIR034C,YGR284C,0,-3.014385,0.05542508140206337,0.29064038395881653,0.495320200920105
YMR190C,YMR167W,1,-3.0148838,0.055868543684482574,0.2931034564971924,0.495320200920105
YDL168W,YHL001W,0,-3.0163066,0.0558423288166523,0.2931034564971924,0.4955665171146393
YGR278W,YBL009W,0,-3.0166986,0.05581613630056381,0.2931034564971924,0.4958128035068512
YKR087C,YMR309C,0,-3.0175843,0.05578996613621712,0.2931034564971924,0.4960591197013855
YOL091W,YPL270W,0,-3.017719,0.05576382204890251,0.2931034564971924,0.4963054060935974
YPL164C,YPR164W,1,-3.0181048,0.05620608851313591,0.29556649923324585,0.4963054060935974
YPL256C,YNL125C,0,-3.018187,0.056179776787757874,0.29556649923324585,0.4965517222881317
YNL222W,YMR280C,0,-3.0183852,0.05615348741412163,0.29556649923324585,0.496798038482666
YDL155W,YHL033C,0,-3.0186844,0.05612722039222717,0.29556649923324585,0.49704432487487793
YBR073W,YMR106C,1,-3.019079,0.056568488478660583,0.2980295419692993,0.49704432487487793
YMR283C,YLR133W,0,-3.0212631,0.056542057543992996,0.2980295419692993,0.49729064106941223
YGR133W,YGR140W,0,-3.0215158,0.0565156452357769,0.2980295419692993,0.49753695726394653
YAL001C,YBR110W,0,-3.0217588,0.056489262729883194,0.2980295419692993,0.49778324365615845
YFL016C,YPL170W,0,-3.022095,0.05646290257573128,0.2980295419692993,0.49802955985069275
YHR039C,YNL088W,1,-3.0221176,0.05690298601984978,0.30049261450767517,0.49802955985069275
YBL040C,YDL213C,0,-3.0223534,0.05687645822763443,0.30049261450767517,0.49827587604522705
YKL046C,YFR055W,0,-3.026216,0.05684995278716087,0.30049261450767517,0.49852216243743896
YMR116C,YPR140W,0,-3.026586,0.056823473423719406,0.30049261450767517,0.49876847863197327
YGL099W,YNL014W,0,-3.0272176,0.05679702013731003,0.30049261450767517,0.4990147650241852
YFL024C,YHR102W,0,-3.0275462,0.05677058920264244,0.30049261450767517,0.4992610812187195
YIL050W,YFR055W,0,-3.0285685,0.05674418434500694,0.30049261450767517,0.4995073974132538
YCR028C-A,YDL161W,0,-3.0301814,0.056717805564403534,0.30049261450767517,0.4997536838054657
YDR538W,YPL266W,0,-3.0309916,0.056691449135541916,0.30049261450767517,0.5
YGR195W,YMR067C,0,-3.0329654,0.05666511878371239,0.30049261450767517,0.5002462863922119
YLR242C,YPR181C,0,-3.0334148,0.05663881078362465,0.30049261450767517,0.5004926323890686
YKL025C,YGL224C,0,-3.0344555,0.056612528860569,0.30049261450767517,0.5007389187812805
YJR002W,YBL101C,0,-3.0347965,0.05658626928925514,0.30049261450767517,0.5009852051734924
YBR210W,YER124C,0,-3.0361214,0.05656003579497337,0.30049261450767517,0.5012315511703491
YNL264C,YFL034C-A,0,-3.0365198,0.056533828377723694,0.30049261450767517,0.501477837562561
YLR332W,YJL100W,0,-3.0367706,0.056507643312215805,0.30049261450767517,0.501724123954773
YIL065C,YBR135W,0,-3.0390341,0.05648148059844971,0.30049261450767517,0.5019704699516296
YEL063C,YOL113W,0,-3.039872,0.0564553439617157,0.30049261450767517,0.5022167563438416
YPR164W,YBR098W,1,-3.0407188,0.05689176544547081,0.30295565724372864,0.5022167563438416
YLR069C,YPL030W,0,-3.0424187,0.05686546489596367,0.30295565724372864,0.5024630427360535
YIL016W,YGR098C,0,-3.0428767,0.05683918669819832,0.30295565724372864,0.5027093887329102
YOR144C,YMR190C,1,-3.043573,0.05727482587099075,0.3054187297821045,0.5027093887329102
YHR187W,YHR176W,0,-3.0443375,0.05724838376045227,0.3054187297821045,0.5029556751251221
YGL047W,YKR029C,0,-3.0443962,0.05722196400165558,0.3054187297821045,0.503201961517334
YOR128C,YBR070C,0,-3.04749,0.057195570319890976,0.3054187297821045,0.5034482479095459
YOR095C,YPR181C,0,-3.0475032,0.05716920271515846,0.3054187297821045,0.5036945939064026
YPL037C,YCL030C,0,-3.0478942,0.05714285746216774,0.3054187297821045,0.5039408802986145
YDR446W,YOR144C,1,-3.04865,0.05757715180516243,0.30788177251815796,0.5039408802986145
YGL033W,YOR368W,1,-3.048653,0.05801105126738548,0.3103448152542114,0.5039408802986145
YHR019C,YNL272C,0,-3.0511782,0.057984352111816406,0.3103448152542114,0.5041871666908264
YHL009C,YFL053W,0,-3.0519621,0.05795768275856972,0.3103448152542114,0.5044335126876831
YOL110W,YGL047W,0,-3.0519855,0.05793103575706482,0.3103448152542114,0.504679799079895
YAR008W,YKL139W,0,-3.0530274,0.05790441110730171,0.3103448152542114,0.5049260854721069
YPL152W,YER026C,0,-3.0554488,0.057877812534570694,0.3103448152542114,0.5051724314689636
YHR039C,YOR035C,1,-3.0555766,0.0583103783428669,0.3128078877925873,0.5051724314689636
YOR354C,YBR136W,1,-3.055949,0.05874254181981087,0.31527093052864075,0.5051724314689636
YHR079C-A,YOR144C,1,-3.0575452,0.0591743104159832,0.3177340030670166,0.5051724314689636
YPR124W,YPL266W,0,-3.0586884,0.0591471791267395,0.3177340030670166,0.5054187178611755
YOR210W,YKL208W,0,-3.060125,0.05912007391452789,0.3177340030670166,0.5056650042533875
YER039C,YIL023C,0,-3.06049,0.059092991054058075,0.3177340030670166,0.5059113502502441
YKL046C,YBR083W,0,-3.0604937,0.059065934270620346,0.3177340030670166,0.506157636642456
YGL033W,YNL312W,1,-3.0606487,0.05949656665325165,0.32019704580307007,0.506157636642456
YHR016C,YOR141C,0,-3.063244,0.059469349682331085,0.32019704580307007,0.506403923034668
YBR228W,YDR079C-A,0,-3.0643559,0.05944215878844261,0.32019704580307007,0.5066502690315247
YMR323W,YIL114C,0,-3.0652654,0.05941499024629593,0.32019704580307007,0.5068965554237366
YHR016C,YMR067C,0,-3.0656173,0.059387847781181335,0.32019704580307007,0.5071428418159485
YDR113C,YMR167W,1,-3.0656903,0.0598173514008522,0.32266008853912354,0.5071428418159485
YGR275W,YDR363W,0,-3.0664165,0.059790048748254776,0.32266008853912354,0.5073891878128052
YBR132C,YGR195W,0,-3.0669792,0.05976277217268944,0.32266008853912354,0.5076354742050171
YKL112W,YER042W,0,-3.0674849,0.05973552167415619,0.32266008853912354,0.507881760597229
YOL049W,YIL097W,0,-3.0690157,0.05970829352736473,0.32266008853912354,0.5081281065940857
YGL043W,YBR136W,1,-3.0696328,0.06013667583465576,0.3251231610774994,0.5081281065940857
YBL099W,YBR070C,0,-3.0702412,0.06010929122567177,0.3251231610774994,0.5083743929862976
YOL097C,YML001W,0,-3.071965,0.060081928968429565,0.3251231610774994,0.5086206793785095
YDR322C-A,YEL026W,0,-3.072191,0.06005459651350975,0.3251231610774994,0.5088669657707214
YDR171W,YNL169C,0,-3.0727856,0.060027286410331726,0.3251231610774994,0.5091133117675781
YGL207W,YER073W,0,-3.0735176,0.05999999865889549,0.3251231610774994,0.50935959815979
YHR079C-A,YNL139C,1,-3.074643,0.06042707711458206,0.32758620381355286,0.50935959815979
YOR128C,YMR024W,0,-3.0758965,0.06039963662624359,0.32758620381355286,0.509605884552002
YMR277W,YKL120W,0,-3.0771654,0.06037221848964691,0.32758620381355286,0.5098522305488586
YMR106C,YML062C,1,-3.0785842,0.06079854816198349,0.3300492465496063,0.5098522305488586
YGL043W,YBR098W,1,-3.0787346,0.06122449040412903,0.3325123190879822,0.5098522305488586
YKL188C,YOR122C,0,-3.0795295,0.06119673699140549,0.3325123190879822,0.5100985169410706
YDR446W,YBR136W,1,-3.0801544,0.06162211298942566,0.33497536182403564,0.5100985169410706
YMR030W,YLR081W,0,-3.0806556,0.06159420311450958,0.33497536182403564,0.5103448033332825
YHR091C,YBL003C,0,-3.0812123,0.061566319316625595,0.33497536182403564,0.5105911493301392
YBR073W,YBR136W,1,-3.0814981,0.061990950256586075,0.3374384343624115,0.5105911493301392
YDR446W,YNL312W,1,-3.0827467,0.06241519749164581,0.33990147709846497,0.5105911493301392
YKR081C,YDL207W,0,-3.085553,0.062386978417634964,0.33990147709846497,0.5108374357223511
YDR408C,YML010W,0,-3.0860162,0.0623587891459465,0.33990147709846497,0.511083722114563
YIL063C,YOR344C,0,-3.087109,0.06233062222599983,0.33990147709846497,0.5113300681114197
YPL132W,YDR450W,0,-3.0873544,0.06230248138308525,0.33990147709846497,0.5115763545036316
YKL091C,YCL038C,0,-3.0875409,0.06227436661720276,0.33990147709846497,0.5118226408958435
YCR066W,YEL004W,0,-3.0885417,0.062246277928352356,0.33990147709846497,0.5120689868927002
YOR362C,YPL086C,0,-3.089355,0.06221821531653404,0.33990147709846497,0.5123152732849121
YGL043W,YFL003C,1,-3.0899315,0.06264083087444305,0.34236451983451843,0.5123152732849121
YAR008W,YLR308W,0,-3.0903962,0.0626126155257225,0.34236451983451843,0.512561559677124
YNL002C,YPL032C,0,-3.091763,0.06258442252874374,0.34236451983451843,0.5128079056739807
YNL312W,YMR167W,1,-3.0929725,0.06300630420446396,0.3448275923728943,0.5128079056739807
YKR067W,YKR086W,0,-3.0931108,0.06297795474529266,0.3448275923728943,0.5130541920661926
YDL232W,YPR061C,0,-3.0932665,0.06294964253902435,0.3448275923728943,0.5133004784584045
YNR012W,YER035W,0,-3.0940225,0.06292134523391724,0.3448275923728943,0.5135468244552612
YDR113C,YPR164W,1,-3.0943186,0.06334231793880463,0.34729063510894775,0.5135468244552612
YKL125W,YLR222C,0,-3.0944571,0.06331387162208557,0.34729063510894775,0.5137931108474731
YBR217W,YER183C,0,-3.0962613,0.0632854551076889,0.34729063510894775,0.5140393972396851
YFL034C-B,YMR323W,0,-3.0971987,0.06325706839561462,0.34729063510894775,0.5142857432365417
YNL072W,YOR100C,0,-3.0972662,0.06322869658470154,0.34729063510894775,0.5145320296287537
YKL049C,YBL099W,0,-3.0975716,0.06320036202669144,0.34729063510894775,0.5147783160209656
YCR068W,YMR067C,0,-3.0977256,0.06317204236984253,0.34729063510894775,0.5150246024131775
YPR079W,YCR008W,0,-3.0983138,0.06314375251531601,0.34729063510894775,0.5152709484100342
YOL001W,YPL187W,0,-3.0986526,0.06311548501253128,0.34729063510894775,0.5155172348022461
YMR293C,YMR162C,0,-3.0994122,0.06308724731206894,0.34729063510894775,0.515763521194458
YEL042W,YOR245C,0,-3.1000714,0.06305903196334839,0.34729063510894775,0.5160098671913147
YNL090W,YGR271C-A,0,-3.1007187,0.06303084641695023,0.34729063510894775,0.5162561535835266
YGR033C,YFL034C-A,0,-3.1007195,0.06300268322229385,0.34729063510894775,0.5165024399757385
YBR133C,YIL010W,0,-3.1014402,0.06297454237937927,0.34729063510894775,0.5167487859725952
YPL024W,YKL209C,0,-3.102625,0.06294643133878708,0.34729063510894775,0.5169950723648071
YNL069C,YNL087W,0,-3.1027088,0.06291834264993668,0.34729063510894775,0.517241358757019
YHR039C,YMR106C,1,-3.102906,0.06333630532026291,0.3497537076473236,0.517241358757019
YGR090W,YKR087C,0,-3.1029675,0.06330806761980057,0.3497537076473236,0.5174877047538757
YOL146W,YBR018C,0,-3.1034672,0.06327985972166061,0.3497537076473236,0.5177339911460876
YPR164W,YOL068C,1,-3.1038718,0.06369710713624954,0.3522167503833771,0.5177339911460876
YOR229W,YPL072W,0,-3.1048036,0.06366874277591705,0.3522167503833771,0.5179802775382996
YGR023W,YNL224C,0,-3.1055026,0.06364040821790695,0.3522167503833771,0.5182266235351562
YJL145W,YLR022C,0,-3.1063607,0.06361209601163864,0.3522167503833771,0.5184729099273682
YMR164C,YNL256W,0,-3.1068416,0.06358381360769272,0.3522167503833771,0.5187191963195801
YDR147W,YFR009W,0,-3.1069992,0.06355555355548859,0.3522167503833771,0.5189655423164368
YGR186W,YGL166W,0,-3.1072454,0.06352732330560684,0.3522167503833771,0.5192118287086487
YFL055W,YKL073W,0,-3.1073105,0.06349911540746689,0.3522167503833771,0.5194581151008606
YMR079W,YOR083W,0,-3.1077526,0.06347092986106873,0.3522167503833771,0.5197044610977173
YLR332W,YER035W,0,-3.107999,0.06344276666641235,0.3522167503833771,0.5199507474899292
YDR079C-A,YJR077C,0,-3.1091218,0.06341463327407837,0.3522167503833771,0.5201970338821411
YJR144W,YJL036W,0,-3.1091678,0.06338652223348618,0.3522167503833771,0.520443320274353
YLR308W,YLL010C,0,-3.1094964,0.06335844099521637,0.3522167503833771,0.5206896662712097
YER065C,YDR171W,0,-3.110934,0.06333038210868835,0.3522167503833771,0.5209359526634216
YAR014C,YDL191W,0,-3.111168,0.06330234557390213,0.3522167503833771,0.5211822390556335
YHR141C,YKL211C,0,-3.1113842,0.0632743388414383,0.3522167503833771,0.5214285850524902
YIR021W,YOR255W,0,-3.1114779,0.06324635446071625,0.3522167503833771,0.5216748714447021
YDR354W,YML075C,0,-3.1115086,0.06321839243173599,0.3522167503833771,0.5219211578369141
YBR098W,YMR106C,1,-3.111628,0.06363234668970108,0.35467979311943054,0.5219211578369141
YNL225C,YNR069C,0,-3.1121044,0.06360424309968948,0.35467979311943054,0.5221675038337708
YKL127W,YML121W,0,-3.1121585,0.06357616186141968,0.35467979311943054,0.5224137902259827
YJL047C,YMR190C,1,-3.1128564,0.06398940831422806,0.3571428656578064,0.5224137902259827
YKR098C,YOR178C,0,-3.1149151,0.06396118551492691,0.3571428656578064,0.5226600766181946
YIL015W,YMR083W,0,-3.1153548,0.06393297761678696,0.3571428656578064,0.5229064226150513
YLR320W,YGL153W,0,-3.1153786,0.06390480697154999,0.3571428656578064,0.5231527090072632
YOR336W,YMR277W,0,-3.1171844,0.06387665122747421,0.3571428656578064,0.5233989953994751
YKL209C,YOL077W-A,0,-3.1172824,0.06384852528572083,0.3571428656578064,0.5236453413963318
YHR063C,YFL016C,0,-3.117295,0.06382042169570923,0.3571428656578064,0.5238916277885437
YNL275W,YNL030W,0,-3.1174567,0.06379234790802002,0.3571428656578064,0.5241379141807556
YOL115W,YGL125W,0,-3.11784,0.063764289021492,0.3571428656578064,0.5243842601776123
YOR354C,YMR190C,1,-3.118406,0.06417582184076309,0.35960590839385986,0.5243842601776123
YKL146W,YPL241C,0,-3.1187174,0.06414762884378433,0.35960590839385986,0.5246305465698242
YGL001C,YPR181C,0,-3.1196392,0.06411945819854736,0.35960590839385986,0.5248768329620361
YPL023C,YCR089W,0,-3.120105,0.06409130990505219,0.35960590839385986,0.5251231789588928
YOR202W,YJR077C,0,-3.1201904,0.0640631839632988,0.35960590839385986,0.5253694653511047
YER146W,YGL179C,0,-3.1201978,0.0640350878238678,0.35960590839385986,0.5256157517433167
YDR180W,YBR098W,1,-3.1212244,0.06444542109966278,0.36206895112991333,0.5256157517433167
YLR166C,YNL241C,0,-3.121827,0.06441717594861984,0.36206895112991333,0.5258620977401733
YLR116W,YML064C,0,-3.122379,0.06438896059989929,0.36206895112991333,0.5261083841323853
YDR408C,YJL074C,0,-3.1230447,0.06436076760292053,0.36206895112991333,0.5263546705245972
YNL154C,YPR121W,0,-3.1236718,0.06433260440826416,0.36206895112991333,0.5266009569168091
YNR056C,YKL137W,0,-3.1248033,0.06430446356534958,0.36206895112991333,0.5268473029136658
YKL086W,YML007W,0,-3.1258297,0.06427634507417679,0.36206895112991333,0.5270935893058777
YJR091C,YPL118W,0,-3.1262755,0.06424824893474579,0.36206895112991333,0.5273398756980896
YNL257C,YMR268C,0,-3.1305478,0.06422018259763718,0.36206895112991333,0.5275862216949463
YNR054C,YBR228W,0,-3.1312077,0.06419213861227036,0.36206895112991333,0.5278325080871582
YPR164W,YBR136W,1,-3.1329072,0.06460060924291611,0.3645320236682892,0.5278325080871582
YKL008C,YLL036C,0,-3.1337197,0.06457242369651794,0.3645320236682892,0.5280787944793701
YDL005C,YDR294C,0,-3.1339502,0.06454426795244217,0.3645320236682892,0.5283251404762268
YLR128W,YHR062C,0,-3.1339598,0.06451612710952759,0.3645320236682892,0.5285714268684387
YBR083W,YLR002C,0,-3.136869,0.0644880160689354,0.3645320236682892,0.5288177132606506
YKR013W,YCR008W,0,-3.1371028,0.06445992738008499,0.3645320236682892,0.5290640592575073
YLR002C,YFL034C-A,0,-3.1372902,0.06443186849355698,0.3645320236682892,0.5293103456497192
YGL011C,YDR488C,0,-3.1378243,0.06440383195877075,0.3645320236682892,0.5295566320419312
YKL065C,YOR188W,0,-3.137943,0.06437581777572632,0.3645320236682892,0.5298029780387878
YNL071W,YPL249C-A,0,-3.1380537,0.06434782594442368,0.3645320236682892,0.5300492644309998
YJL063C,YBR199W,0,-3.1381636,0.06431986391544342,0.3645320236682892,0.5302955508232117
YGL033W,YJL047C,1,-3.1384568,0.064726322889328,0.36699506640434265,0.5302955508232117
YOR210W,YER074W-A,0,-3.1389625,0.0646982192993164,0.36699506640434265,0.5305418968200684
YFR051C,YER074W-A,0,-3.1394885,0.0646701380610466,0.36699506640434265,0.5307881832122803
YHR079C-A,YBR073W,1,-3.1398804,0.06507591903209686,0.3694581389427185,0.5307881832122803
YOR307C,YLR155C,0,-3.1399944,0.06504770368337631,0.3694581389427185,0.5310344696044922
YOR144C,YDR180W,1,-3.142032,0.06545297056436539,0.371921181678772,0.5310344696044922
YDR432W,YDL236W,0,-3.1423812,0.0654246136546135,0.371921181678772,0.5312808156013489
YKR013W,YER035W,0,-3.1433487,0.0653962790966034,0.371921181678772,0.5315271019935608
YKL188C,YLL039C,0,-3.14419,0.06536796689033508,0.371921181678772,0.5317733883857727
YIL099W,YLR013W,0,-3.1454866,0.06533967703580856,0.371921181678772,0.5320196747779846
YPL283C,YMR190C,1,-3.147933,0.06574394553899765,0.37438422441482544,0.5320196747779846
YPR164W,YMR106C,1,-3.1484177,0.06614785641431808,0.3768472969532013,0.5320196747779846
YGR284C,YDL122W,0,-3.1485646,0.06611927598714828,0.3768472969532013,0.5322660207748413
YDL232W,YER157W,0,-3.1486423,0.06609071046113968,0.3768472969532013,0.5325123071670532
YJL099W,YDL150W,0,-3.1486862,0.06606217473745346,0.3768472969532013,0.5327585935592651
YEL063C,YGR206W,0,-3.1497352,0.06603366136550903,0.3768472969532013,0.5330049395561218
YIL099W,YFR028C,0,-3.150788,0.066005177795887,0.3768472969532013,0.5332512259483337
YNL299W,YGL125W,0,-3.1512835,0.06597671657800674,0.3768472969532013,0.5334975123405457
YLR240W,YGL150C,0,-3.1522534,0.06594827771186829,0.3768472969532013,0.5337438583374023
YKR013W,YDR322C-A,0,-3.152838,0.06591986119747162,0.3768472969532013,0.5339901447296143
YLR423C,YMR236W,0,-3.1532862,0.06589147448539734,0.3768472969532013,0.5342364311218262
YDL066W,YKL084W,0,-3.1535375,0.06586311012506485,0.3768472969532013,0.5344827771186829
YLR070C,YMR323W,0,-3.1536076,0.06583476811647415,0.3768472969532013,0.5347290635108948
YIL121W,YAL055W,0,-3.1542325,0.06580644845962524,0.3768472969532013,0.5349753499031067
YNL321W,YNL252C,0,-3.1544907,0.06577815860509872,0.3768472969532013,0.5352216958999634
YAR050W,YDR538W,0,-3.154696,0.065749891102314,0.3768472969532013,0.5354679822921753
YGR198W,YOR077W,0,-3.1551507,0.06572164595127106,0.3768472969532013,0.5357142686843872
YPR061C,YPL012W,0,-3.1559446,0.0656934306025505,0.3768472969532013,0.5359606146812439
YGR133W,YGL022W,0,-3.1598094,0.06566523760557175,0.3768472969532013,0.5362069010734558
YGL017W,YMR067C,0,-3.1598809,0.06563706696033478,0.3768472969532013,0.5364531874656677
YDL194W,YOR303W,0,-3.1606534,0.0656089186668396,0.3768472969532013,0.5366995334625244
YML114C,YPL241C,0,-3.160929,0.06558080017566681,0.3768472969532013,0.5369458198547363
YER118C,YCL038C,0,-3.1609712,0.06555269658565521,0.3768472969532013,0.5371921062469482
YPL055C,YKL209C,0,-3.1614046,0.065524622797966,0.3768472969532013,0.5374384522438049
YDL066W,YOR153W,0,-3.1619167,0.06549657881259918,0.3768472969532013,0.5376847386360168
YGR023W,YOR033C,0,-3.1633077,0.06546854972839355,0.3768472969532013,0.5379310250282288
YOL006C,YMR106C,1,-3.1643035,0.06586826592683792,0.37931033968925476,0.5379310250282288
YDR385W,YKL018W,0,-3.1671581,0.06584010273218155,0.37931033968925476,0.5381773114204407
YDR155C,YJL074C,0,-3.1676114,0.06581196933984756,0.37931033968925476,0.5384236574172974
YCR067C,YKL209C,0,-3.1679118,0.06578385084867477,0.37931033968925476,0.5386699438095093
YPL069C,YDL239C,0,-3.169254,0.06575576215982437,0.37931033968925476,0.5389162302017212
YKL125W,YOR231W,0,-3.1693122,0.06572769582271576,0.37931033968925476,0.5391625761985779
YDR462W,YER006W,0,-3.1696415,0.06569965928792953,0.37931033968925476,0.5394088625907898
YHR079C-A,YPL164C,1,-3.1701422,0.06609807908535004,0.3817734122276306,0.5394088625907898
YOL115W,YGL187C,0,-3.1707444,0.06606990844011307,0.3817734122276306,0.5396551489830017
YDR085C,YLR136C,0,-3.1715462,0.06604175269603729,0.3817734122276306,0.5399014949798584
YDL010W,YDR540C,0,-3.174825,0.0660136267542839,0.3817734122276306,0.5401477813720703
YBR200W,YDR346C,0,-3.1761215,0.06598552316427231,0.3817734122276306,0.5403940677642822
YNL125C,YBR088C,0,-3.1775815,0.0659574493765831,0.3817734122276306,0.5406404137611389
YOL060C,YER018C,0,-3.177605,0.06592939049005508,0.3817734122276306,0.5408867001533508
YJL139C,YGL121C,0,-3.1779034,0.06590136140584946,0.3817734122276306,0.5411329865455627
YER119C,YPR101W,0,-3.1787722,0.06587335467338562,0.3817734122276306,0.5413793325424194
YDR180W,YOR035C,1,-3.179417,0.06627018004655838,0.3842364549636841,0.5413793325424194
YPL170W,YMR154C,0,-3.1817963,0.0662420392036438,0.3842364549636841,0.5416256189346313
YDR073W,YDR097C,0,-3.182792,0.06621392071247101,0.3842364549636841,0.5418719053268433
YIL131C,YPR140W,0,-3.1840594,0.0661858320236206,0.3842364549636841,0.5421182513237
YGR247W,YDL161W,0,-3.184694,0.0661577582359314,0.3842364549636841,0.5423645377159119
YKL160W,YOR303W,0,-3.1854577,0.06612971425056458,0.3842364549636841,0.5426108241081238
YHR039C,YML062C,1,-3.1863706,0.0665254220366478,0.38669949769973755,0.5426108241081238
YOR056C,YOR130C,0,-3.1875865,0.06649724394083023,0.38669949769973755,0.5428571701049805
YDR216W,YLR066W,0,-3.1890566,0.06646909564733505,0.38669949769973755,0.5431034564971924
YGL043W,YOR368W,1,-3.1892817,0.06686415523290634,0.3891625702381134,0.5431034564971924
YGR227W,YIR013C,0,-3.189862,0.06683587282896042,0.3891625702381134,0.5433497428894043
YER119C,YPR107C,0,-3.1913347,0.06680761277675629,0.3891625702381134,0.543596088886261
YDR171W,YDL222C,0,-3.192811,0.06677937507629395,0.3891625702381134,0.5438423752784729
YDL132W,YPL230W,0,-3.1928594,0.0667511597275734,0.3891625702381134,0.5440886616706848
YIL085C,YML022W,0,-3.1936128,0.06672297418117523,0.3891625702381134,0.5443349480628967
YGR195W,YCR097W,0,-3.1942046,0.06669481098651886,0.3891625702381134,0.5445812940597534
YJR047C,YER183C,0,-3.1951897,0.06666667014360428,0.3891625702381134,0.5448275804519653
YJL063C,YLL005C,0,-3.1964018,0.06663855165243149,0.3891625702381134,0.5450738668441772
YDL002C,YHR183W,0,-3.1975336,0.06661045551300049,0.3891625702381134,0.5453202128410339
YCR068W,YMR029C,0,-3.198589,0.06658238172531128,0.3891625702381134,0.5455664992332458
YOR144C,YGL043W,1,-3.2005765,0.06697557121515274,0.39162561297416687,0.5455664992332458
YPR121W,YOR122C,0,-3.201135,0.06694737076759338,0.39162561297416687,0.5458127856254578
YBR216C,YPR185W,0,-3.2011466,0.06691919267177582,0.39162561297416687,0.5460591316223145
YNL088W,YFL003C,1,-3.2022812,0.06731173396110535,0.39408865571022034,0.5460591316223145
YKR010C,YMR266W,0,-3.202507,0.06728342920541763,0.39408865571022034,0.5463054180145264
YHR079C-A,YML062C,1,-3.2028084,0.06767549365758896,0.3965517282485962,0.5463054180145264
YJR091C,YBR039W,0,-3.2028706,0.0676470622420311,0.3965517282485962,0.5465517044067383
YPL266W,YKL157W,0,-3.2034473,0.06761864572763443,0.3965517282485962,0.546798050403595
YPL016W,YOR255W,0,-3.2045722,0.06759025901556015,0.3965517282485962,0.5470443367958069
YDL165W,YOR077W,0,-3.2047465,0.06756189465522766,0.3965517282485962,0.5472906231880188
YKR013W,YOR202W,0,-3.2055485,0.06753356009721756,0.3965517282485962,0.5475369691848755
YIR021W,YNL270C,0,-3.2074964,0.06750524044036865,0.3965517282485962,0.5477832555770874
YOL027C,YEL047C,0,-3.207954,0.06747695058584213,0.3965517282485962,0.5480295419692993
YNR054C,YPL005W,0,-3.2083123,0.0674486830830574,0.3965517282485962,0.548275887966156
YPL047W,YIL085C,0,-3.2089267,0.06742043793201447,0.3965517282485962,0.5485221743583679
YIL097W,YNL093W,0,-3.2099988,0.06739221513271332,0.3965517282485962,0.5487684607505798
YCR089W,YLL015W,0,-3.2100046,0.06736401468515396,0.3965517282485962,0.5490148067474365
YER019W,YDR484W,0,-3.2108564,0.06733584403991699,0.3965517282485962,0.5492610931396484
YLR388W,YPL212C,0,-3.211584,0.06730769574642181,0.3965517282485962,0.5495073795318604
YGR091W,YKR042W,0,-3.2119567,0.06727956235408783,0.3965517282485962,0.5497536659240723
YPR029C,YER035W,0,-3.2123654,0.06725145876407623,0.3965517282485962,0.550000011920929
YDR027C,YKL127W,0,-3.2130775,0.06722338497638702,0.3965517282485962,0.5502462983131409
YOR153W,YIL122W,0,-3.2141063,0.06719532608985901,0.3965517282485962,0.5504925847053528
YPR020W,YNL245C,0,-3.214525,0.06716728955507278,0.3965517282485962,0.5507389307022095
YPL032C,YKL157W,0,-3.2146199,0.06713928282260895,0.3965517282485962,0.5509852170944214
YOL044W,YDL122W,0,-3.2150214,0.0671112984418869,0.3965517282485962,0.5512315034866333
YNL300W,YKR001C,0,-3.215699,0.06708333641290665,0.3965517282485962,0.55147784948349
YDR113C,YOL068C,1,-3.2165844,0.06747188419103622,0.39901477098464966,0.55147784948349
YBR133C,YGR183C,0,-3.2170796,0.06744379550218582,0.39901477098464966,0.5517241358757019
YKL113C,YOR375C,0,-3.2182841,0.06741572916507721,0.39901477098464966,0.5519704222679138
YJL050W,YDR143C,0,-3.2186105,0.06738768517971039,0.39901477098464966,0.5522167682647705
YBL042C,YJL111W,0,-3.2193491,0.06735967099666595,0.39901477098464966,0.5524630546569824
YPL124W,YNL097C,0,-3.219687,0.06733167171478271,0.39901477098464966,0.5527093410491943
YHR115C,YCR027C,0,-3.2199256,0.06730369478464127,0.39901477098464966,0.552955687046051
YLR272C,YNL014W,0,-3.220653,0.0672757476568222,0.39901477098464966,0.5532019734382629
YBR098W,YFL003C,1,-3.222409,0.06766293197870255,0.4014778435230255,0.5532019734382629
YPR023C,YNL336W,0,-3.2226627,0.06763485819101334,0.4014778435230255,0.5534482598304749
YGR198W,YJR144W,0,-3.2229793,0.06760679930448532,0.4014778435230255,0.5536946058273315
YIL162W,YMR029C,0,-3.2248518,0.0675787702202797,0.4014778435230255,0.5539408922195435
YGR183C,YKR039W,0,-3.2255776,0.06755076348781586,0.4014778435230255,0.5541871786117554
YOR210W,YIL050W,0,-3.226381,0.06752278655767441,0.4014778435230255,0.5544335246086121
YNL064C,YDR538W,0,-3.226455,0.06749482452869415,0.4014778435230255,0.554679811000824
YJL209W,YDR147W,0,-3.2274723,0.06746688485145569,0.4014778435230255,0.5549260973930359
YDL226C,YBR298C,0,-3.227495,0.06743897497653961,0.4014778435230255,0.5551724433898926
YOR231W,YKR029C,0,-3.227718,0.06741108000278473,0.4014778435230255,0.5554187297821045
YPL132W,YKR029C,0,-3.2283018,0.06738321483135223,0.4014778435230255,0.5556650161743164
YAR050W,YER157W,0,-3.2291796,0.06735537201166153,0.4014778435230255,0.5559113025665283
YKL137W,YMR199W,0,-3.230368,0.06732755154371262,0.4014778435230255,0.556157648563385
YPL072W,YMR024W,0,-3.2308342,0.0672997534275055,0.4014778435230255,0.5564039349555969
YCR067C,YJL210W,0,-3.2308576,0.06727197766304016,0.4014778435230255,0.5566502213478088
YGR227W,YOR375C,0,-3.2311146,0.06724422425031662,0.4014778435230255,0.5568965673446655
YKL157W,YNL220W,0,-3.2322347,0.06721649318933487,0.4014778435230255,0.5571428537368774
YDR006C,YMR231W,0,-3.2332098,0.06718878448009491,0.4014778435230255,0.5573891401290894
YLR136C,YGR132C,0,-3.2371237,0.06716110557317734,0.4014778435230255,0.557635486125946
YLR405W,YHR050W,0,-3.237192,0.06713344156742096,0.4014778435230255,0.557881772518158
YPL217C,YIL016W,0,-3.239893,0.06710580736398697,0.4014778435230255,0.5581280589103699
YPR164W,YDR180W,1,-3.2402906,0.06748971343040466,0.403940886259079,0.5581280589103699
YDR051C,YEL071W,0,-3.240536,0.06746195256710052,0.403940886259079,0.5583744049072266
YDL159W,YNR046W,0,-3.2418997,0.06743421405553818,0.403940886259079,0.5586206912994385
YHR128W,YER074W-A,0,-3.242102,0.06740649044513702,0.403940886259079,0.5588669776916504
YMR190C,YNL312W,1,-3.2423837,0.06778964400291443,0.40640392899513245,0.5588669776916504
YPL032C,YLR362W,0,-3.244711,0.06776180863380432,0.40640392899513245,0.5591133236885071
YNR056C,YGR041W,0,-3.245036,0.06773398816585541,0.40640392899513245,0.559359610080719
YDR293C,YHR043C,0,-3.2457488,0.06770619750022888,0.40640392899513245,0.5596058964729309
YOR094W,YBR161W,0,-3.2457714,0.06767842173576355,0.40640392899513245,0.5598522424697876
YJR099W,YPR124W,0,-3.2462559,0.0676506757736206,0.40640392899513245,0.5600985288619995
YGL181W,YOR140W,0,-3.2462838,0.06762295216321945,0.40640392899513245,0.5603448152542114
YAR014C,YJL138C,0,-3.246919,0.06759525090456009,0.40640392899513245,0.5605911612510681
YGR271C-A,YLR372W,0,-3.249109,0.06756756454706192,0.40640392899513245,0.56083744764328
YKR067W,YNL229C,0,-3.2492926,0.06753990799188614,0.40640392899513245,0.5610837340354919
YEL063C,YKL213C,0,-3.250018,0.06751227378845215,0.40640392899513245,0.5613300204277039
YLR003C,YDR409W,0,-3.2500312,0.06748466193675995,0.40640392899513245,0.5615763664245605
YOR307C,YKL092C,0,-3.2504551,0.06745707243680954,0.40640392899513245,0.5618226528167725
YFL018C,YPL003W,0,-3.2511556,0.06742950528860092,0.40640392899513245,0.5620689392089844
YPL255W,YJR077C,0,-3.2518904,0.0674019604921341,0.40640392899513245,0.5623152852058411
YIL131C,YOR030W,0,-3.2525094,0.06737443804740906,0.40640392899513245,0.562561571598053
YLR240W,YBR227C,0,-3.2537673,0.06734693795442581,0.40640392899513245,0.5628078579902649
YHL007C,YFL062W,0,-3.2537816,0.06731946021318436,0.40640392899513245,0.5630542039871216
YGR140W,YPR052C,0,-3.2538288,0.06729200482368469,0.40640392899513245,0.5633004903793335
YMR058W,YLR399C,0,-3.2545817,0.06726457178592682,0.40640392899513245,0.5635467767715454
YCL033C,YMR251W-A,0,-3.2548413,0.06723716109991074,0.40640392899513245,0.5637931227684021
YNL148C,YPL057C,0,-3.2554486,0.06720977276563644,0.40640392899513245,0.564039409160614
YHR079C-A,YDR180W,1,-3.2555106,0.06758957356214523,0.4088670015335083,0.564039409160614
YIL131C,YBR265W,0,-3.2555697,0.06756206601858139,0.4088670015335083,0.5642856955528259
YMR113W,YDR255C,0,-3.255833,0.06753458082675934,0.4088670015335083,0.5645320415496826
YKL055C,YFR004W,0,-3.2565777,0.06750711798667908,0.4088670015335083,0.5647783279418945
YOR058C,YKR046C,0,-3.257004,0.0674796774983406,0.4088670015335083,0.5650246143341064
YHR039C,YJL047C,1,-3.2573452,0.06785859167575836,0.41133004426956177,0.5650246143341064
YER048C,YMR280C,0,-3.2582226,0.06783103197813034,0.41133004426956177,0.5652709603309631
YNL315C,YLR405W,0,-3.2585099,0.06780349463224411,0.41133004426956177,0.565517246723175
YNL072W,YDR027C,0,-3.2587192,0.06777597218751907,0.41133004426956177,0.565763533115387
YBR073W,YDR113C,1,-3.259149,0.06815415620803833,0.4137931168079376,0.565763533115387
YOR354C,YDR180W,1,-3.2600284,0.06853203475475311,0.4162561595439911,0.565763533115387
YBL042C,YKR025W,0,-3.2601013,0.06850425899028778,0.4162561595439911,0.5660098791122437
YBL067C,YLR136C,0,-3.260195,0.06847649812698364,0.4162561595439911,0.5662561655044556
YER048C,YPL079W,0,-3.261172,0.06844876706600189,0.4162561595439911,0.5665024518966675
YIL049W,YCL011C,0,-3.2614605,0.06842105090618134,0.4162561595439911,0.5667487978935242
YHR072W,YLR002C,0,-3.2620914,0.06839336454868317,0.4162561595439911,0.5669950842857361
YLR233C,YER058W,0,-3.2625988,0.06836569309234619,0.4162561595439911,0.567241370677948
YER166W,YPL079W,0,-3.2628605,0.0683380514383316,0.4162561595439911,0.5674876570701599
YDR485C,YML075C,0,-3.262998,0.06831043213605881,0.4162561595439911,0.5677340030670166
YML019W,YGL153W,0,-3.26319,0.0682828277349472,0.4162561595439911,0.5679802894592285
YOL115W,YER074W-A,0,-3.2632515,0.06825525313615799,0.4162561595439911,0.5682265758514404
YOL128C,YHR043C,0,-3.263706,0.06822769343852997,0.4162561595439911,0.5684729218482971
YHR098C,YEL009C,0,-3.2645261,0.06820016354322433,0.4162561595439911,0.568719208240509
YLR406C,YJR099W,0,-3.2645915,0.0681726485490799,0.4162561595439911,0.568965494632721
YDL020C,YJR125C,0,-3.2646735,0.06814516335725784,0.4162561595439911,0.5692118406295776
YPR082C,YOR178C,0,-3.2653792,0.06811769306659698,0.4162561595439911,0.5694581270217896
YLR262C,YMR164C,0,-3.2667978,0.06809025257825851,0.4162561595439911,0.5697044134140015
YNR069C,YER004W,0,-3.2669327,0.06806282699108124,0.4162561595439911,0.5699507594108582
YGL055W,YMR083W,0,-3.267286,0.06803542375564575,0.4162561595439911,0.5701970458030701
YPL020C,YGL029W,0,-3.2675803,0.06800805032253265,0.4162561595439911,0.570443332195282
YCR027C,YHR183W,0,-3.2679584,0.06798069179058075,0.4162561595439911,0.5706896781921387
YOR125C,YAL061W,0,-3.268919,0.06795335561037064,0.4162561595439911,0.5709359645843506
YLR262C,YAL001C,0,-3.2689302,0.06792604178190231,0.4162561595439911,0.5711822509765625
YMR278W,YCR020W-B,0,-3.2691457,0.06789875775575638,0.4162561595439911,0.5714285969734192
YHR039C,YOL006C,1,-3.2704313,0.06827308982610703,0.41871920228004456,0.5714285969734192
YGL097W,YML121W,0,-3.2704477,0.06824568659067154,0.41871920228004456,0.5716748833656311
YGL153W,YDR409W,0,-3.270452,0.06821829825639725,0.41871920228004456,0.571921169757843
YDL194W,YOR321W,0,-3.2727864,0.06819093227386475,0.41871920228004456,0.5721675157546997
YNL177C,YKL221W,0,-3.2736423,0.06816359609365463,0.41871920228004456,0.5724138021469116
YDR097C,YDR206W,0,-3.274346,0.06813627481460571,0.41871920228004456,0.5726600885391235
YGR157W,YGR098C,0,-3.2757132,0.06810897588729858,0.41871920228004456,0.5729063749313354
YML069W,YMR268C,0,-3.2757745,0.06808169931173325,0.41871920228004456,0.5731527209281921
YMR154C,YDL147W,0,-3.2759995,0.0680544450879097,0.41871920228004456,0.573399007320404
YPL268W,YLL052C,0,-3.2767258,0.06802721321582794,0.41871920228004456,0.573645293712616
YIL031W,YPL181W,0,-3.277416,0.06800000369548798,0.41871920228004456,0.5738916397094727
YBR133C,YML121W,0,-3.2786672,0.0679728090763092,0.41871920228004456,0.5741379261016846
YNL125C,YHR143W-A,0,-3.2788866,0.06794564425945282,0.41871920228004456,0.5743842124938965
YOR354C,YFL003C,1,-3.2792885,0.06831801682710648,0.4211822748184204,0.5743842124938965
YOL060C,YPL187W,0,-3.2795546,0.06829073280096054,0.4211822748184204,0.5746305584907532
YGL047W,YAL009W,0,-3.2825336,0.0682634711265564,0.4211822748184204,0.5748768448829651
YEL009C,YER075C,0,-3.282887,0.06823623180389404,0.4211822748184204,0.575123131275177
YPL266W,YOR140W,0,-3.2829206,0.06820901483297348,0.4211822748184204,0.5753694772720337
YFL003C,YPL015C,1,-3.284271,0.06858054548501968,0.4236453175544739,0.5753694772720337
YGR023W,YJR144W,0,-3.2883213,0.06855320930480957,0.4236453175544739,0.5756157636642456
YHR039C,YNL139C,1,-3.288965,0.06892430037260056,0.42610836029052734,0.5756157636642456
YLR310C,YFL031W,0,-3.288971,0.06889685243368149,0.42610836029052734,0.5758620500564575
YPL045W,YGL029W,0,-3.2916355,0.06886942684650421,0.42610836029052734,0.5761083960533142
YLR226W,YHR065C,0,-3.2919524,0.06884202361106873,0.42610836029052734,0.5763546824455261
YLR336C,YIL044C,0,-3.292217,0.06881463527679443,0.42610836029052734,0.576600968837738
YDR113C,YDR180W,1,-3.2928703,0.06918489187955856,0.4285714328289032,0.576600968837738
YPL053C,YER073W,0,-3.2940562,0.06915739178657532,0.4285714328289032,0.5768473148345947
YNL257C,YGL134W,0,-3.2956293,0.06912991404533386,0.4285714328289032,0.5770936012268066
YNL106C,YEL009C,0,-3.2991014,0.0691024586558342,0.4285714328289032,0.5773398876190186
YPL190C,YDR538W,0,-3.2991579,0.06907503306865692,0.4285714328289032,0.5775862336158752
YOR362C,YGL055W,0,-3.2991915,0.06904762238264084,0.4285714328289032,0.5778325200080872
YOR298C-A,YHR018C,0,-3.300585,0.06902022659778595,0.4285714328289032,0.5780788064002991
YOR361C,YNL225C,0,-3.300938,0.06899286061525345,0.4285714328289032,0.5783251523971558
YHR079C-A,YPR164W,1,-3.3012288,0.06936187297105789,0.43103447556495667,0.5783251523971558
YBR018C,YHR178W,0,-3.301618,0.06933438777923584,0.43103447556495667,0.5785714387893677
YDR331W,YOR153W,0,-3.3019075,0.06930693238973618,0.43103447556495667,0.5788177251815796
YDL188C,YDR432W,0,-3.3026426,0.0692794919013977,0.43103447556495667,0.5790640115737915
YDR450W,YFL002C,0,-3.3042166,0.06925208121538162,0.43103447556495667,0.5793103575706482
YPL232W,YKL220C,0,-3.3049364,0.06922468543052673,0.43103447556495667,0.5795566439628601
YJL210W,YGL077C,0,-3.3064647,0.06919731199741364,0.43103447556495667,0.579802930355072
YBL006C,YOR303W,0,-3.3073304,0.06916996091604233,0.43103447556495667,0.5800492763519287
YBR133C,YBR018C,0,-3.3085465,0.06914263218641281,0.43103447556495667,0.5802955627441406
YOL017W,YER172C,0,-3.3099914,0.06911532580852509,0.43103447556495667,0.5805418491363525
YHR152W,YCR003W,0,-3.3101125,0.06908803433179855,0.43103447556495667,0.5807881951332092
YNL264C,YBL099W,0,-3.3102455,0.06906077265739441,0.43103447556495667,0.5810344815254211
YPL255W,YDR156W,0,-3.311259,0.06903353333473206,0.43103447556495667,0.5812807679176331
YGR195W,YPR140W,0,-3.3125384,0.0690063089132309,0.43103447556495667,0.5815271139144897
YMR106C,YOR035C,1,-3.3136451,0.06937327235937119,0.4334975481033325,0.5815271139144897
YOR118W,YKR039W,0,-3.314605,0.06934594362974167,0.4334975481033325,0.5817734003067017
YNL252C,YFL034C-A,0,-3.3177521,0.06931862980127335,0.4334975481033325,0.5820196866989136
YKL176C,YPR058W,0,-3.317803,0.06929133832454681,0.4334975481033325,0.5822660326957703
YNL053W,YBR171W,0,-3.3179872,0.06926406919956207,0.4334975481033325,0.5825123190879822
YPL164C,YMR106C,1,-3.3191445,0.0696302130818367,0.435960590839386,0.5825123190879822
YOR144C,YBR136W,1,-3.3209178,0.06999606639146805,0.43842363357543945,0.5825123190879822
YLR398C,YDL066W,0,-3.3239815,0.06996855139732361,0.43842363357543945,0.5827586054801941
YOR229W,YOR064C,0,-3.324288,0.06994105875492096,0.43842363357543945,0.5830049514770508
YJR113C,YDR123C,0,-3.3245542,0.0699135884642601,0.43842363357543945,0.5832512378692627
YMR190C,YFL003C,1,-3.3248327,0.07027875632047653,0.4408867061138153,0.5832512378692627
YDR314C,YEL060C,0,-3.3253253,0.07025117427110672,0.4408867061138153,0.5834975242614746
YOL110W,YOR100C,0,-3.3259804,0.0702236145734787,0.4408867061138153,0.5837438702583313
YGL023C,YDR143C,0,-3.3259957,0.07019607722759247,0.4408867061138153,0.5839901566505432
YDL044C,YER169W,0,-3.326498,0.07016856223344803,0.4408867061138153,0.5842364430427551
YOL088C,YLR233C,0,-3.327232,0.07014106214046478,0.4408867061138153,0.584482729434967
YGR068C,YOR295W,0,-3.327411,0.07011359184980392,0.4408867061138153,0.5847290754318237
YBR021W,YGR240C,0,-3.327639,0.07008613646030426,0.4408867061138153,0.5849753618240356
YPR082C,YDR255C,0,-3.3292186,0.07005871087312698,0.4408867061138153,0.5852216482162476
YHR079C-A,YOR368W,1,-3.3305566,0.07042253762483597,0.4433497488498688,0.5852216482162476
YDL132W,YGR183C,0,-3.3307202,0.07039499282836914,0.4433497488498688,0.5854679942131042
YLR341W,YGR206W,0,-3.3318307,0.0703674778342247,0.4433497488498688,0.5857142806053162
YOL115W,YPR052C,0,-3.3318794,0.07033997774124146,0.4433497488498688,0.5859605669975281
YDR123C,YJL020C,0,-3.3325694,0.0703125,0.4433497488498688,0.5862069129943848
YIL016W,YJR125C,0,-3.3334796,0.07028504461050034,0.4433497488498688,0.5864531993865967
YKR087C,YJL076W,0,-3.3335261,0.07025761157274246,0.4433497488498688,0.5866994857788086
YOR128C,YPL069C,0,-3.3336985,0.07023020088672638,0.4433497488498688,0.5869458317756653
YEL011W,YDR085C,0,-3.3341002,0.07020280510187149,0.4433497488498688,0.5871921181678772
YDR084C,YGL047W,0,-3.3348334,0.07017543911933899,0.4433497488498688,0.5874384045600891
YDR214W,YNR032W,0,-3.3352244,0.07014808803796768,0.4433497488498688,0.5876847505569458
YNL088W,YBR136W,1,-3.33545,0.07051032036542892,0.44581282138824463,0.5876847505569458
YJR099W,YDL239C,0,-3.3356564,0.07048286497592926,0.44581282138824463,0.5879310369491577
YER018C,YLR453C,0,-3.3367546,0.07045543193817139,0.44581282138824463,0.5881773233413696
YMR260C,YBR044C,0,-3.3369453,0.07042801380157471,0.44581282138824463,0.5884236693382263
YPL152W,YNL014W,0,-3.3385074,0.07040062546730042,0.44581282138824463,0.5886699557304382
YKR080W,YOR153W,0,-3.3391266,0.07037325203418732,0.44581282138824463,0.5889162421226501
YHR203C,YJR077C,0,-3.3397949,0.07034590095281601,0.44581282138824463,0.5891625881195068
YGR198W,YJL138C,0,-3.3403375,0.07031857222318649,0.44581282138824463,0.5894088745117188
YNR056C,YLR368W,0,-3.3408048,0.07029126584529877,0.44581282138824463,0.5896551609039307
YBR136W,YMR167W,1,-3.3414018,0.07065217196941376,0.4482758641242981,0.5896551609039307
YIR021W,YNL279W,0,-3.3417094,0.07062475383281708,0.4482758641242981,0.5899015069007874
YLR378C,YLR256W,0,-3.3432772,0.07059736549854279,0.4482758641242981,0.5901477932929993
YPL152W,YOR371C,0,-3.343992,0.07056999206542969,0.4482758641242981,0.5903940796852112
YAL001C,YNL229C,0,-3.3445795,0.07054263353347778,0.4482758641242981,0.5906403660774231
YGL145W,YLR256W,0,-3.3445942,0.07051530480384827,0.4482758641242981,0.5908867120742798
YJR007W,YNL116W,0,-3.3459885,0.07048799097537994,0.4482758641242981,0.5911329984664917
YDR016C,YGL257C,0,-3.3461168,0.07046070694923401,0.4482758641242981,0.5913792848587036
YOL006C,YMR190C,1,-3.3461454,0.07082043588161469,0.45073890686035156,0.5913792848587036
YJL010C,YOL049W,0,-3.3481076,0.0707930400967598,0.45073890686035156,0.5916256308555603
YJL042W,YGR247W,0,-3.3487642,0.0707656592130661,0.45073890686035156,0.5918719172477722
YNL257C,YDL159W,0,-3.3491695,0.0707383081316948,0.45073890686035156,0.5921182036399841
YDR097C,YJR007W,0,-3.3495939,0.07071097195148468,0.45073890686035156,0.5923645496368408
YML064C,YEL004W,0,-3.3500173,0.07068365812301636,0.45073890686035156,0.5926108360290527
YLR369W,YHR062C,0,-3.3501723,0.07065637409687042,0.45073890686035156,0.5928571224212646
YJR113C,YLR119W,0,-3.3508518,0.07062909752130508,0.45073890686035156,0.5931034684181213
YNL327W,YNL030W,0,-3.3517115,0.07060185074806213,0.45073890686035156,0.5933497548103333
YNL316C,YGR048W,0,-3.3518147,0.07057462632656097,0.45073890686035156,0.5935960412025452
YAR014C,YPL030W,0,-3.3527002,0.07054741680622101,0.45073890686035156,0.5938423871994019
YPL086C,YKL220C,0,-3.353525,0.07052022963762283,0.45073890686035156,0.5940886735916138
YJR043C,YNL222W,0,-3.3539166,0.07049306482076645,0.45073890686035156,0.5943349599838257
YGR209C,YKR086W,0,-3.3539262,0.07046592235565186,0.45073890686035156,0.5945813059806824
YLR166C,YDR141C,0,-3.357423,0.07043880224227905,0.45073890686035156,0.5948275923728943
YEL060C,YIR028W,0,-3.3583004,0.07041169703006744,0.45073890686035156,0.5950738787651062
YGR275W,YJR077C,0,-3.359762,0.07038461416959763,0.45073890686035156,0.5953202247619629
YBR103W,YCR089W,0,-3.3603477,0.0703575536608696,0.45073890686035156,0.5955665111541748
YPR094W,YGL133W,0,-3.3623166,0.07033051550388336,0.45073890686035156,0.5958127975463867
YDR302W,YNL265C,0,-3.3624415,0.07030349224805832,0.45073890686035156,0.5960590839385986
YDL194W,YCR097W,0,-3.3635976,0.07027649879455566,0.45073890686035156,0.5963054299354553
YLR116W,YBL045C,0,-3.363609,0.0702495202422142,0.45073890686035156,0.5965517163276672
YLR424W,YML058W,0,-3.3642113,0.07022256404161453,0.45073890686035156,0.5967980027198792
YMR021C,YKL137W,0,-3.3659828,0.07019563019275665,0.45073890686035156,0.5970443487167358
YMR106C,YOL068C,1,-3.366697,0.07055214792490005,0.4532019793987274,0.5970443487167358
YPR145W,YBR288C,0,-3.3673518,0.07052510231733322,0.4532019793987274,0.5972906351089478
YNL124W,YDL049C,0,-3.3674042,0.07049808651208878,0.4532019793987274,0.5975369215011597
YBR103W,YPL086C,0,-3.3679445,0.07047108560800552,0.4532019793987274,0.5977832674980164
YDR540C,YLR368W,0,-3.3680613,0.07044410705566406,0.4532019793987274,0.5980295538902283
YBR201W,YPR065W,0,-3.36858,0.0704171434044838,0.4532019793987274,0.5982758402824402
YKR060W,YNL270C,0,-3.3686287,0.07039020955562592,0.4532019793987274,0.5985221862792969
YCR088W,YOL148C,0,-3.369488,0.07036329060792923,0.4532019793987274,0.5987684726715088
YBR070C,YPR185W,0,-3.3698206,0.07033639401197433,0.4532019793987274,0.5990147590637207
YOL039W,YER166W,0,-3.3700874,0.07030951231718063,0.4532019793987274,0.5992611050605774
YKR010C,YNL300W,0,-3.3718596,0.07028266042470932,0.4532019793987274,0.5995073914527893
YGL043W,YMR190C,1,-3.3726346,0.07063765078783035,0.4556650221347809,0.5995073914527893
YNL299W,YGL150C,0,-3.373217,0.07061068713665009,0.4556650221347809,0.5997536778450012
YHR200W,YER075C,0,-3.3732738,0.07058374583721161,0.4556650221347809,0.6000000238418579
YDR302W,YOR245C,0,-3.373286,0.07055682688951492,0.4556650221347809,0.6002463102340698
YBR200W,YPL086C,0,-3.3734465,0.07052993029356003,0.4556650221347809,0.6004925966262817
YHR016C,YGL166W,0,-3.373911,0.07050304859876633,0.4556650221347809,0.6007389426231384
YKL160W,YHR062C,0,-3.3748088,0.07047618925571442,0.4556650221347809,0.6009852290153503
YDR519W,YCL010C,0,-3.375147,0.0704493522644043,0.4556650221347809,0.6012315154075623
YOR149C,YJR002W,0,-3.37551,0.07042253762483597,0.4556650221347809,0.601477861404419
YBR221C,YLR453C,0,-3.3762567,0.07039573788642883,0.4556650221347809,0.6017241477966309
YDL212W,YMR014W,0,-3.3769314,0.07036896049976349,0.4556650221347809,0.6019704341888428
YJL111W,YMR162C,0,-3.3769333,0.07034220546483994,0.4556650221347809,0.6022167205810547
YOR118W,YAL001C,0,-3.3779235,0.07031547278165817,0.4556650221347809,0.6024630665779114
YOL033W,YKR025W,0,-3.3783777,0.0702887549996376,0.4556650221347809,0.6027093529701233
YPL016W,YBR152W,0,-3.3795571,0.07026205956935883,0.4556650221347809,0.6029556393623352
YDR113C,YOR035C,1,-3.3799627,0.07061503082513809,0.45812806487083435,0.6029556393623352
YDL052C,YBL019W,0,-3.3807607,0.07058823853731155,0.45812806487083435,0.6032019853591919
YOR033C,YNL245C,0,-3.3811352,0.07056145370006561,0.45812806487083435,0.6034482717514038
YPR020W,YML010W,0,-3.3811433,0.07053469866514206,0.45812806487083435,0.6036945581436157
YLL005C,YIL065C,0,-3.3817117,0.0705079585313797,0.45812806487083435,0.6039409041404724
YBR102C,YKL220C,0,-3.3830907,0.07048124074935913,0.45812806487083435,0.6041871905326843
YHR188C,YPR079W,0,-3.3831313,0.07045454531908035,0.45812806487083435,0.6044334769248962
YDR147W,YOR130C,0,-3.383767,0.07042786478996277,0.45812806487083435,0.6046798229217529
YJL137C,YIL121W,0,-3.3841746,0.07040121406316757,0.45812806487083435,0.6049261093139648
YDR097C,YOL130W,0,-3.3842146,0.07037457078695297,0.45812806487083435,0.6051723957061768
YJL145W,YMR197C,0,-3.384825,0.07034795731306076,0.45812806487083435,0.6054187417030334
YNL125C,YLR022C,0,-3.3850214,0.07032135874032974,0.45812806487083435,0.6056650280952454
YDR349C,YML065W,0,-3.3850448,0.07029478251934052,0.45812806487083435,0.6059113144874573
YCR048W,YMR029C,0,-3.3855593,0.07026822865009308,0.45812806487083435,0.606157660484314
YBR216C,YGL207W,0,-3.3857124,0.07024168968200684,0.45812806487083435,0.6064039468765259
YNL088W,YMR106C,1,-3.3878396,0.07059267908334732,0.4605911374092102,0.6064039468765259
YDL159W,YBR039W,0,-3.3879123,0.07056603580713272,0.4605911374092102,0.6066502332687378
YNL014W,YNL229C,0,-3.3890147,0.07053942233324051,0.4605911374092102,0.6068965792655945
YPR145W,YDR006C,0,-3.389277,0.07051282376050949,0.4605911374092102,0.6071428656578064
YGR275W,YPR112C,0,-3.3917673,0.07048624008893967,0.4605911374092102,0.6073891520500183
YOL016C,YNL154C,0,-3.391983,0.07045968621969223,0.4605911374092102,0.6076354384422302
YPL164C,YGL033W,1,-3.392209,0.07080979645252228,0.46305418014526367,0.6076354384422302
YER006W,YLR421C,0,-3.3922424,0.07078313082456589,0.46305418014526367,0.6078817844390869
YJR152W,YCR083W,0,-3.392567,0.07075649499893188,0.46305418014526367,0.6081280708312988
YFL031W,YNL197C,0,-3.392767,0.07072987407445908,0.46305418014526367,0.6083743572235107
YOR128C,YKL008C,0,-3.3930473,0.07070327550172806,0.46305418014526367,0.6086207032203674
YBR103W,YKR039W,0,-3.393593,0.07067669183015823,0.46305418014526367,0.6088669896125793
YNL139C,YFL003C,1,-3.3937294,0.07102593034505844,0.4655172526836395,0.6088669896125793
YGL250W,YMR268C,0,-3.393779,0.07099924981594086,0.4655172526836395,0.6091132760047913
YKR067W,YMR231W,0,-3.3946888,0.07097258418798447,0.4655172526836395,0.609359622001648
YOL146W,YPL037C,0,-3.3966181,0.07094594836235046,0.4655172526836395,0.6096059083938599
YGR038W,YOR295W,0,-3.3977823,0.07091932743787766,0.4655172526836395,0.6098521947860718
YNL090W,YNR051C,0,-3.397843,0.07089272141456604,0.4655172526836395,0.6100985407829285
YPL055C,YKR086W,0,-3.3995035,0.07086614519357681,0.4655172526836395,0.6103448271751404
YDR016C,YER074W-A,0,-3.3995705,0.07083958387374878,0.4655172526836395,0.6105911135673523
YER019W,YDR084C,0,-3.4042866,0.07081303745508194,0.4655172526836395,0.610837459564209
YCR008W,YIL129C,0,-3.4043097,0.07078651338815689,0.4655172526836395,0.6110837459564209
YKL208W,YBR265W,0,-3.4062703,0.07076001167297363,0.4655172526836395,0.6113300323486328
YGL099W,YOR231W,0,-3.406297,0.07073353230953217,0.4655172526836395,0.6115763783454895
YOR229W,YHR121W,0,-3.4064581,0.07070706784725189,0.4655172526836395,0.6118226647377014
YBL045C,YKR003W,0,-3.4082067,0.07068062573671341,0.4655172526836395,0.6120689511299133
YLR233C,YBR102C,0,-3.4083219,0.07065420597791672,0.4655172526836395,0.61231529712677
YCR027C,YOR307C,0,-3.4087846,0.07062780112028122,0.4655172526836395,0.6125615835189819
YAR003W,YKL148C,0,-3.4088366,0.07060141861438751,0.4655172526836395,0.6128078699111938
YKR092C,YEL003W,0,-3.4096448,0.0705750584602356,0.4655172526836395,0.6130542159080505
YLR034C,YGL153W,0,-3.409892,0.07054871320724487,0.4655172526836395,0.6133005023002625
YDR058C,YOL148C,0,-3.4116652,0.07052239030599594,0.4655172526836395,0.6135467886924744
YBL040C,YOR095C,0,-3.4135604,0.0704960823059082,0.4655172526836395,0.6137930750846863
YBR302C,YDR363W,0,-3.4140592,0.07046979665756226,0.4655172526836395,0.614039421081543
YMR167W,YFL003C,1,-3.4146385,0.07081624865531921,0.467980295419693,0.614039421081543
YDR349C,YMR283C,0,-3.415576,0.0707898661494255,0.467980295419693,0.6142857074737549
YBR133C,YBR070C,0,-3.4159715,0.070763498544693,0.467980295419693,0.6145319938659668
YER118C,YDR264C,0,-3.4163072,0.07073715329170227,0.467980295419693,0.6147783398628235
YOR033C,YJL036W,0,-3.4172304,0.07071083039045334,0.467980295419693,0.6150246262550354
YML114C,YPL030W,0,-3.4176362,0.0706845223903656,0.467980295419693,0.6152709126472473
YBR136W,YDR180W,1,-3.418055,0.07103012502193451,0.47044333815574646,0.6152709126472473
YDL232W,YJR099W,0,-3.4181986,0.07100372016429901,0.47044333815574646,0.615517258644104
YOL049W,YGL179C,0,-3.419327,0.07097733020782471,0.47044333815574646,0.6157635450363159
YFR009W,YDR079C-A,0,-3.4193728,0.0709509626030922,0.47044333815574646,0.6160098314285278
YER069W,YPL228W,0,-3.4194705,0.07092461735010147,0.47044333815574646,0.6162561774253845
YNL169C,YOR178C,0,-3.4198565,0.07089829444885254,0.47044333815574646,0.6165024638175964
YML025C,YFL034C-A,0,-3.4203253,0.0708719864487648,0.47044333815574646,0.6167487502098083
YPR023C,YDR302W,0,-3.4208713,0.07084570080041885,0.47044333815574646,0.616995096206665
YOL146W,YLR431C,0,-3.4216635,0.0708194300532341,0.47044333815574646,0.617241382598877
YKR086W,YJL100W,0,-3.421932,0.07079318165779114,0.47044333815574646,0.6174876689910889
YBL045C,YCR068W,0,-3.422867,0.07076694816350937,0.47044333815574646,0.6177340149879456
YJL145W,YKL184W,0,-3.4232361,0.07074073702096939,0.47044333815574646,0.6179803013801575
YGL043W,YNL312W,1,-3.424255,0.07108478248119354,0.4729064106941223,0.6179803013801575
YEL004W,YER058W,0,-3.4249542,0.0710584744811058,0.4729064106941223,0.6182265877723694
YGR028W,YOR122C,0,-3.4252536,0.07103218883275986,0.4729064106941223,0.6184729337692261
YMR236W,YDL049C,0,-3.4254422,0.0710059180855751,0.4729064106941223,0.618719220161438
YDL165W,YNL113W,0,-3.4254487,0.07097966969013214,0.4729064106941223,0.6189655065536499
YHR098C,YOL044W,0,-3.426308,0.07095343619585037,0.4729064106941223,0.6192117929458618
YLR233C,YBL099W,0,-3.4279401,0.0709272250533104,0.4729064106941223,0.6194581389427185
YLR424W,YDR267C,0,-3.4282143,0.07090103626251221,0.4729064106941223,0.6197044253349304
YBR098W,YML062C,1,-3.4286482,0.0712440013885498,0.4753694534301758,0.6197044253349304
YPL241C,YOR064C,0,-3.429261,0.07121771574020386,0.4753694534301758,0.6199507117271423
YML114C,YOL128C,0,-3.429568,0.0711914449930191,0.4753694534301758,0.620197057723999
YER146W,YPL003W,0,-3.4296618,0.07116518914699554,0.4753694534301758,0.6204433441162109
YDR058C,YAL009W,0,-3.4303489,0.07113896310329437,0.4753694534301758,0.6206896305084229
YBR073W,YBR098W,1,-3.4303935,0.07148120552301407,0.47783252596855164,0.6206896305084229
YGL124C,YHR124W,0,-3.4308558,0.07145488262176514,0.47783252596855164,0.6209359765052795
YPR075C,YPL069C,0,-3.4326036,0.0714285746216774,0.47783252596855164,0.6211822628974915
YIL016W,YAL032C,0,-3.4337966,0.07140228152275085,0.47783252596855164,0.6214285492897034
YBR298C,YPL032C,0,-3.4340436,0.0713760107755661,0.47783252596855164,0.6216748952865601
YDR006C,YDR322C-A,0,-3.4340622,0.07134976238012314,0.47783252596855164,0.621921181678772
YIL110W,YPL181W,0,-3.4341717,0.07132352888584137,0.47783252596855164,0.6221674680709839
YFR028C,YGR166W,0,-3.4342515,0.07129731774330139,0.47783252596855164,0.6224138140678406
YJR113C,YIL129C,0,-3.434423,0.07127112150192261,0.47783252596855164,0.6226601004600525
YDR180W,YFL003C,1,-3.4361885,0.07161219418048859,0.4802955687046051,0.6226601004600525
YLR128W,YEL055C,0,-3.4368556,0.07158590108156204,0.4802955687046051,0.6229063868522644
YJL020C,YMR271C,0,-3.437341,0.07155963033437729,0.4802955687046051,0.6231527328491211
YDL155W,YGL032C,0,-3.437659,0.07153338193893433,0.4802955687046051,0.623399019241333
YBL019W,YLR355C,0,-3.4393756,0.07150714844465256,0.4802955687046051,0.6236453056335449
YML001W,YHR176W,0,-3.4404268,0.07148093730211258,0.4802955687046051,0.6238916516304016
YPL266W,YIL065C,0,-3.4407833,0.07145474851131439,0.4802955687046051,0.6241379380226135
YGR157W,YMR305C,0,-3.4422286,0.0714285746216774,0.4802955687046051,0.6243842244148254
YMR167W,YPL015C,1,-3.442855,0.07176858186721802,0.48275861144065857,0.6243842244148254
YLR242C,YOR140W,0,-3.4440777,0.07174231112003326,0.48275861144065857,0.6246305704116821
YDR006C,YHR063C,0,-3.4461858,0.0717160627245903,0.48275861144065857,0.624876856803894
YNL257C,YCR079W,0,-3.4465055,0.07168982923030853,0.48275861144065857,0.625123143196106
YJL042W,YOR196C,0,-3.4478571,0.07166361808776855,0.48275861144065857,0.6253694295883179
YDR202C,YDR409W,0,-3.4481332,0.07163742929697037,0.48275861144065857,0.6256157755851746
YNL090W,YKL209C,0,-3.4497037,0.07161125540733337,0.48275861144065857,0.6258620619773865
YDR432W,YLR398C,0,-3.4503963,0.07158509641885757,0.48275861144065857,0.6261083483695984
YLR133W,YPR056W,0,-3.451475,0.07155895978212357,0.48275861144065857,0.6263546943664551
YMR079W,YCR048W,0,-3.451546,0.07153284549713135,0.48275861144065857,0.626600980758667
YNL126W,YKR065C,0,-3.452302,0.07150674611330032,0.48275861144065857,0.6268472671508789
YNL139C,YMR106C,1,-3.4523687,0.07184536755084991,0.4852216839790344,0.6268472671508789
YHR079C-A,YBR098W,1,-3.452378,0.07218374311923981,0.4876847267150879,0.6268472671508789
YAL032C,YOR303W,0,-3.4525378,0.07215743511915207,0.4876847267150879,0.6270936131477356
YNL139C,YMR167W,1,-3.453111,0.07249544560909271,0.49014776945114136,0.6270936131477356
YGR087C,YPL118W,0,-3.4533887,0.07246904820203781,0.49014776945114136,0.6273398995399475
YDR027C,YPR107C,0,-3.4548664,0.0724426656961441,0.49014776945114136,0.6275861859321594
YOR128C,YGR038W,0,-3.456875,0.07241630554199219,0.49014776945114136,0.6278325319290161
YDL168W,YPL266W,0,-3.4571307,0.07238996028900146,0.49014776945114136,0.628078818321228
YPL047W,YKL211C,0,-3.4572093,0.07236363738775253,0.49014776945114136,0.6283251047134399
YBR135W,YIL129C,0,-3.4587395,0.0723373293876648,0.49014776945114136,0.6285714507102966
YJL092W,YER016W,0,-3.4590065,0.07231104373931885,0.49014776945114136,0.6288177371025085
YLR431C,YBR008C,0,-3.460647,0.07228478044271469,0.49014776945114136,0.6290640234947205
YHR079C-A,YJL047C,1,-3.4609396,0.07262164354324341,0.4926108419895172,0.6290640234947205
YDR408C,YJL145W,0,-3.4623756,0.07259528338909149,0.4926108419895172,0.6293103694915771
YCR067C,YNL321W,0,-3.4624279,0.07256893813610077,0.4926108419895172,0.6295566558837891
YPL055C,YGL224C,0,-3.462848,0.07254261523485184,0.4926108419895172,0.629802942276001
YFR028C,YNL152W,0,-3.4632413,0.0725163146853447,0.4926108419895172,0.6300492882728577
YCR042C,YBR244W,0,-3.4632509,0.07249002903699875,0.4926108419895172,0.6302955746650696
YEL063C,YDL058W,0,-3.463831,0.07246376574039459,0.4926108419895172,0.6305418610572815
YBL042C,YKR060W,0,-3.4639637,0.07243752479553223,0.4926108419895172,0.6307882070541382
YOR010C,YGL097W,0,-3.4656107,0.07241129875183105,0.4926108419895172,0.6310344934463501
YKL146W,YMR058W,0,-3.4658687,0.07238508760929108,0.4926108419895172,0.631280779838562
YJL139C,YHR178W,0,-3.466287,0.07235889881849289,0.4926108419895172,0.6315270662307739
YMR216C,YGR041W,0,-3.4674506,0.07233273237943649,0.4926108419895172,0.6317734122276306
YAR014C,YKL012W,0,-3.4679875,0.07230658084154129,0.4926108419895172,0.6320196986198425
YMR266W,YKL152C,0,-3.4681618,0.07228045165538788,0.4926108419895172,0.6322659850120544
YNL257C,YJL184W,0,-3.4683454,0.07225433737039566,0.4926108419895172,0.6325123310089111
YHR107C,YJL203W,0,-3.4684303,0.07222823798656464,0.4926108419895172,0.632758617401123
YKL160W,YCL010C,0,-3.469013,0.072202168405056,0.4926108419895172,0.633004903793335
YNL069C,YBR110W,0,-3.4704278,0.07217610627412796,0.4926108419895172,0.6332512497901917
YPL164C,YBR136W,1,-3.4705794,0.07251082360744476,0.4950738847255707,0.6332512497901917
YOR064C,YKR001C,0,-3.4710495,0.07248467206954956,0.4950738847255707,0.6334975361824036
YDR113C,YPL015C,1,-3.4711187,0.07281903177499771,0.49753695726394653,0.6334975361824036
YGL224C,YDL207W,0,-3.4720213,0.07279279083013535,0.49753695726394653,0.6337438225746155
YOR284W,YOL137W,0,-3.4722881,0.07276657223701477,0.49753695726394653,0.6339901685714722
YHR065C,YEL046C,0,-3.4723554,0.07274036854505539,0.49753695726394653,0.6342364549636841
YGR133W,YDR293C,0,-3.4738405,0.0727141797542572,0.49753695726394653,0.634482741355896
YOL097C,YJL154C,0,-3.4753447,0.0726880207657814,0.49753695726394653,0.6347290873527527
YJL099W,YKR046C,0,-3.4755225,0.0726618692278862,0.49753695726394653,0.6349753737449646
YML062C,YFL003C,1,-3.4764838,0.07299532741308212,0.5,0.6349753737449646
YPL072W,YGR140W,0,-3.4766858,0.07296908646821976,0.5,0.6352216601371765
YKL188C,YNR032W,0,-3.4767606,0.07294286787509918,0.5,0.6354680061340332
YBR171W,YNR032W,0,-3.4772904,0.0729166641831398,0.5,0.6357142925262451
YLR138W,YLR002C,0,-3.4792984,0.07289048284292221,0.5,0.635960578918457
YBR073W,YOR368W,1,-3.4793797,0.07322325557470322,0.5024630427360535,0.635960578918457
YPL190C,YJR125C,0,-3.480109,0.07319698482751846,0.5024630427360535,0.6362069249153137
YOR115C,YER118C,0,-3.480273,0.0731707289814949,0.5024630427360535,0.6364532113075256
YPR164W,YPL015C,1,-3.4805286,0.0735030472278595,0.5049260854721069,0.6364532113075256
YMR014W,YDR264C,0,-3.4816668,0.07347670197486877,0.5049260854721069,0.6366994976997375
YOR354C,YPR164W,1,-3.483145,0.07380867004394531,0.5073891878128052,0.6366994976997375
YNL139C,YOL068C,1,-3.4849715,0.07414039969444275,0.5098522305488586,0.6366994976997375
YLR410W,YMR162C,0,-3.4851763,0.07411385327577591,0.5098522305488586,0.6369457840919495
YKL176C,YHR196W,0,-3.4858136,0.07408732920885086,0.5098522305488586,0.6371921300888062
YPL211W,YMR278W,0,-3.4866028,0.074060820043087,0.5098522305488586,0.6374384164810181
YOL006C,YFL003C,1,-3.487232,0.07439199090003967,0.5123152732849121,0.6374384164810181
YJL159W,YJL093C,0,-3.488715,0.07436539232730865,0.5123152732849121,0.63768470287323
YCR071C,YDL191W,0,-3.4887342,0.07433881610631943,0.5123152732849121,0.6379310488700867
YML130C,YIL023C,0,-3.4888544,0.0743122547864914,0.5123152732849121,0.6381773352622986
YLR405W,YLR095C,0,-3.4910738,0.07428571581840515,0.5123152732849121,0.6384236216545105
YGL156W,YIL031W,0,-3.4912956,0.0742591917514801,0.5123152732849121,0.6386699676513672
YPR061C,YJR099W,0,-3.4916933,0.07423269003629684,0.5123152732849121,0.6389162540435791
YKL127W,YMR024W,0,-3.492317,0.07420621067285538,0.5123152732849121,0.639162540435791
YJR091C,YKR087C,0,-3.4924061,0.0741797462105751,0.5123152732849121,0.6394088864326477
YGR195W,YPL124W,0,-3.4924994,0.07415329664945602,0.5123152732849121,0.6396551728248596
YOR339C,YLR119W,0,-3.493282,0.07412686944007874,0.5123152732849121,0.6399014592170715
YOR149C,YGR090W,0,-3.4939692,0.07410046458244324,0.5123152732849121,0.6401478052139282
YHR084W,YDR264C,0,-3.4940999,0.07407407462596893,0.5123152732849121,0.6403940916061401
YGR163W,YNL093W,0,-3.4946823,0.07404770702123642,0.5123152732849121,0.640640377998352
YGR096W,YFL002C,0,-3.4947135,0.0740213543176651,0.5123152732849121,0.6408867239952087
YIR022W,YNL152W,0,-3.4965236,0.07399501651525497,0.5123152732849121,0.6411330103874207
YOR234C,YDL188C,0,-3.5021317,0.07396870851516724,0.5123152732849121,0.6413792967796326
YJR091C,YPL069C,0,-3.5041502,0.0739424079656601,0.5123152732849121,0.6416256427764893
YHR079C-A,YBR136W,1,-3.5048864,0.07427150011062622,0.5147783160209656,0.6416256427764893
YMR135C,YLR226W,0,-3.5050151,0.07424511760473251,0.5147783160209656,0.6418719291687012
YDR540C,YIL015W,0,-3.505338,0.07421875,0.5147783160209656,0.6421182155609131
YJL159W,YIL114C,0,-3.506,0.07419240474700928,0.5147783160209656,0.6423645615577698
YHR141C,YDR519W,0,-3.5060668,0.07416607439517975,0.5147783160209656,0.6426108479499817
YBR217W,YOR094W,0,-3.506551,0.07413976639509201,0.5147783160209656,0.6428571343421936
YHL007C,YBR302C,0,-3.509366,0.07411347329616547,0.5147783160209656,0.6431034207344055
YPR181C,YIL110W,0,-3.5101898,0.07408720254898071,0.5147783160209656,0.6433497667312622
YFR051C,YIL162W,0,-3.510831,0.07406094670295715,0.5147783160209656,0.6435960531234741
YNR023W,YML110C,0,-3.5117373,0.07403471320867538,0.5147783160209656,0.643842339515686
YDR519W,YNL037C,0,-3.5132377,0.0740085020661354,0.5147783160209656,0.6440886855125427
YKR067W,YPR065W,0,-3.5136974,0.07398229837417603,0.5147783160209656,0.6443349719047546
YGL043W,YOR035C,1,-3.514683,0.07430998235940933,0.517241358757019,0.6443349719047546
YPR181C,YIL103W,0,-3.515628,0.07428368926048279,0.517241358757019,0.6445812582969666
YDR180W,YOR368W,1,-3.5159523,0.07461103051900864,0.5197044610977173,0.6445812582969666
YPR023C,YMR121C,0,-3.516955,0.07458465546369553,0.5197044610977173,0.6448276042938232
YIL023C,YPR094W,0,-3.5171287,0.0745583027601242,0.5197044610977173,0.6450738906860352
YJL063C,YCR066W,0,-3.5176535,0.07453196495771408,0.5197044610977173,0.6453201770782471
YGL224C,YNL224C,0,-3.5177786,0.07450564950704575,0.5197044610977173,0.6455665230751038
YNL139C,YBR136W,1,-3.5179865,0.07483233511447906,0.5221675038337708,0.6455665230751038
YBR077C,YKR001C,0,-3.5183342,0.07480593025684357,0.5221675038337708,0.6458128094673157
YJL204C,YJR014W,0,-3.5187778,0.07477954030036926,0.5221675038337708,0.6460590958595276
YBR132C,YER169W,0,-3.5190916,0.07475317269563675,0.5221675038337708,0.6463054418563843
YNR054C,YNL083W,0,-3.5202322,0.07472682744264603,0.5221675038337708,0.6465517282485962
YLR070C,YOL060C,0,-3.5209773,0.0747004896402359,0.5221675038337708,0.6467980146408081
YNL124W,YNR032W,0,-3.5212946,0.07467418164014816,0.5221675038337708,0.6470443606376648
YGR195W,YIL010W,0,-3.5221179,0.07464788854122162,0.5221675038337708,0.6472906470298767
YGL099W,YBL003C,0,-3.522474,0.07462161034345627,0.5221675038337708,0.6475369334220886
YGL086W,YBR221C,0,-3.5229416,0.07459535449743271,0.5221675038337708,0.6477832794189453
YIL049W,YPL242C,0,-3.5244684,0.07456911355257034,0.5221675038337708,0.6480295658111572
YHL013C,YKR087C,0,-3.525036,0.07454289495944977,0.5221675038337708,0.6482758522033691
YHR187W,YML126C,0,-3.5253322,0.07451669871807098,0.5221675038337708,0.648522138595581
YPR165W,YKL157W,0,-3.5258307,0.0744905099272728,0.5221675038337708,0.6487684845924377
YPR201W,YJL100W,0,-3.5261247,0.074464350938797,0.5221675038337708,0.6490147709846497
YBR018C,YOR077W,0,-3.5270343,0.0744381994009018,0.5221675038337708,0.6492610573768616
YKL025C,YPL212C,0,-3.5276682,0.07441207766532898,0.5221675038337708,0.6495074033737183
YAL047C,YLR003C,0,-3.5317552,0.07438596338033676,0.5221675038337708,0.6497536897659302
YCR034W,YML072C,0,-3.5320296,0.07435987144708633,0.5221675038337708,0.6499999761581421
YER001W,YGR280C,0,-3.532902,0.0743338018655777,0.5221675038337708,0.6502463221549988
YOR007C,YBR135W,0,-3.533004,0.07430774718523026,0.5221675038337708,0.6504926085472107
YOR056C,YML024W,0,-3.5338066,0.074281707406044,0.5221675038337708,0.6507388949394226
YPL132W,YNL106C,0,-3.5340421,0.07425568997859955,0.5221675038337708,0.6509852409362793
YOR231W,YLR119W,0,-3.534619,0.07422969490289688,0.5221675038337708,0.6512315273284912
YJL204C,YNL299W,0,-3.5352414,0.07420370727777481,0.5221675038337708,0.6514778137207031
YMR164C,YGR038W,0,-3.5358374,0.07417774945497513,0.5221675038337708,0.6517241597175598
YDR446W,YJL047C,1,-3.536639,0.07450157403945923,0.5246305465698242,0.6517241597175598
YJR043C,YGL022W,0,-3.5368626,0.07447552680969238,0.5246305465698242,0.6519704461097717
YBR228W,YOR197W,0,-3.5370855,0.07444949448108673,0.5246305465698242,0.6522167325019836
YJL209W,YLR399C,0,-3.5380743,0.07442347705364227,0.5246305465698242,0.6524630784988403
YKL008C,YHR043C,0,-3.5381992,0.0743974819779396,0.5246305465698242,0.6527093648910522
YNL090W,YFL034C-B,0,-3.538356,0.07437150925397873,0.5246305465698242,0.6529556512832642
YGL038C,YML111W,0,-3.5383682,0.07434555143117905,0.5246305465698242,0.6532019972801208
YDR216W,YOR017W,0,-3.538596,0.07431960850954056,0.5246305465698242,0.6534482836723328
YBL066C,YDR538W,0,-3.5389874,0.07429368793964386,0.5246305465698242,0.6536945700645447
YFL008W,YKL157W,0,-3.539212,0.07426778227090836,0.5246305465698242,0.6539409160614014
YML066C,YHR084W,0,-3.5396464,0.07424189895391464,0.5246305465698242,0.6541872024536133
YML058W,YOR360C,0,-3.539868,0.07421603053808212,0.5246305465698242,0.6544334888458252
YOR144C,YBR098W,1,-3.539984,0.07453849166631699,0.5270935893058777,0.6544334888458252
YER141W,YPL128C,0,-3.540059,0.0745125338435173,0.5270935893058777,0.6546797752380371
YNL139C,YGL043W,1,-3.5418508,0.0748346671462059,0.5295566320419312,0.6546797752380371
YGL023C,YDR346C,0,-3.5431283,0.07480862736701965,0.5295566320419312,0.6549261212348938
YOR229W,YNL252C,0,-3.5435128,0.0747826099395752,0.5295566320419312,0.6551724076271057
YLR133W,YGL012W,0,-3.5436666,0.07475660741329193,0.5295566320419312,0.6554186940193176
YNL021W,YGR231C,0,-3.5439775,0.07473061978816986,0.5295566320419312,0.6556650400161743
YAR014C,YML065W,0,-3.5443091,0.07470465451478958,0.5295566320419312,0.6559113264083862
YDR156W,YER166W,0,-3.544651,0.07467871159315109,0.5295566320419312,0.6561576128005981
YML066C,YPL046C,0,-3.5455446,0.0746527761220932,0.5295566320419312,0.6564039587974548
YNL245C,YMR231W,0,-3.546328,0.0746268630027771,0.5295566320419312,0.6566502451896667
YKL211C,YDL058W,0,-3.5465746,0.07460097223520279,0.5295566320419312,0.6568965315818787
YDL194W,YML065W,0,-3.5469606,0.07457509636878967,0.5295566320419312,0.6571428775787354
YGR140W,YPL266W,0,-3.549329,0.07454923540353775,0.5295566320419312,0.6573891639709473
YOL110W,YKL035W,0,-3.5493486,0.07452339679002762,0.5295566320419312,0.6576354503631592
YIL131C,YDL150W,0,-3.5501535,0.07449757307767868,0.5295566320419312,0.6578817963600159
YKL046C,YNL256W,0,-3.5512872,0.07447177171707153,0.5295566320419312,0.6581280827522278
YGR198W,YMR305C,0,-3.5520523,0.07444598525762558,0.5295566320419312,0.6583743691444397
YNL197C,YOR303W,0,-3.5522497,0.07442021369934082,0.5295566320419312,0.6586207151412964
YNL257C,YMR068W,0,-3.5529296,0.07439446449279785,0.5295566320419312,0.6588670015335083
YBR073W,YNL139C,1,-3.5530825,0.07471463084220886,0.5320196747779846,0.6588670015335083
YBL042C,YML072C,0,-3.5535343,0.07468879967927933,0.5320196747779846,0.6591132879257202
YHL001W,YPR140W,0,-3.5539389,0.07466297596693039,0.5320196747779846,0.6593596339225769
YDR153C,YOR188W,0,-3.5555158,0.07463718205690384,0.5320196747779846,0.6596059203147888
YNL139C,YPR164W,1,-3.5560791,0.07495681941509247,0.5344827771186829,0.6596059203147888
YHR134W,YBR186W,0,-3.5567532,0.07493093609809875,0.5344827771186829,0.6598522067070007
YLR240W,YGL145W,0,-3.5590017,0.07490507513284683,0.5344827771186829,0.6600984930992126
YPL023C,YLR002C,0,-3.5592577,0.0748792290687561,0.5344827771186829,0.6603448390960693
YMR121C,YGR132C,0,-3.5594056,0.07485339790582657,0.5344827771186829,0.6605911254882812
YGR240C,YPR140W,0,-3.5595016,0.07482758909463882,0.5344827771186829,0.6608374118804932
YOL115W,YML121W,0,-3.5601604,0.07480179518461227,0.5344827771186829,0.6610837578773499
YKR060W,YDL064W,0,-3.56029,0.07477601617574692,0.5344827771186829,0.6613300442695618
YML038C,YGR013W,0,-3.5606802,0.07475025951862335,0.5344827771186829,0.6615763306617737
YGL044C,YPL192C,0,-3.560979,0.07472451776266098,0.5344827771186829,0.6618226766586304
YPL057C,YHR026W,0,-3.5616233,0.0746987983584404,0.5344827771186829,0.6620689630508423
YMR197C,YJR002W,0,-3.5632484,0.07467309385538101,0.5344827771186829,0.6623152494430542
YBR258C,YMR323W,0,-3.5639606,0.07464740425348282,0.5344827771186829,0.6625615954399109
YBR152W,YKL220C,0,-3.5660253,0.07462172955274582,0.5344827771186829,0.6628078818321228
YOR234C,YER122C,0,-3.5660768,0.07459608465433121,0.5344827771186829,0.6630541682243347
YLR144C,YGR271C-A,0,-3.5674984,0.07457044720649719,0.5344827771186829,0.6633005142211914
YMR154C,YBL019W,0,-3.5676148,0.07454483211040497,0.5344827771186829,0.6635468006134033
YOR371C,YCL011C,0,-3.5680437,0.07451923191547394,0.5344827771186829,0.6637930870056152
YKL188C,YBR104W,0,-3.5691073,0.0744936466217041,0.5344827771186829,0.6640394330024719
YER183C,YHR019C,0,-3.570202,0.07446808367967606,0.5344827771186829,0.6642857193946838
YBL006C,YMR277W,0,-3.5704873,0.0744425356388092,0.5344827771186829,0.6645320057868958
YOR030W,YER094C,0,-3.5707798,0.07441700994968414,0.5344827771186829,0.6647783517837524
YPR164W,YML062C,1,-3.5709226,0.07473431527614594,0.5369458198547363,0.6647783517837524
YMR214W,YOR190W,0,-3.5712066,0.07470870763063431,0.5369458198547363,0.6650246381759644
YBR021W,YNL106C,0,-3.571365,0.07468310743570328,0.5369458198547363,0.6652709245681763
YOR354C,YBR098W,1,-3.5729725,0.07500000298023224,0.5394088625907898,0.6652709245681763
YER146W,YDL174C,0,-3.5743163,0.07497432082891464,0.5394088625907898,0.665517270565033
YOR188W,YOR205C,0,-3.5744355,0.07494866847991943,0.5394088625907898,0.6657635569572449
YKR060W,YMR214W,0,-3.5749936,0.07492302358150482,0.5394088625907898,0.6660098433494568
YDL232W,YBR186W,0,-3.5754316,0.074897401034832,0.5394088625907898,0.6662561297416687
YOR229W,YJL115W,0,-3.575567,0.07487179338932037,0.5394088625907898,0.6665024757385254
YHR019C,YPR112C,0,-3.5766275,0.07484620809555054,0.5394088625907898,0.6667487621307373
YOL091W,YOR371C,0,-3.5770953,0.0748206377029419,0.5394088625907898,0.6669950485229492
YNL300W,YLR110C,0,-3.5771134,0.07479508221149445,0.5394088625907898,0.6672413945198059
YDR119W,YLR003C,0,-3.5779917,0.07476954907178879,0.5394088625907898,0.6674876809120178
YJL042W,YJR043C,0,-3.5783033,0.07474403083324432,0.5394088625907898,0.6677339673042297
YIL049W,YKR042W,0,-3.5796201,0.07471852749586105,0.5394088625907898,0.6679803133010864
YOL001W,YKL084W,0,-3.579826,0.07469303905963898,0.5394088625907898,0.6682265996932983
YLR034C,YER073W,0,-3.580686,0.07466757297515869,0.5394088625907898,0.6684728860855103
YGR109C,YPL255W,0,-3.5815902,0.0746421292424202,0.5394088625907898,0.6687192320823669
YLR110C,YER074W-A,0,-3.5860562,0.0746166929602623,0.5394088625907898,0.6689655184745789
YLR116W,YLR376C,0,-3.5867975,0.07459127902984619,0.5394088625907898,0.6692118048667908
YNL186W,YOR231W,0,-3.5869231,0.07456588000059128,0.5394088625907898,0.6694581508636475
YJL210W,YBR057C,0,-3.587017,0.07454050332307816,0.5394088625907898,0.6697044372558594
YLR002C,YHR083W,0,-3.5871894,0.07451514154672623,0.5394088625907898,0.6699507236480713
YPR018W,YLR066W,0,-3.5873137,0.07448979467153549,0.5394088625907898,0.670197069644928
YBR216C,YML114C,0,-3.589591,0.07446447014808655,0.5394088625907898,0.6704433560371399
YER065C,YJR067C,0,-3.591767,0.0744391605257988,0.5394088625907898,0.6706896424293518
YDL002C,YIR028W,0,-3.59233,0.07441386580467224,0.5394088625907898,0.6709359884262085
YKR098C,YIL017C,0,-3.5931003,0.07438858598470688,0.5394088625907898,0.6711822748184204
YOL089C,YOR153W,0,-3.5949109,0.0743633285164833,0.5394088625907898,0.6714285612106323
YDL004W,YBL071W-A,0,-3.5949554,0.07433808594942093,0.5394088625907898,0.6716748476028442
YMR021C,YCR042C,0,-3.5954704,0.07431285828351974,0.5394088625907898,0.6719211935997009
YGL038C,YJL076W,0,-3.5959802,0.07428765296936035,0.5394088625907898,0.6721674799919128
YOL077W-A,YGR231C,0,-3.596171,0.07426246255636215,0.5394088625907898,0.6724137663841248
YML029W,YMR083W,0,-3.596588,0.07423728704452515,0.5394088625907898,0.6726601123809814
YKL092C,YMR162C,0,-3.5968378,0.07421213388442993,0.5394088625907898,0.6729063987731934
YNL154C,YBR088C,0,-3.5980065,0.07418698817491531,0.5394088625907898,0.6731526851654053
YDL002C,YLR378C,0,-3.5981905,0.07416187226772308,0.5394088625907898,0.673399031162262
YJL209W,YBR167C,0,-3.598549,0.07413676381111145,0.5394088625907898,0.6736453175544739
YBR298C,YJL093C,0,-3.5987456,0.07411167770624161,0.5394088625907898,0.6738916039466858
YPL242C,YNR032W,0,-3.5987709,0.07408660650253296,0.5394088625907898,0.6741379499435425
YLR069C,YHR062C,0,-3.5989597,0.0740615501999855,0.5394088625907898,0.6743842363357544
YLR423C,YGR261C,0,-3.5996368,0.07403650879859924,0.5394088625907898,0.6746305227279663
YOR144C,YPR164W,1,-3.600418,0.07434944063425064,0.5418719053268433,0.6746305227279663
YGR090W,YHR034C,0,-3.6004827,0.07432432472705841,0.5418719053268433,0.674876868724823
YPL211W,YHR141C,0,-3.6007073,0.07429922372102737,0.5418719053268433,0.6751231551170349
YOR284W,YKL193C,0,-3.600716,0.07427413761615753,0.5418719053268433,0.6753694415092468
YGL134W,YNR026C,0,-3.6012895,0.07424907386302948,0.5418719053268433,0.6756157875061035
YPL132W,YLR453C,0,-3.6017516,0.07422402501106262,0.5418719053268433,0.6758620738983154
YDR163W,YIL129C,0,-3.6017945,0.07419899106025696,0.5418719053268433,0.6761083602905273
YHR079C-A,YOR035C,1,-3.6021037,0.07451112568378448,0.5443349480628967,0.6761083602905273
YKL209C,YBR154C,0,-3.6021144,0.07448600977659225,0.5443349480628967,0.676354706287384
YKL211C,YAL047C,0,-3.6037934,0.07446091622114182,0.5443349480628967,0.676600992679596
YPR185W,YJR017C,0,-3.6040835,0.07443583756685257,0.5443349480628967,0.6768472790718079
YGL250W,YCL038C,0,-3.6052186,0.07441077381372452,0.5443349480628967,0.6770936250686646
YBL016W,YPR082C,0,-3.6064804,0.07438573241233826,0.5443349480628967,0.6773399114608765
YPR061C,YNL224C,0,-3.607922,0.07436069846153259,0.5443349480628967,0.6775861978530884
YLR332W,YGL044C,0,-3.6086156,0.07433568686246872,0.5443349480628967,0.6778324842453003
YMR268C,YDL236W,0,-3.6091738,0.07431069016456604,0.5443349480628967,0.678078830242157
YPR164W,YOR368W,1,-3.609976,0.07462184876203537,0.546798050403595,0.678078830242157
YDL232W,YKL055C,0,-3.6101723,0.07459677755832672,0.546798050403595,0.6783251166343689
YDR006C,YNL083W,0,-3.6102078,0.07457171380519867,0.546798050403595,0.6785714030265808
YFL034C-B,YOR336W,0,-3.6113284,0.07454667240381241,0.546798050403595,0.6788177490234375
YLR376C,YDL052C,0,-3.612323,0.07452165335416794,0.546798050403595,0.6790640354156494
YJL137C,YOR188W,0,-3.6128182,0.07449664175510406,0.546798050403595,0.6793103218078613
YDR113C,YGL043W,1,-3.613413,0.07480711489915848,0.5492610931396484,0.6793103218078613
YML114C,YGL187C,0,-3.6135275,0.07478202879428864,0.5492610931396484,0.679556667804718
YOR141C,YNL152W,0,-3.6135957,0.07475695759057999,0.5492610931396484,0.6798029541969299
YPL211W,YOR149C,0,-3.6139133,0.07473190128803253,0.5492610931396484,0.6800492405891418
YGR249W,YJR019C,0,-3.6139324,0.07470686733722687,0.5492610931396484,0.6802955865859985
YKL055C,YOR083W,0,-3.6141832,0.0746818482875824,0.5492610931396484,0.6805418729782104
YPL086C,YBL027W,0,-3.615101,0.07465684413909912,0.5492610931396484,0.6807881593704224
YNL264C,YLR372W,0,-3.615414,0.07463186234235764,0.5492610931396484,0.681034505367279
YHR079C-A,YMR190C,1,-3.616865,0.07494144886732101,0.5517241358757019,0.681034505367279
YPR107C,YDR051C,0,-3.6174796,0.07491638511419296,0.5517241358757019,0.681280791759491
YJL184W,YHR084W,0,-3.6179774,0.0748913437128067,0.5517241358757019,0.6815270781517029
YML025C,YJL138C,0,-3.6188533,0.07486630976200104,0.5517241358757019,0.6817734241485596
YMR060C,YGL179C,0,-3.6200273,0.07484129816293716,0.5517241358757019,0.6820197105407715
YLR340W,YOL077W-A,0,-3.6200817,0.07481630146503448,0.5517241358757019,0.6822659969329834
YDL188C,YPL181W,0,-3.620341,0.074791319668293,0.5517241358757019,0.6825123429298401
YHR039C,YGL043W,1,-3.6224806,0.0751001313328743,0.5541871786117554,0.6825123429298401
YIR022W,YNL075W,0,-3.6226492,0.07507507503032684,0.5541871786117554,0.682758629322052
YPR104C,YJR077C,0,-3.6237586,0.07505003362894058,0.5541871786117554,0.6830049157142639
YNL088W,YPR164W,1,-3.6240501,0.07535845041275024,0.5566502213478088,0.6830049157142639
YBR073W,YOR144C,1,-3.624256,0.07566666603088379,0.5591133236885071,0.6830049157142639
YOR028C,YNR049C,0,-3.6243372,0.0756414532661438,0.5591133236885071,0.6832512021064758
YBR083W,YOR064C,0,-3.6264267,0.075616255402565,0.5591133236885071,0.6834975481033325
YOR094W,YHR098C,0,-3.6265216,0.0755910724401474,0.5591133236885071,0.6837438344955444
YMR214W,YPR009W,0,-3.6268413,0.07556591182947159,0.5591133236885071,0.6839901208877563
YDR354W,YAL009W,0,-3.627394,0.07554076611995697,0.5591133236885071,0.684236466884613
YPL164C,YNL139C,1,-3.6278455,0.0758483037352562,0.5615763664245605,0.684236466884613
YNL071W,YJL050W,0,-3.6281698,0.07582307606935501,0.5615763664245605,0.684482753276825
YGR183C,YGL013C,0,-3.628495,0.07579787075519562,0.5615763664245605,0.6847290396690369
YML064C,YKR098C,0,-3.6290827,0.07577268034219742,0.5615763664245605,0.6849753856658936
YIL023C,YML007W,0,-3.631145,0.07574750483036041,0.5615763664245605,0.6852216720581055
YCL038C,YIR008C,0,-3.6318867,0.0757223516702652,0.5615763664245605,0.6854679584503174
YIL044C,YMR271C,0,-3.632681,0.07569721341133118,0.5615763664245605,0.6857143044471741
YOR133W,YGL077C,0,-3.6328824,0.07567209005355835,0.5615763664245605,0.685960590839386
YNL125C,YMR083W,0,-3.6335151,0.07564698159694672,0.5615763664245605,0.6862068772315979
YBR098W,YOL068C,1,-3.6335318,0.07595356553792953,0.564039409160614,0.6862068772315979
YMR119W,YOR190W,0,-3.6345396,0.07592838257551193,0.564039409160614,0.6864532232284546
YKL127W,YLL036C,0,-3.634565,0.07590321451425552,0.564039409160614,0.6866995096206665
YAL047C,YPL266W,0,-3.6346443,0.07587806135416031,0.564039409160614,0.6869457960128784
YBR102C,YNL030W,0,-3.6355183,0.07585293054580688,0.564039409160614,0.6871921420097351
YML010W,YHR166C,0,-3.635568,0.07582781463861465,0.564039409160614,0.687438428401947
YLR431C,YPL128C,0,-3.6370628,0.07580271363258362,0.564039409160614,0.6876847147941589
YHR063C,YOL060C,0,-3.6370704,0.07577762752771378,0.564039409160614,0.6879310607910156
YNL071W,YAL047C,0,-3.63847,0.07575256377458572,0.564039409160614,0.6881773471832275
YER018C,YKL211C,0,-3.6386077,0.07572751492261887,0.564039409160614,0.6884236335754395
YLR242C,YHR091C,0,-3.6392992,0.0757024809718132,0.564039409160614,0.6886699795722961
YLR272C,YNL152W,0,-3.643502,0.07567746192216873,0.564039409160614,0.6889162659645081
YDL042C,YKL120W,0,-3.6460783,0.07565245777368546,0.564039409160614,0.68916255235672
YOR368W,YMR106C,1,-3.6460907,0.07595773041248322,0.5665024518966675,0.68916255235672
YDR488C,YKL084W,0,-3.6497838,0.07593265175819397,0.5665024518966675,0.6894088387489319
YJL210W,YGR091W,0,-3.6504772,0.07590758800506592,0.5665024518966675,0.6896551847457886
YCR068W,YMR268C,0,-3.650871,0.07588254660367966,0.5665024518966675,0.6899014711380005
YKR010C,YDL174C,0,-3.6516325,0.07585752010345459,0.5665024518966675,0.6901477575302124
YJR095W,YKL065C,0,-3.6517382,0.07583250850439072,0.5665024518966675,0.6903941035270691
YBR244W,YOR245C,0,-3.652807,0.07580751180648804,0.5665024518966675,0.690640389919281
YPR079W,YNL047C,0,-3.6532497,0.07578253746032715,0.5665024518966675,0.6908866763114929
YHR039C,YOL068C,1,-3.653571,0.07608695328235626,0.568965494632721,0.6908866763114929
YKL184W,YDL174C,0,-3.6537266,0.0760619044303894,0.568965494632721,0.6911330223083496
YDL165W,YNL087W,0,-3.653826,0.07603686302900314,0.568965494632721,0.6913793087005615
YGL131C,YPL046C,0,-3.654591,0.07601184397935867,0.568965494632721,0.6916255950927734
YPL268W,YCL011C,0,-3.6551523,0.0759868398308754,0.568965494632721,0.6918719410896301
YDR104C,YKL193C,0,-3.6553037,0.07596185803413391,0.568965494632721,0.692118227481842
YGL134W,YOL077W-A,0,-3.6571722,0.07593688368797302,0.568965494632721,0.692364513874054
YLR155C,YNL224C,0,-3.6581476,0.07591193169355392,0.568965494632721,0.6926108598709106
YOR354C,YMR167W,1,-3.6581552,0.07621550559997559,0.5714285969734192,0.6926108598709106
YPR020W,YER021W,0,-3.6591575,0.07619047909975052,0.5714285969734192,0.6928571462631226
YPL237W,YLR410W,0,-3.65916,0.07616546005010605,0.5714285969734192,0.6931034326553345
YLR274W,YJR019C,0,-3.6599152,0.07614046335220337,0.5714285969734192,0.6933497786521912
YJR091C,YLR431C,0,-3.660544,0.07611548900604248,0.5714285969734192,0.6935960650444031
YDR462W,YNL299W,0,-3.6616037,0.07609052211046219,0.5714285969734192,0.693842351436615
YOL008W,YER170W,0,-3.661678,0.07606557011604309,0.5714285969734192,0.6940886974334717
YGR068C,YDR324C,0,-3.6627605,0.07604064047336578,0.5714285969734192,0.6943349838256836
YBR280C,YGL013C,0,-3.6633947,0.07601572573184967,0.5714285969734192,0.6945812702178955
YDL064W,YKR086W,0,-3.6643097,0.07599082589149475,0.5714285969734192,0.6948275566101074
YAR050W,YCR033W,0,-3.6643455,0.07596594840288162,0.5714285969734192,0.6950739026069641
YJL047C,YBR136W,1,-3.6646068,0.07626841217279434,0.5738916397094727,0.6950739026069641
YHL007C,YMR236W,0,-3.6646376,0.07624345272779465,0.5738916397094727,0.695320188999176
YBR132C,YDR206W,0,-3.665934,0.07621851563453674,0.5738916397094727,0.6955664753913879
YIL015W,YCR048W,0,-3.6660063,0.07619359344244003,0.5738916397094727,0.6958128213882446
YML069W,YHR019C,0,-3.6664531,0.07616868615150452,0.5738916397094727,0.6960591077804565
YGR157W,YNL229C,0,-3.6665268,0.0761437937617302,0.5738916397094727,0.6963053941726685
YDR027C,YBR008C,0,-3.6674712,0.07611891627311707,0.5738916397094727,0.6965517401695251
YPL005W,YKL012W,0,-3.6680481,0.07609405368566513,0.5738916397094727,0.6967980265617371
YKL160W,YPL128C,0,-3.6681302,0.07606921344995499,0.5738916397094727,0.697044312953949
YIL049W,YER075C,0,-3.6681478,0.07604438811540604,0.5738916397094727,0.6972906589508057
YPL217C,YLR051C,0,-3.6686742,0.07601957768201828,0.5738916397094727,0.6975369453430176
YLR027C,YMR029C,0,-3.668889,0.07599478214979172,0.5738916397094727,0.6977832317352295
YHR124W,YNL275W,0,-3.6691253,0.07597000151872635,0.5738916397094727,0.6980295777320862
YBR210W,YJR077C,0,-3.669778,0.07594524323940277,0.5738916397094727,0.6982758641242981
YNL082W,YGR249W,0,-3.6701906,0.07592049241065979,0.5738916397094727,0.69852215051651
YKL208W,YDR267C,0,-3.6705546,0.0758957639336586,0.5738916397094727,0.6987684965133667
YHL002W,YOL001W,0,-3.671426,0.0758710503578186,0.5738916397094727,0.6990147829055786
YKR024C,YOR245C,0,-3.6720676,0.0758463516831398,0.5738916397094727,0.6992610692977905
YDR113C,YBR098W,1,-3.6727297,0.07614708691835403,0.5763546824455261,0.6992610692977905
YGL250W,YIL010W,0,-3.6728337,0.07612231373786926,0.5763546824455261,0.6995074152946472
YOR007C,YNL152W,0,-3.6731884,0.07609756290912628,0.5763546824455261,0.6997537016868591
YHR188C,YOR058C,0,-3.6741354,0.0760728195309639,0.5763546824455261,0.699999988079071
YJL203W,YDL236W,0,-3.674208,0.0760480985045433,0.5763546824455261,0.7002463340759277
YGL001C,YHR063C,0,-3.6742556,0.0760233923792839,0.5763546824455261,0.7004926204681396
YIL121W,YLR155C,0,-3.6753747,0.0759987011551857,0.5763546824455261,0.7007389068603516
YOL006C,YPR164W,1,-3.6756356,0.07629869878292084,0.5788177251815796,0.7007389068603516
YJR044C,YML010W,0,-3.6770887,0.07627394050359726,0.5788177251815796,0.7009851932525635
YHR183W,YCR088W,0,-3.6774647,0.07624918967485428,0.5788177251815796,0.7012315392494202
YDR180W,YML062C,1,-3.6795857,0.07654881477355957,0.5812807679176331,0.7012315392494202
YIL066C,YJL091C,0,-3.6798074,0.07652399688959122,0.5812807679176331,0.7014778256416321
YGL038C,YKL127W,0,-3.6800542,0.07649918645620346,0.5812807679176331,0.701724112033844
YDR354W,YPR052C,0,-3.6806514,0.0764743983745575,0.5812807679176331,0.7019704580307007
YKL220C,YPL057C,0,-3.6821117,0.07644962519407272,0.5812807679176331,0.7022167444229126
YBR167C,YKR025W,0,-3.682789,0.07642486691474915,0.5812807679176331,0.7024630308151245
YOR144C,YMR106C,1,-3.6828706,0.0767238587141037,0.5837438702583313,0.7024630308151245
YJL207C,YMR024W,0,-3.6839035,0.07669902592897415,0.5837438702583313,0.7027093768119812
YNR023W,YOR190W,0,-3.6851883,0.0766742154955864,0.5837438702583313,0.7029556632041931
YHR072W,YOR375C,0,-3.6854713,0.07664941996335983,0.5837438702583313,0.703201949596405
YER183C,YFL002C,0,-3.685806,0.07662463933229446,0.5837438702583313,0.7034482955932617
YHR039C,YPL015C,1,-3.6861045,0.07692307978868484,0.5862069129943848,0.7034482955932617
YGR172C,YPL008W,0,-3.6863816,0.07689822465181351,0.5862069129943848,0.7036945819854736
YML029W,YNL197C,0,-3.6873841,0.07687338441610336,0.5862069129943848,0.7039408683776855
YDL212W,YGR271C-A,0,-3.6874,0.07684856653213501,0.5862069129943848,0.7041872143745422
YLR138W,YLR035C,0,-3.688924,0.07682375609874725,0.5862069129943848,0.7044335007667542
YNL264C,YBR127C,0,-3.689357,0.07679896801710129,0.5862069129943848,0.7046797871589661
YER019W,YNL125C,0,-3.6894715,0.07677419483661652,0.5862069129943848,0.7049261331558228
YOL006C,YBR136W,1,-3.6907933,0.077071912586689,0.5886699557304382,0.7049261331558228
YDR214W,YOR130C,0,-3.6915307,0.07704706490039825,0.5886699557304382,0.7051724195480347
YLR128W,YML058W,0,-3.69292,0.0770222395658493,0.5886699557304382,0.7054187059402466
YPL005W,YPR066W,0,-3.6941664,0.07699742168188095,0.5886699557304382,0.7056650519371033
YFL050C,YEL047C,0,-3.6957426,0.07697262614965439,0.5886699557304382,0.7059113383293152
YOR368W,YMR167W,1,-3.6960719,0.07726980000734329,0.5911329984664917,0.7059113383293152
YFR009W,YKL167C,0,-3.696151,0.07724492996931076,0.5911329984664917,0.7061576247215271
YBR280C,YBR008C,0,-3.6966538,0.07722007483243942,0.5911329984664917,0.706403911113739
YER157W,YBR227C,0,-3.697865,0.07719524204730988,0.5911329984664917,0.7066502571105957
YCR097W,YIR010W,0,-3.6981246,0.07717041671276093,0.5911329984664917,0.7068965435028076
YER016W,YIL010W,0,-3.6993196,0.07714561372995377,0.5911329984664917,0.7071428298950195
YOR329C,YDL188C,0,-3.6995342,0.0771208256483078,0.5911329984664917,0.7073891758918762
YDR182W,YGL175C,0,-3.699794,0.07709605246782303,0.5911329984664917,0.7076354622840881
YPL211W,YOR198C,0,-3.7005434,0.07707129418849945,0.5911329984664917,0.7078817486763
YBR201W,YOR360C,0,-3.7012906,0.07704655081033707,0.5911329984664917,0.7081280946731567
YJL010C,YML019W,0,-3.7016625,0.07702182233333588,0.5911329984664917,0.7083743810653687
YCL010C,YMR113W,0,-3.7018545,0.07699711620807648,0.5911329984664917,0.7086206674575806
YPR058W,YDL161W,0,-3.7024357,0.07697241753339767,0.5911329984664917,0.7088670134544373
YDL103C,YNL047C,0,-3.7032235,0.07694774121046066,0.5911329984664917,0.7091132998466492
YBL042C,YBR021W,0,-3.7032907,0.07692307978868484,0.5911329984664917,0.7093595862388611
YHR115C,YLR256W,0,-3.7039745,0.07689843326807022,0.5911329984664917,0.7096059322357178
YKR060W,YAR014C,0,-3.7041807,0.07687380164861679,0.5911329984664917,0.7098522186279297
YHR115C,YPL266W,0,-3.7044394,0.07684918493032455,0.5911329984664917,0.7100985050201416
YLR342W,YGR074W,0,-3.7048597,0.07682458311319351,0.5911329984664917,0.7103448510169983
YMR135C,YER042W,0,-3.7056973,0.07680000364780426,0.5911329984664917,0.7105911374092102
YBR039W,YML022W,0,-3.706226,0.0767754316329956,0.5911329984664917,0.7108374238014221
YMR030W,YIL010W,0,-3.7073252,0.07675088196992874,0.5911329984664917,0.7110837697982788
YDL079C,YOL137W,0,-3.709348,0.07672633975744247,0.5911329984664917,0.7113300561904907
YOR256C,YPL255W,0,-3.709622,0.076701819896698,0.5911329984664917,0.7115763425827026
YFR042W,YPL023C,0,-3.7100155,0.07667731493711472,0.5911329984664917,0.7118226885795593
YMR030W,YFL008W,0,-3.7116578,0.07665282487869263,0.5911329984664917,0.7120689749717712
YGR068C,YHL022C,0,-3.712765,0.07662834972143173,0.5911329984664917,0.7123152613639832
YDR394W,YIL110W,0,-3.7129095,0.07660389691591263,0.5911329984664917,0.7125615477561951
YLR116W,YML121W,0,-3.7139142,0.07657945156097412,0.5911329984664917,0.7128078937530518
YBR179C,YKR042W,0,-3.7140753,0.07655502110719681,0.5911329984664917,0.7130541801452637
YEL004W,YLR453C,0,-3.717553,0.07653061300516129,0.5911329984664917,0.7133004665374756
YLR372W,YNL197C,0,-3.7190454,0.07650621980428696,0.5911329984664917,0.7135468125343323
YDR314C,YMR113W,0,-3.7193944,0.07648183405399323,0.5911329984664917,0.7137930989265442
YIL162W,YFL008W,0,-3.720363,0.07645747065544128,0.5911329984664917,0.7140393853187561
YOR144C,YNL312W,1,-3.7205417,0.07675158977508545,0.5935960412025452,0.7140393853187561
YJR090C,YEL063C,0,-3.7205582,0.07672715932130814,0.5935960412025452,0.7142857313156128
YGR038W,YJL115W,0,-3.7220557,0.07670273631811142,0.5935960412025452,0.7145320177078247
YBL040C,YEL003W,0,-3.723386,0.0766783356666565,0.5935960412025452,0.7147783041000366
YGR074W,YDL010W,0,-3.7238798,0.07665394246578217,0.5935960412025452,0.7150246500968933
YDL126C,YJL207C,0,-3.723998,0.07662957161664963,0.5935960412025452,0.7152709364891052
YDR079C-A,YJL203W,0,-3.7240658,0.07660521566867828,0.5935960412025452,0.7155172228813171
YHR104W,YML029W,0,-3.7255723,0.07658086717128754,0.5935960412025452,0.7157635688781738
YOR368W,YPL015C,1,-3.7255912,0.07687420397996902,0.5960590839385986,0.7157635688781738
YMR293C,YBR018C,0,-3.7261455,0.0768497958779335,0.5960590839385986,0.7160098552703857
YGR166W,YNL099C,0,-3.7267272,0.07682539522647858,0.5960590839385986,0.7162561416625977
YOL094C,YLR069C,0,-3.7282484,0.07680101692676544,0.5960590839385986,0.7165024876594543
YNL254C,YLR095C,0,-3.7302396,0.0767766460776329,0.5960590839385986,0.7167487740516663
YBR084C-A,YML072C,0,-3.7302558,0.07675229758024216,0.5960590839385986,0.7169950604438782
YBR293W,YLR319C,0,-3.732515,0.0767279639840126,0.5960590839385986,0.7172414064407349
YGL254W,YCR033W,0,-3.7325518,0.07670364528894424,0.5960590839385986,0.7174876928329468
YIR022W,YIL110W,0,-3.7327342,0.07667934149503708,0.5960590839385986,0.7177339792251587
YIR021W,YPL255W,0,-3.733331,0.07665505260229111,0.5960590839385986,0.7179803252220154
YPR025C,YNL256W,0,-3.7349217,0.07663077861070633,0.5960590839385986,0.7182266116142273
YML066C,YHL013C,0,-3.7349396,0.07660651952028275,0.5960590839385986,0.7184728980064392
YMR190C,YPL015C,1,-3.735047,0.0768987312912941,0.5985221862792969,0.7184728980064392
YHR072W,YJL154C,0,-3.735559,0.07687440514564514,0.5985221862792969,0.7187191843986511
YOR064C,YDL174C,0,-3.7361982,0.07685009390115738,0.5985221862792969,0.7189655303955078
YML066C,YHR115C,0,-3.7365918,0.07682579755783081,0.5985221862792969,0.7192118167877197
YLR342W,YNL256W,0,-3.7372892,0.07680151611566544,0.5985221862792969,0.7194581031799316
YLR388W,YLR022C,0,-3.7374375,0.07677724957466125,0.5985221862792969,0.7197044491767883
YDR324C,YML024W,0,-3.740542,0.07675299793481827,0.5985221862792969,0.7199507355690002
YGR152C,YDL207W,0,-3.740946,0.07672876864671707,0.5985221862792969,0.7201970219612122
YBR018C,YOR083W,0,-3.7420118,0.07670454680919647,0.5985221862792969,0.7204433679580688
YER183C,YPL266W,0,-3.7426822,0.07668033987283707,0.5985221862792969,0.7206896543502808
YJL099W,YBL067C,0,-3.7431333,0.07665614783763885,0.5985221862792969,0.7209359407424927
YER119C,YMR052W,0,-3.7448645,0.07663197815418243,0.5985221862792969,0.7211822867393494
YNL177C,YOL077W-A,0,-3.7483032,0.07660781592130661,0.5985221862792969,0.7214285731315613
YJR090C,YIL040W,0,-3.7510147,0.07658367604017258,0.5985221862792969,0.7216748595237732
YIL162W,YNL270C,0,-3.7530236,0.07655954360961914,0.5985221862792969,0.7219212055206299
YFR051C,YOR284W,0,-3.7534633,0.0765354335308075,0.5985221862792969,0.7221674919128418
YPL227C,YLR077W,0,-3.7534945,0.07651133835315704,0.5985221862792969,0.7224137783050537
YMR021C,YPR107C,0,-3.7538922,0.07648725062608719,0.5985221862792969,0.7226601243019104
YMR280C,YDR363W,0,-3.7542741,0.07646318525075912,0.5985221862792969,0.7229064106941223
YML038C,YGL013C,0,-3.7542794,0.07643913477659225,0.5985221862792969,0.7231526970863342
YPL086C,YKR086W,0,-3.7548997,0.07641509175300598,0.5985221862792969,0.7233990430831909
YNR026C,YDR017C,0,-3.7553568,0.0763910710811615,0.5985221862792969,0.7236453294754028
YDR452W,YBL066C,0,-3.7558873,0.07636706531047821,0.5985221862792969,0.7238916158676147
YDR194C,YDL178W,0,-3.7567608,0.07634307444095612,0.5985221862792969,0.7241379022598267
YPL003W,YIL044C,0,-3.7575982,0.07631909847259521,0.5985221862792969,0.7243842482566833
YAL009W,YML014W,0,-3.7577994,0.07629512995481491,0.5985221862792969,0.7246305346488953
YPL227C,YKR060W,0,-3.7580135,0.0762711837887764,0.5985221862792969,0.7248768210411072
YOR361C,YPL045W,0,-3.7586603,0.07624725252389908,0.5985221862792969,0.7251231670379639
YDL207W,YHR062C,0,-3.7592056,0.07622333616018295,0.5985221862792969,0.7253694534301758
YOL130W,YOR303W,0,-3.7620525,0.07619943469762802,0.5985221862792969,0.7256157398223877
YOR234C,YKL073W,0,-3.76243,0.07617554813623428,0.5985221862792969,0.7258620858192444
YBR136W,YNL312W,1,-3.763178,0.07646505534648895,0.6009852290153503,0.7258620858192444
YCL011C,YJL036W,0,-3.7633743,0.07644110172986984,0.6009852290153503,0.7261083722114563
YCR069W,YGL133W,0,-3.7633848,0.07641716301441193,0.6009852290153503,0.7263546586036682
YMR021C,YKR025W,0,-3.7639952,0.0763932392001152,0.6009852290153503,0.7266010046005249
YOL113W,YLR319C,0,-3.7641716,0.07636933028697968,0.6009852290153503,0.7268472909927368
YBR216C,YKL213C,0,-3.7642028,0.07634542882442474,0.6009852290153503,0.7270935773849487
YNL257C,YGL130W,0,-3.7650502,0.0763215497136116,0.6009852290153503,0.7273399233818054
YOR058C,YPL192C,0,-3.765594,0.07629768550395966,0.6009852290153503,0.7275862097740173
YGL124C,YGR048W,0,-3.7666698,0.0762738361954689,0.6009852290153503,0.7278324961662292
YOR144C,YMR167W,1,-3.7669594,0.07656250149011612,0.6034482717514038,0.7278324961662292
YPL152W,YDL188C,0,-3.767444,0.0765385851264,0.6034482717514038,0.7280788421630859
YGL001C,YGR284C,0,-3.7680907,0.07651467621326447,0.6034482717514038,0.7283251285552979
YJL151C,YOL137W,0,-3.7681096,0.07649078965187073,0.6034482717514038,0.7285714149475098
YNL222W,YDR488C,0,-3.7686253,0.07646691799163818,0.6034482717514038,0.7288177609443665
YML001W,YNL097C,0,-3.7692053,0.07644306123256683,0.6034482717514038,0.7290640473365784
YOL128C,YLR035C,0,-3.770623,0.07641921192407608,0.6034482717514038,0.7293103337287903
YDL020C,YDR293C,0,-3.7710016,0.07639538496732712,0.6034482717514038,0.729556679725647
YPL132W,YIR021W,0,-3.771376,0.07637157291173935,0.6034482717514038,0.7298029661178589
YDL064W,YMR029C,0,-3.7723513,0.07634776830673218,0.6034482717514038,0.7300492525100708
YDR155C,YNR051C,0,-3.7724702,0.0763239860534668,0.6034482717514038,0.7302955389022827
YPL118W,YLR453C,0,-3.7740653,0.07630021870136261,0.6034482717514038,0.7305418848991394
YML078W,YMR067C,0,-3.77416,0.07627646625041962,0.6034482717514038,0.7307881712913513
YDL193W,YAL032C,0,-3.7742994,0.07625272125005722,0.6034482717514038,0.7310344576835632
YFL009W,YPR185W,0,-3.7746198,0.07622899860143661,0.6034482717514038,0.7312808036804199
YPL164C,YBR098W,1,-3.7749205,0.07651633024215698,0.6059113144874573,0.7312808036804199
YNR012W,YML072C,0,-3.775307,0.076492540538311,0.6059113144874573,0.7315270900726318
YOL016C,YGR284C,0,-3.7760487,0.07646875828504562,0.6059113144874573,0.7317733764648438
YBR302C,YMR251W-A,0,-3.7762606,0.07644499838352203,0.6059113144874573,0.7320197224617004
YDR394W,YER169W,0,-3.7770221,0.07642124593257904,0.6059113144874573,0.7322660088539124
YFL009W,YDR097C,0,-3.7781634,0.07639751583337784,0.6059113144874573,0.7325122952461243
YIL049W,YNL087W,0,-3.7784789,0.07637380063533783,0.6059113144874573,0.732758641242981
YCR067C,YDL004W,0,-3.7784817,0.07635009288787842,0.6059113144874573,0.7330049276351929
YNL090W,YGL032C,0,-3.7788455,0.0763264074921608,0.6059113144874573,0.7332512140274048
YPL132W,YDL226C,0,-3.778869,0.07630272954702377,0.6059113144874573,0.7334975600242615
YGR028W,YPR020W,0,-3.7789967,0.07627906650304794,0.6059113144874573,0.7337438464164734
YDR153C,YGL125W,0,-3.7804866,0.0762554258108139,0.6059113144874573,0.7339901328086853
YFR044C,YOR188W,0,-3.7812555,0.07623179256916046,0.6059113144874573,0.734236478805542
YMR079W,YML001W,0,-3.781328,0.07620818167924881,0.6059113144874573,0.7344827651977539
YBR210W,YKL148C,0,-3.7817237,0.07618457823991776,0.6059113144874573,0.7347290515899658
YLR372W,YCR033W,0,-3.7820528,0.0761609897017479,0.6059113144874573,0.7349753975868225
YFL018C,YMR277W,0,-3.7825146,0.07613741606473923,0.6059113144874573,0.7352216839790344
YDL126C,YLR089C,0,-3.7836044,0.07611386477947235,0.6059113144874573,0.7354679703712463
YJR152W,YNL329C,0,-3.784555,0.07609032094478607,0.6059113144874573,0.7357142567634583
YBL066C,YDL104C,0,-3.784826,0.07606679201126099,0.6059113144874573,0.7359606027603149
YDR480W,YOL058W,0,-3.7853553,0.0760432779788971,0.6059113144874573,0.7362068891525269
YPL164C,YOR354C,1,-3.785551,0.07632879912853241,0.6083743572235107,0.7362068891525269
YMR280C,YJL104W,0,-3.7857897,0.07630521804094315,0.6083743572235107,0.7364531755447388
YDL020C,YHL020C,0,-3.785958,0.07628165185451508,0.6083743572235107,0.7366995215415955
YOR321W,YCR042C,0,-3.7868812,0.0762581080198288,0.6083743572235107,0.7369458079338074
YDL207W,YDL122W,0,-3.7874734,0.07623456418514252,0.6083743572235107,0.7371920943260193
YGL047W,YOL049W,0,-3.7874935,0.07621104270219803,0.6083743572235107,0.737438440322876
YLR262C,YNR039C,0,-3.788337,0.07618753612041473,0.6083743572235107,0.7376847267150879
YOL006C,YBR098W,1,-3.7884429,0.07647240161895752,0.610837459564209,0.7376847267150879
YOR144C,YGL033W,1,-3.790823,0.07675708830356598,0.6133005023002625,0.7376847267150879
YOR144C,YNL139C,1,-3.7912319,0.07704160362482071,0.6157635450363159,0.7376847267150879
YDR113C,YMR190C,1,-3.7920299,0.07732594013214111,0.6182265877723694,0.7376847267150879
YHR079C-A,YMR167W,1,-3.792188,0.07761010527610779,0.6206896305084229,0.7376847267150879
YPR140W,YNL097C,0,-3.7936504,0.07758620381355286,0.6206896305084229,0.7379310131072998
YHR121W,YMR278W,0,-3.794394,0.07756232470273972,0.6206896305084229,0.7381773591041565
YOR149C,YML123C,0,-3.796501,0.07753846049308777,0.6206896305084229,0.7384236454963684
YEL004W,YBL105C,0,-3.7965202,0.07751461118459702,0.6206896305084229,0.7386699318885803
YGL207W,YIL122W,0,-3.7971284,0.07749077677726746,0.6206896305084229,0.738916277885437
YGR275W,YJL074C,0,-3.7995608,0.07746695727109909,0.6206896305084229,0.7391625642776489
YML038C,YPR033C,0,-3.8028862,0.07744314521551132,0.6206896305084229,0.7394088506698608
YBR203W,YDL104C,0,-3.8047624,0.07741935551166534,0.6206896305084229,0.7396551966667175
YJR099W,YIR028W,0,-3.8048098,0.07739558070898056,0.6206896305084229,0.7399014830589294
YGR275W,YLR453C,0,-3.8051221,0.07737181335687637,0.6206896305084229,0.7401477694511414
YDR180W,YMR106C,1,-3.8053315,0.07765500247478485,0.6231527328491211,0.7401477694511414
YOR118W,YOR234C,0,-3.8058603,0.07763117551803589,0.6231527328491211,0.740394115447998
YPR018W,YGR186W,0,-3.807362,0.07760736346244812,0.6231527328491211,0.74064040184021
YPL032C,YEL003W,0,-3.807877,0.07758356630802155,0.6231527328491211,0.7408866882324219
YKR013W,YHR188C,0,-3.8081806,0.07755977660417557,0.6231527328491211,0.7411330342292786
YKL112W,YKL120W,0,-3.8102145,0.07753600925207138,0.6231527328491211,0.7413793206214905
YOR231W,YDL066W,0,-3.8106768,0.07751225680112839,0.6231527328491211,0.7416256070137024
YKL055C,YPL008W,0,-3.8116138,0.07748851180076599,0.6231527328491211,0.7418718934059143
YLR002C,YML026C,0,-3.8119137,0.07746478915214539,0.6231527328491211,0.742118239402771
YLR070C,YIL122W,0,-3.81192,0.07744107395410538,0.6231527328491211,0.7423645257949829
YMR236W,YNL222W,0,-3.81211,0.07741738110780716,0.6231527328491211,0.7426108121871948
YKL049C,YLR095C,0,-3.8125608,0.07739369571208954,0.6231527328491211,0.7428571581840515
YLR077W,YPL212C,0,-3.812771,0.07737003266811371,0.6231527328491211,0.7431034445762634
YAR050W,YPR009W,0,-3.8128562,0.07734637707471848,0.6231527328491211,0.7433497309684753
YOR321W,YNL229C,0,-3.813032,0.07732273638248444,0.6231527328491211,0.743596076965332
YLR095C,YDR198C,0,-3.8138907,0.07729911059141159,0.6231527328491211,0.743842363357544
YMR236W,YLR355C,0,-3.8150015,0.07727550715208054,0.6231527328491211,0.7440886497497559
YPR164W,YFL003C,1,-3.81575,0.07755725085735321,0.6256157755851746,0.7440886497497559
YBR234C,YMR305C,0,-3.8169541,0.07753358036279678,0.6256157755851746,0.7443349957466125
YPL132W,YCR003W,0,-3.81777,0.07750991731882095,0.6256157755851746,0.7445812821388245
YLR272C,YDR099W,0,-3.8197896,0.07748626917600632,0.6256157755851746,0.7448275685310364
YBR021W,YGL065C,0,-3.8207486,0.07746264338493347,0.6256157755851746,0.7450739145278931
YGL208W,YLR226W,0,-3.8209689,0.07743902504444122,0.6256157755851746,0.745320200920105
YHR191C,YER004W,0,-3.8221555,0.07741542160511017,0.6256157755851746,0.7455664873123169
YJR067C,YGR261C,0,-3.8246982,0.07739183306694031,0.6256157755851746,0.7458128333091736
YDR073W,YJL123C,0,-3.8251808,0.07736825942993164,0.6256157755851746,0.7460591197013855
YJR047C,YJL104W,0,-3.8265119,0.07734470069408417,0.6256157755851746,0.7463054060935974
YOL146W,YJL074C,0,-3.8283298,0.07732115685939789,0.6256157755851746,0.7465517520904541
YOR178C,YOR005C,0,-3.8290591,0.0772976279258728,0.6256157755851746,0.746798038482666
YKL208W,YNL116W,0,-3.8300712,0.07727410644292831,0.6256157755851746,0.7470443248748779
YOL097C,YNR036C,0,-3.831817,0.07725060731172562,0.6256157755851746,0.7472906112670898
YML062C,YPL015C,1,-3.833338,0.07753116637468338,0.628078818321228,0.7472906112670898
YGL033W,YBR098W,1,-3.8335946,0.07781154662370682,0.6305418610572815,0.7472906112670898
YCR069W,YGL254W,0,-3.8339102,0.07778790593147278,0.6305418610572815,0.7475369572639465
YLR310C,YDR331W,0,-3.8347676,0.07776428014039993,0.6305418610572815,0.7477832436561584
YNL071W,YBL003C,0,-3.8352144,0.07774066179990768,0.6305418610572815,0.7480295300483704
YDR113C,YML062C,1,-3.83591,0.07802064716815948,0.633004903793335,0.7480295300483704
YFR042W,YLR144C,0,-3.836231,0.07799696177244186,0.633004903793335,0.748275876045227
YHR007C,YML019W,0,-3.8367474,0.07797329872846603,0.633004903793335,0.748522162437439
YGR275W,YNR026C,0,-3.8379395,0.0779496505856514,0.633004903793335,0.7487684488296509
YER006W,YNL177C,0,-3.8397238,0.07792601734399796,0.633004903793335,0.7490147948265076
YFR046C,YMR014W,0,-3.8406446,0.07790239155292511,0.633004903793335,0.7492610812187195
YBL004W,YLR002C,0,-3.8410404,0.07787878811359406,0.633004903793335,0.7495073676109314
YGL134W,YOR125C,0,-3.8424459,0.0778551921248436,0.633004903793335,0.7497537136077881
YGR157W,YBL050W,0,-3.842503,0.07783161848783493,0.633004903793335,0.75
YFL009W,YPL242C,0,-3.8443596,0.07780805230140686,0.633004903793335,0.7502462863922119
YNR012W,YPL227C,0,-3.844584,0.07778450101613998,0.633004903793335,0.7504926323890686
YMR106C,YFL003C,1,-3.8448594,0.07806354016065598,0.6354680061340332,0.7504926323890686
YNR054C,YLR368W,0,-3.8457778,0.07803992927074432,0.6354680061340332,0.7507389187812805
YOL097C,YGL029W,0,-3.8475242,0.07801632583141327,0.6354680061340332,0.7509852051734924
YBR302C,YPR104C,0,-3.8475506,0.077992744743824,0.6354680061340332,0.7512315511703491
YNL088W,YBR098W,1,-3.8495238,0.07827138155698776,0.6379310488700867,0.7512315511703491
YOR307C,YOR198C,0,-3.8508532,0.07824773341417313,0.6379310488700867,0.751477837562561
YBR098W,YPL015C,1,-3.850908,0.07852612435817719,0.6403940916061401,0.751477837562561
YNL139C,YPL015C,1,-3.8514864,0.07880435138940811,0.6428571343421936,0.751477837562561
YGL131C,YFR004W,0,-3.8519454,0.07878056168556213,0.6428571343421936,0.751724123954773
YBL046W,YLR022C,0,-3.8521318,0.07875678688287735,0.6428571343421936,0.7519704699516296
YDR153C,YBR135W,0,-3.852885,0.07873303443193436,0.6428571343421936,0.7522167563438416
YDR141C,YBR199W,0,-3.8529088,0.07870928943157196,0.6428571343421936,0.7524630427360535
YNL088W,YGL043W,1,-3.8543904,0.07898703962564468,0.6453201770782471,0.7524630427360535
YGL100W,YOR073W,0,-3.8550498,0.07896322757005692,0.6453201770782471,0.7527093887329102
YHR079C-A,YFL003C,1,-3.855252,0.07924073189496994,0.6477832794189453,0.7527093887329102
YPR124W,YIL050W,0,-3.8563936,0.079216867685318,0.6477832794189453,0.7529556751251221
YDR489W,YER122C,0,-3.8569624,0.07919301092624664,0.6477832794189453,0.753201961517334
YJL207C,YGL257C,0,-3.858918,0.07916917651891708,0.6477832794189453,0.7534482479095459
YPL023C,YIL122W,0,-3.8597796,0.07914534956216812,0.6477832794189453,0.7536945939064026
YOR293W,YLR110C,0,-3.8598258,0.07912153750658035,0.6477832794189453,0.7539408802986145
YBL002W,YDL092W,0,-3.8611596,0.07909774780273438,0.6477832794189453,0.7541871666908264
YDL232W,YCR024C-A,0,-3.861434,0.079073965549469,0.6477832794189453,0.7544335126876831
YOL094C,YNL116W,0,-3.8620007,0.07905019819736481,0.6477832794189453,0.754679799079895
YBL006C,YPL029W,0,-3.8629484,0.07902644574642181,0.6477832794189453,0.7549260854721069
YER039C,YPL227C,0,-3.8631468,0.07900270074605942,0.6477832794189453,0.7551724314689636
YOR196C,YNL152W,0,-3.8636668,0.07897897809743881,0.6477832794189453,0.7554187178611755
YOR178C,YBR199W,0,-3.8642194,0.0789552703499794,0.6477832794189453,0.7556650042533875
YNL071W,YFL024C,0,-3.8653152,0.07893157005310059,0.6477832794189453,0.7559113502502441
YOL006C,YDR113C,1,-3.8654177,0.07920791953802109,0.6502463221549988,0.7559113502502441
YMR214W,YKL152C,0,-3.8655252,0.0791841596364975,0.6502463221549988,0.756157636642456
YKL188C,YNL225C,0,-3.8669574,0.0791604220867157,0.6502463221549988,0.756403923034668
YNL148C,YIL044C,0,-3.8680437,0.0791366919875145,0.6502463221549988,0.7566502690315247
YBR136W,YML062C,1,-3.8700511,0.07941264659166336,0.6527093648910522,0.7566502690315247
YBL105C,YPL249C,0,-3.8721578,0.07938885688781738,0.6527093648910522,0.7568965554237366
YPL268W,YGL032C,0,-3.8722496,0.0793650820851326,0.6527093648910522,0.7571428418159485
YDR208W,YBL071W-A,0,-3.876021,0.07934131473302841,0.6527093648910522,0.7573891878128052
YHL013C,YKL184W,0,-3.877042,0.07931756973266602,0.6527093648910522,0.7576354742050171
YNL139C,YBR098W,1,-3.8776195,0.07959305495023727,0.6551724076271057,0.7576354742050171
YHR143W-A,YBR044C,0,-3.877998,0.0795692503452301,0.6551724076271057,0.757881760597229
YPR164W,YOR035C,1,-3.8789523,0.07984449714422226,0.6576354503631592,0.757881760597229
YNR012W,YDR394W,0,-3.8790913,0.07982062548398972,0.6576354503631592,0.7581281065940857
YDR016C,YBR201W,0,-3.87976,0.07979676872491837,0.6576354503631592,0.7583743929862976
YBR073W,YMR190C,1,-3.880119,0.08007170259952545,0.6600984930992126,0.7583743929862976
YGR028W,YJR043C,0,-3.8831785,0.08004778623580933,0.6600984930992126,0.7586206793785095
YML078W,YOR094W,0,-3.8837392,0.0800238847732544,0.6600984930992126,0.7588669657707214
YMR216C,YCR083W,0,-3.8841221,0.07999999821186066,0.6600984930992126,0.7591133117675781
YJR090C,YAL042W,0,-3.8851874,0.07997612655162811,0.6600984930992126,0.75935959815979
YKR010C,YDR314C,0,-3.8853948,0.07995226979255676,0.6600984930992126,0.759605884552002
YHR191C,YBR019C,0,-3.886388,0.07992842048406601,0.6600984930992126,0.7598522305488586
YBR200W,YOL137W,0,-3.8869336,0.07990459352731705,0.6600984930992126,0.7600985169410706
YBR199W,YEL003W,0,-3.887943,0.07988077402114868,0.6600984930992126,0.7603448033332825
YDL092W,YJR077C,0,-3.8886445,0.07985696941614151,0.6600984930992126,0.7605911493301392
YBR280C,YJL210W,0,-3.888843,0.07983318716287613,0.6600984930992126,0.7608374357223511
YBR200W,YGR195W,0,-3.8915584,0.07980941236019135,0.6600984930992126,0.761083722114563
YBR102C,YOL049W,0,-3.891856,0.07978565245866776,0.6600984930992126,0.7613300681114197
YNL116W,YDL058W,0,-3.8923492,0.07976190745830536,0.6600984930992126,0.7615763545036316
YGL017W,YGR198W,0,-3.893391,0.07973816990852356,0.6600984930992126,0.7618226408958435
YDR432W,YBR265W,0,-3.8936794,0.07971445471048355,0.6600984930992126,0.7620689868927002
YMR190C,YOR035C,1,-3.8950408,0.07998810708522797,0.6625615954399109,0.7620689868927002
YNR012W,YBR227C,0,-3.89522,0.07996432483196259,0.6625615954399109,0.7623152732849121
YNL169C,YOR336W,0,-3.896007,0.079940564930439,0.6625615954399109,0.762561559677124
YOR231W,YNL220W,0,-3.89632,0.079916812479496,0.6625615954399109,0.7628079056739807
YJL184W,YGL257C,0,-3.8963463,0.0798930823802948,0.6625615954399109,0.7630541920661926
YPL217C,YOR196C,0,-3.8965197,0.0798693597316742,0.6625615954399109,0.7633004784584045
YCL010C,YPL046C,0,-3.8968694,0.07984565198421478,0.6625615954399109,0.7635468244552612
YJR093C,YNL113W,0,-3.8969567,0.07982195913791656,0.6625615954399109,0.7637931108474731
YBR136W,YOR368W,1,-3.8971949,0.08009492605924606,0.6650246381759644,0.7637931108474731
YLR262C,YBR265W,0,-3.8978078,0.08007117360830307,0.6650246381759644,0.7640393972396851
YML038C,YER075C,0,-3.8988621,0.08004743605852127,0.6650246381759644,0.7642857432365417
YGL131C,YAL047C,0,-3.900102,0.08002371340990067,0.6650246381759644,0.7645320296287537
YBL066C,YGR098C,0,-3.9014418,0.07999999821186066,0.6650246381759644,0.7647783160209656
YOR371C,YMR067C,0,-3.9016016,0.07997630536556244,0.6650246381759644,0.7650246024131775
YDR237W,YKL148C,0,-3.9023483,0.07995261996984482,0.6650246381759644,0.7652709484100342
YCR024C-A,YER021W,0,-3.903081,0.07992894947528839,0.6650246381759644,0.7655172348022461
YOR056C,YPL128C,0,-3.9031906,0.07990529388189316,0.6650246381759644,0.765763521194458
YOR115C,YGR096W,0,-3.9041116,0.07988165318965912,0.6650246381759644,0.7660098671913147
YLR128W,YPL249C,0,-3.9062245,0.07985802739858627,0.6650246381759644,0.7662561535835266
YDL002C,YGL013C,0,-3.9074655,0.07983441650867462,0.6650246381759644,0.7665024399757385
YPR020W,YJL184W,0,-3.90782,0.07981082051992416,0.6650246381759644,0.7667487859725952
YBR073W,YNL312W,1,-3.908306,0.08008274435997009,0.6674876809120178,0.7667487859725952
YBR203W,YPR061C,0,-3.9097524,0.08005908131599426,0.6674876809120178,0.7669950723648071
YJL002C,YOR360C,0,-3.9098914,0.08003544062376022,0.6674876809120178,0.767241358757019
YIL103W,YLR229C,0,-3.9109302,0.08001180738210678,0.6674876809120178,0.7674877047538757
YML114C,YKR087C,0,-3.9130585,0.07998819649219513,0.6674876809120178,0.7677339911460876
YDL126C,YJL100W,0,-3.9132893,0.07996459305286407,0.6674876809120178,0.7679802775382996
YFL031W,YLR110C,0,-3.9136999,0.07994100451469421,0.6674876809120178,0.7682266235351562
YPL237W,YMR202W,0,-3.9139214,0.07991743087768555,0.6674876809120178,0.7684729099273682
YDR349C,YCR083W,0,-3.9171247,0.07989386469125748,0.6674876809120178,0.7687191963195801
YIL050W,YJR077C,0,-3.921071,0.0798703208565712,0.6674876809120178,0.7689655423164368
YPL164C,YPL015C,1,-3.921775,0.08014142513275146,0.6699507236480713,0.7689655423164368
YDL014W,YGL008C,0,-3.9219909,0.08011782169342041,0.6699507236480713,0.7692118287086487
YGL130W,YNL083W,0,-3.9250467,0.08009422570466995,0.6699507236480713,0.7694581151008606
YDL155W,YFL022C,0,-3.925284,0.08007065206766129,0.6699507236480713,0.7697044610977173
YOR118W,YOR033C,0,-3.9276688,0.08004708588123322,0.6699507236480713,0.7699507474899292
YEL063C,YPR018W,0,-3.928354,0.08002353459596634,0.6699507236480713,0.7701970338821411
YKL113C,YGR098C,0,-3.9285157,0.07999999821186066,0.6699507236480713,0.770443320274353
YBL040C,YPR066W,0,-3.9308093,0.07997647672891617,0.6699507236480713,0.7706896662712097
YPR082C,YGR278W,0,-3.9321144,0.07995297014713287,0.6699507236480713,0.7709359526634216
YGL130W,YNL014W,0,-3.932196,0.07992947101593018,0.6699507236480713,0.7711822390556335
YOR339C,YJL100W,0,-3.9338472,0.07990599423646927,0.6699507236480713,0.7714285850524902
YDL132W,YNR026C,0,-3.934722,0.07988252490758896,0.6699507236480713,0.7716748714447021
YER157W,YIL122W,0,-3.936512,0.07985907047986984,0.6699507236480713,0.7719211578369141
YDR385W,YBL105C,0,-3.939414,0.07983563095331192,0.6699507236480713,0.7721675038337708
YPR165W,YFL034C-A,0,-3.9396822,0.07981220632791519,0.6699507236480713,0.7724137902259827
YDL049C,YOR077W,0,-3.9417264,0.07978879660367966,0.6699507236480713,0.7726600766181946
YFR028C,YPL084W,0,-3.942333,0.07976539433002472,0.6699507236480713,0.7729064226150513
YDL193W,YDR097C,0,-3.9427218,0.07974201440811157,0.6699507236480713,0.7731527090072632
YAL055W,YGR140W,0,-3.9453056,0.07971864193677902,0.6699507236480713,0.7733989953994751
YHL002W,YLR027C,0,-3.9473188,0.07969528436660767,0.6699507236480713,0.7736453413963318
YPL237W,YOR367W,0,-3.947924,0.0796719416975975,0.6699507236480713,0.7738916277885437
YKL208W,YPL069C,0,-3.949149,0.07964860647916794,0.6699507236480713,0.7741379141807556
YMR030W,YIR008C,0,-3.9499786,0.07962529361248016,0.6699507236480713,0.7743842601776123
YDR113C,YGL033W,1,-3.950229,0.07989464700222015,0.6724137663841248,0.7743842601776123
YDR123C,YOR339C,0,-3.9524815,0.079871267080307,0.6724137663841248,0.7746305465698242
YBL102W,YHR102W,0,-3.9531686,0.07984790951013565,0.6724137663841248,0.7748768329620361
YPL037C,YFR009W,0,-3.954129,0.07982455939054489,0.6724137663841248,0.7751231789588928
YDL239C,YLR133W,0,-3.9541972,0.07980122417211533,0.6724137663841248,0.7753694653511047
YNL321W,YAL014C,0,-3.9555256,0.07977791130542755,0.6724137663841248,0.7756157517433167
YLR310C,YHR026W,0,-3.9557095,0.07975459843873978,0.6724137663841248,0.7758620977401733
YNL116W,YGR206W,0,-3.9570506,0.07973130792379379,0.6724137663841248,0.7761083841323853
YMR197C,YIL129C,0,-3.9586923,0.079708032310009,0.6724137663841248,0.7763546705245972
YJL099W,YMR029C,0,-3.9594853,0.07968476414680481,0.6724137663841248,0.7766009569168091
YJL137C,YDR331W,0,-3.9611945,0.07966151088476181,0.6724137663841248,0.7768473029136658
YGR038W,YML111W,0,-3.9617574,0.07963827252388,0.6724137663841248,0.7770935893058777
YMR119W,YGL153W,0,-3.9630318,0.0796150490641594,0.6724137663841248,0.7773398756980896
YKL113C,YGL175C,0,-3.9644542,0.07959183305501938,0.6724137663841248,0.7775862216949463
YDL168W,YNL323W,0,-3.9646895,0.07956863939762115,0.6724137663841248,0.7778325080871582
YJL209W,YFL050C,0,-3.9674275,0.07954545319080353,0.6724137663841248,0.7780787944793701
YKL035W,YHR050W,0,-3.9678953,0.0795222818851471,0.6724137663841248,0.7783251404762268
YNL257C,YER048C,0,-3.9680407,0.07949912548065186,0.6724137663841248,0.7785714268684387
YDR155C,YLR372W,0,-3.969302,0.07947598397731781,0.6724137663841248,0.7788177132606506
YBR039W,YOL089C,0,-3.9699352,0.07945284992456436,0.6724137663841248,0.7790640592575073
YFR042W,YBR265W,0,-3.970106,0.0794297382235527,0.6724137663841248,0.7793103456497192
YPR140W,YLR355C,0,-3.9711084,0.07940663397312164,0.6724137663841248,0.7795566320419312
YJL091C,YOL044W,0,-3.9730144,0.07938354462385178,0.6724137663841248,0.7798029780387878
YIL041W,YOR336W,0,-3.9735458,0.0793604627251625,0.6724137663841248,0.7800492644309998
YPL266W,YGL077C,0,-3.9745605,0.07933740317821503,0.6724137663841248,0.7802955508232117
YER119C,YDR484W,0,-3.9747887,0.07931435108184814,0.6724137663841248,0.7805418968200684
YHR016C,YIL157C,0,-3.9748976,0.07929131388664246,0.6724137663841248,0.7807881832122803
YGL038C,YKR029C,0,-3.974951,0.07926829159259796,0.6724137663841248,0.7810344696044922
YOR362C,YOL130W,0,-3.975765,0.07924528419971466,0.6724137663841248,0.7812808156013489
YDL042C,YML025C,0,-3.976409,0.07922228425741196,0.6724137663841248,0.7815271019935608
YJR090C,YPL132W,0,-3.9764495,0.07919930666685104,0.6724137663841248,0.7817733883857727
YML066C,YOR083W,0,-3.9765131,0.07917633652687073,0.6724137663841248,0.7820196747779846
YNL321W,YBR171W,0,-3.9769003,0.0791533812880516,0.6724137663841248,0.7822660207748413
YBR258C,YNL315C,0,-3.9772983,0.07913043349981308,0.6724137663841248,0.7825123071670532
YPL217C,YNL224C,0,-3.9776042,0.07910750806331635,0.6724137663841248,0.7827585935592651
YDL194W,YGL208W,0,-3.978846,0.07908459007740021,0.6724137663841248,0.7830049395561218
YPL237W,YPR082C,0,-3.9793775,0.07906168699264526,0.6724137663841248,0.7832512259483337
YIR021W,YLR274W,0,-3.9810956,0.07903879880905151,0.6724137663841248,0.7834975123405457
YHR063C,YJR113C,0,-3.9812148,0.07901591807603836,0.6724137663841248,0.7837438583374023
YMR277W,YER169W,0,-3.9812825,0.0789930522441864,0.6724137663841248,0.7839901447296143
YNL315C,YDR267C,0,-3.9820776,0.07897020876407623,0.6724137663841248,0.7842364311218262
YBR253W,YDL150W,0,-3.984171,0.07894736528396606,0.6724137663841248,0.7844827771186829
YER069W,YKR080W,0,-3.9842758,0.07892454415559769,0.6724137663841248,0.7847290635108948
YMR283C,YML065W,0,-3.984637,0.0789017304778099,0.6724137663841248,0.7849753499031067
YPL152W,YBL018C,0,-3.9852788,0.07887893915176392,0.6724137663841248,0.7852216958999634
YGL124C,YNL275W,0,-3.9859078,0.07885615527629852,0.6724137663841248,0.7854679822921753
YLR242C,YJR007W,0,-3.9863524,0.07883337885141373,0.6724137663841248,0.7857142686843872
YER042W,YJL002C,0,-3.9873288,0.07881062477827072,0.6724137663841248,0.7859606146812439
YNL272C,YDL122W,0,-3.9880779,0.07878787815570831,0.6724137663841248,0.7862069010734558
YGR048W,YNL229C,0,-3.988341,0.0787651464343071,0.6724137663841248,0.7864531874656677
YBR073W,YGL043W,1,-3.9891257,0.07903086394071579,0.674876868724823,0.7864531874656677
YHR034C,YOR073W,0,-3.989466,0.0790080726146698,0.674876868724823,0.7866995334625244
YHR072W,YFL022C,0,-3.9897883,0.078985296189785,0.674876868724823,0.7869458198547363
YNL312W,YFL003C,1,-3.9903815,0.07925072312355042,0.6773399114608765,0.7869458198547363
YNL275W,YJL002C,0,-3.9907074,0.07922788709402084,0.6773399114608765,0.7871921062469482
YHL013C,YEL009C,0,-3.992765,0.07920506596565247,0.6773399114608765,0.7874384522438049
YOR118W,YMR068W,0,-3.995715,0.07918225973844528,0.6773399114608765,0.7876847386360168
YJR044C,YJR161C,0,-3.996082,0.07915946841239929,0.6773399114608765,0.7879310250282288
YDR113C,YNL312W,1,-3.9971402,0.07942446321249008,0.6798029541969299,0.7879310250282288
YDR155C,YHR043C,0,-3.9985716,0.07940161228179932,0.6798029541969299,0.7881773114204407
YPL057C,YIR008C,0,-3.9992409,0.07937877625226974,0.6798029541969299,0.7884236574172974
YGL130W,YGL047W,0,-3.9993894,0.07935595512390137,0.6798029541969299,0.7886699438095093
YML062C,YNL312W,1,-4.000423,0.07962057739496231,0.6822659969329834,0.7886699438095093
YMR047C,YER018C,0,-4.0004425,0.07959770411252975,0.6822659969329834,0.7889162302017212
YGR096W,YER183C,0,-4.0006924,0.0795748382806778,0.6822659969329834,0.7891625761985779
YJL204C,YMR236W,0,-4.000697,0.07955197989940643,0.6822659969329834,0.7894088625907898
YDR385W,YHR107C,0,-4.001769,0.07952914386987686,0.6822659969329834,0.7896551489830017
YPR018W,YPR058W,0,-4.0021296,0.07950631529092789,0.6822659969329834,0.7899014949798584
YHR187W,YNL177C,0,-4.00264,0.0794835016131401,0.6822659969329834,0.7901477813720703
YJL184W,YOL060C,0,-4.003691,0.07946070283651352,0.6822659969329834,0.7903940677642822
YOL060C,YLL042C,0,-4.0038333,0.07943791151046753,0.6822659969329834,0.7906404137611389
YML078W,YJL177W,0,-4.0039396,0.07941513508558273,0.6822659969329834,0.7908867001533508
YDL212W,YMR119W,0,-4.0041704,0.07939237356185913,0.6822659969329834,0.7911329865455627
YLR393W,YOR083W,0,-4.0045514,0.07936962693929672,0.6822659969329834,0.7913793325424194
YDR153C,YLL042C,0,-4.004922,0.07934689521789551,0.6822659969329834,0.7916256189346313
YIL041W,YOR188W,0,-4.00639,0.07932417094707489,0.6822659969329834,0.7918719053268433
YDR027C,YHR084W,0,-4.006732,0.07930146157741547,0.6822659969329834,0.7921182513237
YDR302W,YER058W,0,-4.006914,0.07927876710891724,0.6822659969329834,0.7923645377159119
YJL204C,YNL106C,0,-4.0114374,0.0792560800909996,0.6822659969329834,0.7926108241081238
YDR147W,YLR272C,0,-4.011682,0.07923340797424316,0.6822659969329834,0.7928571701049805
YBL067C,YLL010C,0,-4.0118675,0.07921075075864792,0.6822659969329834,0.7931034564971924
YKL049C,YKL193C,0,-4.014024,0.07918810844421387,0.6822659969329834,0.7933497428894043
YNL071W,YLR119W,0,-4.01479,0.07916547358036041,0.6822659969329834,0.793596088886261
YBR221C,YOL021C,0,-4.0187697,0.07914285361766815,0.6822659969329834,0.7938423752784729
YCR071C,YGL207W,0,-4.0198164,0.07912024855613708,0.6822659969329834,0.7940886616706848
YJR086W,YIL105C,0,-4.020597,0.07909765839576721,0.6822659969329834,0.7943349480628967
YLR378C,YBR008C,0,-4.021431,0.07907507568597794,0.6822659969329834,0.7945812940597534
YDR385W,YGR128C,0,-4.0220704,0.07905250787734985,0.6822659969329834,0.7948275804519653
YDR182W,YKL213C,0,-4.023029,0.07902995496988297,0.6822659969329834,0.7950738668441772
YOR144C,YPL015C,1,-4.024715,0.07929264008998871,0.6847290396690369,0.7950738668441772
YBR039W,YDR163W,0,-4.0253553,0.07927003502845764,0.6847290396690369,0.7953202128410339
YML130C,YBR008C,0,-4.0255547,0.07924743741750717,0.6847290396690369,0.7955664992332458
YAL032C,YAL009W,0,-4.0283155,0.0792248472571373,0.6847290396690369,0.7958127856254578
YDL052C,YFL008W,0,-4.0287886,0.07920227944850922,0.6847290396690369,0.7960591316223145
YOL094C,YIR021W,0,-4.0290785,0.07917971909046173,0.6847290396690369,0.7963054180145264
YJL115W,YOR367W,0,-4.02937,0.07915717363357544,0.6847290396690369,0.7965517044067383
YNL071W,YNL209W,0,-4.030943,0.07913464307785034,0.6847290396690369,0.796798050403595
YIL105C,YJR125C,0,-4.03107,0.07911211997270584,0.6847290396690369,0.7970443367958069
YOR144C,YOL068C,1,-4.032354,0.07937411218881607,0.6871921420097351,0.7970443367958069
YMR079W,YGR198W,0,-4.033648,0.07935153692960739,0.6871921420097351,0.7972906231880188
YGL250W,YMR068W,0,-4.03423,0.0793289765715599,0.6871921420097351,0.7975369691848755
YCR083W,YPR140W,0,-4.034816,0.07930642366409302,0.6871921420097351,0.7977832555770874
YPL055C,YGL175C,0,-4.035809,0.07928388565778732,0.6871921420097351,0.7980295419692993
YPR079W,YKL012W,0,-4.0359545,0.07926136255264282,0.6871921420097351,0.798275887966156
YAR008W,YOL001W,0,-4.036365,0.07923885434865952,0.6871921420097351,0.7985221743583679
YDR017C,YGR166W,0,-4.0390267,0.0792163535952568,0.6871921420097351,0.7987684607505798
YFL034C-B,YPR094W,0,-4.041313,0.07919386774301529,0.6871921420097351,0.7990148067474365
YBL046W,YHR043C,0,-4.041658,0.07917139679193497,0.6871921420097351,0.7992610931396484
YPL268W,YLR405W,0,-4.045311,0.07914893329143524,0.6871921420097351,0.7995073795318604
YOR329C,YNL329C,0,-4.0467887,0.07912649214267731,0.6871921420097351,0.7997536659240723
YER004W,YKR065C,0,-4.048407,0.07910405099391937,0.6871921420097351,0.800000011920929
YHR072W,YAL042W,0,-4.0490584,0.07908163219690323,0.6871921420097351,0.8002462983131409
YER073W,YCR048W,0,-4.0491276,0.07905922085046768,0.6871921420097351,0.8004925847053528
YER021W,YLR362W,0,-4.050209,0.07903682440519333,0.6871921420097351,0.8007389307022095
YLR369W,YLL015W,0,-4.0503783,0.07901444286108017,0.6871921420097351,0.8009852170944214
YOL006C,YMR167W,1,-4.050579,0.07927519828081131,0.6896551847457886,0.8009852170944214
YNL088W,YDR113C,1,-4.051673,0.07953580468893051,0.692118227481842,0.8009852170944214
YNL299W,YOL001W,0,-4.0531135,0.0795132964849472,0.692118227481842,0.8012315034866333
YNR012W,YEL009C,0,-4.053126,0.07949080318212509,0.692118227481842,0.80147784948349
YMR190C,YOL068C,1,-4.0537887,0.07975113391876221,0.6945812702178955,0.80147784948349
YHL007C,YLL036C,0,-4.0543156,0.07972858101129532,0.6945812702178955,0.8017241358757019
YDL005C,YNL071W,0,-4.055358,0.07970605045557022,0.6945812702178955,0.8019704222679138
YOL110W,YOR083W,0,-4.0561805,0.07968352735042572,0.6945812702178955,0.8022167682647705
YEL046C,YDL147W,0,-4.0562787,0.07966101914644241,0.6945812702178955,0.8024630546569824
YGR152C,YMR236W,0,-4.056514,0.0796385183930397,0.6945812702178955,0.8027093410491943
YER183C,YEL004W,0,-4.056882,0.07961603254079819,0.6945812702178955,0.802955687046051
YOL094C,YLR066W,0,-4.0577846,0.07959356158971786,0.6945812702178955,0.8032019734382629
YBL045C,YOR371C,0,-4.058042,0.07957110553979874,0.6945812702178955,0.8034482598304749
YDR113C,YOR368W,1,-4.0582957,0.07983075082302094,0.697044312953949,0.8034482598304749
YJR095W,YMR024W,0,-4.058315,0.07980823516845703,0.697044312953949,0.8036946058273315
YOR210W,YHR062C,0,-4.059623,0.07978573441505432,0.697044312953949,0.8039408922195435
YIL049W,YBL046W,0,-4.059709,0.0797632485628128,0.697044312953949,0.8041871786117554
YCR033W,YPL012W,0,-4.061802,0.07974077016115189,0.697044312953949,0.8044335246086121
YNR051C,YOR245C,0,-4.065621,0.07971830666065216,0.697044312953949,0.804679811000824
YOL115W,YDL103C,0,-4.0656667,0.07969585806131363,0.697044312953949,0.8049260973930359
YOL091W,YNL270C,0,-4.0657353,0.07967342436313629,0.697044312953949,0.8051724433898926
YJL047C,YDR180W,1,-4.066901,0.07993245124816895,0.6995074152946472,0.8051724433898926
YDR489W,YJL104W,0,-4.0678563,0.07990995794534683,0.6995074152946472,0.8054187297821045
YER146W,YPR104C,0,-4.068289,0.07988747954368591,0.6995074152946472,0.8056650161743164
YPR101W,YMR161W,0,-4.068803,0.07986501604318619,0.6995074152946472,0.8059113025665283
YKL091C,YGR121C,0,-4.0689254,0.07984256744384766,0.6995074152946472,0.806157648563385
YNL139C,YDR180W,1,-4.0690722,0.08010117709636688,0.7019704580307007,0.806157648563385
YDR016C,YJR093C,0,-4.0697026,0.08007867634296417,0.7019704580307007,0.8064039349555969
YCR042C,YBL101C,0,-4.070923,0.08005618304014206,0.7019704580307007,0.8066502213478088
YDR349C,YDR208W,0,-4.0717,0.08003369718790054,0.7019704580307007,0.8068965673446655
YPR094W,YOR017W,0,-4.072506,0.08001122623682022,0.7019704580307007,0.8071428537368774
YBR136W,YOR035C,1,-4.0746136,0.08026943355798721,0.7044335007667542,0.8071428537368774
YJL204C,YNL224C,0,-4.0757933,0.08024691045284271,0.7044335007667542,0.8073891401290894
YKR010C,YPL246C,0,-4.075866,0.0802244022488594,0.7044335007667542,0.807635486125946
YMR052W,YGL038C,0,-4.076565,0.08020190894603729,0.7044335007667542,0.807881772518158
YJL123C,YGR098C,0,-4.0768857,0.08017942309379578,0.7044335007667542,0.8081280589103699
YNL225C,YOR073W,0,-4.0773587,0.08015695214271545,0.7044335007667542,0.8083744049072266
YGR231C,YML111W,0,-4.077388,0.08013448864221573,0.7044335007667542,0.8086206912994385
YNL071W,YER118C,0,-4.077856,0.0801120474934578,0.7044335007667542,0.8088669776916504
YBL084C,YLR095C,0,-4.078389,0.08008961379528046,0.7044335007667542,0.8091133236885071
YDR408C,YKR003W,0,-4.080947,0.08006718754768372,0.7044335007667542,0.809359610080719
YGR275W,YIL073C,0,-4.082215,0.08004478365182877,0.7044335007667542,0.8096058964729309
YEL063C,YIR010W,0,-4.082248,0.08002238720655441,0.7044335007667542,0.8098522424697876
YBR098W,YNL312W,1,-4.0824003,0.08027972280979156,0.7068965435028076,0.8098522424697876
YJR086W,YER026C,0,-4.082741,0.08025727421045303,0.7068965435028076,0.8100985288619995
YMR119W,YHR016C,0,-4.085181,0.0802348330616951,0.7068965435028076,0.8103448152542114
YLR116W,YOR141C,0,-4.0853024,0.08021240681409836,0.7068965435028076,0.8105911612510681
YNR036C,YHR019C,0,-4.0858283,0.08018999546766281,0.7068965435028076,0.81083744764328
YKL113C,YFL018C,0,-4.0859985,0.08016759902238846,0.7068965435028076,0.8110837340354919
YGR215W,YHR062C,0,-4.086092,0.0801452100276947,0.7068965435028076,0.8113300204277039
YGL017W,YOR367W,0,-4.0885835,0.08012283593416214,0.7068965435028076,0.8115763664245605
YPR181C,YNR039C,0,-4.089475,0.08010047674179077,0.7068965435028076,0.8118226528167725
YPR101W,YJR093C,0,-4.0903254,0.080078125,0.7068965435028076,0.8120689392089844
YDR162C,YLL015W,0,-4.0905333,0.08005578815937042,0.7068965435028076,0.8123152852058411
YPL268W,YHR102W,0,-4.090653,0.08003346621990204,0.7068965435028076,0.812561571598053
YHR191C,YMR067C,0,-4.0914207,0.08001115173101425,0.7068965435028076,0.8128078579902649
YPL164C,YNL312W,1,-4.092561,0.08026755601167679,0.7093595862388611,0.8128078579902649
YPL023C,YHL020C,0,-4.093304,0.08024519681930542,0.7093595862388611,0.8130542039871216
YNR054C,YFR009W,0,-4.0933127,0.08022283762693405,0.7093595862388611,0.8133004903793335
YKL025C,YOR033C,0,-4.095865,0.08020050078630447,0.7093595862388611,0.8135467767715454
YIL157C,YOR171C,0,-4.0968795,0.0801781713962555,0.7093595862388611,0.8137931227684021
YDR184C,YDR198C,0,-4.0973783,0.0801558569073677,0.7093595862388611,0.814039409160614
YMR293C,YMR030W,0,-4.0978274,0.08013355731964111,0.7093595862388611,0.8142856955528259
YJL047C,YMR106C,1,-4.0986133,0.08038943260908127,0.7118226885795593,0.8142856955528259
YOL060C,YPL069C,0,-4.10048,0.0803670734167099,0.7118226885795593,0.8145320415496826
YOR321W,YNL197C,0,-4.103602,0.08034472912549973,0.7118226885795593,0.8147783279418945
YML019W,YNR046W,0,-4.1051397,0.08032239973545074,0.7118226885795593,0.8150246143341064
YPL164C,YNL088W,1,-4.1057205,0.08057793974876404,0.7142857313156128,0.8150246143341064
YER183C,YBR004C,0,-4.1057568,0.08055555820465088,0.7142857313156128,0.8152709603309631
YBR127C,YJL154C,0,-4.105944,0.08053318411111832,0.7142857313156128,0.815517246723175
YGL208W,YOR064C,0,-4.106662,0.08051082491874695,0.7142857313156128,0.815763533115387
YMR293C,YNL169C,0,-4.1072206,0.08048848062753677,0.7142857313156128,0.8160098791122437
YAL032C,YDL122W,0,-4.1077085,0.08046615123748779,0.7142857313156128,0.8162561655044556
YBR228W,YBR265W,0,-4.1091566,0.08044382929801941,0.7142857313156128,0.8165024518966675
YKL101W,YIL105C,0,-4.109483,0.08042152225971222,0.7142857313156128,0.8167487978935242
YPL128C,YER094C,0,-4.110371,0.08039922267198563,0.7142857313156128,0.8169950842857361
YDR027C,YBR265W,0,-4.111415,0.08037693798542023,0.7142857313156128,0.817241370677948
YBR073W,YNL088W,1,-4.111557,0.08063175529241562,0.7167487740516663,0.817241370677948
YKL176C,YKL018W,0,-4.111789,0.08060941845178604,0.7167487740516663,0.8174876570701599
YNL088W,YNL312W,1,-4.1133394,0.08086402714252472,0.7192118167877197,0.8174876570701599
YLR342W,YJR014W,0,-4.1157346,0.08084163814783096,0.7192118167877197,0.8177340030670166
YPL164C,YFL003C,1,-4.117535,0.08109604567289352,0.7216748595237732,0.8177340030670166
YML078W,YMR044W,0,-4.117721,0.08107360452413559,0.7216748595237732,0.8179802894592285
YJL047C,YBR098W,1,-4.1187468,0.08132780343294144,0.7241379022598267,0.8179802894592285
YPL164C,YBR073W,1,-4.1205387,0.08158186078071594,0.7266010046005249,0.8179802894592285
YKL046C,YGL097W,0,-4.1215677,0.08155930042266846,0.7266010046005249,0.8182265758514404
YGL207W,YNL220W,0,-4.1216626,0.08153676241636276,0.7266010046005249,0.8184729218482971
YNL225C,YNL270C,0,-4.121889,0.08151423186063766,0.7266010046005249,0.818719208240509
YDR058C,YJL137C,0,-4.1225185,0.08149171620607376,0.7266010046005249,0.818965494632721
YPL023C,YJR125C,0,-4.122547,0.08146920800209045,0.7266010046005249,0.8192118406295776
YNL064C,YHR065C,0,-4.12373,0.08144671469926834,0.7266010046005249,0.8194581270217896
YKR060W,YDR349C,0,-4.124282,0.08142423629760742,0.7266010046005249,0.8197044134140015
YGR038W,YDR206W,0,-4.125306,0.0814017653465271,0.7266010046005249,0.8199507594108582
YGR227W,YNL124W,0,-4.125435,0.08137930929660797,0.7266010046005249,0.8201970458030701
YLL036C,YKL157W,0,-4.1259093,0.08135686814785004,0.7266010046005249,0.820443332195282
YNL323W,YJR019C,0,-4.1262913,0.0813344344496727,0.7266010046005249,0.8206896781921387
YHR134W,YGL125W,0,-4.126872,0.08131201565265656,0.7266010046005249,0.8209359645843506
YNL125C,YGL145W,0,-4.1276584,0.0812896117568016,0.7266010046005249,0.8211822509765625
YER016W,YER001W,0,-4.1290283,0.08126721531152725,0.7266010046005249,0.8214285969734192
YGR157W,YBL105C,0,-4.1292257,0.08124483376741409,0.7266010046005249,0.8216748833656311
YBR210W,YBR004C,0,-4.129315,0.08122246712446213,0.7266010046005249,0.821921169757843
YJR067C,YPL190C,0,-4.129321,0.08120010793209076,0.7266010046005249,0.8221675157546997
YOR130C,YGL054C,0,-4.1309247,0.08117776364088058,0.7266010046005249,0.8224138021469116
YNL315C,YDR123C,0,-4.132356,0.0811554342508316,0.7266010046005249,0.8226600885391235
YHR200W,YNL116W,0,-4.1333756,0.08113311231136322,0.7266010046005249,0.8229063749313354
YHR091C,YPR165W,0,-4.1350045,0.08111080527305603,0.7266010046005249,0.8231527209281921
YDL049C,YIL073C,0,-4.135089,0.08108851313591003,0.7266010046005249,0.823399007320404
YBR228W,YKL209C,0,-4.135319,0.08106622844934464,0.7266010046005249,0.823645293712616
YMR161W,YOL021C,0,-4.1365333,0.08104395866394043,0.7266010046005249,0.8238916397094727
YOR368W,YOL068C,1,-4.1371303,0.08129634708166122,0.7290640473365784,0.8238916397094727
YKL152C,YGR172C,0,-4.13949,0.08127402514219284,0.7290640473365784,0.8241379261016846
YMR266W,YNR026C,0,-4.139619,0.08125171810388565,0.7290640473365784,0.8243842124938965
YNL312W,YOL068C,1,-4.1404366,0.08150383830070496,0.7315270900726318,0.8243842124938965
YDR073W,YLR148W,0,-4.1427727,0.08148147910833359,0.7315270900726318,0.8246305584907532
YDR194C,YMR283C,0,-4.142855,0.08145913481712341,0.7315270900726318,0.8248768448829651
YGR157W,YPR052C,0,-4.1429625,0.08143679797649384,0.7315270900726318,0.825123131275177
YER003C,YMR161W,0,-4.144142,0.08141447603702545,0.7315270900726318,0.8253694772720337
YOR118W,YOR295W,0,-4.144217,0.08139216154813766,0.7315270900726318,0.8256157636642456
YDL212W,YKL120W,0,-4.1457477,0.08136986196041107,0.7315270900726318,0.8258620500564575
YOR354C,YOR144C,1,-4.146832,0.08162147551774979,0.7339901328086853,0.8258620500564575
YJR064W,YGL257C,0,-4.1474357,0.08159912377595901,0.7339901328086853,0.8261083960533142
YPL227C,YMR199W,0,-4.148783,0.08157678693532944,0.7339901328086853,0.8263546824455261
YKL084W,YER166W,0,-4.149137,0.08155445754528046,0.7339901328086853,0.826600968837738
YDR339C,YPL228W,0,-4.150886,0.08153215050697327,0.7339901328086853,0.8268473148345947
YBR302C,YNL336W,0,-4.1512833,0.08150984346866608,0.7339901328086853,0.8270936012268066
YML029W,YHR200W,0,-4.151433,0.08148755878210068,0.7339901328086853,0.8273398876190186
YDL005C,YOL034W,0,-4.1519055,0.08146528154611588,0.7339901328086853,0.8275862336158752
YGL048C,YJL138C,0,-4.152798,0.08144301921129227,0.7339901328086853,0.8278325200080872
YJR017C,YNL099C,0,-4.1536846,0.08142076432704926,0.7339901328086853,0.8280788064002991
YBR098W,YOR035C,1,-4.154103,0.08167167752981186,0.7364531755447388,0.8280788064002991
YNL225C,YOR295W,0,-4.1550393,0.08164937049150467,0.7364531755447388,0.8283251523971558
YMR288W,YNL003C,0,-4.156484,0.08162707835435867,0.7364531755447388,0.8285714387893677
YNL072W,YHR083W,0,-4.15729,0.08160480111837387,0.7364531755447388,0.8288177251815796
YHR187W,YDR354W,0,-4.157627,0.08158253878355026,0.7364531755447388,0.8290640115737915
YDL064W,YMR113W,0,-4.1599474,0.08156028389930725,0.7364531755447388,0.8293103575706482
YMR068W,YJR144W,0,-4.161379,0.08153804391622543,0.7364531755447388,0.8295566439628601
YKL008C,YPL046C,0,-4.16174,0.08151581138372421,0.7364531755447388,0.829802930355072
YJR044C,YGR140W,0,-4.1617856,0.08149359375238419,0.7364531755447388,0.8300492763519287
YBR073W,YOL006C,1,-4.166568,0.08174386620521545,0.738916277885437,0.8300492763519287
YLR069C,YDL044C,0,-4.168709,0.08172160387039185,0.738916277885437,0.8302955627441406
YOR360C,YKR046C,0,-4.1690993,0.08169934898614883,0.738916277885437,0.8305418491363525
YPL164C,YMR167W,1,-4.169987,0.08194936066865921,0.7413793206214905,0.8305418491363525
YKL146W,YBR171W,0,-4.171042,0.08192705363035202,0.7413793206214905,0.8307881951332092
YNL264C,YBL066C,0,-4.173213,0.08190476149320602,0.7413793206214905,0.8310344815254211
YGR028W,YKR022C,0,-4.173568,0.08188248425722122,0.7413793206214905,0.8312807679176331
YOL013C,YER094C,0,-4.1750917,0.08186021447181702,0.7413793206214905,0.8315271139144897
YHL002W,YGR209C,0,-4.17704,0.08183795213699341,0.7413793206214905,0.8317734003067017
YJL137C,YLR362W,0,-4.177063,0.08181571215391159,0.7413793206214905,0.8320196866989136
YJL151C,YGL145W,0,-4.1779494,0.08179347962141037,0.7413793206214905,0.8322660326957703
YLR138W,YGL153W,0,-4.1797724,0.08177125453948975,0.7413793206214905,0.8325123190879822
YOR354C,YMR106C,1,-4.179927,0.08202064037322998,0.743842363357544,0.8325123190879822
YPL190C,YKR025W,0,-4.1806226,0.08199837058782578,0.743842363357544,0.8327586054801941
YNL126W,YGR098C,0,-4.1824474,0.08197611570358276,0.743842363357544,0.8330049514770508
YNL329C,YDR208W,0,-4.1839566,0.08195386826992035,0.743842363357544,0.8332512378692627
YKR067W,YLR229C,0,-4.1862707,0.08193163573741913,0.743842363357544,0.8334975242614746
YDL004W,YML008C,0,-4.186674,0.0819094106554985,0.743842363357544,0.8337438702583313
YPL242C,YFR028C,0,-4.186723,0.08188720047473907,0.743842363357544,0.8339901566505432
YJL154C,YJR125C,0,-4.187753,0.08186500519514084,0.743842363357544,0.8342364430427551
YPL055C,YBL019W,0,-4.1915183,0.0818428173661232,0.743842363357544,0.834482729434967
YNL021W,YOR295W,0,-4.191823,0.08182064443826675,0.743842363357544,0.8347290754318237
YNL082W,YDR363W,0,-4.191859,0.0817984864115715,0.743842363357544,0.8349753618240356
YLR410W,YEL060C,0,-4.196976,0.08177633583545685,0.743842363357544,0.8352216482162476
YBR290W,YML046W,0,-4.1970744,0.08175419270992279,0.743842363357544,0.8354679942131042
YPL124W,YPL046C,0,-4.199809,0.08173207193613052,0.743842363357544,0.8357142806053162
YPL164C,YDR113C,1,-4.200502,0.08198051899671555,0.7463054060935974,0.8357142806053162
YOR035C,YMR167W,1,-4.202184,0.08222883194684982,0.7487684488296509,0.8357142806053162
YPL237W,YPR009W,0,-4.202261,0.0822065994143486,0.7487684488296509,0.8359605669975281
YDR267C,YNR051C,0,-4.2046356,0.08218437433242798,0.7487684488296509,0.8362069129943848
YHR191C,YOL033W,0,-4.207049,0.08216216415166855,0.7487684488296509,0.8364531993865967
YML110C,YHR134W,0,-4.2082887,0.08213996142148972,0.7487684488296509,0.8366994857788086
YJL010C,YER048C,0,-4.2095733,0.08211777359247208,0.7487684488296509,0.8369458317756653
YDR180W,YMR167W,1,-4.209925,0.08236564695835114,0.7512315511703491,0.8369458317756653
YBR167C,YIL122W,0,-4.2110415,0.08234341442584991,0.7512315511703491,0.8371921181678772
YJL063C,YHR188C,0,-4.212926,0.08232118934392929,0.7512315511703491,0.8374384045600891
YBR098W,YOR368W,1,-4.213022,0.08256880939006805,0.7536945939064026,0.8374384045600891
YMR079W,YDL155W,0,-4.214643,0.08254653215408325,0.7536945939064026,0.8376847505569458
YGL086W,YJL002C,0,-4.214719,0.08252426981925964,0.7536945939064026,0.8379310369491577
YBR258C,YPR165W,0,-4.2147803,0.08250202238559723,0.7536945939064026,0.8381773233413696
YJL123C,YML024W,0,-4.2163463,0.08247978240251541,0.7536945939064026,0.8384236693382263
YHR216W,YPL237W,0,-4.2174516,0.08245755732059479,0.7536945939064026,0.8386699557304382
YMR268C,YKL012W,0,-4.2193704,0.08243534713983536,0.7536945939064026,0.8389162421226501
YJL123C,YAL014C,0,-4.220549,0.08241314440965652,0.7536945939064026,0.8391625881195068
YNL264C,YPL128C,0,-4.2219505,0.08239095658063889,0.7536945939064026,0.8394088745117188
YKL176C,YOR367W,0,-4.2219653,0.08236877620220184,0.7536945939064026,0.8396551609039307
YJL207C,YDR264C,0,-4.2224135,0.082346610724926,0.7536945939064026,0.8399015069007874
YHR018C,YOR122C,0,-4.2233243,0.08232445269823074,0.7536945939064026,0.8401477932929993
YJR090C,YDL042C,0,-4.225967,0.08230230957269669,0.7536945939064026,0.8403940796852112
YPL164C,YJL047C,1,-4.2263436,0.0825490728020668,0.756157636642456,0.8403940796852112
YJL047C,YFL003C,1,-4.2269835,0.08279570192098618,0.7586206793785095,0.8403940796852112
YJL047C,YPL015C,1,-4.2276883,0.0830421894788742,0.761083722114563,0.8403940796852112
YKL146W,YNL037C,0,-4.2284055,0.08301988244056702,0.761083722114563,0.8406403660774231
YOR368W,YFL003C,1,-4.229343,0.08326618373394012,0.7635468244552612,0.8406403660774231
YIR010W,YLR399C,0,-4.2305136,0.08324382454156876,0.7635468244552612,0.8408867120742798
YJL063C,YOR073W,0,-4.2341123,0.08322147279977798,0.7635468244552612,0.8411329984664917
YNL315C,YOR178C,0,-4.234155,0.083199143409729,0.7635468244552612,0.8413792848587036
YDR162C,YAR003W,0,-4.234551,0.08317682147026062,0.7635468244552612,0.8416256308555603
YNL264C,YNL222W,0,-4.2345686,0.08315450698137283,0.7635468244552612,0.8418719172477722
YDL002C,YBR021W,0,-4.235155,0.08313220739364624,0.7635468244552612,0.8421182036399841
YAL055W,YNL005C,0,-4.2358074,0.08310992270708084,0.7635468244552612,0.8423645496368408
YHR134W,YIR010W,0,-4.2369256,0.08308764547109604,0.7635468244552612,0.8426108360290527
YDR073W,YLR035C,0,-4.239834,0.08306538313627243,0.7635468244552612,0.8428571224212646
YNL139C,YDR113C,1,-4.2401104,0.08331100642681122,0.7660098671913147,0.8428571224212646
YCL038C,YPL232W,0,-4.2409315,0.08328869938850403,0.7660098671913147,0.8431034684181213
YJL123C,YPL003W,0,-4.2418966,0.08326639980077744,0.7660098671913147,0.8433497548103333
YPR020W,YDL236W,0,-4.2437563,0.08324410766363144,0.7660098671913147,0.8435960412025452
YOR115C,YLR332W,0,-4.249601,0.08322183787822723,0.7660098671913147,0.8438423871994019
YOR144C,YOR035C,1,-4.2525225,0.08346709609031677,0.7684729099273682,0.8438423871994019
YHR143W-A,YGR163W,0,-4.253032,0.08344477415084839,0.7684729099273682,0.8440886735916138
YPR020W,YEL009C,0,-4.253265,0.0834224596619606,0.7684729099273682,0.8443349599838257
YGL043W,YOL068C,1,-4.255117,0.08366747200489044,0.7709359526634216,0.8443349599838257
YDL150W,YER094C,0,-4.2586,0.08364511281251907,0.7709359526634216,0.8445813059806824
YNL139C,YNL312W,1,-4.2595215,0.0838899314403534,0.7733989953994751,0.8445813059806824
YDL132W,YGL208W,0,-4.259555,0.08386752009391785,0.7733989953994751,0.8448275923728943
YDL044C,YEL003W,0,-4.26441,0.0838451236486435,0.7733989953994751,0.8450738787651062
YMR216C,YER075C,0,-4.2646084,0.08382274210453033,0.7733989953994751,0.8453202247619629
YDL153C,YBR039W,0,-4.2712674,0.08380037546157837,0.7733989953994751,0.8455665111541748
YKR010C,YGL023C,0,-4.271677,0.083778016269207,0.7733989953994751,0.8458127975463867
YPR103W,YEL042W,0,-4.2720723,0.08375566452741623,0.7733989953994751,0.8460590839385986
YBR280C,YIL073C,0,-4.2725034,0.08373333513736725,0.7733989953994751,0.8463054299354553
YOL128C,YKR029C,0,-4.2743526,0.08371101319789886,0.7733989953994751,0.8465517163276672
YNL139C,YML062C,1,-4.274792,0.08395522087812424,0.7758620977401733,0.8465517163276672
YKL176C,YML093W,0,-4.2769046,0.08393285423517227,0.7758620977401733,0.8467980027198792
YBR253W,YDL058W,0,-4.2776704,0.0839104950428009,0.7758620977401733,0.8470443487167358
YDR394W,YML001W,0,-4.2789736,0.08388815075159073,0.7758620977401733,0.8472906351089478
YDR073W,YMR014W,0,-4.2791038,0.08386581391096115,0.7758620977401733,0.8475369215011597
YHR107C,YPL266W,0,-4.279502,0.08384349197149277,0.7758620977401733,0.8477832674980164
YPL084W,YKL137W,0,-4.281364,0.08382118493318558,0.7758620977401733,0.8480295538902283
YBR132C,YML110C,0,-4.283068,0.08379888534545898,0.7758620977401733,0.8482758402824402
YML130C,YBR057C,0,-4.283255,0.08377659320831299,0.7758620977401733,0.8485221862792969
YDL103C,YCR088W,0,-4.2836924,0.08375432342290878,0.7758620977401733,0.8487684726715088
YGR195W,YBR070C,0,-4.283747,0.08373206108808517,0.7758620977401733,0.8490147590637207
YPL232W,YMR067C,0,-4.284097,0.08370980620384216,0.7758620977401733,0.8492611050605774
YOR354C,YGL043W,1,-4.2847757,0.08395323902368546,0.7783251404762268,0.8492611050605774
YAR014C,YJR017C,0,-4.2850595,0.08393093943595886,0.7783251404762268,0.8495073914527893
YLR071C,YOL130W,0,-4.2853875,0.08390865474939346,0.7783251404762268,0.8497536778450012
YGL208W,YPL057C,0,-4.2855954,0.08388638496398926,0.7783251404762268,0.8500000238418579
YAR014C,YBR106W,0,-4.28663,0.08386411517858505,0.7783251404762268,0.8502463102340698
YDR349C,YJL137C,0,-4.2882056,0.08384186774492264,0.7783251404762268,0.8504925966262817
YPL164C,YOR368W,1,-4.2882867,0.0840848833322525,0.7807881832122803,0.8504925966262817
YDL159W,YNL097C,0,-4.2894707,0.08406258374452591,0.7807881832122803,0.8507389426231384
YKL137W,YIL073C,0,-4.2928843,0.08404029905796051,0.7807881832122803,0.8509852290153503
YOL006C,YOR035C,1,-4.29472,0.08428306132555008,0.7832512259483337,0.8509852290153503
YGL020C,YGL029W,0,-4.295777,0.0842607319355011,0.7832512259483337,0.8512315154075623
YIL050W,YGL257C,0,-4.2964745,0.08423840999603271,0.7832512259483337,0.851477861404419
YPL164C,YOL006C,1,-4.296489,0.08448093384504318,0.7857142686843872,0.851477861404419
YLR166C,YNL071W,0,-4.2984247,0.08445856720209122,0.7857142686843872,0.8517241477966309
YGR195W,YGR231C,0,-4.29905,0.08443620800971985,0.7857142686843872,0.8519704341888428
YML126C,YML010W,0,-4.2993593,0.08441386371850967,0.7857142686843872,0.8522167205810547
YER042W,YIL044C,0,-4.3009543,0.0843915343284607,0.7857142686843872,0.8524630665779114
YBR152W,YMR060C,0,-4.302159,0.08436921238899231,0.7857142686843872,0.8527093529701233
YLR071C,YIL103W,0,-4.3033442,0.08434690535068512,0.7857142686843872,0.8529556393623352
YPL237W,YCR003W,0,-4.303686,0.08432461321353912,0.7857142686843872,0.8532019853591919
YMR092C,YAL014C,0,-4.304133,0.08430232852697372,0.7857142686843872,0.8534482717514038
YDR006C,YLR144C,0,-4.306557,0.08428005129098892,0.7857142686843872,0.8536945581436157
YGL023C,YCR066W,0,-4.307061,0.08425778895616531,0.7857142686843872,0.8539409041404724
YPL268W,YLR453C,0,-4.3087454,0.0842355415225029,0.7857142686843872,0.8541871905326843
YKR010C,YPL268W,0,-4.3091674,0.08421330153942108,0.7857142686843872,0.8544334769248962
YHL002W,YPL016W,0,-4.3096037,0.08419107645750046,0.7857142686843872,0.8546798229217529
YHR063C,YDR016C,0,-4.310593,0.08416886627674103,0.7857142686843872,0.8549261093139648
YJL104W,YIL017C,0,-4.311565,0.0841466635465622,0.7857142686843872,0.8551723957061768
YPR023C,YJR007W,0,-4.312648,0.08412447571754456,0.7857142686843872,0.8554187417030334
YDL150W,YKR024C,0,-4.313133,0.08410229533910751,0.7857142686843872,0.8556650280952454
YDR194C,YOR307C,0,-4.316523,0.08408012986183167,0.7857142686843872,0.8559113144874573
YLR423C,YJL184W,0,-4.3169026,0.08405797183513641,0.7857142686843872,0.856157660484314
YGL124C,YOR030W,0,-4.317312,0.08403582870960236,0.7857142686843872,0.8564039468765259
YDR119W,YGR172C,0,-4.318207,0.0840136930346489,0.7857142686843872,0.8566502332687378
YDL193W,YPR056W,0,-4.3185973,0.08399157226085663,0.7857142686843872,0.8568965792655945
YDR519W,YLL015W,0,-4.318835,0.08396946638822556,0.7857142686843872,0.8571428656578064
YGR257C,YER166W,0,-4.319128,0.08394736796617508,0.7857142686843872,0.8573891520500183
YJR007W,YMR268C,0,-4.3191466,0.0839252844452858,0.7857142686843872,0.8576354384422302
YMR214W,YDL165W,0,-4.3191657,0.08390320837497711,0.7857142686843872,0.8578817844390869
YLR262C,YJR086W,0,-4.319633,0.08388114720582962,0.7857142686843872,0.8581280708312988
YNL315C,YLR119W,0,-4.320519,0.08385909348726273,0.7857142686843872,0.8583743572235107
YDL159W,YIL114C,0,-4.320826,0.08383705466985703,0.7857142686843872,0.8586207032203674
YGR183C,YGL208W,0,-4.3210425,0.08381503075361252,0.7857142686843872,0.8588669896125793
YML062C,YOR035C,1,-4.3218246,0.08405568450689316,0.7881773114204407,0.8588669896125793
YPL029W,YKL137W,0,-4.322309,0.08403361588716507,0.7881773114204407,0.8591132760047913
YCR042C,YJL074C,0,-4.3268313,0.08401155471801758,0.7881773114204407,0.859359622001648
YGL001C,YBL050W,0,-4.3268647,0.08398950099945068,0.7881773114204407,0.8596059083938599
YPR104C,YDR255C,0,-4.3277783,0.08396746218204498,0.7881773114204407,0.8598521947860718
YJL091C,YOL130W,0,-4.3286896,0.08394543826580048,0.7881773114204407,0.8600985407829285
YGL100W,YLR362W,0,-4.328819,0.08392342180013657,0.7881773114204407,0.8603448271751404
YML029W,YDR051C,0,-4.328951,0.08390141278505325,0.7881773114204407,0.8605911135673523
YNL090W,YBL018C,0,-4.3297496,0.08387942612171173,0.7881773114204407,0.860837459564209
YCR079W,YNL229C,0,-4.334141,0.08385743945837021,0.7881773114204407,0.8610837459564209
YJL111W,YDL058W,0,-4.3342004,0.08383547514677048,0.7881773114204407,0.8613300323486328
YOR118W,YNR012W,0,-4.336578,0.08381351828575134,0.7881773114204407,0.8615763783454895
YOR144C,YFL003C,1,-4.3375497,0.0840534195303917,0.7906404137611389,0.8615763783454895
YHR079C-A,YDR446W,1,-4.338696,0.0842931941151619,0.7931034564971924,0.8615763783454895
YJL137C,YOR028C,0,-4.338999,0.0842711329460144,0.7931034564971924,0.8618226647377014
YIL103W,YPL030W,0,-4.3400927,0.0842490866780281,0.7931034564971924,0.8620689511299133
YDL159W,YPR094W,0,-4.341026,0.0842270478606224,0.7931034564971924,0.86231529712677
YJR044C,YLR155C,0,-4.3415017,0.0842050239443779,0.7931034564971924,0.8625615835189819
YOR284W,YNL177C,0,-4.343448,0.08418300747871399,0.7931034564971924,0.8628078699111938
YBR186W,YOR073W,0,-4.344621,0.08416100591421127,0.7931034564971924,0.8630542159080505
YPL023C,YOR122C,0,-4.344687,0.08413901180028915,0.7931034564971924,0.8633005023002625
YPL032C,YGL038C,0,-4.345141,0.08411703258752823,0.7931034564971924,0.8635467886924744
YPL029W,YJL115W,0,-4.3466887,0.0840950608253479,0.7931034564971924,0.8637930750846863
YHR107C,YPL029W,0,-4.347375,0.08407310396432877,0.7931034564971924,0.864039421081543
YHR143W-A,YJL014W,0,-4.34891,0.08405116200447083,0.7931034564971924,0.8642857074737549
YGR186W,YIL040W,0,-4.3502884,0.08402922749519348,0.7931034564971924,0.8645319938659668
YLR275W,YLR421C,0,-4.352041,0.08400730788707733,0.7931034564971924,0.8647783398628235
YOR130C,YMR044W,0,-4.3530464,0.08398539572954178,0.7931034564971924,0.8650246262550354
YOR362C,YDR291W,0,-4.354666,0.08396349102258682,0.7931034564971924,0.8652709126472473
YGL124C,YGR132C,0,-4.3556256,0.08394160866737366,0.7931034564971924,0.865517258644104
YPR052C,YER122C,0,-4.355984,0.08391972631216049,0.7931034564971924,0.8657635450363159
YFL034C-B,YDR291W,0,-4.3573704,0.08389786630868912,0.7931034564971924,0.8660098314285278
YOR118W,YPL057C,0,-4.358048,0.08387600630521774,0.7931034564971924,0.8662561774253845
YDR294C,YBR039W,0,-4.358761,0.08385416865348816,0.7931034564971924,0.8665024638175964
YBL046W,YGR198W,0,-4.3618765,0.08383233845233917,0.7931034564971924,0.8667487502098083
YOR125C,YBL101C,0,-4.362674,0.08381051570177078,0.7931034564971924,0.866995096206665
YNL088W,YDR180W,1,-4.363975,0.08404891937971115,0.7955664992332458,0.866995096206665
YNL154C,YGR121C,0,-4.3644853,0.08402705192565918,0.7955664992332458,0.867241382598877
YOR033C,YOL130W,0,-4.365972,0.0840051993727684,0.7955664992332458,0.8674876689910889
YFL034C-B,YLL042C,0,-4.3671937,0.08398336172103882,0.7955664992332458,0.8677340149879456
YLR332W,YBR171W,0,-4.368567,0.08396153151988983,0.7955664992332458,0.8679803013801575
YLR166C,YFL034C-B,0,-4.3690977,0.08393970876932144,0.7955664992332458,0.8682265877723694
YKL184W,YDL236W,0,-4.3698654,0.08391790091991425,0.7955664992332458,0.8684729337692261
YDL212W,YGL011C,0,-4.3701463,0.08389610052108765,0.7955664992332458,0.868719220161438
YDL155W,YNL197C,0,-4.3703203,0.08387431502342224,0.7955664992332458,0.8689655065536499
YDR162C,YGL207W,0,-4.370505,0.08385254442691803,0.7955664992332458,0.8692117929458618
YJR091C,YJL076W,0,-4.3722863,0.08383078128099442,0.7955664992332458,0.8694581389427185
YGR198W,YGL245W,0,-4.37246,0.083809033036232,0.7955664992332458,0.8697044253349304
YDL147W,YDL201W,0,-4.3730845,0.08378729224205017,0.7955664992332458,0.8699507117271423
YMR202W,YGL011C,0,-4.3756003,0.08376555889844894,0.7955664992332458,0.870197057723999
YGL043W,YJL047C,1,-4.376411,0.08400311321020126,0.7980295419692993,0.870197057723999
YJL111W,YPL266W,0,-4.376678,0.08398133516311646,0.7980295419692993,0.8704433441162109
YHR134W,YLR027C,0,-4.3802357,0.08395957201719284,0.7980295419692993,0.8706896305084229
YAR008W,YMR283C,0,-4.383103,0.08393782377243042,0.7980295419692993,0.8709359765052795
YLR013W,YLR453C,0,-4.388222,0.0839160829782486,0.7980295419692993,0.8711822628974915
YIL049W,YJL204C,0,-4.3887205,0.08389435708522797,0.7980295419692993,0.8714285492897034
YDL232W,YNL003C,0,-4.3889194,0.08387263864278793,0.7980295419692993,0.8716748952865601
YKR010C,YLR071C,0,-4.3902106,0.0838509351015091,0.7980295419692993,0.871921181678772
YDR202C,YIR010W,0,-4.3909397,0.08382923901081085,0.7980295419692993,0.8721674680709839
YKR013W,YMR161W,0,-4.3912606,0.0838075503706932,0.7980295419692993,0.8724138140678406
YOR354C,YDR113C,1,-4.3917775,0.08404447883367538,0.8004925847053528,0.8724138140678406
YOL006C,YNL312W,1,-4.3926177,0.08428128063678741,0.802955687046051,0.8724138140678406
YDR073W,YMR047C,0,-4.3929296,0.08425949513912201,0.802955687046051,0.8726601004600525
YBL067C,YPR140W,0,-4.3935056,0.0842377245426178,0.802955687046051,0.8729063868522644
YOL001W,YGL054C,0,-4.3946834,0.08421596139669418,0.802955687046051,0.8731527328491211
YGR227W,YKL046C,0,-4.395572,0.08419421315193176,0.802955687046051,0.873399019241333
YBL016W,YHR107C,0,-4.39689,0.08417247980833054,0.802955687046051,0.8736453056335449
YNL075W,YNL299W,0,-4.3984623,0.08415074646472931,0.802955687046051,0.8738916516304016
YPL128C,YER075C,0,-4.3986945,0.08412903547286987,0.802955687046051,0.8741379380226135
YLR298C,YDL020C,0,-4.399456,0.08410732448101044,0.802955687046051,0.8743842244148254
YPL037C,YGL150C,0,-4.4005933,0.08408563584089279,0.802955687046051,0.8746305704116821
YOL006C,YOL068C,1,-4.401361,0.08432181179523468,0.8054187297821045,0.8746305704116821
YEL063C,YLR034C,0,-4.404342,0.08430007845163345,0.8054187297821045,0.874876856803894
YPL047W,YAR003W,0,-4.4050317,0.08427835255861282,0.8054187297821045,0.875123143196106
YML038C,YDR162C,0,-4.4061723,0.08425663411617279,0.8054187297821045,0.8753694295883179
YNL088W,YMR167W,1,-4.4062233,0.084492526948452,0.807881772518158,0.8753694295883179
YFR042W,YDR267C,0,-4.4080415,0.08447077125310898,0.807881772518158,0.8756157755851746
YML078W,YJL137C,0,-4.4082937,0.08444902300834656,0.807881772518158,0.8758620619773865
YNL315C,YPL190C,0,-4.4084,0.08442728221416473,0.807881772518158,0.8761083483695984
YNL088W,YOR035C,1,-4.4094763,0.08466289192438126,0.8103448152542114,0.8761083483695984
YIL103W,YER018C,0,-4.4102974,0.08464111387729645,0.8103448152542114,0.8763546943664551
YML093W,YHR152W,0,-4.411473,0.08461934328079224,0.8103448152542114,0.876600980758667
YDR216W,YDR043C,0,-4.412061,0.08459758013486862,0.8103448152542114,0.8768472671508789
YOR354C,YOR368W,1,-4.4129434,0.08483290672302246,0.8128078579902649,0.8768472671508789
YMR092C,YDR354W,0,-4.413139,0.08481109887361526,0.8128078579902649,0.8770936131477356
YLR336C,YPL029W,0,-4.4134746,0.08478931337594986,0.8128078579902649,0.8773398995399475
YMR024W,YDL044C,0,-4.4136896,0.08476752787828445,0.8128078579902649,0.8775861859321594
YPL232W,YGR195W,0,-4.4149885,0.08474576473236084,0.8128078579902649,0.8778325319290161
YOR210W,YGR074W,0,-4.4162307,0.08472400158643723,0.8128078579902649,0.878078818321228
YIL085C,YJR043C,0,-4.4189777,0.0847022607922554,0.8128078579902649,0.8783251047134399
YNL252C,YOL137W,0,-4.4193215,0.08468051999807358,0.8128078579902649,0.8785714507102966
YML038C,YDR394W,0,-4.4263988,0.08465880155563354,0.8128078579902649,0.8788177371025085
YGL043W,YPL015C,1,-4.426794,0.08489356189966202,0.8152709603309631,0.8788177371025085
YGR186W,YER016W,0,-4.4283295,0.0848717913031578,0.8152709603309631,0.8790640234947205
YER006W,YBR236C,0,-4.4283967,0.08485003560781479,0.8152709603309631,0.8793103694915771
YPR103W,YPR079W,0,-4.429481,0.08482829481363297,0.8152709603309631,0.8795566558837891
YLR272C,YCR008W,0,-4.42999,0.08480656147003174,0.8152709603309631,0.879802942276001
YJR105W,YHR200W,0,-4.43022,0.08478483557701111,0.8152709603309631,0.8800492882728577
YGL032C,YBR014C,0,-4.4317675,0.08476312458515167,0.8152709603309631,0.8802955746650696
YNL071W,YOR094W,0,-4.4320626,0.08474142104387283,0.8152709603309631,0.8805418610572815
YOL094C,YNL005C,0,-4.4336705,0.08471973240375519,0.8152709603309631,0.8807882070541382
YER016W,YER122C,0,-4.4337354,0.08469805866479874,0.8152709603309631,0.8810344934463501
YML110C,YOR371C,0,-4.434426,0.08467638492584229,0.8152709603309631,0.881280779838562
YBR073W,YPL015C,1,-4.4345517,0.08491048961877823,0.8177340030670166,0.881280779838562
YPR052C,YGR206W,0,-4.4372253,0.08488877862691879,0.8177340030670166,0.8815270662307739
YJL002C,YLR133W,0,-4.438233,0.08486707508563995,0.8177340030670166,0.8817734122276306
YNR039C,YDR331W,0,-4.438609,0.08484538644552231,0.8177340030670166,0.8820196986198425
YBR103W,YKL176C,0,-4.439395,0.08482371270656586,0.8177340030670166,0.8822659850120544
YNL088W,YOR368W,1,-4.440678,0.08505747467279434,0.8201970458030701,0.8822659850120544
YJL137C,YLL036C,0,-4.4416475,0.08503574877977371,0.8201970458030701,0.8825123310089111
YAL005C,YMR251W-A,0,-4.4429708,0.08501403778791428,0.8201970458030701,0.882758617401123
YJR064W,YMR309C,0,-4.4443746,0.08499234169721603,0.8201970458030701,0.883004903793335
YBR186W,YNL326C,0,-4.446866,0.08497065305709839,0.8201970458030701,0.8832512497901917
YNL083W,YKL012W,0,-4.4473624,0.08494897931814194,0.8201970458030701,0.8834975361824036
YMR047C,YMR231W,0,-4.4478674,0.08492731302976608,0.8201970458030701,0.8837438225746155
YGL099W,YDR206W,0,-4.44819,0.08490566164255142,0.8201970458030701,0.8839901685714722
YBR084C-A,YPR165W,0,-4.449994,0.08488401770591736,0.8201970458030701,0.8842364549636841
YLR388W,YGL097W,0,-4.45005,0.08486238867044449,0.8201970458030701,0.884482741355896
YLR310C,YPR056W,0,-4.45046,0.08484076708555222,0.8201970458030701,0.8847290873527527
YML064C,YHR083W,0,-4.4520144,0.08481915295124054,0.8201970458030701,0.8849753737449646
YDR182W,YDR016C,0,-4.4553037,0.08479755371809006,0.8201970458030701,0.8852216601371765
YER157W,YDR255C,0,-4.455725,0.08477596938610077,0.8201970458030701,0.8854680061340332
YMR190C,YML062C,1,-4.4558434,0.08500891178846359,0.8226600885391235,0.8854680061340332
YOR354C,YHR039C,1,-4.4578,0.08524172753095627,0.825123131275177,0.8854680061340332
YBR253W,YOL044W,0,-4.4579005,0.08522004634141922,0.825123131275177,0.8857142925262451
YJL047C,YPR164W,1,-4.458686,0.08545269817113876,0.8275862336158752,0.8857142925262451
YGR033C,YCR020W-B,0,-4.4592876,0.08543097227811813,0.8275862336158752,0.885960578918457
YBL102W,YER016W,0,-4.4592967,0.0854092538356781,0.8275862336158752,0.8862069249153137
YLR298C,YHR001W,0,-4.4595294,0.08538755029439926,0.8275862336158752,0.8864532113075256
YDR113C,YFL003C,1,-4.4597325,0.08561991900205612,0.8300492763519287,0.8864532113075256
YBR136W,YBR098W,1,-4.4597726,0.08585216850042343,0.8325123190879822,0.8864532113075256
YBR234C,YDL178W,0,-4.459849,0.08583036810159683,0.8325123190879822,0.8866994976997375
YDR450W,YGL054C,0,-4.460636,0.08580858260393143,0.8325123190879822,0.8869457840919495
YOR094W,YDR198C,0,-4.460806,0.08578680455684662,0.8325123190879822,0.8871921300888062
YHR034C,YMR268C,0,-4.462403,0.08576503396034241,0.8325123190879822,0.8874384164810181
YHL002W,YGR074W,0,-4.4635067,0.08574327826499939,0.8325123190879822,0.88768470287323
YBR210W,YHR107C,0,-4.465957,0.08572153002023697,0.8325123190879822,0.8879310488700867
YML038C,YMR092C,0,-4.46598,0.08569979667663574,0.8325123190879822,0.8881773352622986
YIL040W,YDR208W,0,-4.4665236,0.08567807078361511,0.8325123190879822,0.8884236216545105
YOR178C,YLR368W,0,-4.466686,0.08565635979175568,0.8325123190879822,0.8886699676513672
YNL139C,YOR368W,1,-4.466808,0.08588801324367523,0.8349753618240356,0.8886699676513672
YOR362C,YPR033C,0,-4.4668565,0.08586626499891281,0.8349753618240356,0.8889162540435791
YJL091C,YMR083W,0,-4.468616,0.08584451675415039,0.8349753618240356,0.889162540435791
YMR236W,YIL065C,0,-4.469511,0.08582278341054916,0.8349753618240356,0.8894088864326477
YBR073W,YOR354C,1,-4.469527,0.08605416119098663,0.8374384045600891,0.8894088864326477
YPL016W,YDR489W,0,-4.4695754,0.08603239059448242,0.8374384045600891,0.8896551728248596
YNL099C,YML072C,0,-4.4701896,0.08601062744855881,0.8374384045600891,0.8899014592170715
YKL046C,YDR017C,0,-4.4732046,0.08598887175321579,0.8374384045600891,0.8901478052139282
YKL101W,YFL022C,0,-4.473218,0.08596713095903397,0.8374384045600891,0.8903940916061401
YIL041W,YPL266W,0,-4.473781,0.08594539761543274,0.8374384045600891,0.890640377998352
YAR003W,YKL018W,0,-4.4738526,0.0859236791729927,0.8374384045600891,0.8908867239952087
YBR234C,YIL063C,0,-4.479507,0.08590196818113327,0.8374384045600891,0.8911330103874207
YDL052C,YFR028C,0,-4.480967,0.08588027209043503,0.8374384045600891,0.8913792967796326
YKL025C,YIL122W,0,-4.482303,0.08585858345031738,0.8374384045600891,0.8916256427764893
YDR519W,YDR237W,0,-4.484147,0.08583690971136093,0.8374384045600891,0.8918719291687012
YIL085C,YBL105C,0,-4.485991,0.08581524342298508,0.8374384045600891,0.8921182155609131
YOR144C,YNL088W,1,-4.4868617,0.08604592829942703,0.8399015069007874,0.8921182155609131
YKR003W,YMR083W,0,-4.487117,0.0860242173075676,0.8399015069007874,0.8923645615577698
YOL137W,YJR019C,0,-4.4871984,0.08600252121686935,0.8399015069007874,0.8926108479499817
YOR321W,YAL055W,0,-4.4877315,0.0859808400273323,0.8399015069007874,0.8928571343421936
YMR236W,YHR152W,0,-4.4881845,0.08595916628837585,0.8399015069007874,0.8931034207344055
YOR329C,YDR051C,0,-4.490063,0.0859375,0.8399015069007874,0.8933497667312622
YLR342W,YMR278W,0,-4.4910445,0.08591584861278534,0.8399015069007874,0.8935960531234741
YDR267C,YDR198C,0,-4.491882,0.08589420467615128,0.8399015069007874,0.893842339515686
YLR376C,YPL053C,0,-4.4929714,0.0858725756406784,0.8399015069007874,0.8940886855125427
YML066C,YBL097W,0,-4.493665,0.08585095405578613,0.8399015069007874,0.8943349719047546
YDR221W,YNL169C,0,-4.4948025,0.08582934737205505,0.8399015069007874,0.8945812582969666
YGR121C,YML069W,0,-4.4986873,0.08580774813890457,0.8399015069007874,0.8948276042938232
YOR149C,YKL084W,0,-4.4999347,0.08578616380691528,0.8399015069007874,0.8950738906860352
YGL043W,YML062C,1,-4.5007486,0.08601609617471695,0.8423645496368408,0.8950738906860352
YMR092C,YER094C,0,-4.5061393,0.08599446713924408,0.8423645496368408,0.8953201770782471
YMR288W,YLR148W,0,-4.5063577,0.0859728530049324,0.8423645496368408,0.8955665230751038
YGL065C,YOL001W,0,-4.5065665,0.08595124632120132,0.8423645496368408,0.8958128094673157
YML064C,YBR253W,0,-4.5078516,0.08592964708805084,0.8423645496368408,0.8960590958595276
YOR141C,YKL211C,0,-4.5085583,0.08590806275606155,0.8423645496368408,0.8963054418563843
YKR086W,YIL122W,0,-4.510057,0.08588648587465286,0.8423645496368408,0.8965517282485962
YKR010C,YBL019W,0,-4.510572,0.08586492389440536,0.8423645496368408,0.8967980146408081
YDR293C,YCR008W,0,-4.510856,0.08584337681531906,0.8423645496368408,0.8970443606376648
YDL194W,YOR028C,0,-4.5109115,0.08582182973623276,0.8423645496368408,0.8972906470298767
YOR141C,YOL113W,0,-4.514096,0.08580029755830765,0.8423645496368408,0.8975369334220886
YDL207W,YPR079W,0,-4.5141153,0.08577878028154373,0.8423645496368408,0.8977832794189453
YKL213C,YOR197W,0,-4.5143447,0.08575727045536041,0.8423645496368408,0.8980295658111572
YML078W,YDR294C,0,-4.516131,0.08573577553033829,0.8423645496368408,0.8982758522033691
YPR101W,YBR201W,0,-4.5168667,0.08571428805589676,0.8423645496368408,0.898522138595581
YDR027C,YGL166W,0,-4.517164,0.08569280803203583,0.8423645496368408,0.8987684845924377
YNL083W,YGL257C,0,-4.5207314,0.08567134290933609,0.8423645496368408,0.8990147709846497
YNL224C,YKL073W,0,-4.5235705,0.08564988523721695,0.8423645496368408,0.8992610573768616
YOR354C,YNL312W,1,-4.5240636,0.08587881922721863,0.8448275923728943,0.8992610573768616
YOL089C,YER166W,0,-4.5248,0.0858573243021965,0.8448275923728943,0.8995074033737183
YOR197W,YLR119W,0,-4.52547,0.08583583682775497,0.8448275923728943,0.8997536897659302
YKL176C,YPL270W,0,-4.52627,0.08581436425447464,0.8448275923728943,0.8999999761581421
YER019W,YCR017C,0,-4.5267,0.0857928991317749,0.8448275923728943,0.9002463221549988
YMR288W,YNL222W,0,-4.5275855,0.08577144145965576,0.8448275923728943,0.9004926085472107
YER021W,YGL257C,0,-4.5283446,0.08574999868869781,0.8448275923728943,0.9007388949394226
YLR310C,YDR084C,0,-4.5296044,0.08572857081890106,0.8448275923728943,0.9009852409362793
YIL041W,YMR266W,0,-4.5303874,0.08570714294910431,0.8448275923728943,0.9012315273284912
YJR043C,YML111W,0,-4.5305552,0.08568573743104935,0.8448275923728943,0.9014778137207031
YER144C,YLR229C,0,-4.5310025,0.08566433936357498,0.8448275923728943,0.9017241597175598
YFL009W,YOR196C,0,-4.5310435,0.08564294874668121,0.8448275923728943,0.9019704461097717
YPR164W,YMR167W,1,-4.5323133,0.08587118983268738,0.8472906351089478,0.9019704461097717
YOR007C,YPR165W,0,-4.532576,0.08584976196289062,0.8472906351089478,0.9022167325019836
YOL088C,YOR245C,0,-4.536208,0.08582834154367447,0.8472906351089478,0.9024630784988403
YLL036C,YIL103W,0,-4.5376143,0.0858069360256195,0.8472906351089478,0.9027093648910522
YDL188C,YOL027C,0,-4.5417914,0.08578553795814514,0.8472906351089478,0.9029556512832642
YJL063C,YMR202W,0,-4.5429077,0.08576414734125137,0.8472906351089478,0.9032019972801208
YDR311W,YHR034C,0,-4.5434747,0.0857427716255188,0.8472906351089478,0.9034482836723328
YJL047C,YOR035C,1,-4.544175,0.08597059547901154,0.8497536778450012,0.9034482836723328
YDR156W,YDR267C,0,-4.549277,0.08594917505979538,0.8497536778450012,0.9036945700645447
YBR302C,YPL008W,0,-4.552483,0.08592776954174042,0.8497536778450012,0.9039409160614014
YHR001W,YDR484W,0,-4.552788,0.08590637147426605,0.8497536778450012,0.9041872024536133
YOR362C,YDR255C,0,-4.5534062,0.08588498830795288,0.8497536778450012,0.9044334888458252
YKR003W,YJR019C,0,-4.554831,0.0858636125922203,0.8497536778450012,0.9046797752380371
YFL050C,YJL203W,0,-4.5553417,0.08584225177764893,0.8497536778450012,0.9049261212348938
YOR196C,YLL036C,0,-4.557367,0.08582089841365814,0.8497536778450012,0.9051724076271057
YML038C,YJR144W,0,-4.561521,0.08579955250024796,0.8497536778450012,0.9054186940193176
YJL047C,YOL068C,1,-4.561831,0.08602685481309891,0.8522167205810547,0.9054186940193176
YJL042W,YMR047C,0,-4.561953,0.08600547164678574,0.8522167205810547,0.9056650400161743
YAL005C,YPL084W,0,-4.562118,0.08598409593105316,0.8522167205810547,0.9059113264083862
YKL113C,YKL139W,0,-4.5624704,0.08596273511648178,0.8522167205810547,0.9061576128005981
YOR035C,YFL003C,1,-4.563885,0.08618976920843124,0.8546798229217529,0.9061576128005981
YLL036C,YKL139W,0,-4.5675783,0.08616836369037628,0.8546798229217529,0.9064039587974548
YOL094C,YML025C,0,-4.5717597,0.08614697307348251,0.8546798229217529,0.9066502451896667
YOL110W,YMR060C,0,-4.5741925,0.08612558990716934,0.8546798229217529,0.9068965315818787
YLR128W,YKR022C,0,-4.577164,0.08610422164201736,0.8546798229217529,0.9071428775787354
YFL031W,YGR240C,0,-4.5780897,0.08608286082744598,0.8546798229217529,0.9073891639709473
YLR128W,YOL137W,0,-4.5799813,0.0860615074634552,0.8546798229217529,0.9076354503631592
YLR410W,YMR309C,0,-4.5800986,0.08604016900062561,0.8546798229217529,0.9078817963600159
YNR023W,YML038C,0,-4.582756,0.08601883798837662,0.8546798229217529,0.9081280827522278
YHR072W,YPL057C,0,-4.582973,0.08599752187728882,0.8546798229217529,0.9083743691444397
YMR236W,YIL157C,0,-4.583314,0.08597621321678162,0.8546798229217529,0.9086207151412964
YDR142C,YLL015W,0,-4.584128,0.08595491945743561,0.8546798229217529,0.9088670015335083
YPL047W,YOR115C,0,-4.5862713,0.0859336331486702,0.8546798229217529,0.9091132879257202
YOR354C,YPL015C,1,-4.587669,0.08615993708372116,0.8571428656578064,0.9091132879257202
YNL088W,YPL015C,1,-4.587852,0.08638613671064377,0.8596059083938599,0.9091132879257202
YJL047C,YOR368W,1,-4.5929894,0.08661222457885742,0.8620689511299133,0.9091132879257202
YNL154C,YGR132C,0,-4.593765,0.08659079670906067,0.8620689511299133,0.9093596339225769
YML025C,YPL128C,0,-4.5960956,0.08656937628984451,0.8620689511299133,0.9096059203147888
YBR229C,YKL065C,0,-4.5970206,0.08654797077178955,0.8620689511299133,0.9098522067070007
YBR133C,YLR069C,0,-4.5978365,0.08652657270431519,0.8620689511299133,0.9100984930992126
YDL178W,YIL044C,0,-4.5979867,0.08650518953800201,0.8620689511299133,0.9103448390960693
YPR009W,YOL113W,0,-4.599851,0.08648381382226944,0.8620689511299133,0.9105911254882812
YDR462W,YCR083W,0,-4.6024203,0.08646245300769806,0.8620689511299133,0.9108374118804932
YIL023C,YJL210W,0,-4.604527,0.08644109964370728,0.8620689511299133,0.9110837578773499
YGL208W,YPL003W,0,-4.6081495,0.08641975373029709,0.8620689511299133,0.9113300442695618
YKL025C,YJL104W,0,-4.6104927,0.0863984227180481,0.8620689511299133,0.9115763306617737
YMR293C,YJR067C,0,-4.6120615,0.0863770991563797,0.8620689511299133,0.9118226766586304
YFL022C,YER122C,0,-4.612775,0.0863557830452919,0.8620689511299133,0.9120689630508423
YAR014C,YGL245W,0,-4.613303,0.0863344818353653,0.8620689511299133,0.9123152494430542
YBR200W,YLR119W,0,-4.614396,0.08631319552659988,0.8620689511299133,0.9125615954399109
YER004W,YLR362W,0,-4.615639,0.08629191666841507,0.8620689511299133,0.9128078818321228
YOR033C,YBR167C,0,-4.615893,0.08627064526081085,0.8620689511299133,0.9130541682243347
YOR144C,YDR113C,1,-4.6167293,0.08649580925703049,0.8645319938659668,0.9130541682243347
YPR020W,YMR197C,0,-4.617661,0.08647450059652328,0.8645319938659668,0.9133005142211914
YMR167W,YOL068C,1,-4.618394,0.08669950813055038,0.866995096206665,0.9133005142211914
YFL009W,YMR030W,0,-4.621772,0.0866781547665596,0.866995096206665,0.9135468006134033
YDR322C-A,YFR044C,0,-4.621902,0.08665681630373001,0.866995096206665,0.9137930870056152
YBR073W,YMR167W,1,-4.622885,0.0868816152215004,0.8694581389427185,0.9137930870056152
YGR215W,YML046W,0,-4.6229463,0.08686023950576782,0.8694581389427185,0.9140394330024719
YJR144W,YFL002C,0,-4.6301894,0.08683887124061584,0.8694581389427185,0.9142857193946838
YOR368W,YOR035C,1,-4.6326714,0.08706345409154892,0.871921181678772,0.9142857193946838
YLR398C,YGL054C,0,-4.637623,0.08704204857349396,0.871921181678772,0.9145320057868958
YOR307C,YNL047C,0,-4.6407666,0.08702065050601959,0.871921181678772,0.9147783517837524
YHR063C,YNL329C,0,-4.6505,0.08699925988912582,0.871921181678772,0.9150246381759644
YNL088W,YOL068C,1,-4.6522365,0.0872235894203186,0.8743842244148254,0.9150246381759644
YLR144C,YIL122W,0,-4.6539893,0.08720216155052185,0.8743842244148254,0.9152709245681763
YBR215W,YIL017C,0,-4.660669,0.08718074858188629,0.8743842244148254,0.915517270565033
YLR376C,YDR142C,0,-4.66198,0.08715934306383133,0.8743842244148254,0.9157635569572449
YGL033W,YFL003C,1,-4.662275,0.08738340437412262,0.8768472671508789,0.9157635569572449
YJL209W,YJL204C,0,-4.6648774,0.08736196160316467,0.8768472671508789,0.9160098433494568
YLR226W,YBR167C,0,-4.665714,0.08734052628278732,0.8768472671508789,0.9162561297416687
YOR229W,YNL326C,0,-4.66702,0.08731910586357117,0.8768472671508789,0.9165024757385254
YPL053C,YGR261C,0,-4.671925,0.08729769289493561,0.8768472671508789,0.9167487621307373
YLR128W,YLR035C,0,-4.6753507,0.08727629482746124,0.8768472671508789,0.9169950485229492
YGR183C,YIL065C,0,-4.6841903,0.08725490421056747,0.8768472671508789,0.9172413945198059
YPL084W,YJL093C,0,-4.6842623,0.0872335210442543,0.8768472671508789,0.9174876809120178
YOR144C,YJL047C,1,-4.685698,0.08745712786912918,0.8793103694915771,0.9174876809120178
YMR197C,YJR093C,0,-4.6903872,0.08743570744991302,0.8793103694915771,0.9177339673042297
YOR354C,YNL139C,1,-4.6904674,0.08765915781259537,0.8817734122276306,0.9177339673042297
YBR265W,YML121W,0,-4.6906066,0.08763770014047623,0.8817734122276306,0.9179803133010864
YOL097C,YOR293W,0,-4.6919723,0.08761624991893768,0.8817734122276306,0.9182265996932983
YBR039W,YGL181W,0,-4.6936736,0.08759481459856033,0.8817734122276306,0.9184728860855103
YGR033C,YLR272C,0,-4.6940703,0.08757338672876358,0.8817734122276306,0.9187192320823669
YDR462W,YDL236W,0,-4.694777,0.08755196630954742,0.8817734122276306,0.9189655184745789
YGR183C,YBR221C,0,-4.6949434,0.08753056079149246,0.8817734122276306,0.9192118048667908
YPL053C,YIL103W,0,-4.6951833,0.0875091701745987,0.8817734122276306,0.9194581508636475
YNL154C,YJR067C,0,-4.6953125,0.08748777955770493,0.8817734122276306,0.9197044372558594
YNL139C,YJL047C,1,-4.695614,0.08771072328090668,0.8842364549636841,0.9197044372558594
YMR214W,YCR069W,0,-4.6976933,0.08768930286169052,0.8842364549636841,0.9199507236480713
YDR485C,YMR277W,0,-4.699645,0.08766788989305496,0.8842364549636841,0.920197069644928
YKL046C,YJL076W,0,-4.700326,0.087646484375,0.8842364549636841,0.9204433560371399
YDR153C,YBR201W,0,-4.7031875,0.08762509375810623,0.8842364549636841,0.9206896424293518
YPL023C,YOR336W,0,-4.704066,0.08760371059179306,0.8842364549636841,0.9209359884262085
YLR332W,YCR027C,0,-4.70621,0.08758233487606049,0.8842364549636841,0.9211822748184204
YNR032W,YBL105C,0,-4.706288,0.0875609740614891,0.8842364549636841,0.9214285612106323
YLR262C,YHR191C,0,-4.7088485,0.08753962814807892,0.8842364549636841,0.9216748476028442
YMR047C,YOL001W,0,-4.7105885,0.08751828223466873,0.8842364549636841,0.9219211935997009
YKR003W,YKR001C,0,-4.7112017,0.08749695122241974,0.8842364549636841,0.9221674799919128
YBR216C,YML029W,0,-4.715132,0.08747563511133194,0.8842364549636841,0.9224137663841248
YMR214W,YLR332W,0,-4.716531,0.08745432645082474,0.8842364549636841,0.9226601123809814
YBR073W,YOR035C,1,-4.717752,0.08767656981945038,0.8866994976997375,0.9226601123809814
YOR354C,YOR035C,1,-4.7183566,0.08789870887994766,0.889162540435791,0.9226601123809814
YGL002W,YGL257C,0,-4.718888,0.0878773108124733,0.889162540435791,0.9229063987731934
YML019W,YGR172C,0,-4.7196374,0.08785592764616013,0.889162540435791,0.9231526851654053
YGR215W,YOR171C,0,-4.719933,0.08783455193042755,0.889162540435791,0.923399031162262
YOL006C,YDR180W,1,-4.720881,0.08805643767118454,0.8916256427764893,0.923399031162262
YOR035C,YPL015C,1,-4.7214212,0.08827821165323257,0.8940886855125427,0.923399031162262
YPL118W,YBR201W,0,-4.7270036,0.08825674653053284,0.8940886855125427,0.9236453175544739
YML078W,YPR183W,0,-4.7301536,0.0882352963089943,0.8940886855125427,0.9238916039466858
YDR073W,YKL049C,0,-4.7320232,0.08821385353803635,0.8940886855125427,0.9241379499435425
YBL006C,YPL055C,0,-4.7338705,0.088192418217659,0.8940886855125427,0.9243842363357544
YDR294C,YOR007C,0,-4.7348533,0.08817099779844284,0.8940886855125427,0.9246305227279663
YPL053C,YKR001C,0,-4.7364306,0.08814958482980728,0.8940886855125427,0.924876868724823
YBL099W,YGL207W,0,-4.7398133,0.08812818676233292,0.8940886855125427,0.9251231551170349
YOR368W,YNL312W,1,-4.739861,0.08834951370954514,0.8965517282485962,0.9251231551170349
YBL067C,YOR028C,0,-4.742417,0.08832807838916779,0.8965517282485962,0.9253694415092468
YER141W,YGR215W,0,-4.745172,0.08830665051937103,0.8965517282485962,0.9256157875061035
YDL181W,YML121W,0,-4.7491965,0.08828523010015488,0.8965517282485962,0.9258620738983154
YOR094W,YOL021C,0,-4.751332,0.08826382458209991,0.8965517282485962,0.9261083602905273
YER016W,YPL029W,0,-4.751941,0.08824242651462555,0.8965517282485962,0.926354706287384
YLR342W,YPR009W,0,-4.7543507,0.08822103589773178,0.8965517282485962,0.926600992679596
YKR001C,YPL270W,0,-4.755181,0.0881996601819992,0.8965517282485962,0.9268472790718079
YIL162W,YDL159W,0,-4.7563357,0.08817829191684723,0.8965517282485962,0.9270936250686646
YNL254C,YPL069C,0,-4.760019,0.08815693855285645,0.8965517282485962,0.9273399114608765
YBR203W,YDR123C,0,-4.761057,0.08813559263944626,0.8965517282485962,0.9275861978530884
YKR081C,YIL103W,0,-4.7623305,0.08811426162719727,0.8965517282485962,0.9278324842453003
YDR446W,YFL003C,1,-4.762653,0.08833494782447815,0.8990147709846497,0.9278324842453003
YFL050C,YOR205C,0,-4.767369,0.08831357210874557,0.8990147709846497,0.928078830242157
YPL069C,YIR010W,0,-4.770579,0.0882922112941742,0.8990147709846497,0.9283251166343689
YLR069C,YMR092C,0,-4.770583,0.08827085793018341,0.8990147709846497,0.9285714030265808
YDR097C,YJL115W,0,-4.77107,0.08824951946735382,0.8990147709846497,0.9288177490234375
YKL025C,YFR004W,0,-4.771611,0.08822818100452423,0.8990147709846497,0.9290640354156494
YOR128C,YDR354W,0,-4.7732844,0.08820686489343643,0.8990147709846497,0.9293103218078613
YOL068C,YPL015C,1,-4.776666,0.08842715620994568,0.9014778137207031,0.9293103218078613
YML064C,YOR094W,0,-4.7860646,0.0884057953953743,0.9014778137207031,0.929556667804718
YDL194W,YNL125C,0,-4.7864585,0.08838444948196411,0.9014778137207031,0.9298029541969299
YPR075C,YBR280C,0,-4.7865744,0.08836311101913452,0.9014778137207031,0.9300492405891418
YEL034W,YGL097W,0,-4.787662,0.08834178000688553,0.9014778137207031,0.9302955865859985
YHR063C,YJL184W,0,-4.788931,0.08832046389579773,0.9014778137207031,0.9305418729782104
YGR133W,YDL207W,0,-4.789051,0.08829915523529053,0.9014778137207031,0.9307881593704224
YGL208W,YDR480W,0,-4.795207,0.08827786147594452,0.9014778137207031,0.931034505367279
YJR113C,YLR229C,0,-4.7953997,0.08825656771659851,0.9014778137207031,0.931280791759491
YNL316C,YOR205C,0,-4.7987914,0.0882352963089943,0.9014778137207031,0.9315270781517029
YGR033C,YGL156W,0,-4.798987,0.08821402490139008,0.9014778137207031,0.9317734241485596
YLR135W,YOR205C,0,-4.806873,0.08819276839494705,0.9014778137207031,0.9320197105407715
YNL257C,YMR047C,0,-4.807572,0.08817152678966522,0.9014778137207031,0.9322659969329834
YJL091C,YPL008W,0,-4.8087373,0.08815029263496399,0.9014778137207031,0.9325123429298401
YJL184W,YDL122W,0,-4.8089356,0.08812906593084335,0.9014778137207031,0.932758629322052
YOR284W,YER170W,0,-4.8107524,0.08810784667730331,0.9014778137207031,0.9330049157142639
YCR017C,YOR017W,0,-4.8124695,0.08808664232492447,0.9014778137207031,0.9332512021064758
YBR290W,YJR086W,0,-4.8150773,0.08806544542312622,0.9014778137207031,0.9334975481033325
YGL100W,YDL147W,0,-4.815705,0.08804426342248917,0.9014778137207031,0.9337438344955444
YGR198W,YPR165W,0,-4.8168683,0.08802308887243271,0.9014778137207031,0.9339901208877563
YBL099W,YGR284C,0,-4.817534,0.08800192177295685,0.9014778137207031,0.934236466884613
YPL020C,YNL009W,0,-4.8209014,0.08798076957464218,0.9014778137207031,0.934482753276825
YML062C,YMR167W,1,-4.821139,0.08819995075464249,0.9039409160614014,0.934482753276825
YNL139C,YOR035C,1,-4.8245015,0.08841902762651443,0.9064039587974548,0.934482753276825
YGR148C,YLR355C,0,-4.8248606,0.0883977934718132,0.9064039587974548,0.9347290396690369
YKL018W,YBR044C,0,-4.827742,0.08837655931711197,0.9064039587974548,0.9349753856658936
YGL234W,YJL002C,0,-4.8285866,0.08835534006357193,0.9064039587974548,0.9352216720581055
YGL038C,YDL174C,0,-4.8303933,0.08833413571119308,0.9064039587974548,0.9354679584503174
YDR073W,YBL040C,0,-4.831117,0.08831293135881424,0.9064039587974548,0.9357143044471741
YBR280C,YNR039C,0,-4.8318686,0.08829174935817719,0.9064039587974548,0.935960590839386
YDR363W,YDR477W,0,-4.8332095,0.08827056735754013,0.9064039587974548,0.9362068772315979
YIL162W,YHR152W,0,-4.836313,0.08824940025806427,0.9064039587974548,0.9364532232284546
YDR113C,YJL047C,1,-4.8412876,0.08846799284219742,0.9088670015335083,0.9364532232284546
YJR105W,YBR127C,0,-4.8432817,0.08844678848981857,0.9088670015335083,0.9366995096206665
YPL164C,YOL068C,1,-4.8437133,0.08866523206233978,0.9113300442695618,0.9366995096206665
YHR191C,YJR044C,0,-4.845341,0.08864398300647736,0.9113300442695618,0.9369457960128784
YDR485C,YOR367W,0,-4.84725,0.08862275630235672,0.9113300442695618,0.9371921420097351
YML038C,YIL044C,0,-4.8497252,0.08860152959823608,0.9113300442695618,0.937438428401947
YOL006C,YPL015C,1,-4.849959,0.0888197273015976,0.9137930870056152,0.937438428401947
YLR003C,YBR104W,0,-4.850644,0.08879847079515457,0.9137930870056152,0.9376847147941589
YDL207W,YNL097C,0,-4.851011,0.08877722173929214,0.9137930870056152,0.9379310607910156
YHR191C,YGL150C,0,-4.851174,0.08875598013401031,0.9137930870056152,0.9381773471832275
YLR240W,YNL047C,0,-4.8513064,0.08873475342988968,0.9137930870056152,0.9384236335754395
YFR044C,YDL165W,0,-4.8516,0.08871353417634964,0.9137930870056152,0.9386699795722961
YJR091C,YJL154C,0,-4.8537636,0.0886923223733902,0.9137930870056152,0.9389162659645081
YCL011C,YOL148C,0,-4.854995,0.08867112547159195,0.9137930870056152,0.93916255235672
YJR067C,YOL089C,0,-4.8581223,0.0886499434709549,0.9137930870056152,0.9394088387489319
YDR462W,YDL188C,0,-4.8590245,0.08862876147031784,0.9137930870056152,0.9396551847457886
YPL232W,YNL224C,0,-4.8624377,0.08860759437084198,0.9137930870056152,0.9399014711380005
YML064C,YNL177C,0,-4.86498,0.08858643472194672,0.9137930870056152,0.9401477575302124
YOR354C,YML062C,1,-4.8705716,0.08880401402711868,0.9162561297416687,0.9401477575302124
YPR104C,YPR009W,0,-4.871964,0.08878281712532043,0.9162561297416687,0.9403941035270691
YOL128C,YOR256C,0,-4.872199,0.08876163512468338,0.9162561297416687,0.940640389919281
YOR329C,YNR049C,0,-4.872638,0.08874046057462692,0.9162561297416687,0.9408866763114929
YPR029C,YDL155W,0,-4.876164,0.08871929347515106,0.9162561297416687,0.9411330223083496
YJL063C,YDR538W,0,-4.8766656,0.0886981412768364,0.9162561297416687,0.9413793087005615
YBR290W,YJL139C,0,-4.8779287,0.08867699652910233,0.9162561297416687,0.9416255950927734
YKR067W,YPR023C,0,-4.8783236,0.08865585923194885,0.9162561297416687,0.9418719410896301
YJL063C,YNR046W,0,-4.881081,0.08863473683595657,0.9162561297416687,0.942118227481842
YOR017W,YKR065C,0,-4.8823934,0.08861362189054489,0.9162561297416687,0.942364513874054
YLR423C,YAL047C,0,-4.8831716,0.0885925218462944,0.9162561297416687,0.9426108598709106
YPL237W,YDL122W,0,-4.883785,0.08857142925262451,0.9162561297416687,0.9428571462631226
YBR077C,YBR102C,0,-4.886979,0.08855034410953522,0.9162561297416687,0.9431034326553345
YPL046C,YOR295W,0,-4.8872123,0.08852927386760712,0.9162561297416687,0.9433497786521912
YPL164C,YOR144C,1,-4.8892455,0.08874613046646118,0.9187192320823669,0.9433497786521912
YMR079W,YGL054C,0,-4.892471,0.0887250229716301,0.9187192320823669,0.9435960650444031
YMR106C,YMR167W,1,-4.8926806,0.08894173800945282,0.9211822748184204,0.9435960650444031
YDR073W,YIL103W,0,-4.892843,0.08892059326171875,0.9211822748184204,0.943842351436615
YOR118W,YGL257C,0,-4.8970656,0.08889945596456528,0.9211822748184204,0.9440886974334717
YBR229C,YPR140W,0,-4.8974586,0.0888783261179924,0.9211822748184204,0.9443349838256836
YLR398C,YNR032W,0,-4.89794,0.08885721117258072,0.9211822748184204,0.9445812702178955
YLR128W,YLR135W,0,-4.900398,0.08883610367774963,0.9211822748184204,0.9448275566101074
YDR346C,YMR083W,0,-4.901703,0.08881501108407974,0.9211822748184204,0.9450739026069641
YDR408C,YDL212W,0,-4.902789,0.08879391849040985,0.9211822748184204,0.945320188999176
YMR161W,YBR221C,0,-4.9052033,0.08877284824848175,0.9211822748184204,0.9455664753913879
YHR001W,YKR003W,0,-4.9063845,0.08875177800655365,0.9211822748184204,0.9458128213882446
YBR229C,YPL008W,0,-4.906417,0.08873072266578674,0.9211822748184204,0.9460591077804565
YOR354C,YJL047C,1,-4.906901,0.0889468714594841,0.9236453175544739,0.9460591077804565
YML065W,YHR166C,0,-4.906902,0.08892577886581421,0.9236453175544739,0.9463053941726685
YGR183C,YJR044C,0,-4.9098477,0.08890469372272491,0.9236453175544739,0.9465517401695251
YLR298C,YOL044W,0,-4.9115644,0.08888362348079681,0.9236453175544739,0.9467980265617371
YBR039W,YDR477W,0,-4.917529,0.08886256068944931,0.9236453175544739,0.947044312953949
YOR144C,YOL006C,1,-4.9247775,0.08907841891050339,0.9261083602905273,0.947044312953949
YNL071W,YGR074W,0,-4.9260645,0.0890573188662529,0.9261083602905273,0.9472906589508057
YPL016W,YGR209C,0,-4.927214,0.0890362337231636,0.9261083602905273,0.9475369453430176
YBL102W,YKL146W,0,-4.931394,0.08901514858007431,0.9261083602905273,0.9477832317352295
YBL006C,YOL049W,0,-4.9316607,0.0889940857887268,0.9261083602905273,0.9480295777320862
YJR014W,YKR042W,0,-4.9322248,0.0889730229973793,0.9261083602905273,0.9482758641242981
YGR033C,YAL009W,0,-4.9379373,0.088951975107193,0.9261083602905273,0.94852215051651
YKR029C,YPL008W,0,-4.9429803,0.08893093466758728,0.9261083602905273,0.9487684965133667
YDL002C,YKR025W,0,-4.9454675,0.08890990912914276,0.9261083602905273,0.9490147829055786
YOR375C,YLR355C,0,-4.94943,0.08888889104127884,0.9261083602905273,0.9492610692977905
YPL020C,YPL118W,0,-4.950669,0.08886788040399551,0.9261083602905273,0.9495074152946472
YMR047C,YLR027C,0,-4.950777,0.08884687721729279,0.9261083602905273,0.9497537016868591
YKL025C,YIL050W,0,-4.951444,0.08882588893175125,0.9261083602905273,0.949999988079071
YNL125C,YCR008W,0,-4.952883,0.08880491554737091,0.9261083602905273,0.9502463340759277
YBR073W,YML062C,1,-4.9530654,0.08902007341384888,0.9285714030265808,0.9502463340759277
YOR368W,YML062C,1,-4.9540496,0.08923512697219849,0.931034505367279,0.9502463340759277
YER144C,YDR099W,0,-4.956808,0.08921406418085098,0.931034505367279,0.9504926204681396
YIR021W,YCR071C,0,-4.960376,0.08919301629066467,0.931034505367279,0.9507389068603516
YJL123C,YMR024W,0,-4.9634748,0.08917197585105896,0.931034505367279,0.9509851932525635
YOR231W,YPL118W,0,-4.965777,0.08915094286203384,0.931034505367279,0.9512315392494202
YLL042C,YKR065C,0,-4.9688363,0.08912992477416992,0.931034505367279,0.9514778256416321
YLR077W,YJL111W,0,-4.9725065,0.0891089141368866,0.931034505367279,0.951724112033844
YDR027C,YKL148C,0,-4.975665,0.08908791095018387,0.931034505367279,0.9519704580307007
YOR030W,YPL228W,0,-4.976052,0.08906691521406174,0.931034505367279,0.9522167444229126
YIL010W,YNL265C,0,-4.9808598,0.0890459343791008,0.931034505367279,0.9524630308151245
YOL013C,YOL089C,0,-4.981729,0.08902496099472046,0.931034505367279,0.9527093768119812
YNR026C,YDR452W,0,-4.9822707,0.08900400251150131,0.931034505367279,0.9529556632041931
YNL139C,YNL088W,1,-4.986071,0.08921845257282257,0.9334975481033325,0.9529556632041931
YDR311W,YGR195W,0,-4.9888043,0.08919745683670044,0.9334975481033325,0.953201949596405
YDR142C,YIR022W,0,-4.9916873,0.0891764685511589,0.9334975481033325,0.9534482955932617
YPR029C,YHR084W,0,-4.993387,0.08915549516677856,0.9334975481033325,0.9536945819854736
YGL166W,YDR477W,0,-4.9935203,0.08913452178239822,0.9334975481033325,0.9539408683776855
YHR079C-A,YGL033W,1,-4.998423,0.0893486961722374,0.935960590839386,0.9539408683776855
YDR221W,YFL008W,0,-5.0066433,0.08932769298553467,0.935960590839386,0.9541872143745422
YLR077W,YBR236C,0,-5.017052,0.08930669724941254,0.935960590839386,0.9544335007667542
YNL300W,YLR372W,0,-5.0176163,0.0892857164144516,0.935960590839386,0.9546797871589661
YGR215W,YNL197C,0,-5.0180774,0.08926474303007126,0.935960590839386,0.9549261331558228
YBR073W,YJL047C,1,-5.0224166,0.08947862684726715,0.9384236335754395,0.9549261331558228
YPL055C,YOR256C,0,-5.023395,0.08945761620998383,0.9384236335754395,0.9551724195480347
YER166W,YLR256W,0,-5.028049,0.0894366204738617,0.9384236335754395,0.9554187059402466
YBR229C,YBR288C,0,-5.031071,0.08941563218832016,0.9384236335754395,0.9556650519371033
YKL112W,YPR023C,0,-5.032987,0.08939465135335922,0.9384236335754395,0.9559113383293152
YMR024W,YNL005C,0,-5.033211,0.08937367796897888,0.9384236335754395,0.9561576247215271
YBR234C,YKL046C,0,-5.0352283,0.08935271948575974,0.9384236335754395,0.956403911113739
YNL275W,YGR013W,0,-5.0368094,0.08933176845312119,0.9384236335754395,0.9566502571105957
YGL038C,YPR079W,0,-5.038149,0.08931083232164383,0.9384236335754395,0.9568965435028076
YIL103W,YPL266W,0,-5.0396485,0.08928989619016647,0.9384236335754395,0.9571428298950195
YPL268W,YOL146W,0,-5.0440264,0.08926897495985031,0.9384236335754395,0.9573891758918762
YOR141C,YPL008W,0,-5.0454626,0.08924806863069534,0.9384236335754395,0.9576354622840881
YML001W,YNL003C,0,-5.0467525,0.08922716975212097,0.9384236335754395,0.9578817486763
YOR144C,YML062C,1,-5.047219,0.08944041281938553,0.9408866763114929,0.9578817486763
YGR261C,YDR409W,0,-5.047692,0.08941947668790817,0.9408866763114929,0.9581280946731567
YKL112W,YIR008C,0,-5.0519986,0.08939854800701141,0.9408866763114929,0.9583743810653687
YPL228W,YKL012W,0,-5.052057,0.08937763422727585,0.9408866763114929,0.9586206674575806
YPL053C,YLR410W,0,-5.0580554,0.08935672789812088,0.9408866763114929,0.9588670134544373
YHR050W,YBR110W,0,-5.0621867,0.08933582901954651,0.9408866763114929,0.9591132998466492
YDR446W,YGL033W,1,-5.0648665,0.0895487517118454,0.9433497786521912,0.9591132998466492
YDR538W,YKL167C,0,-5.0719204,0.08952781558036804,0.9433497786521912,0.9593595862388611
YBR258C,YKL167C,0,-5.0726266,0.08950689435005188,0.9433497786521912,0.9596059322357178
YLR423C,YOR256C,0,-5.0774727,0.08948598057031631,0.9433497786521912,0.9598522186279297
YMR047C,YBL105C,0,-5.0794697,0.08946508169174194,0.9433497786521912,0.9600985050201416
YLR144C,YKL160W,0,-5.080912,0.08944418281316757,0.9433497786521912,0.9603448510169983
YLR128W,YGR033C,0,-5.08501,0.0894232988357544,0.9433497786521912,0.9605911374092102
YKR003W,YKL065C,0,-5.091124,0.08940242975950241,0.9433497786521912,0.9608374238014221
YJL047C,YML062C,1,-5.0943484,0.08961493521928787,0.9458128213882446,0.9608374238014221
YOR017W,YKL073W,0,-5.0950584,0.0895940288901329,0.9458128213882446,0.9610837697982788
YPL268W,YOR171C,0,-5.095308,0.08957313001155853,0.9458128213882446,0.9613300561904907
YGL020C,YDL042C,0,-5.0960965,0.08955223858356476,0.9458128213882446,0.9615763425827026
YOR354C,YOL006C,1,-5.098516,0.08976451307535172,0.9482758641242981,0.9615763425827026
YBR290W,YGL020C,0,-5.099152,0.08974359184503555,0.9482758641242981,0.9618226885795593
YOR149C,YGR068C,0,-5.0996366,0.08972267806529999,0.9482758641242981,0.9620689749717712
YOR362C,YGR140W,0,-5.099672,0.08970177173614502,0.9482758641242981,0.9623152613639832
YNL312W,YOR035C,1,-5.100034,0.08991381525993347,0.9507389068603516,0.9623152613639832
YGL002W,YMR083W,0,-5.101189,0.08989287167787552,0.9507389068603516,0.9625615477561951
YGL145W,YOL148C,0,-5.102601,0.08987194299697876,0.9507389068603516,0.9628078937530518
YJL047C,YNL312W,1,-5.110002,0.09008380025625229,0.953201949596405,0.9628078937530518
YGR121C,YOR284W,0,-5.112933,0.09006283432245255,0.953201949596405,0.9630541801452637
YPL164C,YOR035C,1,-5.1178346,0.09027455002069473,0.9556650519371033,0.9630541801452637
YOR017W,YDR206W,0,-5.1189733,0.090253546833992,0.9556650519371033,0.9633004665374756
YLR069C,YPL023C,0,-5.1200147,0.09023255854845047,0.9556650519371033,0.9635468125343323
YPR029C,YDL207W,0,-5.1234493,0.09021157771348953,0.9556650519371033,0.9637930989265442
YPL232W,YDR484W,0,-5.130997,0.09019061177968979,0.9556650519371033,0.9640393853187561
YDR142C,YJL203W,0,-5.1315026,0.09016964584589005,0.9556650519371033,0.9642857313156128
YJL115W,YIL065C,0,-5.134856,0.09014870226383209,0.9556650519371033,0.9645320177078247
YMR021C,YLR117C,0,-5.136293,0.09012775868177414,0.9556650519371033,0.9647783041000366
YEL063C,YBL102W,0,-5.137861,0.09010683000087738,0.9556650519371033,0.9650246500968933
YDR182W,YOR118W,0,-5.140948,0.09008590877056122,0.9556650519371033,0.9652709364891052
YBR171W,YOR198C,0,-5.151527,0.09006499499082565,0.9556650519371033,0.9655172228813171
YOL006C,YNL139C,1,-5.164597,0.09027616679668427,0.9581280946731567,0.9655172228813171
YGR074W,YOR171C,0,-5.166419,0.09025522321462631,0.9581280946731567,0.9657635688781738
YDR099W,YDL058W,0,-5.16649,0.09023428708314896,0.9581280946731567,0.9660098552703857
YJL047C,YMR167W,1,-5.1666713,0.09044527262449265,0.9605911374092102,0.9660098552703857
YBR073W,YOL068C,1,-5.1697764,0.09065615385770798,0.9630541801452637,0.9660098552703857
YDR477W,YMR029C,0,-5.175362,0.09063514322042465,0.9630541801452637,0.9662561416625977
YOL006C,YGL043W,1,-5.175856,0.09084588289260864,0.9655172228813171,0.9662561416625977
YPR023C,YOR205C,0,-5.1769657,0.09082483500242233,0.9655172228813171,0.9665024876594543
YPL227C,YLR003C,0,-5.178954,0.09080380201339722,0.9655172228813171,0.9667487740516663
YDL212W,YDR119W,0,-5.1819577,0.0907827690243721,0.9655172228813171,0.9669950604438782
YOR354C,YNL088W,1,-5.183246,0.09099328517913818,0.9679803252220154,0.9669950604438782
YNR023W,YML014W,0,-5.186792,0.09097222238779068,0.9679803252220154,0.9672414064407349
YJL137C,YBR044C,0,-5.187574,0.09095116704702377,0.9679803252220154,0.9674876928329468
YOL006C,YOR368W,1,-5.1929574,0.09116149693727493,0.9704433679580688,0.9674876928329468
YOR007C,YGR261C,0,-5.1952157,0.09114041179418564,0.9704433679580688,0.9677339792251587
YGR068C,YKL046C,0,-5.1970706,0.09111933410167694,0.9704433679580688,0.9679803252220154
YDL226C,YPL270W,0,-5.197824,0.09109826385974884,0.9704433679580688,0.9682266116142273
YKL018W,YHR084W,0,-5.204784,0.09107720851898193,0.9704433679580688,0.9684728980064392
YBL006C,YDL004W,0,-5.206913,0.09105616062879562,0.9704433679580688,0.9687191843986511
YLR272C,YBR044C,0,-5.2078085,0.09103512018918991,0.9704433679580688,0.9689655303955078
YNL275W,YDL058W,0,-5.208473,0.09101409465074539,0.9704433679580688,0.9692118167877197
YER144C,YDR084C,0,-5.2094035,0.09099306911230087,0.9704433679580688,0.9694581031799316
YLL039C,YKL065C,0,-5.2111697,0.09097205847501755,0.9704433679580688,0.9697044491767883
YDL226C,YJR007W,0,-5.2135406,0.09095106273889542,0.9704433679580688,0.9699507355690002
YOL049W,YNL003C,0,-5.2167106,0.09093007445335388,0.9704433679580688,0.9701970219612122
YHR098C,YAR014C,0,-5.223696,0.09090909361839294,0.9704433679580688,0.9704433679580688
YDL159W,YNL152W,0,-5.2244487,0.0908881202340126,0.9704433679580688,0.9706896543502808
YGR163W,YDL147W,0,-5.230415,0.09086716175079346,0.9704433679580688,0.9709359407424927
YNL069C,YLR355C,0,-5.230639,0.09084621071815491,0.9704433679580688,0.9711822867393494
YPL237W,YDR450W,0,-5.241802,0.09082526713609695,0.9704433679580688,0.9714285731315613
YFL018C,YPR056W,0,-5.242149,0.0908043310046196,0.9704433679580688,0.9716748595237732
YJR093C,YER122C,0,-5.242161,0.09078340977430344,0.9704433679580688,0.9719212055206299
YJR044C,YOL148C,0,-5.2440424,0.09076249599456787,0.9704433679580688,0.9721674919128418
YIL023C,YBR288C,0,-5.2448997,0.0907415971159935,0.9704433679580688,0.9724137783050537
YDR255C,YKR046C,0,-5.2464433,0.09072069823741913,0.9704433679580688,0.9726601243019104
YLR119W,YHR166C,0,-5.2468085,0.09069981426000595,0.9704433679580688,0.9729064106941223
YMR030W,YDR163W,0,-5.2481217,0.09067893773317337,0.9704433679580688,0.9731526970863342
YGR183C,YFL018C,0,-5.254016,0.09065807610750198,0.9704433679580688,0.9733990430831909
YGL023C,YER094C,0,-5.256075,0.0906372219324112,0.9704433679580688,0.9736453294754028
YCR079W,YLL036C,0,-5.2578173,0.090616375207901,0.9704433679580688,0.9738916158676147
YMR079W,YEL026W,0,-5.259478,0.0905955359339714,0.9704433679580688,0.9741379022598267
YOL049W,YKL073W,0,-5.2614665,0.090574711561203,0.9704433679580688,0.9743842482566833
YOR362C,YGL130W,0,-5.262085,0.0905538946390152,0.9704433679580688,0.9746305346488953
YPL164C,YML062C,1,-5.2674394,0.09076286852359772,0.9729064106941223,0.9746305346488953
YDL226C,YPL228W,0,-5.2776513,0.09074201434850693,0.9729064106941223,0.9748768210411072
YDL002C,YDL122W,0,-5.2777286,0.09072117507457733,0.9729064106941223,0.9751231670379639
YPL164C,YMR190C,1,-5.2949214,0.09092996269464493,0.9753694534301758,0.9751231670379639
YOL094C,YLR148W,0,-5.303346,0.09090909361839294,0.9753694534301758,0.9753694534301758
YDL226C,YML010W,0,-5.3038497,0.09088822454214096,0.9753694534301758,0.9756157398223877
YGL011C,YNR039C,0,-5.31197,0.09086737036705017,0.9753694534301758,0.9758620858192444
YOR197W,YNL087W,0,-5.3120694,0.09084652364253998,0.9753694534301758,0.9761083722114563
YBR258C,YCR083W,0,-5.315376,0.09082568436861038,0.9753694534301758,0.9763546586036682
YHR098C,YHR072W,0,-5.316499,0.09080485999584198,0.9753694534301758,0.9766010046005249
YGR023W,YGR033C,0,-5.316665,0.09078404307365417,0.9753694534301758,0.9768472909927368
YGR033C,YOL113W,0,-5.3236375,0.09076323360204697,0.9753694534301758,0.9770935773849487
YKL188C,YBR102C,0,-5.325686,0.09074243903160095,0.9753694534301758,0.9773399233818054
YKL046C,YPR165W,0,-5.3407693,0.09072165191173553,0.9753694534301758,0.9775862097740173
YMR014W,YOL130W,0,-5.346949,0.09070087224245071,0.9753694534301758,0.9778324961662292
YNL088W,YML062C,1,-5.3659143,0.09090909361839294,0.9778324961662292,0.9778324961662292
YGL013C,YNL265C,0,-5.3713446,0.09088827669620514,0.9778324961662292,0.9780788421630859
YDR339C,YDL004W,0,-5.372918,0.09086747467517853,0.9778324961662292,0.9783251285552979
YNL312W,YPL015C,1,-5.3747554,0.09107551723718643,0.9802955389022827,0.9783251285552979
YBL046W,YAL047C,0,-5.3767114,0.09105467796325684,0.9802955389022827,0.9785714149475098
YDL002C,YDL010W,0,-5.3849063,0.09103385359048843,0.9802955389022827,0.9788177609443665
YDR051C,YPL118W,0,-5.3851933,0.09101303666830063,0.9802955389022827,0.9790640473365784
YBR103W,YNR039C,0,-5.385868,0.09099222719669342,0.9802955389022827,0.9793103337287903
YOL001W,YOL148C,0,-5.3997526,0.09097142517566681,0.9802955389022827,0.979556679725647
YOR017W,YPR009W,0,-5.4084287,0.09095063805580139,0.9802955389022827,0.9798029661178589
YOR144C,YOR368W,1,-5.419975,0.09115833044052124,0.982758641242981,0.9798029661178589
YGR033C,YJL091C,0,-5.420708,0.09113750606775284,0.982758641242981,0.9800492525100708
YNL064C,YOR198C,0,-5.4220862,0.09111669659614563,0.982758641242981,0.9802955389022827
YJR093C,YMR277W,0,-5.426062,0.09109588712453842,0.982758641242981,0.9805418848991394
YGR227W,YOR205C,0,-5.429471,0.091075100004673,0.982758641242981,0.9807881712913513
YML062C,YOL068C,1,-5.429496,0.09128251671791077,0.9852216839790344,0.9807881712913513
YGL100W,YGL065C,0,-5.4307017,0.09126169234514236,0.9852216839790344,0.9810344576835632
YBR234C,YML001W,0,-5.437217,0.09124087542295456,0.9852216839790344,0.9812808036804199
YAR003W,YBR236C,0,-5.4385014,0.09122006595134735,0.9852216839790344,0.9815270900726318
YOL006C,YJL047C,1,-5.443481,0.0914272665977478,0.9876847267150879,0.9815270900726318
YNL088W,YJL047C,1,-5.4463654,0.09163437783718109,0.9901477694511414,0.9815270900726318
YER144C,YBR221C,0,-5.4544497,0.09161349385976791,0.9901477694511414,0.9817733764648438
YOR149C,YCR003W,0,-5.4547315,0.09159261733293533,0.9901477694511414,0.9820197224617004
YOR030W,YBL101C,0,-5.458036,0.09157175570726395,0.9901477694511414,0.9822660088539124
YBR288C,YOR171C,0,-5.468002,0.09155090153217316,0.9901477694511414,0.9825122952461243
YOR035C,YOL068C,1,-5.4816422,0.09175774455070496,0.9926108121871948,0.9825122952461243
YKL112W,YIL157C,0,-5.4869175,0.09173685312271118,0.9926108121871948,0.982758641242981
YOR354C,YOL068C,1,-5.5118036,0.09194356203079224,0.9950739145278931,0.982758641242981
YDR519W,YJL014W,0,-5.530357,0.09192264080047607,0.9950739145278931,0.9830049276351929
YGR275W,YPR056W,0,-5.5439434,0.09190172702074051,0.9950739145278931,0.9832512140274048
YGL013C,YHR102W,0,-5.5501895,0.09188082814216614,0.9950739145278931,0.9834975600242615
YJL002C,YCR033W,0,-5.5558276,0.09185993671417236,0.9950739145278931,0.9837438464164734
YBR039W,YLR355C,0,-5.5573287,0.09183905273675919,0.9950739145278931,0.9839901328086853
YPR023C,YCR083W,0,-5.562407,0.0918181836605072,0.9950739145278931,0.984236478805542
YEL060C,YOL060C,0,-5.5642743,0.09179732203483582,0.9950739145278931,0.9844827651977539
YER048C,YML072C,0,-5.5698833,0.09177646785974503,0.9950739145278931,0.9847290515899658
YPL016W,YIL157C,0,-5.5775046,0.09175562113523483,0.9950739145278931,0.9849753975868225
YJL210W,YBR236C,0,-5.5994973,0.09173478931188583,0.9950739145278931,0.9852216839790344
YDR153C,YDR291W,0,-5.605757,0.09171396493911743,0.9950739145278931,0.9854679703712463
YDL159W,YPL029W,0,-5.6098776,0.09169314801692963,0.9950739145278931,0.9857142567634583
YBR216C,YPL181W,0,-5.615419,0.09167233854532242,0.9950739145278931,0.9859606027603149
YDR311W,YOL013C,0,-5.6210275,0.0916515439748764,0.9950739145278931,0.9862068891525269
YMR197C,YHR043C,0,-5.621301,0.09163075685501099,0.9950739145278931,0.9864531755447388
YNL252C,YCR033W,0,-5.6215544,0.09160997718572617,0.9950739145278931,0.9866995215415955
YGL044C,YNL272C,0,-5.623014,0.09158921241760254,0.9950739145278931,0.9869458079338074
YJL042W,YGL002W,0,-5.6321254,0.09156844764947891,0.9950739145278931,0.9871920943260193
YDL004W,YNL252C,0,-5.636336,0.09154769778251648,0.9950739145278931,0.987438440322876
YLR332W,YJL111W,0,-5.639021,0.09152696281671524,0.9950739145278931,0.9876847267150879
YGR183C,YER141W,0,-5.646314,0.091506227850914,0.9950739145278931,0.9879310131072998
YMR116C,YFR044C,0,-5.6511874,0.09148550778627396,0.9950739145278931,0.9881773591041565
YLR077W,YER166W,0,-5.6527753,0.09146479517221451,0.9950739145278931,0.9884236454963684
YNL315C,YNL265C,0,-5.663238,0.09144409000873566,0.9950739145278931,0.9886699318885803
YOL094C,YPR056W,0,-5.6910024,0.091423399746418,0.9950739145278931,0.988916277885437
YDR182W,YPR023C,0,-5.6943326,0.09140271693468094,0.9950739145278931,0.9891625642776489
YDL165W,YDL122W,0,-5.69996,0.09138204157352448,0.9950739145278931,0.9894088506698608
YBR290W,YOL113W,0,-5.716943,0.09136137366294861,0.9950739145278931,0.9896551966667175
YDR027C,YNL082W,0,-5.726997,0.09134072065353394,0.9950739145278931,0.9899014830589294
YBL066C,YDR291W,0,-5.7279196,0.09132007509469986,0.9950739145278931,0.9901477694511414
YBL102W,YGR121C,0,-5.7367134,0.09129943698644638,0.9950739145278931,0.990394115447998
YBR221C,YPR165W,0,-5.7508416,0.0912788063287735,0.9950739145278931,0.99064040184021
YDR058C,YNR039C,0,-5.7585206,0.09125819057226181,0.9950739145278931,0.9908866882324219
YER006W,YJR002W,0,-5.7776694,0.09123758226633072,0.9950739145278931,0.9911330342292786
YMR162C,YDR480W,0,-5.799084,0.09121698141098022,0.9950739145278931,0.9913793206214905
YNL275W,YMR024W,0,-5.8007674,0.09119638800621033,0.9950739145278931,0.9916256070137024
YGR227W,YCR071C,0,-5.8209996,0.09117580950260162,0.9950739145278931,0.9918718934059143
YDR182W,YBR057C,0,-5.8325143,0.09115523099899292,0.9950739145278931,0.992118239402771
YJR064W,YGR231C,0,-5.846074,0.09113467484712601,0.9950739145278931,0.9923645257949829
YKL137W,YDL147W,0,-5.852708,0.0911141186952591,0.9950739145278931,0.9926108121871948
YBL018C,YDL092W,0,-5.8621936,0.09109357744455338,0.9950739145278931,0.9928571581840515
YDL004W,YBR229C,0,-5.8661685,0.09107303619384766,0.9950739145278931,0.9931034445762634
YBR210W,YHR050W,0,-5.8667374,0.09105250984430313,0.9950739145278931,0.9933497309684753
YGR033C,YGL130W,0,-5.893192,0.0910319983959198,0.9950739145278931,0.993596076965332
YDL004W,YBR057C,0,-5.8937583,0.09101148694753647,0.9950739145278931,0.993842363357544
YDR073W,YIL157C,0,-5.899348,0.09099099040031433,0.9950739145278931,0.9940886497497559
YDR162C,YGL044C,0,-5.9000735,0.09097050130367279,0.9950739145278931,0.9943349957466125
YPR029C,YGL038C,0,-5.903319,0.09095001965761185,0.9950739145278931,0.9945812821388245
YOL146W,YLR421C,0,-5.924234,0.0909295529127121,0.9950739145278931,0.9948275685310364
YBL102W,YER146W,0,-5.953548,0.09090909361839294,0.9950739145278931,0.9950739145278931
YFR004W,YOR303W,0,-6.0429864,0.09088864177465439,0.9950739145278931,0.995320200920105
YOL006C,YNL088W,1,-6.046065,0.09109311550855637,0.9975369572639465,0.995320200920105
YCR083W,YGR231C,0,-6.0813155,0.09107263386249542,0.9975369572639465,0.9955664873123169
YNR023W,YDR409W,0,-6.084539,0.09105215966701508,0.9975369572639465,0.9958128333091736
YNL154C,YFR004W,0,-6.099482,0.09103169292211533,0.9975369572639465,0.9960591197013855
YBL102W,YDR477W,0,-6.1119657,0.09101123362779617,0.9975369572639465,0.9963054060935974
YOL006C,YML062C,1,-6.1319346,0.09121545404195786,1.0,0.9963054060935974
YGR033C,YBR057C,0,-6.176728,0.09119496494531631,1.0,0.9965517520904541
YBL102W,YIL023C,0,-6.2115474,0.09117449074983597,1.0,0.996798038482666
YMR214W,YKL046C,0,-6.2450657,0.09115401655435562,1.0,0.9970443248748779
YPL232W,YJR064W,0,-6.254001,0.09113355726003647,1.0,0.9972906112670898
YBL102W,YPR023C,0,-6.358237,0.09111310541629791,1.0,0.9975369572639465
YPL020C,YDR480W,0,-6.370109,0.09109266102313995,1.0,0.9977832436561584
YMR288W,YLR369W,0,-6.443811,0.09107223153114319,1.0,0.9980295300483704
YIL105C,YNL265C,0,-6.4898963,0.09105180203914642,1.0,0.998275876045227
YDR006C,YNR039C,0,-6.521326,0.09103138744831085,1.0,0.998522162437439
YPL053C,YNL177C,0,-6.620932,0.09101098775863647,1.0,0.9987684488296509
YMR288W,YBR215W,0,-6.8019896,0.0909905880689621,1.0,0.9990147948265076
YER021W,YDR394W,0,-6.8403172,0.09097019582986832,1.0,0.9992610812187195
YJR007W,YPR033C,0,-7.0771728,0.09094981849193573,1.0,0.9995073676109314
YCR071C,YIL157C,0,-7.35953,0.09092944860458374,1.0,0.9997537136077881
YLR388W,YOL039W,0,-7.520182,0.09090909361839294,1.0,1.0
