Gene A,Gene B,Label,Score,Precision,Recall,False Positive Rate
YHR031C,YNL218W,1,6.340908,1.0,0.0012820513220503926,0.0
YDL164C,YNL218W,1,5.8919992,1.0,0.0025641026441007853,0.0
YDL164C,YPL153C,1,5.6667814,1.0,0.003846153849735856,0.0
YKL089W,YNL311C,0,5.6369576,0.75,0.003846153849735856,0.00012820512347389013
YDL164C,YKL108W,1,5.49799,0.800000011920929,0.0051282052882015705,0.00012820512347389013
YBL060W,YOL056W,0,5.490143,0.6666666865348816,0.0051282052882015705,0.00025641024694778025
YNR011C,YIL026C,0,5.460784,0.5714285969734192,0.0051282052882015705,0.0003846153849735856
YHR031C,YKL108W,1,5.454291,0.625,0.006410256493836641,0.0003846153849735856
YNR011C,YPR122W,0,5.382014,0.5555555820465088,0.006410256493836641,0.0005128204938955605
YML043C,YCR092C,0,5.250662,0.5,0.006410256493836641,0.0006410256610251963
YHR031C,YDL164C,1,5.160438,0.5454545617103577,0.007692307699471712,0.0006410256610251963
YDL164C,YDR013W,1,5.101236,0.5833333134651184,0.00897435937076807,0.0006410256610251963
YDR013W,YBL023C,1,5.098741,0.6153846383094788,0.010256410576403141,0.0006410256610251963
YHR031C,YDR013W,1,5.094661,0.6428571343421936,0.011538461782038212,0.0006410256610251963
YBR156C,YHR167W,0,5.026993,0.6000000238418579,0.011538461782038212,0.0007692307699471712
YDR121W,YKL108W,1,5.0087895,0.625,0.012820512987673283,0.0007692307699471712
YJL072C,YDR501W,1,5.004145,0.6470588445663452,0.014102564193308353,0.0007692307699471712
YLR154C,YPL153C,1,4.912235,0.6666666865348816,0.015384615398943424,0.0007692307699471712
YOL117W,YBR299W,0,4.8986516,0.6315789222717285,0.015384615398943424,0.0008974358788691461
YCL061C,YPL153C,1,4.89614,0.6499999761581421,0.01666666753590107,0.0008974358788691461
YOR346W,YDR014W,1,4.885162,0.6666666865348816,0.01794871874153614,0.0008974358788691461
YDL164C,YDR279W,1,4.8584266,0.6818181872367859,0.01923076994717121,0.0008974358788691461
YKL108W,YDL017W,1,4.8532286,0.695652186870575,0.020512821152806282,0.0008974358788691461
YDL164C,YCL061C,1,4.843927,0.7083333134651184,0.021794872358441353,0.0008974358788691461
YBL021C,YKR104W,0,4.839266,0.6800000071525574,0.021794872358441353,0.001025640987791121
YKL089W,YNL039W,0,4.819423,0.6538461446762085,0.021794872358441353,0.0011538461549207568
YDL164C,YJL073W,1,4.79785,0.6666666865348816,0.023076923564076424,0.0011538461549207568
YER070W,YPL153C,1,4.7436514,0.6785714030265808,0.024358974769711494,0.0011538461549207568
YNL218W,YDR013W,1,4.743547,0.6896551847457886,0.025641025975346565,0.0011538461549207568
YNL218W,YDR501W,1,4.736064,0.699999988079071,0.026923077180981636,0.0011538461549207568
YNL218W,YPL153C,1,4.7258306,0.7096773982048035,0.028205128386616707,0.0011538461549207568
YDR013W,YKL108W,1,4.7251945,0.71875,0.029487179592251778,0.0011538461549207568
YLR276C,YGR188C,0,4.718319,0.6969696879386902,0.029487179592251778,0.0012820513220503926
YNL292W,YLR381W,0,4.7104864,0.6764705777168274,0.029487179592251778,0.0014102563727647066
YKL108W,YBL023C,1,4.68975,0.6857143044471741,0.03076923079788685,0.0014102563727647066
YHR172W,YDR478W,0,4.6769776,0.6666666865348816,0.03076923079788685,0.0015384615398943424
YOR346W,YPL153C,1,4.676853,0.6756756901741028,0.03205128386616707,0.0015384615398943424
YBR033W,YNR045W,0,4.675222,0.6578947305679321,0.03205128386616707,0.0016666667070239782
YGL119W,YHL016C,0,4.6732125,0.6410256624221802,0.03205128386616707,0.0017948717577382922
YJL072C,YPL153C,1,4.6696215,0.6499999761581421,0.03333333507180214,0.0017948717577382922
YHR031C,YML027W,1,4.6414495,0.6585366129875183,0.03461538627743721,0.0017948717577382922
YML034W,YCL063W,0,4.632797,0.6428571343421936,0.03461538627743721,0.001923076924867928
YBL093C,YNL158W,0,4.6307497,0.6279069781303406,0.03461538627743721,0.002051281975582242
YHR031C,YBR087W,1,4.6262918,0.6363636255264282,0.03589743748307228,0.002051281975582242
YHR186C,YCR054C,0,4.608902,0.6222222447395325,0.03589743748307228,0.002179487142711878
YDL127W,YNR011C,0,4.598787,0.6086956262588501,0.03589743748307228,0.0023076923098415136
YDR052C,YKL108W,1,4.5981483,0.6170212626457214,0.03717948868870735,0.0023076923098415136
YAL035W,YHR129C,0,4.5717077,0.6041666865348816,0.03717948868870735,0.0024358974769711494
YMR233W,YPL155C,0,4.5652475,0.5918367505073547,0.03717948868870735,0.0025641026441007853
YHR013C,YGR188C,0,4.5483747,0.5799999833106995,0.03717948868870735,0.0026923075783997774
YOL103W,YPL155C,0,4.542727,0.5686274766921997,0.03717948868870735,0.0028205127455294132
YDR121W,YDR014W,1,4.535269,0.5769230723381042,0.03846153989434242,0.0028205127455294132
YMR171C,YKL154W,0,4.533548,0.5660377144813538,0.03846153989434242,0.002948717912659049
YBL023C,YPL153C,1,4.524586,0.5740740895271301,0.03974359109997749,0.002948717912659049
YJR135C,YAR018C,0,4.5068483,0.5636363625526428,0.03974359109997749,0.003076923079788685
YJR022W,YDR118W,0,4.485277,0.5535714030265808,0.03974359109997749,0.0032051282469183207
YAR007C,YKL017C,1,4.45443,0.5614035129547119,0.041025642305612564,0.0032051282469183207
YLR373C,YNR011C,0,4.4532657,0.5517241358757019,0.041025642305612564,0.0033333334140479565
YBR087W,YDR014W,1,4.3935256,0.5593220591545105,0.042307693511247635,0.0033333334140479565
YGR104C,YDR320C,0,4.3915977,0.550000011920929,0.042307693511247635,0.0034615383483469486
YER070W,YCL061C,1,4.390729,0.5573770403862,0.043589744716882706,0.0034615383483469486
YBR160W,YCL061C,1,4.383503,0.5645161271095276,0.044871795922517776,0.0034615383483469486
YJL073W,YCL061C,1,4.375992,0.5714285969734192,0.04615384712815285,0.0034615383483469486
YNL218W,YER070W,1,4.371515,0.578125,0.04743589833378792,0.0034615383483469486
YPR186C,YDL030W,0,4.3551164,0.5692307949066162,0.04743589833378792,0.0035897435154765844
YFR037C,YPL155C,0,4.349546,0.560606062412262,0.04743589833378792,0.0037179486826062202
YDR013W,YKL017C,1,4.3438826,0.5671641826629639,0.04871794953942299,0.0037179486826062202
YBR087W,YAL021C,1,4.341435,0.5735294222831726,0.05000000074505806,0.0037179486826062202
YHR160C,YNR041C,0,4.339344,0.5652173757553101,0.05000000074505806,0.003846153849735856
YHL040C,YPL111W,0,4.331188,0.5571428537368774,0.05000000074505806,0.003974359016865492
YGL095C,YDR534C,0,4.330261,0.5492957830429077,0.05000000074505806,0.004102563951164484
YBR087W,YDR013W,1,4.327677,0.5555555820465088,0.05128205195069313,0.004102563951164484
YDR013W,YDL017W,1,4.325837,0.5616438388824463,0.0525641031563282,0.004102563951164484
YKL108W,YOR080W,1,4.3081536,0.5675675868988037,0.05384615436196327,0.004102563951164484
YHR031C,YJL073W,1,4.3054414,0.5733333230018616,0.05512820556759834,0.004102563951164484
YHR031C,YBR160W,1,4.3013144,0.5789473652839661,0.056410256773233414,0.004102563951164484
YJR089W,YCR054C,0,4.2678614,0.5714285969734192,0.056410256773233414,0.0042307693511247635
YML027W,YKL108W,1,4.249121,0.5769230723381042,0.057692307978868484,0.0042307693511247635
YPR156C,YCL027W,0,4.2449536,0.5696202516555786,0.057692307978868484,0.004358974285423756
YBR264C,YML077W,0,4.236753,0.5625,0.057692307978868484,0.004487179685384035
YKL108W,YPL153C,1,4.229155,0.5679012537002563,0.058974359184503555,0.004487179685384035
YJR001W,YER111C,0,4.2222786,0.5609756112098694,0.058974359184503555,0.004615384619683027
YDR022C,YGR234W,0,4.221239,0.5542168617248535,0.058974359184503555,0.004743589553982019
YKL089W,YER113C,0,4.2137723,0.5476190447807312,0.058974359184503555,0.004871794953942299
YDR121W,YPL153C,1,4.203244,0.5529412031173706,0.060256410390138626,0.004871794953942299
YOR308C,YML015C,0,4.201036,0.5465116500854492,0.060256410390138626,0.004999999888241291
YJL041W,YKL021C,0,4.1861854,0.540229856967926,0.060256410390138626,0.0051282052882015705
YPR168W,YLR139C,0,4.182389,0.5340909361839294,0.060256410390138626,0.005256410222500563
YKL089W,YER126C,0,4.176492,0.5280898809432983,0.060256410390138626,0.005384615156799555
YDR013W,YAR007C,1,4.175559,0.5333333611488342,0.0615384615957737,0.005384615156799555
YMR247C,YBR175W,0,4.171564,0.5274725556373596,0.0615384615957737,0.005512820556759834
YHR031C,YAR007C,1,4.170145,0.532608687877655,0.06282051652669907,0.005512820556759834
YML027W,YIL150C,1,4.167655,0.5376344323158264,0.06410256773233414,0.005512820556759834
YKR062W,YCR081W,0,4.162278,0.5319148898124695,0.06410256773233414,0.0056410254910588264
YAL021C,YKL017C,1,4.1520095,0.5368421077728271,0.06538461893796921,0.0056410254910588264
YOL067C,YGR218W,0,4.1515417,0.53125,0.06538461893796921,0.005769230891019106
YHR031C,YOR217W,1,4.1435046,0.5360824465751648,0.06666667014360428,0.005769230891019106
YCL061C,YAR007C,1,4.1394134,0.5408163070678711,0.06794872134923935,0.005769230891019106
YIL070C,YHR129C,0,4.1385922,0.5353535413742065,0.06794872134923935,0.005897435825318098
YDR501W,YKL108W,1,4.136059,0.5400000214576721,0.06923077255487442,0.005897435825318098
YGR123C,YOR127W,0,4.1251807,0.5346534848213196,0.06923077255487442,0.0060256412252783775
YNL039W,YHL016C,0,4.120669,0.529411792755127,0.06923077255487442,0.00615384615957737
YDR279W,YDR013W,1,4.114034,0.5339806079864502,0.07051282376050949,0.00615384615957737
YLR381W,YNR041C,0,4.1011806,0.5288461446762085,0.07051282376050949,0.006282051093876362
YKR090W,YIL004C,0,4.0962815,0.523809552192688,0.07051282376050949,0.006410256493836641
YDL069C,YDR288W,0,4.086625,0.5188679099082947,0.07051282376050949,0.0065384614281356335
YMR036C,YHR023W,0,4.0608487,0.514018714427948,0.07051282376050949,0.006666666828095913
YCR092C,YHR129C,0,4.0602922,0.5092592835426331,0.07051282376050949,0.006794871762394905
YDR013W,YPL153C,1,4.056684,0.5137614607810974,0.07179487496614456,0.006794871762394905
YNR027W,YJL056C,0,4.053941,0.5090909004211426,0.07179487496614456,0.006923076696693897
YDL069C,YKR037C,0,4.0536175,0.5045045018196106,0.07179487496614456,0.007051282096654177
YML027W,YDR013W,1,4.05165,0.5089285969734192,0.07307692617177963,0.007051282096654177
YIL009C-A,YIR009W,0,4.0491543,0.5044247508049011,0.07307692617177963,0.007179487030953169
YBR123C,YDR288W,0,4.0460906,0.5,0.07307692617177963,0.007307692430913448
YML027W,YPL153C,1,4.04215,0.5043478012084961,0.0743589773774147,0.007307692430913448
YKR037C,YNL151C,0,4.0252886,0.5,0.0743589773774147,0.0074358973652124405
YDL164C,YGL251C,1,4.0228143,0.504273533821106,0.07564102858304977,0.0074358973652124405
YEL061C,YKR105C,0,4.018249,0.5,0.07564102858304977,0.00756410276517272
YDR052C,YDR279W,1,4.0165725,0.5042017102241516,0.07692307978868484,0.00756410276517272
YJL072C,YGL251C,1,4.0107875,0.5083333253860474,0.07820513099431992,0.00756410276517272
YFL004W,YDR003W,0,3.9938247,0.5041322112083435,0.07820513099431992,0.007692307699471712
YJR001W,YLR176C,0,3.991834,0.5,0.07820513099431992,0.007820513099431992
YHR031C,YJL090C,1,3.9757717,0.5040650367736816,0.07948718219995499,0.007820513099431992
YDR014W,YBL023C,1,3.9755943,0.5080645084381104,0.08076923340559006,0.007820513099431992
YDR495C,YGR223C,0,3.9645388,0.5040000081062317,0.08076923340559006,0.007948718033730984
YOL105C,YER153C,0,3.964266,0.5,0.08076923340559006,0.008076922968029976
YDR052C,YDR013W,1,3.9631665,0.5039370059967041,0.08205128461122513,0.008076922968029976
YJL143W,YCL066W,0,3.9376853,0.5,0.08205128461122513,0.008205127902328968
YBL037W,YKL042W,0,3.9348671,0.4961240291595459,0.08205128461122513,0.008333333767950535
YFR037C,YLR139C,0,3.9175904,0.4923076927661896,0.08205128461122513,0.008461538702249527
YKL108W,YCL061C,1,3.9136312,0.49618321657180786,0.0833333358168602,0.008461538702249527
YNL206C,YCL059C,0,3.9124887,0.49242424964904785,0.0833333358168602,0.00858974363654852
YDR279W,YCL061C,1,3.9104664,0.49624061584472656,0.08461538702249527,0.00858974363654852
YDR013W,YBR160W,1,3.9074166,0.5,0.08589743822813034,0.00858974363654852
YML015C,YPR168W,0,3.9059598,0.4962962865829468,0.08589743822813034,0.008717948570847511
YMR306W,YLR147C,0,3.894951,0.49264705181121826,0.08589743822813034,0.008846153505146503
YBR175W,YMR217W,0,3.890148,0.48905110359191895,0.08589743822813034,0.00897435937076807
YDL067C,YDR376W,0,3.8890855,0.4855072498321533,0.08589743822813034,0.009102564305067062
YDR013W,YJL073W,1,3.8862035,0.4892086386680603,0.08717948943376541,0.009102564305067062
YNL210W,YDL080C,0,3.8836505,0.48571428656578064,0.08717948943376541,0.009230769239366055
YEL064C,YPL157W,0,3.8782365,0.4822694957256317,0.08717948943376541,0.009358974173665047
YHR167W,YOR326W,0,3.8707316,0.47887325286865234,0.08717948943376541,0.009487179107964039
YDR003W,YER030W,0,3.867398,0.4755244851112366,0.08717948943376541,0.009615384973585606
YJL072C,YDR279W,1,3.859667,0.4791666567325592,0.08846154063940048,0.009615384973585606
YNL218W,YJL073W,1,3.856138,0.48275861144065857,0.08974359184503555,0.009615384973585606
YDR107C,YJR022W,0,3.8537223,0.4794520437717438,0.08974359184503555,0.009743589907884598
YDR425W,YBR033W,0,3.8532531,0.4761904776096344,0.08974359184503555,0.00987179484218359
YOR269W,YMR017W,0,3.8498652,0.47297295928001404,0.08974359184503555,0.009999999776482582
YDL166C,YBR264C,0,3.8470829,0.46979865431785583,0.08974359184503555,0.010128204710781574
YER070W,YOR080W,1,3.839451,0.47333332896232605,0.09102564305067062,0.010128204710781574
YKL108W,YKL017C,1,3.8304732,0.4768211841583252,0.0923076942563057,0.010128204710781574
YDL101C,YBR160W,1,3.8304136,0.4802631437778473,0.09358974546194077,0.010128204710781574
YDL141W,YIR009W,0,3.8291361,0.4771241843700409,0.09358974546194077,0.010256410576403141
YOR047C,YDL141W,0,3.8290913,0.4740259647369385,0.09358974546194077,0.010384615510702133
YDR501W,YOR080W,1,3.820698,0.47741934657096863,0.09487179666757584,0.010384615510702133
YNL206C,YHL019C,0,3.8059237,0.4743589758872986,0.09487179666757584,0.010512820445001125
YBR087W,YDR121W,1,3.8046634,0.47770699858665466,0.09615384787321091,0.010512820445001125
YPR048W,YBR231C,0,3.8044255,0.474683552980423,0.09615384787321091,0.010641025379300117
YPR047W,YNL310C,0,3.802862,0.4716981053352356,0.09615384787321091,0.01076923031359911
YNL218W,YDL017W,1,3.7997668,0.4749999940395355,0.09743589907884598,0.01076923031359911
YBR087W,YKL108W,1,3.7997358,0.47826087474823,0.09871795028448105,0.01076923031359911
YDL164C,YDR121W,1,3.7972252,0.48148149251937866,0.10000000149011612,0.01076923031359911
YKR062W,YMR287C,0,3.797086,0.47852760553359985,0.10000000149011612,0.010897436179220676
YOR308C,YAL044C,0,3.7969253,0.47560974955558777,0.10000000149011612,0.011025641113519669
YHR031C,YDR501W,1,3.7934034,0.4787878692150116,0.10128205269575119,0.011025641113519669
YNL311C,YBR084W,0,3.7923496,0.47590360045433044,0.10128205269575119,0.01115384604781866
YOR269W,YLR010C,0,3.7895534,0.473053902387619,0.10128205269575119,0.011282050982117653
YPL269W,YJL109C,0,3.7839887,0.4702380895614624,0.10128205269575119,0.01141025684773922
YNL311C,YDR362C,0,3.7829578,0.4674556255340576,0.10128205269575119,0.011538461782038212
YLR154C,YDR014W,1,3.7793434,0.47058823704719543,0.10256410390138626,0.011538461782038212
YKL089W,YNL248C,0,3.7570837,0.46783626079559326,0.10256410390138626,0.011666666716337204
YOR288C,YNL306W,0,3.7570717,0.4651162922382355,0.10256410390138626,0.011794871650636196
YLR188W,YPR016C,0,3.7485073,0.4624277353286743,0.10256410390138626,0.011923076584935188
YJR001W,YDR436W,0,3.748144,0.4597701132297516,0.10256410390138626,0.012051282450556755
YMR287C,YMR056C,0,3.7479808,0.4571428596973419,0.10256410390138626,0.012179487384855747
YJL033W,YDR362C,0,3.7464244,0.4545454680919647,0.10256410390138626,0.01230769231915474
YNL218W,YBL023C,1,3.745897,0.4576271176338196,0.10384615510702133,0.01230769231915474
YBR160W,YKL108W,1,3.7456977,0.4606741666793823,0.1051282063126564,0.01230769231915474
YDL200C,YLL022C,0,3.744301,0.4581005573272705,0.1051282063126564,0.012435897253453732
YNL158W,YBL060W,0,3.7421873,0.4555555582046509,0.1051282063126564,0.012564102187752724
YHR172W,YPL022W,0,3.7367322,0.45303866267204285,0.1051282063126564,0.01269230805337429
YJR068W,YDR014W,1,3.733596,0.45604395866394043,0.10641025751829147,0.01269230805337429
YDR118W,YGR188C,0,3.7178743,0.45355191826820374,0.10641025751829147,0.012820512987673283
YCL061C,YOR080W,1,3.7155411,0.45652174949645996,0.10769230872392654,0.012820512987673283
YHR031C,YER070W,1,3.7145631,0.45945945382118225,0.10897435992956161,0.012820512987673283
YMR257C,YKL042W,0,3.7138917,0.45698925852775574,0.10897435992956161,0.012948717921972275
YBR087W,YDL017W,1,3.7023036,0.45989304780960083,0.11025641113519669,0.012948717921972275
YGL106W,YPL155C,0,3.7012374,0.457446813583374,0.11025641113519669,0.013076922856271267
YLR427W,YBR231C,0,3.687898,0.45502644777297974,0.11025641113519669,0.013205127790570259
YOL003C,YDR376W,0,3.6875098,0.4526315927505493,0.11025641113519669,0.013333333656191826
YDR013W,YAL021C,1,3.687343,0.4554973840713501,0.11153846234083176,0.013333333656191826
YML116W,YMR128W,0,3.686097,0.453125,0.11153846234083176,0.013461538590490818
YDR013W,YDR014W,1,3.6860936,0.4559585452079773,0.11282051354646683,0.013461538590490818
YNR011C,YNL191W,0,3.675367,0.4536082446575165,0.11282051354646683,0.01358974352478981
YDR052C,YGL251C,1,3.6666925,0.4564102590084076,0.1141025647521019,0.01358974352478981
YGL205W,YKL042W,0,3.6591265,0.45408162474632263,0.1141025647521019,0.013717948459088802
YOR069W,YAR018C,0,3.6544087,0.4517766535282135,0.1141025647521019,0.013846153393387794
YPR186C,YPL033C,0,3.6528628,0.44949495792388916,0.1141025647521019,0.013974359259009361
YIL074C,YJL025W,0,3.6461356,0.44723618030548096,0.1141025647521019,0.014102564193308353
YCL063W,YDR118W,0,3.6454208,0.4449999928474426,0.1141025647521019,0.014230769127607346
YFL004W,YGL206C,0,3.6415188,0.4427860677242279,0.1141025647521019,0.014358974061906338
YML077W,YDR318W,0,3.639602,0.44059404730796814,0.1141025647521019,0.014487179927527905
YIL004C,YDL200C,0,3.6309564,0.43842363357543945,0.1141025647521019,0.014615384861826897
YDR503C,YAL034W-A,0,3.6265757,0.4362744987010956,0.1141025647521019,0.014743589796125889
YCL061C,YDL017W,1,3.6242092,0.4390243887901306,0.11538461595773697,0.014743589796125889
YDL030W,YHR013C,0,3.6241558,0.43689319491386414,0.11538461595773697,0.014871794730424881
YDL006W,YCR054C,0,3.6236737,0.43478259444236755,0.11538461595773697,0.014999999664723873
YHR105W,YJL158C,0,3.6178448,0.4326923191547394,0.11538461595773697,0.01512820553034544
YOR080W,YPL153C,1,3.6177394,0.4354066848754883,0.11666666716337204,0.01512820553034544
YJL072C,YKL108W,1,3.6163795,0.43809524178504944,0.11794871836900711,0.01512820553034544
YER070W,YKL017C,1,3.6161916,0.44075828790664673,0.11923076957464218,0.01512820553034544
YNL210W,YER051W,0,3.6136444,0.4386792480945587,0.11923076957464218,0.015256410464644432
YDL164C,YJL072C,1,3.61315,0.44131454825401306,0.12051282078027725,0.015256410464644432
YDR501W,YPL153C,1,3.6107166,0.44392523169517517,0.12179487198591232,0.015256410464644432
YKL173W,YJR155W,0,3.6093566,0.44186046719551086,0.12179487198591232,0.015384615398943424
YDR501W,YKL017C,1,3.6073263,0.4444444477558136,0.1230769231915474,0.015384615398943424
YMR287C,YLR403W,0,3.605767,0.4423963129520416,0.1230769231915474,0.015512820333242416
YDR279W,YJL073W,1,3.6052058,0.44495412707328796,0.12435897439718246,0.015512820333242416
YDR219C,YDL033C,0,3.6013443,0.4429223835468292,0.12435897439718246,0.015641026198863983
YDR501W,YCL061C,1,3.5934956,0.44545453786849976,0.12564103305339813,0.015641026198863983
YNR027W,YEL016C,0,3.590647,0.44343891739845276,0.12564103305339813,0.0157692302018404
YNL210W,YIR015W,0,3.589599,0.44144144654273987,0.12564103305339813,0.015897436067461967
YOR037W,YLR139C,0,3.5857236,0.439461886882782,0.12564103305339813,0.016025641933083534
YPL174C,YAL012W,0,3.5809765,0.4375,0.12564103305339813,0.016153845936059952
YJR068W,YPL153C,1,3.5803792,0.4399999976158142,0.1269230842590332,0.016153845936059952
YJL073W,YDR014W,1,3.5772226,0.44247788190841675,0.12820513546466827,0.016153845936059952
YHR031C,YBL023C,1,3.5757911,0.4449339210987091,0.12948718667030334,0.016153845936059952
YDR315C,YER174C,0,3.5755606,0.4429824650287628,0.12948718667030334,0.01628205180168152
YDL043C,YGR188C,0,3.5753398,0.4410480260848999,0.12948718667030334,0.016410255804657936
YKL212W,YLR246W,0,3.5689018,0.43913042545318604,0.12948718667030334,0.016538461670279503
YDR013W,YDR501W,1,3.568431,0.44155845046043396,0.13076923787593842,0.016538461670279503
YHR031C,YJL072C,1,3.5682762,0.44396552443504333,0.1320512890815735,0.016538461670279503
YGR075C,YKL116C,0,3.5675008,0.44206008315086365,0.1320512890815735,0.01666666753590107
YIL109C,YLR045C,0,3.56664,0.44017094373703003,0.1320512890815735,0.016794871538877487
YBR175W,YPL269W,0,3.5631433,0.4382978677749634,0.1320512890815735,0.016923077404499054
YCR072C,YBR040W,0,3.5596416,0.43644067645072937,0.1320512890815735,0.01705128140747547
YDR425W,YMR224C,0,3.5580053,0.4345991611480713,0.1320512890815735,0.01717948727309704
YDR478W,YBR164C,0,3.5559587,0.4327731132507324,0.1320512890815735,0.017307693138718605
YPR019W,YDR054C,1,3.5518258,0.4351464509963989,0.13333334028720856,0.017307693138718605
YDR013W,YJL090C,1,3.550602,0.4375,0.13461539149284363,0.017307693138718605
YNL311C,YLR276C,0,3.5495074,0.4356846511363983,0.13461539149284363,0.017435897141695023
YPL101W,YLR318W,0,3.5486767,0.43388429284095764,0.13461539149284363,0.01756410300731659
YKL089W,YCR037C,0,3.5481055,0.43209877610206604,0.13461539149284363,0.017692307010293007
YMR094W,YDR362C,0,3.5434897,0.4303278625011444,0.13461539149284363,0.017820512875914574
YMR287C,YPL157W,0,3.5434499,0.4285714328289032,0.13461539149284363,0.01794871874153614
YDR014W,YPL153C,1,3.5430193,0.43089431524276733,0.1358974426984787,0.01794871874153614
YDR533C,YKR097W,0,3.5340693,0.4291498064994812,0.1358974426984787,0.018076922744512558
YMR080C,YJR075W,0,3.5328794,0.42741936445236206,0.1358974426984787,0.018205128610134125
YER174C,YGR135W,0,3.5309668,0.4257028102874756,0.1358974426984787,0.018333332613110542
YGL120C,YJR135C,0,3.5278862,0.42399999499320984,0.1358974426984787,0.01846153847873211
YHR116W,YDR252W,0,3.5276158,0.4223107695579529,0.1358974426984787,0.018589744344353676
YBR087W,YPL153C,1,3.5262835,0.4246031641960144,0.13717949390411377,0.018589744344353676
YHR089C,YEL016C,0,3.520972,0.4229249060153961,0.13717949390411377,0.018717948347330093
YDR356W,YPL038W,0,3.5197766,0.4212598502635956,0.13717949390411377,0.01884615421295166
YJR076C,YLR318W,0,3.5166688,0.41960784792900085,0.13717949390411377,0.018974358215928078
YIL112W,YMR017W,0,3.5144098,0.41796875,0.13717949390411377,0.019102564081549644
YDR121W,YKL017C,1,3.513124,0.42023345828056335,0.13846154510974884,0.019102564081549644
YIL150C,YOR346W,1,3.5130596,0.42248061299324036,0.1397435963153839,0.019102564081549644
YNL210W,YBR214W,0,3.5120275,0.42084941267967224,0.1397435963153839,0.01923076994717121
YMR211W,YCR037C,0,3.5050905,0.41923075914382935,0.1397435963153839,0.01935897395014763
YAR018C,YJL156C,0,3.5014024,0.4176245331764221,0.1397435963153839,0.019487179815769196
YIL145C,YLR014C,0,3.496567,0.41603052616119385,0.1397435963153839,0.019615383818745613
YBL017C,YLR306W,0,3.4965034,0.41444867849349976,0.1397435963153839,0.01974358968436718
YHR027C,YER147C,0,3.494786,0.41287878155708313,0.1397435963153839,0.019871795549988747
YJR010C-A,YDR320C,0,3.492781,0.4113207459449768,0.1397435963153839,0.019999999552965164
YHR031C,YDR014W,1,3.4917262,0.4135338366031647,0.14102564752101898,0.019999999552965164
YNL227C,YHR167W,0,3.488453,0.41198500990867615,0.14102564752101898,0.02012820541858673
YLR154C,YKL108W,1,3.4884431,0.41417911648750305,0.14230769872665405,0.02012820541858673
YML027W,YBR160W,1,3.4874313,0.4163568913936615,0.14358974993228912,0.02012820541858673
YNR011C,YBR040W,0,3.4856555,0.4148148000240326,0.14358974993228912,0.02025640942156315
YJR013W,YDR130C,0,3.483727,0.4132841229438782,0.14358974993228912,0.020384615287184715
YAL021C,YDR014W,1,3.473911,0.4154411852359772,0.1448718011379242,0.020384615287184715
YCL061C,YOR346W,1,3.472645,0.4175824224948883,0.14615385234355927,0.020384615287184715
YLR418C,YML015C,0,3.4715724,0.41605839133262634,0.14615385234355927,0.020512821152806282
YGR286C,YML095C,0,3.4695466,0.4145454466342926,0.14615385234355927,0.0206410251557827
YDL164C,YJL090C,1,3.463937,0.4166666567325592,0.14743590354919434,0.0206410251557827
YOR037W,YGR220C,0,3.4633653,0.41516244411468506,0.14743590354919434,0.020769231021404266
YGL128C,YHR011W,0,3.4526565,0.41366907954216003,0.14743590354919434,0.020897435024380684
YHR167W,YOR043W,0,3.4511912,0.4121863842010498,0.14743590354919434,0.02102564089000225
YHR031C,YKL017C,1,3.450043,0.41428571939468384,0.1487179547548294,0.02102564089000225
YPL121C,YHR011W,0,3.4479373,0.41281139850616455,0.1487179547548294,0.021153846755623817
YDR252W,YER012W,0,3.447774,0.41134750843048096,0.1487179547548294,0.021282050758600235
YDR479C,YLR038C,0,3.4472668,0.4098939895629883,0.1487179547548294,0.021410256624221802
YOR061W,YBL069W,0,3.4464266,0.4084506928920746,0.1487179547548294,0.02153846062719822
YDR379W,YOL056W,0,3.4422991,0.4070175290107727,0.1487179547548294,0.021666666492819786
YHR031C,YCL061C,1,3.439212,0.40909090638160706,0.15000000596046448,0.021666666492819786
YJL072C,YNL218W,1,3.4386702,0.4111498296260834,0.15128205716609955,0.021666666492819786
YDR014W,YOR217W,1,3.4384277,0.4131944477558136,0.15256410837173462,0.021666666492819786
YAL021C,YJL073W,1,3.4374046,0.41522490978240967,0.1538461595773697,0.021666666492819786
YOR037W,YJR135W-A,0,3.437075,0.4137931168079376,0.1538461595773697,0.021794872358441353
YOL065C,YKL173W,0,3.4370553,0.41237112879753113,0.1538461595773697,0.02192307636141777
YGL211W,YLR306W,0,3.431205,0.4109589159488678,0.1538461595773697,0.022051282227039337
YGR223C,YCR098C,0,3.428701,0.4095562994480133,0.1538461595773697,0.022179488092660904
YLR364W,YOL149W,0,3.4260857,0.40816327929496765,0.1538461595773697,0.02230769209563732
YKL154W,YOR043W,0,3.418636,0.4067796468734741,0.1538461595773697,0.022435897961258888
YER148W,YBR175W,0,3.4152386,0.4054054021835327,0.1538461595773697,0.022564101964235306
YBR240C,YOR181W,0,3.4145045,0.4040403962135315,0.1538461595773697,0.022692307829856873
YBR082C,YIL084C,0,3.4123342,0.4026845693588257,0.1538461595773697,0.02282051369547844
YDL017W,YBL023C,1,3.4114518,0.4046822786331177,0.15512821078300476,0.02282051369547844
YDR279W,YOR080W,1,3.4113252,0.40666666626930237,0.15641026198863983,0.02282051369547844
YMR080C,YOR308C,0,3.4040382,0.4053156077861786,0.15641026198863983,0.022948717698454857
YHR089C,YPL202C,0,3.3989365,0.4039735198020935,0.15641026198863983,0.023076923564076424
YKR038C,YHR036W,0,3.3932946,0.4026402533054352,0.15641026198863983,0.02320512756705284
YJL072C,YBL023C,1,3.3929355,0.40460526943206787,0.1576923131942749,0.02320512756705284
YDR121W,YDR013W,1,3.389474,0.4065573811531067,0.15897436439990997,0.02320512756705284
YOR278W,YLR306W,0,3.3873625,0.40522876381874084,0.15897436439990997,0.023333333432674408
YGL136C,YJR001W,0,3.3813193,0.40390878915786743,0.15897436439990997,0.023461539298295975
YBL090W,YIR009W,0,3.3782523,0.4025973975658417,0.15897436439990997,0.023589743301272392
YNL188W,YCR094W,0,3.3781788,0.4012944996356964,0.15897436439990997,0.02371794916689396
YKL089W,YDL143W,0,3.37742,0.4000000059604645,0.15897436439990997,0.023846153169870377
YHR031C,YIL150C,1,3.374748,0.40192925930023193,0.16025641560554504,0.023846153169870377
YBL023C,YOR217W,1,3.3746703,0.4038461446762085,0.16153846681118011,0.023846153169870377
YDR279W,YPR019W,1,3.3720665,0.4057508111000061,0.16282051801681519,0.023846153169870377
YDR052C,YDR014W,1,3.3717854,0.40764331817626953,0.16410256922245026,0.023846153169870377
YBL106C,YNL227C,0,3.3595183,0.40634921193122864,0.16410256922245026,0.023974359035491943
YJL073W,YDL017W,1,3.3530977,0.4082278609275818,0.16538462042808533,0.023974359035491943
YJL156C,YOR211C,0,3.3490596,0.4069400727748871,0.16538462042808533,0.02410256490111351
YGL251C,YJR068W,1,3.3469698,0.4088050425052643,0.1666666716337204,0.02410256490111351
YJL072C,YDL101C,1,3.3402872,0.4106582999229431,0.16794872283935547,0.02410256490111351
YPR048W,YDL033C,0,3.340231,0.40937501192092896,0.16794872283935547,0.024230768904089928
YPL121C,YDR363W-A,0,3.3394918,0.4080996811389923,0.16794872283935547,0.024358974769711494
YNL280C,YGR263C,0,3.3381703,0.4068323075771332,0.16794872283935547,0.024487178772687912
YGL251C,YBL023C,1,3.3368506,0.40866872668266296,0.16923077404499054,0.024487178772687912
YJL072C,YJL073W,1,3.3333924,0.4104938209056854,0.1705128252506256,0.024487178772687912
YNL330C,YDR478W,0,3.326032,0.4092307686805725,0.1705128252506256,0.02461538463830948
YJL072C,YLR154C,1,3.3251092,0.4110429584980011,0.17179487645626068,0.02461538463830948
YDR224C,YBR185C,0,3.3222206,0.4097859263420105,0.17179487645626068,0.024743590503931046
YAL053W,YER147C,0,3.3170307,0.4085365831851959,0.17179487645626068,0.024871794506907463
YLR109W,YNL158W,0,3.3165452,0.4072948396205902,0.17179487645626068,0.02500000037252903
YJR097W,YDR402C,0,3.3164494,0.4060606062412262,0.17179487645626068,0.025128204375505447
YDR532C,YCL027W,0,3.3134568,0.4048338234424591,0.17179487645626068,0.025256410241127014
YML027W,YCL061C,1,3.3095222,0.40662649273872375,0.17307692766189575,0.025256410241127014
YCR020C,YCL063W,0,3.30779,0.4054054021835327,0.17307692766189575,0.02538461610674858
YML034W,YGR234W,0,3.3071017,0.40419161319732666,0.17307692766189575,0.025512820109725
YDR052C,YCL061C,1,3.3068926,0.40597015619277954,0.17435897886753082,0.025512820109725
YKL108W,YDR014W,1,3.305974,0.4077380895614624,0.1756410300731659,0.025512820109725
YNL128W,YOR044W,0,3.305677,0.40652820467948914,0.1756410300731659,0.025641025975346565
YDR052C,YNL218W,1,3.3044531,0.4082840383052826,0.17692308127880096,0.025641025975346565
YMR201C,YML095C,0,3.3027647,0.40707963705062866,0.17692308127880096,0.025769229978322983
YDR279W,YDR014W,1,3.3025463,0.40882351994514465,0.17820513248443604,0.025769229978322983
YDR279W,YKL108W,1,3.3014662,0.41055718064308167,0.1794871836900711,0.025769229978322983
YJR110W,YCL066W,0,3.3002465,0.4093567132949829,0.1794871836900711,0.02589743584394455
YCR072C,YAL034W-A,0,3.2976363,0.40816327929496765,0.1794871836900711,0.026025641709566116
YDL069C,YJL056C,0,3.2973275,0.40697672963142395,0.1794871836900711,0.026153845712542534
YJL033W,YDR478W,0,3.2969255,0.4057970941066742,0.1794871836900711,0.0262820515781641
YJL072C,YDR052C,1,3.2968938,0.40751445293426514,0.18076923489570618,0.0262820515781641
YDR228C,YKL010C,0,3.2960842,0.4063400626182556,0.18076923489570618,0.026410255581140518
YHR031C,YJR068W,1,3.292738,0.4080459773540497,0.18205128610134125,0.026410255581140518
YKR105C,YPL095C,0,3.2877991,0.406876802444458,0.18205128610134125,0.026538461446762085
YNL218W,YDR014W,1,3.2856834,0.40857142210006714,0.18333333730697632,0.026538461446762085
YCL069W,YLR433C,0,3.2851343,0.40740740299224854,0.18333333730697632,0.02666666731238365
YGL168W,YDR014W,1,3.2846878,0.40909090638160706,0.1846153885126114,0.02666666731238365
YDL141W,YGR218W,0,3.2833045,0.40793201327323914,0.1846153885126114,0.02679487131536007
YNL227C,YHR036W,0,3.27842,0.4067796468734741,0.1846153885126114,0.026923077180981636
YML027W,YNL218W,1,3.2778997,0.4084506928920746,0.18589743971824646,0.026923077180981636
YDR481C,YFL044C,0,3.2758358,0.4073033630847931,0.18589743971824646,0.027051281183958054
YPL121C,YMR282C,0,3.2714305,0.40616247057914734,0.18589743971824646,0.02717948704957962
YCR004C,YLR381W,0,3.2705877,0.40502792596817017,0.18589743971824646,0.027307692915201187
YIL150C,YAL021C,1,3.2700508,0.4066852331161499,0.18717949092388153,0.027307692915201187
YDR279W,YAL021C,1,3.2698293,0.40833333134651184,0.1884615421295166,0.027307692915201187
YDL164C,YDR014W,1,3.2691162,0.40997231006622314,0.18974359333515167,0.027307692915201187
YLR318W,YLR079W,0,3.2662866,0.40883979201316833,0.18974359333515167,0.027435896918177605
YMR287C,YDL138W,0,3.266073,0.40771350264549255,0.18974359333515167,0.02756410278379917
YIL072W,YDR402C,0,3.2657177,0.4065934121608734,0.18974359333515167,0.02769230678677559
YDL164C,YDL017W,1,3.264044,0.40821918845176697,0.19102564454078674,0.02769230678677559
YJL073W,YOR346W,1,3.2634592,0.4098360538482666,0.19230769574642181,0.02769230678677559
YJR010C-A,YLR265C,0,3.263355,0.40871936082839966,0.19230769574642181,0.027820512652397156
YPL060W,YOL007C,0,3.2611096,0.40760868787765503,0.19230769574642181,0.027948718518018723
YNR043W,YKL034W,0,3.25961,0.4065040647983551,0.19230769574642181,0.02807692252099514
YER082C,YLR306W,0,3.2593167,0.4054054021835327,0.19230769574642181,0.028205128386616707
YGL251C,YDL017W,1,3.2591133,0.4070080816745758,0.19358974695205688,0.028205128386616707
YHR031C,YPL153C,1,3.2586117,0.40860214829444885,0.19487179815769196,0.028205128386616707
YDL008W,YGL084C,0,3.2553937,0.40750670433044434,0.19487179815769196,0.028333334252238274
YOR278W,YLL022C,0,3.2512097,0.4064171016216278,0.19487179815769196,0.02846153825521469
YHR167W,YOR332W,0,3.2501223,0.40533334016799927,0.19487179815769196,0.028589744120836258
YEL059C-A,YMR302C,0,3.249992,0.40425533056259155,0.19487179815769196,0.028717948123812675
YNL188W,YIL115C,0,3.2452009,0.4031830132007599,0.19487179815769196,0.028846153989434242
YHR052W,YIL026C,0,3.2443783,0.4021163880825043,0.19487179815769196,0.02897435985505581
YGR274C,YMR127C,0,3.2435205,0.40105539560317993,0.19487179815769196,0.029102563858032227
YBL106C,YLR306W,0,3.241198,0.4000000059604645,0.19487179815769196,0.029230769723653793
YGL021W,YJL044C,0,3.2404654,0.39895012974739075,0.19487179815769196,0.02935897372663021
YAL010C,YMR264W,0,3.2370632,0.39790576696395874,0.19487179815769196,0.029487179592251778
YDR501W,YDL017W,1,3.2366848,0.3994778096675873,0.19615384936332703,0.029487179592251778
YDL101C,YDR013W,1,3.2343786,0.4010416567325592,0.1974359005689621,0.029487179592251778
YDL164C,YDR501W,1,3.2327788,0.4025973975658417,0.19871795177459717,0.029487179592251778
YBL021C,YPR031W,0,3.23106,0.4015544056892395,0.19871795177459717,0.029615385457873344
YER025W,YPL155C,0,3.2289636,0.4005168080329895,0.19871795177459717,0.029743589460849762
YGL251C,YAR007C,1,3.2287202,0.4020618498325348,0.20000000298023224,0.029743589460849762
YKL017C,YPL153C,1,3.228201,0.40359896421432495,0.2012820541858673,0.029743589460849762
YCL027W,YDL065C,0,3.2267168,0.4025641083717346,0.2012820541858673,0.02987179532647133
YJL073W,YPL153C,1,3.221402,0.40409207344055176,0.20256410539150238,0.02987179532647133
YDL108W,YHR023W,0,3.2208757,0.4030612111091614,0.20256410539150238,0.029999999329447746
YNL206C,YDR101C,0,3.2184737,0.4020356237888336,0.20256410539150238,0.030128205195069313
YNL218W,YKL108W,1,3.2180464,0.403553307056427,0.20384615659713745,0.030128205195069313
YKR104W,YEL021W,0,3.2130718,0.4025316536426544,0.20384615659713745,0.03025641106069088
YDR013W,YDL056W,1,3.212898,0.4040403962135315,0.20512820780277252,0.03025641106069088
YDL205C,YJL062W,0,3.2114952,0.4030226767063141,0.20512820780277252,0.030384615063667297
YGR223C,YGL155W,0,3.2109096,0.402010053396225,0.20512820780277252,0.030512820929288864
YDL085W,YMR306W,0,3.2097104,0.4010024964809418,0.20512820780277252,0.03064102493226528
YHR031C,YDL101C,1,3.2067928,0.4025000035762787,0.2064102590084076,0.03064102493226528
YBR087W,YKL017C,1,3.2045152,0.4039900302886963,0.20769231021404266,0.03064102493226528
YHR031C,YOR080W,1,3.202668,0.40547263622283936,0.20897436141967773,0.03064102493226528
YOR201C,YBR030W,0,3.2024324,0.40446650981903076,0.20897436141967773,0.03076923079788685
YOL156W,YGL155W,0,3.2016003,0.4034653604030609,0.20897436141967773,0.030897436663508415
YDL043C,YGR274C,0,3.2000015,0.40246912837028503,0.20897436141967773,0.031025640666484833
YCR098C,YFR007W,0,3.1981618,0.4014778435230255,0.20897436141967773,0.0311538465321064
YDR013W,YOR217W,1,3.1973403,0.40294840931892395,0.2102564126253128,0.0311538465321064
YPL103C,YDR116C,0,3.1922863,0.4019607901573181,0.2102564126253128,0.031282052397727966
YML027W,YBL023C,1,3.191355,0.4034229815006256,0.21153846383094788,0.031282052397727966
YML027W,YJL090C,1,3.1910818,0.40487805008888245,0.21282051503658295,0.031282052397727966
YKL173W,YGL205W,0,3.1902804,0.4038929343223572,0.21282051503658295,0.03141025826334953
YIL004C,YPR192W,0,3.1898618,0.40291261672973633,0.21282051503658295,0.0315384604036808
YBR087W,YBL023C,1,3.1880074,0.4043583571910858,0.21410256624221802,0.0315384604036808
YPR049C,YPR186C,0,3.1845243,0.4033816456794739,0.21410256624221802,0.03166666626930237
YBR087W,YCL061C,1,3.1834443,0.4048192799091339,0.2153846174478531,0.03166666626930237
YBR058C,YDL008W,0,3.1828883,0.4038461446762085,0.2153846174478531,0.031794872134923935
YIL026C,YLR078C,0,3.182593,0.40287768840789795,0.2153846174478531,0.0319230780005455
YGR154C,YNL244C,0,3.1818566,0.4019138813018799,0.2153846174478531,0.03205128386616707
YLR098C,YNL061W,0,3.1811888,0.4009546637535095,0.2153846174478531,0.03217948600649834
YDR013W,YJR068W,1,3.1808288,0.40238094329833984,0.21666666865348816,0.03217948600649834
YLR188W,YJL080C,0,3.1806204,0.40142518281936646,0.21666666865348816,0.032307691872119904
YLR373C,YNL077W,0,3.1799662,0.4004739224910736,0.21666666865348816,0.03243589773774147
YGL106W,YKL042W,0,3.1796243,0.3995271921157837,0.21666666865348816,0.03256410360336304
YER147C,YIL026C,0,3.176625,0.39858490228652954,0.21666666865348816,0.032692309468984604
YKR090W,YCR098C,0,3.175038,0.39764705300331116,0.21666666865348816,0.03282051160931587
YDR279W,YDR121W,1,3.1707945,0.39906102418899536,0.21794871985912323,0.03282051160931587
YDL056W,YKL108W,1,3.1666353,0.4004683792591095,0.2192307710647583,0.03282051160931587
YBR050C,YML095C,0,3.1665015,0.3995327055454254,0.2192307710647583,0.03294871747493744
YKR038C,YJR022W,0,3.166264,0.3986014127731323,0.2192307710647583,0.033076923340559006
YKL173W,YKL109W,0,3.1661775,0.39767441153526306,0.2192307710647583,0.03320512920618057
YJL157C,YPL174C,0,3.16463,0.39675173163414,0.2192307710647583,0.03333333507180214
YNL291C,YDR478W,0,3.1645217,0.3958333432674408,0.2192307710647583,0.03346153721213341
YJL072C,YKL017C,1,3.1629775,0.3972286283969879,0.22051282227039337,0.03346153721213341
YPR049C,YNL135C,0,3.1629186,0.3963133692741394,0.22051282227039337,0.033589743077754974
YPL038W,YER112W,0,3.1546082,0.39540231227874756,0.22051282227039337,0.03371794894337654
YJL072C,YOR080W,1,3.1506894,0.39678898453712463,0.22179487347602844,0.03371794894337654
YAL021C,YAR007C,1,3.1485708,0.3981693387031555,0.2230769246816635,0.03371794894337654
YLR364W,YDR356W,0,3.1485565,0.39726027846336365,0.2230769246816635,0.03384615480899811
YOR217W,YPL153C,1,3.1446254,0.39863327145576477,0.22435897588729858,0.03384615480899811
YNL218W,YCL061C,1,3.1440918,0.4000000059604645,0.22564102709293365,0.03384615480899811
YHR031C,YAL021C,1,3.1404684,0.40136054158210754,0.22692307829856873,0.03384615480899811
YNL218W,YAL021C,1,3.1390152,0.40271493792533875,0.2282051295042038,0.03384615480899811
YDR425W,YDR107C,0,3.1378164,0.4018058776855469,0.2282051295042038,0.033974360674619675
YDR121W,YER070W,1,3.1335487,0.4031531512737274,0.22948718070983887,0.033974360674619675
YGR286C,YJL056C,0,3.1311986,0.40224719047546387,0.22948718070983887,0.03410256281495094
YDR478W,YJR058C,0,3.1305847,0.40134528279304504,0.22948718070983887,0.03423076868057251
YER174C,YDR320C,0,3.12935,0.40044742822647095,0.22948718070983887,0.03435897454619408
YMR094W,YKL143W,0,3.128671,0.3995535671710968,0.22948718070983887,0.03448718041181564
YNL218W,YKL017C,1,3.1282012,0.40089085698127747,0.23076923191547394,0.03448718041181564
YGR104C,YML091C,0,3.1273706,0.4000000059604645,0.23076923191547394,0.03461538627743721
YJR076C,YMR285C,0,3.1264493,0.39911308884620667,0.23076923191547394,0.03474358841776848
YEL064C,YDR486C,0,3.1245825,0.39823007583618164,0.23076923191547394,0.034871794283390045
YJR016C,YPL103C,0,3.1223447,0.3973509967327118,0.23076923191547394,0.03500000014901161
YDR456W,YLR306W,0,3.1101727,0.39647576212882996,0.23076923191547394,0.03512820601463318
YDR279W,YKL017C,1,3.1100047,0.3978022038936615,0.232051283121109,0.03512820601463318
YLR418C,YJL153C,0,3.106017,0.3969298303127289,0.232051283121109,0.035256411880254745
YAL010C,YIL009C-A,0,3.1043012,0.3960612714290619,0.232051283121109,0.035384614020586014
YDL069C,YIL070C,0,3.1036298,0.39519649744033813,0.232051283121109,0.03551281988620758
YMR198W,YGR223C,0,3.101698,0.3943355083465576,0.232051283121109,0.03564102575182915
YBL074C,YLL022C,0,3.100671,0.39347827434539795,0.232051283121109,0.035769231617450714
YHR167W,YLR306W,0,3.1005514,0.39262473583221436,0.232051283121109,0.03589743748307228
YKL089W,YIL039W,0,3.1004012,0.39177489280700684,0.232051283121109,0.03602563962340355
YPR081C,YDL008W,0,3.0991304,0.390928715467453,0.232051283121109,0.036153845489025116
YGR029W,YGR286C,0,3.0983093,0.39008620381355286,0.232051283121109,0.03628205135464668
YDR279W,YNL218W,1,3.0980644,0.3913978636264801,0.23333333432674408,0.03628205135464668
YBL088C,YAL034W-A,0,3.0966537,0.3905579447746277,0.23333333432674408,0.03641025722026825
YDR279W,YGL251C,1,3.0959697,0.3918629586696625,0.23461538553237915,0.03641025722026825
YAL021C,YCL061C,1,3.0950725,0.39316239953041077,0.23589743673801422,0.03641025722026825
YOR373W,YLR427W,0,3.094319,0.3923240900039673,0.23589743673801422,0.036538463085889816
YNR011C,YPL074W,0,3.0906267,0.3914893567562103,0.23589743673801422,0.036666665226221085
YDR501W,YBL023C,1,3.0884855,0.3927813172340393,0.2371794879436493,0.036666665226221085
YNL210W,YJR016C,0,3.086453,0.3919491469860077,0.2371794879436493,0.03679487109184265
YNL039W,YGR241C,0,3.0862308,0.3911204934120178,0.2371794879436493,0.03692307695746422
YMR316W,YDR283C,0,3.084708,0.3902953565120697,0.2371794879436493,0.037051282823085785
YAL021C,YKL108W,1,3.084373,0.39157894253730774,0.23846153914928436,0.037051282823085785
YBL022C,YIR023W,0,3.08241,0.3907563090324402,0.23846153914928436,0.03717948868870735
YMR287C,YPL095C,0,3.080269,0.3899371027946472,0.23846153914928436,0.03730769082903862
YML027W,YDR121W,1,3.0800705,0.39121338725090027,0.23974359035491943,0.03730769082903862
YLR078C,YDR031W,0,3.0800002,0.3903966546058655,0.23974359035491943,0.03743589669466019
YPL121C,YKR037C,0,3.0706615,0.3895833194255829,0.23974359035491943,0.037564102560281754
YDR126W,YPL028W,0,3.067654,0.3887733817100525,0.23974359035491943,0.03769230842590332
YLR318W,YNL149C,0,3.0676253,0.3879668116569519,0.23974359035491943,0.03782051429152489
YPL206C,YER174C,0,3.067551,0.38716354966163635,0.23974359035491943,0.037948716431856155
YHR023W,YOR150W,0,3.0658443,0.3863636255264282,0.23974359035491943,0.03807692229747772
YIL150C,YPL153C,1,3.0653126,0.38762885332107544,0.2410256415605545,0.03807692229747772
YCL063W,YBL069W,0,3.064506,0.38683128356933594,0.2410256415605545,0.03820512816309929
YPL226W,YGL157W,0,3.0613883,0.3860369622707367,0.2410256415605545,0.038333334028720856
YER070W,YKL108W,1,3.0585363,0.38729506731033325,0.24230769276618958,0.038333334028720856
YDL017W,YKL017C,1,3.057337,0.3885480463504791,0.24358974397182465,0.038333334028720856
YCR081W,YGR218W,0,3.0558429,0.3877550959587097,0.24358974397182465,0.03846153989434242
YML005W,YDR486C,0,3.0496752,0.3869653642177582,0.24358974397182465,0.03858974203467369
YML077W,YAR018C,0,3.0476213,0.3861788511276245,0.24358974397182465,0.03871794790029526
YCR081W,YEL050C,0,3.0462835,0.38539552688598633,0.24358974397182465,0.038846153765916824
YMR233W,YEL015W,0,3.0453026,0.38461539149284363,0.24358974397182465,0.03897435963153839
YAL021C,YPL153C,1,3.043374,0.38585859537124634,0.24487179517745972,0.03897435963153839
YIL027C,YLR381W,0,3.042615,0.38508063554763794,0.24487179517745972,0.03910256549715996
YIL150C,YDL164C,1,3.0413163,0.3863179087638855,0.2461538463830948,0.03910256549715996
YJL072C,YAL021C,1,3.0405757,0.3875502049922943,0.24743589758872986,0.03910256549715996
YDR379W,YNL149C,0,3.0405436,0.38677355647087097,0.24743589758872986,0.039230767637491226
YDR334W,YKR104W,0,3.0404222,0.38600000739097595,0.24743589758872986,0.03935897350311279
YDR013W,YOR080W,1,3.0393662,0.38722553849220276,0.24871794879436493,0.03935897350311279
YDR121W,YDL017W,1,3.038373,0.38844621181488037,0.25,0.03935897350311279
YLR381W,YKL116C,0,3.0382607,0.387673944234848,0.25,0.03948717936873436
YOR346W,YKL017C,1,3.0371535,0.3888888955116272,0.25128206610679626,0.03948717936873436
YDR069C,YPL153C,1,3.0369549,0.39009901881217957,0.25256410241127014,0.03948717936873436
YGR104C,YOR075W,0,3.033722,0.3893280625343323,0.25256410241127014,0.039615385234355927
YJR068W,YBL023C,1,3.032939,0.39053255319595337,0.2538461685180664,0.039615385234355927
YLR370C,YNL210W,0,3.0311756,0.3897637724876404,0.2538461685180664,0.03974359109997749
YGL128C,YLR418C,0,3.0303748,0.38899803161621094,0.2538461685180664,0.03987179324030876
YHR031C,YLR154C,1,3.0299156,0.3901960849761963,0.2551282048225403,0.03987179324030876
YOR181W,YER111C,0,3.02985,0.38943248987197876,0.2551282048225403,0.03999999910593033
YBR240C,YKL164C,0,3.025926,0.388671875,0.2551282048225403,0.040128204971551895
YDL200C,YML048W,0,3.023369,0.38791424036026,0.2551282048225403,0.04025641083717346
YDR448W,YPL269W,0,3.0232563,0.387159526348114,0.2551282048225403,0.04038461670279503
YOL007C,YPL111W,0,3.022713,0.3864077627658844,0.2551282048225403,0.0405128188431263
YOR233W,YPR031W,0,3.0200608,0.3856589198112488,0.2551282048225403,0.040641024708747864
YML034W,YCL066W,0,3.0173728,0.38491296768188477,0.2551282048225403,0.04076923057436943
YNL227C,YER147C,0,3.0166993,0.38416987657546997,0.2551282048225403,0.040897436439991
YNR045W,YER030W,0,3.0145617,0.3834296762943268,0.2551282048225403,0.041025642305612564
YLR154C,YGL251C,1,3.013845,0.38461539149284363,0.25641027092933655,0.041025642305612564
YGL210W,YDR288W,0,3.0091896,0.383877158164978,0.25641027092933655,0.04115384444594383
YFL004W,YBR041W,0,3.007073,0.38314175605773926,0.25641027092933655,0.0412820503115654
YJL090C,YDR501W,1,3.0059574,0.3843212127685547,0.2576923072338104,0.0412820503115654
YCL027W,YLR467W,0,3.002984,0.3835877776145935,0.2576923072338104,0.041410256177186966
YMR287C,YGR188C,0,3.0025296,0.38285714387893677,0.2576923072338104,0.04153846204280853
YAR007C,YDR014W,1,3.0020583,0.38403043150901794,0.2589743733406067,0.04153846204280853
YKL108W,YDR069C,1,3.0003552,0.38519924879074097,0.26025640964508057,0.04153846204280853
YDR014W,YDL017W,1,2.9990866,0.3863636255264282,0.26153847575187683,0.04153846204280853
YBR175W,YLR441C,0,2.9967303,0.385633260011673,0.26153847575187683,0.0416666679084301
YBR264C,YDR044W,0,2.9960577,0.3849056661128998,0.26153847575187683,0.04179487004876137
YDR130C,YBR185C,0,2.995992,0.38418078422546387,0.26153847575187683,0.041923075914382935
YDR121W,YLR154C,1,2.9948187,0.38533833622932434,0.2628205120563507,0.041923075914382935
YOR037W,YML009C,0,2.991964,0.38461539149284363,0.2628205120563507,0.0420512817800045
YGL128C,YLR246W,0,2.9904177,0.3838951289653778,0.2628205120563507,0.04217948764562607
YBR033W,YLR246W,0,2.988402,0.38317757844924927,0.2628205120563507,0.042307693511247635
YML027W,YDL164C,1,2.9883034,0.38432836532592773,0.264102578163147,0.042307693511247635
YNL012W,YPL092W,0,2.9877098,0.38361266255378723,0.264102578163147,0.0424358956515789
YOL139C,YOL072W,0,2.9849975,0.3828996419906616,0.264102578163147,0.04256410151720047
YJL073W,YGL251C,1,2.9842749,0.3840445280075073,0.26538461446762085,0.04256410151720047
YLL050C,YBL021C,0,2.98183,0.38333332538604736,0.26538461446762085,0.04269230738282204
YJR135C,YKR037C,0,2.979173,0.3826247751712799,0.26538461446762085,0.042820513248443604
YGR263C,YFR008W,0,2.978817,0.3819188177585602,0.26538461446762085,0.04294871911406517
YDR532C,YMR282C,0,2.9784205,0.38121548295021057,0.26538461446762085,0.04307692125439644
YPL059W,YDL030W,0,2.9748924,0.3805147111415863,0.26538461446762085,0.043205127120018005
YJL090C,YBR160W,1,2.9734,0.381651371717453,0.2666666805744171,0.043205127120018005
YMR287C,YPL028W,0,2.9727314,0.380952388048172,0.2666666805744171,0.04333333298563957
YFL047W,YAR018C,0,2.9727247,0.38025593757629395,0.2666666805744171,0.04346153885126114
YLR038C,YDR252W,0,2.9718173,0.37956205010414124,0.2666666805744171,0.043589744716882706
YJR110W,YBR264C,0,2.970773,0.3788706660270691,0.2666666805744171,0.043717946857213974
YPR005C,YPL172C,0,2.9683275,0.3781818151473999,0.2666666805744171,0.04384615272283554
YJL125C,YNL325C,0,2.9667258,0.3774954676628113,0.2666666805744171,0.04397435858845711
YKL089W,YPL121C,0,2.963774,0.37681159377098083,0.2666666805744171,0.044102564454078674
YNL185C,YDL008W,0,2.9637256,0.37613019347190857,0.2666666805744171,0.04423077031970024
YBR231C,YFL037W,0,2.9597828,0.3754512667655945,0.2666666805744171,0.04435897618532181
YOL019W,YOR092W,0,2.9596632,0.3747747838497162,0.2666666805744171,0.044487178325653076
YPL111W,YDL082W,0,2.9581661,0.3741007149219513,0.2666666805744171,0.04461538419127464
YDL030W,YPR073C,0,2.956667,0.3734290897846222,0.2666666805744171,0.04474359005689621
YER048W-A,YBR213W,0,2.9559786,0.3727598488330841,0.2666666805744171,0.044871795922517776
YDL164C,YDR052C,1,2.9542053,0.3738819360733032,0.267948716878891,0.044871795922517776
YCR010C,YPR032W,0,2.9487793,0.3732142746448517,0.267948716878891,0.04500000178813934
YLL009C,YJR158W,0,2.9482558,0.37254902720451355,0.267948716878891,0.04512820392847061
YER174C,YLR176C,0,2.9482415,0.37188613414764404,0.267948716878891,0.04525640979409218
YGL223C,YNL191W,0,2.9477665,0.3712255656719208,0.267948716878891,0.045384615659713745
YMR100W,YGR001C,0,2.9453661,0.3705673813819885,0.267948716878891,0.04551282152533531
YDR013W,YCL061C,1,2.9452906,0.37168142199516296,0.26923078298568726,0.04551282152533531
YBR264C,YDR130C,0,2.9422843,0.3710247278213501,0.26923078298568726,0.04564102739095688
YDR279W,YBL023C,1,2.942075,0.3721340298652649,0.27051281929016113,0.04564102739095688
YHR036W,YGR075C,0,2.9410276,0.3714788854122162,0.27051281929016113,0.04576922953128815
YOL133W,YJL025W,0,2.9402685,0.37082600593566895,0.27051281929016113,0.045897435396909714
YOL018C,YDL008W,0,2.9386399,0.37017545104026794,0.27051281929016113,0.04602564126253128
YJL090C,YJL073W,1,2.9380517,0.37127846479415894,0.2717948853969574,0.04602564126253128
YDR356W,YDL006W,0,2.93695,0.37062937021255493,0.2717948853969574,0.04615384712815285
YHR153C,YOR036W,0,2.9317405,0.3699825406074524,0.2717948853969574,0.046282052993774414
YJL156C,YGR075C,0,2.9298213,0.3693379759788513,0.2717948853969574,0.04641025513410568
YAR018C,YOR211C,0,2.9248652,0.3686956465244293,0.2717948853969574,0.04653846099972725
YDR279W,YPL153C,1,2.9230263,0.3697916567325592,0.2730769217014313,0.04653846099972725
YPL121C,YDL030W,0,2.9211416,0.3691507875919342,0.2730769217014313,0.046666666865348816
YBR299W,YPL095C,0,2.9169297,0.3685121238231659,0.2730769217014313,0.04679487273097038
YGL213C,YLR176C,0,2.9144278,0.3678756356239319,0.2730769217014313,0.04692307859659195
YMR235C,YLR176C,0,2.9136083,0.36724138259887695,0.2730769217014313,0.04705128073692322
YHR031C,YPR019W,1,2.911991,0.3683304786682129,0.27435898780822754,0.04705128073692322
YDR425W,YDL138W,0,2.910789,0.3676975965499878,0.27435898780822754,0.047179486602544785
YDR329C,YMR201C,0,2.9090893,0.367066890001297,0.27435898780822754,0.04730769246816635
YDR356W,YGR063C,0,2.9085126,0.3664383590221405,0.27435898780822754,0.04743589833378792
YMR285C,YOR127W,0,2.9079282,0.3658119738101959,0.27435898780822754,0.047564104199409485
YNL166C,YML077W,0,2.9068308,0.36518770456314087,0.27435898780822754,0.04769230633974075
YJL008C,YGL157W,0,2.9037626,0.36456558108329773,0.27435898780822754,0.04782051220536232
YMR094W,YNR050C,0,2.9036224,0.3639455735683441,0.27435898780822754,0.04794871807098389
YDR318W,YPL028W,0,2.902525,0.36332768201828003,0.27435898780822754,0.048076923936605453
YPL174C,YOL080C,0,2.9020517,0.3627118766307831,0.27435898780822754,0.04820512980222702
YKR037C,YDL146W,0,2.9016511,0.3620981276035309,0.27435898780822754,0.04833333194255829
YFR005C,YBL069W,0,2.9006293,0.3614864945411682,0.27435898780822754,0.048461537808179855
YNL311C,YBR164C,0,2.8967807,0.3608768880367279,0.27435898780822754,0.04858974367380142
YGL120C,YCL027W,0,2.8913898,0.36026936769485474,0.27435898780822754,0.04871794953942299
YCR047C,YLR276C,0,2.891139,0.35966387391090393,0.27435898780822754,0.048846155405044556
YNL049C,YCL069W,0,2.888631,0.3590604066848755,0.27435898780822754,0.048974357545375824
YDR299W,YLR010C,0,2.888601,0.3584589660167694,0.27435898780822754,0.04910256341099739
YDR013W,YER070W,1,2.8870971,0.3595317602157593,0.2756410241127014,0.04910256341099739
YJR160C,YDL008W,0,2.8860414,0.3589315414428711,0.2756410241127014,0.04923076927661896
YNR011C,YMR042W,0,2.8854973,0.3583333194255829,0.2756410241127014,0.049358975142240524
YLR106C,YMR042W,0,2.884599,0.35773709416389465,0.2756410241127014,0.04948718100786209
YBR087W,YOR346W,1,2.8821504,0.35880398750305176,0.2769230902194977,0.04948718100786209
YDR013W,YGL168W,1,2.8816826,0.3598673343658447,0.27820512652397156,0.04948718100786209
YGL251C,YPL153C,1,2.8809357,0.36092716455459595,0.2794871926307678,0.04948718100786209
YNL210W,YDR247W,0,2.8804116,0.36033058166503906,0.2794871926307678,0.04961538314819336
YML124C,YLR045C,0,2.879723,0.35973596572875977,0.2794871926307678,0.049743589013814926
YDR052C,YDR121W,1,2.878861,0.36079078912734985,0.2807692289352417,0.049743589013814926
YDR279W,YBR087W,1,2.878843,0.3618420958518982,0.28205129504203796,0.049743589013814926
YHR101C,YIL026C,0,2.877001,0.3612479567527771,0.28205129504203796,0.04987179487943649
YJR097W,YDR117C,0,2.8756757,0.3606557250022888,0.28205129504203796,0.05000000074505806
YNL311C,YPL155C,0,2.8738708,0.3600654602050781,0.28205129504203796,0.050128206610679626
YJL072C,YDR121W,1,2.8723004,0.3611111044883728,0.28333333134651184,0.050128206610679626
YDL080C,YJL153C,0,2.8719978,0.3605220317840576,0.28333333134651184,0.050256408751010895
YKL089W,YBR097W,0,2.8708904,0.35993486642837524,0.28333333134651184,0.05038461461663246
YDL017W,YPL153C,1,2.8704052,0.36097562313079834,0.2846153974533081,0.05038461461663246
YBR160W,YOR217W,1,2.8702943,0.36201298236846924,0.285897433757782,0.05038461461663246
YNL331C,YJR001W,0,2.8695323,0.3614262640476227,0.285897433757782,0.05051282048225403
YER095W,YCL027W,0,2.8686278,0.36084142327308655,0.285897433757782,0.050641026347875595
YDR279W,YDR501W,1,2.8654485,0.361873984336853,0.28717949986457825,0.050641026347875595
YCL027W,YDR534C,0,2.865344,0.3612903356552124,0.28717949986457825,0.05076923221349716
YDL164C,YBR160W,1,2.8607447,0.36231884360313416,0.2884615361690521,0.05076923221349716
YPL271W,YIL072W,0,2.8562305,0.36173632740974426,0.2884615361690521,0.05089743435382843
YOR080W,YBL023C,1,2.8556726,0.36276084184646606,0.2897436022758484,0.05089743435382843
YER086W,YCL027W,0,2.855636,0.3621794879436493,0.2897436022758484,0.05102564021945
YAL023C,YLR306W,0,2.8549104,0.36160001158714294,0.2897436022758484,0.051153846085071564
YOL005C,YPR192W,0,2.854336,0.36102235317230225,0.2897436022758484,0.05128205195069313
YDR283C,YHR184W,0,2.8526385,0.360446572303772,0.2897436022758484,0.0514102578163147
YLR090W,YJR025C,0,2.8522742,0.35987260937690735,0.2897436022758484,0.051538459956645966
YNL218W,YBR160W,1,2.8520792,0.36089029908180237,0.29102563858032227,0.051538459956645966
YDL127W,YMR163C,0,2.8513896,0.3603174686431885,0.29102563858032227,0.05166666582226753
YDL164C,YDL101C,1,2.8503656,0.3613312244415283,0.29230770468711853,0.05166666582226753
YBR123C,YNR070W,0,2.8475645,0.3607594966888428,0.29230770468711853,0.0517948716878891
YDR014W,YKL017C,1,2.8471289,0.36176934838294983,0.2935897409915924,0.0517948716878891
YDR052C,YPR019W,1,2.8456209,0.3627760112285614,0.29487180709838867,0.0517948716878891
YDL164C,YER070W,1,2.84481,0.3637795150279999,0.29615384340286255,0.0517948716878891
YFL036W,YHR023W,0,2.8440769,0.36320754885673523,0.29615384340286255,0.051923077553510666
YGR101W,YDR288W,0,2.8433444,0.36263737082481384,0.29615384340286255,0.05205128341913223
YBR264C,YIL126W,0,2.8409128,0.36206895112991333,0.29615384340286255,0.0521794855594635
YMR080C,YMR094W,0,2.8392932,0.36150234937667847,0.29615384340286255,0.05230769142508507
YDL127W,YDR071C,0,2.838465,0.3609375059604645,0.29615384340286255,0.052435897290706635
YJR001W,YKL195W,0,2.838118,0.36037442088127136,0.29615384340286255,0.0525641031563282
YHR167W,YDR376W,0,2.8380992,0.3598130941390991,0.29615384340286255,0.05269230902194977
YJL062W,YLL022C,0,2.8354173,0.35925349593162537,0.29615384340286255,0.052820511162281036
YDL069C,YOR386W,0,2.8331726,0.3586956560611725,0.29615384340286255,0.0529487170279026
YLR015W,YOR174W,0,2.8301568,0.3581395447254181,0.29615384340286255,0.05307692289352417
YLR188W,YNL301C,0,2.8298037,0.3575851321220398,0.29615384340286255,0.05320512875914574
YLR032W,YHL016C,0,2.8291187,0.35703244805336,0.29615384340286255,0.0533333346247673
YNL039W,YJL189W,0,2.8275692,0.35648149251937866,0.29615384340286255,0.05346153676509857
YEL016C,YLR441C,0,2.825453,0.35593220591545105,0.29615384340286255,0.05358974263072014
YNL077W,YJL189W,0,2.8251474,0.35538461804389954,0.29615384340286255,0.053717948496341705
YJL072C,YDR013W,1,2.8250718,0.3563748002052307,0.2974359095096588,0.053717948496341705
YML027W,YPR019W,1,2.8239784,0.35736197233200073,0.2987179458141327,0.053717948496341705
YDL069C,YOR150W,0,2.8239725,0.3568147122859955,0.2987179458141327,0.05384615436196327
YGR063C,YLR381W,0,2.8237176,0.35626912117004395,0.2987179458141327,0.05397436022758484
YHR184W,YOR244W,0,2.8234017,0.3557251989841461,0.2987179458141327,0.05410256236791611
YDR532C,YOR265W,0,2.8204181,0.3551829159259796,0.2987179458141327,0.054230768233537674
YKR038C,YBR030W,0,2.820402,0.3546423017978668,0.2987179458141327,0.05435897409915924
YDR322W,YPL095C,0,2.82012,0.35410335659980774,0.2987179458141327,0.05448717996478081
YPR178W,YMR285C,0,2.819565,0.3535660207271576,0.2987179458141327,0.054615385830402374
YEL065W,YNL188W,0,2.8190906,0.3530302941799164,0.2987179458141327,0.05474358797073364
YFL004W,YNL098C,0,2.817918,0.3524962067604065,0.2987179458141327,0.05487179383635521
YMR056C,YHR011W,0,2.8177836,0.35196375846862793,0.2987179458141327,0.054999999701976776
YMR287C,YDR139C,0,2.8177617,0.3514328896999359,0.2987179458141327,0.05512820556759834
YKL195W,YNL310C,0,2.816601,0.35090360045433044,0.2987179458141327,0.05525641143321991
YBR087W,YJL090C,1,2.8143167,0.35187968611717224,0.30000001192092896,0.05525641143321991
YFL029C,YML104C,0,2.8142915,0.3513513505458832,0.30000001192092896,0.05538461357355118
YPL051W,YER161C,0,2.8129573,0.35082459449768066,0.30000001192092896,0.055512819439172745
YDR060W,YOR127W,0,2.8127973,0.3502993881702423,0.30000001192092896,0.05564102530479431
YPR019W,YDL017W,1,2.8114855,0.35127055644989014,0.30128204822540283,0.05564102530479431
YDR379W,YER153C,0,2.8109343,0.3507462739944458,0.30128204822540283,0.05576923117041588
YGL168W,YGL251C,1,2.8094316,0.3517138659954071,0.3025641143321991,0.05576923117041588
YDL127W,YNR007C,0,2.8089287,0.3511904776096344,0.3025641143321991,0.055897437036037445
YDR503C,YER106W,0,2.8080537,0.35066863894462585,0.3025641143321991,0.05602563917636871
YOR174W,YBL061C,0,2.8076777,0.35014837980270386,0.3025641143321991,0.05615384504199028
YGL168W,YDL017W,1,2.8070877,0.35111111402511597,0.303846150636673,0.05615384504199028
YNL158W,YJL158C,0,2.8069649,0.3505917191505432,0.303846150636673,0.05628205090761185
YBL057C,YBR084W,0,2.8069022,0.35007384419441223,0.303846150636673,0.056410256773233414
YNL207W,YEL061C,0,2.8053958,0.3495575189590454,0.303846150636673,0.05653846263885498
YML095C,YCR010C,0,2.8049264,0.34904271364212036,0.303846150636673,0.05666666850447655
YER086W,YHR092C,0,2.804423,0.3485293984413147,0.303846150636673,0.056794870644807816
YLR015W,YOR373W,0,2.8038037,0.3480176329612732,0.303846150636673,0.05692307651042938
YML027W,YDR279W,1,2.8029003,0.3489736020565033,0.30512821674346924,0.05692307651042938
YLR188W,YJR060W,0,2.8022351,0.34846267104148865,0.30512821674346924,0.05705128237605095
YGR292W,YGR008C,0,2.8010051,0.3479532301425934,0.30512821674346924,0.057179488241672516
YDL166C,YAL034W-A,0,2.7986326,0.3474452495574951,0.30512821674346924,0.05730769410729408
YDR279W,YDL017W,1,2.7986252,0.34839650988578796,0.3064102530479431,0.05730769410729408
YOR167C,YPL096C-A,0,2.7978346,0.34788936376571655,0.3064102530479431,0.05743589624762535
YAR007C,YPL153C,1,2.797722,0.3488371968269348,0.3076923191547394,0.05743589624762535
YHR027C,YKL183W,0,2.7974753,0.34833091497421265,0.3076923191547394,0.05756410211324692
YML094W,YGR274C,0,2.7957995,0.3478260934352875,0.3076923191547394,0.057692307978868484
YBR087W,YAR007C,1,2.7917159,0.3487699031829834,0.30897435545921326,0.057692307978868484
YNL049C,YJR010C-A,0,2.7910984,0.3482658863067627,0.30897435545921326,0.05782051384449005
YLR142W,YER106W,0,2.790413,0.3477633595466614,0.30897435545921326,0.05794871971011162
YLR154C,YBR160W,1,2.7877836,0.34870317578315735,0.3102564215660095,0.05794871971011162
YCR010C,YGR075C,0,2.7877243,0.3482014536857605,0.3102564215660095,0.058076921850442886
YOR308C,YBR105C,0,2.7867658,0.34770116209983826,0.3102564215660095,0.05820512771606445
YGL206C,YNL310C,0,2.7864006,0.3472023010253906,0.3102564215660095,0.05833333358168602
YJL106W,YOL056W,0,2.7829564,0.3467048704624176,0.3102564215660095,0.05846153944730759
YOR322C,YDR402C,0,2.7814503,0.3462088704109192,0.3102564215660095,0.05858974531292915
YHR172W,YLR176C,0,2.7811372,0.345714271068573,0.3102564215660095,0.05871794745326042
YER070W,YJL090C,1,2.7809057,0.3466476500034332,0.3115384578704834,0.05871794745326042
YIL150C,YDR013W,1,2.7808447,0.34757834672927856,0.31282052397727966,0.05871794745326042
YOR179C,YML060W,0,2.7802112,0.3470839262008667,0.31282052397727966,0.05884615331888199
YBR160W,YPL153C,1,2.7799523,0.3480113744735718,0.31410256028175354,0.05884615331888199
YJL157C,YML088W,0,2.7798517,0.347517728805542,0.31410256028175354,0.058974359184503555
YIL150C,YJL072C,1,2.7766087,0.3484419286251068,0.3153846263885498,0.058974359184503555
YMR094W,YJL109C,0,2.7732966,0.3479490876197815,0.3153846263885498,0.05910256505012512
YER029C,YNL039W,0,2.7711418,0.347457617521286,0.3153846263885498,0.05923077091574669
YOR391C,YLR318W,0,2.7655818,0.34696754813194275,0.3153846263885498,0.05935897305607796
YIL150C,YLR154C,1,2.765391,0.3478873372077942,0.3166666626930237,0.05935897305607796
YMR127C,YDR088C,0,2.7644656,0.347398042678833,0.3166666626930237,0.059487178921699524
YGR009C,YLR438C-A,0,2.76389,0.34691011905670166,0.3166666626930237,0.05961538478732109
YDR071C,YPL111W,0,2.7628703,0.34642356634140015,0.3166666626930237,0.05974359065294266
YDR052C,YKL017C,1,2.762201,0.3473389446735382,0.31794872879981995,0.05974359065294266
YDR501W,YPR019W,1,2.761006,0.3482517600059509,0.3192307651042938,0.05974359065294266
YDR052C,YOR346W,1,2.7578094,0.3491620123386383,0.3205128312110901,0.05974359065294266
YER161C,YGR075C,0,2.7576704,0.34867504239082336,0.3205128312110901,0.059871796518564224
YPR019W,YOR217W,1,2.7573628,0.34958216547966003,0.32179486751556396,0.059871796518564224
YBL106C,YJL133W,0,2.7570868,0.3490959703922272,0.32179486751556396,0.05999999865889549
YMR171C,YOL125W,0,2.7547035,0.34861111640930176,0.32179486751556396,0.06012820452451706
YAR018C,YLR176C,0,2.7545133,0.3481276035308838,0.32179486751556396,0.060256410390138626
YOL152W,YMR042W,0,2.752226,0.34764543175697327,0.32179486751556396,0.06038461625576019
YLR204W,YCR081W,0,2.7518365,0.3471646010875702,0.32179486751556396,0.06051282212138176
YBL060W,YER161C,0,2.750507,0.3466850817203522,0.32179486751556396,0.06064102426171303
YEL064C,YBL090W,0,2.7504575,0.3462069034576416,0.32179486751556396,0.060769230127334595
YHR067W,YDR511W,0,2.7504108,0.3457300364971161,0.32179486751556396,0.06089743599295616
YLR373C,YLR304C,0,2.748222,0.34525448083877563,0.32179486751556396,0.06102564185857773
YNL039W,YDR511W,0,2.7480593,0.34478020668029785,0.32179486751556396,0.061153847724199295
YDR014W,YPR019W,1,2.748009,0.34567901492118835,0.32307693362236023,0.061153847724199295
YIL039W,YDR252W,0,2.7478812,0.34520548582077026,0.32307693362236023,0.06128204986453056
YIL150C,YGL168W,1,2.7468154,0.34610122442245483,0.3243589699268341,0.06128204986453056
YLR266C,YDR011W,0,2.7463796,0.34562841057777405,0.3243589699268341,0.06141025573015213
YNL210W,YGR220C,0,2.7446678,0.34515687823295593,0.3243589699268341,0.0615384615957737
YDR315C,YFR003C,0,2.7440999,0.3446866571903229,0.3243589699268341,0.061666667461395264
YDL101C,YKL017C,1,2.7439559,0.34557822346687317,0.32564103603363037,0.061666667461395264
YDL101C,YNL218W,1,2.7431006,0.34646740555763245,0.32692307233810425,0.061666667461395264
YMR094W,YPL159C,0,2.7426474,0.34599727392196655,0.32692307233810425,0.06179487332701683
YJL025W,YPL026C,0,2.7405918,0.3455284535884857,0.32692307233810425,0.0619230754673481
YMR043W,YOR346W,1,2.739138,0.34641405940055847,0.3282051384449005,0.0619230754673481
YJL106W,YLR467W,0,2.7385123,0.34594595432281494,0.3282051384449005,0.062051281332969666
YGR006W,YLR433C,0,2.7380183,0.3454790711402893,0.3282051384449005,0.06217948719859123
YNL218W,YOR080W,1,2.736142,0.3463611900806427,0.3294871747493744,0.06217948719859123
YGL003C,YOL019W,0,2.7360735,0.34589502215385437,0.3294871747493744,0.0623076930642128
YDR121W,YBL023C,1,2.734035,0.3467741906642914,0.33076924085617065,0.0623076930642128
YOR391C,YBL021C,0,2.7332838,0.34630873799324036,0.33076924085617065,0.062435898929834366
YIL150C,YKL108W,1,2.7327287,0.3471849858760834,0.33205127716064453,0.062435898929834366
YHR092C,YPR102C,0,2.7327259,0.34672021865844727,0.33205127716064453,0.06256410479545593
YGL003C,YOL103W,0,2.7310956,0.34625667333602905,0.33205127716064453,0.0626923069357872
YDR495C,YFR008W,0,2.7307227,0.3457943797111511,0.33205127716064453,0.06282051652669907
YNL119W,YIR009W,0,2.7303624,0.3453333377838135,0.33205127716064453,0.06294871866703033
YLR154C,YDR501W,1,2.7301261,0.34620505571365356,0.3333333432674408,0.06294871866703033
YOR373W,YLR096W,0,2.7277765,0.34574466943740845,0.3333333432674408,0.0630769208073616
YHR172W,YGR184C,0,2.7251287,0.3452855348587036,0.3333333432674408,0.06320513039827347
YML027W,YAL021C,1,2.7237732,0.3461538553237915,0.3346153795719147,0.06320513039827347
YBR175W,YOL019W,0,2.7231348,0.3456953763961792,0.3346153795719147,0.06333333253860474
YJL090C,YCL061C,1,2.7226608,0.34656083583831787,0.33589744567871094,0.06333333253860474
YPR070W,YNL189W,0,2.7217674,0.3461030423641205,0.33589744567871094,0.0634615421295166
YKL089W,YGL178W,0,2.7190962,0.3456464409828186,0.33589744567871094,0.06358974426984787
YBR160W,YOR080W,1,2.717912,0.34650856256484985,0.3371794819831848,0.06358974426984787
YOR037W,YJR160C,0,2.7174406,0.3460526168346405,0.3371794819831848,0.06371794641017914
YJR104C,YJR089W,0,2.7163203,0.34559789299964905,0.3371794819831848,0.063846156001091
YOR076C,YHR081W,0,2.7156775,0.3451443612575531,0.3371794819831848,0.06397435814142227
YCL055W,YLR403W,0,2.7156575,0.3446919918060303,0.3371794819831848,0.06410256773233414
YJR022W,YDR400W,0,2.7127717,0.34424084424972534,0.3371794819831848,0.0642307698726654
YDR121W,YBR160W,1,2.7122588,0.3450980484485626,0.3384615480899811,0.0642307698726654
YJL219W,YDL204W,0,2.7121763,0.34464752674102783,0.3384615480899811,0.06435897201299667
YJR134C,YEL061C,0,2.7117538,0.34419816732406616,0.3384615480899811,0.06448718160390854
YCL069W,YPR081C,0,2.7103395,0.34375,0.3384615480899811,0.06461538374423981
YLR373C,YPL019C,0,2.708562,0.34330299496650696,0.3384615480899811,0.06474359333515167
YLR154C,YKL017C,1,2.7082715,0.34415584802627563,0.33974358439445496,0.06474359333515167
YER114C,YKL010C,0,2.7077901,0.34370946884155273,0.33974358439445496,0.06487179547548294
YPL022W,YMR306W,0,2.706543,0.34326425194740295,0.33974358439445496,0.06499999761581421
YLR371W,YEL002C,0,2.7048848,0.3428201675415039,0.33974358439445496,0.06512820720672607
YBL054W,YDL043C,0,2.704648,0.34237727522850037,0.33974358439445496,0.06525640934705734
YNL128W,YEL015W,0,2.7036521,0.34193548560142517,0.33974358439445496,0.06538461893796921
YPR070W,YMR165C,0,2.7020104,0.3414948582649231,0.33974358439445496,0.06551282107830048
YMR171C,YDL008W,0,2.7013168,0.34105533361434937,0.33974358439445496,0.06564102321863174
YDR121W,YDR501W,1,2.6995134,0.34190231561660767,0.3410256505012512,0.06564102321863174
YPR166C,YDR197W,0,2.6978443,0.3414634168148041,0.3410256505012512,0.06576923280954361
YJR068W,YDL017W,1,2.6975715,0.3423076868057251,0.3423076868057251,0.06576923280954361
YGL210W,YJR134C,0,2.6975338,0.34186938405036926,0.3423076868057251,0.06589743494987488
YGL021W,YML088W,0,2.6967824,0.34143221378326416,0.3423076868057251,0.06602564454078674
YHR046C,YBL061C,0,2.6961398,0.3409961760044098,0.3423076868057251,0.06615384668111801
YHR031C,YDR121W,1,2.6906223,0.34183672070503235,0.34358975291252136,0.06615384668111801
YPL022W,YPL111W,0,2.690035,0.34140127897262573,0.34358975291252136,0.06628204882144928
YPL148C,YNR011C,0,2.6896322,0.3409669101238251,0.34358975291252136,0.06641025841236115
YPL051W,YDR118W,0,2.68849,0.34053367376327515,0.34358975291252136,0.06653846055269241
YNL210W,YDR101C,0,2.6874015,0.3401015102863312,0.34358975291252136,0.06666667014360428
YGR156W,YJL056C,0,2.6866448,0.33967047929763794,0.34358975291252136,0.06679487228393555
YJR160C,YOR150W,0,2.684818,0.33924052119255066,0.34358975291252136,0.06692307442426682
YOR069W,YBL061C,0,2.6837487,0.33881163597106934,0.34358975291252136,0.06705128401517868
YDR465C,YLR427W,0,2.6831863,0.33838382363319397,0.34358975291252136,0.06717948615550995
YML027W,YKL017C,1,2.6829114,0.3392181694507599,0.34487178921699524,0.06717948615550995
YDR501W,YGL251C,1,2.6827233,0.3400503695011139,0.3461538553237915,0.06717948615550995
YJR160C,YJR022W,0,2.6819692,0.3396226465702057,0.3461538553237915,0.06730769574642181
YJL072C,YCL061C,1,2.6809044,0.34045225381851196,0.3474358916282654,0.06730769574642181
YDR022C,YKR090W,0,2.6784382,0.3400250971317291,0.3474358916282654,0.06743589788675308
YMR282C,YML005W,0,2.674309,0.33959898352622986,0.3474358916282654,0.06756410002708435
YDR318W,YDL008W,0,2.674162,0.33917397260665894,0.3474358916282654,0.06769230961799622
YDR279W,YDR054C,1,2.6721172,0.3400000035762787,0.34871795773506165,0.06769230961799622
YGL173C,YMR224C,0,2.66621,0.33957552909851074,0.34871795773506165,0.06782051175832748
YDR425W,YCL055W,0,2.6653814,0.33915212750434875,0.34871795773506165,0.06794872134923935
YNL311C,YGL213C,0,2.665026,0.33872976899147034,0.34871795773506165,0.06807692348957062
YCL069W,YDR376W,0,2.664964,0.3383084535598755,0.34871795773506165,0.06820512562990189
YML027W,YOR080W,1,2.6634429,0.3391304314136505,0.3499999940395355,0.06820512562990189
YML027W,YGL168W,1,2.6616485,0.3399503827095032,0.3512820601463318,0.06820512562990189
YDR279W,YAR007C,1,2.6607068,0.3407682776451111,0.35256409645080566,0.06820512562990189
YDR013W,YLR154C,1,2.660172,0.34158414602279663,0.35384616255760193,0.06820512562990189
YKL004W,YAL025C,0,2.65979,0.34116193652153015,0.35384616255760193,0.06833333522081375
YER095W,YOR069W,0,2.6584764,0.34074074029922485,0.35384616255760193,0.06846153736114502
YKL183W,YFL037W,0,2.657539,0.3403205871582031,0.35384616255760193,0.06858974695205688
YNL218W,YAR007C,1,2.6571026,0.3411329984664917,0.3551281988620758,0.06858974695205688
YNL166C,YCR054C,0,2.6569936,0.34071341156959534,0.3551281988620758,0.06871794909238815
YDR379W,YNR045W,0,2.6558137,0.34029483795166016,0.3551281988620758,0.06884615123271942
YHR160C,YBL037W,0,2.6549742,0.33987730741500854,0.3551281988620758,0.06897436082363129
YKL042W,YER164W,0,2.6526034,0.3394607901573181,0.3551281988620758,0.06910256296396255
YBL093C,YEL061C,0,2.652158,0.33904528617858887,0.3551281988620758,0.06923077255487442
YLR459W,YKR050W,0,2.6519434,0.3386307954788208,0.3551281988620758,0.06935897469520569
YER095W,YBR009C,0,2.6502273,0.3382173478603363,0.3551281988620758,0.06948717683553696
YDR052C,YJR068W,1,2.650172,0.3390243947505951,0.35641026496887207,0.06948717683553696
YPR192W,YOR386W,0,2.6489747,0.3386114537715912,0.35641026496887207,0.06961538642644882
YOL067C,YHR011W,0,2.6489542,0.33819952607154846,0.35641026496887207,0.06974358856678009
YOL071W,YKR104W,0,2.6485667,0.33778858184814453,0.35641026496887207,0.06987179815769196
YDR520C,YDR139C,0,2.6485596,0.3373786509037018,0.35641026496887207,0.07000000029802322
YMR094W,YMR184W,0,2.6484356,0.3369697034358978,0.35641026496887207,0.07012820243835449
YOL156W,YJR135C,0,2.6466966,0.33656173944473267,0.35641026496887207,0.07025641202926636
YBR267W,YNL149C,0,2.6459572,0.3361547887325287,0.35641026496887207,0.07038461416959763
YBL061C,YCR054C,0,2.6455123,0.3357487916946411,0.35641026496887207,0.07051282376050949
YNL218W,YOR217W,1,2.645168,0.3365500569343567,0.35769230127334595,0.07051282376050949
YDR315C,YDR448W,0,2.6448941,0.3361445665359497,0.35769230127334595,0.07064102590084076
YER086W,YDL112W,0,2.6423066,0.3357400596141815,0.35769230127334595,0.07076922804117203
YOR116C,YPL202C,0,2.6414678,0.3353365361690521,0.35769230127334595,0.07089743763208389
YHR086W,YNR041C,0,2.64028,0.33493396639823914,0.35769230127334595,0.07102563977241516
YDR118W,YPR041W,0,2.6382475,0.33453238010406494,0.35769230127334595,0.07115384936332703
YGL168W,YKL108W,1,2.6381867,0.3353293538093567,0.3589743673801422,0.07115384936332703
YDR402C,YJR089W,0,2.6379588,0.3349282443523407,0.3589743673801422,0.0712820515036583
YBR291C,YNL129W,0,2.6377776,0.3345280885696411,0.3589743673801422,0.07141025364398956
YKR090W,YBR055C,0,2.6366804,0.33412888646125793,0.3589743673801422,0.07153846323490143
YDR440W,YGR006W,0,2.633397,0.33373063802719116,0.3589743673801422,0.0716666653752327
YMR128W,YML088W,0,2.6315897,0.3333333432674408,0.3589743673801422,0.07179487496614456
YDR298C,YML081C-A,0,2.6283438,0.33293697237968445,0.3589743673801422,0.07192307710647583
YBR033W,YFR041C,0,2.627078,0.3325415551662445,0.3589743673801422,0.0720512792468071
YHR017W,YJL062W,0,2.626804,0.33214709162712097,0.3589743673801422,0.07217948883771896
YOL067C,YPR036W,0,2.6266232,0.33175355195999146,0.3589743673801422,0.07230769097805023
YLR266C,YDR443C,0,2.6242971,0.33136093616485596,0.3589743673801422,0.0724359005689621
YDR013W,YDR069C,1,2.6228411,0.33215129375457764,0.3602564036846161,0.0724359005689621
YIL004C,YML005W,0,2.6213934,0.33175915479660034,0.3602564036846161,0.07256410270929337
YGR241C,YJL025W,0,2.6209483,0.3313679099082947,0.3602564036846161,0.07269230484962463
YAL021C,YGL251C,1,2.6206167,0.3321554660797119,0.36153846979141235,0.07269230484962463
YKL143W,YPL202C,0,2.6197922,0.33176469802856445,0.36153846979141235,0.0728205144405365
YOL105C,YEL061C,0,2.6183941,0.331374853849411,0.36153846979141235,0.07294871658086777
YPL194W,YGR223C,0,2.6176922,0.3309859037399292,0.36153846979141235,0.07307692617177963
YDL115C,YOL149W,0,2.6161377,0.3305978775024414,0.36153846979141235,0.0732051283121109
YKL183W,YPR186C,0,2.615604,0.33021077513694763,0.36153846979141235,0.07333333045244217
YPL051W,YER096W,0,2.612415,0.3298245668411255,0.36153846979141235,0.07346154004335403
YCR020C,YBL054W,0,2.6106653,0.329439252614975,0.36153846979141235,0.0735897421836853
YBL088C,YHR067W,0,2.6079032,0.3290548324584961,0.36153846979141235,0.07371795177459717
YMR233W,YJR135C,0,2.6063523,0.32867133617401123,0.36153846979141235,0.07384615391492844
YMR042W,YPL220W,0,2.6051261,0.3282887041568756,0.36153846979141235,0.0739743560552597
YIL109C,YPR054W,0,2.6047695,0.3279069662094116,0.36153846979141235,0.07410256564617157
YDL108W,YLR207W,0,2.6039338,0.32752612233161926,0.36153846979141235,0.07423076778650284
YEL064C,YOR174W,0,2.6036022,0.32714617252349854,0.36153846979141235,0.0743589773774147
YOR179C,YBR166C,0,2.6024554,0.32676708698272705,0.36153846979141235,0.07448717951774597
YNL159C,YHR184W,0,2.6016092,0.3263888955116272,0.36153846979141235,0.07461538165807724
YDR050C,YLR430W,0,2.6011276,0.3260115683078766,0.36153846979141235,0.0747435912489891
YMR264W,YKR097W,0,2.6005766,0.3256351053714752,0.36153846979141235,0.07487179338932037
YOL018C,YML081C-A,0,2.5983357,0.3252595067024231,0.36153846979141235,0.07500000298023224
YFL039C,YHL016C,0,2.5968208,0.3248848021030426,0.36153846979141235,0.07512820512056351
YCR098C,YPR081C,0,2.5960546,0.32451093196868896,0.36153846979141235,0.07525640726089478
YAL021C,YDL017W,1,2.5956752,0.3252873420715332,0.36282050609588623,0.07525640726089478
YER061C,YOL007C,0,2.5945811,0.324913889169693,0.36282050609588623,0.07538461685180664
YDR379W,YLR097C,0,2.593773,0.32454127073287964,0.36282050609588623,0.07551281899213791
YHL024W,YBR160W,1,2.5918548,0.325314998626709,0.3641025722026825,0.07551281899213791
YOL067C,YER153C,0,2.59016,0.32494279742240906,0.3641025722026825,0.07564102858304977
YBR050C,YNL135C,0,2.5897868,0.324571430683136,0.3641025722026825,0.07576923072338104
YJL056C,YDR362C,0,2.5896509,0.32420089840888977,0.3641025722026825,0.07589743286371231
YBL093C,YGR009C,0,2.588684,0.3238312304019928,0.3641025722026825,0.07602564245462418
YNL086W,YJR045C,0,2.5871558,0.32346242666244507,0.3641025722026825,0.07615384459495544
YKL108W,YGL251C,1,2.5865498,0.3242320716381073,0.36538460850715637,0.07615384459495544
YJL073W,YOR217W,1,2.5841691,0.32499998807907104,0.36666667461395264,0.07615384459495544
YKL108W,YOR217W,1,2.5839615,0.3257661759853363,0.3679487109184265,0.07615384459495544
YDL143W,YMR056C,0,2.5838594,0.3253968358039856,0.3679487109184265,0.07628205418586731
YJR068W,YOR080W,1,2.5826185,0.32616081833839417,0.3692307770252228,0.07628205418586731
YDR481C,YMR224C,0,2.5813663,0.3257918655872345,0.3692307770252228,0.07641025632619858
YBR123C,YML015C,0,2.5811467,0.3254237174987793,0.3692307770252228,0.07653845846652985
YNR070W,YNL306W,0,2.5776684,0.32505643367767334,0.3692307770252228,0.07666666805744171
YOR174W,YPR054W,0,2.5761898,0.32468995451927185,0.3692307770252228,0.07679487019777298
YJR010C-A,YMR223W,0,2.5751235,0.3243243098258972,0.3692307770252228,0.07692307978868484
YJL072C,YDL017W,1,2.5749547,0.3250843584537506,0.37051281332969666,0.07692307978868484
YDR424C,YDL069C,0,2.5748699,0.324719101190567,0.37051281332969666,0.07705128192901611
YER161C,YMR184W,0,2.5744607,0.3243546485900879,0.37051281332969666,0.07717948406934738
YHL040C,YGL120C,0,2.5742211,0.3239910304546356,0.37051281332969666,0.07730769366025925
YMR257C,YAL058W,0,2.5704322,0.3236282169818878,0.37051281332969666,0.07743589580059052
YPL051W,YPL194W,0,2.5702093,0.3232662081718445,0.37051281332969666,0.07756410539150238
YAR007C,YOR080W,1,2.5700634,0.3240223526954651,0.3717948794364929,0.07756410539150238
YDL080C,YMR042W,0,2.5694041,0.3236607015132904,0.3717948794364929,0.07769230753183365
YML005W,YGR001C,0,2.5671365,0.3232998847961426,0.3717948794364929,0.07782050967216492
YPR036W,YAL058W,0,2.5665357,0.3229398727416992,0.3717948794364929,0.07794871926307678
YNR070W,YCR004C,0,2.566087,0.32258063554763794,0.3717948794364929,0.07807692140340805
YGR295C,YKR104W,0,2.564654,0.3222222328186035,0.3717948794364929,0.07820513099431992
YHR028C,YLR139C,0,2.561577,0.32186460494995117,0.3717948794364929,0.07833333313465118
YHL004W,YJR089W,0,2.558154,0.3215077519416809,0.3717948794364929,0.07846153527498245
YAR007C,YBL023C,1,2.5579803,0.3222591280937195,0.3730769157409668,0.07846153527498245
YJL072C,YAR007C,1,2.557846,0.32300883531570435,0.37435898184776306,0.07846153527498245
YBR166C,YJL056C,0,2.5572352,0.3226519227027893,0.37435898184776306,0.07858974486589432
YKL173W,YPL121C,0,2.5570378,0.32229581475257874,0.37435898184776306,0.07871794700622559
YER133W,YPL155C,0,2.5567114,0.32194045186042786,0.37435898184776306,0.07884615659713745
YBR175W,YPL028W,0,2.5534194,0.32158589363098145,0.37435898184776306,0.07897435873746872
YJL097W,YLR381W,0,2.5522826,0.3212321102619171,0.37435898184776306,0.07910256087779999
YKL218C,YKR048C,0,2.5521314,0.32087913155555725,0.37435898184776306,0.07923077046871185
YDR297W,YDL112W,0,2.5518858,0.3205268979072571,0.37435898184776306,0.07935897260904312
YDR247W,YDR130C,0,2.5514956,0.320175439119339,0.37435898184776306,0.07948718219995499
YBR237W,YPL051W,0,2.5507145,0.319824755191803,0.37435898184776306,0.07961538434028625
YDL166C,YCR028C,0,2.5505295,0.31947484612464905,0.37435898184776306,0.07974358648061752
YBR176W,YLR418C,0,2.5502493,0.3191256821155548,0.37435898184776306,0.07987179607152939
YPL085W,YKL042W,0,2.5495403,0.31877729296684265,0.37435898184776306,0.07999999821186066
YHR092C,YNR043W,0,2.5494425,0.3184296488761902,0.37435898184776306,0.08012820780277252
YGL211W,YPL149W,0,2.5491898,0.3180827796459198,0.37435898184776306,0.08025640994310379
YPR166C,YKR104W,0,2.5489514,0.3177366554737091,0.37435898184776306,0.08038461208343506
YBL074C,YNL325C,0,2.5473502,0.3173913061618805,0.37435898184776306,0.08051282167434692
YER174C,YDL195W,0,2.5471625,0.3170467019081116,0.37435898184776306,0.08064102381467819
YBR048W,YPL096C-A,0,2.5469968,0.31670281291007996,0.37435898184776306,0.08076923340559006
YJL044C,YPR028W,0,2.545479,0.3163596987724304,0.37435898184776306,0.08089743554592133
YEL064C,YMR306W,0,2.5416198,0.3160173296928406,0.37435898184776306,0.0810256376862526
YNL206C,YGR123C,0,2.5411248,0.31567567586898804,0.37435898184776306,0.08115384727716446
YNL322C,YDR478W,0,2.5408642,0.3153347671031952,0.37435898184776306,0.08128204941749573
YAL021C,YPR019W,1,2.540275,0.31607335805892944,0.37564101815223694,0.08128204941749573
YJL052W,YLR381W,0,2.5398383,0.3157327473163605,0.37564101815223694,0.08141025900840759
YDR121W,YCL061C,1,2.537738,0.31646931171417236,0.3769230842590332,0.08141025900840759
YGL213C,YDR436W,0,2.5374925,0.31612902879714966,0.3769230842590332,0.08153846114873886
YJR058C,YER030W,0,2.5352724,0.31578946113586426,0.3769230842590332,0.08166666328907013
YJL033W,YOL147C,0,2.5300875,0.31545063853263855,0.3769230842590332,0.081794872879982
YLR008C,YNL158W,0,2.5295665,0.31511253118515015,0.3769230842590332,0.08192307502031326
YJL033W,YNL039W,0,2.5268905,0.31477516889572144,0.3769230842590332,0.08205128461122513
YIL109C,YCR098C,0,2.5261285,0.31443849205970764,0.3769230842590332,0.0821794867515564
YDR501W,YBR160W,1,2.5253215,0.31517094373703003,0.3782051205635071,0.0821794867515564
YKL183W,YER164W,0,2.5230715,0.3148345649242401,0.3782051205635071,0.08230768889188766
YJR013W,YDR050C,0,2.523057,0.3144989311695099,0.3782051205635071,0.08243589848279953
YDL101C,YDR279W,1,2.5197608,0.31522896885871887,0.37948718667030334,0.08243589848279953
YOR384W,YMR042W,0,2.5197423,0.31489360332489014,0.37948718667030334,0.0825641006231308
YPR108W,YGR286C,0,2.51939,0.3145589828491211,0.37948718667030334,0.08269231021404266
YLR396C,YDR510W,0,2.518217,0.31422504782676697,0.37948718667030334,0.08282051235437393
YNL185C,YJR089W,0,2.517245,0.31389182806015015,0.37948718667030334,0.0829487144947052
YJL073W,YOR080W,1,2.516472,0.31461864709854126,0.3807692229747772,0.0829487144947052
YDL101C,YDR014W,1,2.51598,0.3153439164161682,0.3820512890815735,0.0829487144947052
YLR427W,YDR228C,0,2.515013,0.31501057744026184,0.3820512890815735,0.08307692408561707
YDR532C,YHR023W,0,2.5146792,0.3146779239177704,0.3820512890815735,0.08320512622594833
YOR233W,YLR186W,0,2.5142877,0.31434598565101624,0.3820512890815735,0.0833333358168602
YNL218W,YDR069C,1,2.513718,0.31506848335266113,0.38333332538604736,0.0833333358168602
YMR006C,YPR049C,0,2.5121624,0.31473684310913086,0.38333332538604736,0.08346153795719147
YPL121C,YHL019C,0,2.511535,0.3144058883190155,0.38333332538604736,0.08358974009752274
YGL251C,YDR014W,1,2.5101564,0.31512606143951416,0.38461539149284363,0.08358974009752274
YFL029C,YDR503C,0,2.5097086,0.3147953748703003,0.38461539149284363,0.0837179496884346
YBR087W,YDR501W,1,2.5086603,0.31551364064216614,0.3858974277973175,0.0837179496884346
YMR042W,YGR162W,0,2.5084352,0.31518325209617615,0.3858974277973175,0.08384615182876587
YHR031C,YGL251C,1,2.5082326,0.3158995807170868,0.38717949390411377,0.08384615182876587
YNL049C,YLR385C,0,2.5075269,0.3155694901943207,0.38717949390411377,0.08397436141967773
YCL069W,YOL072W,0,2.5075023,0.3152400851249695,0.38717949390411377,0.084102563560009
YPL106C,YIL084C,0,2.5066335,0.3149113655090332,0.38717949390411377,0.08423076570034027
YIR002C,YCR092C,0,2.5048683,0.31458333134651184,0.38717949390411377,0.08435897529125214
YLR318W,YOR127W,0,2.5034611,0.3142559826374054,0.38717949390411377,0.0844871774315834
YDR128W,YKL042W,0,2.500685,0.31392931938171387,0.38717949390411377,0.08461538702249527
YGL232W,YPR031W,0,2.4980319,0.31360331177711487,0.38717949390411377,0.08474358916282654
YGL168W,YJL073W,1,2.496389,0.3143153488636017,0.38846153020858765,0.08474358916282654
YDR532C,YBR040W,0,2.4936998,0.31398963928222656,0.38846153020858765,0.0848717913031578
YOR175C,YOR244W,0,2.4935186,0.31366458535194397,0.38846153020858765,0.08500000089406967
YDL164C,YOR080W,1,2.493005,0.3143743574619293,0.3897435963153839,0.08500000089406967
YPL206C,YJR001W,0,2.4927986,0.3140496015548706,0.3897435963153839,0.08512820303440094
YJL072C,YBR087W,1,2.4921029,0.31475749611854553,0.3910256326198578,0.08512820303440094
YML027W,YDL056W,1,2.491461,0.31546393036842346,0.39230769872665405,0.08512820303440094
YDR032C,YPR021C,0,2.4892242,0.3151390254497528,0.39230769872665405,0.0852564126253128
YDR334W,YNL129W,0,2.4867065,0.31481480598449707,0.39230769872665405,0.08538461476564407
YJR013W,YHR117W,0,2.4846854,0.31449127197265625,0.39230769872665405,0.08551281690597534
YIL084C,YOR069W,0,2.4839108,0.31416836380958557,0.39230769872665405,0.08564102649688721
YMR281W,YJR160C,0,2.4838831,0.3138461410999298,0.39230769872665405,0.08576922863721848
YDR052C,YDR501W,1,2.4835217,0.31454917788505554,0.39358973503112793,0.08576922863721848
YGL128C,YDR523C,0,2.482068,0.31422722339630127,0.39358973503112793,0.08589743822813034
YDR503C,YMR022W,0,2.4802148,0.3139059245586395,0.39358973503112793,0.08602564036846161
YLR038C,YHR147C,0,2.4794335,0.3135852813720703,0.39358973503112793,0.08615384250879288
YNL158W,YJL080C,0,2.4792786,0.31326529383659363,0.39358973503112793,0.08628205209970474
YDR424C,YHR171W,0,2.4775145,0.3129459619522095,0.39358973503112793,0.08641025424003601
YDR279W,YOR217W,1,2.4773858,0.3136456310749054,0.3948718011379242,0.08641025424003601
YJL157C,YPL103C,0,2.4767697,0.31332653760910034,0.3948718011379242,0.08653846383094788
YBR087W,YJL073W,1,2.47667,0.3140243887901306,0.39615383744239807,0.08653846383094788
YAL053W,YBL020W,0,2.4764688,0.31370559334754944,0.39615383744239807,0.08666666597127914
YGL232W,YNL212W,0,2.475011,0.3133874237537384,0.39615383744239807,0.08679486811161041
YKL089W,YLL001W,0,2.4745061,0.3130699098110199,0.39615383744239807,0.08692307770252228
YNL330C,YER174C,0,2.4736447,0.31275302171707153,0.39615383744239807,0.08705127984285355
YDL069C,YJL041W,0,2.4728518,0.3124368190765381,0.39615383744239807,0.08717948943376541
YML027W,YDR501W,1,2.4706864,0.31313130259513855,0.39743590354919434,0.08717948943376541
YPL074W,YAL062W,0,2.470596,0.3128153383731842,0.39743590354919434,0.08730769157409668
YDL101C,YOR080W,1,2.470385,0.3135080635547638,0.3987179398536682,0.08730769157409668
YHR099W,YLR306W,0,2.4699206,0.31319233775138855,0.3987179398536682,0.08743589371442795
YBR160W,YBL023C,1,2.4694965,0.31388330459594727,0.4000000059604645,0.08743589371442795
YMR311C,YCL057C-A,0,2.4683368,0.3135678470134735,0.4000000059604645,0.08756410330533981
YGR054W,YER007W,0,2.4676225,0.3132530152797699,0.4000000059604645,0.08769230544567108
YNL218W,YOR346W,1,2.4675357,0.3139418363571167,0.40128204226493835,0.08769230544567108
YOR037W,YKR037C,0,2.4667745,0.3136272430419922,0.40128204226493835,0.08782051503658295
YPL214C,YKL198C,0,2.4663074,0.3133133053779602,0.40128204226493835,0.08794871717691422
YBR001C,YER106W,0,2.4644043,0.31299999356269836,0.40128204226493835,0.08807692676782608
YML095C,YKL198C,0,2.4642398,0.31268730759620667,0.40128204226493835,0.08820512890815735
YKL178C,YAL035W,0,2.4636161,0.3123752474784851,0.40128204226493835,0.08833333104848862
YJL090C,YBL023C,1,2.4635828,0.31306082010269165,0.4025641083717346,0.08833333104848862
YLR090W,YOL056W,0,2.4622643,0.3127489984035492,0.4025641083717346,0.08846154063940048
YOL018C,YBL090W,0,2.4617946,0.3124378025531769,0.4025641083717346,0.08858974277973175
YFL044C,YMR012W,0,2.460778,0.3121272325515747,0.4025641083717346,0.08871795237064362
YOL105C,YDR177W,0,2.4603255,0.3118172883987427,0.4025641083717346,0.08884615451097488
YJR068W,YPR019W,1,2.4595733,0.3125,0.4038461446762085,0.08884615451097488
YBR240C,YLL050C,0,2.4583147,0.31219029426574707,0.4038461446762085,0.08897435665130615
YJL129C,YGL003C,0,2.457494,0.3118811845779419,0.4038461446762085,0.08910256624221802
YAR007C,YDR054C,1,2.4566472,0.3125618100166321,0.40512821078300476,0.08910256624221802
YOL056W,YIR009W,0,2.4566033,0.3122529685497284,0.40512821078300476,0.08923076838254929
YDR107C,YDR486C,0,2.4561014,0.31194472312927246,0.40512821078300476,0.08935897797346115
YIR015W,YMR204C,0,2.4560993,0.3116370737552643,0.40512821078300476,0.08948718011379242
YOR179C,YMR282C,0,2.4553747,0.31133005023002625,0.40512821078300476,0.08961538225412369
YHL016C,YGR075C,0,2.4544377,0.31102362275123596,0.40512821078300476,0.08974359184503555
YJL170C,YDR247W,0,2.4541304,0.31071779131889343,0.40512821078300476,0.08987179398536682
YDL190C,YML095C,0,2.45246,0.31041258573532104,0.40512821078300476,0.09000000357627869
YDL069C,YDR507C,0,2.451082,0.310107946395874,0.40512821078300476,0.09012820571660995
YDR052C,YBR160W,1,2.450823,0.31078431010246277,0.40641024708747864,0.09012820571660995
YHR076W,YGR101W,0,2.4505293,0.31047990918159485,0.40641024708747864,0.09025640785694122
YOL072W,YIL115C,0,2.45039,0.31017613410949707,0.40641024708747864,0.09038461744785309
YIL125W,YMR224C,0,2.4486701,0.30987292528152466,0.40641024708747864,0.09051281958818436
YLR170C,YHR167W,0,2.4478025,0.3095703125,0.40641024708747864,0.09064102917909622
YBR022W,YFL029C,0,2.4476905,0.3092682957649231,0.40641024708747864,0.09076923131942749
YHR067W,YNR070W,0,2.44712,0.30896687507629395,0.40641024708747864,0.09089743345975876
YMR198W,YLL001W,0,2.4470234,0.30866602063179016,0.40641024708747864,0.09102564305067062
YLR100W,YFR007W,0,2.4469507,0.30836576223373413,0.40641024708747864,0.09115384519100189
YNR008W,YGR295C,0,2.4467874,0.30806607007980347,0.40641024708747864,0.09128205478191376
YER070W,YDR014W,1,2.444009,0.3087378740310669,0.4076923131942749,0.09128205478191376
YLR008C,YBR291C,0,2.4438996,0.30843842029571533,0.4076923131942749,0.09141025692224503
YDL184C,YLR265C,0,2.443486,0.30813953280448914,0.4076923131942749,0.0915384590625763
YJL090C,YPR019W,1,2.4431796,0.3088092803955078,0.4089743494987488,0.0915384590625763
YOR174W,YMR109W,0,2.442938,0.3085106313228607,0.4089743494987488,0.09166666865348816
YNR070W,YNL185C,0,2.442905,0.308212548494339,0.4089743494987488,0.09179487079381943
YOR181W,YOL018C,0,2.4427972,0.307915061712265,0.4089743494987488,0.09192308038473129
YGL128C,YKR014C,0,2.4422638,0.3076181411743164,0.4089743494987488,0.09205128252506256
YNL311C,YBR231C,0,2.4417908,0.30732178688049316,0.4089743494987488,0.09217948466539383
YDR379W,YML088W,0,2.4404616,0.3070259988307953,0.4089743494987488,0.0923076942563057
YBR087W,YDL056W,1,2.4389215,0.3076923191547394,0.41025641560554504,0.0923076942563057
YPL258C,YKL010C,0,2.4362211,0.3073967397212982,0.41025641560554504,0.09243589639663696
YBR087W,YGL251C,1,2.4355438,0.308061420917511,0.4115384519100189,0.09243589639663696
YJL156C,YGL095C,0,2.4349525,0.30776605010032654,0.4115384519100189,0.09256410598754883
YDR356W,YJR022W,0,2.4316266,0.30747127532958984,0.4115384519100189,0.0926923081278801
YJR158W,YPR186C,0,2.4315383,0.30717703700065613,0.4115384519100189,0.09282051026821136
YML095C,YMR037C,0,2.4314146,0.3068833649158478,0.4115384519100189,0.09294871985912323
YOR346W,YPR019W,1,2.4304483,0.30754536390304565,0.4128205180168152,0.09294871985912323
YGR058W,YDR166C,0,2.430325,0.307251900434494,0.4128205180168152,0.0930769219994545
YIL150C,YJL090C,1,2.4297032,0.30791229009628296,0.41410255432128906,0.0930769219994545
YLR090W,YPL096C-A,0,2.428919,0.30761903524398804,0.41410255432128906,0.09320513159036636
YPR108W,YIR009W,0,2.4285355,0.3073263466358185,0.41410255432128906,0.09333333373069763
YNR020C,YGR188C,0,2.4246836,0.3070342242717743,0.41410255432128906,0.0934615358710289
YBR024W,YOL007C,0,2.423972,0.3067426383495331,0.41410255432128906,0.09358974546194077
YAL010C,YBR251W,0,2.4237866,0.30645161867141724,0.41410255432128906,0.09371794760227203
YDR265W,YNR020C,0,2.4227965,0.30616113543510437,0.41410255432128906,0.0938461571931839
YFR005C,YOL072W,0,2.4212716,0.30587121844291687,0.41410255432128906,0.09397435933351517
YPL051W,YNL166C,0,2.4195647,0.30558183789253235,0.41410255432128906,0.09410256147384644
YJL153C,YPL092W,0,2.4179823,0.3052929937839508,0.41410255432128906,0.0942307710647583
YJL090C,YPL153C,1,2.4176908,0.30594900250434875,0.4153846204280853,0.0942307710647583
YDR265W,YGR188C,0,2.416523,0.3056603670120239,0.4153846204280853,0.09435897320508957
YPL101W,YBL069W,0,2.4158237,0.30537229776382446,0.4153846204280853,0.09448718279600143
YOR381W,YCR054C,0,2.415376,0.3050847351551056,0.4153846204280853,0.0946153849363327
YMR264W,YLR318W,0,2.4137547,0.3047977387905121,0.4153846204280853,0.09474358707666397
YLR090W,YNR070W,0,2.4134293,0.30451127886772156,0.4153846204280853,0.09487179666757584
YPL172C,YDR130C,0,2.4133923,0.304225355386734,0.4153846204280853,0.0949999988079071
YML034W,YCR053W,0,2.413254,0.30393996834754944,0.4153846204280853,0.09512820839881897
YDR279W,YLR154C,1,2.4128764,0.3045923113822937,0.4166666567325592,0.09512820839881897
YDR052C,YDL056W,1,2.4112651,0.30524343252182007,0.41794872283935547,0.09512820839881897
YHR089C,YNL151C,0,2.4110887,0.30495789647102356,0.41794872283935547,0.09525641053915024
YDR052C,YDR054C,1,2.410471,0.30560746788978577,0.41923075914382935,0.09525641053915024
YEL050C,YER020W,0,2.4097273,0.30532214045524597,0.41923075914382935,0.0953846126794815
YNR008W,YBR264C,0,2.408705,0.30503731966018677,0.41923075914382935,0.09551282227039337
YGL251C,YOR217W,1,2.4086607,0.30568498373031616,0.4205128252506256,0.09551282227039337
YDL056W,YPL153C,1,2.4078887,0.30633148550987244,0.4217948615550995,0.09551282227039337
YLR204W,YGL106W,0,2.4071047,0.3060465157032013,0.4217948615550995,0.09564102441072464
YPL121C,YCR075C,0,2.404306,0.30576208233833313,0.4217948615550995,0.0957692340016365
YDL229W,YHR023W,0,2.4036858,0.30547818541526794,0.4217948615550995,0.09589743614196777
YLR373C,YER180C,0,2.4033597,0.30519479513168335,0.4217948615550995,0.09602563828229904
YMR211W,YAL034W-A,0,2.4016304,0.30491194128990173,0.4217948615550995,0.09615384787321091
YCR010C,YDR298C,0,2.4006686,0.3046296238899231,0.4217948615550995,0.09628205001354218
YBR296C,YIR006C,0,2.4000878,0.30434781312942505,0.4217948615550995,0.09641025960445404
YKL024C,YDR483W,0,2.3996522,0.30406653881073,0.4217948615550995,0.09653846174478531
YAL023C,YLR207W,0,2.3981907,0.3037857711315155,0.4217948615550995,0.09666666388511658
YDR013W,YOR346W,1,2.3976343,0.3044280409812927,0.42307692766189575,0.09666666388511658
YHR101C,YDR320C,0,2.3962429,0.3041474521160126,0.42307692766189575,0.09679487347602844
YPL017C,YDR376W,0,2.395842,0.3038673996925354,0.42307692766189575,0.09692307561635971
YOR155C,YDR534C,0,2.3957736,0.3035878539085388,0.42307692766189575,0.09705128520727158
YPL269W,YIL138C,0,2.3951328,0.3033088147640228,0.42307692766189575,0.09717948734760284
YKL089W,YGR295C,0,2.3925312,0.3030303120613098,0.42307692766189575,0.09730768948793411
YER140W,YIL039W,0,2.392459,0.302752286195755,0.42307692766189575,0.09743589907884598
YMR127C,YDR318W,0,2.3912728,0.3024747967720032,0.42307692766189575,0.09756410121917725
YML104C,YIL124W,0,2.3897424,0.30219781398773193,0.42307692766189575,0.09769231081008911
YMR171C,YER120W,0,2.388478,0.3019213080406189,0.42307692766189575,0.09782051295042038
YFR037C,YJR001W,0,2.3877904,0.30164533853530884,0.42307692766189575,0.09794871509075165
YDR011W,YDR393W,0,2.3875303,0.30136987566947937,0.42307692766189575,0.09807692468166351
YLR427W,YOR244W,0,2.3868454,0.3010948896408081,0.42307692766189575,0.09820512682199478
YMR281W,YDL008W,0,2.3818057,0.30082041025161743,0.42307692766189575,0.09833333641290665
YPR048W,YPR054W,0,2.381753,0.30054643750190735,0.42307692766189575,0.09846153855323792
YNR050C,YGL090W,0,2.380307,0.30027297139167786,0.42307692766189575,0.09858974069356918
YPL144W,YGR292W,0,2.3802109,0.30000001192092896,0.42307692766189575,0.09871795028448105
YKL218C,YER113C,0,2.3799767,0.29972752928733826,0.42307692766189575,0.09884615242481232
YBR273C,YHR181W,0,2.3787146,0.29945552349090576,0.42307692766189575,0.09897436201572418
YER114C,YEL064C,0,2.378225,0.29918405413627625,0.42307692766189575,0.09910256415605545
YDR121W,YAR007C,1,2.3781714,0.29981884360313416,0.42435896396636963,0.09910256415605545
YMR224C,YDR313C,0,2.3772573,0.2995475232601166,0.42435896396636963,0.09923076629638672
YOL125W,YNL101W,0,2.375715,0.2992766797542572,0.42435896396636963,0.09935897588729858
YDL109C,YDR320C,0,2.3720715,0.29900631308555603,0.42435896396636963,0.09948717802762985
YKL154W,YPR108W,0,2.3720362,0.29873645305633545,0.42435896396636963,0.09961538761854172
YDR069C,YAR007C,1,2.3715422,0.29936879873275757,0.4256410300731659,0.09961538761854172
YLR109W,YER051W,0,2.3706727,0.2990990877151489,0.4256410300731659,0.09974358975887299
YNR043W,YJL106W,0,2.3686318,0.2988298833370209,0.4256410300731659,0.09987179189920425
YBR087W,YBR160W,1,2.3668125,0.29946044087409973,0.42692306637763977,0.09987179189920425
YDR013W,YDR054C,1,2.366149,0.30008983612060547,0.42820513248443604,0.09987179189920425
YGL119W,YDR252W,0,2.36536,0.2998204529285431,0.42820513248443604,0.10000000149011612
YDR052C,YAL021C,1,2.364383,0.3004484176635742,0.4294871687889099,0.10000000149011612
YER164W,YNL135C,0,2.3640716,0.30017921328544617,0.4294871687889099,0.10012820363044739
YAR019C,YDR224C,0,2.3638191,0.2999104857444763,0.4294871687889099,0.10025641322135925
YMR223W,YDR402C,0,2.3631084,0.2996422052383423,0.4294871687889099,0.10038461536169052
YLR266C,YNR050C,0,2.3614326,0.29937443137168884,0.4294871687889099,0.10051281750202179
YJR033C,YDR436W,0,2.3609428,0.2991071343421936,0.4294871687889099,0.10064102709293365
YDR356W,YBL055C,0,2.3608613,0.29884031414985657,0.4294871687889099,0.10076922923326492
YCL059C,YOR075W,0,2.360525,0.29857397079467773,0.4294871687889099,0.10089743882417679
YDR121W,YOR080W,1,2.3582335,0.29919856786727905,0.4307692348957062,0.10089743882417679
YIL109C,YLR086W,0,2.3581083,0.29893237352371216,0.4307692348957062,0.10102564096450806
YHR046C,YGR188C,0,2.357628,0.29866665601730347,0.4307692348957062,0.10115384310483932
YAR007C,YPR019W,1,2.357074,0.2992895245552063,0.43205127120018005,0.10115384310483932
YIL109C,YKR061W,0,2.3529136,0.29902395606040955,0.43205127120018005,0.10128205269575119
YLR439W,YCL057C-A,0,2.351889,0.298758864402771,0.43205127120018005,0.10141025483608246
YGR241C,YOR075W,0,2.3510103,0.29849424958229065,0.43205127120018005,0.10153846442699432
YER148W,YLR430W,0,2.3498166,0.2982300817966461,0.43205127120018005,0.10166666656732559
YNL207W,YAL013W,0,2.3488145,0.2979663908481598,0.43205127120018005,0.10179486870765686
YMR098C,YMR201C,0,2.3479278,0.29770317673683167,0.43205127120018005,0.10192307829856873
YBR160W,YPR019W,1,2.346245,0.29832303524017334,0.4333333373069763,0.10192307829856873
YDR014W,YOR080W,1,2.346218,0.29894179105758667,0.4346153736114502,0.10192307829856873
YBR164C,YJR126C,0,2.3431861,0.2986784279346466,0.4346153736114502,0.1020512804389
YJL090C,YGL251C,1,2.3416834,0.2992957830429077,0.43589743971824646,0.1020512804389
YER068W,YKR014C,0,2.3416483,0.2990325391292572,0.43589743971824646,0.10217949002981186
YIR015W,YBR299W,0,2.3414893,0.2987697720527649,0.43589743971824646,0.10230769217014313
YMR257C,YIL039W,0,2.341421,0.2985074520111084,0.43589743971824646,0.1024358943104744
YFL029C,YBL030C,0,2.3395388,0.2982456088066101,0.43589743971824646,0.10256410390138626
YDR379W,YOR036W,0,2.3393893,0.29798421263694763,0.43589743971824646,0.10269230604171753
YDR341C,YBR291C,0,2.3392487,0.29772329330444336,0.43589743971824646,0.1028205156326294
YOR037W,YNL149C,0,2.3376698,0.2974628210067749,0.43589743971824646,0.10294871777296066
YGR029W,YKR090W,0,2.3370416,0.29720279574394226,0.43589743971824646,0.10307691991329193
YDR501W,YOR346W,1,2.3370106,0.29781660437583923,0.43717947602272034,0.10307691991329193
YDL130W,YHR129C,0,2.3368418,0.29755672812461853,0.43717947602272034,0.1032051295042038
YHR025W,YJL106W,0,2.33653,0.29729729890823364,0.43717947602272034,0.10333333164453506
YOL005C,YBR164C,0,2.336491,0.29703831672668457,0.43717947602272034,0.10346154123544693
YMR022W,YBR164C,0,2.335821,0.2967798113822937,0.43717947602272034,0.1035897433757782
YDR503C,YNL015W,0,2.335114,0.29652175307273865,0.43717947602272034,0.10371794551610947
YGR279C,YDL112W,0,2.3347132,0.296264111995697,0.43717947602272034,0.10384615510702133
YOL067C,YNR027W,0,2.334635,0.2960069477558136,0.43717947602272034,0.1039743572473526
YML027W,YDR052C,1,2.333678,0.2966175079345703,0.4384615421295166,0.1039743572473526
YKR090W,YLR032W,0,2.3320842,0.29636049270629883,0.4384615421295166,0.10410256683826447
YJL106W,YDR402C,0,2.3313696,0.29610389471054077,0.4384615421295166,0.10423076897859573
YIL150C,YBL023C,1,2.330728,0.29671281576156616,0.4397435784339905,0.10423076897859573
YAL021C,YDR501W,1,2.3281229,0.2973206639289856,0.44102564454078674,0.10423076897859573
YDR107C,YAL062W,0,2.3276849,0.2970639169216156,0.44102564454078674,0.104358971118927
YCL061C,YKL017C,1,2.326606,0.2976703941822052,0.4423076808452606,0.104358971118927
YBR264C,YDR400W,0,2.3260612,0.29741379618644714,0.4423076808452606,0.10448718070983887
YMR257C,YDR228C,0,2.326061,0.2971576154232025,0.4423076808452606,0.10461538285017014
YPL096C-A,YDR520C,0,2.3257134,0.2969018816947937,0.4423076808452606,0.104743592441082
YDR219C,YMR224C,0,2.3230426,0.2966465950012207,0.4423076808452606,0.10487179458141327
YER070W,YDR054C,1,2.322997,0.2972508668899536,0.4435897469520569,0.10487179458141327
YER083C,YMR198W,0,2.322015,0.29699569940567017,0.4435897469520569,0.10499999672174454
YKL059C,YGL155W,0,2.3217778,0.2967410087585449,0.4435897469520569,0.1051282063126564
YLR127C,YJR135C,0,2.3206997,0.2964867055416107,0.4435897469520569,0.10525640845298767
YOR047C,YOR096W,0,2.320132,0.2962328791618347,0.4435897469520569,0.10538461804389954
YOR278W,YFR008W,0,2.3188221,0.29597947001457214,0.4435897469520569,0.1055128201842308
YLR439W,YPL155C,0,2.317952,0.2957265079021454,0.4435897469520569,0.10564102232456207
YDL115C,YBL069W,0,2.3179243,0.29547396302223206,0.4435897469520569,0.10576923191547394
YER148W,YGR274C,0,2.3156402,0.29522183537483215,0.4435897469520569,0.1058974340558052
YDR524C,YER110C,0,2.3156102,0.29497015476226807,0.4435897469520569,0.10602564364671707
YFL047W,YDR032C,0,2.315247,0.2947189211845398,0.4435897469520569,0.10615384578704834
YNL280C,YIL072W,0,2.3148925,0.29446807503700256,0.4435897469520569,0.10628204792737961
YBR289W,YMR163C,0,2.312108,0.29421767592430115,0.4435897469520569,0.10641025751829147
YDR052C,YPL153C,1,2.3117096,0.29481732845306396,0.44487178325653076,0.10641025751829147
YGR188C,YPL149W,0,2.3101861,0.2945670485496521,0.44487178325653076,0.10653845965862274
YDR013W,YPR019W,1,2.3085454,0.29516538977622986,0.446153849363327,0.10653845965862274
YLR170C,YHR171W,0,2.3084803,0.29491525888442993,0.446153849363327,0.1066666692495346
YMR224C,YKR030W,0,2.3080432,0.29466554522514343,0.446153849363327,0.10679487138986588
YHR171W,YER147C,0,2.3080199,0.29441624879837036,0.446153849363327,0.10692307353019714
YLR098C,YJL062W,0,2.3069189,0.2941673696041107,0.446153849363327,0.10705128312110901
YDL101C,YGL251C,1,2.3059244,0.2947635054588318,0.4474358856678009,0.10705128312110901
YGL128C,YJL153C,0,2.305912,0.2945147752761841,0.4474358856678009,0.10717948526144028
YDL101C,YKL108W,1,2.3053162,0.2951095998287201,0.44871795177459717,0.10717948526144028
YKL109W,YDL180W,0,2.3053155,0.29486098885536194,0.44871795177459717,0.10730769485235214
YDL080C,YHR013C,0,2.3038955,0.2946127951145172,0.44871795177459717,0.10743589699268341
YIL009C-A,YKL010C,0,2.3032072,0.2943650186061859,0.44871795177459717,0.10756409913301468
YKL089W,YBL017C,0,2.3022995,0.29411765933036804,0.44871795177459717,0.10769230872392654
YGR263C,YDR139C,0,2.3006718,0.2938706874847412,0.44871795177459717,0.10782051086425781
YPL271W,YMR204C,0,2.3004549,0.2936241626739502,0.44871795177459717,0.10794872045516968
YOL125W,YPR122W,0,2.2990532,0.2933780252933502,0.44871795177459717,0.10807692259550095
YJR022W,YGL106W,0,2.296923,0.29313233494758606,0.44871795177459717,0.10820512473583221
YMR023C,YGL040C,0,2.2965991,0.29288703203201294,0.44871795177459717,0.10833333432674408
YDL127W,YGR075C,0,2.294962,0.29264214634895325,0.44871795177459717,0.10846153646707535
YJL090C,YKL108W,1,2.2945619,0.29323309659957886,0.44999998807907104,0.10846153646707535
YPR073C,YER030W,0,2.2941658,0.29298830032348633,0.44999998807907104,0.10858974605798721
YBL093C,YFR037C,0,2.29411,0.2927439510822296,0.44999998807907104,0.10871794819831848
YFR037C,YJL065C,0,2.2934132,0.29249998927116394,0.44999998807907104,0.10884615033864975
YBR213W,YLR276C,0,2.2922041,0.2922564446926117,0.44999998807907104,0.10897435992956161
YBR156C,YIR002C,0,2.2897673,0.2920133173465729,0.44999998807907104,0.10910256206989288
YOL031C,YJR089W,0,2.2888,0.2917705774307251,0.44999998807907104,0.10923077166080475
YOR066W,YLR306W,0,2.2883658,0.29152822494506836,0.44999998807907104,0.10935897380113602
YLR154C,YOR080W,1,2.2880309,0.2921161949634552,0.4512820541858673,0.10935897380113602
YLL013C,YNL306W,0,2.28803,0.291873961687088,0.4512820541858673,0.10948717594146729
YBR267W,YMR282C,0,2.2871938,0.29163214564323425,0.4512820541858673,0.10961538553237915
YMR070W,YDR402C,0,2.2861655,0.29139071702957153,0.4512820541858673,0.10974358767271042
YDL164C,YBR087W,1,2.2857995,0.29197683930397034,0.4525640904903412,0.10974358767271042
YGL135W,YPL269W,0,2.2847483,0.29173552989959717,0.4525640904903412,0.10987179726362228
YER148W,YBR159W,0,2.2846353,0.2914946377277374,0.4525640904903412,0.10999999940395355
YDL080C,YIL009C-A,0,2.2845173,0.2912541329860687,0.4525640904903412,0.11012820154428482
YLR090W,YPL028W,0,2.2837574,0.29101401567459106,0.4525640904903412,0.11025641113519669
YBL057C,YER153C,0,2.2833238,0.29077428579330444,0.4525640904903412,0.11038461327552795
YER083C,YDR534C,0,2.2833192,0.29053497314453125,0.4525640904903412,0.11051282286643982
YGR295C,YER030W,0,2.2832797,0.2902960479259491,0.4525640904903412,0.11064102500677109
YMR289W,YEL016C,0,2.2795885,0.290057510137558,0.4525640904903412,0.11076922714710236
YML027W,YGL251C,1,2.2794135,0.29064038395881653,0.45384615659713745,0.11076922714710236
YJL072C,YDR014W,1,2.2779,0.29122230410575867,0.45512819290161133,0.11076922714710236
YGR274C,YNR022C,0,2.2766082,0.2909836173057556,0.45512819290161133,0.11089743673801422
YOR384W,YML009C,0,2.2765443,0.2907452881336212,0.45512819290161133,0.11102563887834549
YGL223C,YOR233W,0,2.2758994,0.29050737619400024,0.45512819290161133,0.11115384846925735
YEL064C,YIL026C,0,2.2758157,0.2902698218822479,0.45512819290161133,0.11128205060958862
YNR020C,YEL058W,0,2.2740667,0.29003268480300903,0.45512819290161133,0.11141025274991989
YAL020C,YMR037C,0,2.2740657,0.2897959053516388,0.45512819290161133,0.11153846234083176
YJR076C,YMR163C,0,2.27366,0.289559543132782,0.45512819290161133,0.11166666448116302
YKR061W,YJL041W,0,2.2734768,0.2893235385417938,0.45512819290161133,0.11179487407207489
YDR088C,YML081C-A,0,2.2732382,0.2890879511833191,0.45512819290161133,0.11192307621240616
YGR058W,YGR154C,0,2.2729342,0.288852721452713,0.45512819290161133,0.11205127835273743
YHR046C,YLR109W,0,2.2725582,0.288617879152298,0.45512819290161133,0.11217948794364929
YIL072W,YFR007W,0,2.270653,0.288383424282074,0.45512819290161133,0.11230769008398056
YFR037C,YLR385C,0,2.2685504,0.288149356842041,0.45512819290161133,0.11243589967489243
YMR094W,YBL037W,0,2.2679536,0.2879156470298767,0.45512819290161133,0.1125641018152237
YKL140W,YGR220C,0,2.2673504,0.28768232464790344,0.45512819290161133,0.11269231140613556
YGL168W,YOR217W,1,2.2644777,0.2882591187953949,0.4564102590084076,0.11269231140613556
YLR086W,YOL030W,0,2.2633712,0.2880258858203888,0.4564102590084076,0.11282051354646683
YDR166C,YJR135W-A,0,2.2588909,0.28779304027557373,0.4564102590084076,0.1129487156867981
YDR121W,YPR019W,1,2.2580752,0.2883683443069458,0.45769229531288147,0.1129487156867981
YDR376W,YDR393W,0,2.253488,0.2881355881690979,0.45769229531288147,0.11307692527770996
YJL125C,YAL025C,0,2.2511137,0.28790321946144104,0.45769229531288147,0.11320512741804123
YNR011C,YDR231C,0,2.250241,0.2876712381839752,0.45769229531288147,0.1133333370089531
YNL291C,YPR178W,0,2.2491677,0.28743961453437805,0.45769229531288147,0.11346153914928436
YGL206C,YGR194C,0,2.2491167,0.2872083783149719,0.45769229531288147,0.11358974128961563
YJL198W,YJR135C,0,2.2486544,0.28697749972343445,0.45769229531288147,0.1137179508805275
YNL119W,YHR036W,0,2.2480795,0.2867469787597656,0.45769229531288147,0.11384615302085876
YNL159C,YLR192C,0,2.2479422,0.28651684522628784,0.45769229531288147,0.11397436261177063
YKL198C,YNL244C,0,2.2474763,0.2862870991230011,0.45769229531288147,0.1141025647521019
YGL128C,YDR376W,0,2.2470362,0.2860576808452606,0.45769229531288147,0.11423076689243317
YJR158W,YOL156W,0,2.2468894,0.2858286499977112,0.45769229531288147,0.11435897648334503
YDR478W,YDR298C,0,2.2461717,0.2856000065803528,0.45769229531288147,0.1144871786236763
YDR054C,YPL153C,1,2.2461212,0.2861710488796234,0.45897436141967773,0.1144871786236763
YMR256C,YMR224C,0,2.2452462,0.2859424948692322,0.45897436141967773,0.11461538821458817
YIL150C,YJL073W,1,2.244784,0.2865123748779297,0.4602563977241516,0.11461538821458817
YPL281C,YCL027W,0,2.243662,0.2862838804721832,0.4602563977241516,0.11474359035491943
YPL028W,YDR436W,0,2.2436411,0.2860557734966278,0.4602563977241516,0.1148717924952507
YBR050C,YCL057C-A,0,2.2419188,0.28582802414894104,0.4602563977241516,0.11500000208616257
YGR241C,YDR117C,0,2.241669,0.2856006324291229,0.4602563977241516,0.11512820422649384
YGL021W,YEL016C,0,2.2410915,0.28537359833717346,0.4602563977241516,0.1152564138174057
YJL065C,YGR272C,0,2.2406595,0.28514695167541504,0.4602563977241516,0.11538461595773697
YLR371W,YER113C,0,2.2391245,0.2849206328392029,0.4602563977241516,0.11551281809806824
YNL128W,YJL025W,0,2.238022,0.28469470143318176,0.4602563977241516,0.1156410276889801
YMR235C,YHR172W,0,2.2372422,0.2844690978527069,0.4602563977241516,0.11576922982931137
YNL039W,YCR075C,0,2.2372391,0.2842438519001007,0.4602563977241516,0.11589743942022324
YJL157C,YPL068C,0,2.234614,0.28401899337768555,0.4602563977241516,0.1160256415605545
YGL168W,YCL061C,1,2.23389,0.28458496928215027,0.4615384638309479,0.1160256415605545
YLL009C,YMR163C,0,2.2335036,0.28436020016670227,0.4615384638309479,0.11615384370088577
YIL109C,YGR188C,0,2.232549,0.28413575887680054,0.4615384638309479,0.11628205329179764
YER133W,YBR097W,0,2.2324252,0.28391167521476746,0.4615384638309479,0.1164102554321289
YCL059C,YCR047C,0,2.2323697,0.283687949180603,0.4615384638309479,0.11653846502304077
YAR007C,YDL017W,1,2.2316005,0.28425195813179016,0.46282050013542175,0.11653846502304077
YGR029W,YLR286C,0,2.2283506,0.2840283215045929,0.46282050013542175,0.11666666716337204
YDR524C,YER153C,0,2.22746,0.2838050425052643,0.46282050013542175,0.11679486930370331
YIL150C,YOR080W,1,2.2266974,0.2843676209449768,0.464102566242218,0.11679486930370331
YJR110W,YOR384W,0,2.2262433,0.28414443135261536,0.464102566242218,0.11692307889461517
YHR160C,YDR443C,0,2.2252743,0.28392156958580017,0.464102566242218,0.11705128103494644
YPL144W,YBR041W,0,2.225101,0.28369906544685364,0.464102566242218,0.1171794906258583
YMR171C,YER147C,0,2.2246292,0.28347688913345337,0.464102566242218,0.11730769276618958
YDL030W,YMR184W,0,2.2244465,0.28325510025024414,0.464102566242218,0.11743589490652084
YLR370C,YDR356W,0,2.2240818,0.2830336093902588,0.464102566242218,0.11756410449743271
YLR373C,YHR046C,0,2.2239094,0.2828125059604645,0.464102566242218,0.11769230663776398
YOR346W,YOR080W,1,2.223685,0.2833723723888397,0.4653846025466919,0.11769230663776398
YER148W,YIR009W,0,2.2222884,0.2831513285636902,0.4653846025466919,0.11782051622867584
YAL053W,YLR385C,0,2.2220216,0.2829306423664093,0.4653846025466919,0.11794871836900711
YAL008W,YPL155C,0,2.2215726,0.2827102839946747,0.4653846025466919,0.11807692050933838
YGR009C,YDR393W,0,2.2215004,0.2824902832508087,0.4653846025466919,0.11820513010025024
YIL027C,YLR176C,0,2.2212842,0.282270610332489,0.4653846025466919,0.11833333224058151
YGL120C,YDL043C,0,2.2206812,0.28205129504203796,0.4653846025466919,0.11846154183149338
YLR238W,YGR274C,0,2.2205682,0.2818323075771332,0.4653846025466919,0.11858974397182465
YDR126W,YCR040W,0,2.2204669,0.28161364793777466,0.4653846025466919,0.11871794611215591
YDR390C,YML009C,0,2.2192905,0.2813953459262848,0.4653846025466919,0.11884615570306778
YDR479C,YDL185W,0,2.2186484,0.2811773717403412,0.4653846025466919,0.11897435784339905
YIL160C,YLR176C,0,2.2186282,0.28095975518226624,0.4653846025466919,0.11910256743431091
YLR154C,YDL017W,1,2.2185664,0.28151586651802063,0.46666666865348816,0.11910256743431091
YLR154C,YOR346W,1,2.2180736,0.2820710837841034,0.46794870495796204,0.11910256743431091
YGL213C,YER048W-A,0,2.2177389,0.2818532884120941,0.46794870495796204,0.11923076957464218
YER070W,YOR217W,1,2.2171988,0.28240740299224854,0.4692307710647583,0.11923076957464218
YOL019W,YDL082W,0,2.2166774,0.28218966722488403,0.4692307710647583,0.11935897171497345
YLR139C,YBL061C,0,2.2163775,0.2819722592830658,0.4692307710647583,0.11948718130588531
YJR104C,YDL030W,0,2.2148836,0.2817552089691162,0.4692307710647583,0.11961538344621658
YMR171C,YDL067C,0,2.213895,0.2815384566783905,0.4692307710647583,0.11974359303712845
YEL017C-A,YMR163C,0,2.2124531,0.28132206201553345,0.4692307710647583,0.11987179517745972
YPL095C,YDR169C,0,2.2091734,0.28110599517822266,0.4692307710647583,0.11999999731779099
YNL146W,YNL007C,0,2.2091722,0.28089025616645813,0.4692307710647583,0.12012820690870285
YGL136C,YCR098C,0,2.208176,0.28067484498023987,0.4692307710647583,0.12025640904903412
YOR373W,YLR078C,0,2.2068105,0.28045976161956787,0.4692307710647583,0.12038461863994598
YNL280C,YGR189C,0,2.2067373,0.2802450358867645,0.4692307710647583,0.12051282078027725
YGR292W,YJL056C,0,2.206571,0.28003060817718506,0.4692307710647583,0.12064102292060852
YDR356W,YMR302C,0,2.2062955,0.27981650829315186,0.4692307710647583,0.12076923251152039
YIL072W,YKR009C,0,2.2055078,0.2796027362346649,0.4692307710647583,0.12089743465185165
YLR032W,YPL103C,0,2.2053385,0.27938932180404663,0.4692307710647583,0.12102564424276352
YLR188W,YGR135W,0,2.2044375,0.2791762053966522,0.4692307710647583,0.12115384638309479
YDR501W,YDR014W,1,2.202158,0.2797256112098694,0.4705128073692322,0.12115384638309479
YER174C,YDR116C,0,2.2018054,0.27951255440711975,0.4705128073692322,0.12128204852342606
YFR008W,YGR076C,0,2.2016656,0.27929985523223877,0.4705128073692322,0.12141025811433792
YDL229W,YDR011W,0,2.2016208,0.27908745408058167,0.4705128073692322,0.12153846025466919
YOR228C,YNR045W,0,2.2015846,0.2788753807544708,0.4705128073692322,0.12166666984558105
YJL072C,YJL090C,1,2.2011936,0.27942293882369995,0.47179487347602844,0.12166666984558105
YGR029W,YLR238W,0,2.1988776,0.2792109251022339,0.47179487347602844,0.12179487198591232
YDL030W,YPR042C,0,2.1972792,0.2789992392063141,0.47179487347602844,0.12192307412624359
YJR104C,YPL155C,0,2.1971507,0.27878788113594055,0.47179487347602844,0.12205128371715546
YDR523C,YOR269W,0,2.1960592,0.2785768210887909,0.47179487347602844,0.12217948585748672
YLR154C,YDL056W,1,2.1959026,0.279122531414032,0.4730769097805023,0.12217948585748672
YGR101W,YAL013W,0,2.1957579,0.2789115607738495,0.4730769097805023,0.12230769544839859
YJR015W,YOR044W,0,2.195494,0.27870091795921326,0.4730769097805023,0.12243589758872986
YPR019W,YKL017C,1,2.1925921,0.2792452871799469,0.4743589758872986,0.12243589758872986
YBL074C,YPR054W,0,2.1922126,0.27903470396995544,0.4743589758872986,0.12256409972906113
YNR043W,YHR186C,0,2.1918473,0.27882441878318787,0.4743589758872986,0.12269230931997299
YMR282C,YDR330W,0,2.1912978,0.27861446142196655,0.4743589758872986,0.12282051146030426
YIL084C,YGR184C,0,2.190677,0.2784048020839691,0.4743589758872986,0.12294872105121613
YOR346W,YOR217W,1,2.1899817,0.2789473831653595,0.47564101219177246,0.12294872105121613
YOR047C,YHR153C,0,2.1889575,0.27873778343200684,0.47564101219177246,0.1230769231915474
YDR379W,YOR244W,0,2.1882849,0.2785285413265228,0.47564101219177246,0.12320512533187866
YIL072W,YDR044W,0,2.1878178,0.2783195674419403,0.47564101219177246,0.12333333492279053
YOL018C,YIL026C,0,2.187776,0.27811095118522644,0.47564101219177246,0.1234615370631218
YIL109C,YDL095W,0,2.186426,0.27790263295173645,0.47564101219177246,0.12358974665403366
YGR026W,YAL008W,0,2.1861498,0.27769461274147034,0.47564101219177246,0.12371794879436493
YMR233W,YKL024C,0,2.184997,0.2774869203567505,0.47564101219177246,0.1238461509346962
YML060W,YGR075C,0,2.1847274,0.2772795259952545,0.47564101219177246,0.12397436052560806
YBR087W,YJR068W,1,2.1838813,0.27781927585601807,0.4769230782985687,0.12397436052560806
YDR134C,YNL339C,0,2.1835594,0.27761194109916687,0.4769230782985687,0.12410256266593933
YFL047W,YPL019C,0,2.1831415,0.27740493416786194,0.4769230782985687,0.1242307722568512
YFL029C,YJR076C,0,2.182858,0.2771982252597809,0.4769230782985687,0.12435897439718246
YPL038W,YPL204W,0,2.1826363,0.2769918143749237,0.4769230782985687,0.12448717653751373
YFL044C,YML095C,0,2.1825442,0.2767857015132904,0.4769230782985687,0.1246153861284256
YGL120C,YIR009W,0,2.181469,0.27657991647720337,0.4769230782985687,0.12474358826875687
YBR097W,YNL188W,0,2.1814554,0.2763744294643402,0.4769230782985687,0.12487179785966873
YNR043W,YDL146W,0,2.1814299,0.2761692702770233,0.4769230782985687,0.125
YPR048W,YJL033W,0,2.180034,0.2759643793106079,0.4769230782985687,0.12512820959091187
YHR117W,YNL310C,0,2.1789541,0.27575981616973877,0.4769230782985687,0.12525640428066254
YOR288C,YER020W,0,2.1775744,0.2755555510520935,0.4769230782985687,0.1253846138715744
YDR315C,YDR376W,0,2.177479,0.2753515839576721,0.4769230782985687,0.12551282346248627
YPL194W,YDL006W,0,2.176615,0.2751479148864746,0.4769230782985687,0.12564103305339813
YHL016C,YPR081C,0,2.1760888,0.27494457364082336,0.4769230782985687,0.1257692277431488
YDL137W,YHR086W,0,2.1757576,0.2747415006160736,0.4769230782985687,0.12589743733406067
YPR005C,YNL189W,0,2.1757495,0.2745387554168701,0.4769230782985687,0.12602564692497253
YDL164C,YAR007C,1,2.1748006,0.27507373690605164,0.4782051146030426,0.12602564692497253
YML060W,YOL072W,0,2.1734626,0.2748710513114929,0.4782051146030426,0.1261538416147232
YJL097W,YDR443C,0,2.1727233,0.2746686339378357,0.4782051146030426,0.12628205120563507
YMR224C,YOR244W,0,2.1726153,0.27446651458740234,0.4782051146030426,0.12641026079654694
YLR396C,YOL147C,0,2.1724179,0.27426469326019287,0.4782051146030426,0.1265384554862976
YDR532C,YCL031C,0,2.1715088,0.27406319975852966,0.4782051146030426,0.12666666507720947
YNL280C,YER147C,0,2.1712625,0.27386197447776794,0.4782051146030426,0.12679487466812134
YGL222C,YHR017W,0,2.170831,0.2736610472202301,0.4782051146030426,0.1269230842590332
YDR532C,YIL074C,0,2.1694634,0.27346041798591614,0.4782051146030426,0.12705127894878387
YCR009C,YJL170C,0,2.1674597,0.27326008677482605,0.4782051146030426,0.12717948853969574
YBL093C,YJL109C,0,2.1659186,0.27306002378463745,0.4782051146030426,0.1273076981306076
YDL164C,YGL168W,1,2.1647751,0.2735918164253235,0.47948718070983887,0.1273076981306076
YHR027C,YOL065C,0,2.1642008,0.27339181303977966,0.47948718070983887,0.12743589282035828
YML129C,YOL005C,0,2.1634998,0.2731921076774597,0.47948718070983887,0.12756410241127014
YDR219C,YNL039W,0,2.1619754,0.27299270033836365,0.47948718070983887,0.127692312002182
YIL093C,YNL077W,0,2.1613238,0.27279359102249146,0.47948718070983887,0.12782050669193268
YJR110W,YOR308C,0,2.1612284,0.27259474992752075,0.47948718070983887,0.12794871628284454
YMR211W,YGR184C,0,2.1607447,0.2723962068557739,0.47948718070983887,0.1280769258737564
YLR126C,YNL166C,0,2.1602283,0.272197961807251,0.47948718070983887,0.12820513546466827
YNL077W,YPL092W,0,2.1601508,0.2720000147819519,0.47948718070983887,0.12833333015441895
YAL010C,YGR047C,0,2.1596057,0.2718023359775543,0.47948718070983887,0.1284615397453308
YPL121C,YNR011C,0,2.159594,0.2716049253940582,0.47948718070983887,0.12858974933624268
YMR163C,YHL016C,0,2.1589854,0.2714078426361084,0.47948718070983887,0.12871794402599335
YHR143W,YNL185C,0,2.1584954,0.27121102809906006,0.47948718070983887,0.1288461536169052
YML104C,YDR420W,0,2.1583478,0.2710144817829132,0.47948718070983887,0.12897436320781708
YDL075W,YCR075C,0,2.158304,0.27081823348999023,0.47948718070983887,0.12910255789756775
YGL021W,YLL038C,0,2.1581264,0.27062228322029114,0.47948718070983887,0.12923076748847961
YBR050C,YJR060W,0,2.1566253,0.27042660117149353,0.47948718070983887,0.12935897707939148
YDR425W,YMR184W,0,2.1563342,0.2702312171459198,0.47948718070983887,0.12948718667030334
YOR201C,YJR134C,0,2.1559331,0.27003610134124756,0.47948718070983887,0.12961538136005402
YDR532C,YHR116W,0,2.155801,0.2698412835597992,0.47948718070983887,0.12974359095096588
YLR212C,YLR176C,0,2.155291,0.2696467339992523,0.47948718070983887,0.12987180054187775
YHR171W,YMR163C,0,2.1547592,0.26945245265960693,0.47948718070983887,0.12999999523162842
YLR086W,YML115C,0,2.1538532,0.2692584693431854,0.47948718070983887,0.13012820482254028
YDR052C,YLR154C,1,2.1532192,0.26978418231010437,0.48076921701431274,0.13012820482254028
YML085C,YKR037C,0,2.1530716,0.26959022879600525,0.48076921701431274,0.13025641441345215
YKL178C,YIL027C,0,2.152426,0.2693965435028076,0.48076921701431274,0.13038460910320282
YPL096C-A,YCL050C,0,2.1516862,0.26920315623283386,0.48076921701431274,0.13051281869411469
YGR292W,YOL156W,0,2.1512232,0.2690100371837616,0.48076921701431274,0.13064102828502655
YMR163C,YBR213W,0,2.1496108,0.2688172161579132,0.48076921701431274,0.13076923787593842
YLR100W,YGL227W,0,2.148692,0.2686246335506439,0.48076921701431274,0.1308974325656891
YLR090W,YNL207W,0,2.147951,0.2684323489665985,0.48076921701431274,0.13102564215660095
YDR532C,YNR070W,0,2.1477702,0.2682403326034546,0.48076921701431274,0.13115385174751282
YBR033W,YDR421W,0,2.146103,0.26804861426353455,0.48076921701431274,0.1312820464372635
YNL129W,YKL042W,0,2.145621,0.2678571343421936,0.48076921701431274,0.13141025602817535
YBR058C,YBL069W,0,2.14409,0.26766595244407654,0.48076921701431274,0.13153846561908722
YGR009C,YLR032W,0,2.1433635,0.26747503876686096,0.48076921701431274,0.1316666603088379
YDR052C,YDL017W,1,2.1421335,0.267997145652771,0.482051283121109,0.1316666603088379
YMR042W,YBR273C,0,2.1420667,0.2678062617778778,0.482051283121109,0.13179486989974976
YKL108W,YAR007C,1,2.1410716,0.26832741498947144,0.4833333194255829,0.13179486989974976
YIL026C,YNR047W,0,2.139667,0.26813656091690063,0.4833333194255829,0.13192307949066162
YBR050C,YOL019W,0,2.1367157,0.2679459750652313,0.4833333194255829,0.1320512890815735
YDL069C,YMR223W,0,2.1350987,0.2677556872367859,0.4833333194255829,0.13217948377132416
YBR175W,YDR071C,0,2.1350267,0.26756563782691956,0.4833333194255829,0.13230769336223602
YKL173W,YOR211C,0,2.134593,0.2673758864402771,0.4833333194255829,0.1324359029531479
YBR036C,YDL141W,0,2.132659,0.26718640327453613,0.4833333194255829,0.13256409764289856
YBR087W,YGL168W,1,2.132559,0.26770538091659546,0.48461538553237915,0.13256409764289856
YMR042W,YGR158C,0,2.1317496,0.2675159275531769,0.48461538553237915,0.13269230723381042
YLR364W,YGL211W,0,2.1312382,0.2673267424106598,0.48461538553237915,0.1328205168247223
YLR265C,YNR041C,0,2.13115,0.2671377956867218,0.48461538553237915,0.13294871151447296
YMR042W,YOL109W,0,2.1307697,0.2669491469860077,0.48461538553237915,0.13307692110538483
YMR292W,YHR036W,0,2.1301067,0.26676076650619507,0.48461538553237915,0.1332051306962967
YGL191W,YOR057W,0,2.1293786,0.26657262444496155,0.48461538553237915,0.13333334028720856
YGL223C,YMR306W,0,2.1290703,0.2663847804069519,0.48461538553237915,0.13346153497695923
YIL039W,YDR169C,0,2.128812,0.26619717478752136,0.48461538553237915,0.1335897445678711
YOR278W,YFR003C,0,2.12877,0.2660098373889923,0.48461538553237915,0.13371795415878296
YIL074C,YBL074C,0,2.1286163,0.26582279801368713,0.48461538553237915,0.13384614884853363
YJL153C,YIL138C,0,2.1282015,0.26563596725463867,0.48461538553237915,0.1339743584394455
YML027W,YDR069C,1,2.1268337,0.26615169644355774,0.485897421836853,0.1339743584394455
YGL251C,YDR054C,1,2.126743,0.2666666805744171,0.4871794879436493,0.1339743584394455
YOR181W,YHL019C,0,2.1253664,0.2664796710014343,0.4871794879436493,0.13410256803035736
YOL092W,YOL147C,0,2.1251488,0.266292929649353,0.4871794879436493,0.13423076272010803
YGR047C,YER114C,0,2.1251242,0.2661064565181732,0.4871794879436493,0.1343589723110199
YLR419W,YOR322C,0,2.1244028,0.2659202218055725,0.4871794879436493,0.13448718190193176
YGL021W,YPL051W,0,2.1236546,0.2657342553138733,0.4871794879436493,0.13461539149284363
YIL115C,YOR244W,0,2.12364,0.26554855704307556,0.4871794879436493,0.1347435861825943
YFL039C,YNL310C,0,2.1235638,0.2653631269931793,0.4871794879436493,0.13487179577350616
YJR158W,YOR182C,0,2.1229448,0.2651779353618622,0.4871794879436493,0.13500000536441803
YOL064C,YMR017W,0,2.1223063,0.26499301195144653,0.4871794879436493,0.1351282000541687
YOR076C,YNL227C,0,2.1220906,0.2648083567619324,0.4871794879436493,0.13525640964508057
YLR086W,YBL082C,0,2.1215565,0.2646239697933197,0.4871794879436493,0.13538461923599243
YKL017C,YBL023C,1,2.1212306,0.2651357054710388,0.48846152424812317,0.13538461923599243
YDR421W,YAL058W,0,2.120885,0.26495131850242615,0.48846152424812317,0.1355128139257431
YOR076C,YMR292W,0,2.1208098,0.26476719975471497,0.48846152424812317,0.13564102351665497
YKL089W,YNL112W,0,2.1194115,0.2645833194255829,0.48846152424812317,0.13576923310756683
YNL212W,YGL040C,0,2.1192691,0.2643997371196747,0.48846152424812317,0.1358974426984787
YER140W,YNL289W,0,2.1186883,0.2642163634300232,0.48846152424812317,0.13602563738822937
YGR047C,YER140W,0,2.1186287,0.2640332579612732,0.48846152424812317,0.13615384697914124
YDR228C,YMR204C,0,2.1177566,0.2638504207134247,0.48846152424812317,0.1362820565700531
YAL062W,YML088W,0,2.1175387,0.2636678218841553,0.48846152424812317,0.13641025125980377
YJR066W,YFR037C,0,2.1171572,0.26348549127578735,0.48846152424812317,0.13653846085071564
YDR279W,YJL090C,1,2.117053,0.2639944851398468,0.48974359035491943,0.13653846085071564
YML060W,YOL007C,0,2.1164095,0.2638121545314789,0.48974359035491943,0.1366666704416275
YHR044C,YNR047W,0,2.1154716,0.26363009214401245,0.48974359035491943,0.13679486513137817
YJL165C,YNR022C,0,2.1151354,0.2634482681751251,0.48974359035491943,0.13692307472229004
YGR086C,YPR096C,0,2.1148574,0.2632667124271393,0.48974359035491943,0.1370512843132019
YKR090W,YER174C,0,2.114526,0.26308539509773254,0.48974359035491943,0.13717949390411377
YBR033W,YKR104W,0,2.114435,0.2629043459892273,0.48974359035491943,0.13730768859386444
YLR048W,YNL188W,0,2.1144238,0.26272353529930115,0.48974359035491943,0.1374358981847763
YCL061C,YPR019W,1,2.1139753,0.26323023438453674,0.4910256266593933,0.1374358981847763
YOR057W,YKR104W,0,2.1136296,0.263049453496933,0.4910256266593933,0.13756410777568817
YDL141W,YLR048W,0,2.1123378,0.2628689110279083,0.4910256266593933,0.13769230246543884
YBR036C,YEL050C,0,2.1121323,0.26268860697746277,0.4910256266593933,0.1378205120563507
YGR263C,YKL179C,0,2.1113682,0.2625085711479187,0.4910256266593933,0.13794872164726257
YOR373W,YJL041W,0,2.110927,0.26232877373695374,0.4910256266593933,0.13807691633701324
YMR289W,YDR231C,0,2.1105888,0.26214921474456787,0.4910256266593933,0.1382051259279251
YCR039C,YPR073C,0,2.110258,0.2619698941707611,0.4910256266593933,0.13833333551883698
YJR097W,YDR326C,0,2.1088994,0.26179084181785583,0.4910256266593933,0.13846154510974884
YPL106C,YNL325C,0,2.108809,0.26161202788352966,0.4910256266593933,0.1385897397994995
YDR239C,YNL339C,0,2.108741,0.2614334523677826,0.4910256266593933,0.13871794939041138
YER070W,YAL021C,1,2.1087334,0.2619372308254242,0.4923076927661896,0.13871794939041138
YGL227W,YPL103C,0,2.1083074,0.2617586851119995,0.4923076927661896,0.13884615898132324
YOR080W,YDL017W,1,2.1082194,0.2622615694999695,0.49358972907066345,0.13884615898132324
YLR373C,YOR150W,0,2.1078336,0.2620830535888672,0.49358972907066345,0.1389743536710739
YCR039C,YHR129C,0,2.1073165,0.261904776096344,0.49358972907066345,0.13910256326198578
YGL021W,YMR004W,0,2.1069057,0.2617267072200775,0.49358972907066345,0.13923077285289764
YIL072W,YBL057C,0,2.105604,0.2615489065647125,0.49358972907066345,0.13935896754264832
YGL210W,YCL055W,0,2.1051266,0.26137134432792664,0.49358972907066345,0.13948717713356018
YJL072C,YER070W,1,2.1049643,0.26187247037887573,0.4948717951774597,0.13948717713356018
YBR160W,YJR068W,1,2.1047182,0.2623728811740875,0.4961538314819336,0.13948717713356018
YGL128C,YMR022W,0,2.104524,0.2621951103210449,0.4961538314819336,0.13961538672447205
YBR264C,YIL113W,0,2.103915,0.2620176076889038,0.4961538314819336,0.1397435963153839
YPR028W,YJR076C,0,2.103839,0.2618403136730194,0.4961538314819336,0.13987179100513458
YGL035C,YKL164C,0,2.1033752,0.2616632878780365,0.4961538314819336,0.14000000059604645
YNL306W,YDR077W,0,2.1029394,0.2614865005016327,0.4961538314819336,0.1401282101869583
YNL191W,YDR421W,0,2.1029332,0.2613099217414856,0.4961538314819336,0.14025640487670898
YJL072C,YBR160W,1,2.101854,0.2618083655834198,0.49743589758872986,0.14025640487670898
YJL025W,YPL103C,0,2.1013577,0.2616318166255951,0.49743589758872986,0.14038461446762085
YBR048W,YMR094W,0,2.1012235,0.2614555358886719,0.49743589758872986,0.14051282405853271
YAL043C,YNL151C,0,2.1009138,0.26127946376800537,0.49743589758872986,0.1406410187482834
YML116W,YMR290C,0,2.1002362,0.26110363006591797,0.49743589758872986,0.14076922833919525
YLL062C,YBR166C,0,2.1002314,0.26092803478240967,0.49743589758872986,0.14089743793010712
YDR219C,YNL166C,0,2.0987039,0.26075267791748047,0.49743589758872986,0.14102564752101898
YDR107C,YML042W,0,2.098259,0.26057755947113037,0.49743589758872986,0.14115384221076965
YDR236C,YIL026C,0,2.0978813,0.2604026794433594,0.49743589758872986,0.14128205180168152
YKR038C,YOR244W,0,2.0977094,0.2602280378341675,0.49743589758872986,0.14141026139259338
YGL210W,YCL063W,0,2.096423,0.2600536048412323,0.49743589758872986,0.14153845608234406
YDR107C,YNL007C,0,2.096245,0.2598794400691986,0.49743589758872986,0.14166666567325592
YDR054C,YOR217W,1,2.096165,0.26037484407424927,0.49871793389320374,0.14166666567325592
YJL090C,YOR080W,1,2.095525,0.260869562625885,0.5,0.14166666567325592
YDR501W,YJL073W,1,2.0951593,0.2613636255264282,0.5012820363044739,0.14166666567325592
YDR503C,YOL123W,0,2.0941105,0.2611890435218811,0.5012820363044739,0.14179487526416779
YDR501W,YAR007C,1,2.0935018,0.2616822421550751,0.5025641322135925,0.14179487526416779
YIL145C,YER184C,0,2.0932398,0.26150766015052795,0.5025641322135925,0.14192306995391846
YDR536W,YLR304C,0,2.0930533,0.2613333463668823,0.5025641322135925,0.14205127954483032
YOL019W,YLR246W,0,2.0926032,0.2611592411994934,0.5025641322135925,0.1421794891357422
YMR080C,YGL249W,0,2.0925136,0.2609853446483612,0.5025641322135925,0.14230769872665405
YPL121C,YDR166C,0,2.0919952,0.2608117163181305,0.5025641322135925,0.14243589341640472
YOR174W,YMR302C,0,2.0910387,0.2606382966041565,0.5025641322135925,0.1425641030073166
YHR161C,YGR075C,0,2.0892608,0.2604651153087616,0.5025641322135925,0.14269231259822845
YMR127C,YNL212W,0,2.0888014,0.2602921724319458,0.5025641322135925,0.14282050728797913
YDR022C,YPL074W,0,2.0880802,0.2601194381713867,0.5025641322135925,0.142948716878891
YKL108W,YJR068W,1,2.0874856,0.26061007380485535,0.5038461685180664,0.142948716878891
YNL129W,YOL147C,0,2.0866306,0.26043736934661865,0.5038461685180664,0.14307692646980286
YFL044C,YDR288W,0,2.086393,0.26026490330696106,0.5038461685180664,0.14320512115955353
YDR456W,YPL028W,0,2.0862637,0.2600926458835602,0.5038461685180664,0.1433333307504654
YDL101C,YBL023C,1,2.0856898,0.26058200001716614,0.5051282048225403,0.1433333307504654
YBR160W,YDR014W,1,2.0845208,0.26107072830200195,0.5064102411270142,0.1433333307504654
YDR052C,YOR217W,1,2.084305,0.26155877113342285,0.5076923370361328,0.1433333307504654
YCL061C,YBL023C,1,2.0838468,0.262046217918396,0.5089743733406067,0.1433333307504654
YDL060W,YHR036W,0,2.0828822,0.26187336444854736,0.5089743733406067,0.14346154034137726
YGL213C,YLR096W,0,2.0815725,0.26170071959495544,0.5089743733406067,0.14358974993228912
YOR151C,YDL144C,0,2.0812657,0.2615283131599426,0.5089743733406067,0.1437179446220398
YKL140W,YDR510W,0,2.0810142,0.2613561451435089,0.5089743733406067,0.14384615421295166
YJL090C,YOR346W,1,2.0804253,0.26184210181236267,0.5102564096450806,0.14384615421295166
YJR068W,YOR346W,1,2.0802574,0.2623274028301239,0.5115384459495544,0.14384615421295166
YOR143C,YNL212W,0,2.079972,0.26215505599975586,0.5115384459495544,0.14397436380386353
YHL019C,YOR127W,0,2.07995,0.26198291778564453,0.5115384459495544,0.1441025584936142
YKL089W,YMR056C,0,2.0797422,0.2618110179901123,0.5115384459495544,0.14423076808452606
YIL150C,YDR501W,1,2.079175,0.26229506731033325,0.5128205418586731,0.14423076808452606
YMR094W,YPR102C,0,2.0789614,0.2621231973171234,0.5128205418586731,0.14435897767543793
YOR047C,YNL206C,0,2.0785363,0.2619515359401703,0.5128205418586731,0.1444871723651886
YDR299W,YBL061C,0,2.0769813,0.26178011298179626,0.5128205418586731,0.14461538195610046
YDR532C,YLR266C,0,2.0760562,0.26160889863967896,0.5128205418586731,0.14474359154701233
YPR186C,YBR251W,0,2.0759828,0.26143792271614075,0.5128205418586731,0.1448718011379242
YIL150C,YDL017W,1,2.0756428,0.261920303106308,0.514102578163147,0.1448718011379242
YGR106C,YLR176C,0,2.0755832,0.26174935698509216,0.514102578163147,0.14499999582767487
YBR036C,YHR184W,0,2.074805,0.26157858967781067,0.514102578163147,0.14512820541858673
YFR008W,YPL028W,0,2.0732892,0.26140809059143066,0.514102578163147,0.1452564150094986
YBR205W,YCL066W,0,2.073265,0.261237770318985,0.514102578163147,0.14538460969924927
YNR050C,YPL189C-A,0,2.0731885,0.2610677182674408,0.514102578163147,0.14551281929016113
YCR037C,YMR285C,0,2.072763,0.26089784502983093,0.514102578163147,0.145641028881073
YDR126W,YDR436W,0,2.0726397,0.26072821021080017,0.514102578163147,0.14576922357082367
YGL253W,YHR036W,0,2.0726042,0.2605588138103485,0.514102578163147,0.14589743316173553
YNL322C,YHR011W,0,2.0724933,0.2603895962238312,0.514102578163147,0.1460256427526474
YCR075C,YPL095C,0,2.0724232,0.26022064685821533,0.514102578163147,0.14615385234355927
YDR270W,YDR520C,0,2.0724006,0.2600518763065338,0.514102578163147,0.14628204703330994
YLR381W,YFR007W,0,2.0717769,0.2598833441734314,0.514102578163147,0.1464102566242218
YAL010C,YPL022W,0,2.071731,0.2597150206565857,0.514102578163147,0.14653846621513367
YNL207W,YOR244W,0,2.071353,0.2595469355583191,0.514102578163147,0.14666666090488434
YBL017C,YOL133W,0,2.070037,0.2593790292739868,0.514102578163147,0.1467948704957962
YML027W,YMR043W,1,2.0691392,0.25985780358314514,0.5153846144676208,0.1467948704957962
YJL156C,YGR234W,0,2.0685902,0.25968992710113525,0.5153846144676208,0.14692308008670807
YDR121W,YJL073W,1,2.0679967,0.26016783714294434,0.5166666507720947,0.14692308008670807
YER126C,YLR010C,0,2.0677793,0.25999999046325684,0.5166666507720947,0.14705127477645874
YOL157C,YOL002C,0,2.0674126,0.25983235239982605,0.5166666507720947,0.1471794843673706
YHR027C,YLR433C,0,2.0671895,0.25966495275497437,0.5166666507720947,0.14730769395828247
YBR160W,YKL017C,1,2.0670779,0.26014167070388794,0.5179487466812134,0.14730769395828247
YML027W,YDL017W,1,2.066871,0.26061776280403137,0.5192307829856873,0.14730769395828247
YCR072C,YJL025W,0,2.0661266,0.260450154542923,0.5192307829856873,0.14743590354919434
YEL002C,YJL025W,0,2.0660963,0.2602827847003937,0.5192307829856873,0.147564098238945
YER099C,YOL019W,0,2.0659568,0.2601155936717987,0.5192307829856873,0.14769230782985687
YOR047C,YNL146W,0,2.0659404,0.25994864106178284,0.5192307829856873,0.14782051742076874
YMR127C,YKR104W,0,2.065932,0.2597818970680237,0.5192307829856873,0.1479487121105194
YPL148C,YDR402C,0,2.0653715,0.25961539149284363,0.5192307829856873,0.14807692170143127
YJR075W,YHR070W,0,2.065041,0.2594490647315979,0.5192307829856873,0.14820513129234314
YER029C,YHR099W,0,2.0649326,0.2592829763889313,0.5192307829856873,0.1483333259820938
YMR080C,YDR326C,0,2.0636723,0.25911709666252136,0.5192307829856873,0.14846153557300568
YER070W,YGL251C,1,2.061314,0.2595908045768738,0.5205128192901611,0.14846153557300568
YDL085W,YLR147C,0,2.0608945,0.25942492485046387,0.5205128192901611,0.14858974516391754
YOR244W,YFL037W,0,2.0596864,0.25925925374031067,0.5205128192901611,0.1487179547548294
YFR008W,YMR150C,0,2.0596783,0.2590938210487366,0.5205128192901611,0.14884614944458008
YDR177W,YOR127W,0,2.0572116,0.2589285671710968,0.5205128192901611,0.14897435903549194
YNL206C,YLR357W,0,2.0569456,0.25876355171203613,0.5205128192901611,0.1491025686264038
YDR052C,YBR087W,1,2.056864,0.259235680103302,0.521794855594635,0.1491025686264038
YDR329C,YOL123W,0,2.0541148,0.25907066464424133,0.521794855594635,0.14923076331615448
YGL003C,YDL146W,0,2.0531597,0.2589058578014374,0.521794855594635,0.14935897290706635
YGR029W,YMR037C,0,2.0531092,0.25874125957489014,0.521794855594635,0.1494871824979782
YPL194W,YDR507C,0,2.052866,0.2585768699645996,0.521794855594635,0.14961537718772888
YOL065C,YBL055C,0,2.052854,0.2584126889705658,0.521794855594635,0.14974358677864075
YER086W,YML005W,0,2.0525825,0.2582487165927887,0.521794855594635,0.1498717963695526
YDR126W,YHR147C,0,2.052481,0.2580849826335907,0.521794855594635,0.15000000596046448
YHR207C,YEL016C,0,2.0520618,0.257921427488327,0.521794855594635,0.15012820065021515
YOR179C,YLR015W,0,2.0519373,0.25775808095932007,0.521794855594635,0.15025641024112701
YMR056C,YHR167W,0,2.051908,0.2575949430465698,0.521794855594635,0.15038461983203888
YGL128C,YIL027C,0,2.0516648,0.2574320137500763,0.521794855594635,0.15051281452178955
YMR306W,YJL008C,0,2.0516593,0.2572692930698395,0.521794855594635,0.15064102411270142
YDL164C,YOR346W,1,2.0514483,0.25773847103118896,0.5230769515037537,0.15064102411270142
YOR265W,YKR030W,0,2.0510867,0.25757575035095215,0.5230769515037537,0.15076923370361328
YHR027C,YDL099W,0,2.0510406,0.25741323828697205,0.5230769515037537,0.15089744329452515
YBR240C,YOR308C,0,2.05035,0.25725093483924866,0.5230769515037537,0.15102563798427582
YJL090C,YKL017C,1,2.0503495,0.2577189803123474,0.5243589878082275,0.15102563798427582
YNL293W,YER147C,0,2.0486963,0.257556676864624,0.5243589878082275,0.15115384757518768
YGL213C,YDR443C,0,2.0483983,0.25739458203315735,0.5243589878082275,0.15128205716609955
YDR531W,YOL147C,0,2.0478885,0.2572326958179474,0.5243589878082275,0.15141025185585022
YIL150C,YDR052C,1,2.0471594,0.25769954919815063,0.5256410241127014,0.15141025185585022
YMR289W,YPL059W,0,2.047022,0.25753769278526306,0.5256410241127014,0.15153846144676208
YHL036W,YIR023W,0,2.0463958,0.2573760151863098,0.5256410241127014,0.15166667103767395
YOL002C,YDR166C,0,2.0456486,0.2572145462036133,0.5256410241127014,0.15179486572742462
YDR139C,YOR070C,0,2.0442362,0.25705328583717346,0.5256410241127014,0.1519230753183365
YPL068C,YJL109C,0,2.0423448,0.25689223408699036,0.5256410241127014,0.15205128490924835
YER140W,YKL028W,0,2.042029,0.2567313611507416,0.5256410241127014,0.15217949450016022
YIR012W,YOL019W,0,2.0417075,0.2565707266330719,0.5256410241127014,0.1523076891899109
YHR184W,YDR088C,0,2.041308,0.25641027092933655,0.5256410241127014,0.15243589878082275
YDR341C,YHR070W,0,2.0410335,0.2562499940395355,0.5256410241127014,0.15256410837173462
YDL200C,YBR231C,0,2.0403454,0.2560899555683136,0.5256410241127014,0.1526923030614853
YOL002C,YGR037C,0,2.0402324,0.255930095911026,0.5256410241127014,0.15282051265239716
YBR296C,YGR075C,0,2.039734,0.2557704448699951,0.5256410241127014,0.15294872224330902
YJL090C,YAR007C,1,2.0394623,0.25623440742492676,0.5269230604171753,0.15294872224330902
YER140W,YKR094C,0,2.0387988,0.2560747563838959,0.5269230604171753,0.1530769169330597
YMR282C,YKL183W,0,2.037127,0.2559153139591217,0.5269230604171753,0.15320512652397156
YHR184W,YPR054W,0,2.036739,0.25575608015060425,0.5269230604171753,0.15333333611488342
YCL061C,YDR014W,1,2.036423,0.25621891021728516,0.528205156326294,0.15333333611488342
YBR160W,YDR069C,1,2.036372,0.2566811740398407,0.5294871926307678,0.15333333611488342
YBR055C,YER161C,0,2.0339746,0.25652173161506653,0.5294871926307678,0.1534615457057953
YFR032C-A,YDL127W,0,2.0332341,0.2563624978065491,0.5294871926307678,0.15358974039554596
YDL056W,YOR080W,1,2.0331185,0.2568238079547882,0.5307692289352417,0.15358974039554596
YKL059C,YDR362C,0,2.0330293,0.25666460394859314,0.5307692289352417,0.15371794998645782
YBR176W,YIL072W,0,2.0325675,0.2565055787563324,0.5307692289352417,0.1538461595773697
YCL059C,YML113W,0,2.0319011,0.25634676218032837,0.5307692289352417,0.15397435426712036
YPR028W,YBR245C,0,2.0314658,0.25618812441825867,0.5307692289352417,0.15410256385803223
YPL155C,YNL339C,0,2.0313752,0.2560296952724457,0.5307692289352417,0.1542307734489441
YEL061C,YGL084C,0,2.03109,0.255871444940567,0.5307692289352417,0.15435896813869476
YIL112W,YBL090W,0,2.0308683,0.25571340322494507,0.5307692289352417,0.15448717772960663
YER095W,YGL059W,0,2.0308006,0.25555557012557983,0.5307692289352417,0.1546153873205185
YHR067W,YPR005C,0,2.030519,0.2553979158401489,0.5307692289352417,0.15474359691143036
YLR154C,YDR069C,1,2.0300798,0.2558569610118866,0.5320512652397156,0.15474359691143036
YLR364W,YJR060W,0,2.029507,0.2556993365287781,0.5320512652397156,0.15487179160118103
YDR400W,YDR103W,0,2.02785,0.2555418610572815,0.5320512652397156,0.1550000011920929
YBL060W,YFL037W,0,2.027233,0.255384624004364,0.5320512652397156,0.15512821078300476
YLR100W,YER082C,0,2.027195,0.25522756576538086,0.5320512652397156,0.15525640547275543
YMR171C,YNL015W,0,2.0270646,0.25507068634033203,0.5320512652397156,0.1553846150636673
YER061C,YDR044W,0,2.0256846,0.2549140155315399,0.5320512652397156,0.15551282465457916
YJL143W,YML104C,0,2.0255537,0.25475752353668213,0.5320512652397156,0.15564101934432983
YML005W,YOR211C,0,2.0253508,0.25460124015808105,0.5320512652397156,0.1557692289352417
YER070W,YJL073W,1,2.0243514,0.25505825877189636,0.5333333611488342,0.1557692289352417
YNR011C,YMR056C,0,2.0241554,0.2549019753932953,0.5333333611488342,0.15589743852615356
YLR139C,YHR010W,0,2.0241463,0.25474587082862854,0.5333333611488342,0.15602564811706543
YLR418C,YML081C-A,0,2.0236804,0.2545899748802185,0.5333333611488342,0.1561538428068161
YBR001C,YPR168W,0,2.0235908,0.2544342577457428,0.5333333611488342,0.15628205239772797
YLL013C,YKL183W,0,2.022224,0.2542787194252014,0.5333333611488342,0.15641026198863983
YBR175W,YMR163C,0,2.0216248,0.25412338972091675,0.5333333611488342,0.1565384566783905
YIL072W,YDR298C,0,2.0216062,0.2539682686328888,0.5333333611488342,0.15666666626930237
YNL292W,YHR070W,0,2.0207634,0.2538132965564728,0.5333333611488342,0.15679487586021423
YKL135C,YPL038W,0,2.0204084,0.2536585330963135,0.5333333611488342,0.1569230705499649
YMR080C,YBL020W,0,2.0196784,0.2535039484500885,0.5333333611488342,0.15705128014087677
YFR041C,YPL028W,0,2.0186899,0.25334957242012024,0.5333333611488342,0.15717948973178864
YBR092C,YHR010W,0,2.0180507,0.2531953752040863,0.5333333611488342,0.1573076993227005
YDL019C,YHR044C,0,2.0174546,0.2530413568019867,0.5333333611488342,0.15743589401245117
YLR207W,YIR009W,0,2.0174286,0.2528875470161438,0.5333333611488342,0.15756410360336304
YLR097C,YNL213C,0,2.0174158,0.25273388624191284,0.5333333611488342,0.1576923131942749
YJR139C,YDR393W,0,2.0171452,0.252580463886261,0.5333333611488342,0.15782050788402557
YNR070W,YHR017W,0,2.0170925,0.25242719054222107,0.5333333611488342,0.15794871747493744
YFR041C,YBR289W,0,2.0163202,0.2522740960121155,0.5333333611488342,0.1580769270658493
YDL056W,YGL251C,1,2.016306,0.2527272701263428,0.5346153974533081,0.1580769270658493
YGL191W,YDL146W,0,2.0160024,0.25257420539855957,0.5346153974533081,0.15820512175559998
YDR050C,YMR122W-A,0,2.0157297,0.2524213194847107,0.5346153974533081,0.15833333134651184
YCL061C,YJR068W,1,2.0155256,0.25287356972694397,0.535897433757782,0.15833333134651184
YDR069C,YPR019W,1,2.015476,0.25332528352737427,0.5371794700622559,0.15833333134651184
YDL164C,YKL017C,1,2.015368,0.2537764310836792,0.5384615659713745,0.15833333134651184
YHR101C,YHR011W,0,2.0151818,0.25362318754196167,0.5384615659713745,0.1584615409374237
YFL004W,YLR120C,0,2.0150387,0.25347012281417847,0.5384615659713745,0.15858975052833557
YBR289W,YIL026C,0,2.0146153,0.2533172369003296,0.5384615659713745,0.15871794521808624
YPL096C-A,YPL048W,0,2.0118124,0.2531645596027374,0.5384615659713745,0.1588461548089981
YNL280C,YGL090W,0,2.0116744,0.2530120611190796,0.5384615659713745,0.15897436439990997
YLR318W,YDR421W,0,2.010504,0.2528597116470337,0.5384615659713745,0.15910255908966064
YBR176W,YOR211C,0,2.0093381,0.2527075707912445,0.5384615659713745,0.1592307686805725
YMR264W,YAL020C,0,2.0088642,0.25255560874938965,0.5384615659713745,0.15935897827148438
YGR234W,YBL074C,0,2.0086825,0.2524038553237915,0.5384615659713745,0.15948717296123505
YML043C,YNL227C,0,2.0083787,0.2522522509098053,0.5384615659713745,0.1596153825521469
YOL127W,YLR381W,0,2.0077124,0.2521008551120758,0.5384615659713745,0.15974359214305878
YAL041W,YHR186C,0,2.0073888,0.25194960832595825,0.5384615659713745,0.15987180173397064
YDR011W,YKR094C,0,2.006172,0.2517985701560974,0.5384615659713745,0.1599999964237213
YBR082C,YJL019W,0,2.0059133,0.2516476809978485,0.5384615659713745,0.16012820601463318
YLR266C,YEL050C,0,2.0055034,0.2514970004558563,0.5384615659713745,0.16025641560554504
YNL293W,YOL005C,0,2.0049093,0.25134649872779846,0.5384615659713745,0.16038461029529572
YBR267W,YLR014C,0,2.0033107,0.2511961758136749,0.5384615659713745,0.16051281988620758
YGR009C,YCL066W,0,2.0031958,0.2510460317134857,0.5384615659713745,0.16064102947711945
YGL136C,YHR129C,0,2.002095,0.25089606642723083,0.5384615659713745,0.16076922416687012
YJL090C,YDL017W,1,2.000328,0.2513432800769806,0.5397436022758484,0.16076922416687012
YGL095C,YMR184W,0,2.0000105,0.2511933147907257,0.5397436022758484,0.16089743375778198
YDR046C,YOL007C,0,1.9999526,0.25104352831840515,0.5397436022758484,0.16102564334869385
YLR098C,YPL051W,0,1.999701,0.2508939206600189,0.5397436022758484,0.1611538529396057
YLR188W,YNR016C,0,1.9995394,0.250744491815567,0.5397436022758484,0.16128204762935638
YJR060W,YGR188C,0,1.9982498,0.25059524178504944,0.5397436022758484,0.16141025722026825
YER070W,YDL017W,1,1.9978061,0.251041054725647,0.5410256385803223,0.16141025722026825
YER147C,YER012W,0,1.9974358,0.2508918046951294,0.5410256385803223,0.16153846681118011
YOR384W,YAL020C,0,1.9966297,0.25074273347854614,0.5410256385803223,0.1616666615009308
YJR160C,YOL080C,0,1.9959245,0.25059381127357483,0.5410256385803223,0.16179487109184265
YGR295C,YEL002C,0,1.9958761,0.25044509768486023,0.5410256385803223,0.16192308068275452
YER070W,YDR069C,1,1.9954944,0.25088968873023987,0.5423076748847961,0.16192308068275452
YNL218W,YPR019W,1,1.9953673,0.25133374333381653,0.5435897707939148,0.16192308068275452
YNL301C,YLR381W,0,1.9946105,0.2511848211288452,0.5435897707939148,0.1620512753725052
YIL084C,YLR032W,0,1.9945645,0.2510361075401306,0.5435897707939148,0.16217948496341705
YBL103C,YER147C,0,1.9942319,0.25088757276535034,0.5435897707939148,0.16230769455432892
YMR264W,YPL051W,0,1.9940355,0.2507392168045044,0.5435897707939148,0.16243590414524078
YML129C,YLR010C,0,1.9939959,0.2505910098552704,0.5435897707939148,0.16256409883499146
YGL232W,YGR047C,0,1.9934678,0.2504430115222931,0.5435897707939148,0.16269230842590332
YHR028C,YOR150W,0,1.9933665,0.25029516220092773,0.5435897707939148,0.16282051801681519
YJL072C,YPR019W,1,1.9928024,0.2507374584674835,0.5448718070983887,0.16282051801681519
YNR050C,YDR393W,0,1.9922528,0.25058960914611816,0.5448718070983887,0.16294871270656586
YML094W,YLR192C,0,1.9913247,0.2504419684410095,0.5448718070983887,0.16307692229747772
YHR031C,YDR069C,1,1.9913218,0.25088340044021606,0.5461538434028625,0.16307692229747772
YDR069C,YOR080W,1,1.9904666,0.25132429599761963,0.5474358797073364,0.16307692229747772
YBR087W,YDR054C,1,1.9895208,0.251764714717865,0.5487179756164551,0.16307692229747772
YGL168W,YAR007C,1,1.9892678,0.2522045969963074,0.550000011920929,0.16307692229747772
YDR065W,YDR376W,0,1.9891803,0.25205639004707336,0.550000011920929,0.1632051318883896
YOL065C,YDR510W,0,1.9875968,0.25190839171409607,0.550000011920929,0.16333332657814026
YGR062C,YCL047C,0,1.9874032,0.2517605721950531,0.550000011920929,0.16346153616905212
YMR042W,YNR007C,0,1.9871144,0.25161290168762207,0.550000011920929,0.163589745759964
YER140W,YHR081W,0,1.9868262,0.25146540999412537,0.550000011920929,0.16371795535087585
YOR155C,YPL028W,0,1.9863122,0.251318097114563,0.550000011920929,0.16384615004062653
YKL108W,YJL073W,1,1.9862568,0.2517564296722412,0.5512820482254028,0.16384615004062653
YHR031C,YDL056W,1,1.985343,0.25219425559043884,0.5525640845298767,0.16384615004062653
YNL306W,YHR160C,0,1.9846368,0.2520467936992645,0.5525640845298767,0.1639743596315384
YOR373W,YFL041W,0,1.9828343,0.25189948081970215,0.5525640845298767,0.16410256922245026
YDR501W,YDR054C,1,1.9825928,0.25233644247055054,0.5538461804389954,0.16410256922245026
YNL128W,YKR105C,0,1.9820421,0.25218912959098816,0.5538461804389954,0.16423076391220093
YOL127W,YJL056C,0,1.9819319,0.2520419955253601,0.5538461804389954,0.1643589735031128
YJL072C,YOR217W,1,1.9818981,0.25247812271118164,0.5551282167434692,0.1643589735031128
YDR529C,YPR021C,0,1.9816658,0.2523309886455536,0.5551282167434692,0.16448718309402466
YDL069C,YBR291C,0,1.9804285,0.25218403339385986,0.5551282167434692,0.16461537778377533
YDR329C,YEL002C,0,1.9803681,0.25203725695610046,0.5551282167434692,0.1647435873746872
YDR495C,YGR075C,0,1.9800942,0.251890629529953,0.5551282167434692,0.16487179696559906
YNL218W,YGL251C,1,1.9785888,0.2523255944252014,0.5564102530479431,0.16487179696559906
YJR135W-A,YOL109W,0,1.9778664,0.25217896699905396,0.5564102530479431,0.16500000655651093
YJL041W,YHR044C,0,1.9774153,0.2520325183868408,0.5564102530479431,0.1651282012462616
YDL144C,YIL126W,0,1.9769709,0.251886248588562,0.5564102530479431,0.16525641083717346
YCR028C,YPR073C,0,1.9766893,0.25174012780189514,0.5564102530479431,0.16538462042808533
YDL101C,YBR087W,1,1.9765561,0.25217390060424805,0.557692289352417,0.16538462042808533
YOR181W,YER164W,0,1.9765494,0.25202780961990356,0.557692289352417,0.165512815117836
YIL034C,YIL084C,0,1.9760959,0.251881867647171,0.557692289352417,0.16564102470874786
YER133W,YNR070W,0,1.9752488,0.2517361044883728,0.557692289352417,0.16576923429965973
YIL084C,YLR158C,0,1.974798,0.2515905201435089,0.557692289352417,0.1658974289894104
YMR247C,YGR158C,0,1.9746392,0.25144508481025696,0.557692289352417,0.16602563858032227
YGL168W,YOR080W,1,1.9746146,0.2518775165081024,0.5589743852615356,0.16602563858032227
YGR263C,YNL136W,0,1.9741697,0.25173211097717285,0.5589743852615356,0.16615384817123413
YBR041W,YLR176C,0,1.9736121,0.2515868544578552,0.5589743852615356,0.166282057762146
YJR058C,YNL310C,0,1.9729555,0.25144174695014954,0.5589743852615356,0.16641025245189667
YOR124C,YGR220C,0,1.9728649,0.2512968182563782,0.5589743852615356,0.16653846204280853
YDR448W,YAR018C,0,1.9727488,0.25115206837654114,0.5589743852615356,0.1666666716337204
YOL018C,YNL128W,0,1.9713454,0.2510074973106384,0.5589743852615356,0.16679486632347107
YBR024W,YLR433C,0,1.9703,0.25086307525634766,0.5589743852615356,0.16692307591438293
YMR217W,YBR105C,0,1.9694345,0.2507188022136688,0.5589743852615356,0.1670512855052948
YDR315C,YDR130C,0,1.9682424,0.2505747079849243,0.5589743852615356,0.16717948019504547
YML027W,YDR014W,1,1.9677074,0.2510051727294922,0.5602564215660095,0.16717948019504547
YBR273C,YKR030W,0,1.9675992,0.2508610785007477,0.5602564215660095,0.16730768978595734
YCR010C,YJR135W-A,0,1.9669788,0.2507171630859375,0.5602564215660095,0.1674358993768692
YNL306W,YGR154C,0,1.9668937,0.25057339668273926,0.5602564215660095,0.16756410896778107
YPR192W,YMR071C,0,1.9664264,0.25042980909347534,0.5602564215660095,0.16769230365753174
YOR381W,YMR022W,0,1.9663265,0.25028637051582336,0.5602564215660095,0.1678205132484436
YEL064C,YLR207W,0,1.9663227,0.2501431107521057,0.5602564215660095,0.16794872283935547
YBR175W,YDR486C,0,1.9651744,0.25,0.5602564215660095,0.16807691752910614
YMR198W,YLR038C,0,1.9639003,0.2498570680618286,0.5602564215660095,0.168205127120018
YPR132W,YEL061C,0,1.9632876,0.24971428513526917,0.5602564215660095,0.16833333671092987
YCL061C,YDR054C,1,1.9630966,0.25014278292655945,0.5615384578704834,0.16833333671092987
YBR041W,YKL116C,0,1.9627585,0.25,0.5615384578704834,0.16846153140068054
YPL269W,YML088W,0,1.9625714,0.24985738098621368,0.5615384578704834,0.1685897409915924
YJL143W,YMR122W-A,0,1.9621246,0.2497149407863617,0.5615384578704834,0.16871795058250427
YIL072W,YMR224C,0,1.9612138,0.24957264959812164,0.5615384578704834,0.16884616017341614
YDL114W,YBL030C,0,1.9596164,0.24943052232265472,0.5615384578704834,0.1689743548631668
YDL019C,YDR071C,0,1.9593363,0.24928855895996094,0.5615384578704834,0.16910256445407867
YHR147C,YKR009C,0,1.9592767,0.24914675951004028,0.5615384578704834,0.16923077404499054
YPL143W,YDR093W,0,1.9588792,0.24900512397289276,0.5615384578704834,0.1693589687347412
YDR046C,YDR478W,0,1.9585791,0.24886363744735718,0.5615384578704834,0.16948717832565308
YMR311C,YDR362C,0,1.9583781,0.24872231483459473,0.5615384578704834,0.16961538791656494
YJR104C,YOR075W,0,1.95836,0.2485811561346054,0.5615384578704834,0.1697435826063156
YNR043W,YGR194C,0,1.9583533,0.24844016134738922,0.5615384578704834,0.16987179219722748
YPL144W,YER095W,0,1.9573991,0.24829931557178497,0.5615384578704834,0.17000000178813934
YBR160W,YAR007C,1,1.9569354,0.24872520565986633,0.5628204941749573,0.17000000178813934
YJL072C,YOR346W,1,1.9558985,0.2491506189107895,0.5641025900840759,0.17000000178813934
YDR329C,YHR184W,0,1.9557784,0.2490096241235733,0.5641025900840759,0.1701282113790512
YJL056C,YCL057C-A,0,1.9552829,0.24886877834796906,0.5641025900840759,0.17025640606880188
YPL226W,YLR419W,0,1.9550877,0.24872809648513794,0.5641025900840759,0.17038461565971375
YMR235C,YLL001W,0,1.9550235,0.24858756363391876,0.5641025900840759,0.1705128252506256
YAL023C,YBR213W,0,1.954982,0.2484472095966339,0.5641025900840759,0.17064101994037628
YMR217W,YJL109C,0,1.9544406,0.248307004570961,0.5641025900840759,0.17076922953128815
YDR524C,YJL148W,0,1.9541204,0.24816694855690002,0.5641025900840759,0.1708974391222
YBR012W-A,YML060W,0,1.9538774,0.24802705645561218,0.5641025900840759,0.17102563381195068
YBR123C,YJL097W,0,1.9535317,0.24788732826709747,0.5641025900840759,0.17115384340286255
YOR057W,YGL249W,0,1.9522772,0.2477477490901947,0.5641025900840759,0.17128205299377441
YPL226W,YGR063C,0,1.9518309,0.24760833382606506,0.5641025900840759,0.17141026258468628
YER148W,YKL183W,0,1.9500394,0.24746906757354736,0.5641025900840759,0.17153845727443695
YNL306W,YDR096W,0,1.9498787,0.2473299652338028,0.5641025900840759,0.17166666686534882
YOR151C,YDR103W,0,1.9482443,0.24719101190567017,0.5641025900840759,0.17179487645626068
YEL015W,YGR156W,0,1.9475927,0.24705222249031067,0.5641025900840759,0.17192307114601135
YNL046W,YDR044W,0,1.9475656,0.2469135820865631,0.5641025900840759,0.17205128073692322
YHL036W,YCL050C,0,1.9473958,0.24677510559558868,0.5641025900840759,0.17217949032783508
YDL127W,YPR178W,0,1.9469991,0.2466367781162262,0.5641025900840759,0.17230768501758575
YDR118W,YNL289W,0,1.9466894,0.24649859964847565,0.5641025900840759,0.17243589460849762
YBR087W,YOR080W,1,1.9462788,0.24692049622535706,0.5653846263885498,0.17243589460849762
YER114C,YBR159W,0,1.9454346,0.2467823177576065,0.5653846263885498,0.17256410419940948
YOL005C,YCR004C,0,1.9450753,0.2466442883014679,0.5653846263885498,0.17269231379032135
YPR166C,YIL125W,0,1.9449453,0.24650642275810242,0.5653846263885498,0.17282050848007202
YCL031C,YGR014W,0,1.944906,0.24636872112751007,0.5653846263885498,0.1729487180709839
YDR531W,YGL035C,0,1.9442251,0.24623115360736847,0.5653846263885498,0.17307692766189575
YIL109C,YGL232W,0,1.9440229,0.24609375,0.5653846263885498,0.17320512235164642
YDL056W,YDR501W,1,1.9430768,0.2465142160654068,0.5666666626930237,0.17320512235164642
YAR015W,YDL130W,0,1.9429967,0.24637681245803833,0.5666666626930237,0.1733333319425583
YLR214W,YER068W,0,1.9429777,0.2462395578622818,0.5666666626930237,0.17346154153347015
YDR069C,YOR346W,1,1.9427397,0.24665924906730652,0.5679486989974976,0.17346154153347015
YGR026W,YOR386W,0,1.9425724,0.2465219795703888,0.5679486989974976,0.17358973622322083
YGL173C,YLR266C,0,1.9420762,0.2463848739862442,0.5679486989974976,0.1737179458141327
YLR318W,YPL095C,0,1.9420674,0.24624791741371155,0.5679486989974976,0.17384615540504456
YER120W,YKR097W,0,1.9419501,0.24611110985279083,0.5679486989974976,0.17397436499595642
YGL223C,YDR055W,0,1.9405282,0.24597445130348206,0.5679486989974976,0.1741025596857071
YLL013C,YJL041W,0,1.9404352,0.2458379566669464,0.5679486989974976,0.17423076927661896
YDL085W,YLR438C-A,0,1.9403162,0.2457016110420227,0.5679486989974976,0.17435897886753082
YKL088W,YCR096C,0,1.9402153,0.24556541442871094,0.5679486989974976,0.1744871735572815
YGR101W,YMR208W,0,1.9388373,0.2454293668270111,0.5679486989974976,0.17461538314819336
YNL218W,YJL090C,1,1.9382889,0.2458471804857254,0.5692307949066162,0.17461538314819336
YCR098C,YPL059W,0,1.9371083,0.24571111798286438,0.5692307949066162,0.17474359273910522
YBR040W,YMR184W,0,1.9368222,0.2455752193927765,0.5692307949066162,0.1748717874288559
YNL291C,YGR279C,0,1.9362781,0.24543946981430054,0.5692307949066162,0.17499999701976776
YAL041W,YML095C,0,1.936259,0.24530386924743652,0.5692307949066162,0.17512820661067963
YBR092C,YBR097W,0,1.9352474,0.24516841769218445,0.5692307949066162,0.1752564162015915
YNL210W,YIL136W,0,1.9348443,0.2450331151485443,0.5692307949066162,0.17538461089134216
YBR245C,YMR017W,0,1.9335797,0.2448979616165161,0.5692307949066162,0.17551282048225403
YDR448W,YKR030W,0,1.9330058,0.24476295709609985,0.5692307949066162,0.1756410300731659
YKL108W,YOR346W,1,1.9328516,0.24517905712127686,0.5705128312110901,0.1756410300731659
YPR118W,YMR223W,0,1.9318452,0.2450440526008606,0.5705128312110901,0.17576922476291656
YMR036C,YJL156C,0,1.9317443,0.24490919709205627,0.5705128312110901,0.17589743435382843
YDR466W,YNL306W,0,1.9316773,0.2447744756937027,0.5705128312110901,0.1760256439447403
YMR233W,YJL106W,0,1.93138,0.24463991820812225,0.5705128312110901,0.17615385353565216
YJL097W,YDR534C,0,1.9311035,0.24450549483299255,0.5705128312110901,0.17628204822540283
YER111C,YHR147C,0,1.9303162,0.2443712204694748,0.5705128312110901,0.1764102578163147
YBL074C,YKR048C,0,1.9295919,0.24423709511756897,0.5705128312110901,0.17653846740722656
YDR003W,YNR041C,0,1.9295173,0.24410313367843628,0.5705128312110901,0.17666666209697723
YMR306W,YLR385C,0,1.9291537,0.24396929144859314,0.5705128312110901,0.1767948716878891
YBL103C,YDR510W,0,1.9288065,0.24383561313152313,0.5705128312110901,0.17692308127880096
YMR306W,YPR028W,0,1.9272852,0.24370208382606506,0.5705128312110901,0.17705127596855164
YGL222C,YGL040C,0,1.9264219,0.24356868863105774,0.5705128312110901,0.1771794855594635
YER095W,YIR009W,0,1.9241774,0.24343544244766235,0.5705128312110901,0.17730769515037537
YJR158W,YDR358W,0,1.9237115,0.2433023452758789,0.5705128312110901,0.17743590474128723
YIL004C,YPL092W,0,1.9234984,0.2431693971157074,0.5705128312110901,0.1775640994310379
YDR033W,YBL055C,0,1.9233327,0.24303659796714783,0.5705128312110901,0.17769230902194977
YIL171W,YML009C,0,1.9224391,0.242903932929039,0.5705128312110901,0.17782051861286163
YBL093C,YBL082C,0,1.9218798,0.24277141690254211,0.5705128312110901,0.1779487133026123
YLR086W,YDR071C,0,1.9218256,0.24263903498649597,0.5705128312110901,0.17807692289352417
YNR027W,YLR418C,0,1.9215975,0.24250681698322296,0.5705128312110901,0.17820513248443604
YML027W,YOR217W,1,1.921468,0.24291938543319702,0.571794867515564,0.17820513248443604
YJR135C,YCR037C,0,1.9214227,0.24278715252876282,0.571794867515564,0.1783333271741867
YDL108W,YGL249W,0,1.9212716,0.24265505373477936,0.571794867515564,0.17846153676509857
YHR116W,YFL037W,0,1.9207304,0.24252310395240784,0.571794867515564,0.17858974635601044
YCR077C,YEL016C,0,1.9203041,0.24239130318164825,0.571794867515564,0.1787179559469223
YOR384W,YPL143W,0,1.9202201,0.24225963652133942,0.571794867515564,0.17884615063667297
YLR286C,YHR136C,0,1.9202187,0.24212811887264252,0.571794867515564,0.17897436022758484
YOL064C,YGR123C,0,1.919739,0.24199675023555756,0.571794867515564,0.1791025698184967
YPR166C,YML095C,0,1.9191837,0.24186551570892334,0.571794867515564,0.17923076450824738
YML043C,YMR045C,0,1.9179127,0.24173441529273987,0.571794867515564,0.17935897409915924
YLR106C,YMR023C,0,1.9174736,0.24160346388816833,0.571794867515564,0.1794871836900711
YPL096C-A,YHR160C,0,1.9173565,0.24147266149520874,0.571794867515564,0.17961537837982178
YJL219W,YJL221C,0,1.9168916,0.2413419932126999,0.571794867515564,0.17974358797073364
YOR381W,YBL090W,0,1.9163461,0.24121145904064178,0.571794867515564,0.1798717975616455
YIL109C,YHL036W,0,1.9156485,0.24108107388019562,0.571794867515564,0.18000000715255737
YLR266C,YOL002C,0,1.915586,0.2409508377313614,0.571794867515564,0.18012820184230804
YMR316W,YMR221C,0,1.914285,0.2408207356929779,0.571794867515564,0.1802564114332199
YEL061C,YDR166C,0,1.9142377,0.24069076776504517,0.571794867515564,0.18038462102413177
YGR223C,YJR160C,0,1.913739,0.24056094884872437,0.571794867515564,0.18051281571388245
YPR186C,YDL109C,0,1.9132655,0.2404312640428543,0.571794867515564,0.1806410253047943
YLR090W,YOR315W,0,1.9129162,0.2403017282485962,0.571794867515564,0.18076923489570618
YKL195W,YLR176C,0,1.912873,0.24017232656478882,0.571794867515564,0.18089742958545685
YGL136C,YLR010C,0,1.912219,0.2400430589914322,0.571794867515564,0.1810256391763687
YBR205W,YNL322C,0,1.9120109,0.2399139255285263,0.571794867515564,0.18115384876728058
YOR391C,YMR023C,0,1.9094794,0.23978494107723236,0.571794867515564,0.18128205835819244
YNL039W,YMR224C,0,1.9086876,0.23965610563755035,0.571794867515564,0.18141025304794312
YPL106C,YDR018C,0,1.9074402,0.2395273894071579,0.571794867515564,0.18153846263885498
YPL174C,YJL056C,0,1.9055026,0.23939882218837738,0.571794867515564,0.18166667222976685
YBL106C,YGR286C,0,1.9043167,0.2392703890800476,0.571794867515564,0.18179486691951752
YDL008W,YDL112W,0,1.9037473,0.23914209008216858,0.571794867515564,0.18192307651042938
YML085C,YMR122W-A,0,1.9034009,0.2390139400959015,0.571794867515564,0.18205128610134125
YDL099W,YOL103W,0,1.9021497,0.23888590931892395,0.571794867515564,0.18217948079109192
YLR373C,YLR364W,0,1.9017107,0.23875802755355835,0.571794867515564,0.18230769038200378
YDR022C,YLR286C,0,1.9014003,0.2386302798986435,0.571794867515564,0.18243589997291565
YOL100W,YNR070W,0,1.901037,0.23850266635417938,0.571794867515564,0.18256410956382751
YDR503C,YJL108C,0,1.900459,0.2383752018213272,0.571794867515564,0.18269230425357819
YAL013W,YFL037W,0,1.9002206,0.2382478564977646,0.571794867515564,0.18282051384449005
YML027W,YBR087W,1,1.8984826,0.23865456879138947,0.5730769038200378,0.18282051384449005
YJL219W,YJL108C,0,1.8981743,0.23852720856666565,0.5730769038200378,0.18294872343540192
YGL251C,YKL017C,1,1.8976033,0.23893333971500397,0.5743589997291565,0.18294872343540192
YLR396C,YIR012W,0,1.8971941,0.23880596458911896,0.5743589997291565,0.1830769181251526
YDR013W,YGL251C,1,1.896761,0.23921151459217072,0.5756410360336304,0.1830769181251526
YHR089C,YBL021C,0,1.8966019,0.2390841394662857,0.5756410360336304,0.18320512771606445
YJR022W,YIL136W,0,1.8953097,0.23895689845085144,0.5756410360336304,0.18333333730697632
YKR062W,YHR101C,0,1.8952692,0.23882979154586792,0.5756410360336304,0.183461531996727
YOL092W,YLR014C,0,1.8950665,0.23870281875133514,0.5756410360336304,0.18358974158763885
YIR002C,YDL067C,0,1.8938076,0.2385759800672531,0.5756410360336304,0.18371795117855072
YNR040W,YKL024C,0,1.8936417,0.23844929039478302,0.5756410360336304,0.18384616076946259
YMR043W,YBR087W,1,1.8932393,0.23885349929332733,0.5769230723381042,0.18384616076946259
YMR307W,YDR126W,0,1.8928196,0.23872679471969604,0.5769230723381042,0.18397435545921326
YNR011C,YLR099C,0,1.8926983,0.2386002093553543,0.5769230723381042,0.18410256505012512
YDL141W,YBL021C,0,1.8920562,0.2384737730026245,0.5769230723381042,0.184230774641037
YGR104C,YOR036W,0,1.8914728,0.23834745585918427,0.5769230723381042,0.18435896933078766
YPR108W,YKL024C,0,1.891345,0.23822128772735596,0.5769230723381042,0.18448717892169952
YGL137W,YGR220C,0,1.8912919,0.2380952388048172,0.5769230723381042,0.1846153885126114
YLR170C,YDL127W,0,1.8911917,0.2379693239927292,0.5769230723381042,0.18474358320236206
YKL179C,YOL157C,0,1.889041,0.2378435581922531,0.5769230723381042,0.18487179279327393
YBR213W,YGL106W,0,1.888788,0.2377179116010666,0.5769230723381042,0.1850000023841858
YDR495C,YKL059C,0,1.8881755,0.2375923991203308,0.5769230723381042,0.18512821197509766
YJR015W,YOR014W,0,1.8871796,0.23746702075004578,0.5769230723381042,0.18525640666484833
YLR427W,YPL090C,0,1.8865578,0.2373417764902115,0.5769230723381042,0.1853846162557602
YDL115C,YBR283C,0,1.8856897,0.23721665143966675,0.5769230723381042,0.18551282584667206
YPL106C,YHR184W,0,1.8852961,0.23709167540073395,0.5769230723381042,0.18564102053642273
YMR223W,YLR221C,0,1.8847382,0.2369668185710907,0.5769230723381042,0.1857692301273346
YPL271W,YJL121C,0,1.8846431,0.2368421107530594,0.5769230723381042,0.18589743971824646
YBR291C,YPL160W,0,1.8840125,0.23671752214431763,0.5769230723381042,0.18602563440799713
YML027W,YOR346W,1,1.883982,0.23711882531642914,0.5782051086425781,0.18602563440799713
YOR389W,YER164W,0,1.883672,0.23699422180652618,0.5782051086425781,0.186153843998909
YLR015W,YKL158W,0,1.8829596,0.23686975240707397,0.5782051086425781,0.18628205358982086
YLR192C,YOR143C,0,1.8827925,0.23674540221691132,0.5782051086425781,0.18641026318073273
YDR101C,YML088W,0,1.8812132,0.2366212010383606,0.5782051086425781,0.1865384578704834
YMR026C,YGR075C,0,1.8808329,0.23649711906909943,0.5782051086425781,0.18666666746139526
YDR315C,YLR419W,0,1.8804967,0.236373171210289,0.5782051086425781,0.18679487705230713
YLR015W,YDR393W,0,1.8793483,0.23624934256076813,0.5782051086425781,0.1869230717420578
YHR167W,YGL084C,0,1.8793287,0.236125648021698,0.5782051086425781,0.18705128133296967
YDR511W,YNL129W,0,1.8790748,0.2360020875930786,0.5782051086425781,0.18717949092388153
YMR201C,YGR286C,0,1.8787861,0.23587866127490997,0.5782051086425781,0.1873076856136322
YIL109C,YGL211W,0,1.8771093,0.23575535416603088,0.5782051086425781,0.18743589520454407
YOR381W,YIL115C,0,1.8767374,0.23563218116760254,0.5782051086425781,0.18756410479545593
YFR005C,YER161C,0,1.8765771,0.23550914227962494,0.5782051086425781,0.1876923143863678
YDR466W,YDL141W,0,1.8747132,0.2353862226009369,0.5782051086425781,0.18782050907611847
YHR117W,YML048W,0,1.8743658,0.23526343703269958,0.5782051086425781,0.18794871866703033
YLR008C,YNR040W,0,1.8739007,0.23514077067375183,0.5782051086425781,0.1880769282579422
YOR143C,YHR186C,0,1.8734412,0.23501823842525482,0.5782051086425781,0.18820512294769287
YDR022C,YMR022W,0,1.8728344,0.23489584028720856,0.5782051086425781,0.18833333253860474
YHR167W,YDR326C,0,1.8712578,0.23477356135845184,0.5782051086425781,0.1884615421295166
YKR037C,YFL039C,0,1.870852,0.23465140163898468,0.5782051086425781,0.18858973681926727
YDL056W,YDR054C,1,1.8705745,0.23504939675331116,0.5794872045516968,0.18858973681926727
YDR011W,YNL217W,0,1.8697426,0.234927237033844,0.5794872045516968,0.18871794641017914
YJL156C,YBR040W,0,1.8694036,0.23480519652366638,0.5794872045516968,0.188846156001091
YPL144W,YCR054C,0,1.868581,0.23468327522277832,0.5794872045516968,0.18897436559200287
YOR037W,YHR184W,0,1.8679602,0.234561488032341,0.5794872045516968,0.18910256028175354
YLR192C,YDR390C,0,1.8676722,0.23443983495235443,0.5794872045516968,0.1892307698726654
YAL023C,YER164W,0,1.8671064,0.2343183010816574,0.5794872045516968,0.18935897946357727
YIL027C,YFR007W,0,1.8668716,0.23419688642024994,0.5794872045516968,0.18948717415332794
YJL046W,YML087C,0,1.8665686,0.2340756058692932,0.5794872045516968,0.1896153837442398
YHL019C,YDR421W,0,1.8660524,0.23395444452762604,0.5794872045516968,0.18974359333515167
YLR385C,YLR121C,0,1.8659403,0.2338334172964096,0.5794872045516968,0.18987178802490234
YMR043W,YAL021C,1,1.8656247,0.23422957956790924,0.5807692408561707,0.18987178802490234
YNR070W,YKL164C,0,1.8654273,0.23410852253437042,0.5807692408561707,0.1899999976158142
YGL211W,YDR400W,0,1.8651772,0.23398759961128235,0.5807692408561707,0.19012820720672607
YOL156W,YOL140W,0,1.8650646,0.23386681079864502,0.5807692408561707,0.19025641679763794
YPL231W,YER088C,0,1.8648589,0.23374612629413605,0.5807692408561707,0.1903846114873886
YOR057W,YOL149W,0,1.864109,0.23362557590007782,0.5807692408561707,0.19051282107830048
YCR020C,YMR026C,0,1.8640251,0.23350515961647034,0.5807692408561707,0.19064103066921234
YPL031C,YOL123W,0,1.8635943,0.2333848476409912,0.5807692408561707,0.190769225358963
YNL001W,YOL105C,0,1.8631065,0.23326466977596283,0.5807692408561707,0.19089743494987488
YNL218W,YLR154C,1,1.862663,0.2336592823266983,0.5820512771606445,0.19089743494987488
YGR029W,YBR123C,0,1.8624055,0.23353908956050873,0.5820512771606445,0.19102564454078674
YBR024W,YKR104W,0,1.8619778,0.2334190160036087,0.5820512771606445,0.19115383923053741
YOR346W,YDR054C,1,1.8613613,0.23381294310092926,0.5833333134651184,0.19115383923053741
YHR207C,YLR430W,0,1.861172,0.23369285464286804,0.5833333134651184,0.19128204882144928
YHL024W,YAR007C,1,1.8610201,0.23408624529838562,0.5846154093742371,0.19128204882144928
YIL084C,YNL212W,0,1.8608332,0.2339661419391632,0.5846154093742371,0.19141025841236115
YLR396C,YOR069W,0,1.8608112,0.23384615778923035,0.5846154093742371,0.191538468003273
YDR224C,YIL115C,0,1.8607745,0.23372629284858704,0.5846154093742371,0.19166666269302368
YGR026W,YPL194W,0,1.8605981,0.23360656201839447,0.5846154093742371,0.19179487228393555
YHR067W,YDR318W,0,1.859972,0.23348695039749146,0.5846154093742371,0.1919230818748474
YDR054C,YBL023C,1,1.85954,0.2338792234659195,0.5858974456787109,0.1919230818748474
YJL073W,YPR019W,1,1.8595383,0.2342710942029953,0.5871794819831848,0.1919230818748474
YOR257W,YAL043C,0,1.8588047,0.23415133357048035,0.5871794819831848,0.19205127656459808
YDR242W,YGR037C,0,1.8587174,0.23403167724609375,0.5871794819831848,0.19217948615550995
YDL069C,YGR295C,0,1.8586359,0.2339121550321579,0.5871794819831848,0.19230769574642181
YGR006W,YDR047W,0,1.858609,0.2337927520275116,0.5871794819831848,0.19243589043617249
YMR088C,YOR174W,0,1.8586054,0.23367346823215485,0.5871794819831848,0.19256410002708435
YHR027C,YHL036W,0,1.8585751,0.23355430364608765,0.5871794819831848,0.19269230961799622
YGR101W,YOR221C,0,1.8582165,0.2334352731704712,0.5871794819831848,0.19282051920890808
YNL242W,YDR478W,0,1.8579602,0.2333163470029831,0.5871794819831848,0.19294871389865875
YGL168W,YDR501W,1,1.8579531,0.23370672762393951,0.5884615182876587,0.19294871389865875
YDR465C,YCL063W,0,1.857847,0.23358778655529022,0.5884615182876587,0.19307692348957062
YJL129C,YML124C,0,1.8573661,0.23346897959709167,0.5884615182876587,0.19320513308048248
YIL090W,YBL021C,0,1.8567922,0.23335027694702148,0.5884615182876587,0.19333332777023315
YDL120W,YLR139C,0,1.8559949,0.23323170840740204,0.5884615182876587,0.19346153736114502
YOR346W,YDL017W,1,1.8559275,0.23362112045288086,0.5897436141967773,0.19346153736114502
YLR238W,YJL133W,0,1.8559265,0.23350253701210022,0.5897436141967773,0.19358974695205688
YHR101C,YJL025W,0,1.8558855,0.23338407278060913,0.5897436141967773,0.19371794164180756
YBR001C,YIL101C,0,1.8551366,0.2332657128572464,0.5897436141967773,0.19384615123271942
YGL223C,YMR128W,0,1.854703,0.2331474870443344,0.5897436141967773,0.1939743608236313
YML060W,YOR233W,0,1.8545511,0.23302938044071198,0.5897436141967773,0.19410257041454315
YIR017C,YLR430W,0,1.8544009,0.2329113930463791,0.5897436141967773,0.19423076510429382
YEL064C,YPL174C,0,1.853843,0.23279352486133575,0.5897436141967773,0.1943589746952057
YBR012W-A,YKL021C,0,1.8537729,0.23267577588558197,0.5897436141967773,0.19448718428611755
YGL155W,YMR311C,0,1.8531241,0.23255814611911774,0.5897436141967773,0.19461537897586823
YHR153C,YNL268W,0,1.852598,0.23244062066078186,0.5897436141967773,0.1947435885667801
YOL018C,YIL112W,0,1.852397,0.23232322931289673,0.5897436141967773,0.19487179815769196
YDL019C,YGR295C,0,1.851407,0.23220595717430115,0.5897436141967773,0.19499999284744263
YDL101C,YAR007C,1,1.8511939,0.2325933426618576,0.5910256505012512,0.19499999284744263
YHR101C,YIL112W,0,1.8508728,0.23247604072093964,0.5910256505012512,0.1951282024383545
YOR269W,YOL056W,0,1.8506854,0.2323588728904724,0.5910256505012512,0.19525641202926636
YHR116W,YDR315C,0,1.8503532,0.23224180936813354,0.5910256505012512,0.19538462162017822
YML034W,YKL195W,0,1.8502121,0.23212487995624542,0.5910256505012512,0.1955128163099289
YNL210W,YFR008W,0,1.8500555,0.23200805485248566,0.5910256505012512,0.19564102590084076
YLR097C,YDR362C,0,1.8499701,0.23189134895801544,0.5910256505012512,0.19576923549175262
YHR067W,YMR221C,0,1.8496408,0.23177476227283478,0.5910256505012512,0.1958974301815033
YLR371W,YLR433C,0,1.8486373,0.23165829479694366,0.5910256505012512,0.19602563977241516
YDR166C,YMR071C,0,1.8486135,0.2315419316291809,0.5910256505012512,0.19615384936332703
YKR062W,YPL096C-A,0,1.848325,0.2314257025718689,0.5910256505012512,0.1962820440530777
YDR501W,YOR217W,1,1.8482225,0.23181134462356567,0.5923076868057251,0.1962820440530777
YJL158C,YER184C,0,1.8473723,0.23169508576393127,0.5923076868057251,0.19641025364398956
YGR008C,YGR035C,0,1.8470273,0.23157894611358643,0.5923076868057251,0.19653846323490143
YPR132W,YBR123C,0,1.8442607,0.23146292567253113,0.5923076868057251,0.1966666728258133
YPR041W,YLR357W,0,1.8439021,0.23134702444076538,0.5923076868057251,0.19679486751556396
YLR373C,YER020W,0,1.8438413,0.231231227517128,0.5923076868057251,0.19692307710647583
YAL013W,YMR163C,0,1.8436337,0.23111556470394135,0.5923076868057251,0.1970512866973877
YGR026W,YMR098C,0,1.8429117,0.23100000619888306,0.5923076868057251,0.19717948138713837
YAL020C,YGL178W,0,1.8426416,0.23088455200195312,0.5923076868057251,0.19730769097805023
YDR265W,YAL034W-A,0,1.8418036,0.23076923191547394,0.5923076868057251,0.1974359005689621
YIL150C,YDR014W,1,1.8417113,0.23115326464176178,0.593589723110199,0.1974359005689621
YHR105W,YER147C,0,1.8412836,0.2310379296541214,0.593589723110199,0.19756409525871277
YCL061C,YDR069C,1,1.8411694,0.23142144083976746,0.5948718190193176,0.19756409525871277
YKL100C,YDL085W,0,1.8397315,0.2313060760498047,0.5948718190193176,0.19769230484962463
YOL156W,YDR368W,0,1.8392203,0.23119083046913147,0.5948718190193176,0.1978205144405365
YPL048W,YER106W,0,1.8388865,0.2310757040977478,0.5948718190193176,0.19794872403144836
YNL322C,YMR086W,0,1.8387887,0.2309606820344925,0.5948718190193176,0.19807691872119904
YIL027C,YNL012W,0,1.8376498,0.23084576427936554,0.5948718190193176,0.1982051283121109
YBL103C,YDR050C,0,1.8371918,0.23073098063468933,0.5948718190193176,0.19833333790302277
YBR213W,YDR368W,0,1.8359365,0.23061630129814148,0.5948718190193176,0.19846153259277344
YNL306W,YDR486C,0,1.8353057,0.23050174117088318,0.5948718190193176,0.1985897421836853
YOR167C,YER114C,0,1.8349137,0.23038728535175323,0.5948718190193176,0.19871795177459717
YHR031C,YDL017W,1,1.8348534,0.23076923191547394,0.5961538553237915,0.19871795177459717
YPL121C,YKL021C,0,1.8345096,0.2306547611951828,0.5961538553237915,0.19884614646434784
YER068W,YER140W,0,1.8317392,0.2305404096841812,0.5961538553237915,0.1989743560552597
YLL013C,YDR118W,0,1.8315759,0.23042616248130798,0.5961538553237915,0.19910256564617157
YFL004W,YER114C,0,1.8310709,0.2303120344877243,0.5961538553237915,0.19923077523708344
YDR121W,YJL090C,1,1.8307221,0.23069307208061218,0.5974358916282654,0.19923077523708344
YBR055C,YHR117W,0,1.8298099,0.23057891428470612,0.5974358916282654,0.1993589699268341
YGL120C,YPR122W,0,1.8297985,0.2304648905992508,0.5974358916282654,0.19948717951774597
YFL047W,YPR168W,0,1.829757,0.23035097122192383,0.5974358916282654,0.19961538910865784
YNL185C,YER012W,0,1.829602,0.23023715615272522,0.5974358916282654,0.1997435837984085
YDR086C,YDL115C,0,1.8286593,0.23012346029281616,0.5974358916282654,0.19987179338932037
YER120W,YGR002C,0,1.8285708,0.23000986874103546,0.5974358916282654,0.20000000298023224
YHR101C,YJR045C,0,1.827831,0.2298963963985443,0.5974358916282654,0.2001282125711441
YIL039W,YNR022C,0,1.8265047,0.2297830432653427,0.5974358916282654,0.20025640726089478
YKL011C,YFR037C,0,1.825527,0.22966979444026947,0.5974358916282654,0.20038461685180664
YKL218C,YLR318W,0,1.8251603,0.22955664992332458,0.5974358916282654,0.2005128264427185
YPL194W,YCL057C-A,0,1.823725,0.22944362461566925,0.5974358916282654,0.20064102113246918
YLR098C,YJL097W,0,1.8237143,0.22933070361614227,0.5974358916282654,0.20076923072338104
YIL004C,YOL071W,0,1.823581,0.22921790182590485,0.5974358916282654,0.2008974403142929
YOL003C,YDR247W,0,1.8233614,0.22910520434379578,0.5974358916282654,0.20102563500404358
YLR459W,YPL202C,0,1.8223767,0.22899262607097626,0.5974358916282654,0.20115384459495544
YKR090W,YBR264C,0,1.8218966,0.2288801521062851,0.5974358916282654,0.2012820541858673
YJR104C,YPL231W,0,1.8211038,0.22876779735088348,0.5974358916282654,0.20141026377677917
YDR069C,YBL023C,1,1.8211007,0.22914622724056244,0.5987179279327393,0.20141026377677917
YMR204C,YCR054C,0,1.8209312,0.22903384268283844,0.5987179279327393,0.20153845846652985
YGL173C,YMR165C,0,1.8207057,0.2289215624332428,0.5987179279327393,0.2016666680574417
YLR283W,YML043C,0,1.8204558,0.2288094013929367,0.5987179279327393,0.20179487764835358
YHR031C,YDR279W,1,1.8200371,0.22918707132339478,0.6000000238418579,0.20179487764835358
YJR068W,YOR217W,1,1.819773,0.229564368724823,0.6012820601463318,0.20179487764835358
YDR101C,YOR211C,0,1.8190839,0.22945205867290497,0.6012820601463318,0.20192307233810425
YLR266C,YBR040W,0,1.8185849,0.2293398529291153,0.6012820601463318,0.2020512819290161
YDR448W,YDR524C,0,1.8183568,0.22922776639461517,0.6012820601463318,0.20217949151992798
YPL022W,YGR063C,0,1.8182244,0.2291157841682434,0.6012820601463318,0.20230768620967865
YDR126W,YPL231W,0,1.8168564,0.22900390625,0.6012820601463318,0.20243589580059052
YBR176W,YDR318W,0,1.8168194,0.22889214754104614,0.6012820601463318,0.20256410539150238
YDR003W,YLL022C,0,1.8168023,0.22878049314022064,0.6012820601463318,0.20269231498241425
YBR012W-A,YOR211C,0,1.8156741,0.2286689430475235,0.6012820601463318,0.20282050967216492
YER140W,YML095C,0,1.815623,0.2285575121641159,0.6012820601463318,0.20294871926307678
YDL033C,YBR058C,0,1.8149276,0.22844617068767548,0.6012820601463318,0.20307692885398865
YDR052C,YJL090C,1,1.8131139,0.22882181406021118,0.6025640964508057,0.20307692885398865
YGL035C,YNR070W,0,1.813091,0.22871045768260956,0.6025640964508057,0.20320512354373932
YML027W,YER070W,1,1.812577,0.22908560931682587,0.6038461327552795,0.20320512354373932
YOR174W,YOL056W,0,1.812453,0.22897423803806305,0.6038461327552795,0.20333333313465118
YPL269W,YJL106W,0,1.8119526,0.2288629710674286,0.6038461327552795,0.20346154272556305
YDR466W,YLR098C,0,1.8114822,0.22875182330608368,0.6038461327552795,0.20358973741531372
YHL019C,YDR487C,0,1.8110955,0.22864077985286713,0.6038461327552795,0.20371794700622559
YMR042W,YDR088C,0,1.8107214,0.22852984070777893,0.6038461327552795,0.20384615659713745
YOR037W,YCR009C,0,1.8106217,0.2284190058708191,0.6038461327552795,0.20397436618804932
YDR342C,YIL124W,0,1.8098485,0.2283082902431488,0.6038461327552795,0.2041025608778
YDR253C,YOR211C,0,1.8093495,0.22819767892360687,0.6038461327552795,0.20423077046871185
YDR313C,YPR054W,0,1.8090751,0.2280871719121933,0.6038461327552795,0.20435898005962372
YER083C,YJL153C,0,1.8088126,0.22797676920890808,0.6038461327552795,0.2044871747493744
YMR289W,YDR055W,0,1.8085208,0.22786647081375122,0.6038461327552795,0.20461538434028625
YNL218W,YDL056W,1,1.8084567,0.22823984920978546,0.6051282286643982,0.20461538434028625
YKR090W,YNR047W,0,1.8082087,0.2281295359134674,0.6051282286643982,0.20474359393119812
YNL213C,YMR152W,0,1.8073592,0.2280193269252777,0.6051282286643982,0.2048717886209488
YBR237W,YLR306W,0,1.8072703,0.22790922224521637,0.6051282286643982,0.20499999821186066
YIL145C,YML037C,0,1.8071952,0.2277992218732834,0.6051282286643982,0.20512820780277252
YDR356W,YMR217W,0,1.806454,0.22768934071063995,0.6051282286643982,0.2052564173936844
YGL035C,YEL061C,0,1.8064497,0.22757956385612488,0.6051282286643982,0.20538461208343506
YCL027W,YOL109W,0,1.8064306,0.22746987640857697,0.6051282286643982,0.20551282167434692
YGR223C,YPL204W,0,1.805532,0.2273603081703186,0.6051282286643982,0.2056410312652588
YBR055C,YPL096C-A,0,1.8054984,0.2272508442401886,0.6051282286643982,0.20576922595500946
YER029C,YBL069W,0,1.8051784,0.22714148461818695,0.6051282286643982,0.20589743554592133
YBR160W,YGL251C,1,1.804395,0.22751322388648987,0.6064102649688721,0.20589743554592133
YOR356W,YLL011W,0,1.8041947,0.22740384936332703,0.6064102649688721,0.2060256451368332
YPR132W,YML085C,0,1.8041193,0.22729456424713135,0.6064102649688721,0.20615383982658386
YLR040C,YBR105C,0,1.8033612,0.22718539834022522,0.6064102649688721,0.20628204941749573
YMR100W,YJL008C,0,1.8013003,0.22707633674144745,0.6064102649688721,0.2064102590084076
YBR087W,YLR154C,1,1.799556,0.22744721174240112,0.607692301273346,0.2064102590084076
YBR240C,YMR316W,0,1.7995207,0.22733813524246216,0.607692301273346,0.20653846859931946
YNL210W,YPR031W,0,1.799504,0.22722914814949036,0.607692301273346,0.20666666328907013
YBR289W,YPL189C-A,0,1.7987413,0.2271202653646469,0.607692301273346,0.206794872879982
YCR010C,YPR021C,0,1.7986121,0.22701148688793182,0.607692301273346,0.20692308247089386
YKL108W,YDR054C,1,1.7985053,0.22738152742385864,0.6089743375778198,0.20692308247089386
YGL249W,YAL044C,0,1.7979145,0.22727273404598236,0.6089743375778198,0.20705127716064453
YOR067C,YLR403W,0,1.7978005,0.22716403007507324,0.6089743375778198,0.2071794867515564
YDR288W,YCL031C,0,1.7974663,0.22705544531345367,0.6089743375778198,0.20730769634246826
YGL229C,YCL066W,0,1.7958746,0.22694696485996246,0.6089743375778198,0.20743589103221893
YOR391C,YGR002C,0,1.7956698,0.2268385887145996,0.6089743375778198,0.2075641006231308
YMR139W,YOR044W,0,1.7955163,0.2267303168773651,0.6089743375778198,0.20769231021404266
YIL172C,YDL146W,0,1.7951057,0.22662213444709778,0.6089743375778198,0.20782051980495453
YBR237W,YNR011C,0,1.7941914,0.22651407122612,0.6089743375778198,0.2079487144947052
YLL013C,YPR054W,0,1.7940323,0.22640609741210938,0.6089743375778198,0.20807692408561707
YMR235C,YDR103W,0,1.7939436,0.2262982428073883,0.6089743375778198,0.20820513367652893
YDL056W,YDL017W,1,1.7935135,0.2266666740179062,0.6102564334869385,0.20820513367652893
YGR009C,YHR129C,0,1.7928617,0.22655877470970154,0.6102564334869385,0.2083333283662796
YMR235C,YER095W,0,1.7918098,0.22645099461078644,0.6102564334869385,0.20846153795719147
YPR005C,YCR053W,0,1.7913604,0.2263433188199997,0.6102564334869385,0.20858974754810333
YMR314W,YGR286C,0,1.7911975,0.2262357473373413,0.6102564334869385,0.208717942237854
YAL021C,YBR160W,1,1.790806,0.22660332918167114,0.6115384697914124,0.208717942237854
YLR385C,YEL021W,0,1.7899647,0.22649572789669037,0.6115384697914124,0.20884615182876587
YCL063W,YGR218W,0,1.7899578,0.22638823091983795,0.6115384697914124,0.20897436141967773
YDR117C,YBR245C,0,1.7898443,0.2262808382511139,0.6115384697914124,0.2091025710105896
YKL179C,YDR362C,0,1.7895677,0.226173534989357,0.6115384697914124,0.20923076570034027
YPL022W,YDR524C,0,1.7888095,0.22606635093688965,0.6115384697914124,0.20935897529125214
YBR036C,YGR286C,0,1.7883055,0.22595925629138947,0.6115384697914124,0.209487184882164
YLR170C,YDR322W,0,1.7881393,0.22585226595401764,0.6115384697914124,0.20961537957191467
YER114C,YHR184W,0,1.7868817,0.22574537992477417,0.6115384697914124,0.20974358916282654
YEL016C,YKL059C,0,1.7864931,0.22563859820365906,0.6115384697914124,0.2098717987537384
YJL046W,YJR121W,0,1.7857318,0.2255319207906723,0.6115384697914124,0.20999999344348907
YBL060W,YDR032C,0,1.7852571,0.2254253327846527,0.6115384697914124,0.21012820303440094
YDR495C,YOR070C,0,1.7852032,0.22531884908676147,0.6115384697914124,0.2102564126253128
YMR306W,YHR171W,0,1.7849557,0.2252124696969986,0.6115384697914124,0.21038462221622467
YLR096W,YLR419W,0,1.7847555,0.22510617971420288,0.6115384697914124,0.21051281690597534
YFL029C,YJL156C,0,1.7846153,0.22499999403953552,0.6115384697914124,0.2106410264968872
YHL040C,YDR158W,0,1.7836206,0.22489391267299652,0.6115384697914124,0.21076923608779907
YDR060W,YJL062W,0,1.7833385,0.22478793561458588,0.6115384697914124,0.21089743077754974
YOR373W,YDL080C,0,1.7831719,0.2246820479631424,0.6115384697914124,0.2110256403684616
YDL141W,YHL019C,0,1.7825825,0.22457626461982727,0.6115384697914124,0.21115384995937347
YLR045C,YCR075C,0,1.782491,0.2244705855846405,0.6115384697914124,0.21128204464912415
YOR269W,YPL214C,0,1.7823651,0.2243650108575821,0.6115384697914124,0.211410254240036
YNL158W,YNR016C,0,1.7821937,0.22425952553749084,0.6115384697914124,0.21153846383094788
YIL009C-A,YMR012W,0,1.7819052,0.22415412962436676,0.6115384697914124,0.21166667342185974
YMR016C,YCR004C,0,1.781723,0.22404885292053223,0.6115384697914124,0.2117948681116104
YDR219C,YCL075W,0,1.7816193,0.22394366562366486,0.6115384697914124,0.21192307770252228
YDR379W,YPR036W,0,1.7814536,0.22383856773376465,0.6115384697914124,0.21205128729343414
YML125C,YJL109C,0,1.7813742,0.223733589053154,0.6115384697914124,0.21217948198318481
YCL075W,YJL109C,0,1.7811787,0.2236286848783493,0.6115384697914124,0.21230769157409668
YDL069C,YOR046C,0,1.7807615,0.22352389991283417,0.6115384697914124,0.21243590116500854
YDR117C,YFR008W,0,1.7788723,0.2234192043542862,0.6115384697914124,0.21256409585475922
YJR068W,YKL017C,1,1.7784264,0.22378277778625488,0.6128205060958862,0.21256409585475922
YAL021C,YJR068W,1,1.778281,0.22414599359035492,0.6141025424003601,0.21256409585475922
YGL211W,YKR037C,0,1.7777984,0.2240411639213562,0.6141025424003601,0.21269230544567108
YNL218W,YJR068W,1,1.7777488,0.22440393269062042,0.6153846383094788,0.21269230544567108
YNL207W,YNL339C,0,1.7775257,0.22429905831813812,0.6153846383094788,0.21282051503658295
YOR356W,YMR012W,0,1.7773001,0.22419430315494537,0.6153846383094788,0.2129487246274948
YBR166C,YNL012W,0,1.77719,0.2240896373987198,0.6153846383094788,0.21307691931724548
YFL047W,YLR371W,0,1.7769775,0.22398506104946136,0.6153846383094788,0.21320512890815735
YDR531W,YDR326C,0,1.7761183,0.2238806039094925,0.6153846383094788,0.2133333384990692
YBR087W,YPR019W,1,1.7754819,0.2242424190044403,0.6166666746139526,0.2133333384990692
YIL072W,YGR076C,0,1.7747929,0.22413793206214905,0.6166666746139526,0.21346153318881989
YAL013W,YHR086W,0,1.77444,0.22403353452682495,0.6166666746139526,0.21358974277973175
YER161C,YJL056C,0,1.774168,0.2239292412996292,0.6166666746139526,0.21371795237064362
YDR418W,YMR204C,0,1.7738905,0.22382503747940063,0.6166666746139526,0.2138461470603943
YGL040C,YPR054W,0,1.7729542,0.22372092306613922,0.6166666746139526,0.21397435665130615
YLR074C,YLR433C,0,1.7727754,0.22361692786216736,0.6166666746139526,0.21410256624221802
YKL034W,YGR071C,0,1.7726488,0.22351300716400146,0.6166666746139526,0.21423077583312988
YDR121W,YGL251C,1,1.7718942,0.22387365996837616,0.6179487109184265,0.21423077583312988
YER007W,YOR322C,0,1.7716889,0.22376972436904907,0.6179487109184265,0.21435897052288055
YGR274C,YGR035C,0,1.771632,0.22366589307785034,0.6179487109184265,0.21448718011379242
YNL001W,YER140W,0,1.7712371,0.22356215119361877,0.6179487109184265,0.21461538970470428
YDR315C,YMR026C,0,1.770716,0.22345851361751556,0.6179487109184265,0.21474358439445496
YMR233W,YJL133W,0,1.7703054,0.22335496544837952,0.6179487109184265,0.21487179398536682
YKL154W,YMR128W,0,1.7698123,0.22325150668621063,0.6179487109184265,0.2150000035762787
YNR020C,YGL095C,0,1.769623,0.2231481522321701,0.6179487109184265,0.21512819826602936
YGR035C,YMR312W,0,1.7686963,0.22304488718509674,0.6179487109184265,0.21525640785694122
YMR086W,YKL042W,0,1.7676413,0.22294172644615173,0.6179487109184265,0.2153846174478531
YIL112W,YER106W,0,1.766954,0.2228386551141739,0.6179487109184265,0.21551282703876495
YKL088W,YOR337W,0,1.76654,0.2227356731891632,0.6179487109184265,0.21564102172851562
YKR030W,YCR037C,0,1.7661278,0.22263279557228088,0.6179487109184265,0.2157692313194275
YPR019W,YPL153C,1,1.7655554,0.2229916900396347,0.6192307472229004,0.2157692313194275
YMR184W,YLR078C,0,1.7643087,0.22288878262043,0.6192307472229004,0.21589744091033936
YBR160W,YJL073W,1,1.764247,0.223247230052948,0.620512843132019,0.21589744091033936
YGL213C,YPL269W,0,1.7636249,0.2231443077325821,0.620512843132019,0.21602563560009003
YOL067C,YJL044C,0,1.7630394,0.22304147481918335,0.620512843132019,0.2161538451910019
YOR389W,YML060W,0,1.7629921,0.22293873131275177,0.620512843132019,0.21628205478191376
YML054C,YJR160C,0,1.7624631,0.22283609211444855,0.620512843132019,0.21641024947166443
YER111C,YPL172C,0,1.7618997,0.2227335423231125,0.620512843132019,0.2165384590625763
YGR241C,YMR026C,0,1.7615321,0.22263109683990479,0.620512843132019,0.21666666865348816
YIR037W,YDR393W,0,1.7607093,0.22252874076366425,0.620512843132019,0.21679487824440002
YNL146W,YPR042C,0,1.7605085,0.22242647409439087,0.620512843132019,0.2169230729341507
YDR011W,YEL015W,0,1.7587178,0.22232429683208466,0.620512843132019,0.21705128252506256
YOL138C,YMR004W,0,1.7585146,0.2222222238779068,0.620512843132019,0.21717949211597443
YPR048W,YGL106W,0,1.7580194,0.2221202403306961,0.620512843132019,0.2173076868057251
YDR418W,YPR042C,0,1.7579145,0.22201834619045258,0.620512843132019,0.21743589639663696
YDR242W,YAL012W,0,1.7576013,0.2219165563583374,0.620512843132019,0.21756410598754883
YIL109C,YLR371W,0,1.7575009,0.2218148559331894,0.620512843132019,0.2176923006772995
YKR061W,YDR238C,0,1.7574825,0.22171324491500854,0.620512843132019,0.21782051026821136
YGL136C,YDR510W,0,1.7571933,0.22161172330379486,0.620512843132019,0.21794871985912323
YCR081W,YOR043W,0,1.7566252,0.22151029109954834,0.620512843132019,0.2180769294500351
YGL120C,YKR105C,0,1.7565038,0.22140896320343018,0.620512843132019,0.21820512413978577
YPL031C,YLR099C,0,1.7564876,0.22130772471427917,0.620512843132019,0.21833333373069763
YEL064C,YPR016C,0,1.7561948,0.22120657563209534,0.620512843132019,0.2184615433216095
YDR448W,YPL155C,0,1.7560883,0.22110553085803986,0.620512843132019,0.21858973801136017
YOR047C,YDR126W,0,1.7560425,0.22100456058979034,0.620512843132019,0.21871794760227203
YJL165C,YJR160C,0,1.7556589,0.2209036946296692,0.620512843132019,0.2188461571931839
YGR063C,YOL120C,0,1.7554331,0.2208029180765152,0.620512843132019,0.21897435188293457
YDL006W,YGR001C,0,1.7552974,0.22070223093032837,0.620512843132019,0.21910256147384644
YLR035C-A,YNR050C,0,1.7548637,0.2206016480922699,0.620512843132019,0.2192307710647583
YJR058C,YGL095C,0,1.7546825,0.2205011397600174,0.620512843132019,0.21935898065567017
YGL168W,YAL021C,1,1.7528279,0.22085610032081604,0.6217948794364929,0.21935898065567017
YMR130W,YJR029W,0,1.7527182,0.22075557708740234,0.6217948794364929,0.21948717534542084
YNL330C,YLR430W,0,1.7507164,0.2206551432609558,0.6217948794364929,0.2196153849363327
YPR041W,YER180C,0,1.7494891,0.22055479884147644,0.6217948794364929,0.21974359452724457
YMR127C,YIR009W,0,1.747529,0.22045454382896423,0.6217948794364929,0.21987178921699524
YGR026W,YPL269W,0,1.7470865,0.2203543782234192,0.6217948794364929,0.2199999988079071
YGR009C,YNR041C,0,1.746423,0.2202543169260025,0.6217948794364929,0.22012820839881897
YDR170W-A,YLR448W,0,1.7463067,0.22015433013439178,0.6217948794364929,0.22025640308856964
YBR240C,YIL112W,0,1.7446854,0.22005444765090942,0.6217948794364929,0.2203846126794815
YHR017W,YFL039C,0,1.7445881,0.21995465457439423,0.6217948794364929,0.22051282227039337
YGL222C,YIL171W,0,1.7414598,0.219854936003685,0.6217948794364929,0.22064103186130524
YMR188C,YIL039W,0,1.7414412,0.21975532174110413,0.6217948794364929,0.2207692265510559
YMR289W,YMR026C,0,1.7414014,0.21965579688549042,0.6217948794364929,0.22089743614196777
YNL308C,YMR204C,0,1.7413948,0.21955636143684387,0.6217948794364929,0.22102564573287964
YJL062W,YER112W,0,1.7405503,0.2194570153951645,0.6217948794364929,0.2211538404226303
YHR116W,YJL041W,0,1.7399743,0.21935775876045227,0.6217948794364929,0.22128205001354218
YLR154C,YAR007C,1,1.7382288,0.21971066296100616,0.6230769157409668,0.22128205001354218
YDR520C,YMR017W,0,1.7343583,0.21961139142513275,0.6230769157409668,0.22141025960445404
YOL092W,YHR129C,0,1.7339509,0.2195121943950653,0.6230769157409668,0.2215384542942047
YOR063W,YDR478W,0,1.7328012,0.21941308677196503,0.6230769157409668,0.22166666388511658
YDL141W,YML048W,0,1.7322848,0.2193140834569931,0.6230769157409668,0.22179487347602844
YLR467W,YCL066W,0,1.7314384,0.21921515464782715,0.6230769157409668,0.2219230830669403
YCR009C,YMR086W,0,1.7313113,0.21911631524562836,0.6230769157409668,0.22205127775669098
YGL009C,YDL144C,0,1.7311599,0.21901758015155792,0.6230769157409668,0.22217948734760284
YIL039W,YGR184C,0,1.7306774,0.21891891956329346,0.6230769157409668,0.2223076969385147
YDR117C,YLR100W,0,1.7306347,0.21882034838199615,0.6230769157409668,0.22243589162826538
YML027W,YJL073W,1,1.7304716,0.2191719114780426,0.6243589520454407,0.22243589162826538
YLR100W,YJL008C,0,1.7296879,0.2190733253955841,0.6243589520454407,0.22256410121917725
YPL226W,YNL146W,0,1.7295427,0.21897481381893158,0.6243589520454407,0.2226923108100891
YOL003C,YMR208W,0,1.7288167,0.2188764065504074,0.6243589520454407,0.22282050549983978
YAL013W,YDR055W,0,1.7275519,0.2187780737876892,0.6243589520454407,0.22294871509075165
YNL218W,YBR087W,1,1.7270157,0.21912887692451477,0.6256410479545593,0.22294871509075165
YDR315C,YER082C,0,1.7259581,0.21903051435947418,0.6256410479545593,0.2230769246816635
YPR178W,YLR265C,0,1.7256594,0.21893225610256195,0.6256410479545593,0.22320513427257538
YMR282C,YKL042W,0,1.7254927,0.21883408725261688,0.6256410479545593,0.22333332896232605
YBR159W,YPL155C,0,1.7247231,0.21873599290847778,0.6256410479545593,0.22346153855323792
YDR052C,YER070W,1,1.7227514,0.21908602118492126,0.6269230842590332,0.22346153855323792
YDL069C,YDR387C,0,1.7224562,0.21898791193962097,0.6269230842590332,0.22358974814414978
YDR270W,YHR067W,0,1.7214439,0.21888987720012665,0.6269230842590332,0.22371794283390045
YLR414C,YKL116C,0,1.7214022,0.21879194676876068,0.6269230842590332,0.22384615242481232
YOL003C,YJL101C,0,1.7211378,0.21869409084320068,0.6269230842590332,0.22397436201572418
YBL030C,YLR212C,0,1.7207851,0.21859633922576904,0.6269230842590332,0.22410255670547485
YGL021W,YGR184C,0,1.7205591,0.21849866211414337,0.6269230842590332,0.22423076629638672
YCL061C,YOR217W,1,1.7188628,0.21884770691394806,0.6282051205635071,0.22423076629638672
YDL085W,YIR002C,0,1.7188478,0.21875,0.6282051205635071,0.22435897588729858
YLR214W,YOL072W,0,1.7185116,0.2186523824930191,0.6282051205635071,0.22448718547821045
YIL150C,YGL251C,1,1.718015,0.2190008908510208,0.629487156867981,0.22448718547821045
YBR123C,YFL041W,0,1.7178848,0.21890325844287872,0.629487156867981,0.22461538016796112
YPL051W,YAL043C,0,1.7171171,0.2188057005405426,0.629487156867981,0.22474358975887299
YLR312C-B,YHR031C,1,1.7169175,0.21915367245674133,0.6307692527770996,0.22474358975887299
YLR139C,YJR135W-A,0,1.7161002,0.21905609965324402,0.6307692527770996,0.22487179934978485
YAL021C,YOR217W,1,1.7157023,0.21940365433692932,0.6320512890815735,0.22487179934978485
YMR142C,YML077W,0,1.7152789,0.21930605173110962,0.6320512890815735,0.22499999403953552
YBR213W,YDR103W,0,1.7151613,0.21920853853225708,0.6320512890815735,0.2251282036304474
YER110C,YNL289W,0,1.715065,0.2191111147403717,0.6320512890815735,0.22525641322135925
YDR495C,YCR039C,0,1.7150137,0.2190137654542923,0.6320512890815735,0.22538462281227112
YGR223C,YPL048W,0,1.7148836,0.21891652047634125,0.6320512890815735,0.2255128175020218
YLL038C,YPL033C,0,1.714786,0.21881935000419617,0.6320512890815735,0.22564102709293365
YER095W,YBL074C,0,1.7146652,0.21872226893901825,0.6320512890815735,0.22576923668384552
YDL164C,YJR068W,1,1.7144499,0.2190687358379364,0.6333333253860474,0.22576923668384552
YMR233W,YOL018C,0,1.7140863,0.2189716249704361,0.6333333253860474,0.2258974313735962
YOL067C,YLR079W,0,1.7138727,0.21887461841106415,0.6333333253860474,0.22602564096450806
YCR081W,YAL044C,0,1.7137234,0.21877768635749817,0.6333333253860474,0.22615385055541992
YOR037W,YBR058C-A,0,1.713568,0.21868082880973816,0.6333333253860474,0.2262820452451706
YCL055W,YJR126C,0,1.7134042,0.2185840755701065,0.6333333253860474,0.22641025483608246
YGR274C,YBR040W,0,1.713239,0.21848739683628082,0.6333333253860474,0.22653846442699432
YKL173W,YBR142W,0,1.7130277,0.2183908075094223,0.6333333253860474,0.2266666740179062
YNL291C,YER095W,0,1.7130232,0.21829429268836975,0.6333333253860474,0.22679486870765686
YOR373W,YCL066W,0,1.7128377,0.21819788217544556,0.6333333253860474,0.22692307829856873
YDR511W,YJR089W,0,1.7115757,0.21810154616832733,0.6333333253860474,0.2270512878894806
YCR004C,YER180C,0,1.7112591,0.21800529956817627,0.6333333253860474,0.22717948257923126
YDL101C,YAL021C,1,1.7106524,0.21835024654865265,0.6346153616905212,0.22717948257923126
YNL049C,YDL030W,0,1.7103431,0.2182539701461792,0.6346153616905212,0.22730769217014313
YFL029C,YER106W,0,1.7082613,0.2181577831506729,0.6346153616905212,0.227435901761055
YCL063W,YPL095C,0,1.7078393,0.2180616706609726,0.6346153616905212,0.22756409645080566
YER140W,YLR045C,0,1.7063661,0.21796564757823944,0.6346153616905212,0.22769230604171753
YAL053W,YDR003W,0,1.7062781,0.21786971390247345,0.6346153616905212,0.2278205156326294
YDR052C,YOR080W,1,1.7059729,0.21821381151676178,0.6358974575996399,0.2278205156326294
YOR381W,YNR050C,0,1.7059369,0.2181178480386734,0.6358974575996399,0.22794872522354126
YLL050C,YDR117C,0,1.704252,0.21802197396755219,0.6358974575996399,0.22807691991329193
YOR155C,YKL034W,0,1.7038178,0.21792618930339813,0.6358974575996399,0.2282051295042038
YBL106C,YKL056C,0,1.7036664,0.21783047914505005,0.6358974575996399,0.22833333909511566
YBL060W,YDR247W,0,1.7027943,0.21773485839366913,0.6358974575996399,0.22846153378486633
YDR038C,YIL138C,0,1.702522,0.21763931214809418,0.6358974575996399,0.2285897433757782
YDL164C,YPR019W,1,1.7022138,0.2179824560880661,0.6371794939041138,0.2285897433757782
YHR140W,YGR076C,0,1.7006605,0.21788689494132996,0.6371794939041138,0.22871795296669006
YNR061C,YAL034W-A,0,1.7000086,0.21779140830039978,0.6371794939041138,0.22884614765644073
YEL058W,YLR403W,0,1.6995075,0.21769601106643677,0.6371794939041138,0.2289743572473526
YOR369C,YBR012W-B,0,1.6993294,0.21760070323944092,0.6371794939041138,0.22910256683826447
YML018C,YBR058C-A,0,1.6992111,0.21750546991825104,0.6371794939041138,0.22923077642917633
YNL185C,YHR013C,0,1.6991265,0.21741032600402832,0.6371794939041138,0.229358971118927
YDL190C,YOL092W,0,1.6980522,0.21731525659561157,0.6371794939041138,0.22948718070983887
YCR081W,YOR306C,0,1.6980264,0.217220276594162,0.6371794939041138,0.22961539030075073
YBR012W-A,YOR369C,0,1.6975057,0.21712538599967957,0.6371794939041138,0.2297435849905014
YIL150C,YBR087W,1,1.6971629,0.21746724843978882,0.6384615302085876,0.2297435849905014
YMR224C,YKL198C,0,1.6970482,0.217372328042984,0.6384615302085876,0.22987179458141327
YJL046W,YDL085W,0,1.696703,0.21727748215198517,0.6384615302085876,0.23000000417232513
YBL064C,YMR086W,0,1.696326,0.2171827256679535,0.6384615302085876,0.2301281988620758
YMR264W,YPL172C,0,1.6950579,0.21708805859088898,0.6384615302085876,0.23025640845298767
YOR151C,YML125C,0,1.6950338,0.21699346601963043,0.6384615302085876,0.23038461804389954
YPL111W,YPL155C,0,1.6942222,0.21689894795417786,0.6384615302085876,0.2305128276348114
YGR008C,YDL109C,0,1.6936162,0.21680453419685364,0.6384615302085876,0.23064102232456207
YEL065W,YLL001W,0,1.6931083,0.2167101800441742,0.6384615302085876,0.23076923191547394
YCR096C,YOR242C,0,1.6930091,0.21661591529846191,0.6384615302085876,0.2308974415063858
YLR139C,YGR279C,0,1.6924365,0.2165217399597168,0.6384615302085876,0.23102563619613647
YDR279W,YBR160W,1,1.6922064,0.21686223149299622,0.6397435665130615,0.23102563619613647
YCR020C,YOL105C,0,1.690968,0.2167680263519287,0.6397435665130615,0.23115384578704834
YKL089W,YDR529C,0,1.6906271,0.21667391061782837,0.6397435665130615,0.2312820553779602
YHR181W,YDL180W,0,1.6905816,0.2165798544883728,0.6397435665130615,0.23141025006771088
YJR033C,YNL149C,0,1.6899805,0.2164859026670456,0.6397435665130615,0.23153845965862274
YNL325C,YDR320C,0,1.6897376,0.21639202535152435,0.6397435665130615,0.2316666692495346
YNR022C,YPL111W,0,1.6887872,0.21629822254180908,0.6397435665130615,0.23179487884044647
YKL011C,YOR242C,0,1.6876557,0.21620450913906097,0.6397435665130615,0.23192307353019714
YKL178C,YHR207C,0,1.686332,0.21611087024211884,0.6397435665130615,0.232051283121109
YIL150C,YMR043W,1,1.6860752,0.21645021438598633,0.6410256624221802,0.232051283121109
YML094W,YNL151C,0,1.6860306,0.216356560587883,0.6410256624221802,0.23217949271202087
YDL141W,YMR292W,0,1.6853082,0.21626298129558563,0.6410256624221802,0.23230768740177155
YHR031C,YDR054C,1,1.6851599,0.21660181879997253,0.642307698726654,0.23230768740177155
YKR090W,YKR097W,0,1.683732,0.21650820970535278,0.642307698726654,0.2324358969926834
YDL192W,YDL146W,0,1.6816633,0.2164146900177002,0.642307698726654,0.23256410658359528
YLR459W,YNL185C,0,1.6804175,0.21632124483585358,0.642307698726654,0.23269230127334595
YOR384W,YGR062C,0,1.6798995,0.21622787415981293,0.642307698726654,0.2328205108642578
YMR198W,YJR033C,0,1.6798806,0.21613459289073944,0.642307698726654,0.23294872045516968
YCL055W,YDR400W,0,1.6796801,0.21604140102863312,0.642307698726654,0.23307693004608154
YLR385C,YDR031W,0,1.6788411,0.21594826877117157,0.642307698726654,0.23320512473583221
YJR135C,YKR105C,0,1.6785343,0.21585524082183838,0.642307698726654,0.23333333432674408
YLR142W,YDR224C,0,1.6775763,0.21576227247714996,0.642307698726654,0.23346154391765594
YDR501W,YJR068W,1,1.6771626,0.21609987318515778,0.6435897350311279,0.23346154391765594
YJL041W,YPL172C,0,1.67713,0.21600688993930817,0.6435897350311279,0.23358973860740662
YDL108W,YJR075W,0,1.6758077,0.21591398119926453,0.6435897350311279,0.23371794819831848
YNL158W,YGR063C,0,1.6753047,0.21582114696502686,0.6435897350311279,0.23384615778923035
YLR327C,YCL057C-A,0,1.6752892,0.21572840213775635,0.6435897350311279,0.23397435247898102
YNL188W,YER112W,0,1.6744773,0.2156357318162918,0.6435897350311279,0.23410256206989288
YPR118W,YER012W,0,1.6741495,0.21554315090179443,0.6435897350311279,0.23423077166080475
YER083C,YIR023W,0,1.6740603,0.21545064449310303,0.6435897350311279,0.2343589812517166
YIL039W,YDR288W,0,1.67244,0.2153582125902176,0.6435897350311279,0.23448717594146729
YIL150C,YCL061C,1,1.671237,0.21569468080997467,0.6448717713356018,0.23448717594146729
YBR084W,YLR121C,0,1.6710122,0.21560223400592804,0.6448717713356018,0.23461538553237915
YDR251W,YJL080C,0,1.6707873,0.21550986170768738,0.6448717713356018,0.23474359512329102
YOR037W,YOR179C,0,1.6702602,0.21541756391525269,0.6448717713356018,0.2348717898130417
YBR012W-B,YHR010W,0,1.6695583,0.21532534062862396,0.6448717713356018,0.23499999940395355
YAL035W,YOR246C,0,1.6690352,0.2152332067489624,0.6448717713356018,0.23512820899486542
YNL293W,YMR282C,0,1.6680467,0.2151411473751068,0.6448717713356018,0.2352564036846161
YMR290C,YMR163C,0,1.6670732,0.2150491625070572,0.6448717713356018,0.23538461327552795
YDR425W,YLR014C,0,1.6670492,0.21495726704597473,0.6448717713356018,0.23551282286643982
YBL106C,YAL008W,0,1.6670103,0.21486544609069824,0.6448717713356018,0.23564103245735168
YGR223C,YFR006W,0,1.6660259,0.21477369964122772,0.6448717713356018,0.23576922714710236
YDL080C,YOL133W,0,1.665756,0.21468202769756317,0.6448717713356018,0.23589743673801422
YBR159W,YDR117C,0,1.6654518,0.21459044516086578,0.6448717713356018,0.2360256463289261
YLR142W,YIL113W,0,1.6649745,0.21449893712997437,0.6448717713356018,0.23615384101867676
YIL039W,YOR069W,0,1.6645977,0.21440750360488892,0.6448717713356018,0.23628205060958862
YDR329C,YDL130W,0,1.6639364,0.21431614458560944,0.6448717713356018,0.2364102602005005
YLR370C,YPL189C-A,0,1.6636734,0.21422487497329712,0.6448717713356018,0.23653845489025116
YJR104C,YDR478W,0,1.6633651,0.21413367986679077,0.6448717713356018,0.23666666448116302
YJL157C,YOR211C,0,1.6630666,0.2140425592660904,0.6448717713356018,0.2367948740720749
YKR062W,YLR276C,0,1.6630208,0.21395151317119598,0.6448717713356018,0.23692308366298676
YLR459W,YPR192W,0,1.6626511,0.21386054158210754,0.6448717713356018,0.23705127835273743
YAR007C,YOR217W,1,1.6625834,0.2141946405172348,0.6461538672447205,0.23705127835273743
YER153C,YBR040W,0,1.6618786,0.21410365402698517,0.6461538672447205,0.2371794879436493
YDL056W,YKL017C,1,1.6607814,0.2144373655319214,0.6474359035491943,0.2371794879436493
YMR023C,YMR022W,0,1.6596906,0.21434634923934937,0.6474359035491943,0.23730769753456116
YHR184W,YJR143C,0,1.6591735,0.2142554074525833,0.6474359035491943,0.23743589222431183
YBR055C,YLR265C,0,1.6591382,0.21416454017162323,0.6474359035491943,0.2375641018152237
YBL060W,YIL115C,0,1.6586285,0.2140737622976303,0.6474359035491943,0.23769231140613556
YMR100W,YLR265C,0,1.6579373,0.21398304402828217,0.6474359035491943,0.23782050609588623
YDR440W,YPR031W,0,1.6577013,0.21389241516590118,0.6474359035491943,0.2379487156867981
YLR371W,YHR147C,0,1.6576221,0.21380186080932617,0.6474359035491943,0.23807692527770996
YDR503C,YKL024C,0,1.6576176,0.21371138095855713,0.6474359035491943,0.23820513486862183
YIL090W,YDR393W,0,1.6574771,0.21362097561359406,0.6474359035491943,0.2383333295583725
YOR211C,YNL135C,0,1.6573942,0.21353065967559814,0.6474359035491943,0.23846153914928436
YLR450W,YER161C,0,1.6569726,0.213440403342247,0.6474359035491943,0.23858974874019623
YKL199C,YNR007C,0,1.656929,0.21335023641586304,0.6474359035491943,0.2387179434299469
YGL232W,YDL043C,0,1.6553156,0.21326012909412384,0.6474359035491943,0.23884615302085876
YER173W,YBR142W,0,1.6545455,0.2131701111793518,0.6474359035491943,0.23897436261177063
YNL212W,YBR164C,0,1.6544609,0.21308016777038574,0.6474359035491943,0.2391025573015213
YDR466W,YLR147C,0,1.6533215,0.21299029886722565,0.6474359035491943,0.23923076689243317
YOL138C,YBR166C,0,1.6532359,0.21290050446987152,0.6474359035491943,0.23935897648334503
YLR154C,YJL073W,1,1.6530895,0.21323218941688538,0.6487179398536682,0.23935897648334503
YNR043W,YDR077W,0,1.6527879,0.21314238011837006,0.6487179398536682,0.2394871860742569
YLR371W,YJL190C,0,1.652699,0.2130526304244995,0.6487179398536682,0.23961538076400757
YNL046W,YEL021W,0,1.6523621,0.21296297013759613,0.6487179398536682,0.23974359035491943
YBL064C,YPL074W,0,1.6515846,0.21287336945533752,0.6487179398536682,0.2398717999458313
YJL090C,YOR217W,1,1.6515071,0.21320436894893646,0.6499999761581421,0.2398717999458313
YPL231W,YIL026C,0,1.651149,0.21311475336551666,0.6499999761581421,0.23999999463558197
YLR127C,YIR015W,0,1.6510937,0.21302521228790283,0.6499999761581421,0.24012820422649384
YDR253C,YHL016C,0,1.6501441,0.21293574571609497,0.6499999761581421,0.2402564138174057
YKL199C,YMR302C,0,1.6500294,0.21284635365009308,0.6499999761581421,0.24038460850715637
YGR104C,YER133W,0,1.649787,0.21275703608989716,0.6499999761581421,0.24051281809806824
YDR238C,YDR118W,0,1.649009,0.212667778134346,0.6499999761581421,0.2406410276889801
YBR082C,YAL058W,0,1.648253,0.21257860958576202,0.6499999761581421,0.24076923727989197
YGR274C,YOR063W,0,1.6479254,0.212489515542984,0.6499999761581421,0.24089743196964264
YER044C,YNL310C,0,1.6478927,0.21240049600601196,0.6499999761581421,0.2410256415605545
YIL109C,YBR036C,0,1.6476569,0.2123115509748459,0.6499999761581421,0.24115385115146637
YGL135W,YMR109W,0,1.6456497,0.21222268044948578,0.6499999761581421,0.24128204584121704
YFL002W-A,YDL075W,0,1.6454146,0.21213388442993164,0.6499999761581421,0.2414102554321289
YIR006C,YDL008W,0,1.6448224,0.21204516291618347,0.6499999761581421,0.24153846502304077
YPL121C,YLR385C,0,1.6447148,0.21195651590824127,0.6499999761581421,0.24166665971279144
YBR160W,YDR054C,1,1.6441491,0.2122858315706253,0.6512820720672607,0.24166665971279144
YHR031C,YOR346W,1,1.6424162,0.21261486411094666,0.6525641083717346,0.24166665971279144
YNL218W,YDR054C,1,1.6423995,0.21294362843036652,0.6538461446762085,0.24166665971279144
YIL150C,YPR019W,1,1.6415975,0.2132721245288849,0.6551281809806824,0.24166665971279144
YLR204W,YER133W,0,1.6412263,0.21318314969539642,0.6551281809806824,0.2417948693037033
YOR179C,YKL088W,0,1.641196,0.21309424936771393,0.6551281809806824,0.24192307889461517
YNL049C,YHL047C,0,1.6411457,0.2130054235458374,0.6551281809806824,0.24205128848552704
YDR118W,YNL098C,0,1.6396468,0.21291667222976685,0.6551281809806824,0.2421794831752777
YGL168W,YPR019W,1,1.6396039,0.2132444828748703,0.656410276889801,0.2421794831752777
YER051W,YPL160W,0,1.6393578,0.21315570175647736,0.656410276889801,0.24230769276618958
YNR011C,YKL034W,0,1.6389434,0.21306699514389038,0.656410276889801,0.24243590235710144
YJR068W,YDR054C,1,1.6387372,0.21339434385299683,0.6576923131942749,0.24243590235710144
YMR086W,YDR003W,0,1.6382086,0.21330560743808746,0.6576923131942749,0.2425640970468521
YPL106C,YNL128W,0,1.6364951,0.21321696043014526,0.6576923131942749,0.24269230663776398
YBL074C,YOR242C,0,1.6361513,0.21312837302684784,0.6576923131942749,0.24282051622867584
YML015C,YDR044W,0,1.6361125,0.21303986012935638,0.6576923131942749,0.2429487109184265
YBL088C,YDR247W,0,1.6355312,0.2129514366388321,0.6576923131942749,0.24307692050933838
YJR029W,YGR037C,0,1.6353805,0.21286307275295258,0.6576923131942749,0.24320513010025024
YOL100W,YEL015W,0,1.6341941,0.21277478337287903,0.6576923131942749,0.2433333396911621
YLR147C,YOR386W,0,1.6337454,0.21268656849861145,0.6576923131942749,0.24346153438091278
YDR251W,YKL158W,0,1.6336563,0.21259842813014984,0.6576923131942749,0.24358974397182465
YOL065C,YGL211W,0,1.6333725,0.2125103622674942,0.6576923131942749,0.2437179535627365
YPL103C,YLR306W,0,1.6332872,0.21242235600948334,0.6576923131942749,0.24384614825248718
YHR017W,YPL103C,0,1.6329229,0.21233443915843964,0.6576923131942749,0.24397435784339905
YGL185C,YML060W,0,1.6326563,0.2122465819120407,0.6576923131942749,0.2441025674343109
YDR520C,YPL085W,0,1.63254,0.21215881407260895,0.6576923131942749,0.24423076212406158
YKL088W,YPR156C,0,1.6322231,0.21207110583782196,0.6576923131942749,0.24435897171497345
YDR236C,YCR092C,0,1.6311443,0.21198347210884094,0.6576923131942749,0.24448718130588531
YIL009C-A,YDR368W,0,1.6311281,0.2118959128856659,0.6576923131942749,0.24461539089679718
YOR389W,YPL074W,0,1.6310074,0.21180842816829681,0.6576923131942749,0.24474358558654785
YER114C,YOR066W,0,1.6309106,0.2117210030555725,0.6576923131942749,0.24487179517745972
YML027W,YJL072C,1,1.6293321,0.21204620599746704,0.6589743494987488,0.24487179517745972
YER095W,YBR166C,0,1.6285679,0.21195876598358154,0.6589743494987488,0.24500000476837158
YPL060W,YFR006W,0,1.6278293,0.21187140047550201,0.6589743494987488,0.24512819945812225
YDR270W,YCR081W,0,1.6269555,0.21178409457206726,0.6589743494987488,0.24525640904903412
YLR371W,YFL044C,0,1.6254771,0.21169686317443848,0.6589743494987488,0.24538461863994598
YHL040C,YGR009C,0,1.6253841,0.21160972118377686,0.6589743494987488,0.24551281332969666
YDL095W,YPR054W,0,1.6247096,0.21152263879776,0.6589743494987488,0.24564102292060852
YKL017C,YDR054C,1,1.6234674,0.2118469774723053,0.6602563858032227,0.24564102292060852
YGR292W,YNL077W,0,1.6233547,0.21175986528396606,0.6602563858032227,0.24576923251152039
YOL018C,YDR443C,0,1.6232235,0.2116728276014328,0.6602563858032227,0.24589744210243225
YMR088C,YPL121C,0,1.6226187,0.2115858644247055,0.6602563858032227,0.24602563679218292
YER030W,YKL164C,0,1.6220393,0.21149897575378418,0.6602563858032227,0.2461538463830948
YBR286W,YHR101C,0,1.6215703,0.21141214668750763,0.6602563858032227,0.24628205597400665
YOR080W,YDR054C,1,1.6208038,0.21173574030399323,0.6615384817123413,0.24628205597400665
YLR214W,YOL149W,0,1.6205454,0.21164889633655548,0.6615384817123413,0.24641025066375732
YMR224C,YML115C,0,1.6202824,0.2115621119737625,0.6615384817123413,0.2465384602546692
YPL022W,YGR135W,0,1.6202345,0.2114754170179367,0.6615384817123413,0.24666666984558105
YLR188W,YCL075W,0,1.6196592,0.21138878166675568,0.6615384817123413,0.24679486453533173
YHR172W,YPL159C,0,1.61934,0.21130220592021942,0.6615384817123413,0.2469230741262436
YDR358W,YDR334W,0,1.6191931,0.21121571958065033,0.6615384817123413,0.24705128371715546
YDR363W-A,YNL007C,0,1.6188827,0.211129292845726,0.6615384817123413,0.24717949330806732
YJL041W,YDR003W,0,1.6185796,0.21104294061660767,0.6615384817123413,0.247307687997818
YJR076C,YGR116W,0,1.6184063,0.2109566628932953,0.6615384817123413,0.24743589758872986
YOR269W,YOR070C,0,1.6181726,0.21087045967578888,0.6615384817123413,0.24756410717964172
YLR459W,YPR108W,0,1.617687,0.21078431606292725,0.6615384817123413,0.2476923018693924
YNL049C,YPR054W,0,1.6172178,0.21069824695587158,0.6615384817123413,0.24782051146030426
YKR104W,YER051W,0,1.6168623,0.2106122374534607,0.6615384817123413,0.24794872105121613
YOR037W,YOR265W,0,1.6168108,0.21052631735801697,0.6615384817123413,0.2480769157409668
YIL150C,YER070W,1,1.6163304,0.21084828674793243,0.6628205180168152,0.2480769157409668
YML040W,YDR139C,0,1.6160991,0.21076233685016632,0.6628205180168152,0.24820512533187866
YGL147C,YOR270C,0,1.6156223,0.21067644655704498,0.6628205180168152,0.24833333492279053
YNL166C,YOL071W,0,1.6151197,0.21059063076972961,0.6628205180168152,0.2484615445137024
YNL331C,YMR098C,0,1.614912,0.21050488948822021,0.6628205180168152,0.24858973920345306
YDL229W,YBR205W,0,1.6138964,0.2104192078113556,0.6628205180168152,0.24871794879436493
YHL024W,YPR019W,1,1.6137018,0.21074043214321136,0.6641025543212891,0.24871794879436493
YHR206W,YEL002C,0,1.6136744,0.21065473556518555,0.6641025543212891,0.2488461583852768
YPR156C,YPL068C,0,1.6135504,0.2105690985918045,0.6641025543212891,0.24897435307502747
YKL154W,YPL189C-A,0,1.6125543,0.21048353612422943,0.6641025543212891,0.24910256266593933
YJR015W,YGL222C,0,1.612381,0.21039804816246033,0.6641025543212891,0.2492307722568512
YPL019C,YGL106W,0,1.61218,0.210312619805336,0.6641025543212891,0.24935896694660187
YAR018C,YMR012W,0,1.6120155,0.21022726595401764,0.6641025543212891,0.24948717653751373
YOL018C,YBL055C,0,1.6117525,0.21014198660850525,0.6641025543212891,0.2496153861284256
YHR143W,YGL123W,0,1.6116247,0.21005676686763763,0.6641025543212891,0.24974359571933746
YOR047C,YHL040C,0,1.6115807,0.209971621632576,0.6641025543212891,0.24987179040908813
YCR077C,YLR441C,0,1.6110144,0.2098865509033203,0.6641025543212891,0.25
YER027C,YLR188W,0,1.6101185,0.2098015397787094,0.6641025543212891,0.25012820959091187
YBR289W,YOR244W,0,1.6096491,0.20971660315990448,0.6641025543212891,0.25025641918182373
YDL205C,YKL056C,0,1.6091383,0.20963172614574432,0.6641025543212891,0.2503846287727356
YBR175W,YDR510W,0,1.6083176,0.20954692363739014,0.6641025543212891,0.2505128085613251
YDL069C,YDL095W,0,1.6081651,0.20946219563484192,0.6641025543212891,0.25064101815223694
YBL088C,YDL195W,0,1.6081574,0.20937752723693848,0.6641025543212891,0.2507692277431488
YAL034W-A,YDR047W,0,1.6078036,0.209292933344841,0.6641025543212891,0.25089743733406067
YOR384W,YDR421W,0,1.6077628,0.2092083990573883,0.6641025543212891,0.25102564692497253
YOR046C,YOR092W,0,1.6076522,0.20912393927574158,0.6641025543212891,0.2511538565158844
YMR051C,YJR045C,0,1.6074551,0.20903955399990082,0.6641025543212891,0.25128206610679626
YIL027C,YLR433C,0,1.6071799,0.20895522832870483,0.6641025543212891,0.25141024589538574
YKL100C,YCL066W,0,1.6070046,0.20887096226215363,0.6641025543212891,0.2515384554862976
YPL059W,YLR356W,0,1.6068755,0.20878678560256958,0.6641025543212891,0.2516666650772095
YJL072C,YDR069C,1,1.6065996,0.20910556614398956,0.6653845906257629,0.2516666650772095
YDR052C,YHL024W,1,1.6063468,0.20942407846450806,0.6666666865348816,0.2516666650772095
YDR117C,YDL112W,0,1.6059625,0.20933976769447327,0.6666666865348816,0.25179487466812134
YGR241C,YNL135C,0,1.605834,0.20925553143024445,0.6666666865348816,0.2519230842590332
YBR198C,YHR140W,0,1.6039681,0.2091713547706604,0.6666666865348816,0.25205129384994507
YLR032W,YGR156W,0,1.6039422,0.20908725261688232,0.6666666865348816,0.25217947363853455
YBL078C,YJR098C,0,1.6037314,0.20900321006774902,0.6666666865348816,0.2523076832294464
YBR012W-A,YPL111W,0,1.6037117,0.2089192420244217,0.6666666865348816,0.2524358928203583
YDR356W,YOL140W,0,1.6034508,0.20883534848690033,0.6666666865348816,0.25256410241127014
YDR126W,YER082C,0,1.6024323,0.20875149965286255,0.6666666865348816,0.252692312002182
YNL166C,YMR221C,0,1.602133,0.20866774022579193,0.6666666865348816,0.25282052159309387
YKR061W,YOR270C,0,1.6021243,0.2085840404033661,0.6666666865348816,0.25294873118400574
YMR056C,YDR400W,0,1.6020814,0.20850040018558502,0.6666666865348816,0.2530769109725952
YDR121W,YDR054C,1,1.6018492,0.20881763100624084,0.6679487228393555,0.2530769109725952
YDR115W,YDR393W,0,1.6015029,0.20873397588729858,0.6679487228393555,0.2532051205635071
YDL056W,YAR007C,1,1.6010807,0.20905086398124695,0.6692307591438293,0.2532051205635071
YDR478W,YLR079W,0,1.6007782,0.2089671790599823,0.6692307591438293,0.25333333015441895
YGR075C,YPL202C,0,1.60018,0.20888355374336243,0.6692307591438293,0.2534615397453308
YGL251C,YOR346W,1,1.5993106,0.20919999480247498,0.6705127954483032,0.2534615397453308
YBR175W,YOR044W,0,1.5991614,0.2091163545846939,0.6705127954483032,0.2535897493362427
YER025W,YML095C,0,1.5987668,0.20903277397155762,0.6705127954483032,0.25371795892715454
YHR116W,YIL160C,0,1.5986693,0.2089492678642273,0.6705127954483032,0.2538461685180664
YKL010C,YHR081W,0,1.5977057,0.20886582136154175,0.6705127954483032,0.2539743483066559
YKL198C,YHR136C,0,1.5970654,0.20878243446350098,0.6705127954483032,0.25410255789756775
YBR084W,YMR026C,0,1.596761,0.20869912207126617,0.6705127954483032,0.2542307674884796
YDR520C,YMR004W,0,1.5966004,0.20861586928367615,0.6705127954483032,0.2543589770793915
YBR087W,YDR069C,1,1.5963768,0.20893141627311707,0.6717948913574219,0.2543589770793915
YOR356W,YML060W,0,1.5953141,0.20884814858436584,0.6717948913574219,0.25448718667030334
YDL127W,YJR143C,0,1.5949092,0.2087649405002594,0.6717948913574219,0.2546153962612152
YIR014W,YLR045C,0,1.594475,0.20868180692195892,0.6717948913574219,0.2547435760498047
YDR170W-A,YJR094W-A,0,1.5940511,0.20859873294830322,0.6717948913574219,0.25487178564071655
YOL105C,YHR044C,0,1.5936006,0.2085157185792923,0.6717948913574219,0.2549999952316284
YJR013W,YDR118W,0,1.5933917,0.20843277871608734,0.6717948913574219,0.2551282048225403
YPR021C,YPL186C,0,1.5925705,0.20834989845752716,0.6717948913574219,0.25525641441345215
YOR356W,YDR529C,0,1.5925298,0.20826709270477295,0.6717948913574219,0.255384624004364
YDR420W,YHR181W,0,1.5924982,0.2081843465566635,0.6717948913574219,0.2555128335952759
YFR008W,YMR184W,0,1.5923259,0.20810167491436005,0.6717948913574219,0.25564101338386536
YDL205C,YHR039C-B,0,1.5922043,0.20801904797554016,0.6717948913574219,0.2557692229747772
YHR027C,YBR251W,0,1.5920755,0.20793651044368744,0.6717948913574219,0.2558974325656891
YMR208W,YOL147C,0,1.5908713,0.2078540325164795,0.6717948913574219,0.25602564215660095
YBR087W,YOR217W,1,1.5907853,0.2081681191921234,0.6730769276618958,0.25602564215660095
YPR192W,YDR197W,0,1.5907507,0.20808561146259308,0.6730769276618958,0.2561538517475128
YOL077C,YCR054C,0,1.5902349,0.20800316333770752,0.6730769276618958,0.2562820613384247
YOR155C,YER180C,0,1.5891075,0.20792078971862793,0.6730769276618958,0.25641027092933655
YCR047C,YBR012W-B,0,1.5888538,0.20783847570419312,0.6730769276618958,0.256538450717926
YBR009C,YDR169C,0,1.5887274,0.20775623619556427,0.6730769276618958,0.2566666603088379
YOR257W,YBR012W-B,0,1.5885501,0.2076740562915802,0.6730769276618958,0.25679486989974976
YER007W,YDR031W,0,1.5884937,0.2075919359922409,0.6730769276618958,0.2569230794906616
YPR132W,YOL140W,0,1.5881891,0.2075098752975464,0.6730769276618958,0.2570512890815735
YGL249W,YDR055W,0,1.5870849,0.20742788910865784,0.6730769276618958,0.25717949867248535
YOR384W,YCR081W,0,1.5867696,0.20734597742557526,0.6730769276618958,0.25730767846107483
YMR100W,YPL096C-A,0,1.5864486,0.20726411044597626,0.6730769276618958,0.2574358880519867
YOR066W,YNL289W,0,1.5863903,0.20718231797218323,0.6730769276618958,0.25756409764289856
YDR003W,YCL066W,0,1.5862539,0.20710058510303497,0.6730769276618958,0.2576923072338104
YPL031C,YBR035C,0,1.5861809,0.2070189267396927,0.6730769276618958,0.2578205168247223
YCR072C,YOL030W,0,1.5854691,0.20693732798099518,0.6730769276618958,0.25794872641563416
YOL117W,YMR208W,0,1.5853542,0.20685578882694244,0.6730769276618958,0.258076936006546
YIL172C,YDL130W,0,1.5852104,0.20677432417869568,0.6730769276618958,0.2582051157951355
YGL206C,YPL194W,0,1.5850252,0.2066929191350937,0.6730769276618958,0.25833332538604736
YLR154C,YJR068W,1,1.5849308,0.207005113363266,0.6743589639663696,0.25833332538604736
YNR001C,YGR188C,0,1.5841773,0.2069236785173416,0.6743589639663696,0.25846153497695923
YGR292W,YPL068C,0,1.5839792,0.2068423181772232,0.6743589639663696,0.2585897445678711
YHL044W,YLR048W,0,1.5838231,0.20676100254058838,0.6743589639663696,0.25871795415878296
YLR038C,YJR126C,0,1.5826211,0.20667976140975952,0.6743589639663696,0.2588461637496948
YDR197W,YLR176C,0,1.5815791,0.20659857988357544,0.6743589639663696,0.2589743733406067
YDL069C,YPR096C,0,1.5815648,0.20651747286319733,0.6743589639663696,0.25910255312919617
YOR039W,YGR218W,0,1.5812126,0.206436425447464,0.6743589639663696,0.25923076272010803
YAL041W,YJR121W,0,1.5807394,0.20635543763637543,0.6743589639663696,0.2593589723110199
YDR524C,YDR436W,0,1.5803611,0.20627450942993164,0.6743589639663696,0.25948718190193176
YIR014W,YBR024W,0,1.5798626,0.20619365572929382,0.6743589639663696,0.25961539149284363
YPR168W,YER051W,0,1.57975,0.2061128467321396,0.6743589639663696,0.2597436010837555
YDL051W,YLR337W,0,1.5797322,0.20603211224079132,0.6743589639663696,0.25987178087234497
YDR248C,YKL116C,0,1.579494,0.20595145225524902,0.6743589639663696,0.25999999046325684
YBR207W,YPR021C,0,1.5790274,0.2058708369731903,0.6743589639663696,0.2601282000541687
YDR443C,YDR252W,0,1.5788009,0.20579029619693756,0.6743589639663696,0.26025640964508057
YBL054W,YLR414C,0,1.5785857,0.2057098150253296,0.6743589639663696,0.26038461923599243
YBR164C,YDR101C,0,1.5780503,0.2056293934583664,0.6743589639663696,0.2605128288269043
YJR029W,YOR269W,0,1.5779474,0.20554904639720917,0.6743589639663696,0.26064103841781616
YJL056C,YOR270C,0,1.5777988,0.20546874403953552,0.6743589639663696,0.26076921820640564
YPL174C,YDR443C,0,1.5773271,0.20538851618766785,0.6743589639663696,0.2608974277973175
YBR296C,YJR158W,0,1.5772915,0.20530834794044495,0.6743589639663696,0.26102563738822937
YBR082C,YDR252W,0,1.5772014,0.20522825419902802,0.6743589639663696,0.26115384697914124
YPL148C,YGR071C,0,1.5769572,0.20514820516109467,0.6743589639663696,0.2612820565700531
YGL120C,YKL198C,0,1.5766401,0.20506823062896729,0.6743589639663696,0.26141026616096497
YDR126W,YDR380W,0,1.5766042,0.20498831570148468,0.6743589639663696,0.26153847575187683
YDL019C,YGR279C,0,1.575511,0.20490846037864685,0.6743589639663696,0.2616666555404663
YPL157W,YIR015W,0,1.5754454,0.2048286646604538,0.6743589639663696,0.2617948651313782
YDL051W,YMR221C,0,1.5750278,0.20474892854690552,0.6743589639663696,0.26192307472229004
YKR030W,YLR438C-A,0,1.5749947,0.2046692669391632,0.6743589639663696,0.2620512843132019
YMR198W,YIL039W,0,1.5749776,0.20458965003490448,0.6743589639663696,0.26217949390411377
YJL219W,YLR201C,0,1.5748463,0.20451010763645172,0.6743589639663696,0.26230770349502563
YPL096C-A,YMR163C,0,1.5747399,0.20443062484264374,0.6743589639663696,0.2624358832836151
YER114C,YER048W-A,0,1.5746601,0.20435120165348053,0.6743589639663696,0.262564092874527
YNL218W,YDR121W,1,1.5744482,0.20466019213199615,0.6756410002708435,0.262564092874527
YNL206C,YGR286C,0,1.5742683,0.20458073914051056,0.6756410002708435,0.26269230246543884
YOR175C,YLR246W,0,1.5733792,0.20450136065483093,0.6756410002708435,0.2628205120563507
YIL072W,YIR009W,0,1.5732658,0.2044220268726349,0.6756410002708435,0.2629487216472626
YGL173C,YGL128C,0,1.5732167,0.2043427675962448,0.6756410002708435,0.26307693123817444
YMR056C,YPL096C-A,0,1.5730789,0.2042635679244995,0.6756410002708435,0.2632051408290863
YGL090W,YAL025C,0,1.5730507,0.204184427857399,0.6756410002708435,0.2633333206176758
YDL164C,YLR154C,1,1.5726408,0.20449264347553253,0.6769230961799622,0.2633333206176758
YCL075W,YPL111W,0,1.5724833,0.20441347360610962,0.6769230961799622,0.26346153020858765
YDL069C,YJR075W,0,1.5722923,0.20433436334133148,0.6769230961799622,0.2635897397994995
YLR109W,YMR017W,0,1.5714324,0.20425531268119812,0.6769230961799622,0.2637179493904114
YEL058W,YNL310C,0,1.5711584,0.20417633652687073,0.6769230961799622,0.26384615898132324
YNL086W,YKL056C,0,1.5706961,0.20409740507602692,0.6769230961799622,0.2639743685722351
YDR440W,YBR012W-B,0,1.5703785,0.20401854813098907,0.6769230961799622,0.264102578163147
YDR134C,YFR015C,0,1.5703716,0.203939750790596,0.6769230961799622,0.26423075795173645
YOR381W,YEL050C,0,1.5702586,0.20386099815368652,0.6769230961799622,0.2643589675426483
YDL038C,YMR163C,0,1.5702307,0.203782320022583,0.6769230961799622,0.2644871771335602
YHR046C,YBR231C,0,1.5697286,0.20370370149612427,0.6769230961799622,0.26461538672447205
YDL164C,YDR069C,1,1.5696263,0.20401079952716827,0.678205132484436,0.26461538672447205
YNR020C,YKL198C,0,1.5692465,0.20393215119838715,0.678205132484436,0.2647435963153839
YDL033C,YLR192C,0,1.5687268,0.2038535624742508,0.678205132484436,0.2648718059062958
YIL115C,YKL116C,0,1.5686871,0.20377503335475922,0.678205132484436,0.26499998569488525
YDL129W,YEL002C,0,1.5685622,0.2036965787410736,0.678205132484436,0.2651281952857971
YJR135C,YCR028C,0,1.568357,0.20361816883087158,0.678205132484436,0.265256404876709
YEL064C,YEL021W,0,1.5678713,0.20353981852531433,0.678205132484436,0.26538461446762085
YGL213C,YNL310C,0,1.5676761,0.20346154272556305,0.678205132484436,0.2655128240585327
YLL050C,YGL227W,0,1.567417,0.20338331162929535,0.678205132484436,0.2656410336494446
YBR156C,YPR118W,0,1.567371,0.20330515503883362,0.678205132484436,0.26576924324035645
YLL013C,YJL170C,0,1.5673499,0.20322704315185547,0.678205132484436,0.2658974230289459
YLR286C,YDR088C,0,1.5669657,0.2031490057706833,0.678205132484436,0.2660256326198578
YER061C,YOR306C,0,1.566948,0.2030710130929947,0.678205132484436,0.26615384221076965
YDR334W,YDL065C,0,1.5656688,0.20299309492111206,0.678205132484436,0.2662820518016815
YIL051C,YLR427W,0,1.5649598,0.202915221452713,0.678205132484436,0.2664102613925934
YJL136C,YDR239C,0,1.564182,0.20283742249011993,0.678205132484436,0.26653847098350525
YLR106C,YEL002C,0,1.564074,0.20275968313217163,0.678205132484436,0.2666666805744171
YDL019C,YNL289W,0,1.5629027,0.2026819884777069,0.678205132484436,0.2667948603630066
YOL138C,YHR129C,0,1.5622401,0.20260436832904816,0.678205132484436,0.26692306995391846
YER114C,YIR009W,0,1.562071,0.20252679288387299,0.678205132484436,0.2670512795448303
YHR105W,YNL206C,0,1.5619348,0.20244929194450378,0.678205132484436,0.2671794891357422
YDL129W,YER089C,0,1.5617098,0.20237185060977936,0.678205132484436,0.26730769872665405
YML042W,YPL281C,0,1.5615261,0.2022944539785385,0.678205132484436,0.2674359083175659
YML113W,YNL101W,0,1.5611649,0.20221713185310364,0.678205132484436,0.2675640881061554
YOR096W,YBR012W-A,0,1.5609335,0.20213985443115234,0.678205132484436,0.26769229769706726
YML129C,YKL042W,0,1.560437,0.20206263661384583,0.678205132484436,0.2678205072879791
YGL185C,YGR001C,0,1.560219,0.20198549330234528,0.678205132484436,0.267948716878891
YJL072C,YJR068W,1,1.5600097,0.20229007303714752,0.6794871687889099,0.267948716878891
YJL065C,YDL185W,0,1.5598502,0.20221289992332458,0.6794871687889099,0.26807692646980286
YOR181W,YHR181W,0,1.5596027,0.20213577151298523,0.6794871687889099,0.2682051360607147
YMR233W,YPL022W,0,1.5595696,0.20205871760845184,0.6794871687889099,0.2683333456516266
YLR287C-A,YER173W,0,1.5595475,0.20198170840740204,0.6794871687889099,0.26846152544021606
YML094W,YMR165C,0,1.5590862,0.201904758810997,0.6794871687889099,0.26858973503112793
YHR143W,YGL035C,0,1.5587769,0.20182786881923676,0.6794871687889099,0.2687179446220398
YML037C,YNL149C,0,1.558728,0.20175105333328247,0.6794871687889099,0.26884615421295166
YOR373W,YMR314W,0,1.5584627,0.20167428255081177,0.6794871687889099,0.2689743638038635
YFR006W,YDL082W,0,1.5583792,0.20159757137298584,0.6794871687889099,0.2691025733947754
YDL190C,YLR385C,0,1.5581276,0.2015209197998047,0.6794871687889099,0.26923078298568726
YMR080C,YOL156W,0,1.5575842,0.20144431293010712,0.6794871687889099,0.26935896277427673
YOR288C,YOL018C,0,1.5573984,0.20136778056621552,0.6794871687889099,0.2694871723651886
YOR240W,YLR186W,0,1.556712,0.2012913078069687,0.6794871687889099,0.26961538195610046
YJL072C,YDL056W,1,1.5564733,0.2015945315361023,0.6807692050933838,0.26961538195610046
YDR279W,YJR068W,1,1.5561068,0.201897531747818,0.6820513010025024,0.26961538195610046
YLR214W,YMR233W,0,1.5556285,0.20182093977928162,0.6820513010025024,0.26974359154701233
YDR120C,YOL149W,0,1.5552039,0.20174440741539001,0.6820513010025024,0.2698718011379242
YIR014W,YOR151C,0,1.55449,0.2016679346561432,0.6820513010025024,0.27000001072883606
YER070W,YOR346W,1,1.5542614,0.2019704431295395,0.6833333373069763,0.27000001072883606
YNL001W,YNL330C,0,1.5541298,0.20189394056797028,0.6833333373069763,0.27012819051742554
YML043C,YFL044C,0,1.5541058,0.20181749761104584,0.6833333373069763,0.2702564001083374
YCL075W,YDL060W,0,1.55372,0.20174109935760498,0.6833333373069763,0.27038460969924927
YDR134C,YEL015W,0,1.5531962,0.2016647756099701,0.6833333373069763,0.27051281929016113
YDR046C,YLR099C,0,1.5525126,0.2015884965658188,0.6833333373069763,0.270641028881073
YPL121C,YPL281C,0,1.5524913,0.20151229202747345,0.6833333373069763,0.27076923847198486
YLL009C,YPR096C,0,1.552423,0.2014361321926117,0.6833333373069763,0.27089744806289673
YCL075W,YLR040C,0,1.5522829,0.20136003196239471,0.6833333373069763,0.2710256278514862
YER140W,YBR012W-B,0,1.5521176,0.2012839913368225,0.6833333373069763,0.27115383744239807
YMR198W,YCL050C,0,1.5520045,0.20120801031589508,0.6833333373069763,0.27128204703330994
YDR251W,YDR322W,0,1.5510164,0.20113207399845123,0.6833333373069763,0.2714102566242218
YDL164C,YOR217W,1,1.5509442,0.20143342018127441,0.6846153736114502,0.2714102566242218
YDR400W,YJL109C,0,1.5507622,0.20135746896266937,0.6846153736114502,0.27153846621513367
YLR439W,YJR135C,0,1.5506165,0.2012815624475479,0.6846153736114502,0.27166667580604553
YCL069W,YPL186C,0,1.5505009,0.20120573043823242,0.6846153736114502,0.2717948853969574
YDL007W,YCR054C,0,1.550443,0.2011299431324005,0.6846153736114502,0.2719230651855469
YHR172W,YDR166C,0,1.5498445,0.20105421543121338,0.6846153736114502,0.27205127477645874
YMR128W,YGR054W,0,1.5498003,0.20097854733467102,0.6846153736114502,0.2721794843673706
YJR158W,YOR069W,0,1.5494305,0.20090293884277344,0.6846153736114502,0.27230769395828247
YDR093W,YKL028W,0,1.5494014,0.20082737505435944,0.6846153736114502,0.27243590354919434
YJL198W,YJL097W,0,1.5491686,0.2007518857717514,0.6846153736114502,0.2725641131401062
YHR167W,YHR140W,0,1.5489199,0.20067644119262695,0.6846153736114502,0.2726922929286957
YCR096C,YDR298C,0,1.5488727,0.20060105621814728,0.6846153736114502,0.27282050251960754
YDL129W,YLL001W,0,1.5486336,0.20052571594715118,0.6846153736114502,0.2729487121105194
YBR041W,YHR161C,0,1.5483431,0.20045045018196106,0.6846153736114502,0.2730769217014313
YJL044C,YIL026C,0,1.5480223,0.20037522912025452,0.6846153736114502,0.27320513129234314
YPL258C,YJL108C,0,1.5458993,0.20030006766319275,0.6846153736114502,0.273333340883255
YDR248C,YPL022W,0,1.5454899,0.20022496581077576,0.6846153736114502,0.27346155047416687
YGL090W,YPR047W,0,1.5447888,0.20014992356300354,0.6846153736114502,0.27358973026275635
YHL016C,YIR023W,0,1.5446944,0.2000749409198761,0.6846153736114502,0.2737179398536682
YHR092C,YER147C,0,1.544302,0.20000000298023224,0.6846153736114502,0.2738461494445801
YDR044W,YDL095W,0,1.5442171,0.19992512464523315,0.6846153736114502,0.27397435903549194
YDR011W,YDL185W,0,1.5437968,0.19985030591487885,0.6846153736114502,0.2741025686264038
YGR058W,YDR231C,0,1.5437493,0.19977553188800812,0.6846153736114502,0.2742307782173157
YDR022C,YDR533C,0,1.5437139,0.19970081746578217,0.6846153736114502,0.27435898780822754
YDR424C,YLR467W,0,1.5432407,0.199626162648201,0.6846153736114502,0.274487167596817
YCR081W,YBL010C,0,1.5431595,0.1995515674352646,0.6846153736114502,0.2746153771877289
YKR062W,YEL017C-A,0,1.5431023,0.19947703182697296,0.6846153736114502,0.27474358677864075
YLR008C,YOR076C,0,1.5430839,0.19940254092216492,0.6846153736114502,0.2748717963695526
YKL198C,YKL024C,0,1.5427802,0.19932810962200165,0.6846153736114502,0.2750000059604645
YGL223C,YER114C,0,1.5425228,0.19925373792648315,0.6846153736114502,0.27512821555137634
YER087C-A,YDL144C,0,1.5422852,0.19917941093444824,0.6846153736114502,0.2752564251422882
YOR384W,YNL322C,0,1.5418798,0.1991051435470581,0.6846153736114502,0.2753846049308777
YDR060W,YGL090W,0,1.5417786,0.19903093576431274,0.6846153736114502,0.27551281452178955
YBL078C,YMR221C,0,1.5409338,0.19895678758621216,0.6846153736114502,0.2756410241127014
YHR105W,YHR099W,0,1.5406551,0.19888268411159515,0.6846153736114502,0.2757692337036133
YJL072C,YDR054C,1,1.5404892,0.19918093085289001,0.6858974099159241,0.2757692337036133
YKR061W,YJR029W,0,1.5400099,0.19910681247711182,0.6858974099159241,0.27589744329452515
YJR010C-A,YDR139C,0,1.5392084,0.1990327388048172,0.6858974099159241,0.276025652885437
YLR312C-B,YJL072C,1,1.5389733,0.19933061301708221,0.6871795058250427,0.276025652885437
YDL138W,YPL281C,0,1.5387776,0.1992565095424652,0.6871795058250427,0.2761538326740265
YIR002C,YCL057C-A,0,1.5382466,0.19918246567249298,0.6871795058250427,0.27628204226493835
YLR170C,YGL178W,0,1.5381016,0.19910846650600433,0.6871795058250427,0.2764102518558502
YGL168W,YBL023C,1,1.5377064,0.19940586388111115,0.6884615421295166,0.2764102518558502
YDR047W,YNL151C,0,1.5373567,0.1993318498134613,0.6884615421295166,0.2765384614467621
YER099C,YDL127W,0,1.537108,0.19925788044929504,0.6884615421295166,0.27666667103767395
YPL189C-A,YKR097W,0,1.5367582,0.19918397068977356,0.6884615421295166,0.2767948806285858
YEL065W,YLR381W,0,1.5366428,0.19911012053489685,0.6884615421295166,0.2769230902194977
YPL206C,YNR041C,0,1.5363992,0.19903632998466492,0.6884615421295166,0.27705127000808716
YGL232W,YDR362C,0,1.5362822,0.19896258413791656,0.6884615421295166,0.277179479598999
YFL047W,YGR076C,0,1.5359163,0.1988888829946518,0.6884615421295166,0.2773076891899109
YGR035C,YJL056C,0,1.5358552,0.198815256357193,0.6884615421295166,0.27743589878082275
YFL047W,YNL159C,0,1.5357177,0.19874167442321777,0.6884615421295166,0.2775641083717346
YEL015W,YDR313C,0,1.5348158,0.19866815209388733,0.6884615421295166,0.2776923179626465
YAL041W,YGL040C,0,1.5346901,0.19859467446804047,0.6884615421295166,0.27782052755355835
YGL211W,YOR076C,0,1.53426,0.19852125644683838,0.6884615421295166,0.2779487073421478
YER025W,YBR166C,0,1.5336051,0.19844789803028107,0.6884615421295166,0.2780769169330597
YER147C,YGL059W,0,1.532896,0.19837458431720734,0.6884615421295166,0.27820512652397156
YDR052C,YAR007C,1,1.5323036,0.19867061078548431,0.6897435784339905,0.27820512652397156
YML027W,YJR068W,1,1.5321462,0.19896641373634338,0.6910256147384644,0.27820512652397156
YDR503C,YLR357W,0,1.5314878,0.1988929957151413,0.6910256147384644,0.2783333361148834
YDR248C,YBR205W,0,1.5314759,0.1988196223974228,0.6910256147384644,0.2784615457057953
YPL269W,YER007W,0,1.5306062,0.19874630868434906,0.6910256147384644,0.27858975529670715
YPR186C,YMR022W,0,1.5305707,0.1986730545759201,0.6910256147384644,0.27871793508529663
YML095C,YPL026C,0,1.5297942,0.19859984517097473,0.6910256147384644,0.2788461446762085
YML034W,YOR127W,0,1.5297513,0.19852671027183533,0.6910256147384644,0.27897435426712036
YGR088W,YBR082C,0,1.5294927,0.1984536051750183,0.6910256147384644,0.2791025638580322
YGL137W,YOL072W,0,1.5292176,0.19838055968284607,0.6910256147384644,0.2792307734489441
YFR003C,YBR040W,0,1.5290396,0.1983075737953186,0.6910256147384644,0.27935898303985596
YKL199C,YOL109W,0,1.5286179,0.1982346475124359,0.6910256147384644,0.2794871926307678
YOL005C,YBR185C,0,1.5282077,0.1981617659330368,0.6910256147384644,0.2796153724193573
YAL053W,YLR040C,0,1.5275601,0.19808894395828247,0.6910256147384644,0.27974358201026917
YFR032C-A,YMR150C,0,1.5272329,0.19801616668701172,0.6910256147384644,0.27987179160118103
YMR201C,YDL095W,0,1.527096,0.19794344902038574,0.6910256147384644,0.2800000011920929
YDR118W,YLR467W,0,1.5268683,0.19787077605724335,0.6910256147384644,0.28012821078300476
YJL165C,YHR070W,0,1.5262387,0.19779816269874573,0.6910256147384644,0.2802564203739166
YBR286W,YLR306W,0,1.5261697,0.19772560894489288,0.6910256147384644,0.2803846299648285
YKR048C,YKR097W,0,1.5259185,0.19765309989452362,0.6910256147384644,0.28051280975341797
YBR033W,YHL004W,0,1.5255984,0.19758065044879913,0.6910256147384644,0.28064101934432983
YGL232W,YOR211C,0,1.5255901,0.19750824570655823,0.6910256147384644,0.2807692289352417
YKR105C,YGR001C,0,1.5253173,0.1974359005689621,0.6910256147384644,0.28089743852615356
YLR099C,YKL042W,0,1.5249889,0.19736360013484955,0.6910256147384644,0.28102564811706543
YLR438C-A,YDR380W,0,1.5245667,0.19729135930538177,0.6910256147384644,0.2811538577079773
YLR040C,YLL022C,0,1.524038,0.19721917808055878,0.6910256147384644,0.2812820374965668
YLR266C,YER056C-A,0,1.5232819,0.19714704155921936,0.6910256147384644,0.28141024708747864
YDR495C,YMR282C,0,1.5232761,0.19707494974136353,0.6910256147384644,0.2815384566783905
YCR098C,YJL097W,0,1.5226911,0.19700291752815247,0.6910256147384644,0.28166666626930237
YOR269W,YDR003W,0,1.5212672,0.19693094491958618,0.6910256147384644,0.28179487586021423
YER114C,YPL121C,0,1.5211976,0.19685901701450348,0.6910256147384644,0.2819230854511261
YKL178C,YEL065W,0,1.5209517,0.19678714871406555,0.6910256147384644,0.28205129504203796
YJL158C,YGL155W,0,1.5201132,0.1967153251171112,0.6910256147384644,0.28217947483062744
YMR022W,YER106W,0,1.5198538,0.19664356112480164,0.6910256147384644,0.2823076844215393
YJL097W,YDR297W,0,1.5197952,0.19657184183597565,0.6910256147384644,0.28243589401245117
YGR106C,YPR178W,0,1.5196215,0.19650018215179443,0.6910256147384644,0.28256410360336304
YML074C,YNL115C,0,1.5192914,0.1964285671710968,0.6910256147384644,0.2826923131942749
YPL271W,YKR038C,0,1.5185052,0.19635701179504395,0.6910256147384644,0.28282052278518677
YCR029C-A,YDR283C,0,1.5182385,0.19628550112247467,0.6910256147384644,0.28294873237609863
YDR329C,YKR038C,0,1.5181744,0.19621405005455017,0.6910256147384644,0.2830769121646881
YNR040W,YGR116W,0,1.5181735,0.19614264369010925,0.6910256147384644,0.2832051217556
YLR212C,YJL101C,0,1.5166276,0.1960712969303131,0.6910256147384644,0.28333333134651184
YBR035C,YER164W,0,1.5163989,0.19599999487400055,0.6910256147384644,0.2834615409374237
YHR207C,YBR297W,0,1.5161047,0.19592875242233276,0.6910256147384644,0.28358975052833557
YPL068C,YOR322C,0,1.5154115,0.19585755467414856,0.6910256147384644,0.28371796011924744
YER161C,YGR162W,0,1.5150809,0.19578641653060913,0.6910256147384644,0.2838461399078369
YIL026C,YOR014W,0,1.5137877,0.19571532309055328,0.6910256147384644,0.2839743494987488
YGR029W,YJR045C,0,1.513357,0.1956442892551422,0.6910256147384644,0.28410255908966064
YJL198W,YFR006W,0,1.513278,0.19557330012321472,0.6910256147384644,0.2842307686805725
YHR140W,YKR104W,0,1.5128316,0.1955023556947708,0.6910256147384644,0.2843589782714844
YDL115C,YLR430W,0,1.5126431,0.19543147087097168,0.6910256147384644,0.28448718786239624
YPR102C,YLR306W,0,1.5125744,0.19536063075065613,0.6910256147384644,0.2846153974533081
YJR158W,YIL138C,0,1.5121393,0.19528985023498535,0.6910256147384644,0.2847435772418976
YMR306W,YDR507C,0,1.5117842,0.19521912932395935,0.6910256147384644,0.28487178683280945
YBR123C,YER114C,0,1.5117725,0.19514843821525574,0.6910256147384644,0.2849999964237213
YLR381W,YLR403W,0,1.5109922,0.1950778067111969,0.6910256147384644,0.2851282060146332
YCR081W,YLR237W,0,1.5108397,0.19500723481178284,0.6910256147384644,0.28525641560554504
YPL157W,YKL164C,0,1.5108247,0.19493670761585236,0.6910256147384644,0.2853846251964569
YHL024W,YCL061C,1,1.5107192,0.19522777199745178,0.692307710647583,0.2853846251964569
YLR381W,YLR337W,0,1.5096169,0.1951572149991989,0.692307710647583,0.2855128347873688
YDL136W,YIL084C,0,1.5095782,0.19508670270442963,0.692307710647583,0.28564101457595825
YLR312C-B,YHL024W,1,1.5094965,0.1953773945569992,0.6935897469520569,0.28564101457595825
YDR170W-A,YPL090C,0,1.5091596,0.19530685245990753,0.6935897469520569,0.2857692241668701
YDR356W,YJL156C,0,1.5090904,0.19523636996746063,0.6935897469520569,0.285897433757782
YOR381W,YDL141W,0,1.50905,0.1951659470796585,0.6935897469520569,0.28602564334869385
YDL033C,YDR116C,0,1.508457,0.19509556889533997,0.6935897469520569,0.2861538529396057
YJR098C,YJR010C-A,0,1.5078322,0.195025235414505,0.6935897469520569,0.2862820625305176
YHR206W,YCL059C,0,1.5069544,0.19495496153831482,0.6935897469520569,0.28641024231910706
YBL020W,YOL019W,0,1.5066634,0.19488473236560822,0.6935897469520569,0.2865384519100189
YBR123C,YER044C,0,1.5060699,0.1948145478963852,0.6935897469520569,0.2866666615009308
YPL144W,YJR075W,0,1.5056664,0.19474442303180695,0.6935897469520569,0.28679487109184265
YBR160W,YDL017W,1,1.5054302,0.1950341910123825,0.6948717832565308,0.28679487109184265
YFL002W-A,YPL220W,0,1.5043076,0.19496402144432068,0.6948717832565308,0.2869230806827545
YLR312C-B,YPR019W,1,1.5036983,0.19525350630283356,0.6961538195610046,0.2869230806827545
YDR107C,YAL058W,0,1.5035858,0.19518332183361053,0.6961538195610046,0.2870512902736664
YOR386W,YJL062W,0,1.5035715,0.1951131820678711,0.6961538195610046,0.28717949986457825
YHR167W,YKR050W,0,1.5026082,0.19504310190677643,0.6961538195610046,0.2873076796531677
YAL020C,YJL080C,0,1.50229,0.19497306644916534,0.6961538195610046,0.2874358892440796
YDL190C,YIR002C,0,1.5019215,0.19490309059619904,0.6961538195610046,0.28756409883499146
YHR067W,YMR188C,0,1.500452,0.1948331594467163,0.6961538195610046,0.2876923084259033
YDL056W,YJR068W,1,1.4997547,0.19512194395065308,0.6974359154701233,0.2876923084259033
YDR466W,YJR076C,0,1.499473,0.19505198299884796,0.6974359154701233,0.2878205180168152
YDR134C,YDR326C,0,1.499211,0.19498208165168762,0.6974359154701233,0.28794872760772705
YER027C,YNR070W,0,1.4990447,0.19491222500801086,0.6974359154701233,0.2880769371986389
YOR315W,YJR010C-A,0,1.4981756,0.1948424130678177,0.6974359154701233,0.2882051169872284
YMR257C,YGR062C,0,1.497223,0.1947726458311081,0.6974359154701233,0.28833332657814026
YLR459W,YHR161C,0,1.4964503,0.19470293819904327,0.6974359154701233,0.2884615361690521
YFR037C,YBL022C,0,1.4964107,0.19463327527046204,0.6974359154701233,0.288589745759964
YMR306W,YLR337W,0,1.4957681,0.19456365704536438,0.6974359154701233,0.28871795535087585
YDR486C,YDR380W,0,1.4956682,0.1944940984249115,0.6974359154701233,0.2888461649417877
YLL062C,YDR376W,0,1.4956489,0.1944245845079422,0.6974359154701233,0.2889743447303772
YJR076C,YLL035W,0,1.495409,0.19435513019561768,0.6974359154701233,0.28910255432128906
YJR098C,YKL116C,0,1.4950372,0.19428572058677673,0.6974359154701233,0.2892307639122009
YLR371W,YIR015W,0,1.4950109,0.19421635568141937,0.6974359154701233,0.2893589735031128
YOR181W,YPL189C-A,0,1.4947373,0.1941470354795456,0.6974359154701233,0.28948718309402466
YOR174W,YKL028W,0,1.4945254,0.1940777748823166,0.6974359154701233,0.2896153926849365
YDR117C,YHR086W,0,1.4944577,0.19400855898857117,0.6974359154701233,0.2897436022758484
YMR298W,YPL022W,0,1.4942212,0.19393938779830933,0.6974359154701233,0.28987178206443787
YCR029C-A,YPL206C,0,1.4937674,0.19387027621269226,0.6974359154701233,0.28999999165534973
YAR015W,YAL013W,0,1.4928992,0.19380120933055878,0.6974359154701233,0.2901282012462616
YLR214W,YCR092C,0,1.4926193,0.19373218715190887,0.6974359154701233,0.29025641083717346
YDR055W,YKL158W,0,1.4902478,0.19366322457790375,0.6974359154701233,0.2903846204280853
YBR205W,YJL221C,0,1.4901819,0.1935943067073822,0.6974359154701233,0.2905128300189972
YLR312C-B,YDR121W,1,1.4892507,0.19388118386268616,0.6987179517745972,0.2905128300189972
YDR466W,YDL033C,0,1.4890401,0.19381223618984222,0.6987179517745972,0.29064103960990906
YOL105C,YPL017C,0,1.4888506,0.19374333322048187,0.6987179517745972,0.29076921939849854
YNL280C,YNL325C,0,1.4884796,0.1936744898557663,0.6987179517745972,0.2908974289894104
YOR384W,YEL021W,0,1.4880948,0.1936056911945343,0.6987179517745972,0.29102563858032227
YDR139C,YMR071C,0,1.4876865,0.1935369372367859,0.6987179517745972,0.29115384817123413
YBR198C,YBL074C,0,1.486635,0.19346822798252106,0.6987179517745972,0.291282057762146
YJL046W,YOR228C,0,1.4864012,0.193399578332901,0.6987179517745972,0.29141026735305786
YNR040W,YER030W,0,1.4861994,0.19333097338676453,0.6987179517745972,0.29153844714164734
YIR014W,YDL115C,0,1.4861426,0.19326241314411163,0.6987179517745972,0.2916666567325592
YPL189C-A,YER020W,0,1.4852258,0.19319389760494232,0.6987179517745972,0.29179486632347107
YPL106C,YPL092W,0,1.4851496,0.19312544167041779,0.6987179517745972,0.29192307591438293
YHL008C,YER133W,0,1.4849375,0.19305703043937683,0.6987179517745972,0.2920512855052948
YDR363W-A,YIR002C,0,1.4834669,0.19298866391181946,0.6987179517745972,0.29217949509620667
YMR211W,YFR008W,0,1.4832011,0.19292035698890686,0.6987179517745972,0.29230770468711853
YFL036W,YML124C,0,1.4825883,0.19285209476947784,0.6987179517745972,0.292435884475708
YDL192W,YOR290C,0,1.4820627,0.1927838772535324,0.6987179517745972,0.2925640940666199
YPR192W,YLR265C,0,1.4814346,0.19271570444107056,0.6987179517745972,0.29269230365753174
YBL039C,YLR433C,0,1.481116,0.19264757633209229,0.6987179517745972,0.2928205132484436
YGR101W,YBL061C,0,1.4801837,0.1925795078277588,0.6987179517745972,0.29294872283935547
YHR027C,YDR376W,0,1.4801487,0.19251148402690887,0.6987179517745972,0.29307693243026733
YLR283W,YMR233W,0,1.4799688,0.19244350492954254,0.6987179517745972,0.2932051420211792
YGR075C,YKL158W,0,1.4796556,0.1923755705356598,0.6987179517745972,0.2933333218097687
YBR022W,YLR418C,0,1.4794996,0.19230769574642181,0.6987179517745972,0.29346153140068054
YKL088W,YOR014W,0,1.4793787,0.19223986566066742,0.6987179517745972,0.2935897409915924
YDR219C,YGR035C,0,1.4793613,0.1921720802783966,0.6987179517745972,0.2937179505825043
YHL024W,YKL108W,1,1.4793139,0.19245682656764984,0.699999988079071,0.2937179505825043
YGR262C,YBL090W,0,1.4790701,0.19238901138305664,0.699999988079071,0.29384616017341614
YBR205W,YBR207W,0,1.4790688,0.19232124090194702,0.699999988079071,0.293974369764328
YGL168W,YPL153C,1,1.4790454,0.1926056295633316,0.7012820243835449,0.293974369764328
YDR118W,YBL090W,0,1.477843,0.1925378441810608,0.7012820243835449,0.2941025495529175
YNL185C,YML037C,0,1.476913,0.19247008860111237,0.7012820243835449,0.29423075914382935
YCR029C-A,YCL055W,0,1.4766475,0.19240239262580872,0.7012820243835449,0.2943589687347412
YGR262C,YKR104W,0,1.4760361,0.19233474135398865,0.7012820243835449,0.2944871783256531
YDR134C,YNR047W,0,1.475508,0.19226713478565216,0.7012820243835449,0.29461538791656494
YER083C,YDL007W,0,1.4754375,0.19219957292079926,0.7012820243835449,0.2947435975074768
YHR039C-B,YML115C,0,1.4752771,0.19213207066059113,0.7012820243835449,0.29487180709838867
YFR006W,YGR188C,0,1.4751132,0.19206461310386658,0.7012820243835449,0.29499998688697815
YER173W,YGR272C,0,1.4749562,0.19199718534946442,0.7012820243835449,0.29512819647789
YPL017C,YMR150C,0,1.4745414,0.19192981719970703,0.7012820243835449,0.2952564060688019
YDR270W,YLR097C,0,1.4744742,0.19186250865459442,0.7012820243835449,0.29538461565971375
YBL021C,YGR162W,0,1.4744465,0.1917952299118042,0.7012820243835449,0.2955128252506256
YDL101C,YPL153C,1,1.4741993,0.19207851588726044,0.7025641202926636,0.2955128252506256
YKL004W,YPR168W,0,1.4738134,0.19201120734214783,0.7025641202926636,0.2956410348415375
YHR140W,YPL172C,0,1.4734857,0.19194395840168,0.7025641202926636,0.29576924443244934
YDL099W,YDL146W,0,1.4734132,0.19187675416469574,0.7025641202926636,0.2958974242210388
YDR219C,YLR427W,0,1.4733052,0.19180959463119507,0.7025641202926636,0.2960256338119507
YDL138W,YIL090W,0,1.4720116,0.19174247980117798,0.7025641202926636,0.29615384340286255
YDR481C,YLR265C,0,1.4718444,0.19167540967464447,0.7025641202926636,0.2962820529937744
YHR086W,YER106W,0,1.4715354,0.19160838425159454,0.7025641202926636,0.2964102625846863
YNL049C,YLR207W,0,1.4715185,0.1915414184331894,0.7025641202926636,0.29653847217559814
YGL003C,YJR065C,0,1.4713341,0.19147449731826782,0.7025641202926636,0.2966666519641876
YJR110W,YJL062W,0,1.4712942,0.19140762090682983,0.7025641202926636,0.2967948615550995
YOR155C,YPL017C,0,1.4710784,0.19134078919887543,0.7025641202926636,0.29692307114601135
YAL041W,YOR322C,0,1.4710431,0.1912740021944046,0.7025641202926636,0.2970512807369232
YLR312C-B,YDL056W,1,1.4707627,0.1915561705827713,0.7038461565971375,0.2970512807369232
YDR312W,YDR130C,0,1.4704865,0.19148936867713928,0.7038461565971375,0.2971794903278351
YLR414C,YLR433C,0,1.4698904,0.19142259657382965,0.7038461565971375,0.29730769991874695
YJL165C,YPL144W,0,1.4688966,0.1913558691740036,0.7038461565971375,0.2974359095096588
YIR014W,YLR418C,0,1.4687723,0.19128920137882233,0.7038461565971375,0.2975640892982483
YCL061C,YGL251C,1,1.4680108,0.19157087802886963,0.7051281929016113,0.2975640892982483
YDL114W,YJR075W,0,1.4674355,0.19150418043136597,0.7051281929016113,0.29769229888916016
YGR124W,YAL044C,0,1.4673204,0.1914375275373459,0.7051281929016113,0.297820508480072
YHR039C-B,YLR403W,0,1.4664476,0.1913709044456482,0.7051281929016113,0.2979487180709839
YBR264C,YIL145C,0,1.4662215,0.19130434095859528,0.7051281929016113,0.29807692766189575
YDL127W,YDR529C,0,1.466003,0.19123783707618713,0.7051281929016113,0.2982051372528076
YBR022W,YDR088C,0,1.4658002,0.19117136299610138,0.7051281929016113,0.2983333468437195
YOR046C,YLR286C,0,1.4657807,0.1911049336194992,0.7051281929016113,0.29846152663230896
YLR079W,YGR014W,0,1.465363,0.19103854894638062,0.7051281929016113,0.2985897362232208
YLR188W,YOL123W,0,1.4652247,0.1909722238779068,0.7051281929016113,0.2987179458141327
YBR240C,YIL172C,0,1.4641484,0.19090592861175537,0.7051281929016113,0.29884615540504456
YNL206C,YKL028W,0,1.4639345,0.19083969295024872,0.7051281929016113,0.2989743649959564
YDR393W,YMR150C,0,1.4634697,0.19077350199222565,0.7051281929016113,0.2991025745868683
YKL108W,YPR019W,1,1.4621875,0.1910540908575058,0.7064102292060852,0.2991025745868683
YOR356W,YOR143C,0,1.4619359,0.19098787009716034,0.7064102292060852,0.29923075437545776
YGL210W,YOL157C,0,1.4618423,0.19092169404029846,0.7064102292060852,0.29935896396636963
YOR155C,YJL108C,0,1.4615154,0.19085556268692017,0.7064102292060852,0.2994871735572815
YOR315W,YLR448W,0,1.4603242,0.19078947603702545,0.7064102292060852,0.29961538314819336
YJR097W,YBR105C,0,1.4601694,0.19072343409061432,0.7064102292060852,0.2997435927391052
YGL168W,YBR160W,1,1.4600818,0.1910034567117691,0.7076923251152039,0.2997435927391052
YDR341C,YOR389W,0,1.4598968,0.19093738496303558,0.7076923251152039,0.2998718023300171
YFR008W,YDR044W,0,1.4594697,0.19087137281894684,0.7076923251152039,0.30000001192092896
YGL205W,YPR031W,0,1.4590704,0.19080539047718048,0.7076923251152039,0.30012819170951843
YKL156W,YOR043W,0,1.4589392,0.1907394677400589,0.7076923251152039,0.3002564013004303
YKL199C,YDR117C,0,1.4587553,0.1906735748052597,0.7076923251152039,0.30038461089134216
YEL065W,YML087C,0,1.4584001,0.19060774147510529,0.7076923251152039,0.30051282048225403
YML124C,YGR200C,0,1.4582524,0.19054193794727325,0.7076923251152039,0.3006410300731659
YKL004W,YGL123W,0,1.4579959,0.190476194024086,0.7076923251152039,0.30076923966407776
YDL038C,YOR120W,0,1.457702,0.19041047990322113,0.7076923251152039,0.3008974492549896
YJR098C,YJR135W-A,0,1.457338,0.19034482538700104,0.7076923251152039,0.3010256290435791
YMR306W,YPR016C,0,1.4570966,0.19027921557426453,0.7076923251152039,0.30115383863449097
YCL075W,YHR044C,0,1.4564587,0.1902136504650116,0.7076923251152039,0.30128204822540283
YPL231W,YGR220C,0,1.4559593,0.19014813005924225,0.7076923251152039,0.3014102578163147
YDL200C,YMR204C,0,1.4558848,0.1900826394557953,0.7076923251152039,0.30153846740722656
YPL148C,YHL036W,0,1.4558069,0.1900172084569931,0.7076923251152039,0.3016666769981384
YBR033W,YCR029C-A,0,1.4557612,0.1899518221616745,0.7076923251152039,0.3017948865890503
YCL059C,YKR105C,0,1.4553913,0.18988648056983948,0.7076923251152039,0.30192306637763977
YDR096W,YDR443C,0,1.453897,0.18982118368148804,0.7076923251152039,0.30205127596855164
YJR060W,YHR086W,0,1.4531622,0.18975593149662018,0.7076923251152039,0.3021794855594635
YGR106C,YIL112W,0,1.45315,0.1896907240152359,0.7076923251152039,0.30230769515037537
YLR147C,YPL281C,0,1.4531431,0.1896255612373352,0.7076923251152039,0.30243590474128723
YDR121W,YJR068W,1,1.4528208,0.1899038404226303,0.7089743614196777,0.30243590474128723
YDR036C,YEL064C,0,1.4519004,0.18983864784240723,0.7089743614196777,0.3025641143321991
YBR245C,YDR055W,0,1.4513419,0.18977349996566772,0.7089743614196777,0.3026922941207886
YLR154C,YCL061C,1,1.4500338,0.19005145132541656,0.7102563977241516,0.3026922941207886
YBR289W,YAL025C,0,1.4500234,0.18998628854751587,0.7102563977241516,0.30282050371170044
YKL179C,YNL115C,0,1.4491282,0.18992115557193756,0.7102563977241516,0.3029487133026123
YIL070C,YDR247W,0,1.4487647,0.18985606729984283,0.7102563977241516,0.30307692289352417
YOR037W,YGL155W,0,1.4487232,0.1897910237312317,0.7102563977241516,0.30320513248443604
YDL056W,YOR217W,1,1.4486114,0.19006849825382233,0.7115384340286255,0.30320513248443604
YBR048W,YNR040W,0,1.4473319,0.1900034248828888,0.7115384340286255,0.3033333420753479
YNR001C,YNR040W,0,1.446758,0.18993839621543884,0.7115384340286255,0.30346155166625977
YIL150C,YDR054C,1,1.4464246,0.19021552801132202,0.7128205299377441,0.30346155166625977
YKL179C,YGL157W,0,1.44588,0.19015048444271088,0.7128205299377441,0.30358973145484924
YFR037C,YFR008W,0,1.4457104,0.19008547067642212,0.7128205299377441,0.3037179410457611
YDL146W,YML081C-A,0,1.4456148,0.19002050161361694,0.7128205299377441,0.303846150636673
YDR479C,YPL174C,0,1.445608,0.18995559215545654,0.7128205299377441,0.30397436022758484
YFL036W,YBL082C,0,1.4450176,0.18989071249961853,0.7128205299377441,0.3041025698184967
YBR022W,YMR036C,0,1.4444971,0.1898258775472641,0.7128205299377441,0.30423077940940857
YFL047W,YHR067W,0,1.444252,0.18976108729839325,0.7128205299377441,0.30435898900032043
YGL035C,YJL189W,0,1.4440656,0.18969635665416718,0.7128205299377441,0.3044871687889099
YOR155C,YCL027W,0,1.4440119,0.1896316558122635,0.7128205299377441,0.3046153783798218
YLR312C-B,YDR069C,1,1.4435713,0.18990793824195862,0.714102566242218,0.3046153783798218
YJL165C,YGL249W,0,1.4435146,0.18984322249889374,0.714102566242218,0.30474358797073364
YIL004C,YNL091W,0,1.4434731,0.18977853655815125,0.714102566242218,0.3048717975616455
YPL059W,YDR130C,0,1.4432473,0.18971389532089233,0.714102566242218,0.3050000071525574
YGR158C,YHR099W,0,1.4422159,0.189649298787117,0.714102566242218,0.30512821674346924
YPR047W,YML009C,0,1.4421021,0.18958474695682526,0.714102566242218,0.3052563965320587
YER120W,YPL202C,0,1.4419413,0.1895202398300171,0.714102566242218,0.3053846061229706
YDR248C,YHR052W,0,1.441831,0.1894557774066925,0.714102566242218,0.30551281571388245
YIL039W,YDL030W,0,1.4416984,0.1893913596868515,0.714102566242218,0.3056410253047943
YPL074W,YPR122W,0,1.4415495,0.18932698667049408,0.714102566242218,0.3057692348957062
YGL089C,YBR048W,0,1.4413464,0.18926265835762024,0.714102566242218,0.30589744448661804
YJR160C,YIL084C,0,1.4412725,0.18919837474822998,0.714102566242218,0.3060256540775299
YDR511W,YIR037W,0,1.440907,0.1891341209411621,0.714102566242218,0.3061538338661194
YIR012W,YIL145C,0,1.4405162,0.189069926738739,0.714102566242218,0.30628204345703125
YOR257W,YKR009C,0,1.4403868,0.1890057623386383,0.714102566242218,0.3064102530479431
YMR281W,YPL189C-A,0,1.4391487,0.18894165754318237,0.714102566242218,0.306538462638855
YNL136W,YHR011W,0,1.4389434,0.18887758255004883,0.714102566242218,0.30666667222976685
YDL006W,YML037C,0,1.4381797,0.18881355226039886,0.714102566242218,0.3067948818206787
YGL161C,YIL115C,0,1.4375573,0.18874958157539368,0.714102566242218,0.3069230914115906
YEL064C,YHR129C,0,1.4369421,0.18868564069271088,0.714102566242218,0.30705127120018005
YER061C,YDR421W,0,1.4366316,0.18862174451351166,0.714102566242218,0.3071794807910919
YOR290C,YPL038W,0,1.4364043,0.18855789303779602,0.714102566242218,0.3073076903820038
YPR070W,YCR047C,0,1.4363858,0.18849407136440277,0.714102566242218,0.30743589997291565
YJL198W,YOL157C,0,1.436364,0.1884303092956543,0.714102566242218,0.3075641095638275
YBL017C,YML088W,0,1.4363322,0.1883665919303894,0.714102566242218,0.3076923191547394
YHR172W,YIL136W,0,1.4362981,0.1883029043674469,0.714102566242218,0.30782049894332886
YNL217W,YOR270C,0,1.4360533,0.18823927640914917,0.714102566242218,0.3079487085342407
YOR389W,YJL108C,0,1.4353626,0.18817567825317383,0.714102566242218,0.3080769181251526
YEL064C,YIL115C,0,1.4351617,0.18811212480068207,0.714102566242218,0.30820512771606445
YPR108W,YHR044C,0,1.4346828,0.1880486160516739,0.714102566242218,0.3083333373069763
YPR049C,YIL138C,0,1.4344743,0.1879851520061493,0.714102566242218,0.3084615468978882
YDR093W,YJR089W,0,1.4324491,0.18792173266410828,0.714102566242218,0.30858975648880005
YBR176W,YPL174C,0,1.4321195,0.18785834312438965,0.714102566242218,0.3087179362773895
YPL159C,YEL058W,0,1.4318192,0.1877950131893158,0.714102566242218,0.3088461458683014
YLR204W,YML070W,0,1.4317763,0.18773171305656433,0.714102566242218,0.30897435545921326
YOR356W,YNR040W,0,1.4317672,0.18766845762729645,0.714102566242218,0.3091025650501251
YML015C,YNL146W,0,1.431474,0.18760524690151215,0.714102566242218,0.309230774641037
YHR076W,YDR177W,0,1.4306808,0.18754208087921143,0.714102566242218,0.30935898423194885
YCR047C,YBL010C,0,1.4303238,0.1874789595603943,0.714102566242218,0.3094871938228607
YLR312C-B,YKL108W,1,1.4299791,0.1877523511648178,0.7153846025466919,0.3094871938228607
YPL189C-A,YHR086W,0,1.4292626,0.18768920004367828,0.7153846025466919,0.3096153736114502
YLR312C-B,YKL017C,1,1.4288656,0.1879623383283615,0.7166666388511658,0.3096153736114502
YDR279W,YER070W,1,1.4287447,0.1882352977991104,0.7179487347602844,0.3096153736114502
YBR296C,YBR092C,0,1.4282236,0.18817204236984253,0.7179487347602844,0.30974358320236206
YCL027W,YFL039C,0,1.4278944,0.18810883164405823,0.7179487347602844,0.3098717927932739
YFL002W-A,YHR099W,0,1.4276913,0.1880456656217575,0.7179487347602844,0.3100000023841858
YIL150C,YBR160W,1,1.4274712,0.18831822276115417,0.7192307710647583,0.3100000023841858
YBR291C,YOL103W,0,1.427417,0.18825502693653107,0.7192307710647583,0.31012821197509766
YPR158C-D,YGL155W,0,1.4270738,0.18819187581539154,0.7192307710647583,0.3102564215660095
YOL030W,YAL035W,0,1.4269868,0.1881287693977356,0.7192307710647583,0.310384601354599
YPL220W,YPR021C,0,1.4266187,0.18806570768356323,0.7192307710647583,0.31051281094551086
YDR478W,YDR031W,0,1.4265895,0.18800267577171326,0.7192307710647583,0.31064102053642273
YGR159C,YMR211W,0,1.426297,0.18793970346450806,0.7192307710647583,0.3107692301273346
YLR370C,YDL138W,0,1.4252875,0.18787676095962524,0.7192307710647583,0.31089743971824646
YMR006C,YJR089W,0,1.4250809,0.187813863158226,0.7192307710647583,0.3110256493091583
YHL008C,YIR037W,0,1.4249672,0.18775101006031036,0.7192307710647583,0.3111538589000702
YBL103C,YLR098C,0,1.4241076,0.1876881867647171,0.7192307710647583,0.31128203868865967
YMR070W,YOL117W,0,1.4232593,0.18762542307376862,0.7192307710647583,0.31141024827957153
YDR036C,YPR028W,0,1.4232237,0.18756268918514252,0.7192307710647583,0.3115384578704834
YKL089W,YIL072W,0,1.4232149,0.1875,0.7192307710647583,0.31166666746139526
YJR097W,YNL189W,0,1.4228172,0.18743735551834106,0.7192307710647583,0.31179487705230713
YHL009W-B,YOL117W,0,1.4225804,0.1873747557401657,0.7192307710647583,0.311923086643219
YDL195W,YMR163C,0,1.4223113,0.18731218576431274,0.7192307710647583,0.31205129623413086
YNL330C,YNL339C,0,1.422212,0.18724966049194336,0.7192307710647583,0.31217947602272034
YOR389W,YKR030W,0,1.4219226,0.18718717992305756,0.7192307710647583,0.3123076856136322
YDR242W,YDR239C,0,1.4215858,0.18712474405765533,0.7192307710647583,0.31243589520454407
YDL069C,YER140W,0,1.4214783,0.1870623528957367,0.7192307710647583,0.31256410479545593
YCR096C,YNL101W,0,1.4214586,0.18700000643730164,0.7192307710647583,0.3126923143863678
YOR182C,YLR265C,0,1.4211819,0.18693768978118896,0.7192307710647583,0.31282052397727966
YNL112W,YJR060W,0,1.4208437,0.18687541782855988,0.7192307710647583,0.31294870376586914
YLR158C,YOL056W,0,1.4205616,0.18681319057941437,0.7192307710647583,0.313076913356781
YAL020C,YCL059C,0,1.4203572,0.18675099313259125,0.7192307710647583,0.31320512294769287
YHR031C,YDR052C,1,1.4201612,0.1870216280221939,0.7205128073692322,0.31320512294769287
YOL152W,YLR010C,0,1.420148,0.1869594156742096,0.7205128073692322,0.31333333253860474
YMR290C,YPR096C,0,1.4199891,0.18689723312854767,0.7205128073692322,0.3134615421295166
YKL199C,YGL095C,0,1.4196355,0.18683511018753052,0.7205128073692322,0.31358975172042847
YFL044C,YMR204C,0,1.4193773,0.18677301704883575,0.7205128073692322,0.31371796131134033
YPR158C-D,YJR094W-A,0,1.4191905,0.18671096861362457,0.7205128073692322,0.3138461410999298
YLR170C,YNL227C,0,1.4190347,0.18664894998073578,0.7205128073692322,0.3139743506908417
YLR090W,YER030W,0,1.4189224,0.18658699095249176,0.7205128073692322,0.31410256028175354
YGR063C,YGR279C,0,1.418818,0.18652506172657013,0.7205128073692322,0.3142307698726654
YLR373C,YDR247W,0,1.4186851,0.18646317720413208,0.7205128073692322,0.31435897946357727
YNL330C,YOR337W,0,1.418432,0.18640132248401642,0.7205128073692322,0.31448718905448914
YHR101C,YNR020C,0,1.4175916,0.18633952736854553,0.7205128073692322,0.314615398645401
YDR531W,YIL027C,0,1.4175746,0.18627776205539703,0.7205128073692322,0.3147435784339905
YDL166C,YNL212W,0,1.417088,0.18621604144573212,0.7205128073692322,0.31487178802490234
YLR337W,YDR298C,0,1.4142166,0.1861543506383896,0.7205128073692322,0.3149999976158142
YCR047C,YPL257W-A,0,1.4138298,0.18609271943569183,0.7205128073692322,0.3151282072067261
YDR210W-B,YGR054W,0,1.4133568,0.18603111803531647,0.7205128073692322,0.31525641679763794
YMR233W,YGR101W,0,1.413272,0.18596956133842468,0.7205128073692322,0.3153846263885498
YDL019C,YLR265C,0,1.4130973,0.18590803444385529,0.7205128073692322,0.3155128061771393
YIL034C,YNL115C,0,1.4129119,0.18584656715393066,0.7205128073692322,0.31564101576805115
YPR137C-B,YJL136C,0,1.4126474,0.18578512966632843,0.7205128073692322,0.315769225358963
YHR101C,YER184C,0,1.4125078,0.18572372198104858,0.7205128073692322,0.3158974349498749
YGL251C,YPR019W,1,1.4124725,0.18599273264408112,0.721794843673706,0.3158974349498749
YGL253W,YER089C,0,1.4124501,0.18593131005764008,0.721794843673706,0.31602564454078674
YLR008C,YEL064C,0,1.4115362,0.18586991727352142,0.721794843673706,0.3161538541316986
YKR090W,YMR184W,0,1.4114377,0.18580858409404755,0.721794843673706,0.3162820637226105
YCR040W,YOR067C,0,1.4112916,0.18574728071689606,0.721794843673706,0.31641024351119995
YKR038C,YMR221C,0,1.4110796,0.18568602204322815,0.721794843673706,0.3165384531021118
YMR264W,YBR041W,0,1.4106299,0.18562479317188263,0.721794843673706,0.3166666626930237
YBR041W,YLR337W,0,1.4103148,0.1855636090040207,0.721794843673706,0.31679487228393555
YNL325C,YAL003W,0,1.409878,0.18550246953964233,0.721794843673706,0.3169230818748474
YPR158C-D,YCL059C,0,1.4090209,0.18544137477874756,0.721794843673706,0.3170512914657593
YNL046W,YBR164C,0,1.4090192,0.18538030982017517,0.721794843673706,0.31717950105667114
YMR257C,YPR122W,0,1.40892,0.18531928956508636,0.721794843673706,0.3173076808452606
YDR060W,YOR075W,0,1.4089093,0.18525831401348114,0.721794843673706,0.3174358904361725
YCR020C,YML094W,0,1.4080105,0.1851973682641983,0.721794843673706,0.31756410002708435
YMR166C,YLR214W,0,1.4078554,0.18513646721839905,0.721794843673706,0.3176923096179962
YJL073W,YJR068W,1,1.4075462,0.18540434539318085,0.7230769395828247,0.3176923096179962
YDR261W-B,YPR028W,0,1.4073654,0.1853434145450592,0.7230769395828247,0.3178205192089081
YLR396C,YJR001W,0,1.4069985,0.18528252840042114,0.7230769395828247,0.31794872879981995
YDR299W,YML043C,0,1.4068685,0.18522167205810547,0.7230769395828247,0.3180769085884094
YDR316W-A,YPL143W,0,1.4067348,0.18516086041927338,0.7230769395828247,0.3182051181793213
YLR364W,YMR037C,0,1.4065858,0.18510009348392487,0.7230769395828247,0.31833332777023315
YOR343W-A,YHR010W,0,1.4065771,0.18503937125205994,0.7230769395828247,0.318461537361145
YMR211W,YOL140W,0,1.4059769,0.1849786788225174,0.7230769395828247,0.3185897469520569
YDL210W,YML094W,0,1.4058449,0.18491803109645844,0.7230769395828247,0.31871795654296875
YKL199C,YCR037C,0,1.4056364,0.18485742807388306,0.7230769395828247,0.3188461661338806
YOR174W,YJR029W,0,1.4055626,0.18479685485363007,0.7230769395828247,0.3189743459224701
YDL143W,YBL061C,0,1.4051402,0.18473632633686066,0.7230769395828247,0.31910255551338196
YDR316W-A,YLL011W,0,1.4050399,0.18467582762241364,0.7230769395828247,0.3192307651042938
YPR158C-D,YJL148W,0,1.4050004,0.1846153885126114,0.7230769395828247,0.3193589746952057
YFL047W,YGL090W,0,1.404902,0.18455497920513153,0.7230769395828247,0.31948718428611755
YCR029C-A,YER106W,0,1.4048177,0.18449459969997406,0.7230769395828247,0.3196153938770294
YML085C,YJL109C,0,1.404792,0.18443426489830017,0.7230769395828247,0.3197436034679413
YJR094W-A,YPL257W-A,0,1.404488,0.18437397480010986,0.7230769395828247,0.31987178325653076
YDR126W,YML085C,0,1.404021,0.18431372940540314,0.7230769395828247,0.3199999928474426
YGL210W,YPL095C,0,1.4036778,0.1842535138130188,0.7230769395828247,0.3201282024383545
YBR001C,YGR076C,0,1.4031644,0.18419334292411804,0.7230769395828247,0.32025641202926636
YCR096C,YNR045W,0,1.4027985,0.18413320183753967,0.7230769395828247,0.3203846216201782
YPL068C,YNR041C,0,1.4025716,0.18407310545444489,0.7230769395828247,0.3205128312110901
YJL165C,YHR013C,0,1.4018924,0.18401305377483368,0.7230769395828247,0.32064101099967957
YLR312C-B,YJL073W,1,1.401518,0.1842791885137558,0.7243589758872986,0.32064101099967957
YJL101C,YHR036W,0,1.4014716,0.1842191070318222,0.7243589758872986,0.32076922059059143
YPL106C,YDR532C,0,1.4014444,0.184159055352211,0.7243589758872986,0.3208974301815033
YJR098C,YDL115C,0,1.4014039,0.18409904837608337,0.7243589758872986,0.32102563977241516
YOR037W,YBR245C,0,1.4013655,0.18403908610343933,0.7243589758872986,0.321153849363327
YLR040C,YML115C,0,1.4013408,0.18397915363311768,0.7243589758872986,0.3212820589542389
YJL143W,YNL098C,0,1.4007554,0.1839192658662796,0.7243589758872986,0.32141026854515076
YHR021C,YPL269W,0,1.4007542,0.1838594228029251,0.7243589758872986,0.32153844833374023
YBL093C,YOL002C,0,1.4000963,0.183799609541893,0.7243589758872986,0.3216666579246521
YMR045C,YOR306C,0,1.4000627,0.18373984098434448,0.7243589758872986,0.32179486751556396
YGL137W,YPL159C,0,1.3992887,0.18368010222911835,0.7243589758872986,0.32192307710647583
YLR170C,YOR386W,0,1.3992252,0.1836204081773758,0.7243589758872986,0.3220512866973877
YDR128W,YGR234W,0,1.3990115,0.18356075882911682,0.7243589758872986,0.32217949628829956
YML077W,YDR047W,0,1.3988255,0.18350113928318024,0.7243589758872986,0.3223077058792114
YER159C-A,YIL112W,0,1.3988119,0.18344156444072723,0.7243589758872986,0.3224358856678009
YIL171W,YML115C,0,1.3986561,0.18338201940059662,0.7243589758872986,0.32256409525871277
YDR261W-B,YOR221C,0,1.3984573,0.18332251906394958,0.7243589758872986,0.32269230484962463
YOR124C,YGR234W,0,1.3980086,0.18326304852962494,0.7243589758872986,0.3228205144405365
YKL154W,YPL257W-A,0,1.3977871,0.18320363759994507,0.7243589758872986,0.32294872403144836
YPL144W,YPR158C-D,0,1.3975902,0.1831442415714264,0.7243589758872986,0.32307693362236023
YCR053W,YBL074C,0,1.3965911,0.1830849051475525,0.7243589758872986,0.3232051134109497
YDR242W,YBR012W-A,0,1.3965616,0.18302559852600098,0.7243589758872986,0.3233333230018616
YBR001C,YDR044W,0,1.396537,0.18296632170677185,0.7243589758872986,0.32346153259277344
YPR063C,YMR165C,0,1.3961595,0.1829070895910263,0.7243589758872986,0.3235897421836853
YHR207C,YHR013C,0,1.3960233,0.18284790217876434,0.7243589758872986,0.32371795177459717
YFR032C-A,YPR063C,0,1.3952863,0.18278874456882477,0.7243589758872986,0.32384616136550903
YJL046W,YPR098C,0,1.3946831,0.18272963166236877,0.7243589758872986,0.3239743709564209
YLR418C,YMR045C,0,1.3945396,0.18267054855823517,0.7243589758872986,0.3241025507450104
YGL210W,YOR257W,0,1.3945367,0.18261151015758514,0.7243589758872986,0.32423076033592224
YOR343W-A,YGR124W,0,1.3942003,0.1825525015592575,0.7243589758872986,0.3243589699268341
YCR081W,YOR332W,0,1.3941369,0.18249353766441345,0.7243589758872986,0.32448717951774597
YLR032W,YAL035W,0,1.3939061,0.18243461847305298,0.7243589758872986,0.32461538910865784
YKR014C,YJL108C,0,1.393702,0.1823757290840149,0.7243589758872986,0.3247435986995697
YHL008C,YCL069W,0,1.393313,0.1823168694972992,0.7243589758872986,0.32487180829048157
YOL005C,YDR044W,0,1.3933077,0.18225806951522827,0.7243589758872986,0.32499998807907104
YLR312C-B,YGL168W,1,1.3929442,0.1825217604637146,0.7256410121917725,0.32499998807907104
YOL103W,YDR393W,0,1.3929081,0.1824629306793213,0.7256410121917725,0.3251281976699829
YMR290C,YGR188C,0,1.3921123,0.18240413069725037,0.7256410121917725,0.3252564072608948
YKR014C,YMR037C,0,1.3919973,0.18234536051750183,0.7256410121917725,0.32538461685180664
YJL170C,YDL095W,0,1.3919041,0.18228663504123688,0.7256410121917725,0.3255128264427185
YOR343W-A,YEL058W,0,1.3917959,0.1822279393672943,0.7256410121917725,0.32564103603363037
YKL088W,YOR306C,0,1.391787,0.18216928839683533,0.7256410121917725,0.32576924562454224
YDR210W-B,YER126C,0,1.3911653,0.18211068212985992,0.7256410121917725,0.3258974254131317
YLR312C-B,YDR279W,1,1.3908234,0.1823737472295761,0.7269230484962463,0.3258974254131317
YOR151C,YBR012W-B,0,1.3906407,0.18231511116027832,0.7269230484962463,0.3260256350040436
YOR386W,YHR136C,0,1.3903512,0.18225650489330292,0.7269230484962463,0.32615384459495544
YNR061C,YJL056C,0,1.3900377,0.1821979433298111,0.7269230484962463,0.3262820541858673
YPL204W,YFR007W,0,1.390018,0.18213941156864166,0.7269230484962463,0.3264102637767792
YMR166C,YFL002W-A,0,1.3899028,0.1820809245109558,0.7269230484962463,0.32653847336769104
YHR025W,YOR076C,0,1.3895895,0.18202246725559235,0.7269230484962463,0.3266666531562805
YER070W,YLR154C,1,1.3894049,0.18228498101234436,0.728205144405365,0.3266666531562805
YPR070W,YCR037C,0,1.3893673,0.1822264939546585,0.728205144405365,0.3267948627471924
YJR001W,YPR042C,0,1.3890004,0.18216805160045624,0.728205144405365,0.32692307233810425
YDR329C,YER120W,0,1.3889822,0.18210965394973755,0.728205144405365,0.3270512819290161
YPL174C,YKL198C,0,1.3888022,0.18205128610134125,0.728205144405365,0.327179491519928
YGR104C,YDR158W,0,1.3887556,0.18199294805526733,0.728205144405365,0.32730770111083984
YDL038C,YDR044W,0,1.3878706,0.181934654712677,0.728205144405365,0.3274359107017517
YJR143C,YDR034C-C,0,1.3870264,0.18187640607357025,0.728205144405365,0.3275640904903412
YLR370C,YMR224C,0,1.386916,0.1818181872367859,0.728205144405365,0.32769230008125305
YGR159C,YDL069C,0,1.3868724,0.1817599982023239,0.728205144405365,0.3278205096721649
YDR456W,YJR089W,0,1.3866062,0.18170185387134552,0.728205144405365,0.3279487192630768
YER087C-A,YBL093C,0,1.3861445,0.1816437542438507,0.728205144405365,0.32807692885398865
YFL004W,YDR170W-A,0,1.3854121,0.18158568441867828,0.728205144405365,0.3282051384449005
YNL331C,YDR534C,0,1.3851985,0.18152764439582825,0.728205144405365,0.3283333480358124
YNL077W,YDR210W-B,0,1.3846616,0.1814696490764618,0.728205144405365,0.32846152782440186
YIL004C,YOL147C,0,1.3843457,0.18141168355941772,0.728205144405365,0.3285897374153137
YDL101C,YDR501W,1,1.3843435,0.1816730499267578,0.7294871807098389,0.3285897374153137
YKL212W,YDR034C-C,0,1.3842673,0.18161506950855255,0.7294871807098389,0.3287179470062256
YNL166C,YKR048C,0,1.3841393,0.18155711889266968,0.7294871807098389,0.32884615659713745
YIL027C,YMR198W,0,1.3838762,0.1814991980791092,0.7294871807098389,0.3289743661880493
YNR027W,YOR192C-B,0,1.3838731,0.1814413219690323,0.7294871807098389,0.3291025757789612
YGR101W,YER112W,0,1.3836929,0.18138349056243896,0.7294871807098389,0.32923075556755066
YNR043W,YOR343W-A,0,1.3832029,0.18132568895816803,0.7294871807098389,0.3293589651584625
YDL101C,YGL168W,1,1.3830173,0.18158648908138275,0.7307692170143127,0.3293589651584625
YEL016C,YPL257W-A,0,1.3827696,0.18152865767478943,0.7307692170143127,0.3294871747493744
YKL143W,YDR402C,0,1.3825376,0.1814708709716797,0.7307692170143127,0.32961538434028625
YJR001W,YOR369C,0,1.3822409,0.18141311407089233,0.7307692170143127,0.3297435939311981
YHL047C,YDL144C,0,1.3822281,0.18135538697242737,0.7307692170143127,0.32987180352211
YIL074C,YDL065C,0,1.3821491,0.18129770457744598,0.7307692170143127,0.33000001311302185
YLR212C,YIL078W,0,1.3817987,0.18124006688594818,0.7307692170143127,0.33012819290161133
YGR184C,YBL061C,0,1.3815475,0.18118245899677277,0.7307692170143127,0.3302564024925232
YOR269W,YER030W,0,1.3815241,0.18112488090991974,0.7307692170143127,0.33038461208343506
YBL074C,YDR298C,0,1.381068,0.1810673475265503,0.7307692170143127,0.3305128216743469
YNL046W,YGR027W-B,0,1.3810351,0.18100984394550323,0.7307692170143127,0.3306410312652588
YJL170C,YCR010C,0,1.3808202,0.18095238506793976,0.7307692170143127,0.33076924085617065
YGL173C,YLR212C,0,1.3804916,0.18089495599269867,0.7307692170143127,0.3308974504470825
YKL179C,YPL189C-A,0,1.3793865,0.18083755671977997,0.7307692170143127,0.331025630235672
YBL022C,YLR430W,0,1.3793448,0.18078020215034485,0.7307692170143127,0.33115383982658386
YPR158C-D,YGR220C,0,1.3788278,0.1807228922843933,0.7307692170143127,0.3312820494174957
YNL054W-B,YBR122C,0,1.3787885,0.18066561222076416,0.7307692170143127,0.3314102590084076
YIL145C,YNL128W,0,1.3787317,0.1806083619594574,0.7307692170143127,0.33153846859931946
YHR140W,YEL061C,0,1.3786364,0.18055115640163422,0.7307692170143127,0.3316666781902313
YJR029W,YNL061W,0,1.3785323,0.18049398064613342,0.7307692170143127,0.3317948579788208
YKL140W,YGR076C,0,1.3783479,0.1804368495941162,0.7307692170143127,0.33192306756973267
YDR224C,YDR261W-B,0,1.3777242,0.1803797483444214,0.7307692170143127,0.33205127716064453
YBR159W,YDR322W,0,1.3774966,0.18032267689704895,0.7307692170143127,0.3321794867515564
YML027W,YDR054C,1,1.3770697,0.18058191239833832,0.7320512533187866,0.3321794867515564
YPR063C,YJR135W-A,0,1.3769064,0.1805248111486435,0.7320512533187866,0.33230769634246826
YDR503C,YDR103W,0,1.3765168,0.18046776950359344,0.7320512533187866,0.3324359059333801
YPL144W,YLR035C-A,0,1.3757373,0.1804107427597046,0.7320512533187866,0.332564115524292
YLR446W,YHL004W,0,1.3756223,0.18035376071929932,0.7320512533187866,0.33269229531288147
YLR373C,YPR137C-B,0,1.3752015,0.18029680848121643,0.7320512533187866,0.33282050490379333
YDL144C,YGR124W,0,1.3750744,0.18023990094661713,0.7320512533187866,0.3329487144947052
YDR238C,YMR223W,0,1.3745619,0.1801830232143402,0.7320512533187866,0.33307692408561707
YDR210W-B,YMR022W,0,1.3743342,0.18012619018554688,0.7320512533187866,0.33320513367652893
YBL106C,YGR123C,0,1.3742929,0.18006937205791473,0.7320512533187866,0.3333333432674408
YHL009W-B,YPR178W,0,1.3741372,0.18001261353492737,0.7320512533187866,0.33346155285835266
YDL166C,YKL179C,0,1.3738464,0.1799558848142624,0.7320512533187866,0.33358973264694214
YPL022W,YOR039W,0,1.3730488,0.1798991858959198,0.7320512533187866,0.333717942237854
YLR427W,YDR093W,0,1.3729234,0.1798425167798996,0.7320512533187866,0.33384615182876587
YDR261W-B,YOL002C,0,1.3728759,0.17978589236736298,0.7320512533187866,0.33397436141967773
YDL038C,YER030W,0,1.3718693,0.17972929775714874,0.7320512533187866,0.3341025710105896
YDR536W,YDR534C,0,1.3715329,0.1796727478504181,0.7320512533187866,0.33423078060150146
YLR109W,YGL106W,0,1.3714294,0.17961622774600983,0.7320512533187866,0.33435896039009094
YDL080C,YCR077C,0,1.3712586,0.17955975234508514,0.7320512533187866,0.3344871699810028
YNL128W,YIL138C,0,1.3710415,0.17950330674648285,0.7320512533187866,0.3346153795719147
YLR214W,YMR314W,0,1.3708184,0.17944689095020294,0.7320512533187866,0.33474358916282654
YDL229W,YKL024C,0,1.3705995,0.17939050495624542,0.7320512533187866,0.3348717987537384
YJL046W,YHR171W,0,1.3702785,0.17933416366577148,0.7320512533187866,0.33500000834465027
YML018C,YML113W,0,1.3702688,0.17927786707878113,0.7320512533187866,0.33512821793556213
YHL009W-B,YDL195W,0,1.3698013,0.17922160029411316,0.7320512533187866,0.3352563977241516
YMR056C,YGR071C,0,1.3695619,0.17916536331176758,0.7320512533187866,0.3353846073150635
YCR081W,YDR261W-B,0,1.3693284,0.17910915613174438,0.7320512533187866,0.33551281690597534
YDR117C,YPL257W-A,0,1.369289,0.17905299365520477,0.7320512533187866,0.3356410264968872
YER159C-A,YNR047W,0,1.369289,0.17899686098098755,0.7320512533187866,0.3357692360877991
YJR134C,YPR073C,0,1.3686137,0.1789407730102539,0.7320512533187866,0.33589744567871094
YPR137C-B,YHR013C,0,1.3678699,0.17888471484184265,0.7320512533187866,0.3360256552696228
YLR086W,YGR071C,0,1.3676949,0.17882868647575378,0.7320512533187866,0.3361538350582123
YCL055W,YGL249W,0,1.3676416,0.1787727028131485,0.7320512533187866,0.33628204464912415
YHL009W-B,YLR343W,0,1.3676336,0.1787167489528656,0.7320512533187866,0.336410254240036
YJR015W,YBR097W,0,1.367377,0.1786608248949051,0.7320512533187866,0.3365384638309479
YDR532C,YPR042C,0,1.3666503,0.17860494554042816,0.7320512533187866,0.33666667342185974
YPL144W,YDR402C,0,1.3665295,0.17854909598827362,0.7320512533187866,0.3367948830127716
YPL144W,YFR006W,0,1.3663683,0.17849327623844147,0.7320512533187866,0.3369230628013611
YNL207W,YIL171W,0,1.3661841,0.1784375011920929,0.7320512533187866,0.33705127239227295
YJL062W-A,YMR127C,0,1.3658626,0.1783817559480667,0.7320512533187866,0.3371794819831848
YJR016C,YER164W,0,1.3657788,0.17832604050636292,0.7320512533187866,0.3373076915740967
YHR167W,YAR010C,0,1.3657235,0.1782703697681427,0.7320512533187866,0.33743590116500854
YOR192C-B,YPL059W,0,1.3656231,0.17821472883224487,0.7320512533187866,0.3375641107559204
YHL047C,YBR009C,0,1.3655596,0.17815913259983063,0.7320512533187866,0.3376923203468323
YBR035C,YLR433C,0,1.3647522,0.17810355126857758,0.7320512533187866,0.33782050013542175
YJL158C,YPR122W,0,1.3646435,0.1780480146408081,0.7320512533187866,0.3379487097263336
YHR171W,YGR027W-B,0,1.3639283,0.17799252271652222,0.7320512533187866,0.3380769193172455
YLL013C,YLR032W,0,1.3633814,0.17793704569339752,0.7320512533187866,0.33820512890815735
YBL054W,YDL008W,0,1.3626851,0.1778816133737564,0.7320512533187866,0.3383333384990692
YOR315W,YCR047C,0,1.3622152,0.17782622575759888,0.7320512533187866,0.3384615480899811
YGR274C,YOL156W,0,1.3619436,0.17777085304260254,0.7320512533187866,0.33858975768089294
YOR356W,YPL060W,0,1.3619101,0.17771552503108978,0.7320512533187866,0.3387179374694824
YNL054W-B,YPR108W,0,1.3609918,0.1776602417230606,0.7320512533187866,0.3388461470603943
YPL257W-A,YER180C,0,1.3609524,0.17760497331619263,0.7320512533187866,0.33897435665130615
YCR029C-A,YPL281C,0,1.3605859,0.17754974961280823,0.7320512533187866,0.339102566242218
YDR299W,YLR438C-A,0,1.3603067,0.17749455571174622,0.7320512533187866,0.3392307758331299
YOR155C,YDR356W,0,1.360243,0.17743940651416779,0.7320512533187866,0.33935898542404175
YDR046C,YGR188C,0,1.3601168,0.17738428711891174,0.7320512533187866,0.3394871652126312
YJR065C,YGL040C,0,1.3601041,0.1773291975259781,0.7320512533187866,0.3396153748035431
YOR192C-A,YDR231C,0,1.3599707,0.17727413773536682,0.7320512533187866,0.33974358439445496
YKL156W,YBR092C,0,1.359945,0.17721912264823914,0.7320512533187866,0.3398717939853668
YDR210W-B,YDR510W,0,1.3599318,0.17716413736343384,0.7320512533187866,0.3400000035762787
YPL258C,YOR270C,0,1.3598531,0.17710918188095093,0.7320512533187866,0.34012821316719055
YPR158C-D,YMR071C,0,1.3595241,0.1770542562007904,0.7320512533187866,0.3402564227581024
YDL038C,YIL072W,0,1.3586456,0.17699937522411346,0.7320512533187866,0.3403846025466919
YOR192C-A,YDR313C,0,1.3586314,0.1769445240497589,0.7320512533187866,0.34051281213760376
YOL100W,YPR016C,0,1.3582373,0.17688971757888794,0.7320512533187866,0.3406410217285156
YOR322C,YLR337W,0,1.3582355,0.17683492600917816,0.7320512533187866,0.3407692313194275
YMR256C,YLR381W,0,1.3580925,0.17678017914295197,0.7320512533187866,0.34089744091033936
YJL062W-A,YBR142W,0,1.357763,0.17672547698020935,0.7320512533187866,0.3410256505012512
YOR192C-B,YPL095C,0,1.35768,0.17667078971862793,0.7320512533187866,0.3411538600921631
YML113W,YIL084C,0,1.3576708,0.1766161471605301,0.7320512533187866,0.34128203988075256
YNL306W,YPR096C,0,1.3574333,0.17656153440475464,0.7320512533187866,0.34141024947166443
YKR048C,YGL157W,0,1.3573722,0.17650695145130157,0.7320512533187866,0.3415384590625763
YLR238W,YFL029C,0,1.3564751,0.1764524132013321,0.7320512533187866,0.34166666865348816
YER159C-A,YML088W,0,1.3562253,0.176397904753685,0.7320512533187866,0.3417948782444
YJR121W,YHR140W,0,1.3561316,0.1763434261083603,0.7320512533187866,0.3419230878353119
YLR370C,YHL019C,0,1.3558458,0.17628897726535797,0.7320512533187866,0.34205126762390137
YHL009W-B,YMR109W,0,1.3554022,0.17623457312583923,0.7320512533187866,0.34217947721481323
YOL138C,YOL149W,0,1.3549738,0.1761801838874817,0.7320512533187866,0.3423076868057251
YDR034C-C,YMR303C,0,1.354945,0.17612585425376892,0.7320512533187866,0.34243589639663696
YHL024W,YDR121W,1,1.3549198,0.17637988924980164,0.7333333492279053,0.34243589639663696
YNR008W,YOR315W,0,1.3548973,0.17632552981376648,0.7333333492279053,0.34256410598754883
YER056C-A,YMR017W,0,1.3548211,0.17627118527889252,0.7333333492279053,0.3426923155784607
YPL022W,YOL007C,0,1.3546364,0.17621688544750214,0.7333333492279053,0.34282052516937256
YDL019C,YNL054W-B,0,1.3545606,0.17616261541843414,0.7333333492279053,0.34294870495796204
YOR124C,YHL009W-B,0,1.3544511,0.17610837519168854,0.7333333492279053,0.3430769145488739
YDR388W,YBR175W,0,1.3538772,0.17605416476726532,0.7333333492279053,0.34320512413978577
YKL088W,YAL025C,0,1.353822,0.17599999904632568,0.7333333492279053,0.34333333373069763
YBL074C,YOR332W,0,1.3537648,0.17594586312770844,0.7333333492279053,0.3434615433216095
YJL062W-A,YPL048W,0,1.3536054,0.17589175701141357,0.7333333492279053,0.34358975291252136
YKL173W,YBR299W,0,1.3533854,0.1758376955986023,0.7333333492279053,0.3437179625034332
YLR170C,YHL009W-B,0,1.3532254,0.1757836490869522,0.7333333492279053,0.3438461422920227
YFL029C,YNL158W,0,1.3528513,0.1757296472787857,0.7333333492279053,0.34397435188293457
YMR264W,YGR156W,0,1.3528426,0.1756756752729416,0.7333333492279053,0.34410256147384644
YOR063W,YEL061C,0,1.352627,0.17562173306941986,0.7333333492279053,0.3442307710647583
YER070W,YDR501W,1,1.3524318,0.1758747696876526,0.7346153855323792,0.3442307710647583
YPR137C-B,YDR456W,0,1.3518901,0.17582079768180847,0.7346153855323792,0.34435898065567017
YKR059W,YGR027W-B,0,1.3518168,0.17576687037944794,0.7346153855323792,0.34448719024658203
YKR059W,YDR239C,0,1.3515795,0.1757129728794098,0.7346153855323792,0.3446153700351715
YMR188C,YPL257W-A,0,1.3515272,0.17565910518169403,0.7346153855323792,0.3447435796260834
YOR343W-A,YDL008W,0,1.3514446,0.17560526728630066,0.7346153855323792,0.34487178921699524
YLR418C,YAL058W,0,1.3513079,0.17555147409439087,0.7346153855323792,0.3449999988079071
YNL325C,YER164W,0,1.350959,0.17549769580364227,0.7346153855323792,0.34512820839881897
YBR289W,YNL213C,0,1.3509166,0.17544396221637726,0.7346153855323792,0.34525641798973083
YNL054W-B,YBL037W,0,1.3506372,0.17539027333259583,0.7346153855323792,0.3453846275806427
YDR050C,YDR118W,0,1.3505062,0.17533659934997559,0.7346153855323792,0.3455128073692322
YKL004W,YJL062W-A,0,1.3501495,0.17528295516967773,0.7346153855323792,0.34564101696014404
YNL166C,YPL257W-A,0,1.3499672,0.17522935569286346,0.7346153855323792,0.3457692265510559
YDR261W-B,YDR510W,0,1.349646,0.17517578601837158,0.7346153855323792,0.3458974361419678
YHR021C,YFL002W-A,0,1.3495979,0.1751222461462021,0.7346153855323792,0.34602564573287964
YAL012W,YOL056W,0,1.3495224,0.17506875097751617,0.7346153855323792,0.3461538553237915
YDR236C,YDL180W,0,1.3495212,0.17501527070999146,0.7346153855323792,0.34628206491470337
YPR137C-B,YDR224C,0,1.3494077,0.17496183514595032,0.7346153855323792,0.34641024470329285
YHR046C,YOR343W-A,0,1.3493892,0.17490842938423157,0.7346153855323792,0.3465384542942047
YJL062W-A,YMR150C,0,1.3493576,0.1748550534248352,0.7346153855323792,0.3466666638851166
YDR436W,YDL065C,0,1.3493037,0.17480170726776123,0.7346153855323792,0.34679487347602844
YOR192C-A,YCR075C,0,1.3492332,0.17474840581417084,0.7346153855323792,0.3469230830669403
YML113W,YGR241C,0,1.3491969,0.17469511926174164,0.7346153855323792,0.3470512926578522
YMR098C,YLR147C,0,1.3490887,0.17464187741279602,0.7346153855323792,0.34717947244644165
YNL149C,YAL025C,0,1.3485875,0.1745886653661728,0.7346153855323792,0.3473076820373535
YLR201C,YOR337W,0,1.3484777,0.17453548312187195,0.7346153855323792,0.3474358916282654
YNL061W,YIR023W,0,1.3482718,0.1744823455810547,0.7346153855323792,0.34756410121917725
YER099C,YJL025W,0,1.348238,0.17442922294139862,0.7346153855323792,0.3476923108100891
YDR236C,YDR034C-C,0,1.3482146,0.17437614500522614,0.7346153855323792,0.347820520401001
YLR448W,YNR041C,0,1.3481231,0.17432309687137604,0.7346153855323792,0.34794872999191284
YPR137C-B,YMR211W,0,1.3479347,0.17427007853984833,0.7346153855323792,0.3480769097805023
YGR027W-B,YBL022C,0,1.3478703,0.174217090010643,0.7346153855323792,0.3482051193714142
YOR192C-B,YKL116C,0,1.3478246,0.17416413128376007,0.7346153855323792,0.34833332896232605
YHL009W-B,YPL068C,0,1.3476686,0.17411121726036072,0.7346153855323792,0.3484615385532379
YJL033W,YJL062W-A,0,1.3475487,0.17405831813812256,0.7346153855323792,0.3485897481441498
YAR015W,YDR034C-C,0,1.3471364,0.17400546371936798,0.7346153855323792,0.34871795773506165
YOL152W,YOR343W-A,0,1.3470491,0.1739526391029358,0.7346153855323792,0.3488461673259735
YGR006W,YLR207W,0,1.3470235,0.173899844288826,0.7346153855323792,0.348974347114563
YDR261W-B,YGR054W,0,1.3468518,0.17384709417819977,0.7346153855323792,0.34910255670547485
YNL054W-B,YEL058W,0,1.3467878,0.17379435896873474,0.7346153855323792,0.3492307662963867
YGR027W-B,YMR292W,0,1.3465996,0.1737416684627533,0.7346153855323792,0.3493589758872986
YLR147C,YKR009C,0,1.3465666,0.17368899285793304,0.7346153855323792,0.34948718547821045
YPR137C-B,YKL218C,0,1.3465031,0.17363636195659637,0.7346153855323792,0.3496153950691223
YFL041W,YMR017W,0,1.3463136,0.1735837608575821,0.7346153855323792,0.3497435748577118
YOR192C-A,YIL171W,0,1.3461821,0.1735311895608902,0.7346153855323792,0.34987178444862366
YDL017W,YOR217W,1,1.346062,0.1737814098596573,0.735897421836853,0.34987178444862366
YDR210W-B,YML070W,0,1.3457462,0.173728808760643,0.735897421836853,0.3499999940395355
YNL166C,YNR043W,0,1.3454174,0.1736762523651123,0.735897421836853,0.3501282036304474
YOL064C,YDL075W,0,1.3451879,0.1736237108707428,0.735897421836853,0.35025641322135925
YPL085W,YMR204C,0,1.3448191,0.17357121407985687,0.735897421836853,0.3503846228122711
YGR027W-B,YCR094W,0,1.3447642,0.17351874709129333,0.735897421836853,0.350512832403183
YBR050C,YDL075W,0,1.3444793,0.17346630990505219,0.735897421836853,0.35064101219177246
YOL067C,YMR122W-A,0,1.3441882,0.17341390252113342,0.735897421836853,0.3507692217826843
YLR396C,YDR261W-B,0,1.344099,0.17336152493953705,0.735897421836853,0.3508974313735962
YNR027W,YGR029W,0,1.3439897,0.17330917716026306,0.735897421836853,0.35102564096450806
YHR046C,YHL019C,0,1.3438797,0.17325687408447266,0.735897421836853,0.3511538505554199
YOR192C-A,YIL138C,0,1.3436722,0.17320458590984344,0.735897421836853,0.3512820601463318
YDR481C,YDR316W-A,0,1.3433993,0.17315234243869781,0.735897421836853,0.35141026973724365
YMR289W,YPL257W-A,0,1.3433946,0.17310011386871338,0.735897421836853,0.35153844952583313
YHL009W-B,YGR295C,0,1.3429496,0.17304793000221252,0.735897421836853,0.351666659116745
YPR137C-B,YOR192C-A,0,1.3420985,0.17299577593803406,0.735897421836853,0.35179486870765686
YHR153C,YCL075W,0,1.341978,0.17294365167617798,0.735897421836853,0.3519230782985687
YMR088C,YOR343W-A,0,1.3417912,0.17289157211780548,0.735897421836853,0.3520512878894806
YDR341C,YOR192C-A,0,1.3416559,0.17283950746059418,0.735897421836853,0.35217949748039246
YBR055C,YJL062W-A,0,1.34151,0.17278747260570526,0.735897421836853,0.3523077070713043
YDR316W-A,YMR026C,0,1.3413358,0.17273548245429993,0.735897421836853,0.3524358868598938
YDR524C,YDR034C-C,0,1.3412806,0.1726835072040558,0.735897421836853,0.35256409645080566
YIL125W,YGR027W-B,0,1.3411555,0.17263157665729523,0.735897421836853,0.35269230604171753
YOL065C,YBL022C,0,1.3411369,0.17257967591285706,0.735897421836853,0.3528205156326294
YPL022W,YOR014W,0,1.3410685,0.17252780497074127,0.735897421836853,0.35294872522354126
YNL086W,YPL257W-A,0,1.3409078,0.17247596383094788,0.735897421836853,0.3530769348144531
YHR172W,YHR147C,0,1.3408557,0.17242415249347687,0.735897421836853,0.3532051146030426
YER048W-A,YOR343W-A,0,1.340823,0.17237237095832825,0.735897421836853,0.35333332419395447
YPL206C,YPR108W,0,1.3408022,0.17232061922550201,0.735897421836853,0.35346153378486633
YFR003C,YGR106C,0,1.3407302,0.17226891219615936,0.735897421836853,0.3535897433757782
YBR040W,YMR311C,0,1.3404739,0.1722172200679779,0.735897421836853,0.35371795296669006
YER086W,YOR240W,0,1.3401542,0.17216557264328003,0.735897421836853,0.35384616255760193
YJL073W,YKL017C,1,1.3400586,0.17241379618644714,0.7371794581413269,0.35384616255760193
YBL088C,YPL271W,0,1.3398832,0.17236210405826569,0.7371794581413269,0.3539743721485138
YHL009W-B,YMR287C,0,1.3397273,0.1723104566335678,0.7371794581413269,0.35410255193710327
YGL136C,YGR071C,0,1.3389437,0.17225883901119232,0.7371794581413269,0.35423076152801514
YOR192C-B,YMR314W,0,1.3388737,0.17220725119113922,0.7371794581413269,0.354358971118927
YDL129W,YDR320C-A,0,1.3387145,0.1721556931734085,0.7371794581413269,0.35448718070983887
YML040W,YCL057C-A,0,1.3387145,0.17210416495800018,0.7371794581413269,0.35461539030075073
YGR223C,YAR070W-A,0,1.3387145,0.17205266654491425,0.7371794581413269,0.3547435998916626
YBR012W-A,YDL038C,0,1.3387145,0.1720011979341507,0.7371794581413269,0.35487180948257446
YBR048W,YCL048W-A,0,1.3387145,0.17194975912570953,0.7371794581413269,0.35499998927116394
YJR033C,YDR034C-C,0,1.3387145,0.17189835011959076,0.7371794581413269,0.3551281988620758
YHR039C-B,YGR027W-B,0,1.3387145,0.17184698581695557,0.7371794581413269,0.35525640845298767
YGL119W,YCL048W-A,0,1.3387145,0.17179563641548157,0.7371794581413269,0.35538461804389954
YCL048W-A,YOR347C,0,1.3387145,0.17174433171749115,0.7371794581413269,0.3555128276348114
YIL172C,YCL048W-A,0,1.3387145,0.17169304192066193,0.7371794581413269,0.35564103722572327
YPL089C,YAR070W-A,0,1.3387145,0.17164179682731628,0.7371794581413269,0.35576921701431274
YLR283W,YJL062W-A,0,1.3387145,0.17159056663513184,0.7371794581413269,0.3558974266052246
YCL048W-A,YDR483W,0,1.3387145,0.17153938114643097,0.7371794581413269,0.3560256361961365
YOR265W,YGL258W-A,0,1.3387145,0.1714882254600525,0.7371794581413269,0.35615384578704834
YBL093C,YGL258W-A,0,1.3387145,0.1714370846748352,0.7371794581413269,0.3562820553779602
YLL013C,YBL101W-A,0,1.3387145,0.1713859885931015,0.7371794581413269,0.35641026496887207
YMR217W,YAR070W-A,0,1.3387145,0.17133492231369019,0.7371794581413269,0.35653847455978394
YHR214W-G,YHL016C,0,1.3387145,0.17128388583660126,0.7371794581413269,0.3566666543483734
YER159C-A,YGL141W,0,1.3387145,0.17123287916183472,0.7371794581413269,0.3567948639392853
YGL258W-A,YLR045C,0,1.3387145,0.17118190228939056,0.7371794581413269,0.35692307353019714
YCL048W-A,YNR043W,0,1.3387145,0.1711309552192688,0.7371794581413269,0.357051283121109
YML129C,YAR070W-A,0,1.3387145,0.17108003795146942,0.7371794581413269,0.3571794927120209
YLR337W,YBL055C,0,1.3387145,0.17102915048599243,0.7371794581413269,0.35730770230293274
YNL188W,YAR070W-A,0,1.3387145,0.17097829282283783,0.7371794581413269,0.3574359118938446
YER159C-A,YFL029C,0,1.3387145,0.17092746496200562,0.7371794581413269,0.3575640916824341
YLL011W,YHR214W-G,0,1.3387145,0.1708766669034958,0.7371794581413269,0.35769230127334595
YIR014W,YKL199C,0,1.3387145,0.17082591354846954,0.7371794581413269,0.3578205108642578
YGR086C,YHR214W-G,0,1.3387145,0.1707751750946045,0.7371794581413269,0.3579487204551697
YCR047C,YBL101W-A,0,1.3387145,0.17072446644306183,0.7371794581413269,0.35807693004608154
YLR287C-A,YBL101W-A,0,1.3387145,0.17067378759384155,0.7371794581413269,0.3582051396369934
YJR145C,YPL189C-A,0,1.3387145,0.17062313854694366,0.7371794581413269,0.3583333194255829
YBL101W-A,YOR233W,0,1.3387145,0.17057253420352936,0.7371794581413269,0.35846152901649475
YLR446W,YGL258W-A,0,1.3387145,0.17052194476127625,0.7371794581413269,0.3585897386074066
YNL212W,YBL101W-A,0,1.3387145,0.17047138512134552,0.7371794581413269,0.3587179481983185
YBL101W-A,YBL020W,0,1.3387145,0.17042087018489838,0.7371794581413269,0.35884615778923035
YHR214W-G,YPL028W,0,1.3387145,0.17037037014961243,0.7371794581413269,0.3589743673801422
YDR018C,YPL096C-A,0,1.3387145,0.17031989991664886,0.7371794581413269,0.3591025769710541
YJL165C,YAR070W-A,0,1.3387145,0.17026947438716888,0.7371794581413269,0.35923075675964355
YHR214W-G,YIL111W,0,1.3387145,0.1702190637588501,0.7371794581413269,0.3593589663505554
YOR192C-B,YDL180W,0,1.3387145,0.1701686829328537,0.7371794581413269,0.3594871759414673
YBR207W,YAR070W-A,0,1.3387145,0.17011834681034088,0.7371794581413269,0.35961538553237915
YGR088W,YHR214W-G,0,1.3387145,0.17006802558898926,0.7371794581413269,0.359743595123291
YKL135C,YCL048W-A,0,1.3387145,0.17001773416996002,0.7371794581413269,0.3598718047142029
YDR320C-A,YNL115C,0,1.3387145,0.16996748745441437,0.7371794581413269,0.36000001430511475
YCL048W-A,YHL004W,0,1.3387145,0.1699172556400299,0.7371794581413269,0.3601281940937042
YGR088W,YBL101W-A,0,1.3387145,0.16986705362796783,0.7371794581413269,0.3602564036846161
YCL048W-A,YOR075W,0,1.3387145,0.16981689631938934,0.7371794581413269,0.36038461327552795
YHR214W-G,YKL195W,0,1.3387145,0.16976675391197205,0.7371794581413269,0.3605128228664398
YHL044W,YGR272C,0,1.3387145,0.16971664130687714,0.7371794581413269,0.3606410324573517
YOL092W,YHR214W-G,0,1.3387145,0.1696665734052658,0.7371794581413269,0.36076924204826355
YBR289W,YAR070W-A,0,1.3387145,0.16961652040481567,0.7371794581413269,0.360897421836853
YPL096C-A,YNL115C,0,1.3387145,0.16956649720668793,0.7371794581413269,0.3610256314277649
YDR248C,YHR039C-B,0,1.3387145,0.16951650381088257,0.7371794581413269,0.36115384101867676
YGL258W-A,YIL115C,0,1.3387145,0.1694665551185608,0.7371794581413269,0.3612820506095886
YCL075W,YHR039C-B,0,1.3387145,0.1694166213274002,0.7371794581413269,0.3614102602005005
YGL258W-A,YNL115C,0,1.3387145,0.169366717338562,0.7371794581413269,0.36153846979141235
YCL048W-A,YAL008W,0,1.3387145,0.1693168431520462,0.7371794581413269,0.3616666793823242
YPR098C,YJL062W-A,0,1.3387145,0.16926699876785278,0.7371794581413269,0.3617948591709137
YMR070W,YHR214W-G,0,1.3387145,0.16921718418598175,0.7371794581413269,0.36192306876182556
YNL227C,YBL101W-A,0,1.3387145,0.1691673994064331,0.7371794581413269,0.3620512783527374
YIL034C,YCL048W-A,0,1.3387145,0.16911764442920685,0.7371794581413269,0.3621794879436493
YKL100C,YKL158W,0,1.3387145,0.16906791925430298,0.7371794581413269,0.36230769753456116
YGL258W-A,YLR403W,0,1.3387145,0.1690182238817215,0.7371794581413269,0.362435907125473
YDR018C,YLR337W,0,1.3387145,0.1689685583114624,0.7371794581413269,0.3625641167163849
YCL048W-A,YBR012W-B,0,1.3387145,0.1689189225435257,0.7371794581413269,0.36269229650497437
YMR233W,YGL258W-A,0,1.3387145,0.16886931657791138,0.7371794581413269,0.36282050609588623
YNL046W,YHR039C-B,0,1.3387145,0.16881972551345825,0.7371794581413269,0.3629487156867981
YER027C,YAR070W-A,0,1.3387145,0.1687701791524887,0.7371794581413269,0.36307692527770996
YHR214W-G,YOR240W,0,1.3387145,0.16872066259384155,0.7371794581413269,0.3632051348686218
YOR391C,YHR214W-G,0,1.3387145,0.1686711609363556,0.7371794581413269,0.3633333444595337
YDR139C,YBL101W-A,0,1.3387145,0.1686217039823532,0.7371794581413269,0.36346152424812317
YER180C,YAR070W-A,0,1.3387145,0.16857226192951202,0.7371794581413269,0.36358973383903503
YPR137C-B,YMR287C,0,1.3385735,0.16852286458015442,0.7371794581413269,0.3637179434299469
YDR279W,YGL168W,1,1.3382466,0.16876648366451263,0.7384615540504456,0.3637179434299469
YBL093C,YNR043W,0,1.3381655,0.16871704161167145,0.7384615540504456,0.36384615302085876
YBL061C,YLR246W,0,1.3378251,0.16866764426231384,0.7384615540504456,0.36397436261177063
YDR134C,YDR158W,0,1.3377463,0.16861826181411743,0.7384615540504456,0.3641025722026825
YDL101C,YCL061C,1,1.3377105,0.16886156797409058,0.7397435903549194,0.3641025722026825
YMR201C,YDR210W-B,0,1.3376522,0.16881217062473297,0.7397435903549194,0.36423078179359436
YJL062W-A,YIL039W,0,1.3373872,0.16876280307769775,0.7397435903549194,0.36435896158218384
YJL062W-A,YOR043W,0,1.337249,0.16871345043182373,0.7397435903549194,0.3644871711730957
YIL074C,YOL092W,0,1.3371793,0.1686641275882721,0.7397435903549194,0.36461538076400757
YER086W,YER113C,0,1.3368613,0.16861484944820404,0.7397435903549194,0.36474359035491943
YLR127C,YGR286C,0,1.3368134,0.16856558620929718,0.7397435903549194,0.3648717999458313
YJL062W-A,YMR017W,0,1.3366286,0.1685163527727127,0.7397435903549194,0.36500000953674316
YIL009C-A,YKL158W,0,1.3362266,0.16846714913845062,0.7397435903549194,0.36512821912765503
YBL103C,YLR221C,0,1.3357303,0.16841797530651093,0.7397435903549194,0.3652563989162445
YOR192C-A,YER173W,0,1.3355829,0.16836883127689362,0.7397435903549194,0.36538460850715637
YLR312C-B,YDL017W,1,1.3353972,0.16861143708229065,0.7410256266593933,0.36538460850715637
YDR022C,YDR103W,0,1.3351102,0.16856226325035095,0.7410256266593933,0.36551281809806824
YGR047C,YDR134C,0,1.3350539,0.16851311922073364,0.7410256266593933,0.3656410276889801
YAL020C,YNL054W-B,0,1.3350223,0.16846400499343872,0.7410256266593933,0.36576923727989197
YDR096W,YDR261W-B,0,1.3348545,0.1684149205684662,0.7410256266593933,0.36589744687080383
YNL136W,YGR191W,0,1.3347095,0.16836586594581604,0.7410256266593933,0.3660256266593933
YKL199C,YEL050C,0,1.3345023,0.1683168262243271,0.7410256266593933,0.3661538362503052
YBR185C,YLL022C,0,1.3342639,0.16826783120632172,0.7410256266593933,0.36628204584121704
YPL257W-A,YOR092W,0,1.3340793,0.16821886599063873,0.7410256266593933,0.3664102554321289
YER099C,YNL054W-B,0,1.3337178,0.16816991567611694,0.7410256266593933,0.36653846502304077
YIL150C,YAR007C,1,1.3336892,0.16841186583042145,0.7423076629638672,0.36653846502304077
YAR015W,YDR520C,0,1.3335276,0.16836290061473846,0.7423076629638672,0.36666667461395264
YJL164C,YIL026C,0,1.3334382,0.16831395030021667,0.7423076629638672,0.3667948842048645
YMR043W,YKL108W,1,1.3331184,0.16855564713478088,0.7435897588729858,0.3667948842048645
YLL011W,YLR265C,0,1.3329638,0.1685066819190979,0.7435897588729858,0.366923063993454
YIL072W,YOL117W,0,1.3328849,0.1684577465057373,0.7435897588729858,0.36705127358436584
YDR279W,YDL056W,1,1.3328083,0.16869919002056122,0.7448717951774597,0.36705127358436584
YOR175C,YGR295C,0,1.3327403,0.16865022480487823,0.7448717951774597,0.3671794831752777
YMR130W,YAL035W,0,1.3326691,0.16860127449035645,0.7448717951774597,0.3673076927661896
YJL221C,YBR122C,0,1.3325374,0.16855236887931824,0.7448717951774597,0.36743590235710144
YGL232W,YCL055W,0,1.3325171,0.16850347816944122,0.7448717951774597,0.3675641119480133
YKL179C,YDR003W,0,1.332464,0.1684546172618866,0.7448717951774597,0.36769232153892517
YER159C-A,YHR011W,0,1.3323827,0.16840580105781555,0.7448717951774597,0.36782050132751465
YJL062W-A,YAL044C,0,1.3323165,0.1683569997549057,0.7448717951774597,0.3679487109184265
YDL229W,YER184C,0,1.3320457,0.16830822825431824,0.7448717951774597,0.3680769205093384
YOR343W-A,YPL092W,0,1.3320123,0.16825948655605316,0.7448717951774597,0.36820513010025024
YHL009W-B,YML060W,0,1.3319993,0.16821077466011047,0.7448717951774597,0.3683333396911621
YBR036C,YBL088C,0,1.3315231,0.16816207766532898,0.7448717951774597,0.368461549282074
YDR316W-A,YOL133W,0,1.3307512,0.16811342537403107,0.7448717951774597,0.36858972907066345
YPR168W,YOR131C,0,1.3303947,0.16806480288505554,0.7448717951774597,0.3687179386615753
YJL062W-A,YGR184C,0,1.3303946,0.1680161952972412,0.7448717951774597,0.3688461482524872
YGR104C,YOR343W-A,0,1.3301208,0.16796761751174927,0.7448717951774597,0.36897435784339905
YKR062W,YOR270C,0,1.3300701,0.1679190695285797,0.7448717951774597,0.3691025674343109
YGR101W,YGR027W-B,0,1.3299077,0.16787055134773254,0.7448717951774597,0.3692307770252228
YNL054W-B,YPR073C,0,1.3297287,0.16782206296920776,0.7448717951774597,0.36935898661613464
YJR158W,YDL075W,0,1.3296041,0.16777360439300537,0.7448717951774597,0.3694871664047241
YDR012W,YOL140W,0,1.329559,0.16772517561912537,0.7448717951774597,0.369615375995636
YJL221C,YGR272C,0,1.329504,0.16767676174640656,0.7448717951774597,0.36974358558654785
YBR105C,YJR059W,0,1.3294522,0.16762839257717133,0.7448717951774597,0.3698717951774597
YGR027W-B,YGR014W,0,1.3294288,0.1675800383090973,0.7448717951774597,0.3700000047683716
YLR312C-B,YNL218W,1,1.3294204,0.1678200662136078,0.7461538314819336,0.3700000047683716
YGR286C,YHR013C,0,1.3294072,0.16777169704437256,0.7461538314819336,0.37012821435928345
YJR015W,YGR101W,0,1.3293703,0.16772334277629852,0.7461538314819336,0.3702564239501953
YGL206C,YHR161C,0,1.329324,0.16767501831054688,0.7461538314819336,0.3703846037387848
YPR158C-D,YDR380W,0,1.3292818,0.16762672364711761,0.7461538314819336,0.37051281332969666
YDR316W-A,YMR201C,0,1.3291438,0.16757845878601074,0.7461538314819336,0.3706410229206085
YOR192C-B,YDR118W,0,1.3283405,0.16753022372722626,0.7461538314819336,0.3707692325115204
YNL054W-B,YGL031C,0,1.3283405,0.16748201847076416,0.7461538314819336,0.37089744210243225
YBR158W,YOR192C-A,0,1.3282145,0.16743382811546326,0.7461538314819336,0.3710256516933441
YEL058W,YLR186W,0,1.328189,0.16738568246364594,0.7461538314819336,0.3711538314819336
YDL038C,YCR039C,0,1.3278658,0.1673375517129898,0.7461538314819336,0.37128204107284546
YHR153C,YNR043W,0,1.3277738,0.16728945076465607,0.7461538314819336,0.3714102506637573
YOR192C-B,YCL063W,0,1.3274221,0.16724137961864471,0.7461538314819336,0.3715384602546692
YOL133W,YBL061C,0,1.3270826,0.16719333827495575,0.7461538314819336,0.37166666984558105
YJL125C,YNL054W-B,0,1.3268728,0.16714531183242798,0.7461538314819336,0.3717948794364929
YOR192C-B,YHL008C,0,1.326819,0.1670973300933838,0.7461538314819336,0.3719230890274048
YDR440W,YDR247W,0,1.3262947,0.1670493632555008,0.7461538314819336,0.37205126881599426
YPR137C-B,YDR055W,0,1.3262247,0.16700144112110138,0.7461538314819336,0.37217947840690613
YPR137C-B,YLR327C,0,1.3262064,0.16695353388786316,0.7461538314819336,0.372307687997818
YPL031C,YHR044C,0,1.3259261,0.16690565645694733,0.7461538314819336,0.37243589758872986
YGR159C,YDR299W,0,1.3257641,0.1668577939271927,0.7461538314819336,0.3725641071796417
YKL011C,YDL038C,0,1.3252604,0.16680997610092163,0.7461538314819336,0.3726923167705536
YKL199C,YIL004C,0,1.3251886,0.16676217317581177,0.7461538314819336,0.37282052636146545
YAL013W,YHR039C-B,0,1.3251848,0.16671441495418549,0.7461538314819336,0.37294870615005493
YMR281W,YDL138W,0,1.3247726,0.1666666716337204,0.7461538314819336,0.3730769157409668
YBR267W,YOR192C-A,0,1.3240815,0.1666189581155777,0.7461538314819336,0.37320512533187866
YKL154W,YDL038C,0,1.3239318,0.1665712594985962,0.7461538314819336,0.3733333349227905
YMR016C,YKR030W,0,1.3236716,0.16652360558509827,0.7461538314819336,0.3734615445137024
YHL009W-B,YMR042W,0,1.3234603,0.16647596657276154,0.7461538314819336,0.37358975410461426
YOR192C-B,YGL035C,0,1.3234242,0.1664283722639084,0.7461538314819336,0.37371793389320374
YDR077W,YLR337W,0,1.323308,0.16638079285621643,0.7461538314819336,0.3738461434841156
YER148W,YMR302C,0,1.3231103,0.16633324325084686,0.7461538314819336,0.37397435307502747
YJL101C,YAL058W,0,1.322686,0.1662857085466385,0.7461538314819336,0.37410256266593933
YOR192C-B,YGR086C,0,1.3223526,0.1662382185459137,0.7461538314819336,0.3742307722568512
YOR192C-A,YCR040W,0,1.3223346,0.1661907434463501,0.7461538314819336,0.37435898184776306
YMR306W,YLL011W,0,1.3220336,0.16614331305027008,0.7461538314819336,0.3744871914386749
YDR466W,YIL084C,0,1.3215859,0.16609589755535126,0.7461538314819336,0.3746153712272644
YPR047W,YBR231C,0,1.3215754,0.16604849696159363,0.7461538314819336,0.37474358081817627
YML106W,YOR182C,0,1.3214396,0.16600114107131958,0.7461538314819336,0.37487179040908813
YHR039C-B,YLR078C,0,1.321114,0.16595380008220673,0.7461538314819336,0.375
YNL146W,YLR158C,0,1.3208913,0.16590650379657745,0.7461538314819336,0.37512820959091187
YBR299W,YKL042W,0,1.3203466,0.16585922241210938,0.7461538314819336,0.37525641918182373
YOR356W,YIL155C,0,1.3203151,0.16581197082996368,0.7461538314819336,0.3753846287727356
YIL026C,YOL007C,0,1.3202047,0.1657647341489792,0.7461538314819336,0.3755128085613251
YOR192C-A,YDR228C,0,1.3199575,0.16571754217147827,0.7461538314819336,0.37564101815223694
YAL010C,YGL185C,0,1.3194529,0.16567036509513855,0.7461538314819336,0.3757692277431488
YPL257W-A,YDR288W,0,1.3187509,0.16562321782112122,0.7461538314819336,0.37589743733406067
YDR261W-B,YHR147C,0,1.3187149,0.16557610034942627,0.7461538314819336,0.37602564692497253
YBL037W,YBR185C,0,1.3186147,0.1655290126800537,0.7461538314819336,0.3761538565158844
YML113W,YAL058W,0,1.3185526,0.16548193991184235,0.7461538314819336,0.37628206610679626
YCL063W,YDL184C,0,1.3183353,0.16543491184711456,0.7461538314819336,0.37641024589538574
YOL105C,YNL158W,0,1.3182142,0.16538789868354797,0.7461538314819336,0.3765384554862976
YKL218C,YDR456W,0,1.3178954,0.16534091532230377,0.7461538314819336,0.3766666650772095
YPR158C-D,YMR201C,0,1.3173642,0.16529394686222076,0.7461538314819336,0.37679487466812134
YCR094W,YIL124W,0,1.3168449,0.16524702310562134,0.7461538314819336,0.3769230842590332
YGR295C,YDR034C-C,0,1.31677,0.1652001142501831,0.7461538314819336,0.37705129384994507
YDR034C-C,YDR169C,0,1.3162298,0.16515323519706726,0.7461538314819336,0.37717947363853455
YDR121W,YDL056W,1,1.3162012,0.16539007425308228,0.7474358677864075,0.37717947363853455
YNL146W,YGR135W,0,1.3161364,0.16534316539764404,0.7474358677864075,0.3773076832294464
YCR092C,YGR001C,0,1.3161132,0.1652962863445282,0.7474358677864075,0.3774358928203583
YDR495C,YER153C,0,1.3160845,0.16524943709373474,0.7474358677864075,0.37756410241127014
YPL189C-A,YNL149C,0,1.3159578,0.16520260274410248,0.7474358677864075,0.377692312002182
YER140W,YNL015W,0,1.3159184,0.1651558130979538,0.7474358677864075,0.37782052159309387
YDL038C,YJR135W-A,0,1.3158123,0.1651090383529663,0.7474358677864075,0.37794873118400574
YJR001W,YPR021C,0,1.3157829,0.1650622934103012,0.7474358677864075,0.3780769109725952
YML034W,YLR086W,0,1.3157016,0.1650155633687973,0.7474358677864075,0.3782051205635071
YNL054W-B,YIL160C,0,1.3152392,0.16496887803077698,0.7474358677864075,0.37833333015441895
YIL109C,YDR316W-A,0,1.3151312,0.16492220759391785,0.7474358677864075,0.3784615397453308
YGL003C,YLR430W,0,1.3151231,0.1648755669593811,0.7474358677864075,0.3785897493362427
YOR373W,YDR421W,0,1.3150042,0.16482895612716675,0.7474358677864075,0.37871795892715454
YOR192C-A,YJL136C,0,1.3149691,0.1647823601961136,0.7474358677864075,0.3788461685180664
YPL271W,YPL257W-A,0,1.3148432,0.1647357940673828,0.7474358677864075,0.3789743483066559
YJR098C,YDR380W,0,1.3148222,0.16468927264213562,0.7474358677864075,0.37910255789756775
YDL129W,YNL054W-B,0,1.314771,0.16464275121688843,0.7474358677864075,0.3792307674884796
YIL027C,YGR200C,0,1.314764,0.16459627449512482,0.7474358677864075,0.3793589770793915
YML104C,YAL044C,0,1.3145188,0.1645498126745224,0.7474358677864075,0.37948718667030334
YDL190C,YDR261W-B,0,1.3142848,0.16450338065624237,0.7474358677864075,0.3796153962612152
YEL064C,YNL289W,0,1.314059,0.16445697844028473,0.7474358677864075,0.3797435760498047
YDR261W-B,YLL035W,0,1.3140506,0.16441060602664948,0.7474358677864075,0.37987178564071655
YJR104C,YDL114W,0,1.3139219,0.16436424851417542,0.7474358677864075,0.3799999952316284
YPL060W,YDR261W-B,0,1.3137083,0.16431792080402374,0.7474358677864075,0.3801282048225403
YBL037W,YAR044W,0,1.3136619,0.16427162289619446,0.7474358677864075,0.38025641441345215
YBR156C,YAL035W,0,1.3135926,0.16422535479068756,0.7474358677864075,0.380384624004364
YOR343W-A,YGR002C,0,1.3135283,0.16417910158634186,0.7474358677864075,0.3805128335952759
YHL009W-B,YDL127W,0,1.3134203,0.16413287818431854,0.7474358677864075,0.38064101338386536
YFL002W-A,YPR186C,0,1.3131661,0.16408668458461761,0.7474358677864075,0.3807692229747772
YPR118W,YPL085W,0,1.3124999,0.16404052078723907,0.7474358677864075,0.3808974325656891
YOL100W,YNL158W,0,1.3124951,0.16399437189102173,0.7474358677864075,0.38102564215660095
YHR039C-B,YOR322C,0,1.3124379,0.16394825279712677,0.7474358677864075,0.3811538517475128
YMR233W,YIR012W,0,1.312212,0.1639021635055542,0.7474358677864075,0.3812820613384247
YHR081W,YLR186W,0,1.3111324,0.16385610401630402,0.7474358677864075,0.38141027092933655
YMR223W,YFL044C,0,1.3108974,0.16381005942821503,0.7474358677864075,0.381538450717926
YMR098C,YGR234W,0,1.3105373,0.16376404464244843,0.7474358677864075,0.3816666603088379
YLR414C,YPL096C-A,0,1.3098737,0.1637180596590042,0.7474358677864075,0.38179486989974976
YPL022W,YOL109W,0,1.3092068,0.1636720895767212,0.7474358677864075,0.3819230794906616
YNL146W,YCR092C,0,1.3090928,0.16362616419792175,0.7474358677864075,0.3820512890815735
YLR170C,YOR192C-A,0,1.308924,0.1635802537202835,0.7474358677864075,0.38217949867248535
YOR192C-B,YKL173W,0,1.3088152,0.16353435814380646,0.7474358677864075,0.38230767846107483
YDL195W,YOR269W,0,1.308595,0.163488507270813,0.7474358677864075,0.3824358880519867
YOL156W,YDR093W,0,1.3085461,0.1634426712989807,0.7474358677864075,0.38256409764289856
YMR094W,YDR224C,0,1.308105,0.16339686512947083,0.7474358677864075,0.3826923072338104
YFL004W,YNL061W,0,1.3079617,0.16335107386112213,0.7474358677864075,0.3828205168247223
YDR316W-A,YKR030W,0,1.3079083,0.16330532729625702,0.7474358677864075,0.38294872641563416
YDR533C,YKL199C,0,1.3078449,0.1632595956325531,0.7474358677864075,0.383076936006546
YDR210W-B,YIL155C,0,1.3073821,0.16321387887001038,0.7474358677864075,0.3832051157951355
YBL088C,YLL011W,0,1.3072745,0.16316820681095123,0.7474358677864075,0.38333332538604736
YMR036C,YOR315W,0,1.3072194,0.16312254965305328,0.7474358677864075,0.38346153497695923
YPL106C,YPL257W-A,0,1.306874,0.16307692229747772,0.7474358677864075,0.3835897445678711
YDR261W-B,YER007W,0,1.3064027,0.16303132474422455,0.7474358677864075,0.38371795415878296
YNR008W,YNL054W-B,0,1.3057859,0.16298574209213257,0.7474358677864075,0.3838461637496948
YLR204W,YDR368W,0,1.3055109,0.16294018924236298,0.7474358677864075,0.3839743733406067
YGR292W,YKR037C,0,1.305425,0.16289466619491577,0.7474358677864075,0.38410255312919617
YNL322C,YDR210W-B,0,1.3049697,0.16284915804862976,0.7474358677864075,0.38423076272010803
YJR025C,YJR033C,0,1.3048034,0.16280367970466614,0.7474358677864075,0.3843589723110199
YJL041W,YDR507C,0,1.3047347,0.1627582311630249,0.7474358677864075,0.38448718190193176
YDR279W,YDR069C,1,1.3045506,0.16299191117286682,0.7487179636955261,0.38448718190193176
YDR424C,YCR094W,0,1.3038678,0.1629464328289032,0.7487179636955261,0.38461539149284363
YJL033W,YHL009W-B,0,1.3037181,0.16290096938610077,0.7487179636955261,0.3847436010837555
YMR139W,YPL051W,0,1.30357,0.16285555064678192,0.7487179636955261,0.38487178087234497
YOL064C,YGL106W,0,1.3032503,0.16281014680862427,0.7487179636955261,0.38499999046325684
YBR156C,YOR343W-A,0,1.3031374,0.162764772772789,0.7487179636955261,0.3851282000541687
YER147C,YOR343W-A,0,1.3029199,0.16271941363811493,0.7487179636955261,0.38525640964508057
YGR009C,YHR105W,0,1.3028699,0.16267409920692444,0.7487179636955261,0.38538461923599243
YOR192C-A,YGR191W,0,1.3026657,0.16262879967689514,0.7487179636955261,0.3855128288269043
YNL054W-B,YLR207W,0,1.3022305,0.16258351504802704,0.7487179636955261,0.38564103841781616
YDR347W,YFL002W-A,0,1.30211,0.16253827512264252,0.7487179636955261,0.38576921820640564
YIR017C,YPL257W-A,0,1.3017952,0.1624930500984192,0.7487179636955261,0.3858974277973175
YLR396C,YOR369C,0,1.3016685,0.16244783997535706,0.7487179636955261,0.38602563738822937
YHL009W-B,YPL090C,0,1.30165,0.1624026745557785,0.7487179636955261,0.38615384697914124
YDL085W,YLR381W,0,1.30148,0.16235752403736115,0.7487179636955261,0.3862820565700531
YOR192C-A,YKL021C,0,1.301251,0.16231238842010498,0.7487179636955261,0.38641026616096497
YNL149C,YKL158W,0,1.3006527,0.1622672975063324,0.7487179636955261,0.38653847575187683
YDR334W,YLR045C,0,1.3004947,0.162222221493721,0.7487179636955261,0.3866666555404663
YDR299W,YMR122W-A,0,1.3004006,0.162177175283432,0.7487179636955261,0.3867948651313782
YIL027C,YBR273C,0,1.3003306,0.1621321439743042,0.7487179636955261,0.38692307472229004
YDR126W,YDL038C,0,1.300283,0.16208714246749878,0.7487179636955261,0.3870512843132019
YNL054W-B,YLR186W,0,1.3001627,0.16204217076301575,0.7487179636955261,0.38717949390411377
YLR312C-B,YJR068W,1,1.2998661,0.16227461397647858,0.75,0.38717949390411377
YLR214W,YOR356W,0,1.2996256,0.16222961246967316,0.75,0.38730770349502563
YDR126W,YJR029W,0,1.2991891,0.16218464076519012,0.75,0.3874358832836151
YGL168W,YOR346W,1,1.2987646,0.16241684556007385,0.7512820363044739,0.3874358832836151
YKL089W,YDR261W-B,0,1.2984213,0.16237184405326843,0.7512820363044739,0.387564092874527
YCL063W,YNL146W,0,1.298117,0.1623268723487854,0.7512820363044739,0.38769230246543884
YLR370C,YAL012W,0,1.2976235,0.16228191554546356,0.7512820363044739,0.3878205120563507
YHR028C,YNL012W,0,1.2973859,0.1622369885444641,0.7512820363044739,0.3879487216472626
YLR312C-B,YDR013W,1,1.2973317,0.16246886551380157,0.7525641322135925,0.3879487216472626
YMR233W,YHR101C,0,1.2971318,0.16242390871047974,0.7525641322135925,0.38807693123817444
YGL168W,YJL090C,1,1.2969352,0.16265560686588287,0.7538461685180664,0.38807693123817444
YJR016C,YHR136C,0,1.2952895,0.16261062026023865,0.7538461685180664,0.3882051408290863
YER164W,YPL202C,0,1.2952785,0.1625656634569168,0.7538461685180664,0.3883333206176758
YDR316W-A,YDR326C,0,1.2952287,0.16252073645591736,0.7538461685180664,0.38846153020858765
YLR204W,YOR257W,0,1.2946798,0.1624758243560791,0.7538461685180664,0.3885897397994995
YDR316W-A,YAL062W,0,1.2943579,0.16243094205856323,0.7538461685180664,0.3887179493904114
YOR076C,YGR027W-B,0,1.2942855,0.16238607466220856,0.7538461685180664,0.38884615898132324
YHR039C-B,YCL031C,0,1.2940712,0.16234125196933746,0.7538461685180664,0.3889743685722351
YPL068C,YDR103W,0,1.2939497,0.16229644417762756,0.7538461685180664,0.389102578163147
YOR391C,YBL055C,0,1.2933911,0.16225165128707886,0.7538461685180664,0.38923075795173645
YGL253W,YKL158W,0,1.2928075,0.16220690310001373,0.7538461685180664,0.3893589675426483
YLR008C,YHR011W,0,1.291957,0.1621621549129486,0.7538461685180664,0.3894871771335602
YJL170C,YLR127C,0,1.2918843,0.16211745142936707,0.7538461685180664,0.38961538672447205
YOR290C,YKL158W,0,1.2918723,0.16207276284694672,0.7538461685180664,0.3897435963153839
YDR077W,YOL140W,0,1.2917874,0.16202810406684875,0.7538461685180664,0.3898718059062958
YER036C,YBR030W,0,1.2915154,0.16198347508907318,0.7538461685180664,0.38999998569488525
YBL024W,YLR099C,0,1.291362,0.1619388610124588,0.7538461685180664,0.3901281952857971
YJL153C,YCR004C,0,1.2911639,0.1618942767381668,0.7538461685180664,0.390256404876709
YDR036C,YGR027W-B,0,1.2911291,0.161849707365036,0.7538461685180664,0.39038461446762085
YFL004W,YFL037W,0,1.29099,0.1618051677942276,0.7538461685180664,0.3905128240585327
YDL136W,YER159C-A,0,1.2908752,0.16176065802574158,0.7538461685180664,0.3906410336494446
YOR046C,YDL109C,0,1.2908359,0.16171617805957794,0.7538461685180664,0.39076924324035645
YHR017W,YDR177W,0,1.2903968,0.1616717129945755,0.7538461685180664,0.3908974230289459
YDL038C,YMR150C,0,1.2901931,0.16162726283073425,0.7538461685180664,0.3910256326198578
YPL091W,YJR135W-A,0,1.2901404,0.1615828573703766,0.7538461685180664,0.39115384221076965
YBR092C,YNL301C,0,1.29014,0.16153846681118011,0.7538461685180664,0.3912820518016815
YBR058C-A,YML088W,0,1.2893617,0.16149409115314484,0.7538461685180664,0.3914102613925934
YDL043C,YOR240W,0,1.2893564,0.16144976019859314,0.7538461685180664,0.39153847098350525
YOR347C,YEL050C,0,1.2889509,0.16140542924404144,0.7538461685180664,0.3916666805744171
YGR292W,YER082C,0,1.2886629,0.16136114299297333,0.7538461685180664,0.3917948603630066
YLR139C,YNR047W,0,1.2882159,0.1613168716430664,0.7538461685180664,0.39192306995391846
YPL051W,YGR101W,0,1.2880057,0.16127263009548187,0.7538461685180664,0.3920512795448303
YPL231W,YNL012W,0,1.2878428,0.16122840344905853,0.7538461685180664,0.3921794891357422
YNL292W,YML081C-A,0,1.2872523,0.16118420660495758,0.7538461685180664,0.39230769872665405
YNR043W,YAR044W,0,1.287188,0.16114003956317902,0.7538461685180664,0.3924359083175659
YDR312W,YLL035W,0,1.286921,0.16109588742256165,0.7538461685180664,0.3925640881061554
YFR037C,YDL112W,0,1.2866397,0.16105176508426666,0.7538461685180664,0.39269229769706726
YDR170W-A,YNL289W,0,1.286571,0.16100767254829407,0.7538461685180664,0.3928205072879791
YMR184W,YKL028W,0,1.2865653,0.16096359491348267,0.7538461685180664,0.392948716878891
YPR081C,YDR483W,0,1.2862926,0.16091954708099365,0.7538461685180664,0.39307692646980286
YNL086W,YAL025C,0,1.2862017,0.16087551414966583,0.7538461685180664,0.3932051360607147
YER029C,YIL084C,0,1.2861682,0.1608315110206604,0.7538461685180664,0.3933333456516266
YFR032C-A,YMR056C,0,1.2855004,0.16078753769397736,0.7538461685180664,0.39346152544021606
YJL044C,YMR188C,0,1.285472,0.1607435792684555,0.7538461685180664,0.39358973503112793
YJL129C,YDR236C,0,1.2852867,0.16069965064525604,0.7538461685180664,0.3937179446220398
YIL172C,YAL020C,0,1.2851704,0.16065573692321777,0.7538461685180664,0.39384615421295166
YBR036C,YDR093W,0,1.2851462,0.1606118530035019,0.7538461685180664,0.3939743638038635
YJL090C,YJR068W,1,1.2851261,0.16084107756614685,0.7551282048225403,0.3939743638038635
YDL060W,YJR155W,0,1.2849648,0.16079716384410858,0.7551282048225403,0.3941025733947754
YDR177W,YCL057C-A,0,1.2844195,0.1607532799243927,0.7551282048225403,0.39423078298568726
YNR061C,YOR069W,0,1.2843581,0.160709410905838,0.7551282048225403,0.39435896277427673
YMR086W,YIL113W,0,1.2842375,0.1606655716896057,0.7551282048225403,0.3944871723651886
YBR214W,YML037C,0,1.2841631,0.1606217622756958,0.7551282048225403,0.39461538195610046
YOR192C-B,YOR044W,0,1.2838008,0.16057796776294708,0.7551282048225403,0.39474359154701233
YCL063W,YPL220W,0,1.2836033,0.16053420305252075,0.7551282048225403,0.3948718011379242
YOR116C,YNL136W,0,1.2835183,0.1604904681444168,0.7551282048225403,0.39500001072883606
YPL258C,YCR053W,0,1.2827823,0.16044674813747406,0.7551282048225403,0.39512819051742554
YLR312C-B,YGL251C,1,1.2823746,0.16067537665367126,0.7564102411270142,0.39512819051742554
YLR312C-B,YIL150C,1,1.2822692,0.16090388596057892,0.7576923370361328,0.39512819051742554
YER036C,YJR098C,0,1.2822542,0.1608600914478302,0.7576923370361328,0.3952564001083374
YLR312C-B,YDR054C,1,1.2818091,0.16108843684196472,0.7589743733406067,0.3952564001083374
YJL097W,YPL033C,0,1.2815478,0.16104461252689362,0.7589743733406067,0.39538460969924927
YDR033W,YOL105C,0,1.2811177,0.1610008180141449,0.7589743733406067,0.39551281929016113
YHR021C,YCR009C,0,1.2809426,0.16095703840255737,0.7589743733406067,0.395641028881073
YDR533C,YPL257W-A,0,1.2809348,0.16091328859329224,0.7589743733406067,0.39576923847198486
YAL012W,YAR044W,0,1.280592,0.1608695685863495,0.7589743733406067,0.39589744806289673
YCR029C-A,YCR037C,0,1.2804558,0.16082586348056793,0.7589743733406067,0.3960256278514862
YER048W-A,YOL007C,0,1.2802384,0.16078218817710876,0.7589743733406067,0.39615383744239807
YAL034W-A,YDR261W-B,0,1.2799916,0.1607385277748108,0.7589743733406067,0.39628204703330994
YOR167C,YPR096C,0,1.2799892,0.1606948971748352,0.7589743733406067,0.3964102566242218
YBR024W,YDL108W,0,1.2799405,0.160651296377182,0.7589743733406067,0.39653846621513367
YGL123W,YGL155W,0,1.2795066,0.16060771048069,0.7589743733406067,0.39666667580604553
YML034W,YKL158W,0,1.279506,0.1605641394853592,0.7589743733406067,0.3967948853969574
YDR507C,YGR001C,0,1.278814,0.16052061319351196,0.7589743733406067,0.3969230651855469
YFL029C,YAL043C,0,1.2778041,0.16047708690166473,0.7589743733406067,0.39705127477645874
YLR312C-B,YOR217W,1,1.2773241,0.1607046127319336,0.7602564096450806,0.39705127477645874
YPL258C,YBL010C,0,1.2767414,0.16066107153892517,0.7602564096450806,0.3971794843673706
YEL064C,YCL050C,0,1.2764771,0.16061754524707794,0.7602564096450806,0.39730769395828247
YDR224C,YKL158W,0,1.2762914,0.1605740636587143,0.7602564096450806,0.39743590354919434
YOR124C,YDR018C,0,1.27544,0.16053059697151184,0.7602564096450806,0.3975641131401062
YDR056C,YAL025C,0,1.2753475,0.16048714518547058,0.7602564096450806,0.3976922929286957
YBR033W,YNL325C,0,1.2752953,0.1604437232017517,0.7602564096450806,0.39782050251960754
YEL021W,YMR026C,0,1.2740792,0.16040033102035522,0.7602564096450806,0.3979487121105194
YBL088C,YOR151C,0,1.2736821,0.16035695374011993,0.7602564096450806,0.3980769217014313
YJR066W,YIL009C-A,0,1.2732519,0.16031359136104584,0.7602564096450806,0.39820513129234314
YPR048W,YGR154C,0,1.272969,0.16027027368545532,0.7602564096450806,0.398333340883255
YGR027W-B,YPR041W,0,1.272627,0.160226970911026,0.7602564096450806,0.39846155047416687
YAL021C,YOR080W,1,1.2723191,0.16045381128787994,0.7615384459495544,0.39846155047416687
YDR052C,YGL168W,1,1.2721988,0.16068053245544434,0.7628205418586731,0.39846155047416687
YKL154W,YGR135W,0,1.2721415,0.16063715517520905,0.7628205418586731,0.39858973026275635
YDL038C,YML077W,0,1.2719718,0.16059379279613495,0.7628205418586731,0.3987179398536682
YNR061C,YOL071W,0,1.2718323,0.16055046021938324,0.7628205418586731,0.3988461494445801
YJR066W,YCR096C,0,1.2717835,0.16050714254379272,0.7628205418586731,0.39897435903549194
YHR028C,YHR039C-B,0,1.2715349,0.1604638546705246,0.7628205418586731,0.3991025686264038
YPR178W,YOL007C,0,1.2714918,0.16042059659957886,0.7628205418586731,0.3992307782173157
YLR373C,YMR204C,0,1.2708043,0.1603773534297943,0.7628205418586731,0.39935898780822754
YPR158C-D,YHL047C,0,1.2707767,0.16033414006233215,0.7628205418586731,0.399487167596817
YDL114W,YOL103W,0,1.2705951,0.1602909415960312,0.7628205418586731,0.3996153771877289
YDR253C,YDR523C,0,1.2705554,0.1602477729320526,0.7628205418586731,0.39974358677864075
YDL210W,YMR247C,0,1.2704886,0.16020463407039642,0.7628205418586731,0.3998717963695526
YMR098C,YEL059C-A,0,1.270277,0.16016151010990143,0.7628205418586731,0.4000000059604645
YCR010C,YLL035W,0,1.2700938,0.16011840105056763,0.7628205418586731,0.40012821555137634
YMR043W,YCL061C,1,1.2699792,0.16034436225891113,0.764102578163147,0.40012821555137634
YBL021C,YNR041C,0,1.2692688,0.16030123829841614,0.764102578163147,0.4002564251422882
YDR088C,YGL123W,0,1.2690492,0.16025812923908234,0.764102578163147,0.4003846049308777
YGR026W,YDR093W,0,1.2688961,0.16021504998207092,0.764102578163147,0.40051281452178955
YPL269W,YOL064C,0,1.2687366,0.1601720005273819,0.764102578163147,0.4006410241127014
YPL271W,YFR007W,0,1.2686121,0.16012896597385406,0.764102578163147,0.4007692337036133
YAR019C,YHL008C,0,1.2670339,0.16008594632148743,0.764102578163147,0.40089744329452515
YMR282C,YAR044W,0,1.2668984,0.16004297137260437,0.764102578163147,0.401025652885437
YHR039C-B,YAR044W,0,1.2667899,0.1599999964237213,0.764102578163147,0.4011538326740265
YDR170W-A,YHR023W,0,1.266412,0.15995705127716064,0.764102578163147,0.40128204226493835
YPR005C,YCL075W,0,1.2662685,0.15991413593292236,0.764102578163147,0.4014102518558502
YGL137W,YCR098C,0,1.2661495,0.15987125039100647,0.764102578163147,0.4015384614467621
YDR326C,YOL072W,0,1.2660158,0.15982836484909058,0.764102578163147,0.40166667103767395
YPL157W,YMR201C,0,1.2660089,0.15978552401065826,0.764102578163147,0.4017948806285858
YGR058W,YGL040C,0,1.2658911,0.15974269807338715,0.764102578163147,0.4019230902194977
YPL091W,YGR234W,0,1.2657489,0.15969988703727722,0.764102578163147,0.40205127000808716
YOR373W,YKL034W,0,1.2653601,0.15965710580348969,0.764102578163147,0.402179479598999
YLR283W,YGL106W,0,1.265149,0.15961435437202454,0.764102578163147,0.4023076891899109
YHR101C,YDL007W,0,1.2640997,0.15957161784172058,0.764102578163147,0.40243589878082275
YAL034W-A,YMR221C,0,1.2640449,0.159528911113739,0.764102578163147,0.4025641083717346
YDL038C,YHR207C,0,1.2635616,0.15948621928691864,0.764102578163147,0.4026923179626465
YDR533C,YPL155C,0,1.2633469,0.15944355726242065,0.764102578163147,0.40282052755355835
YPR178W,YOR290C,0,1.2629062,0.15940091013908386,0.764102578163147,0.4029487073421478
YML015C,YLR207W,0,1.2624925,0.15935829281806946,0.764102578163147,0.4030769169330597
YLR396C,YKL011C,0,1.2621197,0.15931569039821625,0.764102578163147,0.40320512652397156
YOR063W,YDR400W,0,1.2619631,0.15927311778068542,0.764102578163147,0.4033333361148834
YEL015W,YGR071C,0,1.2616926,0.1592305600643158,0.764102578163147,0.4034615457057953
YGL223C,YPL022W,0,1.2616526,0.15918803215026855,0.764102578163147,0.40358975529670715
YBR289W,YCL075W,0,1.261586,0.1591455340385437,0.764102578163147,0.40371793508529663
YGR058W,YHR067W,0,1.2614822,0.15910303592681885,0.764102578163147,0.4038461446762085
YFR006W,YER153C,0,1.2607317,0.15906058251857758,0.764102578163147,0.40397435426712036
YLR170C,YOL156W,0,1.2606324,0.1590181440114975,0.764102578163147,0.4041025638580322
YIL051C,YOR244W,0,1.2605807,0.1589757204055786,0.764102578163147,0.4042307734489441
YNL046W,YDR402C,0,1.259937,0.15893332660198212,0.764102578163147,0.40435898303985596
YIL145C,YBL055C,0,1.2596084,0.158890962600708,0.764102578163147,0.4044871926307678
YDL101C,YER070W,1,1.2583252,0.15911513566970825,0.7653846144676208,0.4044871926307678
YJR158W,YDR390C,0,1.2582109,0.15907274186611176,0.7653846144676208,0.4046153724193573
YLR312C-B,YAL021C,1,1.2581089,0.15929675102233887,0.7666666507720947,0.4046153724193573
YPR158C-D,YOL109W,0,1.2573537,0.15925432741641998,0.7666666507720947,0.40474358201026917
YGL173C,YKL173W,0,1.2570214,0.1592119336128235,0.7666666507720947,0.40487179160118103
YOR046C,YBR289W,0,1.2565855,0.15916955471038818,0.7666666507720947,0.4050000011920929
YJR010C-A,YDL200C,0,1.2562917,0.15912719070911407,0.7666666507720947,0.40512821078300476
YJR134C,YDR077W,0,1.2547462,0.15908485651016235,0.7666666507720947,0.4052564203739166
YHR046C,YJL133W,0,1.254669,0.15904255211353302,0.7666666507720947,0.4053846299648285
YDR014W,YDR054C,1,1.2545455,0.1592661589384079,0.7679487466812134,0.4053846299648285
YNL207W,YDR400W,0,1.2544723,0.15922380983829498,0.7679487466812134,0.40551280975341797
YHR027C,YMR070W,0,1.2544436,0.15918150544166565,0.7679487466812134,0.40564101934432983
YMR086W,YNL268W,0,1.2543393,0.1591392159461975,0.7679487466812134,0.4057692289352417
YLR312C-B,YJL090C,1,1.2538973,0.1593625545501709,0.7692307829856873,0.4057692289352417
YOL064C,YHR023W,0,1.2537713,0.15932023525238037,0.7692307829856873,0.40589743852615356
YHL004W,YML088W,0,1.2537501,0.15927794575691223,0.7692307829856873,0.40602564811706543
YHR039C-B,YMR037C,0,1.2537408,0.15923567116260529,0.7692307829856873,0.4061538577079773
YHR105W,YHR039C-B,0,1.2534972,0.15919342637062073,0.7692307829856873,0.4062820374965668
YHR206W,YNL146W,0,1.2534666,0.15915119647979736,0.7692307829856873,0.40641024708747864
YER068W,YGL222C,0,1.2533743,0.1591089963912964,0.7692307829856873,0.4065384566783905
YJR134C,YNL135C,0,1.2526393,0.1590668112039566,0.7692307829856873,0.40666666626930237
YJL046W,YDR170W-A,0,1.2519149,0.1590246558189392,0.7692307829856873,0.40679487586021423
YOR076C,YHR010W,0,1.2513537,0.158982515335083,0.7692307829856873,0.4069230854511261
YDL067C,YBL055C,0,1.2513001,0.1589404046535492,0.7692307829856873,0.40705129504203796
YFL004W,YNR061C,0,1.2508421,0.15889830887317657,0.7692307829856873,0.40717947483062744
YNL086W,YDR238C,0,1.2503457,0.15885622799396515,0.7692307829856873,0.4073076844215393
YLR312C-B,YCL061C,1,1.2495471,0.15907888114452362,0.7705128192901611,0.4073076844215393
YBL069W,YPL095C,0,1.2492136,0.159036785364151,0.7705128192901611,0.40743589401245117
YOR384W,YGL039W,0,1.2486961,0.15899470448493958,0.7705128192901611,0.40756410360336304
YPR063C,YCL066W,0,1.2482078,0.15895265340805054,0.7705128192901611,0.4076923131942749
YLR356W,YNL212W,0,1.2474742,0.1589106321334839,0.7705128192901611,0.40782052278518677
YOL092W,YDR117C,0,1.2474272,0.15886862576007843,0.7705128192901611,0.40794873237609863
YCR072C,YJL109C,0,1.2470946,0.15882663428783417,0.7705128192901611,0.4080769121646881
YCL075W,YJR076C,0,1.2470541,0.1587846726179123,0.7705128192901611,0.4082051217556
YBR237W,YAL058W,0,1.2470026,0.1587427407503128,0.7705128192901611,0.40833333134651184
YJL046W,YLR327C,0,1.2465303,0.1587008237838745,0.7705128192901611,0.4084615409374237
YDL043C,YAL035W,0,1.2463769,0.1586589217185974,0.7705128192901611,0.40858975052833557
YLR448W,YPL189C-A,0,1.2463418,0.1586170494556427,0.7705128192901611,0.40871796011924744
YML070W,YEL002C,0,1.2461519,0.15857519209384918,0.7705128192901611,0.4088461399078369
YER025W,YGL039W,0,1.2458808,0.15853336453437805,0.7705128192901611,0.4089743494987488
YLR109W,YGR272C,0,1.2458724,0.1584915667772293,0.7705128192901611,0.40910255908966064
YBR160W,YOR346W,1,1.2455475,0.1587134152650833,0.771794855594635,0.40910255908966064
YFR008W,YCR037C,0,1.2454677,0.15867158770561218,0.771794855594635,0.4092307686805725
YBR097W,YOL133W,0,1.2452097,0.15862977504730225,0.771794855594635,0.4093589782714844
YKL199C,YCL055W,0,1.2451025,0.1585879921913147,0.771794855594635,0.40948718786239624
YER070W,YBL023C,1,1.2445638,0.1588095873594284,0.7730769515037537,0.40948718786239624
YMR088C,YPL204W,0,1.2443902,0.15876777470111847,0.7730769515037537,0.4096153974533081
YLR439W,YGL084C,0,1.2433908,0.15872597694396973,0.7730769515037537,0.4097435772418976
YIR037W,YHR184W,0,1.2427841,0.15868420898914337,0.7730769515037537,0.40987178683280945
YDL043C,YOR315W,0,1.2422839,0.1586424559354782,0.7730769515037537,0.4099999964237213
YDR316W-A,YMR184W,0,1.2418989,0.15860073268413544,0.7730769515037537,0.4101282060146332
YIR002C,YMR045C,0,1.2415838,0.15855903923511505,0.7730769515037537,0.41025641560554504
YHL036W,YMR122W-A,0,1.2413073,0.15851734578609467,0.7730769515037537,0.4103846251964569
YGR006W,YER020W,0,1.2406102,0.15847569704055786,0.7730769515037537,0.4105128347873688
YDR334W,YPL202C,0,1.2401593,0.15843404829502106,0.7730769515037537,0.41064101457595825
YDR388W,YNL206C,0,1.2399359,0.15839242935180664,0.7730769515037537,0.4107692241668701
YDR326C,YNL061W,0,1.2399255,0.1583508402109146,0.7730769515037537,0.410897433757782
YGL210W,YIL009C-A,0,1.2397733,0.15830926597118378,0.7730769515037537,0.41102564334869385
YLR147C,YPL204W,0,1.2396395,0.15826772153377533,0.7730769515037537,0.4111538529396057
YOL133W,YEL021W,0,1.2395506,0.15822619199752808,0.7730769515037537,0.4112820625305176
YBR198C,YPL258C,0,1.2385936,0.15818467736244202,0.7730769515037537,0.41141024231910706
YKL178C,YOL065C,0,1.2381414,0.15814319252967834,0.7730769515037537,0.4115384519100189
YLR201C,YKR037C,0,1.2380794,0.15810173749923706,0.7730769515037537,0.4116666615009308
YCR010C,YBR185C,0,1.2372676,0.15806028246879578,0.7730769515037537,0.41179487109184265
YPL060W,YNL301C,0,1.237237,0.15801887214183807,0.7730769515037537,0.4119230806827545
YLL013C,YFL029C,0,1.2371726,0.15797746181488037,0.7730769515037537,0.4120512902736664
YDR440W,YBL055C,0,1.2371125,0.15793609619140625,0.7730769515037537,0.41217949986457825
YLR459W,YDR126W,0,1.2370617,0.15789473056793213,0.7730769515037537,0.4123076796531677
YOR181W,YCR054C,0,1.237005,0.1578534096479416,0.7730769515037537,0.4124358892440796
YPL085W,YBR207W,0,1.2368947,0.15781208872795105,0.7730769515037537,0.41256409883499146
YDR356W,YKL158W,0,1.2368429,0.1577707976102829,0.7730769515037537,0.4126923084259033
YEL038W,YIL138C,0,1.2367663,0.15772953629493713,0.7730769515037537,0.4128205180168152
YMR306W,YMR127C,0,1.2364447,0.15768828988075256,0.7730769515037537,0.41294872760772705
YDL195W,YGL155W,0,1.2354183,0.1576470583677292,0.7730769515037537,0.4130769371986389
YNL306W,YBL090W,0,1.2343924,0.1576058566570282,0.7730769515037537,0.4132051169872284
YMR130W,YER020W,0,1.2342441,0.1575646698474884,0.7730769515037537,0.41333332657814026
YLR312C-B,YPL153C,1,1.2339058,0.15778474509716034,0.7743589878082275,0.41333332657814026
YGL119W,YNL119W,0,1.2335856,0.15774354338645935,0.7743589878082275,0.4134615361690521
YHR021C,YML116W,0,1.2321811,0.15770235657691956,0.7743589878082275,0.413589745759964
YDL164C,YDR054C,1,1.2319918,0.15792220830917358,0.7756410241127014,0.413589745759964
YLR035C-A,YPL103C,0,1.2312956,0.1578810065984726,0.7756410241127014,0.41371795535087585
YDL101C,YJL073W,1,1.2309787,0.15810070931911469,0.7769230604171753,0.41371795535087585
YDR379W,YAL035W,0,1.2308084,0.15805946290493011,0.7769230604171753,0.4138461649417877
YHR105W,YOR233W,0,1.2302561,0.15801824629306793,0.7769230604171753,0.4139743447303772
YDR479C,YER112W,0,1.2301311,0.15797705948352814,0.7769230604171753,0.41410255432128906
YJL080C,YOR067C,0,1.2299291,0.15793588757514954,0.7769230604171753,0.4142307639122009
YDR465C,YLR074C,0,1.2299055,0.15789473056793213,0.7769230604171753,0.4143589735031128
YMR042W,YIL078W,0,1.2298741,0.1578536033630371,0.7769230604171753,0.41448718309402466
YGL035C,YGR274C,0,1.2296238,0.15781250596046448,0.7769230604171753,0.4146153926849365
YBL103C,YCR029C-A,0,1.2296052,0.15777140855789185,0.7769230604171753,0.4147436022758484
YNL330C,YDR334W,0,1.2292935,0.1577303558588028,0.7769230604171753,0.41487178206443787
YKL116C,YNL289W,0,1.2292233,0.15768930315971375,0.7769230604171753,0.41499999165534973
YFL044C,YGR054W,0,1.229037,0.15764828026294708,0.7769230604171753,0.4151282012462616
YOL065C,YPL028W,0,1.228998,0.1576072871685028,0.7769230604171753,0.41525641083717346
YJL090C,YDR014W,1,1.2277397,0.15782631933689117,0.778205156326294,0.41525641083717346
YGL205W,YDR177W,0,1.2275379,0.15778528153896332,0.778205156326294,0.4153846204280853
YCR081W,YDR252W,0,1.2273597,0.15774428844451904,0.778205156326294,0.4155128300189972
YDR050C,YNR070W,0,1.2271824,0.15770329535007477,0.778205156326294,0.41564103960990906
YDR239C,YLR099C,0,1.2270732,0.15766233205795288,0.778205156326294,0.41576921939849854
YJL219W,YCL055W,0,1.2267485,0.15762139856815338,0.778205156326294,0.4158974289894104
YBL017C,YDR334W,0,1.2264304,0.15758047997951508,0.778205156326294,0.41602563858032227
YAR015W,YML018C,0,1.2258713,0.15753957629203796,0.778205156326294,0.41615384817123413
YEL016C,YPL028W,0,1.2258524,0.15749870240688324,0.778205156326294,0.416282057762146
YDL210W,YDR134C,0,1.2252736,0.1574578434228897,0.778205156326294,0.41641026735305786
YKR062W,YIL113W,0,1.224785,0.15741701424121857,0.778205156326294,0.41653844714164734
YMR100W,YDR158W,0,1.2246113,0.15737619996070862,0.778205156326294,0.4166666567325592
YOR143C,YGR116W,0,1.22407,0.15733540058135986,0.778205156326294,0.41679486632347107
YHR116W,YDR238C,0,1.2238739,0.1572946310043335,0.778205156326294,0.41692307591438293
YAL058W,YJL109C,0,1.2234778,0.15725389122962952,0.778205156326294,0.4170512855052948
YLR106C,YML048W,0,1.2215463,0.15721315145492554,0.778205156326294,0.41717949509620667
YOR080W,YKL017C,1,1.2215121,0.15743137896060944,0.7794871926307678,0.41717949509620667
YMR281W,YGR241C,0,1.2215079,0.15739062428474426,0.7794871926307678,0.41730770468711853
YDR052C,YDR069C,1,1.2214804,0.15760870277881622,0.7807692289352417,0.41730770468711853
YML094W,YNL136W,0,1.221227,0.15756791830062866,0.7807692289352417,0.417435884475708
YEL064C,YGR154C,0,1.2205135,0.1575271636247635,0.7807692289352417,0.4175640940666199
YKL199C,YFR005C,0,1.2200513,0.1574864238500595,0.7807692289352417,0.41769230365753174
YAR019C,YDL112W,0,1.219706,0.15744571387767792,0.7807692289352417,0.4178205132484436
YDR022C,YMR056C,0,1.219115,0.15740501880645752,0.7807692289352417,0.41794872283935547
YOL065C,YLR079W,0,1.2191131,0.15736433863639832,0.7807692289352417,0.41807693243026733
YOR175C,YDL109C,0,1.219063,0.1573236882686615,0.7807692289352417,0.4182051420211792
YDR107C,YMR292W,0,1.2188607,0.15728305280208588,0.7807692289352417,0.4183333218097687
YOR167C,YHR039C-B,0,1.2186903,0.15724244713783264,0.7807692289352417,0.41846153140068054
YLR040C,YNL096C,0,1.2186403,0.1572018563747406,0.7807692289352417,0.4185897409915924
YNR061C,YPR021C,0,1.2185113,0.15716129541397095,0.7807692289352417,0.4187179505825043
YHR184W,YHR081W,0,1.21844,0.1571207493543625,0.7807692289352417,0.41884616017341614
YBR237W,YHR070W,0,1.2177783,0.15708021819591522,0.7807692289352417,0.418974369764328
YAL013W,YLR337W,0,1.2176625,0.15703971683979034,0.7807692289352417,0.4191025495529175
YMR045C,YAL025C,0,1.2174516,0.15699923038482666,0.7807692289352417,0.41923075914382935
YNL330C,YOL019W,0,1.2170635,0.15695875883102417,0.7807692289352417,0.4193589687347412
YDR356W,YLR414C,0,1.2167802,0.15691831707954407,0.7807692289352417,0.4194871783256531
YPL194W,YDR077W,0,1.2158632,0.15687790513038635,0.7807692289352417,0.41961538791656494
YNL001W,YNL146W,0,1.2147682,0.15683749318122864,0.7807692289352417,0.4197435975074768
YPL143W,YDL095W,0,1.2147266,0.1567971110343933,0.7807692289352417,0.41987180709838867
YGR062C,YAR044W,0,1.2146175,0.15675675868988037,0.7807692289352417,0.41999998688697815
YDL129W,YNL212W,0,1.2145543,0.15671642124652863,0.7807692289352417,0.42012819647789
YPR166C,YLR097C,0,1.2144716,0.15667609870433807,0.7807692289352417,0.4202564060688019
YER147C,YMR109W,0,1.2137829,0.1566358059644699,0.7807692289352417,0.42038461565971375
YGR263C,YGL211W,0,1.2134236,0.15659552812576294,0.7807692289352417,0.4205128252506256
YNL213C,YGL155W,0,1.2126603,0.15655526518821716,0.7807692289352417,0.4206410348415375
YPL089C,YDL109C,0,1.2125888,0.15651503205299377,0.7807692289352417,0.42076924443244934
YLR312C-B,YBR160W,1,1.2123213,0.1567317545413971,0.7820512652397156,0.42076924443244934
YDR448W,YOL092W,0,1.212182,0.15669149160385132,0.7820512652397156,0.4208974242210388
YPL074W,YDR443C,0,1.2118673,0.15665125846862793,0.7820512652397156,0.4210256338119507
YMR233W,YML074C,0,1.2114325,0.15661104023456573,0.7820512652397156,0.42115384340286255
YOR384W,YMR292W,0,1.2111276,0.15657083690166473,0.7820512652397156,0.4212820529937744
YGL213C,YBR237W,0,1.2103714,0.15653066337108612,0.7820512652397156,0.4214102625846863
YGL227W,YMR017W,0,1.210118,0.1564905047416687,0.7820512652397156,0.42153847217559814
YHR161C,YPR054W,0,1.2098845,0.15645037591457367,0.7820512652397156,0.4216666519641876
YMR139W,YPL017C,0,1.2094853,0.15641026198863983,0.7820512652397156,0.4217948615550995
YOR348C,YEL059C-A,0,1.2091165,0.1563701629638672,0.7820512652397156,0.42192307114601135
YOR228C,YDR003W,0,1.209079,0.15633009374141693,0.7820512652397156,0.4220512807369232
YDR402C,YGL031C,0,1.2088779,0.15629003942012787,0.7820512652397156,0.4221794903278351
YBR012W-A,YPL257W-A,0,1.2086327,0.15625,0.7820512652397156,0.42230769991874695
YNL039W,YOR391C,0,1.2085648,0.15620999038219452,0.7820512652397156,0.4224359095096588
YMR297W,YOR076C,0,1.2083427,0.15616999566555023,0.7820512652397156,0.4225640892982483
YFL004W,YKR059W,0,1.2080528,0.15613001585006714,0.7820512652397156,0.42269229888916016
YGL135W,YMR289W,0,1.2078393,0.15609006583690643,0.7820512652397156,0.422820508480072
YCR092C,YGR272C,0,1.2070801,0.15605014562606812,0.7820512652397156,0.4229487180709839
YER087C-A,YMR188C,0,1.2070525,0.1560102254152298,0.7820512652397156,0.42307692766189575
YOL067C,YCL057C-A,0,1.207034,0.15597033500671387,0.7820512652397156,0.4232051372528076
YML113W,YKR048C,0,1.2064011,0.15593047440052032,0.7820512652397156,0.4233333468437195
YDR050C,YNL135C,0,1.206271,0.15589061379432678,0.7820512652397156,0.42346152663230896
YDL101C,YDL017W,1,1.2061006,0.15610627830028534,0.7833333611488342,0.42346152663230896
YPL028W,YLR337W,0,1.2049775,0.1560664176940918,0.7833333611488342,0.4235897362232208
YBR240C,YDR320C-A,0,1.2047817,0.15602655708789825,0.7833333611488342,0.4237179458141327
YLR221C,YHR039C-B,0,1.2047514,0.1559867262840271,0.7833333611488342,0.42384615540504456
YOL120C,YER164W,0,1.2044828,0.15594691038131714,0.7833333611488342,0.4239743649959564
YAR010C,YJR059W,0,1.2039579,0.15590712428092957,0.7833333611488342,0.4241025745868683
YMR045C,YGR014W,0,1.2036357,0.15586735308170319,0.7833333611488342,0.42423075437545776
YIR012W,YAL020C,0,1.2030736,0.155827596783638,0.7833333611488342,0.42435896396636963
YBR286W,YBR185C,0,1.2027181,0.1557878702878952,0.7833333611488342,0.4244871735572815
YLR283W,YNL207W,0,1.2025526,0.1557481586933136,0.7833333611488342,0.42461538314819336
YML077W,YJL121C,0,1.2025108,0.1557084619998932,0.7833333611488342,0.4247435927391052
YAR015W,YPR054W,0,1.201965,0.15566879510879517,0.7833333611488342,0.4248718023300171
YDR253C,YIL160C,0,1.2012026,0.15562914311885834,0.7833333611488342,0.42500001192092896
YNL188W,YDR400W,0,1.2007229,0.1555895060300827,0.7833333611488342,0.42512819170951843
YJL041W,YNR016C,0,1.2006819,0.15554989874362946,0.7833333611488342,0.4252564013004303
YDL114W,YFL044C,0,1.2005687,0.1555103063583374,0.7833333611488342,0.42538461089134216
YPR156C,YJL041W,0,1.2004659,0.15547074377536774,0.7833333611488342,0.42551282048225403
YBL024W,YDR283C,0,1.2001089,0.15543118119239807,0.7833333611488342,0.4256410300731659
YLR032W,YHL032C,0,1.1997598,0.155391663312912,0.7833333611488342,0.42576923966407776
YJL062W,YOL123W,0,1.1993253,0.1553521454334259,0.7833333611488342,0.4258974492549896
YNL213C,YGR076C,0,1.1992195,0.1553126573562622,0.7833333611488342,0.4260256290435791
YNL280C,YBL103C,0,1.1990108,0.1552731841802597,0.7833333611488342,0.42615383863449097
YLR287C-A,YER153C,0,1.198762,0.1552337408065796,0.7833333611488342,0.42628204822540283
YCL069W,YDL099W,0,1.1983695,0.15519431233406067,0.7833333611488342,0.4264102578163147
YJL052W,YBR245C,0,1.1978517,0.15515489876270294,0.7833333611488342,0.42653846740722656
YDL080C,YAR044W,0,1.1978168,0.1551155149936676,0.7833333611488342,0.4266666769981384
YDR523C,YPR054W,0,1.1976582,0.15507614612579346,0.7833333611488342,0.4267948865890503
YNL077W,YOR386W,0,1.1976347,0.1550367921590805,0.7833333611488342,0.42692306637763977
YCR029C-A,YMR281W,0,1.1973228,0.15499746799468994,0.7833333611488342,0.42705127596855164
YHR028C,YLR079W,0,1.197221,0.15495815873146057,0.7833333611488342,0.4271794855594635
YMR316W,YHR143W,0,1.1966531,0.1549188643693924,0.7833333611488342,0.42730769515037537
YMR281W,YLR337W,0,1.1962677,0.1548795998096466,0.7833333611488342,0.42743590474128723
YDR134C,YGR054W,0,1.1962028,0.154840350151062,0.7833333611488342,0.4275641143321991
YGR063C,YHR099W,0,1.1961417,0.1548011153936386,0.7833333611488342,0.4276922941207886
YPL189C-A,YPR028W,0,1.1952783,0.1547619104385376,0.7833333611488342,0.42782050371170044
YOL072W,YER051W,0,1.1951418,0.15472272038459778,0.7833333611488342,0.4279487133026123
YGL168W,YDL056W,1,1.1949797,0.15493671596050262,0.7846153974533081,0.4279487133026123
YPL091W,YJR121W,0,1.1948931,0.15489749610424042,0.7846153974533081,0.42807692289352417
YFR032C-A,YKL199C,0,1.1947864,0.1548583060503006,0.7846153974533081,0.42820513248443604
YMR036C,YDR299W,0,1.1943418,0.15481913089752197,0.7846153974533081,0.4283333420753479
YLR015W,YDR126W,0,1.1938585,0.15477997064590454,0.7846153974533081,0.42846155166625977
YAL008W,YLR078C,0,1.1938193,0.1547408401966095,0.7846153974533081,0.42858973145484924
YNR008W,YFL041W,0,1.193513,0.15470172464847565,0.7846153974533081,0.4287179410457611
YOR384W,YJR075W,0,1.1928068,0.154662624001503,0.7846153974533081,0.428846150636673
YER083C,YER091C,0,1.192643,0.15462355315685272,0.7846153974533081,0.42897436022758484
YMR080C,YBR012W-A,0,1.1925423,0.15458449721336365,0.7846153974533081,0.4291025698184967
YLR238W,YCR075C,0,1.1920714,0.15454545617103577,0.7846153974533081,0.42923077940940857
YEL064C,YKR104W,0,1.1918945,0.15450644493103027,0.7846153974533081,0.42935898900032043
YDL204W,YDR298C,0,1.1918522,0.15446743369102478,0.7846153974533081,0.4294871687889099
YMR188C,YLR207W,0,1.1916444,0.15442846715450287,0.7846153974533081,0.4296153783798218
YBL090W,YHL004W,0,1.1916056,0.15438950061798096,0.7846153974533081,0.42974358797073364
YDR134C,YDR044W,0,1.1915131,0.15435056388378143,0.7846153974533081,0.4298717975616455
YKL004W,YDL180W,0,1.1915001,0.1543116420507431,0.7846153974533081,0.4300000071525574
YER161C,YOL140W,0,1.1895695,0.15427275002002716,0.7846153974533081,0.43012821674346924
YGR104C,YMR302C,0,1.1893202,0.1542338728904724,0.7846153974533081,0.4302563965320587
YDR531W,YFR008W,0,1.1892313,0.15419501066207886,0.7846153974533081,0.4303846061229706
YNL128W,YMR221C,0,1.1890532,0.1541561782360077,0.7846153974533081,0.43051281571388245
YJR134C,YJL102W,0,1.1880118,0.15411734580993652,0.7846153974533081,0.4306410253047943
YOR201C,YLR364W,0,1.1880026,0.15407854318618774,0.7846153974533081,0.4307692348957062
YER036C,YMR287C,0,1.1879116,0.15403977036476135,0.7846153974533081,0.43089744448661804
YDR495C,YGR191W,0,1.1879029,0.15400101244449615,0.7846153974533081,0.4310256540775299
YDR424C,YDR478W,0,1.1876907,0.15396226942539215,0.7846153974533081,0.4311538338661194
YGR262C,YGR061C,0,1.1876488,0.15392354130744934,0.7846153974533081,0.43128204345703125
YDR283C,YPR178W,0,1.1875116,0.15388484299182892,0.7846153974533081,0.4314102530479431
YDR511W,YGR295C,0,1.1864982,0.1538461595773697,0.7846153974533081,0.431538462638855
YAR010C,YJL008C,0,1.1862085,0.15380749106407166,0.7846153974533081,0.43166667222976685
YDR038C,YNL213C,0,1.1859653,0.15376883745193481,0.7846153974533081,0.4317948818206787
YPL157W,YOR240W,0,1.1858125,0.15373021364212036,0.7846153974533081,0.4319230914115906
YIL070C,YEL058W,0,1.1857969,0.1536916196346283,0.7846153974533081,0.43205127120018005
YDR356W,YDR231C,0,1.1852266,0.15365302562713623,0.7846153974533081,0.4321794807910919
YLR418C,YBR012W-A,0,1.1846149,0.15361446142196655,0.7846153974533081,0.4323076903820038
YBR237W,YKR038C,0,1.1841217,0.15357591211795807,0.7846153974533081,0.43243589997291565
YBR105C,YNL096C,0,1.1838729,0.15353737771511078,0.7846153974533081,0.4325641095638275
YHR021C,YJR158W,0,1.1837572,0.15349887311458588,0.7846153974533081,0.4326923191547394
YBR240C,YDR481C,0,1.183723,0.15346038341522217,0.7846153974533081,0.43282049894332886
YJL073W,YBL023C,1,1.1835091,0.15367260575294495,0.785897433757782,0.43282049894332886
YEL038W,YJR134C,0,1.1834431,0.15363408625125885,0.785897433757782,0.4329487085342407
YER048W-A,YGR106C,0,1.1827933,0.15359559655189514,0.785897433757782,0.4330769181251526
YJR143C,YLR079W,0,1.1827648,0.15355710685253143,0.785897433757782,0.43320512771606445
YKL088W,YOR155C,0,1.1825777,0.1535186618566513,0.785897433757782,0.4333333373069763
YFL047W,YGL137W,0,1.1823263,0.15348021686077118,0.785897433757782,0.4334615468978882
YNR008W,YJR029W,0,1.1820039,0.15344180166721344,0.785897433757782,0.43358975648880005
YNL207W,YLR419W,0,1.1820006,0.1534034013748169,0.785897433757782,0.4337179362773895
YGR058W,YNL322C,0,1.1819293,0.15336503088474274,0.785897433757782,0.4338461458683014
YCR029C-A,YPL031C,0,1.1815283,0.15332666039466858,0.785897433757782,0.43397435545921326
YDR170W-A,YPL028W,0,1.1812809,0.1532883197069168,0.785897433757782,0.4341025650501251
YHR171W,YIL026C,0,1.1812495,0.15324999392032623,0.785897433757782,0.434230774641037
YER086W,YDR134C,0,1.1809261,0.15321169793605804,0.785897433757782,0.43435898423194885
YGR162W,YOR092W,0,1.1805018,0.15317341685295105,0.785897433757782,0.4344871938228607
YML037C,YEL061C,0,1.1804777,0.15313515067100525,0.785897433757782,0.4346153736114502
YLR032W,YNR001C,0,1.1798779,0.15309689939022064,0.785897433757782,0.43474358320236206
YIL160C,YNL310C,0,1.1795607,0.15305867791175842,0.785897433757782,0.4348717927932739
YFL004W,YNL096C,0,1.1795127,0.1530204713344574,0.785897433757782,0.4350000023841858
YIL145C,YPR032W,0,1.1794376,0.15298227965831757,0.785897433757782,0.43512821197509766
YOR037W,YBR123C,0,1.17894,0.15294411778450012,0.785897433757782,0.4352564215660095
YMR043W,YOR217W,1,1.1782767,0.1531554013490677,0.7871794700622559,0.4352564215660095
YDR425W,YAR010C,0,1.177944,0.15311720967292786,0.7871794700622559,0.435384601354599
YGL135W,YDL205C,0,1.1773987,0.15307903289794922,0.7871794700622559,0.43551281094551086
YMR208W,YBL010C,0,1.1767241,0.15304087102413177,0.7871794700622559,0.43564102053642273
YHR046C,YML085C,0,1.1762074,0.15300273895263672,0.7871794700622559,0.4357692301273346
YFR041C,YER120W,0,1.1760547,0.15296462178230286,0.7871794700622559,0.43589743971824646
YDR524C,YBL010C,0,1.1754524,0.1529265195131302,0.7871794700622559,0.4360256493091583
YDR065W,YER110C,0,1.1748933,0.1528884470462799,0.7871794700622559,0.4361538589000702
YNR016C,YNL212W,0,1.1747385,0.15285038948059082,0.7871794700622559,0.43628203868865967
YHR140W,YDR103W,0,1.1746111,0.15281234681606293,0.7871794700622559,0.43641024827957153
YOL007C,YDR421W,0,1.1736147,0.15277431905269623,0.7871794700622559,0.4365384578704834
YML106W,YMR223W,0,1.173502,0.15273632109165192,0.7871794700622559,0.43666666746139526
YDR299W,YKL143W,0,1.1731293,0.1526983380317688,0.7871794700622559,0.43679487705230713
YGL191W,YLR035C-A,0,1.1729913,0.15266036987304688,0.7871794700622559,0.436923086643219
YAR018C,YDR507C,0,1.1723189,0.15262241661548615,0.7871794700622559,0.43705129623413086
YIL093C,YNR022C,0,1.172305,0.1525844931602478,0.7871794700622559,0.43717947602272034
YIL172C,YFL037W,0,1.171651,0.15254658460617065,0.7871794700622559,0.4373076856136322
YHR206W,YLL011W,0,1.1712246,0.1525086909532547,0.7871794700622559,0.43743589520454407
YCR039C,YBR299W,0,1.170989,0.15247082710266113,0.7871794700622559,0.43756410479545593
YNL242W,YGL039W,0,1.1705843,0.15243296325206757,0.7871794700622559,0.4376923143863678
YLR283W,YGR086C,0,1.17036,0.1523951292037964,0.7871794700622559,0.43782052397727966
YDL030W,YHL004W,0,1.1702125,0.1523573249578476,0.7871794700622559,0.43794870376586914
YOR037W,YML094W,0,1.169882,0.1523195207118988,0.7871794700622559,0.438076913356781
YML037C,YKL010C,0,1.1697338,0.1522817462682724,0.7871794700622559,0.43820512294769287
YDR388W,YHR023W,0,1.1693978,0.1522439867258072,0.7871794700622559,0.43833333253860474
YGL232W,YAL034W-A,0,1.1692202,0.15220624208450317,0.7871794700622559,0.4384615421295166
YLR283W,YOR257W,0,1.1691837,0.15216852724552155,0.7871794700622559,0.43858975172042847
YDR170W-A,YKR050W,0,1.1690973,0.1521308273077011,0.7871794700622559,0.43871796131134033
YJR013W,YNL112W,0,1.1690106,0.15209314227104187,0.7871794700622559,0.4388461410999298
YNL291C,YOL123W,0,1.1689523,0.15205547213554382,0.7871794700622559,0.4389743506908417
YLR364W,YIR037W,0,1.1688287,0.15201783180236816,0.7871794700622559,0.43910256028175354
YEL015W,YJL097W,0,1.1688157,0.1519801914691925,0.7871794700622559,0.4392307698726654
YER029C,YOL147C,0,1.1685807,0.15194259583950043,0.7871794700622559,0.43935897946357727
YOR151C,YDR065W,0,1.1684964,0.15190500020980835,0.7871794700622559,0.43948718905448914
YHR027C,YAR010C,0,1.1682874,0.15186741948127747,0.7871794700622559,0.439615398645401
YMR233W,YDR018C,0,1.1682708,0.15182986855506897,0.7871794700622559,0.4397435784339905
YGR104C,YOR179C,0,1.1672415,0.15179233253002167,0.7871794700622559,0.43987178802490234
YMR211W,YOL056W,0,1.1658648,0.15175482630729675,0.7871794700622559,0.4399999976158142
YHR027C,YIL160C,0,1.1653993,0.15171732008457184,0.7871794700622559,0.4401282072067261
YBR035C,YER184C,0,1.1652923,0.1516798436641693,0.7871794700622559,0.44025641679763794
YDR033W,YNL046W,0,1.1650832,0.15164238214492798,0.7871794700622559,0.4403846263885498
YIL111W,YHR039C-B,0,1.1649392,0.15160493552684784,0.7871794700622559,0.4405128061771393
YDR219C,YLR192C,0,1.1648642,0.1515675187110901,0.7871794700622559,0.44064101576805115
YIL078W,YER147C,0,1.1646258,0.15153010189533234,0.7871794700622559,0.440769225358963
YDL130W,YPR032W,0,1.1641157,0.15149271488189697,0.7871794700622559,0.4408974349498749
YLR139C,YLR438C-A,0,1.1639386,0.151455357670784,0.7871794700622559,0.44102564454078674
YMR298W,YML034W,0,1.1636252,0.15141800045967102,0.7871794700622559,0.4411538541316986
YER070W,YDL056W,1,1.1634537,0.15162721276283264,0.7884615659713745,0.4411538541316986
YMR235C,YDL185W,0,1.1633683,0.15158984065055847,0.7884615659713745,0.4412820637226105
YHR086W,YLR079W,0,1.1633334,0.1515524834394455,0.7884615659713745,0.44141024351119995
YER082C,YPR054W,0,1.162633,0.1515151560306549,0.7884615659713745,0.4415384531021118
YNL292W,YPL189C-A,0,1.1625146,0.15147782862186432,0.7884615659713745,0.4416666626930237
YJR066W,YHR172W,0,1.1624733,0.15144053101539612,0.7884615659713745,0.44179487228393555
YOR201C,YER164W,0,1.1619583,0.1514032483100891,0.7884615659713745,0.4419230818748474
YBR122C,YAR044W,0,1.1617229,0.1513659805059433,0.7884615659713745,0.4420512914657593
YLR312C-B,YAR007C,1,1.1616764,0.15157480537891388,0.7897436022758484,0.4420512914657593
YHR160C,YGL185C,0,1.161478,0.15153752267360687,0.7897436022758484,0.44217950105667114
YDR236C,YIL009C-A,0,1.1614513,0.15150023996829987,0.7897436022758484,0.4423076808452606
YML077W,YGR272C,0,1.1610913,0.15146300196647644,0.7897436022758484,0.4424358904361725
YLR040C,YDR247W,0,1.1610899,0.15142576396465302,0.7897436022758484,0.44256410002708435
YEL065W,YML037C,0,1.1608886,0.15138854086399078,0.7897436022758484,0.4426923096179962
YLR090W,YNR022C,0,1.1605961,0.15135134756565094,0.7897436022758484,0.4428205192089081
YDR424C,YKL100C,0,1.1603715,0.1513141691684723,0.7897436022758484,0.44294872879981995
YJR065C,YKR037C,0,1.1603318,0.15127702057361603,0.7897436022758484,0.4430769085884094
YLR032W,YNL091W,0,1.1602135,0.15123987197875977,0.7897436022758484,0.4432051181793213
YDR347W,YJL108C,0,1.1598345,0.1512027531862259,0.7897436022758484,0.44333332777023315
YKL088W,YDR478W,0,1.15937,0.1511656492948532,0.7897436022758484,0.443461537361145
YGL135W,YHR117W,0,1.1588991,0.15112856030464172,0.7897436022758484,0.4435897469520569
YMR290C,YNL188W,0,1.158598,0.15109148621559143,0.7897436022758484,0.44371795654296875
YPL281C,YKL021C,0,1.1585779,0.15105444192886353,0.7897436022758484,0.4438461661338806
YHR143W,YDR315C,0,1.1583089,0.15101741254329681,0.7897436022758484,0.4439743459224701
YPL031C,YDR247W,0,1.1581516,0.1509803980588913,0.7897436022758484,0.44410255551338196
YGR047C,YNL136W,0,1.158039,0.15094339847564697,0.7897436022758484,0.4442307651042938
YDR052C,YJL073W,1,1.1569791,0.1511514037847519,0.7910256385803223,0.4442307651042938
YFL002W-A,YKL028W,0,1.1568992,0.15111437439918518,0.7910256385803223,0.4443589746952057
YDL120W,YDR120C,0,1.1561397,0.15107737481594086,0.7910256385803223,0.44448718428611755
YLR312C-B,YOR080W,1,1.1560513,0.15128518640995026,0.7923076748847961,0.44448718428611755
YOR037W,YJR065C,0,1.1556156,0.15124815702438354,0.7923076748847961,0.4446153938770294
YLR035C-A,YKR104W,0,1.1545303,0.15121115744113922,0.7923076748847961,0.4447436034679413
YDL056W,YOR346W,1,1.154053,0.1514187902212143,0.7935897707939148,0.4447436034679413
YGR035C,YDR103W,0,1.1540062,0.15138176083564758,0.7935897707939148,0.44487178325653076
YDR224C,YDR047W,0,1.1536509,0.15134474635124207,0.7935897707939148,0.4449999928474426
YDR315C,YLR337W,0,1.1535506,0.15130774676799774,0.7935897707939148,0.4451282024383545
YML104C,YGR075C,0,1.153071,0.1512707769870758,0.7935897707939148,0.44525641202926636
YKL199C,YMR100W,0,1.1529264,0.15123380720615387,0.7935897707939148,0.4453846216201782
YGR234W,YOL125W,0,1.1526889,0.15119686722755432,0.7935897707939148,0.4455128312110901
YKL088W,YMR086W,0,1.1526785,0.15115995705127716,0.7935897707939148,0.44564101099967957
YJR145C,YHR070W,0,1.1522875,0.151123046875,0.7935897707939148,0.44576922059059143
YMR289W,YPL154C,0,1.1513654,0.15108616650104523,0.7935897707939148,0.4458974301815033
YJL125C,YDL060W,0,1.151252,0.15104928612709045,0.7935897707939148,0.44602563977241516
YDR533C,YDR534C,0,1.1507249,0.15101243555545807,0.7935897707939148,0.446153849363327
YOR233W,YDL008W,0,1.1506779,0.15097561478614807,0.7935897707939148,0.4462820589542389
YJR158W,YEL002C,0,1.1506226,0.15093879401683807,0.7935897707939148,0.44641026854515076
YBL074C,YLR120C,0,1.1504531,0.15090200304985046,0.7935897707939148,0.44653844833374023
YNL098C,YGR272C,0,1.1496425,0.15086522698402405,0.7935897707939148,0.4466666579246521
YPL271W,YDR134C,0,1.1495233,0.15082846581935883,0.7935897707939148,0.44679486751556396
YDL019C,YLR176C,0,1.1492544,0.1507917195558548,0.7935897707939148,0.44692307710647583
YAR019C,YDR534C,0,1.1490028,0.15075498819351196,0.7935897707939148,0.4470512866973877
YPL206C,YER007W,0,1.1488945,0.15071828663349152,0.7935897707939148,0.44717949628829956
YAR019C,YNL325C,0,1.1482345,0.15068159997463226,0.7935897707939148,0.4473077058792114
YJL170C,YGR075C,0,1.1482276,0.1506449282169342,0.7935897707939148,0.4474358856678009
YOL152W,YOR075W,0,1.1481555,0.15060827136039734,0.7935897707939148,0.44756409525871277
YKL178C,YCR029C-A,0,1.1478606,0.15057164430618286,0.7935897707939148,0.44769230484962463
YJL143W,YKL199C,0,1.147389,0.15053501725196838,0.7935897707939148,0.4478205144405365
YNL001W,YCR020C,0,1.1472526,0.1504984200000763,0.7935897707939148,0.44794872403144836
YOR179C,YDR524C,0,1.1464916,0.1504618376493454,0.7935897707939148,0.44807693362236023
YJL158C,YKL158W,0,1.1464553,0.1504252701997757,0.7935897707939148,0.4482051134109497
YPL271W,YDL115C,0,1.146409,0.15038873255252838,0.7935897707939148,0.4483333230018616
YAR010C,YGL123W,0,1.1463528,0.15035219490528107,0.7935897707939148,0.44846153259277344
YGR001C,YML063W,0,1.1460062,0.15031568706035614,0.7935897707939148,0.4485897421836853
YOL100W,YMR289W,0,1.1457484,0.1502791941165924,0.7935897707939148,0.44871795177459717
YMR163C,YER126C,0,1.1445494,0.15024271607398987,0.7935897707939148,0.44884616136550903
YGL251C,YDR069C,1,1.1444571,0.15044891834259033,0.7948718070983887,0.44884616136550903
YHR027C,YGL039W,0,1.1444234,0.1504124253988266,0.7948718070983887,0.4489743709564209
YOR167C,YLR266C,0,1.1439028,0.15037593245506287,0.7948718070983887,0.4491025507450104
YCR077C,YOL120C,0,1.1438823,0.15033946931362152,0.7948718070983887,0.44923076033592224
YPL091W,YPR005C,0,1.1436377,0.15030303597450256,0.7948718070983887,0.4493589699268341
YFR041C,YNR041C,0,1.1436206,0.1502666026353836,0.7948718070983887,0.44948717951774597
YNL331C,YGR272C,0,1.1434476,0.15023018419742584,0.7948718070983887,0.44961538910865784
YFR005C,YLR040C,0,1.1431544,0.15019379556179047,0.7948718070983887,0.4497435986995697
YBR237W,YGL229C,0,1.1430635,0.15015742182731628,0.7948718070983887,0.44987180829048157
YIL109C,YOL002C,0,1.1429167,0.1501210629940033,0.7948718070983887,0.44999998807907104
YNR008W,YDR511W,0,1.1425753,0.1500847190618515,0.7948718070983887,0.4501281976699829
YBL030C,YDR166C,0,1.1419222,0.1500484049320221,0.7948718070983887,0.4502564072608948
YJL143W,YHL016C,0,1.1417061,0.1500120908021927,0.7948718070983887,0.45038461685180664
YJR104C,YML085C,0,1.1416917,0.14997580647468567,0.7948718070983887,0.4505128264427185
YIL051C,YBL082C,0,1.1413124,0.14993953704833984,0.7948718070983887,0.45064103603363037
YPL281C,YPR032W,0,1.1408412,0.1499032825231552,0.7948718070983887,0.45076924562454224
YML018C,YDR318W,0,1.1407664,0.14986705780029297,0.7948718070983887,0.4508974254131317
YHR027C,YER164W,0,1.1407442,0.14983083307743073,0.7948718070983887,0.4510256350040436
YOR179C,YOL064C,0,1.1405405,0.14979463815689087,0.7948718070983887,0.45115384459495544
YGR274C,YBL074C,0,1.1399091,0.1497584581375122,0.7948718070983887,0.4512820541858673
YNR008W,YDL038C,0,1.1398816,0.14972229301929474,0.7948718070983887,0.4514102637767792
YBR185C,YAR044W,0,1.1387727,0.14968614280223846,0.7948718070983887,0.45153847336769104
YOR278W,YJL189W,0,1.138711,0.14965000748634338,0.7948718070983887,0.4516666531562805
YGL137W,YJR045C,0,1.1385343,0.1496139019727707,0.7948718070983887,0.4517948627471924
YNL306W,YLR356W,0,1.1384456,0.1495778113603592,0.7948718070983887,0.45192307233810425
YPL089C,YHR036W,0,1.138359,0.1495417207479477,0.7948718070983887,0.4520512819290161
YLR214W,YDL138W,0,1.1378686,0.14950565993785858,0.7948718070983887,0.452179491519928
YPL220W,YPL103C,0,1.1378052,0.14946962893009186,0.7948718070983887,0.45230770111083984
YNL077W,YHR064C,0,1.1377126,0.14943359792232513,0.7948718070983887,0.4524359107017517
YDL130W,YNL217W,0,1.1376933,0.1493975967168808,0.7948718070983887,0.4525640904903412
YBR024W,YMR221C,0,1.1374669,0.14936159551143646,0.7948718070983887,0.45269230008125305
YKR038C,YHL036W,0,1.1374223,0.14932562410831451,0.7948718070983887,0.4528205096721649
YPR019W,YBL023C,1,1.137224,0.14953045547008514,0.7961538434028625,0.4528205096721649
YOL018C,YLR286C,0,1.1370373,0.149494469165802,0.7961538434028625,0.4529487192630768
YCL055W,YDL192W,0,1.1366625,0.14945848286151886,0.7961538434028625,0.45307692885398865
YAL021C,YDR054C,1,1.1363786,0.14966313540935516,0.7974358797073364,0.45307692885398865
YCL075W,YNL268W,0,1.136036,0.14962713420391083,0.7974358797073364,0.4532051384449005
YHR207C,YGR241C,0,1.1359376,0.14959114789962769,0.7974358797073364,0.4533333480358124
YDL229W,YDR334W,0,1.1359007,0.14955517649650574,0.7974358797073364,0.45346152782440186
YDR318W,YLR014C,0,1.135845,0.14951923489570618,0.7974358797073364,0.4535897374153137
YOL138C,YGL253W,0,1.1355072,0.14948329329490662,0.7974358797073364,0.4537179470062256
YMR235C,YGL128C,0,1.1351514,0.14944738149642944,0.7974358797073364,0.45384615659713745
YLR035C-A,YPL048W,0,1.1349105,0.14941148459911346,0.7974358797073364,0.4539743661880493
YMR122W-A,YOR211C,0,1.1344767,0.14937560260295868,0.7974358797073364,0.4541025757789612
YHR171W,YER161C,0,1.1343437,0.1493397355079651,0.7974358797073364,0.45423075556755066
YHR052W,YHR099W,0,1.1341704,0.1493038833141327,0.7974358797073364,0.4543589651584625
YBR237W,YPL101W,0,1.1339521,0.14926806092262268,0.7974358797073364,0.4544871747493744
YOR037W,YBL037W,0,1.1335967,0.14923223853111267,0.7974358797073364,0.45461538434028625
YDR038C,YOL117W,0,1.1332265,0.14919644594192505,0.7974358797073364,0.4547435939311981
YLR106C,YNL077W,0,1.1331077,0.14916066825389862,0.7974358797073364,0.45487180352211
YMR056C,YPR021C,0,1.1329018,0.1491249054670334,0.7974358797073364,0.45500001311302185
YDR424C,YPL103C,0,1.1326218,0.14908917248249054,0.7974358797073364,0.45512819290161133
YHR206W,YMR080C,0,1.1315973,0.1490534394979477,0.7974358797073364,0.4552564024925232
YMR316W,YAR044W,0,1.1311283,0.14901772141456604,0.7974358797073364,0.45538461208343506
YDL109C,YMR037C,0,1.1309029,0.14898203313350677,0.7974358797073364,0.4555128216743469
YLR446W,YPL095C,0,1.130746,0.1489463597536087,0.7974358797073364,0.4556410312652588
YMR316W,YCR029C-A,0,1.1301875,0.14891070127487183,0.7974358797073364,0.45576924085617065
YDR253C,YNL096C,0,1.1298109,0.14887505769729614,0.7974358797073364,0.4558974504470825
YER153C,YKR048C,0,1.1296582,0.14883942902088165,0.7974358797073364,0.456025630235672
YIL138C,YDL180W,0,1.1291373,0.14880383014678955,0.7974358797073364,0.45615383982658386
YGL168W,YLR154C,1,1.1288731,0.1490074098110199,0.7987179756164551,0.45615383982658386
YDL101C,YHL024W,1,1.1285217,0.14921090006828308,0.800000011920929,0.45615383982658386
YDL129W,YJR126C,0,1.1281117,0.149175226688385,0.800000011920929,0.4562820494174957
YJR010C-A,YDR380W,0,1.1272893,0.14913958311080933,0.800000011920929,0.4564102590084076
YPL121C,YBR012W-A,0,1.1272126,0.14910393953323364,0.800000011920929,0.45653846859931946
YIL074C,YOR332W,0,1.1267912,0.14906832575798035,0.800000011920929,0.4566666781902313
YJL101C,YHR129C,0,1.1266334,0.14903272688388824,0.800000011920929,0.4567948579788208
YMR122W-A,YCR010C,0,1.1260576,0.14899712800979614,0.800000011920929,0.45692306756973267
YBL088C,YDR358W,0,1.1258585,0.14896155893802643,0.800000011920929,0.45705127716064453
YBL021C,YPL220W,0,1.1255951,0.1489260196685791,0.800000011920929,0.4571794867515564
YDL130W,YLR318W,0,1.1255178,0.14889048039913177,0.800000011920929,0.45730769634246826
YML129C,YOR244W,0,1.1242023,0.14885495603084564,0.800000011920929,0.4574359059333801
YDR126W,YBR082C,0,1.1239424,0.1488194614648819,0.800000011920929,0.457564115524292
YEL064C,YNL149C,0,1.1239128,0.14878398180007935,0.800000011920929,0.45769229531288147
YBL093C,YLR035C-A,0,1.1236109,0.148748517036438,0.800000011920929,0.45782050490379333
YAL020C,YCL066W,0,1.1235439,0.14871306717395782,0.800000011920929,0.4579487144947052
YAL053W,YJL080C,0,1.1234672,0.14867763221263885,0.800000011920929,0.45807692408561707
YPR070W,YGR054W,0,1.1232982,0.14864221215248108,0.800000011920929,0.45820513367652893
YML040W,YJR098C,0,1.1231989,0.1486068069934845,0.800000011920929,0.4583333432674408
YBL021C,YBR058C-A,0,1.1221708,0.1485714316368103,0.800000011920929,0.45846155285835266
YDL101C,YDR069C,1,1.1220976,0.14877410233020782,0.8012820482254028,0.45846155285835266
YKL199C,YFL029C,0,1.1220522,0.14873869717121124,0.8012820482254028,0.45858973264694214
YJL073W,YAR007C,1,1.1217375,0.14894123375415802,0.8025640845298767,0.45858973264694214
YLR304C,YDR320C,0,1.1216189,0.14890579879283905,0.8025640845298767,0.458717942237854
YDL114W,YGL210W,0,1.1212153,0.14887039363384247,0.8025640845298767,0.45884615182876587
YOR201C,YAR044W,0,1.1211458,0.14883500337600708,0.8025640845298767,0.45897436141967773
YML116W,YHR117W,0,1.1207885,0.1487996131181717,0.8025640845298767,0.4591025710105896
YMR051C,YDR487C,0,1.1206377,0.1487642526626587,0.8025640845298767,0.45923078060150146
YIL074C,YGR135W,0,1.1200972,0.14872890710830688,0.8025640845298767,0.45935896039009094
YLR439W,YPL154C,0,1.1194927,0.14869359135627747,0.8025640845298767,0.4594871699810028
YIL125W,YML009C,0,1.1192645,0.14865827560424805,0.8025640845298767,0.4596153795719147
YOL138C,YHR025W,0,1.1192623,0.14862297475337982,0.8025640845298767,0.45974358916282654
YKL158W,YOR244W,0,1.1190379,0.14858770370483398,0.8025640845298767,0.4598717987537384
YGL173C,YKL116C,0,1.1183782,0.14855244755744934,0.8025640845298767,0.46000000834465027
YLR364W,YER111C,0,1.1175348,0.1485172063112259,0.8025640845298767,0.46012821793556213
YEL058W,YLR433C,0,1.1169662,0.14848197996616364,0.8025640845298767,0.4602563977241516
YFL036W,YJR075W,0,1.1169071,0.14844676852226257,0.8025640845298767,0.4603846073150635
YPL149W,YLR467W,0,1.1166044,0.1484115719795227,0.8025640845298767,0.46051281690597534
YBR022W,YBL069W,0,1.1165559,0.14837639033794403,0.8025640845298767,0.4606410264968872
YOL092W,YMR292W,0,1.1164591,0.14834123849868774,0.8025640845298767,0.4607692360877991
YPL148C,YOR322C,0,1.1162891,0.14830608665943146,0.8025640845298767,0.46089744567871094
YDR531W,YDR166C,0,1.1156683,0.14827096462249756,0.8025640845298767,0.4610256552696228
YBR012W-A,YBL061C,0,1.1156462,0.14823585748672485,0.8025640845298767,0.4611538350582123
YPL148C,YER086W,0,1.1153208,0.14820075035095215,0.8025640845298767,0.46128204464912415
YIL112W,YKL024C,0,1.1151649,0.14816568791866302,0.8025640845298767,0.461410254240036
YNR070W,YJR126C,0,1.1151567,0.1481306254863739,0.8025640845298767,0.4615384638309479
YKL179C,YLR371W,0,1.1145747,0.14809557795524597,0.8025640845298767,0.46166667342185974
YKL135C,YNL158W,0,1.1138456,0.14806054532527924,0.8025640845298767,0.4617948830127716
YMR287C,YMR026C,0,1.1135514,0.1480255424976349,0.8025640845298767,0.4619230628013611
YBR264C,YMR290C,0,1.1134535,0.14799053966999054,0.8025640845298767,0.46205127239227295
YGL232W,YBL030C,0,1.1127737,0.14795556664466858,0.8025640845298767,0.4621794819831848
YMR086W,YER051W,0,1.1126119,0.1479206085205078,0.8025640845298767,0.4623076915740967
YEL015W,YOR270C,0,1.1120225,0.14788566529750824,0.8025640845298767,0.46243590116500854
YKL164C,YCL057C-A,0,1.1114409,0.14785073697566986,0.8025640845298767,0.4625641107559204
YML043C,YCR077C,0,1.1114246,0.14781582355499268,0.8025640845298767,0.4626923203468323
YDL192W,YNL112W,0,1.1113611,0.14778092503547668,0.8025640845298767,0.46282050013542175
YNL322C,YDR326C,0,1.1100312,0.1477460414171219,0.8025640845298767,0.4629487097263336
YDR139C,YDR115W,0,1.1093216,0.14771118760108948,0.8025640845298767,0.4630769193172455
YBR012W-B,YKR097W,0,1.1091717,0.14767633378505707,0.8025640845298767,0.46320512890815735
YOR066W,YIL171W,0,1.1087661,0.14764150977134705,0.8025640845298767,0.4633333384990692
YJR145C,YJR126C,0,1.1082116,0.14760670065879822,0.8025640845298767,0.4634615480899811
YMR257C,YNL185C,0,1.1081991,0.14757190644741058,0.8025640845298767,0.46358975768089294
YDR531W,YLL022C,0,1.1080676,0.14753712713718414,0.8025640845298767,0.4637179374694824
YAL008W,YJL102W,0,1.1079559,0.1475023627281189,0.8025640845298767,0.4638461470603943
YKL158W,YMR311C,0,1.1077285,0.14746761322021484,0.8025640845298767,0.46397435665130615
YGL136C,YNL158W,0,1.1077163,0.14743287861347198,0.8025640845298767,0.464102566242218
YDR118W,YBR035C,0,1.1074216,0.14739815890789032,0.8025640845298767,0.4642307758331299
YPL060W,YMR292W,0,1.1071422,0.14736346900463104,0.8025640845298767,0.46435898542404175
YOR373W,YDL130W,0,1.1071182,0.14732877910137177,0.8025640845298767,0.4644871652126312
YKL178C,YJR160C,0,1.1070892,0.14729411900043488,0.8025640845298767,0.4646153748035431
YDL143W,YJR155W,0,1.1068099,0.14725947380065918,0.8025640845298767,0.46474358439445496
YLR312C-B,YDR052C,1,1.1064227,0.14746001362800598,0.8038461804389954,0.46474358439445496
YGR292W,YBR166C,0,1.106269,0.1474253535270691,0.8038461804389954,0.4648717939853668
YCR072C,YIR017C,0,1.1058869,0.1473906934261322,0.8038461804389954,0.4650000035762787
YKL178C,YOR396W,0,1.1058623,0.1473560482263565,0.8038461804389954,0.46512821316719055
YGL213C,YIL126W,0,1.1053638,0.1473214328289032,0.8038461804389954,0.4652564227581024
YDR425W,YER051W,0,1.1048925,0.1472868174314499,0.8038461804389954,0.4653846025466919
YLR312C-B,YML027W,1,1.103973,0.1474870890378952,0.8051282167434692,0.4653846025466919
YJR015W,YOR182C,0,1.1032183,0.1474524587392807,0.8051282167434692,0.46551281213760376
YPL091W,YOR181W,0,1.1031877,0.1474178433418274,0.8051282167434692,0.4656410217285156
YDR022C,YFL041W,0,1.102524,0.14738324284553528,0.8051282167434692,0.4657692313194275
YGL135W,YDR055W,0,1.1024791,0.14734865725040436,0.8051282167434692,0.46589744091033936
YMR070W,YOR151C,0,1.1023333,0.14731410145759583,0.8051282167434692,0.4660256505012512
YLR154C,YBL023C,1,1.1021718,0.14751407504081726,0.8064102530479431,0.4660256505012512
YER095W,YKR104W,0,1.1019955,0.14747948944568634,0.8064102530479431,0.4661538600921631
YFR032C-A,YDL033C,0,1.1019455,0.1474449187517166,0.8064102530479431,0.46628203988075256
YNR043W,YCL031C,0,1.1016136,0.14741036295890808,0.8064102530479431,0.46641024947166443
YOR265W,YAL008W,0,1.1012888,0.14737582206726074,0.8064102530479431,0.4665384590625763
YLR266C,YOR151C,0,1.1011215,0.1473412960767746,0.8064102530479431,0.46666666865348816
YML106W,YLR450W,0,1.1009326,0.14730678498744965,0.8064102530479431,0.4667948782444
YNL159C,YDR170W-A,0,1.100557,0.14727230370044708,0.8064102530479431,0.4669230878353119
YDL101C,YDL056W,1,1.1004207,0.14747190475463867,0.807692289352417,0.4669230878353119
YHR143W,YPR054W,0,1.1002988,0.14743739366531372,0.807692289352417,0.46705126762390137
YDR170W-A,YER096W,0,1.1001431,0.14740289747714996,0.807692289352417,0.46717947721481323
YNL128W,YCR040W,0,1.0999532,0.1473684161901474,0.807692289352417,0.4673076868057251
YFR006W,YPL103C,0,1.0991879,0.14733394980430603,0.807692289352417,0.46743589639663696
YDR486C,YCL066W,0,1.0990437,0.14729951322078705,0.807692289352417,0.46756410598754883
YER087C-A,YDL082W,0,1.0982903,0.14726507663726807,0.807692289352417,0.4676923155784607
YPL231W,YER180C,0,1.0975323,0.14723065495491028,0.807692289352417,0.46782052516937256
YER068W,YKL218C,0,1.0962247,0.14719626307487488,0.807692289352417,0.46794870495796204
YHR031C,YMR043W,1,1.0950618,0.14739546179771423,0.8089743852615356,0.46794870495796204
YML043C,YGL059W,0,1.0940853,0.14736104011535645,0.8089743852615356,0.4680769145488739
YHR143W,YJL101C,0,1.0936878,0.14732663333415985,0.8089743852615356,0.46820512413978577
YKL178C,YML077W,0,1.0931916,0.14729225635528564,0.8089743852615356,0.46833333373069763
YBR055C,YPR032W,0,1.0929811,0.14725787937641144,0.8089743852615356,0.4684615433216095
YGL135W,YBR041W,0,1.092649,0.14722351729869843,0.8089743852615356,0.46858975291252136
YOR067C,YDR169C,0,1.092371,0.1471891701221466,0.8089743852615356,0.4687179625034332
YKL100C,YOR337W,0,1.0920475,0.14715485274791718,0.8089743852615356,0.4688461422920227
YMR221C,YDR387C,0,1.0917951,0.14712053537368774,0.8089743852615356,0.46897435188293457
YKR014C,YNL166C,0,1.0913931,0.1470862478017807,0.8089743852615356,0.46910256147384644
YPL148C,YOR175C,0,1.0907995,0.14705197513103485,0.8089743852615356,0.4692307710647583
YNL291C,YML048W,0,1.0906553,0.147017702460289,0.8089743852615356,0.46935898065567017
YLR312C-B,YBR087W,1,1.0905592,0.14721639454364777,0.8102564215660095,0.46935898065567017
YBL037W,YJR045C,0,1.0904187,0.14718212187290192,0.8102564215660095,0.46948719024658203
YDR524C,YHL036W,0,1.0898225,0.14714784920215607,0.8102564215660095,0.4696153700351715
YJL153C,YIL145C,0,1.0895567,0.1471135914325714,0.8102564215660095,0.4697435796260834
YDL231C,YER147C,0,1.089379,0.14707936346530914,0.8102564215660095,0.46987178921699524
YJL165C,YNL227C,0,1.0884377,0.14704513549804688,0.8102564215660095,0.4699999988079071
YIL009C-A,YJL190C,0,1.0874605,0.147010937333107,0.8102564215660095,0.47012820839881897
YBL017C,YBL074C,0,1.0874494,0.14697673916816711,0.8102564215660095,0.47025641798973083
YNL293W,YOR228C,0,1.087278,0.14694257080554962,0.8102564215660095,0.4703846275806427
YGR086C,YDL200C,0,1.0870609,0.14690841734409332,0.8102564215660095,0.4705128073692322
YLR139C,YOR131C,0,1.0870107,0.14687427878379822,0.8102564215660095,0.47064101696014404
YOR179C,YBL064C,0,1.0867097,0.1468401551246643,0.8102564215660095,0.4707692265510559
YAL041W,YLR370C,0,1.0862968,0.1468060463666916,0.8102564215660095,0.4708974361419678
YCR020C,YDR088C,0,1.0851481,0.14677195250988007,0.8102564215660095,0.47102564573287964
YJR098C,YDR358W,0,1.0849321,0.14673787355422974,0.8102564215660095,0.4711538553237915
YDR219C,YLR126C,0,1.0848026,0.1467038094997406,0.8102564215660095,0.47128206491470337
YAR018C,YNL268W,0,1.0839984,0.14666976034641266,0.8102564215660095,0.47141024470329285
YPR047W,YDR362C,0,1.0839516,0.1466357260942459,0.8102564215660095,0.4715384542942047
YCR029C-A,YDR197W,0,1.0837272,0.14660172164440155,0.8102564215660095,0.4716666638851166
YKL109W,YDR387C,0,1.0832225,0.1465677171945572,0.8102564215660095,0.47179487347602844
YOR096W,YDR166C,0,1.0831844,0.14653374254703522,0.8102564215660095,0.4719230830669403
YAL020C,YDR224C,0,1.0828314,0.14649976789951324,0.8102564215660095,0.4720512926578522
YGR104C,YJL106W,0,1.0825627,0.14646582305431366,0.8102564215660095,0.47217947244644165
YLR192C,YDL006W,0,1.0824593,0.14643187820911407,0.8102564215660095,0.4723076820373535
YJR025C,YJR098C,0,1.0815434,0.14639796316623688,0.8102564215660095,0.4724358916282654
YKL004W,YJR015W,0,1.0813203,0.14636406302452087,0.8102564215660095,0.47256410121917725
YJR139C,YER051W,0,1.0812659,0.14633016288280487,0.8102564215660095,0.4726923108100891
YBR097W,YOR240W,0,1.0811275,0.14629629254341125,0.8102564215660095,0.472820520401001
YJL156C,YPL028W,0,1.0810752,0.14626243710517883,0.8102564215660095,0.47294872999191284
YFR003C,YDL080C,0,1.0806117,0.1462285965681076,0.8102564215660095,0.4730769097805023
YJR015W,YKL179C,0,1.0805631,0.14619477093219757,0.8102564215660095,0.4732051193714142
YBR050C,YJL008C,0,1.0797358,0.14616096019744873,0.8102564215660095,0.47333332896232605
YBR176W,YGR200C,0,1.0797133,0.14612716436386108,0.8102564215660095,0.4734615385532379
YDL130W,YPL103C,0,1.0794903,0.14609338343143463,0.8102564215660095,0.4735897481441498
YBR175W,YML070W,0,1.0794752,0.14605963230133057,0.8102564215660095,0.47371795773506165
YBR022W,YHR184W,0,1.0794423,0.1460258811712265,0.8102564215660095,0.4738461673259735
YNL206C,YDR093W,0,1.0792706,0.14599214494228363,0.8102564215660095,0.473974347114563
YBR024W,YPR028W,0,1.0790224,0.14595842361450195,0.8102564215660095,0.47410255670547485
YMR297W,YER147C,0,1.0781496,0.14592473208904266,0.8102564215660095,0.4742307662963867
YBR245C,YBR299W,0,1.0778947,0.14589104056358337,0.8102564215660095,0.4743589758872986
YPR186C,YDR231C,0,1.0777278,0.14585737884044647,0.8102564215660095,0.47448718547821045
YAL021C,YOR346W,1,1.0774504,0.1460544466972351,0.8115384578704834,0.47448718547821045
YLR139C,YDR252W,0,1.0774372,0.14602075517177582,0.8115384578704834,0.4746153950691223
YDL127W,YDR420W,0,1.0766982,0.14598707854747772,0.8115384578704834,0.4747435748577118
YIL109C,YDR056C,0,1.0766263,0.14595341682434082,0.8115384578704834,0.47487178444862366
YBL057C,YDR510W,0,1.0761985,0.1459197849035263,0.8115384578704834,0.4749999940395355
YBR122C,YGR272C,0,1.0759295,0.1458861529827118,0.8115384578704834,0.4751282036304474
YDR253C,YOL105C,0,1.0756614,0.14585253596305847,0.8115384578704834,0.47525641322135925
YGR156W,YOL157C,0,1.074681,0.14581893384456635,0.8115384578704834,0.4753846228122711
YGL173C,YBR213W,0,1.0745625,0.1457853466272354,0.8115384578704834,0.475512832403183
YKL004W,YBL106C,0,1.0744362,0.14575178921222687,0.8115384578704834,0.47564101219177246
YLR109W,YOR066W,0,1.0719063,0.14571823179721832,0.8115384578704834,0.4757692217826843
YPL231W,YKL158W,0,1.0709939,0.14568468928337097,0.8115384578704834,0.4758974313735962
YBR156C,YJR029W,0,1.0704674,0.145651176571846,0.8115384578704834,0.47602564096450806
YDL043C,YPL028W,0,1.0702903,0.14561766386032104,0.8115384578704834,0.4761538505554199
YEL064C,YAL008W,0,1.0701649,0.14558418095111847,0.8115384578704834,0.4762820601463318
YLR035C-A,YPR005C,0,1.0690253,0.1455506980419159,0.8115384578704834,0.47641026973724365
YDR096W,YPL202C,0,1.0687228,0.1455172449350357,0.8115384578704834,0.47653844952583313
YDL205C,YLR097C,0,1.0685554,0.14548379182815552,0.8115384578704834,0.476666659116745
YFL004W,YOR224C,0,1.0683926,0.14545036852359772,0.8115384578704834,0.47679486870765686
YBL024W,YAR044W,0,1.0683541,0.1454169601202011,0.8115384578704834,0.4769230782985687
YDL180W,YAL003W,0,1.0681628,0.1453835517168045,0.8115384578704834,0.4770512878894806
YFL029C,YDR447C,0,1.068094,0.14535017311573029,0.8115384578704834,0.47717949748039246
YLR035C-A,YOR322C,0,1.0677335,0.14531680941581726,0.8115384578704834,0.4773077070713043
YMR127C,YJL158C,0,1.0666511,0.14528344571590424,0.8115384578704834,0.4774358868598938
YFR005C,YKL164C,0,1.066519,0.1452501118183136,0.8115384578704834,0.47756409645080566
YGL223C,YJR155W,0,1.0659667,0.14521679282188416,0.8115384578704834,0.47769230604171753
YNL331C,YDL184C,0,1.0654864,0.1451834887266159,0.8115384578704834,0.4778205156326294
YLR459W,YLR467W,0,1.0653036,0.14515019953250885,0.8115384578704834,0.47794872522354126
YDL033C,YER044C,0,1.064747,0.145116925239563,0.8115384578704834,0.4780769348144531
YDL038C,YJR134C,0,1.063554,0.14508365094661713,0.8115384578704834,0.4782051146030426
YNL227C,YKL109W,0,1.0634816,0.14505040645599365,0.8115384578704834,0.47833332419395447
YMR166C,YOL003C,0,1.0634172,0.14501717686653137,0.8115384578704834,0.47846153378486633
YMR201C,YNL289W,0,1.0632036,0.14498396217823029,0.8115384578704834,0.4785897433757782
YDR533C,YMR188C,0,1.063105,0.1449507623910904,0.8115384578704834,0.47871795296669006
YFL002W-A,YJR143C,0,1.0626594,0.1449175775051117,0.8115384578704834,0.47884616255760193
YPL281C,YMR303C,0,1.062607,0.1448844075202942,0.8115384578704834,0.4789743721485138
YDL108W,YJL080C,0,1.0625355,0.14485125243663788,0.8115384578704834,0.47910255193710327
YDR022C,YLR158C,0,1.0623038,0.14481811225414276,0.8115384578704834,0.47923076152801514
YPR063C,YMR042W,0,1.061981,0.14478500187397003,0.8115384578704834,0.479358971118927
YPL269W,YPR032W,0,1.061482,0.1447518914937973,0.8115384578704834,0.47948718070983887
YJR015W,YER096W,0,1.0607089,0.14471879601478577,0.8115384578704834,0.47961539030075073
YER083C,YJL148W,0,1.0595608,0.14468571543693542,0.8115384578704834,0.4797435998916626
YNR070W,YOL077C,0,1.0592377,0.14465264976024628,0.8115384578704834,0.47987180948257446
YMR171C,YPL271W,0,1.0590022,0.14461959898471832,0.8115384578704834,0.47999998927116394
YDL038C,YML125C,0,1.0588138,0.14458656311035156,0.8115384578704834,0.4801281988620758
YIL150C,YDR121W,1,1.0587652,0.1447819173336029,0.8128204941749573,0.4801281988620758
YMR130W,YAR018C,0,1.0579385,0.14474885165691376,0.8128204941749573,0.48025640845298767
YNL306W,YPR108W,0,1.0575581,0.144715815782547,0.8128204941749573,0.48038461804389954
YFL036W,YDR520C,0,1.0573786,0.14468279480934143,0.8128204941749573,0.4805128276348114
YIL039W,YJL125C,0,1.057163,0.14464978873729706,0.8128204941749573,0.48064103722572327
YNR061C,YGR295C,0,1.0563915,0.14461678266525269,0.8128204941749573,0.48076921701431274
YNR016C,YPL092W,0,1.0548422,0.1445838063955307,0.8128204941749573,0.4808974266052246
YDR531W,YCR047C,0,1.0547469,0.1445508450269699,0.8128204941749573,0.4810256361961365
YDL164C,YBL023C,1,1.0547327,0.1447458416223526,0.8141025900840759,0.4810256361961365
YGL035C,YGL084C,0,1.0545083,0.14471285045146942,0.8141025900840759,0.48115384578704834
YDR270W,YNL146W,0,1.0543534,0.14467987418174744,0.8141025900840759,0.4812820553779602
YDL038C,YNL227C,0,1.0539284,0.14464692771434784,0.8141025900840759,0.48141026496887207
YDR425W,YML125C,0,1.0535331,0.14461398124694824,0.8141025900840759,0.48153847455978394
YIL039W,YKL021C,0,1.0526848,0.14458104968070984,0.8141025900840759,0.4816666543483734
YHR184W,YOR221C,0,1.0524098,0.14454814791679382,0.8141025900840759,0.4817948639392853
YMR166C,YIL074C,0,1.0519408,0.1445152461528778,0.8141025900840759,0.48192307353019714
YDR443C,YGL040C,0,1.0516161,0.14448235929012299,0.8141025900840759,0.482051283121109
YNR061C,YMR287C,0,1.0515605,0.14444950222969055,0.8141025900840759,0.4821794927120209
YHR025W,YPR032W,0,1.0514827,0.14441664516925812,0.8141025900840759,0.48230770230293274
YFR006W,YPL220W,0,1.0514251,0.14438381791114807,0.8141025900840759,0.4824359118938446
YAL021C,YDR069C,1,1.0512508,0.14457830786705017,0.8153846263885498,0.4824359118938446
YCL027W,YEL058W,0,1.0505937,0.14454545080661774,0.8153846263885498,0.4825640916824341
YPR021C,YFL037W,0,1.0498391,0.1445126086473465,0.8153846263885498,0.48269230127334595
YFL029C,YOR228C,0,1.049754,0.14447978138923645,0.8153846263885498,0.4828205108642578
YEL015W,YOL056W,0,1.0490735,0.1444469690322876,0.8153846263885498,0.4829487204551697
YJL157C,YOR037W,0,1.0489173,0.14441417157649994,0.8153846263885498,0.48307693004608154
YPL206C,YOL157C,0,1.0487221,0.14438138902187347,0.8153846263885498,0.4832051396369934
YKR037C,YDR487C,0,1.0486383,0.1443486213684082,0.8153846263885498,0.4833333194255829
YPL144W,YOR270C,0,1.0486223,0.14431585371494293,0.8153846263885498,0.48346152901649475
YGR009C,YKR097W,0,1.0473928,0.14428311586380005,0.8153846263885498,0.4835897386074066
YFL039C,YOR233W,0,1.0470667,0.14425039291381836,0.8153846263885498,0.4837179481983185
YDR265W,YFL002W-A,0,1.0468919,0.14421768486499786,0.8153846263885498,0.48384615778923035
YBR205W,YDR118W,0,1.0468507,0.14418499171733856,0.8153846263885498,0.4839743673801422
YIR023W,YLR306W,0,1.0466639,0.14415231347084045,0.8153846263885498,0.4841025769710541
YJL065C,YKL158W,0,1.0465122,0.14411965012550354,0.8153846263885498,0.48423075675964355
YMR006C,YOR067C,0,1.045513,0.14408700168132782,0.8153846263885498,0.4843589663505554
YER087C-A,YMR198W,0,1.0454097,0.1440543532371521,0.8153846263885498,0.4844871759414673
YJL190C,YML048W,0,1.0452863,0.14402173459529877,0.8153846263885498,0.48461538553237915
YJR033C,YJL056C,0,1.0452156,0.14398913085460663,0.8153846263885498,0.484743595123291
YDL019C,YOL149W,0,1.045196,0.14395654201507568,0.8153846263885498,0.4848718047142029
YPL231W,YJR143C,0,1.0449224,0.14392396807670593,0.8153846263885498,0.48500001430511475
YPR036W,YNL007C,0,1.0449029,0.14389140903949738,0.8153846263885498,0.4851281940937042
YBL024W,YHR140W,0,1.0440359,0.14385885000228882,0.8153846263885498,0.4852564036846161
YMR036C,YDR060W,0,1.0439622,0.14382632076740265,0.8153846263885498,0.48538461327552795
YDR038C,YOR221C,0,1.0439515,0.14379380643367767,0.8153846263885498,0.4855128228664398
YLR035C-A,YGL009C,0,1.0438384,0.1437613070011139,0.8153846263885498,0.4856410324573517
YJL072C,YGL168W,1,1.0437872,0.143954798579216,0.8166666626930237,0.4856410324573517
YBR022W,YML124C,0,1.043353,0.14392228424549103,0.8166666626930237,0.48576924204826355
YBR286W,YJR013W,0,1.0432525,0.14388976991176605,0.8166666626930237,0.485897421836853
YNR027W,YLR419W,0,1.0431573,0.14385727047920227,0.8166666626930237,0.4860256314277649
YIL112W,YDR130C,0,1.0430597,0.14382478594779968,0.8166666626930237,0.48615384101867676
YBL106C,YBR291C,0,1.0428766,0.14379233121871948,0.8166666626930237,0.4862820506095886
YMR166C,YKR090W,0,1.0423596,0.14375987648963928,0.8166666626930237,0.4864102602005005
YFR037C,YJL108C,0,1.0422171,0.14372743666172028,0.8166666626930237,0.48653846979141235
YMR257C,YGR054W,0,1.0421655,0.14369501173496246,0.8166666626930237,0.4866666793823242
YLR371W,YPR168W,0,1.0413492,0.14366260170936584,0.8166666626930237,0.4867948591709137
YBR158W,YNR070W,0,1.0413194,0.1436302214860916,0.8166666626930237,0.48692306876182556
YDR481C,YOR244W,0,1.0407965,0.14359784126281738,0.8166666626930237,0.4870512783527374
YJL219W,YKR058W,0,1.0400603,0.14356547594070435,0.8166666626930237,0.4871794879436493
YNL227C,YJL052W,0,1.0393875,0.1435331255197525,0.8166666626930237,0.48730769753456116
YOR346W,YBL023C,1,1.0390557,0.14372606575489044,0.8179486989974976,0.48730769753456116
YAR015W,YDL067C,0,1.0383062,0.1436937004327774,0.8179486989974976,0.487435907125473
YOL077C,YDR390C,0,1.0381863,0.14366133511066437,0.8179486989974976,0.4875641167163849
YDR096W,YDR400W,0,1.0370393,0.14362899959087372,0.8179486989974976,0.48769229650497437
YJR015W,YKL042W,0,1.0369251,0.14359666407108307,0.8179486989974976,0.48782050609588623
YML037C,YER112W,0,1.0368683,0.1435643583536148,0.8179486989974976,0.4879487156867981
YBL074C,YMR045C,0,1.0364882,0.14353205263614655,0.8179486989974976,0.48807692527770996
YKR058W,YDR393W,0,1.0364746,0.14349977672100067,0.8179486989974976,0.4882051348686218
YIL150C,YDL056W,1,1.036024,0.14369237422943115,0.8192307949066162,0.4882051348686218
YOL127W,YOR389W,0,1.0359304,0.1436600685119629,0.8192307949066162,0.4883333444595337
YDR170W-A,YJR029W,0,1.0356811,0.14362777769565582,0.8192307949066162,0.48846152424812317
YHL008C,YPR192W,0,1.0354887,0.14359550178050995,0.8192307949066162,0.48858973383903503
YLR214W,YDL065C,0,1.0354393,0.14356324076652527,0.8192307949066162,0.4887179434299469
YKL011C,YNL325C,0,1.035386,0.14353099465370178,0.8192307949066162,0.48884615302085876
YOR120W,YBR299W,0,1.034714,0.1434987634420395,0.8192307949066162,0.48897436261177063
YML015C,YHR215W,0,1.0344044,0.1434665471315384,0.8192307949066162,0.4891025722026825
YHL024W,YKL017C,1,1.0331887,0.1436588168144226,0.8205128312110901,0.4891025722026825
YNL191W,YDR103W,0,1.0329895,0.14362657070159912,0.8205128312110901,0.48923078179359436
YOR322C,YDR313C,0,1.0325034,0.14359433948993683,0.8205128312110901,0.48935896158218384
YPR108W,YOR242C,0,1.0320343,0.14356213808059692,0.8205128312110901,0.4894871711730957
YLR356W,YMR004W,0,1.0316765,0.14352993667125702,0.8205128312110901,0.48961538076400757
YDL164C,YAL021C,1,1.0314689,0.14372196793556213,0.821794867515564,0.48961538076400757
YDR011W,YDR402C,0,1.031277,0.14368975162506104,0.821794867515564,0.48974359035491943
YDR036C,YFL037W,0,1.0311632,0.14365755021572113,0.821794867515564,0.4898717999458313
YFL002W-A,YHR013C,0,1.0309011,0.14362536370754242,0.821794867515564,0.49000000953674316
YNL049C,YDR251W,0,1.0307603,0.1435931921005249,0.821794867515564,0.49012821912765503
YDR334W,YDL144C,0,1.0303735,0.14356103539466858,0.821794867515564,0.4902563989162445
YAR007C,YOR346W,1,1.0296403,0.1437527984380722,0.8230769038200378,0.4902563989162445
YGL173C,YGL106W,0,1.029483,0.1437206119298935,0.8230769038200378,0.49038460850715637
YMR109W,YAR044W,0,1.0279543,0.14368845522403717,0.8230769038200378,0.49051281809806824
YLR238W,YER012W,0,1.0273099,0.14365629851818085,0.8230769038200378,0.4906410276889801
YDR358W,YFL037W,0,1.02718,0.14362415671348572,0.8230769038200378,0.49076923727989197
YPR132W,YOL018C,0,1.027082,0.14359204471111298,0.8230769038200378,0.49089744687080383
YOR356W,YPL258C,0,1.0264597,0.14355993270874023,0.8230769038200378,0.4910256266593933
YKL010C,YMR150C,0,1.0264136,0.1435278356075287,0.8230769038200378,0.4911538362503052
YAL012W,YHR011W,0,1.0258987,0.14349575340747833,0.8230769038200378,0.49128204584121704
YGR292W,YGL229C,0,1.0254819,0.14346368610858917,0.8230769038200378,0.4914102554321289
YDL141W,YLR186W,0,1.0248243,0.1434316337108612,0.8230769038200378,0.49153846502304077
YNR008W,YPL154C,0,1.0247613,0.14339959621429443,0.8230769038200378,0.49166667461395264
YLR147C,YBR030W,0,1.0235364,0.14336757361888885,0.8230769038200378,0.4917948842048645
YLR283W,YHR143W,0,1.0221547,0.14333556592464447,0.8230769038200378,0.491923063993454
YOL149W,YBL055C,0,1.0218787,0.14330357313156128,0.8230769038200378,0.49205127358436584
YDR347W,YOL147C,0,1.0209584,0.14327159523963928,0.8230769038200378,0.4921794831752777
YPL091W,YBR097W,0,1.0209446,0.14323963224887848,0.8230769038200378,0.4923076927661896
YMR314W,YDR524C,0,1.0200558,0.14320766925811768,0.8230769038200378,0.49243590235710144
YDL080C,YML091C,0,1.0192415,0.14317573606967926,0.8230769038200378,0.4925641119480133
YEL017C-A,YKR097W,0,1.0191025,0.14314381778240204,0.8230769038200378,0.49269232153892517
YIL172C,YLR430W,0,1.0190845,0.14311189949512482,0.8230769038200378,0.49282050132751465
YOL133W,YGR037C,0,1.0189185,0.14308001101016998,0.8230769038200378,0.4929487109184265
YGL039W,YDL112W,0,1.0186768,0.14304812252521515,0.8230769038200378,0.4930769205093384
YER061C,YBL057C,0,1.0185401,0.1430162638425827,0.8230769038200378,0.49320513010025024
YCR028C,YBL055C,0,1.0185372,0.14298440515995026,0.8230769038200378,0.4933333396911621
YKL109W,YGL095C,0,1.0182878,0.1429525762796402,0.8230769038200378,0.493461549282074
YDR511W,YBR030W,0,1.0177543,0.14292074739933014,0.8230769038200378,0.49358972907066345
YNL191W,YDL146W,0,1.0176435,0.14288893342018127,0.8230769038200378,0.4937179386615753
YDL185W,YNL115C,0,1.0172471,0.1428571492433548,0.8230769038200378,0.4938461482524872
YBR159W,YAR018C,0,1.0169442,0.14282536506652832,0.8230769038200378,0.49397435784339905
YCL059C,YIL126W,0,1.0166761,0.14279359579086304,0.8230769038200378,0.4941025674343109
YLR040C,YOL157C,0,1.0166066,0.14276184141635895,0.8230769038200378,0.4942307770252228
YLR100W,YGR272C,0,1.0164016,0.14273010194301605,0.8230769038200378,0.49435898661613464
YLL009C,YMR150C,0,1.016152,0.14269837737083435,0.8230769038200378,0.4944871664047241
YML085C,YPL038W,0,1.0160992,0.14266666769981384,0.8230769038200378,0.494615375995636
YML129C,YDL127W,0,1.015707,0.14263497292995453,0.8230769038200378,0.49474358558654785
YNL293W,YJR001W,0,1.0154228,0.1426032930612564,0.8230769038200378,0.4948717951774597
YOR080W,YPR019W,1,1.015304,0.1427937000989914,0.8243589997291565,0.4948717951774597
YLR126C,YGL249W,0,1.0152419,0.1427619904279709,0.8243589997291565,0.4950000047683716
YDR033W,YAL010C,0,1.0151765,0.14273029565811157,0.8243589997291565,0.49512821435928345
YKL088W,YGL222C,0,1.0151309,0.14269863069057465,0.8243589997291565,0.4952564239501953
YKR105C,YNL189W,0,1.0150485,0.14266696572303772,0.8243589997291565,0.4953846037387848
YML018C,YBL074C,0,1.0150476,0.142635315656662,0.8243589997291565,0.49551281332969666
YDR086C,YBR084W,0,1.0150151,0.14260368049144745,0.8243589997291565,0.4956410229206085
YKR061W,YER048W-A,0,1.014778,0.1425720602273941,0.8243589997291565,0.4957692325115204
YDR424C,YLR015W,0,1.0144157,0.14254045486450195,0.8243589997291565,0.49589744210243225
YML027W,YDL101C,1,1.0143353,0.1427304893732071,0.8256410360336304,0.49589744210243225
YGL173C,YGL213C,0,1.0139599,0.14269886910915375,0.8256410360336304,0.4960256516933441
YDL056W,YPR019W,1,1.01336,0.14288878440856934,0.8269230723381042,0.4960256516933441
YLR283W,YNL159C,0,1.0132279,0.1428571492433548,0.8269230723381042,0.4961538314819336
YDR134C,YLR287C-A,0,1.0132066,0.14282551407814026,0.8269230723381042,0.49628204107284546
YKL089W,YDL129W,0,1.0122737,0.14279389381408691,0.8269230723381042,0.4964102506637573
YHR207C,YNL185C,0,1.0119994,0.14276228845119476,0.8269230723381042,0.4965384602546692
YLR418C,YIL145C,0,1.0117679,0.1427306979894638,0.8269230723381042,0.49666666984558105
YJR110W,YOR265W,0,1.0117245,0.14269912242889404,0.8269230723381042,0.4967948794364929
YML054C,YPR192W,0,1.0116723,0.14266754686832428,0.8269230723381042,0.4969230890274048
YKL199C,YPR156C,0,1.0116655,0.1426360011100769,0.8269230723381042,0.49705126881599426
YDR424C,YBR105C,0,1.0114068,0.14260447025299072,0.8269230723381042,0.49717947840690613
YOR037W,YER056C-A,0,1.0099502,0.14257293939590454,0.8269230723381042,0.497307687997818
YMR316W,YDR126W,0,1.0097163,0.14254143834114075,0.8269230723381042,0.49743589758872986
YML060W,YLR276C,0,1.0095992,0.14250993728637695,0.8269230723381042,0.4975641071796417
YHR215W,YER113C,0,1.0095584,0.14247846603393555,0.8269230723381042,0.4976923167705536
YHL019C,YPL031C,0,1.0091062,0.14244699478149414,0.8269230723381042,0.49782052636146545
YMR208W,YMR045C,0,1.0081053,0.14241553843021393,0.8269230723381042,0.49794870615005493
YBR176W,YPL103C,0,1.0078171,0.1423841118812561,0.8269230723381042,0.4980769157409668
YCR020C,YDR031W,0,1.0067937,0.14235268533229828,0.8269230723381042,0.49820512533187866
YCR009C,YPL028W,0,1.0067782,0.14232127368450165,0.8269230723381042,0.4983333349227905
YPL231W,YNL185C,0,1.0066525,0.1422898769378662,0.8269230723381042,0.4984615445137024
YNL330C,YOR039W,0,1.0064585,0.14225849509239197,0.8269230723381042,0.49858975410461426
YML037C,YOR246C,0,1.0063506,0.14222712814807892,0.8269230723381042,0.49871793389320374
YNL330C,YPL159C,0,1.0061189,0.14219576120376587,0.8269230723381042,0.4988461434841156
YHR027C,YMR037C,0,1.0056775,0.1421644240617752,0.8269230723381042,0.49897435307502747
YOR039W,YBL037W,0,1.0054109,0.14213310182094574,0.8269230723381042,0.49910256266593933
YNL101W,YDR166C,0,1.0048124,0.14210177958011627,0.8269230723381042,0.4992307722568512
YLR100W,YDR400W,0,1.0045451,0.1420704871416092,0.8269230723381042,0.49935898184776306
YLR364W,YIL078W,0,1.003053,0.1420391947031021,0.8269230723381042,0.4994871914386749
YER161C,YOR228C,0,1.0029938,0.14200793206691742,0.8269230723381042,0.4996153712272644
YML106W,YHR025W,0,1.0027966,0.14197666943073273,0.8269230723381042,0.49974358081817627
YPL148C,YBR291C,0,1.0026553,0.14194542169570923,0.8269230723381042,0.49987179040908813
YBL088C,YGL059W,0,1.0015051,0.14191418886184692,0.8269230723381042,0.5
YBR035C,YDL180W,0,1.00125,0.1418829709291458,0.8269230723381042,0.5001282095909119
YBL060W,YGR063C,0,0.99998116,0.1418517678976059,0.8269230723381042,0.5002564191818237
YKL179C,YJR089W,0,0.9998857,0.14182057976722717,0.8269230723381042,0.5003846287727356
YDL051W,YOL002C,0,0.9998832,0.14178940653800964,0.8269230723381042,0.5005128383636475
YOR143C,YML081C-A,0,0.9994085,0.1417582482099533,0.8269230723381042,0.5006410479545593
YNR061C,YML104C,0,0.9992323,0.14172708988189697,0.8269230723381042,0.5007692575454712
YDR117C,YDR523C,0,0.99858046,0.14169596135616302,0.8269230723381042,0.5008974075317383
YFL036W,YAL044C,0,0.99844897,0.14166483283042908,0.8269230723381042,0.5010256171226501
YMR094W,YEL050C,0,0.9981916,0.14163373410701752,0.8269230723381042,0.501153826713562
YGL213C,YJL044C,0,0.99806225,0.14160263538360596,0.8269230723381042,0.5012820363044739
YOR096W,YAL043C,0,0.99775815,0.1415715515613556,0.8269230723381042,0.5014102458953857
YBR241C,YER020W,0,0.9974184,0.14154048264026642,0.8269230723381042,0.5015384554862976
YIL051C,YCL057C-A,0,0.99727046,0.14150942862033844,0.8269230723381042,0.5016666650772095
YOR063W,YJL097W,0,0.997013,0.14147838950157166,0.8269230723381042,0.5017948746681213
YER086W,YDL108W,0,0.9969349,0.14144736528396606,0.8269230723381042,0.5019230842590332
YPL148C,YOL157C,0,0.99679863,0.14141635596752167,0.8269230723381042,0.5020512938499451
YOR384W,YJL033W,0,0.9967363,0.14138536155223846,0.8269230723381042,0.5021795034408569
YMR316W,YER095W,0,0.9967097,0.14135436713695526,0.8269230723381042,0.5023077130317688
YMR016C,YNL331C,0,0.99660015,0.14132340252399445,0.8269230723381042,0.5024359226226807
YKL004W,YIL027C,0,0.9965348,0.14129243791103363,0.8269230723381042,0.5025641322135925
YDL205C,YMR071C,0,0.99651825,0.1412615031003952,0.8269230723381042,0.5026922821998596
YDR248C,YFL036W,0,0.99572814,0.14123056828975677,0.8269230723381042,0.5028204917907715
YDR121W,YDR069C,1,0.9956964,0.14141856133937836,0.8282051086425781,0.5028204917907715
YLR154C,YOR217W,1,0.9956224,0.14160647988319397,0.8294872045516968,0.5028204917907715
YDR056C,YOR046C,0,0.9954834,0.14157548546791077,0.8294872045516968,0.5029487013816833
YGR006W,YGL141W,0,0.9953983,0.14154452085494995,0.8294872045516968,0.5030769109725952
YBR048W,YDR478W,0,0.9946722,0.14151355624198914,0.8294872045516968,0.5032051205635071
YPL074W,YDL184C,0,0.9944023,0.1414826214313507,0.8294872045516968,0.503333330154419
YGL249W,YGR054W,0,0.9940959,0.14145168662071228,0.8294872045516968,0.5034615397453308
YGL161C,YAR044W,0,0.9930906,0.14142076671123505,0.8294872045516968,0.5035897493362427
YDL138W,YGR062C,0,0.9925686,0.141389861702919,0.8294872045516968,0.5037179589271545
YBR055C,YDL038C,0,0.9921738,0.14135897159576416,0.8294872045516968,0.5038461685180664
YMR043W,YDR014W,1,0.99176085,0.14154653251171112,0.8307692408561707,0.5038461685180664
YMR051C,YBL082C,0,0.9915168,0.1415156126022339,0.8307692408561707,0.5039743781089783
YLR371W,YPR028W,0,0.99139583,0.14148472249507904,0.8307692408561707,0.5041025876998901
YHR172W,YBR048W,0,0.9911804,0.1414538323879242,0.8307692408561707,0.504230797290802
YMR217W,YGR189C,0,0.9910867,0.14142295718193054,0.8307692408561707,0.5043589472770691
YOL092W,YLR430W,0,0.9905102,0.14139209687709808,0.8307692408561707,0.504487156867981
YNL213C,YPR042C,0,0.9902886,0.14136125147342682,0.8307692408561707,0.5046153664588928
YCR098C,YLR414C,0,0.9896554,0.14133042097091675,0.8307692408561707,0.5047435760498047
YLR035C-A,YLR450W,0,0.9889164,0.14129960536956787,0.8307692408561707,0.5048717856407166
YCR009C,YPR108W,0,0.9881375,0.1412688046693802,0.8307692408561707,0.5049999952316284
YBR237W,YDR177W,0,0.98789203,0.1412380188703537,0.8307692408561707,0.5051282048225403
YNR022C,YKL158W,0,0.9875126,0.1412072330713272,0.8307692408561707,0.5052564144134521
YOL156W,YLR433C,0,0.98665214,0.1411764770746231,0.8307692408561707,0.505384624004364
YBR159W,YLR158C,0,0.9865515,0.141145721077919,0.8307692408561707,0.5055128335952759
YDR117C,YEL061C,0,0.9861069,0.1411149799823761,0.8307692408561707,0.5056410431861877
YCR072C,YOR067C,0,0.985772,0.14108425378799438,0.8307692408561707,0.5057692527770996
YHR046C,YBR048W,0,0.9857354,0.14105354249477386,0.8307692408561707,0.5058974623680115
YNL046W,YLR439W,0,0.985414,0.14102284610271454,0.8307692408561707,0.5060256123542786
YNL046W,YDR036C,0,0.985127,0.1409921646118164,0.8307692408561707,0.5061538219451904
YMR080C,YCR039C,0,0.9850311,0.14096149802207947,0.8307692408561707,0.5062820315361023
YDR065W,YMR312W,0,0.98447406,0.14093084633350372,0.8307692408561707,0.5064102411270142
YML106W,YLR419W,0,0.9844701,0.14090019464492798,0.8307692408561707,0.506538450717926
YER140W,YBR097W,0,0.9844061,0.14086955785751343,0.8307692408561707,0.5066666603088379
YBR299W,YJL062W,0,0.98421097,0.14083895087242126,0.8307692408561707,0.5067948698997498
YGL206C,YOR315W,0,0.9826702,0.1408083438873291,0.8307692408561707,0.5069230794906616
YMR217W,YOL080C,0,0.9821657,0.14077775180339813,0.8307692408561707,0.5070512890815735
YDR478W,YDR247W,0,0.9821106,0.14074717462062836,0.8307692408561707,0.5071794986724854
YLL001W,YPL204W,0,0.9819876,0.14071661233901978,0.8307692408561707,0.5073077082633972
YDL007W,YPR032W,0,0.98176587,0.1406860649585724,0.8307692408561707,0.5074359178543091
YIL150C,YJR068W,1,0.98174703,0.14087258279323578,0.8320512771606445,0.5074359178543091
YGR123C,YPL103C,0,0.9812678,0.1408420205116272,0.8320512771606445,0.507564127445221
YKL088W,YDR128W,0,0.9812101,0.14081145823001862,0.8320512771606445,0.5076923370361328
YML104C,YPR102C,0,0.9809778,0.14078091084957123,0.8320512771606445,0.5078204870223999
YCR075C,YLR120C,0,0.98067856,0.14075037837028503,0.8320512771606445,0.5079486966133118
YMR100W,YFR041C,0,0.9806217,0.14071986079216003,0.8320512771606445,0.5080769062042236
YPL189C-A,YOL117W,0,0.9806055,0.14068935811519623,0.8320512771606445,0.5082051157951355
YDR448W,YBR009C,0,0.98050284,0.14065887033939362,0.8320512771606445,0.5083333253860474
YJL219W,YGR101W,0,0.9803655,0.140628382563591,0.8320512771606445,0.5084615349769592
YMR130W,YKL010C,0,0.9801377,0.14059792459011078,0.8320512771606445,0.5085897445678711
YML005W,YDR003W,0,0.9798337,0.14056746661663055,0.8320512771606445,0.508717954158783
YMR171C,YNL185C,0,0.97946334,0.14053702354431152,0.8320512771606445,0.5088461637496948
YLR419W,YEL050C,0,0.97933376,0.14050661027431488,0.8320512771606445,0.5089743733406067
YLR154C,YDR054C,1,0.9792708,0.14069263637065887,0.8333333134651184,0.5089743733406067
YOR308C,YDR447C,0,0.97901964,0.14066219329833984,0.8333333134651184,0.5091025829315186
YML106W,YLR207W,0,0.9790014,0.140631765127182,0.8333333134651184,0.5092307925224304
YDR117C,YCL031C,0,0.9784497,0.14060133695602417,0.8333333134651184,0.5093590021133423
YHR039C-B,YIR009W,0,0.9784144,0.14057093858718872,0.8333333134651184,0.5094871520996094
YNL112W,YER113C,0,0.97818995,0.14054054021835327,0.8333333134651184,0.5096153616905212
YLR312C-B,YER070W,1,0.97790504,0.14072632789611816,0.8346154093742371,0.5096153616905212
YML005W,YIL112W,0,0.9778739,0.14069591462612152,0.8346154093742371,0.5097435712814331
YDR424C,YJL109C,0,0.97705853,0.14066551625728607,0.8346154093742371,0.509871780872345
YPR063C,YFL029C,0,0.9767301,0.14063513278961182,0.8346154093742371,0.5099999904632568
YCR098C,YPL085W,0,0.9761778,0.14060474932193756,0.8346154093742371,0.5101282000541687
YLR207W,YLR176C,0,0.9760883,0.1405743956565857,0.8346154093742371,0.5102564096450806
YJL097W,YNL119W,0,0.9758924,0.14054404199123383,0.8346154093742371,0.5103846192359924
YNL001W,YDR334W,0,0.97581613,0.14051370322704315,0.8346154093742371,0.5105128288269043
YLR439W,YGL035C,0,0.9757916,0.14048337936401367,0.8346154093742371,0.5106410384178162
YDR036C,YOL005C,0,0.9757267,0.14045307040214539,0.8346154093742371,0.510769248008728
YKR097W,YOR244W,0,0.9754636,0.1404227763414383,0.8346154093742371,0.5108974575996399
YGL168W,YDR054C,1,0.9750378,0.14060814678668976,0.8358974456787109,0.5108974575996399
YNL098C,YJR045C,0,0.97467613,0.14057783782482147,0.8358974456787109,0.5110256671905518
YBL106C,YDR376W,0,0.9745791,0.14054752886295319,0.8358974456787109,0.5111538171768188
YJL198W,YEL065W,0,0.97438574,0.1405172348022461,0.8358974456787109,0.5112820267677307
YIL145C,YGR200C,0,0.9738841,0.1404869705438614,0.8358974456787109,0.5114102363586426
YMR036C,YHR099W,0,0.97313106,0.14045670628547668,0.8358974456787109,0.5115384459495544
YBR055C,YOL030W,0,0.9731219,0.14042644202709198,0.8358974456787109,0.5116666555404663
YOR175C,YBL074C,0,0.97236204,0.14039620757102966,0.8358974456787109,0.5117948651313782
YML124C,YJR029W,0,0.971956,0.14036598801612854,0.8358974456787109,0.51192307472229
YDL065C,YPR096C,0,0.97193253,0.14033576846122742,0.8358974456787109,0.5120512843132019
YBR286W,YNR045W,0,0.9715593,0.14030557870864868,0.8358974456787109,0.5121794939041138
YMR100W,YIR002C,0,0.9708712,0.14027538895606995,0.8358974456787109,0.5123077034950256
YDR107C,YPL189C-A,0,0.97074854,0.1402452141046524,0.8358974456787109,0.5124359130859375
YEL064C,YMR051C,0,0.9704639,0.14021505415439606,0.8358974456787109,0.5125641226768494
YDR400W,YOR211C,0,0.9701915,0.1401849091053009,0.8358974456787109,0.5126923322677612
YNL207W,YOR224C,0,0.9700991,0.14015477895736694,0.8358974456787109,0.5128205418586731
YBR267W,YGL035C,0,0.9700252,0.14012464880943298,0.8358974456787109,0.5129486918449402
YAR010C,YLR265C,0,0.96985435,0.1400945484638214,0.8358974456787109,0.513076901435852
YIL150C,YNL218W,1,0.9696144,0.14027926325798035,0.8371794819831848,0.513076901435852
YER140W,YFL039C,0,0.9695282,0.14024914801120758,0.8371794819831848,0.5132051110267639
YOL031C,YOR150W,0,0.9691365,0.14021901786327362,0.8371794819831848,0.5133333206176758
YMR006C,YJR058C,0,0.9689567,0.14018891751766205,0.8371794819831848,0.5134615302085876
YNL291C,YDR118W,0,0.9687351,0.14015883207321167,0.8371794819831848,0.5135897397994995
YDR228C,YDR166C,0,0.96842957,0.14012876152992249,0.8371794819831848,0.5137179493904114
YEL021W,YER051W,0,0.96840525,0.1400986909866333,0.8371794819831848,0.5138461589813232
YOR181W,YLR158C,0,0.9683014,0.1400686353445053,0.8371794819831848,0.5139743685722351
YBR273C,YMR071C,0,0.9682206,0.1400385946035385,0.8371794819831848,0.514102578163147
YCR094W,YGL155W,0,0.96775496,0.1400085836648941,0.8371794819831848,0.5142307877540588
YOR326W,YGR062C,0,0.9675908,0.1399785578250885,0.8371794819831848,0.5143589973449707
YML091C,YGR158C,0,0.96730804,0.13994856178760529,0.8371794819831848,0.5144872069358826
YMR221C,YOR075W,0,0.9672005,0.13991858065128326,0.8371794819831848,0.5146153569221497
YFL004W,YKR097W,0,0.9665971,0.13988859951496124,0.8371794819831848,0.5147435665130615
YOR389W,YNR043W,0,0.9665129,0.1398586481809616,0.8371794819831848,0.5148717761039734
YOL005C,YLR147C,0,0.96622264,0.13982869684696198,0.8371794819831848,0.5149999856948853
YFR006W,YDR047W,0,0.96593,0.13979876041412354,0.8371794819831848,0.5151281952857971
YLR106C,YNR070W,0,0.9658842,0.1397688388824463,0.8371794819831848,0.515256404876709
YJR097W,YFL039C,0,0.96538067,0.13973893225193024,0.8371794819831848,0.5153846144676208
YDL185W,YIL115C,0,0.9651928,0.13970902562141418,0.8371794819831848,0.5155128240585327
YGL137W,YOR211C,0,0.9649223,0.13967914879322052,0.8371794819831848,0.5156410336494446
YDR018C,YJR160C,0,0.96384454,0.13964927196502686,0.8371794819831848,0.5157692432403564
YOL156W,YER184C,0,0.96379805,0.13961941003799438,0.8371794819831848,0.5158974528312683
YDR390C,YPR073C,0,0.9633845,0.1395895630121231,0.8371794819831848,0.5160256624221802
YOL147C,YGR189C,0,0.963022,0.13955973088741302,0.8371794819831848,0.516153872013092
YGR047C,YNL061W,0,0.9629533,0.13952991366386414,0.8371794819831848,0.5162820219993591
YKL140W,YER120W,0,0.961745,0.13950011134147644,0.8371794819831848,0.516410231590271
YDR524C,YNR022C,0,0.96151316,0.13947030901908875,0.8371794819831848,0.5165384411811829
YLR100W,YJR143C,0,0.9612266,0.13944053649902344,0.8371794819831848,0.5166666507720947
YDR071C,YPR028W,0,0.9596313,0.13941076397895813,0.8371794819831848,0.5167948603630066
YGL185C,YDL180W,0,0.95946693,0.13938100636005402,0.8371794819831848,0.5169230699539185
YFR032C-A,YOR131C,0,0.9594562,0.1393512636423111,0.8371794819831848,0.5170512795448303
YIL084C,YNR040W,0,0.9589448,0.13932152092456818,0.8371794819831848,0.5171794891357422
YHR011W,YDR330W,0,0.95779335,0.13929180800914764,0.8371794819831848,0.517307698726654
YGR188C,YHR010W,0,0.95752394,0.1392621099948883,0.8371794819831848,0.5174359083175659
YLR015W,YMR184W,0,0.95701396,0.13923241198062897,0.8371794819831848,0.5175641179084778
YLR035C-A,YBR175W,0,0.956931,0.13920272886753082,0.8371794819831848,0.5176923274993896
YMR264W,YDR247W,0,0.9565693,0.13917306065559387,0.8371794819831848,0.5178205370903015
YJR160C,YNL136W,0,0.95643723,0.13914340734481812,0.8371794819831848,0.5179487466812134
YJL157C,YNL128W,0,0.9556526,0.13911376893520355,0.8371794819831848,0.5180768966674805
YER029C,YLR010C,0,0.95555437,0.139084130525589,0.8371794819831848,0.5182051062583923
YMR235C,YDR265W,0,0.9554236,0.13905452191829681,0.8371794819831848,0.5183333158493042
YDR069C,YKL017C,1,0.95539975,0.13923780620098114,0.8384615182876587,0.5183333158493042
YDR329C,YCR037C,0,0.95519996,0.13920816779136658,0.8384615182876587,0.5184615254402161
YAL053W,YMR311C,0,0.9550705,0.1391785442829132,0.8384615182876587,0.5185897350311279
YOR175C,YDL180W,0,0.95472884,0.13914893567562103,0.8384615182876587,0.5187179446220398
YOR201C,YBR207W,0,0.9543637,0.13911934196949005,0.8384615182876587,0.5188461542129517
YLR450W,YKR059W,0,0.9542223,0.13908974826335907,0.8384615182876587,0.5189743638038635
YGL206C,YDR197W,0,0.9535502,0.13906016945838928,0.8384615182876587,0.5191025733947754
YDL138W,YDR117C,0,0.9534421,0.1390306055545807,0.8384615182876587,0.5192307829856873
YNL112W,YGR006W,0,0.9532914,0.1390010565519333,0.8384615182876587,0.5193589925765991
YGL168W,YKL017C,1,0.9525819,0.13918401300907135,0.8397436141967773,0.5193589925765991
YER147C,YEL002C,0,0.9521148,0.13915444910526276,0.8397436141967773,0.519487202167511
YLR396C,YEL017C-A,0,0.95176554,0.13912490010261536,0.8397436141967773,0.5196154117584229
YGL178W,YMR122W-A,0,0.9516127,0.13909535109996796,0.8397436141967773,0.5197435617446899
YMR051C,YER112W,0,0.95142746,0.13906581699848175,0.8397436141967773,0.5198717713356018
YDR069C,YDL017W,1,0.9513897,0.1392485648393631,0.8410256505012512,0.5198717713356018
YGL119W,YDR166C,0,0.95116055,0.1392190158367157,0.8410256505012512,0.5199999809265137
YJR134C,YNL012W,0,0.95091534,0.1391894817352295,0.8410256505012512,0.5201281905174255
YKL140W,YDL099W,0,0.95056796,0.1391599476337433,0.8410256505012512,0.5202564001083374
YMR166C,YMR004W,0,0.94992626,0.13913042843341827,0.8410256505012512,0.5203846096992493
YBL069W,YHR117W,0,0.9498422,0.13910093903541565,0.8410256505012512,0.5205128192901611
YNL242W,YOR036W,0,0.9497819,0.13907144963741302,0.8410256505012512,0.520641028881073
YLR403W,YER106W,0,0.9495541,0.1390419602394104,0.8410256505012512,0.5207692384719849
YGR035C,YML063W,0,0.9488325,0.13901250064373016,0.8410256505012512,0.5208974480628967
YMR298W,YDR088C,0,0.94815516,0.13898305594921112,0.8410256505012512,0.5210256576538086
YDL038C,YPR186C,0,0.9481516,0.13895361125469208,0.8410256505012512,0.5211538672447205
YNL227C,YIL171W,0,0.9481182,0.13892418146133423,0.8410256505012512,0.5212820768356323
YHR027C,YMR051C,0,0.94803596,0.13889476656913757,0.8410256505012512,0.5214102268218994
YGL135W,YKR050W,0,0.94591737,0.1388653665781021,0.8410256505012512,0.5215384364128113
YOR322C,YMR204C,0,0.94553554,0.13883598148822784,0.8410256505012512,0.5216666460037231
YNL188W,YER044C,0,0.9453224,0.13880659639835358,0.8410256505012512,0.521794855594635
YCR096C,YDL138W,0,0.94506884,0.1387772411108017,0.8410256505012512,0.5219230651855469
YOR356W,YJL008C,0,0.9444324,0.13874788582324982,0.8410256505012512,0.5220512747764587
YGL253W,YDL065C,0,0.94407535,0.13871854543685913,0.8410256505012512,0.5221794843673706
YMR016C,YLR276C,0,0.94352174,0.13868921995162964,0.8410256505012512,0.5223076939582825
YGL213C,YKL011C,0,0.9434047,0.13865990936756134,0.8410256505012512,0.5224359035491943
YHR067W,YDL185W,0,0.94327116,0.13863059878349304,0.8410256505012512,0.5225641131401062
YBR087W,YER070W,1,0.94251084,0.1388125866651535,0.8423076868057251,0.5225641131401062
YKL088W,YNL289W,0,0.9420624,0.1387832760810852,0.8423076868057251,0.5226923227310181
YFL047W,YER096W,0,0.94197273,0.1387539654970169,0.8423076868057251,0.5228205323219299
YDR465C,YOR306C,0,0.9418428,0.1387246549129486,0.8423076868057251,0.5229487419128418
YNL206C,YCL047C,0,0.9418224,0.1386953741312027,0.8423076868057251,0.5230769515037537
YBR123C,YPL060W,0,0.94163835,0.13866610825061798,0.8423076868057251,0.5232051014900208
YNR040W,YOR039W,0,0.94162405,0.13863684237003326,0.8423076868057251,0.5233333110809326
YOR265W,YML048W,0,0.9411814,0.13860759139060974,0.8423076868057251,0.5234615206718445
YMR043W,YJL090C,1,0.94114447,0.13878928124904633,0.843589723110199,0.5234615206718445
YLR450W,YPR168W,0,0.9409865,0.1387600153684616,0.843589723110199,0.5235897302627563
YOR131C,YCL050C,0,0.94091713,0.13873076438903809,0.843589723110199,0.5237179398536682
YMR080C,YLR450W,0,0.94006324,0.13870151340961456,0.843589723110199,0.5238461494445801
YLR201C,YIL171W,0,0.9398625,0.13867229223251343,0.843589723110199,0.5239743590354919
YDL085W,YPR122W,0,0.9393574,0.1386430710554123,0.843589723110199,0.5241025686264038
YJR016C,YLR419W,0,0.9392731,0.13861386477947235,0.843589723110199,0.5242307782173157
YPL096C-A,YHR070W,0,0.9391092,0.1385846734046936,0.843589723110199,0.5243589878082275
YBR030W,YOR270C,0,0.939016,0.13855548202991486,0.843589723110199,0.5244871973991394
YPL194W,YHR017W,0,0.9375944,0.1385263204574585,0.843589723110199,0.5246154069900513
YOL031C,YOL030W,0,0.9375316,0.13849715888500214,0.843589723110199,0.5247436165809631
YDR358W,YGR272C,0,0.93549204,0.13846801221370697,0.843589723110199,0.5248717665672302
YGR189C,YNR047W,0,0.93501306,0.138438880443573,0.843589723110199,0.5249999761581421
YMR016C,YFR037C,0,0.9348874,0.13840976357460022,0.843589723110199,0.525128185749054
YOL092W,YPR073C,0,0.9339268,0.13838064670562744,0.843589723110199,0.5252563953399658
YDL101C,YJR068W,1,0.9335594,0.13856181502342224,0.8448718190193176,0.5252563953399658
YGL249W,YDR342C,0,0.9329219,0.13853268325328827,0.8448718190193176,0.5253846049308777
YMR086W,YOR120W,0,0.9321358,0.1385035663843155,0.8448718190193176,0.5255128145217896
YPL051W,YMR122W-A,0,0.9318552,0.1384744644165039,0.8448718190193176,0.5256410241127014
YIL109C,YDL138W,0,0.9318124,0.13844537734985352,0.8448718190193176,0.5257692337036133
YDR523C,YML091C,0,0.93180466,0.13841630518436432,0.8448718190193176,0.5258974432945251
YOR265W,YPL214C,0,0.93174005,0.13838723301887512,0.8448718190193176,0.526025652885437
YBL017C,YOL019W,0,0.93129444,0.13835817575454712,0.8448718190193176,0.5261538624763489
YDL229W,YMR163C,0,0.9312706,0.1383291333913803,0.8448718190193176,0.5262820720672607
YER133W,YCR040W,0,0.9311385,0.1383001059293747,0.8448718190193176,0.5264102816581726
YDL120W,YAL008W,0,0.93113387,0.13827109336853027,0.8448718190193176,0.5265384912490845
YHL024W,YPL153C,1,0.9309666,0.13845185935497284,0.8461538553237915,0.5265384912490845
YDR033W,YOR181W,0,0.9309535,0.13842281699180603,0.8461538553237915,0.5266666412353516
YHR186C,YGR194C,0,0.9304302,0.13839378952980042,0.8461538553237915,0.5267948508262634
YBR240C,YJR075W,0,0.9304068,0.138364776968956,0.8461538553237915,0.5269230604171753
YOL030W,YDR128W,0,0.92932904,0.13833577930927277,0.8461538553237915,0.5270512700080872
YDR197W,YIL126W,0,0.9281323,0.13830679655075073,0.8461538553237915,0.527179479598999
YDR456W,YLR446W,0,0.9277005,0.1382778137922287,0.8461538553237915,0.5273076891899109
YDL033C,YDR529C,0,0.9276341,0.13824884593486786,0.8461538553237915,0.5274358987808228
YLR266C,YJL109C,0,0.9269664,0.1382198929786682,0.8461538553237915,0.5275641083717346
YIL084C,YPR021C,0,0.92688155,0.13819095492362976,0.8461538553237915,0.5276923179626465
YBL069W,YPL026C,0,0.92646277,0.1381620317697525,0.8461538553237915,0.5278205275535583
YPL214C,YBL074C,0,0.92491436,0.13813310861587524,0.8461538553237915,0.5279487371444702
YGL249W,YMR208W,0,0.9237337,0.13810420036315918,0.8461538553237915,0.5280769467353821
YCR096C,YDR368W,0,0.9231211,0.1380753070116043,0.8461538553237915,0.528205156326294
YER089C,YBL090W,0,0.92309976,0.13804642856121063,0.8461538553237915,0.528333306312561
YLR312C-B,YDR014W,1,0.923069,0.1382266879081726,0.8474358916282654,0.528333306312561
YMR070W,YER184C,0,0.9228306,0.13819777965545654,0.8474358916282654,0.5284615159034729
YCR053W,YOL007C,0,0.9215244,0.13816890120506287,0.8474358916282654,0.5285897254943848
YLR204W,YDR507C,0,0.920485,0.1381400227546692,0.8474358916282654,0.5287179350852966
YHR067W,YIL101C,0,0.91967,0.1381111592054367,0.8474358916282654,0.5288461446762085
YNR043W,YNL217W,0,0.91955054,0.13808231055736542,0.8474358916282654,0.5289743542671204
YGL205W,YOL007C,0,0.9194286,0.13805346190929413,0.8474358916282654,0.5291025638580322
YIL145C,YJR076C,0,0.9186939,0.13802464306354523,0.8474358916282654,0.5292307734489441
YBR055C,YPR102C,0,0.9186466,0.13799582421779633,0.8474358916282654,0.529358983039856
YOR396W,YLR176C,0,0.91839254,0.13796702027320862,0.8474358916282654,0.5294871926307678
YCL063W,YDR003W,0,0.918388,0.1379382312297821,0.8474358916282654,0.5296154022216797
YGL003C,YLR079W,0,0.9179791,0.13790945708751678,0.8474358916282654,0.5297436118125916
YER036C,YDR117C,0,0.9178879,0.13788068294525146,0.8474358916282654,0.5298718214035034
YDR018C,YJL008C,0,0.9175725,0.13785192370414734,0.8474358916282654,0.5299999713897705
YBR092C,YBR297W,0,0.9169581,0.1378231793642044,0.8474358916282654,0.5301281809806824
YPR047W,YDL110C,0,0.9161594,0.13779444992542267,0.8474358916282654,0.5302563905715942
YGR123C,YOR270C,0,0.915995,0.13776573538780212,0.8474358916282654,0.5303846001625061
YOR151C,YNL248C,0,0.91586256,0.13773703575134277,0.8474358916282654,0.530512809753418
YLR450W,YKL056C,0,0.91511345,0.13770833611488342,0.8474358916282654,0.5306410193443298
YPL206C,YBR251W,0,0.91470206,0.13767965137958527,0.8474358916282654,0.5307692289352417
YOR066W,YJR029W,0,0.914387,0.1376509815454483,0.8474358916282654,0.5308974385261536
YDR421W,YKL158W,0,0.9138981,0.13762232661247253,0.8474358916282654,0.5310256481170654
YLR286C,YGR286C,0,0.9137492,0.13759367167949677,0.8474358916282654,0.5311538577079773
YGL232W,YJL046W,0,0.9134233,0.1375650316476822,0.8474358916282654,0.5312820672988892
YDR341C,YKR050W,0,0.9133382,0.1375364065170288,0.8474358916282654,0.531410276889801
YEL050C,YER112W,0,0.9130728,0.13750779628753662,0.8474358916282654,0.5315384864807129
YOR224C,YOR092W,0,0.9126055,0.13747920095920563,0.8474358916282654,0.5316666960716248
YJR010C-A,YCL050C,0,0.9119588,0.13745062053203583,0.8474358916282654,0.5317948460578918
YJR076C,YKR097W,0,0.91177285,0.13742204010486603,0.8474358916282654,0.5319230556488037
YER114C,YER111C,0,0.91163003,0.13739347457885742,0.8474358916282654,0.5320512652397156
YML116W,YAL044C,0,0.9112518,0.13736492395401,0.8474358916282654,0.5321794748306274
YJR013W,YGR292W,0,0.9107733,0.1373363733291626,0.8474358916282654,0.5323076844215393
YKR090W,YNL046W,0,0.9104413,0.13730785250663757,0.8474358916282654,0.5324358940124512
YLR106C,YKR097W,0,0.90994287,0.13727933168411255,0.8474358916282654,0.532564103603363
YDR032C,YPR122W,0,0.9097477,0.13725082576274872,0.8474358916282654,0.5326923131942749
YKL179C,YDR483W,0,0.9086497,0.13722233474254608,0.8474358916282654,0.5328205227851868
YLR373C,YIL093C,0,0.908057,0.13719385862350464,0.8474358916282654,0.5329487323760986
YCR009C,YPL269W,0,0.9080136,0.1371653825044632,0.8474358916282654,0.5330769419670105
YGL249W,YAL008W,0,0.90736246,0.13713693618774414,0.8474358916282654,0.5332051515579224
YHL019C,YOR242C,0,0.90634966,0.13710848987102509,0.8474358916282654,0.5333333611488342
YER131W,YPL258C,0,0.90612864,0.13708004355430603,0.8474358916282654,0.5334615111351013
YLR356W,YGL178W,0,0.9060507,0.13705162703990936,0.8474358916282654,0.5335897207260132
YHL040C,YGR220C,0,0.90480757,0.1370232105255127,0.8474358916282654,0.533717930316925
YKR048C,YKR009C,0,0.90457916,0.13699482381343842,0.8474358916282654,0.5338461399078369
YPL195W,YDR236C,0,0.9045372,0.13696643710136414,0.8474358916282654,0.5339743494987488
YLR448W,YBR009C,0,0.9044833,0.13693805038928986,0.8474358916282654,0.5341025590896606
YDL114W,YLR074C,0,0.9039426,0.13690969347953796,0.8474358916282654,0.5342307686805725
YBR159W,YPR047W,0,0.9033954,0.13688133656978607,0.8474358916282654,0.5343589782714844
YFR005C,YPL172C,0,0.90315425,0.13685300946235657,0.8474358916282654,0.5344871878623962
YAR018C,YBR122C,0,0.9025458,0.13682466745376587,0.8474358916282654,0.5346153974533081
YDL038C,YLL022C,0,0.9022882,0.13679635524749756,0.8474358916282654,0.53474360704422
YLR032W,YPL214C,0,0.90228796,0.13676805794239044,0.8474358916282654,0.5348718166351318
YIL112W,YPL149W,0,0.90221786,0.13673976063728333,0.8474358916282654,0.5350000262260437
YDL120W,YHR186C,0,0.9019686,0.1367114782333374,0.8474358916282654,0.5351281762123108
YNL112W,YOL120C,0,0.9014666,0.13668321073055267,0.8474358916282654,0.5352563858032227
YMR208W,YDR047W,0,0.901001,0.13665495812892914,0.8474358916282654,0.5353845953941345
YLR385C,YLR147C,0,0.9001664,0.1366267055273056,0.8474358916282654,0.5355128049850464
YHR172W,YDR060W,0,0.8999231,0.13659846782684326,0.8474358916282654,0.5356410145759583
YGR101W,YMR312W,0,0.8998716,0.13657024502754211,0.8474358916282654,0.5357692241668701
YJL106W,YNR040W,0,0.8997326,0.13654203712940216,0.8474358916282654,0.535897433757782
YNL185C,YBL010C,0,0.8996043,0.1365138441324234,0.8474358916282654,0.5360256433486938
YDL129W,YNL217W,0,0.8992872,0.13648565113544464,0.8474358916282654,0.5361538529396057
YBR030W,YPR096C,0,0.898553,0.13645747303962708,0.8474358916282654,0.5362820625305176
YBL057C,YPL048W,0,0.8984004,0.1364293098449707,0.8474358916282654,0.5364102721214294
YOR063W,YMR311C,0,0.8981495,0.13640116155147552,0.8474358916282654,0.5365384817123413
YGR104C,YCR077C,0,0.8974633,0.13637301325798035,0.8474358916282654,0.5366666913032532
YER096W,YDL006W,0,0.8972106,0.13634487986564636,0.8474358916282654,0.536794900894165
YDL065C,YKL158W,0,0.89720786,0.13631676137447357,0.8474358916282654,0.5369230508804321
YFL036W,YER061C,0,0.89706564,0.13628865778446198,0.8474358916282654,0.537051260471344
YDR347W,YOR315W,0,0.89688253,0.13626056909561157,0.8474358916282654,0.5371794700622559
YLR158C,YLR306W,0,0.89667416,0.13623248040676117,0.8474358916282654,0.5373076796531677
YDL114W,YEL015W,0,0.89630437,0.13620440661907196,0.8474358916282654,0.5374358892440796
YFR005C,YFL039C,0,0.8952204,0.13617634773254395,0.8474358916282654,0.5375640988349915
YDL210W,YDR239C,0,0.8946974,0.13614830374717712,0.8474358916282654,0.5376923084259033
YLR312C-B,YOR346W,1,0.8941821,0.13632619380950928,0.8487179279327393,0.5376923084259033
YPL051W,YBL010C,0,0.8939402,0.13629812002182007,0.8487179279327393,0.5378205180168152
YJR075W,YOL123W,0,0.8936957,0.13627007603645325,0.8487179279327393,0.537948727607727
YNR061C,YMR184W,0,0.89334273,0.13624203205108643,0.8487179279327393,0.5380769371986389
YCR020C,YNR043W,0,0.89253116,0.1362139880657196,0.8487179279327393,0.5382051467895508
YOR356W,YPR192W,0,0.8924761,0.13618597388267517,0.8487179279327393,0.5383333563804626
YLR373C,YMR221C,0,0.8921714,0.13615795969963074,0.8487179279327393,0.5384615659713745
YBR240C,YOR175C,0,0.8919685,0.1361299604177475,0.8487179279327393,0.5385897159576416
YER070W,YJR068W,1,0.8916774,0.13630756735801697,0.8500000238418579,0.5385897159576416
YGL232W,YJR094W-A,0,0.89160955,0.13627955317497253,0.8500000238418579,0.5387179255485535
YBR092C,YLL035W,0,0.89156556,0.1362515389919281,0.8500000238418579,0.5388461351394653
YDR033W,YGL222C,0,0.89131737,0.13622353971004486,0.8500000238418579,0.5389743447303772
YML027W,YHL024W,1,0.891206,0.1364009827375412,0.8512820601463318,0.5389743447303772
YAR010C,YIL126W,0,0.89099574,0.13637296855449677,0.8512820601463318,0.5391025543212891
YDR056C,YOL018C,0,0.8903928,0.13634496927261353,0.8512820601463318,0.5392307639122009
YIR017C,YDR402C,0,0.89005375,0.13631698489189148,0.8512820601463318,0.5393589735031128
YBR041W,YHR160C,0,0.8891127,0.13628900051116943,0.8512820601463318,0.5394871830940247
YJR121W,YPR186C,0,0.88876,0.13626103103160858,0.8512820601463318,0.5396153926849365
YDR224C,YDR239C,0,0.8880687,0.13623307645320892,0.8512820601463318,0.5397436022758484
YDL069C,YPL123C,0,0.88805175,0.13620512187480927,0.8512820601463318,0.5398718118667603
YKL088W,YOL092W,0,0.88702965,0.136177197098732,0.8512820601463318,0.5400000214576721
YDR279W,YOR346W,1,0.8869312,0.13635431230068207,0.8525640964508057,0.5400000214576721
YNL206C,YLR079W,0,0.88677084,0.1363263577222824,0.8525640964508057,0.540128231048584
YLR172C,YHR013C,0,0.88669896,0.13629841804504395,0.8525640964508057,0.5402563810348511
YNR008W,YMR022W,0,0.8864733,0.13627049326896667,0.8525640964508057,0.5403845906257629
YNL086W,YBR058C,0,0.88515043,0.1362425684928894,0.8525640964508057,0.5405128002166748
YJR145C,YKL011C,0,0.88491607,0.13621467351913452,0.8525640964508057,0.5406410098075867
YML104C,YIL160C,0,0.8844023,0.13618676364421844,0.8525640964508057,0.5407692193984985
YMR166C,YBR055C,0,0.8842634,0.13615888357162476,0.8525640964508057,0.5408974289894104
YBR159W,YHR171W,0,0.88423073,0.13613101840019226,0.8525640964508057,0.5410256385803223
YLR312C-B,YMR043W,1,0.8841752,0.13630782067775726,0.8538461327552795,0.5410256385803223
YKL088W,YDL204W,0,0.8840834,0.13627992570400238,0.8538461327552795,0.5411538481712341
YDL114W,YBR050C,0,0.883981,0.1362520456314087,0.8538461327552795,0.541282057762146
YBL088C,YJR135C,0,0.88392293,0.1362241804599762,0.8538461327552795,0.5414102673530579
YER056C-A,YDR158W,0,0.8838582,0.1361963152885437,0.8538461327552795,0.5415384769439697
YAR010C,YDR534C,0,0.8830514,0.1361684799194336,0.8538461327552795,0.5416666865348816
YDL099W,YMR302C,0,0.8827101,0.1361406445503235,0.8538461327552795,0.5417948961257935
YDL114W,YDR402C,0,0.8824769,0.13611280918121338,0.8538461327552795,0.5419231057167053
YOR116C,YBR012W-A,0,0.88236237,0.13608500361442566,0.8538461327552795,0.5420512557029724
YJR029W,YHR013C,0,0.8820946,0.13605719804763794,0.8538461327552795,0.5421794652938843
YDL190C,YJL041W,0,0.88207316,0.1360294073820114,0.8538461327552795,0.5423076748847961
YER061C,YNL012W,0,0.8816525,0.13600163161754608,0.8538461327552795,0.542435884475708
YJL090C,YDL056W,1,0.8807086,0.13617803156375885,0.8551282286643982,0.542435884475708
YMR023C,YLR430W,0,0.8805417,0.13615024089813232,0.8551282286643982,0.5425640940666199
YPL226W,YLR038C,0,0.8801594,0.1361224502325058,0.8551282286643982,0.5426923036575317
YLR237W,YER153C,0,0.87985027,0.13609467446804047,0.8551282286643982,0.5428205132484436
YPL059W,YOR066W,0,0.8790791,0.13606691360473633,0.8551282286643982,0.5429487228393555
YBR296C,YKR104W,0,0.8789705,0.1360391527414322,0.8551282286643982,0.5430769324302673
YDR134C,YGL185C,0,0.87886214,0.13601142168045044,0.8551282286643982,0.5432051420211792
YDR402C,YER089C,0,0.8780322,0.1359836906194687,0.8551282286643982,0.5433333516120911
YJR094W-A,YMR023C,0,0.8778372,0.13595597445964813,0.8551282286643982,0.5434615612030029
YLR448W,YCL047C,0,0.8776977,0.13592825829982758,0.8551282286643982,0.5435897707939148
YPL204W,YDR483W,0,0.87748814,0.1359005719423294,0.8551282286643982,0.5437179207801819
YGL039W,YLR099C,0,0.8774233,0.13587288558483124,0.8551282286643982,0.5438461303710938
YNL291C,YOR224C,0,0.8764334,0.13584521412849426,0.8551282286643982,0.5439743399620056
YPR186C,YOL147C,0,0.87582815,0.13581755757331848,0.8551282286643982,0.5441025495529175
YPR070W,YJL148W,0,0.8752644,0.1357899010181427,0.8551282286643982,0.5442307591438293
YIL093C,YER180C,0,0.8745794,0.1357622593641281,0.8551282286643982,0.5443589687347412
YOR080W,YOR217W,1,0.8745229,0.1359381377696991,0.8564102649688721,0.5443589687347412
YOL105C,YPL281C,0,0.8743572,0.13591048121452332,0.8564102649688721,0.5444871783256531
YOR175C,YEL065W,0,0.87399065,0.13588282465934753,0.8564102649688721,0.5446153879165649
YLR100W,YHL004W,0,0.87259316,0.13585519790649414,0.8564102649688721,0.5447435975074768
YKL135C,YCR037C,0,0.8722993,0.13582757115364075,0.8564102649688721,0.5448718070983887
YBL024W,YAR018C,0,0.87167287,0.13579995930194855,0.8564102649688721,0.5450000166893005
YHR046C,YIL084C,0,0.87139285,0.13577236235141754,0.8564102649688721,0.5451282262802124
YKL178C,YPL149W,0,0.8700795,0.13574476540088654,0.8564102649688721,0.5452564358711243
YBR036C,YER106W,0,0.8699814,0.13571718335151672,0.8564102649688721,0.5453845858573914
YDR126W,YDR239C,0,0.8698759,0.1356896162033081,0.8564102649688721,0.5455127954483032
YBR296C,YKR030W,0,0.86941123,0.13566206395626068,0.8564102649688721,0.5456410050392151
YIR014W,YDR022C,0,0.8692137,0.13563451170921326,0.8564102649688721,0.545769214630127
YDR320C-A,YLR450W,0,0.86912835,0.13560698926448822,0.8564102649688721,0.5458974242210388
YLR419W,YOR374W,0,0.8679733,0.13557946681976318,0.8564102649688721,0.5460256338119507
YEL017C-A,YJR134C,0,0.86755085,0.13555194437503815,0.8564102649688721,0.5461538434028625
YIL150C,YDR279W,1,0.8670955,0.13572733104228973,0.857692301273346,0.5461538434028625
YDR242W,YLR078C,0,0.8668792,0.1356997936964035,0.857692301273346,0.5462820529937744
YMR171C,YLR246W,0,0.86617184,0.13567227125167847,0.857692301273346,0.5464102625846863
YHR039C-B,YIR023W,0,0.8657491,0.13564476370811462,0.857692301273346,0.5465384721755981
YML129C,YPL101W,0,0.8656995,0.13561727106571198,0.857692301273346,0.54666668176651
YFR005C,YPR042C,0,0.8653687,0.13558977842330933,0.857692301273346,0.5467948913574219
YBR159W,YOL147C,0,0.8652346,0.13556231558322906,0.857692301273346,0.5469231009483337
YNR027W,YJL221C,0,0.8638083,0.1355348527431488,0.857692301273346,0.5470513105392456
YDR236C,YJL102W,0,0.8635559,0.13550738990306854,0.857692301273346,0.5471794605255127
YHR147C,YKL195W,0,0.8635063,0.13547995686531067,0.857692301273346,0.5473076701164246
YOL005C,YBL020W,0,0.8626511,0.1354525238275528,0.857692301273346,0.5474358797073364
YNL039W,YJR143C,0,0.8618264,0.13542510569095612,0.857692301273346,0.5475640892982483
YDR334W,YMR165C,0,0.86143935,0.13539768755435944,0.857692301273346,0.5476922988891602
YGL206C,YHR025W,0,0.860528,0.13537029922008514,0.857692301273346,0.547820508480072
YML037C,YGR076C,0,0.86036706,0.13534291088581085,0.857692301273346,0.5479487180709839
YML043C,YGR295C,0,0.8603244,0.13531553745269775,0.857692301273346,0.5480769276618958
YNL280C,YOR181W,0,0.8602724,0.13528816401958466,0.857692301273346,0.5482051372528076
YDR376W,YJL102W,0,0.8596233,0.13526082038879395,0.857692301273346,0.5483333468437195
YPL026C,YER045C,0,0.8595176,0.13523347675800323,0.857692301273346,0.5484615564346313
YDL143W,YIL051C,0,0.85927725,0.13520614802837372,0.857692301273346,0.5485897660255432
YLR370C,YGL205W,0,0.85915434,0.1351788192987442,0.857692301273346,0.5487179756164551
YGL191W,YPL281C,0,0.85912967,0.13515152037143707,0.857692301273346,0.5488461256027222
YNL149C,YMR150C,0,0.8588153,0.13512422144412994,0.857692301273346,0.548974335193634
YML106W,YGR218W,0,0.858644,0.135096937417984,0.857692301273346,0.5491025447845459
YDL146W,YPR016C,0,0.85858524,0.13506965339183807,0.857692301273346,0.5492307543754578
YBL090W,YDR116C,0,0.8582759,0.13504238426685333,0.857692301273346,0.5493589639663696
YLR396C,YFL039C,0,0.85798025,0.13501513004302979,0.857692301273346,0.5494871735572815
YNR008W,YIL115C,0,0.8573072,0.13498789072036743,0.857692301273346,0.5496153831481934
YDR379W,YDL108W,0,0.8572476,0.13496066629886627,0.857692301273346,0.5497435927391052
YHL024W,YDL056W,1,0.8559482,0.13513512909412384,0.8589743375778198,0.5497435927391052
YJR098C,YLR327C,0,0.8551389,0.1351078897714615,0.8589743375778198,0.5498718023300171
YGL229C,YIL009C-A,0,0.85470617,0.13508065044879913,0.8589743375778198,0.550000011920929
YPL091W,YOR242C,0,0.85453296,0.13505341112613678,0.8589743375778198,0.5501282215118408
YOL103W,YLR276C,0,0.85412955,0.13502620160579681,0.8589743375778198,0.5502564311027527
YOR278W,YGR124W,0,0.85384583,0.13499899208545685,0.8589743375778198,0.5503846406936646
YGL089C,YAL043C,0,0.8534678,0.13497179746627808,0.8589743375778198,0.5505128502845764
YBL024W,YGR054W,0,0.85345197,0.1349446177482605,0.8589743375778198,0.5506410002708435
YNL049C,YFR041C,0,0.85302305,0.13491743803024292,0.8589743375778198,0.5507692098617554
YOL138C,YER007W,0,0.8521669,0.13489027321338654,0.8589743375778198,0.5508974194526672
YNL146W,YNL098C,0,0.85209036,0.13486312329769135,0.8589743375778198,0.5510256290435791
YAL021C,YDL056W,1,0.8518932,0.13503722846508026,0.8602564334869385,0.5510256290435791
YOR381W,YNL098C,0,0.85172486,0.13501006364822388,0.8602564334869385,0.551153838634491
YMR287C,YNR047W,0,0.8512317,0.1349828988313675,0.8602564334869385,0.5512820482254028
YDR533C,YBR251W,0,0.85057104,0.1349557489156723,0.8602564334869385,0.5514102578163147
YDL085W,YPR070W,0,0.8505033,0.1349286139011383,0.8602564334869385,0.5515384674072266
YGR154C,YDR169C,0,0.8496754,0.1349014937877655,0.8602564334869385,0.5516666769981384
YPL177C,YHR129C,0,0.84958017,0.1348743736743927,0.8602564334869385,0.5517948865890503
YIL172C,YML012W,0,0.84942186,0.1348472684621811,0.8602564334869385,0.5519230961799622
YGL135W,YKR048C,0,0.8487519,0.13482017815113068,0.8602564334869385,0.552051305770874
YGL161C,YLR430W,0,0.8487408,0.13479308784008026,0.8602564334869385,0.5521795153617859
YML095C,YKL021C,0,0.8485997,0.13476601243019104,0.8602564334869385,0.552307665348053
YDL143W,YEL021W,0,0.8484876,0.134738951921463,0.8602564334869385,0.5524358749389648
YFR037C,YFR005C,0,0.8481686,0.13471190631389618,0.8602564334869385,0.5525640845298767
YLR450W,YGR234W,0,0.847684,0.13468486070632935,0.8602564334869385,0.5526922941207886
YDR347W,YOR070C,0,0.8476254,0.1346578299999237,0.8602564334869385,0.5528205037117004
YJR013W,YDR197W,0,0.84681606,0.13463081419467926,0.8602564334869385,0.5529487133026123
YOR116C,YMR045C,0,0.8457372,0.134603813290596,0.8602564334869385,0.5530769228935242
YJL157C,YDL184C,0,0.84570646,0.13457681238651276,0.8602564334869385,0.553205132484436
YHR116W,YMR306W,0,0.8453131,0.1345498263835907,0.8602564334869385,0.5533333420753479
YKR048C,YLR079W,0,0.84497344,0.13452285528182983,0.8602564334869385,0.5534615516662598
YDR065W,YGR086C,0,0.8445113,0.13449588418006897,0.8602564334869385,0.5535897612571716
YMR043W,YJL072C,1,0.84450555,0.13466933369636536,0.8615384697914124,0.5535897612571716
YNL086W,YLR414C,0,0.84364986,0.1346423625946045,0.8615384697914124,0.5537179708480835
YDL190C,YER120W,0,0.84297776,0.13461539149284363,0.8615384697914124,0.5538461804389954
YCR094W,YOL147C,0,0.8426688,0.13458842039108276,0.8615384697914124,0.5539743304252625
YDR265W,YGL185C,0,0.84250486,0.1345614790916443,0.8615384697914124,0.5541025400161743
YFL047W,YNL112W,0,0.8419974,0.1345345377922058,0.8615384697914124,0.5542307496070862
YDR022C,YLR343W,0,0.84196365,0.13450761139392853,0.8615384697914124,0.554358959197998
YLR414C,YML048W,0,0.8418801,0.13448068499565125,0.8615384697914124,0.5544871687889099
YAR015W,YKL059C,0,0.84177685,0.13445378839969635,0.8615384697914124,0.5546153783798218
YDR495C,YML087C,0,0.8417293,0.13442689180374146,0.8615384697914124,0.5547435879707336
YER007W,YDR313C,0,0.8415773,0.13439999520778656,0.8615384697914124,0.5548717975616455
YDR242W,YPR096C,0,0.8411763,0.13437312841415405,0.8615384697914124,0.5550000071525574
YGL206C,YBL010C,0,0.84032416,0.13434626162052155,0.8615384697914124,0.5551282167434692
YML040W,YEL064C,0,0.8400997,0.13431940972805023,0.8615384697914124,0.5552564263343811
YMR198W,YPL186C,0,0.8396261,0.1342925727367401,0.8615384697914124,0.555384635925293
YJL090C,YDR054C,1,0.8395796,0.1344655305147171,0.8628205060958862,0.555384635925293
YGL137W,YGL185C,0,0.8394923,0.1344386786222458,0.8628205060958862,0.5555128455162048
YMR289W,YOR036W,0,0.839478,0.13441182672977448,0.8628205060958862,0.5556410551071167
YBR097W,YJR060W,0,0.83928514,0.13438498973846436,0.8628205060958862,0.5557692050933838
YJL170C,YMR045C,0,0.8388518,0.13435815274715424,0.8628205060958862,0.5558974146842957
YPR166C,YDR436W,0,0.83837986,0.1343313306570053,0.8628205060958862,0.5560256242752075
YJL219W,YBR164C,0,0.83784723,0.13430452346801758,0.8628205060958862,0.5561538338661194
YFR008W,YJL156C,0,0.83717895,0.13427773118019104,0.8628205060958862,0.5562820434570312
YLR357W,YGL031C,0,0.8365632,0.1342509537935257,0.8628205060958862,0.5564102530479431
YJR158W,YML077W,0,0.83639836,0.13422417640686035,0.8628205060958862,0.556538462638855
YMR316W,YOL019W,0,0.8362851,0.1341974139213562,0.8628205060958862,0.5566666722297668
YDL051W,YOL123W,0,0.83625495,0.13417065143585205,0.8628205060958862,0.5567948818206787
YML012W,YIL138C,0,0.83622384,0.1341439038515091,0.8628205060958862,0.5569230914115906
YLR419W,YGR106C,0,0.8359616,0.13411717116832733,0.8628205060958862,0.5570513010025024
YNL311C,YDR436W,0,0.83582795,0.13409045338630676,0.8628205060958862,0.5571795105934143
YIL172C,YMR165C,0,0.8355657,0.1340637505054474,0.8628205060958862,0.5573077201843262
YDR134C,YNL101W,0,0.83514094,0.134037047624588,0.8628205060958862,0.5574358701705933
YGL137W,YNL268W,0,0.83506894,0.13401035964488983,0.8628205060958862,0.5575640797615051
YPL031C,YHR011W,0,0.8343345,0.13398367166519165,0.8628205060958862,0.557692289352417
YDR436W,YLR121C,0,0.8339076,0.13395701348781586,0.8628205060958862,0.5578204989433289
YDR121W,YAL021C,1,0.83366466,0.1341293603181839,0.8641025424003601,0.5578204989433289
YDL043C,YML115C,0,0.83322597,0.13410267233848572,0.8641025424003601,0.5579487085342407
YLR188W,YEL059C-A,0,0.8329983,0.13407598435878754,0.8641025424003601,0.5580769181251526
YCR020C,YDL008W,0,0.83280444,0.13404932618141174,0.8641025424003601,0.5582051277160645
YMR282C,YIR037W,0,0.83243585,0.13402266800403595,0.8641025424003601,0.5583333373069763
YDR248C,YLR126C,0,0.8323287,0.13399602472782135,0.8641025424003601,0.5584615468978882
YDR479C,YOR075W,0,0.83230233,0.13396939635276794,0.8641025424003601,0.5585897564888
YJL221C,YLR207W,0,0.8322561,0.13394276797771454,0.8641025424003601,0.5587179660797119
YMR281W,YEL058W,0,0.83204794,0.13391615450382233,0.8641025424003601,0.5588461756706238
YGL021W,YJL106W,0,0.8317101,0.1338895559310913,0.8641025424003601,0.5589743852615356
YDL229W,YPL085W,0,0.83116496,0.1338629573583603,0.8641025424003601,0.5591025352478027
YML116W,YER036C,0,0.831077,0.13383637368679047,0.8641025424003601,0.5592307448387146
YER112W,YMR311C,0,0.83070433,0.13380980491638184,0.8641025424003601,0.5593589544296265
YAR010C,YGR124W,0,0.8304516,0.1337832510471344,0.8641025424003601,0.5594871640205383
YBR240C,YBR286W,0,0.82994795,0.13375669717788696,0.8641025424003601,0.5596153736114502
YIL160C,YLR207W,0,0.8293985,0.13373015820980072,0.8641025424003601,0.5597435832023621
YBR012W-B,YGR279C,0,0.8293835,0.13370363414287567,0.8641025424003601,0.5598717927932739
YBR012W-B,YLR327C,0,0.8290446,0.13367711007595062,0.8641025424003601,0.5600000023841858
YJR160C,YJL080C,0,0.82903445,0.13365060091018677,0.8641025424003601,0.5601282119750977
YML094W,YNL191W,0,0.8288021,0.1336241066455841,0.8641025424003601,0.5602564215660095
YKL011C,YPR186C,0,0.82874346,0.13359762728214264,0.8641025424003601,0.5603846311569214
YDR465C,YBL061C,0,0.82830775,0.13357114791870117,0.8641025424003601,0.5605128407478333
YPL281C,YDR077W,0,0.8281617,0.1335446834564209,0.8641025424003601,0.5606410503387451
YDL056W,YDR014W,1,0.8281574,0.13371632993221283,0.8653846383094788,0.5606410503387451
YPL091W,YML074C,0,0.8278699,0.13368983566761017,0.8653846383094788,0.560769259929657
YGL135W,YOR337W,0,0.82747805,0.1336633712053299,0.8653846383094788,0.5608974099159241
YJR001W,YJL189W,0,0.82744753,0.13363690674304962,0.8653846383094788,0.5610256195068359
YJL164C,YCL050C,0,0.82696664,0.13361045718193054,0.8653846383094788,0.5611538290977478
YPL186C,YJR135W-A,0,0.8265542,0.13358400762081146,0.8653846383094788,0.5612820386886597
YGR026W,YPL174C,0,0.8265208,0.13355757296085358,0.8653846383094788,0.5614102482795715
YER140W,YNL115C,0,0.82635355,0.13353115320205688,0.8653846383094788,0.5615384578704834
YLR106C,YGR076C,0,0.8263202,0.1335047483444214,0.8653846383094788,0.5616666674613953
YDL056W,YCL061C,1,0.8262745,0.13367609679698944,0.8666666746139526,0.5616666674613953
YJL133W,YMR285C,0,0.8262706,0.13364966213703156,0.8666666746139526,0.5617948770523071
YNL166C,YOR306C,0,0.8256571,0.13362324237823486,0.8666666746139526,0.561923086643219
YHR136C,YPR042C,0,0.82524276,0.13359683752059937,0.8666666746139526,0.5620512962341309
YMR080C,YMR302C,0,0.8248911,0.13357044756412506,0.8666666746139526,0.5621795058250427
YLR373C,YDR531W,0,0.8247274,0.13354405760765076,0.8666666746139526,0.5623077154159546
YFL047W,YNL311C,0,0.8246498,0.13351768255233765,0.8666666746139526,0.5624359250068665
YHR036W,YMR150C,0,0.82419086,0.13349130749702454,0.8666666746139526,0.5625640749931335
YMR166C,YPR031W,0,0.8238261,0.1334649622440338,0.8666666746139526,0.5626922845840454
YCL055W,YKL034W,0,0.8234378,0.1334386169910431,0.8666666746139526,0.5628204941749573
YJL097W,YNL212W,0,0.82326615,0.13341227173805237,0.8666666746139526,0.5629487037658691
YGR009C,YDR483W,0,0.8231189,0.13338595628738403,0.8666666746139526,0.563076913356781
YDR077W,YLR438C-A,0,0.8208568,0.1333596408367157,0.8666666746139526,0.5632051229476929
YNL330C,YNL046W,0,0.8203759,0.13333334028720856,0.8666666746139526,0.5633333325386047
YMR016C,YNL217W,0,0.8199463,0.13330703973770142,0.8666666746139526,0.5634615421295166
YJL044C,YLR126C,0,0.8194207,0.13328075408935547,0.8666666746139526,0.5635897517204285
YHL024W,YDR069C,1,0.8189926,0.13345161080360413,0.8679487109184265,0.5635897517204285
YIR037W,YBR231C,0,0.8188329,0.13342531025409698,0.8679487109184265,0.5637179613113403
YJL143W,YKL034W,0,0.81841755,0.13339900970458984,0.8679487109184265,0.5638461709022522
YNR008W,YDR483W,0,0.8182894,0.1333727389574051,0.8679487109184265,0.5639743804931641
YJR065C,YCL066W,0,0.81823397,0.13334646821022034,0.8679487109184265,0.5641025900840759
YDR228C,YBR035C,0,0.8180665,0.13332019746303558,0.8679487109184265,0.564230740070343
YBR048W,YMR071C,0,0.8180077,0.13329395651817322,0.8679487109184265,0.5643589496612549
YOL031C,YDR326C,0,0.81755733,0.13326771557331085,0.8679487109184265,0.5644871592521667
YMR297W,YLR096W,0,0.81738997,0.13324148952960968,0.8679487109184265,0.5646153688430786
YKL024C,YFR007W,0,0.81699646,0.1332152634859085,0.8679487109184265,0.5647435784339905
YLR238W,YJR075W,0,0.8169074,0.13318906724452972,0.8679487109184265,0.5648717880249023
YHR025W,YOR326W,0,0.8168596,0.13316287100315094,0.8679487109184265,0.5649999976158142
YNL001W,YDL109C,0,0.81612,0.13313667476177216,0.8679487109184265,0.5651282072067261
YGL191W,YCR092C,0,0.8160044,0.13311049342155457,0.8679487109184265,0.5652564167976379
YBR123C,YCR053W,0,0.8154578,0.13308432698249817,0.8679487109184265,0.5653846263885498
YMR006C,YER106W,0,0.8153155,0.13305817544460297,0.8679487109184265,0.5655128359794617
YJL219W,YMR314W,0,0.8153107,0.13303202390670776,0.8679487109184265,0.5656410455703735
YBR175W,YBR009C,0,0.8138058,0.13300588726997375,0.8679487109184265,0.5657692551612854
YGL205W,YGR037C,0,0.813426,0.13297976553440094,0.8679487109184265,0.5658974647521973
YBR159W,YGL084C,0,0.81313896,0.13295365869998932,0.8679487109184265,0.5660256147384644
YGL009C,YDR421W,0,0.81245005,0.1329275518655777,0.8679487109184265,0.5661538243293762
YFR037C,YHR052W,0,0.81218755,0.13290145993232727,0.8679487109184265,0.5662820339202881
YDR056C,YDR120C,0,0.81177235,0.13287536799907684,0.8679487109184265,0.5664102435112
YDR424C,YLR032W,0,0.8116785,0.1328492909669876,0.8679487109184265,0.5665384531021118
YHR143W,YFL039C,0,0.81109715,0.13282322883605957,0.8679487109184265,0.5666666626930237
YER114C,YDR130C,0,0.8106271,0.13279718160629272,0.8679487109184265,0.5667948722839355
YER126C,YGR001C,0,0.810446,0.13277113437652588,0.8679487109184265,0.5669230818748474
YOR043W,YIL115C,0,0.81009805,0.13274510204792023,0.8679487109184265,0.5670512914657593
YOR116C,YPR016C,0,0.80990887,0.13271906971931458,0.8679487109184265,0.5671795010566711
YML040W,YDR177W,0,0.8097552,0.1326930671930313,0.8679487109184265,0.567307710647583
YHL036W,YDR362C,0,0.8094448,0.13266706466674805,0.8679487109184265,0.5674359202384949
YNR061C,YJL189W,0,0.8090708,0.13264106214046478,0.8679487109184265,0.5675641298294067
YDR358W,YOR174W,0,0.8089969,0.1326150894165039,0.8679487109184265,0.5676922798156738
YNL061W,YER012W,0,0.80828285,0.13258911669254303,0.8679487109184265,0.5678204894065857
YPR102C,YPR122W,0,0.80820227,0.13256314396858215,0.8679487109184265,0.5679486989974976
YDR315C,YLR120C,0,0.80785775,0.13253720104694366,0.8679487109184265,0.5680769085884094
YNL292W,YPR021C,0,0.80768585,0.13251125812530518,0.8679487109184265,0.5682051181793213
YML015C,YCR040W,0,0.8074533,0.13248533010482788,0.8679487109184265,0.5683333277702332
YLR312C-B,YDL164C,1,0.8071526,0.1326550543308258,0.8692307472229004,0.5683333277702332
YGR272C,YJL121C,0,0.8070617,0.13262911140918732,0.8692307472229004,0.568461537361145
YML104C,YDR387C,0,0.8070502,0.13260316848754883,0.8692307472229004,0.5685897469520569
YDL136W,YHR086W,0,0.8068453,0.13257724046707153,0.8692307472229004,0.5687179565429688
YML037C,YAL035W,0,0.8061143,0.13255131244659424,0.8692307472229004,0.5688461661338806
YHR039C-B,YNL268W,0,0.80525637,0.13252541422843933,0.8692307472229004,0.5689743757247925
YGR008C,YOR244W,0,0.80479074,0.13249951601028442,0.8692307472229004,0.5691025853157043
YJR158W,YOL103W,0,0.8046335,0.13247361779212952,0.8692307472229004,0.5692307949066162
YLR439W,YDR510W,0,0.8044262,0.132447749376297,0.8692307472229004,0.5693589448928833
YCR096C,YDR139C,0,0.8040464,0.13242188096046448,0.8692307472229004,0.5694871544837952
YBR198C,YNR016C,0,0.8040352,0.13239601254463196,0.8692307472229004,0.569615364074707
YLR204W,YLR192C,0,0.80363524,0.13237017393112183,0.8692307472229004,0.5697435736656189
YBL106C,YHR092C,0,0.8031533,0.1323443353176117,0.8692307472229004,0.5698717832565308
YML113W,YJL190C,0,0.8028009,0.13231849670410156,0.8692307472229004,0.5699999928474426
YGR058W,YJL080C,0,0.8024926,0.13229268789291382,0.8692307472229004,0.5701282024383545
YLR207W,YPR031W,0,0.80221367,0.13226687908172607,0.8692307472229004,0.5702564120292664
YDR347W,YDR128W,0,0.8015404,0.13224107027053833,0.8692307472229004,0.5703846216201782
YEL059C-A,YDR507C,0,0.800462,0.13221529126167297,0.8692307472229004,0.5705128312110901
YLR283W,YPL019C,0,0.79997826,0.13218951225280762,0.8692307472229004,0.570641040802002
YER070W,YPR019W,1,0.7984787,0.13235867023468018,0.870512843132019,0.570641040802002
YCL075W,YPR184W,0,0.79820025,0.13233287632465363,0.870512843132019,0.5707692503929138
YLR439W,YER051W,0,0.79799175,0.13230709731578827,0.870512843132019,0.5708974599838257
YJR094W-A,YMR163C,0,0.79789305,0.1322813183069229,0.870512843132019,0.5710256695747375
YBR159W,YEL058W,0,0.79662156,0.13225555419921875,0.870512843132019,0.5711538195610046
YJR139C,YBR082C,0,0.7964058,0.1322297900915146,0.870512843132019,0.5712820291519165
YGL168W,YJR068W,1,0.7962352,0.13239875435829163,0.8717948794364929,0.5712820291519165
YOR075W,YDR298C,0,0.7958901,0.13237297534942627,0.8717948794364929,0.5714102387428284
YCR072C,YNL129W,0,0.79574347,0.1323472112417221,0.8717948794364929,0.5715384483337402
YLR126C,YGR262C,0,0.79536533,0.13232146203517914,0.8717948794364929,0.5716666579246521
YPL159C,YIR009W,0,0.7946209,0.13229571282863617,0.8717948794364929,0.571794867515564
YGR054W,YDR103W,0,0.7941513,0.1322699934244156,0.8717948794364929,0.5719230771064758
YML060W,YGL039W,0,0.79358315,0.1322442591190338,0.8717948794364929,0.5720512866973877
YGR241C,YLR099C,0,0.7924384,0.13221855461597443,0.8717948794364929,0.5721794962882996
YLL009C,YOR151C,0,0.79240024,0.13219285011291504,0.8717948794364929,0.5723077058792114
YHR089C,YDL080C,0,0.7923943,0.13216714560985565,0.8717948794364929,0.5724359154701233
YMR257C,YGR086C,0,0.79223824,0.13214147090911865,0.8717948794364929,0.5725641250610352
YBL030C,YHR081W,0,0.7921386,0.13211579620838165,0.8717948794364929,0.572692334651947
YOR037W,YDL019C,0,0.7920916,0.13209013640880585,0.8717948794364929,0.5728204846382141
YJL065C,YKL116C,0,0.79098916,0.13206447660923004,0.8717948794364929,0.572948694229126
YGL136C,YER048W-A,0,0.7909746,0.13203883171081543,0.8717948794364929,0.5730769038200378
YDR247W,YLR120C,0,0.79075,0.132013201713562,0.8717948794364929,0.5732051134109497
YHR116W,YMR256C,0,0.79039526,0.1319875717163086,0.8717948794364929,0.5733333230018616
YEL013W,YPL085W,0,0.7887387,0.13196195662021637,0.8717948794364929,0.5734615325927734
YLR373C,YOR224C,0,0.7887162,0.13193635642528534,0.8717948794364929,0.5735897421836853
YKL135C,YDR134C,0,0.7886441,0.1319107711315155,0.8717948794364929,0.5737179517745972
YJR010C-A,YPL258C,0,0.7884288,0.13188518583774567,0.8717948794364929,0.573846161365509
YAL062W,YHR129C,0,0.7883141,0.13185961544513702,0.8717948794364929,0.5739743709564209
YBR198C,YDR297W,0,0.7879888,0.13183404505252838,0.8717948794364929,0.5741025805473328
YJR110W,YGR220C,0,0.7876514,0.13180848956108093,0.8717948794364929,0.5742307901382446
YCR029C-A,YOL100W,0,0.78738713,0.13178294897079468,0.8717948794364929,0.5743589997291565
YJL046W,YAL025C,0,0.7873087,0.13175740838050842,0.8717948794364929,0.5744871497154236
YPL174C,YOR092W,0,0.7872336,0.13173188269138336,0.8717948794364929,0.5746153593063354
YPR098C,YPL090C,0,0.7871535,0.1317063719034195,0.8717948794364929,0.5747435688972473
YPL028W,YOR322C,0,0.78708184,0.13168086111545563,0.8717948794364929,0.5748717784881592
YIL027C,YNL046W,0,0.78699327,0.13165538012981415,0.8717948794364929,0.574999988079071
YDR347W,YJR001W,0,0.7868298,0.13162988424301147,0.8717948794364929,0.5751281976699829
YGR154C,YOR014W,0,0.78648984,0.1316044181585312,0.8717948794364929,0.5752564072608948
YML091C,YGR071C,0,0.7851293,0.1315789520740509,0.8717948794364929,0.5753846168518066
YDR299W,YJL052W,0,0.784631,0.13155348598957062,0.8717948794364929,0.5755128264427185
YDR358W,YDR322W,0,0.7846134,0.13152804970741272,0.8717948794364929,0.5756410360336304
YPL186C,YAL058W,0,0.7838237,0.13150261342525482,0.8717948794364929,0.5757692456245422
YKL088W,YGL040C,0,0.78349996,0.13147719204425812,0.8717948794364929,0.5758974552154541
YBR175W,YDL180W,0,0.7808641,0.1314517706632614,0.8717948794364929,0.576025664806366
YKL059C,YPR028W,0,0.7808142,0.1314263641834259,0.8717948794364929,0.5761538743972778
YBR082C,YGL227W,0,0.7801478,0.1314009726047516,0.8717948794364929,0.5762820243835449
YGL128C,YDL146W,0,0.77975607,0.13137558102607727,0.8717948794364929,0.5764102339744568
YER056C-A,YOR076C,0,0.77954865,0.13135020434856415,0.8717948794364929,0.5765384435653687
YDL166C,YLL038C,0,0.7794993,0.13132484257221222,0.8717948794364929,0.5766666531562805
YDR387C,YPL155C,0,0.7791531,0.1312994807958603,0.8717948794364929,0.5767948627471924
YJR104C,YHL008C,0,0.77902496,0.13127413392066956,0.8717948794364929,0.5769230723381042
YOL139C,YGR184C,0,0.7788136,0.13124878704547882,0.8717948794364929,0.5770512819290161
YJL046W,YER007W,0,0.7781501,0.13122346997261047,0.8717948794364929,0.577179491519928
YCR098C,YML037C,0,0.7779391,0.13119815289974213,0.8717948794364929,0.5773077011108398
YOR396W,YPR031W,0,0.7765765,0.13117283582687378,0.8717948794364929,0.5774359107017517
YJR060W,YLR207W,0,0.77559435,0.13114753365516663,0.8717948794364929,0.5775641202926636
YLR396C,YMR122W-A,0,0.7743157,0.13112224638462067,0.8717948794364929,0.5776923298835754
YLR450W,YOL109W,0,0.7741859,0.1310969740152359,0.8717948794364929,0.5778205394744873
YLR439W,YJR029W,0,0.7739265,0.13107170164585114,0.8717948794364929,0.5779486894607544
YNL159C,YML005W,0,0.77376413,0.13104644417762756,0.8717948794364929,0.5780768990516663
YIL090W,YDR093W,0,0.7736566,0.13102120161056519,0.8717948794364929,0.5782051086425781
YHL047C,YOR242C,0,0.77325094,0.1309959590435028,0.8717948794364929,0.57833331823349
YAR015W,YNL136W,0,0.77290463,0.13097073137760162,0.8717948794364929,0.5784615278244019
YOR265W,YPR070W,0,0.7728486,0.13094550371170044,0.8717948794364929,0.5785897374153137
YOR278W,YOL125W,0,0.77279055,0.13092029094696045,0.8717948794364929,0.5787179470062256
YMR043W,YNL218W,1,0.77267146,0.13108758628368378,0.8730769157409668,0.5787179470062256
YLR212C,YFR006W,0,0.7726072,0.1310623586177826,0.8730769157409668,0.5788461565971375
YOR151C,YNL119W,0,0.77251196,0.1310371309518814,0.8730769157409668,0.5789743661880493
YKR058W,YGL227W,0,0.77197266,0.1310119330883026,0.8730769157409668,0.5791025757789612
YHR021C,YDL109C,0,0.7711072,0.13098673522472382,0.8730769157409668,0.579230785369873
YJR065C,YGR218W,0,0.7706319,0.13096153736114502,0.8730769157409668,0.5793589949607849
YKL100C,YPL091W,0,0.7698889,0.13093635439872742,0.8730769157409668,0.5794872045516968
YER087C-A,YAL043C,0,0.769362,0.130911186337471,0.8730769157409668,0.5796154141426086
YLR188W,YKR104W,0,0.7685914,0.1308860331773758,0.8730769157409668,0.5797435641288757
YGL128C,YDR380W,0,0.76789296,0.13086088001728058,0.8730769157409668,0.5798717737197876
YLR040C,YHR160C,0,0.7674525,0.13083574175834656,0.8730769157409668,0.5799999833106995
YJR075W,YLR438C-A,0,0.7674025,0.13081060349941254,0.8730769157409668,0.5801281929016113
YPR122W,YHR010W,0,0.7671349,0.1307854801416397,0.8730769157409668,0.5802564024925232
YJL165C,YDL138W,0,0.76688457,0.13076037168502808,0.8730769157409668,0.5803846120834351
YAL053W,YHR181W,0,0.76677513,0.13073526322841644,0.8730769157409668,0.5805128216743469
YHL044W,YNR040W,0,0.76664305,0.130710169672966,0.8730769157409668,0.5806410312652588
YLR364W,YNL101W,0,0.76622605,0.13068509101867676,0.8730769157409668,0.5807692408561707
YDR418W,YBL010C,0,0.7648165,0.1306600123643875,0.8730769157409668,0.5808974504470825
YNL158W,YBR283C,0,0.7646854,0.13063494861125946,0.8730769157409668,0.5810256600379944
YMR012W,YJL189W,0,0.764205,0.1306098997592926,0.8730769157409668,0.5811538696289062
YDL166C,YLR207W,0,0.7636634,0.13058485090732574,0.8730769157409668,0.5812820792198181
YKR038C,YMR022W,0,0.76127803,0.13055981695652008,0.8730769157409668,0.5814102292060852
YOL064C,YDR118W,0,0.76084995,0.13053478300571442,0.8730769157409668,0.5815384387969971
YKL011C,YNL213C,0,0.7607323,0.13050977885723114,0.8730769157409668,0.5816666483879089
YPR063C,YGR101W,0,0.76043963,0.13048475980758667,0.8730769157409668,0.5817948579788208
YLL013C,YNR040W,0,0.7602434,0.1304597705602646,0.8730769157409668,0.5819230675697327
YPR028W,YCL027W,0,0.7598331,0.1304347813129425,0.8730769157409668,0.5820512771606445
YCR020C,YOL103W,0,0.7597761,0.13040980696678162,0.8730769157409668,0.5821794867515564
YDR481C,YPL019C,0,0.7595649,0.13038483262062073,0.8730769157409668,0.5823076963424683
YGL120C,YPL281C,0,0.75941217,0.13035987317562103,0.8730769157409668,0.5824359059333801
YJL156C,YEL021W,0,0.758855,0.13033492863178253,0.8730769157409668,0.582564115524292
YKL183W,YDL082W,0,0.7584789,0.13030998408794403,0.8730769157409668,0.5826923251152039
YGL136C,YDR436W,0,0.75835156,0.13028505444526672,0.8730769157409668,0.5828205347061157
YOR290C,YMR017W,0,0.7577832,0.1302601397037506,0.8730769157409668,0.5829487442970276
YBR058C,YLR414C,0,0.75761414,0.1302352249622345,0.8730769157409668,0.5830768942832947
YHR160C,YCL031C,0,0.75750303,0.13021032512187958,0.8730769157409668,0.5832051038742065
YNL331C,YMR163C,0,0.75709283,0.13018544018268585,0.8730769157409668,0.5833333134651184
YLR312C-B,YDR501W,1,0.755852,0.13035167753696442,0.8743589520454407,0.5833333134651184
YBR267W,YDL099W,0,0.7546997,0.1303267776966095,0.8743589520454407,0.5834615230560303
YPL144W,YJL065C,0,0.7544886,0.13030187785625458,0.8743589520454407,0.5835897326469421
YIL115C,YLR121C,0,0.75445616,0.13027697801589966,0.8743589520454407,0.583717942237854
YLR086W,YGR001C,0,0.75409985,0.13025210797786713,0.8743589520454407,0.5838461518287659
YHR160C,YER082C,0,0.75393236,0.1302272230386734,0.8743589520454407,0.5839743614196777
YDR134C,YBR289W,0,0.75272226,0.13020236790180206,0.8743589520454407,0.5841025710105896
YGL213C,YGR158C,0,0.7526603,0.13017751276493073,0.8743589520454407,0.5842307806015015
YPR073C,YOL056W,0,0.7521864,0.13015267252922058,0.8743589520454407,0.5843589901924133
YGL089C,YDR012W,0,0.75214624,0.13012783229351044,0.8743589520454407,0.5844871997833252
YML124C,YGR154C,0,0.7517021,0.1301030069589615,0.8743589520454407,0.5846154093742371
YIL150C,YOR217W,1,0.7514367,0.13026893138885498,0.8756410479545593,0.5846154093742371
YCR004C,YBL055C,0,0.7511505,0.13024409115314484,0.8756410479545593,0.5847436189651489
YBR122C,YBR185C,0,0.74987674,0.1302192509174347,0.8756410479545593,0.584871768951416
YER131W,YPR032W,0,0.74956346,0.13019444048404694,0.8756410479545593,0.5849999785423279
YER088C,YER012W,0,0.7493632,0.13016961514949799,0.8756410479545593,0.5851281881332397
YDR121W,YOR346W,1,0.7489346,0.13033536076545715,0.8769230842590332,0.5851281881332397
YIL027C,YPR122W,0,0.74817026,0.1303105354309082,0.8769230842590332,0.5852563977241516
YPL095C,YGR014W,0,0.7480973,0.13028571009635925,0.8769230842590332,0.5853846073150635
YLR312C-B,YBL023C,1,0.74777913,0.13045133650302887,0.8782051205635071,0.5853846073150635
YNL330C,YPL204W,0,0.74735796,0.13042651116847992,0.8782051205635071,0.5855128169059753
YGR263C,YOR322C,0,0.747169,0.13040167093276978,0.8782051205635071,0.5856410264968872
YJR015W,YDR086C,0,0.74700034,0.13037686049938202,0.8782051205635071,0.5857692360877991
YBL078C,YOR396W,0,0.74692535,0.13035205006599426,0.8782051205635071,0.5858974456787109
YHR046C,YOR228C,0,0.7468512,0.1303272396326065,0.8782051205635071,0.5860256552696228
YJR098C,YDL141W,0,0.74678326,0.13030245900154114,0.8782051205635071,0.5861538648605347
YJL221C,YER147C,0,0.7465509,0.13027767837047577,0.8782051205635071,0.5862820744514465
YOR037W,YIR017C,0,0.7463219,0.1302528977394104,0.8782051205635071,0.5864102840423584
YDR033W,YBR176W,0,0.7457763,0.13022813200950623,0.8782051205635071,0.5865384340286255
YFL036W,YMR045C,0,0.74563277,0.13020338118076324,0.8782051205635071,0.5866666436195374
YDR320C-A,YOR391C,0,0.7452904,0.13017864525318146,0.8782051205635071,0.5867948532104492
YGR295C,YBL082C,0,0.74476993,0.13015390932559967,0.8782051205635071,0.5869230628013611
YDR532C,YHR064C,0,0.74441576,0.13012917339801788,0.8782051205635071,0.587051272392273
YLR439W,YDL006W,0,0.74412596,0.13010446727275848,0.8782051205635071,0.5871794819831848
YDL101C,YDR121W,1,0.74377143,0.13026966154575348,0.879487156867981,0.5871794819831848
YPR063C,YJL008C,0,0.7428937,0.1302449256181717,0.879487156867981,0.5873076915740967
YBL030C,YJL109C,0,0.7426169,0.1302202045917511,0.879487156867981,0.5874359011650085
YAR044W,YOR014W,0,0.7405684,0.1301954835653305,0.879487156867981,0.5875641107559204
YOR047C,YDR117C,0,0.74050343,0.1301707774400711,0.879487156867981,0.5876923203468323
YJL033W,YDR096W,0,0.74025905,0.1301460862159729,0.879487156867981,0.5878205299377441
YPL022W,YOL072W,0,0.73996484,0.1301213949918747,0.879487156867981,0.587948739528656
YDL006W,YML042W,0,0.73915386,0.13009671866893768,0.879487156867981,0.5880769491195679
YMR298W,YOR373W,0,0.73882186,0.13007205724716187,0.879487156867981,0.588205099105835
YMR100W,YBR283C,0,0.7383338,0.13004739582538605,0.879487156867981,0.5883333086967468
YDR121W,YOR217W,1,0.73667884,0.13021227717399597,0.8807692527770996,0.5883333086967468
YJR110W,YBR041W,0,0.7366723,0.13018760085105896,0.8807692527770996,0.5884615182876587
YLL062C,YDR118W,0,0.73652804,0.13016293942928314,0.8807692527770996,0.5885897278785706
YDR032C,YPL202C,0,0.7362908,0.13013827800750732,0.8807692527770996,0.5887179374694824
YLL062C,YDR523C,0,0.7353749,0.1301136314868927,0.8807692527770996,0.5888461470603943
YIL172C,YGL211W,0,0.73450494,0.13008899986743927,0.8807692527770996,0.5889743566513062
YJR013W,YDR533C,0,0.7343377,0.13006436824798584,0.8807692527770996,0.589102566242218
YDR038C,YEL058W,0,0.7341428,0.1300397515296936,0.8807692527770996,0.5892307758331299
YMR171C,YGL039W,0,0.73408544,0.13001513481140137,0.8807692527770996,0.5893589854240417
YBR205W,YNL339C,0,0.7336128,0.12999053299427032,0.8807692527770996,0.5894871950149536
YLR467W,YOR044W,0,0.73360467,0.12996594607830048,0.8807692527770996,0.5896154046058655
YEL059C-A,YIL039W,0,0.7328228,0.12994135916233063,0.8807692527770996,0.5897436141967773
YJR158W,YOR221C,0,0.73270667,0.12991678714752197,0.8807692527770996,0.5898718237876892
YOR057W,YDL180W,0,0.7324493,0.1298922300338745,0.8807692527770996,0.5899999737739563
YPL195W,YOL005C,0,0.7323488,0.12986767292022705,0.8807692527770996,0.5901281833648682
YHR076W,YLR418C,0,0.7321532,0.12984313070774078,0.8807692527770996,0.59025639295578
YBR041W,YPL281C,0,0.73210645,0.12981858849525452,0.8807692527770996,0.5903846025466919
YHR143W,YER140W,0,0.73208237,0.12979406118392944,0.8807692527770996,0.5905128121376038
YER089C,YER112W,0,0.73174655,0.12976954877376556,0.8807692527770996,0.5906410217285156
YBL106C,YIL138C,0,0.7314713,0.12974503636360168,0.8807692527770996,0.5907692313194275
YDR238C,YDR169C,0,0.7306371,0.129720538854599,0.8807692527770996,0.5908974409103394
YOR175C,YOR373W,0,0.73010397,0.1296960562467575,0.8807692527770996,0.5910256505012512
YAR019C,YDR524C,0,0.7300463,0.12967157363891602,0.8807692527770996,0.5911538600921631
YOR374W,YPL204W,0,0.72987676,0.12964710593223572,0.8807692527770996,0.591282069683075
YBR158W,YDL144C,0,0.72974956,0.12962263822555542,0.8807692527770996,0.5914102792739868
YIL004C,YLL011W,0,0.7292346,0.12959818542003632,0.8807692527770996,0.5915384888648987
YDR531W,YJR060W,0,0.7287015,0.1295737475156784,0.8807692527770996,0.5916666388511658
YHL047C,YKL116C,0,0.7285588,0.1295493096113205,0.8807692527770996,0.5917948484420776
YGL232W,YMR026C,0,0.72849894,0.12952488660812378,0.8807692527770996,0.5919230580329895
YDR481C,YOR270C,0,0.72807026,0.12950047850608826,0.8807692527770996,0.5920512676239014
YOR167C,YNR011C,0,0.72791994,0.12947607040405273,0.8807692527770996,0.5921794772148132
YDL190C,YOR150W,0,0.7276726,0.1294516623020172,0.8807692527770996,0.5923076868057251
YCL055W,YML125C,0,0.72710943,0.12942728400230408,0.8807692527770996,0.592435896396637
YDL056W,YBR160W,1,0.72669053,0.12959125638008118,0.8820512890815735,0.592435896396637
YKR062W,YLR357W,0,0.7263042,0.12956684827804565,0.8820512890815735,0.5925641059875488
YGL135W,YER113C,0,0.7260722,0.12954245507717133,0.8820512890815735,0.5926923155784607
YHR052W,YKL021C,0,0.72597325,0.1295180767774582,0.8820512890815735,0.5928205251693726
YIL111W,YDR368W,0,0.72577226,0.12949369847774506,0.8820512890815735,0.5929487347602844
YEL065W,YGL155W,0,0.72560215,0.12946932017803192,0.8820512890815735,0.5930769443511963
YCR020C,YER099C,0,0.72504497,0.12944497168064117,0.8820512890815735,0.5932051539421082
YLR086W,YML043C,0,0.7243457,0.12942062318325043,0.8820512890815735,0.5933333039283752
YMR080C,YMR130W,0,0.72392595,0.12939627468585968,0.8820512890815735,0.5934615135192871
YDR358W,YNL015W,0,0.72381806,0.12937194108963013,0.8820512890815735,0.593589723110199
YCR040W,YEL050C,0,0.7234373,0.12934762239456177,0.8820512890815735,0.5937179327011108
YGR263C,YGR026W,0,0.7226391,0.1293233036994934,0.8820512890815735,0.5938461422920227
YLR032W,YDL082W,0,0.72136915,0.12929899990558624,0.8820512890815735,0.5939743518829346
YGL210W,YAL043C,0,0.7212286,0.12927471101284027,0.8820512890815735,0.5941025614738464
YBR024W,YPR098C,0,0.7210156,0.1292504221200943,0.8820512890815735,0.5942307710647583
YER029C,YCR004C,0,0.7207271,0.12922614812850952,0.8820512890815735,0.5943589806556702
YHR081W,YOR270C,0,0.7207062,0.12920187413692474,0.8820512890815735,0.594487190246582
YEL002C,YHR010W,0,0.7200502,0.12917761504650116,0.8820512890815735,0.5946153998374939
YFL047W,YHR143W,0,0.7197479,0.12915337085723877,0.8820512890815735,0.5947436094284058
YBR041W,YFR003C,0,0.7183658,0.12912912666797638,0.8820512890815735,0.5948718190193176
YMR247C,YKR014C,0,0.71763015,0.12910489737987518,0.8820512890815735,0.5950000286102295
YPL148C,YKL059C,0,0.7174895,0.129080668091774,0.8820512890815735,0.5951281785964966
YAL021C,YBL023C,1,0.71621394,0.12924404442310333,0.8833333253860474,0.5951281785964966
YBR159W,YML074C,0,0.7159184,0.12921980023384094,0.8833333253860474,0.5952563881874084
YOR124C,YOL007C,0,0.7157674,0.12919557094573975,0.8833333253860474,0.5953845977783203
YNL310C,YDL112W,0,0.7153456,0.12917135655879974,0.8833333253860474,0.5955128073692322
YCR096C,YGL253W,0,0.715181,0.12914714217185974,0.8833333253860474,0.595641016960144
YKL034W,YIR015W,0,0.71437097,0.12912294268608093,0.8833333253860474,0.5957692265510559
YGR058W,YFL039C,0,0.71433187,0.12909874320030212,0.8833333253860474,0.5958974361419678
YMR070W,YMR122W-A,0,0.71416044,0.1290745586156845,0.8833333253860474,0.5960256457328796
YDL043C,YJR126C,0,0.7140746,0.1290503889322281,0.8833333253860474,0.5961538553237915
YDL075W,YBL082C,0,0.7138519,0.12902621924877167,0.8833333253860474,0.5962820649147034
YHR184W,YDL095W,0,0.7128328,0.12900206446647644,0.8833333253860474,0.5964102745056152
YDR158W,YGR001C,0,0.71261346,0.1289779096841812,0.8833333253860474,0.5965384840965271
YDR387C,YPL026C,0,0.71251774,0.12895376980304718,0.8833333253860474,0.596666693687439
YOR143C,YGL123W,0,0.71138203,0.12892964482307434,0.8833333253860474,0.596794843673706
YKL140W,YOR127W,0,0.711336,0.1289055198431015,0.8833333253860474,0.5969230532646179
YIR014W,YJR029W,0,0.71044874,0.12888140976428986,0.8833333253860474,0.5970512628555298
YIL093C,YOR265W,0,0.7095523,0.1288572996854782,0.8833333253860474,0.5971794724464417
YMR166C,YDL019C,0,0.70947313,0.12883320450782776,0.8833333253860474,0.5973076820373535
YIL009C-A,YPR028W,0,0.7094569,0.1288091242313385,0.8833333253860474,0.5974358916282654
YBR122C,YDR116C,0,0.70879126,0.12878504395484924,0.8833333253860474,0.5975641012191772
YIL172C,YDR288W,0,0.7083503,0.12876097857952118,0.8833333253860474,0.5976923108100891
YPR063C,YNL310C,0,0.7076125,0.1287369281053543,0.8833333253860474,0.597820520401001
YER070W,YAR007C,1,0.7075379,0.1288996785879135,0.8846153616905212,0.597820520401001
YOR369C,YNL244C,0,0.707464,0.12887561321258545,0.8846153616905212,0.5979487299919128
YBR123C,YJR155W,0,0.70694387,0.12885154783725739,0.8846153616905212,0.5980769395828247
YER089C,YKR050W,0,0.7065066,0.12882748246192932,0.8846153616905212,0.5982051491737366
YDR158W,YBR058C-A,0,0.7061095,0.12880343198776245,0.8846153616905212,0.5983333587646484
YGL161C,YBR058C,0,0.7060158,0.12877939641475677,0.8846153616905212,0.5984615087509155
YLR385C,YKR059W,0,0.705822,0.1287553608417511,0.8846153616905212,0.5985897183418274
YOR039W,YHR044C,0,0.70535827,0.12873134016990662,0.8846153616905212,0.5987179279327393
YGR241C,YDR420W,0,0.70521796,0.12870733439922333,0.8846153616905212,0.5988461375236511
YDR448W,YNR001C,0,0.70375943,0.12868332862854004,0.8846153616905212,0.598974347114563
YOL157C,YGR135W,0,0.7036129,0.12865933775901794,0.8846153616905212,0.5991025567054749
YEL054C,YPL172C,0,0.7031112,0.12863534688949585,0.8846153616905212,0.5992307662963867
YJL129C,YMR150C,0,0.7024411,0.12861137092113495,0.8846153616905212,0.5993589758872986
YMR042W,YDR447C,0,0.7018163,0.12858739495277405,0.8846153616905212,0.5994871854782104
YBR267W,YNR041C,0,0.7016493,0.12856344878673553,0.8846153616905212,0.5996153950691223
YDR038C,YJL108C,0,0.7015097,0.12853948771953583,0.8846153616905212,0.5997436046600342
YDL067C,YMR312W,0,0.7010274,0.1285155564546585,0.8846153616905212,0.599871814250946
YMR264W,YCR075C,0,0.7009814,0.1284916251897812,0.8846153616905212,0.6000000238418579
YNR020C,YLR099C,0,0.7005305,0.12846769392490387,0.8846153616905212,0.6001282334327698
YDR238C,YDR368W,0,0.6993973,0.12844377756118774,0.8846153616905212,0.6002563834190369
YDL138W,YIL138C,0,0.6986649,0.1284198760986328,0.8846153616905212,0.6003845930099487
YGL147C,YLR337W,0,0.69857144,0.12839597463607788,0.8846153616905212,0.6005128026008606
YKL088W,YGR234W,0,0.696656,0.12837208807468414,0.8846153616905212,0.6006410121917725
YML018C,YDR342C,0,0.6959429,0.1283482164144516,0.8846153616905212,0.6007692217826843
YBR050C,YER131W,0,0.6957302,0.12832434475421906,0.8846153616905212,0.6008974313735962
YMR314W,YOR069W,0,0.69569194,0.1283004879951477,0.8846153616905212,0.6010256409645081
YDR052C,YBL023C,1,0.6954764,0.1284625381231308,0.8858974575996399,0.6010256409645081
YDR299W,YMR128W,0,0.6946018,0.12843866646289825,0.8858974575996399,0.6011538505554199
YAL044C,YCR010C,0,0.69459903,0.1284147948026657,0.8858974575996399,0.6012820601463318
YLR212C,YPL160W,0,0.69381297,0.12839093804359436,0.8858974575996399,0.6014102697372437
YNL218W,YGL168W,1,0.69358957,0.1285528540611267,0.8871794939041138,0.6014102697372437
YFL047W,YBR214W,0,0.6935687,0.12852896749973297,0.8871794939041138,0.6015384793281555
YKL021C,YDR483W,0,0.6932483,0.12850511074066162,0.8871794939041138,0.6016666889190674
YJR016C,YGR124W,0,0.6926569,0.12848125398159027,0.8871794939041138,0.6017948985099792
YDR532C,YIL111W,0,0.6920172,0.12845739722251892,0.8871794939041138,0.6019230484962463
YNL166C,YLR099C,0,0.69125855,0.12843355536460876,0.8871794939041138,0.6020512580871582
YML034W,YNR016C,0,0.69076157,0.1284097284078598,0.8871794939041138,0.6021794676780701
YLR097C,YOR386W,0,0.69034934,0.12838590145111084,0.8871794939041138,0.6023076772689819
YEL061C,YNL091W,0,0.68976796,0.12836208939552307,0.8871794939041138,0.6024358868598938
YLL050C,YML087C,0,0.6897197,0.1283382773399353,0.8871794939041138,0.6025640964508057
YNR040W,YOL149W,0,0.6895907,0.12831448018550873,0.8871794939041138,0.6026923060417175
YPL089C,YKL198C,0,0.68948674,0.12829069793224335,0.8871794939041138,0.6028205156326294
YDR531W,YMR150C,0,0.6893313,0.12826691567897797,0.8871794939041138,0.6029487252235413
YOR151C,YIR017C,0,0.68831384,0.12824314832687378,0.8871794939041138,0.6030769348144531
YDR465C,YBR289W,0,0.68742836,0.1282193809747696,0.8871794939041138,0.603205144405365
YER048W-A,YOR233W,0,0.6871524,0.1281956285238266,0.8871794939041138,0.6033333539962769
YER082C,YOR270C,0,0.68713975,0.1281718909740448,0.8871794939041138,0.6034615635871887
YPR049C,YJL129C,0,0.6865028,0.128148153424263,0.8871794939041138,0.6035897731781006
YDL101C,YLR154C,1,0.6851156,0.12830957770347595,0.8884615302085876,0.6035897731781006
YDL130W,YGR286C,0,0.6847769,0.12828582525253296,0.8884615302085876,0.6037179231643677
YHR021C,YMR264W,0,0.68476534,0.12826207280158997,0.8884615302085876,0.6038461327552795
YGR002C,YKL056C,0,0.68471193,0.12823833525180817,0.8884615302085876,0.6039743423461914
YML124C,YCL050C,0,0.68466973,0.12821461260318756,0.8884615302085876,0.6041025519371033
YFR041C,YDR065W,0,0.68422604,0.12819090485572815,0.8884615302085876,0.6042307615280151
YGL229C,YKL056C,0,0.6828983,0.12816719710826874,0.8884615302085876,0.604358971118927
YNL213C,YDR115W,0,0.6824231,0.12814348936080933,0.8884615302085876,0.6044871807098389
YDR265W,YML037C,0,0.6822368,0.1281197965145111,0.8884615302085876,0.6046153903007507
YLR370C,YJL025W,0,0.68171895,0.12809611856937408,0.8884615302085876,0.6047435998916626
YIL051C,YPR028W,0,0.6816138,0.12807244062423706,0.8884615302085876,0.6048718094825745
YOR182C,YER180C,0,0.68077874,0.12804877758026123,0.8884615302085876,0.6050000190734863
YNL086W,YBR158W,0,0.6800256,0.1280251294374466,0.8884615302085876,0.6051282286643982
YMR006C,YOR337W,0,0.6789148,0.12800148129463196,0.8884615302085876,0.6052564382553101
YJL090C,YLR154C,1,0.678035,0.12816251814365387,0.8897435665130615,0.6052564382553101
YGL147C,YER173W,0,0.67768955,0.12813885509967804,0.8897435665130615,0.6053845882415771
YDL033C,YKL021C,0,0.67755914,0.1281151920557022,0.8897435665130615,0.605512797832489
YNL136W,YHL047C,0,0.67645395,0.12809154391288757,0.8897435665130615,0.6056410074234009
YNR022C,YDR116C,0,0.67584884,0.12806791067123413,0.8897435665130615,0.6057692170143127
YER184C,YDR534C,0,0.6755605,0.1280442774295807,0.8897435665130615,0.6058974266052246
YDR003W,YOR396W,0,0.67536986,0.12802065908908844,0.8897435665130615,0.6060256361961365
YBR055C,YLR172C,0,0.67480516,0.12799705564975739,0.8897435665130615,0.6061538457870483
YMR016C,YPR166C,0,0.6746962,0.12797345221042633,0.8897435665130615,0.6062820553779602
YER112W,YER106W,0,0.67442584,0.12794984877109528,0.8897435665130615,0.6064102649688721
YAL010C,YIL115C,0,0.6742945,0.12792626023292542,0.8897435665130615,0.6065384745597839
YDR253C,YJL065C,0,0.67424405,0.12790268659591675,0.8897435665130615,0.6066666841506958
YFL029C,YAL035W,0,0.67392397,0.12787912786006927,0.8897435665130615,0.6067948937416077
YEL021W,YOR221C,0,0.6738448,0.1278555691242218,0.8897435665130615,0.6069231033325195
YJL143W,YHL004W,0,0.67372775,0.12783201038837433,0.8897435665130615,0.6070512533187866
YDR376W,YDR115W,0,0.6733874,0.12780846655368805,0.8897435665130615,0.6071794629096985
YPL271W,YCL055W,0,0.67336285,0.12778493762016296,0.8897435665130615,0.6073076725006104
YJL129C,YOR151C,0,0.67332685,0.12776140868663788,0.8897435665130615,0.6074358820915222
YAL053W,YGR006W,0,0.67331123,0.127737894654274,0.8897435665130615,0.6075640916824341
YMR307W,YOL127W,0,0.6726018,0.1277143955230713,0.8897435665130615,0.607692301273346
YOR175C,YKL140W,0,0.6717725,0.1276908963918686,0.8897435665130615,0.6078205108642578
YGR220C,YKR050W,0,0.67173743,0.1276673972606659,0.8897435665130615,0.6079487204551697
YOR057W,YPL028W,0,0.67148864,0.12764392793178558,0.8897435665130615,0.6080769300460815
YMR221C,YGL059W,0,0.6711018,0.12762044370174408,0.8897435665130615,0.6082051396369934
YAL013W,YDR101C,0,0.6705179,0.12759698927402496,0.8897435665130615,0.6083333492279053
YOR389W,YJR135W-A,0,0.6703942,0.12757353484630585,0.8897435665130615,0.6084615588188171
YFL044C,YDR298C,0,0.6702348,0.12755008041858673,0.8897435665130615,0.608589768409729
YJL125C,YPL103C,0,0.670187,0.1275266408920288,0.8897435665130615,0.6087179780006409
YPR081C,YOR211C,0,0.6691469,0.12750321626663208,0.8897435665130615,0.608846127986908
YPR178W,YNL146W,0,0.66843414,0.12747979164123535,0.8897435665130615,0.6089743375778198
YOL019W,YDR103W,0,0.66759396,0.12745638191699982,0.8897435665130615,0.6091025471687317
YMR043W,YBL023C,1,0.6666149,0.12761659920215607,0.8910256624221802,0.6091025471687317
YCR040W,YNL339C,0,0.66548276,0.12759317457675934,0.8910256624221802,0.6092307567596436
YML015C,YEL017C-A,0,0.6652396,0.1275697499513626,0.8910256624221802,0.6093589663505554
YLR283W,YMR100W,0,0.66516125,0.12754634022712708,0.8910256624221802,0.6094871759414673
YOR244W,YGR194C,0,0.66489756,0.12752293050289154,0.8910256624221802,0.6096153855323792
YNL162W,YCR037C,0,0.66416395,0.1274995356798172,0.8910256624221802,0.609743595123291
YKL178C,YOR057W,0,0.66416216,0.12747615575790405,0.8910256624221802,0.6098718047142029
YGL003C,YJR135W-A,0,0.6639769,0.1274527758359909,0.8910256624221802,0.6100000143051147
YBR001C,YML060W,0,0.6635792,0.12742941081523895,0.8910256624221802,0.6101282238960266
YHR028C,YML125C,0,0.6635177,0.127406045794487,0.8910256624221802,0.6102564334869385
YCR039C,YNL306W,0,0.6631694,0.12738269567489624,0.8910256624221802,0.6103846430778503
YER140W,YOR150W,0,0.66268563,0.12735936045646667,0.8910256624221802,0.6105127930641174
YJL170C,YIL039W,0,0.6621665,0.1273360252380371,0.8910256624221802,0.6106410026550293
YFL047W,YNR001C,0,0.66190934,0.12731269001960754,0.8910256624221802,0.6107692122459412
YLR134W,YPL231W,0,0.6619003,0.12728938460350037,0.8910256624221802,0.610897421836853
YPR070W,YJR143C,0,0.66117525,0.127266064286232,0.8910256624221802,0.6110256314277649
YLR126C,YDR086C,0,0.6592493,0.127242773771286,0.8910256624221802,0.6111538410186768
YIR014W,YGR158C,0,0.6590407,0.12721948325634003,0.8910256624221802,0.6112820506095886
YAL053W,YMR037C,0,0.6588273,0.12719619274139404,0.8910256624221802,0.6114102602005005
YIR017C,YDR393W,0,0.65854335,0.12717291712760925,0.8910256624221802,0.6115384697914124
YOR332W,YPR021C,0,0.6583679,0.12714965641498566,0.8910256624221802,0.6116666793823242
YJR075W,YDL180W,0,0.6582844,0.12712639570236206,0.8910256624221802,0.6117948889732361
YDR532C,YOL080C,0,0.6568699,0.12710314989089966,0.8910256624221802,0.611923098564148
YIL172C,YHL008C,0,0.65678453,0.12707990407943726,0.8910256624221802,0.6120513081550598
YPL271W,YJL189W,0,0.65653145,0.12705667316913605,0.8910256624221802,0.6121794581413269
YDR425W,YGR274C,0,0.65541935,0.12703344225883484,0.8910256624221802,0.6123076677322388
YDR334W,YPL101W,0,0.65512764,0.12701024115085602,0.8910256624221802,0.6124358773231506
YNL291C,YGL095C,0,0.65395,0.126987025141716,0.8910256624221802,0.6125640869140625
YBL021C,YNL061W,0,0.6535697,0.12696382403373718,0.8910256624221802,0.6126922965049744
YHR116W,YIR017C,0,0.6535653,0.12694063782691956,0.8910256624221802,0.6128205060958862
YDR134C,YDR031W,0,0.65343404,0.12691745162010193,0.8910256624221802,0.6129487156867981
YIR002C,YOR070C,0,0.6532861,0.1268942803144455,0.8910256624221802,0.61307692527771
YHR031C,YGL168W,1,0.6529423,0.1270536631345749,0.892307698726654,0.61307692527771
YGL251C,YOR080W,1,0.6527977,0.1272130012512207,0.8935897350311279,0.61307692527771
YDR065W,YOR386W,0,0.6521832,0.1271897852420807,0.8935897350311279,0.6132051348686218
YLR096W,YER089C,0,0.6520598,0.12716656923294067,0.8935897350311279,0.6133333444595337
YPR063C,YDR177W,0,0.65126324,0.12714338302612305,0.8935897350311279,0.6134615540504456
YER099C,YMR208W,0,0.65124714,0.12712019681930542,0.8935897350311279,0.6135897636413574
YPR028W,YMR071C,0,0.65088665,0.1270970106124878,0.8935897350311279,0.6137179732322693
YIR006C,YLR356W,0,0.64967096,0.12707383930683136,0.8935897350311279,0.6138461828231812
YOR389W,YML048W,0,0.6494129,0.12705066800117493,0.8935897350311279,0.6139743328094482
YBR241C,YBL082C,0,0.648335,0.12702752649784088,0.8935897350311279,0.6141025424003601
YJR016C,YIR006C,0,0.647858,0.12700437009334564,0.8935897350311279,0.614230751991272
YER174C,YJR143C,0,0.6473458,0.1269812285900116,0.8935897350311279,0.6143589615821838
YDR065W,YDR297W,0,0.6467321,0.12695810198783875,0.8935897350311279,0.6144871711730957
YJL198W,YDR387C,0,0.6465975,0.1269349902868271,0.8935897350311279,0.6146153807640076
YGL089C,YBR283C,0,0.6465676,0.12691187858581543,0.8935897350311279,0.6147435903549194
YEL015W,YOL123W,0,0.6453794,0.12688876688480377,0.8935897350311279,0.6148717999458313
YHR021C,YOR389W,0,0.6447685,0.1268656700849533,0.8935897350311279,0.6150000095367432
YMR127C,YER044C,0,0.64466405,0.12684258818626404,0.8935897350311279,0.615128219127655
YER027C,YIL138C,0,0.64436543,0.12681950628757477,0.8935897350311279,0.6152564287185669
YAL044C,YMR311C,0,0.6432606,0.1267964392900467,0.8935897350311279,0.6153846383094788
YML034W,YOR396W,0,0.6431087,0.12677337229251862,0.8935897350311279,0.6155128479003906
YCR096C,YMR122W-A,0,0.64295506,0.12675032019615173,0.8935897350311279,0.6156409978866577
YIL004C,YDR487C,0,0.6429068,0.12672726809978485,0.8935897350311279,0.6157692074775696
YOL127W,YBR105C,0,0.6428466,0.12670423090457916,0.8935897350311279,0.6158974170684814
YML015C,YBL039C,0,0.6424432,0.12668120861053467,0.8935897350311279,0.6160256266593933
YLR040C,YNL248C,0,0.64238906,0.12665818631649017,0.8935897350311279,0.6161538362503052
YJL048C,YCL047C,0,0.6417961,0.12663517892360687,0.8935897350311279,0.616282045841217
YOR315W,YOL149W,0,0.64154124,0.12661217153072357,0.8935897350311279,0.6164102554321289
YGL089C,YBL022C,0,0.6412722,0.12658917903900146,0.8935897350311279,0.6165384650230408
YOR066W,YLR100W,0,0.6412114,0.12656618654727936,0.8935897350311279,0.6166666746139526
YOR224C,YOR221C,0,0.6406009,0.12654320895671844,0.8935897350311279,0.6167948842048645
YKR058W,YMR285C,0,0.6401137,0.12652024626731873,0.8935897350311279,0.6169230937957764
YOL064C,YPL149W,0,0.63946724,0.126497283577919,0.8935897350311279,0.6170513033866882
YHL024W,YAL021C,1,0.6385094,0.12665577232837677,0.8948717713356018,0.6170513033866882
YOR039W,YER184C,0,0.6382693,0.12663279473781586,0.8948717713356018,0.6171795129776001
YDR387C,YGL084C,0,0.6373935,0.12660983204841614,0.8948717713356018,0.6173076629638672
YMR287C,YGL059W,0,0.63720727,0.12658686935901642,0.8948717713356018,0.617435872554779
YCR039C,YNL212W,0,0.63661003,0.1265639215707779,0.8948717713356018,0.6175640821456909
YOL030W,YDR239C,0,0.6357975,0.12654097378253937,0.8948717713356018,0.6176922917366028
YDR315C,YBR283C,0,0.63563347,0.12651804089546204,0.8948717713356018,0.6178205013275146
YMR043W,YDR013W,1,0.63524556,0.12667633593082428,0.8961538672447205,0.6178205013275146
YER053C,YPL204W,0,0.63515294,0.12665337324142456,0.8961538672447205,0.6179487109184265
YBR264C,YJR060W,0,0.63507223,0.12663044035434723,0.8961538672447205,0.6180769205093384
YML040W,YMR150C,0,0.63466525,0.1266074925661087,0.8961538672447205,0.6182051301002502
YHL024W,YBR087W,1,0.6344857,0.1267656683921814,0.8974359035491943,0.6182051301002502
YJL170C,YEL017C-A,0,0.6343876,0.12674270570278168,0.8974359035491943,0.6183333396911621
YPR063C,YNL012W,0,0.6336715,0.12671977281570435,0.8974359035491943,0.618461549282074
YGL120C,YJL133W,0,0.6333945,0.12669683992862701,0.8974359035491943,0.6185897588729858
YNL046W,YBR058C,0,0.63323355,0.12667390704154968,0.8974359035491943,0.6187179684638977
YMR298W,YHR160C,0,0.6331645,0.12665098905563354,0.8974359035491943,0.6188461780548096
YHR206W,YNL185C,0,0.63304126,0.1266280710697174,0.8974359035491943,0.6189743876457214
YGR292W,YMR221C,0,0.63285494,0.12660516798496246,0.8974359035491943,0.6191025376319885
YOR201C,YPR047W,0,0.6325232,0.1265822798013687,0.8974359035491943,0.6192307472229004
YPL281C,YIL113W,0,0.63251185,0.12655939161777496,0.8974359035491943,0.6193589568138123
YGL178W,YMR109W,0,0.6324022,0.1265365183353424,0.8974359035491943,0.6194871664047241
YDL146W,YDR507C,0,0.63234496,0.12651364505290985,0.8974359035491943,0.619615375995636
YMR198W,YML085C,0,0.63206697,0.1264907866716385,0.8974359035491943,0.6197435855865479
YLR170C,YIL138C,0,0.6320548,0.12646792829036713,0.8974359035491943,0.6198717951774597
YJL165C,YIR012W,0,0.6319442,0.12644508481025696,0.8974359035491943,0.6200000047683716
YOL077C,YNL289W,0,0.6318698,0.12642225623130798,0.8974359035491943,0.6201282143592834
YOR278W,YLR096W,0,0.63081944,0.126399427652359,0.8974359035491943,0.6202564239501953
YIL172C,YDR436W,0,0.6302062,0.12637659907341003,0.8974359035491943,0.6203846335411072
YKL011C,YBL010C,0,0.63010716,0.12635378539562225,0.8974359035491943,0.620512843132019
YLR286C,YKL198C,0,0.62809753,0.12633098661899567,0.8974359035491943,0.6206410527229309
YDR322W,YHR070W,0,0.62804806,0.12630818784236908,0.8974359035491943,0.620769202709198
YLR192C,YNR022C,0,0.6275953,0.1262854039669037,0.8974359035491943,0.6208974123001099
YGL135W,YGR286C,0,0.6270473,0.1262626200914383,0.8974359035491943,0.6210256218910217
YOL133W,YPL214C,0,0.6269325,0.1262398511171341,0.8974359035491943,0.6211538314819336
YKL088W,YOL065C,0,0.62667763,0.1262170970439911,0.8974359035491943,0.6212820410728455
YJL073W,YDR054C,1,0.62572896,0.12637461721897125,0.8987179398536682,0.6212820410728455
YLR086W,YLR186W,0,0.6256323,0.12635183334350586,0.8987179398536682,0.6214102506637573
YPR005C,YPR036W,0,0.6255306,0.12632906436920166,0.8987179398536682,0.6215384602546692
YDL109C,YNL015W,0,0.6246754,0.12630631029605865,0.8987179398536682,0.621666669845581
YBR240C,YDL095W,0,0.624506,0.12628355622291565,0.8987179398536682,0.6217948794364929
YDL019C,YNL308C,0,0.6236253,0.12626080214977264,0.8987179398536682,0.6219230890274048
YIL172C,YJR121W,0,0.6235546,0.12623806297779083,0.8987179398536682,0.6220512986183167
YPR063C,YLR134W,0,0.62209225,0.12621533870697021,0.8987179398536682,0.6221795082092285
YPR186C,YOR246C,0,0.62187564,0.1261926144361496,0.8987179398536682,0.6223077178001404
YDL056W,YBL023C,1,0.6218271,0.12634989619255066,0.8999999761581421,0.6223077178001404
YJR098C,YCR092C,0,0.62156343,0.12632715702056885,0.8999999761581421,0.6224358677864075
YLR283W,YDR362C,0,0.62122,0.12630443274974823,0.8999999761581421,0.6225640773773193
YAL020C,YDR038C,0,0.6211767,0.1262817084789276,0.8999999761581421,0.6226922869682312
YGR295C,YNR007C,0,0.6211065,0.1262589991092682,0.8999999761581421,0.6228204965591431
YBR092C,YIL051C,0,0.62102747,0.12623628973960876,0.8999999761581421,0.6229487061500549
YDR074W,YML015C,0,0.620896,0.12621359527111053,0.8999999761581421,0.6230769157409668
YGR234W,YAL003W,0,0.620196,0.1261909008026123,0.8999999761581421,0.6232051253318787
YMR298W,YOL072W,0,0.6197791,0.12616822123527527,0.8999999761581421,0.6233333349227905
YLR147C,YJL065C,0,0.6191572,0.12614555656909943,0.8999999761581421,0.6234615445137024
YDR134C,YDR298C,0,0.61776567,0.12612289190292358,0.8999999761581421,0.6235897541046143
YDR044W,YER020W,0,0.6175659,0.12610022723674774,0.8999999761581421,0.6237179636955261
YBL017C,YCL031C,0,0.617476,0.1260775923728943,0.8999999761581421,0.623846173286438
YMR142C,YDL080C,0,0.6171863,0.12605494260787964,0.8999999761581421,0.6239743828773499
YLR312C-B,YDL101C,1,0.61710536,0.12621185183525085,0.9012820720672607,0.6239743828773499
YPL157W,YOR063W,0,0.61706805,0.126189187169075,0.9012820720672607,0.6241025924682617
YDL019C,YER147C,0,0.61654973,0.12616655230522156,0.9012820720672607,0.6242307424545288
YDL129W,YNR043W,0,0.61619043,0.1261439025402069,0.9012820720672607,0.6243589520454407
YPR036W,YDL112W,0,0.616171,0.12612128257751465,0.9012820720672607,0.6244871616363525
YDL130W,YMR184W,0,0.6160722,0.1260986477136612,0.9012820720672607,0.6246153712272644
YJL090C,YAL021C,1,0.61590445,0.12625537812709808,0.9025641083717346,0.6246153712272644
YNL098C,YOL149W,0,0.6156993,0.12623274326324463,0.9025641083717346,0.6247435808181763
YIL027C,YIR012W,0,0.615365,0.12621010839939117,0.9025641083717346,0.6248717904090881
YIR002C,YJR060W,0,0.61521745,0.1261874884366989,0.9025641083717346,0.625
YAR007C,YJR068W,1,0.6151855,0.12634408473968506,0.9038461446762085,0.625
YFR041C,YJL190C,0,0.61474895,0.1263214498758316,0.9038461446762085,0.6251282095909119
YDR247W,YEL002C,0,0.614388,0.12629881501197815,0.9038461446762085,0.6252564191818237
YLR201C,YGR218W,0,0.6140224,0.1262761950492859,0.9038461446762085,0.6253846287727356
YDR253C,YLR100W,0,0.61396146,0.12625357508659363,0.9038461446762085,0.6255128383636475
YDR231C,YPL154C,0,0.61339307,0.12623097002506256,0.9038461446762085,0.6256410479545593
YIL034C,YLR427W,0,0.61335063,0.1262083798646927,0.9038461446762085,0.6257692575454712
YPL051W,YDL075W,0,0.613348,0.12618578970432281,0.9038461446762085,0.6258974075317383
YMR130W,YLR237W,0,0.6133274,0.12616319954395294,0.9038461446762085,0.6260256171226501
YIR006C,YGR189C,0,0.6123562,0.12614063918590546,0.9038461446762085,0.626153826713562
YBR123C,YGL157W,0,0.6123134,0.12611806392669678,0.9038461446762085,0.6262820363044739
YAL023C,YDR320C-A,0,0.6119728,0.1260955035686493,0.9038461446762085,0.6264102458953857
YPL220W,YOL002C,0,0.611686,0.126072958111763,0.9038461446762085,0.6265384554862976
YDR118W,YGL157W,0,0.61065376,0.1260504275560379,0.9038461446762085,0.6266666650772095
YBR012W-A,YER091C,0,0.6106385,0.1260278820991516,0.9038461446762085,0.6267948746681213
YLR312C-B,YLR154C,1,0.61036026,0.12618409097194672,0.9051281809806824,0.6267948746681213
YBL093C,YPL194W,0,0.6102139,0.12616154551506042,0.9051281809806824,0.6269230842590332
YBR058C-A,YCL057C-A,0,0.60962677,0.12613900005817413,0.9051281809806824,0.6270512938499451
YDL101C,YJL090C,1,0.6094016,0.12629510462284088,0.906410276889801,0.6270512938499451
YJR066W,YLR008C,0,0.60891473,0.1262725442647934,0.906410276889801,0.6271795034408569
YBR084W,YPL214C,0,0.6087785,0.1262499988079071,0.906410276889801,0.6273077130317688
YKL143W,YGR262C,0,0.60850275,0.1262274533510208,0.906410276889801,0.6274359226226807
YDL109C,YOR244W,0,0.60832095,0.12620492279529572,0.906410276889801,0.6275641322135925
YDR074W,YPR028W,0,0.60804605,0.1261824071407318,0.906410276889801,0.6276922821998596
YNL292W,YPL214C,0,0.6078534,0.1261598914861679,0.906410276889801,0.6278204917907715
YER087C-A,YMR012W,0,0.607851,0.126137375831604,0.906410276889801,0.6279487013816833
YPL031C,YPL154C,0,0.60741806,0.1261148750782013,0.906410276889801,0.6280769109725952
YPR005C,YIL171W,0,0.6073873,0.12609238922595978,0.906410276889801,0.6282051205635071
YDL166C,YPL204W,0,0.60683143,0.12606990337371826,0.906410276889801,0.628333330154419
YDR069C,YDR014W,1,0.6067003,0.12622570991516113,0.9076923131942749,0.628333330154419
YJR098C,YOL007C,0,0.60635567,0.12620320916175842,0.9076923131942749,0.6284615397453308
YHR046C,YFL039C,0,0.6061629,0.1261807233095169,0.9076923131942749,0.6285897493362427
YOL147C,YGR194C,0,0.60610104,0.1261582374572754,0.9076923131942749,0.6287179589271545
YLR439W,YMR022W,0,0.60580254,0.12613575160503387,0.9076923131942749,0.6288461685180664
YHL040C,YBR105C,0,0.6056602,0.12611329555511475,0.9076923131942749,0.6289743781089783
YKL017C,YOR217W,1,0.6056025,0.1262689232826233,0.9089743494987488,0.6289743781089783
YDL229W,YHR207C,0,0.6054896,0.12624643743038177,0.9089743494987488,0.6291025876998901
YDL137W,YER112W,0,0.6053724,0.12622396647930145,0.9089743494987488,0.629230797290802
YAL053W,YDR418W,0,0.60523415,0.12620149552822113,0.9089743494987488,0.6293589472770691
YBL088C,YHR025W,0,0.60401964,0.126179039478302,0.9089743494987488,0.629487156867981
YBR176W,YMR128W,0,0.60350394,0.12615658342838287,0.9089743494987488,0.6296153664588928
YDR368W,YER164W,0,0.60334253,0.12613414227962494,0.9089743494987488,0.6297435760498047
YOR046C,YIR009W,0,0.60207915,0.126111701130867,0.9089743494987488,0.6298717856407166
YJL143W,YMR221C,0,0.6019968,0.12608927488327026,0.9089743494987488,0.6299999952316284
YDR219C,YPR041W,0,0.6015701,0.12606686353683472,0.9089743494987488,0.6301282048225403
YLL009C,YAL020C,0,0.6007072,0.12604443728923798,0.9089743494987488,0.6302564144134521
YGL185C,YBR058C-A,0,0.6006417,0.12602204084396362,0.9089743494987488,0.630384624004364
YOR381W,YDR356W,0,0.6006067,0.12599964439868927,0.9089743494987488,0.6305128335952759
YNL207W,YGL003C,0,0.6003125,0.1259772628545761,0.9089743494987488,0.6306410431861877
YNL007C,YLR318W,0,0.59980214,0.12595488131046295,0.9089743494987488,0.6307692527770996
YLR414C,YKL179C,0,0.5997751,0.1259324997663498,0.9089743494987488,0.6308974623680115
YHR147C,YDR128W,0,0.59892845,0.12591013312339783,0.9089743494987488,0.6310256123542786
YPR166C,YPL048W,0,0.5971806,0.12588778138160706,0.9089743494987488,0.6311538219451904
YDL030W,YER044C,0,0.5962963,0.12586542963981628,0.9089743494987488,0.6312820315361023
YHR067W,YIL112W,0,0.5956429,0.1258430927991867,0.9089743494987488,0.6314102411270142
YBR156C,YAL003W,0,0.59475636,0.12582075595855713,0.9089743494987488,0.631538450717926
YMR045C,YIR023W,0,0.59459174,0.12579843401908875,0.9089743494987488,0.6316666603088379
YMR287C,YGR124W,0,0.59452975,0.12577612698078156,0.9089743494987488,0.6317948698997498
YOR396W,YOR233W,0,0.59405303,0.12575381994247437,0.9089743494987488,0.6319230794906616
YEL013W,YDL200C,0,0.5921899,0.12573151290416718,0.9089743494987488,0.6320512890815735
YDR018C,YER153C,0,0.59200156,0.12570922076702118,0.9089743494987488,0.6321794986724854
YPL085W,YGL039W,0,0.59156,0.12568692862987518,0.9089743494987488,0.6323077082633972
YLR201C,YHL047C,0,0.59066844,0.12566465139389038,0.9089743494987488,0.6324359178543091
YIR036C,YGR223C,0,0.5898882,0.12564238905906677,0.9089743494987488,0.632564127445221
YMR264W,YOL127W,0,0.5897753,0.12562012672424316,0.9089743494987488,0.6326923370361328
YDR418W,YOL064C,0,0.589208,0.12559787929058075,0.9089743494987488,0.6328204870223999
YHR067W,YGL157W,0,0.58886576,0.12557563185691833,0.9089743494987488,0.6329486966133118
YHL019C,YPL186C,0,0.5884199,0.12555338442325592,0.9089743494987488,0.6330769062042236
YPL177C,YOR246C,0,0.58835113,0.1255311667919159,0.9089743494987488,0.6332051157951355
YGL210W,YJR059W,0,0.58794284,0.12550893425941467,0.9089743494987488,0.6333333253860474
YNL311C,YMR201C,0,0.5865158,0.12548673152923584,0.9089743494987488,0.6334615349769592
YML040W,YBR213W,0,0.586269,0.1254645138978958,0.9089743494987488,0.6335897445678711
YJL129C,YJL153C,0,0.58538365,0.12544232606887817,0.9089743494987488,0.633717954158783
YBR001C,YOL065C,0,0.5853009,0.12542013823986053,0.9089743494987488,0.6338461637496948
YJR121W,YMR208W,0,0.5852177,0.1253979504108429,0.9089743494987488,0.6339743733406067
YPL051W,YLR074C,0,0.5852082,0.12537577748298645,0.9089743494987488,0.6341025829315186
YHR215W,YDR139C,0,0.58483887,0.12535360455513,0.9089743494987488,0.6342307925224304
YHL044W,YER068W,0,0.58474946,0.12533144652843475,0.9089743494987488,0.6343590021133423
YHL032C,YBR012W-B,0,0.58443344,0.1253093034029007,0.9089743494987488,0.6344871520996094
YCL069W,YOR120W,0,0.5843649,0.12528716027736664,0.9089743494987488,0.6346153616905212
YLR237W,YCR092C,0,0.5839323,0.12526501715183258,0.9089743494987488,0.6347435712814331
YGL120C,YBL088C,0,0.5833465,0.12524288892745972,0.9089743494987488,0.634871780872345
YNR007C,YDR330W,0,0.5830499,0.12522077560424805,0.9089743494987488,0.6349999904632568
YGR220C,YGL039W,0,0.582788,0.12519866228103638,0.9089743494987488,0.6351282000541687
YNL185C,YFL039C,0,0.58278394,0.1251765489578247,0.9089743494987488,0.6352564096450806
YHR028C,YLR238W,0,0.5820941,0.12515445053577423,0.9089743494987488,0.6353846192359924
YPR028W,YMR004W,0,0.58107924,0.12513236701488495,0.9089743494987488,0.6355128288269043
YGR263C,YJL221C,0,0.58014405,0.12511028349399567,0.9089743494987488,0.6356410384178162
YPL148C,YJR160C,0,0.5798588,0.12508821487426758,0.9089743494987488,0.635769248008728
YHR025W,YGR124W,0,0.57966137,0.1250661462545395,0.9089743494987488,0.6358974575996399
YDL109C,YNL012W,0,0.5790818,0.1250440925359726,0.9089743494987488,0.6360256671905518
YFL029C,YDL141W,0,0.57889175,0.1250220388174057,0.9089743494987488,0.6361538171768188
YLR120C,YDR362C,0,0.5783073,0.125,0.9089743494987488,0.6362820267677307
YOR043W,YOR396W,0,0.57805324,0.1249779686331749,0.9089743494987488,0.6364102363586426
YJR009C,YPL095C,0,0.5778978,0.12495593726634979,0.9089743494987488,0.6365384459495544
YJL097W,YNL217W,0,0.57786834,0.12493392080068588,0.9089743494987488,0.6366666555404663
YDR312W,YGR063C,0,0.5773492,0.12491191178560257,0.9089743494987488,0.6367948651313782
YDR532C,YDR536W,0,0.577193,0.12488991022109985,0.9089743494987488,0.63692307472229
YER095W,YDR231C,0,0.5769546,0.12486790865659714,0.9089743494987488,0.6370512843132019
YGL249W,YKL181W,0,0.5766717,0.12484592199325562,0.9089743494987488,0.6371794939041138
YML042W,YDR103W,0,0.57664096,0.12482394278049469,0.9089743494987488,0.6373077034950256
YDR465C,YPR073C,0,0.5764948,0.12480197101831436,0.9089743494987488,0.6374359130859375
YBR207W,YGR191W,0,0.5755615,0.12478000670671463,0.9089743494987488,0.6375641226768494
YKL135C,YIL126W,0,0.5753536,0.1247580498456955,0.9089743494987488,0.6376923322677612
YBR058C,YHR181W,0,0.57496107,0.12473610043525696,0.9089743494987488,0.6378205418586731
YBR291C,YNL306W,0,0.5729338,0.12471415847539902,0.9089743494987488,0.6379486918449402
YLR286C,YOL140W,0,0.5727382,0.12469222396612167,0.9089743494987488,0.638076901435852
YFL039C,YOR211C,0,0.5726156,0.12467030435800552,0.9089743494987488,0.6382051110267639
YER099C,YPL143W,0,0.5726099,0.12464838474988937,0.9089743494987488,0.6383333206176758
YJL101C,YDR169C,0,0.5726024,0.12462647259235382,0.9089743494987488,0.6384615302085876
YMR303C,YIL136W,0,0.5725012,0.12460456788539886,0.9089743494987488,0.6385897397994995
YBR286W,YPL031C,0,0.5719712,0.1245826780796051,0.9089743494987488,0.6387179493904114
YHR161C,YPL269W,0,0.5717044,0.12456078827381134,0.9089743494987488,0.6388461589813232
YDR038C,YGL155W,0,0.5678791,0.12453890591859818,0.9089743494987488,0.6389743685722351
YDL120W,YER140W,0,0.56767976,0.1245170384645462,0.9089743494987488,0.639102578163147
YMR307W,YKL088W,0,0.56754434,0.12449517101049423,0.9089743494987488,0.6392307877540588
YBR214W,YOR211C,0,0.56719804,0.12447331100702286,0.9089743494987488,0.6393589973449707
YML124C,YNL101W,0,0.56662655,0.12445146590471268,0.9089743494987488,0.6394872069358826
YOL018C,YOR151C,0,0.5652716,0.1244296208024025,0.9089743494987488,0.6396153569221497
YOL030W,YLR040C,0,0.56372046,0.12440779060125351,0.9089743494987488,0.6397435665130615
YDL190C,YJR134C,0,0.56299865,0.12438596785068512,0.9089743494987488,0.6398717761039734
YJR094W-A,YAL012W,0,0.56288207,0.12436414510011673,0.9089743494987488,0.6399999856948853
YLR373C,YJR058C,0,0.5626683,0.12434233725070953,0.9089743494987488,0.6401281952857971
YJR013W,YHR143W,0,0.5626067,0.12432052940130234,0.9089743494987488,0.640256404876709
YDR060W,YLR038C,0,0.56232774,0.12429873645305634,0.9089743494987488,0.6403846144676208
YGR156W,YFL039C,0,0.5617651,0.12427695095539093,0.9089743494987488,0.6405128240585327
YPR098C,YJR155W,0,0.5617132,0.12425517290830612,0.9089743494987488,0.6406410336494446
YDR283C,YAL003W,0,0.5613667,0.12423339486122131,0.9089743494987488,0.6407692432403564
YOR356W,YLR207W,0,0.5611774,0.1242116317152977,0.9089743494987488,0.6408974528312683
YGR035C,YER184C,0,0.56047297,0.12418987601995468,0.9089743494987488,0.6410256624221802
YGL039W,YIL126W,0,0.5601059,0.12416812777519226,0.9089743494987488,0.641153872013092
YMR188C,YOL019W,0,0.5597651,0.12414638698101044,0.9089743494987488,0.6412820219993591
YPL143W,YPL174C,0,0.5595238,0.12412464618682861,0.9089743494987488,0.641410231590271
YJL080C,YGR037C,0,0.5592785,0.12410292029380798,0.9089743494987488,0.6415384411811829
YDL067C,YOL125W,0,0.55909574,0.12408120185136795,0.9089743494987488,0.6416666507720947
YNL158W,YDR380W,0,0.55837977,0.12405949085950851,0.9089743494987488,0.6417948603630066
YKL088W,YDR032C,0,0.5566771,0.12403778731822968,0.9089743494987488,0.6419230699539185
YHR021C,YKL212W,0,0.55608153,0.12401609122753143,0.9089743494987488,0.6420512795448303
YDL137W,YFL039C,0,0.5559161,0.12399440258741379,0.9089743494987488,0.6421794891357422
YDR115W,YDR169C,0,0.5557183,0.12397272139787674,0.9089743494987488,0.642307698726654
YMR188C,YDL006W,0,0.5555022,0.12395104765892029,0.9089743494987488,0.6424359083175659
YNL322C,YDL138W,0,0.5548357,0.12392938137054443,0.9089743494987488,0.6425641179084778
YBR033W,YBR156C,0,0.5536947,0.12390772253274918,0.9089743494987488,0.6426923274993896
YLR238W,YDL185W,0,0.5536692,0.12388607114553452,0.9089743494987488,0.6428205370903015
YDL141W,YNR022C,0,0.5525714,0.12386442720890045,0.9089743494987488,0.6429487466812134
YBR289W,YCL047C,0,0.55223,0.12384279817342758,0.9089743494987488,0.6430768966674805
YJL129C,YKR009C,0,0.5515938,0.12382116913795471,0.9089743494987488,0.6432051062583923
YMR098C,YEL002C,0,0.55121315,0.12379954755306244,0.9089743494987488,0.6433333158493042
YDR536W,YMR221C,0,0.55114555,0.12377793341875076,0.9089743494987488,0.6434615254402161
YDR388W,YPL121C,0,0.55106556,0.12375632673501968,0.9089743494987488,0.6435897350311279
YLR096W,YFR007W,0,0.55064356,0.1237347275018692,0.9089743494987488,0.6437179446220398
YOR384W,YJR059W,0,0.55032134,0.12371313571929932,0.9089743494987488,0.6438461542129517
YDR038C,YFR008W,0,0.55022943,0.12369155883789062,0.9089743494987488,0.6439743638038635
YOR047C,YDR313C,0,0.54986215,0.12366998195648193,0.9089743494987488,0.6441025733947754
YPL206C,YJR058C,0,0.5496106,0.12364841252565384,0.9089743494987488,0.6442307829856873
YJR001W,YOL147C,0,0.54909027,0.12362685054540634,0.9089743494987488,0.6443589925765991
YPL214C,YMR204C,0,0.5490829,0.12360530346632004,0.9089743494987488,0.644487202167511
YDR341C,YLR207W,0,0.5490315,0.12358375638723373,0.9089743494987488,0.6446154117584229
YBR286W,YKL154W,0,0.54852533,0.12356221675872803,0.9089743494987488,0.6447435617446899
YDR038C,YFL037W,0,0.5483538,0.12354068458080292,0.9089743494987488,0.6448717713356018
YDR456W,YML088W,0,0.5479697,0.123519167304039,0.9089743494987488,0.6449999809265137
YJR058C,YER051W,0,0.54795694,0.12349765002727509,0.9089743494987488,0.6451281905174255
YER148W,YBR055C,0,0.5475594,0.12347614020109177,0.9089743494987488,0.6452564001083374
YDR018C,YDR487C,0,0.54744196,0.12345463782548904,0.9089743494987488,0.6453846096992493
YDR329C,YOL127W,0,0.5463085,0.12343315035104752,0.9089743494987488,0.6455128192901611
YDR487C,YKL198C,0,0.5462986,0.12341166287660599,0.9089743494987488,0.645641028881073
YHR171W,YDR400W,0,0.546283,0.12339018285274506,0.9089743494987488,0.6457692384719849
YDL056W,YJL073W,1,0.5461004,0.12354271858930588,0.9102563858032227,0.6457692384719849
YJR121W,YLR357W,0,0.5456865,0.12352122366428375,0.9102563858032227,0.6458974480628967
YLL011W,YNL189W,0,0.54499924,0.12349973618984222,0.9102563858032227,0.6460256576538086
YOL105C,YBL093C,0,0.544117,0.12347826361656189,0.9102563858032227,0.6461538672447205
YDL019C,YBR185C,0,0.5435151,0.12345679104328156,0.9102563858032227,0.6462820768356323
YPR032W,YBL055C,0,0.5425042,0.12343532592058182,0.9102563858032227,0.6464102268218994
YPL051W,YEL017C-A,0,0.54249644,0.12341386824846268,0.9102563858032227,0.6465384364128113
YKL024C,YOR092W,0,0.541805,0.12339242547750473,0.9102563858032227,0.6466666460037231
YDR524C,YDR443C,0,0.5417005,0.12337098270654678,0.9102563858032227,0.646794855594635
YDL033C,YDL075W,0,0.5416446,0.12334954738616943,0.9102563858032227,0.6469230651855469
YDR481C,YDR376W,0,0.5416336,0.12332811951637268,0.9102563858032227,0.6470512747764587
YML104C,YDR447C,0,0.54115963,0.12330670654773712,0.9102563858032227,0.6471794843673706
YPL121C,YOR067C,0,0.5409564,0.12328529357910156,0.9102563858032227,0.6473076939582825
YMR142C,YNL227C,0,0.5407034,0.1232638880610466,0.9102563858032227,0.6474359035491943
YLR373C,YKR037C,0,0.5400628,0.12324248999357224,0.9102563858032227,0.6475641131401062
YMR042W,YLR221C,0,0.5398923,0.12322110682725906,0.9102563858032227,0.6476923227310181
YOR155C,YGR286C,0,0.53896856,0.12319972366094589,0.9102563858032227,0.6478205323219299
YLR238W,YDL019C,0,0.53888965,0.12317834794521332,0.9102563858032227,0.6479487419128418
YDR197W,YPL028W,0,0.53880656,0.12315697968006134,0.9102563858032227,0.6480769515037537
YLR098C,YOR332W,0,0.53851557,0.12313562631607056,0.9102563858032227,0.6482051014900208
YER087C-A,YKL011C,0,0.5384803,0.12311427295207977,0.9102563858032227,0.6483333110809326
YJL198W,YMR211W,0,0.53788674,0.12309292703866959,0.9102563858032227,0.6484615206718445
YGL229C,YBR251W,0,0.53779423,0.12307158857584,0.9102563858032227,0.6485897302627563
YGR154C,YDR088C,0,0.53699887,0.123050257563591,0.9102563858032227,0.6487179398536682
YPL074W,YKL212W,0,0.53692746,0.1230289414525032,0.9102563858032227,0.6488461494445801
YMR128W,YLR450W,0,0.53651893,0.1230076253414154,0.9102563858032227,0.6489743590354919
YDR219C,YGR158C,0,0.5364666,0.1229863166809082,0.9102563858032227,0.6491025686264038
YJR009C,YMR094W,0,0.53633523,0.1229650154709816,0.9102563858032227,0.6492307782173157
YDL180W,YDR400W,0,0.5362637,0.12294372171163559,0.9102563858032227,0.6493589878082275
YDR056C,YDR362C,0,0.5348979,0.12292243540287018,0.9102563858032227,0.6494871973991394
YGL147C,YDR334W,0,0.5344082,0.12290115654468536,0.9102563858032227,0.6496154069900513
YDR011W,YNR047W,0,0.5343375,0.12287989258766174,0.9102563858032227,0.6497436165809631
YGL173C,YBR009C,0,0.5339774,0.12285862863063812,0.9102563858032227,0.6498717665672302
YIL072W,YDR055W,0,0.5331075,0.1228373721241951,0.9102563858032227,0.6499999761581421
YNL001W,YIL078W,0,0.5330919,0.12281612306833267,0.9102563858032227,0.650128185749054
YPL085W,YKL143W,0,0.53308415,0.12279488146305084,0.9102563858032227,0.6502563953399658
YBR012W-A,YOR244W,0,0.53283334,0.12277364730834961,0.9102563858032227,0.6503846049308777
YIR014W,YNL149C,0,0.5323454,0.12275242060422897,0.9102563858032227,0.6505128145217896
YIL172C,YIR036C,0,0.53199756,0.12273120135068893,0.9102563858032227,0.6506410241127014
YKL154W,YMR314W,0,0.5313711,0.12270998954772949,0.9102563858032227,0.6507692337036133
YIL172C,YKR037C,0,0.53124046,0.12268878519535065,0.9102563858032227,0.6508974432945251
YMR316W,YBR058C-A,0,0.5310619,0.1226675882935524,0.9102563858032227,0.651025652885437
YPL148C,YLR439W,0,0.5308716,0.12264639884233475,0.9102563858032227,0.6511538624763489
YGL211W,YDR166C,0,0.5305511,0.12262521684169769,0.9102563858032227,0.6512820720672607
YGR008C,YGL106W,0,0.53012025,0.12260404229164124,0.9102563858032227,0.6514102816581726
YGL206C,YLR147C,0,0.52878153,0.12258287519216537,0.9102563858032227,0.6515384912490845
YLR126C,YDR197W,0,0.5282711,0.12256171554327011,0.9102563858032227,0.6516666412353516
YMR036C,YMR122W-A,0,0.5280943,0.12254055589437485,0.9102563858032227,0.6517948508262634
YLR459W,YOL157C,0,0.5273714,0.12251941114664078,0.9102563858032227,0.6519230604171753
YDL144C,YPR070W,0,0.5267074,0.1224982738494873,0.9102563858032227,0.6520512700080872
YFL039C,YNR047W,0,0.52669215,0.12247714400291443,0.9102563858032227,0.652179479598999
YFL036W,YFR041C,0,0.5260843,0.12245602160692215,0.9102563858032227,0.6523076891899109
YPR186C,YLR121C,0,0.52592194,0.12243489921092987,0.9102563858032227,0.6524358987808228
YDL075W,YIR023W,0,0.5258714,0.12241379171609879,0.9102563858032227,0.6525641083717346
YOL031C,YMR221C,0,0.5255363,0.1223926916718483,0.9102563858032227,0.6526923179626465
YGR159C,YAL053W,0,0.525128,0.1223715990781784,0.9102563858032227,0.6528205275535583
YDL138W,YKL028W,0,0.52481675,0.12235050648450851,0.9102563858032227,0.6529487371444702
YAR010C,YLR357W,0,0.5246433,0.12232942879199982,0.9102563858032227,0.6530769467353821
YMR281W,YDL130W,0,0.52438784,0.12230835855007172,0.9102563858032227,0.653205156326294
YJL073W,YDR069C,1,0.52413154,0.1224595233798027,0.9115384817123413,0.653205156326294
YLR238W,YDR368W,0,0.52392876,0.12243843823671341,0.9115384817123413,0.653333306312561
YMR051C,YNL268W,0,0.5236592,0.12241735309362411,0.9115384817123413,0.6534615159034729
YJL164C,YDL180W,0,0.52364504,0.12239628285169601,0.9115384817123413,0.6535897254943848
YPL051W,YJL189W,0,0.52341986,0.12237521260976791,0.9115384817123413,0.6537179350852966
YJR016C,YMR217W,0,0.52308524,0.12235415726900101,0.9115384817123413,0.6538461446762085
YKR090W,YBL106C,0,0.5215312,0.1223331019282341,0.9115384817123413,0.6539743542671204
YGR061C,YER106W,0,0.5207397,0.12231206148862839,0.9115384817123413,0.6541025638580322
YFL044C,YOR067C,0,0.5196214,0.12229102104902267,0.9115384817123413,0.6542307734489441
YOR063W,YCR040W,0,0.51909983,0.12226998805999756,0.9115384817123413,0.654358983039856
YGL120C,YDL095W,0,0.5189427,0.12224896997213364,0.9115384817123413,0.6544871926307678
YLR221C,YNL217W,0,0.5179641,0.12222795188426971,0.9115384817123413,0.6546154022216797
YPR070W,YAL008W,0,0.5179509,0.12220694124698639,0.9115384817123413,0.6547436118125916
YDL129W,YPL204W,0,0.5179328,0.12218594551086426,0.9115384817123413,0.6548718214035034
YHR140W,YIL138C,0,0.517843,0.12216494977474213,0.9115384817123413,0.6549999713897705
YPR132W,YML095C,0,0.51781774,0.12214396148920059,0.9115384817123413,0.6551281809806824
YER068W,YOR246C,0,0.51777613,0.12212298065423965,0.9115384817123413,0.6552563905715942
YGL147C,YCR094W,0,0.5174179,0.12210200726985931,0.9115384817123413,0.6553846001625061
YKL034W,YDL146W,0,0.5173646,0.12208104133605957,0.9115384817123413,0.655512809753418
YPL101W,YEL058W,0,0.51664007,0.12206008285284042,0.9115384817123413,0.6556410193443298
YKL004W,YDR356W,0,0.5163307,0.12203913182020187,0.9115384817123413,0.6557692289352417
YMR171C,YDR060W,0,0.5163264,0.12201818823814392,0.9115384817123413,0.6558974385261536
YLR371W,YDR252W,0,0.5154964,0.12199725210666656,0.9115384817123413,0.6560256481170654
YMR166C,YJL108C,0,0.5149803,0.1219763234257698,0.9115384817123413,0.6561538577079773
YHR171W,YKL195W,0,0.51421773,0.12195540219545364,0.9115384817123413,0.6562820672988892
YBR240C,YER114C,0,0.51416516,0.12193448841571808,0.9115384817123413,0.656410276889801
YPL060W,YBL010C,0,0.5141208,0.12191358208656311,0.9115384817123413,0.6565384864807129
YPL091W,YDR116C,0,0.5138757,0.12189268320798874,0.9115384817123413,0.6566666960716248
YDR074W,YNR022C,0,0.5129776,0.12187178432941437,0.9115384817123413,0.6567948460578918
YIL084C,YGR001C,0,0.5129088,0.12185090035200119,0.9115384817123413,0.6569230556488037
YML015C,YBL064C,0,0.51288533,0.12183002382516861,0.9115384817123413,0.6570512652397156
YDR424C,YGL210W,0,0.5128814,0.12180914729833603,0.9115384817123413,0.6571794748306274
YCR077C,YKR030W,0,0.5124537,0.12178828567266464,0.9115384817123413,0.6573076844215393
YMR217W,YOR306C,0,0.5120448,0.12176742404699326,0.9115384817123413,0.6574358940124512
YLR192C,YPR016C,0,0.512028,0.12174657732248306,0.9115384817123413,0.657564103603363
YKL004W,YOR356W,0,0.5116235,0.12172573059797287,0.9115384817123413,0.6576923131942749
YJR145C,YLR099C,0,0.5113956,0.12170489877462387,0.9115384817123413,0.6578205227851868
YPR166C,YGR191W,0,0.5111991,0.12168406695127487,0.9115384817123413,0.6579487323760986
YCL031C,YNL135C,0,0.51096237,0.12166324257850647,0.9115384817123413,0.6580769419670105
YNL166C,YGL039W,0,0.5104699,0.12164243310689926,0.9115384817123413,0.6582051515579224
YGR184C,YER153C,0,0.5087538,0.12162162363529205,0.9115384817123413,0.6583333611488342
YOR116C,YKR050W,0,0.5082456,0.12160082161426544,0.9115384817123413,0.6584615111351013
YOR175C,YLR370C,0,0.5077746,0.12158002704381943,0.9115384817123413,0.6585897207260132
YNL086W,YPR036W,0,0.5075226,0.12155923992395401,0.9115384817123413,0.658717930316925
YGR234W,YML063W,0,0.50712276,0.12153846025466919,0.9115384817123413,0.6588461399078369
YHR092C,YOR240W,0,0.50706375,0.12151768803596497,0.9115384817123413,0.6589743494987488
YML040W,YPL186C,0,0.5063194,0.12149692326784134,0.9115384817123413,0.6591025590896606
YOR347C,YJL052W,0,0.5061084,0.12147616595029831,0.9115384817123413,0.6592307686805725
YER045C,YNR047W,0,0.5057955,0.12145541608333588,0.9115384817123413,0.6593589782714844
YLL038C,YDR252W,0,0.5057906,0.12143467366695404,0.9115384817123413,0.6594871878623962
YER036C,YPR102C,0,0.5051582,0.1214139312505722,0.9115384817123413,0.6596153974533081
YML005W,YLR287C-A,0,0.5044104,0.12139320373535156,0.9115384817123413,0.65974360704422
YDR046C,YKL028W,0,0.50440454,0.12137248367071152,0.9115384817123413,0.6598718166351318
YDR283C,YCR075C,0,0.504328,0.12135176360607147,0.9115384817123413,0.6600000262260437
YIL138C,YBL020W,0,0.50336397,0.12133105844259262,0.9115384817123413,0.6601281762123108
YGR008C,YPR166C,0,0.5028336,0.12131035327911377,0.9115384817123413,0.6602563858032227
YCL055W,YKR058W,0,0.5027189,0.12128966301679611,0.9115384817123413,0.6603845953941345
YDR379W,YBR159W,0,0.50253415,0.12126897275447845,0.9115384817123413,0.6605128049850464
YIL004C,YMR312W,0,0.50232685,0.12124829739332199,0.9115384817123413,0.6606410145759583
YDL109C,YPL095C,0,0.502175,0.12122762203216553,0.9115384817123413,0.6607692241668701
YMR043W,YDR501W,1,0.5017743,0.12137743085622787,0.9128205180168152,0.6607692241668701
YKL140W,YFR006W,0,0.5014255,0.12135674059391022,0.9128205180168152,0.660897433757782
YIL109C,YER020W,0,0.5013852,0.12133605778217316,0.9128205180168152,0.6610256433486938
YLR086W,YPR021C,0,0.5011679,0.1213153824210167,0.9128205180168152,0.6611538529396057
YER082C,YGR116W,0,0.50047874,0.12129472196102142,0.9128205180168152,0.6612820625305176
YGL035C,YOL100W,0,0.50019825,0.12127406150102615,0.9128205180168152,0.6614102721214294
YNL308C,YDL067C,0,0.4995735,0.12125340849161148,0.9128205180168152,0.6615384817123413
YLR074C,YFR006W,0,0.49956456,0.1212327629327774,0.9128205180168152,0.6616666913032532
YGR135W,YOL056W,0,0.4991772,0.12121212482452393,0.9128205180168152,0.661794900894165
YNL227C,YGR135W,0,0.4988592,0.12119148671627045,0.9128205180168152,0.6619230508804321
YDL017W,YDR054C,1,0.4984611,0.1213410496711731,0.9141025543212891,0.6619230508804321
YOR228C,YPL220W,0,0.49827477,0.12132040411233902,0.9141025543212891,0.662051260471344
YKL154W,YPL177C,0,0.49770567,0.12129975855350494,0.9141025543212891,0.6621794700622559
YMR307W,YEL015W,0,0.49768755,0.12127912789583206,0.9141025543212891,0.6623076796531677
YDR265W,YER044C,0,0.4976053,0.12125850468873978,0.9141025543212891,0.6624358892440796
YCR020C,YBR036C,0,0.49748084,0.12123788148164749,0.9141025543212891,0.6625640988349915
YML043C,YIR015W,0,0.4972016,0.1212172731757164,0.9141025543212891,0.6626923084259033
YJR098C,YBR058C-A,0,0.49710283,0.12119666486978531,0.9141025543212891,0.6628205180168152
YPL059W,YMR256C,0,0.49659625,0.12117607146501541,0.9141025543212891,0.662948727607727
YHR013C,YNL135C,0,0.49654838,0.12115547806024551,0.9141025543212891,0.6630769371986389
YMR122W-A,YIL115C,0,0.49644753,0.12113489955663681,0.9141025543212891,0.6632051467895508
YDR533C,YML081C-A,0,0.49614403,0.1211143210530281,0.9141025543212891,0.6633333563804626
YDR456W,YGR184C,0,0.49569264,0.12109375,0.9141025543212891,0.6634615659713745
YBL037W,YMR026C,0,0.49538943,0.12107318639755249,0.9141025543212891,0.6635897159576416
YJL065C,YPR073C,0,0.49476698,0.12105263024568558,0.9141025543212891,0.6637179255485535
YBR050C,YMR285C,0,0.4942684,0.12103208154439926,0.9141025543212891,0.6638461351394653
YPL090C,YPL103C,0,0.49379835,0.12101154029369354,0.9141025543212891,0.6639743447303772
YKL156W,YPR070W,0,0.4937105,0.12099100649356842,0.9141025543212891,0.6641025543212891
YDR134C,YLR109W,0,0.49313197,0.1209704801440239,0.9141025543212891,0.6642307639122009
YFR032C-A,YGL205W,0,0.49232015,0.12094996124505997,0.9141025543212891,0.6643589735031128
YMR316W,YNL185C,0,0.4919009,0.12092944234609604,0.9141025543212891,0.6644871830940247
YNL293W,YJL041W,0,0.49180946,0.1209089383482933,0.9141025543212891,0.6646153926849365
YER184C,YJR126C,0,0.4918051,0.12088843435049057,0.9141025543212891,0.6647436022758484
YOR066W,YAL025C,0,0.49179503,0.12086794525384903,0.9141025543212891,0.6648718118667603
YDL210W,YJL101C,0,0.49097982,0.12084745615720749,0.9141025543212891,0.6650000214576721
YPL106C,YBR164C,0,0.4907334,0.12082698196172714,0.9141025543212891,0.665128231048584
YDL205C,YNL310C,0,0.49061695,0.1208065077662468,0.9141025543212891,0.6652563810348511
YDR239C,YPR184W,0,0.49026403,0.12078604102134705,0.9141025543212891,0.6653845906257629
YDR239C,YDR368W,0,0.49022886,0.1207655817270279,0.9141025543212891,0.6655128002166748
YDR003W,YCR010C,0,0.48975345,0.12074512988328934,0.9141025543212891,0.6656410098075867
YBR012W-A,YDR115W,0,0.48914638,0.12072468549013138,0.9141025543212891,0.6657692193984985
YEL038W,YER153C,0,0.4879723,0.12070424854755402,0.9141025543212891,0.6658974289894104
YMR221C,YNL135C,0,0.48761407,0.12068381905555725,0.9141025543212891,0.6660256385803223
YGR184C,YDR330W,0,0.48711917,0.12066339701414108,0.9141025543212891,0.6661538481712341
YER133W,YGR156W,0,0.48627558,0.12064297497272491,0.9141025543212891,0.666282057762146
YKR094C,YPL095C,0,0.48554823,0.12062256783246994,0.9141025543212891,0.6664102673530579
YJR160C,YIL078W,0,0.4846557,0.12060216814279556,0.9141025543212891,0.6665384769439697
YHL024W,YDR013W,1,0.4841964,0.12075088918209076,0.9153845906257629,0.6665384769439697
YMR163C,YOL077C,0,0.4840419,0.12073046714067459,0.9153845906257629,0.6666666865348816
YOR043W,YLL035W,0,0.48233458,0.12071006000041962,0.9153845906257629,0.6667948961257935
YML074C,YJL097W,0,0.4808083,0.12068965286016464,0.9153845906257629,0.6669231057167053
YER086W,YER106W,0,0.4806324,0.12066926062107086,0.9153845906257629,0.6670512557029724
YMR281W,YNL115C,0,0.4798337,0.12064886838197708,0.9153845906257629,0.6671794652938843
YOR288C,YDL033C,0,0.4795148,0.1206284835934639,0.9153845906257629,0.6673076748847961
YER161C,YHR160C,0,0.47933313,0.12060810625553131,0.9153845906257629,0.667435884475708
YIR036C,YER048W-A,0,0.47784135,0.12058773636817932,0.9153845906257629,0.6675640940666199
YDR533C,YOL157C,0,0.47749528,0.12056737393140793,0.9153845906257629,0.6676923036575317
YBL057C,YOR131C,0,0.4768916,0.12054701894521713,0.9153845906257629,0.6678205132484436
YLR100W,YHR117W,0,0.47631004,0.12052667140960693,0.9153845906257629,0.6679487228393555
YOR076C,YGL003C,0,0.47371867,0.12050633132457733,0.9153845906257629,0.6680769324302673
YEL059C-A,YOL019W,0,0.47328827,0.12048599123954773,0.9153845906257629,0.6682051420211792
YNL185C,YDR093W,0,0.47283295,0.12046566605567932,0.9153845906257629,0.6683333516120911
YHR021C,YDR166C,0,0.47091404,0.12044534087181091,0.9153845906257629,0.6684615612030029
YKL034W,YER173W,0,0.47087225,0.1204250305891037,0.9153845906257629,0.6685897707939148
YLR106C,YDR313C,0,0.47077116,0.12040472030639648,0.9153845906257629,0.6687179207801819
YMR070W,YHR067W,0,0.4705653,0.12038441747426987,0.9153845906257629,0.6688461303710938
YMR080C,YNL289W,0,0.47049698,0.12036412954330444,0.9153845906257629,0.6689743399620056
YDR283C,YDL067C,0,0.47049376,0.12034384161233902,0.9153845906257629,0.6691025495529175
YJR155W,YGR135W,0,0.4701815,0.1203235611319542,0.9153845906257629,0.6692307591438293
YCL055W,YOR043W,0,0.4695439,0.12030328810214996,0.9153845906257629,0.6693589687347412
YPL269W,YOR127W,0,0.46923724,0.12028302252292633,0.9153845906257629,0.6694871783256531
YNR045W,YDR322W,0,0.46873543,0.1202627569437027,0.9153845906257629,0.6696153879165649
YML085C,YLR040C,0,0.46785554,0.12024250626564026,0.9153845906257629,0.6697435975074768
YLR287C-A,YER147C,0,0.46784732,0.12022226303815842,0.9153845906257629,0.6698718070983887
YNL330C,YBR241C,0,0.46735755,0.12020201981067657,0.9153845906257629,0.6700000166893005
YLR238W,YGL178W,0,0.46710345,0.12018178403377533,0.9153845906257629,0.6701282262802124
YDL129W,YJL019W,0,0.46691868,0.12016156315803528,0.9153845906257629,0.6702564358711243
YHR021C,YML088W,0,0.46684447,0.12014134228229523,0.9153845906257629,0.6703845858573914
YNL086W,YPL019C,0,0.46666083,0.12012112885713577,0.9153845906257629,0.6705127954483032
YGL136C,YIL078W,0,0.46621475,0.12010092288255692,0.9153845906257629,0.6706410050392151
YER083C,YBR158W,0,0.46612188,0.12008072435855865,0.9153845906257629,0.670769214630127
YML034W,YBR040W,0,0.46609238,0.12006053328514099,0.9153845906257629,0.6708974242210388
YGL135W,YHL008C,0,0.46578273,0.12004034966230392,0.9153845906257629,0.6710256338119507
YDR012W,YLR385C,0,0.46565625,0.12002017349004745,0.9153845906257629,0.6711538434028625
YDL120W,YJL080C,0,0.46485564,0.11999999731779099,0.9153845906257629,0.6712820529937744
YOL152W,YNR047W,0,0.46473888,0.11997983604669571,0.9153845906257629,0.6714102625846863
YGR058W,YMR307W,0,0.46374878,0.11995967477560043,0.9153845906257629,0.6715384721755981
YHL024W,YLR154C,1,0.46366236,0.1201075091958046,0.9166666865348816,0.6715384721755981
YMR298W,YFR032C-A,0,0.46293136,0.12008733302354813,0.9166666865348816,0.67166668176651
YLR099C,YDR390C,0,0.46290097,0.12006717175245285,0.9166666865348816,0.6717948913574219
YMR070W,YDR320C-A,0,0.4620274,0.12004701048135757,0.9166666865348816,0.6719231009483337
YER087C-A,YER164W,0,0.46109608,0.1200268566608429,0.9166666865348816,0.6720513105392456
YLR373C,YDL095W,0,0.46030638,0.12000671029090881,0.9166666865348816,0.6721794605255127
YDR012W,YGR061C,0,0.46016154,0.11998657137155533,0.9166666865348816,0.6723076701164246
YGL119W,YHR086W,0,0.45983234,0.11996643990278244,0.9166666865348816,0.6724358797073364
YDL136W,YPR036W,0,0.45954606,0.11994631588459015,0.9166666865348816,0.6725640892982483
YIL084C,YAL008W,0,0.4592329,0.11992619931697845,0.9166666865348816,0.6726922988891602
YDL192W,YBL037W,0,0.45900056,0.11990609019994736,0.9166666865348816,0.672820508480072
YOL123W,YNL339C,0,0.45793447,0.11988598108291626,0.9166666865348816,0.6729487180709839
YOL105C,YML063W,0,0.45769444,0.11986588686704636,0.9166666865348816,0.6730769276618958
YPR102C,YIR006C,0,0.45741907,0.11984579265117645,0.9166666865348816,0.6732051372528076
YPL019C,YEL016C,0,0.4573358,0.11982570588588715,0.9166666865348816,0.6733333468437195
YEL013W,YDR238C,0,0.45709965,0.11980562657117844,0.9166666865348816,0.6734615564346313
YLR214W,YJL136C,0,0.45629308,0.11978556215763092,0.9166666865348816,0.6735897660255432
YAR044W,YPL092W,0,0.4561214,0.1197654977440834,0.9166666865348816,0.6737179756164551
YLR086W,YCL047C,0,0.45605132,0.11974543333053589,0.9166666865348816,0.6738461256027222
YLR283W,YGR295C,0,0.4557595,0.11972538381814957,0.9166666865348816,0.673974335193634
YDR018C,YJR089W,0,0.4554082,0.11970534175634384,0.9166666865348816,0.6741025447845459
YGR047C,YDL205C,0,0.45306757,0.11968529969453812,0.9166666865348816,0.6742307543754578
YDL099W,YIR017C,0,0.45091924,0.11966527253389359,0.9166666865348816,0.6743589639663696
YOR381W,YMR201C,0,0.45077983,0.11964524537324905,0.9166666865348816,0.6744871735572815
YDL120W,YIL113W,0,0.45006153,0.11962523311376572,0.9166666865348816,0.6746153831481934
YOR181W,YPL159C,0,0.44932482,0.11960522085428238,0.9166666865348816,0.6747435927391052
YER083C,YAL025C,0,0.4490703,0.11958521604537964,0.9166666865348816,0.6748718023300171
YLR201C,YLR438C-A,0,0.44832334,0.1195652186870575,0.9166666865348816,0.675000011920929
YDR342C,YER184C,0,0.44800708,0.11954522877931595,0.9166666865348816,0.6751282215118408
YDR501W,YDR069C,1,0.44772574,0.11969240754842758,0.9179487228393555,0.6751282215118408
YOR381W,YDL065C,0,0.4475132,0.11967240273952484,0.9179487228393555,0.6752564311027527
YHR076W,YML113W,0,0.4474822,0.1196524053812027,0.9179487228393555,0.6753846406936646
YHL044W,YDR479C,0,0.44742468,0.11963241547346115,0.9179487228393555,0.6755128502845764
YOR047C,YPL068C,0,0.44665924,0.1196124255657196,0.9179487228393555,0.6756410002708435
YHR013C,YPL149W,0,0.44655314,0.11959245055913925,0.9179487228393555,0.6757692098617554
YDR447C,YDR088C,0,0.44604024,0.1195724755525589,0.9179487228393555,0.6758974194526672
YLL013C,YGR184C,0,0.44584188,0.11955251544713974,0.9179487228393555,0.6760256290435791
YGL141W,YBL090W,0,0.44532284,0.11953255534172058,0.9179487228393555,0.676153838634491
YEL038W,YDL120W,0,0.4452971,0.11951260268688202,0.9179487228393555,0.6762820482254028
YPR063C,YLR212C,0,0.4452019,0.11949265748262405,0.9179487228393555,0.6764102578163147
YER184C,YBR122C,0,0.44500914,0.11947271972894669,0.9179487228393555,0.6765384674072266
YHR215W,YKR009C,0,0.44483206,0.11945278942584991,0.9179487228393555,0.6766666769981384
YBR176W,YML125C,0,0.44454166,0.11943285912275314,0.9179487228393555,0.6767948865890503
YGR184C,YPL038W,0,0.4444482,0.11941294372081757,0.9179487228393555,0.6769230961799622
YOR278W,YEL017C-A,0,0.44385383,0.11939302831888199,0.9179487228393555,0.677051305770874
YCR096C,YDL184C,0,0.44244382,0.1193731278181076,0.9179487228393555,0.6771795153617859
YGL211W,YFR008W,0,0.44234082,0.11935322731733322,0.9179487228393555,0.677307665348053
YIR006C,YJL190C,0,0.44189808,0.11933333426713943,0.9179487228393555,0.6774358749389648
YCL075W,YKL034W,0,0.44185075,0.11931344866752625,0.9179487228393555,0.6775640845298767
YDR236C,YHR181W,0,0.4417704,0.11929357051849365,0.9179487228393555,0.6776922941207886
YGR009C,YDL180W,0,0.44167373,0.11927369982004166,0.9179487228393555,0.6778205037117004
YBR198C,YOR347C,0,0.44144866,0.11925382912158966,0.9179487228393555,0.6779487133026123
YER068W,YKR050W,0,0.4409971,0.11923397332429886,0.9179487228393555,0.6780769228935242
YHL040C,YGL161C,0,0.44076404,0.11921411752700806,0.9179487228393555,0.678205132484436
YJR065C,YHR140W,0,0.4404947,0.11919427663087845,0.9179487228393555,0.6783333420753479
YLL038C,YGR194C,0,0.4397981,0.11917443573474884,0.9179487228393555,0.6784615516662598
YOR181W,YGR184C,0,0.439602,0.11915460228919983,0.9179487228393555,0.6785897612571716
YCL055W,YPL090C,0,0.43953046,0.11913477629423141,0.9179487228393555,0.6787179708480835
YHR181W,YJL121C,0,0.43929347,0.1191149577498436,0.9179487228393555,0.6788461804389954
YOR384W,YAR044W,0,0.43911216,0.11909514665603638,0.9179487228393555,0.6789743304252625
YDR231C,YOL157C,0,0.43750092,0.11907533556222916,0.9179487228393555,0.6791025400161743
YGL128C,YNL217W,0,0.43739048,0.11905553936958313,0.9179487228393555,0.6792307496070862
YPR118W,YAR010C,0,0.4369916,0.1190357431769371,0.9179487228393555,0.679358959197998
YDR536W,YDR418W,0,0.43644318,0.11901595443487167,0.9179487228393555,0.6794871687889099
YGR135W,YMR311C,0,0.43550757,0.11899618059396744,0.9179487228393555,0.6796153783798218
YBR058C,YJL148W,0,0.43547282,0.1189764067530632,0.9179487228393555,0.6797435879707336
YLR100W,YOR131C,0,0.435415,0.11895664036273956,0.9179487228393555,0.6798717975616455
YCL066W,YER045C,0,0.4349402,0.11893687397241592,0.9179487228393555,0.6800000071525574
YNL039W,YGL003C,0,0.43481287,0.11891712248325348,0.9179487228393555,0.6801282167434692
YGR159C,YGR026W,0,0.43400607,0.11889737844467163,0.9179487228393555,0.6802564263343811
YLR097C,YJL097W,0,0.43342468,0.11887763440608978,0.9179487228393555,0.680384635925293
YEL017C-A,YGR218W,0,0.43340728,0.11885790526866913,0.9179487228393555,0.6805128455162048
YJL097W,YLR438C-A,0,0.43098995,0.11883817613124847,0.9179487228393555,0.6806410551071167
YDR424C,YLR008C,0,0.43087825,0.11881845444440842,0.9179487228393555,0.6807692050933838
YJL106W,YPL202C,0,0.43081102,0.11879874020814896,0.9179487228393555,0.6808974146842957
YGR002C,YNL268W,0,0.43041548,0.11877903342247009,0.9179487228393555,0.6810256242752075
YDR052C,YDL101C,1,0.43000558,0.11892519146203995,0.9192307591438293,0.6810256242752075
YML040W,YJR010C-A,0,0.42931685,0.11890546977519989,0.9192307591438293,0.6811538338661194
YOL117W,YGR075C,0,0.42930308,0.11888575553894043,0.9192307591438293,0.6812820434570312
YDL231C,YLR127C,0,0.42881593,0.11886604875326157,0.9192307591438293,0.6814102530479431
YDR533C,YOR270C,0,0.4287922,0.1188463419675827,0.9192307591438293,0.681538462638855
YPL059W,YJR143C,0,0.42830893,0.11882665008306503,0.9192307591438293,0.6816666722297668
YMR188C,YCL055W,0,0.42825124,0.11880695819854736,0.9192307591438293,0.6817948818206787
YDR440W,YMR184W,0,0.42785624,0.11878727376461029,0.9192307591438293,0.6819230914115906
YBR289W,YFR006W,0,0.4278349,0.11876759678125381,0.9192307591438293,0.6820513010025024
YLR266C,YPR192W,0,0.42713854,0.11874792724847794,0.9192307591438293,0.6821795105934143
YFR006W,YGR076C,0,0.42693588,0.11872826516628265,0.9192307591438293,0.6823077201843262
YPL143W,YDR116C,0,0.42668894,0.11870861053466797,0.9192307591438293,0.6824358701705933
YDR074W,YOL005C,0,0.42640516,0.11868895590305328,0.9192307591438293,0.6825640797615051
YDL190C,YIL171W,0,0.42636296,0.11866931617259979,0.9192307591438293,0.682692289352417
YGL147C,YOL002C,0,0.42633805,0.1186496764421463,0.9192307591438293,0.6828204989433289
YFR003C,YJL121C,0,0.42625734,0.11863004416227341,0.9192307591438293,0.6829487085342407
YMR201C,YER044C,0,0.42623672,0.11861041933298111,0.9192307591438293,0.6830769181251526
YNL191W,YPL186C,0,0.42605063,0.11859080195426941,0.9192307591438293,0.6832051277160645
YLR343W,YOR066W,0,0.4260156,0.1185711920261383,0.9192307591438293,0.6833333373069763
YHL044W,YBR198C,0,0.42560342,0.1185515895485878,0.9192307591438293,0.6834615468978882
YOR356W,YMR045C,0,0.42554042,0.11853198707103729,0.9192307591438293,0.6835897564888
YCR040W,YPR081C,0,0.42553374,0.11851239949464798,0.9192307591438293,0.6837179660797119
YMR043W,YGL251C,1,0.42536762,0.11865807324647903,0.9205127954483032,0.6837179660797119
YDR448W,YOR057W,0,0.4239426,0.11863846331834793,0.9205127954483032,0.6838461756706238
YML012W,YKL198C,0,0.42332336,0.11861886829137802,0.9205127954483032,0.6839743852615356
YDR130C,YPL202C,0,0.42280528,0.11859927326440811,0.9205127954483032,0.6841025352478027
YLR283W,YNR007C,0,0.4221891,0.1185796856880188,0.9205127954483032,0.6842307448387146
YLR096W,YNR061C,0,0.4214122,0.11856010556221008,0.9205127954483032,0.6843589544296265
YOR396W,YDR047W,0,0.42129096,0.11854053288698196,0.9205127954483032,0.6844871640205383
YHR147C,YHR036W,0,0.42106065,0.11852096766233444,0.9205127954483032,0.6846153736114502
YML043C,YOR014W,0,0.42069224,0.11850140243768692,0.9205127954483032,0.6847435832023621
YDL210W,YKR061W,0,0.42040727,0.11848184466362,0.9205127954483032,0.6848717927932739
YLR414C,YOR039W,0,0.42031738,0.11846230179071426,0.9205127954483032,0.6850000023841858
YJR134C,YOL002C,0,0.41949233,0.11844275891780853,0.9205127954483032,0.6851282119750977
YHR028C,YBR166C,0,0.4186922,0.1184232234954834,0.9205127954483032,0.6852564215660095
YGR218W,YMR012W,0,0.41845205,0.11840369552373886,0.9205127954483032,0.6853846311569214
YPL031C,YHR136C,0,0.41786107,0.11838417500257492,0.9205127954483032,0.6855128407478333
YBR273C,YBL021C,0,0.41778943,0.11836465448141098,0.9205127954483032,0.6856410503387451
YLR098C,YPL281C,0,0.41739258,0.11834514886140823,0.9205127954483032,0.685769259929657
YHL024W,YBL023C,1,0.41722605,0.11849044263362885,0.9217948913574219,0.685769259929657
YHR117W,YAL062W,0,0.41636088,0.11847091466188431,0.9217948913574219,0.6858974099159241
YDR033W,YNL289W,0,0.41624638,0.11845140159130096,0.9217948913574219,0.6860256195068359
YER174C,YBR299W,0,0.4162198,0.11843188852071762,0.9217948913574219,0.6861538290977478
YOL005C,YER012W,0,0.4155781,0.11841238290071487,0.9217948913574219,0.6862820386886597
YHR147C,YBR213W,0,0.41467783,0.11839288473129272,0.9217948913574219,0.6864102482795715
YMR088C,YDL166C,0,0.4143423,0.11837339401245117,0.9217948913574219,0.6865384578704834
YER131W,YGR188C,0,0.41360292,0.11835391074419022,0.9217948913574219,0.6866666674613953
YIL150C,YKL017C,1,0.41333422,0.11849901080131531,0.9230769276618958,0.6866666674613953
YBR033W,YGR063C,0,0.4129717,0.11847951263189316,0.9230769276618958,0.6867948770523071
YIL078W,YPR122W,0,0.4124945,0.1184600219130516,0.9230769276618958,0.686923086643219
YGR292W,YGR106C,0,0.41231778,0.11844053119421005,0.9230769276618958,0.6870512962341309
YNL129W,YHR011W,0,0.41209182,0.1184210553765297,0.9230769276618958,0.6871795058250427
YDR533C,YPR098C,0,0.41191295,0.11840157955884933,0.9230769276618958,0.6873077154159546
YNL136W,YGR123C,0,0.41150793,0.11838211119174957,0.9230769276618958,0.6874359250068665
YLR212C,YDR086C,0,0.41142753,0.11836265027523041,0.9230769276618958,0.6875640749931335
YMR221C,YGL095C,0,0.41117135,0.11834319680929184,0.9230769276618958,0.6876922845840454
YDL229W,YOR290C,0,0.41015598,0.11832374334335327,0.9230769276618958,0.6878204941749573
YOR257W,YDL184C,0,0.40908024,0.1183043047785759,0.9230769276618958,0.6879487037658691
YPL106C,YKL109W,0,0.40903422,0.11828486621379852,0.9230769276618958,0.688076913356781
YDR247W,YMR071C,0,0.40794656,0.11826544255018234,0.9230769276618958,0.6882051229476929
YDR036C,YDR390C,0,0.4074895,0.11824601888656616,0.9230769276618958,0.6883333325386047
YLR286C,YBR213W,0,0.40677753,0.11822660267353058,0.9230769276618958,0.6884615421295166
YDR069C,YJR068W,1,0.40671155,0.11837136745452881,0.9243589639663696,0.6884615421295166
YLR096W,YMR022W,0,0.40600237,0.11835193634033203,0.9243589639663696,0.6885897517204285
YLR192C,YML042W,0,0.40587685,0.11833251267671585,0.9243589639663696,0.6887179613113403
YJL156C,YDR247W,0,0.40575066,0.11831309646368027,0.9243589639663696,0.6888461709022522
YHR215W,YMR204C,0,0.4053792,0.11829368025064468,0.9243589639663696,0.6889743804931641
YKL178C,YDR018C,0,0.40501747,0.1182742789387703,0.9243589639663696,0.6891025900840759
YDR436W,YNL115C,0,0.4048443,0.1182548776268959,0.9243589639663696,0.689230740070343
YMR307W,YLR237W,0,0.4045932,0.11823548376560211,0.9243589639663696,0.6893589496612549
YPL194W,YDR390C,0,0.40432224,0.11821609735488892,0.9243589639663696,0.6894871592521667
YLR238W,YKL059C,0,0.40421668,0.11819671839475632,0.9243589639663696,0.6896153688430786
YER027C,YPL204W,0,0.40408626,0.11817734688520432,0.9243589639663696,0.6897435784339905
YPL106C,YKL004W,0,0.4037784,0.11815798282623291,0.9243589639663696,0.6898717880249023
YHR046C,YOR061W,0,0.4034905,0.1181386187672615,0.9243589639663696,0.6899999976158142
YGL229C,YBR058C,0,0.40280136,0.1181192696094513,0.9243589639663696,0.6901282072067261
YDL007W,YDR443C,0,0.40254578,0.11809992045164108,0.9243589639663696,0.6902564167976379
YMR281W,YJL065C,0,0.40228286,0.11808057874441147,0.9243589639663696,0.6903846263885498
YLR008C,YDL085W,0,0.4016256,0.11806124448776245,0.9243589639663696,0.6905128359794617
YDR425W,YDR420W,0,0.40140578,0.11804191023111343,0.9243589639663696,0.6906410455703735
YML125C,YMR017W,0,0.39992616,0.11802259087562561,0.9243589639663696,0.6907692551612854
YPL269W,YOL157C,0,0.39949808,0.11800327152013779,0.9243589639663696,0.6908974647521973
YBL088C,YDL205C,0,0.39948985,0.11798396706581116,0.9243589639663696,0.6910256147384644
YPL048W,YBR185C,0,0.3992428,0.11796466261148453,0.9243589639663696,0.6911538243293762
YOR179C,YJR098C,0,0.3989329,0.1179453656077385,0.9243589639663696,0.6912820339202881
YFL036W,YGR154C,0,0.397768,0.11792606860399246,0.9243589639663696,0.6914102435112
YDR511W,YGR162W,0,0.39755234,0.11790678650140762,0.9243589639663696,0.6915384531021118
YGL089C,YLR086W,0,0.39711997,0.11788751184940338,0.9243589639663696,0.6916666626930237
YGR037C,YAL025C,0,0.3970134,0.11786823719739914,0.9243589639663696,0.6917948722839355
YGL128C,YPR041W,0,0.39675578,0.1178489699959755,0.9243589639663696,0.6919230818748474
YBR286W,YGR223C,0,0.39651248,0.11782971024513245,0.9243589639663696,0.6920512914657593
YIR036C,YBL037W,0,0.39604828,0.11781045794487,0.9243589639663696,0.6921795010566711
YIL115C,YPR021C,0,0.39560124,0.11779121309518814,0.9243589639663696,0.692307710647583
YIL172C,YDR056C,0,0.3947396,0.11777196824550629,0.9243589639663696,0.6924359202384949
YMR166C,YLR106C,0,0.394563,0.11775273829698563,0.9243589639663696,0.6925641298294067
YDL129W,YGL211W,0,0.39438936,0.11773350834846497,0.9243589639663696,0.6926922798156738
YLR097C,YJR058C,0,0.39379212,0.1177142858505249,0.9243589639663696,0.6928204894065857
YFL029C,YCL031C,0,0.39329407,0.11769507080316544,0.9243589639663696,0.6929486989974976
YGR062C,YBL010C,0,0.3928297,0.11767586320638657,0.9243589639663696,0.6930769085884094
YDR253C,YNL301C,0,0.39265248,0.1176566556096077,0.9243589639663696,0.6932051181793213
YMR130W,YKL028W,0,0.39210328,0.11763746291399002,0.9243589639663696,0.6933333277702332
YGR106C,YLR100W,0,0.3919892,0.11761827021837234,0.9243589639663696,0.693461537361145
YDR466W,YDR524C,0,0.3918638,0.11759908497333527,0.9243589639663696,0.6935897469520569
YJR104C,YMR312W,0,0.39161298,0.11757990717887878,0.9243589639663696,0.6937179565429688
YHR067W,YIL051C,0,0.39146218,0.1175607368350029,0.9243589639663696,0.6938461661338806
YKL178C,YLR147C,0,0.39139697,0.11754157394170761,0.9243589639663696,0.6939743757247925
YNR050C,YJL008C,0,0.3911114,0.11752241104841232,0.9243589639663696,0.6941025853157043
YCR081W,YIR037W,0,0.39100596,0.11750326305627823,0.9243589639663696,0.6942307949066162
YCR077C,YFR006W,0,0.39042613,0.11748411506414413,0.9243589639663696,0.6943589448928833
YPL160W,YDR483W,0,0.39016673,0.11746497452259064,0.9243589639663696,0.6944871544837952
YDR481C,YEL064C,0,0.38989946,0.11744584143161774,0.9243589639663696,0.694615364074707
YDR283C,YNL115C,0,0.38980052,0.11742670834064484,0.9243589639663696,0.6947435736656189
YNR016C,YBL021C,0,0.38937077,0.11740759015083313,0.9243589639663696,0.6948717832565308
YIL074C,YCL047C,0,0.3884224,0.11738847196102142,0.9243589639663696,0.6949999928474426
YNL330C,YPL048W,0,0.38764843,0.11736936122179031,0.9243589639663696,0.6951282024383545
YBR041W,YJL125C,0,0.38721403,0.1173502579331398,0.9243589639663696,0.6952564120292664
YKR014C,YHR025W,0,0.38670084,0.11733116209506989,0.9243589639663696,0.6953846216201782
YGR220C,YDL184C,0,0.385551,0.11731207370758057,0.9243589639663696,0.6955128312110901
YAL003W,YJR089W,0,0.3853223,0.11729298532009125,0.9243589639663696,0.695641040802002
YFL029C,YDL200C,0,0.38530728,0.11727391183376312,0.9243589639663696,0.6957692503929138
YHR092C,YLL001W,0,0.38461283,0.117254838347435,0.9243589639663696,0.6958974599838257
YLR074C,YIL160C,0,0.38442776,0.11723577231168747,0.9243589639663696,0.6960256695747375
YMR163C,YER045C,0,0.38389894,0.11721671372652054,0.9243589639663696,0.6961538195610046
YPL281C,YNL135C,0,0.3835425,0.1171976625919342,0.9243589639663696,0.6962820291519165
YDR479C,YDR032C,0,0.38293472,0.11717861145734787,0.9243589639663696,0.6964102387428284
YKL088W,YMR139W,0,0.38252476,0.11715956777334213,0.9243589639663696,0.6965384483337402
YDR388W,YCR010C,0,0.38251528,0.11714053899049759,0.9243589639663696,0.6966666579246521
YLR170C,YDL130W-A,0,0.38235423,0.11712151020765305,0.9243589639663696,0.696794867515564
YLR276C,YMR017W,0,0.38234326,0.1171024814248085,0.9243589639663696,0.6969230771064758
YMR292W,YMR109W,0,0.381651,0.11708346754312515,0.9243589639663696,0.6970512866973877
YBR092C,YNL136W,0,0.38151202,0.1170644611120224,0.9243589639663696,0.6971794962882996
YJR013W,YER096W,0,0.3814846,0.11704545468091965,0.9243589639663696,0.6973077058792114
YDR096W,YLR176C,0,0.38117692,0.11702645570039749,0.9243589639663696,0.6974359154701233
YDL210W,YER061C,0,0.38110575,0.11700746417045593,0.9243589639663696,0.6975641250610352
YHR143W,YBR122C,0,0.3809801,0.11698848009109497,0.9243589639663696,0.697692334651947
YGL213C,YOL103W,0,0.38095024,0.1169695034623146,0.9243589639663696,0.6978204846382141
YHR021C,YDR086C,0,0.3799477,0.11695052683353424,0.9243589639663696,0.697948694229126
YLR266C,YDL099W,0,0.3797218,0.11693155765533447,0.9243589639663696,0.6980769038200378
YBL106C,YER053C,0,0.37970242,0.1169125959277153,0.9243589639663696,0.6982051134109497
YDR270W,YHR013C,0,0.37884423,0.11689364165067673,0.9243589639663696,0.6983333230018616
YDR507C,YDR103W,0,0.37772104,0.11687469482421875,0.9243589639663696,0.6984615325927734
YGR076C,YOL109W,0,0.37706456,0.11685575544834137,0.9243589639663696,0.6985897421836853
YCR020C,YDR038C,0,0.37702104,0.11683681607246399,0.9243589639663696,0.6987179517745972
YGL119W,YIL138C,0,0.3768545,0.1168178841471672,0.9243589639663696,0.698846161365509
YGR009C,YMR204C,0,0.37665042,0.11679895967245102,0.9243589639663696,0.6989743709564209
YKL195W,YPR047W,0,0.3764592,0.11678004264831543,0.9243589639663696,0.6991025805473328
YJR058C,YOL109W,0,0.37620458,0.11676113307476044,0.9243589639663696,0.6992307901382446
YLR008C,YPL103C,0,0.37508282,0.11674223095178604,0.9243589639663696,0.6993589997291565
YGR026W,YKL183W,0,0.3738297,0.11672332882881165,0.9243589639663696,0.6994871497154236
YOR151C,YFR006W,0,0.37339696,0.11670443415641785,0.9243589639663696,0.6996153593063354
YAL010C,YDR418W,0,0.3724489,0.11668554693460464,0.9243589639663696,0.6997435688972473
YDL231C,YLR038C,0,0.3721145,0.11666666716337204,0.9243589639663696,0.6998717784881592
YIL109C,YNL301C,0,0.37138656,0.11664779484272003,0.9243589639663696,0.699999988079071
YNL291C,YLR098C,0,0.37032434,0.11662892252206802,0.9243589639663696,0.7001281976699829
YPR036W,YJL189W,0,0.36997113,0.11661005765199661,0.9243589639663696,0.7002564072608948
YFR008W,YOR221C,0,0.36980376,0.1165912002325058,0.9243589639663696,0.7003846168518066
YNL330C,YPL028W,0,0.36972877,0.11657235026359558,0.9243589639663696,0.7005128264427185
YAL023C,YGL031C,0,0.3694097,0.11655350774526596,0.9243589639663696,0.7006410360336304
YDR096W,YPL186C,0,0.36896732,0.11653467267751694,0.9243589639663696,0.7007692456245422
YHL024W,YDR501W,1,0.36865303,0.11667744070291519,0.9256410002708435,0.7007692456245422
YJR135C,YMR208W,0,0.36842427,0.11665859073400497,0.9256410002708435,0.7008974552154541
YHR021C,YGR162W,0,0.36734357,0.11663974076509476,0.9256410002708435,0.701025664806366
YER025W,YNL189W,0,0.36698428,0.11662089824676514,0.9256410002708435,0.7011538743972778
YDR532C,YGL089C,0,0.36647227,0.11660207062959671,0.9256410002708435,0.7012820243835449
YDL099W,YHR064C,0,0.36614808,0.11658323556184769,0.9256410002708435,0.7014102339744568
YFL036W,YNL091W,0,0.36595032,0.11656441539525986,0.9256410002708435,0.7015384435653687
YDL164C,YDL056W,1,0.36561963,0.11670701950788498,0.9269230961799622,0.7015384435653687
YML040W,YER113C,0,0.36500868,0.11668818444013596,0.9269230961799622,0.7016666531562805
YNL311C,YMR122W-A,0,0.36438045,0.11666935682296753,0.9269230961799622,0.7017948627471924
YPR156C,YGL090W,0,0.3633798,0.1166505292057991,0.9269230961799622,0.7019230723381042
YLR427W,YOR290C,0,0.36326107,0.11663171648979187,0.9269230961799622,0.7020512819290161
YJL143W,YDL136W,0,0.36318728,0.11661290377378464,0.9269230961799622,0.702179491519928
YIL150C,YDR069C,1,0.36292645,0.11675535887479782,0.928205132484436,0.702179491519928
YGR058W,YDR238C,0,0.362884,0.11673653870820999,0.928205132484436,0.7023077011108398
YGR184C,YML048W,0,0.3622106,0.11671771854162216,0.928205132484436,0.7024359107017517
YNL242W,YOL072W,0,0.36146507,0.11669890582561493,0.928205132484436,0.7025641202926636
YML125C,YHR160C,0,0.36132237,0.1166800931096077,0.928205132484436,0.7026923298835754
YGR189C,YOL056W,0,0.3606157,0.11666129529476166,0.928205132484436,0.7028205394744873
YHR143W,YLR201C,0,0.36051163,0.11664249747991562,0.928205132484436,0.7029486894607544
YNL166C,YPL123C,0,0.36039278,0.11662371456623077,0.928205132484436,0.7030768990516663
YML074C,YDR044W,0,0.36009583,0.11660493165254593,0.928205132484436,0.7032051086425781
YHR143W,YML042W,0,0.35996982,0.11658614873886108,0.928205132484436,0.70333331823349
YAL034W-A,YLR441C,0,0.35966572,0.11656738072633743,0.928205132484436,0.7034615278244019
YJR110W,YER161C,0,0.35805085,0.11654861271381378,0.928205132484436,0.7035897374153137
YJL143W,YMR086W,0,0.35671446,0.11652985960245132,0.928205132484436,0.7037179470062256
YLR396C,YMR022W,0,0.35621855,0.11651110649108887,0.928205132484436,0.7038461565971375
YNL039W,YOR396W,0,0.3561789,0.116492360830307,0.928205132484436,0.7039743661880493
YNR022C,YFR007W,0,0.35583255,0.11647361516952515,0.928205132484436,0.7041025757789612
YCR020C,YOR127W,0,0.35551116,0.11645488440990448,0.928205132484436,0.704230785369873
YBL057C,YGR014W,0,0.35490575,0.11643615365028381,0.928205132484436,0.7043589949607849
YOR381W,YNL325C,0,0.354445,0.11641743034124374,0.928205132484436,0.7044872045516968
YHL044W,YJR033C,0,0.35432312,0.11639871448278427,0.928205132484436,0.7046154141426086
YDR107C,YCL059C,0,0.35360047,0.1163800060749054,0.928205132484436,0.7047435641288757
YPR178W,YPR081C,0,0.35345396,0.11636129766702652,0.928205132484436,0.7048717737197876
YPR156C,YDL095W,0,0.35230193,0.11634259670972824,0.928205132484436,0.7049999833106995
YDR347W,YPL101W,0,0.35115322,0.11632391065359116,0.928205132484436,0.7051281929016113
YLR126C,YGR295C,0,0.35113558,0.11630522459745407,0.928205132484436,0.7052564024925232
YMR188C,YNL339C,0,0.35040256,0.11628653854131699,0.928205132484436,0.7053846120834351
YHR143W,YNL146W,0,0.35035166,0.1162678673863411,0.928205132484436,0.7055128216743469
YMR188C,YJR126C,0,0.3501179,0.1162491962313652,0.928205132484436,0.7056410312652588
YPL101W,YDL095W,0,0.3500428,0.11623053252696991,0.928205132484436,0.7057692408561707
YOL152W,YLR265C,0,0.35001615,0.11621187627315521,0.928205132484436,0.7058974504470825
YFL029C,YER020W,0,0.34954205,0.11619322746992111,0.928205132484436,0.7060256600379944
YJR097W,YDR487C,0,0.34874806,0.11617458611726761,0.928205132484436,0.7061538696289062
YDR436W,YOR127W,0,0.3486013,0.1161559447646141,0.928205132484436,0.7062820792198181
YPL106C,YLR010C,0,0.34858808,0.1161373108625412,0.928205132484436,0.7064102292060852
YNL291C,YPR005C,0,0.34829804,0.11611868441104889,0.928205132484436,0.7065384387969971
YDR466W,YOL147C,0,0.34776983,0.11610006541013718,0.928205132484436,0.7066666483879089
YOL100W,YPL074W,0,0.34698758,0.11608144640922546,0.928205132484436,0.7067948579788208
YFL029C,YPR156C,0,0.3467184,0.11606284230947495,0.928205132484436,0.7069230675697327
YDL143W,YDR236C,0,0.3466085,0.11604423820972443,0.928205132484436,0.7070512771606445
YDR197W,YLR441C,0,0.34607682,0.1160256415605545,0.928205132484436,0.7071794867515564
YOL067C,YGR194C,0,0.34537753,0.11600705236196518,0.928205132484436,0.7073076963424683
YOR063W,YLR147C,0,0.34472188,0.11598846316337585,0.928205132484436,0.7074359059333801
YOL030W,YCR028C,0,0.34316894,0.11596988886594772,0.928205132484436,0.707564115524292
YDR388W,YOR242C,0,0.3429936,0.11595131456851959,0.928205132484436,0.7076923251152039
YNL112W,YEL021W,0,0.3426737,0.11593274772167206,0.928205132484436,0.7078205347061157
YCR029C-A,YGR008C,0,0.34235677,0.11591418832540512,0.928205132484436,0.7079487442970276
YJL041W,YNL191W,0,0.34198263,0.11589562892913818,0.928205132484436,0.7080768942832947
YML063W,YIR009W,0,0.34140775,0.11587707698345184,0.928205132484436,0.7082051038742065
YDR326C,YLR158C,0,0.34094402,0.1158585399389267,0.928205132484436,0.7083333134651184
YDR238C,YBR035C,0,0.34029034,0.11584000289440155,0.928205132484436,0.7084615230560303
YNL162W,YNR016C,0,0.34008887,0.1158214658498764,0.928205132484436,0.7085897326469421
YIL034C,YPL177C,0,0.33948275,0.11580294370651245,0.928205132484436,0.708717942237854
YDR242W,YNL227C,0,0.3394334,0.1157844215631485,0.928205132484436,0.7088461518287659
YLR396C,YBR241C,0,0.33907893,0.11576590687036514,0.928205132484436,0.7089743614196777
YML124C,YIR023W,0,0.33815274,0.11574739962816238,0.928205132484436,0.7091025710105896
YAR015W,YGL211W,0,0.3377469,0.11572889983654022,0.928205132484436,0.7092307806015015
YLR086W,YLR448W,0,0.33751324,0.11571040749549866,0.928205132484436,0.7093589901924133
YOR143C,YPL103C,0,0.33743808,0.11569191515445709,0.928205132484436,0.7094871997833252
YOR131C,YGR162W,0,0.33688465,0.11567343026399612,0.928205132484436,0.7096154093742371
YBR297W,YMR071C,0,0.3368725,0.11565495282411575,0.928205132484436,0.7097436189651489
YPR063C,YNL015W,0,0.33671948,0.11563648283481598,0.928205132484436,0.709871768951416
YPR102C,YDR101C,0,0.33571616,0.1156180128455162,0.928205132484436,0.7099999785423279
YNL001W,YML037C,0,0.33530256,0.11559955030679703,0.928205132484436,0.7101281881332397
YNL166C,YLR158C,0,0.3351604,0.11558109521865845,0.928205132484436,0.7102563977241516
YDR425W,YPL271W,0,0.3351114,0.11556264758110046,0.928205132484436,0.7103846073150635
YER025W,YAL034W-A,0,0.33507857,0.11554420739412308,0.928205132484436,0.7105128169059753
YAR019C,YER082C,0,0.3349727,0.11552576720714569,0.928205132484436,0.7106410264968872
YIL125W,YMR051C,0,0.33465865,0.1155073419213295,0.928205132484436,0.7107692360877991
YLR427W,YPL154C,0,0.3342639,0.1154889166355133,0.928205132484436,0.7108974456787109
YER061C,YBL090W,0,0.3338733,0.11547049134969711,0.928205132484436,0.7110256552696228
YOR067C,YGL084C,0,0.33369067,0.11545208096504211,0.928205132484436,0.7111538648605347
YBR012W-A,YMR302C,0,0.33364174,0.11543367058038712,0.928205132484436,0.7112820744514465
YOR143C,YBL064C,0,0.333374,0.11541527509689331,0.928205132484436,0.7114102840423584
YHR044C,YIL136W,0,0.3331717,0.1153968796133995,0.928205132484436,0.7115384340286255
YDR481C,YMR204C,0,0.33310035,0.1153784841299057,0.928205132484436,0.7116666436195374
YBL064C,YKL179C,0,0.33273658,0.11536010354757309,0.928205132484436,0.7117948532104492
YDR326C,YAL062W,0,0.33259872,0.11534172296524048,0.928205132484436,0.7119230628013611
YDR248C,YIL111W,0,0.33253583,0.11532334983348846,0.928205132484436,0.712051272392273
YPR108W,YMR122W-A,0,0.33239302,0.11530498415231705,0.928205132484436,0.7121794819831848
YIL172C,YBR241C,0,0.3304821,0.11528662592172623,0.928205132484436,0.7123076915740967
YKL154W,YBR207W,0,0.33016554,0.1152682676911354,0.928205132484436,0.7124359011650085
YML054C,YLL009C,0,0.3300403,0.11524991691112518,0.928205132484436,0.7125641107559204
YER086W,YBR251W,0,0.32988235,0.11523157358169556,0.928205132484436,0.7126923203468323
YGL173C,YNL330C,0,0.32943562,0.11521323770284653,0.928205132484436,0.7128205299377441
YKR050W,YER164W,0,0.3288435,0.1151949092745781,0.928205132484436,0.712948739528656
YIL072W,YOR233W,0,0.32780263,0.11517658084630966,0.928205132484436,0.7130769491195679
YIL039W,YGL178W,0,0.32712182,0.11515825986862183,0.928205132484436,0.713205099105835
YML116W,YJR010C-A,0,0.32702258,0.11513994634151459,0.928205132484436,0.7133333086967468
YJR060W,YDR443C,0,0.32516244,0.11512164026498795,0.928205132484436,0.7134615182876587
YGR054W,YDL065C,0,0.32508573,0.1151033416390419,0.928205132484436,0.7135897278785706
YIL090W,YNL191W,0,0.32492706,0.11508504301309586,0.928205132484436,0.7137179374694824
YDR251W,YOR039W,0,0.3246691,0.11506675183773041,0.928205132484436,0.7138461470603943
YMR088C,YPL092W,0,0.32381037,0.11504846811294556,0.928205132484436,0.7139743566513062
YOR228C,YPR070W,0,0.3223847,0.1150301843881607,0.928205132484436,0.714102566242218
YJL052W,YDR120C,0,0.32168815,0.11501191556453705,0.928205132484436,0.7142307758331299
YBR036C,YLR286C,0,0.3202246,0.11499364674091339,0.928205132484436,0.7143589854240417
YHL024W,YOR080W,1,0.32000527,0.11513419449329376,0.9294871687889099,0.7143589854240417
YNL166C,YHL047C,0,0.319177,0.11511591076850891,0.9294871687889099,0.7144871950149536
YGL021W,YCR009C,0,0.3190938,0.11509763449430466,0.9294871687889099,0.7146154046058655
YLR385C,YMR071C,0,0.31877372,0.115079365670681,0.9294871687889099,0.7147436141967773
YDL138W,YLR078C,0,0.3181331,0.11506110429763794,0.9294871687889099,0.7148718237876892
YOR116C,YGL253W,0,0.3179035,0.11504284292459488,0.9294871687889099,0.7149999737739563
YOR075W,YOR014W,0,0.31750128,0.11502458900213242,0.9294871687889099,0.7151281833648682
YLR048W,YJR126C,0,0.316866,0.11500634253025055,0.9294871687889099,0.71525639295578
YOR046C,YIR006C,0,0.3161761,0.11498810350894928,0.9294871687889099,0.7153846025466919
YJR025C,YDR320C-A,0,0.3157514,0.11496987193822861,0.9294871687889099,0.7155128121376038
YML125C,YNR045W,0,0.31542942,0.11495164036750793,0.9294871687889099,0.7156410217285156
YMR043W,YDR121W,1,0.31486776,0.1150919497013092,0.9307692050933838,0.7156410217285156
YKL179C,YDR120C,0,0.31461605,0.11507370322942734,0.9307692050933838,0.7157692313194275
YOR181W,YPL194W,0,0.31390163,0.11505546420812607,0.9307692050933838,0.7158974409103394
YLR134W,YPR047W,0,0.31343392,0.11503724008798599,0.9307692050933838,0.7160256505012512
YBR273C,YLR246W,0,0.31186953,0.11501900851726532,0.9307692050933838,0.7161538600921631
YEL017C-A,YKL212W,0,0.3113813,0.11500079184770584,0.9307692050933838,0.716282069683075
YNL086W,YJL106W,0,0.31125817,0.11498257517814636,0.9307692050933838,0.7164102792739868
YDR074W,YMR045C,0,0.31088683,0.11496437340974808,0.9307692050933838,0.7165384888648987
YIL009C-A,YBR035C,0,0.310775,0.11494617164134979,0.9307692050933838,0.7166666388511658
YOR067C,YDR390C,0,0.31039068,0.11492796987295151,0.9307692050933838,0.7167948484420776
YDL192W,YMR208W,0,0.31037673,0.11490978300571442,0.9307692050933838,0.7169230580329895
YBR291C,YPL214C,0,0.3095449,0.11489159613847733,0.9307692050933838,0.7170512676239014
YBR105C,YDR486C,0,0.30946764,0.11487341672182083,0.9307692050933838,0.7171794772148132
YMR316W,YBR048W,0,0.30943558,0.11485524475574493,0.9307692050933838,0.7173076868057251
YPR098C,YPL060W,0,0.30840376,0.11483708024024963,0.9307692050933838,0.717435896396637
YMR139W,YJL044C,0,0.30766985,0.11481891572475433,0.9307692050933838,0.7175641059875488
YNR020C,YGR106C,0,0.30760005,0.11480075865983963,0.9307692050933838,0.7176923155784607
YER180C,YMR045C,0,0.30674037,0.11478260904550552,0.9307692050933838,0.7178205251693726
YIL074C,YPL226W,0,0.3065814,0.11476446688175201,0.9307692050933838,0.7179487347602844
YFR008W,YLR357W,0,0.30591258,0.1147463247179985,0.9307692050933838,0.7180769443511963
YNL015W,YOR221C,0,0.30583414,0.11472819000482559,0.9307692050933838,0.7182051539421082
YOR143C,YDR358W,0,0.30554172,0.11471006274223328,0.9307692050933838,0.7183333039283752
YPL090C,YHR140W,0,0.30546805,0.11469194293022156,0.9307692050933838,0.7184615135192871
YDL190C,YKR105C,0,0.3048962,0.11467383056879044,0.9307692050933838,0.718589723110199
YJL048C,YMR303C,0,0.30485663,0.11465571820735931,0.9307692050933838,0.7187179327011108
YJR110W,YMR006C,0,0.30458602,0.11463761329650879,0.9307692050933838,0.7188461422920227
YJL080C,YIL112W,0,0.30434564,0.11461951583623886,0.9307692050933838,0.7189743518829346
YML124C,YML074C,0,0.30352542,0.11460141837596893,0.9307692050933838,0.7191025614738464
YFR032C-A,YOR211C,0,0.3033208,0.1145833358168602,0.9307692050933838,0.7192307710647583
YFL041W,YPR036W,0,0.30277333,0.11456525325775146,0.9307692050933838,0.7193589806556702
YJR155W,YLL022C,0,0.30254355,0.11454717814922333,0.9307692050933838,0.719487190246582
YMR056C,YNL301C,0,0.30143616,0.11452910304069519,0.9307692050933838,0.7196153998374939
YMR094W,YER120W,0,0.30106303,0.11451104283332825,0.9307692050933838,0.7197436094284058
YDR069C,YOR217W,1,0.3009598,0.11465068906545639,0.9320513010025024,0.7197436094284058
YER096W,YNL101W,0,0.30010876,0.11463260650634766,0.9320513010025024,0.7198718190193176
YLL050C,YOL147C,0,0.29983106,0.11461453884840012,0.9320513010025024,0.7200000286102295
YDR050C,YGR286C,0,0.29937944,0.11459647119045258,0.9320513010025024,0.7201281785964966
YBR241C,YDR380W,0,0.29851916,0.11457841098308563,0.9320513010025024,0.7202563881874084
YNL046W,YPL103C,0,0.29692933,0.11456035077571869,0.9320513010025024,0.7203845977783203
YLR078C,YHR070W,0,0.29683897,0.11454230546951294,0.9320513010025024,0.7205128073692322
YDL229W,YOR257W,0,0.29677853,0.11452426016330719,0.9320513010025024,0.720641016960144
YBL039C,YMR208W,0,0.29621413,0.11450622230768204,0.9320513010025024,0.7207692265510559
YER099C,YOL003C,0,0.29496822,0.11448819190263748,0.9320513010025024,0.7208974361419678
YBL057C,YPL154C,0,0.29414186,0.11447016149759293,0.9320513010025024,0.7210256457328796
YLR126C,YNL015W,0,0.29394808,0.11445213854312897,0.9320513010025024,0.7211538553237915
YGL206C,YGR002C,0,0.29394582,0.1144341230392456,0.9320513010025024,0.7212820649147034
YKL004W,YFL044C,0,0.29373655,0.11441611498594284,0.9320513010025024,0.7214102745056152
YLR371W,YBR084W,0,0.29357997,0.11439811438322067,0.9320513010025024,0.7215384840965271
YOL100W,YOR044W,0,0.29351977,0.1143801137804985,0.9320513010025024,0.721666693687439
YLR074C,YPR073C,0,0.29249415,0.11436212062835693,0.9320513010025024,0.721794843673706
YIL172C,YGL222C,0,0.29178587,0.11434413492679596,0.9320513010025024,0.7219230532646179
YGL223C,YDR358W,0,0.2909281,0.11432614922523499,0.9320513010025024,0.7220512628555298
YGR162W,YOL109W,0,0.2902145,0.1143081784248352,0.9320513010025024,0.7221794724464417
YJR121W,YOR396W,0,0.2893187,0.11429020762443542,0.9320513010025024,0.7223076820373535
YKR058W,YMR023C,0,0.28775057,0.11427224427461624,0.9320513010025024,0.7224358916282654
YER070W,YBR160W,1,0.28693244,0.11441144347190857,0.9333333373069763,0.7224358916282654
YBR166C,YDR534C,0,0.28678915,0.11439346522092819,0.9333333373069763,0.7225641012191772
YHR171W,YML088W,0,0.28647467,0.11437549442052841,0.9333333373069763,0.7226923108100891
YLR097C,YHR160C,0,0.28628644,0.11435752362012863,0.9333333373069763,0.722820520401001
YDL190C,YOR265W,0,0.2860175,0.11433956027030945,0.9333333373069763,0.7229487299919128
YGL249W,YGL031C,0,0.28574213,0.11432160437107086,0.9333333373069763,0.7230769395828247
YBR205W,YPL089C,0,0.28524467,0.11430365592241287,0.9333333373069763,0.7232051491737366
YDR128W,YNL098C,0,0.28508636,0.11428571492433548,0.9333333373069763,0.7233333587646484
YBR036C,YJL033W,0,0.28464004,0.11426777392625809,0.9333333373069763,0.7234615087509155
YJL108C,YOR269W,0,0.28410313,0.11424984037876129,0.9333333373069763,0.7235897183418274
YNR050C,YOR014W,0,0.28403774,0.11423191428184509,0.9333333373069763,0.7237179279327393
YBL106C,YGR001C,0,0.28398296,0.11421399563550949,0.9333333373069763,0.7238461375236511
YLR357W,YKL116C,0,0.28391722,0.11419607698917389,0.9333333373069763,0.723974347114563
YIR036C,YJL156C,0,0.28259322,0.11417816579341888,0.9333333373069763,0.7241025567054749
YGL173C,YJR065C,0,0.28195325,0.11416026204824448,0.9333333373069763,0.7242307662963867
YDR251W,YJL190C,0,0.2819315,0.11414236575365067,0.9333333373069763,0.7243589758872986
YJL143W,YHR215W,0,0.28084156,0.11412446945905685,0.9333333373069763,0.7244871854782104
YAL023C,YDR012W,0,0.2805482,0.11410658061504364,0.9333333373069763,0.7246153950691223
YPR118W,YBL057C,0,0.2802821,0.11408869922161102,0.9333333373069763,0.7247436046600342
YLR126C,YEL017C-A,0,0.27952763,0.114070825278759,0.9333333373069763,0.724871814250946
YGR241C,YPR178W,0,0.27943334,0.11405295133590698,0.9333333373069763,0.7250000238418579
YKR059W,YIR009W,0,0.27913973,0.11403508484363556,0.9333333373069763,0.7251282334327698
YNL322C,YPL017C,0,0.27814892,0.11401722580194473,0.9333333373069763,0.7252563834190369
YGL211W,YBR273C,0,0.27724501,0.1139993742108345,0.9333333373069763,0.7253845930099487
YGL168W,YDR069C,1,0.27715674,0.11413809657096863,0.9346153736114502,0.7253845930099487
YBL017C,YNR016C,0,0.27713284,0.11412022262811661,0.9346153736114502,0.7255128026008606
YHL036W,YHR081W,0,0.2765455,0.11410236358642578,0.9346153736114502,0.7256410121917725
YHR086W,YMR285C,0,0.27641287,0.11408450454473495,0.9346153736114502,0.7257692217826843
YOR386W,YOR014W,0,0.27617797,0.11406665295362473,0.9346153736114502,0.7258974313735962
YNL001W,YGR218W,0,0.27596518,0.11404880881309509,0.9346153736114502,0.7260256409645081
YMR184W,YBL055C,0,0.2757257,0.11403097212314606,0.9346153736114502,0.7261538505554199
YHR206W,YOR014W,0,0.27319923,0.11401313543319702,0.9346153736114502,0.7262820601463318
YCR037C,YOR014W,0,0.27089354,0.11399530619382858,0.9346153736114502,0.7264102697372437
YCR053W,YNL091W,0,0.27075645,0.11397748440504074,0.9346153736114502,0.7265384793281555
YER056C-A,YNR016C,0,0.27062878,0.1139596700668335,0.9346153736114502,0.7266666889190674
YER086W,YER030W,0,0.27031562,0.11394185572862625,0.9346153736114502,0.7267948985099792
YOR315W,YKL179C,0,0.26907435,0.1139240488409996,0.9346153736114502,0.7269230484962463
YGL039W,YJR135W-A,0,0.26843056,0.11390624940395355,0.9346153736114502,0.7270512580871582
YNL077W,YLR237W,0,0.26825568,0.1138884574174881,0.9346153736114502,0.7271794676780701
YOL117W,YPL159C,0,0.26819,0.11387066543102264,0.9346153736114502,0.7273076772689819
YBR058C,YOR396W,0,0.26715162,0.11385288089513779,0.9346153736114502,0.7274358868598938
YPR192W,YBR185C,0,0.26712295,0.11383510380983353,0.9346153736114502,0.7275640964508057
YBR055C,YDR177W,0,0.26609525,0.11381732672452927,0.9346153736114502,0.7276923060417175
YER099C,YOR201C,0,0.2659324,0.1137995645403862,0.9346153736114502,0.7278205156326294
YDL120W,YJR029W,0,0.26515916,0.11378180235624313,0.9346153736114502,0.7279487252235413
YDR320C-A,YKL116C,0,0.2650201,0.11376404762268066,0.9346153736114502,0.7280769348144531
YMR070W,YDR036C,0,0.264505,0.1137462928891182,0.9346153736114502,0.728205144405365
YBR082C,YBL030C,0,0.26197818,0.11372854560613632,0.9346153736114502,0.7283333539962769
YLL038C,YLR441C,0,0.26163384,0.11371081322431564,0.9346153736114502,0.7284615635871887
YJL008C,YGR218W,0,0.2615094,0.11369307339191437,0.9346153736114502,0.7285897731781006
YGR124W,YMR285C,0,0.26095572,0.11367534846067429,0.9346153736114502,0.7287179231643677
YHR105W,YGR223C,0,0.26022133,0.1136576235294342,0.9346153736114502,0.7288461327552795
YGL223C,YBR251W,0,0.25999978,0.11363990604877472,0.9346153736114502,0.7289743423461914
YJL129C,YNL061W,0,0.25978443,0.11362219601869583,0.9346153736114502,0.7291025519371033
YLR204W,YGR001C,0,0.2592058,0.11360448598861694,0.9346153736114502,0.7292307615280151
YDR341C,YPR186C,0,0.2586709,0.11358679085969925,0.9346153736114502,0.729358971118927
YOL152W,YIL101C,0,0.25798056,0.11356908828020096,0.9346153736114502,0.7294871807098389
YBR166C,YDL146W,0,0.257377,0.11355140060186386,0.9346153736114502,0.7296153903007507
YEL054C,YBR097W,0,0.2572573,0.11353372037410736,0.9346153736114502,0.7297435998916626
YLL038C,YLR176C,0,0.25725552,0.11351604014635086,0.9346153736114502,0.7298718094825745
YLR154C,YPR019W,1,0.25595102,0.11365405470132828,0.9358974099159241,0.7298718094825745
YOR389W,YIR017C,0,0.2557436,0.11363636702299118,0.9358974099159241,0.7300000190734863
YHR215W,YGL040C,0,0.25516233,0.11361867934465408,0.9358974099159241,0.7301282286643982
YJR135W-A,YDR483W,0,0.25500527,0.11360099911689758,0.9358974099159241,0.7302564382553101
YOR326W,YMR150C,0,0.25448415,0.11358331888914108,0.9358974099159241,0.7303845882415771
YOR228C,YPL155C,0,0.25416777,0.11356565356254578,0.9358974099159241,0.730512797832489
YDR456W,YLR172C,0,0.25285038,0.11354798823595047,0.9358974099159241,0.7306410074234009
YDL137W,YJL170C,0,0.25246122,0.11353032290935516,0.9358974099159241,0.7307692170143127
YLR172C,YJR143C,0,0.25234893,0.11351267248392105,0.9358974099159241,0.7308974266052246
YER153C,YBR035C,0,0.25217244,0.11349502205848694,0.9358974099159241,0.7310256361961365
YBR296C,YER020W,0,0.2512965,0.11347737908363342,0.9358974099159241,0.7311538457870483
YBR283C,YPL048W,0,0.25129315,0.1134597435593605,0.9358974099159241,0.7312820553779602
YHR025W,YMR312W,0,0.25103316,0.11344211548566818,0.9358974099159241,0.7314102649688721
YBL078C,YHR092C,0,0.24993274,0.11342448741197586,0.9358974099159241,0.7315384745597839
YER025W,YOR308C,0,0.24976072,0.11340686678886414,0.9358974099159241,0.7316666841506958
YGL211W,YDR158W,0,0.24927935,0.11338925361633301,0.9358974099159241,0.7317948937416077
YDL231C,YGL136C,0,0.24791864,0.11337164044380188,0.9358974099159241,0.7319231033325195
YBR001C,YGL119W,0,0.24689648,0.11335403472185135,0.9358974099159241,0.7320512533187866
YDL101C,YPR019W,1,0.2466304,0.11349169164896011,0.9371795058250427,0.7320512533187866
YDR288W,YBR142W,0,0.24660191,0.11347407847642899,0.9371795058250427,0.7321794629096985
YOR151C,YPR028W,0,0.24583474,0.11345646530389786,0.9371795058250427,0.7323076725006104
YAL008W,YBR231C,0,0.24545524,0.11343885958194733,0.9371795058250427,0.7324358820915222
YDR466W,YPR036W,0,0.2451534,0.1134212538599968,0.9371795058250427,0.7325640916824341
YBR024W,YGR194C,0,0.2447733,0.11340366303920746,0.9371795058250427,0.732692301273346
YLR370C,YNL135C,0,0.2435948,0.11338607221841812,0.9371795058250427,0.7328205108642578
YCR053W,YBL055C,0,0.24356863,0.11336848884820938,0.9371795058250427,0.7329487204551697
YHR086W,YML088W,0,0.24343356,0.11335090547800064,0.9371795058250427,0.7330769300460815
YMR264W,YHR052W,0,0.24318245,0.1133333370089531,0.9371795058250427,0.7332051396369934
YLR283W,YAL020C,0,0.24191597,0.11331576853990555,0.9371795058250427,0.7333333492279053
YPL269W,YKL028W,0,0.2416608,0.113298200070858,0.9371795058250427,0.7334615588188171
YEL054C,YPL022W,0,0.24120733,0.11328064650297165,0.9371795058250427,0.733589768409729
YGL021W,YPR192W,0,0.24119797,0.1132630929350853,0.9371795058250427,0.7337179780006409
YMR130W,YPR036W,0,0.24095055,0.11324554681777954,0.9371795058250427,0.733846127986908
YHR147C,YDR047W,0,0.24085096,0.11322800815105438,0.9371795058250427,0.7339743375778198
YJL198W,YGR158C,0,0.24066105,0.11321046948432922,0.9371795058250427,0.7341025471687317
YOR389W,YDL110C,0,0.24061695,0.11319293826818466,0.9371795058250427,0.7342307567596436
YDR529C,YBL057C,0,0.2392523,0.1131754145026207,0.9371795058250427,0.7343589663505554
YER099C,YMR264W,0,0.23852983,0.11315789818763733,0.9371795058250427,0.7344871759414673
YPR031W,YNL115C,0,0.23841497,0.11314038187265396,0.9371795058250427,0.7346153855323792
YDR101C,YDR483W,0,0.23829183,0.11312287300825119,0.9371795058250427,0.734743595123291
YGL173C,YDR022C,0,0.238071,0.11310537159442902,0.9371795058250427,0.7348718047142029
YML077W,YOR131C,0,0.23804471,0.11308787018060684,0.9371795058250427,0.7350000143051147
YDR071C,YOR150W,0,0.23779598,0.11307037621736526,0.9371795058250427,0.7351282238960266
YJR104C,YIR012W,0,0.23717734,0.11305288970470428,0.9371795058250427,0.7352564334869385
YNL046W,YJL164C,0,0.23701164,0.1130354106426239,0.9371795058250427,0.7353846430778503
YHL044W,YMR314W,0,0.23504087,0.11301793158054352,0.9371795058250427,0.7355127930641174
YGR101W,YMR223W,0,0.2349185,0.11300046741962433,0.9371795058250427,0.7356410026550293
YPR102C,YMR292W,0,0.23491046,0.11298299580812454,0.9371795058250427,0.7357692122459412
YMR166C,YOR037W,0,0.23436794,0.11296553909778595,0.9371795058250427,0.735897421836853
YGL035C,YIL051C,0,0.23296043,0.11294808238744736,0.9371795058250427,0.7360256314277649
YPL195W,YCR037C,0,0.23281613,0.11293063312768936,0.9371795058250427,0.7361538410186768
YBL093C,YOR070C,0,0.23281416,0.11291319131851196,0.9371795058250427,0.7362820506095886
YJL019W,YPL022W,0,0.23278567,0.11289574950933456,0.9371795058250427,0.7364102602005005
YDR239C,YPR081C,0,0.23248348,0.11287832260131836,0.9371795058250427,0.7365384697914124
YOR315W,YNL339C,0,0.23106924,0.11286089569330215,0.9371795058250427,0.7366666793823242
YAL021C,YLR154C,1,0.2306436,0.11299783736467361,0.9384615421295166,0.7366666793823242
YNL046W,YIL160C,0,0.22886649,0.11298039555549622,0.9384615421295166,0.7367948889732361
YDR120C,YPR042C,0,0.22805879,0.11296296119689941,0.9384615421295166,0.736923098564148
YHR116W,YOL056W,0,0.22671267,0.11294553428888321,0.9384615421295166,0.7370513081550598
YGR054W,YOR326W,0,0.22664282,0.112928107380867,0.9384615421295166,0.7371794581413269
YJL165C,YNL268W,0,0.22650096,0.1129106879234314,0.9384615421295166,0.7373076677322388
YDL060W,YDL185W,0,0.22640744,0.11289327591657639,0.9384615421295166,0.7374358773231506
YBL106C,YDL144C,0,0.22618148,0.11287586390972137,0.9384615421295166,0.7375640869140625
YDR121W,YGL168W,1,0.22573552,0.1130126416683197,0.9397435784339905,0.7375640869140625
YDL144C,YKL056C,0,0.22560403,0.1129952222108841,0.9397435784339905,0.7376922965049744
YLL013C,YDR520C,0,0.2251536,0.11297780275344849,0.9397435784339905,0.7378205060958862
YJL033W,YBR041W,0,0.22484323,0.11296039819717407,0.9397435784339905,0.7379487156867981
YPR063C,YCL050C,0,0.224664,0.11294298619031906,0.9397435784339905,0.73807692527771
YNL185C,YJL109C,0,0.22437474,0.11292558908462524,0.9397435784339905,0.7382051348686218
YPL059W,YOR244W,0,0.22319993,0.11290819197893143,0.9397435784339905,0.7383333444595337
YHR076W,YPL174C,0,0.22304508,0.1128908023238182,0.9397435784339905,0.7384615540504456
YKR014C,YBR289W,0,0.22285947,0.11287342011928558,0.9397435784339905,0.7385897636413574
YLR099C,YLR120C,0,0.22268257,0.11285604536533356,0.9397435784339905,0.7387179732322693
YHL044W,YMR289W,0,0.22252473,0.11283867061138153,0.9397435784339905,0.7388461828231812
YMR289W,YBL022C,0,0.22239742,0.1128213033080101,0.9397435784339905,0.7389743328094482
YPL022W,YDL180W,0,0.22211084,0.11280393600463867,0.9397435784339905,0.7391025424003601
YML040W,YFL036W,0,0.22181818,0.11278658360242844,0.9397435784339905,0.739230751991272
YBR237W,YJL164C,0,0.22168043,0.1127692312002182,0.9397435784339905,0.7393589615821838
YOR143C,YGR220C,0,0.22045407,0.11275188624858856,0.9397435784339905,0.7394871711730957
YBR022W,YMR022W,0,0.22012678,0.11273454129695892,0.9397435784339905,0.7396153807640076
YLR283W,YPL149W,0,0.2198796,0.11271720379590988,0.9397435784339905,0.7397435903549194
YHR206W,YGR002C,0,0.21973196,0.11269987374544144,0.9397435784339905,0.7398717999458313
YHL024W,YJR068W,1,0.21959147,0.11283627897500992,0.9410256147384644,0.7398717999458313
YJL048C,YBR097W,0,0.21934012,0.11281893402338028,0.9410256147384644,0.7400000095367432
YJR121W,YGR001C,0,0.21908888,0.11280159652233124,0.9410256147384644,0.740128219127655
YLR074C,YHR186C,0,0.2190505,0.11278426647186279,0.9410256147384644,0.7402564287185669
YOR076C,YOR131C,0,0.21851817,0.11276693642139435,0.9410256147384644,0.7403846383094788
YOL138C,YNR040W,0,0.21667734,0.1127496138215065,0.9410256147384644,0.7405128479003906
YML060W,YDR115W,0,0.21650836,0.11273229867219925,0.9410256147384644,0.7406409978866577
YOL005C,YJL121C,0,0.21643534,0.1127149909734726,0.9410256147384644,0.7407692074775696
YDR326C,YBR040W,0,0.21634266,0.11269768327474594,0.9410256147384644,0.7408974170684814
YAL041W,YGL089C,0,0.21587238,0.11268038302659988,0.9410256147384644,0.7410256266593933
YAL023C,YAR018C,0,0.21570256,0.11266308277845383,0.9410256147384644,0.7411538362503052
YDR532C,YGL147C,0,0.21547619,0.11264579743146896,0.9410256147384644,0.741282045841217
YNL091W,YOR014W,0,0.21483913,0.1126285120844841,0.9410256147384644,0.7414102554321289
YJL044C,YER051W,0,0.21450457,0.11261122673749924,0.9410256147384644,0.7415384650230408
YAL041W,YNR007C,0,0.21437022,0.11259395629167557,0.9410256147384644,0.7416666746139526
YHL047C,YBR166C,0,0.2140502,0.1125766858458519,0.9410256147384644,0.7417948842048645
YOR315W,YHR025W,0,0.21397838,0.11255942285060883,0.9410256147384644,0.7419230937957764
YPR049C,YPL195W,0,0.2135103,0.11254216730594635,0.9410256147384644,0.7420513033866882
YER036C,YLR385C,0,0.21322688,0.11252491176128387,0.9410256147384644,0.7421795129776001
YLR238W,YNL151C,0,0.2130501,0.112507663667202,0.9410256147384644,0.7423076629638672
YLR096W,YLL050C,0,0.21230504,0.11249042302370071,0.9410256147384644,0.742435872554779
YML018C,YAL025C,0,0.21215257,0.11247318238019943,0.9410256147384644,0.7425640821456909
YMR100W,YLR176C,0,0.21174738,0.11245594918727875,0.9410256147384644,0.7426922917366028
YGR058W,YAL023C,0,0.21158573,0.11243872344493866,0.9410256147384644,0.7428205013275146
YPR063C,YJR075W,0,0.21088669,0.11242150515317917,0.9410256147384644,0.7429487109184265
YEL016C,YDR231C,0,0.21029368,0.11240428686141968,0.9410256147384644,0.7430769205093384
YCR053W,YBR231C,0,0.20984182,0.11238707602024078,0.9410256147384644,0.7432051301002502
YDR242W,YGR191W,0,0.20919105,0.11236987262964249,0.9410256147384644,0.7433333396911621
YHR027C,YDR421W,0,0.2086325,0.11235266923904419,0.9410256147384644,0.743461549282074
YCR098C,YPL123C,0,0.20846483,0.11233547329902649,0.9410256147384644,0.7435897588729858
YGR029W,YBR267W,0,0.20828626,0.11231828480958939,0.9410256147384644,0.7437179684638977
YKL059C,YHR081W,0,0.20628425,0.11230110377073288,0.9410256147384644,0.7438461780548096
YHL008C,YJL125C,0,0.2060673,0.11228392273187637,0.9410256147384644,0.7439743876457214
YDL229W,YDR219C,0,0.2059097,0.11226674914360046,0.9410256147384644,0.7441025376319885
YIL051C,YHR052W,0,0.20568636,0.11224958300590515,0.9410256147384644,0.7442307472229004
YMR043W,YDR052C,1,0.20331058,0.11238531768321991,0.942307710647583,0.7442307472229004
YOR288C,YKL183W,0,0.20286354,0.1123681366443634,0.942307710647583,0.7443589568138123
YPR156C,YDR032C,0,0.20267114,0.1123509630560875,0.942307710647583,0.7444871664047241
YDL120W,YOL002C,0,0.2024369,0.11233378946781158,0.942307710647583,0.744615375995636
YGL253W,YGL095C,0,0.2012845,0.11231662333011627,0.942307710647583,0.7447435855865479
YLR418C,YLR286C,0,0.20120451,0.11229946464300156,0.942307710647583,0.7448717951774597
YBR245C,YGR286C,0,0.20095941,0.11228231340646744,0.942307710647583,0.7450000047683716
YDL101C,YDR054C,1,0.2003853,0.11241789907217026,0.9435897469520569,0.7450000047683716
YMR006C,YOL077C,0,0.20017508,0.11240073293447495,0.9435897469520569,0.7451282143592834
YOR182C,YLR403W,0,0.19874522,0.11238356679677963,0.9435897469520569,0.7452564239501953
YCL063W,YJR143C,0,0.19764873,0.11236641556024551,0.9435897469520569,0.7453846335411072
YBR237W,YGR063C,0,0.19738182,0.1123492568731308,0.9435897469520569,0.745512843132019
YMR316W,YMR208W,0,0.19729325,0.11233211308717728,0.9435897469520569,0.7456410527229309
YMR188C,YDR238C,0,0.19721171,0.11231496930122375,0.9435897469520569,0.745769202709198
YOL138C,YOR288C,0,0.19511828,0.11229783296585083,0.9435897469520569,0.7458974123001099
YOR369C,YKR105C,0,0.19460699,0.1122807040810585,0.9435897469520569,0.7460256218910217
YGL035C,YOR228C,0,0.19412372,0.11226357519626617,0.9435897469520569,0.7461538314819336
YML027W,YAR007C,1,0.19410035,0.11239895969629288,0.9448717832565308,0.7461538314819336
YIL126W,YNL268W,0,0.19262704,0.11238182336091995,0.9448717832565308,0.7462820410728455
YBR267W,YPL038W,0,0.19254234,0.11236468702554703,0.9448717832565308,0.7464102506637573
YOL018C,YGR008C,0,0.19215468,0.1123475581407547,0.9448717832565308,0.7465384602546692
YGR263C,YBR105C,0,0.19124219,0.11233043670654297,0.9448717832565308,0.746666669845581
YIL125W,YOR246C,0,0.19070312,0.11231332272291183,0.9448717832565308,0.7467948794364929
YHR021C,YKR050W,0,0.19030139,0.1122962087392807,0.9448717832565308,0.7469230890274048
YBL024W,YDR320C-A,0,0.19028726,0.11227909475564957,0.9448717832565308,0.7470512986183167
YGL003C,YPR118W,0,0.18937686,0.11226199567317963,0.9448717832565308,0.7471795082092285
YNL061W,YDL008W,0,0.18928084,0.11224489659070969,0.9448717832565308,0.7473077178001404
YLL050C,YML115C,0,0.18905023,0.11222780495882034,0.9448717832565308,0.7474358677864075
YIR006C,YHL032C,0,0.1885049,0.1122107207775116,0.9448717832565308,0.7475640773773193
YDR046C,YOL140W,0,0.1881909,0.11219363659620285,0.9448717832565308,0.7476922869682312
YDR036C,YPR032W,0,0.1869739,0.1121765598654747,0.9448717832565308,0.7478204965591431
YIL093C,YDL082W,0,0.18686274,0.11215949058532715,0.9448717832565308,0.7479487061500549
YNL291C,YEL059C-A,0,0.18682548,0.1121424213051796,0.9448717832565308,0.7480769157409668
YDL060W,YDR334W,0,0.18663964,0.11212535947561264,0.9448717832565308,0.7482051253318787
YKL109W,YDR330W,0,0.18658993,0.11210830509662628,0.9448717832565308,0.7483333349227905
YML116W,YJL121C,0,0.18652698,0.11209125816822052,0.9448717832565308,0.7484615445137024
YOR269W,YGR262C,0,0.18645498,0.11207421123981476,0.9448717832565308,0.7485897541046143
YDR166C,YDL184C,0,0.18629566,0.1120571717619896,0.9448717832565308,0.7487179636955261
YBL103C,YHR010W,0,0.18583956,0.11204013228416443,0.9448717832565308,0.748846173286438
YGL106W,YPL123C,0,0.18565199,0.11202310025691986,0.9448717832565308,0.7489743828773499
YMR026C,YDR169C,0,0.18401173,0.11200607568025589,0.9448717832565308,0.7491025924682617
YFR037C,YKL156W,0,0.1838567,0.11198905855417252,0.9448717832565308,0.7492307424545288
YML063W,YHR099W,0,0.18323025,0.11197204142808914,0.9448717832565308,0.7493589520454407
YJR058C,YOR127W,0,0.18316063,0.11195503920316696,0.9448717832565308,0.7494871616363525
YOL120C,YJL101C,0,0.1829302,0.11193802952766418,0.9448717832565308,0.7496153712272644
YMR235C,YIL124W,0,0.18224475,0.1119210347533226,0.9448717832565308,0.7497435808181763
YBR291C,YBR299W,0,0.18191907,0.11190403997898102,0.9448717832565308,0.7498717904090881
YHR046C,YDL007W,0,0.18180367,0.11188705265522003,0.9448717832565308,0.75
YML116W,YJL101C,0,0.18126717,0.11187006533145905,0.9448717832565308,0.7501282095909119
YOL138C,YBR241C,0,0.18000636,0.11185308545827866,0.9448717832565308,0.7502564191818237
YMR188C,YNL012W,0,0.1798946,0.11183611303567886,0.9448717832565308,0.7503846287727356
YLR192C,YGR135W,0,0.17981741,0.11181914806365967,0.9448717832565308,0.7505128383636475
YBL064C,YPL103C,0,0.17943677,0.11180218309164047,0.9448717832565308,0.7506410479545593
YER095W,YDR120C,0,0.17913267,0.11178522557020187,0.9448717832565308,0.7507692575454712
YMR217W,YJL156C,0,0.17762265,0.11176827549934387,0.9448717832565308,0.7508974075317383
YDR318W,YDL115C,0,0.17743489,0.11175132542848587,0.9448717832565308,0.7510256171226501
YGL120C,YPR063C,0,0.17710283,0.11173438280820847,0.9448717832565308,0.751153826713562
YHR206W,YER153C,0,0.17589477,0.11171744763851166,0.9448717832565308,0.7512820363044739
YKR094C,YMR150C,0,0.17297098,0.11170051246881485,0.9448717832565308,0.7514102458953857
YGR106C,YER113C,0,0.17182794,0.11168358474969864,0.9448717832565308,0.7515384554862976
YMR290C,YIL051C,0,0.17143247,0.11166666448116302,0.9448717832565308,0.7516666650772095
YLR266C,YDR060W,0,0.1713368,0.11164975166320801,0.9448717832565308,0.7517948746681213
YNL293W,YPL019C,0,0.17085287,0.11163283884525299,0.9448717832565308,0.7519230842590332
YLL009C,YPR063C,0,0.17034009,0.11161593347787857,0.9448717832565308,0.7520512938499451
YML040W,YHL036W,0,0.16921267,0.11159902811050415,0.9448717832565308,0.7521795034408569
YDR253C,YIL136W,0,0.16910574,0.11158213764429092,0.9448717832565308,0.7523077130317688
YER044C,YGL123W,0,0.1689876,0.1115652471780777,0.9448717832565308,0.7524359226226807
YBL103C,YLR186W,0,0.16792175,0.11154835671186447,0.9448717832565308,0.7525641322135925
YJL190C,YNL149C,0,0.16669711,0.11153147369623184,0.9448717832565308,0.7526922821998596
YDR096W,YJL125C,0,0.16666433,0.11151459813117981,0.9448717832565308,0.7528204917907715
YOR182C,YLR318W,0,0.16518292,0.11149773001670837,0.9448717832565308,0.7529487013816833
YPL177C,YDR510W,0,0.16474298,0.11148086190223694,0.9448717832565308,0.7530769109725952
YMR070W,YBR097W,0,0.16463718,0.1114640012383461,0.9448717832565308,0.7532051205635071
YIL051C,YJL080C,0,0.1644127,0.11144714802503586,0.9448717832565308,0.753333330154419
YCL063W,YOR332W,0,0.16388938,0.11143030226230621,0.9448717832565308,0.7534615397453308
YOR265W,YDL200C,0,0.16371885,0.11141345649957657,0.9448717832565308,0.7535897493362427
YNL310C,YMR303C,0,0.16325596,0.11139661073684692,0.9448717832565308,0.7537179589271545
YDR115W,YDR047W,0,0.16319212,0.11137977987527847,0.9448717832565308,0.7538461685180664
YPL019C,YPL220W,0,0.16205862,0.11136294901371002,0.9448717832565308,0.7539743781089783
YOR063W,YHL047C,0,0.1619533,0.11134612560272217,0.9448717832565308,0.7541025876998901
YGR104C,YIL136W,0,0.16092953,0.11132930219173431,0.9448717832565308,0.754230797290802
YDL195W,YIR023W,0,0.1599839,0.11131249368190765,0.9448717832565308,0.7543589472770691
YGR123C,YDR120C,0,0.1595166,0.1112956777215004,0.9448717832565308,0.754487156867981
YMR257C,YML087C,0,0.1594502,0.11127887666225433,0.9448717832565308,0.7546153664588928
YPR047W,YHL004W,0,0.1587868,0.11126207560300827,0.9448717832565308,0.7547435760498047
YJL221C,YPL111W,0,0.15845647,0.1112452819943428,0.9448717832565308,0.7548717856407166
YIL070C,YBL020W,0,0.15843669,0.11122849583625793,0.9448717832565308,0.7549999952316284
YER096W,YJR126C,0,0.15739337,0.11121170967817307,0.9448717832565308,0.7551282048225403
YBR105C,YPL092W,0,0.15684548,0.11119493097066879,0.9448717832565308,0.7552564144134521
YGL009C,YPL281C,0,0.15668473,0.11117815971374512,0.9448717832565308,0.755384624004364
YDR242W,YML091C,0,0.15653583,0.11116138845682144,0.9448717832565308,0.7555128335952759
YMR043W,YER070W,1,0.15541932,0.1112954318523407,0.9461538195610046,0.7555128335952759
YNL136W,YNR045W,0,0.15499899,0.11127864569425583,0.9461538195610046,0.7556410431861877
YPR070W,YHR117W,0,0.15286776,0.11126187443733215,0.9461538195610046,0.7557692527770996
YDL190C,YOR039W,0,0.15255138,0.11124510318040848,0.9461538195610046,0.7558974623680115
YOR155C,YNL217W,0,0.15226737,0.1112283319234848,0.9461538195610046,0.7560256123542786
YNL112W,YKR050W,0,0.1506215,0.11121157556772232,0.9461538195610046,0.7561538219451904
YGL173C,YNL217W,0,0.14979485,0.11119481921195984,0.9461538195610046,0.7562820315361023
YOR069W,YIR017C,0,0.14953431,0.11117806285619736,0.9461538195610046,0.7564102411270142
YMR307W,YMR165C,0,0.14912364,0.11116132140159607,0.9461538195610046,0.756538450717926
YOR181W,YDL019C,0,0.1482918,0.11114457994699478,0.9461538195610046,0.7566666603088379
YDR224C,YPL028W,0,0.14797017,0.1111278384923935,0.9461538195610046,0.7567948698997498
YDL136W,YNL135C,0,0.1479657,0.1111111119389534,0.9461538195610046,0.7569230794906616
YBR058C,YIL078W,0,0.1479331,0.1110943853855133,0.9461538195610046,0.7570512890815735
YLR008C,YLR172C,0,0.14714298,0.11107766628265381,0.9461538195610046,0.7571794986724854
YBR097W,YLL011W,0,0.1464155,0.11106094717979431,0.9461538195610046,0.7573077082633972
YGL223C,YGL084C,0,0.14577445,0.11104423552751541,0.9461538195610046,0.7574359178543091
YNR008W,YDR533C,0,0.14570579,0.11102753132581711,0.9461538195610046,0.757564127445221
YMR004W,YKL116C,0,0.14564463,0.1110108271241188,0.9461538195610046,0.7576923370361328
YOR396W,YJL008C,0,0.14538833,0.1109941378235817,0.9461538195610046,0.7578204870223999
YGR063C,YPR192W,0,0.14536282,0.11097744107246399,0.9461538195610046,0.7579486966133118
YGR008C,YHR117W,0,0.1442444,0.11096075922250748,0.9461538195610046,0.7580769062042236
YJR143C,YGL095C,0,0.14373931,0.11094407737255096,0.9461538195610046,0.7582051157951355
YLR099C,YDR486C,0,0.1435909,0.11092740297317505,0.9461538195610046,0.7583333253860474
YDL120W,YIR012W,0,0.14352414,0.11091072857379913,0.9461538195610046,0.7584615349769592
YBL057C,YOR396W,0,0.1434137,0.11089406162500381,0.9461538195610046,0.7585897445678711
YOR151C,YCR077C,0,0.14243248,0.11087740212678909,0.9461538195610046,0.758717954158783
YMR166C,YPL155C,0,0.14174613,0.11086075007915497,0.9461538195610046,0.7588461637496948
YJR058C,YDR313C,0,0.14163044,0.11084409803152084,0.9461538195610046,0.7589743733406067
YGR223C,YJL190C,0,0.13918874,0.11082745343446732,0.9461538195610046,0.7591025829315186
YPL195W,YDR380W,0,0.13873968,0.11081080883741379,0.9461538195610046,0.7592307925224304
YHR186C,YMR150C,0,0.13862619,0.11079417169094086,0.9461538195610046,0.7593590021133423
YGR124W,YDL082W,0,0.13829228,0.11077754199504852,0.9461538195610046,0.7594871520996094
YBR040W,YIR023W,0,0.13776818,0.11076091974973679,0.9461538195610046,0.7596153616905212
YBR237W,YLR040C,0,0.13558164,0.11074429750442505,0.9461538195610046,0.7597435712814331
YGL222C,YBR142W,0,0.13367054,0.11072768270969391,0.9461538195610046,0.759871780872345
YJR094W-A,YDR117C,0,0.13356349,0.11071106791496277,0.9461538195610046,0.7599999904632568
YHR143W,YER096W,0,0.13344619,0.11069446802139282,0.9461538195610046,0.7601282000541687
YGR159C,YPR041W,0,0.13310477,0.11067786812782288,0.9461538195610046,0.7602564096450806
YOL127W,YEL017C-A,0,0.13172099,0.11066126823425293,0.9461538195610046,0.7603846192359924
YBR123C,YNL268W,0,0.12949714,0.11064467579126358,0.9461538195610046,0.7605128288269043
YJL065C,YDR177W,0,0.12936327,0.11062809079885483,0.9461538195610046,0.7606410384178162
YOR224C,YJR135W-A,0,0.12900099,0.11061151325702667,0.9461538195610046,0.760769248008728
YJR033C,YNR047W,0,0.12898931,0.11059493571519852,0.9461538195610046,0.7608974575996399
YIL145C,YOR221C,0,0.12874594,0.11057836562395096,0.9461538195610046,0.7610256671905518
YDR536W,YHR070W,0,0.1281183,0.1105617955327034,0.9461538195610046,0.7611538171768188
YER086W,YPL028W,0,0.12608019,0.11054524034261703,0.9461538195610046,0.7612820267677307
YGR086C,YJL102W,0,0.12593451,0.11052867770195007,0.9461538195610046,0.7614102363586426
YJL044C,YBR122C,0,0.12585923,0.1105121299624443,0.9461538195610046,0.7615384459495544
YAL013W,YOR036W,0,0.12569281,0.11049558222293854,0.9461538195610046,0.7616666555404663
YOR369C,YJR155W,0,0.12534699,0.11047904193401337,0.9461538195610046,0.7617948651313782
YBR092C,YHR161C,0,0.12465617,0.11046250909566879,0.9461538195610046,0.76192307472229
YJR066W,YHR116W,0,0.12441793,0.11044597625732422,0.9461538195610046,0.7620512843132019
YER120W,YMR012W,0,0.124399036,0.11042945086956024,0.9461538195610046,0.7621794939041138
YER120W,YPR041W,0,0.12334558,0.11041292548179626,0.9461538195610046,0.7623077034950256
YGR026W,YBR205W,0,0.12286112,0.11039640754461288,0.9461538195610046,0.7624359130859375
YFR032C-A,YBR241C,0,0.122758776,0.1103798970580101,0.9461538195610046,0.7625641226768494
YBR041W,YNL188W,0,0.122752935,0.11036339402198792,0.9461538195610046,0.7626923322677612
YBR286W,YDL019C,0,0.1221157,0.11034689098596573,0.9461538195610046,0.7628205418586731
YDR387C,YGL157W,0,0.12160781,0.11033039540052414,0.9461538195610046,0.7629486918449402
YGL249W,YML074C,0,0.12159857,0.11031389981508255,0.9461538195610046,0.763076901435852
YER086W,YNL339C,0,0.121435374,0.11029741168022156,0.9461538195610046,0.7632051110267639
YDL101C,YOR346W,1,0.12083623,0.11043036729097366,0.9474359154701233,0.7632051110267639
YDL051W,YPL214C,0,0.12082741,0.11041386425495148,0.9474359154701233,0.7633333206176758
YPL195W,YLR448W,0,0.120643586,0.11039736866950989,0.9474359154701233,0.7634615302085876
YPR184W,YMR208W,0,0.11908004,0.1103808805346489,0.9474359154701233,0.7635897397994995
YDR297W,YLR045C,0,0.11881128,0.1103643998503685,0.9474359154701233,0.7637179493904114
YNL292W,YLR040C,0,0.118699044,0.1103479191660881,0.9474359154701233,0.7638461589813232
YDR236C,YBR289W,0,0.11785993,0.1103314459323883,0.9474359154701233,0.7639743685722351
YDL099W,YGL095C,0,0.11785874,0.11031497269868851,0.9474359154701233,0.764102578163147
YLR459W,YEL050C,0,0.117207974,0.1102985069155693,0.9474359154701233,0.7642307877540588
YER087C-A,YLR147C,0,0.11646941,0.1102820485830307,0.9474359154701233,0.7643589973449707
YNL242W,YLR097C,0,0.11537346,0.1102655902504921,0.9474359154701233,0.7644872069358826
YER114C,YLR079W,0,0.11520079,0.11024913936853409,0.9474359154701233,0.7646153569221497
YGR154C,YOR269W,0,0.114677876,0.11023269593715668,0.9474359154701233,0.7647435665130615
YNL159C,YKL034W,0,0.11455998,0.11021625995635986,0.9474359154701233,0.7648717761039734
YPL206C,YPL204W,0,0.11437401,0.11019982397556305,0.9474359154701233,0.7649999856948853
YJR065C,YGL084C,0,0.11404601,0.11018338799476624,0.9474359154701233,0.7651281952857971
YHL032C,YJR126C,0,0.113702685,0.11016696691513062,0.9474359154701233,0.765256404876709
YML005W,YGL227W,0,0.112354845,0.110150545835495,0.9474359154701233,0.7653846144676208
YLR015W,YOR036W,0,0.11219415,0.11013412475585938,0.9474359154701233,0.7655128240585327
YOR066W,YDL200C,0,0.11174747,0.11011771857738495,0.9474359154701233,0.7656410336494446
YBR097W,YLR120C,0,0.111487955,0.11010131239891052,0.9474359154701233,0.7657692432403564
YPL031C,YNL135C,0,0.1113877,0.1100849062204361,0.9474359154701233,0.7658974528312683
YAL008W,YNL015W,0,0.11131117,0.11006851494312286,0.9474359154701233,0.7660256624221802
YHR010W,YNR047W,0,0.1107063,0.11005212366580963,0.9474359154701233,0.766153872013092
YGR156W,YEL050C,0,0.11024773,0.1100357323884964,0.9474359154701233,0.7662820219993591
YCR010C,YDR507C,0,0.10950038,0.11001935601234436,0.9474359154701233,0.766410231590271
YDR531W,YDR379W,0,0.10821387,0.11000297963619232,0.9474359154701233,0.7665384411811829
YLR186W,YJL121C,0,0.10709834,0.10998660326004028,0.9474359154701233,0.7666666507720947
YOL138C,YML012W,0,0.10507733,0.10997024178504944,0.9474359154701233,0.7667948603630066
YDR101C,YER030W,0,0.10496095,0.109953872859478,0.9474359154701233,0.7669230699539185
YLR304C,YBR166C,0,0.10446522,0.10993751883506775,0.9474359154701233,0.7670512795448303
YPL226W,YDR529C,0,0.10376999,0.1099211648106575,0.9474359154701233,0.7671794891357422
YGL009C,YPL214C,0,0.10305306,0.10990481823682785,0.9474359154701233,0.767307698726654
YAL041W,YMR026C,0,0.10270131,0.1098884791135788,0.9474359154701233,0.7674359083175659
YDR003W,YPL149W,0,0.10259637,0.10987213999032974,0.9474359154701233,0.7675641179084778
YJL158C,YCR040W,0,0.10217747,0.10985580831766129,0.9474359154701233,0.7676923274993896
YJL041W,YNL101W,0,0.10141721,0.10983947664499283,0.9474359154701233,0.7678205370903015
YJL198W,YDR297W,0,0.10073438,0.10982315242290497,0.9474359154701233,0.7679487466812134
YGR279C,YGR037C,0,0.10062128,0.1098068356513977,0.9474359154701233,0.7680768966674805
YNL098C,YBR122C,0,0.10022107,0.10979051887989044,0.9474359154701233,0.7682051062583923
YOR384W,YJR126C,0,0.10020593,0.10977420955896378,0.9474359154701233,0.7683333158493042
YOR155C,YER045C,0,0.09995696,0.1097579076886177,0.9474359154701233,0.7684615254402161
YKL178C,YDR288W,0,0.09903422,0.10974161326885223,0.9474359154701233,0.7685897350311279
YJR033C,YMR302C,0,0.09817654,0.10972531884908676,0.9474359154701233,0.7687179446220398
YNL293W,YER112W,0,0.09740767,0.10970902442932129,0.9474359154701233,0.7688461542129517
YBR283C,YML091C,0,0.09722683,0.10969274491071701,0.9474359154701233,0.7689743638038635
YIL111W,YDR032C,0,0.09682968,0.10967646539211273,0.9474359154701233,0.7691025733947754
YFL036W,YJL109C,0,0.09658268,0.10966018587350845,0.9474359154701233,0.7692307829856873
YKL100C,YHR153C,0,0.09579429,0.10964391380548477,0.9474359154701233,0.7693589925765991
YJR139C,YER131W,0,0.09523821,0.10962764918804169,0.9474359154701233,0.769487202167511
YIR036C,YDR117C,0,0.094839424,0.1096113920211792,0.9474359154701233,0.7696154117584229
YBR267W,YNL339C,0,0.0941847,0.10959513485431671,0.9474359154701233,0.7697435617446899
YJL097W,YGR184C,0,0.09383771,0.10957888513803482,0.9474359154701233,0.7698717713356018
YJR158W,YDR420W,0,0.09092125,0.10956263542175293,0.9474359154701233,0.7699999809265137
YKR094C,YDR117C,0,0.09087071,0.10954640060663223,0.9474359154701233,0.7701281905174255
YBR205W,YLR448W,0,0.09064707,0.10953015834093094,0.9474359154701233,0.7702564001083374
YMR290C,YER082C,0,0.090574175,0.10951393097639084,0.9474359154701233,0.7703846096992493
YDR231C,YLR079W,0,0.090510815,0.10949770361185074,0.9474359154701233,0.7705128192901611
YDR447C,YJR135W-A,0,0.090189815,0.10948148369789124,0.9474359154701233,0.770641028881073
YGL137W,YEL002C,0,0.0892396,0.10946526378393173,0.9474359154701233,0.7707692384719849
YJL164C,YEL050C,0,0.08893356,0.10944905132055283,0.9474359154701233,0.7708974480628967
YDL143W,YCR077C,0,0.08853635,0.10943284630775452,0.9474359154701233,0.7710256576538086
YBR036C,YOL092W,0,0.08791217,0.10941664129495621,0.9474359154701233,0.7711538672447205
YGR088W,YPR073C,0,0.08728334,0.1094004437327385,0.9474359154701233,0.7712820768356323
YPR048W,YJR135W-A,0,0.08701223,0.10938425362110138,0.9474359154701233,0.7714102268218994
YIL109C,YGR088W,0,0.08544883,0.10936806350946426,0.9474359154701233,0.7715384364128113
YJL143W,YOR332W,0,0.085148364,0.10935188084840775,0.9474359154701233,0.7716666460037231
YFL044C,YNL115C,0,0.08479074,0.10933569818735123,0.9474359154701233,0.771794855594635
YCR077C,YFR007W,0,0.08445135,0.1093195229768753,0.9474359154701233,0.7719230651855469
YNR016C,YPR192W,0,0.08423057,0.10930335521697998,0.9474359154701233,0.7720512747764587
YCR077C,YDR139C,0,0.08328828,0.10928719490766525,0.9474359154701233,0.7721794843673706
YKL173W,YMR122W-A,0,0.08255455,0.10927103459835052,0.9474359154701233,0.7723076939582825
YPL089C,YPL159C,0,0.08226606,0.1092548817396164,0.9474359154701233,0.7724359035491943
YOR046C,YMR217W,0,0.079785466,0.10923872888088226,0.9474359154701233,0.7725641131401062
YGL120C,YBR273C,0,0.07920906,0.10922258347272873,0.9474359154701233,0.7726923227310181
YHR089C,YHR081W,0,0.07864487,0.10920644551515579,0.9474359154701233,0.7728205323219299
YDL130W,YKL010C,0,0.07838127,0.10919030755758286,0.9474359154701233,0.7729487419128418
YGR088W,YNL129W,0,0.077827424,0.10917417705059052,0.9474359154701233,0.7730769515037537
YER029C,YPL090C,0,0.07644442,0.10915804654359818,0.9474359154701233,0.7732051014900208
YNL049C,YDR534C,0,0.07509503,0.10914193093776703,0.9474359154701233,0.7733333110809326
YJR121W,YML048W,0,0.07319778,0.10912581533193588,0.9474359154701233,0.7734615206718445
YBR105C,YBR231C,0,0.07295105,0.10910969972610474,0.9474359154701233,0.7735897302627563
YBR296C,YDR038C,0,0.072347105,0.10909359157085419,0.9474359154701233,0.7737179398536682
YJL097W,YKL143W,0,0.07186031,0.10907749086618423,0.9474359154701233,0.7738461494445801
YDR479C,YER184C,0,0.071189076,0.10906139016151428,0.9474359154701233,0.7739743590354919
YIR006C,YDR117C,0,0.06965241,0.10904529690742493,0.9474359154701233,0.7741025686264038
YOR174W,YHR140W,0,0.06909379,0.10902921110391617,0.9474359154701233,0.7742307782173157
YDL164C,YMR043W,1,0.06900385,0.1091606467962265,0.9487179517745972,0.7742307782173157
YKR030W,YIL124W,0,0.06892702,0.10914454609155655,0.9487179517745972,0.7743589878082275
YBR033W,YOL147C,0,0.06851432,0.1091284453868866,0.9487179517745972,0.7744871973991394
YJR094W-A,YAL035W,0,0.065974414,0.10911235958337784,0.9487179517745972,0.7746154069900513
YOL100W,YDL130W,0,0.06554863,0.10909627377986908,0.9487179517745972,0.7747436165809631
YCR009C,YER096W,0,0.06517783,0.10908018797636032,0.9487179517745972,0.7748717665672302
YDL204W,YDR088C,0,0.06383732,0.10906410962343216,0.9487179517745972,0.7749999761581421
YPL177C,YMR311C,0,0.063331336,0.1090480387210846,0.9487179517745972,0.775128185749054
YDL110C,YDR534C,0,0.063281864,0.10903197526931763,0.9487179517745972,0.7752563953399658
YHR143W,YCR094W,0,0.06270087,0.10901591181755066,0.9487179517745972,0.7753846049308777
YJR060W,YKL198C,0,0.061867267,0.10899985581636429,0.9487179517745972,0.7755128145217896
YMR036C,YGR006W,0,0.06146893,0.10898379981517792,0.9487179517745972,0.7756410241127014
YNR061C,YLR221C,0,0.06044039,0.10896775126457214,0.9487179517745972,0.7757692337036133
YCR092C,YJR135W-A,0,0.05921206,0.10895171016454697,0.9487179517745972,0.7758974432945251
YDR270W,YDL185W,0,0.05893165,0.10893566906452179,0.9487179517745972,0.776025652885437
YDL099W,YER126C,0,0.058420092,0.10891963541507721,0.9487179517745972,0.7761538624763489
YIL138C,YPL214C,0,0.057605416,0.10890360921621323,0.9487179517745972,0.7762820720672607
YHR067W,YMR152W,0,0.057504028,0.10888758301734924,0.9487179517745972,0.7764102816581726
YDR036C,YMR127C,0,0.057420462,0.10887156426906586,0.9487179517745972,0.7765384912490845
YLR170C,YBR267W,0,0.056197792,0.10885554552078247,0.9487179517745972,0.7766666412353516
YHR025W,YIL078W,0,0.055220157,0.10883953422307968,0.9487179517745972,0.7767948508262634
YLR040C,YGR262C,0,0.054980755,0.10882353037595749,0.9487179517745972,0.7769230604171753
YLR343W,YDL099W,0,0.052500337,0.1088075265288353,0.9487179517745972,0.7770512700080872
YDR055W,YIL124W,0,0.051246792,0.1087915301322937,0.9487179517745972,0.777179479598999
YJL019W,YDR483W,0,0.05029562,0.1087755411863327,0.9487179517745972,0.7773076891899109
YGR184C,YBR207W,0,0.0501875,0.1087595522403717,0.9487179517745972,0.7774358987808228
YML116W,YBR092C,0,0.049432606,0.1087435707449913,0.9487179517745972,0.7775641083717346
YJR158W,YJR060W,0,0.048012584,0.1087275967001915,0.9487179517745972,0.7776923179626465
YOR096W,YOR044W,0,0.047659844,0.1087116226553917,0.9487179517745972,0.7778205275535583
YGR047C,YGR191W,0,0.047458082,0.10869564861059189,0.9487179517745972,0.7779487371444702
YBR001C,YAL053W,0,0.047363967,0.10867968946695328,0.9487179517745972,0.7780769467353821
YER120W,YPL048W,0,0.04705599,0.10866373032331467,0.9487179517745972,0.778205156326294
YJR145C,YBL082C,0,0.046630144,0.10864777863025665,0.9487179517745972,0.778333306312561
YFL041W,YDR510W,0,0.045693666,0.10863182693719864,0.9487179517745972,0.7784615159034729
YJR060W,YNL339C,0,0.0451245,0.10861588269472122,0.9487179517745972,0.7785897254943848
YGR047C,YOR306C,0,0.044952363,0.1085999384522438,0.9487179517745972,0.7787179350852966
YDL127W,YIL138C,0,0.044843316,0.10858400911092758,0.9487179517745972,0.7788461446762085
YLL050C,YOR322C,0,0.043964237,0.10856807231903076,0.9487179517745972,0.7789743542671204
YPR108W,YNL244C,0,0.043311566,0.10855215042829514,0.9487179517745972,0.7791025638580322
YER091C,YBL020W,0,0.04307124,0.10853622853755951,0.9487179517745972,0.7792307734489441
YLR147C,YGR158C,0,0.04271373,0.10852031409740448,0.9487179517745972,0.779358983039856
YLR090W,YNL101W,0,0.042509764,0.10850439965724945,0.9487179517745972,0.7794871926307678
YLR356W,YMR184W,0,0.039783984,0.10848849266767502,0.9487179517745972,0.7796154022216797
YPL226W,YDL067C,0,0.039669722,0.10847258567810059,0.9487179517745972,0.7797436118125916
YCR077C,YPL031C,0,0.039669365,0.10845669358968735,0.9487179517745972,0.7798718214035034
YCL059C,YEL017C-A,0,0.039283395,0.10844079405069351,0.9487179517745972,0.7799999713897705
YJL008C,YDR298C,0,0.038618833,0.10842490941286087,0.9487179517745972,0.7801281809806824
YBL024W,YER112W,0,0.038063854,0.10840902477502823,0.9487179517745972,0.7802563905715942
YDR529C,YPR016C,0,0.03729245,0.10839314758777618,0.9487179517745972,0.7803846001625061
YAR015W,YML095C,0,0.034861416,0.10837727040052414,0.9487179517745972,0.780512809753418
YEL054C,YER048W-A,0,0.034690887,0.10836140066385269,0.9487179517745972,0.7806410193443298
YGR101W,YJR155W,0,0.03464827,0.10834553092718124,0.9487179517745972,0.7807692289352417
YKL135C,YKR105C,0,0.034404874,0.10832967609167099,0.9487179517745972,0.7808974385261536
YBR092C,YDR523C,0,0.034362763,0.10831381380558014,0.9487179517745972,0.7810256481170654
YGL009C,YOR039W,0,0.033669323,0.10829796642065048,0.9487179517745972,0.7811538577079773
YDL108W,YDR330W,0,0.03344962,0.10828211903572083,0.9487179517745972,0.7812820672988892
YHR086W,YGL031C,0,0.03341672,0.10826627910137177,0.9487179517745972,0.781410276889801
YPR036W,YCR010C,0,0.03286454,0.1082504391670227,0.9487179517745972,0.7815384864807129
YHL004W,YJL189W,0,0.03161964,0.10823460668325424,0.9487179517745972,0.7816666960716248
YPL089C,YKL164C,0,0.031453818,0.10821877419948578,0.9487179517745972,0.7817948460578918
YKR062W,YMR281W,0,0.031343907,0.10820295661687851,0.9487179517745972,0.7819230556488037
YJR143C,YBL055C,0,0.031225502,0.10818713158369064,0.9487179517745972,0.7820512652397156
YBR291C,YDR047W,0,0.030962378,0.10817132145166397,0.9487179517745972,0.7821794748306274
YKL154W,YDR038C,0,0.029262275,0.1081555113196373,0.9487179517745972,0.7823076844215393
YDR086C,YBR122C,0,0.02790159,0.10813970118761063,0.9487179517745972,0.7824358940124512
YCR047C,YLL022C,0,0.02751872,0.10812390595674515,0.9487179517745972,0.782564103603363
YJL143W,YKL156W,0,0.027076334,0.10810811072587967,0.9487179517745972,0.7826923131942749
YGR292W,YOR322C,0,0.026707798,0.10809231549501419,0.9487179517745972,0.7828205227851868
YDR320C-A,YDL067C,0,0.025672436,0.10807652771472931,0.9487179517745972,0.7829487323760986
YIR036C,YDR077W,0,0.025151461,0.10806074738502502,0.9487179517745972,0.7830769419670105
YOR396W,YJL133W,0,0.023155183,0.10804496705532074,0.9487179517745972,0.7832051515579224
YOR167C,YBR267W,0,0.022974461,0.10802919417619705,0.9487179517745972,0.7833333611488342
YHR025W,YEL058W,0,0.022435933,0.10801342874765396,0.9487179517745972,0.7834615111351013
YPL160W,YGR279C,0,0.021648318,0.10799766331911087,0.9487179517745972,0.7835897207260132
YDL075W,YHR064C,0,0.020487517,0.10798190534114838,0.9487179517745972,0.783717930316925
YIL074C,YBR009C,0,0.020459563,0.10796615481376648,0.9487179517745972,0.7838461399078369
YLR204W,YCL027W,0,0.020320505,0.10795040428638458,0.9487179517745972,0.7839743494987488
YJR134C,YHR181W,0,0.020272285,0.10793465375900269,0.9487179517745972,0.7841025590896606
YDL138W,YER044C,0,0.018505067,0.10791891813278198,0.9487179517745972,0.7842307686805725
YCR039C,YDR247W,0,0.01794526,0.10790317505598068,0.9487179517745972,0.7843589782714844
YMR306W,YGR061C,0,0.016213655,0.10788744688034058,0.9487179517745972,0.7844871878623962
YIL039W,YOR396W,0,0.015653938,0.10787171870470047,0.9487179517745972,0.7846153974533081
YPR047W,YJR059W,0,0.015226811,0.10785599797964096,0.9487179517745972,0.78474360704422
YDR228C,YBR283C,0,0.014604449,0.10784027725458145,0.9487179517745972,0.7848718166351318
YNL166C,YIL051C,0,0.013460487,0.10782456398010254,0.9487179517745972,0.7850000262260437
YER148W,YCL059C,0,0.013163716,0.10780885815620422,0.9487179517745972,0.7851281762123108
YEL013W,YPL101W,0,0.013084739,0.10779315233230591,0.9487179517745972,0.7852563858032227
YPL019C,YKL028W,0,0.012640059,0.10777745395898819,0.9487179517745972,0.7853845953941345
YDR012W,YDR038C,0,0.010405272,0.10776175558567047,0.9487179517745972,0.7855128049850464
YPL028W,YKL028W,0,0.010181993,0.10774607211351395,0.9487179517745972,0.7856410145759583
YLR015W,YDL051W,0,0.00868848,0.10773038119077682,0.9487179517745972,0.7857692241668701
YOL103W,YMR311C,0,0.008608669,0.1077147051692009,0.9487179517745972,0.785897433757782
YBL069W,YDR534C,0,0.008410603,0.10769902169704437,0.9487179517745972,0.7860256433486938
YKL004W,YIL004C,0,0.0083788335,0.10768335312604904,0.9487179517745972,0.7861538529396057
YMR043W,YKL017C,1,0.008336991,0.10781317949295044,0.949999988079071,0.7861538529396057
YEL065W,YPL026C,0,0.008248538,0.10779749602079391,0.949999988079071,0.7862820625305176
YAR019C,YNR007C,0,0.00789538,0.10778181999921799,0.949999988079071,0.7864102721214294
YDR481C,YER036C,0,0.007573813,0.10776614397764206,0.949999988079071,0.7865384817123413
YOL127W,YJL109C,0,0.007413596,0.10775047540664673,0.949999988079071,0.7866666913032532
YNL293W,YAL044C,0,0.006498426,0.1077348068356514,0.949999988079071,0.786794900894165
YML012W,YEL017C-A,0,0.00621894,0.10771914571523666,0.949999988079071,0.7869230508804321
YGL211W,YER020W,0,0.0060143173,0.10770349204540253,0.949999988079071,0.787051260471344
YIL138C,YPL149W,0,0.0060113072,0.10768783837556839,0.949999988079071,0.7871794700622559
YDR038C,YNL268W,0,0.0049267113,0.10767218470573425,0.949999988079071,0.7873076796531677
YHL024W,YGL168W,1,0.0048552454,0.10780183225870132,0.9512820243835449,0.7873076796531677
YER110C,YDR393W,0,0.004708469,0.10778617113828659,0.9512820243835449,0.7874358892440796
YDR536W,YIL113W,0,0.0043911636,0.10777051746845245,0.9512820243835449,0.7875640988349915
YDR342C,YNL325C,0,0.0042075813,0.10775486379861832,0.9512820243835449,0.7876923084259033
YBR296C,YLR371W,0,0.004203826,0.10773921757936478,0.9512820243835449,0.7878205180168152
YFR037C,YGR124W,0,0.0023249984,0.10772357881069183,0.9512820243835449,0.787948727607727
YER148W,YNL096C,0,0.0020909905,0.10770794004201889,0.9512820243835449,0.7880769371986389
YHR025W,YLR448W,0,0.0016546547,0.10769230872392654,0.9512820243835449,0.7882051467895508
YNL049C,YJR033C,0,0.0016521215,0.1076766774058342,0.9512820243835449,0.7883333563804626
YDR533C,YLR467W,0,0.00054737926,0.10766105353832245,0.9512820243835449,0.7884615659713745
YBR251W,YOR246C,0,0.0003913939,0.1076454371213913,0.9512820243835449,0.7885897159576416
YLR283W,YKL181W,0,0.00031849742,0.10762982070446014,0.9512820243835449,0.7887179255485535
YMR139W,YMR224C,0,-4.079938e-05,0.10761421173810959,0.9512820243835449,0.7888461351394653
YMR281W,YDR239C,0,-0.00023522973,0.10759861022233963,0.9512820243835449,0.7889743447303772
YBR092C,YPL022W,0,-0.0016690791,0.10758300870656967,0.9512820243835449,0.7891025543212891
YMR098C,YOL092W,0,-0.0018694699,0.10756740719079971,0.9512820243835449,0.7892307639122009
YER056C-A,YMR184W,0,-0.0018984377,0.10755182057619095,0.9512820243835449,0.7893589735031128
YGR058W,YDR251W,0,-0.0024088323,0.10753623396158218,0.9512820243835449,0.7894871830940247
YBL088C,YNL268W,0,-0.0029590726,0.10752064734697342,0.9512820243835449,0.7896153926849365
YLR283W,YPL258C,0,-0.0030781925,0.10750506818294525,0.9512820243835449,0.7897436022758484
YNL293W,YLR096W,0,-0.003171116,0.10748949646949768,0.9512820243835449,0.7898718118667603
YHR143W,YBL060W,0,-0.00411132,0.10747392475605011,0.9512820243835449,0.7900000214576721
YHR116W,YGR009C,0,-0.005095482,0.10745836049318314,0.9512820243835449,0.790128231048584
YIL101C,YNR001C,0,-0.0059758723,0.10744280368089676,0.9512820243835449,0.7902563810348511
YDL192W,YHR215W,0,-0.006338328,0.10742724686861038,0.9512820243835449,0.7903845906257629
YLR040C,YBR185C,0,-0.006402403,0.1074116975069046,0.9512820243835449,0.7905128002166748
YPL271W,YAL058W,0,-0.010454923,0.10739614814519882,0.9512820243835449,0.7906410098075867
YGL089C,YPL220W,0,-0.0105184615,0.10738060623407364,0.9512820243835449,0.7907692193984985
YJL033W,YDL205C,0,-0.011031121,0.10736507177352905,0.9512820243835449,0.7908974289894104
YDL120W,YER051W,0,-0.011823088,0.10734953731298447,0.9512820243835449,0.7910256385803223
YBL039C,YDR117C,0,-0.012461513,0.10733401030302048,0.9512820243835449,0.7911538481712341
YIR014W,YNL112W,0,-0.012549549,0.10731848329305649,0.9512820243835449,0.791282057762146
YPR098C,YBR175W,0,-0.012703687,0.1073029637336731,0.9512820243835449,0.7914102673530579
YJR104C,YML077W,0,-0.012910247,0.1072874516248703,0.9512820243835449,0.7915384769439697
YKL004W,YLR364W,0,-0.01324299,0.1072719395160675,0.9512820243835449,0.7916666865348816
YDR425W,YLR287C-A,0,-0.014374524,0.1072564348578453,0.9512820243835449,0.7917948961257935
YFR003C,YMR312W,0,-0.01451543,0.10724093019962311,0.9512820243835449,0.7919231057167053
YNR020C,YER053C,0,-0.0148849785,0.1072254329919815,0.9512820243835449,0.7920512557029724
YML040W,YGL229C,0,-0.014897376,0.1072099432349205,0.9512820243835449,0.7921794652938843
YLR097C,YGR063C,0,-0.015008777,0.1071944534778595,0.9512820243835449,0.7923076748847961
YOL152W,YHR011W,0,-0.016004056,0.10717897117137909,0.9512820243835449,0.792435884475708
YGL223C,YGR009C,0,-0.016792774,0.10716348886489868,0.9512820243835449,0.7925640940666199
YDR529C,YBL090W,0,-0.017199457,0.10714801400899887,0.9512820243835449,0.7926923036575317
YBR251W,YDR313C,0,-0.017478317,0.10713254660367966,0.9512820243835449,0.7928205132484436
YMR289W,YGR162W,0,-0.01748842,0.10711707919836044,0.9512820243835449,0.7929487228393555
YPL281C,YLR120C,0,-0.017522722,0.10710161924362183,0.9512820243835449,0.7930769324302673
YDR033W,YDL080C,0,-0.018446863,0.10708615928888321,0.9512820243835449,0.7932051420211792
YOR057W,YMR086W,0,-0.018467009,0.10707070678472519,0.9512820243835449,0.7933333516120911
YER161C,YGR002C,0,-0.018563867,0.10705526173114777,0.9512820243835449,0.7934615612030029
YDR487C,YER112W,0,-0.018803328,0.10703981667757034,0.9512820243835449,0.7935897707939148
YDL120W,YOR036W,0,-0.01895377,0.10702437907457352,0.9512820243835449,0.7937179207801819
YHR021C,YMR257C,0,-0.019812018,0.10700894147157669,0.9512820243835449,0.7938461303710938
YBR176W,YML113W,0,-0.020079404,0.10699351131916046,0.9512820243835449,0.7939743399620056
YCR040W,YHL036W,0,-0.020248681,0.10697808861732483,0.9512820243835449,0.7941025495529175
YOR151C,YFL037W,0,-0.02029556,0.1069626659154892,0.9512820243835449,0.7942307591438293
YJL133W,YMR037C,0,-0.0204207,0.10694725066423416,0.9512820243835449,0.7943589687347412
YGR104C,YLR040C,0,-0.020958692,0.10693183541297913,0.9512820243835449,0.7944871783256531
YOL064C,YDR534C,0,-0.021323591,0.10691642761230469,0.9512820243835449,0.7946153879165649
YML054C,YMR221C,0,-0.021581203,0.10690101981163025,0.9512820243835449,0.7947435975074768
YCL059C,YCR098C,0,-0.021624476,0.106885626912117,0.9512820243835449,0.7948718070983887
YOR175C,YGL211W,0,-0.022067606,0.10687022656202316,0.9512820243835449,0.7950000166893005
YBL024W,YLR134W,0,-0.022282869,0.10685484111309052,0.9512820243835449,0.7951282262802124
YGL168W,YER070W,1,-0.022394806,0.10698343813419342,0.9525641202926636,0.7951282262802124
YDR358W,YBR040W,0,-0.023601085,0.10696803778409958,0.9525641202926636,0.7952564358711243
YER120W,YJL102W,0,-0.024106294,0.10695264488458633,0.9525641202926636,0.7953845858573914
YDL137W,YDR074W,0,-0.025013715,0.10693724453449249,0.9525641202926636,0.7955127954483032
YPR005C,YLR186W,0,-0.025330931,0.10692185908555984,0.9525641202926636,0.7956410050392151
YDR107C,YDL143W,0,-0.02613458,0.1069064736366272,0.9525641202926636,0.795769214630127
YDR448W,YGL084C,0,-0.027380496,0.10689109563827515,0.9525641202926636,0.7958974242210388
YBR267W,YGR156W,0,-0.02805087,0.1068757176399231,0.9525641202926636,0.7960256338119507
YGR008C,YPR178W,0,-0.029981762,0.10686034709215164,0.9525641202926636,0.7961538434028625
YMR302C,YPL101W,0,-0.031196624,0.10684498399496078,0.9525641202926636,0.7962820529937744
YDR050C,YEL054C,0,-0.032315165,0.10682962089776993,0.9525641202926636,0.7964102625846863
YJR009C,YOL080C,0,-0.03533247,0.10681425780057907,0.9525641202926636,0.7965384721755981
YGR104C,YER051W,0,-0.036043912,0.10679890960454941,0.9525641202926636,0.79666668176651
YOR356W,YLR100W,0,-0.036283523,0.10678356140851974,0.9525641202926636,0.7967948913574219
YJL044C,YLR448W,0,-0.037279487,0.10676821321249008,0.9525641202926636,0.7969231009483337
YIL034C,YOR246C,0,-0.037540108,0.10675287246704102,0.9525641202926636,0.7970513105392456
YGL206C,YDL184C,0,-0.039782673,0.10673753917217255,0.9525641202926636,0.7971794605255127
YGL147C,YBL057C,0,-0.041033506,0.10672220587730408,0.9525641202926636,0.7973076701164246
YHR206W,YNR047W,0,-0.041292876,0.1067068800330162,0.9525641202926636,0.7974358797073364
YKL034W,YGL095C,0,-0.0416224,0.10669155418872833,0.9525641202926636,0.7975640892982483
YOL100W,YAL025C,0,-0.04199782,0.10667623579502106,0.9525641202926636,0.7976922988891602
YER036C,YLR074C,0,-0.042610317,0.10666092485189438,0.9525641202926636,0.797820508480072
YNR022C,YLR158C,0,-0.044672877,0.1066456139087677,0.9525641202926636,0.7979487180709839
YAL041W,YDR420W,0,-0.044904083,0.10663031041622162,0.9525641202926636,0.7980769276618958
YKL135C,YIL171W,0,-0.045277625,0.10661500692367554,0.9525641202926636,0.7982051372528076
YMR088C,YJL133W,0,-0.04528168,0.10659971088171005,0.9525641202926636,0.7983333468437195
YDL019C,YLR014C,0,-0.04647833,0.10658442229032516,0.9525641202926636,0.7984615564346313
YDL007W,YGL031C,0,-0.04756573,0.10656913369894028,0.9525641202926636,0.7985897660255432
YPR156C,YBR097W,0,-0.047912925,0.10655385255813599,0.9525641202926636,0.7987179756164551
YPL281C,YMR109W,0,-0.048368305,0.1065385714173317,0.9525641202926636,0.7988461256027222
YBR286W,YJR045C,0,-0.04920563,0.106523297727108,0.9525641202926636,0.798974335193634
YEL064C,YPR184W,0,-0.04945889,0.10650802403688431,0.9525641202926636,0.7991025447845459
YEL038W,YML043C,0,-0.04952362,0.10649276524782181,0.9525641202926636,0.7992307543754578
YHL024W,YJL073W,1,-0.050857097,0.10662081092596054,0.9538461565971375,0.7992307543754578
YOL133W,YNL015W,0,-0.05136755,0.10660552978515625,0.9538461565971375,0.7993589639663696
YNL310C,YJL121C,0,-0.051971108,0.10659025609493256,0.9538461565971375,0.7994871735572815
YAL041W,YNL293W,0,-0.052022904,0.10657498985528946,0.9538461565971375,0.7996153831481934
YJL143W,YBR207W,0,-0.05289933,0.10655972361564636,0.9538461565971375,0.7997435927391052
YCR009C,YJL158C,0,-0.053168505,0.10654446482658386,0.9538461565971375,0.7998718023300171
YDR279W,YHL024W,1,-0.053545266,0.10667239129543304,0.9551281929016113,0.7998718023300171
YFR032C-A,YIL124W,0,-0.055713445,0.10665712505578995,0.9551281929016113,0.800000011920929
YGL253W,YLR186W,0,-0.056869984,0.10664185881614685,0.9551281929016113,0.8001282215118408
YLR008C,YLR356W,0,-0.058709055,0.10662659257650375,0.9551281929016113,0.8002564311027527
YLR276C,YDR534C,0,-0.05955723,0.10661133378744125,0.9551281929016113,0.8003846406936646
YAL041W,YIR012W,0,-0.059611946,0.10659608244895935,0.9551281929016113,0.8005128502845764
YOL003C,YER053C,0,-0.060736686,0.10658083111047745,0.9551281929016113,0.8006410002708435
YBR240C,YER053C,0,-0.061335832,0.10656558722257614,0.9551281929016113,0.8007692098617554
YDR247W,YJL190C,0,-0.06290117,0.10655034333467484,0.9551281929016113,0.8008974194526672
YCR039C,YIL125W,0,-0.0632129,0.10653510689735413,0.9551281929016113,0.8010256290435791
YJL157C,YGR159C,0,-0.06350681,0.10651987046003342,0.9551281929016113,0.801153838634491
YDR060W,YJL136C,0,-0.06444076,0.1065046489238739,0.9551281929016113,0.8012820482254028
YDR363W-A,YNL151C,0,-0.06457031,0.10648941993713379,0.9551281929016113,0.8014102578163147
YLR090W,YMR094W,0,-0.06597629,0.10647420585155487,0.9551281929016113,0.8015384674072266
YNL293W,YGR086C,0,-0.0659973,0.10645899176597595,0.9551281929016113,0.8016666769981384
YIL111W,YJR058C,0,-0.0662556,0.10644377768039703,0.9551281929016113,0.8017948865890503
YIL101C,YGR189C,0,-0.06816366,0.10642857104539871,0.9551281929016113,0.8019230961799622
YDR520C,YOR374W,0,-0.0685468,0.10641337186098099,0.9551281929016113,0.802051305770874
YOR143C,YPR041W,0,-0.07064471,0.10639817267656326,0.9551281929016113,0.8021795153617859
YOR389W,YOR131C,0,-0.07109949,0.10638298094272614,0.9551281929016113,0.802307665348053
YEL059C-A,YER045C,0,-0.072102696,0.10636778920888901,0.9551281929016113,0.8024358749389648
YLR287C-A,YML009C,0,-0.07253024,0.10635260492563248,0.9551281929016113,0.8025640845298767
YIL111W,YDR380W,0,-0.07323304,0.10633742809295654,0.9551281929016113,0.8026922941207886
YKL011C,YMR094W,0,-0.07331219,0.10632225126028061,0.9551281929016113,0.8028205037117004
YNR045W,YNR001C,0,-0.07337406,0.10630707442760468,0.9551281929016113,0.8029487133026123
YKR094C,YDR297W,0,-0.073427886,0.10629191249608994,0.9551281929016113,0.8030769228935242
YMR088C,YGL191W,0,-0.07435623,0.1062767505645752,0.9551281929016113,0.803205132484436
YGL161C,YKL059C,0,-0.07636741,0.10626158863306046,0.9551281929016113,0.8033333420753479
YEL038W,YGR071C,0,-0.07728711,0.10624643415212631,0.9551281929016113,0.8034615516662598
YDR247W,YGR279C,0,-0.07832062,0.10623128712177277,0.9551281929016113,0.8035897612571716
YPR005C,YMR311C,0,-0.0783754,0.10621614009141922,0.9551281929016113,0.8037179708480835
YML070W,YGL040C,0,-0.078406304,0.10620100051164627,0.9551281929016113,0.8038461804389954
YMR201C,YOR270C,0,-0.07938662,0.10618586093187332,0.9551281929016113,0.8039743304252625
YOR063W,YER147C,0,-0.07980314,0.10617072880268097,0.9551281929016113,0.8041025400161743
YHR161C,YOR337W,0,-0.08140591,0.10615559667348862,0.9551281929016113,0.8042307496070862
YMR316W,YPR156C,0,-0.08181316,0.10614047944545746,0.9551281929016113,0.804358959197998
YHR161C,YDR326C,0,-0.084162384,0.1061253547668457,0.9551281929016113,0.8044871687889099
YGL147C,YDR297W,0,-0.084367216,0.10611023753881454,0.9551281929016113,0.8046153783798218
YGR106C,YJR135C,0,-0.08536336,0.10609512776136398,0.9551281929016113,0.8047435879707336
YNL128W,YOL071W,0,-0.08709356,0.10608002543449402,0.9551281929016113,0.8048717975616455
YNL159C,YMR314W,0,-0.087100595,0.10606492310762405,0.9551281929016113,0.8050000071525574
YOR288C,YAL003W,0,-0.08791712,0.10604982078075409,0.9551281929016113,0.8051282167434692
YMR139W,YER184C,0,-0.08876604,0.10603472590446472,0.9551281929016113,0.8052564263343811
YER131W,YOL109W,0,-0.08888349,0.10601963847875595,0.9551281929016113,0.805384635925293
YKR009C,YOL147C,0,-0.08997968,0.10600455105304718,0.9551281929016113,0.8055128455162048
YOL117W,YMR221C,0,-0.09108713,0.105989471077919,0.9551281929016113,0.8056410551071167
YML125C,YBR009C,0,-0.09162006,0.10597439855337143,0.9551281929016113,0.8057692050933838
YKR058W,YIR023W,0,-0.09205815,0.10595932602882385,0.9551281929016113,0.8058974146842957
YER036C,YGR124W,0,-0.092535704,0.10594425350427628,0.9551281929016113,0.8060256242752075
YBR001C,YDL192W,0,-0.09275535,0.1059291884303093,0.9551281929016113,0.8061538338661194
YLR090W,YNL119W,0,-0.09279767,0.10591413080692291,0.9551281929016113,0.8062820434570312
YBR176W,YBR105C,0,-0.093345195,0.10589907318353653,0.9551281929016113,0.8064102530479431
YDR529C,YOL077C,0,-0.094197065,0.10588402301073074,0.9551281929016113,0.806538462638855
YKR030W,YMR037C,0,-0.095295936,0.10586898028850555,0.9551281929016113,0.8066666722297668
YDR060W,YER030W,0,-0.09641984,0.10585393756628036,0.9551281929016113,0.8067948818206787
YEL038W,YGR054W,0,-0.09656945,0.10583889484405518,0.9551281929016113,0.8069230914115906
YJL136C,YBL055C,0,-0.09663549,0.10582386702299118,0.9551281929016113,0.8070513010025024
YKR094C,YBL055C,0,-0.09667054,0.10580883175134659,0.9551281929016113,0.8071795105934143
YBL017C,YOR233W,0,-0.09896323,0.10579381138086319,0.9551281929016113,0.8073077201843262
YNR008W,YPR021C,0,-0.100099474,0.10577879101037979,0.9551281929016113,0.8074358701705933
YLR097C,YOL147C,0,-0.1002135,0.10576377063989639,0.9551281929016113,0.8075640797615051
YLR396C,YJL080C,0,-0.10105315,0.10574875771999359,0.9551281929016113,0.807692289352417
YOR067C,YER012W,0,-0.10123241,0.10573375225067139,0.9551281929016113,0.8078204989433289
YBR058C,YHR186C,0,-0.10129169,0.10571874678134918,0.9551281929016113,0.8079487085342407
YML106W,YOR039W,0,-0.1017822,0.10570374876260757,0.9551281929016113,0.8080769181251526
YOR381W,YOR389W,0,-0.101854295,0.10568875074386597,0.9551281929016113,0.8082051277160645
YJR094W-A,YGL191W,0,-0.10211536,0.10567376017570496,0.9551281929016113,0.8083333373069763
YGR047C,YDR158W,0,-0.10243413,0.10565876960754395,0.9551281929016113,0.8084615468978882
YDR139C,YMR224C,0,-0.102870375,0.10564378648996353,0.9551281929016113,0.8085897564888
YDR033W,YNR022C,0,-0.103422344,0.10562881082296371,0.9551281929016113,0.8087179660797119
YOR096W,YBR241C,0,-0.10345891,0.1056138351559639,0.9551281929016113,0.8088461756706238
YJR145C,YHR136C,0,-0.10360542,0.10559886693954468,0.9551281929016113,0.8089743852615356
YER061C,YOL133W,0,-0.103759795,0.10558389872312546,0.9551281929016113,0.8091025352478027
YOL127W,YDR298C,0,-0.10379431,0.10556893795728683,0.9551281929016113,0.8092307448387146
YBL055C,YLR176C,0,-0.10429528,0.10555398464202881,0.9551281929016113,0.8093589544296265
YDR022C,YMR071C,0,-0.104581386,0.10553903132677078,0.9551281929016113,0.8094871640205383
YER099C,YJR121W,0,-0.105131656,0.10552407801151276,0.9551281929016113,0.8096153736114502
YDR050C,YNL331C,0,-0.10516778,0.10550913214683533,0.9551281929016113,0.8097435832023621
YOR278W,YPL160W,0,-0.105594635,0.1054941937327385,0.9551281929016113,0.8098717927932739
YHR046C,YOL123W,0,-0.10586932,0.10547925531864166,0.9551281929016113,0.8100000023841858
YJL170C,YGR234W,0,-0.1062921,0.10546432435512543,0.9551281929016113,0.8101282119750977
YMR166C,YML043C,0,-0.106393486,0.10544940084218979,0.9551281929016113,0.8102564215660095
YBL039C,YML091C,0,-0.1071479,0.10543447732925415,0.9551281929016113,0.8103846311569214
YNR022C,YCR037C,0,-0.10735598,0.10541955381631851,0.9551281929016113,0.8105128407478333
YJR145C,YOR211C,0,-0.107797414,0.10540463775396347,0.9551281929016113,0.8106410503387451
YLR214W,YKL198C,0,-0.10825446,0.10538972914218903,0.9551281929016113,0.810769259929657
YPR063C,YIL090W,0,-0.10926232,0.10537482053041458,0.9551281929016113,0.8108974099159241
YFL029C,YMR201C,0,-0.10946682,0.10535991936922073,0.9551281929016113,0.8110256195068359
YBR158W,YMR109W,0,-0.109510094,0.10534502565860748,0.9551281929016113,0.8111538290977478
YOR120W,YPL123C,0,-0.11048204,0.10533013194799423,0.9551281929016113,0.8112820386886597
YDR022C,YER045C,0,-0.110711426,0.10531523823738098,0.9551281929016113,0.8114102482795715
YOR270C,YLL022C,0,-0.110954374,0.10530035197734833,0.9551281929016113,0.8115384578704834
YOL092W,YMR208W,0,-0.111124426,0.10528547316789627,0.9551281929016113,0.8116666674613953
YOR061W,YGR124W,0,-0.111805856,0.10527059435844421,0.9551281929016113,0.8117948770523071
YEL013W,YGR234W,0,-0.11199364,0.10525572299957275,0.9551281929016113,0.811923086643219
YOR047C,YOR120W,0,-0.11204508,0.1052408516407013,0.9551281929016113,0.8120512962341309
YMR043W,YPR019W,1,-0.112075984,0.10536722838878632,0.9564102292060852,0.8120512962341309
YKL179C,YJL190C,0,-0.112115115,0.10535234957933426,0.9564102292060852,0.8121795058250427
YDL195W,YJR126C,0,-0.11217183,0.1053374782204628,0.9564102292060852,0.8123077154159546
YOR288C,YAL062W,0,-0.11264494,0.10532260686159134,0.9564102292060852,0.8124359250068665
YIR014W,YJL189W,0,-0.11338726,0.10530773550271988,0.9564102292060852,0.8125640749931335
YML094W,YCR037C,0,-0.114682466,0.10529287159442902,0.9564102292060852,0.8126922845840454
YPL271W,YMR139W,0,-0.11547044,0.10527801513671875,0.9564102292060852,0.8128204941749573
YNL242W,YPL202C,0,-0.11583558,0.10526315867900848,0.9564102292060852,0.8129487037658691
YLR238W,YFR015C,0,-0.11612901,0.10524830967187881,0.9564102292060852,0.813076913356781
YKL004W,YER161C,0,-0.11620763,0.10523346066474915,0.9564102292060852,0.8132051229476929
YML124C,YCL031C,0,-0.1165314,0.10521861910820007,0.9564102292060852,0.8133333325386047
YDR481C,YER110C,0,-0.116791576,0.105203777551651,0.9564102292060852,0.8134615421295166
YBR213W,YDR032C,0,-0.11695692,0.10518894344568253,0.9564102292060852,0.8135897517204285
YKR014C,YOL139C,0,-0.117931575,0.10517411679029465,0.9564102292060852,0.8137179613113403
YKR059W,YBL057C,0,-0.11870557,0.10515929013490677,0.9564102292060852,0.8138461709022522
YHR028C,YPR021C,0,-0.11993539,0.10514447093009949,0.9564102292060852,0.8139743804931641
YDL069C,YKL156W,0,-0.12115067,0.1051296517252922,0.9564102292060852,0.8141025900840759
YOR347C,YOR306C,0,-0.12124053,0.10511483997106552,0.9564102292060852,0.814230740070343
YGL161C,YHR171W,0,-0.1220645,0.10510002821683884,0.9564102292060852,0.8143589496612549
YPR156C,YPL089C,0,-0.122336954,0.10508522391319275,0.9564102292060852,0.8144871592521667
YJL221C,YPR122W,0,-0.123556286,0.10507041960954666,0.9564102292060852,0.8146153688430786
YOL156W,YPR102C,0,-0.12375191,0.10505562275648117,0.9564102292060852,0.8147435784339905
YCR020C,YNL301C,0,-0.123888284,0.10504083335399628,0.9564102292060852,0.8148717880249023
YEL054C,YOR211C,0,-0.12405434,0.10502604395151138,0.9564102292060852,0.8149999976158142
YKR048C,YOL080C,0,-0.12570575,0.10501126199960709,0.9564102292060852,0.8151282072067261
YKR038C,YOR043W,0,-0.12592405,0.10499648004770279,0.9564102292060852,0.8152564167976379
YHR143W,YKR050W,0,-0.1266438,0.10498170554637909,0.9564102292060852,0.8153846263885498
YHL024W,YGL251C,1,-0.12687114,0.10510764271020889,0.9576923251152039,0.8153846263885498
YGR263C,YMR086W,0,-0.12727353,0.105092853307724,0.9576923251152039,0.8155128359794617
YLR370C,YLR121C,0,-0.12729111,0.1050780713558197,0.9576923251152039,0.8156410455703735
YML116W,YDR466W,0,-0.1276195,0.1050632894039154,0.9576923251152039,0.8157692551612854
YOR315W,YOR332W,0,-0.12784621,0.1050485149025917,0.9576923251152039,0.8158974647521973
YGR008C,YKL179C,0,-0.12790534,0.1050337478518486,0.9576923251152039,0.8160256147384644
YDL229W,YPL101W,0,-0.12829891,0.1050189808011055,0.9576923251152039,0.8161538243293762
YMR217W,YGR286C,0,-0.12970266,0.1050042137503624,0.9576923251152039,0.8162820339202881
YNL218W,YHL024W,1,-0.1300402,0.10513000935316086,0.9589743614196777,0.8162820339202881
YPL031C,YDR044W,0,-0.13119283,0.10511523485183716,0.9589743614196777,0.8164102435112
YPL038W,YKR097W,0,-0.13175926,0.10510046035051346,0.9589743614196777,0.8165384531021118
YDR532C,YDL112W,0,-0.13179749,0.10508570075035095,0.9589743614196777,0.8166666626930237
YLL013C,YKL100C,0,-0.13223046,0.10507093369960785,0.9589743614196777,0.8167948722839355
YGL229C,YPL123C,0,-0.1323717,0.10505618155002594,0.9589743614196777,0.8169230818748474
YJR060W,YDR169C,0,-0.13305348,0.10504142940044403,0.9589743614196777,0.8170512914657593
YDR056C,YNL268W,0,-0.13335666,0.10502667725086212,0.9589743614196777,0.8171795010566711
YNL046W,YKR105C,0,-0.13339671,0.10501193255186081,0.9589743614196777,0.817307710647583
YGL161C,YOL133W,0,-0.13363609,0.1049971953034401,0.9589743614196777,0.8174359202384949
YAR019C,YDR128W,0,-0.13553607,0.10498245805501938,0.9589743614196777,0.8175641298294067
YDL164C,YHL024W,1,-0.13570932,0.10510805249214172,0.9602563977241516,0.8175641298294067
YDR418W,YPL281C,0,-0.13702622,0.10509330779314041,0.9602563977241516,0.8176922798156738
YMR128W,YDR313C,0,-0.13737431,0.1050785630941391,0.9602563977241516,0.8178204894065857
YOR063W,YOR067C,0,-0.13842496,0.10506382584571838,0.9602563977241516,0.8179486989974976
YIL150C,YDL101C,1,-0.1385192,0.10518933832645416,0.9615384340286255,0.8179486989974976
YLR364W,YPR102C,0,-0.1388568,0.10517458617687225,0.9615384340286255,0.8180769085884094
YBL093C,YBR297W,0,-0.13892391,0.10515984147787094,0.9615384340286255,0.8182051181793213
YDR447C,YMR184W,0,-0.14005855,0.10514509677886963,0.9615384340286255,0.8183333277702332
YER082C,YHR011W,0,-0.14006868,0.10513035953044891,0.9615384340286255,0.818461537361145
YDL056W,YDR069C,1,-0.14204891,0.10525578260421753,0.9628205299377441,0.818461537361145
YGL191W,YMR292W,0,-0.14372507,0.10524103045463562,0.9628205299377441,0.8185897469520569
YOR096W,YDL143W,0,-0.1441948,0.10522628575563431,0.9628205299377441,0.8187179565429688
YBR283C,YGR116W,0,-0.1442109,0.105211541056633,0.9628205299377441,0.8188461661338806
YOL100W,YPL174C,0,-0.14680195,0.10519680380821228,0.9628205299377441,0.8189743757247925
YGL191W,YLR441C,0,-0.14725634,0.10518207401037216,0.9628205299377441,0.8191025853157043
YDL101C,YOR217W,1,-0.14823031,0.10530737787485123,0.964102566242218,0.8191025853157043
YMR297W,YIL027C,0,-0.1487365,0.10529263317584991,0.964102566242218,0.8192307949066162
YGR184C,YDR447C,0,-0.14992845,0.1052778959274292,0.964102566242218,0.8193589448928833
YIL051C,YLR048W,0,-0.15019643,0.10526315867900848,0.964102566242218,0.8194871544837952
YAL041W,YEL021W,0,-0.15027021,0.10524842888116837,0.964102566242218,0.819615364074707
YMR006C,YDR060W,0,-0.15142286,0.10523369908332825,0.964102566242218,0.8197435736656189
YHR116W,YLR134W,0,-0.15310052,0.10521896928548813,0.964102566242218,0.8198717832565308
YPR048W,YGL147C,0,-0.15327843,0.1052042543888092,0.964102566242218,0.8199999928474426
YMR042W,YER044C,0,-0.15350935,0.10518953949213028,0.964102566242218,0.8201282024383545
YML043C,YJL065C,0,-0.15400918,0.10517482459545135,0.964102566242218,0.8202564120292664
YHR147C,YIR017C,0,-0.15451804,0.10516011714935303,0.964102566242218,0.8203846216201782
YBR024W,YBR105C,0,-0.15659043,0.1051454171538353,0.964102566242218,0.8205128312110901
YDL166C,YGR106C,0,-0.15666609,0.10513071715831757,0.964102566242218,0.820641040802002
YBR022W,YDL185W,0,-0.15671858,0.10511601716279984,0.964102566242218,0.8207692503929138
YMR043W,YGL168W,1,-0.15746337,0.1052410900592804,0.9653846025466919,0.8207692503929138
YGR286C,YLR276C,0,-0.15851289,0.10522638261318207,0.9653846025466919,0.8208974599838257
YDR456W,YFR005C,0,-0.15907195,0.10521168261766434,0.9653846025466919,0.8210256695747375
YDL204W,YER173W,0,-0.16026571,0.1051969826221466,0.9653846025466919,0.8211538195610046
YDR236C,YDL130W,0,-0.162043,0.10518229007720947,0.9653846025466919,0.8212820291519165
YBR097W,YGR124W,0,-0.16323984,0.10516759753227234,0.9653846025466919,0.8214102387428284
YLR276C,YKR009C,0,-0.16410473,0.1051529124379158,0.9653846025466919,0.8215384483337402
YPL194W,YGR200C,0,-0.16524777,0.10513822734355927,0.9653846025466919,0.8216666579246521
YKL109W,YKR009C,0,-0.16575721,0.10512354969978333,0.9653846025466919,0.821794867515564
YMR184W,YGL031C,0,-0.16686478,0.10510887950658798,0.9653846025466919,0.8219230771064758
YHR092C,YPR156C,0,-0.16899264,0.10509420931339264,0.9653846025466919,0.8220512866973877
YPL226W,YHL032C,0,-0.16900697,0.1050795391201973,0.9653846025466919,0.8221794962882996
YMR302C,YHR171W,0,-0.1694031,0.10506488382816315,0.9653846025466919,0.8223077058792114
YJR009C,YCR098C,0,-0.16974905,0.1050502210855484,0.9653846025466919,0.8224359154701233
YIR014W,YFR032C-A,0,-0.16999188,0.10503557324409485,0.9653846025466919,0.8225641250610352
YIL150C,YHL024W,1,-0.17051294,0.10516039282083511,0.9666666388511658,0.8225641250610352
YMR188C,YIL126W,0,-0.17282715,0.10514572262763977,0.9666666388511658,0.822692334651947
YNL007C,YIL124W,0,-0.17313662,0.10513106733560562,0.9666666388511658,0.8228204846382141
YMR312W,YDR380W,0,-0.17332628,0.10511641204357147,0.9666666388511658,0.822948694229126
YDL204W,YJR135C,0,-0.17378023,0.10510175675153732,0.9666666388511658,0.8230769038200378
YJL044C,YPL157W,0,-0.17382884,0.10508710891008377,0.9666666388511658,0.8232051134109497
YDR481C,YGR061C,0,-0.17426586,0.10507246106863022,0.9666666388511658,0.8233333230018616
YMR201C,YML048W,0,-0.17459407,0.10505782067775726,0.9666666388511658,0.8234615325927734
YGL185C,YGL123W,0,-0.17541757,0.1050431877374649,0.9666666388511658,0.8235897421836853
YIR012W,YDR032C,0,-0.17554405,0.10502855479717255,0.9666666388511658,0.8237179517745972
YKL109W,YOR211C,0,-0.17679277,0.10501392930746078,0.9666666388511658,0.823846161365509
YER025W,YOR228C,0,-0.17725185,0.10499930381774902,0.9666666388511658,0.8239743709564209
YPL091W,YGL123W,0,-0.18022552,0.10498468577861786,0.9666666388511658,0.8241025805473328
YMR307W,YHL004W,0,-0.18172464,0.1049700677394867,0.9666666388511658,0.8242307901382446
YGL161C,YML125C,0,-0.18191758,0.10495545715093613,0.9666666388511658,0.8243589997291565
YOR167C,YER025W,0,-0.18219423,0.10494084656238556,0.9666666388511658,0.8244871497154236
YJL219W,YMR312W,0,-0.18239442,0.10492624342441559,0.9666666388511658,0.8246153593063354
YFL004W,YML063W,0,-0.18257347,0.10491164773702621,0.9666666388511658,0.8247435688972473
YHR025W,YPR081C,0,-0.183548,0.10489705204963684,0.9666666388511658,0.8248717784881592
YDR347W,YML085C,0,-0.18436298,0.10488245636224747,0.9666666388511658,0.824999988079071
YBL093C,YML087C,0,-0.18534973,0.10486787557601929,0.9666666388511658,0.8251281976699829
YDR358W,YLL038C,0,-0.18548778,0.10485328733921051,0.9666666388511658,0.8252564072608948
YHR161C,YMR224C,0,-0.185805,0.10483870655298233,0.9666666388511658,0.8253846168518066
YGL136C,YOR076C,0,-0.18600991,0.10482413321733475,0.9666666388511658,0.8255128264427185
YKL218C,YKR105C,0,-0.18684134,0.10480955988168716,0.9666666388511658,0.8256410360336304
YLR370C,YCL050C,0,-0.18769345,0.10479499399662018,0.9666666388511658,0.8257692456245422
YLR134W,YJR076C,0,-0.18798873,0.10478043556213379,0.9666666388511658,0.8258974552154541
YJL097W,YPL204W,0,-0.1892865,0.1047658771276474,0.9666666388511658,0.826025664806366
YIL027C,YER126C,0,-0.18936442,0.10475131869316101,0.9666666388511658,0.8261538743972778
YML129C,YLR286C,0,-0.1896514,0.10473676770925522,0.9666666388511658,0.8262820243835449
YDL143W,YBR283C,0,-0.1900348,0.10472222417593002,0.9666666388511658,0.8264102339744568
YGL040C,YCL031C,0,-0.1915176,0.10470768064260483,0.9666666388511658,0.8265384435653687
YCR009C,YBR055C,0,-0.19164148,0.10469313710927963,0.9666666388511658,0.8266666531562805
YDL019C,YOR386W,0,-0.19271731,0.10467860847711563,0.9666666388511658,0.8267948627471924
YLR097C,YER164W,0,-0.1939471,0.10466407239437103,0.9666666388511658,0.8269230723381042
YBR156C,YOL117W,0,-0.19408026,0.10464955121278763,0.9666666388511658,0.8270512819290161
YJL080C,YJR059W,0,-0.19490984,0.10463503003120422,0.9666666388511658,0.827179491519928
YNL248C,YGR037C,0,-0.19503796,0.10462050884962082,0.9666666388511658,0.8273077011108398
YNL330C,YKL056C,0,-0.195919,0.10460599511861801,0.9666666388511658,0.8274359107017517
YJL033W,YJR016C,0,-0.19655141,0.1045914813876152,0.9666666388511658,0.8275641202926636
YJR045C,YHR010W,0,-0.19666037,0.104576975107193,0.9666666388511658,0.8276923298835754
YBR048W,YDR486C,0,-0.19736293,0.10456247627735138,0.9666666388511658,0.8278205394744873
YNL242W,YGR062C,0,-0.19788674,0.10454797744750977,0.9666666388511658,0.8279486894607544
YGL135W,YMR022W,0,-0.19814315,0.10453347861766815,0.9666666388511658,0.8280768990516663
YKL011C,YPL189C-A,0,-0.19847766,0.10451898723840714,0.9666666388511658,0.8282051086425781
YER061C,YPL177C,0,-0.1993604,0.10450450330972672,0.9666666388511658,0.82833331823349
YMR130W,YOL140W,0,-0.20089504,0.1044900193810463,0.9666666388511658,0.8284615278244019
YCR009C,YEL021W,0,-0.20127577,0.10447554290294647,0.9666666388511658,0.8285897374153137
YNL149C,YGR158C,0,-0.20180032,0.10446106642484665,0.9666666388511658,0.8287179470062256
YPL017C,YOR120W,0,-0.20249978,0.10444659739732742,0.9666666388511658,0.8288461565971375
YML012W,YDL130W,0,-0.20262939,0.1044321358203888,0.9666666388511658,0.8289743661880493
YGL106W,YPR016C,0,-0.20282367,0.10441767424345016,0.9666666388511658,0.8291025757789612
YML087C,YOL080C,0,-0.20370072,0.10440321266651154,0.9666666388511658,0.829230785369873
YER133W,YDR117C,0,-0.20381986,0.1043887585401535,0.9666666388511658,0.8293589949607849
YGL253W,YDL067C,0,-0.20564392,0.10437430441379547,0.9666666388511658,0.8294872045516968
YPL068C,YBR122C,0,-0.2067689,0.10435986518859863,0.9666666388511658,0.8296154141426086
YMR256C,YGR124W,0,-0.20711091,0.1043454185128212,0.9666666388511658,0.8297435641288757
YPL195W,YKL024C,0,-0.2071152,0.10433097928762436,0.9666666388511658,0.8298717737197876
YNL331C,YAL025C,0,-0.20758572,0.10431654751300812,0.9666666388511658,0.8299999833106995
YOR043W,YFR007W,0,-0.2076998,0.10430211573839188,0.9666666388511658,0.8301281929016113
YBR273C,YDR116C,0,-0.20939985,0.10428769141435623,0.9666666388511658,0.8302564024925232
YDR418W,YDR421W,0,-0.20943645,0.10427326709032059,0.9666666388511658,0.8303846120834351
YOL152W,YLR221C,0,-0.21123496,0.10425885021686554,0.9666666388511658,0.8305128216743469
YDL204W,YGR062C,0,-0.2116684,0.10424443334341049,0.9666666388511658,0.8306410312652588
YBR291C,YBR122C,0,-0.21184403,0.10423002392053604,0.9666666388511658,0.8307692408561707
YOR057W,YML091C,0,-0.21407309,0.10421562194824219,0.9666666388511658,0.8308974504470825
YBR092C,YBR273C,0,-0.21413592,0.10420121252536774,0.9666666388511658,0.8310256600379944
YLR221C,YOR092W,0,-0.21453366,0.10418681800365448,0.9666666388511658,0.8311538696289062
YML070W,YFL037W,0,-0.21510676,0.10417242348194122,0.9666666388511658,0.8312820792198181
YMR080C,YCR004C,0,-0.21557525,0.10415803641080856,0.9666666388511658,0.8314102292060852
YMR217W,YLL022C,0,-0.21864036,0.1041436493396759,0.9666666388511658,0.8315384387969971
YDR341C,YDR376W,0,-0.21870932,0.10412926226854324,0.9666666388511658,0.8316666483879089
YOR242C,YHR011W,0,-0.21940014,0.10411488264799118,0.9666666388511658,0.8317948579788208
YHL024W,YOR217W,1,-0.2216331,0.10423857718706131,0.9679487347602844,0.8317948579788208
YFL029C,YOR290C,0,-0.22169815,0.10422418266534805,0.9679487347602844,0.8319230675697327
YOR391C,YJR045C,0,-0.2220034,0.10420980304479599,0.9679487347602844,0.8320512771606445
YMR109W,YOL147C,0,-0.22378308,0.10419541597366333,0.9679487347602844,0.8321794867515564
YCR009C,YOR039W,0,-0.22506782,0.10418104380369186,0.9679487347602844,0.8323076963424683
YPL258C,YBR207W,0,-0.22641715,0.1041666641831398,0.9679487347602844,0.8324359059333801
YDR248C,YLR266C,0,-0.22770664,0.10415229946374893,0.9679487347602844,0.832564115524292
YGR106C,YER126C,0,-0.23009515,0.10413793474435806,0.9679487347602844,0.8326923251152039
YBL075C,YOR269W,0,-0.23056796,0.1041235700249672,0.9679487347602844,0.8328205347061157
YDR479C,YLR048W,0,-0.23123911,0.10410921275615692,0.9679487347602844,0.8329487442970276
YML125C,YHR147C,0,-0.23149374,0.10409485548734665,0.9679487347602844,0.8330768942832947
YOR175C,YGL090W,0,-0.23173118,0.10408050566911697,0.9679487347602844,0.8332051038742065
YKL181W,YLR078C,0,-0.2320033,0.1040661633014679,0.9679487347602844,0.8333333134651184
YPL195W,YJR016C,0,-0.23201337,0.10405182093381882,0.9679487347602844,0.8334615230560303
YGL213C,YLR433C,0,-0.23323026,0.10403747856616974,0.9679487347602844,0.8335897326469421
YBL030C,YNL189W,0,-0.23341493,0.10402314364910126,0.9679487347602844,0.833717942237854
YBR092C,YDR376W,0,-0.23384063,0.10400881618261337,0.9679487347602844,0.8338461518287659
YJL044C,YML074C,0,-0.23409683,0.10399448871612549,0.9679487347602844,0.8339743614196777
YPL159C,YOR150W,0,-0.23732454,0.1039801687002182,0.9679487347602844,0.8341025710105896
YNL185C,YGR184C,0,-0.23769638,0.10396584868431091,0.9679487347602844,0.8342307806015015
YOR373W,YIL111W,0,-0.23784676,0.10395153611898422,0.9679487347602844,0.8343589901924133
YML116W,YJL044C,0,-0.23808518,0.10393722355365753,0.9679487347602844,0.8344871997833252
YFR041C,YHL032C,0,-0.23829204,0.10392291843891144,0.9679487347602844,0.8346154093742371
YHR215W,YGL095C,0,-0.23852196,0.10390861332416534,0.9679487347602844,0.8347436189651489
YHL036W,YHR013C,0,-0.23855808,0.10389431565999985,0.9679487347602844,0.834871768951416
YNL280C,YOL147C,0,-0.24168652,0.10388002544641495,0.9679487347602844,0.8349999785423279
YDR520C,YPL281C,0,-0.24174377,0.10386572778224945,0.9679487347602844,0.8351281881332397
YPR192W,YIL101C,0,-0.24291465,0.10385144501924515,0.9679487347602844,0.8352563977241516
YBR164C,YLR327C,0,-0.24338225,0.10383716225624084,0.9679487347602844,0.8353846073150635
YIR012W,YPL026C,0,-0.24431828,0.10382287949323654,0.9679487347602844,0.8355128169059753
YDR033W,YDR533C,0,-0.24559048,0.10380860418081284,0.9679487347602844,0.8356410264968872
YJL106W,YHR070W,0,-0.2457762,0.10379433631896973,0.9679487347602844,0.8357692360877991
YPL068C,YOR242C,0,-0.24950555,0.10378006845712662,0.9679487347602844,0.8358974456787109
YDL229W,YPL017C,0,-0.24953088,0.1037658080458641,0.9679487347602844,0.8360256552696228
YAL035W,YHR081W,0,-0.24953306,0.10375154763460159,0.9679487347602844,0.8361538648605347
YJL143W,YJL190C,0,-0.24960211,0.10373728722333908,0.9679487347602844,0.8362820744514465
YEL054C,YPL074W,0,-0.24968842,0.10372304171323776,0.9679487347602844,0.8364102840423584
YIL034C,YMR223W,0,-0.2515712,0.10370878875255585,0.9679487347602844,0.8365384340286255
YMR043W,YPL153C,1,-0.252686,0.10383189469575882,0.9692307710647583,0.8365384340286255
YLR074C,YHR086W,0,-0.2532846,0.10381763428449631,0.9692307710647583,0.8366666436195374
YMR297W,YPL157W,0,-0.25479153,0.10380338132381439,0.9692307710647583,0.8367948532104492
YNL086W,YHR105W,0,-0.25560525,0.10378912836313248,0.9692307710647583,0.8369230628013611
YBR286W,YCL031C,0,-0.25616005,0.10377488285303116,0.9692307710647583,0.837051272392273
YJL052W,YGR135W,0,-0.25726342,0.10376063734292984,0.9692307710647583,0.8371794819831848
YNL098C,YLR120C,0,-0.25738373,0.10374639928340912,0.9692307710647583,0.8373076915740967
YGR088W,YHR044C,0,-0.25765517,0.1037321612238884,0.9692307710647583,0.8374359011650085
YHR081W,YBL090W,0,-0.25772732,0.10371793061494827,0.9692307710647583,0.8375641107559204
YDR358W,YLR120C,0,-0.2577478,0.10370370000600815,0.9692307710647583,0.8376923203468323
YMR128W,YMR086W,0,-0.25828388,0.10368947684764862,0.9692307710647583,0.8378205299377441
YER184C,YNR041C,0,-0.25901213,0.10367526113986969,0.9692307710647583,0.837948739528656
YEL065W,YJL102W,0,-0.2591572,0.10366104543209076,0.9692307710647583,0.8380769491195679
YMR223W,YMR012W,0,-0.25949252,0.10364682972431183,0.9692307710647583,0.838205099105835
YKL100C,YHR052W,0,-0.2598826,0.1036326214671135,0.9692307710647583,0.8383333086967468
YDR046C,YER051W,0,-0.26028267,0.10361842066049576,0.9692307710647583,0.8384615182876587
YOR201C,YLR048W,0,-0.2618896,0.10360421985387802,0.9692307710647583,0.8385897278785706
YDL067C,YGR158C,0,-0.26284638,0.10359002649784088,0.9692307710647583,0.8387179374694824
YML018C,YLL001W,0,-0.26412097,0.10357583314180374,0.9692307710647583,0.8388461470603943
YNL306W,YML042W,0,-0.26769808,0.1035616472363472,0.9692307710647583,0.8389743566513062
YKL011C,YLR448W,0,-0.26953176,0.10354746133089066,0.9692307710647583,0.839102566242218
YOL152W,YDL192W,0,-0.27038178,0.10353327542543411,0.9692307710647583,0.8392307758331299
YPR132W,YOL005C,0,-0.2704839,0.10351910442113876,0.9692307710647583,0.8393589854240417
YHR215W,YJR076C,0,-0.27084437,0.10350492596626282,0.9692307710647583,0.8394871950149536
YLL062C,YPR166C,0,-0.27087656,0.10349076241254807,0.9692307710647583,0.8396154046058655
YDL185W,YDR197W,0,-0.27132297,0.10347659140825272,0.9692307710647583,0.8397436141967773
YPR042C,YDR362C,0,-0.2717712,0.10346243530511856,0.9692307710647583,0.8398718237876892
YIL034C,YDR239C,0,-0.27364764,0.1034482792019844,0.9692307710647583,0.8399999737739563
YLR370C,YER089C,0,-0.27368456,0.10343412309885025,0.9692307710647583,0.8401281833648682
YMR043W,YJR068W,1,-0.27558342,0.10355677455663681,0.9705128073692322,0.8401281833648682
YDL130W,YML081C-A,0,-0.27629602,0.10354260355234146,0.9705128073692322,0.84025639295578
YBL103C,YDR177W,0,-0.2765802,0.1035284474492073,0.9705128073692322,0.8403846025466919
YLL038C,YBR245C,0,-0.27745315,0.10351429134607315,0.9705128073692322,0.8405128121376038
YGR058W,YGR088W,0,-0.27785233,0.103500135242939,0.9705128073692322,0.8406410217285156
YOR131C,YGR014W,0,-0.27821794,0.10348598659038544,0.9705128073692322,0.8407692313194275
YLL062C,YJL148W,0,-0.28257492,0.10347184538841248,0.9705128073692322,0.8408974409103394
YOL152W,YPR192W,0,-0.2828081,0.10345770418643951,0.9705128073692322,0.8410256505012512
YGL161C,YGR106C,0,-0.28298244,0.10344356298446655,0.9705128073692322,0.8411538600921631
YGR189C,YDR483W,0,-0.28332946,0.10342942923307419,0.9705128073692322,0.841282069683075
YDL130W,YER126C,0,-0.28378615,0.10341530293226242,0.9705128073692322,0.8414102792739868
YBR082C,YHR215W,0,-0.28423414,0.10340117663145065,0.9705128073692322,0.8415384888648987
YMR281W,YPL022W,0,-0.28514346,0.10338705033063889,0.9705128073692322,0.8416666388511658
YJR009C,YLR287C-A,0,-0.28683499,0.10337293148040771,0.9705128073692322,0.8417948484420776
YHR021C,YGR047C,0,-0.28806272,0.10335882008075714,0.9705128073692322,0.8419230580329895
YML085C,YMR256C,0,-0.28816047,0.10334470868110657,0.9705128073692322,0.8420512676239014
YDR228C,YDR487C,0,-0.2885492,0.10333060473203659,0.9705128073692322,0.8421794772148132
YFR003C,YDR158W,0,-0.2896891,0.10331650078296661,0.9705128073692322,0.8423076868057251
YMR306W,YIL078W,0,-0.29118603,0.10330240428447723,0.9705128073692322,0.842435896396637
YPL177C,YNL166C,0,-0.2916132,0.10328830778598785,0.9705128073692322,0.8425641059875488
YNL308C,YNL191W,0,-0.29177085,0.10327421873807907,0.9705128073692322,0.8426923155784607
YHR017W,YGR001C,0,-0.29183283,0.10326012969017029,0.9705128073692322,0.8428205251693726
YER027C,YAL044C,0,-0.29186454,0.1032460480928421,0.9705128073692322,0.8429487347602844
YGL253W,YGR062C,0,-0.29334685,0.10323196649551392,0.9705128073692322,0.8430769443511963
YJR016C,YPL059W,0,-0.29443744,0.10321789234876633,0.9705128073692322,0.8432051539421082
YDL210W,YPL017C,0,-0.29516295,0.10320381820201874,0.9705128073692322,0.8433333039283752
YAR019C,YNL162W,0,-0.295422,0.10318975150585175,0.9705128073692322,0.8434615135192871
YGL035C,YGR086C,0,-0.29581448,0.10317568480968475,0.9705128073692322,0.843589723110199
YLR304C,YER020W,0,-0.29708913,0.10316162556409836,0.9705128073692322,0.8437179327011108
YGL089C,YOL071W,0,-0.29711846,0.10314756631851196,0.9705128073692322,0.8438461422920227
YGR162W,YGL123W,0,-0.29822806,0.10313351452350616,0.9705128073692322,0.8439743518829346
YER056C-A,YMR109W,0,-0.29897192,0.10311946272850037,0.9705128073692322,0.8441025614738464
YLR074C,YMR017W,0,-0.29987696,0.10310541838407516,0.9705128073692322,0.8442307710647583
YGR292W,YDL185W,0,-0.29988006,0.10309138149023056,0.9705128073692322,0.8443589806556702
YOL064C,YEL058W,0,-0.3002154,0.10307734459638596,0.9705128073692322,0.844487190246582
YFL029C,YLR357W,0,-0.3008385,0.10306330770254135,0.9705128073692322,0.8446153998374939
YDL007W,YJL106W,0,-0.3028858,0.10304927825927734,0.9705128073692322,0.8447436094284058
YJL033W,YBR283C,0,-0.30409524,0.10303524881601334,0.9705128073692322,0.8448718190193176
YBR055C,YKL164C,0,-0.30441895,0.10302122682332993,0.9705128073692322,0.8450000286102295
YHL024W,YOR346W,1,-0.30524722,0.10314328223466873,0.971794843673706,0.8450000286102295
YKR094C,YDR363W-A,0,-0.30532908,0.10312925279140472,0.971794843673706,0.8451281785964966
YOR278W,YBR058C,0,-0.30829513,0.10311522334814072,0.971794843673706,0.8452563881874084
YPL258C,YML048W,0,-0.30841726,0.10310119390487671,0.971794843673706,0.8453845977783203
YJL165C,YER025W,0,-0.3085995,0.1030871719121933,0.971794843673706,0.8455128073692322
YLR008C,YKL154W,0,-0.30912212,0.10307315737009048,0.971794843673706,0.845641016960144
YOR348C,YLR237W,0,-0.31004366,0.10305914282798767,0.971794843673706,0.8457692265510559
YBR205W,YKL021C,0,-0.31109768,0.10304513573646545,0.971794843673706,0.8458974361419678
YOL152W,YJL148W,0,-0.3116913,0.10303112864494324,0.971794843673706,0.8460256457328796
YNL331C,YMR303C,0,-0.31180313,0.10301712155342102,0.971794843673706,0.8461538553237915
YKL156W,YLR357W,0,-0.31214258,0.1030031219124794,0.971794843673706,0.8462820649147034
YNL158W,YNL128W,0,-0.31272542,0.10298912972211838,0.971794843673706,0.8464102745056152
YLR356W,YDR420W,0,-0.31322917,0.10297513753175735,0.971794843673706,0.8465384840965271
YJL048C,YNL189W,0,-0.31336072,0.10296115279197693,0.971794843673706,0.846666693687439
YBR296C,YHR028C,0,-0.31371382,0.1029471680521965,0.971794843673706,0.846794843673706
YNR007C,YDR507C,0,-0.31513646,0.10293319076299667,0.971794843673706,0.8469230532646179
YCR096C,YBR142W,0,-0.3155662,0.10291921347379684,0.971794843673706,0.8470512628555298
YER025W,YGL191W,0,-0.3156561,0.10290524363517761,0.971794843673706,0.8471794724464417
YJR059W,YBL055C,0,-0.31899503,0.10289127379655838,0.971794843673706,0.8473076820373535
YNL308C,YLR079W,0,-0.3201526,0.10287730395793915,0.971794843673706,0.8474358916282654
YGR191W,YHR036W,0,-0.32036135,0.10286334902048111,0.971794843673706,0.8475641012191772
YDR387C,YPL159C,0,-0.32123783,0.10284938663244247,0.971794843673706,0.8476923108100891
YCR072C,YDL067C,0,-0.3220503,0.10283543914556503,0.971794843673706,0.847820520401001
YNL301C,YGR234W,0,-0.32236883,0.102821484208107,0.971794843673706,0.8479487299919128
YKL059C,YPL092W,0,-0.3234599,0.10280754417181015,0.971794843673706,0.8480769395828247
YJL101C,YPL048W,0,-0.32385486,0.10279359668493271,0.971794843673706,0.8482051491737366
YDR536W,YDL180W,0,-0.3243241,0.10277966409921646,0.971794843673706,0.8483333587646484
YMR127C,YPL154C,0,-0.32463458,0.10276572406291962,0.971794843673706,0.8484615087509155
YDR481C,YHR052W,0,-0.32588807,0.10275179892778397,0.971794843673706,0.8485897183418274
YHL024W,YJL090C,1,-0.3263171,0.10287340730428696,0.9730769395828247,0.8485897183418274
YPR108W,YML048W,0,-0.32632416,0.10285946726799011,0.9730769395828247,0.8487179279327393
YPR063C,YOR246C,0,-0.32676998,0.10284552723169327,0.9730769395828247,0.8488461375236511
YNL128W,YKL143W,0,-0.32806137,0.10283159464597702,0.9730769395828247,0.848974347114563
YHR031C,YHL024W,1,-0.33032092,0.10295312851667404,0.9743589758872986,0.848974347114563
YLR283W,YGL039W,0,-0.33035055,0.1029391810297966,0.9743589758872986,0.8491025567054749
YJR158W,YLR121C,0,-0.33151218,0.10292524099349976,0.9743589758872986,0.8492307662963867
YCR072C,YPR102C,0,-0.3317453,0.10291130840778351,0.9743589758872986,0.8493589758872986
YLL009C,YHL040C,0,-0.3319644,0.10289737582206726,0.9743589758872986,0.8494871854782104
YIL155C,YGR075C,0,-0.3325918,0.10288344323635101,0.9743589758872986,0.8496153950691223
YOR348C,YDR118W,0,-0.33309582,0.10286951810121536,0.9743589758872986,0.8497436046600342
YDR531W,YBR024W,0,-0.33358875,0.10285559296607971,0.9743589758872986,0.849871814250946
YMR307W,YJR094W-A,0,-0.33454323,0.10284167528152466,0.9743589758872986,0.8500000238418579
YDL190C,YGR234W,0,-0.33476153,0.1028277650475502,0.9743589758872986,0.8501282334327698
YDR443C,YNL268W,0,-0.33510795,0.10281385481357574,0.9743589758872986,0.8502563834190369
YLR370C,YER148W,0,-0.3352708,0.10279994457960129,0.9743589758872986,0.8503845930099487
YPL059W,YDR055W,0,-0.33545107,0.10278604179620743,0.9743589758872986,0.8505128026008606
YBR036C,YCL055W,0,-0.3362594,0.10277214646339417,0.9743589758872986,0.8506410121917725
YGR159C,YDL060W,0,-0.33842704,0.1027582511305809,0.9743589758872986,0.8507692217826843
YDR358W,YDR055W,0,-0.3384767,0.10274435579776764,0.9743589758872986,0.8508974313735962
YLR040C,YER053C,0,-0.34023455,0.10273046791553497,0.9743589758872986,0.8510256409645081
YDR456W,YCR004C,0,-0.34029412,0.10271658003330231,0.9743589758872986,0.8511538505554199
YJL101C,YPR122W,0,-0.34076038,0.10270269960165024,0.9743589758872986,0.8512820601463318
YCR028C,YNL244C,0,-0.34096876,0.10268882662057877,0.9743589758872986,0.8514102697372437
YGR054W,YPL123C,0,-0.34155115,0.1026749536395073,0.9743589758872986,0.8515384793281555
YAL010C,YKR058W,0,-0.34205177,0.10266108065843582,0.9743589758872986,0.8516666889190674
YNL330C,YDR390C,0,-0.34285504,0.10264721512794495,0.9743589758872986,0.8517948985099792
YGL021W,YER091C,0,-0.34314033,0.10263335704803467,0.9743589758872986,0.8519230484962463
YIL078W,YHR044C,0,-0.34426454,0.10261949896812439,0.9743589758872986,0.8520512580871582
YEL054C,YIL090W,0,-0.34426868,0.10260564088821411,0.9743589758872986,0.8521794676780701
YDR074W,YKR061W,0,-0.34436277,0.10259179025888443,0.9743589758872986,0.8523076772689819
YPR156C,YNL322C,0,-0.34570733,0.10257794708013535,0.9743589758872986,0.8524358868598938
YDR466W,YMR217W,0,-0.3457525,0.10256410390138626,0.9743589758872986,0.8525640964508057
YJR065C,YDR330W,0,-0.34610298,0.10255026072263718,0.9743589758872986,0.8526923060417175
YGL211W,YGR286C,0,-0.3464552,0.10253642499446869,0.9743589758872986,0.8528205156326294
YBL078C,YML015C,0,-0.34737638,0.1025225967168808,0.9743589758872986,0.8529487252235413
YKL212W,YPL092W,0,-0.34775165,0.10250876843929291,0.9743589758872986,0.8530769348144531
YHR028C,YDR436W,0,-0.34913728,0.10249494016170502,0.9743589758872986,0.853205144405365
YLR097C,YJR155W,0,-0.35123333,0.10248111933469772,0.9743589758872986,0.8533333539962769
YPR166C,YLR221C,0,-0.35173327,0.10246730595827103,0.9743589758872986,0.8534615635871887
YJL033W,YOR116C,0,-0.35216123,0.10245349258184433,0.9743589758872986,0.8535897731781006
YGL090W,YGR279C,0,-0.35248527,0.10243967920541763,0.9743589758872986,0.8537179231643677
YBL024W,YLR176C,0,-0.3525584,0.10242587327957153,0.9743589758872986,0.8538461327552795
YLR008C,YJL133W,0,-0.3535861,0.10241207480430603,0.9743589758872986,0.8539743423461914
YDR358W,YPR005C,0,-0.35430053,0.10239827632904053,0.9743589758872986,0.8541025519371033
YDR177W,YHR099W,0,-0.35571662,0.10238447785377502,0.9743589758872986,0.8542307615280151
YNL291C,YDR086C,0,-0.35961723,0.10237068682909012,0.9743589758872986,0.854358971118927
YJR104C,YBR267W,0,-0.36013392,0.10235690325498581,0.9743589758872986,0.8544871807098389
YML034W,YBR156C,0,-0.36107484,0.1023431196808815,0.9743589758872986,0.8546153903007507
YHL024W,YDR014W,1,-0.36124435,0.1024639829993248,0.9756410121917725,0.8546153903007507
YLL009C,YBR158W,0,-0.3617405,0.10245019197463989,0.9756410121917725,0.8547435998916626
YGL232W,YOR369C,0,-0.36182785,0.10243640094995499,0.9756410121917725,0.8548718094825745
YER068W,YKL109W,0,-0.36303905,0.10242260992527008,0.9756410121917725,0.8550000190734863
YLR158C,YGR062C,0,-0.36334375,0.10240882635116577,0.9756410121917725,0.8551282286643982
YPL214C,YLR121C,0,-0.3640872,0.10239505022764206,0.9756410121917725,0.8552564382553101
YMR139W,YBR122C,0,-0.36685875,0.10238127410411835,0.9756410121917725,0.8553845882415771
YER029C,YKL140W,0,-0.36711344,0.10236749798059464,0.9756410121917725,0.855512797832489
YPL017C,YAL044C,0,-0.3672919,0.10235372930765152,0.9756410121917725,0.8556410074234009
YFL004W,YNL129W,0,-0.36794028,0.102339968085289,0.9756410121917725,0.8557692170143127
YGL178W,YKL195W,0,-0.36870882,0.10232620686292648,0.9756410121917725,0.8558974266052246
YKR038C,YAL043C,0,-0.3697985,0.10231245309114456,0.9756410121917725,0.8560256361961365
YDL069C,YNL096C,0,-0.3702892,0.10229869931936264,0.9756410121917725,0.8561538457870483
YPL090C,YLR467W,0,-0.37033358,0.10228494554758072,0.9756410121917725,0.8562820553779602
YDR071C,YPL089C,0,-0.37332967,0.1022711992263794,0.9756410121917725,0.8564102649688721
YHR143W,YOR389W,0,-0.3740745,0.10225746035575867,0.9756410121917725,0.8565384745597839
YML054C,YBR213W,0,-0.37447754,0.10224372148513794,0.9756410121917725,0.8566666841506958
YBL037W,YNL339C,0,-0.37452295,0.10222998261451721,0.9756410121917725,0.8567948937416077
YOL139C,YOR036W,0,-0.37508467,0.10221625119447708,0.9756410121917725,0.8569231033325195
YJL019W,YMR256C,0,-0.3755441,0.10220252722501755,0.9756410121917725,0.8570512533187866
YDR139C,YER110C,0,-0.37590533,0.10218880325555801,0.9756410121917725,0.8571794629096985
YLR276C,YJL148W,0,-0.37595358,0.10217507928609848,0.9756410121917725,0.8573076725006104
YML009C,YJL109C,0,-0.37674707,0.10216136276721954,0.9756410121917725,0.8574358820915222
YIL034C,YFR003C,0,-0.37679866,0.1021476536989212,0.9756410121917725,0.8575640916824341
YDR297W,YOR306C,0,-0.37776724,0.10213394463062286,0.9756410121917725,0.857692301273346
YNL159C,YIL125W,0,-0.37828413,0.10212023556232452,0.9756410121917725,0.8578205108642578
YJR075W,YCR037C,0,-0.37932587,0.10210653394460678,0.9756410121917725,0.8579487204551697
YDR036C,YNL242W,0,-0.37961128,0.10209283977746964,0.9756410121917725,0.8580769300460815
YAL010C,YNL098C,0,-0.379872,0.10207913815975189,0.9756410121917725,0.8582051396369934
YIL111W,YEL050C,0,-0.37998477,0.10206545144319534,0.9756410121917725,0.8583333492279053
YLR214W,YOR120W,0,-0.3808904,0.1020517647266388,0.9756410121917725,0.8584615588188171
YHR052W,YHL036W,0,-0.38153985,0.10203807801008224,0.9756410121917725,0.858589768409729
YGL141W,YDL130W-A,0,-0.3837053,0.10202439874410629,0.9756410121917725,0.8587179780006409
YDR251W,YLR121C,0,-0.38436756,0.10201072692871094,0.9756410121917725,0.858846127986908
YGR009C,YJR155W,0,-0.38494283,0.10199704766273499,0.9756410121917725,0.8589743375778198
YDR096W,YHR052W,0,-0.3860691,0.10198338329792023,0.9756410121917725,0.8591025471687317
YLR237W,YPL101W,0,-0.38620478,0.10196971893310547,0.9756410121917725,0.8592307567596436
YMR043W,YDR069C,1,-0.3884174,0.1020900309085846,0.9769230484962463,0.8592307567596436
YDR456W,YNR016C,0,-0.3910176,0.10207635909318924,0.9769230484962463,0.8593589663505554
YNL046W,YFR008W,0,-0.39218107,0.10206268727779388,0.9769230484962463,0.8594871759414673
YGL009C,YJL221C,0,-0.3940198,0.10204901546239853,0.9769230484962463,0.8596153855323792
YDL065C,YNL244C,0,-0.39417383,0.10203535109758377,0.9769230484962463,0.859743595123291
YLL001W,YCR053W,0,-0.39439657,0.10202168673276901,0.9769230484962463,0.8598718047142029
YJL125C,YGR116W,0,-0.39464825,0.10200802981853485,0.9769230484962463,0.8600000143051147
YMR152W,YLR265C,0,-0.39580527,0.10199438035488129,0.9769230484962463,0.8601282238960266
YDR297W,YHR081W,0,-0.39587715,0.10198073089122772,0.9769230484962463,0.8602564334869385
YPL226W,YDR032C,0,-0.39879826,0.10196708142757416,0.9769230484962463,0.8603846430778503
YPL220W,YEL021W,0,-0.39894417,0.10195343941450119,0.9769230484962463,0.8605127930641174
YHL040C,YKL198C,0,-0.4005299,0.10193979740142822,0.9769230484962463,0.8606410026550293
YDR358W,YKR058W,0,-0.40074614,0.10192616283893585,0.9769230484962463,0.8607692122459412
YDR481C,YMR184W,0,-0.40094414,0.10191252827644348,0.9769230484962463,0.860897421836853
YBR048W,YHR181W,0,-0.40146437,0.10189890116453171,0.9769230484962463,0.8610256314277649
YPR005C,YGL222C,0,-0.40185252,0.10188528150320053,0.9769230484962463,0.8611538410186768
YPR047W,YDR507C,0,-0.40279785,0.10187165439128876,0.9769230484962463,0.8612820506095886
YJL153C,YOR063W,0,-0.40330318,0.10185804218053818,0.9769230484962463,0.8614102602005005
YDL099W,YJL136C,0,-0.4034336,0.1018444299697876,0.9769230484962463,0.8615384697914124
YLR439W,YKR059W,0,-0.40547433,0.10183081775903702,0.9769230484962463,0.8616666793823242
YPL090C,YOL080C,0,-0.40744928,0.10181721299886703,0.9769230484962463,0.8617948889732361
YBR297W,YGL157W,0,-0.4081433,0.10180360823869705,0.9769230484962463,0.861923098564148
YNL227C,YJL108C,0,-0.4082916,0.10179001092910767,0.9769230484962463,0.8620513081550598
YGL161C,YBR050C,0,-0.4093441,0.10177641361951828,0.9769230484962463,0.8621794581413269
YLR448W,YIL138C,0,-0.40936935,0.10176282376050949,0.9769230484962463,0.8623076677322388
YPR063C,YFL037W,0,-0.40939477,0.1017492339015007,0.9769230484962463,0.8624358773231506
YPL051W,YLL038C,0,-0.4097413,0.10173564404249191,0.9769230484962463,0.8625640869140625
YMR086W,YMR026C,0,-0.41092616,0.10172206908464432,0.9769230484962463,0.8626922965049744
YKR058W,YJL056C,0,-0.41117075,0.10170848667621613,0.9769230484962463,0.8628205060958862
YFL029C,YOR369C,0,-0.41136578,0.10169491171836853,0.9769230484962463,0.8629487156867981
YPR021C,YHR064C,0,-0.41246834,0.10168134421110153,0.9769230484962463,0.86307692527771
YPL089C,YKL024C,0,-0.41675213,0.10166777670383453,0.9769230484962463,0.8632051348686218
YFL044C,YDR420W,0,-0.4169453,0.10165421664714813,0.9769230484962463,0.8633333444595337
YIL078W,YPR041W,0,-0.41827828,0.10164065659046173,0.9769230484962463,0.8634615540504456
YPL195W,YOR039W,0,-0.4186517,0.10162710398435593,0.9769230484962463,0.8635897636413574
YDR342C,YOR120W,0,-0.41872028,0.10161355137825012,0.9769230484962463,0.8637179732322693
YDR418W,YIL124W,0,-0.42165568,0.10159999877214432,0.9769230484962463,0.8638461828231812
YGR159C,YDR228C,0,-0.42256704,0.10158645361661911,0.9769230484962463,0.8639743328094482
YJL102W,YMR303C,0,-0.42292598,0.1015729159116745,0.9769230484962463,0.8641025424003601
YMR043W,YDR054C,1,-0.4234839,0.10169265419244766,0.978205144405365,0.8641025424003601
YMR211W,YGR241C,0,-0.42469236,0.10167910158634186,0.978205144405365,0.864230751991272
YER114C,YLR286C,0,-0.42544127,0.10166555643081665,0.978205144405365,0.8643589615821838
YDR536W,YCR004C,0,-0.42683968,0.10165201127529144,0.978205144405365,0.8644871711730957
YML043C,YJL189W,0,-0.4269439,0.10163847357034683,0.978205144405365,0.8646153807640076
YML116W,YEL059C-A,0,-0.427402,0.10162493586540222,0.978205144405365,0.8647435903549194
YPL103C,YPR081C,0,-0.42780867,0.10161139816045761,0.978205144405365,0.8648717999458313
YOL030W,YNL149C,0,-0.4280927,0.1015978679060936,0.978205144405365,0.8650000095367432
YEL038W,YOL123W,0,-0.42949313,0.10158434510231018,0.978205144405365,0.865128219127655
YML042W,YER089C,0,-0.42989376,0.10157082229852676,0.978205144405365,0.8652564287185669
YJL090C,YDR069C,1,-0.42992333,0.10169040411710739,0.9794871807098389,0.8652564287185669
YML129C,YGR156W,0,-0.43017223,0.10167686641216278,0.9794871807098389,0.8653846383094788
YLR364W,YDL180W,0,-0.43025437,0.10166334360837936,0.9794871807098389,0.8655128479003906
YPL258C,YOR374W,0,-0.4308907,0.10164981335401535,0.9794871807098389,0.8656409978866577
YPL026C,YLR265C,0,-0.43091646,0.10163629055023193,0.9794871807098389,0.8657692074775696
YOL031C,YBL039C,0,-0.4323738,0.10162277519702911,0.9794871807098389,0.8658974170684814
YNL292W,YHR052W,0,-0.4328677,0.1016092598438263,0.9794871807098389,0.8660256266593933
YDL120W,YKR050W,0,-0.43370166,0.10159574449062347,0.9794871807098389,0.8661538362503052
YOR061W,YPL092W,0,-0.4350188,0.10158223658800125,0.9794871807098389,0.866282045841217
YBR286W,YKR059W,0,-0.43694332,0.10156872868537903,0.9794871807098389,0.8664102554321289
YPR108W,YMR311C,0,-0.4371982,0.1015552282333374,0.9794871807098389,0.8665384650230408
YER148W,YJL189W,0,-0.43905565,0.10154173523187637,0.9794871807098389,0.8666666746139526
YNL077W,YLR048W,0,-0.4398177,0.10152824223041534,0.9794871807098389,0.8667948842048645
YOL139C,YJR126C,0,-0.4421982,0.10151474922895432,0.9794871807098389,0.8669230937957764
YLR096W,YKL034W,0,-0.44337413,0.10150126367807388,0.9794871807098389,0.8670513033866882
YGL205W,YER045C,0,-0.44347873,0.10148777812719345,0.9794871807098389,0.8671795129776001
YOR043W,YOR044W,0,-0.4439886,0.10147430002689362,0.9794871807098389,0.8673076629638672
YDR376W,YIL124W,0,-0.44517687,0.10146082192659378,0.9794871807098389,0.867435872554779
YHR147C,YBR251W,0,-0.44653103,0.10144735127687454,0.9794871807098389,0.8675640821456909
YLR371W,YIL111W,0,-0.4471939,0.1014338806271553,0.9794871807098389,0.8676922917366028
YJL033W,YMR006C,0,-0.44724897,0.10142041742801666,0.9794871807098389,0.8678205013275146
YMR070W,YDL190C,0,-0.4477493,0.10140695422887802,0.9794871807098389,0.8679487109184265
YFR003C,YOL133W,0,-0.44776282,0.10139349848031998,0.9794871807098389,0.8680769205093384
YGL136C,YFR008W,0,-0.4482228,0.10138004273176193,0.9794871807098389,0.8682051301002502
YGL253W,YGL178W,0,-0.44839528,0.10136659443378448,0.9794871807098389,0.8683333396911621
YMR307W,YDL231C,0,-0.44871774,0.10135314613580704,0.9794871807098389,0.868461549282074
YBR036C,YNL331C,0,-0.4492133,0.10133969783782959,0.9794871807098389,0.8685897588729858
YNL244C,YOL080C,0,-0.4492747,0.10132625699043274,0.9794871807098389,0.8687179684638977
YOR061W,YLL050C,0,-0.45313126,0.10131282359361649,0.9794871807098389,0.8688461780548096
YMR043W,YDL017W,1,-0.45342043,0.10143198072910309,0.9807692170143127,0.8688461780548096
YMR109W,YCR037C,0,-0.45355853,0.10141853243112564,0.9807692170143127,0.8689743876457214
YDL185W,YFL039C,0,-0.4538298,0.10140509158372879,0.9807692170143127,0.8691025376319885
YGL191W,YIR009W,0,-0.45462123,0.10139165073633194,0.9807692170143127,0.8692307472229004
YJR033C,YPL026C,0,-0.4572977,0.10137821733951569,0.9807692170143127,0.8693589568138123
YNL101W,YLR186W,0,-0.4577817,0.10136478394269943,0.9807692170143127,0.8694871664047241
YDR326C,YDR047W,0,-0.45848978,0.10135135054588318,0.9807692170143127,0.869615375995636
YER096W,YNL185C,0,-0.4617125,0.10133792459964752,0.9807692170143127,0.8697435855865479
YHL040C,YKL109W,0,-0.46196094,0.10132450610399246,0.9807692170143127,0.8698717951774597
YGR058W,YLR343W,0,-0.4621885,0.1013110876083374,0.9807692170143127,0.8700000047683716
YDL085W,YOR332W,0,-0.46428028,0.10129766911268234,0.9807692170143127,0.8701282143592834
YHL047C,YOL125W,0,-0.46431473,0.10128425806760788,0.9807692170143127,0.8702564239501953
YOL071W,YDR326C,0,-0.46459213,0.10127084702253342,0.9807692170143127,0.8703846335411072
YGR002C,YJL102W,0,-0.4648008,0.10125744342803955,0.9807692170143127,0.870512843132019
YOR224C,YDR298C,0,-0.46561095,0.10124404728412628,0.9807692170143127,0.8706410527229309
YOR120W,YGR218W,0,-0.4668571,0.10123064368963242,0.9807692170143127,0.870769202709198
YJR094W-A,YNR020C,0,-0.46722794,0.10121725499629974,0.9807692170143127,0.8708974123001099
YER068W,YIL101C,0,-0.46780494,0.10120386630296707,0.9807692170143127,0.8710256218910217
YMR307W,YER112W,0,-0.46862653,0.1011904776096344,0.9807692170143127,0.8711538314819336
YDR479C,YPL060W,0,-0.47092554,0.10117709636688232,0.9807692170143127,0.8712820410728455
YMR211W,YLR097C,0,-0.47126988,0.10116371512413025,0.9807692170143127,0.8714102506637573
YBL106C,YKL195W,0,-0.47151974,0.10115033388137817,0.9807692170143127,0.8715384602546692
YNL331C,YOR270C,0,-0.4727851,0.10113696753978729,0.9807692170143127,0.871666669845581
YGL040C,YOL123W,0,-0.4732732,0.10112359374761581,0.9807692170143127,0.8717948794364929
YLR192C,YPR036W,0,-0.47343525,0.10111022740602493,0.9807692170143127,0.8719230890274048
YLR356W,YBR231C,0,-0.47366133,0.10109686851501465,0.9807692170143127,0.8720512986183167
YOL005C,YDR077W,0,-0.4747031,0.10108350962400436,0.9807692170143127,0.8721795082092285
YKR061W,YML042W,0,-0.47503927,0.10107015818357468,0.9807692170143127,0.8723077178001404
YBL039C,YLL050C,0,-0.47610795,0.10105680674314499,0.9807692170143127,0.8724358677864075
YAL053W,YER091C,0,-0.47692147,0.1010434553027153,0.9807692170143127,0.8725640773773193
YKL183W,YGR086C,0,-0.47734812,0.10103011131286621,0.9807692170143127,0.8726922869682312
YER045C,YAL025C,0,-0.47814265,0.10101676732301712,0.9807692170143127,0.8728204965591431
YAL035W,YGL123W,0,-0.4783247,0.10100343078374863,0.9807692170143127,0.8729487061500549
YJL108C,YDR510W,0,-0.48070088,0.10099010169506073,0.9807692170143127,0.8730769157409668
YJR135W-A,YNL189W,0,-0.48211876,0.10097676515579224,0.9807692170143127,0.8732051253318787
YMR139W,YBR058C,0,-0.48307875,0.10096344351768494,0.9807692170143127,0.8733333349227905
YIL101C,YHL004W,0,-0.4837344,0.10095012187957764,0.9807692170143127,0.8734615445137024
YPL059W,YNL135C,0,-0.48436874,0.10093680024147034,0.9807692170143127,0.8735897541046143
YBL054W,YPL214C,0,-0.48443726,0.10092348605394363,0.9807692170143127,0.8737179636955261
YML018C,YML070W,0,-0.4852232,0.10091017186641693,0.9807692170143127,0.873846173286438
YPR098C,YOR242C,0,-0.48651937,0.10089685767889023,0.9807692170143127,0.8739743828773499
YLR414C,YIL113W,0,-0.48725584,0.10088355839252472,0.9807692170143127,0.8741025924682617
YDR033W,YOR347C,0,-0.4876643,0.10087025165557861,0.9807692170143127,0.8742307424545288
YAL023C,YGR101W,0,-0.4882001,0.1008569523692131,0.9807692170143127,0.8743589520454407
YIL138C,YOL140W,0,-0.48986173,0.10084366053342819,0.9807692170143127,0.8744871616363525
YBL103C,YPR081C,0,-0.49078676,0.10083036869764328,0.9807692170143127,0.8746153712272644
YER180C,YNL015W,0,-0.49097028,0.10081707686185837,0.9807692170143127,0.8747435808181763
YBL064C,YBR231C,0,-0.49172,0.10080379247665405,0.9807692170143127,0.8748717904090881
YJL048C,YDR534C,0,-0.4926677,0.10079051554203033,0.9807692170143127,0.875
YGL135W,YGR200C,0,-0.49269584,0.10077723860740662,0.9807692170143127,0.8751282095909119
YHR021C,YKL116C,0,-0.49289706,0.1007639616727829,0.9807692170143127,0.8752564191818237
YLR097C,YEL021W,0,-0.49311736,0.10075069218873978,0.9807692170143127,0.8753846287727356
YGR295C,YBL090W,0,-0.4937978,0.10073742270469666,0.9807692170143127,0.8755128383636475
YDR418W,YPR041W,0,-0.49392396,0.10072416067123413,0.9807692170143127,0.8756410479545593
YER095W,YOR061W,0,-0.4939541,0.1007108986377716,0.9807692170143127,0.8757692575454712
YBR267W,YMR290C,0,-0.49429208,0.10069764405488968,0.9807692170143127,0.8758974075317383
YPL143W,YMR109W,0,-0.49450406,0.10068438947200775,0.9807692170143127,0.8760256171226501
YLR097C,YGL031C,0,-0.49462536,0.10067114233970642,0.9807692170143127,0.876153826713562
YNL112W,YER030W,0,-0.49494866,0.10065789520740509,0.9807692170143127,0.8762820363044739
YBR097W,YPL017C,0,-0.49547008,0.10064465552568436,0.9807692170143127,0.8764102458953857
YCL055W,YDR510W,0,-0.49555662,0.10063141584396362,0.9807692170143127,0.8765384554862976
YOR391C,YOR270C,0,-0.4956961,0.10061817616224289,0.9807692170143127,0.8766666650772095
YKL059C,YDR116C,0,-0.49600527,0.10060494393110275,0.9807692170143127,0.8767948746681213
YJR016C,YGR075C,0,-0.49685922,0.10059171915054321,0.9807692170143127,0.8769230842590332
YIL111W,YBR231C,0,-0.4982337,0.10057849436998367,0.9807692170143127,0.8770512938499451
YIL027C,YGR124W,0,-0.49823526,0.10056526958942413,0.9807692170143127,0.8771795034408569
YLR304C,YDR088C,0,-0.49856034,0.10055205225944519,0.9807692170143127,0.8773077130317688
YHR010W,YBR185C,0,-0.49885473,0.10053883492946625,0.9807692170143127,0.8774359226226807
YHR021C,YOL100W,0,-0.502061,0.1005256250500679,0.9807692170143127,0.8775641322135925
YGR159C,YLR134W,0,-0.5023254,0.10051241517066956,0.9807692170143127,0.8776922821998596
YER112W,YGR218W,0,-0.50335526,0.1004992127418518,0.9807692170143127,0.8778204917907715
YGL090W,YPR081C,0,-0.5047157,0.10048601031303406,0.9807692170143127,0.8779487013816833
YDR238C,YBR198C,0,-0.5061151,0.1004728153347969,0.9807692170143127,0.8780769109725952
YOR127W,YIL136W,0,-0.50703573,0.10045962035655975,0.9807692170143127,0.8782051205635071
YHL044W,YBR291C,0,-0.50956464,0.1004464253783226,0.9807692170143127,0.878333330154419
YDR046C,YER044C,0,-0.51110643,0.10043323785066605,0.9807692170143127,0.8784615397453308
YMR006C,YGR200C,0,-0.51123023,0.10042005777359009,0.9807692170143127,0.8785897493362427
YDR086C,YPR047W,0,-0.5113859,0.10040687769651413,0.9807692170143127,0.8787179589271545
YJL048C,YGL229C,0,-0.5126103,0.10039369761943817,0.9807692170143127,0.8788461685180664
YGL147C,YER112W,0,-0.5142498,0.10038052499294281,0.9807692170143127,0.8789743781089783
YGL135W,YJR097W,0,-0.51570046,0.10036735981702805,0.9807692170143127,0.8791025876998901
YLR439W,YPL226W,0,-0.51731884,0.10035419464111328,0.9807692170143127,0.879230797290802
YMR256C,YJL097W,0,-0.5177592,0.10034102946519852,0.9807692170143127,0.8793589472770691
YJL157C,YJR143C,0,-0.51827765,0.10032787173986435,0.9807692170143127,0.879487156867981
YJR104C,YGL157W,0,-0.5190246,0.10031471401453018,0.9807692170143127,0.8796153664588928
YDR436W,YCR010C,0,-0.5191579,0.10030156373977661,0.9807692170143127,0.8797435760498047
YIL138C,YOL077C,0,-0.52072585,0.10028841346502304,0.9807692170143127,0.8798717856407166
YOR150W,YNL151C,0,-0.52267873,0.10027526319026947,0.9807692170143127,0.8799999952316284
YML070W,YOL149W,0,-0.52328134,0.1002621203660965,0.9807692170143127,0.8801282048225403
YEL038W,YNL096C,0,-0.5239761,0.10024898499250412,0.9807692170143127,0.8802564144134521
YIR037W,YOR269W,0,-0.5249256,0.10023584961891174,0.9807692170143127,0.880384624004364
YJR097W,YDR169C,0,-0.525372,0.10022271424531937,0.9807692170143127,0.8805128335952759
YDL204W,YNL188W,0,-0.52567244,0.10020958632230759,0.9807692170143127,0.8806410431861877
YGR223C,YBR297W,0,-0.5257027,0.1001964658498764,0.9807692170143127,0.8807692527770996
YLR090W,YNR061C,0,-0.5259433,0.10018334537744522,0.9807692170143127,0.8808974623680115
YKL135C,YER120W,0,-0.52794933,0.10017022490501404,0.9807692170143127,0.8810256123542786
YJR121W,YDR483W,0,-0.52824485,0.10015711188316345,0.9807692170143127,0.8811538219451904
YDL136W,YER096W,0,-0.5282805,0.10014399886131287,0.9807692170143127,0.8812820315361023
YDL210W,YHL036W,0,-0.5296222,0.10013089329004288,0.9807692170143127,0.8814102411270142
YGL147C,YDR529C,0,-0.52987003,0.10011778771877289,0.9807692170143127,0.881538450717926
YDR060W,YOR036W,0,-0.53086925,0.1001046821475029,0.9807692170143127,0.8816666603088379
YGL205W,YDR044W,0,-0.532297,0.10009158402681351,0.9807692170143127,0.8817948698997498
YBR058C,YGR218W,0,-0.53368455,0.10007849335670471,0.9807692170143127,0.8819230794906616
YDL195W,YLR158C,0,-0.53427404,0.10006540268659592,0.9807692170143127,0.8820512890815735
YHR089C,YGL040C,0,-0.5348072,0.10005231201648712,0.9807692170143127,0.8821794986724854
YDL190C,YOL120C,0,-0.5366505,0.10003922879695892,0.9807692170143127,0.8823077082633972
YOL065C,YPR184W,0,-0.5371952,0.10002615302801132,0.9807692170143127,0.8824359178543091
YOR067C,YDR368W,0,-0.53833485,0.10001307725906372,0.9807692170143127,0.882564127445221
YPL258C,YDR032C,0,-0.53845,0.10000000149011612,0.9807692170143127,0.8826923370361328
YBR205W,YOR182C,0,-0.53847015,0.09998693317174911,0.9807692170143127,0.8828204870223999
YGL206C,YGR158C,0,-0.53881717,0.09997386485338211,0.9807692170143127,0.8829486966133118
YJL033W,YPL089C,0,-0.53973734,0.0999607965350151,0.9807692170143127,0.8830769062042236
YHR215W,YDR297W,0,-0.53982425,0.0999477431178093,0.9807692170143127,0.8832051157951355
YLR418C,YGR061C,0,-0.5417212,0.09993468225002289,0.9807692170143127,0.8833333253860474
YMR043W,YBR160W,1,-0.5421618,0.10005224496126175,0.9820512533187866,0.8833333253860474
YCR098C,YGR061C,0,-0.5422747,0.10003917664289474,0.9820512533187866,0.8834615349769592
YJR016C,YDL130W,0,-0.5423268,0.10002611577510834,0.9820512533187866,0.8835897445678711
YAL010C,YNL339C,0,-0.5427005,0.10001305490732193,0.9820512533187866,0.883717954158783
YDR036C,YOL139C,0,-0.5448884,0.10000000149011612,0.9820512533187866,0.8838461637496948
YOL065C,YNL112W,0,-0.54662144,0.09998694807291031,0.9820512533187866,0.8839743733406067
YDR012W,YHR105W,0,-0.5467253,0.0999738946557045,0.9820512533187866,0.8841025829315186
YER027C,YBR231C,0,-0.5470897,0.09996084868907928,0.9820512533187866,0.8842307925224304
YMR281W,YHL004W,0,-0.54771507,0.09994781017303467,0.9820512533187866,0.8843590021133423
YML054C,YNL212W,0,-0.5485867,0.09993477165699005,0.9820512533187866,0.8844871520996094
YOR096W,YNL007C,0,-0.55024517,0.09992173314094543,0.9820512533187866,0.8846153616905212
YLR238W,YOL139C,0,-0.550668,0.09990870207548141,0.9820512533187866,0.8847435712814331
YFL029C,YER184C,0,-0.5508914,0.0998956710100174,0.9820512533187866,0.884871780872345
YOR181W,YDL127W,0,-0.5514655,0.09988264739513397,0.9820512533187866,0.8849999904632568
YLR238W,YPL226W,0,-0.5533385,0.09986962378025055,0.9820512533187866,0.8851282000541687
YJR145C,YDL143W,0,-0.5540247,0.09985660016536713,0.9820512533187866,0.8852564096450806
YGL119W,YGR061C,0,-0.5572673,0.0998435840010643,0.9820512533187866,0.8853846192359924
YOR061W,YDR224C,0,-0.55735743,0.09983057528734207,0.9820512533187866,0.8855128288269043
YDR341C,YHR086W,0,-0.55767286,0.09981756657361984,0.9820512533187866,0.8856410384178162
YPR108W,YOR369C,0,-0.55888844,0.09980455785989761,0.9820512533187866,0.885769248008728
YBL064C,YGR194C,0,-0.56121755,0.09979155659675598,0.9820512533187866,0.8858974575996399
YMR307W,YDR247W,0,-0.56203043,0.09977856278419495,0.9820512533187866,0.8860256671905518
YDR074W,YLR438C-A,0,-0.5631542,0.09976556152105331,0.9820512533187866,0.8861538171768188
YHR171W,YGL157W,0,-0.56391764,0.09975257515907288,0.9820512533187866,0.8862820267677307
YDR510W,YCL031C,0,-0.56430197,0.09973958134651184,0.9820512533187866,0.8864102363586426
YOL077C,YJR135W-A,0,-0.56491584,0.0997265949845314,0.9820512533187866,0.8865384459495544
YPL106C,YHR136C,0,-0.5662939,0.09971361607313156,0.9820512533187866,0.8866666555404663
YIL101C,YLR121C,0,-0.56757355,0.09970063716173172,0.9820512533187866,0.8867948651313782
YML012W,YJR076C,0,-0.56783366,0.09968766570091248,0.9820512533187866,0.88692307472229
YJL221C,YNL149C,0,-0.5692289,0.09967469424009323,0.9820512533187866,0.8870512843132019
YJL065C,YDR297W,0,-0.569615,0.09966172277927399,0.9820512533187866,0.8871794939041138
YNL007C,YOR386W,0,-0.5703197,0.09964875876903534,0.9820512533187866,0.8873077034950256
YHR086W,YKL143W,0,-0.5711837,0.09963579475879669,0.9820512533187866,0.8874359130859375
YBR296C,YGL031C,0,-0.5731411,0.09962283819913864,0.9820512533187866,0.8875641226768494
YGL119W,YOR044W,0,-0.5733577,0.09960988163948059,0.9820512533187866,0.8876923322677612
YBR035C,YPL123C,0,-0.57368815,0.09959693253040314,0.9820512533187866,0.8878205418586731
YJL153C,YDR342C,0,-0.5743233,0.09958398342132568,0.9820512533187866,0.8879486918449402
YDR420W,YBR241C,0,-0.57436687,0.09957104176282883,0.9820512533187866,0.888076901435852
YMR043W,YDL056W,1,-0.574559,0.09968806803226471,0.9833333492279053,0.888076901435852
YKL156W,YJR094W-A,0,-0.57495034,0.09967511147260666,0.9833333492279053,0.8882051110267639
YOR348C,YLR427W,0,-0.57648385,0.0996621623635292,0.9833333492279053,0.8883333206176758
YOR347C,YPR031W,0,-0.5774281,0.09964921325445175,0.9833333492279053,0.8884615302085876
YJL190C,YDR047W,0,-0.57783276,0.0996362715959549,0.9833333492279053,0.8885897397994995
YEL013W,YLR403W,0,-0.57937634,0.09962332993745804,0.9833333492279053,0.8887179493904114
YOR046C,YPL195W,0,-0.5801477,0.09961038827896118,0.9833333492279053,0.8888461589813232
YNL308C,YLR448W,0,-0.5807947,0.09959745407104492,0.9833333492279053,0.8889743685722351
YPR048W,YDR074W,0,-0.5836601,0.09958451986312866,0.9833333492279053,0.889102578163147
YBR036C,YNL244C,0,-0.5846554,0.099571593105793,0.9833333492279053,0.8892307877540588
YGR029W,YKR094C,0,-0.58472294,0.09955867379903793,0.9833333492279053,0.8893589973449707
YBL030C,YJL133W,0,-0.5847909,0.09954574704170227,0.9833333492279053,0.8894872069358826
YLR096W,YKR059W,0,-0.5852412,0.0995328351855278,0.9833333492279053,0.8896153569221497
YHR206W,YPL092W,0,-0.58561313,0.09951991587877274,0.9833333492279053,0.8897435665130615
YIL093C,YMR223W,0,-0.5874328,0.09950700402259827,0.9833333492279053,0.8898717761039734
YDR299W,YDL192W,0,-0.58754116,0.0994940996170044,0.9833333492279053,0.8899999856948853
YDR018C,YLR430W,0,-0.58859515,0.09948119521141052,0.9833333492279053,0.8901281952857971
YJR121W,YNL268W,0,-0.5889659,0.09946829080581665,0.9833333492279053,0.890256404876709
YOR096W,YDR320C,0,-0.59141946,0.09945539385080338,0.9833333492279053,0.8903846144676208
YMR264W,YIL136W,0,-0.59208703,0.0994424968957901,0.9833333492279053,0.8905128240585327
YER027C,YBL022C,0,-0.5925606,0.09942960739135742,0.9833333492279053,0.8906410336494446
YER068W,YPR041W,0,-0.59259033,0.09941671788692474,0.9833333492279053,0.8907692432403564
YIR012W,YPL220W,0,-0.5929785,0.09940383583307266,0.9833333492279053,0.8908974528312683
YLR448W,YHL004W,0,-0.59386575,0.09939095377922058,0.9833333492279053,0.8910256624221802
YNL291C,YLR414C,0,-0.5940589,0.0993780791759491,0.9833333492279053,0.891153872013092
YML042W,YPL154C,0,-0.5943155,0.09936520457267761,0.9833333492279053,0.8912820219993591
YJL048C,YER164W,0,-0.5957376,0.09935232996940613,0.9833333492279053,0.891410231590271
YIL111W,YFL037W,0,-0.597558,0.09933946281671524,0.9833333492279053,0.8915384411811829
YJL097W,YDR342C,0,-0.5977309,0.09932659566402435,0.9833333492279053,0.8916666507720947
YJR121W,YFL041W,0,-0.5984052,0.09931373596191406,0.9833333492279053,0.8917948603630066
YNR022C,YGR191W,0,-0.59877884,0.09930088371038437,0.9833333492279053,0.8919230699539185
YER056C-A,YLR127C,0,-0.5988951,0.09928802400827408,0.9833333492279053,0.8920512795448303
YBL054W,YJL044C,0,-0.5997045,0.09927517175674438,0.9833333492279053,0.8921794891357422
YER126C,YER051W,0,-0.60178196,0.09926232695579529,0.9833333492279053,0.892307698726654
YCR009C,YKR050W,0,-0.60304797,0.09924948215484619,0.9833333492279053,0.8924359083175659
YBR214W,YBL037W,0,-0.6033473,0.09923664480447769,0.9833333492279053,0.8925641179084778
YDR060W,YKL179C,0,-0.60435784,0.0992238000035286,0.9833333492279053,0.8926923274993896
YOR076C,YOR386W,0,-0.60470355,0.09921097010374069,0.9833333492279053,0.8928205370903015
YNL162W,YML074C,0,-0.6049546,0.09919814020395279,0.9833333492279053,0.8929487466812134
YER045C,YOL140W,0,-0.6053207,0.09918531030416489,0.9833333492279053,0.8930768966674805
YIL070C,YDR529C,0,-0.60583556,0.09917248785495758,0.9833333492279053,0.8932051062583923
YNL191W,YHR010W,0,-0.6061475,0.09915966540575027,0.9833333492279053,0.8933333158493042
YNL306W,YGL157W,0,-0.6064069,0.09914684295654297,0.9833333492279053,0.8934615254402161
YGR088W,YJR001W,0,-0.6067338,0.09913402795791626,0.9833333492279053,0.8935897350311279
YIL111W,YLR265C,0,-0.6084907,0.09912122040987015,0.9833333492279053,0.8937179446220398
YLR158C,YAL062W,0,-0.60890913,0.09910841286182404,0.9833333492279053,0.8938461542129517
YNL091W,YDR390C,0,-0.61188686,0.09909560531377792,0.9833333492279053,0.8939743638038635
YPR178W,YGR279C,0,-0.6148341,0.09908280521631241,0.9833333492279053,0.8941025733947754
YLR276C,YGL084C,0,-0.616874,0.0990700051188469,0.9833333492279053,0.8942307829856873
YGR058W,YBR205W,0,-0.6169672,0.09905721247196198,0.9833333492279053,0.8943589925765991
YNL049C,YDR036C,0,-0.617139,0.09904441982507706,0.9833333492279053,0.894487202167511
YDR012W,YJR016C,0,-0.61734855,0.09903163462877274,0.9833333492279053,0.8946154117584229
YML113W,YJL102W,0,-0.618124,0.09901884943246841,0.9833333492279053,0.8947435617446899
YJL046W,YKL024C,0,-0.6188369,0.09900606423616409,0.9833333492279053,0.8948717713356018
YIL034C,YIL136W,0,-0.6191627,0.09899328649044037,0.9833333492279053,0.8949999809265137
YJL165C,YDR231C,0,-0.62107897,0.09898051619529724,0.9833333492279053,0.8951281905174255
YOL133W,YMR302C,0,-0.62136185,0.09896773844957352,0.9833333492279053,0.8952564001083374
YOR290C,YNL061W,0,-0.6215254,0.09895497560501099,0.9833333492279053,0.8953846096992493
YBR058C,YGL147C,0,-0.6217494,0.09894220530986786,0.9833333492279053,0.8955128192901611
YDR018C,YGR156W,0,-0.6240771,0.09892944991588593,0.9833333492279053,0.895641028881073
YML125C,YAL012W,0,-0.6248285,0.0989166870713234,0.9833333492279053,0.8957692384719849
YPR192W,YFL044C,0,-0.62772655,0.09890393167734146,0.9833333492279053,0.8958974480628967
YJR025C,YNL306W,0,-0.62899375,0.09889118373394012,0.9833333492279053,0.8960256576538086
YOL156W,YPL220W,0,-0.62966275,0.09887843579053879,0.9833333492279053,0.8961538672447205
YPL271W,YOR337W,0,-0.6308234,0.09886568784713745,0.9833333492279053,0.8962820768356323
YLR214W,YAR019C,0,-0.63119805,0.09885294735431671,0.9833333492279053,0.8964102268218994
YDR326C,YML091C,0,-0.63196063,0.09884020686149597,0.9833333492279053,0.8965384364128113
YOL100W,YIL111W,0,-0.6336293,0.09882747381925583,0.9833333492279053,0.8966666460037231
YGL128C,YLR441C,0,-0.63418317,0.09881474077701569,0.9833333492279053,0.896794855594635
YDR077W,YPR042C,0,-0.6346593,0.09880200773477554,0.9833333492279053,0.8969230651855469
YPL195W,YPL154C,0,-0.6356473,0.098789282143116,0.9833333492279053,0.8970512747764587
YMR043W,YJL073W,1,-0.6356585,0.09890534728765488,0.9846153855323792,0.8970512747764587
YDR107C,YDR420W,0,-0.6362916,0.09889260679483414,0.9846153855323792,0.8971794843673706
YGR106C,YJL164C,0,-0.63691735,0.098879873752594,0.9846153855323792,0.8973076939582825
YMR201C,YDR251W,0,-0.637993,0.09886714816093445,0.9846153855323792,0.8974359035491943
YER082C,YBL022C,0,-0.6388165,0.0988544225692749,0.9846153855323792,0.8975641131401062
YOL139C,YLR221C,0,-0.63890123,0.09884169697761536,0.9846153855323792,0.8976923227310181
YNR016C,YOL120C,0,-0.6403868,0.09882897883653641,0.9846153855323792,0.8978205323219299
YJR121W,YHR044C,0,-0.64075124,0.09881626069545746,0.9846153855323792,0.8979487419128418
YDL192W,YLL011W,0,-0.6429117,0.0988035500049591,0.9846153855323792,0.8980769515037537
YJL033W,YJR033C,0,-0.64301825,0.09879083931446075,0.9846153855323792,0.8982051014900208
YGR008C,YJL101C,0,-0.64584327,0.098778136074543,0.9846153855323792,0.8983333110809326
YJL048C,YHR147C,0,-0.6463944,0.09876543283462524,0.9846153855323792,0.8984615206718445
YGR063C,YDR251W,0,-0.646675,0.09875272959470749,0.9846153855323792,0.8985897302627563
YHR206W,YGR154C,0,-0.6502038,0.09874003380537033,0.9846153855323792,0.8987179398536682
YOR332W,YOL109W,0,-0.6502856,0.09872734546661377,0.9846153855323792,0.8988461494445801
YPR178W,YNR047W,0,-0.65296185,0.09871464967727661,0.9846153855323792,0.8989743590354919
YBL024W,YPL048W,0,-0.65416944,0.09870196878910065,0.9846153855323792,0.8991025686264038
YOL030W,YOR347C,0,-0.65690494,0.09868928045034409,0.9846153855323792,0.8992307782173157
YER056C-A,YBR185C,0,-0.6570208,0.09867659956216812,0.9846153855323792,0.8993589878082275
YDR495C,YDR418W,0,-0.65708363,0.09866392612457275,0.9846153855323792,0.8994871973991394
YBR055C,YIL125W,0,-0.65864825,0.09865125268697739,0.9846153855323792,0.8996154069900513
YER056C-A,YOL080C,0,-0.65890336,0.09863857924938202,0.9846153855323792,0.8997436165809631
YJL106W,YDL060W,0,-0.66003287,0.09862591326236725,0.9846153855323792,0.8998717665672302
YNL001W,YDR032C,0,-0.66083205,0.09861325472593307,0.9846153855323792,0.8999999761581421
YHR160C,YML070W,0,-0.6610364,0.0986005887389183,0.9846153855323792,0.900128185749054
YMR297W,YFL039C,0,-0.6614839,0.09858793020248413,0.9846153855323792,0.9002563953399658
YDR251W,YJR126C,0,-0.66167915,0.09857527911663055,0.9846153855323792,0.9003846049308777
YKL195W,YLR403W,0,-0.6629808,0.09856262803077698,0.9846153855323792,0.9005128145217896
YOL120C,YER020W,0,-0.66365695,0.098549984395504,0.9846153855323792,0.9006410241127014
YNL086W,YLR099C,0,-0.6657884,0.09853733330965042,0.9846153855323792,0.9007692337036133
YDL185W,YOR150W,0,-0.6660913,0.09852469712495804,0.9846153855323792,0.9008974432945251
YDR060W,YPR036W,0,-0.66621304,0.09851206094026566,0.9846153855323792,0.901025652885437
YDR388W,YNL207W,0,-0.6670593,0.09849942475557327,0.9846153855323792,0.9011538624763489
YIL125W,YGL157W,0,-0.6686816,0.09848678857088089,0.9846153855323792,0.9012820720672607
YDR511W,YOL125W,0,-0.6691632,0.0984741598367691,0.9846153855323792,0.9014102816581726
YIR012W,YDL192W,0,-0.6699835,0.09846153855323792,0.9846153855323792,0.9015384912490845
YMR043W,YHL024W,1,-0.6727544,0.0985771045088768,0.985897421836853,0.9015384912490845
YDL166C,YGR189C,0,-0.6747948,0.09856446832418442,0.985897421836853,0.9016666412353516
YPL271W,YAL044C,0,-0.6757903,0.09855183959007263,0.985897421836853,0.9017948508262634
YBR058C-A,YBL090W,0,-0.6761178,0.09853921085596085,0.985897421836853,0.9019230604171753
YMR298W,YDL120W,0,-0.6762105,0.09852658212184906,0.985897421836853,0.9020512700080872
YAL035W,YDR298C,0,-0.6768559,0.09851396083831787,0.985897421836853,0.902179479598999
YAL013W,YIL160C,0,-0.6771381,0.09850134700536728,0.985897421836853,0.9023076891899109
YDL229W,YLR015W,0,-0.677598,0.09848873317241669,0.985897421836853,0.9024358987808228
YJL198W,YNR022C,0,-0.6784121,0.0984761193394661,0.985897421836853,0.9025641083717346
YBR092C,YOR228C,0,-0.67901754,0.0984635055065155,0.985897421836853,0.9026923179626465
YOL125W,YNL115C,0,-0.6795784,0.09845089912414551,0.985897421836853,0.9028205275535583
YHR046C,YER095W,0,-0.6849704,0.09843830019235611,0.985897421836853,0.9029487371444702
YDL166C,YOR131C,0,-0.6852298,0.09842570126056671,0.985897421836853,0.9030769467353821
YBR205W,YBR241C,0,-0.68596196,0.09841310232877731,0.985897421836853,0.903205156326294
YDR536W,YOR124C,0,-0.6869874,0.09840051084756851,0.985897421836853,0.903333306312561
YDL019C,YNL331C,0,-0.68877083,0.09838791936635971,0.985897421836853,0.9034615159034729
YGL178W,YDR380W,0,-0.6907891,0.0983753353357315,0.985897421836853,0.9035897254943848
YMR217W,YKL164C,0,-0.6913458,0.0983627513051033,0.985897421836853,0.9037179350852966
YMR235C,YLR287C-A,0,-0.6936468,0.0983501747250557,0.985897421836853,0.9038461446762085
YIR012W,YOR369C,0,-0.69446325,0.09833759814500809,0.985897421836853,0.9039743542671204
YKR059W,YHR086W,0,-0.696152,0.09832502156496048,0.985897421836853,0.9041025638580322
YMR043W,YDR279W,1,-0.7000805,0.09844029694795609,0.9871794581413269,0.9041025638580322
YIL027C,YLR441C,0,-0.70334506,0.09842771291732788,0.9871794581413269,0.9042307734489441
YJR016C,YHR181W,0,-0.704328,0.09841513633728027,0.9871794581413269,0.904358983039856
YNL159C,YKL011C,0,-0.7067578,0.09840255230665207,0.9871794581413269,0.9044871926307678
YJL048C,YLR097C,0,-0.7074964,0.09838998317718506,0.9871794581413269,0.9046154022216797
YJL072C,YHL024W,1,-0.708035,0.0985051766037941,0.9884615540504456,0.9046154022216797
YLR192C,YBR082C,0,-0.7088169,0.0984925925731659,0.9884615540504456,0.9047436118125916
YLR038C,YDR326C,0,-0.71126354,0.09848000854253769,0.9884615540504456,0.9048718214035034
YBR041W,YNL162W,0,-0.7120644,0.09846743196249008,0.9884615540504456,0.9049999713897705
YIL111W,YDR483W,0,-0.71249926,0.09845485538244247,0.9884615540504456,0.9051281809806824
YMR188C,YDR330W,0,-0.7129823,0.09844228625297546,0.9884615540504456,0.9052563905715942
YGR218W,YDL082W,0,-0.7138022,0.09842971712350845,0.9884615540504456,0.9053846001625061
YPL271W,YML070W,0,-0.7143525,0.09841715544462204,0.9884615540504456,0.905512809753418
YER036C,YDR330W,0,-0.71449995,0.09840459376573563,0.9884615540504456,0.9056410193443298
YOR047C,YMR012W,0,-0.71532476,0.09839203953742981,0.9884615540504456,0.9057692289352417
YLR096W,YLR343W,0,-0.71580946,0.09837948530912399,0.9884615540504456,0.9058974385261536
YIR037W,YLR121C,0,-0.716161,0.09836693108081818,0.9884615540504456,0.9060256481170654
YLR142W,YJR097W,0,-0.71665406,0.09835438430309296,0.9884615540504456,0.9061538577079773
YAL008W,YIL112W,0,-0.720032,0.09834183752536774,0.9884615540504456,0.9062820672988892
YKL178C,YDR529C,0,-0.72043526,0.09832929819822311,0.9884615540504456,0.906410276889801
YKR038C,YDR018C,0,-0.7211486,0.09831675887107849,0.9884615540504456,0.9065384864807129
YGR156W,YBR297W,0,-0.722111,0.09830421954393387,0.9884615540504456,0.9066666960716248
YPL090C,YAL025C,0,-0.7222107,0.09829168766736984,0.9884615540504456,0.9067948460578918
YMR290C,YDL075W,0,-0.72291136,0.09827915579080582,0.9884615540504456,0.9069230556488037
YGL137W,YOL139C,0,-0.7248676,0.09826663136482239,0.9884615540504456,0.9070512652397156
YDR418W,YPR081C,0,-0.7250807,0.09825410693883896,0.9884615540504456,0.9071794748306274
YLR134W,YHR064C,0,-0.72643745,0.09824158996343613,0.9884615540504456,0.9073076844215393
YOR257W,YPL090C,0,-0.7265321,0.0982290729880333,0.9884615540504456,0.9074358940124512
YML027W,YLR154C,1,-0.7267947,0.09834394603967667,0.9897435903549194,0.9074358940124512
YML116W,YDR529C,0,-0.72799146,0.09833142161369324,0.9897435903549194,0.907564103603363
YGL135W,YNR047W,0,-0.73223376,0.09831889718770981,0.9897435903549194,0.9076923131942749
YDR342C,YPL111W,0,-0.7324052,0.09830638021230698,0.9897435903549194,0.9078205227851868
YDR036C,YNL325C,0,-0.732887,0.09829386323690414,0.9897435903549194,0.9079487323760986
YBR058C,YPL159C,0,-0.73364806,0.09828134626150131,0.9897435903549194,0.9080769419670105
YLR188W,YOR076C,0,-0.7343285,0.09826883673667908,0.9897435903549194,0.9082051515579224
YBL024W,YML012W,0,-0.7348074,0.09825633466243744,0.9897435903549194,0.9083333611488342
YMR316W,YER056C-A,0,-0.73632956,0.0982438251376152,0.9897435903549194,0.9084615111351013
YOL064C,YDR055W,0,-0.73833835,0.09823133051395416,0.9897435903549194,0.9085897207260132
YFL047W,YMR152W,0,-0.73926854,0.09821882843971252,0.9897435903549194,0.908717930316925
YER099C,YJR059W,0,-0.73964095,0.09820633381605148,0.9897435903549194,0.9088461399078369
YJL102W,YER045C,0,-0.74122834,0.09819384664297104,0.9897435903549194,0.9089743494987488
YJL102W,YOR014W,0,-0.7415379,0.09818135201931,0.9897435903549194,0.9091025590896606
YOR120W,YPL033C,0,-0.7417072,0.09816887229681015,0.9897435903549194,0.9092307686805725
YGL206C,YOL139C,0,-0.74189377,0.0981563925743103,0.9897435903549194,0.9093589782714844
YJR097W,YGR200C,0,-0.7439624,0.09814391285181046,0.9897435903549194,0.9094871878623962
YDL136W,YGR135W,0,-0.7480738,0.09813143312931061,0.9897435903549194,0.9096153974533081
YOL077C,YGR037C,0,-0.75003386,0.09811896085739136,0.9897435903549194,0.90974360704422
YNR007C,YPL123C,0,-0.75003874,0.0981064960360527,0.9897435903549194,0.9098718166351318
YDR466W,YPL090C,0,-0.75110805,0.09809403121471405,0.9897435903549194,0.9100000262260437
YDL136W,YNL331C,0,-0.75558114,0.0980815663933754,0.9897435903549194,0.9101281762123108
YOL072W,YGR189C,0,-0.7560363,0.09806910902261734,0.9897435903549194,0.9102563858032227
YGR088W,YLR100W,0,-0.7571864,0.09805665165185928,0.9897435903549194,0.9103845953941345
YBL039C,YGL123W,0,-0.7584394,0.09804419428110123,0.9897435903549194,0.9105128049850464
YKR059W,YDR116C,0,-0.76049006,0.09803174436092377,0.9897435903549194,0.9106410145759583
YHR086W,YNL268W,0,-0.7613362,0.0980193018913269,0.9897435903549194,0.9107692241668701
YLR439W,YER053C,0,-0.76315856,0.09800685197114944,0.9897435903549194,0.910897433757782
YNL292W,YPR098C,0,-0.76343656,0.09799441695213318,0.9897435903549194,0.9110256433486938
YPR073C,YNL268W,0,-0.7675519,0.09798197448253632,0.9897435903549194,0.9111538529396057
YDR242W,YIL125W,0,-0.76806664,0.09796953946352005,0.9897435903549194,0.9112820625305176
YPL154C,YDR380W,0,-0.7694087,0.09795711189508438,0.9897435903549194,0.9114102721214294
YPL031C,YHR081W,0,-0.77358544,0.09794468432664871,0.9897435903549194,0.9115384817123413
YER114C,YDR086C,0,-0.77533543,0.09793225675821304,0.9897435903549194,0.9116666913032532
YBR092C,YNL098C,0,-0.77643085,0.09791983664035797,0.9897435903549194,0.911794900894165
YLR158C,YMR152W,0,-0.77662385,0.0979074165225029,0.9897435903549194,0.9119230508804321
YDR120C,YOR014W,0,-0.7788391,0.09789500385522842,0.9897435903549194,0.912051260471344
YGL222C,YIR037W,0,-0.7813213,0.09788259118795395,0.9897435903549194,0.9121794700622559
YKR059W,YGL106W,0,-0.7828301,0.09787018597126007,0.9897435903549194,0.9123076796531677
YLL062C,YKL181W,0,-0.78323424,0.0978577733039856,0.9897435903549194,0.9124358892440796
YBR156C,YPR081C,0,-0.78337145,0.09784537553787231,0.9897435903549194,0.9125640988349915
YKL181W,YPL204W,0,-0.7862304,0.09783297777175903,0.9897435903549194,0.9126923084259033
YPL060W,YKL059C,0,-0.7862786,0.09782058000564575,0.9897435903549194,0.9128205180168152
YLR188W,YMR256C,0,-0.78690386,0.09780818223953247,0.9897435903549194,0.912948727607727
YHL024W,YER070W,1,-0.7877562,0.09792247414588928,0.9910256266593933,0.912948727607727
YOR348C,YAL013W,0,-0.788427,0.0979100689291954,0.9910256266593933,0.9130769371986389
YLR201C,YLR419W,0,-0.7900475,0.09789767116308212,0.9910256266593933,0.9132051467895508
YBR273C,YML070W,0,-0.7908987,0.09788527339696884,0.9910256266593933,0.9133333563804626
YGL223C,YER045C,0,-0.79213,0.09787287563085556,0.9910256266593933,0.9134615659713745
YER148W,YLL011W,0,-0.7941233,0.09786048531532288,0.9910256266593933,0.9135897159576416
YER086W,YIR036C,0,-0.79419374,0.09784810245037079,0.9910256266593933,0.9137179255485535
YJL033W,YML063W,0,-0.7948854,0.0978357195854187,0.9910256266593933,0.9138461351394653
YGL120C,YJL148W,0,-0.7967832,0.09782333672046661,0.9910256266593933,0.9139743447303772
YDR503C,YOR374W,0,-0.79851687,0.09781096130609512,0.9910256266593933,0.9141025543212891
YIL125W,YMR026C,0,-0.79899156,0.09779858589172363,0.9910256266593933,0.9142307639122009
YMR307W,YER120W,0,-0.79996204,0.09778621047735214,0.9910256266593933,0.9143589735031128
YDR341C,YNL061W,0,-0.8010646,0.09777384251356125,0.9910256266593933,0.9144871830940247
YKL059C,YMR071C,0,-0.8012116,0.09776147454977036,0.9910256266593933,0.9146153926849365
YML106W,YHR171W,0,-0.80277646,0.09774911403656006,0.9910256266593933,0.9147436022758484
YHR161C,YIL125W,0,-0.8047663,0.09773675352334976,0.9910256266593933,0.9148718118667603
YBR022W,YKL181W,0,-0.80571365,0.09772440046072006,0.9910256266593933,0.9150000214576721
YJR143C,YPR021C,0,-0.8071449,0.09771204739809036,0.9910256266593933,0.915128231048584
YJR009C,YDL231C,0,-0.80752075,0.09769969433546066,0.9910256266593933,0.9152563810348511
YPL177C,YKR030W,0,-0.80785,0.09768734872341156,0.9910256266593933,0.9153845906257629
YHL024W,YDR054C,1,-0.80916214,0.09780136495828629,0.9923076629638672,0.9153845906257629
YKR058W,YHR081W,0,-0.81183934,0.09778901189565659,0.9923076629638672,0.9155128002166748
YGL135W,YER020W,0,-0.8125124,0.09777665138244629,0.9923076629638672,0.9156410098075867
YGL213C,YBR105C,0,-0.81316364,0.09776430577039719,0.9923076629638672,0.9157692193984985
YGL135W,YJR025C,0,-0.8153528,0.09775196015834808,0.9923076629638672,0.9158974289894104
YBL039C,YGR135W,0,-0.81549627,0.09773961454629898,0.9923076629638672,0.9160256385803223
YDR069C,YDR054C,1,-0.81575847,0.09785353392362595,0.9935897588729858,0.9160256385803223
YPR042C,YGR014W,0,-0.81673074,0.09784118086099625,0.9935897588729858,0.9161538481712341
YPL031C,YMR217W,0,-0.81680536,0.09782882779836655,0.9935897588729858,0.916282057762146
YMR043W,YAR007C,1,-0.8168781,0.09794269502162933,0.9948717951774597,0.916282057762146
YDL229W,YPR081C,0,-0.8177633,0.09793033450841904,0.9948717951774597,0.9164102673530579
YDL229W,YDR169C,0,-0.81933606,0.09791798144578934,0.9948717951774597,0.9165384769439697
YPL048W,YNL151C,0,-0.8207594,0.09790562838315964,0.9948717951774597,0.9166666865348816
YOR182C,YMR217W,0,-0.8211627,0.09789327532052994,0.9948717951774597,0.9167948961257935
YLR304C,YGL031C,0,-0.8223579,0.09788092970848083,0.9948717951774597,0.9169231057167053
YOR167C,YHR116W,0,-0.82263577,0.09786858409643173,0.9948717951774597,0.9170512557029724
YGL135W,YNL151C,0,-0.8253945,0.09785623848438263,0.9948717951774597,0.9171794652938843
YDR118W,YPL026C,0,-0.8282201,0.09784390032291412,0.9948717951774597,0.9173076748847961
YBR092C,YIL101C,0,-0.82940006,0.09783156961202621,0.9948717951774597,0.917435884475708
YGL136C,YAL008W,0,-0.8295102,0.0978192389011383,0.9948717951774597,0.9175640940666199
YGL206C,YBL061C,0,-0.8311138,0.0978069081902504,0.9948717951774597,0.9176923036575317
YMR043W,YLR154C,1,-0.8319559,0.09792060405015945,0.9961538314819336,0.9176923036575317
YPL090C,YBR035C,0,-0.832777,0.09790826588869095,0.9961538314819336,0.9178205132484436
YJL198W,YER082C,0,-0.8328191,0.09789592772722244,0.9961538314819336,0.9179487228393555
YKL140W,YGR123C,0,-0.8338716,0.09788359701633453,0.9961538314819336,0.9180769324302673
YLL062C,YBR245C,0,-0.8339602,0.09787126630544662,0.9961538314819336,0.9182051420211792
YJL052W,YGR189C,0,-0.834627,0.09785894304513931,0.9961538314819336,0.9183333516120911
YLR048W,YLR078C,0,-0.8397424,0.097846619784832,0.9961538314819336,0.9184615612030029
YCR039C,YBR283C,0,-0.84078574,0.09783429652452469,0.9961538314819336,0.9185897707939148
YML106W,YPR108W,0,-0.84095526,0.09782198071479797,0.9961538314819336,0.9187179207801819
YLR142W,YAL010C,0,-0.84201896,0.09780966490507126,0.9961538314819336,0.9188461303710938
YDR128W,YDR044W,0,-0.84202504,0.09779735654592514,0.9961538314819336,0.9189743399620056
YOL120C,YML063W,0,-0.8422699,0.09778504818677902,0.9961538314819336,0.9191025495529175
YHR143W,YDR376W,0,-0.8432535,0.0977727472782135,0.9961538314819336,0.9192307591438293
YLR134W,YML125C,0,-0.8455374,0.09776044636964798,0.9961538314819336,0.9193589687347412
YML063W,YAL025C,0,-0.84596956,0.09774814546108246,0.9961538314819336,0.9194871783256531
YGR086C,YGR156W,0,-0.84598565,0.09773585200309753,0.9961538314819336,0.9196153879165649
YNL159C,YPR016C,0,-0.8486481,0.09772355854511261,0.9961538314819336,0.9197435975074768
YBR273C,YKL056C,0,-0.8514354,0.09771126508712769,0.9961538314819336,0.9198718070983887
YOR046C,YLR237W,0,-0.8526671,0.09769897907972336,0.9961538314819336,0.9200000166893005
YDR265W,YPL220W,0,-0.85275745,0.09768670052289963,0.9961538314819336,0.9201282262802124
YBL075C,YMR201C,0,-0.853351,0.0976744219660759,0.9961538314819336,0.9202564358711243
YDR465C,YGR194C,0,-0.85553,0.09766214340925217,0.9961538314819336,0.9203845858573914
YOR116C,YPL031C,0,-0.8560239,0.09764986485242844,0.9961538314819336,0.9205127954483032
YLL062C,YCR096C,0,-0.8574567,0.0976375937461853,0.9961538314819336,0.9206410050392151
YOL005C,YLR121C,0,-0.8611963,0.09762533009052277,0.9961538314819336,0.920769214630127
YNL166C,YCL050C,0,-0.8615246,0.09761306643486023,0.9961538314819336,0.9208974242210388
YOR047C,YLL009C,0,-0.8631823,0.09760080277919769,0.9961538314819336,0.9210256338119507
YPR047W,YOL147C,0,-0.86488223,0.09758854657411575,0.9961538314819336,0.9211538434028625
YFR015C,YLR147C,0,-0.8670323,0.09757629036903381,0.9961538314819336,0.9212820529937744
YKR094C,YDR418W,0,-0.86880124,0.09756404161453247,0.9961538314819336,0.9214102625846863
YLR142W,YDR120C,0,-0.86897945,0.09755178540945053,0.9961538314819336,0.9215384721755981
YDR536W,YLR276C,0,-0.87076545,0.09753954410552979,0.9961538314819336,0.92166668176651
YGR088W,YIL155C,0,-0.8708677,0.09752730280160904,0.9961538314819336,0.9217948913574219
YNL306W,YHR064C,0,-0.87102157,0.0975150614976883,0.9961538314819336,0.9219231009483337
YMR056C,YLL001W,0,-0.8710362,0.09750282019376755,0.9961538314819336,0.9220513105392456
YHR021C,YLL009C,0,-0.87217546,0.0974905863404274,0.9961538314819336,0.9221794605255127
YLL050C,YBR283C,0,-0.8743854,0.09747835993766785,0.9961538314819336,0.9223076701164246
YDR086C,YDR486C,0,-0.87575054,0.0974661335349083,0.9961538314819336,0.9224358797073364
YDL075W,YNL128W,0,-0.87630224,0.09745390713214874,0.9961538314819336,0.9225640892982483
YHR206W,YML070W,0,-0.8763628,0.09744168817996979,0.9961538314819336,0.9226922988891602
YJR143C,YDR322W,0,-0.87718964,0.09742946922779083,0.9961538314819336,0.922820508480072
YOL138C,YOL003C,0,-0.87886757,0.09741725027561188,0.9961538314819336,0.9229487180709839
YLL062C,YOL109W,0,-0.87994564,0.09740503877401352,0.9961538314819336,0.9230769276618958
YIL155C,YPR032W,0,-0.8802359,0.09739282727241516,0.9961538314819336,0.9232051372528076
YER036C,YIL113W,0,-0.8820183,0.0973806232213974,0.9961538314819336,0.9233333468437195
YER027C,YLR158C,0,-0.88478327,0.09736841917037964,0.9961538314819336,0.9234615564346313
YBR055C,YDR077W,0,-0.88671875,0.09735622256994247,0.9961538314819336,0.9235897660255432
YDL108W,YLR327C,0,-0.8868226,0.09734402596950531,0.9961538314819336,0.9237179756164551
YOL077C,YKR030W,0,-0.88691664,0.09733182936906815,0.9961538314819336,0.9238461256027222
YER027C,YJL148W,0,-0.8881129,0.09731964021921158,0.9961538314819336,0.923974335193634
YJR009C,YHR186C,0,-0.8887477,0.09730745106935501,0.9961538314819336,0.9241025447845459
YAL003W,YCL050C,0,-0.8932427,0.09729526937007904,0.9961538314819336,0.9242307543754578
YMR302C,YFL044C,0,-0.8933401,0.09728308767080307,0.9961538314819336,0.9243589639663696
YAL053W,YPL186C,0,-0.8935553,0.0972709059715271,0.9961538314819336,0.9244871735572815
YMR316W,YOR181W,0,-0.8977543,0.09725873172283173,0.9961538314819336,0.9246153831481934
YFR032C-A,YJR065C,0,-0.89811563,0.09724655747413635,0.9961538314819336,0.9247435927391052
YDL127W,YPL123C,0,-0.8982723,0.09723439067602158,0.9961538314819336,0.9248718023300171
YOR278W,YIL155C,0,-0.903371,0.0972222238779068,0.9961538314819336,0.925000011920929
YBR158W,YKL034W,0,-0.90422773,0.09721005707979202,0.9961538314819336,0.9251282215118408
YDR242W,YPR041W,0,-0.9049065,0.09719789773225784,0.9961538314819336,0.9252564311027527
YDR533C,YNR022C,0,-0.9051759,0.09718573838472366,0.9961538314819336,0.9253846406936646
YER029C,YBL064C,0,-0.90556383,0.09717358648777008,0.9961538314819336,0.9255128502845764
YDR326C,YBR297W,0,-0.90658927,0.0971614345908165,0.9961538314819336,0.9256410002708435
YJR033C,YJL125C,0,-0.90903306,0.09714929014444351,0.9961538314819336,0.9257692098617554
YER099C,YDR247W,0,-0.9105673,0.09713714569807053,0.9961538314819336,0.9258974194526672
YGR154C,YHR136C,0,-0.9109745,0.09712500125169754,0.9961538314819336,0.9260256290435791
YMR281W,YER082C,0,-0.91500986,0.09711286425590515,0.9961538314819336,0.926153838634491
YPL194W,YBR291C,0,-0.91786075,0.09710072726011276,0.9961538314819336,0.9262820482254028
YJL170C,YLR186W,0,-0.9187186,0.09708859026432037,0.9961538314819336,0.9264102578163147
YMR152W,YDR047W,0,-0.9187796,0.09707646071910858,0.9961538314819336,0.9265384674072266
YBL093C,YBR105C,0,-0.9192091,0.09706433117389679,0.9961538314819336,0.9266666769981384
YIL034C,YLR127C,0,-0.9221387,0.0970522090792656,0.9961538314819336,0.9267948865890503
YNR011C,YOR182C,0,-0.92222583,0.0970400869846344,0.9961538314819336,0.9269230961799622
YMR256C,YOL002C,0,-0.92255116,0.0970279723405838,0.9961538314819336,0.927051305770874
YBL106C,YBL022C,0,-0.92391396,0.0970158576965332,0.9961538314819336,0.9271795153617859
YPL101W,YDR313C,0,-0.9241308,0.0970037430524826,0.9961538314819336,0.927307665348053
YDR511W,YDR313C,0,-0.92710197,0.0969916358590126,0.9961538314819336,0.9274358749389648
YJR009C,YMR070W,0,-0.92775345,0.0969795286655426,0.9961538314819336,0.9275640845298767
YPR063C,YNL189W,0,-0.93106675,0.0969674289226532,0.9961538314819336,0.9276922941207886
YKR059W,YDR483W,0,-0.9332819,0.0969553291797638,0.9961538314819336,0.9278205037117004
YGL003C,YGR123C,0,-0.93640506,0.09694322943687439,0.9961538314819336,0.9279487133026123
YOR096W,YEL054C,0,-0.936918,0.09693113714456558,0.9961538314819336,0.9280769228935242
YBL078C,YJR110W,0,-0.9370583,0.09691904485225677,0.9961538314819336,0.928205132484436
YDL195W,YDR032C,0,-0.9430243,0.09690696001052856,0.9961538314819336,0.9283333420753479
YMR080C,YGR008C,0,-0.9441447,0.09689487516880035,0.9961538314819336,0.9284615516662598
YPR102C,YOR182C,0,-0.9453467,0.09688279032707214,0.9961538314819336,0.9285897612571716
YBR214W,YMR292W,0,-0.9478185,0.09687071293592453,0.9961538314819336,0.9287179708480835
YGR009C,YDL007W,0,-0.95183086,0.09685863554477692,0.9961538314819336,0.9288461804389954
YPR132W,YPL031C,0,-0.9536612,0.0968465656042099,0.9961538314819336,0.9289743304252625
YDR418W,YOR182C,0,-0.95520306,0.09683449566364288,0.9961538314819336,0.9291025400161743
YIR015W,YJL189W,0,-0.959406,0.09682243317365646,0.9961538314819336,0.9292307496070862
YGR101W,YPR016C,0,-0.9606377,0.09681036323308945,0.9961538314819336,0.929358959197998
YGL123W,YLR438C-A,0,-0.96170056,0.09679830819368362,0.9961538314819336,0.9294871687889099
YHR028C,YER012W,0,-0.96251714,0.0967862457036972,0.9961538314819336,0.9296153783798218
YPR184W,YHR181W,0,-0.9634359,0.09677419066429138,0.9961538314819336,0.9297435879707336
YJR016C,YHR140W,0,-0.9660028,0.09676214307546616,0.9961538314819336,0.9298717975616455
YBR267W,YJL190C,0,-0.96653736,0.09675009548664093,0.9961538314819336,0.9300000071525574
YHR025W,YDR197W,0,-0.9666934,0.0967380478978157,0.9961538314819336,0.9301282167434692
YMR139W,YER061C,0,-0.9681866,0.09672600775957108,0.9961538314819336,0.9302564263343811
YGR009C,YDR169C,0,-0.97015846,0.09671396762132645,0.9961538314819336,0.930384635925293
YGL135W,YCL059C,0,-0.9715338,0.09670192748308182,0.9961538314819336,0.9305128455162048
YBR273C,YGR123C,0,-0.97490263,0.09668989479541779,0.9961538314819336,0.9306410551071167
YIR037W,YDL115C,0,-0.9763781,0.09667786210775375,0.9961538314819336,0.9307692050933838
YMR100W,YIL145C,0,-0.97642386,0.09666583687067032,0.9961538314819336,0.9308974146842957
YNL280C,YLL062C,0,-0.97743154,0.09665381163358688,0.9961538314819336,0.9310256242752075
YOR124C,YOR221C,0,-0.9777502,0.09664179384708405,0.9961538314819336,0.9311538338661194
YGL229C,YML091C,0,-0.9783386,0.09662977606058121,0.9961538314819336,0.9312820434570312
YDR077W,YER110C,0,-0.98042893,0.09661775827407837,0.9961538314819336,0.9314102530479431
YOR182C,YDR032C,0,-0.98126245,0.09660574048757553,0.9961538314819336,0.931538462638855
YDR077W,YCL050C,0,-0.9819219,0.09659373760223389,0.9961538314819336,0.9316666722297668
YIR017C,YJR143C,0,-0.98445725,0.09658172726631165,0.9961538314819336,0.9317948818206787
YDR341C,YNR045W,0,-0.98674333,0.09656972438097,0.9961538314819336,0.9319230914115906
YPR108W,YIL124W,0,-0.9890462,0.09655772149562836,0.9961538314819336,0.9320513010025024
YDR329C,YFR008W,0,-0.9891479,0.09654572606086731,0.9961538314819336,0.9321795105934143
YBL064C,YJL156C,0,-0.99865735,0.09653373062610626,0.9961538314819336,0.9323077201843262
YDR012W,YEL054C,0,-1.0001872,0.09652174264192581,0.9961538314819336,0.9324358701705933
YHL019C,YOR182C,0,-1.0002432,0.09650974720716476,0.9961538314819336,0.9325640797615051
YHR010W,YLR246W,0,-1.0056193,0.09649776667356491,0.9961538314819336,0.932692289352417
YGL147C,YDR421W,0,-1.0065062,0.09648577868938446,0.9961538314819336,0.9328204989433289
YJL165C,YPL186C,0,-1.0068864,0.0964737981557846,0.9961538314819336,0.9329487085342407
YIL093C,YCL050C,0,-1.006901,0.09646182507276535,0.9961538314819336,0.9330769181251526
YDR297W,YLR158C,0,-1.0072085,0.0964498519897461,0.9961538314819336,0.9332051277160645
YIL072W,YER045C,0,-1.0073533,0.09643787890672684,0.9961538314819336,0.9333333373069763
YJR009C,YDR101C,0,-1.0075684,0.09642591327428818,0.9961538314819336,0.9334615468978882
YDR012W,YNL096C,0,-1.0105217,0.09641394764184952,0.9961538314819336,0.9335897564888
YOR066W,YLL011W,0,-1.0107449,0.09640198200941086,0.9961538314819336,0.9337179660797119
YER131W,YIL101C,0,-1.0110924,0.0963900238275528,0.9961538314819336,0.9338461756706238
YOR124C,YJR126C,0,-1.0117674,0.09637807309627533,0.9961538314819336,0.9339743852615356
YGR008C,YGL040C,0,-1.0123832,0.09636611491441727,0.9961538314819336,0.9341025352478027
YGR191W,YDR298C,0,-1.0127776,0.0963541641831398,0.9961538314819336,0.9342307448387146
YOR046C,YOR347C,0,-1.0129122,0.09634222090244293,0.9961538314819336,0.9343589544296265
YPL154C,YDR483W,0,-1.0133548,0.09633027762174606,0.9961538314819336,0.9344871640205383
YGR159C,YER096W,0,-1.0139866,0.0963183343410492,0.9961538314819336,0.9346153736114502
YLR327C,YPL092W,0,-1.0152848,0.09630639851093292,0.9961538314819336,0.9347435832023621
YHL032C,YDR120C,0,-1.0174043,0.09629446268081665,0.9961538314819336,0.9348717927932739
YDR036C,YPL048W,0,-1.0186476,0.09628252685070038,0.9961538314819336,0.9350000023841858
YDR341C,YDL192W,0,-1.0199538,0.0962705984711647,0.9961538314819336,0.9351282119750977
YLR201C,YGR086C,0,-1.0201348,0.09625867009162903,0.9961538314819336,0.9352564215660095
YLR327C,YNR047W,0,-1.023839,0.09624674916267395,0.9961538314819336,0.9353846311569214
YER044C,YML115C,0,-1.0243561,0.09623482823371887,0.9961538314819336,0.9355128407478333
YGL191W,YER088C,0,-1.0248531,0.0962229073047638,0.9961538314819336,0.9356410503387451
YPL031C,YGL040C,0,-1.026718,0.09621099382638931,0.9961538314819336,0.935769259929657
YMR316W,YMR290C,0,-1.0274775,0.09619908034801483,0.9961538314819336,0.9358974099159241
YGL147C,YIR017C,0,-1.0301715,0.09618717432022095,0.9961538314819336,0.9360256195068359
YLR106C,YPL143W,0,-1.0302093,0.09617526829242706,0.9961538314819336,0.9361538290977478
YMR188C,YJL164C,0,-1.03194,0.09616336971521378,0.9961538314819336,0.9362820386886597
YLR356W,YNR047W,0,-1.036971,0.09615146368741989,0.9961538314819336,0.9364102482795715
YNL242W,YNL331C,0,-1.0410645,0.0961395725607872,0.9961538314819336,0.9365384578704834
YOR037W,YDR297W,0,-1.0412273,0.09612767398357391,0.9961538314819336,0.9366666674613953
YML034W,YKL109W,0,-1.0417881,0.09611578285694122,0.9961538314819336,0.9367948770523071
YGR101W,YPL143W,0,-1.0483767,0.09610389918088913,0.9961538314819336,0.936923086643219
YLR048W,YGR076C,0,-1.0494844,0.09609200805425644,0.9961538314819336,0.9370512962341309
YMR247C,YAL008W,0,-1.0535101,0.09608013182878494,0.9961538314819336,0.9371795058250427
YER133W,YNL339C,0,-1.0569232,0.09606824815273285,0.9961538314819336,0.9373077154159546
YHR021C,YPL089C,0,-1.0624589,0.09605637192726135,0.9961538314819336,0.9374359250068665
YDR012W,YDR120C,0,-1.0659184,0.09604449570178986,0.9961538314819336,0.9375640749931335
YHR027C,YDL082W,0,-1.0671718,0.09603262692689896,0.9961538314819336,0.9376922845840454
YIL160C,YGL227W,0,-1.0681324,0.09602075815200806,0.9961538314819336,0.9378204941749573
YML106W,YIL039W,0,-1.06891,0.09600889682769775,0.9961538314819336,0.9379487037658691
YPL231W,YDR031W,0,-1.0700289,0.09599703550338745,0.9961538314819336,0.938076913356781
YNL322C,YOR374W,0,-1.073073,0.09598517417907715,0.9961538314819336,0.9382051229476929
YPL226W,YPL092W,0,-1.0748224,0.09597332030534744,0.9961538314819336,0.9383333325386047
YBR001C,YGR062C,0,-1.0752181,0.09596146643161774,0.9961538314819336,0.9384615421295166
YLL011W,YJL102W,0,-1.0752661,0.09594962000846863,0.9961538314819336,0.9385897517204285
YHR147C,YJL080C,0,-1.0765336,0.09593777358531952,0.9961538314819336,0.9387179613113403
YDR297W,YNL212W,0,-1.0766039,0.09592592716217041,0.9961538314819336,0.9388461709022522
YDR465C,YDR380W,0,-1.0773926,0.0959140881896019,0.9961538314819336,0.9389743804931641
YHR161C,YEL021W,0,-1.0781645,0.09590224921703339,0.9961538314819336,0.9391025900840759
YDR424C,YPL204W,0,-1.079513,0.09589041024446487,0.9961538314819336,0.939230740070343
YIL004C,YPL220W,0,-1.0891778,0.09587857872247696,0.9961538314819336,0.9393589496612549
YMR217W,YOR386W,0,-1.091115,0.09586674720048904,0.9961538314819336,0.9394871592521667
YGL120C,YFR015C,0,-1.0953677,0.09585492312908173,0.9961538314819336,0.9396153688430786
YNL046W,YOR389W,0,-1.0963347,0.09584309905767441,0.9961538314819336,0.9397435784339905
YDL043C,YNL007C,0,-1.0964491,0.09583127498626709,0.9961538314819336,0.9398717880249023
YEL065W,YOL077C,0,-1.0966905,0.09581945836544037,0.9961538314819336,0.9399999976158142
YHR143W,YDR380W,0,-1.0991944,0.09580764174461365,0.9961538314819336,0.9401282072067261
YML042W,YHR081W,0,-1.0993307,0.09579583257436752,0.9961538314819336,0.9402564167976379
YML042W,YER020W,0,-1.0998267,0.0957840234041214,0.9961538314819336,0.9403846263885498
YOR167C,YLR221C,0,-1.1006926,0.09577221423387527,0.9961538314819336,0.9405128359794617
YLR074C,YKL181W,0,-1.1037276,0.09576041251420975,0.9961538314819336,0.9406410455703735
YDR299W,YIL084C,0,-1.1058449,0.09574861079454422,0.9961538314819336,0.9407692551612854
YJL019W,YNL015W,0,-1.1068392,0.09573681652545929,0.9961538314819336,0.9408974647521973
YNL098C,YKR105C,0,-1.1133909,0.09572502225637436,0.9961538314819336,0.9410256147384644
YDR074W,YDR038C,0,-1.1193429,0.09571322798728943,0.9961538314819336,0.9411538243293762
YGL009C,YGL084C,0,-1.1206716,0.0957014411687851,0.9961538314819336,0.9412820339202881
YJR009C,YKL056C,0,-1.1211593,0.09568965435028076,0.9961538314819336,0.9414102435112
YGR184C,YBL021C,0,-1.1224858,0.09567787498235703,0.9961538314819336,0.9415384531021118
YPL089C,YBR273C,0,-1.1230067,0.09566609561443329,0.9961538314819336,0.9416666626930237
YDR120C,YMR312W,0,-1.1232274,0.09565431624650955,0.9961538314819336,0.9417948722839355
YJL033W,YLR008C,0,-1.1301345,0.09564254432916641,0.9961538314819336,0.9419230818748474
YDR251W,YBR084W,0,-1.1304488,0.09563077241182327,0.9961538314819336,0.9420512914657593
YOR373W,YBR214W,0,-1.1327307,0.09561900049448013,0.9961538314819336,0.9421795010566711
YDR342C,YDR320C,0,-1.1367543,0.09560723602771759,0.9961538314819336,0.942307710647583
YJR065C,YJL109C,0,-1.1436769,0.09559547156095505,0.9961538314819336,0.9424359202384949
YMR139W,YLR109W,0,-1.1449311,0.0955837145447731,0.9961538314819336,0.9425641298294067
YAL012W,YGL084C,0,-1.1473821,0.09557195752859116,0.9961538314819336,0.9426922798156738
YPL144W,YNL115C,0,-1.1477959,0.09556020051240921,0.9961538314819336,0.9428204894065857
YLR048W,YOL077C,0,-1.1487844,0.09554845094680786,0.9961538314819336,0.9429486989974976
YNL112W,YDR247W,0,-1.154852,0.09553670138120651,0.9961538314819336,0.9430769085884094
YAL023C,YDR077W,0,-1.1620271,0.09552495926618576,0.9961538314819336,0.9432051181793213
YBL075C,YPL111W,0,-1.1633806,0.09551321715116501,0.9961538314819336,0.9433333277702332
YNL280C,YBR084W,0,-1.1664376,0.09550147503614426,0.9961538314819336,0.943461537361145
YLL009C,YDR012W,0,-1.1724685,0.0954897403717041,0.9961538314819336,0.9435897469520569
YBR024W,YDR486C,0,-1.1773648,0.09547800570726395,0.9961538314819336,0.9437179565429688
YBL037W,YER053C,0,-1.1792521,0.09546627104282379,0.9961538314819336,0.9438461661338806
YHL024W,YDL017W,1,-1.1798847,0.09557739645242691,0.9974358677864075,0.9438461661338806
YLR276C,YFR007W,0,-1.180602,0.09556565433740616,0.9974358677864075,0.9439743757247925
YOR116C,YIR036C,0,-1.1846699,0.095553919672966,0.9974358677864075,0.9441025853157043
YAL008W,YJL133W,0,-1.1860898,0.09554218500852585,0.9974358677864075,0.9442307949066162
YPL028W,YOR374W,0,-1.1872655,0.0955304503440857,0.9974358677864075,0.9443589448928833
YLR038C,YCL050C,0,-1.1881406,0.09551872313022614,0.9974358677864075,0.9444871544837952
YIL084C,YER091C,0,-1.1884723,0.09550699591636658,0.9974358677864075,0.944615364074707
YBR041W,YOL120C,0,-1.1887248,0.09549527615308762,0.9974358677864075,0.9447435736656189
YOL064C,YGL084C,0,-1.1892146,0.09548355638980865,0.9974358677864075,0.9448717832565308
YJL048C,YLR100W,0,-1.1908505,0.0954718366265297,0.9974358677864075,0.9449999928474426
YLR134W,YNL077W,0,-1.1908649,0.09546012431383133,0.9974358677864075,0.9451282024383545
YDR322W,YER053C,0,-1.196176,0.09544841200113297,0.9974358677864075,0.9452564120292664
YDR341C,YDL085W,0,-1.1967744,0.0954366996884346,0.9974358677864075,0.9453846216201782
YHR161C,YDL112W,0,-1.1974247,0.09542499482631683,0.9974358677864075,0.9455128312110901
YBL064C,YIL078W,0,-1.1974432,0.09541329741477966,0.9974358677864075,0.945641040802002
YOR224C,YAL012W,0,-1.1984036,0.0954015925526619,0.9974358677864075,0.9457692503929138
YCR072C,YJR059W,0,-1.1990268,0.09538989514112473,0.9974358677864075,0.9458974599838257
YPL194W,YAL003W,0,-1.2027142,0.09537820518016815,0.9974358677864075,0.9460256695747375
YLR343W,YPR070W,0,-1.2044746,0.09536650776863098,0.9974358677864075,0.9461538195610046
YBL039C,YHL016C,0,-1.2056832,0.095354825258255,0.9974358677864075,0.9462820291519165
YBL017C,YLR343W,0,-1.206475,0.09534313529729843,0.9974358677864075,0.9464102387428284
YNL128W,YPR184W,0,-1.2070397,0.09533145278692245,0.9974358677864075,0.9465384483337402
YIR012W,YDR447C,0,-1.2074412,0.09531977772712708,0.9974358677864075,0.9466666579246521
YOR348C,YPR178W,0,-1.2078114,0.0953080952167511,0.9974358677864075,0.946794867515564
YPL031C,YNL119W,0,-1.2092252,0.09529642015695572,0.9974358677864075,0.9469230771064758
YER096W,YDR483W,0,-1.2187881,0.09528475254774094,0.9974358677864075,0.9470512866973877
YDL051W,YIL125W,0,-1.2196572,0.09527308493852615,0.9974358677864075,0.9471794962882996
YGL161C,YNL015W,0,-1.2209262,0.09526141732931137,0.9974358677864075,0.9473077058792114
YPL143W,YML063W,0,-1.2243916,0.09524975717067719,0.9974358677864075,0.9474359154701233
YGL173C,YNL159C,0,-1.2253246,0.095238097012043,0.9974358677864075,0.9475641250610352
YOR076C,YJR059W,0,-1.2319543,0.09522643685340881,0.9974358677864075,0.947692334651947
YHL019C,YOR369C,0,-1.2331281,0.09521478414535522,0.9974358677864075,0.9478204846382141
YMR217W,YNL007C,0,-1.2407067,0.09520313143730164,0.9974358677864075,0.947948694229126
YMR043W,YOR080W,1,-1.2413182,0.09531383961439133,0.9987179636955261,0.947948694229126
YPR102C,YDR120C,0,-1.2439624,0.09530217945575714,0.9987179636955261,0.9480769038200378
YPL026C,YPL204W,0,-1.2454119,0.09529051929712296,0.9987179636955261,0.9482051134109497
YOR167C,YDR443C,0,-1.2530936,0.09527886658906937,0.9987179636955261,0.9483333230018616
YOR182C,YDL184C,0,-1.2555499,0.09526721388101578,0.9987179636955261,0.9484615325927734
YDR046C,YEL050C,0,-1.2619677,0.09525556117296219,0.9987179636955261,0.9485897421836853
YEL054C,YDR511W,0,-1.2647313,0.0952439159154892,0.9987179636955261,0.9487179517745972
YDR536W,YJL148W,0,-1.2658014,0.0952322706580162,0.9987179636955261,0.948846161365509
YJR016C,YDR077W,0,-1.2661676,0.09522063285112381,0.9987179636955261,0.9489743709564209
YFL029C,YGR200C,0,-1.2718315,0.09520899504423141,0.9987179636955261,0.9491025805473328
YMR088C,YOR063W,0,-1.2720889,0.09519735723733902,0.9987179636955261,0.9492307901382446
YGL119W,YBR156C,0,-1.2745972,0.09518572688102722,0.9987179636955261,0.9493589997291565
YJL198W,YDL051W,0,-1.2761159,0.09517409652471542,0.9987179636955261,0.9494871497154236
YMR056C,YPR036W,0,-1.2764537,0.09516247361898422,0.9987179636955261,0.9496153593063354
YMR316W,YER126C,0,-1.2767229,0.09515085071325302,0.9987179636955261,0.9497435688972473
YBL075C,YDR420W,0,-1.2772143,0.09513922780752182,0.9987179636955261,0.9498717784881592
YLR304C,YLR097C,0,-1.2786849,0.09512761235237122,0.9987179636955261,0.949999988079071
YGR159C,YHR160C,0,-1.2798526,0.09511599689722061,0.9987179636955261,0.9501281976699829
YOL123W,YDR116C,0,-1.2824578,0.09510438144207001,0.9987179636955261,0.9502564072608948
YMR297W,YOR270C,0,-1.283273,0.0950927734375,0.9987179636955261,0.9503846168518066
YDL007W,YOL117W,0,-1.285525,0.09508116543292999,0.9987179636955261,0.9505128264427185
YER044C,YER053C,0,-1.2872715,0.09506956487894058,0.9987179636955261,0.9506410360336304
YHR206W,YLR370C,0,-1.2881858,0.09505796432495117,0.9987179636955261,0.9507692456245422
YGL191W,YOL056W,0,-1.2889472,0.09504636377096176,0.9987179636955261,0.9508974552154541
YDR219C,YNR001C,0,-1.2926922,0.09503477066755295,0.9987179636955261,0.951025664806366
YDR341C,YOR076C,0,-1.2967076,0.09502317756414413,0.9987179636955261,0.9511538743972778
YNL001W,YER126C,0,-1.2973984,0.09501158446073532,0.9987179636955261,0.9512820243835449
YFL041W,YGL059W,0,-1.2995411,0.0949999988079071,0.9987179636955261,0.9514102339744568
YNL331C,YOL077C,0,-1.3043406,0.09498841315507889,0.9987179636955261,0.9515384435653687
YOR306C,YHL004W,0,-1.3067176,0.09497683495283127,0.9987179636955261,0.9516666531562805
YMR139W,YER110C,0,-1.3071012,0.09496525675058365,0.9987179636955261,0.9517948627471924
YDR358W,YGR124W,0,-1.3134462,0.09495367854833603,0.9987179636955261,0.9519230723381042
YKL156W,YLR186W,0,-1.3187567,0.094942107796669,0.9987179636955261,0.9520512819290161
YMR297W,YJL125C,0,-1.3234873,0.09493053704500198,0.9987179636955261,0.952179491519928
YDR418W,YLL011W,0,-1.324677,0.09491897374391556,0.9987179636955261,0.9523077011108398
YLL038C,YOR120W,0,-1.3258923,0.09490741044282913,0.9987179636955261,0.9524359107017517
YIL034C,YER148W,0,-1.3288563,0.0948958471417427,0.9987179636955261,0.9525641202926636
YNL129W,YHR052W,0,-1.3367877,0.09488428384065628,0.9987179636955261,0.9526923298835754
YNL086W,YIL111W,0,-1.3393468,0.09487272799015045,0.9987179636955261,0.9528205394744873
YIL155C,YPR184W,0,-1.3427973,0.09486117959022522,0.9987179636955261,0.9529486894607544
YGL173C,YJL221C,0,-1.3472601,0.09484963119029999,0.9987179636955261,0.9530768990516663
YBL037W,YLR186W,0,-1.3547462,0.09483808279037476,0.9987179636955261,0.9532051086425781
YKR094C,YOR182C,0,-1.3547462,0.09482653439044952,0.9987179636955261,0.95333331823349
YER131W,YJR059W,0,-1.3563745,0.09481499344110489,0.9987179636955261,0.9534615278244019
YBR158W,YCR075C,0,-1.356452,0.09480345994234085,0.9987179636955261,0.9535897374153137
YHR046C,YGR088W,0,-1.3566692,0.09479191899299622,0.9987179636955261,0.9537179470062256
YDL130W,YBR185C,0,-1.3609405,0.09478038549423218,0.9987179636955261,0.9538461565971375
YBR035C,YLR327C,0,-1.3612821,0.09476885944604874,0.9987179636955261,0.9539743661880493
YDL204W,YGR286C,0,-1.362952,0.0947573259472847,0.9987179636955261,0.9541025757789612
YNL162W,YNL119W,0,-1.3679459,0.09474580734968185,0.9987179636955261,0.954230785369873
YDR341C,YCR053W,0,-1.3680007,0.09473428130149841,0.9987179636955261,0.9543589949607849
YOR120W,YFR007W,0,-1.3712572,0.09472276270389557,0.9987179636955261,0.9544872045516968
YOR046C,YOL071W,0,-1.3715758,0.09471124410629272,0.9987179636955261,0.9546154141426086
YJL033W,YGR008C,0,-1.3731835,0.09469973295927048,0.9987179636955261,0.9547435641288757
YBR048W,YBR185C,0,-1.3763474,0.09468822181224823,0.9987179636955261,0.9548717737197876
YNL306W,YDR342C,0,-1.3788162,0.09467671066522598,0.9987179636955261,0.9549999833106995
YMR188C,YBR283C,0,-1.3818684,0.09466520696878433,0.9987179636955261,0.9551281929016113
YOR332W,YKL021C,0,-1.3863786,0.09465370327234268,0.9987179636955261,0.9552564024925232
YKR059W,YPL048W,0,-1.3930464,0.09464220702648163,0.9987179636955261,0.9553846120834351
YJR121W,YOL147C,0,-1.3983703,0.09463071078062057,0.9987179636955261,0.9555128216743469
YDR481C,YJL048C,0,-1.401513,0.09461921453475952,0.9987179636955261,0.9556410312652588
YDR120C,YNR047W,0,-1.4018896,0.09460772573947906,0.9987179636955261,0.9557692408561707
YGL191W,YOL120C,0,-1.406414,0.09459623694419861,0.9987179636955261,0.9558974504470825
YMR056C,YML042W,0,-1.4113599,0.09458474814891815,0.9987179636955261,0.9560256600379944
YDR012W,YDR031W,0,-1.4125704,0.09457326680421829,0.9987179636955261,0.9561538696289062
YDL130W-A,YLR441C,0,-1.4176227,0.09456178545951843,0.9987179636955261,0.9562820792198181
YPL026C,YOR092W,0,-1.4202836,0.09455031156539917,0.9987179636955261,0.9564102292060852
YOL071W,YPL202C,0,-1.42818,0.09453883767127991,0.9987179636955261,0.9565384387969971
YJR016C,YHR086W,0,-1.4290948,0.09452736377716064,0.9987179636955261,0.9566666483879089
YGR191W,YPL154C,0,-1.4297047,0.09451589733362198,0.9987179636955261,0.9567948579788208
YBL075C,YNL212W,0,-1.4333563,0.09450443089008331,0.9987179636955261,0.9569230675697327
YOL100W,YER045C,0,-1.4370878,0.09449296444654465,0.9987179636955261,0.9570512771606445
YOL031C,YFR015C,0,-1.4385864,0.09448150545358658,0.9987179636955261,0.9571794867515564
YLR142W,YJR058C,0,-1.4409256,0.09447004646062851,0.9987179636955261,0.9573076963424683
YKR014C,YER036C,0,-1.4448428,0.09445858746767044,0.9987179636955261,0.9574359059333801
YDR297W,YJR135W-A,0,-1.4449625,0.09444713592529297,0.9987179636955261,0.957564115524292
YDR342C,YKL212W,0,-1.4453195,0.0944356918334961,0.9987179636955261,0.9576923251152039
YMR307W,YEL002C,0,-1.445555,0.09442424029111862,0.9987179636955261,0.9578205347061157
YBR001C,YBR214W,0,-1.447355,0.09441279619932175,0.9987179636955261,0.9579487442970276
YER056C-A,YAL003W,0,-1.4512452,0.09440135955810547,0.9987179636955261,0.9580768942832947
YHL047C,YNR047W,0,-1.4525944,0.0943899154663086,0.9987179636955261,0.9582051038742065
YKR058W,YDR420W,0,-1.4541068,0.09437848627567291,0.9987179636955261,0.9583333134651184
YBR286W,YGR159C,0,-1.4546473,0.09436704963445663,0.9987179636955261,0.9584615230560303
YGL035C,YDR071C,0,-1.4550474,0.09435562044382095,0.9987179636955261,0.9585897326469421
YDR425W,YDR169C,0,-1.455104,0.09434419125318527,0.9987179636955261,0.958717942237854
YPL089C,YDL112W,0,-1.4611403,0.09433276951313019,0.9987179636955261,0.9588461518287659
YBL064C,YBR289W,0,-1.4612938,0.0943213477730751,0.9987179636955261,0.9589743614196777
YOR332W,YLR327C,0,-1.4644804,0.09430992603302002,0.9987179636955261,0.9591025710105896
YNR001C,YOR269W,0,-1.4663904,0.09429851174354553,0.9987179636955261,0.9592307806015015
YDR074W,YJL008C,0,-1.4704021,0.09428709745407104,0.9987179636955261,0.9593589901924133
YDR074W,YFR007W,0,-1.4715233,0.09427568316459656,0.9987179636955261,0.9594871997833252
YJR033C,YBR142W,0,-1.4727247,0.09426427632570267,0.9987179636955261,0.9596154093742371
YGL161C,YIL155C,0,-1.4736335,0.09425287693738937,0.9987179636955261,0.9597436189651489
YDR322W,YHR010W,0,-1.475313,0.09424147009849548,0.9987179636955261,0.959871768951416
YKR014C,YNL331C,0,-1.4754899,0.09423007071018219,0.9987179636955261,0.9599999785423279
YNL207W,YNR007C,0,-1.4756117,0.0942186713218689,0.9987179636955261,0.9601281881332397
YEL054C,YHR161C,0,-1.4838419,0.0942072793841362,0.9987179636955261,0.9602563977241516
YEL050C,YPR122W,0,-1.4842291,0.0941958874464035,0.9987179636955261,0.9603846073150635
YDL080C,YOR120W,0,-1.4911637,0.0941845029592514,0.9987179636955261,0.9605128169059753
YOL117W,YDR120C,0,-1.498168,0.09417311102151871,0.9987179636955261,0.9606410264968872
YDR158W,YOR150W,0,-1.4997126,0.0941617339849472,0.9987179636955261,0.9607692360877991
YPL231W,YJL102W,0,-1.5014381,0.0941503494977951,0.9987179636955261,0.9608974456787109
YPR192W,YNL015W,0,-1.5027786,0.0941389724612236,0.9987179636955261,0.9610256552696228
YIL034C,YJL158C,0,-1.5143653,0.0941275954246521,0.9987179636955261,0.9611538648605347
YNR008W,YMR303C,0,-1.5203888,0.0941162258386612,0.9987179636955261,0.9612820744514465
YOL138C,YDR074W,0,-1.522804,0.09410485625267029,0.9987179636955261,0.9614102840423584
YDR347W,YPL026C,0,-1.5283954,0.09409348666667938,0.9987179636955261,0.9615384340286255
YIL155C,YPL204W,0,-1.5290215,0.09408212453126907,0.9987179636955261,0.9616666436195374
YGL147C,YDR376W,0,-1.529714,0.09407076239585876,0.9987179636955261,0.9617948532104492
YOR384W,YML116W,0,-1.5312709,0.09405940771102905,0.9987179636955261,0.9619230628013611
YBR001C,YNL119W,0,-1.5339963,0.09404805302619934,0.9987179636955261,0.962051272392273
YHR025W,YOR063W,0,-1.5347222,0.09403669834136963,0.9987179636955261,0.9621794819831848
YIR037W,YPR041W,0,-1.5349023,0.09402534365653992,0.9987179636955261,0.9623076915740967
YIL034C,YIL078W,0,-1.5373596,0.0940139964222908,0.9987179636955261,0.9624359011650085
YJL164C,YPL154C,0,-1.5414261,0.09400265663862228,0.9987179636955261,0.9625641107559204
YPL206C,YIL155C,0,-1.5429983,0.09399130940437317,0.9987179636955261,0.9626923203468323
YJL148W,YLR120C,0,-1.547653,0.09397997707128525,0.9987179636955261,0.9628205299377441
YAL010C,YGL059W,0,-1.5477022,0.09396863728761673,0.9987179636955261,0.962948739528656
YPL048W,YMR303C,0,-1.5489242,0.09395730495452881,0.9987179636955261,0.9630769491195679
YCR077C,YPL186C,0,-1.5510442,0.09394597262144089,0.9987179636955261,0.963205099105835
YOR181W,YLR074C,0,-1.5550907,0.09393464028835297,0.9987179636955261,0.9633333086967468
YOL133W,YNL112W,0,-1.5581943,0.09392331540584564,0.9987179636955261,0.9634615182876587
YOR096W,YIR037W,0,-1.5644932,0.09391199797391891,0.9987179636955261,0.9635897278785706
YMR297W,YJR016C,0,-1.5656507,0.09390067309141159,0.9987179636955261,0.9637179374694824
YGL119W,YBR024W,0,-1.5677924,0.09388935565948486,0.9987179636955261,0.9638461470603943
YKR038C,YDR055W,0,-1.569254,0.09387804567813873,0.9987179636955261,0.9639743566513062
YPL090C,YJL008C,0,-1.5716513,0.093866728246212,0.9987179636955261,0.964102566242218
YDR120C,YGL084C,0,-1.5723711,0.09385541826486588,0.9987179636955261,0.9642307758331299
YBL075C,YOL139C,0,-1.5730476,0.09384411573410034,0.9987179636955261,0.9643589854240417
YBR001C,YML106W,0,-1.5764518,0.09383281320333481,0.9987179636955261,0.9644871950149536
YKL056C,YDR298C,0,-1.582274,0.09382151067256927,0.9987179636955261,0.9646154046058655
YPL031C,YLR074C,0,-1.5968602,0.09381021559238434,0.9987179636955261,0.9647436141967773
YLR134W,YJR058C,0,-1.6039753,0.0937989130616188,0.9987179636955261,0.9648718237876892
YJL136C,YAL025C,0,-1.607668,0.09378762543201447,0.9987179636955261,0.9649999737739563
YJL158C,YDR368W,0,-1.6082884,0.09377633035182953,0.9987179636955261,0.9651281833648682
YPL271W,YLR099C,0,-1.6109916,0.09376504272222519,0.9987179636955261,0.96525639295578
YCR047C,YGR154C,0,-1.6150802,0.09375376254320145,0.9987179636955261,0.9653846025466919
YDL110C,YPL204W,0,-1.618139,0.0937424823641777,0.9987179636955261,0.9655128121376038
YPR132W,YKL143W,0,-1.6182818,0.09373120218515396,0.9987179636955261,0.9656410217285156
YMR290C,YGR194C,0,-1.624105,0.09371992200613022,0.9987179636955261,0.9657692313194275
YMR142C,YDR368W,0,-1.6246846,0.09370864927768707,0.9987179636955261,0.9658974409103394
YBR009C,YPL026C,0,-1.6337994,0.09369737654924393,0.9987179636955261,0.9660256505012512
YJL164C,YBR283C,0,-1.6408066,0.09368611127138138,0.9987179636955261,0.9661538600921631
YER025W,YER030W,0,-1.6425697,0.09367484599351883,0.9987179636955261,0.966282069683075
YML054C,YEL013W,0,-1.6431746,0.09366358071565628,0.9987179636955261,0.9664102792739868
YJL198W,YFR003C,0,-1.6433094,0.09365232288837433,0.9987179636955261,0.9665384888648987
YOR063W,YPL143W,0,-1.6434364,0.09364106506109238,0.9987179636955261,0.9666666388511658
YOR182C,YMR256C,0,-1.6435355,0.09362980723381042,0.9987179636955261,0.9667948484420776
YDR074W,YMR217W,0,-1.6450183,0.09361855685710907,0.9987179636955261,0.9669230580329895
YLR304C,YAL062W,0,-1.6482594,0.09360730648040771,0.9987179636955261,0.9670512676239014
YML106W,YMR109W,0,-1.6495491,0.09359605610370636,0.9987179636955261,0.9671794772148132
YIL155C,YJL121C,0,-1.6534512,0.0935848131775856,0.9987179636955261,0.9673076868057251
YDR012W,YPL206C,0,-1.6540623,0.09357357025146484,0.9987179636955261,0.967435896396637
YBL078C,YLR014C,0,-1.657583,0.09356233477592468,0.9987179636955261,0.9675641059875488
YMR100W,YDR251W,0,-1.6596198,0.09355109930038452,0.9987179636955261,0.9676923155784607
YNL280C,YGL009C,0,-1.6619312,0.09353986382484436,0.9987179636955261,0.9678205251693726
YML054C,YLR097C,0,-1.6629474,0.0935286357998848,0.9987179636955261,0.9679487347602844
YDR130C,YNL268W,0,-1.671979,0.09351740777492523,0.9987179636955261,0.9680769443511963
YPL089C,YML063W,0,-1.6794599,0.09350617974996567,0.9987179636955261,0.9682051539421082
YBL078C,YOR244W,0,-1.6857166,0.0934949591755867,0.9987179636955261,0.9683333039283752
YIL145C,YOL071W,0,-1.6871213,0.09348373860120773,0.9987179636955261,0.9684615135192871
YIL125W,YJR143C,0,-1.6943079,0.09347252547740936,0.9987179636955261,0.968589723110199
YJR009C,YHR117W,0,-1.6944237,0.0934613049030304,0.9987179636955261,0.9687179327011108
YMR109W,YBR142W,0,-1.6983254,0.09345009922981262,0.9987179636955261,0.9688461422920227
YHR117W,YLR327C,0,-1.7056713,0.09343888610601425,0.9987179636955261,0.9689743518829346
YDR050C,YMR303C,0,-1.7057207,0.09342768043279648,0.9987179636955261,0.9691025614738464
YMR036C,YFR015C,0,-1.711595,0.0934164747595787,0.9987179636955261,0.9692307710647583
YDR447C,YPL026C,0,-1.7149768,0.09340527653694153,0.9987179636955261,0.9693589806556702
YMR302C,YAL008W,0,-1.7171488,0.09339407831430435,0.9987179636955261,0.969487190246582
YDL192W,YML042W,0,-1.7177672,0.09338288009166718,0.9987179636955261,0.9696153998374939
YLR370C,YMR128W,0,-1.725308,0.0933716893196106,0.9987179636955261,0.9697436094284058
YNL001W,YGL227W,0,-1.7266049,0.09336049854755402,0.9987179636955261,0.9698718190193176
YOL100W,YLR074C,0,-1.7275255,0.09334930777549744,0.9987179636955261,0.9700000286102295
YLR097C,YDL082W,0,-1.7289631,0.09333812445402145,0.9987179636955261,0.9701281785964966
YAR015W,YDR466W,0,-1.7308251,0.09332694113254547,0.9987179636955261,0.9702563881874084
YLR237W,YNL098C,0,-1.7316916,0.09331576526165009,0.9987179636955261,0.9703845977783203
YJR094W-A,YNL091W,0,-1.7413838,0.0933045893907547,0.9987179636955261,0.9705128073692322
YCR047C,YNL012W,0,-1.7554502,0.09329341351985931,0.9987179636955261,0.970641016960144
YJL129C,YMR303C,0,-1.7577909,0.09328224509954453,0.9987179636955261,0.9707692265510559
YPL123C,YNL135C,0,-1.7623289,0.09327106922864914,0.9987179636955261,0.9708974361419678
YDR487C,YGL141W,0,-1.7650347,0.09325990825891495,0.9987179636955261,0.9710256457328796
YIL125W,YLR048W,0,-1.7787095,0.09324873983860016,0.9987179636955261,0.9711538553237915
YGL161C,YDR297W,0,-1.779749,0.09323757886886597,0.9987179636955261,0.9712820649147034
YPL091W,YPL026C,0,-1.7886343,0.09322642534971237,0.9987179636955261,0.9714102745056152
YFL041W,YPL154C,0,-1.792388,0.09321527183055878,0.9987179636955261,0.9715384840965271
YMR128W,YDR342C,0,-1.7935705,0.09320411831140518,0.9987179636955261,0.971666693687439
YLR287C-A,YML070W,0,-1.7944086,0.09319296479225159,0.9987179636955261,0.971794843673706
YNL162W,YGL141W,0,-1.7964281,0.09318181872367859,0.9987179636955261,0.9719230532646179
YGL210W,YOR120W,0,-1.8054113,0.09317067265510559,0.9987179636955261,0.9720512628555298
YER096W,YNL306W,0,-1.8126218,0.09315953403711319,0.9987179636955261,0.9721794724464417
YJR009C,YFL041W,0,-1.8158841,0.09314839541912079,0.9987179636955261,0.9723076820373535
YKL011C,YOR120W,0,-1.8169432,0.09313725680112839,0.9987179636955261,0.9724358916282654
YDR074W,YGR191W,0,-1.8285084,0.09312611818313599,0.9987179636955261,0.9725641012191772
YIR037W,YOL120C,0,-1.8338746,0.09311498701572418,0.9987179636955261,0.9726923108100891
YDR358W,YPL226W,0,-1.8356497,0.09310386329889297,0.9987179636955261,0.972820520401001
YHR092C,YDL110C,0,-1.8408635,0.09309273213148117,0.9987179636955261,0.9729487299919128
YOR224C,YOL117W,0,-1.8489587,0.09308160841464996,0.9987179636955261,0.9730769395828247
YBR092C,YER053C,0,-1.8515568,0.09307049214839935,0.9987179636955261,0.9732051491737366
YML054C,YOL138C,0,-1.8593339,0.09305936843156815,0.9987179636955261,0.9733333587646484
YER086W,YGR101W,0,-1.8596385,0.09304825961589813,0.9987179636955261,0.9734615087509155
YML043C,YGR086C,0,-1.8599223,0.09303714334964752,0.9987179636955261,0.9735897183418274
YDR388W,YDR101C,0,-1.8610377,0.09302603453397751,0.9987179636955261,0.9737179279327393
YJR094W-A,YKL195W,0,-1.8660018,0.0930149257183075,0.9987179636955261,0.9738461375236511
YNL293W,YOR124C,0,-1.8662362,0.09300381690263748,0.9987179636955261,0.973974347114563
YNR001C,YBR040W,0,-1.8702929,0.09299271553754807,0.9987179636955261,0.9741025567054749
YOR167C,YCL059C,0,-1.8721426,0.09298162162303925,0.9987179636955261,0.9742307662963867
YKL143W,YBR297W,0,-1.8771973,0.09297052025794983,0.9987179636955261,0.9743589758872986
YBL075C,YJL158C,0,-1.8784769,0.09295942634344101,0.9987179636955261,0.9744871854782104
YEL013W,YNL248C,0,-1.8786454,0.09294833242893219,0.9987179636955261,0.9746153950691223
YGR223C,YJR059W,0,-1.8794013,0.09293724596500397,0.9987179636955261,0.9747436046600342
YBL075C,YOL018C,0,-1.8818591,0.09292615950107574,0.9987179636955261,0.974871814250946
YDL130W-A,YPL202C,0,-1.8819572,0.09291507303714752,0.9987179636955261,0.9750000238418579
YML054C,YKL178C,0,-1.886641,0.0929039940237999,0.9987179636955261,0.9751282334327698
YER056C-A,YGL059W,0,-1.8900189,0.09289291501045227,0.9987179636955261,0.9752563834190369
YDR270W,YJL190C,0,-1.8921378,0.09288184344768524,0.9987179636955261,0.9753845930099487
YJR016C,YOR150W,0,-1.8926378,0.09287076443433762,0.9987179636955261,0.9755128026008606
YDR315C,YOR374W,0,-1.8955821,0.09285970032215118,0.9987179636955261,0.9756410121917725
YIL145C,YKL195W,0,-1.8979857,0.09284862875938416,0.9987179636955261,0.9757692217826843
YNL308C,YAL008W,0,-1.8981969,0.09283756464719772,0.9987179636955261,0.9758974313735962
YML054C,YJL052W,0,-1.9023424,0.09282650053501129,0.9987179636955261,0.9760256409645081
YGR009C,YNL162W,0,-1.9195452,0.09281544387340546,0.9987179636955261,0.9761538505554199
YPL226W,YBR214W,0,-1.9209216,0.09280438721179962,0.9987179636955261,0.9762820601463318
YOR348C,YCL055W,0,-1.9281465,0.09279333055019379,0.9987179636955261,0.9764102697372437
YGL040C,YIL136W,0,-1.9340036,0.09278227388858795,0.9987179636955261,0.9765384793281555
YPL154C,YLL035W,0,-1.9360582,0.09277122467756271,0.9987179636955261,0.9766666889190674
YML129C,YCR053W,0,-1.9388686,0.09276018291711807,0.9987179636955261,0.9767948985099792
YDL110C,YGR037C,0,-1.9434574,0.09274913370609283,0.9987179636955261,0.9769230484962463
YJL153C,YPR184W,0,-1.9462755,0.0927380919456482,0.9987179636955261,0.9770512580871582
YER007W,YLR327C,0,-1.9573655,0.09272705763578415,0.9987179636955261,0.9771794676780701
YCR047C,YBR297W,0,-1.9623381,0.0927160233259201,0.9987179636955261,0.9773076772689819
YLR448W,YMR256C,0,-1.9639658,0.09270498901605606,0.9987179636955261,0.9774358868598938
YKL178C,YGL141W,0,-1.9697948,0.09269395470619202,0.9987179636955261,0.9775640964508057
YLR120C,YDL130W-A,0,-1.9855762,0.09268292784690857,0.9987179636955261,0.9776923060417175
YML005W,YJL164C,0,-1.985655,0.09267190098762512,0.9987179636955261,0.9778205156326294
YJL153C,YJR045C,0,-1.9902804,0.09266087412834167,0.9987179636955261,0.9779487252235413
YNL311C,YDL110C,0,-1.9915951,0.09264985471963882,0.9987179636955261,0.9780769348144531
YCR009C,YDL110C,0,-2.0049636,0.09263884276151657,0.9987179636955261,0.978205144405365
YPR166C,YER045C,0,-2.0137208,0.09262782335281372,0.9987179636955261,0.9783333539962769
YER091C,YMR311C,0,-2.016754,0.09261681139469147,0.9987179636955261,0.9784615635871887
YJL221C,YNL244C,0,-2.024861,0.09260579943656921,0.9987179636955261,0.9785897731781006
YGR088W,YMR022W,0,-2.0285537,0.09259479492902756,0.9987179636955261,0.9787179231643677
YHR028C,YNL301C,0,-2.02878,0.0925837904214859,0.9987179636955261,0.9788461327552795
YDL130W-A,YNL289W,0,-2.0321758,0.09257278591394424,0.9987179636955261,0.9789743423461914
YOR369C,YLR120C,0,-2.048827,0.09256178885698318,0.9987179636955261,0.9791025519371033
YJL048C,YOL077C,0,-2.0564005,0.09255079180002213,0.9987179636955261,0.9792307615280151
YKL143W,YDL146W,0,-2.0583053,0.09253979474306107,0.9987179636955261,0.979358971118927
YOR063W,YPR047W,0,-2.0584042,0.0925288051366806,0.9987179636955261,0.9794871807098389
YKL178C,YOR120W,0,-2.0587094,0.09251781553030014,0.9987179636955261,0.9796153903007507
YBL075C,YHR089C,0,-2.0595775,0.09250682592391968,0.9987179636955261,0.9797435998916626
YGL095C,YHR010W,0,-2.0742824,0.09249584376811981,0.9987179636955261,0.9798718094825745
YNL061W,YLR120C,0,-2.0824816,0.09248486161231995,0.9987179636955261,0.9800000190734863
YER056C-A,YKL021C,0,-2.10168,0.09247388690710068,0.9987179636955261,0.9801282286643982
YGL031C,YJL189W,0,-2.1063423,0.09246290475130081,0.9987179636955261,0.9802564382553101
YMR127C,YIL155C,0,-2.1071703,0.09245193749666214,0.9987179636955261,0.9803845882415771
YCL059C,YPL186C,0,-2.1093662,0.09244096279144287,0.9987179636955261,0.980512797832489
YPR102C,YDR447C,0,-2.111658,0.0924299955368042,0.9987179636955261,0.9806410074234009
YBR158W,YOR120W,0,-2.1188767,0.09241902828216553,0.9987179636955261,0.9807692170143127
YGL135W,YDL204W,0,-2.1266625,0.09240806847810745,0.9987179636955261,0.9808974266052246
YNL331C,YML063W,0,-2.128197,0.09239710867404938,0.9987179636955261,0.9810256361961365
YNR001C,YOL147C,0,-2.1286342,0.0923861488699913,0.9987179636955261,0.9811538457870483
YBR001C,YOR224C,0,-2.1330354,0.09237518906593323,0.9987179636955261,0.9812820553779602
YDR421W,YER053C,0,-2.135831,0.09236423671245575,0.9987179636955261,0.9814102649688721
YOR120W,YCR094W,0,-2.136802,0.09235329180955887,0.9987179636955261,0.9815384745597839
YLR343W,YOR067C,0,-2.1374767,0.09234233945608139,0.9987179636955261,0.9816666841506958
YML106W,YAL008W,0,-2.142083,0.09233139455318451,0.9987179636955261,0.9817948937416077
YNL001W,YBL064C,0,-2.142329,0.09232045710086823,0.9987179636955261,0.9819231033325195
YPR184W,YKL212W,0,-2.1433983,0.09230951219797134,0.9987179636955261,0.9820512533187866
YJR033C,YGR162W,0,-2.1464856,0.09229857474565506,0.9987179636955261,0.9821794629096985
YFL029C,YOR036W,0,-2.1472895,0.09228764474391937,0.9987179636955261,0.9823076725006104
YDL112W,YIL136W,0,-2.1607869,0.09227671474218369,0.9987179636955261,0.9824358820915222
YBL078C,YDR101C,0,-2.164965,0.092265784740448,0.9987179636955261,0.9825640916824341
YAR015W,YKL034W,0,-2.1875162,0.09225485473871231,0.9987179636955261,0.982692301273346
YLR204W,YIL090W,0,-2.1882768,0.09224393218755722,0.9987179636955261,0.9828205108642578
YML054C,YGR002C,0,-2.1974897,0.09223300963640213,0.9987179636955261,0.9829487204551697
YKL109W,YNL015W,0,-2.2118719,0.09222208708524704,0.9987179636955261,0.9830769300460815
YDR046C,YKL109W,0,-2.228626,0.09221117198467255,0.9987179636955261,0.9832051396369934
YOR348C,YKL164C,0,-2.2331355,0.09220025688409805,0.9987179636955261,0.9833333492279053
YKR058W,YPR031W,0,-2.236058,0.09218934923410416,0.9987179636955261,0.9834615588188171
YHR116W,YKL109W,0,-2.2388527,0.09217844158411026,0.9987179636955261,0.983589768409729
YJR025C,YDL130W,0,-2.2413607,0.09216753393411636,0.9987179636955261,0.9837179780006409
YGL147C,YER082C,0,-2.242915,0.09215663373470306,0.9987179636955261,0.983846127986908
YHR076W,YPR184W,0,-2.2431014,0.09214573353528976,0.9987179636955261,0.9839743375778198
YGR200C,YDR380W,0,-2.248464,0.09213483333587646,0.9987179636955261,0.9841025471687317
YOL133W,YHL047C,0,-2.2506895,0.09212393313646317,0.9987179636955261,0.9842307567596436
YBL078C,YDR169C,0,-2.25105,0.09211304038763046,0.9987179636955261,0.9843589663505554
YLR304C,YCR010C,0,-2.2576702,0.09210215508937836,0.9987179636955261,0.9844871759414673
YMR043W,YDL101C,1,-2.2586966,0.09220948070287704,1.0,0.9844871759414673
YCR098C,YER091C,0,-2.2675178,0.09219858050346375,1.0,0.9846153855323792
YDL110C,YOR014W,0,-2.279116,0.09218768775463104,1.0,0.984743595123291
YKL181W,YGL095C,0,-2.2838085,0.09217678755521774,1.0,0.9848718047142029
YDR253C,YDR074W,0,-2.3001912,0.09216590225696564,1.0,0.9850000143051147
YOR224C,YGL084C,0,-2.3037124,0.09215500950813293,1.0,0.9851282238960266
YPR184W,YOR322C,0,-2.3071613,0.09214412420988083,1.0,0.9852564334869385
YIL034C,YLR172C,0,-2.3191254,0.09213323891162872,1.0,0.9853846430778503
YIR036C,YGR189C,0,-2.324164,0.09212236106395721,1.0,0.9855127930641174
YKR058W,YDR297W,0,-2.3317072,0.09211147576570511,1.0,0.9856410026550293
YPL089C,YML070W,0,-2.3344982,0.0921006053686142,1.0,0.9857692122459412
YNR050C,YPL186C,0,-2.3379605,0.09208972752094269,1.0,0.985897421836853
YFR005C,YPR184W,0,-2.343726,0.09207885712385178,1.0,0.9860256314277649
YML091C,YOR092W,0,-2.3715343,0.09206798672676086,1.0,0.9861538410186768
YLR343W,YOL152W,0,-2.3808947,0.09205712378025055,1.0,0.9862820506095886
YIL034C,YLR441C,0,-2.4000342,0.09204626083374023,1.0,0.9864102602005005
YFR003C,YDR507C,0,-2.416746,0.09203539788722992,1.0,0.9865384697914124
YGR200C,YDR330W,0,-2.4182642,0.0920245423913002,1.0,0.9866666793823242
YGR159C,YIL113W,0,-2.4263062,0.09201368689537048,1.0,0.9867948889732361
YKL034W,YDR342C,0,-2.4273398,0.09200283139944077,1.0,0.986923098564148
YKL195W,YIL136W,0,-2.4322948,0.09199198335409164,1.0,0.9870513081550598
YBL064C,YDR158W,0,-2.433972,0.09198113530874252,1.0,0.9871794581413269
YML054C,YDR003W,0,-2.4368682,0.0919702872633934,1.0,0.9873076677322388
YGL120C,YGL227W,0,-2.4402964,0.09195944666862488,1.0,0.9874358773231506
YDR247W,YNL061W,0,-2.4549236,0.09194860607385635,1.0,0.9875640869140625
YOR348C,YFL044C,0,-2.4572144,0.09193776547908783,1.0,0.9876922965049744
YMR307W,YPR184W,0,-2.458297,0.0919269323348999,1.0,0.9878205060958862
YGR159C,YNR001C,0,-2.4618976,0.09191609919071198,1.0,0.9879487156867981
YBR214W,YJL109C,0,-2.4680817,0.09190526604652405,1.0,0.98807692527771
YOR348C,YJL121C,0,-2.4913795,0.09189444035291672,1.0,0.9882051348686218
YML094W,YOR347C,0,-2.5041807,0.09188361465930939,1.0,0.9883333444595337
YAR015W,YGL227W,0,-2.51391,0.09187278896570206,1.0,0.9884615540504456
YDL130W-A,YCL050C,0,-2.5198648,0.09186197072267532,1.0,0.9885897636413574
YML129C,YAR015W,0,-2.5276227,0.09185115247964859,1.0,0.9887179732322693
YGR088W,YDR088C,0,-2.5333788,0.09184034168720245,1.0,0.9888461828231812
YCL059C,YDR251W,0,-2.5410032,0.09182952344417572,1.0,0.9889743328094482
YBR214W,YHL032C,0,-2.5422516,0.09181872010231018,1.0,0.9891025424003601
YKL004W,YDR329C,0,-2.5556707,0.09180790930986404,1.0,0.989230751991272
YDR074W,YDR313C,0,-2.5705216,0.0917971059679985,1.0,0.9893589615821838
YDL085W,YBL039C,0,-2.5807297,0.09178630262613297,1.0,0.9894871711730957
YDL110C,YNL325C,0,-2.6070328,0.09177549928426743,1.0,0.9896153807640076
YAL023C,YIR037W,0,-2.6088843,0.09176470339298248,1.0,0.9897435903549194
YGR159C,YNR047W,0,-2.614812,0.09175391495227814,1.0,0.9898717999458313
YCR053W,YPL154C,0,-2.6197479,0.0917431190609932,1.0,0.9900000095367432
YGL191W,YBL064C,0,-2.631909,0.09173233062028885,1.0,0.990128219127655
YDR074W,YLR304C,0,-2.6339061,0.0917215421795845,1.0,0.9902564287185669
YDR342C,YLR186W,0,-2.6434593,0.09171076118946075,1.0,0.9903846383094788
YDR177W,YDL130W-A,0,-2.6565974,0.091699980199337,1.0,0.9905128479003906
YBL078C,YER133W,0,-2.663842,0.09168919920921326,1.0,0.9906409978866577
YMR037C,YMR152W,0,-2.665269,0.09167841821908951,1.0,0.9907692074775696
YJR025C,YDL067C,0,-2.6658957,0.09166764467954636,1.0,0.9908974170684814
YIR036C,YDL060W,0,-2.6690643,0.0916568711400032,1.0,0.9910256266593933
YGL119W,YML063W,0,-2.67153,0.09164610505104065,1.0,0.9911538362503052
YML054C,YDR038C,0,-2.6786036,0.0916353389620781,1.0,0.991282045841217
YML129C,YER091C,0,-2.6788092,0.09162457287311554,1.0,0.9914102554321289
YML042W,YDR320C,0,-2.6806576,0.09161381423473358,1.0,0.9915384650230408
YKL011C,YOR124C,0,-2.7046072,0.09160305559635162,1.0,0.9916666746139526
YJR065C,YNL112W,0,-2.7128282,0.09159229695796967,1.0,0.9917948842048645
YIL155C,YPL028W,0,-2.7422106,0.0915815457701683,1.0,0.9919230937957764
YLR448W,YHR171W,0,-2.751869,0.09157079458236694,1.0,0.9920513033866882
YPL154C,YBR142W,0,-2.7534626,0.09156004339456558,1.0,0.9921795129776001
YBL075C,YKR038C,0,-2.7623084,0.09154929220676422,1.0,0.9923076629638672
YGR088W,YPR108W,0,-2.7764962,0.09153854846954346,1.0,0.992435872554779
YIR006C,YMR303C,0,-2.7766795,0.09152781218290329,1.0,0.9925640821456909
YAL044C,YMR152W,0,-2.7867138,0.09151706844568253,1.0,0.9926922917366028
YGR088W,YML048W,0,-2.8262389,0.09150633215904236,1.0,0.9928205013275146
YOR167C,YPL123C,0,-2.837052,0.09149560332298279,1.0,0.9929487109184265
YMR128W,YDL110C,0,-2.8449838,0.09148486703634262,1.0,0.9930769205093384
YEL013W,YLR327C,0,-2.8546298,0.09147413820028305,1.0,0.9932051301002502
YCR072C,YJR045C,0,-2.8589466,0.09146341681480408,1.0,0.9933333396911621
YDR012W,YJR065C,0,-2.870268,0.0914526879787445,1.0,0.993461549282074
YGR088W,YDR265W,0,-2.8833644,0.09144196659326553,1.0,0.9935897588729858
YBL078C,YNL301C,0,-2.8914235,0.09143125265836716,1.0,0.9937179684638977
YHR021C,YPL186C,0,-2.9626217,0.09142053127288818,1.0,0.9938461780548096
YGR088W,YLR357W,0,-2.9800723,0.09140981733798981,1.0,0.9939743876457214
YGR088W,YAL062W,0,-3.0180311,0.09139911085367203,1.0,0.9941025376319885
YML054C,YLR100W,0,-3.0486984,0.09138840436935425,1.0,0.9942307472229004
YGL229C,YCR047C,0,-3.053813,0.09137769788503647,1.0,0.9943589568138123
YBL078C,YNL292W,0,-3.078925,0.09136699140071869,1.0,0.9944871664047241
YPL090C,YDR330W,0,-3.0861385,0.0913562923669815,1.0,0.994615375995636
YOR120W,YKL056C,0,-3.113348,0.09134559333324432,1.0,0.9947435855865479
YML106W,YIL034C,0,-3.1291919,0.09133489429950714,1.0,0.9948717951774597
YML054C,YLR134W,0,-3.148048,0.09132420271635056,1.0,0.9950000047683716
YJR045C,YLR186W,0,-3.15963,0.09131351113319397,1.0,0.9951282143592834
YER053C,YDR169C,0,-3.1791866,0.09130281955003738,1.0,0.9952564239501953
YJL198W,YBL075C,0,-3.195347,0.0912921354174614,1.0,0.9953846335411072
YBL024W,YML070W,0,-3.1995327,0.0912814512848854,1.0,0.995512843132019
YJL048C,YOR224C,0,-3.2009203,0.09127076715230942,1.0,0.9956410527229309
YBL075C,YDR036C,0,-3.2649214,0.09126009047031403,1.0,0.995769202709198
YDL185W,YDR380W,0,-3.2922502,0.09124941378831863,1.0,0.9958974123001099
YJL048C,YGL161C,0,-3.3210533,0.09123874455690384,1.0,0.9960256218910217
YDL067C,YIL111W,0,-3.3274443,0.09122806787490845,1.0,0.9961538314819336
YDR297W,YER053C,0,-3.3428223,0.09121739864349365,1.0,0.9962820410728455
YDL110C,YDR166C,0,-3.366732,0.09120673686265945,1.0,0.9964102506637573
YDR299W,YFR015C,0,-3.373657,0.09119607508182526,1.0,0.9965384602546692
YER099C,YOR348C,0,-3.431662,0.09118541330099106,1.0,0.996666669845581
YIL111W,YGR158C,0,-3.46001,0.09117475152015686,1.0,0.9967948794364929
YOR224C,YOL071W,0,-3.4860837,0.09116409718990326,1.0,0.9969230890274048
YNL291C,YIL155C,0,-3.528144,0.09115344285964966,1.0,0.9970512986183167
YML054C,YDR312W,0,-3.5464826,0.09114278852939606,1.0,0.9971795082092285
YMR128W,YOL071W,0,-3.5698125,0.09113214164972305,1.0,0.9973077178001404
YML070W,YHR064C,0,-3.6108727,0.09112149477005005,1.0,0.9974358677864075
YNR001C,YOR369C,0,-3.6314838,0.09111084789037704,1.0,0.9975640773773193
YML070W,YGL031C,0,-3.6363976,0.09110020846128464,1.0,0.9976922869682312
YDR299W,YBR297W,0,-3.7171743,0.09108956903219223,1.0,0.9978204965591431
YML054C,YOR092W,0,-3.7235446,0.09107893705368042,1.0,0.9979487061500549
YML054C,YOL127W,0,-3.7556465,0.09106829762458801,1.0,0.9980769157409668
YGR159C,YJR065C,0,-3.823933,0.0910576730966568,1.0,0.9982051253318787
YMR297W,YAL003W,0,-3.862613,0.09104704111814499,1.0,0.9983333349227905
YDR299W,YHR161C,0,-3.8990338,0.09103641659021378,1.0,0.9984615445137024
YBL064C,YNR016C,0,-3.9439075,0.09102579206228256,1.0,0.9985897541046143
YER131W,YPR184W,0,-4.03927,0.09101516753435135,1.0,0.9987179636955261
YNR016C,YIL155C,0,-4.040478,0.09100455045700073,1.0,0.998846173286438
YKL004W,YDR380W,0,-4.1562314,0.09099393337965012,1.0,0.9989743828773499
YOL071W,YLR186W,0,-4.23417,0.0909833163022995,1.0,0.9991025924682617
YBL078C,YER020W,0,-4.249185,0.09097270667552948,1.0,0.9992307424545288
YPR184W,YGR162W,0,-4.278451,0.09096209704875946,1.0,0.9993589520454407
YML054C,YOR116C,0,-4.3940477,0.09095149487257004,1.0,0.9994871616363525
YLR048W,YPR184W,0,-4.490971,0.09094088524580002,1.0,0.9996153712272644
YLR357W,YLR327C,0,-4.821486,0.0909302830696106,1.0,0.9997435808181763
YGR088W,YER048W-A,0,-5.12323,0.09091968834400177,1.0,0.9998717904090881
YAR015W,YPR184W,0,-5.761362,0.09090909361839294,1.0,1.0
