Gene A,Gene B,Label,Score,Precision,Recall,False Positive Rate
YGR077C,YKL053C-A,0,0.08427367,0.0,0.0,0.00010001000191550702
YER014C-A,YJR053W,0,0.06985239,0.0,0.0,0.00020002000383101404
YGR036C,YOR098C,0,0.06983608,0.0,0.0,0.00030002999119460583
YML058W-A,YLR278C,0,0.06811921,0.0,0.0,0.0004000400076620281
YML058W-A,YPL119C,0,0.06811779,0.0,0.0,0.0005000500241294503
YHR214C-B,YNL230C,0,0.0669896,0.0,0.0,0.0006000599823892117
YLR080W,YML058W-A,0,0.066226915,0.0,0.0,0.0007000699988566339
YBL089W,YNR056C,1,0.06525353,0.125,0.0009990009712055326,0.0007000699988566339
YML058W-A,YCL052C,0,0.06458053,0.1111111119389534,0.0009990009712055326,0.0008000800153240561
YML058W-A,YOL062C,0,0.06367039,0.10000000149011612,0.0009990009712055326,0.0009000900317914784
YML058W-A,YBR230C,0,0.06361697,0.09090909361839294,0.0009990009712055326,0.0010001000482589006
YPL183W-A,YER115C,0,0.06215195,0.0833333358168602,0.0009990009712055326,0.001100110006518662
YML058W-A,YKL064W,0,0.06077822,0.07692307978868484,0.0009990009712055326,0.0012001199647784233
YCL074W,YMR090W,0,0.059961323,0.0714285746216774,0.0009990009712055326,0.0013001300394535065
YML058W-A,YOR187W,0,0.058900546,0.06666667014360428,0.0009990009712055326,0.0014001399977132678
YJL134W,YOL004W,0,0.05868686,0.0625,0.0009990009712055326,0.001500150072388351
YML058W-A,YBR128C,0,0.05789958,0.05882352963089943,0.0009990009712055326,0.0016001600306481123
YNL102W,YGL244W,0,0.057629403,0.0555555559694767,0.0009990009712055326,0.0017001699889078736
YHR005C-A,YNL138W,0,0.05720799,0.05263157933950424,0.0009990009712055326,0.0018001800635829568
YBR271W,YLR209C,0,0.056622054,0.05000000074505806,0.0009990009712055326,0.0019001900218427181
YGL236C,YDL216C,0,0.05635426,0.0476190485060215,0.0009990009712055326,0.0020002000965178013
YBL029C-A,YKL096W-A,0,0.05573601,0.04545454680919647,0.0009990009712055326,0.002100209938362241
YLR329W,YDR381C-A,0,0.05545484,0.043478261679410934,0.0009990009712055326,0.002200220013037324
YDR378C,YDR381C-A,0,0.055432793,0.0416666679084301,0.0009990009712055326,0.002300230087712407
YDL028C,YBL029C-A,0,0.055139422,0.03999999910593033,0.0009990009712055326,0.0024002399295568466
YER014C-A,YHL012W,0,0.055111,0.03846153989434242,0.0009990009712055326,0.0025002500042319298
YNL107W,YBL029C-A,0,0.05497866,0.03703703731298447,0.0009990009712055326,0.002600260078907013
YNL273W,YGL226C-A,0,0.054930028,0.0357142873108387,0.0009990009712055326,0.0027002699207514524
YDR205W,YIL170W,0,0.05492448,0.03448275849223137,0.0009990009712055326,0.0028002799954265356
YBL029C-A,YIL047C,0,0.05472384,0.03333333507180214,0.0009990009712055326,0.0029002900701016188
YBL029C-A,YLR209C,0,0.05468702,0.032258063554763794,0.0009990009712055326,0.003000300144776702
YPR133W-A,YCL026C-B,0,0.054621026,0.03125,0.0009990009712055326,0.0031003099866211414
YOR304C-A,YDL045W-A,0,0.054548092,0.03030303120613098,0.0009990009712055326,0.0032003200612962246
YER022W,YPR133W-A,0,0.05447353,0.029411764815449715,0.0009990009712055326,0.0033003301359713078
YAR035W,YDR151C,0,0.054472473,0.02857142873108387,0.0009990009712055326,0.0034003399778157473
YPL183W-A,YDR381C-A,0,0.0544354,0.02777777798473835,0.0009990009712055326,0.0035003500524908304
YKR035W-A,YPL183W-A,0,0.054275133,0.027027027681469917,0.0009990009712055326,0.0036003601271659136
YBR042C,YDR381C-A,0,0.054252688,0.02631578966975212,0.0009990009712055326,0.003700369969010353
YEL070W,YHR058C,0,0.054040175,0.025641025975346565,0.0009990009712055326,0.0038003800436854362
YMR173W,YBL029C-A,0,0.054000936,0.02500000037252903,0.0009990009712055326,0.0039003901183605194
YJR032W,YCL026C-B,0,0.053962473,0.024390242993831635,0.0009990009712055326,0.004000400193035603
YBL029C-A,YML036W,0,0.053862475,0.02380952425301075,0.0009990009712055326,0.004100410267710686
YBL029C-A,YDR332W,0,0.05383309,0.023255813866853714,0.0009990009712055326,0.004200419876724482
YDR476C,YCL026C-B,0,0.05381808,0.022727273404598236,0.0009990009712055326,0.004300429951399565
YNL010W,YDR381C-A,0,0.053719927,0.02222222276031971,0.0009990009712055326,0.004400440026074648
YNL050C,YDR381C-A,0,0.05370519,0.021739130839705467,0.0009990009712055326,0.004500450100749731
YGR225W,YKL053C-A,0,0.053536966,0.021276595070958138,0.0009990009712055326,0.004600460175424814
YLL041C,YBL029C-A,0,0.053492095,0.02083333395421505,0.0009990009712055326,0.004700470250099897
YCR014C,YBL029C-A,0,0.053371098,0.020408162847161293,0.0009990009712055326,0.004800479859113693
YKL126W,YCL026C-B,0,0.053319685,0.019999999552965164,0.0009990009712055326,0.004900489933788776
YCL026C-B,YOR294W,0,0.053239737,0.019607843831181526,0.0009990009712055326,0.0050005000084638596
YMR005W,YLR024C,0,0.053179983,0.01923076994717121,0.0009990009712055326,0.005100510083138943
YDR473C,YPL027W,0,0.05310269,0.01886792480945587,0.0009990009712055326,0.005200520157814026
YDR310C,YBL029C-A,0,0.05307159,0.018518518656492233,0.0009990009712055326,0.005300530232489109
YOR126C,YKR056W,0,0.053029224,0.0181818176060915,0.0009990009712055326,0.005400539841502905
YOR159C,YDR381C-A,0,0.053016033,0.01785714365541935,0.0009990009712055326,0.005500549916177988
YFR029W,YBL029C-A,0,0.05298231,0.017543859779834747,0.0009990009712055326,0.005600559990853071
YKL210W,YCL026C-B,0,0.052845076,0.017241379246115685,0.0009990009712055326,0.005700570065528154
YGR084C,YDR381C-A,0,0.05279765,0.016949152573943138,0.0009990009712055326,0.0058005801402032375
YMR117C,YKL096W-A,0,0.052797265,0.01666666753590107,0.0009990009712055326,0.005900590214878321
YDR083W,YDR381C-A,0,0.052732322,0.016393441706895828,0.0009990009712055326,0.006000600289553404
YIL128W,YDR381C-A,0,0.052707132,0.016129031777381897,0.0009990009712055326,0.0061006098985672
YDL061C,YDR381C-A,0,0.052636735,0.01587301678955555,0.0009990009712055326,0.006200619973242283
YNL032W,YCL026C-B,0,0.05248817,0.015625,0.0009990009712055326,0.006300630047917366
YGL169W,YDR381C-A,0,0.05243584,0.015384615398943424,0.0009990009712055326,0.006400640122592449
YOR194C,YDR381C-A,0,0.052389815,0.01515151560306549,0.0009990009712055326,0.006500650197267532
YDR381C-A,YPR138C,0,0.052292418,0.014925372786819935,0.0009990009712055326,0.0066006602719426155
YMR180C,YBL029C-A,0,0.05226133,0.014705882407724857,0.0009990009712055326,0.006700669880956411
YEL070W,YMR065W,0,0.05222878,0.014492753893136978,0.0009990009712055326,0.0068006799556314945
YKR103W,YPL064C,0,0.052189928,0.014285714365541935,0.0009990009712055326,0.006900690030306578
YHR214C-B,YFL033C,0,0.052141536,0.014084506779909134,0.0009990009712055326,0.007000700104981661
YOR168W,YCL026C-B,0,0.0521259,0.013888888992369175,0.0009990009712055326,0.007100710179656744
YNR057C,YBL029C-A,0,0.052112654,0.013698630034923553,0.0009990009712055326,0.007200720254331827
YOR261C,YDR381C-A,0,0.05207718,0.013513513840734959,0.0009990009712055326,0.007300729863345623
YJR036C,YBL029C-A,0,0.052027993,0.013333333656191826,0.0009990009712055326,0.007400739938020706
YNL085W,YCR087C-A,0,0.052012086,0.01315789483487606,0.0009990009712055326,0.007500750012695789
YLR404W,YDR381C-A,0,0.051883653,0.012987012974917889,0.0009990009712055326,0.0076007600873708725
YCR087C-A,YKR044W,0,0.05163798,0.012820512987673283,0.0009990009712055326,0.007700770162045956
YCL026C-B,YBR192W,0,0.05153017,0.012658228166401386,0.0009990009712055326,0.007800780236721039
YDR411C,YCL026C-B,0,0.05145065,0.012500000186264515,0.0009990009712055326,0.007900790311396122
YBR278W,YKL053C-A,0,0.05141315,0.012345679104328156,0.0009990009712055326,0.008000800386071205
YOR074C,YDR381C-A,0,0.051344417,0.012195121496915817,0.0009990009712055326,0.008100810460746288
YDL128W,YCL026C-B,0,0.0512566,0.012048192322254181,0.0009990009712055326,0.008200820535421371
YLR016C,YDR381C-A,0,0.051210485,0.011904762126505375,0.0009990009712055326,0.00830082967877388
YER014C-A,YDL022W,0,0.051116403,0.0117647061124444,0.0009990009712055326,0.008400839753448963
YLR191W,YCL026C-B,0,0.051107876,0.011627906933426857,0.0009990009712055326,0.008500849828124046
YOR126C,YGR145W,0,0.051044807,0.01149425283074379,0.0009990009712055326,0.00860085990279913
YPL110C,YDR381C-A,0,0.05097746,0.011363636702299118,0.0009990009712055326,0.008700869977474213
YMR046C,YPL011C,0,0.050794784,0.01123595517128706,0.0009990009712055326,0.008800880052149296
YOL129W,YML058W-A,0,0.05071743,0.011111111380159855,0.0009990009712055326,0.008900890126824379
YJL178C,YDR381C-A,0,0.05033871,0.010989011265337467,0.0009990009712055326,0.009000900201499462
YNL095C,YBL029C-A,0,0.050050978,0.010869565419852734,0.0009990009712055326,0.009100910276174545
YIR025W,YDR381C-A,0,0.049992733,0.01075268816202879,0.0009990009712055326,0.009200920350849628
YAL024C,YLR325C,0,0.049830366,0.010638297535479069,0.0009990009712055326,0.009300930425524712
YCL074W,YOR353C,0,0.04955265,0.010526316240429878,0.0009990009712055326,0.009400940500199795
YLR312W-A,YOL026C,0,0.049211457,0.010416666977107525,0.0009990009712055326,0.009500949643552303
YPR204W,YEL053C,0,0.04898525,0.010309278033673763,0.0009990009712055326,0.009600959718227386
YLR410W-A,YLR325C,0,0.048972424,0.010204081423580647,0.0009990009712055326,0.00970096979290247
YBL005W-B,YDR457W,0,0.04897223,0.010101010091602802,0.0009990009712055326,0.009800979867577553
YLR312W-A,YCL004W,0,0.04891107,0.009999999776482582,0.0009990009712055326,0.009900989942252636
YGR221C,YDR079W,0,0.048906542,0.009900989942252636,0.0009990009712055326,0.010001000016927719
YOL004W,YCL026C-B,0,0.04888868,0.009803921915590763,0.0009990009712055326,0.010101010091602802
YCL026C-B,YCR012W,0,0.048715327,0.009708737954497337,0.0009990009712055326,0.010201020166277885
YPR198W,YHR156C,0,0.04868111,0.009615384973585606,0.0009990009712055326,0.010301030240952969
YDR261C-D,YMR229C,0,0.04862838,0.009523809887468815,0.0009990009712055326,0.010401040315628052
YDL107W,YHR214C-B,0,0.048590925,0.009433962404727936,0.0009990009712055326,0.010501050390303135
YNR072W,YCL026C-B,0,0.048571493,0.009345794096589088,0.0009990009712055326,0.010601060464978218
YMR186W,YER087C-B,0,0.048447214,0.009259259328246117,0.0009990009712055326,0.010701070539653301
YOR071C,YER014C-A,0,0.048362453,0.00917431153357029,0.0009990009712055326,0.01080107968300581
YER008C,YDL084W,0,0.048341677,0.00909090880304575,0.0009990009712055326,0.010901089757680893
YHR039C-A,YER087C-B,0,0.048338253,0.009009009227156639,0.0009990009712055326,0.011001099832355976
YPL112C,YKR035W-A,0,0.0483181,0.008928571827709675,0.0009990009712055326,0.01110110990703106
YBR080C,YER087C-B,0,0.048264757,0.008849557489156723,0.0009990009712055326,0.011201119981706142
YLR410W-B,YDR364C,0,0.04808361,0.008771929889917374,0.0009990009712055326,0.011301130056381226
YCR060W,YML058W-A,0,0.047967054,0.008695651777088642,0.0009990009712055326,0.011401140131056309
YGR161W-B,YNL026W,0,0.047941398,0.008620689623057842,0.0009990009712055326,0.011501150205731392
YGR161W-B,YNL163C,0,0.047913525,0.008547008968889713,0.0009990009712055326,0.011601160280406475
YGR109W-B,YOR313C,0,0.0478826,0.008474576286971569,0.0009990009712055326,0.011701170355081558
YDL097C,YDR261W-A,0,0.04773083,0.008403361774981022,0.0009990009712055326,0.011801180429756641
YNL302C,YCL026C-B,0,0.04772186,0.008333333767950535,0.0009990009712055326,0.011901190504431725
YHR047C,YPL257W-B,0,0.04770637,0.00826446246355772,0.0009990009712055326,0.012001200579106808
YOR142W-B,YDR304C,0,0.04764127,0.008196720853447914,0.0009990009712055326,0.012101209722459316
YER150W,YPL183W-A,0,0.047548432,0.008130080997943878,0.0009990009712055326,0.0122012197971344
YDR261W-A,YFR052W,0,0.047501177,0.008064515888690948,0.0009990009712055326,0.012301229871809483
YBR294W,YER137C-A,0,0.04748171,0.00800000037997961,0.0009990009712055326,0.012401239946484566
YOL103W-B,YDR369C,0,0.04742978,0.007936508394777775,0.0009990009712055326,0.012501250021159649
YML058W-A,YOR349W,0,0.04742879,0.007874015718698502,0.0009990009712055326,0.012601260095834732
YKL119C,YOR343W-B,0,0.0473837,0.0078125,0.0009990009712055326,0.012701270170509815
YMR065W,YIL177C,0,0.047353532,0.007751937955617905,0.0009990009712055326,0.012801280245184898
YOR142W-B,YOL004W,0,0.047349382,0.007692307699471712,0.0009990009712055326,0.012901290319859982
YDR261C-D,YKL206C,0,0.047325406,0.007633587811142206,0.0009990009712055326,0.013001300394535065
YEL043W,YDR261W-A,0,0.04722719,0.007575757801532745,0.0009990009712055326,0.013101310469210148
YJL060W,YPR133W-A,0,0.04722692,0.007518797181546688,0.0009990009712055326,0.013201320543885231
YGR109W-B,YJL024C,0,0.0471289,0.007462686393409967,0.0009990009712055326,0.01330132968723774
YOR142W-B,YKR026C,0,0.047097594,0.007407407276332378,0.0009990009712055326,0.013401339761912823
YDR210C-C,YIL046W,0,0.04708668,0.007352941203862429,0.0009990009712055326,0.013501349836587906
YCL003W,YLR050C,0,0.04707727,0.007299270015209913,0.0009990009712055326,0.013601359911262989
YER137C-A,YNL219C,0,0.047073223,0.007246376946568489,0.0009990009712055326,0.013701369985938072
YIL017W,YNL284C,0,0.04707241,0.007194244768470526,0.0009990009712055326,0.013801380060613155
YER049W,YKL200C,0,0.047071405,0.0071428571827709675,0.0009990009712055326,0.013901390135288239
YCL057W,YLR227W-B,0,0.047062606,0.007092198356986046,0.0009990009712055326,0.014001400209963322
YFL035C,YBR096W,0,0.047062583,0.007042253389954567,0.0009990009712055326,0.014101410284638405
YGR238C,YCR055C,0,0.04705423,0.00699300691485405,0.0009990009712055326,0.014201420359313488
YKL117W,YLR410W-B,0,0.04705415,0.0069444444961845875,0.0009990009712055326,0.014301430433988571
YDR261C-D,YNL070W,0,0.047049724,0.006896551698446274,0.0009990009712055326,0.014401440508663654
YBR195C,YCL003W,0,0.047045555,0.006849315017461777,0.0009990009712055326,0.014501450583338737
YOR377W,YGL046W,0,0.047042307,0.006802720949053764,0.0009990009712055326,0.014601459726691246
YBL101W-B,YDR403W,0,0.047038466,0.006756756920367479,0.0009990009712055326,0.01470146980136633
YDR082W,YCL003W,0,0.04703773,0.00671140942722559,0.0009990009712055326,0.014801479876041412
YMR284W,YKL200C,0,0.047031436,0.006666666828095913,0.0009990009712055326,0.014901489950716496
YCR080W,YOR324C,0,0.047028285,0.0066225165501236916,0.0009990009712055326,0.015001500025391579
YIL017W,YLR145W,0,0.047026742,0.00657894741743803,0.0009990009712055326,0.015101510100066662
YHL034C,YLR227W-B,0,0.046988126,0.006535947788506746,0.0009990009712055326,0.015201520174741745
YLR113W,YBR075W,0,0.046983905,0.006493506487458944,0.0009990009712055326,0.015301530249416828
YJR127C,YOR142W-B,0,0.046979122,0.006451612804085016,0.0009990009712055326,0.015401540324091911
YLR394W,YLR391W,0,0.04697269,0.006410256493836641,0.0009990009712055326,0.015501550398766994
YCR080W,YGR239C,0,0.04696783,0.006369426846504211,0.0009990009712055326,0.015601560473442078
YDL217C,YER087C-B,0,0.046948083,0.006329114083200693,0.0009990009712055326,0.015701569616794586
YIR025W,YKL097W-A,0,0.04691963,0.006289307959377766,0.0009990009712055326,0.015801580622792244
YOL165C,YKL097W-A,0,0.046916,0.0062500000931322575,0.0009990009712055326,0.015901589766144753
YOR176W,YLR410W-B,0,0.046913274,0.006211180239915848,0.0009990009712055326,0.01600160077214241
YGL244W,YLR410W-B,0,0.046908777,0.006172839552164078,0.0009990009712055326,0.01610160991549492
YJR119C,YIL017W,0,0.046905663,0.0061349691823124886,0.0009990009712055326,0.016201620921492577
YPR001W,YCR055C,0,0.04689621,0.006097560748457909,0.0009990009712055326,0.016301630064845085
YMR241W,YCR080W,0,0.046892233,0.0060606058686971664,0.0009990009712055326,0.016401641070842743
YJR051W,YLR227W-B,0,0.04687853,0.0060240961611270905,0.0009990009712055326,0.01650165021419525
YJR119C,YCL003W,0,0.046832535,0.005988024175167084,0.0009990009712055326,0.01660165935754776
YML058W-A,YML097C,0,0.046831515,0.0059523810632526875,0.0009990009712055326,0.016701670363545418
YBR195C,YCL060C,0,0.046813104,0.005917159840464592,0.0009990009712055326,0.016801679506897926
YDR263C,YIL017W,0,0.046812616,0.0058823530562222,0.0009990009712055326,0.016901690512895584
YER151C,YML045W-A,0,0.046802923,0.005847953259944916,0.0009990009712055326,0.017001699656248093
YBR075W,YNL259C,0,0.0467946,0.0058139534667134285,0.0009990009712055326,0.01710171066224575
YOR279C,YGL046W,0,0.046780348,0.005780346691608429,0.0009990009712055326,0.01720171980559826
YBR170C,YCR097WB,0,0.046777766,0.005747126415371895,0.0009990009712055326,0.017301730811595917
YGL026C,YLR256W-A,0,0.04677601,0.0057142856530845165,0.0009990009712055326,0.017401739954948425
YCR097WB,YCL032W,0,0.04677412,0.005681818351149559,0.0009990009712055326,0.017501750960946083
YBL101W-B,YDL170W,0,0.04676844,0.005649717524647713,0.0009990009712055326,0.01760176010429859
YCR080W,YOR353C,0,0.04675284,0.00561797758564353,0.0009990009712055326,0.0177017692476511
YMR117C,YGR185C,0,0.046748888,0.005586592014878988,0.0009990009712055326,0.017801780253648758
YFL035C,YMR210W,0,0.046736993,0.0055555556900799274,0.0009990009712055326,0.017901789397001266
YBR196C,YOR343W-B,0,0.04672537,0.005524862091988325,0.0009990009712055326,0.018001800402998924
YPL110C,YLR256W-A,0,0.046722546,0.005494505632668734,0.0009990009712055326,0.018101809546351433
YKL200C,YFL045C,0,0.046718992,0.005464480724185705,0.0009990009712055326,0.01820182055234909
YMR203W,YCL060C,0,0.0467161,0.005434782709926367,0.0009990009712055326,0.0183018296957016
YOL158C,YPR152C,0,0.04671585,0.0054054055362939835,0.0009990009712055326,0.018401840701699257
YJR036C,YBR075W,0,0.046711497,0.005376344081014395,0.0009990009712055326,0.018501849845051765
YBR275C,YBR075W,0,0.04670777,0.005347593687474728,0.0009990009712055326,0.018601860851049423
YKL200C,YOR126C,0,0.04670622,0.005319148767739534,0.0009990009712055326,0.018701869994401932
YER087W,YFL035C,0,0.046705794,0.005291005130857229,0.0009990009712055326,0.01880188100039959
YGR109W-B,YOR215C,0,0.046648227,0.005263158120214939,0.0009990009712055326,0.018901890143752098
YBR075W,YER104W,0,0.04664583,0.005235602147877216,0.0009990009712055326,0.019001899287104607
YGL068W,YLR391W,0,0.046626285,0.0052083334885537624,0.0009990009712055326,0.019101910293102264
YOR343W-B,YLR224W,0,0.04661648,0.005181347019970417,0.0009990009712055326,0.019201919436454773
YGR225W,YOR343W-B,0,0.046609536,0.005154639016836882,0.0009990009712055326,0.01930193044245243
YLL027W,YGL046W,0,0.046608727,0.0051282052882015705,0.0009990009712055326,0.01940193958580494
YLR447C,YBL101W-B,0,0.046577968,0.005102040711790323,0.0009990009712055326,0.019501950591802597
YIR011C,YLR047C,0,0.046550196,0.005076142027974129,0.0009990009712055326,0.019601959735155106
YDR210C-C,YMR250W,0,0.04654957,0.005050505045801401,0.0009990009712055326,0.019701970741152763
YER137C-A,YDR170C,0,0.046535984,0.005025125574320555,0.0009990009712055326,0.019801979884505272
YOR343W-B,YGR143W,0,0.04646613,0.004999999888241291,0.0009990009712055326,0.01990199089050293
YOR142W-B,YGR034W,0,0.046453364,0.004975124262273312,0.0009990009712055326,0.020002000033855438
YOL103W-B,YKL130C,0,0.046452485,0.004950494971126318,0.0009990009712055326,0.020102011039853096
YNL127W,YNL284C-A,0,0.04641312,0.004926108289510012,0.0009990009712055326,0.020202020183205605
YGR109W-B,YGL051W,0,0.046390157,0.0049019609577953815,0.0009990009712055326,0.020302029326558113
YKR103W,YCR097WB,0,0.046384525,0.004878048785030842,0.0009990009712055326,0.02040204033255577
YBR075W,YEL041W,0,0.046340797,0.004854368977248669,0.0009990009712055326,0.02050204947590828
YPL257W-B,YNL138W,0,0.04632116,0.004830917809158564,0.0009990009712055326,0.020602060481905937
YCL003W,YOR085W,0,0.04630848,0.004807692486792803,0.0009990009712055326,0.020702069625258446
YBL005W-B,YGL019W,0,0.046307832,0.0047846888191998005,0.0009990009712055326,0.020802080631256104
YBL058W,YCR097WB,0,0.04630125,0.004761904943734407,0.0009990009712055326,0.020902089774608612
YDR210C-C,YGL203C,0,0.04628707,0.004739336669445038,0.0009990009712055326,0.02100210078060627
YLR410W-A,YPL167C,0,0.046266396,0.004716981202363968,0.0009990009712055326,0.02110210992395878
YNL284C-A,YGR034W,0,0.04625948,0.004694835748523474,0.0009990009712055326,0.021202120929956436
YPR182W,YDR261W-A,0,0.046254728,0.004672897048294544,0.0009990009712055326,0.021302130073308945
YKR035W-A,YLR348C,0,0.046249907,0.004651162773370743,0.0009990009712055326,0.021402141079306602
YDR261W-A,YDL040C,0,0.046230435,0.004629629664123058,0.0009990009712055326,0.02150215022265911
YGL050W,YGL071W,0,0.04621016,0.004608294926583767,0.0009990009712055326,0.02160215936601162
YFL002W-B,YLR440C,0,0.04620927,0.004587155766785145,0.0009990009712055326,0.021702170372009277
YPL257W-B,YMR300C,0,0.046148464,0.004566209856420755,0.0009990009712055326,0.021802179515361786
YOR038C,YLR391W,0,0.04612449,0.004545454401522875,0.0009990009712055326,0.021902190521359444
YIL061C,YLR410W-B,0,0.046099532,0.004524887073785067,0.0009990009712055326,0.022002199664711952
YKL093W,YHR214C-B,0,0.046068825,0.0045045046135783195,0.0009990009712055326,0.02210221067070961
YGR109W-B,YPL113C,0,0.04606881,0.0044843051582574844,0.0009990009712055326,0.02220221981406212
YOR343W-B,YGR171C,0,0.046047255,0.004464285913854837,0.0009990009712055326,0.022302230820059776
YMR025W,YLR410W-A,0,0.046025716,0.004444444552063942,0.0009990009712055326,0.022402239963412285
YFR013W,YGL046W,0,0.04601172,0.0044247787445783615,0.0009990009712055326,0.022502250969409943
YGR010W,YDR261C-D,0,0.046008565,0.0044052861630916595,0.0009990009712055326,0.02260226011276245
YGL244W,YLR256W-A,0,0.04598332,0.004385964944958687,0.0009990009712055326,0.02270227111876011
YPR137C-A,YDL227C,0,0.045981716,0.0043668122962117195,0.0009990009712055326,0.022802280262112617
YNL284C-A,YNL070W,0,0.045970906,0.004347825888544321,0.0009990009712055326,0.022902289405465126
YOR142W-B,YBR145W,0,0.04596714,0.0043290043249726295,0.0009990009712055326,0.023002300411462784
YPR158C-C,YOR285W,0,0.04595725,0.004310344811528921,0.0009990009712055326,0.023102309554815292
YLR227W-B,YCR012W,0,0.045951825,0.004291845485568047,0.0009990009712055326,0.02320232056081295
YOR343W-B,YLR020C,0,0.04594644,0.004273504484444857,0.0009990009712055326,0.02330232970416546
YNL284C-A,YOR123C,0,0.045935933,0.0042553190141916275,0.0009990009712055326,0.023402340710163116
YLR107W,YLR410W-B,0,0.045935407,0.0042372881434857845,0.0009990009712055326,0.023502349853515625
YOR142W-A,YKL210W,0,0.04593205,0.004219409078359604,0.0009990009712055326,0.023602360859513283
YBL101W-B,YMR240C,0,0.04592636,0.004201680887490511,0.0009990009712055326,0.02370237000286579
YML045W-A,YKL201C,0,0.04590721,0.0041841003112494946,0.0009990009712055326,0.02380238100886345
YDR079W,YKL171W,0,0.045894988,0.004166666883975267,0.0009990009712055326,0.023902390152215958
YER098W,YPL257W-B,0,0.045846593,0.004149377811700106,0.0009990009712055326,0.024002401158213615
YCL003W,YGL113W,0,0.04583921,0.00413223123177886,0.0009990009712055326,0.024102410301566124
YKL009W,YNL284C-A,0,0.045828134,0.004115226212888956,0.0009990009712055326,0.024202419444918633
YHR164C,YIL017W,0,0.045815647,0.004098360426723957,0.0009990009712055326,0.02430243045091629
YNL284C-A,YOR085W,0,0.045807548,0.004081632476300001,0.0009990009712055326,0.0244024395942688
YBR261C,YLR227W-B,0,0.04579441,0.004065040498971939,0.0009990009712055326,0.024502450600266457
YBL011W,YCL060C,0,0.045788098,0.004048583097755909,0.0009990009712055326,0.024602459743618965
YLR410W-B,YNL080C,0,0.045747723,0.004032257944345474,0.0009990009712055326,0.024702470749616623
YGR282C,YCR055C,0,0.04574755,0.00401606410741806,0.0009990009712055326,0.02480247989296913
YCL060C,YKL095W,0,0.04573963,0.004000000189989805,0.0009990009712055326,0.02490249089896679
YCL003W,YNL175C,0,0.045724124,0.0039840638637542725,0.0009990009712055326,0.025002500042319298
YPL257W-B,YMR250W,0,0.04569833,0.003968254197388887,0.0009990009712055326,0.025102511048316956
YOR237W,YGR034W,0,0.045692615,0.003952569328248501,0.0009990009712055326,0.025202520191669464
YBL101W-B,YGR113W,0,0.045675598,0.003937007859349251,0.0009990009712055326,0.025302529335021973
YKL200C,YOR239W,0,0.045671016,0.003921568859368563,0.0009990009712055326,0.02540254034101963
YOL086C,YCR097WB,0,0.045669034,0.00390625,0.0009990009712055326,0.02550254948437214
YFL002W-B,YMR240C,0,0.04566504,0.0038910505827516317,0.0009990009712055326,0.025602560490369797
YOR324C,YLR227W-B,0,0.04565855,0.0038759689778089523,0.0009990009712055326,0.025702569633722305
YMR238W,YCR097WB,0,0.04565216,0.0038610037881881,0.0009990009712055326,0.025802580639719963
YOR142W-A,YDR404C,0,0.04564683,0.003846153849735856,0.0009990009712055326,0.02590258978307247
YGR056W,YBR075W,0,0.045641012,0.0038314175326377153,0.0009990009712055326,0.02600260078907013
YCR080W,YFL054C,0,0.04563743,0.003816793905571103,0.0009990009712055326,0.026102609932422638
YDR030C,YNL284C-A,0,0.045636952,0.0038022813387215137,0.0009990009712055326,0.026202620938420296
YPR137C-A,YGL037C,0,0.045618847,0.0037878789007663727,0.0009990009712055326,0.026302630081772804
YFR021W,YBL091C-A,0,0.045612663,0.0037735849618911743,0.0009990009712055326,0.026402641087770462
YDR210C-C,YJR112W,0,0.045609113,0.003759398590773344,0.0009990009712055326,0.02650265023112297
YER008C,YPR158C-C,0,0.045582924,0.00374531839042902,0.0009990009712055326,0.02660265937447548
YMR186W,YGL046W,0,0.045575004,0.0037313431967049837,0.0009990009712055326,0.026702670380473137
YCL074W,YER137C-A,0,0.045569487,0.0037174720782786608,0.0009990009712055326,0.026802679523825645
YOR142W-A,YPR006C,0,0.045552377,0.003703703638166189,0.0009990009712055326,0.026902690529823303
YNL284C-A,YOL107W,0,0.04554529,0.0036900369450449944,0.0009990009712055326,0.027002699673175812
YKL117W,YCR080W,0,0.045504842,0.0036764706019312143,0.0009990009712055326,0.02710271067917347
YDR210C-C,YMR179W,0,0.045498133,0.0036630036775022745,0.0009990009712055326,0.027202719822525978
YLR129W,YPL257W-B,0,0.045494966,0.0036496350076049566,0.0009990009712055326,0.027302730828523636
YGL158W,YKL170W,0,0.045490086,0.003636363660916686,0.0009990009712055326,0.027402739971876144
YOL103W-B,YPL139C,0,0.04547832,0.0036231884732842445,0.0009990009712055326,0.027502750977873802
YKL097W-A,YPL208W,0,0.04544252,0.003610108280554414,0.0009990009712055326,0.02760276012122631
YOL103W-B,YNL016W,0,0.045438323,0.003597122384235263,0.0009990009712055326,0.02770277112722397
YFL066C,YGL256W,0,0.045421533,0.00358422938734293,0.0009990009712055326,0.027802780270576477
YMR112C,YBR075W,0,0.045420524,0.0035714285913854837,0.0009990009712055326,0.027902789413928986
YER008C,YLR256W-A,0,0.045407478,0.0035587188322097063,0.0009990009712055326,0.028002800419926643
YOR388C,YGR161W-B,0,0.045341425,0.003546099178493023,0.0009990009712055326,0.028102809563279152
YKL206C,YCR097WB,0,0.045332965,0.0035335689317435026,0.0009990009712055326,0.02820282056927681
YOL043C,YKL097W-A,0,0.045310847,0.0035211266949772835,0.0009990009712055326,0.028302829712629318
YNL284C-A,YDR140W,0,0.045300025,0.003508772002533078,0.0009990009712055326,0.028402840718626976
YDR210C-C,YBL041W,0,0.045289606,0.003496503457427025,0.0009990009712055326,0.028502849861979485
YLR157C,YOR343W-B,0,0.045283996,0.003484320593997836,0.0009990009712055326,0.028602860867977142
YPR137C-A,YOR355W,0,0.04528177,0.0034722222480922937,0.0009990009712055326,0.02870287001132965
YNL284C-A,YPR006C,0,0.045271564,0.0034602077212184668,0.0009990009712055326,0.02880288101732731
YNL284C-A,YML128C,0,0.04526215,0.003448275849223137,0.0009990009712055326,0.028902890160679817
YAL022C,YER137C-A,0,0.045252383,0.003436426166445017,0.0009990009712055326,0.029002901166677475
YCR055C,YIL048W,0,0.04524439,0.0034246575087308884,0.0009990009712055326,0.029102910310029984
YBR118W,YLR410W-A,0,0.04524159,0.0034129691775888205,0.0009990009712055326,0.029202919453382492
YLR256W-A,YIL170W,0,0.045237448,0.003401360474526882,0.0009990009712055326,0.02930293045938015
YOR343W-B,YDL054C,0,0.04522973,0.003389830468222499,0.0009990009712055326,0.02940293960273266
YIL017W,YDL170W,0,0.045205455,0.0033783784601837397,0.0009990009712055326,0.029502950608730316
YOR142W-B,YDL111C,0,0.045186277,0.003367003286257386,0.0009990009712055326,0.029602959752082825
YPR137C-A,YDL206W,0,0.045183737,0.003355704713612795,0.0009990009712055326,0.029702970758080482
YLR029C,YBL101W-B,0,0.045161873,0.0033444815780967474,0.0009990009712055326,0.02980297990143299
YDR210C-C,YBR271W,0,0.045151543,0.0033333334140479565,0.0009990009712055326,0.02990299090743065
YCL018W,YFL035C,0,0.045148283,0.003322259057313204,0.0009990009712055326,0.030003000050783157
YBR075W,YOL136C,0,0.045145392,0.0033112582750618458,0.0009990009712055326,0.030103011056780815
YNL232W,YCL060C,0,0.045138676,0.0033003301359713078,0.0009990009712055326,0.030203020200133324
YGR161W-B,YJL006C,0,0.04513019,0.003289473708719015,0.0009990009712055326,0.03030303120613098
YPL122C,YDR261W-A,0,0.045109008,0.0032786885276436806,0.0009990009712055326,0.03040304034948349
YLR391W,YLR050C,0,0.04510115,0.003267973894253373,0.0009990009712055326,0.030503049492836
YNL284C-A,YDL015C,0,0.045100536,0.0032573288772255182,0.0009990009712055326,0.030603060498833656
YMR227C,YBR075W,0,0.045095883,0.003246753243729472,0.0009990009712055326,0.030703069642186165
YGL122C,YBL101W-B,0,0.045091882,0.0032362460624426603,0.0009990009712055326,0.030803080648183823
YBL041W,YBR075W,0,0.04508637,0.003225806402042508,0.0009990009712055326,0.03090308979153633
YDR172W,YCR097WB,0,0.045085676,0.003215434029698372,0.0009990009712055326,0.03100310079753399
YBL101W-B,YIL133C,0,0.04508015,0.0032051282469183207,0.0009990009712055326,0.031103109940886497
YPR137C-A,YPL208W,0,0.04506468,0.00319488812237978,0.0009990009712055326,0.031203120946884155
YOL165C,YCL060C,0,0.045061644,0.0031847134232521057,0.0009990009712055326,0.031303130090236664
YDR261C-D,YDL097C,0,0.04504396,0.0031746032182127237,0.0009990009712055326,0.03140313923358917
YLR165C,YGL046W,0,0.045022883,0.0031645570416003466,0.0009990009712055326,0.03150315210223198
YJR149W,YML045W-A,0,0.045020904,0.0031545741949230433,0.0009990009712055326,0.03160316124558449
YJR028W,YDR229W,0,0.044989824,0.003144653979688883,0.0009990009712055326,0.031703170388936996
YGR161W-B,YNL079C,0,0.04497403,0.0031347961630672216,0.0009990009712055326,0.031803179532289505
YPR113W,YOR142W-A,0,0.044971816,0.0031250000465661287,0.0009990009712055326,0.031903188675642014
YKL200C,YPL188W,0,0.04494476,0.0031152646988630295,0.0009990009712055326,0.03200320154428482
YOL038W,YPL257W-B,0,0.04494156,0.003105590119957924,0.0009990009712055326,0.03210321068763733
YNL271C,YOR142W-A,0,0.04492488,0.0030959751456975937,0.0009990009712055326,0.03220321983098984
YNL284C-A,YDR423C,0,0.044918068,0.003086419776082039,0.0009990009712055326,0.032303228974342346
YFL002W-B,YPL104W,0,0.044917945,0.003076923079788685,0.0009990009712055326,0.03240324184298515
YBL011W,YCR097WB,0,0.04491693,0.0030674845911562443,0.0009990009712055326,0.03250325098633766
YOL103W-B,YHR059W,0,0.04491216,0.0030581040773540735,0.0009990009712055326,0.03260326012969017
YLR256W-A,YDL070W,0,0.044899244,0.0030487803742289543,0.0009990009712055326,0.03270326927304268
YMR090W,YGL046W,0,0.044895366,0.0030395137146115303,0.0009990009712055326,0.032803282141685486
YOL103W-B,YMR032W,0,0.044866372,0.0030303029343485832,0.0009990009712055326,0.032903291285037994
YAL033W,YNL284C-A,0,0.044862784,0.003021148033440113,0.0009990009712055326,0.0330033004283905
YJL187C,YIL017W,0,0.044855677,0.0030120480805635452,0.0009990009712055326,0.03310330957174301
YFR021W,YML045W-A,0,0.044846054,0.0030030030757188797,0.0009990009712055326,0.03320331871509552
YLR410W-A,YKL175W,0,0.04484493,0.002994012087583542,0.0009990009712055326,0.03330333158373833
YGR109W-B,YOR230W,0,0.044770133,0.0029850746504962444,0.0009990009712055326,0.033403340727090836
YOR142W-B,YLR325C,0,0.044769656,0.0029761905316263437,0.0009990009712055326,0.033503349870443344
YGR109W-B,YOL054W,0,0.04476515,0.002967359032481909,0.0009990009712055326,0.03360335901379585
YPL257W-B,YLL061W,0,0.04476312,0.002958579920232296,0.0009990009712055326,0.03370337188243866
YNR074C,YBR075W,0,0.044762038,0.0029498524963855743,0.0009990009712055326,0.03380338102579117
YOL103W-B,YKL061W,0,0.044756066,0.0029411765281111,0.0009990009712055326,0.03390339016914368
YLR330W,YCR055C,0,0.044748675,0.0029325513169169426,0.0009990009712055326,0.034003399312496185
YGR109W-B,YGL170C,0,0.04474573,0.002923976629972458,0.0009990009712055326,0.03410341218113899
YPR137C-A,YFR052W,0,0.044730466,0.0029154520016163588,0.0009990009712055326,0.0342034213244915
YBL112C,YER137C-A,0,0.044723224,0.0029069767333567142,0.0009990009712055326,0.03430343046784401
YNL284C-A,YNL084C,0,0.04471517,0.0028985508251935244,0.0009990009712055326,0.03440343961119652
YDR090C,YOR343W-B,0,0.044704713,0.0028901733458042145,0.0009990009712055326,0.034503448754549026
YAL024C,YCR080W,0,0.044691518,0.0028818442951887846,0.0009990009712055326,0.034603461623191833
YOL103W-B,YDL198C,0,0.04467787,0.0028735632076859474,0.0009990009712055326,0.03470347076654434
YPR137C-A,YNR013C,0,0.044677816,0.0028653296176344156,0.0009990009712055326,0.03480347990989685
YDR369C,YCL026C-B,0,0.044667155,0.0028571428265422583,0.0009990009712055326,0.03490348905324936
YNL138W-A,YMR038C,0,0.044661183,0.0028490028344094753,0.0009990009712055326,0.035003501921892166
YFR029W,YOL053C-A,0,0.044661183,0.0028409091755747795,0.0009990009712055326,0.035103511065244675
YMR268W-A,YLR251W,0,0.044661183,0.00283286115154624,0.0009990009712055326,0.03520352020859718
YDR473C,YJL012C-A,0,0.044661183,0.0028248587623238564,0.0009990009712055326,0.03530352935194969
YOL020W,YFL011W-A,1,0.044661183,0.005633802618831396,0.001998001942411065,0.03530352935194969
YAR002C-A,YCR055C,0,0.044661183,0.00561797758564353,0.001998001942411065,0.0354035384953022
YPL094C,YLR154W-A,0,0.044661183,0.005602241028100252,0.001998001942411065,0.03550355136394501
YBR020W,YLR154W-A,0,0.044661183,0.005586592014878988,0.001998001942411065,0.035603560507297516
YGR031C-A,YKR028W,0,0.044661183,0.005571030545979738,0.001998001942411065,0.035703569650650024
YGL068W,YLR154W-A,0,0.044661183,0.0055555556900799274,0.001998001942411065,0.03580357879400253
YGR031C-A,YBR074W,0,0.044661183,0.005540166050195694,0.001998001942411065,0.03590359166264534
YFL057C,YCL060C,0,0.044661183,0.005524862091988325,0.001998001942411065,0.03600360080599785
YMR200W,YLR154W-A,0,0.044661183,0.005509641952812672,0.001998001942411065,0.03610360994935036
YOR206W,YDR014W-A,0,0.044661183,0.005494505632668734,0.001998001942411065,0.036203619092702866
YPR135W,YGL046W,0,0.044661183,0.005479452200233936,0.001998001942411065,0.03630363196134567
YGR144W,YBR111W-A,0,0.044661183,0.005464480724185705,0.001998001942411065,0.03640364110469818
YBR196C,YDR014W-A,0,0.044661183,0.00544959120452404,0.001998001942411065,0.03650365024805069
YER014C-A,YCL026C-B,0,0.044661183,0.005434782709926367,0.001998001942411065,0.0366036593914032
YGR109W-B,YBL101W-B,0,0.044661183,0.00542005430907011,0.001998001942411065,0.03670366853475571
YMR087W,YOL053C-A,0,0.044661183,0.0054054055362939835,0.001998001942411065,0.036803681403398514
YNL138W-A,YMR039C,0,0.044661183,0.005390835460275412,0.001998001942411065,0.03690369054675102
YFL011W-A,YCL025C,1,0.044661183,0.008064515888690948,0.0029970030300319195,0.03690369054675102
YMR238W,YOL053C-A,0,0.044661183,0.00804289523512125,0.0029970030300319195,0.03700369969010353
YGR031C-A,YJL029C,0,0.044661183,0.008021390065550804,0.0029970030300319195,0.03710370883345604
YBR111W-A,YMR273C,0,0.044661183,0.00800000037997961,0.0029970030300319195,0.037203721702098846
YIL132C,YLR154W-A,0,0.044661183,0.007978723384439945,0.0029970030300319195,0.037303730845451355
YGR031C-A,YGL183C,0,0.044661183,0.007957560010254383,0.0029970030300319195,0.037403739988803864
YLR391W-A,YML006C,0,0.044661183,0.007936508394777775,0.0029970030300319195,0.03750374913215637
YFL011W-A,YNL268W,1,0.044661183,0.010554090142250061,0.00399600388482213,0.03750374913215637
YFL011W-A,YBR132C,1,0.044661183,0.01315789483487606,0.004995005205273628,0.03750374913215637
YOR215C,YMR268W-A,0,0.044661183,0.01312335953116417,0.004995005205273628,0.03760376200079918
YPR158C-C,YCR097WB,0,0.044661183,0.013089004904031754,0.004995005205273628,0.03770377114415169
YFL011W-A,YER119C,1,0.044661183,0.015665795654058456,0.005994006060063839,0.03770377114415169
YBR223C,YDR014W-A,0,0.044661183,0.015625,0.005994006060063839,0.037803780287504196
YLR206W,YLR391W-A,0,0.044661183,0.015584415756165981,0.005994006060063839,0.037903789430856705
YNL138W-A,YMR296C,0,0.044661183,0.015544041059911251,0.005994006060063839,0.03800379857420921
YBL089W,YFL011W-A,1,0.044661183,0.018087854608893394,0.00699300691485405,0.03800379857420921
YER151C,YOL053C-A,0,0.044661183,0.018041236326098442,0.00699300691485405,0.03810381144285202
YNL270C,YFL011W-A,1,0.044661183,0.02056555263698101,0.00799200776964426,0.03810381144285202
YFL011W-A,YDR508C,1,0.044661183,0.023076923564076424,0.008991008624434471,0.03810381144285202
YCR080W,YIL177C,0,0.044661183,0.023017901927232742,0.008991008624434471,0.03820382058620453
YFL011W-A,YCR075C,1,0.044661183,0.025510204955935478,0.009990010410547256,0.03820382058620453
YGR031C-A,YDR210C-C,0,0.044661183,0.02544529177248478,0.009990010410547256,0.03830382972955704
YFL011W-A,YEL063C,1,0.044661183,0.027918782085180283,0.010989011265337467,0.03830382972955704
YDR014W-A,YKL085W,0,0.044661183,0.027848102152347565,0.010989011265337467,0.038403838872909546
YJL012C-A,YDR240C,0,0.044661183,0.02777777798473835,0.010989011265337467,0.03850385174155235
YFL011W-A,YNL298W,0,0.044661183,0.02770780771970749,0.010989011265337467,0.03860386088490486
YJL012C-A,YKL210W,0,0.044661183,0.027638191357254982,0.010989011265337467,0.03870387002825737
YBR111W-A,YPR190C,0,0.044661183,0.027568921446800232,0.010989011265337467,0.03880387917160988
YDR079W,YLR391W-A,0,0.044661183,0.027499999850988388,0.010989011265337467,0.038903892040252686
YNL138W-A,YIL133C,0,0.044661183,0.027431420981884003,0.010989011265337467,0.039003901183605194
YDR014W-A,YFL066C,0,0.044661183,0.027363184839487076,0.010989011265337467,0.0391039103269577
YKL182W,YIL017W,0,0.044661183,0.02729528583586216,0.010989011265337467,0.03920391947031021
YFL011W-A,YIL088C,1,0.044661183,0.029702970758080482,0.011988012120127678,0.03920391947031021
YBR293W,YFL011W-A,1,0.044661183,0.032098766416311264,0.012987012974917889,0.03920391947031021
YCR097WB,YGL071W,0,0.044661183,0.03201970458030701,0.012987012974917889,0.03930392861366272
YNL095C,YJL012C-A,0,0.044661183,0.03194103017449379,0.012987012974917889,0.03940394148230553
YOL053C-A,YNL122C,0,0.044661183,0.03186274692416191,0.012987012974917889,0.039503950625658035
YPR011C,YOL053C-A,0,0.044661183,0.03178483992815018,0.012987012974917889,0.039603959769010544
YGR031C-A,YPR198W,0,0.044661183,0.031707316637039185,0.012987012974917889,0.03970396891236305
YKL165C,YOL053C-A,0,0.044661183,0.03163016960024834,0.012987012974917889,0.03980398178100586
YDR014W-A,YLR050C,0,0.044661183,0.031553398817777634,0.012987012974917889,0.03990399092435837
YDR014W-A,YKR020W,0,0.044661183,0.03147699683904648,0.012987012974917889,0.040004000067710876
YNL138W-A,YGL019W,0,0.044661183,0.03140096738934517,0.012987012974917889,0.040104009211063385
YOR348C,YFL011W-A,1,0.044661183,0.033734939992427826,0.0139860138297081,0.040104009211063385
YDR014W-A,YNL110C,0,0.044661183,0.03365384787321091,0.0139860138297081,0.04020402207970619
YAL022C,YFL011W-A,0,0.044661183,0.03357314318418503,0.0139860138297081,0.0403040312230587
YGR225W,YOL053C-A,0,0.044661183,0.03349282220005989,0.0139860138297081,0.04040404036641121
YFL011W-A,YGR055W,1,0.044661183,0.03579952195286751,0.01498501468449831,0.04040404036641121
YJL012C-A,YER017C,0,0.044661183,0.0357142873108387,0.01498501468449831,0.04050404950976372
YIL088C,YMR268W-A,0,0.044661183,0.035629455000162125,0.01498501468449831,0.040604058653116226
YGR031C-A,YMR160W,0,0.044661183,0.035545025020837784,0.01498501468449831,0.04070407152175903
YLR391W-A,YJL206C,0,0.044661183,0.03546099364757538,0.01498501468449831,0.04080408066511154
YCR057C,YMR268W-A,0,0.044661183,0.03537735715508461,0.01498501468449831,0.04090408980846405
YMR268W-A,YPR159W,0,0.044661183,0.03529411926865578,0.01498501468449831,0.04100409895181656
YDR014W-A,YGL225W,0,0.044661183,0.035211268812417984,0.01498501468449831,0.041104111820459366
YGL233W,YCL060C,0,0.044661183,0.03512880578637123,0.01498501468449831,0.041204120963811874
YOL070C,YDR014W-A,0,0.044661183,0.03504673019051552,0.01498501468449831,0.04130413010716438
YJL012C-A,YGR012W,0,0.044661183,0.03496503457427025,0.01498501468449831,0.04140413925051689
YGR216C,YLR154W-A,0,0.044661183,0.03488372266292572,0.01498501468449831,0.0415041521191597
YPR035W,YDR014W-A,0,0.044661183,0.03480278328061104,0.01498501468449831,0.04160416126251221
YKL020C,YMR268W-A,0,0.044661183,0.0347222238779068,0.01498501468449831,0.041704170405864716
YFL011W-A,YGL077C,1,0.044661183,0.03695150092244148,0.01598401553928852,0.041704170405864716
YFL011W-A,YJL059W,1,0.044661183,0.039170507341623306,0.016983017325401306,0.041704170405864716
YGR031C-A,YJL081C,0,0.044661183,0.039080459624528885,0.016983017325401306,0.041804179549217224
YGR191W,YFL011W-A,1,0.044661183,0.04128440469503403,0.017982017248868942,0.041804179549217224
YNL138W-A,YHR209W,0,0.044661183,0.04118993133306503,0.017982017248868942,0.04190418869256973
YBR111W-A,YGL259W,0,0.044661183,0.04109589010477066,0.017982017248868942,0.04200420156121254
YMR276W,YMR268W-A,0,0.044661183,0.04100227728486061,0.017982017248868942,0.04210421070456505
YFL011W-A,YGR142W,1,0.044661183,0.04318181797862053,0.018981019034981728,0.04210421070456505
YFL011W-A,YER185W,0,0.044661183,0.04308389872312546,0.018981019034981728,0.04220421984791756
YDR245W,YCL003W,0,0.044661183,0.0429864265024662,0.018981019034981728,0.042304228991270065
YNL138W-A,YDR369C,0,0.044661183,0.042889390140771866,0.018981019034981728,0.04240424185991287
YCL069W,YFL011W-A,1,0.044661183,0.045045044273138046,0.019980020821094513,0.04240424185991287
YLR391W-A,YPR043W,0,0.044661183,0.04494382068514824,0.019980020821094513,0.04250425100326538
YKR039W,YFL011W-A,1,0.044661183,0.04708520323038101,0.02097902074456215,0.04250425100326538
YDR457W,YCR055C,0,0.044661183,0.0469798669219017,0.02097902074456215,0.04260426014661789
YJL012C-A,YDL070W,0,0.044661183,0.046875,0.02097902074456215,0.0427042692899704
YCR087C-A,YGL046W,0,0.044661183,0.0467706024646759,0.02097902074456215,0.042804282158613205
YKL200C,YLR227W-B,0,0.044661183,0.046666666865348816,0.02097902074456215,0.042904291301965714
YCR027C,YFL011W-A,1,0.044661183,0.04878048598766327,0.021978022530674934,0.042904291301965714
YOL052C,YLR391W-A,0,0.044661183,0.048672568053007126,0.021978022530674934,0.04300430044531822
YFL011W-A,YMR088C,1,0.044661183,0.05077262595295906,0.02297702245414257,0.04300430044531822
YFL011W-A,YLR213C,0,0.044661183,0.050660792738199234,0.02297702245414257,0.04310430958867073
YOL142W,YLR391W-A,0,0.044661183,0.050549451261758804,0.02297702245414257,0.04320431873202324
YMR077C,YOL053C-A,0,0.044661183,0.05043859779834747,0.02297702245414257,0.043304331600666046
YJL191W,YLR154W-A,0,0.044661183,0.05032822862267494,0.02297702245414257,0.043404340744018555
YLR391W-A,YER104W,0,0.044661183,0.05021834000945091,0.02297702245414257,0.04350434988737106
YBR075W,YFL033C,0,0.044661183,0.050108931958675385,0.02297702245414257,0.04360435903072357
YGR118W,YLR154W-A,0,0.044661183,0.05000000074505806,0.02297702245414257,0.04370437189936638
YJL012C-A,YMR304W,0,0.044661183,0.04989153891801834,0.02297702245414257,0.04380438104271889
YLR244C,YBR111W-A,0,0.044661183,0.04978355020284653,0.02297702245414257,0.043904390186071396
YNL138W-A,YFL001W,0,0.044661183,0.04967602714896202,0.02297702245414257,0.044004399329423904
YOR343W-B,YCL026C-B,0,0.044661183,0.049568966031074524,0.02297702245414257,0.04410441219806671
YGL256W,YMR268W-A,0,0.044661183,0.049462366849184036,0.02297702245414257,0.04420442134141922
YGR031C-A,YBR271W,0,0.044661183,0.04935622215270996,0.02297702245414257,0.04430443048477173
YHR179W,YBR111W-A,0,0.044661183,0.049250535666942596,0.02297702245414257,0.04440443962812424
YDR014W-A,YFL002W-B,0,0.044661183,0.049145299941301346,0.02297702245414257,0.044504448771476746
YDR014W-A,YJL172W,0,0.044661183,0.04904051125049591,0.02297702245414257,0.04460446164011955
YNL138W-A,YOR025W,0,0.044661183,0.04893616959452629,0.02297702245414257,0.04470447078347206
YGR031C-A,YHR056C,0,0.044661183,0.04883227124810219,0.02297702245414257,0.04480447992682457
YDR160W,YFL011W-A,1,0.044661183,0.050847455859184265,0.023976024240255356,0.04480447992682457
YJL012C-A,YIL135C,0,0.044661183,0.05073995888233185,0.023976024240255356,0.04490448907017708
YPR135W,YBR111W-A,0,0.044661183,0.050632912665605545,0.023976024240255356,0.045004501938819885
YJL012C-A,YNL084C,0,0.044661183,0.050526317209005356,0.023976024240255356,0.045104511082172394
YFL011W-A,YHL036W,1,0.044661183,0.052521008998155594,0.024975024163722992,0.045104511082172394
YPL129W,YMR268W-A,0,0.044661183,0.052410900592803955,0.024975024163722992,0.0452045202255249
YDR064W,YLR154W-A,0,0.044661183,0.052301254123449326,0.024975024163722992,0.04530452936887741
YFL011W-A,YHR119W,0,0.044661183,0.05219206586480141,0.024975024163722992,0.04540454223752022
YFL011W-A,YKL175W,0,0.044661183,0.0520833320915699,0.024975024163722992,0.045504551380872726
YNL231C,YLR154W-A,0,0.044661183,0.051975052803754807,0.024975024163722992,0.045604560524225235
YLR391W-A,YLR264W,0,0.044661183,0.05186722055077553,0.024975024163722992,0.045704569667577744
YKL200C,YHR005C-A,0,0.044661183,0.051759835332632065,0.024975024163722992,0.04580457881093025
YFL011W-A,YMR321C,0,0.044661183,0.05165289342403412,0.024975024163722992,0.04590459167957306
YJL012C-A,YLL019C,0,0.044661183,0.05154639109969139,0.024975024163722992,0.04600460082292557
YKL176C,YFL011W-A,1,0.044661183,0.05349794402718544,0.025974025949835777,0.04600460082292557
YGR031C-A,YNL084C,0,0.044661183,0.0533880889415741,0.025974025949835777,0.046104609966278076
YGR031C-A,YBL092W,0,0.044661183,0.053278688341379166,0.025974025949835777,0.046204619109630585
YDR512C,YJL012C-A,0,0.044661183,0.05316973477602005,0.025974025949835777,0.04630463197827339
YAL060W,YNL138W-A,0,0.044661183,0.05306122452020645,0.025974025949835777,0.0464046411216259
YBR111W-A,YMR115W,0,0.044661183,0.05295315757393837,0.025974025949835777,0.04650465026497841
YDR072C,YOL053C-A,0,0.044661183,0.05284553021192551,0.025974025949835777,0.04660465940833092
YGR031C-A,YLR197W,0,0.044661183,0.052738334983587265,0.025974025949835777,0.046704672276973724
YGR113W,YMR268W-A,0,0.044661183,0.05263157933950424,0.025974025949835777,0.04680468142032623
YDL142C,YDR014W-A,0,0.044661183,0.05252525210380554,0.025974025949835777,0.04690469056367874
YML036W,YMR268W-A,0,0.044661183,0.052419353276491165,0.025974025949835777,0.04700469970703125
YGR031C-A,YJL085W,0,0.044661183,0.05231388285756111,0.025974025949835777,0.04710470885038376
YGR031C-A,YPR137W,0,0.044661183,0.05220883712172508,0.025974025949835777,0.047204721719026566
YOL053C-A,YML109W,0,0.044661183,0.05210420861840248,0.025974025949835777,0.047304730862379074
YDL212W,YFL011W-A,1,0.044661183,0.05400000140070915,0.026973027735948563,0.047304730862379074
YFL011W-A,YPR021C,1,0.044661183,0.05588822439312935,0.0279720276594162,0.047304730862379074
YBR111W-A,YML099C,0,0.044661183,0.055776894092559814,0.0279720276594162,0.04740474000573158
YNL138W-A,YDR403W,0,0.044661183,0.0556660033762455,0.0279720276594162,0.04750474914908409
YNL101W,YFL011W-A,1,0.044661183,0.0575396828353405,0.028971029445528984,0.04750474914908409
YFL011W-A,YKL146W,1,0.044661183,0.059405941516160965,0.02997002936899662,0.04750474914908409
YPR026W,YDR014W-A,0,0.044661183,0.05928853899240494,0.02997002936899662,0.0476047620177269
YML032C,YFL011W-A,0,0.044661183,0.05917159840464592,0.02997002936899662,0.04770477116107941
YGR031C-A,YKL161C,0,0.044661183,0.05905511975288391,0.02997002936899662,0.047804780304431915
YFL011W-A,YPL007C,0,0.044661183,0.058939095586538315,0.02997002936899662,0.047904789447784424
YJL012C-A,YKL130C,0,0.044661183,0.05882352963089943,0.02997002936899662,0.04800480231642723
YAL033W,YLR154W-A,0,0.044661183,0.05870841443538666,0.02997002936899662,0.04810481145977974
YDR196C,YMR268W-A,0,0.044661183,0.05859375,0.02997002936899662,0.04820482060313225
YKL093W,YBR111W-A,0,0.044661183,0.05847953259944916,0.02997002936899662,0.048304829746484756
YMR176W,YOL053C-A,0,0.044661183,0.05836575850844383,0.02997002936899662,0.048404838889837265
YDR261C-D,YDR381C-A,0,0.044661183,0.058252427726984024,0.02997002936899662,0.04850485175848007
YJL012C-A,YIR018W,0,0.044661183,0.058139536529779434,0.02997002936899662,0.04860486090183258
YLR312W-A,YLR391W,0,0.044661183,0.058027077466249466,0.02997002936899662,0.04870487004518509
YKL174C,YFL011W-A,1,0.044661183,0.05984555929899216,0.030969031155109406,0.04870487004518509
YLL061W,YFL011W-A,1,0.044661183,0.06165703386068344,0.03196803107857704,0.04870487004518509
YLL055W,YFL011W-A,1,0.044661183,0.0634615421295166,0.032967034727334976,0.04870487004518509
YFL011W-A,YDL210W,1,0.044661183,0.06525911390781403,0.03396603465080261,0.04870487004518509
YER014C-A,YGL046W,0,0.044661183,0.06513410061597824,0.03396603465080261,0.0488048791885376
YFL011W-A,YEL062W,1,0.044661183,0.06692160665988922,0.03496503457427025,0.0488048791885376
YBR111W-A,YBR281C,0,0.044661183,0.06679389625787735,0.03496503457427025,0.048904892057180405
YBR111W-A,YNR002C,0,0.044661183,0.06666667014360428,0.03496503457427025,0.04900490120053291
YJL012C-A,YPR083W,0,0.044661183,0.06653992086648941,0.03496503457427025,0.04910491034388542
YDR457W,YLR154W-A,0,0.044661183,0.06641366332769394,0.03496503457427025,0.04920491948723793
YLR391W-A,YLR350W,0,0.044661183,0.06628787517547607,0.03496503457427025,0.04930492863059044
YLR391W-A,YBR287W,0,0.044661183,0.06616257131099701,0.03496503457427025,0.049404941499233246
YBR081C,YKL097W-A,0,0.044661183,0.06603773683309555,0.03496503457427025,0.049504950642585754
YGR031C-A,YOL101C,0,0.044661183,0.0659133717417717,0.03496503457427025,0.04960495978593826
YDR423C,YLR154W-A,0,0.044661183,0.06578947603702545,0.03496503457427025,0.04970496892929077
YER008C,YJL012C-A,0,0.044661183,0.06566604226827621,0.03496503457427025,0.04980498179793358
YFL011W-A,YPR187W,0,0.044661183,0.06554307043552399,0.03496503457427025,0.04990499094128609
YBR111W-A,YMR296C,0,0.044661183,0.06542056053876877,0.03496503457427025,0.050005000084638596
YGR031C-A,YDR233C,0,0.044661183,0.06529850512742996,0.03496503457427025,0.050105009227991104
YOL053C-A,YBL026W,0,0.044661183,0.06517691165208817,0.03496503457427025,0.05020502209663391
YMR268W-A,YGL163C,0,0.044661183,0.06505576521158218,0.03496503457427025,0.05030503123998642
YNL172W,YBL101W-B,0,0.044661183,0.06493506580591202,0.03496503457427025,0.05040504038333893
YOL053C-A,YIL035C,0,0.044661183,0.06481481343507767,0.03496503457427025,0.05050504952669144
YGR031C-A,YJL178C,0,0.044661183,0.06469500809907913,0.03496503457427025,0.050605058670043945
YFL011W-A,YNL065W,1,0.044661183,0.06642066687345505,0.035964034497737885,0.050605058670043945
YKR071C,YFL011W-A,0,0.044661183,0.06629834324121475,0.035964034497737885,0.05070507153868675
YGL209W,YLR391W-A,0,0.044661183,0.06617647409439087,0.035964034497737885,0.05080508068203926
YGL226C-A,YOL053C-A,0,0.044661183,0.0660550445318222,0.035964034497737885,0.05090508982539177
YFL011W-A,YPL274W,1,0.044661183,0.06776557117700577,0.03696303814649582,0.05090508982539177
YBR111W-A,YJL081C,0,0.044661183,0.06764168292284012,0.03696303814649582,0.05100509896874428
YDR014W-A,YER190W,0,0.044661183,0.06751824915409088,0.03696303814649582,0.051105111837387085
YBR260C,YLR391W-A,0,0.044661183,0.06739526242017746,0.03696303814649582,0.051205120980739594
YCR055C,YDR496C,0,0.044661183,0.06727273017168045,0.03696303814649582,0.0513051301240921
YMR136W,YMR268W-A,0,0.044661183,0.06715063750743866,0.03696303814649582,0.05140513926744461
YCL036W,YOL053C-A,0,0.044661183,0.06702898442745209,0.03696303814649582,0.05150515213608742
YDR296W,YGL046W,0,0.044661183,0.06690777838230133,0.03696303814649582,0.051605161279439926
YBR111W-A,YOL136C,0,0.044661183,0.0667870044708252,0.03696303814649582,0.051705170422792435
YER137C-A,YGL046W,0,0.044661183,0.06666667014360428,0.03696303814649582,0.05180517956614494
YCL026C-B,YMR229C,0,0.044661183,0.06654676049947739,0.03696303814649582,0.05190518870949745
YBL005W-B,YDR014W-A,0,0.044661183,0.06642729043960571,0.03696303814649582,0.05200520157814026
YNL230C,YMR268W-A,0,0.044661183,0.06630824506282806,0.03696303814649582,0.05210521072149277
YLR043C,YMR268W-A,0,0.044661183,0.06618962436914444,0.03696303814649582,0.052205219864845276
YLR391W-A,YGR214W,0,0.044661183,0.06607142835855484,0.03696303814649582,0.052305229008197784
YNL138W-A,YPL223C,0,0.044661183,0.06595365703105927,0.03696303814649582,0.05240524187684059
YFL011W-A,YFL055W,1,0.044661183,0.06761565804481506,0.037962038069963455,0.05240524187684059
YBR141C,YLR154W-A,0,0.044661183,0.06749556213617325,0.037962038069963455,0.0525052510201931
YKL022C,YMR268W-A,0,0.044661183,0.06737588346004486,0.037962038069963455,0.05260526016354561
YKR066C,YMR268W-A,0,0.044661183,0.0672566369175911,0.037962038069963455,0.05270526930689812
YBL101W-B,YHR039C-A,0,0.044661183,0.06713780760765076,0.037962038069963455,0.052805282175540924
YOL045W,YLR154W-A,0,0.044661183,0.06701940298080444,0.037962038069963455,0.05290529131889343
YMR268W-A,YML128C,0,0.044661183,0.06690140813589096,0.037962038069963455,0.05300530046224594
YGR031C-A,YLR009W,0,0.044661183,0.0667838305234909,0.037962038069963455,0.05310530960559845
YPR171W,YLR154W-A,0,0.044661183,0.06666667014360428,0.037962038069963455,0.05320531874895096
YKR054C,YLR391W-A,0,0.044661183,0.06654991209506989,0.037962038069963455,0.053305331617593765
YFL011W-A,YEL064C,1,0.044661183,0.06818182021379471,0.03896103799343109,0.053305331617593765
YHR132C,YLR391W-A,0,0.044661183,0.06806282699108124,0.03896103799343109,0.053405340760946274
YNR056C,YFL011W-A,1,0.044661183,0.0696864128112793,0.039960041642189026,0.053405340760946274
YBR052C,YLR154W-A,0,0.044661183,0.06956521421670914,0.039960041642189026,0.05350534990429878
YBR111W-A,YDR245W,0,0.044661183,0.0694444477558136,0.039960041642189026,0.05360535904765129
YBR182C,YMR268W-A,0,0.044661183,0.06932409107685089,0.039960041642189026,0.0537053719162941
YPR158C-C,YKL097W-A,0,0.044661183,0.06920415163040161,0.039960041642189026,0.053805381059646606
YFL010W-A,YFL011W-A,1,0.044661183,0.07081174105405807,0.04095904156565666,0.053805381059646606
YKL200C,YER087C-B,0,0.044661183,0.07068965584039688,0.04095904156565666,0.053905390202999115
YLR154W-A,YOR351C,0,0.044661183,0.07056798785924911,0.04095904156565666,0.054005399346351624
YJL130C,YGL046W,0,0.044661183,0.07044673711061478,0.04095904156565666,0.05410541221499443
YJL012C-A,YFL023W,0,0.044661183,0.07032590359449387,0.04095904156565666,0.05420542135834694
YEL052W,YGR031C-A,0,0.044661183,0.07020547986030579,0.04095904156565666,0.05430543050169945
YGL094C,YFL011W-A,0,0.044661183,0.07008547335863113,0.04095904156565666,0.054405439645051956
YIL142W,YNL138W-A,0,0.044661183,0.06996586918830872,0.04095904156565666,0.054505448788404465
YDR014W-A,YGL220W,0,0.044661183,0.06984667479991913,0.04095904156565666,0.05460546165704727
YFL011W-A,YBR068C,1,0.044661183,0.0714285746216774,0.0419580414891243,0.05460546165704727
YKL180W,YOL053C-A,0,0.044661183,0.07130730152130127,0.0419580414891243,0.05470547080039978
YFL011W-A,YOR349W,0,0.044661183,0.07118643820285797,0.0419580414891243,0.05480547994375229
YBR111W-A,YPL139C,0,0.044661183,0.0710659921169281,0.0419580414891243,0.0549054890871048
YLR289W,YDR014W-A,0,0.044661183,0.07094594836235046,0.0419580414891243,0.055005501955747604
YFL011W-A,YCL038C,1,0.044661183,0.07251264899969101,0.042957041412591934,0.055005501955747604
YGR031C-A,YNL178W,0,0.044661183,0.07239057123661041,0.042957041412591934,0.05510551109910011
YDR046C,YFL011W-A,1,0.044661183,0.07394958287477493,0.04395604506134987,0.05510551109910011
YBR111W-A,YJL134W,0,0.044661183,0.07382550090551376,0.04395604506134987,0.05520552024245262
YBR081C,YBR075W,0,0.044661183,0.07370184361934662,0.04395604506134987,0.05530552938580513
YGR031C-A,YMR270C,0,0.044661183,0.0735785961151123,0.04395604506134987,0.05540554225444794
YKR056W,YMR268W-A,0,0.044661183,0.07345575839281082,0.04395604506134987,0.055505551397800446
YLR312W-A,YKL097W-A,0,0.044661183,0.07333333045244217,0.04395604506134987,0.055605560541152954
YKL200C,YDR245W,0,0.044661183,0.07321131229400635,0.04395604506134987,0.05570556968450546
YFR019W,YCR097WB,0,0.044661183,0.07308970391750336,0.04395604506134987,0.05580557882785797
YFL011W-A,YBR069C,1,0.044661183,0.0746268630027771,0.044955044984817505,0.05580557882785797
YGR031C-A,YPR133W-A,0,0.044661183,0.07450331002473831,0.044955044984817505,0.05590559169650078
YKL013C,YMR268W-A,0,0.044661183,0.07438016682863235,0.044955044984817505,0.05600560083985329
YJL130C,YMR268W-A,0,0.044661183,0.07425742596387863,0.044955044984817505,0.056105609983205795
YGR031C-A,YDR499W,0,0.044661183,0.07413508743047714,0.044955044984817505,0.056205619126558304
YFL011W-A,YPL265W,1,0.044661183,0.07565789669752121,0.04595404490828514,0.056205619126558304
YLR404W,YOL053C-A,0,0.044661183,0.0755336582660675,0.04595404490828514,0.05630563199520111
YBR111W-A,YBR238C,0,0.044661183,0.07540983706712723,0.04595404490828514,0.05640564113855362
YGL186C,YGR031C-A,0,0.044661183,0.07528641819953918,0.04595404490828514,0.05650565028190613
YGR109W-B,YOR054C,0,0.044656068,0.07516340166330338,0.04595404490828514,0.056605659425258636
YOR209C,YFL035C,0,0.044653226,0.0750407800078392,0.04595404490828514,0.056705672293901443
YBR275C,YKL097W-A,0,0.0446502,0.07491856813430786,0.04595404490828514,0.05680568143725395
YGR161W-B,YLR251W,0,0.044642936,0.07479675114154816,0.04595404490828514,0.05690569058060646
YHR074W,YOR142W-A,0,0.04461377,0.07467532157897949,0.04595404490828514,0.05700569972395897
YML045W-A,YHR039C-A,0,0.044611588,0.07455429434776306,0.04595404490828514,0.05710570886731148
YDL055C,YML045W-A,0,0.04460659,0.07443365454673767,0.04595404490828514,0.057205721735954285
YKL200C,YOR327C,0,0.044586312,0.07431340962648392,0.04595404490828514,0.05730573087930679
YGR258C,YML045W-A,0,0.04458477,0.0741935446858406,0.04595404490828514,0.0574057400226593
YER137C-A,YJL095W,0,0.044557903,0.07407407462596893,0.04595404490828514,0.05750574916601181
YPL002C,YCL003W,0,0.04455219,0.0739549845457077,0.04595404490828514,0.05760576203465462
YHR211W,YPR160W,0,0.044549324,0.07383627444505692,0.04595404490828514,0.057705771178007126
YPR158C-C,YBR096W,0,0.04453477,0.07371795177459717,0.04595404490828514,0.057805780321359634
YML045W-A,YMR075W,0,0.044511173,0.07360000163316727,0.04595404490828514,0.05790578946471214
YPL119C,YIL017W,0,0.044499174,0.07348243147134781,0.04595404490828514,0.05800580233335495
YMR227C,YNR060W,0,0.044496067,0.0733652338385582,0.04595404490828514,0.05810581147670746
YPR158C-C,YOR098C,0,0.0444938,0.07324840873479843,0.04595404490828514,0.05820582062005997
YOL103W-B,YDL047W,0,0.044487108,0.07313195616006851,0.04595404490828514,0.058305829763412476
YNL085W,YLR410W-A,0,0.044479102,0.07301587611436844,0.04595404490828514,0.058405838906764984
YDR144C,YKL097W-A,0,0.044474047,0.07290016114711761,0.04595404490828514,0.05850585177540779
YPL257W-B,YNL078W,0,0.0444727,0.07278481125831604,0.04595404490828514,0.0586058609187603
YAR031W,YCR097WB,0,0.044472255,0.07266982644796371,0.04595404490828514,0.05870587006211281
YLR321C,YCL003W,0,0.044459257,0.07255520671606064,0.04595404490828514,0.05880587920546532
YGR161W-B,YPL196W,0,0.044458326,0.07244094461202621,0.04595404490828514,0.058905892074108124
YNL284C-A,YNL335W,0,0.04444432,0.07232704758644104,0.04595404490828514,0.05900590121746063
YNL284C-A,YLL061W,0,0.044441313,0.07221350073814392,0.04595404490828514,0.05910591036081314
YBL101W-B,YER074W,0,0.04442052,0.07210031151771545,0.04595404490828514,0.05920591950416565
YEL022W,YDR498C,0,0.044398617,0.07198747992515564,0.04595404490828514,0.059305932372808456
YLR256W-A,YKL201C,0,0.044378653,0.07187499850988388,0.04595404490828514,0.059405941516160965
YLR410W-B,YPL274W,0,0.04436177,0.07176286727190018,0.04595404490828514,0.059505950659513474
YDR261C-D,YOR311C,0,0.044359162,0.07165109366178513,0.04595404490828514,0.05960595980286598
YNL079C,YLR227W-B,0,0.044337537,0.07153965532779694,0.04595404490828514,0.05970596894621849
YBR247C,YNL284C-A,0,0.044328682,0.0714285746216774,0.04595404490828514,0.0598059818148613
YMR227C,YFL002W-B,0,0.044314653,0.07131782919168472,0.04595404490828514,0.059905990958213806
YKR006C,YDR261W-A,0,0.04430882,0.0712074339389801,0.04595404490828514,0.060006000101566315
YLL019C,YCL060C,0,0.04424599,0.07109737396240234,0.04595404490828514,0.06010600924491882
YLR447C,YER014C-A,0,0.044209067,0.07098765671253204,0.04595404490828514,0.06020602211356163
YFL035C,YLR145W,0,0.044191528,0.0708782747387886,0.04595404490828514,0.06030603125691414
YOR142W-B,YCL052C,0,0.044187766,0.07076922804117203,0.04595404490828514,0.06040604040026665
YDR261C-D,YLR016C,0,0.044182487,0.07066052407026291,0.04595404490828514,0.060506049543619156
YKL022C,YCR097WB,0,0.044175018,0.07055214792490005,0.04595404490828514,0.06060606241226196
YBR075W,YNR018W,0,0.044162072,0.07044410705566406,0.04595404490828514,0.06070607155561447
YOL103W-B,YLR163C,0,0.044147402,0.07033639401197433,0.04595404490828514,0.06080608069896698
YBL089W,YIL132C,0,0.044134386,0.07022900879383087,0.04595404490828514,0.06090608984231949
YPR158C-C,YOR274W,0,0.044120926,0.07012195140123367,0.04595404490828514,0.061006098985672
YER137C-A,YJL206C,0,0.04410758,0.07001522183418274,0.04595404490828514,0.061106111854314804
YOL103W-B,YDL084W,0,0.044094842,0.06990881264209747,0.04595404490828514,0.06120612099766731
YGL236C,YFL017W-A,0,0.044082977,0.06980273127555847,0.04595404490828514,0.06130613014101982
YBR075W,YKL172W,0,0.04408191,0.06969697028398514,0.04595404490828514,0.06140613928437233
YOR142W-A,YMR087W,0,0.044060037,0.06959152966737747,0.04595404490828514,0.06150615215301514
YGR161W-B,YMR300C,0,0.044054292,0.06948640197515488,0.04595404490828514,0.061606161296367645
YJR078W,YCL060C,0,0.04403263,0.06938160210847855,0.04595404490828514,0.061706170439720154
YGR161W-B,YOR123C,0,0.044029657,0.06927710771560669,0.04595404490828514,0.06180617958307266
YKL168C,YPR133W-A,0,0.044025686,0.0691729336977005,0.04595404490828514,0.06190619245171547
YBL101W-B,YHR109W,0,0.044001877,0.06906907260417938,0.04595404490828514,0.06200620159506798
YOR142W-A,YLR213C,0,0.043959375,0.06896551698446274,0.04595404490828514,0.062106210738420486
YLR410W-A,YOR123C,0,0.043953743,0.06886227428913116,0.04595404490828514,0.062206219881772995
YDL078C,YLR256W-A,0,0.043940328,0.06875934451818466,0.04595404490828514,0.062306229025125504
YGR285C,YCR097WB,0,0.043912552,0.06865671277046204,0.04595404490828514,0.06240624189376831
YGR161W-B,YHR005C-A,0,0.04390474,0.06855439394712448,0.04595404490828514,0.06250625103712082
YOR343W-B,YDR281C,0,0.043887347,0.0684523805975914,0.04595404490828514,0.06260626018047333
YDR210C-C,YOL104C,0,0.043885015,0.0683506652712822,0.04595404490828514,0.06270626932382584
YML058W-A,YDL245C,0,0.043882154,0.06824925541877747,0.04595404490828514,0.06280627846717834
YCR011C,YLR410W-A,0,0.043852054,0.06814815104007721,0.04595404490828514,0.06290628761053085
YCL018W,YLR256W-A,0,0.043846976,0.06804733723402023,0.04595404490828514,0.06300630420446396
YDR026C,YDR210C-C,0,0.0438396,0.06794682145118713,0.04595404490828514,0.06310631334781647
YBR275C,YCL060C,0,0.043829415,0.06784661114215851,0.04595404490828514,0.06320632249116898
YLR256W-A,YEL062W,0,0.043820176,0.06774668395519257,0.04595404490828514,0.06330633163452148
YPR113W,YCR087C-A,0,0.04381079,0.0676470622420311,0.04595404490828514,0.06340634077787399
YHR012W,YDR261C-D,0,0.043805473,0.06754772365093231,0.04595404490828514,0.0635063499212265
YLR228C,YKL097W-A,0,0.043804873,0.0674486830830574,0.04595404490828514,0.06360635906457901
YIL017W,YIL035C,0,0.04375148,0.06734992563724518,0.04595404490828514,0.06370636820793152
YFL035C,YNL230C,0,0.043744836,0.06725145876407623,0.04595404490828514,0.06380637735128403
YJR053W,YGL046W,0,0.043735143,0.06715328246355057,0.04595404490828514,0.06390639394521713
YMR172W,YLR410W-A,0,0.043727625,0.06705539673566818,0.04595404490828514,0.06400640308856964
YOR142W-B,YPL122C,0,0.043726806,0.06695778667926788,0.04595404490828514,0.06410641223192215
YCR060W,YKL200C,0,0.04370311,0.06686046719551086,0.04595404490828514,0.06420642137527466
YIL083C,YPL183W-A,0,0.043698024,0.06676342338323593,0.04595404490828514,0.06430643051862717
YLR410W-B,YKL053C-A,0,0.04367197,0.06666667014360428,0.04595404490828514,0.06440643966197968
YER050C,YKL200C,0,0.04366663,0.06657018512487411,0.04595404490828514,0.06450644880533218
YLR256W-A,YPR119W,0,0.04365831,0.06647399067878723,0.04595404490828514,0.06460645794868469
YPL223C,YKL097W-A,0,0.043652683,0.06637806445360184,0.04595404490828514,0.0647064670920372
YGR109W-B,YDL197C,0,0.043650992,0.06628242135047913,0.04595404490828514,0.0648064836859703
YDR261C-D,YLR330W,0,0.043650046,0.0661870539188385,0.04595404490828514,0.06490649282932281
YPR196W,YGR281W,0,0.043620426,0.06609195470809937,0.04595404490828514,0.06500650197267532
YOR378W,YNL027W,0,0.043616597,0.06599713116884232,0.04595404490828514,0.06510651111602783
YJL194W,YCL060C,0,0.04361053,0.06590257585048676,0.04595404490828514,0.06520652025938034
YDL227C,YKL097W-A,0,0.043592706,0.06580829620361328,0.04595404490828514,0.06530652940273285
YOR142W-B,YML030W,0,0.043551847,0.0657142847776413,0.04595404490828514,0.06540653854608536
YDL059C,YCR055C,0,0.04352895,0.0656205415725708,0.04595404490828514,0.06550654768943787
YPR144C,YKL097W-A,0,0.043522794,0.0655270665884018,0.04595404490828514,0.06560656428337097
YNL284C-A,YCR002C,0,0.04351632,0.06543385237455368,0.04595404490828514,0.06570657342672348
YPR158C-C,YBR172C,0,0.043515295,0.06534090638160706,0.04595404490828514,0.06580658257007599
YJR028W,YIL017W,0,0.043500982,0.06524822860956192,0.04595404490828514,0.0659065917134285
YLR410W-A,YGR072W,0,0.043494295,0.06515580415725708,0.04595404490828514,0.066006600856781
YKL082C,YKL097W-A,0,0.04348974,0.06506364792585373,0.04595404490828514,0.06610661000013351
YFL002W-B,YGR143W,0,0.043476388,0.06497175246477127,0.04595404490828514,0.06620661914348602
YCL060C,YDR062W,0,0.04347241,0.06488011032342911,0.04595404490828514,0.06630662828683853
YLR404W,YER137C-A,0,0.04346009,0.06478872895240784,0.04595404490828514,0.06640663743019104
YDL246C,YML045W-A,0,0.04344429,0.06469760835170746,0.04595404490828514,0.06650665402412415
YKL097W-A,YNL230C,0,0.043419626,0.06460674107074738,0.04595404490828514,0.06660666316747665
YGL010W,YKL097W-A,0,0.043409467,0.06451612710952759,0.04595404490828514,0.06670667231082916
YDL054C,YCR097WB,0,0.043404754,0.06442577391862869,0.04595404490828514,0.06680668145418167
YOL103W-B,YKL009W,0,0.043396246,0.0643356665968895,0.04595404490828514,0.06690669059753418
YKL067W,YLR227W-B,0,0.043376513,0.0642458125948906,0.04595404490828514,0.06700669974088669
YMR089C,YCR055C,0,0.04337324,0.06415620446205139,0.04595404490828514,0.0671067088842392
YPR137C-A,YLL002W,0,0.043367155,0.06406684964895248,0.04595404490828514,0.0672067180275917
YMR203W,YBR075W,0,0.043360826,0.06397774815559387,0.04595404490828514,0.06730672717094421
YJR051W,YCL060C,0,0.043360736,0.06388889253139496,0.04595404490828514,0.06740674376487732
YJL178C,YPL257W-B,0,0.043344215,0.06380027532577515,0.04595404490828514,0.06750675290822983
YCL024W,YLR410W-B,0,0.043341585,0.06371191143989563,0.04595404490828514,0.06760676205158234
YNL284C-A,YOR353C,0,0.043321688,0.06362379342317581,0.04595404490828514,0.06770677119493484
YDR473C,YCL003W,0,0.04331346,0.0635359138250351,0.04595404490828514,0.06780678033828735
YGR109W-B,YDR473C,0,0.043296408,0.06344827264547348,0.04595404490828514,0.06790678948163986
YKL200C,YBL026W,0,0.043284185,0.06336088478565216,0.04595404490828514,0.06800679862499237
YJL112W,YCL060C,0,0.04328345,0.06327372789382935,0.04595404490828514,0.06810680776834488
YLR383W,YCL060C,0,0.04327423,0.06318681687116623,0.04595404490828514,0.06820682436227798
YDR261C-D,YPL208W,0,0.043256547,0.06310013681650162,0.04595404490828514,0.0683068335056305
YBL101W-B,YNR060W,0,0.043246295,0.06301369518041611,0.04595404490828514,0.068406842648983
YMR241W,YPR162C,0,0.043238655,0.0629274994134903,0.04595404490828514,0.06850685179233551
YOR343W-B,YPR006C,0,0.043217655,0.06284152716398239,0.04595404490828514,0.06860686093568802
YDR261C-D,YKL064W,0,0.043213252,0.06275580078363419,0.04595404490828514,0.06870687007904053
YGR161W-B,YBR120C,0,0.04319486,0.06267029792070389,0.04595404490828514,0.06880687922239304
YIL017W,YLL017W,0,0.043194704,0.06258503347635269,0.04595404490828514,0.06890688836574554
YPR158C-C,YBR128C,0,0.04319173,0.0625,0.04595404490828514,0.06900689750909805
YGR161W-B,YMR065W,0,0.043191236,0.06241519749164581,0.04595404490828514,0.06910691410303116
YLR129W,YCL060C,0,0.043174215,0.06233062222599983,0.04595404490828514,0.06920692324638367
YLR401C,YKL097W-A,0,0.04316994,0.062246277928352356,0.04595404490828514,0.06930693238973618
YDR090C,YMR046C,0,0.04316868,0.062162160873413086,0.04595404490828514,0.06940694153308868
YMR228W,YCL003W,0,0.04316582,0.06207827106118202,0.04595404490828514,0.06950695067644119
YKL103C,YBR075W,0,0.04312346,0.061994608491659164,0.04595404490828514,0.0696069598197937
YBL112C,YIL017W,0,0.04311198,0.061911169439554214,0.04595404490828514,0.06970696896314621
YPR137C-A,YDL217C,0,0.04305828,0.06182795763015747,0.04595404490828514,0.06980697810649872
YIL128W,YCL060C,0,0.043055374,0.061744965612888336,0.04595404490828514,0.06990698724985123
YBR075W,YLR270W,0,0.043044038,0.06166219711303711,0.04595404490828514,0.07000700384378433
YPR137C-A,YGR255C,0,0.043010492,0.06157965213060379,0.04595404490828514,0.07010701298713684
YDR210C-C,YLR429W,0,0.042995892,0.06149732694029808,0.04595404490828514,0.07020702213048935
YGR109W-B,YHR211W,0,0.042982485,0.06141522154211998,0.04595404490828514,0.07030703127384186
YKL097W-A,YNL175C,0,0.04295309,0.06133333221077919,0.04595404490828514,0.07040704041719437
YKL200C,YPL252C,0,0.04294004,0.06125166267156601,0.04595404490828514,0.07050704956054688
YGL162W,YLR410W-A,0,0.042934004,0.06117021292448044,0.04595404490828514,0.07060705870389938
YKL097W-A,YKL095W,0,0.042914905,0.06108897924423218,0.04595404490828514,0.07070706784725189
YFL035C,YAR031W,0,0.042896066,0.06100795790553093,0.04595404490828514,0.0708070769906044
YML045W-A,YDR151C,0,0.04288218,0.06092715263366699,0.04595404490828514,0.0709070935845375
YNL284C-A,YDR151C,0,0.042868137,0.06084655970335007,0.04595404490828514,0.07100710272789001
YPR137C-A,YDR369C,0,0.04285553,0.06076618283987045,0.04595404490828514,0.07110711187124252
YDL059C,YDR261W-A,0,0.04284632,0.06068601459264755,0.04595404490828514,0.07120712101459503
YDR210C-C,YCL024W,0,0.042843845,0.06060606241226196,0.04595404490828514,0.07130713015794754
YKL119C,YML045W-A,0,0.042838078,0.06052631512284279,0.04595404490828514,0.07140713930130005
YBL101W-B,YAL038W,0,0.042835526,0.06044678017497063,0.04595404490828514,0.07150714844465256
YBR183W,YGL046W,0,0.042826496,0.06036745384335518,0.04595404490828514,0.07160715758800507
YCR080W,YLR350W,0,0.042817786,0.060288336127996445,0.04595404490828514,0.07170717418193817
YNL297C,YER137C-A,0,0.042786226,0.060209423303604126,0.04595404490828514,0.07180718332529068
YLL033W,YDR261W-A,0,0.042774815,0.06013071909546852,0.04595404490828514,0.07190719246864319
YJL060W,YGL046W,0,0.042730246,0.06005221977829933,0.04595404490828514,0.0720072016119957
YPR137C-A,YDR072C,0,0.042726774,0.05997392535209656,0.04595404490828514,0.0721072107553482
YMR168C,YGR161W-B,0,0.042717606,0.0598958320915699,0.04595404490828514,0.07220721989870071
YNL102W,YOR142W-B,0,0.04271593,0.05981794372200966,0.04595404490828514,0.07230722904205322
YGL220W,YER190W,0,0.042703684,0.05974026024341583,0.04595404490828514,0.07240723818540573
YOR343W-B,YMR239C,0,0.042700645,0.059662774205207825,0.04595404490828514,0.07250724732875824
YAL054C,YBL101W-B,0,0.04269556,0.05958549305796623,0.04595404490828514,0.07260726392269135
YOL103W-B,YPR127W,0,0.042662416,0.05950840935111046,0.04595404490828514,0.07270727306604385
YPR072W,YOR142W-B,0,0.042658444,0.0594315230846405,0.04595404490828514,0.07280728220939636
YBL079W,YER019C-A,0,0.042655546,0.059354837983846664,0.04595404490828514,0.07290729135274887
YKR057W,YLR410W-B,0,0.042537298,0.059278350323438644,0.04595404490828514,0.07300730049610138
YDR285W,YER137C-A,0,0.042533923,0.05920206010341644,0.04595404490828514,0.07310730963945389
YGR109W-B,YHR077C,0,0.04247926,0.05912596359848976,0.04595404490828514,0.0732073187828064
YBL112C,YLR009W,0,0.042472184,0.0590500645339489,0.04595404490828514,0.0733073279261589
YDR210C-C,YKL117W,0,0.04244858,0.058974359184503555,0.04595404490828514,0.07340733706951141
YGL244W,YPL183W-A,0,0.04242623,0.05889884755015373,0.04595404490828514,0.07350735366344452
YLR410W-B,YOR025W,0,0.04242617,0.05882352963089943,0.04595404490828514,0.07360736280679703
YBR195C,YDR261W-A,0,0.04241945,0.058748405426740646,0.04595404490828514,0.07370737195014954
YLR410W-A,YFR019W,0,0.042415805,0.058673471212387085,0.04595404490828514,0.07380738109350204
YJR055W,YCR055C,0,0.042400777,0.058598726987838745,0.04595404490828514,0.07390739023685455
YGR161W-B,YGL174W,0,0.042396463,0.05852417275309563,0.04595404490828514,0.07400739938020706
YER125W,YFL002W-B,0,0.0423845,0.05844980850815773,0.04595404490828514,0.07410740852355957
YOR222W,YPR133W-A,0,0.042373624,0.058375634253025055,0.04595404490828514,0.07420741766691208
YHR119W,YCR097WB,0,0.042353835,0.0583016462624073,0.04595404490828514,0.07430743426084518
YJR010W,YLR410W-A,0,0.04230949,0.05822784826159477,0.04595404490828514,0.07440744340419769
YGL236C,YCR097WB,0,0.042309307,0.058154236525297165,0.04595404490828514,0.0745074525475502
YMR295C,YJR140C,0,0.0422624,0.05808080732822418,0.04595404490828514,0.07460746169090271
YOR343W-B,YBR173C,0,0.042220525,0.05800756439566612,0.04595404490828514,0.07470747083425522
YER103W,YPL183W-A,0,0.04220459,0.057934507727622986,0.04595404490828514,0.07480747997760773
YER103W,YLR391W,0,0.04220336,0.057861633598804474,0.04595404490828514,0.07490748912096024
YJL172W,YBR075W,0,0.042193253,0.057788945734500885,0.04595404490828514,0.07500749826431274
YOR291W,YDR261C-D,0,0.04217307,0.05771643668413162,0.04595404490828514,0.07510750740766525
YKL217W,YBR075W,0,0.042156536,0.057644110172986984,0.04595404490828514,0.07520752400159836
YKL180W,YDR240C,0,0.042136654,0.05757196620106697,0.04595404490828514,0.07530753314495087
YIL135C,YDR261C-D,0,0.04210164,0.057500001043081284,0.04595404490828514,0.07540754228830338
YER175C,YCL060C,0,0.042084843,0.05742821469902992,0.04595404490828514,0.07550755143165588
YPR158C-C,YNR018W,0,0.04208276,0.05735660716891289,0.04595404490828514,0.07560756057500839
YBL101W-B,YMR180C,0,0.04204921,0.05728518217802048,0.04595404490828514,0.0757075697183609
YKL171W,YLR227W-B,0,0.042047344,0.057213928550481796,0.04595404490828514,0.07580757886171341
YOR324C,YKR035W-A,0,0.042005286,0.05714285746216774,0.04595404490828514,0.07590758800506592
YGR161W-B,YIL006W,0,0.04200304,0.05707196146249771,0.04595404490828514,0.07600759714841843
YCL074W,YGL190C,0,0.041992527,0.05700124055147171,0.04595404490828514,0.07610761374235153
YPR072W,YIL132C,0,0.041986916,0.05693069472908974,0.04595404490828514,0.07620762288570404
YER014C-A,YML028W,0,0.041971166,0.05686032027006149,0.04595404490828514,0.07630763202905655
YDL059C,YNL284C-A,0,0.041952558,0.056790124624967575,0.04595404490828514,0.07640764117240906
YML045W-A,YDR332W,0,0.041949388,0.056720100343227386,0.04595404490828514,0.07650765031576157
YNL008C,YPL257W-B,0,0.04190602,0.05665024742484093,0.04595404490828514,0.07660765945911407
YDR210C-C,YBR115C,0,0.041900612,0.0565805658698082,0.04595404490828514,0.07670766860246658
YPR137C-A,YGR180C,0,0.041855812,0.056511055678129196,0.04595404490828514,0.07680767774581909
YJL178C,YCR097WB,0,0.04183698,0.056441716849803925,0.04595404490828514,0.0769076943397522
YLR025W,YCR097WB,0,0.041822456,0.05637254938483238,0.04595404490828514,0.0770077034831047
YNL284C-A,YOR142W,0,0.041790634,0.05630354955792427,0.04595404490828514,0.07710771262645721
YGR282C,YML036W,0,0.041709233,0.05623471736907959,0.04595404490828514,0.07720772176980972
YPL134C,YCL060C,0,0.04170319,0.05616605654358864,0.04595404490828514,0.07730773091316223
YIL017W,YNL078W,0,0.041665237,0.05609755963087082,0.04595404490828514,0.07740774005651474
YDL059C,YER087C-B,0,0.041623037,0.05602923408150673,0.04595404490828514,0.07750774919986725
YBR155W,YCR097WB,0,0.04161636,0.05596106871962547,0.04595404490828514,0.07760775834321976
YER137C-A,YKL201C,0,0.041591417,0.055893074721097946,0.04595404490828514,0.07770776748657227
YGL046W,YBR026C,0,0.041582957,0.05582524091005325,0.04595404490828514,0.07780778408050537
YIL021W,YCL060C,0,0.041537054,0.05575757473707199,0.04595404490828514,0.07790779322385788
YPR158C-C,YNL232W,0,0.04152998,0.05569007247686386,0.04595404490828514,0.07800780236721039
YFR045W,YCL060C,0,0.04150496,0.055622734129428864,0.04595404490828514,0.0781078115105629
YPR137C-A,YER171W,0,0.04148954,0.0555555559694767,0.04595404490828514,0.0782078206539154
YPR158C-C,YJL024C,0,0.041474905,0.05548854172229767,0.04595404490828514,0.07830782979726791
YNL284C-A,YNL259C,0,0.041464474,0.05542168766260147,0.04595404490828514,0.07840783894062042
YFL066C,YOR239W,0,0.041444734,0.05535499379038811,0.04595404490828514,0.07850784808397293
YBL058W,YGL046W,0,0.041410625,0.05528846010565758,0.04595404490828514,0.07860785722732544
YOR106W,YLR410W-A,0,0.041401803,0.05522209033370018,0.04595404490828514,0.07870787382125854
YOR377W,YPR149W,0,0.04140115,0.05515587702393532,0.04595404490828514,0.07880788296461105
YAL024C,YOL040C,0,0.041389976,0.05508982017636299,0.04595404490828514,0.07890789210796356
YBR183W,YFL035C,0,0.041384578,0.0550239235162735,0.04595404490828514,0.07900790125131607
YGR112W,YBR129C,0,0.04135689,0.05495818331837654,0.04595404490828514,0.07910791039466858
YMR005W,YLR227W-B,0,0.041356806,0.05489259958267212,0.04595404490828514,0.07920791953802109
YDR429C,YML045W-A,0,0.041353304,0.05482717603445053,0.04595404490828514,0.0793079286813736
YPR158C-C,YPL129W,0,0.04133421,0.05476190522313118,0.04595404490828514,0.0794079378247261
YLR410W-B,YGL103W,0,0.041314263,0.054696790874004364,0.04595404490828514,0.07950795441865921
YOR287C,YOR142W-A,0,0.0412944,0.054631829261779785,0.04595404490828514,0.07960796356201172
YDL246C,YDL045W-A,0,0.041194726,0.05456702411174774,0.04595404490828514,0.07970797270536423
YPR137C-A,YIR032C,0,0.041189887,0.05450236797332764,0.04595404490828514,0.07980798184871674
YCL074W,YER150W,0,0.041178536,0.05443786829710007,0.04595404490828514,0.07990799099206924
YNL127W,YLR391W,0,0.041175857,0.054373521357774734,0.04595404490828514,0.08000800013542175
YPL257W-B,YPL167C,0,0.041155297,0.05430932715535164,0.04595404490828514,0.08010800927877426
YOR071C,YDR261C-D,0,0.04114383,0.05424528196454048,0.04595404490828514,0.08020801842212677
YDR205W,YER190W,0,0.04111129,0.05418138951063156,0.04595404490828514,0.08030802756547928
YOR142W-A,YLL033W,0,0.041087314,0.05411764606833458,0.04595404490828514,0.08040804415941238
YPL129W,YCR055C,0,0.04108719,0.054054055362939835,0.04595404490828514,0.08050805330276489
YNR031C,YDR218C,0,0.041044284,0.05399060994386673,0.04595404490828514,0.0806080624461174
YKL168C,YLR227W-B,0,0.041002505,0.05392731353640556,0.04595404490828514,0.08070807158946991
YNL160W,YOR142W-B,0,0.04099838,0.053864169865846634,0.04595404490828514,0.08080808073282242
YDL206W,YGL046W,0,0.04097024,0.053801167756319046,0.04595404490828514,0.08090808987617493
YPL257W-B,YAL029C,0,0.040949494,0.053738318383693695,0.04595404490828514,0.08100809901952744
YGR169C,YCL003W,0,0.04093682,0.053675614297389984,0.04595404490828514,0.08110810816287994
YHR209W,YLR227W-B,0,0.040928613,0.053613051772117615,0.04595404490828514,0.08120811730623245
YBR075W,YOL151W,0,0.04092455,0.05355064198374748,0.04595404490828514,0.08130813390016556
YBL052C,YLR348C,0,0.04092029,0.05348837375640869,0.04595404490828514,0.08140814304351807
YFL010W-A,YPL274W,1,0.040918533,0.05458768829703331,0.046953048557043076,0.08140814304351807
YAL054C,YPL183W-A,0,0.040851668,0.054524362087249756,0.046953048557043076,0.08150815218687057
YDR172W,YGR036C,0,0.040844727,0.05446118116378784,0.046953048557043076,0.08160816133022308
YHR066W,YDR261W-A,0,0.04084259,0.054398149251937866,0.046953048557043076,0.08170817047357559
YPL122C,YPL183W-A,0,0.040821146,0.05433525890111923,0.046953048557043076,0.0818081796169281
YMR182C,YBR075W,0,0.040762562,0.05427251756191254,0.046953048557043076,0.08190818876028061
YKL097W-A,YFL023W,0,0.04075344,0.05420991778373718,0.046953048557043076,0.08200819790363312
YER013W,YLR410W-A,0,0.04072361,0.05414746701717377,0.046953048557043076,0.08210821449756622
YER014C-A,YPR149W,0,0.040701114,0.054085154086351395,0.046953048557043076,0.08220822364091873
YDR138W,YGL046W,0,0.04068135,0.05402299016714096,0.046953048557043076,0.08230823278427124
YOL103W-B,YGL237C,0,0.04062731,0.05396096408367157,0.046953048557043076,0.08240824192762375
YGR070W,YGL046W,0,0.040604603,0.05389908328652382,0.046953048557043076,0.08250825107097626
YNL236W,YBL028C,0,0.040551145,0.05383734405040741,0.046953048557043076,0.08260826021432877
YBL101W-B,YMR267W,0,0.040547907,0.05377574265003204,0.046953048557043076,0.08270826935768127
YPR137C-A,YKL144C,0,0.040496018,0.05371428653597832,0.046953048557043076,0.08280827850103378
YKR035W-A,YNR015W,0,0.040463746,0.053652968257665634,0.046953048557043076,0.08290828764438629
YBR150C,YCR080W,0,0.04042403,0.05359179154038429,0.046953048557043076,0.0830083042383194
YIL020C,YPR133W-A,0,0.040419325,0.053530752658843994,0.046953048557043076,0.0831083133816719
YFR018C,YBR061C,0,0.040405814,0.05346985161304474,0.046953048557043076,0.08320832252502441
YJL004C,YML039W,0,0.040309004,0.053409092128276825,0.046953048557043076,0.08330833166837692
YML045W-A,YKL206C,0,0.040294506,0.053348466753959656,0.046953048557043076,0.08340834081172943
YEL036C,YER087C-B,0,0.040198352,0.05328798294067383,0.046953048557043076,0.08350834995508194
YGR109W-B,YCL018W,0,0.040196788,0.053227633237838745,0.046953048557043076,0.08360835909843445
YBL089W,YGR191W,1,0.040171325,0.05429864302277565,0.04795204848051071,0.08360835909843445
YLR410W-A,YBR026C,0,0.040163808,0.05423728749155998,0.04795204848051071,0.08370836824178696
YBL101W-B,YMR145C,0,0.040152926,0.054176073521375656,0.04795204848051071,0.08380837738513947
YER138C,YFR052W,0,0.040151592,0.054114993661642075,0.04795204848051071,0.08390839397907257
YNL283C,YER137C-A,0,0.040134974,0.054054055362939835,0.04795204848051071,0.08400840312242508
YPR072W,YCL060C,0,0.040083203,0.05399325117468834,0.04795204848051071,0.08410841226577759
YLR410W-A,YOR194C,0,0.04001609,0.05393258482217789,0.04795204848051071,0.0842084214091301
YOL086C,YLR391W,0,0.039979506,0.05387205258011818,0.04795204848051071,0.0843084305524826
YML032C,YLR256W-A,0,0.03996247,0.053811658173799515,0.04795204848051071,0.08440843969583511
YLR314C,YML058W-A,0,0.039911605,0.05375140160322189,0.04795204848051071,0.08450844883918762
YJL030W,YDR261C-D,0,0.03990568,0.05369127541780472,0.04795204848051071,0.08460845798254013
YMR078C,YFL017W-A,0,0.039904244,0.05363128334283829,0.04795204848051071,0.08470846712589264
YFL002W-B,YDR262W,0,0.039811783,0.0535714291036129,0.04795204848051071,0.08480848371982574
YMR020W,YLR227W-B,0,0.03977716,0.05351170524954796,0.04795204848051071,0.08490849286317825
YFL017W-A,YOR351C,0,0.03967604,0.05345211550593376,0.04795204848051071,0.08500850200653076
YOL103W-B,YNR006W,0,0.039639372,0.05339265987277031,0.04795204848051071,0.08510851114988327
YLR227W-B,YJR034W,0,0.03963168,0.0533333346247673,0.04795204848051071,0.08520852029323578
YLR410W-B,YFR018C,0,0.039608255,0.053274139761924744,0.04795204848051071,0.08530852943658829
YDL084W,YPL183W-A,0,0.039573472,0.05321507900953293,0.04795204848051071,0.0854085385799408
YHR041C,YPL167C,0,0.03955453,0.05315614491701126,0.04795204848051071,0.0855085477232933
YPL257W-B,YPR091C,0,0.039528687,0.05309734493494034,0.04795204848051071,0.08560856431722641
YKR035W-A,YFR036W,0,0.03952385,0.05303867533802986,0.04795204848051071,0.08570857346057892
YDL140C,YIL132C,0,0.03951037,0.05298013240098953,0.04795204848051071,0.08580858260393143
YNL238W,YHR109W,0,0.039492603,0.05292171984910965,0.04795204848051071,0.08590859174728394
YOL103W-B,YJL141C,0,0.039442755,0.05286343768239021,0.04795204848051071,0.08600860089063644
YJL194W,YPL110C,0,0.039403357,0.052805282175540924,0.04795204848051071,0.08610861003398895
YBL101W-B,YCR052W,0,0.03938092,0.05274725332856178,0.04795204848051071,0.08620861917734146
YKL200C,YBR037C,0,0.039375633,0.05268935114145279,0.04795204848051071,0.08630862832069397
YOR377W,YER087C-B,0,0.039306395,0.05263157933950424,0.04795204848051071,0.08640863746404648
YOR204W,YPL011C,0,0.039218333,0.052573930472135544,0.04795204848051071,0.08650865405797958
YAR002C-A,YOL104C,0,0.03920775,0.05251641198992729,0.04795204848051071,0.08660866320133209
YEL062W,YIL017W,0,0.039202936,0.05245901644229889,0.04795204848051071,0.0867086723446846
YLR208W,YER190W,0,0.039198287,0.052401747554540634,0.04795204848051071,0.08680868148803711
YBL058W,YBL101W-B,0,0.039177243,0.05234460160136223,0.04795204848051071,0.08690869063138962
YDL045W-A,YDL140C,0,0.039173797,0.05228758230805397,0.04795204848051071,0.08700869977474213
YOR071C,YPR158C-C,0,0.039104972,0.05223068594932556,0.04795204848051071,0.08710870891809464
YBR261C,YFL057C,0,0.039058715,0.052173912525177,0.04795204848051071,0.08720871806144714
YMR238W,YBL091C-A,0,0.039054133,0.05211726203560829,0.04795204848051071,0.08730872720479965
YDR196C,YHR214C-B,0,0.038960528,0.05206073820590973,0.04795204848051071,0.08740874379873276
YDL217C,YFL066C,0,0.038922615,0.05200433358550072,0.04795204848051071,0.08750875294208527
YPR137C-A,YER074W,0,0.03887026,0.051948051899671555,0.04795204848051071,0.08760876208543777
YFL002W-B,YOL028C,0,0.038790397,0.05189189314842224,0.04795204848051071,0.08770877122879028
YER014C-A,YNR057C,0,0.038789455,0.05183585360646248,0.04795204848051071,0.08780878037214279
YDR210C-C,YFR018C,0,0.038712926,0.051779936999082565,0.04795204848051071,0.0879087895154953
YNL261W,YOR351C,0,0.03870953,0.0517241396009922,0.04795204848051071,0.08800879865884781
YDL133C-A,YBR042C,0,0.03869466,0.05166846141219139,0.04795204848051071,0.08810880780220032
YKL041W,YOR378W,0,0.038680103,0.05161290243268013,0.04795204848051071,0.08820882439613342
YFL045C,YBL079W,0,0.038656723,0.05155746638774872,0.04795204848051071,0.08830883353948593
YBL005W-B,YBR275C,0,0.038637206,0.05150214582681656,0.04795204848051071,0.08840884268283844
YDR260C,YFL017W-A,0,0.038637146,0.05144694447517395,0.04795204848051071,0.08850885182619095
YDL217C,YHR005C-A,0,0.038621243,0.05139186233282089,0.04795204848051071,0.08860886096954346
YGL094C,YPL183W-A,0,0.03860256,0.051336899399757385,0.04795204848051071,0.08870887011289597
YER014C-A,YJL149W,0,0.0385478,0.05128205195069313,0.04795204848051071,0.08880887925624847
YOL103W-B,YML045W-A,0,0.038476218,0.05122731998562813,0.04795204848051071,0.08890888839960098
YOL124C,YJL004C,0,0.038464632,0.051172707229852676,0.04795204848051071,0.08900889754295349
YOR274W,YDR218C,0,0.038455904,0.05111820995807648,0.04795204848051071,0.0891089141368866
YOL155C,YDR261C-D,0,0.038431525,0.05106382817029953,0.04795204848051071,0.0892089232802391
YML045W-A,YLR160C,0,0.03842336,0.051009565591812134,0.04795204848051071,0.08930893242359161
YPR083W,YPL183W-A,0,0.03837033,0.05095541477203369,0.04795204848051071,0.08940894156694412
YPR198W,YFL023W,0,0.038369827,0.0509013794362545,0.04795204848051071,0.08950895071029663
YLR005W,YML039W,0,0.038351886,0.050847455859184265,0.04795204848051071,0.08960895985364914
YDL133C-A,YDR304C,0,0.038175974,0.05079365149140358,0.04795204848051071,0.08970896899700165
YOR142W-B,YPR137W,0,0.038166072,0.05073995888233185,0.04795204848051071,0.08980897814035416
YFL002W-B,YOR148C,0,0.038160305,0.05068637803196907,0.04795204848051071,0.08990898728370667
YDR296W,YER087C-B,0,0.038156465,0.050632912665605545,0.04795204848051071,0.09000900387763977
YLR410W-A,YKL168C,0,0.038099237,0.050579559057950974,0.04795204848051071,0.09010901302099228
YBR006W,YOR343W-B,0,0.038095262,0.050526317209005356,0.04795204848051071,0.09020902216434479
YER087W,YML045W-A,0,0.038022593,0.05047318711876869,0.04795204848051071,0.0903090313076973
YDR492W,YER104W,0,0.03800049,0.05042016878724098,0.04795204848051071,0.0904090404510498
YEL036C,YFL017W-A,0,0.037994873,0.050367262214422226,0.04795204848051071,0.09050904959440231
YLR227W-B,YLR160C,0,0.03798228,0.050314463675022125,0.04795204848051071,0.09060905873775482
YML058W-A,YNR060W,0,0.037977707,0.05026178061962128,0.04795204848051071,0.09070906788110733
YBR182C,YML097C,0,0.037938632,0.050209205597639084,0.04795204848051071,0.09080908447504044
YER014C-A,YPR163C,0,0.037916414,0.050156738609075546,0.04795204848051071,0.09090909361839294
YPR189W,YGL226C-A,0,0.037915803,0.05010438337922096,0.04795204848051071,0.09100910276174545
YOR304W,YKR035W-A,0,0.037833948,0.050052136182785034,0.04795204848051071,0.09110911190509796
YDR261W-A,YIL133C,0,0.037796367,0.05000000074505806,0.04795204848051071,0.09120912104845047
YBR020W,YPL257W-B,0,0.037783626,0.04994796961545944,0.04795204848051071,0.09130913019180298
YOR187W,YKR035W-A,0,0.03776247,0.04989605024456978,0.04795204848051071,0.09140913933515549
YBR129C,YKR035W-A,0,0.03768969,0.04984423518180847,0.04795204848051071,0.091509148478508
YCL069W,YHL036W,1,0.037645698,0.05082987621426582,0.04895104840397835,0.091509148478508
YBL112C,YOR377W,0,0.03754908,0.05077720060944557,0.04895104840397835,0.0916091576218605
YML058W-A,YLL033W,0,0.037515737,0.050724636763334274,0.04895104840397835,0.09170917421579361
YJR119C,YDR497C,0,0.03730922,0.05067218095064163,0.04895104840397835,0.09180918335914612
YPL007C,YPL183W-A,0,0.03729456,0.050619833171367645,0.04895104840397835,0.09190919250249863
YLR160C,YPL027W,0,0.03728925,0.05056759715080261,0.04895104840397835,0.09200920164585114
YPL257W-B,YJL192C,0,0.037254255,0.050515465438365936,0.04895104840397835,0.09210921078920364
YER014C-A,YLR130C,0,0.037244394,0.05046343803405762,0.04895104840397835,0.09220921993255615
YOR180C,YDL077C,0,0.037218202,0.05041152238845825,0.04895104840397835,0.09230922907590866
YNR003C,YCR055C,0,0.037200727,0.050359711050987244,0.04895104840397835,0.09240923821926117
YER022W,YOR351C,0,0.03719341,0.05030800774693489,0.04895104840397835,0.09250924736261368
YNL314W,YBL076C,0,0.037101045,0.050256408751010895,0.04895104840397835,0.09260926395654678
YGL170C,YLL040C,0,0.037027534,0.050204917788505554,0.04895104840397835,0.09270927309989929
YDL133C-A,YDR296W,0,0.036957983,0.05015353113412857,0.04895104840397835,0.0928092822432518
YML073C,YIL159W,0,0.036819555,0.050102248787879944,0.04895104840397835,0.09290929138660431
YER125W,YKR020W,0,0.03677269,0.050051070749759674,0.04895104840397835,0.09300930052995682
YDL197C,YLR312W-A,0,0.0367262,0.05000000074505806,0.04895104840397835,0.09310930967330933
YFL010W-A,YDR416W,0,0.036703363,0.049949031323194504,0.04895104840397835,0.09320931881666183
YOL054W,YPR133W-A,0,0.03663336,0.049898166209459305,0.04895104840397835,0.09330932796001434
YEL022W,YPR133W-A,0,0.036616787,0.04984740540385246,0.04895104840397835,0.09340934455394745
YPR133W-A,YPR159W,0,0.03654832,0.04979674890637398,0.04895104840397835,0.09350935369729996
YML058W-A,YOR279C,0,0.03643592,0.04974619299173355,0.04895104840397835,0.09360936284065247
YBL112C,YPL104W,0,0.036359545,0.04969574138522148,0.04895104840397835,0.09370937198400497
YMR269W,YKR035W-A,0,0.03625332,0.04964539036154747,0.04895104840397835,0.09380938112735748
YLR394W,YIL177C,0,0.036196336,0.04959513992071152,0.04895104840397835,0.09390939027070999
YML058W-A,YMR038C,0,0.03614228,0.04954499378800392,0.04895104840397835,0.0940093994140625
YLR009W,YER104W,0,0.036104076,0.049494948238134384,0.04895104840397835,0.09410940855741501
YPL139C,YER137C-A,0,0.03609478,0.049445003271102905,0.04895104840397835,0.09420941770076752
YPL183W-A,YLR301W,0,0.0360804,0.04939516261219978,0.04895104840397835,0.09430943429470062
YPL083C,YLR050C,0,0.036032133,0.04934541881084442,0.04895104840397835,0.09440944343805313
YOR142W-B,YPR162C,0,0.035927713,0.04929577559232712,0.04895104840397835,0.09450945258140564
YBL089W,YNL270C,1,0.035818916,0.05025125667452812,0.049950048327445984,0.09450945258140564
YPR196W,YFL066C,0,0.035814844,0.05020080506801605,0.049950048327445984,0.09460946172475815
YPR189W,YFL017W-A,0,0.035768375,0.05015045031905174,0.049950048327445984,0.09470947086811066
YEL012W,YBL091C-A,0,0.0357676,0.05010019987821579,0.049950048327445984,0.09480948001146317
YDL202W,YHR079C,0,0.03574254,0.050050050020217896,0.049950048327445984,0.09490948915481567
YJL140W,YOR338W,0,0.035572343,0.05000000074505806,0.049950048327445984,0.09500949829816818
YGR161W-B,YER103W,0,0.035572138,0.049950048327445984,0.049950048327445984,0.09510950744152069
YLR228C,YLR312W-A,0,0.03553049,0.049900200217962265,0.049950048327445984,0.0952095240354538
YLR291C,YDL227C,0,0.035525054,0.049850448966026306,0.049950048327445984,0.0953095331788063
YCL069W,YCL025C,1,0.03549016,0.050796814262866974,0.05094905197620392,0.0953095331788063
YER014C-A,YNR018W,0,0.03546713,0.05074626952409744,0.05094905197620392,0.09540954232215881
YLR429W,YCL003W,0,0.035432342,0.05069582536816597,0.05094905197620392,0.09550955146551132
YCR087C-A,YMR193W,0,0.035430606,0.050645481795072556,0.05094905197620392,0.09560956060886383
YGL050W,YJR026W,0,0.035355557,0.0505952388048172,0.05094905197620392,0.09570956975221634
YDR205W,YER087C-B,0,0.03534007,0.050545092672109604,0.05094905197620392,0.09580957889556885
YNL268W,YJL059W,1,0.035338834,0.05148514732718468,0.051948051899671555,0.09580957889556885
YBR066C,YLR024C,0,0.035234608,0.0514342226088047,0.051948051899671555,0.09590958803892136
YGR081C,YLR329W,0,0.035143457,0.05138339847326279,0.051948051899671555,0.09600960463285446
YDR383C,YDR138W,0,0.03509607,0.05133267492055893,0.051948051899671555,0.09610961377620697
YJL114W,YLR157C,0,0.034991454,0.05128205195069313,0.051948051899671555,0.09620962291955948
YKR054C,YHR059W,0,0.034961343,0.05123152583837509,0.051948051899671555,0.09630963206291199
YFL066C,YGR012W,0,0.03489766,0.05118110403418541,0.051948051899671555,0.0964096412062645
YJL114W,YDL227C,0,0.034871858,0.05113077536225319,0.051948051899671555,0.096509650349617
YAL033W,YFR018C,0,0.03479663,0.051080550998449326,0.051948051899671555,0.09660965949296951
YLR289W,YFR018C,0,0.034723483,0.05103042349219322,0.051948051899671555,0.09670966863632202
YBR172C,YHR109W,0,0.03457406,0.05098039284348488,0.051948051899671555,0.09680967777967453
YPR002W,YGL113W,0,0.034573123,0.050930459052324295,0.051948051899671555,0.09690969437360764
YGL209W,YDL246C,0,0.034565452,0.05088062584400177,0.051948051899671555,0.09700970351696014
YDL245C,YDR195W,0,0.03453165,0.050830889493227005,0.051948051899671555,0.09710971266031265
YNL172W,YBL028C,0,0.034472052,0.05078125,0.051948051899671555,0.09720972180366516
YPR187W,YBL113C,0,0.03443166,0.050731707364320755,0.051948051899671555,0.09730973094701767
YEL069C,YDR383C,0,0.034420133,0.05068226158618927,0.051948051899671555,0.09740974009037018
YJL114W,YIL006W,0,0.034367938,0.050632912665605545,0.051948051899671555,0.09750974923372269
YDR351W,YHR085W,0,0.034358427,0.05058365687727928,0.051948051899671555,0.0976097583770752
YMR193W,YLL017W,0,0.03430178,0.05053449794650078,0.051948051899671555,0.0977097675204277
YJL006C,YML039W,0,0.034246042,0.050485435873270035,0.051948051899671555,0.09780978411436081
YJL166W,YOR298W,0,0.034157336,0.05043647065758705,0.051948051899671555,0.09790979325771332
YHR012W,YJL225C,0,0.03412474,0.05038759857416153,0.051948051899671555,0.09800980240106583
YDR172W,YDR373W,0,0.034105703,0.05033881962299347,0.051948051899671555,0.09810981154441833
YHL012W,YGL050W,0,0.03402744,0.05029013380408287,0.051948051899671555,0.09820982068777084
YDL245C,YLR309C,0,0.03402218,0.05024154484272003,0.051948051899671555,0.09830982983112335
YJR151C,YJL166W,0,0.033933703,0.050193049013614655,0.051948051899671555,0.09840983897447586
YML058W-A,YMR240C,0,0.03391404,0.05014464631676674,0.051948051899671555,0.09850984811782837
YNL297C,YLR073C,0,0.033900343,0.05009634047746658,0.051948051899671555,0.09860985726118088
YIL139C,YER090W,0,0.033882357,0.05004812404513359,0.051948051899671555,0.09870987385511398
YMR168C,YNL070W,0,0.033875976,0.05000000074505806,0.051948051899671555,0.09880988299846649
YOR216C,YML045W-A,0,0.033841237,0.04995197057723999,0.051948051899671555,0.098909892141819
YPR194C,YOR180C,0,0.033801317,0.049904029816389084,0.051948051899671555,0.09900990128517151
YCR060W,YHR109W,0,0.03377619,0.04985618591308594,0.051948051899671555,0.09910991042852402
YPL183W-A,YBR173C,0,0.033693537,0.049808427691459656,0.051948051899671555,0.09920991957187653
YHR211W,YER019C-A,0,0.03368802,0.049760766327381134,0.051948051899671555,0.09930992871522903
YBR261C,YBR080C,0,0.03367432,0.049713194370269775,0.051948051899671555,0.09940993785858154
YER008C,YFL010W-A,0,0.033635724,0.04966571182012558,0.051948051899671555,0.09950995445251465
YLR295C,YML039W,0,0.033621073,0.049618322402238846,0.051948051899671555,0.09960996359586716
YPL200W,YIL094C,0,0.03362105,0.049571018666028976,0.051948051899671555,0.09970997273921967
YHR214C-B,YBR294W,0,0.033512577,0.04952380806207657,0.051948051899671555,0.09980998188257217
YFL048C,YFL023W,0,0.033479802,0.04947669059038162,0.051948051899671555,0.09990999102592468
YOR304W,YLL017W,0,0.033429354,0.04942965880036354,0.051948051899671555,0.10001000016927719
YNL085W,YMR117C,0,0.033375584,0.04938271641731262,0.051948051899671555,0.1001100093126297
YCL074W,YDR499W,0,0.033349335,0.04933586344122887,0.051948051899671555,0.10021001845598221
YPL213W,YNR017W,0,0.03331508,0.049289099872112274,0.051948051899671555,0.10031002759933472
YER138C,YLR164W,0,0.033243086,0.049242425709962845,0.051948051899671555,0.10041004419326782
YNL284C-A,YPL099C,0,0.033230897,0.04919583722949028,0.051948051899671555,0.10051005333662033
YHR061C,YAL029C,0,0.033133127,0.04914933815598488,0.051948051899671555,0.10061006247997284
YNL006W,YLL017W,0,0.03312462,0.04910292848944664,0.051948051899671555,0.10071007162332535
YPL200W,YMR061W,0,0.03310999,0.049056604504585266,0.051948051899671555,0.10081008076667786
YOR126C,YKL009W,0,0.03310335,0.04901036620140076,0.051948051899671555,0.10091008991003036
YDR451C,YNL110C,0,0.033084918,0.04896421730518341,0.051948051899671555,0.10101009905338287
YGR288W,YKR035W-A,0,0.033058044,0.04891815781593323,0.051948051899671555,0.10111010819673538
YER137C-A,YLR256W-A,0,0.033043314,0.04887218028306961,0.051948051899671555,0.10121011734008789
YJR028W,YHR057C,0,0.03299974,0.04882629215717316,0.051948051899671555,0.101310133934021
YMR093W,YCR055C,0,0.032962654,0.04878048598766327,0.051948051899671555,0.1014101430773735
YBR196C,YKR020W,0,0.032938525,0.048734769225120544,0.051948051899671555,0.10151015222072601
YNL032W,YLL055W,0,0.032907333,0.048689138144254684,0.051948051899671555,0.10161016136407852
YKL119C,YJR053W,0,0.032899525,0.04864359274506569,0.051948051899671555,0.10171017050743103
YDR473C,YFR018C,0,0.032881174,0.04859812930226326,0.051948051899671555,0.10181017965078354
YHR211W,YBR261C,0,0.032879453,0.048552755266427994,0.051948051899671555,0.10191018879413605
YBL005W-B,YNL273W,0,0.032838408,0.048507463186979294,0.051948051899671555,0.10201019793748856
YBR170C,YPL183W-A,0,0.032820355,0.04846225678920746,0.051948051899671555,0.10211021453142166
YMR321C,YLR410W-A,0,0.032818817,0.04841713234782219,0.051948051899671555,0.10221022367477417
YLL041C,YDL179W,0,0.032813273,0.048372093588113785,0.051948051899671555,0.10231023281812668
YNL079C,YDR240C,0,0.032765422,0.048327136784791946,0.051948051899671555,0.10241024196147919
YLR321C,YPL183W-A,0,0.032738302,0.04828226566314697,0.051948051899671555,0.1025102511048317
YGL112C,YGL226C-A,0,0.03268957,0.048237476497888565,0.051948051899671555,0.1026102602481842
YNL182C,YER104W,0,0.032673888,0.048192769289016724,0.051948051899671555,0.10271026939153671
YPR135W,YDR281C,0,0.03267058,0.04814814776182175,0.051948051899671555,0.10281027853488922
YGL169W,YPL027W,0,0.032565814,0.048103608191013336,0.051948051899671555,0.10291028767824173
YDR332W,YML039W,0,0.03256464,0.04805915057659149,0.051948051899671555,0.10301030427217484
YOR071C,YNL163C,0,0.032489724,0.04801477491855621,0.051948051899671555,0.10311031341552734
YDR229W,YLR160C,0,0.03246335,0.0479704812169075,0.051948051899671555,0.10321032255887985
YML051W,YKL078W,0,0.03242505,0.04792626574635506,0.051948051899671555,0.10331033170223236
YIL170W,YMR065W,0,0.032390486,0.04788213595747948,0.051948051899671555,0.10341034084558487
YJL005W,YKL053C-A,0,0.032336608,0.04783808812499046,0.051948051899671555,0.10351034998893738
YKR101W,YLL040C,0,0.032278646,0.04779411852359772,0.051948051899671555,0.10361035913228989
YMR193W,YPR152C,0,0.03227619,0.04775023087859154,0.051948051899671555,0.1037103682756424
YHR005C-A,YDL128W,0,0.032262478,0.047706421464681625,0.051948051899671555,0.1038103774189949
YGR246C,YAR035W,0,0.03223993,0.04766269400715828,0.051948051899671555,0.10391039401292801
YMR054W,YML039W,0,0.03223157,0.0476190485060215,0.051948051899671555,0.10401040315628052
YGR109W-B,YPL082C,0,0.032222312,0.04757548123598099,0.051948051899671555,0.10411041229963303
YOR148C,YPL027W,0,0.032183263,0.04753199219703674,0.051948051899671555,0.10421042144298553
YDR046C,YCR027C,1,0.032173064,0.04840182512998581,0.05294705182313919,0.10421042144298553
YPL183W-A,YOR294W,0,0.032148246,0.04835766553878784,0.05294705182313919,0.10431043058633804
YBR238C,YDR140W,0,0.032127135,0.04831358417868614,0.05294705182313919,0.10441043972969055
YGR216C,YKR035W-A,0,0.0321013,0.04826958104968071,0.05294705182313919,0.10451044887304306
YJR004C,YOR145C,0,0.03209086,0.048225659877061844,0.05294705182313919,0.10461045801639557
YKR054C,YJR063W,0,0.031977117,0.048181816935539246,0.05294705182313919,0.10471047461032867
YBR020W,YHR059W,0,0.03194654,0.048138055950403214,0.05294705182313919,0.10481048375368118
YER168C,YBR010W,0,0.03191377,0.04809437319636345,0.05294705182313919,0.10491049289703369
YGR010W,YJR028W,0,0.03180484,0.04805077239871025,0.05294705182313919,0.1050105020403862
YKL078W,YNL078W,0,0.031774182,0.04800724610686302,0.05294705182313919,0.10511051118373871
YPR196W,YKL038W,0,0.031741165,0.04796380177140236,0.05294705182313919,0.10521052032709122
YDR518W,YNR004W,0,0.03169641,0.047920435667037964,0.05294705182313919,0.10531052947044373
YML058W-A,YIL021W,0,0.031649895,0.04787714406847954,0.05294705182313919,0.10541053861379623
YLR404W,YPR149W,0,0.031595714,0.04783393442630768,0.05294705182313919,0.10551054775714874
YBR067C,YER019C-A,0,0.03155072,0.047790803015232086,0.05294705182313919,0.10561056435108185
YHR004C,YKL053C-A,0,0.03153579,0.04774774610996246,0.05294705182313919,0.10571057349443436
YDR371W,YER049W,0,0.031518143,0.04770477116107941,0.05294705182313919,0.10581058263778687
YLL061W,YBL089W,1,0.031447206,0.04856115207076073,0.053946055471897125,0.10581058263778687
YOR287C,YEL043W,0,0.03142724,0.04851752147078514,0.053946055471897125,0.10591059178113937
YOL020W,YPR021C,1,0.03136609,0.0493716336786747,0.05494505539536476,0.10591059178113937
YFL010W-A,YEL062W,1,0.031362876,0.05022421479225159,0.0559440553188324,0.10591059178113937
YER014C-A,YJR051W,0,0.031333778,0.05017921328544617,0.0559440553188324,0.10601060092449188
YBL112C,YCL052C,0,0.03133288,0.050134290009737015,0.0559440553188324,0.10611061006784439
YBR066C,YHR056C,0,0.031302568,0.05008944496512413,0.0559440553188324,0.1062106192111969
YBR202W,YDR296W,0,0.031256165,0.05004468187689781,0.0559440553188324,0.10631062835454941
YJL225C,YJR063W,0,0.031255193,0.05000000074505806,0.0559440553188324,0.10641063749790192
YDR451C,YLR129W,0,0.031249143,0.049955397844314575,0.0559440553188324,0.10651065409183502
YIL177C,YPL027W,0,0.031227352,0.04991087317466736,0.0559440553188324,0.10661066323518753
YIL177C,YOR180C,0,0.031226495,0.04986643046140671,0.0559440553188324,0.10671067237854004
YMR032W,YKL096W-A,0,0.031225406,0.049822062253952026,0.0559440553188324,0.10681068152189255
YCL036W,YKL041W,0,0.031194555,0.04977777600288391,0.0559440553188324,0.10691069066524506
YHR056C,YHR059W,0,0.031177105,0.04973357170820236,0.0559440553188324,0.10701069980859756
YOL070C,YER014C-A,0,0.031166932,0.04968944191932678,0.0559440553188324,0.10711070895195007
YFL010W-A,YGR055W,1,0.031135323,0.050531916320323944,0.056943055242300034,0.10711070895195007
YLR191W,YNL282W,0,0.031130819,0.050487156957387924,0.056943055242300034,0.10721071809530258
YOR292C,YPR133W-A,0,0.03107039,0.05044247955083847,0.056943055242300034,0.10731073468923569
YOL066C,YIL177C,0,0.0309713,0.050397876650094986,0.056943055242300034,0.1074107438325882
YER138C,YLL040C,0,0.030937374,0.05035335570573807,0.056943055242300034,0.1075107529759407
YCL024W,YNL052W,0,0.030899834,0.05030891299247742,0.056943055242300034,0.10761076211929321
YLR191W,YHR041C,0,0.03088363,0.050264548510313034,0.056943055242300034,0.10771077126264572
YPL134C,YGR084C,0,0.030876985,0.05022026598453522,0.056943055242300034,0.10781078040599823
YNL309W,YOR351C,0,0.030875461,0.05017605796456337,0.056943055242300034,0.10791078954935074
YHR211W,YGL010W,0,0.030852841,0.05013192445039749,0.056943055242300034,0.10801079869270325
YKR103W,YPL112C,0,0.03084815,0.05008787289261818,0.056943055242300034,0.10811080783605576
YOR025W,YDL083C,0,0.0308378,0.050043899565935135,0.056943055242300034,0.10821082442998886
YER151C,YDL061C,0,0.030836647,0.05000000074505806,0.056943055242300034,0.10831083357334137
YIL132C,YMR143W,0,0.030770965,0.04995618015527725,0.056943055242300034,0.10841084271669388
YOL070C,YGR118W,0,0.03077009,0.049912434071302414,0.056943055242300034,0.10851085186004639
YGL014W,YOR138C,0,0.030718083,0.04986876621842384,0.056943055242300034,0.1086108610033989
YDL212W,YNL101W,1,0.030715434,0.050699301064014435,0.05794205889105797,0.1086108610033989
YER151C,YDR281C,0,0.030688267,0.050655022263526917,0.05794205889105797,0.1087108701467514
YPR191W,YOR377W,0,0.03059539,0.050610821694135666,0.05794205889105797,0.10881087929010391
YNL032W,YDL039C,0,0.030560201,0.050566695630550385,0.05794205889105797,0.10891088843345642
YHR060W,YLR024C,0,0.030554423,0.05052264779806137,0.05794205889105797,0.10901089757680893
YPR182W,YLR312W-A,0,0.030542167,0.050478678196668625,0.05794205889105797,0.10911091417074203
YPR189W,YDR373W,0,0.03053062,0.05043478310108185,0.05794205889105797,0.10921092331409454
YLR312W-A,YEL041W,0,0.030524774,0.05039096623659134,0.05794205889105797,0.10931093245744705
YMR112C,YDL206W,0,0.030446002,0.0503472238779068,0.05794205889105797,0.10941094160079956
YIL132C,YLR325C,0,0.030432288,0.05030355602502823,0.05794205889105797,0.10951095074415207
YOL141W,YIR018W,0,0.030391535,0.050259966403245926,0.05794205889105797,0.10961095988750458
YGL172W,YCR060W,0,0.030390956,0.05021645128726959,0.05794205889105797,0.10971096903085709
YEL053C,YOR393W,0,0.030361928,0.05017301067709923,0.05794205889105797,0.1098109781742096
YCR060W,YDL215C,0,0.030346839,0.05012964457273483,0.05794205889105797,0.1099109947681427
YCR087C-A,YGL233W,0,0.030310493,0.050086356699466705,0.05794205889105797,0.11001100391149521
YOR237W,YLR404W,0,0.030274577,0.05004313960671425,0.05794205889105797,0.11011101305484772
YIL002C,YPR138C,0,0.030274501,0.05000000074505806,0.05794205889105797,0.11021102219820023
YCR060W,YPR133W-A,0,0.030271443,0.04995693266391754,0.05794205889105797,0.11031103134155273
YJR004C,YDL227C,0,0.030261308,0.04991394281387329,0.05794205889105797,0.11041104048490524
YDR383C,YHR085W,0,0.0302415,0.04987102374434471,0.05794205889105797,0.11051104962825775
YDL245C,YNL027W,0,0.030239347,0.0498281791806221,0.05794205889105797,0.11061105877161026
YJR021C,YER138C,0,0.030178364,0.04978540912270546,0.05794205889105797,0.11071106791496277
YBR150C,YBL005W-B,0,0.030150708,0.04974270984530449,0.05794205889105797,0.11081108450889587
YPL087W,YPR133W-A,0,0.030140128,0.04970008507370949,0.05794205889105797,0.11091109365224838
YCL069W,YNR056C,1,0.03011388,0.050513699650764465,0.058941058814525604,0.11091109365224838
YEL012W,YBL113C,0,0.030110188,0.05047048628330231,0.058941058814525604,0.11101110279560089
YDL028C,YJR028W,0,0.030107584,0.05042735114693642,0.058941058814525604,0.1111111119389534
YLR157C,YPR204W,0,0.030105786,0.0503842867910862,0.058941058814525604,0.11121112108230591
YOR323C,YMR295C,0,0.030066147,0.050341296941041946,0.058941058814525604,0.11131113022565842
YDL045W-A,YJL134W,0,0.030048795,0.050298381596803665,0.058941058814525604,0.11141113936901093
YJL030W,YHR085W,0,0.030034214,0.050255537033081055,0.058941058814525604,0.11151114851236343
YFL010W-A,YLL055W,1,0.029965533,0.05106382817029953,0.05994005873799324,0.11151114851236343
YBL091C-A,YJL124C,0,0.02994791,0.051020409911870956,0.05994005873799324,0.11161115765571594
YGL186C,YEL070W,0,0.02993721,0.050977058708667755,0.05994005873799324,0.11171117424964905
YLR228C,YMR046C,0,0.029934198,0.05093378573656082,0.05994005873799324,0.11181118339300156
YPR182W,YLR073C,0,0.02992963,0.05089058354496956,0.05994005873799324,0.11191119253635406
YJR028W,YHR051W,0,0.029826337,0.050847455859184265,0.05994005873799324,0.11201120167970657
YNR067C,YBR261C,0,0.02967397,0.05080440267920494,0.05994005873799324,0.11211121082305908
YJL030W,YOR098C,0,0.029670227,0.05076142027974129,0.05994005873799324,0.11221121996641159
YCL074W,YDL170W,0,0.02964072,0.0507185123860836,0.05994005873799324,0.1123112291097641
YDR137W,YMR046C,0,0.029600125,0.05067567527294159,0.05994005873799324,0.11241123825311661
YHR077C,YDR218C,0,0.02959811,0.050632912665605545,0.05994005873799324,0.11251125484704971
YNL102W,YHR135C,0,0.029574513,0.05059022083878517,0.05994005873799324,0.11261126399040222
YLR383W,YFL010W-A,0,0.029492311,0.05054759979248047,0.05994005873799324,0.11271127313375473
YBL005W-B,YJL171C,0,0.029440701,0.05050504952669144,0.05994005873799324,0.11281128227710724
YMR112C,YIR039C,0,0.029435612,0.050462573766708374,0.05994005873799324,0.11291129142045975
YBL089W,YPR021C,1,0.029374305,0.05126050487160683,0.060939062386751175,0.11291129142045975
YPR204W,YPL094C,0,0.029351875,0.0512174628674984,0.060939062386751175,0.11301130056381226
YBR120C,YPR083W,0,0.02934801,0.05117449536919594,0.060939062386751175,0.11311130970716476
YER008C,YGR085C,0,0.02933081,0.05113160237669945,0.060939062386751175,0.11321131885051727
YPR158C-C,YDR210C-C,0,0.029325088,0.05108877643942833,0.060939062386751175,0.11331132799386978
YGR282C,YBL113C,0,0.029317265,0.05104602500796318,0.060939062386751175,0.11341134458780289
YOR138C,YKL053C-A,0,0.02927014,0.0510033443570137,0.060939062386751175,0.1135113537311554
YLL034C,YFL066C,0,0.02923756,0.050960734486579895,0.060939062386751175,0.1136113628745079
YBR118W,YJL004C,0,0.029232139,0.05091819539666176,0.060939062386751175,0.11371137201786041
YBR183W,YPR152C,0,0.029218009,0.05087573081254959,0.060939062386751175,0.11381138116121292
YPL104W,YER190W,0,0.029136123,0.050833333283662796,0.060939062386751175,0.11391139030456543
YLR033W,YGL226C-A,0,0.029122122,0.05079100653529167,0.060939062386751175,0.11401139944791794
YDR137W,YBR010W,0,0.029116241,0.05074875056743622,0.060939062386751175,0.11411140859127045
YNL172W,YGR036C,0,0.02911545,0.050706565380096436,0.060939062386751175,0.11421141773462296
YER014C-A,YBR052C,0,0.029089108,0.050664450973272324,0.060939062386751175,0.11431143432855606
YBL089W,YFL010W-A,1,0.02906372,0.051452282816171646,0.06193806231021881,0.11431143432855606
YMR013C,YPR133W-A,0,0.029054185,0.05140961706638336,0.06193806231021881,0.11441144347190857
YGR109W-B,YDL061C,0,0.029016083,0.05136702582240105,0.06193806231021881,0.11451145261526108
YCL014W,YDR218C,0,0.028999642,0.051324501633644104,0.06193806231021881,0.11461146175861359
YGL183C,YML039W,0,0.028969232,0.05128205195069313,0.06193806231021881,0.1147114709019661
YNL050C,YIL177C,0,0.028957332,0.05123966932296753,0.06193806231021881,0.1148114800453186
YPR137W,YBL113C,0,0.02895459,0.0511973574757576,0.06193806231021881,0.11491148918867111
YDR296W,YDL039C,0,0.0287955,0.05115511640906334,0.06193806231021881,0.11501149833202362
YCL074W,YMR319C,0,0.02878388,0.05111294239759445,0.06193806231021881,0.11511150747537613
YAL054C,YFL038C,0,0.02876049,0.051070839166641235,0.06193806231021881,0.11521152406930923
YKR103W,YOR287C,0,0.028754747,0.05102880671620369,0.06193806231021881,0.11531153321266174
YLR312W-A,YNL304W,0,0.028728267,0.050986841320991516,0.06193806231021881,0.11541154235601425
YOL104C,YPR060C,0,0.028670358,0.05094494670629501,0.06193806231021881,0.11551155149936676
YBR182C,YBL041W,0,0.028668752,0.05090311914682388,0.06193806231021881,0.11561156064271927
YPR200C,YMR295C,0,0.028662758,0.05086136236786842,0.06193806231021881,0.11571156978607178
YOR378W,YHR135C,0,0.028641498,0.050819672644138336,0.06193806231021881,0.11581157892942429
YLR295C,YCL004W,0,0.028626041,0.05077804997563362,0.06193806231021881,0.1159115880727768
YER013W,YPR190C,0,0.028609995,0.05073649808764458,0.06193806231021881,0.1160116046667099
YBL091C-A,YNL052W,0,0.028605971,0.050695013254880905,0.06193806231021881,0.11611161381006241
YER014C-A,YOL010W,0,0.02858168,0.050653595477342606,0.06193806231021881,0.11621162295341492
YOL043C,YLR073C,0,0.028573645,0.05061224475502968,0.06193806231021881,0.11631163209676743
YBR182C,YMR115W,0,0.02857039,0.05057096108794212,0.06193806231021881,0.11641164124011993
YGR221C,YMR046C,0,0.028558813,0.05052974820137024,0.06193806231021881,0.11651165038347244
YDR492W,YHR156C,0,0.028516684,0.05048859864473343,0.06193806231021881,0.11661165952682495
YPL259C,YOR351C,0,0.028516008,0.05044751986861229,0.06193806231021881,0.11671166867017746
YHR005C-A,YJR040W,0,0.02850362,0.050406504422426224,0.06193806231021881,0.11681167781352997
YPR189W,YLR404W,0,0.028503487,0.05036555603146553,0.06193806231021881,0.11691169440746307
YBL028C,YCR080W,0,0.02849834,0.05032467469573021,0.06193806231021881,0.11701170355081558
YPR196W,YLR289W,0,0.028493838,0.05028386041522026,0.06193806231021881,0.11711171269416809
YDR373W,YMR229C,0,0.028484024,0.050243113189935684,0.06193806231021881,0.1172117218375206
YHR211W,YPL110C,0,0.028475428,0.05020242929458618,0.06193806231021881,0.11731173098087311
YHR012W,YLR329W,0,0.028466381,0.05016181245446205,0.06193806231021881,0.11741174012422562
YOL129W,YLR024C,0,0.028452005,0.05012126266956329,0.06193806231021881,0.11751174926757812
YOL028C,YJL213W,0,0.02844398,0.05008077621459961,0.06193806231021881,0.11761175841093063
YIL134W,YNL314W,0,0.028405728,0.0500403568148613,0.06193806231021881,0.11771176755428314
YER014C-A,YPR060C,0,0.028393261,0.05000000074505806,0.06193806231021881,0.11781178414821625
YNR072W,YPR152C,0,0.028391719,0.049959711730480194,0.06193806231021881,0.11791179329156876
YML112W,YPR043W,0,0.028321574,0.0499194860458374,0.06193806231021881,0.11801180243492126
YKL009W,YPR133W-A,0,0.028298507,0.049879323691129684,0.06193806231021881,0.11811181157827377
YFL010W-A,YBR061C,0,0.028267037,0.04983922839164734,0.06193806231021881,0.11821182072162628
YBR274W,YIL159W,0,0.028254228,0.04979919642210007,0.06193806231021881,0.11831182986497879
YHR211W,YPL180W,0,0.028253881,0.04975922778248787,0.06193806231021881,0.1184118390083313
YMR117C,YLR228C,0,0.028242907,0.049719326198101044,0.06193806231021881,0.11851184815168381
YDR512C,YDR159W,0,0.028218158,0.04967948794364929,0.06193806231021881,0.11861186474561691
YDL107W,YDL070W,0,0.028192839,0.049639713019132614,0.06193806231021881,0.11871187388896942
YCR087C-A,YPL098C,0,0.028181333,0.04960000142455101,0.06193806231021881,0.11881188303232193
YPR167C,YIL159W,0,0.02813418,0.04956035315990448,0.06193806231021881,0.11891189217567444
YBR120C,YNL230C,0,0.028127506,0.049520768225193024,0.06193806231021881,0.11901190131902695
YCL069W,YFL010W-A,1,0.028122129,0.05027933046221733,0.06293706595897675,0.11901190131902695
YDL171C,YJR053W,0,0.02810944,0.050239235162734985,0.06293706595897675,0.11911191046237946
YJL130C,YOR338W,0,0.028085453,0.050199203193187714,0.06293706595897675,0.11921191960573196
YGR282C,YOL004W,0,0.028070353,0.050159234553575516,0.06293706595897675,0.11931192874908447
YPR171W,YEL036C,0,0.028028,0.05011933296918869,0.06293706595897675,0.11941193789243698
YCR027C,YCL025C,1,0.027998379,0.05087440460920334,0.06393606215715408,0.11941193789243698
YBL091C-A,YDR260C,0,0.027995327,0.05083399638533592,0.06393606215715408,0.11951195448637009
YIL095W,YNL110C,0,0.027994525,0.05079365149140358,0.06393606215715408,0.1196119636297226
YAL054C,YOL104C,0,0.027983757,0.05075336992740631,0.06393606215715408,0.1197119727730751
YPR144C,YBR278W,0,0.027973013,0.050713155418634415,0.06393606215715408,0.11981198191642761
YDR378C,YML052W,0,0.027897017,0.050673000514507294,0.06393606215715408,0.11991199105978012
YJR082C,YDR138W,0,0.027883708,0.050632912665605545,0.06393606215715408,0.12001200020313263
YJL034W,YDR229W,0,0.027860587,0.05059288442134857,0.06393606215715408,0.12011200934648514
YNL267W,YBR141C,0,0.027852383,0.05055292323231697,0.06393606215715408,0.12021201848983765
YLR029C,YMR046C,0,0.027809769,0.050513021647930145,0.06393606215715408,0.12031202763319016
YHR005C-A,YGR077C,0,0.027802536,0.05047318711876869,0.06393606215715408,0.12041204422712326
YPR189W,YGR077C,0,0.02779938,0.050433412194252014,0.06393606215715408,0.12051205337047577
YGL170C,YCR046C,0,0.027793903,0.05039370059967041,0.06393606215715408,0.12061206251382828
YJL114W,YJR055W,0,0.027788846,0.05035405233502388,0.06393606215715408,0.12071207165718079
YCR027C,YDL210W,1,0.027788196,0.051100630313158035,0.06493506580591202,0.12071207165718079
YKL161C,YDR159W,0,0.027774582,0.05106048658490181,0.06493506580591202,0.1208120808005333
YOR237W,YER190W,0,0.02777037,0.051020409911870956,0.06493506580591202,0.1209120899438858
YOL145C,YNL095C,0,0.02776593,0.05098039284348488,0.06493506580591202,0.12101209908723831
YBL113C,YOR123C,0,0.027748918,0.050940439105033875,0.06493506580591202,0.12111210823059082
YBR223C,YDL045W-A,0,0.02769512,0.050900548696517944,0.06493506580591202,0.12121212482452393
YGR214W,YER104W,0,0.027693192,0.05086072161793709,0.06493506580591202,0.12131213396787643
YDR172W,YPR198W,0,0.027512316,0.05082095414400101,0.06493506580591202,0.12141214311122894
YNR018W,YKR102W,0,0.02751,0.05078125,0.06493506580591202,0.12151215225458145
YNL270C,YBR068C,1,0.027507117,0.05152224749326706,0.06593406945466995,0.12151215225458145
YMR046C,YML036W,0,0.027481858,0.05148205906152725,0.06593406945466995,0.12161216139793396
YPR198W,YER137C,0,0.027472964,0.05144193395972252,0.06593406945466995,0.12171217054128647
YJR053W,YOL040C,0,0.027466588,0.05140186846256256,0.06593406945466995,0.12181217968463898
YOR297C,YNR067C,0,0.027455756,0.05136186629533768,0.06593406945466995,0.12191218882799149
YLR191W,YGL014W,0,0.027428105,0.05132192745804787,0.06593406945466995,0.122012197971344
YLR029C,YBL113C,0,0.027390871,0.05128205195069313,0.06593406945466995,0.1221122145652771
YPR182W,YJR070C,0,0.027372953,0.05124223604798317,0.06593406945466995,0.12221222370862961
YDR383C,YKL003C,0,0.027355699,0.05120248347520828,0.06593406945466995,0.12231223285198212
YOR301W,YDR492W,0,0.027321482,0.05116279050707817,0.06593406945466995,0.12241224199533463
YKR019C,YNR004W,0,0.027315458,0.05112316086888313,0.06593406945466995,0.12251225113868713
YIL177C,YLR050C,0,0.027309725,0.05108359083533287,0.06593406945466995,0.12261226028203964
YNL084C,YEL070W,0,0.027307548,0.05104408413171768,0.06593406945466995,0.12271226942539215
YEL022W,YCR087C-A,0,0.027300132,0.05100463703274727,0.06593406945466995,0.12281227856874466
YOL004W,YKR026C,0,0.027168684,0.05096524953842163,0.06593406945466995,0.12291228771209717
YGL122C,YML039W,0,0.02715126,0.05092592537403107,0.06593406945466995,0.12301230430603027
YOR209C,YER104W,0,0.027107405,0.05088666081428528,0.06593406945466995,0.12311231344938278
YBL028C,YLR389C,0,0.027105268,0.050847455859184265,0.06593406945466995,0.12321232259273529
YDL074C,YPR138C,0,0.027072448,0.050808314234018326,0.06593406945466995,0.1233123317360878
YNR004W,YCL057W,0,0.027071707,0.05076923221349716,0.06593406945466995,0.12341234087944031
YJR147W,YGR229C,0,0.027025804,0.050730206072330475,0.06593406945466995,0.12351235002279282
YNR003C,YDR138W,0,0.026998281,0.05069124326109886,0.06593406945466995,0.12361235916614532
YDL024C,YDR364C,0,0.026995087,0.050652340054512024,0.06593406945466995,0.12371236830949783
YFL066C,YHR051W,0,0.026990924,0.05061349645256996,0.06593406945466995,0.12381238490343094
YKR002W,YOR098C,0,0.026982391,0.050574712455272675,0.06593406945466995,0.12391239404678345
YIR025W,YPR133W-A,0,0.02697185,0.05053598806262016,0.06593406945466995,0.12401240319013596
YPR200C,YPR083W,0,0.026967686,0.05049732327461243,0.06593406945466995,0.12411241233348846
YLR141W,YDR373W,0,0.026952038,0.05045871436595917,0.06593406945466995,0.12421242147684097
YOR279C,YLR344W,0,0.026940703,0.05042016878724098,0.06593406945466995,0.12431243062019348
YDL133C-A,YBR257W,0,0.026934516,0.050381679087877274,0.06593406945466995,0.12441243976354599
YBR278W,YER138C,0,0.026923895,0.05034324899315834,0.06593406945466995,0.1245124489068985
YDL179W,YMR296C,0,0.02691727,0.05030487850308418,0.06593406945466995,0.12461245805025101
YNL101W,YNL270C,1,0.026916992,0.05102818086743355,0.06693306565284729,0.12461245805025101
YMR117C,YOR209C,0,0.026888713,0.05098934471607208,0.06693306565284729,0.12471247464418411
YJL024C,YGL259W,0,0.026866196,0.05095057189464569,0.06693306565284729,0.12481248378753662
YPL240C,YKL061W,0,0.026811484,0.050911854952573776,0.06693306565284729,0.12491249293088913
YDR499W,YMR046C,0,0.026802078,0.05087319761514664,0.06693306565284729,0.12501250207424164
YOL028C,YBL092W,0,0.026777102,0.050834596157073975,0.06693306565284729,0.12511251866817474
YGL162W,YNR004W,0,0.02671654,0.050796058028936386,0.06693306565284729,0.12521252036094666
YHR041C,YDR508C,0,0.026710976,0.050757575780153275,0.06693306565284729,0.12531253695487976
YDL210W,YKL146W,1,0.026697274,0.05147615447640419,0.06793206930160522,0.12531253695487976
YCL069W,YER119C,1,0.026641024,0.052193645387887955,0.06893106549978256,0.12531253695487976
YBL005W-B,YMR301C,0,0.02661557,0.05215419456362724,0.06893106549978256,0.12541253864765167
YKL119C,YJR026W,0,0.026612291,0.05211480334401131,0.06893106549978256,0.12551255524158478
YOL020W,YFL055W,1,0.026611486,0.05283018946647644,0.0699300691485405,0.12551255524158478
YOL141W,YJL192C,0,0.026593719,0.05279034748673439,0.0699300691485405,0.1256125569343567
YMR276W,YBL005W-B,0,0.026568122,0.052750565111637115,0.0699300691485405,0.1257125735282898
YJL114W,YFL038C,0,0.02652712,0.052710842341184616,0.0699300691485405,0.1258125752210617
YMR065W,YPR152C,0,0.026498236,0.05267118290066719,0.0699300691485405,0.1259125918149948
YLR024C,YDL097C,0,0.026497582,0.05263157933950424,0.0699300691485405,0.12601260840892792
YNL153C,YHR061C,0,0.026460044,0.05259203538298607,0.0699300691485405,0.12611261010169983
YOR126C,YGL060W,0,0.026455548,0.05255255103111267,0.0699300691485405,0.12621262669563293
YDL227C,YLR073C,0,0.026450956,0.05251313000917435,0.0699300691485405,0.12631262838840485
YKR054C,YPL098C,0,0.026438538,0.0524737648665905,0.0699300691485405,0.12641264498233795
YDR195W,YNL052W,0,0.026436912,0.05243445560336113,0.0699300691485405,0.12651264667510986
YFL066C,YBL089W,0,0.026387539,0.052395209670066833,0.0699300691485405,0.12661266326904297
YPR167C,YBR155W,0,0.026378697,0.052356019616127014,0.0699300691485405,0.12671266496181488
YJR053W,YDL170W,0,0.026378239,0.05231688916683197,0.0699300691485405,0.12681268155574799
YPR198W,YNR003C,0,0.026366813,0.0522778183221817,0.0699300691485405,0.1269126981496811
YLR228C,YDR260C,0,0.026365675,0.05223880708217621,0.0699300691485405,0.127012699842453
YEL052W,YOR351C,0,0.026310721,0.05219985172152519,0.0699300691485405,0.1271127164363861
YHR214C-B,YDL070W,0,0.026297068,0.05216095224022865,0.0699300691485405,0.12721271812915802
YNL281W,YDR457W,0,0.026274143,0.05212211608886719,0.0699300691485405,0.12731273472309113
YOR378W,YMR239C,0,0.026265165,0.0520833320915699,0.0699300691485405,0.12741273641586304
YPR163C,YML039W,0,0.026258824,0.05204461142420769,0.0699300691485405,0.12751275300979614
YML071C,YHR005C-A,0,0.026211737,0.05200594291090965,0.0699300691485405,0.12761275470256805
YPL183W-A,YDL035C,0,0.026205093,0.05196733400225639,0.0699300691485405,0.12771277129650116
YDR378C,YFR036W,0,0.026196301,0.05192878469824791,0.0699300691485405,0.12781278789043427
YBR020W,YOL102C,0,0.026175205,0.051890287548303604,0.0699300691485405,0.12791278958320618
YBL005W-B,YML132W,0,0.026158983,0.051851850003004074,0.0699300691485405,0.12801280617713928
YPL042C,YAL029C,0,0.0261196,0.05181347206234932,0.0699300691485405,0.1281128078699112
YPR187W,YAL040C,0,0.026115464,0.05177514627575874,0.0699300691485405,0.1282128244638443
YHL012W,YNR031C,0,0.026092667,0.05173688009381294,0.0699300691485405,0.1283128261566162
YHR077C,YPR133W-A,0,0.026089232,0.05169866979122162,0.0699300691485405,0.12841284275054932
YBR020W,YNL122C,0,0.026086338,0.05166051536798477,0.0699300691485405,0.12851284444332123
YNL085W,YDR281C,0,0.026065744,0.0516224205493927,0.0699300691485405,0.12861286103725433
YLR191W,YBL076C,0,0.026057448,0.05158437788486481,0.0699300691485405,0.12871287763118744
YDR371W,YKL172W,0,0.026055627,0.05154639109969139,0.0699300691485405,0.12881287932395935
YNL202W,YOL062C,0,0.02603415,0.05150846391916275,0.0699300691485405,0.12891289591789246
YGR264C,YKR035W-A,0,0.02601437,0.05147058889269829,0.0699300691485405,0.12901289761066437
YDR473C,YAR035W,0,0.02599044,0.0514327697455883,0.0699300691485405,0.12911291420459747
YOR071C,YNL282W,0,0.025969055,0.051395006477832794,0.0699300691485405,0.12921291589736938
YKR071C,YJR140C,0,0.025941115,0.05135729908943176,0.0699300691485405,0.1293129324913025
YBR145W,YPR133W-A,0,0.025936749,0.05131964758038521,0.0699300691485405,0.1294129341840744
YHR005C-A,YGL233W,0,0.025923567,0.05128205195069313,0.0699300691485405,0.1295129507780075
YOR287C,YJR026W,0,0.025906244,0.05124450847506523,0.0699300691485405,0.1296129673719406
YAR002C-A,YFL066C,0,0.02589779,0.05120702087879181,0.0699300691485405,0.12971296906471252
YBR177C,YOR377W,0,0.025866242,0.051169589161872864,0.0699300691485405,0.12981298565864563
YHR069C,YBL112C,0,0.025864026,0.051132213324308395,0.0699300691485405,0.12991298735141754
YOR283W,YLR024C,0,0.02585582,0.051094889640808105,0.0699300691485405,0.13001300394535065
YMR321C,YAL024C,0,0.025847236,0.05105762183666229,0.0699300691485405,0.13011300563812256
YPL183W-A,YBR026C,0,0.025800651,0.051020409911870956,0.0699300691485405,0.13021302223205566
YJL034W,YBL113C,0,0.02578572,0.0509832501411438,0.0699300691485405,0.13031302392482758
YNR044W,YDR140W,0,0.02577112,0.05094614252448082,0.0699300691485405,0.13041304051876068
YCL074W,YNR074C,0,0.025721155,0.05090909078717232,0.0699300691485405,0.1305130571126938
YDL246C,YOL004W,0,0.02571507,0.050872091203927994,0.0699300691485405,0.1306130588054657
YPR111W,YNL010W,0,0.025695555,0.05083514750003815,0.0699300691485405,0.1307130753993988
YCR027C,YNR056C,1,0.025693346,0.05152394622564316,0.07092907279729843,0.1307130753993988
YOL141W,YIR005W,0,0.025670929,0.05148658528923988,0.07092907279729843,0.13081307709217072
YPL223C,YMR193W,0,0.025633339,0.05144927650690079,0.07092907279729843,0.13091309368610382
YKR035W-A,YDR353W,0,0.025588285,0.05141201987862587,0.07092907279729843,0.13101309537887573
YKR054C,YFR033C,0,0.02557418,0.05137481912970543,0.07092907279729843,0.13111311197280884
YLR425W,YPR001W,0,0.025559798,0.05133767053484917,0.07092907279729843,0.13121312856674194
YNR044W,YAL031C,0,0.02554813,0.05130057781934738,0.07092907279729843,0.13131313025951385
YLR312W-A,YGL163C,0,0.025547229,0.051263537257909775,0.07092907279729843,0.13141314685344696
YMR169C,YHR156C,0,0.02554685,0.051226552575826645,0.07092907279729843,0.13151314854621887
YNL231C,YIL139C,0,0.025519846,0.051189616322517395,0.07092907279729843,0.13161316514015198
YNL297C,YBL091C-A,0,0.025503475,0.05115273594856262,0.07092907279729843,0.1317131668329239
YOL070C,YGR070W,0,0.025488406,0.051115911453962326,0.07092907279729843,0.131813183426857
YLL034C,YPL098C,0,0.025487315,0.05107913538813591,0.07092907279729843,0.1319131851196289
YLR386W,YLR160C,0,0.025471516,0.05104241520166397,0.07092907279729843,0.132013201713562
YBR275C,YPL183W-A,0,0.025424454,0.05100574716925621,0.07092907279729843,0.13211321830749512
YHL012W,YGL068W,0,0.02541453,0.05096913129091263,0.07092907279729843,0.13221322000026703
YBL089W,YPL274W,1,0.025401862,0.05164992809295654,0.07192806899547577,0.13221322000026703
YMR173W,YBL091C-A,0,0.025401378,0.05161290243268013,0.07192806899547577,0.13231323659420013
YPR030W,YOR261C,0,0.025397979,0.051575932651758194,0.07192806899547577,0.13241323828697205
YDR508C,YEL064C,1,0.025396787,0.05225483328104019,0.0729270726442337,0.13241323828697205
YPR204W,YGR034W,0,0.025396604,0.052217453718185425,0.0729270726442337,0.13251325488090515
YPL200W,YPR171W,0,0.025355488,0.052180130034685135,0.0729270726442337,0.13261325657367706
YIL134W,YFR018C,0,0.025335992,0.05214285850524902,0.0729270726442337,0.13271327316761017
YOR301W,YDR461W,0,0.025314236,0.05210563912987709,0.0729270726442337,0.13281327486038208
YDR195W,YPR152C,0,0.025312075,0.052068471908569336,0.0729270726442337,0.13291329145431519
YJL071W,YBL089W,0,0.025303807,0.05203136056661606,0.0729270726442337,0.1330133080482483
YLR141W,YPL183W-A,0,0.025301844,0.05199430137872696,0.0729270726442337,0.1331133097410202
YOR304C-A,YIR005W,0,0.02528814,0.05195729434490204,0.0729270726442337,0.1332133263349533
YHR209W,YPR133W-A,0,0.025284767,0.051920343190431595,0.0729270726442337,0.13331332802772522
YJR119C,YGR276C,0,0.025282905,0.05188344046473503,0.0729270726442337,0.13341334462165833
YGR145W,YGL163C,0,0.025241446,0.051846589893102646,0.0729270726442337,0.13351334631443024
YPR196W,YNL163C,0,0.025233738,0.05180979520082474,0.0729270726442337,0.13361336290836334
YNL290W,YIR032C,0,0.025212811,0.05177304893732071,0.0729270726442337,0.13371336460113525
YBR020W,YPR200C,0,0.025198586,0.05173635855317116,0.0729270726442337,0.13381338119506836
YPL093W,YNL259C,0,0.025184156,0.051699716597795486,0.0729270726442337,0.13391339778900146
YKR103W,YDL039C,0,0.025121918,0.051663126796483994,0.0729270726442337,0.13401339948177338
YGR095C,YLR042C,0,0.025105301,0.05162659287452698,0.0729270726442337,0.13411341607570648
YPL200W,YLR047C,0,0.025062818,0.05159010738134384,0.0729270726442337,0.1342134177684784
YPL007C,YDR449C,0,0.02505615,0.051553674042224884,0.0729270726442337,0.1343134343624115
YPL151C,YDR083W,0,0.025055695,0.051517289131879807,0.0729270726442337,0.1344134360551834
YJL024C,YDR496C,0,0.02504178,0.051480960100889206,0.0729270726442337,0.13451345264911652
YOR304C-A,YIL048W,0,0.025037995,0.051444679498672485,0.0729270726442337,0.13461345434188843
YKR055W,YOL104C,0,0.025026014,0.05140845105051994,0.0729270726442337,0.13471347093582153
YLR033W,YML039W,0,0.025010621,0.05137227475643158,0.0729270726442337,0.13481348752975464
YKR071C,YJR036C,0,0.024994463,0.051336146891117096,0.0729270726442337,0.13491348922252655
YGL122C,YER104W,0,0.024987172,0.05130007117986679,0.0729270726442337,0.13501350581645966
YLR278C,YPR043W,0,0.024985315,0.051264043897390366,0.0729270726442337,0.13511350750923157
YPR189W,YBR173C,0,0.024981666,0.05122806876897812,0.0729270726442337,0.13521352410316467
YIL159W,YNR003C,0,0.024978938,0.05119214579463005,0.0729270726442337,0.13531352579593658
YBR068C,YFL055W,1,0.02494244,0.05185704305768013,0.07392607629299164,0.13531352579593658
YDR218C,YAL029C,0,0.024905201,0.05182072892785072,0.07392607629299164,0.1354135423898697
YLR329W,YPL252C,0,0.024856964,0.0517844632267952,0.07392607629299164,0.1355135440826416
YBL005W-B,YDL077C,0,0.024834089,0.05174825340509415,0.07392607629299164,0.1356135606765747
YGL244W,YOR382W,0,0.024825212,0.05171208828687668,0.07392607629299164,0.1357135772705078
YBR287W,YHR156C,0,0.024796044,0.05167597904801369,0.07392607629299164,0.13581357896327972
YML028W,YFR019W,0,0.024773927,0.05163991451263428,0.07392607629299164,0.13591359555721283
YLR429W,YPL093W,0,0.024773074,0.051603905856609344,0.07392607629299164,0.13601359724998474
YBR275C,YBR031W,0,0.02473879,0.05156794562935829,0.07392607629299164,0.13611361384391785
YDR351W,YJL034W,0,0.024723478,0.05153203383088112,0.07392607629299164,0.13621361553668976
YHR005C-A,YPR160W,0,0.024684342,0.051496174186468124,0.07392607629299164,0.13631363213062286
YOR378W,YJL124C,0,0.02467162,0.05146036297082901,0.07392607629299164,0.13641364872455597
YHR060W,YIL170W,0,0.024596317,0.051424600183963776,0.07392607629299164,0.13651365041732788
YHR179W,YDR240C,0,0.024579883,0.05138888955116272,0.07392607629299164,0.136613667011261
YDR371W,YOL141W,0,0.02457012,0.051353227347135544,0.07392607629299164,0.1367136687040329
YDL133C-A,YNR010W,0,0.024567,0.05131761357188225,0.07392607629299164,0.136813685297966
YFL066C,YPR006C,0,0.024520995,0.05128205195069313,0.07392607629299164,0.13691368699073792
YFL066C,YBL068W,0,0.02450915,0.05124653875827789,0.07392607629299164,0.13701370358467102
YDR233C,YER137C,0,0.024490902,0.051211073994636536,0.07392607629299164,0.13711370527744293
YER098W,YLR043C,0,0.02447794,0.05117565765976906,0.07392607629299164,0.13721372187137604
YMR117C,YGR155W,0,0.024470152,0.05114028975367546,0.07392607629299164,0.13731373846530914
YBL028C,YMR296C,0,0.024458785,0.05110497400164604,0.07392607629299164,0.13741374015808105
YBR261C,YMR046C,0,0.024447683,0.051069702953100204,0.07392607629299164,0.13751375675201416
YMR117C,YPR060C,0,0.024435915,0.051034484058618546,0.07392607629299164,0.13761375844478607
YBR195C,YML052W,0,0.024424545,0.05099930986762047,0.07392607629299164,0.13771377503871918
YJL140W,YJL130C,0,0.024422636,0.05096418783068657,0.07392607629299164,0.1378137767314911
YFL055W,YDR508C,1,0.024406757,0.0516173429787159,0.07492507249116898,0.1378137767314911
YBR020W,YGR085C,0,0.024394436,0.05158184468746185,0.07492507249116898,0.1379137933254242
YJR119C,YOR145C,0,0.024390385,0.05154639109969139,0.07492507249116898,0.1380137950181961
YPL082C,YMR046C,0,0.024380583,0.05151098966598511,0.07492507249116898,0.1381138116121292
YDR159W,YPL093W,0,0.024341496,0.051475636661052704,0.07492507249116898,0.13821382820606232
YHR119W,YMR267W,0,0.024341077,0.05144032835960388,0.07492507249116898,0.13831382989883423
YLR113W,YGL113W,0,0.024331734,0.05140507221221924,0.07492507249116898,0.13841384649276733
YOL101C,YJL095W,0,0.024326144,0.051369864493608475,0.07492507249116898,0.13851384818553925
YKL130C,YEL070W,0,0.02432461,0.05133470147848129,0.07492507249116898,0.13861386477947235
YER125W,YMR025W,0,0.024324361,0.05129959061741829,0.07492507249116898,0.13871386647224426
YCL018W,YGR276C,0,0.024295978,0.05126452445983887,0.07492507249116898,0.13881388306617737
YCL069W,YBL089W,1,0.024289073,0.051912568509578705,0.07592407613992691,0.13881388306617737
YOL070C,YKL180W,0,0.024276985,0.051877133548259735,0.07592407613992691,0.13891388475894928
YGL186C,YIL132C,0,0.024257343,0.051841747015714645,0.07592407613992691,0.13901390135288239
YFL010W-A,YNL065W,1,0.024252363,0.052488069981336594,0.07692307978868484,0.13901390135288239
YLR129W,YGR179C,0,0.024239695,0.052452314645051956,0.07692307978868484,0.1391139179468155
YBR118W,YER017C,0,0.02422816,0.0524166114628315,0.07692307978868484,0.1392139196395874
YBR274W,YJR026W,0,0.024210867,0.05238095298409462,0.07692307978868484,0.1393139362335205
YDR160W,YPL265W,1,0.024201231,0.053025152534246445,0.07792207598686218,0.1393139362335205
YGR285C,YIL159W,0,0.024164278,0.05298912897706032,0.07792207598686218,0.13941393792629242
YBR271W,YCR002C,0,0.024163365,0.05295315757393837,0.07792207598686218,0.13951395452022552
YOL141W,YPR135W,0,0.024161203,0.0529172308743,0.07792207598686218,0.13961395621299744
YGL172W,YOR378W,0,0.024159824,0.052881356328725815,0.07792207598686218,0.13971397280693054
YPL150W,YJR028W,0,0.02415922,0.05284553021192551,0.07792207598686218,0.13981397449970245
YPR125W,YFL013C,0,0.024158437,0.05280974879860878,0.07792207598686218,0.13991399109363556
YBR067C,YPR200C,0,0.024147918,0.05277401953935623,0.07792207598686218,0.14001400768756866
YMR186W,YGL051W,0,0.0241439,0.052738334983587265,0.07792207598686218,0.14011400938034058
YOR279C,YMR159C,0,0.024142558,0.05270270258188248,0.07792207598686218,0.14021402597427368
YNL065W,YPR021C,1,0.024138566,0.05334233492612839,0.07892107963562012,0.14021402597427368
YJR082C,YBR294W,0,0.024125207,0.05330634117126465,0.07892107963562012,0.1403140276670456
YCR046C,YGL190C,0,0.024112912,0.05327039957046509,0.07892107963562012,0.1404140442609787
YEL069C,YOR237W,0,0.024112025,0.05323450267314911,0.07892107963562012,0.1405140459537506
YBL112C,YNR015W,0,0.024087207,0.05319865420460701,0.07892107963562012,0.14061406254768372
YFR031C,YLL017W,0,0.024077637,0.05316285416483879,0.07892107963562012,0.14071406424045563
YGR077C,YOR298W,0,0.024056127,0.05312710255384445,0.07892107963562012,0.14081408083438873
YKR103W,YHR008C,0,0.024048219,0.05309139937162399,0.07892107963562012,0.14091409742832184
YLR383W,YER104W,0,0.024040598,0.053055740892887115,0.07892107963562012,0.14101409912109375
YPL200W,YLR389C,0,0.024032999,0.053020134568214417,0.07892107963562012,0.14111411571502686
YIL142W,YML039W,0,0.024030913,0.0529845729470253,0.07892107963562012,0.14121411740779877
YDR351W,YPR187W,0,0.024025321,0.05294906347990036,0.07892107963562012,0.14131413400173187
YMR319C,YBR257W,0,0.024023745,0.052913594990968704,0.07892107963562012,0.14141413569450378
YDL024C,YKL015W,0,0.024006177,0.05287817865610123,0.07892107963562012,0.1415141522884369
YNL297C,YEL029C,0,0.024005204,0.05284281075000763,0.07892107963562012,0.1416141539812088
YDR160W,YBR132C,1,0.023989838,0.05347593501210213,0.07992008328437805,0.1416141539812088
YDR046C,YFL055W,1,0.023988737,0.05410821735858917,0.08091907948255539,0.1416141539812088
YDR457W,YOR294W,0,0.023980124,0.054072096943855286,0.08091907948255539,0.1417141705751419
YGR169C,YLL017W,0,0.023961762,0.05403602495789528,0.08091907948255539,0.141814187169075
YHR209W,YIL177C,0,0.02395743,0.05400000140070915,0.08091907948255539,0.14191418886184692
YHR029C,YER137C,0,0.02394853,0.05396402254700661,0.08091907948255539,0.14201420545578003
YLR024C,YLL033W,0,0.02394471,0.05392809584736824,0.08091907948255539,0.14211420714855194
YBR080C,YDR159W,0,0.023923662,0.053892213851213455,0.08091907948255539,0.14221422374248505
YGL158W,YAR002C-A,0,0.023874735,0.05385638400912285,0.08091907948255539,0.14231422543525696
YNL101W,YHL036W,1,0.02386715,0.05448504909873009,0.08191808313131332,0.14231422543525696
YGR282C,YLR316C,0,0.02386136,0.054448872804641724,0.08191808313131332,0.14241424202919006
YBR172C,YPR133W-A,0,0.023850134,0.05441274121403694,0.08191808313131332,0.14251425862312317
YFL010W-A,YHL036W,1,0.023839438,0.05503978952765465,0.08291707932949066,0.14251425862312317
YPL082C,YNL192W,0,0.023825832,0.05500331521034241,0.08291707932949066,0.14261426031589508
YBL112C,YJR063W,0,0.02378376,0.05496688559651375,0.08291707932949066,0.14271427690982819
YKL176C,YFL010W-A,1,0.023774732,0.05559232458472252,0.0839160829782486,0.14271427690982819
YOL155C,YER019C-A,0,0.023737133,0.0555555559694767,0.0839160829782486,0.1428142786026001
YJR026W,YNL122C,0,0.023716472,0.05551883578300476,0.0839160829782486,0.1429142951965332
YGR032W,YJR053W,0,0.023710528,0.055482167750597,0.0839160829782486,0.14301429688930511
YKR054C,YPR002W,0,0.023697209,0.05544554442167282,0.0839160829782486,0.14311431348323822
YDR492W,YHL027W,0,0.023677833,0.05540896952152252,0.0839160829782486,0.14321431517601013
YAL031C,YDR444W,0,0.023674997,0.0553724467754364,0.0839160829782486,0.14331433176994324
YNL271C,YDR233C,0,0.0236672,0.05533596873283386,0.0839160829782486,0.14341434836387634
YKR071C,YKR019C,0,0.02363682,0.0552995391190052,0.0839160829782486,0.14351435005664825
YPL064C,YPR204W,0,0.02362949,0.055263157933950424,0.0839160829782486,0.14361436665058136
YPL252C,YLR042C,0,0.023620654,0.055226825177669525,0.0839160829782486,0.14371436834335327
YJR010W,YER049W,0,0.023601811,0.05519053712487221,0.0839160829782486,0.14381438493728638
YDR064W,YNL298W,0,0.023600405,0.05515430122613907,0.0839160829782486,0.1439143866300583
YLR312W-A,YDL022W,0,0.02358485,0.05511811003088951,0.0839160829782486,0.1440144032239914
YCR027C,YCL069W,1,0.02357745,0.055737704038619995,0.08491508662700653,0.1440144032239914
YAL022C,YJL130C,0,0.023547906,0.055701181292533875,0.08491508662700653,0.1441144049167633
YJL024C,YGL103W,0,0.023539744,0.055664703249931335,0.08491508662700653,0.1442144215106964
YDR449C,YDL077C,0,0.023513027,0.055628273636102676,0.08491508662700653,0.14431443810462952
YMR032W,YGR134W,0,0.02347276,0.0555918887257576,0.08491508662700653,0.14441443979740143
YOR313C,YMR213W,0,0.023467947,0.0555555559694767,0.08491508662700653,0.14451445639133453
YAL024C,YHR156C,0,0.023457645,0.05551926791667938,0.08491508662700653,0.14461445808410645
YDR518W,YKL205W,0,0.023436047,0.055483028292655945,0.08491508662700653,0.14471447467803955
YGR070W,YMR273C,0,0.023434235,0.05544683709740639,0.08491508662700653,0.14481447637081146
YJL087C,YDL133C-A,0,0.023424035,0.05541069060564041,0.08491508662700653,0.14491449296474457
YPR021C,YGL077C,1,0.023416068,0.05602606013417244,0.08591408282518387,0.14491449296474457
YPL007C,YFR033C,0,0.023382332,0.0559895820915699,0.08591408282518387,0.14501449465751648
YKL201C,YPR152C,0,0.023382038,0.05595315620303154,0.08591408282518387,0.14511451125144958
YNL032W,YEL030W,0,0.023371467,0.05591677501797676,0.08591408282518387,0.1452145278453827
YBR002C,YDR332W,0,0.023318956,0.05588044226169586,0.08591408282518387,0.1453145295381546
YGR105W,YOR226C,0,0.023311215,0.055844154208898544,0.08591408282518387,0.1454145461320877
YNL110C,YDR138W,0,0.023307296,0.055807918310165405,0.08591408282518387,0.14551454782485962
YMR046C,YGL103W,0,0.023293307,0.05577172338962555,0.08591408282518387,0.14561456441879272
YFR021W,YPR200C,0,0.023290765,0.05573558062314987,0.08591408282518387,0.14571456611156464
YER087W,YOR298W,0,0.023260232,0.055699482560157776,0.08591408282518387,0.14581458270549774
YBL091C-A,YHR039C-A,0,0.023248492,0.05566342920064926,0.08591408282518387,0.14591458439826965
YDL133C-A,YIL006W,0,0.023237221,0.05562742426991463,0.08591408282518387,0.14601460099220276
YJL114W,YKR066C,0,0.023235798,0.05559146776795387,0.08591408282518387,0.14611461758613586
YCL074W,YLL012W,0,0.023230828,0.0555555559694767,0.08591408282518387,0.14621461927890778
YKL203C,YGL241W,0,0.02322798,0.05551968887448311,0.08591408282518387,0.14631463587284088
YMR046C,YHR057C,0,0.023227798,0.0554838702082634,0.08591408282518387,0.1464146375656128
YBR238C,YPL208W,0,0.023224859,0.05544809624552727,0.08591408282518387,0.1465146541595459
YPR113W,YGR077C,0,0.023194639,0.05541237071156502,0.08591408282518387,0.1466146558523178
YIL177C,YER137C,0,0.023192268,0.05537668988108635,0.08591408282518387,0.14671467244625092
YDR492W,YDR240C,0,0.023143351,0.05534105375409126,0.08591408282518387,0.14681467413902283
YDL133C-A,YOR261C,0,0.023134757,0.055305466055870056,0.08591408282518387,0.14691469073295593
YLL008W,YDR415C,0,0.02312424,0.05526992306113243,0.08591408282518387,0.14701470732688904
YDR240C,YGL226C-A,0,0.02311366,0.05523442476987839,0.08591408282518387,0.14711470901966095
YFL010W-A,YFL055W,1,0.023083499,0.05584082007408142,0.0869130864739418,0.14711470901966095
YCL074W,YLR401C,0,0.023083355,0.05580500140786171,0.0869130864739418,0.14721472561359406
YDR072C,YJR026W,0,0.023040308,0.05576923117041588,0.0869130864739418,0.14731472730636597
YPR149W,YMR075W,0,0.023008617,0.05573350563645363,0.0869130864739418,0.14741474390029907
YJL024C,YDR062W,0,0.022992538,0.05569782480597496,0.0869130864739418,0.14751474559307098
YMR046C,YKR069W,0,0.022984581,0.055662188678979874,0.0869130864739418,0.1476147621870041
YCR093W,YMR046C,0,0.02297424,0.05562659725546837,0.0869130864739418,0.1477147787809372
YNL044W,YLR278C,0,0.022971103,0.05559105426073074,0.0869130864739418,0.1478147804737091
YNL138W,YNR060W,0,0.022964684,0.0555555559694767,0.0869130864739418,0.1479147970676422
YML080W,YGR271W,0,0.022913598,0.05552010238170624,0.0869130864739418,0.14801479876041412
YKL174C,YDL210W,1,0.022909744,0.05612244829535484,0.08791209012269974,0.14801479876041412
YIL139C,YLR130C,0,0.022893738,0.05608667805790901,0.08791209012269974,0.14811481535434723
YMR182C,YDL217C,0,0.022874037,0.05605095624923706,0.08791209012269974,0.14821481704711914
YLR295C,YDR285W,0,0.02286272,0.05601527541875839,0.08791209012269974,0.14831483364105225
YDL197C,YEL053C,0,0.022845661,0.055979643017053604,0.08791209012269974,0.14841483533382416
YJR138W,YKL078W,0,0.022840774,0.0559440553188324,0.08791209012269974,0.14851485192775726
YER014C-A,YER017C,0,0.022839874,0.05590851232409477,0.08791209012269974,0.14861486852169037
YPR111W,YHR041C,0,0.022813715,0.05587301403284073,0.08791209012269974,0.14871487021446228
YNR056C,YPL274W,1,0.022813449,0.05647208169102669,0.08891108632087708,0.14871487021446228
YCL074W,YOR089C,0,0.022804968,0.05643627047538757,0.08891108632087708,0.14881488680839539
YCL036W,YGL094C,0,0.02280055,0.05640050768852234,0.08891108632087708,0.1489148885011673
YLR312W-A,YMR172W,0,0.022787193,0.056364789605140686,0.08891108632087708,0.1490149050951004
YNL101W,YCL069W,1,0.02277793,0.0569620244204998,0.08991008996963501,0.1490149050951004
YJR151C,YFR036W,0,0.022775939,0.056925997138023376,0.08991008996963501,0.14911490678787231
YDR064W,YJL225C,0,0.022762025,0.056890010833740234,0.08991008996963501,0.14921492338180542
YBL011W,YGL169W,0,0.02274887,0.05685407295823097,0.08991008996963501,0.14931492507457733
YKL090W,YNR072W,0,0.02274789,0.05681818351149559,0.08991008996963501,0.14941494166851044
YFL066C,YNL182C,0,0.022714602,0.05678233504295349,0.08991008996963501,0.14951495826244354
YNL010W,YOR279C,0,0.022705289,0.056746531277894974,0.08991008996963501,0.14961495995521545
YDL171C,YFL010W-A,0,0.022702586,0.056710775941610336,0.08991008996963501,0.14971497654914856
YDR046C,YDR160W,1,0.022670638,0.057304784655570984,0.09090909361839294,0.14971497654914856
YGL122C,YHR209W,0,0.022667255,0.05726872384548187,0.09090909361839294,0.14981497824192047
YEL012W,YPR200C,0,0.022657312,0.057232704013586044,0.09090909361839294,0.14991499483585358
YOL093W,YMR272C,0,0.022654917,0.057196732610464096,0.09090909361839294,0.1500149965286255
YAL054C,YMR193W,0,0.02262699,0.05716080218553543,0.09090909361839294,0.1501150131225586
YJL087C,YGL068W,0,0.022618197,0.057124920189380646,0.09090909361839294,0.1502150148153305
YDR415C,YDR461W,0,0.022608876,0.05708908289670944,0.09090909361839294,0.1503150314092636
YNL026W,YOL104C,0,0.022596367,0.05705329030752182,0.09090909361839294,0.15041504800319672
YLR191W,YDL133C-A,0,0.022557924,0.05701754242181778,0.09090909361839294,0.15051504969596863
YNR072W,YGL113W,0,0.022542993,0.05698183923959732,0.09090909361839294,0.15061506628990173
YDR419W,YDL245C,0,0.022540245,0.05694618448615074,0.09090909361839294,0.15071506798267365
YLL041C,YFR018C,0,0.022540225,0.056910570710897446,0.09090909361839294,0.15081508457660675
YCL069W,YPL265W,1,0.022530241,0.057500001043081284,0.09190808981657028,0.15081508457660675
YGR179C,YER052C,0,0.022502912,0.05746408551931381,0.09190808981657028,0.15091508626937866
YPL112C,YLR213C,0,0.022467246,0.05742821469902992,0.09190808981657028,0.15101510286331177
YJL117W,YFR036W,0,0.022447886,0.057392388582229614,0.09190808981657028,0.15111510455608368
YJL225C,YOL101C,0,0.022446144,0.05735660716891289,0.09190808981657028,0.15121512115001678
YLR187W,YML039W,0,0.022444887,0.05732087045907974,0.09190808981657028,0.1513151377439499
YFL010W-A,YEL064C,1,0.022435453,0.057907845824956894,0.09290709346532822,0.1513151377439499
YDL245C,YKL061W,0,0.02242463,0.05787181109189987,0.09290709346532822,0.1514151394367218
YJR138W,YPR001W,0,0.022416035,0.05783582106232643,0.09290709346532822,0.1515151560306549
YDL045W-A,YDR304C,0,0.022407107,0.05779987573623657,0.09290709346532822,0.15161515772342682
YOR348C,YBL089W,1,0.022400476,0.05838509276509285,0.09390609711408615,0.15161515772342682
YHR175W,YFR019W,0,0.02239321,0.05834885314106941,0.09390609711408615,0.15171517431735992
YOL010W,YMR046C,0,0.022375062,0.05831265449523926,0.09390609711408615,0.15181517601013184
YDR383C,YNL274C,0,0.022371996,0.05827650427818298,0.09390609711408615,0.15191519260406494
YCR087C-A,YLL055W,0,0.022364968,0.05824039503931999,0.09390609711408615,0.15201519429683685
YFR036W,YLR301W,0,0.022361366,0.05820433422923088,0.09390609711408615,0.15211521089076996
YNR057C,YKR028W,0,0.022360867,0.05816831812262535,0.09390609711408615,0.15221522748470306
YOR310C,YCR002C,0,0.022342313,0.058132342994213104,0.09390609711408615,0.15231522917747498
YPR204W,YML030W,0,0.02230724,0.05809641629457474,0.09390609711408615,0.15241524577140808
YDR030C,YBR061C,0,0.022301033,0.058060530573129654,0.09390609711408615,0.15251524746418
YBR020W,YNL290W,0,0.022290207,0.05802468955516815,0.09390609711408615,0.1526152640581131
YPL167C,YMR296C,0,0.022272594,0.05798889696598053,0.09390609711408615,0.152715265750885
YEL037C,YDL045W-A,0,0.022268727,0.05795314535498619,0.09390609711408615,0.15281528234481812
YKL161C,YKL186C,0,0.022248702,0.05791743844747543,0.09390609711408615,0.15291529893875122
YDR138W,YFL017W-A,0,0.022223126,0.05788177251815796,0.09390609711408615,0.15301530063152313
YMR179W,YDR218C,0,0.022203812,0.057846155017614365,0.09390609711408615,0.15311531722545624
YOR287C,YKL001C,0,0.022197481,0.05781057849526405,0.09390609711408615,0.15321531891822815
YDR174W,YML039W,0,0.022194775,0.057775046676397324,0.09390609711408615,0.15331533551216125
YCL069W,YMR088C,1,0.022194382,0.05835380777716637,0.09490509331226349,0.15331533551216125
YHR066W,YMR238W,0,0.022193793,0.05831798538565636,0.09490509331226349,0.15341533720493317
YDL133C-A,YLR024C,0,0.022187775,0.05828220769762993,0.09490509331226349,0.15351535379886627
YFL014W,YOR298W,0,0.022170192,0.05824647471308708,0.09490509331226349,0.15361535549163818
YDL133C-A,YIL135C,0,0.02213633,0.05821078270673752,0.09490509331226349,0.1537153720855713
YBR182C,YFR018C,0,0.022123687,0.058175139129161835,0.09490509331226349,0.1538153886795044
YFL010W-A,YNL268W,1,0.022116398,0.058751530945301056,0.09590409696102142,0.1538153886795044
YDL107W,YNR060W,0,0.022111898,0.05871559679508209,0.09590409696102142,0.1539153903722763
YDR415C,YLR278C,0,0.022091882,0.05867970734834671,0.09590409696102142,0.1540154069662094
YCL069W,YGR142W,1,0.022081614,0.059254735708236694,0.09690310060977936,0.1540154069662094
YGL226C-A,YER104W,0,0.022071447,0.05921855941414833,0.09690310060977936,0.15411540865898132
YFL010W-A,YBR243C,0,0.02206571,0.05918242782354355,0.09690310060977936,0.15421542525291443
YKR102W,YAL029C,0,0.022062825,0.05914634093642235,0.09690310060977936,0.15431542694568634
YGR036C,YBL098W,0,0.022059385,0.05911029875278473,0.09690310060977936,0.15441544353961945
YDL212W,YHL036W,1,0.02205546,0.059683311730623245,0.0979020968079567,0.15441544353961945
YKL038W,YDR472W,0,0.022054628,0.05964698642492294,0.0979020968079567,0.15451544523239136
YOL155C,YMR137C,0,0.022045786,0.05961070582270622,0.0979020968079567,0.15461546182632446
YGR191W,YEL064C,1,0.022039847,0.060182370245456696,0.09890110045671463,0.15461546182632446
YDR146C,YOL104C,0,0.022038167,0.06014580652117729,0.09890110045671463,0.15471547842025757
YDR454C,YKL061W,0,0.022030467,0.06010929122567177,0.09890110045671463,0.15481548011302948
YPL200W,YMR304W,0,0.022013959,0.06007281690835953,0.09890110045671463,0.15491549670696259
YFL038C,YPR030W,0,0.022001954,0.06003638729453087,0.09890110045671463,0.1550154983997345
YMR117C,YKL015W,0,0.021994174,0.05999999865889549,0.09890110045671463,0.1551155149936676
YAL024C,YDL198C,0,0.021971947,0.059963658452034,0.09890110045671463,0.15521551668643951
YCL074W,YOL043C,0,0.021954395,0.059927359223365784,0.09890110045671463,0.15531553328037262
YBL089W,YDL210W,1,0.021944216,0.060496069490909576,0.09990009665489197,0.15531553328037262
YCL069W,YEL064C,1,0.021940911,0.061064086854457855,0.1008991003036499,0.15531553328037262
YER125W,YDR403W,0,0.021937177,0.06102719157934189,0.1008991003036499,0.15541553497314453
YKR103W,YPL098C,0,0.021935213,0.060990337282419205,0.1008991003036499,0.15551555156707764
YLL061W,YCL069W,1,0.021932757,0.06155703216791153,0.10189810395240784,0.15551555156707764
YMR182C,YEL037C,0,0.021932615,0.06151990219950676,0.10189810395240784,0.15561556816101074
YDL054C,YOR377W,0,0.021908082,0.06148282065987587,0.10189810395240784,0.15571556985378265
YMR238W,YLR213C,0,0.021905443,0.06144578382372856,0.10189810395240784,0.15581558644771576
YPL274W,YOR098C,0,0.02190493,0.061408791691064835,0.10189810395240784,0.15591558814048767
YIL095W,YOR099W,0,0.021904778,0.06137184053659439,0.10189810395240784,0.15601560473442078
YHR047C,YKR103W,0,0.021902898,0.06133493781089783,0.10189810395240784,0.1561156064271927
YJR070C,YML049C,0,0.021902198,0.061298076063394547,0.10189810395240784,0.1562156230211258
YDL245C,YLR187W,0,0.021889396,0.061261262744665146,0.10189810395240784,0.1563156247138977
YOR355W,YFL013C,0,0.021884665,0.06122449040412903,0.10189810395240784,0.1564156413078308
YKL130C,YDR281C,0,0.021880548,0.06118776276707649,0.10189810395240784,0.15651565790176392
YKL001C,YDR444W,0,0.021879742,0.06115107983350754,0.10189810395240784,0.15661565959453583
YKL174C,YNR056C,1,0.02187403,0.061713602393865585,0.10289710015058517,0.15661565959453583
YER151C,YDR245W,0,0.021872528,0.06167664751410484,0.10289710015058517,0.15671567618846893
YHR066W,YEL056W,0,0.021858439,0.06163973733782768,0.10289710015058517,0.15681567788124084
YNR004W,YGR089W,0,0.021850305,0.0616028718650341,0.10289710015058517,0.15691569447517395
YMR112C,YLR141W,0,0.021849697,0.06156604737043381,0.10289710015058517,0.15701569616794586
YBL113C,YPL104W,0,0.021821814,0.06152927130460739,0.10289710015058517,0.15711571276187897
YDL133C-A,YDR285W,0,0.02181821,0.06149253621697426,0.10289710015058517,0.15721571445465088
YEL069C,YOR324C,0,0.021811819,0.06145584583282471,0.10289710015058517,0.15731573104858398
YFL010W-A,YBR068C,1,0.02180624,0.06201550364494324,0.10389610379934311,0.15731573104858398
YNL101W,YBR069C,1,0.02179945,0.06257449090480804,0.10489510744810104,0.15731573104858398
YDL217C,YGL183C,0,0.021783676,0.06253722310066223,0.10489510744810104,0.1574157476425171
YOR378W,YNL078W,0,0.021781297,0.0625,0.10489510744810104,0.157515749335289
YML112W,YAR035W,0,0.021757852,0.06246282160282135,0.10489510744810104,0.1576157659292221
YKL053C-A,YPR159W,0,0.021756643,0.06242568418383598,0.10489510744810104,0.15771576762199402
YDR076W,YMR213W,0,0.021753859,0.0623885914683342,0.10489510744810104,0.15781578421592712
YCL074W,YDR392W,0,0.021749603,0.062351543456315994,0.10489510744810104,0.15791578590869904
YBR069C,YJR001W,1,0.021745209,0.06290800869464874,0.10589410364627838,0.15791578590869904
YOL057W,YHR059W,0,0.021741081,0.06287069618701935,0.10589410364627838,0.15801580250263214
YHR005C-A,YLL040C,0,0.02173952,0.06283343583345413,0.10589410364627838,0.15811580419540405
YNL172W,YJL140W,0,0.021737643,0.0627962052822113,0.10589410364627838,0.15821582078933716
YGR251W,YNL172W,0,0.02173704,0.06275902688503265,0.10589410364627838,0.15831583738327026
YPL139C,YAR035W,0,0.021726249,0.06272189319133759,0.10589410364627838,0.15841583907604218
YGR155W,YBL034C,0,0.021706596,0.0626848042011261,0.10589410364627838,0.15851585566997528
YIL143C,YGR225W,0,0.021705676,0.0626477524638176,0.10589410364627838,0.1586158573627472
YDL059C,YBR243C,0,0.021681735,0.06261075288057327,0.10589410364627838,0.1587158739566803
YOR351C,YDR404C,0,0.021669507,0.06257379055023193,0.10589410364627838,0.1588158756494522
YBR293W,YFL010W-A,1,0.021658145,0.06312684714794159,0.10689310729503632,0.1588158756494522
YOR338W,YLR309C,0,0.021649994,0.06308962404727936,0.10689310729503632,0.15891589224338531
YJL191W,YLR209C,0,0.021644637,0.06305244565010071,0.10689310729503632,0.15901590883731842
YFL055W,YCL025C,1,0.021634648,0.06360424309968948,0.10789211094379425,0.15901590883731842
YDR167W,YCL004W,0,0.021595692,0.06356680393218994,0.10789211094379425,0.15911591053009033
YPR125W,YFR052W,0,0.02157377,0.06352940946817398,0.10789211094379425,0.15921592712402344
YNL032W,YBR115C,0,0.021546863,0.0634920671582222,0.10789211094379425,0.15931592881679535
YLR325C,YKR044W,0,0.021543005,0.0634547621011734,0.10789211094379425,0.15941594541072845
YOR148C,YDR138W,0,0.021541594,0.06341750174760818,0.10789211094379425,0.15951594710350037
YDL227C,YNR003C,0,0.02153436,0.06338027864694595,0.10789211094379425,0.15961596369743347
YBL098W,YBR243C,0,0.021533767,0.0633431077003479,0.10789211094379425,0.15971596539020538
YPL274W,YFL023W,0,0.021516114,0.06330598145723343,0.10789211094379425,0.1598159819841385
YDR167W,YIR018W,0,0.02150778,0.06326889246702194,0.10789211094379425,0.1599159985780716
YDR378C,YLR312W-A,0,0.021490918,0.06323184818029404,0.10789211094379425,0.1600160002708435
YJL005W,YHR214C-B,0,0.021485142,0.06319484859704971,0.10789211094379425,0.1601160168647766
YAL040C,YLR050C,0,0.021484511,0.06315789371728897,0.10789211094379425,0.16021601855754852
YKR039W,YBL089W,1,0.021476813,0.0637054368853569,0.10889110714197159,0.16021601855754852
YHL036W,YMR088C,1,0.021475803,0.0642523393034935,0.10989011079072952,0.16021601855754852
YCR057C,YLR268W,0,0.02147227,0.06421482563018799,0.10989011079072952,0.16031603515148163
YJR082C,YDR369C,0,0.021456625,0.06417736411094666,0.10989011079072952,0.16041603684425354
YJL214W,YNL078W,0,0.021455029,0.0641399398446083,0.10989011079072952,0.16051605343818665
YMR169C,YMR046C,0,0.021443484,0.06410256773233414,0.10989011079072952,0.16061605513095856
YPR194C,YDR090C,0,0.021419847,0.06406523287296295,0.10989011079072952,0.16071607172489166
YFR018C,YDL208W,0,0.021407487,0.06402794271707535,0.10989011079072952,0.16081608831882477
YBL005W-B,YOR209C,0,0.021404112,0.06399068981409073,0.10989011079072952,0.16091609001159668
YDL028C,YIL083C,0,0.021401446,0.06395348906517029,0.10989011079072952,0.16101610660552979
YBR010W,YGR239C,0,0.021391666,0.06391632556915283,0.10989011079072952,0.1611161082983017
YNL032W,YLL017W,0,0.021386836,0.06387920677661896,0.10989011079072952,0.1612161248922348
YOR323C,YKR054C,0,0.021386301,0.06384213268756866,0.10989011079072952,0.1613161265850067
YER138C,YKL038W,0,0.021384738,0.06380510330200195,0.10989011079072952,0.16141614317893982
YMR168C,YJL134W,0,0.021379745,0.06376811861991882,0.10989011079072952,0.16151614487171173
YDR046C,YCL069W,1,0.021372711,0.06431054323911667,0.11088911443948746,0.16151614487171173
YJR151C,YBR080C,0,0.021354862,0.06427330523729324,0.11088911443948746,0.16161616146564484
YLR005W,YLL061W,0,0.021330277,0.0642361119389534,0.11088911443948746,0.16171617805957794
YOL020W,YCL069W,1,0.021324325,0.06477732956409454,0.1118881106376648,0.16171617805957794
YJL114W,YLR219W,0,0.02130798,0.0647398829460144,0.1118881106376648,0.16181617975234985
YOL045W,YBL091C-A,0,0.021292897,0.06470248103141785,0.1118881106376648,0.16191619634628296
YKL161C,YLR005W,0,0.021292364,0.06466512382030487,0.1118881106376648,0.16201619803905487
YEL069C,YDR304C,0,0.021252222,0.06462781131267548,0.1118881106376648,0.16211621463298798
YJR057W,YDR207C,0,0.021236666,0.06459054350852966,0.1118881106376648,0.1622162163257599
YHR061C,YPL110C,0,0.021236056,0.06455331295728683,0.1118881106376648,0.162316232919693
YOR298W,YGL259W,0,0.021217274,0.06451612710952759,0.1118881106376648,0.1624162346124649
YKL203C,YJL117W,0,0.021213692,0.06447898596525192,0.1118881106376648,0.162516251206398
YDR414C,YPL180W,0,0.021208368,0.06444188952445984,0.1118881106376648,0.16261626780033112
YDL024C,YNL026W,0,0.021162955,0.06440483033657074,0.1118881106376648,0.16271626949310303
YER162C,YOL026C,0,0.021155683,0.06436781585216522,0.1118881106376648,0.16281628608703613
YKL119C,YKL095W,0,0.02115004,0.06433084607124329,0.1118881106376648,0.16291628777980804
YDR285W,YNR018W,0,0.021139478,0.06429391354322433,0.1118881106376648,0.16301630437374115
YOR232W,YNL080C,0,0.02112931,0.06425702571868896,0.1118881106376648,0.16311630606651306
YCR027C,YBR069C,1,0.021116285,0.06479357928037643,0.11288711428642273,0.16311630606651306
YGR056W,YAL024C,0,0.02111383,0.06475644558668137,0.11288711428642273,0.16321632266044617
YDR046C,YGL077C,1,0.02110211,0.06529209762811661,0.11388611048460007,0.16321632266044617
YHR085W,YDR218C,0,0.02108403,0.06525472551584244,0.11388611048460007,0.16331632435321808
YHR061C,YEL056W,0,0.021072656,0.06521739065647125,0.11388611048460007,0.16341634094715118
YJL114W,YLR028C,0,0.021031529,0.06518010050058365,0.11388611048460007,0.1635163575410843
YHR164C,YJL141C,0,0.021024536,0.06514285504817963,0.11388611048460007,0.1636163592338562
YPR200C,YOL090W,0,0.02102134,0.06510565429925919,0.11388611048460007,0.1637163758277893
YEL069C,YBR059C,0,0.021015503,0.06506849080324173,0.11388611048460007,0.16381637752056122
YPR191W,YIR025W,0,0.021006048,0.06503137201070786,0.11388611048460007,0.16391639411449432
YDR138W,YOR351C,0,0.020983446,0.06499429792165756,0.11388611048460007,0.16401639580726624
YNL192W,YDR159W,0,0.0209771,0.06495726853609085,0.11388611048460007,0.16411641240119934
YFL010W-A,YCL038C,1,0.020966394,0.0654897466301918,0.114885114133358,0.16411641240119934
YPL200W,YAL029C,0,0.020964002,0.06545247882604599,0.114885114133358,0.16421642899513245
YLR289W,YDL246C,0,0.020962572,0.06541524827480316,0.114885114133358,0.16431643068790436
YHR039C-A,YBR281C,0,0.020960659,0.06537805497646332,0.114885114133358,0.16441644728183746
YER013W,YPR043W,0,0.020938786,0.06534090638160706,0.114885114133358,0.16451644897460938
YOR348C,YGL077C,1,0.0209362,0.06587166339159012,0.11588411778211594,0.16451644897460938
YLR165C,YDR207C,0,0.02093568,0.06583427637815475,0.11588411778211594,0.16461646556854248
YJL081C,YKL095W,0,0.020923069,0.06579693406820297,0.11588411778211594,0.1647164672613144
YLR312W-A,YOL043C,0,0.020916607,0.06575963646173477,0.11588411778211594,0.1648164838552475
YCL018W,YGL183C,0,0.020915382,0.06572237610816956,0.11588411778211594,0.1649164855480194
YMR146C,YGL174W,0,0.020913385,0.06568516790866852,0.11588411778211594,0.16501650214195251
YGR225W,YDR457W,0,0.020911427,0.06564798951148987,0.11588411778211594,0.16511651873588562
YFL057C,YNR072W,0,0.020910745,0.0656108632683754,0.11588411778211594,0.16521652042865753
YNR006W,YGR072W,0,0.020891417,0.06557376682758331,0.11588411778211594,0.16531653702259064
YCL069W,YBR132C,1,0.020885421,0.06610169261693954,0.11688311398029327,0.16531653702259064
YDR222W,YNL078W,0,0.020875799,0.06606437265872955,0.11688311398029327,0.16541653871536255
YHR175W,YNL095C,0,0.020861913,0.06602708995342255,0.11688311398029327,0.16551655530929565
YNL153C,YNL078W,0,0.020858213,0.06598984450101852,0.11688311398029327,0.16561655700206757
YBL089W,YGR142W,1,0.020853287,0.06651634722948074,0.11788211762905121,0.16561655700206757
YER150W,YPL200W,0,0.020847427,0.06647887080907822,0.11788211762905121,0.16571657359600067
YIL170W,YDR369C,0,0.02084504,0.06644143909215927,0.11788211762905121,0.16581657528877258
YJR127C,YBL089W,0,0.02083232,0.06640405207872391,0.11788211762905121,0.1659165918827057
YGL062W,YDR140W,0,0.020821191,0.06636670231819153,0.11788211762905121,0.1660166084766388
YGR175C,YGR179C,0,0.02081361,0.06632939726114273,0.11788211762905121,0.1661166101694107
YNR056C,YJL059W,1,0.020801349,0.06685393303632736,0.11888112127780914,0.1661166101694107
YLR203C,YLR285W,0,0.020782137,0.06681639701128006,0.11888112127780914,0.1662166267633438
YGL026C,YIL080W,0,0.020782,0.06677889823913574,0.11888112127780914,0.16631662845611572
YPL274W,YDR332W,0,0.020779202,0.066741444170475,0.11888112127780914,0.16641664505004883
YGL050W,YOR204W,0,0.020748373,0.06670403480529785,0.11888112127780914,0.16651664674282074
YEL069C,YJR151C,0,0.020747308,0.06666667014360428,0.11888112127780914,0.16661666333675385
YDL206W,YOR232W,0,0.020736296,0.06662934273481369,0.11888112127780914,0.16671666502952576
YIL170W,YJL081C,0,0.020724514,0.06659205257892609,0.11888112127780914,0.16681668162345886
YMR168C,YOR243C,0,0.020723315,0.06655480712652206,0.11888112127780914,0.16691669821739197
YCL025C,YEL062W,1,0.020723093,0.06707657873630524,0.11988011747598648,0.16691669821739197
YDR285W,YKR066C,0,0.020709574,0.0670391097664833,0.11988011747598648,0.16701669991016388
YJR119C,YPL274W,0,0.020693034,0.06700167804956436,0.11988011747598648,0.16711671650409698
YDR508C,YJL059W,1,0.020677764,0.0675223246216774,0.12087912112474442,0.16711671650409698
YIL002C,YNL050C,0,0.020660838,0.06748466193675995,0.12087912112474442,0.1672167181968689
YKR002W,YDR497C,0,0.020660384,0.06744704395532608,0.12087912112474442,0.167316734790802
YGR282C,YNL032W,0,0.020650044,0.0674094706773758,0.12087912112474442,0.1674167364835739
YOR378W,YOR038C,0,0.02064504,0.06737193465232849,0.12087912112474442,0.16751675307750702
YDR296W,YOL136C,0,0.020627838,0.06733444333076477,0.12087912112474442,0.16761675477027893
YOL010W,YDR403W,0,0.02061062,0.06729699671268463,0.12087912112474442,0.16771677136421204
YGR056W,YMR295C,0,0.020607568,0.06725958734750748,0.12087912112474442,0.16781678795814514
YKL165C,YBL089W,0,0.020604879,0.0672222226858139,0.12087912112474442,0.16791678965091705
YOR145C,YBL085W,0,0.020604314,0.06718489527702332,0.12087912112474442,0.16801680624485016
YGL200C,YBR172C,0,0.020601016,0.06714761257171631,0.12087912112474442,0.16811680793762207
YDL246C,YLR050C,0,0.020577146,0.06711037456989288,0.12087912112474442,0.16821682453155518
YGR221C,YNL027W,0,0.020551918,0.06707317382097244,0.12087912112474442,0.1683168262243271
YJL030W,YNL095C,0,0.020541264,0.06703601032495499,0.12087912112474442,0.1684168428182602
YOR377W,YBR115C,0,0.020538399,0.06699889153242111,0.12087912112474442,0.1685168445110321
YLR380W,YOL158C,0,0.020536749,0.06696181744337082,0.12087912112474442,0.1686168611049652
YLR268W,YAL029C,0,0.020515716,0.06692478060722351,0.12087912112474442,0.16871687769889832
YPR144C,YOR279C,0,0.020514553,0.06688778102397919,0.12087912112474442,0.16881687939167023
YDL133C-A,YIR005W,0,0.020513259,0.06685082614421844,0.12087912112474442,0.16891689598560333
YJL187C,YHR168W,0,0.020504858,0.06681391596794128,0.12087912112474442,0.16901689767837524
YDR415C,YKL172W,0,0.020479022,0.06677704304456711,0.12087912112474442,0.16911691427230835
YFR021W,YMR213W,0,0.020468961,0.06674020737409592,0.12087912112474442,0.16921691596508026
YEL031W,YDR072C,0,0.020446034,0.0667034164071083,0.12087912112474442,0.16931693255901337
YFL055W,YNL268W,1,0.020440748,0.0672176331281662,0.12187812477350235,0.16931693255901337
YBR067C,YMR099C,0,0.020433899,0.06718061864376068,0.12187812477350235,0.16941693425178528
YPL083C,YDL140C,0,0.02043291,0.06714364141225815,0.12187812477350235,0.16951695084571838
YGR077C,YMR046C,0,0.020405104,0.0671067088842392,0.12187812477350235,0.1696169674396515
YDR034C,YBR020W,0,0.0204016,0.06706982105970383,0.12187812477350235,0.1697169691324234
YAL033W,YMR039C,0,0.0204014,0.06703297048807144,0.12187812477350235,0.1698169857263565
YPR189W,YML052W,0,0.020393532,0.06699615716934204,0.12187812477350235,0.16991698741912842
YIL135C,YBR115C,0,0.020387601,0.06695938855409622,0.12187812477350235,0.17001700401306152
YLR394W,YDL208W,0,0.020368526,0.06692265719175339,0.12187812477350235,0.17011700570583344
YNL232W,YHR168W,0,0.02036579,0.06688596308231354,0.12187812477350235,0.17021702229976654
YPR002W,YOL101C,0,0.020364678,0.06684931367635727,0.12187812477350235,0.17031703889369965
YDR454C,YNL309W,0,0.020351265,0.06681270897388458,0.12187812477350235,0.17041704058647156
YPR189W,YDR090C,0,0.020350609,0.06677613407373428,0.12187812477350235,0.17051705718040466
YJL114W,YOR313C,0,0.0203388,0.06673960387706757,0.12187812477350235,0.17061705887317657
YCL069W,YDL210W,1,0.020319972,0.06724986433982849,0.12287712097167969,0.17061705887317657
YBL098W,YBR072W,0,0.020315839,0.06721311807632446,0.12287712097167969,0.17071707546710968
YDR457W,YDR195W,0,0.020298744,0.06717640906572342,0.12287712097167969,0.1708170771598816
YCL074W,YNL282W,0,0.020292148,0.06713973730802536,0.12287712097167969,0.1709170937538147
YGR225W,YLR425W,0,0.020287102,0.06710311025381088,0.12287712097167969,0.1710170954465866
YNL236W,YDL055C,0,0.020266095,0.06706652045249939,0.12287712097167969,0.17111711204051971
YMR019W,YJR053W,0,0.02025883,0.06702997535467148,0.12287712097167969,0.17121712863445282
YJR010W,YBR155W,0,0.02025338,0.06699346750974655,0.12287712097167969,0.17131713032722473
YIR011C,YIL177C,0,0.020250078,0.06695699691772461,0.12287712097167969,0.17141714692115784
YAL038W,YLR073C,0,0.02024793,0.06692056357860565,0.12287712097167969,0.17151714861392975
YDR351W,YDL246C,0,0.020246938,0.06688417494297028,0.12287712097167969,0.17161716520786285
YBR020W,YMR301C,0,0.020238038,0.06684782356023788,0.12287712097167969,0.17171716690063477
YBR072W,YER104W,0,0.020224215,0.06681151688098907,0.12287712097167969,0.17181718349456787
YGL026C,YOR349W,0,0.02017688,0.06677524745464325,0.12287712097167969,0.17191718518733978
YNL297C,YDR449C,0,0.020158572,0.06673901528120041,0.12287712097167969,0.1720172017812729
YJL225C,YBL092W,0,0.020153426,0.06670282036066055,0.12287712097167969,0.172117218375206
YPL093W,YMR075W,0,0.020147206,0.06666667014360428,0.12287712097167969,0.1722172200679779
YCL036W,YPL208W,0,0.020142425,0.06663054972887039,0.12287712097167969,0.172317236661911
YGL083W,YDL059C,0,0.020133086,0.06659447401762009,0.12287712097167969,0.17241723835468292
YPL099C,YLL040C,0,0.02013128,0.06655844300985336,0.12287712097167969,0.17251725494861603
YBR069C,YKL146W,1,0.020115245,0.06706327944993973,0.12387612462043762,0.17251725494861603
YAR027W,YIL076W,0,0.020114508,0.0670270249247551,0.12387612462043762,0.17261725664138794
YJL114W,YAL024C,0,0.020114314,0.06699081510305405,0.12387612462043762,0.17271727323532104
YJR010W,YDL040C,0,0.02010612,0.06695464253425598,0.12387612462043762,0.17281727492809296
YMR117C,YKL041W,0,0.020091921,0.0669185072183609,0.12387612462043762,0.17291729152202606
YBR020W,YJL140W,0,0.020076385,0.0668824166059494,0.12387612462043762,0.17301730811595917
YML051W,YOL141W,0,0.020071154,0.06684636324644089,0.12387612462043762,0.17311730980873108
YBR066C,YDR146C,0,0.020069513,0.06681034713983536,0.12387612462043762,0.17321732640266418
YBR155W,YFL017W-A,0,0.020064024,0.06677436828613281,0.12387612462043762,0.1733173280954361
YLR389C,YNL078W,0,0.020057255,0.06673842668533325,0.12387612462043762,0.1734173446893692
YIL159W,YMR193W,0,0.020053817,0.06670252978801727,0.12387612462043762,0.1735173463821411
YLR291C,YIL159W,0,0.020053484,0.06666667014360428,0.12387612462043762,0.17361736297607422
YHR079C,YPR133W-A,0,0.0200439,0.06663084030151367,0.12387612462043762,0.17371736466884613
YJL194W,YDR240C,0,0.020042598,0.06659506261348724,0.12387612462043762,0.17381738126277924
YJL194W,YPR111W,0,0.020040674,0.0665593147277832,0.12387612462043762,0.17391739785671234
YCR014C,YPR043W,0,0.020039601,0.06652360409498215,0.12387612462043762,0.17401739954948425
YPR196W,YJR107W,0,0.020006355,0.06648793816566467,0.12387612462043762,0.17411741614341736
YKL182W,YHR109W,0,0.020001123,0.06645230203866959,0.12387612462043762,0.17421741783618927
YDL225W,YER190W,0,0.020000143,0.06641671061515808,0.12387612462043762,0.17431743443012238
YOR237W,YOR297C,0,0.019997114,0.06638115644454956,0.12387612462043762,0.1744174361228943
YOR279C,YLR348C,0,0.019992208,0.06634563952684402,0.12387612462043762,0.1745174527168274
YDR164C,YGR084C,0,0.01998538,0.06631015986204147,0.12387612462043762,0.1746174544095993
YHR056C,YGL026C,0,0.01997532,0.0662747174501419,0.12387612462043762,0.1747174710035324
YJR140C,YIL048W,0,0.019965027,0.06623931974172592,0.12387612462043762,0.17481748759746552
YPR200C,YNL239W,0,0.019964775,0.06620395183563232,0.12387612462043762,0.17491748929023743
YNL271C,YGR180C,0,0.019959476,0.06616862118244171,0.12387612462043762,0.17501750588417053
YBL085W,YJL213W,0,0.019955553,0.06613333523273468,0.12387612462043762,0.17511750757694244
YKR054C,YIR005W,0,0.019951383,0.06609807908535004,0.12387612462043762,0.17521752417087555
YPR135W,YGR095C,0,0.0199494,0.06606286764144897,0.12387612462043762,0.17531752586364746
YLR395C,YKR008W,0,0.0199488,0.0660276859998703,0.12387612462043762,0.17541754245758057
YLL040C,YPL208W,0,0.019937275,0.06599254906177521,0.12387612462043762,0.17551755905151367
YGL112C,YOR126C,0,0.01993257,0.0659574493765831,0.12387612462043762,0.17561756074428558
YPR204W,YKR044W,0,0.019931821,0.06592237949371338,0.12387612462043762,0.1757175773382187
YOL020W,YBL089W,1,0.01992686,0.06641869992017746,0.12487512826919556,0.1757175773382187
YOR298W,YJR053W,0,0.019912167,0.06638342887163162,0.12487512826919556,0.1758175790309906
YCL008C,YBL076C,0,0.019903598,0.06634819507598877,0.12487512826919556,0.1759175956249237
YAL063C,YMR159C,0,0.01990216,0.0663129985332489,0.12487512826919556,0.17601759731769562
YMR241W,YDR205W,0,0.019901063,0.06627783924341202,0.12487512826919556,0.17611761391162872
YIL061C,YLL055W,0,0.019888094,0.06624270975589752,0.12487512826919556,0.17621761560440063
YMR019W,YHR060W,0,0.019868545,0.06620762497186661,0.12487512826919556,0.17631763219833374
YMR228W,YML039W,0,0.01986756,0.06617257744073868,0.12487512826919556,0.17641764879226685
YJL079C,YJR032W,0,0.019860538,0.06613756716251373,0.12487512826919556,0.17651765048503876
YGR034W,YLR300W,0,0.019849176,0.06610259413719177,0.12487512826919556,0.17661766707897186
YLR047C,YOL052C,0,0.019843249,0.0660676509141922,0.12487512826919556,0.17671766877174377
YNL297C,YGL103W,0,0.01984323,0.06603275239467621,0.12487512826919556,0.17681768536567688
YGR288W,YDR494W,0,0.019840354,0.0659978911280632,0.12487512826919556,0.1769176870584488
YGR264C,YBL089W,0,0.01983814,0.06596305966377258,0.12487512826919556,0.1770177036523819
YKL174C,YMR025W,0,0.019830432,0.06592827290296555,0.12487512826919556,0.1771177053451538
YKR056W,YDR373W,0,0.019807545,0.0658935159444809,0.12487512826919556,0.17721772193908691
YPR035W,YJR147W,0,0.019802896,0.06585879623889923,0.12487512826919556,0.17731773853302002
YBL089W,YNL268W,1,0.019797606,0.06635071337223053,0.1258741319179535,0.17731773853302002
YIL142W,YBR182C,0,0.019792665,0.06631579250097275,0.1258741319179535,0.17741774022579193
YGR221C,YDL039C,0,0.019782262,0.06628090143203735,0.1258741319179535,0.17751775681972504
YOR239W,YHR039C-A,0,0.019758927,0.06624605506658554,0.1258741319179535,0.17761775851249695
YIR025W,YPL050C,0,0.019749979,0.06621124595403671,0.1258741319179535,0.17771777510643005
YEL070W,YGR134W,0,0.01974912,0.06617647409439087,0.1258741319179535,0.17781777679920197
YKR101W,YNL175C,0,0.019745082,0.06614173203706741,0.1258741319179535,0.17791779339313507
YGR169C,YOR180C,0,0.019734481,0.06610702723264694,0.1258741319179535,0.17801779508590698
YLL045C,YDL028C,0,0.019730251,0.06607236713171005,0.1258741319179535,0.1781178116798401
YBL089W,YGR055W,1,0.019714119,0.06656184792518616,0.12687312066555023,0.1781178116798401
YBR261C,YJR083C,0,0.019707296,0.06652697920799255,0.12687312066555023,0.1782178282737732
YLR329W,YKL186C,0,0.019695118,0.06649214774370193,0.12687312066555023,0.1783178299665451
YAL024C,YOR311C,0,0.019692756,0.0664573535323143,0.12687312066555023,0.1784178465604782
YOR071C,YPR191W,0,0.019688657,0.06642259657382965,0.12687312066555023,0.17851784825325012
YDR378C,YJR036C,0,0.019683378,0.06638786941766739,0.12687312066555023,0.17861786484718323
YOL020W,YFL010W-A,1,0.01968133,0.0668756514787674,0.12787212431430817,0.17861786484718323
YBR080C,YGL226C-A,0,0.019679844,0.06684073060750961,0.12787212431430817,0.17871786653995514
YLL027W,YDR403W,0,0.0196712,0.06680584698915482,0.12787212431430817,0.17881788313388824
YBL091C-A,YPR006C,0,0.019659346,0.0667709931731224,0.12787212431430817,0.17891788482666016
YCL069W,YEL062W,1,0.019656368,0.06725756078958511,0.1288711279630661,0.17891788482666016
YGL236C,YHR005C-A,0,0.019632583,0.06722251325845718,0.1288711279630661,0.17901790142059326
YJR005W,YMR179W,0,0.019610902,0.06718750298023224,0.1288711279630661,0.17911791801452637
YGR036C,YPL112C,0,0.019577561,0.06715252250432968,0.1288711279630661,0.17921791970729828
YCL069W,YJL059W,1,0.019568438,0.06763787567615509,0.12987013161182404,0.17921791970729828
YPR196W,YJR133W,0,0.019564189,0.06760270148515701,0.12987013161182404,0.17931793630123138
YNR057C,YBR238C,0,0.019549916,0.06756756454706192,0.12987013161182404,0.1794179379940033
YOR287C,YLR141W,0,0.01953049,0.06753246486186981,0.12987013161182404,0.1795179545879364
YJL103C,YMR240C,0,0.019524643,0.06749740242958069,0.12987013161182404,0.1796179562807083
YLL061W,YJL059W,1,0.019524122,0.06798131763935089,0.13086913526058197,0.1796179562807083
YNR004W,YHR008C,0,0.019517757,0.06794606149196625,0.13086913526058197,0.17971797287464142
YER165W,YML039W,0,0.019517248,0.06791083514690399,0.13086913526058197,0.17981797456741333
YDR046C,YFL010W-A,1,0.019512825,0.0683937817811966,0.1318681389093399,0.17981797456741333
YPL240C,YFL017W-A,0,0.019495307,0.06835836172103882,0.1318681389093399,0.17991799116134644
YOR378W,YML056C,0,0.019482672,0.06832297891378403,0.1318681389093399,0.18001800775527954
YPR196W,YOR226C,0,0.019482587,0.06828763335943222,0.1318681389093399,0.18011800944805145
YOR126C,YDR429C,0,0.01947149,0.0682523250579834,0.1318681389093399,0.18021802604198456
YGL148W,YNL298W,0,0.019465124,0.06821705400943756,0.1318681389093399,0.18031802773475647
YFR033C,YLR224W,0,0.019456226,0.06818182021379471,0.1318681389093399,0.18041804432868958
YCL018W,YGL113W,0,0.019448677,0.06814661622047424,0.1318681389093399,0.1805180460214615
YDL070W,YKR101W,0,0.019447962,0.06811145693063736,0.1318681389093399,0.1806180626153946
YJL034W,YHR056C,0,0.019442594,0.06807632744312286,0.1318681389093399,0.1807180792093277
YDR254W,YNL095C,0,0.01944038,0.06804123520851135,0.1318681389093399,0.1808180809020996
YML112W,YBL026W,0,0.019439848,0.06800618022680283,0.1318681389093399,0.18091809749603271
YDR371W,YFL066C,0,0.019433578,0.06797116249799728,0.1318681389093399,0.18101809918880463
YPL099C,YDR403W,0,0.019429062,0.06793618202209473,0.1318681389093399,0.18111811578273773
YFL033C,YPR083W,0,0.019424442,0.06790123134851456,0.1318681389093399,0.18121811747550964
YBL091C-A,YNR013C,0,0.019423377,0.06786632537841797,0.1318681389093399,0.18131813406944275
YGL209W,YPL151C,0,0.01940939,0.06783144921064377,0.1318681389093399,0.18141813576221466
YNR072W,YGL051W,0,0.01940874,0.06779661029577255,0.1318681389093399,0.18151815235614777
YOL045W,YMR033W,0,0.019408468,0.06776180863380432,0.1318681389093399,0.18161816895008087
YGL256W,YGL226C-A,0,0.019408414,0.06772703677415848,0.1318681389093399,0.18171817064285278
YHR041C,YDL227C,0,0.019403953,0.06769230961799622,0.1318681389093399,0.1818181872367859
YOR298W,YPR091C,0,0.019396616,0.06765761226415634,0.1318681389093399,0.1819181889295578
YOR071C,YER125W,0,0.019386955,0.06762295216321945,0.1318681389093399,0.1820182055234909
YJL192C,YIR032C,0,0.019383537,0.06758832931518555,0.1318681389093399,0.18211820721626282
YOL102C,YOR299W,0,0.019374335,0.06755373626947403,0.1318681389093399,0.18221822381019592
YCL074W,YIL061C,0,0.019358475,0.0675191804766655,0.1318681389093399,0.18231822550296783
YCR093W,YIL170W,0,0.019358175,0.06748466193675995,0.1318681389093399,0.18241824209690094
YKL190W,YLL034C,0,0.019333163,0.06745018064975739,0.1318681389093399,0.18251825869083405
YGR077C,YBL113C,0,0.019332087,0.06741572916507721,0.1318681389093399,0.18261826038360596
YDR508C,YPR021C,1,0.019331299,0.06789178401231766,0.13286712765693665,0.18261826038360596
YOR274W,YOL158C,0,0.01931411,0.06785714626312256,0.13286712765693665,0.18271827697753906
YNR072W,YDL225W,0,0.019313771,0.06782253831624985,0.13286712765693665,0.18281827867031097
YPR001W,YGL203C,0,0.019312164,0.06778797507286072,0.13286712765693665,0.18291829526424408
YML006C,YGL226C-A,0,0.019309215,0.06775344163179398,0.13286712765693665,0.183018296957016
YIL094C,YKL201C,0,0.019306438,0.06771893799304962,0.13286712765693665,0.1831183135509491
YLR141W,YMR093W,0,0.019298106,0.06768447905778885,0.13286712765693665,0.183218315243721
YOR138C,YKR102W,0,0.01929039,0.06765004992485046,0.13286712765693665,0.1833183318376541
YOR237W,YBL052C,0,0.01927949,0.06761565804481506,0.13286712765693665,0.18341834843158722
YOR089C,YIL132C,0,0.019268086,0.06758130341768265,0.13286712765693665,0.18351835012435913
YFR018C,YGL203C,0,0.01926539,0.06754697859287262,0.13286712765693665,0.18361836671829224
YBR293W,YNL270C,1,0.019262804,0.0680203065276146,0.13386613130569458,0.18361836671829224
YHR211W,YHR132C,0,0.01923724,0.06798579543828964,0.13386613130569458,0.18371836841106415
YJR078W,YOR126C,0,0.019236097,0.06795132160186768,0.13386613130569458,0.18381838500499725
YIR025W,YNL262W,0,0.019231906,0.0679168775677681,0.13386613130569458,0.18391838669776917
YOR378W,YML052W,0,0.019224804,0.0678824707865715,0.13386613130569458,0.18401840329170227
YBR066C,YDL055C,0,0.019202571,0.0678481012582779,0.13386613130569458,0.18411840498447418
YNL065W,YEL064C,1,0.019198392,0.06831983476877213,0.13486513495445251,0.18411840498447418
YDR046C,YBL089W,1,0.019188665,0.06879109889268875,0.13586413860321045,0.18411840498447418
YLR157C,YDL227C,0,0.019183839,0.06875631958246231,0.13586413860321045,0.1842184215784073
YOR099W,YPR119W,0,0.01918218,0.06872157752513885,0.13586413860321045,0.1843184381723404
YOR180C,YLR348C,0,0.0191796,0.06868686527013779,0.13586413860321045,0.1844184398651123
YBR172C,YDL198C,0,0.019168578,0.0686521977186203,0.13586413860321045,0.1845184564590454
YLR447C,YER151C,0,0.019167287,0.0686175599694252,0.13586413860321045,0.18461845815181732
YDL121C,YMR200W,0,0.019162474,0.06858295202255249,0.13586413860321045,0.18471847474575043
YJL079C,YNL238W,0,0.019160623,0.06854838877916336,0.13586413860321045,0.18481847643852234
YGR036C,YJR101W,0,0.019146388,0.06851385533809662,0.13586413860321045,0.18491849303245544
YBR222C,YLL043W,0,0.019135503,0.06847935914993286,0.13586413860321045,0.18501849472522736
YDR263C,YPR149W,0,0.01913313,0.06844489276409149,0.13586413860321045,0.18511851131916046
YPL131W,YNL309W,0,0.019132584,0.0684104636311531,0.13586413860321045,0.18521852791309357
YPR072W,YBL028C,0,0.019097114,0.0683760717511177,0.13586413860321045,0.18531852960586548
YMR321C,YPL027W,0,0.019092474,0.0683417096734047,0.13586413860321045,0.18541854619979858
YNR056C,YMR088C,1,0.019066487,0.0688096433877945,0.13686314225196838,0.18541854619979858
YKL020C,YHR058C,0,0.01906456,0.06877510249614716,0.13686314225196838,0.1855185478925705
YHL012W,YIL047C,0,0.019063951,0.0687405914068222,0.13686314225196838,0.1856185644865036
YHR056C,YKL165C,0,0.019062232,0.06870611757040024,0.13686314225196838,0.1857185661792755
YPR189W,YER137C,0,0.019056492,0.06867168098688126,0.13686314225196838,0.18581858277320862
YKR019C,YKR066C,0,0.019054094,0.06863727420568466,0.13686314225196838,0.18591858446598053
YOR349W,YLR301W,0,0.019036608,0.06860290467739105,0.13686314225196838,0.18601860105991364
YIL094C,YOR327C,0,0.019031497,0.06856856495141983,0.13686314225196838,0.18611861765384674
YKL217W,YJL029C,0,0.019024225,0.06853426992893219,0.13686314225196838,0.18621861934661865
YNR067C,YHR174W,0,0.019009726,0.06849999725818634,0.13686314225196838,0.18631863594055176
YBR274W,YPR152C,0,0.019009477,0.06846576929092407,0.13686314225196838,0.18641863763332367
YCR027C,YJL059W,1,0.019009138,0.06893106549978256,0.13786213099956512,0.18641863763332367
YJL214W,YJR140C,0,0.019000221,0.06889665871858597,0.13786213099956512,0.18651865422725677
YLR024C,YKR006C,0,0.018992059,0.06886227428913116,0.13786213099956512,0.1866186559200287
YGL158W,YNL079C,0,0.018987115,0.06882792711257935,0.13786213099956512,0.1867186725139618
YPR200C,YKL096W-A,0,0.018982347,0.06879361718893051,0.13786213099956512,0.1868186891078949
YDL029W,YLR005W,0,0.018964184,0.06875934451818466,0.13786213099956512,0.1869186908006668
YKL174C,YNL270C,1,0.018962743,0.06922310590744019,0.13886113464832306,0.1869186908006668
YNL160W,YNR004W,0,0.018955097,0.06918865442276001,0.13886113464832306,0.18701870739459991
YOL158C,YLR316C,0,0.018950162,0.06915422528982162,0.13886113464832306,0.18711870908737183
YDR160W,YNR056C,1,0.018939639,0.06961710751056671,0.139860138297081,0.18711870908737183
YKL190W,YER002W,0,0.01891107,0.0695825070142746,0.139860138297081,0.18721872568130493
YDR371W,YEL053C,0,0.018900022,0.06954793632030487,0.139860138297081,0.18731872737407684
YJR112W,YNL078W,0,0.018895557,0.06951340287923813,0.139860138297081,0.18741874396800995
YLR191W,YAL029C,0,0.018881118,0.06947890669107437,0.139860138297081,0.18751874566078186
YBR145W,YKR035W-A,0,0.018865641,0.0694444477558136,0.139860138297081,0.18761876225471497
YKL165C,YGR027C,0,0.01886151,0.06941001117229462,0.139860138297081,0.18771877884864807
YDR378C,YER151C,0,0.018852286,0.06937561929225922,0.139860138297081,0.18781878054141998
YLR359W,YJL079C,0,0.018843997,0.0693412572145462,0.139860138297081,0.1879187971353531
YDL061C,YOR393W,0,0.018841323,0.06930693238973618,0.139860138297081,0.188018798828125
YDR454C,YOR378W,0,0.018810112,0.06927263736724854,0.139860138297081,0.1881188154220581
YOR297C,YOL090W,0,0.01880402,0.06923837959766388,0.139860138297081,0.18821881711483002
YOR348C,YCL069W,1,0.018801946,0.06969846785068512,0.14085914194583893,0.18821881711483002
YDR337W,YBR074W,0,0.018799752,0.06966403126716614,0.14085914194583893,0.18831883370876312
YOR323C,YOR378W,0,0.018799055,0.06962963193655014,0.14085914194583893,0.18841883540153503
YLR182W,YIL135C,0,0.018793775,0.06959526240825653,0.14085914194583893,0.18851885199546814
YJR005W,YOR393W,0,0.018790852,0.0695609301328659,0.14085914194583893,0.18861886858940125
YML097C,YOR298W,0,0.018784922,0.06952662765979767,0.14085914194583893,0.18871887028217316
YDL029W,YBL005W-B,0,0.01877155,0.06949236243963242,0.14085914194583893,0.18881888687610626
YHR074W,YPL131W,0,0.018764917,0.06945812702178955,0.14085914194583893,0.18891888856887817
YLR033W,YBR222C,0,0.018763801,0.06942392885684967,0.14085914194583893,0.18901890516281128
YGR179C,YER130C,0,0.018760202,0.06938976049423218,0.14085914194583893,0.1891189068555832
YPL151C,YDL140C,0,0.01874465,0.06935562938451767,0.14085914194583893,0.1892189234495163
YLR005W,YPR160W,0,0.018741844,0.06932153552770615,0.14085914194583893,0.1893189251422882
YNL095C,YLR160C,0,0.018728642,0.06928747147321701,0.14085914194583893,0.1894189417362213
YBR293W,YJL059W,1,0.018722862,0.06974459439516068,0.14185814559459686,0.1894189417362213
YNL079C,YOR038C,0,0.018720191,0.06971035897731781,0.14185814559459686,0.18951895833015442
YLR289W,YPR200C,0,0.018718798,0.06967615336179733,0.14185814559459686,0.18961896002292633
YKR019C,YPL183W-A,0,0.018706858,0.06964198499917984,0.14185814559459686,0.18971897661685944
YBR115C,YNL230C,0,0.01868961,0.06960784643888474,0.14185814559459686,0.18981897830963135
YNL160W,YJR053W,0,0.01868682,0.06957373768091202,0.14185814559459686,0.18991899490356445
YGR221C,YBL076C,0,0.018675549,0.06953966617584229,0.14185814559459686,0.19001899659633636
YKL126W,YGR036C,0,0.018674215,0.06950563192367554,0.14185814559459686,0.19011901319026947
YMR005W,YKL053C-A,0,0.018665323,0.06947162747383118,0.14185814559459686,0.19021901488304138
YGR221C,YDL227C,0,0.018658336,0.0694376528263092,0.14185814559459686,0.1903190314769745
YJR082C,YAL031C,0,0.018645087,0.06940371543169022,0.14185814559459686,0.1904190480709076
YKL126W,YOL104C,0,0.018640485,0.06936980783939362,0.14185814559459686,0.1905190497636795
YNL282W,YJR040W,0,0.018624194,0.0693359375,0.14185814559459686,0.1906190663576126
YBR125C,YOR294W,0,0.018618826,0.06930209696292877,0.14185814559459686,0.19071906805038452
YCR026C,YBR192W,0,0.018611051,0.06926829367876053,0.14185814559459686,0.19081908464431763
YPR196W,YFL023W,0,0.018603316,0.06923452019691467,0.14185814559459686,0.19091908633708954
YKR008W,YGR175C,0,0.018601747,0.0692007765173912,0.14185814559459686,0.19101910293102264
YFR033C,YFL013C,0,0.01860089,0.06916707009077072,0.14185814559459686,0.19111910462379456
YMR137C,YDR449C,0,0.018600855,0.06913340091705322,0.14185814559459686,0.19121912121772766
YMR210W,YNL078W,0,0.01859865,0.06909975409507751,0.14185814559459686,0.19131913781166077
YLR300W,YNL262W,0,0.018598484,0.06906614452600479,0.14185814559459686,0.19141913950443268
YHR012W,YKR036C,0,0.018593853,0.06903257220983505,0.14185814559459686,0.19151915609836578
YER050C,YJL095W,0,0.01858635,0.0689990296959877,0.14185814559459686,0.1916191577911377
YPR135W,YOL101C,0,0.018575476,0.06896551698446274,0.14185814559459686,0.1917191743850708
YBR066C,YOR317W,0,0.018566595,0.06893204152584076,0.14185814559459686,0.1918191760778427
YMR182C,YBL028C,0,0.018559419,0.06889859586954117,0.14185814559459686,0.19191919267177582
YJL030W,YEL056W,0,0.018552108,0.06886518001556396,0.14185814559459686,0.19201920926570892
YNL065W,YJL059W,1,0.018546972,0.06931652873754501,0.1428571492433548,0.19201920926570892
YDR460W,YPR135W,0,0.018545289,0.06928294897079468,0.1428571492433548,0.19211921095848083
YLR329W,YNR072W,0,0.018544719,0.06924939155578613,0.1428571492433548,0.19221922755241394
YIL021W,YHR109W,0,0.018542837,0.06921587884426117,0.1428571492433548,0.19231922924518585
YPR189W,YDR109C,0,0.018536499,0.069182388484478,0.1428571492433548,0.19241924583911896
YDR026C,YPL218W,0,0.018531432,0.06914893537759781,0.1428571492433548,0.19251924753189087
YOL107W,YPR043W,0,0.018524822,0.06911551207304001,0.1428571492433548,0.19261926412582397
YPL147W,YIL035C,0,0.018515477,0.06908212602138519,0.1428571492433548,0.1927192658185959
YIL139C,YGR070W,0,0.018514646,0.06904876977205276,0.1428571492433548,0.192819282412529
YCR014C,YGR112W,0,0.018506667,0.06901544332504272,0.1428571492433548,0.1929192990064621
YJL192C,YOR349W,0,0.018490132,0.06898215413093567,0.1428571492433548,0.193019300699234
YNL010W,YMR273C,0,0.018483901,0.068948894739151,0.1428571492433548,0.19311931729316711
YBR066C,YLR073C,0,0.018464845,0.06891566514968872,0.1428571492433548,0.19321931898593903
YLR452C,YER104W,0,0.01846227,0.06888246536254883,0.1428571492433548,0.19331933557987213
YHR079C,YGL163C,0,0.018456018,0.06884930282831192,0.1428571492433548,0.19341933727264404
YIL177C,YDR472W,0,0.018426048,0.0688161700963974,0.1428571492433548,0.19351935386657715
YNL153C,YIL080W,0,0.018424625,0.06878306716680527,0.1428571492433548,0.19361935555934906
YJL194W,YHL012W,0,0.018414166,0.06875000149011612,0.1428571492433548,0.19371937215328217
YOL086C,YOL102C,0,0.01840645,0.06871696561574936,0.1428571492433548,0.19381938874721527
YGR177C,YHR059W,0,0.018386671,0.06868395954370499,0.1428571492433548,0.19391939043998718
YGL244W,YDL227C,0,0.018384898,0.068650983273983,0.1428571492433548,0.1940194070339203
YKL217W,YML099C,0,0.018349413,0.068618044257164,0.1428571492433548,0.1941194087266922
YNL172W,YHR039C-A,0,0.018348193,0.06858513504266739,0.1428571492433548,0.1942194253206253
YMR093W,YDR392W,0,0.01833441,0.06855225563049316,0.1428571492433548,0.19431942701339722
YDL024C,YDR373W,0,0.01833328,0.06851940602064133,0.1428571492433548,0.19441944360733032
YOL107W,YGL203C,0,0.018317789,0.06848659366369247,0.1428571492433548,0.19451944530010223
YIL128W,YIR005W,0,0.01831387,0.06845380365848541,0.1428571492433548,0.19461946189403534
YMR099C,YML039W,0,0.018310647,0.06842105090618134,0.1428571492433548,0.19471947848796844
YLR386W,YNR035C,0,0.018308239,0.06838832795619965,0.1428571492433548,0.19481948018074036
YBR066C,YKL074C,0,0.01830009,0.06835564225912094,0.1428571492433548,0.19491949677467346
YOR310C,YNL079C,0,0.018279152,0.06832297891378403,0.1428571492433548,0.19501949846744537
YBR202W,YBR150C,0,0.018274356,0.0682903528213501,0.1428571492433548,0.19511951506137848
YGR191W,YFL010W-A,1,0.018268965,0.06873508542776108,0.14385613799095154,0.19511951506137848
YDR383C,YPL252C,0,0.018252129,0.06870228797197342,0.14385613799095154,0.1952195167541504
YBL076C,YLR005W,0,0.018252093,0.06866952776908875,0.14385613799095154,0.1953195333480835
YDL170W,YPR163C,0,0.018249352,0.06863679736852646,0.14385613799095154,0.1954195350408554
YJR055W,YAL029C,0,0.018244734,0.06860409677028656,0.14385613799095154,0.1955195516347885
YPL042C,YHR132C,0,0.018237267,0.06857142597436905,0.14385613799095154,0.19561956822872162
YFL033C,YNL290W,0,0.018235816,0.06853879243135452,0.14385613799095154,0.19571956992149353
YLR395C,YGR246C,0,0.018232614,0.06850618124008179,0.14385613799095154,0.19581958651542664
YLR244C,YLR312W-A,0,0.018229883,0.06847360730171204,0.14385613799095154,0.19591958820819855
YMR112C,YMR176W,0,0.018227456,0.06844106316566467,0.14385613799095154,0.19601960480213165
YDR046C,YNL270C,1,0.018222947,0.06888361275196075,0.14485514163970947,0.19601960480213165
YDL202W,YOR204W,0,0.018217273,0.06885090470314026,0.14485514163970947,0.19611960649490356
YOL026C,YBR061C,0,0.018213846,0.06881822645664215,0.14485514163970947,0.19621962308883667
YLL017W,YPL208W,0,0.01820526,0.06878557801246643,0.14485514163970947,0.19631962478160858
YNR057C,YIL076W,0,0.018197192,0.0687529668211937,0.14485514163970947,0.1964196413755417
YBL028C,YDL140C,0,0.018191809,0.06872037798166275,0.14485514163970947,0.1965196579694748
YIL159W,YPR125W,0,0.01818963,0.06868782639503479,0.14485514163970947,0.1966196596622467
YIL128W,YPL274W,0,0.018188458,0.06865530461072922,0.14485514163970947,0.1967196762561798
YBR066C,YDR498C,0,0.01817606,0.06862281262874603,0.14485514163970947,0.19681967794895172
YKL078W,YKL022C,0,0.018160146,0.06859035044908524,0.14485514163970947,0.19691969454288483
YJR070C,YNR057C,0,0.01815272,0.06855791807174683,0.14485514163970947,0.19701969623565674
YGR032W,YML039W,0,0.018145936,0.0685255229473114,0.14485514163970947,0.19711971282958984
YLR425W,YPL244C,0,0.018145127,0.06849315017461777,0.14485514163970947,0.19721971452236176
YPL200W,YDR461W,0,0.01813731,0.06846081465482712,0.14485514163970947,0.19731973111629486
YJL087C,YNL127W,0,0.01813709,0.06842850148677826,0.14485514163970947,0.19741974771022797
YDL170W,YPR138C,0,0.018137068,0.06839622557163239,0.14485514163970947,0.19751974940299988
YNL232W,YER017C,0,0.018120652,0.0683639794588089,0.14485514163970947,0.19761976599693298
YKL201C,YKL096W-A,0,0.018119834,0.0683317631483078,0.14485514163970947,0.1977197676897049
YDR460W,YGL259W,0,0.018118294,0.06829957664012909,0.14485514163970947,0.197819784283638
YJR119C,YER150W,0,0.018118134,0.06826741993427277,0.14485514163970947,0.1979197859764099
YNL044W,YGL122C,0,0.018105492,0.06823529303073883,0.14485514163970947,0.19801980257034302
YDR508C,YEL062W,1,0.01810248,0.06867356598377228,0.1458541452884674,0.19801980257034302
YMR049C,YLR404W,0,0.018101193,0.06864127516746521,0.1458541452884674,0.19811981916427612
YCR027C,YCR075C,1,0.01810033,0.0690789446234703,0.14685314893722534,0.19811981916427612
YPR149W,YIL076W,0,0.018097622,0.0690464973449707,0.14685314893722534,0.19821982085704803
YDL246C,YLL027W,0,0.018096816,0.06901408731937408,0.14685314893722534,0.19831983745098114
YJL060W,YGL050W,0,0.018096399,0.06898169964551926,0.14685314893722534,0.19841983914375305
YFL010W-A,YBR132C,1,0.018085685,0.06941838562488556,0.14785215258598328,0.19841983914375305
YBR195C,YBL011W,0,0.018084647,0.0693858414888382,0.14785215258598328,0.19851985573768616
YBL089W,YPL265W,1,0.018072145,0.06982193142175674,0.1488511562347412,0.19851985573768616
YGR251W,YGR032W,0,0.018069718,0.06978923082351685,0.1488511562347412,0.19861985743045807
YBL058W,YPR171W,0,0.018059084,0.06975655257701874,0.1488511562347412,0.19871987402439117
YNL314W,YIL076W,0,0.018058298,0.06972391158342361,0.1488511562347412,0.19881987571716309
YOR071C,YPL112C,0,0.01805281,0.06969130039215088,0.1488511562347412,0.1989198923110962
YNL117W,YHR059W,0,0.018045742,0.06965871900320053,0.1488511562347412,0.1990199089050293
YEL022W,YHR059W,0,0.01803328,0.06962616741657257,0.1488511562347412,0.1991199105978012
YPL274W,YMR270C,0,0.018033134,0.069593645632267,0.1488511562347412,0.19921992719173431
YKL009W,YLR187W,0,0.01800805,0.06956116110086441,0.1488511562347412,0.19931992888450623
YDR527W,YPL167C,0,0.01797725,0.06952869892120361,0.1488511562347412,0.19941994547843933
YBL005W-B,YPL083C,0,0.017959572,0.0694962665438652,0.1488511562347412,0.19951994717121124
YDR083W,YIR005W,0,0.017938519,0.06946387141942978,0.1488511562347412,0.19961996376514435
YNL271C,YJR010W,0,0.017936274,0.06943149864673615,0.1488511562347412,0.19971996545791626
YDL215C,YIL170W,0,0.017929237,0.0693991631269455,0.1488511562347412,0.19981998205184937
YDR371W,YIL046W,0,0.017927289,0.06936684995889664,0.1488511562347412,0.19991999864578247
YLL003W,YCL008C,0,0.017920064,0.06933457404375076,0.1488511562347412,0.20002000033855438
YOL082W,YPL027W,0,0.017899146,0.06930232793092728,0.1488511562347412,0.2001200169324875
YGL010W,YPL252C,0,0.017885614,0.06927010416984558,0.1488511562347412,0.2002200186252594
YDR460W,YBR042C,0,0.017873297,0.06923791766166687,0.1488511562347412,0.2003200352191925
YER154W,YNR072W,0,0.017872652,0.06920576095581055,0.1488511562347412,0.20042003691196442
YNR018W,YGL163C,0,0.017870309,0.06917363405227661,0.1488511562347412,0.20052005350589752
YBR155W,YOR313C,0,0.017869765,0.06914152950048447,0.1488511562347412,0.20062005519866943
YGR056W,YMR194W,0,0.017868375,0.0691094622015953,0.1488511562347412,0.20072007179260254
YDL246C,YDR497C,0,0.017854206,0.06907742470502853,0.1488511562347412,0.20082008838653564
YMR049C,YBL085W,0,0.01784715,0.06904540956020355,0.1488511562347412,0.20092009007930756
YJL200C,YFL013C,0,0.017842537,0.06901343166828156,0.1488511562347412,0.20102010667324066
YPR182W,YJL200C,0,0.017815601,0.06898148357868195,0.1488511562347412,0.20112010836601257
YPR072W,YLR047C,0,0.017797444,0.06894955784082413,0.1488511562347412,0.20122012495994568
YER145C,YOR349W,0,0.017785646,0.0689176693558693,0.1488511562347412,0.2013201266527176
YNL095C,YGL051W,0,0.017783538,0.06888580322265625,0.1488511562347412,0.2014201432466507
YBL113C,YPR138C,0,0.017783348,0.06885397434234619,0.1488511562347412,0.2015201449394226
YNR074C,YHR082C,0,0.017781831,0.06882216781377792,0.1488511562347412,0.2016201615333557
YDR364C,YLR213C,0,0.017781673,0.06879039853811264,0.1488511562347412,0.20172017812728882
YDR076W,YDR444W,0,0.017781507,0.06875865161418915,0.1488511562347412,0.20182017982006073
YPL082C,YHR057C,0,0.017778767,0.06872693449258804,0.1488511562347412,0.20192019641399384
YGR105W,YKL015W,0,0.017766163,0.06869525462388992,0.1488511562347412,0.20202019810676575
YMR228W,YPR190C,0,0.017766071,0.0686635971069336,0.1488511562347412,0.20212021470069885
YHR060W,YER165W,0,0.01776599,0.06863196939229965,0.1488511562347412,0.20222021639347076
YCL074W,YDL029W,0,0.017762836,0.0686003714799881,0.1488511562347412,0.20232023298740387
YGR113W,YER190W,0,0.01775748,0.06856879591941833,0.1488511562347412,0.20242023468017578
YBL089W,YHL036W,1,0.017751567,0.06899724155664444,0.14985014498233795,0.20242023468017578
YNL297C,YKL180W,0,0.01772762,0.06896551698446274,0.14985014498233795,0.2025202512741089
YKL176C,YFL055W,1,0.017727263,0.06939338147640228,0.1508491486310959,0.2025202512741089
YOL158C,YKL189W,0,0.017720547,0.06936150789260864,0.1508491486310959,0.202620267868042
YLR043C,YMR075W,0,0.01771745,0.0693296566605568,0.1508491486310959,0.2027202695608139
YNL122C,YPR152C,0,0.017708434,0.06929784268140793,0.1508491486310959,0.202820286154747
YPL252C,YEL070W,0,0.017704718,0.06926605850458145,0.1508491486310959,0.20292028784751892
YNL178W,YMR065W,0,0.017702902,0.06923429667949677,0.1508491486310959,0.20302030444145203
YNR056C,YDL210W,1,0.01769456,0.06966086477041245,0.15184815227985382,0.20302030444145203
YNL270C,YPL265W,1,0.017693518,0.07008703798055649,0.15284715592861176,0.20302030444145203
YLR163C,YMR159C,0,0.017689515,0.07005494832992554,0.15284715592861176,0.20312030613422394
YBL026W,YGR134W,0,0.017665593,0.07002288103103638,0.15284715592861176,0.20322032272815704
YHR056C,YJL187C,0,0.01766134,0.0699908509850502,0.15284715592861176,0.20332033932209015
YMR168C,YBR172C,0,0.017659793,0.06995885074138641,0.15284715592861176,0.20342034101486206
YIL159W,YDL208W,0,0.017650746,0.06992687284946442,0.15284715592861176,0.20352035760879517
YMR203W,YOR313C,0,0.01764743,0.0698949322104454,0.15284715592861176,0.20362035930156708
YBR243C,YKL095W,0,0.017642604,0.06986301392316818,0.15284715592861176,0.20372037589550018
YMR276W,YDR240C,0,0.017636612,0.06983112543821335,0.15284715592861176,0.2038203775882721
YOL020W,YEL062W,1,0.017625926,0.07025547325611115,0.1538461595773697,0.2038203775882721
YCR087C-A,YLR145W,0,0.017607812,0.07022343575954437,0.1538461595773697,0.2039203941822052
YBL089W,YMR308C,0,0.017606419,0.07019142806529999,0.1538461595773697,0.2040203958749771
YKL061W,YMR160W,0,0.017592534,0.07015945017337799,0.1538461595773697,0.20412041246891022
YBL058W,YPR152C,0,0.017577287,0.07012750208377838,0.1538461595773697,0.20422042906284332
YDR419W,YDR496C,0,0.017572075,0.07009558379650116,0.1538461595773697,0.20432043075561523
YGR251W,YNL281W,0,0.017571285,0.07006369531154633,0.1538461595773697,0.20442044734954834
YMR008C,YNL070W,0,0.017560909,0.07003182917833328,0.1538461595773697,0.20452044904232025
YFL010W-A,YLL061W,1,0.017555594,0.07045454531908035,0.15484514832496643,0.20452044904232025
YLL061W,YFL010W-A,1,0.017555594,0.07087687402963638,0.15584415197372437,0.20452044904232025
YJR057W,YBR118W,0,0.017553926,0.07084468752145767,0.15584415197372437,0.20462046563625336
YLR141W,YGL113W,0,0.017553119,0.07081253081560135,0.15584415197372437,0.20472046732902527
YLR113W,YBL085W,0,0.017551303,0.07078039646148682,0.15584415197372437,0.20482048392295837
YBR177C,YOR298W,0,0.017539762,0.07074829936027527,0.15584415197372437,0.20492048561573029
YOL020W,YJL059W,1,0.017539581,0.07116954028606415,0.1568431556224823,0.20492048561573029
YLR203C,YGR225W,0,0.01752711,0.07113728672266006,0.1568431556224823,0.2050205022096634
YPR162C,YFR033C,0,0.0175235,0.07110507041215897,0.1568431556224823,0.2051205188035965
YDR461W,YPR160W,0,0.01751969,0.07107288390398026,0.1568431556224823,0.2052205204963684
YNL172W,YGR264C,0,0.01751398,0.07104072719812393,0.1568431556224823,0.2053205370903015
YOR274W,YGL122C,0,0.017512403,0.0710085928440094,0.1568431556224823,0.20542053878307343
YBR066C,YNR044W,0,0.017510952,0.07097648829221725,0.1568431556224823,0.20552055537700653
YFL010W-A,YJR001W,1,0.017493708,0.07139629125595093,0.15784215927124023,0.20552055537700653
YER138C,YJR140C,0,0.017476358,0.07136404514312744,0.15784215927124023,0.20562055706977844
YIL140W,YLR316C,0,0.017460661,0.07133182883262634,0.15784215927124023,0.20572057366371155
YDR389W,YKL095W,0,0.017459475,0.07129964232444763,0.15784215927124023,0.20582057535648346
YIL139C,YOR285W,0,0.01745343,0.07126747816801071,0.15784215927124023,0.20592059195041656
YDR160W,YDR508C,1,0.017448558,0.07168620079755783,0.15884116291999817,0.20592059195041656
YMR182C,YJL112W,0,0.017447798,0.07165389508008957,0.15884116291999817,0.20602060854434967
YDR233C,YFL023W,0,0.01744573,0.0716216191649437,0.15884116291999817,0.20612061023712158
YJR004C,YNL178W,0,0.017437011,0.07158937305212021,0.15884116291999817,0.2062206268310547
YGL209W,YBR275C,0,0.017430916,0.07155715674161911,0.15884116291999817,0.2063206285238266
YDR518W,YER190W,0,0.017427463,0.0715249627828598,0.15884116291999817,0.2064206451177597
YDR205W,YGR185C,0,0.017424123,0.07149280607700348,0.15884116291999817,0.20652064681053162
YLR289W,YKR103W,0,0.017412119,0.07146067172288895,0.15884116291999817,0.20662066340446472
YMR049C,YBR182C,0,0.017404256,0.0714285746216774,0.15884116291999817,0.20672066509723663
YMR123W,YNL121C,0,0.017402306,0.07139649987220764,0.15884116291999817,0.20682068169116974
YGL209W,YPR200C,0,0.01740079,0.07136445492506027,0.15884116291999817,0.20692069828510284
YIL080W,YNL175C,0,0.017393643,0.07133243978023529,0.15884116291999817,0.20702069997787476
YGL209W,YGR169C,0,0.01738038,0.0713004469871521,0.15884116291999817,0.20712071657180786
YKR054C,YBL041W,0,0.01736632,0.0712684914469719,0.15884116291999817,0.20722071826457977
YGL122C,YOR313C,0,0.017366199,0.07123655825853348,0.15884116291999817,0.20732073485851288
YPR144C,YKR103W,0,0.017357975,0.07120465487241745,0.15884116291999817,0.2074207365512848
YOR378W,YLR325C,0,0.017352102,0.07117278128862381,0.15884116291999817,0.2075207531452179
YIL094C,YDR461W,0,0.017346323,0.07114093750715256,0.15884116291999817,0.2076207548379898
YOR348C,YJL059W,1,0.017342268,0.07155635207891464,0.1598401665687561,0.2076207548379898
YHR077C,YMR115W,0,0.017341219,0.07152435928583145,0.1598401665687561,0.2077207714319229
YNL052W,YHR082C,0,0.017341048,0.07149240374565125,0.1598401665687561,0.20782078802585602
YPL083C,YLR300W,0,0.01733845,0.07146047055721283,0.1598401665687561,0.20792078971862793
YPR111W,YGR281W,0,0.017336117,0.0714285746216774,0.1598401665687561,0.20802080631256104
YNL008C,YPL131W,0,0.01733079,0.07139670103788376,0.1598401665687561,0.20812080800533295
YFL010W-A,YMR088C,1,0.017330034,0.07181088626384735,0.16083915531635284,0.20812080800533295
YGL122C,YOR351C,0,0.017317688,0.07177887111902237,0.16083915531635284,0.20822082459926605
YBL112C,YHR051W,0,0.01731574,0.07174687832593918,0.16083915531635284,0.20832082629203796
YDL217C,YDL097C,0,0.01731281,0.07171492278575897,0.16083915531635284,0.20842084288597107
YOR348C,YFL010W-A,1,0.017307563,0.07212822884321213,0.16183815896511078,0.20842084288597107
YIL061C,YPL276W,0,0.017298596,0.07209613174200058,0.16183815896511078,0.20852085947990417
YIL134W,YJL128C,0,0.017294219,0.07206405699253082,0.16183815896511078,0.2086208611726761
YNL027W,YOR313C,0,0.017293757,0.07203201204538345,0.16183815896511078,0.2087208777666092
YDR222W,YER190W,0,0.017288418,0.07199999690055847,0.16183815896511078,0.2088208794593811
YJL114W,YIL042C,0,0.017286854,0.07196801155805588,0.16183815896511078,0.2089208960533142
YLR005W,YBL052C,0,0.017269908,0.07193605601787567,0.16183815896511078,0.20902089774608612
YHR079C,YBR257W,0,0.017251734,0.07190413028001785,0.16183815896511078,0.20912091434001923
YER168C,YLR325C,0,0.017241517,0.07187222689390182,0.16183815896511078,0.20922091603279114
YOR327C,YGL113W,0,0.017238963,0.07184035331010818,0.16183815896511078,0.20932093262672424
YFL033C,YDR151C,0,0.017235305,0.07180850952863693,0.16183815896511078,0.20942094922065735
YDR240C,YMR176W,0,0.01723377,0.07177669554948807,0.16183815896511078,0.20952095091342926
YNR072W,YDR508C,0,0.017215148,0.071744903922081,0.16183815896511078,0.20962096750736237
YDL215C,YDR218C,0,0.017214125,0.0717131495475769,0.16183815896511078,0.20972096920013428
YPL276W,YPL112C,0,0.017204696,0.0716814175248146,0.16183815896511078,0.20982098579406738
YFL010W-A,YGR142W,1,0.01719782,0.07209199666976929,0.1628371626138687,0.20982098579406738
YMR019W,YOR251C,0,0.01717616,0.07206012308597565,0.1628371626138687,0.2099209874868393
YCL069W,YKL146W,1,0.017172717,0.07247017323970795,0.16383616626262665,0.2099209874868393
YDR461W,YMR229C,0,0.017172452,0.07243816554546356,0.16383616626262665,0.2100210040807724
YOR310C,YEL031W,0,0.017171035,0.07240618020296097,0.16383616626262665,0.2101210057735443
YLR182W,YBR093C,0,0.017168846,0.07237422466278076,0.16383616626262665,0.21022102236747742
YKR019C,YDL045C,0,0.017157279,0.07234229892492294,0.16383616626262665,0.21032103896141052
YDR378C,YJL112W,0,0.017156782,0.07231040298938751,0.16383616626262665,0.21042104065418243
YGR077C,YBR010W,0,0.017156137,0.07227853685617447,0.16383616626262665,0.21052105724811554
YDL245C,YPR125W,0,0.017152874,0.07224669307470322,0.16383616626262665,0.21062105894088745
YDR131C,YKL201C,0,0.01713792,0.07221488654613495,0.16383616626262665,0.21072107553482056
YOR147W,YJL172W,0,0.017137108,0.07218309491872787,0.16383616626262665,0.21082107722759247
YKL182W,YIR032C,0,0.017135983,0.07215134054422379,0.16383616626262665,0.21092109382152557
YPR196W,YJL024C,0,0.017132258,0.07211961597204208,0.16383616626262665,0.21102109551429749
YOL141W,YNR028W,0,0.0171283,0.07208791375160217,0.16383616626262665,0.2111211121082306
YOR311C,YMR034C,0,0.017119199,0.07205624133348465,0.16383616626262665,0.2112211287021637
YPL042C,YKL117W,0,0.017113335,0.07202459126710892,0.16383616626262665,0.2113211303949356
YLR113W,YMR213W,0,0.017109126,0.07199297845363617,0.16383616626262665,0.2114211469888687
YGR081C,YOR378W,0,0.017102543,0.07196138799190521,0.16383616626262665,0.21152114868164062
YGL170C,YOR020C,0,0.017099986,0.07192982733249664,0.16383616626262665,0.21162116527557373
YOR301W,YGR271W,0,0.017094698,0.07189828902482986,0.16383616626262665,0.21172116696834564
YJR057W,YBR037C,0,0.017093848,0.07186678051948547,0.16383616626262665,0.21182118356227875
YNL153C,YPR133W-A,0,0.01709231,0.07183530181646347,0.16383616626262665,0.21192118525505066
YML032C,YBR141C,0,0.017090444,0.07180385291576385,0.16383616626262665,0.21202120184898376
YMR013C,YLR329W,0,0.01708937,0.07177242636680603,0.16383616626262665,0.21212121844291687
YNL236W,YIL132C,0,0.01708499,0.0717410296201706,0.16383616626262665,0.21222122013568878
YPL259C,YBL026W,0,0.017081395,0.07170966267585754,0.16383616626262665,0.2123212367296219
YPR011C,YJL024C,0,0.017078673,0.07167831808328629,0.16383616626262665,0.2124212384223938
YKL082C,YMR176W,0,0.017070798,0.07164701074361801,0.16383616626262665,0.2125212550163269
YER171W,YKR102W,0,0.017069789,0.07161571830511093,0.16383616626262665,0.21262125670909882
YBR031W,YJL006C,0,0.017068518,0.07158446311950684,0.16383616626262665,0.21272127330303192
YNL065W,YEL062W,1,0.017067926,0.0719895288348198,0.16483516991138458,0.21272127330303192
YPR111W,YNL110C,0,0.017062832,0.07195813208818436,0.16483516991138458,0.21282127499580383
YFL038C,YGL259W,0,0.01706004,0.07192676514387131,0.16483516991138458,0.21292129158973694
YJL178C,YLR024C,0,0.017054228,0.07189542800188065,0.16483516991138458,0.21302130818367004
YBR261C,YDR109C,0,0.01705147,0.07186411321163177,0.16483516991138458,0.21312130987644196
YHL036W,YPR021C,1,0.0170494,0.07226817309856415,0.16583415865898132,0.21312130987644196
YNL079C,YOR378W,0,0.017024022,0.07223672419786453,0.16583415865898132,0.21322132647037506
YPR011C,YLL055W,0,0.017014602,0.0722053050994873,0.16583415865898132,0.21332132816314697
YKR103W,YHR041C,0,0.017010208,0.07217391580343246,0.16583415865898132,0.21342134475708008
YKL009W,YOR353C,0,0.01700332,0.07214254885911942,0.16583415865898132,0.213521346449852
YJR026W,YLR160C,0,0.01699803,0.07211120426654816,0.16583415865898132,0.2136213630437851
YKR036C,YMR319C,0,0.016997552,0.07207989692687988,0.16583415865898132,0.213721364736557
YBR155W,YHR135C,0,0.01699109,0.0720486119389534,0.16583415865898132,0.2138213813304901
YOL045W,YPL273W,0,0.016990056,0.0720173567533493,0.16583415865898132,0.21392139792442322
YIR011C,YIR039C,0,0.016988996,0.071986123919487,0.16583415865898132,0.21402139961719513
YOR230W,YHR039C-A,0,0.016972736,0.07195492088794708,0.16583415865898132,0.21412141621112823
YLR187W,YIL076W,0,0.016972719,0.07192374020814896,0.16583415865898132,0.21422141790390015
YPR194C,YHR119W,0,0.016970063,0.07189259678125381,0.16583415865898132,0.21432143449783325
YJL194W,YOL165C,0,0.016967691,0.07186146825551987,0.16583415865898132,0.21442143619060516
YLR440C,YPL027W,0,0.016966468,0.0718303769826889,0.16583415865898132,0.21452145278453827
YHR056C,YEL037C,0,0.01696343,0.07179930806159973,0.16583415865898132,0.21462146937847137
YGR036C,YNR004W,0,0.016954979,0.07176826894283295,0.16583415865898132,0.2147214710712433
YHR004C,YBL113C,0,0.016950179,0.07173725217580795,0.16583415865898132,0.2148214876651764
YMR093W,YOR349W,0,0.016948186,0.07170626521110535,0.16583415865898132,0.2149214893579483
YLR300W,YOL026C,0,0.016947184,0.07167530059814453,0.16583415865898132,0.2150215059518814
YFR018C,YLR278C,0,0.016939986,0.0716443657875061,0.16583415865898132,0.21512150764465332
YCR093W,YNR044W,0,0.01693447,0.07161346077919006,0.16583415865898132,0.21522152423858643
YBR274W,YLR312W-A,0,0.016928954,0.07158257812261581,0.16583415865898132,0.21532152593135834
YKL176C,YCL069W,1,0.016912011,0.07198275625705719,0.16683316230773926,0.21532152593135834
YMR168C,YLL033W,0,0.016904727,0.07195174694061279,0.16683316230773926,0.21542154252529144
YGL162W,YBL011W,0,0.016884001,0.07192075997591019,0.16683316230773926,0.21552155911922455
YLL027W,YOR349W,0,0.01688389,0.07188979536294937,0.16683316230773926,0.21562156081199646
YNL232W,YPR200C,0,0.016871382,0.07185886055231094,0.16683316230773926,0.21572157740592957
YNL258C,YDR281C,0,0.016865134,0.0718279555439949,0.16683316230773926,0.21582157909870148
YPR190C,YLL040C,0,0.016863711,0.07179707288742065,0.16683316230773926,0.21592159569263458
YLL003W,YNL302C,0,0.016862692,0.07176622003316879,0.16683316230773926,0.2160215973854065
YDR076W,YNR035C,0,0.016853912,0.07173539698123932,0.16683316230773926,0.2161216139793396
YDR172W,YLR024C,0,0.016847923,0.07170459628105164,0.16683316230773926,0.2162216156721115
YGL158W,YML028W,0,0.01684572,0.07167381793260574,0.16683316230773926,0.21632163226604462
YNR060W,YGL060W,0,0.016834414,0.07164306938648224,0.16683316230773926,0.21642164885997772
YMR137C,YBL026W,0,0.016831495,0.07161235064268112,0.16683316230773926,0.21652165055274963
YHR005C-A,YGR145W,0,0.016829586,0.0715816542506218,0.16683316230773926,0.21662166714668274
YER050C,YLR321C,0,0.016823597,0.07155098766088486,0.16683316230773926,0.21672166883945465
YBR274W,YLR103C,0,0.016820822,0.07152034342288971,0.16683316230773926,0.21682168543338776
YKR057W,YKL074C,0,0.016807625,0.07148972898721695,0.16683316230773926,0.21692168712615967
YMR168C,YOR323C,0,0.016805578,0.07145913690328598,0.16683316230773926,0.21702170372009277
YBR274W,YJR112W,0,0.016800275,0.0714285746216774,0.16683316230773926,0.21712170541286469
YJL024C,YFL054C,0,0.016797416,0.07139803469181061,0.16683316230773926,0.2172217220067978
YDL107W,YGL122C,0,0.016779581,0.0713675245642662,0.16683316230773926,0.2173217386007309
YPR189W,YGL236C,0,0.016776528,0.07133703678846359,0.16683316230773926,0.2174217402935028
YFL033C,YIL047C,0,0.016776143,0.07130657881498337,0.16683316230773926,0.2175217568874359
YLR157C,YLR206W,0,0.016774815,0.07127614319324493,0.16683316230773926,0.21762175858020782
YMR228W,YOR025W,0,0.016764224,0.07124573737382889,0.16683316230773926,0.21772177517414093
YLL002W,YGR225W,0,0.016758543,0.07121535390615463,0.16683316230773926,0.21782177686691284
YNR057C,YJL176C,0,0.016758543,0.07118499279022217,0.16683316230773926,0.21792179346084595
YPR127W,YEL056W,0,0.016732782,0.07115466892719269,0.16683316230773926,0.21802179515361786
YJL225C,YNL192W,0,0.016718572,0.0711243599653244,0.16683316230773926,0.21812181174755096
YBR183W,YNL230C,0,0.016703434,0.0710940808057785,0.16683316230773926,0.21822182834148407
YDR383C,YMR075W,0,0.016701916,0.07106383144855499,0.16683316230773926,0.21832183003425598
YNL065W,YJR001W,1,0.016700726,0.07145895063877106,0.1678321659564972,0.21832183003425598
YBR247C,YDR337W,0,0.016698688,0.0714285746216774,0.1678321659564972,0.2184218466281891
YOR349W,YBL068W,0,0.016694978,0.07139821350574493,0.1678321659564972,0.218521848320961
YPR191W,YLR024C,0,0.016691262,0.07136788219213486,0.1678321659564972,0.2186218649148941
YKR071C,YGL183C,0,0.01668907,0.07133758068084717,0.1678321659564972,0.21872186660766602
YFL014W,YDR151C,0,0.01668443,0.07130730152130127,0.1678321659564972,0.21882188320159912
YLL055W,YPL065W,0,0.016678642,0.07127704471349716,0.1678321659564972,0.21892188489437103
YLR353W,YML030W,0,0.016672347,0.07124681770801544,0.1678321659564972,0.21902190148830414
YMR180C,YIL076W,0,0.016671862,0.07121662050485611,0.1678321659564972,0.21912191808223724
YNL270C,YMR088C,1,0.016656954,0.07161016762256622,0.16883116960525513,0.21912191808223724
YDR160W,YEL063C,1,0.016644383,0.07200338691473007,0.16983017325401306,0.21912191808223724
YDL198C,YML039W,0,0.016633103,0.07197290658950806,0.16983017325401306,0.21922191977500916
YPR162C,YGL256W,0,0.016631356,0.07194244861602783,0.16983017325401306,0.21932193636894226
YDR378C,YLR141W,0,0.016628368,0.0719120129942894,0.16983017325401306,0.21942193806171417
YOR106W,YLR295C,0,0.016627278,0.07188160717487335,0.16983017325401306,0.21952195465564728
YKL015W,YBL092W,0,0.016626623,0.0718512237071991,0.16983017325401306,0.2196219563484192
YLR452C,YMR240C,0,0.016622849,0.07182087004184723,0.16983017325401306,0.2197219729423523
YOR298W,YCR052W,0,0.016620854,0.07179053872823715,0.16983017325401306,0.2198219895362854
YDR419W,YER138C,0,0.016615119,0.07176023721694946,0.16983017325401306,0.2199219912290573
YPR111W,YBL098W,0,0.016608467,0.07172995805740356,0.16983017325401306,0.22002200782299042
YEL070W,YDR222W,0,0.016605921,0.07169970124959946,0.16983017325401306,0.22012200951576233
YGR179C,YDR476C,0,0.01659156,0.07166947424411774,0.16983017325401306,0.22022202610969543
YPR144C,YNL032W,0,0.016590642,0.0716392770409584,0.16983017325401306,0.22032202780246735
YDR151C,YDR470C,0,0.016590448,0.07160910218954086,0.16983017325401306,0.22042204439640045
YHR047C,YGR268C,0,0.016584076,0.07157894968986511,0.16983017325401306,0.22052204608917236
YHR074W,YLR047C,0,0.016563535,0.07154881954193115,0.16983017325401306,0.22062206268310547
YER138C,YOL136C,0,0.016562557,0.07151871919631958,0.16983017325401306,0.22072207927703857
YMR276W,YPL064C,0,0.016556159,0.0714886486530304,0.16983017325401306,0.22082208096981049
YDR137W,YNR018W,0,0.016552571,0.0714585930109024,0.16983017325401306,0.2209220975637436
YOR351C,YAL029C,0,0.016551608,0.0714285746216774,0.16983017325401306,0.2210220992565155
YDR378C,YKR019C,0,0.016538458,0.07139857113361359,0.16983017325401306,0.2211221158504486
YDL133C-A,YDR403W,0,0.016535217,0.07136859744787216,0.16983017325401306,0.22122211754322052
YBL089W,YBR069C,1,0.016535139,0.07175828516483307,0.170829176902771,0.22122211754322052
YOL112W,YPR043W,0,0.01653203,0.0717281848192215,0.170829176902771,0.22132213413715363
YPR144C,YJL112W,0,0.01651544,0.07169811427593231,0.170829176902771,0.22142213582992554
YNL107W,YJR140C,0,0.016512744,0.07166806608438492,0.170829176902771,0.22152215242385864
YLR228C,YKR006C,0,0.016503438,0.07163804024457932,0.170829176902771,0.22162216901779175
YBR196C,YNL182C,0,0.016501218,0.0716080367565155,0.170829176902771,0.22172217071056366
YER117W,YMR145C,0,0.016496815,0.07157806307077408,0.170829176902771,0.22182218730449677
YLR020C,YAL040C,0,0.016494455,0.07154811918735504,0.170829176902771,0.22192218899726868
YDR046C,YNR056C,1,0.016492266,0.07193642854690552,0.17182816565036774,0.22192218899726868
YNL044W,YER138C,0,0.016490487,0.07190635800361633,0.17182816565036774,0.22202220559120178
YGL259W,YNL078W,0,0.016479757,0.07187630236148834,0.17182816565036774,0.2221222072839737
YDR160W,YCL069W,1,0.01647454,0.07226399332284927,0.17282716929912567,0.2221222072839737
YOL165C,YPR133W-A,0,0.016474178,0.07223381847143173,0.17282716929912567,0.2222222238779068
YLR080W,YBL089W,0,0.016471967,0.07220367342233658,0.17282716929912567,0.2223222255706787
YGR056W,YHR041C,0,0.016470669,0.07217355072498322,0.17282716929912567,0.22242224216461182
YKL090W,YOR008C,0,0.016464954,0.07214345037937164,0.17282716929912567,0.22252225875854492
YGL170C,YJR026W,0,0.016462315,0.07211337983608246,0.17282716929912567,0.22262226045131683
YEL031W,YBL085W,0,0.016462183,0.07208333164453506,0.17282716929912567,0.22272227704524994
YDL045W-A,YHR079C,0,0.01645437,0.07205331325531006,0.17282716929912567,0.22282227873802185
YJL225C,YJL085W,0,0.016450714,0.07202331721782684,0.17282716929912567,0.22292229533195496
YOR304C-A,YGR027C,0,0.016435869,0.07199334353208542,0.17282716929912567,0.22302229702472687
YPL042C,YMR194W,0,0.01643237,0.07196339219808578,0.17282716929912567,0.22312231361865997
YLR404W,YCL014W,0,0.016429272,0.07193347066640854,0.17282716929912567,0.22322231531143188
YDR296W,YBR155W,0,0.01642582,0.07190357148647308,0.17282716929912567,0.223322331905365
YFR031C,YBR173C,0,0.016418371,0.07187370210886002,0.17282716929912567,0.2234223484992981
YJR078W,YOR393W,0,0.016417656,0.07184385508298874,0.17282716929912567,0.22352235019207
YMR013C,YMR032W,0,0.016416347,0.07181403040885925,0.17282716929912567,0.2236223667860031
YNL010W,YGL174W,0,0.01641439,0.07178423553705215,0.17282716929912567,0.22372236847877502
YDL202W,YDL171C,0,0.01641283,0.07175445556640625,0.17282716929912567,0.22382238507270813
YKL061W,YDR369C,0,0.01640244,0.07172471284866333,0.17282716929912567,0.22392238676548004
YLR268W,YDR081C,0,0.01639617,0.0716949850320816,0.17282716929912567,0.22402240335941315
YPR191W,YGL190C,0,0.016392266,0.07166528701782227,0.17282716929912567,0.22412240505218506
YBL089W,YCL025C,1,0.016382005,0.07204969227313995,0.1738261729478836,0.22412240505218506
YDR137W,YKR102W,0,0.016380906,0.07201986759901047,0.1738261729478836,0.22422242164611816
YJR151C,YNR057C,0,0.016369563,0.07199007272720337,0.1738261729478836,0.22432243824005127
YPR204W,YPR006C,0,0.016346367,0.07196030020713806,0.1738261729478836,0.22442243993282318
YDR064W,YIL132C,0,0.016339967,0.07193055003881454,0.1738261729478836,0.2245224565267563
YMR276W,YGL004C,0,0.016317189,0.07190082967281342,0.1738261729478836,0.2246224582195282
YJL114W,YML112W,0,0.01630458,0.07187112420797348,0.1738261729478836,0.2247224748134613
YHR005C-A,YBR281C,0,0.016299564,0.07184145599603653,0.1738261729478836,0.22482247650623322
YBR002C,YCR014C,0,0.016299274,0.07181180268526077,0.1738261729478836,0.22492249310016632
YHR175W,YER130C,0,0.01628658,0.0717821791768074,0.1738261729478836,0.22502250969409943
YGR252W,YNL182C,0,0.016278453,0.07175257802009583,0.1738261729478836,0.22512251138687134
YMR112C,YGR225W,0,0.016272712,0.07172299921512604,0.1738261729478836,0.22522252798080444
YIL006W,YDL227C,0,0.016271116,0.07169345021247864,0.1738261729478836,0.22532252967357635
YDL133C-A,YGR255C,0,0.016266234,0.07166392356157303,0.1738261729478836,0.22542254626750946
YMR172W,YDL097C,0,0.01625874,0.07163441926240921,0.1738261729478836,0.22552254796028137
YOL066C,YPL131W,0,0.016256219,0.07160493731498718,0.1738261729478836,0.22562256455421448
YGR056W,YLR359W,0,0.016255356,0.07157548516988754,0.1738261729478836,0.2257225662469864
YGL244W,YBL091C-A,0,0.016239854,0.0715460553765297,0.1738261729478836,0.2258225828409195
YGR288W,YGR167W,0,0.016238924,0.07151664793491364,0.1738261729478836,0.2259225994348526
YKL217W,YJL071W,0,0.016234027,0.07148726284503937,0.1738261729478836,0.2260226011276245
YKL161C,YIL047C,0,0.016226543,0.07145790755748749,0.1738261729478836,0.22612261772155762
YJR005W,YBR155W,0,0.016220454,0.0714285746216774,0.1738261729478836,0.22622261941432953
YLR033W,YNL052W,0,0.0162198,0.0713992640376091,0.1738261729478836,0.22632263600826263
YDR392W,YAL031C,0,0.016201837,0.07136997580528259,0.1738261729478836,0.22642263770103455
YNR060W,YGL259W,0,0.016199362,0.07134070992469788,0.1738261729478836,0.22652265429496765
YNL281W,YGR036C,0,0.016199216,0.07131147384643555,0.1738261729478836,0.22662265598773956
YLR285W,YHR058C,0,0.016197879,0.07128226011991501,0.1738261729478836,0.22672267258167267
YGR105W,YIL047C,0,0.016188573,0.07125306874513626,0.1738261729478836,0.22682268917560577
YCR093W,YJR063W,0,0.016188443,0.0712239071726799,0.1738261729478836,0.22692269086837769
YDL045W-A,YOL136C,0,0.016176943,0.07119476050138474,0.1738261729478836,0.2270227074623108
YGR171C,YLR359W,0,0.016153729,0.07116564363241196,0.1738261729478836,0.2271227091550827
YNL192W,YOR180C,0,0.016149607,0.07113654911518097,0.1738261729478836,0.2272227257490158
YLR197W,YPL180W,0,0.01614729,0.07110747694969177,0.1738261729478836,0.22732272744178772
YDR351W,YOL141W,0,0.016146403,0.07107843458652496,0.1738261729478836,0.22742274403572083
YNL261W,YOL108C,0,0.016138913,0.07104940712451935,0.1738261729478836,0.22752274572849274
YDL246C,YEL043W,0,0.016134135,0.07102040946483612,0.1738261729478836,0.22762276232242584
YCL014W,YPL188W,0,0.016132107,0.07099143415689468,0.1738261729478836,0.22772277891635895
YOL026C,YGL113W,0,0.016123632,0.07096248120069504,0.1738261729478836,0.22782278060913086
YDR498C,YBL098W,0,0.016123338,0.07093355059623718,0.1738261729478836,0.22792279720306396
YJL194W,YLR208W,0,0.016122673,0.07090464234352112,0.1738261729478836,0.22802279889583588
YLR314C,YGR034W,0,0.016120343,0.07087576389312744,0.1738261729478836,0.22812281548976898
YIL061C,YLR209C,0,0.016109833,0.07084690779447556,0.1738261729478836,0.2282228171825409
YCR027C,YGR055W,1,0.016105965,0.07122506946325302,0.17482517659664154,0.2282228171825409
YHR211W,YNL223W,0,0.01610311,0.07119609415531158,0.17482517659664154,0.228322833776474
YDR285W,YFR018C,0,0.016098168,0.07116714119911194,0.17482517659664154,0.2284228354692459
YCR027C,YDR508C,1,0.016091207,0.07154471427202225,0.17582418024539948,0.2284228354692459
YBR052C,YNR060W,0,0.01608553,0.07151564210653305,0.17582418024539948,0.22852285206317902
YJR031C,YMR099C,0,0.01605891,0.07148659974336624,0.17582418024539948,0.22862286865711212
YGR252W,YBR187W,0,0.016056554,0.07145757228136063,0.17582418024539948,0.22872287034988403
YOL057W,YLR344W,0,0.016054504,0.0714285746216774,0.17582418024539948,0.22882288694381714
YEL070W,YLL061W,0,0.016054105,0.07139959186315536,0.17582418024539948,0.22892288863658905
YHR156C,YJR040W,0,0.016031299,0.07137063890695572,0.17582418024539948,0.22902290523052216
YDR414C,YKL201C,0,0.016024755,0.07134170830249786,0.17582418024539948,0.22912290692329407
YOL136C,YPL218W,0,0.016021764,0.0713128075003624,0.17582418024539948,0.22922292351722717
YDR310C,YEL029C,0,0.016019186,0.07128392159938812,0.17582418024539948,0.22932292520999908
YCL069W,YCR075C,1,0.01601754,0.07165992259979248,0.1768231838941574,0.22932292520999908
YHR214C-B,YLR113W,0,0.016004799,0.07163091748952866,0.1768231838941574,0.2294229418039322
YLL051C,YHR056C,0,0.01600473,0.07160194218158722,0.1768231838941574,0.2295229583978653
YPR024W,YDR281C,0,0.01599937,0.07157298922538757,0.1768231838941574,0.2296229600906372
YGR246C,YEL070W,0,0.015989823,0.07154405862092972,0.1768231838941574,0.2297229766845703
YLR447C,YDL133C-A,0,0.015979623,0.07151515036821365,0.1768231838941574,0.22982297837734222
YJL114W,YFL013C,0,0.015963983,0.07148626446723938,0.1768231838941574,0.22992299497127533
YBR271W,YDR337W,0,0.015963294,0.0714574083685875,0.1768231838941574,0.23002299666404724
YGR282C,YOR349W,0,0.01595737,0.0714285746216774,0.1768231838941574,0.23012301325798035
YMR179W,YDR470C,0,0.015956989,0.0713997557759285,0.1768231838941574,0.23022301495075226
YOR291W,YMR145C,0,0.015955715,0.07137096673250198,0.1768231838941574,0.23032303154468536
YPR138C,YHR008C,0,0.015955685,0.07134220004081726,0.1768231838941574,0.23042304813861847
YGL183C,YHR168W,0,0.015949173,0.07131345570087433,0.1768231838941574,0.23052304983139038
YOL155C,YAL024C,0,0.015946584,0.07128473371267319,0.1768231838941574,0.2306230664253235
YLR157C,YNR017W,0,0.015944907,0.07125604152679443,0.1768231838941574,0.2307230681180954
YGL094C,YLR316C,0,0.015940337,0.07122736424207687,0.1768231838941574,0.2308230847120285
YOR098C,YMR075W,0,0.015928105,0.0711987093091011,0.1768231838941574,0.23092308640480042
YCR093W,YLL045C,0,0.015920147,0.07117008417844772,0.1768231838941574,0.23102310299873352
YNL202W,YDR260C,0,0.015919944,0.07114148139953613,0.1768231838941574,0.23112311959266663
YDR160W,YOL020W,1,0.015919145,0.07151466608047485,0.17782217264175415,0.23112311959266663
YJR005W,YKR026C,0,0.015910624,0.07148594409227371,0.17782217264175415,0.23122312128543854
YMR065W,YIL042C,0,0.015909519,0.07145724445581436,0.17782217264175415,0.23132313787937164
YGR095C,YNL052W,0,0.01590378,0.0714285746216774,0.17782217264175415,0.23142313957214355
YDL212W,YJL059W,1,0.015898429,0.07180104404687881,0.17882117629051208,0.23142313957214355
YNL270C,YJL059W,1,0.015896259,0.07217321544885635,0.17982017993927002,0.23142313957214355
YHR211W,YGL220W,0,0.015888212,0.0721442922949791,0.17982017993927002,0.23152315616607666
YKL161C,YNL282W,0,0.015885834,0.07211538404226303,0.17982017993927002,0.23162315785884857
YCL069W,YIL088C,1,0.015880892,0.0724869817495346,0.18081918358802795,0.23162315785884857
YPL027W,YNL182C,0,0.015873173,0.07245796918869019,0.18081918358802795,0.23172317445278168
YGL183C,YOL054W,0,0.015871452,0.07242897152900696,0.18081918358802795,0.2318231761455536
YOR126C,YDR151C,0,0.015860017,0.07240000367164612,0.18081918358802795,0.2319231927394867
YGL170C,YPR127W,0,0.015857754,0.07237105071544647,0.18081918358802795,0.2320232093334198
YPL002C,YEL053C,0,0.015842691,0.07234212756156921,0.18081918358802795,0.2321232110261917
YKL170W,YDR218C,0,0.01583734,0.07231322675943375,0.18081918358802795,0.23222322762012482
YOR279C,YBR026C,0,0.015831202,0.07228434830904007,0.18081918358802795,0.23232322931289673
YBR066C,YPR160W,0,0.015830444,0.07225549221038818,0.18081918358802795,0.23242324590682983
YNL050C,YER087W,0,0.01582904,0.07222665846347809,0.18081918358802795,0.23252324759960175
YLL051C,YGL051W,0,0.015817879,0.07219784706830978,0.18081918358802795,0.23262326419353485
YNL281W,YNL070W,0,0.015815912,0.07216905802488327,0.18081918358802795,0.23272326588630676
YDL039C,YGL220W,0,0.015813218,0.07214029133319855,0.18081918358802795,0.23282328248023987
YNL079C,YKL038W,0,0.015808083,0.07211155444383621,0.18081918358802795,0.23292329907417297
YOR297C,YLR389C,0,0.015798997,0.07208283245563507,0.18081918358802795,0.23302330076694489
YLR305C,YOR142W,0,0.015796522,0.07205414026975632,0.18081918358802795,0.233123317360878
YLR043C,YDR310C,0,0.015787829,0.07202547043561935,0.18081918358802795,0.2332233190536499
YLR153C,YOL101C,0,0.015786057,0.07199681550264359,0.18081918358802795,0.233323335647583
YLR305C,YMR186W,0,0.015783858,0.0719681903719902,0.18081918358802795,0.23342333734035492
YDL246C,YLR452C,0,0.015780829,0.07193958759307861,0.18081918358802795,0.23352335393428802
YOL052C,YGL060W,0,0.015779488,0.07191100716590881,0.18081918358802795,0.23362335562705994
YKL182W,YOR313C,0,0.015773617,0.0718824490904808,0.18081918358802795,0.23372337222099304
YKL038W,YPR001W,0,0.01577178,0.07185391336679459,0.18081918358802795,0.23382338881492615
YOL010W,YDR131C,0,0.015767872,0.07182539999485016,0.18081918358802795,0.23392339050769806
YDR411C,YNL230C,0,0.015755193,0.07179690897464752,0.18081918358802795,0.23402340710163116
YOR301W,YMR034C,0,0.015755001,0.07176844030618668,0.18081918358802795,0.23412340879440308
YDL054C,YPR171W,0,0.015751438,0.07173999398946762,0.18081918358802795,0.23422342538833618
YGR271W,YNL335W,0,0.015746042,0.07171157002449036,0.18081918358802795,0.2343234270811081
YCR027C,YGL077C,1,0.015741425,0.07207921147346497,0.1818181872367859,0.2343234270811081
YDL212W,YNL065W,1,0.015737945,0.0724465548992157,0.18281717598438263,0.2343234270811081
YGR282C,YFL001W,0,0.015730664,0.07241788506507874,0.18281717598438263,0.2344234436750412
YER151C,YNL259C,0,0.015729127,0.07238923758268356,0.18281717598438263,0.2345234453678131
YDL045W-A,YOL155C,0,0.01572551,0.07236061990261078,0.18281717598438263,0.23462346196174622
YDR034C,YLR130C,0,0.01572382,0.07233201712369919,0.18281717598438263,0.23472347855567932
YDL212W,YCR027C,1,0.01571752,0.07269854098558426,0.18381617963314056,0.23472347855567932
YBR042C,YJR026W,0,0.01570289,0.07266982644796371,0.18381617963314056,0.23482348024845123
YOR106W,YLR153C,0,0.015697718,0.07264113426208496,0.18381617963314056,0.23492349684238434
YNL172W,YFL014W,0,0.01569525,0.0726124718785286,0.18381617963314056,0.23502349853515625
YNL172W,YIL076W,0,0.015690373,0.07258382439613342,0.18381617963314056,0.23512351512908936
YJL225C,YER185W,0,0.015690116,0.07255520671606064,0.18381617963314056,0.23522351682186127
YOR239W,YJR133W,0,0.015688341,0.07252660393714905,0.18381617963314056,0.23532353341579437
YOL112W,YDR072C,0,0.015687017,0.07249803096055984,0.18381617963314056,0.23542353510856628
YJL112W,YPL167C,0,0.015681952,0.07246947288513184,0.18381617963314056,0.2355235517024994
YDL227C,YPR190C,0,0.015662545,0.07244094461202621,0.18381617963314056,0.2356235682964325
YDL246C,YMR159C,0,0.015661318,0.07241243869066238,0.18381617963314056,0.2357235699892044
YJL194W,YLR153C,0,0.015656937,0.07238394767045975,0.18381617963314056,0.2358235865831375
YDR164C,YMR032W,0,0.01565652,0.0723554864525795,0.18381617963314056,0.23592358827590942
YOL141W,YDL061C,0,0.015656203,0.07232704758644104,0.18381617963314056,0.23602360486984253
YMR203W,YNR072W,0,0.015654873,0.07229862362146378,0.18381617963314056,0.23612360656261444
YGL241W,YPL188W,0,0.015650399,0.0722702294588089,0.18381617963314056,0.23622362315654755
YER017C,YOR311C,0,0.015646748,0.07224185019731522,0.18381617963314056,0.23632363975048065
YCR046C,YJR063W,0,0.015643392,0.07221350073814392,0.18381617963314056,0.23642364144325256
YCL074W,YBL028C,0,0.015636873,0.07218517363071442,0.18381617963314056,0.23652365803718567
YGL037C,YGL163C,0,0.01562663,0.0721568614244461,0.18381617963314056,0.23662365972995758
YKR056W,YIL076W,0,0.015623366,0.07212857902050018,0.18381617963314056,0.23672367632389069
YDR026C,YLR301W,0,0.015616708,0.07210031151771545,0.18381617963314056,0.2368236780166626
YBR223C,YJR051W,0,0.015613029,0.07207207381725311,0.18381617963314056,0.2369236946105957
YOL136C,YJL149W,0,0.0156056825,0.07204385101795197,0.18381617963314056,0.23702369630336761
YML071C,YML028W,0,0.01559799,0.0720156580209732,0.18381617963314056,0.23712371289730072
YPL110C,YPL065W,0,0.0155907,0.07198747992515564,0.18381617963314056,0.23722372949123383
YIL135C,YGR276C,0,0.01558718,0.07195932418107986,0.18381617963314056,0.23732373118400574
YLR024C,YGR134W,0,0.015585337,0.07193119823932648,0.18381617963314056,0.23742374777793884
YKL001C,YJL082W,0,0.015575895,0.07190308719873428,0.18381617963314056,0.23752374947071075
YKL203C,YOL111C,0,0.015575499,0.07187499850988388,0.18381617963314056,0.23762376606464386
YKL205W,YOR351C,0,0.0155725535,0.07184693217277527,0.18381617963314056,0.23772376775741577
YDL140C,YNR060W,0,0.015565115,0.07181888818740845,0.18381617963314056,0.23782378435134888
YPL218W,YNR072W,0,0.015561482,0.07179086655378342,0.18381617963314056,0.2379237860441208
YMR193W,YFR019W,0,0.015555144,0.07176286727190018,0.18381617963314056,0.2380238026380539
YDL212W,YPL274W,1,0.015547793,0.07212475687265396,0.1848151832818985,0.2380238026380539
YJR119C,YOR304C-A,0,0.015541227,0.07209664583206177,0.1848151832818985,0.238123819231987
YCL024W,YJL004C,0,0.015525454,0.07206856459379196,0.1848151832818985,0.2382238209247589
YBR081C,YLR209C,0,0.015524697,0.07204049825668335,0.1848151832818985,0.23832383751869202
YHR179W,YEL022W,0,0.015511474,0.07201245427131653,0.1848151832818985,0.23842383921146393
YDR160W,YFL010W-A,1,0.015511175,0.07237353920936584,0.18581418693065643,0.23842383921146393
YDL059C,YMR246W,0,0.015498388,0.07234539091587067,0.18581418693065643,0.23852385580539703
YNL052W,YOR180C,0,0.01548923,0.07231726497411728,0.18581418693065643,0.23862385749816895
YMR019W,YDL047W,0,0.015486175,0.07228915393352509,0.18581418693065643,0.23872387409210205
YBR118W,YLR151C,0,0.01548238,0.07226107269525528,0.18581418693065643,0.23882387578487396
YGL162W,YMR296C,0,0.015474692,0.07223300635814667,0.18581418693065643,0.23892389237880707
YMR112C,YMR046C,0,0.015472325,0.07220496982336044,0.18581418693065643,0.23902390897274017
YBL112C,YJR031C,0,0.015471692,0.07217694818973541,0.18581418693065643,0.23912391066551208
YBR278W,YAL063C,0,0.015467778,0.07214895635843277,0.18581418693065643,0.2392239272594452
YJL114W,YGR056W,0,0.015464048,0.07212097942829132,0.18581418693065643,0.2393239289522171
YPL274W,YEL062W,1,0.015462849,0.07248061895370483,0.18681319057941437,0.2393239289522171
YDR306C,YPR200C,0,0.015460404,0.07245253771543503,0.18681319057941437,0.2394239455461502
YEL069C,YPR159W,0,0.0154601475,0.07242447882890701,0.18681319057941437,0.23952394723892212
YCL069W,YNL270C,1,0.015451637,0.07278358191251755,0.1878121942281723,0.23952394723892212
YDR167W,YKL022C,0,0.01543886,0.07275541871786118,0.1878121942281723,0.23962396383285522
YPR035W,YLR005W,0,0.015425769,0.072727270424366,0.1878121942281723,0.23972396552562714
YPL110C,YOR340C,0,0.015425008,0.0726991519331932,0.1878121942281723,0.23982398211956024
YDR160W,YNL065W,1,0.015423357,0.07305759936571121,0.18881118297576904,0.23982398211956024
YMR019W,YMR180C,0,0.015416212,0.07302936911582947,0.18881118297576904,0.23992399871349335
YMR136W,YJR140C,0,0.015414178,0.07300116121768951,0.18881118297576904,0.24002400040626526
YOL155C,YDL070W,0,0.015412224,0.07297297567129135,0.18881118297576904,0.24012401700019836
YPR162C,YDR226W,0,0.015411818,0.07294481247663498,0.18881118297576904,0.24022401869297028
YDL059C,YDR164C,0,0.015407623,0.0729166641831398,0.18881118297576904,0.24032403528690338
YOR324C,YDR470C,0,0.015403183,0.07288854569196701,0.18881118297576904,0.2404240369796753
YGR288W,YHR135C,0,0.015394999,0.07286044955253601,0.18881118297576904,0.2405240535736084
YBR293W,YBR069C,1,0.015394116,0.0732177272439003,0.18981018662452698,0.2405240535736084
YOR084W,YEL041W,0,0.015390562,0.07318951934576035,0.18981018662452698,0.2406240552663803
YDL212W,YKR039W,1,0.015383438,0.073546402156353,0.1908091902732849,0.2406240552663803
YER055C,YML099C,0,0.015382311,0.07351808995008469,0.1908091902732849,0.24072407186031342
YHR069C,YDL202W,0,0.01537883,0.07348980009555817,0.1908091902732849,0.24082408845424652
YMR276W,YPR083W,0,0.015368789,0.07346154004335403,0.1908091902732849,0.24092409014701843
YDL206W,YGL050W,0,0.015366337,0.0734332948923111,0.1908091902732849,0.24102410674095154
YDL246C,YDR353W,0,0.0153661,0.07340507209300995,0.1908091902732849,0.24112410843372345
YDR160W,YCL025C,1,0.015365817,0.07376104593276978,0.19180819392204285,0.24112410843372345
YBR278W,YKL205W,0,0.015364468,0.07373271882534027,0.19180819392204285,0.24122412502765656
YDL059C,YKR055W,0,0.015362939,0.07370441406965256,0.19180819392204285,0.24132412672042847
YKL174C,YFL010W-A,1,0.015361988,0.07405985891819,0.19280719757080078,0.24132412672042847
YKR071C,YPL147W,0,0.015359362,0.07403145730495453,0.19280719757080078,0.24142414331436157
YDR090C,YNR003C,0,0.015357551,0.07400307059288025,0.19280719757080078,0.24152414500713348
YPL127C,YER019C-A,0,0.01534581,0.07397470623254776,0.19280719757080078,0.2416241616010666
YDL212W,YCL069W,1,0.015343476,0.07432950288057327,0.19380620121955872,0.2416241616010666
YOR071C,YCL018W,0,0.015335122,0.07430103421211243,0.19380620121955872,0.2417241781949997
YDR164C,YFL017W-A,0,0.0153342355,0.07427258789539337,0.19380620121955872,0.2418241798877716
YGL200C,YNL192W,0,0.015286969,0.07424416393041611,0.19380620121955872,0.2419241964817047
YKL161C,YEL053C,0,0.01528364,0.07421576231718063,0.19380620121955872,0.24202419817447662
YCR027C,YFL055W,1,0.01526621,0.07456979155540466,0.19480518996715546,0.24202419817447662
YOR292C,YNR044W,0,0.015265142,0.07454128563404083,0.19480518996715546,0.24212421476840973
YMR203W,YDR081C,0,0.015259467,0.07451280206441879,0.19480518996715546,0.24222421646118164
YGR020C,YBR257W,0,0.015259158,0.07448434084653854,0.19480518996715546,0.24232423305511475
YML073C,YGR246C,0,0.015257108,0.07445590198040009,0.19480518996715546,0.24242424964904785
YLR395C,YHR214C-B,0,0.0152559765,0.07442747801542282,0.19480518996715546,0.24252425134181976
YML099C,YGL148W,0,0.015254501,0.07439908385276794,0.19480518996715546,0.24262426793575287
YOR323C,YIL095W,0,0.015244319,0.07437071204185486,0.19480518996715546,0.24272426962852478
YJR055W,YBR282W,0,0.0152417915,0.07434235513210297,0.19480518996715546,0.24282428622245789
YDR460W,YOL028C,0,0.01524031,0.07431402802467346,0.19480518996715546,0.2429242879152298
YPR072W,YAR031W,0,0.015239438,0.07428571581840515,0.19480518996715546,0.2430243045091629
YJR119C,YBR026C,0,0.015238256,0.07425742596387863,0.19480518996715546,0.24312430620193481
YOR054C,YPR152C,0,0.0152341,0.0742291584610939,0.19480518996715546,0.24322432279586792
YNL270C,YCL025C,1,0.015233113,0.07458142936229706,0.1958041936159134,0.24322432279586792
YNL297C,YML080W,0,0.0152312815,0.07455306500196457,0.1958041936159134,0.24332433938980103
YGR113W,YLR073C,0,0.015230825,0.07452471554279327,0.1958041936159134,0.24342434108257294
YEL036C,YDL216C,0,0.015200723,0.07449638843536377,0.1958041936159134,0.24352435767650604
YPL274W,YLR209C,0,0.015200009,0.07446808367967606,0.1958041936159134,0.24362435936927795
YPR196W,YCL024W,0,0.01519455,0.07443980127573013,0.1958041936159134,0.24372437596321106
YGL203C,YER130C,0,0.015190739,0.074411541223526,0.1958041936159134,0.24382437765598297
YMR182C,YJL200C,0,0.015190154,0.07438330352306366,0.1958041936159134,0.24392439424991608
YDR229W,YDR151C,0,0.015189626,0.07435508072376251,0.1958041936159134,0.244024395942688
YML097C,YDR229W,0,0.015182353,0.07432688772678375,0.1958041936159134,0.2441244125366211
YMR005W,YJR053W,0,0.015180285,0.07429870963096619,0.1958041936159134,0.2442244291305542
YBR293W,YCL069W,1,0.015177278,0.07464949041604996,0.19680319726467133,0.2442244291305542
YDL107W,YGL113W,0,0.015176963,0.07462121546268463,0.19680319726467133,0.2443244308233261
YHL034C,YDR369C,0,0.015173087,0.0745929554104805,0.19680319726467133,0.24442444741725922
YPL098C,YGL216W,0,0.015169039,0.07456472516059875,0.19680319726467133,0.24452444911003113
YHR175W,YBL028C,0,0.015167232,0.0745365098118782,0.19680319726467133,0.24462446570396423
YDR167W,YNL192W,0,0.015166976,0.07450832426548004,0.19680319726467133,0.24472446739673615
YDL036C,YOR138C,0,0.015164012,0.07448015362024307,0.19680319726467133,0.24482448399066925
YNR017W,YGR112W,0,0.015157876,0.0744520053267479,0.19680319726467133,0.24492448568344116
YMR008C,YIL079C,0,0.015155369,0.0744238793849945,0.19680319726467133,0.24502450227737427
YPL127C,YGL259W,0,0.015152808,0.07439576834440231,0.19680319726467133,0.24512451887130737
YDR332W,YDR226W,0,0.015152139,0.07436768710613251,0.19680319726467133,0.24522452056407928
YOR348C,YDR160W,1,0.015149507,0.0747169777750969,0.19780220091342926,0.24522452056407928
YIL143C,YNR060W,0,0.015130486,0.07468879967927933,0.19780220091342926,0.2453245371580124
YNL032W,YGR179C,0,0.015120642,0.07466063648462296,0.19780220091342926,0.2454245388507843
YOR304W,YNL073W,0,0.015120591,0.07463248819112778,0.19780220091342926,0.2455245554447174
YPR167C,YDL035C,0,0.015119548,0.07460436969995499,0.19780220091342926,0.24562455713748932
YPR171W,YDR429C,0,0.015112087,0.07457627356052399,0.19780220091342926,0.24572457373142242
YDL045W-A,YDR472W,0,0.015107496,0.07454819232225418,0.19780220091342926,0.24582457542419434
YBR128C,YER137C,0,0.015103502,0.07452013343572617,0.19780220091342926,0.24592459201812744
YHL036W,YEL062W,1,0.015101063,0.07486832141876221,0.1988012045621872,0.24592459201812744
YIL170W,YDR461W,0,0.015100835,0.07484016567468643,0.1988012045621872,0.24602460861206055
YKR039W,YFL010W-A,1,0.015100524,0.07518796622753143,0.19980019330978394,0.24602460861206055
YHR047C,YNL102W,0,0.015097898,0.0751597136259079,0.19980019330978394,0.24612461030483246
YFL010W-A,YJL059W,1,0.015085007,0.07550713419914246,0.20079919695854187,0.24612461030483246
YMR065W,YML128C,0,0.015080906,0.07547878473997116,0.20079919695854187,0.24622462689876556
YAL022C,YLR213C,0,0.015077485,0.07545045018196106,0.20079919695854187,0.24632462859153748
YNL163C,YKR068C,0,0.015076509,0.07542213797569275,0.20079919695854187,0.24642464518547058
YGR055W,YEL064C,1,0.015069414,0.07576894015073776,0.2017982006072998,0.24642464518547058
YKL161C,YDR498C,0,0.01505859,0.07574053108692169,0.2017982006072998,0.2465246468782425
YDR160W,YBR069C,1,0.01505369,0.07608695328235626,0.20279720425605774,0.2465246468782425
YPR189W,YFR052W,0,0.015051979,0.07605844736099243,0.20279720425605774,0.2466246634721756
YAR002C-A,YKL009W,0,0.015050014,0.07602996379137039,0.20279720425605774,0.2467246651649475
YGL236C,YFL066C,0,0.015049201,0.07600149512290955,0.20279720425605774,0.24682468175888062
YOR388C,YOR194C,0,0.015048339,0.07597305625677109,0.20279720425605774,0.24692469835281372
YMR117C,YIL006W,0,0.015042516,0.07594463229179382,0.20279720425605774,0.24702470004558563
YLR289W,YOL052C,0,0.015040737,0.07591623067855835,0.20279720425605774,0.24712471663951874
YMR213W,YFL021W,0,0.015038469,0.07588785141706467,0.20279720425605774,0.24722471833229065
YMR182C,YMR267W,0,0.0150380805,0.07585949450731277,0.20279720425605774,0.24732473492622375
YDR081C,YHR051W,0,0.015030193,0.07583115249872208,0.20279720425605774,0.24742473661899567
YGL026C,YDL077C,0,0.015029318,0.07580284029245377,0.20279720425605774,0.24752475321292877
YDL227C,YLR005W,0,0.01502792,0.07577454298734665,0.20279720425605774,0.24762476980686188
YKL190W,YGL010W,0,0.015023248,0.07574626803398132,0.20279720425605774,0.2477247714996338
YBR067C,YHR079C,0,0.015021893,0.07571801543235779,0.20279720425605774,0.2478247880935669
YOL086C,YPR159W,0,0.015021688,0.07568978518247604,0.20279720425605774,0.2479247897863388
YOR283W,YNL335W,0,0.015021061,0.0756615698337555,0.20279720425605774,0.2480248063802719
YPR189W,YNL219C,0,0.015014685,0.07563338428735733,0.20279720425605774,0.24812480807304382
YDL029W,YDR140W,0,0.015002849,0.07560521364212036,0.20279720425605774,0.24822482466697693
YOR301W,YHR085W,0,0.014999192,0.07557706534862518,0.20279720425605774,0.24832482635974884
YLR141W,YJL191W,0,0.014975062,0.0755489394068718,0.20279720425605774,0.24842484295368195
YCL074W,YLR197W,0,0.014958394,0.0755208358168602,0.20279720425605774,0.24852485954761505
YHR069C,YJL079C,0,0.014955928,0.0754927471280098,0.20279720425605774,0.24862486124038696
YMR238W,YOR232W,0,0.014953075,0.07546468079090118,0.20279720425605774,0.24872487783432007
YJL178C,YDR151C,0,0.014950583,0.07543664425611496,0.20279720425605774,0.24882487952709198
YNL050C,YNL078W,0,0.014947156,0.07540861517190933,0.20279720425605774,0.24892489612102509
YDL210W,YNL268W,1,0.014935427,0.07575195282697678,0.20379620790481567,0.24892489612102509
YDR492W,YHR059W,0,0.014935106,0.07572383433580399,0.20379620790481567,0.249024897813797
YDR067C,YGL050W,0,0.014927819,0.07569573074579239,0.20379620790481567,0.2491249144077301
YKR019C,YLR301W,0,0.014927097,0.07566765695810318,0.20379620790481567,0.24922491610050201
YDL179W,YLR145W,0,0.014924965,0.07563959807157516,0.20379620790481567,0.24932493269443512
YIL135C,YLR033W,0,0.014923101,0.07561156153678894,0.20379620790481567,0.24942494928836823
YDL028C,YER145C,0,0.0149217695,0.0755835473537445,0.20379620790481567,0.24952495098114014
YIL134W,YMR227C,0,0.014915602,0.07555555552244186,0.20379620790481567,0.24962496757507324
YIL061C,YBL011W,0,0.014909339,0.07552758604288101,0.20379620790481567,0.24972496926784515
YGL026C,YCL014W,0,0.014901022,0.07549963146448135,0.20379620790481567,0.24982498586177826
YFL038C,YEL040W,0,0.014893576,0.07547169923782349,0.20379620790481567,0.24992498755455017
YGR081C,YPL167C,0,0.014890764,0.07544378936290741,0.20379620790481567,0.2500250041484833
YBR150C,YOL107W,0,0.014890323,0.07541589438915253,0.20379620790481567,0.2501250207424164
YDL140C,YDR416W,0,0.014889875,0.07538802921772003,0.20379620790481567,0.2502250373363495
YKR039W,YFL055W,1,0.014889645,0.07572959363460541,0.2047952115535736,0.2502250373363495
YDL059C,YIL140W,0,0.014888862,0.07570162415504456,0.2047952115535736,0.2503250241279602
YLL061W,YDR160W,1,0.014887176,0.07604282349348068,0.20579420030117035,0.2503250241279602
YJR082C,YJR101W,0,0.014880109,0.07601475715637207,0.20579420030117035,0.2504250407218933
YLL017W,YOR285W,0,0.014878284,0.07598672062158585,0.20579420030117035,0.2505250573158264
YOR301W,YPL200W,0,0.014876935,0.07595869898796082,0.20579420030117035,0.2506250739097595
YKL161C,YOR279C,0,0.014875063,0.07593070715665817,0.20579420030117035,0.25072506070137024
YJR028W,YKL085W,0,0.014871129,0.07590273022651672,0.20579420030117035,0.25082507729530334
YJL030W,YGL216W,0,0.014869662,0.07587476819753647,0.20579420030117035,0.25092509388923645
YNL236W,YKL082C,0,0.014866107,0.0758468359708786,0.20579420030117035,0.25102511048316956
YDL212W,YBR068C,1,0.014865687,0.07618696987628937,0.20679320394992828,0.25102511048316956
YER138C,YGR118W,0,0.014854464,0.07615894079208374,0.20679320394992828,0.25112512707710266
YGL170C,YNR060W,0,0.0148432115,0.0761309340596199,0.20679320394992828,0.2512251138687134
YLR316C,YGR239C,0,0.014834373,0.07610294222831726,0.20679320394992828,0.2513251304626465
YAR002C-A,YLR380W,0,0.014830193,0.07607497274875641,0.20679320394992828,0.2514251470565796
YOR298W,YOL111C,0,0.014829935,0.07604702562093735,0.20679320394992828,0.2515251636505127
YDR403W,YOR098C,0,0.014827629,0.07601909339427948,0.20679320394992828,0.2516251504421234
YIL094C,YLR224W,0,0.0148230465,0.075991190969944,0.20679320394992828,0.2517251670360565
YDR172W,YKL095W,0,0.014821571,0.07596330344676971,0.20679320394992828,0.2518251836299896
YKL171W,YMR267W,0,0.014821326,0.07593543827533722,0.20679320394992828,0.25192520022392273
YDL028C,YOR180C,0,0.014820783,0.07590758800506592,0.20679320394992828,0.25202521681785583
YGR281W,YMR176W,0,0.014812556,0.075879767537117,0.20679320394992828,0.25212520360946655
YKL082C,YGR271W,0,0.014808264,0.07585196197032928,0.20679320394992828,0.25222522020339966
YGL094C,YMR097C,0,0.014804174,0.07582417875528336,0.20679320394992828,0.25232523679733276
YDR461W,YDR404C,0,0.0148040075,0.07579641044139862,0.20679320394992828,0.25242525339126587
YCR060W,YCL057W,0,0.014800391,0.07576866447925568,0.20679320394992828,0.2525252401828766
YDR454C,YGL162W,0,0.014769849,0.07574094086885452,0.20679320394992828,0.2526252567768097
YNR004W,YDL140C,0,0.014763113,0.07571323961019516,0.20679320394992828,0.2527252733707428
YMR117C,YBL052C,0,0.014761277,0.07568556070327759,0.20679320394992828,0.2528252899646759
YBR182C,YBL026W,0,0.014755908,0.07565789669752121,0.20679320394992828,0.252925306558609
YDL212W,YKL176C,1,0.0147539405,0.07599561661481857,0.20779220759868622,0.252925306558609
YLL061W,YCR027C,1,0.014742957,0.07633309066295624,0.20879121124744415,0.252925306558609
YPR171W,YLR197W,0,0.014740956,0.07630521804094315,0.20879121124744415,0.2530252933502197
YJL034W,YDL040C,0,0.014733493,0.07627737522125244,0.20879121124744415,0.25312530994415283
YGR012W,YDR403W,0,0.014730814,0.07624954730272293,0.20879121124744415,0.25322532653808594
YPL151C,YMR065W,0,0.014728634,0.07622173428535461,0.20879121124744415,0.25332534313201904
YOL158C,YDR226W,0,0.0147267245,0.07619395107030869,0.20879121124744415,0.25342532992362976
YEL041W,YOR085W,0,0.014726531,0.07616618275642395,0.20879121124744415,0.25352534651756287
YER013W,YMR186W,0,0.014723889,0.076138436794281,0.20879121124744415,0.25362536311149597
YNL044W,YHR079C,0,0.014722602,0.07611070573329926,0.20879121124744415,0.2537253797054291
YDR034C,YLR325C,0,0.014722257,0.0760829970240593,0.20879121124744415,0.2538253962993622
YHL036W,YNL268W,1,0.014721081,0.07641921192407608,0.2097902148962021,0.2538253962993622
YGR081C,YNR072W,0,0.014719579,0.07639141380786896,0.2097902148962021,0.2539253830909729
YDL061C,YIL083C,0,0.014719378,0.07636363804340363,0.2097902148962021,0.254025399684906
YNL262W,YLR224W,0,0.0147188045,0.07633587718009949,0.2097902148962021,0.2541254162788391
YHR061C,YDL170W,0,0.014716765,0.07630813866853714,0.2097902148962021,0.2542254328727722
YIL143C,YNR004W,0,0.014714512,0.07628042250871658,0.2097902148962021,0.25432541966438293
YLR157C,YOR338W,0,0.014713709,0.07625272125005722,0.2097902148962021,0.25442543625831604
YCR027C,YBR132C,1,0.014706599,0.07658801972866058,0.21078920364379883,0.25442543625831604
YGL212W,YKR028W,0,0.014697652,0.07656022906303406,0.21078920364379883,0.25452545285224915
YDR383C,YLR073C,0,0.0146974875,0.07653246074914932,0.21078920364379883,0.25462546944618225
YJR140C,YJR034W,0,0.01469697,0.07650471478700638,0.21078920364379883,0.25472548604011536
YIL135C,YMR301C,0,0.014689437,0.07647698372602463,0.21078920364379883,0.2548254728317261
YKR020W,YHR109W,0,0.01468747,0.07644927501678467,0.21078920364379883,0.2549254894256592
YCL036W,YMR143W,0,0.0146784885,0.0764215886592865,0.21078920364379883,0.2550255060195923
YCL069W,YGR055W,1,0.014667232,0.07675597071647644,0.21178820729255676,0.2550255060195923
YJR070C,YDR240C,0,0.014657284,0.07672819495201111,0.21178820729255676,0.2551255226135254
YER185W,YIL135C,0,0.014656775,0.07670043408870697,0.21178820729255676,0.2552255094051361
YDR207C,YJL206C,0,0.01464964,0.07667269557714462,0.21178820729255676,0.2553255259990692
YMR123W,YFR019W,0,0.014628641,0.07664497196674347,0.21178820729255676,0.2554255425930023
YBL113C,YNL078W,0,0.014627494,0.0766172781586647,0.21178820729255676,0.2555255591869354
YOR279C,YBL092W,0,0.014624841,0.07658959180116653,0.21178820729255676,0.25562557578086853
YCR027C,YFL010W-A,1,0.014621618,0.07692307978868484,0.2127872109413147,0.25562557578086853
YNR006W,YFL033C,0,0.014618726,0.07689530402421951,0.2127872109413147,0.25572556257247925
YDR415C,YPR125W,0,0.01461859,0.07686755806207657,0.2127872109413147,0.25582557916641235
YDR160W,YPL274W,1,0.014618233,0.07720057666301727,0.21378621459007263,0.25582557916641235
YDR461W,YDR081C,0,0.014614606,0.07717273384332657,0.21378621459007263,0.25592559576034546
YJR083C,YHR058C,0,0.014604501,0.07714491337537766,0.21378621459007263,0.25602561235427856
YDR285W,YOR204W,0,0.014602491,0.07711711525917053,0.21378621459007263,0.2561255991458893
YNL102W,YCR012W,0,0.014593375,0.0770893394947052,0.21378621459007263,0.2562256157398224
YLR209C,YKL172W,0,0.014585394,0.07706157863140106,0.21378621459007263,0.2563256323337555
YDL036C,YBR173C,0,0.014578474,0.07703384011983871,0.21378621459007263,0.2564256489276886
YLR103C,YDL039C,0,0.014571283,0.07700611650943756,0.21378621459007263,0.2565256655216217
YDL024C,YOR377W,0,0.014570051,0.0769784152507782,0.21378621459007263,0.2566256523132324
YNR067C,YDR072C,0,0.014569921,0.07695073634386063,0.21378621459007263,0.2567256689071655
YLR228C,YPL122C,0,0.014568743,0.07692307978868484,0.21378621459007263,0.25682568550109863
YBR260C,YGL259W,0,0.014555359,0.07689543813467026,0.21378621459007263,0.25692570209503174
YDR351W,YLR401C,0,0.014552631,0.07686781883239746,0.21378621459007263,0.25702568888664246
YNR056C,YGL077C,1,0.0145314075,0.07719928026199341,0.21478521823883057,0.25702568888664246
YBR202W,YPL027W,0,0.014531372,0.07717157155275345,0.21478521823883057,0.25712570548057556
YJL194W,YLR191W,0,0.014510404,0.07714388519525528,0.21478521823883057,0.25722572207450867
YNR056C,YCR075C,1,0.0145096,0.07747489213943481,0.2157842218875885,0.25722572207450867
YMR112C,YNL307C,0,0.014500696,0.07744711637496948,0.2157842218875885,0.2573257386684418
YPR162C,YJL187C,0,0.014494355,0.07741935551166534,0.2157842218875885,0.2574257552623749
YPL098C,YKR028W,0,0.014491882,0.077391617000103,0.2157842218875885,0.2575257420539856
YLR305C,YIL048W,0,0.014490453,0.07736389338970184,0.2157842218875885,0.2576257586479187
YBR081C,YLR344W,0,0.01448638,0.07733619958162308,0.2157842218875885,0.2577257752418518
YPR167C,YGR070W,0,0.014477547,0.0773085206747055,0.2157842218875885,0.2578257918357849
YFL010W-A,YDR508C,1,0.0144746555,0.077638640999794,0.21678321063518524,0.2578257918357849
YLL002W,YGR105W,0,0.014473609,0.07761087268590927,0.21678321063518524,0.25792577862739563
YBR247C,YBL091C-A,0,0.014455316,0.07758312672376633,0.21678321063518524,0.25802579522132874
YDL245C,YNR010W,0,0.014451819,0.07755539566278458,0.21678321063518524,0.25812581181526184
YMR097C,YFL017W-A,0,0.014450751,0.07752768695354462,0.21678321063518524,0.25822582840919495
YLL008W,YLR042C,0,0.014449434,0.07750000059604645,0.21678321063518524,0.25832584500312805
YOR222W,YDR444W,0,0.01444289,0.07747232913970947,0.21678321063518524,0.25842583179473877
YJL225C,YNL236W,0,0.014419621,0.07744468003511429,0.21678321063518524,0.2585258483886719
YGR264C,YFL013C,0,0.014414133,0.0774170532822609,0.21678321063518524,0.258625864982605
YBR132C,YPL274W,1,0.014412162,0.07774607837200165,0.21778221428394318,0.258625864982605
YJR138W,YLR197W,0,0.014408477,0.07771836221218109,0.21778221428394318,0.2587258815765381
YER050C,YHL027W,0,0.0144080715,0.07769066095352173,0.21778221428394318,0.2588258683681488
YPR144C,YCL018W,0,0.014407956,0.07766298204660416,0.21778221428394318,0.2589258849620819
YIL088C,YOL101C,0,0.014404333,0.07763532549142838,0.21778221428394318,0.259025901556015
YMR019W,YOR168W,0,0.014404077,0.07760769128799438,0.21778221428394318,0.2591259181499481
YBR066C,YLL012W,0,0.014401708,0.07758007198572159,0.21778221428394318,0.2592259347438812
YDR383C,YER019C-A,0,0.014391965,0.07755247503519058,0.21778221428394318,0.25932592153549194
YDL198C,YJR032W,0,0.014387791,0.07752489298582077,0.21778221428394318,0.25942593812942505
YAR002C-A,YDR415C,0,0.014387663,0.07749733328819275,0.21778221428394318,0.25952595472335815
YKL161C,YNL259C,0,0.01438585,0.07746979594230652,0.21778221428394318,0.25962597131729126
YLR314C,YPR152C,0,0.014376591,0.07744227349758148,0.21778221428394318,0.259725958108902
YFL010W-A,YDR472W,0,0.014376348,0.07741477340459824,0.21778221428394318,0.2598259747028351
YDR497C,YGL190C,0,0.014375166,0.07738728821277618,0.21778221428394318,0.2599259912967682
YOL112W,YBR128C,0,0.01436214,0.07735983282327652,0.21778221428394318,0.2600260078907013
YLR047C,YNR057C,0,0.014356443,0.07733238488435745,0.21778221428394318,0.2601260244846344
YLR141W,YOR393W,0,0.014345928,0.07730496674776077,0.21778221428394318,0.2602260112762451
YDL227C,YBR095C,0,0.0143433325,0.07727756351232529,0.21778221428394318,0.2603260278701782
YMR114C,YML039W,0,0.014339813,0.077250175178051,0.21778221428394318,0.26042604446411133
YIL177C,YJR112W,0,0.014339234,0.0772228091955185,0.21778221428394318,0.26052606105804443
YIL079C,YML052W,0,0.014337172,0.07719546556472778,0.21778221428394318,0.26062604784965515
YDR351W,YPL078C,0,0.01433255,0.07716814428567886,0.21778221428394318,0.26072606444358826
YJR078W,YGR180C,0,0.014328032,0.07714083790779114,0.21778221428394318,0.26082608103752136
YDL197C,YMR272C,0,0.014326468,0.0771135464310646,0.21778221428394318,0.26092609763145447
YER022W,YBR141C,0,0.01432012,0.07708627730607986,0.21778221428394318,0.2610261142253876
YGL209W,YKR055W,0,0.014318781,0.07705903053283691,0.21778221428394318,0.2611261010169983
YHR211W,YDR083W,0,0.014318289,0.07703179866075516,0.21778221428394318,0.2612261176109314
YNL079C,YFR045W,0,0.014304339,0.07700458914041519,0.21778221428394318,0.2613261342048645
YGL186C,YPR187W,0,0.014303169,0.07697740197181702,0.21778221428394318,0.2614261507987976
YGR191W,YJL059W,1,0.014302806,0.0773032158613205,0.2187812179327011,0.2614261507987976
YHR030C,YBL005W-B,0,0.014299815,0.07727593183517456,0.2187812179327011,0.2615261673927307
YBL026W,YHR058C,0,0.01429458,0.07724867761135101,0.2187812179327011,0.26162615418434143
YJR004C,YAL031C,0,0.014290079,0.07722143828868866,0.2187812179327011,0.26172617077827454
YMR276W,YBR128C,0,0.014286345,0.0771942213177681,0.2187812179327011,0.26182618737220764
YIR025W,YKL165C,0,0.014280149,0.07716701924800873,0.2187812179327011,0.26192620396614075
YNR004W,YBL079W,0,0.01427749,0.07713983952999115,0.2187812179327011,0.26202619075775146
YGR251W,YIL135C,0,0.014275753,0.07711267471313477,0.2187812179327011,0.26212620735168457
YDR518W,YGR113W,0,0.014271191,0.07708553224802017,0.2187812179327011,0.2622262239456177
YJR057W,YER130C,0,0.014264101,0.07705841213464737,0.2187812179327011,0.2623262405395508
YBR020W,YDR159W,0,0.014261253,0.07703130692243576,0.2187812179327011,0.2624262571334839
YOR145C,YCR046C,0,0.014258484,0.07700421661138535,0.2187812179327011,0.2625262439250946
YIL128W,YGL212W,0,0.014252152,0.07697715610265732,0.2187812179327011,0.2626262605190277
YNL172W,YER175C,0,0.014242877,0.07695010304450989,0.2187812179327011,0.2627262771129608
YDR076W,YBR042C,0,0.014237931,0.07692307978868484,0.2187812179327011,0.2628262937068939
YMR227C,YGL148W,0,0.014227052,0.0768960639834404,0.2187812179327011,0.26292628049850464
YGL186C,YOR340C,0,0.014226029,0.07686907798051834,0.2187812179327011,0.26302629709243774
YJL130C,YNR010W,0,0.014224224,0.07684210687875748,0.2187812179327011,0.26312631368637085
YGL122C,YGL103W,0,0.014221597,0.0768151506781578,0.2187812179327011,0.26322633028030396
YBL089W,YIR005W,0,0.014220855,0.07678821682929993,0.2187812179327011,0.26332634687423706
YHR056C,YLL034C,0,0.014210317,0.07676130533218384,0.2187812179327011,0.2634263336658478
YDR492W,YDR207C,0,0.014207439,0.07673440873622894,0.2187812179327011,0.2635263502597809
YKR008W,YHR085W,0,0.014184022,0.07670752704143524,0.2187812179327011,0.263626366853714
YJR138W,YHL012W,0,0.014181329,0.07668067514896393,0.2187812179327011,0.2637263834476471
YDR207C,YBR281C,0,0.014178904,0.07665383070707321,0.2187812179327011,0.2638263702392578
YLR219W,YNR018W,0,0.014166777,0.07662700861692429,0.2187812179327011,0.2639263868331909
YNR074C,YDR034C,0,0.014164261,0.07660020887851715,0.2187812179327011,0.264026403427124
YJL114W,YGL094C,0,0.014161125,0.07657342404127121,0.2187812179327011,0.26412642002105713
YOL070C,YLR404W,0,0.014156539,0.07654666155576706,0.2187812179327011,0.26422643661499023
YBL089W,YFL055W,1,0.014149487,0.07686932384967804,0.21978022158145905,0.26422643661499023
YKL090W,YER090W,0,0.014144054,0.07684247195720673,0.21978022158145905,0.26432642340660095
YNR074C,YKL038W,0,0.01413599,0.0768156424164772,0.21978022158145905,0.26442644000053406
YNL230C,YJR140C,0,0.01413235,0.07678882777690887,0.21978022158145905,0.26452645659446716
YDL246C,YFR021W,0,0.014131021,0.07676203548908234,0.21978022158145905,0.26462647318840027
YDR389W,YIL076W,0,0.01412667,0.07673526555299759,0.21978022158145905,0.264726459980011
YER103W,YJR119C,0,0.014125542,0.07670851051807404,0.21978022158145905,0.2648264765739441
YGL186C,YOR378W,0,0.014124499,0.07668177038431168,0.21978022158145905,0.2649264931678772
YPL223C,YKL003C,0,0.014121239,0.07665505260229111,0.21978022158145905,0.2650265097618103
YNR056C,YHL036W,1,0.014117681,0.07697666436433792,0.22077922523021698,0.2650265097618103
YJR036C,YDR072C,0,0.01411427,0.07694985717535019,0.22077922523021698,0.2651265263557434
YMR315W,YGL212W,0,0.01411425,0.07692307978868484,0.22077922523021698,0.2652265131473541
YPL213W,YGL010W,0,0.0141124055,0.0768963098526001,0.22077922523021698,0.26532652974128723
YMR159C,YNL239W,0,0.014111231,0.07686956226825714,0.22077922523021698,0.26542654633522034
YBR202W,YMR046C,0,0.0141087705,0.07684283703565598,0.22077922523021698,0.26552656292915344
YMR182C,YJL213W,0,0.014106177,0.076816126704216,0.22077922523021698,0.26562654972076416
YFL010W-A,YIL088C,1,0.014105236,0.07713690400123596,0.22177822887897491,0.26562654972076416
YGR179C,YGL030W,0,0.014102868,0.07711010426282883,0.22177822887897491,0.26572656631469727
YMR203W,YIL048W,0,0.014102291,0.07708333432674408,0.22177822887897491,0.26582658290863037
YJR010W,YGR020C,0,0.014088952,0.07705657929182053,0.22177822887897491,0.2659265995025635
YLL061W,YNL101W,1,0.014079994,0.0773768201470375,0.22277721762657166,0.2659265995025635
YOL070C,YGL180W,0,0.01407861,0.07734998315572739,0.22277721762657166,0.2660266160964966
YNL010W,YMR032W,0,0.014061181,0.07732316106557846,0.22277721762657166,0.2661266028881073
YNR074C,YER154W,0,0.014044433,0.07729636132717133,0.22277721762657166,0.2662266194820404
YHL012W,YJL141C,0,0.014040248,0.07726957648992538,0.22277721762657166,0.2663266360759735
YPL223C,YDR140W,0,0.014036709,0.07724281400442123,0.22277721762657166,0.2664266526699066
YMR186W,YPL129W,0,0.014031728,0.07721606642007828,0.22277721762657166,0.26652663946151733
YOL145C,YBR261C,0,0.014024282,0.07718934118747711,0.22277721762657166,0.26662665605545044
YJR078W,YLR383W,0,0.01401516,0.07716263085603714,0.22277721762657166,0.26672667264938354
YIL128W,YMR159C,0,0.014011938,0.07713593542575836,0.22277721762657166,0.26682668924331665
YKL061W,YOL054W,0,0.014002092,0.07710926979780197,0.22277721762657166,0.26692670583724976
YCR046C,YPL208W,0,0.013991511,0.07708261162042618,0.22277721762657166,0.2670266926288605
YLR305C,YPL094C,0,0.01397309,0.07705597579479218,0.22277721762657166,0.2671267092227936
YIR025W,YDL227C,0,0.0139724985,0.07702936232089996,0.22277721762657166,0.2672267258167267
YOL107W,YDR472W,0,0.013972393,0.07700276374816895,0.22277721762657166,0.2673267424106598
YOR084W,YHR039C-A,0,0.013971829,0.07697618007659912,0.22277721762657166,0.2674267292022705
YJR005W,YLR009W,0,0.013964085,0.07694961875677109,0.22277721762657166,0.2675267457962036
YPL150W,YOR204W,0,0.013961912,0.07692307978868484,0.22277721762657166,0.2676267623901367
YLR312W-A,YML128C,0,0.013957279,0.0768965482711792,0.22277721762657166,0.2677267789840698
YDR064W,YBL085W,0,0.0139522785,0.07687004655599594,0.22277721762657166,0.26782679557800293
YLL061W,YNL270C,1,0.013932808,0.0771881490945816,0.2237762212753296,0.26782679557800293
YPR196W,YGL170C,0,0.013932729,0.07716155797243118,0.2237762212753296,0.26792678236961365
YLR291C,YPR152C,0,0.013930489,0.07713498920202255,0.2237762212753296,0.26802679896354675
YGR169C,YER190W,0,0.013904071,0.07710843533277512,0.2237762212753296,0.26812681555747986
YKL206C,YNL092W,0,0.0138977645,0.07708189636468887,0.2237762212753296,0.26822683215141296
YLR107W,YNL238W,0,0.013896785,0.07705538719892502,0.2237762212753296,0.2683268189430237
YKR019C,YMR038C,0,0.013896772,0.07702888548374176,0.2237762212753296,0.2684268355369568
YPR011C,YKL041W,0,0.0138952425,0.07700240612030029,0.2237762212753296,0.2685268521308899
YDR233C,YBL098W,0,0.013894321,0.07697594165802002,0.2237762212753296,0.268626868724823
YJR005W,YOR298W,0,0.013883885,0.07694949954748154,0.2237762212753296,0.2687268853187561
YPL151C,YJL166W,0,0.0138831865,0.07692307978868484,0.2237762212753296,0.2688268721103668
YNL335W,YDR497C,0,0.013873117,0.07689666748046875,0.2237762212753296,0.2689268887042999
YDL212W,YBL089W,1,0.013870866,0.07721345126628876,0.22477522492408752,0.2689268887042999
YOL141W,YBR150C,0,0.013865844,0.0771869644522667,0.22477522492408752,0.26902690529823303
YPL083C,YAL024C,0,0.013864678,0.07716049253940582,0.22477522492408752,0.26912692189216614
YLR047C,YKL082C,0,0.0138622215,0.07713404297828674,0.22477522492408752,0.26922690868377686
YKL176C,YDL210W,1,0.013860135,0.07745030522346497,0.22577422857284546,0.26922690868377686
YDL212W,YBR293W,1,0.013859744,0.07776635885238647,0.2267732322216034,0.26922690868377686
YNL147W,YOR355W,0,0.013858362,0.07773972302675247,0.2267732322216034,0.26932692527770996
YKL020C,YIR018W,0,0.013852595,0.07771310955286026,0.2267732322216034,0.26942694187164307
YOR382W,YBL113C,0,0.013850492,0.07768651843070984,0.2267732322216034,0.26952695846557617
YBL089W,YEL063C,1,0.0138447955,0.07800205051898956,0.22777222096920013,0.26952695846557617
YEL063C,YPR021C,1,0.013841696,0.07831737399101257,0.22877122461795807,0.26952695846557617
YDL179W,YNL335W,0,0.013830576,0.07829059660434723,0.22877122461795807,0.2696269750595093
YEL036C,YPL113C,0,0.013823944,0.07826384156942368,0.22877122461795807,0.26972696185112
YPL042C,YMR046C,0,0.013822696,0.07823710143566132,0.22877122461795807,0.2698269784450531
YOR301W,YGL170C,0,0.013820837,0.07821038365364075,0.22877122461795807,0.2699269950389862
YMR238W,YML052W,0,0.013813866,0.07818368077278137,0.22877122461795807,0.2700270116329193
YPL151C,YGR180C,0,0.013811151,0.07815700024366379,0.22877122461795807,0.27012699842453003
YFR018C,YLR213C,0,0.013799873,0.0781303346157074,0.22877122461795807,0.27022701501846313
YCR012W,YNL092W,0,0.013794593,0.0781036838889122,0.22877122461795807,0.27032703161239624
YLL017W,YHR008C,0,0.013790234,0.0780770555138588,0.22877122461795807,0.27042704820632935
YOR388C,YER008C,0,0.013787595,0.07805044203996658,0.22877122461795807,0.27052706480026245
YMR272C,YJR112W,0,0.013779667,0.07802385091781616,0.22877122461795807,0.27062705159187317
YLR312W-A,YJL006C,0,0.013769498,0.07799727469682693,0.22877122461795807,0.2707270681858063
YAL054C,YCL014W,0,0.013763736,0.0779707208275795,0.22877122461795807,0.2708270847797394
YOR304W,YGL225W,0,0.013763386,0.07794418185949326,0.22877122461795807,0.2709271013736725
YIL142W,YJR053W,0,0.013755472,0.0779176577925682,0.22877122461795807,0.2710270881652832
YDR389W,YOL104C,0,0.013746147,0.07789115607738495,0.22877122461795807,0.2711271047592163
YKL176C,YHL036W,1,0.013746121,0.0782046914100647,0.229770228266716,0.2711271047592163
YDR160W,YGR191W,1,0.013745965,0.07851801812648773,0.23076923191547394,0.2711271047592163
YJL114W,YGR255C,0,0.013744175,0.07849133759737015,0.23076923191547394,0.2712271213531494
YAL033W,YKL174C,0,0.013734962,0.07846467196941376,0.23076923191547394,0.2713271379470825
YKR103W,YBR238C,0,0.013732377,0.07843802869319916,0.23076923191547394,0.2714271545410156
YPL127C,YIL095W,0,0.013731099,0.07841140776872635,0.23076923191547394,0.27152714133262634
YPL139C,YIL132C,0,0.013730803,0.07838480174541473,0.23076923191547394,0.27162715792655945
YPL150W,YKR036C,0,0.013728103,0.07835821062326431,0.23076923191547394,0.27172717452049255
YKL119C,YGL163C,0,0.013726438,0.07833163440227509,0.23076923191547394,0.27182719111442566
YBR278W,YDR461W,0,0.01372563,0.07830508798360825,0.23076923191547394,0.2719271779060364
YMR273C,YMR099C,0,0.013721455,0.078278549015522,0.23076923191547394,0.2720271944999695
YKL022C,YLL040C,0,0.0137212165,0.07825203239917755,0.23076923191547394,0.2721272110939026
YDR026C,YDR453C,0,0.0137173245,0.0782255306839943,0.23076923191547394,0.2722272276878357
YHR164C,YPL011C,0,0.013714462,0.07819905132055283,0.23076923191547394,0.2723272442817688
YNL232W,YFR019W,0,0.013714048,0.07817258685827255,0.23076923191547394,0.2724272310733795
YPL099C,YLL061W,0,0.013713571,0.07814614474773407,0.23076923191547394,0.2725272476673126
YFR018C,YGL241W,0,0.013711011,0.07811971753835678,0.23076923191547394,0.2726272642612457
YJR051W,YBL011W,0,0.013709534,0.07809330523014069,0.23076923191547394,0.27272728085517883
YGL158W,YML071C,0,0.013708387,0.07806691527366638,0.23076923191547394,0.27282729744911194
YFR036W,YMR115W,0,0.013706536,0.07804054021835327,0.23076923191547394,0.27292728424072266
YBR067C,YBR238C,0,0.013693683,0.07801418751478195,0.23076923191547394,0.27302730083465576
YHR156C,YPR043W,0,0.013690824,0.07798784971237183,0.23076923191547394,0.27312731742858887
YCR027C,YPL265W,1,0.013687758,0.07829902321100235,0.23176823556423187,0.27312731742858887
YKL186C,YNL192W,0,0.01368687,0.07827260345220566,0.23176823556423187,0.273227334022522
YOL020W,YHL036W,1,0.0136836525,0.07858347147703171,0.2327672392129898,0.273227334022522
YGL172W,YIL170W,0,0.01368003,0.07855697721242905,0.2327672392129898,0.2733273208141327
YKL201C,YHR008C,0,0.013679264,0.07853050529956818,0.2327672392129898,0.2734273374080658
YDL212W,YDR160W,1,0.013674241,0.07884097099304199,0.23376622796058655,0.2734273374080658
YIL139C,YGR255C,0,0.01367296,0.07881441712379456,0.23376622796058655,0.2735273540019989
YGL158W,YPR125W,0,0.013672227,0.07878787815570831,0.23376622796058655,0.273627370595932
YFR018C,YMR210W,0,0.013672215,0.07876136153936386,0.23376622796058655,0.2737273871898651
YJL194W,YLR113W,0,0.013660767,0.0787348598241806,0.23376622796058655,0.27382737398147583
YAL033W,YOR304C-A,0,0.0136579275,0.07870837301015854,0.23376622796058655,0.27392739057540894
YNL270C,YPR021C,1,0.013651338,0.07901816070079803,0.23476523160934448,0.27392739057540894
YNR074C,YLR080W,0,0.013646209,0.07899159938097,0.23476523160934448,0.27402740716934204
YOL111C,YDR332W,0,0.013638439,0.07896505296230316,0.23476523160934448,0.27412742376327515
YOR206W,YNR067C,0,0.013634373,0.07893852889537811,0.23476523160934448,0.27422741055488586
YDL246C,YLR330W,0,0.013621809,0.07891201972961426,0.23476523160934448,0.27432742714881897
YAL024C,YJL071W,0,0.013620201,0.0788855329155922,0.23476523160934448,0.2744274437427521
YJR010W,YDR496C,0,0.01361787,0.07885906100273132,0.23476523160934448,0.2745274603366852
YBR052C,YOR351C,0,0.013615038,0.07883260399103165,0.23476523160934448,0.2746274769306183
YBR150C,YER168C,0,0.013613477,0.07880616933107376,0.23476523160934448,0.274727463722229
YGL169W,YIR005W,0,0.013612938,0.07877974957227707,0.23476523160934448,0.2748274803161621
YCL069W,YKR039W,1,0.013600688,0.0790884718298912,0.23576423525810242,0.2748274803161621
YNL027W,YMR267W,0,0.013599244,0.07906197756528854,0.23576423525810242,0.2749274969100952
YKL161C,YBR257W,0,0.013595566,0.07903549820184708,0.23576423525810242,0.2750275135040283
YOL086C,YKL078W,0,0.013588208,0.0790090411901474,0.23576423525810242,0.27512750029563904
YDL061C,YEL043W,0,0.013587882,0.07898259907960892,0.23576423525810242,0.27522751688957214
YER098W,YAR035W,0,0.01357591,0.07895617187023163,0.23576423525810242,0.27532753348350525
YPL082C,YJR101W,0,0.013571422,0.07892976701259613,0.23576423525810242,0.27542755007743835
YDR310C,YKL074C,0,0.013567738,0.07890337705612183,0.23576423525810242,0.27552756667137146
YPL127C,YKL217W,0,0.013565595,0.07887700200080872,0.23576423525810242,0.2756275534629822
YJR138W,YLR291C,0,0.013565117,0.0788506492972374,0.23576423525810242,0.2757275700569153
YLR047C,YPR127W,0,0.01356449,0.07882431894540787,0.23576423525810242,0.2758275866508484
YPL265W,YPR021C,1,0.013562565,0.07913188636302948,0.23676323890686035,0.2758275866508484
YBL058W,YER185W,0,0.013561671,0.07910547405481339,0.23676323890686035,0.2759276032447815
YCL024W,YFL021W,0,0.013556907,0.07907907664775848,0.23676323890686035,0.2760275900363922
YDL054C,YIL020C,0,0.013553202,0.07905270159244537,0.23676323890686035,0.2761276066303253
YLL019C,YMR065W,0,0.013551322,0.07902634143829346,0.23676323890686035,0.2762276232242584
YHR058C,YLL012W,0,0.013548288,0.07900000363588333,0.23676323890686035,0.27632763981819153
YDR492W,YNL016W,0,0.013546064,0.0789736732840538,0.23676323890686035,0.27642765641212463
YPR144C,YOR025W,0,0.013541247,0.07894736528396606,0.23676323890686035,0.27652764320373535
YPR113W,YNL282W,0,0.013539267,0.07892107963562012,0.23676323890686035,0.27662765979766846
YPR111W,YLR291C,0,0.013536676,0.07889480888843536,0.23676323890686035,0.27672767639160156
YIL002C,YJL034W,0,0.013535549,0.0788685530424118,0.23676323890686035,0.27682769298553467
YDL210W,YJR001W,1,0.0135346055,0.07917498052120209,0.2377622425556183,0.27682769298553467
YEL022W,YBL092W,0,0.013533008,0.07914865016937256,0.2377622425556183,0.2769276797771454
YDL070W,YNL175C,0,0.013528948,0.07912234216928482,0.2377622425556183,0.2770276963710785
YFL010W-A,YKL146W,1,0.013525308,0.07942838221788406,0.23876124620437622,0.2770276963710785
YMR276W,YDR337W,0,0.013513009,0.07940199226140976,0.23876124620437622,0.2771277129650116
YLR141W,YHR008C,0,0.013510924,0.07937562465667725,0.23876124620437622,0.2772277295589447
YDL245C,YDR472W,0,0.013510473,0.07934927195310593,0.23876124620437622,0.2773277461528778
YOL052C,YLR213C,0,0.013496981,0.0793229341506958,0.23876124620437622,0.2774277329444885
YOR071C,YLL012W,0,0.013495342,0.07929661870002747,0.23876124620437622,0.27752774953842163
YGR175C,YOR194C,0,0.013491034,0.07927031815052032,0.23876124620437622,0.27762776613235474
YKL103C,YJL085W,0,0.013488889,0.07924403250217438,0.23876124620437622,0.27772778272628784
YHR056C,YOR287C,0,0.013486172,0.07921776920557022,0.23876124620437622,0.27782776951789856
YBR120C,YIR018W,0,0.013485494,0.07919152081012726,0.23876124620437622,0.27792778611183167
YDR405W,YGL094C,0,0.013483661,0.07916528731584549,0.23876124620437622,0.27802780270576477
YNL032W,YDR062W,0,0.013479703,0.07913907617330551,0.23876124620437622,0.2781278192996979
YDL121C,YDL216C,0,0.0134703275,0.07911287993192673,0.23876124620437622,0.278227835893631
YNL270C,YFL010W-A,1,0.013467534,0.07941760122776031,0.23976023495197296,0.278227835893631
YLR291C,YDR281C,0,0.0134489965,0.07939133048057556,0.23976023495197296,0.2783278226852417
YBR257W,YER104W,0,0.013447453,0.0793650820851326,0.23976023495197296,0.2784278392791748
YMR013C,YCR060W,0,0.0134431645,0.07933884114027023,0.23976023495197296,0.2785278558731079
YKL217W,YDL227C,0,0.013441261,0.07931262254714966,0.23976023495197296,0.278627872467041
YGR052W,YKR006C,0,0.013424793,0.07928641885519028,0.23976023495197296,0.27872785925865173
YLR197W,YOL090W,0,0.013424641,0.07926023751497269,0.23976023495197296,0.27882787585258484
YNL084C,YLR047C,0,0.013422117,0.07923407107591629,0.23976023495197296,0.27892789244651794
YBL076C,YMR034C,0,0.01342055,0.07920791953802109,0.23976023495197296,0.27902790904045105
YDL121C,YPL027W,0,0.01342014,0.07918179035186768,0.23976023495197296,0.27912792563438416
YOL112W,YBR282W,0,0.013419452,0.07915567606687546,0.23976023495197296,0.2792279124259949
YNL095C,YPL096W,0,0.013418644,0.07912957668304443,0.23976023495197296,0.279327929019928
YLR395C,YMR020W,0,0.013417507,0.0791034922003746,0.23976023495197296,0.2794279456138611
YML052W,YMR229C,0,0.013412011,0.07907743006944656,0.23976023495197296,0.2795279622077942
YFL057C,YBR080C,0,0.013410289,0.07905138283967972,0.23976023495197296,0.2796279489994049
YKL161C,YEL043W,0,0.013407267,0.07902535051107407,0.23976023495197296,0.279727965593338
YFR018C,YPR163C,0,0.013403917,0.0789993405342102,0.23976023495197296,0.2798279821872711
YDR404C,YFL023W,0,0.013403167,0.07897334545850754,0.23976023495197296,0.2799279987812042
YIL143C,YDL208W,0,0.0134019945,0.07894736528396606,0.23976023495197296,0.28002801537513733
YDL210W,YBR132C,1,0.013395899,0.07925024628639221,0.2407592386007309,0.28002801537513733
YCL069W,YGR191W,1,0.013387791,0.07955292612314224,0.24175824224948883,0.28002801537513733
YNL101W,YFL055W,1,0.013385668,0.07985540479421616,0.24275724589824677,0.28002801537513733
YER117W,YOL062C,0,0.013381532,0.07982917129993439,0.24275724589824677,0.28012800216674805
YLR016C,YDR109C,0,0.013378642,0.07980295270681381,0.24275724589824677,0.28022801876068115
YDR160W,YCR075C,1,0.013375646,0.08010505884885788,0.2437562495470047,0.28022801876068115
YBR182C,YNL010W,0,0.013373136,0.08007876574993134,0.2437562495470047,0.28032803535461426
YHR074W,YGR036C,0,0.013371097,0.08005249500274658,0.2437562495470047,0.28042805194854736
YBR223C,YOR194C,0,0.013368268,0.08002623915672302,0.2437562495470047,0.2805280387401581
YDL246C,YML097C,0,0.013365689,0.07999999821186066,0.2437562495470047,0.2806280553340912
YAR035W,YDL045C,0,0.013356787,0.07997377961874008,0.2437562495470047,0.2807280719280243
YIL159W,YPR127W,0,0.013351385,0.0799475759267807,0.2437562495470047,0.2808280885219574
YPR182W,YMR246W,0,0.013340836,0.07992138713598251,0.2437562495470047,0.2809281051158905
YFL048C,YDR222W,0,0.013340227,0.07989522069692612,0.2437562495470047,0.2810280919075012
YDL170W,YPR159W,0,0.013336092,0.07986906915903091,0.2437562495470047,0.2811281085014343
YPR190C,YDR369C,0,0.013332252,0.0798429325222969,0.2437562495470047,0.28122812509536743
YOR074C,YBR093C,0,0.013330095,0.07981681078672409,0.2437562495470047,0.28132814168930054
YGR145W,YDR353W,0,0.013328947,0.07979071140289307,0.2437562495470047,0.28142812848091125
YLR160C,YNR015W,0,0.013327492,0.07976462692022324,0.2437562495470047,0.28152814507484436
YDR030C,YDL107W,0,0.013326858,0.0797385647892952,0.2437562495470047,0.28162816166877747
YDR460W,YJR026W,0,0.0133255115,0.07971251010894775,0.2437562495470047,0.28172817826271057
YDL210W,YGR055W,1,0.013323411,0.08001306653022766,0.24475523829460144,0.28172817826271057
YPR182W,YNL239W,0,0.013321267,0.07998693734407425,0.24475523829460144,0.2818281948566437
YGL014W,YHR156C,0,0.013321255,0.07996083796024323,0.24475523829460144,0.2819281816482544
YJR127C,YMR179W,0,0.013319838,0.0799347460269928,0.24475523829460144,0.2820281982421875
YCR027C,YHL036W,1,0.013316768,0.0802348330616951,0.24575424194335938,0.2820281982421875
YPL167C,YNR072W,0,0.0133156525,0.0802086740732193,0.24575424194335938,0.2821282148361206
YOL045W,YKR020W,0,0.013313924,0.0801825299859047,0.24575424194335938,0.2822282314300537
YKL067W,YJR053W,0,0.013313498,0.08015640079975128,0.24575424194335938,0.28232821822166443
YOR324C,YKR006C,0,0.01331016,0.08013029396533966,0.24575424194335938,0.28242823481559753
YJL112W,YER115C,0,0.013301027,0.08010420203208923,0.24575424194335938,0.28252825140953064
YHR030C,YBL113C,0,0.013294544,0.080078125,0.24575424194335938,0.28262826800346375
YLR425W,YNL016W,0,0.013294482,0.08005206286907196,0.24575424194335938,0.28272828459739685
YFR033C,YFL001W,0,0.013293532,0.08002602308988571,0.24575424194335938,0.28282827138900757
YNR021W,YML099C,0,0.013293143,0.07999999821186066,0.24575424194335938,0.2829282879829407
YDR079W,YOR274W,0,0.013291942,0.07997399568557739,0.24575424194335938,0.2830283045768738
YPR002W,YLL061W,0,0.013291224,0.07994800060987473,0.24575424194335938,0.2831283211708069
YGR177C,YML099C,0,0.013290454,0.07992202788591385,0.24575424194335938,0.2832283079624176
YEL070W,YBR243C,0,0.013266151,0.07989607006311417,0.24575424194335938,0.2833283245563507
YGL068W,YPL027W,0,0.013263867,0.07987012714147568,0.24575424194335938,0.2834283411502838
YOR377W,YIL140W,0,0.013254497,0.07984420657157898,0.24575424194335938,0.2835283577442169
YDR414C,YJR133W,0,0.01325403,0.07981830090284348,0.24575424194335938,0.28362837433815
YJL214W,YMR200W,0,0.013246199,0.07979241013526917,0.24575424194335938,0.28372836112976074
YBR261C,YOL155C,0,0.013244908,0.07976653426885605,0.24575424194335938,0.28382837772369385
YDR351W,YNR028W,0,0.0132422475,0.07974068075418472,0.24575424194335938,0.28392839431762695
YDR076W,YPR133W-A,0,0.013239443,0.07971484214067459,0.24575424194335938,0.28402841091156006
YDR034C,YPR152C,0,0.013222927,0.07968901842832565,0.24575424194335938,0.28412842750549316
YDR429C,YPL065W,0,0.013214517,0.07966320961713791,0.24575424194335938,0.2842284142971039
YEL037C,YKR057W,0,0.013213188,0.07963742315769196,0.24575424194335938,0.284328430891037
YPR001W,YIL132C,0,0.0132129695,0.0796116515994072,0.24575424194335938,0.2844284474849701
YOR239W,YGR077C,0,0.013211602,0.07958589494228363,0.24575424194335938,0.2845284640789032
YKR103W,YBL092W,0,0.013210552,0.07956015318632126,0.24575424194335938,0.2846284508705139
YEL053C,YNR013C,0,0.0132081965,0.07953443378210068,0.24575424194335938,0.284728467464447
YPL151C,YLR160C,0,0.013205394,0.07950872927904129,0.24575424194335938,0.2848284840583801
YFL055W,YNL065W,1,0.013202785,0.0798061415553093,0.2467532455921173,0.2848284840583801
YDR429C,YER087W,0,0.013201766,0.07978036254644394,0.2467532455921173,0.28492850065231323
YJL178C,YHR059W,0,0.013187056,0.07975459843873978,0.2467532455921173,0.28502851724624634
YKL165C,YGR070W,0,0.013185835,0.0797288566827774,0.2467532455921173,0.28512850403785706
YGL068W,YDR173C,0,0.013184723,0.07970312982797623,0.2467532455921173,0.28522852063179016
YDR137W,YJL060W,0,0.013183081,0.07967741787433624,0.2467532455921173,0.28532853722572327
YER151C,YJL053W,0,0.013179476,0.07965172827243805,0.2467532455921173,0.28542855381965637
YHR179W,YEL070W,0,0.013179025,0.07962604612112045,0.2467532455921173,0.2855285406112671
YDR082W,YIL177C,0,0.01317642,0.07960038632154465,0.2467532455921173,0.2856285572052002
YAL054C,YGL163C,0,0.013174175,0.07957474142313004,0.2467532455921173,0.2857285737991333
YER050C,YGL113W,0,0.01317384,0.07954911142587662,0.2467532455921173,0.2858285903930664
YLR141W,YGR020C,0,0.013166292,0.07952350378036499,0.2467532455921173,0.2859286069869995
YGR252W,YOR226C,0,0.013165784,0.07949791103601456,0.2467532455921173,0.28602859377861023
YLR429W,YBR129C,0,0.013158921,0.07947233319282532,0.2467532455921173,0.28612861037254333
YDR137W,YLR350W,0,0.013158736,0.07944677025079727,0.2467532455921173,0.28622862696647644
YOR212W,YJL128C,0,0.013149859,0.07942122220993042,0.2467532455921173,0.28632864356040955
YOL070C,YLR383W,0,0.013148102,0.07939568907022476,0.2467532455921173,0.28642863035202026
YOR261C,YDR222W,0,0.01314468,0.0793701782822609,0.2467532455921173,0.28652864694595337
YOL141W,YER090W,0,0.013143791,0.07934468239545822,0.2467532455921173,0.2866286635398865
YGR081C,YHR079C,0,0.01314037,0.07931920140981674,0.2467532455921173,0.2867286801338196
YKR036C,YOR008C,0,0.013137867,0.07929374277591705,0.2467532455921173,0.2868286967277527
YOL124C,YAL040C,0,0.0131336935,0.07926829159259796,0.2467532455921173,0.2869286835193634
YJL004C,YOR349W,0,0.0131274285,0.07924286276102066,0.2467532455921173,0.2870287001132965
YLR300W,YPL011C,0,0.013126848,0.07921744883060455,0.2467532455921173,0.2871287167072296
YDR076W,YLR005W,0,0.0131256245,0.07919204980134964,0.2467532455921173,0.2872287333011627
YNR074C,YLR042C,0,0.01312397,0.07916666567325592,0.2467532455921173,0.28732872009277344
YHR047C,YNR060W,0,0.013121685,0.07914130389690399,0.2467532455921173,0.28742873668670654
YJL155C,YDR498C,0,0.013121074,0.07911594957113266,0.2467532455921173,0.28752875328063965
YGR288W,YKL166C,0,0.0131150065,0.07909061759710312,0.2467532455921173,0.28762876987457275
YNR074C,YCR014C,0,0.013113696,0.07906530052423477,0.2467532455921173,0.28772878646850586
YMR032W,YGL010W,0,0.013113635,0.07903999835252762,0.2467532455921173,0.2878287732601166
YNL236W,YJL130C,0,0.0131119685,0.07901471853256226,0.2467532455921173,0.2879287898540497
YGR032W,YPR190C,0,0.013111284,0.07898944616317749,0.2467532455921173,0.2880288064479828
YNL027W,YJL206C,0,0.013109452,0.07896419614553452,0.2467532455921173,0.2881288230419159
YPR152C,YDR444W,0,0.013106719,0.07893896102905273,0.2467532455921173,0.2882288098335266
YEL070W,YLR330W,0,0.013101552,0.07891374081373215,0.2467532455921173,0.2883288264274597
YMR194W,YLR016C,0,0.013098722,0.07888853549957275,0.2467532455921173,0.2884288430213928
YDR473C,YER150W,0,0.013098666,0.07886334508657455,0.2467532455921173,0.2885288596153259
YOR291W,YHR156C,0,0.013097133,0.07883817702531815,0.2467532455921173,0.28862887620925903
YCL069W,YBR068C,1,0.013092676,0.07913210242986679,0.24775224924087524,0.28862887620925903
YHR012W,YOR243C,0,0.013091518,0.07910685986280441,0.24775224924087524,0.28872886300086975
YGR180C,YCR052W,0,0.013090243,0.07908163219690323,0.24775224924087524,0.28882887959480286
YDR144C,YFL010W-A,0,0.013081524,0.07905642688274384,0.24775224924087524,0.28892889618873596
YKL126W,YOR377W,0,0.013079049,0.07903122901916504,0.24775224924087524,0.28902891278266907
YOR348C,YFL055W,1,0.013074328,0.0793246254324913,0.24875125288963318,0.28902891278266907
YDR383C,YJL079C,0,0.013033849,0.07929936051368713,0.24875125288963318,0.2891288995742798
YOR338W,YOR098C,0,0.013027042,0.07927411794662476,0.24875125288963318,0.2892289161682129
YJR119C,YJL171C,0,0.013026853,0.07924888283014297,0.24875125288963318,0.289328932762146
YJR036C,YOR378W,0,0.013022409,0.07922367006540298,0.24875125288963318,0.2894289493560791
YDL142C,YIL076W,0,0.013020913,0.07919847220182419,0.24875125288963318,0.2895289659500122
YHR109W,YGL163C,0,0.013006697,0.07917328923940659,0.24875125288963318,0.2896289527416229
YGR191W,YDL210W,1,0.0130042555,0.07946598529815674,0.2497502565383911,0.2896289527416229
YCR027C,YGR191W,1,0.012994698,0.07975850254297256,0.25074926018714905,0.2896289527416229
YPR111W,YML039W,0,0.012989642,0.07973316311836243,0.25074926018714905,0.28972896933555603
YDL245C,YBL052C,0,0.012984759,0.07970784604549408,0.25074926018714905,0.28982898592948914
YBR006W,YOL026C,0,0.012981446,0.07968253642320633,0.25074926018714905,0.28992900252342224
YDR411C,YIL159W,0,0.012978508,0.07965724915266037,0.25074926018714905,0.29002898931503296
YGR180C,YOL062C,0,0.012977622,0.0796319767832756,0.25074926018714905,0.29012900590896606
YPL110C,YDR369C,0,0.012975026,0.07960672676563263,0.25074926018714905,0.29022902250289917
YER008C,YBR182C,0,0.012973243,0.07958148419857025,0.25074926018714905,0.2903290390968323
YOR298W,YPL244C,0,0.012973164,0.07955625653266907,0.25074926018714905,0.2904290556907654
YOL158C,YKL053C-A,0,0.012965747,0.07953105121850967,0.25074926018714905,0.2905290424823761
YDL212W,YDL210W,1,0.012964259,0.0798226147890091,0.251748263835907,0.2905290424823761
YPR167C,YNR003C,0,0.012961008,0.07979734241962433,0.251748263835907,0.2906290590763092
YGR032W,YML099C,0,0.01295575,0.07977207750082016,0.251748263835907,0.2907290756702423
YDR144C,YGL183C,0,0.012951018,0.07974683493375778,0.251748263835907,0.2908290922641754
YDR498C,YDR151C,0,0.012950153,0.0797216072678566,0.251748263835907,0.29092907905578613
YKL161C,YJR032W,0,0.012948337,0.07969639450311661,0.251748263835907,0.29102909564971924
YGL158W,YGR085C,0,0.012943559,0.07967119663953781,0.251748263835907,0.29112911224365234
YBR020W,YDR423C,0,0.012937384,0.0796460211277008,0.251748263835907,0.29122912883758545
YLR129W,YFL013C,0,0.012936629,0.0796208530664444,0.251748263835907,0.29132914543151855
YBR069C,YFL055W,1,0.012936471,0.07991155982017517,0.2527472674846649,0.29132914543151855
YPL139C,YBR080C,0,0.0129324775,0.07988632470369339,0.2527472674846649,0.2914291322231293
YOR222W,YJL149W,0,0.012932143,0.0798611119389534,0.2527472674846649,0.2915291488170624
YLL055W,YJR001W,1,0.012931923,0.08015146851539612,0.25374624133110046,0.2915291488170624
YKL090W,YLR213C,0,0.012931752,0.08012618124485016,0.25374624133110046,0.2916291654109955
YBR069C,YEL064C,1,0.012928941,0.08041626960039139,0.2547452449798584,0.2916291654109955
YNR004W,YER002W,0,0.012926282,0.08039092272520065,0.2547452449798584,0.2917291820049286
YDR499W,YOR099W,0,0.012925941,0.08036558330059052,0.2547452449798584,0.2918291687965393
YGL225W,YBR222C,0,0.012920881,0.08034026622772217,0.2547452449798584,0.2919291853904724
YKR103W,YDR373W,0,0.012919336,0.08031496405601501,0.2547452449798584,0.2920292019844055
YHR002W,YLL061W,0,0.0129183745,0.08028966933488846,0.2547452449798584,0.2921292185783386
YKL174C,YBR031W,0,0.012917712,0.08026439696550369,0.2547452449798584,0.29222923517227173
YHR041C,YNR010W,0,0.012911505,0.08023914694786072,0.2547452449798584,0.29232922196388245
YCR014C,YMR272C,0,0.0129077025,0.08021390438079834,0.2547452449798584,0.29242923855781555
YBR066C,YLR209C,0,0.012907265,0.08018867671489716,0.2547452449798584,0.29252925515174866
YBR002C,YML049C,0,0.012906857,0.08016347140073776,0.2547452449798584,0.29262927174568176
YNR074C,YMR013C,0,0.012905115,0.08013828098773956,0.2547452449798584,0.2927292585372925
YFR031C,YNL178W,0,0.012902327,0.08011309802532196,0.2547452449798584,0.2928292751312256
YGR036C,YPL129W,0,0.01289804,0.08008793741464615,0.2547452449798584,0.2929292917251587
YMR200W,YOL101C,0,0.012897129,0.08006279170513153,0.2547452449798584,0.2930293083190918
YGL236C,YMR246W,0,0.01289319,0.0800376683473587,0.2547452449798584,0.2931293249130249
YDR371W,YBR275C,0,0.012892911,0.08001255244016647,0.2547452449798584,0.2932293117046356
YER013W,YBR238C,0,0.01289282,0.07998745143413544,0.2547452449798584,0.2933293282985687
YGR081C,YOR393W,0,0.01288756,0.07996237277984619,0.2547452449798584,0.29342934489250183
YPR189W,YMR194W,0,0.012887159,0.07993730157613754,0.2547452449798584,0.29352936148643494
YHR179W,YNL102W,0,0.0128738275,0.07991225272417068,0.2547452449798584,0.29362934827804565
YOR230W,YIL076W,0,0.012871155,0.07988721877336502,0.2547452449798584,0.29372936487197876
YBR129C,YOR349W,0,0.0128697315,0.07986219972372055,0.2547452449798584,0.29382938146591187
YBR150C,YBL026W,0,0.012866364,0.07983719557523727,0.2547452449798584,0.29392939805984497
YBR202W,YKL161C,0,0.012858717,0.07981220632791519,0.2547452449798584,0.2940294146537781
YBR069C,YDL210W,1,0.012856587,0.08010012656450272,0.25574424862861633,0.2940294146537781
YOL165C,YIR018W,0,0.012855668,0.08007507026195526,0.25574424862861633,0.2941294014453888
YBR020W,YMR159C,0,0.012844579,0.080050028860569,0.25574424862861633,0.2942294180393219
YDR205W,YKL171W,0,0.012843074,0.08002500981092453,0.25574424862861633,0.294329434633255
YOL052C,YFL021W,0,0.012838027,0.07999999821186066,0.25574424862861633,0.2944294512271881
YGR084C,YDR416W,0,0.012832989,0.07997500896453857,0.25574424862861633,0.2945294678211212
YDL024C,YMR272C,0,0.0128308805,0.07995003461837769,0.25574424862861633,0.29462945461273193
YOL104C,YML056C,0,0.012824625,0.0799250677227974,0.25574424862861633,0.29472947120666504
YLR047C,YDR138W,0,0.012818178,0.07990012317895889,0.25574424862861633,0.29482948780059814
YAL033W,YPR162C,0,0.012811948,0.07987519353628159,0.25574424862861633,0.29492950439453125
YNL172W,YKR044W,0,0.012808396,0.07985027879476547,0.25574424862861633,0.29502949118614197
YNL006W,YMR065W,0,0.012805049,0.07982537895441055,0.25574424862861633,0.2951295077800751
YKL015W,YMR240C,0,0.012801,0.07980050146579742,0.25574424862861633,0.2952295243740082
YBR002C,YGR225W,0,0.01279792,0.07977563142776489,0.25574424862861633,0.2953295409679413
YNL231C,YGL010W,0,0.012793523,0.07975077629089355,0.25574424862861633,0.2954295575618744
YLR033W,YER190W,0,0.012789332,0.07972594350576401,0.25574424862861633,0.2955295443534851
YBR275C,YBR080C,0,0.012789297,0.07970111817121506,0.25574424862861633,0.2956295609474182
YJL066C,YOR351C,0,0.012789164,0.0796763151884079,0.25574424862861633,0.2957295775413513
YLR182W,YPL167C,0,0.012779927,0.07965152710676193,0.25574424862861633,0.2958295941352844
YEL052W,YHR041C,0,0.012779439,0.07962674647569656,0.25574424862861633,0.29592958092689514
YEL063C,YCR075C,1,0.01277805,0.0799129381775856,0.25674325227737427,0.29592958092689514
YIL139C,YOR378W,0,0.012759091,0.07988809794187546,0.25674325227737427,0.29602959752082825
YCR093W,YOR274W,0,0.012753729,0.07986327260732651,0.25674325227737427,0.29612961411476135
YBR066C,YFL001W,0,0.012749479,0.07983846217393875,0.25674325227737427,0.29622963070869446
YLR191W,YAL063C,0,0.012746622,0.07981366664171219,0.25674325227737427,0.29632964730262756
YDR030C,YNL147W,0,0.0127371205,0.07978888601064682,0.25674325227737427,0.2964296340942383
YBR195C,YGL256W,0,0.0127297,0.07976412028074265,0.25674325227737427,0.2965296506881714
YMR168C,YNR044W,0,0.012727938,0.07973937690258026,0.25674325227737427,0.2966296672821045
YMR005W,YHR061C,0,0.012705505,0.07971464097499847,0.25674325227737427,0.2967296838760376
YLR182W,YLL061W,0,0.012704471,0.07968991994857788,0.25674325227737427,0.2968296706676483
YDL210W,YPL265W,1,0.012698038,0.0799752026796341,0.2577422559261322,0.2968296706676483
YPR035W,YMR270C,0,0.012697768,0.07995042204856873,0.2577422559261322,0.2969296872615814
YGR036C,YOL136C,0,0.012697254,0.07992564886808395,0.2577422559261322,0.2970297038555145
YJR147W,YGR095C,0,0.01269573,0.07990089803934097,0.2577422559261322,0.29712972044944763
YCR093W,YDR174W,0,0.012684283,0.07987616211175919,0.2577422559261322,0.29722973704338074
YNL267W,YPL027W,0,0.012675663,0.07985144108533859,0.2577422559261322,0.29732972383499146
YOR209C,YBL085W,0,0.012669231,0.0798267349600792,0.2577422559261322,0.29742974042892456
YKL176C,YBR132C,1,0.012658577,0.08011135458946228,0.25874125957489014,0.29742974042892456
YMR112C,YLR028C,0,0.012656223,0.08008658140897751,0.25874125957489014,0.29752975702285767
YDR083W,YKL130C,0,0.012655854,0.08006182312965393,0.25874125957489014,0.29762977361679077
YCR027C,YOL020W,1,0.012654299,0.08034610748291016,0.25974026322364807,0.29762977361679077
YDL059C,YCR012W,0,0.012653369,0.0803212821483612,0.25974026322364807,0.2977297604084015
YER117W,YKR019C,0,0.012639253,0.08029647916555405,0.25974026322364807,0.2978297770023346
YDR144C,YIR005W,0,0.01263529,0.08027169108390808,0.25974026322364807,0.2979297935962677
YNL052W,YPL093W,0,0.012634415,0.08024691045284271,0.25974026322364807,0.2980298101902008
YIL095W,YKL067W,0,0.012632309,0.08022215217351913,0.25974026322364807,0.2981298267841339
YCL074W,YGL212W,0,0.012629164,0.08019740879535675,0.25974026322364807,0.29822981357574463
YLR141W,YGR276C,0,0.012628992,0.08017268031835556,0.25974026322364807,0.29832983016967773
YGR081C,YBR192W,0,0.012628915,0.08014796674251556,0.25974026322364807,0.29842984676361084
YNL032W,YKL206C,0,0.012624872,0.08012326806783676,0.25974026322364807,0.29852986335754395
YJR005W,YMR145C,0,0.012620902,0.08009858429431915,0.25974026322364807,0.29862985014915466
YMR005W,YAL033W,0,0.012620533,0.08007391542196274,0.25974026322364807,0.29872986674308777
YER087W,YFR019W,0,0.012620284,0.08004926145076752,0.25974026322364807,0.2988298833370209
YNL131W,YDR423C,0,0.012617955,0.08002462238073349,0.25974026322364807,0.298929899930954
YDL215C,YDL047W,0,0.01261716,0.07999999821186066,0.25974026322364807,0.2990299165248871
YLL027W,YOL104C,0,0.012613097,0.07997538894414902,0.25974026322364807,0.2991299033164978
YNL050C,YMR159C,0,0.012610263,0.07995080202817917,0.25974026322364807,0.2992299199104309
YFR013W,YJR133W,0,0.012588304,0.07992622256278992,0.25974026322364807,0.299329936504364
YDL216C,YGR155W,0,0.012575934,0.07990165799856186,0.25974026322364807,0.2994299530982971
YPR204W,YBR170C,0,0.012572008,0.07987711578607559,0.25974026322364807,0.29952993988990784
YDR310C,YBR282W,0,0.012569978,0.07985258102416992,0.25974026322364807,0.29962995648384094
YGR191W,YNR056C,1,0.0125627015,0.08013509213924408,0.260739266872406,0.29962995648384094
YBL076C,YNR072W,0,0.012562257,0.08011049777269363,0.260739266872406,0.29972997307777405
YLR020C,YNR072W,0,0.01256072,0.08008591830730438,0.260739266872406,0.29982998967170715
YGL220W,YDR281C,0,0.012552838,0.08006134629249573,0.260739266872406,0.29993000626564026
YOR274W,YLR164W,0,0.012551332,0.08003679662942886,0.260739266872406,0.300029993057251
YGL158W,YOR388C,0,0.012550959,0.0800122618675232,0.260739266872406,0.3001300096511841
YNL178W,YMR172W,0,0.012550889,0.07998774200677872,0.260739266872406,0.3002300262451172
YMR033W,YMR238W,0,0.012550633,0.07996323704719543,0.260739266872406,0.3003300428390503
YNL223W,YDR410C,0,0.012550592,0.07993874698877335,0.260739266872406,0.300430029630661
YKL176C,YBL089W,1,0.012549434,0.08022045344114304,0.26173827052116394,0.300430029630661
YNR056C,YEL064C,1,0.012544212,0.080501988530159,0.2627372741699219,0.300430029630661
YGL256W,YBL092W,0,0.012543875,0.08047735691070557,0.2627372741699219,0.3005300462245941
YPR035W,YKL094W,0,0.012537841,0.08045274019241333,0.2627372741699219,0.3006300628185272
YOL045W,YDL024C,0,0.012532634,0.08042813092470169,0.2627372741699219,0.3007300794124603
YLR197W,YMR075W,0,0.012530629,0.08040354400873184,0.2627372741699219,0.30083009600639343
YBR294W,YBR093C,0,0.012530439,0.08037897199392319,0.2627372741699219,0.30093008279800415
YOR274W,YBL034C,0,0.012529755,0.08035441488027573,0.2627372741699219,0.30103009939193726
YJR119C,YPR159W,0,0.012528918,0.08032987266778946,0.2627372741699219,0.30113011598587036
YOL020W,YEL064C,1,0.012523343,0.08061068505048752,0.2637362778186798,0.30113011598587036
YER008C,YIR005W,0,0.012521981,0.08058608323335648,0.2637362778186798,0.30123013257980347
YOR378W,YLL055W,0,0.012520472,0.08056148886680603,0.2637362778186798,0.3013301193714142
YJL192C,YPR138C,0,0.012499478,0.08053690940141678,0.2637362778186798,0.3014301359653473
YLL019C,YDL225W,0,0.012499466,0.08051235228776932,0.2637362778186798,0.3015301525592804
YGL172W,YBR182C,0,0.012494094,0.08048780262470245,0.2637362778186798,0.3016301691532135
YGR179C,YNL302C,0,0.012492775,0.08046327531337738,0.2637362778186798,0.3017301857471466
YFR018C,YLR344W,0,0.012492017,0.0804387554526329,0.2637362778186798,0.3018301725387573
YHR109W,YIL047C,0,0.0124916285,0.08041425794363022,0.2637362778186798,0.30193018913269043
YGR221C,YCL008C,0,0.012491064,0.08038976788520813,0.2637362778186798,0.30203020572662354
YLR447C,YNL274C,0,0.012489253,0.08036530017852783,0.2637362778186798,0.30213022232055664
YFR029W,YHR061C,0,0.012488206,0.08034083992242813,0.2637362778186798,0.30223020911216736
YPR024W,YDL171C,0,0.012484172,0.08031639456748962,0.2637362778186798,0.30233022570610046
YKL203C,YFL054C,0,0.01248238,0.08029197156429291,0.2637362778186798,0.30243024230003357
YDR159W,YOR085W,0,0.012481744,0.08026755601167679,0.2637362778186798,0.3025302588939667
YGR171C,YNL259C,0,0.012477185,0.08024316281080246,0.2637362778186798,0.3026302754878998
YDR079W,YHR085W,0,0.012475709,0.08021877706050873,0.2637362778186798,0.3027302622795105
YLL055W,YOR098C,0,0.012468498,0.08019441366195679,0.2637362778186798,0.3028302788734436
YER050C,YJL128C,0,0.012467711,0.08017005771398544,0.2637362778186798,0.3029302954673767
YPR035W,YJL144W,0,0.012464882,0.08014571666717529,0.2637362778186798,0.3030303120613098
YDR263C,YGR239C,0,0.01245014,0.08012139797210693,0.2637362778186798,0.30313029885292053
YDR419W,YDR072C,0,0.012447179,0.08009708672761917,0.2637362778186798,0.30323031544685364
YNR056C,YIL088C,1,0.012446975,0.08037609606981277,0.26473525166511536,0.30323031544685364
YBR069C,YGR055W,1,0.012442245,0.08065494149923325,0.2657342553138733,0.30323031544685364
YGL083W,YMR176W,0,0.012442134,0.08063049614429474,0.2657342553138733,0.30333033204078674
YMR238W,YBR187W,0,0.012440494,0.08060605823993683,0.2657342553138733,0.30343034863471985
YJR055W,YBR145W,0,0.012439961,0.08058164268732071,0.2657342553138733,0.30353036522865295
YHR164C,YDR473C,0,0.012439387,0.08055723458528519,0.2657342553138733,0.30363035202026367
YLR395C,YER171W,0,0.012437646,0.08053284883499146,0.2657342553138733,0.3037303686141968
YPR167C,YJL112W,0,0.012427711,0.08050847798585892,0.2657342553138733,0.3038303852081299
YMR054W,YNL175C,0,0.012425359,0.08048411458730698,0.2657342553138733,0.303930401802063
YGR214W,YPR138C,0,0.012425126,0.08045977354049683,0.2657342553138733,0.3040303885936737
YGL162W,YPL134C,0,0.012423288,0.08043543994426727,0.2657342553138733,0.3041304051876068
YDL210W,YPR021C,1,0.012421276,0.0807134211063385,0.2667332589626312,0.3041304051876068
YCL069W,YLL055W,1,0.012419077,0.0809912383556366,0.26773226261138916,0.3041304051876068
YGL200C,YDR138W,0,0.012418444,0.0809667706489563,0.26773226261138916,0.3042304217815399
YHR047C,YDR403W,0,0.01241538,0.0809423103928566,0.26773226261138916,0.304330438375473
YGR036C,YBR173C,0,0.012413323,0.08091787248849869,0.26773226261138916,0.30443045496940613
YLR452C,YDR137W,0,0.012413148,0.08089344948530197,0.26773226261138916,0.30453044176101685
YGL068W,YNR003C,0,0.012408518,0.08086904138326645,0.26773226261138916,0.30463045835494995
YBR150C,YNR067C,0,0.012407186,0.08084464818239212,0.26773226261138916,0.30473047494888306
YNR021W,YPL147W,0,0.012406018,0.08082026243209839,0.26773226261138916,0.30483049154281616
YDR034C,YGR036C,0,0.012405539,0.08079589903354645,0.26773226261138916,0.3049304783344269
YKL190W,YJR070C,0,0.012402993,0.0807715505361557,0.26773226261138916,0.30503049492836
YJR138W,YGR105W,0,0.012400474,0.08074720948934555,0.26773226261138916,0.3051305115222931
YAL016W,YDL140C,0,0.012392752,0.08072289079427719,0.26773226261138916,0.3052305281162262
YOR274W,YBR093C,0,0.012391305,0.08069858700037003,0.26773226261138916,0.3053305447101593
YLR380W,YGR271W,0,0.012390213,0.08067429065704346,0.26773226261138916,0.30543053150177
YGR056W,YNL202W,0,0.012379394,0.08065001666545868,0.26773226261138916,0.3055305480957031
YDR285W,YLR386W,0,0.012371666,0.0806257501244545,0.26773226261138916,0.30563056468963623
YLL004W,YIL006W,0,0.012369207,0.08060150593519211,0.26773226261138916,0.30573058128356934
YKR054C,YJL071W,0,0.01236633,0.08057726919651031,0.26773226261138916,0.30583059787750244
YKL126W,YPL167C,0,0.012366237,0.08055304735898972,0.26773226261138916,0.30593058466911316
YBR261C,YAL040C,0,0.0123592615,0.08052884787321091,0.26773226261138916,0.30603060126304626
YPL276W,YJR006W,0,0.0123592615,0.0805046558380127,0.26773226261138916,0.30613061785697937
YDL212W,YNR056C,1,0.012345708,0.08078078180551529,0.2687312662601471,0.30613061785697937
YMR168C,YLR251W,0,0.012345237,0.0807565301656723,0.2687312662601471,0.3062306344509125
YMR186W,YDR373W,0,0.012344447,0.08073229342699051,0.2687312662601471,0.3063306212425232
YBR096W,YGR271W,0,0.012337867,0.08070807158946991,0.2687312662601471,0.3064306378364563
YNL095C,YGR285C,0,0.012324126,0.0806838646531105,0.2687312662601471,0.3065306544303894
YBR002C,YDR419W,0,0.012307932,0.08065967261791229,0.2687312662601471,0.3066306710243225
YKR103W,YHR174W,0,0.012303393,0.08063548803329468,0.2687312662601471,0.3067306876182556
YGL209W,YNR006W,0,0.012299038,0.08061132580041885,0.2687312662601471,0.30683067440986633
YMR269W,YOR353C,0,0.012297172,0.08058717846870422,0.2687312662601471,0.30693069100379944
YPR024W,YPR171W,0,0.012296738,0.08056304603815079,0.2687312662601471,0.30703070759773254
YOL129W,YPL208W,0,0.012293859,0.08053892105817795,0.2687312662601471,0.30713072419166565
YPR182W,YNL238W,0,0.012293188,0.0805148184299469,0.2687312662601471,0.30723071098327637
YPL007C,YDR497C,0,0.012290808,0.08049072325229645,0.2687312662601471,0.3073307275772095
YHR179W,YBR281C,0,0.012284437,0.08046665042638779,0.2687312662601471,0.3074307441711426
YPL180W,YOR020C,0,0.012279411,0.08044258505105972,0.2687312662601471,0.3075307607650757
YPL007C,YAL031C,0,0.012279277,0.08041853457689285,0.2687312662601471,0.3076307773590088
YHR109W,YBL052C,0,0.012278479,0.08039449900388718,0.2687312662601471,0.3077307641506195
YIL095W,YDR260C,0,0.012272842,0.0803704783320427,0.2687312662601471,0.3078307807445526
YJR149W,YBR141C,0,0.012268039,0.0803464725613594,0.2687312662601471,0.3079307973384857
YPL273W,YAL040C,0,0.012262736,0.08032248169183731,0.2687312662601471,0.3080308139324188
YML032C,YPL064C,0,0.012261691,0.08029850572347641,0.2687312662601471,0.30813080072402954
YBR020W,YDR518W,0,0.012259439,0.0802745446562767,0.2687312662601471,0.30823081731796265
YJL030W,YOR232W,0,0.012252979,0.08025059849023819,0.2687312662601471,0.30833083391189575
YNL282W,YOR311C,0,0.012250781,0.08022665977478027,0.2687312662601471,0.30843085050582886
YCR014C,YJR133W,0,0.0122502325,0.08020274341106415,0.2687312662601471,0.30853086709976196
YHR056C,YMR238W,0,0.01224827,0.08017883449792862,0.2687312662601471,0.3086308538913727
YPL078C,YIL177C,0,0.012246955,0.08015494793653488,0.2687312662601471,0.3087308704853058
YBR066C,YOR292C,0,0.012243571,0.08013106882572174,0.2687312662601471,0.3088308870792389
YOR310C,YLR187W,0,0.012241084,0.0801072046160698,0.2687312662601471,0.308930903673172
YGL183C,YNL121C,0,0.012233891,0.08008335530757904,0.2687312662601471,0.3090308904647827
YCR027C,YNL270C,1,0.012233362,0.0803571417927742,0.26973026990890503,0.3090308904647827
YNL314W,YLR187W,0,0.012232722,0.08033323287963867,0.26973026990890503,0.3091309070587158
YPL099C,YFL010W-A,0,0.012230101,0.08030933886766434,0.26973026990890503,0.3092309236526489
YEL063C,YDL210W,1,0.012222672,0.08058281242847443,0.27072927355766296,0.3092309236526489
YGR169C,YEL041W,0,0.012218459,0.08055885881185532,0.27072927355766296,0.30933094024658203
YKL206C,YER115C,0,0.012213602,0.0805349200963974,0.27072927355766296,0.30943095684051514
YKL007W,YPL119C,0,0.012212998,0.08051098883152008,0.27072927355766296,0.30953094363212585
YGR081C,YGL233W,0,0.012212906,0.08048707991838455,0.27072927355766296,0.30963096022605896
YOR348C,YBR068C,1,0.012211519,0.08076009154319763,0.2717282772064209,0.30963096022605896
YJR151C,YJR031C,0,0.012205902,0.08073612302541733,0.2717282772064209,0.30973097681999207
YBR293W,YCR075C,1,0.012205522,0.0810089036822319,0.27272728085517883,0.30973097681999207
YMR097C,YNL163C,0,0.012194605,0.08098486810922623,0.27272728085517883,0.30983099341392517
YNR056C,YEL062W,1,0.01219423,0.0812574103474617,0.27372628450393677,0.30983099341392517
YDR030C,YFR033C,0,0.012193139,0.08123332262039185,0.27372628450393677,0.3099309802055359
YNL117W,YDR527W,0,0.012185618,0.08120924979448318,0.27372628450393677,0.310030996799469
YNL122C,YER137C,0,0.0121821975,0.08118518441915512,0.27372628450393677,0.3101310133934021
YNR021W,YLR329W,0,0.012182163,0.08116113394498825,0.27372628450393677,0.3102310299873352
YOR349W,YDR226W,0,0.012181395,0.08113710582256317,0.27372628450393677,0.3103310465812683
YKL009W,YAL029C,0,0.012179117,0.08111308515071869,0.27372628450393677,0.31043103337287903
YOR126C,YBR095C,0,0.012176804,0.0810890793800354,0.27372628450393677,0.31053104996681213
YKL170W,YBR257W,0,0.012176219,0.0810650885105133,0.27372628450393677,0.31063106656074524
YJR101W,YKL095W,0,0.012166863,0.0810411125421524,0.27372628450393677,0.31073108315467834
YJR036C,YHR174W,0,0.012165449,0.0810171514749527,0.27372628450393677,0.31083106994628906
YDR226W,YNL078W,0,0.012165041,0.08099319785833359,0.27372628450393677,0.31093108654022217
YFL001W,YGL190C,0,0.012164704,0.08096926659345627,0.27372628450393677,0.3110311031341553
YDL039C,YGL113W,0,0.012158637,0.08094535022974014,0.27372628450393677,0.3111311197280884
YDL210W,YJL059W,1,0.012148,0.08121677488088608,0.2747252881526947,0.3111311197280884
YER168C,YDL128W,0,0.012141129,0.08119279891252518,0.2747252881526947,0.3112311363220215
YPL213W,YDL227C,0,0.0121360915,0.08116883039474487,0.2747252881526947,0.3113311231136322
YHR119W,YKR006C,0,0.012131748,0.08114487677812576,0.2747252881526947,0.3114311397075653
YJL085W,YDL083C,0,0.012126091,0.08112094551324844,0.2747252881526947,0.3115311563014984
YBL026W,YDR497C,0,0.012124674,0.08109702169895172,0.2747252881526947,0.3116311728954315
YDL036C,YNL236W,0,0.012124002,0.08107311278581619,0.2747252881526947,0.31173115968704224
YNR067C,YNL258C,0,0.012115426,0.08104921877384186,0.2747252881526947,0.31183117628097534
YNR015W,YHR079C,0,0.012114798,0.08102533966302872,0.2747252881526947,0.31193119287490845
YGR169C,YNL138W,0,0.012113662,0.08100147545337677,0.2747252881526947,0.31203120946884155
YIL128W,YJR034W,0,0.012107423,0.08097761869430542,0.2747252881526947,0.31213122606277466
YDL206W,YPR002W,0,0.012106207,0.08095378428697586,0.2747252881526947,0.3122312128543854
YGL112C,YPL113C,0,0.012101178,0.0809299573302269,0.2747252881526947,0.3123312294483185
YLR285W,YMR295C,0,0.01209287,0.08090614527463913,0.2747252881526947,0.3124312460422516
YLR191W,YML073C,0,0.012088643,0.08088235557079315,0.2747252881526947,0.3125312626361847
YLR305C,YLR209C,0,0.012087391,0.08085857331752777,0.2747252881526947,0.3126312494277954
YPR187W,YLL043W,0,0.012079222,0.08083480596542358,0.2747252881526947,0.3127312660217285
YJR004C,YDL045C,0,0.012077083,0.0808110460639,0.2747252881526947,0.3128312826156616
YKL190W,YOR025W,0,0.01206742,0.0807873085141182,0.2747252881526947,0.3129312992095947
YPR002W,YER090W,0,0.012067165,0.08076358586549759,0.2747252881526947,0.31303131580352783
YJL030W,YMR032W,0,0.012064845,0.08073987066745758,0.2747252881526947,0.31313130259513855
YHR174W,YDR222W,0,0.012055409,0.08071617037057877,0.2747252881526947,0.31323131918907166
YPR111W,YLR389C,0,0.012053399,0.08069248497486115,0.2747252881526947,0.31333133578300476
YLL008W,YIR032C,0,0.012052655,0.08066881448030472,0.2747252881526947,0.31343135237693787
YNL270C,YBR069C,1,0.012050663,0.0809384137392044,0.27572426199913025,0.31343135237693787
YAR031W,YPR138C,0,0.01204711,0.0809146910905838,0.27572426199913025,0.3135313391685486
YMR013C,YOL093W,0,0.01204552,0.08089097589254379,0.27572426199913025,0.3136313557624817
YEL012W,YIL177C,0,0.012043308,0.08086727559566498,0.27572426199913025,0.3137313723564148
YMR145C,YPR127W,0,0.012042184,0.08084358274936676,0.27572426199913025,0.3138313889503479
YDL245C,YKL007W,0,0.012034153,0.08081991225481033,0.27572426199913025,0.313931405544281
YDR263C,YEL029C,0,0.0120311715,0.0807962492108345,0.27572426199913025,0.3140313923358917
YPL011C,YJR140C,0,0.012029976,0.08077260851860046,0.27572426199913025,0.31413140892982483
YFL010W-A,YCR075C,1,0.012024859,0.08104154467582703,0.2767232656478882,0.31413140892982483
YGR225W,YGL244W,0,0.012022854,0.08101784437894821,0.2767232656478882,0.31423142552375793
YDL015C,YKL186C,0,0.012022085,0.08099415153265,0.2767232656478882,0.31433144211769104
YDL197C,YKL165C,0,0.012021109,0.08097047358751297,0.2767232656478882,0.31443142890930176
YMR117C,YCL043C,0,0.0120176785,0.08094681799411774,0.2767232656478882,0.31453144550323486
YGL050W,YKL165C,0,0.01201615,0.0809231698513031,0.2767232656478882,0.31463146209716797
YDL246C,YKR103W,0,0.012006157,0.08089952915906906,0.2767232656478882,0.3147314786911011
YDR030C,YPL276W,0,0.011987167,0.08087591081857681,0.2767232656478882,0.3148314952850342
YKL013C,YDL179W,0,0.01198549,0.08085230737924576,0.2767232656478882,0.3149314820766449
YCR027C,YGR142W,1,0.011984412,0.08112051337957382,0.2777222692966461,0.3149314820766449
YMR203W,YDL070W,0,0.01198081,0.08109685033559799,0.2777222692966461,0.315031498670578
YJR004C,YML056C,0,0.011973491,0.08107320219278336,0.2777222692966461,0.3151315152645111
YBR195C,YFR029W,0,0.011970581,0.08104956150054932,0.2777222692966461,0.3152315318584442
YBR260C,YOL090W,0,0.011967789,0.08102594316005707,0.2777222692966461,0.31533151865005493
YOR301W,YEL043W,0,0.011964316,0.08100233227014542,0.2777222692966461,0.31543153524398804
YDR508C,YBR132C,1,0.011961583,0.08127002418041229,0.27872127294540405,0.31543153524398804
YEL036C,YKL038W,0,0.011960608,0.08124636113643646,0.27872127294540405,0.31553155183792114
YBR195C,YPL188W,0,0.011956224,0.08122270554304123,0.27872127294540405,0.31563156843185425
YHR156C,YKL124W,0,0.011952305,0.08119907230138779,0.27872127294540405,0.31573158502578735
YPR187W,YER138C,0,0.011950548,0.08117544651031494,0.27872127294540405,0.31583157181739807
YMR168C,YDR423C,0,0.011947863,0.08115183562040329,0.27872127294540405,0.3159315884113312
YPR189W,YCL034W,0,0.011945139,0.08112823218107224,0.27872127294540405,0.3160316050052643
YLR395C,YPL011C,0,0.011943197,0.08110465109348297,0.27872127294540405,0.3161316215991974
YDR371W,YLL061W,0,0.011938573,0.0810810774564743,0.27872127294540405,0.3162316083908081
YDL140C,YOL136C,0,0.011931189,0.08105752617120743,0.27872127294540405,0.3163316249847412
YGR055W,YBR132C,1,0.011930848,0.08132442831993103,0.279720276594162,0.3163316249847412
YMR319C,YFL057C,0,0.011930605,0.08130080997943878,0.279720276594162,0.3164316415786743
YLL061W,YBR132C,1,0.011919778,0.08156748861074448,0.2807192802429199,0.3164316415786743
YLR020C,YDR240C,0,0.01191468,0.08154381811618805,0.2807192802429199,0.3165316581726074
YJR010W,YGL259W,0,0.011913883,0.08152016252279282,0.2807192802429199,0.3166316747665405
YKL038W,YDR337W,0,0.011912288,0.08149652183055878,0.2807192802429199,0.31673166155815125
YKL041W,YCL018W,0,0.011905269,0.08147288858890533,0.2807192802429199,0.31683167815208435
YJR005W,YEL029C,0,0.011900671,0.08144927769899368,0.2807192802429199,0.31693169474601746
YPR011C,YDR170C,0,0.011900458,0.08142567425966263,0.2807192802429199,0.31703171133995056
YDL206W,YDR072C,0,0.011899801,0.08140208572149277,0.2807192802429199,0.31713172793388367
YNR067C,YHR168W,0,0.011898781,0.0813785120844841,0.2807192802429199,0.3172317147254944
YGL077C,YEL064C,1,0.0118942745,0.0816444680094719,0.28171828389167786,0.3172317147254944
YDR263C,YOR283W,0,0.01188642,0.08162084221839905,0.28171828389167786,0.3173317313194275
YGL200C,YDR195W,0,0.01188633,0.0815972238779068,0.28171828389167786,0.3174317479133606
YOL066C,YDL028C,0,0.011883464,0.08157362043857574,0.28171828389167786,0.3175317645072937
YBR261C,YMR270C,0,0.011882042,0.08155003190040588,0.28171828389167786,0.3176317512989044
YKL174C,YLR009W,0,0.011880742,0.08152645081281662,0.28171828389167786,0.3177317678928375
YLL041C,YLL061W,0,0.011880283,0.08150289207696915,0.28171828389167786,0.31783178448677063
YJR028W,YIR039C,0,0.011880165,0.08147934079170227,0.28171828389167786,0.31793180108070374
YCL069W,YNL065W,1,0.011879432,0.08174465596675873,0.2827172875404358,0.31793180108070374
YFL048C,YOL108C,0,0.011878279,0.08172105252742767,0.2827172875404358,0.31803181767463684
YKL020C,YLR380W,0,0.011876937,0.08169745653867722,0.2827172875404358,0.31813180446624756
YNL281W,YDL208W,0,0.011870804,0.08167388290166855,0.2827172875404358,0.31823182106018066
YDR172W,YPL007C,0,0.011867913,0.08165031671524048,0.2827172875404358,0.31833183765411377
YNR004W,YJL134W,0,0.011866947,0.0816267654299736,0.2827172875404358,0.3184318542480469
YIR011C,YER087W,0,0.011855696,0.08160322904586792,0.2827172875404358,0.3185318410396576
YER049W,YJR101W,0,0.011845656,0.08157970756292343,0.2827172875404358,0.3186318576335907
YOR327C,YLR164W,0,0.011845348,0.08155619353055954,0.2827172875404358,0.3187318742275238
YBL026W,YLR160C,0,0.011841672,0.08153270184993744,0.2827172875404358,0.3188318908214569
YGL026C,YNL050C,0,0.011837549,0.08150921761989594,0.2827172875404358,0.31893190741539
YBR020W,YOL101C,0,0.011837186,0.08148574829101562,0.2827172875404358,0.31903189420700073
YLR268W,YDR353W,0,0.011832396,0.08146229386329651,0.2827172875404358,0.31913191080093384
YNL085W,YKR103W,0,0.011825067,0.08143884688615799,0.2827172875404358,0.31923192739486694
YBL076C,YKL201C,0,0.011823735,0.08141542226076126,0.2827172875404358,0.31933194398880005
YLL027W,YLR050C,0,0.011818399,0.08139200508594513,0.2827172875404358,0.31943193078041077
YHR156C,YDR229W,0,0.011816739,0.08136860281229019,0.2827172875404358,0.31953194737434387
YPR190C,YKL061W,0,0.01181606,0.08134521543979645,0.2827172875404358,0.319631963968277
YMR019W,YNL283C,0,0.011814801,0.0813218355178833,0.2827172875404358,0.3197319805622101
YPR196W,YAL029C,0,0.011812865,0.08129847794771194,0.2827172875404358,0.3198319971561432
YNL232W,YIL159W,0,0.011809074,0.08127512782812119,0.2827172875404358,0.3199319839477539
YDL059C,YFL017W-A,0,0.011808267,0.08125179260969162,0.2827172875404358,0.320032000541687
YHR179W,YMR065W,0,0.011806955,0.08122847229242325,0.2827172875404358,0.3201320171356201
YGR144W,YOR020C,0,0.0118041225,0.08120516687631607,0.2827172875404358,0.3202320337295532
YBR275C,YGL220W,0,0.011797767,0.08118186891078949,0.2827172875404358,0.32033202052116394
YFR001W,YLR042C,0,0.01179436,0.0811585858464241,0.2827172875404358,0.32043203711509705
YGR281W,YMR137C,0,0.011793481,0.08113531768321991,0.2827172875404358,0.32053205370903015
YFL054C,YDR151C,0,0.0117907375,0.08111206442117691,0.2827172875404358,0.32063207030296326
YCL024W,YIL006W,0,0.011785566,0.0810888260602951,0.2827172875404358,0.32073208689689636
YDL217C,YFL057C,0,0.011780207,0.0810655951499939,0.2827172875404358,0.3208320736885071
YJR032W,YDL035C,0,0.011779875,0.08104237914085388,0.2827172875404358,0.3209320902824402
YDL055C,YPR133W-A,0,0.0117776925,0.08101917803287506,0.2827172875404358,0.3210321068763733
YNL270C,YEL063C,1,0.011772865,0.08128219842910767,0.2837162911891937,0.3210321068763733
YHR066W,YOR297C,0,0.011771673,0.08125893771648407,0.2837162911891937,0.3211321234703064
YOR317W,YMR240C,0,0.011769849,0.08123569935560226,0.2837162911891937,0.3212321102619171
YKL166C,YCL004W,0,0.011765063,0.08121246844530106,0.2837162911891937,0.3213321268558502
YNR057C,YMR090W,0,0.01175987,0.08118925243616104,0.2837162911891937,0.3214321434497833
YMR146C,YCL008C,0,0.0117522525,0.08116604387760162,0.2837162911891937,0.32153216004371643
YDL059C,YNR057C,0,0.011752163,0.081142857670784,0.2837162911891937,0.32163217663764954
YJL059W,YPL274W,1,0.011751394,0.08140531182289124,0.28471529483795166,0.32163217663764954
YDR403W,YMR270C,0,0.011748669,0.08138206601142883,0.28471529483795166,0.32173216342926025
YER008C,YNL032W,0,0.011745912,0.08135883510112762,0.28471529483795166,0.32183218002319336
YDL212W,YPR021C,1,0.011738408,0.08162100613117218,0.2857142984867096,0.32183218002319336
YPL007C,YOR340C,0,0.01173435,0.0815977156162262,0.2857142984867096,0.32193219661712646
YNL079C,YGR216C,0,0.011734278,0.081574447453022,0.2857142984867096,0.32203221321105957
YPR035W,YGL212W,0,0.011730374,0.08155118674039841,0.2857142984867096,0.3221322000026703
YOR298W,YDR062W,0,0.011730347,0.08152793347835541,0.2857142984867096,0.3222322165966034
YKR055W,YJL006C,0,0.011717993,0.0815047025680542,0.2857142984867096,0.3223322331905365
YDR160W,YGL077C,1,0.011714808,0.08176638185977936,0.28671327233314514,0.3223322331905365
YDR414C,YOR148C,0,0.011712527,0.08174309134483337,0.28671327233314514,0.3224322497844696
YOL070C,YLR047C,0,0.011703755,0.08171981573104858,0.28671327233314514,0.3225322663784027
YMR182C,YHR058C,0,0.011700423,0.08169655501842499,0.28671327233314514,0.3226322531700134
YEL043W,YLR009W,0,0.011699121,0.08167330920696259,0.28671327233314514,0.32273226976394653
YPR021C,YCL025C,1,0.011693473,0.08193456381559372,0.2877122759819031,0.32273226976394653
YIL006W,YNL078W,0,0.011691451,0.08191126585006714,0.2877122759819031,0.32283228635787964
YOL054W,YLR042C,0,0.011688497,0.08188797533512115,0.2877122759819031,0.32293230295181274
YPL276W,YJR070C,0,0.011687484,0.08186469227075577,0.2877122759819031,0.32303228974342346
YMR238W,YNL238W,0,0.01168506,0.08184143155813217,0.2877122759819031,0.32313230633735657
YPL180W,YHR156C,0,0.011678476,0.08181817829608917,0.2877122759819031,0.3232323229312897
YPL002C,YLR130C,0,0.011671643,0.08179494738578796,0.2877122759819031,0.3233323395252228
YCL069W,YDR508C,1,0.011667243,0.08205565065145493,0.288711279630661,0.3233323395252228
YEL053C,YMR025W,0,0.011664758,0.08203236013650894,0.288711279630661,0.3234323561191559
YNR074C,YBR177C,0,0.011663263,0.08200907707214355,0.288711279630661,0.3235323429107666
YDR144C,YJL085W,0,0.01165601,0.08198581635951996,0.288711279630661,0.3236323595046997
YOR310C,YJR028W,0,0.011654516,0.08196256309747696,0.288711279630661,0.3237323760986328
YOR074C,YIR018W,0,0.011653159,0.08193932473659515,0.288711279630661,0.3238323926925659
YLR389C,YKL172W,0,0.011652637,0.08191610127687454,0.288711279630661,0.32393237948417664
YOR377W,YEL062W,0,0.0116512915,0.08189288526773453,0.288711279630661,0.32403239607810974
YEL022W,YDR195W,0,0.01165021,0.0818696916103363,0.288711279630661,0.32413241267204285
YFL010W-A,YBR069C,1,0.0116490135,0.08212970942258835,0.28971028327941895,0.32413241267204285
YHR029C,YDL074C,0,0.0116452705,0.08210645616054535,0.28971028327941895,0.32423242926597595
YLR300W,YDL140C,0,0.011641994,0.08208321779966354,0.28971028327941895,0.32433244585990906
YNR067C,YGR222W,0,0.011634556,0.08205998688936234,0.28971028327941895,0.3244324326515198
YFL010W-A,YCL025C,1,0.011634321,0.08231966197490692,0.2907092869281769,0.3244324326515198
YMR013C,YPL127C,0,0.011631383,0.08229637891054153,0.2907092869281769,0.3245324492454529
YLL045C,YPR171W,0,0.011631113,0.08227311074733734,0.2907092869281769,0.324632465839386
YGR177C,YLR130C,0,0.011625528,0.08224985748529434,0.2907092869281769,0.3247324824333191
YKL174C,YCL069W,1,0.011625458,0.08250918239355087,0.2917082905769348,0.3247324824333191
YDR034C,YGR177C,0,0.0116191525,0.0824858769774437,0.2917082905769348,0.3248324692249298
YIL061C,YDR151C,0,0.011619121,0.08246257901191711,0.2917082905769348,0.3249324858188629
YDR046C,YER119C,1,0.011615583,0.08272162824869156,0.29270729422569275,0.3249324858188629
YOR145C,YKR101W,0,0.011615474,0.0826982781291008,0.29270729422569275,0.325032502412796
YNR006W,YIL177C,0,0.011614921,0.08267494291067123,0.29270729422569275,0.3251325190067291
YNL230C,YPR125W,0,0.011612738,0.08265162259340286,0.29270729422569275,0.32523253560066223
YPL064C,YPR138C,0,0.011609453,0.08262831717729568,0.29270729422569275,0.32533252239227295
YJL011C,YCL032W,0,0.011608523,0.0826050192117691,0.29270729422569275,0.32543253898620605
YPR191W,YDL133C-A,0,0.011606817,0.08258173614740372,0.29270729422569275,0.32553255558013916
YKL180W,YLR330W,0,0.011606225,0.08255846798419952,0.29270729422569275,0.32563257217407227
YBR271W,YDL198C,0,0.011600303,0.08253521472215652,0.29270729422569275,0.325732558965683
YJL034W,YIL159W,0,0.011597673,0.08251196891069412,0.29270729422569275,0.3258325755596161
YOL165C,YJL006C,0,0.011594165,0.08248873800039291,0.29270729422569275,0.3259325921535492
YMR319C,YML132W,0,0.0115923835,0.0824655219912529,0.29270729422569275,0.3260326087474823
YDR476C,YIL177C,0,0.011579988,0.08244232088327408,0.29270729422569275,0.3261326253414154
YOR313C,YPL093W,0,0.011576386,0.08241912722587585,0.29270729422569275,0.3262326121330261
YBR067C,YPL129W,0,0.011569998,0.08239594846963882,0.29270729422569275,0.32633262872695923
YNL271C,YER138C,0,0.011565327,0.08237278461456299,0.29270729422569275,0.32643264532089233
YNL271C,YFL014W,0,0.011561631,0.08234963566064835,0.29270729422569275,0.32653266191482544
YBR002C,YLR278C,0,0.011558574,0.0823264941573143,0.29270729422569275,0.32663264870643616
YBR195C,YPR111W,0,0.011555508,0.08230336755514145,0.29270729422569275,0.32673266530036926
YJL200C,YDL039C,0,0.011552758,0.08228025585412979,0.29270729422569275,0.32683268189430237
YDR498C,YGL220W,0,0.011548462,0.08225715905427933,0.29270729422569275,0.3269326984882355
YPL200W,YLR033W,0,0.011547504,0.08223406970500946,0.29270729422569275,0.3270327150821686
YOR243C,YFL057C,0,0.011545513,0.08221099525690079,0.29270729422569275,0.3271327018737793
YDL055C,YFR019W,0,0.011538755,0.08218793570995331,0.29270729422569275,0.3272327184677124
YBR294W,YAL031C,0,0.011532921,0.08216489106416702,0.29270729422569275,0.3273327350616455
YKR002W,YIL079C,0,0.011532862,0.08214185386896133,0.29270729422569275,0.3274327516555786
YOR291W,YML028W,0,0.011525238,0.08211883157491684,0.29270729422569275,0.32753273844718933
YPR167C,YMR304W,0,0.011522342,0.08209582418203354,0.29270729422569275,0.32763275504112244
YOR138C,YIL079C,0,0.011522202,0.08207283169031143,0.29270729422569275,0.32773277163505554
YPL002C,YIL079C,0,0.011521354,0.08204984664916992,0.29270729422569275,0.32783278822898865
YLR043C,YEL041W,0,0.011520453,0.0820268765091896,0.29270729422569275,0.32793280482292175
YCL025C,YKR028W,0,0.011520198,0.08200392127037048,0.29270729422569275,0.32803279161453247
YPL151C,YKL182W,0,0.011520165,0.08198097348213196,0.29270729422569275,0.3281328082084656
YMR321C,YDR170C,0,0.011519965,0.08195804059505463,0.29270729422569275,0.3282328248023987
YMR228W,YHR058C,0,0.011516528,0.08193512260913849,0.29270729422569275,0.3283328413963318
YNL304W,YBR141C,0,0.011515041,0.08191221952438354,0.29270729422569275,0.3284328579902649
YHR085W,YPL098C,0,0.011509251,0.0818893238902092,0.29270729422569275,0.3285328447818756
YKL161C,YBL026W,0,0.011505714,0.08186644315719604,0.29270729422569275,0.3286328613758087
YPR006C,YCL032W,0,0.011503502,0.08184357732534409,0.29270729422569275,0.3287328779697418
YBL034C,YCR026C,0,0.011499782,0.08182071894407272,0.29270729422569275,0.3288328945636749
YJL124C,YPR149W,0,0.011497046,0.08179787546396255,0.29270729422569275,0.32893288135528564
YMR218C,YHR174W,0,0.011496617,0.08177504688501358,0.29270729422569275,0.32903289794921875
YKL190W,YFL057C,0,0.011494607,0.0817522332072258,0.29270729422569275,0.32913291454315186
YJR031C,YNR060W,0,0.011480615,0.08172942698001862,0.29270729422569275,0.32923293113708496
YNR057C,YDR173C,0,0.011480074,0.08170663565397263,0.29270729422569275,0.32933294773101807
YNR031C,YML036W,0,0.011477103,0.08168385922908783,0.29270729422569275,0.3294329345226288
YLR197W,YOR353C,0,0.011474551,0.08166109025478363,0.29270729422569275,0.3295329511165619
YGR191W,YCL025C,1,0.011472182,0.08191696554422379,0.2937062978744507,0.3295329511165619
YBR187W,YFR019W,0,0.011471566,0.081894151866436,0.2937062978744507,0.329632967710495
YKL190W,YKR006C,0,0.011470549,0.08187134563922882,0.2937062978744507,0.3297329843044281
YPL274W,YKL205W,0,0.011469781,0.08184855431318283,0.2937062978744507,0.3298329710960388
YJL034W,YPR113W,0,0.011467369,0.08182577043771744,0.2937062978744507,0.3299329876899719
YMR218C,YLL027W,0,0.011467316,0.08180300146341324,0.2937062978744507,0.33003300428390503
YKR103W,YFL021W,0,0.011462214,0.08178024739027023,0.2937062978744507,0.33013302087783813
YFL010W-A,YKR069W,0,0.011458476,0.08175750821828842,0.2937062978744507,0.33023303747177124
YNL172W,YLR278C,0,0.011450085,0.08173477649688721,0.2937062978744507,0.33033302426338196
YHR066W,YHR156C,0,0.011447668,0.08171205967664719,0.2937062978744507,0.33043304085731506
YOL086C,YIL140W,0,0.01144702,0.08168935775756836,0.2937062978744507,0.33053305745124817
YFL014W,YDR229W,0,0.011439566,0.08166666328907013,0.2937062978744507,0.3306330740451813
YCL057W,YEL029C,0,0.01143907,0.08164399117231369,0.2937062978744507,0.330733060836792
YOL052C,YNL006W,0,0.0114337485,0.08162131905555725,0.2937062978744507,0.3308330774307251
YHR132C,YDR281C,0,0.011428129,0.0815986692905426,0.2937062978744507,0.3309330940246582
YLL019C,YMR046C,0,0.011428118,0.08157602697610855,0.2937062978744507,0.3310331106185913
YMR227C,YOL104C,0,0.011420616,0.0815533995628357,0.2937062978744507,0.3311331272125244
YOR020C,YGR239C,0,0.011418786,0.08153077960014343,0.2937062978744507,0.33123311400413513
YER046W,YJR140C,0,0.011409435,0.08150818198919296,0.2937062978744507,0.33133313059806824
YGR191W,YFL055W,1,0.01140787,0.08176274597644806,0.2947053015232086,0.33133313059806824
YOR291W,YHR041C,0,0.011407363,0.08174009621143341,0.2947053015232086,0.33143314719200134
YKL161C,YJL140W,0,0.011404014,0.08171745389699936,0.2947053015232086,0.33153316378593445
YFL057C,YDR304C,0,0.011403654,0.0816948190331459,0.2947053015232086,0.33163315057754517
YLL019C,YBL085W,0,0.011403578,0.08167220652103424,0.2947053015232086,0.33173316717147827
YBR129C,YNR015W,0,0.011400913,0.08164960145950317,0.2947053015232086,0.3318331837654114
YOL129W,YGL209W,0,0.011390228,0.0816270038485527,0.2947053015232086,0.3319332003593445
YFR001W,YOL062C,0,0.011383492,0.08160442858934402,0.2947053015232086,0.3320332169532776
YLR228C,YLR130C,0,0.011383389,0.08158186078071594,0.2947053015232086,0.3321332037448883
YDR527W,YJR034W,0,0.01138274,0.08155930042266846,0.2947053015232086,0.3322332203388214
YGR072W,YIL048W,0,0.011382069,0.08153676241636276,0.2947053015232086,0.3323332369327545
YIL128W,YML039W,0,0.01138084,0.08151423186063766,0.2947053015232086,0.3324332535266876
YBL011W,YHR057C,0,0.011380299,0.08149171620607376,0.2947053015232086,0.33253324031829834
YOL142W,YDL070W,0,0.011377387,0.08146920800209045,0.2947053015232086,0.33263325691223145
YBL041W,YFR018C,0,0.011375858,0.08144671469926834,0.2947053015232086,0.33273327350616455
YDR415C,YLL017W,0,0.011365534,0.08142423629760742,0.2947053015232086,0.33283329010009766
YBR020W,YJL053W,0,0.0113599785,0.0814017653465271,0.2947053015232086,0.33293330669403076
YFL033C,YOR327C,0,0.011354855,0.08137930929660797,0.2947053015232086,0.3330332934856415
YBR080C,YKL182W,0,0.011354389,0.08135686814785004,0.2947053015232086,0.3331333100795746
YML071C,YOL102C,0,0.011352206,0.0813344344496727,0.2947053015232086,0.3332333266735077
YFR013W,YOL155C,0,0.011348716,0.08131201565265656,0.2947053015232086,0.3333333432674408
YLR404W,YER115C,0,0.011344726,0.0812896117568016,0.2947053015232086,0.3334333300590515
YOR106W,YBL098W,0,0.011341705,0.08126721531152725,0.2947053015232086,0.3335333466529846
YDL028C,YNL202W,0,0.011340043,0.08124483376741409,0.2947053015232086,0.3336333632469177
YNL079C,YPR002W,0,0.011335751,0.08122246712446213,0.2947053015232086,0.33373337984085083
YMR176W,YPL096W,0,0.011333848,0.08120010793209076,0.2947053015232086,0.33383339643478394
YBR042C,YMR295C,0,0.011332417,0.08117776364088058,0.2947053015232086,0.33393338322639465
YPR083W,YDL083C,0,0.011331775,0.0811554342508316,0.2947053015232086,0.33403339982032776
YML099C,YLR209C,0,0.011329356,0.08113311231136322,0.2947053015232086,0.33413341641426086
YIL177C,YDR497C,0,0.011328714,0.08111080527305603,0.2947053015232086,0.33423343300819397
YGL083W,YJR127C,0,0.011324517,0.08108851313591003,0.2947053015232086,0.3343334197998047
YLR157C,YHR077C,0,0.011323087,0.08106622844934464,0.2947053015232086,0.3344334363937378
YKL203C,YPR006C,0,0.011322008,0.08104395866394043,0.2947053015232086,0.3345334529876709
YNL314W,YDR296W,0,0.011318608,0.08102169632911682,0.2947053015232086,0.334633469581604
YGR142W,YIL088C,1,0.011315915,0.08127402514219284,0.29570430517196655,0.334633469581604
YGL200C,YNL262W,0,0.011313519,0.08125171810388565,0.29570430517196655,0.3347334861755371
YDR403W,YCR012W,0,0.011309818,0.08122941851615906,0.29570430517196655,0.3348334729671478
YCR093W,YOR285W,0,0.011306935,0.08120713382959366,0.29570430517196655,0.33493348956108093
YDR263C,YJL144W,0,0.011306817,0.08118485659360886,0.29570430517196655,0.33503350615501404
YOR071C,YBR072W,0,0.011305846,0.08116260170936584,0.29570430517196655,0.33513352274894714
YML097C,YIL080W,0,0.01130283,0.08114035427570343,0.29570430517196655,0.33523350954055786
YNL307C,YOR025W,0,0.011302468,0.08111811429262161,0.29570430517196655,0.33533352613449097
YKL064W,YGL220W,0,0.011297226,0.08109588921070099,0.29570430517196655,0.3354335427284241
YBL041W,YPL208W,0,0.011289319,0.08107367902994156,0.29570430517196655,0.3355335593223572
YHR077C,YOR162C,0,0.0112857595,0.08105147629976273,0.29570430517196655,0.3356335759162903
YLR182W,YMR200W,0,0.011284658,0.08102928847074509,0.29570430517196655,0.335733562707901
YJR147W,YGL019W,0,0.011284185,0.08100711554288864,0.29570430517196655,0.3358335793018341
YPL265W,YJL059W,1,0.011280647,0.08125855028629303,0.2967033088207245,0.3358335793018341
YGL174W,YKR068C,0,0.011278164,0.0812363252043724,0.2967033088207245,0.3359335958957672
YJR138W,YCR060W,0,0.011276489,0.08121410757303238,0.2967033088207245,0.3360336124897003
YEL040W,YER087W,0,0.01127474,0.08119190484285355,0.2967033088207245,0.33613359928131104
YPL119C,YHR119W,0,0.011274188,0.08116971701383591,0.2967033088207245,0.33623361587524414
YOR142W,YHR039C-A,0,0.01127313,0.08114754408597946,0.2967033088207245,0.33633363246917725
YDL070W,YLR209C,0,0.01127135,0.08112537860870361,0.2967033088207245,0.33643364906311035
YNR067C,YBR192W,0,0.011270382,0.08110322058200836,0.2967033088207245,0.33653366565704346
YKL093W,YMR218C,0,0.011265197,0.0810810774564743,0.2967033088207245,0.3366336524486542
YDL029W,YFR029W,0,0.011259643,0.08105894923210144,0.2967033088207245,0.3367336690425873
YHR164C,YDL225W,0,0.01125433,0.08103683590888977,0.2967033088207245,0.3368336856365204
YIL020C,YPR125W,0,0.011252685,0.0810147300362587,0.2967033088207245,0.3369337022304535
YOR237W,YKR020W,0,0.011251444,0.08099263906478882,0.2967033088207245,0.3370336890220642
YAL038W,YPL011C,0,0.011251323,0.08097055554389954,0.2967033088207245,0.3371337056159973
YOL070C,YLR160C,0,0.011244249,0.08094848692417145,0.2967033088207245,0.3372337222099304
YGL212W,YJL206C,0,0.011239806,0.08092643320560455,0.2967033088207245,0.3373337388038635
YGL062W,YLR141W,0,0.011239043,0.08090438693761826,0.2967033088207245,0.33743375539779663
YBR243C,YER115C,0,0.011235637,0.08088235557079315,0.2967033088207245,0.33753374218940735
YNR056C,YFL010W-A,1,0.011234598,0.08113259077072144,0.2977023124694824,0.33753374218940735
YDR451C,YOL093W,0,0.011234308,0.08111050724983215,0.2977023124694824,0.33763375878334045
YNR056C,YNL268W,1,0.0112330355,0.08136054128408432,0.29870128631591797,0.33763375878334045
YDR026C,YHR168W,0,0.011230897,0.08133841305971146,0.29870128631591797,0.33773377537727356
YDR144C,YCL025C,0,0.011230488,0.08131629228591919,0.29870128631591797,0.33783379197120667
YDR369C,YHR135C,0,0.01122375,0.08129417896270752,0.29870128631591797,0.3379337787628174
YNL065W,YCR075C,1,0.011222607,0.08154390007257462,0.2997002899646759,0.3379337787628174
YPR204W,YOL004W,0,0.011219835,0.08152174204587936,0.2997002899646759,0.3380337953567505
YPR196W,YDR416W,0,0.011218026,0.08149959146976471,0.2997002899646759,0.3381338119506836
YGR020C,YPL099C,0,0.011217513,0.08147745579481125,0.2997002899646759,0.3382338285446167
YKL064W,YDR222W,0,0.011213023,0.08145533502101898,0.2997002899646759,0.3383338451385498
YNR057C,YPL147W,0,0.011210481,0.08143322169780731,0.2997002899646759,0.3384338319301605
YDL212W,YEL064C,1,0.01120758,0.08168249577283859,0.30069929361343384,0.3384338319301605
YLL034C,YDR164C,0,0.01120057,0.08166033774614334,0.30069929361343384,0.33853384852409363
YJR119C,YOR098C,0,0.011199551,0.08163818717002869,0.30069929361343384,0.33863386511802673
YDL078C,YMR213W,0,0.011199477,0.08161605149507523,0.30069929361343384,0.33873388171195984
YHR060W,YKL064W,0,0.011194519,0.08159393072128296,0.30069929361343384,0.33883386850357056
YJL114W,YLR130C,0,0.01119406,0.08157181739807129,0.30069929361343384,0.33893388509750366
YPL139C,YMR295C,0,0.011194002,0.08154971897602081,0.30069929361343384,0.33903390169143677
YOL107W,YLR325C,0,0.01119359,0.08152762800455093,0.30069929361343384,0.3391339182853699
YMR182C,YJL004C,0,0.01119161,0.08150555193424225,0.30069929361343384,0.339233934879303
YGL186C,YML039W,0,0.011186251,0.08148348331451416,0.30069929361343384,0.3393339216709137
YGL172W,YJR140C,0,0.011186007,0.08146143704652786,0.30069929361343384,0.3394339382648468
YOR348C,YGR055W,1,0.01118564,0.08170995861291885,0.3016982972621918,0.3394339382648468
YCL069W,YPL274W,1,0.011177836,0.0819583460688591,0.3026973009109497,0.3394339382648468
YAL038W,YML006C,0,0.011173758,0.08193618059158325,0.3026973009109497,0.3395339548587799
YIL139C,YLL012W,0,0.011157899,0.0819140300154686,0.3026973009109497,0.339633971452713
YDR167W,YJR021C,0,0.011157216,0.08189189434051514,0.3026973009109497,0.3397339880466461
YPR030W,YGL241W,0,0.01115427,0.08186976611614227,0.3026973009109497,0.33983397483825684
YGR271W,YHR135C,0,0.011149311,0.0818476527929306,0.3026973009109497,0.33993399143218994
YBR118W,YHR058C,0,0.011147824,0.08182554692029953,0.3026973009109497,0.34003400802612305
YLR191W,YDR081C,0,0.01114475,0.08180345594882965,0.3026973009109497,0.34013402462005615
YLR105C,YOR377W,0,0.011143646,0.08178137987852097,0.3026973009109497,0.34023401141166687
YBL098W,YNR060W,0,0.011141808,0.08175931125879288,0.3026973009109497,0.3403340280056
YLL055W,YLR389C,0,0.011134402,0.08173725754022598,0.3026973009109497,0.3404340445995331
YNL138W,YDR138W,0,0.011134355,0.08171521127223969,0.3026973009109497,0.3405340611934662
YJL060W,YFL017W-A,0,0.01113426,0.08169317990541458,0.3026973009109497,0.3406340777873993
YHR029C,YFL033C,0,0.011132602,0.08167115598917007,0.3026973009109497,0.34073406457901
YNR010W,YIL048W,0,0.011125931,0.08164915442466736,0.3026973009109497,0.3408340811729431
YLR043C,YMR179W,0,0.011116357,0.08162715286016464,0.3026973009109497,0.3409340977668762
YNL290W,YER052C,0,0.011114034,0.08160517364740372,0.3026973009109497,0.3410341143608093
YEL012W,YDR240C,0,0.011109904,0.08158320188522339,0.3026973009109497,0.34113410115242004
YPR167C,YKR066C,0,0.011108705,0.08156123757362366,0.3026973009109497,0.34123411774635315
YMR013C,YGR179C,0,0.011086627,0.08153928816318512,0.3026973009109497,0.34133413434028625
YDR419W,YLR353W,0,0.011086428,0.08151735365390778,0.3026973009109497,0.34143415093421936
YLR208W,YOR279C,0,0.0110832965,0.08149542659521103,0.3026973009109497,0.34153416752815247
YHR179W,YNR044W,0,0.0110826595,0.08147351443767548,0.3026973009109497,0.3416341543197632
YLR314C,YPR204W,0,0.011079351,0.08145160973072052,0.3026973009109497,0.3417341709136963
YJL134W,YPL027W,0,0.011075779,0.08142971992492676,0.3026973009109497,0.3418341875076294
YDL128W,YPL065W,0,0.011065052,0.08140784502029419,0.3026973009109497,0.3419342041015625
YNL270C,YNL268W,1,0.01106417,0.08165457844734192,0.30369630455970764,0.3419342041015625
YEL031W,YGL050W,0,0.011063497,0.08163265138864517,0.30369630455970764,0.3420341908931732
YJL034W,YBL085W,0,0.011062991,0.08161073923110962,0.30369630455970764,0.3421342074871063
YHR211W,YER074W,0,0.01105815,0.08158883452415466,0.30369630455970764,0.34223422408103943
YBR247C,YJL206C,0,0.011052645,0.0815669447183609,0.30369630455970764,0.34233424067497253
YER022W,YPL147W,0,0.011049445,0.08154506236314774,0.30369630455970764,0.34243425726890564
YLR213C,YCL034W,0,0.011041174,0.08152319490909576,0.30369630455970764,0.34253424406051636
YPR030W,YLR268W,0,0.011039352,0.08150134235620499,0.30369630455970764,0.34263426065444946
YPL223C,YNL258C,0,0.011038956,0.0814794972538948,0.30369630455970764,0.34273427724838257
YLL002W,YMR203W,0,0.011038508,0.08145766705274582,0.30369630455970764,0.3428342938423157
YGR056W,YPL218W,0,0.011037577,0.08143584430217743,0.30369630455970764,0.3429342806339264
YDL225W,YJR103W,0,0.011034173,0.08141403645277023,0.30369630455970764,0.3430342972278595
YJL166W,YOR353C,0,0.011032872,0.08139223605394363,0.30369630455970764,0.3431343138217926
YPR171W,YML030W,0,0.011025762,0.08137045055627823,0.30369630455970764,0.3432343304157257
YKL174C,YHL036W,1,0.011025337,0.08161626756191254,0.3046953082084656,0.3432343304157257
YOR324C,YHR059W,0,0.011023999,0.08159443736076355,0.3046953082084656,0.3433343470096588
YOR291W,YOR206W,0,0.01102309,0.08157261461019516,0.3046953082084656,0.34343433380126953
YER185W,YNL182C,0,0.011020148,0.08155079931020737,0.3046953082084656,0.34353435039520264
YMR218C,YDR245W,0,0.011017509,0.08152900636196136,0.3046953082084656,0.34363436698913574
YDR072C,YDR211W,0,0.011015488,0.08150721341371536,0.3046953082084656,0.34373438358306885
YJL066C,YDR140W,0,0.01101112,0.08148544281721115,0.3046953082084656,0.34383437037467957
YGL068W,YLR151C,0,0.0109989345,0.08146367222070694,0.3046953082084656,0.34393438696861267
YDL197C,YDL039C,0,0.010998887,0.08144192397594452,0.3046953082084656,0.3440344035625458
YMR013C,YLR278C,0,0.010991172,0.0814201831817627,0.3046953082084656,0.3441344201564789
YLL003W,YJL214W,0,0.010987466,0.08139844983816147,0.3046953082084656,0.344234436750412
YKL096W-A,YJL082W,0,0.0109827,0.08137673139572144,0.3046953082084656,0.3443344235420227
YNL102W,YGR167W,0,0.0109820785,0.0813550278544426,0.3046953082084656,0.3444344401359558
YKL174C,YLL055W,1,0.010980426,0.08160000294446945,0.3056943118572235,0.3444344401359558
YEL030W,YLR350W,0,0.010978905,0.08157824724912643,0.3056943118572235,0.3445344567298889
YCL008C,YEL030W,0,0.010975389,0.08155650645494461,0.3056943118572235,0.344634473323822
YGL010W,YKL165C,0,0.010974488,0.08153477311134338,0.3056943118572235,0.34473446011543274
YHR132C,YNL117W,0,0.0109712025,0.08151305466890335,0.3056943118572235,0.34483447670936584
YGR177C,YMR200W,0,0.010970799,0.08149134367704391,0.3056943118572235,0.34493449330329895
YMR078C,YNR044W,0,0.010969718,0.08146964758634567,0.3056943118572235,0.34503450989723206
YIR011C,YER002W,0,0.010969143,0.08144796639680862,0.3056943118572235,0.34513452649116516
YBR196C,YIR018W,0,0.010966758,0.08142629265785217,0.3056943118572235,0.3452345132827759
YOR297C,YLR042C,0,0.010964774,0.08140462636947632,0.3056943118572235,0.345334529876709
YDR151C,YKL015W,0,0.01096288,0.08138298243284225,0.3056943118572235,0.3454345464706421
YDR240C,YJR101W,0,0.01096227,0.08136133849620819,0.3056943118572235,0.3455345630645752
YPR072W,YPL147W,0,0.010961567,0.08133970946073532,0.3056943118572235,0.3456345498561859
YPR091C,YLR301W,0,0.010959556,0.08131809532642365,0.3056943118572235,0.345734566450119
YNL309W,YMR159C,0,0.010957723,0.08129649609327316,0.3056943118572235,0.3458345830440521
YHR005C-A,YNR010W,0,0.010955624,0.08127489686012268,0.3056943118572235,0.34593459963798523
YJL194W,YHR119W,0,0.010950856,0.08125331997871399,0.3056943118572235,0.34603461623191833
YGL236C,YIL076W,0,0.010949437,0.0812317505478859,0.3056943118572235,0.34613460302352905
YNL314W,YJR151C,0,0.010947226,0.0812101885676384,0.3056943118572235,0.34623461961746216
YOL020W,YLL055W,1,0.01094417,0.08145396411418915,0.30669331550598145,0.34623461961746216
YBL011W,YOL108C,0,0.010943618,0.08143235743045807,0.30669331550598145,0.34633463621139526
YGR032W,YML036W,0,0.010936992,0.08141076564788818,0.30669331550598145,0.34643465280532837
YNL095C,YIL159W,0,0.010935254,0.0813891813158989,0.30669331550598145,0.3465346395969391
YHR056C,YLL004W,0,0.010935126,0.0813676118850708,0.30669331550598145,0.3466346561908722
YLR380W,YKR102W,0,0.010926357,0.0813460499048233,0.30669331550598145,0.3467346727848053
YPL082C,YHR109W,0,0.010921771,0.081324502825737,0.30669331550598145,0.3468346893787384
YNR004W,YOL004W,0,0.010918619,0.08130296319723129,0.30669331550598145,0.3469347059726715
YCR014C,YPL050C,0,0.010916951,0.08128143846988678,0.30669331550598145,0.3470346927642822
YPR191W,YFR036W,0,0.010914665,0.08125992864370346,0.30669331550598145,0.34713470935821533
YNR074C,YJL214W,0,0.01091238,0.08123842626810074,0.30669331550598145,0.34723472595214844
YPL113C,YKR044W,0,0.0109117,0.08121693134307861,0.30669331550598145,0.34733474254608154
YJL114W,YOR212W,0,0.010909096,0.08119545131921768,0.30669331550598145,0.34743472933769226
YJL034W,YMR032W,0,0.0109035615,0.08117397874593735,0.30669331550598145,0.34753474593162537
YNR056C,YGR142W,1,0.010896468,0.08141686767339706,0.3076923191547394,0.34753474593162537
YDR072C,YNL006W,0,0.010885228,0.08139535039663315,0.3076923191547394,0.34763476252555847
YGR118W,YAL040C,0,0.010884515,0.08137384057044983,0.3076923191547394,0.3477347791194916
YDL210W,YFL055W,1,0.010884335,0.08161648362874985,0.3086913228034973,0.3477347791194916
YMR005W,YJL166W,0,0.010884088,0.08159492909908295,0.3086913228034973,0.3478347957134247
YLR103C,YDR353W,0,0.010883951,0.08157338947057724,0.3086913228034973,0.3479347825050354
YOL108C,YKR044W,0,0.010880214,0.08155185729265213,0.3086913228034973,0.3480347990989685
YHR085W,YKL095W,0,0.010879839,0.08153034001588821,0.3086913228034973,0.3481348156929016
YGL241W,YFR036W,0,0.01087393,0.08150883764028549,0.3086913228034973,0.3482348322868347
YER185W,YMR115W,0,0.010870908,0.08148734271526337,0.3086913228034973,0.34833481907844543
YPR113W,YCR057C,0,0.010869529,0.08146585524082184,0.3086913228034973,0.34843483567237854
YDR281C,YDR470C,0,0.010868926,0.0814443826675415,0.3086913228034973,0.34853485226631165
YGL186C,YNR018W,0,0.010863097,0.08142292499542236,0.3086913228034973,0.34863486886024475
YOR291W,YNR017W,0,0.010861227,0.08140147477388382,0.3086913228034973,0.34873488545417786
YAR035W,YNR010W,0,0.010856802,0.08138003945350647,0.3086913228034973,0.3488348722457886
YML097C,YOL158C,0,0.010852543,0.08135861158370972,0.3086913228034973,0.3489348888397217
YDR415C,YBR141C,0,0.010846791,0.08133719116449356,0.3086913228034973,0.3490349054336548
YJR010W,YPL042C,0,0.010843609,0.0813157930970192,0.3086913228034973,0.3491349220275879
YDL212W,YNL270C,1,0.010839952,0.08155748248100281,0.30969029664993286,0.3491349220275879
YOR084W,YGL244W,0,0.010833002,0.08153603225946426,0.30969029664993286,0.3492349088191986
YPL147W,YDR140W,0,0.010832991,0.08151459693908691,0.30969029664993286,0.3493349254131317
YGR180C,YLR383W,0,0.010829538,0.08149316161870956,0.30969029664993286,0.3494349420070648
YDR174W,YMR008C,0,0.010825023,0.081471748650074,0.30969029664993286,0.3495349586009979
YHR029C,YDR195W,0,0.010821791,0.08145034313201904,0.30969029664993286,0.34963497519493103
YOL158C,YMR272C,0,0.01081926,0.08142894506454468,0.30969029664993286,0.34973496198654175
YNR004W,YNL208W,0,0.010818353,0.0814075618982315,0.30969029664993286,0.34983497858047485
YJL128C,YBR037C,0,0.010817638,0.08138619363307953,0.30969029664993286,0.34993499517440796
YOR348C,YBR069C,1,0.01081728,0.08162729442119598,0.3106893002986908,0.34993499517440796
YLR305C,YOR297C,0,0.010809747,0.08160587400197983,0.3106893002986908,0.35003501176834106
YLR329W,YPR083W,0,0.010809033,0.08158446848392487,0.3106893002986908,0.35013502836227417
YNL065W,YCL025C,1,0.010809002,0.08182533085346222,0.31168830394744873,0.35013502836227417
YLR141W,YBR257W,0,0.010808844,0.08180388063192368,0.31168830394744873,0.3502350151538849
YBR006W,YOR194C,0,0.010807621,0.08178243786096573,0.31168830394744873,0.350335031747818
YDL045W-A,YPL065W,0,0.010796172,0.08176100999116898,0.31168830394744873,0.3504350483417511
YGR179C,YDL208W,0,0.010792027,0.08173958957195282,0.31168830394744873,0.3505350649356842
YJL034W,YPR002W,0,0.010790974,0.08171817660331726,0.31168830394744873,0.3506350517272949
YDR405W,YHR132C,0,0.0107896,0.0816967785358429,0.31168830394744873,0.350735068321228
YGR145W,YOL026C,0,0.010788979,0.08167539536952972,0.31168830394744873,0.35083508491516113
YDR371W,YDL170W,0,0.010783296,0.08165401965379715,0.31168830394744873,0.35093510150909424
YBR150C,YCR014C,0,0.010782914,0.08163265138864517,0.31168830394744873,0.35103511810302734
YDR109C,YMR229C,0,0.0107819885,0.08161129802465439,0.31168830394744873,0.35113510489463806
YNL172W,YFL045C,0,0.01078029,0.0815899595618248,0.31168830394744873,0.35123512148857117
YMR039C,YDR304C,0,0.0107793035,0.0815686285495758,0.31168830394744873,0.3513351380825043
YPR194C,YML109W,0,0.010777778,0.08154730498790741,0.31168830394744873,0.3514351546764374
YLR295C,YOR287C,0,0.010776934,0.08152599632740021,0.31168830394744873,0.3515351414680481
YLL055W,YBR069C,1,0.010775745,0.08176593482494354,0.31268730759620667,0.3515351414680481
YNL297C,YEL040W,0,0.010772381,0.08174458146095276,0.31268730759620667,0.3516351580619812
YOL020W,YNR056C,1,0.010770374,0.08198433369398117,0.3136863112449646,0.3516351580619812
YOR382W,YMR046C,0,0.010769637,0.0819629356265068,0.3136863112449646,0.3517351746559143
YGL162W,YLR325C,0,0.010758254,0.08194154500961304,0.3136863112449646,0.3518351912498474
YOL165C,YLL043W,0,0.010757574,0.08192016929388046,0.3136863112449646,0.3519352078437805
YMR168C,YKL067W,0,0.010757436,0.08189880102872849,0.3136863112449646,0.35203519463539124
YHR214C-B,YML056C,0,0.01075452,0.0818774476647377,0.3136863112449646,0.35213521122932434
YDR240C,YOL062C,0,0.01075452,0.08185610175132751,0.3136863112449646,0.35223522782325745
YOL165C,YOR340C,0,0.010753332,0.08183476328849792,0.3136863112449646,0.35233524441719055
YCR014C,YIR032C,0,0.010748686,0.08181344717741013,0.3136863112449646,0.35243523120880127
YKL119C,YHR174W,0,0.010745017,0.08179213106632233,0.3136863112449646,0.3525352478027344
YHR069C,YEL043W,0,0.0107402885,0.08177082985639572,0.3136863112449646,0.3526352643966675
YDR419W,YHR061C,0,0.010737777,0.08174954354763031,0.3136863112449646,0.3527352809906006
YCR027C,YNL268W,1,0.010723992,0.08198855072259903,0.31468531489372253,0.3527352809906006
YLL055W,YHR079C,0,0.010719764,0.08196721225976944,0.31468531489372253,0.3528352975845337
YMR194W,YKL015W,0,0.010718894,0.08194588869810104,0.31468531489372253,0.3529352843761444
YPR196W,YJR140C,0,0.010718738,0.08192458003759384,0.31468531489372253,0.3530353009700775
YER013W,YNL073W,0,0.01071485,0.08190327882766724,0.31468531489372253,0.3531353175640106
YJR070C,YLL017W,0,0.010714112,0.08188198506832123,0.31468531489372253,0.3532353341579437
YDR285W,YKR068C,0,0.010713799,0.08186070621013641,0.31468531489372253,0.35333532094955444
YER101C,YLR042C,0,0.010707675,0.08183944225311279,0.31468531489372253,0.35343533754348755
YPR113W,YNL032W,0,0.0106944945,0.08181817829608917,0.31468531489372253,0.35353535413742065
YLR312W-A,YPR152C,0,0.010692512,0.08179693669080734,0.31468531489372253,0.35363537073135376
YGL186C,YOR294W,0,0.010691936,0.08177570253610611,0.31468531489372253,0.35373538732528687
YKR055W,YNL182C,0,0.010682983,0.08175447583198547,0.31468531489372253,0.3538353741168976
YCR027C,YEL063C,1,0.010681975,0.0819927379488945,0.31568431854248047,0.3538353741168976
YLL051C,YJL191W,0,0.010681905,0.08197146654129028,0.31568431854248047,0.3539353907108307
YCR027C,YKL174C,1,0.010680534,0.08220954239368439,0.3166833221912384,0.3539353907108307
YAL063C,YKR055W,0,0.010679677,0.08218822628259659,0.3166833221912384,0.3540354073047638
YKL189W,YPL027W,0,0.010676473,0.08216692507266998,0.3166833221912384,0.3541354238986969
YCR093W,YDL022W,0,0.010673558,0.08214563131332397,0.3166833221912384,0.3542354106903076
YHR061C,YJL053W,0,0.010669822,0.08212435245513916,0.3166833221912384,0.3543354272842407
YOL066C,YER104W,0,0.010669022,0.08210308104753494,0.3166833221912384,0.35443544387817383
YPL259C,YNR003C,0,0.010668851,0.08208182454109192,0.3166833221912384,0.35453546047210693
YGL112C,YBL089W,0,0.010668106,0.08206057548522949,0.3166833221912384,0.35463547706604004
YGL212W,YNR035C,0,0.010666692,0.08203933387994766,0.3166833221912384,0.35473546385765076
YKL190W,YLR073C,0,0.010664664,0.08201811462640762,0.3166833221912384,0.35483548045158386
YJL206C,YNL298W,0,0.010664393,0.08199689537286758,0.3166833221912384,0.35493549704551697
YFL055W,YJR001W,1,0.010658267,0.08223429322242737,0.31768232583999634,0.35493549704551697
YNR018W,YDR508C,0,0.010657,0.08221302926540375,0.31768232583999634,0.3550355136394501
YKR103W,YOL052C,0,0.010656085,0.08219178020954132,0.31768232583999634,0.3551355004310608
YGR191W,YCL038C,1,0.010656085,0.082428939640522,0.3186813294887543,0.3551355004310608
YKL171W,YDR353W,0,0.010654235,0.082407645881176,0.3186813294887543,0.3552355170249939
YGR191W,YHL036W,1,0.010653561,0.08264462649822235,0.3196803331375122,0.3552355170249939
YGL083W,YIL143C,0,0.010651501,0.08262328803539276,0.3196803331375122,0.355335533618927
YLL040C,YAR031W,0,0.010644423,0.08260196447372437,0.3196803331375122,0.3554355502128601
YJL024C,YPL259C,0,0.010643956,0.08258064836263657,0.3196803331375122,0.3555355668067932
YHR164C,YMR250W,0,0.01064268,0.08255933970212936,0.3196803331375122,0.35563555359840393
YOR283W,YMR075W,0,0.010640522,0.08253804594278336,0.3196803331375122,0.35573557019233704
YGR251W,YER162C,0,0.010639433,0.08251675963401794,0.3196803331375122,0.35583558678627014
YMR039C,YDR369C,0,0.010632403,0.08249548822641373,0.3196803331375122,0.35593560338020325
YGR251W,YGL068W,0,0.010627849,0.0824742242693901,0.3196803331375122,0.35603559017181396
YPR204W,YAR027W,0,0.010622475,0.08245297521352768,0.3196803331375122,0.35613560676574707
YDR527W,YPL110C,0,0.010621864,0.08243173360824585,0.3196803331375122,0.3562356233596802
YMR267W,YML109W,0,0.010620692,0.08241050690412521,0.3196803331375122,0.3563356399536133
YMR272C,YDR229W,0,0.010618467,0.08238928765058517,0.3196803331375122,0.3564356565475464
YOL026C,YOL062C,0,0.01061414,0.08236808329820633,0.3196803331375122,0.3565356433391571
YBR223C,YDL179W,0,0.010612682,0.08234688639640808,0.3196803331375122,0.3566356599330902
YMR319C,YOR008C,0,0.010611322,0.08232570439577103,0.3196803331375122,0.3567356765270233
YLL027W,YDR222W,0,0.010609334,0.08230452984571457,0.3196803331375122,0.3568356931209564
YJR004C,YGL190C,0,0.010608398,0.08228336274623871,0.3196803331375122,0.35693567991256714
YPR011C,YOR099W,0,0.010606537,0.08226221054792404,0.3196803331375122,0.35703569650650024
YJR053W,YLR309C,0,0.0106058605,0.08224106580018997,0.3196803331375122,0.35713571310043335
YLR270W,YDR218C,0,0.010605656,0.0822199359536171,0.3196803331375122,0.35723572969436646
YPR091C,YPR159W,0,0.0106013585,0.08219882100820541,0.3196803331375122,0.35733574628829956
YGL212W,YOL043C,0,0.010601088,0.08217770606279373,0.3196803331375122,0.3574357330799103
YNL208W,YMR075W,0,0.010600704,0.08215661346912384,0.3196803331375122,0.3575357496738434
YBL089W,YEL064C,1,0.010597047,0.08239220082759857,0.32067930698394775,0.3575357496738434
YJR057W,YPL134C,0,0.010594794,0.0823710560798645,0.32067930698394775,0.3576357662677765
YBR069C,YCL025C,1,0.010594249,0.08260646462440491,0.3216783106327057,0.3576357662677765
YGL010W,YNL290W,0,0.0105913,0.08258527517318726,0.3216783106327057,0.3577357828617096
YGR281W,YCL014W,0,0.010590616,0.0825641006231308,0.3216783106327057,0.3578357696533203
YGL233W,YBL068W,0,0.010581097,0.08254294097423553,0.3216783106327057,0.3579357862472534
YGL241W,YDR226W,0,0.010581021,0.08252178132534027,0.3216783106327057,0.3580358028411865
YAR035W,YDR497C,0,0.010579993,0.0825006440281868,0.3216783106327057,0.35813581943511963
YDR079W,YOL004W,0,0.010577467,0.08247950673103333,0.3216783106327057,0.35823583602905273
YNR067C,YBR129C,0,0.01057624,0.08245838433504105,0.3216783106327057,0.35833582282066345
YEL012W,YGR089W,0,0.010574564,0.08243727684020996,0.3216783106327057,0.35843583941459656
YHR030C,YPR133W-A,0,0.010573457,0.08241617679595947,0.3216783106327057,0.35853585600852966
YGR077C,YKR006C,0,0.010572484,0.08239508420228958,0.3216783106327057,0.35863587260246277
YIR018W,YDL097C,0,0.010569177,0.08237400650978088,0.3216783106327057,0.3587358593940735
YJL124C,YDR281C,0,0.010562842,0.08235294371843338,0.3216783106327057,0.3588358759880066
YDL179W,YKL117W,0,0.010556922,0.08233188092708588,0.3216783106327057,0.3589358925819397
YLL043W,YLR145W,0,0.010555528,0.08231084048748016,0.3216783106327057,0.3590359091758728
YFL054C,YJL095W,0,0.010554228,0.08228980004787445,0.3216783106327057,0.3591359257698059
YPL104W,YOR338W,0,0.010548896,0.08226878196001053,0.3216783106327057,0.3592359125614166
YBL089W,YFL001W,0,0.010548493,0.0822477638721466,0.3216783106327057,0.35933592915534973
YPR011C,YGR052W,0,0.010535203,0.08222676068544388,0.3216783106327057,0.35943594574928284
YJR078W,YPL139C,0,0.010529419,0.08220577239990234,0.3216783106327057,0.35953596234321594
YCR060W,YDR389W,0,0.01052839,0.0821847915649414,0.3216783106327057,0.35963594913482666
YJR078W,YNL131W,0,0.010518158,0.08216381818056107,0.3216783106327057,0.35973596572875977
YDR090C,YDR222W,0,0.010517062,0.08214285969734192,0.3216783106327057,0.35983598232269287
YBR293W,YBR132C,1,0.010512105,0.08237694203853607,0.3226773142814636,0.35983598232269287
YOR279C,YBR141C,0,0.01051085,0.08235593885183334,0.3226773142814636,0.359935998916626
YJR151C,YOL136C,0,0.010509804,0.08233495056629181,0.3226773142814636,0.3600360155105591
YER117W,YDR470C,0,0.0105073145,0.08231396228075027,0.3226773142814636,0.3601360023021698
YKL174C,YDR138W,0,0.010506031,0.08229299634695053,0.3226773142814636,0.3602360188961029
YLR047C,YJL117W,0,0.010499569,0.08227203041315079,0.3226773142814636,0.360336035490036
YLR197W,YMR203W,0,0.0104977405,0.08225107938051224,0.3226773142814636,0.3604360520839691
YGR055W,YMR088C,1,0.010495483,0.08248472213745117,0.32367631793022156,0.3604360520839691
YNL070W,YDR081C,0,0.010494353,0.08246373385190964,0.32367631793022156,0.36053603887557983
YHR109W,YMR210W,0,0.010492502,0.0824427455663681,0.32367631793022156,0.36063605546951294
YPR167C,YFR045W,0,0.010491096,0.08242177218198776,0.32367631793022156,0.36073607206344604
YPR002W,YMR176W,0,0.010485786,0.08240081369876862,0.32367631793022156,0.36083608865737915
YIL139C,YDR159W,0,0.010485622,0.08237986266613007,0.32367631793022156,0.36093610525131226
YGR177C,YDR332W,0,0.010480077,0.08235891908407211,0.32367631793022156,0.361036092042923
YIL134W,YLR141W,0,0.010476656,0.08233799040317535,0.32367631793022156,0.3611361086368561
YER151C,YPR030W,0,0.010473172,0.08231707662343979,0.32367631793022156,0.3612361252307892
YLR395C,YBR129C,0,0.010469432,0.08229616284370422,0.32367631793022156,0.3613361418247223
YJL024C,YGR222W,0,0.010468044,0.08227526396512985,0.32367631793022156,0.3614361584186554
YPL087W,YDR159W,0,0.010465861,0.08225437998771667,0.32367631793022156,0.3615361452102661
YLR047C,YDR369C,0,0.010465115,0.0822335034608841,0.32367631793022156,0.3616361618041992
YDR137W,YFL054C,0,0.01045518,0.08221263438463211,0.32367631793022156,0.3617361783981323
YCL034W,YFL017W-A,0,0.01045443,0.08219178020954132,0.32367631793022156,0.36183619499206543
YDR351W,YGR185C,0,0.01045372,0.08217093348503113,0.32367631793022156,0.36193618178367615
YBL058W,YPR083W,0,0.010448019,0.08215010166168213,0.32367631793022156,0.36203619837760925
YAL038W,YOR324C,0,0.010444829,0.08212927728891373,0.32367631793022156,0.36213621497154236
YJL034W,YDL084W,0,0.010442573,0.08210846781730652,0.32367631793022156,0.36223623156547546
YKL182W,YLR224W,0,0.010440716,0.08208765834569931,0.32367631793022156,0.36233624815940857
YNR074C,YLL045C,0,0.010438785,0.08206687122583389,0.32367631793022156,0.3624362349510193
YNL050C,YJL134W,0,0.010437302,0.08204608410596848,0.32367631793022156,0.3625362515449524
YNR056C,YLL055W,1,0.010434067,0.08227848261594772,0.3246753215789795,0.3625362515449524
YMR008C,YEL053C,0,0.010433841,0.08225765824317932,0.3246753215789795,0.3626362681388855
YBR129C,YLL012W,0,0.010424598,0.08223684132099152,0.3246753215789795,0.3627362847328186
YOL090W,YLR224W,0,0.010423276,0.0822160392999649,0.3246753215789795,0.3628362715244293
YCL074W,YCR012W,0,0.010420905,0.08219524472951889,0.3246753215789795,0.3629362881183624
YER087W,YOR222W,0,0.010414878,0.08217446506023407,0.3246753215789795,0.36303630471229553
YPR091C,YMR270C,0,0.010414253,0.08215369284152985,0.3246753215789795,0.36313632130622864
YIL021W,YDR138W,0,0.010414121,0.08213292807340622,0.3246753215789795,0.36323633790016174
YNL283C,YDR332W,0,0.010413846,0.08211217820644379,0.3246753215789795,0.36333632469177246
YMR241W,YIL095W,0,0.010410053,0.08209143579006195,0.3246753215789795,0.36343634128570557
YIL046W,YCL004W,0,0.010408324,0.08207070827484131,0.3246753215789795,0.36353635787963867
YPR182W,YPR111W,0,0.010405697,0.08204998821020126,0.3246753215789795,0.3636363744735718
YJR057W,YLR291C,0,0.010384478,0.08202927559614182,0.3246753215789795,0.3637363612651825
YLR025W,YGL259W,0,0.010383085,0.08200857788324356,0.3246753215789795,0.3638363778591156
YDR518W,YFL021W,0,0.010381111,0.0819878876209259,0.3246753215789795,0.3639363944530487
YBR020W,YBR155W,0,0.010379009,0.08196721225976944,0.3246753215789795,0.3640364110469818
YJL103C,YOR099W,0,0.010374158,0.08194654434919357,0.3246753215789795,0.3641364276409149
YOR323C,YOR219C,0,0.010373814,0.0819258913397789,0.3246753215789795,0.36423641443252563
YDL059C,YGL169W,0,0.010372522,0.08190523833036423,0.3246753215789795,0.36433643102645874
YPL064C,YNR057C,0,0.010370216,0.08188460767269135,0.3246753215789795,0.36443644762039185
YGR167W,YDR240C,0,0.010361509,0.08186397701501846,0.3246753215789795,0.36453646421432495
YPR194C,YML052W,0,0.010355615,0.08184336125850677,0.3246753215789795,0.36463645100593567
YAL040C,YFL045C,0,0.010352312,0.08182276040315628,0.3246753215789795,0.3647364675998688
YDL097C,YOL101C,0,0.010344225,0.08180216699838638,0.3246753215789795,0.3648364841938019
YDR164C,YDL078C,0,0.010335862,0.08178158104419708,0.3246753215789795,0.364936500787735
YBR042C,YCR026C,0,0.010334271,0.08176100999116898,0.3246753215789795,0.3650365173816681
YGL244W,YCL057W,0,0.010333969,0.08174043893814087,0.3246753215789795,0.3651365041732788
YFR029W,YAL029C,0,0.010325082,0.08171989023685455,0.3246753215789795,0.3652365207672119
YMR146C,YMR112C,0,0.01032419,0.08169934898614883,0.3246753215789795,0.365336537361145
YMR008C,YOL136C,0,0.010323621,0.08167881518602371,0.3246753215789795,0.3654365539550781
YNL010W,YBR238C,0,0.0103231575,0.08165828883647919,0.3246753215789795,0.36553654074668884
YPR196W,YMR269W,0,0.0103215985,0.08163777738809586,0.3246753215789795,0.36563655734062195
YOR230W,YIL048W,0,0.010318487,0.08161728084087372,0.3246753215789795,0.36573657393455505
YDL216C,YDL225W,0,0.010312445,0.08159678429365158,0.3246753215789795,0.36583659052848816
YBR081C,YDL059C,0,0.010311181,0.08157630264759064,0.3246753215789795,0.36593660712242126
YEL070W,YDR151C,0,0.0103102615,0.08155583590269089,0.3246753215789795,0.366036593914032
YLR191W,YLR208W,0,0.0103083,0.08153537660837173,0.3246753215789795,0.3661366105079651
YPL244C,YFL013C,0,0.010306997,0.08151492476463318,0.3246753215789795,0.3662366271018982
YDL045W-A,YMR229C,0,0.010305941,0.08149448037147522,0.3246753215789795,0.3663366436958313
YOR349W,YMR099C,0,0.010305032,0.08147405087947845,0.3246753215789795,0.366436630487442
YEL070W,YOR340C,0,0.010300316,0.08145363628864288,0.3246753215789795,0.3665366470813751
YGL226C-A,YJR034W,0,0.010287155,0.08143322169780731,0.3246753215789795,0.3666366636753082
YIL094C,YKR002W,0,0.010281739,0.08141282200813293,0.3246753215789795,0.36673668026924133
YDL121C,YOR038C,0,0.010280972,0.08139243721961975,0.3246753215789795,0.36683669686317444
YOL057W,YDR337W,0,0.010280055,0.08137205988168716,0.3246753215789795,0.36693668365478516
YLR447C,YOL165C,0,0.010279968,0.08135168999433517,0.3246753215789795,0.36703670024871826
YDR090C,YDL061C,0,0.01027828,0.08133133500814438,0.3246753215789795,0.36713671684265137
YPR021C,YPL274W,1,0.010278091,0.08156117051839828,0.3256743252277374,0.36713671684265137
YLL061W,YDL210W,1,0.010269692,0.08179089426994324,0.32667332887649536,0.36713671684265137
YDR419W,YOL102C,0,0.010269426,0.08177044242620468,0.32667332887649536,0.3672367334365845
YDR389W,YLR264W,0,0.010264484,0.08174999803304672,0.32667332887649536,0.3673367202281952
YPL127C,YDL206W,0,0.0102600325,0.08172956854104996,0.32667332887649536,0.3674367368221283
YGL170C,YKR006C,0,0.010259321,0.08170914649963379,0.32667332887649536,0.3675367534160614
YFR021W,YPR138C,0,0.010254133,0.08168873190879822,0.32667332887649536,0.3676367700099945
YDR403W,YOR222W,0,0.010253895,0.08166833221912384,0.32667332887649536,0.3677367866039276
YLR312W-A,YJL178C,0,0.010251026,0.08164793998003006,0.32667332887649536,0.36783677339553833
YJR083C,YDR364C,0,0.010247974,0.08162755519151688,0.32667332887649536,0.36793678998947144
YKL174C,YBR069C,1,0.010245657,0.08185674995183945,0.3276723325252533,0.36793678998947144
YBR275C,YDR262W,0,0.010241305,0.08183632791042328,0.3276723325252533,0.36803680658340454
YMR112C,YOR074C,0,0.010239581,0.08181591331958771,0.3276723325252533,0.36813682317733765
YDL217C,YPL002C,0,0.010237633,0.08179551362991333,0.3276723325252533,0.36823680996894836
YMR319C,YMR295C,0,0.010235508,0.08177512139081955,0.3276723325252533,0.36833682656288147
YLR187W,YKL053C-A,0,0.010231953,0.08175473660230637,0.3276723325252533,0.3684368431568146
YDR072C,YGR179C,0,0.010230687,0.08173436671495438,0.3276723325252533,0.3685368597507477
YDR030C,YBL085W,0,0.010229514,0.08171400427818298,0.3276723325252533,0.3686368763446808
YDL070W,YPR043W,0,0.010225962,0.08169364929199219,0.3276723325252533,0.3687368631362915
YGR191W,YEL062W,1,0.01022295,0.08192230761051178,0.32867133617401123,0.3687368631362915
YBR128C,YOL004W,0,0.010219917,0.081901915371418,0.32867133617401123,0.3688368797302246
YAL063C,YPR080W,0,0.010218725,0.08188153058290482,0.32867133617401123,0.3689368963241577
YPR135W,YKL124W,0,0.010208009,0.08186116069555283,0.32867133617401123,0.3690369129180908
YGL236C,YMR038C,0,0.0102071995,0.08184079825878143,0.32867133617401123,0.36913689970970154
YDR245W,YDL039C,0,0.010205687,0.08182044327259064,0.32867133617401123,0.36923691630363464
YNR044W,YBR243C,0,0.010204228,0.08180009573698044,0.32867133617401123,0.36933693289756775
YDL170W,YFR052W,0,0.010203443,0.08177976310253143,0.32867133617401123,0.36943694949150085
YNL262W,YPL065W,0,0.010199678,0.08175944536924362,0.32867133617401123,0.36953696608543396
YIL094C,YJR034W,0,0.010199211,0.08173912763595581,0.32867133617401123,0.3696369528770447
YLR183C,YDR470C,0,0.010198884,0.0817188248038292,0.32867133617401123,0.3697369694709778
YOL155C,YML080W,0,0.010198609,0.08169853687286377,0.32867133617401123,0.3698369860649109
YKL165C,YHR174W,0,0.010195682,0.08167824894189835,0.32867133617401123,0.369937002658844
YLL017W,YLR026C,0,0.0101939645,0.08165798336267471,0.32867133617401123,0.3700369894504547
YLL045C,YDL179W,0,0.010193643,0.08163771778345108,0.32867133617401123,0.3701370060443878
YHR179W,YPR160W,0,0.010193421,0.08161746710538864,0.32867133617401123,0.3702370226383209
YIL006W,YGR276C,0,0.010189645,0.0815972238779068,0.32867133617401123,0.37033703923225403
YER150W,YLR329W,0,0.010185101,0.08157698810100555,0.32867133617401123,0.37043705582618713
YIL083C,YOR204W,0,0.010183597,0.0815567672252655,0.32867133617401123,0.37053704261779785
YIL135C,YER087W,0,0.010181275,0.08153655380010605,0.32867133617401123,0.37063705921173096
YLR197W,YML109W,0,0.010178609,0.08151635527610779,0.32867133617401123,0.37073707580566406
YBR059C,YKR044W,0,0.010178513,0.08149616420269012,0.32867133617401123,0.37083709239959717
YCR075C,YGR055W,1,0.010177134,0.08172362297773361,0.32967033982276917,0.37083709239959717
YJR005W,YGL225W,0,0.010174972,0.08170339465141296,0.32967033982276917,0.3709370791912079
YOL112W,YOR209C,0,0.010167071,0.08168316632509232,0.32967033982276917,0.371037095785141
YNR004W,YOR324C,0,0.010163214,0.08166295289993286,0.32967033982276917,0.3711371123790741
YMR319C,YDR170C,0,0.010162782,0.0816427543759346,0.32967033982276917,0.3712371289730072
YMR137C,YBR192W,0,0.010161515,0.08162255585193634,0.32967033982276917,0.3713371455669403
YDL212W,YFL010W-A,1,0.010159583,0.08184965699911118,0.3306693434715271,0.3713371455669403
YPR021C,YGR055W,1,0.010155178,0.08207663893699646,0.33166831731796265,0.3713371455669403
YDR229W,YGL113W,0,0.010148224,0.08205635100603104,0.33166831731796265,0.371437132358551
YJL187C,YFL033C,0,0.010147204,0.0820360779762268,0.33166831731796265,0.37153714895248413
YEL053C,YJR133W,0,0.010146405,0.08201581239700317,0.33166831731796265,0.37163716554641724
YIR018W,YOR226C,0,0.010146333,0.08199555426836014,0.33166831731796265,0.37173718214035034
YJL079C,YPR119W,0,0.010144685,0.0819753110408783,0.33166831731796265,0.37183716893196106
YOR348C,YEL062W,1,0.010143718,0.08220192790031433,0.3326673209667206,0.37183716893196106
YKL182W,YGL169W,0,0.010141861,0.08218163996934891,0.3326673209667206,0.37193718552589417
YIR005W,YBR061C,0,0.010140832,0.08216135948896408,0.3326673209667206,0.37203720211982727
YNL236W,YBR096W,0,0.010134779,0.08214109390974045,0.3326673209667206,0.3721372187137604
YPL147W,YJL124C,0,0.010133229,0.08212083578109741,0.3326673209667206,0.3722372353076935
YLR029C,YIL083C,0,0.0101229455,0.08210059255361557,0.3326673209667206,0.3723372220993042
YLR305C,YJR101W,0,0.010121546,0.08208035677671432,0.3326673209667206,0.3724372386932373
YLR300W,YER171W,0,0.010118193,0.08206012845039368,0.3326673209667206,0.3725372552871704
YDR131C,YPR159W,0,0.010116884,0.08203991502523422,0.3326673209667206,0.3726372718811035
YOR388C,YMR033W,0,0.010116315,0.08201970160007477,0.3326673209667206,0.3727372884750366
YPR196W,YLR182W,0,0.010113227,0.0819995105266571,0.3326673209667206,0.37283727526664734
YMR169C,YDR159W,0,0.010109838,0.08197931945323944,0.3326673209667206,0.37293729186058044
YDR082W,YGR145W,0,0.01010731,0.08195914328098297,0.3326673209667206,0.37303730845451355
YGR077C,YNL138W,0,0.010104519,0.0819389745593071,0.3326673209667206,0.37313732504844666
YJL034W,YKL078W,0,0.010104399,0.08191882073879242,0.3326673209667206,0.3732373118400574
YLR208W,YDR229W,0,0.010100193,0.08189867436885834,0.3326673209667206,0.3733373284339905
YLL034C,YKL203C,0,0.010100098,0.08187853544950485,0.3326673209667206,0.3734373450279236
YBR196C,YPR127W,0,0.010099241,0.08185840398073196,0.3326673209667206,0.3735373616218567
YKL074C,YER145C,0,0.010098015,0.08183828741312027,0.3326673209667206,0.3736373782157898
YKL189W,YER137C,0,0.010089325,0.08181817829608917,0.3326673209667206,0.3737373650074005
YJL178C,YKL203C,0,0.010087873,0.08179808408021927,0.3326673209667206,0.3738373816013336
YKL201C,YIL047C,0,0.010087853,0.08177799731492996,0.3326673209667206,0.3739373981952667
YOL086C,YJL225C,0,0.010087187,0.08175791800022125,0.3326673209667206,0.37403741478919983
YCL074W,YMR013C,0,0.010087101,0.08173784613609314,0.3326673209667206,0.37413740158081055
YPR200C,YMR228W,0,0.010084806,0.08171778917312622,0.3326673209667206,0.37423741817474365
YBR293W,YDL210W,1,0.010081456,0.081943079829216,0.3336663246154785,0.37423741817474365
YLR224W,YOR098C,0,0.010081218,0.0819229856133461,0.3336663246154785,0.37433743476867676
YDR460W,YNL202W,0,0.0100790765,0.0819028913974762,0.3336663246154785,0.37443745136260986
YOR348C,YOL020W,1,0.010075233,0.08212797343730927,0.33466532826423645,0.37443745136260986
YJR138W,YOR351C,0,0.0100751575,0.08210784196853638,0.33466532826423645,0.37453746795654297
YEL070W,YFL001W,0,0.010073863,0.08208772540092468,0.33466532826423645,0.3746374547481537
YOR297C,YDR285W,0,0.010071661,0.08206761628389359,0.33466532826423645,0.3747374713420868
YHR012W,YOR212W,0,0.010070911,0.08204751461744308,0.33466532826423645,0.3748374879360199
YKL172W,YKL003C,0,0.010070678,0.08202742040157318,0.33466532826423645,0.374937504529953
YLR228C,YOL151W,0,0.010068624,0.08200734108686447,0.33466532826423645,0.3750374913215637
YMR065W,YER074W,0,0.0100663155,0.08198727667331696,0.33466532826423645,0.3751375079154968
YHR002W,YDR389W,0,0.010063844,0.08196721225976944,0.33466532826423645,0.37523752450942993
YNR056C,YDR508C,1,0.010062681,0.08219178020954132,0.3356643319129944,0.37523752450942993
YDR064W,YPL065W,0,0.010061812,0.08217167854309082,0.3356643319129944,0.37533754110336304
YIL139C,YCL004W,0,0.010061755,0.08215159177780151,0.3356643319129944,0.37543755769729614
YMR319C,YNR006W,0,0.010059314,0.08213150501251221,0.3356643319129944,0.37553754448890686
YDR285W,YMR239C,0,0.010055976,0.08211144059896469,0.3356643319129944,0.37563756108283997
YOR378W,YNL202W,0,0.010054842,0.08209137618541718,0.3356643319129944,0.37573757767677307
YHR004C,YNL335W,0,0.010054177,0.08207132667303085,0.3356643319129944,0.3758375942707062
YEL030W,YNR018W,0,0.010046686,0.08205128461122513,0.3356643319129944,0.3759375810623169
YOR237W,YPL122C,0,0.010046544,0.08203125,0.3356643319129944,0.37603759765625
YBR202W,YPL104W,0,0.0100419205,0.08201123028993607,0.3356643319129944,0.3761376142501831
YBL112C,YJL082W,0,0.010041859,0.08199121803045273,0.3356643319129944,0.3762376308441162
YOR297C,YER090W,0,0.010039451,0.08197121322154999,0.3356643319129944,0.3763376474380493
YEL029C,YMR143W,0,0.010038517,0.08195121586322784,0.3356643319129944,0.37643763422966003
YGL203C,YGL259W,0,0.010036125,0.0819312334060669,0.3356643319129944,0.37653765082359314
YIL132C,YDL170W,0,0.010026351,0.08191126585006714,0.3356643319129944,0.37663766741752625
YCR030C,YNL230C,0,0.010021885,0.08189129829406738,0.3356643319129944,0.37673768401145935
YMR114C,YDL070W,0,0.010018649,0.08187134563922882,0.3356643319129944,0.37683767080307007
YOR071C,YJR021C,0,0.010008368,0.08185140043497086,0.3356643319129944,0.3769376873970032
YNL270C,YDR508C,1,0.010004574,0.08207501471042633,0.3366633355617523,0.3769376873970032
YLR390W,YMR272C,0,0.009986564,0.08205502480268478,0.3366633355617523,0.3770377039909363
YER017C,YJL206C,0,0.009982095,0.08203505724668503,0.3366633355617523,0.3771377205848694
YDR083W,YEL056W,0,0.009981633,0.08201508969068527,0.3366633355617523,0.3772377371788025
YDR207C,YDL128W,0,0.009980856,0.08199513703584671,0.3366633355617523,0.3773377239704132
YNR067C,YKR101W,0,0.009978999,0.08197519183158875,0.3366633355617523,0.3774377405643463
YOL057W,YKR036C,0,0.009978557,0.08195525407791138,0.3366633355617523,0.3775377571582794
YNR056C,YPL265W,1,0.009975995,0.08217845857143402,0.33766233921051025,0.3775377571582794
YML071C,YBR080C,0,0.009975881,0.08215848356485367,0.33766233921051025,0.3776377737522125
YDR499W,YNR013C,0,0.009974738,0.08213851600885391,0.33766233921051025,0.37773776054382324
YLR390W,YDR498C,0,0.009963799,0.08211856335401535,0.33766233921051025,0.37783777713775635
YCR093W,YNL219C,0,0.009952348,0.08209861814975739,0.33766233921051025,0.37793779373168945
YGL212W,YDR461W,0,0.009952,0.08207868039608002,0.33766233921051025,0.37803781032562256
YKR056W,YIL080W,0,0.009950929,0.08205875009298325,0.33766233921051025,0.37813782691955566
YKL022C,YHR135C,0,0.009949276,0.08203883469104767,0.33766233921051025,0.3782378137111664
YHR211W,YDR151C,0,0.009948656,0.08201892673969269,0.33766233921051025,0.3783378303050995
YDL036C,YBR274W,0,0.00994166,0.0819990262389183,0.33766233921051025,0.3784378468990326
YOR147W,YKL174C,0,0.009941584,0.08197914063930511,0.33766233921051025,0.3785378634929657
YLR009W,YLL027W,0,0.009939464,0.08195926249027252,0.33766233921051025,0.3786378502845764
YOL090W,YNL080C,0,0.009938516,0.08193939179182053,0.33766233921051025,0.3787378668785095
YLR033W,YCL052C,0,0.009937676,0.08191953599452972,0.33766233921051025,0.3788378834724426
YOL038W,YDR109C,0,0.009932681,0.08189968764781952,0.33766233921051025,0.37893790006637573
YER050C,YKL126W,0,0.00993028,0.08187984675168991,0.33766233921051025,0.37903791666030884
YDL171C,YKL003C,0,0.009929694,0.0818600133061409,0.33766233921051025,0.37913790345191956
YOR348C,YNR056C,1,0.009929333,0.08208232372999191,0.3386613428592682,0.37913790345191956
YGR288W,YMR270C,0,0.009928733,0.08206245303153992,0.3386613428592682,0.37923792004585266
YGL259W,YDR109C,0,0.009924946,0.08204259723424911,0.3386613428592682,0.37933793663978577
YJL187C,YDR072C,0,0.009923681,0.08202274143695831,0.3386613428592682,0.37943795323371887
YOR388C,YPL200W,0,0.009921531,0.0820029005408287,0.3386613428592682,0.3795379400253296
YDR451C,YEL070W,0,0.009912832,0.08198307454586029,0.3386613428592682,0.3796379566192627
YGL209W,YNL298W,0,0.009911713,0.08196324855089188,0.3386613428592682,0.3797379732131958
YBR118W,YPL002C,0,0.009911185,0.08194343745708466,0.3386613428592682,0.3798379898071289
YLL034C,YJL079C,0,0.009909056,0.08192363381385803,0.3386613428592682,0.379938006401062
YMR049C,YJL112W,0,0.009908593,0.0819038450717926,0.3386613428592682,0.38003799319267273
YHR061C,YDR076W,0,0.009905006,0.08188405632972717,0.3386613428592682,0.38013800978660583
YPL094C,YBR115C,0,0.009904056,0.08186428248882294,0.3386613428592682,0.38023802638053894
YNL236W,YPL093W,0,0.009903687,0.0818445160984993,0.3386613428592682,0.38033804297447205
YJL117W,YGR271W,0,0.009900279,0.08182476460933685,0.3386613428592682,0.38043802976608276
YDL212W,YFL055W,1,0.009897536,0.08204632997512817,0.3396603465080261,0.38043802976608276
YLR380W,YCL034W,0,0.009897307,0.08202654123306274,0.3396603465080261,0.38053804636001587
YGR085C,YOR020C,0,0.009897288,0.08200675249099731,0.3396603465080261,0.380638062953949
YKL174C,YLR141W,0,0.009896844,0.08198697865009308,0.3396603465080261,0.3807380795478821
YIL143C,YER154W,0,0.009888754,0.08196721225976944,0.3396603465080261,0.3808380961418152
YOR348C,YLL061W,1,0.009874647,0.08218847960233688,0.34065935015678406,0.3808380961418152
YGL083W,YJR057W,0,0.009870354,0.08216867595911026,0.34065935015678406,0.3809380829334259
YMR296C,YOR338W,0,0.009869985,0.08214887976646423,0.34065935015678406,0.381038099527359
YLL055W,YNL268W,1,0.009867124,0.08236993849277496,0.341658353805542,0.381038099527359
YHR211W,YHR056C,0,0.009866477,0.08235010504722595,0.341658353805542,0.3811381161212921
YOL052C,YHL027W,0,0.009856714,0.08233028650283813,0.341658353805542,0.3812381327152252
YNL236W,YOL155C,0,0.009854192,0.08231046795845032,0.341658353805542,0.38133811950683594
YEL053C,YLR016C,0,0.009852936,0.0822906643152237,0.341658353805542,0.38143813610076904
YDR310C,YOR294W,0,0.009850214,0.08227086812257767,0.341658353805542,0.38153815269470215
YKR008W,YLR401C,0,0.009849628,0.08225107938051224,0.341658353805542,0.38163816928863525
YDR518W,YGR089W,0,0.009846131,0.082231305539608,0.341658353805542,0.38173818588256836
YFR018C,YER019C-A,0,0.009845592,0.08221153914928436,0.341658353805542,0.3818381726741791
YDL059C,YHR008C,0,0.009844231,0.08219178020954132,0.341658353805542,0.3819381892681122
YAL022C,YOR324C,0,0.009844013,0.08217203617095947,0.341658353805542,0.3820382058620453
YDL210W,YNL065W,1,0.009842297,0.08239250630140305,0.3426573574542999,0.3820382058620453
YPR011C,YDR167W,0,0.009839765,0.08237271755933762,0.3426573574542999,0.3821382224559784
YDR476C,YMR246W,0,0.009836862,0.08235294371843338,0.3426573574542999,0.3822382092475891
YBR276C,YLR042C,0,0.009830752,0.08233316987752914,0.3426573574542999,0.3823382258415222
YDL121C,YFR019W,0,0.00982942,0.0823134183883667,0.3426573574542999,0.3824382424354553
YNL172W,YDR453C,0,0.009827127,0.08229366689920425,0.3426573574542999,0.3825382590293884
YDR160W,YNL268W,1,0.009826756,0.08251379430294037,0.3436563313007355,0.3825382590293884
YLR321C,YMR272C,0,0.009825875,0.08249400556087494,0.3436563313007355,0.38263827562332153
YLR440C,YKL201C,0,0.009824525,0.0824742242693901,0.3436563313007355,0.38273826241493225
YNL101W,YDL210W,1,0.009822085,0.0826941505074501,0.3446553349494934,0.38273826241493225
YBL089W,YKL146W,1,0.009816415,0.08291397243738174,0.34565433859825134,0.38273826241493225
YDR281C,YOR162C,0,0.009815715,0.08289410918951035,0.34565433859825134,0.38283827900886536
YKR069W,YDL077C,0,0.009814074,0.08287425339221954,0.34565433859825134,0.38293829560279846
YDL245C,YNL232W,0,0.009813088,0.08285440504550934,0.34565433859825134,0.38303831219673157
YML051W,YJR078W,0,0.009808738,0.08283457159996033,0.34565433859825134,0.3831382989883423
YDL128W,YFL054C,0,0.009808183,0.08281474560499191,0.34565433859825134,0.3832383155822754
YDL206W,YDL047W,0,0.009806385,0.0827949270606041,0.34565433859825134,0.3833383321762085
YDR499W,YOR355W,0,0.009804497,0.08277511596679688,0.34565433859825134,0.3834383487701416
YOR323C,YPL027W,0,0.009799942,0.08275531977415085,0.34565433859825134,0.3835383653640747
YLL061W,YEL064C,1,0.00979897,0.08297464996576309,0.3466533422470093,0.3835383653640747
YDR378C,YGR258C,0,0.009792477,0.08295481652021408,0.3466533422470093,0.3836383521556854
YKR044W,YFL021W,0,0.009790175,0.08293499052524567,0.3466533422470093,0.38373836874961853
YJR010W,YGL019W,0,0.009789985,0.08291517198085785,0.3466533422470093,0.38383838534355164
YHR132C,YOR382W,0,0.009789204,0.08289536833763123,0.3466533422470093,0.38393840193748474
YBR183W,YIL080W,0,0.0097882515,0.0828755646944046,0.3466533422470093,0.38403841853141785
YPL134C,YPR138C,0,0.009787859,0.08285577595233917,0.3466533422470093,0.38413840532302856
YDR371W,YNR018W,0,0.009787106,0.08283600211143494,0.3466533422470093,0.38423842191696167
YER055C,YBR294W,0,0.009783991,0.0828162282705307,0.3466533422470093,0.3843384385108948
YBL076C,YMR075W,0,0.009783917,0.08279646933078766,0.3466533422470093,0.3844384551048279
YOL020W,YNL270C,1,0.00978291,0.08301527053117752,0.3476523458957672,0.3844384551048279
YGL170C,YAR031W,0,0.009777119,0.0829954668879509,0.3476523458957672,0.3845384418964386
YOL045W,YDL097C,0,0.009774655,0.08297567814588547,0.3476523458957672,0.3846384584903717
YJL141C,YER115C,0,0.009774239,0.08295589685440063,0.3476523458957672,0.3847384750843048
YAL038W,YGL220W,0,0.009773464,0.082936130464077,0.3476523458957672,0.3848384916782379
YFR031C,YGL062W,0,0.009771286,0.08291637152433395,0.3476523458957672,0.384938508272171
YCR027C,YKL146W,1,0.009767683,0.08313482254743576,0.34865134954452515,0.384938508272171
YOL090W,YJR133W,0,0.0097666085,0.08311502635478973,0.34865134954452515,0.38503849506378174
YBR293W,YGR142W,1,0.009757505,0.0833333358168602,0.3496503531932831,0.38503849506378174
YKL210W,YER104W,0,0.009757118,0.08331349492073059,0.3496503531932831,0.38513851165771484
YPL094C,YDR072C,0,0.009756754,0.08329366892576218,0.3496503531932831,0.38523852825164795
YHR209W,YBR095C,0,0.009755824,0.08327385038137436,0.3496503531932831,0.38533854484558105
YML071C,YDL171C,0,0.009752959,0.08325404673814774,0.3496503531932831,0.3854385316371918
YJR138W,YGL236C,0,0.009751725,0.08323424309492111,0.3496503531932831,0.3855385482311249
YNL307C,YLL033W,0,0.009750297,0.08321445435285568,0.3496503531932831,0.385638564825058
YLL017W,YMR304W,0,0.009745501,0.08319467306137085,0.3496503531932831,0.3857385814189911
YKL174C,YDR508C,1,0.009744249,0.0834125503897667,0.350649356842041,0.3857385814189911
YOR099W,YFR036W,0,0.009744002,0.08339273184537888,0.350649356842041,0.3858385980129242
YJR001W,YBR132C,1,0.009743311,0.08361045271158218,0.35164836049079895,0.3858385980129242
YJL194W,YKL171W,0,0.009742088,0.08359059691429138,0.35164836049079895,0.3859385848045349
YOL082W,YLR024C,0,0.0097414795,0.08357074856758118,0.35164836049079895,0.386038601398468
YLL045C,YOR327C,0,0.009740601,0.08355091512203217,0.35164836049079895,0.3861386179924011
YER013W,YDR497C,0,0.009736578,0.08353108912706375,0.35164836049079895,0.38623863458633423
YLR157C,YOR098C,0,0.009733033,0.08351127058267593,0.35164836049079895,0.38633862137794495
YNL258C,YIR032C,0,0.009732928,0.08349145948886871,0.35164836049079895,0.38643863797187805
YMR276W,YNR060W,0,0.009729418,0.08347166329622269,0.35164836049079895,0.38653865456581116
YNR067C,YNR004W,0,0.00972645,0.08345187455415726,0.35164836049079895,0.38663867115974426
YGL225W,YKL015W,0,0.009724411,0.08343209326267242,0.35164836049079895,0.38673868775367737
YBR274W,YOR222W,0,0.0097223455,0.08341231942176819,0.35164836049079895,0.3868386745452881
YER013W,YKL182W,0,0.009720876,0.08339256048202515,0.35164836049079895,0.3869386911392212
YNL153C,YGR036C,0,0.009715333,0.0833728089928627,0.35164836049079895,0.3870387077331543
YAL038W,YLL040C,0,0.009713323,0.08335306495428085,0.35164836049079895,0.3871387243270874
YLR447C,YGL050W,0,0.009712347,0.0833333358168602,0.35164836049079895,0.3872387111186981
YHR047C,YDR245W,0,0.009708912,0.08331360667943954,0.35164836049079895,0.3873387277126312
YOL086C,YIL108W,0,0.009704392,0.08329389244318008,0.35164836049079895,0.38743874430656433
YER103W,YOL062C,0,0.009699665,0.08327419310808182,0.35164836049079895,0.38753876090049744
YNL271C,YMR284W,0,0.009693327,0.08325449377298355,0.35164836049079895,0.38763877749443054
YPL167C,YGR070W,0,0.009688152,0.08323480933904648,0.35164836049079895,0.38773876428604126
YOL066C,YGR185C,0,0.009682764,0.08321513235569,0.35164836049079895,0.38783878087997437
YFR031C,YDL245C,0,0.009681251,0.08319546282291412,0.35164836049079895,0.38793879747390747
YJR127C,YDL061C,0,0.009680419,0.08317580074071884,0.35164836049079895,0.3880388140678406
YFL033C,YDR476C,0,0.009678224,0.08315615355968475,0.35164836049079895,0.3881388008594513
YBR067C,YBL085W,0,0.009678083,0.08313651382923126,0.35164836049079895,0.3882388174533844
YPR035W,YLL043W,0,0.009677205,0.08311688154935837,0.35164836049079895,0.3883388340473175
YCR060W,YNR017W,0,0.009674153,0.08309726417064667,0.35164836049079895,0.3884388506412506
YGL241W,YOL040C,0,0.009667509,0.08307764679193497,0.35164836049079895,0.3885388672351837
YGL026C,YDR373W,0,0.009660353,0.08305804431438446,0.35164836049079895,0.38863885402679443
YJR119C,YNL274C,0,0.009659788,0.08303844928741455,0.35164836049079895,0.38873887062072754
YOL102C,YOR382W,0,0.009659089,0.08301886916160583,0.35164836049079895,0.38883888721466064
YMR319C,YHR079C,0,0.00965483,0.08299928903579712,0.35164836049079895,0.38893890380859375
YGR169C,YLR278C,0,0.009652077,0.0829797238111496,0.35164836049079895,0.38903889060020447
YBR068C,YPR021C,1,0.009651475,0.08319585025310516,0.3526473641395569,0.38903889060020447
YOR378W,YLR005W,0,0.009647019,0.08317624777555466,0.3526473641395569,0.3891389071941376
YNL270C,YEL062W,1,0.009645835,0.08339222520589828,0.3536463677883148,0.3891389071941376
YPR024W,YOL104C,0,0.009642683,0.0833725854754448,0.3536463677883148,0.3892389237880707
YOR348C,YJR001W,1,0.009641207,0.08358841389417648,0.35464534163475037,0.3892389237880707
YPL042C,YDL059C,0,0.009636897,0.08356873691082001,0.35464534163475037,0.3893389403820038
YLR330W,YMR308C,0,0.009635208,0.08354906737804413,0.35464534163475037,0.3894389569759369
YJL034W,YNL016W,0,0.009631773,0.08352941274642944,0.35464534163475037,0.3895389437675476
YBR223C,YGR175C,0,0.009631583,0.08350976556539536,0.35464534163475037,0.3896389603614807
YNL202W,YGR246C,0,0.009629032,0.08349012583494186,0.35464534163475037,0.3897389769554138
YGL004C,YCR046C,0,0.009625807,0.08347049355506897,0.35464534163475037,0.3898389935493469
YLR157C,YJR130C,0,0.009625799,0.08345086872577667,0.35464534163475037,0.38993898034095764
YMR276W,YCL025C,0,0.009624921,0.08343125879764557,0.35464534163475037,0.39003899693489075
YIL159W,YGL163C,0,0.009620618,0.08341165632009506,0.35464534163475037,0.39013901352882385
YDL202W,YJL082W,0,0.009617633,0.08339206129312515,0.35464534163475037,0.39023903012275696
YMR284W,YPR204W,0,0.009617311,0.08337247371673584,0.35464534163475037,0.39033904671669006
YDL107W,YLR440C,0,0.009609021,0.08335290104150772,0.35464534163475037,0.3904390335083008
YGL233W,YJL095W,0,0.0096067125,0.0833333358168602,0.35464534163475037,0.3905390501022339
YMR186W,YOL104C,0,0.009605972,0.08331377804279327,0.35464534163475037,0.390639066696167
YHR056C,YML128C,0,0.009604294,0.08329422771930695,0.35464534163475037,0.3907390832901001
YLR353W,YLR264W,0,0.009602407,0.08327469229698181,0.35464534163475037,0.3908390700817108
YER151C,YGL180W,0,0.00959883,0.08325515687465668,0.35464534163475037,0.3909390866756439
YGL237C,YML052W,0,0.009597665,0.08323563635349274,0.35464534163475037,0.391039103269577
YPR191W,YBR192W,0,0.009592209,0.08321613073348999,0.35464534163475037,0.39113911986351013
YDR067C,YFR018C,0,0.009589917,0.08319662511348724,0.35464534163475037,0.39123913645744324
YCL008C,YPR149W,0,0.009589781,0.08317713439464569,0.35464534163475037,0.39133912324905396
YGL062W,YCL024W,0,0.009588188,0.08315765112638474,0.35464534163475037,0.39143913984298706
YBR278W,YMR065W,0,0.009584017,0.08313817530870438,0.35464534163475037,0.39153915643692017
YDR405W,YAL022C,0,0.0095827095,0.08311870694160461,0.35464534163475037,0.39163917303085327
YBR278W,YER185W,0,0.009582225,0.08309925347566605,0.35464534163475037,0.391739159822464
YLR113W,YOR162C,0,0.009580058,0.08307980000972748,0.35464534163475037,0.3918391764163971
YGR199W,YPR119W,0,0.009580058,0.0830603614449501,0.35464534163475037,0.3919391930103302
YHR030C,YDR076W,0,0.009577905,0.08304093778133392,0.35464534163475037,0.3920392096042633
YDR460W,YDR451C,0,0.009574079,0.08302151411771774,0.35464534163475037,0.3921392261981964
YDR195W,YDR403W,0,0.009573436,0.08300210535526276,0.35464534163475037,0.39223921298980713
YEL062W,YKR102W,0,0.009572781,0.08298270404338837,0.35464534163475037,0.39233922958374023
YDL059C,YKL201C,0,0.009572298,0.08296331018209457,0.35464534163475037,0.39243924617767334
YOL045W,YBR261C,0,0.009571317,0.08294392377138138,0.35464534163475037,0.39253926277160645
YAL022C,YFL014W,0,0.00956574,0.08292455226182938,0.35464534163475037,0.39263924956321716
YEL040W,YGL060W,0,0.009564372,0.08290518820285797,0.35464534163475037,0.39273926615715027
YDR429C,YNL052W,0,0.0095642805,0.08288582414388657,0.35464534163475037,0.3928392827510834
YLR452C,YDL128W,0,0.009560429,0.08286648243665695,0.35464534163475037,0.3929392993450165
YPR167C,YHR156C,0,0.009560357,0.08284714072942734,0.35464534163475037,0.3930393159389496
YBR276C,YOL004W,0,0.009559643,0.08282781392335892,0.35464534163475037,0.3931393027305603
YBR274W,YPR060C,0,0.009559178,0.0828084871172905,0.35464534163475037,0.3932393193244934
YDR405W,YNR067C,0,0.009557269,0.08278918266296387,0.35464534163475037,0.3933393359184265
YGR034W,YNR028W,0,0.009556723,0.08276987820863724,0.35464534163475037,0.3934393525123596
YKR036C,YPL007C,0,0.009553302,0.0827505812048912,0.35464534163475037,0.39353933930397034
YCR027C,YBR068C,1,0.009551037,0.08296434581279755,0.3556443452835083,0.39353933930397034
YLR380W,YHR085W,0,0.009549657,0.08294501155614853,0.3556443452835083,0.39363935589790344
YPL064C,YML036W,0,0.009546586,0.0829256922006607,0.3556443452835083,0.39373937249183655
YPR113W,YPR190C,0,0.009546361,0.08290638029575348,0.3556443452835083,0.39383938908576965
YLR314C,YPL027W,0,0.009544328,0.08288707584142685,0.3556443452835083,0.39393940567970276
YMR077C,YLR386W,0,0.009542349,0.08286778628826141,0.3556443452835083,0.3940393924713135
YKR008W,YJL060W,0,0.009541254,0.08284849673509598,0.3556443452835083,0.3941394090652466
YKL117W,YPR002W,0,0.00953901,0.08282922208309174,0.3556443452835083,0.3942394256591797
YPL064C,YGL162W,0,0.009538415,0.08280995488166809,0.3556443452835083,0.3943394422531128
YAL054C,YNL284C,0,0.009534749,0.08279069513082504,0.3556443452835083,0.3944394290447235
YCL024W,YJL178C,0,0.009531625,0.08277145028114319,0.3556443452835083,0.3945394456386566
YPR191W,YCR026C,0,0.009530409,0.08275220543146133,0.3556443452835083,0.3946394622325897
YGR169C,YNL050C,0,0.009530098,0.08273297548294067,0.3556443452835083,0.3947394788265228
YLR145W,YOR180C,0,0.009526548,0.08271375298500061,0.3556443452835083,0.39483949542045593
YGL233W,YER019C-A,0,0.009523403,0.08269453793764114,0.3556443452835083,0.39493948221206665
YOL057W,YOR098C,0,0.009522373,0.08267533779144287,0.3556443452835083,0.39503949880599976
YPR111W,YPL134C,0,0.009517841,0.0826561376452446,0.3556443452835083,0.39513951539993286
YHR012W,YJR031C,0,0.00950814,0.08263695240020752,0.3556443452835083,0.39523953199386597
YHR214C-B,YOR098C,0,0.009507364,0.08261777460575104,0.3556443452835083,0.3953395485877991
YDR144C,YJR057W,0,0.009506278,0.08259860426187515,0.3556443452835083,0.3954395353794098
YDR492W,YDR081C,0,0.0095037585,0.08257944881916046,0.3556443452835083,0.3955395519733429
YPL098C,YBL068W,0,0.009496234,0.08256029337644577,0.3556443452835083,0.395639568567276
YPL163C,YMR273C,0,0.009494552,0.08254115283489227,0.3556443452835083,0.3957395851612091
YBR170C,YFR019W,0,0.009493221,0.08252201974391937,0.3556443452835083,0.3958395719528198
YLR383W,YBR129C,0,0.009489701,0.08250289410352707,0.3556443452835083,0.39593958854675293
YJL011C,YJR140C,0,0.009489598,0.08248378336429596,0.3556443452835083,0.39603960514068604
YDR512C,YGR252W,0,0.009488074,0.08246467262506485,0.3556443452835083,0.39613962173461914
YOR126C,YEL037C,0,0.009485565,0.08244557678699493,0.3556443452835083,0.39623963832855225
YCL074W,YKL022C,0,0.0094779255,0.08242648839950562,0.3556443452835083,0.39633962512016296
YPR011C,YDR285W,0,0.00947579,0.0824074074625969,0.3556443452835083,0.39643964171409607
YHR132C,YFL014W,0,0.009467286,0.08238833397626877,0.3556443452835083,0.3965396583080292
YBR095C,YDR444W,0,0.0094625205,0.08236927539110184,0.3556443452835083,0.3966396749019623
YAL024C,YOR324C,0,0.009460223,0.0823502168059349,0.3556443452835083,0.396739661693573
YBR223C,YPL167C,0,0.009459482,0.08233117312192917,0.3556443452835083,0.3968396782875061
YHR135C,YKL015W,0,0.0094593745,0.08231213688850403,0.3556443452835083,0.3969396948814392
YMR270C,YGL071W,0,0.00945836,0.08229310810565948,0.3556443452835083,0.3970397114753723
YJR036C,YDR164C,0,0.009452264,0.08227409422397614,0.3556443452835083,0.3971397280693054
YGR084C,YAR031W,0,0.009452237,0.08225508034229279,0.3556443452835083,0.39723971486091614
YIL132C,YHR058C,0,0.009449264,0.08223608136177063,0.3556443452835083,0.39733973145484924
YJR053W,YNL080C,0,0.009447702,0.08221708983182907,0.3556443452835083,0.39743974804878235
YDR263C,YKL186C,0,0.0094438745,0.08219810575246811,0.3556443452835083,0.39753976464271545
YPR072W,YCR093W,0,0.009440387,0.08217912912368774,0.3556443452835083,0.39763975143432617
YOR176W,YEL022W,0,0.009439245,0.08216016739606857,0.3556443452835083,0.3977397680282593
YDR254W,YNL121C,0,0.009437765,0.0821412056684494,0.3556443452835083,0.3978397846221924
YOR054C,YOL101C,0,0.009432934,0.08212225884199142,0.3556443452835083,0.3979398012161255
YOL155C,YLR278C,0,0.009429344,0.08210331946611404,0.3556443452835083,0.3980398178100586
YDR410C,YGL241W,0,0.009429077,0.08208438754081726,0.3556443452835083,0.3981398046016693
YPL131W,YIL177C,0,0.009426249,0.08206547051668167,0.3556443452835083,0.3982398211956024
YKR008W,YBR187W,0,0.009425225,0.08204655349254608,0.3556443452835083,0.3983398377895355
YKR069W,YGL004C,0,0.009421673,0.08202765136957169,0.3556443452835083,0.39843985438346863
YKL067W,YJL006C,0,0.009421165,0.08200875669717789,0.3556443452835083,0.39853984117507935
YCL025C,YER137C,0,0.009419501,0.08198986947536469,0.3556443452835083,0.39863985776901245
YMR097C,YKL166C,0,0.009416098,0.08197098970413208,0.3556443452835083,0.39873987436294556
YOR148C,YBR115C,0,0.009415186,0.08195211738348007,0.3556443452835083,0.39883989095687866
YJL034W,YPR001W,0,0.009414929,0.08193325996398926,0.3556443452835083,0.39893990755081177
YOR348C,YNL270C,1,0.009413755,0.08214449882507324,0.35664334893226624,0.39893990755081177
YOR297C,YJL213W,0,0.009412639,0.08212560415267944,0.35664334893226624,0.3990398943424225
YLR129W,YML052W,0,0.009411661,0.08210671693086624,0.35664334893226624,0.3991399109363556
YNL050C,YER145C,0,0.0094099445,0.08208783715963364,0.35664334893226624,0.3992399275302887
YPL276W,YPL167C,0,0.009407357,0.08206896483898163,0.35664334893226624,0.3993399441242218
YJL117W,YNL078W,0,0.009406852,0.08205009996891022,0.35664334893226624,0.3994399309158325
YHR211W,YMR089C,0,0.009404061,0.08203125,0.35664334893226624,0.3995399475097656
YIR025W,YEL031W,0,0.009403431,0.08201240748167038,0.35664334893226624,0.39963996410369873
YBR187W,YPL011C,0,0.009401779,0.08199357241392136,0.35664334893226624,0.39973998069763184
YKR039W,YBR068C,1,0.009401779,0.08220436424016953,0.35764235258102417,0.39973998069763184
YGR191W,YNL270C,1,0.009400207,0.08241505920886993,0.3586413562297821,0.39973998069763184
YGL212W,YKL165C,0,0.009394481,0.08239614218473434,0.3586413562297821,0.39983999729156494
YGR081C,YIR005W,0,0.009391073,0.08237724006175995,0.3586413562297821,0.39993998408317566
YBL005W-B,YDR392W,0,0.0093898,0.08235833793878555,0.3586413562297821,0.40004000067710876
YPR167C,YLR165C,0,0.009384377,0.08233945071697235,0.3586413562297821,0.40014001727104187
YNL160W,YDR140W,0,0.009382595,0.08232057094573975,0.3586413562297821,0.400240033864975
YGR020C,YGL004C,0,0.009381124,0.08230169862508774,0.3586413562297821,0.4003400206565857
YBR141C,YER019C-A,0,0.00937502,0.08228283375501633,0.3586413562297821,0.4004400372505188
YHR004C,YGR216C,0,0.009373058,0.08226397633552551,0.3586413562297821,0.4005400538444519
YNL283C,YKL186C,0,0.009368725,0.08224513381719589,0.3586413562297821,0.400640070438385
YGR191W,YKL146W,1,0.009368689,0.0824553370475769,0.35964035987854004,0.400640070438385
YDR405W,YDR195W,0,0.0093679195,0.0824364572763443,0.35964035987854004,0.4007400870323181
YPL218W,YMR308C,0,0.009360895,0.08241758495569229,0.35964035987854004,0.40084007382392883
YJR057W,YCR002C,0,0.0093566505,0.08239872008562088,0.35964035987854004,0.40094009041786194
YJR138W,YPR080W,0,0.0093560135,0.08237986266613007,0.35964035987854004,0.40104010701179504
YBR020W,YNL121C,0,0.00935559,0.08236101269721985,0.35964035987854004,0.40114012360572815
YHR069C,YJL030W,0,0.009355426,0.08234217762947083,0.35964035987854004,0.40124011039733887
YNL102W,YFR036W,0,0.009355347,0.0823233500123024,0.35964035987854004,0.401340126991272
YOR106W,YOR126C,0,0.009354405,0.08230452984571457,0.35964035987854004,0.4014401435852051
YOR291W,YBR196C,0,0.009347055,0.08228571712970734,0.35964035987854004,0.4015401601791382
YDR164C,YFL054C,0,0.009346596,0.0822669118642807,0.35964035987854004,0.4016401767730713
YGL256W,YPL096W,0,0.009341635,0.08224811404943466,0.35964035987854004,0.401740163564682
YDR310C,YIL133C,0,0.009337734,0.08222933113574982,0.35964035987854004,0.4018401801586151
YKL201C,YPR043W,0,0.009337726,0.08221054822206497,0.35964035987854004,0.4019401967525482
YGL113W,YER019C-A,0,0.009331522,0.08219178020954132,0.35964035987854004,0.4020402133464813
YOR237W,YDL047W,0,0.009324475,0.08217301964759827,0.35964035987854004,0.40214020013809204
YDR454C,YLR157C,0,0.009320843,0.08215426653623581,0.35964035987854004,0.40224021673202515
YBL011W,YIL170W,0,0.009320525,0.08213552087545395,0.35964035987854004,0.40234023332595825
YDR378C,YAL022C,0,0.009319575,0.08211679011583328,0.35964035987854004,0.40244024991989136
YBR195C,YNL231C,0,0.009317132,0.08209805935621262,0.35964035987854004,0.40254026651382446
YKR069W,YOR180C,0,0.009310242,0.08207934349775314,0.35964035987854004,0.4026402533054352
YGL236C,YNL259C,0,0.009307796,0.08206063508987427,0.35964035987854004,0.4027402698993683
YPR011C,YPL244C,0,0.009305533,0.08204193413257599,0.35964035987854004,0.4028402864933014
YNL182C,YPL065W,0,0.00930275,0.0820232406258583,0.35964035987854004,0.4029403030872345
YKL165C,YPL274W,0,0.009301282,0.08200455456972122,0.35964035987854004,0.4030402898788452
YPL127C,YDL140C,0,0.009299002,0.08198588341474533,0.35964035987854004,0.4031403064727783
YMR227C,YPL163C,0,0.009297583,0.08196721225976944,0.35964035987854004,0.4032403230667114
YKR055W,YOR285W,0,0.009293614,0.08194855600595474,0.35964035987854004,0.40334033966064453
YDR160W,YMR088C,1,0.0092909625,0.08215748518705368,0.360639363527298,0.40334033966064453
YBR150C,YBR281C,0,0.0092879515,0.082138791680336,0.360639363527298,0.40344035625457764
YEL062W,YNR015W,0,0.009282105,0.08212010562419891,0.360639363527298,0.40354034304618835
YMR168C,YJR036C,0,0.009277765,0.08210143446922302,0.360639363527298,0.40364035964012146
YLR425W,YPL223C,0,0.0092773875,0.08208276331424713,0.360639363527298,0.40374037623405457
YDL217C,YPL139C,0,0.009277191,0.08206410706043243,0.360639363527298,0.40384039282798767
YER050C,YDL039C,0,0.009274298,0.08204545825719833,0.360639363527298,0.4039403796195984
YJL030W,YBR037C,0,0.009272406,0.08202680945396423,0.360639363527298,0.4040403962135315
YMR276W,YNL182C,0,0.0092698485,0.08200817555189133,0.360639363527298,0.4041404128074646
YGR225W,YNL273W,0,0.00926825,0.08198954910039902,0.360639363527298,0.4042404294013977
YPL180W,YML030W,0,0.009266008,0.0819709375500679,0.360639363527298,0.4043404459953308
YLR404W,YKL096W-A,0,0.009260752,0.08195232599973679,0.360639363527298,0.40444043278694153
YHR047C,YLR183C,0,0.009259419,0.08193372935056686,0.360639363527298,0.40454044938087463
YDL197C,YNR021W,0,0.00925847,0.08191513270139694,0.360639363527298,0.40464046597480774
YJL011C,YGR171C,0,0.009257656,0.08189655095338821,0.360639363527298,0.40474048256874084
YJL144W,YBL085W,0,0.009256378,0.08187797665596008,0.360639363527298,0.40484046936035156
YOR147W,YBR067C,0,0.009253956,0.08185940980911255,0.360639363527298,0.40494048595428467
YDR498C,YHR082C,0,0.009248065,0.08184085041284561,0.360639363527298,0.4050405025482178
YDR454C,YOL062C,0,0.009245597,0.08182230591773987,0.360639363527298,0.4051405191421509
YDR337W,YKL124W,0,0.009243338,0.08180376142263412,0.360639363527298,0.405240535736084
YDR285W,YLR113W,0,0.009242461,0.08178523182868958,0.360639363527298,0.4053405225276947
YHR060W,YDR508C,0,0.009239283,0.08176670223474503,0.360639363527298,0.4054405391216278
YIL135C,YLL061W,0,0.009236075,0.08174818754196167,0.360639363527298,0.4055405557155609
YOL104C,YIL133C,0,0.009235857,0.08172968029975891,0.360639363527298,0.405640572309494
YOR323C,YGR072W,0,0.009232372,0.08171118050813675,0.360639363527298,0.4057405889034271
YHL036W,YDR508C,1,0.009228094,0.08191898465156555,0.3616383671760559,0.4057405889034271
YHR175W,YGL163C,0,0.009227828,0.081900455057621,0.3616383671760559,0.40584057569503784
YJL103C,YGR084C,0,0.009227414,0.08188192546367645,0.3616383671760559,0.40594059228897095
YKL020C,YNL122C,0,0.009227256,0.0818634107708931,0.3616383671760559,0.40604060888290405
YOR292C,YLR163C,0,0.009223229,0.08184490352869034,0.3616383671760559,0.40614062547683716
YGL083W,YBR195C,0,0.0092210425,0.08182640373706818,0.3616383671760559,0.4062406122684479
YDL121C,YJR083C,0,0.009220807,0.08180791139602661,0.3616383671760559,0.406340628862381
YMR078C,YNL016W,0,0.009218695,0.08178942650556564,0.3616383671760559,0.4064406454563141
YKL117W,YNR021W,0,0.009218421,0.08177094906568527,0.3616383671760559,0.4065406620502472
YOL112W,YFR019W,0,0.009217396,0.0817524865269661,0.3616383671760559,0.4066406786441803
YFL055W,YGL077C,1,0.009216539,0.0819598138332367,0.36263737082481384,0.4066406786441803
YOR378W,YNL178W,0,0.009205329,0.08194130659103394,0.36263737082481384,0.406740665435791
YDR046C,YEL064C,1,0.009204946,0.08214849978685379,0.3636363744735718,0.406740665435791
YML032C,YLR301W,0,0.009204176,0.08212996274232864,0.3636363744735718,0.4068406820297241
YNL271C,YOR054C,0,0.00920322,0.08211144059896469,0.3636363744735718,0.4069406986236572
YOL010W,YDR304C,0,0.009197582,0.08209291845560074,0.3636363744735718,0.40704071521759033
YLR440C,YFL048C,0,0.009193203,0.08207441121339798,0.3636363744735718,0.40714070200920105
YMR112C,YER154W,0,0.009189174,0.08205590397119522,0.3636363744735718,0.40724071860313416
YLR026C,YGR027C,0,0.009186421,0.08203741163015366,0.3636363744735718,0.40734073519706726
YNL117W,YOR317W,0,0.009186365,0.08201892673969269,0.3636363744735718,0.40744075179100037
YDL217C,YPL064C,0,0.009185983,0.08200044929981232,0.3636363744735718,0.40754076838493347
YDR146C,YJL081C,0,0.009184603,0.08198197931051254,0.3636363744735718,0.4076407551765442
YIL080W,YNL026W,0,0.009184503,0.08196352422237396,0.3636363744735718,0.4077407717704773
YOL102C,YGR199W,0,0.0091838,0.08194506913423538,0.3636363744735718,0.4078407883644104
YOR148C,YML036W,0,0.009182638,0.081926628947258,0.3636363744735718,0.4079408049583435
YCR014C,YNR017W,0,0.009179992,0.08190818876028061,0.3636363744735718,0.4080407917499542
YBR020W,YKL144C,0,0.00917889,0.08188976347446442,0.3636363744735718,0.40814080834388733
YDR254W,YML099C,0,0.009178005,0.08187134563922882,0.3636363744735718,0.40824082493782043
YDR170C,YBR061C,0,0.009177316,0.08185293525457382,0.3636363744735718,0.40834084153175354
YNL008C,YPR187W,0,0.009176184,0.08183453232049942,0.3636363744735718,0.40844085812568665
YPL099C,YJL128C,0,0.009174259,0.08181613683700562,0.3636363744735718,0.40854084491729736
YKL176C,YNR056C,1,0.0091734445,0.08202247321605682,0.3646353781223297,0.40854084491729736
YCR060W,YMR213W,0,0.009168267,0.08200404047966003,0.3646353781223297,0.40864086151123047
YER185W,YMR065W,0,0.009162433,0.08198562264442444,0.3646353781223297,0.4087408781051636
YGL183C,YGL241W,0,0.0091607375,0.08196721225976944,0.3646353781223297,0.4088408946990967
YGL094C,YNL281W,0,0.009153918,0.08194880932569504,0.3646353781223297,0.4089408814907074
YGL163C,YIL048W,0,0.009150416,0.08193041384220123,0.3646353781223297,0.4090408980846405
YPL167C,YDR207C,0,0.009147658,0.08191202580928802,0.3646353781223297,0.4091409146785736
YDL029W,YKL041W,0,0.009141195,0.08189365267753601,0.3646353781223297,0.4092409312725067
YHR209W,YGL060W,0,0.00913654,0.081875279545784,0.3646353781223297,0.4093409478664398
YOR071C,YGR221C,0,0.009134545,0.08185692131519318,0.3646353781223297,0.40944093465805054
YDL212W,YPL265W,1,0.009134079,0.08206278085708618,0.36563435196876526,0.40944093465805054
YNR056C,YBR132C,1,0.009130675,0.08226855099201202,0.3666333556175232,0.40944093465805054
YNL085W,YCL025C,0,0.009129212,0.08225011080503464,0.3666333556175232,0.40954095125198364
YMR145C,YGR089W,0,0.009128389,0.08223168551921844,0.3666333556175232,0.40964096784591675
YCL074W,YER104W,0,0.009128009,0.08221326023340225,0.3666333556175232,0.40974098443984985
YMR241W,YMR054W,0,0.009126822,0.08219484984874725,0.3666333556175232,0.40984097123146057
YGR179C,YHR051W,0,0.009125289,0.08217644691467285,0.3666333556175232,0.4099409878253937
YDR076W,YHR174W,0,0.009124615,0.08215805143117905,0.3666333556175232,0.4100410044193268
YDR160W,YKR039W,1,0.009121891,0.08236347138881683,0.36763235926628113,0.4100410044193268
YOR206W,YPL200W,0,0.009120279,0.08234504610300064,0.36763235926628113,0.4101410210132599
YDR090C,YAL063C,0,0.009119991,0.08232662081718445,0.36763235926628113,0.410241037607193
YPL218W,YMR270C,0,0.009118784,0.08230821043252945,0.36763235926628113,0.4103410243988037
YPL151C,YGL212W,0,0.009118702,0.08228980004787445,0.36763235926628113,0.4104410409927368
YCL043C,YNR010W,0,0.009113456,0.08227140456438065,0.36763235926628113,0.4105410575866699
YDL206W,YEL022W,0,0.009110692,0.08225301653146744,0.36763235926628113,0.410641074180603
YKL009W,YDL128W,0,0.00910826,0.08223463594913483,0.36763235926628113,0.41074106097221375
YNR056C,YCL025C,1,0.009108093,0.08243967592716217,0.36863136291503906,0.41074106097221375
YJL144W,YNL259C,0,0.0091074295,0.08242126554250717,0.36863136291503906,0.41084107756614685
YCL004W,YNL080C,0,0.009104616,0.08240285515785217,0.36863136291503906,0.41094109416007996
YKL166C,YMR200W,0,0.009104573,0.08238445967435837,0.36863136291503906,0.41104111075401306
YDR160W,YER119C,1,0.009098613,0.0825892835855484,0.369630366563797,0.41104111075401306
YER162C,YGL256W,0,0.009092656,0.08257085829973221,0.369630366563797,0.41114112734794617
YNL270C,YIL088C,1,0.0090880515,0.0827755481004715,0.37062937021255493,0.41114112734794617
YDR151C,YBR074W,0,0.009084986,0.08275708556175232,0.37062937021255493,0.4112411141395569
YNR004W,YNL026W,0,0.009082909,0.08273862302303314,0.37062937021255493,0.41134113073349
YOR348C,YKL174C,1,0.009081166,0.0829431414604187,0.37162837386131287,0.41134113073349
YLL051C,YLR452C,0,0.009080077,0.08292465656995773,0.37162837386131287,0.4114411473274231
YGR169C,YOR126C,0,0.009079952,0.08290617167949677,0.37162837386131287,0.4115411639213562
YBR080C,YDL024C,0,0.009078034,0.08288770169019699,0.37162837386131287,0.4116411507129669
YBR120C,YJR026W,0,0.009074736,0.08286923915147781,0.37162837386131287,0.4117411673069
YLR165C,YOL101C,0,0.00907372,0.08285077661275864,0.37162837386131287,0.41184118390083313
YBR067C,YJL124C,0,0.009072717,0.08283232897520065,0.37162837386131287,0.41194120049476624
YKL176C,YCL025C,1,0.009067707,0.08303651213645935,0.3726273775100708,0.41194120049476624
YGL203C,YNR010W,0,0.009064914,0.08301802724599838,0.3726273775100708,0.41204121708869934
YJR147W,YIL159W,0,0.009059466,0.08299955725669861,0.3726273775100708,0.41214120388031006
YNL101W,YNL065W,1,0.009057108,0.08320356160402298,0.37362638115882874,0.41214120388031006
YBL058W,YNL262W,0,0.009055919,0.08318505436182022,0.37362638115882874,0.41224122047424316
YDR306C,YOR279C,0,0.009053322,0.08316655457019806,0.37362638115882874,0.41234123706817627
YLR024C,YLR209C,0,0.00904872,0.0831480622291565,0.37362638115882874,0.4124412536621094
YBR069C,YCL038C,1,0.009047954,0.08335185796022415,0.37462538480758667,0.4124412536621094
YDR046C,YPR021C,1,0.009037229,0.08355555683374405,0.3756243884563446,0.4124412536621094
YPR083W,YJL095W,0,0.00902819,0.08353698998689651,0.3756243884563446,0.4125412404537201
YMR295C,YGL030W,0,0.009024837,0.08351843804121017,0.3756243884563446,0.4126412570476532
YDR046C,YLL055W,1,0.009020335,0.08372196555137634,0.37662336230278015,0.4126412570476532
YDR034C,YFL054C,0,0.009019819,0.08370337635278702,0.37662336230278015,0.4127412736415863
YNL270C,YEL064C,1,0.009018008,0.08390676975250244,0.3776223659515381,0.4127412736415863
YMR032W,YOR351C,0,0.009012308,0.08388815075159073,0.3776223659515381,0.4128412902355194
YER013W,YMR159C,0,0.009005118,0.08386953920125961,0.3776223659515381,0.4129413068294525
YMR146C,YOR147W,0,0.009003931,0.0838509351015091,0.3776223659515381,0.41304129362106323
YDL212W,YCL025C,1,0.009002221,0.08405411243438721,0.378621369600296,0.41304129362106323
YBR247C,YPL180W,0,0.0090002,0.0840354785323143,0.378621369600296,0.41314131021499634
YIL061C,YDR076W,0,0.008997296,0.0840168446302414,0.378621369600296,0.41324132680892944
YCR046C,YIR032C,0,0.008994669,0.08399822562932968,0.378621369600296,0.41334134340286255
YDR131C,YKL130C,0,0.008990215,0.08397961407899857,0.378621369600296,0.41344133019447327
YGL209W,YLR213C,0,0.00898849,0.08396100997924805,0.378621369600296,0.41354134678840637
YFL010W-A,YPR021C,1,0.008986579,0.08416389673948288,0.37962037324905396,0.41354134678840637
YBR069C,YPL265W,1,0.008982788,0.08436669409275055,0.3806193768978119,0.41354134678840637
YML071C,YMR090W,0,0.00898028,0.08434801548719406,0.3806193768978119,0.4136413633823395
YJL114W,YHL027W,0,0.00897446,0.08432935178279877,0.3806193768978119,0.4137413799762726
YHR156C,YBR173C,0,0.008973959,0.08431068807840347,0.3806193768978119,0.4138413965702057
YDR026C,YDR461W,0,0.008970491,0.08429203182458878,0.3806193768978119,0.4139413833618164
YDL212W,YOR348C,1,0.008968664,0.08449458330869675,0.3816183805465698,0.4139413833618164
YKL119C,YDL140C,0,0.008962495,0.08447589725255966,0.3816183805465698,0.4140413999557495
YKR057W,YBL098W,0,0.008960161,0.08445721864700317,0.3816183805465698,0.4141414165496826
YGL200C,YFR001W,0,0.008957046,0.08443854749202728,0.3816183805465698,0.4142414331436157
YNL127W,YDL015C,0,0.00895242,0.08441989123821259,0.3816183805465698,0.41434141993522644
YNL010W,YLR141W,0,0.008942404,0.08440123498439789,0.3816183805465698,0.41444143652915955
YNL282W,YLR160C,0,0.008937845,0.08438259363174438,0.3816183805465698,0.41454145312309265
YKL096W-A,YNL290W,0,0.0089360075,0.08436395972967148,0.3816183805465698,0.41464146971702576
YDR072C,YFL013C,0,0.008931934,0.08434533327817917,0.3816183805465698,0.41474148631095886
YHR175W,YFR001W,0,0.008927697,0.08432671427726746,0.3816183805465698,0.4148414731025696
YER103W,YDL128W,0,0.008926667,0.08430810272693634,0.3816183805465698,0.4149414896965027
YFL055W,YEL064C,1,0.0089262035,0.08451014757156372,0.38261738419532776,0.4149414896965027
YHR030C,YER050C,0,0.008922222,0.08449150621891022,0.38261738419532776,0.4150415062904358
YGL068W,YGL259W,0,0.008920401,0.08447287231683731,0.38261738419532776,0.4151415228843689
YNL281W,YDL047W,0,0.008917623,0.084454245865345,0.38261738419532776,0.4152415096759796
YDR059C,YKL186C,0,0.008914665,0.08443562686443329,0.38261738419532776,0.4153415262699127
YJL081C,YBR072W,0,0.008911565,0.08441701531410217,0.38261738419532776,0.4154415428638458
YDR285W,YNL262W,0,0.008907842,0.08439841121435165,0.38261738419532776,0.41554155945777893
YDR304C,YMR075W,0,0.008907615,0.08437982201576233,0.38261738419532776,0.41564157605171204
YOL142W,YPL078C,0,0.008904904,0.084361232817173,0.38261738419532776,0.41574156284332275
YPL151C,YLL041C,0,0.00890349,0.08434265851974487,0.38261738419532776,0.41584157943725586
YIR025W,YLR141W,0,0.008902476,0.08432408422231674,0.38261738419532776,0.41594159603118896
YDR449C,YFL017W-A,0,0.008901509,0.0843055248260498,0.38261738419532776,0.41604161262512207
YOR274W,YDL215C,0,0.008897762,0.08428697288036346,0.38261738419532776,0.4161415994167328
YDR518W,YGL212W,0,0.008896946,0.08426842838525772,0.38261738419532776,0.4162416160106659
YNL079C,YMR210W,0,0.008881898,0.08424989134073257,0.38261738419532776,0.416341632604599
YFR013W,YFL066C,0,0.008880706,0.08423136174678802,0.38261738419532776,0.4164416491985321
YPR204W,YLR350W,0,0.008879972,0.08421283960342407,0.38261738419532776,0.4165416657924652
YNR056C,YEL063C,1,0.008878591,0.08441415429115295,0.3836163878440857,0.4165416657924652
YJL172W,YLR026C,0,0.008871347,0.08439560234546661,0.3836163878440857,0.4166416525840759
YGL112C,YKL007W,0,0.008870864,0.08437705785036087,0.3836163878440857,0.41674166917800903
YBR195C,YDR081C,0,0.0088655,0.08435852080583572,0.3836163878440857,0.41684168577194214
YOR237W,YPL167C,0,0.008863531,0.08433999866247177,0.3836163878440857,0.41694170236587524
YDR109C,YOR085W,0,0.0088624,0.08432147651910782,0.3836163878440857,0.41704171895980835
YGL200C,YCL052C,0,0.008862387,0.08430296182632446,0.3836163878440857,0.41714170575141907
YKR068C,YKL015W,0,0.008861705,0.0842844620347023,0.3836163878440857,0.4172417223453522
YDR306C,YOR311C,0,0.00886085,0.08426596224308014,0.3836163878440857,0.4173417389392853
YBL089W,YLL055W,1,0.008857313,0.08446687459945679,0.38461539149284363,0.4173417389392853
YJR051W,YPR171W,0,0.00885686,0.08444834500551224,0.38461539149284363,0.4174417555332184
YPR026W,YDR304C,0,0.008854948,0.08442982286214828,0.38461539149284363,0.4175417423248291
YGR179C,YBR145W,0,0.008850345,0.08441131561994553,0.38461539149284363,0.4176417589187622
YBR115C,YGR222W,0,0.008847242,0.08439280837774277,0.38461539149284363,0.4177417755126953
YDR351W,YMR112C,0,0.00884373,0.0843743160367012,0.38461539149284363,0.4178417921066284
YMR005W,YOR219C,0,0.00883992,0.08435583114624023,0.38461539149284363,0.4179418087005615
YPR111W,YEL036C,0,0.008837714,0.08433734625577927,0.38461539149284363,0.41804179549217224
YML028W,YLR224W,0,0.008833563,0.08431887626647949,0.38461539149284363,0.41814181208610535
YAL063C,YFR045W,0,0.008832319,0.08430041372776031,0.38461539149284363,0.41824182868003845
YLR404W,YAL039C,0,0.008829197,0.08428195863962173,0.38461539149284363,0.41834184527397156
YLR005W,YLL017W,0,0.008825484,0.08426351845264435,0.38461539149284363,0.4184418320655823
YOR297C,YNL027W,0,0.008822193,0.08424507826566696,0.38461539149284363,0.4185418486595154
YBR066C,YOL043C,0,0.008820067,0.08422664552927017,0.38461539149284363,0.4186418652534485
YKL161C,YHR085W,0,0.008817296,0.08420822769403458,0.38461539149284363,0.4187418818473816
YMR227C,YIR032C,0,0.008814487,0.08418980985879898,0.38461539149284363,0.4188418984413147
YGR155W,YNL284C,0,0.008810755,0.08417140692472458,0.38461539149284363,0.4189418852329254
YKR039W,YNL270C,1,0.00880759,0.08437158167362213,0.38561439514160156,0.4189418852329254
YDR164C,YOR294W,0,0.008807249,0.08435314893722534,0.38561439514160156,0.4190419018268585
YPR001W,YHR156C,0,0.008806825,0.08433471620082855,0.38561439514160156,0.4191419184207916
YOR327C,YHR168W,0,0.008806666,0.08431629836559296,0.38561439514160156,0.41924193501472473
YKR071C,YNL095C,0,0.008802414,0.08429788053035736,0.38561439514160156,0.41934192180633545
YCL025C,YGL077C,1,0.00880206,0.08449781686067581,0.3866133987903595,0.41934192180633545
YGR177C,YGL216W,0,0.008801706,0.08447936922311783,0.3866133987903595,0.41944193840026855
YDL210W,YGL077C,1,0.0087975105,0.08467917889356613,0.38761240243911743,0.41944193840026855
YMR186W,YLR270W,0,0.008789866,0.08466070145368576,0.38761240243911743,0.41954195499420166
YDR196C,YIL048W,0,0.008788637,0.08464223146438599,0.38761240243911743,0.41964197158813477
YFR045W,YOL102C,0,0.008786565,0.0846237763762474,0.38761240243911743,0.41974198818206787
YOL057W,YOR311C,0,0.008786082,0.08460532128810883,0.38761240243911743,0.4198419749736786
YAL024C,YPR001W,0,0.008783313,0.08458687365055084,0.38761240243911743,0.4199419915676117
YLR404W,YDR151C,0,0.0087830555,0.08456844091415405,0.38761240243911743,0.4200420081615448
YMR112C,YKL020C,0,0.008782819,0.08455000817775726,0.38761240243911743,0.4201420247554779
YLL051C,YDR254W,0,0.008782018,0.08453159034252167,0.38761240243911743,0.4202420115470886
YPL167C,YMR034C,0,0.008777861,0.08451317995786667,0.38761240243911743,0.42034202814102173
YCL074W,YER168C,0,0.00877448,0.08449477702379227,0.38761240243911743,0.42044204473495483
YLR314C,YOR324C,0,0.008770644,0.08447637408971786,0.38761240243911743,0.42054206132888794
YNL261W,YDR444W,0,0.008770126,0.08445798605680466,0.38761240243911743,0.42064207792282104
YCL043C,YGR179C,0,0.008769939,0.08443960547447205,0.38761240243911743,0.42074206471443176
YJL140W,YJL082W,0,0.0087634465,0.08442123234272003,0.38761240243911743,0.42084208130836487
YBR261C,YKR020W,0,0.008761028,0.08440287411212921,0.38761240243911743,0.420942097902298
YIL139C,YLR033W,0,0.008759259,0.08438451588153839,0.38761240243911743,0.4210421144962311
YLR321C,YFR052W,0,0.008758208,0.08436616510152817,0.38761240243911743,0.4211421012878418
YLL055W,YPR021C,1,0.008755824,0.08456521481275558,0.388611376285553,0.4211421012878418
YLR153C,YJR063W,0,0.008753005,0.08454683423042297,0.388611376285553,0.4212421178817749
YNL026W,YLR042C,0,0.008750672,0.08452846854925156,0.388611376285553,0.421342134475708
YKR103W,YJL006C,0,0.008749188,0.08451010286808014,0.388611376285553,0.4214421510696411
YCR014C,YLR153C,0,0.008748907,0.08449174463748932,0.388611376285553,0.4215421676635742
YNR056C,YFL055W,1,0.008748907,0.08469055593013763,0.3896103799343109,0.4215421676635742
YDR494W,YAL029C,0,0.008747997,0.08467216789722443,0.3896103799343109,0.42164215445518494
YDR383C,YDL024C,0,0.00874784,0.08465378731489182,0.3896103799343109,0.42174217104911804
YBR069C,YPR021C,1,0.008746591,0.0848524272441864,0.39060938358306885,0.42174217104911804
YCR093W,YIL006W,0,0.008743318,0.0848340168595314,0.39060938358306885,0.42184218764305115
YDL217C,YCR002C,0,0.008735222,0.0848156213760376,0.39060938358306885,0.42194220423698425
YEL053C,YPL147W,0,0.008734849,0.08479722589254379,0.39060938358306885,0.42204219102859497
YDL179W,YER145C,0,0.008731069,0.08477883785963058,0.39060938358306885,0.4221422076225281
YAL040C,YKL124W,0,0.008729005,0.08476045727729797,0.39060938358306885,0.4222422242164612
YHR174W,YOL108C,0,0.008726922,0.08474209159612656,0.39060938358306885,0.4223422408103943
YER103W,YHR059W,0,0.008726539,0.08472372591495514,0.39060938358306885,0.4224422574043274
YPL078C,YDR260C,0,0.008718375,0.08470537513494492,0.39060938358306885,0.4225422441959381
YEL022W,YDL245C,0,0.008713946,0.08468702435493469,0.39060938358306885,0.4226422607898712
YLR305C,YOR123C,0,0.008711808,0.08466868847608566,0.39060938358306885,0.4227422773838043
YMR272C,YHR008C,0,0.008710647,0.08465036004781723,0.39060938358306885,0.4228422939777374
YBR081C,YER002W,0,0.008707375,0.0846320316195488,0.39060938358306885,0.42294228076934814
YDL227C,YOR215C,0,0.00870621,0.08461371809244156,0.39060938358306885,0.42304229736328125
YLL043W,YGR027C,0,0.008703622,0.08459541201591492,0.39060938358306885,0.42314231395721436
YJR119C,YKL168C,0,0.008701261,0.08457711338996887,0.39060938358306885,0.42324233055114746
YIL046W,YFL017W-A,0,0.008699587,0.08455882221460342,0.39060938358306885,0.42334234714508057
YDL140C,YMR186W,0,0.008695492,0.08454053848981857,0.39060938358306885,0.4234423339366913
YNL080C,YML132W,0,0.008694119,0.08452226221561432,0.39060938358306885,0.4235423505306244
YKL090W,YLR153C,0,0.008684951,0.08450400084257126,0.39060938358306885,0.4236423671245575
YGL094C,YBL092W,0,0.008680478,0.0844857394695282,0.39060938358306885,0.4237423837184906
YPL082C,YKL074C,0,0.008676737,0.08446748554706573,0.39060938358306885,0.4238423705101013
YGR034W,YNL259C,0,0.008674464,0.08444924652576447,0.39060938358306885,0.4239423871040344
YGL014W,YNL138W,0,0.008674329,0.0844310075044632,0.39060938358306885,0.42404240369796753
YDL210W,YEL062W,1,0.008671103,0.08462867140769958,0.3916083872318268,0.42404240369796753
YGR105W,YLR073C,0,0.008669902,0.08461040258407593,0.3916083872318268,0.42414242029190063
YDL121C,YDR151C,0,0.008667382,0.08459214866161346,0.3916083872318268,0.42424243688583374
YFL010W-A,YGL077C,1,0.008666087,0.08478964120149612,0.3926073908805847,0.42424243688583374
YLL029W,YLR141W,0,0.008664825,0.08477135747671127,0.3926073908805847,0.42434242367744446
YNL261W,YBL005W-B,0,0.0086605055,0.08475307375192642,0.3926073908805847,0.42444244027137756
YPL110C,YNL016W,0,0.008658091,0.08473479747772217,0.3926073908805847,0.42454245686531067
YMR200W,YDR470C,0,0.008656846,0.08471653610467911,0.3926073908805847,0.4246424734592438
YIL142W,YPL147W,0,0.0086540235,0.08469827473163605,0.3926073908805847,0.4247424602508545
YML051W,YPL007C,0,0.008649643,0.08468002825975418,0.3926073908805847,0.4248424768447876
YOL112W,YIL142W,0,0.008648506,0.08466178178787231,0.3926073908805847,0.4249424934387207
YNL027W,YNL092W,0,0.0086464705,0.08464355021715164,0.3926073908805847,0.4250425100326538
YLL051C,YNL232W,0,0.0086452,0.08462532609701157,0.3926073908805847,0.4251425266265869
YGR180C,YGR034W,0,0.008643871,0.08460710197687149,0.3926073908805847,0.42524251341819763
YAL022C,YLR157C,0,0.0086435815,0.08458889275789261,0.3926073908805847,0.42534253001213074
YOR106W,YLR429W,0,0.008643472,0.08457069098949432,0.3926073908805847,0.42544254660606384
YIL076W,YFL054C,0,0.00864225,0.08455249667167664,0.3926073908805847,0.42554256319999695
YNL117W,YDR497C,0,0.008641445,0.08453430980443954,0.3926073908805847,0.42564254999160767
YOL165C,YJR021C,0,0.008641322,0.08451613038778305,0.3926073908805847,0.42574256658554077
YOL082W,YNR004W,0,0.00863634,0.08449795842170715,0.3926073908805847,0.4258425831794739
YDR072C,YEL056W,0,0.0086359605,0.08447979390621185,0.3926073908805847,0.425942599773407
YFR018C,YNR044W,0,0.00863514,0.08446163684129715,0.3926073908805847,0.4260426163673401
YCR014C,YIL079C,0,0.008630843,0.08444348722696304,0.3926073908805847,0.4261426031589508
YKL176C,YOR348C,1,0.008626193,0.08464017510414124,0.39360639452934265,0.4261426031589508
YFR013W,YPR187W,0,0.008625993,0.08462199568748474,0.39360639452934265,0.4262426197528839
YGR085C,YKR069W,0,0.008625977,0.08460382372140884,0.39360639452934265,0.426342636346817
YMR213W,YMR229C,0,0.008617715,0.08458565920591354,0.39360639452934265,0.4264426529407501
YOL020W,YCR075C,1,0.00861697,0.08478213846683502,0.3946053981781006,0.4264426529407501
YPR191W,YDR389W,0,0.008615576,0.08476395159959793,0.3946053981781006,0.42654263973236084
YGR264C,YIL048W,0,0.008614794,0.08474576473236084,0.3946053981781006,0.42664265632629395
YBR257W,YOR285W,0,0.008614379,0.08472758531570435,0.3946053981781006,0.42674267292022705
YLL061W,YGR142W,1,0.008611708,0.0849238708615303,0.3956044018268585,0.42674267292022705
YDL029W,YMR025W,0,0.008611228,0.08490566164255142,0.3956044018268585,0.42684268951416016
YPL259C,YMR090W,0,0.008611052,0.08488745987415314,0.3956044018268585,0.42694270610809326
YLR228C,YFR045W,0,0.008611036,0.08486926555633545,0.3956044018268585,0.427042692899704
YDL210W,YHL036W,1,0.008610454,0.08506534993648529,0.39660340547561646,0.427042692899704
YPL218W,YOL108C,0,0.00860859,0.08504712581634521,0.39660340547561646,0.4271427094936371
YBR095C,YJR101W,0,0.008608447,0.08502891659736633,0.39660340547561646,0.4272427260875702
YJR107W,YDR281C,0,0.0086081065,0.08501070737838745,0.39660340547561646,0.4273427426815033
YEL062W,YDR173C,0,0.008605469,0.08499250560998917,0.39660340547561646,0.427442729473114
YNL271C,YDR470C,0,0.008596045,0.08497431874275208,0.39660340547561646,0.4275427460670471
YNL175C,YOR085W,0,0.008595127,0.08495613187551498,0.39660340547561646,0.4276427626609802
YNL117W,YDR373W,0,0.008594842,0.08493795245885849,0.39660340547561646,0.42774277925491333
YGR179C,YDR353W,0,0.008592363,0.08491978794336319,0.39660340547561646,0.42784279584884644
YMR123W,YMR218C,0,0.008590244,0.08490162342786789,0.39660340547561646,0.42794278264045715
YOR382W,YLR321C,0,0.008586618,0.08488347381353378,0.39660340547561646,0.42804279923439026
YGR112W,YGR271W,0,0.008586573,0.08486532419919968,0.39660340547561646,0.42814281582832336
YDR090C,YGL148W,0,0.008586367,0.08484718948602676,0.39660340547561646,0.42824283242225647
YGR255C,YLL027W,0,0.0085854735,0.08482906222343445,0.39660340547561646,0.4283428490161896
YJR040W,YKL003C,0,0.008585035,0.08481093496084213,0.39660340547561646,0.4284428358078003
YPR200C,YDL097C,0,0.008583453,0.08479282259941101,0.39660340547561646,0.4285428524017334
YIL159W,YCL032W,0,0.00858161,0.08477471768856049,0.39660340547561646,0.4286428689956665
YLL051C,YJL030W,0,0.008581448,0.08475662022829056,0.39660340547561646,0.4287428855895996
YHR056C,YLR182W,0,0.008578771,0.08473853021860123,0.39660340547561646,0.4288428723812103
YFL057C,YML036W,0,0.008576678,0.0847204402089119,0.39660340547561646,0.42894288897514343
YDR160W,YNL101W,1,0.008573865,0.08491572737693787,0.3976024091243744,0.42894288897514343
YDL171C,YBR128C,0,0.008573006,0.08489760756492615,0.3976024091243744,0.42904290556907654
YML071C,YIR018W,0,0.008571944,0.08487950265407562,0.3976024091243744,0.42914292216300964
YNL236W,YIL046W,0,0.008567479,0.0848614051938057,0.3976024091243744,0.42924293875694275
YGR032W,YFL033C,0,0.008564572,0.08484331518411636,0.3976024091243744,0.42934292554855347
YBR260C,YKL201C,0,0.0085609285,0.08482523262500763,0.3976024091243744,0.4294429421424866
YJL194W,YKL170W,0,0.008557396,0.08480715751647949,0.3976024091243744,0.4295429587364197
YJR140C,YPR160W,0,0.0085558025,0.08478908985853195,0.3976024091243744,0.4296429753303528
YNL236W,YLR129W,0,0.008554577,0.08477102965116501,0.3976024091243744,0.4297429621219635
YCR027C,YBL089W,1,0.008554035,0.08496592938899994,0.3986014127731323,0.4297429621219635
YDL212W,YGR055W,1,0.008549159,0.0851607397198677,0.39960038661956787,0.4297429621219635
YBR202W,YPR125W,0,0.008547005,0.08514261245727539,0.39960038661956787,0.4298429787158966
YBR293W,YPL274W,1,0.008545457,0.08533730357885361,0.4005993902683258,0.4298429787158966
YDL024C,YGL226C-A,0,0.008542998,0.0853191465139389,0.4005993902683258,0.4299429953098297
YPL240C,YIR032C,0,0.0085426625,0.0853009968996048,0.4005993902683258,0.4300430119037628
YHR029C,YMR061W,0,0.008541822,0.08528285473585129,0.4005993902683258,0.4301430284976959
YLR394W,YJR140C,0,0.008535969,0.08526472747325897,0.4005993902683258,0.43024301528930664
YDR046C,YKL174C,1,0.008535663,0.08545918017625809,0.40159839391708374,0.43024301528930664
YMR005W,YDL047W,0,0.008534302,0.08544102311134338,0.40159839391708374,0.43034303188323975
YLL002W,YDR473C,0,0.008530289,0.08542286604642868,0.40159839391708374,0.43044304847717285
YNL282W,YBR129C,0,0.008529756,0.08540471643209457,0.40159839391708374,0.43054306507110596
YDR518W,YPL259C,0,0.008526386,0.08538657426834106,0.40159839391708374,0.4306430518627167
YDR160W,YGR142W,1,0.008525443,0.08558080345392227,0.4025973975658417,0.4306430518627167
YPL151C,YDR449C,0,0.008521099,0.08556263148784637,0.4025973975658417,0.4307430684566498
YJR101W,YER052C,0,0.008518416,0.08554446697235107,0.4025973975658417,0.4308430850505829
YMR284W,YMR065W,0,0.008510594,0.08552631735801697,0.4025973975658417,0.430943101644516
YNL273W,YPR002W,0,0.008510318,0.08550816774368286,0.4025973975658417,0.4310431182384491
YMR186W,YOR299W,0,0.008508169,0.08549003303050995,0.4025973975658417,0.4311431050300598
YGR084C,YMR213W,0,0.008507175,0.08547189831733704,0.4025973975658417,0.4312431216239929
YJR036C,YDR138W,0,0.008506516,0.08545377105474472,0.4025973975658417,0.431343138217926
YKL041W,YNL102W,0,0.008505385,0.0854356586933136,0.4025973975658417,0.43144315481185913
YGL162W,YMR319C,0,0.0085018035,0.08541754633188248,0.4025973975658417,0.43154314160346985
YMR065W,YOR089C,0,0.008501623,0.08539944887161255,0.4025973975658417,0.43164315819740295
YIL143C,YDR373W,0,0.008500015,0.08538135886192322,0.4025973975658417,0.43174317479133606
YGR191W,YLL055W,1,0.008497387,0.08557508885860443,0.4035964012145996,0.43174317479133606
YMR005W,YFL014W,0,0.008494909,0.08555696904659271,0.4035964012145996,0.43184319138526917
YFL055W,YEL062W,1,0.008494737,0.08575057983398438,0.40459540486335754,0.43184319138526917
YJL225C,YJR133W,0,0.008493507,0.08573243021965027,0.40459540486335754,0.43194320797920227
YGL010W,YJR133W,0,0.008492673,0.08571428805589676,0.40459540486335754,0.432043194770813
YOR378W,YNR057C,0,0.008492624,0.08569614589214325,0.40459540486335754,0.4321432113647461
YOL107W,YGL190C,0,0.008490493,0.08567801862955093,0.40459540486335754,0.4322432279586792
YJR107W,YKL061W,0,0.008488152,0.08565989881753922,0.40459540486335754,0.4323432445526123
YMR193W,YDR496C,0,0.008487349,0.0856417864561081,0.40459540486335754,0.432443231344223
YNL044W,YEL029C,0,0.008487309,0.08562368154525757,0.40459540486335754,0.43254324793815613
YJL087C,YJR082C,0,0.008486347,0.08560557663440704,0.40459540486335754,0.43264326453208923
YMR241W,YNL335W,0,0.008478394,0.08558748662471771,0.40459540486335754,0.43274328112602234
YDL179W,YDR076W,0,0.008474534,0.08556940406560898,0.40459540486335754,0.43284329771995544
YDL107W,YPR002W,0,0.008466417,0.08555132895708084,0.40459540486335754,0.43294328451156616
YDR473C,YIL042C,0,0.00846558,0.0855332612991333,0.40459540486335754,0.43304330110549927
YPR111W,YEL030W,0,0.008464691,0.08551520109176636,0.40459540486335754,0.4331433176994324
YPR204W,YNR013C,0,0.008463987,0.08549714833498001,0.40459540486335754,0.4332433342933655
YDR410C,YHR058C,0,0.008463903,0.08547910302877426,0.40459540486335754,0.4333433210849762
YDR508C,YER119C,1,0.008462975,0.08567208051681519,0.4055944085121155,0.4333433210849762
YKL166C,YMR304W,0,0.008459451,0.08565400540828705,0.4055944085121155,0.4334433376789093
YLR203C,YOL101C,0,0.008458779,0.0856359452009201,0.4055944085121155,0.4335433542728424
YDR518W,YLR321C,0,0.0084543405,0.08561788499355316,0.4055944085121155,0.4336433708667755
YJR036C,YER019C-A,0,0.008449705,0.08559983223676682,0.4055944085121155,0.4337433874607086
YER138C,YOR393W,0,0.008449465,0.08558178693056107,0.4055944085121155,0.43384337425231934
YIL142W,YGL233W,0,0.00843936,0.08556374907493591,0.4055944085121155,0.43394339084625244
YPR196W,YMR020W,0,0.008433448,0.08554572612047195,0.4055944085121155,0.43404340744018555
YMR315W,YLR278C,0,0.008430937,0.085527703166008,0.4055944085121155,0.43414342403411865
YPL276W,YNR035C,0,0.008428525,0.08550968766212463,0.4055944085121155,0.43424341082572937
YLL002W,YKL041W,0,0.008428485,0.08549167960882187,0.4055944085121155,0.4343434274196625
YJR138W,YGR036C,0,0.008427843,0.0854736864566803,0.4055944085121155,0.4344434440135956
YDL142C,YIL139C,0,0.008427342,0.08545569330453873,0.4055944085121155,0.4345434606075287
YNL070W,YCL034W,0,0.008425984,0.08543770760297775,0.4055944085121155,0.4346434772014618
YJR004C,YHR082C,0,0.008422868,0.08541973680257797,0.4055944085121155,0.4347434639930725
YLL055W,YCR075C,1,0.008418282,0.08561211824417114,0.4065934121608734,0.4347434639930725
YLR219W,YPL082C,0,0.0084135905,0.08559411019086838,0.4065934121608734,0.4348434805870056
YLL061W,YBR068C,1,0.008411856,0.085786372423172,0.40759241580963135,0.4348434805870056
YMR005W,YPL252C,0,0.00840982,0.08576834201812744,0.40759241580963135,0.4349434971809387
YBR096W,YNL219C,0,0.008408623,0.08575031161308289,0.40759241580963135,0.4350435137748718
YDL055C,YKR044W,0,0.008406898,0.08573229610919952,0.40759241580963135,0.43514350056648254
YPL276W,YOL124C,0,0.008399261,0.08571428805589676,0.40759241580963135,0.43524351716041565
YPL167C,YMR179W,0,0.008398407,0.085696280002594,0.40759241580963135,0.43534353375434875
YJL172W,YLR141W,0,0.008397256,0.08567828685045242,0.40759241580963135,0.43544355034828186
YNL163C,YCL025C,0,0.00839614,0.08566030114889145,0.40759241580963135,0.43554356694221497
YGR238C,YKR020W,0,0.008391973,0.08564231544733047,0.40759241580963135,0.4356435537338257
YPR144C,YOL101C,0,0.00838958,0.0856243446469307,0.40759241580963135,0.4357435703277588
YOR071C,YGR268C,0,0.008386487,0.08560638129711151,0.40759241580963135,0.4358435869216919
YGR271W,YLR026C,0,0.008386031,0.08558841794729233,0.40759241580963135,0.435943603515625
YKR056W,YOR299W,0,0.008380731,0.08557046949863434,0.40759241580963135,0.4360435903072357
YDL022W,YOL043C,0,0.0083771525,0.08555252850055695,0.40759241580963135,0.4361436069011688
YDR383C,YOR204W,0,0.008373315,0.08553458750247955,0.40759241580963135,0.43624362349510193
YNL172W,YMR272C,0,0.008369128,0.08551666140556335,0.40759241580963135,0.43634364008903503
YGL162W,YOL102C,0,0.008367367,0.08549874275922775,0.40759241580963135,0.43644365668296814
YNL261W,YBR067C,0,0.008363217,0.08548083156347275,0.40759241580963135,0.43654364347457886
YKL064W,YLR224W,0,0.00836234,0.08546292781829834,0.40759241580963135,0.43664366006851196
YLR208W,YNL335W,0,0.008361407,0.08544502407312393,0.40759241580963135,0.43674367666244507
YCL024W,YOR008C,0,0.008361382,0.08542713522911072,0.40759241580963135,0.4368436932563782
YJL011C,YKL015W,0,0.008361051,0.0854092538356781,0.40759241580963135,0.4369436800479889
YPR191W,YBR257W,0,0.00835868,0.08539137989282608,0.40759241580963135,0.437043696641922
YHL034C,YMR213W,0,0.008357854,0.08537350594997406,0.40759241580963135,0.4371437132358551
YNL131W,YDR476C,0,0.008355585,0.08535564690828323,0.40759241580963135,0.4372437298297882
YAL038W,YLR151C,0,0.00835506,0.085337795317173,0.40759241580963135,0.4373437464237213
YGR085C,YLR440C,0,0.008353705,0.08531995117664337,0.40759241580963135,0.43744373321533203
YDR263C,YOR168W,0,0.008350458,0.08530211448669434,0.40759241580963135,0.43754374980926514
YEL022W,YPR152C,0,0.008350395,0.0852842777967453,0.40759241580963135,0.43764376640319824
YOL010W,YMR145C,0,0.008343685,0.08526645600795746,0.40759241580963135,0.43774378299713135
YMR013C,YER185W,0,0.008341764,0.08524864166975021,0.40759241580963135,0.43784376978874207
YBR069C,YEL062W,1,0.008340226,0.08543973416090012,0.4085914194583893,0.43784376978874207
YLL051C,YFL001W,0,0.008337272,0.08542189002037048,0.4085914194583893,0.43794378638267517
YFR029W,YNL084C,0,0.008336038,0.08540405333042145,0.4085914194583893,0.4380438029766083
YKR039W,YGR191W,1,0.008332338,0.08559498935937881,0.4095904231071472,0.4380438029766083
YNR004W,YGR143W,0,0.008330203,0.08557712286710739,0.4095904231071472,0.4381438195705414
YCR027C,YPL274W,1,0.008329612,0.0857679471373558,0.41058939695358276,0.4381438195705414
YMR168C,YLR191W,0,0.008325017,0.085750050842762,0.41058939695358276,0.4382438361644745
YDR030C,YCR093W,0,0.008323615,0.08573216199874878,0.41058939695358276,0.4383438229560852
YKL090W,YNL219C,0,0.008321183,0.08571428805589676,0.41058939695358276,0.4384438395500183
YPL050C,YHR051W,0,0.008319074,0.08569641411304474,0.41058939695358276,0.4385438561439514
YBR150C,YBR129C,0,0.008318055,0.08567854762077332,0.41058939695358276,0.4386438727378845
YNL127W,YNL219C,0,0.008317415,0.08566068857908249,0.41058939695358276,0.43874385952949524
YDR296W,YLL055W,0,0.008316192,0.08564284443855286,0.41058939695358276,0.43884387612342834
YPR196W,YNL016W,0,0.008315373,0.08562500029802322,0.41058939695358276,0.43894389271736145
YMR168C,YMR065W,0,0.008315086,0.08560716360807419,0.41058939695358276,0.43904390931129456
YMR319C,YDR211W,0,0.008312232,0.08558933436870575,0.41058939695358276,0.43914392590522766
YLR005W,YPL167C,0,0.008296694,0.0855715200304985,0.41058939695358276,0.4392439126968384
YBR260C,YPR080W,0,0.008290458,0.08555370569229126,0.41058939695358276,0.4393439292907715
YOL165C,YMR054W,0,0.008289258,0.08553589880466461,0.41058939695358276,0.4394439458847046
YKR008W,YFL057C,0,0.008288898,0.08551809936761856,0.41058939695358276,0.4395439624786377
YFL055W,YPR021C,1,0.0082843555,0.08570834249258041,0.4115884006023407,0.4395439624786377
YOL010W,YDL128W,0,0.008283098,0.08569051325321198,0.4115884006023407,0.4396439790725708
YLR208W,YIL177C,0,0.008281793,0.08567269891500473,0.4115884006023407,0.4397439658641815
YKR054C,YKL189W,0,0.008275996,0.08565488457679749,0.4115884006023407,0.4398439824581146
YLR187W,YJL082W,0,0.008273883,0.08563708513975143,0.4115884006023407,0.43994399905204773
YBR125C,YDR453C,0,0.008270432,0.08561928570270538,0.4115884006023407,0.44004401564598083
YGL083W,YHR209W,0,0.008269979,0.08560149371623993,0.4115884006023407,0.44014400243759155
YPL110C,YOL028C,0,0.008268892,0.08558371663093567,0.4115884006023407,0.44024401903152466
YOL045W,YLR113W,0,0.008264365,0.08556593954563141,0.4115884006023407,0.44034403562545776
YHL036W,YNL065W,1,0.008263493,0.08575581759214401,0.41258740425109863,0.44034403562545776
YDR419W,YLR312W-A,0,0.008263313,0.08573801070451736,0.41258740425109863,0.44044405221939087
YOR348C,YCR027C,1,0.008258649,0.08592776954174042,0.41358640789985657,0.44044405221939087
YIL088C,YGR084C,0,0.008256868,0.08590994030237198,0.41358640789985657,0.440544068813324
YDL245C,YFR052W,0,0.0082547795,0.08589211851358414,0.41358640789985657,0.4406440556049347
YOL020W,YDL210W,1,0.008252676,0.08608172833919525,0.4145854115486145,0.4406440556049347
YDR461W,YKR026C,0,0.008249901,0.08606387674808502,0.4145854115486145,0.4407440721988678
YPL274W,YEL064C,1,0.008239102,0.08625336736440659,0.41558441519737244,0.4407440721988678
YKL176C,YNL270C,1,0.008235825,0.08644278347492218,0.41658341884613037,0.4407440721988678
YAL063C,YLR043C,0,0.008235631,0.08642487227916718,0.41658341884613037,0.4408440887928009
YEL052W,YDL246C,0,0.008233422,0.08640696108341217,0.41658341884613037,0.440944105386734
YJL149W,YMR143W,0,0.008229865,0.08638906478881836,0.41658341884613037,0.4410440921783447
YBR293W,YEL064C,1,0.0082271015,0.08657829463481903,0.4175824224948883,0.4410440921783447
YIL080W,YBR026C,0,0.008225475,0.08656036108732224,0.4175824224948883,0.44114410877227783
YGL014W,YOL054W,0,0.008223418,0.08654244244098663,0.4175824224948883,0.44124412536621094
YKL061W,YJL029C,0,0.008221477,0.08652453124523163,0.4175824224948883,0.44134414196014404
YOL129W,YNL335W,0,0.008220483,0.08650662004947662,0.4175824224948883,0.44144415855407715
YBR059C,YDL140C,0,0.00821951,0.08648872375488281,0.4175824224948883,0.44154414534568787
YPR113W,YLR251W,0,0.008218457,0.0864708349108696,0.4175824224948883,0.44164416193962097
YKR036C,YPL113C,0,0.008214175,0.08645294606685638,0.4175824224948883,0.4417441785335541
YJR083C,YLR389C,0,0.0082082525,0.08643507212400436,0.4175824224948883,0.4418441951274872
YCR060W,YBR010W,0,0.008206724,0.08641719818115234,0.4175824224948883,0.4419441819190979
YDL111C,YPL065W,0,0.008205614,0.08639933913946152,0.4175824224948883,0.442044198513031
YDL059C,YMR143W,0,0.008205163,0.08638148009777069,0.4175824224948883,0.4421442151069641
YDL070W,YOR251C,0,0.008204108,0.08636363595724106,0.4175824224948883,0.4422442317008972
YOR323C,YKL166C,0,0.008203239,0.08634579926729202,0.4175824224948883,0.4423442482948303
YDR403W,YGR185C,0,0.008202091,0.08632796257734299,0.4175824224948883,0.44244423508644104
YDR170C,YPL244C,0,0.008200788,0.08631014078855515,0.4175824224948883,0.44254425168037415
YNL138W,YMR065W,0,0.008200229,0.0862923189997673,0.4175824224948883,0.44264426827430725
YOL124C,YNL192W,0,0.008198123,0.08627451211214066,0.4175824224948883,0.44274428486824036
YLR203C,YDL059C,0,0.00819355,0.08625670522451401,0.4175824224948883,0.4428442716598511
YNL309W,YOR020C,0,0.008189381,0.08623891323804855,0.4175824224948883,0.4429442882537842
YJR051W,YDR472W,0,0.008186621,0.0862211212515831,0.4175824224948883,0.4430443048477173
YKR068C,YDL040C,0,0.008186341,0.08620334416627884,0.4175824224948883,0.4431443214416504
YOL136C,YER115C,0,0.008183152,0.08618556708097458,0.4175824224948883,0.4432443380355835
YNR056C,YNL065W,1,0.008183051,0.0863739401102066,0.41858142614364624,0.4432443380355835
YDR137W,YOR098C,0,0.008182115,0.08635614067316055,0.41858142614364624,0.4433443248271942
YOR298W,YNL208W,0,0.008181124,0.0863383486866951,0.41858142614364624,0.4434443414211273
YBR118W,YDL022W,0,0.008176502,0.08632055670022964,0.41858142614364624,0.4435443580150604
YCL069W,YGL077C,1,0.008174805,0.08650875091552734,0.4195804297924042,0.4435443580150604
YDR389W,YAL040C,0,0.008174198,0.0864909365773201,0.4195804297924042,0.44364437460899353
YOL066C,YBR037C,0,0.008173931,0.08647312968969345,0.4195804297924042,0.44374436140060425
YJL053W,YOR311C,0,0.008173695,0.0864553302526474,0.4195804297924042,0.44384437799453735
YDR263C,YBR257W,0,0.00817281,0.08643753826618195,0.4195804297924042,0.44394439458847046
YDL029W,YBL052C,0,0.008167223,0.08641975373029709,0.4195804297924042,0.44404441118240356
YGL170C,YOR340C,0,0.008165971,0.08640197664499283,0.4195804297924042,0.44414442777633667
YOR237W,YGR134W,0,0.008164242,0.08638420701026917,0.4195804297924042,0.4442444145679474
YGL237C,YLL012W,0,0.008161068,0.0863664373755455,0.4195804297924042,0.4443444311618805
YGL026C,YEL062W,0,0.008156909,0.08634868264198303,0.4195804297924042,0.4444444477558136
YDR423C,YKL096W-A,0,0.008147381,0.08633093535900116,0.4195804297924042,0.4445444643497467
YDR072C,YKL168C,0,0.008144496,0.08631319552659988,0.4195804297924042,0.4446444511413574
YNL095C,YOR008C,0,0.008144372,0.08629545569419861,0.4195804297924042,0.4447444677352905
YHR211W,YDL047W,0,0.008140664,0.08627773076295853,0.4195804297924042,0.44484448432922363
YGL083W,YER098W,0,0.00813531,0.08626001328229904,0.4195804297924042,0.44494450092315674
YGR282C,YMR077C,0,0.008132751,0.08624230325222015,0.4195804297924042,0.44504451751708984
YFL033C,YOL108C,0,0.008130267,0.08622459322214127,0.4195804297924042,0.44514450430870056
YMR054W,YML056C,0,0.008119311,0.08620689809322357,0.4195804297924042,0.44524452090263367
YMR088C,YCL025C,1,0.008116118,0.08639442175626755,0.4205794334411621,0.44524452090263367
YMR228W,YER052C,0,0.008114305,0.08637668937444687,0.4205794334411621,0.4453445374965668
YLL055W,YDR508C,1,0.008111482,0.08656410127878189,0.42157840728759766,0.4453445374965668
YJR051W,YDR173C,0,0.008108635,0.08654634654521942,0.42157840728759766,0.4454445540904999
YPL078C,YJL144W,0,0.008108516,0.08652860671281815,0.42157840728759766,0.4455445408821106
YKL117W,YDR461W,0,0.008103874,0.08651086688041687,0.42157840728759766,0.4456445574760437
YCR011C,YAR035W,0,0.00810152,0.08649313449859619,0.42157840728759766,0.4457445740699768
YKL176C,YCR027C,1,0.008100616,0.0866803303360939,0.4225774109363556,0.4457445740699768
YJL166W,YNL202W,0,0.008098034,0.08666256815195084,0.4225774109363556,0.4458445906639099
YJR107W,YDR167W,0,0.008097536,0.08664482086896896,0.4225774109363556,0.445944607257843
YER008C,YHR041C,0,0.008095556,0.08662707358598709,0.4225774109363556,0.44604459404945374
YHR056C,YJR101W,0,0.008090821,0.08660933375358582,0.4225774109363556,0.44614461064338684
YPL104W,YGL259W,0,0.008090362,0.08659160882234573,0.4225774109363556,0.44624462723731995
YGR144W,YLR309C,0,0.008089226,0.08657388389110565,0.4225774109363556,0.44634464383125305
YIR011C,YDR174W,0,0.008088877,0.08655616641044617,0.4225774109363556,0.44644463062286377
YOR348C,YHL036W,1,0.008085183,0.08674304187297821,0.4235764145851135,0.44644463062286377
YGL068W,YOR243C,0,0.008077629,0.08672530204057693,0.4235764145851135,0.4465446472167969
YNR028W,YGL190C,0,0.008074482,0.08670756965875626,0.4235764145851135,0.44664466381073
YOR283W,YGR225W,0,0.008067977,0.08668983727693558,0.4235764145851135,0.4467446804046631
YNL050C,YPL065W,0,0.008067038,0.08667211979627609,0.4235764145851135,0.4468446969985962
YGR056W,YER087W,0,0.008066084,0.08665440231561661,0.4235764145851135,0.4469446837902069
YLR380W,YPL188W,0,0.008064131,0.08663669973611832,0.4235764145851135,0.44704470038414
YMR180C,YKL061W,0,0.008062591,0.08661899715662003,0.4235764145851135,0.4471447169780731
YLR105C,YDR332W,0,0.008061568,0.08660130947828293,0.4235764145851135,0.4472447335720062
YCR030C,YFL057C,0,0.008060417,0.08658362179994583,0.4235764145851135,0.44734472036361694
YLR141W,YFL021W,0,0.008058617,0.08656594157218933,0.4235764145851135,0.44744473695755005
YKR036C,YNR010W,0,0.008058279,0.08654827624559402,0.4235764145851135,0.44754475355148315
YOR251C,YBR026C,0,0.008048496,0.08653061091899872,0.4235764145851135,0.44764477014541626
YBR183W,YPL042C,0,0.008042662,0.08651295304298401,0.4235764145851135,0.44774478673934937
YNL284C,YLR145W,0,0.008042586,0.0864953100681305,0.4235764145851135,0.4478447735309601
YNL232W,YLR047C,0,0.008037946,0.08647766709327698,0.4235764145851135,0.4479447901248932
YKL119C,YNL202W,0,0.008035711,0.08646003156900406,0.4235764145851135,0.4480448067188263
YIR025W,YNL258C,0,0.008034749,0.08644240349531174,0.4235764145851135,0.4481448233127594
YKL041W,YJL130C,0,0.008030897,0.08642478287220001,0.4235764145851135,0.4482448101043701
YDR196C,YPR171W,0,0.008028591,0.08640717715024948,0.4235764145851135,0.4483448266983032
YOR304W,YGR085C,0,0.008021489,0.08638957142829895,0.4235764145851135,0.44844484329223633
YGL113W,YDR262W,0,0.008020248,0.08637197315692902,0.4235764145851135,0.44854485988616943
YOL165C,YMR272C,0,0.008020116,0.08635438233613968,0.4235764145851135,0.44864487648010254
YBR177C,YMR228W,0,0.0080169635,0.08633679151535034,0.4235764145851135,0.44874486327171326
YKL126W,YCR046C,0,0.008016793,0.0863192155957222,0.4235764145851135,0.44884487986564636
YFL057C,YER104W,0,0.008016312,0.08630164712667465,0.4235764145851135,0.44894489645957947
YJR119C,YDR109C,0,0.008012199,0.0862840861082077,0.4235764145851135,0.4490449130535126
YPL139C,YHR051W,0,0.00800977,0.08626653254032135,0.4235764145851135,0.4491448998451233
YLR165C,YOR123C,0,0.008008625,0.0862489864230156,0.4235764145851135,0.4492449164390564
YLR291C,YOR324C,0,0.00800544,0.08623144030570984,0.4235764145851135,0.4493449330329895
YDR476C,YMR193W,0,0.008002817,0.08621390908956528,0.4235764145851135,0.4494449496269226
YKL165C,YJR053W,0,0.007999047,0.08619637787342072,0.4235764145851135,0.4495449662208557
YOR301W,YIR005W,0,0.007995098,0.08617886155843735,0.4235764145851135,0.44964495301246643
YLL061W,YKR039W,1,0.007992519,0.08636455982923508,0.42457541823387146,0.44964495301246643
YBR287W,YLL033W,0,0.007989986,0.08634701371192932,0.42457541823387146,0.44974496960639954
YPR194C,YOR287C,0,0.007984908,0.08632947504520416,0.42457541823387146,0.44984498620033264
YNL008C,YEL030W,0,0.007984754,0.0863119438290596,0.42457541823387146,0.44994500279426575
YPL180W,YNR018W,0,0.007982325,0.08629441261291504,0.42457541823387146,0.45004501938819885
YEL043W,YMR159C,0,0.007982068,0.08627689629793167,0.42457541823387146,0.45014500617980957
YLR295C,YBR275C,0,0.007979252,0.0862593874335289,0.42457541823387146,0.4502450227737427
YPR204W,YHL034C,0,0.007978241,0.08624188601970673,0.42457541823387146,0.4503450393676758
YNL008C,YJL214W,0,0.007973577,0.08622438460588455,0.42457541823387146,0.4504450559616089
YLR305C,YIL095W,0,0.007969248,0.08620689809322357,0.42457541823387146,0.4505450427532196
YPL276W,YPL180W,0,0.007968178,0.08618941158056259,0.42457541823387146,0.4506450593471527
YOR349W,YNR028W,0,0.007965103,0.0861719399690628,0.42457541823387146,0.4507450759410858
YIL083C,YMR267W,0,0.007965073,0.08615446835756302,0.42457541823387146,0.4508450925350189
YMR194W,YGR246C,0,0.007964169,0.08613701164722443,0.42457541823387146,0.450945109128952
YDL036C,YJL034W,0,0.007960154,0.08611955493688583,0.42457541823387146,0.45104509592056274
YIL095W,YLR278C,0,0.007953996,0.08610210567712784,0.42457541823387146,0.45114511251449585
YGR252W,YML028W,0,0.007947429,0.08608466386795044,0.42457541823387146,0.45124512910842896
YDR138W,YMR210W,0,0.007942836,0.08606723695993423,0.42457541823387146,0.45134514570236206
YLR325C,YHR079C,0,0.007941671,0.08604981005191803,0.42457541823387146,0.4514451324939728
YMR168C,YCL024W,0,0.007940671,0.08603239059448242,0.42457541823387146,0.4515451490879059
YOL043C,YJL079C,0,0.007938295,0.08601497858762741,0.42457541823387146,0.451645165681839
YLR394W,YMR270C,0,0.0079347165,0.085997574031353,0.42457541823387146,0.4517451822757721
YBR287W,YBR257W,0,0.007930165,0.08598017692565918,0.42457541823387146,0.4518451988697052
YBL089W,YBR132C,1,0.007929868,0.08616504818201065,0.4255744218826294,0.4518451988697052
YDR245W,YLR026C,0,0.007928556,0.08614762127399445,0.4255744218826294,0.4519451856613159
YDR079W,YGL050W,0,0.007924394,0.08613020926713943,0.4255744218826294,0.452045202255249
YHR060W,YGR179C,0,0.007920563,0.08611279726028442,0.4255744218826294,0.45214521884918213
YOR168W,YNL079C,0,0.007919945,0.08609539270401001,0.4255744218826294,0.45224523544311523
YOL145C,YER165W,0,0.007918892,0.08607799559831619,0.4255744218826294,0.45234522223472595
YOL066C,YJL225C,0,0.007918578,0.08606060594320297,0.4255744218826294,0.45244523882865906
YNL026W,YKL203C,0,0.007913354,0.08604322373867035,0.4255744218826294,0.45254525542259216
YDR383C,YDR337W,0,0.007912698,0.08602584898471832,0.4255744218826294,0.45264527201652527
YHL012W,YOR187W,0,0.007912605,0.0860084816813469,0.4255744218826294,0.4527452886104584
YOR074C,YNL027W,0,0.007912373,0.08599112182855606,0.4255744218826294,0.4528452754020691
YLL055W,YBR061C,0,0.007911411,0.08597376197576523,0.4255744218826294,0.4529452919960022
YJL191W,YML049C,0,0.007911138,0.08595641702413559,0.4255744218826294,0.4530453085899353
YNL044W,YCL032W,0,0.007900255,0.08593907952308655,0.4255744218826294,0.4531453251838684
YBR132C,YEL062W,1,0.007895793,0.08612343668937683,0.42657342553138733,0.4531453251838684
YNR074C,YGR285C,0,0.0078948485,0.0861060693860054,0.42657342553138733,0.4532453119754791
YKL061W,YML052W,0,0.007894774,0.08608870953321457,0.42657342553138733,0.45334532856941223
YHR132C,YBR128C,0,0.007892992,0.08607135713100433,0.42657342553138733,0.45344534516334534
YPR080W,YKR102W,0,0.007889222,0.0860540121793747,0.42657342553138733,0.45354536175727844
YJL194W,YAL038W,0,0.007888222,0.08603667467832565,0.42657342553138733,0.45364537835121155
YGR036C,YKL203C,0,0.007887002,0.08601933717727661,0.42657342553138733,0.45374536514282227
YCR060W,YOR378W,0,0.00788275,0.08600201457738876,0.42657342553138733,0.45384538173675537
YMR032W,YKR044W,0,0.007882138,0.08598469942808151,0.42657342553138733,0.4539453983306885
YAL060W,YOL104C,0,0.007880818,0.08596738427877426,0.42657342553138733,0.4540454149246216
YNL231C,YNL309W,0,0.00787794,0.0859500840306282,0.42657342553138733,0.4541454017162323
YKR036C,YDR472W,0,0.007877311,0.08593278378248215,0.42657342553138733,0.4542454183101654
YPR196W,YPL276W,0,0.00787214,0.08591549098491669,0.42657342553138733,0.4543454349040985
YLR026C,YDL077C,0,0.007866909,0.08589821308851242,0.42657342553138733,0.4544454514980316
YPR194C,YMR304W,0,0.007866901,0.08588093519210815,0.42657342553138733,0.4545454680919647
YMR020W,YNL050C,0,0.00786612,0.08586366474628448,0.42657342553138733,0.45464545488357544
YGL062W,YDR146C,0,0.007859093,0.08584640175104141,0.42657342553138733,0.45474547147750854
YOR138C,YLR130C,0,0.007857019,0.08582914620637894,0.42657342553138733,0.45484548807144165
YDL210W,YCL025C,1,0.007852474,0.08601286262273788,0.42757242918014526,0.45484548807144165
YMR273C,YKL094W,0,0.007847746,0.08599557727575302,0.42757242918014526,0.45494550466537476
YGR251W,YBR128C,0,0.007845471,0.08597830682992935,0.42757242918014526,0.4550454914569855
YMR276W,YKL096W-A,0,0.007844829,0.08596103638410568,0.42757242918014526,0.4551455080509186
YGR281W,YGR239C,0,0.007838393,0.08594377338886261,0.42757242918014526,0.4552455246448517
YKL161C,YIR018W,0,0.007833543,0.08592651784420013,0.42757242918014526,0.4553455412387848
YHR066W,YJL178C,0,0.00783221,0.08590926975011826,0.42757242918014526,0.4554455578327179
YHR179W,YFR036W,0,0.00783212,0.08589203655719757,0.42757242918014526,0.4555455446243286
YGL203C,YAL029C,0,0.007830668,0.08587479591369629,0.42757242918014526,0.4556455612182617
YMR169C,YOR099W,0,0.007829682,0.0858575701713562,0.42757242918014526,0.4557455778121948
YNL085W,YPR111W,0,0.007827701,0.08584035187959671,0.42757242918014526,0.45584559440612793
YGL158W,YLR029C,0,0.007827075,0.08582314103841782,0.42757242918014526,0.45594558119773865
YMR112C,YGL169W,0,0.007824425,0.08580593764781952,0.42757242918014526,0.45604559779167175
YDR026C,YFR033C,0,0.007821885,0.08578873425722122,0.42757242918014526,0.45614561438560486
YGR177C,YPL065W,0,0.0078184,0.08577154576778412,0.42757242918014526,0.45624563097953796
YPL244C,YGL071W,0,0.007817164,0.08575435727834702,0.42757242918014526,0.45634564757347107
YOL052C,YDL227C,0,0.007815341,0.08573717623949051,0.42757242918014526,0.4564456343650818
YLR244C,YOR148C,0,0.0078123547,0.0857200101017952,0.42757242918014526,0.4565456509590149
YDR205W,YHR061C,0,0.007804183,0.08570284396409988,0.42757242918014526,0.456645667552948
YMR019W,YDR415C,0,0.0077960603,0.08568568527698517,0.42757242918014526,0.4567456841468811
YOL111C,YAR031W,0,0.007794699,0.08566853404045105,0.42757242918014526,0.4568456709384918
YGR282C,YMR137C,0,0.0077894093,0.08565139025449753,0.42757242918014526,0.4569456875324249
YJL172W,YHR168W,0,0.007787854,0.0856342539191246,0.42757242918014526,0.45704570412635803
YDR174W,YOL054W,0,0.0077848188,0.08561712503433228,0.42757242918014526,0.45714572072029114
YKL038W,YEL062W,0,0.007779561,0.08560000360012054,0.42757242918014526,0.45724573731422424
YPL276W,YML073C,0,0.007778317,0.08558288216590881,0.42757242918014526,0.45734572410583496
YIL095W,YBR042C,0,0.0077775037,0.08556577563285828,0.42757242918014526,0.45744574069976807
YHR074W,YDL024C,0,0.00777492,0.08554866909980774,0.42757242918014526,0.45754575729370117
YPL127C,YOR147W,0,0.0077722324,0.0855315774679184,0.42757242918014526,0.4576457738876343
YLR447C,YMR032W,0,0.007770971,0.08551448583602905,0.42757242918014526,0.457745760679245
YGR113W,YMR246W,0,0.007770184,0.0854974016547203,0.42757242918014526,0.4578457772731781
YIL076W,YMR304W,0,0.007769938,0.08548032492399216,0.42757242918014526,0.4579457938671112
YMR176W,YMR301C,0,0.007769795,0.0854632556438446,0.42757242918014526,0.4580458104610443
YHR012W,YLR130C,0,0.0077697546,0.08544619381427765,0.42757242918014526,0.4581458270549774
YBR196C,YHR041C,0,0.007767994,0.08542913943529129,0.42757242918014526,0.45824581384658813
YNL101W,YCR075C,1,0.0077668247,0.08561165630817413,0.4285714328289032,0.45824581384658813
YOL158C,YLR151C,0,0.0077631692,0.08559457212686539,0.4285714328289032,0.45834583044052124
YMR123W,YNL261W,0,0.0077620596,0.08557749539613724,0.4285714328289032,0.45844584703445435
YAR027W,YDR410C,0,0.00776184,0.08556043356657028,0.4285714328289032,0.45854586362838745
YBR271W,YCR012W,0,0.0077614547,0.08554337173700333,0.4285714328289032,0.45864585041999817
YPL213W,YFR021W,0,0.007760121,0.08552631735801697,0.4285714328289032,0.4587458670139313
YPL083C,YLR264W,0,0.0077561196,0.0855092704296112,0.4285714328289032,0.4588458836078644
YLR291C,YDR498C,0,0.0077557755,0.08549223095178604,0.4285714328289032,0.4589459002017975
YLR312W-A,YFL045C,0,0.007754884,0.08547519147396088,0.4285714328289032,0.4590459167957306
YKL161C,YJL206C,0,0.0077546015,0.0854581668972969,0.4285714328289032,0.4591459035873413
YOL112W,YDL074C,0,0.0077543156,0.08544114977121353,0.4285714328289032,0.4592459201812744
YNL008C,YDR064W,0,0.007753545,0.08542413264513016,0.4285714328289032,0.4593459367752075
YER087W,YPL274W,0,0.0077524297,0.08540713042020798,0.4285714328289032,0.4594459533691406
YDL171C,YDR364C,0,0.0077520334,0.0853901281952858,0.4285714328289032,0.45954594016075134
YNL065W,YIL088C,1,0.007751868,0.08557213842868805,0.42957043647766113,0.45954594016075134
YLR268W,YFL001W,0,0.0077497964,0.08555511385202408,0.42957043647766113,0.45964595675468445
YMR241W,YOR324C,0,0.007749694,0.0855380967259407,0.42957043647766113,0.45974597334861755
YNL131W,YPL208W,0,0.007748205,0.08552107959985733,0.42957043647766113,0.45984598994255066
YLR329W,YDR369C,0,0.0077471198,0.08550407737493515,0.42957043647766113,0.45994600653648376
YHL036W,YJL059W,1,0.0077470173,0.08568588644266129,0.43056944012641907,0.45994600653648376
YGL010W,YLR026C,0,0.0077393823,0.08566885441541672,0.43056944012641907,0.4600459933280945
YLR291C,YPL065W,0,0.0077384594,0.08565182983875275,0.43056944012641907,0.4601460099220276
YOR204W,YDL097C,0,0.0077378266,0.08563481271266937,0.43056944012641907,0.4602460265159607
YNL153C,YJR053W,0,0.007735315,0.085617795586586,0.43056944012641907,0.4603460431098938
YOR310C,YPL011C,0,0.0077341474,0.08560079336166382,0.43056944012641907,0.4604460299015045
YLR107W,YHL034C,0,0.007733792,0.08558379858732224,0.43056944012641907,0.4605460464954376
YIL095W,YLR251W,0,0.0077329692,0.08556680381298065,0.43056944012641907,0.4606460630893707
YDR530C,YMR038C,0,0.0077315825,0.08554982393980026,0.43056944012641907,0.46074607968330383
YJL079C,YLR278C,0,0.007731016,0.08553284406661987,0.43056944012641907,0.46084609627723694
YKR019C,YEL056W,0,0.0077246353,0.08551587164402008,0.43056944012641907,0.46094608306884766
YKL013C,YMR186W,0,0.0077200057,0.08549890667200089,0.43056944012641907,0.46104609966278076
YGR171C,YGL169W,0,0.007719589,0.08548194915056229,0.43056944012641907,0.46114611625671387
YDL212W,YCL038C,1,0.007718231,0.08566329628229141,0.431568443775177,0.46114611625671387
YOL141W,YGR214W,0,0.0077177784,0.08564630895853043,0.431568443775177,0.461246132850647
YJR057W,YDR034C,0,0.0077149807,0.08562933653593063,0.431568443775177,0.4613461494445801
YNR021W,YMR213W,0,0.007714266,0.08561236411333084,0.431568443775177,0.4614461362361908
YGL037C,YOL043C,0,0.0077127474,0.08559540659189224,0.431568443775177,0.4615461528301239
YPL180W,YLR163C,0,0.0077124992,0.08557844907045364,0.431568443775177,0.461646169424057
YBR261C,YOL111C,0,0.007711138,0.08556149899959564,0.431568443775177,0.4617461860179901
YOR159C,YDR263C,0,0.0077040847,0.08554455637931824,0.431568443775177,0.46184617280960083
YPR021C,YMR088C,1,0.0077032316,0.08572559803724289,0.43256744742393494,0.46184617280960083
YLL061W,YNL065W,1,0.0077023865,0.08590657263994217,0.4335664212703705,0.46184617280960083
YPL042C,YMR054W,0,0.0076933173,0.08588957041501999,0.4335664212703705,0.46194618940353394
YMR180C,YFL021W,0,0.007691067,0.0858725756406784,0.4335664212703705,0.46204620599746704
YDR083W,YDL035C,0,0.0076908534,0.08585558831691742,0.4335664212703705,0.46214622259140015
YOR138C,YPR152C,0,0.0076901396,0.08583860844373703,0.4335664212703705,0.46224623918533325
YNL095C,YMR228W,0,0.007687968,0.08582163602113724,0.4335664212703705,0.46234622597694397
YJL030W,YDR281C,0,0.007682422,0.08580466359853745,0.4335664212703705,0.4624462425708771
YKL176C,YDR508C,1,0.0076793325,0.08598536998033524,0.4345654249191284,0.4624462425708771
YAR031W,YLR042C,0,0.007678603,0.08596838265657425,0.4345654249191284,0.4625462591648102
YEL036C,YOR187W,0,0.0076781306,0.08595139533281326,0.4345654249191284,0.4626462757587433
YOR388C,YDR530C,0,0.007675174,0.08593441545963287,0.4345654249191284,0.462746262550354
YGL112C,YOR382W,0,0.00767294,0.08591744303703308,0.4345654249191284,0.4628462791442871
YNL314W,YOR297C,0,0.0076721595,0.08590047061443329,0.4345654249191284,0.4629462957382202
YLR145W,YBL079W,0,0.007667482,0.08588351309299469,0.4345654249191284,0.4630463123321533
YLR264W,YKL096W-A,0,0.007667315,0.08586656302213669,0.4345654249191284,0.4631463289260864
YLL061W,YKL174C,1,0.007664485,0.0860469713807106,0.43556442856788635,0.4631463289260864
YLR268W,YJR130C,0,0.0076635573,0.08602999150753021,0.43556442856788635,0.46324631571769714
YKL203C,YMR193W,0,0.0076635135,0.08601301908493042,0.43556442856788635,0.46334633231163025
YFR045W,YLR425W,0,0.007660581,0.08599605411291122,0.43556442856788635,0.46344634890556335
YGR271W,YLR209C,0,0.007660117,0.08597909659147263,0.43556442856788635,0.46354636549949646
YGR271W,YOR251C,0,0.007658,0.08596214652061462,0.43556442856788635,0.4636463522911072
YCR075C,YCL025C,1,0.0076576555,0.08614232391119003,0.4365634322166443,0.4636463522911072
YLL055W,YMR088C,1,0.0076558297,0.08632242679595947,0.4375624358654022,0.4636463522911072
YDR281C,YIR005W,0,0.007655794,0.0863054171204567,0.4375624358654022,0.4637463688850403
YPL083C,YHR058C,0,0.0076538697,0.08628841489553452,0.4375624358654022,0.4638463854789734
YDR410C,YBR093C,0,0.0076530697,0.08627142012119293,0.4375624358654022,0.4639464020729065
YOL165C,YFL038C,0,0.0076513025,0.08625443279743195,0.4375624358654022,0.4640464186668396
YDL202W,YGL220W,0,0.007645396,0.08623744547367096,0.4375624358654022,0.4641464054584503
YFL055W,YPL274W,1,0.0076388153,0.08641732484102249,0.43856143951416016,0.4641464054584503
YPR204W,YKL168C,0,0.007638056,0.08640031516551971,0.43856143951416016,0.4642464220523834
YOL102C,YER104W,0,0.007637738,0.08638331294059753,0.43856143951416016,0.46434643864631653
YMR038C,YMR160W,0,0.0076369317,0.08636631816625595,0.43856143951416016,0.46444645524024963
YFR045W,YCR012W,0,0.007635324,0.08634933084249496,0.43856143951416016,0.46454644203186035
YLR025W,YBR042C,0,0.0076341606,0.08633235096931458,0.43856143951416016,0.46464645862579346
YJL213W,YMR213W,0,0.007633489,0.08631537854671478,0.43856143951416016,0.46474647521972656
YDL024C,YBR282W,0,0.0076304157,0.08629840612411499,0.43856143951416016,0.46484649181365967
YEL030W,YNL175C,0,0.0076293284,0.08628144860267639,0.43856143951416016,0.4649465084075928
YOR126C,YBR223C,0,0.007626499,0.08626449108123779,0.43856143951416016,0.4650464951992035
YLR289W,YGR034W,0,0.007623591,0.08624754101037979,0.43856143951416016,0.4651465117931366
YPL119C,YOR377W,0,0.0076218555,0.08623060584068298,0.43856143951416016,0.4652465283870697
YDR076W,YOR324C,0,0.0076177483,0.08621367067098618,0.43856143951416016,0.4653465449810028
YBR196C,YOR275C,0,0.007617089,0.08619674295186996,0.43856143951416016,0.4654465317726135
YIL021W,YKR069W,0,0.007616149,0.08617982268333435,0.43856143951416016,0.46554654836654663
YOR348C,YCL038C,1,0.0076151974,0.0863591730594635,0.4395604431629181,0.46554654836654663
YHR012W,YHR069C,0,0.007611288,0.0863422304391861,0.4395604431629181,0.46564656496047974
YPL113C,YLR042C,0,0.007609905,0.08632528781890869,0.4395604431629181,0.46574658155441284
YDR411C,YOR243C,0,0.0076083103,0.08630835264921188,0.4395604431629181,0.46584659814834595
YCR060W,YOR209C,0,0.007605858,0.08629143238067627,0.4395604431629181,0.46594658493995667
YOR147W,YMR321C,0,0.0076026204,0.08627451211214066,0.4395604431629181,0.46604660153388977
YBR002C,YOR138C,0,0.007598369,0.08625759929418564,0.4395604431629181,0.4661466181278229
YMR097C,YDR218C,0,0.0075978367,0.08624068647623062,0.4395604431629181,0.466246634721756
YCL069W,YEL063C,1,0.007597243,0.08641975373029709,0.440559446811676,0.466246634721756
YOR219C,YGR155W,0,0.0075970204,0.08640281856060028,0.440559446811676,0.4663466215133667
YOR291W,YFL057C,0,0.0075961794,0.08638589829206467,0.440559446811676,0.4664466381072998
YJL200C,YBL091C-A,0,0.007595845,0.08636897802352905,0.440559446811676,0.4665466547012329
YKL176C,YEL064C,1,0.0075929197,0.08654787391424179,0.44155845046043396,0.4665466547012329
YMR179W,YNL138W,0,0.007590416,0.08653093129396439,0.44155845046043396,0.466646671295166
YLR043C,YBL098W,0,0.007590308,0.08651399612426758,0.44155845046043396,0.4667466878890991
YOL057W,YBR230C,0,0.007589073,0.08649706095457077,0.44155845046043396,0.46684667468070984
YDR046C,YMR088C,1,0.0075869686,0.08667580038309097,0.4425574541091919,0.46684667468070984
YJL011C,YPL167C,0,0.0075860247,0.08665884286165237,0.4425574541091919,0.46694669127464294
YNR056C,YPR021C,1,0.007582618,0.08683747053146362,0.44355645775794983,0.46694669127464294
YFR031C,YJL213W,0,0.007581779,0.08682049065828323,0.44355645775794983,0.46704670786857605
YMR038C,YLR270W,0,0.0075815315,0.08680351823568344,0.44355645775794983,0.46714672446250916
YMR172W,YLR278C,0,0.0075810542,0.08678655326366425,0.44355645775794983,0.4672467112541199
YOL158C,YBR026C,0,0.0075807236,0.08676958829164505,0.44355645775794983,0.467346727848053
YOR232W,YLL017W,0,0.0075790808,0.08675263822078705,0.44355645775794983,0.4674467444419861
YBR177C,YDR164C,0,0.0075788046,0.08673568814992905,0.44355645775794983,0.4675467610359192
YHR082C,YHR051W,0,0.0075777397,0.08671875298023224,0.44355645775794983,0.4676467776298523
YDR082W,YOR377W,0,0.007572929,0.08670181781053543,0.44355645775794983,0.467746764421463
YNL085W,YDL061C,0,0.0075595947,0.08668489009141922,0.44355645775794983,0.4678467810153961
YDR296W,YGL212W,0,0.007559341,0.0866679698228836,0.44355645775794983,0.4679467976093292
YLR353W,YNR044W,0,0.007558557,0.08665105700492859,0.44355645775794983,0.46804681420326233
YPL112C,YNR018W,0,0.0075566624,0.08663414418697357,0.44355645775794983,0.46814680099487305
YNL283C,YDL215C,0,0.0075561935,0.08661724627017975,0.44355645775794983,0.46824681758880615
YPL002C,YBR093C,0,0.0075537767,0.08660034835338593,0.44355645775794983,0.46834683418273926
YDR083W,YNL044W,0,0.00755036,0.0865834653377533,0.44355645775794983,0.46844685077667236
YER117W,YDR498C,0,0.007545459,0.08656658232212067,0.44355645775794983,0.46854686737060547
YKR054C,YPR035W,0,0.00754532,0.08654970675706863,0.44355645775794983,0.4686468541622162
YLR029C,YPR152C,0,0.007545266,0.0865328386425972,0.44355645775794983,0.4687468707561493
YNL284C,YFL023W,0,0.007544334,0.08651597797870636,0.44355645775794983,0.4688468873500824
YBR132C,YMR088C,1,0.0075434814,0.08669394254684448,0.4445554316043854,0.4688468873500824
YPR189W,YER162C,0,0.007543028,0.08667705208063126,0.4445554316043854,0.4689469039440155
YGL122C,YFR033C,0,0.007542707,0.08666017651557922,0.4445554316043854,0.4690468907356262
YDR423C,YNL078W,0,0.007539634,0.08664330095052719,0.4445554316043854,0.4691469073295593
YLR020C,YBR145W,0,0.0075349184,0.08662643283605576,0.4445554316043854,0.46924692392349243
YKL174C,YBR132C,1,0.007530455,0.08680420368909836,0.4455544352531433,0.46924692392349243
YJL029C,YNL122C,0,0.0075299386,0.08678731322288513,0.4455544352531433,0.46934694051742554
YER087W,YPL188W,0,0.007522979,0.0867704302072525,0.4455544352531433,0.46944695711135864
YLR380W,YJL171C,0,0.0075227544,0.08675354719161987,0.4455544352531433,0.46954694390296936
YHR164C,YOR261C,0,0.00752233,0.08673667907714844,0.4455544352531433,0.46964696049690247
YGR281W,YDR392W,0,0.0075220247,0.086719810962677,0.4455544352531433,0.46974697709083557
YPL011C,YKL124W,0,0.007518501,0.08670295774936676,0.4455544352531433,0.4698469936847687
YPR162C,YBR177C,0,0.0075146733,0.08668610453605652,0.4455544352531433,0.4699469804763794
YBR195C,YNL092W,0,0.007514613,0.08666925877332687,0.4455544352531433,0.4700469970703125
YKR054C,YGL220W,0,0.007512412,0.08665242046117783,0.4455544352531433,0.4701470136642456
YMR218C,YHL034C,0,0.0075102933,0.08663558959960938,0.4455544352531433,0.4702470302581787
YBR129C,YMR296C,0,0.007508964,0.08661875873804092,0.4455544352531433,0.4703470468521118
YDL107W,YDR281C,0,0.00750836,0.08660194277763367,0.4455544352531433,0.47044703364372253
YLR043C,YGL163C,0,0.007495117,0.08658512681722641,0.4455544352531433,0.47054705023765564
YKL174C,YNL065W,1,0.0074949823,0.08676242083311081,0.44655343890190125,0.47054705023765564
YLR203C,YNL230C,0,0.007489004,0.08674558252096176,0.44655343890190125,0.47064706683158875
YIL095W,YMR179W,0,0.007488863,0.08672875165939331,0.44655343890190125,0.47074708342552185
YNR056C,YER119C,1,0.007486496,0.08690591901540756,0.4475524425506592,0.47074708342552185
YIL142W,YDL197C,0,0.007486248,0.08688905835151672,0.4475524425506592,0.47084707021713257
YKR039W,YNL065W,1,0.0074816397,0.08706612139940262,0.4485514461994171,0.47084707021713257
YOR180C,YHR057C,0,0.0074813743,0.08704924583435059,0.4485514461994171,0.4709470868110657
YDL121C,YNL032W,0,0.0074792006,0.08703237026929855,0.4485514461994171,0.4710471034049988
YER008C,YOL165C,0,0.0074739913,0.08701550215482712,0.4485514461994171,0.4711471199989319
YKL061W,YGL060W,0,0.007472789,0.08699864149093628,0.4485514461994171,0.471247136592865
YMR097C,YDR364C,0,0.007470972,0.08698178827762604,0.4485514461994171,0.4713471233844757
YBR066C,YJR151C,0,0.007469702,0.08696494251489639,0.4485514461994171,0.4714471399784088
YBR196C,YKR102W,0,0.0074681113,0.08694810420274734,0.4485514461994171,0.4715471565723419
YPL064C,YPL218W,0,0.0074678184,0.0869312658905983,0.4485514461994171,0.471647173166275
YIR005W,YBR074W,0,0.0074675856,0.08691444247961044,0.4485514461994171,0.47174715995788574
YLR228C,YER145C,0,0.0074664685,0.08689761906862259,0.4485514461994171,0.47184717655181885
YJR149W,YDL225W,0,0.0074661816,0.08688080310821533,0.4485514461994171,0.47194719314575195
YOR071C,YGL068W,0,0.007463981,0.08686399459838867,0.4485514461994171,0.47204720973968506
YMR276W,YDL140C,0,0.0074631684,0.08684719353914261,0.4485514461994171,0.47214722633361816
YDR079W,YNL006W,0,0.0074535,0.08683039993047714,0.4485514461994171,0.4722472131252289
YNL270C,YBR132C,1,0.0074493494,0.08700696378946304,0.44955044984817505,0.4722472131252289
YGL010W,YNL070W,0,0.007446381,0.08699014037847519,0.44955044984817505,0.472347229719162
YNL085W,YDR222W,0,0.0074448944,0.08697333186864853,0.44955044984817505,0.4724472463130951
YIL095W,YLR164W,0,0.0074442183,0.08695652335882187,0.44955044984817505,0.4725472629070282
YLR153C,YOR098C,0,0.0074439957,0.0869397222995758,0.44955044984817505,0.4726472795009613
YBR145W,YNL262W,0,0.0074416003,0.08692292869091034,0.44955044984817505,0.472747266292572
YKL217W,YIL080W,0,0.007440903,0.08690614253282547,0.44955044984817505,0.4728472828865051
YDR067C,YLR009W,0,0.0074403784,0.0868893638253212,0.44955044984817505,0.47294729948043823
YML032C,YBR257W,0,0.007439604,0.08687258511781693,0.44955044984817505,0.47304731607437134
YGL162W,YEL043W,0,0.0074384524,0.08685582131147385,0.44955044984817505,0.47314730286598206
YDR167W,YJL095W,0,0.007434704,0.08683905750513077,0.44955044984817505,0.47324731945991516
YNL192W,YOR204W,0,0.0074345353,0.08682230114936829,0.44955044984817505,0.47334733605384827
YKR020W,YMR032W,0,0.007427736,0.0868055522441864,0.44955044984817505,0.47344735264778137
YJR034W,YNL219C,0,0.0074265306,0.08678881078958511,0.44955044984817505,0.4735473692417145
YOL082W,YNR060W,0,0.0074227885,0.08677207678556442,0.44955044984817505,0.4736473560333252
YJL134W,YJL214W,0,0.007419715,0.08675535023212433,0.44955044984817505,0.4737473726272583
YFL057C,YIR018W,0,0.0074194404,0.08673863112926483,0.44955044984817505,0.4738473892211914
YDR026C,YLL045C,0,0.0074172784,0.08672191202640533,0.44955044984817505,0.4739474058151245
YLR325C,YBR141C,0,0.0074116034,0.08670520037412643,0.44955044984817505,0.47404739260673523
YKL217W,YJR051W,0,0.0074095656,0.08668849617242813,0.44955044984817505,0.47414740920066833
YOR382W,YGR070W,0,0.007407848,0.08667179942131042,0.44955044984817505,0.47424742579460144
YCL043C,YPR138C,0,0.0074063544,0.08665511012077332,0.44955044984817505,0.47434744238853455
YKR057W,YPL122C,0,0.007404468,0.0866384282708168,0.44955044984817505,0.47444745898246765
YKL161C,YCL034W,0,0.0074007646,0.08662175387144089,0.44955044984817505,0.47454744577407837
YGR282C,YMR246W,0,0.007400432,0.08660507947206497,0.44955044984817505,0.4746474623680115
YOL026C,YDL040C,0,0.007396657,0.08658841997385025,0.44955044984817505,0.4747474789619446
YOR054C,YMR272C,0,0.007394368,0.08657176047563553,0.44955044984817505,0.4748474955558777
YBR066C,YCL034W,0,0.0073925136,0.0865551084280014,0.44955044984817505,0.4749474823474884
YHR030C,YDR449C,0,0.0073909145,0.08653846383094788,0.44955044984817505,0.4750474989414215
YCR060W,YDR059C,0,0.0073907743,0.08652181923389435,0.44955044984817505,0.4751475155353546
YDR174W,YBR120C,0,0.007386875,0.08650518953800201,0.44955044984817505,0.4752475321292877
YDR351W,YIL021W,0,0.007383296,0.08648856729269028,0.44955044984817505,0.4753475487232208
YFR031C,YDR245W,0,0.0073816115,0.08647194504737854,0.44955044984817505,0.47544753551483154
YIL142W,YDL171C,0,0.00738004,0.0864553302526474,0.44955044984817505,0.47554755210876465
YGL014W,YDL083C,0,0.007376345,0.08643872290849686,0.44955044984817505,0.47564756870269775
YLL061W,YNL268W,1,0.0073681273,0.08661417663097382,0.450549453496933,0.47564756870269775
YLL029W,YMR272C,0,0.0073644593,0.08659753948450089,0.450549453496933,0.47574758529663086
YNL052W,YGL190C,0,0.0073623084,0.08658091723918915,0.450549453496933,0.4758475720882416
YNL270C,YPL274W,1,0.0073545105,0.08675623685121536,0.4515484571456909,0.4758475720882416
YJR119C,YLR350W,0,0.007352293,0.08673959225416183,0.4515484571456909,0.4759475886821747
YNR004W,YGR145W,0,0.0073508844,0.0867229476571083,0.4515484571456909,0.4760476052761078
YMR186W,YLR153C,0,0.007348818,0.08670631051063538,0.4515484571456909,0.4761476218700409
YJR004C,YKR036C,0,0.0073453295,0.08668968081474304,0.4515484571456909,0.476247638463974
YPR001W,YDL216C,0,0.0073427847,0.0866730585694313,0.4515484571456909,0.4763476252555847
YCR011C,YKR006C,0,0.007336295,0.08665644377470016,0.4515484571456909,0.4764476418495178
YHR074W,YKL201C,0,0.007332893,0.08663982897996902,0.4515484571456909,0.4765476584434509
YOR279C,YJL004C,0,0.007331376,0.08662322908639908,0.4515484571456909,0.47664767503738403
YPR182W,YFR052W,0,0.0073308907,0.08660662919282913,0.4515484571456909,0.47674766182899475
YGL170C,YOR230W,0,0.0073297624,0.08659003674983978,0.4515484571456909,0.47684767842292786
YER103W,YPL007C,0,0.0073266756,0.08657345175743103,0.4515484571456909,0.47694769501686096
YGL209W,YMR061W,0,0.007318492,0.08655687421560287,0.4515484571456909,0.47704771161079407
YNR056C,YJR001W,1,0.0073178792,0.08673176169395447,0.45254746079444885,0.47704771161079407
YDR371W,YPR006C,0,0.0073176017,0.08671516180038452,0.45254746079444885,0.4771477282047272
YER022W,YLR285W,0,0.0073160706,0.08669856190681458,0.45254746079444885,0.4772477149963379
YFR001W,YBR145W,0,0.0073160427,0.08668197691440582,0.45254746079444885,0.477347731590271
YOL165C,YKR101W,0,0.007313391,0.08666539192199707,0.45254746079444885,0.4774477481842041
YER125W,YBR115C,0,0.007310414,0.08664881438016891,0.45254746079444885,0.4775477647781372
YLR268W,YLR145W,0,0.0073074326,0.08663224428892136,0.45254746079444885,0.4776477515697479
YDL179W,YMR038C,0,0.0073070275,0.0866156816482544,0.45254746079444885,0.47774776816368103
YKR071C,YGR134W,0,0.0073065087,0.08659911900758743,0.45254746079444885,0.47784778475761414
YPL064C,YMR229C,0,0.0073060696,0.08658257126808167,0.45254746079444885,0.47794780135154724
YMR025W,YDR449C,0,0.007303518,0.0865660235285759,0.45254746079444885,0.47804781794548035
YIL002C,YNL102W,0,0.007300849,0.08654948323965073,0.45254746079444885,0.47814780473709106
YPL265W,YCL038C,1,0.0072998125,0.08672397583723068,0.4535464644432068,0.47814780473709106
YER162C,YBR037C,0,0.007299419,0.08670741319656372,0.4535464644432068,0.47824782133102417
YLR389C,YMR159C,0,0.007298071,0.08669085055589676,0.4535464644432068,0.4783478379249573
YDR285W,YLL004W,0,0.007297664,0.08667430281639099,0.4535464644432068,0.4784478545188904
YNL238W,YMR159C,0,0.0072976323,0.08665776252746582,0.4535464644432068,0.4785478413105011
YER050C,YDR174W,0,0.00729756,0.08664122223854065,0.4535464644432068,0.4786478579044342
YJL030W,YGR118W,0,0.0072971284,0.08662468940019608,0.4535464644432068,0.4787478744983673
YMR168C,YPR011C,0,0.0072928225,0.0866081640124321,0.4535464644432068,0.4788478910923004
YPR149W,YOL101C,0,0.0072917,0.08659164607524872,0.4535464644432068,0.4789479076862335
YER125W,YMR046C,0,0.007290116,0.08657513558864594,0.4535464644432068,0.47904789447784424
YOL045W,YOL141W,0,0.007289813,0.08655862510204315,0.4535464644432068,0.47914791107177734
YNL335W,YER145C,0,0.0072820974,0.08654212951660156,0.4535464644432068,0.47924792766571045
YDR378C,YPL139C,0,0.0072808457,0.08652563393115997,0.4535464644432068,0.47934794425964355
YOR209C,YIR032C,0,0.0072739907,0.08650914579629898,0.4535464644432068,0.4794479310512543
YGL062W,YBL113C,0,0.00727294,0.08649266511201859,0.4535464644432068,0.4795479476451874
YBR067C,YBR257W,0,0.0072714295,0.08647619187831879,0.4535464644432068,0.4796479642391205
YLR107W,YOR251C,0,0.007266764,0.08645971864461899,0.4535464644432068,0.4797479808330536
YOL108C,YMR143W,0,0.0072664535,0.08644326031208038,0.4535464644432068,0.4798479974269867
YKL119C,YPR001W,0,0.007256448,0.08642680197954178,0.4535464644432068,0.4799479842185974
YDR046C,YDL212W,1,0.0072545,0.08660068362951279,0.4545454680919647,0.4799479842185974
YLL003W,YIL042C,0,0.0072537004,0.08658420294523239,0.4545454680919647,0.4800480008125305
YAR002C-A,YDR218C,0,0.007249814,0.08656772971153259,0.4545454680919647,0.4801480174064636
YLR401C,YJR083C,0,0.007236432,0.08655126392841339,0.4545454680919647,0.48024803400039673
YGL083W,YNL258C,0,0.0072364183,0.08653480559587479,0.4545454680919647,0.48034802079200745
YGR036C,YPR149W,0,0.007235456,0.08651834726333618,0.4545454680919647,0.48044803738594055
YLR268W,YDR470C,0,0.0072338767,0.08650190383195877,0.4545454680919647,0.48054805397987366
YDR233C,YHR156C,0,0.0072265454,0.08648546040058136,0.4545454680919647,0.48064807057380676
YOL020W,YER119C,1,0.0072263335,0.08665906637907028,0.45554444193840027,0.48064807057380676
YER013W,YCR012W,0,0.0072226804,0.08664260059595108,0.45554444193840027,0.48074808716773987
YPR137W,YCL043C,0,0.0072217775,0.08662614226341248,0.45554444193840027,0.4808480739593506
YDR473C,YKL096W-A,0,0.007218893,0.08660968393087387,0.45554444193840027,0.4809480905532837
YPL002C,YLR141W,0,0.0072136666,0.08659324049949646,0.45554444193840027,0.4810481071472168
YJL112W,YLL004W,0,0.007212632,0.08657679706811905,0.45554444193840027,0.4811481237411499
YMR013C,YNL223W,0,0.0072103273,0.08656036108732224,0.45554444193840027,0.4812481105327606
YLR191W,YBR278W,0,0.0072094263,0.08654393255710602,0.45554444193840027,0.4813481271266937
YBR069C,YJL059W,1,0.0072086756,0.08671727031469345,0.4565434455871582,0.4813481271266937
YPR182W,YIL006W,0,0.0072039813,0.08670081943273544,0.4565434455871582,0.48144814372062683
YDR351W,YAL054C,0,0.0072030677,0.08668436855077744,0.4565434455871582,0.48154816031455994
YKL176C,YJL059W,1,0.0071998253,0.08685757964849472,0.45754244923591614,0.48154816031455994
YKL174C,YBR068C,1,0.00719867,0.08703071624040604,0.4585414528846741,0.48154816031455994
YFR013W,YJR051W,0,0.0071959984,0.08701422065496445,0.4585414528846741,0.48164817690849304
YMR227C,YJR130C,0,0.0071942746,0.08699772506952286,0.4585414528846741,0.48174816370010376
YBR293W,YPL265W,1,0.00719121,0.08717074245214462,0.459540456533432,0.48174816370010376
YOR232W,YML109W,0,0.0071885693,0.08715422451496124,0.459540456533432,0.48184818029403687
YML112W,YMR308C,0,0.0071868505,0.08713771402835846,0.459540456533432,0.48194819688796997
YDR174W,YPL223C,0,0.007184793,0.08712121099233627,0.459540456533432,0.4820482134819031
YNL079C,YER162C,0,0.0071779047,0.08710471540689468,0.459540456533432,0.4821482002735138
YKR055W,YJR101W,0,0.0071739703,0.08708822727203369,0.459540456533432,0.4822482168674469
YJL140W,YJL103C,0,0.0071705547,0.0870717391371727,0.459540456533432,0.48234823346138
YJL029C,YJL144W,0,0.0071704974,0.0870552584528923,0.459540456533432,0.4824482500553131
YFR013W,YBR120C,0,0.00717047,0.0870387926697731,0.459540456533432,0.4825482666492462
YHR164C,YNR013C,0,0.007169754,0.0870223194360733,0.459540456533432,0.48264825344085693
YLL051C,YBR196C,0,0.007168756,0.0870058611035347,0.459540456533432,0.48274827003479004
YKL176C,YLL055W,1,0.0071673817,0.08717852085828781,0.46053946018218994,0.48274827003479004
YJL030W,YBR080C,0,0.007159585,0.08716203272342682,0.46053946018218994,0.48284828662872314
YLR291C,YBR257W,0,0.007159517,0.08714555948972702,0.46053946018218994,0.48294830322265625
YKL174C,YGL212W,0,0.007152365,0.08712908625602722,0.46053946018218994,0.48304829001426697
YEL070W,YPL093W,0,0.00715182,0.08711262047290802,0.46053946018218994,0.4831483066082001
YOR348C,YNL101W,1,0.0071509676,0.08728509396314621,0.4615384638309479,0.4831483066082001
YDR310C,YBR187W,0,0.0071494067,0.08726860582828522,0.4615384638309479,0.4832483232021332
YKL174C,YGR055W,1,0.0071447813,0.08744098246097565,0.4625374674797058,0.4832483232021332
YDR461W,YCL034W,0,0.007144707,0.08742447197437286,0.4625374674797058,0.4833483397960663
YNL163C,YJL071W,0,0.0071432386,0.08740796893835068,0.4625374674797058,0.4834483563899994
YLR206W,YGL212W,0,0.007142559,0.08739146590232849,0.4625374674797058,0.4835483431816101
YOL057W,YOL158C,0,0.007141663,0.0873749777674675,0.4625374674797058,0.4836483597755432
YOL112W,YMR032W,0,0.007140246,0.0873584896326065,0.4625374674797058,0.4837483763694763
YFL055W,YGR055W,1,0.0071384013,0.08753065764904022,0.46353647112846375,0.4837483763694763
YLL041C,YKR006C,0,0.0071366206,0.08751414716243744,0.46353647112846375,0.4838483929634094
YJL194W,YOR232W,0,0.007136262,0.08749764412641525,0.46353647112846375,0.48394840955734253
YMR034C,YGL216W,0,0.007136235,0.08748114854097366,0.46353647112846375,0.48404839634895325
YJR021C,YOR279C,0,0.0071348264,0.08746465295553207,0.46353647112846375,0.48414841294288635
YCR093W,YML028W,0,0.007133833,0.08744817227125168,0.46353647112846375,0.48424842953681946
YPR002W,YNR044W,0,0.0071334317,0.08743169158697128,0.46353647112846375,0.48434844613075256
YLR305C,YKL015W,0,0.0071305274,0.08741522580385208,0.46353647112846375,0.4844484329223633
YKR054C,YKL085W,0,0.007124457,0.08739876002073288,0.46353647112846375,0.4845484495162964
YNL172W,YJL187C,0,0.0071197804,0.08738229423761368,0.46353647112846375,0.4846484661102295
YJL030W,YDL083C,0,0.007118412,0.08736584335565567,0.46353647112846375,0.4847484827041626
YNL073W,YML099C,0,0.007115325,0.08734939992427826,0.46353647112846375,0.4848484992980957
YMR115W,YIL035C,0,0.0071145273,0.08733295649290085,0.46353647112846375,0.4849484860897064
YGR095C,YJR083C,0,0.0071130926,0.08731652051210403,0.46353647112846375,0.4850485026836395
YPL082C,YGL019W,0,0.0071106213,0.08730009198188782,0.46353647112846375,0.48514851927757263
YPL163C,YJL149W,0,0.007110079,0.0872836709022522,0.46353647112846375,0.48524853587150574
YBR155W,YJL029C,0,0.0071094427,0.08726725727319717,0.46353647112846375,0.48534852266311646
YEL043W,YJR083C,0,0.0071081403,0.08725084364414215,0.46353647112846375,0.48544853925704956
YKL206C,YER052C,0,0.007107043,0.08723444491624832,0.46353647112846375,0.48554855585098267
YDL036C,YOR212W,0,0.007106935,0.08721804618835449,0.46353647112846375,0.48564857244491577
YNL084C,YDR470C,0,0.0071048695,0.08720165491104126,0.46353647112846375,0.4857485890388489
YBR052C,YLL033W,0,0.007103935,0.08718527108430862,0.46353647112846375,0.4858485758304596
YDR109C,YLR042C,0,0.0070992345,0.08716888725757599,0.46353647112846375,0.4859485924243927
YER055C,YKR002W,0,0.0070988443,0.08715251833200455,0.46353647112846375,0.4860486090183258
YDR090C,YAL024C,0,0.0070984475,0.0871361494064331,0.46353647112846375,0.4861486256122589
YJL128C,YLL012W,0,0.007097161,0.08711978793144226,0.46353647112846375,0.48624861240386963
YBR068C,YMR088C,1,0.0070969556,0.0872911587357521,0.4645354747772217,0.48624861240386963
YAL038W,YMR210W,0,0.0070959744,0.08727477490901947,0.4645354747772217,0.48634862899780273
YGR268C,YLR213C,0,0.0070936503,0.08725839853286743,0.4645354747772217,0.48644864559173584
YDR263C,YGL004C,0,0.007088581,0.08724202960729599,0.4645354747772217,0.48654866218566895
YNL236W,YGL236C,0,0.0070849974,0.08722566068172455,0.4645354747772217,0.48664867877960205
YJL141C,YNL122C,0,0.007084387,0.0872092992067337,0.4645354747772217,0.48674866557121277
YMR019W,YIL042C,0,0.0070835752,0.08719295263290405,0.4645354747772217,0.4868486821651459
YMR061W,YKL061W,0,0.0070832996,0.0871766060590744,0.4645354747772217,0.486948698759079
YML032C,YLR153C,0,0.0070820926,0.08716025948524475,0.4645354747772217,0.4870487153530121
YGL237C,YDL035C,0,0.007080899,0.0871439278125763,0.4645354747772217,0.4871487021446228
YBR275C,YJR103W,0,0.007079981,0.08712759613990784,0.4645354747772217,0.4872487187385559
YPR189W,YDR263C,0,0.0070783384,0.08711127936840057,0.4645354747772217,0.487348735332489
YLL055W,YGL077C,1,0.007076187,0.08728226274251938,0.4655344784259796,0.487348735332489
YDL179W,YNL010W,0,0.00707608,0.08726591616868973,0.4655344784259796,0.4874487519264221
YDR383C,YGR020C,0,0.007075889,0.08724957704544067,0.4655344784259796,0.4875487685203552
YBR059C,YDL083C,0,0.0070747137,0.08723324537277222,0.4655344784259796,0.48764875531196594
YGL077C,YEL062W,1,0.007072697,0.08740407973527908,0.46653345227241516,0.48764875531196594
YDR310C,YML039W,0,0.0070710997,0.08738772571086884,0.46653345227241516,0.48774877190589905
YLR452C,YBR192W,0,0.0070680305,0.08737137168645859,0.46653345227241516,0.48784878849983215
YGR118W,YLR026C,0,0.007065976,0.08735503256320953,0.46653345227241516,0.48794880509376526
YDL142C,YPR006C,0,0.0070652603,0.08733869343996048,0.46653345227241516,0.488048791885376
YNL127W,YOR148C,0,0.007063762,0.08732236176729202,0.46653345227241516,0.4881488084793091
YBR002C,YDR196C,0,0.0070621897,0.08730603754520416,0.46653345227241516,0.4882488250732422
YEL031W,YOR393W,0,0.007059542,0.0872897207736969,0.46653345227241516,0.4883488416671753
YER074W,YLR330W,0,0.0070585026,0.08727340400218964,0.46653345227241516,0.4884488582611084
YLR278C,YNR002C,0,0.007053685,0.08725710213184357,0.46653345227241516,0.4885488450527191
YJL030W,YMR301C,0,0.0070516714,0.0872408002614975,0.46653345227241516,0.4886488616466522
YDR470C,YHR057C,0,0.0070513044,0.08722450584173203,0.46653345227241516,0.4887488782405853
YGL112C,YOL155C,0,0.0070489547,0.08720821887254715,0.46653345227241516,0.48884889483451843
YNL117W,YGR171C,0,0.007046335,0.08719193190336227,0.46653345227241516,0.48894888162612915
YPR144C,YGL244W,0,0.0070453174,0.08717565983533859,0.46653345227241516,0.48904889822006226
YNL232W,YDR159W,0,0.0070428597,0.08715938776731491,0.46653345227241516,0.48914891481399536
YOR071C,YBR010W,0,0.007041139,0.08714312314987183,0.46653345227241516,0.48924893140792847
YHR029C,YDL227C,0,0.007038636,0.08712686598300934,0.46653345227241516,0.4893489480018616
YNL309W,YKL175W,0,0.0070318836,0.08711061626672745,0.46653345227241516,0.4894489347934723
YIL134W,YPL259C,0,0.0070282584,0.08709436655044556,0.46653345227241516,0.4895489513874054
YOL086C,YOL108C,0,0.0070279795,0.08707812428474426,0.46653345227241516,0.4896489679813385
YHR061C,YGR089W,0,0.007026385,0.08706189692020416,0.46653345227241516,0.4897489845752716
YBR287W,YOR123C,0,0.00702549,0.08704566955566406,0.46653345227241516,0.4898489713668823
YPR182W,YMR054W,0,0.007025484,0.08702944219112396,0.46653345227241516,0.48994898796081543
YIL061C,YNR021W,0,0.0070239473,0.08701322972774506,0.46653345227241516,0.49004900455474854
YPR135W,YLR028C,0,0.0070217024,0.08699701726436615,0.46653345227241516,0.49014902114868164
YPL163C,YMR065W,0,0.0070210374,0.08698081225156784,0.46653345227241516,0.49024903774261475
YOL155C,YPR125W,0,0.007018276,0.08696461468935013,0.46653345227241516,0.49034902453422546
YCL069W,YBR069C,1,0.007011842,0.08713461458683014,0.4675324559211731,0.49034902453422546
YOR159C,YDR159W,0,0.0070087053,0.08711839467287064,0.4675324559211731,0.49044904112815857
YLL012W,YAL031C,0,0.0070080385,0.08710217475891113,0.4675324559211731,0.4905490577220917
YBR080C,YDR457W,0,0.0070071723,0.08708596974611282,0.4675324559211731,0.4906490743160248
YLR182W,YOR142W,0,0.0070068403,0.08706976473331451,0.4675324559211731,0.4907490611076355
YBR081C,YAL039C,0,0.0070059113,0.0870535746216774,0.4675324559211731,0.4908490777015686
YMR039C,YMR143W,0,0.0070016272,0.08703738451004028,0.4675324559211731,0.4909490942955017
YKR002W,YJR032W,0,0.007000811,0.08702119439840317,0.4675324559211731,0.4910491108894348
YBR120C,YPL244C,0,0.006999495,0.08700501918792725,0.4675324559211731,0.4911491274833679
YHR002W,YDL015C,0,0.006999164,0.08698884397745132,0.4675324559211731,0.49124911427497864
YML052W,YKR101W,0,0.006997729,0.0869726836681366,0.4675324559211731,0.49134913086891174
YLL061W,YEL063C,1,0.0069960854,0.08714232593774796,0.46853145956993103,0.49134913086891174
YCL004W,YJL095W,0,0.006995854,0.08712613582611084,0.46853145956993103,0.49144914746284485
YBR293W,YOL020W,1,0.006994327,0.08729568868875504,0.46953046321868896,0.49144914746284485
YNL273W,YJL191W,0,0.0069913203,0.08727948367595673,0.46953046321868896,0.49154916405677795
YNL270C,YER119C,1,0.006989659,0.08744893968105316,0.4705294668674469,0.49154916405677795
YOL086C,YLR103C,0,0.0069888383,0.08743270486593246,0.4705294668674469,0.49164915084838867
YAL060W,YJR057W,0,0.006988173,0.08741647750139236,0.4705294668674469,0.4917491674423218
YPL104W,YPL183W-A,0,0.0069864257,0.08740025758743286,0.4705294668674469,0.4918491840362549
YDL210W,YIL088C,1,0.006985086,0.08756957203149796,0.47152847051620483,0.4918491840362549
YLR228C,YGR238C,0,0.006976297,0.08755332976579666,0.47152847051620483,0.491949200630188
YOL145C,YLR395C,0,0.0069707297,0.08753709495067596,0.47152847051620483,0.4920492172241211
YGL172W,YLR129W,0,0.006970004,0.08752086013555527,0.47152847051620483,0.4921492040157318
YML097C,YLR219W,0,0.006969958,0.08750463277101517,0.47152847051620483,0.4922492206096649
YMR169C,YCR060W,0,0.006966361,0.08748841285705566,0.47152847051620483,0.492349237203598
YOR106W,YNL192W,0,0.0069657345,0.08747220039367676,0.47152847051620483,0.49244925379753113
YKL165C,YIL047C,0,0.006965586,0.08745599538087845,0.47152847051620483,0.49254924058914185
YGR081C,YDR457W,0,0.00696491,0.08743979036808014,0.47152847051620483,0.49264925718307495
YLL061W,YCL025C,1,0.0069638286,0.08760881423950195,0.47252747416496277,0.49264925718307495
YDR076W,YDR304C,0,0.006960987,0.08759259432554245,0.47252747416496277,0.49274927377700806
YDL212W,YER119C,1,0.006958947,0.0877615287899971,0.4735264778137207,0.49274927377700806
YOR176W,YGL170C,0,0.0069527016,0.08774527907371521,0.4735264778137207,0.49284929037094116
YKL201C,YNL121C,0,0.0069515556,0.08772903680801392,0.4735264778137207,0.49294930696487427
YLR080W,YHR156C,0,0.0069512697,0.08771280199289322,0.4735264778137207,0.493049293756485
YFR029W,YDR457W,0,0.0069506275,0.08769657462835312,0.4735264778137207,0.4931493103504181
YOL112W,YDR415C,0,0.006950542,0.08768035471439362,0.4735264778137207,0.4932493269443512
YPL002C,YFL057C,0,0.0069497954,0.08766414225101471,0.4735264778137207,0.4933493435382843
YJR057W,YLR389C,0,0.0069466857,0.0876479297876358,0.4735264778137207,0.493449330329895
YPR002W,YJL124C,0,0.0069464166,0.0876317247748375,0.4735264778137207,0.4935493469238281
YHL012W,YOR304W,0,0.00694538,0.08761552721261978,0.4735264778137207,0.49364936351776123
YLR404W,YLR394W,0,0.006939016,0.08759933710098267,0.4735264778137207,0.49374938011169434
YBL113C,YMR304W,0,0.0069366177,0.08758314698934555,0.4735264778137207,0.49384939670562744
YGL162W,YLR219W,0,0.006932802,0.08756697177886963,0.4735264778137207,0.49394938349723816
YOR283W,YPL082C,0,0.0069321394,0.08755079656839371,0.4735264778137207,0.49404940009117126
YBL041W,YDR211W,0,0.0069302157,0.08753462880849838,0.4735264778137207,0.49414941668510437
YOL020W,YNL101W,1,0.006928782,0.08770310133695602,0.47452548146247864,0.49414941668510437
YGR167W,YCL024W,0,0.006927968,0.08768691122531891,0.47452548146247864,0.4942494332790375
YPL259C,YGL071W,0,0.0069259964,0.08767072856426239,0.47452548146247864,0.4943494200706482
YJR057W,YKL166C,0,0.0069259508,0.08765454590320587,0.47452548146247864,0.4944494366645813
YDR492W,YLR160C,0,0.0069256127,0.08763837814331055,0.47452548146247864,0.4945494532585144
YNL258C,YHR051W,0,0.006924557,0.08762221038341522,0.47452548146247864,0.4946494698524475
YLL008W,YKL061W,0,0.006920947,0.0876060500741005,0.47452548146247864,0.4947494864463806
YPR035W,YPL119C,0,0.0069208294,0.08758989721536636,0.47452548146247864,0.49484947323799133
YMR169C,YKR054C,0,0.0069185626,0.08757374435663223,0.47452548146247864,0.49494948983192444
YOR388C,YLR228C,0,0.0069169565,0.0875576063990593,0.47452548146247864,0.49504950642585754
YKL020C,YDL128W,0,0.006916734,0.08754146844148636,0.47452548146247864,0.49514952301979065
YFL014W,YBR080C,0,0.006912657,0.08752533793449402,0.47452548146247864,0.49524953961372375
YBR172C,YDR146C,0,0.006911208,0.08750921487808228,0.47452548146247864,0.4953495264053345
YMR319C,YOR275C,0,0.0069099115,0.08749309182167053,0.47452548146247864,0.4954495429992676
YKL165C,YCL025C,0,0.006909791,0.08747697621583939,0.47452548146247864,0.4955495595932007
YBR081C,YOL158C,0,0.006908021,0.08746087551116943,0.47452548146247864,0.4956495761871338
YAL022C,YMR194W,0,0.0069057476,0.08744477480649948,0.47452548146247864,0.4957495629787445
YFR031C,YDR498C,0,0.006903099,0.08742867410182953,0.47452548146247864,0.4958495795726776
YPR182W,YLL019C,0,0.0069015734,0.08741258829832077,0.47452548146247864,0.4959495961666107
YJR151C,YDR416W,0,0.0068995273,0.08739650249481201,0.47452548146247864,0.4960496127605438
YEL022W,YBL068W,0,0.0068968222,0.08738042414188385,0.47452548146247864,0.49614962935447693
YOL102C,YPL252C,0,0.0068936585,0.08736435323953629,0.47452548146247864,0.49624961614608765
YJL030W,YLL017W,0,0.006891632,0.08734828978776932,0.47452548146247864,0.49634963274002075
YDR196C,YOR313C,0,0.006890085,0.08733223378658295,0.47452548146247864,0.49644964933395386
YOR054C,YMR038C,0,0.006886216,0.08731617778539658,0.47452548146247864,0.49654966592788696
YGL216W,YOR008C,0,0.006877609,0.0873001292347908,0.47452548146247864,0.4966496527194977
YGL236C,YJL029C,0,0.006876098,0.08728408813476562,0.47452548146247864,0.4967496693134308
YHR002W,YDR140W,0,0.006875906,0.08726804703474045,0.47452548146247864,0.4968496859073639
YER022W,YOR222W,0,0.0068746433,0.08725202083587646,0.47452548146247864,0.496949702501297
YDR337W,YBR257W,0,0.0068731587,0.08723599463701248,0.47452548146247864,0.4970497190952301
YIL080W,YLR394W,0,0.006870672,0.0872199758887291,0.47452548146247864,0.4971497058868408
YNL281W,YOR209C,0,0.0068582734,0.0872039645910263,0.47452548146247864,0.4972497224807739
YLR305C,YGR095C,0,0.006851408,0.08718796074390411,0.47452548146247864,0.49734973907470703
YPL007C,YDR472W,0,0.0068485597,0.08717195689678192,0.47452548146247864,0.49744975566864014
YOR297C,YLR394W,0,0.0068483874,0.08715596050024033,0.47452548146247864,0.49754974246025085
YMR194W,YEL030W,0,0.0068476778,0.08713997155427933,0.47452548146247864,0.49764975905418396
YDR405W,YGR185C,0,0.0068451036,0.08712399005889893,0.47452548146247864,0.49774977564811707
YNL102W,YOR382W,0,0.0068434337,0.08710801601409912,0.47452548146247864,0.49784979224205017
YPR144C,YMR182C,0,0.006843003,0.08709204196929932,0.47452548146247864,0.4979498088359833
YEL036C,YGL233W,0,0.0068383217,0.08707607537508011,0.47452548146247864,0.498049795627594
YMR078C,YAL031C,0,0.0068379887,0.0870601162314415,0.47452548146247864,0.4981498122215271
YLR107W,YOR313C,0,0.006837878,0.08704416453838348,0.47452548146247864,0.4982498288154602
YGR118W,YAL029C,0,0.006836094,0.08702821284532547,0.47452548146247864,0.4983498454093933
YPL265W,YGR142W,1,0.0068301912,0.08719545602798462,0.4755244851112366,0.4983498454093933
YDL212W,YDR508C,1,0.0068274816,0.08736263960599899,0.4765234887599945,0.4983498454093933
YIL134W,YOR099W,0,0.0068274424,0.0873466432094574,0.4765234887599945,0.49844983220100403
YIL134W,YCL032W,0,0.00682646,0.0873306468129158,0.4765234887599945,0.49854984879493713
YAR035W,YGR229C,0,0.00682625,0.0873146653175354,0.4765234887599945,0.49864986538887024
YFL057C,YKL189W,0,0.0068255253,0.087298683822155,0.4765234887599945,0.49874988198280334
YDL212W,YLL061W,1,0.006825409,0.08746568858623505,0.47752249240875244,0.49874988198280334
YCR027C,YJR001W,1,0.0068224524,0.08763264119625092,0.478521466255188,0.49874988198280334
YML051W,YBR170C,0,0.006819845,0.08761660754680634,0.478521466255188,0.49884989857673645
YPR125W,YOR098C,0,0.006819258,0.08760058879852295,0.478521466255188,0.49894988536834717
YJL071W,YBR230C,0,0.006815935,0.08758457005023956,0.478521466255188,0.4990499019622803
YOL010W,YML071C,0,0.006813521,0.08756855875253677,0.478521466255188,0.4991499185562134
YLR300W,YEL062W,0,0.006811882,0.08755254745483398,0.478521466255188,0.4992499351501465
YNL122C,YDR496C,0,0.0068110693,0.08753655105829239,0.478521466255188,0.4993499219417572
YCL036W,YGL225W,0,0.0068076607,0.0875205546617508,0.478521466255188,0.4994499385356903
YOR074C,YKL020C,0,0.006800249,0.0875045657157898,0.478521466255188,0.4995499551296234
YJL194W,YJL149W,0,0.006798958,0.0874885842204094,0.478521466255188,0.4996499717235565
YJR010W,YKL201C,0,0.006798662,0.08747261017560959,0.478521466255188,0.4997499883174896
YNL101W,YLL055W,1,0.0067973835,0.087639220058918,0.4795204699039459,0.4997499883174896
YCR057C,YOR180C,0,0.0067954874,0.0876232236623764,0.4795204699039459,0.49984997510910034
YOR159C,YGR177C,0,0.0067923404,0.08760722726583481,0.4795204699039459,0.49994999170303345
YAL022C,YDR373W,0,0.006790527,0.08759123831987381,0.4795204699039459,0.5000500082969666
YNR056C,YNL270C,1,0.0067865243,0.08775770664215088,0.48051947355270386,0.5000500082969666
YCR075C,YGL077C,1,0.0067850687,0.08792411535978317,0.4815184772014618,0.5000500082969666
YFR031C,YFR036W,0,0.0067805,0.08790808171033859,0.4815184772014618,0.5001500248908997
YGR167W,YNL006W,0,0.0067773857,0.08789204806089401,0.4815184772014618,0.5002500414848328
YOR298W,YER168C,0,0.0067755436,0.08787602186203003,0.4815184772014618,0.5003500580787659
YKL090W,YBR274W,0,0.006774434,0.08786001056432724,0.4815184772014618,0.500450074672699
YLR285W,YCL032W,0,0.0067718863,0.08784399181604385,0.4815184772014618,0.5005500316619873
YDR378C,YKL210W,0,0.006771797,0.08782798796892166,0.4815184772014618,0.5006500482559204
YMR005W,YGR255C,0,0.0067700073,0.08781198412179947,0.4815184772014618,0.5007500648498535
YGR180C,YIL076W,0,0.0067680804,0.08779599517583847,0.4815184772014618,0.5008500814437866
YGR229C,YOR008C,0,0.0067652124,0.08778000622987747,0.4815184772014618,0.5009500980377197
YFL038C,YKL082C,0,0.0067616757,0.08776401728391647,0.4815184772014618,0.5010501146316528
YDR076W,YIL048W,0,0.0067605744,0.08774804323911667,0.4815184772014618,0.5011501312255859
YGL068W,YER046W,0,0.0067593995,0.08773206919431686,0.4815184772014618,0.501250147819519
YPR083W,YJR034W,0,0.006759233,0.08771610260009766,0.4815184772014618,0.5013501644134521
YMR013C,YER175C,0,0.0067590536,0.08770014345645905,0.4815184772014618,0.5014501214027405
YBR042C,YCL032W,0,0.0067569576,0.08768419176340103,0.4815184772014618,0.5015501379966736
YOL066C,YLL055W,0,0.006752613,0.08766824007034302,0.4815184772014618,0.5016501545906067
YBR125C,YAR002C-A,0,0.0067516793,0.0876523032784462,0.4815184772014618,0.5017501711845398
YPR194C,YDR026C,0,0.0067472197,0.08763636648654938,0.4815184772014618,0.5018501877784729
YHR002W,YKL165C,0,0.0067448844,0.08762042969465256,0.4815184772014618,0.501950204372406
YPR111W,YBR115C,0,0.0067444365,0.08760450780391693,0.4815184772014618,0.5020502209663391
YLR208W,YJL082W,0,0.0067420574,0.0875885859131813,0.4815184772014618,0.5021502375602722
YLR300W,YJR031C,0,0.0067335977,0.08757267147302628,0.4815184772014618,0.5022502541542053
YOL111C,YPL273W,0,0.0067326217,0.08755676448345184,0.4815184772014618,0.5023502111434937
YLR295C,YHL027W,0,0.006731608,0.08754086494445801,0.4815184772014618,0.5024502277374268
YNL026W,YDR449C,0,0.0067310277,0.08752496540546417,0.4815184772014618,0.5025502443313599
YNR017W,YDR444W,0,0.0067307376,0.08750908076763153,0.4815184772014618,0.502650260925293
YOR194C,YJR103W,0,0.0067298706,0.08749319612979889,0.4815184772014618,0.5027502775192261
YNL281W,YMR087W,0,0.006729829,0.08747731149196625,0.4815184772014618,0.5028502941131592
YER103W,YER151C,0,0.006727872,0.0874614417552948,0.4815184772014618,0.5029503107070923
YMR097C,YBR061C,0,0.0067264447,0.08744557201862335,0.4815184772014618,0.5030503273010254
YNL268W,YER119C,1,0.0067256675,0.08761110156774521,0.4825174808502197,0.5030503273010254
YOL070C,YDR207C,0,0.0067200125,0.08759520947933197,0.4825174808502197,0.5031503438949585
YOR388C,YDR332W,0,0.006719949,0.08757933229207993,0.4825174808502197,0.5032503008842468
YDR453C,YDR240C,0,0.0067193317,0.08756345510482788,0.4825174808502197,0.5033503174781799
YJL103C,YPL259C,0,0.0067160986,0.08754757791757584,0.4825174808502197,0.503450334072113
YKL168C,YBR010W,0,0.006715806,0.08753171563148499,0.4825174808502197,0.5035503506660461
YLR105C,YOR310C,0,0.006714089,0.08751585334539413,0.4825174808502197,0.5036503672599792
YIR025W,YJR031C,0,0.006711685,0.08749999850988388,0.4825174808502197,0.5037503838539124
YGR281W,YPR006C,0,0.006709161,0.08748415112495422,0.4825174808502197,0.5038504004478455
YDL217C,YFL013C,0,0.006704279,0.08746831119060516,0.4825174808502197,0.5039504170417786
YOR382W,YHR174W,0,0.0067042634,0.0874524712562561,0.4825174808502197,0.5040504336357117
YCR060W,YJR021C,0,0.006702523,0.08743663877248764,0.4825174808502197,0.504150390625
YNL258C,YNL335W,0,0.0066980897,0.08742081373929977,0.4825174808502197,0.5042504072189331
YLR289W,YDR254W,0,0.006695895,0.0874049961566925,0.4825174808502197,0.5043504238128662
YML051W,YGR180C,0,0.006694037,0.08738917857408524,0.4825174808502197,0.5044504404067993
YDR076W,YGL225W,0,0.0066928254,0.08737336844205856,0.4825174808502197,0.5045504570007324
YPR187W,YNR072W,0,0.0066923723,0.08735756576061249,0.4825174808502197,0.5046504735946655
YGR221C,YGR010W,0,0.006689536,0.08734177052974701,0.4825174808502197,0.5047504901885986
YGL122C,YKL203C,0,0.0066882404,0.08732598274946213,0.4825174808502197,0.5048505067825317
YDR167W,YDR470C,0,0.006686634,0.08731019496917725,0.4825174808502197,0.5049505233764648
YMR169C,YMR159C,0,0.0066845287,0.08729441463947296,0.4825174808502197,0.5050504803657532
YGR095C,YJL214W,0,0.0066841296,0.08727864176034927,0.4825174808502197,0.5051504969596863
YPR119W,YIL047C,0,0.006684009,0.08726287633180618,0.4825174808502197,0.5052505135536194
YLR321C,YFL045C,0,0.0066828188,0.08724711090326309,0.4825174808502197,0.5053505301475525
YAR002C-A,YIL046W,0,0.0066821286,0.0872313529253006,0.4825174808502197,0.5054505467414856
YGR199W,YGR084C,0,0.0066813533,0.0872156023979187,0.4825174808502197,0.5055505633354187
YBR294W,YAL024C,0,0.006681319,0.0871998518705368,0.4825174808502197,0.5056505799293518
YKR019C,YBR282W,0,0.0066787307,0.0871841162443161,0.4825174808502197,0.5057505965232849
YER154W,YMR078C,0,0.00667461,0.0871683806180954,0.4825174808502197,0.505850613117218
YMR078C,YBL089W,0,0.006674566,0.08715265244245529,0.4825174808502197,0.5059505701065063
YKR054C,YCR011C,0,0.0066728014,0.08713693171739578,0.4825174808502197,0.5060505867004395
YJL004C,YPR091C,0,0.006670744,0.08712121099233627,0.4825174808502197,0.5061506032943726
YBR002C,YNL084C,0,0.0066689528,0.08710549771785736,0.4825174808502197,0.5062506198883057
YDL111C,YER046W,0,0.0066653723,0.08708979189395905,0.4825174808502197,0.5063506364822388
YEL069C,YER090W,0,0.006665091,0.08707409352064133,0.4825174808502197,0.5064506530761719
YLR113W,YGR229C,0,0.006664965,0.0870584025979042,0.4825174808502197,0.506550669670105
YHR047C,YLR105C,0,0.0066643744,0.08704271167516708,0.4825174808502197,0.5066506862640381
YML071C,YER087W,0,0.006662875,0.08702702820301056,0.4825174808502197,0.5067507028579712
YDL212W,YKL146W,1,0.0066619636,0.08719149976968765,0.48351648449897766,0.5067507028579712
YLR141W,YHR174W,0,0.0066604964,0.08717579394578934,0.48351648449897766,0.5068506598472595
YMR319C,YMR193W,0,0.006657771,0.08716009557247162,0.48351648449897766,0.5069506764411926
YOR261C,YLR278C,0,0.0066568693,0.0871443971991539,0.48351648449897766,0.5070506930351257
YNL178W,YDR527W,0,0.0066520404,0.08712871372699738,0.48351648449897766,0.5071507096290588
YNL231C,YOL054W,0,0.006651883,0.08711303025484085,0.48351648449897766,0.5072507262229919
YDL055C,YEL041W,0,0.006650358,0.08709735423326492,0.48351648449897766,0.507350742816925
YDR389W,YKL165C,0,0.006647511,0.08708168566226959,0.48351648449897766,0.5074507594108582
YOR304W,YFL048C,0,0.0066471803,0.08706601709127426,0.48351648449897766,0.5075507760047913
YPL265W,YNL065W,1,0.006644703,0.08723021298646927,0.4845154881477356,0.5075507760047913
YMR269W,YDR304C,0,0.006643664,0.08721452951431274,0.4845154881477356,0.5076507925987244
YNR004W,YPL259C,0,0.006643208,0.08719884604215622,0.4845154881477356,0.5077507495880127
YDR457W,YBR031W,0,0.0066421693,0.08718317747116089,0.4845154881477356,0.5078507661819458
YML071C,YOL158C,0,0.0066399295,0.08716750890016556,0.4845154881477356,0.5079507827758789
YGL062W,YLR145W,0,0.0066371597,0.08715184032917023,0.4845154881477356,0.508050799369812
YCL014W,YMR137C,0,0.006629572,0.08713618665933609,0.4845154881477356,0.5081508159637451
YCL025C,YOL004W,0,0.0066291853,0.08712053298950195,0.4845154881477356,0.5082508325576782
YMR176W,YFL045C,0,0.006624966,0.08710488677024841,0.4845154881477356,0.5083508491516113
YDL022W,YOR327C,0,0.006623633,0.08708924055099487,0.4845154881477356,0.5084508657455444
YMR008C,YHR135C,0,0.006618214,0.08707360923290253,0.4845154881477356,0.5085508823394775
YML056C,YNL078W,0,0.006616023,0.08705797791481018,0.4845154881477356,0.5086508393287659
YGL236C,YGR112W,0,0.0066156434,0.08704235404729843,0.4845154881477356,0.508750855922699
YFL057C,YIL048W,0,0.00661096,0.08702673763036728,0.4845154881477356,0.5088508725166321
YKL061W,YMR301C,0,0.006610246,0.08701112121343613,0.4845154881477356,0.5089508891105652
YOL066C,YLR401C,0,0.0066097076,0.08699551224708557,0.4845154881477356,0.5090509057044983
YKR066C,YKR020W,0,0.0066073346,0.08697991073131561,0.4845154881477356,0.5091509222984314
YBR095C,YLL040C,0,0.0066061644,0.08696431666612625,0.4845154881477356,0.5092509388923645
YAR035W,YKL094W,0,0.0066040778,0.08694873005151749,0.4845154881477356,0.5093509554862976
YPL151C,YJR119C,0,0.0065949676,0.08693314343690872,0.4845154881477356,0.5094509720802307
YJL087C,YOL040C,0,0.0065904865,0.08691756427288055,0.4845154881477356,0.509550929069519
YPL213W,YDR416W,0,0.0065883263,0.08690199255943298,0.4845154881477356,0.5096509456634521
YPR030W,YBR173C,0,0.006585865,0.08688642084598541,0.4845154881477356,0.5097509622573853
YBL011W,YER046W,0,0.0065856935,0.08687085658311844,0.4845154881477356,0.5098509788513184
YGL162W,YLR165C,0,0.0065780547,0.08685529977083206,0.4845154881477356,0.5099509954452515
YBR093C,YGR222W,0,0.0065745437,0.08683975040912628,0.4845154881477356,0.5100510120391846
YKL093W,YGR271W,0,0.0065738335,0.0868242010474205,0.4845154881477356,0.5101510286331177
YBR187W,YKL001C,0,0.006571875,0.08680866658687592,0.4845154881477356,0.5102510452270508
YDR457W,YHR082C,0,0.006570835,0.08679312467575073,0.4845154881477356,0.5103510618209839
YJL034W,YGL241W,0,0.0065706517,0.08677759766578674,0.4845154881477356,0.5104510188102722
YKR039W,YBR069C,1,0.0065639107,0.08694096654653549,0.48551449179649353,0.5104510188102722
YCL038C,YDR508C,1,0.006560199,0.08710427582263947,0.48651349544525146,0.5104510188102722
YPL213W,YGL037C,0,0.00655903,0.0870886966586113,0.48651349544525146,0.5105510354042053
YPL104W,YBL085W,0,0.006558838,0.08707312494516373,0.48651349544525146,0.5106510519981384
YOR106W,YLR425W,0,0.006558363,0.08705756068229675,0.48651349544525146,0.5107510685920715
YGR177C,YPL096W,0,0.0065580923,0.08704200387001038,0.48651349544525146,0.5108510851860046
YLR025W,YDR404C,0,0.0065574087,0.087026447057724,0.48651349544525146,0.5109511017799377
YDR527W,YMR099C,0,0.006555881,0.08701089769601822,0.48651349544525146,0.5110511183738708
YDR453C,YBR276C,0,0.0065554925,0.08699535578489304,0.48651349544525146,0.511151134967804
YDL206W,YNL298W,0,0.006554368,0.08697982132434845,0.48651349544525146,0.5112511515617371
YIL088C,YHR039C-A,0,0.006551565,0.08696428686380386,0.48651349544525146,0.5113511085510254
YJL034W,YER090W,0,0.0065508354,0.08694875985383987,0.48651349544525146,0.5114511251449585
YBL011W,YNL274C,0,0.0065501966,0.08693324029445648,0.48651349544525146,0.5115511417388916
YDR170C,YMR193W,0,0.0065501872,0.08691772073507309,0.48651349544525146,0.5116511583328247
YDR064W,YJR051W,0,0.006547017,0.08690221607685089,0.48651349544525146,0.5117511749267578
YFL055W,YIL088C,1,0.006545531,0.08706512302160263,0.4875124990940094,0.5117511749267578
YLL061W,YER119C,1,0.0065427227,0.0872279703617096,0.48851150274276733,0.5117511749267578
YFL010W-A,YPL265W,1,0.006540972,0.08739075809717178,0.4895104765892029,0.5117511749267578
YDR263C,YNL092W,0,0.0065381867,0.08737517893314362,0.4895104765892029,0.5118511915206909
YNL283C,YDR369C,0,0.0065374095,0.08735959976911545,0.4895104765892029,0.511951208114624
YDR046C,YHL036W,1,0.006537236,0.08752228319644928,0.4905094802379608,0.511951208114624
YPL131W,YLR020C,0,0.0065361336,0.08750668168067932,0.4905094802379608,0.5120512247085571
YGL190C,YDR444W,0,0.006535459,0.08749108761548996,0.4905094802379608,0.5121512413024902
YDR026C,YKR006C,0,0.0065347217,0.0874755010008812,0.4905094802379608,0.5122511982917786
YDR137W,YHR057C,0,0.0065332795,0.08745992183685303,0.4905094802379608,0.5123512148857117
YLR447C,YLR401C,0,0.0065294555,0.08744434267282486,0.4905094802379608,0.5124512314796448
YGR246C,YFR033C,0,0.006522808,0.08742877840995789,0.4905094802379608,0.5125512480735779
YNL270C,YFL055W,1,0.0065212515,0.08759123831987381,0.49150848388671875,0.5125512480735779
YGR056W,YJL082W,0,0.0065205744,0.08757565170526505,0.49150848388671875,0.512651264667511
YKL203C,YMR075W,0,0.0065195956,0.08756006509065628,0.49150848388671875,0.5127512812614441
YOR159C,YJL029C,0,0.006518193,0.08754448592662811,0.49150848388671875,0.5128512978553772
YBR080C,YJL130C,0,0.0065156682,0.08752890676259995,0.49150848388671875,0.5129513144493103
YGR271W,YDR332W,0,0.00651207,0.08751334249973297,0.49150848388671875,0.5130513310432434
YGL237C,YOR148C,0,0.0065108486,0.087497778236866,0.49150848388671875,0.5131512880325317
YDL197C,YLR401C,0,0.006510013,0.08748222142457962,0.49150848388671875,0.5132513046264648
YML112W,YEL041W,0,0.006507743,0.08746666461229324,0.49150848388671875,0.513351321220398
YNL223W,YDL140C,0,0.0065075518,0.08745112270116806,0.49150848388671875,0.513451337814331
YNL065W,YGR055W,1,0.0065055024,0.0876132920384407,0.4925074875354767,0.513451337814331
YGL094C,YBR052C,0,0.0065031666,0.08759772777557373,0.4925074875354767,0.5135513544082642
YEL063C,YHL036W,1,0.0065030246,0.08775981515645981,0.4935064911842346,0.5135513544082642
YHR175W,YMR160W,0,0.0065025967,0.08774422854185104,0.4935064911842346,0.5136513710021973
YNL160W,YMR005W,0,0.0065013804,0.08772864192724228,0.4935064911842346,0.5137513875961304
YML052W,YGR255C,0,0.0065002865,0.08771307021379471,0.4935064911842346,0.5138514041900635
YBR020W,YKL168C,0,0.0064981254,0.08769749850034714,0.4935064911842346,0.5139514207839966
YMR019W,YGL241W,0,0.006497895,0.08768193423748016,0.4935064911842346,0.5140513777732849
YIL128W,YDL028C,0,0.0064958725,0.08766636997461319,0.4935064911842346,0.514151394367218
YPR113W,YML071C,0,0.0064949705,0.08765081316232681,0.4935064911842346,0.5142514109611511
YCR060W,YFR045W,0,0.0064941463,0.08763526380062103,0.4935064911842346,0.5143514275550842
YDR211W,YER046W,0,0.006493303,0.08761972188949585,0.4935064911842346,0.5144514441490173
YDR306C,YJL178C,0,0.006492113,0.08760418742895126,0.4935064911842346,0.5145514607429504
YHL034C,YML036W,0,0.006490468,0.08758865296840668,0.4935064911842346,0.5146514773368835
YGR056W,YIR018W,0,0.0064902403,0.08757312595844269,0.4935064911842346,0.5147514939308167
YJL172W,YBR042C,0,0.006485608,0.0875576063990593,0.4935064911842346,0.5148515105247498
YDR160W,YBR068C,1,0.006483108,0.08771929889917374,0.49450549483299255,0.5148515105247498
YBR096W,YGR214W,0,0.0064818608,0.08770375698804855,0.49450549483299255,0.5149514675140381
YMR020W,YJL006C,0,0.0064791227,0.08768822252750397,0.49450549483299255,0.5150514841079712
YDL059C,YER130C,0,0.0064751306,0.08767268806695938,0.49450549483299255,0.5151515007019043
YAR002C-A,YPR198W,0,0.0064751,0.08765716105699539,0.49450549483299255,0.5152515172958374
YIL128W,YNR035C,0,0.0064748726,0.087641641497612,0.49450549483299255,0.5153515338897705
YBR010W,YJL082W,0,0.006471027,0.0876261293888092,0.49450549483299255,0.5154515504837036
YPR030W,YKR069W,0,0.0064667645,0.08761061728000641,0.49450549483299255,0.5155515670776367
YPL151C,YPL082C,0,0.006466433,0.08759511262178421,0.49450549483299255,0.5156515836715698
YDR415C,YPL011C,0,0.006464228,0.08757961541414261,0.49450549483299255,0.5157516002655029
YAL024C,YJR083C,0,0.006463147,0.0875641256570816,0.49450549483299255,0.5158515572547913
YBR020W,YDR310C,0,0.0064588953,0.0875486359000206,0.49450549483299255,0.5159515738487244
YKL170W,YDL217C,0,0.006457693,0.08753315359354019,0.49450549483299255,0.5160515904426575
YNR021W,YGL226C-A,0,0.0064569893,0.08751767873764038,0.49450549483299255,0.5161516070365906
YHR030C,YOR204W,0,0.006456402,0.08750221133232117,0.49450549483299255,0.5162516236305237
YKL119C,YMR301C,0,0.0064547565,0.08748674392700195,0.49450549483299255,0.5163516402244568
YNR057C,YIL079C,0,0.0064546703,0.08747128397226334,0.49450549483299255,0.5164516568183899
YLR047C,YFL045C,0,0.0064533683,0.08745583146810532,0.49450549483299255,0.516551673412323
YJR053W,YLL012W,0,0.0064505865,0.0874403789639473,0.49450549483299255,0.5166516900062561
YEL030W,YOR020C,0,0.006450575,0.08742494136095047,0.49450549483299255,0.5167516469955444
YJR107W,YPR001W,0,0.006448744,0.08740950375795364,0.49450549483299255,0.5168516635894775
YNR056C,YBR069C,1,0.0064457357,0.08757062256336212,0.4955044984817505,0.5168516635894775
YNL079C,YLR285W,0,0.006445632,0.0875551626086235,0.4955044984817505,0.5169516801834106
YLR447C,YOR219C,0,0.0064451983,0.08753971010446548,0.4955044984817505,0.5170516967773438
YGR225W,YLR103C,0,0.0064397594,0.08752426505088806,0.4955044984817505,0.5171517133712769
YPL223C,YMR228W,0,0.006438954,0.08750881999731064,0.4955044984817505,0.51725172996521
YNL127W,YHR058C,0,0.0064358427,0.08749338239431381,0.4955044984817505,0.5173517465591431
YDR512C,YOR338W,0,0.006431429,0.08747795224189758,0.4955044984817505,0.5174517631530762
YOR301W,YCL004W,0,0.0064313496,0.08746252954006195,0.4955044984817505,0.5175517797470093
YPR189W,YML097C,0,0.006430439,0.08744710683822632,0.4955044984817505,0.5176517367362976
YHR030C,YMR093W,0,0.006430134,0.08743169158697128,0.4955044984817505,0.5177517533302307
YMR032W,YFL013C,0,0.006430125,0.08741628378629684,0.4955044984817505,0.5178517699241638
YLR219W,YER115C,0,0.00642997,0.087400883436203,0.4955044984817505,0.5179517865180969
YMR061W,YLR164W,0,0.0064284713,0.08738548308610916,0.4955044984817505,0.51805180311203
YOL165C,YGR255C,0,0.0064269393,0.08737009018659592,0.4955044984817505,0.5181518197059631
YJL112W,YGL180W,0,0.0064250156,0.08735470473766327,0.4955044984817505,0.5182518362998962
YLR105C,YGR036C,0,0.0064234966,0.08733931928873062,0.4955044984817505,0.5183518528938293
YIL021W,YMR034C,0,0.0064208917,0.08732394129037857,0.4955044984817505,0.5184518694877625
YPL265W,YCR075C,1,0.006419444,0.08748459815979004,0.4965035021305084,0.5184518694877625
YMR077C,YIL094C,0,0.006417115,0.0874691978096962,0.4965035021305084,0.5185518264770508
YPR127W,YMR075W,0,0.0064163883,0.08745381236076355,0.4965035021305084,0.5186518430709839
YKL090W,YKL126W,0,0.0064151846,0.0874384269118309,0.4965035021305084,0.518751859664917
YCR093W,YBR150C,0,0.006407794,0.08742304146289825,0.4965035021305084,0.5188518762588501
YJL024C,YBR173C,0,0.00640566,0.0874076709151268,0.4965035021305084,0.5189518928527832
YHR179W,YNR004W,0,0.0064007277,0.08739230036735535,0.4965035021305084,0.5190519094467163
YPR113W,YFL054C,0,0.006399539,0.08737693727016449,0.4965035021305084,0.5191519260406494
YLR141W,YOR353C,0,0.006398514,0.08736157417297363,0.4965035021305084,0.5192519426345825
YJL187C,YDL208W,0,0.0063957255,0.08734621852636337,0.4965035021305084,0.5193519592285156
YLR305C,YNL239W,0,0.0063949134,0.08733087033033371,0.4965035021305084,0.519451916217804
YGR252W,YML006C,0,0.006387927,0.08731552958488464,0.4965035021305084,0.5195519328117371
YKR071C,YGR070W,0,0.006387234,0.08730019629001617,0.4965035021305084,0.5196519494056702
YOL020W,YBR132C,1,0.0063865385,0.0874604880809784,0.49750250577926636,0.5196519494056702
YNL172W,YJR051W,0,0.006385734,0.08744512498378754,0.49750250577926636,0.5197519659996033
YDL029W,YEL029C,0,0.006383265,0.08742977678775787,0.49750250577926636,0.5198519825935364
YFL010W-A,YPL065W,0,0.0063830656,0.08741442859172821,0.49750250577926636,0.5199519991874695
YJR036C,YLR042C,0,0.006378948,0.08739908784627914,0.49750250577926636,0.5200520157814026
YJR127C,YPR138C,0,0.006378099,0.08738375455141068,0.49750250577926636,0.5201520323753357
YGR180C,YIL083C,0,0.006375706,0.0873684212565422,0.49750250577926636,0.5202520489692688
YPR024W,YGR185C,0,0.0063727912,0.08735309541225433,0.49750250577926636,0.5203520059585571
YLR300W,YOL108C,0,0.0063707023,0.08733777701854706,0.49750250577926636,0.5204520225524902
YCR011C,YDR222W,0,0.006368632,0.08732245862483978,0.49750250577926636,0.5205520391464233
YLL003W,YHR168W,0,0.006368547,0.0873071551322937,0.49750250577926636,0.5206520557403564
YNL270C,YNL065W,1,0.006368502,0.08746713399887085,0.4985015094280243,0.5206520557403564
YJL087C,YJR119C,0,0.0063670934,0.08745180815458298,0.4985015094280243,0.5207520723342896
YDR527W,YMR172W,0,0.0063650515,0.0874364823102951,0.4985015094280243,0.5208520889282227
YLR080W,YMR240C,0,0.006363655,0.08742116391658783,0.4985015094280243,0.5209521055221558
YKL146W,YGL077C,1,0.006360972,0.08758101612329483,0.4995005130767822,0.5209521055221558
YPR152C,YML132W,0,0.006360924,0.08756567537784576,0.4995005130767822,0.5210521221160889
YMR145C,YER074W,0,0.0063605807,0.0875503420829773,0.4995005130767822,0.521152138710022
YNL236W,YHR077C,0,0.0063601104,0.08753501623868942,0.4995005130767822,0.5212520956993103
YOR054C,YIL132C,0,0.006357393,0.08751969039440155,0.4995005130767822,0.5213521122932434
YER098W,YJL071W,0,0.0063573327,0.08750437200069427,0.4995005130767822,0.5214521288871765
YLR452C,YGR143W,0,0.006351188,0.0874890610575676,0.4995005130767822,0.5215521454811096
YPR198W,YMR136W,0,0.006348862,0.08747375756502151,0.4995005130767822,0.5216521620750427
YDR310C,YLR353W,0,0.006347087,0.08745845407247543,0.4995005130767822,0.5217521786689758
YDR046C,YKR039W,1,0.006345367,0.08761804550886154,0.5004994869232178,0.5217521786689758
YNL273W,YNL147W,0,0.0063453643,0.08760272711515427,0.5004994869232178,0.5218521952629089
YLR028C,YLR213C,0,0.0063446276,0.08758741617202759,0.5004994869232178,0.521952211856842
YEL036C,YNR006W,0,0.0063414117,0.08757210522890091,0.5004994869232178,0.5220522284507751
YOR212W,YLR350W,0,0.006340727,0.08755680173635483,0.5004994869232178,0.5221521854400635
YBR067C,YNL138W,0,0.0063360417,0.08754149824380875,0.5004994869232178,0.5222522020339966
YMR049C,YIL143C,0,0.0063346853,0.08752620220184326,0.5004994869232178,0.5223522186279297
YOR301W,YBR170C,0,0.0063342084,0.08751091361045837,0.5004994869232178,0.5224522352218628
YDR383C,YDR419W,0,0.00632742,0.08749563246965408,0.5004994869232178,0.5225522518157959
YMR194W,YLR033W,0,0.006327156,0.08748035877943039,0.5004994869232178,0.522652268409729
YHR002W,YPR002W,0,0.0063247727,0.0874650850892067,0.5004994869232178,0.5227522850036621
YDR160W,YBL089W,1,0.006323499,0.08762436360120773,0.5014985203742981,0.5227522850036621
YPL113C,YHR039C-A,0,0.0063229064,0.08760907500982285,0.5014985203742981,0.5228523015975952
YHR175W,YLR344W,0,0.0063201897,0.08759378641843796,0.5014985203742981,0.5229523181915283
YDR285W,YLR401C,0,0.006318965,0.08757850527763367,0.5014985203742981,0.5230523347854614
YMR228W,YKL172W,0,0.0063170637,0.08756323158740997,0.5014985203742981,0.5231522917747498
YGR034W,YLR213C,0,0.006316133,0.08754795789718628,0.5014985203742981,0.5232523083686829
YKL171W,YBR281C,0,0.0063150795,0.08753269165754318,0.5014985203742981,0.523352324962616
YKR057W,YKR102W,0,0.0063140714,0.08751743286848068,0.5014985203742981,0.5234523415565491
YHR029C,YJR034W,0,0.0063129556,0.08750218152999878,0.5014985203742981,0.5235523581504822
YDL084W,YDR229W,0,0.006312375,0.08748693019151688,0.5014985203742981,0.5236523747444153
YMR276W,YIL133C,0,0.006309612,0.08747168630361557,0.5014985203742981,0.5237523913383484
YNL231C,YOL155C,0,0.0063084434,0.08745644241571426,0.5014985203742981,0.5238524079322815
YBR006W,YKL165C,0,0.0063076452,0.08744121342897415,0.5014985203742981,0.5239524245262146
YHR174W,YDR410C,0,0.0063064024,0.08742598444223404,0.5014985203742981,0.5240523815155029
YGR010W,YBR128C,0,0.0063049025,0.08741076290607452,0.5014985203742981,0.524152398109436
YKR056W,YNL107W,0,0.0063047055,0.08739554136991501,0.5014985203742981,0.5242524147033691
YMR123W,YML071C,0,0.006302238,0.08738032728433609,0.5014985203742981,0.5243524312973022
YGR258C,YJL130C,0,0.00629982,0.08736512064933777,0.5014985203742981,0.5244524478912354
YDL121C,YGL190C,0,0.0062994733,0.08734992146492004,0.5014985203742981,0.5245524644851685
YEL069C,YDL084W,0,0.0062990915,0.08733472228050232,0.5014985203742981,0.5246524810791016
YKR068C,YBR037C,0,0.0062988857,0.08731953054666519,0.5014985203742981,0.5247524976730347
YJL130C,YER052C,0,0.006295946,0.08730434626340866,0.5014985203742981,0.5248525142669678
YJL112W,YER046W,0,0.006294908,0.08728916943073273,0.5014985203742981,0.5249524712562561
YLR452C,YGL233W,0,0.0062912824,0.0872739925980568,0.5014985203742981,0.5250524878501892
YBL089W,YMR296C,0,0.006289038,0.08725882321596146,0.5014985203742981,0.5251525044441223
YDR034C,YMR246W,0,0.0062849475,0.08724365383386612,0.5014985203742981,0.5252525210380554
YDL128W,YDR281C,0,0.0062820953,0.08722849935293198,0.5014985203742981,0.5253525376319885
YJL191W,YHR119W,0,0.0062790713,0.08721334487199783,0.5014985203742981,0.5254525542259216
YER103W,YDL216C,0,0.0062746634,0.08719819039106369,0.5014985203742981,0.5255525708198547
YPR171W,YCL043C,0,0.0062710526,0.08718305081129074,0.5014985203742981,0.5256525874137878
YLL051C,YPR119W,0,0.006269825,0.08716791123151779,0.5014985203742981,0.525752604007721
YIL134W,YOL043C,0,0.006269534,0.08715277910232544,0.5014985203742981,0.5258525609970093
YPR011C,YDR034C,0,0.0062671253,0.08713764697313309,0.5014985203742981,0.5259525775909424
YIL128W,YNL138W,0,0.0062614614,0.08712252974510193,0.5014985203742981,0.5260525941848755
YOL112W,YHL034C,0,0.006260017,0.08710741251707077,0.5014985203742981,0.5261526107788086
YJR036C,YML006C,0,0.0062529314,0.08709229528903961,0.5014985203742981,0.5262526273727417
YHR004C,YFL010W-A,0,0.006251948,0.08707719296216965,0.5014985203742981,0.5263526439666748
YDR046C,YOR348C,1,0.0062497086,0.08723551779985428,0.5024974942207336,0.5263526439666748
YOL124C,YNL284C,0,0.006249608,0.08722039312124252,0.5024974942207336,0.5264526605606079
YLL045C,YLR113W,0,0.006248773,0.08720526844263077,0.5024974942207336,0.526552677154541
YDR046C,YNL101W,1,0.0062486306,0.08736349642276764,0.503496527671814,0.526552677154541
YDR419W,YLR278C,0,0.0062458836,0.08734835684299469,0.503496527671814,0.5266526937484741
YML028W,YOR355W,0,0.0062426403,0.08733321726322174,0.503496527671814,0.5267526507377625
YJR107W,YDR146C,0,0.006240854,0.08731808513402939,0.503496527671814,0.5268526673316956
YPR083W,YGL203C,0,0.006238908,0.08730296045541763,0.503496527671814,0.5269526839256287
YDR364C,YGR239C,0,0.0062372526,0.08728784322738647,0.503496527671814,0.5270527005195618
YLL027W,YNL230C,0,0.0062356396,0.08727272599935532,0.503496527671814,0.5271527171134949
YBR293W,YGL077C,1,0.0062344484,0.08743074536323547,0.5044955015182495,0.5271527171134949
YGR056W,YJL206C,0,0.0062321327,0.08741561323404312,0.5044955015182495,0.527252733707428
YJR004C,YLR113W,0,0.0062309843,0.08740048110485077,0.5044955015182495,0.5273527503013611
YGL026C,YMR180C,0,0.0062269876,0.08738536387681961,0.5044955015182495,0.5274527668952942
YIL134W,YNL202W,0,0.0062266104,0.08737023919820786,0.5044955015182495,0.5275527834892273
YMR203W,YNL092W,0,0.006223749,0.0873551294207573,0.5044955015182495,0.5276527404785156
YDR160W,YJR001W,1,0.0062224334,0.08751296997070312,0.5054945349693298,0.5276527404785156
YPL163C,YLR224W,0,0.006220087,0.08749783784151077,0.5054945349693298,0.5277527570724487
YOR084W,YMR038C,0,0.006217196,0.08748271316289902,0.5054945349693298,0.5278527736663818
YDL107W,YHR061C,0,0.006214542,0.08746758848428726,0.5054945349693298,0.5279527902603149
YMR078C,YDR444W,0,0.0062140794,0.0874524712562561,0.5054945349693298,0.528052806854248
YGR167W,YDR497C,0,0.0062139565,0.08743736147880554,0.5054945349693298,0.5281528234481812
YHR132C,YJL079C,0,0.006213582,0.08742225170135498,0.5054945349693298,0.5282528400421143
YNL079C,YJL079C,0,0.006209461,0.08740714937448502,0.5054945349693298,0.5283528566360474
YCR027C,YER119C,1,0.0062094405,0.08756476640701294,0.5064935088157654,0.5283528566360474
YBR068C,YGL077C,1,0.00620837,0.08772233128547668,0.5074924826622009,0.5283528566360474
YAR031W,YAL029C,0,0.00620664,0.08770718425512314,0.5074924826622009,0.5284528732299805
YLR113W,YDL140C,0,0.006206431,0.08769204467535019,0.5074924826622009,0.5285528302192688
YDR090C,YPL129W,0,0.0062034023,0.08767690509557724,0.5074924826622009,0.5286528468132019
YBR195C,YIL020C,0,0.0062030144,0.08766178041696548,0.5074924826622009,0.528752863407135
YMR038C,YKL124W,0,0.0062012714,0.08764665573835373,0.5074924826622009,0.5288528800010681
YNR067C,YLR042C,0,0.00619883,0.08763153105974197,0.5074924826622009,0.5289528965950012
YOR348C,YPL274W,1,0.0061941403,0.0877888947725296,0.5084915161132812,0.5289528965950012
YLR187W,YLL033W,0,0.006189361,0.08777375519275665,0.5084915161132812,0.5290529131889343
YBR223C,YOR138C,0,0.0061892173,0.0877586230635643,0.5084915161132812,0.5291529297828674
YPR024W,YLR264W,0,0.0061891587,0.08774349093437195,0.5084915161132812,0.5292529463768005
YBR261C,YER168C,0,0.0061887335,0.08772836625576019,0.5084915161132812,0.5293529629707336
YOR291W,YNL284C,0,0.0061885137,0.08771324902772903,0.5084915161132812,0.529452919960022
YHL012W,YDR454C,0,0.006187455,0.08769813925027847,0.5084915161132812,0.5295529365539551
YLR026C,YNL290W,0,0.006187381,0.08768302947282791,0.5084915161132812,0.5296529531478882
YEL063C,YBR069C,1,0.0061848518,0.08784016221761703,0.5094904899597168,0.5296529531478882
YDR518W,YOL102C,0,0.0061848043,0.08782503753900528,0.5094904899597168,0.5297529697418213
YIL142W,YJL082W,0,0.0061818273,0.08780992031097412,0.5094904899597168,0.5298529863357544
YLR359W,YKL186C,0,0.006181529,0.08779480308294296,0.5094904899597168,0.5299530029296875
YDL111C,YMR065W,0,0.0061776633,0.0877796933054924,0.5094904899597168,0.5300530195236206
YMR241W,YPL134C,0,0.006163668,0.08776458352804184,0.5094904899597168,0.5301530361175537
YLR043C,YOR279C,0,0.006160397,0.08774948120117188,0.5094904899597168,0.5302530527114868
YPL127C,YMR077C,0,0.0061567137,0.08773438632488251,0.5094904899597168,0.5303530097007751
YPL240C,YGR077C,0,0.0061541703,0.08771929889917374,0.5094904899597168,0.5304530262947083
YOR243C,YOL155C,0,0.006152864,0.08770421147346497,0.5094904899597168,0.5305530428886414
YJR127C,YOR074C,0,0.0061522895,0.08768913149833679,0.5094904899597168,0.5306530594825745
YDR378C,YOR089C,0,0.0061520357,0.08767405897378922,0.5094904899597168,0.5307530760765076
YOR301W,YBL011W,0,0.0061496515,0.08765898644924164,0.5094904899597168,0.5308530926704407
YGR191W,YCR075C,1,0.0061476873,0.0878157764673233,0.5104895234107971,0.5308530926704407
YEL036C,YMR270C,0,0.006147026,0.08780068904161453,0.5104895234107971,0.5309531092643738
YPL147W,YKL074C,0,0.006146974,0.08778560161590576,0.5104895234107971,0.5310531258583069
YNL223W,YJL213W,0,0.0061459397,0.08777052909135818,0.5104895234107971,0.53115314245224
YBL089W,YGL077C,1,0.0061449697,0.0879271849989891,0.5114884972572327,0.53115314245224
YNR006W,YLL004W,0,0.0061436393,0.08791209012269974,0.5114884972572327,0.5312530994415283
YOR123C,YLR350W,0,0.006142562,0.08789699524641037,0.5114884972572327,0.5313531160354614
YBR278W,YBR026C,0,0.006140644,0.0878819078207016,0.5114884972572327,0.5314531326293945
YJR119C,YAL063C,0,0.006135306,0.08786682784557343,0.5114884972572327,0.5315531492233276
YDR046C,YNL065W,1,0.0061330823,0.08802333474159241,0.512487530708313,0.5315531492233276
YEL062W,YGR143W,0,0.0061317515,0.08800823241472244,0.512487530708313,0.5316531658172607
YJR127C,YKL217W,0,0.0061314143,0.08799313753843307,0.512487530708313,0.5317531824111938
YIL170W,YMR304W,0,0.006130662,0.0879780501127243,0.512487530708313,0.531853199005127
YMR169C,YKL015W,0,0.006130647,0.08796296268701553,0.512487530708313,0.5319532155990601
YBR069C,YMR088C,1,0.0061298544,0.08811932057142258,0.5134865045547485,0.5319532155990601
YMR227C,YNR035C,0,0.0061297435,0.08810421824455261,0.5134865045547485,0.5320532321929932
YBR170C,YNL078W,0,0.0061293542,0.08808911591768265,0.5134865045547485,0.5321531891822815
YIR011C,YOR187W,0,0.00612861,0.08807402104139328,0.5134865045547485,0.5322532057762146
YPR194C,YOR219C,0,0.006127925,0.08805893361568451,0.5134865045547485,0.5323532223701477
YGR055W,YEL062W,1,0.0061274753,0.08821514248847961,0.5144855380058289,0.5323532223701477
YBL058W,YPL050C,0,0.00612566,0.08820003271102905,0.5144855380058289,0.5324532389640808
YGR252W,YBR170C,0,0.006125475,0.08818493038415909,0.5144855380058289,0.5325532555580139
YCL038C,YGR055W,1,0.0061241514,0.08834103494882584,0.5154845118522644,0.5325532555580139
YBL058W,YML071C,0,0.0061240927,0.08832591772079468,0.5154845118522644,0.532653272151947
YGL233W,YLL027W,0,0.0061219283,0.08831080049276352,0.5154845118522644,0.5327532887458801
YBR278W,YPR006C,0,0.006121348,0.08829569071531296,0.5154845118522644,0.5328533053398132
YPL259C,YJL144W,0,0.0061213104,0.0882805809378624,0.5154845118522644,0.5329533219337463
YEL040W,YKL001C,0,0.006118654,0.08826547861099243,0.5154845118522644,0.5330532789230347
YGR285C,YLR209C,0,0.0061156005,0.08825038373470306,0.5154845118522644,0.5331532955169678
YFR021W,YDR451C,0,0.006112915,0.0882352963089943,0.5154845118522644,0.5332533121109009
YBR068C,YJL059W,1,0.0061126654,0.08839117735624313,0.5164835453033447,0.5332533121109009
YIL134W,YGR185C,0,0.006112364,0.08837606757879257,0.5164835453033447,0.533353328704834
YOL142W,YMR099C,0,0.0061121415,0.08836096525192261,0.5164835453033447,0.5334533452987671
YKL096W-A,YIL140W,0,0.006111527,0.08834586292505264,0.5164835453033447,0.5335533618927002
YDR337W,YJL206C,0,0.00610917,0.08833076804876328,0.5164835453033447,0.5336533784866333
YPR091C,YBR243C,0,0.0061084633,0.0883156806230545,0.5164835453033447,0.5337533950805664
YKL093W,YDL077C,0,0.006106391,0.08830060064792633,0.5164835453033447,0.5338534116744995
YCL024W,YBL092W,0,0.0061041634,0.08828552067279816,0.5164835453033447,0.5339533686637878
YNL261W,YOL151W,0,0.0061030816,0.08827044814825058,0.5164835453033447,0.534053385257721
YIL143C,YLR213C,0,0.0061028614,0.088255375623703,0.5164835453033447,0.534153401851654
YGR144W,YDR296W,0,0.0061004325,0.08824031054973602,0.5164835453033447,0.5342534184455872
YKL180W,YOL107W,0,0.006096952,0.08822525292634964,0.5164835453033447,0.5343534350395203
YOL043C,YBL068W,0,0.006095577,0.08821020275354385,0.5164835453033447,0.5344534516334534
YGL183C,YER104W,0,0.0060938615,0.08819515258073807,0.5164835453033447,0.5345534682273865
YNL297C,YMR046C,0,0.0060927984,0.08818010985851288,0.5164835453033447,0.5346534848213196
YOL129W,YMR025W,0,0.0060922094,0.08816507458686829,0.5164835453033447,0.5347535014152527
YJL200C,YDL047W,0,0.006087309,0.0881500393152237,0.5164835453033447,0.534853458404541
YMR097C,YAL029C,0,0.006084093,0.0881350189447403,0.5164835453033447,0.5349534749984741
YLL002W,YPR162C,0,0.0060834503,0.0881199911236763,0.5164835453033447,0.5350534915924072
YJL155C,YLR268W,0,0.006080049,0.0881049782037735,0.5164835453033447,0.5351535081863403
YPL127C,YIL020C,0,0.006076523,0.0880899652838707,0.5164835453033447,0.5352535247802734
YOR237W,YFL054C,0,0.0060761455,0.08807495981454849,0.5164835453033447,0.5353535413742065
YPR111W,YGR199W,0,0.006073298,0.08805995434522629,0.5164835453033447,0.5354535579681396
YMR186W,YDR173C,0,0.0060720523,0.08804495632648468,0.5164835453033447,0.5355535745620728
YKL001C,YLR348C,0,0.006070228,0.08802996575832367,0.5164835453033447,0.5356535911560059
YLR183C,YJL206C,0,0.0060696667,0.08801498264074326,0.5164835453033447,0.5357535481452942
YOL145C,YAL016W,0,0.0060691405,0.08799999952316284,0.5164835453033447,0.5358535647392273
YOR239W,YOR187W,0,0.0060667424,0.08798502385616302,0.5164835453033447,0.5359535813331604
YBR182C,YCR014C,0,0.006063034,0.0879700556397438,0.5164835453033447,0.5360535979270935
YKL172W,YLR042C,0,0.0060624736,0.08795508742332458,0.5164835453033447,0.5361536145210266
YOR126C,YDR527W,0,0.0060623274,0.08794012665748596,0.5164835453033447,0.5362536311149597
YLL061W,YGR191W,1,0.006061141,0.08809524029493332,0.5174825191497803,0.5362536311149597
YEL031W,YHR209W,0,0.0060598766,0.0880802571773529,0.5174825191497803,0.5363536477088928
YKL174C,YCR057C,0,0.006056798,0.08806528151035309,0.5174825191497803,0.5364536643028259
YGL162W,YMR194W,0,0.0060566203,0.08805031329393387,0.5174825191497803,0.536553680896759
YNL079C,YJL172W,0,0.0060524084,0.08803535252809525,0.5174825191497803,0.5366536378860474
YER055C,YBL091C-A,0,0.0060501825,0.08802039176225662,0.5174825191497803,0.5367536544799805
YFR029W,YJL060W,0,0.0060462668,0.0880054384469986,0.5174825191497803,0.5368536710739136
YDL216C,YCL034W,0,0.0060401834,0.08799048513174057,0.5174825191497803,0.5369536876678467
YML030W,YNL192W,0,0.006037782,0.08797554671764374,0.5174825191497803,0.5370537042617798
YKL020C,YPL110C,0,0.006036709,0.08796060085296631,0.5174825191497803,0.5371537208557129
YLL061W,YGL051W,0,0.006031652,0.08794566988945007,0.5174825191497803,0.537253737449646
YOR291W,YJR034W,0,0.0060307663,0.08793073892593384,0.5174825191497803,0.5373537540435791
YCL025C,YGR142W,1,0.006030126,0.08808553963899612,0.5184814929962158,0.5373537540435791
YPR080W,YJR103W,0,0.0060272515,0.0880705937743187,0.5184814929962158,0.5374537706375122
YGL162W,YOR222W,0,0.0060262806,0.08805564790964127,0.5184814929962158,0.5375537276268005
YOR348C,YMR088C,1,0.0060249325,0.0882103443145752,0.5194805264472961,0.5375537276268005
YCR060W,YJR103W,0,0.0060238508,0.08819538354873657,0.5194805264472961,0.5376537442207336
YGL183C,YLR130C,0,0.006021156,0.08818043023347855,0.5194805264472961,0.5377537608146667
YDR072C,YLR309C,0,0.006018374,0.08816547691822052,0.5194805264472961,0.5378537774085999
YCR052W,YPR127W,0,0.0060152197,0.08815053105354309,0.5194805264472961,0.537953794002533
YNL073W,YER137C,0,0.0060114376,0.08813559263944626,0.5194805264472961,0.5380538105964661
YDR461W,YBR222C,0,0.006011019,0.08812065422534943,0.5194805264472961,0.5381538271903992
YHR069C,YGR171C,0,0.006010141,0.08810572326183319,0.5194805264472961,0.5382538437843323
YPR204W,YLR380W,0,0.006009455,0.08809079974889755,0.5194805264472961,0.5383538603782654
YLR183C,YER104W,0,0.006009455,0.08807588368654251,0.5194805264472961,0.5384538173675537
YLR206W,YLR141W,0,0.006005511,0.08806096762418747,0.5194805264472961,0.5385538339614868
YGR085C,YER052C,0,0.006003855,0.08804605156183243,0.5194805264472961,0.5386538505554199
YGR238C,YPL147W,0,0.0060020196,0.08803115040063858,0.5194805264472961,0.538753867149353
YBR150C,YMR300C,0,0.00600159,0.08801624923944473,0.5194805264472961,0.5388538837432861
YNR003C,YFR033C,0,0.006001061,0.08800135552883148,0.5194805264472961,0.5389539003372192
YGL200C,YAR031W,0,0.0059984024,0.08798646181821823,0.5194805264472961,0.5390539169311523
YFL001W,YER130C,0,0.0059973733,0.08797157555818558,0.5194805264472961,0.5391539335250854
YBL089W,YJR001W,1,0.005996657,0.08812584728002548,0.5204795002937317,0.5391539335250854
YGR112W,YEL029C,0,0.005996591,0.08811093866825104,0.5204795002937317,0.5392539501190186
YMR173W,YIL132C,0,0.0059911367,0.08809604495763779,0.5204795002937317,0.5393539071083069
YDL140C,YDL074C,0,0.0059903106,0.08808115124702454,0.5204795002937317,0.53945392370224
YGR056W,YOL057W,0,0.005989598,0.08806625753641129,0.5204795002937317,0.5395539402961731
YDL210W,YMR088C,1,0.005988851,0.08822038024663925,0.521478533744812,0.5395539402961731
YNL262W,YLR309C,0,0.005987764,0.08820547163486481,0.521478533744812,0.5396539568901062
YDR090C,YDR211W,0,0.005987619,0.08819057047367096,0.521478533744812,0.5397539734840393
YDR460W,YOR299W,0,0.005987418,0.08817567676305771,0.521478533744812,0.5398539900779724
YER074W,YOR008C,0,0.005985602,0.08816078305244446,0.521478533744812,0.5399540066719055
YIR025W,YPL180W,0,0.005983452,0.0881458967924118,0.521478533744812,0.5400540232658386
YBR223C,YPL082C,0,0.00598331,0.08813101798295975,0.521478533744812,0.5401540398597717
YOR349W,YDR472W,0,0.0059823743,0.08811613917350769,0.521478533744812,0.5402539968490601
YMR315W,YLL027W,0,0.0059745414,0.08810126781463623,0.521478533744812,0.5403540134429932
YFR021W,YKL117W,0,0.0059733978,0.08808639645576477,0.521478533744812,0.5404540300369263
YBL011W,YLR278C,0,0.005971968,0.0880715399980545,0.521478533744812,0.5405540466308594
YGL162W,YOR355W,0,0.005969882,0.08805668354034424,0.521478533744812,0.5406540632247925
YER125W,YGL256W,0,0.0059684,0.08804182708263397,0.521478533744812,0.5407540798187256
YBR042C,YNL070W,0,0.0059679192,0.0880269780755043,0.521478533744812,0.5408540964126587
YDL059C,YPL240C,0,0.0059652184,0.08801213651895523,0.521478533744812,0.5409541130065918
YCR093W,YBR020W,0,0.0059645902,0.08799730241298676,0.521478533744812,0.5410541296005249
YGL026C,YLL012W,0,0.00596197,0.08798246830701828,0.521478533744812,0.5411540865898132
YDR062W,YJR133W,0,0.0059607155,0.0879676416516304,0.521478533744812,0.5412541031837463
YML112W,YLR383W,0,0.005959772,0.08795282244682312,0.521478533744812,0.5413541197776794
YOL066C,YDL078C,0,0.005958908,0.08793800324201584,0.521478533744812,0.5414541363716125
YDR512C,YOL158C,0,0.0059557986,0.08792319148778915,0.521478533744812,0.5415541529655457
YPL139C,YMR273C,0,0.005952968,0.08790838718414307,0.521478533744812,0.5416541695594788
YBR068C,YPL274W,1,0.005952686,0.08806196600198746,0.5224775075912476,0.5416541695594788
YOL145C,YER145C,0,0.005951978,0.08804713934659958,0.5224775075912476,0.5417541861534119
YMR159C,YGL113W,0,0.0059513594,0.0880323201417923,0.5224775075912476,0.541854202747345
YOR148C,YPL113C,0,0.005947147,0.08801750093698502,0.5224775075912476,0.5419542193412781
YLR047C,YLR278C,0,0.0059467973,0.08800268918275833,0.5224775075912476,0.5420541763305664
YBL076C,YOL043C,0,0.0059463573,0.08798788487911224,0.5224775075912476,0.5421541929244995
YDR423C,YFL057C,0,0.0059462585,0.08797308802604675,0.5224775075912476,0.5422542095184326
YEL052W,YGL170C,0,0.0059418436,0.08795829117298126,0.5224775075912476,0.5423542261123657
YOL026C,YNL092W,0,0.00593813,0.08794350177049637,0.5224775075912476,0.5424542427062988
YPL078C,YDR472W,0,0.005935828,0.08792871236801147,0.5224775075912476,0.5425542593002319
YOL145C,YHR209W,0,0.005934697,0.08791393786668777,0.5224775075912476,0.542654275894165
YDR414C,YBR274W,0,0.005933659,0.08789916336536407,0.5224775075912476,0.5427542924880981
YLR447C,YGL183C,0,0.005933645,0.08788438886404037,0.5224775075912476,0.5428543090820312
YEL063C,YGR142W,1,0.0059316936,0.0880376324057579,0.5234765410423279,0.5428543090820312
YHR164C,YLR219W,0,0.0059275054,0.08802284300327301,0.5234765410423279,0.5429542660713196
YLR440C,YJR032W,0,0.00592325,0.08800806105136871,0.5234765410423279,0.5430542826652527
YNL270C,YJR001W,1,0.0059226807,0.08816120773553848,0.5244755148887634,0.5430542826652527
YBR287W,YJL192C,0,0.0059222565,0.0881464034318924,0.5244755148887634,0.5431542992591858
YMR089C,YGL051W,0,0.0059218407,0.0881316065788269,0.5244755148887634,0.5432543158531189
YIL128W,YJL103C,0,0.005919354,0.08811681717634201,0.5244755148887634,0.543354332447052
YJR092W,YIL020C,0,0.005916468,0.08810202777385712,0.5244755148887634,0.5434543490409851
YMR321C,YGR077C,0,0.0059159603,0.08808724582195282,0.5244755148887634,0.5435543656349182
YLL004W,YCL034W,0,0.0059157643,0.08807247132062912,0.5244755148887634,0.5436543822288513
YHR066W,YGR134W,0,0.0059129326,0.08805769681930542,0.5244755148887634,0.5437543988227844
YNL073W,YKL205W,0,0.005908262,0.08804292976856232,0.5244755148887634,0.5438543558120728
YIL139C,YFL048C,0,0.0059079677,0.08802817016839981,0.5244755148887634,0.5439543724060059
YKL217W,YIL046W,0,0.0059071253,0.0880134105682373,0.5244755148887634,0.544054388999939
YEL022W,YFR052W,0,0.00590654,0.0879986584186554,0.5244755148887634,0.5441544055938721
YLL051C,YGR034W,0,0.00590579,0.08798391371965408,0.5244755148887634,0.5442544221878052
YPR030W,YPL065W,0,0.0059046196,0.08796916902065277,0.5244755148887634,0.5443544387817383
YML030W,YJL095W,0,0.005903226,0.08795443177223206,0.5244755148887634,0.5444544553756714
YOL151W,YER137C,0,0.00589754,0.08793970197439194,0.5244755148887634,0.5445544719696045
YGR225W,YGR155W,0,0.0058939788,0.08792497217655182,0.5244755148887634,0.5446544885635376
YCL043C,YPL208W,0,0.005890499,0.0879102498292923,0.5244755148887634,0.5447545051574707
YOR020C,YIL042C,0,0.005889667,0.08789552748203278,0.5244755148887634,0.544854462146759
YPL098C,YLR088W,0,0.005889547,0.08788082003593445,0.5244755148887634,0.5449544787406921
YMR088C,YGR142W,1,0.0058895415,0.08803347498178482,0.5254745483398438,0.5449544787406921
YDL206W,YLR020C,0,0.005888919,0.0880187451839447,0.5254745483398438,0.5450544953346252
YLR105C,YKR020W,0,0.0058881035,0.08800401538610458,0.5254745483398438,0.5451545119285583
YMR172W,YOR338W,0,0.0058867084,0.08798929303884506,0.5254745483398438,0.5452545285224915
YCL074W,YKR026C,0,0.0058832685,0.08797457814216614,0.5254745483398438,0.5453545451164246
YPR200C,YIR032C,0,0.0058815177,0.08795986324548721,0.5254745483398438,0.5454545617103577
YOR089C,YNL298W,0,0.0058737774,0.08794516324996948,0.5254745483398438,0.5455545783042908
YLR157C,YML097C,0,0.005873608,0.08793045580387115,0.5254745483398438,0.5456545948982239
YOR348C,YNL268W,1,0.0058728782,0.08808290213346481,0.5264735221862793,0.5456545948982239
YOL112W,YGL236C,0,0.0058699665,0.08806817978620529,0.5264735221862793,0.5457545518875122
YDR082W,YPL104W,0,0.0058695525,0.08805346488952637,0.5264735221862793,0.5458545684814453
YKL182W,YLR160C,0,0.005863601,0.08803875744342804,0.5264735221862793,0.5459545850753784
YPR060C,YMR115W,0,0.005862656,0.08802404999732971,0.5264735221862793,0.5460546016693115
YGR081C,YFL033C,0,0.0058616665,0.08800935000181198,0.5264735221862793,0.5461546182632446
YMR241W,YPR171W,0,0.005861658,0.08799465745687485,0.5264735221862793,0.5462546348571777
YDL227C,YBL052C,0,0.0058608414,0.08797996491193771,0.5264735221862793,0.5463546514511108
YGL212W,YMR304W,0,0.0058590886,0.08796527981758118,0.5264735221862793,0.546454668045044
YOR168W,YOR393W,0,0.0058568227,0.08795060217380524,0.5264735221862793,0.546554684638977
YDR082W,YLR344W,0,0.005856667,0.0879359245300293,0.5264735221862793,0.5466546416282654
YGR077C,YPR149W,0,0.005852429,0.08792125433683395,0.5264735221862793,0.5467546582221985
YNL268W,YBR132C,1,0.005851156,0.08807339519262314,0.5274725556373596,0.5467546582221985
YJR021C,YDR109C,0,0.0058503295,0.088058702647686,0.5274725556373596,0.5468546748161316
YER074W,YDL170W,0,0.00584759,0.08804402500391006,0.5274725556373596,0.5469546914100647
YGL203C,YDR337W,0,0.0058467253,0.08802933990955353,0.5274725556373596,0.5470547080039978
YBR177C,YLL061W,0,0.0058436105,0.08801466971635818,0.5274725556373596,0.5471547245979309
YNL101W,YBL089W,1,0.0058432505,0.08816666901111603,0.5284715294837952,0.5471547245979309
YOR148C,YCL025C,0,0.005842697,0.0881519764661789,0.5284715294837952,0.547254741191864
YLR386W,YGL220W,0,0.0058381613,0.08813728392124176,0.5284715294837952,0.5473547577857971
YGL180W,YKR055W,0,0.00583389,0.08812260627746582,0.5284715294837952,0.5474547743797302
YDR389W,YPL078C,0,0.00582871,0.08810792863368988,0.5284715294837952,0.5475547313690186
YIL128W,YJR051W,0,0.005824163,0.08809325844049454,0.5284715294837952,0.5476547479629517
YNL006W,YLR160C,0,0.0058220183,0.0880785882472992,0.5284715294837952,0.5477547645568848
YDL054C,YBL026W,0,0.0058178823,0.08806392550468445,0.5284715294837952,0.5478547811508179
YGR191W,YGR055W,1,0.0058174273,0.08821570873260498,0.5294705033302307,0.5478547811508179
YOL062C,YBR281C,0,0.005812961,0.08820103108882904,0.5294705033302307,0.547954797744751
YJL030W,YPL147W,0,0.005811873,0.0881863534450531,0.5294705033302307,0.5480548143386841
YDR494W,YLL019C,0,0.0058048624,0.08817168325185776,0.5294705033302307,0.5481548309326172
YJL171C,YOR180C,0,0.005804546,0.08815702050924301,0.5294705033302307,0.5482548475265503
YLR165C,YER052C,0,0.00579918,0.08814235776662827,0.5294705033302307,0.5483548641204834
YOL129W,YJR053W,0,0.0057980963,0.08812770247459412,0.5294705033302307,0.5484548211097717
YDR079W,YBL068W,0,0.005794882,0.08811304718255997,0.5294705033302307,0.5485548377037048
YDR030C,YIL128W,0,0.005794387,0.08809840679168701,0.5294705033302307,0.5486548542976379
YEL043W,YAR031W,0,0.005793294,0.08808375895023346,0.5294705033302307,0.548754870891571
YGR010W,YER090W,0,0.0057895654,0.0880691260099411,0.5294705033302307,0.5488548874855042
YOR209C,YBR141C,0,0.0057890657,0.08805449306964874,0.5294705033302307,0.5489549040794373
YML030W,YMR186W,0,0.0057859793,0.08803986757993698,0.5294705033302307,0.5490549206733704
YKL176C,YER119C,1,0.0057858173,0.08819133043289185,0.530469536781311,0.5490549206733704
YOR159C,YDL128W,0,0.0057854555,0.0881766825914383,0.530469536781311,0.5491549372673035
YDR137W,YKR055W,0,0.0057850084,0.08816204220056534,0.530469536781311,0.5492549538612366
YPR182W,YOR351C,0,0.005779501,0.08814740926027298,0.530469536781311,0.5493549108505249
YGL094C,YOR204W,0,0.005779008,0.08813278377056122,0.530469536781311,0.549454927444458
YPR111W,YCL043C,0,0.0057777697,0.08811815828084946,0.530469536781311,0.5495549440383911
YMR194W,YFL048C,0,0.0057768277,0.0881035327911377,0.530469536781311,0.5496549606323242
YFL013C,YDR470C,0,0.0057760966,0.08808891475200653,0.530469536781311,0.5497549772262573
YER154W,YEL053C,0,0.0057737227,0.08807430416345596,0.530469536781311,0.5498549938201904
YLR165C,YPL082C,0,0.005773405,0.08805970102548599,0.530469536781311,0.5499550104141235
YLR401C,YDL216C,0,0.0057694926,0.08804509788751602,0.530469536781311,0.5500550270080566
YOR304C-A,YGR105W,0,0.005766129,0.08803050220012665,0.530469536781311,0.5501550436019897
YDL107W,YGR010W,0,0.005765298,0.08801591396331787,0.530469536781311,0.5502550005912781
YKL206C,YDL077C,0,0.005764,0.0880013257265091,0.530469536781311,0.5503550171852112
YJL060W,YOR089C,0,0.005763046,0.08798674494028091,0.530469536781311,0.5504550337791443
YDL083C,YLR145W,0,0.0057596155,0.08797216415405273,0.530469536781311,0.5505550503730774
YDL121C,YHR082C,0,0.005758185,0.08795759826898575,0.530469536781311,0.5506550669670105
YBL026W,YNL239W,0,0.0057546427,0.08794302493333817,0.530469536781311,0.5507550835609436
YBR202W,YKL015W,0,0.005754018,0.08792846649885178,0.530469536781311,0.5508551001548767
YDR090C,YMR078C,0,0.0057527684,0.08791390806436539,0.530469536781311,0.5509551167488098
YLR289W,YCL057W,0,0.0057518333,0.0878993570804596,0.530469536781311,0.5510551333427429
YLR447C,YHR109W,0,0.0057513835,0.0878848060965538,0.530469536781311,0.5511550903320312
YDL206W,YLR440C,0,0.005750904,0.08787026256322861,0.530469536781311,0.5512551069259644
YLR182W,YGR268C,0,0.005749906,0.08785572648048401,0.530469536781311,0.5513551235198975
YHR047C,YDL022W,0,0.0057498864,0.08784119039773941,0.530469536781311,0.5514551401138306
YIL135C,YBL028C,0,0.00574672,0.08782666176557541,0.530469536781311,0.5515551567077637
YFL010W-A,YMR200W,0,0.005745829,0.087812140583992,0.530469536781311,0.5516551733016968
YOL052C,YPL218W,0,0.0057442384,0.0877976194024086,0.530469536781311,0.5517551898956299
YBR080C,YLR309C,0,0.0057440996,0.08778310567140579,0.530469536781311,0.551855206489563
YGL233W,YKR069W,0,0.0057440368,0.08776859194040298,0.530469536781311,0.5519552230834961
YGR180C,YOL136C,0,0.005743767,0.08775409311056137,0.530469536781311,0.5520551800727844
YLL061W,YCR075C,1,0.0057424554,0.08790482580661774,0.5314685106277466,0.5520551800727844
YPL150W,YER185W,0,0.005738906,0.08789030462503433,0.5314685106277466,0.5521551966667175
YJL140W,YDR207C,0,0.005738245,0.08787578344345093,0.5314685106277466,0.5522552132606506
YDR473C,YKL007W,0,0.0057351794,0.08786126971244812,0.5314685106277466,0.5523552298545837
YKL090W,YIL143C,0,0.0057281577,0.08784676343202591,0.5314685106277466,0.5524552464485168
YJL103C,YNL138W,0,0.0057269493,0.0878322571516037,0.5314685106277466,0.55255526304245
YHR047C,YFL054C,0,0.005726876,0.08781775832176208,0.5314685106277466,0.5526552796363831
YMR137C,YHR168W,0,0.005725709,0.08780326694250107,0.5314685106277466,0.5527552962303162
YMR136W,YBL079W,0,0.0057245605,0.08778877556324005,0.5314685106277466,0.5528553128242493
YPL218W,YFL054C,0,0.005723668,0.08777429163455963,0.5314685106277466,0.5529552698135376
YOL045W,YFR033C,0,0.0057233423,0.08775981515645981,0.5314685106277466,0.5530552864074707
YMR005W,YDR170C,0,0.0057192896,0.08774533867835999,0.5314685106277466,0.5531553030014038
YJL172W,YML052W,0,0.0057166433,0.08773086965084076,0.5314685106277466,0.5532553195953369
YJL214W,YOR251C,0,0.0057136873,0.08771640807390213,0.5314685106277466,0.55335533618927
YNL027W,YMR300C,0,0.005710982,0.0877019464969635,0.5314685106277466,0.5534553527832031
YDR160W,YKL146W,1,0.0057076444,0.08785231411457062,0.5324675440788269,0.5534553527832031
YLR025W,YGR143W,0,0.0057073794,0.0878378376364708,0.5324675440788269,0.5535553693771362
YBR293W,YNL268W,1,0.0057065156,0.08798813819885254,0.5334665179252625,0.5535553693771362
YPR021C,YJL059W,1,0.0057046628,0.0881383866071701,0.5344655513763428,0.5535553693771362
YOR274W,YEL031W,0,0.0056976485,0.0881238654255867,0.5344655513763428,0.5536553859710693
YNL268W,YCR075C,1,0.005697033,0.0882740467786789,0.5354645252227783,0.5536553859710693
YEL056W,YCL034W,0,0.005696093,0.0882595106959343,0.5354645252227783,0.5537554025650024
YPL208W,YIL133C,0,0.0056941593,0.0882449820637703,0.5354645252227783,0.5538553595542908
YOR292C,YDL077C,0,0.0056933146,0.08823045343160629,0.5354645252227783,0.5539553761482239
YNR072W,YBR026C,0,0.005688048,0.08821593225002289,0.5354645252227783,0.554055392742157
YPR171W,YDR310C,0,0.005687692,0.08820141851902008,0.5354645252227783,0.5541554093360901
YJL034W,YNL282W,0,0.005687004,0.08818690478801727,0.5354645252227783,0.5542554259300232
YOL136C,YJR103W,0,0.0056856344,0.08817239850759506,0.5354645252227783,0.5543554425239563
YPR191W,YBR275C,0,0.005685562,0.08815789222717285,0.5354645252227783,0.5544554591178894
YNR004W,YGL233W,0,0.0056830905,0.08814340084791183,0.5354645252227783,0.5545554757118225
YOR232W,YML132W,0,0.0056784283,0.08812890201807022,0.5354645252227783,0.5546554923057556
YBR069C,YCR075C,1,0.0056765787,0.08827880769968033,0.5364635586738586,0.5546554923057556
YMR019W,YOL102C,0,0.0056756153,0.08826430141925812,0.5364635586738586,0.554755449295044
YGR191W,YIL088C,1,0.005674313,0.08841413259506226,0.5374625325202942,0.554755449295044
YLR289W,YAL063C,0,0.005674133,0.08839960396289825,0.5374625325202942,0.554855465888977
YNL238W,YNL239W,0,0.0056722043,0.08838508278131485,0.5374625325202942,0.5549554824829102
YHR132C,YGL256W,0,0.0056712525,0.08837056159973145,0.5374625325202942,0.5550554990768433
YOR291W,YPL139C,0,0.005671212,0.08835605531930923,0.5374625325202942,0.5551555156707764
YER013W,YNL070W,0,0.005671048,0.08834154158830643,0.5374625325202942,0.5552555322647095
YAL040C,YER190W,0,0.005670247,0.08832704275846481,0.5374625325202942,0.5553555488586426
YKL174C,YNL268W,1,0.005669462,0.08847668766975403,0.5384615659713745,0.5553555488586426
YMR025W,YDL225W,0,0.0056692683,0.08846216648817062,0.5384615659713745,0.5554555654525757
YLR130C,YOR162C,0,0.005666355,0.08844765275716782,0.5384615659713745,0.5555555820465088
YOR310C,YLR394W,0,0.0056605926,0.08843313902616501,0.5384615659713745,0.5556555390357971
YPR072W,YGL209W,0,0.005659669,0.0884186327457428,0.5384615659713745,0.5557555556297302
YBR247C,YNL335W,0,0.0056592296,0.08840413391590118,0.5384615659713745,0.5558555722236633
YLR305C,YDR159W,0,0.0056579546,0.08838963508605957,0.5384615659713745,0.5559555888175964
YFL057C,YDR281C,0,0.0056568366,0.08837514370679855,0.5384615659713745,0.5560556054115295
YER150W,YOL111C,0,0.0056542195,0.08836065232753754,0.5384615659713745,0.5561556220054626
YLR208W,YMR295C,0,0.005653635,0.08834617584943771,0.5384615659713745,0.5562556385993958
YDR263C,YBR150C,0,0.0056525683,0.0883316919207573,0.5384615659713745,0.5563556551933289
YER013W,YMR112C,0,0.0056508477,0.08831722289323807,0.5384615659713745,0.556455671787262
YKR039W,YPR021C,1,0.0056506093,0.088466577231884,0.5394605398178101,0.556455671787262
YNR031C,YKL205W,0,0.005650076,0.08845208585262299,0.5394605398178101,0.5565556287765503
YER165W,YEL030W,0,0.005648737,0.08843760192394257,0.5394605398178101,0.5566556453704834
YOR138C,YHR059W,0,0.005647655,0.08842311799526215,0.5394605398178101,0.5567556619644165
YEL022W,YBR172C,0,0.005647363,0.08840864151716232,0.5394605398178101,0.5568556785583496
YGR229C,YPL096W,0,0.0056471727,0.0883941724896431,0.5394605398178101,0.5569556951522827
YHR074W,YMR046C,0,0.005645856,0.08837970346212387,0.5394605398178101,0.5570557117462158
YFL001W,YNL219C,0,0.005643875,0.08836524188518524,0.5394605398178101,0.5571557283401489
YJL030W,YGR255C,0,0.005643225,0.08835078775882721,0.5394605398178101,0.557255744934082
YPL265W,YEL062W,1,0.005642168,0.08849991858005524,0.5404595136642456,0.557255744934082
YJL172W,YMR180C,0,0.005641542,0.08848544210195541,0.5404595136642456,0.5573557615280151
YCL024W,YEL056W,0,0.005641376,0.08847097307443619,0.5404595136642456,0.5574557185173035
YDL217C,YDR159W,0,0.005640611,0.08845650404691696,0.5404595136642456,0.5575557351112366
YER090W,YDR140W,0,0.0056398623,0.08844204992055893,0.5404595136642456,0.5576557517051697
YDR383C,YDL216C,0,0.0056393547,0.0884275883436203,0.5404595136642456,0.5577557682991028
YOL045W,YKR002W,0,0.005638491,0.08841314166784286,0.5404595136642456,0.5578557848930359
YNL223W,YBR257W,0,0.0056375363,0.08839869499206543,0.5404595136642456,0.557955801486969
YOR219C,YOR226C,0,0.0056366436,0.088384248316288,0.5404595136642456,0.5580558180809021
YPL083C,YJL141C,0,0.0056359386,0.08836981654167175,0.5404595136642456,0.5581558346748352
YOR304C-A,YLR224W,0,0.00563593,0.08835538476705551,0.5404595136642456,0.5582558512687683
YJR055W,YCL043C,0,0.00563492,0.08834095299243927,0.5404595136642456,0.5583558082580566
YDL206W,YFL013C,0,0.0056323456,0.08832652866840363,0.5404595136642456,0.5584558248519897
YPR194C,YDR167W,0,0.005630767,0.08831211179494858,0.5404595136642456,0.5585558414459229
YLL061W,YMR088C,1,0.0056296512,0.08846090734004974,0.5414585471153259,0.5585558414459229
YMR112C,YBR031W,0,0.005626993,0.0884464755654335,0.5414585471153259,0.558655858039856
YJR127C,YDR062W,0,0.005625091,0.08843204379081726,0.5414585471153259,0.5587558746337891
YNR021W,YOR194C,0,0.0056219846,0.08841761946678162,0.5414585471153259,0.5588558912277222
YOL057W,YJL006C,0,0.005619866,0.08840319514274597,0.5414585471153259,0.5589559078216553
YPR021C,YNL268W,1,0.0056189466,0.08855185657739639,0.5424575209617615,0.5589559078216553
YGR288W,YNR067C,0,0.005616307,0.08853741735219955,0.5424575209617615,0.5590559244155884
YGR081C,YHR058C,0,0.005613104,0.08852298557758331,0.5424575209617615,0.5591559410095215
YPR035W,YPR119W,0,0.005612274,0.08850855380296707,0.5424575209617615,0.5592558979988098
YGL209W,YDR211W,0,0.005609204,0.08849412947893143,0.5424575209617615,0.5593559145927429
YOR355W,YEL041W,0,0.005607236,0.08847971260547638,0.5424575209617615,0.559455931186676
YNR031C,YDL035C,0,0.0056064064,0.08846529573202133,0.5424575209617615,0.5595559477806091
YGR199W,YDL097C,0,0.00560436,0.08845088630914688,0.5424575209617615,0.5596559643745422
YDL022W,YOR393W,0,0.005603204,0.08843648433685303,0.5424575209617615,0.5597559809684753
YBR260C,YNL230C,0,0.005602474,0.08842208236455917,0.5424575209617615,0.5598559975624084
YDL111C,YLL040C,0,0.005602266,0.08840768784284592,0.5424575209617615,0.5599560141563416
YMR097C,YJL085W,0,0.0056013204,0.08839329332113266,0.5424575209617615,0.5600560307502747
YOR106W,YHR175W,0,0.005597638,0.08837890625,0.5424575209617615,0.560155987739563
YDR296W,YML056C,0,0.0055975188,0.08836452662944794,0.5424575209617615,0.5602560043334961
YKL090W,YOL082W,0,0.005596221,0.08835014700889587,0.5424575209617615,0.5603560209274292
YNL085W,YJR138W,0,0.005596006,0.08833577483892441,0.5424575209617615,0.5604560375213623
YIR011C,YJR103W,0,0.0055954996,0.08832140266895294,0.5424575209617615,0.5605560541152954
YKL041W,YAR002C-A,0,0.0055949874,0.08830704540014267,0.5424575209617615,0.5606560707092285
YJR149W,YKL205W,0,0.0055947164,0.0882926806807518,0.5424575209617615,0.5607560873031616
YLL003W,YOR239W,0,0.0055909404,0.08827833086252213,0.5424575209617615,0.5608561038970947
YJR053W,YGR072W,0,0.005587956,0.08826398104429245,0.5424575209617615,0.5609561204910278
YDR083W,YNL335W,0,0.005587177,0.08824963122606277,0.5424575209617615,0.5610560774803162
YOL136C,YJR130C,0,0.005587021,0.0882352963089943,0.5424575209617615,0.5611560940742493
YLR160C,YKR044W,0,0.005580137,0.08822096139192581,0.5424575209617615,0.5612561106681824
YOR159C,YOR338W,0,0.005579208,0.08820662647485733,0.5424575209617615,0.5613561272621155
YPL083C,YBR172C,0,0.0055785365,0.08819229900836945,0.5424575209617615,0.5614561438560486
YBL028C,YBL079W,0,0.005576857,0.08817797899246216,0.5424575209617615,0.5615561604499817
YOR145C,YGR134W,0,0.005576635,0.08816366642713547,0.5424575209617615,0.5616561770439148
YML028W,YOR162C,0,0.0055763917,0.08814935386180878,0.5424575209617615,0.5617561936378479
YLR344W,YFL017W-A,0,0.0055745356,0.08813504129648209,0.5424575209617615,0.561856210231781
YOR038C,YPR127W,0,0.005574248,0.08812074363231659,0.5424575209617615,0.5619561672210693
YOR089C,YIR039C,0,0.0055736424,0.0881064385175705,0.5424575209617615,0.5620561838150024
YOL070C,YBR145W,0,0.005568224,0.0880921483039856,0.5424575209617615,0.5621562004089355
YLL029W,YDR371W,0,0.005564872,0.0880778580904007,0.5424575209617615,0.5622562170028687
YKR071C,YEL070W,0,0.0055629564,0.08806357532739639,0.5424575209617615,0.5623562335968018
YNR067C,YDL045C,0,0.0055622915,0.08804929256439209,0.5424575209617615,0.5624562501907349
YOL145C,YCL025C,0,0.0055616167,0.08803501725196838,0.5424575209617615,0.562556266784668
YOL111C,YLR073C,0,0.0055584135,0.08802074939012527,0.5424575209617615,0.5626562833786011
YOL124C,YMR145C,0,0.0055571403,0.08800648152828217,0.5424575209617615,0.5627562999725342
YBR155W,YDR138W,0,0.005550941,0.08799222111701965,0.5424575209617615,0.5628562569618225
YJR005W,YFL001W,0,0.005550888,0.08797796815633774,0.5424575209617615,0.5629562735557556
YKL165C,YIL042C,0,0.0055493885,0.08796371519565582,0.5424575209617615,0.5630562901496887
YNL271C,YGR134W,0,0.00554722,0.08794946223497391,0.5424575209617615,0.5631563067436218
YDL197C,YOL062C,0,0.0055469205,0.08793522417545319,0.5424575209617615,0.5632563233375549
YJR092W,YOR317W,0,0.005546415,0.08792098611593246,0.5424575209617615,0.563356339931488
YJR021C,YMR269W,0,0.0055444483,0.08790674805641174,0.5424575209617615,0.5634563565254211
YLR390W,YOR251C,0,0.0055430974,0.08789252489805222,0.5424575209617615,0.5635563731193542
YPR196W,YAL038W,0,0.0055413544,0.08787829428911209,0.5424575209617615,0.5636563897132874
YJL124C,YKL074C,0,0.0055412995,0.08786407858133316,0.5424575209617615,0.5637563467025757
YHR005C-A,YKL053C-A,0,0.005540664,0.08784986287355423,0.5424575209617615,0.5638563632965088
YBR247C,YBR081C,0,0.005538788,0.0878356546163559,0.5424575209617615,0.5639563798904419
YOR148C,YJL024C,0,0.0055385255,0.08782144635915756,0.5424575209617615,0.564056396484375
YPL151C,YOR126C,0,0.0055367295,0.08780724555253983,0.5424575209617615,0.5641564130783081
YLR321C,YPL098C,0,0.005536204,0.08779304474592209,0.5424575209617615,0.5642564296722412
YER098W,YJL192C,0,0.0055299336,0.08777885884046555,0.5424575209617615,0.5643564462661743
YNL006W,YFL013C,0,0.0055287927,0.0877646654844284,0.5424575209617615,0.5644564628601074
YNL026W,YLL033W,0,0.005528389,0.08775048702955246,0.5424575209617615,0.5645564794540405
YML032C,YNL131W,0,0.0055269552,0.08773630857467651,0.5424575209617615,0.5646564364433289
YJR127C,YLR105C,0,0.005526895,0.08772213011980057,0.5424575209617615,0.564756453037262
YKL126W,YHR058C,0,0.0055267615,0.08770796656608582,0.5424575209617615,0.5648564696311951
YLR270W,YHR168W,0,0.00552378,0.08769379556179047,0.5424575209617615,0.5649564862251282
YOL165C,YLR244C,0,0.0055236486,0.08767963945865631,0.5424575209617615,0.5650565028190613
YOL082W,YMR213W,0,0.0055235913,0.08766548335552216,0.5424575209617615,0.5651565194129944
YNL153C,YDR137W,0,0.005521829,0.0876513347029686,0.5424575209617615,0.5652565360069275
YOR054C,YEL053C,0,0.005521805,0.08763718605041504,0.5424575209617615,0.5653565526008606
YJL140W,YGR020C,0,0.005518923,0.08762304484844208,0.5424575209617615,0.5654565691947937
YNL274C,YBR192W,0,0.005518337,0.08760890364646912,0.5424575209617615,0.565556526184082
YDR046C,YGR142W,1,0.0055183233,0.08775608986616135,0.5434565544128418,0.565556526184082
YDR034C,YOR219C,0,0.0055145198,0.08774193376302719,0.5434565544128418,0.5656565427780151
YOR215C,YDR151C,0,0.0055143135,0.08772778511047363,0.5434565544128418,0.5657565593719482
YBL089W,YIL088C,1,0.0055137486,0.0878748819231987,0.5444555282592773,0.5657565593719482
YGL068W,YPR080W,0,0.0055098697,0.08786071091890335,0.5444555282592773,0.5658565759658813
YBR068C,YNL065W,1,0.005509172,0.08800773322582245,0.5454545617103577,0.5658565759658813
YMR117C,YER002W,0,0.0055076964,0.0879935547709465,0.5454545617103577,0.5659565925598145
YBR120C,YDR429C,0,0.0055062654,0.08797937631607056,0.5454545617103577,0.5660566091537476
YJR006W,YOR304C-A,0,0.0055043334,0.08796519786119461,0.5454545617103577,0.5661566257476807
YCR060W,YEL040W,0,0.005503117,0.08795103430747986,0.5454545617103577,0.5662566423416138
YDR527W,YNL052W,0,0.005501398,0.08793686330318451,0.5454545617103577,0.5663566589355469
YPR072W,YPL104W,0,0.0054992745,0.08792270720005035,0.5454545617103577,0.5664566159248352
YBR294W,YGR105W,0,0.0054988884,0.0879085510969162,0.5454545617103577,0.5665566325187683
YNL271C,YLL017W,0,0.005496962,0.08789439499378204,0.5454545617103577,0.5666566491127014
YLR197W,YLR042C,0,0.0054962817,0.08788025379180908,0.5454545617103577,0.5667566657066345
YOL070C,YHR132C,0,0.005495447,0.08786610513925552,0.5454545617103577,0.5668566823005676
YML099C,YNL016W,0,0.0054953406,0.08785197138786316,0.5454545617103577,0.5669566988945007
YHR030C,YDR410C,0,0.0054950356,0.0878378376364708,0.5454545617103577,0.5670567154884338
YDR030C,YLR386W,0,0.00549298,0.08782371133565903,0.5454545617103577,0.5671567320823669
YMR137C,YOR008C,0,0.0054921205,0.08780958503484726,0.5454545617103577,0.5672567486763
YHR056C,YDL070W,0,0.0054887095,0.08779546618461609,0.5454545617103577,0.5673567652702332
YDL054C,YNL052W,0,0.005487994,0.08778134733438492,0.5454545617103577,0.5674567222595215
YMR123W,YGR246C,0,0.005487484,0.08776724338531494,0.5454545617103577,0.5675567388534546
YBL085W,YDL208W,0,0.0054873093,0.08775313198566437,0.5454545617103577,0.5676567554473877
YKL174C,YEL063C,1,0.0054867603,0.08789972960948944,0.5464535355567932,0.5676567554473877
YMR089C,YGL112C,0,0.005484458,0.08788560330867767,0.5464535355567932,0.5677567720413208
YNL262W,YBL034C,0,0.0054790904,0.0878714844584465,0.5464535355567932,0.5678567886352539
YDR351W,YLR291C,0,0.005477612,0.08785737305879593,0.5464535355567932,0.567956805229187
YDL036C,YEL029C,0,0.00547522,0.08784326165914536,0.5464535355567932,0.5680568218231201
YER022W,YDR496C,0,0.0054747397,0.08782915771007538,0.5464535355567932,0.5681568384170532
YDL212W,YBR069C,1,0.005473395,0.08797559887170792,0.5474525690078735,0.5681568384170532
YKL176C,YNL065W,1,0.0054699257,0.08812198787927628,0.5484515428543091,0.5681568384170532
YKL013C,YLR285W,0,0.0054695727,0.08810784667730331,0.5484515428543091,0.5682568550109863
YDL015C,YLR316C,0,0.0054654144,0.08809371292591095,0.5484515428543091,0.5683568120002747
YJL034W,YHR008C,0,0.0054639396,0.08807957917451859,0.5484515428543091,0.5684568285942078
YBL026W,YLR164W,0,0.0054636025,0.08806544542312622,0.5484515428543091,0.5685568451881409
YML006C,YGL019W,0,0.005457245,0.08805132657289505,0.5484515428543091,0.568656861782074
YDR144C,YGL212W,0,0.0054565645,0.08803720027208328,0.5484515428543091,0.5687568783760071
YMR054W,YKR101W,0,0.005454958,0.08802308887243271,0.5484515428543091,0.5688568949699402
YGR199W,YJL192C,0,0.0054528425,0.08800897747278214,0.5484515428543091,0.5689569115638733
YDR378C,YMR269W,0,0.005451325,0.08799487352371216,0.5484515428543091,0.5690569281578064
YIL080W,YDR218C,0,0.0054509626,0.08798076957464218,0.5484515428543091,0.5691569447517395
YPR137W,YML099C,0,0.005449903,0.0879666730761528,0.5484515428543091,0.5692569017410278
YLL055W,YCL025C,1,0.0054485616,0.08811278641223907,0.5494505763053894,0.5692569017410278
YBR080C,YOR222W,0,0.0054484503,0.0880986675620079,0.5494505763053894,0.5693569183349609
YEL043W,YLR251W,0,0.005448282,0.08808456361293793,0.5494505763053894,0.569456934928894
YOR212W,YHR175W,0,0.0054474478,0.08807045966386795,0.5494505763053894,0.5695569515228271
YIL002C,YDL045C,0,0.005444341,0.08805635571479797,0.5494505763053894,0.5696569681167603
YMR218C,YGL071W,0,0.0054418887,0.0880422592163086,0.5494505763053894,0.5697569847106934
YOL102C,YCL014W,0,0.0054412,0.08802817016839981,0.5494505763053894,0.5698570013046265
YIL061C,YBL052C,0,0.0054397676,0.08801408112049103,0.5494505763053894,0.5699570178985596
YPR149W,YNL080C,0,0.00543967,0.08799999952316284,0.5494505763053894,0.5700570344924927
YPL131W,YGL236C,0,0.005439613,0.08798592537641525,0.5494505763053894,0.570156991481781
YPR137W,YGR239C,0,0.0054346365,0.08797185122966766,0.5494505763053894,0.5702570080757141
YDR240C,YDR109C,0,0.005433575,0.08795777708292007,0.5494505763053894,0.5703570246696472
YDR414C,YMR267W,0,0.0054333946,0.08794371783733368,0.5494505763053894,0.5704570412635803
YGR191W,YPL274W,1,0.005432737,0.08808952569961548,0.550449550151825,0.5704570412635803
YML051W,YNR028W,0,0.005432626,0.08807544410228729,0.550449550151825,0.5705570578575134
YBR128C,YOR089C,0,0.0054323585,0.0880613699555397,0.550449550151825,0.5706570744514465
YOL142W,YBR173C,0,0.005429737,0.08804729580879211,0.550449550151825,0.5707570910453796
YOR054C,YPL213W,0,0.0054265447,0.08803322911262512,0.550449550151825,0.5708571076393127
YDL133C-A,YBR222C,0,0.0054249642,0.08801916986703873,0.550449550151825,0.5709571242332458
YDR072C,YML028W,0,0.005424905,0.08800511062145233,0.550449550151825,0.5710570812225342
YKL170W,YPR163C,0,0.005423457,0.08799105882644653,0.550449550151825,0.5711570978164673
YHR074W,YMR193W,0,0.0054215644,0.08797700703144073,0.550449550151825,0.5712571144104004
YOR324C,YBR243C,0,0.005420551,0.08796296268701553,0.550449550151825,0.5713571310043335
YBR223C,YJR034W,0,0.0054133325,0.08794892579317093,0.550449550151825,0.5714571475982666
YOL057W,YGR238C,0,0.005411261,0.08793488889932632,0.550449550151825,0.5715571641921997
YCR075C,YMR088C,1,0.005410494,0.08808042109012604,0.5514485239982605,0.5715571641921997
YMR061W,YNL282W,0,0.0054066363,0.08806636929512024,0.5514485239982605,0.5716571807861328
YDR034C,YNL219C,0,0.0053976635,0.08805231750011444,0.5514485239982605,0.5717571973800659
YBR293W,YCL025C,1,0.0053957542,0.08819776773452759,0.5524475574493408,0.5717571973800659
YAL054C,YMR300C,0,0.0053932266,0.0881837010383606,0.5524475574493408,0.571857213973999
YBR275C,YCR026C,0,0.005389509,0.0881696417927742,0.5524475574493408,0.5719571709632874
YIL134W,YEL053C,0,0.0053877225,0.0881555899977684,0.5524475574493408,0.5720571875572205
YAR027W,YOR313C,0,0.005387495,0.0881415382027626,0.5524475574493408,0.5721572041511536
YAL054C,YOR008C,0,0.005383416,0.0881274864077568,0.5524475574493408,0.5722572207450867
YMR228W,YLR350W,0,0.0053780363,0.0881134495139122,0.5524475574493408,0.5723572373390198
YDR457W,YBR282W,0,0.005376338,0.0880994126200676,0.5524475574493408,0.5724572539329529
YKL176C,YKR039W,1,0.0053753615,0.08824466168880463,0.5534465312957764,0.5724572539329529
YOR147W,YAL022C,0,0.0053727925,0.08823060989379883,0.5534465312957764,0.572557270526886
YKR039W,YNR056C,1,0.005369761,0.08837579935789108,0.5544455647468567,0.572557270526886
YPR072W,YDR364C,0,0.0053664944,0.0883617252111435,0.5544455647468567,0.5726572871208191
YGL225W,YHR059W,0,0.005364746,0.0883476585149765,0.5544455647468567,0.5727573037147522
YGR144W,YGL225W,0,0.0053646364,0.0883335992693901,0.5544455647468567,0.5728572607040405
YCR027C,YEL062W,1,0.005362035,0.08847867697477341,0.5554445385932922,0.5728572607040405
YDL142C,YKL186C,0,0.0053601963,0.08846459537744522,0.5554445385932922,0.5729572772979736
YPL082C,YMR240C,0,0.005359225,0.08845052868127823,0.5554445385932922,0.5730572938919067
YPR035W,YJL117W,0,0.0053564147,0.08843645453453064,0.5554445385932922,0.5731573104858398
YKL013C,YOL028C,0,0.005354294,0.08842239528894424,0.5554445385932922,0.573257327079773
YNL192W,YAL031C,0,0.0053492906,0.08840832859277725,0.5554445385932922,0.573357343673706
YLR029C,YDR260C,0,0.005348862,0.08839427679777145,0.5554445385932922,0.5734573602676392
YEL036C,YMR038C,0,0.005348596,0.08838022500276566,0.5554445385932922,0.5735573768615723
YGR216C,YMR090W,0,0.005347518,0.08836618065834045,0.5554445385932922,0.5736573934555054
YLL055W,YNL065W,1,0.0053447136,0.08851104229688644,0.5564435720443726,0.5736573934555054
YOR304C-A,YKR026C,0,0.005344579,0.08849698305130005,0.5564435720443726,0.5737573504447937
YCL057W,YGL163C,0,0.005344034,0.08848292380571365,0.5564435720443726,0.5738573670387268
YNR013C,YJR034W,0,0.0053439224,0.08846887201070786,0.5564435720443726,0.5739573836326599
YHR047C,YGR180C,0,0.0053380504,0.08845482021570206,0.5564435720443726,0.574057400226593
YDR046C,YDL210W,1,0.005336415,0.0885995551943779,0.5574425458908081,0.574057400226593
YKL119C,YLR020C,0,0.005335879,0.08858548849821091,0.5574425458908081,0.5741574168205261
YLL051C,YNL178W,0,0.00533214,0.08857142925262451,0.5574425458908081,0.5742574334144592
YIR025W,YOL107W,0,0.005330906,0.08855737000703812,0.5574425458908081,0.5743574500083923
YNR031C,YGR027C,0,0.005330718,0.08854331821203232,0.5574425458908081,0.5744574666023254
YDR137W,YDR173C,0,0.0053298157,0.08852927386760712,0.5574425458908081,0.5745574831962585
YOR304C-A,YML080W,0,0.00532579,0.08851522952318192,0.5574425458908081,0.5746574401855469
YOR204W,YNR035C,0,0.005325204,0.08850119262933731,0.5574425458908081,0.57475745677948
YOL066C,YGR239C,0,0.0053245123,0.0884871557354927,0.5574425458908081,0.5748574733734131
YKL022C,YBL079W,0,0.005323583,0.0884731262922287,0.5574425458908081,0.5749574899673462
YDL217C,YDR226W,0,0.005315731,0.08845909684896469,0.5574425458908081,0.5750575065612793
YMR169C,YDR167W,0,0.0053131925,0.08844507485628128,0.5574425458908081,0.5751575231552124
YGR032W,YCL057W,0,0.005313082,0.08843106031417847,0.5574425458908081,0.5752575397491455
YOR291W,YMR034C,0,0.005312787,0.08841705322265625,0.5574425458908081,0.5753575563430786
YMR013C,YDL097C,0,0.005312152,0.08840303868055344,0.5574425458908081,0.5754575729370117
YER138C,YJR032W,0,0.005309955,0.08838903903961182,0.5574425458908081,0.5755575299263
YGR252W,YDR062W,0,0.005309845,0.0883750393986702,0.5574425458908081,0.5756575465202332
YKR056W,YOL102C,0,0.005307614,0.08836104720830917,0.5574425458908081,0.5757575631141663
YPR135W,YDR260C,0,0.0053037913,0.08834705501794815,0.5574425458908081,0.5758575797080994
YMR033W,YLL027W,0,0.0053036152,0.08833307027816772,0.5574425458908081,0.5759575963020325
YCR027C,YEL064C,1,0.005302481,0.08847736567258835,0.5584415793418884,0.5759575963020325
YOR176W,YGR089W,0,0.0052994434,0.08846336603164673,0.5584415793418884,0.5760576128959656
YML032C,YMR169C,0,0.0052900487,0.08844936639070511,0.5584415793418884,0.5761576294898987
YJR107W,YJL081C,0,0.005289479,0.08843537420034409,0.5584415793418884,0.5762576460838318
YJL011C,YFL017W-A,0,0.0052884803,0.08842138200998306,0.5584415793418884,0.5763576626777649
YNL282W,YHR156C,0,0.0052868854,0.08840740472078323,0.5584415793418884,0.5764576196670532
YMR117C,YGL174W,0,0.0052810907,0.08839341998100281,0.5584415793418884,0.5765576362609863
YLR447C,YGR113W,0,0.005277037,0.08837945014238358,0.5584415793418884,0.5766576528549194
YGR238C,YJR140C,0,0.0052760183,0.08836547285318375,0.5584415793418884,0.5767576694488525
YLR383W,YCL008C,0,0.005273376,0.08835151046514511,0.5584415793418884,0.5768576860427856
YJL066C,YDR389W,0,0.0052733114,0.08833754807710648,0.5584415793418884,0.5769577026367188
YKL020C,YJR112W,0,0.0052719708,0.08832359313964844,0.5584415793418884,0.5770577192306519
YML028W,YGR171C,0,0.0052718557,0.0883096382021904,0.5584415793418884,0.577157735824585
YFL010W-A,YER119C,1,0.0052706804,0.08845364302396774,0.559440553188324,0.577157735824585
YDL215C,YLR440C,0,0.005268976,0.08843967318534851,0.559440553188324,0.5772577524185181
YJL059W,YCL025C,1,0.005268501,0.08858361095190048,0.5604395866394043,0.5772577524185181
YOR209C,YIL046W,0,0.005268234,0.08856962621212006,0.5604395866394043,0.5773577094078064
YKL119C,YBR150C,0,0.0052671595,0.08855564147233963,0.5604395866394043,0.5774577260017395
YML028W,YER115C,0,0.0052658203,0.0885416641831398,0.5604395866394043,0.5775577425956726
YKR055W,YDL202W,0,0.005261309,0.08852769434452057,0.5604395866394043,0.5776577591896057
YBR125C,YKL189W,0,0.005260126,0.08851372450590134,0.5604395866394043,0.5777577757835388
YNL127W,YBR238C,0,0.0052566365,0.0884997621178627,0.5604395866394043,0.5778577923774719
YOL158C,YIR038C,0,0.005256163,0.08848580718040466,0.5604395866394043,0.577957808971405
YDL107W,YNL079C,0,0.005255178,0.08847185224294662,0.5604395866394043,0.5780578255653381
YLL008W,YNL258C,0,0.0052544056,0.08845789730548859,0.5604395866394043,0.5781578421592712
YJR149W,YCL014W,0,0.0052521653,0.08844395726919174,0.5604395866394043,0.5782577991485596
YKL205W,YLR316C,0,0.0052514453,0.0884300097823143,0.5604395866394043,0.5783578157424927
YNL102W,YMR087W,0,0.0052508228,0.08841607719659805,0.5604395866394043,0.5784578323364258
YKL210W,YBL098W,0,0.0052466104,0.0884021446108818,0.5604395866394043,0.5785578489303589
YNL304W,YNR002C,0,0.005244468,0.08838821202516556,0.5604395866394043,0.578657865524292
YOR311C,YGL004C,0,0.0052438783,0.0883742943406105,0.5604395866394043,0.5787578821182251
YPR127W,YDL077C,0,0.005242929,0.08836036920547485,0.5604395866394043,0.5788578987121582
YPL213W,YLR163C,0,0.005239831,0.0883464589715004,0.5604395866394043,0.5789579153060913
YPR035W,YDR170C,0,0.005238506,0.08833254873752594,0.5604395866394043,0.5790579319000244
YDR030C,YBL076C,0,0.0052384413,0.08831863850355148,0.5604395866394043,0.5791578888893127
YPL104W,YER130C,0,0.0052366704,0.08830473572015762,0.5604395866394043,0.5792579054832458
YJR138W,YGL026C,0,0.005236658,0.08829084038734436,0.5604395866394043,0.579357922077179
YJL213W,YHR008C,0,0.0052361237,0.0882769450545311,0.5604395866394043,0.5794579386711121
YLL055W,YPL265W,1,0.0052350783,0.08842039108276367,0.5614385604858398,0.5794579386711121
YIL139C,YNL122C,0,0.005234825,0.08840648084878922,0.5614385604858398,0.5795579552650452
YGR070W,YMR240C,0,0.005234415,0.08839257806539536,0.5614385604858398,0.5796579718589783
YPL134C,YJL178C,0,0.005226498,0.0883786752820015,0.5614385604858398,0.5797579884529114
YOR298W,YEL041W,0,0.005225707,0.08836477994918823,0.5614385604858398,0.5798580050468445
YKL093W,YDR109C,0,0.0052248025,0.08835088461637497,0.5614385604858398,0.5799580216407776
YPL131W,YLL027W,0,0.005222783,0.0883370041847229,0.5614385604858398,0.5800579786300659
YJR010W,YGL122C,0,0.0052196207,0.08832311630249023,0.5614385604858398,0.580157995223999
YLR264W,YJL006C,0,0.005216519,0.08830923587083817,0.5614385604858398,0.5802580118179321
YBR287W,YNL307C,0,0.005216371,0.0882953628897667,0.5614385604858398,0.5803580284118652
YGL170C,YJR053W,0,0.0052158735,0.08828149735927582,0.5614385604858398,0.5804580450057983
YGL209W,YNR044W,0,0.005213489,0.08826763182878494,0.5614385604858398,0.5805580615997314
YPL099C,YJL079C,0,0.0052127196,0.08825376629829407,0.5614385604858398,0.5806580781936646
YPL011C,YGL103W,0,0.005212695,0.08823991566896439,0.5614385604858398,0.5807580947875977
YPL110C,YFR052W,0,0.00521248,0.08822605758905411,0.5614385604858398,0.5808581113815308
YDL029W,YIL177C,0,0.0052100304,0.08821221441030502,0.5614385604858398,0.5809580683708191
YMR241W,YHR060W,0,0.0052094124,0.08819837123155594,0.5614385604858398,0.5810580849647522
YLR219W,YLR005W,0,0.005206895,0.08818452805280685,0.5614385604858398,0.5811581015586853
YLR380W,YIL035C,0,0.005205761,0.08817069232463837,0.5614385604858398,0.5812581181526184
YLR300W,YHL027W,0,0.005203011,0.08815686404705048,0.5614385604858398,0.5813581347465515
YMR169C,YPL083C,0,0.005202182,0.08814303576946259,0.5614385604858398,0.5814581513404846
YOR168W,YNL027W,0,0.0052006375,0.08812921494245529,0.5614385604858398,0.5815581679344177
YOL057W,YJR092W,0,0.0052004796,0.088115394115448,0.5614385604858398,0.5816581845283508
YGR191W,YPL265W,1,0.005200255,0.08825834840536118,0.5624375343322754,0.5816581845283508
YOL112W,YGR169C,0,0.0051995055,0.08824451267719269,0.5624375343322754,0.5817582011222839
YOR304W,YGL014W,0,0.005199217,0.0882306843996048,0.5624375343322754,0.5818581581115723
YHR030C,YJR006W,0,0.005199034,0.0882168635725975,0.5624375343322754,0.5819581747055054
YKR069W,YIL133C,0,0.005197609,0.08820304274559021,0.5624375343322754,0.5820581912994385
YGR238C,YGL051W,0,0.0051958314,0.08818922191858292,0.5624375343322754,0.5821582078933716
YGR052W,YAL022C,0,0.005194491,0.08817540854215622,0.5624375343322754,0.5822582244873047
YBR059C,YGL103W,0,0.0051907785,0.08816160261631012,0.5624375343322754,0.5823582410812378
YNL297C,YFR018C,0,0.005183948,0.08814779669046402,0.5624375343322754,0.5824582576751709
YGL014W,YGL060W,0,0.005183166,0.08813399821519852,0.5624375343322754,0.582558274269104
YMR020W,YGR105W,0,0.0051828073,0.08812020719051361,0.5624375343322754,0.5826582908630371
YBR145W,YMR200W,0,0.0051782336,0.0881064161658287,0.5624375343322754,0.5827582478523254
YCL024W,YDR423C,0,0.005177568,0.0880926325917244,0.5624375343322754,0.5828582644462585
YCR014C,YLR088W,0,0.0051773326,0.08807884901762009,0.5624375343322754,0.5829582810401917
YLR289W,YNL110C,0,0.005174629,0.08806507289409637,0.5624375343322754,0.5830582976341248
YMR075W,YFL023W,0,0.005173792,0.08805129677057266,0.5624375343322754,0.5831583142280579
YJR078W,YOL151W,0,0.0051723933,0.08803752809762955,0.5624375343322754,0.583258330821991
YOL086C,YDR109C,0,0.0051717754,0.08802376687526703,0.5624375343322754,0.5833583474159241
YNL268W,YEL064C,1,0.0051708133,0.08816632628440857,0.5634365677833557,0.5833583474159241
YNL271C,YDR164C,0,0.0051704333,0.08815255016088486,0.5634365677833557,0.5834583640098572
YGR180C,YPL042C,0,0.005170389,0.08813877403736115,0.5634365677833557,0.5835583806037903
YMR238W,YOR194C,0,0.0051677558,0.08812499791383743,0.5634365677833557,0.5836583375930786
YPL134C,YMR039C,0,0.005167689,0.08811122924089432,0.5634365677833557,0.5837583541870117
YDL107W,YGL112C,0,0.005167633,0.0880974680185318,0.5634365677833557,0.5838583707809448
YCR093W,YER017C,0,0.0051668216,0.08808371424674988,0.5634365677833557,0.5839583873748779
YGR070W,YCR026C,0,0.0051654344,0.08806995302438736,0.5634365677833557,0.584058403968811
YDR411C,YPR194C,0,0.0051648635,0.08805620670318604,0.5634365677833557,0.5841584205627441
YER090W,YNR035C,0,0.0051636337,0.08804246038198471,0.5634365677833557,0.5842584371566772
YDR454C,YPL064C,0,0.0051630437,0.08802872151136398,0.5634365677833557,0.5843584537506104
YPR196W,YGR285C,0,0.005161892,0.08801498264074326,0.5634365677833557,0.5844584703445435
YDR160W,YNL270C,1,0.0051605804,0.0881572812795639,0.5644355416297913,0.5844584703445435
YOL070C,YKL094W,0,0.005159479,0.08814352750778198,0.5644355416297913,0.5845584273338318
YLL055W,YBR068C,1,0.0051563173,0.08828575909137726,0.5654345750808716,0.5845584273338318
YOL062C,YDR508C,0,0.005154591,0.08827199041843414,0.5654345750808716,0.5846584439277649
YKL090W,YLR033W,0,0.0051538427,0.08825822919607162,0.5654345750808716,0.584758460521698
YML006C,YDL070W,0,0.0051523563,0.0882444679737091,0.5654345750808716,0.5848584771156311
YMR169C,YLR016C,0,0.005152327,0.08823070675134659,0.5654345750808716,0.5849584937095642
YNL307C,YPR060C,0,0.0051517184,0.08821696043014526,0.5654345750808716,0.5850585103034973
YNL261W,YOR148C,0,0.005146567,0.08820320665836334,0.5654345750808716,0.5851585268974304
YPR035W,YER138C,0,0.005146201,0.08818946778774261,0.5654345750808716,0.5852585434913635
YOL070C,YPR137W,0,0.005145527,0.08817572891712189,0.5654345750808716,0.5853585600852966
YIL061C,YER055C,0,0.0051454245,0.08816199004650116,0.5654345750808716,0.585458517074585
YLL004W,YER162C,0,0.0051451097,0.08814826607704163,0.5654345750808716,0.5855585336685181
YHR012W,YJL117W,0,0.00514458,0.0881345346570015,0.5654345750808716,0.5856585502624512
YNL231C,YLR130C,0,0.0051444946,0.08812081813812256,0.5654345750808716,0.5857585668563843
YDR414C,YDR034C,0,0.0051428913,0.08810710161924362,0.5654345750808716,0.5858585834503174
YEL031W,YML071C,0,0.0051415204,0.08809338510036469,0.5654345750808716,0.5859586000442505
YER017C,YDR364C,0,0.005139175,0.08807967603206635,0.5654345750808716,0.5860586166381836
YGR155W,YGL051W,0,0.005138692,0.0880659744143486,0.5654345750808716,0.5861586332321167
YNL236W,YGL071W,0,0.005137946,0.08805227279663086,0.5654345750808716,0.5862586498260498
YKL090W,YPL007C,0,0.0051340037,0.08803857862949371,0.5654345750808716,0.5863586068153381
YNL192W,YBL079W,0,0.005133948,0.08802488446235657,0.5654345750808716,0.5864586234092712
YJL087C,YMR020W,0,0.0051337895,0.08801119774580002,0.5654345750808716,0.5865586400032043
YHR175W,YDR423C,0,0.0051331026,0.08799751102924347,0.5654345750808716,0.5866586565971375
YGR085C,YLR383W,0,0.0051299576,0.08798383176326752,0.5654345750808716,0.5867586731910706
YJR051W,YBL028C,0,0.005129729,0.08797015994787216,0.5654345750808716,0.5868586897850037
YMR019W,YNL044W,0,0.005129247,0.0879564881324768,0.5654345750808716,0.5869587063789368
YDR090C,YNL080C,0,0.005128196,0.08794282376766205,0.5654345750808716,0.5870587229728699
YDR026C,YJL213W,0,0.005127452,0.08792915940284729,0.5654345750808716,0.587158739566803
YLL055W,YDL210W,1,0.005125822,0.0880708321928978,0.5664335489273071,0.587158739566803
YKL174C,YER119C,1,0.00512564,0.08821245282888412,0.5674325823783875,0.587158739566803
YOR348C,YEL064C,1,0.0051238164,0.08835403621196747,0.568431556224823,0.587158739566803
YOR274W,YIR005W,0,0.0051221712,0.08834031969308853,0.568431556224823,0.5872586965560913
YCR093W,YHR156C,0,0.005122142,0.0883266031742096,0.568431556224823,0.5873587131500244
YBL028C,YLR163C,0,0.005118377,0.08831289410591125,0.568431556224823,0.5874587297439575
YFR019W,YBL092W,0,0.005117197,0.08829919248819351,0.568431556224823,0.5875587463378906
YER055C,YLL061W,0,0.0051162187,0.08828549087047577,0.568431556224823,0.5876587629318237
YGR171C,YLL033W,0,0.005115748,0.08827179670333862,0.568431556224823,0.5877587795257568
YLR401C,YMR200W,0,0.0051127663,0.08825810253620148,0.568431556224823,0.5878587961196899
YMR146C,YAR002C-A,0,0.005111238,0.08824441581964493,0.568431556224823,0.587958812713623
YOL124C,YDL097C,0,0.00511054,0.08823073655366898,0.568431556224823,0.5880588293075562
YLL061W,YLR316C,0,0.005109025,0.08821705728769302,0.568431556224823,0.5881587862968445
YOL141W,YGR238C,0,0.0051080966,0.08820337802171707,0.568431556224823,0.5882588028907776
YGL162W,YDR059C,0,0.0051075877,0.08818970620632172,0.568431556224823,0.5883588194847107
YLR203C,YLR321C,0,0.0051062796,0.08817604184150696,0.568431556224823,0.5884588360786438
YNL261W,YCR026C,0,0.0051056207,0.0881623774766922,0.568431556224823,0.5885588526725769
YPL082C,YPL208W,0,0.0051021995,0.08814872056245804,0.568431556224823,0.58865886926651
YDR034C,YMR301C,0,0.005098074,0.08813507109880447,0.568431556224823,0.5887588858604431
YKL190W,YDL171C,0,0.0050975904,0.08812142163515091,0.568431556224823,0.5888589024543762
YJR005W,YOR209C,0,0.005096072,0.08810777217149734,0.568431556224823,0.5889589190483093
YAL022C,YKR068C,0,0.005095153,0.08809413015842438,0.568431556224823,0.5890589356422424
YMR321C,YLL012W,0,0.0050908863,0.088080495595932,0.568431556224823,0.5891588926315308
YER008C,YPR160W,0,0.0050898506,0.08806686103343964,0.568431556224823,0.5892589092254639
YER087W,YOL107W,0,0.005087608,0.08805323392152786,0.568431556224823,0.589358925819397
YKL117W,YNL078W,0,0.0050776373,0.08803960680961609,0.568431556224823,0.5894589424133301
YPL252C,YOR239W,0,0.0050749974,0.08802598714828491,0.568431556224823,0.5895589590072632
YJL166W,YDR310C,0,0.0050743693,0.08801237493753433,0.568431556224823,0.5896589756011963
YDL206W,YDR310C,0,0.005074232,0.08799876272678375,0.568431556224823,0.5897589921951294
YLR452C,YOR187W,0,0.005073924,0.08798515796661377,0.568431556224823,0.5898590087890625
YEL037C,YOL090W,0,0.0050736424,0.08797155320644379,0.568431556224823,0.5899590253829956
YNL192W,YDR337W,0,0.005073255,0.0879579558968544,0.568431556224823,0.5900589823722839
YJL172W,YMR179W,0,0.005072978,0.08794435858726501,0.568431556224823,0.590158998966217
YMR137C,YOR204W,0,0.005072126,0.08793076872825623,0.568431556224823,0.5902590155601501
YLR182W,YOR138C,0,0.005070399,0.08791717886924744,0.568431556224823,0.5903590321540833
YIR038C,YDR364C,0,0.0050693476,0.08790359646081924,0.568431556224823,0.5904590487480164
YDR034C,YKR069W,0,0.00506547,0.08789002150297165,0.568431556224823,0.5905590653419495
YNL297C,YJL141C,0,0.0050627403,0.08787644654512405,0.568431556224823,0.5906590819358826
YKL130C,YNL192W,0,0.00506134,0.08786287903785706,0.568431556224823,0.5907590985298157
YBR293W,YER119C,1,0.0050605168,0.08800370246171951,0.5694305896759033,0.5907590985298157
YOR054C,YPL127C,0,0.0050599524,0.08799012005329132,0.5694305896759033,0.5908591151237488
YDR353W,YDL045C,0,0.0050577517,0.08797653764486313,0.5694305896759033,0.5909590721130371
YNL271C,YMR075W,0,0.0050577135,0.08796296268701553,0.5694305896759033,0.5910590887069702
YEL030W,YPL208W,0,0.0050571663,0.08794938772916794,0.5694305896759033,0.5911591053009033
YDL170W,YDL083C,0,0.005055811,0.08793582022190094,0.5694305896759033,0.5912591218948364
YPR191W,YPL252C,0,0.0050533195,0.08792226016521454,0.5694305896759033,0.5913591384887695
YGL083W,YPL083C,0,0.005053209,0.08790870010852814,0.5694305896759033,0.5914591550827026
YGL236C,YOR020C,0,0.0050510066,0.08789514005184174,0.5694305896759033,0.5915591716766357
YBL026W,YKL124W,0,0.005050165,0.08788158744573593,0.5694305896759033,0.5916591882705688
YNL202W,YDR403W,0,0.005049782,0.08786804229021072,0.5694305896759033,0.591759204864502
YOR388C,YBR222C,0,0.0050480906,0.08785449713468552,0.5694305896759033,0.5918591618537903
YPR111W,YLR028C,0,0.005047377,0.0878409594297409,0.5694305896759033,0.5919591784477234
YKL093W,YLR380W,0,0.005046075,0.08782742917537689,0.5694305896759033,0.5920591950416565
YGR246C,YLL027W,0,0.005043858,0.08781389892101288,0.5694305896759033,0.5921592116355896
YBR068C,YJR001W,1,0.005042578,0.08795440196990967,0.5704295635223389,0.5921592116355896
YKR039W,YGR055W,1,0.0050391275,0.08809486776590347,0.5714285969734192,0.5921592116355896
YBR059C,YPR125W,0,0.0050372104,0.08808130770921707,0.5714285969734192,0.5922592282295227
YOR106W,YDL217C,0,0.005030986,0.08806774765253067,0.5714285969734192,0.5923592448234558
YPL042C,YJL079C,0,0.0050299936,0.08805418759584427,0.5714285969734192,0.5924592614173889
YGL203C,YDR410C,0,0.005028204,0.08804063498973846,0.5714285969734192,0.592559278011322
YDR454C,YEL037C,0,0.0050277626,0.08802708238363266,0.5714285969734192,0.5926592946052551
YIL020C,YPL163C,0,0.0050263004,0.08801353722810745,0.5714285969734192,0.5927592515945435
YKL174C,YOL020W,1,0.005022629,0.08815384656190872,0.5724275708198547,0.5927592515945435
YLR107W,YIL095W,0,0.0050209165,0.08814028650522232,0.5724275708198547,0.5928592681884766
YKR066C,YDR164C,0,0.005017056,0.08812673389911652,0.5724275708198547,0.5929592847824097
YDR160W,YDL210W,1,0.0050164256,0.08826695382595062,0.5734265446662903,0.5929592847824097
YMR117C,YPL007C,0,0.0050159283,0.08825337886810303,0.5734265446662903,0.5930593013763428
YDL107W,YNL267W,0,0.0050131925,0.08823981881141663,0.5734265446662903,0.5931593179702759
YBR275C,YDR218C,0,0.0050121457,0.08822625130414963,0.5734265446662903,0.593259334564209
YGL062W,YLR425W,0,0.0050117844,0.08821269124746323,0.5734265446662903,0.5933593511581421
YOR377W,YIL079C,0,0.005010225,0.08819913864135742,0.5734265446662903,0.5934593677520752
YMR300C,YHR119W,0,0.0050077722,0.08818558603525162,0.5734265446662903,0.5935593843460083
YKL203C,YLR016C,0,0.005005183,0.08817204087972641,0.5734265446662903,0.5936593413352966
YKR071C,YLL051C,0,0.0050034476,0.0881585031747818,0.5734265446662903,0.5937593579292297
YPR182W,YOR261C,0,0.005002505,0.08814496546983719,0.5734265446662903,0.5938593745231628
YKR071C,YOR020C,0,0.004998121,0.08813142776489258,0.5734265446662903,0.593959391117096
YGL112C,YFL021W,0,0.004996343,0.08811789751052856,0.5734265446662903,0.594059407711029
YBR118W,YOR311C,0,0.004994693,0.08810437470674515,0.5734265446662903,0.5941594243049622
YJL024C,YNR003C,0,0.004994309,0.08809085190296173,0.5734265446662903,0.5942594408988953
YLR191W,YGR077C,0,0.0049931696,0.08807733654975891,0.5734265446662903,0.5943594574928284
YCR027C,YCL038C,1,0.0049927887,0.08821724355220795,0.5744255781173706,0.5943594574928284
YCR027C,YNL065W,1,0.0049900673,0.088357113301754,0.5754245519638062,0.5943594574928284
YIL139C,YBL028C,0,0.0049839416,0.0883435606956482,0.5754245519638062,0.5944594740867615
YKL206C,YGL004C,0,0.0049803127,0.08833000808954239,0.5754245519638062,0.5945594310760498
YOL086C,YGL220W,0,0.004979105,0.08831647038459778,0.5754245519638062,0.5946594476699829
YKL103C,YDR170C,0,0.00497894,0.08830292522907257,0.5754245519638062,0.594759464263916
YAL038W,YPL163C,0,0.004978175,0.08828939497470856,0.5754245519638062,0.5948594808578491
YJR053W,YOL062C,0,0.004977152,0.08827586472034454,0.5754245519638062,0.5949594974517822
YKR020W,YFL021W,0,0.004977079,0.08826233446598053,0.5754245519638062,0.5950595140457153
YLL061W,YCL038C,1,0.0049769706,0.08840202540159225,0.5764235854148865,0.5950595140457153
YLL061W,YEL062W,1,0.004976484,0.0885416641831398,0.577422559261322,0.5950595140457153
YPL167C,YPL244C,0,0.004975252,0.0885281041264534,0.577422559261322,0.5951595306396484
YHR012W,YPL011C,0,0.0049724104,0.0885145515203476,0.577422559261322,0.5952595472335815
YOR145C,YIL046W,0,0.004966089,0.08850099891424179,0.577422559261322,0.5953595638275146
YJL166W,YGR134W,0,0.0049659875,0.08848744630813599,0.577422559261322,0.595459520816803
YBR068C,YER119C,1,0.00496571,0.08862697333097458,0.5784215927124023,0.595459520816803
YLR029C,YNR031C,0,0.004965677,0.08861340582370758,0.5784215927124023,0.5955595374107361
YGR010W,YPL244C,0,0.004962045,0.08859984576702118,0.5784215927124023,0.5956595540046692
YOL145C,YDL028C,0,0.0049601877,0.08858629316091537,0.5784215927124023,0.5957595705986023
YGR142W,YPL274W,1,0.004957421,0.08872571587562561,0.5794205665588379,0.5957595705986023
YEL053C,YMR075W,0,0.004955464,0.08871214091777802,0.5794205665588379,0.5958595871925354
YGR155W,YJL082W,0,0.0049547968,0.08869858086109161,0.5794205665588379,0.5959596037864685
YGR056W,YCR093W,0,0.004952115,0.08868501335382462,0.5794205665588379,0.5960596203804016
YEL022W,YJR005W,0,0.0049507474,0.08867145329713821,0.5794205665588379,0.5961596369743347
YLL055W,YNL175C,0,0.0049505834,0.08865790069103241,0.5794205665588379,0.5962596535682678
YIL143C,YDR164C,0,0.004950207,0.0886443555355072,0.5794205665588379,0.5963596105575562
YPR001W,YGR229C,0,0.0049468544,0.088630810379982,0.5794205665588379,0.5964596271514893
YBR052C,YDR364C,0,0.004946704,0.08861726522445679,0.5794205665588379,0.5965596437454224
YGR105W,YOR123C,0,0.0049456293,0.08860372751951218,0.5794205665588379,0.5966596603393555
YJR078W,YGL216W,0,0.0049438654,0.08859019726514816,0.5794205665588379,0.5967596769332886
YPR021C,YJR001W,1,0.004940345,0.0887293815612793,0.5804196000099182,0.5967596769332886
YIL142W,YOR382W,0,0.004940085,0.08871583640575409,0.5804196000099182,0.5968596935272217
YGR095C,YNL006W,0,0.0049393773,0.08870229125022888,0.5804196000099182,0.5969597101211548
YPR113W,YDR310C,0,0.004937641,0.08868874609470367,0.5804196000099182,0.5970597267150879
YER087W,YDL039C,0,0.0049370294,0.08867521584033966,0.5804196000099182,0.597159743309021
YBR059C,YKL180W,0,0.0049361256,0.08866167813539505,0.5804196000099182,0.5972597002983093
YHR082C,YER046W,0,0.0049341675,0.08864815533161163,0.5804196000099182,0.5973597168922424
YGR199W,YLL027W,0,0.0049340785,0.08863463252782822,0.5804196000099182,0.5974597334861755
YDL140C,YDR260C,0,0.0049333083,0.0886211097240448,0.5804196000099182,0.5975597500801086
YKR054C,YMR238W,0,0.0049332688,0.08860759437084198,0.5804196000099182,0.5976597666740417
YDR233C,YBR095C,0,0.0049320357,0.08859408646821976,0.5804196000099182,0.5977597832679749
YOL136C,YJL192C,0,0.0049314247,0.08858057856559753,0.5804196000099182,0.597859799861908
YHR074W,YDL208W,0,0.004931329,0.08856707066297531,0.5804196000099182,0.5979598164558411
YAL016W,YIL047C,0,0.0049282946,0.08855357766151428,0.5804196000099182,0.5980598330497742
YKL170W,YGR036C,0,0.004925546,0.08854007720947266,0.5804196000099182,0.5981597900390625
YNL084C,YMR172W,0,0.004925092,0.08852659165859222,0.5804196000099182,0.5982598066329956
YCL008C,YIL076W,0,0.0049226624,0.0885130986571312,0.5804196000099182,0.5983598232269287
YDL212W,YCR075C,1,0.0049207825,0.08865194022655487,0.5814185738563538,0.5983598232269287
YMR112C,YOL054W,0,0.004919081,0.08863843977451324,0.5814185738563538,0.5984598398208618
YNR056C,YBR068C,1,0.00491839,0.08877722173929214,0.5824176073074341,0.5984598398208618
YJL024C,YKL124W,0,0.0049176924,0.08876370638608932,0.5824176073074341,0.5985598564147949
YDR371W,YBR052C,0,0.004916915,0.0887501910328865,0.5824176073074341,0.598659873008728
YHR175W,YOR232W,0,0.004910429,0.08873668313026428,0.5824176073074341,0.5987598896026611
YER017C,YDL074C,0,0.0049087377,0.08872317522764206,0.5824176073074341,0.5988599061965942
YDR530C,YIR005W,0,0.0049081063,0.08870967477560043,0.5824176073074341,0.5989599227905273
YPL265W,YEL064C,1,0.0049054734,0.08884831517934799,0.5834165811538696,0.5989599227905273
YPL259C,YOL040C,0,0.0049037486,0.08883480727672577,0.5834165811538696,0.5990598797798157
YNL236W,YKL124W,0,0.0049019367,0.08882129192352295,0.5834165811538696,0.5991598963737488
YBR271W,YPL259C,0,0.0049007386,0.08880778402090073,0.5834165811538696,0.5992599129676819
YGR264C,YPL188W,0,0.0048993067,0.0887942835688591,0.5834165811538696,0.599359929561615
YKR002W,YIR038C,0,0.004898351,0.08878078311681747,0.5834165811538696,0.5994599461555481
YLL061W,YIL088C,1,0.0048971702,0.08891928941011429,0.5844155550003052,0.5994599461555481
YGL094C,YCL052C,0,0.004896787,0.08890577405691147,0.5844155550003052,0.5995599627494812
YMR013C,YOL124C,0,0.004893858,0.08889226615428925,0.5844155550003052,0.5996599793434143
YKL174C,YPL274W,1,0.0048921495,0.0890306904911995,0.5854145884513855,0.5996599793434143
YLR401C,YHR059W,0,0.004891388,0.08901716768741608,0.5854145884513855,0.5997599959373474
YOR206W,YIL135C,0,0.0048904316,0.08900364488363266,0.5854145884513855,0.5998600125312805
YNL283C,YNL175C,0,0.004890304,0.08899012953042984,0.5854145884513855,0.5999599695205688
YPL188W,YOL136C,0,0.004888404,0.08897661417722702,0.5854145884513855,0.600059986114502
YOR292C,YGL050W,0,0.0048876503,0.0889631062746048,0.5854145884513855,0.6001600027084351
YOR147W,YNL026W,0,0.0048876363,0.08894960582256317,0.5854145884513855,0.6002600193023682
YDR414C,YNL258C,0,0.0048815776,0.08893610537052155,0.5854145884513855,0.6003600358963013
YNL101W,YEL064C,1,0.0048791347,0.08907435834407806,0.586413562297821,0.6003600358963013
YKR071C,YDR508C,0,0.00487582,0.08906084299087524,0.586413562297821,0.6004600524902344
YGR077C,YLR325C,0,0.004875714,0.08904732763767242,0.586413562297821,0.6005600690841675
YOR348C,YGR142W,1,0.0048750564,0.08918549865484238,0.5874125957489014,0.6005600690841675
YDL198C,YLR301W,0,0.0048694247,0.08917197585105896,0.5874125957489014,0.6006600856781006
YDR351W,YML030W,0,0.0048679276,0.08915845304727554,0.5874125957489014,0.6007601022720337
YDL121C,YBR010W,0,0.0048673204,0.08914493769407272,0.5874125957489014,0.600860059261322
YMR049C,YLR330W,0,0.004867274,0.0891314223408699,0.5874125957489014,0.6009600758552551
YOR176W,YFL057C,0,0.004866743,0.08911791443824768,0.5874125957489014,0.6010600924491882
YGR105W,YDR170C,0,0.0048650783,0.08910440653562546,0.5874125957489014,0.6011601090431213
YNL065W,YGL077C,1,0.0048616123,0.08924242109060287,0.5884115695953369,0.6011601090431213
YGR010W,YBR155W,0,0.0048598684,0.08922890573740005,0.5884115695953369,0.6012601256370544
YDL055C,YML049C,0,0.0048589897,0.08921539038419724,0.5884115695953369,0.6013601422309875
YBR293W,YPR021C,1,0.004858872,0.08935332298278809,0.5894106030464172,0.6013601422309875
YOR071C,YIR039C,0,0.0048574014,0.08933979272842407,0.5894106030464172,0.6014601588249207
YER017C,YPL196W,0,0.0048551476,0.08932626992464066,0.5894106030464172,0.6015601754188538
YDR072C,YOR222W,0,0.004854498,0.08931274712085724,0.5894106030464172,0.6016601920127869
YOR301W,YFR018C,0,0.0048517715,0.08929923176765442,0.5894106030464172,0.6017601490020752
YHR175W,YLR033W,0,0.0048509957,0.0892857164144516,0.5894106030464172,0.6018601655960083
YBR202W,YGR271W,0,0.00485022,0.08927220106124878,0.5894106030464172,0.6019601821899414
YML099C,YIR039C,0,0.0048486986,0.08925870060920715,0.5894106030464172,0.6020601987838745
YBR150C,YNL239W,0,0.004847992,0.08924520015716553,0.5894106030464172,0.6021602153778076
YDR494W,YLL040C,0,0.0048478544,0.0892316997051239,0.5894106030464172,0.6022602319717407
YLL029W,YHR051W,0,0.0048458166,0.08921820670366287,0.5894106030464172,0.6023602485656738
YJR078W,YDL040C,0,0.00484475,0.08920471370220184,0.5894106030464172,0.6024602651596069
YDR046C,YJL059W,1,0.004844359,0.089342400431633,0.5904095768928528,0.6024602651596069
YDL039C,YGR222W,0,0.004843008,0.08932889997959137,0.5904095768928528,0.60256028175354
YPL273W,YIL047C,0,0.00484003,0.08931539952754974,0.5904095768928528,0.6026602387428284
YGR012W,YMR238W,0,0.0048390105,0.08930190652608871,0.5904095768928528,0.6027602553367615
YGR252W,YNL050C,0,0.0048364648,0.08928841352462769,0.5904095768928528,0.6028602719306946
YPL259C,YOR226C,0,0.0048361453,0.08927492797374725,0.5904095768928528,0.6029602885246277
YOR219C,YJL117W,0,0.0048357206,0.08926144242286682,0.5904095768928528,0.6030603051185608
YDL128W,YKR006C,0,0.004832482,0.08924796432256699,0.5904095768928528,0.6031603217124939
YPL151C,YNR021W,0,0.0048304987,0.08923448622226715,0.5904095768928528,0.603260338306427
YGR113W,YOR180C,0,0.0048286654,0.08922101557254791,0.5904095768928528,0.6033603549003601
YCL014W,YLL061W,0,0.004827829,0.08920754492282867,0.5904095768928528,0.6034603714942932
YLR203C,YDR222W,0,0.0048276526,0.08919408172369003,0.5904095768928528,0.6035603284835815
YOR292C,YLR153C,0,0.0048226956,0.08918062597513199,0.5904095768928528,0.6036603450775146
YPR021C,YCR075C,1,0.004821128,0.08931804448366165,0.5914086103439331,0.6036603450775146
YGR036C,YLR389C,0,0.0048204875,0.08930457383394241,0.5914086103439331,0.6037603616714478
YKR002W,YDR444W,0,0.0048171533,0.08929110318422318,0.5914086103439331,0.6038603782653809
YOR147W,YLR429W,0,0.00481588,0.08927763253450394,0.5914086103439331,0.603960394859314
YGL094C,YBR155W,0,0.004814473,0.08926417678594589,0.5914086103439331,0.6040604114532471
YFL045C,YMR213W,0,0.004812915,0.08925071358680725,0.5914086103439331,0.6041604280471802
YJL187C,YGR020C,0,0.004808128,0.0892372652888298,0.5914086103439331,0.6042604446411133
YGL256W,YLR224W,0,0.0048070555,0.08922380954027176,0.5914086103439331,0.6043604612350464
YNL208W,YKR044W,0,0.004806522,0.08921036869287491,0.5914086103439331,0.6044604182243347
YLR425W,YMR093W,0,0.004804561,0.08919692784547806,0.5914086103439331,0.6045604348182678
YNR018W,YDR262W,0,0.0048009367,0.08918348699808121,0.5914086103439331,0.6046604514122009
YFR013W,YDR492W,0,0.0047974633,0.08917005360126495,0.5914086103439331,0.604760468006134
YLR440C,YIL042C,0,0.0047970926,0.0891566276550293,0.5914086103439331,0.6048604846000671
YLR300W,YGL103W,0,0.004795711,0.08914320170879364,0.5914086103439331,0.6049605011940002
YBL028C,YER130C,0,0.0047956635,0.08912978321313858,0.5914086103439331,0.6050605177879333
YDR451C,YFR019W,0,0.0047929557,0.08911636471748352,0.5914086103439331,0.6051605343818665
YDR389W,YGR072W,0,0.004792371,0.08910295367240906,0.5914086103439331,0.6052605509757996
YMR077C,YPL188W,0,0.0047919913,0.0890895426273346,0.5914086103439331,0.6053605079650879
YHR074W,YGR095C,0,0.004780342,0.08907613903284073,0.5914086103439331,0.605460524559021
YGR251W,YJL134W,0,0.0047781714,0.08906273543834686,0.5914086103439331,0.6055605411529541
YOR148C,YHR135C,0,0.004776419,0.0890493392944336,0.5914086103439331,0.6056605577468872
YGR012W,YIR032C,0,0.004774053,0.08903594315052032,0.5914086103439331,0.6057605743408203
YDL121C,YOL062C,0,0.004771165,0.08902255445718765,0.5914086103439331,0.6058605909347534
YDL212W,YEL063C,1,0.0047691436,0.0891595259308815,0.5924075841903687,0.6058605909347534
YBL098W,YAL029C,0,0.004768087,0.08914612233638763,0.5924075841903687,0.6059606075286865
YNL261W,YHR082C,0,0.004762341,0.08913271874189377,0.5924075841903687,0.6060606241226196
YPL110C,YMR213W,0,0.0047621033,0.0891193300485611,0.5924075841903687,0.6061606407165527
YJL004C,YPL011C,0,0.0047618053,0.08910593390464783,0.5924075841903687,0.6062605977058411
YBL068W,YPL208W,0,0.0047605536,0.08909254521131516,0.5924075841903687,0.6063606142997742
YPL265W,YGL077C,1,0.0047547575,0.08922938257455826,0.593406617641449,0.6063606142997742
YPR198W,YGR239C,0,0.004754708,0.08921597898006439,0.593406617641449,0.6064606308937073
YFR029W,YAR035W,0,0.004753537,0.08920258283615112,0.593406617641449,0.6065606474876404
YHL036W,YCL025C,1,0.0047532255,0.08933933824300766,0.5944055914878845,0.6065606474876404
YIR025W,YPL112C,0,0.0047507226,0.0893259271979332,0.5944055914878845,0.6066606640815735
YGR056W,YGR010W,0,0.0047500664,0.08931251615285873,0.5944055914878845,0.6067606806755066
YLR043C,YNL304W,0,0.004749742,0.08929911255836487,0.5944055914878845,0.6068606972694397
YHR060W,YDL040C,0,0.0047477474,0.0892857164144516,0.5944055914878845,0.6069607138633728
YOL057W,YCR014C,0,0.0047464697,0.08927232027053833,0.5944055914878845,0.6070607304573059
YNL078W,YNL092W,0,0.004745882,0.08925892412662506,0.5944055914878845,0.6071606874465942
YGR225W,YKL205W,0,0.0047455803,0.08924553543329239,0.5944055914878845,0.6072607040405273
YNL290W,YLR348C,0,0.004745249,0.08923215419054031,0.5944055914878845,0.6073607206344604
YMR228W,YDR353W,0,0.0047450373,0.08921877294778824,0.5944055914878845,0.6074607372283936
YPR111W,YMR304W,0,0.0047441684,0.08920539915561676,0.5944055914878845,0.6075607538223267
YEL063C,YNL065W,1,0.0047433195,0.08934193104505539,0.5954046249389648,0.6075607538223267
YGR052W,YCR002C,0,0.0047421088,0.08932853490114212,0.5954046249389648,0.6076607704162598
YNL304W,YLR380W,0,0.0047411504,0.08931515365839005,0.5954046249389648,0.6077607870101929
YDR046C,YEL062W,1,0.004740131,0.08945160359144211,0.5964035987854004,0.6077607870101929
YDL212W,YMR088C,1,0.004737727,0.08958801627159119,0.5974025726318359,0.6077607870101929
YOR251C,YLR309C,0,0.0047355467,0.08957459777593613,0.5974025726318359,0.607860803604126
YBR202W,YPL131W,0,0.004734648,0.08956117928028107,0.5974025726318359,0.6079608201980591
YJL066C,YMR005W,0,0.004732713,0.0895477682352066,0.5974025726318359,0.6080607771873474
YDR164C,YMR114C,0,0.0047313254,0.08953436464071274,0.5974025726318359,0.6081607937812805
YOR349W,YGL071W,0,0.0047301333,0.08952096104621887,0.5974025726318359,0.6082608103752136
YNL283C,YBR129C,0,0.004729074,0.089507557451725,0.5974025726318359,0.6083608269691467
YNL270C,YGR055W,1,0.004726509,0.08964382112026215,0.5984016060829163,0.6083608269691467
YEL063C,YJL059W,1,0.004726498,0.0897800400853157,0.5994005799293518,0.6083608269691467
YPL113C,YOL062C,0,0.0047248253,0.08976660668849945,0.5994005799293518,0.6084608435630798
YHR030C,YLR291C,0,0.004723267,0.0897531807422638,0.5994005799293518,0.6085608601570129
YJL005W,YNL309W,0,0.004718096,0.08973975479602814,0.5994005799293518,0.608660876750946
YGL122C,YLR153C,0,0.004715206,0.08972633630037308,0.5994005799293518,0.6087608933448792
YKR008W,YJL004C,0,0.004714208,0.08971291780471802,0.5994005799293518,0.6088609099388123
YNL044W,YNL304W,0,0.0047131344,0.08969950675964355,0.5994005799293518,0.6089608669281006
YNL270C,YCR075C,1,0.0047126603,0.08983557671308517,0.6003996133804321,0.6089608669281006
YOL124C,YNL016W,0,0.0047108894,0.08982215076684952,0.6003996133804321,0.6090608835220337
YBR006W,YLR005W,0,0.004709195,0.08980872482061386,0.6003996133804321,0.6091609001159668
YLR312W-A,YOR222W,0,0.0047077714,0.0897953063249588,0.6003996133804321,0.6092609167098999
YNR021W,YDR151C,0,0.0047069066,0.08978189527988434,0.6003996133804321,0.609360933303833
YGL172W,YBR287W,0,0.004706853,0.08976848423480988,0.6003996133804321,0.6094609498977661
YER119C,YCL025C,1,0.004706612,0.08990442007780075,0.6013985872268677,0.6094609498977661
YOR145C,YDR476C,0,0.0047065536,0.0898909941315651,0.6013985872268677,0.6095609664916992
YNL080C,YDL045C,0,0.004701906,0.08987757563591003,0.6013985872268677,0.6096609830856323
YCL025C,YPL274W,1,0.0047011827,0.09001343697309494,0.602397620677948,0.6096609830856323
YGR034W,YJL213W,0,0.0046988204,0.09000000357627869,0.602397620677948,0.6097609996795654
YIL094C,YHL027W,0,0.0046970034,0.08998657017946243,0.602397620677948,0.6098609566688538
YJL114W,YIR039C,0,0.004695786,0.08997314423322678,0.602397620677948,0.6099609732627869
YGR145W,YKL165C,0,0.004694501,0.08995971828699112,0.602397620677948,0.61006098985672
YDR508C,YPL274W,1,0.0046931575,0.09009546786546707,0.6033965945243835,0.61006098985672
YDL202W,YER165W,0,0.0046930234,0.09008202701807022,0.6033965945243835,0.6101610064506531
YOR025W,YJR130C,0,0.0046928497,0.09006859362125397,0.6033965945243835,0.6102610230445862
YLR300W,YFL048C,0,0.0046864045,0.09005516767501831,0.6033965945243835,0.6103610396385193
YOR209C,YDR497C,0,0.004680732,0.09004174172878265,0.6033965945243835,0.6104610562324524
YPR072W,YDR164C,0,0.004679692,0.0900283232331276,0.6033965945243835,0.6105610728263855
YLR208W,YOR299W,0,0.004675949,0.09001490473747253,0.6033965945243835,0.6106610894203186
YDR172W,YPR091C,0,0.0046743113,0.09000149369239807,0.6033965945243835,0.6107610464096069
YPL122C,YMR137C,0,0.004673156,0.08998808264732361,0.6033965945243835,0.61086106300354
YOL045W,YMR273C,0,0.0046728784,0.08997467905282974,0.6033965945243835,0.6109610795974731
YPR072W,YJL071W,0,0.004670395,0.08996127545833588,0.6033965945243835,0.6110610961914062
YLL041C,YNL290W,0,0.004670211,0.08994787931442261,0.6033965945243835,0.6111611127853394
YDR337W,YDL170W,0,0.004668195,0.08993448317050934,0.6033965945243835,0.6112611293792725
YCL024W,YMR137C,0,0.0046657515,0.08992109447717667,0.6033965945243835,0.6113611459732056
YKL074C,YFL048C,0,0.004665043,0.08990771323442459,0.6033965945243835,0.6114611625671387
YNL261W,YLR208W,0,0.004664184,0.08989433199167252,0.6033965945243835,0.6115611791610718
YKL210W,YLR251W,0,0.0046632565,0.08988095074892044,0.6033965945243835,0.6116611957550049
YOR123C,YCR026C,0,0.004663208,0.08986757695674896,0.6033965945243835,0.6117611527442932
YDL197C,YAL031C,0,0.0046627545,0.08985421061515808,0.6033965945243835,0.6118611693382263
YBR287W,YBR192W,0,0.004661484,0.0898408442735672,0.6033965945243835,0.6119611859321594
YNL121C,YDR392W,0,0.004661263,0.08982748538255692,0.6033965945243835,0.6120612025260925
YDR454C,YBR173C,0,0.0046600527,0.08981412649154663,0.6033965945243835,0.6121612191200256
YOR138C,YCR012W,0,0.0046591596,0.08980077505111694,0.6033965945243835,0.6122612357139587
YLR033W,YGR070W,0,0.0046589584,0.08978742361068726,0.6033965945243835,0.6123612523078918
YKL186C,YBR010W,0,0.004658474,0.08977407962083817,0.6033965945243835,0.612461268901825
YKR039W,YPL274W,1,0.0046552406,0.08990934491157532,0.6043956279754639,0.612461268901825
YLR395C,YAL017W,0,0.004654085,0.08989598602056503,0.6043956279754639,0.6125612854957581
YEL062W,YLR026C,0,0.004649663,0.08988263458013535,0.6043956279754639,0.6126612424850464
YJL140W,YOL090W,0,0.004649579,0.08986928313970566,0.6043956279754639,0.6127612590789795
YGR246C,YLR026C,0,0.004648705,0.08985593169927597,0.6043956279754639,0.6128612756729126
YER013W,YOR222W,0,0.004648224,0.08984258770942688,0.6043956279754639,0.6129612922668457
YMR276W,YJR133W,0,0.004647408,0.08982925117015839,0.6043956279754639,0.6130613088607788
YGR105W,YPL098C,0,0.0046453658,0.08981591463088989,0.6043956279754639,0.6131613254547119
YCR075C,YPL274W,1,0.004645357,0.08995101600885391,0.6053946018218994,0.6131613254547119
YOL082W,YPL139C,0,0.004645086,0.08993766456842422,0.6053946018218994,0.613261342048645
YKR066C,YML006C,0,0.004644387,0.08992432057857513,0.6053946018218994,0.6133613586425781
YLL002W,YJL166W,0,0.004643012,0.08991097658872604,0.6053946018218994,0.6134613752365112
YER050C,YDR353W,0,0.004642813,0.08989764004945755,0.6053946018218994,0.6135613322257996
YNL138W,YPR163C,0,0.0046427827,0.08988431096076965,0.6053946018218994,0.6136613488197327
YJL011C,YOR239W,0,0.0046391655,0.08987097442150116,0.6053946018218994,0.6137613654136658
YML099C,YJL081C,0,0.004637937,0.08985765278339386,0.6053946018218994,0.6138613820075989
YPR189W,YMR114C,0,0.0046379105,0.08984433114528656,0.6053946018218994,0.613961398601532
YGL225W,YDL227C,0,0.0046374593,0.08983100950717926,0.6053946018218994,0.6140614151954651
YNL258C,YDL077C,0,0.004634696,0.08981769531965256,0.6053946018218994,0.6141614317893982
YDR416W,YDR262W,0,0.00463218,0.08980438858270645,0.6053946018218994,0.6142614483833313
YPR162C,YLR270W,0,0.004625455,0.08979108184576035,0.6053946018218994,0.6143614649772644
YMR194W,YPR125W,0,0.004623427,0.08977777510881424,0.6053946018218994,0.6144614219665527
YPL127C,YGL244W,0,0.004619018,0.08976447582244873,0.6053946018218994,0.6145614385604858
YMR146C,YFL038C,0,0.004618961,0.08975118398666382,0.6053946018218994,0.614661455154419
YNL044W,YBL076C,0,0.0046189018,0.0897378921508789,0.6053946018218994,0.614761471748352
YMR013C,YKL078W,0,0.0046154857,0.08972460776567459,0.6053946018218994,0.6148614883422852
YPR125W,YLR309C,0,0.004612761,0.08971132338047028,0.6053946018218994,0.6149615049362183
YPL094C,YJR034W,0,0.004610907,0.08969804644584656,0.6053946018218994,0.6150615215301514
YPL150W,YOR074C,0,0.00460519,0.08968476951122284,0.6053946018218994,0.6151615381240845
YPR021C,YGR142W,1,0.0046046283,0.08981947600841522,0.6063936352729797,0.6151615381240845
YKL067W,YHR174W,0,0.004603671,0.08980618417263031,0.6063936352729797,0.6152615547180176
YDR473C,YOR292C,0,0.0046033952,0.089792899787426,0.6063936352729797,0.6153615117073059
YHR029C,YGL162W,0,0.00460172,0.08977961540222168,0.6063936352729797,0.615461528301239
YOR323C,YLR383W,0,0.0045986697,0.08976633846759796,0.6063936352729797,0.6155615448951721
YOR304W,YMR301C,0,0.0045968825,0.08975306898355484,0.6063936352729797,0.6156615614891052
YCR011C,YOR038C,0,0.0045930897,0.08973979949951172,0.6063936352729797,0.6157615780830383
YDL210W,YER119C,1,0.0045921872,0.08987435698509216,0.6073926091194153,0.6157615780830383
YEL031W,YFR033C,0,0.0045889234,0.08986107259988785,0.6073926091194153,0.6158615946769714
YNL101W,YGR055W,1,0.0045882217,0.08999556303024292,0.6083915829658508,0.6158615946769714
YBR125C,YPL119C,0,0.0045855874,0.08998227119445801,0.6083915829658508,0.6159616112709045
YMR008C,YBR061C,0,0.0045855115,0.0899689793586731,0.6083915829658508,0.6160616278648376
YLR389C,YHR008C,0,0.0045847953,0.08995568752288818,0.6083915829658508,0.6161616444587708
YER101C,YHR051W,0,0.004584482,0.08994240313768387,0.6083915829658508,0.6162616014480591
YNL238W,YEL056W,0,0.0045844517,0.08992911875247955,0.6083915829658508,0.6163616180419922
YDR146C,YDR449C,0,0.0045823064,0.08991584181785583,0.6083915829658508,0.6164616346359253
YPL131W,YDR140W,0,0.004581363,0.08990257233381271,0.6083915829658508,0.6165616512298584
YJL187C,YOR324C,0,0.0045793536,0.089889295399189,0.6083915829658508,0.6166616678237915
YOR145C,YMR032W,0,0.004567831,0.08987603336572647,0.6083915829658508,0.6167616844177246
YBR125C,YBL076C,0,0.004567033,0.08986277133226395,0.6083915829658508,0.6168617010116577
YER175C,YIL140W,0,0.0045640944,0.08984951674938202,0.6083915829658508,0.6169617176055908
YDL070W,YDL097C,0,0.004563284,0.08983626216650009,0.6083915829658508,0.6170617341995239
YDR207C,YNL080C,0,0.004558863,0.08982300758361816,0.6083915829658508,0.6171616911888123
YER119C,YPL274W,1,0.0045587295,0.08995722979307175,0.6093906164169312,0.6171616911888123
YDR419W,YHR174W,0,0.0045577902,0.08994396775960922,0.6093906164169312,0.6172617077827454
YEL063C,YDR508C,1,0.0045576324,0.09007813781499863,0.6103895902633667,0.6172617077827454
YKR028W,YGL190C,0,0.0045535886,0.09006486088037491,0.6103895902633667,0.6173617243766785
YKL176C,YPL265W,1,0.0045500556,0.09019897133111954,0.611388623714447,0.6173617243766785
YBR294W,YOR275C,0,0.0045493906,0.09018567949533463,0.611388623714447,0.6174617409706116
YJL191W,YDR410C,0,0.004546116,0.09017238765954971,0.611388623714447,0.6175617575645447
YMR088C,YPL274W,1,0.0045451904,0.09030642360448837,0.6123875975608826,0.6175617575645447
YPR190C,YOR008C,0,0.004544602,0.09029312431812286,0.6123875975608826,0.6176617741584778
YOL112W,YFR036W,0,0.0045428546,0.09027982503175735,0.6123875975608826,0.6177617907524109
YDR167W,YOR138C,0,0.004542018,0.09026652574539185,0.6123875975608826,0.617861807346344
YIR011C,YGR072W,0,0.0045412956,0.09025324136018753,0.6123875975608826,0.6179618239402771
YLR024C,YJL081C,0,0.004538658,0.09023994952440262,0.6123875975608826,0.6180617809295654
YDR453C,YPL139C,0,0.0045345924,0.0902266725897789,0.6123875975608826,0.6181617975234985
YKR039W,YEL062W,1,0.004534586,0.09036055952310562,0.6133866310119629,0.6181617975234985
YFL001W,YDL083C,0,0.0045315498,0.09034726023674011,0.6133866310119629,0.6182618141174316
YOL145C,YJL006C,0,0.0045315153,0.0903339684009552,0.6133866310119629,0.6183618307113647
YLR404W,YPL096W,0,0.004531509,0.09032068401575089,0.6133866310119629,0.6184618473052979
YDR419W,YLR404W,0,0.0045305993,0.09030739963054657,0.6133866310119629,0.618561863899231
YDL015C,YMR270C,0,0.004528821,0.09029411524534225,0.6133866310119629,0.6186618804931641
YDR172W,YER138C,0,0.0045250026,0.09028083831071854,0.6133866310119629,0.6187618970870972
YDL015C,YOL040C,0,0.0045239544,0.09026756882667542,0.6133866310119629,0.6188619136810303
YHR059W,YOR194C,0,0.0045218803,0.0902542993426323,0.6133866310119629,0.6189618706703186
YOR274W,YNL208W,0,0.004520262,0.09024103730916977,0.6133866310119629,0.6190618872642517
YDR378C,YKL174C,0,0.004518958,0.09022777527570724,0.6133866310119629,0.6191619038581848
YDR167W,YDL047W,0,0.004518546,0.09021451324224472,0.6133866310119629,0.6192619204521179
YDL045C,YBR061C,0,0.004517133,0.09020126610994339,0.6133866310119629,0.619361937046051
YMR159C,YLR042C,0,0.0045154584,0.09018801152706146,0.6133866310119629,0.6194619536399841
YER154W,YBR281C,0,0.0045135426,0.09017477184534073,0.6133866310119629,0.6195619702339172
YKL174C,YFL055W,1,0.004512296,0.09030836820602417,0.6143856048583984,0.6195619702339172
YJL112W,YOL111C,0,0.004511703,0.09029511362314224,0.6143856048583984,0.6196619868278503
YDR423C,YOR209C,0,0.0045107496,0.09028185904026031,0.6143856048583984,0.6197620034217834
YOR085W,YLR251W,0,0.0045084488,0.09026860445737839,0.6143856048583984,0.6198619604110718
YCL024W,YOL004W,0,0.004507969,0.09025535732507706,0.6143856048583984,0.6199619770050049
YNL131W,YJL103C,0,0.0045063132,0.09024211019277573,0.6143856048583984,0.620061993598938
YOL082W,YKR028W,0,0.0045055365,0.09022887051105499,0.6143856048583984,0.6201620101928711
YHR132C,YGR238C,0,0.0045045805,0.09021563827991486,0.6143856048583984,0.6202620267868042
YOL112W,YHR051W,0,0.0045016073,0.09020240604877472,0.6143856048583984,0.6203620433807373
YDL121C,YJR031C,0,0.004501315,0.09018917381763458,0.6143856048583984,0.6204620599746704
YDR460W,YDR226W,0,0.004498713,0.09017595648765564,0.6143856048583984,0.6205620765686035
YHL036W,YJR001W,1,0.004498587,0.09030933678150177,0.6153846383094788,0.6205620765686035
YNL223W,YKL003C,0,0.0044976966,0.09029610455036163,0.6153846383094788,0.6206620931625366
YLL045C,YNL230C,0,0.0044955686,0.0902828648686409,0.6153846383094788,0.620762050151825
YBL058W,YKR026C,0,0.004494079,0.09026964008808136,0.6153846383094788,0.6208620667457581
YIL083C,YDR062W,0,0.0044940645,0.09025640785694122,0.6153846383094788,0.6209620833396912
YDL210W,YDR508C,1,0.004491789,0.090389683842659,0.6163836121559143,0.6209620833396912
YGR180C,YML112W,0,0.004488898,0.09037644416093826,0.6163836121559143,0.6210620999336243
YBR128C,YDL035C,0,0.0044844234,0.09036321192979813,0.6163836121559143,0.6211621165275574
YPL196W,YJR101W,0,0.0044835955,0.09034997969865799,0.6163836121559143,0.6212621331214905
YOR215C,YKR028W,0,0.004483551,0.09033674746751785,0.6163836121559143,0.6213621497154236
YFL038C,YGR155W,0,0.0044810763,0.09032352268695831,0.6163836121559143,0.6214621663093567
YDR449C,YLL017W,0,0.004478869,0.09031030535697937,0.6163836121559143,0.6215621829032898
YOR348C,YCR075C,1,0.0044765137,0.0904434397816658,0.6173826456069946,0.6215621829032898
YAL038W,YOL052C,0,0.004475955,0.09043020009994507,0.6173826456069946,0.6216621398925781
YMR025W,YGR155W,0,0.004475156,0.09041696786880493,0.6173826456069946,0.6217621564865112
YJL066C,YGR089W,0,0.0044738688,0.09040374308824539,0.6173826456069946,0.6218621730804443
YJR082C,YER019C-A,0,0.0044736033,0.09039052575826645,0.6173826456069946,0.6219621896743774
YBR002C,YGR027C,0,0.0044735204,0.09037730097770691,0.6173826456069946,0.6220622062683105
YNL044W,YKR044W,0,0.00447272,0.09036409109830856,0.6173826456069946,0.6221622228622437
YLL019C,YDR364C,0,0.004471143,0.09035087376832962,0.6173826456069946,0.6222622394561768
YMR039C,YPL180W,0,0.004471113,0.09033767133951187,0.6173826456069946,0.6223622560501099
YDL121C,YDL040C,0,0.0044695004,0.09032446891069412,0.6173826456069946,0.622462272644043
YAL060W,YBR260C,0,0.0044676377,0.09031126648187637,0.6173826456069946,0.6225622296333313
YMR145C,YDR062W,0,0.004461155,0.09029807150363922,0.6173826456069946,0.6226622462272644
YOR209C,YMR186W,0,0.004460634,0.09028487652540207,0.6173826456069946,0.6227622628211975
YBR195C,YDR211W,0,0.004459745,0.09027168899774551,0.6173826456069946,0.6228622794151306
YKR039W,YHL036W,1,0.004459361,0.09040455520153046,0.6183816194534302,0.6228622794151306
YER185W,YNL138W,0,0.004458921,0.09039135277271271,0.6183816194534302,0.6229622960090637
YOR216C,YLR316C,0,0.0044572344,0.09037815779447556,0.6183816194534302,0.6230623126029968
YNL085W,YER017C,0,0.0044566398,0.0903649628162384,0.6183816194534302,0.6231623291969299
YEL063C,YER119C,1,0.0044564432,0.09049773961305618,0.6193805932998657,0.6231623291969299
YHR030C,YGR238C,0,0.004456232,0.09048452973365784,0.6193805932998657,0.623262345790863
YER103W,YMR267W,0,0.004455709,0.09047132730484009,0.6193805932998657,0.6233623623847961
YPL134C,YBR172C,0,0.004455371,0.09045812487602234,0.6193805932998657,0.6234623193740845
YHL036W,YGL077C,1,0.0044511026,0.09059081226587296,0.620379626750946,0.6234623193740845
YDR254W,YLL027W,0,0.0044510686,0.09057759493589401,0.620379626750946,0.6235623359680176
YLR103C,YHR058C,0,0.0044485847,0.09056438505649567,0.620379626750946,0.6236623525619507
YER119C,YGR055W,1,0.004448116,0.09069699794054031,0.6213786005973816,0.6236623525619507
YJL060W,YNL080C,0,0.004447385,0.09068377315998077,0.6213786005973816,0.6237623691558838
YKR071C,YNL262W,0,0.0044463803,0.09067055583000183,0.6213786005973816,0.6238623857498169
YLL027W,YML132W,0,0.0044462094,0.09065733850002289,0.6213786005973816,0.62396240234375
YDL210W,YGR142W,1,0.004442241,0.09078985452651978,0.6223776340484619,0.62396240234375
YHR012W,YGR118W,0,0.0044405204,0.09077662974596024,0.6223776340484619,0.6240624189376831
YMR267W,YNL092W,0,0.004438864,0.0907634049654007,0.6223776340484619,0.6241624355316162
YHL036W,YEL064C,1,0.004437705,0.09089584648609161,0.6233766078948975,0.6241624355316162
YNL160W,YGL233W,0,0.0044362894,0.09088260680437088,0.6233766078948975,0.6242624521255493
YLR029C,YFL033C,0,0.0044357167,0.09086937457323074,0.6233766078948975,0.6243624091148376
YER022W,YGL220W,0,0.0044354997,0.0908561423420906,0.6233766078948975,0.6244624257087708
YPR111W,YKL124W,0,0.004431598,0.09084291756153107,0.6233766078948975,0.6245624423027039
YHR119W,YIR039C,0,0.004430931,0.09082969278097153,0.6233766078948975,0.624662458896637
YJL112W,YIR018W,0,0.0044304808,0.09081647545099258,0.6233766078948975,0.6247624754905701
YLR452C,YMR020W,0,0.0044294945,0.09080325812101364,0.6233766078948975,0.6248624920845032
YPR072W,YDL028C,0,0.004428311,0.0907900482416153,0.6233766078948975,0.6249625086784363
YBL089W,YMR088C,1,0.004423365,0.09092231839895248,0.6243756413459778,0.6249625086784363
YGR056W,YMR173W,0,0.0044225166,0.09090909361839294,0.6243756413459778,0.6250625252723694
YMR146C,YGR032W,0,0.004422059,0.0908958688378334,0.6243756413459778,0.6251625418663025
YNL270C,YDL210W,1,0.0044208476,0.09102806448936462,0.6253746151924133,0.6251625418663025
YDL015C,YDR496C,0,0.004418607,0.09101483225822449,0.6253746151924133,0.6252624988555908
YDR414C,YMR270C,0,0.0044135563,0.09100160002708435,0.6253746151924133,0.6253625154495239
YMR008C,YEL043W,0,0.0044126455,0.09098837524652481,0.6253746151924133,0.625462532043457
YKR039W,YDL210W,1,0.0044111605,0.09112047404050827,0.6263736486434937,0.625462532043457
YKL061W,YKL001C,0,0.0044106054,0.09110723435878754,0.6263736486434937,0.6255625486373901
YJL140W,YBR155W,0,0.00440964,0.0910940021276474,0.6263736486434937,0.6256625652313232
YGR085C,YBR145W,0,0.0044062543,0.09108076989650726,0.6263736486434937,0.6257625818252563
YKR036C,YLR153C,0,0.004406175,0.09106753766536713,0.6263736486434937,0.6258625984191895
YAL022C,YMR186W,0,0.0044053197,0.09105431288480759,0.6263736486434937,0.6259626150131226
YDR205W,YLR251W,0,0.0044049616,0.09104109555482864,0.6263736486434937,0.6260626316070557
YLR165C,YNL273W,0,0.0044038617,0.0910278782248497,0.6263736486434937,0.626162588596344
YKL022C,YLR088W,0,0.004403078,0.09101466089487076,0.6263736486434937,0.6262626051902771
YBL058W,YLL033W,0,0.004402102,0.09100145101547241,0.6263736486434937,0.6263626217842102
YIL128W,YLR264W,0,0.004399474,0.09098824858665466,0.6263736486434937,0.6264626383781433
YNL271C,YPR163C,0,0.0043994193,0.09097504615783691,0.6263736486434937,0.6265626549720764
YDR229W,YLR316C,0,0.004397843,0.09096184372901917,0.6263736486434937,0.6266626715660095
YCL036W,YDR222W,0,0.004396626,0.09094864875078201,0.6263736486434937,0.6267626881599426
YNL236W,YLR219W,0,0.004392005,0.09093546122312546,0.6263736486434937,0.6268627047538757
YDR453C,YGR239C,0,0.0043919487,0.0909222736954689,0.6263736486434937,0.6269627213478088
YOL112W,YLR043C,0,0.0043906393,0.09090909361839294,0.6263736486434937,0.6270626783370972
YCL069W,YNL268W,1,0.0043891934,0.09104087948799133,0.6273726224899292,0.6270626783370972
YFR031C,YMR034C,0,0.004387645,0.09102768450975418,0.6273726224899292,0.6271626949310303
YOL086C,YKL013C,0,0.004387243,0.09101448953151703,0.6273726224899292,0.6272627115249634
YDR076W,YLR264W,0,0.0043853316,0.09100130200386047,0.6273726224899292,0.6273627281188965
YLL051C,YLR020C,0,0.0043840865,0.09098812192678452,0.6273726224899292,0.6274627447128296
YMR061W,YMR090W,0,0.0043834937,0.09097494184970856,0.6273726224899292,0.6275627613067627
YLR353W,YKL022C,0,0.004381091,0.0909617617726326,0.6273726224899292,0.6276627779006958
YOR377W,YNL258C,0,0.0043808287,0.09094858914613724,0.6273726224899292,0.6277627944946289
YNR021W,YKL096W-A,0,0.0043800967,0.09093541651964188,0.6273726224899292,0.627862811088562
YDR170C,YGR276C,0,0.004375657,0.09092225134372711,0.6273726224899292,0.6279627680778503
YMR114C,YLR160C,0,0.0043728785,0.09090909361839294,0.6273726224899292,0.6280627846717834
YPL042C,YNL027W,0,0.004371311,0.09089593589305878,0.6273726224899292,0.6281628012657166
YDR310C,YDR207C,0,0.004366607,0.09088277816772461,0.6273726224899292,0.6282628178596497
YOR020C,YJL082W,0,0.0043604523,0.09086962789297104,0.6273726224899292,0.6283628344535828
YGR252W,YJL024C,0,0.004355865,0.09085648506879807,0.6273726224899292,0.6284628510475159
YPL213W,YMR173W,0,0.004355619,0.09084334224462509,0.6273726224899292,0.628562867641449
YKL166C,YML056C,0,0.0043550236,0.09083019942045212,0.6273726224899292,0.6286628842353821
YAL022C,YFR021W,0,0.004354482,0.09081706404685974,0.6273726224899292,0.6287629008293152
YOL045W,YNL092W,0,0.004353339,0.09080393612384796,0.6273726224899292,0.6288628578186035
YKL078W,YCL025C,0,0.0043526236,0.09079080820083618,0.6273726224899292,0.6289628744125366
YLR325C,YNL219C,0,0.0043514688,0.0907776802778244,0.6273726224899292,0.6290628910064697
YMR114C,YKL001C,0,0.004351415,0.09076455980539322,0.6273726224899292,0.6291629076004028
YER098W,YPL276W,0,0.004348809,0.09075144678354263,0.6273726224899292,0.6292629241943359
YNL008C,YMR272C,0,0.0043481686,0.09073833376169205,0.6273726224899292,0.629362940788269
YML097C,YKL124W,0,0.0043472275,0.09072522073984146,0.6273726224899292,0.6294629573822021
YBR042C,YLR033W,0,0.004346592,0.09071212261915207,0.6273726224899292,0.6295629739761353
YML051W,YLR440C,0,0.0043461625,0.09069901704788208,0.6273726224899292,0.6296629905700684
YGL158W,YGR288W,0,0.004345975,0.09068591892719269,0.6273726224899292,0.6297629475593567
YKR006C,YGL220W,0,0.0043453164,0.09067282825708389,0.6273726224899292,0.6298629641532898
YIL047C,YLR164W,0,0.0043415716,0.0906597375869751,0.6273726224899292,0.6299629807472229
YKL189W,YJR112W,0,0.0043400964,0.0906466543674469,0.6273726224899292,0.630062997341156
YDR383C,YFL023W,0,0.0043384028,0.0906335711479187,0.6273726224899292,0.6301630139350891
YNL202W,YLR301W,0,0.004337517,0.0906204879283905,0.6273726224899292,0.6302630305290222
YJL178C,YPL099C,0,0.004337194,0.0906074196100235,0.6273726224899292,0.6303630471229553
YML056C,YLL043W,0,0.0043365806,0.0905943438410759,0.6273726224899292,0.6304630637168884
YNR056C,YKL146W,1,0.0043363147,0.09072551876306534,0.6283716559410095,0.6304630637168884
YLR033W,YDL045C,0,0.004332559,0.09071242809295654,0.6283716559410095,0.6305630803108215
YIL128W,YLL041C,0,0.0043324893,0.09069935232400894,0.6283716559410095,0.6306630373001099
YBR052C,YPR083W,0,0.0043320963,0.09068627655506134,0.6283716559410095,0.630763053894043
YDL078C,YJL029C,0,0.004326849,0.09067320078611374,0.6283716559410095,0.6308630704879761
YDR205W,YFL057C,0,0.0043257377,0.09066013246774673,0.6283716559410095,0.6309630870819092
YCL036W,YMR227C,0,0.004325407,0.09064706414937973,0.6283716559410095,0.6310631036758423
YPL096W,YEL056W,0,0.0043252157,0.09063400328159332,0.6283716559410095,0.6311631202697754
YJL029C,YGR276C,0,0.004322594,0.09062094986438751,0.6283716559410095,0.6312631368637085
YOR291W,YLR321C,0,0.00432035,0.0906078964471817,0.6283716559410095,0.6313631534576416
YOR274W,YMR065W,0,0.0043190476,0.09059484302997589,0.6283716559410095,0.6314631700515747
YER050C,YPL011C,0,0.0043167393,0.09058179706335068,0.6283716559410095,0.631563127040863
YNL006W,YDR140W,0,0.0043136124,0.09056875109672546,0.6283716559410095,0.6316631436347961
YEL062W,YJL171C,0,0.0043136002,0.09055571258068085,0.6283716559410095,0.6317631602287292
YJR055W,YLR353W,0,0.0043117166,0.09054268151521683,0.6283716559410095,0.6318631768226624
YPL064C,YNL121C,0,0.004310435,0.09052965044975281,0.6283716559410095,0.6319631934165955
YBR155W,YOL062C,0,0.004306117,0.09051661938428879,0.6283716559410095,0.6320632100105286
YKR054C,YPL244C,0,0.0043054344,0.09050359576940536,0.6283716559410095,0.6321632266044617
YDR046C,YBR132C,1,0.0043041324,0.09063444286584854,0.6293706297874451,0.6321632266044617
YOL057W,YLR191W,0,0.0043033827,0.09062140434980392,0.6293706297874451,0.6322632431983948
YMR241W,YML109W,0,0.0042989836,0.0906083732843399,0.6293706297874451,0.6323632597923279
YDL107W,YKL007W,0,0.004292111,0.09059534221887589,0.6293706297874451,0.6324632167816162
YJL141C,YIL159W,0,0.0042911307,0.09058231860399246,0.6293706297874451,0.6325632333755493
YKR019C,YCR011C,0,0.004291086,0.09056929498910904,0.6293706297874451,0.6326632499694824
YCL043C,YNR028W,0,0.0042904094,0.09055627137422562,0.6293706297874451,0.6327632665634155
YJR028W,YOR299W,0,0.004290369,0.09054326266050339,0.6293706297874451,0.6328632831573486
YKL090W,YBR128C,0,0.0042902385,0.09053024649620056,0.6293706297874451,0.6329632997512817
YOL020W,YKR039W,1,0.0042900187,0.09066092222929001,0.6303696036338806,0.6329632997512817
YIL108W,YOL102C,0,0.004289214,0.09064789861440659,0.6303696036338806,0.6330633163452148
YOR287C,YGL256W,0,0.0042883223,0.09063487499952316,0.6303696036338806,0.633163332939148
YFR001W,YLR309C,0,0.0042871432,0.09062185883522034,0.6303696036338806,0.633263349533081
YKL174C,YEL062W,1,0.0042862236,0.09075243771076202,0.6313686370849609,0.633263349533081
YER151C,YOR215C,0,0.0042860974,0.0907394140958786,0.6313686370849609,0.6333633661270142
YMR013C,YFR021W,0,0.004285723,0.09072638303041458,0.6313686370849609,0.6334633231163025
YAL033W,YGR216C,0,0.004285495,0.09071335941553116,0.6313686370849609,0.6335633397102356
YPL259C,YOR230W,0,0.0042850957,0.09070034325122833,0.6313686370849609,0.6336633563041687
YLR380W,YLR316C,0,0.004284264,0.0906873270869255,0.6313686370849609,0.6337633728981018
YKL170W,YKL064W,0,0.0042839977,0.09067431837320328,0.6313686370849609,0.6338633894920349
YKL171W,YLR350W,0,0.0042838817,0.09066130965948105,0.6313686370849609,0.633963406085968
YNL117W,YLR103C,0,0.0042838347,0.09064830839633942,0.6313686370849609,0.6340634226799011
YGR052W,YJL214W,0,0.004283611,0.09063530713319778,0.6313686370849609,0.6341634392738342
YBL011W,YIL035C,0,0.0042809355,0.09062231332063675,0.6313686370849609,0.6342634558677673
YKL074C,YPL096W,0,0.0042808866,0.09060931950807571,0.6313686370849609,0.6343634128570557
YPR072W,YHR051W,0,0.004280671,0.09059633314609528,0.6313686370849609,0.6344634294509888
YDR131C,YCL057W,0,0.004280206,0.09058334678411484,0.6313686370849609,0.6345634460449219
YML112W,YJL178C,0,0.0042795655,0.0905703604221344,0.6313686370849609,0.634663462638855
YDR508C,YJR001W,1,0.004277863,0.0907006710767746,0.6323676109313965,0.634663462638855
YCL025C,YEL064C,1,0.004276072,0.09083094447851181,0.6333666443824768,0.634663462638855
YGR251W,YNR013C,0,0.004275029,0.09081793576478958,0.6333666443824768,0.6347634792327881
YER151C,YNR015W,0,0.0042750044,0.09080492705106735,0.6333666443824768,0.6348634958267212
YCL043C,YER162C,0,0.0042748055,0.09079192578792572,0.6333666443824768,0.6349635124206543
YLR163C,YDR508C,0,0.004268664,0.09077892452478409,0.6333666443824768,0.6350635290145874
YOR194C,YJL095W,0,0.004267144,0.09076592326164246,0.6333666443824768,0.6351635456085205
YCR060W,YMR210W,0,0.00426713,0.09075293689966202,0.6333666443824768,0.6352635025978088
YMR218C,YGL050W,0,0.004263843,0.09073994308710098,0.6333666443824768,0.6353635191917419
YDR034C,YGR264C,0,0.004263163,0.09072696417570114,0.6333666443824768,0.635463535785675
YOR382W,YDR260C,0,0.00426292,0.0907139778137207,0.6333666443824768,0.6355635523796082
YEL012W,YLL043W,0,0.0042612,0.09070099890232086,0.6333666443824768,0.6356635689735413
YOL086C,YOR084W,0,0.00426034,0.09068802744150162,0.6333666443824768,0.6357635855674744
YJL176C,YOR085W,0,0.0042561325,0.09067505598068237,0.6333666443824768,0.6358636021614075
YKR057W,YLR145W,0,0.004254779,0.09066209197044373,0.6333666443824768,0.6359636187553406
YOR304W,YGR084C,0,0.0042547346,0.09064912796020508,0.6333666443824768,0.6360636353492737
YLR033W,YNL239W,0,0.0042544194,0.09063617140054703,0.6333666443824768,0.636163592338562
YML006C,YBR072W,0,0.004251358,0.09062321484088898,0.6333666443824768,0.6362636089324951
YPL002C,YER115C,0,0.004247706,0.09061025828123093,0.6333666443824768,0.6363636255264282
YGR144W,YLL055W,0,0.0042465404,0.09059731662273407,0.6333666443824768,0.6364636421203613
YDR076W,YAL039C,0,0.004245081,0.09058436751365662,0.6333666443824768,0.6365636587142944
YBR172C,YGL004C,0,0.004244704,0.09057142585515976,0.6333666443824768,0.6366636753082275
YKL174C,YMR193W,0,0.0042439625,0.0905584916472435,0.6333666443824768,0.6367636919021606
YOR147W,YJL155C,0,0.0042430456,0.09054555743932724,0.6333666443824768,0.6368637084960938
YGL209W,YJL079C,0,0.004241871,0.09053263068199158,0.6333666443824768,0.6369637250900269
YJR010W,YNL192W,0,0.004240375,0.09051970392465591,0.6333666443824768,0.6370636820793152
YBR145W,YNR013C,0,0.0042384667,0.09050677716732025,0.6333666443824768,0.6371636986732483
YDL121C,YDR476C,0,0.0042353887,0.09049386531114578,0.6333666443824768,0.6372637152671814
YAL060W,YMR054W,0,0.00423414,0.09048094600439072,0.6333666443824768,0.6373637318611145
YLR191W,YER117W,0,0.004233762,0.09046803414821625,0.6333666443824768,0.6374637484550476
YPL011C,YOR349W,0,0.0042328513,0.09045512974262238,0.6333666443824768,0.6375637650489807
YIL035C,YIL048W,0,0.004231216,0.0904422253370285,0.6333666443824768,0.6376637816429138
YDR499W,YNL309W,0,0.0042298418,0.09042932838201523,0.6333666443824768,0.6377637982368469
YDL111C,YMR137C,0,0.0042277174,0.09041643142700195,0.6333666443824768,0.63786381483078
YNR031C,YLR047C,0,0.0042248317,0.09040353447198868,0.6333666443824768,0.6379637718200684
YIR025W,YMR160W,0,0.0042245546,0.090390644967556,0.6333666443824768,0.6380637884140015
YGR239C,YHR008C,0,0.004221631,0.09037776291370392,0.6333666443824768,0.6381638050079346
YOL141W,YNL238W,0,0.0042198,0.09036488085985184,0.6333666443824768,0.6382638216018677
YOR311C,YMR159C,0,0.0042184214,0.09035199880599976,0.6333666443824768,0.6383638381958008
YNR002C,YIR032C,0,0.004215342,0.09033913165330887,0.6333666443824768,0.6384638547897339
YGR175C,YBL079W,0,0.004214111,0.09032625705003738,0.6333666443824768,0.638563871383667
YAL054C,YLR005W,0,0.004213229,0.0903133898973465,0.6333666443824768,0.6386638879776001
YMR097C,YDR373W,0,0.0042112446,0.0903005301952362,0.6333666443824768,0.6387639045715332
YDL055C,YJL176C,0,0.004208472,0.09028767049312592,0.6333666443824768,0.6388638615608215
YER022W,YJL060W,0,0.0042076106,0.09027481079101562,0.6333666443824768,0.6389638781547546
YDR174W,YNR006W,0,0.0042073173,0.09026195853948593,0.6333666443824768,0.6390638947486877
YMR315W,YDR233C,0,0.0042061927,0.09024911373853683,0.6333666443824768,0.6391639113426208
YNL178W,YJL081C,0,0.0042043696,0.09023626893758774,0.6333666443824768,0.639263927936554
YGR177C,YDR472W,0,0.0042032036,0.09022342413663864,0.6333666443824768,0.6393639445304871
YKR056W,YGL060W,0,0.0042023975,0.09021058678627014,0.6333666443824768,0.6394639611244202
YKL174C,YJL059W,1,0.004201693,0.0903400182723999,0.6343656182289124,0.6394639611244202
YOR310C,YOL155C,0,0.00420134,0.09032716602087021,0.6343656182289124,0.6395639777183533
YOL070C,YDL021W,0,0.0041978844,0.09031432121992111,0.6343656182289124,0.6396639943122864
YCR027C,YMR088C,1,0.004194318,0.0904436856508255,0.6353646516799927,0.6396639943122864
YNL307C,YKR006C,0,0.004190989,0.09043082594871521,0.6353646516799927,0.6397639513015747
YIL079C,YMR267W,0,0.0041888147,0.09041796624660492,0.6353646516799927,0.6398639678955078
YLR025W,YHR119W,0,0.0041886014,0.09040511399507523,0.6353646516799927,0.6399639844894409
YNL202W,YLR073C,0,0.004186943,0.09039226919412613,0.6353646516799927,0.640064001083374
YPR189W,YOR212W,0,0.004185496,0.09037942439317703,0.6353646516799927,0.6401640176773071
YGL062W,YJL134W,0,0.0041853767,0.09036657959222794,0.6353646516799927,0.6402640342712402
YER087W,YJL128C,0,0.0041849418,0.09035374224185944,0.6353646516799927,0.6403640508651733
YNL304W,YNR035C,0,0.0041834954,0.09034091234207153,0.6353646516799927,0.6404640674591064
YBR281C,YBR257W,0,0.0041833404,0.09032807499170303,0.6353646516799927,0.6405640840530396
YIR011C,YIL133C,0,0.0041820216,0.09031525254249573,0.6353646516799927,0.6406640410423279
YFL055W,YCR075C,1,0.0041813226,0.090444415807724,0.6363636255264282,0.6406640410423279
YPL276W,YPL244C,0,0.004181162,0.0904315710067749,0.6363636255264282,0.640764057636261
YLR228C,YOR123C,0,0.0041810824,0.0904187336564064,0.6363636255264282,0.6408640742301941
YDL171C,YLR130C,0,0.0041805287,0.0904059037566185,0.6363636255264282,0.6409640908241272
YOL093W,YNL026W,0,0.0041804034,0.0903930738568306,0.6363636255264282,0.6410641074180603
YOR323C,YEL043W,0,0.0041780835,0.09038025140762329,0.6363636255264282,0.6411641240119934
YOL090W,YPR160W,0,0.0041779503,0.09036742895841599,0.6363636255264282,0.6412641406059265
YLL051C,YBR037C,0,0.0041774884,0.09035460650920868,0.6363636255264282,0.6413641571998596
YDR518W,YNL258C,0,0.0041752513,0.09034179896116257,0.6363636255264282,0.6414641737937927
YGL186C,YLR219W,0,0.0041745496,0.09032898396253586,0.6363636255264282,0.641564130783081
YAL038W,YGR179C,0,0.004174005,0.09031617641448975,0.6363636255264282,0.6416641473770142
YNL307C,YCL032W,0,0.0041738977,0.09030337631702423,0.6363636255264282,0.6417641639709473
YER013W,YDR109C,0,0.0041728946,0.09029057621955872,0.6363636255264282,0.6418641805648804
YOL043C,YAR031W,0,0.004171209,0.0902777761220932,0.6363636255264282,0.6419641971588135
YEL012W,YDR304C,0,0.0041703237,0.09026498347520828,0.6363636255264282,0.6420642137527466
YGL236C,YGR271W,0,0.004170227,0.09025219827890396,0.6363636255264282,0.6421642303466797
YNL307C,YMR160W,0,0.004166559,0.09023941308259964,0.6363636255264282,0.6422642469406128
YBL112C,YKL064W,0,0.0041664955,0.09022662788629532,0.6363636255264282,0.6423642635345459
YGL083W,YER008C,0,0.0041615777,0.0902138501405716,0.6363636255264282,0.6424642205238342
YOL086C,YLR440C,0,0.004160509,0.09020107984542847,0.6363636255264282,0.6425642371177673
YLR197W,YNL298W,0,0.004160442,0.09018830209970474,0.6363636255264282,0.6426642537117004
YPL223C,YJL176C,0,0.004158534,0.09017553925514221,0.6363636255264282,0.6427642703056335
YDR410C,YNL284C,0,0.004157347,0.09016277641057968,0.6363636255264282,0.6428642868995667
YGR142W,YEL062W,1,0.004157191,0.09029153734445572,0.6373626589775085,0.6428642868995667
YER090W,YDL083C,0,0.0041571716,0.090278759598732,0.6373626589775085,0.6429643034934998
YDL212W,YOL020W,1,0.004156378,0.09040746837854385,0.6383616328239441,0.6429643034934998
YJL124C,YFL054C,0,0.004153756,0.09039468318223953,0.6383616328239441,0.6430643200874329
YPL122C,YBL011W,0,0.0041502286,0.09038189798593521,0.6383616328239441,0.643164336681366
YNR035C,YLR309C,0,0.004149789,0.09036911278963089,0.6383616328239441,0.6432643532752991
YBL089W,YJL059W,1,0.004148725,0.09049773961305618,0.6393606662750244,0.6432643532752991
YNL302C,YDR444W,0,0.0041479887,0.09048493951559067,0.6393606662750244,0.6433643102645874
YKR020W,YBR031W,0,0.004144478,0.09047215431928635,0.6393606662750244,0.6434643268585205
YHR030C,YBR260C,0,0.0041394136,0.09045936167240143,0.6393606662750244,0.6435643434524536
YLL045C,YMR319C,0,0.0041384343,0.0904465764760971,0.6393606662750244,0.6436643600463867
YOR275C,YDR337W,0,0.004135042,0.09043379873037338,0.6393606662750244,0.6437643766403198
YOR323C,YGR171C,0,0.004133766,0.09042102098464966,0.6393606662750244,0.6438643932342529
YNL127W,YBL068W,0,0.0041333106,0.09040825068950653,0.6393606662750244,0.643964409828186
YJL034W,YFL014W,0,0.004133044,0.0903954803943634,0.6393606662750244,0.6440644264221191
YLR183C,YDR173C,0,0.0041325176,0.09038271754980087,0.6393606662750244,0.6441644430160522
YMR090W,YOL054W,0,0.0041315285,0.09036995470523834,0.6393606662750244,0.6442644000053406
YAL060W,YIR025W,0,0.004125114,0.09035719186067581,0.6393606662750244,0.6443644165992737
YDR160W,YFL055W,1,0.004123152,0.0904856026172638,0.64035964012146,0.6443644165992737
YER119C,YGL077C,1,0.004122678,0.09061397612094879,0.6413586139678955,0.6443644165992737
YFR013W,YJR140C,0,0.004121355,0.09060118347406387,0.6413586139678955,0.6444644331932068
YBR183W,YOL062C,0,0.0041175424,0.09058839827775955,0.6413586139678955,0.6445644497871399
YDR196C,YJL187C,0,0.004109531,0.09057562053203583,0.6413586139678955,0.644664466381073
YOR287C,YLL033W,0,0.004109069,0.0905628427863121,0.6413586139678955,0.6447644829750061
YKL126W,YMR300C,0,0.004108747,0.09055007249116898,0.6413586139678955,0.6448644995689392
YNL044W,YPL188W,0,0.0041079195,0.09053730219602585,0.6413586139678955,0.6449645161628723
YGR143W,YER137C,0,0.0041032014,0.09052453190088272,0.6413586139678955,0.6450645327568054
YPL099C,YMR246W,0,0.0041030943,0.09051176905632019,0.6413586139678955,0.6451644897460938
YJL124C,YLR187W,0,0.0041027768,0.09049901366233826,0.6413586139678955,0.6452645063400269
YOR317W,YMR296C,0,0.004102426,0.09048625826835632,0.6413586139678955,0.64536452293396
YFL048C,YOL040C,0,0.0041020205,0.09047350287437439,0.6413586139678955,0.6454645395278931
YMR008C,YNL219C,0,0.0041011753,0.09046075493097305,0.6413586139678955,0.6455645561218262
YBR155W,YPL147W,0,0.0041005756,0.09044801443815231,0.6413586139678955,0.6456645727157593
YIL046W,YDL097C,0,0.004099429,0.09043527394533157,0.6413586139678955,0.6457645893096924
YEL043W,YBR281C,0,0.0040994072,0.09042253345251083,0.6413586139678955,0.6458646059036255
YNL232W,YPL002C,0,0.0040993025,0.09040980041027069,0.6413586139678955,0.6459646224975586
YIL006W,YPL050C,0,0.0040983018,0.09039707481861115,0.6413586139678955,0.6460645794868469
YMR097C,YBR243C,0,0.0040979474,0.090384341776371,0.6413586139678955,0.64616459608078
YCR093W,YNL050C,0,0.004096368,0.09037162363529205,0.6413586139678955,0.6462646126747131
YBR195C,YDR137W,0,0.004093799,0.0903589054942131,0.6413586139678955,0.6463646292686462
YMR179W,YML036W,0,0.0040921876,0.09034618735313416,0.6413586139678955,0.6464646458625793
YCR014C,YPL098C,0,0.004089497,0.0903334766626358,0.6413586139678955,0.6465646624565125
YER175C,YNR010W,0,0.0040882095,0.09032076597213745,0.6413586139678955,0.6466646790504456
YAL024C,YOL062C,0,0.004087173,0.0903080627322197,0.6413586139678955,0.6467646956443787
YFL045C,YOR222W,0,0.004083347,0.09029535949230194,0.6413586139678955,0.6468647122383118
YBR274W,YER125W,0,0.004081893,0.09028266370296478,0.6413586139678955,0.6469646692276001
YOR038C,YGL148W,0,0.0040815286,0.09026996791362762,0.6413586139678955,0.6470646858215332
YHR039C-A,YBR072W,0,0.0040813,0.09025727212429047,0.6413586139678955,0.6471647024154663
YJR051W,YMR228W,0,0.0040796255,0.0902445912361145,0.6413586139678955,0.6472647190093994
YLL019C,YLR145W,0,0.0040791645,0.09023190289735794,0.6413586139678955,0.6473647356033325
YML112W,YNL032W,0,0.0040762364,0.09021922200918198,0.6413586139678955,0.6474647521972656
YAL038W,YLR251W,0,0.0040756483,0.09020654857158661,0.6413586139678955,0.6475647687911987
YMR210W,YBR243C,0,0.0040739686,0.09019387513399124,0.6413586139678955,0.6476647853851318
YOR126C,YMR114C,0,0.0040731,0.09018120169639587,0.6413586139678955,0.6477648019790649
YJL029C,YGL163C,0,0.004071174,0.0901685357093811,0.6413586139678955,0.6478647589683533
YJR021C,YMR137C,0,0.004071137,0.09015587717294693,0.6413586139678955,0.6479647755622864
YJL071W,YEL056W,0,0.0040694517,0.09014321863651276,0.6413586139678955,0.6480647921562195
YPL119C,YJR140C,0,0.0040674424,0.09013056010007858,0.6413586139678955,0.6481648087501526
YLR107W,YKL201C,0,0.004066876,0.090117909014225,0.6413586139678955,0.6482648253440857
YJL011C,YNL107W,0,0.004065857,0.09010526537895203,0.6413586139678955,0.6483648419380188
YMR019W,YPL042C,0,0.004061119,0.09009262174367905,0.6413586139678955,0.6484648585319519
YLR141W,YLR145W,0,0.0040604076,0.09007997810840607,0.6413586139678955,0.648564875125885
YMR077C,YMR301C,0,0.0040597618,0.09006734192371368,0.6413586139678955,0.6486648917198181
YDL197C,YER145C,0,0.0040591215,0.0900547057390213,0.6413586139678955,0.6487648487091064
YFL055W,YBR132C,1,0.0040548597,0.09018232673406601,0.6423576474189758,0.6487648487091064
YLR080W,YPL259C,0,0.004051882,0.09016968309879303,0.6423576474189758,0.6488648653030396
YOR348C,YDL210W,1,0.0040516085,0.09029725193977356,0.6433566212654114,0.6488648653030396
YKL180W,YFL048C,0,0.0040503773,0.09028459340333939,0.6433566212654114,0.6489648818969727
YLR088W,YOR008C,0,0.0040490967,0.09027193486690521,0.6433566212654114,0.6490648984909058
YKL117W,YLR350W,0,0.00404826,0.09025928378105164,0.6433566212654114,0.6491649150848389
YAL016W,YNL262W,0,0.004045337,0.09024664014577866,0.6433566212654114,0.649264931678772
YOR294W,YMR240C,0,0.0040450143,0.09023398905992508,0.6433566212654114,0.6493649482727051
YLL051C,YKR002W,0,0.0040413854,0.0902213528752327,0.6433566212654114,0.6494649648666382
YLL003W,YKL206C,0,0.004038866,0.09020870923995972,0.6433566212654114,0.6495649814605713
YDR046C,YBR293W,1,0.00403793,0.0903361365199089,0.6443556547164917,0.6495649814605713
YDR240C,YOR349W,0,0.004036929,0.09032348543405533,0.6443556547164917,0.6496649384498596
YNL127W,YNL232W,0,0.004036074,0.09031083434820175,0.6443556547164917,0.6497649550437927
YMR032W,YNL202W,0,0.0040339124,0.09029819071292877,0.6443556547164917,0.6498649716377258
YMR276W,YNR013C,0,0.004032995,0.09028555452823639,0.6443556547164917,0.6499649882316589
YOR071C,YDR518W,0,0.0040328205,0.090272918343544,0.6443556547164917,0.650065004825592
YDR173C,YGL163C,0,0.0040323646,0.09026028215885162,0.6443556547164917,0.6501650214195251
YMR272C,YDL097C,0,0.0040289653,0.09024765342473984,0.6443556547164917,0.6502650380134583
YLR305C,YGR268C,0,0.0040190066,0.09023503214120865,0.6443556547164917,0.6503650546073914
YOL102C,YKL124W,0,0.0040159575,0.09022241085767746,0.6443556547164917,0.6504650712013245
YBR120C,YGR199W,0,0.0040134103,0.09020978957414627,0.6443556547164917,0.6505650281906128
YER138C,YGR175C,0,0.004012383,0.09019717574119568,0.6443556547164917,0.6506650447845459
YMR180C,YDR260C,0,0.004010116,0.09018456190824509,0.6443556547164917,0.650765061378479
YDR079W,YGR085C,0,0.0040092515,0.09017195552587509,0.6443556547164917,0.6508650779724121
YBR196C,YLR050C,0,0.0040053274,0.0901593491435051,0.6443556547164917,0.6509650945663452
YCL036W,YKL085W,0,0.004002146,0.0901467502117157,0.6443556547164917,0.6510651111602783
YLR107W,YGL225W,0,0.004001988,0.0901341512799263,0.6443556547164917,0.6511651277542114
YKL161C,YGR112W,0,0.004000943,0.0901215597987175,0.6443556547164917,0.6512651443481445
YER098W,YPL122C,0,0.0039975545,0.0901089683175087,0.6443556547164917,0.6513651609420776
YNL302C,YMR136W,0,0.0039933496,0.0900963842868805,0.6443556547164917,0.651465117931366
YBR293W,YGR191W,1,0.0039915084,0.09022346138954163,0.6453546285629272,0.651465117931366
YPR001W,YOR239W,0,0.0039905226,0.09021086245775223,0.6453546285629272,0.6515651345252991
YPL150W,YIL095W,0,0.0039896225,0.09019827097654343,0.6453546285629272,0.6516651511192322
YER151C,YNL208W,0,0.003986698,0.09018567949533463,0.6453546285629272,0.6517651677131653
YOR148C,YLR213C,0,0.003986547,0.09017308801412582,0.6453546285629272,0.6518651843070984
YDL036C,YIL128W,0,0.0039827484,0.09016050398349762,0.6453546285629272,0.6519652009010315
YDR498C,YCR002C,0,0.003981298,0.09014791995286942,0.6453546285629272,0.6520652174949646
YJL194W,YJR032W,0,0.0039811353,0.09013534337282181,0.6453546285629272,0.6521652340888977
YDL024C,YFL001W,0,0.0039800615,0.0901227667927742,0.6453546285629272,0.6522652506828308
YDR090C,YGR085C,0,0.003979914,0.09011019766330719,0.6453546285629272,0.6523652076721191
YFL038C,YPL099C,0,0.003978512,0.09009762853384018,0.6453546285629272,0.6524652242660522
YBR195C,YGL019W,0,0.0039742095,0.09008506685495377,0.6453546285629272,0.6525652408599854
YKL210W,YCR046C,0,0.0039693182,0.09007250517606735,0.6453546285629272,0.6526652574539185
YER185W,YCR052W,0,0.0039692787,0.09005994349718094,0.6453546285629272,0.6527652740478516
YDR494W,YGR255C,0,0.0039669606,0.09004739671945572,0.6453546285629272,0.6528652906417847
YDR079W,YML109W,0,0.003966207,0.0900348424911499,0.6453546285629272,0.6529653072357178
YMR319C,YOL158C,0,0.003965092,0.09002229571342468,0.6453546285629272,0.6530653238296509
YBR132C,YGL077C,1,0.0039646663,0.09014908969402313,0.6463536620140076,0.6530653238296509
YOR348C,YPR021C,1,0.003963134,0.0902758464217186,0.6473526358604431,0.6530653238296509
YDR254W,YDL097C,0,0.0039606257,0.09026326984167099,0.6473526358604431,0.653165340423584
YOL020W,YPL274W,1,0.0039586946,0.09038997441530228,0.6483516693115234,0.653165340423584
YJL155C,YDL015C,0,0.0039543197,0.09037738293409348,0.6483516693115234,0.6532652974128723
YJR092W,YJL191W,0,0.0039538033,0.09036479890346527,0.6483516693115234,0.6533653140068054
YGR282C,YOR275C,0,0.003953227,0.09035222232341766,0.6483516693115234,0.6534653306007385
YEL031W,YGR281W,0,0.003952848,0.09033964574337006,0.6483516693115234,0.6535653471946716
YDR245W,YMR238W,0,0.003952198,0.09032706916332245,0.6483516693115234,0.6536653637886047
YOR348C,YGR191W,1,0.0039506364,0.09045366197824478,0.649350643157959,0.6536653637886047
YLL012W,YML056C,0,0.003949642,0.09044107049703598,0.649350643157959,0.6537653803825378
YKR039W,YNL268W,1,0.003945956,0.09056761115789413,0.6503496766090393,0.6537653803825378
YBR281C,YDR404C,0,0.0039456747,0.09055501222610474,0.6503496766090393,0.653865396976471
YMR321C,YOR098C,0,0.003945259,0.09054242074489594,0.6503496766090393,0.653965413570404
YDR064W,YFL048C,0,0.0039451797,0.09052982926368713,0.6503496766090393,0.6540654301643372
YIL094C,YPL096W,0,0.0039435406,0.09051723778247833,0.6503496766090393,0.6541653871536255
YER175C,YAL029C,0,0.003941288,0.09050465375185013,0.6503496766090393,0.6542654037475586
YDR067C,YNL080C,0,0.0039390726,0.09049207717180252,0.6503496766090393,0.6543654203414917
YMR173W,YGR089W,0,0.003931439,0.09047950059175491,0.6503496766090393,0.6544654369354248
YPR060C,YFR036W,0,0.00392952,0.0904669240117073,0.6503496766090393,0.6545654535293579
YGR085C,YLR208W,0,0.003929218,0.0904543548822403,0.6503496766090393,0.654665470123291
YOR291W,YDL054C,0,0.003927272,0.09044178575277328,0.6503496766090393,0.6547654867172241
YPL087W,YLR145W,0,0.0039270814,0.09042922407388687,0.6503496766090393,0.6548655033111572
YAL060W,YLR187W,0,0.00392189,0.09041666984558105,0.6503496766090393,0.6549655199050903
YGL225W,YNL080C,0,0.0039178594,0.09040410816669464,0.6503496766090393,0.6550654768943787
YNL101W,YCL025C,1,0.0039137118,0.0905304104089737,0.6513486504554749,0.6550654768943787
YHR132C,YNL092W,0,0.003911309,0.09051784127950668,0.6513486504554749,0.6551654934883118
YHR002W,YPR137W,0,0.0039112903,0.09050527215003967,0.6513486504554749,0.6552655100822449
YFL045C,YDR173C,0,0.003905925,0.09049271047115326,0.6513486504554749,0.655365526676178
YGL256W,YJL124C,0,0.0039042747,0.09048015624284744,0.6513486504554749,0.6554655432701111
YMR276W,YMR301C,0,0.0039014753,0.09046760201454163,0.6513486504554749,0.6555655598640442
YOR287C,YFR052W,0,0.0039002763,0.09045504778623581,0.6513486504554749,0.6556655764579773
YNL153C,YLL002W,0,0.0038996171,0.09044250100851059,0.6513486504554749,0.6557655930519104
YMR049C,YOR304W,0,0.0038987042,0.09042996168136597,0.6513486504554749,0.6558656096458435
YCL069W,YCL038C,1,0.0038974225,0.09055609256029129,0.6523476243019104,0.6558656096458435
YPL139C,YMR269W,0,0.0038948783,0.09054353833198547,0.6523476243019104,0.6559656262397766
YJR092W,YKL082C,0,0.0038947023,0.09053098410367966,0.6523476243019104,0.6560655832290649
YEL052W,YDR454C,0,0.003892513,0.09051843732595444,0.6523476243019104,0.656165599822998
YBR260C,YEL043W,0,0.003891851,0.09050589054822922,0.6523476243019104,0.6562656164169312
YMR033W,YDR476C,0,0.0038911928,0.0904933512210846,0.6523476243019104,0.6563656330108643
YOR317W,YAL031C,0,0.0038887113,0.09048081189393997,0.6523476243019104,0.6564656496047974
YOR230W,YNR044W,0,0.003885901,0.09046827256679535,0.6523476243019104,0.6565656661987305
YGR285C,YLR033W,0,0.0038835816,0.09045574069023132,0.6523476243019104,0.6566656827926636
YHR066W,YKL015W,0,0.0038798924,0.0904432162642479,0.6523476243019104,0.6567656993865967
YBR069C,YIL088C,1,0.0038794097,0.09056917577981949,0.6533466577529907,0.6567656993865967
YDR090C,YDL197C,0,0.0038789655,0.09055662900209427,0.6533466577529907,0.6568657159805298
YNL016W,YDR260C,0,0.0038771513,0.09054409712553024,0.6533466577529907,0.6569656729698181
YJL200C,YER137C,0,0.0038767403,0.09053155779838562,0.6533466577529907,0.6570656895637512
YDL047W,YOR285W,0,0.0038744172,0.09051903337240219,0.6533466577529907,0.6571657061576843
YLL061W,YBL052C,0,0.0038741506,0.09050650149583817,0.6533466577529907,0.6572657227516174
YKL161C,YLR429W,0,0.0038709405,0.09049398452043533,0.6533466577529907,0.6573657393455505
YKL041W,YMR176W,0,0.0038708877,0.0904814600944519,0.6533466577529907,0.6574657559394836
YDR160W,YJL059W,1,0.0038702164,0.09060727804899216,0.6543456315994263,0.6574657559394836
YBR150C,YFR033C,0,0.0038692881,0.09059474617242813,0.6543456315994263,0.6575657725334167
YNL270C,YKL146W,1,0.0038669526,0.0907205119729042,0.6553446650505066,0.6575657725334167
YDL216C,YFL045C,0,0.0038669435,0.09070796519517899,0.6553446650505066,0.6576657891273499
YDR144C,YGR105W,0,0.0038660804,0.09069542586803436,0.6553446650505066,0.657765805721283
YLR447C,YGR010W,0,0.0038643528,0.09068288654088974,0.6553446650505066,0.6578657627105713
YBR059C,YNL010W,0,0.0038613728,0.09067035466432571,0.6553446650505066,0.6579657793045044
YLR291C,YNR004W,0,0.0038588077,0.09065782278776169,0.6553446650505066,0.6580657958984375
YNR006W,YMR213W,0,0.0038543842,0.09064529836177826,0.6553446650505066,0.6581658124923706
YEL041W,YBR173C,0,0.0038535201,0.09063277393579483,0.6553446650505066,0.6582658290863037
YLR047C,YBL052C,0,0.0038513625,0.0906202495098114,0.6553446650505066,0.6583658456802368
YOL082W,YHR060W,0,0.0038498624,0.09060773253440857,0.6553446650505066,0.6584658622741699
YJR092W,YML132W,0,0.0038474952,0.09059522300958633,0.6553446650505066,0.658565878868103
YGL062W,YLL040C,0,0.0038469543,0.0905827134847641,0.6553446650505066,0.6586658954620361
YLR404W,YPL007C,0,0.003845847,0.09057020395994186,0.6553446650505066,0.6587658524513245
YKR071C,YCL052C,0,0.0038433417,0.09055770188570023,0.6553446650505066,0.6588658690452576
YJR082C,YML112W,0,0.003842854,0.09054520726203918,0.6553446650505066,0.6589658856391907
YML099C,YDR173C,0,0.0038416623,0.09053270518779755,0.6553446650505066,0.6590659022331238
YMR315W,YOL045W,0,0.0038381605,0.0905202180147171,0.6553446650505066,0.6591659188270569
YBR260C,YBR278W,0,0.0038361843,0.09050772339105606,0.6553446650505066,0.65926593542099
YDR530C,YGR229C,0,0.003833445,0.09049524366855621,0.6553446650505066,0.6593659520149231
YGR282C,YKL144C,0,0.0038334283,0.09048275649547577,0.6553446650505066,0.6594659686088562
YEL037C,YBR074W,0,0.0038331226,0.09047027677297592,0.6553446650505066,0.6595659852027893
YNL267W,YML030W,0,0.0038326895,0.09045780450105667,0.6553446650505066,0.6596659421920776
YPR072W,YMR075W,0,0.0038319682,0.09044533222913742,0.6553446650505066,0.6597659587860107
YNL163C,YOR261C,0,0.0038303104,0.09043286740779877,0.6553446650505066,0.6598659753799438
YJR021C,YKR069W,0,0.0038297137,0.09042040258646011,0.6553446650505066,0.659965991973877
YJR006W,YDR170C,0,0.0038255067,0.09040793776512146,0.6553446650505066,0.6600660085678101
YDR174W,YCR002C,0,0.0038249672,0.0903954803943634,0.6553446650505066,0.6601660251617432
YOR084W,YOR123C,0,0.003822909,0.09038302302360535,0.6553446650505066,0.6602660417556763
YKL172W,YAL039C,0,0.003818,0.09037057310342789,0.6553446650505066,0.6603660583496094
YHL036W,YBR132C,1,0.0038177317,0.09049586951732635,0.6563436388969421,0.6603660583496094
YDR174W,YDR146C,0,0.0038153455,0.0904834046959877,0.6563436388969421,0.6604660749435425
YLR389C,YPL208W,0,0.003809755,0.09047094732522964,0.6563436388969421,0.6605660319328308
YIL134W,YGR095C,0,0.0038047547,0.09045848995447159,0.6563436388969421,0.6606660485267639
YLR197W,YNR004W,0,0.0038026294,0.09044603258371353,0.6563436388969421,0.660766065120697
YCR030C,YJL178C,0,0.0038018494,0.09043358266353607,0.6563436388969421,0.6608660817146301
YDR067C,YOR294W,0,0.0038009447,0.09042114019393921,0.6563436388969421,0.6609660983085632
YLL061W,YKL146W,1,0.0037994753,0.09054630249738693,0.6573426723480225,0.6609660983085632
YLR107W,YJR103W,0,0.0037991826,0.09053384512662888,0.6573426723480225,0.6610661149024963
YBR069C,YHL036W,1,0.0037989302,0.09065896272659302,0.658341646194458,0.6610661149024963
YHR132C,YNL267W,0,0.0037953733,0.09064649045467377,0.658341646194458,0.6611661314964294
YMR033W,YJL128C,0,0.003794596,0.09063402563333511,0.658341646194458,0.6612661480903625
YHR164C,YCL032W,0,0.0037944666,0.09062156081199646,0.658341646194458,0.6613661646842957
YAL017W,YER090W,0,0.0037911783,0.0906091034412384,0.658341646194458,0.661466121673584
YBL076C,YJL081C,0,0.0037894715,0.09059664607048035,0.658341646194458,0.6615661382675171
YAR027W,YAL040C,0,0.0037877099,0.09058419615030289,0.658341646194458,0.6616661548614502
YLR209C,YOR020C,0,0.0037871394,0.09057174623012543,0.658341646194458,0.6617661714553833
YGL060W,YMR304W,0,0.003785517,0.09055929630994797,0.658341646194458,0.6618661880493164
YLL055W,YIL140W,0,0.0037852398,0.0905468538403511,0.658341646194458,0.6619662046432495
YPL110C,YHR119W,0,0.0037844202,0.09053441137075424,0.658341646194458,0.6620662212371826
YKL124W,YCR002C,0,0.0037841576,0.09052197635173798,0.658341646194458,0.6621662378311157
YLR182W,YML052W,0,0.0037828693,0.09050954878330231,0.658341646194458,0.6622662544250488
YDR160W,YEL064C,1,0.003777674,0.09063444286584854,0.6593406796455383,0.6622662544250488
YLL029W,YOL165C,0,0.003775315,0.09062199294567108,0.6593406796455383,0.6623662114143372
YGL237C,YDR131C,0,0.003773409,0.09060955792665482,0.6593406796455383,0.6624662280082703
YOL070C,YDL074C,0,0.0037727638,0.09059711545705795,0.6593406796455383,0.6625662446022034
YLR203C,YDL077C,0,0.00377027,0.09058468043804169,0.6593406796455383,0.6626662611961365
YMR008C,YNL202W,0,0.003766512,0.09057225286960602,0.6593406796455383,0.6627662777900696
YLR228C,YDR444W,0,0.003764357,0.09055982530117035,0.6593406796455383,0.6628662943840027
YPL151C,YKL166C,0,0.0037639188,0.09054739773273468,0.6593406796455383,0.6629663109779358
YDR306C,YER090W,0,0.0037620936,0.09053497761487961,0.6593406796455383,0.6630663275718689
YDR226W,YGR222W,0,0.003761445,0.09052256494760513,0.6593406796455383,0.663166344165802
YAR002C-A,YGL037C,0,0.0037609446,0.09051014482975006,0.6593406796455383,0.6632663011550903
YDR079W,YGL169W,0,0.0037587353,0.09049773961305618,0.6593406796455383,0.6633663177490234
YDR167W,YKR035W-A,0,0.0037587155,0.09048532694578171,0.6593406796455383,0.6634663343429565
YBR275C,YMR159C,0,0.003757875,0.09047292917966843,0.6593406796455383,0.6635663509368896
YMR019W,YML080W,0,0.003756511,0.09046052396297455,0.6593406796455383,0.6636663675308228
YGR077C,YBR238C,0,0.0037563934,0.09044812619686127,0.6593406796455383,0.6637663841247559
YAL022C,YKR057W,0,0.003755999,0.09043573588132858,0.6593406796455383,0.663866400718689
YNL163C,YGR034W,0,0.003755701,0.0904233455657959,0.6593406796455383,0.6639664173126221
YLL051C,YMR089C,0,0.0037523357,0.09041095525026321,0.6593406796455383,0.6640664339065552
YNL008C,YPL129W,0,0.0037520062,0.09039857238531113,0.6593406796455383,0.6641663908958435
YKL176C,YPL274W,1,0.0037507478,0.0905231460928917,0.6603396534919739,0.6641663908958435
YPL139C,YDL170W,0,0.0037500174,0.09051074832677841,0.6603396534919739,0.6642664074897766
YDR030C,YKL094W,0,0.003748913,0.09049835801124573,0.6603396534919739,0.6643664240837097
YMR173W,YLR033W,0,0.0037442874,0.09048596769571304,0.6603396534919739,0.6644664406776428
YDR160W,YLL055W,1,0.0037439438,0.09061045944690704,0.6613386869430542,0.6644664406776428
YLL055W,YER119C,1,0.0037438783,0.09073491394519806,0.6623376607894897,0.6644664406776428
YCR052W,YER052C,0,0.0037436131,0.09072249382734299,0.6623376607894897,0.6645664572715759
YDR082W,YGL004C,0,0.0037418655,0.09071008116006851,0.6623376607894897,0.664666473865509
YFL055W,YER119C,1,0.0037402818,0.09083447605371475,0.6633366346359253,0.664666473865509
YLR440C,YPL196W,0,0.00373607,0.09082204848527908,0.6633366346359253,0.6647664904594421
YGL212W,YNR015W,0,0.0037358513,0.09080962836742401,0.6633366346359253,0.6648665070533752
YAL054C,YIL046W,0,0.0037351432,0.09079720824956894,0.6633366346359253,0.6649665236473083
YNL231C,YNL236W,0,0.003732706,0.09078479558229446,0.6633366346359253,0.6650664806365967
YPR191W,YPL131W,0,0.003732394,0.09077238291501999,0.6633366346359253,0.6651664972305298
YGL233W,YER090W,0,0.0037311423,0.09075997769832611,0.6633366346359253,0.6652665138244629
YJL117W,YER171W,0,0.0037298738,0.09074757248163223,0.6633366346359253,0.665366530418396
YNL261W,YPL064C,0,0.0037291297,0.09073517471551895,0.6633366346359253,0.6654665470123291
YEL031W,YGL068W,0,0.0037284952,0.09072277694940567,0.6633366346359253,0.6655665636062622
YOL129W,YNL016W,0,0.0037282615,0.09071037918329239,0.6633366346359253,0.6656665802001953
YJL087C,YNR021W,0,0.003726721,0.0906979888677597,0.6633366346359253,0.6657665967941284
YOR311C,YHR057C,0,0.0037266659,0.09068560600280762,0.6633366346359253,0.6658666133880615
YCR027C,YPR021C,1,0.0037253508,0.09080977737903595,0.6643356680870056,0.6658666133880615
YGR221C,YOR085W,0,0.0037244218,0.09079737961292267,0.6643356680870056,0.6659665703773499
YEL041W,YNL239W,0,0.0037220765,0.09078498184680939,0.6643356680870056,0.666066586971283
YNL270C,YGL077C,1,0.0037213427,0.09090909361839294,0.6653346419334412,0.666066586971283
YBR010W,YHR057C,0,0.003721226,0.09089668095111847,0.6653346419334412,0.6661666035652161
YLR447C,YBR281C,0,0.0037125472,0.09088428318500519,0.6653346419334412,0.6662666201591492
YCR046C,YCL052C,0,0.0037108597,0.09087187796831131,0.6653346419334412,0.6663666367530823
YNL153C,YMR038C,0,0.0037099642,0.09085948020219803,0.6653346419334412,0.6664666533470154
YLR028C,YBR141C,0,0.003706348,0.09084708988666534,0.6653346419334412,0.6665666699409485
YML030W,YDR472W,0,0.0037051842,0.09083469957113266,0.6653346419334412,0.6666666865348816
YHL012W,YJL213W,0,0.0037046422,0.09082230925559998,0.6653346419334412,0.6667667031288147
YMR186W,YMR115W,0,0.003704237,0.09080992639064789,0.6653346419334412,0.666866660118103
YKL174C,YGR142W,1,0.00370423,0.09093388170003891,0.6663336753845215,0.666866660118103
YGR268C,YEL030W,0,0.0037020224,0.09092148393392563,0.6663336753845215,0.6669666767120361
YML071C,YOR324C,0,0.0037011043,0.09090909361839294,0.6663336753845215,0.6670666933059692
YLR025W,YPL050C,0,0.0036932197,0.09089670330286026,0.6663336753845215,0.6671667098999023
YHR047C,YOR215C,0,0.0036867443,0.09088431298732758,0.6663336753845215,0.6672667264938354
YEL063C,YMR088C,1,0.003686077,0.09100817143917084,0.667332649230957,0.6672667264938354
YOR054C,YPL151C,0,0.0036856984,0.09099577367305756,0.667332649230957,0.6673667430877686
YMR005W,YNL267W,0,0.003683134,0.09098338335752487,0.667332649230957,0.6674667596817017
YKL093W,YJR092W,0,0.0036830797,0.09097099304199219,0.667332649230957,0.6675667762756348
YDL142C,YOR232W,0,0.003682921,0.0909586027264595,0.667332649230957,0.6676667928695679
YLL055W,YKL146W,1,0.0036807903,0.0910823717713356,0.6683316826820374,0.6676667928695679
YKL038W,YNR044W,0,0.0036773086,0.09106996655464172,0.6683316826820374,0.6677667498588562
YMR008C,YHR057C,0,0.0036762326,0.09105757623910904,0.6683316826820374,0.6678667664527893
YLR113W,YNL192W,0,0.0036758413,0.09104518592357635,0.6683316826820374,0.6679667830467224
YDL036C,YGR251W,0,0.0036756247,0.09103279560804367,0.6683316826820374,0.6680667996406555
YBR066C,YLR251W,0,0.0036752091,0.09102040529251099,0.6683316826820374,0.6681668162345886
YDR034C,YPL274W,0,0.0036735195,0.0910080224275589,0.6683316826820374,0.6682668328285217
YKL206C,YOR226C,0,0.0036725528,0.09099564701318741,0.6683316826820374,0.6683668494224548
YNL309W,YDR062W,0,0.003672429,0.09098327159881592,0.6683316826820374,0.6684668660163879
YKL117W,YJL200C,0,0.0036713977,0.09097090363502502,0.6683316826820374,0.668566882610321
YJL178C,YGL037C,0,0.0036686393,0.09095852822065353,0.6683316826820374,0.6686668395996094
YJL206C,YCR026C,0,0.0036676112,0.09094616770744324,0.6683316826820374,0.6687668561935425
YBL041W,YOR098C,0,0.0036669092,0.09093380719423294,0.6683316826820374,0.6688668727874756
YLL002W,YOL043C,0,0.0036651206,0.09092144668102264,0.6683316826820374,0.6689668893814087
YDR079W,YML112W,0,0.0036632665,0.09090909361839294,0.6683316826820374,0.6690669059753418
YBR068C,YGR055W,1,0.0036601506,0.09103260934352875,0.6693306565284729,0.6690669059753418
YMR032W,YHR082C,0,0.0036598032,0.09102024137973785,0.6693306565284729,0.6691669225692749
YGR072W,YDR140W,0,0.00365856,0.09100788086652756,0.6693306565284729,0.669266939163208
YMR123W,YMR112C,0,0.0036582297,0.09099552035331726,0.6693306565284729,0.6693669557571411
YPL002C,YDR403W,0,0.003656956,0.09098315984010696,0.6693306565284729,0.6694669723510742
YKR002W,YDR476C,0,0.00365627,0.09097080677747726,0.6693306565284729,0.6695669293403625
YOL090W,YNL182C,0,0.003655205,0.09095846116542816,0.6693306565284729,0.6696669459342957
YOR074C,YPR080W,0,0.0036540802,0.09094610810279846,0.6693306565284729,0.6697669625282288
YDR512C,YML036W,0,0.0036538162,0.09093376994132996,0.6693306565284729,0.6698669791221619
YNL202W,YDR472W,0,0.0036531028,0.09092142432928085,0.6693306565284729,0.669966995716095
YKR039W,YGR142W,1,0.0036492224,0.09104477614164352,0.6703296899795532,0.669966995716095
YJR092W,YDR064W,0,0.0036489416,0.09103242307901382,0.6703296899795532,0.6700670123100281
YGR288W,YLR228C,0,0.003647132,0.09102007746696472,0.6703296899795532,0.6701670289039612
YBR261C,YDL202W,0,0.0036469707,0.09100773185491562,0.6703296899795532,0.6702670454978943
YOL070C,YNL078W,0,0.0036453824,0.09099538624286652,0.6703296899795532,0.6703670620918274
YMR315W,YCR060W,0,0.0036431197,0.09098304808139801,0.6703296899795532,0.6704670190811157
YMR088C,YEL062W,1,0.0036413197,0.09110628813505173,0.6713286638259888,0.6704670190811157
YKL174C,YCL025C,1,0.0036344668,0.09122949838638306,0.6723276972770691,0.6704670190811157
YOL038W,YMR270C,0,0.0036335106,0.09121713042259216,0.6723276972770691,0.6705670356750488
YDR473C,YCR011C,0,0.0036294074,0.09120476990938187,0.6723276972770691,0.6706670522689819
YKL165C,YML132W,0,0.0036293454,0.09119240939617157,0.6723276972770691,0.670767068862915
YCL038C,YPL274W,1,0.0036271391,0.09131553769111633,0.6733266711235046,0.670767068862915
YIL042C,YFL023W,0,0.003627056,0.09130316972732544,0.6733266711235046,0.6708670854568481
YHL036W,YKL146W,1,0.0036248462,0.09142624586820602,0.6743256449699402,0.6708670854568481
YMR194W,YGL051W,0,0.0036246548,0.09141387045383453,0.6743256449699402,0.6709671020507812
YGR175C,YEL030W,0,0.0036236632,0.09140148758888245,0.6743256449699402,0.6710671186447144
YHR059W,YGL169W,0,0.003623021,0.09138911217451096,0.6743256449699402,0.6711671352386475
YBR006W,YJL006C,0,0.0036224134,0.09137674421072006,0.6743256449699402,0.6712671518325806
YOR283W,YKL003C,0,0.0036198464,0.09136437624692917,0.6743256449699402,0.6713671088218689
YAL040C,YOR353C,0,0.0036178832,0.09135200828313828,0.6743256449699402,0.671467125415802
YNL192W,YBR010W,0,0.0036177281,0.09133964776992798,0.6743256449699402,0.6715671420097351
YKL009W,YMR227C,0,0.0036173863,0.09132728725671768,0.6743256449699402,0.6716671586036682
YDR405W,YLL045C,0,0.0036140725,0.09131493419408798,0.6743256449699402,0.6717671751976013
YPL147W,YJR083C,0,0.0036128447,0.09130258113145828,0.6743256449699402,0.6718671917915344
YPL150W,YMR032W,0,0.0036119781,0.09129023551940918,0.6743256449699402,0.6719672083854675
YDR512C,YBR195C,0,0.0036099711,0.09127788990736008,0.6743256449699402,0.6720672249794006
YLL055W,YPL274W,1,0.003609427,0.09140075743198395,0.6753246784210205,0.6720672249794006
YBR150C,YOL040C,0,0.0036074764,0.09138840436935425,0.6753246784210205,0.6721672415733337
YPL007C,YNL262W,0,0.0036056754,0.09137604385614395,0.6753246784210205,0.6722671985626221
YPR187W,YCR087C-A,0,0.0036046493,0.09136369824409485,0.6753246784210205,0.6723672151565552
YIL135C,YMR210W,0,0.0036044114,0.09135135263204575,0.6753246784210205,0.6724672317504883
YMR284W,YLR026C,0,0.003603798,0.09133900701999664,0.6753246784210205,0.6725672483444214
YGL172W,YMR114C,0,0.0036014498,0.09132666885852814,0.6753246784210205,0.6726672649383545
YIR011C,YDR508C,0,0.0035996707,0.09131433069705963,0.6753246784210205,0.6727672815322876
YER117W,YNL138W,0,0.0035993662,0.09130199998617172,0.6753246784210205,0.6728672981262207
YKL190W,YFL010W-A,0,0.0035985128,0.09128966927528381,0.6753246784210205,0.6729673147201538
YBR260C,YPL104W,0,0.003598431,0.0912773460149765,0.6753246784210205,0.6730673313140869
YJL166W,YFR018C,0,0.0035976155,0.09126502275466919,0.6753246784210205,0.6731672883033752
YLR244C,YJL225C,0,0.0035972858,0.09125269949436188,0.6753246784210205,0.6732673048973083
YBR196C,YER049W,0,0.0035959408,0.09124038368463516,0.6753246784210205,0.6733673214912415
YDR414C,YFR029W,0,0.003590604,0.09122806787490845,0.6753246784210205,0.6734673380851746
YOR317W,YHL034C,0,0.003588305,0.09121575951576233,0.6753246784210205,0.6735673546791077
YGL068W,YOL155C,0,0.0035864776,0.09120345115661621,0.6753246784210205,0.6736673712730408
YOR232W,YNL052W,0,0.0035863551,0.09119115024805069,0.6753246784210205,0.6737673878669739
YPL240C,YOL054W,0,0.00358412,0.09117884933948517,0.6753246784210205,0.673867404460907
YBR293W,YJR001W,1,0.0035829383,0.09130141884088516,0.676323652267456,0.673867404460907
YFR013W,YDR527W,0,0.0035827684,0.09128910303115845,0.676323652267456,0.6739674210548401
YJR101W,YLR268W,0,0.0035819155,0.09127679467201233,0.676323652267456,0.6740673780441284
YDL206W,YOR074C,0,0.0035792396,0.09126449376344681,0.676323652267456,0.6741673946380615
YPL064C,YFL023W,0,0.003578845,0.09125219285488129,0.676323652267456,0.6742674112319946
YBR068C,YHL036W,1,0.003578578,0.09137466549873352,0.6773226857185364,0.6742674112319946
YHR061C,YKL168C,0,0.00357723,0.0913623496890068,0.6773226857185364,0.6743674278259277
YNL101W,YGL077C,1,0.0035752894,0.09148477762937546,0.6783216595649719,0.6743674278259277
YJL087C,YOR147W,0,0.0035749224,0.09147244691848755,0.6783216595649719,0.6744674444198608
YER098W,YOL052C,0,0.0035746542,0.09146013110876083,0.6783216595649719,0.674567461013794
YOR292C,YMR193W,0,0.003574272,0.09144780784845352,0.6783216595649719,0.674667477607727
YCL025C,YDL128W,0,0.0035740105,0.0914354994893074,0.6783216595649719,0.6747674942016602
YNL232W,YIL046W,0,0.0035735571,0.09142318367958069,0.6783216595649719,0.6748675107955933
YLR050C,YCL034W,0,0.0035732754,0.09141087532043457,0.6783216595649719,0.6749674677848816
YKL082C,YKL053C-A,0,0.0035730514,0.09139857441186905,0.6783216595649719,0.6750674843788147
YFR013W,YLL012W,0,0.0035720565,0.09138627350330353,0.6783216595649719,0.6751675009727478
YDR144C,YLR107W,0,0.0035715846,0.091373972594738,0.6783216595649719,0.6752675175666809
YMR025W,YOR340C,0,0.0035714356,0.09136167913675308,0.6783216595649719,0.675367534160614
YKL095W,YIL042C,0,0.003571327,0.09134938567876816,0.6783216595649719,0.6754675507545471
YDL055C,YEL036C,0,0.0035711064,0.09133709967136383,0.6783216595649719,0.6755675673484802
YHR029C,YGR084C,0,0.0035693352,0.0913248136639595,0.6783216595649719,0.6756675839424133
YDR414C,YBL089W,0,0.0035643121,0.09131253510713577,0.6783216595649719,0.6757676005363464
YKL117W,YGR216C,0,0.0035637585,0.09130025655031204,0.6783216595649719,0.6758675575256348
YHR174W,YHR058C,0,0.0035607812,0.09128797799348831,0.6783216595649719,0.6759675741195679
YKL082C,YDR472W,0,0.0035589407,0.09127570688724518,0.6783216595649719,0.676067590713501
YDR512C,YDR062W,0,0.0035574292,0.09126344323158264,0.6783216595649719,0.6761676073074341
YJL172W,YLR151C,0,0.00355699,0.0912511795759201,0.6783216595649719,0.6762676239013672
YMR180C,YLR028C,0,0.0035550823,0.09123891592025757,0.6783216595649719,0.6763676404953003
YLL055W,YEL062W,1,0.003554635,0.09136100858449936,0.6793206930160522,0.6763676404953003
YDR530C,YGR155W,0,0.0035536317,0.09134873747825623,0.6793206930160522,0.6764676570892334
YOR204W,YBL092W,0,0.0035507896,0.09133646637201309,0.6793206930160522,0.6765676736831665
YIL002C,YOR176W,0,0.0035506003,0.09132420271635056,0.6793206930160522,0.6766676902770996
YNL231C,YNL223W,0,0.0035493912,0.09131193906068802,0.6793206930160522,0.6767676472663879
YDL142C,YIL083C,0,0.003548489,0.09129967540502548,0.6793206930160522,0.676867663860321
YPL276W,YOR285W,0,0.0035484487,0.09128741919994354,0.6793206930160522,0.6769676804542542
YBR068C,YDL210W,1,0.0035474203,0.09140939265489578,0.6803196668624878,0.6769676804542542
YPL188W,YBL098W,0,0.0035470375,0.09139712899923325,0.6803196668624878,0.6770676970481873
YKR057W,YMR032W,0,0.0035456438,0.09138486534357071,0.6803196668624878,0.6771677136421204
YFR021W,YOR168W,0,0.0035445527,0.09137260168790817,0.6803196668624878,0.6772677302360535
YKR039W,YCR075C,1,0.0035443369,0.09149450063705444,0.6813187003135681,0.6772677302360535
YLR153C,YMR136W,0,0.0035440559,0.09148222953081131,0.6813187003135681,0.6773677468299866
YGL026C,YKR069W,0,0.0035377517,0.09146995842456818,0.6813187003135681,0.6774677634239197
YOR261C,YML036W,0,0.003536269,0.09145768731832504,0.6813187003135681,0.6775677800178528
YGL068W,YNL079C,0,0.0035343308,0.0914454311132431,0.6813187003135681,0.6776677370071411
YMR049C,YHR057C,0,0.0035321063,0.09143316745758057,0.6813187003135681,0.6777677536010742
YDR492W,YGL225W,0,0.0035310474,0.09142091125249863,0.6813187003135681,0.6778677701950073
YJL187C,YDR173C,0,0.0035308225,0.09140865504741669,0.6813187003135681,0.6779677867889404
YFL013C,YLR389C,0,0.003529776,0.09139640629291534,0.6813187003135681,0.6780678033828735
YBR120C,YKL175W,0,0.0035290364,0.0913841649889946,0.6813187003135681,0.6781678199768066
YPL240C,YDR081C,0,0.0035265572,0.09137191623449326,0.6813187003135681,0.6782678365707397
YDL024C,YBL085W,0,0.0035264364,0.09135967493057251,0.6813187003135681,0.6783678531646729
YHR029C,YLR029C,0,0.0035243325,0.09134744107723236,0.6813187003135681,0.678467869758606
YGR252W,YPL011C,0,0.0035234387,0.09133520722389221,0.6813187003135681,0.6785678863525391
YLL041C,YGL233W,0,0.0035206939,0.09132298082113266,0.6813187003135681,0.6786678433418274
YOL165C,YCR014C,0,0.0035180084,0.09131075441837311,0.6813187003135681,0.6787678599357605
YMR049C,YJL172W,0,0.0035165774,0.09129852801561356,0.6813187003135681,0.6788678765296936
YBR125C,YJL030W,0,0.003515368,0.0912863090634346,0.6813187003135681,0.6789678931236267
YLR447C,YKR056W,0,0.0035142256,0.09127409011125565,0.6813187003135681,0.6790679097175598
YGR246C,YMR229C,0,0.0035131536,0.09126187860965729,0.6813187003135681,0.6791679263114929
YJR051W,YLR309C,0,0.0035129504,0.09124966710805893,0.6813187003135681,0.679267942905426
YFR019W,YLR145W,0,0.0035109208,0.09123745560646057,0.6813187003135681,0.6793679594993591
YOR176W,YNL298W,0,0.003510916,0.09122525155544281,0.6813187003135681,0.6794679760932922
YDR306C,YPL274W,0,0.0035094868,0.09121305495500565,0.6813187003135681,0.6795679330825806
YCL043C,YBR257W,0,0.0035089264,0.09120085835456848,0.6813187003135681,0.6796679496765137
YKR057W,YJR034W,0,0.0035080428,0.09118866175413132,0.6813187003135681,0.6797679662704468
YJR010W,YBR182C,0,0.0035068314,0.09117647260427475,0.6813187003135681,0.6798679828643799
YML036W,YGL259W,0,0.0035056164,0.09116428345441818,0.6813187003135681,0.679967999458313
YDL212W,YKL174C,1,0.0035035154,0.09128575026988983,0.6823176741600037,0.679967999458313
YDR137W,YOR299W,0,0.0035026595,0.09127355366945267,0.6823176741600037,0.6800680160522461
YGL212W,YHR058C,0,0.0034995517,0.0912613570690155,0.6823176741600037,0.6801680326461792
YJR078W,YGL019W,0,0.0034990697,0.09124916791915894,0.6823176741600037,0.6802680492401123
YOR378W,YNL304W,0,0.0034988667,0.09123697876930237,0.6823176741600037,0.6803680658340454
YOL145C,YNL008C,0,0.0034988204,0.0912247896194458,0.6823176741600037,0.6804680228233337
YHR174W,YOL054W,0,0.0034987207,0.09121260792016983,0.6823176741600037,0.6805680394172668
YMR089C,YNL182C,0,0.0034977733,0.09120042622089386,0.6823176741600037,0.6806680560112
YGR246C,YHR057C,0,0.0034971714,0.09118825197219849,0.6823176741600037,0.6807680726051331
YPR001W,YLL055W,0,0.003496736,0.09117607772350311,0.6823176741600037,0.6808680891990662
YLL061W,YJR001W,1,0.0034957295,0.09129738062620163,0.683316707611084,0.6808680891990662
YNL304W,YOR180C,0,0.0034939758,0.09128519892692566,0.683316707611084,0.6809681057929993
YER154W,YLR386W,0,0.003492173,0.09127301722764969,0.683316707611084,0.6810681223869324
YHL012W,YLR165C,0,0.0034896885,0.09126084297895432,0.683316707611084,0.6811681389808655
YLR203C,YPL129W,0,0.0034883786,0.09124866873025894,0.683316707611084,0.6812681555747986
YKL217W,YGL014W,0,0.0034871653,0.09123649448156357,0.683316707611084,0.6813681125640869
YEL063C,YGL077C,1,0.0034871357,0.09135769307613373,0.6843156814575195,0.6813681125640869
YJR138W,YJL134W,0,0.0034841541,0.09134551137685776,0.6843156814575195,0.68146812915802
YOR054C,YJR031C,0,0.0034839937,0.09133332967758179,0.6843156814575195,0.6815681457519531
YIL128W,YGL122C,0,0.0034837702,0.09132115542888641,0.6843156814575195,0.6816681623458862
YBR052C,YGR084C,0,0.0034833415,0.09130898118019104,0.6843156814575195,0.6817681789398193
YPR113W,YNL110C,0,0.003481796,0.09129681438207626,0.6843156814575195,0.6818681955337524
YDR160W,YHL036W,1,0.003478272,0.09141790866851807,0.6853147149085999,0.6818681955337524
YMR089C,YHR051W,0,0.00347437,0.0914057269692421,0.6853147149085999,0.6819682121276855
YDL077C,YMR034C,0,0.003474233,0.09139355272054672,0.6853147149085999,0.6820682287216187
YLR191W,YNL290W,0,0.0034715284,0.09138137847185135,0.6853147149085999,0.6821682453155518
YDR131C,YBL052C,0,0.0034687878,0.09136920422315598,0.6853147149085999,0.6822682023048401
YDR332W,YER115C,0,0.0034682108,0.0913570374250412,0.6853147149085999,0.6823682188987732
YOR206W,YJL079C,0,0.0034678122,0.09134487062692642,0.6853147149085999,0.6824682354927063
YGR144W,YCL052C,0,0.0034664941,0.09133271127939224,0.6853147149085999,0.6825682520866394
YKL093W,YER125W,0,0.0034654369,0.09132055193185806,0.6853147149085999,0.6826682686805725
YML028W,YFL010W-A,0,0.0034650383,0.09130840003490448,0.6853147149085999,0.6827682852745056
YMR049C,YOR020C,0,0.0034649165,0.0912962481379509,0.6853147149085999,0.6828683018684387
YJR051W,YOR294W,0,0.0034640522,0.09128409624099731,0.6853147149085999,0.6829683184623718
YOR194C,YKR068C,0,0.0034632012,0.09127195179462433,0.6853147149085999,0.6830683350563049
YOL129W,YDR072C,0,0.0034612517,0.09125981479883194,0.6853147149085999,0.6831682920455933
YGR238C,YLR025W,0,0.0034610888,0.09124767035245895,0.6853147149085999,0.6832683086395264
YCR030C,YNL172W,0,0.0034610033,0.09123553335666656,0.6853147149085999,0.6833683252334595
YDR064W,YIR032C,0,0.003460786,0.09122340381145477,0.6853147149085999,0.6834683418273926
YER050C,YMR143W,0,0.003460188,0.09121127426624298,0.6853147149085999,0.6835683584213257
YPL265W,YHL036W,1,0.0034596897,0.0913320928812027,0.6863136887550354,0.6835683584213257
YKL041W,YJL060W,0,0.0034570799,0.09131994843482971,0.6863136887550354,0.6836683750152588
YLR314C,YOL040C,0,0.003456515,0.09130781143903732,0.6863136887550354,0.6837683916091919
YBR261C,YDR170C,0,0.003453758,0.09129568189382553,0.6863136887550354,0.683868408203125
YER151C,YLR270W,0,0.0034522174,0.09128355234861374,0.6863136887550354,0.6839684247970581
YOL045W,YJR040W,0,0.00345112,0.09127142280340195,0.6863136887550354,0.6840683817863464
YOL129W,YPR171W,0,0.0034504512,0.09125930070877075,0.6863136887550354,0.6841683983802795
YBL011W,YBR281C,0,0.0034476877,0.09124717861413956,0.6863136887550354,0.6842684149742126
YDL216C,YGR027C,0,0.003447029,0.09123505651950836,0.6863136887550354,0.6843684315681458
YKR019C,YDR389W,0,0.0034456388,0.09122294187545776,0.6863136887550354,0.6844684481620789
YNR056C,YGR055W,1,0.0034380876,0.09134360402822495,0.687312662601471,0.6844684481620789
YOR324C,YMR090W,0,0.0034375794,0.09133147448301315,0.687312662601471,0.684568464756012
YOL111C,YKL205W,0,0.003432868,0.09131935238838196,0.687312662601471,0.6846684813499451
YDL040C,YBR192W,0,0.0034317968,0.09130723029375076,0.687312662601471,0.6847684979438782
YGR056W,YGL256W,0,0.0034315553,0.09129511564970016,0.687312662601471,0.6848685145378113
YNL261W,YKL007W,0,0.0034310825,0.09128300100564957,0.687312662601471,0.6849684715270996
YOR074C,YGL244W,0,0.0034292291,0.09127089381217957,0.687312662601471,0.6850684881210327
YNL271C,YLR244C,0,0.0034276373,0.09125878661870956,0.687312662601471,0.6851685047149658
YPL002C,YLR026C,0,0.003425921,0.09124668687582016,0.687312662601471,0.6852685213088989
YJR034W,YJL149W,0,0.003420462,0.09123458713293076,0.687312662601471,0.685368537902832
YDR034C,YMR284W,0,0.0034197953,0.09122248739004135,0.687312662601471,0.6854685544967651
YIL108W,YLR383W,0,0.0034197303,0.09121039509773254,0.687312662601471,0.6855685710906982
YDR144C,YDR497C,0,0.0034190253,0.09119830280542374,0.687312662601471,0.6856685876846313
YDL029W,YJL124C,0,0.003417599,0.09118621796369553,0.687312662601471,0.6857686042785645
YPL083C,YGL103W,0,0.0034150337,0.09117413312196732,0.687312662601471,0.6858685612678528
YDR081C,YEL056W,0,0.0034119582,0.0911620482802391,0.687312662601471,0.6859685778617859
YOL070C,YIR038C,0,0.0034111573,0.09114997088909149,0.687312662601471,0.686068594455719
YKR039W,YDR508C,1,0.0034111054,0.09127036482095718,0.6883116960525513,0.686068594455719
YKL174C,YER150W,0,0.0034105803,0.09125827997922897,0.6883116960525513,0.6861686110496521
YDR414C,YOR353C,0,0.0034105317,0.09124619513750076,0.6883116960525513,0.6862686276435852
YKR039W,YJL059W,1,0.0034092322,0.09136652201414108,0.6893106698989868,0.6862686276435852
YJL155C,YHR156C,0,0.0034085813,0.09135442972183228,0.6893106698989868,0.6863686442375183
YPL002C,YLR429W,0,0.0034078716,0.09134233742952347,0.6893106698989868,0.6864686608314514
YDL084W,YPL188W,0,0.0034062169,0.09133024513721466,0.6893106698989868,0.6865686774253845
YDL212W,YBR132C,1,0.0034060455,0.09145050495862961,0.6903097033500671,0.6865686774253845
YPL119C,YJL130C,0,0.0034053237,0.0914383977651596,0.6903097033500671,0.6866686940193176
YCR027C,YNL101W,1,0.0034041167,0.09155861288309097,0.6913086771965027,0.6866686940193176
YBR223C,YKL144C,0,0.0034038674,0.09154649823904037,0.6913086771965027,0.686768651008606
YNL335W,YIR032C,0,0.0034038252,0.09153439104557037,0.6913086771965027,0.6868686676025391
YJR130C,YHR168W,0,0.0034021114,0.09152228385210037,0.6913086771965027,0.6869686841964722
YBR196C,YHR119W,0,0.0034008343,0.09151018410921097,0.6913086771965027,0.6870687007904053
YIL021W,YPR149W,0,0.0033886929,0.09149808436632156,0.6913086771965027,0.6871687173843384
YHR209W,YKL130C,0,0.0033874935,0.09148598462343216,0.6913086771965027,0.6872687339782715
YLR107W,YPL007C,0,0.003387152,0.09147389233112335,0.6913086771965027,0.6873687505722046
YKL093W,YGL019W,0,0.0033858211,0.09146180003881454,0.6913086771965027,0.6874687671661377
YFR018C,YER190W,0,0.0033790779,0.09144971519708633,0.6913086771965027,0.6875687837600708
YJL178C,YMR173W,0,0.0033785948,0.09143763035535812,0.6913086771965027,0.6876687407493591
YEL036C,YPR119W,0,0.0033760187,0.09142555296421051,0.6913086771965027,0.6877687573432922
YER101C,YBR120C,0,0.0033757894,0.0914134755730629,0.6913086771965027,0.6878687739372253
YHR030C,YKL093W,0,0.0033749198,0.09140139818191528,0.6913086771965027,0.6879687905311584
YGR118W,YCR026C,0,0.0033732653,0.09138932824134827,0.6913086771965027,0.6880688071250916
YLR264W,YMR099C,0,0.003371909,0.09137725830078125,0.6913086771965027,0.6881688237190247
YJL134W,YGR255C,0,0.0033709076,0.09136519581079483,0.6913086771965027,0.6882688403129578
YBL068W,YDR444W,0,0.0033689972,0.09135313332080841,0.6913086771965027,0.6883688569068909
YMR176W,YPL188W,0,0.0033652019,0.09134107828140259,0.6913086771965027,0.688468873500824
YPR026W,YKL170W,0,0.0033648289,0.09132902324199677,0.6913086771965027,0.6885688304901123
YMR090W,YIL035C,0,0.0033639001,0.09131696820259094,0.6913086771965027,0.6886688470840454
YKL176C,YBR068C,1,0.0033637227,0.09143686294555664,0.692307710647583,0.6886688470840454
YOR187W,YKL094W,0,0.00336328,0.09142480045557022,0.692307710647583,0.6887688636779785
YDR378C,YBL028C,0,0.0033630147,0.0914127454161644,0.692307710647583,0.6888688802719116
YJL225C,YLL043W,0,0.003362134,0.09140068292617798,0.692307710647583,0.6889688968658447
YKL174C,YNL101W,1,0.0033580095,0.09152050316333771,0.6933066844940186,0.6889688968658447
YPL127C,YMR054W,0,0.0033557345,0.09150844067335129,0.6933066844940186,0.6890689134597778
YPL119C,YGL183C,0,0.0033542153,0.09149637073278427,0.6933066844940186,0.6891689300537109
YPR026W,YMR203W,0,0.0033521068,0.09148431569337845,0.6933066844940186,0.689268946647644
YDR046C,YEL063C,1,0.003349992,0.09160406142473221,0.6943057179450989,0.689268946647644
YLR157C,YIL094C,0,0.003348112,0.0915919840335846,0.6943057179450989,0.6893689632415771
YEL031W,YJL082W,0,0.003346283,0.09157992154359818,0.6943057179450989,0.6894689202308655
YML028W,YOR327C,0,0.003345782,0.09156785160303116,0.6943057179450989,0.6895689368247986
YOL070C,YOR327C,0,0.00334397,0.09155578911304474,0.6943057179450989,0.6896689534187317
YOR301W,YOL102C,0,0.0033412247,0.09154372662305832,0.6943057179450989,0.6897689700126648
YJR127C,YNL238W,0,0.0033385502,0.0915316715836525,0.6943057179450989,0.6898689866065979
YOL141W,YHR079C,0,0.0033331143,0.09151962399482727,0.6943057179450989,0.689969003200531
YEL022W,YHR077C,0,0.0033320815,0.09150756895542145,0.6943057179450989,0.6900690197944641
YBR031W,YOL062C,0,0.0033307532,0.09149552136659622,0.6943057179450989,0.6901690363883972
YFR033C,YMR267W,0,0.003330454,0.09148348122835159,0.6943057179450989,0.6902690529823303
YNL192W,YPR043W,0,0.0033290694,0.09147144109010696,0.6943057179450989,0.6903690099716187
YDR205W,YML071C,0,0.0033286423,0.09145940095186234,0.6943057179450989,0.6904690265655518
YLR020C,YER115C,0,0.0033286186,0.0914473682641983,0.6943057179450989,0.6905690431594849
YIL140W,YCL052C,0,0.003328065,0.09143533557653427,0.6943057179450989,0.690669059753418
YJL187C,YPL112C,0,0.003327018,0.09142331033945084,0.6943057179450989,0.6907690763473511
YER150W,YNL236W,0,0.003326637,0.0914112851023674,0.6943057179450989,0.6908690929412842
YGR191W,YER119C,1,0.0033265627,0.09153077006340027,0.6953046917915344,0.6908690929412842
YER162C,YOR355W,0,0.0033231655,0.09151873737573624,0.6953046917915344,0.6909691095352173
YMR025W,YNR035C,0,0.0033211207,0.0915067046880722,0.6953046917915344,0.6910691261291504
YDR518W,YJL225C,0,0.0033208318,0.09149467945098877,0.6953046917915344,0.6911691427230835
YKL176C,YGR055W,1,0.0033203298,0.09161408990621567,0.6963037252426147,0.6911691427230835
YDR218C,YLR164W,0,0.0033199321,0.09160204976797104,0.6963037252426147,0.6912690997123718
YBR125C,YBR281C,0,0.0033191594,0.09159000962972641,0.6963037252426147,0.6913691163063049
YMR013C,YHR211W,0,0.0033189685,0.09157797694206238,0.6963037252426147,0.691469132900238
YDR353W,YLR050C,0,0.0033189212,0.09156595170497894,0.6963037252426147,0.6915691494941711
YOL112W,YGL060W,0,0.003317576,0.09155391901731491,0.6963037252426147,0.6916691660881042
YOR216C,YDR226W,0,0.0033141642,0.09154189378023148,0.6963037252426147,0.6917691826820374
YNL178W,YOR098C,0,0.003313438,0.09152987599372864,0.6963037252426147,0.6918691992759705
YDL212W,YNL268W,1,0.0033130113,0.09164915978908539,0.6973026990890503,0.6918691992759705
YOR251C,YCL032W,0,0.0033128303,0.09163712710142136,0.6973026990890503,0.6919692158699036
YKL124W,YIL048W,0,0.0033106236,0.09162510186433792,0.6973026990890503,0.6920692324638367
YPL042C,YNL006W,0,0.003309689,0.09161306917667389,0.6973026990890503,0.692169189453125
YEL022W,YPR160W,0,0.003309472,0.09160105139017105,0.6973026990890503,0.6922692060470581
YOR298W,YJL192C,0,0.0033073556,0.09158903360366821,0.6973026990890503,0.6923692226409912
YNL271C,YFL023W,0,0.0033071844,0.09157701581716537,0.6973026990890503,0.6924692392349243
YLR395C,YDR527W,0,0.0033069535,0.09156499803066254,0.6973026990890503,0.6925692558288574
YLL008W,YGL183C,0,0.0033058205,0.0915529876947403,0.6973026990890503,0.6926692724227905
YEL012W,YBR067C,0,0.0033049833,0.09154098480939865,0.6973026990890503,0.6927692890167236
YHL012W,YDL111C,0,0.0033044617,0.091528981924057,0.6973026990890503,0.6928693056106567
YGR095C,YDL225W,0,0.003302573,0.09151697903871536,0.6973026990890503,0.6929693222045898
YLL051C,YJR026W,0,0.003302132,0.09150498360395432,0.6973026990890503,0.6930692791938782
YIR025W,YGR012W,0,0.003300817,0.09149298816919327,0.6973026990890503,0.6931692957878113
YPR026W,YGL216W,0,0.0033002666,0.09148099273443222,0.6973026990890503,0.6932693123817444
YKL038W,YGL148W,0,0.0032999245,0.09146900475025177,0.6973026990890503,0.6933693289756775
YMR146C,YGL183C,0,0.0032971215,0.09145702421665192,0.6973026990890503,0.6934693455696106
YLR314C,YER052C,0,0.0032965576,0.09144504368305206,0.6973026990890503,0.6935693621635437
YEL022W,YLR164W,0,0.0032947108,0.09143306314945221,0.6973026990890503,0.6936693787574768
YLL019C,YFL033C,0,0.0032932237,0.09142109006643295,0.6973026990890503,0.6937693953514099
YIL143C,YAL029C,0,0.0032931922,0.0914091169834137,0.6973026990890503,0.693869411945343
YLR191W,YCL025C,0,0.0032921124,0.09139714390039444,0.6973026990890503,0.6939693689346313
YKR071C,YOL057W,0,0.0032898868,0.09138517826795578,0.6973026990890503,0.6940693855285645
YGR281W,YNL298W,0,0.0032894146,0.09137322008609772,0.6973026990890503,0.6941694021224976
YPR137W,YGR258C,0,0.0032878548,0.09136125445365906,0.6973026990890503,0.6942694187164307
YHL036W,YPL274W,1,0.0032874204,0.09148017317056656,0.6983016729354858,0.6942694187164307
YKL176C,YMR088C,1,0.0032873063,0.09159905463457108,0.6993007063865662,0.6942694187164307
YNL267W,YGR095C,0,0.003285029,0.09158707410097122,0.6993007063865662,0.6943694353103638
YNL231C,YOR085W,0,0.0032801926,0.09157509356737137,0.6993007063865662,0.6944694519042969
YBR068C,YCR075C,1,0.0032794632,0.09169391542673111,0.7002996802330017,0.6944694519042969
YPL002C,YBR052C,0,0.0032757139,0.09168192744255066,0.7002996802330017,0.69456946849823
YOL141W,YNL050C,0,0.003275541,0.09166993945837021,0.7002996802330017,0.6946694850921631
YDR260C,YGR222W,0,0.003272421,0.09165795147418976,0.7002996802330017,0.6947695016860962
YGR191W,YBR132C,1,0.0032716233,0.09177670627832413,0.701298713684082,0.6947695016860962
YER175C,YOR187W,0,0.0032714803,0.09176470339298248,0.701298713684082,0.6948694586753845
YOR243C,YDL054C,0,0.0032702924,0.09175271540880203,0.701298713684082,0.6949694752693176
YDL084W,YOR194C,0,0.0032669306,0.09174071997404099,0.701298713684082,0.6950694918632507
YEL031W,YER171W,0,0.003266898,0.09172873198986053,0.701298713684082,0.6951695084571838
YBR120C,YPR127W,0,0.003266375,0.09171675145626068,0.701298713684082,0.6952695250511169
YDR518W,YAL017W,0,0.0032632838,0.09170477092266083,0.701298713684082,0.69536954164505
YDR306C,YDR281C,0,0.0032607445,0.09169279038906097,0.701298713684082,0.6954695582389832
YLR353W,YLR380W,0,0.0032591238,0.09168081730604172,0.701298713684082,0.6955695748329163
YMR172W,YJL103C,0,0.0032570022,0.09166884422302246,0.701298713684082,0.6956695914268494
YDR419W,YGR255C,0,0.003253654,0.0916568711400032,0.701298713684082,0.6957695484161377
YGR171C,YOR085W,0,0.0032525703,0.09164490550756454,0.701298713684082,0.6958695650100708
YNL101W,YPL274W,1,0.0032507605,0.09176347404718399,0.7022976875305176,0.6958695650100708
YDR405W,YHR059W,0,0.0032498213,0.09175150096416473,0.7022976875305176,0.6959695816040039
YDR079W,YOR204W,0,0.0032492992,0.09173952788114548,0.7022976875305176,0.696069598197937
YPL240C,YBR128C,0,0.003247814,0.09172755479812622,0.7022976875305176,0.6961696147918701
YCR057C,YPL099C,0,0.0032473386,0.09171558916568756,0.7022976875305176,0.6962696313858032
YNR031C,YJL004C,0,0.0032467337,0.0917036235332489,0.7022976875305176,0.6963696479797363
YML051W,YHR057C,0,0.0032458187,0.09169166535139084,0.7022976875305176,0.6964696645736694
YDR460W,YLR325C,0,0.0032454776,0.09167970716953278,0.7022976875305176,0.6965696811676025
YEL062W,YFL054C,0,0.0032453558,0.09166775643825531,0.7022976875305176,0.6966696381568909
YMR020W,YNL267W,0,0.0032445553,0.09165579825639725,0.7022976875305176,0.696769654750824
YDR046C,YCL038C,1,0.0032441004,0.09177421778440475,0.7032967209815979,0.696769654750824
YDR144C,YOR209C,0,0.0032401711,0.0917622521519661,0.7032967209815979,0.6968696713447571
YLR025W,YIL140W,0,0.003237928,0.09175029397010803,0.7032967209815979,0.6969696879386902
YJL187C,YJR028W,0,0.0032370046,0.09173833578824997,0.7032967209815979,0.6970697045326233
YGR238C,YLR264W,0,0.0032354202,0.0917263850569725,0.7032967209815979,0.6971697211265564
YKL085W,YNL078W,0,0.0032347224,0.09171443432569504,0.7032967209815979,0.6972697377204895
YGR081C,YDL055C,0,0.00323384,0.09170249104499817,0.7032967209815979,0.6973697543144226
YHR179W,YNL052W,0,0.0032319345,0.0916905477643013,0.7032967209815979,0.6974697709083557
YNR044W,YDL148C,0,0.0032299445,0.09167860448360443,0.7032967209815979,0.697569727897644
YNL261W,YIL088C,0,0.0032286781,0.09166666865348816,0.7032967209815979,0.6976697444915771
YNR021W,YNL259C,0,0.0032255354,0.09165473282337189,0.7032967209815979,0.6977697610855103
YBR095C,YER002W,0,0.0032246066,0.09164280444383621,0.7032967209815979,0.6978697776794434
YMR097C,YBR222C,0,0.0032244592,0.09163087606430054,0.7032967209815979,0.6979697942733765
YDR173C,YJL206C,0,0.0032242276,0.09161894768476486,0.7032967209815979,0.6980698108673096
YOR388C,YMR180C,0,0.0032242264,0.09160702675580978,0.7032967209815979,0.6981698274612427
YGL112C,YOR123C,0,0.0032239903,0.0915951058268547,0.7032967209815979,0.6982698440551758
YAL033W,YHR082C,0,0.0032217905,0.09158319234848022,0.7032967209815979,0.6983698606491089
YKL009W,YDR081C,0,0.0032215808,0.09157127887010574,0.7032967209815979,0.6984698176383972
YOL010W,YKL217W,0,0.00322155,0.09155937284231186,0.7032967209815979,0.6985698342323303
YAL017W,YGR089W,0,0.0032205475,0.09154746681451797,0.7032967209815979,0.6986698508262634
YHL012W,YMR250W,0,0.0032153593,0.09153556078672409,0.7032967209815979,0.6987698674201965
YLL055W,YGR055W,1,0.0032139935,0.09165366739034653,0.7042956948280334,0.6987698674201965
YER103W,YOL028C,0,0.0032112584,0.09164175391197205,0.7042956948280334,0.6988698840141296
YBR068C,YGR142W,1,0.0032112098,0.0917598158121109,0.7052947282791138,0.6988698840141296
YIL083C,YLL061W,0,0.0032097525,0.09174788743257523,0.7052947282791138,0.6989699006080627
YKL174C,YCR075C,1,0.003207881,0.0918659046292305,0.7062937021255493,0.6989699006080627
YHL036W,YIL088C,1,0.003206154,0.09198389202356339,0.7072927355766296,0.6989699006080627
YBR059C,YBL079W,0,0.0032060838,0.09197194129228592,0.7072927355766296,0.6990699172019958
YLL029W,YFL001W,0,0.0032035292,0.09195999801158905,0.7072927355766296,0.699169933795929
YDR304C,YOR340C,0,0.003202319,0.09194805473089218,0.7072927355766296,0.6992699503898621
YLR130C,YIL035C,0,0.0032022703,0.09193611145019531,0.7072927355766296,0.6993699073791504
YNL261W,YGR177C,0,0.003200414,0.09192417562007904,0.7072927355766296,0.6994699239730835
YNL262W,YPL011C,0,0.0031942376,0.09191223978996277,0.7072927355766296,0.6995699405670166
YNL268W,YGR055W,1,0.0031941177,0.0920301154255867,0.7082917094230652,0.6995699405670166
YER103W,YGL051W,0,0.0031912816,0.09201817214488983,0.7082917094230652,0.6996699571609497
YGR081C,YMR065W,0,0.0031904047,0.09200622886419296,0.7082917094230652,0.6997699737548828
YBR196C,YIR005W,0,0.0031889675,0.09199429303407669,0.7082917094230652,0.6998699903488159
YPL134C,YDL197C,0,0.0031821842,0.09198235720396042,0.7082917094230652,0.699970006942749
YDL029W,YDR454C,0,0.0031780214,0.09197042137384415,0.7082917094230652,0.7000700235366821
YKL176C,YEL062W,1,0.0031771604,0.09208820015192032,0.7092906832695007,0.7000700235366821
YGL112C,YGR255C,0,0.0031762877,0.09207625687122345,0.7092906832695007,0.7001700401306152
YLR088W,YOR162C,0,0.0031761972,0.09206431359052658,0.7092906832695007,0.7002700567245483
YDR254W,YGR225W,0,0.003176061,0.09205237776041031,0.7092906832695007,0.7003700137138367
YKL074C,YMR295C,0,0.0031753955,0.09204044938087463,0.7092906832695007,0.7004700303077698
YBR145W,YOL054W,0,0.003174612,0.09202851355075836,0.7092906832695007,0.7005700469017029
YGL172W,YPL078C,0,0.0031744551,0.09201659262180328,0.7092906832695007,0.700670063495636
YBL058W,YJR083C,0,0.0031720903,0.09200466424226761,0.7092906832695007,0.7007700800895691
YOR187W,YOR353C,0,0.003167838,0.09199274331331253,0.7092906832695007,0.7008700966835022
YPL122C,YJL171C,0,0.0031674195,0.09198082983493805,0.7092906832695007,0.7009701132774353
YDR351W,YCR011C,0,0.0031667901,0.09196890890598297,0.7092906832695007,0.7010701298713684
YGL050W,YGR171C,0,0.0031662362,0.09195700287818909,0.7092906832695007,0.7011701464653015
YEL052W,YER154W,0,0.0031634986,0.0919450893998146,0.7092906832695007,0.7012701034545898
YPL064C,YLR182W,0,0.0031621396,0.09193318337202072,0.7092906832695007,0.701370120048523
YIL135C,YKL201C,0,0.0031620718,0.09192128479480743,0.7092906832695007,0.701470136642456
YLL061W,YBR069C,1,0.0031610935,0.0920388326048851,0.710289716720581,0.701470136642456
YDR512C,YGL094C,0,0.0031577356,0.09202691912651062,0.710289716720581,0.7015701532363892
YDL074C,YDR138W,0,0.0031571111,0.09201501309871674,0.710289716720581,0.7016701698303223
YPL180W,YMR115W,0,0.0031552508,0.09200310707092285,0.710289716720581,0.7017701864242554
YNL282W,YNL302C,0,0.003155209,0.09199120104312897,0.710289716720581,0.7018702030181885
YDR046C,YCR075C,1,0.0031543272,0.09210866689682007,0.7112886905670166,0.7018702030181885
YJR149W,YJL214W,0,0.0031532897,0.09209675341844559,0.7112886905670166,0.7019702196121216
YDL107W,YKL175W,0,0.0031532748,0.0920848399400711,0.7112886905670166,0.7020702362060547
YGR167W,YPL147W,0,0.003149985,0.09207293391227722,0.7112886905670166,0.702170193195343
YPL119C,YNL006W,0,0.0031497004,0.09206102788448334,0.7112886905670166,0.7022702097892761
YOR291W,YGR288W,0,0.0031492303,0.09204912930727005,0.7112886905670166,0.7023702263832092
YNR021W,YLR026C,0,0.0031487036,0.09203723073005676,0.7112886905670166,0.7024702429771423
YNL163C,YLR350W,0,0.0031478927,0.09202533215284348,0.7112886905670166,0.7025702595710754
YOL054W,YOR098C,0,0.0031473537,0.09201344102621078,0.7112886905670166,0.7026702761650085
YDL059C,YPL167C,0,0.0031473404,0.0920015498995781,0.7112886905670166,0.7027702927589417
YLR157C,YML028W,0,0.0031469094,0.091989666223526,0.7112886905670166,0.7028703093528748
YDR460W,YNL273W,0,0.0031429825,0.09197778254747391,0.7112886905670166,0.7029703259468079
YDR378C,YDR205W,0,0.0031390018,0.09196589887142181,0.7112886905670166,0.7030702829360962
YOL054W,YOR285W,0,0.0031359864,0.09195402264595032,0.7112886905670166,0.7031702995300293
YNL284C,YGL004C,0,0.003135581,0.09194214642047882,0.7112886905670166,0.7032703161239624
YNL208W,YLR316C,0,0.003134864,0.09193027764558792,0.7112886905670166,0.7033703327178955
YGR225W,YLR264W,0,0.0031339629,0.09191840887069702,0.7112886905670166,0.7034703493118286
YOR274W,YLR163C,0,0.003132938,0.09190654754638672,0.7112886905670166,0.7035703659057617
YLR353W,YOR299W,0,0.0031304476,0.09189468622207642,0.7112886905670166,0.7036703824996948
YBR059C,YLR033W,0,0.0031298911,0.09188282489776611,0.7112886905670166,0.7037703990936279
YCL038C,YPR021C,1,0.0031280331,0.09200000017881393,0.7122877240180969,0.7037703990936279
YOR348C,YLL055W,1,0.0031269123,0.09211714565753937,0.7132866978645325,0.7037703990936279
YGR199W,YMR272C,0,0.0031246806,0.09210526198148727,0.7132866978645325,0.703870415687561
YGR285C,YNL122C,0,0.0031241993,0.09209338575601578,0.7132866978645325,0.7039703726768494
YOR304C-A,YLR009W,0,0.0031236114,0.09208150953054428,0.7132866978645325,0.7040703892707825
YOR297C,YLR404W,0,0.0031232878,0.09206963330507278,0.7132866978645325,0.7041704058647156
YLR033W,YKL165C,0,0.0031227593,0.09205776453018188,0.7132866978645325,0.7042704224586487
YDR453C,YJL004C,0,0.0031226643,0.09204589575529099,0.7132866978645325,0.7043704390525818
YIL134W,YBR282W,0,0.0031219549,0.09203402698040009,0.7132866978645325,0.7044704556465149
YPL064C,YHR074W,0,0.0031188445,0.09202216565608978,0.7132866978645325,0.704570472240448
YOL070C,YJL172W,0,0.0031164302,0.09201031178236008,0.7132866978645325,0.7046704888343811
YKR036C,YMR077C,0,0.0031150575,0.09199845045804977,0.7132866978645325,0.7047705054283142
YJR127C,YOL038W,0,0.003113167,0.09198660403490067,0.7132866978645325,0.7048704624176025
YDR405W,YNL138W,0,0.0031116104,0.09197475016117096,0.7132866978645325,0.7049704790115356
YNL110C,YCR052W,0,0.003104978,0.09196290373802185,0.7132866978645325,0.7050704956054688
YKL210W,YJL192C,0,0.003104392,0.09195106476545334,0.7132866978645325,0.7051705121994019
YPR167C,YOR226C,0,0.0031036367,0.09193922579288483,0.7132866978645325,0.705270528793335
YHR012W,YBR150C,0,0.003103324,0.09192738682031631,0.7132866978645325,0.7053705453872681
YJR005W,YJL103C,0,0.0031021645,0.0919155478477478,0.7132866978645325,0.7054705619812012
YJL200C,YKL038W,0,0.0031017133,0.09190371632575989,0.7132866978645325,0.7055705785751343
YJR031C,YJL149W,0,0.0031012811,0.09189189225435257,0.7132866978645325,0.7056705951690674
YMR097C,YKL001C,0,0.0031004234,0.09188006818294525,0.7132866978645325,0.7057705521583557
YLR386W,YLR153C,0,0.0030999975,0.09186824411153793,0.7132866978645325,0.7058705687522888
YJR005W,YMR114C,0,0.0030987982,0.09185642749071121,0.7132866978645325,0.7059705853462219
YAL040C,YBR173C,0,0.003098153,0.09184461086988449,0.7132866978645325,0.706070601940155
YCR027C,YIL088C,1,0.0030953856,0.09196141362190247,0.7142857313156128,0.706070601940155
YLR386W,YCL057W,0,0.0030951533,0.09194958955049515,0.7142857313156128,0.7061706185340881
YLR107W,YOR324C,0,0.0030947472,0.09193776547908783,0.7142857313156128,0.7062706351280212
YNL153C,YDR518W,0,0.0030941335,0.09192594140768051,0.7142857313156128,0.7063706517219543
YDR451C,YOL040C,0,0.0030930394,0.09191412478685379,0.7142857313156128,0.7064706683158875
YJL103C,YFR052W,0,0.0030922971,0.09190231561660767,0.7142857313156128,0.7065706849098206
YOL020W,YCL025C,1,0.0030883513,0.09201902151107788,0.7152847051620483,0.7065706849098206
YDL170W,YLR301W,0,0.0030878845,0.09200719743967056,0.7152847051620483,0.7066706418991089
YMR061W,YDL045C,0,0.0030838212,0.09199537336826324,0.7152847051620483,0.706770658493042
YER098W,YGR229C,0,0.0030820565,0.09198355674743652,0.7152847051620483,0.7068706750869751
YEL052W,YPL050C,0,0.0030819864,0.0919717401266098,0.7152847051620483,0.7069706916809082
YAL054C,YPL110C,0,0.0030809052,0.09195993095636368,0.7152847051620483,0.7070707082748413
YEL036C,YER052C,0,0.0030795143,0.09194812178611755,0.7152847051620483,0.7071707248687744
YPR171W,YOR194C,0,0.0030787252,0.09193631261587143,0.7152847051620483,0.7072707414627075
YGR145W,YMR099C,0,0.0030774947,0.0919245108962059,0.7152847051620483,0.7073707580566406
YGL019W,YDR173C,0,0.003076184,0.09191270917654037,0.7152847051620483,0.7074707746505737
YPL213W,YDL107W,0,0.003075301,0.09190091490745544,0.7152847051620483,0.7075707316398621
YGR095C,YAL031C,0,0.0030749647,0.09188912063837051,0.7152847051620483,0.7076707482337952
YOR126C,YOR261C,0,0.0030733573,0.09187732636928558,0.7152847051620483,0.7077707648277283
YNR028W,YOL151W,0,0.00307309,0.09186553955078125,0.7152847051620483,0.7078707814216614
YKL165C,YBR074W,0,0.0030709798,0.09185375273227692,0.7152847051620483,0.7079707980155945
YDR144C,YGL060W,0,0.003070323,0.09184197336435318,0.7152847051620483,0.7080708146095276
YDR473C,YDR164C,0,0.003067035,0.09183019399642944,0.7152847051620483,0.7081708312034607
YDR411C,YKL205W,0,0.0030637067,0.0918184146285057,0.7152847051620483,0.7082708477973938
YKR056W,YFR036W,0,0.0030631854,0.09180664271116257,0.7152847051620483,0.7083708643913269
YJL030W,YKR002W,0,0.003062712,0.09179487079381943,0.7152847051620483,0.7084708213806152
YMR238W,YOL111C,0,0.0030615125,0.09178310632705688,0.7152847051620483,0.7085708379745483
YNL065W,YMR088C,1,0.0030614182,0.09189951419830322,0.7162837386131287,0.7085708379745483
YPR026W,YNL095C,0,0.0030596736,0.09188773483037949,0.7162837386131287,0.7086708545684814
YPR111W,YDL035C,0,0.0030590466,0.09187596291303635,0.7162837386131287,0.7087708711624146
YDR167W,YHR051W,0,0.0030588345,0.0918641909956932,0.7162837386131287,0.7088708877563477
YOR243C,YMR186W,0,0.003053964,0.09185241907835007,0.7162837386131287,0.7089709043502808
YGR020C,YGL256W,0,0.003053456,0.09184065461158752,0.7162837386131287,0.7090709209442139
YDR144C,YPL099C,0,0.003053285,0.09182889014482498,0.7162837386131287,0.709170937538147
YNL147W,YFL045C,0,0.0030520076,0.09181713312864304,0.7162837386131287,0.7092709541320801
YPL163C,YAR031W,0,0.0030518875,0.09180537611246109,0.7162837386131287,0.7093709111213684
YBR238C,YMR193W,0,0.0030509634,0.09179362654685974,0.7162837386131287,0.7094709277153015
YMR005W,YMR097C,0,0.0030497236,0.09178187698125839,0.7162837386131287,0.7095709443092346
YGR105W,YER115C,0,0.0030464039,0.09177012741565704,0.7162837386131287,0.7096709609031677
YOR020C,YBR061C,0,0.0030445321,0.09175838530063629,0.7162837386131287,0.7097709774971008
YMR049C,YNR044W,0,0.0030437922,0.09174664318561554,0.7162837386131287,0.7098709940910339
YJL141C,YER052C,0,0.003043331,0.09173490107059479,0.7162837386131287,0.709971010684967
YKL210W,YER046W,0,0.0030429605,0.09172316640615463,0.7162837386131287,0.7100710272789001
YDL107W,YJL103C,0,0.003039453,0.09171143174171448,0.7162837386131287,0.7101710438728333
YNR067C,YMR090W,0,0.003038605,0.09169970452785492,0.7162837386131287,0.7102710008621216
YDL059C,YGL030W,0,0.0030373747,0.09168797731399536,0.7162837386131287,0.7103710174560547
YDR285W,YDL077C,0,0.003037002,0.0916762575507164,0.7162837386131287,0.7104710340499878
YLR206W,YOR222W,0,0.0030365605,0.09166453778743744,0.7162837386131287,0.7105710506439209
YMR284W,YLR024C,0,0.0030361852,0.09165281802415848,0.7162837386131287,0.710671067237854
YMR241W,YIL047C,0,0.0030352701,0.09164110571146011,0.7162837386131287,0.7107710838317871
YIL020C,YDR337W,0,0.0030346927,0.09162939339876175,0.7162837386131287,0.7108711004257202
YLR380W,YJR103W,0,0.0030346555,0.09161768108606339,0.7162837386131287,0.7109711170196533
YPL127C,YHR058C,0,0.0030344247,0.09160597622394562,0.7162837386131287,0.7110711336135864
YAR031W,YNL239W,0,0.0030343917,0.09159427881240845,0.7162837386131287,0.7111710906028748
YNL202W,YLR285W,0,0.0030309875,0.09158257395029068,0.7162837386131287,0.7112711071968079
YDR046C,YJR001W,1,0.0030308994,0.09169859439134598,0.7172827124595642,0.7112711071968079
YGR271W,YJL128C,0,0.0030304487,0.09168688207864761,0.7172827124595642,0.711371123790741
YDR518W,YNL079C,0,0.0030301071,0.09167517721652985,0.7172827124595642,0.7114711403846741
YCL014W,YNR013C,0,0.0030270678,0.09166347235441208,0.7172827124595642,0.7115711569786072
YDR405W,YNL084C,0,0.0030254868,0.09165177494287491,0.7172827124595642,0.7116711735725403
YLR113W,YPL099C,0,0.0030225252,0.09164007753133774,0.7172827124595642,0.7117711901664734
YMR039C,YDL024C,0,0.003020184,0.09162838011980057,0.7172827124595642,0.7118712067604065
YAL038W,YER090W,0,0.0030189625,0.091616690158844,0.7172827124595642,0.7119712233543396
YAL060W,YIL046W,0,0.00301805,0.09160500019788742,0.7172827124595642,0.7120711803436279
YHR030C,YCL025C,0,0.0030176912,0.09159331768751144,0.7172827124595642,0.712171196937561
YBR059C,YOL107W,0,0.0030161736,0.09158163517713547,0.7172827124595642,0.7122712135314941
YLR380W,YLR224W,0,0.0030161364,0.09156995266675949,0.7172827124595642,0.7123712301254272
YOR147W,YPL042C,0,0.0030156989,0.09155827760696411,0.7172827124595642,0.7124712467193604
YDR137W,YJR036C,0,0.0030154053,0.09154660254716873,0.7172827124595642,0.7125712633132935
YGL062W,YGL233W,0,0.003015266,0.09153492748737335,0.7172827124595642,0.7126712799072266
YMR176W,YGL163C,0,0.00301423,0.09152325987815857,0.7172827124595642,0.7127712965011597
YBR260C,YPL094C,0,0.0030138632,0.09151159971952438,0.7172827124595642,0.7128713130950928
YDR508C,YIL088C,1,0.003013571,0.09162737429141998,0.7182817459106445,0.7128713130950928
YEL053C,YAR027W,0,0.0030126912,0.0916156992316246,0.7182817459106445,0.7129712700843811
YBL089W,YCL038C,1,0.0030117547,0.09173142910003662,0.7192807197570801,0.7129712700843811
YOR074C,YJL128C,0,0.0030097854,0.09171974658966064,0.7192807197570801,0.7130712866783142
YBR195C,YMR005W,0,0.0030095705,0.09170806407928467,0.7192807197570801,0.7131713032722473
YBR128C,YGR229C,0,0.003009362,0.09169638156890869,0.7192807197570801,0.7132713198661804
YJL155C,YER168C,0,0.0030087838,0.09168470650911331,0.7192807197570801,0.7133713364601135
YDL215C,YPL259C,0,0.0030040173,0.09167303144931793,0.7192807197570801,0.7134713530540466
YJR057W,YNL122C,0,0.0030029535,0.09166136384010315,0.7192807197570801,0.7135713696479797
YGR032W,YOR204W,0,0.0030026194,0.09164969623088837,0.7192807197570801,0.7136713862419128
YOR098C,YCL034W,0,0.00300067,0.09163802862167358,0.7192807197570801,0.713771402835846
YLR386W,YNL298W,0,0.0029998145,0.0916263684630394,0.7192807197570801,0.7138713598251343
YDR131C,YIR005W,0,0.0029991444,0.09161470830440521,0.7192807197570801,0.7139713764190674
YIL159W,YBL052C,0,0.002998152,0.09160305559635162,0.7192807197570801,0.7140713930130005
YOR393W,YNL092W,0,0.0029966573,0.09159140288829803,0.7192807197570801,0.7141714096069336
YGR167W,YBR274W,0,0.0029925855,0.09157975018024445,0.7192807197570801,0.7142714262008667
YJL004C,YMR273C,0,0.0029925287,0.09156810492277145,0.7192807197570801,0.7143714427947998
YOL066C,YLL033W,0,0.0029917562,0.09155645966529846,0.7192807197570801,0.7144714593887329
YNL008C,YJR082C,0,0.002991304,0.09154482185840607,0.7192807197570801,0.714571475982666
YFL048C,YKL001C,0,0.0029874952,0.09153318405151367,0.7192807197570801,0.7146714925765991
YNL160W,YCR087C-A,0,0.002983948,0.09152154624462128,0.7192807197570801,0.7147714495658875
YJL053W,YER104W,0,0.0029836087,0.09150991588830948,0.7192807197570801,0.7148714661598206
YJR151C,YNL178W,0,0.0029819838,0.09149828553199768,0.7192807197570801,0.7149714827537537
YLR165C,YDR260C,0,0.0029766667,0.09148665517568588,0.7192807197570801,0.7150714993476868
YDR144C,YJR055W,0,0.0029756166,0.09147503226995468,0.7192807197570801,0.7151715159416199
YPL112C,YDR416W,0,0.0029739733,0.09146341681480408,0.7192807197570801,0.715271532535553
YFR031C,YNL236W,0,0.002973015,0.09145179390907288,0.7192807197570801,0.7153715491294861
YDR296W,YLR440C,0,0.002972923,0.09144018590450287,0.7192807197570801,0.7154715657234192
YJR149W,YFR033C,0,0.0029714592,0.09142857044935226,0.7192807197570801,0.7155715823173523
YLL055W,YBR132C,1,0.0029688142,0.09154392778873444,0.7202796936035156,0.7155715823173523
YDR030C,YNL092W,0,0.002966314,0.09153231233358383,0.7202796936035156,0.7156715393066406
YDR170C,YLR153C,0,0.0029646365,0.09152068942785263,0.7202796936035156,0.7157715559005737
YDL215C,YOL107W,0,0.0029645942,0.09150907397270203,0.7202796936035156,0.7158715724945068
YCR027C,YLL055W,1,0.0029630978,0.09162436425685883,0.721278727054596,0.7158715724945068
YIL094C,YKL189W,0,0.0029581306,0.09161274135112762,0.721278727054596,0.7159715890884399
YDR263C,YHR119W,0,0.0029579941,0.09160111844539642,0.721278727054596,0.716071605682373
YDR151C,YNL259C,0,0.002957322,0.09158949553966522,0.721278727054596,0.7161716222763062
YER008C,YOR230W,0,0.0029571503,0.09157788008451462,0.721278727054596,0.7162716388702393
YPL042C,YKL130C,0,0.0029566737,0.09156626462936401,0.721278727054596,0.7163716554641724
YBR293W,YNL065W,1,0.0029552209,0.09168145805597305,0.7222777009010315,0.7163716554641724
YJL194W,YJR034W,0,0.0029520234,0.09166983515024185,0.7222777009010315,0.7164716720581055
YLR309C,YER115C,0,0.0029504658,0.09165821224451065,0.7222777009010315,0.7165716290473938
YLR425W,YDR423C,0,0.0029497924,0.09164659678936005,0.7222777009010315,0.7166716456413269
YIL108W,YLR291C,0,0.0029480318,0.09163498133420944,0.7222777009010315,0.71677166223526
YPL134C,YLR103C,0,0.002947953,0.09162336587905884,0.7222777009010315,0.7168716788291931
YKR066C,YBL052C,0,0.0029467146,0.09161175787448883,0.7222777009010315,0.7169716954231262
YMR090W,YHR119W,0,0.002946611,0.09160014986991882,0.7222777009010315,0.7170717120170593
YMR097C,YBR093C,0,0.0029464513,0.09158854931592941,0.7222777009010315,0.7171717286109924
YMR038C,YDR404C,0,0.00294629,0.09157694876194,0.7222777009010315,0.7172717452049255
YML051W,YJR103W,0,0.0029457074,0.09156534820795059,0.7222777009010315,0.7173717617988586
YMR146C,YDL225W,0,0.0029455577,0.09155375510454178,0.7222777009010315,0.717471718788147
YNL236W,YDR131C,0,0.0029453477,0.09154216200113297,0.7222777009010315,0.7175717353820801
YCL038C,YJL059W,1,0.0029426168,0.09165716916322708,0.7232767343521118,0.7175717353820801
YDL142C,YJR031C,0,0.002942432,0.09164556860923767,0.7232767343521118,0.7176717519760132
YIL108W,YLR394W,0,0.0029418669,0.09163396805524826,0.7232767343521118,0.7177717685699463
YNR003C,YJR140C,0,0.0029406548,0.09162237495183945,0.7232767343521118,0.7178717851638794
YGR010W,YPL094C,0,0.0029397025,0.09161078184843063,0.7232767343521118,0.7179718017578125
YDL210W,YCR075C,1,0.002937762,0.09172570705413818,0.7242757081985474,0.7179718017578125
YPR144C,YDL045C,0,0.002937336,0.09171410650014877,0.7242757081985474,0.7180718183517456
YDR451C,YGR276C,0,0.0029367788,0.09170250594615936,0.7242757081985474,0.7181718349456787
YBR183W,YPL129W,0,0.0029363434,0.09169090539216995,0.7242757081985474,0.7182718515396118
YOR283W,YJL029C,0,0.002935708,0.09167931228876114,0.7242757081985474,0.7183718085289001
YJR034W,YMR143W,0,0.0029357055,0.09166771918535233,0.7242757081985474,0.7184718251228333
YEL063C,YCL038C,1,0.002935584,0.09178255498409271,0.7252747416496277,0.7184718251228333
YJR036C,YNL107W,0,0.00293545,0.0917709544301033,0.7252747416496277,0.7185718417167664
YOR074C,YJL178C,0,0.0029348792,0.09175935387611389,0.7252747416496277,0.7186718583106995
YPL050C,YFL021W,0,0.0029340643,0.09174775332212448,0.7252747416496277,0.7187718749046326
YGR177C,YJL124C,0,0.0029339793,0.09173616021871567,0.7252747416496277,0.7188718914985657
YNR067C,YJR101W,0,0.0029282726,0.09172457456588745,0.7252747416496277,0.7189719080924988
YDR353W,YDR508C,0,0.0029279704,0.09171298891305923,0.7252747416496277,0.7190719246864319
YJR001W,YCL025C,1,0.0029274109,0.09182771295309067,0.7262737154960632,0.7190719246864319
YDR473C,YLL004W,0,0.0029255492,0.09181611239910126,0.7262737154960632,0.719171941280365
YBR223C,YDR059C,0,0.0029233107,0.09180451929569244,0.7262737154960632,0.7192718982696533
YIL108W,YNL107W,0,0.0029194064,0.09179292619228363,0.7262737154960632,0.7193719148635864
YMR013C,YOL111C,0,0.0029182949,0.09178134053945541,0.7262737154960632,0.7194719314575195
YKL126W,YJR092W,0,0.0029173489,0.0917697548866272,0.7262737154960632,0.7195719480514526
YER151C,YIL095W,0,0.0029171794,0.09175816923379898,0.7262737154960632,0.7196719646453857
YEL063C,YKL146W,1,0.0029155903,0.09187278896570206,0.7272727489471436,0.7196719646453857
YDR160W,YEL062W,1,0.0029150748,0.09198737889528275,0.7282717227935791,0.7196719646453857
YBR125C,YML032C,0,0.002912102,0.09197577834129333,0.7282717227935791,0.7197719812393188
YGL077C,YPL274W,1,0.0029110142,0.09209032356739044,0.7292707562446594,0.7197719812393188
YPR137W,YBR192W,0,0.002910116,0.09207870811223984,0.7292707562446594,0.719871997833252
YDL024C,YLR151C,0,0.0029101006,0.09206709265708923,0.7292707562446594,0.7199720144271851
YPL122C,YHR079C,0,0.0029088971,0.09205548465251923,0.7292707562446594,0.7200720310211182
YDR530C,YMR267W,0,0.00290782,0.09204387664794922,0.7292707562446594,0.7201719880104065
YER117W,YGL019W,0,0.002906442,0.09203227609395981,0.7292707562446594,0.7202720046043396
YJL166W,YER002W,0,0.0029035883,0.0920206755399704,0.7292707562446594,0.7203720211982727
YKL176C,YGL077C,1,0.0029010866,0.09213511645793915,0.730269730091095,0.7203720211982727
YDL021W,YMR270C,0,0.002899804,0.09212350100278854,0.730269730091095,0.7204720377922058
YPL082C,YIR039C,0,0.0028994414,0.09211189299821854,0.730269730091095,0.7205720543861389
YDL121C,YDR059C,0,0.0028991466,0.09210029244422913,0.730269730091095,0.720672070980072
YDR144C,YMR087W,0,0.002898499,0.09208868443965912,0.730269730091095,0.7207720875740051
YPL078C,YBR129C,0,0.0028964572,0.0920770913362503,0.730269730091095,0.7208721041679382
YLL017W,YOR162C,0,0.0028963594,0.0920654907822609,0.730269730091095,0.7209721207618713
YDR512C,YGL071W,0,0.0028856695,0.09205389767885208,0.730269730091095,0.7210720777511597
YPL099C,YLR209C,0,0.002883833,0.09204230457544327,0.730269730091095,0.7211720943450928
YOR317W,YLL055W,0,0.0028832473,0.09203071892261505,0.730269730091095,0.7212721109390259
YGL083W,YLR251W,0,0.002883242,0.09201913326978683,0.730269730091095,0.721372127532959
YGR052W,YJL024C,0,0.0028806275,0.09200755506753922,0.730269730091095,0.7214721441268921
YNL270C,YGR142W,1,0.0028796853,0.09212182462215424,0.7312687039375305,0.7214721441268921
YNL238W,YJL128C,0,0.0028780235,0.09211023151874542,0.7312687039375305,0.7215721607208252
YGR052W,YMR032W,0,0.0028774708,0.09209863841533661,0.7312687039375305,0.7216721773147583
YKL168C,YLR278C,0,0.0028761907,0.09208705276250839,0.7312687039375305,0.7217721939086914
YEL037C,YDL128W,0,0.0028750955,0.09207547456026077,0.7312687039375305,0.7218722105026245
YOR147W,YJL112W,0,0.00287146,0.09206388890743256,0.7312687039375305,0.7219721674919128
YGL083W,YBR183W,0,0.0028712198,0.09205231070518494,0.7312687039375305,0.722072184085846
YEL036C,YOL111C,0,0.0028702302,0.09204073995351791,0.7312687039375305,0.722172200679779
YCR075C,YEL062W,1,0.0028702111,0.09215489029884338,0.7322677373886108,0.722172200679779
YDR476C,YCR012W,0,0.00286881,0.09214330464601517,0.7322677373886108,0.7222722172737122
YML030W,YOR353C,0,0.0028650041,0.09213172644376755,0.7322677373886108,0.7223722338676453
YPL265W,YJR001W,1,0.00286224,0.09224582463502884,0.7332667112350464,0.7223722338676453
YOL102C,YGL163C,0,0.0028606728,0.09223423153162003,0.7332667112350464,0.7224722504615784
YEL043W,YJL214W,0,0.0028596541,0.09222263842821121,0.7332667112350464,0.7225722670555115
YNL307C,YGL241W,0,0.0028586618,0.092211052775383,0.7332667112350464,0.7226722836494446
YHR002W,YLR404W,0,0.002857212,0.09219947457313538,0.7332667112350464,0.7227723002433777
YEL030W,YLR386W,0,0.0028567105,0.09218788892030716,0.7332667112350464,0.7228723168373108
YBR196C,YMR033W,0,0.0028545843,0.09217631816864014,0.7332667112350464,0.7229722738265991
YOR168W,YOR338W,0,0.002848005,0.09216473996639252,0.7332667112350464,0.7230722904205322
YPL273W,YBR141C,0,0.0028473644,0.0921531692147255,0.7332667112350464,0.7231723070144653
YMR038C,YDR211W,0,0.0028471302,0.09214159846305847,0.7332667112350464,0.7232723236083984
YBR275C,YFL013C,0,0.0028469625,0.09213003516197205,0.7332667112350464,0.7233723402023315
YGR229C,YMR210W,0,0.0028411988,0.09211847186088562,0.7332667112350464,0.7234723567962646
YBR293W,YKL146W,1,0.0028393932,0.09223239868879318,0.7342657446861267,0.7234723567962646
YBR183W,YJR107W,0,0.002838505,0.09222082793712616,0.7342657446861267,0.7235723733901978
YMR054W,YJL071W,0,0.0028382877,0.09220925718545914,0.7342657446861267,0.7236723899841309
YLR043C,YNL026W,0,0.002838096,0.09219769388437271,0.7342657446861267,0.723772406578064
YKL067W,YMR270C,0,0.002835927,0.09218613058328629,0.7342657446861267,0.7238723635673523
YDL217C,YML036W,0,0.0028356195,0.09217456728219986,0.7342657446861267,0.7239723801612854
YGR180C,YKL161C,0,0.002834107,0.09216301143169403,0.7342657446861267,0.7240723967552185
YBR271W,YMR143W,0,0.0028319412,0.0921514555811882,0.7342657446861267,0.7241724133491516
YDL021W,YKL061W,0,0.0028293906,0.09213989973068237,0.7342657446861267,0.7242724299430847
YJR036C,YOR008C,0,0.002829178,0.09212835133075714,0.7342657446861267,0.7243724465370178
YGR281W,YLR187W,0,0.0028267484,0.09211680293083191,0.7342657446861267,0.7244724631309509
YKL174C,YGL077C,1,0.0028263584,0.09223057329654694,0.7352647185325623,0.7244724631309509
YNL274C,YNR028W,0,0.0028233174,0.09221901744604111,0.7352647185325623,0.724572479724884
YIL088C,YAR031W,0,0.0028231698,0.09220746904611588,0.7352647185325623,0.7246724963188171
YPL082C,YGR070W,0,0.0028219272,0.09219591319561005,0.7352647185325623,0.7247724533081055
YOR148C,YIL047C,0,0.0028213286,0.09218437224626541,0.7352647185325623,0.7248724699020386
YOL020W,YNL065W,1,0.0028213072,0.09229806065559387,0.7362637519836426,0.7248724699020386
YPL083C,YPL273W,0,0.0028195102,0.09228650480508804,0.7362637519836426,0.7249724864959717
YNL268W,YCL025C,1,0.002819395,0.09240014851093292,0.7372627258300781,0.7249724864959717
YHL036W,YCL038C,1,0.0028186333,0.09251376986503601,0.7382617592811584,0.7249724864959717
YJL006C,YGR276C,0,0.0028171004,0.09250219166278839,0.7382617592811584,0.7250725030899048
YDR378C,YCL025C,0,0.0028169614,0.09249061346054077,0.7382617592811584,0.7251725196838379
YNL232W,YGL010W,0,0.0028132724,0.09247903525829315,0.7382617592811584,0.725272536277771
YNL236W,YKL064W,0,0.002811991,0.09246746450662613,0.7382617592811584,0.7253725528717041
YJR138W,YHR008C,0,0.0028110044,0.0924559012055397,0.7382617592811584,0.7254725694656372
YDR405W,YFL014W,0,0.0028105048,0.09244433045387268,0.7382617592811584,0.7255725860595703
YOR216C,YGL233W,0,0.0028090724,0.09243276715278625,0.7382617592811584,0.7256725430488586
YJR055W,YJR092W,0,0.0028089627,0.09242121130228043,0.7382617592811584,0.7257725596427917
YHR012W,YJL166W,0,0.002807972,0.0924096554517746,0.7382617592811584,0.7258725762367249
YCR093W,YLR389C,0,0.0028066637,0.09239809960126877,0.7382617592811584,0.725972592830658
YPL065W,YMR304W,0,0.0027958557,0.09238655120134354,0.7382617592811584,0.7260726094245911
YPL110C,YKL180W,0,0.0027945454,0.0923750028014183,0.7382617592811584,0.7261726260185242
YDR263C,YPL129W,0,0.00279236,0.09236345440149307,0.7382617592811584,0.7262726426124573
YBR132C,YEL064C,1,0.0027909917,0.09247688204050064,0.739260733127594,0.7262726426124573
YBR068C,YEL062W,1,0.0027907873,0.09259027987718582,0.7402597665786743,0.7262726426124573
YMR099C,YPR159W,0,0.0027901053,0.0925787091255188,0.7402597665786743,0.7263726592063904
YPR001W,YDR353W,0,0.0027876757,0.09256714582443237,0.7402597665786743,0.7264726758003235
YOR168W,YGL244W,0,0.0027831963,0.09255558252334595,0.7402597665786743,0.7265726327896118
YOR204W,YDR281C,0,0.0027796188,0.09254402667284012,0.7402597665786743,0.7266726493835449
YCL057W,YLR153C,0,0.002778872,0.09253247082233429,0.7402597665786743,0.726772665977478
YDR371W,YIL143C,0,0.0027782326,0.09252091497182846,0.7402597665786743,0.7268726825714111
YOL155C,YKL096W-A,0,0.0027777755,0.09250936657190323,0.7402597665786743,0.7269726991653442
YJL134W,YGR084C,0,0.002775127,0.092497818171978,0.7402597665786743,0.7270727157592773
YLR153C,YHR051W,0,0.0027740241,0.09248626977205276,0.7402597665786743,0.7271727323532104
YOL086C,YBR257W,0,0.002773887,0.09247472882270813,0.7402597665786743,0.7272727489471436
YOL086C,YKL003C,0,0.0027737536,0.0924631878733635,0.7402597665786743,0.7273727655410767
YOR212W,YHR005C-A,0,0.0027712514,0.09245165437459946,0.7402597665786743,0.727472722530365
YPL188W,YLL043W,0,0.002766897,0.09244012087583542,0.7402597665786743,0.7275727391242981
YMR038C,YJL206C,0,0.0027648427,0.09242858737707138,0.7402597665786743,0.7276727557182312
YKL096W-A,YFL054C,0,0.0027643903,0.09241706132888794,0.7402597665786743,0.7277727723121643
YHR061C,YNL208W,0,0.002764109,0.0924055352807045,0.7402597665786743,0.7278727889060974
YMR032W,YGL190C,0,0.0027632602,0.09239401668310165,0.7402597665786743,0.7279728055000305
YNL107W,YAL016W,0,0.0027615998,0.09238249808549881,0.7402597665786743,0.7280728220939636
YLR187W,YPR006C,0,0.0027606925,0.09237097948789597,0.7402597665786743,0.7281728386878967
YBR243C,YMR099C,0,0.0027571907,0.09235946834087372,0.7402597665786743,0.7282728552818298
YKL174C,YPR021C,1,0.0027553402,0.09247258305549622,0.7412587404251099,0.7282728552818298
YJR149W,YER145C,0,0.002748474,0.09246105700731277,0.7412587404251099,0.7283728122711182
YGL083W,YDL028C,0,0.002747315,0.09244953840970993,0.7412587404251099,0.7284728288650513
YNL122C,YNL092W,0,0.0027445506,0.09243801981210709,0.7412587404251099,0.7285728454589844
YMR269W,YOL102C,0,0.002743302,0.09242650866508484,0.7412587404251099,0.7286728620529175
YDR082W,YNL258C,0,0.0027418167,0.09241499751806259,0.7412587404251099,0.7287728786468506
YGR255C,YPL050C,0,0.002741071,0.09240348637104034,0.7412587404251099,0.7288728952407837
YJL112W,YLR353W,0,0.0027407801,0.0923919826745987,0.7412587404251099,0.7289729118347168
YPR113W,YNL163C,0,0.002740319,0.09238047897815704,0.7412587404251099,0.7290729284286499
YJL194W,YMR301C,0,0.0027389876,0.0923689752817154,0.7412587404251099,0.729172945022583
YOR106W,YPL094C,0,0.0027380188,0.09235747903585434,0.7412587404251099,0.7292729020118713
YNL073W,YBR238C,0,0.0027372064,0.09234598278999329,0.7412587404251099,0.7293729186058044
YNL010W,YNL335W,0,0.002734266,0.09233449399471283,0.7412587404251099,0.7294729351997375
YOR159C,YNL261W,0,0.0027309188,0.09232300519943237,0.7412587404251099,0.7295729517936707
YDR144C,YOL102C,0,0.0027281852,0.09231152385473251,0.7412587404251099,0.7296729683876038
YKL093W,YKR069W,0,0.0027258017,0.09230003505945206,0.7412587404251099,0.7297729849815369
YMR061W,YBL079W,0,0.00272527,0.0922885537147522,0.7412587404251099,0.72987300157547
YBR183W,YOR261C,0,0.002722391,0.09227707982063293,0.7412587404251099,0.7299730181694031
YDL217C,YOR123C,0,0.002721089,0.09226560592651367,0.7412587404251099,0.7300730347633362
YOR209C,YHR008C,0,0.0027210824,0.09225413203239441,0.7412587404251099,0.7301729917526245
YJL112W,YLR383W,0,0.0027199103,0.09224266558885574,0.7412587404251099,0.7302730083465576
YGL094C,YGR085C,0,0.0027162186,0.09223119914531708,0.7412587404251099,0.7303730249404907
YKL117W,YPR163C,0,0.002715604,0.09221974015235901,0.7412587404251099,0.7304730415344238
YOR301W,YNL026W,0,0.002715089,0.09220827370882034,0.7412587404251099,0.7305730581283569
YLL019C,YAL038W,0,0.002714039,0.09219682216644287,0.7412587404251099,0.73067307472229
YBR278W,YGR105W,0,0.0027126842,0.0921853631734848,0.7412587404251099,0.7307730913162231
YLR105C,YJL187C,0,0.0027107112,0.09217391163110733,0.7412587404251099,0.7308731079101562
YLR113W,YOL151W,0,0.0027093969,0.09216246753931046,0.7412587404251099,0.7309731245040894
YJL187C,YGL259W,0,0.002708159,0.09215101599693298,0.7412587404251099,0.7310730814933777
YOR138C,YOR338W,0,0.002705529,0.09213957190513611,0.7412587404251099,0.7311730980873108
YJL066C,YDR090C,0,0.0027055047,0.09212813526391983,0.7412587404251099,0.7312731146812439
YBR223C,YOR287C,0,0.0027053463,0.09211669862270355,0.7412587404251099,0.731373131275177
YDL210W,YEL064C,1,0.002703852,0.09222939610481262,0.7422577142715454,0.731373131275177
YLR107W,YLR113W,0,0.002703294,0.09221794456243515,0.7422577142715454,0.7314731478691101
YJR082C,YKL189W,0,0.0027030471,0.09220650047063828,0.7422577142715454,0.7315731644630432
YNR004W,YLR389C,0,0.002702916,0.092195063829422,0.7422577142715454,0.7316731810569763
YPR144C,YMR087W,0,0.0027021475,0.09218361973762512,0.7422577142715454,0.7317731976509094
YDR285W,YLR219W,0,0.0027007842,0.09217219054698944,0.7422577142715454,0.7318732142448425
YJL172W,YML071C,0,0.0027006548,0.09216075390577316,0.7422577142715454,0.7319731712341309
YDR254W,YJL200C,0,0.002696979,0.09214932471513748,0.7422577142715454,0.732073187828064
YLR043C,YNR006W,0,0.002694929,0.0921378955245018,0.7422577142715454,0.7321732044219971
YMR182C,YOR232W,0,0.0026946135,0.09212647378444672,0.7422577142715454,0.7322732210159302
YBR177C,YPL050C,0,0.002691339,0.09211505204439163,0.7422577142715454,0.7323732376098633
YBR115C,YMR296C,0,0.0026890836,0.09210363030433655,0.7422577142715454,0.7324732542037964
YDR460W,YDR369C,0,0.0026887779,0.09209221601486206,0.7422577142715454,0.7325732707977295
YDR160W,YPR021C,1,0.002687699,0.0922047346830368,0.7432567477226257,0.7325732707977295
YGR282C,YIL140W,0,0.0026876698,0.09219330549240112,0.7432567477226257,0.7326732873916626
YLR404W,YIL021W,0,0.0026867138,0.09218188375234604,0.7432567477226257,0.7327733039855957
YEL052W,YJR032W,0,0.002685236,0.09217046946287155,0.7432567477226257,0.732873260974884
YKL130C,YBR145W,0,0.0026849755,0.09215904772281647,0.7432567477226257,0.7329732775688171
YKL126W,YDR062W,0,0.0026841073,0.09214763343334198,0.7432567477226257,0.7330732941627502
YFR001W,YDL047W,0,0.0026836274,0.09213622659444809,0.7432567477226257,0.7331733107566833
YDL022W,YJR140C,0,0.0026823233,0.0921248123049736,0.7432567477226257,0.7332733273506165
YDR233C,YGR216C,0,0.0026814742,0.09211340546607971,0.7432567477226257,0.7333733439445496
YBR177C,YBR120C,0,0.0026810507,0.09210200607776642,0.7432567477226257,0.7334733605384827
YLR228C,YPR091C,0,0.002680431,0.09209060668945312,0.7432567477226257,0.7335733771324158
YEL043W,YKL205W,0,0.0026782688,0.09207920730113983,0.7432567477226257,0.7336733937263489
YPL112C,YGR072W,0,0.0026778942,0.09206781536340714,0.7432567477226257,0.7337733507156372
YNL010W,YPL011C,0,0.0026750497,0.09205642342567444,0.7432567477226257,0.7338733673095703
YMR179W,YNR035C,0,0.0026748765,0.09204503148794174,0.7432567477226257,0.7339733839035034
YLL061W,YPL265W,1,0.0026739582,0.09215734899044037,0.7442557215690613,0.7339733839035034
YML028W,YKR101W,0,0.0026725675,0.09214594960212708,0.7442557215690613,0.7340734004974365
YMR269W,YNL239W,0,0.0026721214,0.09213455021381378,0.7442557215690613,0.7341734170913696
YDL245C,YKR057W,0,0.0026705016,0.09212315827608109,0.7442557215690613,0.7342734336853027
YBL076C,YMR115W,0,0.0026690175,0.09211177378892899,0.7442557215690613,0.7343734502792358
YKR055W,YDR211W,0,0.0026689107,0.09210038185119629,0.7442557215690613,0.734473466873169
YCR014C,YKL168C,0,0.0026683942,0.09208899736404419,0.7442557215690613,0.734573483467102
YDR306C,YJL124C,0,0.0026675316,0.09207762032747269,0.7442557215690613,0.7346734404563904
YIL128W,YBR287W,0,0.0026665763,0.09206623584032059,0.7442557215690613,0.7347734570503235
YMR032W,YPR127W,0,0.0026645975,0.09205485880374908,0.7442557215690613,0.7348734736442566
YAL017W,YLR153C,0,0.0026643379,0.09204348921775818,0.7442557215690613,0.7349734902381897
YML032C,YER098W,0,0.0026639285,0.09203211963176727,0.7442557215690613,0.7350735068321228
YNR074C,YJL112W,0,0.002662358,0.09202075004577637,0.7442557215690613,0.7351735234260559
YOR297C,YIR011C,0,0.0026595767,0.09200938791036606,0.7442557215690613,0.735273540019989
YIR011C,YKL117W,0,0.0026592808,0.09199802577495575,0.7442557215690613,0.7353735566139221
YIL143C,YJL103C,0,0.0026590682,0.09198666363954544,0.7442557215690613,0.7354735732078552
YIL135C,YNR013C,0,0.0026582933,0.09197530895471573,0.7442557215690613,0.7355735301971436
YPL094C,YLR103C,0,0.0026570773,0.09196395426988602,0.7442557215690613,0.7356735467910767
YJL191W,YOR008C,0,0.0026556714,0.0919526070356369,0.7442557215690613,0.7357735633850098
YOL142W,YLL041C,0,0.0026546358,0.09194125980138779,0.7442557215690613,0.7358735799789429
YNL309W,YOR285W,0,0.0026544542,0.09192991256713867,0.7442557215690613,0.735973596572876
YBR069C,YPL274W,1,0.0026539278,0.09204194694757462,0.7452547550201416,0.735973596572876
YNR074C,YMR038C,0,0.0026535064,0.0920305922627449,0.7452547550201416,0.7360736131668091
YLR009W,YGL256W,0,0.0026498782,0.09201924502849579,0.7452547550201416,0.7361736297607422
YDR530C,YFL021W,0,0.0026494372,0.09200789034366608,0.7452547550201416,0.7362736463546753
YLR129W,YMR025W,0,0.00264819,0.09199655055999756,0.7452547550201416,0.7363736629486084
YDR527W,YJL029C,0,0.0026480411,0.09198520332574844,0.7452547550201416,0.7364736199378967
YLR113W,YBR042C,0,0.0026469636,0.09197386354207993,0.7452547550201416,0.7365736365318298
YOR317W,YDR508C,0,0.0026467948,0.09196252375841141,0.7452547550201416,0.7366736531257629
YDR411C,YDL074C,0,0.0026452292,0.09195119142532349,0.7452547550201416,0.736773669719696
YDR530C,YDR353W,0,0.0026451037,0.09193985909223557,0.7452547550201416,0.7368736863136292
YDR429C,YEL029C,0,0.002640986,0.09192852675914764,0.7452547550201416,0.7369737029075623
YBR196C,YER052C,0,0.0026405186,0.09191720187664032,0.7452547550201416,0.7370737195014954
YNL107W,YBR096W,0,0.002640206,0.091905876994133,0.7452547550201416,0.7371737360954285
YNL268W,YGR142W,1,0.0026396574,0.09201774001121521,0.7462537288665771,0.7371737360954285
YDL215C,YDL208W,0,0.0026355279,0.09200640767812729,0.7462537288665771,0.7372737526893616
YGR081C,YPR119W,0,0.0026339605,0.09199507534503937,0.7462537288665771,0.7373737096786499
YJR006W,YER125W,0,0.0026333542,0.09198374301195145,0.7462537288665771,0.737473726272583
YCL036W,YPR127W,0,0.0026332978,0.09197241812944412,0.7462537288665771,0.7375737428665161
YOR054C,YNL290W,0,0.002631122,0.0919611006975174,0.7462537288665771,0.7376737594604492
YBL058W,YOR216C,0,0.0026309346,0.09194977581501007,0.7462537288665771,0.7377737760543823
YLR080W,YER052C,0,0.0026292857,0.09193845838308334,0.7462537288665771,0.7378737926483154
YKL146W,YCL025C,1,0.0026292682,0.0920502096414566,0.7472527623176575,0.7378737926483154
YHR061C,YHR119W,0,0.0026284729,0.09203888475894928,0.7472527623176575,0.7379738092422485
YDR512C,YGL256W,0,0.0026249776,0.09202755987644196,0.7472527623176575,0.7380738258361816
YNL223W,YKL130C,0,0.0026248253,0.09201623499393463,0.7472527623176575,0.7381738424301147
YHL012W,YGR095C,0,0.0026242961,0.0920049175620079,0.7472527623176575,0.7382737994194031
YOR038C,YGL019W,0,0.002622679,0.09199360758066177,0.7472527623176575,0.7383738160133362
YER049W,YJL079C,0,0.0026222726,0.09198229014873505,0.7472527623176575,0.7384738326072693
YKL094W,YEL056W,0,0.0026220009,0.09197098016738892,0.7472527623176575,0.7385738492012024
YBR150C,YOR162C,0,0.0026206942,0.09195967763662338,0.7472527623176575,0.7386738657951355
YJR021C,YDR211W,0,0.0026204248,0.09194836765527725,0.7472527623176575,0.7387738823890686
YDR170C,YDR081C,0,0.0026178788,0.09193707257509232,0.7472527623176575,0.7388738989830017
YOR310C,YOR089C,0,0.0026161266,0.09192577004432678,0.7472527623176575,0.7389739155769348
YDR414C,YMR075W,0,0.0026151463,0.09191447496414185,0.7472527623176575,0.7390739321708679
YBR183W,YDL040C,0,0.0026139813,0.09190317988395691,0.7472527623176575,0.7391738891601562
YOL040C,YHR057C,0,0.0026129857,0.09189189225435257,0.7472527623176575,0.7392739057540894
YNL283C,YDR389W,0,0.0026114015,0.09188060462474823,0.7472527623176575,0.7393739223480225
YER103W,YMR227C,0,0.0026107645,0.09186931699514389,0.7472527623176575,0.7394739389419556
YPL188W,YGL030W,0,0.0026098336,0.09185803681612015,0.7472527623176575,0.7395739555358887
YKR039W,YGL077C,1,0.0026085777,0.0919695496559143,0.748251736164093,0.7395739555358887
YGR167W,YHR059W,0,0.0026075332,0.09195825457572937,0.748251736164093,0.7396739721298218
YLR009W,YFR036W,0,0.0026071635,0.09194696694612503,0.748251736164093,0.7397739887237549
YPR113W,YMR172W,0,0.002605396,0.09193567931652069,0.748251736164093,0.739874005317688
YOL020W,YCL038C,1,0.0026016715,0.09204712510108948,0.7492507696151733,0.739874005317688
YBR202W,YIL094C,0,0.002601235,0.09203583002090454,0.7492507696151733,0.7399740219116211
YGR155W,YJL176C,0,0.0025994428,0.0920245423913002,0.7492507696151733,0.7400739789009094
YNR044W,YMR229C,0,0.002597836,0.09201324731111526,0.7492507696151733,0.7401739954948425
YOL124C,YGR239C,0,0.0025970726,0.09200195968151093,0.7492507696151733,0.7402740120887756
YBR120C,YBR170C,0,0.0025967613,0.09199067950248718,0.7492507696151733,0.7403740286827087
YOR291W,YJL213W,0,0.0025966626,0.09197939932346344,0.7492507696151733,0.7404740452766418
YCR014C,YBR128C,0,0.002595586,0.0919681191444397,0.7492507696151733,0.740574061870575
YJL134W,YBR042C,0,0.0025949997,0.09195683896541595,0.7492507696151733,0.7406740784645081
YKL144C,YMR240C,0,0.0025939988,0.09194556623697281,0.7492507696151733,0.7407740950584412
YKL146W,YNL268W,1,0.0025929802,0.09205687791109085,0.7502497434616089,0.7407740950584412
YDR059C,YIL079C,0,0.0025920034,0.09204559028148651,0.7502497434616089,0.7408741116523743
YGR285C,YLL055W,0,0.0025897436,0.09203431010246277,0.7502497434616089,0.7409740686416626
YOR216C,YNR010W,0,0.0025894493,0.09202303737401962,0.7502497434616089,0.7410740852355957
YLR026C,YKL094W,0,0.0025894223,0.09201176464557648,0.7502497434616089,0.7411741018295288
YAL016W,YGR118W,0,0.0025854264,0.09200049191713333,0.7502497434616089,0.7412741184234619
YIL002C,YLR390W,0,0.0025826588,0.09198921918869019,0.7502497434616089,0.741374135017395
YMR032W,YJL029C,0,0.0025798427,0.09197795391082764,0.7502497434616089,0.7414741516113281
YDR144C,YJL005W,0,0.0025788168,0.09196668863296509,0.7502497434616089,0.7415741682052612
YJR010W,YPL274W,0,0.0025769179,0.09195543080568314,0.7502497434616089,0.7416741847991943
YER165W,YDR081C,0,0.002575374,0.09194417297840118,0.7502497434616089,0.7417742013931274
YNL050C,YER074W,0,0.002575194,0.09193291515111923,0.7502497434616089,0.7418741583824158
YER098W,YOR085W,0,0.0025751058,0.09192166477441788,0.7502497434616089,0.7419741749763489
YKL119C,YLR389C,0,0.0025749393,0.09191041439771652,0.7502497434616089,0.742074191570282
YDR067C,YGR144W,0,0.0025734506,0.09189917147159576,0.7502497434616089,0.7421742081642151
YDR263C,YLR314C,0,0.0025697139,0.09188792109489441,0.7502497434616089,0.7422742247581482
YMR241W,YDR285W,0,0.0025689283,0.09187668561935425,0.7502497434616089,0.7423742413520813
YEL031W,YPL087W,0,0.0025688622,0.09186544269323349,0.7502497434616089,0.7424742579460144
YKL074C,YML128C,0,0.0025678435,0.09185420721769333,0.7502497434616089,0.7425742745399475
YJR034W,YEL029C,0,0.0025677544,0.09184297174215317,0.7502497434616089,0.7426742911338806
YML032C,YKL093W,0,0.0025675797,0.0918317437171936,0.7502497434616089,0.742774248123169
YKL074C,YKL189W,0,0.002566055,0.09182051569223404,0.7502497434616089,0.742874264717102
YLR219W,YEL056W,0,0.0025660305,0.09180928766727448,0.7502497434616089,0.7429742813110352
YDR351W,YKL161C,0,0.0025659988,0.09179806709289551,0.7502497434616089,0.7430742979049683
YBR287W,YCR012W,0,0.0025658694,0.09178684651851654,0.7502497434616089,0.7431743144989014
YIR025W,YJR021C,0,0.0025627923,0.09177563339471817,0.7502497434616089,0.7432743310928345
YLR043C,YHL027W,0,0.0025626814,0.0917644202709198,0.7502497434616089,0.7433743476867676
YDL059C,YGR268C,0,0.002560956,0.09175320714712143,0.7502497434616089,0.7434743642807007
YBL052C,YKL015W,0,0.002560156,0.09174200147390366,0.7502497434616089,0.7435743808746338
YPR189W,YNL258C,0,0.002559092,0.09173079580068588,0.7502497434616089,0.7436743378639221
YFR036W,YMR270C,0,0.0025575235,0.09171959012746811,0.7502497434616089,0.7437743544578552
YDR079W,YER162C,0,0.0025563159,0.09170839190483093,0.7502497434616089,0.7438743710517883
YIL076W,YBL092W,0,0.0025558698,0.09169719368219376,0.7502497434616089,0.7439743876457214
YKL176C,YIL088C,1,0.0025549412,0.09180808067321777,0.7512487769126892,0.7439743876457214
YJL155C,YOR025W,0,0.0025539997,0.091796875,0.7512487769126892,0.7440744042396545
YBR095C,YPL007C,0,0.0025526867,0.09178566932678223,0.7512487769126892,0.7441744208335876
YCL057W,YHR051W,0,0.0025472473,0.09177447110414505,0.7512487769126892,0.7442744374275208
YNR013C,YNR002C,0,0.0025468646,0.09176327288150787,0.7512487769126892,0.7443744540214539
YCR060W,YLR025W,0,0.0025461765,0.0917520746588707,0.7512487769126892,0.744474470615387
YHR002W,YBL034C,0,0.002545892,0.09174088388681412,0.7512487769126892,0.7445744872093201
YPL007C,YDR229W,0,0.0025450264,0.09172969311475754,0.7512487769126892,0.7446744441986084
YEL052W,YGR214W,0,0.0025448399,0.09171850234270096,0.7512487769126892,0.7447744607925415
YML030W,YLR005W,0,0.002544506,0.09170731902122498,0.7512487769126892,0.7448744773864746
YDR059C,YNR057C,0,0.0025433637,0.09169613569974899,0.7512487769126892,0.7449744939804077
YGR055W,YIL088C,1,0.0025428545,0.09180687367916107,0.7522477507591248,0.7449744939804077
YHR074W,YGR118W,0,0.0025421723,0.09179568290710449,0.7522477507591248,0.7450745105743408
YDL202W,YIL133C,0,0.0025413781,0.09178449213504791,0.7522477507591248,0.7451745271682739
YPL163C,YCL032W,0,0.0025409649,0.09177330881357193,0.7522477507591248,0.745274543762207
YNL268W,YJR001W,1,0.0025396189,0.09188398718833923,0.7532467246055603,0.745274543762207
YMR097C,YNL302C,0,0.0025387034,0.09187278896570206,0.7532467246055603,0.7453745603561401
YMR054W,YBR074W,0,0.0025383362,0.09186159819364548,0.7532467246055603,0.7454745769500732
YNL065W,YKL146W,1,0.0025375057,0.0919722244143486,0.7542457580566406,0.7454745769500732
YLR206W,YKL203C,0,0.0025356938,0.09196102619171143,0.7542457580566406,0.7455745339393616
YDL107W,YGR027C,0,0.0025352717,0.09194982051849365,0.7542457580566406,0.7456745505332947
YDL227C,YAL017W,0,0.0025351222,0.09193862974643707,0.7542457580566406,0.7457745671272278
YGR171C,YNL052W,0,0.0025348496,0.0919274315237999,0.7542457580566406,0.7458745837211609
YOR187W,YBR192W,0,0.0025328298,0.09191624075174332,0.7542457580566406,0.745974600315094
YMR321C,YOL054W,0,0.002532808,0.09190504997968674,0.7542457580566406,0.7460746169090271
YGL068W,YKL130C,0,0.0025320482,0.09189386665821075,0.7542457580566406,0.7461746335029602
YMR146C,YMR099C,0,0.0025312426,0.09188268333673477,0.7542457580566406,0.7462746500968933
YPR072W,YPL180W,0,0.0025285725,0.09187150001525879,0.7542457580566406,0.7463746666908264
YER101C,YJL176C,0,0.0025252828,0.0918603241443634,0.7542457580566406,0.7464746236801147
YDR067C,YMR284W,0,0.0025233028,0.09184914827346802,0.7542457580566406,0.7465746402740479
YOL086C,YLR113W,0,0.002517144,0.09183797240257263,0.7542457580566406,0.746674656867981
YBR081C,YJR005W,0,0.0025168185,0.09182680398225784,0.7542457580566406,0.7467746734619141
YCL038C,YJR001W,1,0.0025156646,0.09193725138902664,0.7552447319030762,0.7467746734619141
YJR092W,YOR313C,0,0.002515381,0.09192606806755066,0.7552447319030762,0.7468746900558472
YEL063C,YCL025C,1,0.0025134913,0.09203647077083588,0.7562437653541565,0.7468746900558472
YBR059C,YKR056W,0,0.0025128173,0.0920252874493599,0.7562437653541565,0.7469747066497803
YHR174W,YDL040C,0,0.0025119903,0.09201409667730331,0.7562437653541565,0.7470747232437134
YEL063C,YGR055W,1,0.0025109118,0.09212445467710495,0.757242739200592,0.7470747232437134
YER098W,YDL171C,0,0.0025094228,0.09211325645446777,0.757242739200592,0.7471747398376465
YLR105C,YGL071W,0,0.0025076796,0.0921020656824112,0.757242739200592,0.7472747564315796
YLL055W,YEL064C,1,0.0025058913,0.09221237152814865,0.7582417726516724,0.7472747564315796
YDL029W,YGR214W,0,0.002505014,0.09220116585493088,0.7582417726516724,0.7473747134208679
YKL007W,YNR013C,0,0.002503488,0.0921899676322937,0.7582417726516724,0.747474730014801
YMR276W,YKL190W,0,0.0025034428,0.09217876940965652,0.7582417726516724,0.7475747466087341
YHR061C,YDR444W,0,0.0025024477,0.09216757863759995,0.7582417726516724,0.7476747632026672
YMR145C,YLL027W,0,0.0025019215,0.09215638786554337,0.7582417726516724,0.7477747797966003
YEL043W,YNL026W,0,0.002501641,0.09214519709348679,0.7582417726516724,0.7478747963905334
YBR125C,YOR212W,0,0.0025002954,0.0921340137720108,0.7582417726516724,0.7479748129844666
YPL151C,YER090W,0,0.0024999613,0.09212283045053482,0.7582417726516724,0.7480748295783997
YBR031W,YAL040C,0,0.0024997853,0.09211164712905884,0.7582417726516724,0.7481748461723328
YMR238W,YLR050C,0,0.0024985443,0.09210047125816345,0.7582417726516724,0.7482748031616211
YJL124C,YLL043W,0,0.002495753,0.09208929538726807,0.7582417726516724,0.7483748197555542
YLL061W,YDR508C,1,0.0024921577,0.09219944477081299,0.7592407464981079,0.7483748197555542
YDR196C,YNL304W,0,0.0024918315,0.092188261449337,0.7592407464981079,0.7484748363494873
YOL082W,YBR278W,0,0.0024916122,0.09217707812786102,0.7592407464981079,0.7485748529434204
YCR060W,YDR498C,0,0.0024861726,0.09216590225696564,0.7592407464981079,0.7486748695373535
YBR042C,YDR262W,0,0.002485384,0.09215472638607025,0.7592407464981079,0.7487748861312866
YCR030C,YOR311C,0,0.0024827076,0.09214355051517487,0.7592407464981079,0.7488749027252197
YLL029W,YMR025W,0,0.0024826583,0.09213238209486008,0.7592407464981079,0.7489749193191528
YDR081C,YBR281C,0,0.0024823723,0.09212121367454529,0.7592407464981079,0.7490749359130859
YHR074W,YMR210W,0,0.0024796014,0.0921100452542305,0.7592407464981079,0.7491748929023743
YPL078C,YBR222C,0,0.0024768785,0.09209888428449631,0.7592407464981079,0.7492749094963074
YPL151C,YER185W,0,0.0024750154,0.09208772331476212,0.7592407464981079,0.7493749260902405
YGR077C,YGR214W,0,0.0024737678,0.09207656979560852,0.7592407464981079,0.7494749426841736
YML097C,YDR222W,0,0.0024728738,0.09206541627645493,0.7592407464981079,0.7495749592781067
YDR034C,YOR304W,0,0.002472575,0.09205426275730133,0.7592407464981079,0.7496749758720398
YGR264C,YLR353W,0,0.002472529,0.09204311668872833,0.7592407464981079,0.7497749924659729
YBR293W,YDR160W,1,0.0024720703,0.09215306490659714,0.7602397799491882,0.7497749924659729
YIL021W,YER162C,0,0.002471519,0.09214190393686295,0.7602397799491882,0.749875009059906
YCL038C,YGR142W,1,0.0024709478,0.09225181490182877,0.7612387537956238,0.749875009059906
YDR059C,YBR281C,0,0.0024707739,0.09224064648151398,0.7612387537956238,0.7499750256538391
YKL013C,YDR172W,0,0.0024681427,0.09222948551177979,0.7612387537956238,0.7500749826431274
YDR067C,YER154W,0,0.0024677753,0.0922183245420456,0.7612387537956238,0.7501749992370605
YNL110C,YDL047W,0,0.0024634392,0.0922071635723114,0.7612387537956238,0.7502750158309937
YNL147W,YDR472W,0,0.0024633128,0.0921960100531578,0.7612387537956238,0.7503750324249268
YBL058W,YGL220W,0,0.0024614823,0.09218485653400421,0.7612387537956238,0.7504750490188599
YOR176W,YJR149W,0,0.0024614646,0.09217370301485062,0.7612387537956238,0.750575065612793
YOR206W,YGR225W,0,0.0024605163,0.09216255694627762,0.7612387537956238,0.7506750822067261
YGL237C,YPL099C,0,0.002458897,0.09215141087770462,0.7612387537956238,0.7507750988006592
YKL174C,YKR039W,1,0.0024566245,0.0922611877322197,0.7622377872467041,0.7507750988006592
YNL016W,YDR496C,0,0.002455115,0.0922500267624855,0.7622377872467041,0.7508751153945923
YBL028C,YML036W,0,0.0024550406,0.0922388806939125,0.7622377872467041,0.7509750723838806
YOR176W,YHR168W,0,0.0024549728,0.09222772717475891,0.7622377872467041,0.7510750889778137
YMR241W,YPL002C,0,0.0024542487,0.09221658110618591,0.7622377872467041,0.7511751055717468
YLR191W,YNL050C,0,0.002452539,0.09220543503761292,0.7622377872467041,0.7512751221656799
YDR076W,YLR164W,0,0.00245209,0.09219429641962051,0.7622377872467041,0.751375138759613
YLR291C,YCL052C,0,0.0024500287,0.09218315780162811,0.7622377872467041,0.7514751553535461
YMR089C,YLL055W,0,0.002449466,0.09217201918363571,0.7622377872467041,0.7515751719474792
YKL117W,YDR451C,0,0.0024491223,0.09216088801622391,0.7622377872467041,0.7516751885414124
YEL036C,YHR135C,0,0.0024478037,0.0921497568488121,0.7622377872467041,0.7517752051353455
YOL082W,YMR179W,0,0.002447131,0.0921386331319809,0.7622377872467041,0.7518751621246338
YEL063C,YEL062W,1,0.0024446307,0.09224824607372284,0.7632367610931396,0.7518751621246338
YIL021W,YNL006W,0,0.002444555,0.09223711490631104,0.7632367610931396,0.7519751787185669
YHR030C,YMR032W,0,0.002442886,0.09222597628831863,0.7632367610931396,0.7520751953125
YLR203C,YOR089C,0,0.0024422097,0.09221484512090683,0.7632367610931396,0.7521752119064331
YER125W,YMR093W,0,0.002440447,0.09220371395349503,0.7632367610931396,0.7522752285003662
YJL011C,YOR074C,0,0.0024380384,0.09219259023666382,0.7632367610931396,0.7523752450942993
YNL101W,YGR191W,1,0.0024356595,0.0923021212220192,0.7642357349395752,0.7523752450942993
YLL029W,YBR145W,0,0.0024351198,0.09229099005460739,0.7642357349395752,0.7524752616882324
YJL081C,YGR084C,0,0.0024344656,0.09227985888719559,0.7642357349395752,0.7525752782821655
YDR205W,YKL038W,0,0.0024338807,0.09226872771978378,0.7642357349395752,0.7526752948760986
YDL142C,YPL011C,0,0.0024323598,0.09225759655237198,0.7642357349395752,0.752775251865387
YOR159C,YPL099C,0,0.0024315084,0.09224647283554077,0.7642357349395752,0.7528752684593201
YDR371W,YOL107W,0,0.002429513,0.09223534911870956,0.7642357349395752,0.7529752850532532
YMR172W,YBR141C,0,0.0024273528,0.09222423285245895,0.7642357349395752,0.7530753016471863
YOL070C,YGL244W,0,0.0024256238,0.09221311658620834,0.7642357349395752,0.7531753182411194
YKL174C,YPR149W,0,0.0024209023,0.09220200031995773,0.7642357349395752,0.7532753348350525
YDR172W,YKL124W,0,0.0024205914,0.09219089150428772,0.7642357349395752,0.7533753514289856
YMR179W,YOR355W,0,0.0024205775,0.0921797826886177,0.7642357349395752,0.7534753680229187
YKL126W,YOR098C,0,0.0024204762,0.09216867387294769,0.7642357349395752,0.7535753846168518
YKL013C,YGR239C,0,0.0024193595,0.09215757250785828,0.7642357349395752,0.7536753416061401
YLR228C,YLR353W,0,0.0024181872,0.09214647114276886,0.7642357349395752,0.7537753582000732
YGR246C,YBL079W,0,0.0024173348,0.09213536977767944,0.7642357349395752,0.7538753747940063
YBR293W,YGR055W,1,0.002415728,0.0922446995973587,0.7652347683906555,0.7538753747940063
YPL188W,YPL087W,0,0.0024122049,0.09223359078168869,0.7652347683906555,0.7539753913879395
YPR198W,YKL085W,0,0.0024107608,0.09222248941659927,0.7652347683906555,0.7540754079818726
YPL134C,YNL192W,0,0.0024087525,0.09221138805150986,0.7652347683906555,0.7541754245758057
YDR131C,YMR176W,0,0.0024056253,0.09220028668642044,0.7652347683906555,0.7542754411697388
YJL112W,YHR174W,0,0.0024048244,0.09218919277191162,0.7652347683906555,0.7543754577636719
YKL096W-A,YOR089C,0,0.002403905,0.0921780988574028,0.7652347683906555,0.754475474357605
YEL012W,YER151C,0,0.0024028074,0.09216700494289398,0.7652347683906555,0.7545754313468933
YLL041C,YLR301W,0,0.0024014795,0.09215591847896576,0.7652347683906555,0.7546754479408264
YDR512C,YLL033W,0,0.0024006984,0.09214483201503754,0.7652347683906555,0.7547754645347595
YPR072W,YNL073W,0,0.002394273,0.09213375300168991,0.7652347683906555,0.7548754811286926
YHR074W,YNL080C,0,0.0023931854,0.09212266653776169,0.7652347683906555,0.7549754977226257
YHR209W,YBL026W,0,0.0023922054,0.09211159497499466,0.7652347683906555,0.7550755143165588
YMR227C,YPL093W,0,0.0023897453,0.09210051596164703,0.7652347683906555,0.7551755309104919
YOR142W,YPL244C,0,0.0023876238,0.09208944439888,0.7652347683906555,0.755275547504425
YPR024W,YJR010W,0,0.0023854885,0.09207837283611298,0.7652347683906555,0.7553755640983582
YEL063C,YPL274W,1,0.0023854566,0.09218750149011612,0.7662337422370911,0.7553755640983582
YPL196W,YNL290W,0,0.0023838151,0.0921764224767685,0.7662337422370911,0.7554755210876465
YCL043C,YLL061W,0,0.0023822156,0.09216534346342087,0.7662337422370911,0.7555755376815796
YBR096W,YOR353C,0,0.0023820514,0.09215427190065384,0.7662337422370911,0.7556755542755127
YNL101W,YNR056C,1,0.0023810533,0.09226333349943161,0.7672327756881714,0.7556755542755127
YNL238W,YDR262W,0,0.0023807667,0.09225225448608398,0.7672327756881714,0.7557755708694458
YFR029W,YDR473C,0,0.002380026,0.09224117547273636,0.7672327756881714,0.7558755874633789
YIL088C,YPL131W,0,0.0023797613,0.09223009645938873,0.7672327756881714,0.755975604057312
YKL217W,YPL131W,0,0.0023790798,0.09221901744604111,0.7672327756881714,0.7560756206512451
YGR085C,YPL078C,0,0.0023789646,0.09220794588327408,0.7672327756881714,0.7561756372451782
YLR244C,YPR127W,0,0.0023762204,0.09219688177108765,0.7672327756881714,0.7562756538391113
YDR473C,YOR275C,0,0.0023754498,0.09218581020832062,0.7672327756881714,0.7563756108283997
YBL089W,YER119C,1,0.002374442,0.09229476749897003,0.7682317495346069,0.7563756108283997
YLR129W,YGR258C,0,0.0023721005,0.0922836884856224,0.7682317495346069,0.7564756274223328
YJL005W,YOR038C,0,0.0023715317,0.09227261692285538,0.7682317495346069,0.7565756440162659
YBL011W,YML052W,0,0.0023697389,0.09226154536008835,0.7682317495346069,0.756675660610199
YGR144W,YOR084W,0,0.0023686567,0.09225048124790192,0.7682317495346069,0.7567756772041321
YDR144C,YNL283C,0,0.0023682634,0.09223941713571548,0.7682317495346069,0.7568756937980652
YLR206W,YBR095C,0,0.002367109,0.09222835302352905,0.7682317495346069,0.7569757103919983
YBR293W,YEL063C,1,0.0023670178,0.0923372134566307,0.7692307829856873,0.7569757103919983
YKL210W,YFL013C,0,0.0023600995,0.09232614189386368,0.7692307829856873,0.7570757269859314
YBR031W,YPR125W,0,0.0023592801,0.09231507033109665,0.7692307829856873,0.7571757435798645
YDR499W,YMR087W,0,0.0023565846,0.09230400621891022,0.7692307829856873,0.7572757005691528
YNL101W,YNL268W,1,0.002355938,0.0924127995967865,0.7702297568321228,0.7572757005691528
YER175C,YGR032W,0,0.002352952,0.09240172803401947,0.7702297568321228,0.7573757171630859
YKR020W,YPL218W,0,0.0023522356,0.09239065647125244,0.7702297568321228,0.757475733757019
YFL055W,YJL059W,1,0.0023501955,0.09249939769506454,0.7712287902832031,0.757475733757019
YER145C,YIL042C,0,0.0023488745,0.09248831868171692,0.7712287902832031,0.7575757503509521
YDR131C,YFL057C,0,0.0023488586,0.0924772396683693,0.7712287902832031,0.7576757669448853
YDR144C,YGL174W,0,0.0023487918,0.09246616065502167,0.7712287902832031,0.7577757835388184
YDL215C,YGR134W,0,0.002347066,0.09245508909225464,0.7712287902832031,0.7578758001327515
YKL175W,YGR089W,0,0.0023451585,0.09244401752948761,0.7712287902832031,0.7579758167266846
YGR145W,YIL046W,0,0.0023399878,0.09243295341730118,0.7712287902832031,0.7580758333206177
YHR179W,YPR163C,0,0.0023395603,0.09242188185453415,0.7712287902832031,0.758175790309906
YKL176C,YDR160W,1,0.0023382562,0.09253052622079849,0.7722277641296387,0.758175790309906
YDR146C,YGR185C,0,0.0023377992,0.09251944720745087,0.7722277641296387,0.7582758069038391
YDR499W,YER101C,0,0.002336074,0.09250837564468384,0.7722277641296387,0.7583758234977722
YDR090C,YBL058W,0,0.0023341363,0.09249730408191681,0.7722277641296387,0.7584758400917053
YMR169C,YJL213W,0,0.002333387,0.09248623996973038,0.7722277641296387,0.7585758566856384
YKL174C,YGR191W,1,0.0023331773,0.09259480983018875,0.773226797580719,0.7585758566856384
YNL095C,YCL052C,0,0.0023324525,0.09258373081684113,0.773226797580719,0.7586758732795715
YBR293W,YCR027C,1,0.002331647,0.09269226342439651,0.7742257714271545,0.7586758732795715
YJL134W,YDR211W,0,0.0023298785,0.09268117696046829,0.7742257714271545,0.7587758898735046
YBR125C,YJL095W,0,0.0023286063,0.09267009794712067,0.7742257714271545,0.7588759064674377
YMR284W,YDR245W,0,0.002327984,0.09265901148319244,0.7742257714271545,0.7589759230613708
YDL197C,YKL074C,0,0.002326724,0.09264793992042542,0.7742257714271545,0.7590758800506592
YER008C,YMR213W,0,0.0023248773,0.09263686090707779,0.7742257714271545,0.7591758966445923
YKR036C,YOR226C,0,0.0023239707,0.09262578934431076,0.7742257714271545,0.7592759132385254
YDR285W,YGR216C,0,0.0023234931,0.09261472523212433,0.7742257714271545,0.7593759298324585
YOR212W,YLR330W,0,0.0023224861,0.0926036536693573,0.7742257714271545,0.7594759464263916
YNL309W,YIL079C,0,0.0023208086,0.09259258955717087,0.7742257714271545,0.7595759630203247
YHR066W,YPL131W,0,0.002320621,0.09258153289556503,0.7742257714271545,0.7596759796142578
YFL045C,YPR138C,0,0.002319561,0.0925704762339592,0.7742257714271545,0.7597759962081909
YNL073W,YNL107W,0,0.0023194079,0.09255941957235336,0.7742257714271545,0.759876012802124
YNL107W,YGL216W,0,0.002316522,0.09254836291074753,0.7742257714271545,0.7599759697914124
YFR029W,YDR392W,0,0.0023145734,0.09253731369972229,0.7742257714271545,0.7600759863853455
YGR144W,YOR382W,0,0.00231192,0.09252626448869705,0.7742257714271545,0.7601760029792786
YDR411C,YIL046W,0,0.0023111524,0.09251522272825241,0.7742257714271545,0.7602760195732117
YHR119W,YLR316C,0,0.0023090248,0.09250418096780777,0.7742257714271545,0.7603760361671448
YKR008W,YDR494W,0,0.00230857,0.09249313920736313,0.7742257714271545,0.7604760527610779
YKL001C,YCL034W,0,0.002308536,0.09248209744691849,0.7742257714271545,0.760576069355011
YER101C,YNL050C,0,0.0023056935,0.09247106313705444,0.7742257714271545,0.7606760859489441
YDL206W,YNL080C,0,0.002305635,0.092460036277771,0.7742257714271545,0.7607761025428772
YOR353C,YMR099C,0,0.0023054325,0.09244900196790695,0.7742257714271545,0.7608760595321655
YMR239C,YNL298W,0,0.0023029866,0.0924379751086235,0.7742257714271545,0.7609760761260986
YMR186W,YOR230W,0,0.0022971313,0.09242695569992065,0.7742257714271545,0.7610760927200317
YKL103C,YPL094C,0,0.0022962694,0.09241592884063721,0.7742257714271545,0.7611761093139648
YJL005W,YLL034C,0,0.0022936817,0.09240490943193436,0.7742257714271545,0.761276125907898
YGR056W,YLL012W,0,0.002292183,0.0923938974738121,0.7742257714271545,0.761376142501831
YBR069C,YER119C,1,0.0022921753,0.09250208735466003,0.7752248048782349,0.761376142501831
YIL132C,YGL216W,0,0.0022916114,0.09249106049537659,0.7752248048782349,0.7614761590957642
YPR035W,YNL175C,0,0.0022897623,0.09248004108667374,0.7752248048782349,0.7615761756896973
YMR093W,YDR229W,0,0.0022882714,0.09246902167797089,0.7752248048782349,0.7616761922836304
YNL101W,YEL062W,1,0.0022870873,0.09257714450359344,0.7762237787246704,0.7616761922836304
YBR260C,YNL073W,0,0.002286044,0.09256611764431,0.7762237787246704,0.7617761492729187
YJL176C,YMR304W,0,0.0022842404,0.09255509078502655,0.7762237787246704,0.7618761658668518
YMR005W,YGL113W,0,0.002282118,0.0925440713763237,0.7762237787246704,0.7619761824607849
YFL033C,YIL177C,0,0.0022815284,0.09253304451704025,0.7762237787246704,0.762076199054718
YGR179C,YFL013C,0,0.0022808535,0.092522032558918,0.7762237787246704,0.7621762156486511
YLL027W,YLR330W,0,0.0022795983,0.09251101315021515,0.7762237787246704,0.7622762322425842
YDR378C,YDL061C,0,0.002279544,0.0925000011920929,0.7762237787246704,0.7623762488365173
YOR323C,YDL022W,0,0.002277879,0.09248898923397064,0.7762237787246704,0.7624762654304504
YKL170W,YKL175W,0,0.0022752665,0.09247798472642899,0.7762237787246704,0.7625762820243835
YNR017W,YBR061C,0,0.002274496,0.09246697276830673,0.7762237787246704,0.7626762390136719
YER125W,YGR268C,0,0.002274338,0.09245597571134567,0.7762237787246704,0.762776255607605
YOR216C,YAR027W,0,0.0022739063,0.09244497120380402,0.7762237787246704,0.7628762722015381
YHR047C,YHR119W,0,0.0022736671,0.09243397414684296,0.7762237787246704,0.7629762887954712
YPL265W,YGR055W,1,0.002273041,0.09254193305969238,0.777222752571106,0.7629762887954712
YML073C,YCR087C-A,0,0.0022687723,0.09253092110157013,0.777222752571106,0.7630763053894043
YDL077C,YHR008C,0,0.00226751,0.09251991659402847,0.777222752571106,0.7631763219833374
YOR126C,YKL175W,0,0.0022664939,0.09250891953706741,0.777222752571106,0.7632763385772705
YGR171C,YNL302C,0,0.0022663062,0.09249792248010635,0.777222752571106,0.7633763551712036
YBR037C,YAL031C,0,0.002263776,0.0924869254231453,0.777222752571106,0.7634763717651367
YBR202W,YPL252C,0,0.0022623828,0.09247592836618423,0.777222752571106,0.763576328754425
YLR314C,YGR143W,0,0.0022617134,0.09246493875980377,0.777222752571106,0.7636763453483582
YHR030C,YJR147W,0,0.0022601085,0.09245394915342331,0.777222752571106,0.7637763619422913
YMR169C,YOR020C,0,0.0022593946,0.09244296699762344,0.777222752571106,0.7638763785362244
YJL087C,YGR214W,0,0.002257439,0.09243198484182358,0.777222752571106,0.7639763951301575
YFR029W,YNR006W,0,0.002256827,0.09242100268602371,0.777222752571106,0.7640764117240906
YLR029C,YNL084C,0,0.002255979,0.09241002798080444,0.777222752571106,0.7641764283180237
YER017C,YML128C,0,0.0022554756,0.09239905327558517,0.777222752571106,0.7642764449119568
YMR137C,YBR187W,0,0.002255247,0.0923880785703659,0.777222752571106,0.7643764615058899
YKL038W,YEL030W,0,0.0022547536,0.09237710386514664,0.777222752571106,0.7644764184951782
YKL103C,YBR010W,0,0.002254227,0.09236613661050797,0.777222752571106,0.7645764350891113
YNL270C,YCL038C,1,0.0022534335,0.09247388690710068,0.7782217860221863,0.7645764350891113
YMR137C,YPR091C,0,0.0022519673,0.09246290475130081,0.7782217860221863,0.7646764516830444
YDL212W,YGR142W,1,0.0022500535,0.09257061779499054,0.7792207598686218,0.7646764516830444
YFL055W,YGR142W,1,0.002249438,0.09267829358577728,0.7802197933197021,0.7646764516830444
YJR006W,YKL020C,0,0.00224741,0.09266729652881622,0.7802197933197021,0.7647764682769775
YEL036C,YLR130C,0,0.0022457778,0.09265630692243576,0.7802197933197021,0.7648764848709106
YMR005W,YGR089W,0,0.0022451666,0.0926453173160553,0.7802197933197021,0.7649765014648438
YEL041W,YFR052W,0,0.0022448632,0.09263432770967484,0.7802197933197021,0.7650765180587769
YBR293W,YKR039W,1,0.0022429717,0.0927419364452362,0.7812187671661377,0.7650765180587769
YDL022W,YGL216W,0,0.002241862,0.09273093938827515,0.7812187671661377,0.76517653465271
YPL122C,YNR035C,0,0.0022401176,0.09271994233131409,0.7812187671661377,0.7652765512466431
YPL223C,YGR112W,0,0.0022388329,0.09270895272493362,0.7812187671661377,0.7653765082359314
YML032C,YIL046W,0,0.0022386345,0.09269796311855316,0.7812187671661377,0.7654765248298645
YER125W,YGR229C,0,0.0022370396,0.0926869735121727,0.7812187671661377,0.7655765414237976
YNR067C,YBR072W,0,0.002235918,0.09267599135637283,0.7812187671661377,0.7656765580177307
YNL138W,YOL054W,0,0.002235141,0.09266500920057297,0.7812187671661377,0.7657765746116638
YPL223C,YAR035W,0,0.0022337001,0.0926540270447731,0.7812187671661377,0.7658765912055969
YAL022C,YBL052C,0,0.002233492,0.09264305233955383,0.7812187671661377,0.76597660779953
YHR030C,YGL068W,0,0.0022331753,0.09263207763433456,0.7812187671661377,0.7660766243934631
YCL018W,YML132W,0,0.0022302247,0.0926211029291153,0.7812187671661377,0.7661766409873962
YEL012W,YHR061C,0,0.0022297949,0.09261013567447662,0.7812187671661377,0.7662765979766846
YMR077C,YOL054W,0,0.0022278503,0.09259916841983795,0.7812187671661377,0.7663766145706177
YJR078W,YDL170W,0,0.0022275364,0.09258820861577988,0.7812187671661377,0.7664766311645508
YHR004C,YBR187W,0,0.002225348,0.0925772488117218,0.7812187671661377,0.7665766477584839
YOR299W,YKL085W,0,0.0022252155,0.09256628900766373,0.7812187671661377,0.766676664352417
YOR176W,YOR355W,0,0.0022234577,0.09255532920360565,0.7812187671661377,0.7667766809463501
YPR072W,YPL002C,0,0.002221954,0.09254437685012817,0.7812187671661377,0.7668766975402832
YJL191W,YDR140W,0,0.0022216728,0.0925334244966507,0.7812187671661377,0.7669767141342163
YMR032W,YML132W,0,0.0022203457,0.09252247959375381,0.7812187671661377,0.7670767307281494
YPR080W,YDR508C,0,0.002220318,0.09251153469085693,0.7812187671661377,0.7671767473220825
YDR494W,YFL045C,0,0.0022178811,0.09250058978796005,0.7812187671661377,0.7672767043113708
YGR271W,YGR239C,0,0.002217854,0.09248965233564377,0.7812187671661377,0.767376720905304
YNL271C,YMR078C,0,0.0022172716,0.09247871488332748,0.7812187671661377,0.7674767374992371
YLR026C,YIR039C,0,0.0022160334,0.0924677774310112,0.7812187671661377,0.7675767540931702
YIL142W,YNL238W,0,0.0022155421,0.09245684742927551,0.7812187671661377,0.7676767706871033
YMR019W,YEL043W,0,0.0022149002,0.09244591742753983,0.7812187671661377,0.7677767872810364
YCL018W,YDL021W,0,0.0022142269,0.09243498742580414,0.7812187671661377,0.7678768038749695
YBR282W,YKL053C-A,0,0.0022141354,0.09242406487464905,0.7812187671661377,0.7679768204689026
YGR179C,YMR160W,0,0.0022136518,0.09241314232349396,0.7812187671661377,0.7680768370628357
YOL070C,YOR283W,0,0.0022119398,0.09240221977233887,0.7812187671661377,0.768176794052124
YPR021C,YEL064C,1,0.0022118937,0.0925094485282898,0.782217800617218,0.768176794052124
YLR103C,YML036W,0,0.0022098583,0.0924985259771347,0.782217800617218,0.7682768106460571
YBR177C,YPL002C,0,0.00220934,0.09248759597539902,0.782217800617218,0.7683768272399902
YOR168W,YNR035C,0,0.002208473,0.09247667342424393,0.782217800617218,0.7684768438339233
YOR275C,YCL025C,0,0.002207537,0.09246575087308884,0.782217800617218,0.7685768604278564
YPR144C,YHR061C,0,0.002207309,0.09245483577251434,0.782217800617218,0.7686768770217896
YDR059C,YJL128C,0,0.0022035534,0.09244392067193985,0.782217800617218,0.7687768936157227
YOR054C,YGL094C,0,0.0022031425,0.09243300557136536,0.782217800617218,0.7688769102096558
YDL054C,YJR101W,0,0.002201776,0.09242209792137146,0.782217800617218,0.7689769268035889
YOL020W,YIL088C,1,0.0022009464,0.09252920746803284,0.7832167744636536,0.7689769268035889
YOL082W,YJL124C,0,0.0022008962,0.09251829236745834,0.7832167744636536,0.7690768837928772
YJR138W,YGR252W,0,0.0022000743,0.09250737726688385,0.7832167744636536,0.7691769003868103
YBR002C,YGR105W,0,0.0021989243,0.09249646216630936,0.7832167744636536,0.7692769169807434
YCR075C,YBR132C,1,0.0021954535,0.09260351210832596,0.7842158079147339,0.7692769169807434
YPR030W,YBR037C,0,0.0021953303,0.09259258955717087,0.7842158079147339,0.7693769335746765
YOR147W,YLR088W,0,0.0021944197,0.09258167445659637,0.7842158079147339,0.7694769501686096
YAR031W,YDL045C,0,0.0021937275,0.09257075190544128,0.7842158079147339,0.7695769667625427
YJR138W,YNL131W,0,0.0021894502,0.09255983680486679,0.7842158079147339,0.7696769833564758
YCL018W,YMR020W,0,0.0021893762,0.0925489291548729,0.7842158079147339,0.7697769999504089
YMR146C,YJL095W,0,0.002187244,0.0925380140542984,0.7842158079147339,0.769877016544342
YFL054C,YDR392W,0,0.002186786,0.0925271064043045,0.7842158079147339,0.7699769735336304
YPL147W,YDL083C,0,0.0021867382,0.0925162062048912,0.7842158079147339,0.7700769901275635
YKL180W,YNR018W,0,0.0021857677,0.0925053060054779,0.7842158079147339,0.7701770067214966
YBR183W,YLR295C,0,0.0021855119,0.0924944058060646,0.7842158079147339,0.7702770233154297
YPL150W,YHR004C,0,0.002184465,0.0924835056066513,0.7842158079147339,0.7703770399093628
YPR111W,YGL174W,0,0.0021833947,0.0924726128578186,0.7842158079147339,0.7704770565032959
YJR031C,YKL094W,0,0.0021831922,0.0924617201089859,0.7842158079147339,0.770577073097229
YBR293W,YNL101W,1,0.0021827507,0.09256859868764877,0.7852147817611694,0.770577073097229
YPR149W,YKL124W,0,0.0021815733,0.09255769848823547,0.7852147817611694,0.7706770896911621
YPL127C,YKL085W,0,0.002181235,0.09254680573940277,0.7852147817611694,0.7707771062850952
YJL071W,YCL057W,0,0.002181096,0.09253590553998947,0.7852147817611694,0.7708770632743835
YNL095C,YAR031W,0,0.0021797535,0.09252501279115677,0.7852147817611694,0.7709770798683167
YOR239W,YPR127W,0,0.0021794299,0.09251412749290466,0.7852147817611694,0.7710770964622498
YNR004W,YIL133C,0,0.0021790816,0.09250323474407196,0.7852147817611694,0.7711771130561829
YER103W,YGL200C,0,0.0021771146,0.09249234944581985,0.7852147817611694,0.771277129650116
YCL057W,YKL206C,0,0.0021766298,0.09248147159814835,0.7852147817611694,0.7713771462440491
YGR032W,YGL051W,0,0.0021751411,0.09247058629989624,0.7852147817611694,0.7714771628379822
YOL145C,YJL166W,0,0.0021748876,0.09245970845222473,0.7852147817611694,0.7715771794319153
YER119C,YMR088C,1,0.002172485,0.09256645292043686,0.7862138152122498,0.7715771794319153
YER185W,YBR031W,0,0.0021679066,0.09255556762218475,0.7862138152122498,0.7716771960258484
YDL107W,YER074W,0,0.0021667432,0.09254468232393265,0.7862138152122498,0.7717771530151367
YOR304W,YKR020W,0,0.0021625245,0.09253380447626114,0.7862138152122498,0.7718771696090698
YNL079C,YPL129W,0,0.0021616295,0.09252292662858963,0.7862138152122498,0.7719771862030029
YBR170C,YOL052C,0,0.0021608153,0.09251204878091812,0.7862138152122498,0.772077202796936
YOR071C,YPR127W,0,0.0021572371,0.09250117838382721,0.7862138152122498,0.7721772193908691
YCR075C,YEL064C,1,0.002156878,0.09260782599449158,0.7872127890586853,0.7721772193908691
YJR151C,YAR027W,0,0.0021557051,0.09259694814682007,0.7872127890586853,0.7722772359848022
YDR144C,YOR382W,0,0.0021554017,0.09258606284856796,0.7872127890586853,0.7723772525787354
YDL045C,YDR508C,0,0.0021526047,0.09257518500089645,0.7872127890586853,0.7724772691726685
YOR071C,YHR211W,0,0.002152013,0.09256431460380554,0.7872127890586853,0.7725772857666016
YDR457W,YKR068C,0,0.002151758,0.09255344420671463,0.7872127890586853,0.7726772427558899
YIL021W,YBR145W,0,0.0021513638,0.09254257380962372,0.7872127890586853,0.772777259349823
YKL176C,YGR142W,1,0.0021513535,0.09264913201332092,0.7882117629051208,0.772777259349823
YMR013C,YOL107W,0,0.0021506504,0.09263825416564941,0.7882117629051208,0.7728772759437561
YMR146C,YLR314C,0,0.0021484862,0.0926273763179779,0.7882117629051208,0.7729772925376892
YKL119C,YJL029C,0,0.0021482634,0.092616505920887,0.7882117629051208,0.7730773091316223
YNL147W,YOR275C,0,0.002146611,0.09260563552379608,0.7882117629051208,0.7731773257255554
YJR051W,YMR272C,0,0.002146366,0.09259476512670517,0.7882117629051208,0.7732773423194885
YDR207C,YGR089W,0,0.0021459667,0.09258390218019485,0.7882117629051208,0.7733773589134216
YOR311C,YCR002C,0,0.0021454438,0.09257303923368454,0.7882117629051208,0.7734773755073547
YKR028W,YGR134W,0,0.002142496,0.09256217628717422,0.7882117629051208,0.7735773324966431
YDR392W,YIR032C,0,0.002141986,0.0925513207912445,0.7882117629051208,0.7736773490905762
YGL200C,YLR291C,0,0.0021416233,0.09254046529531479,0.7882117629051208,0.7737773656845093
YDR160W,YKL174C,1,0.0021410312,0.09264688938856125,0.7892107963562012,0.7737773656845093
YLR219W,YJL079C,0,0.0021391506,0.09263601899147034,0.7892107963562012,0.7738773822784424
YNL270C,YHL036W,1,0.0021376528,0.09274240583181381,0.7902097702026367,0.7738773822784424
YLL019C,YPL208W,0,0.0021372298,0.0927315354347229,0.7902097702026367,0.7739773988723755
YHR047C,YJL071W,0,0.0021369623,0.09272066503763199,0.7902097702026367,0.7740774154663086
YDR167W,YKL174C,0,0.0021361622,0.09270980209112167,0.7902097702026367,0.7741774320602417
YOL043C,YBR276C,0,0.0021332216,0.09269893169403076,0.7902097702026367,0.7742774486541748
YLR425W,YMR193W,0,0.0021270257,0.09268806874752045,0.7902097702026367,0.7743774652481079
YNL044W,YJL155C,0,0.002123828,0.09267721325159073,0.7902097702026367,0.7744774222373962
YJR101W,YLR309C,0,0.002119614,0.09266635775566101,0.7902097702026367,0.7745774388313293
YJL124C,YLR209C,0,0.002118639,0.09265550225973129,0.7902097702026367,0.7746774554252625
YNL178W,YDR304C,0,0.0021167013,0.09264464676380157,0.7902097702026367,0.7747774720191956
YKL093W,YOL090W,0,0.0021149102,0.09263379871845245,0.7902097702026367,0.7748774886131287
YML099C,YIL047C,0,0.0021148438,0.09262295067310333,0.7902097702026367,0.7749775052070618
YDR473C,YLR285W,0,0.0021130464,0.09261210262775421,0.7902097702026367,0.7750775218009949
YBR293W,YLL061W,1,0.0021084924,0.09271833300590515,0.791208803653717,0.7750775218009949
YDR172W,YPL119C,0,0.0021052405,0.09270747750997543,0.791208803653717,0.775177538394928
YNL073W,YMR137C,0,0.0021052023,0.09269662946462631,0.791208803653717,0.7752775549888611
YAL060W,YDR026C,0,0.0021051292,0.09268578141927719,0.791208803653717,0.7753775119781494
YHR066W,YGR281W,0,0.0021036963,0.09267493337392807,0.791208803653717,0.7754775285720825
YHR012W,YPR080W,0,0.0021011913,0.09266409277915955,0.791208803653717,0.7755775451660156
YCR057C,YPL112C,0,0.0021002137,0.09265325218439102,0.791208803653717,0.7756775617599487
YIL088C,YER103W,0,0.0020893486,0.0926424115896225,0.791208803653717,0.7757775783538818
YNR013C,YGL019W,0,0.0020892872,0.09263157844543457,0.791208803653717,0.7758775949478149
YDR076W,YDR140W,0,0.0020890506,0.09262074530124664,0.791208803653717,0.775977611541748
YKL176C,YCL038C,1,0.002088975,0.09272684901952744,0.7922077775001526,0.775977611541748
YKR066C,YPL129W,0,0.002087108,0.09271600842475891,0.7922077775001526,0.7760776281356812
YPL064C,YMR114C,0,0.0020869977,0.09270516782999039,0.7922077775001526,0.7761776447296143
YHL034C,YLR264W,0,0.002085993,0.09269432723522186,0.7922077775001526,0.7762776017189026
YGL169W,YGL004C,0,0.002085735,0.09268349409103394,0.7922077775001526,0.7763776183128357
YAL016W,YCL043C,0,0.002081626,0.0926726683974266,0.7922077775001526,0.7764776349067688
YBR196C,YLR197W,0,0.002081561,0.09266183525323868,0.7922077775001526,0.7765776515007019
YIL079C,YGL103W,0,0.0020813805,0.09265100955963135,0.7922077775001526,0.776677668094635
YLR447C,YIL020C,0,0.0020788922,0.09264018386602402,0.7922077775001526,0.7767776846885681
YIL021W,YIL080W,0,0.0020784372,0.09262936562299728,0.7922077775001526,0.7768777012825012
YEL063C,YBR068C,1,0.0020747336,0.09273534268140793,0.7932068109512329,0.7768777012825012
YDR254W,YKL020C,0,0.002073801,0.09272450953722,0.7932068109512329,0.7769777178764343
YNL202W,YOR355W,0,0.0020724435,0.09271368384361267,0.7932068109512329,0.7770777344703674
YGR288W,YAR031W,0,0.002071701,0.09270285815000534,0.7932068109512329,0.7771776914596558
YLR295C,YKL119C,0,0.0020714211,0.09269203990697861,0.7932068109512329,0.7772777080535889
YJR028W,YNL192W,0,0.002069884,0.09268122166395187,0.7932068109512329,0.777377724647522
YOR291W,YIL135C,0,0.002068413,0.09267040342092514,0.7932068109512329,0.7774777412414551
YDL210W,YCL038C,1,0.0020680567,0.09277628362178802,0.7942057847976685,0.7774777412414551
YPL151C,YJL030W,0,0.0020675843,0.0927654579281807,0.7942057847976685,0.7775777578353882
YBR002C,YIL076W,0,0.0020659557,0.09275463968515396,0.7942057847976685,0.7776777744293213
YDR472W,YKL094W,0,0.002065877,0.09274381399154663,0.7942057847976685,0.7777777910232544
YGR171C,YJL213W,0,0.0020645368,0.0927329957485199,0.7942057847976685,0.7778778076171875
YOL066C,YHR079C,0,0.0020635133,0.09272218495607376,0.7942057847976685,0.7779778242111206
YDL084W,YDR373W,0,0.0020634062,0.09271136671304703,0.7942057847976685,0.7780777812004089
YCL038C,YCL025C,1,0.0020631282,0.09281716495752335,0.7952048182487488,0.7780777812004089
YNL261W,YKR028W,0,0.0020621468,0.09280633926391602,0.7952048182487488,0.778177797794342
YDL197C,YMR034C,0,0.0020599598,0.09279552102088928,0.7952048182487488,0.7782778143882751
YJL060W,YCL008C,0,0.0020595088,0.09278471022844315,0.7952048182487488,0.7783778309822083
YBR125C,YIL135C,0,0.002057634,0.09277389198541641,0.7952048182487488,0.7784778475761414
YCR046C,YOR085W,0,0.0020558645,0.09276308119297028,0.7952048182487488,0.7785778641700745
YBR120C,YKL189W,0,0.0020553167,0.09275227040052414,0.7952048182487488,0.7786778807640076
YOL124C,YOR311C,0,0.0020542303,0.0927414670586586,0.7952048182487488,0.7787778973579407
YPL151C,YLR145W,0,0.002051992,0.09273066371679306,0.7952048182487488,0.7788779139518738
YLR033W,YHR008C,0,0.0020505795,0.09271986037492752,0.7952048182487488,0.7789778709411621
YDL142C,YLR394W,0,0.002048587,0.09270906448364258,0.7952048182487488,0.7790778875350952
YNL127W,YJL066C,0,0.0020467942,0.09269826114177704,0.7952048182487488,0.7791779041290283
YER125W,YER145C,0,0.0020460861,0.09268747270107269,0.7952048182487488,0.7792779207229614
YML006C,YGL190C,0,0.0020418523,0.09267667680978775,0.7952048182487488,0.7793779373168945
YDR306C,YPL011C,0,0.002040979,0.0926658883690834,0.7952048182487488,0.7794779539108276
YOR323C,YJL103C,0,0.0020373159,0.09265510737895966,0.7952048182487488,0.7795779705047607
YNL232W,YOR353C,0,0.002035806,0.09264431893825531,0.7952048182487488,0.7796779870986938
YNL281W,YOL158C,0,0.002035401,0.09263353794813156,0.7952048182487488,0.779778003692627
YFL014W,YGR229C,0,0.0020353603,0.09262275695800781,0.7952048182487488,0.7798779606819153
YGL062W,YNR003C,0,0.002034755,0.09261198341846466,0.7952048182487488,0.7799779772758484
YKL205W,YMR213W,0,0.0020342874,0.09260120987892151,0.7952048182487488,0.7800779938697815
YNL085W,YNR015W,0,0.0020327903,0.09259043633937836,0.7952048182487488,0.7801780104637146
YGR020C,YDR262W,0,0.0020305812,0.0925796702504158,0.7952048182487488,0.7802780270576477
YJR107W,YIR025W,0,0.002029483,0.09256890416145325,0.7952048182487488,0.7803780436515808
YNL008C,YDL202W,0,0.0020290434,0.09255813807249069,0.7952048182487488,0.7804780602455139
YNL223W,YDL171C,0,0.0020267526,0.09254737943410873,0.7952048182487488,0.780578076839447
YHR029C,YLL034C,0,0.0020260043,0.09253662079572678,0.7952048182487488,0.7806780934333801
YFL057C,YGR070W,0,0.0020247858,0.09252586215734482,0.7952048182487488,0.7807780504226685
YLR295C,YAL054C,0,0.0020219705,0.09251511096954346,0.7952048182487488,0.7808780670166016
YJL187C,YBL079W,0,0.002020895,0.0925043597817421,0.7952048182487488,0.7809780836105347
YJR140C,YGL216W,0,0.0020202566,0.09249360859394073,0.7952048182487488,0.7810781002044678
YNL297C,YNL239W,0,0.0020197607,0.09248286485671997,0.7952048182487488,0.7811781167984009
YHR029C,YGL071W,0,0.0020179716,0.0924721211194992,0.7952048182487488,0.781278133392334
YHR156C,YDR151C,0,0.0020172852,0.09246137738227844,0.7952048182487488,0.7813781499862671
YJR036C,YCL008C,0,0.0020165471,0.09245064109563828,0.7952048182487488,0.7814781665802002
YGR112W,YBR093C,0,0.002016359,0.09243990480899811,0.7952048182487488,0.7815781831741333
YOR292C,YLL004W,0,0.0020160577,0.09242916852235794,0.7952048182487488,0.7816781401634216
YKL007W,YGR118W,0,0.002014853,0.09241843968629837,0.7952048182487488,0.7817781567573547
YNL079C,YGR185C,0,0.002013037,0.0924077108502388,0.7952048182487488,0.7818781733512878
YNL273W,YGR216C,0,0.0020073901,0.09239698201417923,0.7952048182487488,0.781978189945221
YMR123W,YBR093C,0,0.002006855,0.09238626062870026,0.7952048182487488,0.782078206539154
YLR165C,YBR173C,0,0.0020042858,0.09237553924322128,0.7952048182487488,0.7821782231330872
YIL094C,YPL188W,0,0.0020024232,0.09236481785774231,0.7952048182487488,0.7822782397270203
YLR394W,YCL032W,0,0.0020015836,0.09235410392284393,0.7952048182487488,0.7823782563209534
YDL024C,YLR073C,0,0.002000182,0.09234338998794556,0.7952048182487488,0.7824782729148865
YOL145C,YOR106W,0,0.0020001812,0.09233267605304718,0.7952048182487488,0.7825782299041748
YMR097C,YMR267W,0,0.0019984075,0.0923219695687294,0.7952048182487488,0.7826782464981079
YMR246W,YIL042C,0,0.001997838,0.09231126308441162,0.7952048182487488,0.782778263092041
YMR013C,YBR002C,0,0.0019970406,0.09230055660009384,0.7952048182487488,0.7828782796859741
YOR138C,YMR246W,0,0.0019969065,0.09228985756635666,0.7952048182487488,0.7829782962799072
YDR498C,YOL062C,0,0.0019964164,0.09227915853261948,0.7952048182487488,0.7830783128738403
YNL268W,YIL088C,1,0.001995704,0.09238437563180923,0.7962037920951843,0.7830783128738403
YEL036C,YLR251W,0,0.0019944592,0.09237366914749146,0.7962037920951843,0.7831783294677734
YDR494W,YKL074C,0,0.0019943167,0.09236296266317368,0.7962037920951843,0.7832783460617065
YNL231C,YDR410C,0,0.0019937058,0.0923522561788559,0.7962037920951843,0.7833783626556396
YBR132C,YCL025C,1,0.0019930445,0.09245742112398148,0.7972028255462646,0.7833783626556396
YJL176C,YNL290W,0,0.0019923816,0.0924467071890831,0.7972028255462646,0.783478319644928
YLR026C,YBR257W,0,0.0019913844,0.09243600070476532,0.7972028255462646,0.7835783362388611
YOR215C,YJL176C,0,0.001991139,0.09242529422044754,0.7972028255462646,0.7836783528327942
YDR254W,YPR187W,0,0.0019910727,0.09241459518671036,0.7972028255462646,0.7837783694267273
YPL252C,YDL045C,0,0.0019901302,0.09240388870239258,0.7972028255462646,0.7838783860206604
YDR508C,YGR142W,1,0.0019889513,0.09250897169113159,0.7982017993927002,0.7838783860206604
YER049W,YOR355W,0,0.0019855911,0.09249826520681381,0.7982017993927002,0.7839784026145935
YMR008C,YPL093W,0,0.0019845974,0.09248755872249603,0.7982017993927002,0.7840784192085266
YKR071C,YLR009W,0,0.0019827054,0.09247685223817825,0.7982017993927002,0.7841784358024597
YOL070C,YOR340C,0,0.0019824847,0.09246615320444107,0.7982017993927002,0.7842784523963928
YAL033W,YMR304W,0,0.0019821366,0.09245544672012329,0.7982017993927002,0.7843784093856812
YOL057W,YAL022C,0,0.001981896,0.0924447551369667,0.7982017993927002,0.7844784259796143
YPR011C,YDL054C,0,0.001980532,0.09243405610322952,0.7982017993927002,0.7845784425735474
YJR149W,YIL080W,0,0.0019800833,0.09242336452007294,0.7982017993927002,0.7846784591674805
YBR026C,YOL108C,0,0.0019772302,0.09241267293691635,0.7982017993927002,0.7847784757614136
YOR142W,YJL006C,0,0.0019772209,0.09240198880434036,0.7982017993927002,0.7848784923553467
YKR068C,YIR032C,0,0.0019755682,0.09239130467176437,0.7982017993927002,0.7849785089492798
YIL128W,YOR176W,0,0.001972255,0.09238062053918839,0.7982017993927002,0.7850785255432129
YIL095W,YPL113C,0,0.0019713223,0.092369943857193,0.7982017993927002,0.785178542137146
YGL236C,YLR163C,0,0.0019706686,0.0923592671751976,0.7982017993927002,0.7852784991264343
YMR078C,YFL001W,0,0.0019701594,0.09234859049320221,0.7982017993927002,0.7853785157203674
YBR293W,YHL036W,1,0.0019677605,0.0924534872174263,0.7992007732391357,0.7853785157203674
YJL141C,YLR394W,0,0.0019674357,0.09244280308485031,0.7992007732391357,0.7854785323143005
YGL256W,YDR140W,0,0.0019667635,0.09243211895227432,0.7992007732391357,0.7855785489082336
YBR183W,YDR229W,0,0.0019653225,0.09242144227027893,0.7992007732391357,0.7856785655021667
YKL126W,YOR243C,0,0.0019649111,0.09241076558828354,0.7992007732391357,0.7857785820960999
YNL163C,YLR219W,0,0.0019634576,0.09240008890628815,0.7992007732391357,0.785878598690033
YKL094W,YIL047C,0,0.0019610678,0.09238941967487335,0.7992007732391357,0.7859786152839661
YLL034C,YBR257W,0,0.001961064,0.09237875044345856,0.7992007732391357,0.7860786318778992
YER098W,YDR470C,0,0.0019593327,0.09236808866262436,0.7992007732391357,0.7861785888671875
YDL022W,YLR130C,0,0.0019589374,0.09235742688179016,0.7992007732391357,0.7862786054611206
YLR309C,YOR008C,0,0.0019587677,0.09234676510095596,0.7992007732391357,0.7863786220550537
YKR019C,YPR083W,0,0.0019562328,0.09233610332012177,0.7992007732391357,0.7864786386489868
YOR209C,YOL136C,0,0.0019555413,0.09232544898986816,0.7992007732391357,0.7865786552429199
YLR291C,YDR364C,0,0.0019544286,0.09231479465961456,0.7992007732391357,0.786678671836853
YDR164C,YMR304W,0,0.001954036,0.09230414032936096,0.7992007732391357,0.7867786884307861
YKL174C,YIL088C,1,0.0019529355,0.09240885823965073,0.8001998066902161,0.7867786884307861
YOL082W,YDR451C,0,0.0019509874,0.09239820390939713,0.8001998066902161,0.7868787050247192
YBR278W,YOR038C,0,0.0019506235,0.09238754212856293,0.8001998066902161,0.7869787216186523
YCR030C,YMR240C,0,0.0019499859,0.09237688779830933,0.8001998066902161,0.7870786786079407
YDR067C,YLR300W,0,0.0019498615,0.09236623346805573,0.8001998066902161,0.7871786952018738
YER145C,YOR098C,0,0.0019494458,0.09235558658838272,0.8001998066902161,0.7872787117958069
YDR067C,YJL071W,0,0.0019492166,0.09234493970870972,0.8001998066902161,0.78737872838974
YLR291C,YNL138W,0,0.0019492119,0.09233429282903671,0.8001998066902161,0.7874787449836731
YEL052W,YHL027W,0,0.0019480898,0.0923236533999443,0.8001998066902161,0.7875787615776062
YHR012W,YOR327C,0,0.0019480666,0.0923130139708519,0.8001998066902161,0.7876787781715393
YOR297C,YGR072W,0,0.0019467998,0.09230237454175949,0.8001998066902161,0.7877787947654724
YKL175W,YGR072W,0,0.0019463698,0.09229173511266708,0.8001998066902161,0.7878788113594055
YKL038W,YNL092W,0,0.001940568,0.09228110313415527,0.8001998066902161,0.7879787683486938
YOR159C,YBR002C,0,0.0019389108,0.09227047860622406,0.8001998066902161,0.788078784942627
YPL265W,YBR132C,1,0.0019385066,0.0923750251531601,0.8011987805366516,0.788078784942627
YJL191W,YDR195W,0,0.0019383149,0.09236439317464828,0.8011987805366516,0.7881788015365601
YBR132C,YJL059W,1,0.00193447,0.09246890991926193,0.8021978139877319,0.7881788015365601
YPL274W,YER090W,0,0.0019337374,0.09245826303958893,0.8021978139877319,0.7882788181304932
YKL176C,YOL020W,1,0.001933362,0.09256274253129959,0.8031967878341675,0.7882788181304932
YPL196W,YDR472W,0,0.00193178,0.09255208820104599,0.8031967878341675,0.7883788347244263
YOL108C,YNL239W,0,0.0019276491,0.09254143387079239,0.8031967878341675,0.7884788513183594
YLR043C,YDL097C,0,0.0019271749,0.09253078699111938,0.8031967878341675,0.7885788679122925
YBR115C,YOR311C,0,0.0019271206,0.09252014011144638,0.8031967878341675,0.7886788845062256
YER049W,YMR227C,0,0.0019270547,0.09250949323177338,0.8031967878341675,0.7887789011001587
YBR260C,YER162C,0,0.0019258134,0.09249884635210037,0.8031967878341675,0.788878858089447
YHR175W,YFL048C,0,0.0019228332,0.09248820692300797,0.8031967878341675,0.7889788746833801
YPL134C,YDL074C,0,0.0019213952,0.09247756749391556,0.8031967878341675,0.7890788912773132
YBR068C,YBR132C,1,0.0019213934,0.09258194267749786,0.8041958212852478,0.7890788912773132
YGR281W,YDR211W,0,0.0019201081,0.09257129579782486,0.8041958212852478,0.7891789078712463
YIL006W,YKL064W,0,0.0019185955,0.09256065636873245,0.8041958212852478,0.7892789244651794
YLR452C,YGL026C,0,0.001918581,0.09255000948905945,0.8041958212852478,0.7893789410591125
YHR135C,YCR026C,0,0.0019180314,0.09253937005996704,0.8041958212852478,0.7894789576530457
YJL191W,YJR103W,0,0.001917052,0.09252873808145523,0.8041958212852478,0.7895789742469788
YGR095C,YNL298W,0,0.0019150431,0.09251809865236282,0.8041958212852478,0.7896789908409119
YLL034C,YPL139C,0,0.0019140737,0.09250746667385101,0.8041958212852478,0.789779007434845
YJL081C,YNL122C,0,0.0019120633,0.0924968421459198,0.8041958212852478,0.7898789644241333
YMR097C,YDR226W,0,0.0019114781,0.09248621016740799,0.8041958212852478,0.7899789810180664
YEL012W,YEL022W,0,0.0019111736,0.09247558563947678,0.8041958212852478,0.7900789976119995
YOR353C,YJL082W,0,0.0019097915,0.09246496856212616,0.8041958212852478,0.7901790142059326
YJR006W,YLR350W,0,0.0019083885,0.09245434403419495,0.8041958212852478,0.7902790307998657
YBL026W,YPL093W,0,0.0019080415,0.09244372695684433,0.8041958212852478,0.7903790473937988
YKL190W,YNL026W,0,0.0019059704,0.09243311733007431,0.8041958212852478,0.7904790639877319
YIL094C,YLR429W,0,0.0019057448,0.0924225002527237,0.8041958212852478,0.790579080581665
YBL058W,YHR074W,0,0.0019056113,0.09241189062595367,0.8041958212852478,0.7906790971755981
YHR029C,YPL127C,0,0.0019044382,0.09240128844976425,0.8041958212852478,0.7907790541648865
YJL155C,YLR348C,0,0.0019042686,0.09239067882299423,0.8041958212852478,0.7908790707588196
YJL005W,YNL095C,0,0.0019024813,0.09238007664680481,0.8041958212852478,0.7909790873527527
YLL003W,YNL027W,0,0.0019015562,0.09236947447061539,0.8041958212852478,0.7910791039466858
YKL126W,YGR112W,0,0.0019014514,0.09235887974500656,0.8041958212852478,0.7911791205406189
YBR095C,YGL174W,0,0.001901082,0.09234828501939774,0.8041958212852478,0.791279137134552
YPL127C,YOR297C,0,0.0018998537,0.09233769029378891,0.8041958212852478,0.7913791537284851
YDR245W,YOL090W,0,0.0018982323,0.09232710301876068,0.8041958212852478,0.7914791703224182
YMR146C,YBR223C,0,0.001897582,0.09231651574373245,0.8041958212852478,0.7915791869163513
YNL283C,YNL026W,0,0.0018972306,0.09230592846870422,0.8041958212852478,0.7916791439056396
YOL020W,YMR088C,1,0.0018963342,0.09240999817848206,0.8051947951316833,0.7916791439056396
YLR270W,YJL176C,0,0.0018955484,0.09239940345287323,0.8051947951316833,0.7917791604995728
YLL061W,YHL036W,1,0.0018948547,0.09250343590974808,0.8061938285827637,0.7917791604995728
YGR143W,YAL040C,0,0.0018930896,0.09249283373355865,0.8061938285827637,0.7918791770935059
YLR080W,YMR172W,0,0.0018914938,0.09248223900794983,0.8061938285827637,0.791979193687439
YDL111C,YJL095W,0,0.0018913678,0.0924716368317604,0.8061938285827637,0.7920792102813721
YLR182W,YGR072W,0,0.0018903005,0.09246104210615158,0.8061938285827637,0.7921792268753052
YGL244W,YML080W,0,0.001888946,0.09245045483112335,0.8061938285827637,0.7922792434692383
YDR499W,YOR279C,0,0.0018887232,0.09243986010551453,0.8061938285827637,0.7923792600631714
YNL283C,YJL053W,0,0.0018882548,0.0924292728304863,0.8061938285827637,0.7924792766571045
YOL010W,YIL061C,0,0.0018865931,0.09241869300603867,0.8061938285827637,0.7925792336463928
YEL052W,YDL040C,0,0.0018859055,0.09240810573101044,0.8061938285827637,0.7926792502403259
YGR052W,YJL117W,0,0.0018826356,0.0923975259065628,0.8061938285827637,0.792779266834259
YJR083C,YNL284C,0,0.0018806591,0.09238694608211517,0.8061938285827637,0.7928792834281921
YIL002C,YML056C,0,0.0018805428,0.09237637370824814,0.8061938285827637,0.7929793000221252
YMR013C,YDR389W,0,0.0018802494,0.0923658013343811,0.8061938285827637,0.7930793166160583
YJR119C,YKL124W,0,0.0018795567,0.09235522896051407,0.8061938285827637,0.7931793332099915
YDR030C,YDR416W,0,0.0018791391,0.09234466403722763,0.8061938285827637,0.7932793498039246
YOR292C,YCL008C,0,0.0018755989,0.09233409911394119,0.8061938285827637,0.7933793663978577
YBL034C,YJL176C,0,0.001875034,0.09232353419065475,0.8061938285827637,0.793479323387146
YMR020W,YKL206C,0,0.0018746984,0.09231296926736832,0.8061938285827637,0.7935793399810791
YMR005W,YGR276C,0,0.0018743122,0.09230241179466248,0.8061938285827637,0.7936793565750122
YNL314W,YNL122C,0,0.0018727427,0.09229185432195663,0.8061938285827637,0.7937793731689453
YMR097C,YKL206C,0,0.0018693454,0.09228130429983139,0.8061938285827637,0.7938793897628784
YCR060W,YLR145W,0,0.0018691879,0.09227075427770615,0.8061938285827637,0.7939794063568115
YNL010W,YBR129C,0,0.0018689077,0.0922602042555809,0.8061938285827637,0.7940794229507446
YPR006C,YCR002C,0,0.0018689041,0.09224965423345566,0.8061938285827637,0.7941794395446777
YMR013C,YJR006W,0,0.0018680468,0.09223911166191101,0.8061938285827637,0.7942794561386108
YOR020C,YMR304W,0,0.0018656445,0.09222856909036636,0.8061938285827637,0.7943794131278992
YOL052C,YAR031W,0,0.0018652988,0.09221803396940231,0.8061938285827637,0.7944794297218323
YBR006W,YKL117W,0,0.0018648579,0.09220749884843826,0.8061938285827637,0.7945794463157654
YBR120C,YNR010W,0,0.0018640858,0.09219696372747421,0.8061938285827637,0.7946794629096985
YPL122C,YLL012W,0,0.0018608787,0.09218642860651016,0.8061938285827637,0.7947794795036316
YIL139C,YDR131C,0,0.0018576143,0.09217590093612671,0.8061938285827637,0.7948794960975647
YNL050C,YOR230W,0,0.0018562814,0.09216537326574326,0.8061938285827637,0.7949795126914978
YER150W,YNR067C,0,0.0018560949,0.0921548455953598,0.8061938285827637,0.7950795292854309
YLR029C,YJR133W,0,0.0018557037,0.09214432537555695,0.8061938285827637,0.795179545879364
YER117W,YBR222C,0,0.0018555773,0.09213380515575409,0.8061938285827637,0.7952795028686523
YBR093C,YOL108C,0,0.0018544014,0.09212328493595123,0.8061938285827637,0.7953795194625854
YOR275C,YPL274W,0,0.0018524316,0.09211277216672897,0.8061938285827637,0.7954795360565186
YIL143C,YAL017W,0,0.0018499971,0.09210225939750671,0.8061938285827637,0.7955795526504517
YLR289W,YGR251W,0,0.0018496951,0.09209174662828445,0.8061938285827637,0.7956795692443848
YML080W,YIL035C,0,0.001848054,0.09208124130964279,0.8061938285827637,0.7957795858383179
YJL187C,YGL233W,0,0.0018473925,0.09207073599100113,0.8061938285827637,0.795879602432251
YEL012W,YIL142W,0,0.0018465716,0.09206023067235947,0.8061938285827637,0.7959796190261841
YOR279C,YPL129W,0,0.0018440051,0.0920497328042984,0.8061938285827637,0.7960796356201172
YOL086C,YDR196C,0,0.0018440034,0.09203923493623734,0.8061938285827637,0.7961795926094055
YHR179W,YBR274W,0,0.0018405442,0.09202873706817627,0.8061938285827637,0.7962796092033386
YCL018W,YHR051W,0,0.0018368328,0.0920182466506958,0.8061938285827637,0.7963796257972717
YDR512C,YGL180W,0,0.0018367838,0.09200775623321533,0.8061938285827637,0.7964796423912048
YDR508C,YKL146W,1,0.0018340617,0.0921112596988678,0.8071928024291992,0.7964796423912048
YPL276W,YGR225W,0,0.0018327633,0.09210076183080673,0.8071928024291992,0.7965796589851379
YJR005W,YBR093C,0,0.0018326341,0.09209026396274567,0.8071928024291992,0.796679675579071
YPL099C,YGL030W,0,0.0018320812,0.0920797735452652,0.8071928024291992,0.7967796921730042
YDR371W,YDR392W,0,0.0018307632,0.09206928312778473,0.8071928024291992,0.7968797087669373
YOR310C,YLR025W,0,0.001826881,0.09205879271030426,0.8071928024291992,0.7969797253608704
YGR264C,YAL031C,0,0.0018268392,0.09204830229282379,0.8071928024291992,0.7970796823501587
YDL078C,YNL282W,0,0.001825659,0.09203781932592392,0.8071928024291992,0.7971796989440918
YNR031C,YGR134W,0,0.001824896,0.09202733635902405,0.8071928024291992,0.7972797155380249
YKL020C,YML099C,0,0.0018240833,0.09201685339212418,0.8071928024291992,0.797379732131958
YOL020W,YEL063C,1,0.0018216573,0.09212024509906769,0.8081918358802795,0.797379732131958
YGL172W,YMR304W,0,0.0018204742,0.09210975468158722,0.8081918358802795,0.7974797487258911
YDR416W,YGL190C,0,0.0018197863,0.09209927171468735,0.8081918358802795,0.7975797653198242
YPL167C,YLR024C,0,0.0018181804,0.09208878874778748,0.8081918358802795,0.7976797819137573
YBR173C,YBR257W,0,0.0018180255,0.0920783057808876,0.8081918358802795,0.7977797985076904
YKL061W,YDR476C,0,0.0018169424,0.09206783026456833,0.8081918358802795,0.7978798151016235
YNR031C,YCR026C,0,0.0018161848,0.09205734729766846,0.8081918358802795,0.7979797720909119
YOR138C,YJL081C,0,0.0018153993,0.09204687923192978,0.8081918358802795,0.798079788684845
YGR281W,YFL023W,0,0.00181502,0.0920364037156105,0.8081918358802795,0.7981798052787781
YBR195C,YOL010W,0,0.0018146633,0.09202593564987183,0.8081918358802795,0.7982798218727112
YBR095C,YJR040W,0,0.0018138421,0.09201546758413315,0.8081918358802795,0.7983798384666443
YLL041C,YBR061C,0,0.001812481,0.09200500696897507,0.8081918358802795,0.7984798550605774
YER013W,YPL151C,0,0.0018116254,0.09199453890323639,0.8081918358802795,0.7985798716545105
YDR296W,YDL040C,0,0.0018085015,0.09198407828807831,0.8081918358802795,0.7986798882484436
YIL021W,YOR285W,0,0.0018078939,0.09197362512350082,0.8081918358802795,0.7987799048423767
YIL142W,YMR179W,0,0.0018077882,0.09196317195892334,0.8081918358802795,0.798879861831665
YJL087C,YER151C,0,0.0018062063,0.09195271879434586,0.8081918358802795,0.7989798784255981
YER098W,YER117W,0,0.001803393,0.09194226562976837,0.8081918358802795,0.7990798950195312
YLL045C,YDL097C,0,0.0018024456,0.09193181991577148,0.8081918358802795,0.7991799116134644
YOL062C,YBR173C,0,0.0018008283,0.0919213742017746,0.8081918358802795,0.7992799282073975
YHR119W,YIL140W,0,0.0017992527,0.09191092848777771,0.8081918358802795,0.7993799448013306
YLR206W,YFL023W,0,0.0017991712,0.09190049022436142,0.8081918358802795,0.7994799613952637
YDR411C,YLR197W,0,0.0017989333,0.09189005196094513,0.8081918358802795,0.7995799779891968
YKL146W,YMR088C,1,0.0017985489,0.09199318289756775,0.8091908097267151,0.7995799779891968
YLR182W,YDR059C,0,0.0017982039,0.09198273718357086,0.8091908097267151,0.7996799945831299
YDL036C,YHR069C,0,0.0017978196,0.09197229146957397,0.8091908097267151,0.7997799515724182
YOR297C,YPL163C,0,0.0017974158,0.09196185320615768,0.8091908097267151,0.7998799681663513
YBR026C,YDR226W,0,0.0017952954,0.0919514149427414,0.8091908097267151,0.7999799847602844
YNR006W,YOL062C,0,0.0017931287,0.0919409766793251,0.8091908097267151,0.8000800013542175
YJR006W,YIR038C,0,0.0017923769,0.09193053841590881,0.8091908097267151,0.8001800179481506
YPL273W,YLR130C,0,0.0017917167,0.09192010760307312,0.8091908097267151,0.8002800345420837
YDR090C,YLR251W,0,0.0017908693,0.09190967679023743,0.8091908097267151,0.8003800511360168
YKL176C,YLL061W,1,0.0017906484,0.09201270341873169,0.8101897835731506,0.8003800511360168
YAL017W,YGL190C,0,0.0017899403,0.0920022651553154,0.8101897835731506,0.80048006772995
YNL117W,YKL171W,0,0.0017887197,0.0919918343424797,0.8101897835731506,0.8005800843238831
YMR077C,YPL129W,0,0.0017880244,0.09198139607906342,0.8101897835731506,0.8006800413131714
YOL057W,YNL258C,0,0.0017876669,0.09197096526622772,0.8101897835731506,0.8007800579071045
YBR293W,YEL062W,1,0.0017873037,0.09207393229007721,0.811188817024231,0.8007800579071045
YDR499W,YPR127W,0,0.0017865475,0.09206349402666092,0.811188817024231,0.8008800745010376
YBR278W,YNL259C,0,0.0017826111,0.09205305576324463,0.811188817024231,0.8009800910949707
YGL190C,YIL048W,0,0.0017826018,0.09204261749982834,0.811188817024231,0.8010801076889038
YBR132C,YGR142W,1,0.0017807693,0.09214553236961365,0.8121877908706665,0.8010801076889038
YLR305C,YOR304W,0,0.0017775004,0.09213508665561676,0.8121877908706665,0.8011801242828369
YER130C,YLR350W,0,0.0017773928,0.09212464839220047,0.8121877908706665,0.80128014087677
YDL036C,YLR270W,0,0.0017757752,0.09211421012878418,0.8121877908706665,0.8013801574707031
YPR024W,YKL124W,0,0.0017749572,0.09210377186536789,0.8121877908706665,0.8014801740646362
YOR274W,YMR137C,0,0.0017728361,0.0920933410525322,0.8121877908706665,0.8015801310539246
YKL190W,YLR088W,0,0.001772669,0.0920829102396965,0.8121877908706665,0.8016801476478577
YDL142C,YNL107W,0,0.0017722971,0.09207247942686081,0.8121877908706665,0.8017801642417908
YOR148C,YPL244C,0,0.0017717993,0.09206205606460571,0.8121877908706665,0.8018801808357239
YER098W,YLR330W,0,0.0017714984,0.09205163270235062,0.8121877908706665,0.801980197429657
YKL007W,YML097C,0,0.0017713145,0.09204120934009552,0.8121877908706665,0.8020802140235901
YPL083C,YJR101W,0,0.0017691455,0.09203079342842102,0.8121877908706665,0.8021802306175232
YIL061C,YKL205W,0,0.0017671004,0.09202037006616592,0.8121877908706665,0.8022802472114563
YGL200C,YOR142W,0,0.0017661586,0.09200996160507202,0.8121877908706665,0.8023802638053894
YKL067W,YLR042C,0,0.0017657786,0.09199954569339752,0.8121877908706665,0.8024802207946777
YER103W,YJL171C,0,0.0017649586,0.09198913723230362,0.8121877908706665,0.8025802373886108
YGL077C,YIL088C,1,0.0017624936,0.092091865837574,0.8131868243217468,0.8025802373886108
YOR317W,YGR199W,0,0.001761962,0.0920814499258995,0.8131868243217468,0.802680253982544
YFR029W,YNR057C,0,0.0017616482,0.092071034014225,0.8131868243217468,0.802780270576477
YBR059C,YNL016W,0,0.0017601094,0.0920606181025505,0.8131868243217468,0.8028802871704102
YPR072W,YKL064W,0,0.0017597122,0.0920502096414566,0.8131868243217468,0.8029803037643433
YKL186C,YMR295C,0,0.0017583625,0.0920398011803627,0.8131868243217468,0.8030803203582764
YGR264C,YOR089C,0,0.0017575484,0.0920293927192688,0.8131868243217468,0.8031803369522095
YDR144C,YGR251W,0,0.0017573318,0.0920189917087555,0.8131868243217468,0.8032803535461426
YJL117W,YGR276C,0,0.0017564911,0.09200859069824219,0.8131868243217468,0.8033803105354309
YDR419W,YLR145W,0,0.0017558743,0.09199818968772888,0.8131868243217468,0.803480327129364
YLL045C,YNL273W,0,0.0017551264,0.09198779612779617,0.8131868243217468,0.8035803437232971
YNL283C,YMR160W,0,0.0017545024,0.09197740256786346,0.8131868243217468,0.8036803603172302
YNL101W,YPR021C,1,0.0017542829,0.09207998961210251,0.8141857981681824,0.8036803603172302
YDR172W,YHR060W,0,0.0017528054,0.0920695886015892,0.8141857981681824,0.8037803769111633
YLR153C,YKR028W,0,0.0017514543,0.0920591875910759,0.8141857981681824,0.8038803935050964
YNR067C,YNR002C,0,0.00174834,0.09204879403114319,0.8141857981681824,0.8039804100990295
YHR004C,YIL047C,0,0.0017476602,0.09203839302062988,0.8141857981681824,0.8040804266929626
YIL142W,YJL095W,0,0.0017452743,0.09202800691127777,0.8141857981681824,0.8041804432868958
YOR074C,YMR173W,0,0.0017427374,0.09201761335134506,0.8141857981681824,0.8042804002761841
YKL176C,YNL268W,1,0.001742374,0.09212011843919754,0.8151848316192627,0.8042804002761841
YHR074W,YKL175W,0,0.0017416476,0.09210971742868423,0.8151848316192627,0.8043804168701172
YER168C,YLR164W,0,0.0017408303,0.09209932386875153,0.8151848316192627,0.8044804334640503
YJL176C,YOR180C,0,0.0017403606,0.09208893030881882,0.8151848316192627,0.8045804500579834
YPR060C,YOR098C,0,0.001738284,0.09207853674888611,0.8151848316192627,0.8046804666519165
YGR085C,YDR476C,0,0.0017380815,0.092068150639534,0.8151848316192627,0.8047804832458496
YHR060W,YOR216C,0,0.0017371484,0.09205776453018188,0.8151848316192627,0.8048804998397827
YFR013W,YDR164C,0,0.0017365431,0.09204737842082977,0.8151848316192627,0.8049805164337158
YOR291W,YLL019C,0,0.0017361069,0.09203699231147766,0.8151848316192627,0.8050805330276489
YLR291C,YPR159W,0,0.0017350162,0.09202661365270615,0.8151848316192627,0.8051804900169373
YNL268W,YMR088C,1,0.0017326114,0.09212899953126907,0.8161838054656982,0.8051804900169373
YLR183C,YBR141C,0,0.0017320515,0.09211861342191696,0.8161838054656982,0.8052805066108704
YDR195W,YEL029C,0,0.0017284334,0.09210822731256485,0.8161838054656982,0.8053805232048035
YCR060W,YMR321C,0,0.0017268503,0.09209784865379333,0.8161838054656982,0.8054805397987366
YOR348C,YEL063C,1,0.0017241989,0.09220018237829208,0.8171828389167786,0.8054805397987366
YDR254W,YNL175C,0,0.0017228362,0.09218978881835938,0.8171828389167786,0.8055805563926697
YDR306C,YJL200C,0,0.0017225344,0.09217940270900726,0.8171828389167786,0.8056805729866028
YMR186W,YLR028C,0,0.0017221515,0.09216901659965515,0.8171828389167786,0.8057805895805359
YMR033W,YLR309C,0,0.0017221081,0.09215863049030304,0.8171828389167786,0.805880606174469
YGR285C,YLL061W,0,0.001720742,0.09214825183153152,0.8171828389167786,0.8059806227684021
YKL176C,YNL101W,1,0.0017203203,0.09225050359964371,0.8181818127632141,0.8059806227684021
YPL196W,YDR416W,0,0.00171904,0.0922401174902916,0.8181818127632141,0.8060805797576904
YDR530C,YBR150C,0,0.001718869,0.09222973138093948,0.8181818127632141,0.8061805963516235
YIL076W,YPR060C,0,0.0017178628,0.09221934527158737,0.8181818127632141,0.8062806129455566
YDR378C,YPL244C,0,0.0017173045,0.09220895916223526,0.8181818127632141,0.8063806295394897
YNL172W,YMR172W,0,0.0017171466,0.09219858050346375,0.8181818127632141,0.8064806461334229
YKL090W,YNL267W,0,0.0017165868,0.09218820184469223,0.8181818127632141,0.806580662727356
YJR055W,YML109W,0,0.0017155216,0.09217783063650131,0.8181818127632141,0.8066806793212891
YGR288W,YMR194W,0,0.0017110736,0.0921674519777298,0.8181818127632141,0.8067806959152222
YOR159C,YDR378C,0,0.0017106305,0.09215708076953888,0.8181818127632141,0.8068807125091553
YBR278W,YMR284W,0,0.0017105873,0.09214671701192856,0.8181818127632141,0.8069806694984436
YMR123W,YJL053W,0,0.0017098448,0.09213634580373764,0.8181818127632141,0.8070806860923767
YIL088C,YBL079W,0,0.0017088865,0.09212598204612732,0.8181818127632141,0.8071807026863098
YOR148C,YOR261C,0,0.0017065883,0.0921156257390976,0.8181818127632141,0.8072807192802429
YCL014W,YIR039C,0,0.0017064265,0.09210526198148727,0.8181818127632141,0.807380735874176
YKL074C,YLR164W,0,0.0017059393,0.09209490567445755,0.8181818127632141,0.8074807524681091
YLR452C,YPL119C,0,0.0017041106,0.09208454936742783,0.8181818127632141,0.8075807690620422
YKR002W,YNL006W,0,0.0017038065,0.0920742005109787,0.8181818127632141,0.8076807856559753
YPR191W,YOR327C,0,0.0017037676,0.09206385165452957,0.8181818127632141,0.8077808022499084
YNL202W,YCR057C,0,0.0017028213,0.09205350279808044,0.8181818127632141,0.8078807592391968
YMR246W,YHR051W,0,0.0017024064,0.09204315394163132,0.8181818127632141,0.8079807758331299
YNR021W,YLR073C,0,0.0016991906,0.09203281253576279,0.8181818127632141,0.808080792427063
YEL053C,YMR301C,0,0.0016991484,0.09202247112989426,0.8181818127632141,0.8081808090209961
YLR440C,YDR508C,0,0.001698922,0.09201213717460632,0.8181818127632141,0.8082808256149292
YIL002C,YOR304W,0,0.0016975258,0.09200179576873779,0.8181818127632141,0.8083808422088623
YLL029W,YOR099W,0,0.0016966866,0.09199146181344986,0.8181818127632141,0.8084808588027954
YOR206W,YBR118W,0,0.0016942975,0.09198113530874252,0.8181818127632141,0.8085808753967285
YOL142W,YER115C,0,0.0016930609,0.09197080135345459,0.8181818127632141,0.8086808919906616
YER117W,YGR143W,0,0.001691837,0.09196047484874725,0.8181818127632141,0.80878084897995
YPL119C,YNL175C,0,0.0016894217,0.09195014834403992,0.8181818127632141,0.8088808655738831
YBR293W,YDR508C,1,0.001688973,0.09205208718776703,0.8191808462142944,0.8088808655738831
YGL068W,YPR133W-A,0,0.0016883187,0.0920417532324791,0.8191808462142944,0.8089808821678162
YLR107W,YKL020C,0,0.001687724,0.09203142672777176,0.8191808462142944,0.8090808987617493
YDL202W,YDR498C,0,0.0016867138,0.09202110022306442,0.8191808462142944,0.8091809153556824
YPL151C,YMR089C,0,0.0016838368,0.09201077371835709,0.8191808462142944,0.8092809319496155
YDR512C,YJL172W,0,0.0016832679,0.09200044721364975,0.8191808462142944,0.8093809485435486
YOR283W,YOL090W,0,0.0016831869,0.09199012815952301,0.8191808462142944,0.8094809651374817
YMR180C,YPL087W,0,0.0016824268,0.09197980910539627,0.8191808462142944,0.8095809817314148
YDR497C,YLR350W,0,0.0016798786,0.09196949005126953,0.8191808462142944,0.8096809387207031
YML049C,YMR137C,0,0.0016798419,0.09195917844772339,0.8191808462142944,0.8097809553146362
YEL052W,YKR026C,0,0.0016793326,0.09194886684417725,0.8191808462142944,0.8098809719085693
YJR001W,YEL062W,1,0.0016792909,0.09205067902803421,0.82017982006073,0.8098809719085693
YDL215C,YLR401C,0,0.0016791999,0.09204035997390747,0.82017982006073,0.8099809885025024
YDL036C,YKL085W,0,0.0016786826,0.09203004091978073,0.82017982006073,0.8100810050964355
YKR002W,YJL095W,0,0.0016786811,0.09201972931623459,0.82017982006073,0.8101810216903687
YDR306C,YEL030W,0,0.0016775347,0.09200941026210785,0.82017982006073,0.8102810382843018
YGL083W,YJL128C,0,0.0016759248,0.0919991061091423,0.82017982006073,0.8103810548782349
YPR080W,YCL052C,0,0.0016753002,0.09198879450559616,0.82017982006073,0.810481071472168
YML051W,YPL094C,0,0.0016744097,0.09197849035263062,0.82017982006073,0.8105810284614563
YGR056W,YMR304W,0,0.0016735428,0.09196818619966507,0.82017982006073,0.8106810450553894
YML032C,YMR137C,0,0.0016728514,0.09195788204669952,0.82017982006073,0.8107810616493225
YGR095C,YOR219C,0,0.0016727294,0.09194758534431458,0.82017982006073,0.8108810782432556
YCL038C,YKL146W,1,0.0016721522,0.09204927086830139,0.8211787939071655,0.8108810782432556
YDR064W,YOL136C,0,0.0016711121,0.09203896671533585,0.8211787939071655,0.8109810948371887
YJR138W,YHR057C,0,0.0016690006,0.0920286625623703,0.8211787939071655,0.8110811114311218
YJR140C,YNL182C,0,0.0016662658,0.09201835840940475,0.8211787939071655,0.8111811280250549
YNL008C,YLL027W,0,0.0016660254,0.0920080617070198,0.8211787939071655,0.811281144618988
YDR508C,YMR088C,1,0.0016651239,0.09210968017578125,0.8221778273582458,0.811281144618988
YCR057C,YAL029C,0,0.0016640399,0.0920993760228157,0.8221778273582458,0.8113811612129211
YGL174W,YDR173C,0,0.001663202,0.09208906441926956,0.8221778273582458,0.8114811778068542
YJL171C,YDR195W,0,0.0016627255,0.09207876771688461,0.8221778273582458,0.8115811347961426
YJL060W,YOR261C,0,0.0016622198,0.09206846356391907,0.8221778273582458,0.8116811513900757
YPL002C,YKR002W,0,0.0016621619,0.09205816686153412,0.8221778273582458,0.8117811679840088
YPR060C,YBR093C,0,0.0016610641,0.09204787015914917,0.8221778273582458,0.8118811845779419
YIL142W,YOR261C,0,0.0016579586,0.09203757345676422,0.8221778273582458,0.811981201171875
YLL019C,YJR032W,0,0.001657452,0.09202728420495987,0.8221778273582458,0.8120812177658081
YGR085C,YJL166W,0,0.0016572839,0.09201699495315552,0.8221778273582458,0.8121812343597412
YGR191W,YBR068C,1,0.001655408,0.09211850166320801,0.8231768012046814,0.8121812343597412
YLL027W,YOR327C,0,0.0016553914,0.09210820496082306,0.8231768012046814,0.8122812509536743
YGL094C,YCR014C,0,0.0016552559,0.09209790825843811,0.8231768012046814,0.8123812675476074
YML080W,YDR444W,0,0.0016547297,0.09208761900663376,0.8231768012046814,0.8124812245368958
YJR149W,YHR119W,0,0.001652037,0.0920773297548294,0.8231768012046814,0.8125812411308289
YGR285C,YDR170C,0,0.0016520064,0.09206704050302505,0.8231768012046814,0.812681257724762
YNL085W,YKL175W,0,0.0016509214,0.0920567512512207,0.8231768012046814,0.8127812743186951
YOL145C,YDR310C,0,0.001650417,0.09204646944999695,0.8231768012046814,0.8128812909126282
YOL070C,YNL008C,0,0.0016501859,0.0920361876487732,0.8231768012046814,0.8129813075065613
YDR389W,YER171W,0,0.0016497957,0.09202591329813004,0.8231768012046814,0.8130813241004944
YEL037C,YNL304W,0,0.0016489506,0.09201563149690628,0.8231768012046814,0.8131813406944275
YDL083C,YML132W,0,0.001648756,0.09200535714626312,0.8231768012046814,0.8132813572883606
YNL290W,YPL093W,0,0.0016469196,0.09199509024620056,0.8231768012046814,0.8133813142776489
YMR300C,YDR062W,0,0.0016466712,0.0919848158955574,0.8231768012046814,0.813481330871582
YCR057C,YJL124C,0,0.0016458082,0.09197454899549484,0.8231768012046814,0.8135813474655151
YCL018W,YPL087W,0,0.0016447557,0.09196428209543228,0.8231768012046814,0.8136813640594482
YLR278C,YJL176C,0,0.0016444706,0.09195402264595032,0.8231768012046814,0.8137813806533813
YNR017W,YMR114C,0,0.0016441435,0.09194376319646835,0.8231768012046814,0.8138813972473145
YCR052W,YLL012W,0,0.0016434744,0.09193350374698639,0.8231768012046814,0.8139814138412476
YGR167W,YGL103W,0,0.0016431606,0.09192325174808502,0.8231768012046814,0.8140814304351807
YOL155C,YBR072W,0,0.001642148,0.09191299229860306,0.8231768012046814,0.8141814470291138
YMR194W,YJL134W,0,0.0016419971,0.09190274029970169,0.8231768012046814,0.8142814040184021
YGR175C,YKL205W,0,0.0016416851,0.09189249575138092,0.8231768012046814,0.8143814206123352
YIL088C,YEL062W,1,0.00164105,0.09199375659227371,0.8241758346557617,0.8143814206123352
YLR105C,YGR199W,0,0.001639148,0.09198349714279175,0.8241758346557617,0.8144814372062683
YLR353W,YGR285C,0,0.0016377105,0.09197324514389038,0.8241758346557617,0.8145814538002014
YDL061C,YJL117W,0,0.0016373309,0.09196299314498901,0.8241758346557617,0.8146814703941345
YOL020W,YGR142W,1,0.001635385,0.09206420183181763,0.8251748085021973,0.8146814703941345
YMR049C,YLR153C,0,0.0016345287,0.09205394238233566,0.8251748085021973,0.8147814869880676
YBR260C,YOR209C,0,0.0016341171,0.0920436829328537,0.8251748085021973,0.8148815035820007
YGR282C,YKL003C,0,0.0016308291,0.09203342348337173,0.8251748085021973,0.8149815201759338
YGR144W,YIL133C,0,0.0016284939,0.09202317148447037,0.8251748085021973,0.8150815367698669
YCR075C,YGR142W,1,0.0016283264,0.0921243205666542,0.8261738419532776,0.8150815367698669
YMR179W,YIL079C,0,0.0016278017,0.09211405366659164,0.8261738419532776,0.8151814937591553
YKR039W,YPL265W,1,0.0016264437,0.0922151654958725,0.8271728157997131,0.8151814937591553
YLR285W,YER168C,0,0.0016258438,0.09220489859580994,0.8271728157997131,0.8152815103530884
YOL038W,YJR040W,0,0.0016255204,0.09219463169574738,0.8271728157997131,0.8153815269470215
YML080W,YMR213W,0,0.001623253,0.09218437224626541,0.8271728157997131,0.8154815435409546
YNL202W,YIL006W,0,0.00162136,0.09217410534620285,0.8271728157997131,0.8155815601348877
YER151C,YHR082C,0,0.0016201101,0.09216384589672089,0.8271728157997131,0.8156815767288208
YBR002C,YBR031W,0,0.0016194106,0.09215358644723892,0.8271728157997131,0.8157815933227539
YKR036C,YOR230W,0,0.0016175468,0.09214333444833755,0.8271728157997131,0.815881609916687
YIL108W,YGR089W,0,0.0016174428,0.09213308244943619,0.8271728157997131,0.8159816265106201
YNR018W,YLR130C,0,0.0016116389,0.09212283045053482,0.8271728157997131,0.8160815834999084
YJL140W,YGR095C,0,0.001608507,0.09211257845163345,0.8271728157997131,0.8161816000938416
YOL082W,YDL171C,0,0.0016083646,0.09210233390331268,0.8271728157997131,0.8162816166877747
YIR011C,YBR274W,0,0.00160836,0.09209208935499191,0.8271728157997131,0.8163816332817078
YER055C,YDR174W,0,0.001607482,0.09208185225725174,0.8271728157997131,0.8164816498756409
YPL265W,YPL274W,1,0.0016070985,0.09218280762434006,0.8281718492507935,0.8164816498756409
YER103W,YOR239W,0,0.0016050014,0.09217256307601929,0.8281718492507935,0.816581666469574
YJR006W,YJR140C,0,0.0016042556,0.09216231107711792,0.8281718492507935,0.8166816830635071
YMR284W,YGR179C,0,0.0015998619,0.09215206652879715,0.8281718492507935,0.8167816996574402
YNL261W,YNL027W,0,0.0015976455,0.09214182198047638,0.8281718492507935,0.8168817162513733
YOR038C,YGR271W,0,0.0015964366,0.0921315848827362,0.8281718492507935,0.8169816732406616
YPR091C,YLR389C,0,0.0015947926,0.09212134778499603,0.8281718492507935,0.8170816898345947
YOR323C,YDL206W,0,0.0015902172,0.09211111068725586,0.8281718492507935,0.8171817064285278
YBL089W,YEL062W,1,0.0015887303,0.09221197664737701,0.829170823097229,0.8171817064285278
YKL165C,YNR002C,0,0.0015885844,0.09220173209905624,0.829170823097229,0.8172817230224609
YDR512C,YBR125C,0,0.001585541,0.09219149500131607,0.829170823097229,0.817381739616394
YAL060W,YDR492W,0,0.0015854223,0.0921812504529953,0.829170823097229,0.8174817562103271
YDR263C,YKL168C,0,0.0015816266,0.09217101335525513,0.829170823097229,0.8175817728042603
YGR010W,YDR496C,0,0.001580557,0.09216078370809555,0.829170823097229,0.8176817893981934
YPL139C,YDR392W,0,0.0015799175,0.09215054661035538,0.829170823097229,0.8177818059921265
YDR454C,YLR182W,0,0.0015770266,0.0921403169631958,0.829170823097229,0.8178817629814148
YCR027C,YDR160W,1,0.0015763442,0.09224109351634979,0.8301698565483093,0.8178817629814148
YGL112C,YJL144W,0,0.0015744099,0.09223085641860962,0.8301698565483093,0.8179817795753479
YLL004W,YMR301C,0,0.0015743342,0.09222061932086945,0.8301698565483093,0.818081796169281
YBR096W,YKL124W,0,0.0015722773,0.09221038967370987,0.8301698565483093,0.8181818127632141
YDL028C,YGL244W,0,0.0015714302,0.0922001525759697,0.8301698565483093,0.8182818293571472
YIR038C,YBL034C,0,0.001570917,0.09218993037939072,0.8301698565483093,0.8183818459510803
YLR028C,YPL244C,0,0.0015708655,0.09217970073223114,0.8301698565483093,0.8184818625450134
YDR414C,YCL052C,0,0.0015691755,0.09216947853565216,0.8301698565483093,0.8185818791389465
YMR276W,YJR103W,0,0.0015687608,0.09215925633907318,0.8301698565483093,0.8186818957328796
YDL078C,YNR003C,0,0.0015681844,0.0921490341424942,0.8301698565483093,0.818781852722168
YDR046C,YKL146W,1,0.0015680955,0.09224969148635864,0.8311688303947449,0.818781852722168
YDL024C,YDL216C,0,0.001564911,0.09223946928977966,0.8311688303947449,0.8188818693161011
YNL101W,YJL059W,1,0.0015642822,0.09234009683132172,0.8321678042411804,0.8188818693161011
YGR177C,YIL042C,0,0.0015635333,0.09232985973358154,0.8321678042411804,0.8189818859100342
YER185W,YOR148C,0,0.0015620423,0.09231963008642197,0.8321678042411804,0.8190819025039673
YER145C,YDR226W,0,0.001560991,0.09230940043926239,0.8321678042411804,0.8191819190979004
YKL085W,YEL041W,0,0.0015606135,0.09229917079210281,0.8321678042411804,0.8192819356918335
YJR021C,YGL030W,0,0.0015604962,0.09228894114494324,0.8321678042411804,0.8193819522857666
YMR038C,YPL096W,0,0.001559852,0.09227871894836426,0.8321678042411804,0.8194819688796997
YJL172W,YDL074C,0,0.0015587342,0.09226849675178528,0.8321678042411804,0.8195819854736328
YPL139C,YJL140W,0,0.0015579499,0.0922582820057869,0.8321678042411804,0.8196819424629211
YDR512C,YDL197C,0,0.001556903,0.09224805980920792,0.8321678042411804,0.8197819590568542
YJL079C,YNL016W,0,0.0015551109,0.09223784506320953,0.8321678042411804,0.8198819756507874
YBR287W,YLR300W,0,0.0015549717,0.09222763776779175,0.8321678042411804,0.8199819922447205
YNL010W,YHL027W,0,0.0015547121,0.09221742302179337,0.8321678042411804,0.8200820088386536
YJR078W,YJL141C,0,0.0015530741,0.09220721572637558,0.8321678042411804,0.8201820254325867
YKL013C,YGL068W,0,0.0015516004,0.0921970084309578,0.8321678042411804,0.8202820420265198
YLR183C,YOR222W,0,0.0015501819,0.0921868085861206,0.8321678042411804,0.8203820586204529
YPL163C,YNL138W,0,0.0015481692,0.09217660874128342,0.8321678042411804,0.820482075214386
YDL206W,YGR010W,0,0.0015462348,0.09216640889644623,0.8321678042411804,0.8205820322036743
YNL127W,YKL095W,0,0.0015422198,0.09215620905160904,0.8321678042411804,0.8206820487976074
YDR164C,YDR109C,0,0.0015418064,0.09214601665735245,0.8321678042411804,0.8207820653915405
YDR046C,YGR191W,1,0.0015385265,0.09224643558263779,0.8331668376922607,0.8207820653915405
YNL273W,YDR195W,0,0.0015352776,0.09223622828722,0.8331668376922607,0.8208820819854736
YBR278W,YMR270C,0,0.0015338858,0.09222602844238281,0.8331668376922607,0.8209820985794067
YNL102W,YNL282W,0,0.0015326799,0.09221583604812622,0.8331668376922607,0.8210821151733398
YIL088C,YBR120C,0,0.0015325682,0.09220563620328903,0.8331668376922607,0.821182131767273
YJL004C,YPL087W,0,0.0015314282,0.09219544380903244,0.8331668376922607,0.821282148361206
YCL038C,YNL268W,1,0.0015311125,0.09229578822851181,0.8341658115386963,0.821282148361206
YKR039W,YEL064C,1,0.0015309601,0.09239611029624939,0.8351648449897766,0.821282148361206
YDL084W,YMR137C,0,0.0015276166,0.09238589555025101,0.8351648449897766,0.8213821649551392
YLR270W,YDL040C,0,0.0015196899,0.09237568825483322,0.8351648449897766,0.8214821219444275
YKR008W,YOR243C,0,0.0015187821,0.09236548095941544,0.8351648449897766,0.8215821385383606
YPR113W,YOR204W,0,0.0015184474,0.09235528111457825,0.8351648449897766,0.8216821551322937
YMR078C,YHR079C,0,0.0015165869,0.09234508126974106,0.8351648449897766,0.8217821717262268
YNL131W,YGL220W,0,0.0015155713,0.09233488142490387,0.8351648449897766,0.8218821883201599
YMR033W,YJL117W,0,0.0015148579,0.09232468158006668,0.8351648449897766,0.821982204914093
YPR072W,YGR258C,0,0.0015107753,0.09231448918581009,0.8351648449897766,0.8220822215080261
YKL176C,YBR069C,1,0.0015088186,0.09241470694541931,0.8361638188362122,0.8220822215080261
YCL014W,YJR032W,0,0.0015088093,0.09240450710058212,0.8361638188362122,0.8221822381019592
YOL020W,YKL146W,1,0.0015085356,0.09250469505786896,0.8371628522872925,0.8221822381019592
YEL063C,YJR001W,1,0.0015083861,0.0926048532128334,0.838161826133728,0.8221822381019592
YDR371W,YKL015W,0,0.001507816,0.09259463846683502,0.838161826133728,0.8222822546958923
YGL200C,YLR088W,0,0.0015062906,0.09258441627025604,0.838161826133728,0.8223822116851807
YLL034C,YMR270C,0,0.0015050175,0.09257420152425766,0.838161826133728,0.8224822282791138
YDR164C,YML109W,0,0.0015047259,0.09256398677825928,0.838161826133728,0.8225822448730469
YLL043W,YIL042C,0,0.0015047108,0.09255377948284149,0.838161826133728,0.82268226146698
YNL261W,YOL010W,0,0.0015037768,0.0925435721874237,0.838161826133728,0.8227822780609131
YOR230W,YHR082C,0,0.0015026074,0.09253336489200592,0.838161826133728,0.8228822946548462
YIL140W,YNL290W,0,0.0015025458,0.09252315759658813,0.838161826133728,0.8229823112487793
YGR144W,YJL103C,0,0.0015015224,0.09251295775175095,0.838161826133728,0.8230823278427124
YNL153C,YCR030C,0,0.0014995928,0.09250275790691376,0.838161826133728,0.8231823444366455
YGL241W,YPL011C,0,0.0014994472,0.09249255806207657,0.838161826133728,0.8232823014259338
YOL111C,YDR229W,0,0.0014973084,0.09248236566781998,0.838161826133728,0.8233823180198669
YBR052C,YOR226C,0,0.0014943619,0.09247217327356339,0.838161826133728,0.8234823346138
YMR228W,YPL007C,0,0.0014930014,0.0924619808793068,0.838161826133728,0.8235823512077332
YPL119C,YAL017W,0,0.0014927391,0.0924517884850502,0.838161826133728,0.8236823678016663
YDR371W,YMR284W,0,0.0014917515,0.0924416035413742,0.838161826133728,0.8237823843955994
YPL112C,YOR215C,0,0.001490172,0.09243141859769821,0.838161826133728,0.8238824009895325
YOR126C,YKL061W,0,0.0014889082,0.09242124110460281,0.838161826133728,0.8239824175834656
YGR145W,YPR001W,0,0.0014879771,0.09241105616092682,0.838161826133728,0.8240824341773987
YBR172C,YLR264W,0,0.001486987,0.09240087866783142,0.838161826133728,0.824182391166687
YMR276W,YFL045C,0,0.0014865827,0.09239070862531662,0.838161826133728,0.8242824077606201
YDL029W,YOR311C,0,0.0014863866,0.09238053113222122,0.838161826133728,0.8243824243545532
YMR033W,YPL163C,0,0.0014858631,0.09237036108970642,0.838161826133728,0.8244824409484863
YJR001W,YEL064C,1,0.0014823645,0.09247028082609177,0.8391608595848083,0.8244824409484863
YMR296C,YGL148W,0,0.0014821776,0.09246009588241577,0.8391608595848083,0.8245824575424194
YOL129W,YDR378C,0,0.001481359,0.09244992583990097,0.8391608595848083,0.8246824741363525
YNL008C,YKR019C,0,0.0014810361,0.09243974834680557,0.8391608595848083,0.8247824907302856
YDL197C,YOR215C,0,0.0014790356,0.09242957830429077,0.8391608595848083,0.8248825073242188
YPL150W,YKL180W,0,0.0014781267,0.09241940826177597,0.8391608595848083,0.8249825239181519
YJL124C,YMR179W,0,0.0014781014,0.09240923821926117,0.8391608595848083,0.8250824809074402
YER103W,YOR085W,0,0.0014770593,0.09239907562732697,0.8391608595848083,0.8251824975013733
YOL086C,YBR243C,0,0.0014766341,0.09238891303539276,0.8391608595848083,0.8252825140953064
YBR183W,YPL252C,0,0.001474833,0.09237875044345856,0.8391608595848083,0.8253825306892395
YJR138W,YOL004W,0,0.0014743073,0.09236859530210495,0.8391608595848083,0.8254825472831726
YLR425W,YKL189W,0,0.0014732574,0.09235844016075134,0.8391608595848083,0.8255825638771057
YGL068W,YBR010W,0,0.0014725785,0.09234828501939774,0.8391608595848083,0.8256825804710388
YPL007C,YLR389C,0,0.0014725077,0.09233812987804413,0.8391608595848083,0.8257825970649719
YLR029C,YOR099W,0,0.0014700273,0.09232798218727112,0.8391608595848083,0.825882613658905
YNL127W,YOR142W,0,0.0014699376,0.09231783449649811,0.8391608595848083,0.8259825706481934
YOL145C,YGL122C,0,0.0014684554,0.0923076942563057,0.8391608595848083,0.8260825872421265
YDL225W,YBR173C,0,0.0014676347,0.09229754656553268,0.8391608595848083,0.8261826038360596
YPL265W,YNL268W,1,0.0014673629,0.09239727258682251,0.8401598334312439,0.8261826038360596
YML032C,YOR304W,0,0.0014646106,0.0923871248960495,0.8401598334312439,0.8262826204299927
YNL268W,YGL077C,1,0.001464405,0.09248682111501694,0.8411588668823242,0.8262826204299927
YLR191W,YNL080C,0,0.0014641854,0.09247665852308273,0.8411588668823242,0.8263826370239258
YBR095C,YNL239W,0,0.0014628279,0.09246650338172913,0.8411588668823242,0.8264826536178589
YOR148C,YLR050C,0,0.0014622248,0.09245635569095612,0.8411588668823242,0.826582670211792
YGR252W,YMR270C,0,0.0014603053,0.09244620054960251,0.8411588668823242,0.8266826868057251
YGR281W,YHR209W,0,0.0014594758,0.0924360528588295,0.8411588668823242,0.8267827033996582
YDR332W,YDR173C,0,0.0014584443,0.09242590516805649,0.8411588668823242,0.8268826603889465
YGR216C,YGR258C,0,0.0014580652,0.09241575747728348,0.8411588668823242,0.8269826769828796
YER046W,YEL041W,0,0.0014564873,0.09240561723709106,0.8411588668823242,0.8270826935768127
YOR310C,YPL104W,0,0.0014550374,0.09239547699689865,0.8411588668823242,0.8271827101707458
YMR200W,YAL031C,0,0.0014516935,0.09238534420728683,0.8411588668823242,0.827282726764679
YPL265W,YER119C,1,0.0014511275,0.09248491376638412,0.8421578407287598,0.827282726764679
YEL052W,YOR145C,0,0.001451001,0.09247476607561111,0.8421578407287598,0.8273827433586121
YHR012W,YLR163C,0,0.0014506778,0.0924646258354187,0.8421578407287598,0.8274827599525452
YDL216C,YLR344W,0,0.0014497401,0.09245448559522629,0.8421578407287598,0.8275827765464783
YPR021C,YKL146W,1,0.0014494681,0.09255401045084,0.8431568145751953,0.8275827765464783
YDR046C,YNL268W,1,0.0014487001,0.09265350550413132,0.8441558480262756,0.8275827765464783
YGL256W,YGL148W,0,0.0014479492,0.09264335036277771,0.8441558480262756,0.8276827931404114
YMR097C,YIR032C,0,0.001447435,0.0926331952214241,0.8441558480262756,0.8277827501296997
YHR047C,YMR308C,0,0.0014468513,0.0926230400800705,0.8441558480262756,0.8278827667236328
YER050C,YLR165C,0,0.001446301,0.09261289238929749,0.8441558480262756,0.8279827833175659
YDL206W,YKR066C,0,0.001446042,0.09260273724794388,0.8441558480262756,0.828082799911499
YER150W,YJL178C,0,0.001445068,0.09259258955717087,0.8441558480262756,0.8281828165054321
YNL101W,YBR132C,1,0.0014407405,0.09269201010465622,0.8451548218727112,0.8281828165054321
YKR056W,YNL239W,0,0.00144013,0.09268185496330261,0.8451548218727112,0.8282828330993652
YCL008C,YNL138W,0,0.0014400703,0.0926717072725296,0.8451548218727112,0.8283828496932983
YGL180W,YGR229C,0,0.0014400176,0.092661552131176,0.8451548218727112,0.8284828662872314
YDR476C,YDR392W,0,0.0014398667,0.09265140444040298,0.8451548218727112,0.8285828828811646
YNL127W,YJL060W,0,0.0014391656,0.09264126420021057,0.8451548218727112,0.8286828398704529
YDL142C,YMR240C,0,0.0014366617,0.09263111650943756,0.8451548218727112,0.828782856464386
YMR160W,YJR101W,0,0.0014336153,0.09262097626924515,0.8451548218727112,0.8288828730583191
YOL045W,YAL060W,0,0.0014335874,0.09261083602905273,0.8451548218727112,0.8289828896522522
YJR004C,YNR013C,0,0.0014317709,0.09260070323944092,0.8451548218727112,0.8290829062461853
YCR030C,YGL026C,0,0.00143035,0.0925905629992485,0.8451548218727112,0.8291829228401184
YOR099W,YML109W,0,0.0014277813,0.09258043020963669,0.8451548218727112,0.8292829394340515
YDL022W,YAL040C,0,0.0014261106,0.09257030487060547,0.8451548218727112,0.8293829560279846
YMR218C,YOR162C,0,0.0014252552,0.09256017208099365,0.8451548218727112,0.8294829726219177
YJL011C,YMR061W,0,0.0014244851,0.09255004674196243,0.8451548218727112,0.829582929611206
YDR046C,YIL088C,1,0.0014218735,0.09264931082725525,0.8461538553237915,0.829582929611206
YGR252W,YGL174W,0,0.0014199573,0.09263917803764343,0.8461538553237915,0.8296829462051392
YBR271W,YFL054C,0,0.0014178562,0.09262904524803162,0.8461538553237915,0.8297829627990723
YNL290W,YLR251W,0,0.0014176806,0.0926189199090004,0.8461538553237915,0.8298829793930054
YDR207C,YBL052C,0,0.0014159806,0.09260878711938858,0.8461538553237915,0.8299829959869385
YLR165C,YBR093C,0,0.0014132956,0.09259866923093796,0.8461538553237915,0.8300830125808716
YDR419W,YLR182W,0,0.0014101423,0.09258854389190674,0.8461538553237915,0.8301830291748047
YMR054W,YGL037C,0,0.0014088503,0.09257842600345612,0.8461538553237915,0.8302830457687378
YKL126W,YKL119C,0,0.0014087283,0.0925683081150055,0.8461538553237915,0.8303830623626709
YGL050W,YLR440C,0,0.0014064601,0.09255819022655487,0.8461538553237915,0.8304830193519592
YLR165C,YKL038W,0,0.0014052443,0.09254807978868484,0.8461538553237915,0.8305830359458923
YDL197C,YPL113C,0,0.0014041668,0.09253796935081482,0.8461538553237915,0.8306830525398254
YDR405W,YOR008C,0,0.0014036868,0.0925278589129448,0.8461538553237915,0.8307830691337585
YPL082C,YBR230C,0,0.001402115,0.09251774847507477,0.8461538553237915,0.8308830857276917
YML051W,YPR127W,0,0.00140197,0.09250764548778534,0.8461538553237915,0.8309831023216248
YOR209C,YNL208W,0,0.0014008303,0.09249754250049591,0.8461538553237915,0.8310831189155579
YLR005W,YKL015W,0,0.0014006956,0.09248743951320648,0.8461538553237915,0.831183135509491
YKL174C,YBL089W,1,0.001399627,0.09258652478456497,0.847152829170227,0.831183135509491
YMR269W,YLR130C,0,0.0013996216,0.09257642179727554,0.847152829170227,0.8312831521034241
YOL066C,YFL001W,0,0.0013980389,0.09256631135940552,0.847152829170227,0.8313831090927124
YIL088C,YPL274W,1,0.0013979272,0.09266535937786102,0.8481518626213074,0.8313831090927124
YGR258C,YMR143W,0,0.0013958837,0.0926552414894104,0.8481518626213074,0.8314831256866455
YDR026C,YNL110C,0,0.001395285,0.09264513105154037,0.8481518626213074,0.8315831422805786
YDR454C,YOR382W,0,0.0013945337,0.09263502806425095,0.8481518626213074,0.8316831588745117
YOR209C,YAL017W,0,0.0013939469,0.09262491762638092,0.8481518626213074,0.8317831754684448
YPL002C,YGL216W,0,0.0013920432,0.09261481463909149,0.8481518626213074,0.8318831920623779
YNL282W,YER074W,0,0.0013920353,0.09260471165180206,0.8481518626213074,0.831983208656311
YMR269W,YCL057W,0,0.00139179,0.09259460866451263,0.8481518626213074,0.8320832252502441
YKL176C,YBR293W,1,0.0013916017,0.09269356727600098,0.8491508364677429,0.8320832252502441
YPL223C,YDL074C,0,0.0013911182,0.09268345683813095,0.8491508364677429,0.8321832418441772
YPL122C,YGL216W,0,0.0013890127,0.09267335385084152,0.8491508364677429,0.8322831988334656
YNL044W,YKL182W,0,0.0013889353,0.0926632508635521,0.8491508364677429,0.8323832154273987
YBR172C,YLR344W,0,0.0013888307,0.09265314787626266,0.8491508364677429,0.8324832320213318
YPL104W,YDR470C,0,0.0013837584,0.09264305233955383,0.8491508364677429,0.8325832486152649
YKL103C,YKL166C,0,0.0013834237,0.092632956802845,0.8491508364677429,0.832683265209198
YNL192W,YDR392W,0,0.0013825735,0.09262286126613617,0.8491508364677429,0.8327832818031311
YER046W,YHR057C,0,0.0013812969,0.09261277318000793,0.8491508364677429,0.8328832983970642
YDR453C,YDL128W,0,0.0013812936,0.0926026776432991,0.8491508364677429,0.8329833149909973
YJR127C,YLR228C,0,0.0013776046,0.09259258955717087,0.8491508364677429,0.8330833315849304
YGL180W,YGL169W,0,0.0013772125,0.09258250892162323,0.8491508364677429,0.8331832885742188
YOL038W,YMR200W,0,0.0013761334,0.092572420835495,0.8491508364677429,0.8332833051681519
YNL273W,YHR079C,0,0.0013756198,0.09256234019994736,0.8491508364677429,0.833383321762085
YKL189W,YKL095W,0,0.0013756132,0.09255226701498032,0.8491508364677429,0.8334833383560181
YMR032W,YBR187W,0,0.0013748313,0.09254218637943268,0.8491508364677429,0.8335833549499512
YNL101W,YPL265W,1,0.0013740591,0.09264097362756729,0.8501498699188232,0.8335833549499512
YLR029C,YDL054C,0,0.0013734899,0.09263089299201965,0.8501498699188232,0.8336833715438843
YNL271C,YMR137C,0,0.0013722752,0.09262081235647202,0.8501498699188232,0.8337833881378174
YDR310C,YGL256W,0,0.0013711863,0.09261073172092438,0.8501498699188232,0.8338834047317505
YER008C,YCR002C,0,0.0013711047,0.09260065108537674,0.8501498699188232,0.8339834213256836
YML099C,YNL298W,0,0.0013700488,0.0925905779004097,0.8501498699188232,0.8340834379196167
YPR190C,YNL290W,0,0.0013690711,0.09258050471544266,0.8501498699188232,0.834183394908905
YMR049C,YBR145W,0,0.001368738,0.09257043153047562,0.8501498699188232,0.8342834115028381
YNL274C,YFL013C,0,0.0013667054,0.09256036579608917,0.8501498699188232,0.8343834280967712
YLR344W,YGR222W,0,0.001364499,0.09255030006170273,0.8501498699188232,0.8344834446907043
YJL191W,YKL095W,0,0.001363328,0.09254023432731628,0.8501498699188232,0.8345834612846375
YDR296W,YEL037C,0,0.0013598365,0.09253017604351044,0.8501498699188232,0.8346834778785706
YEL043W,YHR135C,0,0.0013596384,0.09252011030912399,0.8501498699188232,0.8347834944725037
YAR027W,YOR353C,0,0.001358786,0.09251005202531815,0.8501498699188232,0.8348835110664368
YCL025C,YOL108C,0,0.0013582031,0.0925000011920929,0.8501498699188232,0.8349835276603699
YLR029C,YKL117W,0,0.0013574511,0.09248995035886765,0.8501498699188232,0.8350834846496582
YKL038W,YOR294W,0,0.0013556068,0.0924798920750618,0.8501498699188232,0.8351835012435913
YLL029W,YKL117W,0,0.001352338,0.09246984869241714,0.8501498699188232,0.8352835178375244
YCR030C,YGR081C,0,0.0013513699,0.0924597978591919,0.8501498699188232,0.8353835344314575
YLR300W,YMR250W,0,0.0013509471,0.09244975447654724,0.8501498699188232,0.8354835510253906
YBR222C,YMR143W,0,0.0013500049,0.09243971109390259,0.8501498699188232,0.8355835676193237
YBR223C,YML128C,0,0.001349904,0.09242967516183853,0.8501498699188232,0.8356835842132568
YJL005W,YLL045C,0,0.0013495403,0.09241963177919388,0.8501498699188232,0.8357836008071899
YDR046C,YPL265W,1,0.0013486224,0.09251818805932999,0.8511488437652588,0.8357836008071899
YDR389W,YGR246C,0,0.0013474462,0.09250814467668533,0.8511488437652588,0.835883617401123
YBR068C,YCL025C,1,0.0013440057,0.09260666370391846,0.8521478772163391,0.835883617401123
YJR147W,YBR287W,0,0.001342273,0.0925966128706932,0.8521478772163391,0.8359835743904114
YGR281W,YBR080C,0,0.0013396702,0.09258656203746796,0.8521478772163391,0.8360835909843445
YMR097C,YGL174W,0,0.0013386613,0.0925765112042427,0.8521478772163391,0.8361836075782776
YDR034C,YHR119W,0,0.0013343684,0.09256646782159805,0.8521478772163391,0.8362836241722107
YLR383W,YOR239W,0,0.0013343329,0.0925564244389534,0.8521478772163391,0.8363836407661438
YLR314C,YDL021W,0,0.001334017,0.09254638105630875,0.8521478772163391,0.8364836573600769
YGR012W,YGR268C,0,0.0013336272,0.09253634512424469,0.8521478772163391,0.83658367395401
YDL171C,YBR074W,0,0.0013326603,0.09252630174160004,0.8521478772163391,0.8366836905479431
YOR138C,YOR194C,0,0.0013325149,0.09251626580953598,0.8521478772163391,0.8367837071418762
YJR112W,YER137C,0,0.0013314328,0.09250623732805252,0.8521478772163391,0.8368836641311646
YIL079C,YGR214W,0,0.0013310018,0.09249620139598846,0.8521478772163391,0.8369836807250977
YJL005W,YLR401C,0,0.0013306779,0.092486172914505,0.8521478772163391,0.8370836973190308
YBR183W,YKL061W,0,0.0013298494,0.09247615188360214,0.8521478772163391,0.8371837139129639
YLR295C,YLR029C,0,0.001329413,0.09246612340211868,0.8521478772163391,0.837283730506897
YLL019C,YFL057C,0,0.0013292232,0.09245610237121582,0.8521478772163391,0.8373837471008301
YMR093W,YIL006W,0,0.0013288877,0.09244608134031296,0.8521478772163391,0.8374837636947632
YER150W,YMR115W,0,0.0013287358,0.09243606775999069,0.8521478772163391,0.8375837802886963
YPR137W,YGR027C,0,0.0013281235,0.09242604672908783,0.8521478772163391,0.8376837968826294
YHR069C,YOR219C,0,0.0013263463,0.09241603314876556,0.8521478772163391,0.8377837538719177
YGL237C,YGL174W,0,0.00132593,0.0924060195684433,0.8521478772163391,0.8378837704658508
YCR052W,YGL019W,0,0.0013249354,0.09239601343870163,0.8521478772163391,0.8379837870597839
YNL232W,YPL139C,0,0.0013227748,0.09238600730895996,0.8521478772163391,0.838083803653717
YDR034C,YGR239C,0,0.0013224089,0.09237600117921829,0.8521478772163391,0.8381838202476501
YNL107W,YPL110C,0,0.0013220197,0.09236600250005722,0.8521478772163391,0.8382838368415833
YDL074C,YER115C,0,0.0013185323,0.09235599637031555,0.8521478772163391,0.8383838534355164
YMR093W,YDR262W,0,0.0013150733,0.09234599769115448,0.8521478772163391,0.8384838700294495
YNL065W,YER119C,1,0.0013139228,0.09244424849748611,0.8531468510627747,0.8384838700294495
YML051W,YOR324C,0,0.0013122763,0.09243424981832504,0.8531468510627747,0.8385838866233826
YIL088C,YFL023W,0,0.0013119795,0.09242424368858337,0.8531468510627747,0.8386838436126709
YPL078C,YIL035C,0,0.0013119483,0.0924142375588417,0.8531468510627747,0.838783860206604
YDR245W,YPR160W,0,0.0013117022,0.09240423887968063,0.8531468510627747,0.8388838768005371
YDR030C,YNL172W,0,0.0013113169,0.09239424765110016,0.8531468510627747,0.8389838933944702
YHR179W,YLR359W,0,0.0013102487,0.09238424897193909,0.8531468510627747,0.8390839099884033
YJL140W,YGL241W,0,0.0013061384,0.09237425774335861,0.8531468510627747,0.8391839265823364
YBR059C,YFL048C,0,0.0013032834,0.09236426651477814,0.8531468510627747,0.8392839431762695
YMR203W,YPR125W,0,0.0013025767,0.09235427528619766,0.8531468510627747,0.8393839597702026
YGR175C,YNR002C,0,0.0013001219,0.09234429150819778,0.8531468510627747,0.8394839763641357
YKR066C,YLR291C,0,0.0012993265,0.0923343077301979,0.8531468510627747,0.8395839333534241
YJR006W,YPL180W,0,0.0012989918,0.09232432395219803,0.8531468510627747,0.8396839499473572
YFL057C,YKR068C,0,0.0012960723,0.09231434762477875,0.8531468510627747,0.8397839665412903
YMR321C,YJL140W,0,0.0012946128,0.09230436384677887,0.8531468510627747,0.8398839831352234
YAL022C,YGL203C,0,0.0012932399,0.09229438751935959,0.8531468510627747,0.8399839997291565
YJL141C,YLR163C,0,0.0012930244,0.0922844186425209,0.8531468510627747,0.8400840163230896
YDR196C,YPR190C,0,0.0012929,0.09227444976568222,0.8531468510627747,0.8401840329170227
YFR001W,YPL129W,0,0.0012904715,0.09226447343826294,0.8531468510627747,0.8402840495109558
YOR054C,YNL304W,0,0.0012884744,0.09225451201200485,0.8531468510627747,0.8403840661048889
YKL171W,YLR325C,0,0.0012877482,0.09224454313516617,0.8531468510627747,0.8404840230941772
YER151C,YGL037C,0,0.0012876709,0.09223458170890808,0.8531468510627747,0.8405840396881104
YDR473C,YMR239C,0,0.0012851903,0.09222462028265,0.8531468510627747,0.8406840562820435
YHR074W,YMR250W,0,0.0012850391,0.0922146663069725,0.8531468510627747,0.8407840728759766
YEL062W,YLR088W,0,0.0012838813,0.09220470488071442,0.8531468510627747,0.8408840894699097
YMR078C,YML128C,0,0.0012836319,0.09219475090503693,0.8531468510627747,0.8409841060638428
YOL020W,YBR068C,1,0.0012821051,0.09229274839162827,0.8541458249092102,0.8409841060638428
YKL078W,YFL045C,0,0.0012803162,0.09228278696537018,0.8541458249092102,0.8410841226577759
YCR057C,YDR262W,0,0.0012796919,0.09227282553911209,0.8541458249092102,0.841184139251709
YER119C,YEL062W,1,0.0012794086,0.09237077832221985,0.8551448583602905,0.841184139251709
YMR295C,YLR330W,0,0.001278727,0.09236080944538116,0.8551448583602905,0.8412841558456421
YJR001W,YGR055W,1,0.0012783837,0.09245873242616653,0.8561438322067261,0.8412841558456421
YLL008W,YJL171C,0,0.0012773157,0.09244875609874725,0.8561438322067261,0.8413841128349304
YHR030C,YLR300W,0,0.0012764151,0.09243878722190857,0.8561438322067261,0.8414841294288635
YFR013W,YEL037C,0,0.0012755472,0.09242881834506989,0.8561438322067261,0.8415841460227966
YJL112W,YLR394W,0,0.0012731192,0.0924188494682312,0.8561438322067261,0.8416841626167297
YIL134W,YFL001W,0,0.0012716334,0.09240888804197311,0.8561438322067261,0.8417841792106628
YDR263C,YGR012W,0,0.0012701427,0.09239891916513443,0.8561438322067261,0.841884195804596
YOR074C,YDL074C,0,0.0012682297,0.09238895773887634,0.8561438322067261,0.841984212398529
YNL084C,YGL203C,0,0.0012675142,0.09237900376319885,0.8561438322067261,0.8420842289924622
YOR176W,YDR296W,0,0.0012669553,0.09236904233694077,0.8561438322067261,0.8421842455863953
YMR089C,YNL236W,0,0.0012662399,0.09235908836126328,0.8561438322067261,0.8422842025756836
YMR137C,YMR034C,0,0.0012656876,0.09234913438558578,0.8561438322067261,0.8423842191696167
YNL101W,YJR001W,1,0.001263992,0.0924469381570816,0.8571428656578064,0.8423842191696167
YMR228W,YHR168W,0,0.0012634293,0.09243697673082352,0.8571428656578064,0.8424842357635498
YOL142W,YCR052W,0,0.001261679,0.09242701530456543,0.8571428656578064,0.8425842523574829
YGR216C,YLR224W,0,0.0012588827,0.09241706132888794,0.8571428656578064,0.842684268951416
YHR058C,YOR294W,0,0.0012571764,0.09240710735321045,0.8571428656578064,0.8427842855453491
YPR021C,YEL062W,1,0.0012551132,0.0925048440694809,0.8581418395042419,0.8427842855453491
YPR113W,YAR002C-A,0,0.0012549931,0.09249488264322281,0.8581418395042419,0.8428843021392822
YLL004W,YGL103W,0,0.0012532586,0.09248492866754532,0.8581418395042419,0.8429843187332153
YMR203W,YGR199W,0,0.001252545,0.09247496724128723,0.8581418395042419,0.8430843353271484
YDR254W,YJR063W,0,0.0012520071,0.09246501326560974,0.8581418395042419,0.8431842923164368
YGL083W,YFL023W,0,0.0012510892,0.09245506674051285,0.8581418395042419,0.8432843089103699
YJL079C,YKL168C,0,0.0012506829,0.09244511276483536,0.8581418395042419,0.843384325504303
YPR191W,YGL004C,0,0.0012485017,0.09243516623973846,0.8581418395042419,0.8434843420982361
YGL068W,YLR344W,0,0.0012484946,0.09242521971464157,0.8581418395042419,0.8435843586921692
YKR068C,YDR140W,0,0.001248475,0.09241528064012527,0.8581418395042419,0.8436843752861023
YLR107W,YOR279C,0,0.001246575,0.09240533411502838,0.8581418395042419,0.8437843918800354
YBR293W,YKL174C,1,0.0012465015,0.09250295907258987,0.8591408729553223,0.8437843918800354
YLR130C,YIR039C,0,0.0012453016,0.09249301254749298,0.8591408729553223,0.8438844084739685
YGL237C,YOR162C,0,0.0012432951,0.09248306602239609,0.8591408729553223,0.8439844250679016
YER008C,YIL046W,0,0.0012418797,0.0924731194972992,0.8591408729553223,0.8440843820571899
YLL004W,YLR224W,0,0.0012405721,0.0924631729722023,0.8591408729553223,0.844184398651123
YNL131W,YDL055C,0,0.0012402796,0.092453233897686,0.8591408729553223,0.8442844152450562
YBR282W,YDL225W,0,0.0012395143,0.09244329482316971,0.8591408729553223,0.8443844318389893
YLR447C,YNL121C,0,0.0012379033,0.09243336319923401,0.8591408729553223,0.8444844484329224
YPL007C,YKL168C,0,0.0012362924,0.09242343157529831,0.8591408729553223,0.8445844650268555
YJR051W,YNL274C,0,0.0012362531,0.09241349995136261,0.8591408729553223,0.8446844816207886
YER119C,YEL064C,1,0.0012332792,0.09251101315021515,0.8601398468017578,0.8446844816207886
YLR105C,YBR271W,0,0.0012307029,0.09250107407569885,0.8601398468017578,0.8447844982147217
YGL068W,YIL094C,0,0.0012298761,0.09249113500118256,0.8601398468017578,0.8448845148086548
YGR143W,YLR350W,0,0.0012282225,0.09248120337724686,0.8601398468017578,0.8449844717979431
YAL017W,YDR508C,0,0.0012280782,0.09247127175331116,0.8601398468017578,0.8450844883918762
YCR030C,YOL093W,0,0.0012279343,0.09246134012937546,0.8601398468017578,0.8451845049858093
YKL144C,YAR031W,0,0.0012276184,0.09245140850543976,0.8601398468017578,0.8452845215797424
YPL119C,YBR238C,0,0.0012266074,0.09244148433208466,0.8601398468017578,0.8453845381736755
YEL012W,YOR085W,0,0.0012254105,0.09243156015872955,0.8601398468017578,0.8454845547676086
YNL127W,YNL335W,0,0.0012245132,0.09242164343595505,0.8601398468017578,0.8455845713615417
YBL089W,YBR068C,1,0.0012230165,0.09251905232667923,0.8611388802528381,0.8455845713615417
YHR002W,YNL175C,0,0.0012227509,0.09250912070274353,0.8611388802528381,0.8456845879554749
YKL038W,YDR449C,0,0.0012210656,0.09249919652938843,0.8611388802528381,0.845784604549408
YDR351W,YOR283W,0,0.0012174504,0.09248927235603333,0.8611388802528381,0.8458845615386963
YKR008W,YJL095W,0,0.0012163852,0.09247934818267822,0.8611388802528381,0.8459845781326294
YDR172W,YGR216C,0,0.0012147179,0.09246942400932312,0.8611388802528381,0.8460845947265625
YJL030W,YPL218W,0,0.0012141238,0.09245950728654861,0.8611388802528381,0.8461846113204956
YNR006W,YFL013C,0,0.0012140649,0.09244959056377411,0.8611388802528381,0.8462846279144287
YDL121C,YPR060C,0,0.0012140378,0.0924396812915802,0.8611388802528381,0.8463846445083618
YHR012W,YDR530C,0,0.0012135232,0.0924297645688057,0.8611388802528381,0.8464846611022949
YKL170W,YGR112W,0,0.0012134353,0.09241985529661179,0.8611388802528381,0.846584677696228
YLR206W,YOL052C,0,0.0012132047,0.09240994602441788,0.8611388802528381,0.8466846942901611
YIL080W,YHR119W,0,0.0012128218,0.09240004420280457,0.8611388802528381,0.8467846512794495
YLR129W,YJR103W,0,0.0012121958,0.09239014238119125,0.8611388802528381,0.8468846678733826
YER119C,YGR142W,1,0.001211734,0.0924874097108841,0.8621378540992737,0.8468846678733826
YOL045W,YPL087W,0,0.0012105607,0.09247750043869019,0.8621378540992737,0.8469846844673157
YJR092W,YNL262W,0,0.0012105337,0.09246759116649628,0.8621378540992737,0.8470847010612488
YJR032W,YIL042C,0,0.0012095091,0.09245768189430237,0.8621378540992737,0.8471847176551819
YOL062C,YKR028W,0,0.0012088116,0.09244778007268906,0.8621378540992737,0.847284734249115
YOL043C,YOL040C,0,0.0012085296,0.09243787825107574,0.8621378540992737,0.8473847508430481
YGR155W,YBR010W,0,0.0012077343,0.09242797642946243,0.8621378540992737,0.8474847674369812
YOR323C,YMR194W,0,0.001207418,0.09241807460784912,0.8621378540992737,0.8475847840309143
YEL052W,YNL208W,0,0.0012066374,0.0924081802368164,0.8621378540992737,0.8476847410202026
YMR097C,YJL060W,0,0.0012006904,0.09239828586578369,0.8621378540992737,0.8477847576141357
YPL094C,YNR015W,0,0.0011958611,0.09238839894533157,0.8621378540992737,0.8478847742080688
YJL005W,YPL273W,0,0.0011945189,0.09237850457429886,0.8621378540992737,0.847984790802002
YJL166W,YNR013C,0,0.0011942129,0.09236861765384674,0.8621378540992737,0.8480848073959351
YKL166C,YIR038C,0,0.0011938001,0.09235873073339462,0.8621378540992737,0.8481848239898682
YNL085W,YAL029C,0,0.0011922653,0.0923488512635231,0.8621378540992737,0.8482848405838013
YLR165C,YGR143W,0,0.0011922057,0.09233897179365158,0.8621378540992737,0.8483848571777344
YGR084C,YMR210W,0,0.0011915177,0.09232909232378006,0.8621378540992737,0.8484848737716675
YKL093W,YER052C,0,0.0011893576,0.09231921285390854,0.8621378540992737,0.8485848307609558
YBR293W,YBL089W,1,0.0011891503,0.09241630136966705,0.863136887550354,0.8485848307609558
YER125W,YOR353C,0,0.0011877556,0.09240641444921494,0.863136887550354,0.8486848473548889
YAL017W,YMR308C,0,0.0011869769,0.09239653497934341,0.863136887550354,0.848784863948822
YOR353C,YKL094W,0,0.0011863478,0.0923866555094719,0.863136887550354,0.8488848805427551
YLR219W,YKL175W,0,0.0011853476,0.09237677603960037,0.863136887550354,0.8489848971366882
YER055C,YGR229C,0,0.001184619,0.09236690402030945,0.863136887550354,0.8490849137306213
YOR209C,YNL307C,0,0.0011845687,0.09235703200101852,0.863136887550354,0.8491849303245544
YNL283C,YLR429W,0,0.0011843375,0.0923471599817276,0.863136887550354,0.8492849469184875
YML028W,YMR295C,0,0.001183081,0.09233728796243668,0.863136887550354,0.8493849635124207
YOL038W,YKL094W,0,0.0011800234,0.09232742339372635,0.863136887550354,0.849484920501709
YEL053C,YMR090W,0,0.0011784256,0.09231755882501602,0.863136887550354,0.8495849370956421
YKL015W,YOR162C,0,0.00117745,0.0923076942563057,0.863136887550354,0.8496849536895752
YER125W,YBR287W,0,0.0011764069,0.09229782968759537,0.863136887550354,0.8497849702835083
YGR288W,YPR187W,0,0.0011756211,0.09228797256946564,0.863136887550354,0.8498849868774414
YOL111C,YNL290W,0,0.0011751329,0.09227811545133591,0.863136887550354,0.8499850034713745
YLR105C,YDR415C,0,0.001174066,0.09226825833320618,0.863136887550354,0.8500850200653076
YOL020W,YBR069C,1,0.0011739491,0.09236519038677216,0.8641358613967896,0.8500850200653076
YOL112W,YLL027W,0,0.0011739117,0.09235532581806183,0.8641358613967896,0.8501850366592407
YCR026C,YJL095W,0,0.0011723544,0.0923454686999321,0.8641358613967896,0.8502850532531738
YNL073W,YNL006W,0,0.001171654,0.09233561158180237,0.8641358613967896,0.8503850102424622
YOL038W,YPL196W,0,0.0011699582,0.09232575446367264,0.8641358613967896,0.8504850268363953
YLL004W,YGR134W,0,0.0011675495,0.0923159047961235,0.8641358613967896,0.8505850434303284
YOR168W,YOL102C,0,0.0011673516,0.09230604767799377,0.8641358613967896,0.8506850600242615
YOR159C,YOR327C,0,0.0011654273,0.09229619801044464,0.8641358613967896,0.8507850766181946
YNL084C,YML052W,0,0.0011653539,0.0922863557934761,0.8641358613967896,0.8508850932121277
YKL170W,YDL045C,0,0.0011645401,0.09227650612592697,0.8641358613967896,0.8509851098060608
YGR258C,YGR113W,0,0.001164148,0.09226666390895844,0.8641358613967896,0.8510851263999939
YGR238C,YJR103W,0,0.001164139,0.0922568291425705,0.8641358613967896,0.851185142993927
YGR077C,YCL034W,0,0.0011630733,0.09224698692560196,0.8641358613967896,0.8512850999832153
YPR072W,YMR077C,0,0.0011614033,0.09223715215921402,0.8641358613967896,0.8513851165771484
YPR191W,YBR173C,0,0.0011582987,0.09222731739282608,0.8641358613967896,0.8514851331710815
YBR183W,YHR077C,0,0.0011570514,0.09221748262643814,0.8641358613967896,0.8515851497650146
YDR034C,YJL005W,0,0.0011569215,0.0922076553106308,0.8641358613967896,0.8516851663589478
YBR172C,YNL121C,0,0.001156825,0.09219782799482346,0.8641358613967896,0.8517851829528809
YLR314C,YGL163C,0,0.001156213,0.09218800067901611,0.8641358613967896,0.851885199546814
YGR052W,YDL055C,0,0.0011554593,0.09217817336320877,0.8641358613967896,0.8519852161407471
YKL020C,YMR176W,0,0.0011550231,0.09216835349798203,0.8641358613967896,0.8520852327346802
YLL008W,YEL036C,0,0.0011528092,0.09215853363275528,0.8641358613967896,0.8521851897239685
YJL029C,YNR028W,0,0.0011516612,0.09214871376752853,0.8641358613967896,0.8522852063179016
YJR138W,YJR005W,0,0.0011512236,0.09213890135288239,0.8641358613967896,0.8523852229118347
YOR176W,YGR070W,0,0.0011502152,0.09212908893823624,0.8641358613967896,0.8524852395057678
YJR005W,YOR162C,0,0.0011498431,0.09211927652359009,0.8641358613967896,0.8525852560997009
YPR072W,YBR059C,0,0.0011495015,0.09210946410894394,0.8641358613967896,0.852685272693634
YAL038W,YNR002C,0,0.0011488611,0.09209965914487839,0.8641358613967896,0.8527852892875671
YIL079C,YKL064W,0,0.0011485728,0.09208985418081284,0.8641358613967896,0.8528853058815002
YJL087C,YOR216C,0,0.0011468235,0.09208004921674728,0.8641358613967896,0.8529853224754333
YLR103C,YDR170C,0,0.0011466936,0.09207025170326233,0.8641358613967896,0.8530852794647217
YGR251W,YKR066C,0,0.0011462191,0.09206045418977737,0.8641358613967896,0.8531852960586548
YBR069C,YGR142W,1,0.0011451283,0.09215707331895828,0.8651348948478699,0.8531852960586548
YNL102W,YLR350W,0,0.001142042,0.09214726835489273,0.8651348948478699,0.8532853126525879
YEL012W,YIL135C,0,0.001141855,0.09213746339082718,0.8651348948478699,0.853385329246521
YNL261W,YJL128C,0,0.0011387103,0.09212765842676163,0.8651348948478699,0.8534853458404541
YJR057W,YMR270C,0,0.0011379339,0.09211786091327667,0.8651348948478699,0.8535853624343872
YER017C,YCL057W,0,0.0011376239,0.09210806339979172,0.8651348948478699,0.8536853790283203
YIL108W,YIR018W,0,0.001137209,0.09209826588630676,0.8651348948478699,0.8537853956222534
YFR029W,YGL051W,0,0.0011367818,0.0920884758234024,0.8651348948478699,0.8538854122161865
YOR301W,YKL013C,0,0.0011355182,0.09207867830991745,0.8651348948478699,0.8539853692054749
YJR112W,YDR496C,0,0.0011350207,0.09206889569759369,0.8651348948478699,0.854085385799408
YHR066W,YNL290W,0,0.0011349466,0.09205910563468933,0.8651348948478699,0.8541854023933411
YNL304W,YOL043C,0,0.001134892,0.09204932302236557,0.8651348948478699,0.8542854189872742
YER103W,YAL039C,0,0.0011336047,0.09203953295946121,0.8651348948478699,0.8543854355812073
YDR064W,YDL054C,0,0.0011330784,0.09202975779771805,0.8651348948478699,0.8544854521751404
YOL107W,YLR050C,0,0.0011329072,0.09201997518539429,0.8651348948478699,0.8545854687690735
YNL223W,YMR159C,0,0.001131842,0.09201020002365112,0.8651348948478699,0.8546854853630066
YLR268W,YKL124W,0,0.0011306556,0.09200042486190796,0.8651348948478699,0.8547855019569397
YML051W,YDR410C,0,0.0011281021,0.0919906497001648,0.8651348948478699,0.854885458946228
YJR010W,YIL140W,0,0.0011277727,0.09198088198900223,0.8651348948478699,0.8549854755401611
YDR160W,YIL088C,1,0.0011275783,0.09207731485366821,0.8661338686943054,0.8549854755401611
YDR233C,YPR060C,0,0.0011270908,0.09206753969192505,0.8661338686943054,0.8550854921340942
YDR405W,YDR403W,0,0.001126067,0.09205776453018188,0.8661338686943054,0.8551855087280273
YCR030C,YLR344W,0,0.0011257655,0.09204798936843872,0.8661338686943054,0.8552855253219604
YGR281W,YLR309C,0,0.0011238718,0.09203821420669556,0.8661338686943054,0.8553855419158936
YDL142C,YML109W,0,0.0011235104,0.09202844649553299,0.8661338686943054,0.8554855585098267
YDR499W,YDR240C,0,0.0011232675,0.09201867878437042,0.8661338686943054,0.8555855751037598
YBR177C,YKL038W,0,0.001122245,0.09200891107320786,0.8661338686943054,0.8556855916976929
YDL197C,YNL027W,0,0.0011212362,0.09199915081262589,0.8661338686943054,0.855785608291626
YJR112W,YDL148C,0,0.0011208764,0.09198939055204391,0.8661338686943054,0.8558855652809143
YOR232W,YPL208W,0,0.0011197424,0.09197963029146194,0.8661338686943054,0.8559855818748474
YOL124C,YKL064W,0,0.0011194625,0.09196987748146057,0.8661338686943054,0.8560855984687805
YMR005W,YLR009W,0,0.0011184419,0.0919601172208786,0.8661338686943054,0.8561856150627136
YDR245W,YGR276C,0,0.0011161849,0.09195036441087723,0.8661338686943054,0.8562856316566467
YOR074C,YDR429C,0,0.0011124696,0.09194061160087585,0.8661338686943054,0.8563856482505798
YBR275C,YPL196W,0,0.001112281,0.09193086624145508,0.8661338686943054,0.8564856648445129
YGR251W,YOR142W,0,0.0011115184,0.0919211208820343,0.8661338686943054,0.856585681438446
YGR288W,YLL045C,0,0.001110662,0.09191137552261353,0.8661338686943054,0.8566856980323792
YMR218C,YNL262W,0,0.0011101766,0.09190163016319275,0.8661338686943054,0.8567856550216675
YDL142C,YGL051W,0,0.0011099143,0.09189189225435257,0.8661338686943054,0.8568856716156006
YPL002C,YPL110C,0,0.0011098731,0.09188215434551239,0.8661338686943054,0.8569856882095337
YHR059W,YBR192W,0,0.0011080961,0.09187241643667221,0.8661338686943054,0.8570857048034668
YMR089C,YHR119W,0,0.0011077151,0.09186268597841263,0.8661338686943054,0.8571857213973999
YMR088C,YEL064C,1,0.0011073906,0.0919588953256607,0.867132842540741,0.8571857213973999
YOR176W,YER074W,0,0.0011044077,0.09194914996623993,0.867132842540741,0.857285737991333
YNL153C,YOL062C,0,0.0011028827,0.09193941205739975,0.867132842540741,0.8573857545852661
YDR472W,YPR043W,0,0.0011025345,0.09192967414855957,0.867132842540741,0.8574857711791992
YDR497C,YDR062W,0,0.0011022394,0.09191994369029999,0.867132842540741,0.8575857877731323
YKR039W,YLL055W,1,0.0011016389,0.09201609343290329,0.8681318759918213,0.8575857877731323
YDL074C,YDR472W,0,0.0011005806,0.09200635552406311,0.8681318759918213,0.8576857447624207
YPL134C,YOL040C,0,0.0010985845,0.09199661016464233,0.8681318759918213,0.8577857613563538
YPL082C,YDR496C,0,0.0010984051,0.09198687225580215,0.8681318759918213,0.8578857779502869
YLL019C,YKL095W,0,0.0010982482,0.09197713434696198,0.8681318759918213,0.85798579454422
YPR030W,YNL192W,0,0.0010980357,0.09196740388870239,0.8681318759918213,0.8580858111381531
YKR039W,YJR001W,1,0.001097688,0.09206349402666092,0.8691308498382568,0.8580858111381531
YGL037C,YFL033C,0,0.0010963863,0.09205374866724014,0.8691308498382568,0.8581858277320862
YJR107W,YLR209C,0,0.0010963143,0.09204401075839996,0.8691308498382568,0.8582858443260193
YMR160W,YJL128C,0,0.0010957881,0.09203427284955978,0.8691308498382568,0.8583858609199524
YBR067C,YHR051W,0,0.0010956414,0.0920245423913002,0.8691308498382568,0.8584858775138855
YNL178W,YGR276C,0,0.0010934736,0.09201480448246002,0.8691308498382568,0.8585858345031738
YJL166W,YGL004C,0,0.0010928467,0.09200507402420044,0.8691308498382568,0.8586858510971069
YOR283W,YMR065W,0,0.0010921146,0.09199535101652145,0.8691308498382568,0.85878586769104
YJL166W,YDR527W,0,0.0010899242,0.09198562055826187,0.8691308498382568,0.8588858842849731
YNL262W,YDL040C,0,0.0010891794,0.09197589755058289,0.8691308498382568,0.8589859008789062
YLR191W,YPL011C,0,0.0010877702,0.0919661745429039,0.8691308498382568,0.8590859174728394
YKL093W,YNL273W,0,0.0010876522,0.09195645153522491,0.8691308498382568,0.8591859340667725
YNR035C,YGR185C,0,0.001086214,0.09194673597812653,0.8691308498382568,0.8592859506607056
YLL003W,YJR021C,0,0.0010859987,0.09193702042102814,0.8691308498382568,0.8593859672546387
YAL024C,YPR119W,0,0.0010853843,0.09192730486392975,0.8691308498382568,0.859485924243927
YDR429C,YJL149W,0,0.0010837498,0.09191758930683136,0.8691308498382568,0.8595859408378601
YEL037C,YPL094C,0,0.0010836635,0.09190788120031357,0.8691308498382568,0.8596859574317932
YNL016W,YGL030W,0,0.001082689,0.09189817309379578,0.8691308498382568,0.8597859740257263
YPL002C,YML071C,0,0.0010817972,0.09188846498727798,0.8691308498382568,0.8598859906196594
YBR069C,YGL077C,1,0.0010808294,0.09198436886072159,0.8701298832893372,0.8598859906196594
YOR054C,YIR018W,0,0.0010794768,0.0919746533036232,0.8701298832893372,0.8599860072135925
YGR191W,YGR142W,1,0.0010775184,0.09207052737474442,0.8711288571357727,0.8599860072135925
YMR038C,YGR020C,0,0.0010773944,0.09206081181764603,0.8711288571357727,0.8600860238075256
YDL111C,YGR084C,0,0.0010772962,0.09205109626054764,0.8711288571357727,0.8601860404014587
YPR162C,YOR304W,0,0.0010772435,0.09204137325286865,0.8711288571357727,0.8602860569953918
YPL273W,YNL092W,0,0.001076353,0.09203166514635086,0.8711288571357727,0.8603860139846802
YDR240C,YDR449C,0,0.0010756581,0.09202194958925247,0.8711288571357727,0.8604860305786133
YPR144C,YIL042C,0,0.0010753906,0.09201224148273468,0.8711288571357727,0.8605860471725464
YOR317W,YBR093C,0,0.0010747223,0.09200253337621689,0.8711288571357727,0.8606860637664795
YLR028C,YLR026C,0,0.0010743666,0.0919928252696991,0.8711288571357727,0.8607860803604126
YJR127C,YLR309C,0,0.0010719233,0.0919831246137619,0.8711288571357727,0.8608860969543457
YNL267W,YDR404C,0,0.0010708342,0.09197342395782471,0.8711288571357727,0.8609861135482788
YDL212W,YGL077C,1,0.0010689878,0.09206918627023697,0.872127890586853,0.8609861135482788
YDL097C,YPL065W,0,0.0010688367,0.09205947816371918,0.872127890586853,0.8610861301422119
YNR006W,YDL170W,0,0.0010685449,0.09204977005720139,0.872127890586853,0.861186146736145
YGR034W,YHL027W,0,0.001064122,0.0920400619506836,0.872127890586853,0.8612861037254333
YIR039C,YKR044W,0,0.0010640373,0.0920303612947464,0.872127890586853,0.8613861203193665
YOL129W,YGL148W,0,0.0010632935,0.0920206606388092,0.872127890586853,0.8614861369132996
YGR285C,YOR275C,0,0.0010620928,0.09201095998287201,0.872127890586853,0.8615861535072327
YJL206C,YER104W,0,0.0010613757,0.09200126677751541,0.872127890586853,0.8616861701011658
YJL060W,YGR214W,0,0.0010594977,0.09199157357215881,0.872127890586853,0.8617861866950989
YBL089W,YCR075C,1,0.0010562505,0.09208723902702332,0.8731268644332886,0.8617861866950989
YGL169W,YER052C,0,0.0010550547,0.09207753837108612,0.8731268644332886,0.861886203289032
YOR099W,YKL096W-A,0,0.0010524893,0.09206783771514893,0.8731268644332886,0.8619862198829651
YHR012W,YNL290W,0,0.0010519805,0.09205814450979233,0.8731268644332886,0.8620862364768982
YHL036W,YCR075C,1,0.001050701,0.09215376526117325,0.8741258978843689,0.8620862364768982
YPR113W,YPR001W,0,0.0010506881,0.09214405715465546,0.8741258978843689,0.8621861934661865
YOR138C,YBR052C,0,0.0010504323,0.09213435649871826,0.8741258978843689,0.8622862100601196
YNL006W,YDL045C,0,0.0010503138,0.09212465584278107,0.8741258978843689,0.8623862266540527
YNL050C,YNL282W,0,0.0010493611,0.09211496263742447,0.8741258978843689,0.8624862432479858
YNL065W,YBR132C,1,0.00104721,0.09221052378416061,0.8751248717308044,0.8624862432479858
YBR293W,YFL055W,1,0.0010470025,0.09230607002973557,0.8761239051818848,0.8624862432479858
YGR281W,YOR168W,0,0.0010469337,0.09229636192321777,0.8761239051818848,0.862586259841919
YML071C,YDR081C,0,0.0010463423,0.09228664636611938,0.8761239051818848,0.862686276435852
YOL045W,YCR011C,0,0.0010458969,0.09227693825960159,0.8761239051818848,0.8627862930297852
YJL213W,YNL239W,0,0.0010422792,0.0922672301530838,0.8761239051818848,0.8628863096237183
YIL006W,YOR008C,0,0.0010387934,0.09225752204656601,0.8761239051818848,0.8629863262176514
YFL048C,YGR155W,0,0.0010382803,0.09224781394004822,0.8761239051818848,0.8630862832069397
YMR087W,YDR416W,0,0.0010379732,0.09223811328411102,0.8761239051818848,0.8631862998008728
YOR292C,YGL148W,0,0.0010373944,0.09222841262817383,0.8761239051818848,0.8632863163948059
YOR138C,YGR089W,0,0.0010360098,0.09221871942281723,0.8761239051818848,0.863386332988739
YLR219W,YBR238C,0,0.0010359456,0.09220901876688004,0.8761239051818848,0.8634863495826721
YHR012W,YLR309C,0,0.0010345096,0.09219932556152344,0.8761239051818848,0.8635863661766052
YGR288W,YJL172W,0,0.0010338214,0.09218963235616684,0.8761239051818848,0.8636863827705383
YEL052W,YGL190C,0,0.0010323456,0.09217994660139084,0.8761239051818848,0.8637863993644714
YCR057C,YLL061W,0,0.0010319228,0.09217026084661484,0.8761239051818848,0.8638864159584045
YEL036C,YJR031C,0,0.0010317022,0.09216057509183884,0.8761239051818848,0.8639863729476929
YDR254W,YPL188W,0,0.0010298936,0.09215088933706284,0.8761239051818848,0.864086389541626
YBR243C,YDR062W,0,0.0010261808,0.09214120358228683,0.8761239051818848,0.8641864061355591
YKR055W,YOL062C,0,0.0010257693,0.09213152527809143,0.8761239051818848,0.8642864227294922
YOR348C,YKL146W,1,0.0010247886,0.09222689270973206,0.8771228790283203,0.8642864227294922
YFR013W,YDR392W,0,0.0010232955,0.09221720695495605,0.8771228790283203,0.8643864393234253
YPR072W,YMR039C,0,0.0010228661,0.09220752120018005,0.8771228790283203,0.8644864559173584
YMR284W,YFL048C,0,0.001021564,0.09219783544540405,0.8771228790283203,0.8645864725112915
YPR021C,YBR132C,1,0.0010195742,0.0922931507229805,0.8781218528747559,0.8645864725112915
YDR530C,YJL187C,0,0.0010189591,0.0922834649682045,0.8781218528747559,0.8646864891052246
YOR206W,YJL082W,0,0.0010179261,0.0922737792134285,0.8781218528747559,0.8647865056991577
YKR066C,YLR103C,0,0.0010176213,0.0922640934586525,0.8781218528747559,0.864886462688446
YER117W,YAL054C,0,0.0010174691,0.0922544077038765,0.8781218528747559,0.8649864792823792
YFR033C,YPL098C,0,0.0010160229,0.09224472939968109,0.8781218528747559,0.8650864958763123
YOR089C,YLR151C,0,0.0010156725,0.09223504364490509,0.8781218528747559,0.8651865124702454
YJL187C,YPR119W,0,0.0010146985,0.09222537279129028,0.8781218528747559,0.8652865290641785
YOR279C,YOR180C,0,0.0010142226,0.09221569448709488,0.8781218528747559,0.8653865456581116
YOL043C,YMR034C,0,0.0010137361,0.09220602363348007,0.8781218528747559,0.8654865622520447
YDR144C,YNR044W,0,0.0010134976,0.09219635277986526,0.8781218528747559,0.8655865788459778
YMR269W,YBL026W,0,0.0010124929,0.09218668192625046,0.8781218528747559,0.8656865954399109
YPR006C,YIL133C,0,0.0010111405,0.09217701107263565,0.8781218528747559,0.8657865524291992
YIL021W,YGR134W,0,0.0010083268,0.09216734766960144,0.8781218528747559,0.8658865690231323
YOR310C,YER019C-A,0,0.0010074942,0.09215768426656723,0.8781218528747559,0.8659865856170654
YDR144C,YDR472W,0,0.0010051664,0.09214802086353302,0.8781218528747559,0.8660866022109985
YGR255C,YIL048W,0,0.001005038,0.0921383649110794,0.8781218528747559,0.8661866188049316
YKL007W,YJR101W,0,0.0010020011,0.0921287089586258,0.8781218528747559,0.8662866353988647
YKR071C,YOR106W,0,0.0010015768,0.09211905300617218,0.8781218528747559,0.8663866519927979
YLR020C,YGR214W,0,0.0010010989,0.09210939705371857,0.8781218528747559,0.866486668586731
YGR112W,YBR096W,0,0.0010003705,0.09209974855184555,0.8781218528747559,0.8665866851806641
YBR125C,YDL045C,0,0.000999376,0.09209010004997253,0.8781218528747559,0.8666866421699524
YLL055W,YCL038C,1,0.0009987825,0.09218520671129227,0.8791208863258362,0.8666866421699524
YDR144C,YDR170C,0,0.0009976646,0.09217555075883865,0.8791208863258362,0.8667866587638855
YLL045C,YMR180C,0,0.0009952944,0.09216590225696564,0.8791208863258362,0.8668866753578186
YOL151W,YGL190C,0,0.0009949869,0.09215624630451202,0.8791208863258362,0.8669866919517517
YFL045C,YNL092W,0,0.0009941771,0.09214659780263901,0.8791208863258362,0.8670867085456848
YPR198W,YNL138W,0,0.0009941619,0.09213694930076599,0.8791208863258362,0.8671867251396179
YFR021W,YML128C,0,0.0009932469,0.09212730079889297,0.8791208863258362,0.867286741733551
YGL225W,YGR268C,0,0.0009929158,0.09211765974760056,0.8791208863258362,0.8673867583274841
YOL086C,YDR059C,0,0.0009916867,0.09210801869630814,0.8791208863258362,0.8674867749214172
YNL008C,YKR068C,0,0.0009916627,0.09209837764501572,0.8791208863258362,0.8675867319107056
YNL131W,YBR031W,0,0.0009902159,0.0920887365937233,0.8791208863258362,0.8676867485046387
YLL055W,YFL055W,1,0.00098836,0.09218373894691467,0.8801198601722717,0.8676867485046387
YHR002W,YKL217W,0,0.0009875515,0.09217409789562225,0.8801198601722717,0.8677867650985718
YNL297C,YJL095W,0,0.0009873408,0.09216444939374924,0.8801198601722717,0.8678867816925049
YBR002C,YKL205W,0,0.0009860924,0.09215480834245682,0.8801198601722717,0.867986798286438
YJL053W,YKL022C,0,0.0009860867,0.092145174741745,0.8801198601722717,0.8680868148803711
YNL044W,YGR012W,0,0.0009824301,0.09213553369045258,0.8801198601722717,0.8681868314743042
YHR002W,YDR496C,0,0.0009818475,0.09212590008974075,0.8801198601722717,0.8682868480682373
YKL126W,YHR069C,0,0.0009799999,0.09211626648902893,0.8801198601722717,0.8683868646621704
YPL064C,YOR216C,0,0.0009788334,0.0921066403388977,0.8801198601722717,0.8684868216514587
YBR068C,YCL038C,1,0.0009786731,0.09220154583454132,0.881118893623352,0.8684868216514587
YCL024W,YJL141C,0,0.0009757757,0.0921919122338295,0.881118893623352,0.8685868382453918
YHR077C,YNL027W,0,0.0009734237,0.09218227118253708,0.881118893623352,0.868686854839325
YOR232W,YDL208W,0,0.0009733291,0.09217263758182526,0.881118893623352,0.8687868714332581
YDR205W,YGR222W,0,0.000970608,0.09216301143169403,0.881118893623352,0.8688868880271912
YPR091C,YOR294W,0,0.00097056956,0.09215337783098221,0.881118893623352,0.8689869046211243
YLR043C,YLR042C,0,0.0009699058,0.09214375168085098,0.881118893623352,0.8690869212150574
YOR304C-A,YOL093W,0,0.0009698587,0.09213412553071976,0.881118893623352,0.8691869378089905
YBL076C,YLR321C,0,0.00096818304,0.09212450683116913,0.881118893623352,0.8692869544029236
YKL103C,YPL274W,0,0.0009653001,0.0921148806810379,0.881118893623352,0.8693869113922119
YJL029C,YPL007C,0,0.0009652141,0.09210526198148727,0.881118893623352,0.869486927986145
YBR081C,YDR416W,0,0.0009639041,0.09209564328193665,0.881118893623352,0.8695869445800781
YDR453C,YNL192W,0,0.0009636383,0.09208603203296661,0.881118893623352,0.8696869611740112
YKL174C,YLR113W,0,0.00096246606,0.09207642078399658,0.881118893623352,0.8697869777679443
YGL186C,YGR258C,0,0.0009615028,0.09206680953502655,0.881118893623352,0.8698869943618774
YBR170C,YFL021W,0,0.0009593671,0.09205719828605652,0.881118893623352,0.8699870109558105
YKR039W,YBR132C,1,0.0009591148,0.0921519547700882,0.8821178674697876,0.8699870109558105
YIL159W,YIL177C,0,0.00095639285,0.09214233607053757,0.8821178674697876,0.8700870275497437
YBR293W,YMR088C,1,0.0009515129,0.09223706275224686,0.8831169009208679,0.8700870275497437
YPL213W,YNL298W,0,0.000951503,0.09222743660211563,0.8831169009208679,0.8701870441436768
YDL024C,YHL027W,0,0.00095079665,0.092217817902565,0.8831169009208679,0.8702870011329651
YMR186W,YLR325C,0,0.00094926957,0.09220819920301437,0.8831169009208679,0.8703870177268982
YHR012W,YKL003C,0,0.00094851415,0.09219858050346375,0.8831169009208679,0.8704870343208313
YJR001W,YPL274W,1,0.0009470125,0.09229325503110886,0.8841158747673035,0.8704870343208313
YOR382W,YGL148W,0,0.00094499846,0.09228362888097763,0.8841158747673035,0.8705870509147644
YER151C,YNL121C,0,0.00094438513,0.092274010181427,0.8841158747673035,0.8706870675086975
YIR011C,YBL041W,0,0.00094396225,0.09226438403129578,0.8841158747673035,0.8707870841026306
YDR472W,YOR311C,0,0.0009429713,0.09225477278232574,0.8841158747673035,0.8708871006965637
YDR351W,YIR011C,0,0.00094247324,0.09224515408277512,0.8841158747673035,0.8709871172904968
YCR057C,YDR444W,0,0.00094164256,0.09223554283380508,0.8841158747673035,0.8710871338844299
YJL005W,YHR066W,0,0.0009395199,0.09222592413425446,0.8841158747673035,0.8711870908737183
YKR055W,YDR494W,0,0.00093881163,0.09221632033586502,0.8841158747673035,0.8712871074676514
YKR056W,YML071C,0,0.0009386037,0.09220670908689499,0.8841158747673035,0.8713871240615845
YGL180W,YIL170W,0,0.00093815,0.09219710528850555,0.8841158747673035,0.8714871406555176
YMR315W,YMR267W,0,0.0009373052,0.09218750149011612,0.8841158747673035,0.8715871572494507
YGL241W,YPR060C,0,0.0009370999,0.09217789769172668,0.8841158747673035,0.8716871738433838
YOL129W,YER145C,0,0.0009370133,0.09216830134391785,0.8841158747673035,0.8717871904373169
YGR055W,YGL077C,1,0.0009356145,0.09226283431053162,0.8851149082183838,0.8717871904373169
YDR512C,YLL012W,0,0.0009344692,0.09225323051214218,0.8851149082183838,0.87188720703125
YLL008W,YKL038W,0,0.0009343815,0.09224362671375275,0.8851149082183838,0.8719872236251831
YLR395C,YLR208W,0,0.0009343477,0.09223402291536331,0.8851149082183838,0.8720871806144714
YKL176C,YKL146W,1,0.00093335204,0.0923285111784935,0.8861138820648193,0.8720871806144714
YLR206W,YLR197W,0,0.0009323442,0.09231889992952347,0.8861138820648193,0.8721871972084045
YOL086C,YMR246W,0,0.00093111774,0.09230929613113403,0.8861138820648193,0.8722872138023376
YNL261W,YML109W,0,0.00093036884,0.092299684882164,0.8861138820648193,0.8723872303962708
YMR115W,YCL032W,0,0.0009295669,0.09229008108377457,0.8861138820648193,0.8724872469902039
YNR021W,YOR138C,0,0.00092878606,0.09228048473596573,0.8861138820648193,0.872587263584137
YOR297C,YPL131W,0,0.0009286613,0.0922708809375763,0.8861138820648193,0.8726872801780701
YHR119W,YNL121C,0,0.0009285454,0.09226128458976746,0.8861138820648193,0.8727872967720032
YFL055W,YCL038C,1,0.000928487,0.09235569089651108,0.8871129155158997,0.8727872967720032
YBR261C,YGR276C,0,0.00092844723,0.09234608709812164,0.8871129155158997,0.8728873133659363
YPL240C,YNL175C,0,0.000926942,0.0923364907503128,0.8871129155158997,0.8729872703552246
YOR324C,YNR044W,0,0.0009260561,0.09232688695192337,0.8871129155158997,0.8730872869491577
YER130C,YKL094W,0,0.00092532893,0.09231729060411453,0.8871129155158997,0.8731873035430908
YLR429W,YKR026C,0,0.0009252381,0.0923076942563057,0.8871129155158997,0.8732873201370239
YLR025W,YDL078C,0,0.00092494633,0.09229809790849686,0.8871129155158997,0.873387336730957
YLR183C,YLR025W,0,0.0009246665,0.09228850901126862,0.8871129155158997,0.8734873533248901
YML132W,YJL082W,0,0.00092324696,0.09227891266345978,0.8871129155158997,0.8735873699188232
YLL061W,YFL055W,1,0.0009224882,0.09237323701381683,0.8881118893623352,0.8735873699188232
YPR119W,YER074W,0,0.0009223985,0.0923636332154274,0.8881118893623352,0.8736873865127563
YPR021C,YIL088C,1,0.0009216772,0.09245792776346207,0.8891108632087708,0.8736873865127563
YOR310C,YPL274W,0,0.0009198814,0.09244832396507263,0.8891108632087708,0.8737874031066895
YDR454C,YPR119W,0,0.0009194547,0.0924387201666832,0.8891108632087708,0.8738873600959778
YPL002C,YLR028C,0,0.00091915735,0.09242912381887436,0.8891108632087708,0.8739873766899109
YOR106W,YIL035C,0,0.0009189428,0.09241952002048492,0.8891108632087708,0.874087393283844
YOL082W,YDL077C,0,0.00091883505,0.09240992367267609,0.8891108632087708,0.8741874098777771
YJR006W,YIL140W,0,0.0009180252,0.09240033477544785,0.8891108632087708,0.8742874264717102
YPL007C,YJR101W,0,0.00091715355,0.09239073842763901,0.8891108632087708,0.8743874430656433
YPR113W,YNL016W,0,0.00091559463,0.09238114953041077,0.8891108632087708,0.8744874596595764
YMR169C,YMR025W,0,0.00091260887,0.09237156063318253,0.8891108632087708,0.8745874762535095
YDR172W,YGR255C,0,0.0009119666,0.09236197918653488,0.8891108632087708,0.8746874928474426
YOR106W,YGL169W,0,0.00090735254,0.09235239028930664,0.8891108632087708,0.874787449836731
YMR033W,YEL036C,0,0.00090618525,0.092342808842659,0.8891108632087708,0.8748874664306641
YAL060W,YJL171C,0,0.0009010182,0.09233322739601135,0.8891108632087708,0.8749874830245972
YNL231C,YDR167W,0,0.00089439657,0.0923236533999443,0.8891108632087708,0.8750874996185303
YDR090C,YLR330W,0,0.00089133816,0.09231407195329666,0.8891108632087708,0.8751875162124634
YEL063C,YPL265W,1,0.0008907511,0.09240821748971939,0.8901098966598511,0.8751875162124634
YLR182W,YGR216C,0,0.00089004904,0.09239862859249115,0.8901098966598511,0.8752875328063965
YKL176C,YEL063C,1,0.00088923017,0.09249274432659149,0.8911088705062866,0.8752875328063965
YGL172W,YML049C,0,0.00088808115,0.09248315542936325,0.8911088705062866,0.8753875494003296
YMR039C,YNL084C,0,0.000887314,0.09247356653213501,0.8911088705062866,0.8754875659942627
YLR291C,YDR410C,0,0.00088694255,0.09246397763490677,0.8911088705062866,0.8755875825881958
YPR125W,YKL172W,0,0.0008862831,0.09245439618825912,0.8911088705062866,0.8756875395774841
YDR082W,YLR330W,0,0.0008861151,0.09244481474161148,0.8911088705062866,0.8757875561714172
YNL010W,YFL021W,0,0.0008855893,0.09243523329496384,0.8911088705062866,0.8758875727653503
YFL045C,YBR061C,0,0.0008853724,0.09242565184831619,0.8911088705062866,0.8759875893592834
YLR321C,YGR072W,0,0.00088497344,0.09241607785224915,0.8911088705062866,0.8760876059532166
YBR068C,YIL088C,1,0.00088190695,0.09251010417938232,0.8921079039573669,0.8760876059532166
YOR145C,YOR123C,0,0.00088152295,0.09250051528215408,0.8921079039573669,0.8761876225471497
YAR027W,YLR321C,0,0.0008813,0.09249093383550644,0.8921079039573669,0.8762876391410828
YGL186C,YDR419W,0,0.00088112993,0.09248135983943939,0.8921079039573669,0.8763876557350159
YKL174C,YCL038C,1,0.00088055,0.09257533401250839,0.8931068778038025,0.8763876557350159
YPL113C,YGL030W,0,0.0008795953,0.09256574511528015,0.8931068778038025,0.876487672328949
YOL124C,YCR087C-A,0,0.00087901845,0.09255616366863251,0.8931068778038025,0.8765876293182373
YDL142C,YKL085W,0,0.0008778299,0.09254658222198486,0.8931068778038025,0.8766876459121704
YML080W,YKL094W,0,0.00087767397,0.09253700077533722,0.8931068778038025,0.8767876625061035
YFL013C,YGL190C,0,0.00087521365,0.09252742677927017,0.8931068778038025,0.8768876791000366
YLR203C,YER175C,0,0.0008747339,0.09251785278320312,0.8931068778038025,0.8769876956939697
YLR289W,YGL190C,0,0.00087181083,0.09250827878713608,0.8931068778038025,0.8770877122879028
YKR020W,YGR012W,0,0.000871704,0.09249870479106903,0.8931068778038025,0.8771877288818359
YLR244C,YKR028W,0,0.0008710203,0.09248913824558258,0.8931068778038025,0.877287745475769
YGR179C,YMR240C,0,0.0008655161,0.09247957170009613,0.8931068778038025,0.8773877620697021
YFR021W,YGL051W,0,0.0008644838,0.09247000515460968,0.8931068778038025,0.8774877190589905
YKL013C,YNL052W,0,0.000864093,0.09246043860912323,0.8931068778038025,0.8775877356529236
YJL059W,YIL088C,1,0.0008598689,0.09255429357290268,0.8941059112548828,0.8775877356529236
YLR289W,YAL017W,0,0.00085833773,0.09254471957683563,0.8941059112548828,0.8776877522468567
YLR107W,YOL043C,0,0.00085726246,0.09253515303134918,0.8941059112548828,0.8777877688407898
YGR144W,YLR029C,0,0.0008509187,0.09252558648586273,0.8941059112548828,0.8778877854347229
YNL236W,YMR078C,0,0.00084898184,0.09251601994037628,0.8941059112548828,0.877987802028656
YNL085W,YBR192W,0,0.0008476493,0.09250646084547043,0.8941059112548828,0.8780878186225891
YOR275C,YLR163C,0,0.0008458783,0.09249690175056458,0.8941059112548828,0.8781878352165222
YLL012W,YER002W,0,0.0008442139,0.09248734265565872,0.8941059112548828,0.8782878518104553
YOR292C,YIL135C,0,0.00084338896,0.09247778356075287,0.8941059112548828,0.8783878684043884
YER098W,YDL197C,0,0.0008430659,0.09246823191642761,0.8941059112548828,0.8784878253936768
YGR268C,YPL096W,0,0.0008430242,0.09245868027210236,0.8941059112548828,0.8785878419876099
YDR164C,YCL052C,0,0.00084186863,0.0924491286277771,0.8941059112548828,0.878687858581543
YBL028C,YLR033W,0,0.0008417844,0.09243957698345184,0.8941059112548828,0.8787878751754761
YKR019C,YLR440C,0,0.0008410504,0.09243003278970718,0.8941059112548828,0.8788878917694092
YBR238C,YOL151W,0,0.00083847385,0.09242048859596252,0.8941059112548828,0.8789879083633423
YGR105W,YPR163C,0,0.0008379463,0.09241094440221786,0.8941059112548828,0.8790879249572754
YPR001W,YBR072W,0,0.0008373911,0.0924014076590538,0.8941059112548828,0.8791879415512085
YCL038C,YCR075C,1,0.00083713187,0.09249509871006012,0.8951048851013184,0.8791879415512085
YLR208W,YOR222W,0,0.00083661353,0.09248554706573486,0.8951048851013184,0.8792879581451416
YKL174C,YJR001W,1,0.0008365434,0.09257921576499939,0.8961039185523987,0.8792879581451416
YAL017W,YJR130C,0,0.0008355698,0.09256965667009354,0.8961039185523987,0.8793879151344299
YNL178W,YOR187W,0,0.0008329176,0.09256010502576828,0.8961039185523987,0.879487931728363
YMR269W,YOL028C,0,0.0008311626,0.09255056083202362,0.8961039185523987,0.8795879483222961
YPR149W,YKL205W,0,0.0008303765,0.09254100918769836,0.8961039185523987,0.8796879649162292
YDR494W,YML128C,0,0.0008285764,0.0925314649939537,0.8961039185523987,0.8797879815101624
YDR254W,YGR034W,0,0.0008280555,0.09252192080020905,0.8961039185523987,0.8798879981040955
YDL084W,YBL041W,0,0.0008272522,0.09251237660646439,0.8961039185523987,0.8799880146980286
YDR476C,YLR160C,0,0.00082710874,0.09250283241271973,0.8961039185523987,0.8800880312919617
YGR288W,YGR118W,0,0.0008267333,0.09249329566955566,0.8961039185523987,0.8801880478858948
YJL213W,YMR304W,0,0.0008250947,0.0924837589263916,0.8961039185523987,0.8802880048751831
YLR029C,YFR052W,0,0.00082485145,0.09247422963380814,0.8961039185523987,0.8803880214691162
YDR411C,YJL030W,0,0.00082468404,0.09246469289064407,0.8961039185523987,0.8804880380630493
YBR271W,YLR350W,0,0.00082416873,0.09245516359806061,0.8961039185523987,0.8805880546569824
YNL163C,YJL141C,0,0.00082377216,0.09244563430547714,0.8961039185523987,0.8806880712509155
YLR440C,YHR077C,0,0.0008232719,0.09243611246347427,0.8961039185523987,0.8807880878448486
YKL020C,YOL043C,0,0.0008229123,0.09242658317089081,0.8961039185523987,0.8808881044387817
YGR145W,YGL216W,0,0.000819631,0.09241706132888794,0.8961039185523987,0.8809881210327148
YOL112W,YJR149W,0,0.0008183484,0.09240753948688507,0.8961039185523987,0.881088137626648
YAL060W,YPR002W,0,0.0008157522,0.0923980250954628,0.8961039185523987,0.8811880946159363
YMR020W,YBL028C,0,0.0008153816,0.09238850325345993,0.8961039185523987,0.8812881112098694
YDR067C,YLR314C,0,0.0008153481,0.09237898886203766,0.8961039185523987,0.8813881278038025
YOR159C,YDL084W,0,0.000814745,0.09236947447061539,0.8961039185523987,0.8814881443977356
YOR348C,YER119C,1,0.0008145285,0.0924629345536232,0.8971028923988342,0.8814881443977356
YHR060W,YER074W,0,0.00081418396,0.09245341271162033,0.8971028923988342,0.8815881609916687
YOR355W,YBL079W,0,0.0008112589,0.09244389832019806,0.8971028923988342,0.8816881775856018
YJL140W,YOR327C,0,0.00080896576,0.09243437647819519,0.8971028923988342,0.8817881941795349
YNL163C,YLR033W,0,0.0008088309,0.09242486953735352,0.8971028923988342,0.881888210773468
YNL084C,YKL186C,0,0.0008075479,0.09241535514593124,0.8971028923988342,0.8819882273674011
YGR112W,YGL148W,0,0.0008071763,0.09240584820508957,0.8971028923988342,0.8820881843566895
YDR046C,YLL061W,1,0.00080705783,0.09249922633171082,0.8981019258499146,0.8820881843566895
YPL252C,YDR353W,0,0.0008067456,0.09248971194028854,0.8981019258499146,0.8821882009506226
YDL097C,YCR046C,0,0.00080617703,0.09248019754886627,0.8981019258499146,0.8822882175445557
YPR080W,YOR261C,0,0.00080442353,0.092470683157444,0.8981019258499146,0.8823882341384888
YDL078C,YMR228W,0,0.0008038825,0.09246117621660233,0.8981019258499146,0.8824882507324219
YDR472W,YBR026C,0,0.00080339395,0.09245166927576065,0.8981019258499146,0.882588267326355
YLR028C,YHR119W,0,0.00080327917,0.09244216233491898,0.8981019258499146,0.8826882839202881
YDR518W,YPL163C,0,0.0008030771,0.0924326553940773,0.8981019258499146,0.8827883005142212
YMR301C,YDR364C,0,0.0008026758,0.09242314845323563,0.8981019258499146,0.8828883171081543
YJR021C,YNL223W,0,0.00080217613,0.09241364896297455,0.8981019258499146,0.8829882740974426
YHR074W,YDL215C,0,0.00080193457,0.09240414947271347,0.8981019258499146,0.8830882906913757
YEL012W,YMR136W,0,0.00080108986,0.09239465743303299,0.8981019258499146,0.8831883072853088
YLR107W,YDR090C,0,0.00080095127,0.09238515794277191,0.8981019258499146,0.8832883238792419
YCL038C,YBR132C,1,0.0007992435,0.0924784243106842,0.8991008996963501,0.8832883238792419
YER185W,YPR002W,0,0.00079745764,0.09246891736984253,0.8991008996963501,0.883388340473175
YML032C,YMR061W,0,0.0007974519,0.09245941787958145,0.8991008996963501,0.8834883570671082
YMR020W,YMR054W,0,0.0007967979,0.09244992583990097,0.8991008996963501,0.8835883736610413
YKL038W,YBR222C,0,0.00079677626,0.09244042634963989,0.8991008996963501,0.8836883902549744
YHR066W,YHR060W,0,0.00079333666,0.09243093430995941,0.8991008996963501,0.8837884068489075
YGR155W,YER002W,0,0.0007929055,0.09242144227027893,0.8991008996963501,0.8838883638381958
YAL016W,YBR230C,0,0.0007923534,0.09241195023059845,0.8991008996963501,0.8839883804321289
YNR013C,YBL079W,0,0.0007921454,0.09240246564149857,0.8991008996963501,0.884088397026062
YGR246C,YFL023W,0,0.00079148595,0.09239298105239868,0.8991008996963501,0.8841884136199951
YJL155C,YOR327C,0,0.0007899277,0.0923834964632988,0.8991008996963501,0.8842884302139282
YNL127W,YJR070C,0,0.0007895827,0.09237401187419891,0.8991008996963501,0.8843884468078613
YBR260C,YDL078C,0,0.00078904675,0.09236453473567963,0.8991008996963501,0.8844884634017944
YDR137W,YMR077C,0,0.0007872878,0.09235505759716034,0.8991008996963501,0.8845884799957275
YHL036W,YER119C,1,0.000786192,0.09244818240404129,0.9000998735427856,0.8845884799957275
YDL208W,YNR035C,0,0.0007814071,0.0924386978149414,0.9000998735427856,0.8846884965896606
YGR285C,YJL053W,0,0.0007812902,0.09242921322584152,0.9000998735427856,0.884788453578949
YKL205W,YNL121C,0,0.0007801563,0.09241973608732224,0.9000998735427856,0.8848884701728821
YDR059C,YML080W,0,0.00078000023,0.09241025894880295,0.9000998735427856,0.8849884867668152
YMR087W,YLR164W,0,0.00077920314,0.09240078181028366,0.9000998735427856,0.8850885033607483
YDL142C,YGR171C,0,0.0007784431,0.09239130467176437,0.9000998735427856,0.8851885199546814
YHR179W,YPL223C,0,0.00077768165,0.09238182753324509,0.9000998735427856,0.8852885365486145
YOR279C,YGR179C,0,0.00077767274,0.0923723578453064,0.9000998735427856,0.8853885531425476
YIL094C,YJL103C,0,0.00077656045,0.0923628881573677,0.9000998735427856,0.8854885697364807
YBR282W,YPL104W,0,0.0007763984,0.09235342592000961,0.9000998735427856,0.8855885863304138
YDL142C,YDR404C,0,0.00077554135,0.09234395623207092,0.9000998735427856,0.8856885433197021
YKL175W,YPL218W,0,0.000773612,0.09233449399471283,0.9000998735427856,0.8857885599136353
YLR105C,YJR063W,0,0.00077325007,0.09232503175735474,0.9000998735427856,0.8858885765075684
YCL025C,YDR353W,0,0.0007732048,0.09231557697057724,0.9000998735427856,0.8859885931015015
YPL096W,YFR052W,0,0.0007716292,0.09230611473321915,0.9000998735427856,0.8860886096954346
YLR264W,YLR268W,0,0.0007712271,0.09229665994644165,0.9000998735427856,0.8861886262893677
YNL271C,YML049C,0,0.00076992443,0.09228720515966415,0.9000998735427856,0.8862886428833008
YOL129W,YGR285C,0,0.000766859,0.09227775782346725,0.9000998735427856,0.8863886594772339
YGL037C,YDL128W,0,0.00076668616,0.09226830303668976,0.9000998735427856,0.886488676071167
YOR159C,YNL259C,0,0.0007654991,0.09225885570049286,0.9000998735427856,0.8865886330604553
YLR107W,YER150W,0,0.0007652547,0.09224940836429596,0.9000998735427856,0.8866886496543884
YBR183W,YKL074C,0,0.00076309306,0.09223996847867966,0.9000998735427856,0.8867886662483215
YBR196C,YEL031W,0,0.00076164945,0.09223052859306335,0.9000998735427856,0.8868886828422546
YBR260C,YOR142W,0,0.00076135737,0.09222108125686646,0.9000998735427856,0.8869886994361877
YMR239C,YLR316C,0,0.0007601507,0.09221164882183075,0.9000998735427856,0.8870887160301208
YBR172C,YHR008C,0,0.0007576604,0.09220220893621445,0.9000998735427856,0.887188732624054
YEL052W,YDL198C,0,0.0007566315,0.09219277650117874,0.9000998735427856,0.8872887492179871
YOR209C,YNL027W,0,0.00075635826,0.09218334406614304,0.9000998735427856,0.8873887658119202
YPL223C,YMR304W,0,0.00075530016,0.09217391163110733,0.9000998735427856,0.8874887228012085
YLR394W,YBL034C,0,0.00075311674,0.09216448664665222,0.9000998735427856,0.8875887393951416
YGR191W,YMR088C,1,0.00075275474,0.09225733578205109,0.901098906993866,0.8875887393951416
YDL111C,YNL262W,0,0.000752575,0.09224790334701538,0.901098906993866,0.8876887559890747
YGR010W,YFL057C,0,0.0007520782,0.09223847091197968,0.901098906993866,0.8877887725830078
YIL002C,YMR210W,0,0.00075186824,0.09222903847694397,0.901098906993866,0.8878887891769409
YLR105C,YKL165C,0,0.00075145345,0.09221960604190826,0.901098906993866,0.887988805770874
YAL054C,YDR226W,0,0.0007509553,0.09221018105745316,0.901098906993866,0.8880888223648071
YPR026W,YHL027W,0,0.0007482917,0.09220075607299805,0.901098906993866,0.8881888389587402
YGR264C,YHR004C,0,0.0007462075,0.09219133108854294,0.901098906993866,0.8882888555526733
YNL178W,YKL205W,0,0.00074590207,0.09218191355466843,0.901098906993866,0.8883888125419617
YKL041W,YFR045W,0,0.00074512383,0.09217248857021332,0.901098906993866,0.8884888291358948
YLR105C,YIL021W,0,0.00074488344,0.0921630710363388,0.901098906993866,0.8885888457298279
YHR074W,YML030W,0,0.00074436906,0.09215366095304489,0.901098906993866,0.888688862323761
YER050C,YKL041W,0,0.00074424985,0.09214424341917038,0.901098906993866,0.8887888789176941
YCR030C,YOR299W,0,0.00074387505,0.09213483333587646,0.901098906993866,0.8888888955116272
YKL126W,YBR173C,0,0.000742058,0.09212542325258255,0.901098906993866,0.8889889121055603
YBR195C,YGL113W,0,0.00074163487,0.09211601316928864,0.901098906993866,0.8890889286994934
YMR013C,YKL166C,0,0.0007412282,0.09210660308599472,0.901098906993866,0.8891889452934265
YIL079C,YHR058C,0,0.0007400192,0.0920972004532814,0.901098906993866,0.8892889022827148
YJL053W,YDR173C,0,0.0007379263,0.09208779782056808,0.901098906993866,0.889388918876648
YOR299W,YDL170W,0,0.00073735544,0.09207840263843536,0.901098906993866,0.889488935470581
YOR243C,YJL082W,0,0.0007372248,0.09206900000572205,0.901098906993866,0.8895889520645142
YNL223W,YPL096W,0,0.0007367349,0.09205960482358932,0.901098906993866,0.8896889686584473
YML097C,YIL047C,0,0.00073560997,0.0920502096414566,0.901098906993866,0.8897889852523804
YPL273W,YGL259W,0,0.0007338707,0.09204081445932388,0.901098906993866,0.8898890018463135
YJR107W,YNR002C,0,0.00073142175,0.09203142672777176,0.901098906993866,0.8899890184402466
YCL036W,YLR183C,0,0.0007311552,0.09202203899621964,0.901098906993866,0.8900890350341797
YJR082C,YIR011C,0,0.00073038985,0.09201265126466751,0.901098906993866,0.890188992023468
YNL202W,YPL196W,0,0.0007301272,0.09200326353311539,0.901098906993866,0.8902890086174011
YOR099W,YBR031W,0,0.0007298847,0.09199388325214386,0.901098906993866,0.8903890252113342
YMR301C,YIL133C,0,0.0007297157,0.09198450297117233,0.901098906993866,0.8904890418052673
YOR304W,YOR168W,0,0.0007274931,0.0919751226902008,0.901098906993866,0.8905890583992004
YPL129W,YJR101W,0,0.0007257585,0.09196574240922928,0.901098906993866,0.8906890749931335
YNL302C,YKL064W,0,0.0007255054,0.09195636957883835,0.901098906993866,0.8907890915870667
YKL190W,YPL098C,0,0.00072481437,0.09194698929786682,0.901098906993866,0.8908891081809998
YJL004C,YDR410C,0,0.000722553,0.09193762391805649,0.901098906993866,0.8909891247749329
YNL147W,YMR228W,0,0.0007223567,0.09192825108766556,0.901098906993866,0.8910890817642212
YLR080W,YOL090W,0,0.00072177115,0.09191888570785522,0.901098906993866,0.8911890983581543
YDR492W,YOL151W,0,0.0007202712,0.09190952032804489,0.901098906993866,0.8912891149520874
YER162C,YDR496C,0,0.0007201353,0.09190015494823456,0.901098906993866,0.8913891315460205
YOL043C,YGR027C,0,0.00071937114,0.09189078956842422,0.901098906993866,0.8914891481399536
YMR093W,YLR300W,0,0.00071910693,0.09188143163919449,0.901098906993866,0.8915891647338867
YJR127C,YKL022C,0,0.0007189106,0.09187207370996475,0.901098906993866,0.8916891813278198
YKL064W,YGL148W,0,0.0007187606,0.09186271578073502,0.901098906993866,0.8917891979217529
YNL267W,YDR416W,0,0.0007175704,0.09185335785150528,0.901098906993866,0.891889214515686
YOR348C,YBR132C,1,0.00071753515,0.0919458270072937,0.9020978808403015,0.891889214515686
YOR292C,YPL129W,0,0.00071709184,0.09193646907806396,0.9020978808403015,0.8919891715049744
YBL058W,YLR165C,0,0.0007124175,0.09192711114883423,0.9020978808403015,0.8920891880989075
YOR261C,YOR226C,0,0.0007094557,0.09191775321960449,0.9020978808403015,0.8921892046928406
YCR087C-A,YNL182C,0,0.00070800725,0.09190839529037476,0.9020978808403015,0.8922892212867737
YKL009W,YPL104W,0,0.0007075698,0.09189904481172562,0.9020978808403015,0.8923892378807068
YMR049C,YPR030W,0,0.00070484885,0.09188969433307648,0.9020978808403015,0.8924892544746399
YNL107W,YLR016C,0,0.0007038527,0.09188034385442734,0.9020978808403015,0.892589271068573
YML032C,YLR025W,0,0.00070225704,0.0918709933757782,0.9020978808403015,0.8926892876625061
YKL007W,YER074W,0,0.0007021101,0.09186165034770966,0.9020978808403015,0.8927893042564392
YBR068C,YNL268W,1,0.00070170814,0.09195402264595032,0.9030969142913818,0.8927893042564392
YDR160W,YCL038C,1,0.0007000363,0.09204638004302979,0.9040958881378174,0.8927893042564392
YIL142W,YDL022W,0,0.0006991449,0.09203701466321945,0.9040958881378174,0.8928892612457275
YOR216C,YGL060W,0,0.000698096,0.09202765673398972,0.9040958881378174,0.8929892778396606
YGR052W,YKL013C,0,0.0006967222,0.09201829880475998,0.9040958881378174,0.8930892944335938
YDR254W,YJR006W,0,0.00069635606,0.09200894832611084,0.9040958881378174,0.8931893110275269
YHR030C,YJL034W,0,0.0006961802,0.0919995903968811,0.9040958881378174,0.89328932762146
YDL171C,YGR185C,0,0.0006959776,0.09199023991823196,0.9040958881378174,0.8933893442153931
YBR080C,YOR275C,0,0.00069570297,0.09198088943958282,0.9040958881378174,0.8934893608093262
YMR284W,YLR325C,0,0.0006955883,0.09197154641151428,0.9040958881378174,0.8935893774032593
YKL171W,YMR321C,0,0.00069518044,0.09196219593286514,0.9040958881378174,0.8936893939971924
YOL082W,YGR282C,0,0.0006945033,0.0919528529047966,0.9040958881378174,0.8937893509864807
YDR492W,YMR160W,0,0.0006934432,0.09194350987672806,0.9040958881378174,0.8938893675804138
YDR196C,YNL259C,0,0.0006917821,0.09193417429924011,0.9040958881378174,0.8939893841743469
YDR419W,YJL206C,0,0.0006911607,0.09192483127117157,0.9040958881378174,0.89408940076828
YGL172W,YLR026C,0,0.0006909552,0.09191549569368362,0.9040958881378174,0.8941894173622131
YKL064W,YKR101W,0,0.0006909262,0.09190616756677628,0.9040958881378174,0.8942894339561462
YBL058W,YER150W,0,0.0006896812,0.09189683198928833,0.9040958881378174,0.8943894505500793
YGL050W,YJL081C,0,0.0006892998,0.09188750386238098,0.9040958881378174,0.8944894671440125
YLL055W,YGR142W,1,0.0006886707,0.09197969734668732,0.9050949215888977,0.8944894671440125
YDR245W,YDL040C,0,0.0006886599,0.09197036176919937,0.9050949215888977,0.8945894837379456
YLR404W,YPL244C,0,0.0006881603,0.09196102619171143,0.9050949215888977,0.8946894407272339
YNL261W,YLR291C,0,0.0006861714,0.09195169061422348,0.9050949215888977,0.894789457321167
YDR233C,YPR127W,0,0.00068571186,0.09194235503673553,0.9050949215888977,0.8948894739151001
YDR351W,YPL002C,0,0.0006855773,0.09193302690982819,0.9050949215888977,0.8949894905090332
YHR069C,YGL236C,0,0.00068493263,0.09192369878292084,0.9050949215888977,0.8950895071029663
YBR155W,YLR350W,0,0.0006832975,0.09191437810659409,0.9050949215888977,0.8951895236968994
YHR119W,YIL047C,0,0.0006824001,0.09190504997968674,0.9050949215888977,0.8952895402908325
YPR080W,YGR020C,0,0.00068092055,0.09189572930335999,0.9050949215888977,0.8953895568847656
YJL011C,YOR038C,0,0.0006794125,0.09188640862703323,0.9050949215888977,0.8954895734786987
YPR006C,YDL045C,0,0.00067873293,0.09187708795070648,0.9050949215888977,0.8955895304679871
YJR006W,YOR292C,0,0.00067507004,0.09186777472496033,0.9050949215888977,0.8956895470619202
YCL038C,YMR088C,1,0.00067412696,0.09195984899997711,0.9060938954353333,0.8956895470619202
YJR040W,YDR353W,0,0.0006729121,0.09195052832365036,0.9060938954353333,0.8957895636558533
YPR149W,YGR155W,0,0.0006727733,0.09194120764732361,0.9060938954353333,0.8958895802497864
YJL192C,YKL124W,0,0.0006708052,0.09193188697099686,0.9060938954353333,0.8959895968437195
YLR447C,YKL175W,0,0.0006694544,0.0919225737452507,0.9060938954353333,0.8960896134376526
YOR348C,YIL088C,1,0.0006658045,0.09201459586620331,0.9070929288864136,0.8960896134376526
YPR127W,YNL052W,0,0.0006657838,0.09200526773929596,0.9070929288864136,0.8961896300315857
YDR207C,YMR240C,0,0.00066511537,0.09199594706296921,0.9070929288864136,0.8962896466255188
YLR206W,YFR001W,0,0.0006635478,0.09198662638664246,0.9070929288864136,0.8963896632194519
YGL186C,YGR012W,0,0.00066252,0.0919773131608963,0.9070929288864136,0.8964896202087402
YPL244C,YLR050C,0,0.0006620254,0.09196799248456955,0.9070929288864136,0.8965896368026733
YBR118W,YDL074C,0,0.0006618015,0.0919586792588234,0.9070929288864136,0.8966896533966064
YLL055W,YIL088C,1,0.0006613192,0.09205063432455063,0.9080919027328491,0.8966896533966064
YBR118W,YNL175C,0,0.0006605104,0.09204131364822388,0.9080919027328491,0.8967896699905396
YMR269W,YOR311C,0,0.0006604871,0.09203199297189713,0.9080919027328491,0.8968896865844727
YKL093W,YER087W,0,0.000660472,0.09202267974615097,0.9080919027328491,0.8969897031784058
YDR449C,YPR030W,0,0.00065986544,0.09201335906982422,0.9080919027328491,0.8970897197723389
YOR292C,YKR026C,0,0.0006595552,0.09200404584407806,0.9080919027328491,0.897189736366272
YKL126W,YLR389C,0,0.0006592793,0.0919947400689125,0.9080919027328491,0.8972897529602051
YLL051C,YLR088W,0,0.00065909745,0.09198542684316635,0.9080919027328491,0.8973897099494934
YFR021W,YOL111C,0,0.00065883866,0.0919761210680008,0.9080919027328491,0.8974897265434265
YML030W,YCL057W,0,0.00065857626,0.09196681529283524,0.9080919027328491,0.8975897431373596
YOL141W,YKL013C,0,0.00065725297,0.09195750951766968,0.9080919027328491,0.8976897597312927
YAR027W,YDR229W,0,0.00065704004,0.09194821119308472,0.9080919027328491,0.8977897763252258
YJR055W,YDL111C,0,0.000656017,0.09193891286849976,0.9080919027328491,0.8978897929191589
YNL101W,YCL038C,1,0.00065510726,0.09203074127435684,0.9090909361839294,0.8978897929191589
YPL151C,YNL267W,0,0.00065507577,0.09202143549919128,0.9090909361839294,0.897989809513092
YDR476C,YLR344W,0,0.0006550258,0.09201213717460632,0.9090909361839294,0.8980898261070251
YIL035C,YNR002C,0,0.00065444864,0.09200283139944077,0.9090909361839294,0.8981898427009583
YHR030C,YHR074W,0,0.00065250177,0.0919935330748558,0.9090909361839294,0.8982897996902466
YDL084W,YGL112C,0,0.00065229816,0.09198423475027084,0.9090909361839294,0.8983898162841797
YDR131C,YPR127W,0,0.00065039954,0.09197493642568588,0.9090909361839294,0.8984898328781128
YGR055W,YCL025C,1,0.00065002893,0.0920666977763176,0.910089910030365,0.8984898328781128
YGR246C,YMR240C,0,0.00064924697,0.09205739945173264,0.910089910030365,0.8985898494720459
YNL178W,YJL117W,0,0.000649238,0.09204809367656708,0.910089910030365,0.898689866065979
YLR197W,YBR010W,0,0.0006478291,0.09203879535198212,0.910089910030365,0.8987898826599121
YEL012W,YNL273W,0,0.00064779725,0.09202949702739716,0.910089910030365,0.8988898992538452
YEL052W,YLR251W,0,0.0006470004,0.0920201987028122,0.910089910030365,0.8989899158477783
YMR194W,YHR082C,0,0.000645377,0.09201090782880783,0.910089910030365,0.8990899324417114
YPR144C,YOR159C,0,0.0006450029,0.09200161695480347,0.910089910030365,0.8991898894309998
YLR291C,YDL024C,0,0.00064461015,0.0919923260807991,0.910089910030365,0.8992899060249329
YGR191W,YDR508C,1,0.0006418732,0.09208400547504425,0.9110888838768005,0.8992899060249329
YAL033W,YHR008C,0,0.00063744665,0.09207470715045929,0.9110888838768005,0.899389922618866
YGR052W,YDR423C,0,0.00063731906,0.09206541627645493,0.9110888838768005,0.8994899392127991
YPL150W,YDL215C,0,0.0006370786,0.09205612540245056,0.9110888838768005,0.8995899558067322
YNL107W,YBR257W,0,0.0006369484,0.0920468345284462,0.9110888838768005,0.8996899724006653
YNL101W,YEL063C,1,0.00063619635,0.09213846176862717,0.9120879173278809,0.8996899724006653
YDL197C,YMR114C,0,0.00063570176,0.0921291634440422,0.9120879173278809,0.8997899889945984
YCR057C,YJL171C,0,0.00063509133,0.09211986511945724,0.9120879173278809,0.8998900055885315
YGR052W,YDR454C,0,0.00063417864,0.09211057424545288,0.9120879173278809,0.8999900221824646
YOL057W,YOR275C,0,0.00063332875,0.09210128337144852,0.9120879173278809,0.9000900387763977
YBR026C,YNL284C,0,0.00063314167,0.09209199249744415,0.9120879173278809,0.900189995765686
YJL030W,YJR133W,0,0.000632189,0.09208270162343979,0.9120879173278809,0.9002900123596191
YEL036C,YDL047W,0,0.00063199655,0.09207341820001602,0.9120879173278809,0.9003900289535522
YGR105W,YOL040C,0,0.0006314655,0.09206413477659225,0.9120879173278809,0.9004900455474854
YHR077C,YMR075W,0,0.0006306159,0.09205485135316849,0.9120879173278809,0.9005900621414185
YHR179W,YBR243C,0,0.00063041074,0.09204556792974472,0.9120879173278809,0.9006900787353516
YOR287C,YOR215C,0,0.00062934007,0.09203629195690155,0.9120879173278809,0.9007900953292847
YOR274W,YDR195W,0,0.0006262628,0.09202701598405838,0.9120879173278809,0.9008901119232178
YLR183C,YKL189W,0,0.0006261602,0.09201774001121521,0.9120879173278809,0.9009901285171509
YKL146W,YCR075C,1,0.00062451314,0.09210924059152603,0.9130868911743164,0.9009901285171509
YJR092W,YMR308C,0,0.00062300375,0.09209995716810226,0.9130868911743164,0.9010900855064392
YBR068C,YPL265W,1,0.00062247756,0.0921914353966713,0.9140859246253967,0.9010900855064392
YDR245W,YEL036C,0,0.0006185221,0.09218214452266693,0.9140859246253967,0.9011901021003723
YPL099C,YOR089C,0,0.0006184472,0.09217286109924316,0.9140859246253967,0.9012901186943054
YER171W,YMR246W,0,0.0006182887,0.0921635776758194,0.9140859246253967,0.9013901352882385
YPR072W,YOR138C,0,0.0006178413,0.09215429425239563,0.9140859246253967,0.9014901518821716
YMR013C,YLL004W,0,0.0006176723,0.09214501827955246,0.9140859246253967,0.9015901684761047
YAL054C,YPR160W,0,0.0006174313,0.09213573485612869,0.9140859246253967,0.9016901850700378
YJL103C,YPR091C,0,0.00061635976,0.09212645888328552,0.9140859246253967,0.901790201663971
YDR454C,YGR268C,0,0.00061581895,0.09211718291044235,0.9140859246253967,0.901890218257904
YNL160W,YLR153C,0,0.00061577256,0.09210791438817978,0.9140859246253967,0.9019901752471924
YPL273W,YER019C-A,0,0.00061557133,0.09209863841533661,0.9140859246253967,0.9020901918411255
YJR004C,YDR034C,0,0.00061470806,0.09208936989307404,0.9140859246253967,0.9021902084350586
YDR046C,YBR069C,1,0.0006125058,0.09218073636293411,0.9150848984718323,0.9021902084350586
YOR355W,YNR013C,0,0.00061188795,0.09217146039009094,0.9150848984718323,0.9022902250289917
YLL034C,YGL103W,0,0.00061187864,0.09216219186782837,0.9150848984718323,0.9023902416229248
YCR030C,YDR211W,0,0.00061070145,0.0921529158949852,0.9150848984718323,0.9024902582168579
YDL061C,YBR155W,0,0.0006093468,0.09214364737272263,0.9150848984718323,0.902590274810791
YER103W,YBR172C,0,0.0006078418,0.09213437885046005,0.9150848984718323,0.9026902914047241
YDR137W,YCR014C,0,0.00060765183,0.09212511032819748,0.9150848984718323,0.9027903079986572
YBL011W,YCL057W,0,0.00060699374,0.0921158492565155,0.9150848984718323,0.9028902649879456
YGR246C,YDL040C,0,0.00060565706,0.09210658818483353,0.9150848984718323,0.9029902815818787
YBR132C,YIL088C,1,0.0006047959,0.09219786524772644,0.9160839319229126,0.9029902815818787
YMR077C,YMR115W,0,0.00060425425,0.09218859672546387,0.9160839319229126,0.9030902981758118
YER022W,YCR011C,0,0.000603645,0.09217933565378189,0.9160839319229126,0.9031903147697449
YBR006W,YLR157C,0,0.00060245313,0.09217006713151932,0.9160839319229126,0.903290331363678
YJL141C,YER145C,0,0.00060157815,0.09216080605983734,0.9160839319229126,0.9033903479576111
YPL078C,YMR090W,0,0.0006014635,0.09215154498815536,0.9160839319229126,0.9034903645515442
YLR353W,YLR389C,0,0.0005984911,0.09214228391647339,0.9160839319229126,0.9035903811454773
YPL104W,YDL045C,0,0.0005980027,0.09213302284479141,0.9160839319229126,0.9036903977394104
YKL174C,YLR386W,0,0.0005974715,0.09212376922369003,0.9160839319229126,0.9037903547286987
YGL256W,YDR211W,0,0.0005961728,0.09211451560258865,0.9160839319229126,0.9038903713226318
YJL166W,YLR009W,0,0.00059614325,0.09210526198148727,0.9160839319229126,0.9039903879165649
YOR299W,YJR103W,0,0.0005960907,0.09209601581096649,0.9160839319229126,0.904090404510498
YKL175W,YJL149W,0,0.0005953083,0.09208676218986511,0.9160839319229126,0.9041904211044312
YMR228W,YBR095C,0,0.0005948776,0.09207751601934433,0.9160839319229126,0.9042904376983643
YGR070W,YKR026C,0,0.00059438334,0.09206826984882355,0.9160839319229126,0.9043904542922974
YCR014C,YNL050C,0,0.000594184,0.09205903112888336,0.9160839319229126,0.9044904708862305
YCR030C,YDR296W,0,0.00059095287,0.09204979240894318,0.9160839319229126,0.9045904874801636
YGL180W,YDL170W,0,0.00059023406,0.09204055368900299,0.9160839319229126,0.9046904444694519
YCR030C,YER008C,0,0.00058989687,0.0920313149690628,0.9160839319229126,0.904790461063385
YAL038W,YLR429W,0,0.00058980496,0.09202207624912262,0.9160839319229126,0.9048904776573181
YKL103C,YJR021C,0,0.0005896987,0.09201284497976303,0.9160839319229126,0.9049904942512512
YOR261C,YPL096W,0,0.0005890842,0.09200361371040344,0.9160839319229126,0.9050905108451843
YDR508C,YGL077C,1,0.0005884658,0.09209470450878143,0.9170829057693481,0.9050905108451843
YPL131W,YMR186W,0,0.0005857557,0.09208546578884125,0.9170829057693481,0.9051905274391174
YLR129W,YBR257W,0,0.0005805522,0.09207622706890106,0.9170829057693481,0.9052905440330505
YDR172W,YHR085W,0,0.0005795515,0.09206699579954147,0.9170829057693481,0.9053905606269836
YBR069C,YNL065W,1,0.0005764227,0.09215804189443588,0.9180819392204285,0.9053905606269836
YJL071W,YMR099C,0,0.00057432207,0.0921488031744957,0.9180819392204285,0.9054905772209167
YBR293W,YBR068C,1,0.0005738854,0.09223982691764832,0.919080913066864,0.9054905772209167
YMR194W,YMR160W,0,0.0005693535,0.09223057329654694,0.919080913066864,0.9055905342102051
YGR264C,YOR317W,0,0.0005687255,0.09222133457660675,0.919080913066864,0.9056905508041382
YHR029C,YNL208W,0,0.00056860736,0.09221208840608597,0.919080913066864,0.9057905673980713
YKL189W,YJL213W,0,0.00056850706,0.09220284968614578,0.919080913066864,0.9058905839920044
YJR103W,YAL039C,0,0.00056850543,0.092193603515625,0.919080913066864,0.9059906005859375
YOR232W,YJL176C,0,0.0005682422,0.09218437224626541,0.919080913066864,0.9060906171798706
YPL265W,YMR088C,1,0.00056789187,0.09227532148361206,0.9200799465179443,0.9060906171798706
YER090W,YDR062W,0,0.0005676773,0.09226607531309128,0.9200799465179443,0.9061906337738037
YEL064C,YEL062W,1,0.0005664501,0.09235700964927673,0.9210789203643799,0.9061906337738037
YKR008W,YPR111W,0,0.00056389836,0.09234775602817535,0.9210789203643799,0.9062906503677368
YOL093W,YPR125W,0,0.00056309084,0.09233850985765457,0.9210789203643799,0.9063906669616699
YNL282W,YMR229C,0,0.000561873,0.09232926368713379,0.9210789203643799,0.9064906239509583
YOR138C,YPL113C,0,0.0005582886,0.092320017516613,0.9210789203643799,0.9065906405448914
YCL057W,YOR215C,0,0.00055702706,0.09231077134609222,0.9210789203643799,0.9066906571388245
YLR219W,YDR476C,0,0.00055693387,0.09230153262615204,0.9210789203643799,0.9067906737327576
YJR006W,YNL304W,0,0.0005569129,0.09229229390621185,0.9210789203643799,0.9068906903266907
YJR001W,YGR142W,1,0.0005566746,0.09238314628601074,0.9220778942108154,0.9068906903266907
YJL176C,YLR309C,0,0.0005552523,0.09237390011548996,0.9220778942108154,0.9069907069206238
YDR508C,YGR055W,1,0.00055472384,0.09246472269296646,0.9230769276618958,0.9069907069206238
YHR074W,YHR175W,0,0.0005538801,0.09245547652244568,0.9230769276618958,0.9070907235145569
YDR304C,YLR050C,0,0.00055304635,0.0924462229013443,0.9230769276618958,0.90719074010849
YFL014W,YMR025W,0,0.0005508187,0.09243697673082352,0.9230769276618958,0.9072907567024231
YJR147W,YDL045C,0,0.0005493915,0.09242773056030273,0.9230769276618958,0.9073907136917114
YFL054C,YMR229C,0,0.0005483117,0.09241848438978195,0.9230769276618958,0.9074907302856445
YDL021W,YFL023W,0,0.00054812257,0.09240923821926117,0.9230769276618958,0.9075907468795776
YJR149W,YBR031W,0,0.00054792874,0.09239999949932098,0.9230769276618958,0.9076907634735107
YMR054W,YDR262W,0,0.0005469342,0.0923907607793808,0.9230769276618958,0.9077907800674438
YER171W,YKL085W,0,0.0005458468,0.09238152205944061,0.9230769276618958,0.907890796661377
YPR021C,YER119C,1,0.00054489996,0.09247225522994995,0.9240759015083313,0.907890796661377
YIL134W,YPR119W,0,0.00054396613,0.09246301651000977,0.9240759015083313,0.9079908132553101
YDR351W,YDL215C,0,0.0005434596,0.09245377033948898,0.9240759015083313,0.9080908298492432
YJR001W,YMR088C,1,0.0005417642,0.09254447370767593,0.9250749349594116,0.9080908298492432
YAL060W,YKL170W,0,0.000541759,0.09253522753715515,0.9250749349594116,0.9081908464431763
YDR090C,YNL284C,0,0.00054054667,0.09252598136663437,0.9250749349594116,0.9082908034324646
YKL064W,YNR002C,0,0.00053862645,0.09251673519611359,0.9250749349594116,0.9083908200263977
YOL136C,YOR355W,0,0.00053623755,0.0925074890255928,0.9250749349594116,0.9084908366203308
YDR414C,YDR429C,0,0.00053466664,0.09249825030565262,0.9250749349594116,0.9085908532142639
YIL088C,YJR103W,0,0.0005341038,0.09248901158571243,0.9250749349594116,0.908690869808197
YMR093W,YOL054W,0,0.00053400756,0.09247977286577225,0.9250749349594116,0.9087908864021301
YCL036W,YPL050C,0,0.00053394394,0.09247054159641266,0.9250749349594116,0.9088909029960632
YBL041W,YPL094C,0,0.0005315826,0.09246131032705307,0.9250749349594116,0.9089909195899963
YOR310C,YDL045C,0,0.00053065014,0.09245207905769348,0.9250749349594116,0.9090909361839294
YOR106W,YBR257W,0,0.00053012103,0.09244284778833389,0.9250749349594116,0.9091908931732178
YDL142C,YKR002W,0,0.00052970863,0.0924336165189743,0.9250749349594116,0.9092909097671509
YKL126W,YMR238W,0,0.0005295297,0.09242439270019531,0.9250749349594116,0.909390926361084
YNL050C,YGL037C,0,0.0005294868,0.09241516888141632,0.9250749349594116,0.9094909429550171
YDL107W,YJL144W,0,0.0005289796,0.09240594506263733,0.9250749349594116,0.9095909595489502
YJR147W,YNL095C,0,0.0005285434,0.09239672869443893,0.9250749349594116,0.9096909761428833
YDL028C,YJR031C,0,0.00052848994,0.09238751232624054,0.9250749349594116,0.9097909927368164
YOR275C,YMR115W,0,0.00052795926,0.09237828850746155,0.9250749349594116,0.9098910093307495
YJR051W,YOR317W,0,0.0005271763,0.09236907958984375,0.9250749349594116,0.9099910259246826
YMR005W,YBR155W,0,0.0005265651,0.09235986322164536,0.9250749349594116,0.910090982913971
YKL126W,YDR476C,0,0.00052549294,0.09235065430402756,0.9250749349594116,0.910190999507904
YJL059W,YEL062W,1,0.00052474637,0.09244116395711899,0.9260739088058472,0.910190999507904
YNL153C,YIL094C,0,0.0005239045,0.0924319475889206,0.9260739088058472,0.9102910161018372
YJL187C,YDR306C,0,0.0005230346,0.0924227312207222,0.9260739088058472,0.9103910326957703
YPR026W,YGR251W,0,0.0005189231,0.0924135148525238,0.9260739088058472,0.9104910492897034
YKL078W,YAL017W,0,0.0005185431,0.092404305934906,0.9260739088058472,0.9105910658836365
YKR020W,YKR068C,0,0.0005168469,0.09239509701728821,0.9260739088058472,0.9106910824775696
YBR002C,YBR172C,0,0.00051529735,0.09238588809967041,0.9260739088058472,0.9107910990715027
YPL087W,YER171W,0,0.00051467615,0.09237667918205261,0.9260739088058472,0.9108911156654358
YCL032W,YPL065W,0,0.0005122064,0.09236747771501541,0.9260739088058472,0.9109910726547241
YEL063C,YIL088C,1,0.0005100661,0.09245790541172028,0.9270729422569275,0.9109910726547241
YOR209C,YMR295C,0,0.0005099234,0.09244869649410248,0.9270729422569275,0.9110910892486572
YOL020W,YGR055W,1,0.0005082587,0.09253909438848495,0.928071916103363,0.9110910892486572
YJL005W,YMR114C,0,0.00050800905,0.09252987802028656,0.928071916103363,0.9111911058425903
YOR299W,YHL027W,0,0.00050674705,0.09252066165208817,0.928071916103363,0.9112911224365234
YML006C,YIL079C,0,0.0005038641,0.09251145273447037,0.928071916103363,0.9113911390304565
YGR285C,YGR255C,0,0.000499184,0.09250224381685257,0.928071916103363,0.9114911556243896
YER151C,YLR182W,0,0.00049805496,0.09249302744865417,0.928071916103363,0.9115911722183228
YNL267W,YKR028W,0,0.0004972149,0.09248382598161697,0.928071916103363,0.9116911888122559
YDR508C,YCL025C,1,0.0004968863,0.09257415682077408,0.9290709495544434,0.9116911888122559
YGL236C,YNL121C,0,0.00049555884,0.09256494790315628,0.9290709495544434,0.911791205406189
YEL036C,YDR496C,0,0.00049380126,0.09255573153495789,0.9290709495544434,0.9118911623954773
YER175C,YBR093C,0,0.00049285084,0.09254652261734009,0.9290709495544434,0.9119911789894104
YJR001W,YER119C,1,0.00049158244,0.09263681620359421,0.9300699234008789,0.9119911789894104
YAL017W,YOR089C,0,0.00048771972,0.09262759983539581,0.9300699234008789,0.9120911955833435
YOR317W,YOL040C,0,0.0004872332,0.09261838346719742,0.9300699234008789,0.9121912121772766
YGL237C,YAL017W,0,0.00048696483,0.09260917454957962,0.9300699234008789,0.9122912287712097
YLL004W,YMR179W,0,0.00048546254,0.09259995818138123,0.9300699234008789,0.9123912453651428
YPL163C,YCR052W,0,0.00048515745,0.09259074926376343,0.9300699234008789,0.9124912619590759
YOL145C,YER150W,0,0.00048513108,0.09258154034614563,0.9300699234008789,0.912591278553009
YNL085W,YJR063W,0,0.00048474743,0.09257233887910843,0.9300699234008789,0.9126912951469421
YDR263C,YOR038C,0,0.00048252536,0.09256313741207123,0.9300699234008789,0.9127912521362305
YGL237C,YJR070C,0,0.00048242466,0.09255392849445343,0.9300699234008789,0.9128912687301636
YLR219W,YBL092W,0,0.00048228304,0.09254473447799683,0.9300699234008789,0.9129912853240967
YGR268C,YOR142W,0,0.00048202107,0.09253553301095963,0.9300699234008789,0.9130913019180298
YPL265W,YKL146W,1,0.00048181665,0.09262572228908539,0.9310689568519592,0.9130913019180298
YBR183W,YBL041W,0,0.00048146886,0.09261651337146759,0.9310689568519592,0.9131913185119629
YJR036C,YNL282W,0,0.00048021646,0.09260731190443039,0.9310689568519592,0.913291335105896
YNL084C,YPR091C,0,0.0004777842,0.09259811043739319,0.9310689568519592,0.9133913516998291
YGL026C,YAL038W,0,0.00047733943,0.09258891642093658,0.9310689568519592,0.9134913682937622
YNL273W,YDR449C,0,0.00047733192,0.09257971495389938,0.9310689568519592,0.9135913848876953
YFL048C,YGL019W,0,0.000475975,0.09257052093744278,0.9310689568519592,0.9136913418769836
YAL017W,YPL093W,0,0.00047580377,0.09256132692098618,0.9310689568519592,0.9137913584709167
YJL117W,YMR239C,0,0.00047570307,0.09255213290452957,0.9310689568519592,0.9138913750648499
YPL011C,YFL013C,0,0.0004754535,0.09254294633865356,0.9310689568519592,0.913991391658783
YDR306C,YDR429C,0,0.00047503697,0.09253375977277756,0.9310689568519592,0.9140914082527161
YBR068C,YKL146W,1,0.0004738006,0.09262384474277496,0.9320679306983948,0.9140914082527161
YGR288W,YIR018W,0,0.0004725584,0.09261465072631836,0.9320679306983948,0.9141914248466492
YKL146W,YJL059W,1,0.00047177367,0.09270471334457397,0.9330669045448303,0.9141914248466492
YKL217W,YMR034C,0,0.0004710439,0.09269551187753677,0.9330669045448303,0.9142914414405823
YGR155W,YGR276C,0,0.0004701669,0.09268631786108017,0.9330669045448303,0.9143914580345154
YMR193W,YLR309C,0,0.00047002532,0.09267711639404297,0.9330669045448303,0.9144914746284485
YOL038W,YOR142W,0,0.00046910235,0.09266792237758636,0.9330669045448303,0.9145914316177368
YOR106W,YJL124C,0,0.0004684033,0.09265872836112976,0.9330669045448303,0.9146914482116699
YJL200C,YHR085W,0,0.00046817854,0.09264954179525375,0.9330669045448303,0.914791464805603
YCL032W,YOR162C,0,0.00046781986,0.09264034777879715,0.9330669045448303,0.9148914813995361
YNL110C,YJR112W,0,0.00046688123,0.09263116121292114,0.9330669045448303,0.9149914979934692
YLR043C,YOR327C,0,0.00046591845,0.09262197464704514,0.9330669045448303,0.9150915145874023
YDR026C,YGR095C,0,0.00046447065,0.09261278808116913,0.9330669045448303,0.9151915311813354
YGR281W,YNL192W,0,0.0004614631,0.09260360896587372,0.9330669045448303,0.9152915477752686
YDL083C,YBR061C,0,0.00046018418,0.09259442985057831,0.9330669045448303,0.9153915643692017
YDR034C,YGL216W,0,0.00045986447,0.0925852507352829,0.9330669045448303,0.91549152135849
YMR097C,YBR230C,0,0.00045913013,0.09257607161998749,0.9330669045448303,0.9155915379524231
YLR264W,YNR035C,0,0.0004584892,0.09256689995527267,0.9330669045448303,0.9156915545463562
YPL129W,YGR027C,0,0.00045844945,0.09255772829055786,0.9330669045448303,0.9157915711402893
YMR020W,YGL259W,0,0.00045813402,0.09254855662584305,0.9330669045448303,0.9158915877342224
YBR172C,YOR098C,0,0.0004580764,0.09253938496112823,0.9330669045448303,0.9159916043281555
YKL168C,YBR096W,0,0.00045765695,0.09253021329641342,0.9330669045448303,0.9160916209220886
YMR114C,YKL022C,0,0.00045725773,0.0925210490822792,0.9330669045448303,0.9161916375160217
YPR026W,YPR002W,0,0.00045665685,0.09251188486814499,0.9330669045448303,0.9162916541099548
YDR172W,YLR103C,0,0.0004557977,0.09250272065401077,0.9330669045448303,0.9163916110992432
YHR030C,YPL110C,0,0.00045543787,0.09249356389045715,0.9330669045448303,0.9164916276931763
YPL002C,YGR214W,0,0.0004542752,0.09248440712690353,0.9330669045448303,0.9165916442871094
YKL146W,YGR055W,1,0.00045368454,0.09257426112890244,0.9340659379959106,0.9165916442871094
YPL163C,YDL022W,0,0.00045289446,0.09256508946418762,0.9340659379959106,0.9166916608810425
YBR069C,YDR508C,1,0.00045253837,0.09265492111444473,0.9350649118423462,0.9166916608810425
YLR183C,YJL191W,0,0.00045072119,0.09264574944972992,0.9350649118423462,0.9167916774749756
YBL076C,YGR229C,0,0.00044953608,0.0926365777850151,0.9350649118423462,0.9168916940689087
YHR004C,YJL144W,0,0.0004485238,0.09262741357088089,0.9350649118423462,0.9169917106628418
YBR222C,YKL094W,0,0.00044759398,0.09261824935674667,0.9350649118423462,0.9170917272567749
YML006C,YGR276C,0,0.00044710803,0.09260908514261246,0.9350649118423462,0.917191743850708
YOR219C,YOR215C,0,0.00044694098,0.09259992092847824,0.9350649118423462,0.9172917008399963
YLR321C,YLR309C,0,0.00044654196,0.09259076416492462,0.9350649118423462,0.9173917174339294
YNL101W,YKR039W,1,0.00044647558,0.09268051385879517,0.9360639452934265,0.9173917174339294
YER008C,YMR228W,0,0.00044629324,0.09267134964466095,0.9360639452934265,0.9174917340278625
YAL017W,YMR239C,0,0.00044593497,0.09266218543052673,0.9360639452934265,0.9175917506217957
YPL122C,YGR072W,0,0.0004439248,0.09265302121639252,0.9360639452934265,0.9176917672157288
YPL150W,YDL142C,0,0.00044387486,0.0926438570022583,0.9360639452934265,0.9177917838096619
YJL029C,YLR033W,0,0.00044331542,0.09263470023870468,0.9360639452934265,0.917891800403595
YER101C,YIL006W,0,0.0004424141,0.09262554347515106,0.9360639452934265,0.9179918169975281
YMR033W,YLR103C,0,0.0004414759,0.09261638671159744,0.9360639452934265,0.9180918335914612
YMR315W,YMR246W,0,0.00044070347,0.09260723739862442,0.9360639452934265,0.9181917905807495
YPL078C,YOL111C,0,0.00044070097,0.0925980806350708,0.9360639452934265,0.9182918071746826
YBR183W,YPL223C,0,0.00043965763,0.09258893132209778,0.9360639452934265,0.9183918237686157
YCL052C,YMR229C,0,0.00043953088,0.09257978200912476,0.9360639452934265,0.9184918403625488
YHR066W,YNL208W,0,0.00043780534,0.09257064014673233,0.9360639452934265,0.9185918569564819
YDL142C,YKR057W,0,0.00043753645,0.09256149083375931,0.9360639452934265,0.918691873550415
YGR258C,YGR199W,0,0.0004340345,0.09255234897136688,0.9360639452934265,0.9187918901443481
YOL020W,YJR001W,1,0.00043317888,0.09264197200536728,0.9370629191398621,0.9187918901443481
YOR287C,YER175C,0,0.00043205902,0.09263282269239426,0.9370629191398621,0.9188919067382812
YIL020C,YDR081C,0,0.00043182162,0.09262368083000183,0.9370629191398621,0.9189919233322144
YFL038C,YLR028C,0,0.00043068125,0.09261453151702881,0.9370629191398621,0.9190918803215027
YCL043C,YMR173W,0,0.00043066853,0.09260538965463638,0.9370629191398621,0.9191918969154358
YDR453C,YPR091C,0,0.00042929093,0.09259624779224396,0.9370629191398621,0.9192919135093689
YGR282C,YAL038W,0,0.0004281066,0.09258710592985153,0.9370629191398621,0.919391930103302
YOR145C,YJR036C,0,0.0004278553,0.0925779715180397,0.9370629191398621,0.9194919466972351
YER049W,YKL217W,0,0.00042766304,0.09256883710622787,0.9370629191398621,0.9195919632911682
YMR193W,YOR089C,0,0.0004272598,0.09255970269441605,0.9370629191398621,0.9196919798851013
YJR055W,YKL103C,0,0.00042464447,0.09255056828260422,0.9370629191398621,0.9197919964790344
YJL200C,YGR268C,0,0.00042185248,0.09254143387079239,0.9370629191398621,0.9198920130729675
YML056C,YOR098C,0,0.0004208752,0.09253230690956116,0.9370629191398621,0.9199919700622559
YJL081C,YJR101W,0,0.00042022695,0.09252317994832993,0.9370629191398621,0.920091986656189
YOR054C,YGR010W,0,0.0004197689,0.0925140529870987,0.9370629191398621,0.9201920032501221
YHL036W,YGR142W,1,0.0004197089,0.09260354936122894,0.9380619525909424,0.9201920032501221
YKR055W,YFL048C,0,0.0004191977,0.09259442239999771,0.9380619525909424,0.9202920198440552
YFR013W,YGL094C,0,0.00041898317,0.09258528798818588,0.9380619525909424,0.9203920364379883
YJR032W,YDL083C,0,0.00041589577,0.09257616102695465,0.9380619525909424,0.9204920530319214
YBR271W,YML109W,0,0.00041571129,0.09256703406572342,0.9380619525909424,0.9205920696258545
YHR069C,YJL191W,0,0.00041527697,0.09255790710449219,0.9380619525909424,0.9206920862197876
YJR051W,YKL094W,0,0.00041423555,0.09254878759384155,0.9380619525909424,0.9207921028137207
YER171W,YGL071W,0,0.00041421247,0.09253966808319092,0.9380619525909424,0.920892059803009
YKL144C,YOL040C,0,0.00041142252,0.09253054857254028,0.9380619525909424,0.9209920763969421
YNL231C,YLR029C,0,0.00041134623,0.09252142906188965,0.9380619525909424,0.9210920929908752
YGR052W,YBR061C,0,0.00041112417,0.09251231700181961,0.9380619525909424,0.9211921095848083
YKR008W,YKL020C,0,0.00041084757,0.09250320494174957,0.9380619525909424,0.9212921261787415
YER162C,YML049C,0,0.00041042437,0.09249409288167953,0.9380619525909424,0.9213921427726746
YDL036C,YGR145W,0,0.00040936118,0.0924849808216095,0.9380619525909424,0.9214921593666077
YBR196C,YLR029C,0,0.00040920006,0.09247586876153946,0.9380619525909424,0.9215921759605408
YHR012W,YOL062C,0,0.0004087264,0.09246676415205002,0.9380619525909424,0.9216921925544739
YLR129W,YNR035C,0,0.00040847747,0.09245765954256058,0.9380619525909424,0.9217921495437622
YDL121C,YMR090W,0,0.0004072539,0.09244855493307114,0.9380619525909424,0.9218921661376953
YGL200C,YMR321C,0,0.00040717507,0.09243945777416229,0.9380619525909424,0.9219921827316284
YDR079W,YOR187W,0,0.0004064253,0.09243036061525345,0.9380619525909424,0.9220921993255615
YMR239C,YNL219C,0,0.00040575807,0.0924212634563446,0.9380619525909424,0.9221922159194946
YDR530C,YGR010W,0,0.00040569523,0.09241216629743576,0.9380619525909424,0.9222922325134277
YJL066C,YOR382W,0,0.00040563816,0.09240306913852692,0.9380619525909424,0.9223922491073608
YKL176C,YJR001W,1,0.00040407662,0.09249237179756165,0.9390609264373779,0.9223922491073608
YNL085W,YOR204W,0,0.0004017839,0.0924832746386528,0.9390609264373779,0.922492265701294
YOR275C,YML056C,0,0.00040031964,0.09247417747974396,0.9390609264373779,0.922592282295227
YJL071W,YJL053W,0,0.0003987158,0.09246508032083511,0.9390609264373779,0.9226922988891602
YLL041C,YBR173C,0,0.00039836043,0.09245598316192627,0.9390609264373779,0.9227922558784485
YLR291C,YPL129W,0,0.00039812544,0.09244689345359802,0.9390609264373779,0.9228922724723816
YMR169C,YGR112W,0,0.00039573188,0.09243780374526978,0.9390609264373779,0.9229922890663147
YNL010W,YDR353W,0,0.0003941749,0.09242871403694153,0.9390609264373779,0.9230923056602478
YDL040C,YDR444W,0,0.0003934299,0.09241962432861328,0.9390609264373779,0.9231923222541809
YNL073W,YFR045W,0,0.00039302727,0.09241054207086563,0.9390609264373779,0.923292338848114
YMR049C,YNL016W,0,0.00039297104,0.09240145236253738,0.9390609264373779,0.9233923554420471
YOL070C,YHR119W,0,0.00039268495,0.09239237010478973,0.9390609264373779,0.9234923720359802
YDR512C,YLR028C,0,0.00039238334,0.09238329529762268,0.9390609264373779,0.9235923886299133
YOR145C,YLR321C,0,0.00039160348,0.09237421303987503,0.9390609264373779,0.9236923456192017
YCR052W,YNL121C,0,0.00039066866,0.09236513823270798,0.9390609264373779,0.9237923622131348
YJR001W,YGL077C,1,0.0003892523,0.09245431423187256,0.9400599598884583,0.9237923622131348
YCR030C,YPR060C,0,0.0003884131,0.09244523197412491,0.9400599598884583,0.9238923788070679
YGL004C,YNL182C,0,0.00038815397,0.09243614971637726,0.9400599598884583,0.923992395401001
YNL314W,YGR072W,0,0.00038693703,0.09242706745862961,0.9400599598884583,0.9240924119949341
YDR082W,YKL015W,0,0.0003837543,0.09241799265146255,0.9400599598884583,0.9241924285888672
YGL037C,YOR089C,0,0.00038002906,0.0924089178442955,0.9400599598884583,0.9242924451828003
YDR144C,YDR453C,0,0.0003798543,0.09239984303712845,0.9400599598884583,0.9243924617767334
YGR281W,YDR453C,0,0.00037857564,0.0923907682299614,0.9400599598884583,0.9244924783706665
YOR230W,YGR214W,0,0.00037808335,0.09238170087337494,0.9400599598884583,0.9245924353599548
YDL040C,YBL079W,0,0.00037799863,0.09237263351678848,0.9400599598884583,0.9246924519538879
YLL045C,YKL189W,0,0.0003776561,0.09236356616020203,0.9400599598884583,0.924792468547821
YKL146W,YIL088C,1,0.0003774677,0.09245264530181885,0.9410589337348938,0.924792468547821
YBR031W,YNL092W,0,0.00037712327,0.0924435704946518,0.9410589337348938,0.9248924851417542
YER013W,YGL233W,0,0.00037705104,0.09243450313806534,0.9410589337348938,0.9249925017356873
YHR004C,YBR287W,0,0.0003764297,0.09242542833089828,0.9410589337348938,0.9250925183296204
YNL110C,YER168C,0,0.00037637228,0.09241636097431183,0.9410589337348938,0.9251925349235535
YPR006C,YMR099C,0,0.0003762505,0.09240730106830597,0.9410589337348938,0.9252925515174866
YAL022C,YBR187W,0,0.00037539314,0.09239823371171951,0.9410589337348938,0.9253925681114197
YMR146C,YBR002C,0,0.00037502867,0.09238917380571365,0.9410589337348938,0.925492525100708
YNL153C,YOR239W,0,0.00037466307,0.0923801138997078,0.9410589337348938,0.9255925416946411
YGR251W,YGR239C,0,0.00037385512,0.09237105399370193,0.9410589337348938,0.9256925582885742
YKL146W,YJR001W,1,0.0003726155,0.09246004372835159,0.9420579671859741,0.9256925582885742
YOR215C,YLR330W,0,0.00037260482,0.09245098382234573,0.9420579671859741,0.9257925748825073
YNL238W,YNL262W,0,0.00037176837,0.09244191646575928,0.9420579671859741,0.9258925914764404
YOR311C,YJR063W,0,0.0003705042,0.09243285655975342,0.9420579671859741,0.9259926080703735
YDL215C,YBR287W,0,0.00036865394,0.09242379665374756,0.9420579671859741,0.9260926246643066
YDR067C,YIR005W,0,0.0003677257,0.0924147367477417,0.9420579671859741,0.9261926412582397
YDR064W,YDL198C,0,0.00036758708,0.09240568429231644,0.9420579671859741,0.9262926578521729
YPL110C,YMR238W,0,0.0003658269,0.09239663183689117,0.9420579671859741,0.9263926148414612
YOR159C,YKL119C,0,0.0003652972,0.09238757938146591,0.9420579671859741,0.9264926314353943
YMR179W,YBR276C,0,0.00036458363,0.09237852692604065,0.9420579671859741,0.9265926480293274
YMR272C,YDL128W,0,0.0003644394,0.09236947447061539,0.9420579671859741,0.9266926646232605
YPL050C,YPL011C,0,0.0003638446,0.09236042946577072,0.9420579671859741,0.9267926812171936
YLL008W,YOR209C,0,0.00036374177,0.09235138446092606,0.9420579671859741,0.9268926978111267
YLL041C,YGL004C,0,0.00036306513,0.09234233945608139,0.9420579671859741,0.9269927144050598
YFR031C,YGL233W,0,0.0003629274,0.09233330190181732,0.9420579671859741,0.9270927309989929
YOL093W,YLR321C,0,0.00036206676,0.09232426434755325,0.9420579671859741,0.927192747592926
YJR006W,YOR353C,0,0.0003619244,0.09231521934270859,0.9420579671859741,0.9272927045822144
YJL030W,YJL029C,0,0.00036141102,0.09230618923902512,0.9420579671859741,0.9273927211761475
YGR191W,YEL063C,1,0.0003610618,0.09239502996206284,0.9430569410324097,0.9273927211761475
YJR057W,YJL192C,0,0.0003608325,0.09238598495721817,0.9430569410324097,0.9274927377700806
YJR034W,YKL094W,0,0.00035986936,0.0923769474029541,0.9430569410324097,0.9275927543640137
YJL103C,YGR027C,0,0.00035912945,0.09236790239810944,0.9430569410324097,0.9276927709579468
YNL202W,YDL083C,0,0.00035894458,0.09235887229442596,0.9430569410324097,0.9277927875518799
YDR245W,YMR173W,0,0.00035886333,0.0923498347401619,0.9430569410324097,0.927892804145813
YOL020W,YGL077C,1,0.00035878926,0.09243861585855484,0.9440559148788452,0.927892804145813
YER098W,YMR093W,0,0.0003574791,0.09242957830429077,0.9440559148788452,0.9279928207397461
YMR033W,YIR039C,0,0.00035553044,0.0924205407500267,0.9440559148788452,0.9280928373336792
YGL172W,YGR113W,0,0.00035447063,0.09241150319576263,0.9440559148788452,0.9281927943229675
YER168C,YGR276C,0,0.00035328194,0.09240246564149857,0.9440559148788452,0.9282928109169006
YER098W,YHR008C,0,0.00035318563,0.0923934280872345,0.9440559148788452,0.9283928275108337
YEL053C,YER168C,0,0.00035259605,0.09238439798355103,0.9440559148788452,0.9284928441047668
YBR247C,YOR274W,0,0.00035185696,0.09237536787986755,0.9440559148788452,0.9285928606987
YHR082C,YGL190C,0,0.00035016806,0.09236633777618408,0.9440559148788452,0.9286928772926331
YKL009W,YNR035C,0,0.0003500319,0.09235730767250061,0.9440559148788452,0.9287928938865662
YGL237C,YHR135C,0,0.0003497979,0.09234828501939774,0.9440559148788452,0.9288929104804993
YDR059C,YMR239C,0,0.0003491487,0.09233926236629486,0.9440559148788452,0.9289929270744324
YDR530C,YLR264W,0,0.0003485883,0.09233023971319199,0.9440559148788452,0.9290928840637207
YGR145W,YDR062W,0,0.00034795413,0.09232121706008911,0.9440559148788452,0.9291929006576538
YER022W,YPL122C,0,0.00034590188,0.09231220185756683,0.9440559148788452,0.9292929172515869
YNL101W,YER119C,1,0.00034265534,0.09240085631608963,0.9450549483299255,0.9292929172515869
YER098W,YFL054C,0,0.00034265243,0.09239183366298676,0.9450549483299255,0.92939293384552
YNL085W,YML049C,0,0.00034183904,0.09238281100988388,0.9450549483299255,0.9294929504394531
YGL014W,YMR090W,0,0.0003417709,0.092373788356781,0.9450549483299255,0.9295929670333862
YJR021C,YDL022W,0,0.00034079675,0.09236477315425873,0.9450549483299255,0.9296929836273193
YJR078W,YDR453C,0,0.00034053012,0.09235575795173645,0.9450549483299255,0.9297930002212524
YDR296W,YJR034W,0,0.00033991857,0.09234674274921417,0.9450549483299255,0.9298930168151855
YAL016W,YML030W,0,0.00033891367,0.0923377275466919,0.9450549483299255,0.9299929738044739
YLR291C,YOL151W,0,0.00033814993,0.09232871234416962,0.9450549483299255,0.930092990398407
YIL021W,YLR325C,0,0.0003363464,0.09231970459222794,0.9450549483299255,0.9301930069923401
YGL062W,YDR262W,0,0.00033431267,0.09231069684028625,0.9450549483299255,0.9302930235862732
YDR512C,YLR050C,0,0.00033245562,0.09230168908834457,0.9450549483299255,0.9303930401802063
YBL058W,YDR262W,0,0.000331946,0.0922926813364029,0.9450549483299255,0.9304930567741394
YGR185C,YCL052C,0,0.00033191912,0.09228368103504181,0.9450549483299255,0.9305930733680725
YBR293W,YLL055W,1,0.00033155447,0.09237222373485565,0.9460539221763611,0.9305930733680725
YOR292C,YKR057W,0,0.0003309478,0.09236320853233337,0.9460539221763611,0.9306930899620056
YKL013C,YJL103C,0,0.00033073334,0.0923542007803917,0.9460539221763611,0.9307931065559387
YMR169C,YGL004C,0,0.00032850314,0.09234520047903061,0.9460539221763611,0.930893063545227
YOL093W,YGR185C,0,0.00032798963,0.09233619272708893,0.9460539221763611,0.9309930801391602
YDR512C,YNR003C,0,0.00032423952,0.09232719242572784,0.9460539221763611,0.9310930967330933
YBR196C,YMR115W,0,0.00032412948,0.09231819212436676,0.9460539221763611,0.9311931133270264
YDL074C,YLR026C,0,0.00032314955,0.09230919182300568,0.9460539221763611,0.9312931299209595
YEL037C,YGL122C,0,0.0003225964,0.09230019152164459,0.9460539221763611,0.9313931465148926
YOR212W,YDL040C,0,0.00032252105,0.0922911986708641,0.9460539221763611,0.9314931631088257
YLL019C,YGR077C,0,0.00032213752,0.09228220582008362,0.9460539221763611,0.9315931797027588
YPL265W,YCL025C,1,0.00032198554,0.0923706516623497,0.9470529556274414,0.9315931797027588
YGR216C,YER168C,0,0.00032116636,0.09236165136098862,0.9470529556274414,0.9316931962966919
YBR120C,YPL104W,0,0.00032092704,0.09235265105962753,0.9470529556274414,0.9317931532859802
YNL127W,YDL054C,0,0.00032086522,0.09234365820884705,0.9470529556274414,0.9318931698799133
YPR026W,YDL074C,0,0.0003205995,0.09233466535806656,0.9470529556274414,0.9319931864738464
YBR230C,YDR304C,0,0.00032042776,0.09232567250728607,0.9470529556274414,0.9320932030677795
YJL087C,YLR291C,0,0.0003202137,0.09231667965650558,0.9470529556274414,0.9321932196617126
YJL124C,YBR010W,0,0.00031777314,0.0923076942563057,0.9470529556274414,0.9322932362556458
YNL065W,YGR142W,1,0.00031719354,0.09239606559276581,0.948051929473877,0.9322932362556458
YIL108W,YMR093W,0,0.00031617004,0.09238707274198532,0.948051929473877,0.9323932528495789
YEL012W,YFL021W,0,0.0003154252,0.09237807989120483,0.948051929473877,0.932493269443512
YNL160W,YDL084W,0,0.00031504862,0.09236908704042435,0.948051929473877,0.9325932860374451
YKR002W,YOR194C,0,0.0003147205,0.09236009418964386,0.948051929473877,0.9326932430267334
YLR452C,YPL273W,0,0.00031461907,0.09235110878944397,0.948051929473877,0.9327932596206665
YNR015W,YNR013C,0,0.0003132982,0.09234212338924408,0.948051929473877,0.9328932762145996
YPL083C,YBR074W,0,0.00031307037,0.09233313798904419,0.948051929473877,0.9329932928085327
YNR031C,YNL297C,0,0.000312348,0.0923241525888443,0.948051929473877,0.9330933094024658
YOL145C,YDR389W,0,0.0003114022,0.092315174639225,0.948051929473877,0.9331933259963989
YEL037C,YCL043C,0,0.00031010987,0.09230619668960571,0.948051929473877,0.933293342590332
YGR144W,YJL144W,0,0.00030985926,0.09229721873998642,0.948051929473877,0.9333933591842651
YKL205W,YBR141C,0,0.00030914487,0.09228824079036713,0.948051929473877,0.9334933757781982
YKL009W,YAR031W,0,0.00030897162,0.09227927029132843,0.948051929473877,0.9335933327674866
YDR453C,YGL169W,0,0.00030894362,0.09227029979228973,0.948051929473877,0.9336933493614197
YPL252C,YKL172W,0,0.00030811442,0.09226132929325104,0.948051929473877,0.9337933659553528
YDR423C,YLL019C,0,0.00030803925,0.09225235879421234,0.948051929473877,0.9338933825492859
YOL145C,YNR013C,0,0.0003070901,0.09224338829517365,0.948051929473877,0.933993399143219
YML056C,YBR010W,0,0.00030577456,0.09223442524671555,0.948051929473877,0.9340934157371521
YBR006W,YPR119W,0,0.00030570195,0.09222546219825745,0.948051929473877,0.9341934323310852
YDR371W,YPL259C,0,0.00030512514,0.09221649914979935,0.948051929473877,0.9342934489250183
YDR046C,YBR068C,1,0.0003047876,0.09230469912290573,0.9490509629249573,0.9342934489250183
YDR254W,YGR255C,0,0.00030328697,0.09229573607444763,0.9490509629249573,0.9343934655189514
YOR323C,YEL012W,0,0.00030324623,0.09228676557540894,0.9490509629249573,0.9344934225082397
YNL282W,YLR321C,0,0.00030207986,0.09227780252695084,0.9490509629249573,0.9345934391021729
YGL174W,YLR145W,0,0.00030191173,0.09226883947849274,0.9490509629249573,0.934693455696106
YNL127W,YMR097C,0,0.00030151047,0.09225988388061523,0.9490509629249573,0.9347934722900391
YBR247C,YKL124W,0,0.00030118696,0.09225092083215714,0.9490509629249573,0.9348934888839722
YOR089C,YMR115W,0,0.0003004585,0.09224196523427963,0.9490509629249573,0.9349935054779053
YAL054C,YPL273W,0,0.00030014812,0.09223300963640213,0.9490509629249573,0.9350935220718384
YPR187W,YDL024C,0,0.00030012324,0.09222405403852463,0.9490509629249573,0.9351935386657715
YGL068W,YDR174W,0,0.0002995224,0.09221510589122772,0.9490509629249573,0.9352935552597046
YDL111C,YDL074C,0,0.00029938392,0.09220615029335022,0.9490509629249573,0.9353935122489929
YCL025C,YIL088C,1,0.0002984617,0.09229425340890884,0.9500499367713928,0.9353935122489929
YMR194W,YJR130C,0,0.00029806755,0.09228529781103134,0.9500499367713928,0.935493528842926
YNL008C,YJL140W,0,0.00029771283,0.09227634221315384,0.9500499367713928,0.9355935454368591
YBR096W,YGR255C,0,0.00029763876,0.09226739406585693,0.9500499367713928,0.9356935620307922
YLL034C,YNL050C,0,0.00029656693,0.09225843846797943,0.9500499367713928,0.9357935786247253
YLR219W,YGR077C,0,0.00029569285,0.09224949032068253,0.9500499367713928,0.9358935952186584
YER008C,YJL030W,0,0.00029485507,0.09224054217338562,0.9500499367713928,0.9359936118125916
YBR222C,YNL239W,0,0.0002946224,0.09223159402608871,0.9500499367713928,0.9360936284065247
YNL138W,YNL307C,0,0.00029454264,0.0922226533293724,0.9500499367713928,0.9361936450004578
YPL064C,YLR145W,0,0.00029440224,0.0922137126326561,0.9500499367713928,0.9362936019897461
YLR395C,YDR304C,0,0.0002943916,0.09220477193593979,0.9500499367713928,0.9363936185836792
YIL046W,YCR026C,0,0.00029307342,0.09219583123922348,0.9500499367713928,0.9364936351776123
YBR196C,YHL034C,0,0.0002924789,0.09218689054250717,0.9500499367713928,0.9365936517715454
YJL066C,YNL138W,0,0.00029247554,0.09217795729637146,0.9500499367713928,0.9366936683654785
YGR185C,YBR061C,0,0.0002918858,0.09216902405023575,0.9500499367713928,0.9367936849594116
YNL153C,YBL076C,0,0.00029101968,0.09216009080410004,0.9500499367713928,0.9368937015533447
YPL122C,YOR294W,0,0.00029092567,0.09215116500854492,0.9500499367713928,0.9369937181472778
YDR046C,YOL020W,1,0.00029069607,0.0922391265630722,0.9510489702224731,0.9369937181472778
YFR045W,YBR170C,0,0.00029062128,0.0922301858663559,0.9510489702224731,0.9370937347412109
YKR019C,YNL095C,0,0.0002901224,0.09222125262022018,0.9510489702224731,0.9371936917304993
YLR029C,YKL067W,0,0.0002899739,0.09221231937408447,0.9510489702224731,0.9372937083244324
YFL055W,YHL036W,1,0.0002849015,0.09230024367570877,0.9520479440689087,0.9372937083244324
YGR258C,YDL097C,0,0.0002831198,0.09229130297899246,0.9520479440689087,0.9373937249183655
YPL113C,YOR275C,0,0.00028171777,0.09228236973285675,0.9520479440689087,0.9374937415122986
YNL127W,YGR199W,0,0.00027986575,0.09227342903614044,0.9520479440689087,0.9375937581062317
YJR051W,YJR006W,0,0.00027928388,0.09226449579000473,0.9520479440689087,0.9376937747001648
YNL160W,YDR245W,0,0.00027925885,0.09225556999444962,0.9520479440689087,0.9377937912940979
YOL086C,YLR244C,0,0.00027707012,0.0922466367483139,0.9520479440689087,0.937893807888031
YGR175C,YJL200C,0,0.00027552934,0.09223771095275879,0.9520479440689087,0.9379938244819641
YLR390W,YNL284C,0,0.00027425456,0.09222878515720367,0.9520479440689087,0.9380937814712524
YNL178W,YGR268C,0,0.00027413093,0.09221985936164856,0.9520479440689087,0.9381937980651855
YKR036C,YLR020C,0,0.0002736726,0.09221093356609344,0.9520479440689087,0.9382938146591187
YCR030C,YGL062W,0,0.0002736541,0.09220201522111893,0.9520479440689087,0.9383938312530518
YMR193W,YDL045C,0,0.00027354766,0.09219308942556381,0.9520479440689087,0.9384938478469849
YDR508C,YNL268W,1,0.00027188697,0.09228090196847916,0.953046977519989,0.9384938478469849
YIL088C,YEL064C,1,0.0002706765,0.0923686996102333,0.9540459513664246,0.9384938478469849
YKR057W,YGR258C,0,0.00027048303,0.0923597663640976,0.9540459513664246,0.938593864440918
YLR452C,YDR461W,0,0.00026993637,0.09235083311796188,0.9540459513664246,0.9386938810348511
YOR243C,YIL047C,0,0.0002694635,0.09234190732240677,0.9540459513664246,0.9387938976287842
YNL079C,YML028W,0,0.00026810734,0.09233298152685165,0.9540459513664246,0.9388939142227173
YOL082W,YOR020C,0,0.00026730233,0.09232405573129654,0.9540459513664246,0.9389938712120056
YPR127W,YMR210W,0,0.0002651451,0.09231512993574142,0.9540459513664246,0.9390938878059387
YAL060W,YDR254W,0,0.00026503185,0.09230620414018631,0.9540459513664246,0.9391939043998718
YER013W,YKL020C,0,0.00026471872,0.09229728579521179,0.9540459513664246,0.9392939209938049
YBR261C,YJL200C,0,0.0002643994,0.09228836745023727,0.9540459513664246,0.939393937587738
YBR002C,YNL182C,0,0.00026423432,0.09227944910526276,0.9540459513664246,0.9394939541816711
YMR315W,YHR051W,0,0.0002635761,0.09227053076028824,0.9540459513664246,0.9395939707756042
YDR245W,YOR251C,0,0.00026279144,0.09226161986589432,0.9540459513664246,0.9396939873695374
YMR090W,YBR173C,0,0.0002624069,0.0922527015209198,0.9540459513664246,0.9397940039634705
YJR070C,YNL290W,0,0.00026099666,0.09224379062652588,0.9540459513664246,0.9398939609527588
YLL055W,YHL036W,1,0.00026095237,0.09233146905899048,0.9550449848175049,0.9398939609527588
YHR069C,YML006C,0,0.00025856664,0.09232255071401596,0.9550449848175049,0.9399939775466919
YMR284W,YGL103W,0,0.00025836902,0.09231363236904144,0.9550449848175049,0.940093994140625
YGR105W,YGL220W,0,0.00025822298,0.09230472147464752,0.9550449848175049,0.9401940107345581
YBR118W,YLR197W,0,0.00025790412,0.0922958105802536,0.9550449848175049,0.9402940273284912
YPR026W,YIL020C,0,0.00025772786,0.09228689968585968,0.9550449848175049,0.9403940439224243
YNL273W,YPR190C,0,0.00025697384,0.09227798879146576,0.9550449848175049,0.9404940605163574
YNL153C,YGR034W,0,0.00025572785,0.09226908534765244,0.9550449848175049,0.9405940771102905
YJR147W,YPR160W,0,0.00025472383,0.09226018190383911,0.9550449848175049,0.9406940937042236
YDR064W,YKL078W,0,0.00025458736,0.09225127846002579,0.9550449848175049,0.940794050693512
YAR027W,YGR070W,0,0.0002530883,0.09224237501621246,0.9550449848175049,0.9408940672874451
YOR106W,YMR270C,0,0.00025274855,0.09223347902297974,0.9550449848175049,0.9409940838813782
YDR233C,YGR175C,0,0.00025193798,0.09222458302974701,0.9550449848175049,0.9410941004753113
YMR241W,YNL092W,0,0.00025092444,0.09221568703651428,0.9550449848175049,0.9411941170692444
YOL062C,YNL239W,0,0.0002507353,0.09220679104328156,0.9550449848175049,0.9412941336631775
YER162C,YHR082C,0,0.00025027027,0.09219789505004883,0.9550449848175049,0.9413941502571106
YPL265W,YIL088C,1,0.00024893828,0.09228543937206268,0.9560439586639404,0.9413941502571106
YNL102W,YNL163C,0,0.00024841548,0.09227654337882996,0.9560439586639404,0.9414941668510437
YJR051W,YDL097C,0,0.00024839156,0.09226763993501663,0.9560439586639404,0.9415941834449768
YDL021W,YOR089C,0,0.00024811865,0.0922587513923645,0.9560439586639404,0.9416941404342651
YBR155W,YPL122C,0,0.000247761,0.09224985539913177,0.9560439586639404,0.9417941570281982
YLL004W,YPL050C,0,0.00024750858,0.09224096685647964,0.9560439586639404,0.9418941736221313
YBL052C,YGR276C,0,0.0002466892,0.09223207086324692,0.9560439586639404,0.9419941902160645
YJR070C,YJR031C,0,0.0002461371,0.09222318232059479,0.9560439586639404,0.9420942068099976
YDR254W,YLR401C,0,0.00024613662,0.09221430122852325,0.9560439586639404,0.9421942234039307
YDL084W,YLR301W,0,0.0002458425,0.09220541268587112,0.9560439586639404,0.9422942399978638
YCR014C,YGR089W,0,0.00024552114,0.09219653159379959,0.9560439586639404,0.9423942565917969
YAL060W,YDL061C,0,0.0002454893,0.09218765050172806,0.9560439586639404,0.94249427318573
YMR321C,YOL151W,0,0.00024473024,0.09217876940965652,0.9560439586639404,0.9425942301750183
YOL142W,YJL124C,0,0.0002445786,0.09216989576816559,0.9560439586639404,0.9426942467689514
YDR423C,YLR344W,0,0.00024432898,0.09216101467609406,0.9560439586639404,0.9427942633628845
YOR279C,YMR087W,0,0.00024405008,0.09215214103460312,0.9560439586639404,0.9428942799568176
YLR033W,YJL006C,0,0.00024370293,0.09214326739311218,0.9560439586639404,0.9429942965507507
YOR243C,YPL094C,0,0.00024288779,0.09213440120220184,0.9560439586639404,0.9430943131446838
YGL200C,YBR031W,0,0.0002426591,0.09212552756071091,0.9560439586639404,0.9431943297386169
YKL085W,YIL042C,0,0.00024252216,0.09211666136980057,0.9560439586639404,0.94329434633255
YBR069C,YNL268W,1,0.00024223884,0.09220404177904129,0.957042932510376,0.94329434633255
YGR052W,YLR264W,0,0.00024112056,0.09219516813755035,0.957042932510376,0.9433943629264832
YLR401C,YNL050C,0,0.00024033812,0.09218629449605942,0.957042932510376,0.9434943199157715
YPR187W,YAL017W,0,0.00023968343,0.09217742830514908,0.957042932510376,0.9435943365097046
YMR315W,YDL215C,0,0.00023946825,0.09216856211423874,0.957042932510376,0.9436943531036377
YNL044W,YBR243C,0,0.00023814403,0.0921596884727478,0.957042932510376,0.9437943696975708
YOR204W,YNR015W,0,0.00023744481,0.09215082973241806,0.957042932510376,0.9438943862915039
YLR165C,YML128C,0,0.00023696129,0.09214196354150772,0.957042932510376,0.943994402885437
YNL085W,YMR093W,0,0.00023693124,0.09213310480117798,0.957042932510376,0.9440944194793701
YLR183C,YPL093W,0,0.0002363622,0.09212424606084824,0.957042932510376,0.9441944360733032
YDR064W,YHR066W,0,0.00023627927,0.0921153873205185,0.957042932510376,0.9442944526672363
YEL063C,YEL064C,1,0.00023587141,0.09220267087221146,0.9580419659614563,0.9442944526672363
YBR052C,YGL004C,0,0.0002350428,0.09219381213188171,0.9580419659614563,0.9443944096565247
YPR149W,YFL045C,0,0.00023422761,0.09218494594097137,0.9580419659614563,0.9444944262504578
YBR281C,YML109W,0,0.00023414475,0.09217608720064163,0.9580419659614563,0.9445944428443909
YDL055C,YLR285W,0,0.0002338884,0.09216722846031189,0.9580419659614563,0.944694459438324
YMR284W,YOR243C,0,0.00023308917,0.09215836971998215,0.9580419659614563,0.9447944760322571
YOR348C,YKR039W,1,0.00023261252,0.09224560111761093,0.9590409398078918,0.9447944760322571
YNL127W,YJR040W,0,0.00023254045,0.09223674237728119,0.9590409398078918,0.9448944926261902
YGR112W,YOR230W,0,0.00023238242,0.09222787618637085,0.9590409398078918,0.9449945092201233
YMR180C,YKL189W,0,0.00023136655,0.09221901744604111,0.9590409398078918,0.9450945258140564
YNL050C,YNL298W,0,0.00022880797,0.09221015870571136,0.9590409398078918,0.9451945424079895
YOL010W,YIL047C,0,0.00022867885,0.09220130741596222,0.9590409398078918,0.9452945590019226
YMR049C,YIL021W,0,0.000228067,0.09219244867563248,0.9590409398078918,0.9453945159912109
YLR219W,YLR264W,0,0.00022752248,0.09218359738588333,0.9590409398078918,0.945494532585144
YLL029W,YCL032W,0,0.00022726775,0.09217474609613419,0.9590409398078918,0.9455945491790771
YLR183C,YMR308C,0,0.00022698948,0.09216590225696564,0.9590409398078918,0.9456945657730103
YDR460W,YEL012W,0,0.00022633531,0.09215705096721649,0.9590409398078918,0.9457945823669434
YGR052W,YDL142C,0,0.00022564987,0.09214820712804794,0.9590409398078918,0.9458945989608765
YDL197C,YJL149W,0,0.00022560793,0.0921393632888794,0.9590409398078918,0.9459946155548096
YDL107W,YDR405W,0,0.00022384452,0.09213051944971085,0.9590409398078918,0.9460946321487427
YDR306C,YJL103C,0,0.00022164555,0.0921216756105423,0.9590409398078918,0.9461946487426758
YIL020C,YAR027W,0,0.00022046441,0.09211283922195435,0.9590409398078918,0.9462946057319641
YMR061W,YDR392W,0,0.00021820147,0.0921040028333664,0.9590409398078918,0.9463946223258972
YJL005W,YDL097C,0,0.00021778348,0.09209516644477844,0.9590409398078918,0.9464946389198303
YGL180W,YFL021W,0,0.0002149699,0.09208633005619049,0.9590409398078918,0.9465946555137634
YNL208W,YHR051W,0,0.00021389897,0.09207750111818314,0.9590409398078918,0.9466946721076965
YFR045W,YCL034W,0,0.00021380598,0.09206866472959518,0.9590409398078918,0.9467946887016296
YDL061C,YJL124C,0,0.00021373547,0.09205983579158783,0.9590409398078918,0.9468947052955627
YDR172W,YNL274C,0,0.00021355214,0.09205101430416107,0.9590409398078918,0.9469947218894958
YER049W,YLR029C,0,0.00021343102,0.09204218536615372,0.9590409398078918,0.947094738483429
YNL050C,YOR194C,0,0.00021330794,0.09203336387872696,0.9590409398078918,0.9471946954727173
YBL028C,YIL042C,0,0.0002133063,0.0920245423913002,0.9590409398078918,0.9472947120666504
YOL129W,YBR222C,0,0.00021253688,0.09201572090387344,0.9590409398078918,0.9473947286605835
YIL088C,YPL096W,0,0.00021250406,0.09200689941644669,0.9590409398078918,0.9474947452545166
YPL127C,YOL111C,0,0.00021171046,0.09199808537960052,0.9590409398078918,0.9475947618484497
YLL004W,YJR063W,0,0.00021157043,0.09198927134275436,0.9590409398078918,0.9476947784423828
YOL020W,YGR191W,1,0.00021110053,0.09207626432180405,0.9600399732589722,0.9476947784423828
YER022W,YFL048C,0,0.00021107236,0.09206744283437729,0.9600399732589722,0.9477947950363159
YJL053W,YPL188W,0,0.00021100916,0.09205862879753113,0.9600399732589722,0.947894811630249
YFL054C,YLR151C,0,0.00021095082,0.09204980731010437,0.9600399732589722,0.9479948282241821
YGR155W,YKL172W,0,0.00021030314,0.09204099327325821,0.9600399732589722,0.9480947852134705
YBL041W,YMR090W,0,0.00020900382,0.09203217923641205,0.9600399732589722,0.9481948018074036
YDR423C,YBR222C,0,0.00020844459,0.09202336519956589,0.9600399732589722,0.9482948184013367
YJR032W,YJR040W,0,0.00020833331,0.09201455116271973,0.9600399732589722,0.9483948349952698
YPL096W,YDR260C,0,0.00020823978,0.09200574457645416,0.9600399732589722,0.9484948515892029
YLR206W,YKL124W,0,0.00020807762,0.0919969379901886,0.9600399732589722,0.948594868183136
YNL065W,YNL268W,1,0.00020672915,0.09208384901285172,0.9610389471054077,0.948594868183136
YKL174C,YMR088C,1,0.00020614495,0.09217075258493423,0.962037980556488,0.948594868183136
YKL161C,YJL149W,0,0.00020517077,0.09216193109750748,0.962037980556488,0.9486948847770691
YGL174W,YPL065W,0,0.00020434415,0.09215310961008072,0.962037980556488,0.9487949013710022
YJL011C,YBR031W,0,0.00020401242,0.09214429557323456,0.962037980556488,0.9488949179649353
YJR032W,YML056C,0,0.00020334592,0.0921354740858078,0.962037980556488,0.9489948749542236
YGR118W,YBR061C,0,0.00020322883,0.09212666004896164,0.962037980556488,0.9490948915481567
YDR245W,YOL040C,0,0.00020305743,0.09211784601211548,0.962037980556488,0.9491949081420898
YJR006W,YGL174W,0,0.00020238342,0.09210903942584991,0.962037980556488,0.949294924736023
YLR080W,YHR066W,0,0.00020196203,0.09210023283958435,0.962037980556488,0.949394941329956
YPL134C,YCL034W,0,0.00020091757,0.09209141880273819,0.962037980556488,0.9494949579238892
YKR039W,YCL038C,1,0.0002008896,0.09217824041843414,0.9630369544029236,0.9494949579238892
YMR146C,YMR296C,0,0.00020041589,0.09216942638158798,0.9630369544029236,0.9495949745178223
YKR039W,YMR088C,1,0.00019934445,0.09225621074438095,0.9640359878540039,0.9495949745178223
YMR304W,YGR027C,0,0.00019895668,0.09224739670753479,0.9640359878540039,0.9496949911117554
YPR072W,YKR002W,0,0.00019812526,0.09223857522010803,0.9640359878540039,0.9497950077056885
YLR270W,YFL001W,0,0.00019766994,0.09222976118326187,0.9640359878540039,0.9498949646949768
YPR113W,YGR155W,0,0.00019765543,0.09222094714641571,0.9640359878540039,0.9499949812889099
YMR061W,YKL205W,0,0.00019650446,0.09221213310956955,0.9640359878540039,0.950094997882843
YPL131W,YPR190C,0,0.00019642261,0.09220332652330399,0.9640359878540039,0.9501950144767761
YLR203C,YMR272C,0,0.00019547853,0.09219451248645782,0.9640359878540039,0.9502950310707092
YPR026W,YNL008C,0,0.0001952645,0.09218570590019226,0.9640359878540039,0.9503950476646423
YGL169W,YNR002C,0,0.00019519858,0.0921769067645073,0.9640359878540039,0.9504950642585754
YJL187C,YDR499W,0,0.00019506723,0.09216810017824173,0.9640359878540039,0.9505950808525085
YNL163C,YKR044W,0,0.0001946284,0.09215929359197617,0.9640359878540039,0.9506950974464417
YGR052W,YBR187W,0,0.00019417501,0.0921504944562912,0.9640359878540039,0.95079505443573
YDR262W,YDR260C,0,0.00019392412,0.09214169532060623,0.9640359878540039,0.9508950710296631
YGR216C,YPL050C,0,0.0001934578,0.09213290363550186,0.9640359878540039,0.9509950876235962
YKL093W,YNL302C,0,0.00019331931,0.0921241044998169,0.9640359878540039,0.9510951042175293
YGR191W,YBR069C,1,0.00019289473,0.09221076965332031,0.9650349617004395,0.9510951042175293
YMR093W,YGL010W,0,0.00019282337,0.09220196306705475,0.9650349617004395,0.9511951208114624
YBR002C,YPR060C,0,0.00019281491,0.09219316393136978,0.9650349617004395,0.9512951374053955
YKL009W,YDL024C,0,0.00019228451,0.09218437224626541,0.9650349617004395,0.9513951539993286
YNL208W,YPR006C,0,0.0001920617,0.09217557311058044,0.9650349617004395,0.9514951705932617
YGL062W,YGR118W,0,0.0001919632,0.09216678142547607,0.9650349617004395,0.9515951871871948
YOR159C,YGR095C,0,0.00019180714,0.09215798228979111,0.9650349617004395,0.9516951441764832
YAL033W,YIL020C,0,0.00018965267,0.09214919060468674,0.9650349617004395,0.9517951607704163
YOL082W,YNL122C,0,0.0001894703,0.09214040637016296,0.9650349617004395,0.9518951773643494
YOL010W,YER165W,0,0.0001883316,0.0921316146850586,0.9650349617004395,0.9519951939582825
YNL160W,YPR030W,0,0.00018825998,0.09212283045053482,0.9650349617004395,0.9520952105522156
YDR512C,YLR289W,0,0.00018725118,0.09211404621601105,0.9650349617004395,0.9521952271461487
YER098W,YJL053W,0,0.000187231,0.09210526198148727,0.9650349617004395,0.9522952437400818
YMR049C,YJL192C,0,0.00018647913,0.0920964851975441,0.9650349617004395,0.9523952603340149
YER055C,YOL093W,0,0.0001863835,0.09208770096302032,0.9650349617004395,0.952495276927948
YJR055W,YLL034C,0,0.00018635525,0.09207892417907715,0.9650349617004395,0.9525952339172363
YDL021W,YBL076C,0,0.00018596901,0.09207014739513397,0.9650349617004395,0.9526952505111694
YLR203C,YHL034C,0,0.00018558002,0.0920613706111908,0.9650349617004395,0.9527952671051025
YPR011C,YDR296W,0,0.00018512386,0.09205260127782822,0.9650349617004395,0.9528952836990356
YJR001W,YIL088C,1,0.0001845465,0.0921391174197197,0.9660339951515198,0.9528952836990356
YER017C,YKL038W,0,0.00018425428,0.09213033318519592,0.9660339951515198,0.9529953002929688
YJL059W,YEL064C,1,0.00018202749,0.09221682697534561,0.9670329689979553,0.9529953002929688
YER119C,YJL059W,1,0.00018172419,0.09230329841375351,0.9680319428443909,0.9529953002929688
YKR039W,YKL146W,1,0.00018168434,0.09238975495100021,0.9690309762954712,0.9529953002929688
YMR039C,YLR330W,0,0.00018160658,0.09238095581531525,0.9690309762954712,0.9530953168869019
YNL016W,YKR026C,0,0.0001808554,0.09237215667963028,0.9690309762954712,0.953195333480835
YJR006W,YKR002W,0,0.00018072869,0.09236335754394531,0.9690309762954712,0.9532953500747681
YJR032W,YIL133C,0,0.00018028928,0.09235456585884094,0.9690309762954712,0.9533953666687012
YGL094C,YER022W,0,0.00017985934,0.09234577417373657,0.9690309762954712,0.9534953236579895
YLL045C,YMR033W,0,0.00017899246,0.0923369824886322,0.9690309762954712,0.9535953402519226
YNL153C,YCR057C,0,0.00017898205,0.09232819080352783,0.9690309762954712,0.9536953568458557
YGR052W,YGL169W,0,0.00017857805,0.09231940656900406,0.9690309762954712,0.9537953734397888
YDR306C,YNL182C,0,0.0001780401,0.09231062233448029,0.9690309762954712,0.9538953900337219
YDL061C,YDL024C,0,0.00017627691,0.09230183809995651,0.9690309762954712,0.953995406627655
YMR049C,YAR027W,0,0.00017561123,0.09229305386543274,0.9690309762954712,0.9540954232215881
YGR081C,YJL144W,0,0.00017485683,0.09228427708148956,0.9690309762954712,0.9541954398155212
YAL033W,YGR027C,0,0.00017438448,0.09227549284696579,0.9690309762954712,0.9542954564094543
YDR353W,YDL097C,0,0.00017414751,0.09226671606302261,0.9690309762954712,0.9543954133987427
YBL058W,YKL210W,0,0.00017346076,0.09225793927907944,0.9690309762954712,0.9544954299926758
YLR325C,YLR251W,0,0.00017327644,0.09224916994571686,0.9690309762954712,0.9545954465866089
YDR429C,YPL196W,0,0.00017320756,0.09224039316177368,0.9690309762954712,0.954695463180542
YGR199W,YJR040W,0,0.00017158217,0.0922316238284111,0.9690309762954712,0.9547954797744751
YBR261C,YNL175C,0,0.00017130378,0.09222285449504852,0.9690309762954712,0.9548954963684082
YGR145W,YBL026W,0,0.00017002587,0.09221408516168594,0.9690309762954712,0.9549955129623413
YNR017W,YOR085W,0,0.00017001014,0.09220532327890396,0.9690309762954712,0.9550955295562744
YOL129W,YPL096W,0,0.00016969725,0.09219656139612198,0.9690309762954712,0.9551955461502075
YDR530C,YAL017W,0,0.00016854874,0.09218779951334,0.9690309762954712,0.9552955031394958
YNL236W,YNL027W,0,0.00016827928,0.09217903763055801,0.9690309762954712,0.955395519733429
YGR191W,YGL077C,1,0.0001676238,0.0922653004527092,0.9700299501419067,0.955395519733429
YKL041W,YLR165C,0,0.0001669943,0.09225653111934662,0.9700299501419067,0.9554955363273621
YLL034C,YCL052C,0,0.00016593511,0.09224776923656464,0.9700299501419067,0.9555955529212952
YER101C,YHR209W,0,0.00016576574,0.09223900735378265,0.9700299501419067,0.9556955695152283
YDR245W,YBR072W,0,0.00016513612,0.09223024547100067,0.9700299501419067,0.9557955861091614
YPR060C,YBR141C,0,0.00016462532,0.09222148358821869,0.9700299501419067,0.9558956027030945
YLR383W,YGR145W,0,0.00016427926,0.0922127291560173,0.9700299501419067,0.9559956192970276
YJR070C,YKL182W,0,0.00016376861,0.09220396727323532,0.9700299501419067,0.9560956358909607
YDR144C,YIL020C,0,0.00016244804,0.09219521284103394,0.9700299501419067,0.956195592880249
YOR145C,YMR143W,0,0.0001617838,0.09218645840883255,0.9700299501419067,0.9562956094741821
YLR153C,YER145C,0,0.00015935392,0.09217771142721176,0.9700299501419067,0.9563956260681152
YBL076C,YBL052C,0,0.00015892023,0.09216895699501038,0.9700299501419067,0.9564956426620483
YPL223C,YPL131W,0,0.00015860671,0.09216021001338959,0.9700299501419067,0.9565956592559814
YJL053W,YGR070W,0,0.00015769468,0.0921514630317688,0.9700299501419067,0.9566956758499146
YGR020C,YLR285W,0,0.00015738852,0.09214272350072861,0.9700299501419067,0.9567956924438477
YDR211W,YJL144W,0,0.00015698835,0.09213397651910782,0.9700299501419067,0.9568957090377808
YDR064W,YKL144C,0,0.0001559202,0.09212523698806763,0.9700299501419067,0.9569957256317139
YLR153C,YGR155W,0,0.00015514162,0.09211649745702744,0.9700299501419067,0.9570956826210022
YKL180W,YLR073C,0,0.00015464771,0.09210775792598724,0.9700299501419067,0.9571956992149353
YNL084C,YDL045C,0,0.00015332435,0.09209902584552765,0.9700299501419067,0.9572957158088684
YDR460W,YLR025W,0,0.0001533036,0.09209028631448746,0.9700299501419067,0.9573957324028015
YKR039W,YER119C,1,0.00015249109,0.09217638522386551,0.9710289835929871,0.9573957324028015
YOR239W,YJR031C,0,0.00015208566,0.09216764569282532,0.9710289835929871,0.9574957489967346
YIL088C,YMR304W,0,0.00015069898,0.09215890616178513,0.9710289835929871,0.9575957655906677
YLR270W,YMR136W,0,0.00015022037,0.09215017408132553,0.9710289835929871,0.9576957821846008
YKR036C,YNR003C,0,0.00014922187,0.09214143455028534,0.9710289835929871,0.9577957987785339
YGL180W,YDL061C,0,0.00014911292,0.09213270246982574,0.9710289835929871,0.957895815372467
YBR183W,YKL205W,0,0.00014867904,0.09212397038936615,0.9710289835929871,0.9579957723617554
YMR241W,YLR073C,0,0.00014816277,0.09211523830890656,0.9710289835929871,0.9580957889556885
YCR075C,YER119C,1,0.00014804513,0.09220127016305923,0.9720279574394226,0.9580957889556885
YCL038C,YER119C,1,0.00014789205,0.09228728711605072,0.9730269908905029,0.9580957889556885
YKL078W,YGL148W,0,0.00014680471,0.09227854013442993,0.9730269908905029,0.9581958055496216
YOR106W,YNL147W,0,0.00014648295,0.09226980060338974,0.9730269908905029,0.9582958221435547
YNL236W,YJR005W,0,0.00014642025,0.09226106107234955,0.9730269908905029,0.9583958387374878
YMR284W,YGR222W,0,0.00014623371,0.09225232154130936,0.9730269908905029,0.9584958553314209
YDR254W,YJL053W,0,0.00014575094,0.09224358201026917,0.9730269908905029,0.958595871925354
YBR271W,YER165W,0,0.00014441196,0.09223484992980957,0.9730269908905029,0.9586958885192871
YML028W,YLR028C,0,0.00014409213,0.09222611784934998,0.9730269908905029,0.9587959051132202
YDR512C,YGR264C,0,0.00014392132,0.09221738576889038,0.9730269908905029,0.9588958621025085
YLR289W,YMR193W,0,0.00014357001,0.09220865368843079,0.9730269908905029,0.9589958786964417
YLR203C,YFR045W,0,0.0001430592,0.09219992160797119,0.9730269908905029,0.9590958952903748
YHR175W,YMR203W,0,0.00014299578,0.0921911969780922,0.9730269908905029,0.9591959118843079
YBR031W,YKL094W,0,0.00014240645,0.0921824723482132,0.9730269908905029,0.959295928478241
YJL066C,YOL040C,0,0.0001422036,0.0921737477183342,0.9730269908905029,0.9593959450721741
YGL050W,YGR229C,0,0.00014193225,0.0921650230884552,0.9730269908905029,0.9594959616661072
YLR164W,YOR162C,0,0.00014154828,0.0921563059091568,0.9730269908905029,0.9595959782600403
YLR401C,YNR017W,0,0.00013957737,0.0921475887298584,0.9730269908905029,0.9596959948539734
YMR013C,YMR218C,0,0.00013902785,0.09213887155056,0.9730269908905029,0.9597959518432617
YLR183C,YNL283C,0,0.00013815354,0.0921301543712616,0.9730269908905029,0.9598959684371948
YHR029C,YER090W,0,0.00013799791,0.09212144464254379,0.9730269908905029,0.9599959850311279
YJL124C,YLR264W,0,0.00013786153,0.09211272746324539,0.9730269908905029,0.960096001625061
YKL146W,YBR132C,1,0.00013746182,0.09219858050346375,0.9740259647369385,0.960096001625061
YFL014W,YKL082C,0,0.00013728839,0.09218986332416534,0.9740259647369385,0.9601960182189941
YBR293W,YCL038C,1,0.00013658432,0.0922756940126419,0.9750249981880188,0.9601960182189941
YDL078C,YML132W,0,0.00013641408,0.09226696938276291,0.9750249981880188,0.9602960348129272
YPL078C,YDL097C,0,0.00013462667,0.09225824475288391,0.9750249981880188,0.9603960514068604
YKL205W,YOR355W,0,0.00013379457,0.09224952757358551,0.9750249981880188,0.9604960680007935
YOL082W,YOL108C,0,0.00013343731,0.09224081039428711,0.9750249981880188,0.9605960845947266
YPR043W,YNL239W,0,0.0001332659,0.09223209321498871,0.9750249981880188,0.9606960415840149
YFR001W,YBR072W,0,0.00013275199,0.09222337603569031,0.9750249981880188,0.960796058177948
YDL208W,YMR143W,0,0.00013178261,0.0922146663069725,0.9750249981880188,0.9608960747718811
YCR075C,YJL059W,1,0.0001317718,0.0923004224896431,0.9760239720344543,0.9608960747718811
YGR285C,YDL074C,0,0.00013081158,0.0922917053103447,0.9760239720344543,0.9609960913658142
YNL232W,YPL050C,0,0.00013031346,0.0922829881310463,0.9760239720344543,0.9610961079597473
YLR029C,YFR045W,0,0.00013029968,0.0922742709517479,0.9760239720344543,0.9611961245536804
YLR183C,YNL163C,0,0.00013012385,0.09226556122303009,0.9760239720344543,0.9612961411476135
YER162C,YMR210W,0,0.00012916418,0.09225684404373169,0.9760239720344543,0.9613961577415466
YFL001W,YGR276C,0,0.00012829622,0.09224813431501389,0.9760239720344543,0.9614961743354797
YLR165C,YMR025W,0,0.0001280127,0.09223942458629608,0.9760239720344543,0.9615961313247681
YDL148C,YLR350W,0,0.00012784997,0.09223071485757828,0.9760239720344543,0.9616961479187012
YER150W,YJL172W,0,0.0001277006,0.09222201257944107,0.9760239720344543,0.9617961645126343
YDR453C,YGL051W,0,0.00012689266,0.09221331030130386,0.9760239720344543,0.9618961811065674
YKR056W,YLR344W,0,0.00012586641,0.09220460802316666,0.9760239720344543,0.9619961977005005
YMR114C,YJL082W,0,0.00012581456,0.09219590574502945,0.9760239720344543,0.9620962142944336
YNL223W,YGL030W,0,0.00012549083,0.09218720346689224,0.9760239720344543,0.9621962308883667
YLL045C,YLR020C,0,0.0001253019,0.09217850863933563,0.9760239720344543,0.9622962474822998
YKL064W,YJL171C,0,0.00012517866,0.09216981381177902,0.9760239720344543,0.9623962640762329
YMR114C,YOR162C,0,0.00012418935,0.09216111898422241,0.9760239720344543,0.9624962210655212
YEL012W,YPR187W,0,0.0001231583,0.0921524241566658,0.9760239720344543,0.9625962376594543
YKL119C,YOR251C,0,0.00012266311,0.09214372932910919,0.9760239720344543,0.9626962542533875
YDR453C,YMR239C,0,0.00012254095,0.09213504195213318,0.9760239720344543,0.9627962708473206
YBR059C,YJL149W,0,0.000122053956,0.09212635457515717,0.9760239720344543,0.9628962874412537
YBR183W,YGR081C,0,0.00012166144,0.09211766719818115,0.9760239720344543,0.9629963040351868
YEL012W,YPR080W,0,0.000120661374,0.09210898727178574,0.9760239720344543,0.9630963206291199
YBR202W,YGR264C,0,0.00011973584,0.09210029989480972,0.9760239720344543,0.963196337223053
YOL111C,YLR209C,0,0.000119136916,0.0920916199684143,0.9760239720344543,0.9632963538169861
YGR095C,YMR301C,0,0.00011775649,0.09208294004201889,0.9760239720344543,0.9633963108062744
YDL111C,YGR155W,0,0.0001176989,0.09207426011562347,0.9760239720344543,0.9634963274002075
YLR165C,YGR258C,0,0.000117441494,0.09206558763980865,0.9760239720344543,0.9635963439941406
YBR120C,YPL196W,0,0.00011644258,0.09205690771341324,0.9760239720344543,0.9636963605880737
YNL085W,YOR206W,0,0.000114814415,0.09204823523759842,0.9760239720344543,0.9637963771820068
YIL094C,YMR093W,0,0.00011434711,0.0920395702123642,0.9760239720344543,0.9638963937759399
YGR264C,YKL168C,0,0.00011413001,0.09203089773654938,0.9760239720344543,0.963996410369873
YBR068C,YDR508C,1,0.000113062604,0.09211641550064087,0.9770230054855347,0.963996410369873
YLR103C,YOR340C,0,0.00011290681,0.09210774302482605,0.9770230054855347,0.9640964269638062
YNL008C,YCR011C,0,0.000112728354,0.09209907054901123,0.9770230054855347,0.9641964435577393
YFR001W,YIR039C,0,0.00011256164,0.09209039807319641,0.9770230054855347,0.9642964005470276
YCR011C,YGL233W,0,0.000112043876,0.09208172559738159,0.9770230054855347,0.9643964171409607
YGL180W,YNL274C,0,0.00011191456,0.09207305312156677,0.9770230054855347,0.9644964337348938
YPL213W,YOL108C,0,0.00011163637,0.09206438809633255,0.9770230054855347,0.9645964503288269
YMR284W,YMR210W,0,0.00011059619,0.09205572307109833,0.9770230054855347,0.96469646692276
YIL088C,YGL062W,0,0.00010861349,0.0920470580458641,0.9770230054855347,0.9647964835166931
YOR215C,YKL003C,0,0.000108355176,0.09203839302062988,0.9770230054855347,0.9648965001106262
YPL265W,YDR508C,1,0.00010826986,0.0921238362789154,0.9780219793319702,0.9648965001106262
YLR321C,YOR340C,0,0.000107804524,0.09211516380310059,0.9780219793319702,0.9649965167045593
YCR030C,YLL041C,0,0.00010775303,0.09210649877786636,0.9780219793319702,0.9650965332984924
YJL144W,YGR118W,0,0.000107478,0.09209783375263214,0.9780219793319702,0.9651964902877808
YCR057C,YGR214W,0,0.000107032094,0.09208917617797852,0.9780219793319702,0.9652965068817139
YOR230W,YKL094W,0,0.00010671208,0.0920805111527443,0.9780219793319702,0.965396523475647
YBR052C,YGR214W,0,0.00010604725,0.09207185357809067,0.9780219793319702,0.9654965400695801
YKL094W,YOR294W,0,0.00010590597,0.09206319600343704,0.9780219793319702,0.9655965566635132
YBR261C,YPL252C,0,0.000105395695,0.09205453842878342,0.9780219793319702,0.9656965732574463
YIL020C,YHR085W,0,0.00010520652,0.09204588085412979,0.9780219793319702,0.9657965898513794
YOL145C,YIL035C,0,0.00010513942,0.09203723073005676,0.9780219793319702,0.9658966064453125
YDR512C,YER050C,0,0.00010509121,0.09202857315540314,0.9780219793319702,0.9659966230392456
YHR179W,YDL111C,0,0.00010495551,0.09201992303133011,0.9780219793319702,0.9660965800285339
YDL074C,YNL121C,0,0.00010488688,0.09201128035783768,0.9780219793319702,0.966196596622467
YGL068W,YOR142W,0,0.00010484397,0.09200263023376465,0.9780219793319702,0.9662966132164001
YER119C,YBR132C,1,0.00010455903,0.09208795428276062,0.9790209531784058,0.9662966132164001
YCR011C,YOR275C,0,0.00010426124,0.09207930415868759,0.9790209531784058,0.9663966298103333
YJR034W,YOR285W,0,0.000104223465,0.09207064658403397,0.9790209531784058,0.9664966464042664
YML073C,YER002W,0,0.00010404185,0.09206200391054153,0.9790209531784058,0.9665966629981995
YGR285C,YPL087W,0,0.00010351785,0.0920533537864685,0.9790209531784058,0.9666966795921326
YGR052W,YGR143W,0,0.00010325817,0.09204471111297607,0.9790209531784058,0.9667966961860657
YDR046C,YPL274W,1,0.00010297479,0.09212997555732727,0.9800199866294861,0.9667966961860657
YER103W,YLL041C,0,0.00010185851,0.09212132543325424,0.9800199866294861,0.9668967127799988
YJR055W,YNL110C,0,0.00010141676,0.09211267530918121,0.9800199866294861,0.9669967293739319
YOL141W,YLL008W,0,0.00010046097,0.09210402518510818,0.9800199866294861,0.9670966863632202
YOR292C,YMR087W,0,9.999323e-05,0.09209538251161575,0.9800199866294861,0.9671967029571533
YNL160W,YKL172W,0,9.959128e-05,0.09208673983812332,0.9800199866294861,0.9672967195510864
YJL144W,YIL042C,0,9.929703e-05,0.09207808971405029,0.9800199866294861,0.9673967361450195
YGR229C,YMR229C,0,9.868506e-05,0.09206945449113846,0.9800199866294861,0.9674967527389526
YJL071W,YKR069W,0,9.807405e-05,0.09206081181764603,0.9800199866294861,0.9675967693328857
YOR159C,YDR496C,0,9.779278e-05,0.0920521691441536,0.9800199866294861,0.9676967859268188
YGR085C,YIL021W,0,9.699028e-05,0.09204353392124176,0.9800199866294861,0.967796802520752
YNL101W,YMR088C,1,9.69533e-05,0.09212871640920639,0.9810189604759216,0.967796802520752
YAR027W,YEL040W,0,9.649618e-05,0.09212007373571396,0.9810189604759216,0.9678968191146851
YGL169W,YIR039C,0,9.6464806e-05,0.09211143106222153,0.9810189604759216,0.9679967761039734
YDR046C,YCL025C,1,9.644218e-05,0.09219658374786377,0.982017993927002,0.9679967761039734
YDR046C,YDR508C,1,9.599754e-05,0.09228172153234482,0.9830169677734375,0.9679967761039734
YMR193W,YHR057C,0,9.563052e-05,0.09227307140827179,0.9830169677734375,0.9680967926979065
YMR088C,YGL077C,1,9.517983e-05,0.09235817939043045,0.9840160012245178,0.9680967926979065
YBL076C,YOR215C,0,9.504803e-05,0.09234952181577682,0.9840160012245178,0.9681968092918396
YDL021W,YNL239W,0,9.49733e-05,0.0923408642411232,0.9840160012245178,0.9682968258857727
YER049W,YKL085W,0,9.480725e-05,0.09233220666646957,0.9840160012245178,0.9683968424797058
YGR285C,YIL020C,0,9.396383e-05,0.09232355654239655,0.9840160012245178,0.9684968590736389
YER103W,YKL094W,0,9.38467e-05,0.09231489896774292,0.9840160012245178,0.968596875667572
YDR414C,YCR057C,0,9.269536e-05,0.09230624884366989,0.9840160012245178,0.9686968922615051
YKL172W,YGL103W,0,9.2396105e-05,0.09229759871959686,0.9840160012245178,0.9687969088554382
YPL223C,YGR268C,0,9.233708e-05,0.09228895604610443,0.9840160012245178,0.9688968658447266
YLL029W,YJR036C,0,9.13871e-05,0.0922803059220314,0.9840160012245178,0.9689968824386597
YJL200C,YDR245W,0,9.129398e-05,0.09227166324853897,0.9840160012245178,0.9690968990325928
YDL197C,YNL304W,0,9.107434e-05,0.09226302057504654,0.9840160012245178,0.9691969156265259
YBR006W,YGL004C,0,9.028814e-05,0.09225437790155411,0.9840160012245178,0.969296932220459
YNL160W,YDR429C,0,8.919669e-05,0.09224573522806168,0.9840160012245178,0.9693969488143921
YPL240C,YNL006W,0,8.8400906e-05,0.09223710000514984,0.9840160012245178,0.9694969654083252
YMR250W,YMR143W,0,8.8123656e-05,0.092228464782238,0.9840160012245178,0.9695969820022583
YLR429W,YCL057W,0,8.7271335e-05,0.09221982955932617,0.9840160012245178,0.9696969985961914
YER074W,YMR308C,0,8.696288e-05,0.09221119433641434,0.9840160012245178,0.9697969555854797
YOR215C,YML132W,0,8.665882e-05,0.0922025665640831,0.9840160012245178,0.9698969721794128
YPR024W,YLR163C,0,8.652712e-05,0.09219393134117126,0.9840160012245178,0.969996988773346
YIL094C,YKL172W,0,8.539405e-05,0.09218530356884003,0.9840160012245178,0.970097005367279
YJL066C,YLR073C,0,8.517836e-05,0.09217668324708939,0.9840160012245178,0.9701970219612122
YLR029C,YLR401C,0,8.478719e-05,0.09216805547475815,0.9840160012245178,0.9702970385551453
YBL058W,YNL138W,0,8.441157e-05,0.09215942770242691,0.9840160012245178,0.9703970551490784
YKR056W,YKL067W,0,8.421017e-05,0.09215080738067627,0.9840160012245178,0.9704970717430115
YLR452C,YLR359W,0,8.417043e-05,0.09214218705892563,0.9840160012245178,0.9705970883369446
YOL010W,YLL004W,0,8.391942e-05,0.09213356673717499,0.9840160012245178,0.9706970453262329
YMR160W,YDR262W,0,8.372766e-05,0.09212495386600494,0.9840160012245178,0.970797061920166
YDR454C,YOR294W,0,8.368424e-05,0.0921163409948349,0.9840160012245178,0.9708970785140991
YDR527W,YGL037C,0,8.3521445e-05,0.09210772067308426,0.9840160012245178,0.9709970951080322
YOR159C,YNL147W,0,8.297607e-05,0.09209911525249481,0.9840160012245178,0.9710971117019653
YIR039C,YGR027C,0,8.295613e-05,0.09209050238132477,0.9840160012245178,0.9711971282958984
YAR027W,YMR160W,0,8.2838895e-05,0.09208188951015472,0.9840160012245178,0.9712971448898315
YOR168W,YBR061C,0,8.283495e-05,0.09207328408956528,0.9840160012245178,0.9713971614837646
YLR029C,YKR056W,0,8.255477e-05,0.09206467866897583,0.9840160012245178,0.9714971780776978
YMR300C,YBL068W,0,8.248945e-05,0.09205607324838638,0.9840160012245178,0.9715971350669861
YBR042C,YKR026C,0,8.218121e-05,0.09204747527837753,0.9840160012245178,0.9716971516609192
YDR512C,YLR219W,0,8.1930186e-05,0.09203886985778809,0.9840160012245178,0.9717971682548523
YDR233C,YEL040W,0,8.16709e-05,0.09203027188777924,0.9840160012245178,0.9718971848487854
YOR212W,YGR229C,0,8.1390695e-05,0.09202167391777039,0.9840160012245178,0.9719972014427185
YDR530C,YBR287W,0,7.989258e-05,0.09201307594776154,0.9840160012245178,0.9720972180366516
YDL121C,YKL009W,0,7.9674224e-05,0.09200448542833328,0.9840160012245178,0.9721972346305847
YIL108W,YFR021W,0,7.930296e-05,0.09199588745832443,0.9840160012245178,0.9722972512245178
YKL067W,YMR229C,0,7.925321e-05,0.09198729693889618,0.9840160012245178,0.9723972678184509
YLR105C,YJL124C,0,7.91188e-05,0.09197870641946793,0.9840160012245178,0.9724972248077393
YDR233C,YOR085W,0,7.893537e-05,0.09197012335062027,0.9840160012245178,0.9725972414016724
YMR093W,YNL290W,0,7.8118705e-05,0.09196153283119202,0.9840160012245178,0.9726972579956055
YLR291C,YJR032W,0,7.710036e-05,0.09195294976234436,0.9840160012245178,0.9727972745895386
YJL005W,YHR082C,0,7.692741e-05,0.0919443666934967,0.9840160012245178,0.9728972911834717
YLR009W,YGR185C,0,7.648231e-05,0.09193578362464905,0.9840160012245178,0.9729973077774048
YOL052C,YER165W,0,7.6461605e-05,0.09192720800638199,0.9840160012245178,0.9730973243713379
YLR080W,YPR001W,0,7.631592e-05,0.09191862493753433,0.9840160012245178,0.973197340965271
YCL038C,YIL088C,1,7.599913e-05,0.09200336039066315,0.9850149750709534,0.973197340965271
YMR077C,YOR148C,0,7.5938144e-05,0.09199477732181549,0.9850149750709534,0.9732973575592041
YOL082W,YGR281W,0,7.5848104e-05,0.09198619425296783,0.9850149750709534,0.9733973145484924
YHR057C,YML128C,0,7.569362e-05,0.09197761118412018,0.9850149750709534,0.9734973311424255
YMR315W,YFR045W,0,7.550496e-05,0.09196903556585312,0.9850149750709534,0.9735973477363586
YAL016W,YPR091C,0,7.534356e-05,0.09196045249700546,0.9850149750709534,0.9736973643302917
YNL110C,YBR026C,0,7.453099e-05,0.0919518768787384,0.9850149750709534,0.9737973809242249
YOL010W,YGR177C,0,7.451138e-05,0.09194330126047134,0.9850149750709534,0.973897397518158
YLR244C,YKL186C,0,7.385301e-05,0.09193473309278488,0.9850149750709534,0.9739974141120911
YOR310C,YER162C,0,7.373204e-05,0.09192615747451782,0.9850149750709534,0.9740974307060242
YGR251W,YPR137W,0,7.288158e-05,0.09191758930683136,0.9850149750709534,0.9741974472999573
YMR295C,YDR262W,0,6.9726135e-05,0.0919090211391449,0.9850149750709534,0.9742974042892456
YHR002W,YMR284W,0,6.9680005e-05,0.09190046042203903,0.9850149750709534,0.9743974208831787
YDL111C,YMR321C,0,6.963862e-05,0.09189189225435257,0.9850149750709534,0.9744974374771118
YGR145W,YOR098C,0,6.936364e-05,0.0918833315372467,0.9850149750709534,0.9745974540710449
YDR059C,YGL010W,0,6.852793e-05,0.09187476336956024,0.9850149750709534,0.974697470664978
YPR144C,YNL282W,0,6.827856e-05,0.09186621010303497,0.9850149750709534,0.9747974872589111
YPR187W,YIL079C,0,6.809142e-05,0.09185764938592911,0.9850149750709534,0.9748975038528442
YOR287C,YER074W,0,6.79775e-05,0.09184908866882324,0.9850149750709534,0.9749975204467773
YEL063C,YNL268W,1,6.7666544e-05,0.09193368256092072,0.9860140085220337,0.9749975204467773
YER103W,YKL078W,0,6.7548426e-05,0.09192512184381485,0.9860140085220337,0.9750975370407104
YOL082W,YBL068W,0,6.7495566e-05,0.09191656112670898,0.9860140085220337,0.9751974940299988
YER150W,YIL094C,0,6.673631e-05,0.09190800040960312,0.9860140085220337,0.9752975106239319
YJL103C,YBR072W,0,6.658457e-05,0.09189943969249725,0.9860140085220337,0.975397527217865
YOL082W,YGR285C,0,6.586892e-05,0.09189088642597198,0.9860140085220337,0.9754975438117981
YDR414C,YBL068W,0,6.576604e-05,0.09188233315944672,0.9860140085220337,0.9755975604057312
YLR203C,YPR091C,0,6.574792e-05,0.09187377989292145,0.9860140085220337,0.9756975769996643
YDR059C,YGR027C,0,6.56269e-05,0.09186522662639618,0.9860140085220337,0.9757975935935974
YKR039W,YCL025C,1,6.548355e-05,0.09194974601268768,0.9870129823684692,0.9757975935935974
YLR206W,YPL196W,0,6.453704e-05,0.09194118529558182,0.9870129823684692,0.9758976101875305
YDR527W,YNR003C,0,6.377718e-05,0.09193263202905655,0.9870129823684692,0.9759976267814636
YOL124C,YDR364C,0,6.277308e-05,0.09192407876253128,0.9870129823684692,0.976097583770752
YBR026C,YLR325C,0,6.2192914e-05,0.09191552549600601,0.9870129823684692,0.9761976003646851
YKL176C,YKL174C,1,6.186568e-05,0.09200000017881393,0.9880120158195496,0.9761976003646851
YDR512C,YML056C,0,6.168553e-05,0.09199143946170807,0.9880120158195496,0.9762976169586182
YJR031C,YKR028W,0,6.119525e-05,0.0919828861951828,0.9880120158195496,0.9763976335525513
YGR081C,YML128C,0,6.102567e-05,0.09197433292865753,0.9880120158195496,0.9764976501464844
YDL021W,YML030W,0,6.0492617e-05,0.09196577966213226,0.9880120158195496,0.9765976667404175
YJL087C,YJL200C,0,5.9805287e-05,0.091957226395607,0.9880120158195496,0.9766976833343506
YLR182W,YJR031C,0,5.9758597e-05,0.09194868057966232,0.9880120158195496,0.9767976999282837
YNL182C,YGL259W,0,5.9448885e-05,0.09194013476371765,0.9880120158195496,0.9768977165222168
YER165W,YBR026C,0,5.9292564e-05,0.09193158894777298,0.9880120158195496,0.9769976735115051
YLL034C,YBR026C,0,5.9055674e-05,0.09192304313182831,0.9880120158195496,0.9770976901054382
YJL060W,YMR173W,0,5.8735204e-05,0.09191449731588364,0.9880120158195496,0.9771977066993713
YFR001W,YML056C,0,5.85759e-05,0.09190595895051956,0.9880120158195496,0.9772977232933044
YKL171W,YMR114C,0,5.851387e-05,0.09189741313457489,0.9880120158195496,0.9773977398872375
YML097C,YGR229C,0,5.8129343e-05,0.09188888221979141,0.9880120158195496,0.9774977564811707
YPR030W,YBR072W,0,5.806225e-05,0.09188034385442734,0.9880120158195496,0.9775977730751038
YBL058W,YJL053W,0,5.787949e-05,0.09187180548906326,0.9880120158195496,0.9776977896690369
YLR203C,YOR317W,0,5.7321635e-05,0.09186327457427979,0.9880120158195496,0.97779780626297
YPR026W,YGL259W,0,5.7069865e-05,0.09185474365949631,0.9880120158195496,0.9778977632522583
YLR043C,YBR031W,0,5.6762226e-05,0.09184621274471283,0.9880120158195496,0.9779977798461914
YPR080W,YBL068W,0,5.6283367e-05,0.09183768182992935,0.9880120158195496,0.9780977964401245
YBL058W,YBR177C,0,5.557991e-05,0.09182915836572647,0.9880120158195496,0.9781978130340576
YJR070C,YGL259W,0,5.538478e-05,0.091820627450943,0.9880120158195496,0.9782978296279907
YCL036W,YPR137W,0,5.4847573e-05,0.09181210398674011,0.9880120158195496,0.9783978462219238
YER103W,YGR085C,0,5.4832406e-05,0.09180358052253723,0.9880120158195496,0.9784978628158569
YOR206W,YLR285W,0,5.4495547e-05,0.09179506450891495,0.9880120158195496,0.97859787940979
YDR512C,YHR051W,0,5.4489366e-05,0.09178654104471207,0.9880120158195496,0.9786978960037231
YPR026W,YOR168W,0,5.4275235e-05,0.09177802503108978,0.9880120158195496,0.9787978529930115
YPR024W,YMR304W,0,5.426892e-05,0.0917695090174675,0.9880120158195496,0.9788978695869446
YOR206W,YKL085W,0,5.3459153e-05,0.09176099300384521,0.9880120158195496,0.9789978861808777
YGR072W,YMR239C,0,5.3309886e-05,0.09175248444080353,0.9880120158195496,0.9790979027748108
YGL010W,YBR287W,0,5.2888943e-05,0.09174396842718124,0.9880120158195496,0.9791979193687439
YBR187W,YER002W,0,5.198983e-05,0.09173545986413956,0.9880120158195496,0.979297935962677
YER074W,YIR039C,0,5.180291e-05,0.09172695130109787,0.9880120158195496,0.9793979525566101
YNL084C,YOR232W,0,5.1360992e-05,0.09171844273805618,0.9880120158195496,0.9794979691505432
YKL170W,YPL104W,0,5.0919105e-05,0.09170994162559509,0.9880120158195496,0.9795979857444763
YEL052W,YJL112W,0,5.0854756e-05,0.091701440513134,0.9880120158195496,0.9796979427337646
YDL015C,YCR002C,0,5.079185e-05,0.09169293195009232,0.9880120158195496,0.9797979593276978
YGR191W,YNL268W,1,4.9846458e-05,0.09177713841199875,0.9890109896659851,0.9797979593276978
YMR295C,YOR327C,0,4.9812057e-05,0.09176862984895706,0.9890109896659851,0.9798979759216309
YPR137W,YIL133C,0,4.9368755e-05,0.09176012873649597,0.9890109896659851,0.979997992515564
YCR057C,YBL076C,0,4.8894697e-05,0.09175162017345428,0.9890109896659851,0.9800980091094971
YDR254W,YDR306C,0,4.8737722e-05,0.0917431190609932,0.9890109896659851,0.9801980257034302
YMR315W,YNL073W,0,4.835376e-05,0.0917346179485321,0.9890109896659851,0.9802980422973633
YMR033W,YDL040C,0,4.834232e-05,0.09172611683607101,0.9890109896659851,0.9803980588912964
YPL196W,YKL172W,0,4.7842612e-05,0.09171762317419052,0.9890109896659851,0.9804980754852295
YMR194W,YBR010W,0,4.778598e-05,0.09170912206172943,0.9890109896659851,0.9805980324745178
YLR080W,YLL034C,0,4.7723817e-05,0.09170062839984894,0.9890109896659851,0.9806980490684509
YPL129W,YPL050C,0,4.7576727e-05,0.09169213473796844,0.9890109896659851,0.980798065662384
YKL094W,YHR057C,0,4.7380046e-05,0.09168364852666855,0.9890109896659851,0.9808980822563171
YJL066C,YBR271W,0,4.6230132e-05,0.09167515486478806,0.9890109896659851,0.9809980988502502
YEL012W,YCR057C,0,4.4399167e-05,0.09166666865348816,0.9890109896659851,0.9810981154441833
YLL008W,YLR344W,0,4.4142063e-05,0.09165818244218826,0.9890109896659851,0.9811981320381165
YJL066C,YGR214W,0,4.4109158e-05,0.09164969623088837,0.9890109896659851,0.9812981486320496
YLL008W,YKL067W,0,4.4015873e-05,0.09164121001958847,0.9890109896659851,0.9813981652259827
YNL153C,YOR287C,0,4.3824883e-05,0.09163273125886917,0.9890109896659851,0.981498122215271
YGR191W,YNL065W,1,4.364275e-05,0.09171679615974426,0.9900099635124207,0.981498122215271
YPR190C,YIL133C,0,4.3620326e-05,0.09170830994844437,0.9900099635124207,0.9815981388092041
YMR300C,YKR026C,0,4.338941e-05,0.09169982373714447,0.9900099635124207,0.9816981554031372
YNL101W,YIL088C,1,4.3337965e-05,0.09178386628627777,0.991008996963501,0.9816981554031372
YER150W,YGL030W,0,4.2294218e-05,0.09177537262439728,0.991008996963501,0.9817981719970703
YJL066C,YEL040W,0,4.2221032e-05,0.09176687896251678,0.991008996963501,0.9818981885910034
YLR020C,YIL021W,0,4.2113865e-05,0.09175839275121689,0.991008996963501,0.9819982051849365
YMR033W,YLR285W,0,4.1340878e-05,0.09174990653991699,0.991008996963501,0.9820982217788696
YMR088C,YIL088C,1,4.122006e-05,0.09183390438556671,0.9920079708099365,0.9820982217788696
YJL191W,YMR229C,0,3.9669372e-05,0.09182541072368622,0.9920079708099365,0.9821982383728027
YDR046C,YGR055W,1,3.869589e-05,0.09190938621759415,0.9930070042610168,0.9821982383728027
YDL215C,YNL274C,0,3.847166e-05,0.09190088510513306,0.9930070042610168,0.9822982549667358
YIL142W,YGR155W,0,3.8102273e-05,0.09189239144325256,0.9930070042610168,0.9823982119560242
YIR039C,YLR325C,0,3.7990558e-05,0.09188389778137207,0.9930070042610168,0.9824982285499573
YJR127C,YDR170C,0,3.7751655e-05,0.09187540411949158,0.9930070042610168,0.9825982451438904
YDR211W,YJL192C,0,3.7745212e-05,0.09186691045761108,0.9930070042610168,0.9826982617378235
YBR052C,YHR051W,0,3.7504455e-05,0.09185842424631119,0.9930070042610168,0.9827982783317566
YBR155W,YJR032W,0,3.7461847e-05,0.09184993803501129,0.9930070042610168,0.9828982949256897
YLL061W,YPL274W,1,3.7061167e-05,0.09193384647369385,0.9940059781074524,0.9828982949256897
YPR137W,YLR270W,0,3.526466e-05,0.09192535281181335,0.9940059781074524,0.9829983115196228
YGL026C,YLR153C,0,3.4861176e-05,0.09191685914993286,0.9940059781074524,0.9830983281135559
YJL066C,YJR063W,0,3.4450804e-05,0.09190836548805237,0.9940059781074524,0.983198344707489
YER119C,YIL088C,1,3.3900673e-05,0.09199224412441254,0.9950050115585327,0.983198344707489
YKL126W,YBR080C,0,3.3718763e-05,0.09198374301195145,0.9950050115585327,0.9832983016967773
YLR244C,YNL010W,0,3.305472e-05,0.09197524935007095,0.9950050115585327,0.9833983182907104
YKR020W,YLR025W,0,3.2668355e-05,0.09196675568819046,0.9950050115585327,0.9834983348846436
YDR064W,YER019C-A,0,3.2261054e-05,0.09195826947689056,0.9950050115585327,0.9835983514785767
YMR087W,YPL087W,0,3.2110012e-05,0.09194977581501007,0.9950050115585327,0.9836983680725098
YGR118W,YBR026C,0,3.1579453e-05,0.09194128960371017,0.9950050115585327,0.9837983846664429
YPR026W,YLR344W,0,3.095562e-05,0.09193280339241028,0.9950050115585327,0.983898401260376
YCR011C,YKL064W,0,3.0581687e-05,0.09192431718111038,0.9950050115585327,0.9839984178543091
YHR066W,YLR251W,0,2.9911424e-05,0.09191583842039108,0.9950050115585327,0.9840984344482422
YIL142W,YDR429C,0,2.9003619e-05,0.09190735220909119,0.9950050115585327,0.9841983914375305
YLR080W,YGL004C,0,2.893527e-05,0.09189887344837189,0.9950050115585327,0.9842984080314636
YML073C,YFL014W,0,2.8313754e-05,0.09189039468765259,0.9950050115585327,0.9843984246253967
YDR449C,YIL133C,0,2.7722528e-05,0.09188191592693329,0.9950050115585327,0.9844984412193298
YBR031W,YIR039C,0,2.651602e-05,0.09187344461679459,0.9950050115585327,0.9845984578132629
YGR258C,YOR215C,0,2.6434242e-05,0.09186496585607529,0.9950050115585327,0.984698474407196
YGR081C,YMR146C,0,2.5984724e-05,0.09185649454593658,0.9950050115585327,0.9847984910011292
YNL274C,YJL171C,0,2.5268973e-05,0.09184802323579788,0.9950050115585327,0.9848985075950623
YGR055W,YPL274W,1,2.5234034e-05,0.0919317677617073,0.9960039854049683,0.9848985075950623
YML073C,YIR038C,0,2.519508e-05,0.091923289000988,0.9960039854049683,0.9849985241889954
YOL020W,YNL268W,1,2.507695e-05,0.09200700372457504,0.9970030188560486,0.9849985241889954
YDR245W,YLR285W,0,2.481775e-05,0.09199852496385574,0.9970030188560486,0.9850984811782837
YOR168W,YBL092W,0,2.462481e-05,0.09199004620313644,0.9970030188560486,0.9851984977722168
YAL038W,YPR043W,0,2.4564271e-05,0.09198156744241714,0.9970030188560486,0.9852985143661499
YOL020W,YDR508C,1,2.4431249e-05,0.0920652449131012,0.9980019927024841,0.9852985143661499
YLR103C,YML080W,0,2.4180357e-05,0.0920567661523819,0.9980019927024841,0.985398530960083
YDL142C,YMR210W,0,2.3916142e-05,0.092048279941082,0.9980019927024841,0.9854985475540161
YGL037C,YMR246W,0,2.3826244e-05,0.0920398011803627,0.9980019927024841,0.9855985641479492
YBR238C,YKL172W,0,2.3219807e-05,0.0920313224196434,0.9980019927024841,0.9856985807418823
YBR052C,YJR103W,0,2.2524384e-05,0.0920228436589241,0.9980019927024841,0.9857985973358154
YOR206W,YGR034W,0,2.240687e-05,0.0920143648982048,0.9980019927024841,0.9858986139297485
YFR001W,YLR325C,0,2.1998841e-05,0.0920058935880661,0.9980019927024841,0.9859985709190369
YHR029C,YPR167C,0,2.16588e-05,0.0919974222779274,0.9980019927024841,0.98609858751297
YLR129W,YBR187W,0,2.0685746e-05,0.0919889509677887,0.9980019927024841,0.9861986041069031
YNL160W,YJL103C,0,2.0324536e-05,0.09198047965765,0.9980019927024841,0.9862986207008362
YNR003C,YBR074W,0,2.0197476e-05,0.09197201579809189,0.9980019927024841,0.9863986372947693
YDL208W,YPR043W,0,1.9975694e-05,0.09196354448795319,0.9980019927024841,0.9864986538887024
YDL029W,YDL078C,0,1.9745234e-05,0.09195508062839508,0.9980019927024841,0.9865986704826355
YNL010W,YPR163C,0,1.962187e-05,0.09194661676883698,0.9980019927024841,0.9866986870765686
YBL058W,YLR163C,0,1.907314e-05,0.09193815290927887,0.9980019927024841,0.9867987036705017
YBR096W,YBR173C,0,1.8481238e-05,0.09192969650030136,0.9980019927024841,0.98689866065979
YNL160W,YGR145W,0,1.8219687e-05,0.09192124009132385,0.9980019927024841,0.9869986772537231
YLR080W,YPR163C,0,1.8174896e-05,0.09191277623176575,0.9980019927024841,0.9870986938476562
YMR194W,YKR026C,0,1.774493e-05,0.09190432727336884,0.9980019927024841,0.9871987104415894
YDL055C,YOR099W,0,1.7020675e-05,0.09189587086439133,0.9980019927024841,0.9872987270355225
YNL153C,YLL008W,0,1.6979042e-05,0.09188741445541382,0.9980019927024841,0.9873987436294556
YDR144C,YOR340C,0,1.6645912e-05,0.0918789654970169,0.9980019927024841,0.9874987602233887
YOR287C,YER171W,0,1.652764e-05,0.09187051653862,0.9980019927024841,0.9875987768173218
YLR390W,YKL067W,0,1.6313637e-05,0.09186206758022308,0.9980019927024841,0.9876987934112549
YNL102W,YOR074C,0,1.6182967e-05,0.09185362607240677,0.9980019927024841,0.9877987504005432
YOR168W,YNL010W,0,1.601742e-05,0.09184517711400986,0.9980019927024841,0.9878987669944763
YDR512C,YFL014W,0,1.5737278e-05,0.09183673560619354,0.9980019927024841,0.9879987835884094
YLR129W,YJL155C,0,1.5587286e-05,0.09182829409837723,0.9980019927024841,0.9880988001823425
YLR401C,YIR039C,0,1.5502772e-05,0.09181985259056091,0.9980019927024841,0.9881988167762756
YIL094C,YPR163C,0,1.5267973e-05,0.0918114110827446,0.9980019927024841,0.9882988333702087
YOR261C,YBR173C,0,1.52089715e-05,0.09180297702550888,0.9980019927024841,0.9883988499641418
YKL082C,YMR301C,0,1.4381969e-05,0.09179454296827316,0.9980019927024841,0.988498866558075
YOL086C,YKL180W,0,1.4255401e-05,0.09178610891103745,0.9980019927024841,0.9885988831520081
YNL223W,YKL124W,0,1.3887185e-05,0.09177767485380173,0.9980019927024841,0.9886988401412964
YDR144C,YMR308C,0,1.3728485e-05,0.0917692482471466,0.9980019927024841,0.9887988567352295
YNL160W,YOR317W,0,1.3299969e-05,0.09176081418991089,0.9980019927024841,0.9888988733291626
YLR291C,YKL172W,0,1.3225005e-05,0.09175238758325577,0.9980019927024841,0.9889988899230957
YJL066C,YOR243C,0,1.2771898e-05,0.09174396097660065,0.9980019927024841,0.9890989065170288
YMR239C,YMR308C,0,1.2537646e-05,0.09173553436994553,0.9980019927024841,0.9891989231109619
YLL034C,YGR285C,0,1.2449097e-05,0.091727115213871,0.9980019927024841,0.989298939704895
YLR028C,YCL057W,0,1.1993361e-05,0.09171869605779648,0.9980019927024841,0.9893989562988281
YDR144C,YOR310C,0,1.183466e-05,0.09171026945114136,0.9980019927024841,0.9894989728927612
YNR021W,YPR163C,0,1.1765216e-05,0.09170185774564743,0.9980019927024841,0.9895989894866943
YBR230C,YLR151C,0,1.1365787e-05,0.0916934385895729,0.9980019927024841,0.9896989464759827
YDL021W,YKL168C,0,1.13338665e-05,0.09168501943349838,0.9980019927024841,0.9897989630699158
YOL165C,YFL057C,0,1.1027602e-05,0.09167660772800446,0.9980019927024841,0.9898989796638489
YER090W,YGL148W,0,1.0974232e-05,0.09166819602251053,0.9980019927024841,0.989998996257782
YBR247C,YJL155C,0,1.0898213e-05,0.0916597843170166,0.9980019927024841,0.9900990128517151
YEL012W,YDR453C,0,1.0301886e-05,0.09165137261152267,0.9980019927024841,0.9901990294456482
YDR079W,YDR373W,0,1.0092433e-05,0.09164296835660934,0.9980019927024841,0.9902990460395813
YOR212W,YOR243C,0,9.512023e-06,0.09163456410169601,0.9980019927024841,0.9903990626335144
YOR243C,YML073C,0,9.237343e-06,0.09162615984678268,0.9980019927024841,0.9904990792274475
YLL061W,YGR055W,1,8.993663e-06,0.09170946478843689,0.9990010261535645,0.9904990792274475
YCR057C,YFL001W,0,8.837847e-06,0.09170105308294296,0.9990010261535645,0.9905990362167358
YDR512C,YIR038C,0,8.622983e-06,0.09169264882802963,0.9990010261535645,0.990699052810669
YKL146W,YER119C,1,8.5294505e-06,0.09177592396736145,1.0,0.990699052810669
YLR020C,YPL050C,0,8.312487e-06,0.09176751226186752,1.0,0.990799069404602
YJL066C,YER101C,0,8.086561e-06,0.0917591005563736,1.0,0.9908990859985352
YOR168W,YML128C,0,7.553288e-06,0.09175068885087967,1.0,0.9909991025924683
YOR323C,YGR264C,0,7.2225657e-06,0.09174227714538574,1.0,0.9910991191864014
YBR183W,YOL151W,0,6.889267e-06,0.09173387289047241,1.0,0.9911991357803345
YMR315W,YMR099C,0,6.473925e-06,0.09172546863555908,1.0,0.9912991523742676
YJL141C,YDL021W,0,6.4708697e-06,0.09171706438064575,1.0,0.9913991689682007
YER074W,YOR294W,0,6.384458e-06,0.09170866012573242,1.0,0.991499125957489
YBR177C,YBR026C,0,6.1637943e-06,0.09170025587081909,1.0,0.9915991425514221
YJL144W,YLR270W,0,5.8787423e-06,0.09169185906648636,1.0,0.9916991591453552
YJR070C,YBR026C,0,5.8257724e-06,0.09168345481157303,1.0,0.9917991757392883
YER055C,YGR285C,0,5.7279913e-06,0.09167506545782089,1.0,0.9918991923332214
YKL103C,YOR215C,0,5.725359e-06,0.09166666865348816,1.0,0.9919992089271545
YMR123W,YIL020C,0,5.5858773e-06,0.09165827184915543,1.0,0.9920992255210876
YNR021W,YMR308C,0,5.487552e-06,0.09164988249540329,1.0,0.9921992421150208
YNL147W,YGR118W,0,5.4248158e-06,0.09164149314165115,1.0,0.9922992587089539
YMR123W,YOR310C,0,5.1338557e-06,0.09163310378789902,1.0,0.9923992156982422
YLR270W,YGR214W,0,4.5109464e-06,0.09162471443414688,1.0,0.9924992322921753
YBR187W,YBL092W,0,4.319612e-06,0.09161632508039474,1.0,0.9925992488861084
YOR310C,YDR211W,0,4.0906166e-06,0.0916079431772232,1.0,0.9926992654800415
YGR167W,YKL117W,0,4.000376e-06,0.09159956127405167,1.0,0.9927992820739746
YIL108W,YDR262W,0,3.999365e-06,0.09159117937088013,1.0,0.9928992986679077
YJL053W,YJL149W,0,3.6964254e-06,0.09158279746770859,1.0,0.9929993152618408
YOL082W,YER175C,0,3.6649465e-06,0.09157442301511765,1.0,0.9930993318557739
YNL084C,YOR261C,0,3.6190481e-06,0.0915660411119461,1.0,0.993199348449707
YPL099C,YNL122C,0,3.4700877e-06,0.09155766665935516,1.0,0.9932993054389954
YMR146C,YMR143W,0,3.4481238e-06,0.09154929220676422,1.0,0.9933993220329285
YNR021W,YLR264W,0,3.2819817e-06,0.09154092520475388,1.0,0.9934993386268616
YLR291C,YPR060C,0,3.1974114e-06,0.09153255075216293,1.0,0.9935993552207947
YPR149W,YMR090W,0,3.1117784e-06,0.09152418375015259,1.0,0.9936993718147278
YIL079C,YNL175C,0,3.0791318e-06,0.09151581674814224,1.0,0.9937993884086609
YMR123W,YKL009W,0,3.0557032e-06,0.0915074497461319,1.0,0.993899405002594
YGR145W,YMR246W,0,2.9566943e-06,0.09149908274412155,1.0,0.9939994215965271
YHR066W,YNR003C,0,2.897768e-06,0.0914907231926918,1.0,0.9940994381904602
YLR401C,YOL093W,0,2.7662384e-06,0.09148236364126205,1.0,0.9941993951797485
YJL011C,YBR247C,0,2.46748e-06,0.0914740040898323,1.0,0.9942994117736816
YLR270W,YGR143W,0,2.330776e-06,0.09146564453840256,1.0,0.9943994283676147
YHR066W,YLR073C,0,2.320505e-06,0.09145728498697281,1.0,0.9944994449615479
YKL103C,YJR070C,0,2.2960353e-06,0.09144893288612366,1.0,0.994599461555481
YPL129W,YGR214W,0,2.2845313e-06,0.0914405807852745,1.0,0.9946994781494141
YKL093W,YJL103C,0,2.137177e-06,0.09143222868442535,1.0,0.9947994947433472
YLR028C,YLR270W,0,2.1206445e-06,0.0914238765835762,1.0,0.9948995113372803
YJL200C,YOL124C,0,2.1047576e-06,0.09141552448272705,1.0,0.9949995279312134
YPR137W,YLR073C,0,1.9641116e-06,0.0914071798324585,1.0,0.9950994849205017
YML028W,YOR285W,0,1.883466e-06,0.09139882773160934,1.0,0.9951995015144348
YOR206W,YHR069C,0,1.6402917e-06,0.09139048308134079,1.0,0.9952995181083679
YCL036W,YOL124C,0,1.6255661e-06,0.09138214588165283,1.0,0.995399534702301
YHR066W,YBL068W,0,1.4318812e-06,0.09137380123138428,1.0,0.9954995512962341
YMR049C,YER049W,0,1.3988957e-06,0.09136546403169632,1.0,0.9955995678901672
YGR264C,YDR429C,0,1.3835373e-06,0.09135712683200836,1.0,0.9956995844841003
YML128C,YHR008C,0,1.2197362e-06,0.0913487896323204,1.0,0.9957996010780334
YOR142W,YPL087W,0,1.2174468e-06,0.09134045243263245,1.0,0.9958996176719666
YDL084W,YOR168W,0,1.148372e-06,0.09133211523294449,1.0,0.9959995746612549
YAL060W,YKL067W,0,1.0093858e-06,0.09132378548383713,1.0,0.996099591255188
YDR064W,YGR264C,0,9.9567e-07,0.09131545573472977,1.0,0.9961996078491211
YFL014W,YDL021W,0,8.517782e-07,0.0913071259856224,1.0,0.9962996244430542
YLR197W,YMR308C,0,7.2338315e-07,0.09129879623651505,1.0,0.9963996410369873
YBR052C,YKL085W,0,7.2182434e-07,0.09129046648740768,1.0,0.9964996576309204
YDR527W,YKL082C,0,7.1451103e-07,0.09128214418888092,1.0,0.9965996742248535
YMR321C,YPR043W,0,6.9999186e-07,0.09127382189035416,1.0,0.9966996908187866
YLL034C,YFR001W,0,6.9851416e-07,0.09126549959182739,1.0,0.9967997074127197
YNL274C,YMR304W,0,6.889063e-07,0.09125717729330063,1.0,0.9968996644020081
YJL011C,YNL110C,0,6.8344735e-07,0.09124886244535446,1.0,0.9969996809959412
YDR512C,YMR090W,0,6.2154936e-07,0.0912405401468277,1.0,0.9970996975898743
YMR093W,YKL144C,0,5.5802957e-07,0.09123222529888153,1.0,0.9971997141838074
YDR429C,YER074W,0,4.855982e-07,0.09122391045093536,1.0,0.9972997307777405
YML056C,YOR340C,0,4.826158e-07,0.0912156030535698,1.0,0.9973997473716736
YDR454C,YER117W,0,4.457936e-07,0.09120728820562363,1.0,0.9974997639656067
YPR187W,YDR429C,0,3.786264e-07,0.09119898080825806,1.0,0.9975997805595398
YNL160W,YBR072W,0,3.5445942e-07,0.09119067341089249,1.0,0.9976997971534729
YPR187W,YER074W,0,3.3133566e-07,0.09118236601352692,1.0,0.9977997541427612
YOL129W,YKL103C,0,2.9147057e-07,0.09117405861616135,1.0,0.9978997707366943
YMR049C,YOL010W,0,2.8510397e-07,0.09116575866937637,1.0,0.9979997873306274
YCR057C,YPR190C,0,2.3660485e-07,0.0911574512720108,1.0,0.9980998039245605
YGR264C,YLR264W,0,2.085527e-07,0.09114915132522583,1.0,0.9981998205184937
YBR183W,YER150W,0,1.6812075e-07,0.09114085137844086,1.0,0.9982998371124268
YBR247C,YPR137W,0,1.5417272e-07,0.09113255888223648,1.0,0.9983998537063599
YKL009W,YLL034C,0,1.3446927e-07,0.09112425893545151,1.0,0.998499870300293
YBR230C,YOR215C,0,1.0899546e-07,0.09111596643924713,1.0,0.9985998868942261
YOR243C,YLR009W,0,3.2872638e-08,0.09110767394304276,1.0,0.9986998438835144
YKL082C,YFR001W,0,1.9265208e-08,0.09109938144683838,1.0,0.9987998604774475
YMR049C,YMR229C,0,1.2194783e-08,0.091091088950634,1.0,0.9988998770713806
YER117W,YDL061C,0,9.409461e-09,0.09108280390501022,1.0,0.9989998936653137
YLL008W,YLL034C,0,7.95955e-09,0.09107451885938644,1.0,0.9990999102592468
YLL008W,YDL148C,0,7.4198243e-09,0.09106622636318207,1.0,0.9991999268531799
YMR090W,YNL274C,0,4.835397e-09,0.09105794876813889,1.0,0.999299943447113
YHR066W,YNL110C,0,1.6590826e-09,0.0910496637225151,1.0,0.9993999600410461
YNL110C,YMR239C,0,1.2365736e-09,0.09104138612747192,1.0,0.9994999766349792
YOR206W,YOR145C,0,9.86953e-10,0.09103310108184814,1.0,0.9995999336242676
YNL110C,YFR001W,0,7.1434286e-10,0.09102482348680496,1.0,0.9996999502182007
YDL061C,YML073C,0,6.7149963e-10,0.09101654589176178,1.0,0.9997999668121338
YPR043W,YGR214W,0,1.8953562e-10,0.0910082757472992,1.0,0.9998999834060669
YGR214W,YBL092W,0,4.4488636e-12,0.09099999815225601,1.0,1.0
