Gene A,Gene B,Label,Score,Precision,Recall,False Positive Rate
YBR280C,YKL009W,0,1.9012275,0.0,0.0,0.00010039152402896434
YHL021C,YDL022W,0,1.8226695,0.0,0.0,0.00020078304805792868
YDR500C,YDR397C,0,1.8183358,0.0,0.0,0.00030117458663880825
YML128C,YMR250W,0,1.7860475,0.0,0.0,0.00040156609611585736
YLR197W,YOR173W,0,1.778804,0.0,0.0,0.0005019576638005674
YER150W,YBR121C,0,1.748708,0.0,0.0,0.0006023491732776165
YOR294W,YMR105C,0,1.738494,0.0,0.0,0.0007027406827546656
YMR229C,YLL026W,0,1.7333815,0.0,0.0,0.0008031321922317147
YBR126C,YGL103W,0,1.7185066,0.0,0.0,0.0009035237599164248
YOR340C,YNL110C,0,1.7002155,0.0,0.0,0.0010039153276011348
YJL066C,YBR169C,0,1.6877155,0.0,0.0,0.001104306778870523
YHR148W,YOR132W,0,1.6850786,0.0,0.0,0.001204698346555233
YKL103C,YLR270W,0,1.6788836,0.0,0.0,0.0013050897978246212
YML093W,YLR222C,0,1.6637099,0.0,0.0,0.0014054813655093312
YMR278W,YDR449C,0,1.6397941,0.0,0.0,0.0015058729331940413
YLR061W,YGR256W,0,1.6225704,0.0,0.0,0.0016062643844634295
YEL011W,YJL011C,0,1.621474,0.0,0.0,0.0017066559521481395
YKL065C,YPL093W,0,1.6164949,0.0,0.0,0.0018070475198328495
YLR205C,YOR210W,0,1.6142039,0.0,0.0,0.0019074389711022377
YIR026C,YFL014W,0,1.611079,0.0,0.0,0.0020078306552022696
YLL029W,YBR106W,0,1.5863308,0.0,0.0,0.0021082221064716578
YDR144C,YAL061W,0,1.5821671,0.0,0.0,0.002208613557741046
YMR030W,YLR056W,0,1.5803317,0.0,0.0,0.002309005009010434
YOR048C,YMR131C,0,1.5784572,0.0,0.0,0.002409396693110466
YDR263C,YMR319C,0,1.5759289,0.0,0.0,0.002509788144379854
YGL093W,YLR291C,0,1.5755854,0.0,0.0,0.0026101795956492424
YLR435W,YBR230C,0,1.5693493,0.0,0.0,0.0027105712797492743
YHL011C,YJL141C,0,1.5646726,0.0,0.0,0.0028109627310186625
YLR130C,YOR382W,1,1.5640249,0.03448275849223137,0.0009624639060348272,0.0028109627310186625
YGL037C,YMR105C,0,1.5613261,0.03333333507180214,0.0009624639060348272,0.0029113541822880507
YHR170W,YNL256W,0,1.5592461,0.032258063554763794,0.0009624639060348272,0.0030117458663880825
YDR429C,YER033C,0,1.5579613,0.03125,0.0009624639060348272,0.0031121373176574707
YBL045C,YDL004W,1,1.551297,0.06060606241226196,0.0019249278120696545,0.0031121373176574707
YEL060C,YHR104W,0,1.5463002,0.05882352963089943,0.0019249278120696545,0.003212528768926859
YFR053C,YLR196W,0,1.5377288,0.05714285746216774,0.0019249278120696545,0.0033129204530268908
YOR071C,YGR256W,0,1.5265428,0.0555555559694767,0.0019249278120696545,0.003413311904296279
YIL123W,YGR229C,0,1.5231445,0.054054055362939835,0.0019249278120696545,0.003513703355565667
YKL150W,YJR147W,0,1.5229967,0.05263157933950424,0.0019249278120696545,0.003614095039665699
YBR187W,YHR139C,0,1.5226882,0.05128205195069313,0.0019249278120696545,0.003714486490935087
YDR492W,YPR128C,0,1.5139484,0.05000000074505806,0.0019249278120696545,0.0038148779422044754
YDL120W,YGL080W,1,1.5130255,0.0731707289814949,0.0028873917181044817,0.0038148779422044754
YAR031W,YDL014W,0,1.5125294,0.0714285746216774,0.0028873917181044817,0.003915269393473864
YDL004W,YML081C-A,1,1.5123276,0.09302325546741486,0.003849855624139309,0.003915269393473864
YGL030W,YHR128W,0,1.5068257,0.09090909361839294,0.003849855624139309,0.004015661310404539
YJL141C,YMR296C,0,1.5066626,0.08888889104127884,0.003849855624139309,0.004116052761673927
YER127W,YAL061W,0,1.5007454,0.08695652335882187,0.003849855624139309,0.0042164442129433155
YGR121C,YMR202W,0,1.4995683,0.08510638028383255,0.003849855624139309,0.004316835664212704
YHL013C,YBR230C,0,1.4973322,0.0833333358168602,0.003849855624139309,0.004417227115482092
YER074W,YGL104C,0,1.4951134,0.08163265138864517,0.003849855624139309,0.00451761856675148
YBR169C,YGR118W,0,1.4947639,0.07999999821186066,0.003849855624139309,0.004618010018020868
YBR169C,YDR300C,0,1.4932647,0.0784313753247261,0.003849855624139309,0.004718401934951544
YNL202W,YHR043C,0,1.4889941,0.07692307978868484,0.003849855624139309,0.004818793386220932
YER060W-A,YHR039C,0,1.486426,0.07547169923782349,0.003849855624139309,0.00491918483749032
YCL054W,YPL003W,0,1.4836268,0.07407407462596893,0.003849855624139309,0.005019576288759708
YMR104C,YLR344W,0,1.4831947,0.072727270424366,0.003849855624139309,0.005119967740029097
YMR230W,YOL144W,0,1.4799812,0.0714285746216774,0.003849855624139309,0.005220359191298485
YKR046C,YOR312C,0,1.4794003,0.07017543911933899,0.003849855624139309,0.00532075110822916
YNL002C,YIR026C,0,1.4698479,0.06896551698446274,0.003849855624139309,0.0054211425594985485
YBL092W,YOR035C,0,1.4687321,0.06779661029577255,0.003849855624139309,0.005521534010767937
YOR048C,YLR129W,0,1.4685485,0.06666667014360428,0.003849855624139309,0.005621925462037325
YGR118W,YGR256W,0,1.4567192,0.06557376682758331,0.003849855624139309,0.005722316913306713
YOL151W,YDL243C,0,1.4553548,0.06451612710952759,0.003849855624139309,0.005822708364576101
YJL050W,YAL061W,0,1.4551747,0.0634920671582222,0.003849855624139309,0.005923100281506777
YHR072W,YDR100W,0,1.4541306,0.0625,0.003849855624139309,0.006023491732776165
YOR383C,YOR271C,1,1.4531611,0.07692307978868484,0.00481231976300478,0.006023491732776165
YDR375C,YGL068W,0,1.4470136,0.07575757801532745,0.00481231976300478,0.006123883184045553
YNL125C,YOR095C,0,1.4398925,0.0746268630027771,0.00481231976300478,0.006224274635314941
YDL083C,YER035W,0,1.4387438,0.07352941483259201,0.00481231976300478,0.00632466608658433
YDR377W,YKL217W,1,1.4384406,0.08695652335882187,0.005774783436208963,0.00632466608658433
YFR031C-A,YCR031C,0,1.4376743,0.08571428805589676,0.005774783436208963,0.006425057537853718
YMR029C,YPL093W,0,1.436504,0.0845070406794548,0.005774783436208963,0.006525449454784393
YLR395C,YDL004W,1,1.4343264,0.0972222238779068,0.006737247575074434,0.006525449454784393
YHR096C,YMR079W,0,1.4343259,0.09589041024446487,0.006737247575074434,0.0066258409060537815
YNL062C,YHR128W,0,1.4337082,0.09459459781646729,0.006737247575074434,0.00672623235732317
YLR197W,YOL055C,0,1.4316478,0.09333333373069763,0.006737247575074434,0.006826623808592558
YBR067C,YGR212W,0,1.4291086,0.09210526198148727,0.006737247575074434,0.006927015259861946
YDR395W,YPR137W,0,1.4281912,0.09090909361839294,0.006737247575074434,0.007027406711131334
YAL039C,YOR368W,0,1.4267609,0.08974359184503555,0.006737247575074434,0.00712779862806201
YPL016W,YPL203W,0,1.4231412,0.08860759437084198,0.006737247575074434,0.007228190079331398
YCR069W,YGR229C,0,1.4230493,0.08749999850988388,0.006737247575074434,0.007328581530600786
YDR489W,YKL060C,0,1.4229188,0.08641975373029709,0.006737247575074434,0.007428972981870174
YNR019W,YML123C,0,1.42273,0.08536585420370102,0.006737247575074434,0.007529364433139563
YLR258W,YOL096C,0,1.4226658,0.08433734625577927,0.006737247575074434,0.007629755884408951
YDR538W,YKL180W,0,1.4215429,0.0833333358168602,0.006737247575074434,0.007730147801339626
YNL014W,YIR026C,0,1.4183172,0.08235294371843338,0.006737247575074434,0.007830538786947727
YEL060C,YJL124C,0,1.4178315,0.08139535039663315,0.006737247575074434,0.007930930703878403
YKL026C,YDR190C,0,1.4156559,0.08045977354049683,0.006737247575074434,0.008031322620809078
YGR105W,YPL224C,0,1.414157,0.07954545319080353,0.006737247575074434,0.008131713606417179
YLR150W,YMR304W,0,1.4124093,0.07865168899297714,0.006737247575074434,0.008232105523347855
YOR208W,YER146W,0,1.411797,0.07777778059244156,0.006737247575074434,0.008332496508955956
YHR216W,YMR135C,0,1.4099412,0.07692307978868484,0.006737247575074434,0.008432888425886631
YER055C,YHR194W,0,1.4098268,0.07608695328235626,0.006737247575074434,0.008533279411494732
YDL004W,YBR161W,0,1.4077162,0.07526881992816925,0.006737247575074434,0.008633671328425407
YML100W,YPL252C,0,1.4077026,0.07446808367967606,0.006737247575074434,0.008734063245356083
YPR020W,YLR425W,0,1.4067051,0.0736842080950737,0.006737247575074434,0.008834454230964184
YGR221C,YOL126C,0,1.4056166,0.0729166641831398,0.006737247575074434,0.00893484614789486
YBR244W,YOL082W,0,1.4052627,0.07216494530439377,0.006737247575074434,0.00903523713350296
YCR034W,YIL154C,0,1.4046015,0.0714285746216774,0.006737247575074434,0.009135629050433636
YBR085W,YMR008C,0,1.4038248,0.07070706784725189,0.006737247575074434,0.009236020036041737
YDL078C,YDR345C,0,1.4035064,0.07000000029802322,0.006737247575074434,0.009336411952972412
YBR003W,YHR096C,0,1.4025594,0.06930693238973618,0.006737247575074434,0.009436803869903088
YEL062W,YIL114C,1,1.4025286,0.0784313753247261,0.007699711248278618,0.009436803869903088
YNL180C,YBR049C,0,1.3999323,0.0776699036359787,0.007699711248278618,0.009537194855511189
YDR005C,YGR229C,0,1.3988639,0.07692307978868484,0.007699711248278618,0.009637586772441864
YDR345C,YHR096C,1,1.3945683,0.08571428805589676,0.008662175387144089,0.009637586772441864
YKL196C,YDR171W,0,1.3926883,0.08490566164255142,0.008662175387144089,0.009737977758049965
YPL196W,YFR028C,0,1.3925868,0.08411215245723724,0.008662175387144089,0.00983836967498064
YKL078W,YNL132W,0,1.3921442,0.0833333358168602,0.008662175387144089,0.009938761591911316
YHR203C,YDR171W,0,1.3911387,0.08256880939006805,0.008662175387144089,0.010039152577519417
YNR006W,YER145C,1,1.3909751,0.09090909361839294,0.00962463952600956,0.010039152577519417
YFL016C,YPR149W,0,1.3889434,0.09009008854627609,0.00962463952600956,0.010139544494450092
YER055C,YMR293C,0,1.3857542,0.0892857164144516,0.00962463952600956,0.010239935480058193
YLR355C,YBR046C,0,1.3849387,0.08849557489156723,0.00962463952600956,0.010340327396988869
YIL162W,YHR166C,0,1.3843069,0.08771929889917374,0.00962463952600956,0.01044071838259697
YOL126C,YOR099W,0,1.3842583,0.08695652335882187,0.00962463952600956,0.010541110299527645
YIL049W,YAL042W,0,1.3839128,0.08620689809322357,0.00962463952600956,0.01064150221645832
YHR170W,YKR092C,0,1.3828759,0.08547008782625198,0.00962463952600956,0.010741893202066422
YGL196W,YMR214W,0,1.382495,0.08474576473236084,0.00962463952600956,0.010842285118997097
YDR204W,YDR001C,0,1.381912,0.08403361588716507,0.00962463952600956,0.010942676104605198
YOR382W,YBR207W,1,1.3809874,0.09166666865348816,0.010587102733552456,0.010942676104605198
YGR221C,YGL005C,0,1.3792822,0.09090909361839294,0.010587102733552456,0.011043068021535873
YER179W,YPL262W,0,1.3780003,0.0901639312505722,0.010587102733552456,0.011143459938466549
YPL087W,YLR452C,0,1.3775685,0.08943089097738266,0.010587102733552456,0.01124385092407465
YDR001C,YMR131C,0,1.3770801,0.08870967477560043,0.010587102733552456,0.011344242841005325
YIR039C,YDL083C,0,1.3763821,0.08799999952316284,0.010587102733552456,0.011444633826613426
YNL127W,YKR092C,0,1.3732159,0.0873015895485878,0.010587102733552456,0.011545025743544102
YDL201W,YPL217C,0,1.3701985,0.08661417663097382,0.010587102733552456,0.011645416729152203
YLR382C,YNL284C,0,1.3696599,0.0859375,0.010587102733552456,0.011745808646082878
YJL151C,YOR064C,0,1.3689425,0.08527132123708725,0.010587102733552456,0.011846200563013554
YGL019W,YER168C,0,1.3689127,0.08461538702249527,0.010587102733552456,0.011946591548621655
YMR319C,YKR052C,1,1.3663988,0.09160305559635162,0.011549566872417927,0.011946591548621655
YDR129C,YGR264C,0,1.3663294,0.09090909361839294,0.011549566872417927,0.01204698346555233
YHR154W,YKR089C,0,1.3652588,0.09022556245326996,0.011549566872417927,0.012147374451160431
YGL073W,YNL067W,0,1.3642226,0.08955223858356476,0.011549566872417927,0.012247766368091106
YKR081C,YCL035C,0,1.3637718,0.08888889104127884,0.011549566872417927,0.012348157353699207
YDR261C,YOR147W,0,1.362195,0.0882352963089943,0.011549566872417927,0.012448549270629883
YCR034W,YEL006W,0,1.3616421,0.08759123831987381,0.011549566872417927,0.012548941187560558
YMR101C,YNL071W,0,1.3598691,0.08695652335882187,0.011549566872417927,0.01264933217316866
YDL044C,YKL206C,0,1.3596337,0.08633093535900116,0.011549566872417927,0.012749724090099335
YEL062W,YHR119W,0,1.3594183,0.08571428805589676,0.011549566872417927,0.012850115075707436
YMR193W,YDR494W,0,1.3592045,0.08510638028383255,0.011549566872417927,0.012950506992638111
YGR070W,YBR121C,0,1.3588761,0.0845070406794548,0.011549566872417927,0.013050898909568787
YML101C,YGR253C,0,1.358012,0.0839160829782486,0.011549566872417927,0.013151289895176888
YHR001W-A,YPR067W,0,1.3570124,0.0833333358168602,0.011549566872417927,0.013251681812107563
YPR113W,YJR070C,0,1.3566567,0.08275862038135529,0.011549566872417927,0.013352072797715664
YBR187W,YDR270W,1,1.3534763,0.0890410989522934,0.012512031011283398,0.013352072797715664
YKL016C,YBR085W,1,1.3533224,0.095238097012043,0.013474495150148869,0.013352072797715664
YKR049C,YDL078C,0,1.3529075,0.09459459781646729,0.013474495150148869,0.01345246471464634
YKL016C,YOL084W,1,1.3525673,0.10067114233970642,0.014436958357691765,0.01345246471464634
YER145C,YER056C,0,1.3509816,0.10000000149011612,0.014436958357691765,0.01355285570025444
YKR092C,YHR209W,0,1.3499445,0.09933774918317795,0.014436958357691765,0.013653247617185116
YHR139C,YBR265W,0,1.3458511,0.09868421405553818,0.014436958357691765,0.013753639534115791
YGL096W,YBR002C,0,1.3444633,0.09803921729326248,0.014436958357691765,0.013854030519723892
YDR030C,YDL014W,0,1.3442862,0.09740259498357773,0.014436958357691765,0.013954422436654568
YOR004W,YPL043W,0,1.3437488,0.09677419066429138,0.014436958357691765,0.014054813422262669
YDR204W,YMR215W,0,1.3428421,0.09615384787321091,0.014436958357691765,0.014155205339193344
YPL081W,YNR059W,0,1.3425536,0.09554140269756317,0.014436958357691765,0.01425559725612402
YPR140W,YDR100W,0,1.3423488,0.09493670612573624,0.014436958357691765,0.01435598824173212
YGL203C,YGR256W,0,1.3420899,0.09433962404727936,0.014436958357691765,0.014456380158662796
YER175C,YNL286W,0,1.340689,0.09375,0.014436958357691765,0.014556771144270897
YKR026C,YDL091C,0,1.3401906,0.09316769987344742,0.014436958357691765,0.014657163061201572
YCL025C,YPR138C,1,1.3388227,0.09876543283462524,0.015399422496557236,0.014657163061201572
YMR269W,YPR143W,0,1.3386701,0.09815950691699982,0.015399422496557236,0.014757554046809673
YFR029W,YPR119W,0,1.3383446,0.09756097197532654,0.015399422496557236,0.014857945963740349
YMR194W,YIL017C,0,1.3379173,0.09696969389915466,0.015399422496557236,0.014958337880671024
YOR027W,YLR181C,0,1.3376911,0.09638553857803345,0.015399422496557236,0.015058728866279125
YHR203C,YLR144C,0,1.3362634,0.09580838680267334,0.015399422496557236,0.0151591207832098
YNR048W,YKL152C,0,1.3357949,0.095238097012043,0.015399422496557236,0.015259511768817902
YHR041C,YBR114W,0,1.3347459,0.09467455744743347,0.015399422496557236,0.015359903685748577
YJR123W,YAL017W,0,1.3338408,0.0941176488995552,0.015399422496557236,0.015460295602679253
YML062C,YNL117W,0,1.3337243,0.09356725215911865,0.015399422496557236,0.015560686588287354
YPL249C,YDR382W,0,1.3329206,0.09302325546741486,0.015399422496557236,0.015661077573895454
YNL009W,YNR013C,0,1.3328531,0.09248554706573486,0.015399422496557236,0.015761470422148705
YPR033C,YPL137C,0,1.3328505,0.09195402264595032,0.015399422496557236,0.015861861407756805
YBR039W,YIL023C,1,1.33272,0.09714286029338837,0.016361886635422707,0.015861861407756805
YLR017W,YLR244C,0,1.3319879,0.09659090638160706,0.016361886635422707,0.015962252393364906
YMR229C,YPR026W,0,1.3317487,0.09604519605636597,0.016361886635422707,0.016062645241618156
YPL156C,YNL163C,0,1.3316003,0.09550561755895615,0.016361886635422707,0.016163036227226257
YDR188W,YGR183C,0,1.3290904,0.09497206658124924,0.016361886635422707,0.016263427212834358
YFL021W,YMR105C,0,1.3284245,0.09444444626569748,0.016361886635422707,0.01636381819844246
YER122C,YDL066W,0,1.3283389,0.09392265230417252,0.016361886635422707,0.01646421104669571
YML100W,YGR271C-A,0,1.327563,0.09340659528970718,0.016361886635422707,0.01656460203230381
YGR260W,YHR128W,0,1.327339,0.09289617836475372,0.016361886635422707,0.01666499301791191
YIL009W,YDR496C,0,1.3258784,0.09239130467176437,0.016361886635422707,0.01676538586616516
YJL122W,YGR161C,0,1.3248802,0.09189189225435257,0.016361886635422707,0.016865776851773262
YOR243C,YDL201W,0,1.3241186,0.09139785170555115,0.016361886635422707,0.016966167837381363
YGL045W,YKL009W,0,1.323412,0.09090909361839294,0.016361886635422707,0.017066558822989464
YHR115C,YLR089C,0,1.3230945,0.0904255285859108,0.016361886635422707,0.017166951671242714
YNR032W,YKL006W,0,1.3229961,0.08994708955287933,0.016361886635422707,0.017267342656850815
YDR409W,YIR026C,0,1.3226877,0.08947368711233139,0.016361886635422707,0.017367733642458916
YJR019C,YDR300C,0,1.3222567,0.0890052393078804,0.016361886635422707,0.017468126490712166
YMR230W,YDR496C,0,1.3215348,0.0885416641831398,0.016361886635422707,0.017568517476320267
YMR200W,YIL118W,0,1.3201909,0.08808290213346481,0.016361886635422707,0.017668908461928368
YDL100C,YKR003W,0,1.3200241,0.08762886375188828,0.016361886635422707,0.01776929944753647
YDR328C,YLR150W,0,1.318952,0.08717948943376541,0.016361886635422707,0.01786969229578972
YNL037C,YDR082W,0,1.3184941,0.08673469722270966,0.016361886635422707,0.01797008328139782
YDL123W,YLR167W,0,1.3182924,0.08629441261291504,0.016361886635422707,0.01807047426700592
YFR014C,YOR317W,0,1.3182251,0.08585858345031738,0.016361886635422707,0.01817086711525917
YBR106W,YJR084W,0,1.3172072,0.08542713522911072,0.016361886635422707,0.01827125810086727
YCR046C,YNL300W,0,1.31565,0.08500000089406967,0.016361886635422707,0.018371649086475372
YLR088W,YBL099W,0,1.3155286,0.08457711338996887,0.016361886635422707,0.018472040072083473
YNL090W,YMR271C,0,1.3147492,0.08415841311216354,0.016361886635422707,0.018572432920336723
YHR042W,YBR302C,0,1.3144028,0.08374384045600891,0.016361886635422707,0.018672823905944824
YDL245C,YKL016C,1,1.3139213,0.0882352963089943,0.017324350774288177,0.018672823905944824
YOL010W,YPL093W,0,1.313245,0.08780487626791,0.017324350774288177,0.018773214891552925
YLR325C,YLR388W,0,1.3128611,0.08737864345312119,0.017324350774288177,0.018873607739806175
YGR245C,YPR160W,0,1.3123398,0.08695652335882187,0.017324350774288177,0.018973998725414276
YMR283C,YMR308C,0,1.3119962,0.08653846383094788,0.017324350774288177,0.019074389711022377
YOR206W,YMR300C,0,1.3092656,0.08612440526485443,0.017324350774288177,0.019174782559275627
YKR039W,YHR094C,1,1.3083727,0.09047619253396988,0.01828681491315365,0.019174782559275627
YPR190C,YLR367W,0,1.3079944,0.09004739671945572,0.01828681491315365,0.019275173544883728
YHR092C,YAL048C,1,1.3077313,0.09433962404727936,0.01924927905201912,0.019275173544883728
YDR345C,YLR395C,1,1.3060555,0.09859155118465424,0.02021174132823944,0.019275173544883728
YBR180W,YNL099C,0,1.3059762,0.09813084453344345,0.02021174132823944,0.01937556453049183
YLR355C,YKL193C,0,1.3054645,0.0976744219660759,0.02021174132823944,0.01947595551609993
YLL051C,YLR034C,1,1.3053753,0.10185185074806213,0.021174205467104912,0.01947595551609993
YHR092C,YCR010C,1,1.3048487,0.10599078238010406,0.022136669605970383,0.01947595551609993
YHR193C,YPL192C,0,1.3044314,0.1055045872926712,0.022136669605970383,0.01957634836435318
YDR207C,YLR342W,0,1.3042169,0.10502283275127411,0.022136669605970383,0.01967673934996128
YNL006W,YHL025W,0,1.3041906,0.10454545170068741,0.022136669605970383,0.01977713033556938
YPR182W,YGR238C,0,1.3039947,0.10407239943742752,0.022136669605970383,0.019877523183822632
YGR216C,YLR056W,0,1.3035729,0.10360360145568848,0.022136669605970383,0.019977914169430733
YOR226C,YEL011W,0,1.3035626,0.1031390130519867,0.022136669605970383,0.020078305155038834
YMR319C,YGL187C,1,1.3032964,0.1071428582072258,0.023099133744835854,0.020078305155038834
YIR032C,YOR340C,0,1.3029037,0.1066666692495346,0.023099133744835854,0.020178696140646935
YPL005W,YDR100W,0,1.3025649,0.10619468986988068,0.023099133744835854,0.020279088988900185
YOR173W,YOL111C,0,1.3014406,0.10572687536478043,0.023099133744835854,0.020379479974508286
YMR243C,YMR309C,0,1.3009565,0.10526315867900848,0.023099133744835854,0.020479870960116386
YBR236C,YJL079C,0,1.3009075,0.10480349510908127,0.023099133744835854,0.020580263808369637
YIL041W,YBR068C,0,1.3005826,0.104347825050354,0.023099133744835854,0.020680654793977737
YBR212W,YLR367W,0,1.3004233,0.10389610379934311,0.023099133744835854,0.02078104577958584
YCL040W,YNR028W,0,1.2995154,0.1034482792019844,0.023099133744835854,0.02088143676519394
YLR215C,YGR169C,0,1.2990261,0.10300429165363312,0.023099133744835854,0.02098182961344719
YBR177C,YPL147W,0,1.2985964,0.10256410390138626,0.023099133744835854,0.02108222059905529
YLR344W,YDR211W,0,1.2974458,0.10212765634059906,0.023099133744835854,0.02118261158466339
YHR104W,YJL138C,0,1.296756,0.10169491171836853,0.023099133744835854,0.02128300443291664
YAL033W,YNL183C,0,1.2967148,0.10126582533121109,0.023099133744835854,0.021383395418524742
YNL044W,YJL166W,0,1.2965603,0.10084033757448196,0.023099133744835854,0.021483786404132843
YJR014W,YGL098W,0,1.296544,0.10041841119527817,0.023099133744835854,0.021584177389740944
YMR243C,YLR347C,0,1.2950482,0.10000000149011612,0.023099133744835854,0.021684570237994194
YDL122W,YOR002W,0,1.2934619,0.09958506375551224,0.023099133744835854,0.021784961223602295
YJL010C,YPL086C,0,1.2933738,0.09917355328798294,0.023099133744835854,0.021885352209210396
YJR099W,YPR024W,0,1.2932463,0.09876543283462524,0.023099133744835854,0.021985745057463646
YGL008C,YDR002W,0,1.2923858,0.09836065769195557,0.023099133744835854,0.022086136043071747
YLR178C,YNR036C,0,1.2919358,0.09795918315649033,0.023099133744835854,0.022186527028679848
YER150W,YMR260C,0,1.2916559,0.09756097197532654,0.023099133744835854,0.022286919876933098
YER117W,YDL126C,0,1.2916092,0.09716599434614182,0.023099133744835854,0.0223873108625412
YFL045C,YGL189C,0,1.2889873,0.09677419066429138,0.023099133744835854,0.0224877018481493
YLR258W,YDR002W,0,1.2888007,0.09638553857803345,0.023099133744835854,0.0225880928337574
YOR074C,YHR096C,0,1.2862566,0.09600000083446503,0.023099133744835854,0.02268848568201065
YKR024C,YHR002W,0,1.2859454,0.09561753273010254,0.023099133744835854,0.02278887666761875
YER117W,YPL004C,0,1.2858722,0.095238097012043,0.023099133744835854,0.022889267653226852
YBR068C,YGL077C,1,1.2853202,0.0988142266869545,0.024061597883701324,0.022889267653226852
YBR061C,YDL014W,0,1.285302,0.09842519462108612,0.024061597883701324,0.022989660501480103
YDR403W,YGR180C,0,1.2851522,0.09803921729326248,0.024061597883701324,0.023090051487088203
YJL122W,YPR124W,0,1.2835637,0.09765625,0.024061597883701324,0.023190442472696304
YDR043C,YKL016C,0,1.2833356,0.09727626293897629,0.024061597883701324,0.023290833458304405
YBL045C,YJL219W,1,1.2819524,0.10077519714832306,0.025024062022566795,0.023290833458304405
YDR395W,YKL193C,0,1.2813423,0.10038609802722931,0.025024062022566795,0.023391226306557655
YOL011W,YDR414C,0,1.280629,0.10000000149011612,0.025024062022566795,0.023491617292165756
YKR025W,YPL196W,0,1.2805333,0.09961685538291931,0.025024062022566795,0.023592008277773857
YGR065C,YOR334W,1,1.2803876,0.10305343568325043,0.025986526161432266,0.023592008277773857
YHR072W,YOR171C,0,1.280273,0.10266159474849701,0.025986526161432266,0.023692401126027107
YKL026C,YDR408C,0,1.2797499,0.10227272659540176,0.025986526161432266,0.023792792111635208
YPL228W,YLR181C,0,1.2796965,0.1018867939710617,0.025986526161432266,0.02389318309724331
YGL083W,YML123C,0,1.2792003,0.10150375962257385,0.025986526161432266,0.02399357408285141
YOL052C-A,YGR253C,0,1.2788644,0.10112359374761581,0.025986526161432266,0.02409396693110466
YMR020W,YMR123W,0,1.2782929,0.1007462665438652,0.025986526161432266,0.02419435791671276
YDL148C,YMR081C,0,1.2781184,0.10037174820899963,0.025986526161432266,0.024294748902320862
YHL013C,YML107C,0,1.2777683,0.10000000149011612,0.025986526161432266,0.024395141750574112
YLR324W,YJL100W,0,1.2770513,0.09963099658489227,0.025986526161432266,0.024495532736182213
YOR032C,YMR149W,0,1.2768242,0.0992647036910057,0.025986526161432266,0.024595923721790314
YKL035W,YHR174W,0,1.2767627,0.09890110045671463,0.025986526161432266,0.024696314707398415
YIL118W,YJL141C,0,1.276618,0.09854014962911606,0.025986526161432266,0.024796707555651665
YFR025C,YOR328W,0,1.2759027,0.0981818214058876,0.025986526161432266,0.024897098541259766
YMR105C,YLR247C,0,1.2751391,0.09782608598470688,0.025986526161432266,0.024997489526867867
YNL156C,YDL132W,0,1.2750392,0.09747292101383209,0.025986526161432266,0.025097882375121117
YLL008W,YDR005C,0,1.27501,0.09712230414152145,0.025986526161432266,0.025198273360729218
YER118C,YKL069W,0,1.2742901,0.09677419066429138,0.025986526161432266,0.02529866434633732
YHL013C,YLR003C,0,1.2739794,0.09642857313156128,0.025986526161432266,0.02539905719459057
YBL072C,YFR047C,0,1.2739024,0.09608540683984756,0.025986526161432266,0.02549944818019867
YIL110W,YDR294C,0,1.2725049,0.09574468433856964,0.025986526161432266,0.02559983916580677
YNL067W,YHR016C,0,1.2724619,0.09540636092424393,0.025986526161432266,0.02570023015141487
YGR055W,YJL117W,1,1.2720647,0.09859155118465424,0.026948990300297737,0.02570023015141487
YFR051C,YNL326C,0,1.2715405,0.09824561327695847,0.026948990300297737,0.02580062299966812
YJL141C,YNL103W,0,1.2705442,0.0979020968079567,0.026948990300297737,0.025901013985276222
YDR346C,YPL169C,0,1.2705138,0.09756097197532654,0.026948990300297737,0.026001404970884323
YPL049C,YMR076C,0,1.2704368,0.0972222238779068,0.026948990300297737,0.026101797819137573
YJL130C,YEL071W,0,1.2695091,0.0968858152627945,0.026948990300297737,0.026202188804745674
YDR516C,YPR180W,0,1.2694979,0.09655172377824783,0.026948990300297737,0.026302579790353775
YHL021C,YER003C,0,1.2694278,0.09621993452310562,0.026948990300297737,0.026402970775961876
YBR085W,YDR529C,1,1.2671083,0.09931506961584091,0.02791145257651806,0.026402970775961876
YKL080W,YER113C,1,1.2670695,0.10238907486200333,0.02887391671538353,0.026402970775961876
YNR036C,YKL217W,0,1.2670437,0.10204081982374191,0.02887391671538353,0.026503363624215126
YPR058W,YDL222C,0,1.2670319,0.10169491171836853,0.02887391671538353,0.026603754609823227
YOL013C,YBR199W,0,1.266767,0.10135135054588318,0.02887391671538353,0.026704145595431328
YIL134W,YEL062W,1,1.2661048,0.10437710583209991,0.029836380854249,0.026704145595431328
YPR149W,YKL114C,0,1.2660391,0.10402684658765793,0.029836380854249,0.026804538443684578
YBR068C,YKL016C,1,1.2659687,0.10702341049909592,0.03079884499311447,0.026804538443684578
YML116W,YER145C,1,1.265698,0.10999999940395355,0.03176130726933479,0.026804538443684578
YBR114W,YOR340C,0,1.2650781,0.10963454842567444,0.03176130726933479,0.02690492942929268
YJR123W,YGL002W,0,1.2648864,0.10927152633666992,0.03176130726933479,0.02700532041490078
YIL162W,YGR007W,0,1.2635751,0.10891088843345642,0.03176130726933479,0.02710571140050888
YLR116W,YPL262W,0,1.2619104,0.10855263471603394,0.03176130726933479,0.02720610424876213
YJR041C,YPR035W,0,1.2607741,0.10819672048091888,0.03176130726933479,0.02730649523437023
YLR037C,YBR021W,0,1.2602744,0.10784313827753067,0.03176130726933479,0.027406886219978333
YIL088C,YNL052W,1,1.2600039,0.11074918508529663,0.03272377327084541,0.027406886219978333
YDL239C,YGL016W,0,1.2593918,0.11038961261510849,0.03272377327084541,0.027507279068231583
YHR175W,YDR276C,1,1.2585188,0.11326860636472702,0.033686235547065735,0.027507279068231583
YPR023C,YGR253C,0,1.2581985,0.11290322244167328,0.033686235547065735,0.027607670053839684
YGR084C,YJL140W,0,1.2579961,0.11254019290208817,0.033686235547065735,0.027708061039447784
YDR122W,YOR144C,0,1.257741,0.11217948794364929,0.033686235547065735,0.027808453887701035
YOR230W,YJR041C,0,1.2563722,0.11182108521461487,0.033686235547065735,0.027908844873309135
YNL041C,YGL055W,0,1.2558651,0.1114649698138237,0.033686235547065735,0.028009235858917236
YDL117W,YNL132W,0,1.2552836,0.1111111119389534,0.033686235547065735,0.028109626844525337
YDR528W,YMR250W,0,1.254933,0.11075949668884277,0.033686235547065735,0.028210019692778587
YIL131C,YDR151C,0,1.2534934,0.11041009426116943,0.033686235547065735,0.028310410678386688
YMR052W,YML132W,0,1.252723,0.11006288975477219,0.033686235547065735,0.02841080166399479
YDR398W,YHR012W,0,1.2526401,0.10971786826848984,0.033686235547065735,0.02851119451224804
YLR150W,YMR143W,0,1.2519282,0.109375,0.033686235547065735,0.02861158549785614
YOL144W,YML028W,0,1.2516025,0.10903427004814148,0.033686235547065735,0.02871197648346424
YDR498C,YLL052C,0,1.250911,0.10869564861059189,0.033686235547065735,0.028812367469072342
YER038C,YKL001C,0,1.2501134,0.10835913568735123,0.033686235547065735,0.028912760317325592
YOL084W,YCL008C,1,1.2496432,0.1111111119389534,0.034648701548576355,0.028912760317325592
YAL015C,YLR056W,0,1.2495215,0.11076922714710236,0.034648701548576355,0.029013151302933693
YGL030W,YGR284C,0,1.2490665,0.11042945086956024,0.034648701548576355,0.029113542288541794
YAL055W,YOR239W,0,1.2487984,0.11009174585342407,0.034648701548576355,0.029213935136795044
YGR191W,YCR028C,1,1.2482152,0.11280487477779388,0.03561116382479668,0.029213935136795044
YOL122C,YIR026C,0,1.2478347,0.11246200650930405,0.03561116382479668,0.029314326122403145
YIL114C,YGL187C,1,1.2474711,0.11515151709318161,0.0365736298263073,0.029314326122403145
YLL012W,YNR012W,0,1.2474021,0.11480362713336945,0.0365736298263073,0.029414717108011246
YNL069C,YDL222C,0,1.2465156,0.11445783078670502,0.0365736298263073,0.029515108093619347
YPL098C,YLL004W,0,1.2454864,0.11411411315202713,0.0365736298263073,0.029615500941872597
YER142C,YDL201W,0,1.2451817,0.113772451877594,0.0365736298263073,0.029715891927480698
YOL151W,YLL018C,0,1.2450027,0.11343283951282501,0.0365736298263073,0.0298162829130888
YLR395C,YDL243C,0,1.2443732,0.1130952388048172,0.0365736298263073,0.02991667576134205
YDL097C,YHR128W,0,1.2440581,0.11275964230298996,0.0365736298263073,0.03001706674695015
YIL009W,YKL221W,0,1.2438977,0.1124260351061821,0.0365736298263073,0.03011745773255825
YHR094C,YDL004W,1,1.2428741,0.1150442510843277,0.03753609210252762,0.03011745773255825
YJL180C,YBR146W,0,1.2423311,0.1147058829665184,0.03753609210252762,0.03021784871816635
YBL051C,YBL005W,0,1.2411857,0.11436950415372849,0.03753609210252762,0.0303182415664196
YNL127W,YPR163C,0,1.2411108,0.11403508484363556,0.03753609210252762,0.030418632552027702
YGR195W,YCL040W,0,1.240764,0.11370262503623962,0.03753609210252762,0.030519023537635803
YGR032W,YHR060W,0,1.2406342,0.11337209492921829,0.03753609210252762,0.030619416385889053
YNR015W,YJL012C,0,1.2398454,0.11304347962141037,0.03753609210252762,0.030719807371497154
YIL111W,YOL084W,1,1.2397866,0.11560693383216858,0.03849855810403824,0.030719807371497154
YOR027W,YLR340W,0,1.2396532,0.11527377367019653,0.03849855810403824,0.030820198357105255
YBL004W,YGR254W,0,1.2396338,0.1149425283074379,0.03849855810403824,0.030920591205358505
YHR085W,YDR276C,0,1.2396166,0.11461318284273148,0.03849855810403824,0.031020982190966606
YMR049C,YMR104C,0,1.2395931,0.11428571492433548,0.03849855810403824,0.031121373176574707
YPL012W,YJR047C,0,1.2395138,0.11396011710166931,0.03849855810403824,0.031221764162182808
YKL085W,YLL019C,0,1.2390139,0.11363636702299118,0.03849855810403824,0.03132215514779091
YMR049C,YLR107W,0,1.2386496,0.11331444978713989,0.03849855810403824,0.03142254799604416
YJR021C,YOR340C,0,1.2385192,0.11299435049295425,0.03849855810403824,0.03152294084429741
YIL088C,YOR087W,1,1.2384583,0.11549295485019684,0.03946102038025856,0.03152294084429741
YKL038W,YGR128C,0,1.2381265,0.11516854166984558,0.03946102038025856,0.03162332996726036
YML023C,YPL180W,0,1.238044,0.11484593898057938,0.03946102038025856,0.03172372281551361
YMR110C,YGL174W,0,1.2379631,0.11452513933181763,0.03946102038025856,0.03182411566376686
YGL047W,YDR059C,0,1.2372863,0.11420612782239914,0.03946102038025856,0.03192450478672981
YPR119W,YLR389C,0,1.236141,0.11388888955116272,0.03946102038025856,0.03202489763498306
YOR294W,YCL052C,0,1.2355905,0.11357340961694717,0.03946102038025856,0.03212529048323631
YMR246W,YPL084W,1,1.2354507,0.11602210253477097,0.04042348265647888,0.03212529048323631
YJR125C,YPR017C,0,1.2345951,0.11570248007774353,0.04042348265647888,0.032225679606199265
YBL006C,YOR329C,0,1.234303,0.11538461595773697,0.04042348265647888,0.032326072454452515
YDR411C,YPR025C,0,1.2336347,0.11506849527359009,0.04042348265647888,0.032426461577415466
YBR281C,YHR001W,0,1.2332573,0.1147540956735611,0.04042348265647888,0.032526854425668716
YHR149C,YLR452C,0,1.2330384,0.11444141715765,0.04042348265647888,0.03262724727392197
YER103W,YDR496C,0,1.2319331,0.11413043737411499,0.04042348265647888,0.03272763639688492
YEL024W,YLL001W,1,1.2318182,0.11653116345405579,0.0413859486579895,0.03272763639688492
YLR023C,YIL021W,0,1.2304631,0.11621621251106262,0.0413859486579895,0.03282802924513817
YIR021W,YIL119C,0,1.2303652,0.11590296775102615,0.0413859486579895,0.03292842209339142
YLR054C,YAL009W,0,1.2302667,0.11559139937162399,0.0413859486579895,0.03302881121635437
YJR064W,YML056C,0,1.2300249,0.11528149992227554,0.0413859486579895,0.03312920406460762
YHL035C,YOR355W,0,1.2292788,0.11497326195240021,0.0413859486579895,0.03322959691286087
YBR279W,YHR176W,0,1.2291043,0.1146666631102562,0.0413859486579895,0.03332998603582382
YML026C,YBR154C,0,1.228705,0.1143617033958435,0.0413859486579895,0.03343037888407707
YJL089W,YER165W,0,1.2285972,0.11405835300683975,0.0413859486579895,0.03353077173233032
YGL191W,YPL134C,1,1.2282846,0.11640211939811707,0.042348410934209824,0.03353077173233032
YJR092W,YDR147W,0,1.2281272,0.11609498411417007,0.042348410934209824,0.033631160855293274
YDR159W,YGL186C,0,1.2279475,0.11578947305679321,0.042348410934209824,0.033731553703546524
YMR035W,YDR226W,0,1.2278755,0.11548556387424469,0.042348410934209824,0.033831942826509476
YDR384C,YPL152W,0,1.227819,0.11518324911594391,0.042348410934209824,0.033932335674762726
YIL053W,YJR070C,0,1.2276778,0.11488250643014908,0.042348410934209824,0.034032728523015976
YLR258W,YDR041W,0,1.2275662,0.1145833358168602,0.042348410934209824,0.03413311764597893
YHR016C,YPL043W,0,1.2266903,0.11428571492433548,0.042348410934209824,0.03423351049423218
YMR145C,YBR038W,0,1.2265698,0.11398963630199432,0.042348410934209824,0.03433390334248543
YCL057W,YOR133W,0,1.2261968,0.11369509249925613,0.042348410934209824,0.03443429246544838
YOR272W,YLR372W,0,1.2258408,0.11340206116437912,0.042348410934209824,0.03453468531370163
YNL274C,YOL093W,0,1.2257285,0.11311054229736328,0.042348410934209824,0.03463507816195488
YMR019W,YMR119W,0,1.2256916,0.11282051354646683,0.042348410934209824,0.03473546728491783
YNL127W,YOL086C,0,1.2256706,0.11253196746110916,0.042348410934209824,0.03483586013317108
YIL050W,YGR289C,0,1.2256067,0.11224489659070969,0.042348410934209824,0.03493625298142433
YOR254C,YMR242C,0,1.2253332,0.11195928603410721,0.042348410934209824,0.03503664210438728
YOR219C,YOR101W,0,1.224486,0.11167512834072113,0.042348410934209824,0.03513703495264053
YMR246W,YMR077C,1,1.2244403,0.1139240488409996,0.043310876935720444,0.03513703495264053
YNL321W,YPL135W,0,1.2243936,0.11363636702299118,0.043310876935720444,0.035237427800893784
YKL182W,YDR463W,0,1.2242901,0.11335012316703796,0.043310876935720444,0.035337816923856735
YEL037C,YOR232W,0,1.2239096,0.11306532472372055,0.043310876935720444,0.035438209772109985
YGL233W,YPR161C,0,1.2235208,0.11278195679187775,0.043310876935720444,0.03553859889507294
YOR207C,YNL023C,0,1.2229869,0.11249999701976776,0.043310876935720444,0.03563899174332619
YOR089C,YHR205W,0,1.2228452,0.11221945285797119,0.043310876935720444,0.03573938459157944
YKR089C,YGL166W,0,1.2224522,0.11194030195474625,0.043310876935720444,0.03583977371454239
YIL022W,YPR057W,0,1.222096,0.11166252940893173,0.043310876935720444,0.03594016656279564
YKL155C,YDR084C,0,1.2215643,0.11138613522052765,0.043310876935720444,0.03604055941104889
YBL051C,YGL054C,0,1.2210145,0.1111111119389534,0.043310876935720444,0.03614094853401184
YJL053W,YJL013C,0,1.2203319,0.1108374372124672,0.043310876935720444,0.03624134138226509
YHR059W,YGR003W,0,1.219196,0.11056511104106903,0.043310876935720444,0.03634173423051834
YLL008W,YNL113W,0,1.2191768,0.11029411852359772,0.043310876935720444,0.03644212335348129
YGL011C,YOR382W,0,1.2189996,0.11002445220947266,0.043310876935720444,0.03654251620173454
YFR053C,YDR450W,0,1.218446,0.10975609719753265,0.043310876935720444,0.03664290904998779
YGL255W,YOR271C,1,1.2184036,0.11192213743925095,0.044273339211940765,0.03664290904998779
YDR146C,YGR222W,0,1.2168051,0.1116504818201065,0.044273339211940765,0.036743298172950745
YDR001C,YLR295C,0,1.2165859,0.11138014495372772,0.044273339211940765,0.036843691021203995
YJL079C,YML016C,0,1.2164674,0.1111111119389534,0.044273339211940765,0.036944080144166946
YBR120C,YPR149W,0,1.2162707,0.11084337532520294,0.044273339211940765,0.0370444729924202
YLR130C,YMR014W,0,1.2157544,0.11057692021131516,0.044273339211940765,0.03714486584067345
YGL124C,YHR108W,0,1.2150297,0.11031175404787064,0.044273339211940765,0.0372452549636364
YNL300W,YOR085W,0,1.2145454,0.110047847032547,0.044273339211940765,0.03734564781188965
YGL100W,YMR313C,0,1.2144463,0.10978519916534424,0.044273339211940765,0.0374460406601429
YLR178C,YCR079W,0,1.2143893,0.10952381044626236,0.044273339211940765,0.03754642978310585
YKR052C,YPR124W,1,1.2139754,0.11163895577192307,0.045235805213451385,0.03754642978310585
YMR177W,YGR227W,0,1.2138112,0.11137440800666809,0.045235805213451385,0.0376468226313591
YIL094C,YMR137C,0,1.2137293,0.1111111119389534,0.045235805213451385,0.03774721547961235
YOL097C,YDR423C,0,1.2135553,0.1108490601181984,0.045235805213451385,0.0378476046025753
YHR090C,YGR180C,0,1.2132733,0.11058823764324188,0.045235805213451385,0.03794799745082855
YKL043W,YFR038W,0,1.2125198,0.11032863706350327,0.045235805213451385,0.0380483902990818
YLR233C,YOR367W,0,1.2122183,0.11007025837898254,0.045235805213451385,0.038148779422044754
YDR092W,YFL005W,0,1.2115555,0.10981308668851852,0.045235805213451385,0.038249172270298004
YKR093W,YLL061W,0,1.2114592,0.10955710709095001,0.045235805213451385,0.038349565118551254
YMR011W,YJR001W,1,1.2111764,0.11162790656089783,0.04619826748967171,0.038349565118551254
YDL092W,YOR007C,0,1.2100922,0.11136890947818756,0.04619826748967171,0.038449954241514206
YKL081W,YOR099W,0,1.2097819,0.1111111119389534,0.04619826748967171,0.038550347089767456
YGL025C,YML114C,0,1.2096105,0.11085450649261475,0.04619826748967171,0.03865073621273041
YDR058C,YPL262W,0,1.2093401,0.1105990782380104,0.04619826748967171,0.03875112906098366
YEL063C,YMR177W,1,1.209281,0.11264368146657944,0.04716072976589203,0.03875112906098366
YOR212W,YBR005W,0,1.2091631,0.11238531768321991,0.04716072976589203,0.03885152190923691
YDR450W,YBR083W,0,1.2090504,0.11212814599275589,0.04716072976589203,0.03895191103219986
YMR116C,YBR212W,0,1.2088321,0.11187214404344559,0.04716072976589203,0.03905230388045311
YNL118C,YGL187C,0,1.208738,0.111617311835289,0.04716072976589203,0.03915269672870636
YOL076W,YPL207W,0,1.2086754,0.11136363446712494,0.04716072976589203,0.03925308585166931
YJR077C,YHL036W,1,1.208136,0.11337868124246597,0.04812319576740265,0.03925308585166931
YJR019C,YGL174W,0,1.2076107,0.11312217265367508,0.04812319576740265,0.03935347869992256
YCR002C,YML026C,0,1.2071393,0.11286681890487671,0.04812319576740265,0.03945387154817581
YOR227W,YGR004W,0,1.2071192,0.11261261254549026,0.04812319576740265,0.03955426067113876
YHR008C,YPL163C,0,1.2068185,0.11235955357551575,0.04812319576740265,0.039654653519392014
YDR404C,YBL042C,0,1.2066579,0.11210761964321136,0.04812319576740265,0.039755046367645264
YHR154W,YLR089C,0,1.2048719,0.11185682564973831,0.04812319576740265,0.039855435490608215
YPL244C,YPL092W,1,1.2048078,0.1138392835855484,0.04908565804362297,0.039855435490608215
YLR359W,YPL112C,0,1.2047597,0.11358574777841568,0.04908565804362297,0.039955828338861465
YAL042W,YMR077C,0,1.204382,0.1133333370089531,0.04908565804362297,0.04005621746182442
YGR155W,YKL012W,0,1.2043321,0.11308203637599945,0.04908565804362297,0.04015661031007767
YKL084W,YPL240C,0,1.203901,0.11283186078071594,0.04908565804362297,0.04025700315833092
YMR243C,YDR409W,0,1.2038219,0.11258278042078018,0.04908565804362297,0.04035739228129387
YHR059W,YJL116C,0,1.2034732,0.11233480274677277,0.04908565804362297,0.04045778512954712
YFL021W,YDR453C,0,1.2033994,0.1120879128575325,0.04908565804362297,0.04055817797780037
YBR119W,YDL004W,0,1.2032143,0.11184210330247879,0.04908565804362297,0.04065856710076332
YNL083W,YER026C,0,1.2031121,0.11159737408161163,0.04908565804362297,0.04075895994901657
YBL051C,YBR254C,0,1.2029178,0.11135371029376984,0.04908565804362297,0.04085935279726982
YBR068C,YLR348C,1,1.2026858,0.11328975856304169,0.05004812404513359,0.04085935279726982
YMR011W,YFR033C,1,1.2025915,0.11521738767623901,0.05101058632135391,0.04085935279726982
YNL192W,YKR085C,0,1.202501,0.1149674654006958,0.05101058632135391,0.04095974192023277
YHL047C,YBR104W,1,1.2024344,0.11688311398029327,0.05197305232286453,0.04095974192023277
YGL019W,YLR210W,0,1.2021108,0.1166306659579277,0.05197305232286453,0.04106013476848602
YDL122W,YPL139C,0,1.202042,0.11637931317090988,0.05197305232286453,0.04116052761673927
YLR043C,YPR100W,0,1.2015216,0.11612903326749802,0.05197305232286453,0.041260916739702225
YDR194C,YPR161C,0,1.201484,0.11587982624769211,0.05197305232286453,0.041361309587955475
YMR115W,YGR199W,0,1.2013774,0.11563169211149216,0.05197305232286453,0.041461702436208725
YLR007W,YAL005C,0,1.2002575,0.11538461595773697,0.05197305232286453,0.04156209155917168
YKR089C,YMR319C,0,1.1997136,0.11513859033584595,0.05197305232286453,0.04166248440742493
YGR214W,YML093W,0,1.1991398,0.11489361524581909,0.05197305232286453,0.04176287353038788
YHR016C,YFL034C-A,0,1.1977091,0.1146496832370758,0.05197305232286453,0.04186326637864113
YBR244W,YGR174C,0,1.1976714,0.1144067794084549,0.05197305232286453,0.04196365922689438
YGL127C,YAL016W,0,1.1973732,0.11416490375995636,0.05197305232286453,0.04206404834985733
YPL190C,YER115C,0,1.1971263,0.1139240488409996,0.05197305232286453,0.04216444119811058
YIL013C,YNL124W,0,1.1967754,0.11368420720100403,0.05197305232286453,0.04226483404636383
YKR025W,YOR145C,0,1.1967478,0.11344537883996964,0.05197305232286453,0.04236522316932678
YER145C,YER019C-A,0,1.1963491,0.11320754885673523,0.05197305232286453,0.04246561601758003
YER125W,YGL220W,0,1.196079,0.11297070980072021,0.05197305232286453,0.04256600886583328
YGL139W,YGL006W,1,1.1960666,0.11482254415750504,0.052935514599084854,0.04256600886583328
YJL100W,YLR181C,0,1.1960119,0.1145833358168602,0.052935514599084854,0.042666397988796234
YNL113W,YNL256W,0,1.1959882,0.11434511095285416,0.052935514599084854,0.042766790837049484
YKR099W,YDL106C,0,1.1957505,0.1141078844666481,0.052935514599084854,0.042867183685302734
YDL098C,YGL087C,0,1.1954325,0.11387163400650024,0.052935514599084854,0.042967572808265686
YBR085W,YOR035C,0,1.195423,0.11363636702299118,0.052935514599084854,0.043067965656518936
YDR164C,YPL207W,0,1.195421,0.11340206116437912,0.052935514599084854,0.04316835477948189
YGR023W,YPL010W,0,1.195271,0.11316872388124466,0.052935514599084854,0.04326874762773514
YPR175W,YCL035C,0,1.1950471,0.1129363477230072,0.052935514599084854,0.04336914047598839
YGL054C,YDR517W,0,1.1946728,0.11270491778850555,0.052935514599084854,0.04346952959895134
YNL315C,YJL210W,0,1.193672,0.11247443407773972,0.052935514599084854,0.04356992244720459
YDL022W,YLR332W,0,1.1935587,0.11224489659070969,0.052935514599084854,0.04367031529545784
YJL203W,YOR316C,0,1.1927586,0.11201629042625427,0.052935514599084854,0.04377070441842079
YKL080W,YCR010C,1,1.1923842,0.11382114142179489,0.053897980600595474,0.04377070441842079
YKL067W,YNL132W,0,1.1922505,0.11359026283025742,0.053897980600595474,0.04387109726667404
YKR099W,YGR145W,0,1.192107,0.11336032301187515,0.053897980600595474,0.04397149011492729
YDL045C,YIL033C,0,1.1918584,0.1131313145160675,0.053897980600595474,0.044071879237890244
YGR179C,YEL052W,0,1.191609,0.11290322244167328,0.053897980600595474,0.044172272086143494
YNR052C,YBR201W,0,1.1913395,0.11267605423927307,0.053897980600595474,0.044272664934396744
YPL001W,YPL241C,0,1.1910908,0.11244980245828629,0.053897980600595474,0.044373054057359695
YNR024W,YDR517W,0,1.1907868,0.11222445219755173,0.053897980600595474,0.044473446905612946
YDR163W,YKL145W,0,1.1907611,0.1120000034570694,0.053897980600595474,0.044573839753866196
YMR193W,YLR069C,0,1.190743,0.1117764487862587,0.053897980600595474,0.04467422887682915
YPL193W,YKL110C,0,1.1895003,0.11155378818511963,0.053897980600595474,0.0447746217250824
YER007C-A,YLL057C,0,1.1894635,0.111332006752491,0.053897980600595474,0.04487501084804535
YLR401C,YFL033C,0,1.1892692,0.1111111119389534,0.053897980600595474,0.0449754036962986
YKL176C,YJR047C,0,1.1887589,0.11089108884334564,0.053897980600595474,0.04507579654455185
YDR184C,YML075C,0,1.1884186,0.11067193746566772,0.053897980600595474,0.0451761856675148
YDR350C,YKL001C,0,1.1883298,0.11045365035533905,0.053897980600595474,0.04527657851576805
YKL148C,YOR210W,0,1.1882586,0.11023622006177902,0.053897980600595474,0.0453769713640213
YBR282W,YBL002W,0,1.1882557,0.11001964658498764,0.053897980600595474,0.04547736048698425
YKL166C,YLR239C,0,1.1880735,0.10980392247438431,0.053897980600595474,0.0455777533352375
YJL139C,YNR054C,0,1.1879866,0.10958904027938843,0.053897980600595474,0.04567814618349075
YKL096W,YDR450W,0,1.1876383,0.109375,0.053897980600595474,0.045778535306453705
YER157W,YNL148C,0,1.1874878,0.10916179418563843,0.053897980600595474,0.045878928154706955
YLR355C,YER073W,0,1.187093,0.10894941538572311,0.053897980600595474,0.045979321002960205
YDR064W,YKL146W,0,1.1867934,0.10873786360025406,0.053897980600595474,0.04607971012592316
YDR325W,YKR065C,0,1.1860952,0.10852713137865067,0.053897980600595474,0.04618010297417641
YFR009W,YJL116C,0,1.1858399,0.10831721127033234,0.053897980600595474,0.04628049209713936
YGL196W,YMR202W,0,1.1856881,0.10810811072587967,0.053897980600595474,0.04638088494539261
YGL144C,YLR058C,0,1.1854881,0.10789980739355087,0.053897980600595474,0.04648127779364586
YFR001W,YOR018W,0,1.1852058,0.10769230872392654,0.053897980600595474,0.04658166691660881
YKR057W,YLR220W,0,1.1851854,0.10748560726642609,0.053897980600595474,0.04668205976486206
YMR110C,YIL143C,0,1.1849443,0.1072796955704689,0.053897980600595474,0.04678245261311531
YPL140C,YKR054C,0,1.1848687,0.1070745661854744,0.053897980600595474,0.04688284173607826
YDL128W,YOL020W,1,1.1843189,0.10877862572669983,0.054860442876815796,0.04688284173607826
YLR388W,YIL168W,0,1.1838915,0.10857142508029938,0.054860442876815796,0.04698323458433151
YNR039C,YER100W,0,1.183524,0.1083650216460228,0.054860442876815796,0.04708362743258476
YNL044W,YHR056C,0,1.183499,0.1081593930721283,0.054860442876815796,0.047184016555547714
YOR253W,YGL237C,0,1.1833649,0.10795454680919647,0.054860442876815796,0.047284409403800964
YGR245C,YKL012W,0,1.1830549,0.10775047540664673,0.054860442876815796,0.047384802252054214
YDR006C,YER072W,0,1.1830125,0.10754717141389847,0.054860442876815796,0.047485191375017166
YKL051W,YBR189W,0,1.1819677,0.10734463483095169,0.054860442876815796,0.047585584223270416
YER087C-B,YML004C,0,1.1819453,0.1071428582072258,0.054860442876815796,0.047685977071523666
YDR058C,YBL002W,0,1.1819339,0.1069418415427208,0.054860442876815796,0.04778636619448662
YOR079C,YHL040C,1,1.1818731,0.1086142286658287,0.05582290515303612,0.04778636619448662
YPR112C,YDR294C,0,1.181606,0.10841121524572372,0.05582290515303612,0.04788675904273987
YJR103W,YLR372W,0,1.1811807,0.10820895433425903,0.05582290515303612,0.04798714816570282
YDR397C,YHR194W,0,1.1808636,0.10800744593143463,0.05582290515303612,0.04808754101395607
YDR287W,YNL281W,0,1.1808622,0.10780669003725052,0.05582290515303612,0.04818793386220932
YNL055C,YDL181W,0,1.18052,0.1076066792011261,0.05582290515303612,0.04828832298517227
YIL121W,YNL182C,0,1.1803614,0.10740740597248077,0.05582290515303612,0.04838871583342552
YDL091C,YNL124W,0,1.1802576,0.10720887035131454,0.05582290515303612,0.04848910868167877
YHR051W,YHL040C,1,1.1801506,0.10885608941316605,0.05678537115454674,0.04848910868167877
YHL011C,YDR178W,0,1.1800089,0.10865561664104462,0.05678537115454674,0.048589497804641724
YLR395C,YDR069C,1,1.1796358,0.11029411852359772,0.05774783343076706,0.048589497804641724
YOR371C,YDR213W,0,1.1795483,0.11009174585342407,0.05774783343076706,0.048689890652894974
YDR414C,YLR237W,1,1.1795145,0.11172161251306534,0.05871029943227768,0.048689890652894974
YMR296C,YOR110W,0,1.1788074,0.11151736974716187,0.05871029943227768,0.048790283501148224
YNR049C,YDR256C,0,1.178691,0.11131387203931808,0.05871029943227768,0.048890672624111176
YML065W,YPL079W,0,1.1786222,0.1111111119389534,0.05871029943227768,0.048991065472364426
YDL170W,YBR129C,0,1.1785839,0.11090908944606781,0.05871029943227768,0.049091458320617676
YNL047C,YNR067C,0,1.1775143,0.11070780456066132,0.05871029943227768,0.04919184744358063
YNR046W,YKL078W,0,1.1772834,0.11050724983215332,0.05871029943227768,0.04929224029183388
YOL115W,YBR287W,0,1.1771879,0.11030741780996323,0.05871029943227768,0.04939262941479683
YKL112W,YOL128C,0,1.1770661,0.11010830104351044,0.05871029943227768,0.04949302226305008
YOL060C,YDL243C,0,1.1768088,0.10990990698337555,0.05871029943227768,0.04959341511130333
YGR185C,YLR377C,0,1.1766874,0.10971222817897797,0.05871029943227768,0.04969380423426628
YOR271C,YPR060C,0,1.1761429,0.10951525717973709,0.05871029943227768,0.04979419708251953
YLR093C,YMR242C,0,1.1759868,0.10931899398565292,0.05871029943227768,0.04989458993077278
YDR469W,YNL297C,0,1.1757352,0.10912343114614487,0.05871029943227768,0.04999497905373573
YOR254C,YIL044C,0,1.1753229,0.10892856866121292,0.05871029943227768,0.05009537190198898
YIL159W,YLR389C,0,1.1752282,0.10873440653085709,0.05871029943227768,0.05019576475024223
YPL081W,YCR035C,0,1.1751497,0.10854092240333557,0.05871029943227768,0.050296153873205185
YCL017C,YGR229C,0,1.1748526,0.10834813863039017,0.05871029943227768,0.050396546721458435
YBR172C,YDR291W,0,1.1743071,0.10815602540969849,0.05871029943227768,0.050496939569711685
YDL170W,YNL016W,0,1.1739887,0.10796460509300232,0.05871029943227768,0.05059732869267464
YGL225W,YOR133W,0,1.1739565,0.10777384787797928,0.05871029943227768,0.05069772154092789
YGR020C,YMR215W,0,1.173847,0.10758377611637115,0.05871029943227768,0.05079811438918114
YPL151C,YDR207C,0,1.1733118,0.10739436745643616,0.05871029943227768,0.05089850351214409
YDR298C,YGL080W,1,1.173048,0.10896309465169907,0.059672761708498,0.05089850351214409
YLR102C,YDR365C,0,1.1728995,0.1087719276547432,0.059672761708498,0.05099889636039734
YLR406C,YDL174C,0,1.1727457,0.10858143866062164,0.059672761708498,0.05109928548336029
YKL022C,YNR049C,0,1.1723087,0.10839160531759262,0.059672761708498,0.05119967833161354
YML021C,YJR032W,0,1.1722369,0.10820244252681732,0.059672761708498,0.05130007117986679
YKL120W,YDR456W,1,1.1722233,0.10975609719753265,0.06063522771000862,0.05130007117986679
YPL079W,YPR017C,0,1.172174,0.10956522077322006,0.06063522771000862,0.05140046030282974
YPR125W,YLR038C,1,1.171957,0.1111111119389534,0.06159768998622894,0.05140046030282974
YHR008C,YMR040W,0,1.1718216,0.1109185442328453,0.06159768998622894,0.05150085315108299
YBR054W,YPL256C,0,1.1715143,0.11072664707899094,0.06159768998622894,0.05160124599933624
YOR359W,YIR021W,0,1.1715124,0.1105354055762291,0.06159768998622894,0.051701635122299194
YPR103W,YKL029C,0,1.171452,0.11034482717514038,0.06159768998622894,0.051802027970552444
YDR043C,YKL209C,0,1.171392,0.1101549044251442,0.06159768998622894,0.051902420818805695
YDR303C,YDR519W,0,1.1713159,0.10996563732624054,0.06159768998622894,0.052002809941768646
YPL084W,YGR030C,0,1.1711698,0.10977701842784882,0.06159768998622894,0.052103202790021896
YDL010W,YLR056W,0,1.1711483,0.10958904027938843,0.06159768998622894,0.052203595638275146
YKL175W,YOL111C,0,1.1705136,0.10940171033143997,0.06159768998622894,0.0523039847612381
YNR039C,YDL128W,1,1.1704664,0.11092150211334229,0.06256015598773956,0.0523039847612381
YFR053C,YJR133W,0,1.1704106,0.1107325404882431,0.06256015598773956,0.05240437760949135
YDL081C,YKL193C,0,1.1703963,0.11054421961307526,0.06256015598773956,0.0525047704577446
YOR091W,YKR092C,0,1.1703013,0.11035653948783875,0.06256015598773956,0.05260515958070755
YDR399W,YOL010W,0,1.1702801,0.11016949266195297,0.06256015598773956,0.0527055524289608
YPL145C,YLR350W,0,1.170146,0.10998307913541794,0.06256015598773956,0.05280594155192375
YPL147W,YOR020C,0,1.1700382,0.10979729890823364,0.06256015598773956,0.052906334400177
YLR359W,YIL065C,0,1.1696333,0.10961214452981949,0.06256015598773956,0.05300672724843025
YGR285C,YML004C,0,1.1691375,0.10942760854959488,0.06256015598773956,0.053107116371393204
YOL009C,YDL052C,0,1.1691082,0.10924369841814041,0.06256015598773956,0.053207509219646454
YOL091W,YDR129C,0,1.1690354,0.10906039923429489,0.06256015598773956,0.053307902067899704
YML023C,YLR027C,0,1.1687565,0.10887771844863892,0.06256015598773956,0.053408291190862656
YOR250C,YMR260C,0,1.1687431,0.10869564861059189,0.06256015598773956,0.053508684039115906
YHR166C,YGR254W,0,1.1684725,0.10851418972015381,0.06256015598773956,0.053609076887369156
YGR081C,YDL191W,0,1.1683223,0.10833333432674408,0.06256015598773956,0.05370946601033211
YGR074W,YOR081C,0,1.1682734,0.1081530749797821,0.06256015598773956,0.05380985885858536
YLR044C,YKL082C,0,1.1681296,0.10797341912984848,0.06256015598773956,0.05391025170683861
YKL141W,YMR091C,0,1.1678717,0.10779435932636261,0.06256015598773956,0.05401064082980156
YLR300W,YDL047W,0,1.1676606,0.1076158955693245,0.06256015598773956,0.05411103367805481
YMR182C,YBR290W,0,1.1676465,0.10743801295757294,0.06256015598773956,0.05421142280101776
YFR040W,YJL133W,1,1.167616,0.10891088843345642,0.06352261453866959,0.05421142280101776
YML116W,YDR414C,1,1.1669202,0.11037891358137131,0.0644850805401802,0.05421142280101776
YDL122W,YEL044W,0,1.1667573,0.11019736528396606,0.0644850805401802,0.05431181564927101
YAL060W,YDL079C,0,1.1664639,0.11001642048358917,0.0644850805401802,0.05441220849752426
YLR449W,YLL026W,0,1.1663976,0.10983606427907944,0.0644850805401802,0.05451259762048721
YBL045C,YJL198W,1,1.166363,0.11129296571016312,0.06544754654169083,0.05451259762048721
YMR116C,YER021W,0,1.1663549,0.1111111119389534,0.06544754654169083,0.05461299046874046
YLR260W,YDL222C,0,1.1661786,0.11092985421419144,0.06544754654169083,0.05471338331699371
YBR072W,YFR030W,0,1.1661555,0.11074918508529663,0.06544754654169083,0.054813772439956665
YDR108W,YLR131C,0,1.1660933,0.11056910455226898,0.06544754654169083,0.054914165288209915
YML064C,YHR211W,0,1.1658993,0.11038961261510849,0.06544754654169083,0.055014558136463165
YPR010C,YHR004C,0,1.165643,0.11021069437265396,0.06544754654169083,0.05511494725942612
YOR162C,YER018C,0,1.1655109,0.11003236472606659,0.06544754654169083,0.05521534010767937
YNL093W,YJR070C,0,1.1651125,0.10985460132360458,0.06544754654169083,0.05531573295593262
YDR045C,YJR152W,0,1.1646829,0.10967741906642914,0.06544754654169083,0.05541612207889557
YER052C,YOR267C,0,1.1645762,0.10950080305337906,0.06544754654169083,0.05551651492714882
YNR010W,YHR205W,0,1.164346,0.10932476073503494,0.06544754654169083,0.05561690777540207
YGR221C,YGR253C,0,1.164282,0.1091492772102356,0.06544754654169083,0.05571729689836502
YBR145W,YLL033W,0,1.1641304,0.10897435992956161,0.06544754654169083,0.05581768974661827
YIL047C,YNL051W,0,1.1637852,0.1088000014424324,0.06544754654169083,0.05591807886958122
YDR322C-A,YGR243W,1,1.1633286,0.11022364348173141,0.06641001254320145,0.05591807886958122
YML038C,YER169W,0,1.1627424,0.110047847032547,0.06641001254320145,0.05601847171783447
YDR534C,YBR294W,1,1.1626604,0.1114649698138237,0.06737247109413147,0.05601847171783447
YLL041C,YNL294C,0,1.1624982,0.11128775775432587,0.06737247109413147,0.05611886456608772
YIL050W,YDR438W,0,1.1623495,0.1111111119389534,0.06737247109413147,0.056219253689050674
YDL239C,YPL006W,0,1.1622745,0.1109350249171257,0.06737247109413147,0.056319646537303925
YJR073C,YBR112C,0,1.1619735,0.11075949668884277,0.06737247109413147,0.056420039385557175
YOL126C,YER052C,0,1.1619437,0.11058451980352402,0.06737247109413147,0.056520428508520126
YER139C,YJL078C,0,1.1618589,0.11041009426116943,0.06737247109413147,0.056620821356773376
YGL169W,YLR452C,0,1.1615672,0.11023622006177902,0.06737247109413147,0.05672121420502663
YBR181C,YOR035C,0,1.1611619,0.11006288975477219,0.06737247109413147,0.05682160332798958
YFR033C,YML038C,1,1.1611146,0.11145997047424316,0.06833493709564209,0.05682160332798958
YLR093C,YAR014C,0,1.1611016,0.1112852692604065,0.06833493709564209,0.05692199617624283
YJR123W,YJL020C,0,1.1610551,0.1111111119389534,0.06833493709564209,0.05702238902449608
YNL315C,YOL033W,0,1.1610093,0.11093749850988388,0.06833493709564209,0.05712277814745903
YDR039C,YJL029C,0,1.1606305,0.11076442897319794,0.06833493709564209,0.05722317099571228
YLR043C,YKL192C,0,1.1605437,0.11059190332889557,0.06833493709564209,0.05732356011867523
YGR183C,YLR220W,1,1.1601592,0.11197511851787567,0.06929740309715271,0.05732356011867523
YHR133C,YPL001W,0,1.1598132,0.11180124431848526,0.06929740309715271,0.05742395296692848
YHL034C,YLR228C,0,1.159756,0.11162790656089783,0.06929740309715271,0.05752434581518173
YKL110C,YIL042C,0,1.159509,0.11145510524511337,0.06929740309715271,0.057624734938144684
YOR187W,YDR435C,0,1.1593041,0.1112828403711319,0.06929740309715271,0.057725127786397934
YHR063C,YDR030C,0,1.1591666,0.1111111119389534,0.06929740309715271,0.057825520634651184
YCR005C,YMR215W,0,1.1587484,0.11093990504741669,0.06929740309715271,0.057925909757614136
YLR185W,YNL321W,0,1.158683,0.11076922714710236,0.06929740309715271,0.058026302605867386
YOR313C,YGL071W,0,1.1584058,0.1105990782380104,0.06929740309715271,0.058126695454120636
YDL147W,YLR295C,0,1.1582763,0.11042945086956024,0.06929740309715271,0.05822708457708359
YNL116W,YGR214W,0,1.1576989,0.11026033759117126,0.06929740309715271,0.05832747742533684
YGL150C,YDR461W,0,1.1576928,0.11009174585342407,0.06929740309715271,0.05842787027359009
YBR014C,YDR276C,0,1.1576169,0.10992366075515747,0.06929740309715271,0.05852825939655304
YOL054W,YGL126W,0,1.1572862,0.10975609719753265,0.06929740309715271,0.05862865224480629
YKR101W,YDR513W,0,1.1572055,0.10958904027938843,0.06929740309715271,0.05872904509305954
YIL041W,YLR361C,0,1.1571143,0.10942249000072479,0.06929740309715271,0.05882943421602249
YPL011C,YML056C,0,1.1570888,0.10925644636154175,0.06929740309715271,0.05892982706427574
YPR082C,YGL083W,0,1.1567823,0.1090909093618393,0.06929740309715271,0.05903021618723869
YAL024C,YEL039C,0,1.1567377,0.10892587155103683,0.06929740309715271,0.05913060903549194
YLR256W,YDL230W,0,1.1566339,0.10876133292913437,0.06929740309715271,0.059231001883745193
YLR251W,YNR023W,0,1.1561306,0.1085972860455513,0.06929740309715271,0.059331391006708145
YNL267W,YML025C,0,1.15606,0.10843373835086823,0.06929740309715271,0.059431783854961395
YAL007C,YPL120W,0,1.1560135,0.10827067494392395,0.06929740309715271,0.059532176703214645
YIR033W,YJL024C,0,1.155879,0.10810811072587967,0.06929740309715271,0.0596325658261776
YFL050C,YHR175W,1,1.155811,0.10944527387619019,0.07025986164808273,0.0596325658261776
YIL009W,YBR073W,0,1.1557391,0.10928143560886383,0.07025986164808273,0.05973295867443085
YHR191C,YLR378C,0,1.1556236,0.10911808907985687,0.07025986164808273,0.0598333515226841
YNL037C,YOL060C,0,1.1554968,0.10895522683858871,0.07025986164808273,0.05993374064564705
YPL181W,YNL283C,0,1.1554639,0.10879284888505936,0.07025986164808273,0.0600341334939003
YFL057C,YJL176C,0,1.1549544,0.1086309552192688,0.07025986164808273,0.06013452634215355
YLR035C,YBL002W,0,1.1548896,0.10846953839063644,0.07025986164808273,0.0602349154651165
YOR142W,YER007C-A,0,1.1545155,0.10830860584974289,0.07025986164808273,0.06033530831336975
YJL191W,YIL154C,0,1.1545098,0.10814815014600754,0.07025986164808273,0.0604356974363327
YGL236C,YLR016C,0,1.1541991,0.10798816382884979,0.07025986164808273,0.06053609028458595
YCR065W,YGR142W,0,1.1532366,0.10782865434885025,0.07025986164808273,0.0606364831328392
YGR052W,YML128C,0,1.1528854,0.10766961425542831,0.07025986164808273,0.060736872255802155
YDL153C,YLR133W,0,1.1528225,0.10751104354858398,0.07025986164808273,0.060837265104055405
YGR199W,YKR049C,0,1.1522708,0.10735294222831726,0.07025986164808273,0.060937657952308655
YBR161W,YOR323C,0,1.1521331,0.10719530284404755,0.07025986164808273,0.061038047075271606
YML130C,YIL129C,0,1.1515374,0.10703812539577484,0.07025986164808273,0.06113843992352486
YDR204W,YKR049C,0,1.151461,0.10688140243291855,0.07025986164808273,0.06123883277177811
YIL098C,YNL066W,0,1.1512628,0.10672514885663986,0.07025986164808273,0.06133922189474106
YKL189W,YOR335C,0,1.1509382,0.10656934231519699,0.07025986164808273,0.06143961474299431
YDR369C,YER165W,0,1.150852,0.10641399770975113,0.07025986164808273,0.06154000759124756
YOR330C,YHR193C,0,1.1508074,0.10625910013914108,0.07025986164808273,0.06164039671421051
YKR092C,YMR097C,0,1.1506604,0.10610464960336685,0.07025986164808273,0.06174078956246376
YPL129W,YFL014W,0,1.1504605,0.10595065355300903,0.07025986164808273,0.06184118241071701
YDR468C,YPR185W,0,1.1504458,0.10579710453748703,0.07025986164808273,0.06194157153367996
YPL087W,YMR039C,0,1.1502442,0.10564399510622025,0.07025986164808273,0.06204196438193321
YKL112W,YGR258C,0,1.1502082,0.10549133270978928,0.07025986164808273,0.062142353504896164
YNR036C,YHL028W,0,1.1501231,0.10533910244703293,0.07025986164808273,0.062242746353149414
YDR153C,YGR098C,0,1.1496964,0.1051873192191124,0.07025986164808273,0.062343139201402664
YDL193W,YJR048W,0,1.1495028,0.10503596812486649,0.07025986164808273,0.062443528324365616
YHR029C,YGL055W,0,1.1493421,0.1048850566148758,0.07025986164808273,0.06254392117261887
YHR096C,YJL214W,1,1.1493111,0.10616929829120636,0.07122232764959335,0.06254392117261887
YBR275C,YCL035C,0,1.1489064,0.10601719468832016,0.07122232764959335,0.06264431029558182
YKL180W,YMR288W,0,1.1486835,0.10586552321910858,0.07122232764959335,0.06274470686912537
YBR171W,YPL241C,0,1.1484343,0.10571428388357162,0.07122232764959335,0.06284509599208832
YCR011C,YGL169W,0,1.1482991,0.10556348413228989,0.07122232764959335,0.06294548511505127
YIR038C,YGL099W,0,1.1482246,0.10541310906410217,0.07122232764959335,0.06304588168859482
YGL226C-A,YPL005W,0,1.1477313,0.10526315867900848,0.07122232764959335,0.06314627081155777
YDL123W,YGL105W,0,1.1476531,0.10511363297700882,0.07122232764959335,0.06324665993452072
YOR084W,YDR037W,0,1.1473432,0.10496453940868378,0.07122232764959335,0.06334705650806427
YPR120C,YML028W,0,1.1472929,0.10481586307287216,0.07122232764959335,0.06344744563102722
YGL148W,YER179W,0,1.1472585,0.10466761142015457,0.07122232764959335,0.06354783475399017
YDR204W,YDR408C,0,1.1468822,0.10451977699995041,0.07122232764959335,0.06364823132753372
YOR065W,YIL107C,0,1.1466875,0.10437235236167908,0.07122232764959335,0.06374862045049667
YOL012C,YML128C,0,1.1466538,0.10422535240650177,0.07122232764959335,0.06384900957345963
YLR151C,YMR029C,0,1.1465588,0.1040787622332573,0.07122232764959335,0.06394940614700317
YNL065W,YGR180C,0,1.146396,0.10393258184194565,0.07122232764959335,0.06404979526996613
YLR249W,YMR241W,0,1.1461623,0.10378681868314743,0.07122232764959335,0.06415018439292908
YLR355C,YDR019C,0,1.1461204,0.10364145785570145,0.07122232764959335,0.06425058096647263
YOR095C,YHR138C,0,1.1456997,0.1034965068101883,0.07122232764959335,0.06435097008943558
YNL138W,YLR376C,0,1.1456575,0.10335195809602737,0.07122232764959335,0.06445135921239853
YDR292C,YKL055C,0,1.1449366,0.10320781171321869,0.07122232764959335,0.06455174833536148
YOL052C-A,YHR141C,0,1.1447041,0.10306406766176224,0.07122232764959335,0.06465214490890503
YKL129C,YNL299W,0,1.1446536,0.10292072594165802,0.07122232764959335,0.06475253403186798
YFR031C,YDR206W,0,1.1442485,0.10277777910232544,0.07122232764959335,0.06485292315483093
YHR065C,YIR028W,0,1.1442208,0.1026352271437645,0.07122232764959335,0.06495331972837448
YOL116W,YNL079C,0,1.144093,0.10249307751655579,0.07122232764959335,0.06505370885133743
YKL084W,YBR167C,0,1.1434462,0.10235131531953812,0.07122232764959335,0.06515409797430038
YOL013C,YLR009W,0,1.1426187,0.10220994800329208,0.07122232764959335,0.06525449454784393
YAL033W,YJR099W,0,1.1424841,0.10206896811723709,0.07122232764959335,0.06535488367080688
YDR529C,YNR002C,1,1.1424152,0.10330578684806824,0.07218479365110397,0.06535488367080688
YKL125W,YLR083C,0,1.1419415,0.1031636893749237,0.07218479365110397,0.06545527279376984
YOR117W,YER011W,0,1.141911,0.10302197933197021,0.07218479365110397,0.06555566936731339
YJR138W,YLR435W,0,1.1417423,0.10288065671920776,0.07218479365110397,0.06565605849027634
YEL036C,YEL062W,0,1.141578,0.10273972898721695,0.07218479365110397,0.06575644761323929
YKL176C,YOR293W,0,1.1415063,0.10259918123483658,0.07218479365110397,0.06585684418678284
YOR136W,YGL012W,0,1.14132,0.10245901346206665,0.07218479365110397,0.06595723330974579
YOR030W,YKL006W,0,1.1413107,0.10231923311948776,0.07218479365110397,0.06605762243270874
YLR023C,YBR162W-A,0,1.14065,0.10217984020709991,0.07218479365110397,0.06615801900625229
YOR297C,YBR005W,0,1.1404971,0.10204081982374191,0.07218479365110397,0.06625840812921524
YBR132C,YOL020W,1,1.1401794,0.10326086729764938,0.0731472596526146,0.06625840812921524
YER032W,YPR025C,0,1.1398797,0.10312075912952423,0.0731472596526146,0.06635879725217819
YKR079C,YPL135W,0,1.1390378,0.10298103094100952,0.0731472596526146,0.06645919382572174
YHR134W,YHR143W-A,0,1.1388624,0.10284167528152466,0.0731472596526146,0.06655958294868469
YKL058W,YMR232W,0,1.1388531,0.10270269960165024,0.0731472596526146,0.06665997207164764
YJL123C,YLR247C,0,1.1387557,0.10256410390138626,0.0731472596526146,0.06676036864519119
YEL055C,YPR035W,0,1.1387255,0.10242587327957153,0.0731472596526146,0.06686075776815414
YJL117W,YOR273C,1,1.137926,0.10363391786813736,0.07410971820354462,0.06686075776815414
YJL026W,YNL238W,0,1.1379079,0.10349462181329727,0.07410971820354462,0.0669611468911171
YJL174W,YOL137W,0,1.137732,0.10335570573806763,0.07410971820354462,0.06706154346466064
YML081C-A,YGR243W,1,1.1376328,0.10455764085054398,0.07507218420505524,0.06706154346466064
YOR357C,YPL196W,0,1.1375966,0.10441767424345016,0.07507218420505524,0.0671619325876236
YDR489W,YGL094C,0,1.1375648,0.1042780727148056,0.07507218420505524,0.06726232171058655
YKL081W,YDR067C,0,1.1375494,0.10413885116577148,0.07507218420505524,0.0673627182841301
YPL188W,YKR089C,0,1.1372546,0.10400000214576721,0.07507218420505524,0.06746310740709305
YDR343C,YDL067C,1,1.1367564,0.10519307851791382,0.07603465020656586,0.06746310740709305
YLR329W,YKL196C,0,1.1366789,0.10505319386720657,0.07603465020656586,0.067563496530056
YOL010W,YBR162C,0,1.1364492,0.10491368174552917,0.07603465020656586,0.06766388565301895
YBR290W,YDR180W,0,1.1361369,0.10477453470230103,0.07603465020656586,0.0677642822265625
YBR169C,YJL004C,0,1.1358621,0.10463576018810272,0.07603465020656586,0.06786467134952545
YCL054W,YBR172C,0,1.1355848,0.10449735820293427,0.07603465020656586,0.0679650604724884
YBL099W,YOR384W,1,1.1354122,0.10568031668663025,0.07699711620807648,0.0679650604724884
YJL176C,YLR009W,0,1.1347377,0.10554089397192001,0.07699711620807648,0.06806545704603195
YBR210W,YGL070C,0,1.1346538,0.10540184378623962,0.07699711620807648,0.0681658461689949
YML031W,YKL175W,0,1.1346309,0.10526315867900848,0.07699711620807648,0.06826623529195786
YEL026W,YOR209C,0,1.1339009,0.10512483865022659,0.07699711620807648,0.0683666318655014
YHR134W,YKL163W,0,1.1337044,0.10498687624931335,0.07699711620807648,0.06846702098846436
YBR203W,YNL111C,0,1.1336937,0.10484927892684937,0.07699711620807648,0.06856741011142731
YIL041W,YBL050W,0,1.1336793,0.10471203923225403,0.07699711620807648,0.06866780668497086
YOR004W,YGR133W,0,1.1335258,0.10457516461610794,0.07699711620807648,0.06876819580793381
YBL038W,YGL187C,0,1.1332601,0.10443864017724991,0.07699711620807648,0.06886858493089676
YHR082C,YLR103C,0,1.1332438,0.10430248081684113,0.07699711620807648,0.06896898150444031
YML022W,YIL120W,0,1.1330997,0.1041666641831398,0.07699711620807648,0.06906937062740326
YPL171C,YLR242C,0,1.1327287,0.10403121262788773,0.07699711620807648,0.06916975975036621
YDR221W,YPR138C,0,1.1321819,0.10389610379934311,0.07699711620807648,0.06927015632390976
YLR259C,YPR140W,0,1.1321787,0.10376135259866714,0.07699711620807648,0.06937054544687271
YHR149C,YOL060C,0,1.132144,0.10362694412469864,0.07699711620807648,0.06947093456983566
YGR177C,YGL037C,0,1.1321412,0.10349288582801819,0.07699711620807648,0.06957133114337921
YER055C,YOR234C,0,1.1320229,0.1033591702580452,0.07699711620807648,0.06967172026634216
YDR324C,YMR194W,0,1.1319792,0.10322580486536026,0.07699711620807648,0.06977210938930511
YGR023W,YJR064W,0,1.1317147,0.10309278219938278,0.07699711620807648,0.06987250596284866
YDL081C,YLR270W,0,1.1314492,0.10296010226011276,0.07699711620807648,0.06997289508581161
YBR004C,YLR315W,0,1.130948,0.1028277650475502,0.07699711620807648,0.07007328420877457
YDR267C,YCR068W,0,1.1308463,0.1026957631111145,0.07699711620807648,0.07017368078231812
YOR205C,YPL037C,0,1.1305537,0.10256410390138626,0.07699711620807648,0.07027406990528107
YKL113C,YML061C,0,1.1300774,0.10243277996778488,0.07699711620807648,0.07037445902824402
YNL180C,YGR180C,0,1.1299065,0.10230179131031036,0.07699711620807648,0.07047485560178757
YKL209C,YPL032C,0,1.1298187,0.10217113792896271,0.07699711620807648,0.07057524472475052
YLL042C,YPL084W,0,1.1295285,0.10204081982374191,0.07699711620807648,0.07067563384771347
YJL053W,YDR144C,0,1.1295058,0.10191082954406738,0.07699711620807648,0.07077602297067642
YLR406C,YMR030W,0,1.1292536,0.10178116708993912,0.07699711620807648,0.07087641954421997
YNL130C,YOR360C,0,1.1291947,0.10165183991193771,0.07699711620807648,0.07097680866718292
YOR054C,YPR104C,0,1.128995,0.10152284055948257,0.07699711620807648,0.07107719779014587
YGR020C,YBL008W,0,1.1289744,0.1013941690325737,0.07699711620807648,0.07117759436368942
YNL125C,YGL049C,0,1.1288915,0.10126582533121109,0.07699711620807648,0.07127798348665237
YMR323W,YDR365C,0,1.1288419,0.10113780200481415,0.07699711620807648,0.07137837260961533
YER019C-A,YML032C,0,1.1287863,0.10101009905338287,0.07699711620807648,0.07147876918315887
YNL138W,YOR064C,0,1.1287055,0.10088272392749786,0.07699711620807648,0.07157915830612183
YDL049C,YNL153C,0,1.1286583,0.10075566917657852,0.07699711620807648,0.07167954742908478
YIR011C,YCR065W,0,1.1286063,0.10062892735004425,0.07699711620807648,0.07177994400262833
YLR452C,YJL024C,0,1.1285491,0.10050251334905624,0.07699711620807648,0.07188033312559128
YHR026W,YLR367W,0,1.1283576,0.10037641227245331,0.07699711620807648,0.07198072224855423
YLR174W,YKR085C,0,1.1283456,0.10025062412023544,0.07699711620807648,0.07208111882209778
YDR108W,YOR028C,0,1.1281408,0.10012515634298325,0.07699711620807648,0.07218150794506073
YDR304C,YNL202W,0,1.1278684,0.10000000149011612,0.07699711620807648,0.07228189706802368
YPR094W,YOR193W,0,1.1273711,0.09987515956163406,0.07699711620807648,0.07238229364156723
YLR153C,YER041W,0,1.1272599,0.09975062310695648,0.07699711620807648,0.07248268276453018
YOL010W,YMR154C,0,1.1272343,0.09962639957666397,0.07699711620807648,0.07258307188749313
YGL004C,YJL042W,0,1.1272141,0.09950248897075653,0.07699711620807648,0.07268346846103668
YMR030W,YER006W,0,1.1269649,0.09937888383865356,0.07699711620807648,0.07278385758399963
YFL033C,YBR130C,0,1.1268277,0.09925558418035507,0.07699711620807648,0.07288424670696259
YNL327W,YOR103C,0,1.1267906,0.09913258999586105,0.07699711620807648,0.07298464328050613
YKL120W,YOR222W,1,1.1266835,0.10024752467870712,0.0779595747590065,0.07298464328050613
YKL085W,YGR007W,0,1.1263616,0.10012360662221909,0.0779595747590065,0.07308503240346909
YLR081W,YCR005C,0,1.1263226,0.10000000149011612,0.0779595747590065,0.07318542152643204
YNL312W,YPL262W,0,1.1262698,0.09987669438123703,0.0779595747590065,0.07328581809997559
YOR250C,YEL044W,0,1.1259793,0.09975369274616241,0.0779595747590065,0.07338620722293854
YHR019C,YGL076C,0,1.1259001,0.09963099658489227,0.0779595747590065,0.07348659634590149
YMR182C,YJL192C,0,1.1258838,0.09950859844684601,0.0779595747590065,0.07358699291944504
YGR070W,YMR059W,0,1.125819,0.09938650578260422,0.0779595747590065,0.07368738204240799
YGL127C,YER004W,0,1.1252718,0.0992647036910057,0.0779595747590065,0.07378777116537094
YKL217W,YGR055W,1,1.1251714,0.10036719590425491,0.07892204076051712,0.07378777116537094
YGR138C,YCR065W,0,1.1250501,0.10024449974298477,0.07892204076051712,0.07388816028833389
YEL062W,YLR341W,0,1.1250398,0.10012210160493851,0.07892204076051712,0.07398855686187744
YBR207W,YGL191W,1,1.1249876,0.10121951252222061,0.07988450676202774,0.07398855686187744
YOR017W,YFL023W,0,1.1249712,0.10109622776508331,0.07988450676202774,0.0740889459848404
YAL040C,YER019W,0,1.124918,0.1009732335805893,0.07988450676202774,0.07418933510780334
YLR355C,YKR071C,0,1.1247867,0.10085054486989975,0.07988450676202774,0.0742897316813469
YNL275W,YDR331W,0,1.1247313,0.10072815418243408,0.07988450676202774,0.07439012080430984
YHR002W,YMR242C,0,1.1246495,0.10060606151819229,0.07988450676202774,0.0744905099272728
YLR324W,YOR210W,0,1.1245657,0.10048425942659378,0.07988450676202774,0.07459090650081635
YBR202W,YBR002C,0,1.1244664,0.10036275535821915,0.07988450676202774,0.0746912956237793
YHR175W,YCL008C,1,1.1244661,0.10144927352666855,0.08084696531295776,0.0746912956237793
YNL002C,YLR417W,0,1.1242806,0.10132689774036407,0.08084696531295776,0.07479168474674225
YER165W,YNL243W,0,1.1241806,0.10120481997728348,0.08084696531295776,0.0748920813202858
YGL064C,YBR077C,0,1.124176,0.10108303278684616,0.08084696531295776,0.07499247044324875
YOR078W,YML061C,0,1.1241684,0.10096153616905212,0.08084696531295776,0.0750928595662117
YGR199W,YGR214W,0,1.1238304,0.10084033757448196,0.08084696531295776,0.07519325613975525
YDR378C,YOL126C,0,1.1238233,0.10071942210197449,0.08084696531295776,0.0752936452627182
YLR229C,YDL225W,0,1.1238155,0.10059880465269089,0.08084696531295776,0.07539403438568115
YML001W,YGR027C,0,1.1236188,0.10047847032546997,0.08084696531295776,0.0754944309592247
YHR133C,YPR002W,0,1.1235838,0.10035842657089233,0.08084696531295776,0.07559482008218765
YDL247W,YOR382W,1,1.1228054,0.10143198072910309,0.08180943131446838,0.07559482008218765
YKR060W,YJR044C,0,1.1227261,0.1013110876083374,0.08180943131446838,0.0756952092051506
YKL069W,YDR237W,0,1.1223993,0.1011904776096344,0.08180943131446838,0.07579560577869415
YGR070W,YKR056W,0,1.1223321,0.10107015818357468,0.08180943131446838,0.0758959949016571
YDR079W,YBR005W,0,1.1223195,0.10095012187957764,0.08180943131446838,0.07599638402462006
YHL021C,YHR005C-A,0,1.1218357,0.10083036869764328,0.08180943131446838,0.0760967805981636
YNL219C,YHR083W,0,1.1216377,0.1007108986377716,0.08180943131446838,0.07619716972112656
YLR118C,YGL049C,0,1.1215804,0.10059171915054321,0.08180943131446838,0.07629755884408951
YPR020W,YGL071W,1,1.1214614,0.10165484994649887,0.082771897315979,0.07629755884408951
YOR126C,YPR037C,0,1.1214406,0.10153482854366302,0.082771897315979,0.07639795541763306
YIR011C,YPL129W,0,1.1211114,0.10141509771347046,0.082771897315979,0.07649834454059601
YOR383C,YLR452C,0,1.1210948,0.10129564255475998,0.082771897315979,0.07659873366355896
YBL045C,YBR014C,0,1.1209283,0.10117647051811218,0.082771897315979,0.07669913023710251
YGR083C,YFL014W,0,1.1208305,0.10105758160352707,0.082771897315979,0.07679951936006546
YDL047W,YMR131C,0,1.1203636,0.10093896836042404,0.082771897315979,0.07689990848302841
YIL148W,YER040W,0,1.1202829,0.1008206307888031,0.082771897315979,0.07700029760599136
YNL009W,YOR264W,0,1.1201135,0.10070257633924484,0.082771897315979,0.07710069417953491
YOR054C,YNR039C,0,1.1201055,0.10058479756116867,0.082771897315979,0.07720108330249786
YAL040C,YGL216W,0,1.1200743,0.10046728700399399,0.082771897315979,0.07730147242546082
YNL300W,YBR150C,0,1.1200448,0.10035005956888199,0.082771897315979,0.07740186899900436
YFL011W,YLR047C,1,1.1199051,0.10139860212802887,0.08373436331748962,0.07740186899900436
YLR083C,YDR536W,1,1.1198215,0.10244470089673996,0.08469682186841965,0.07740186899900436
YIL007C,YKL045W,0,1.1197528,0.10232558101415634,0.08469682186841965,0.07750225812196732
YJR041C,YDR449C,0,1.119663,0.10220673680305481,0.08469682186841965,0.07760264724493027
YGL257C,YLR336C,0,1.1195698,0.10208816826343536,0.08469682186841965,0.07770304381847382
YOR145C,YFL025C,0,1.119348,0.101969875395298,0.08469682186841965,0.07780343294143677
YKL078W,YLL052C,0,1.1190906,0.10185185074806213,0.08469682186841965,0.07790382206439972
YOR158W,YGL244W,0,1.1188097,0.10173410177230835,0.08469682186841965,0.07800421863794327
YMR011W,YHR039C-A,1,1.1188064,0.10277136415243149,0.08565928786993027,0.07800421863794327
YNR019W,YLR348C,0,1.1187844,0.10265282541513443,0.08565928786993027,0.07810460776090622
YOR138C,YNL063W,0,1.1187086,0.10253456234931946,0.08565928786993027,0.07820499688386917
YIL009W,YLR320W,0,1.118623,0.10241656750440598,0.08565928786993027,0.07830539345741272
YJL172W,YPL224C,0,1.1186163,0.10229884833097458,0.08565928786993027,0.07840578258037567
YLR251W,YDR176W,0,1.1184964,0.10218139737844467,0.08565928786993027,0.07850617170333862
YKR093W,YPR083W,0,1.1183523,0.10206422209739685,0.08565928786993027,0.07860656827688217
YOR113W,YMR011W,0,1.1181347,0.10194730758666992,0.08565928786993027,0.07870695739984512
YHR124W,YBL042C,0,1.1180966,0.10183066129684448,0.08565928786993027,0.07880734652280807
YMR104C,YMR029C,0,1.1176262,0.10171428322792053,0.08565928786993027,0.07890774309635162
YGL006W,YGR074W,0,1.1175679,0.10159817337989807,0.08565928786993027,0.07900813221931458
YNL075W,YDR202C,0,1.1175377,0.1014823243021965,0.08565928786993027,0.07910852134227753
YKL053C-A,YFL017W-A,0,1.1174935,0.10136674344539642,0.08565928786993027,0.07920891791582108
YGL255W,YNL291C,1,1.1173847,0.10238907486200333,0.08662175387144089,0.07920891791582108
YJR040W,YMR056C,1,1.1164485,0.10340908914804459,0.08758421242237091,0.07920891791582108
YJR067C,YIL119C,0,1.1161482,0.10329171270132065,0.08758421242237091,0.07930930703878403
YOR071C,YMR056C,1,1.1159449,0.10430838912725449,0.08854667842388153,0.07930930703878403
YPR020W,YDR382W,0,1.1157892,0.10419026017189026,0.08854667842388153,0.07940969616174698
YMR092C,YPR079W,0,1.1156346,0.10407239943742752,0.08854667842388153,0.07951009273529053
YGR275W,YER022W,0,1.1155121,0.10395479947328568,0.08854667842388153,0.07961048185825348
YGL073W,YMR199W,0,1.1153268,0.10383747518062592,0.08854667842388153,0.07971087098121643
YGR177C,YHR110W,0,1.1152649,0.10372040420770645,0.08854667842388153,0.07981126755475998
YER154W,YHR057C,0,1.1151384,0.10360360145568848,0.08854667842388153,0.07991165667772293
YGR081C,YGR145W,0,1.1146643,0.10348706692457199,0.08854667842388153,0.08001204580068588
YJR014W,YOR115C,0,1.1144693,0.1033707857131958,0.08854667842388153,0.08011243492364883
YCR038C,YIL110W,0,1.1141516,0.1032547727227211,0.08854667842388153,0.08021283149719238
YFR033C,YPL224C,1,1.1141392,0.10426008701324463,0.08950914442539215,0.08021283149719238
YOR360C,YLR336C,0,1.1138943,0.10414333641529083,0.08950914442539215,0.08031322062015533
YAL040C,YER098W,0,1.1134691,0.10402684658765793,0.08950914442539215,0.08041360974311829
YGL014W,YNR053C,0,1.1127626,0.10391061753034592,0.08950914442539215,0.08051400631666183
YPL137C,YOR359W,0,1.1124986,0.1037946417927742,0.08950914442539215,0.08061439543962479
YGL166W,YBR154C,0,1.112387,0.10367892682552338,0.08950914442539215,0.08071478456258774
YBL003C,YBL101C,0,1.1123556,0.10356347262859344,0.08950914442539215,0.08081518113613129
YER165W,YCR052W,0,1.1121328,0.1034482792019844,0.08950914442539215,0.08091557025909424
YOR332W,YNL083W,1,1.1119741,0.10444444417953491,0.09047161042690277,0.08091557025909424
YDL003W,YDR328C,0,1.1116846,0.10432852059602737,0.09047161042690277,0.08101595938205719
YEL040W,YDR328C,0,1.1115321,0.10421285778284073,0.09047161042690277,0.08111635595560074
YOR317W,YJL133W,1,1.1115067,0.10520487278699875,0.0914340689778328,0.08111635595560074
YKL065C,YPL192C,0,1.1113575,0.1050884947180748,0.0914340689778328,0.08121674507856369
YOR030W,YLR368W,0,1.1113532,0.10497237741947174,0.0914340689778328,0.08131713420152664
YOR226C,YGR087C,0,1.1112635,0.10485651344060898,0.0914340689778328,0.08141753077507019
YER053C,YDR276C,1,1.1110082,0.1058434396982193,0.09239653497934341,0.08141753077507019
YOR383C,YNR060W,1,1.1109538,0.10682819038629532,0.09335900098085403,0.08141753077507019
YAL016W,YDR211W,0,1.1108743,0.10671067237854004,0.09335900098085403,0.08151791989803314
YJR091C,YGL220W,0,1.1107357,0.10659340769052505,0.09335900098085403,0.0816183090209961
YPL146C,YKL025C,0,1.1103673,0.10647639632225037,0.09335900098085403,0.08171870559453964
YGR049W,YDL014W,0,1.110366,0.10635964572429657,0.09335900098085403,0.0818190947175026
YGR282C,YGR199W,0,1.1101663,0.10624315589666367,0.09335900098085403,0.08191948384046555
YDL004W,YKL073W,0,1.1096056,0.10612691193819046,0.09335900098085403,0.0820198804140091
YKL041W,YDL004W,1,1.1094708,0.10710382461547852,0.09432145953178406,0.0820198804140091
YJL183W,YBR254C,0,1.1093162,0.10698690265417099,0.09432145953178406,0.08212026953697205
YFR033C,YNL083W,1,1.1092057,0.10796073824167252,0.09528392553329468,0.08212026953697205
YDL076C,YMR246W,0,1.1090903,0.10784313827753067,0.09528392553329468,0.082220658659935
YDR377W,YEL071W,0,1.1090633,0.10772579163312912,0.09528392553329468,0.08232105523347855
YFL022C,YGR074W,0,1.1088474,0.10760869830846786,0.09528392553329468,0.0824214443564415
YBR120C,YKL180W,0,1.1085035,0.1074918583035469,0.09528392553329468,0.08252183347940445
YOR313C,YGR174C,0,1.1083536,0.10737527161836624,0.09528392553329468,0.082622230052948
YDL004W,YGL080W,1,1.1082337,0.10834236443042755,0.0962463915348053,0.082622230052948
YMR054W,YBL087C,0,1.1081123,0.10822510719299316,0.0962463915348053,0.08272261917591095
YLR043C,YBR136W,0,1.1080031,0.10810811072587967,0.0962463915348053,0.0828230082988739
YML080W,YNL044W,0,1.1079245,0.10799136012792587,0.0962463915348053,0.08292340487241745
YMR177W,YDL067C,1,1.1076545,0.10895361751317978,0.09720885753631592,0.08292340487241745
YKL079W,YDR437W,0,1.1076326,0.10883620381355286,0.09720885753631592,0.0830237939953804
YHR063C,YLR274W,0,1.1076081,0.10871905088424683,0.09720885753631592,0.08312418311834335
YDR092W,YGL050W,0,1.1073775,0.10860215127468109,0.09720885753631592,0.0832245722413063
YDR441C,YKR001C,0,1.1071267,0.10848549753427505,0.09720885753631592,0.08332496881484985
YKL101W,YPL156C,0,1.1069007,0.10836909711360931,0.09720885753631592,0.0834253579378128
YIL047C,YOR137C,1,1.1064502,0.10932476073503494,0.09817131608724594,0.0834253579378128
YPR199C,YOL001W,0,1.1060386,0.10920771211385727,0.09817131608724594,0.08352574706077576
YBR230C,YER171W,0,1.1058612,0.1090909093618393,0.09817131608724594,0.0836261436343193
YHR204W,YDL123W,0,1.1057177,0.10897435992956161,0.09817131608724594,0.08372653275728226
YFL023W,YKL015W,0,1.1049771,0.10885805636644363,0.09817131608724594,0.08382692188024521
YDL212W,YGL078C,0,1.1049092,0.10874200612306595,0.09817131608724594,0.08392731845378876
YMR021C,YJL138C,0,1.1047767,0.10862620174884796,0.09817131608724594,0.08402770757675171
YIL035C,YGR065C,0,1.10445,0.10851063579320908,0.09817131608724594,0.08412809669971466
YKL065C,YFR038W,0,1.10418,0.10839532315731049,0.09817131608724594,0.08422849327325821
YKR039W,YHL040C,1,1.1037368,0.1093418225646019,0.09913378208875656,0.08422849327325821
YAL059W,YLL052C,0,1.103655,0.10922587662935257,0.09913378208875656,0.08432888239622116
YGL257C,YDL123W,0,1.103524,0.10911016911268234,0.09913378208875656,0.08442927151918411
YKL129C,YBR106W,0,1.1033913,0.10899470746517181,0.09913378208875656,0.08452966809272766
YLR039C,YJR133W,0,1.1028823,0.10887949168682098,0.09913378208875656,0.08463005721569061
YER157W,YHR082C,0,1.1021042,0.10876452177762985,0.09913378208875656,0.08473044633865356
YNL272C,YLL039C,0,1.1018859,0.10864979028701782,0.09913378208875656,0.08483084291219711
YHR187W,YGR090W,0,1.1015947,0.1085352972149849,0.09913378208875656,0.08493123203516006
YKR025W,YOR157C,0,1.1015884,0.10842105001211166,0.09913378208875656,0.08503162115812302
YNL118C,YAL038W,0,1.1014938,0.10830704867839813,0.09913378208875656,0.08513201773166656
YGR032W,YJL141C,0,1.1011639,0.1081932783126831,0.09913378208875656,0.08523240685462952
YGR109C,YNL014W,0,1.1010801,0.10807974636554718,0.09913378208875656,0.08533279597759247
YKL001C,YJL130C,0,1.1010671,0.10796646028757095,0.09913378208875656,0.08543319255113602
YDR404C,YDL223C,0,1.1009948,0.10785340517759323,0.09913378208875656,0.08553358167409897
YJR004C,YDR365C,0,1.1006392,0.10774058848619461,0.09913378208875656,0.08563397079706192
YGL200C,YER141W,0,1.1005653,0.1076280027627945,0.09913378208875656,0.08573436737060547
YPL016W,YKL217W,0,1.100416,0.10751565545797348,0.09913378208875656,0.08583475649356842
YNR002C,YJL214W,1,1.1004153,0.10844630002975464,0.10009624809026718,0.08583475649356842
YGR177C,YPR030W,0,1.1002294,0.10833333432674408,0.10009624809026718,0.08593514561653137
YKR013W,YMR239C,0,1.1002016,0.10822060704231262,0.10009624809026718,0.08603554219007492
YFR040W,YGL208W,0,1.0998814,0.10810811072587967,0.10009624809026718,0.08613593131303787
YHR018C,YPL008W,0,1.0998298,0.10799584537744522,0.10009624809026718,0.08623632043600082
YJR055W,YER094C,0,1.099483,0.10788381844758987,0.10009624809026718,0.08633670955896378
YCR057C,YGR174C,0,1.0993176,0.10777202248573303,0.10009624809026718,0.08643710613250732
YPL064C,YDL031W,0,1.0990851,0.1076604574918747,0.10009624809026718,0.08653749525547028
YIL015W,YBR029C,0,1.098981,0.10754912346601486,0.10009624809026718,0.08663788437843323
YDR471W,YMR239C,0,1.0989043,0.10743801295757294,0.10009624809026718,0.08673828095197678
YFR033C,YIL121W,1,1.0987897,0.10835913568735123,0.1010587066411972,0.08673828095197678
YDR538W,YBR103W,0,1.0987072,0.10824742168188095,0.1010587066411972,0.08683867007493973
YKR087C,YHR074W,0,1.0986999,0.10813593864440918,0.1010587066411972,0.08693905919790268
YLR213C,YMR025W,0,1.0982399,0.10802469402551651,0.1010587066411972,0.08703945577144623
YCR021C,YPL128C,0,1.0978314,0.10791366547346115,0.1010587066411972,0.08713984489440918
YML023C,YGL083W,0,1.0977831,0.1078028753399849,0.1010587066411972,0.08724023401737213
YPL037C,YER003C,0,1.0974967,0.10769230872392654,0.1010587066411972,0.08734063059091568
YOR383C,YML123C,1,1.097234,0.10860655456781387,0.10202117264270782,0.08734063059091568
YJL124C,YOR259C,0,1.0969937,0.10849539190530777,0.10202117264270782,0.08744101971387863
YGR170W,YKL073W,0,1.096977,0.10838446021080017,0.10202117264270782,0.08754140883684158
YGL004C,YBR130C,0,1.0969243,0.10827375203371048,0.10202117264270782,0.08764180541038513
YNL240C,YDR316W,0,1.0969137,0.1081632673740387,0.10202117264270782,0.08774219453334808
YJR109C,YIL079C,0,1.0968585,0.10805300623178482,0.10202117264270782,0.08784258365631104
YJR092W,YBR236C,0,1.0968311,0.10794297605752945,0.10202117264270782,0.08794298022985458
YDR298C,YAL067C,1,1.0966067,0.10885045677423477,0.10298363864421844,0.08794298022985458
YKL206C,YKL163W,0,1.0960526,0.10873983800411224,0.10298363864421844,0.08804336935281754
YPR086W,YMR276W,0,1.0958439,0.10862944275140762,0.10298363864421844,0.08814375847578049
YHL011C,YER127W,0,1.0953729,0.10851927101612091,0.10298363864421844,0.08824415504932404
YLL048C,YDR155C,0,1.0953251,0.1084093227982521,0.10298363864421844,0.08834454417228699
YBR203W,YDR538W,0,1.0951817,0.10829959809780121,0.10298363864421844,0.08844493329524994
YER101C,YKR060W,0,1.0949885,0.10819008946418762,0.10298363864421844,0.08854532986879349
YCL054W,YOL142W,0,1.0949671,0.10808081179857254,0.10298363864421844,0.08864571899175644
YPL110C,YMR005W,0,1.0945423,0.10797174274921417,0.10298363864421844,0.08874610811471939
YNL259C,YHR026W,1,1.094385,0.1088709682226181,0.10394610464572906,0.08874610811471939
YBR106W,YPR124W,1,1.0940906,0.10976837575435638,0.10490856319665909,0.08874610811471939
YGL181W,YDR398W,0,1.0935369,0.10965795069932938,0.10490856319665909,0.08884650468826294
YHR103W,YPR131C,0,1.0932422,0.10954774171113968,0.10490856319665909,0.08894689381122589
YER094C,YHR008C,0,1.0931683,0.10943774878978729,0.10490856319665909,0.08904728293418884
YLR312W-A,YBL101C,0,1.0931586,0.10932798683643341,0.10490856319665909,0.08914767950773239
YGL225W,YCR035C,0,1.0931307,0.10921843349933624,0.10490856319665909,0.08924806863069534
YNR015W,YLR263W,0,1.0926287,0.10910911113023758,0.10490856319665909,0.0893484577536583
YKL064W,YKL146W,1,1.092437,0.10999999940395355,0.10587102919816971,0.0893484577536583
YIL076W,YDR385W,0,1.0924001,0.10989011079072952,0.10587102919816971,0.08944884687662125
YKR013W,YHR019C,0,1.0921946,0.1097804382443428,0.10587102919816971,0.0895492434501648
YDL044C,YMR072W,0,1.0921521,0.10967098921537399,0.10587102919816971,0.08964963257312775
YDR463W,YJR048W,0,1.0920427,0.10956175625324249,0.10587102919816971,0.0897500216960907
YMR194W,YKL144C,0,1.0919638,0.1094527393579483,0.10587102919816971,0.08985041826963425
YER002W,YKL146W,0,1.091858,0.10934393852949142,0.10587102919816971,0.0899508073925972
YNR046W,YAR035W,0,1.0918388,0.10923535376787186,0.10587102919816971,0.09005119651556015
YDL061C,YEL006W,0,1.0916574,0.1091269850730896,0.10587102919816971,0.0901515930891037
YBL038W,YOR142W,0,1.091311,0.10901883244514465,0.10587102919816971,0.09025198221206665
YDL072C,YBR125C,0,1.0912666,0.10891088843345642,0.10587102919816971,0.0903523713350296
YMR301C,YJR070C,0,1.0912545,0.1088031679391861,0.10587102919816971,0.09045276790857315
YGR033C,YHR174W,0,1.0912172,0.10869564861059189,0.10587102919816971,0.0905531570315361
YKL065C,YLR083C,0,1.0911772,0.10858835279941559,0.10587102919816971,0.09065354615449905
YPR125W,YJR158W,1,1.0911156,0.10946745425462723,0.10683349519968033,0.09065354615449905
YMR182C,YBR038W,0,1.0907261,0.10935960710048676,0.10683349519968033,0.0907539427280426
YKL040C,YDR419W,0,1.090576,0.109251968562603,0.10683349519968033,0.09085433185100555
YNR046W,YJL130C,0,1.090534,0.10914454609155655,0.10683349519968033,0.0909547209739685
YNL262W,YDR216W,0,1.0903935,0.10903732478618622,0.10683349519968033,0.09105511754751205
YFR044C,YNL232W,0,1.089978,0.1089303269982338,0.10683349519968033,0.091155506670475
YPL045W,YLR344W,0,1.0899458,0.10882353037595749,0.10683349519968033,0.09125589579343796
YDR328C,YPL252C,0,1.0898502,0.1087169423699379,0.10683349519968033,0.0913562923669815
YDL046W,YML128C,0,1.0898402,0.10861057043075562,0.10683349519968033,0.09145668148994446
YEL005C,YDR226W,0,1.089566,0.10850439965724945,0.10683349519968033,0.09155707061290741
YMR101C,YPL163C,0,1.0892266,0.1083984375,0.10683349519968033,0.09165746718645096
YDR019C,YGL071W,0,1.0891702,0.10829268395900726,0.10683349519968033,0.09175785630941391
YLL055W,YDR069C,1,1.0891697,0.10916179418563843,0.10779596120119095,0.09175785630941391
YJL187C,YOL136C,0,1.089128,0.10905550420284271,0.10779596120119095,0.09185824543237686
YCR067C,YNL153C,0,1.0889959,0.10894941538572311,0.10779596120119095,0.09195864200592041
YDR016C,YER062C,0,1.0888413,0.10884353518486023,0.10779596120119095,0.09205903112888336
YOR142W,YGR118W,0,1.088722,0.10873786360025406,0.10779596120119095,0.09215942025184631
YPR035W,YMR241W,0,1.0886068,0.108632393181324,0.10779596120119095,0.09225981682538986
YLR047C,YLR214W,1,1.0884144,0.10949612408876419,0.10875841975212097,0.09225981682538986
YOR383C,YHR019C,0,1.0881989,0.10939012467861176,0.10875841975212097,0.09236020594835281
YMR173W,YLR337C,0,1.0881143,0.10928433388471603,0.10875841975212097,0.09246059507131577
YER039C,YGR172C,0,1.087992,0.10917874425649643,0.10875841975212097,0.09256098419427872
YOR313C,YKL163W,0,1.0877404,0.10907335579395294,0.10875841975212097,0.09266138076782227
YJR137C,YOR071C,0,1.0876361,0.10896817594766617,0.10875841975212097,0.09276176989078522
YLR208W,YLL023C,0,1.0872095,0.10886319726705551,0.10875841975212097,0.09286215901374817
YPL198W,YBR200W,0,1.0871483,0.10875841975212097,0.10875841975212097,0.09296255558729172
YMR323W,YNL079C,0,1.087042,0.10865384340286255,0.10875841975212097,0.09306294471025467
YHL001W,YGR132C,0,1.0868227,0.10854946821928024,0.10875841975212097,0.09316333383321762
YJR132W,YLR240W,0,1.086691,0.10844529420137405,0.10875841975212097,0.09326373040676117
YLR344W,YOR119C,0,1.0866857,0.10834132134914398,0.10875841975212097,0.09336411952972412
YOL032W,YLR260W,0,1.0862451,0.10823754966259003,0.10875841975212097,0.09346450865268707
YDL198C,YLR337C,0,1.0862298,0.10813397169113159,0.10875841975212097,0.09356490522623062
YHR066W,YKL146W,0,1.0862174,0.10803059488534927,0.10875841975212097,0.09366529434919357
YEL030W,YGL259W,0,1.0861604,0.10792741179466248,0.10875841975212097,0.09376568347215652
YDR111C,YOL128C,0,1.086051,0.1078244298696518,0.10875841975212097,0.09386608004570007
YGL006W,YKL143W,1,1.0860171,0.10867492854595184,0.10972088575363159,0.09386608004570007
YDL122W,YIL021W,0,1.0857344,0.10857142508029938,0.10972088575363159,0.09396646916866302
YPL270W,YFL023W,0,1.0856266,0.10846812278032303,0.10972088575363159,0.09406685829162598
YBR221C,YGR254W,0,1.0855637,0.1083650216460228,0.10972088575363159,0.09416725486516953
YKL046C,YHR185C,0,1.0854113,0.10826210677623749,0.10972088575363159,0.09426764398813248
YDR452W,YMR231W,0,1.085398,0.1081593930721283,0.10972088575363159,0.09436803311109543
YOL021C,YPR033C,0,1.0852968,0.10805687308311462,0.10972088575363159,0.09446842968463898
YER038C,YBR023C,0,1.084939,0.10795454680919647,0.10972088575363159,0.09456881880760193
YKL160W,YDR260C,0,1.0849316,0.10785241425037384,0.10972088575363159,0.09466920793056488
YGL032C,YJL094C,0,1.0848057,0.10775047540664673,0.10972088575363159,0.09476960450410843
YDL083C,YER002W,0,1.0843989,0.10764872282743454,0.10972088575363159,0.09486999362707138
YOR192C,YDR414C,1,1.0843413,0.10849056392908096,0.11068335175514221,0.09486999362707138
YOL033W,YML025C,0,1.0840379,0.10838831216096878,0.11068335175514221,0.09497038275003433
YBR290W,YKL150W,0,1.0839524,0.10828625410795212,0.11068335175514221,0.09507077932357788
YOL068C,YLR314C,0,1.0839468,0.10818438231945038,0.11068335175514221,0.09517116844654083
YER154W,YIL015W,0,1.083703,0.10808270424604416,0.11068335175514221,0.09527155756950378
YDR107C,YKL143W,1,1.0835814,0.10892018675804138,0.11164581030607224,0.09527155756950378
YBR187W,YOL115W,0,1.0834191,0.10881800949573517,0.11164581030607224,0.09537195414304733
YCL036W,YDL022W,0,1.0833857,0.10871602594852448,0.11164581030607224,0.09547234326601028
YDR471W,YER172C,0,1.0833385,0.1086142286658287,0.11164581030607224,0.09557273238897324
YMR063W,YOL111C,0,1.0829651,0.10851262509822845,0.11164581030607224,0.09567312151193619
YLR270W,YOR145C,0,1.0829089,0.10841121524572372,0.11164581030607224,0.09577351808547974
YOL091W,YNL079C,0,1.0827327,0.10830999165773392,0.11164581030607224,0.09587390720844269
YPR030W,YIL130W,0,1.082574,0.10820895433425903,0.11164581030607224,0.09597429633140564
YML016C,YJR152W,0,1.0825338,0.10810811072587967,0.11164581030607224,0.09607469290494919
YDR408C,YMR075W,0,1.0823818,0.10800744593143463,0.11164581030607224,0.09617508202791214
YOR384W,YHL040C,1,1.0822654,0.10883720964193344,0.11260827630758286,0.09617508202791214
YDR397C,YER004W,0,1.0821489,0.1087360605597496,0.11260827630758286,0.09627547115087509
YKL064W,YJL026W,0,1.0821238,0.10863509774208069,0.11260827630758286,0.09637586772441864
YJL198W,YNR055C,1,1.0820632,0.1094619631767273,0.11357074230909348,0.09637586772441864
YDR419W,YOR128C,0,1.0820339,0.10936051607131958,0.11357074230909348,0.09647625684738159
YDL111C,YGL055W,0,1.081963,0.10925926268100739,0.11357074230909348,0.09657664597034454
YDR515W,YNL073W,0,1.081942,0.10915818810462952,0.11357074230909348,0.09667704254388809
YEL012W,YER150W,0,1.0816882,0.10905729979276657,0.11357074230909348,0.09677743166685104
YGL047W,YBR230C,0,1.081643,0.10895660519599915,0.11357074230909348,0.096877820789814
YHR102W,YGR020C,0,1.0815827,0.10885608941316605,0.11357074230909348,0.09697821736335754
YIR008C,YFL014W,0,1.0815566,0.10875575989484787,0.11357074230909348,0.0970786064863205
YBL050W,YKR088C,0,1.0812484,0.10865561664104462,0.11357074230909348,0.09717899560928345
YMR227C,YGL216W,0,1.0812095,0.10855565965175629,0.11357074230909348,0.097279392182827
YML007W,YGL189C,0,1.0808926,0.10845588147640228,0.11357074230909348,0.09737978130578995
YOL142W,YLL027W,0,1.0808696,0.1083562895655632,0.11357074230909348,0.0974801704287529
YLR047C,YFL005W,0,1.0806723,0.10825688391923904,0.11357074230909348,0.09758056700229645
YPL006W,YGL029W,0,1.0805163,0.10815765708684921,0.11357074230909348,0.0976809561252594
YGL087C,YJL212C,0,1.0804935,0.10805860906839371,0.11357074230909348,0.09778134524822235
YPL112C,YOL137W,0,1.080477,0.10795974731445312,0.11357074230909348,0.0978817418217659
YDL207W,YEL009C,0,1.0804148,0.10786105692386627,0.11357074230909348,0.09798213094472885
YBR172C,YIL139C,0,1.0804083,0.10776256024837494,0.11357074230909348,0.0980825200676918
YDR494W,YOR222W,0,1.0800804,0.10766423493623734,0.11357074230909348,0.09818291664123535
YJL079C,YNR053C,0,1.0800753,0.10756608843803406,0.11357074230909348,0.0982833057641983
YOR027W,YNL088W,0,1.0798306,0.1074681207537651,0.11357074230909348,0.09838369488716125
YDR067C,YPL262W,0,1.0798051,0.10737033933401108,0.11357074230909348,0.0984840914607048
YDR240C,YBR065C,0,1.079748,0.10727272927761078,0.11357074230909348,0.09858448058366776
YDL170W,YPL266W,0,1.0796922,0.1071752980351448,0.11357074230909348,0.0986848697066307
YDR142C,YNL005C,0,1.0796175,0.10707803815603256,0.11357074230909348,0.09878525882959366
YOR142W,YOL049W,0,1.0795677,0.10698096454143524,0.11357074230909348,0.09888565540313721
YBR132C,YKR003W,0,1.0794922,0.10688405483961105,0.11357074230909348,0.09898604452610016
YDR107C,YJR158W,1,1.0794739,0.10769230872392654,0.1145332083106041,0.09898604452610016
YLR240W,YDR202C,0,1.0793478,0.10759493708610535,0.1145332083106041,0.09908643364906311
YJR014W,YOR060C,0,1.0793018,0.10749774426221848,0.1145332083106041,0.09918683022260666
YDR268W,YJR048W,0,1.0789657,0.10740072280168533,0.1145332083106041,0.09928721934556961
YDR255C,YFL023W,0,1.0787888,0.10730388015508652,0.1145332083106041,0.09938760846853256
YDL135C,YDR082W,0,1.0787878,0.10720720887184143,0.1145332083106041,0.09948800504207611
YGL017W,YDR100W,0,1.0787529,0.10711070895195007,0.1145332083106041,0.09958839416503906
YDR083W,YLR095C,0,1.078563,0.10701438784599304,0.1145332083106041,0.09968878328800201
YNR015W,YPL266W,0,1.078224,0.10691823810338974,0.1145332083106041,0.09978917986154556
YGR133W,YBR107C,0,1.0779184,0.10682225972414017,0.1145332083106041,0.09988956898450851
YPR191W,YLR239C,0,1.0777097,0.10672646015882492,0.1145332083106041,0.09998995810747147
YGL070C,YGL099W,0,1.0776589,0.1066308245062828,0.1145332083106041,0.10009035468101501
YOR002W,YDR331W,0,1.077627,0.10653536021709442,0.1145332083106041,0.10019074380397797
YIL173W,YCL043C,0,1.0775765,0.10644007474184036,0.1145332083106041,0.10029113292694092
YGR020C,YLR447C,1,1.0770707,0.10723860561847687,0.11549566686153412,0.10029113292694092
YER102W,YDL222C,0,1.076995,0.1071428582072258,0.11549566686153412,0.10039152950048447
YOR271C,YMR180C,0,1.0768639,0.10704728215932846,0.11549566686153412,0.10049191862344742
YOR032C,YDR170C,0,1.0767976,0.10695187002420425,0.11549566686153412,0.10059230774641037
YAL030W,YFL018C,0,1.0767602,0.10685663670301437,0.11549566686153412,0.10069270431995392
YDR083W,YPL105C,0,1.0767224,0.10676156729459763,0.11549566686153412,0.10079309344291687
YOR113W,YML076C,0,1.0766003,0.1066666692495346,0.11549566686153412,0.10089348256587982
YJL200C,YCL029C,0,1.0765735,0.10657193511724472,0.11549566686153412,0.10099387913942337
YNR019W,YJR131W,0,1.0765104,0.10647737234830856,0.11549566686153412,0.10109426826238632
YJR108W,YCR106W,0,1.0761806,0.10638298094272614,0.11549566686153412,0.10119465738534927
YBR101C,YFL031W,0,1.0761421,0.10628875344991684,0.11549566686153412,0.10129505395889282
YCL057W,YHL003C,0,1.0760496,0.10619468986988068,0.11549566686153412,0.10139544308185577
YKL117W,YHL028W,0,1.075871,0.10610079765319824,0.11549566686153412,0.10149583220481873
YMR040W,YDL045W-A,0,1.0758079,0.10600706934928894,0.11549566686153412,0.10159622877836227
YKR103W,YDL213C,0,1.075472,0.10591350495815277,0.11549566686153412,0.10169661790132523
YLR197W,YNL175C,0,1.0754038,0.10582010447978973,0.11549566686153412,0.10179700702428818
YDR267C,YOR113W,0,1.0753804,0.10572687536478043,0.11549566686153412,0.10189739614725113
YOR271C,YDR245W,0,1.0751705,0.10563380271196365,0.11549566686153412,0.10199779272079468
YFL001W,YML107C,0,1.0750755,0.10554089397192001,0.11549566686153412,0.10209818184375763
YDR212W,YPR149W,0,1.0747851,0.1054481565952301,0.11549566686153412,0.10219857096672058
YCR091W,YLR348C,0,1.0743086,0.10535557568073273,0.11549566686153412,0.10229896754026413
YDL193W,YPL131W,0,1.0740045,0.10526315867900848,0.11549566686153412,0.10239935666322708
YGR090W,YIR026C,0,1.0739179,0.10517090559005737,0.11549566686153412,0.10249974578619003
YML065W,YMR005W,0,1.073911,0.1050788089632988,0.11549566686153412,0.10260014235973358
YGR170W,YOR275C,0,1.0738797,0.10498687624931335,0.11549566686153412,0.10270053148269653
YOR136W,YOR173W,0,1.0738742,0.10489510744810104,0.11549566686153412,0.10280092060565948
YLL015W,YLR380W,0,1.0737221,0.10480349510908127,0.11549566686153412,0.10290131717920303
YNR056C,YEL071W,0,1.0735776,0.10471203923225403,0.11549566686153412,0.10300170630216599
YPL065W,YBR104W,1,1.0734446,0.10549259185791016,0.11645813286304474,0.10300170630216599
YIL105C,YPR033C,0,1.0732466,0.1054006963968277,0.11645813286304474,0.10310209542512894
YBR031W,YGL250W,0,1.0730044,0.10530896484851837,0.11645813286304474,0.10320249199867249
YDL083C,YGL129C,0,1.0729543,0.10521738976240158,0.11645813286304474,0.10330288112163544
YDR233C,YLR107W,0,1.0726956,0.10512597858905792,0.11645813286304474,0.10340327024459839
YPR111W,YDL052C,0,1.0726577,0.1050347238779068,0.11645813286304474,0.10350366681814194
YNL110C,YKL211C,0,1.0725967,0.10494362562894821,0.11645813286304474,0.10360405594110489
YDL039C,YMR300C,0,1.0724097,0.10485268384218216,0.11645813286304474,0.10370444506406784
YHR204W,YDR255C,0,1.0718868,0.10476190596818924,0.11645813286304474,0.10380484163761139
YOR330C,YJL168C,0,1.0718831,0.10467127710580826,0.11645813286304474,0.10390523076057434
YOR198C,YDL198C,0,1.0718142,0.10458081215620041,0.11645813286304474,0.10400561988353729
YBR196C,YOR142W,0,1.0716815,0.1044905036687851,0.11645813286304474,0.10410601645708084
YAL015C,YHR150W,0,1.0716169,0.10440034419298172,0.11645813286304474,0.10420640558004379
YBR280C,YDR178W,0,1.0714138,0.10431034117937088,0.11645813286304474,0.10430679470300674
YBL014C,YNR002C,0,1.0713425,0.10422050207853317,0.11645813286304474,0.10440719127655029
YOL051W,YBR182C,0,1.0709866,0.1041308119893074,0.11645813286304474,0.10450758039951324
YOR313C,YJR006W,0,1.0705554,0.10404127091169357,0.11645813286304474,0.1046079695224762
YJR090C,YDR351W,0,1.0705462,0.10395189374685287,0.11645813286304474,0.10470836609601974
YKL146W,YOR317W,1,1.0705009,0.10472103208303452,0.11742059886455536,0.10470836609601974
YPL037C,YGL127C,0,1.0703586,0.1046312153339386,0.11742059886455536,0.1048087552189827
YLR325C,YPR023C,0,1.0702763,0.10454156249761581,0.11742059886455536,0.10490914434194565
YDR498C,YNR039C,0,1.0702026,0.10445205122232437,0.11742059886455536,0.1050095409154892
YAL054C,YPR105C,0,1.0701509,0.10436270385980606,0.11742059886455536,0.10510993003845215
YER150W,YGR271C-A,0,1.0700513,0.10427350550889969,0.11742059886455536,0.1052103191614151
YJL129C,YBR291C,1,1.0699034,0.10503842681646347,0.11838305741548538,0.1052103191614151
YGR268C,YJL212C,0,1.0697651,0.10494880378246307,0.11838305741548538,0.10531070828437805
YOL016C,YML127W,0,1.0696194,0.10485933721065521,0.11838305741548538,0.1054111048579216
YBR177C,YBR183W,0,1.0695972,0.10477001965045929,0.11838305741548538,0.10551149398088455
YLL003W,YNL160W,0,1.0695914,0.1046808511018753,0.11838305741548538,0.1056118831038475
YKL078W,YMR283C,0,1.0695826,0.10459183901548386,0.11838305741548538,0.10571227967739105
YMR061W,YPR024W,0,1.0695451,0.10450297594070435,0.11838305741548538,0.105812668800354
YLR390W-A,YDR471W,0,1.0694413,0.10441426187753677,0.11838305741548538,0.10591305792331696
YKL220C,YMR275C,1,1.0693328,0.10517387837171555,0.119345523416996,0.10591305792331696
YBR145W,YOR020C,0,1.069282,0.10508474707603455,0.119345523416996,0.1060134544968605
YOL088C,YDR311W,0,1.0690455,0.10499576479196548,0.119345523416996,0.10611384361982346
YGL192W,YKR080W,0,1.0690398,0.10490693897008896,0.119345523416996,0.10621423274278641
YDR280W,YER007C-A,0,1.0689954,0.10481826215982437,0.119345523416996,0.10631462931632996
YEL031W,YJR101W,0,1.068979,0.10472972691059113,0.119345523416996,0.10641501843929291
YML046W,YOR147W,0,1.0689456,0.10464134812355042,0.119345523416996,0.10651540756225586
YHR050W,YLR395C,1,1.0686047,0.10539629310369492,0.12030798941850662,0.10651540756225586
YOL011W,YBR065C,0,1.0684369,0.10530749708414078,0.12030798941850662,0.10661580413579941
YOL052C,YDL022W,0,1.0684185,0.10521885752677917,0.12030798941850662,0.10671619325876236
YDR317W,YLR466W,0,1.0682784,0.10513035953044891,0.12030798941850662,0.10681658238172531
YLR406C,YDR037W,0,1.0682526,0.10504201799631119,0.12030798941850662,0.10691697895526886
YGL139W,YGR020C,1,1.0681882,0.10579345375299454,0.12127045542001724,0.10691697895526886
YFR033C,YJL059W,1,1.0680671,0.10654362291097641,0.12223291397094727,0.10691697895526886
YOR113W,YKL146W,0,1.0679985,0.10645432025194168,0.12223291397094727,0.10701736807823181
YPL120W,YLR089C,0,1.0678606,0.1063651591539383,0.12223291397094727,0.10711775720119476
YBR187W,YPR155C,0,1.067737,0.10627614706754684,0.12223291397094727,0.10721815377473831
YOR253W,YPL217C,0,1.0675292,0.10618729144334793,0.12223291397094727,0.10731854289770126
YLR084C,YPL086C,0,1.0674496,0.10609857738018036,0.12223291397094727,0.10741893202066422
YEL005C,YGL029W,0,1.0673289,0.10601001977920532,0.12223291397094727,0.10751932859420776
YPL244C,YCL004W,0,1.0672749,0.10592160373926163,0.12223291397094727,0.10761971771717072
YLR145W,YBR057C,0,1.0669544,0.10583333671092987,0.12223291397094727,0.10772010684013367
YNR044W,YBR073W,0,1.0662916,0.10574521124362946,0.12223291397094727,0.10782050341367722
YLR004C,YGL203C,0,1.066236,0.10565723478794098,0.12223291397094727,0.10792089253664017
YJL020C,YJL092W,0,1.0662297,0.10556940734386444,0.12223291397094727,0.10802128165960312
YBR180W,YPL050C,0,1.0661677,0.10548172891139984,0.12223291397094727,0.10812167823314667
YGL067W,YPL086C,0,1.066003,0.10539419203996658,0.12223291397094727,0.10822206735610962
YOR316C,YHL007C,0,1.0659751,0.10530679672956467,0.12223291397094727,0.10832245647907257
YHR024C,YPL175W,0,1.0658607,0.10521955043077469,0.12223291397094727,0.10842284560203552
YPL193W,YPL262W,0,1.0658269,0.10513245314359665,0.12223291397094727,0.10852324217557907
YKL080W,YMR058W,1,1.065778,0.10587262362241745,0.12319537997245789,0.10852324217557907
YDR204W,YGL250W,0,1.0656902,0.10578512400388718,0.12319537997245789,0.10862363129854202
YHR007C,YOR340C,0,1.0656803,0.10569777339696884,0.12319537997245789,0.10872402042150497
YKR044W,YPR137W,0,1.0656612,0.10561056435108185,0.12319537997245789,0.10882441699504852
YHR066W,YOR215C,0,1.0656607,0.1055234968662262,0.12319537997245789,0.10892480611801147
YDR324C,YOR210W,0,1.0656033,0.10543657094240189,0.12319537997245789,0.10902519524097443
YHR060W,YNR074C,0,1.065432,0.10534979403018951,0.12319537997245789,0.10912559181451797
YHR201C,YKR066C,0,1.0652547,0.10526315867900848,0.12319537997245789,0.10922598093748093
YBR173C,YDR082W,0,1.0650446,0.1051766648888588,0.12319537997245789,0.10932637006044388
YML001W,YNR053C,0,1.0649508,0.10509031265974045,0.12319537997245789,0.10942676663398743
YDR255C,YBR279W,0,1.0648937,0.10500410199165344,0.12319537997245789,0.10952715575695038
YCR002C,YGR172C,0,1.0648808,0.10491803288459778,0.12319537997245789,0.10962754487991333
YPL003W,YDR092W,0,1.0648148,0.10483210533857346,0.12319537997245789,0.10972794145345688
YLL052C,YBL026W,0,1.0647898,0.10474631935358047,0.12319537997245789,0.10982833057641983
YIL128W,YIR028W,0,1.0647312,0.10466066747903824,0.12319537997245789,0.10992871969938278
YGL124C,YJL130C,0,1.0645633,0.10457516461610794,0.12319537997245789,0.11002911627292633
YIL006W,YBR291C,1,1.0645305,0.10530611872673035,0.1241578459739685,0.11002911627292633
YMR030W,YLR398C,0,1.0645065,0.10522022843360901,0.1241578459739685,0.11012950539588928
YLR190W,YDR408C,0,1.0644395,0.10513447225093842,0.1241578459739685,0.11022989451885223
YPR020W,YGR204W,0,1.0644244,0.10504885762929916,0.1241578459739685,0.11033029109239578
YGL016W,YKL094W,0,1.0642649,0.10496338456869125,0.1241578459739685,0.11043068021535873
YKR046C,YHR200W,0,1.0641913,0.10487804561853409,0.1241578459739685,0.11053106933832169
YIL114C,YBR296C,1,1.064189,0.10560519993305206,0.12512031197547913,0.11053106933832169
YLR038C,YBR187W,1,1.0640752,0.10633116960525513,0.12608277797698975,0.11053106933832169
YDR378C,YNR059W,0,1.063955,0.10624492913484573,0.12608277797698975,0.11063146591186523
YNL263C,YPR009W,0,1.0639216,0.10615883022546768,0.12608277797698975,0.11073185503482819
YCL032W,YIR021W,0,1.0639062,0.10607287287712097,0.12608277797698975,0.11083224415779114
YGL111W,YKR002W,0,1.0637336,0.1059870570898056,0.12608277797698975,0.11093264073133469
YGR281W,YMR054W,1,1.063675,0.10670977830886841,0.12704522907733917,0.11093264073133469
YER117W,YDR301W,0,1.063623,0.1066235899925232,0.12704522907733917,0.11103302985429764
YKR089C,YEL044W,0,1.0633776,0.10653752833604813,0.12704522907733917,0.11113341897726059
YPR106W,YMR284W,0,1.0632813,0.106451615691185,0.12704522907733917,0.11123381555080414
YPR030W,YJL034W,0,1.0630414,0.10636583715677261,0.12704522907733917,0.11133420467376709
YKL134C,YMR029C,0,1.0629814,0.10628019273281097,0.12704522907733917,0.11143459379673004
YNL127W,YGR289C,0,1.0629083,0.10619468986988068,0.12704522907733917,0.111534982919693
YEL060C,YLR174W,0,1.0626473,0.10610932111740112,0.12704522907733917,0.11163537949323654
YOR384W,YMR319C,1,1.0622851,0.10682731121778488,0.1280076950788498,0.11163537949323654
YDR156W,YDL128W,0,1.062201,0.10674156993627548,0.1280076950788498,0.1117357686161995
YDR451C,YIL079C,0,1.0620704,0.10665597766637802,0.1280076950788498,0.11183615773916245
YLR316C,YBR290W,0,1.0618765,0.10657051205635071,0.1280076950788498,0.111936554312706
YML038C,YJR044C,0,1.0618509,0.10648518800735474,0.1280076950788498,0.11203694343566895
YER103W,YMR105C,0,1.061802,0.10639999806880951,0.1280076950788498,0.1121373325586319
YLR066W,YNL321W,0,1.061664,0.10631494969129562,0.1280076950788498,0.11223772913217545
YPL213W,YOR232W,0,1.0615737,0.10623003542423248,0.1280076950788498,0.1123381182551384
YKL182W,YNL117W,0,1.0613011,0.10614524781703949,0.1280076950788498,0.11243850737810135
YML031W,YJL110C,0,1.0611463,0.10606060922145844,0.1280076950788498,0.1125389039516449
YAL005C,YIL006W,0,1.0611291,0.10597609728574753,0.1280076950788498,0.11263929307460785
YBR127C,YBR086C,1,1.0607418,0.10668789595365524,0.1289701610803604,0.11263929307460785
YNL145W,YKL084W,0,1.060713,0.10660302639007568,0.1289701610803604,0.1127396821975708
YOR260W,YMR121C,0,1.0605738,0.10651828348636627,0.1289701610803604,0.11284007877111435
YGR023W,YGR145W,0,1.060571,0.1064336746931076,0.1289701610803604,0.1129404678940773
YFL026W,YGR284C,0,1.0605291,0.10634920746088028,0.1289701610803604,0.11304085701704025
YOR208W,YFL017W-A,0,1.0603794,0.1062648668885231,0.1289701610803604,0.1131412535905838
YBR265W,YOR363C,0,1.0602725,0.10618066787719727,0.1289701610803604,0.11324164271354675
YPL271W,YPR138C,1,1.0599818,0.10688836127519608,0.12993262708187103,0.11324164271354675
YGR192C,YGR175C,0,1.0599644,0.10680379718542099,0.12993262708187103,0.1133420318365097
YPR138C,YNR017W,0,1.0595025,0.10671936720609665,0.12993262708187103,0.11344242841005325
YOL021C,YGR240C,0,1.0592387,0.10663507133722305,0.12993262708187103,0.1135428175330162
YOR130C,YLL012W,0,1.0591569,0.1065509095788002,0.12993262708187103,0.11364320665597916
YGR120C,YBL025W,0,1.058974,0.1064668744802475,0.12993262708187103,0.1137436032295227
YLR320W,YPL024W,0,1.0588484,0.10638298094272614,0.12993262708187103,0.11384399235248566
YPL057C,YFL026W,0,1.0586122,0.10629921406507492,0.12993262708187103,0.11394438147544861
YDR490C,YAL061W,0,1.0585387,0.10621558129787445,0.12993262708187103,0.11404477804899216
YFL002C,YKR067W,0,1.0584029,0.10613207519054413,0.12993262708187103,0.11414516717195511
YML001W,YEL046C,0,1.0583377,0.10604870319366455,0.12993262708187103,0.11424555629491806
YOL084W,YJR158W,1,1.0582752,0.10675039142370224,0.13089509308338165,0.11424555629491806
YBR221C,YIL049W,0,1.0582224,0.1066666692495346,0.13089509308338165,0.11434595286846161
YGL187C,YOR087W,1,1.0580087,0.10736677050590515,0.13185755908489227,0.11434595286846161
YPR138C,YPR020W,1,1.0577552,0.10806577652692795,0.1328200250864029,0.11434595286846161
YOR079C,YPR058W,1,1.0576377,0.1087636947631836,0.13378247618675232,0.11434595286846161
YDL078C,YBR217W,0,1.057523,0.1086786538362503,0.13378247618675232,0.11444634199142456
YLR043C,YJL003W,0,1.0574719,0.10859374701976776,0.13378247618675232,0.11454673111438751
YNL031C,YLR216C,0,1.0573139,0.10850897431373596,0.13378247618675232,0.11464712023735046
YGR133W,YLL034C,0,1.0573057,0.10842433571815491,0.13378247618675232,0.11474751681089401
YBR280C,YDL243C,0,1.0572431,0.1083398312330246,0.13378247618675232,0.11484790593385696
YHR042W,YMR284W,0,1.0571676,0.10825545340776443,0.13378247618675232,0.11494829505681992
YJL140W,YIL063C,0,1.0571256,0.10817120969295502,0.13378247618675232,0.11504869163036346
YPL265W,YNL318C,1,1.0569437,0.1088646948337555,0.13474494218826294,0.11504869163036346
YJL200C,YKR098C,0,1.0567656,0.10878010839223862,0.13474494218826294,0.11514908075332642
YLR421C,YIL053W,0,1.0567324,0.10869564861059189,0.13474494218826294,0.11524946987628937
YMR263W,YHL025W,0,1.0566243,0.1086113229393959,0.13474494218826294,0.11534986644983292
YMR055C,YPL256C,0,1.0565729,0.10852713137865067,0.13474494218826294,0.11545025557279587
YJR144W,YPR009W,0,1.0565013,0.10844306647777557,0.13474494218826294,0.11555064469575882
YGL127C,YIL154C,0,1.0564786,0.10835913568735123,0.13474494218826294,0.11565104126930237
YDR045C,YDL014W,0,1.0561852,0.10827533155679703,0.13474494218826294,0.11575143039226532
YAL017W,YNL240C,0,1.0558329,0.10819165408611298,0.13474494218826294,0.11585181951522827
YJR002W,YKR080W,0,1.0558007,0.10810811072587967,0.13474494218826294,0.11595221608877182
YAL030W,YML032C,0,1.0557778,0.10802469402551651,0.13474494218826294,0.11605260521173477
YOR316C,YBL040C,0,1.0556818,0.1079414039850235,0.13474494218826294,0.11615299433469772
YDL145C,YOL130W,0,1.0556757,0.10785824060440063,0.13474494218826294,0.11625339090824127
YBL005W,YDL191W,0,1.055637,0.10777521133422852,0.13474494218826294,0.11635378003120422
YGR261C,YOR153W,0,1.0555489,0.10769230872392654,0.13474494218826294,0.11645416915416718
YBR079C,YJL034W,0,1.0554041,0.10760953277349472,0.13474494218826294,0.11655456572771072
YJL057C,YNL005C,0,1.0553026,0.10752688348293304,0.13474494218826294,0.11665495485067368
YHR041C,YOL095C,0,1.055209,0.10744436085224152,0.13474494218826294,0.11675534397363663
YBR043C,YLR056W,0,1.0551459,0.10736196488142014,0.13474494218826294,0.11685574054718018
YPR187W,YJR004C,0,1.0550994,0.1072796955704689,0.13474494218826294,0.11695612967014313
YEL037C,YLR249W,0,1.0550021,0.10719755291938782,0.13474494218826294,0.11705651879310608
YPL029W,YNR017W,0,1.0548244,0.10711552947759628,0.13474494218826294,0.11715691536664963
YOR273C,YIL159W,0,1.054796,0.1070336401462555,0.13474494218826294,0.11725730448961258
YCL024W,YBR018C,0,1.054785,0.10695187002420425,0.13474494218826294,0.11735769361257553
YBR104W,YHR197W,0,1.0547762,0.10687022656202316,0.13474494218826294,0.11745809018611908
YLR417W,YER145C,1,1.0547079,0.10755148530006409,0.13570740818977356,0.11745809018611908
YKR039W,YIL121W,1,1.054582,0.10823170840740204,0.13666987419128418,0.11745809018611908
YAL031C,YLR305C,0,1.0543884,0.10814927518367767,0.13666987419128418,0.11755847930908203
YGL131C,YGL083W,0,1.054251,0.10806696861982346,0.13666987419128418,0.11765886843204498
YOR003W,YKL052C,0,1.0542238,0.10798478871583939,0.13666987419128418,0.11775925755500793
YOR234C,YPL137C,0,1.0540787,0.10790273547172546,0.13666987419128418,0.11785965412855148
YIL088C,YHR051W,1,1.0539366,0.1085801050066948,0.1376323401927948,0.11785965412855148
YHR146W,YIL142W,0,1.0537913,0.1084977239370346,0.1376323401927948,0.11796004325151443
YNL286W,YEL046C,0,1.0537033,0.10841546952724457,0.1376323401927948,0.11806043237447739
YJL074C,YLR058C,0,1.0536904,0.10833333432674408,0.1376323401927948,0.11816082894802094
YDL064W,YNL192W,0,1.0536067,0.10825132578611374,0.1376323401927948,0.11826121807098389
YOL144W,YOR324C,0,1.0532618,0.10816944390535355,0.1376323401927948,0.11836160719394684
YJL141C,YNL116W,0,1.053111,0.1080876812338829,0.1376323401927948,0.11846200376749039
YNL284C,YMR323W,0,1.0530998,0.10800604522228241,0.1376323401927948,0.11856239289045334
YPR151C,YLR432W,0,1.0530531,0.10792452841997147,0.1376323401927948,0.11866278201341629
YDL123W,YDR150W,0,1.0530508,0.10784313827753067,0.1376323401927948,0.11876317858695984
YKR026C,YOR103C,0,1.0530493,0.10776186734437943,0.1376323401927948,0.11886356770992279
YLR075W,YOL119C,0,1.0529363,0.10768072307109833,0.1376323401927948,0.11896395683288574
YNL048W,YDL039C,0,1.052855,0.10759969800710678,0.1376323401927948,0.11906435340642929
YKR003W,YNL107W,0,1.0527914,0.10751879960298538,0.1376323401927948,0.11916474252939224
YHR133C,YGL255W,0,1.0527182,0.10743801295757294,0.1376323401927948,0.1192651316523552
YNL069C,YGL005C,0,1.0526156,0.10735736042261124,0.1376323401927948,0.11936552822589874
YPR026W,YIL121W,0,1.0526062,0.10727681964635849,0.1376323401927948,0.1194659173488617
YDR354W,YKR089C,0,1.0523807,0.1071963980793953,0.1376323401927948,0.11956630647182465
YER165W,YGR142W,0,1.0522933,0.10711610317230225,0.1376323401927948,0.1196667030453682
YDR162C,YGR227W,0,1.0522157,0.10703592747449875,0.1376323401927948,0.11976709216833115
YNL055C,YJR059W,1,1.0521822,0.1077038124203682,0.13859480619430542,0.11976709216833115
YCR011C,YNL152W,0,1.0519202,0.10762331634759903,0.13859480619430542,0.1198674812912941
YKL186C,YML076C,0,1.0519142,0.10754293948411942,0.13859480619430542,0.11996787786483765
YDR414C,YDR099W,0,1.0518403,0.10746268928050995,0.13859480619430542,0.1200682669878006
YLR421C,YJL094C,0,1.0517404,0.10738255083560944,0.13859480619430542,0.12016865611076355
YHR065C,YMR283C,0,1.0516484,0.10730253159999847,0.13859480619430542,0.1202690526843071
YDL140C,YDL122W,0,1.051311,0.10722263902425766,0.13859480619430542,0.12036944180727005
YJL076W,YHR030C,0,1.0512482,0.1071428582072258,0.13859480619430542,0.120469830930233
YJL129C,YJL133W,1,1.0511544,0.10780669003725052,0.13955727219581604,0.120469830930233
YPL120W,YDR084C,0,1.0510235,0.10772659629583359,0.13955727219581604,0.12057022750377655
YGL096W,YNL029C,0,1.0509846,0.10764662176370621,0.13955727219581604,0.1206706166267395
YPR010C,YIL066C,0,1.0508637,0.10756676644086838,0.13955727219581604,0.12077100574970245
YPR033C,YNL139C,0,1.0504899,0.1074870303273201,0.13955727219581604,0.1208713948726654
YJL191W,YDR182W,0,1.0503554,0.10740740597248077,0.13955727219581604,0.12097179144620895
YPL037C,YLL036C,0,1.049955,0.1073279082775116,0.13955727219581604,0.1210721805691719
YDR369C,YPL152W,0,1.049945,0.10724852234125137,0.13955727219581604,0.12117256969213486
YIL133C,YEL027W,0,1.0499295,0.1071692556142807,0.13955727219581604,0.1212729662656784
YNR030W,YNL315C,0,1.0495714,0.10709010064601898,0.13955727219581604,0.12137335538864136
YLR348C,YEL062W,1,1.0493821,0.1077490746974945,0.14051972329616547,0.12137335538864136
YNL251C,YDL223C,0,1.0493705,0.10766961425542831,0.14051972329616547,0.12147374451160431
YKL048C,YML071C,0,1.0492413,0.10759027302265167,0.14051972329616547,0.12157414108514786
YGL156W,YGL111W,0,1.0491368,0.10751104354858398,0.14051972329616547,0.12167453020811081
YNL016W,YJL196C,0,1.0490255,0.10743193328380585,0.14051972329616547,0.12177491933107376
YGR227W,YLR239C,0,1.0488589,0.10735294222831726,0.14051972329616547,0.12187531590461731
YDR492W,YLL028W,0,1.0486863,0.10727406293153763,0.14051972329616547,0.12197570502758026
YJL124C,YML013W,0,1.0486555,0.10719530284404755,0.14051972329616547,0.12207609415054321
YMR033W,YOR003W,0,1.0485108,0.10711665451526642,0.14051972329616547,0.12217649072408676
YDR343C,YIL114C,1,1.0484171,0.10777126252651215,0.1414821892976761,0.12217649072408676
YKL096W,YDL042C,0,1.0483681,0.10769230872392654,0.1414821892976761,0.12227687984704971
YMR243C,YOR270C,1,1.0483663,0.10834553092718124,0.1424446552991867,0.12227687984704971
YMR053C,YMR234W,0,1.0481027,0.10826627910137177,0.1424446552991867,0.12237726897001266
YKR083C,YDR392W,0,1.0481024,0.10818713158369064,0.1424446552991867,0.12247766554355621
YPR021C,YKL175W,1,1.0480492,0.10883856564760208,0.14340712130069733,0.12247766554355621
YEL036C,YMR186W,0,1.0480483,0.10875912755727768,0.14340712130069733,0.12257805466651917
YLL021W,YGL103W,0,1.0477301,0.10867979377508163,0.14340712130069733,0.12267844378948212
YMR029C,YDL052C,0,1.0476913,0.10860058665275574,0.14340712130069733,0.12277884036302567
YOR172W,YDR373W,0,1.0473714,0.1085214838385582,0.14340712130069733,0.12287922948598862
YOR254C,YPR086W,0,1.0472718,0.10844250023365021,0.14340712130069733,0.12297961860895157
YJL051W,YJL110C,0,1.0470939,0.10836363583803177,0.14340712130069733,0.12308001518249512
YEL060C,YJR046W,0,1.0468612,0.10828488320112228,0.14340712130069733,0.12318040430545807
YJR105W,YDR073W,0,1.0468105,0.10820624232292175,0.14340712130069733,0.12328079342842102
YLR166C,YOR129C,0,1.0468068,0.10812772065401077,0.14340712130069733,0.12338119000196457
YMR243C,YNL323W,0,1.0466822,0.10804931074380875,0.14340712130069733,0.12348157912492752
YDR496C,YLR399C,0,1.0465846,0.10797101259231567,0.14340712130069733,0.12358196824789047
YNL027W,YKL058W,0,1.0464687,0.10789283365011215,0.14340712130069733,0.12368236482143402
YBR091C,YDR497C,0,1.04646,0.10781475901603699,0.14340712130069733,0.12378275394439697
YHR029C,YDL189W,0,1.0462927,0.10773680359125137,0.14340712130069733,0.12388314306735992
YDR043C,YMR154C,0,1.0461338,0.10765895992517471,0.14340712130069733,0.12398353219032288
YPR131C,YOR380W,0,1.0461249,0.107581228017807,0.14340712130069733,0.12408392876386642
YMR024W,YNL070W,0,1.046124,0.10750360786914825,0.14340712130069733,0.12418431788682938
YAL051W,YLR395C,0,1.0461031,0.10742609947919846,0.14340712130069733,0.12428470700979233
YOR341W,YGL014W,0,1.0458882,0.10734870284795761,0.14340712130069733,0.12438510358333588
YDL031W,YHR152W,0,1.0456651,0.10727141797542572,0.14340712130069733,0.12448549270629883
YEL051W,YLR022C,0,1.0454433,0.10719424486160278,0.14340712130069733,0.12458588182926178
YNL259C,YLR047C,1,1.0453968,0.10783609002828598,0.14436958730220795,0.12458588182926178
YOR087W,YDR382W,0,1.045269,0.10775861889123917,0.14436958730220795,0.12468627840280533
YDR434W,YER177W,0,1.0452478,0.1076812669634819,0.14436958730220795,0.12478666752576828
YOR049C,YPL265W,1,1.0452404,0.10832137614488602,0.14533205330371857,0.12478666752576828
YMR106C,YJR112W,0,1.0452354,0.10824372619390488,0.14533205330371857,0.12488705664873123
YFL022C,YHL033C,0,1.0451695,0.10816618800163269,0.14533205330371857,0.12498745322227478
YMR035W,YOL141W,0,1.0450454,0.10808876156806946,0.14533205330371857,0.12508784234523773
YLR295C,YLL043W,1,1.0448953,0.10872675478458405,0.1462945193052292,0.12508784234523773
YLR300W,YKR022C,0,1.0446572,0.10864903777837753,0.1462945193052292,0.12518823146820068
YML004C,YIL011W,0,1.0446512,0.10857142508029938,0.1462945193052292,0.12528862059116364
YNL083W,YLR293C,0,1.0445088,0.10849393159151077,0.1462945193052292,0.12538902461528778
YER004W,YBR094W,0,1.0444685,0.10841654986143112,0.1462945193052292,0.12548941373825073
YJR113C,YPR143W,0,1.0442526,0.10833927243947983,0.1462945193052292,0.12558980286121368
YNR002C,YOR298W,0,1.0440656,0.10826210677623749,0.1462945193052292,0.12569019198417664
YOR384W,YGR055W,1,1.0440091,0.10889679938554764,0.1472569853067398,0.12569019198417664
YOR168W,YEL062W,0,1.0439285,0.10881934314966202,0.1472569853067398,0.1257905811071396
YGR183C,YOR271C,1,1.0437063,0.1094527393579483,0.14821943640708923,0.1257905811071396
YDR129C,YHR083W,0,1.0435597,0.109375,0.14821943640708923,0.12589097023010254
YGL032C,YGR238C,0,1.0435014,0.10929737240076065,0.14821943640708923,0.1259913593530655
YDR016C,YOR307C,0,1.0434875,0.10921985656023026,0.14821943640708923,0.12609176337718964
YGL225W,YDR098C,0,1.0434779,0.10914245247840881,0.14821943640708923,0.1261921525001526
YNR052C,YBR088C,0,1.0434363,0.10906515270471573,0.14821943640708923,0.12629254162311554
YGR179C,YIR010W,0,1.043428,0.1089879721403122,0.14821943640708923,0.1263929307460785
YGR068C,YMR146C,0,1.0433781,0.10891088843345642,0.14821943640708923,0.12649331986904144
YPL065W,YDR097C,0,1.0433632,0.1088339239358902,0.14821943640708923,0.1265937089920044
YNL180C,YGR065C,0,1.043196,0.10875706374645233,0.14821943640708923,0.12669411301612854
YPR033C,YHR034C,0,1.0431408,0.10868030786514282,0.14821943640708923,0.1267945021390915
YLR163C,YHR007C,0,1.0429004,0.10860366374254227,0.14821943640708923,0.12689489126205444
YML075C,YGL236C,0,1.0428286,0.10852713137865067,0.14821943640708923,0.1269952803850174
YPL084W,YGL169W,0,1.0427554,0.10845070332288742,0.14821943640708923,0.12709566950798035
YFL022C,YGL012W,0,1.0427551,0.10837438702583313,0.14821943640708923,0.1271960586309433
YNL274C,YOL126C,0,1.0425394,0.1082981750369072,0.14821943640708923,0.12729646265506744
YKR092C,YOL112W,0,1.0424929,0.10822206735610962,0.14821943640708923,0.1273968517780304
YGL055W,YGL094C,0,1.0424267,0.1081460639834404,0.14821943640708923,0.12749724090099335
YJL194W,YER028C,0,1.0424198,0.10807017236948013,0.14821943640708923,0.1275976300239563
YOL051W,YLR258W,0,1.0422714,0.10799439251422882,0.14821943640708923,0.12769801914691925
YKR103W,YLL028W,0,1.0419645,0.10791870951652527,0.14821943640708923,0.1277984082698822
YDL061C,YJL173C,0,1.0418617,0.10784313827753067,0.14821943640708923,0.12789881229400635
YIR033W,YPL133C,0,1.0415905,0.10776767134666443,0.14821943640708923,0.1279992014169693
YAL007C,YMR030W,0,1.0415903,0.10769230872392654,0.14821943640708923,0.12809959053993225
YLR061W,YNL229C,0,1.0413756,0.10761705040931702,0.14821943640708923,0.1281999796628952
YHR188C,YPR173C,0,1.0413411,0.10754189640283585,0.14821943640708923,0.12830036878585815
YIL008W,YHR074W,0,1.0412524,0.10746685415506363,0.14821943640708923,0.1284007579088211
YPL134C,YBR052C,0,1.0409244,0.10739190876483917,0.14821943640708923,0.12850116193294525
YDL161W,YOR156C,0,1.0409011,0.10731707513332367,0.14821943640708923,0.1286015510559082
YMR025W,YGR005C,0,1.040867,0.10724233835935593,0.14821943640708923,0.12870194017887115
YOR026W,YDL222C,0,1.0408614,0.10716771334409714,0.14821943640708923,0.1288023293018341
YMR063W,YDR119W,0,1.0407958,0.10709318518638611,0.14821943640708923,0.12890271842479706
YDR172W,YPL120W,0,1.0407656,0.10701876133680344,0.14821943640708923,0.12900310754776
YDR143C,YGL004C,0,1.0407414,0.10694444179534912,0.14821943640708923,0.12910349667072296
YDR492W,YFR028C,0,1.0404203,0.10687022656202316,0.14821943640708923,0.1292039006948471
YLR229C,YKL161C,0,1.040393,0.10679611563682556,0.14821943640708923,0.12930428981781006
YOL026C,YLR222C,0,1.0400105,0.10672210901975632,0.14821943640708923,0.129404678940773
YPL139C,YGL054C,0,1.0397706,0.10664819926023483,0.14821943640708923,0.12950506806373596
YPL188W,YLR401C,0,1.0397089,0.1065743938088417,0.14821943640708923,0.1296054571866989
YFL034C-B,YIL006W,0,1.0396181,0.10650069266557693,0.14821943640708923,0.12970584630966187
YCR012W,YNL044W,0,1.0395906,0.10642708837985992,0.14821943640708923,0.129806250333786
YOR253W,YHR077C,0,1.039579,0.10635358840227127,0.14821943640708923,0.12990663945674896
YLR205C,YLR242C,0,1.0395664,0.10628019273281097,0.14821943640708923,0.13000702857971191
YJL069C,YJR103W,0,1.0394998,0.10620689392089844,0.14821943640708923,0.13010741770267487
YPR152C,YNL312W,0,1.0393391,0.10613369941711426,0.14821943640708923,0.13020780682563782
YPR113W,YGR128C,0,1.0392789,0.10606060922145844,0.14821943640708923,0.13030819594860077
YOR202W,YGR074W,0,1.0392368,0.10598760843276978,0.14821943640708923,0.13040859997272491
YKR092C,YGR056W,0,1.039162,0.10591471940279007,0.14821943640708923,0.13050898909568787
YPR034W,YKL186C,0,1.0390356,0.10584192723035812,0.14821943640708923,0.13060937821865082
YLL019C,YNL071W,0,1.0390211,0.10576923191547394,0.14821943640708923,0.13070976734161377
YPL100W,YBR072W,0,1.0388623,0.10569663345813751,0.14821943640708923,0.13081015646457672
YJL004C,YHR174W,0,1.0386431,0.10562413930892944,0.14821943640708923,0.13091054558753967
YNL318C,YLR313C,0,1.0385728,0.10555174946784973,0.14821943640708923,0.13101094961166382
YOR136W,YLL008W,0,1.038463,0.10547944903373718,0.14821943640708923,0.13111133873462677
YMR286W,YKR054C,0,1.0383954,0.10540725290775299,0.14821943640708923,0.13121172785758972
YOL020W,YER028C,0,1.0383801,0.10533515363931656,0.14821943640708923,0.13131211698055267
YHR092C,YER113C,1,1.0383179,0.10594668239355087,0.14918190240859985,0.13131211698055267
YDR156W,YGR048W,0,1.0380973,0.10587431490421295,0.14918190240859985,0.13141250610351562
YBL004W,YGR108W,0,1.0380805,0.10580204427242279,0.14918190240859985,0.13151289522647858
YPL230W,YKL058W,0,1.038045,0.10572987794876099,0.14918190240859985,0.13161329925060272
YDL236W,YOR054C,0,1.0379438,0.10565780848264694,0.14918190240859985,0.13171368837356567
YBR054W,YJL212C,0,1.0376415,0.10558582842350006,0.14918190240859985,0.13181407749652863
YLR451W,YPL096W,0,1.0376348,0.10551395267248154,0.14918190240859985,0.13191446661949158
YCR035C,YNL002C,0,1.0375875,0.10544217377901077,0.14918190240859985,0.13201485574245453
YDL140C,YNL027W,0,1.0374129,0.10537049919366837,0.14918190240859985,0.13211524486541748
YDL165W,YDL170W,0,1.0374106,0.10529891401529312,0.14918190240859985,0.13221563398838043
YMR039C,YDL107W,0,1.0373504,0.10522742569446564,0.14918190240859985,0.13231603801250458
YGL016W,YDR301W,0,1.037296,0.10515604168176651,0.14918190240859985,0.13241642713546753
YPR043W,YDR216W,0,1.0370537,0.10508474707603455,0.14918190240859985,0.13251681625843048
YHR179W,YBR202W,0,1.0370294,0.10501354932785034,0.14918190240859985,0.13261720538139343
YDR276C,YOL020W,1,1.0368309,0.10561949759721756,0.15014436841011047,0.13261720538139343
YPL069C,YKL196C,0,1.0366486,0.10554803907871246,0.15014436841011047,0.13271759450435638
YNR030W,YGR264C,0,1.0365744,0.10547666996717453,0.15014436841011047,0.13281798362731934
YCL054W,YPR061C,0,1.0365744,0.10540540516376495,0.15014436841011047,0.13291838765144348
YLR174W,YGL022W,0,1.0363511,0.10533423721790314,0.15014436841011047,0.13301877677440643
YGL225W,YIL110W,0,1.0362664,0.10526315867900848,0.15014436841011047,0.13311916589736938
YMR058W,YDR485C,0,1.0362526,0.10519217699766159,0.15014436841011047,0.13321955502033234
YPR131C,YPR079W,0,1.0361675,0.10512129217386246,0.15014436841011047,0.1333199441432953
YLR026C,YLR377C,0,1.0361248,0.10505050420761108,0.15014436841011047,0.13342033326625824
YIL134W,YDR529C,1,1.0360255,0.10565275698900223,0.1511068344116211,0.13342033326625824
YBR061C,YHR157W,0,1.0356781,0.10558170825242996,0.1511068344116211,0.13352073729038239
YEL004W,YER053C,1,1.0355248,0.10618279874324799,0.1520693004131317,0.13352073729038239
YML064C,YBR057C,0,1.0354633,0.10611148178577423,0.1520693004131317,0.13362112641334534
YER170W,YBR276C,0,1.0354362,0.10604026913642883,0.1520693004131317,0.1337215155363083
YHR024C,YIL099W,0,1.0352767,0.1059691458940506,0.1520693004131317,0.13382190465927124
YGL008C,YFL005W,0,1.0352753,0.10589812695980072,0.1520693004131317,0.1339222937822342
YGR245C,YLR408C,0,1.0351996,0.10582718998193741,0.1520693004131317,0.13402268290519714
YNL036W,YPL223C,0,1.0351937,0.10575635731220245,0.1520693004131317,0.1341230869293213
YNL290W,YIL016W,0,1.0351328,0.10568562150001526,0.1520693004131317,0.13422347605228424
YPR043W,YNL065W,0,1.0348989,0.10561497509479523,0.1520693004131317,0.1343238651752472
YIL019W,YHL033C,0,1.0348074,0.10554442554712296,0.1520693004131317,0.13442425429821014
YER185W,YLR083C,1,1.0347383,0.10614152252674103,0.15303176641464233,0.13442425429821014
YIL041W,YJL094C,0,1.0346267,0.10607071220874786,0.15303176641464233,0.1345246434211731
YOR049C,YDR463W,0,1.0345347,0.10599999874830246,0.15303176641464233,0.13462503254413605
YMR024W,YLR220W,0,1.0345238,0.10592938214540482,0.15303176641464233,0.1347254365682602
YLR006C,YOL017W,0,1.0343539,0.10585885494947433,0.15303176641464233,0.13482582569122314
YHR157W,YLL061W,0,1.0343475,0.10578842461109161,0.15303176641464233,0.1349262148141861
YDR518W,YLR019W,0,1.0341178,0.10571808367967606,0.15303176641464233,0.13502660393714905
YDL081C,YAL014C,0,1.034096,0.10564783960580826,0.15303176641464233,0.135126993060112
YFL050C,YER060W,0,1.0340894,0.10557769238948822,0.15303176641464233,0.13522738218307495
YDL005C,YDR300C,0,1.03396,0.10550763458013535,0.15303176641464233,0.1353277713060379
YJL115W,YLR219W,0,1.0337479,0.10543766617774963,0.15303176641464233,0.13542817533016205
YKL043W,YLR216C,0,1.0337293,0.10536779463291168,0.15303176641464233,0.135528564453125
YBR061C,YJR147W,0,1.0336969,0.1052980124950409,0.15303176641464233,0.13562895357608795
YCL024W,YDR371W,0,1.0335668,0.10522832721471786,0.15303176641464233,0.1357293426990509
YOR253W,YLR069C,0,1.0334376,0.105158731341362,0.15303176641464233,0.13582973182201385
YEL036C,YKL025C,0,1.0331844,0.1050892248749733,0.15303176641464233,0.1359301209449768
YNL138W,YLR145W,0,1.0331168,0.10501981526613235,0.15303176641464233,0.13603052496910095
YGR271W,YDR009W,0,1.0328078,0.10495049506425858,0.15303176641464233,0.1361309140920639
YBR290W,YOL084W,1,1.0325282,0.10554089397192001,0.15399423241615295,0.1361309140920639
YLR229C,YOR128C,0,1.0325208,0.10547132790088654,0.15399423241615295,0.13623130321502686
YPR110C,YGL142C,0,1.0324147,0.10540184378623962,0.15399423241615295,0.1363316923379898
YGR083C,YNL059C,0,1.032354,0.10533245652914047,0.15399423241615295,0.13643208146095276
YLL018C-A,YNR039C,1,1.0322596,0.10592105239629745,0.15495668351650238,0.13643208146095276
YEL036C,YKL167C,0,1.0319917,0.10585141181945801,0.15495668351650238,0.1365324705839157
YBR182C,YGR171C,0,1.0319763,0.10578186810016632,0.15495668351650238,0.13663287460803986
YOR359W,YLR009W,0,1.0319571,0.1057124063372612,0.15495668351650238,0.1367332637310028
YJR147W,YPR082C,0,1.0319259,0.10564304143190384,0.15495668351650238,0.13683365285396576
YJL069C,YNL335W,0,1.0318894,0.10557377338409424,0.15495668351650238,0.1369340419769287
YHR092C,YCR037C,1,1.0318804,0.10615989565849304,0.155919149518013,0.1369340419769287
YPR190C,YER124C,0,1.0317811,0.10609037429094315,0.155919149518013,0.13703443109989166
YPL045W,YLR466W,0,1.0317731,0.10602094233036041,0.155919149518013,0.13713482022285461
YKL146W,YLR038C,1,1.0316917,0.10660562664270401,0.15688161551952362,0.13713482022285461
YKL188C,YPL072W,0,1.0316887,0.10653594881296158,0.15688161551952362,0.13723522424697876
YER007C-A,YGR028W,0,1.0316863,0.10646636039018631,0.15688161551952362,0.1373356133699417
YPL118W,YDR337W,0,1.031602,0.1063968688249588,0.15688161551952362,0.13743600249290466
YCR011C,YDR123C,0,1.0315939,0.10632745921611786,0.15688161551952362,0.13753639161586761
YHR008C,YDR087C,0,1.0314542,0.10625814646482468,0.15688161551952362,0.13763678073883057
YDR294C,YGR013W,0,1.0312907,0.10618892312049866,0.15688161551952362,0.13773716986179352
YGR215W,YBL080C,0,1.0310779,0.1061197891831398,0.15688161551952362,0.13783757388591766
YLR378C,YDR423C,0,1.0309339,0.10605074465274811,0.15688161551952362,0.13793796300888062
YIL107C,YGL070C,0,1.0308807,0.10598179697990417,0.15688161551952362,0.13803835213184357
YCR005C,YBL099W,0,1.030813,0.10591293126344681,0.15688161551952362,0.13813874125480652
YDR332W,YER165W,0,1.0306606,0.1058441549539566,0.15688161551952362,0.13823913037776947
YJL183W,YOR239W,0,1.0306126,0.10577546805143356,0.15688161551952362,0.13833951950073242
YBL030C,YJR095W,1,1.0304606,0.10635538399219513,0.15784408152103424,0.13833951950073242
YFL056C,YDR513W,0,1.0304536,0.10628645867109299,0.15784408152103424,0.13843990862369537
YNL130C,YDR392W,0,1.0303956,0.10621761530637741,0.15784408152103424,0.13854031264781952
YLL040C,YOR109W,0,1.0301155,0.1061488687992096,0.15784408152103424,0.13864070177078247
YBR126C,YDR280W,0,1.0299557,0.10608020424842834,0.15784408152103424,0.13874109089374542
YMR001C,YGR246C,0,1.0298557,0.10601163655519485,0.15784408152103424,0.13884148001670837
YKL165C,YJR014W,0,1.0297986,0.10594315081834793,0.15784408152103424,0.13894186913967133
YHR187W,YMR272C,0,1.0295413,0.10587475448846817,0.15784408152103424,0.13904225826263428
YDR021W,YBR223C,0,1.0294998,0.10580645501613617,0.15784408152103424,0.13914266228675842
YCR060W,YNL020C,0,1.029377,0.10573823004961014,0.15784408152103424,0.13924305140972137
YDR346C,YBR127C,0,1.0293527,0.10567010194063187,0.15784408152103424,0.13934344053268433
YIL118W,YLR071C,0,1.0292811,0.10560206323862076,0.15784408152103424,0.13944382965564728
YKR071C,YER146W,0,1.028416,0.10553410649299622,0.15784408152103424,0.13954421877861023
YER124C,YPL167C,0,1.0283738,0.10546623915433884,0.15784408152103424,0.13964460790157318
YLR291C,YPL246C,0,1.0282637,0.10539846122264862,0.15784408152103424,0.13974501192569733
YPR163C,YJL001W,0,1.028099,0.10533076524734497,0.15784408152103424,0.13984540104866028
YDL100C,YCL064C,0,1.0280917,0.10526315867900848,0.15784408152103424,0.13994579017162323
YPL188W,YKL093W,0,1.0280666,0.10519564151763916,0.15784408152103424,0.14004617929458618
YKL141W,YEL046C,0,1.028041,0.1051282063126564,0.15784408152103424,0.14014656841754913
YJL013C,YNL008C,0,1.0280159,0.10506086051464081,0.15784408152103424,0.14024695754051208
YLR299W,YIL099W,0,1.0279322,0.10499359667301178,0.15784408152103424,0.14034736156463623
YNL127W,YPR175W,0,1.027634,0.10492642223834991,0.15784408152103424,0.14044775068759918
YER058W,YJR044C,0,1.0274681,0.10485933721065521,0.15784408152103424,0.14054813981056213
YMR024W,YGR138C,0,1.0273421,0.10479233413934708,0.15784408152103424,0.14064852893352509
YIL111W,YDR414C,1,1.0271609,0.10536398738622665,0.15880654752254486,0.14064852893352509
YMR182C,YLR310C,0,1.0270365,0.10529674589633942,0.15880654752254486,0.14074891805648804
YOR054C,YOR098C,0,1.0269814,0.10522959381341934,0.15880654752254486,0.140849307179451
YHR196W,YML058W,0,1.0268717,0.10516252368688583,0.15880654752254486,0.14094971120357513
YPR154W,YLR165C,0,1.0268588,0.10509554296731949,0.15880654752254486,0.14105010032653809
YLR435W,YOR125C,0,1.0268543,0.10502864420413971,0.15880654752254486,0.14115048944950104
YOR205C,YDR482C,0,1.026835,0.1049618348479271,0.15880654752254486,0.141250878572464
YPL060W,YJL133W,1,1.0266232,0.10553083568811417,0.15976901352405548,0.141250878572464
YPL227C,YDR034C,0,1.0265112,0.10546378791332245,0.15976901352405548,0.14135126769542694
YJL012C,YDR264C,0,1.0263367,0.1053968220949173,0.15976901352405548,0.1414516568183899
YGR222W,YMR063W,0,1.0261161,0.10532994568347931,0.15976901352405548,0.14155204594135284
YJL099W,YER165W,0,1.0259163,0.10526315867900848,0.15976901352405548,0.141652449965477
YNL055C,YBR291C,1,1.0258664,0.10583016276359558,0.1607314795255661,0.141652449965477
YKR013W,YER149C,0,1.0258074,0.10576314479112625,0.1607314795255661,0.14175283908843994
YPL244C,YOL086C,0,1.0256658,0.10569620132446289,0.1607314795255661,0.1418532282114029
YER124C,YHR041C,0,1.0255382,0.1056293472647667,0.1607314795255661,0.14195361733436584
YMR058W,YGR095C,0,1.0254939,0.10556258261203766,0.1607314795255661,0.1420540064573288
YNL099C,YLR263W,0,1.0253443,0.1054958924651146,0.1607314795255661,0.14215439558029175
YDR255C,YDR091C,0,1.0250987,0.10542929172515869,0.1607314795255661,0.1422547996044159
YBR070C,YNL238W,0,1.0250249,0.10536277294158936,0.1607314795255661,0.14235518872737885
YDR316W,YER062C,0,1.024909,0.10529634356498718,0.1607314795255661,0.1424555778503418
YOR027W,YKL185W,0,1.0248855,0.10522999614477158,0.1607314795255661,0.14255596697330475
YIR011C,YGL060W,0,1.0248084,0.10516373068094254,0.1607314795255661,0.1426563560962677
YHR058C,YGR089W,0,1.0247564,0.10509754717350006,0.1607314795255661,0.14275674521923065
YPL050C,YGR281W,0,1.0246286,0.10503144562244415,0.1607314795255661,0.1428571492433548
YJR077C,YOL084W,1,1.0243803,0.1055939644575119,0.16169393062591553,0.1428571492433548
YDL171C,YLR183C,0,1.0243269,0.10552763938903809,0.16169393062591553,0.14295753836631775
YDR500C,YMR176W,0,1.0242987,0.10546139627695084,0.16169393062591553,0.1430579274892807
YEL063C,YIL114C,1,1.02416,0.10602258145809174,0.16265639662742615,0.1430579274892807
YNL222W,YDL174C,0,1.0241084,0.10595611482858658,0.16265639662742615,0.14315831661224365
YDL072C,YGR091W,0,1.024049,0.10588972270488739,0.16265639662742615,0.1432587057352066
YJL209W,YPR001W,0,1.0240399,0.10582341998815536,0.16265639662742615,0.14335909485816956
YMR077C,YGR112W,0,1.0240009,0.1057571992278099,0.16265639662742615,0.1434594988822937
YOR227W,YNL103W,0,1.0239266,0.10569106042385101,0.16265639662742615,0.14355988800525665
YFL010W-A,YBR068C,0,1.0239152,0.10562500357627869,0.16265639662742615,0.1436602771282196
YOR180C,YBL008W,0,1.0237727,0.10555902868509293,0.16265639662742615,0.14376066625118256
YIL098C,YJL063C,0,1.0235288,0.10549313575029373,0.16265639662742615,0.1438610553741455
YDR261C,YOL090W,0,1.0232403,0.1054273247718811,0.16265639662742615,0.14396144449710846
YDR105C,YBR086C,0,1.0232127,0.10536159574985504,0.16265639662742615,0.1440618485212326
YDR346C,YJL012C,0,1.0230584,0.10529594868421555,0.16265639662742615,0.14416223764419556
YGR145W,YNL032W,0,1.0229732,0.10523038357496262,0.16265639662742615,0.1442626267671585
YHR170W,YPL232W,0,1.0229048,0.10516490042209625,0.16265639662742615,0.14436301589012146
YEL027W,YDR235W,0,1.022788,0.10509949922561646,0.16265639662742615,0.1444634050130844
YPR131C,YGR103W,0,1.0226985,0.10503417998552322,0.16265639662742615,0.14456379413604736
YOL077W-A,YMR014W,0,1.0225484,0.10496894270181656,0.16265639662742615,0.14466418325901031
YCR073C,YBR188C,0,1.0224993,0.10490378737449646,0.16265639662742615,0.14476458728313446
YAL026C,YGL022W,0,1.0221916,0.10483870655298233,0.16265639662742615,0.1448649764060974
YLR300W,YDR178W,0,1.0221295,0.10477371513843536,0.16265639662742615,0.14496536552906036
YIL143C,YGR202C,0,1.0220923,0.10470879822969437,0.16265639662742615,0.14506575465202332
YGL175C,YBR244W,0,1.0220735,0.10464396327733994,0.16265639662742615,0.14516614377498627
YNL265C,YLR116W,0,1.0219932,0.10457921028137207,0.16265639662742615,0.14526653289794922
YPR111W,YIR019C,0,1.0218561,0.10451453179121017,0.16265639662742615,0.14536693692207336
YGR280C,YGR193C,0,1.0218383,0.10444993525743484,0.16265639662742615,0.14546732604503632
YJR047C,YDR301W,0,1.021809,0.10438542068004608,0.16265639662742615,0.14556771516799927
YPR188C,YLR244C,0,1.0217588,0.10432098805904388,0.16265639662742615,0.14566810429096222
YDR389W,YEL052W,0,1.0214466,0.10425662994384766,0.16265639662742615,0.14576849341392517
YER013W,YDR129C,0,1.021308,0.104192353785038,0.16265639662742615,0.14586888253688812
YNL047C,YDR325W,0,1.0211838,0.1041281595826149,0.16265639662742615,0.14596928656101227
YPR055W,YPL237W,0,1.0209293,0.10406403988599777,0.16265639662742615,0.14606967568397522
YNL132W,YJR017C,0,1.0208435,0.10400000214576721,0.16265639662742615,0.14617006480693817
YML080W,YMR234W,0,1.0207444,0.10393603891134262,0.16265639662742615,0.14627045392990112
YDL247W,YGL198W,0,1.0207322,0.1038721576333046,0.16265639662742615,0.14637084305286407
YER007C-A,YDL046W,0,1.020654,0.10380835086107254,0.16265639662742615,0.14647123217582703
YKL080W,YIL114C,1,1.0205836,0.1043585017323494,0.16361886262893677,0.14647123217582703
YBL009W,YKR028W,0,1.020562,0.10429447889328003,0.16361886262893677,0.14657163619995117
YDR051C,YGL130W,0,1.0202177,0.10423053056001663,0.16361886262893677,0.14667202532291412
YJR010W,YLR165C,0,1.0202014,0.1041666641831398,0.16361886262893677,0.14677241444587708
YDR471W,YHR077C,0,1.0201856,0.10410287976264954,0.16361886262893677,0.14687280356884003
YNR072W,YJR118C,0,1.020183,0.10403916984796524,0.16361886262893677,0.14697319269180298
YMR218C,YGR180C,0,1.0199785,0.10397553443908691,0.16361886262893677,0.14707358181476593
YLR066W,YAL016W,0,1.019967,0.10391198098659515,0.16361886262893677,0.14717398583889008
YDR129C,YKL041W,0,1.0199478,0.10384850203990936,0.16361886262893677,0.14727437496185303
YJL093C,YLR330W,0,1.0199306,0.10378510504961014,0.16361886262893677,0.14737476408481598
YIR010W,YOL008W,0,1.0199292,0.10372178256511688,0.16361886262893677,0.14747515320777893
YNL186W,YDL201W,0,1.0198313,0.1036585345864296,0.16361886262893677,0.14757554233074188
YER172C,YMR092C,0,1.0198206,0.10359536856412888,0.16361886262893677,0.14767593145370483
YLR449W,YLR249W,0,1.0197233,0.10353227704763412,0.16361886262893677,0.14777632057666779
YPL045W,YBR172C,0,1.0197225,0.10346926003694534,0.16361886262893677,0.14787672460079193
YBR127C,YDR536W,1,1.0196776,0.10401459783315659,0.1645813286304474,0.14787672460079193
YJR070C,YDR073W,0,1.0192567,0.1039513647556305,0.1645813286304474,0.14797711372375488
YHR193C,YJL196C,0,1.0192204,0.10388821363449097,0.1645813286304474,0.14807750284671783
YOR360C,YNL267W,0,1.0190761,0.10382513701915741,0.1645813286304474,0.1481778919696808
YMR172W,YJL020C,0,1.0189406,0.10376213490962982,0.1645813286304474,0.14827828109264374
YPL105C,YGL113W,0,1.0189271,0.1036992147564888,0.1645813286304474,0.1483786702156067
YPL138C,YFL018C,0,1.0188806,0.10363636165857315,0.1645813286304474,0.14847907423973083
YOL126C,YDR284C,0,1.0188276,0.10357359051704407,0.1645813286304474,0.1485794633626938
YML069W,YHR051W,0,1.018557,0.10351089388132095,0.1645813286304474,0.14867985248565674
YOR101W,YPL228W,0,1.0185207,0.1034482792019844,0.1645813286304474,0.1487802416086197
YML116W,YPR191W,1,1.0185184,0.10399032384157181,0.165543794631958,0.1487802416086197
YNR069C,YJR064W,0,1.0184232,0.10392749309539795,0.165543794631958,0.14888063073158264
YGL061C,YGL124C,0,1.0184063,0.10386473685503006,0.165543794631958,0.1489810198545456
YGR044C,YER017C,0,1.0183882,0.10380205512046814,0.165543794631958,0.14908142387866974
YOL082W,YKL093W,0,1.0183454,0.10373944789171219,0.165543794631958,0.1491818130016327
YOR176W,YNL240C,0,1.018178,0.10367691516876221,0.165543794631958,0.14928220212459564
YML065W,YKL085W,0,1.0179101,0.1036144569516182,0.165543794631958,0.1493825912475586
YMR250W,YKL168C,0,1.0178806,0.10355208069086075,0.165543794631958,0.14948298037052155
YFR052W,YDL188C,0,1.0178676,0.10348977148532867,0.165543794631958,0.1495833694934845
YAL040C,YMR276W,0,1.0176662,0.10342754423618317,0.165543794631958,0.14968377351760864
YHR061C,YJR082C,0,1.0176463,0.10336538404226303,0.165543794631958,0.1497841626405716
YNL067W,YPR164W,0,1.0175387,0.10330330580472946,0.165543794631958,0.14988455176353455
YKL016C,YBR187W,1,1.0174497,0.10384153574705124,0.16650626063346863,0.14988455176353455
YPL087W,YML021C,0,1.017417,0.10377924144268036,0.16650626063346863,0.1499849408864975
YHR148W,YMR143W,0,1.0173081,0.10371702909469604,0.16650626063346863,0.15008533000946045
YER167W,YPL065W,0,1.0172262,0.1036548838019371,0.16650626063346863,0.1501857191324234
YGR275W,YDR512C,0,1.0166777,0.10359281301498413,0.16650626063346863,0.15028612315654755
YLR138W,YDR264C,0,1.0166445,0.10353081673383713,0.16650626063346863,0.1503865122795105
YER159C,YBR301W,0,1.0166032,0.10346890240907669,0.16650626063346863,0.15048690140247345
YPL076W,YNL116W,0,1.0165946,0.10340705513954163,0.16650626063346863,0.1505872905254364
YLR242C,YMR005W,0,1.0165395,0.10334528237581253,0.16650626063346863,0.15068767964839935
YPL230W,YHR178W,0,1.0165179,0.1032835841178894,0.16650626063346863,0.1507880687713623
YOR207C,YMR136W,0,1.016377,0.10322196036577225,0.16650626063346863,0.15088845789432526
YCL030C,YMR008C,0,1.0162996,0.10316040366888046,0.16650626063346863,0.1509888619184494
YOL051W,YPR125W,0,1.0162716,0.10309892892837524,0.16650626063346863,0.15108925104141235
YIL047C,YLR367W,0,1.0162141,0.1030375212430954,0.16650626063346863,0.1511896401643753
YMR025W,YLR382C,0,1.0161525,0.10297618806362152,0.16650626063346863,0.15129002928733826
YJL096W,YDR291W,0,1.0161116,0.10291492938995361,0.16650626063346863,0.1513904184103012
YGL093W,YNL262W,0,1.0159359,0.10285374522209167,0.16650626063346863,0.15149080753326416
YOR002W,YML093W,0,1.0159132,0.1027926355600357,0.16650626063346863,0.1515912115573883
YCL001W,YLR081W,0,1.0158519,0.10273159295320511,0.16650626063346863,0.15169160068035126
YPL221W,YOR229W,0,1.0157261,0.10267062485218048,0.16650626063346863,0.1517919898033142
YPL110C,YGR082W,0,1.0155797,0.10260972380638123,0.16650626063346863,0.15189237892627716
YML024W,YDL181W,0,1.0155451,0.10254890471696854,0.16650626063346863,0.1519927680492401
YNL093W,YMR240C,0,1.0153761,0.10248815268278122,0.16650626063346863,0.15209315717220306
YER119C,YHL040C,1,1.0151725,0.10301953554153442,0.16746872663497925,0.15209315717220306
YPL112C,YBR153W,0,1.0151228,0.10295858234167099,0.16746872663497925,0.1521935611963272
YDR091C,YDR496C,0,1.014879,0.10289769619703293,0.16746872663497925,0.15229395031929016
YBR195C,YBL016W,0,1.014661,0.10283687710762024,0.16746872663497925,0.1523943394422531
YBL002W,YFR024C-A,0,1.0146041,0.10277613997459412,0.16746872663497925,0.15249472856521606
YGR281W,YOR049C,1,1.0145979,0.10330578684806824,0.16843117773532867,0.15249472856521606
YKL110C,YPR101W,0,1.014575,0.1032448410987854,0.16843117773532867,0.15259511768817902
YGR121C,YBR135W,0,1.0145746,0.10318396240472794,0.16843117773532867,0.15269550681114197
YDR001C,YOR298C-A,0,1.0144155,0.10312315821647644,0.16843117773532867,0.1527959108352661
YFL001W,YML123C,0,1.0143936,0.10306242853403091,0.16843117773532867,0.15289629995822906
YNR010W,YJL035C,0,1.0143327,0.10300176590681076,0.16843117773532867,0.15299668908119202
YBR004C,YGR211W,0,1.0141948,0.10294117778539658,0.16843117773532867,0.15309707820415497
YEL031W,YIL114C,1,1.0141132,0.10346854478120804,0.1693936437368393,0.15309707820415497
YHL013C,YDL005C,0,1.0140215,0.10340775549411774,0.1693936437368393,0.15319746732711792
YGL103W,YNL153C,0,1.01394,0.10334703326225281,0.1693936437368393,0.15329785645008087
YNL259C,YDL160C,0,1.0139226,0.10328638553619385,0.1693936437368393,0.15339826047420502
YDR129C,YLR369W,0,1.0137174,0.10322580486536026,0.1693936437368393,0.15349864959716797
YBR110W,YBR093C,0,1.0133529,0.10316529870033264,0.1693936437368393,0.15359903872013092
YKL086W,YER171W,0,1.0133275,0.1031048595905304,0.1693936437368393,0.15369942784309387
YNL290W,YPR046W,0,1.0132943,0.10304449498653412,0.1693936437368393,0.15379981696605682
YNL272C,YBR103W,0,1.0131081,0.10298420488834381,0.1693936437368393,0.15390020608901978
YOR204W,YML073C,0,1.013076,0.10292397439479828,0.1693936437368393,0.15400059521198273
YIL037C,YCL011C,0,1.0130202,0.10286382585763931,0.1693936437368393,0.15410099923610687
YKR008W,YAL061W,0,1.0127938,0.10280373692512512,0.1693936437368393,0.15420138835906982
YER175C,YHR060W,0,1.0127208,0.1027437224984169,0.1693936437368393,0.15430177748203278
YIL018W,YKL041W,0,1.0124907,0.10268378257751465,0.1693936437368393,0.15440216660499573
YDR343C,YLR025W,1,1.0120255,0.10320699959993362,0.17035610973834991,0.15440216660499573
YLR332W,YKR085C,0,1.011728,0.10314685106277466,0.17035610973834991,0.15450255572795868
YDR462W,YDR138W,0,1.0116651,0.10308677703142166,0.17035610973834991,0.15460294485092163
YLR115W,YLR068W,0,1.0116115,0.10302677750587463,0.17035610973834991,0.15470334887504578
YHR148W,YOL066C,0,1.0114782,0.10296683758497238,0.17035610973834991,0.15480373799800873
YPR034W,YER007C-A,0,1.0114343,0.1029069796204567,0.17035610973834991,0.15490412712097168
YCL025C,YHR002W,1,1.0114162,0.10342823714017868,0.17131857573986053,0.15490412712097168
YNL125C,YNL243W,0,1.0109242,0.10336817800998688,0.17131857573986053,0.15500451624393463
YNL152W,YPL161C,0,1.0105972,0.10330818593502045,0.17131857573986053,0.15510490536689758
YBR067C,YJR032W,0,1.0104901,0.10324826091527939,0.17131857573986053,0.15520529448986053
YJL111W,YJR050W,0,1.0104485,0.1031884029507637,0.17131857573986053,0.15530569851398468
YHR119W,YKL080W,0,1.0104389,0.10312861949205399,0.17131857573986053,0.15540608763694763
YDL074C,YKL160W,0,1.0104023,0.10306890308856964,0.17131857573986053,0.15550647675991058
YLR348C,YJR040W,1,1.0102963,0.10358796268701553,0.17228104174137115,0.15550647675991058
YNL121C,YBR274W,0,1.010194,0.10352805256843567,0.17228104174137115,0.15560686588287354
YLR011W,YDR405W,0,1.0101275,0.10346820950508118,0.17228104174137115,0.1557072550058365
YDR113C,YMR272C,0,1.0100259,0.10340843349695206,0.17228104174137115,0.15580764412879944
YNR046W,YOL128C,0,1.0099721,0.1033487319946289,0.17228104174137115,0.15590804815292358
YNL245C,YLR390W-A,0,1.0099488,0.10328909754753113,0.17228104174137115,0.15600843727588654
YLR372W,YDR073W,0,1.0098351,0.10322953015565872,0.17228104174137115,0.1561088263988495
YPL002C,YBR039W,1,1.0098109,0.10374639928340912,0.17324350774288177,0.1561088263988495
YJR103W,YGL180W,0,1.009616,0.10368663817644119,0.17324350774288177,0.15620921552181244
YNR069C,YJR004C,0,1.0093815,0.10362694412469864,0.17324350774288177,0.1563096046447754
YOR312C,YHR112C,0,1.009307,0.10356731712818146,0.17324350774288177,0.15640999376773834
YKR088C,YOL104C,0,1.0092164,0.10350776463747025,0.17324350774288177,0.1565103977918625
YPL239W,YHR216W,0,1.0091863,0.1034482792019844,0.17324350774288177,0.15661078691482544
YLL004W,YMR308C,0,1.0091602,0.10338885337114334,0.17324350774288177,0.1567111760377884
YNL131W,YGR229C,0,1.0090305,0.10332950949668884,0.17324350774288177,0.15681156516075134
YBR118W,YGL053W,0,1.0089357,0.10327022522687912,0.17324350774288177,0.1569119542837143
YKL189W,YGL099W,0,1.0088207,0.10321100801229477,0.17324350774288177,0.15701234340667725
YHR048W,YKL175W,1,1.0087185,0.10372492671012878,0.1742059737443924,0.15701234340667725
YNL265C,YPL096W,0,1.008616,0.10366552323102951,0.1742059737443924,0.1571127325296402
YPL193W,YGL083W,0,1.0085039,0.10360617935657501,0.1742059737443924,0.15721313655376434
YLR350W,YDR171W,0,1.0083067,0.10354690998792648,0.1742059737443924,0.1573135256767273
YLR398C,YNL302C,0,1.0080303,0.10348770767450333,0.1742059737443924,0.15741391479969025
YLR020C,YGL180W,0,1.0078918,0.10342857241630554,0.1742059737443924,0.1575143039226532
YOR254C,YIL117C,0,1.0078819,0.10336950421333313,0.1742059737443924,0.15761469304561615
YJL001W,YDL208W,0,1.0078382,0.10331050306558609,0.1742059737443924,0.1577150821685791
YEL065W,YNL052W,1,1.0077133,0.1038220226764679,0.17516842484474182,0.1577150821685791
YHR029C,YDR359C,0,1.0074236,0.10376282781362534,0.17516842484474182,0.15781548619270325
YKR052C,YNL101W,1,1.0071256,0.10427350550889969,0.17613089084625244,0.15781548619270325
YHR029C,YNL288W,0,1.007092,0.1042141243815422,0.17613089084625244,0.1579158753156662
YDR108W,YOR035C,0,1.006967,0.1041548103094101,0.17613089084625244,0.15801626443862915
YNR015W,YOL124C,0,1.0068897,0.10409556329250336,0.17613089084625244,0.1581166535615921
YBR221C,YPL132W,0,1.0068423,0.10403638333082199,0.17613089084625244,0.15821704268455505
YNL263C,YOR273C,0,1.0067972,0.103977270424366,0.17613089084625244,0.158317431807518
YDL079C,YGR103W,0,1.0065861,0.10391822457313538,0.17613089084625244,0.15841783583164215
YIL156W,YDR469W,0,1.0065835,0.10385925322771072,0.17613089084625244,0.1585182249546051
YER169W,YKR049C,0,1.0065603,0.10380034148693085,0.17613089084625244,0.15861861407756805
YER178W,YEL047C,0,1.0065427,0.10374149680137634,0.17613089084625244,0.158719003200531
YMR323W,YMR190C,0,1.0063565,0.10368271917104721,0.17613089084625244,0.15881939232349396
YKL120W,YPL164C,0,1.0062858,0.10362400859594345,0.17613089084625244,0.1589197814464569
YFR050C,YOR045W,0,1.0062125,0.10356536507606506,0.17613089084625244,0.15902018547058105
YBR061C,YBR005W,0,1.0060673,0.10350678861141205,0.17613089084625244,0.159120574593544
YJL099W,YJL197W,0,1.0060225,0.1034482792019844,0.17613089084625244,0.15922096371650696
YKL079W,YDL159W,0,1.0057403,0.10338982939720154,0.17613089084625244,0.1593213528394699
YER145C,YLR237W,1,1.0056727,0.10389610379934311,0.17709335684776306,0.1593213528394699
YDR516C,YNR036C,0,1.0054486,0.10383747518062592,0.17709335684776306,0.15942174196243286
YGR121C,YDL070W,0,1.0053107,0.1037789061665535,0.17709335684776306,0.1595221310853958
YOR173W,YOR099W,0,1.0052922,0.10372040420770645,0.17709335684776306,0.15962253510951996
YOR065W,YOL084W,1,1.004992,0.10422535240650177,0.17805582284927368,0.15962253510951996
YJL093C,YPL196W,0,1.0049815,0.1041666641831398,0.17805582284927368,0.1597229242324829
YPL053C,YPL063W,0,1.0046043,0.1041080504655838,0.17805582284927368,0.15982331335544586
YLR390W-A,YLR144C,0,1.0042996,0.10404949635267258,0.17805582284927368,0.1599237024784088
YHR029C,YIR033W,0,1.0042994,0.10399100929498672,0.17805582284927368,0.16002409160137177
YMR207C,YKR102W,0,1.0042391,0.10393258184194565,0.17805582284927368,0.16012448072433472
YJL089W,YKR010C,0,1.0040417,0.10387422889471054,0.17805582284927368,0.16022486984729767
YMR203W,YGR003W,0,1.0039105,0.10381593555212021,0.17805582284927368,0.16032527387142181
YKR029C,YNL085W,0,1.0038207,0.10375770926475525,0.17805582284927368,0.16042566299438477
YKL101W,YGL233W,0,1.0036726,0.10369955003261566,0.17805582284927368,0.16052605211734772
YMR116C,YFR055W,0,1.00362,0.10364145785570145,0.17805582284927368,0.16062644124031067
YJL111W,YDR423C,0,1.0035799,0.103583425283432,0.17805582284927368,0.16072683036327362
YOL155C,YLR219W,0,1.0035758,0.10352545976638794,0.17805582284927368,0.16082721948623657
YBR265W,YGL027C,0,1.0034119,0.10346756130456924,0.17805582284927368,0.16092762351036072
YBR079C,YHR211W,0,1.0032068,0.10340972244739532,0.17805582284927368,0.16102801263332367
YGR175C,YGL073W,0,1.0031188,0.10335195809602737,0.17805582284927368,0.16112840175628662
YPR008W,YGR152C,0,1.0030166,0.1032942458987236,0.17805582284927368,0.16122879087924957
YDR473C,YEL040W,0,1.0030102,0.1032366082072258,0.17805582284927368,0.16132918000221252
YHR175W,YNL052W,1,1.0030086,0.1037367507815361,0.1790182888507843,0.16132918000221252
YIL099W,YBR199W,0,1.0029172,0.10367892682552338,0.1790182888507843,0.16142956912517548
YGR057C,YDR490C,0,1.002727,0.10362116992473602,0.1790182888507843,0.16152997314929962
YJL069C,YNL326C,0,1.0026743,0.10356347262859344,0.1790182888507843,0.16163036227226257
YHR176W,YMR180C,0,1.0025978,0.10350584238767624,0.1790182888507843,0.16173075139522552
YFR029W,YDR195W,0,1.0025969,0.1034482792019844,0.1790182888507843,0.16183114051818848
YER113C,YHL016C,1,1.0025396,0.10394663363695145,0.17998075485229492,0.16183114051818848
YOL051W,YHR005C-A,0,1.0025082,0.10388889163732529,0.17998075485229492,0.16193152964115143
YBR003W,YBR217W,0,1.0022957,0.1038312017917633,0.17998075485229492,0.16203191876411438
YKR052C,YFR031C-A,0,1.0021667,0.1037735864520073,0.17998075485229492,0.16213232278823853
YKR042W,YNL262W,0,1.0021094,0.10371603071689606,0.17998075485229492,0.16223271191120148
YDR292C,YNR012W,0,1.0020739,0.1036585345864296,0.17998075485229492,0.16233310103416443
YLL002W,YPR100W,0,1.002068,0.10360110551118851,0.17998075485229492,0.16243349015712738
YGL077C,YNL066W,0,1.001975,0.10354374349117279,0.17998075485229492,0.16253387928009033
YAR014C,YFR036W,0,1.0016637,0.10348644107580185,0.17998075485229492,0.16263426840305328
YDR270W,YHR026W,1,1.0014751,0.10398229956626892,0.18094322085380554,0.16263426840305328
YIL121W,YAL053W,1,1.0014491,0.10447761416435242,0.18190567195415497,0.16263426840305328
YBR192W,YIL121W,1,1.0013897,0.10497237741947174,0.1828681379556656,0.16263426840305328
YGR024C,YAL051W,0,1.0013787,0.10491441190242767,0.1828681379556656,0.16273467242717743
YMR044W,YCR024C,0,1.0013715,0.10485651344060898,0.1828681379556656,0.16283506155014038
YHL013C,YML029W,0,1.001292,0.10479867458343506,0.1828681379556656,0.16293545067310333
YDR314C,YHL038C,0,1.0012541,0.10474090278148651,0.1828681379556656,0.16303583979606628
YAR003W,YDR145W,0,1.0012131,0.10468319803476334,0.1828681379556656,0.16313622891902924
YOR231W,YNL062C,0,1.0011007,0.10462555289268494,0.1828681379556656,0.1632366180419922
YIL134W,YMR319C,1,1.0010141,0.10511832684278488,0.1838306039571762,0.1632366180419922
YML024W,YMR091C,0,1.0009208,0.10506050288677216,0.1838306039571762,0.16333700716495514
YLR435W,YBR066C,0,1.000914,0.1050027459859848,0.1838306039571762,0.16343741118907928
YIL133C,YDR353W,0,1.0008283,0.10494505614042282,0.1838306039571762,0.16353780031204224
YAR027W,YJR053W,0,1.0007874,0.10488742589950562,0.1838306039571762,0.1636381894350052
YDR438W,YMR058W,0,1.0007032,0.10482985526323318,0.1838306039571762,0.16373857855796814
YBR203W,YML073C,0,1.0006597,0.10477235168218613,0.1838306039571762,0.1638389676809311
YMR205C,YOR334W,0,1.0005811,0.10471491515636444,0.1838306039571762,0.16393935680389404
YLR363C,YMR202W,0,1.0002178,0.10465753078460693,0.1838306039571762,0.1640397608280182
YML001W,YGL071W,0,1.0001855,0.1046002209186554,0.1838306039571762,0.16414014995098114
YPR068C,YDL047W,0,1.0001708,0.10454296320676804,0.1838306039571762,0.1642405390739441
YBR125C,YOL052C-A,0,1.0001638,0.10448578000068665,0.1838306039571762,0.16434092819690704
YEL062W,YOR103C,0,1.0001512,0.10442864894866943,0.1838306039571762,0.16444131731987
YBR102C,YER006W,0,0.9996048,0.1043715849518776,0.1838306039571762,0.16454170644283295
YDR129C,YIL049W,0,0.9995327,0.10431458055973053,0.1838306039571762,0.1646421104669571
YKL175W,YLR167W,0,0.99948454,0.10425764322280884,0.1838306039571762,0.16474249958992004
YBR260C,YGL124C,0,0.99946153,0.10420076549053192,0.1838306039571762,0.164842888712883
YLR024C,YNL052W,0,0.999457,0.10414394736289978,0.1838306039571762,0.16494327783584595
YML001W,YJR035W,0,0.99933434,0.10408719629049301,0.1838306039571762,0.1650436669588089
YHL002W,YJR158W,1,0.9993106,0.10457516461610794,0.18479306995868683,0.1650436669588089
YGR140W,YNL314W,0,0.99929357,0.10451823472976685,0.18479306995868683,0.16514405608177185
YEL040W,YOR153W,0,0.9992658,0.10446137189865112,0.18479306995868683,0.165244460105896
YPL215W,YJL140W,0,0.99915123,0.10440456867218018,0.18479306995868683,0.16534484922885895
YJR108W,YOL049W,0,0.99879694,0.104347825050354,0.18479306995868683,0.1654452383518219
YLR348C,YLL048C,1,0.9987432,0.10483432561159134,0.18575553596019745,0.1654452383518219
YOR275C,YJL034W,0,0.99863756,0.10477741807699203,0.18575553596019745,0.16554562747478485
YLL024C,YEL024W,0,0.99860424,0.10472056269645691,0.18575553596019745,0.1656460165977478
YDR255C,YDL240W,0,0.99849164,0.10466377437114716,0.18575553596019745,0.16574640572071075
YGR082W,YMR105C,0,0.99833584,0.10460704565048218,0.18575553596019745,0.1658468097448349
YNL275W,YLR237W,1,0.99832416,0.10509209334850311,0.18671800196170807,0.1658468097448349
YJL122W,YCR011C,0,0.99831283,0.1050351932644844,0.18671800196170807,0.16594719886779785
YDR451C,YFR042W,0,0.9981291,0.10497835278511047,0.18671800196170807,0.1660475879907608
YPR113W,YHR108W,0,0.9981287,0.10492157936096191,0.18671800196170807,0.16614797711372375
YPR072W,YJL187C,0,0.99808896,0.10486486554145813,0.18671800196170807,0.1662483662366867
YLR193C,YOR025W,0,0.9980883,0.10480821132659912,0.18671800196170807,0.16634875535964966
YLR300W,YMR145C,0,0.9979902,0.10475161671638489,0.18671800196170807,0.1664491444826126
YDR041W,YLR183C,0,0.9978695,0.10469508916139603,0.18671800196170807,0.16654954850673676
YOR049C,YIR022W,0,0.99760616,0.10463862121105194,0.18671800196170807,0.1666499376296997
YDL138W,YOR130C,1,0.99758375,0.10512129217386246,0.1876804679632187,0.1666499376296997
YBR067C,YBR203W,0,0.99747324,0.10506465286016464,0.1876804679632187,0.16675032675266266
YML022W,YBR005W,0,0.9973435,0.1050080806016922,0.1876804679632187,0.1668507158756256
YDR317W,YMR220W,0,0.9973062,0.10495156049728394,0.1876804679632187,0.16695110499858856
YJL099W,YOL165C,0,0.9972441,0.10489510744810104,0.1876804679632187,0.1670514941215515
YOR118W,YOL108C,0,0.9971971,0.10483870655298233,0.1876804679632187,0.16715189814567566
YKR099W,YLR410W,0,0.99708307,0.10478237271308899,0.1876804679632187,0.1672522872686386
YIL140W,YCR012W,0,0.9968942,0.10472609847784042,0.1876804679632187,0.16735267639160156
YJL138C,YDL014W,0,0.99682486,0.10466988384723663,0.1876804679632187,0.16745306551456451
YMR164C,YMR013C,0,0.9967992,0.10461373627185822,0.1876804679632187,0.16755345463752747
YOR142W,YPL015C,0,0.9967762,0.10455764085054398,0.1876804679632187,0.16765384376049042
YNL025C,YPL147W,0,0.99675775,0.10450160503387451,0.1876804679632187,0.16775424778461456
YBR181C,YDL212W,0,0.99666226,0.10444563627243042,0.1876804679632187,0.16785463690757751
YHR133C,YNL177C,0,0.99646604,0.1043897196650505,0.1876804679632187,0.16795502603054047
YMR025W,YKR036C,0,0.99639565,0.10433387011289597,0.1876804679632187,0.16805541515350342
YDR293C,YNL216W,0,0.99638236,0.1042780727148056,0.1876804679632187,0.16815580427646637
YJR063W,YDL170W,0,0.996371,0.10422234237194061,0.1876804679632187,0.16825619339942932
YGR186W,YKL012W,0,0.99628985,0.1041666641831398,0.1876804679632187,0.16835659742355347
YER119C,YDL054C,0,0.9962703,0.10411105304956436,0.1876804679632187,0.16845698654651642
YNL299W,YOR375C,0,0.99626327,0.1040554940700531,0.1876804679632187,0.16855737566947937
YBR247C,YGL030W,0,0.9962386,0.10400000214576721,0.1876804679632187,0.16865776479244232
YER169W,YIL011W,0,0.996113,0.1039445623755455,0.1876804679632187,0.16875815391540527
YHR088W,YLR118C,0,0.99604976,0.10388918220996857,0.1876804679632187,0.16885854303836823
YOR071C,YOR306C,1,0.99591446,0.10436634719371796,0.18864291906356812,0.16885854303836823
YMR234W,YBR085W,0,0.9958929,0.10431080311536789,0.18864291906356812,0.16895894706249237
YOR168W,YKR089C,0,0.99588627,0.1042553186416626,0.18864291906356812,0.16905933618545532
YMR030W,YDL059C,0,0.9958247,0.10419989377260208,0.18864291906356812,0.16915972530841827
YMR116C,YBR200W,0,0.99581814,0.10414452850818634,0.18864291906356812,0.16926011443138123
YNR072W,YPL237W,0,0.9956932,0.10408922284841537,0.18864291906356812,0.16936050355434418
YHR175W,YJL060W,0,0.99545527,0.10403396934270859,0.18864291906356812,0.16946089267730713
YGR271W,YFL026W,0,0.99530965,0.10397878289222717,0.18864291906356812,0.16956128180027008
YJR160C,YGL008C,1,0.99521327,0.10445386916399002,0.18960538506507874,0.16956128180027008
YGR032W,YMR176W,0,0.99487484,0.10439851880073547,0.18960538506507874,0.16966168582439423
YDL061C,YER151C,0,0.9948183,0.1043432205915451,0.18960538506507874,0.16976207494735718
YPR119W,YGL125W,0,0.9948017,0.10428798198699951,0.18960538506507874,0.16986246407032013
YPR120C,YAR027W,0,0.9947841,0.1042328029870987,0.18960538506507874,0.16996285319328308
YDL198C,YHR209W,0,0.99474114,0.10417768359184265,0.18960538506507874,0.17006324231624603
YGL067W,YOL145C,0,0.9947237,0.10412262380123138,0.18960538506507874,0.17016363143920898
YLR193C,YMR041C,0,0.9945937,0.1040676161646843,0.18960538506507874,0.17026403546333313
YOR324C,YHL001W,0,0.99457866,0.10401266813278198,0.18960538506507874,0.17036442458629608
YLR163C,YKR100C,0,0.99443716,0.10395778715610504,0.18960538506507874,0.17046481370925903
YOL045W,YDR500C,0,0.9942722,0.10390295088291168,0.18960538506507874,0.17056520283222198
YOR136W,YGL053W,0,0.99364793,0.1038481816649437,0.18960538506507874,0.17066559195518494
YJR112W,YPR086W,0,0.993546,0.10379346460103989,0.18960538506507874,0.1707659810781479
YMR145C,YBL052C,0,0.9934436,0.10373880714178085,0.18960538506507874,0.17086638510227203
YJL191W,YHR098C,0,0.9934046,0.1036842092871666,0.18960538506507874,0.17096677422523499
YML049C,YLR128W,0,0.9933208,0.10362967103719711,0.18960538506507874,0.17106716334819794
YBL063W,YER049W,0,0.9932891,0.10357518494129181,0.18960538506507874,0.1711675524711609
YEL062W,YDL093W,0,0.993127,0.10352075845003128,0.18960538506507874,0.17126794159412384
YNL272C,YOR303W,0,0.9930954,0.10346638411283493,0.18960538506507874,0.1713683307170868
YDR148C,YBR172C,0,0.9930647,0.10341207683086395,0.18960538506507874,0.17146873474121094
YML026C,YOR008C,0,0.9930632,0.10335781425237656,0.18960538506507874,0.1715691238641739
YPL023C,YBR301W,0,0.9930079,0.10330361872911453,0.18960538506507874,0.17166951298713684
YER013W,YLR208W,0,0.9927373,0.10324947535991669,0.18960538506507874,0.1717699021100998
YLR330W,YER073W,0,0.9927298,0.10319539159536362,0.18960538506507874,0.17187029123306274
YHR135C,YDR078C,0,0.9925059,0.10314135998487473,0.18960538506507874,0.1719706803560257
YLR085C,YBR031W,0,0.99249613,0.10308738797903061,0.18960538506507874,0.17207108438014984
YLL029W,YNL262W,0,0.9924898,0.10303347557783127,0.18960538506507874,0.1721714735031128
YER144C,YHR216W,0,0.99229497,0.1029796153306961,0.18960538506507874,0.17227186262607574
YER022W,YDR190C,0,0.99225473,0.10292580723762512,0.18960538506507874,0.1723722517490387
YGR180C,YGR238C,0,0.99211216,0.10287206619977951,0.18960538506507874,0.17247264087200165
YER167W,YBR128C,0,0.99183536,0.10281836986541748,0.18960538506507874,0.1725730299949646
YPL122C,YOR018W,0,0.9917957,0.10276473313570023,0.18960538506507874,0.17267341911792755
YCR044C,YDL160C,0,0.99178374,0.10271115601062775,0.18960538506507874,0.1727738231420517
YJL196C,YOL124C,0,0.99160457,0.10265763103961945,0.18960538506507874,0.17287421226501465
YAL022C,YJR140C,0,0.9915565,0.10260416567325592,0.18960538506507874,0.1729746013879776
YHR016C,YFL045C,0,0.99153626,0.10255075246095657,0.18960538506507874,0.17307499051094055
YHR111W,YGR023W,0,0.99151313,0.102497398853302,0.18960538506507874,0.1731753796339035
YNL225C,YLR247C,0,0.991394,0.10244409739971161,0.18960538506507874,0.17327576875686646
YOL110W,YER060W,0,0.99136806,0.10239085555076599,0.18960538506507874,0.1733761727809906
YLR298C,YHR057C,0,0.99119,0.10233766585588455,0.18960538506507874,0.17347656190395355
YJL204C,YOR084W,0,0.99115026,0.10228452831506729,0.18960538506507874,0.1735769510269165
YDR354W,YMR220W,0,0.9910811,0.1022314503788948,0.18960538506507874,0.17367734014987946
YJR055W,YJR140C,0,0.991014,0.1021784245967865,0.18960538506507874,0.1737777292728424
YGL098W,YOR323C,0,0.9909676,0.10212545096874237,0.18960538506507874,0.17387811839580536
YNL041C,YPL180W,0,0.99095666,0.10207253694534302,0.18960538506507874,0.1739785224199295
YLR013W,YGL236C,0,0.9909319,0.10201968252658844,0.18960538506507874,0.17407891154289246
YPL001W,YDR361C,0,0.99063534,0.10196687281131744,0.18960538506507874,0.1741793006658554
YKL051W,YMR203W,0,0.99062777,0.10191412270069122,0.18960538506507874,0.17427968978881836
YNL138W,YAL061W,0,0.9903507,0.10186142474412918,0.18960538506507874,0.1743800789117813
YDR434W,YDL240W,0,0.9903447,0.10180878639221191,0.18960538506507874,0.17448046803474426
YPR152C,YLR113W,0,0.9903431,0.10175620019435883,0.18960538506507874,0.1745808720588684
YML007W,YLR440C,0,0.99017465,0.10170366615056992,0.18960538506507874,0.17468126118183136
YOR084W,YJR084W,0,0.99012274,0.10165118426084518,0.18960538506507874,0.1747816503047943
YIR039C,YML021C,0,0.99010134,0.10159876197576523,0.18960538506507874,0.17488203942775726
YGR070W,YDL107W,0,0.99004316,0.10154639184474945,0.18960538506507874,0.17498242855072021
YIL079C,YOR110W,0,0.9900179,0.10149407386779785,0.18960538506507874,0.17508281767368317
YHR073W,YPL097W,0,0.9898524,0.10144181549549103,0.18960538506507874,0.1751832216978073
YBR074W,YDR294C,0,0.98959434,0.10138960182666779,0.18960538506507874,0.17528361082077026
YLR368W,YKL093W,0,0.9895514,0.10133744776248932,0.18960538506507874,0.17538399994373322
YOL009C,YDR226W,0,0.9894948,0.10128534585237503,0.18960538506507874,0.17548438906669617
YDL139C,YOL059W,0,0.98946905,0.10123329609632492,0.18960538506507874,0.17558477818965912
YDL047W,YGL087C,0,0.9893452,0.10118130594491959,0.18960538506507874,0.17568516731262207
YNR054C,YCL033C,0,0.9893377,0.10112936049699783,0.18960538506507874,0.17578555643558502
YBL031W,YNL286W,0,0.9892006,0.10107747465372086,0.18960538506507874,0.17588596045970917
YJL020C,YML066C,0,0.9891573,0.10102564096450806,0.18960538506507874,0.17598634958267212
YPL202C,YGL187C,1,0.988955,0.10148641467094421,0.19056785106658936,0.17598634958267212
YGR192C,YGR096W,1,0.98888683,0.10194671899080276,0.19153031706809998,0.17598634958267212
YJL066C,YGR206W,0,0.9887874,0.10189452022314072,0.19153031706809998,0.17608673870563507
YMR105C,YGR161C,0,0.9886277,0.10184237360954285,0.19153031706809998,0.17618712782859802
YKL141W,YPL097W,0,0.9886151,0.10179027915000916,0.19153031706809998,0.17628751695156097
YDR201W,YMR049C,0,0.9885067,0.10173824429512024,0.19153031706809998,0.17638790607452393
YBL050W,YOL060C,0,0.98837626,0.1016862541437149,0.19153031706809998,0.17648831009864807
YBR110W,YIL119C,0,0.9883161,0.10163432359695435,0.19153031706809998,0.17658869922161102
YGR096W,YML123C,1,0.98802805,0.10209290683269501,0.1924927830696106,0.17658869922161102
YNR015W,YEL037C,0,0.9879718,0.10204081982374191,0.1924927830696106,0.17668908834457397
YKL185W,YML064C,0,0.9879677,0.1019887775182724,0.1924927830696106,0.17678947746753693
YBL003C,YOR229W,0,0.9879186,0.10193680226802826,0.1924927830696106,0.17688986659049988
YGR199W,YDR123C,0,0.98785037,0.1018848717212677,0.1924927830696106,0.17699025571346283
YPL224C,YDL107W,0,0.9876152,0.10183299332857132,0.1924927830696106,0.17709065973758698
YGR199W,YMR276W,0,0.98744375,0.10178116708993912,0.1924927830696106,0.17719104886054993
YPL244C,YMR232W,0,0.98718244,0.10172940045595169,0.1924927830696106,0.17729143798351288
YAL040C,YNL236W,0,0.98680425,0.10167767852544785,0.1924927830696106,0.17739182710647583
YML080W,YOR106W,0,0.9867656,0.10162601619958878,0.1924927830696106,0.17749221622943878
YML032C,YNL111C,0,0.9865818,0.10157440602779388,0.1924927830696106,0.17759260535240173
YFL010W-A,YBR230C,0,0.9863783,0.10152284055948257,0.1924927830696106,0.17769300937652588
YKR049C,YDR189W,0,0.98632866,0.10147133469581604,0.1924927830696106,0.17779339849948883
YHR146W,YLR367W,0,0.9860934,0.10141988098621368,0.1924927830696106,0.17789378762245178
YER035W,YGL250W,0,0.986078,0.10136847198009491,0.1924927830696106,0.17799417674541473
YOR250C,YMR322C,0,0.9860407,0.10131712257862091,0.1924927830696106,0.17809456586837769
YOR377W,YER102W,0,0.98603857,0.10126582533121109,0.1924927830696106,0.17819495499134064
YFL050C,YLL028W,1,0.9860335,0.1017206460237503,0.19345524907112122,0.17819495499134064
YOR313C,YMR215W,0,0.9859138,0.10166919231414795,0.19345524907112122,0.17829535901546478
YHR146W,YLR003C,0,0.9859077,0.10161779820919037,0.19345524907112122,0.17839574813842773
YKL026C,YJR159W,0,0.9858884,0.10156644880771637,0.19345524907112122,0.17849613726139069
YDL140C,YNL225C,0,0.98575854,0.10151515156030655,0.19345524907112122,0.17859652638435364
YDL178W,YOL052C-A,0,0.9857119,0.10146390646696091,0.19345524907112122,0.1786969155073166
YFR025C,YPL268W,0,0.98569727,0.10141271352767944,0.19345524907112122,0.17879730463027954
YNR048W,YGL022W,0,0.9856803,0.10136157274246216,0.19345524907112122,0.1788976937532425
YNL116W,YPL079W,0,0.9855964,0.10131048411130905,0.19345524907112122,0.17899809777736664
YNR048W,YNL323W,0,0.98547125,0.10125944763422012,0.19345524907112122,0.1790984869003296
YNR038W,YBR023C,0,0.9852444,0.10120845586061478,0.19345524907112122,0.17919887602329254
YIR011C,YGL226C-A,0,0.9851862,0.1011575236916542,0.19345524907112122,0.1792992651462555
YOL013C,YMR321C,0,0.98504525,0.10110663622617722,0.19345524907112122,0.17939965426921844
YOR156C,YDR408C,0,0.98503923,0.101055808365345,0.19345524907112122,0.1795000433921814
YKR029C,YPL283C,0,0.9849645,0.10100502520799637,0.19345524907112122,0.17960044741630554
YEL046C,YGL189C,0,0.9849279,0.10095429420471191,0.19345524907112122,0.1797008365392685
YHR019C,YIL130W,0,0.98462486,0.10090361535549164,0.19345524907112122,0.17980122566223145
YLL055W,YJL035C,0,0.98451555,0.10085298866033554,0.19345524907112122,0.1799016147851944
YBR085W,YIL121W,1,0.98440313,0.10130391269922256,0.19441771507263184,0.1799016147851944
YKL209C,YLR056W,0,0.9843935,0.10125312954187393,0.19441771507263184,0.18000200390815735
YHL001W,YPL246C,0,0.98411304,0.10120240598917007,0.19441771507263184,0.1801023930311203
YOR298C-A,YPR033C,0,0.9840677,0.1011517271399498,0.19441771507263184,0.18020279705524445
YPL224C,YDR009W,0,0.98376405,0.1011011004447937,0.19441771507263184,0.1803031861782074
YOL068C,YPL042C,0,0.9837589,0.10105052590370178,0.19441771507263184,0.18040357530117035
YHR001W-A,YKR050W,1,0.9836872,0.1014999970793724,0.19538016617298126,0.18040357530117035
YPR200C,YMR153W,0,0.98367083,0.10144927352666855,0.19538016617298126,0.1805039644241333
YLL042C,YNL083W,0,0.983516,0.10139860212802887,0.19538016617298126,0.18060435354709625
YML109W,YNL316C,0,0.9833993,0.10134797543287277,0.19538016617298126,0.1807047426700592
YKL101W,YLR118C,0,0.983312,0.10129740834236145,0.19538016617298126,0.18080514669418335
YLR435W,YOR301W,0,0.98329806,0.10124688595533371,0.19538016617298126,0.1809055358171463
YEL019C,YKR088C,0,0.9832784,0.10119640827178955,0.19538016617298126,0.18100592494010925
YBR079C,YDR289C,0,0.98317945,0.10114599019289017,0.19538016617298126,0.1811063140630722
YHR175W,YPR198W,0,0.9831778,0.10109561681747437,0.19538016617298126,0.18120670318603516
YJL059W,YPL134C,1,0.9831194,0.10154305398464203,0.19634263217449188,0.18120670318603516
YOR317W,YML123C,1,0.98306346,0.10199005156755447,0.1973050981760025,0.18120670318603516
YJL042W,YDL133C-A,0,0.98301303,0.10193933546543121,0.1973050981760025,0.1813070923089981
YKL221W,YOR311C,0,0.9829726,0.10188867151737213,0.1973050981760025,0.18140749633312225
YGR258C,YGR255C,0,0.98295677,0.10183805227279663,0.1973050981760025,0.1815078854560852
YLR095C,YNR002C,0,0.98295105,0.10178748518228531,0.1973050981760025,0.18160827457904816
YDL201W,YGL194C,0,0.9828758,0.10173697024583817,0.1973050981760025,0.1817086637020111
YDR207C,YBR191W,0,0.98286825,0.1016865074634552,0.1973050981760025,0.18180905282497406
YHR175W,YDR069C,1,0.9825107,0.10213188081979752,0.19826756417751312,0.18180905282497406
YGL077C,YHR026W,1,0.9824735,0.10257680714130402,0.19923003017902374,0.18180905282497406
YBR039W,YPL060W,1,0.98246807,0.1030213013291359,0.20019249618053436,0.18180905282497406
YBL030C,YGL187C,1,0.9821458,0.10346534848213196,0.20115496218204498,0.18180905282497406
YER065C,YCL039W,0,0.9818757,0.1034141480922699,0.20115496218204498,0.181909441947937
YMR169C,YBL101C,0,0.98186046,0.10336300730705261,0.20115496218204498,0.18200983107089996
YKL144C,YKL035W,0,0.9817816,0.10331191122531891,0.20115496218204498,0.1821102350950241
YPL163C,YLR395C,0,0.98177207,0.10326086729764938,0.20115496218204498,0.18221062421798706
YNL259C,YGR249W,0,0.981736,0.10320987552404404,0.20115496218204498,0.18231101334095
YBL027W,YLR408C,0,0.9817236,0.10315893590450287,0.20115496218204498,0.18241140246391296
YMR058W,YMR238W,0,0.981591,0.10310804098844528,0.20115496218204498,0.18251179158687592
YNL026W,YDR034C,0,0.9815885,0.10305719822645187,0.20115496218204498,0.18261218070983887
YGR175C,YOR087W,0,0.98158574,0.10300640761852264,0.20115496218204498,0.182712584733963
YLR323C,YFR046C,0,0.9815272,0.102955661714077,0.20115496218204498,0.18281297385692596
YKL172W,YDR147W,0,0.9815211,0.10290497541427612,0.20115496218204498,0.18291336297988892
YER069W,YOL055C,0,0.9815085,0.10285433381795883,0.20115496218204498,0.18301375210285187
YGL257C,YMR105C,0,0.98150086,0.10280373692512512,0.20115496218204498,0.18311414122581482
YNL121C,YLR377C,0,0.981419,0.10275319218635559,0.20115496218204498,0.18321453034877777
YGR215W,YDR462W,0,0.98140764,0.10270269960165024,0.20115496218204498,0.18331493437290192
YIL118W,YER171W,0,0.9813548,0.10265225917100906,0.20115496218204498,0.18341532349586487
YLR083C,YOR381W,1,0.9812515,0.10309278219938278,0.2021174132823944,0.18341532349586487
YNL006W,YMR048W,0,0.98092747,0.10304220020771027,0.2021174132823944,0.18351571261882782
YLR155C,YFL062W,0,0.980904,0.10299166291952133,0.2021174132823944,0.18361610174179077
YFL045C,YIL033C,0,0.98077166,0.10294117778539658,0.2021174132823944,0.18371649086475372
YLR274W,YLL045C,0,0.98076904,0.1028907373547554,0.2021174132823944,0.18381687998771667
YDR414C,YHL006C,0,0.9806061,0.1028403490781784,0.2021174132823944,0.18391728401184082
YIL129C,YDR145W,0,0.98049647,0.10279001295566559,0.2021174132823944,0.18401767313480377
YIL128W,YOL034W,0,0.9804783,0.10273972898721695,0.2021174132823944,0.18411806225776672
YOR316C,YGR212W,0,0.9803328,0.10268948972225189,0.2021174132823944,0.18421845138072968
YBL009W,YBR236C,0,0.9802627,0.10263929516077042,0.2021174132823944,0.18431884050369263
YOR168W,YDL091C,0,0.98025304,0.10258915275335312,0.2021174132823944,0.18441922962665558
YOL151W,YCR031C,0,0.98024046,0.1025390625,0.2021174132823944,0.18451963365077972
YOR377W,YEL051W,0,0.9799911,0.10248901695013046,0.2021174132823944,0.18462002277374268
YLL028W,YDR002W,0,0.97992516,0.1024390235543251,0.2021174132823944,0.18472041189670563
YDR200C,YJL026W,0,0.97977936,0.10238907486200333,0.2021174132823944,0.18482080101966858
YDR244W,YFR049W,0,0.97977793,0.10233917832374573,0.2021174132823944,0.18492119014263153
YGR239C,YLR247C,0,0.97970426,0.10228933393955231,0.2021174132823944,0.18502157926559448
YGR177C,YDR435C,0,0.9795497,0.10223953425884247,0.2021174132823944,0.18512196838855743
YDR500C,YLR431C,0,0.9794421,0.10218977928161621,0.2021174132823944,0.18522237241268158
YIL095W,YMR123W,0,0.9794227,0.10214007645845413,0.2021174132823944,0.18532276153564453
YNL044W,YGR183C,0,0.9793075,0.10209042578935623,0.2021174132823944,0.18542315065860748
YPL171C,YPL021W,0,0.9791947,0.10204081982374191,0.2021174132823944,0.18552353978157043
YKL155C,YPR056W,0,0.97915643,0.10199125856161118,0.2021174132823944,0.1856239289045334
YFR055W,YDR497C,0,0.97910684,0.10194174945354462,0.2021174132823944,0.18572431802749634
YGR027C,YNL075W,0,0.97909737,0.10189228504896164,0.2021174132823944,0.18582472205162048
YOR054C,YHR020W,0,0.9790833,0.10184287279844284,0.2021174132823944,0.18592511117458344
YOL156W,YBR187W,1,0.9790476,0.10227823257446289,0.20307987928390503,0.18592511117458344
YOR027W,YMR268C,0,0.978979,0.10222867876291275,0.20307987928390503,0.1860255002975464
YDR406W,YHR083W,0,0.9788521,0.10217917710542679,0.20307987928390503,0.18612588942050934
YOR077W,YPL118W,0,0.97882617,0.10212972015142441,0.20307987928390503,0.1862262785434723
YBR146W,YBR006W,0,0.97881866,0.10208030790090561,0.20307987928390503,0.18632666766643524
YBR125C,YBR018C,0,0.9787992,0.10203094780445099,0.20307987928390503,0.1864270716905594
YHR119W,YKR027W,0,0.97876763,0.10198163241147995,0.20307987928390503,0.18652746081352234
YDL113C,YER073W,0,0.97876704,0.10193236917257309,0.20307987928390503,0.1866278499364853
YLL043W,YGL139W,1,0.978758,0.10236600786447525,0.20404234528541565,0.1866278499364853
YGR257C,YDR423C,0,0.9787495,0.10231660306453705,0.20404234528541565,0.18672823905944824
YER038C,YPR165W,0,0.97872305,0.10226724296808243,0.20404234528541565,0.1868286281824112
YNL225C,YJL124C,0,0.97872305,0.10221793502569199,0.20404234528541565,0.18692901730537415
YMR213W,YOL145C,0,0.9787022,0.10216867178678513,0.20404234528541565,0.1870294213294983
YNL101W,YMR056C,1,0.9786935,0.10260115563869476,0.20500481128692627,0.1870294213294983
YLR256W,YML004C,0,0.9786812,0.10255175828933716,0.20500481128692627,0.18712981045246124
YNL154C,YLR197W,0,0.9786794,0.10250240564346313,0.20500481128692627,0.1872301995754242
YKL184W,YIL120W,0,0.97865653,0.10245310515165329,0.20500481128692627,0.18733058869838715
YOR254C,YDR105C,0,0.978578,0.10240384936332703,0.20500481128692627,0.1874309778213501
YPR112C,YER162C,0,0.97852063,0.10235463827848434,0.20500481128692627,0.18753136694431305
YLR401C,YDR350C,0,0.9785069,0.10230547189712524,0.20500481128692627,0.1876317709684372
YLR274W,YIR038C,0,0.97847533,0.10225635766983032,0.20500481128692627,0.18773216009140015
YOR106W,YKL146W,0,0.9782574,0.10220729559659958,0.20500481128692627,0.1878325492143631
YHL002W,YNL169C,0,0.97824764,0.10215827077627182,0.20500481128692627,0.18793293833732605
YML064C,YDR304C,0,0.9782264,0.10210929811000824,0.20500481128692627,0.188033327460289
YKL049C,YFL022C,0,0.9782206,0.10206037014722824,0.20500481128692627,0.18813371658325195
YIL020C,YOR128C,0,0.9782023,0.10201149433851242,0.20500481128692627,0.1882341057062149
YDL021W,YMR242C,0,0.978037,0.10196266323328018,0.20500481128692627,0.18833450973033905
YGR020C,YNR013C,1,0.9780296,0.10239234566688538,0.2059672772884369,0.18833450973033905
YLR205C,YBR279W,0,0.9778608,0.1023433730006218,0.2059672772884369,0.188434898853302
YDR072C,YCR027C,0,0.9777684,0.1022944524884224,0.2059672772884369,0.18853528797626495
YML036W,YER094C,0,0.97763103,0.10224558413028717,0.2059672772884369,0.1886356770992279
YER011W,YOL141W,0,0.97756964,0.10219675302505493,0.2059672772884369,0.18873606622219086
YNL118C,YKR100C,0,0.97751224,0.10214797407388687,0.2059672772884369,0.1888364553451538
YNL093W,YHR008C,0,0.9774543,0.10209923982620239,0.2059672772884369,0.18893685936927795
YDR411C,YOL136C,0,0.97730315,0.1020505502820015,0.2059672772884369,0.1890372484922409
YGL225W,YPL169C,0,0.97712797,0.10200190544128418,0.2059672772884369,0.18913763761520386
YHR118C,YLR323C,0,0.9770749,0.10195331275463104,0.2059672772884369,0.1892380267381668
YGL139W,YOR273C,1,0.9769511,0.10238095372915268,0.2069297432899475,0.1892380267381668
YCL025C,YPR036W,1,0.9769244,0.10280818492174149,0.20789220929145813,0.1892380267381668
YMR076C,YFL018C,0,0.9768303,0.10275927931070328,0.20789220929145813,0.18933841586112976
YPL180W,YBR083W,0,0.9765374,0.10271041095256805,0.20789220929145813,0.1894388049840927
YBR171W,YGL163C,0,0.9760877,0.10266159474849701,0.20789220929145813,0.18953920900821686
YNL025C,YLR383W,0,0.9759424,0.10261282324790955,0.20789220929145813,0.1896395981311798
YDL171C,YBR187W,0,0.9759189,0.10256410390138626,0.20789220929145813,0.18973998725414276
YOL058W,YDR372C,0,0.9758656,0.10251542180776596,0.20789220929145813,0.1898403763771057
YER056C,YKL166C,0,0.97585166,0.10246679186820984,0.20789220929145813,0.18994076550006866
YFL001W,YBR066C,0,0.9757319,0.1024182066321373,0.20789220929145813,0.19004115462303162
YAL040C,YGL115W,0,0.9757091,0.10236966609954834,0.20789220929145813,0.19014155864715576
YDR496C,YLR244C,0,0.9755857,0.10232117772102356,0.20789220929145813,0.1902419477701187
YLR401C,YML066C,0,0.97558105,0.10227272659540176,0.20789220929145813,0.19034233689308167
YLR077W,YFR021W,0,0.97553456,0.10222432762384415,0.20789220929145813,0.19044272601604462
YKL029C,YDR410C,0,0.9754848,0.10217597335577011,0.20789220929145813,0.19054311513900757
YPL188W,YNL079C,0,0.9753972,0.10212765634059906,0.20789220929145813,0.19064350426197052
YDR515W,YBR274W,0,0.9753064,0.10207939147949219,0.20789220929145813,0.19074390828609467
YFR040W,YDR038C,1,0.97529495,0.10250354558229446,0.20885467529296875,0.19074390828609467
YGR208W,YKL090W,0,0.9751775,0.10245514661073685,0.20885467529296875,0.19084429740905762
YDR221W,YFR053C,0,0.9751644,0.10240679234266281,0.20885467529296875,0.19094468653202057
YDR159W,YDR111C,0,0.9751458,0.10235849022865295,0.20885467529296875,0.19104507565498352
YLR026C,YNL169C,0,0.9748975,0.10231023281812668,0.20885467529296875,0.19114546477794647
YGL104C,YPL145C,0,0.97483563,0.10226202011108398,0.20885467529296875,0.19124585390090942
YNL055C,YJR152W,1,0.9747735,0.1026848778128624,0.20981712639331818,0.19124585390090942
YIL173W,YJL034W,0,0.9746851,0.10263653844594955,0.20981712639331818,0.19134624302387238
YER055C,YLR088W,0,0.9746416,0.1025882363319397,0.20981712639331818,0.19144664704799652
YML118W,YMR180C,0,0.9746027,0.10253997892141342,0.20981712639331818,0.19154703617095947
YBR010W,YOR285W,0,0.97451884,0.10249177366495132,0.20981712639331818,0.19164742529392242
YML130C,YNL005C,0,0.9744755,0.10244360566139221,0.20981712639331818,0.19174781441688538
YML019W,YMR061W,0,0.9744125,0.10239548981189728,0.20981712639331818,0.19184820353984833
YHR056C,YGR284C,0,0.9743618,0.10234741866588593,0.20981712639331818,0.19194859266281128
YJL117W,YBR187W,1,0.974361,0.10276865214109421,0.2107795923948288,0.19194859266281128
YOR304W,YMR197C,0,0.97434735,0.10272044688463211,0.2107795923948288,0.19204899668693542
YOR232W,YJL159W,0,0.9743446,0.10267229378223419,0.2107795923948288,0.19214938580989838
YGL087C,YJR002W,0,0.9742303,0.10262417793273926,0.2107795923948288,0.19224977493286133
YGR078C,YJL004C,0,0.97415257,0.1025761142373085,0.2107795923948288,0.19235016405582428
YJR096W,YOR361C,0,0.9741406,0.10252808779478073,0.2107795923948288,0.19245055317878723
YJR125C,YOR091W,0,0.9740629,0.10248011350631714,0.2107795923948288,0.19255094230175018
YMR072W,YDL132W,0,0.9740391,0.10243217647075653,0.2107795923948288,0.19265134632587433
YDL064W,YDL066W,0,0.97400534,0.1023842915892601,0.2107795923948288,0.19275173544883728
YBR014C,YAL061W,0,0.9739718,0.10233645141124725,0.2107795923948288,0.19285212457180023
YPL274W,YIL134W,1,0.9738904,0.10275571793317795,0.21174205839633942,0.19285212457180023
YOR351C,YPL036W,0,0.9737387,0.10270775109529495,0.21174205839633942,0.19295251369476318
YLR068W,YCL010C,0,0.97367954,0.10265982151031494,0.21174205839633942,0.19305290281772614
YBR188C,YFL048C,0,0.97364616,0.10261193662881851,0.21174205839633942,0.1931532919406891
YOL041C,YLR340W,0,0.97363025,0.10256410390138626,0.21174205839633942,0.19325369596481323
YMR063W,YBR130C,0,0.9735322,0.102516308426857,0.21174205839633942,0.19335408508777618
YCR031C,YDR165W,0,0.9735292,0.10246855765581131,0.21174205839633942,0.19345447421073914
YGL038C,YMR093W,0,0.973466,0.1024208590388298,0.21174205839633942,0.1935548633337021
YIL128W,YBR298C,0,0.97338104,0.10237319767475128,0.21174205839633942,0.19365525245666504
YPL239W,YDR256C,0,0.97335243,0.10232558101415634,0.21174205839633942,0.193755641579628
YIR025W,YDL179W,0,0.9733185,0.10227800905704498,0.21174205839633942,0.19385604560375214
YDL093W,YNL079C,0,0.9731135,0.1022304818034172,0.21174205839633942,0.1939564347267151
YPR026W,YGL162W,0,0.973101,0.10218299925327301,0.21174205839633942,0.19405682384967804
YLR119W,YGR247W,0,0.9728026,0.1021355614066124,0.21174205839633942,0.194157212972641
YMR030W,YHR001W,0,0.9727145,0.10208816826343536,0.21174205839633942,0.19425760209560394
YNR013C,YBR253W,0,0.9726105,0.10204081982374191,0.21174205839633942,0.1943579912185669
YOR332W,YJR001W,1,0.97257626,0.10245711356401443,0.21270452439785004,0.1943579912185669
YHR098C,YOR177C,0,0.9724748,0.10240963846445084,0.21270452439785004,0.19445838034152985
YER143W,YJL104W,0,0.972347,0.10236220806837082,0.21270452439785004,0.194558784365654
YLR071C,YEL024W,0,0.97230947,0.10231481492519379,0.21270452439785004,0.19465917348861694
YLR324W,YEL071W,0,0.97230333,0.10226746648550034,0.21270452439785004,0.1947595626115799
YBR072W,YKL210W,0,0.97202456,0.10222017019987106,0.21270452439785004,0.19485995173454285
YBL091C,YGL163C,0,0.97197163,0.10217291116714478,0.21270452439785004,0.1949603408575058
YDR343C,YMR177W,1,0.97194976,0.10258779674768448,0.21366699039936066,0.1949603408575058
YOR103C,YBL042C,0,0.97163284,0.10254041850566864,0.21366699039936066,0.19506072998046875
YMR182C,YCR097W,0,0.971563,0.10249307751655579,0.21366699039936066,0.1951611340045929
YBL089W,YEL027W,1,0.9714669,0.10290724784135818,0.21462945640087128,0.1951611340045929
YPL076W,YNL126W,0,0.97141826,0.10285978019237518,0.21462945640087128,0.19526152312755585
YGL001C,YGL037C,0,0.9713956,0.10281235724687576,0.21462945640087128,0.1953619122505188
YKL119C,YPL190C,0,0.971318,0.10276497900485992,0.21462945640087128,0.19546230137348175
YGL184C,YHR109W,0,0.97126627,0.10271763801574707,0.21462945640087128,0.1955626904964447
YGR211W,YLL002W,0,0.971241,0.1026703491806984,0.21462945640087128,0.19566307961940765
YLR024C,YNL111C,0,0.971184,0.1026231050491333,0.21462945640087128,0.1957634836435318
YFL056C,YDR023W,0,0.9711413,0.10257589817047119,0.21462945640087128,0.19586387276649475
YGL201C,YLL027W,0,0.9709532,0.10252873599529266,0.21462945640087128,0.1959642618894577
YIL167W,YLR274W,0,0.9709392,0.10248161852359772,0.21462945640087128,0.19606465101242065
YDL042C,YMR261C,0,0.9708902,0.10243454575538635,0.21462945640087128,0.1961650401353836
YHL021C,YHR096C,0,0.9708006,0.10238751024007797,0.21462945640087128,0.19626542925834656
YOL158C,YDR276C,1,0.97051215,0.10279945284128189,0.2155919224023819,0.19626542925834656
YOR058C,YLL061W,0,0.970485,0.10275229066610336,0.2155919224023819,0.1963658332824707
YDR058C,YJL123C,0,0.97045517,0.10270518064498901,0.2155919224023819,0.19646622240543365
YOR202W,YGL099W,0,0.97038865,0.10265811532735825,0.2155919224023819,0.1965666115283966
YDR051C,YDR264C,0,0.9702686,0.10261108726263046,0.2155919224023819,0.19666700065135956
YFL041W,YGL255W,1,0.97019136,0.10302197933197021,0.21655437350273132,0.19666700065135956
YML112W,YKR102W,0,0.9700631,0.10297483205795288,0.21655437350273132,0.1967673897743225
YBL014C,YOR002W,0,0.9700538,0.10292772203683853,0.21655437350273132,0.19686777889728546
YOR295W,YBR060C,0,0.97000456,0.10288065671920776,0.21655437350273132,0.1969681829214096
YGL124C,YGL050W,0,0.96981895,0.10283363610506058,0.21655437350273132,0.19706857204437256
YNR048W,YKL067W,0,0.9694202,0.10278666019439697,0.21655437350273132,0.1971689611673355
YFR028C,YER073W,0,0.9693814,0.10273972898721695,0.21655437350273132,0.19726935029029846
YOL093W,YFR033C,0,0.96934724,0.10269283503293991,0.21655437350273132,0.1973697394132614
YOR010C,YGR024C,0,0.9692139,0.10264598578214645,0.21655437350273132,0.19747012853622437
YKL206C,YOR140W,0,0.96916187,0.10259918123483658,0.21655437350273132,0.19757051765918732
YLL052C,YJR044C,0,0.9690062,0.10255241394042969,0.21655437350273132,0.19767092168331146
YNL041C,YLR002C,0,0.9689991,0.10250569134950638,0.21655437350273132,0.19777131080627441
YKR052C,YGR192C,1,0.9687844,0.10291439294815063,0.21751683950424194,0.19777131080627441
YMR081C,YBR173C,0,0.9687369,0.10286754369735718,0.21751683950424194,0.19787169992923737
YFR027W,YPL024W,0,0.96868694,0.1028207466006279,0.21751683950424194,0.19797208905220032
YKL217W,YCL008C,1,0.9686388,0.10322874039411545,0.21847930550575256,0.19797208905220032
YIL088C,YBR298C,1,0.96858263,0.10363636165857315,0.21944177150726318,0.19797208905220032
YJL213W,YJR002W,0,0.96858263,0.10358927398920059,0.21944177150726318,0.19807247817516327
YAL040C,YGR057C,0,0.96843886,0.10354223102331161,0.21944177150726318,0.19817286729812622
YOR301W,YMR117C,0,0.9681501,0.10349523276090622,0.21944177150726318,0.19827327132225037
YGR186W,YOR247W,0,0.96811306,0.1034482792019844,0.21944177150726318,0.19837366044521332
YOR316C,YKL175W,1,0.96782064,0.10385487228631973,0.2204042375087738,0.19837366044521332
YDL005C,YPL217C,0,0.9677187,0.10380779951810837,0.2204042375087738,0.19847404956817627
YIL091C,YOR292C,0,0.96761864,0.10376076400279999,0.2204042375087738,0.19857443869113922
YLL005C,YOR348C,1,0.9675278,0.1041666641831398,0.22136670351028442,0.19857443869113922
YPR020W,YPR036W,1,0.9673783,0.10457220673561096,0.22232916951179504,0.19857443869113922
YGR118W,YOR153W,0,0.9672101,0.1045248880982399,0.22232916951179504,0.19867482781410217
YPL119C,YCR086W,0,0.96716356,0.10447761416435242,0.22232916951179504,0.19877521693706512
YIL088C,YDR261C,0,0.9671421,0.10443037748336792,0.22232916951179504,0.19887562096118927
YGR209C,YLR435W,0,0.96712387,0.1043831929564476,0.22232916951179504,0.19897601008415222
YER094C,YEL039C,0,0.967096,0.10433604568243027,0.22232916951179504,0.19907639920711517
YCL032W,YNL264C,0,0.9670696,0.10428893566131592,0.22232916951179504,0.19917678833007812
YER123W,YIL121W,0,0.96705437,0.10424187779426575,0.22232916951179504,0.19927717745304108
YKL091C,YDR480W,0,0.9670473,0.10419485718011856,0.22232916951179504,0.19937756657600403
YGR083C,YDL010W,0,0.9670457,0.10414788126945496,0.22232916951179504,0.19947797060012817
YHR142W,YPL117C,0,0.9669663,0.10410095006227493,0.22232916951179504,0.19957835972309113
YNR012W,YBR168W,0,0.96690035,0.1040540561079979,0.22232916951179504,0.19967874884605408
YDR480W,YJL134W,0,0.96684766,0.10400720685720444,0.22232916951179504,0.19977913796901703
YBL009W,YDR007W,0,0.9667897,0.10396039485931396,0.22232916951179504,0.19987952709197998
YGR023W,YBR086C,0,0.9667679,0.10391362756490707,0.22232916951179504,0.19997991621494293
YMR167W,YOR253W,0,0.9666634,0.10386690497398376,0.22232916951179504,0.20008032023906708
YER015W,YPL193W,0,0.9666524,0.10382022708654404,0.22232916951179504,0.20018070936203003
YPL188W,YKL160W,0,0.96664,0.1037735864520073,0.22232916951179504,0.20028109848499298
YER039C,YGR085C,0,0.96656746,0.10372699052095413,0.22232916951179504,0.20038148760795593
YJL208C,YDR189W,0,0.96656436,0.10368043184280396,0.22232916951179504,0.20048187673091888
YFR029W,YOR140W,0,0.9665055,0.10363391786813736,0.22232916951179504,0.20058226585388184
YPR043W,YKL145W,0,0.9664895,0.10358744114637375,0.22232916951179504,0.2006826549768448
YLR052W,YDR001C,0,0.9664651,0.10354101657867432,0.22232916951179504,0.20078305900096893
YJR108W,YMR137C,0,0.9664464,0.10349462181329727,0.22232916951179504,0.20088344812393188
YLR401C,YNL286W,0,0.96639854,0.1034482792019844,0.22232916951179504,0.20098383724689484
YLR360W,YGL207W,0,0.9663849,0.10340196639299393,0.22232916951179504,0.2010842263698578
YIL021W,YGL187C,0,0.9663843,0.10335570573806763,0.22232916951179504,0.20118461549282074
YPR201W,YCR075C,1,0.96613514,0.10375671088695526,0.22329162061214447,0.20118461549282074
YBR118W,YPL131W,0,0.96602136,0.10371032357215881,0.22329162061214447,0.2012850046157837
YGR023W,YLR268W,0,0.9659856,0.10366398841142654,0.22329162061214447,0.20138540863990784
YOR189W,YML118W,0,0.9657721,0.10361768305301666,0.22329162061214447,0.2014857977628708
YGR183C,YIL134W,1,0.965591,0.10401785373687744,0.2242540866136551,0.2014857977628708
YHL040C,YKR050W,1,0.9655596,0.10441767424345016,0.2252165526151657,0.2014857977628708
YHR029C,YOR180C,0,0.965559,0.1043711006641388,0.2252165526151657,0.20158618688583374
YDL021W,YMR083W,0,0.9655381,0.10432456433773041,0.2252165526151657,0.2016865760087967
YKR002W,YNL014W,0,0.96549356,0.1042780727148056,0.2252165526151657,0.20178696513175964
YFL050C,YJL133W,1,0.9654225,0.10467705875635147,0.22617901861667633,0.20178696513175964
YHR133C,YHR047C,0,0.9653667,0.10463045537471771,0.22617901861667633,0.2018873542547226
YCL001W,YPL187W,0,0.9651941,0.10458388924598694,0.22617901861667633,0.20198775827884674
YDL145C,YOL148C,0,0.9651316,0.10453736782073975,0.22617901861667633,0.2020881474018097
YAL051W,YGL162W,0,0.96510136,0.10449088364839554,0.22617901861667633,0.20218853652477264
YER004W,YMR009W,0,0.9650763,0.10444444417953491,0.22617901861667633,0.2022889256477356
YDL070W,YOL137W,0,0.96507245,0.10439804196357727,0.22617901861667633,0.20238931477069855
YJL141C,YPR080W,0,0.96485543,0.10435168445110321,0.22617901861667633,0.2024897038936615
YJR046W,YDR496C,0,0.9648113,0.10430537164211273,0.22617901861667633,0.20259010791778564
YMR032W,YER159C,0,0.96479535,0.10425909608602524,0.22617901861667633,0.2026904970407486
YKL125W,YPL043W,0,0.9647784,0.10421285778284073,0.22617901861667633,0.20279088616371155
YIL046W,YDL107W,0,0.9647101,0.1041666641831398,0.22617901861667633,0.2028912752866745
YKR081C,YJL092W,0,0.9646843,0.10412051528692245,0.22617901861667633,0.20299166440963745
YGR165W,YFL061W,0,0.9646618,0.1040744036436081,0.22617901861667633,0.2030920535326004
YKR036C,YDR202C,0,0.9645597,0.10402832925319672,0.22617901861667633,0.20319245755672455
YOR271C,YAL053W,1,0.96453846,0.10442478209733963,0.22714148461818695,0.20319245755672455
YPR143W,YDR034C,0,0.9643705,0.1043785959482193,0.22714148461818695,0.2032928466796875
YMR044W,YER050C,0,0.96426296,0.10433244705200195,0.22714148461818695,0.20339323580265045
YPL146C,YGL070C,0,0.96410245,0.10428634285926819,0.22714148461818695,0.2034936249256134
YPL104W,YPL233W,0,0.9639317,0.104240283370018,0.22714148461818695,0.20359401404857635
YLR389C,YPR133W-A,0,0.9638442,0.1041942611336708,0.22714148461818695,0.2036944031715393
YBR005W,YNL178W,0,0.9637375,0.10414827615022659,0.22714148461818695,0.20379479229450226
YBR155W,YNL282W,0,0.9636451,0.10410233587026596,0.22714148461818695,0.2038951963186264
YKL221W,YDR023W,0,0.96353555,0.10405644029378891,0.22714148461818695,0.20399558544158936
YBR280C,YGR208W,0,0.9635068,0.10401057451963425,0.22714148461818695,0.2040959745645523
YOR285W,YMR091C,0,0.96350586,0.10396476089954376,0.22714148461818695,0.20419636368751526
YKL078W,YOR085W,0,0.96327096,0.10391897708177567,0.22714148461818695,0.2042967528104782
YEL031W,YKR050W,1,0.9630736,0.10431338101625443,0.22810395061969757,0.2042967528104782
YHR203C,YGR010W,0,0.9627814,0.10426748543977737,0.22810395061969757,0.20439714193344116
YOR320C,YNL038W,0,0.9627583,0.1042216345667839,0.22810395061969757,0.2044975459575653
YMR053C,YHR114W,0,0.96257854,0.10417582094669342,0.22810395061969757,0.20459793508052826
YKL182W,YFR021W,0,0.96255744,0.10413005203008652,0.22810395061969757,0.2046983242034912
YLR328W,YER129W,0,0.9624229,0.1040843203663826,0.22810395061969757,0.20479871332645416
YML120C,YKL045W,0,0.96235746,0.10403863340616226,0.22810395061969757,0.20489910244941711
YAL011W,YCL033C,0,0.9620733,0.10399297624826431,0.22810395061969757,0.20499949157238007
YPL189W,YDR398W,0,0.96202433,0.10394737124443054,0.22810395061969757,0.2050998955965042
YKL007W,YGR059W,0,0.9619961,0.10390179604291916,0.22810395061969757,0.20520028471946716
YML026C,YPR141C,0,0.9619053,0.10385626554489136,0.22810395061969757,0.20530067384243011
YDR076W,YLR239C,0,0.9617357,0.10381077229976654,0.22810395061969757,0.20540106296539307
YDR399W,YPR034W,0,0.96130604,0.1037653237581253,0.22810395061969757,0.20550145208835602
YFL041W,YGL006W,1,0.9612136,0.10415755212306976,0.2290664166212082,0.20550145208835602
YHR098C,YER129W,0,0.96111846,0.10411198437213898,0.2290664166212082,0.20560184121131897
YNL219C,YML016C,0,0.9610552,0.10406646132469177,0.2290664166212082,0.20570224523544312
YKL078W,YGL186C,0,0.96100724,0.10402097553014755,0.2290664166212082,0.20580263435840607
YLR174W,YDR191W,0,0.9609542,0.10397553443908691,0.2290664166212082,0.20590302348136902
YDL138W,YPL244C,1,0.9608747,0.10436680912971497,0.23002886772155762,0.20590302348136902
YMR162C,YML123C,0,0.9608393,0.10432125627994537,0.23002886772155762,0.20600341260433197
YDL239C,YMR242C,0,0.9608059,0.10427574068307877,0.23002886772155762,0.20610380172729492
YDL047W,YGL201C,0,0.96066797,0.10423026233911514,0.23002886772155762,0.20620419085025787
YLR129W,YDR087C,0,0.96061826,0.1041848286986351,0.23002886772155762,0.20630459487438202
YDR438W,YBR265W,0,0.960509,0.10413943231105804,0.23002886772155762,0.20640498399734497
YDL044C,YNL238W,0,0.96045816,0.10409407317638397,0.23002886772155762,0.20650537312030792
YER119C,YPR020W,1,0.96041334,0.10448411107063293,0.23099133372306824,0.20650537312030792
YKR068C,YFR021W,0,0.96040255,0.10443864017724991,0.23099133372306824,0.20660576224327087
YNL250W,YGR005C,0,0.96038985,0.10439321398735046,0.23099133372306824,0.20670615136623383
YBR066C,YNL063W,0,0.9603512,0.104347825050354,0.23099133372306824,0.20680654048919678
YJL112W,YBL046W,0,0.96033293,0.10430248081684113,0.23099133372306824,0.20690692961215973
YJL042W,YLR319C,0,0.9602845,0.10425716638565063,0.23099133372306824,0.20700733363628387
YFL005W,YBR189W,0,0.9602005,0.10421189665794373,0.23099133372306824,0.20710772275924683
YER013W,YLR368W,0,0.96010727,0.1041666641831398,0.23099133372306824,0.20720811188220978
YDR262W,YDR037W,0,0.9600984,0.10412147641181946,0.23099133372306824,0.20730850100517273
YGR183C,YKR052C,1,0.96004534,0.10450997203588486,0.23195379972457886,0.20730850100517273
YGR185C,YER054C,0,0.959931,0.10446467250585556,0.23195379972457886,0.20740889012813568
YGR085C,YLR408C,0,0.95991194,0.10441941022872925,0.23195379972457886,0.20750927925109863
YDL140C,YMR193W,0,0.9598968,0.10437418520450592,0.23195379972457886,0.20760968327522278
YJR118C,YML051W,0,0.959749,0.10432900488376617,0.23195379972457886,0.20771007239818573
YBR066C,YMR078C,0,0.95974654,0.10428386181592941,0.23195379972457886,0.20781046152114868
YPL115C,YPL268W,0,0.95973134,0.10423875600099564,0.23195379972457886,0.20791085064411163
YHR083W,YDL168W,0,0.95970917,0.10419368743896484,0.23195379972457886,0.20801123976707458
YNL054W,YOR094W,0,0.95965576,0.10414866358041763,0.23195379972457886,0.20811162889003754
YER094C,YEL070W,0,0.95956933,0.10410366952419281,0.23195379972457886,0.20821203291416168
YDR410C,YHL025W,0,0.9595654,0.10405872017145157,0.23195379972457886,0.20831242203712463
YOR122C,YDL149W,0,0.9595022,0.10401380807161331,0.23195379972457886,0.20841281116008759
YDL105W,YFL016C,0,0.95939064,0.10396894067525864,0.23195379972457886,0.20851320028305054
YLR429W,YDR145W,0,0.9592967,0.10392410308122635,0.23195379972457886,0.2086135894060135
YIL085C,YOR259C,0,0.9592304,0.10387931019067764,0.23195379972457886,0.20871397852897644
YOL084W,YGR260W,1,0.9592156,0.10426539927721024,0.23291626572608948,0.20871397852897644
YDR107C,YKR050W,1,0.9592025,0.10465116053819656,0.2338787317276001,0.20871397852897644
YGL255W,YBR279W,0,0.9591816,0.10460611432790756,0.2338787317276001,0.20881438255310059
YGR129W,YDR078C,0,0.9591149,0.10456109791994095,0.2338787317276001,0.20891477167606354
YDR287W,YEL003W,0,0.9590441,0.10451612621545792,0.2338787317276001,0.2090151607990265
YDL165W,YPL050C,0,0.9590347,0.10447119176387787,0.2338787317276001,0.20911554992198944
YJL035C,YPR164W,0,0.95898324,0.1044263020157814,0.2338787317276001,0.2092159390449524
YGR249W,YGR289C,0,0.9589239,0.10438144207000732,0.2338787317276001,0.20931632816791534
YPR128C,YDR311W,0,0.9588393,0.10433662682771683,0.2338787317276001,0.2094167321920395
YLR185W,YKR069W,0,0.9587324,0.10429184883832932,0.2338787317276001,0.20951712131500244
YLL055W,YLR009W,0,0.9587195,0.10424710065126419,0.2338787317276001,0.2096175104379654
YKL081W,YHR191C,0,0.9586876,0.10420240461826324,0.2338787317276001,0.20971789956092834
YLR089C,YBR248C,0,0.95867044,0.10415773838758469,0.2338787317276001,0.2098182886838913
YMR039C,YJL212C,0,0.95857894,0.10411310940980911,0.2338787317276001,0.20991867780685425
YIR019C,YNR054C,0,0.9585242,0.10406852513551712,0.2338787317276001,0.2100190818309784
YNL073W,YOL124C,0,0.958277,0.10402397066354752,0.2338787317276001,0.21011947095394135
YLL031C,YPL018W,0,0.958261,0.10397946089506149,0.2338787317276001,0.2102198600769043
YML036W,YGL073W,0,0.9581028,0.10393498837947845,0.2338787317276001,0.21032024919986725
YPL045W,YPR010C,0,0.95806336,0.1038905531167984,0.2338787317276001,0.2104206383228302
YJL066C,YER050C,0,0.95790756,0.10384615510702133,0.2338787317276001,0.21052102744579315
YGL122C,YKL014C,0,0.95787144,0.10380179435014725,0.2338787317276001,0.2106214165687561
YGR282C,YNL224C,0,0.95768714,0.10375747084617615,0.2338787317276001,0.21072182059288025
YIL031W,YDR135C,0,0.9576738,0.10371318459510803,0.2338787317276001,0.2108222097158432
YPR189W,YGL071W,0,0.95763683,0.1036689430475235,0.2338787317276001,0.21092259883880615
YIL011W,YGR072W,0,0.9573398,0.10362473130226135,0.2338787317276001,0.2110229879617691
YMR061W,YPR035W,0,0.95727617,0.10358056426048279,0.2338787317276001,0.21112337708473206
YDL247W,YLR355C,0,0.9571807,0.10353642702102661,0.2338787317276001,0.211223766207695
YOR230W,YDL243C,0,0.95716554,0.10349233448505402,0.2338787317276001,0.21132417023181915
YKL180W,YJL050W,0,0.9571478,0.1034482792019844,0.2338787317276001,0.2114245593547821
YIL114C,YLR047C,1,0.9571365,0.10382978618144989,0.23484119772911072,0.2114245593547821
YHR056C,YNL142W,0,0.9570884,0.10378562659025192,0.23484119772911072,0.21152494847774506
YGR108W,YLR423C,0,0.9570663,0.10374149680137634,0.23484119772911072,0.211625337600708
YFL013C,YNL216W,0,0.95706046,0.10369740426540375,0.23484119772911072,0.21172572672367096
YOR187W,YKL127W,0,0.9570153,0.10365335643291473,0.23484119772911072,0.2118261158466339
YGR167W,YFR030W,0,0.956753,0.10360933840274811,0.23484119772911072,0.21192651987075806
YPL023C,YOL158C,0,0.9567132,0.10356536507606506,0.23484119772911072,0.212026908993721
YER159C,YLR258W,0,0.9567118,0.103521429002285,0.23484119772911072,0.21212729811668396
YPL134C,YIL079C,0,0.9566805,0.10347752273082733,0.23484119772911072,0.2122276872396469
YCR030C,YNR035C,0,0.9566381,0.10343366116285324,0.23484119772911072,0.21232807636260986
YLR017W,YMR319C,0,0.9563178,0.10338982939720154,0.23484119772911072,0.21242846548557281
YBR083W,YCL043C,0,0.95631504,0.10334604233503342,0.23484119772911072,0.21252886950969696
YKR105C,YKL146W,1,0.95631033,0.10372565686702728,0.23580366373062134,0.21252886950969696
YDL197C,YMR286W,0,0.9562932,0.10368175804615021,0.23580366373062134,0.2126292586326599
YJR052W,YJL024C,0,0.95628834,0.10363790392875671,0.23580366373062134,0.21272964775562286
YBR102C,YGR103W,0,0.9562601,0.10359407961368561,0.23580366373062134,0.21283003687858582
YGR144W,YIL005W,0,0.95624864,0.10355029255151749,0.23580366373062134,0.21293042600154877
YMR033W,YMR169C,0,0.9561635,0.10350655019283295,0.23580366373062134,0.21303081512451172
YML071C,YFL061W,0,0.95611036,0.1034628376364708,0.23580366373062134,0.21313121914863586
YER054C,YPR137W,0,0.9558089,0.10341916233301163,0.23580366373062134,0.21323160827159882
YNL246W,YPL055C,0,0.95574975,0.10337552428245544,0.23580366373062134,0.21333199739456177
YKL094W,YNR036C,0,0.95566344,0.10333193093538284,0.23580366373062134,0.21343238651752472
YLR054C,YKL086W,0,0.9556627,0.10328836739063263,0.23580366373062134,0.21353277564048767
YCR031C,YGL115W,0,0.9555594,0.1032448410987854,0.23580366373062134,0.21363316476345062
YMR270C,YNL069C,0,0.95553744,0.10320134460926056,0.23580366373062134,0.21373355388641357
YNL336W,YBR006W,0,0.9555013,0.1031578928232193,0.23580366373062134,0.21383395791053772
YLR141W,YDR291W,0,0.95532316,0.10311447829008102,0.23580366373062134,0.21393434703350067
YDR364C,YJL130C,0,0.9552899,0.10307110100984573,0.23580366373062134,0.21403473615646362
YGR252W,YGR246C,0,0.9551512,0.10302775353193283,0.23580366373062134,0.21413512527942657
YNL090W,YJR043C,0,0.9551275,0.10298445075750351,0.23580366373062134,0.21423551440238953
YML065W,YML021C,0,0.9550891,0.10294117778539658,0.23580366373062134,0.21433590352535248
YOR030W,YJL208C,0,0.9550008,0.10289794206619263,0.23580366373062134,0.21443630754947662
YKR025W,YIR019C,0,0.9549959,0.10285474359989166,0.23580366373062134,0.21453669667243958
YDR159W,YPL099C,0,0.95492727,0.10281158238649368,0.23580366373062134,0.21463708579540253
YJL085W,YLR061W,0,0.9548698,0.10276845842599869,0.23580366373062134,0.21473747491836548
YFL001W,YLR006C,0,0.95486164,0.10272536426782608,0.23580366373062134,0.21483786404132843
YMR227C,YMR146C,0,0.9547982,0.10268231481313705,0.23580366373062134,0.21493825316429138
YOR275C,YIL017C,0,0.95460564,0.10263929516077042,0.23580366373062134,0.21503865718841553
YIL147C,YPL001W,0,0.95458436,0.10259631276130676,0.23580366373062134,0.21513904631137848
YHL047C,YBR207W,1,0.9545622,0.10297195613384247,0.23676611483097076,0.21513904631137848
YLR405W,YML004C,0,0.9543798,0.10292886942625046,0.23676611483097076,0.21523943543434143
YOR271C,YOR071C,1,0.95436656,0.10330405831336975,0.23772858083248138,0.21523943543434143
YOL027C,YHL036W,1,0.9543583,0.10367892682552338,0.238691046833992,0.21523943543434143
YLL008W,YCL034W,0,0.9543142,0.10363560169935226,0.238691046833992,0.21533982455730438
YOR330C,YPL045W,0,0.9542813,0.10359231382608414,0.238691046833992,0.21544021368026733
YKL094W,YGL107C,0,0.95423603,0.103549063205719,0.238691046833992,0.21554060280323029
YOR145C,YKL152C,0,0.95412624,0.10350584238767624,0.238691046833992,0.21564100682735443
YBR132C,YGL191W,1,0.95378524,0.10387984663248062,0.23965351283550262,0.21564100682735443
YMR172W,YHR030C,0,0.95374376,0.1038365289568901,0.23965351283550262,0.21574139595031738
YLR310C,YIL014W,0,0.95374256,0.10379324853420258,0.23965351283550262,0.21584178507328033
YIL046W,YHR216W,0,0.95356905,0.10374999791383743,0.23965351283550262,0.2159421741962433
YGR206W,YDR309C,0,0.95352936,0.10370679199695587,0.23965351283550262,0.21604256331920624
YOL155C,YLR295C,0,0.9535001,0.1036636158823967,0.23965351283550262,0.2161429524421692
YLR119W,YOR382W,1,0.95347357,0.10403662174940109,0.24061597883701324,0.2161429524421692
YAL015C,YJR130C,0,0.95341915,0.10399334132671356,0.24061597883701324,0.21624335646629333
YPR182W,YDR119W,0,0.9531792,0.10395010560750961,0.24061597883701324,0.2163437455892563
YPL175W,YPR065W,0,0.9531152,0.10390689969062805,0.24061597883701324,0.21644413471221924
YMR203W,YDR276C,1,0.95291615,0.10427918285131454,0.24157844483852386,0.21644413471221924
YBR043C,YJR043C,0,0.9528146,0.10423588007688522,0.24157844483852386,0.2165445238351822
YBR085W,YNL055C,1,0.9526956,0.1046077236533165,0.24254091084003448,0.2165445238351822
YJL180C,YMR236W,0,0.95253277,0.10456431657075882,0.24254091084003448,0.21664491295814514
YOL009C,YCR068W,0,0.9525316,0.10452094674110413,0.24254091084003448,0.2167453020811081
YAL033W,YPL129W,0,0.9525255,0.10447761416435242,0.24254091084003448,0.21684569120407104
YDR067C,YNL270C,0,0.95246375,0.1044343113899231,0.24254091084003448,0.2169460952281952
YMR301C,YLR284C,0,0.9523538,0.10439105331897736,0.24254091084003448,0.21704648435115814
YKL079W,YLR409C,0,0.9523411,0.104347825050354,0.24254091084003448,0.2171468734741211
YDR477W,YKR066C,0,0.95224273,0.10430463403463364,0.24254091084003448,0.21724726259708405
YKL085W,YHR065C,0,0.9522274,0.10426148027181625,0.24254091084003448,0.217347651720047
YKL103C,YJR043C,0,0.95214605,0.10421836376190186,0.24254091084003448,0.21744804084300995
YNL026W,YLR066W,0,0.9519814,0.10417527705430984,0.24254091084003448,0.2175484448671341
YLR292C,YDR145W,0,0.95172495,0.10413223505020142,0.24254091084003448,0.21764883399009705
YKL138C,YKL029C,0,0.9516053,0.10408922284841537,0.24254091084003448,0.21774922311306
YHR110W,YGL130W,0,0.951591,0.10404624044895172,0.24254091084003448,0.21784961223602295
YGL171W,YDR331W,0,0.9515588,0.10400330275297165,0.24254091084003448,0.2179500013589859
YNL180C,YDL003W,0,0.9514054,0.10396039485931396,0.24254091084003448,0.21805039048194885
YNL088W,YGL125W,0,0.9513314,0.10391752421855927,0.24254091084003448,0.218150794506073
YML100W,YGR129W,0,0.95125854,0.10387469083070755,0.24254091084003448,0.21825118362903595
YJR077C,YCL008C,1,0.95114857,0.1042439192533493,0.2435033619403839,0.21825118362903595
YDR438W,YLR148W,0,0.95103693,0.10420098900794983,0.2435033619403839,0.2183515727519989
YIL062C,YNR054C,0,0.9510273,0.10415808856487274,0.2435033619403839,0.21845196187496185
YOL144W,YER098W,0,0.95098126,0.10411522537469864,0.2435033619403839,0.2185523509979248
YJR086W,YGL019W,0,0.95084894,0.10407239943742752,0.2435033619403839,0.21865274012088776
YNL093W,YNR030W,0,0.95068717,0.10402960330247879,0.2435033619403839,0.2187531441450119
YLR417W,YBR069C,1,0.95065427,0.10439786314964294,0.24446582794189453,0.2187531441450119
YML036W,YHR084W,0,0.9506007,0.10435497015714645,0.24446582794189453,0.21885353326797485
YPR180W,YAR042W,0,0.95055515,0.10431211441755295,0.24446582794189453,0.2189539223909378
YOR234C,YEL024W,0,0.9504465,0.10426929593086243,0.24446582794189453,0.21905431151390076
YDR004W,YHR216W,0,0.9502713,0.1042265072464943,0.24446582794189453,0.2191547006368637
YEL027W,YKL132C,0,0.950258,0.10418375581502914,0.24446582794189453,0.21925508975982666
YKR081C,YPR165W,0,0.9502388,0.10414104163646698,0.24446582794189453,0.2193554937839508
YBR129C,YGL044C,0,0.94995904,0.1040983572602272,0.24446582794189453,0.21945588290691376
YML055W,YPR035W,0,0.94995457,0.10405571758747101,0.24446582794189453,0.2195562720298767
YML006C,YHR166C,0,0.94991386,0.1040131077170372,0.24446582794189453,0.21965666115283966
YPL234C,YHR048W,1,0.94990784,0.10437986254692078,0.24542829394340515,0.21965666115283966
YER042W,YLR102C,0,0.9498904,0.10433715581893921,0.24542829394340515,0.2197570502758026
YFL011W,YOR087W,1,0.9498569,0.10470347851514816,0.24639075994491577,0.2197570502758026
YHR042W,YPL265W,0,0.94980085,0.10466066747903824,0.24639075994491577,0.21985743939876556
YGL255W,YLR309C,0,0.949768,0.1046179011464119,0.24639075994491577,0.21995782852172852
YNR013C,YCL001W,0,0.9496437,0.10457516461610794,0.24639075994491577,0.22005823254585266
YBR127C,YEL027W,1,0.94962806,0.10494079440832138,0.2473532259464264,0.22005823254585266
YMR177W,YGR264C,0,0.9495418,0.10489796102046967,0.2473532259464264,0.2201586216688156
YLR083C,YNL083W,1,0.9494206,0.10526315867900848,0.248315691947937,0.2201586216688156
YDL236W,YOR018W,0,0.9494157,0.10522022843360901,0.248315691947937,0.22025901079177856
YNL084C,YNL169C,0,0.9494111,0.10517733544111252,0.248315691947937,0.22035939991474152
YNL026W,YFL049W,0,0.94935805,0.10513447225093842,0.248315691947937,0.22045978903770447
YJL051W,YGL029W,0,0.949071,0.1050916463136673,0.248315691947937,0.22056017816066742
YMR273C,YDL039C,0,0.94893205,0.10504885762929916,0.248315691947937,0.22066058218479156
YPL020C,YLL010C,0,0.94872415,0.10500610619783401,0.248315691947937,0.22076097130775452
YKR029C,YMR014W,0,0.94862735,0.10496338456869125,0.248315691947937,0.22086136043071747
YJL123C,YMR250W,0,0.9485712,0.10492070019245148,0.248315691947937,0.22096174955368042
YMR175W,YPL082C,0,0.9483899,0.10487804561853409,0.248315691947937,0.22106213867664337
YER055C,YOL096C,0,0.94831705,0.10483543574810028,0.248315691947937,0.22116252779960632
YJL176C,YLR263W,0,0.9482802,0.10479284822940826,0.248315691947937,0.22126293182373047
YOR147W,YHL003C,0,0.9481715,0.10475030541419983,0.248315691947937,0.22136332094669342
YDR030C,YMR214W,0,0.9480686,0.10470779240131378,0.248315691947937,0.22146371006965637
YHR150W,YKL093W,0,0.94792676,0.10466531664133072,0.248315691947937,0.22156409919261932
YDR153C,YJR006W,0,0.9478853,0.10462287068367004,0.248315691947937,0.22166448831558228
YPR188C,YML123C,0,0.9478148,0.10458046197891235,0.248315691947937,0.22176487743854523
YBL003C,YOL146W,0,0.9477434,0.10453809052705765,0.248315691947937,0.22186528146266937
YKL209C,YJL036W,0,0.9476998,0.10449574887752533,0.248315691947937,0.22196567058563232
YDR006C,YKR020W,0,0.9476812,0.104453444480896,0.248315691947937,0.22206605970859528
YGR256W,YDR316W,0,0.94748425,0.10441116988658905,0.248315691947937,0.22216644883155823
YGL060W,YLL010C,0,0.94745255,0.10436893254518509,0.248315691947937,0.22226683795452118
YNL113W,YMR190C,0,0.9474199,0.10432672500610352,0.248315691947937,0.22236722707748413
YBR153W,YBR248C,0,0.9473809,0.10428456217050552,0.248315691947937,0.22246763110160828
YNL275W,YOR087W,1,0.94733584,0.1046464666724205,0.24927815794944763,0.22246763110160828
YKL160W,YNL163C,0,0.94732714,0.10460419952869415,0.24927815794944763,0.22256802022457123
YOR094W,YOL040C,0,0.9472963,0.10456196963787079,0.24927815794944763,0.22266840934753418
YDR085C,YLR163C,0,0.9470341,0.10451977699995041,0.24927815794944763,0.22276879847049713
YDR001C,YOR158W,0,0.9469668,0.10447761416435242,0.24927815794944763,0.22286918759346008
YGL025C,YKL015W,0,0.9469359,0.10443548113107681,0.24927815794944763,0.22296957671642303
YER046W,YDR246W,0,0.9469268,0.10439339280128479,0.24927815794944763,0.223069965839386
YNL327W,YDR276C,0,0.94683635,0.10435132682323456,0.24927815794944763,0.22317036986351013
YBR118W,YOL086C,0,0.9466176,0.10430930554866791,0.24927815794944763,0.22327075898647308
YMR133W,YDR064W,0,0.9466088,0.10426731407642365,0.24927815794944763,0.22337114810943604
YKL166C,YDR405W,0,0.9463215,0.10422535240650177,0.24927815794944763,0.223471537232399
YBR127C,YLR443W,1,0.94625664,0.1045856773853302,0.25024062395095825,0.223471537232399
YDL161W,YBR155W,0,0.94620085,0.10454362630844116,0.25024062395095825,0.22357192635536194
YIL114C,YJL093C,1,0.94610023,0.10490353405475616,0.25120308995246887,0.22357192635536194
YHR193C,YMR308C,0,0.9459822,0.10486139357089996,0.25120308995246887,0.2236723154783249
YOR194C,YGR142W,0,0.9459732,0.10481927543878555,0.25120308995246887,0.22377271950244904
YOR049C,YNR013C,1,0.9458733,0.10517864674329758,0.2521655559539795,0.22377271950244904
YIL065C,YBR104W,0,0.94580793,0.105136439204216,0.2521655559539795,0.223873108625412
YGL068W,YMR020W,0,0.9456873,0.10509426146745682,0.2521655559539795,0.22397349774837494
YMR203W,YDR322C-A,1,0.9456698,0.10545308887958527,0.2531280219554901,0.22397349774837494
YGL049C,YOL084W,0,0.94562185,0.10541082173585892,0.2531280219554901,0.2240738868713379
YPR043W,YGR048W,0,0.9454354,0.10536859184503555,0.2531280219554901,0.22417427599430084
YOR375C,YFR021W,0,0.94528973,0.10532639175653458,0.2531280219554901,0.2242746651172638
YPR120C,YOR162C,0,0.9452491,0.10528422892093658,0.2531280219554901,0.22437506914138794
YIL121W,YDR457W,0,0.9451085,0.10524209588766098,0.2531280219554901,0.2244754582643509
YGL129C,YDL014W,0,0.9450737,0.10520000010728836,0.2531280219554901,0.22457584738731384
YGR113W,YDR435C,0,0.944878,0.10515793412923813,0.2531280219554901,0.2246762365102768
YEL069C,YPL040C,0,0.94467664,0.10511590540409088,0.2531280219554901,0.22477662563323975
YGL073W,YPL042C,0,0.94420743,0.10507391393184662,0.2531280219554901,0.2248770147562027
YCR018C,YOR128C,0,0.94412065,0.10503195226192474,0.2531280219554901,0.22497741878032684
YNL272C,YGL044C,0,0.94409966,0.10499002039432526,0.2531280219554901,0.2250778079032898
YPL145C,YMR246W,0,0.94388556,0.10494812577962875,0.2531280219554901,0.22517819702625275
YDR323C,YLR228C,0,0.94388527,0.10490626096725464,0.2531280219554901,0.2252785861492157
YCR021C,YJL002C,0,0.9438347,0.10486443340778351,0.2531280219554901,0.22537897527217865
YER002W,YMR232W,0,0.94382,0.10482263565063477,0.2531280219554901,0.2254793643951416
YCR063W,YER032W,0,0.9437957,0.10478087514638901,0.2531280219554901,0.22557976841926575
YLR034C,YGL053W,0,0.94375503,0.10473914444446564,0.2531280219554901,0.2256801575422287
YPL244C,YHR048W,1,0.9437309,0.10509554296731949,0.25409045815467834,0.2256801575422287
YNL073W,YDR364C,0,0.9436915,0.10505372285842896,0.25409045815467834,0.22578054666519165
YFL048C,YDL220C,0,0.94359946,0.10501193255186081,0.25409045815467834,0.2258809357881546
YHR098C,YDR141C,0,0.94351864,0.10497017949819565,0.25409045815467834,0.22598132491111755
YCR079W,YDR454C,0,0.94345236,0.10492845624685287,0.25409045815467834,0.2260817140340805
YPL011C,YKL146W,0,0.943329,0.10488677024841309,0.25409045815467834,0.22618210315704346
YML046W,YPR083W,0,0.94331974,0.10484511405229568,0.25409045815467834,0.2262825071811676
YGL122C,YPL131W,0,0.9432637,0.10480349510908127,0.25409045815467834,0.22638289630413055
YNL275W,YCR031C,0,0.9432344,0.10476190596818924,0.25409045815467834,0.2264832854270935
YLR295C,YBR290W,1,0.9432225,0.10511701554059982,0.25505292415618896,0.2264832854270935
YOL069W,YKL110C,0,0.9431412,0.10507533699274063,0.25505292415618896,0.22658367455005646
YDL148C,YMR077C,0,0.9428772,0.10503368824720383,0.25505292415618896,0.2266840636730194
YER117W,YDL188C,0,0.94272655,0.10499207675457001,0.25505292415618896,0.22678445279598236
YGL171W,YDR084C,0,0.94271624,0.10495049506425858,0.25505292415618896,0.2268848568201065
YLL024C,YGR167W,0,0.9426898,0.10490895062685013,0.25505292415618896,0.22698524594306946
YAL040C,YML010W,0,0.942488,0.10486742854118347,0.25505292415618896,0.2270856350660324
YML011C,YKR065C,0,0.94233835,0.1048259511590004,0.25505292415618896,0.22718602418899536
YNL052W,YOR007C,0,0.94233686,0.10478449612855911,0.25505292415618896,0.2272864133119583
YBL002W,YKL067W,0,0.94224304,0.10474308580160141,0.25505292415618896,0.22738680243492126
YPL270W,YHR168W,0,0.9421688,0.1047016978263855,0.25505292415618896,0.2274872064590454
YDR240C,YFR019W,0,0.94212234,0.10466034710407257,0.25505292415618896,0.22758759558200836
YLR034C,YPR137W,0,0.94207525,0.10461902618408203,0.25505292415618896,0.2276879847049713
YGR134W,YBR248C,0,0.9420401,0.10457774251699448,0.25505292415618896,0.22778837382793427
YBR003W,YHR121W,0,0.94198304,0.10453648865222931,0.25505292415618896,0.22788876295089722
YOR038C,YDR098C,0,0.9419521,0.10449526458978653,0.25505292415618896,0.22798915207386017
YIL050W,YGR036C,0,0.9418324,0.10445407778024673,0.25505292415618896,0.22808955609798431
YLR348C,YKL210W,0,0.9418234,0.10441292077302933,0.25505292415618896,0.22818994522094727
YNL219C,YJL091C,0,0.9416028,0.1043718010187149,0.25505292415618896,0.22829033434391022
YLR240W,YLR368W,0,0.9415782,0.10433071106672287,0.25505292415618896,0.22839072346687317
YMR092C,YPR182W,0,0.94146776,0.10428965091705322,0.25505292415618896,0.22849111258983612
YBR247C,YLR360W,0,0.9412979,0.10424862056970596,0.25505292415618896,0.22859150171279907
YNL073W,YGL027C,0,0.9411304,0.10420762747526169,0.25505292415618896,0.22869190573692322
YCL054W,YKL130C,0,0.94110394,0.1041666641831398,0.25505292415618896,0.22879229485988617
YJR103W,YNL304W,0,0.9410409,0.1041257381439209,0.25505292415618896,0.22889268398284912
YHR088W,YFR038W,0,0.94091344,0.10408484190702438,0.25505292415618896,0.22899307310581207
YDR064W,YBR272C,0,0.9409116,0.10404397547245026,0.25505292415618896,0.22909346222877502
YLR093C,YEL019C,0,0.94087684,0.10400313884019852,0.25505292415618896,0.22919385135173798
YLR384C,YGR225W,0,0.9408462,0.10396233946084976,0.25505292415618896,0.22929424047470093
YBL034C,YPR035W,0,0.94083416,0.1039215698838234,0.25505292415618896,0.22939464449882507
YNR019W,YLR244C,0,0.9406877,0.10388083010911942,0.25505292415618896,0.22949503362178802
YJL151C,YMR180C,0,0.94064826,0.10384012758731842,0.25505292415618896,0.22959542274475098
YJL139C,YGL189C,0,0.9404806,0.10379945486783981,0.25505292415618896,0.22969581186771393
YIL114C,YIL006W,1,0.9404799,0.10415035486221313,0.2560153901576996,0.22969581186771393
YJL167W,YJR118C,0,0.9403851,0.10410959273576736,0.2560153901576996,0.22979620099067688
YKL009W,YLR055C,0,0.94032085,0.10406886041164398,0.2560153901576996,0.22989659011363983
YJR112W,YDR235W,0,0.94016296,0.10402815788984299,0.2560153901576996,0.22999699413776398
YMR081C,YLR068W,0,0.9400981,0.10398749262094498,0.2560153901576996,0.23009738326072693
YFR052W,YKL114C,0,0.9400921,0.10394685715436935,0.2560153901576996,0.23019777238368988
YPR128C,YAL048C,1,0.9400834,0.10429687798023224,0.2569778561592102,0.23019777238368988
YER168C,YDR214W,0,0.94005996,0.10425615310668945,0.2569778561592102,0.23029816150665283
YGR148C,YDL133C-A,0,0.9400544,0.10421545803546906,0.2569778561592102,0.23039855062961578
YJR092W,YLR395C,0,0.9399369,0.10417479276657104,0.2569778561592102,0.23049893975257874
YMR093W,YLR226W,0,0.93992746,0.10413416475057602,0.2569778561592102,0.23059934377670288
YGL220W,YDR084C,0,0.93983644,0.10409356653690338,0.2569778561592102,0.23069973289966583
YOR327C,YNL008C,0,0.9398253,0.10405299812555313,0.2569778561592102,0.23080012202262878
YLR359W,YJL173C,0,0.93980485,0.10401246696710587,0.2569778561592102,0.23090051114559174
YLR167W,YDL222C,0,0.9397503,0.10397196561098099,0.2569778561592102,0.2310009002685547
YNL241C,YDL160C,0,0.93961537,0.1039314940571785,0.2569778561592102,0.23110128939151764
YPL273W,YOR253W,0,0.9395742,0.1038910523056984,0.2569778561592102,0.23120169341564178
YPL151C,YGL047W,0,0.9395639,0.10385064035654068,0.2569778561592102,0.23130208253860474
YIL097W,YML127W,0,0.93952155,0.10381026566028595,0.2569778561592102,0.2314024716615677
YIL076W,YDR213W,0,0.9395007,0.10376992076635361,0.2569778561592102,0.23150286078453064
YLR052W,YGL067W,0,0.93933105,0.10372960567474365,0.2569778561592102,0.2316032499074936
YOL058W,YKL092C,0,0.93932027,0.10368932038545609,0.2569778561592102,0.23170363903045654
YGR077C,YLR203C,0,0.93919635,0.1036490648984909,0.2569778561592102,0.2318040430545807
YJL129C,YOR271C,1,0.93914706,0.1039968952536583,0.2579403221607208,0.2318040430545807
YDR538W,YOL086C,0,0.9390711,0.10395655781030655,0.2579403221607208,0.23190443217754364
YJR077C,YGL187C,1,0.9388164,0.1043039932847023,0.25890278816223145,0.23190443217754364
YJR101W,YHR073W,0,0.9387957,0.10426356643438339,0.25890278816223145,0.2320048213005066
YLR404W,YDL128W,0,0.93875676,0.10422316938638687,0.25890278816223145,0.23210521042346954
YFR025C,YBR072W,0,0.93865025,0.10418280214071274,0.25890278816223145,0.2322055995464325
YHL038C,YGL018C,0,0.9385868,0.10414247214794159,0.25890278816223145,0.23230598866939545
YGR033C,YOL110W,0,0.9385859,0.10410216450691223,0.25890278816223145,0.2324063777923584
YCL008C,YOR195W,0,0.93845505,0.10406189411878586,0.25890278816223145,0.23250678181648254
YOL054W,YLR259C,0,0.9382996,0.10402165353298187,0.25890278816223145,0.2326071709394455
YLR355C,YNL169C,0,0.9382248,0.10398144274950027,0.25890278816223145,0.23270756006240845
YJL089W,YDR189W,0,0.93816733,0.10394126921892166,0.25890278816223145,0.2328079491853714
YDR515W,YDR099W,0,0.93808675,0.10390111804008484,0.25890278816223145,0.23290833830833435
YBR296C,YMR058W,1,0.9379757,0.10424710065126419,0.25986525416374207,0.23290833830833435
YLR070C,YER075C,0,0.9379704,0.1042068675160408,0.25986525416374207,0.2330087274312973
YNR010W,YPR101W,0,0.9379507,0.1041666641831398,0.25986525416374207,0.23310913145542145
YBR126C,YNL016W,0,0.9377184,0.10412649810314178,0.25986525416374207,0.2332095205783844
YDL194W,YPR035W,0,0.93751585,0.10408635437488556,0.25986525416374207,0.23330990970134735
YML019W,YER038C,0,0.93750316,0.10404624044895172,0.25986525416374207,0.2334102988243103
YNL131W,YML036W,0,0.93742687,0.10400616377592087,0.25986525416374207,0.23351068794727325
YOR259C,YPL024W,0,0.9374105,0.1039661169052124,0.25986525416374207,0.2336110770702362
YJL166W,YGR227W,0,0.93727565,0.10392609983682632,0.25986525416374207,0.23371148109436035
YBR093C,YKR069W,0,0.9371875,0.10388611257076263,0.25986525416374207,0.2338118702173233
YDR411C,YMR065W,0,0.9371509,0.10384615510702133,0.25986525416374207,0.23391225934028625
YGL179C,YML055W,0,0.9371384,0.10380622744560242,0.25986525416374207,0.2340126484632492
YDR472W,YDL087C,0,0.937134,0.10376633703708649,0.25986525416374207,0.23411303758621216
YNL316C,YMR263W,0,0.9371021,0.10372646898031235,0.25986525416374207,0.2342134267091751
YCL024W,YKR069W,0,0.9370841,0.10368663817644119,0.25986525416374207,0.23431383073329926
YDR536W,YGR260W,1,0.93701726,0.10403071343898773,0.2608277201652527,0.23431383073329926
YJR131W,YDR165W,0,0.93687874,0.10399079322814941,0.2608277201652527,0.2344142198562622
YDL171C,YMR061W,0,0.9368669,0.10395090281963348,0.2608277201652527,0.23451460897922516
YBR227C,YOR267C,0,0.93685377,0.10391104221343994,0.2608277201652527,0.2346149981021881
YDL070W,YLR131C,0,0.93682885,0.10387121140956879,0.2608277201652527,0.23471538722515106
YPL146C,YDL150W,0,0.9368063,0.10383141785860062,0.2608277201652527,0.234815776348114
YNL065W,YBL089W,1,0.93677306,0.1041746437549591,0.2617901861667633,0.234815776348114
YPR198W,YJL050W,0,0.9367683,0.10413476079702377,0.2617901861667633,0.23491618037223816
YAL061W,YMR189W,0,0.93671316,0.10409490764141083,0.2617901861667633,0.2350165694952011
YOR162C,YIR022W,0,0.9366131,0.10405508428812027,0.2617901861667633,0.23511695861816406
YDR469W,YOR198C,0,0.936565,0.1040152981877327,0.2617901861667633,0.23521734774112701
YDR001C,YBR038W,0,0.93648446,0.10397553443908691,0.2617901861667633,0.23531773686408997
YCR066W,YGL099W,0,0.9364755,0.10393580794334412,0.2617901861667633,0.23541812598705292
YFL010W-A,YPR155C,0,0.93646,0.10389610379934311,0.2617901861667633,0.23551851511001587
YGL112C,YPL176C,0,0.93637705,0.10385643690824509,0.2617901861667633,0.23561891913414001
YOR065W,YGL153W,0,0.9363538,0.10381679236888885,0.2617901861667633,0.23571930825710297
YOR196C,YOR071C,0,0.93630207,0.10377718508243561,0.2617901861667633,0.23581969738006592
YGR020C,YCR028C,1,0.936231,0.10411899536848068,0.2627526521682739,0.23581969738006592
YBR290W,YGL190C,0,0.9361745,0.10407929867506027,0.2627526521682739,0.23592008650302887
YER094C,YKR003W,0,0.9361644,0.10403963178396225,0.2627526521682739,0.23602047562599182
YML026C,YJL081C,0,0.93616295,0.10400000214576721,0.2627526521682739,0.23612086474895477
YLR390W-A,YOR258W,0,0.9361604,0.10396039485931396,0.2627526521682739,0.23622126877307892
YNL236W,YGL055W,0,0.9361422,0.1039208248257637,0.2627526521682739,0.23632165789604187
YCR011C,YIL132C,0,0.93604404,0.10388127714395523,0.2627526521682739,0.23642204701900482
YMR092C,YDL045W-A,0,0.93589485,0.10384176671504974,0.2627526521682739,0.23652243614196777
YDR156W,YMR030W,0,0.935794,0.10380227863788605,0.2627526521682739,0.23662282526493073
YBR192W,YNL052W,1,0.93578994,0.10414291173219681,0.26371511816978455,0.23662282526493073
YEL053C,YGL012W,0,0.9357837,0.10410334169864655,0.26371511816978455,0.23672321438789368
YBR085W,YNL101W,1,0.9355798,0.10444360226392746,0.26467758417129517,0.23672321438789368
YKL095W,YCL014W,0,0.9355264,0.10440395027399063,0.26467758417129517,0.23682361841201782
YGL016W,YLR347C,0,0.9354712,0.10436432808637619,0.26467758417129517,0.23692400753498077
YMR243C,YNL055C,1,0.9354079,0.10470409691333771,0.2656400501728058,0.23692400753498077
YMR236W,YFL061W,0,0.9353676,0.1046643927693367,0.2656400501728058,0.23702439665794373
YIL105C,YEL024W,0,0.9352448,0.10462471842765808,0.2656400501728058,0.23712478578090668
YPR112C,YGL107C,0,0.9352204,0.10458506643772125,0.2656400501728058,0.23722517490386963
YGL020C,YPR095C,0,0.93510795,0.10454545170068741,0.2656400501728058,0.23732556402683258
YDR043C,YPR138C,0,0.9350519,0.10450586676597595,0.2656400501728058,0.23742596805095673
YBL056W,YDL029W,0,0.93501556,0.10446631163358688,0.2656400501728058,0.23752635717391968
YIL147C,YNL202W,0,0.9350143,0.1044267863035202,0.2656400501728058,0.23762674629688263
YPL032C,YPR183W,0,0.9349717,0.10438729077577591,0.2656400501728058,0.23772713541984558
YJL050W,YGR178C,0,0.9349655,0.104347825050354,0.2656400501728058,0.23782752454280853
YNR038W,YMR145C,0,0.9349477,0.10430838912725449,0.2656400501728058,0.23792791366577148
YDR303C,YCL052C,0,0.93489444,0.10426898300647736,0.2656400501728058,0.23802831768989563
YNL065W,YML008C,0,0.93488204,0.10422960668802261,0.2656400501728058,0.23812870681285858
YBR192W,YDR298C,1,0.9348035,0.1045677587389946,0.2666025161743164,0.23812870681285858
YHR157W,YDR361C,0,0.93476367,0.10452830046415329,0.2666025161743164,0.23822909593582153
YMR014W,YLR102C,0,0.934645,0.10448887199163437,0.2666025161743164,0.23832948505878448
YLR310C,YOR312C,0,0.93456525,0.10444947332143784,0.2666025161743164,0.23842987418174744
YML076C,YLR432W,0,0.93455946,0.10441010445356369,0.2666025161743164,0.2385302633047104
YJL191W,YOR324C,0,0.9345398,0.10437075793743134,0.2666025161743164,0.23863065242767334
YKR003W,YPR083W,0,0.93445385,0.10433144867420197,0.2666025161743164,0.23873105645179749
YBR079C,YEL030W,0,0.93427414,0.10429216921329498,0.2666025161743164,0.23883144557476044
YPR198W,YDL188C,0,0.9340899,0.10425291955471039,0.2666025161743164,0.2389318346977234
YOL023W,YPR135W,0,0.93403006,0.10421369224786758,0.2666025161743164,0.23903222382068634
YGR208W,YBL051C,0,0.9339511,0.10417450219392776,0.2666025161743164,0.2391326129436493
YNL246W,YOR059C,0,0.9338686,0.10413534194231033,0.2666025161743164,0.23923300206661224
YGL216W,YDL175C,0,0.9338169,0.10409620404243469,0.2666025161743164,0.2393334060907364
YCL025C,YKL165C,1,0.9337555,0.10443275421857834,0.26756495237350464,0.2393334060907364
YPR182W,YBR080C,0,0.93368745,0.10439354181289673,0.26756495237350464,0.23943379521369934
YMR106C,YER179W,0,0.93365055,0.10435435175895691,0.26756495237350464,0.2395341843366623
YOL040C,YGR245C,0,0.93356586,0.10431519895792007,0.26756495237350464,0.23963457345962524
YDR105C,YPL016W,0,0.93347764,0.10427606850862503,0.26756495237350464,0.2397349625825882
YLL018C-A,YMR058W,1,0.9334712,0.10461192578077316,0.26852741837501526,0.2397349625825882
YHR162W,YDR456W,1,0.93341815,0.104947529733181,0.2694898843765259,0.2397349625825882
YKL185W,YLR337C,0,0.9331511,0.10490820556879044,0.2694898843765259,0.23983535170555115
YPL255W,YOR295W,0,0.9330235,0.10486891120672226,0.2694898843765259,0.2399357557296753
YGR186W,YOR243C,0,0.93291974,0.10482965409755707,0.2694898843765259,0.24003614485263824
YJR042W,YML013W,0,0.93282944,0.10479041934013367,0.2694898843765259,0.2401365339756012
YDR156W,YKR028W,0,0.93271077,0.10475121438503265,0.2694898843765259,0.24023692309856415
YPR138C,YNL318C,1,0.9325241,0.10508601367473602,0.2704523503780365,0.24023692309856415
YOL061W,YOL122C,0,0.9324441,0.10504672676324844,0.2704523503780365,0.2403373122215271
YMR001C,YNL284C,0,0.9323885,0.10500747710466385,0.2704523503780365,0.24043770134449005
YJR010W,YER127W,0,0.93234617,0.10496824979782104,0.2704523503780365,0.2405381053686142
YDR163W,YBR202W,0,0.93232954,0.10492905229330063,0.2704523503780365,0.24063849449157715
YBR031W,YOL044W,0,0.9323255,0.1048898845911026,0.2704523503780365,0.2407388836145401
YDL083C,YDL078C,0,0.9323244,0.10485074669122696,0.2704523503780365,0.24083927273750305
YOR086C,YMR239C,0,0.9322161,0.1048116385936737,0.2704523503780365,0.240939661860466
YDR316W,YER060W,0,0.93218064,0.10477256029844284,0.2704523503780365,0.24104005098342896
YHR008C,YMR251W-A,0,0.9321722,0.10473350435495377,0.2704523503780365,0.2411404550075531
YLR022C,YKL209C,0,0.9321008,0.10469448566436768,0.2704523503780365,0.24124084413051605
YDR477W,YDR519W,0,0.93205494,0.10465549677610397,0.2704523503780365,0.241341233253479
YBR133C,YNR075W,0,0.932009,0.10461653023958206,0.2704523503780365,0.24144162237644196
YOL070C,YGL125W,0,0.93194664,0.10457759350538254,0.2704523503780365,0.2415420114994049
YHR133C,YJL071W,0,0.93189573,0.104538694024086,0.2704523503780365,0.24164240062236786
YNL223W,YDR258C,0,0.9318875,0.10449981689453125,0.2704523503780365,0.2417427897453308
YKL051W,YAL061W,0,0.93186057,0.10446096956729889,0.2704523503780365,0.24184319376945496
YGR186W,YDL045C,0,0.93176675,0.10442214459180832,0.2704523503780365,0.2419435828924179
YLR310C,YIL005W,0,0.9317077,0.10438335686922073,0.2704523503780365,0.24204397201538086
YJR101W,YDL093W,0,0.93169487,0.10434459894895554,0.2704523503780365,0.2421443611383438
YOR141C,YGL234W,0,0.93163586,0.10430586338043213,0.2704523503780365,0.24224475026130676
YPL198W,YDL150W,0,0.9316206,0.1042671650648117,0.2704523503780365,0.24234513938426971
YNL275W,YLL004W,0,0.931576,0.10422848910093307,0.2704523503780365,0.24244554340839386
YGR094W,YNL002C,0,0.9314846,0.10418984293937683,0.2704523503780365,0.2425459325313568
YMR230W,YPL112C,0,0.93118703,0.10415122658014297,0.2704523503780365,0.24264632165431976
YPL248C,YCR091W,0,0.931076,0.10411263257265091,0.2704523503780365,0.24274671077728271
YJL122W,YHR072W,0,0.9310198,0.10407407581806183,0.2704523503780365,0.24284709990024567
YGL033W,YOR001W,0,0.93092364,0.10403554141521454,0.2704523503780365,0.24294748902320862
YLR066W,YNL225C,0,0.93089056,0.10399703681468964,0.2704523503780365,0.24304789304733276
YER167W,YHR041C,0,0.9308672,0.10395856201648712,0.2704523503780365,0.24314828217029572
YGR257C,YER042W,0,0.9308196,0.103920117020607,0.2704523503780365,0.24324867129325867
YOR341W,YHR190W,0,0.9307435,0.10388170182704926,0.2704523503780365,0.24334906041622162
YER017C,YGR142W,0,0.9307227,0.1038433089852333,0.2704523503780365,0.24344944953918457
YJL134W,YMR216C,0,0.9306942,0.10380495339632034,0.2704523503780365,0.24354983866214752
YLR163C,YML059C,0,0.93054926,0.10376662015914917,0.2704523503780365,0.24365024268627167
YLR135W,YKR007W,0,0.9304111,0.10372831672430038,0.2704523503780365,0.24375063180923462
YLR092W,YBR207W,1,0.93040097,0.10405904054641724,0.2714148163795471,0.24375063180923462
YHR200W,YER032W,0,0.9302352,0.10402065515518188,0.2714148163795471,0.24385102093219757
YNL130C,YPL146C,0,0.9302136,0.10398229956626892,0.2714148163795471,0.24395141005516052
YIL119C,YMR153W,0,0.9301535,0.10394397377967834,0.2714148163795471,0.24405179917812347
YOL011W,YNR049C,0,0.93010217,0.10390567779541016,0.2714148163795471,0.24415218830108643
YLR229C,YBR153W,0,0.92998946,0.10386740416288376,0.2714148163795471,0.24425259232521057
YKL018W,YDR281C,0,0.9299822,0.10382916033267975,0.2714148163795471,0.24435298144817352
YJL087C,YCR012W,0,0.9299437,0.10379094630479813,0.2714148163795471,0.24445337057113647
YPL259C,YJL003W,0,0.92994213,0.10375276207923889,0.2714148163795471,0.24455375969409943
YGR177C,YPR175W,0,0.92993367,0.10371460020542145,0.2714148163795471,0.24465414881706238
YOL093W,YKL090W,0,0.92991745,0.10367646813392639,0.2714148163795471,0.24475453794002533
YMR261C,YOR298W,0,0.9298694,0.10363836586475372,0.2714148163795471,0.24485492706298828
YPL100W,YAL055W,0,0.9298507,0.10360029339790344,0.2714148163795471,0.24495533108711243
YMR159C,YBR222C,0,0.92975026,0.10356225073337555,0.2714148163795471,0.24505572021007538
YLR395C,YPL036W,1,0.92969936,0.10389133542776108,0.27237728238105774,0.24505572021007538
YPR152C,YIL159W,0,0.9296689,0.10385321080684662,0.27237728238105774,0.24515610933303833
YJR127C,YDR302W,0,0.92959267,0.10381511598825455,0.27237728238105774,0.24525649845600128
YHR092C,YLL001W,1,0.9295415,0.10414374619722366,0.27333974838256836,0.24525649845600128
YGR257C,YDL079C,0,0.92917836,0.10410556942224503,0.27333974838256836,0.24535688757896423
YIL061C,YER100W,0,0.92915154,0.10406742244958878,0.27333974838256836,0.24545727670192719
YMR260C,YLR408C,0,0.9291179,0.10402930527925491,0.27333974838256836,0.24555768072605133
YGL058W,YJL154C,0,0.92906547,0.10399121046066284,0.27333974838256836,0.24565806984901428
YGL032C,YOL088C,0,0.9290527,0.10395314544439316,0.27333974838256836,0.24575845897197723
YKR006C,YLR004C,0,0.9289374,0.10391511023044586,0.27333974838256836,0.24585884809494019
YOR118W,YGL023C,0,0.9289111,0.10387710481882095,0.27333974838256836,0.24595923721790314
YER119C,YOR222W,1,0.9288881,0.10420475155115128,0.274302214384079,0.24595923721790314
YKL006C-A,YLR051C,0,0.9288839,0.1041666641831398,0.274302214384079,0.2460596263408661
YLR443W,YKL198C,1,0.9287574,0.10449396818876266,0.2752646803855896,0.2460596263408661
YLR219W,YLR116W,0,0.92869663,0.10445580631494522,0.2752646803855896,0.24616003036499023
YIL020C,YJL003W,0,0.9286566,0.10441767424345016,0.2752646803855896,0.24626041948795319
YNL271C,YNL273W,0,0.92854583,0.1043795645236969,0.2752646803855896,0.24636080861091614
YER065C,YNL059C,0,0.9284287,0.10434148460626602,0.2752646803855896,0.2464611977338791
YIL062C,YJR046W,0,0.9283933,0.10430342704057693,0.2752646803855896,0.24656158685684204
YHR135C,YGL094C,0,0.9282672,0.10426539927721024,0.2752646803855896,0.246661975979805
YER019C-A,YKR069W,0,0.92823815,0.10422740876674652,0.2752646803855896,0.24676238000392914
YBL063W,YPL190C,0,0.9281343,0.104189433157444,0.2752646803855896,0.2468627691268921
YLR167W,YDR386W,0,0.92788756,0.10415149480104446,0.2752646803855896,0.24696315824985504
YOR297C,YMR268C,0,0.92782825,0.10411357879638672,0.2752646803855896,0.247063547372818
YPL060W,YGL187C,1,0.92775726,0.10443959385156631,0.2762271463871002,0.247063547372818
YGR033C,YPL078C,0,0.9276781,0.1044016033411026,0.2762271463871002,0.24716393649578094
YLR129W,YER104W,0,0.9275372,0.10436363518238068,0.2762271463871002,0.2472643256187439
YDR494W,YPL098C,0,0.92743254,0.10432569682598114,0.2762271463871002,0.24736472964286804
YIL037C,YDR135C,0,0.9274046,0.10428778827190399,0.2762271463871002,0.247465118765831
YHR014W,YOR176W,0,0.92739093,0.10424990952014923,0.2762271463871002,0.24756550788879395
YCR034W,YGL018C,0,0.92738813,0.10421205312013626,0.2762271463871002,0.2476658970117569
YHR146W,YBR120C,0,0.9273099,0.10417422652244568,0.2762271463871002,0.24776628613471985
YDR178W,YOL130W,0,0.9272508,0.10413642972707748,0.2762271463871002,0.2478666752576828
YGR032W,YOL112W,0,0.9271846,0.10409865528345108,0.2762271463871002,0.24796706438064575
YMR053C,YMR246W,0,0.9271573,0.10406091064214706,0.2762271463871002,0.2480674684047699
YFR038W,YMR054W,0,0.92711365,0.10402319580316544,0.2762271463871002,0.24816785752773285
YHR119W,YMR200W,0,0.9269422,0.1039855107665062,0.2762271463871002,0.2482682466506958
YIL006W,YLL028W,1,0.9265194,0.1043100357055664,0.27718961238861084,0.2482682466506958
YER063W,YKL067W,0,0.926459,0.1042722687125206,0.27718961238861084,0.24836863577365875
YER157W,YLR247C,0,0.9264145,0.10423452407121658,0.27718961238861084,0.2484690248966217
YDL171C,YLR073C,0,0.9262924,0.10419681668281555,0.27718961238861084,0.24856941401958466
YMR081C,YKR056W,0,0.9260465,0.10415913164615631,0.27718961238861084,0.2486698180437088
YDL031W,YPR185W,0,0.92596734,0.10412147641181946,0.27718961238861084,0.24877020716667175
YNL261W,YCL035C,0,0.925944,0.1040838435292244,0.27718961238861084,0.2488705962896347
YDR001C,YBR130C,0,0.9258932,0.10404624044895172,0.27718961238861084,0.24897098541259766
YBR068C,YGL115W,0,0.9257715,0.10400866717100143,0.27718961238861084,0.2490713745355606
YPL234C,YNL250W,0,0.9257674,0.10397111624479294,0.27718961238861084,0.24917176365852356
YOR372C,YPL237W,0,0.9257502,0.10393359512090683,0.27718961238861084,0.2492721676826477
YOR049C,YOL122C,1,0.92574215,0.10425685346126556,0.27815207839012146,0.2492721676826477
YNL274C,YMR274C,0,0.9254091,0.10421925783157349,0.27815207839012146,0.24937255680561066
YIL002C,YBL067C,0,0.9253247,0.1041816845536232,0.27815207839012146,0.2494729459285736
YLR026C,YLR285W,0,0.9252963,0.1041441410779953,0.27815207839012146,0.24957333505153656
YGL093W,YGL053W,0,0.92517036,0.10410662740468979,0.27815207839012146,0.2496737241744995
YMR226C,YLL045C,0,0.9251479,0.10406913608312607,0.27815207839012146,0.24977411329746246
YGR208W,YLR028C,0,0.9251022,0.10403167456388474,0.27815207839012146,0.2498745173215866
YBL038W,YKL152C,0,0.92497444,0.10399424284696579,0.27815207839012146,0.24997490644454956
YHL011C,YPR155C,0,0.92497116,0.10395683348178864,0.27815207839012146,0.2500752806663513
YIL068C,YHR047C,0,0.9247658,0.10391945391893387,0.27815207839012146,0.25017568469047546
YLR220W,YER002W,0,0.924738,0.10388209670782089,0.27815207839012146,0.2502760887145996
YPR072W,YOR048C,0,0.92470866,0.1038447692990303,0.27815207839012146,0.25037646293640137
YOL155C,YDL216C,0,0.9246764,0.1038074716925621,0.27815207839012146,0.2504768669605255
YBR119W,YDR244W,0,0.9245419,0.1037701964378357,0.27815207839012146,0.25057724118232727
YAL011W,YDR171W,0,0.92451614,0.10373295098543167,0.27815207839012146,0.2506776452064514
YML019W,YNL326C,0,0.9243629,0.10369572788476944,0.27815207839012146,0.25077804923057556
YLR333C,YIR033W,0,0.9243459,0.1036585345864296,0.27815207839012146,0.2508784234523773
YMR274C,YOL151W,0,0.9243425,0.10362137109041214,0.27815207839012146,0.25097882747650146
YKL161C,YGL027C,0,0.9243262,0.10358422994613647,0.27815207839012146,0.2510792016983032
YDR207C,YLL018C-A,0,0.9237195,0.1035471186041832,0.27815207839012146,0.25117960572242737
YKL053C-A,YLR390W,0,0.9237079,0.10351002961397171,0.27815207839012146,0.2512799799442291
YLL041C,YIR034C,0,0.9236932,0.10347297042608261,0.27815207839012146,0.25138038396835327
YKR101W,YLR205C,0,0.9235634,0.1034359335899353,0.27815207839012146,0.2514807879924774
YHR042W,YML055W,0,0.92344713,0.10339892655611038,0.27815207839012146,0.2515811622142792
YJR105W,YDR528W,0,0.9234379,0.10336194932460785,0.27815207839012146,0.2516815662384033
YDR515W,YGL045W,0,0.92317086,0.1033249944448471,0.27815207839012146,0.2517819404602051
YMR065W,YDR165W,0,0.9231099,0.10328806191682816,0.27815207839012146,0.2518823444843292
YOR079C,YOL156W,1,0.92302525,0.10360842943191528,0.2791145443916321,0.2518823444843292
YKL085W,YDR386W,0,0.923005,0.10357142984867096,0.2791145443916321,0.251982718706131
YBR045C,YBL019W,0,0.92297554,0.10353445261716843,0.2791145443916321,0.2520831227302551
YLR272C,YGR178C,0,0.9229192,0.10349750518798828,0.2791145443916321,0.2521835267543793
YMR238W,YJL140W,0,0.9228848,0.10346058011054993,0.2791145443916321,0.25228390097618103
YDR412W,YDR410C,0,0.92287207,0.10342367738485336,0.2791145443916321,0.2523843050003052
YOL156W,YGL006W,1,0.92283,0.10374331474304199,0.2800770103931427,0.2523843050003052
YER139C,YHL011C,0,0.9228019,0.10370634496212006,0.2800770103931427,0.25248467922210693
YMR060C,YOR349W,0,0.9227748,0.10366939753293991,0.2800770103931427,0.2525850832462311
YBR210W,YBR089C-A,0,0.9227649,0.10363247990608215,0.2800770103931427,0.2526854872703552
YHR166C,YGR212W,0,0.9226773,0.10359558463096619,0.2800770103931427,0.252785861492157
YLR260W,YJL083W,0,0.9224447,0.10355871915817261,0.2800770103931427,0.25288626551628113
YDR296W,YLR395C,0,0.9223949,0.10352187603712082,0.2800770103931427,0.2529866397380829
YKL022C,YOL113W,0,0.922187,0.10348506271839142,0.2800770103931427,0.25308704376220703
YDR522C,YLR027C,0,0.9219486,0.1034482792019844,0.2800770103931427,0.2531874179840088
YMR014W,YLR336C,0,0.92167825,0.10341151058673859,0.2800770103931427,0.25328782200813293
YGL098W,YDR174W,0,0.921601,0.10337477922439575,0.2800770103931427,0.2533882260322571
YOR071C,YGR204W,0,0.92154753,0.10333807021379471,0.2800770103931427,0.25348860025405884
YPL235W,YCR014C,0,0.9212586,0.10330138355493546,0.2800770103931427,0.253589004278183
YHR123W,YJR002W,0,0.9212435,0.10326472669839859,0.2800770103931427,0.25368937849998474
YML109W,YJR112W,0,0.9211988,0.10322809219360352,0.2800770103931427,0.2537897825241089
YMR001C,YOR178C,0,0.9211857,0.10319148749113083,0.2800770103931427,0.25389018654823303
YDR534C,YLR443W,1,0.9211346,0.10350939631462097,0.28103944659233093,0.25389018654823303
YLR431C,YPL072W,0,0.92111945,0.10347271710634232,0.28103944659233093,0.2539905607700348
YDR178W,YOR010C,0,0.9210814,0.10343606024980545,0.28103944659233093,0.25409096479415894
YDR051C,YKR095W,0,0.9210679,0.10339943319559097,0.28103944659233093,0.2541913390159607
YNL023C,YBR189W,0,0.9210565,0.10336282849311829,0.28103944659233093,0.25429174304008484
YMR272C,YMR202W,0,0.9210547,0.10332625359296799,0.28103944659233093,0.2543921172618866
YIL173W,YOL113W,0,0.9207778,0.10328970849514008,0.28103944659233093,0.25449252128601074
YGR004W,YMR156C,0,0.920709,0.10325318574905396,0.28103944659233093,0.2545929253101349
YER011W,YBR222C,0,0.92062443,0.10321668535470963,0.28103944659233093,0.25469329953193665
YJR032W,YOR255W,0,0.920473,0.10318021476268768,0.28103944659233093,0.2547937035560608
YPL084W,YML055W,0,0.9204655,0.10314376652240753,0.28103944659233093,0.25489407777786255
YOR194C,YHR164C,0,0.9203257,0.10310734808444977,0.28103944659233093,0.2549944818019867
YOR375C,YPR075C,0,0.92002344,0.1030709519982338,0.28103944659233093,0.25509485602378845
YGL032C,YMR228W,0,0.91999525,0.10303457826375961,0.28103944659233093,0.2551952600479126
YJL094C,YPL202C,1,0.91989577,0.10335096716880798,0.28200191259384155,0.2551952600479126
YLR006C,YDR167W,0,0.9198841,0.10331452637910843,0.28200191259384155,0.25529566407203674
YHR039C,YDR375C,0,0.91984284,0.10327810794115067,0.28200191259384155,0.2553960382938385
YKL139W,YNR074C,0,0.9198285,0.10324171930551529,0.28200191259384155,0.25549644231796265
YOR098C,YDR155C,0,0.9197676,0.1032053530216217,0.28200191259384155,0.2555968165397644
YIL094C,YMR161W,0,0.919615,0.1031690165400505,0.28200191259384155,0.25569722056388855
YBR069C,YBL067C,0,0.91923606,0.1031327024102211,0.28200191259384155,0.2557976245880127
YDR394W,YPL262W,0,0.9190773,0.10309641063213348,0.28200191259384155,0.25589799880981445
YNR049C,YGL172W,0,0.9189719,0.10306014865636826,0.28200191259384155,0.2559984028339386
YNR015W,YLR264W,0,0.9189685,0.10302390903234482,0.28200191259384155,0.25609877705574036
YDL175C,YGR204W,0,0.9189151,0.10298769921064377,0.28200191259384155,0.2561991810798645
YBR101C,YOR002W,0,0.9188266,0.10295151174068451,0.28200191259384155,0.25629955530166626
YJR041C,YDR497C,0,0.9185905,0.10291534662246704,0.28200191259384155,0.2563999593257904
YEL040W,YLR315W,0,0.91855705,0.10287921130657196,0.28200191259384155,0.25650036334991455
YIR013C,YPL190C,0,0.9185267,0.10284310579299927,0.28200191259384155,0.2566007375717163
YOR312C,YNL005C,0,0.918452,0.10280701518058777,0.28200191259384155,0.25670114159584045
YPL079W,YDR144C,0,0.91839767,0.10277095437049866,0.28200191259384155,0.2568015158176422
YBR057C,YDR028C,0,0.9183931,0.10273492336273193,0.28200191259384155,0.25690191984176636
YPL050C,YIL011W,0,0.9183669,0.102698914706707,0.28200191259384155,0.2570023238658905
YJL011C,YGR206W,0,0.91835314,0.10266292840242386,0.28200191259384155,0.25710269808769226
YGL002W,YOR245C,0,0.9183359,0.1026269719004631,0.28200191259384155,0.2572031021118164
YGL209W,YFL014W,0,0.91827863,0.10259103775024414,0.28200191259384155,0.25730347633361816
YOR353C,YDR002W,0,0.91787255,0.10255512595176697,0.28200191259384155,0.2574038803577423
YJR014W,YLR251W,0,0.9178583,0.10251924395561218,0.28200191259384155,0.25750425457954407
YDR361C,YPR180W,0,0.9177408,0.10248338431119919,0.28200191259384155,0.2576046586036682
YOR094W,YLR185W,0,0.91761494,0.10244755446910858,0.28200191259384155,0.25770506262779236
YBR088C,YAL051W,0,0.91740865,0.10241174697875977,0.28200191259384155,0.2578054368495941
YDR184C,YGR284C,0,0.9171264,0.10237596184015274,0.28200191259384155,0.25790584087371826
YLR034C,YLR237W,1,0.9171113,0.10268948972225189,0.2829643785953522,0.25790584087371826
YOR256C,YKR010C,0,0.91703725,0.1026536300778389,0.2829643785953522,0.25800621509552
YIL114C,YPR183W,0,0.91701204,0.10261780023574829,0.2829643785953522,0.25810661911964417
YCR088W,YIL043C,0,0.91695535,0.10258199274539948,0.2829643785953522,0.2582069933414459
YML013W,YNL072W,0,0.9168842,0.10254621505737305,0.2829643785953522,0.25830739736557007
YLR390W-A,YOR307C,0,0.91682786,0.10251045972108841,0.2829643785953522,0.2584078013896942
YBR095C,YKL186C,0,0.91676736,0.10247472673654556,0.2829643785953522,0.25850817561149597
YDL067C,YJR040W,1,0.91675633,0.10278745740652084,0.2839268445968628,0.25850817561149597
YPL007C,YJR151C,0,0.91675633,0.10275165736675262,0.2839268445968628,0.2586085796356201
YIL094C,YNL309W,0,0.91672254,0.1027158796787262,0.2839268445968628,0.2587089538574219
YGR175C,YOR324C,0,0.9166949,0.10268012434244156,0.2839268445968628,0.258809357881546
YKL220C,YGR142W,0,0.9166123,0.10264439880847931,0.2839268445968628,0.25890976190567017
YLR023C,YOR078W,0,0.9166044,0.10260869562625885,0.2839268445968628,0.2590101361274719
YML058W,YOR335C,0,0.9166023,0.10257301479578018,0.2839268445968628,0.25911054015159607
YNL321W,YGL189C,0,0.91657543,0.1025373637676239,0.2839268445968628,0.2592109143733978
YOR038C,YMR251W-A,0,0.9165287,0.10250173509120941,0.2839268445968628,0.259311318397522
YKL137W,YER145C,0,0.9164109,0.10246613621711731,0.2839268445968628,0.25941169261932373
YCR073C,YOR298C-A,0,0.91640913,0.1024305522441864,0.2839268445968628,0.2595120966434479
YHR041C,YMR049C,0,0.91637874,0.10239499807357788,0.2839268445968628,0.259612500667572
YKL051W,YKR068C,0,0.91636,0.10235947370529175,0.2839268445968628,0.2597128748893738
YLR047C,YDR058C,0,0.9163131,0.1023239716887474,0.2839268445968628,0.2598132789134979
YLR259C,YMR275C,0,0.9162738,0.10228848457336426,0.2839268445968628,0.2599136531352997
YOR129C,YGL029W,0,0.91617465,0.1022530347108841,0.2839268445968628,0.26001405715942383
YBL006C,YDR409W,0,0.91614425,0.10221759974956512,0.2839268445968628,0.260114461183548
YDR399W,YPL079W,0,0.91603434,0.10218219459056854,0.2839268445968628,0.26021483540534973
YJR040W,YBL089W,1,0.9160047,0.10249307751655579,0.2848893105983734,0.26021483540534973
YDR500C,YAL040C,0,0.9159799,0.10245759785175323,0.2848893105983734,0.2603152394294739
YMR228W,YMR136W,0,0.91582024,0.10242214798927307,0.2848893105983734,0.26041561365127563
YJR046W,YOR382W,0,0.9156131,0.1023867204785347,0.2848893105983734,0.2605160176753998
YPR199C,YLR069C,0,0.9155569,0.10235131531953812,0.2848893105983734,0.26061639189720154
YOL076W,YDR302W,0,0.9154955,0.10231593251228333,0.2848893105983734,0.2607167959213257
YLR081W,YOR383C,1,0.91547614,0.10262612253427505,0.28585177659988403,0.2607167959213257
YGL134W,YNL106C,0,0.9154615,0.10259067267179489,0.28585177659988403,0.26081719994544983
YML051W,YBR154C,0,0.9154414,0.10255524516105652,0.28585177659988403,0.2609175741672516
YPR133C,YNL169C,0,0.9154293,0.10251984745264053,0.28585177659988403,0.26101797819137573
YML021C,YOR173W,0,0.9154286,0.10248447209596634,0.28585177659988403,0.2611183524131775
YCR060W,YDR468C,0,0.9153577,0.10244911909103394,0.28585177659988403,0.26121875643730164
YDR148C,YPL178W,0,0.9152682,0.10241379588842392,0.28585177659988403,0.2613191306591034
YMR060C,YCL044C,0,0.9151432,0.1023784875869751,0.28585177659988403,0.26141953468322754
YBR169C,YML067C,0,0.9150996,0.10234320908784866,0.28585177659988403,0.2615199387073517
YMR213W,YLR136C,0,0.9149961,0.10230796039104462,0.28585177659988403,0.26162031292915344
YIR010W,YNR067C,0,0.9148414,0.10227272659540176,0.28585177659988403,0.2617207169532776
YDR287W,YCL040W,0,0.91481614,0.1022375226020813,0.28585177659988403,0.26182109117507935
YLR383W,YML061C,0,0.9145609,0.10220234096050262,0.28585177659988403,0.2619214951992035
YGR083C,YDR363W,0,0.9145454,0.10216718167066574,0.28585177659988403,0.26202189922332764
YEL030W,YMR276W,0,0.9144683,0.10213205218315125,0.28585177659988403,0.2621222734451294
YGR198W,YPL140C,0,0.91437566,0.10209693759679794,0.28585177659988403,0.26222267746925354
YBR152W,YER166W,0,0.9143732,0.10206185281276703,0.28585177659988403,0.2623230516910553
YPR067W,YDR468C,0,0.9143129,0.1020267978310585,0.28585177659988403,0.26242345571517944
YFR019W,YKL060C,0,0.9143102,0.10199175775051117,0.28585177659988403,0.2625238299369812
YOR157C,YCR060W,0,0.91423,0.10195674747228622,0.28585177659988403,0.26262423396110535
YGR175C,YER100W,0,0.9141929,0.10192175954580307,0.28585177659988403,0.2627246379852295
YLR081W,YDR512C,0,0.91403776,0.1018867939710617,0.28585177659988403,0.26282501220703125
YOR202W,YNL051W,0,0.9139936,0.10185185074806213,0.28585177659988403,0.2629254162311554
YPL180W,YGL002W,0,0.913977,0.10181693732738495,0.28585177659988403,0.26302579045295715
YIL047C,YNL038W,0,0.91389227,0.10178203880786896,0.28585177659988403,0.2631261944770813
YHR002W,YGL236C,0,0.9138677,0.10174717009067535,0.28585177659988403,0.26322659850120544
YFL041W,YJL219W,1,0.9138584,0.10205479711294174,0.28681424260139465,0.26322659850120544
YOR176W,YGL068W,0,0.91364515,0.10201985388994217,0.28681424260139465,0.2633269727230072
YDR432W,YNL254C,0,0.9136424,0.10198494046926498,0.28681424260139465,0.26342737674713135
YMR061W,YCR003W,0,0.9135988,0.10195004940032959,0.28681424260139465,0.2635277509689331
YLR401C,YKR068C,0,0.91355634,0.10191518813371658,0.28681424260139465,0.26362815499305725
YIL062C,YKR093W,0,0.9135414,0.10188034176826477,0.28681424260139465,0.263728529214859
YPR020W,YBL041W,0,0.91353124,0.10184552520513535,0.28681424260139465,0.26382893323898315
YHR063C,YIL131C,0,0.913515,0.10181073099374771,0.28681424260139465,0.2639293372631073
YBR227C,YBR301W,0,0.913509,0.10177595913410187,0.28681424260139465,0.26402971148490906
YJL026W,YJL104W,0,0.9134904,0.10174120962619781,0.28681424260139465,0.2641301155090332
YHR082C,YDR540C,0,0.91338503,0.10170648247003555,0.28681424260139465,0.26423048973083496
YDR201W,YJR078W,0,0.91336215,0.10167178511619568,0.28681424260139465,0.2643308937549591
YDR267C,YOR324C,0,0.913234,0.1016371101140976,0.28681424260139465,0.26443126797676086
YGR221C,YIR013C,0,0.91318,0.1016024574637413,0.28681424260139465,0.264531672000885
YNL279W,YBR222C,0,0.9130795,0.1015678271651268,0.28681424260139465,0.26463207602500916
YJL192C,YPL133C,0,0.913036,0.10153321921825409,0.28681424260139465,0.2647324502468109
YGR024C,YJR140C,0,0.9128543,0.10149864107370377,0.28681424260139465,0.26483285427093506
YBR077C,YOL124C,0,0.9128243,0.10146407783031464,0.28681424260139465,0.2649332284927368
YCR086W,YAL038W,0,0.9128228,0.1014295443892479,0.28681424260139465,0.26503363251686096
YLR182W,YIL019W,0,0.91278243,0.10139503329992294,0.28681424260139465,0.2651340365409851
YOL068C,YPR181C,0,0.91267765,0.10136054456233978,0.28681424260139465,0.26523441076278687
YOL084W,YOL136C,0,0.9124557,0.10132607817649841,0.28681424260139465,0.265334814786911
YLR372W,YML032C,0,0.9124097,0.10129164159297943,0.28681424260139465,0.26543518900871277
YKR052C,YKR053C,0,0.91237575,0.10125721991062164,0.28681424260139465,0.2655355930328369
YBR059C,YMR214W,0,0.91223335,0.10122282803058624,0.28681424260139465,0.26563596725463867
YGR209C,YHL003C,0,0.912194,0.10118845850229263,0.28681424260139465,0.2657363712787628
YCL036W,YOR209C,0,0.91217256,0.10115410387516022,0.28681424260139465,0.26583677530288696
YDR067C,YOR210W,0,0.91207904,0.10111978650093079,0.28681424260139465,0.2659371495246887
YKL002W,YLR305C,0,0.911906,0.10108548402786255,0.28681424260139465,0.26603755354881287
YOR018W,YDR162C,0,0.9117838,0.1010512039065361,0.28681424260139465,0.2661379277706146
YFR053C,YPR121W,0,0.9117807,0.10101694613695145,0.28681424260139465,0.26623833179473877
YPL280W,YDL052C,0,0.91175485,0.10098271816968918,0.28681424260139465,0.2663387358188629
YLL026W,YBR080C,0,0.9117444,0.1009485125541687,0.28681424260139465,0.2664391100406647
YHR088W,YGR060W,0,0.9116747,0.10091432183980942,0.28681424260139465,0.2665395140647888
YKL220C,YPL192C,0,0.9116496,0.10088016092777252,0.28681424260139465,0.2666398882865906
YOR384W,YPR124W,1,0.9115834,0.1011844351887703,0.2877767086029053,0.2666398882865906
YDR534C,YDR342C,1,0.91140664,0.10148850083351135,0.2887391746044159,0.2666398882865906
YFR009W,YDL020C,0,0.9113853,0.10145417600870132,0.2887391746044159,0.2667402923107147
YPR131C,YGR027C,0,0.9113629,0.10141988098621368,0.2887391746044159,0.2668406665325165
YPR007C,YPR060C,0,0.9112325,0.10138560086488724,0.2887391746044159,0.2669410705566406
YML023C,YGL181W,0,0.9110451,0.10135135054588318,0.2887391746044159,0.26704147458076477
YBL072C,YPL171C,0,0.9109475,0.10131712257862091,0.2887391746044159,0.26714184880256653
YEL012W,YGL127C,0,0.9108949,0.10128291696310043,0.2887391746044159,0.2672422528266907
YPL079W,YER149C,0,0.9108633,0.10124873369932175,0.2887391746044159,0.26734262704849243
YBL031W,YML061C,0,0.91083395,0.10121457278728485,0.2887391746044159,0.2674430310726166
YFL052W,YDR345C,0,0.91062903,0.10118044167757034,0.2887391746044159,0.26754340529441833
YHR142W,YMR305C,0,0.9106086,0.10114632546901703,0.2887391746044159,0.2676438093185425
YDR062W,YDR331W,0,0.91043776,0.1011122316122055,0.2887391746044159,0.2677442133426666
YMR168C,YMR214W,0,0.9104114,0.10107816755771637,0.2887391746044159,0.2678445875644684
YPL270W,YIL040W,0,0.9103402,0.10104412585496902,0.2887391746044159,0.26794499158859253
YGL028C,YER050C,0,0.91029286,0.10101009905338287,0.2887391746044159,0.2680453658103943
YCR046C,YPL001W,0,0.9102287,0.10097610205411911,0.2887391746044159,0.26814576983451843
YLR035C,YOR078W,0,0.9102006,0.10094212740659714,0.2887391746044159,0.2682461738586426
YOR100C,YPR036W,1,0.9101689,0.10124453157186508,0.2897016406059265,0.2682461738586426
YMR256C,YDL194W,1,0.91015136,0.1015467420220375,0.29066410660743713,0.2682461738586426
YKL125W,YGL013C,0,0.9100662,0.1015126034617424,0.29066410660743713,0.26834654808044434
YEL030W,YGR180C,0,0.910063,0.10147849470376968,0.29066410660743713,0.2684469521045685
YDR410C,YIL043C,0,0.910022,0.10144440829753876,0.29066410660743713,0.26854732632637024
YOL004W,YOR098C,0,0.9099643,0.10141034424304962,0.29066410660743713,0.2686477303504944
YBR086C,YLR092W,1,0.9097167,0.10171198099851608,0.29162657260894775,0.2686477303504944
YEL009C,YNL252C,0,0.90948296,0.10167784988880157,0.29162657260894775,0.26874810457229614
YKL197C,YOR351C,0,0.9092157,0.10164374113082886,0.29162657260894775,0.2688485085964203
YML112W,YIL118W,0,0.909184,0.10160965472459793,0.29162657260894775,0.26894891262054443
YER069W,YDR280W,0,0.90914655,0.10157559812068939,0.29162657260894775,0.2690492868423462
YOL004W,YML126C,0,0.90891445,0.10154155641794205,0.29162657260894775,0.26914969086647034
YIL047C,YDL181W,0,0.9088394,0.10150753706693649,0.29162657260894775,0.2692500650882721
YGR193C,YDR078C,0,0.9087846,0.10147354006767273,0.29162657260894775,0.26935046911239624
YCL051W,YER146W,0,0.9086727,0.10143957287073135,0.29162657260894775,0.2694508731365204
YNL145W,YPL140C,0,0.9085634,0.10140562057495117,0.29162657260894775,0.26955124735832214
YOR077W,YCL008C,0,0.90852255,0.10137169808149338,0.29162657260894775,0.2696516513824463
YGL077C,YER185W,1,0.9082691,0.10167223960161209,0.2925890386104584,0.2696516513824463
YOR215C,YMR205C,0,0.90823555,0.10163825005292892,0.2925890386104584,0.26975202560424805
YKL051W,YDR325W,0,0.9082268,0.10160427540540695,0.2925890386104584,0.2698524296283722
YPR066W,YOR079C,0,0.9081785,0.10157033056020737,0.2925890386104584,0.26995280385017395
YER155C,YKL170W,0,0.9080733,0.10153640806674957,0.2925890386104584,0.2700532078742981
YDR256C,YGL189C,0,0.9080671,0.10150250047445297,0.2925890386104584,0.27015361189842224
YDR083W,YJL103C,0,0.9079148,0.10146862268447876,0.2925890386104584,0.270253986120224
YBL091C,YDR078C,0,0.9078449,0.10143476724624634,0.2925890386104584,0.27035439014434814
YNR039C,YKL002W,1,0.9077796,0.10173448920249939,0.293551504611969,0.27035439014434814
YKL120W,YLR214W,1,0.90777194,0.10203400999307632,0.2945139706134796,0.27035439014434814
YKL080W,YIL111W,1,0.9076874,0.10233332961797714,0.29547640681266785,0.27035439014434814
YHR188C,YEL056W,0,0.90767497,0.10229923576116562,0.29547640681266785,0.2704547643661499
YDR110W,YOL008W,0,0.9075158,0.10226515680551529,0.29547640681266785,0.27055516839027405
YMR271C,YNL002C,0,0.90746486,0.10223110020160675,0.29547640681266785,0.2706555426120758
YIL008W,YPL110C,0,0.907462,0.1021970734000206,0.29547640681266785,0.27075594663619995
YER065C,YOL122C,0,0.90729415,0.10216306149959564,0.29547640681266785,0.2708563506603241
YKL091C,YBL034C,0,0.9072809,0.10212907195091248,0.29547640681266785,0.27095672488212585
YJL014W,YLL018C-A,0,0.9072143,0.1020951122045517,0.29547640681266785,0.27105712890625
YGR027C,YGR254W,0,0.9071884,0.10206116735935211,0.29547640681266785,0.27115750312805176
YDR108W,YMR215W,0,0.9070494,0.10202725231647491,0.29547640681266785,0.2712579071521759
YHR146W,YJL127C,0,0.9070233,0.10199335217475891,0.29547640681266785,0.27135831117630005
YNL223W,YMR195W,0,0.9069874,0.1019594818353653,0.29547640681266785,0.2714586853981018
YKR105C,YLR081W,1,0.90695965,0.102257639169693,0.29643887281417847,0.2714586853981018
YDR434W,YJL130C,0,0.9069103,0.10222369432449341,0.29643887281417847,0.27155908942222595
YBR068C,YOL084W,1,0.9069009,0.10252156853675842,0.2974013388156891,0.27155908942222595
YIL121W,YNL083W,1,0.90687215,0.10281923413276672,0.2983638048171997,0.27155908942222595
YGR239C,YLR378C,0,0.9067589,0.1027851477265358,0.2983638048171997,0.2716594636440277
YKL096W,YKR044W,0,0.9066913,0.10275107622146606,0.2983638048171997,0.27175986766815186
YER032W,YOR123C,0,0.9066496,0.10271703451871872,0.2983638048171997,0.2718602418899536
YGR032W,YPR167C,0,0.9066137,0.10268300771713257,0.2983638048171997,0.27196064591407776
YJL178C,YPL069C,0,0.9064286,0.10264900326728821,0.2983638048171997,0.2720610499382019
YER166W,YJL168C,0,0.90626174,0.10261502861976624,0.2983638048171997,0.27216142416000366
YKR065C,YLR029C,0,0.9062595,0.10258106887340546,0.2983638048171997,0.2722618281841278
YBR170C,YDR512C,0,0.9062258,0.10254713892936707,0.2983638048171997,0.27236220240592957
YGL226C-A,YHR008C,0,0.90612644,0.10251322388648987,0.2983638048171997,0.2724626064300537
YML109W,YPR128C,0,0.9060791,0.10247933864593506,0.2983638048171997,0.27256301045417786
YDR364C,YKL211C,0,0.9059968,0.10244547575712204,0.2983638048171997,0.2726633846759796
YHR006W,YLR332W,0,0.9059429,0.10241162776947021,0.2983638048171997,0.27276378870010376
YGL139W,YPL060W,1,0.9058802,0.10270805656909943,0.2993262708187103,0.27276378870010376
YJR059W,YGR257C,1,0.9056311,0.10300429165363312,0.30028873682022095,0.27276378870010376
YJL173C,YMR197C,0,0.9054786,0.10297029465436935,0.30028873682022095,0.2728641629219055
YER093C,YBR074W,0,0.90540206,0.10293632745742798,0.30028873682022095,0.27296456694602966
YPL271W,YDL245C,1,0.9053961,0.10323219001293182,0.30125120282173157,0.27296456694602966
YBR085W,YPR003C,1,0.9052406,0.10352785885334015,0.3022136688232422,0.27296456694602966
YGR193C,YHR104W,0,0.9051781,0.10349373519420624,0.3022136688232422,0.2730649411678314
YFR047C,YNL221C,0,0.9051733,0.10345963388681412,0.3022136688232422,0.27316534519195557
YMR309C,YGL113W,0,0.90512294,0.10342556238174438,0.3022136688232422,0.2732657492160797
YLR092W,YGL174W,0,0.90510803,0.10339150577783585,0.3022136688232422,0.27336612343788147
YKL032C,YGL105W,0,0.9050635,0.1033574715256691,0.3022136688232422,0.2734665274620056
YGL070C,YHR005C,0,0.90493304,0.10332345962524414,0.3022136688232422,0.2735669016838074
YLR277C,YDL047W,0,0.9049306,0.10328947007656097,0.3022136688232422,0.2736673057079315
YLL033W,YJL183W,0,0.9047761,0.1032555103302002,0.3022136688232422,0.2737676799297333
YLR234W,YDR051C,0,0.9047635,0.10322156548500061,0.3022136688232422,0.2738680839538574
YGR068C,YBL018C,0,0.90469646,0.10318764299154282,0.3022136688232422,0.27396848797798157
YIL068C,YBR010W,0,0.9046523,0.10315374284982681,0.3022136688232422,0.2740688621997833
YNL257C,YBR079C,0,0.9045514,0.1031198650598526,0.3022136688232422,0.27416926622390747
YKL002W,YJR001W,1,0.9043106,0.10341431200504303,0.3031761348247528,0.27416926622390747
YKL081W,YGL200C,0,0.9041498,0.10338037461042404,0.3031761348247528,0.27426964044570923
YCR086W,YDL217C,0,0.90409267,0.10334645956754684,0.3031761348247528,0.2743700444698334
YOL086C,YGL250W,0,0.9040301,0.10331255942583084,0.3031761348247528,0.2744704484939575
YPR112C,YNR072W,0,0.90402365,0.10327868908643723,0.3031761348247528,0.2745708227157593
YOL122C,YGL071W,1,0.9040195,0.10357259958982468,0.3041386008262634,0.2745708227157593
YJL034W,YDR206W,0,0.90395164,0.10353866219520569,0.3041386008262634,0.2746712267398834
YNR032W,YER035W,0,0.9037779,0.10350474715232849,0.3041386008262634,0.2747716009616852
YKL194C,YJL112W,0,0.90370595,0.10347085446119308,0.3041386008262634,0.2748720049858093
YDR332W,YGR289C,0,0.9035582,0.10343699157238007,0.3041386008262634,0.2749723792076111
YOL027C,YGR055W,1,0.9034383,0.10373036563396454,0.30510106682777405,0.2749723792076111
YJR043C,YPR017C,0,0.9033346,0.10369643568992615,0.30510106682777405,0.27507278323173523
YHL007C,YOL060C,0,0.90327144,0.10366252809762955,0.30510106682777405,0.2751731872558594
YGL077C,YDR039C,1,0.9031387,0.10395554453134537,0.30606353282928467,0.2751731872558594
YOL144W,YKL014C,0,0.90299994,0.1039215698838234,0.30606353282928467,0.27527356147766113
YDL083C,YKR034W,0,0.90299046,0.10388761758804321,0.30606353282928467,0.2753739655017853
YGR260W,YLR028C,0,0.90292585,0.10385368764400482,0.30606353282928467,0.27547433972358704
YJR161C,YPL013C,0,0.9029041,0.10381978750228882,0.30606353282928467,0.2755747437477112
YLL024C,YER125W,0,0.90285814,0.10378590226173401,0.30606353282928467,0.2756751477718353
YPL018W,YKL172W,0,0.9027064,0.10375203937292099,0.30606353282928467,0.2757755219936371
YGR221C,YPL100W,0,0.90265477,0.10371819883584976,0.30606353282928467,0.27587592601776123
YML022W,YDL181W,0,0.9026362,0.10368438065052032,0.30606353282928467,0.275976300239563
YGR206W,YLL061W,0,0.9025631,0.10365058481693268,0.30606353282928467,0.27607670426368713
YCR060W,YGL116W,0,0.90246737,0.10361681133508682,0.30606353282928467,0.2761770784854889
YLR083C,YMR203W,1,0.9023181,0.10390879213809967,0.3070259988307953,0.2761770784854889
YMR113W,YER033C,0,0.9020933,0.10387495905160904,0.3070259988307953,0.27627748250961304
YFR047C,YPR160W,0,0.90205014,0.1038411483168602,0.3070259988307953,0.2763778865337372
YMR263W,YFL038C,0,0.90187895,0.10380735248327255,0.3070259988307953,0.27647826075553894
YGR206W,YOL130W,1,0.90183234,0.10409889370203018,0.3079884648323059,0.27647826075553894
YIL031W,YOR295W,0,0.9017749,0.10406503826379776,0.3079884648323059,0.2765786647796631
YBR127C,YNL142W,1,0.9016186,0.1043563038110733,0.30895090103149414,0.2765786647796631
YMR177W,YNL101W,1,0.90159935,0.10464738309383392,0.30991336703300476,0.2765786647796631
YDR221W,YHR026W,0,0.90154237,0.10461338609457016,0.30991336703300476,0.27667903900146484
YGL167C,YOL012C,0,0.9013795,0.10457941144704819,0.30991336703300476,0.276779443025589
YER074W,YJL104W,0,0.9012759,0.10454545170068741,0.30991336703300476,0.27687981724739075
YGL060W,YKL221W,0,0.9012747,0.10451152175664902,0.30991336703300476,0.2769802212715149
YBR193C,YMR156C,0,0.9012561,0.10447761416435242,0.30991336703300476,0.27708062529563904
YLL036C,YNL279W,0,0.9011636,0.10444372147321701,0.30991336703300476,0.2771809995174408
YBR221C,YMR078C,0,0.9011414,0.10440985858440399,0.30991336703300476,0.27728140354156494
YKL193C,YLR016C,0,0.9010664,0.10437601059675217,0.30991336703300476,0.2773817777633667
YNL126W,YIR018W,0,0.90094936,0.10434219241142273,0.30991336703300476,0.27748218178749084
YFL011W,YCR044C,0,0.90088856,0.10430838912725449,0.30991336703300476,0.277582585811615
YDR441C,YMR162C,0,0.90081,0.10427460819482803,0.30991336703300476,0.27768296003341675
YGR010W,YMR175W,0,0.9007974,0.10424085706472397,0.30991336703300476,0.2777833640575409
YLR401C,YOR149C,0,0.90070915,0.1042071208357811,0.30991336703300476,0.27788373827934265
YLR307W,YIL020C,0,0.90066713,0.10417340695858002,0.30991336703300476,0.2779841423034668
YNR039C,YOR100C,1,0.9006084,0.104463130235672,0.3108758330345154,0.2779841423034668
YNL054W,YLR404W,0,0.90055,0.10442935675382614,0.3108758330345154,0.27808451652526855
YOR368W,YDR202C,0,0.90054125,0.10439560562372208,0.3108758330345154,0.2781849205493927
YDR394W,YIL122W,0,0.90053517,0.1043618768453598,0.3108758330345154,0.27828532457351685
YKL141W,YER032W,0,0.90050477,0.10432816296815872,0.3108758330345154,0.2783856987953186
YKL095W,YIL107C,0,0.90045226,0.10429447889328003,0.3108758330345154,0.27848610281944275
YPL104W,YPL075W,0,0.90044737,0.10426080971956253,0.3108758330345154,0.2785864770412445
YGR010W,YIL094C,0,0.90031993,0.10422717034816742,0.3108758330345154,0.27868688106536865
YEL052W,YBR287W,0,0.9002756,0.1041935458779335,0.3108758330345154,0.2787872850894928
YOL088C,YGL183C,0,0.90009034,0.10415995121002197,0.3108758330345154,0.27888765931129456
YKR072C,YHR146W,0,0.89996564,0.10412637144327164,0.3108758330345154,0.2789880633354187
YLR130C,YGL187C,1,0.89993584,0.10441508144140244,0.311838299036026,0.2789880633354187
YKL206C,YCL025C,0,0.89990246,0.10438144207000732,0.311838299036026,0.27908843755722046
YOL119C,YPL241C,0,0.89984584,0.104347825050354,0.311838299036026,0.2791888415813446
YIL036W,YOL112W,0,0.8998382,0.10431423038244247,0.311838299036026,0.27928921580314636
YDR184C,YGR271C-A,0,0.8998101,0.10428065806627274,0.311838299036026,0.2793896198272705
YMR136W,YLR028C,0,0.89976263,0.10424710065126419,0.311838299036026,0.27949002385139465
YDR080W,YBR130C,0,0.89976114,0.10421357303857803,0.311838299036026,0.2795903980731964
YML011C,YGR099W,0,0.89969635,0.10418006777763367,0.311838299036026,0.27969080209732056
YGR099W,YOL111C,0,0.8996907,0.1041465774178505,0.311838299036026,0.2797911763191223
YJL137C,YPL072W,0,0.8996285,0.10411310940980911,0.311838299036026,0.27989158034324646
YKL041W,YDR234W,0,0.8995563,0.10407966375350952,0.311838299036026,0.2799919545650482
YNR032C-A,YMR250W,0,0.8995117,0.10404624044895172,0.311838299036026,0.28009235858917236
YMR236W,YPR033C,0,0.8994142,0.10401283949613571,0.311838299036026,0.2801927626132965
YER146W,YFR031C,0,0.8990297,0.10397946089506149,0.311838299036026,0.28029313683509827
YDR201W,YPR105C,0,0.8989471,0.10394610464572906,0.311838299036026,0.2803935408592224
YGL008C,YPL124W,0,0.89891076,0.10391276329755783,0.311838299036026,0.28049391508102417
YLR103C,YBR215W,0,0.8988676,0.10387945175170898,0.311838299036026,0.2805943191051483
YDL178W,YLL012W,0,0.89885986,0.10384615510702133,0.311838299036026,0.28069472312927246
YMR260C,YGL014W,0,0.8987635,0.10381288081407547,0.311838299036026,0.2807950973510742
YAR035W,YNL243W,0,0.89875937,0.1037796288728714,0.311838299036026,0.28089550137519836
YER041W,YMR238W,0,0.8987577,0.10374639928340912,0.311838299036026,0.2809958755970001
YDR322C-A,YNL052W,1,0.8985826,0.10403329133987427,0.3128007650375366,0.2809958755970001
YOR077W,YGL062W,0,0.89848113,0.10400000214576721,0.3128007650375366,0.28109627962112427
YNR048W,YGR028W,0,0.8984661,0.10396672785282135,0.3128007650375366,0.281196653842926
YKL005C,YPL256C,0,0.8983905,0.10393348336219788,0.3128007650375366,0.28129705786705017
YAL001C,YBL034C,0,0.8983495,0.1039002537727356,0.3128007650375366,0.2813974618911743
YKL188C,YDR005C,0,0.8983226,0.1038670465350151,0.3128007650375366,0.2814978361129761
YIL119C,YGL002W,0,0.8981707,0.103833869099617,0.3128007650375366,0.2815982401371002
YKL080W,YOR390W,1,0.89810485,0.10412009060382843,0.31376323103904724,0.2815982401371002
YBR228W,YPL099C,0,0.8980191,0.10408684611320496,0.31376323103904724,0.281698614358902
YNR039C,YHR096C,1,0.8979301,0.10437280684709549,0.31472569704055786,0.281698614358902
YEL027W,YHR178W,0,0.8979254,0.10433950275182724,0.31472569704055786,0.2817990183830261
YLR233C,YCR071C,0,0.8977907,0.10430622100830078,0.31472569704055786,0.28189942240715027
YOR294W,YDL230W,0,0.89776534,0.10427296161651611,0.31472569704055786,0.281999796628952
YOR231W,YNR039C,0,0.8976728,0.10423971712589264,0.31472569704055786,0.28210020065307617
YLR024C,YPR201W,0,0.8976624,0.10420650243759155,0.31472569704055786,0.28220057487487793
YLR165C,YCR003W,0,0.8976197,0.10417330265045166,0.31472569704055786,0.2823009788990021
YDR064W,YMR156C,0,0.89740264,0.10414012521505356,0.31472569704055786,0.28240135312080383
YDR190C,YER018C,0,0.8972962,0.10410697013139725,0.31472569704055786,0.282501757144928
YPL233W,YJR055W,0,0.89704406,0.10407383739948273,0.31472569704055786,0.2826021611690521
YBR086C,YHR026W,1,0.8968332,0.10435888916254044,0.3156881630420685,0.2826021611690521
YGR036C,YOL044W,0,0.8968315,0.10432569682598114,0.3156881630420685,0.2827025353908539
YKL144C,YDL106C,0,0.8966975,0.10429252684116364,0.3156881630420685,0.282802939414978
YNL172W,YPR010C,0,0.89665663,0.10425937920808792,0.3156881630420685,0.2829033136367798
YBL085W,YDL191W,0,0.89657307,0.1042262464761734,0.3156881630420685,0.28300371766090393
YPL128C,YKL216W,0,0.8965696,0.10419313609600067,0.3156881630420685,0.2831040918827057
YOL032W,YLR011W,0,0.89656055,0.10416004806756973,0.3156881630420685,0.28320449590682983
YJR055W,YOR028C,0,0.8965019,0.10412698239088058,0.3156881630420685,0.283304899930954
YER157W,YDR174W,0,0.8964788,0.10409393906593323,0.3156881630420685,0.28340527415275574
YMR214W,YHR001W,0,0.8964404,0.10406091064214706,0.3156881630420685,0.2835056781768799
YIL073C,YCL017C,0,0.896316,0.10402791202068329,0.3156881630420685,0.28360605239868164
YGL225W,YGL111W,0,0.89625704,0.1039949283003807,0.3156881630420685,0.2837064564228058
YDR075W,YOR299W,0,0.8962216,0.10396196693181992,0.3156881630420685,0.28380686044692993
YKL085W,YGL254W,0,0.89618665,0.10392902046442032,0.3156881630420685,0.2839072346687317
YML056C,YOR060C,0,0.8961725,0.10389610379934311,0.3156881630420685,0.28400763869285583
YJL014W,YDR202C,0,0.8960508,0.1038632020354271,0.3156881630420685,0.2841080129146576
YJR131W,YBR191W,0,0.8960507,0.10383032262325287,0.3156881630420685,0.28420841693878174
YDL084W,YER075C,0,0.8960226,0.10379746556282043,0.3156881630420685,0.2843087911605835
YCL036W,YIL015W,0,0.8960159,0.10376463085412979,0.3156881630420685,0.28440919518470764
YJR046W,YDL052C,0,0.89595824,0.10373181849718094,0.3156881630420685,0.2845095992088318
YJL095W,YOR189W,0,0.89592636,0.10369902104139328,0.3156881630420685,0.28460997343063354
YDR147W,YAL038W,0,0.89592266,0.10366624593734741,0.3156881630420685,0.2847103774547577
YBR010W,YPR100W,0,0.89586014,0.10363349318504333,0.3156881630420685,0.28481075167655945
YOR258W,YJL208C,0,0.8958352,0.10360075533390045,0.3156881630420685,0.2849111557006836
YGR198W,YKL003C,0,0.8957442,0.10356804728507996,0.3156881630420685,0.28501155972480774
YOR197W,YKL058W,0,0.8956684,0.10353535413742065,0.3156881630420685,0.2851119339466095
YNL281W,YIL159W,0,0.89566433,0.10350268334150314,0.3156881630420685,0.28521233797073364
YML022W,YDR064W,0,0.8955531,0.10347003489732742,0.3156881630420685,0.2853127121925354
YIL098C,YIL056W,0,0.89536846,0.1034374013543129,0.3156881630420685,0.28541311621665955
YBL085W,YBR127C,0,0.8953452,0.10340479016304016,0.3156881630420685,0.2855134904384613
YOR196C,YPL004C,0,0.8952627,0.10337220132350922,0.3156881630420685,0.28561389446258545
YMR065W,YPR017C,0,0.89521754,0.10333963483572006,0.3156881630420685,0.2857142984867096
YOL044W,YMR305C,0,0.89520335,0.1033070832490921,0.3156881630420685,0.28581467270851135
YLR274W,YDL123W,0,0.89507943,0.10327456146478653,0.3156881630420685,0.2859150767326355
YMR241W,YBR106W,1,0.8950685,0.1035568118095398,0.3166506290435791,0.2859150767326355
YDR113C,YLR233C,0,0.89500344,0.10352423042058945,0.3166506290435791,0.28601545095443726
YDR072C,YCR036W,0,0.89498574,0.10349166393280029,0.3166506290435791,0.2861158549785614
YBR119W,YEL027W,0,0.8949361,0.10345911979675293,0.3166506290435791,0.28621622920036316
YLR360W,YOL082W,0,0.8948604,0.10342659801244736,0.3166506290435791,0.2863166332244873
YDR339C,YGR142W,0,0.89473,0.10339409112930298,0.3166506290435791,0.28641703724861145
YKL035W,YHR109W,0,0.89472735,0.10336160659790039,0.3166506290435791,0.2865174114704132
YGL259W,YDL132W,0,0.89463544,0.1033291444182396,0.3166506290435791,0.28661781549453735
YBR201W,YPL082C,0,0.89463234,0.10329670459032059,0.3166506290435791,0.2867181897163391
YGL001C,YOR272W,0,0.89460474,0.10326427966356277,0.3166506290435791,0.28681859374046326
YIL128W,YJL197W,0,0.8945861,0.10323187708854675,0.3166506290435791,0.2869189977645874
YOR354C,YGL093W,0,0.8944131,0.10319949686527252,0.3166506290435791,0.28701937198638916
YMR205C,YDR463W,0,0.8943959,0.10316713899374008,0.3166506290435791,0.2871197760105133
YJL159W,YGL071W,0,0.8943845,0.10313479602336884,0.3166506290435791,0.28722015023231506
YPR100W,YEL055C,0,0.8942511,0.10310247540473938,0.3166506290435791,0.2873205542564392
YGR085C,YJR032W,0,0.8941754,0.10307017713785172,0.3166506290435791,0.28742092847824097
YDR473C,YML100W,0,0.89415026,0.10303789377212524,0.3166506290435791,0.2875213325023651
YPR052C,YNL079C,0,0.89412546,0.10300563275814056,0.3166506290435791,0.28762173652648926
YJL104W,YPR079W,0,0.89411134,0.10297339409589767,0.3166506290435791,0.287722110748291
YJL069C,YOR267C,0,0.8940483,0.10294117778539658,0.3166506290435791,0.28782251477241516
YGR215W,YFL049W,0,0.89402336,0.10290897637605667,0.3166506290435791,0.2879228889942169
YGL175C,YLR452C,0,0.8939575,0.10287679731845856,0.3166506290435791,0.28802329301834106
YNL274C,YKL002W,0,0.89387906,0.10284464061260223,0.3166506290435791,0.2881236970424652
YER006W,YKL069W,0,0.8938324,0.1028124988079071,0.3166506290435791,0.28822407126426697
YPR033C,YGL236C,0,0.89373505,0.10278037935495377,0.3166506290435791,0.2883244752883911
YDR534C,YLR447C,1,0.8937216,0.10306058824062347,0.3176130950450897,0.2883244752883911
YGL054C,YOR132W,0,0.89366925,0.10302840918302536,0.3176130950450897,0.28842484951019287
YCL048W,YKL001C,0,0.89361024,0.10299625247716904,0.3176130950450897,0.288525253534317
YLR034C,YDL227C,0,0.89357793,0.1029641181230545,0.3176130950450897,0.2886256277561188
YHR004C,YOR005C,0,0.8934837,0.10293200612068176,0.3176130950450897,0.2887260317802429
YJR127C,YKL006W,0,0.89341825,0.10289990901947021,0.3176130950450897,0.28882643580436707
YLR316C,YJL036W,0,0.893385,0.10286782681941986,0.3176130950450897,0.2889268100261688
YDL036C,YKL213C,0,0.8931819,0.1028357744216919,0.3176130950450897,0.28902721405029297
YHR191C,YPR113W,0,0.89317304,0.10280373692512512,0.3176130950450897,0.2891275882720947
YLR274W,YLR113W,0,0.8931277,0.10277172178030014,0.3176130950450897,0.28922799229621887
YCR048W,YGL179C,0,0.8929385,0.10273972898721695,0.3176130950450897,0.28932836651802063
YFR040W,YGL191W,1,0.8929268,0.10301898419857025,0.31857556104660034,0.28932836651802063
YNL186W,YIL006W,0,0.89288473,0.10298693180084229,0.31857556104660034,0.2894287705421448
YBR104W,YDR189W,0,0.89285576,0.10295490175485611,0.31857556104660034,0.2895291745662689
YEL001C,YOL042W,0,0.89268076,0.10292288661003113,0.31857556104660034,0.2896295487880707
YNR048W,YJR093C,0,0.89267707,0.10289089381694794,0.31857556104660034,0.2897299528121948
YNR015W,YCL034W,0,0.8926206,0.10285891592502594,0.31857556104660034,0.2898303270339966
YNL300W,YOR103C,0,0.89245564,0.10282696783542633,0.31857556104660034,0.2899307310581207
YKR068C,YLR009W,0,0.89243627,0.10279503464698792,0.31857556104660034,0.2900311350822449
YIL118W,YLR095C,0,0.8924351,0.1027631163597107,0.31857556104660034,0.29013150930404663
YPL029W,YPL252C,0,0.8923557,0.10273122042417526,0.31857556104660034,0.2902319133281708
YJL042W,YLR423C,0,0.8923413,0.10269934684038162,0.31857556104660034,0.29033228754997253
YJR083C,YMR005W,0,0.89232135,0.10266749560832977,0.31857556104660034,0.2904326915740967
YMR225C,YDR490C,0,0.8922295,0.10263565927743912,0.31857556104660034,0.29053306579589844
YLL018C-A,YLL055W,1,0.8922255,0.10291382670402527,0.31953802704811096,0.29053306579589844
YPR106W,YOL094C,0,0.89217556,0.10288193076848984,0.31953802704811096,0.2906334698200226
YDR162C,YJR044C,0,0.89215815,0.1028500646352768,0.31953802704811096,0.29073387384414673
YGR052W,YPR143W,0,0.8921248,0.10281821340322495,0.31953802704811096,0.2908342480659485
YOR027W,YPL020C,0,0.8919326,0.10278637707233429,0.31953802704811096,0.29093465209007263
YER146W,YLR089C,0,0.89179146,0.10275456309318542,0.31953802704811096,0.2910350263118744
YHR002W,YKL014C,0,0.89178896,0.10272277146577835,0.31953802704811096,0.29113543033599854
YPL171C,YPR082C,0,0.89178157,0.10269100219011307,0.31953802704811096,0.2912358343601227
YKR044W,YER041W,0,0.89175373,0.10265924781560898,0.31953802704811096,0.29133620858192444
YCR066W,YLL061W,0,0.8917471,0.10262750834226608,0.31953802704811096,0.2914366126060486
YHR148W,YLR136C,0,0.8916913,0.10259579867124557,0.31953802704811096,0.29153698682785034
YLR401C,YDR156W,0,0.89167726,0.10256410390138626,0.31953802704811096,0.2916373908519745
YGL148W,YDR375C,0,0.8915243,0.10253242403268814,0.31953802704811096,0.29173776507377625
YJR073C,YOL059W,0,0.8914882,0.10250077396631241,0.31953802704811096,0.2918381690979004
YER155C,YDL066W,0,0.89142025,0.10246913880109787,0.31953802704811096,0.29193857312202454
YML120C,YML022W,0,0.8913066,0.10243751853704453,0.31953802704811096,0.2920389473438263
YOR149C,YDL208W,0,0.8911454,0.10240592062473297,0.31953802704811096,0.29213935136795044
YGL225W,YKL020C,0,0.8910657,0.10237434506416321,0.31953802704811096,0.2922397255897522
YJR153W,YBL026W,0,0.8910241,0.10234278440475464,0.31953802704811096,0.29234012961387634
YGR105W,YDL198C,0,0.8909289,0.10231124609708786,0.31953802704811096,0.2924405038356781
YLR384C,YIR019C,0,0.89092404,0.10227973014116287,0.31953802704811096,0.29254090785980225
YDL064W,YDR076W,0,0.89089316,0.10224822908639908,0.31953802704811096,0.2926413118839264
YOL061W,YLR107W,0,0.890816,0.10221675038337708,0.31953802704811096,0.29274168610572815
YDR432W,YGR049W,0,0.8907935,0.10218528658151627,0.31953802704811096,0.2928420901298523
YHR039C-A,YGR243W,1,0.89079314,0.10246153920888901,0.3205004930496216,0.2928420901298523
YCR091W,YJL168C,0,0.8907436,0.10243002325296402,0.3205004930496216,0.29294246435165405
YLR110C,YOR222W,0,0.89072144,0.10239852219820023,0.3205004930496216,0.2930428683757782
YKL005C,YDR462W,0,0.8907149,0.10236704349517822,0.3205004930496216,0.29314327239990234
YLR234W,YDR001C,0,0.89071244,0.10233558714389801,0.3205004930496216,0.2932436466217041
YIL153W,YBR136W,0,0.8903596,0.10230414569377899,0.3205004930496216,0.29334405064582825
YJR052W,YDR057W,0,0.89030755,0.10227272659540176,0.3205004930496216,0.29344442486763
YOR312C,YBL045C,0,0.8902615,0.10224132984876633,0.3205004930496216,0.29354482889175415
YLR313C,YHR109W,0,0.8899963,0.10220994800329208,0.3205004930496216,0.2936452031135559
YIL099W,YJL003W,0,0.88996005,0.10217858105897903,0.3205004930496216,0.29374560713768005
YPL084W,YJL212C,0,0.8897958,0.10214723646640778,0.3205004930496216,0.2938460111618042
YJL214W,YML038C,1,0.8897604,0.1024225726723671,0.3214629590511322,0.2938460111618042
YJR043C,YLR432W,0,0.8896719,0.10239116847515106,0.3214629590511322,0.29394638538360596
YDR369C,YNL250W,0,0.8894415,0.10235979408025742,0.3214629590511322,0.2940467894077301
YNL321W,YKL143W,1,0.8894385,0.10263480246067047,0.32242539525032043,0.2940467894077301
YDR110W,YGL121C,0,0.88937706,0.10260336846113205,0.32242539525032043,0.29414716362953186
YLR401C,YNL164C,0,0.8892123,0.10257195681333542,0.32242539525032043,0.294247567653656
YOR241W,YDR021W,0,0.8891823,0.10254056006669998,0.32242539525032043,0.29434797167778015
YPR033C,YDR450W,0,0.8890805,0.10250917822122574,0.32242539525032043,0.2944483458995819
YGR281W,YBR161W,0,0.88905144,0.10247781872749329,0.32242539525032043,0.29454874992370605
YNL286W,YJR152W,0,0.88904107,0.10244648158550262,0.32242539525032043,0.2946491241455078
YOL155C,YKL145W,0,0.8890158,0.10241516679525375,0.32242539525032043,0.29474952816963196
YJL074C,YJL042W,0,0.8890056,0.10238385945558548,0.32242539525032043,0.2948499023914337
YDR512C,YHL033C,0,0.8889078,0.1023525819182396,0.32242539525032043,0.29495030641555786
YLR367W,YCR043C,0,0.8889007,0.1023213192820549,0.32242539525032043,0.295050710439682
YDR240C,YIL114C,0,0.8888826,0.102290078997612,0.32242539525032043,0.29515108466148376
YNR059W,YDR213W,0,0.8888041,0.10225885361433029,0.32242539525032043,0.2952514886856079
YML100W,YPR185W,0,0.8887564,0.10222765058279037,0.32242539525032043,0.29535186290740967
YPR131C,YKL051W,0,0.8887307,0.10219646245241165,0.32242539525032043,0.2954522669315338
YPL151C,YBL101C,0,0.8885541,0.10216529667377472,0.32242539525032043,0.29555264115333557
YDR159W,YKR013W,0,0.88852656,0.10213414579629898,0.32242539525032043,0.2956530451774597
YBR290W,YLR038C,1,0.8885004,0.10240780562162399,0.32338786125183105,0.2956530451774597
YDR184C,YER090W,0,0.88837355,0.10237660259008408,0.32338786125183105,0.29575344920158386
YML046W,YGL246C,0,0.88819957,0.10234541445970535,0.32338786125183105,0.2958538234233856
YKL018W,YPR083W,0,0.88813853,0.10231424868106842,0.32338786125183105,0.29595422744750977
YDL175C,YDR099W,0,0.8880751,0.10228310525417328,0.32338786125183105,0.2960546016693115
YLR220W,YCR075C,1,0.88795304,0.10255630314350128,0.3243503272533417,0.2960546016693115
YDR472W,YGR183C,0,0.8879438,0.10252510011196136,0.3243503272533417,0.29615500569343567
YGL073W,YGR072W,0,0.8879084,0.10249391943216324,0.3243503272533417,0.2962554097175598
YLR174W,YLR421C,0,0.8877855,0.1024627536535263,0.3243503272533417,0.2963557839393616
YPL189W,YGL255W,0,0.88773143,0.10243161022663116,0.3243503272533417,0.2964561879634857
YMR273C,YNR028W,0,0.8877175,0.10240048915147781,0.3243503272533417,0.2965565621852875
YOL016C,YJR105W,0,0.88767225,0.10236938297748566,0.3243503272533417,0.2966569662094116
YNL272C,YPL008W,0,0.8876693,0.1023382917046547,0.3243503272533417,0.2967573404312134
YDL214C,YBR162W-A,0,0.8876672,0.10230722278356552,0.3243503272533417,0.2968577444553375
YOR310C,YBR153W,0,0.88758373,0.10227617621421814,0.3243503272533417,0.29695814847946167
YBR298C,YJL112W,0,0.88758355,0.10224514454603195,0.3243503272533417,0.2970585227012634
YNL186W,YMR041C,0,0.8875178,0.10221413522958755,0.3243503272533417,0.2971589267253876
YDR263C,YNL202W,0,0.8874987,0.10218314081430435,0.3243503272533417,0.29725930094718933
YMR032W,YKL055C,0,0.8874437,0.10215216875076294,0.3243503272533417,0.2973597049713135
YBR067C,YNL090W,0,0.887385,0.10212121158838272,0.3243503272533417,0.2974601089954376
YER170W,YOR035C,0,0.8873624,0.1020902767777443,0.3243503272533417,0.2975604832172394
YMR318C,YML123C,0,0.88729954,0.10205935686826706,0.3243503272533417,0.2976608872413635
YMR213W,YKL220C,0,0.88728935,0.10202845931053162,0.3243503272533417,0.2977612614631653
YLR398C,YPR125W,0,0.88713694,0.10199757665395737,0.3243503272533417,0.29786166548728943
YPR113W,YMR278W,0,0.8871031,0.10196671634912491,0.3243503272533417,0.2979620397090912
YBR046C,YGR181W,0,0.8870703,0.10193587094545364,0.3243503272533417,0.29806244373321533
YJR092W,YML014W,0,0.88703984,0.10190504789352417,0.3243503272533417,0.2981628477573395
YPL128C,YIL023C,0,0.88701606,0.10187424719333649,0.3243503272533417,0.29826322197914124
YDR164C,YGR212W,0,0.8869571,0.1018434539437294,0.3243503272533417,0.2983636260032654
YBL063W,YDL092W,0,0.886622,0.1018126904964447,0.3243503272533417,0.29846400022506714
YDL247W,YDR261C,0,0.8865769,0.1017819419503212,0.3243503272533417,0.2985644042491913
YNL167C,YGR118W,0,0.8865565,0.10175120830535889,0.3243503272533417,0.29866477847099304
YDL216C,YNL202W,0,0.8865561,0.10172049701213837,0.3243503272533417,0.2987651824951172
YGR221C,YOR119C,0,0.8865462,0.10168980062007904,0.3243503272533417,0.29886558651924133
YGR261C,YKL201C,0,0.88649386,0.1016591265797615,0.3243503272533417,0.2989659607410431
YBR119W,YDR457W,0,0.8864387,0.10162846744060516,0.3243503272533417,0.29906636476516724
YNL054W,YOR173W,0,0.8864187,0.10159783065319061,0.3243503272533417,0.299166738986969
YPL006W,YPL256C,0,0.8863431,0.10156720876693726,0.3243503272533417,0.29926714301109314
YJL203W,YLR404W,0,0.8863313,0.10153660923242569,0.3243503272533417,0.2993675470352173
YDL197C,YDR416W,0,0.88622904,0.10150602459907532,0.3243503272533417,0.29946792125701904
YCL054W,YPR181C,0,0.8860601,0.10147546231746674,0.3243503272533417,0.2995683252811432
YER172C,YKL067W,0,0.8859546,0.10144491493701935,0.3243503272533417,0.29966869950294495
YIL103W,YGL121C,0,0.8859427,0.10141438245773315,0.3243503272533417,0.2997691035270691
YGR096W,YGL167C,1,0.88576996,0.10168471932411194,0.3253127932548523,0.2997691035270691
YPR037C,YPR180W,0,0.885723,0.10165413469076157,0.3253127932548523,0.29986947774887085
YDR184C,YPL152W,0,0.8857139,0.10162357240915298,0.3253127932548523,0.299969881772995
YBL098W,YOL108C,0,0.8857043,0.1015930250287056,0.3253127932548523,0.30007028579711914
YFL057C,YBR006W,0,0.8856809,0.1015625,0.3253127932548523,0.3001706600189209
YMR116C,YLR425W,0,0.8856296,0.1015319898724556,0.3253127932548523,0.30027106404304504
YOR071C,YHL036W,1,0.88562214,0.1018018051981926,0.3262752592563629,0.30027106404304504
YDL128W,YHR026W,1,0.88554525,0.10207144916057587,0.32723772525787354,0.30027106404304504
YGL200C,YKL038W,0,0.8854154,0.10204081982374191,0.32723772525787354,0.3003714382648468
YOL011W,YPL023C,0,0.8852769,0.10201019793748856,0.32723772525787354,0.30047184228897095
YGL238W,YEL024W,0,0.88525337,0.10197960585355759,0.32723772525787354,0.3005722463130951
YNL041C,YPL011C,0,0.88522327,0.10194902867078781,0.32723772525787354,0.30067262053489685
YOR172W,YLR258W,0,0.8851881,0.10191846638917923,0.32723772525787354,0.300773024559021
YLR047C,YIL085C,0,0.88512886,0.10188792645931244,0.32723772525787354,0.30087339878082275
YMR243C,YPL221W,1,0.88511133,0.10215698182582855,0.32820019125938416,0.30087339878082275
YOL021C,YGL050W,0,0.8850931,0.10212638229131699,0.32820019125938416,0.3009738028049469
YDL046W,YNL309W,0,0.88506496,0.10209580510854721,0.32820019125938416,0.30107417702674866
YHR039C-A,YNL052W,1,0.8850255,0.10236456245183945,0.3291626572608948,0.30107417702674866
YDR145W,YJR048W,0,0.88485193,0.1023339331150055,0.3291626572608948,0.3011745810508728
YER185W,YLL001W,1,0.88483065,0.10260245203971863,0.3301251232624054,0.3011745810508728
YKL025C,YIL063C,0,0.88475287,0.1025717705488205,0.3301251232624054,0.30127498507499695
YPR190C,YHR209W,0,0.88455296,0.10254110395908356,0.3301251232624054,0.3013753592967987
YPR156C,YPR036W,1,0.88453305,0.10280932486057281,0.331087589263916,0.3013753592967987
YBL031W,YBR101C,0,0.8845185,0.1027786061167717,0.331087589263916,0.30147576332092285
YPL212C,YMR210W,0,0.88444847,0.10274790972471237,0.331087589263916,0.3015761375427246
YDR364C,YER021W,0,0.884399,0.10271722823381424,0.331087589263916,0.30167654156684875
YER093C,YNL252C,0,0.88433284,0.1026865690946579,0.331087589263916,0.3017769157886505
YPL116W,YNL230C,0,0.88433236,0.10265592485666275,0.331087589263916,0.30187731981277466
YHR090C,YLR395C,0,0.8841904,0.1026252955198288,0.331087589263916,0.3019777238368988
YNL083W,YGR257C,1,0.8841852,0.1028929352760315,0.33205005526542664,0.3019777238368988
YLL043W,YLR037C,0,0.88417965,0.10286225378513336,0.33205005526542664,0.30207809805870056
YMR058W,YOR359W,0,0.8840139,0.10283159464597702,0.33205005526542664,0.3021785020828247
YCL034W,YMR039C,0,0.8839977,0.10280095040798187,0.33205005526542664,0.30227887630462646
YDL002C,YDL123W,0,0.8839888,0.10277032852172852,0.33205005526542664,0.3023792803287506
YGL014W,YDR361C,0,0.88396215,0.10273972898721695,0.33205005526542664,0.30247968435287476
YML047C,YHR120W,0,0.8838136,0.10270913690328598,0.33205005526542664,0.3025800585746765
YOL135C,YPR060C,0,0.88376796,0.1026785746216774,0.33205005526542664,0.30268046259880066
YPR162C,YOR133W,0,0.88371944,0.10264801979064941,0.33205005526542664,0.3027808368206024
YGR084C,YLR130C,0,0.8836132,0.10261748731136322,0.33205005526542664,0.30288124084472656
YLR340W,YDR405W,0,0.88360894,0.10258697718381882,0.33205005526542664,0.3029816150665283
YBR202W,YDL134C,0,0.8835028,0.10255648195743561,0.33205005526542664,0.30308201909065247
YHR193C,YBL046W,0,0.883389,0.10252600163221359,0.33205005526542664,0.3031824231147766
YJL029C,YGR034W,0,0.8833843,0.10249554365873337,0.33205005526542664,0.30328279733657837
YER190W,YHR043C,0,0.88330376,0.10246510058641434,0.33205005526542664,0.3033832013607025
YEL005C,YDR207C,0,0.8831762,0.1024346798658371,0.33205005526542664,0.3034835755825043
YIL050W,YJR101W,0,0.8830396,0.10240427404642105,0.33205005526542664,0.3035839796066284
YKL082C,YGR206W,0,0.88274986,0.1023738905787468,0.33205005526542664,0.30368438363075256
YNR006W,YIL159W,0,0.8827485,0.10234351456165314,0.33205005526542664,0.3037847578525543
YPL105C,YJL117W,0,0.88267684,0.10231316834688187,0.33205005526542664,0.30388516187667847
YLL015W,YGR260W,1,0.8826269,0.10257930308580399,0.33301252126693726,0.30388516187667847
YNL121C,YOR311C,0,0.88261014,0.10254890471696854,0.33301252126693726,0.3039855360984802
YGL032C,YBR288C,0,0.8825233,0.10251852124929428,0.33301252126693726,0.30408594012260437
YPL003W,YDR454C,0,0.8823997,0.10248815268278122,0.33301252126693726,0.30418631434440613
YDR416W,YIL043C,0,0.88231754,0.10245780646800995,0.33301252126693726,0.3042867183685303
YOR065W,YCR036W,0,0.8822973,0.10242747515439987,0.33301252126693726,0.3043871223926544
YOR298W,YDR517W,0,0.8822879,0.10239715874195099,0.33301252126693726,0.3044874966144562
YPL003W,YAL016W,0,0.8822756,0.1023668646812439,0.33301252126693726,0.3045879006385803
YBR074W,YGL061C,0,0.88224006,0.102336585521698,0.33301252126693726,0.3046882748603821
YPL241C,YNR053C,0,0.88223076,0.10230632871389389,0.33301252126693726,0.3047886788845062
YFL041W,YNR013C,1,0.8822195,0.10257168114185333,0.3339749872684479,0.3047886788845062
YFR019W,YKL203C,0,0.8821726,0.10254137217998505,0.3339749872684479,0.304889053106308
YKL080W,YDR384C,1,0.8821552,0.10280650109052658,0.3349374532699585,0.304889053106308
YPL239W,YLR347C,0,0.8820914,0.10277613997459412,0.3349374532699585,0.30498945713043213
YKL015W,YLR181C,0,0.8820275,0.10274579375982285,0.3349374532699585,0.3050898611545563
YJL094C,YLR268W,0,0.8819456,0.10271546989679337,0.3349374532699585,0.30519023537635803
YMR104C,YNL055C,0,0.88190234,0.10268516093492508,0.3349374532699585,0.3052906394004822
YNR075W,YLR209C,0,0.8819009,0.10265486687421799,0.3349374532699585,0.30539101362228394
YBR127C,YDR298C,1,0.88162696,0.10291948914527893,0.33589988946914673,0.30539101362228394
YPR201W,YJL014W,0,0.8816005,0.10288915038108826,0.33589988946914673,0.3054914176464081
YBR109C,YOR153W,0,0.8815775,0.10285882651805878,0.33589988946914673,0.3055918216705322
YPL124W,YNL294C,0,0.88155174,0.10282851755619049,0.33589988946914673,0.305692195892334
YDL049C,YFR047C,0,0.88124543,0.102798230946064,0.33589988946914673,0.30579259991645813
YJR127C,YLR056W,0,0.88109446,0.1027679592370987,0.33589988946914673,0.3058929741382599
YKL132C,YGR254W,0,0.88108504,0.10273770987987518,0.33589988946914673,0.30599337816238403
YDR243C,YPR143W,0,0.8810427,0.10270747542381287,0.33589988946914673,0.3060937523841858
YDR446W,YCR071C,0,0.88102484,0.10267725586891174,0.33589988946914673,0.30619415640830994
YGL107C,YJR043C,0,0.8809793,0.10264705866575241,0.33589988946914673,0.3062945604324341
YBL045C,YPL105C,0,0.8809762,0.10261687636375427,0.33589988946914673,0.30639493465423584
YOR243C,YLR453C,0,0.8809672,0.10258671641349792,0.33589988946914673,0.30649533867836
YOR247W,YDR100W,0,0.8807152,0.10255657136440277,0.33589988946914673,0.30659571290016174
YHR111W,YDL179W,0,0.8805858,0.10252644121646881,0.33589988946914673,0.3066961169242859
YPR072W,YGL207W,0,0.88054645,0.10249632596969604,0.33589988946914673,0.30679652094841003
YOR250C,YPR187W,0,0.88007456,0.10246623307466507,0.33589988946914673,0.3068968951702118
YOL097C,YDR452W,0,0.87998414,0.10243616253137589,0.33589988946914673,0.30699729919433594
YGR095C,YKL054C,0,0.87995976,0.1024061068892479,0.33589988946914673,0.3070976734161377
YDR191W,YHR030C,0,0.8799241,0.1023760661482811,0.33589988946914673,0.30719807744026184
YNL036W,YGR046W,0,0.87989175,0.1023460403084755,0.33589988946914673,0.3072984516620636
YOR227W,YLR425W,0,0.8798434,0.10231603682041168,0.33589988946914673,0.30739885568618774
YJR046W,YMR020W,0,0.8798405,0.10228604823350906,0.33589988946914673,0.3074992597103119
YKR057W,YFL016C,0,0.8798322,0.10225608199834824,0.33589988946914673,0.30759963393211365
YHR200W,YBR173C,0,0.87981594,0.1022261306643486,0.33589988946914673,0.3077000379562378
YLL003W,YBR161W,0,0.8796601,0.10219619423151016,0.33589988946914673,0.30780041217803955
YDR285W,YIL011W,0,0.8794656,0.10216627269983292,0.33589988946914673,0.3079008162021637
YNL327W,YJL024C,0,0.87924284,0.10213637351989746,0.33589988946914673,0.30800119042396545
YOR009W,YML102W,0,0.87912285,0.1021064966917038,0.33589988946914673,0.3081015944480896
YMR319C,YEL069C,1,0.8790966,0.10236911475658417,0.33686235547065735,0.3081015944480896
YER127W,YOR071C,0,0.8790522,0.10233917832374573,0.33686235547065735,0.30820199847221375
YFR013W,YJR055W,0,0.87887883,0.10230926424264908,0.33686235547065735,0.3083023726940155
YDR406W,YNL225C,0,0.8788286,0.10227937251329422,0.33686235547065735,0.30840277671813965
YKL002W,YKL045W,0,0.87864107,0.10224948823451996,0.33686235547065735,0.3085031509399414
YDL236W,YGR231C,0,0.8782692,0.10221962630748749,0.33686235547065735,0.30860355496406555
YLR007W,YDR155C,0,0.8781812,0.10218977928161621,0.33686235547065735,0.3087039589881897
YIL073C,YER016W,0,0.8780705,0.10215995460748672,0.33686235547065735,0.30880433320999146
YOL043C,YPR080W,0,0.87804294,0.10213014483451843,0.33686235547065735,0.3089047372341156
YHR175W,YNR059W,0,0.8779827,0.10210034996271133,0.33686235547065735,0.30900511145591736
YOR316C,YOR071C,1,0.8779033,0.10236220806837082,0.33782482147216797,0.30900511145591736
YJR132W,YLR332W,0,0.87789595,0.10233236104249954,0.33782482147216797,0.3091055154800415
YDR159W,YJL186W,0,0.87786865,0.10230253636837006,0.33782482147216797,0.30920588970184326
YDR429C,YPR080W,0,0.8777363,0.10227272659540176,0.33782482147216797,0.3093062937259674
YNL003C,YMR058W,1,0.8776595,0.1025342270731926,0.3387872874736786,0.3093062937259674
YFR031C-A,YCR003W,0,0.8776412,0.10250436514616013,0.3387872874736786,0.30940669775009155
YGR257C,YJL045W,0,0.87757254,0.10247452557086945,0.3387872874736786,0.3095070719718933
YER185W,YBR146W,0,0.87745404,0.10244470089673996,0.3387872874736786,0.30960747599601746
YBR212W,YDR304C,0,0.87745184,0.10241489857435226,0.3387872874736786,0.3097078502178192
YGR261C,YBL105C,0,0.8773658,0.10238511115312576,0.3387872874736786,0.30980825424194336
YAL054C,YJR057W,0,0.87733114,0.10235533863306046,0.3387872874736786,0.3099086582660675
YCL026C-A,YFL014W,0,0.8771919,0.10232558101415634,0.3387872874736786,0.31000903248786926
YER023W,YOR084W,0,0.8770715,0.10229584574699402,0.3387872874736786,0.3101094365119934
YBR091C,YFL062W,0,0.87704474,0.10226612538099289,0.3387872874736786,0.31020981073379517
YDL014W,YLR314C,0,0.8769996,0.10223641991615295,0.3387872874736786,0.3103102147579193
YGR217W,YKL175W,1,0.876934,0.10249709337949753,0.3397497534751892,0.3103102147579193
YER154W,YIL010W,0,0.876925,0.10246734321117401,0.3397497534751892,0.31041058897972107
YNL083W,YMR019W,0,0.8769026,0.10243760794401169,0.3397497534751892,0.3105109930038452
YDR174W,YIL091C,0,0.8768096,0.10240788757801056,0.3397497534751892,0.31061139702796936
YIL135C,YDR138W,0,0.87679887,0.10237818956375122,0.3397497534751892,0.3107117712497711
YOR375C,YPL079W,0,0.8766686,0.10234850645065308,0.3397497534751892,0.31081217527389526
YNR052C,YDR304C,0,0.8765804,0.10231883823871613,0.3397497534751892,0.310912549495697
YIL013C,YOL070C,0,0.8765497,0.10228919237852097,0.3397497534751892,0.31101295351982117
YDL028C,YGL071W,0,0.87648976,0.102259561419487,0.3397497534751892,0.3111133277416229
YKL041W,YOR271C,1,0.8764838,0.10251954942941666,0.34071221947669983,0.3111133277416229
YDR490C,YGR206W,0,0.8764682,0.10248986631631851,0.34071221947669983,0.31121373176574707
YER049W,YOR358W,0,0.8764665,0.10246020555496216,0.34071221947669983,0.3113141357898712
YKL176C,YJL036W,0,0.8764663,0.1024305522441864,0.34071221947669983,0.311414510011673
YML006C,YDR221W,0,0.87645185,0.10240092873573303,0.34071221947669983,0.3115149140357971
YNL219C,YDR373W,0,0.8764497,0.10237131267786026,0.34071221947669983,0.3116152882575989
YGL195W,YDL201W,0,0.8761314,0.10234171897172928,0.34071221947669983,0.311715692281723
YCL034W,YOR209C,0,0.87612426,0.10231214016675949,0.34071221947669983,0.31181609630584717
YNL125C,YLR133W,0,0.8760868,0.1022825762629509,0.34071221947669983,0.3119164705276489
YLR310C,YNL037C,0,0.875952,0.1022530347108841,0.34071221947669983,0.31201687455177307
YOL082W,YOL142W,0,0.87592065,0.10222350805997849,0.34071221947669983,0.31211724877357483
YER065C,YOR020C,0,0.8757788,0.10219399631023407,0.34071221947669983,0.312217652797699
YBL031W,YHR194W,0,0.875632,0.10216449946165085,0.34071221947669983,0.31231802701950073
YBR155W,YMR202W,0,0.87562263,0.10213502496480942,0.34071221947669983,0.3124184310436249
YFR040W,YCL040W,0,0.8754381,0.10210556536912918,0.34071221947669983,0.312518835067749
YJL089W,YLR270W,0,0.8753718,0.10207612812519073,0.34071221947669983,0.3126192092895508
YLR299W,YJL099W,0,0.8753643,0.10204669833183289,0.34071221947669983,0.3127196133136749
YFL024C,YHR014W,0,0.8753523,0.10201729089021683,0.34071221947669983,0.3128199875354767
YEL042W,YLR390W,0,0.87520707,0.10198789834976196,0.34071221947669983,0.31292039155960083
YBR221C,YPR152C,0,0.8751564,0.10195852816104889,0.34071221947669983,0.313020795583725
YDR342C,YDL247W,1,0.87514335,0.10221710056066513,0.34167468547821045,0.313020795583725
YKR026C,YIL107C,0,0.8751166,0.10218767821788788,0.34167468547821045,0.31312116980552673
YKR081C,YMR079W,0,0.87502813,0.10215827077627182,0.34167468547821045,0.3132215738296509
YNL232W,YER060W,0,0.8750081,0.10212888568639755,0.34167468547821045,0.31332194805145264
YBL003C,YMR145C,0,0.87500584,0.10209950804710388,0.34167468547821045,0.3134223520755768
YNL156C,YGL139W,0,0.8749621,0.102070152759552,0.34167468547821045,0.31352272629737854
YML047C,YLR395C,1,0.8749431,0.10232825577259064,0.34263715147972107,0.31352272629737854
YDR072C,YKL085W,0,0.8749234,0.10229884833097458,0.34263715147972107,0.3136231303215027
YPL001W,YOL066C,0,0.8747715,0.10226946324110031,0.34263715147972107,0.31372353434562683
YDR384C,YGR243W,1,0.87468016,0.10252728313207626,0.3435996174812317,0.31372353434562683
YKL084W,YLR056W,0,0.8744942,0.10249784588813782,0.3435996174812317,0.3138239085674286
YGR285C,YDL227C,0,0.87440974,0.10246842354536057,0.3435996174812317,0.31392431259155273
YKL062W,YPL221W,0,0.87437046,0.1024390235543251,0.3435996174812317,0.3140246868133545
YBL007C,YKL073W,0,0.87421167,0.10240963846445084,0.3435996174812317,0.31412509083747864
YDR129C,YJL166W,0,0.8740119,0.10238026827573776,0.3435996174812317,0.3142254650592804
YPR113W,YML127W,0,0.8739533,0.10235092043876648,0.3435996174812317,0.31432586908340454
YJL167W,YIL107C,0,0.87380195,0.1023215800523758,0.3435996174812317,0.3144262731075287
YOR229W,YMR153W,0,0.8737918,0.1022922620177269,0.3435996174812317,0.31452664732933044
YPR086W,YNL003C,0,0.8736578,0.1022629588842392,0.3435996174812317,0.3146270513534546
YER123W,YGR214W,0,0.8736366,0.10223367810249329,0.3435996174812317,0.31472742557525635
YKL016C,YJR040W,1,0.87360233,0.10249069333076477,0.3445620834827423,0.31472742557525635
YGL179C,YDR127W,0,0.8735496,0.10246136039495468,0.3445620834827423,0.3148278295993805
YPL196W,YAR035W,0,0.8734809,0.10243204236030579,0.3445620834827423,0.31492823362350464
YJL191W,YJL012C,0,0.8733423,0.10240274667739868,0.3445620834827423,0.3150286078453064
YAL051W,YDR365C,0,0.87330866,0.10237346589565277,0.3445620834827423,0.31512901186943054
YFL055W,YPL203W,0,0.87324935,0.10234420001506805,0.3445620834827423,0.3152293860912323
YOR049C,YER176W,0,0.8731377,0.10231494903564453,0.3445620834827423,0.31532979011535645
YEL005C,YNL250W,0,0.8731352,0.1022857129573822,0.3445620834827423,0.3154301643371582
YKL084W,YNL302C,0,0.87303054,0.10225649923086166,0.3445620834827423,0.31553056836128235
YIL021W,YIL042C,0,0.87297106,0.10222730040550232,0.3445620834827423,0.3156309723854065
YLR298C,YFL005W,0,0.8729384,0.10219811648130417,0.3445620834827423,0.31573134660720825
YDR021W,YGL067W,0,0.872901,0.10216894745826721,0.3445620834827423,0.3158317506313324
YIL114C,YKL157W,0,0.87289655,0.10213980078697205,0.3445620834827423,0.31593212485313416
YJL180C,YBL067C,0,0.87285835,0.10211066901683807,0.3445620834827423,0.3160325288772583
YPR171W,YIL083C,0,0.87282026,0.1020815521478653,0.3445620834827423,0.31613293290138245
YFR004W,YDR246W,0,0.87277114,0.10205245018005371,0.3445620834827423,0.3162333071231842
YDL214C,YLR256W,0,0.87275815,0.10202337056398392,0.3445620834827423,0.31633371114730835
YNL081C,YLR019W,0,0.87260157,0.10199429839849472,0.3445620834827423,0.3164340853691101
YLR447C,YLR113W,0,0.8725679,0.10196524858474731,0.3445620834827423,0.31653448939323425
YLR213C,YNL031C,0,0.8725108,0.1019362211227417,0.3445620834827423,0.316634863615036
YOR332W,YNL291C,1,0.8724705,0.10219185799360275,0.34552454948425293,0.316634863615036
YKL217W,YGR260W,1,0.8724472,0.10244735330343246,0.34648701548576355,0.316634863615036
YDL154W,YPR024W,0,0.8722793,0.1024182066321373,0.34648701548576355,0.31673526763916016
YHR060W,YGL219C,0,0.87226826,0.10238907486200333,0.34648701548576355,0.3168356716632843
YCR010C,YKL165C,1,0.8721479,0.10264430195093155,0.34744948148727417,0.3168356716632843
YNL099C,YOR329C,0,0.8721163,0.102615125477314,0.34744948148727417,0.31693604588508606
YDR404C,YBR181C,0,0.87209237,0.10258596390485764,0.34744948148727417,0.3170364499092102
YLL023C,YER146W,0,0.8720865,0.10255681723356247,0.34744948148727417,0.31713682413101196
YBR179C,YDR138W,0,0.8719919,0.1025276929140091,0.34744948148727417,0.3172372281551361
YCR044C,YLR409C,0,0.8717621,0.10249858349561691,0.34744948148727417,0.31733760237693787
YHL034C,YNL252C,0,0.87159157,0.10246948897838593,0.34744948148727417,0.317438006401062
YLL005C,YLR214W,1,0.8715364,0.10272417962551117,0.3484119474887848,0.317438006401062
YGR092W,YIL005W,0,0.8715031,0.102695032954216,0.3484119474887848,0.31753841042518616
YOR079C,YJR152W,1,0.87146556,0.10294951498508453,0.349374383687973,0.31753841042518616
YDL126C,YOR303W,0,0.87144333,0.10292033106088638,0.349374383687973,0.3176387846469879
YER053C,YBL030C,1,0.87138844,0.1031746044754982,0.35033684968948364,0.3176387846469879
YDR043C,YBL071W-A,0,0.8713645,0.10314536839723587,0.35033684968948364,0.31773918867111206
YLR386W,YJL168C,0,0.8713261,0.10311614722013474,0.35033684968948364,0.3178395628929138
YPL127C,YBR131W,0,0.87117386,0.1030869409441948,0.35033684968948364,0.31793996691703796
YMR113W,YHR168W,0,0.871137,0.10305775701999664,0.35033684968948364,0.3180403709411621
YIL094C,YPL259C,0,0.8710784,0.10302858799695969,0.35033684968948364,0.31814074516296387
YOR371C,YNR024W,0,0.87104833,0.10299943387508392,0.35033684968948364,0.318241149187088
YHR210C,YJR002W,0,0.8710376,0.10297029465436935,0.35033684968948364,0.31834152340888977
YEL034W,YML032C,0,0.8709023,0.10294117778539658,0.35033684968948364,0.3184419274330139
YOR254C,YNL273W,0,0.8708724,0.10291207581758499,0.35033684968948364,0.3185423016548157
YNL117W,YIL147C,0,0.8707626,0.102882981300354,0.35033684968948364,0.3186427056789398
YJL145W,YDL128W,0,0.8706084,0.1028539165854454,0.35033684968948364,0.31874310970306396
YHR150W,YGR169C,0,0.8705783,0.1028248593211174,0.35033684968948364,0.3188434839248657
YGL241W,YOR380W,0,0.8705638,0.10279581695795059,0.35033684968948364,0.31894388794898987
YML130C,YLR003C,0,0.87051266,0.10276679694652557,0.35033684968948364,0.3190442621707916
YJL145W,YNL294C,0,0.8704409,0.10273779183626175,0.35033684968948364,0.31914466619491577
YGR077C,YPL124W,0,0.87042004,0.10270880162715912,0.35033684968948364,0.3192450702190399
YOR189W,YOL086C,0,0.8703955,0.10267983376979828,0.35033684968948364,0.3193454444408417
YER166W,YCL025C,0,0.8702789,0.10265087336301804,0.35033684968948364,0.3194458484649658
YOR176W,YDR073W,0,0.87027496,0.10262193530797958,0.35033684968948364,0.3195462226867676
YOR252W,YPL004C,0,0.87019974,0.10259301215410233,0.35033684968948364,0.3196466267108917
YNL263C,YMR272C,0,0.8701991,0.10256410390138626,0.35033684968948364,0.3197470009326935
YIL110W,YBR021W,0,0.8701538,0.10253521054983139,0.35033684968948364,0.3198474049568176
YJL174W,YGR096W,0,0.87011236,0.10250633955001831,0.35033684968948364,0.3199478089809418
YNR036C,YKL099C,0,0.8700341,0.10247747600078583,0.35033684968948364,0.32004818320274353
YDR188W,YGL148W,0,0.8699708,0.10244863480329514,0.35033684968948364,0.3201485872268677
YBR044C,YHR062C,0,0.8698963,0.10241980850696564,0.35033684968948364,0.32024896144866943
YFL010W-A,YJL173C,0,0.8697274,0.10239099711179733,0.35033684968948364,0.3203493654727936
YER125W,YBR121C,0,0.8696243,0.10236220806837082,0.35033684968948364,0.32044973969459534
YOL151W,YML132W,0,0.86957765,0.1023334264755249,0.35033684968948364,0.3205501437187195
YPL032C,YNL059C,0,0.8695127,0.10230466723442078,0.35033684968948364,0.32065054774284363
YOL110W,YPL246C,0,0.869479,0.10227592289447784,0.35033684968948364,0.3207509219646454
YML058W-A,YGR108W,0,0.86939585,0.1022471934556961,0.35033684968948364,0.32085132598876953
YFR010W,YGL244W,0,0.8693424,0.10221847891807556,0.35033684968948364,0.3209517002105713
YNL126W,YBR210W,0,0.8690901,0.10218977928161621,0.35033684968948364,0.32105210423469543
YLR390W,YOL058W,0,0.8689721,0.10216110199689865,0.35033684968948364,0.3211525082588196
YGR099W,YHR194W,0,0.8689505,0.10213243216276169,0.35033684968948364,0.32125288248062134
YGL167C,YJR046W,0,0.8688904,0.10210378468036652,0.35033684968948364,0.3213532865047455
YMR119W,YML066C,0,0.8687828,0.10207515209913254,0.35033684968948364,0.32145366072654724
YLR377C,YEL055C,0,0.8686616,0.10204653441905975,0.35033684968948364,0.3215540647506714
YCL033C,YIL033C,0,0.86859494,0.10201793909072876,0.35033684968948364,0.32165443897247314
YOR313C,YBR260C,0,0.8684877,0.10198935121297836,0.35033684968948364,0.3217548429965973
YAR008W,YKL053C-A,0,0.86832595,0.10196078568696976,0.35033684968948364,0.32185524702072144
YPL234C,YKL220C,1,0.8683241,0.10221226513385773,0.35129931569099426,0.32185524702072144
YHR157W,YLR037C,0,0.86829364,0.10218364745378494,0.35129931569099426,0.3219556212425232
YDR529C,YPL002C,1,0.868274,0.1024349257349968,0.3522617816925049,0.3219556212425232
YOL088C,YIL066C,0,0.868256,0.10240627080202103,0.3522617816925049,0.32205602526664734
YIL168W,YMR313C,0,0.86819047,0.10237762331962585,0.3522617816925049,0.3221563994884491
YJR138W,YMR049C,0,0.868178,0.10234899073839188,0.3522617816925049,0.32225680351257324
YHR166C,YBL041W,0,0.8679679,0.10232038050889969,0.3522617816925049,0.3223572075366974
YML036W,YPL010W,0,0.8677976,0.1022917851805687,0.3522617816925049,0.32245758175849915
YBL009W,YJR014W,0,0.8677895,0.1022632047533989,0.3522617816925049,0.3225579857826233
YAL001C,YOL088C,0,0.8677131,0.10223463922739029,0.3522617816925049,0.32265836000442505
YER007C-A,YOR393W,0,0.86768794,0.10220608860254288,0.3522617816925049,0.3227587640285492
YPR194C,YDR429C,0,0.8676803,0.10217755287885666,0.3522617816925049,0.32285913825035095
YBR043C,YKL205W,0,0.8676194,0.10214903950691223,0.3522617816925049,0.3229595422744751
YMR203W,YOL158C,1,0.8675862,0.1023995503783226,0.3532242476940155,0.3229595422744751
YCR060W,YNL256W,0,0.8675548,0.10237099230289459,0.3532242476940155,0.32305994629859924
YKR081C,YGR133W,0,0.8673974,0.10234244167804718,0.3532242476940155,0.323160320520401
YPR026W,YPR198W,0,0.86738193,0.10231391340494156,0.3532242476940155,0.32326072454452515
YKR086W,YJL208C,0,0.8673353,0.10228539258241653,0.3532242476940155,0.3233610987663269
YJL098W,YNL107W,0,0.8672343,0.1022568941116333,0.3532242476940155,0.32346150279045105
YJL122W,YJL128C,0,0.86719775,0.10222841054201126,0.3532242476940155,0.3235618770122528
YDR259C,YPL176C,0,0.8671969,0.10219994187355042,0.3532242476940155,0.32366228103637695
YGL186C,YDR482C,0,0.8671144,0.10217149555683136,0.3532242476940155,0.3237626850605011
YDL247W,YOR137C,1,0.867097,0.10242137312889099,0.3541867136955261,0.3237626850605011
YHR083W,YPL200W,0,0.8670764,0.10239287465810776,0.3541867136955261,0.32386305928230286
YKL176C,YEL044W,0,0.86703336,0.10236439853906631,0.3541867136955261,0.323963463306427
YFR025C,YNL247W,0,0.8669953,0.10233592987060547,0.3541867136955261,0.32406383752822876
YLR068W,YJR051W,0,0.8669798,0.10230747610330582,0.3541867136955261,0.3241642415523529
YPL037C,YPL178W,0,0.866956,0.10227904468774796,0.3541867136955261,0.32426464557647705
YCR057C,YOR321W,0,0.86693573,0.10225062817335129,0.3541867136955261,0.3243650197982788
YNL202W,YIL005W,0,0.8667792,0.10222221910953522,0.3541867136955261,0.32446542382240295
YBL013W,YER177W,0,0.86676645,0.10219383239746094,0.3541867136955261,0.3245657980442047
YOR207C,YOR284W,0,0.866733,0.10216546058654785,0.3541867136955261,0.32466620206832886
YKL125W,YBL092W,0,0.8666396,0.10213711112737656,0.3541867136955261,0.3247665762901306
YEL031W,YLR167W,0,0.866607,0.10210876911878586,0.3541867136955261,0.32486698031425476
YHR178W,YBR089C-A,0,0.8665967,0.10208044201135635,0.3541867136955261,0.3249673843383789
YOL135C,YPL223C,0,0.8663817,0.10205213725566864,0.3541867136955261,0.32506775856018066
YOR147W,YDR457W,0,0.86608636,0.10202383995056152,0.3541867136955261,0.3251681625843048
YNL240C,YLR055C,0,0.8659339,0.1019955649971962,0.3541867136955261,0.32526853680610657
YLR417W,YGR260W,1,0.8659208,0.10224439203739166,0.35514917969703674,0.32526853680610657
YLR447C,YKL198C,1,0.8659158,0.10249307751655579,0.35611164569854736,0.32526853680610657
YLR424W,YOR074C,0,0.86589,0.1024646908044815,0.35611164569854736,0.3253689408302307
YFR033C,YDR155C,0,0.8658794,0.10243632644414902,0.35611164569854736,0.32546934485435486
YOL088C,YGR271W,0,0.8656337,0.10240796953439713,0.35611164569854736,0.3255697190761566
YJR137C,YOR123C,0,0.8655292,0.10237963497638702,0.35611164569854736,0.32567012310028076
YML022W,YDL077C,0,0.86552495,0.10235131531953812,0.35611164569854736,0.3257704973220825
YNL097C,YDR045C,0,0.86540085,0.1023230105638504,0.35611164569854736,0.32587090134620667
YFR050C,YKL039W,0,0.8653775,0.10229472070932388,0.35611164569854736,0.3259712755680084
YDR506C,YLL001W,1,0.8653122,0.10254283994436264,0.357074111700058,0.3259712755680084
YBR296C,YKL198C,1,0.86527276,0.10279082506895065,0.3580365777015686,0.3259712755680084
YHR187W,YGL255W,0,0.8652452,0.10276243090629578,0.3580365777015686,0.32607167959213257
YKL041W,YJL133W,1,0.8652041,0.10301021486520767,0.3589990437030792,0.32607167959213257
YEL051W,YOR271C,1,0.865157,0.10325787216424942,0.35996150970458984,0.32607167959213257
YGR217W,YOL004W,0,0.8650619,0.10322936624288559,0.35996150970458984,0.3261720836162567
YFR053C,YPL098C,0,0.86497915,0.10320088267326355,0.35996150970458984,0.32627245783805847
YOL052C,YDR227W,0,0.8648916,0.1031724140048027,0.35996150970458984,0.3263728618621826
YHR019C,YBR153W,0,0.8648735,0.10314396023750305,0.35996150970458984,0.3264732360839844
YJL124C,YJR047C,0,0.8648275,0.1031155213713646,0.35996150970458984,0.3265736401081085
YIL111W,YLR038C,1,0.864735,0.10336273163557053,0.36092397570610046,0.3265736401081085
YMR105C,YKR069W,0,0.8647282,0.10333425551652908,0.36092397570610046,0.3266740143299103
YDR225W,YGL099W,0,0.864619,0.10330578684806824,0.36092397570610046,0.3267744183540344
YER065C,YMR277W,0,0.86448103,0.10327733308076859,0.36092397570610046,0.32687482237815857
YFL031W,YLR369W,0,0.8644794,0.10324890166521072,0.36092397570610046,0.3269751965999603
YLL015W,YBR130C,0,0.8644581,0.10322047770023346,0.36092397570610046,0.3270756006240845
YPL254W,YNL251C,0,0.8643959,0.10319207608699799,0.36092397570610046,0.32717597484588623
YLR081W,YJL128C,0,0.864364,0.1031636893749237,0.36092397570610046,0.3272763788700104
YIL046W,YDR087C,0,0.8643577,0.10313531011343002,0.36092397570610046,0.3273767828941345
YOR090C,YPL237W,0,0.8642385,0.10310695320367813,0.36092397570610046,0.3274771571159363
YKL074C,YCR031C,0,0.86417127,0.10307861119508743,0.36092397570610046,0.3275775611400604
YDL161W,YNL032W,0,0.8641554,0.10305029153823853,0.36092397570610046,0.3276779353618622
YNR030W,YOR090C,0,0.8641523,0.10302197933197021,0.36092397570610046,0.32777833938598633
YBR059C,YGR033C,0,0.8641464,0.1029936820268631,0.36092397570610046,0.3278787136077881
YKR031C,YER007C-A,0,0.8641067,0.10296540707349777,0.36092397570610046,0.32797911763191223
YIL094C,YDR028C,0,0.8641026,0.10293713957071304,0.36092397570610046,0.3280795216560364
YML038C,YBL007C,0,0.8640883,0.1029088944196701,0.36092397570610046,0.32817989587783813
YGR055W,YJL059W,1,0.86402535,0.10315500944852829,0.3618864417076111,0.32817989587783813
YKL002W,YDL067C,1,0.8639279,0.10340099036693573,0.3628489077091217,0.32817989587783813
YHR029C,YNL145W,0,0.8638165,0.10337263345718384,0.3628489077091217,0.3282802999019623
YER038C,YJR161C,0,0.8637928,0.10334429889917374,0.3628489077091217,0.32838067412376404
YDL122W,YGR017W,0,0.86375844,0.10331597924232483,0.3628489077091217,0.3284810781478882
YAL026C,YDR264C,0,0.86375624,0.10328767448663712,0.3628489077091217,0.32858148217201233
YBL091C-A,YDR309C,0,0.863729,0.1032593846321106,0.3628489077091217,0.3286818563938141
YOL045W,YGL207W,0,0.86360145,0.10323110967874527,0.3628489077091217,0.32878226041793823
YDR359C,YNL224C,0,0.86349833,0.10320284962654114,0.3628489077091217,0.32888263463974
YLR034C,YPL167C,0,0.8634803,0.1031746044754982,0.3628489077091217,0.32898303866386414
YKR034W,YPL097W,0,0.8634317,0.10314637422561646,0.3628489077091217,0.3290834128856659
YBR221C,YGL078C,0,0.8633322,0.1031181588768959,0.3628489077091217,0.32918381690979004
YHR204W,YBR029C,0,0.863298,0.10308996587991714,0.3628489077091217,0.3292842209339142
YDR079W,YKR028W,0,0.8632478,0.10306178033351898,0.3628489077091217,0.32938459515571594
YDR173C,YPR035W,0,0.86323243,0.10303361713886261,0.3628489077091217,0.3294849991798401
YCR020W-B,YER019W,0,0.8632213,0.10300546139478683,0.3628489077091217,0.32958537340164185
YDL004W,YJR152W,1,0.8632106,0.10325048118829727,0.36381134390830994,0.32958537340164185
YFR033C,YER119C,1,0.86315143,0.10349535942077637,0.36477380990982056,0.32958537340164185
YOR324C,YOL060C,0,0.8630402,0.10346710681915283,0.36477380990982056,0.329685777425766
YJL117W,YMR275C,1,0.86301875,0.10371179133653641,0.3657362759113312,0.329685777425766
YJL057C,YDR092W,0,0.862967,0.10368349403142929,0.3657362759113312,0.32978615164756775
YPR134W,YIR013C,0,0.8628946,0.10365521162748337,0.3657362759113312,0.3298865556716919
YLR363C,YDR189W,0,0.8627435,0.10362694412469864,0.3657362759113312,0.32998695969581604
YFR044C,YPR006C,0,0.8626548,0.1035986915230751,0.3657362759113312,0.3300873339176178
YER054C,YLR103C,0,0.8626321,0.10357045382261276,0.3657362759113312,0.33018773794174194
YMR175W,YPL259C,0,0.8625171,0.10354223102331161,0.3657362759113312,0.3302881121635437
YIL143C,YJR043C,0,0.8625164,0.10351403057575226,0.3657362759113312,0.33038851618766785
YBR247C,YLR073C,0,0.8625036,0.1034858375787735,0.3657362759113312,0.330488920211792
YIL173W,YHR194W,0,0.8624308,0.10345766693353653,0.3657362759113312,0.33058929443359375
YJL204C,YKL160W,0,0.86231065,0.10342950373888016,0.3657362759113312,0.3306896984577179
YMR013C,YPL099C,0,0.86227345,0.10340136289596558,0.3657362759113312,0.33079007267951965
YOR189W,YDR034C,0,0.86222225,0.10337322950363159,0.3657362759113312,0.3308904767036438
YPL196W,YMR097C,0,0.862187,0.1033451184630394,0.3657362759113312,0.33099085092544556
YPL124W,YDR349C,0,0.8621185,0.1033170223236084,0.3657362759113312,0.3310912549495697
YIL123W,YNL199C,0,0.86211646,0.103288933634758,0.3657362759113312,0.33119165897369385
YOL017W,YJL151C,0,0.8620162,0.10326086729764938,0.3657362759113312,0.3312920331954956
YJR149W,YGL016W,0,0.86197484,0.10323281586170197,0.3657362759113312,0.33139243721961975
YGR068C,YPL096W,0,0.861958,0.10320477932691574,0.3657362759113312,0.3314928114414215
YKR039W,YDL142C,0,0.8619487,0.10317675769329071,0.3657362759113312,0.33159321546554565
YDR062W,YEL063C,0,0.8618958,0.10314875096082687,0.3657362759113312,0.3316936194896698
YDR184C,YML031W,0,0.86175793,0.10312075912952423,0.3657362759113312,0.33179399371147156
YOR054C,YGL038C,0,0.8616806,0.10309278219938278,0.3657362759113312,0.3318943977355957
YOL132W,YFR028C,0,0.8616756,0.10306482017040253,0.3657362759113312,0.33199477195739746
YLR383W,YDL128W,0,0.8615326,0.10303687304258347,0.3657362759113312,0.3320951759815216
YML081W,YLR133W,0,0.86144435,0.1030089482665062,0.3657362759113312,0.33219555020332336
YNL073W,YGL237C,0,0.8614421,0.10298103094100952,0.3657362759113312,0.3322959542274475
YER145C,YGL226W,0,0.8614099,0.10295312851667404,0.3657362759113312,0.33239635825157166
YNL009W,YEL056W,0,0.8613504,0.10292524099349976,0.3657362759113312,0.3324967324733734
YPR001W,YOR335C,0,0.8613489,0.10289737582206726,0.3657362759113312,0.33259713649749756
YOR068C,YML061C,0,0.8612627,0.10286951810121536,0.3657362759113312,0.3326975107192993
YPL010W,YBR101C,0,0.8611599,0.10284167528152466,0.3657362759113312,0.33279791474342346
YPL072W,YMR205C,0,0.861033,0.10281385481357574,0.3657362759113312,0.3328982889652252
YEL042W,YIL031W,0,0.8610108,0.10278604179620743,0.3657362759113312,0.33299869298934937
YLR262C,YHR166C,0,0.8609724,0.1027582511305809,0.3657362759113312,0.3330990970134735
YLR160C,YDR226W,0,0.86093366,0.10273046791553497,0.3657362759113312,0.33319947123527527
YDR377W,YMR054W,1,0.86092436,0.10297296941280365,0.3666987419128418,0.33319947123527527
YJL004C,YHR201C,0,0.8609156,0.10294514894485474,0.3666987419128418,0.3332998752593994
YLR035C,YNL107W,0,0.8609055,0.10291734337806702,0.3666987419128418,0.33340024948120117
YOL084W,YOL058W,0,0.86086196,0.10288955271244049,0.3666987419128418,0.3335006535053253
YOR019W,YGR083C,0,0.8608238,0.10286176949739456,0.3666987419128418,0.33360105752944946
YCL030C,YJL173C,0,0.8607666,0.10283400863409042,0.3666987419128418,0.3337014317512512
YDR538W,YLL006W,0,0.8606903,0.10280626267194748,0.3666987419128418,0.33380183577537537
YMR319C,YDR002W,0,0.8606427,0.10277852416038513,0.3666987419128418,0.3339022099971771
YIL013C,YKL217W,0,0.8606395,0.10275080800056458,0.3666987419128418,0.33400261402130127
YKL209C,YOL104C,0,0.8606181,0.10272310674190521,0.3666987419128418,0.334102988243103
YGL209W,YDR527W,0,0.8606044,0.10269542038440704,0.3666987419128418,0.3342033922672272
YDR067C,YNL178W,0,0.8603948,0.10266774147748947,0.3666987419128418,0.3343037962913513
YDR324C,YNL317W,0,0.86035013,0.10264008492231369,0.3666987419128418,0.3344041705131531
YCR052W,YGR284C,0,0.86031705,0.1026124432682991,0.3666987419128418,0.3345045745372772
YDR350C,YPR009W,0,0.86030614,0.10258481651544571,0.3666987419128418,0.334604948759079
YGR268C,YGL201C,0,0.8603059,0.10255719721317291,0.3666987419128418,0.3347053527832031
YFR028C,YDR375C,0,0.8603031,0.1025296002626419,0.3666987419128418,0.33480575680732727
YJR014W,YKL032C,0,0.86028457,0.1025020182132721,0.3666987419128418,0.33490613102912903
YDR351W,YOR025W,0,0.86013603,0.10247445106506348,0.3666987419128418,0.3350065350532532
YOR090C,YPR046W,0,0.8601153,0.10244689136743546,0.3666987419128418,0.33510690927505493
YOL122C,YPL200W,0,0.860091,0.10241935402154922,0.3666987419128418,0.3352073132991791
YJL079C,YKL160W,0,0.8600668,0.10239183157682419,0.3666987419128418,0.33530768752098083
YDL022W,YEL018W,0,0.8599906,0.10236431658267975,0.3666987419128418,0.335408091545105
YMR318C,YNL139C,0,0.8599206,0.1023368239402771,0.3666987419128418,0.3355084955692291
YDL171C,YDR244W,0,0.85954034,0.10230934619903564,0.3666987419128418,0.3356088697910309
YDR198C,YKL046C,0,0.85944235,0.10228187590837479,0.3666987419128418,0.33570927381515503
YPL230W,YKR042W,0,0.8593639,0.10225442796945572,0.3666987419128418,0.3358096480369568
YDR092W,YGL256W,0,0.859355,0.10222699493169785,0.3666987419128418,0.33591005206108093
YER054C,YPL183C,0,0.8592794,0.10219956934452057,0.3666987419128418,0.3360104262828827
YOR115C,YLL027W,0,0.8592409,0.10217216610908508,0.3666987419128418,0.33611083030700684
YGL255W,YGL187C,1,0.8591772,0.1024128720164299,0.3676612079143524,0.33611083030700684
YIR018W,YOL049W,0,0.8591186,0.10238541662693024,0.3676612079143524,0.336211234331131
YLR185W,YLR285W,0,0.8590684,0.10235798358917236,0.3676612079143524,0.33631160855293274
YOR157C,YDR127W,0,0.8590262,0.10233056545257568,0.3676612079143524,0.3364120125770569
YOL130W,YOR390W,1,0.85894346,0.10257096588611603,0.36862367391586304,0.3364120125770569
YGL019W,YLR003C,0,0.85885036,0.10254351049661636,0.36862367391586304,0.33651238679885864
YDR194C,YHR030C,0,0.8587943,0.1025160625576973,0.36862367391586304,0.3366127908229828
YEL044W,YGR161C,0,0.85877275,0.10248862951993942,0.36862367391586304,0.33671319484710693
YOR083W,YIL095W,0,0.85871196,0.10246121138334274,0.36862367391586304,0.3368135690689087
YLR059C,YGR247W,0,0.8585876,0.10243380814790726,0.36862367391586304,0.33691397309303284
YML107C,YHR174W,0,0.8585712,0.10240641981363297,0.36862367391586304,0.3370143473148346
YER167W,YDR484W,0,0.8585349,0.10237904638051987,0.36862367391586304,0.33711475133895874
YOR247W,YJR150C,0,0.858438,0.10235168039798737,0.36862367391586304,0.3372151255607605
YCR042C,YJL104W,0,0.85842216,0.10232433676719666,0.36862367391586304,0.33731552958488464
YBL006C,YOR140W,0,0.8584136,0.10229700803756714,0.36862367391586304,0.3374159336090088
YGR033C,YNR026C,0,0.85839444,0.10226969420909882,0.36862367391586304,0.33751630783081055
YDR363W,YKR053C,0,0.8583145,0.10224239528179169,0.36862367391586304,0.3376167118549347
YNL088W,YKL025C,0,0.8582139,0.10221510380506516,0.36862367391586304,0.33771708607673645
YCR046C,YFR027W,0,0.858186,0.10218783468008041,0.36862367391586304,0.3378174901008606
YGR028W,YFL053W,0,0.8581642,0.10216057300567627,0.36862367391586304,0.33791789412498474
YJL006C,YBR043C,0,0.8581336,0.10213333368301392,0.36862367391586304,0.3380182683467865
YGL071W,YDR508C,1,0.85803103,0.10237269848585129,0.36958613991737366,0.3380182683467865
YNR013C,YNL300W,0,0.85764974,0.10234541445970535,0.36958613991737366,0.33811867237091064
YDL020C,YMR008C,0,0.8576379,0.10231814533472061,0.36958613991737366,0.3382190465927124
YDR349C,YGL207W,0,0.85759413,0.10229089111089706,0.36958613991737366,0.33831945061683655
YER157W,YDR225W,0,0.8575146,0.10226365178823471,0.36958613991737366,0.3384198248386383
YKL058W,YDL150W,0,0.85740346,0.10223641991615295,0.36958613991737366,0.33852022886276245
YCL036W,YDR195W,0,0.85716605,0.10220921039581299,0.36958613991737366,0.3386206328868866
YPL145C,YCR079W,0,0.85716087,0.10218200832605362,0.36958613991737366,0.33872100710868835
YMR154C,YER151C,0,0.8571268,0.10215482860803604,0.36958613991737366,0.3388214111328125
YMR260C,YDR430C,0,0.85702896,0.10212765634059906,0.36958613991737366,0.33892178535461426
YLR295C,YPL092W,1,0.8570023,0.10236639529466629,0.3705486059188843,0.33892178535461426
YLR390W-A,YLR182W,0,0.85683554,0.10233917832374573,0.3705486059188843,0.3390221893787384
YNL172W,YDL039C,0,0.85682195,0.10231198370456696,0.3705486059188843,0.33912256360054016
YDL070W,YHR018C,0,0.85679907,0.10228480398654938,0.3705486059188843,0.3392229676246643
YBR294W,YIL047C,1,0.8567732,0.10252323746681213,0.3715110719203949,0.3392229676246643
YLR083C,YOR064C,0,0.8566786,0.10249602049589157,0.3715110719203949,0.33932337164878845
YOL008W,YKL041W,0,0.85663855,0.1024688109755516,0.3715110719203949,0.3394237458705902
YML022W,YPR107C,0,0.8566278,0.10244161635637283,0.3715110719203949,0.33952414989471436
YLR085C,YDR245W,0,0.8565911,0.10241443663835526,0.3715110719203949,0.3396245241165161
YOR172W,YGR254W,0,0.85657394,0.10238726437091827,0.3715110719203949,0.33972492814064026
YGR289C,YBR294W,1,0.85654306,0.1026252955198288,0.3724735379219055,0.33972492814064026
YJL059W,YOR100C,1,0.8565234,0.10286320000886917,0.37343600392341614,0.33972492814064026
YPL029W,YHR007C,0,0.8564477,0.10283593833446503,0.37343600392341614,0.3398253321647644
YKR039W,YPL129W,0,0.8564416,0.10280869156122208,0.37343600392341614,0.33992570638656616
YKL006C-A,YDR364C,0,0.85638607,0.10278145968914032,0.37343600392341614,0.3400261104106903
YGL017W,YPR035W,0,0.85632706,0.10275423526763916,0.37343600392341614,0.34012648463249207
YKR103W,YER183C,0,0.8560941,0.10272703319787979,0.37343600392341614,0.3402268886566162
YBR196C,YEL022W,0,0.85607016,0.10269983857870102,0.37343600392341614,0.34032726287841797
YKR095W,YML102W,0,0.85592127,0.10267266631126404,0.37343600392341614,0.3404276669025421
YKL087C,YPR002W,0,0.85587037,0.10264550149440765,0.37343600392341614,0.34052807092666626
YMR081C,YGR255C,0,0.85558546,0.10261835157871246,0.37343600392341614,0.340628445148468
YOR256C,YGR183C,0,0.8554512,0.10259122401475906,0.37343600392341614,0.34072884917259216
YPL181W,YGL172W,0,0.85510707,0.10256410390138626,0.37343600392341614,0.3408292233943939
YBL030C,YCR075C,1,0.8550283,0.10280127078294754,0.37439846992492676,0.3408292233943939
YPR156C,YIL023C,1,0.8548373,0.10303831100463867,0.3753609359264374,0.3408292233943939
YNR069C,YJL137C,0,0.854818,0.10301109403371811,0.3753609359264374,0.34092962741851807
YBL080C,YIL117C,0,0.8547782,0.10298389196395874,0.3753609359264374,0.3410300314426422
YOR018W,YLR369W,0,0.8547449,0.10295670479536057,0.3753609359264374,0.34113040566444397
YKR046C,YGR256W,0,0.8547334,0.10292953252792358,0.3753609359264374,0.3412308096885681
YBR191W,YDR151C,0,0.8546869,0.1029023751616478,0.3753609359264374,0.3413311839103699
YER013W,YIL014W,0,0.85462666,0.1028752326965332,0.3753609359264374,0.341431587934494
YLR141W,YPL227C,0,0.85454255,0.1028480976819992,0.3753609359264374,0.3415319621562958
YOR064C,YKL041W,0,0.85437727,0.102820985019207,0.3753609359264374,0.3416323661804199
YOL011W,YIL018W,0,0.85437346,0.10279388725757599,0.3753609359264374,0.34173277020454407
YDR293C,YOR002W,0,0.85430455,0.10276679694652557,0.3753609359264374,0.3418331444263458
YKL120W,YNR051C,0,0.8541926,0.10273972898721695,0.3753609359264374,0.34193354845046997
YGL125W,YGL219C,0,0.8540348,0.10271266847848892,0.3753609359264374,0.34203392267227173
YMR081C,YPR018W,0,0.8539103,0.10268562287092209,0.3753609359264374,0.3421343266963959
YNL328C,YCR026C,0,0.8537893,0.10265859216451645,0.3753609359264374,0.34223470091819763
YDL084W,YLR216C,0,0.85356784,0.102631576359272,0.3753609359264374,0.3423351049423218
YJL124C,YIL063C,0,0.8535043,0.10260457545518875,0.3753609359264374,0.3424355089664459
YBR191W,YOL090W,0,0.8535037,0.1025775894522667,0.3753609359264374,0.3425358831882477
YDR076W,YBR218C,0,0.8535036,0.10255061835050583,0.3753609359264374,0.3426362872123718
YNL138W,YLR060W,0,0.8534843,0.10252366214990616,0.3753609359264374,0.3427366614341736
YER031C,YGR195W,0,0.85344124,0.10249671339988708,0.3753609359264374,0.34283706545829773
YOR382W,YJR059W,1,0.8534409,0.10273252427577972,0.376323401927948,0.34283706545829773
YER006W,YOR073W,0,0.8534176,0.10270554572343826,0.376323401927948,0.3429374694824219
YML011C,YDR246W,0,0.85339963,0.1026785746216774,0.376323401927948,0.34303784370422363
YER060W-A,YMR195W,0,0.8533968,0.10265161097049713,0.376323401927948,0.3431382477283478
YHR149C,YGR003W,0,0.8533844,0.10262466967105865,0.376323401927948,0.34323862195014954
YAL002W,YMR038C,0,0.8533461,0.10259774327278137,0.376323401927948,0.3433390259742737
YMR164C,YOL026C,0,0.85320866,0.10257083177566528,0.376323401927948,0.34343940019607544
YDR204W,YLL027W,0,0.85317403,0.10254392772912979,0.376323401927948,0.3435398042201996
YPL050C,YPL180W,0,0.8531323,0.10251704603433609,0.376323401927948,0.34364020824432373
YLL005C,YCR057C,0,0.8531277,0.10249017179012299,0.376323401927948,0.3437405824661255
YJR064W,YIL011W,0,0.85306644,0.10246331244707108,0.376323401927948,0.34384098649024963
YMR167W,YPL181W,0,0.853004,0.10243646800518036,0.376323401927948,0.3439413607120514
YGR198W,YLR028C,0,0.85299504,0.10240963846445084,0.376323401927948,0.34404176473617554
YJL212C,YDL230W,0,0.8529868,0.10238282382488251,0.376323401927948,0.3441421687602997
YOR377W,YOR349W,0,0.85290104,0.10235602408647537,0.376323401927948,0.34424254298210144
YKL193C,YNL106C,0,0.85289276,0.10232923179864883,0.376323401927948,0.3443429470062256
YIL121W,YMR301C,1,0.8528424,0.10256410390138626,0.37728583812713623,0.3443429470062256
YPR103W,YMR192W,0,0.8528302,0.10253727436065674,0.37728583812713623,0.34444332122802734
YPL084W,YLL006W,0,0.85281944,0.10251045972108841,0.37728583812713623,0.3445437252521515
YLL001W,YPL092W,1,0.85281754,0.10274510085582733,0.37824830412864685,0.3445437252521515
YOR048C,YHR037W,0,0.8526268,0.10271824151277542,0.37824830412864685,0.34464409947395325
YDR538W,YDR189W,0,0.8526147,0.1026914045214653,0.37824830412864685,0.3447445034980774
YBR015C,YNL178W,0,0.8525862,0.10266457498073578,0.37824830412864685,0.34484490752220154
YNR013C,YDR145W,0,0.8523288,0.10263776779174805,0.37824830412864685,0.3449452817440033
YPR110C,YMR168C,0,0.8522972,0.10261096805334091,0.37824830412864685,0.34504568576812744
YLR301W,YJL137C,0,0.8521715,0.10258418321609497,0.37824830412864685,0.3451460599899292
YER162C,YGR253C,0,0.8521355,0.10255741328001022,0.37824830412864685,0.34524646401405334
YOL128C,YHR043C,0,0.8521031,0.10253065824508667,0.37824830412864685,0.3453468382358551
YCR042C,YJR041C,0,0.85183185,0.10250391066074371,0.37824830412864685,0.34544724225997925
YDL214C,YPL156C,0,0.8518313,0.10247718542814255,0.37824830412864685,0.3455476462841034
YDR349C,YHL002W,0,0.8518174,0.10245046764612198,0.37824830412864685,0.34564802050590515
YOL070C,YOR086C,0,0.8516491,0.1024237722158432,0.37824830412864685,0.3457484245300293
YDR184C,YBL045C,0,0.8515859,0.10239708423614502,0.37824830412864685,0.34584879875183105
YGL115W,YBR248C,0,0.85139745,0.10237041115760803,0.37824830412864685,0.3459492027759552
YDR148C,YOR132W,0,0.8513793,0.10234375298023224,0.37824830412864685,0.34604960680007935
YAR003W,YJL051W,0,0.8512677,0.10231710225343704,0.37824830412864685,0.3461499810218811
YJR113C,YDR273W,0,0.8510587,0.10229047387838364,0.37824830412864685,0.34625038504600525
YIR007W,YDR454C,0,0.85098743,0.10226385295391083,0.37824830412864685,0.346350759267807
YGL226C-A,YJR119C,0,0.85097516,0.10223725438117981,0.37824830412864685,0.34645116329193115
YDL004W,YCR027C,1,0.8509687,0.10247074067592621,0.37921077013015747,0.34645116329193115
YLR157C,YOL132W,0,0.85085166,0.10244409739971161,0.37921077013015747,0.3465515375137329
YGL153W,YHR062C,0,0.85064423,0.1024174690246582,0.37921077013015747,0.34665194153785706
YLR320W,YLR117C,0,0.8505949,0.10239085555076599,0.37921077013015747,0.3467523455619812
YKL020C,YPL005W,0,0.85059226,0.10236424952745438,0.37921077013015747,0.34685271978378296
YCR083W,YGR222W,0,0.85056347,0.10233766585588455,0.37921077013015747,0.3469531238079071
YBR120C,YER127W,0,0.85053617,0.10231108963489532,0.37921077013015747,0.34705349802970886
YNL138W,YBL102W,0,0.85045874,0.10228452831506729,0.37921077013015747,0.347153902053833
YKL035W,YHR045W,0,0.8504544,0.10225798189640045,0.37921077013015747,0.34725430607795715
YOL151W,YLR013W,0,0.85025877,0.1022314503788948,0.37921077013015747,0.3473546802997589
YNL107W,YGL083W,0,0.85025644,0.10220492631196976,0.37921077013015747,0.34745508432388306
YOR196C,YPL055C,0,0.85023844,0.1021784245967865,0.37921077013015747,0.3475554585456848
YGL130W,YIL010W,0,0.8499412,0.10215193033218384,0.37921077013015747,0.34765586256980896
YNR052C,YDR085C,0,0.8499262,0.10212545096874237,0.37921077013015747,0.3477562367916107
YFR014C,YLR057W,0,0.84987986,0.1020989865064621,0.37921077013015747,0.34785664081573486
YEL031W,YFR033C,1,0.8498607,0.10233160853385925,0.3801732361316681,0.34785664081573486
YDL066W,YPL131W,0,0.8498124,0.1023050993680954,0.3801732361316681,0.347957044839859
YOR138C,YJR159W,0,0.8497956,0.10227861255407333,0.3801732361316681,0.34805741906166077
YHR200W,YOL028C,0,0.8497015,0.10225213319063187,0.3801732361316681,0.3481578230857849
YOR064C,YBL005W,0,0.8496444,0.10222567617893219,0.3801732361316681,0.34825819730758667
YHR005C-A,YDR383C,0,0.8496152,0.10219922661781311,0.3801732361316681,0.3483586013317108
YOL008W,YJL082W,0,0.84946024,0.10217279195785522,0.3801732361316681,0.3484589755535126
YER065C,YDR494W,0,0.8494079,0.10214636474847794,0.3801732361316681,0.3485593795776367
YBR192W,YBR258C,0,0.8494005,0.10211995989084244,0.3801732361316681,0.34865978360176086
YDR041W,YPL008W,0,0.8493755,0.10209356248378754,0.3801732361316681,0.3487601578235626
YHR175W,YOR060C,0,0.84926444,0.10206717997789383,0.3801732361316681,0.34886056184768677
YBR192W,YLR215C,0,0.8491218,0.10204081982374191,0.3801732361316681,0.3489609360694885
YLR435W,YER155C,0,0.84906745,0.10201445966959,0.3801732361316681,0.34906134009361267
YGL240W,YOL058W,0,0.8490474,0.10198812186717987,0.3801732361316681,0.3491617441177368
YCR046C,YGL195W,0,0.84898865,0.10196179896593094,0.3801732361316681,0.3492621183395386
YER017C,YNL103W,0,0.84897137,0.1019354835152626,0.3801732361316681,0.3493625223636627
YJR127C,YBR186W,0,0.84889925,0.10190918296575546,0.3801732361316681,0.3494628965854645
YML120C,YPR080W,0,0.84873223,0.10188289731740952,0.3801732361316681,0.3495633006095886
YPR020W,YOR137C,1,0.84871006,0.1021144911646843,0.3811357021331787,0.3495633006095886
YEL019C,YER115C,0,0.84860253,0.10208816826343536,0.3811357021331787,0.3496636748313904
YGR199W,YNL051W,0,0.848493,0.10206185281276703,0.3811357021331787,0.3497640788555145
YLR405W,YNL254C,0,0.848354,0.10203555971384048,0.3811357021331787,0.34986448287963867
YLR135W,YDL107W,0,0.84833866,0.10200927406549454,0.3811357021331787,0.34996485710144043
YFL010W-A,YIL002C,0,0.84833014,0.10198300331830978,0.3811357021331787,0.3500652611255646
YGL093W,YLL026W,0,0.84806293,0.10195674747228622,0.3811357021331787,0.35016563534736633
YER023W,YJL059W,0,0.8480429,0.10193049907684326,0.3811357021331787,0.3502660393714905
YLL012W,YDR430C,0,0.84796095,0.10190427303314209,0.3811357021331787,0.3503664433956146
YBL028C,YHR018C,0,0.84794927,0.10187805444002151,0.3811357021331787,0.3504668176174164
YOR056C,YGL244W,0,0.8479028,0.10185185074806213,0.3811357021331787,0.3505672216415405
YIL148W,YPL117C,0,0.8478389,0.10182566195726395,0.3811357021331787,0.3506675958633423
YMR207C,YKL150W,0,0.8475967,0.10179948806762695,0.3811357021331787,0.35076799988746643
YOR079C,YBR132C,1,0.8475912,0.10203032940626144,0.38209816813468933,0.35076799988746643
YER031C,YBR023C,0,0.8475779,0.10200411081314087,0.38209816813468933,0.3508683741092682
YBR247C,YOR371C,0,0.8474575,0.10197790712118149,0.38209816813468933,0.35096877813339233
YLR345W,YBR104W,0,0.84742343,0.1019517183303833,0.38209816813468933,0.3510691821575165
YIL066C,YCR071C,0,0.8473901,0.10192554444074631,0.38209816813468933,0.35116955637931824
YPL065W,YMR293C,0,0.8473831,0.10189938545227051,0.38209816813468933,0.3512699604034424
YDL031W,YBR168W,0,0.8473364,0.1018732339143753,0.38209816813468933,0.35137033462524414
YPR003C,YKL165C,1,0.8472629,0.10210364311933517,0.38306063413619995,0.35137033462524414
YKL005C,YLR323C,0,0.84713006,0.10207745432853699,0.38306063413619995,0.3514707386493683
YMR275C,YPL246C,0,0.8471091,0.1020512804389,0.38306063413619995,0.35157111287117004
YLR447C,YKL220C,1,0.8469682,0.10228146612644196,0.38402310013771057,0.35157111287117004
YDR216W,YOL090W,0,0.8469416,0.10225525498390198,0.38402310013771057,0.3516715168952942
YGR041W,YBL005W,0,0.8469125,0.1022290512919426,0.38402310013771057,0.35177192091941833
YKL101W,YHR193C,0,0.8468794,0.102202869951725,0.38402310013771057,0.3518722951412201
YAL007C,YPL118W,0,0.84680855,0.10217669606208801,0.38402310013771057,0.35197269916534424
YPL020C,YKR057W,0,0.84674144,0.10215053707361221,0.38402310013771057,0.352073073387146
YJL139C,YLR197W,0,0.8466206,0.10212439298629761,0.38402310013771057,0.35217347741127014
YDR113C,YPL082C,0,0.84657145,0.1020982563495636,0.38402310013771057,0.3522738814353943
YHR006W,YDR145W,0,0.84644616,0.10207214206457138,0.38402310013771057,0.35237425565719604
YGR183C,YFL041W,1,0.8462179,0.10230179131031036,0.3849855661392212,0.35237425565719604
YNL062C,YNL003C,0,0.84621394,0.10227563232183456,0.3849855661392212,0.3524746596813202
YJR047C,YDR246W,0,0.8462029,0.10224948823451996,0.3849855661392212,0.35257503390312195
YLR216C,YGR238C,0,0.84612143,0.10222335904836655,0.3849855661392212,0.3526754379272461
YLR315W,YDR304C,0,0.8460393,0.10219723731279373,0.3849855661392212,0.35277581214904785
YPR034W,YPL069C,0,0.8459991,0.10217113792896271,0.3849855661392212,0.352876216173172
YGL212W,YMR024W,0,0.84585255,0.10214504599571228,0.3849855661392212,0.35297662019729614
YDR489W,YOL027C,0,0.84579986,0.10211896896362305,0.3849855661392212,0.3530769944190979
YBR004C,YOL026C,0,0.8456919,0.10209290683269501,0.3849855661392212,0.35317739844322205
YMR078C,YOR293W,0,0.84564877,0.10206685215234756,0.3849855661392212,0.3532777726650238
YLR319C,YLR089C,0,0.8455821,0.10204081982374191,0.3849855661392212,0.35337817668914795
YOL021C,YDR073W,0,0.8455777,0.10201479494571686,0.3849855661392212,0.3534785807132721
YHR203C,YDR037W,0,0.8455477,0.1019887775182724,0.3849855661392212,0.35357895493507385
YIL031W,YNL037C,0,0.84542596,0.10196278244256973,0.3849855661392212,0.353679358959198
YHR060W,YBL046W,0,0.84540987,0.10193680226802826,0.3849855661392212,0.35377973318099976
YMR280C,YJR159W,0,0.845356,0.10191082954406738,0.3849855661392212,0.3538801372051239
YML013W,YJL036W,0,0.845329,0.1018848717212677,0.3849855661392212,0.35398051142692566
YGL184C,YPL138C,0,0.8452548,0.10185892879962921,0.3849855661392212,0.3540809154510498
YKL186C,YPR169W,0,0.84518933,0.10183299332857132,0.3849855661392212,0.35418131947517395
YMR228W,YHR088W,0,0.8451811,0.10180707275867462,0.3849855661392212,0.3542816936969757
YIL088C,YPL202C,1,0.84516764,0.10203562676906586,0.3859480321407318,0.3542816936969757
YMR293C,YAR031W,0,0.8451339,0.10200966894626617,0.3859480321407318,0.35438209772109985
YHR050W,YGL191W,1,0.84507346,0.10223804414272308,0.38691049814224243,0.35438209772109985
YDR188W,YNL246W,0,0.8450415,0.10221204906702042,0.38691049814224243,0.3544824719429016
YLR131C,YPR143W,0,0.8450265,0.10218606889247894,0.38691049814224243,0.35458287596702576
YOR334W,YBR294W,1,0.8449419,0.10241422802209854,0.38787296414375305,0.35458287596702576
YGR180C,YDR435C,0,0.8447833,0.10238821059465408,0.38787296414375305,0.3546832501888275
YLR329W,YOR125C,0,0.84473765,0.10236220806837082,0.38787296414375305,0.35478365421295166
YBR227C,YCL025C,0,0.8447145,0.10233621299266815,0.38787296414375305,0.3548840582370758
YGL116W,YMR131C,0,0.8446835,0.10231023281812668,0.38787296414375305,0.35498443245887756
YML086C,YJR050W,0,0.84454143,0.1022842675447464,0.38787296414375305,0.3550848364830017
YLL026W,YIL044C,0,0.8444651,0.10225830972194672,0.38787296414375305,0.35518521070480347
YNL048W,YJR082C,0,0.84441257,0.10223236680030823,0.38787296414375305,0.3552856147289276
YOR285W,YAL038W,0,0.84435546,0.10220643877983093,0.38787296414375305,0.35538601875305176
YML026C,YOR087W,0,0.8443262,0.10218052566051483,0.38787296414375305,0.3554863929748535
YCL030C,YDR397C,0,0.84429955,0.10215462744235992,0.38787296414375305,0.35558679699897766
YGL012W,YNL005C,0,0.8442073,0.10212873667478561,0.38787296414375305,0.3556871712207794
YBL006C,YJL197W,0,0.8441877,0.1021028608083725,0.38787296414375305,0.35578757524490356
YGR195W,YPL018W,0,0.8440676,0.10207699984312057,0.38787296414375305,0.3558879494667053
YBR193C,YLR293C,0,0.84393734,0.10205115377902985,0.38787296414375305,0.35598835349082947
YGR215W,YGR175C,0,0.84385985,0.10202531516551971,0.38787296414375305,0.3560887575149536
YAL033W,YNL038W,0,0.84385735,0.10199949145317078,0.38787296414375305,0.35618913173675537
YPR159W,YLR440C,0,0.84383506,0.10197368264198303,0.38787296414375305,0.3562895357608795
YNL047C,YMR199W,0,0.84373647,0.10194788873195648,0.38787296414375305,0.3563899099826813
YNL222W,YEL071W,0,0.843732,0.10192210227251053,0.38787296414375305,0.3564903140068054
YLR155C,YEL003W,0,0.8436742,0.10189633071422577,0.38787296414375305,0.35659071803092957
YGL004C,YLR153C,0,0.84348965,0.1018705740571022,0.38787296414375305,0.3566910922527313
YMR078C,YDL054C,0,0.8434819,0.10184483230113983,0.38787296414375305,0.35679149627685547
YJR161C,YBR261C,0,0.8434653,0.10181909799575806,0.38787296414375305,0.3568918704986572
YPR171W,YNR012W,0,0.8434074,0.10179337859153748,0.38787296414375305,0.35699227452278137
YEL018W,YDR519W,0,0.8434019,0.10176767408847809,0.38787296414375305,0.35709264874458313
YPL147W,YMR243C,1,0.84336424,0.10199444741010666,0.38883543014526367,0.35709264874458313
YPR111W,YIL129C,0,0.8433631,0.10196870565414429,0.38883543014526367,0.3571930527687073
YPL218W,YLL057C,0,0.8433622,0.10194297134876251,0.38883543014526367,0.3572934567928314
YDR174W,YDL208W,0,0.8431651,0.10191725194454193,0.38883543014526367,0.3573938310146332
YPL270W,YJL145W,0,0.8431432,0.10189154744148254,0.38883543014526367,0.3574942350387573
YGR170W,YGL071W,0,0.8431308,0.10186585783958435,0.38883543014526367,0.3575946092605591
YBL068W,YMR175W,0,0.8431201,0.10184018313884735,0.38883543014526367,0.3576950132846832
YNL161W,YOR294W,0,0.8430148,0.10181451588869095,0.38883543014526367,0.357795387506485
YIL135C,YDR273W,0,0.84301376,0.10178886353969574,0.38883543014526367,0.35789579153060913
YDR041W,YML030W,0,0.842987,0.10176322609186172,0.38883543014526367,0.3579961955547333
YNL094W,YKR088C,0,0.8429681,0.1017375960946083,0.38883543014526367,0.35809656977653503
YGL092W,YOR073W,0,0.8429626,0.10171198099851608,0.38883543014526367,0.3581969738006592
YDR006C,YLR213C,0,0.8429454,0.10168638080358505,0.38883543014526367,0.35829734802246094
YGR105W,YDL079C,0,0.84284765,0.10166079550981522,0.38883543014526367,0.3583977520465851
YAL030W,YKL101W,0,0.84281415,0.10163521766662598,0.38883543014526367,0.35849815607070923
YJR158W,YBR106W,1,0.8427464,0.10186116397380829,0.3897978961467743,0.35849815607070923
YNL126W,YLR244C,0,0.84269106,0.10183555632829666,0.3897978961467743,0.358598530292511
YBR258C,YMR058W,0,0.84257174,0.10180995613336563,0.3897978961467743,0.35869893431663513
YKL209C,YMR313C,0,0.8425268,0.1017843708395958,0.3897978961467743,0.3587993085384369
YPL208W,YHL015W,0,0.8424883,0.10175879299640656,0.3897978961467743,0.35889971256256104
YKL026C,YNL283C,0,0.8424014,0.10173323005437851,0.3897978961467743,0.3590000867843628
YEL018W,YDR234W,0,0.84238636,0.10170768201351166,0.3897978961467743,0.35910049080848694
YGL055W,YLL023C,0,0.842381,0.101682148873806,0.3897978961467743,0.3592008948326111
YLR395C,YOL084W,1,0.84229827,0.1019076332449913,0.3907603323459625,0.3592008948326111
YKL013C,YER048C,0,0.8422364,0.10188205540180206,0.3907603323459625,0.35930126905441284
YDR263C,YOR237W,0,0.8418776,0.10185649991035461,0.3907603323459625,0.359401673078537
YDR457W,YBL042C,0,0.841866,0.10183095186948776,0.3907603323459625,0.35950204730033875
YOR079C,YKR105C,1,0.84181535,0.10205616801977158,0.39172279834747314,0.35950204730033875
YLR361C,YFR047C,0,0.8417568,0.10203058272600174,0.39172279834747314,0.3596024513244629
YPR043W,YER098W,0,0.8417034,0.1020050123333931,0.39172279834747314,0.35970285534858704
YMR293C,YDR145W,0,0.8416848,0.10197945684194565,0.39172279834747314,0.3598032295703888
YHR111W,YIL015W,0,0.84166896,0.1019539088010788,0.39172279834747314,0.35990363359451294
YDR519W,YKL168C,0,0.8416203,0.10192837566137314,0.39172279834747314,0.3600040078163147
YNL315C,YBR072W,0,0.8415858,0.10190285742282867,0.39172279834747314,0.36010441184043884
YCL016C,YML111W,0,0.84155476,0.10187734663486481,0.39172279834747314,0.3602047860622406
YCR016W,YAL059W,0,0.84149617,0.10185185074806213,0.39172279834747314,0.36030519008636475
YPL065W,YHR002W,1,0.84134924,0.10207656025886536,0.39268526434898376,0.36030519008636475
YCL030C,YKR042W,0,0.8413135,0.1020510271191597,0.39268526434898376,0.3604055941104889
YHR001W-A,YOR239W,0,0.84119666,0.10202550888061523,0.39268526434898376,0.36050596833229065
YIL008W,YGR065C,0,0.8411733,0.10199999809265137,0.39268526434898376,0.3606063723564148
YDL093W,YMR146C,0,0.8411171,0.10197450965642929,0.39268526434898376,0.36070674657821655
YBR089C-A,YDR343C,0,0.84103394,0.10194902867078781,0.39268526434898376,0.3608071506023407
YPL115C,YKL119C,0,0.8408954,0.10192355513572693,0.39268526434898376,0.36090752482414246
YCL001W,YCL038C,0,0.8408472,0.10189810395240784,0.39268526434898376,0.3610079288482666
YPL163C,YMR048W,0,0.8408363,0.10187266021966934,0.39268526434898376,0.36110833287239075
YJL079C,YLR319C,0,0.84075975,0.10184723138809204,0.39268526434898376,0.3612087070941925
YOL027C,YBR086C,1,0.8406299,0.1020713746547699,0.3936477303504944,0.3612087070941925
YCL057W,YLL055W,0,0.8405243,0.10204590857028961,0.3936477303504944,0.36130911111831665
YGR113W,YGL027C,0,0.8405156,0.10202045738697052,0.3936477303504944,0.3614094853401184
YCL008C,YCR027C,1,0.8404595,0.10224439203739166,0.394610196352005,0.3614094853401184
YBL030C,YMR054W,1,0.8404059,0.10246821492910385,0.3955726623535156,0.3614094853401184
YNL016W,YKL193C,0,0.8404008,0.1024426743388176,0.3955726623535156,0.36150988936424255
YNR002C,YMR054W,1,0.8403724,0.10266633331775665,0.39653512835502625,0.36150988936424255
YDR516C,YKR069W,0,0.8402792,0.10264075547456741,0.39653512835502625,0.3616102933883667
YFL022C,YML059C,0,0.8402719,0.10261519253253937,0.39653512835502625,0.36171066761016846
YOR231W,YLR383W,0,0.8401977,0.10258964449167252,0.39653512835502625,0.3618110716342926
YFR038W,YGL236C,0,0.8401929,0.10256410390138626,0.39653512835502625,0.36191144585609436
YPR152C,YDR179C,0,0.83994436,0.1025385782122612,0.39653512835502625,0.3620118498802185
YML011C,YKL170W,0,0.83991265,0.10251305997371674,0.39653512835502625,0.36211222410202026
YJR099W,YLR037C,0,0.8399063,0.10248756408691406,0.39653512835502625,0.3622126281261444
YKR042W,YJL116C,0,0.8398176,0.10246207565069199,0.39653512835502625,0.36231303215026855
YLR075W,YOL001W,0,0.83968115,0.1024366021156311,0.39653512835502625,0.3624134063720703
YLL051C,YJL117W,1,0.8396351,0.10265970975160599,0.39749759435653687,0.3624134063720703
YDL044C,YER017C,0,0.83951473,0.10263419151306152,0.39749759435653687,0.36251381039619446
YHR115C,YER183C,0,0.839381,0.10260869562625885,0.39749759435653687,0.3626141846179962
YIL170W,YGL121C,0,0.8393391,0.10258320719003677,0.39749759435653687,0.36271458864212036
YCR088W,YHR176W,0,0.8393301,0.10255773365497589,0.39749759435653687,0.3628149926662445
YLR310C,YBR268W,0,0.8392955,0.1025322750210762,0.39749759435653687,0.36291536688804626
YJL198W,YDL120W,1,0.8392822,0.10275502502918243,0.3984600603580475,0.36291536688804626
YJL035C,YLR037C,0,0.83928096,0.10272952914237976,0.3984600603580475,0.3630157709121704
YJR064W,YER179W,0,0.83927894,0.10270404070615768,0.3984600603580475,0.36311614513397217
YGL179C,YLR340W,0,0.8392297,0.1026785746216774,0.3984600603580475,0.3632165491580963
YKL191W,YER078C,0,0.839126,0.10265310853719711,0.3984600603580475,0.36331692337989807
YKL006W,YFL034C-A,0,0.83900714,0.10262766480445862,0.3984600603580475,0.3634173274040222
YDR059C,YBR261C,0,0.8389868,0.10260222852230072,0.3984600603580475,0.36351773142814636
YFR014C,YIL117C,0,0.83896476,0.10257680714130402,0.3984600603580475,0.3636181056499481
YLL005C,YPL200W,0,0.83894616,0.1025514006614685,0.3984600603580475,0.36371850967407227
YKL209C,YEL055C,0,0.83894455,0.10252600163221359,0.3984600603580475,0.363818883895874
YPL212C,YEL005C,0,0.8388496,0.10250061750411987,0.3984600603580475,0.36391928791999817
YKL176C,YOL130W,0,0.8387898,0.10247524827718735,0.3984600603580475,0.3640196621417999
YJR077C,YJL137C,0,0.8387886,0.10244988650083542,0.3984600603580475,0.3641200661659241
YDR043C,YGL093W,0,0.8387525,0.10242453962564468,0.3984600603580475,0.3642204701900482
YBL025W,YBR083W,0,0.83863044,0.10239920765161514,0.3984600603580475,0.36432084441185
YOR126C,YML057W,0,0.83855295,0.1023738905787468,0.3984600603580475,0.3644212484359741
YFL005W,YPL096W,0,0.83853227,0.10234858095645905,0.3984600603580475,0.3645216226577759
YOL041C,YER007C-A,0,0.8384882,0.10232327878475189,0.3984600603580475,0.3646220266819
YNR032W,YPL139C,0,0.83847106,0.10229799896478653,0.3984600603580475,0.36472243070602417
YBR203W,YGL187C,0,0.8384056,0.10227272659540176,0.3984600603580475,0.3648228049278259
YNL106C,YKL012W,0,0.8383942,0.10224746912717819,0.3984600603580475,0.3649232089519501
YPL006W,YOR372C,0,0.8383436,0.10222221910953522,0.3984600603580475,0.36502358317375183
YBR275C,YDR406W,0,0.8382542,0.10219699144363403,0.3984600603580475,0.365123987197876
YOR202W,YDR200C,0,0.83811617,0.10217176377773285,0.3984600603580475,0.36522436141967773
YDR113C,YDR226W,0,0.8381046,0.10214655846357346,0.3984600603580475,0.3653247654438019
YLR350W,YDL150W,0,0.8381001,0.10212136059999466,0.3984600603580475,0.365425169467926
YNL030W,YBR211C,0,0.8380629,0.10209617763757706,0.3984600603580475,0.3655255436897278
YHR200W,YPR046W,0,0.8379506,0.10207100957632065,0.3984600603580475,0.36562594771385193
YFL056C,YGR152C,0,0.83786726,0.10204584896564484,0.3984600603580475,0.3657263219356537
YOR030W,YIL009W,0,0.8377421,0.10202070325613022,0.3984600603580475,0.36582672595977783
YKR008W,YOR380W,0,0.8377369,0.1019955649971962,0.3984600603580475,0.365927129983902
YML006C,YDR082W,0,0.8377228,0.10197044163942337,0.3984600603580475,0.36602750420570374
YJR078W,YBR046C,0,0.83771735,0.10194533318281174,0.3984600603580475,0.3661279082298279
YOR192C,YOR388C,0,0.8376573,0.1019202396273613,0.3984600603580475,0.36622828245162964
YDR464W,YMR153W,0,0.83761424,0.10189515352249146,0.3984600603580475,0.3663286864757538
YGR057C,YKL185W,0,0.83757055,0.1018700823187828,0.3984600603580475,0.36642906069755554
YBL007C,YLR187W,0,0.83756477,0.10184501856565475,0.3984600603580475,0.3665294647216797
YKL167C,YNL145W,0,0.8375035,0.1018199697136879,0.3984600603580475,0.36662986874580383
YIL098C,YLR006C,0,0.837415,0.10179493576288223,0.3984600603580475,0.3667302429676056
YJL079C,YPR003C,0,0.8373065,0.10176990926265717,0.3984600603580475,0.36683064699172974
YJL184W,YBR188C,0,0.8371702,0.10174489766359329,0.3984600603580475,0.3669310212135315
YOR219C,YMR318C,0,0.8371496,0.10171990096569061,0.3984600603580475,0.36703142523765564
YLR208W,YDR306C,0,0.8371477,0.10169491171836853,0.3984600603580475,0.3671317994594574
YLL055W,YPL244C,1,0.837137,0.10191552340984344,0.3994225263595581,0.3671317994594574
YJL047C,YOL049W,0,0.8371348,0.10189049690961838,0.3994225263595581,0.36723220348358154
YOR198C,YNL336W,0,0.83704835,0.1018654853105545,0.3994225263595581,0.3673326075077057
YFL025C,YGR264C,0,0.8370382,0.10184048861265182,0.3994225263595581,0.36743298172950745
YKL132C,YMR156C,0,0.8369852,0.10181550681591034,0.3994225263595581,0.3675333857536316
YJR073C,YDR301W,0,0.83698153,0.10179053246974945,0.3994225263595581,0.36763375997543335
YNL093W,YGR112W,0,0.8367809,0.10176557302474976,0.3994225263595581,0.3677341639995575
YEL042W,YAL017W,0,0.83675456,0.10174062103033066,0.3994225263595581,0.36783456802368164
YDR371W,YDL045C,0,0.8366621,0.10171568393707275,0.3994225263595581,0.3679349422454834
YPL248C,YLL029W,0,0.83666044,0.10169076174497604,0.3994225263595581,0.36803534626960754
YPL187W,YPR160W,0,0.8366383,0.10166584700345993,0.3994225263595581,0.3681357204914093
YHR201C,YBL018C,0,0.8366301,0.10164094716310501,0.3994225263595581,0.36823612451553345
YCR028C-A,YER098W,0,0.8366103,0.10161606222391129,0.3994225263595581,0.3683364987373352
YAL024C,YHR158C,0,0.83645356,0.10159118473529816,0.3994225263595581,0.36843690276145935
YEL030W,YGR171C,0,0.8364099,0.10156632214784622,0.3994225263595581,0.3685373067855835
YOR198C,YGR108W,0,0.8363999,0.10154147446155548,0.3994225263595581,0.36863768100738525
YKL165C,YDR165W,0,0.8363327,0.10151663422584534,0.3994225263595581,0.3687380850315094
YGR192C,YDR270W,1,0.8362938,0.10173636674880981,0.4003849923610687,0.3687380850315094
YJL057C,YGL068W,0,0.83625525,0.10171148926019669,0.4003849923610687,0.36883845925331116
YDL171C,YGL121C,0,0.8362452,0.10168662667274475,0.4003849923610687,0.3689388632774353
YER139C,YNL056W,0,0.8362301,0.10166177898645401,0.4003849923610687,0.36903926730155945
YBR203W,YLR110C,0,0.8362026,0.10163693875074387,0.4003849923610687,0.3691396415233612
YPR068C,YDL054C,0,0.83619237,0.10161211341619492,0.4003849923610687,0.36924004554748535
YER002W,YDR256C,0,0.8359306,0.10158730298280716,0.4003849923610687,0.3693404197692871
YLR417W,YNL321W,1,0.8359009,0.101806640625,0.40134745836257935,0.3693404197692871
YLL041C,YML055W,0,0.8357929,0.10178179293870926,0.40134745836257935,0.36944082379341125
YKL065C,YER063W,0,0.83567584,0.10175695270299911,0.40134745836257935,0.369541198015213
YKL101W,YEL011W,0,0.8355833,0.10173212736845016,0.40134745836257935,0.36964160203933716
YER157W,YPL005W,0,0.8355061,0.10170731693506241,0.40134745836257935,0.3697420060634613
YNR074C,YEL063C,0,0.8354715,0.10168251395225525,0.40134745836257935,0.36984238028526306
YJL003W,YOR110W,0,0.8354423,0.10165772587060928,0.40134745836257935,0.3699427843093872
YGL174W,YNL163C,0,0.8354311,0.10163295269012451,0.40134745836257935,0.37004315853118896
YML067C,YNL312W,0,0.8353619,0.10160818696022034,0.40134745836257935,0.3701435625553131
YOR321W,YNL241C,0,0.83531094,0.10158343613147736,0.40134745836257935,0.37024393677711487
YNL130C,YDR359C,0,0.8352761,0.10155869275331497,0.40134745836257935,0.370344340801239
YBR068C,YDR080W,0,0.8352618,0.10153396427631378,0.40134745836257935,0.37044474482536316
YNL076W,YOL115W,0,0.8352512,0.10150925070047379,0.40134745836257935,0.3705451190471649
YER015W,YLR206W,0,0.83520854,0.10148454457521439,0.40134745836257935,0.37064552307128906
YPL188W,YNL059C,0,0.8351661,0.10145985335111618,0.40134745836257935,0.3707458972930908
YKR024C,YDR461W,0,0.8351611,0.10143517702817917,0.40134745836257935,0.37084630131721497
YBR127C,YPR191W,1,0.83508784,0.10165369510650635,0.40230992436408997,0.37084630131721497
YHR091C,YJL059W,0,0.83506155,0.10162898153066635,0.40230992436408997,0.3709467053413391
YJL216C,YPL262W,0,0.8350198,0.10160427540540695,0.40230992436408997,0.37104707956314087
YDL044C,YFR052W,0,0.8349444,0.10157958418130875,0.40230992436408997,0.371147483587265
YBR211C,YOR178C,0,0.8349344,0.10155490785837173,0.40230992436408997,0.3712478578090668
YNL020C,YGL113W,0,0.8349317,0.10153023898601532,0.40230992436408997,0.3713482618331909
YDL021W,YDL079C,0,0.8348823,0.1015055850148201,0.40230992436408997,0.3714486360549927
YHR178W,YIL016W,0,0.83484465,0.10148093849420547,0.40230992436408997,0.3715490400791168
YGL096W,YPR046W,0,0.83481556,0.10145631432533264,0.40230992436408997,0.37164944410324097
YDR026C,YOR035C,0,0.83475065,0.10143169015645981,0.40230992436408997,0.3717498183250427
YJR137C,YMR242C,0,0.8346937,0.10140708088874817,0.40230992436408997,0.37185022234916687
YML057W,YPR144C,0,0.8346662,0.10138248652219772,0.40230992436408997,0.37195059657096863
YDR204W,YLR102C,0,0.8346652,0.10135790705680847,0.40230992436408997,0.3720510005950928
YHR005C-A,YPL078C,0,0.83462155,0.10133333504199982,0.40230992436408997,0.3721514046192169
YOL040C,YJL003W,0,0.83450896,0.10130877047777176,0.40230992436408997,0.3722517788410187
YGR105W,YDL066W,0,0.8345052,0.10128422826528549,0.40230992436408997,0.3723521828651428
YNL307C,YDR167W,0,0.83445877,0.10125969350337982,0.40230992436408997,0.3724525570869446
YBR126C,YNL221C,0,0.83425975,0.10123516619205475,0.40230992436408997,0.3725529611110687
YNL047C,YAR027W,0,0.8342348,0.10121065378189087,0.40230992436408997,0.3726533353328705
YHL001W,YLR223C,0,0.83415425,0.10118615627288818,0.40230992436408997,0.37275373935699463
YER179W,YIL066C,0,0.8341208,0.1011616662144661,0.40230992436408997,0.3728541433811188
YHR051W,YOR002W,0,0.83411646,0.1011371910572052,0.40230992436408997,0.37295451760292053
YPR034W,YJR140C,0,0.8341093,0.1011127233505249,0.40230992436408997,0.3730549216270447
YLL018C-A,YHR026W,1,0.8340696,0.10133010894060135,0.4032723903656006,0.3730549216270447
YKR026C,YIL069C,0,0.8340355,0.10130561143159866,0.4032723903656006,0.37315529584884644
YOL158C,YHR002W,1,0.8338126,0.10152284055948257,0.4042348265647888,0.37315529584884644
YLR348C,YPR138C,1,0.8337958,0.10173997282981873,0.40519729256629944,0.37315529584884644
YNL232W,YPL131W,0,0.8337724,0.10171539336442947,0.40519729256629944,0.3732556998729706
YEL005C,YMR251W-A,0,0.83373857,0.10169082134962082,0.40519729256629944,0.37335607409477234
YCR046C,YOR349W,0,0.8337041,0.10166626423597336,0.40519729256629944,0.3734564781188965
YLL029W,YGL166W,0,0.8335925,0.10164172202348709,0.40519729256629944,0.37355688214302063
YGR049W,YNR028W,0,0.8335359,0.10161718726158142,0.40519729256629944,0.3736572563648224
YMR168C,YNR023W,0,0.833526,0.10159266740083694,0.40519729256629944,0.37375766038894653
YKL176C,YIL043C,0,0.8334329,0.10156815499067307,0.40519729256629944,0.3738580346107483
YGL025C,YDR527W,0,0.83340585,0.10154365748167038,0.40519729256629944,0.37395843863487244
YDR462W,YAL047C,0,0.8332762,0.10151916742324829,0.40519729256629944,0.3740588426589966
YNL327W,YDL014W,0,0.83322585,0.101494699716568,0.40519729256629944,0.37415921688079834
YML127W,YFR021W,0,0.8331704,0.1014702320098877,0.40519729256629944,0.3742596209049225
YOR077W,YDL198C,0,0.8331146,0.10144578665494919,0.40519729256629944,0.37435999512672424
YEL012W,YBL085W,0,0.8329459,0.10142134130001068,0.40519729256629944,0.3744603991508484
YDR296W,YBL018C,0,0.83291465,0.10139691829681396,0.40519729256629944,0.37456077337265015
YGL167C,YBR132C,1,0.83289206,0.10161329060792923,0.40615975856781006,0.37456077337265015
YBL099W,YJL005W,0,0.8328268,0.10158883035182953,0.40615975856781006,0.3746611773967743
YLR035C,YMR180C,0,0.8327988,0.10156437754631042,0.40615975856781006,0.37476158142089844
YLR164W,YGL029W,0,0.8327813,0.10153993964195251,0.40615975856781006,0.3748619556427002
YCL025C,YPL244C,1,0.8327697,0.10175607353448868,0.4071222245693207,0.3748619556427002
YLR404W,YER050C,0,0.83259517,0.10173159837722778,0.4071222245693207,0.37496235966682434
YPL104W,YER031C,0,0.83256954,0.10170713812112808,0.4071222245693207,0.3750627338886261
YLR405W,YEL003W,0,0.8324876,0.10168269276618958,0.4071222245693207,0.37516313791275024
YMR162C,YDL223C,0,0.83248657,0.10165825486183167,0.4071222245693207,0.3752635419368744
YLL002W,YJR053W,0,0.83244187,0.10163383185863495,0.4071222245693207,0.37536391615867615
YGL049C,YAL014C,0,0.8323929,0.10160941630601883,0.4071222245693207,0.3754643201828003
YPL138C,YPL130W,0,0.8323927,0.1015850156545639,0.4071222245693207,0.37556469440460205
YOR032C,YOR375C,0,0.83233523,0.10156062245368958,0.4071222245693207,0.3756650984287262
YOR074C,YMR117C,0,0.83230954,0.10153624415397644,0.4071222245693207,0.37576547265052795
YJL081C,YER177W,0,0.8322975,0.1015118807554245,0.4071222245693207,0.3758658766746521
YPL087W,YDL175C,0,0.8322085,0.10148752480745316,0.4071222245693207,0.37596628069877625
YCL024W,YOL135C,0,0.8320859,0.101463183760643,0.4071222245693207,0.376066654920578
YLR417W,YDL243C,0,0.8319118,0.10143885016441345,0.4071222245693207,0.37616705894470215
YGL208W,YJL083W,0,0.83185804,0.10141453146934509,0.4071222245693207,0.3762674331665039
YHR118C,YMR075W,0,0.83171153,0.10139022022485733,0.4071222245693207,0.37636783719062805
YDR198C,YBR088C,0,0.8315617,0.10136592388153076,0.4071222245693207,0.3764682114124298
YOL034W,YML066C,0,0.83153856,0.10134164243936539,0.4071222245693207,0.37656861543655396
YNL044W,YHR082C,0,0.8314227,0.10131736844778061,0.4071222245693207,0.3766690194606781
YHR014W,YKL160W,0,0.8311852,0.10129310190677643,0.4071222245693207,0.37676939368247986
YDR470C,YOR368W,0,0.8310971,0.10126885026693344,0.4071222245693207,0.376869797706604
YGL196W,YIL135C,0,0.83106697,0.10124461352825165,0.4071222245693207,0.37697017192840576
YLR316C,YLL006W,0,0.8310629,0.10122038424015045,0.4071222245693207,0.3770705759525299
YKR105C,YPL265W,1,0.8310368,0.10143540799617767,0.4080846905708313,0.3770705759525299
YLR431C,YNL111C,0,0.8309058,0.10141114890575409,0.4080846905708313,0.37717097997665405
YPR173C,YNL148C,0,0.83090055,0.1013868972659111,0.4080846905708313,0.3772713541984558
YJL110C,YNL164C,0,0.83087313,0.10136266052722931,0.4080846905708313,0.37737175822257996
YMR236W,YOL104C,0,0.83082294,0.10133843123912811,0.4080846905708313,0.3774721324443817
YIL076W,YOL097C,0,0.83082056,0.10131421685218811,0.4080846905708313,0.37757253646850586
YDR097C,YLR244C,0,0.8308062,0.1012900173664093,0.4080846905708313,0.3776729106903076
YLR205C,YBR302C,0,0.83076274,0.10126582533121109,0.4080846905708313,0.37777331471443176
YGL125W,YER050C,0,0.8307592,0.10124164074659348,0.4080846905708313,0.3778737187385559
YGL201C,YBR218C,0,0.83068806,0.10121747106313705,0.4080846905708313,0.37797409296035767
YMR197C,YLL061W,0,0.8305156,0.10119331628084183,0.4080846905708313,0.3780744969844818
YMR194W,YJL001W,0,0.8304825,0.1011691689491272,0.4080846905708313,0.37817487120628357
YPR075C,YBL101C,0,0.83038425,0.10114503651857376,0.4080846905708313,0.3782752752304077
YBR044C,YOR001W,0,0.8303633,0.10112091898918152,0.4080846905708313,0.37837567925453186
YKL008C,YOR301W,0,0.8302532,0.10109680145978928,0.4080846905708313,0.3784760534763336
YPL024W,YNL008C,0,0.8302218,0.10107270628213882,0.4080846905708313,0.37857645750045776
YPR006C,YIL079C,0,0.8301928,0.10104861855506897,0.4080846905708313,0.3786768317222595
YGL144C,YBR295W,0,0.8301623,0.10102453827857971,0.4080846905708313,0.37877723574638367
YLR215C,YGR253C,0,0.83015954,0.10100047290325165,0.4080846905708313,0.3788776099681854
YER002W,YIL005W,0,0.83008665,0.10097642242908478,0.4080846905708313,0.37897801399230957
YPL248C,YBR120C,0,0.8300669,0.1009523794054985,0.4080846905708313,0.3790784180164337
YMR177W,YBR298C,1,0.8300358,0.10116638988256454,0.4090471565723419,0.3790784180164337
YOR089C,YGL125W,0,0.83002716,0.10114230960607529,0.4090471565723419,0.3791787922382355
YDR446W,YJL127C,0,0.8299964,0.10111825168132782,0.4090471565723419,0.3792791962623596
YFR001W,YER176W,0,0.8297988,0.10109419375658035,0.4090471565723419,0.3793795704841614
YGL068W,YMR005W,0,0.8297337,0.10107015818357468,0.4090471565723419,0.3794799745082855
YML132W,YML008C,0,0.82971835,0.101046122610569,0.4090471565723419,0.3795803487300873
YCR091W,YBR010W,0,0.82959044,0.10102210938930511,0.4090471565723419,0.3796807527542114
YDR194C,YGL122C,0,0.82953876,0.10099809616804123,0.4090471565723419,0.37978115677833557
YMR081C,YOR101W,0,0.8295254,0.10097410529851913,0.4090471565723419,0.37988153100013733
YKL087C,YGL224C,0,0.8294778,0.10095012187957764,0.4090471565723419,0.3799819350242615
YIL068C,YDR045C,0,0.82943964,0.10092614591121674,0.4090471565723419,0.38008230924606323
YJL168C,YPR007C,0,0.82937825,0.10090218484401703,0.4090471565723419,0.3801827132701874
YDR062W,YML029W,0,0.8292235,0.10087823122739792,0.4090471565723419,0.3802831172943115
YMR319C,YPR036W,1,0.8292091,0.10109160095453262,0.41000962257385254,0.3802831172943115
YGR003W,YPL141C,0,0.82919633,0.10106761753559113,0.41000962257385254,0.3803834915161133
YKL138C,YOR323C,0,0.82917047,0.10104364156723022,0.41000962257385254,0.3804838955402374
YMR260C,YAL028W,0,0.8291174,0.10101968050003052,0.41000962257385254,0.3805842697620392
YJL098W,YPR191W,1,0.8290503,0.10123281180858612,0.41097208857536316,0.3805842697620392
YJL172W,YAL009W,0,0.8290005,0.10120882093906403,0.41097208857536316,0.38068467378616333
YGL017W,YPL237W,0,0.82899404,0.10118483752012253,0.41097208857536316,0.3807850480079651
YGR202C,YJL082W,0,0.8289453,0.10116086155176163,0.41097208857536316,0.38088545203208923
YIL170W,YPR180W,0,0.8289169,0.10113690048456192,0.41097208857536316,0.3809858560562134
YLR077W,YNR017W,0,0.8288848,0.10111295431852341,0.41097208857536316,0.38108623027801514
YPR001W,YPL013C,0,0.82886106,0.10108901560306549,0.41097208857536316,0.3811866343021393
YOR234C,YOR393W,0,0.8287368,0.10106509178876877,0.41097208857536316,0.38128700852394104
YKR025W,YLR432W,0,0.82862866,0.10104117542505264,0.41097208857536316,0.3813874125480652
YKR027W,YBL046W,0,0.82862175,0.10101726651191711,0.41097208857536316,0.38148781657218933
YPR133C,YIL020C,0,0.8285314,0.10099337995052338,0.41097208857536316,0.3815881907939911
YHR083W,YLR117C,0,0.8284801,0.10096949338912964,0.41097208857536316,0.38168859481811523
YKL013C,YGL255W,0,0.8284453,0.10094562917947769,0.41097208857536316,0.381788969039917
YBR114W,YER016W,0,0.8283938,0.10092176496982574,0.41097208857536316,0.38188937306404114
YFR040W,YNR039C,1,0.82839096,0.10113421827554703,0.4119345545768738,0.38188937306404114
YHR035W,YBR102C,0,0.8283759,0.10111032426357269,0.4119345545768738,0.3819897472858429
YLR378C,YGR056W,0,0.82833666,0.10108644515275955,0.4119345545768738,0.38209015130996704
YLR174W,YOR074C,0,0.82831556,0.10106257349252701,0.4119345545768738,0.3821905553340912
YMR052W,YLR383W,0,0.82826185,0.10103871673345566,0.4119345545768738,0.38229092955589294
YNL287W,YMR304W,0,0.8282512,0.1010148674249649,0.4119345545768738,0.3823913335800171
YLR193C,YDR216W,0,0.8282206,0.10099103301763535,0.4119345545768738,0.38249170780181885
YDR527W,YFR034C,0,0.828141,0.10096720606088638,0.4119345545768738,0.382592111825943
YMR246W,YML030W,1,0.82809573,0.10117924213409424,0.4128970205783844,0.382592111825943
YEL005C,YNL336W,0,0.8280641,0.10115538537502289,0.4128970205783844,0.38269248604774475
YOR180C,YMR231W,0,0.82803905,0.10113154351711273,0.4128970205783844,0.3827928900718689
YOL076W,YOR363C,0,0.82803,0.10110770910978317,0.4128970205783844,0.38289329409599304
YHR110W,YBR028C,0,0.828002,0.10108388215303421,0.4128970205783844,0.3829936683177948
YIL140W,YKL018W,0,0.82795095,0.10106007009744644,0.4128970205783844,0.38309407234191895
YML023C,YKR052C,0,0.8279103,0.10103627294301987,0.4128970205783844,0.3831944465637207
YDR492W,YHR143W-A,0,0.82781494,0.10101247578859329,0.4128970205783844,0.38329485058784485
YDL066W,YGR049W,0,0.8278025,0.10098870098590851,0.4128970205783844,0.383395254611969
YLR095C,YMR170C,0,0.8277681,0.10096493363380432,0.4128970205783844,0.38349562883377075
YDR541C,YNL282W,0,0.8277617,0.10094117373228073,0.4128970205783844,0.3835960328578949
YNL047C,YGL078C,0,0.82773113,0.10091742873191833,0.4128970205783844,0.38369640707969666
YKR036C,YNL297C,0,0.8277305,0.10089369863271713,0.4128970205783844,0.3837968111038208
YER141W,YGR074W,0,0.82770634,0.10086997598409653,0.4128970205783844,0.38389718532562256
YBR034C,YAL019W,0,0.8276142,0.10084626078605652,0.4128970205783844,0.3839975893497467
YLR083C,YBR127C,1,0.827548,0.10105758160352707,0.413859486579895,0.3839975893497467
YDR518W,YER040W,0,0.82751155,0.10103383660316467,0.413859486579895,0.38409799337387085
YIR031C,YOR173W,0,0.82746756,0.10101009905338287,0.413859486579895,0.3841983675956726
YKL084W,YDL128W,0,0.8274542,0.10098637640476227,0.413859486579895,0.38429877161979675
YMR167W,YPR061C,0,0.82745075,0.10096266865730286,0.413859486579895,0.3843991458415985
YOR030W,YER018C,0,0.8273725,0.10093896836042404,0.413859486579895,0.38449954986572266
YDL235C,YOR266W,0,0.8272593,0.10091527551412582,0.413859486579895,0.3845999538898468
YNR036C,YNL065W,0,0.82720196,0.1008915975689888,0.413859486579895,0.38470032811164856
YFL001W,YNR049C,0,0.82714355,0.10086793452501297,0.413859486579895,0.3848007321357727
YGL104C,YJL144W,0,0.8271344,0.10084427893161774,0.413859486579895,0.38490110635757446
YLR360W,YNL220W,0,0.8270966,0.1008206307888031,0.413859486579895,0.3850015103816986
YDL122W,YEL052W,0,0.8270555,0.10079699754714966,0.413859486579895,0.38510188460350037
YER167W,YOR375C,0,0.82704425,0.10077337920665741,0.413859486579895,0.3852022886276245
YNL284C,YGR165W,0,0.82701164,0.10074976831674576,0.413859486579895,0.38530269265174866
YBR221C,YBL113C,0,0.82700884,0.1007261648774147,0.413859486579895,0.3854030668735504
YOL113W,YAL047C,0,0.8269881,0.10070257633924484,0.413859486579895,0.38550347089767456
YNL116W,YDR513W,0,0.8269822,0.10067899525165558,0.413859486579895,0.3856038451194763
YKL144C,YDR186C,0,0.8268912,0.10065542906522751,0.413859486579895,0.38570424914360046
YKR010C,YMR055C,0,0.82687443,0.10063187777996063,0.413859486579895,0.3858046233654022
YJL100W,YGL172W,0,0.8268286,0.10060832649469376,0.413859486579895,0.38590502738952637
YNL090W,YGR282C,0,0.8267306,0.10058479756116867,0.413859486579895,0.3860054314136505
YOR382W,YLR309C,0,0.8266721,0.10056126862764359,0.413859486579895,0.38610580563545227
YGL054C,YBR081C,0,0.82662165,0.10053776204586029,0.413859486579895,0.3862062096595764
YPL084W,YDR175C,0,0.82660973,0.100514255464077,0.413859486579895,0.3863065838813782
YNL067W,YGL125W,0,0.82659304,0.10049077123403549,0.413859486579895,0.3864069879055023
YPL213W,YDL188C,0,0.82653,0.10046728700399399,0.413859486579895,0.38650739192962646
YDR289C,YNR059W,0,0.8262721,0.10044382512569427,0.413859486579895,0.3866077661514282
YLR166C,YMR195W,0,0.8262572,0.10042036324739456,0.413859486579895,0.38670817017555237
YJR001W,YNR006W,1,0.82624114,0.10063040256500244,0.41482195258140564,0.38670817017555237
YIL069C,YPR119W,0,0.8262166,0.10060691088438034,0.41482195258140564,0.3868085443973541
YBL009W,YER026C,0,0.8261518,0.10058343410491943,0.41482195258140564,0.38690894842147827
YGR055W,YMR011W,1,0.8261375,0.1007932797074318,0.41578441858291626,0.38690894842147827
YGR040W,YDL052C,0,0.82581127,0.1007697656750679,0.41578441858291626,0.38700932264328003
YOR192C,YLR130C,1,0.82581115,0.10097947716712952,0.4167468845844269,0.38700932264328003
YDL004W,YIL047C,1,0.82572925,0.10118909180164337,0.4177093505859375,0.38700932264328003
YBL052C,YNL282W,0,0.82572293,0.10116550326347351,0.4177093505859375,0.3871097266674042
YMR123W,YIL142W,0,0.82571936,0.10114192217588425,0.4177093505859375,0.3872101306915283
YKL008C,YML109W,0,0.82571185,0.10111836344003677,0.4177093505859375,0.3873105049133301
YHR134W,YBR081C,0,0.8257117,0.1010948047041893,0.4177093505859375,0.3874109089374542
YJL051W,YOR298W,0,0.8257017,0.10107126086950302,0.4177093505859375,0.387511283159256
YIL036W,YOL137W,0,0.82559586,0.10104773193597794,0.4177093505859375,0.3876116871833801
YKR102W,YBL018C,0,0.82559067,0.10102421045303345,0.4177093505859375,0.3877120912075043
YDR062W,YML025C,0,0.82551074,0.10100069642066956,0.4177093505859375,0.38781246542930603
YFR050C,YNL182C,0,0.82550913,0.10097719728946686,0.4177093505859375,0.3879128694534302
YAR014C,YGR276C,0,0.8254925,0.10095371305942535,0.4177093505859375,0.38801324367523193
YNL180C,YLR163C,0,0.82543325,0.10093023627996445,0.4177093505859375,0.3881136476993561
YOR136W,YPR052C,0,0.82538044,0.10090676695108414,0.4177093505859375,0.38821402192115784
YJL149W,YKL001C,0,0.82520497,0.10088331252336502,0.4177093505859375,0.388314425945282
YOR133W,YLR291C,0,0.8251668,0.1008598655462265,0.4177093505859375,0.38841482996940613
YIL103W,YJL116C,0,0.82515055,0.10083643347024918,0.4177093505859375,0.3885152041912079
YHR118C,YBR195C,0,0.8251133,0.10081300884485245,0.4177093505859375,0.38861560821533203
YNL064C,YHR211W,0,0.82507217,0.10078959912061691,0.4177093505859375,0.3887159824371338
YOR264W,YBR193C,0,0.8250354,0.10076619684696198,0.4177093505859375,0.38881638646125793
YNL152W,YMR105C,0,0.8250308,0.10074280202388763,0.4177093505859375,0.3889167606830597
YOR157C,YML028W,0,0.82495487,0.10071942210197449,0.4177093505859375,0.38901716470718384
YLR355C,YOL130W,0,0.8248583,0.10069605708122253,0.4177093505859375,0.389117568731308
YER007C-A,YLR089C,0,0.82462597,0.10067269951105118,0.4177093505859375,0.38921794295310974
YMR164C,YPR065W,0,0.824619,0.10064934939146042,0.4177093505859375,0.3893183469772339
YKR100C,YEL046C,0,0.8245796,0.10062601417303085,0.4177093505859375,0.38941872119903564
YER154W,YDL059C,0,0.8245492,0.10060268640518188,0.4177093505859375,0.3895191252231598
YNL026W,YDR217C,0,0.82451975,0.10057937353849411,0.4177093505859375,0.38961952924728394
YML064C,YER117W,0,0.8245193,0.10055606812238693,0.4177093505859375,0.3897199034690857
YDR163W,YMR195W,0,0.824492,0.10053277760744095,0.4177093505859375,0.38982030749320984
YBL099W,YBR172C,0,0.8244328,0.10050949454307556,0.4177093505859375,0.3899206817150116
YGR258C,YJL082W,0,0.82436657,0.10048622637987137,0.4177093505859375,0.39002108573913574
YJR014W,YLR118C,0,0.82432556,0.10046296566724777,0.4177093505859375,0.3901214599609375
YCR069W,YOR264W,0,0.8241926,0.10043971240520477,0.4177093505859375,0.39022186398506165
YJR057W,YGR281W,0,0.824077,0.10041647404432297,0.4177093505859375,0.3903222680091858
YDR395W,YPR181C,0,0.8240482,0.10039324313402176,0.4177093505859375,0.39042264223098755
YOR136W,YGL208W,0,0.8240411,0.10037002712488174,0.4177093505859375,0.3905230462551117
YIL073C,YHL006C,0,0.8239543,0.10034681856632233,0.4177093505859375,0.39062342047691345
YOL091W,YJL179W,0,0.82394695,0.1003236249089241,0.4177093505859375,0.3907238245010376
YLR378C,YDR216W,0,0.823889,0.10030043870210648,0.4177093505859375,0.39082422852516174
YKL074C,YPL043W,0,0.82385314,0.10027726739645004,0.4177093505859375,0.3909246027469635
YGL167C,YER167W,0,0.8238195,0.1002541035413742,0.4177093505859375,0.39102500677108765
YGL195W,YNL008C,0,0.82365286,0.10023094713687897,0.4177093505859375,0.3911253809928894
YDL046W,YFL017W-A,0,0.8236232,0.10020780563354492,0.4177093505859375,0.39122578501701355
YNR018W,YNL160W,0,0.8235547,0.10018467158079147,0.4177093505859375,0.3913261592388153
YML062C,YBR057C,0,0.82347786,0.10016155242919922,0.4177093505859375,0.39142656326293945
YNR032W,YNL048W,0,0.82341003,0.10013844072818756,0.4177093505859375,0.3915269672870636
YDL093W,YJR042W,0,0.82335436,0.1001153439283371,0.4177093505859375,0.39162734150886536
YDR477W,YMR024W,0,0.82326573,0.10009225457906723,0.4177093505859375,0.3917277455329895
YPR056W,YNL082W,0,0.8231436,0.10006917268037796,0.4177093505859375,0.39182811975479126
YDL058W,YCR063W,0,0.82312894,0.10004610568284988,0.4177093505859375,0.3919285237789154
YJL091C,YDR463W,0,0.82312083,0.1000230461359024,0.4177093505859375,0.39202889800071716
YHR079C,YNL021W,0,0.8230602,0.10000000149011612,0.4177093505859375,0.3921293020248413
YGL255W,YBR298C,1,0.82300353,0.10020732879638672,0.41867178678512573,0.3921293020248413
YDR043C,YKL112W,0,0.8227765,0.10018424689769745,0.41867178678512573,0.39222970604896545
YJL214W,YGR243W,1,0.8226699,0.1003914326429367,0.41963425278663635,0.39222970604896545
YKL096W,YMR313C,0,0.82265794,0.10036832094192505,0.41963425278663635,0.3923300802707672
YLL005C,YOR192C,1,0.82233894,0.10057537257671356,0.420596718788147,0.3923300802707672
YDR027C,YGL026C,0,0.8223388,0.10055223107337952,0.420596718788147,0.39243048429489136
YPL003W,YLR398C,0,0.8223155,0.10052909702062607,0.420596718788147,0.3925308585166931
YCR024C-A,YOR195W,0,0.8223073,0.10050597786903381,0.420596718788147,0.39263126254081726
YOR101W,YPL082C,0,0.82230175,0.10048286616802216,0.420596718788147,0.3927316665649414
YDR441C,YGR181W,0,0.8221192,0.10045976936817169,0.420596718788147,0.39283204078674316
YDL139C,YPR037C,0,0.8221105,0.10043668001890182,0.420596718788147,0.3929324448108673
YFL056C,YLR378C,0,0.82205987,0.10041360557079315,0.420596718788147,0.39303281903266907
YOR393W,YNL072W,0,0.8220491,0.10039053857326508,0.420596718788147,0.3931332230567932
YPL211W,YPR180W,0,0.8220397,0.1003674790263176,0.420596718788147,0.39323359727859497
YBR015C,YML075C,0,0.82190394,0.10034443438053131,0.420596718788147,0.3933340013027191
YBR135W,YHR079C,0,0.82189,0.10032139718532562,0.420596718788147,0.39343440532684326
YIR013C,YCL038C,0,0.821878,0.10029836744070053,0.420596718788147,0.393534779548645
YLR259C,YFR042W,0,0.82175124,0.10027535259723663,0.420596718788147,0.39363518357276917
YNL075W,YDR064W,0,0.8217399,0.10025235265493393,0.420596718788147,0.3937355577945709
YPL042C,YGR171C,0,0.8216897,0.10022936016321182,0.420596718788147,0.39383596181869507
YCR091W,YGL246C,0,0.82159823,0.10020637512207031,0.420596718788147,0.3939363658428192
YLR308W,YGR256W,0,0.8215431,0.10018340498209,0.420596718788147,0.39403674006462097
YAR033W,YCR071C,0,0.8215084,0.10016044229269028,0.420596718788147,0.3941371440887451
YOR241W,YPR169W,0,0.8215046,0.10013748705387115,0.420596718788147,0.3942375183105469
YAL030W,YHR133C,0,0.8214301,0.10011454671621323,0.420596718788147,0.394337922334671
YBR078W,YBR202W,0,0.82141864,0.1000916138291359,0.420596718788147,0.3944382965564728
YER040W,YER075C,0,0.8213264,0.10006869584321976,0.420596718788147,0.3945387005805969
YBR085W,YJR106W,1,0.8212724,0.10027472674846649,0.4215591847896576,0.3945387005805969
YHR113W,YBR281C,0,0.82124364,0.10025177150964737,0.4215591847896576,0.39463910460472107
YGR090W,YNL177C,0,0.82095754,0.10022883117198944,0.4215591847896576,0.3947394788265228
YLL014W,YHR141C,0,0.82092804,0.1002059057354927,0.4215591847896576,0.394839882850647
YJR070C,YDR383C,0,0.82080424,0.10018298029899597,0.4215591847896576,0.39494025707244873
YLR038C,YJL214W,1,0.8207997,0.10038875043392181,0.4225216507911682,0.39494025707244873
YER178W,YKL113C,0,0.82078004,0.10036579519510269,0.4225216507911682,0.3950406610965729
YDR394W,YGR206W,0,0.8207631,0.10034285485744476,0.4225216507911682,0.39514103531837463
YNL023C,YMR216C,0,0.8207154,0.10031992942094803,0.4225216507911682,0.3952414393424988
YGR024C,YKL067W,0,0.8207108,0.1002970039844513,0.4225216507911682,0.3953418433666229
YJL095W,YGL156W,0,0.82065606,0.10027410089969635,0.4225216507911682,0.3954422175884247
YDR377W,YNL003C,1,0.82059765,0.10047955811023712,0.42348411679267883,0.3954422175884247
YOR077W,YGR081C,0,0.82058024,0.1004566177725792,0.42348411679267883,0.39554262161254883
YNL107W,YLR394W,0,0.82052535,0.10043369233608246,0.42348411679267883,0.3956429958343506
YOR327C,YLR025W,0,0.82045186,0.10041077435016632,0.42348411679267883,0.39574339985847473
YPL097W,YOR147W,0,0.8202431,0.10038786381483078,0.42348411679267883,0.3958438038825989
YDL207W,YMR202W,0,0.82019925,0.10036496073007584,0.42348411679267883,0.39594417810440063
YNL318C,YIL006W,1,0.82016087,0.10057012736797333,0.42444658279418945,0.39594417810440063
YLR372W,YOR237W,0,0.8200876,0.100547194480896,0.42444658279418945,0.3960445821285248
YAL030W,YLR336C,0,0.82007533,0.10052427649497986,0.42444658279418945,0.39614495635032654
YDR145W,YMR305C,0,0.82002246,0.10050136595964432,0.42444658279418945,0.3962453603744507
YOR189W,YGL026C,0,0.8198715,0.10047847032546997,0.42444658279418945,0.39634573459625244
YER062C,YNL230C,0,0.8198389,0.10045558214187622,0.42444658279418945,0.3964461386203766
YPL215W,YLR116W,0,0.81975484,0.10043270140886307,0.42444658279418945,0.39654654264450073
YKR099W,YMR106C,0,0.81971675,0.10040983557701111,0.42444658279418945,0.3966469168663025
YHL027W,YMR065W,0,0.81957626,0.10038697719573975,0.42444658279418945,0.39674732089042664
YHL022C,YBR236C,0,0.81953454,0.10036413371562958,0.42444658279418945,0.3968476951122284
YIL041W,YOR098C,0,0.8194946,0.1003412976861,0.42444658279418945,0.39694809913635254
YBR243C,YER033C,0,0.8194518,0.10031846910715103,0.42444658279418945,0.3970485031604767
YPL100W,YMR231W,0,0.8194021,0.10029565542936325,0.42444658279418945,0.39714887738227844
YBR095C,YLR319C,0,0.81939155,0.10027284920215607,0.42444658279418945,0.3972492814064026
YOL023W,YBL002W,0,0.819306,0.10025005787611008,0.42444658279418945,0.39734965562820435
YER032W,YER026C,0,0.8192533,0.10022727400064468,0.42444658279418945,0.3974500596523285
YMR146C,YBR118W,0,0.8192097,0.10020449757575989,0.42444658279418945,0.39755043387413025
YOL088C,YPL270W,0,0.81906337,0.10018173605203629,0.42444658279418945,0.3976508378982544
YEL005C,YLR248W,0,0.81903774,0.10015898197889328,0.42444658279418945,0.39775124192237854
YHR176W,YDR246W,0,0.81899107,0.10013624280691147,0.42444658279418945,0.3978516161441803
YOR226C,YNL059C,0,0.8189375,0.10011351108551025,0.42444658279418945,0.39795202016830444
YOR205C,YJR064W,0,0.81886405,0.10009078681468964,0.42444658279418945,0.3980523943901062
YPR145W,YKL190W,0,0.8187616,0.10006806999444962,0.42444658279418945,0.39815279841423035
YJR125C,YPL221W,0,0.8187387,0.10004537552595139,0.42444658279418945,0.3982531726360321
YHR018C,YOR009W,0,0.81871015,0.10002268105745316,0.42444658279418945,0.39835357666015625
YPR020W,YEL062W,1,0.8185874,0.1002267599105835,0.4254090487957001,0.39835357666015625
YGR192C,YNL216W,0,0.81856465,0.10020403563976288,0.4254090487957001,0.3984539806842804
YMR168C,YGL070C,0,0.81844676,0.10018132627010345,0.4254090487957001,0.39855435490608215
YER151C,YER018C,0,0.81842613,0.10015862435102463,0.4254090487957001,0.3986547589302063
YBR295W,YBR061C,0,0.81837404,0.1001359298825264,0.4254090487957001,0.39875513315200806
YNR060W,YDR254W,0,0.8183584,0.10011325031518936,0.4254090487957001,0.3988555371761322
YML055W,YOR334W,0,0.8183242,0.10009057819843292,0.4254090487957001,0.39895594120025635
YDR529C,YOR381W,1,0.81831676,0.1002943143248558,0.4263715147972107,0.39895594120025635
YPR066W,YCR071C,0,0.81829643,0.10027161240577698,0.4263715147972107,0.3990563154220581
YLR017W,YBR084C-A,0,0.81828177,0.10024892538785934,0.4263715147972107,0.39915671944618225
YIL097W,YER087C-B,0,0.81823987,0.10022624582052231,0.4263715147972107,0.399257093667984
YDL054C,YPL283C,0,0.8182043,0.10020357370376587,0.4263715147972107,0.39935749769210815
YKL082C,YOR172W,0,0.8181935,0.10018091648817062,0.4263715147972107,0.3994578719139099
YDL239C,YHR057C,0,0.81813645,0.10015826672315598,0.4263715147972107,0.39955827593803406
YLR251W,YMR097C,0,0.8181273,0.10013562440872192,0.4263715147972107,0.3996586799621582
YHR074W,YOR361C,0,0.81811416,0.10011299699544907,0.4263715147972107,0.39975905418395996
YPL233W,YOL010W,0,0.8179524,0.1000903770327568,0.4263715147972107,0.3998594582080841
YNL041C,YOR355W,0,0.81794333,0.10006776452064514,0.4263715147972107,0.39995983242988586
YJL092W,YLR341W,0,0.8179177,0.10004516690969467,0.4263715147972107,0.40006023645401
YMR077C,YJL035C,0,0.8179019,0.1000225767493248,0.4263715147972107,0.40016064047813416
YHR194W,YKL130C,0,0.8178227,0.10000000149011612,0.4263715147972107,0.4002610146999359
YKL146W,YPR100W,0,0.8178091,0.09997743368148804,0.4263715147972107,0.40036141872406006
YHR203C,YHL006C,0,0.8177004,0.09995487332344055,0.4263715147972107,0.4004617929458618
YLL055W,YNL316C,0,0.8176699,0.09993232786655426,0.4263715147972107,0.40056219696998596
YOR058C,YMR019W,0,0.81765634,0.09990978986024857,0.4263715147972107,0.4006625711917877
YDL123W,YPR035W,0,0.81742215,0.09988725930452347,0.4263715147972107,0.40076297521591187
YOR049C,YGL124C,0,0.8174207,0.09986474364995956,0.4263715147972107,0.400863379240036
YDR308C,YDR099W,0,0.8173928,0.09984223544597626,0.4263715147972107,0.40096375346183777
YNL321W,YDL245C,1,0.81738615,0.10004506260156631,0.4273339807987213,0.40096375346183777
YIL009W,YJR105W,0,0.81736815,0.10002252459526062,0.4273339807987213,0.4010641574859619
YDL193W,YDL014W,0,0.8172544,0.10000000149011612,0.4273339807987213,0.40116453170776367
YNR002C,YNR006W,1,0.8172227,0.10020265728235245,0.42829644680023193,0.40116453170776367
YNR051C,YNL071W,0,0.81709886,0.10018009692430496,0.42829644680023193,0.4012649357318878
YNR006W,YLR055C,0,0.8170501,0.10015755146741867,0.42829644680023193,0.4013653099536896
YDR266C,YOL076W,0,0.81700695,0.10013501346111298,0.42829644680023193,0.4014657139778137
YDR369C,YLL018C,0,0.81667644,0.10011248290538788,0.42829644680023193,0.40156611800193787
YOR307C,YGR174C,0,0.81655884,0.10008996725082397,0.42829644680023193,0.4016664922237396
YGL077C,YFR040W,1,0.81647485,0.10029233247041702,0.42925891280174255,0.4016664922237396
YDL061C,YIL043C,0,0.81629395,0.10026978701353073,0.42925891280174255,0.40176689624786377
YFL062W,YJL030W,0,0.81623566,0.10024724900722504,0.42925891280174255,0.4018672704696655
YFL010W-A,YNL020C,0,0.81619036,0.10022471845149994,0.42925891280174255,0.4019676744937897
YLR360W,YGR171C,0,0.8161086,0.10020220279693604,0.42925891280174255,0.4020680785179138
YMR047C,YDR337W,0,0.81603867,0.10017969459295273,0.42925891280174255,0.4021684527397156
YNL121C,YOR358W,0,0.8159604,0.10015719383955002,0.42925891280174255,0.4022688567638397
YER165W,YPR141C,0,0.8157963,0.1001347079873085,0.42925891280174255,0.4023692309856415
YDR369C,YPL249C,0,0.8157258,0.10011223703622818,0.42925891280174255,0.4024696350097656
YOR110W,YGR278W,0,0.81571025,0.10008976608514786,0.42925891280174255,0.4025700092315674
YBR229C,YDR310C,0,0.81565523,0.10006731003522873,0.42925891280174255,0.40267041325569153
YLL015W,YLR081W,1,0.8156088,0.10026917606592178,0.4302213788032532,0.40267041325569153
YNR054C,YKL012W,0,0.8155329,0.10024669021368027,0.4302213788032532,0.4027708172798157
YCR024C,YDL010W,0,0.8155252,0.10022421181201935,0.4302213788032532,0.40287119150161743
YGR175C,YLR233C,0,0.81549907,0.10020174831151962,0.4302213788032532,0.4029715955257416
YDR173C,YGR099W,0,0.81546736,0.1001792922616005,0.4302213788032532,0.40307196974754333
YKR034W,YOR084W,0,0.8154522,0.10015684366226196,0.4302213788032532,0.4031723737716675
YIL020C,YHR033W,0,0.8154257,0.10013440996408463,0.4302213788032532,0.4032727777957916
YER119C,YPR061C,0,0.8153714,0.10011198371648788,0.4302213788032532,0.4033731520175934
YIL173W,YIL066C,0,0.81527966,0.10008956491947174,0.4302213788032532,0.40347355604171753
YFR044C,YPL097W,0,0.81527215,0.10006716102361679,0.4302213788032532,0.4035739302635193
YCL040W,YLL052C,0,0.8151418,0.10004476457834244,0.4302213788032532,0.40367433428764343
YBR281C,YGR247W,0,0.81508344,0.10002237558364868,0.4302213788032532,0.4037747085094452
YBL098W,YML057W,0,0.81507665,0.10000000149011612,0.4302213788032532,0.40387511253356934
YLR054C,YBR150C,0,0.8149395,0.09997763484716415,0.4302213788032532,0.4039755165576935
YNL175C,YNL102W,0,0.81476843,0.09995527565479279,0.4302213788032532,0.40407589077949524
YNL321W,YPL078C,1,0.8147403,0.10015649348497391,0.4311838448047638,0.40407589077949524
YPR072W,YNL329C,0,0.81466806,0.10013410449028015,0.4311838448047638,0.4041762948036194
YJL200C,YLR013W,0,0.81459606,0.10011173039674759,0.4311838448047638,0.40427666902542114
YJL180C,YGR283C,0,0.81451356,0.10008936375379562,0.4311838448047638,0.4043770730495453
YOR126C,YHR001W,0,0.8144958,0.10006701201200485,0.4311838448047638,0.40447744727134705
YGR206W,YKL146W,1,0.81448275,0.10026797652244568,0.432146281003952,0.40447744727134705
YDL194W,YPL224C,1,0.81443214,0.10046885162591934,0.43310874700546265,0.40447744727134705
YLR299W,YKR008W,0,0.81439245,0.1004464253783226,0.43310874700546265,0.4045778512954712
YOL043C,YLR185W,0,0.81433356,0.10042401403188705,0.43310874700546265,0.40467825531959534
YHR039C,YLR372W,0,0.81422496,0.1004016101360321,0.43310874700546265,0.4047786295413971
YOL158C,YLR145W,0,0.81391484,0.10037921369075775,0.43310874700546265,0.40487903356552124
YBR293W,YER176W,0,0.8137707,0.100356824696064,0.43310874700546265,0.404979407787323
YER125W,YJL196C,0,0.8137305,0.10033445060253143,0.43310874700546265,0.40507981181144714
YNL081C,YBR254C,0,0.81371677,0.10031208395957947,0.43310874700546265,0.4051802158355713
YOR176W,YJL071W,0,0.81366014,0.1002897247672081,0.43310874700546265,0.40528059005737305
YLR449W,YLR408C,0,0.8136594,0.10026738047599792,0.43310874700546265,0.4053809940814972
YDL171C,YKL035W,0,0.81363094,0.10024504363536835,0.43310874700546265,0.40548136830329895
YNL099C,YLR200W,0,0.81359553,0.10022271424531937,0.43310874700546265,0.4055817723274231
YGL044C,YKL149C,0,0.8135395,0.10020039975643158,0.43310874700546265,0.40568214654922485
YMR186W,YLL027W,0,0.81344247,0.10017809271812439,0.43310874700546265,0.405782550573349
YDL246C,YMR153W,0,0.81322485,0.1001558005809784,0.43310874700546265,0.40588295459747314
YKR088C,YGL002W,0,0.8130543,0.1001335084438324,0.43310874700546265,0.4059833288192749
YIL050W,YMR083W,0,0.8130412,0.1001112312078476,0.43310874700546265,0.40608373284339905
YDL161W,YOR001W,0,0.8130102,0.10008896887302399,0.43310874700546265,0.4061841070652008
YBR192W,YMR056C,1,0.8129775,0.10028908401727676,0.43407121300697327,0.4061841070652008
YLR285W,YNL021W,0,0.8129605,0.10026678442955017,0.43407121300697327,0.40628451108932495
YJR108W,YOR084W,0,0.8129148,0.10024449974298477,0.43407121300697327,0.4063849151134491
YIL131C,YDR254W,0,0.8129072,0.10022222250699997,0.43407121300697327,0.40648528933525085
YNR036C,YDR392W,0,0.81267536,0.10019995272159576,0.43407121300697327,0.406585693359375
YLR057W,YOR334W,0,0.8126644,0.10017769783735275,0.43407121300697327,0.40668606758117676
YLR092W,YMR125W,0,0.81266093,0.10015545040369034,0.43407121300697327,0.4067864716053009
YPR029C,YOR297C,0,0.81258655,0.10013321787118912,0.43407121300697327,0.40688684582710266
YOR336W,YOL146W,0,0.81247437,0.1001109853386879,0.43407121300697327,0.4069872498512268
YHR123W,YIL006W,0,0.8124459,0.10008876770734787,0.43407121300697327,0.40708765387535095
YLR316C,YIL044C,0,0.8123764,0.10006656497716904,0.43407121300697327,0.4071880280971527
YER190W,YJL034W,0,0.81225324,0.1000443622469902,0.43407121300697327,0.40728843212127686
YOL013C,YOR328W,0,0.8122064,0.10002217441797256,0.43407121300697327,0.4073888063430786
YJR102C,YFL041W,1,0.8122053,0.10022173076868057,0.4350336790084839,0.4073888063430786
YHR083W,YOR123C,0,0.81217945,0.10019951313734055,0.4350336790084839,0.40748921036720276
YBR005W,YDR145W,0,0.8118615,0.10017730295658112,0.4350336790084839,0.4075895845890045
YOR205C,YPR018W,0,0.8118279,0.10015510767698288,0.4350336790084839,0.40768998861312866
YKL175W,YNL163C,0,0.8117979,0.10013291984796524,0.4350336790084839,0.4077903926372528
YFL008W,YLR222C,0,0.81155825,0.1001107394695282,0.4350336790084839,0.40789076685905457
YNR055C,YKL188C,1,0.8115257,0.10031000524759293,0.4359961450099945,0.40789076685905457
YJR108W,YPR009W,0,0.8115202,0.10028780251741409,0.4359961450099945,0.4079911708831787
YNL031C,YGL174W,0,0.8114979,0.10026560723781586,0.4359961450099945,0.40809154510498047
YIR021W,YFL048C,0,0.81141114,0.10024341940879822,0.4359961450099945,0.4081919491291046
YOR094W,YJL036W,0,0.8113149,0.10022123903036118,0.4359961450099945,0.40829235315322876
YDR191W,YMR161W,0,0.8112644,0.10019907355308533,0.4359961450099945,0.4083927273750305
YHR111W,YNR055C,0,0.8111484,0.10017691552639008,0.4359961450099945,0.40849313139915466
YOR226C,YOR234C,0,0.8111154,0.10015476495027542,0.4359961450099945,0.4085935056209564
YPR086W,YJR005W,0,0.8110703,0.10013262927532196,0.4359961450099945,0.40869390964508057
YAL016W,YDR082W,0,0.8110036,0.1001104936003685,0.4359961450099945,0.4087942838668823
YJL140W,YPL055C,0,0.8109834,0.10008838027715683,0.4359961450099945,0.40889468789100647
YOR004W,YMR207C,0,0.8108024,0.10006626695394516,0.4359961450099945,0.4089950919151306
YDR091C,YJR161C,0,0.8105453,0.10004416853189468,0.4359961450099945,0.4090954661369324
YLR190W,YER022W,0,0.810516,0.1000220775604248,0.4359961450099945,0.4091958701610565
YAL001C,YNL062C,0,0.8105028,0.10000000149011612,0.4359961450099945,0.4092962443828583
YHR193C,YOR110W,0,0.8104658,0.09997793287038803,0.4359961450099945,0.4093966484069824
YBR155W,YIL148W,0,0.81036997,0.09995587170124054,0.4359961450099945,0.40949705243110657
YIL020C,YMR199W,0,0.8103329,0.09993381798267365,0.4359961450099945,0.4095974266529083
YIL148W,YBR188C,0,0.81030726,0.09991177916526794,0.4359961450099945,0.40969783067703247
YOL141W,YBR042C,0,0.81021607,0.09988974779844284,0.4359961450099945,0.40979820489883423
YNL265C,YBR302C,0,0.810216,0.09986772388219833,0.4359961450099945,0.4098986089229584
YKL002W,YGL080W,1,0.8100604,0.10006612539291382,0.4369586110115051,0.4098986089229584
YBR152W,YKR065C,0,0.81001264,0.10004407167434692,0.4369586110115051,0.40999898314476013
YER001W,YDR372C,0,0.8099372,0.10002203285694122,0.4369586110115051,0.4100993871688843
YDL193W,YKL150W,0,0.80986977,0.10000000149011612,0.4369586110115051,0.4101997911930084
YGR109C,YOR284W,0,0.8098533,0.09997797757387161,0.4369586110115051,0.4103001654148102
YPR201W,YJL177W,0,0.80983377,0.0999559685587883,0.4369586110115051,0.4104005694389343
YPR145W,YDR254W,0,0.8096623,0.09993396699428558,0.4369586110115051,0.4105009436607361
YNR057C,YPL112C,0,0.80959374,0.09991197288036346,0.4369586110115051,0.41060134768486023
YER031C,YKL141W,0,0.8095881,0.09988998621702194,0.4369586110115051,0.410701721906662
YMR135C,YDL134C,0,0.8093989,0.09986801445484161,0.4369586110115051,0.41080212593078613
YKL141W,YMR263W,0,0.8093796,0.09984605014324188,0.4369586110115051,0.4109025299549103
YDR138W,YOR084W,0,0.8092813,0.09982410073280334,0.4369586110115051,0.41100290417671204
YDR538W,YPR056W,0,0.8091583,0.09980215132236481,0.4369586110115051,0.4111033082008362
YPL265W,YLR342W,0,0.809144,0.09978021681308746,0.4369586110115051,0.41120368242263794
YOL155C,YMR054W,0,0.80912817,0.09975829720497131,0.4369586110115051,0.4113040864467621
YER166W,YMR123W,0,0.8091273,0.09973637759685516,0.4369586110115051,0.41140449047088623
YHR047C,YHR138C,0,0.808986,0.09971447288990021,0.4369586110115051,0.411504864692688
YGR082W,YNR067C,0,0.8089622,0.09969257563352585,0.4369586110115051,0.41160526871681213
YPL140C,YDR057W,0,0.80892074,0.09967069327831268,0.4369586110115051,0.4117056429386139
YNL047C,YLR312W-A,0,0.80891275,0.09964881837368011,0.4369586110115051,0.41180604696273804
YPL093W,YMR149W,0,0.80881655,0.09962695091962814,0.4369586110115051,0.4119064211845398
YPL130W,YNL317W,0,0.80869746,0.09960509091615677,0.4369586110115051,0.41200682520866394
YBR004C,YER048C,0,0.8086568,0.09958323836326599,0.4369586110115051,0.4121072292327881
YNL233W,YOL098C,0,0.808536,0.09956140071153641,0.4369586110115051,0.41220760345458984
YER039C,YMR315W,0,0.8084866,0.09953957796096802,0.4369586110115051,0.412308007478714
YGR283C,YGL070C,0,0.8082716,0.09951775521039963,0.4369586110115051,0.41240838170051575
YJL099W,YGL045W,0,0.8082496,0.09949594736099243,0.4369586110115051,0.4125087857246399
YOR339C,YGR082W,0,0.80799663,0.09947414696216583,0.4369586110115051,0.41260918974876404
YLR328W,YHR191C,0,0.8079375,0.09945235401391983,0.4369586110115051,0.4127095639705658
YPR055W,YPL274W,0,0.8079366,0.09943057596683502,0.4369586110115051,0.41280996799468994
YNL037C,YGR172C,0,0.8079325,0.09940880537033081,0.4369586110115051,0.4129103422164917
YDR127W,YLL061W,0,0.8079183,0.0993870422244072,0.4369586110115051,0.41301074624061584
YJL026W,YBL004W,0,0.8078859,0.09936528652906418,0.4369586110115051,0.4131111204624176
YKL026C,YLR033W,0,0.80787235,0.09934354573488235,0.4369586110115051,0.41321152448654175
YLR131C,YKR088C,0,0.8076552,0.09932181239128113,0.4369586110115051,0.4133119285106659
YAL056W,YER081W,0,0.8075941,0.0993000864982605,0.4369586110115051,0.41341230273246765
YGL011C,YOR234C,0,0.80748135,0.09927837550640106,0.4369586110115051,0.4135127067565918
YJL006C,YLR411W,0,0.8073467,0.09925666451454163,0.4369586110115051,0.41361308097839355
YOR320C,YGL023C,0,0.80732715,0.09923497587442398,0.4369586110115051,0.4137134850025177
YCR091W,YER094C,0,0.8072802,0.09921328723430634,0.4369586110115051,0.41381385922431946
YPL145C,YOR084W,0,0.80711794,0.09919161349534988,0.4369586110115051,0.4139142632484436
YPR056W,YBR049C,0,0.8070991,0.09916993975639343,0.4369586110115051,0.41401466727256775
YNL275W,YDR351W,0,0.8070376,0.09914828836917877,0.4369586110115051,0.4141150414943695
YGR221C,YPL246C,0,0.8069372,0.09912663698196411,0.4369586110115051,0.41421544551849365
YPR106W,YLL027W,0,0.80689013,0.09910500049591064,0.4369586110115051,0.4143158197402954
YPL053C,YPL094C,0,0.8068163,0.09908337146043777,0.4369586110115051,0.41441622376441956
YLR429W,YGL070C,0,0.80679035,0.0990617498755455,0.4369586110115051,0.4145166277885437
YOR068C,YIL033C,0,0.8066938,0.09904014319181442,0.4369586110115051,0.41461700201034546
YOR353C,YDL015C,0,0.8066758,0.09901853650808334,0.4369586110115051,0.4147174060344696
YMR159C,YEL052W,0,0.80667377,0.09899694472551346,0.4369586110115051,0.41481778025627136
YGL092W,YMR234W,0,0.8066033,0.09897536784410477,0.4369586110115051,0.4149181842803955
YAL059W,YBL067C,0,0.8065289,0.09895379096269608,0.4369586110115051,0.41501855850219727
YHR107C,YKL160W,0,0.806497,0.09893222898244858,0.4369586110115051,0.4151189625263214
YFL022C,YGR065C,0,0.8064419,0.09891067445278168,0.4369586110115051,0.41521936655044556
YKL025C,YPR009W,0,0.8062974,0.09888912737369537,0.4369586110115051,0.4153197407722473
YGR217W,YDR456W,1,0.80621934,0.09908536821603775,0.43792107701301575,0.4153197407722473
YKL155C,YLR155C,0,0.8062129,0.09906379133462906,0.43792107701301575,0.41542014479637146
YDL103C,YIL033C,0,0.8061974,0.09904222935438156,0.43792107701301575,0.4155205190181732
YMR032W,YDR108W,0,0.80614066,0.09902067482471466,0.43792107701301575,0.41562092304229736
YAL016W,YKL130C,0,0.8060231,0.09899912774562836,0.43792107701301575,0.4157213270664215
YNL027W,YJR036C,0,0.8060206,0.09897759556770325,0.43792107701301575,0.41582170128822327
YBL084C,YEL032W,0,0.8060192,0.09895607084035873,0.43792107701301575,0.4159221053123474
YNL225C,YOR026W,0,0.8059077,0.09893455356359482,0.43792107701301575,0.41602247953414917
YNL219C,YGR138C,0,0.8057746,0.0989130437374115,0.43792107701301575,0.4161228835582733
YPL225W,YBL040C,0,0.8057704,0.09889154881238937,0.43792107701301575,0.4162232577800751
YLR423C,YHR094C,0,0.8057599,0.09887005388736725,0.43792107701301575,0.4163236618041992
YFR038W,YHR079C-A,0,0.80574846,0.09884857386350632,0.43792107701301575,0.41642406582832336
YBR296C,YGR121C,1,0.80571055,0.0990443080663681,0.43888354301452637,0.41642406582832336
YDL161W,YDR353W,0,0.80566454,0.09902279824018478,0.43888354301452637,0.4165244400501251
YKL132C,YMR239C,0,0.8056457,0.09900130331516266,0.43888354301452637,0.41662484407424927
YJL020C,YGR003W,0,0.8055252,0.09897981584072113,0.43888354301452637,0.416725218296051
YOR236W,YPL283C,0,0.80545425,0.0989583358168602,0.43888354301452637,0.41682562232017517
YOL116W,YPR128C,0,0.80535954,0.09893686324357986,0.43888354301452637,0.4169260263442993
YKR006C,YOL001W,0,0.80532724,0.09891539812088013,0.43888354301452637,0.4170264005661011
YGR209C,YPR023C,0,0.8052648,0.09889394789934158,0.43888354301452637,0.4171268045902252
YBR201W,YPR173C,0,0.80520153,0.09887250512838364,0.43888354301452637,0.417227178812027
YKR072C,YLR213C,0,0.8051336,0.09885106980800629,0.43888354301452637,0.4173275828361511
YMR024W,YOL001W,0,0.8051053,0.09882964938879013,0.43888354301452637,0.4174279570579529
YML047C,YDR206W,0,0.8050599,0.09880823642015457,0.43888354301452637,0.417528361082077
YNL222W,YLR113W,0,0.80498743,0.09878683090209961,0.43888354301452637,0.41762876510620117
YML046W,YDR517W,0,0.8049735,0.09876543283462524,0.43888354301452637,0.41772913932800293
YDR529C,YKL165C,1,0.80487347,0.09896058589220047,0.439846009016037,0.41772913932800293
YLR447C,YCL014W,0,0.8048589,0.09893916547298431,0.439846009016037,0.4178295433521271
YOR332W,YOR130C,1,0.80484146,0.09913419932126999,0.4408084750175476,0.4178295433521271
YJL203W,YNL147W,0,0.80480933,0.09911274909973145,0.4408084750175476,0.41792991757392883
YGL186C,YDR208W,0,0.80479276,0.0990912988781929,0.4408084750175476,0.418030321598053
YNR039C,YIL114C,1,0.8047137,0.09928617626428604,0.4417709410190582,0.418030321598053
YMR083W,YHR001W,0,0.80466646,0.0992647036910057,0.4417709410190582,0.41813069581985474
YDL122W,YKL040C,0,0.8045926,0.09924324601888657,0.4417709410190582,0.4182310998439789
YHR200W,YGR264C,0,0.8045911,0.09922178834676743,0.4417709410190582,0.418331503868103
YOL128C,YLR417W,0,0.80453944,0.09920034557580948,0.4417709410190582,0.4184318780899048
YGR083C,YPL150W,0,0.80449736,0.09917891025543213,0.4417709410190582,0.41853228211402893
YCR011C,YGL246C,0,0.80446136,0.09915748238563538,0.4417709410190582,0.4186326563358307
YJR040W,YDR081C,0,0.80405366,0.09913606941699982,0.4417709410190582,0.41873306035995483
YNL126W,YDR208W,0,0.8040412,0.09911466389894485,0.4417709410190582,0.418833464384079
YLR129W,YDR174W,0,0.8040266,0.09909326583147049,0.4417709410190582,0.41893383860588074
YPL104W,YLR119W,0,0.8040212,0.09907187521457672,0.4417709410190582,0.4190342426300049
YBR088C,YOR190W,0,0.8039173,0.09905049949884415,0.4417709410190582,0.41913461685180664
YGR185C,YPR198W,0,0.80390096,0.09902912378311157,0.4417709410190582,0.4192350208759308
YPL027W,YOR125C,0,0.80386245,0.09900776296854019,0.4417709410190582,0.41933539509773254
YMR241W,YOR348C,1,0.8038402,0.09920206665992737,0.44273340702056885,0.41933539509773254
YEL063C,YPL234C,1,0.8038263,0.09939628839492798,0.44369587302207947,0.41933539509773254
YJR105W,YKL012W,0,0.80377233,0.09937486797571182,0.44369587302207947,0.4194357991218567
YNR075W,YPL097W,0,0.80374944,0.09935344755649567,0.44369587302207947,0.41953620314598083
YLL029W,YOR357C,0,0.80372053,0.0993320420384407,0.44369587302207947,0.4196365773677826
YHR014W,YFL016C,0,0.8036552,0.09931064397096634,0.44369587302207947,0.41973698139190674
YLR113W,YLR417W,0,0.8035997,0.09928925335407257,0.44369587302207947,0.4198373556137085
YOR241W,YGR129W,0,0.8035938,0.0992678701877594,0.44369587302207947,0.41993775963783264
YIR019C,YGL139W,0,0.8035188,0.09924650192260742,0.44369587302207947,0.4200381636619568
YBR207W,YLR047C,1,0.80348605,0.09944038093090057,0.4446583390235901,0.4200381636619568
YML024W,YGL012W,0,0.80332553,0.09941898286342621,0.4446583390235901,0.42013853788375854
YNL056W,YNL169C,0,0.80332524,0.09939759224653244,0.4446583390235901,0.4202389419078827
YMR053C,YDR373W,0,0.80315065,0.09937620908021927,0.4446583390235901,0.42033931612968445
YGR245C,YMR118C,0,0.803133,0.09935484081506729,0.4446583390235901,0.4204397201538086
YOR103C,YDR082W,0,0.8030524,0.09933348000049591,0.4446583390235901,0.42054009437561035
YIL143C,YNL209W,0,0.8030487,0.09931212663650513,0.4446583390235901,0.4206404983997345
YEL042W,YDL132W,0,0.8029007,0.09929078072309494,0.4446583390235901,0.42074090242385864
YPL139C,YLR004C,0,0.80284643,0.09926944226026535,0.4446583390235901,0.4208412766456604
YGL061C,YBR002C,0,0.8028387,0.09924811869859695,0.4446583390235901,0.42094168066978455
YBR153W,YOR298W,0,0.8028116,0.09922680258750916,0.4446583390235901,0.4210420548915863
YLR150W,YIR008C,0,0.8027227,0.09920549392700195,0.4446583390235901,0.42114245891571045
YJR055W,YGL071W,0,0.8026291,0.09918420016765594,0.4446583390235901,0.4212428331375122
YBR132C,YJR041C,0,0.80261576,0.09916291385889053,0.4446583390235901,0.42134323716163635
YPL161C,YDR176W,0,0.8026099,0.09914162755012512,0.4446583390235901,0.4214436411857605
YDL155W,YKL084W,0,0.802572,0.0991203635931015,0.4446583390235901,0.42154401540756226
YOR241W,YKR056W,0,0.8024516,0.09909909963607788,0.4446583390235901,0.4216444194316864
YNL222W,YKR054C,0,0.8023815,0.09907785058021545,0.4446583390235901,0.42174479365348816
YDR414C,YLR288C,0,0.802323,0.09905660152435303,0.4446583390235901,0.4218451976776123
YHR132C,YOR191W,0,0.8021332,0.0990353673696518,0.4446583390235901,0.42194560170173645
YFR025C,YEL030W,0,0.8020217,0.09901414811611176,0.4446583390235901,0.4220459759235382
YLR277C,YMR021C,0,0.80197835,0.09899292886257172,0.4446583390235901,0.42214637994766235
YDR308C,YFR046C,0,0.8019283,0.09897172451019287,0.4446583390235901,0.4222467541694641
YJL001W,YDR404C,0,0.8018801,0.09895052760839462,0.4446583390235901,0.42234715819358826
YNL326C,YLR009W,0,0.8018364,0.09892933815717697,0.4446583390235901,0.42244753241539
YAL056W,YGR172C,0,0.80178535,0.09890815615653992,0.4446583390235901,0.42254793643951416
YLR298C,YGL256W,0,0.8017393,0.09888698905706406,0.4446583390235901,0.4226483404636383
YLR020C,YJL059W,0,0.8017143,0.0988658219575882,0.4446583390235901,0.42274871468544006
YDR384C,YAL022C,0,0.8016566,0.09884466975927353,0.4446583390235901,0.4228491187095642
YDR201W,YDL121C,0,0.80165285,0.09882353246212006,0.4446583390235901,0.42294949293136597
YBR061C,YBR073W,0,0.80163205,0.09880239516496658,0.4446583390235901,0.4230498969554901
YOR192C,YOR212W,0,0.8016279,0.0987812727689743,0.4446583390235901,0.42315030097961426
YPR068C,YBR173C,0,0.801493,0.09876015037298203,0.4446583390235901,0.423250675201416
YGL105W,YKL009W,0,0.80143404,0.09873905032873154,0.4446583390235901,0.42335107922554016
YML065W,YGR129W,0,0.801379,0.09871795028448105,0.4446583390235901,0.4234514534473419
YIR018W,YML127W,0,0.8013514,0.09869685769081116,0.4446583390235901,0.42355185747146606
YKR019C,YOR010C,0,0.8012813,0.09867577999830246,0.4446583390235901,0.4236522316932678
YKR031C,YDR211W,0,0.8011638,0.09865470975637436,0.4446583390235901,0.42375263571739197
YIR028W,YBR150C,0,0.80112696,0.09863364696502686,0.4446583390235901,0.4238530397415161
YNL284C,YML076C,0,0.8011262,0.09861259162425995,0.4446583390235901,0.42395341396331787
YGR195W,YOR256C,0,0.8010372,0.09859155118465424,0.4446583390235901,0.424053817987442
YGR138C,YJL179W,0,0.8010344,0.09857051074504852,0.4446583390235901,0.4241541922092438
YNR048W,YGL190C,0,0.80099803,0.098549485206604,0.4446583390235901,0.4242545962333679
YIL066C,YGR204W,0,0.8007222,0.09852847456932068,0.4446583390235901,0.4243549704551697
YDR087C,YGL163C,0,0.80063975,0.09850746393203735,0.4446583390235901,0.4244553744792938
YKL103C,YDR206W,0,0.80062604,0.09848646074533463,0.4446583390235901,0.42455577850341797
YLR128W,YDL217C,0,0.80051136,0.09846547245979309,0.4446583390235901,0.4246561527252197
YKL110C,YGL055W,0,0.80046433,0.09844449162483215,0.4446583390235901,0.42475655674934387
YOL122C,YKL220C,1,0.80045104,0.09863656014204025,0.4456207752227783,0.42475655674934387
YIL079C,YOR329C,0,0.80041826,0.09861554950475693,0.4456207752227783,0.42485693097114563
YMR135C,YEL020W-A,0,0.800393,0.0985945463180542,0.4456207752227783,0.4249573349952698
YHR006W,YDR497C,0,0.80038595,0.09857355803251266,0.4456207752227783,0.4250577390193939
YBR089C-A,YCR008W,0,0.8003391,0.09855257719755173,0.4456207752227783,0.4251581132411957
YBR290W,YNL142W,1,0.8002222,0.09874441474676132,0.44658324122428894,0.4251581132411957
YGL019W,YNL137C,0,0.80021906,0.098723404109478,0.44658324122428894,0.4252585172653198
YLR451W,YGL002W,0,0.8001467,0.09870240092277527,0.44658324122428894,0.4253588914871216
YDR142C,YJL091C,0,0.79995894,0.09868141263723373,0.44658324122428894,0.4254592955112457
YBR192W,YBR290W,1,0.79995435,0.09887305647134781,0.44754570722579956,0.4254592955112457
YFR040W,YGR191W,1,0.79990345,0.09906462579965591,0.4485081732273102,0.4254592955112457
YPL020C,YCL010C,0,0.7998233,0.09904357045888901,0.4485081732273102,0.4255596697330475
YLR409C,YGL100W,0,0.7997418,0.0990225225687027,0.4485081732273102,0.42566007375717163
YPR201W,YLR038C,1,0.79969156,0.09921393543481827,0.4494706392288208,0.42566007375717163
YDR472W,YOR115C,0,0.7996603,0.09919286519289017,0.4494706392288208,0.4257604777812958
YLR007W,YMR186W,0,0.79964674,0.09917180240154266,0.4494706392288208,0.42586085200309753
YLR034C,YFR001W,0,0.79962206,0.09915073961019516,0.4494706392288208,0.4259612560272217
YHL001W,YJL011C,0,0.7995397,0.09912969917058945,0.4494706392288208,0.42606163024902344
YLL055W,YEL046C,0,0.7994643,0.09910865873098373,0.4494706392288208,0.4261620342731476
YER154W,YDR372C,0,0.79939985,0.09908763319253922,0.4494706392288208,0.42626243829727173
YHR092C,YMR301C,1,0.79939806,0.09927874058485031,0.4504331052303314,0.42626243829727173
YPL156C,YDR227W,0,0.7993926,0.0992576852440834,0.4504331052303314,0.4263628125190735
YLR071C,YFR031C,0,0.7993842,0.09923664480447769,0.4504331052303314,0.42646321654319763
YBR086C,YGR144W,0,0.7993231,0.09921560436487198,0.4504331052303314,0.4265635907649994
YMR215W,YKL149C,0,0.799321,0.09919457137584686,0.4504331052303314,0.42666399478912354
YKL165C,YOR123C,0,0.79928637,0.09917355328798294,0.4504331052303314,0.4267643690109253
YPL127C,YOR007C,0,0.79919076,0.09915254265069962,0.4504331052303314,0.42686477303504944
YNL261W,YLR363C,0,0.79915226,0.09913153946399689,0.4504331052303314,0.4269651770591736
YMR019W,YKL073W,0,0.7991353,0.09911054372787476,0.4504331052303314,0.42706555128097534
YDR389W,YPR181C,0,0.7991308,0.09908956289291382,0.4504331052303314,0.4271659553050995
YOL130W,YBR220C,1,0.7990271,0.09928026795387268,0.45139557123184204,0.4271659553050995
YOL069W,YHR006W,0,0.7989607,0.09925925731658936,0.45139557123184204,0.42726632952690125
YNL138W,YNR010W,0,0.7989453,0.09923825412988663,0.45139557123184204,0.4273667335510254
YNL048W,YIL120W,0,0.79889643,0.09921726584434509,0.45139557123184204,0.42746710777282715
YOR353C,YGL125W,0,0.79885143,0.09919627755880356,0.45139557123184204,0.4275675117969513
YBR203W,YIL031W,0,0.7988242,0.09917530417442322,0.45139557123184204,0.42766791582107544
YIL114C,YDR162C,0,0.79876345,0.09915433079004288,0.45139557123184204,0.4277682900428772
YOR125C,YHR197W,0,0.7986654,0.09913337230682373,0.45139557123184204,0.42786869406700134
YFR028C,YGR041W,0,0.79857814,0.09911242872476578,0.45139557123184204,0.4279690682888031
YKR046C,YPL097W,0,0.7985433,0.09909148514270782,0.45139557123184204,0.42806947231292725
YER038C,YJL050W,0,0.7985081,0.09907055646181107,0.45139557123184204,0.4281698763370514
YHR047C,YJL183W,0,0.7984513,0.0990496277809143,0.45139557123184204,0.42827025055885315
YOR310C,YCR107W,0,0.79829,0.09902871400117874,0.45139557123184204,0.4283706545829773
YBR208C,YLR285W,0,0.7982366,0.09900780767202377,0.45139557123184204,0.42847102880477905
YPR001W,YDR339C,0,0.79819536,0.09898691624403,0.45139557123184204,0.4285714328289032
YLR165C,YOR388C,0,0.7981845,0.09896602481603622,0.45139557123184204,0.42867180705070496
YGL077C,YJL094C,1,0.79814196,0.09915611892938614,0.45235803723335266,0.42867180705070496
YER044C-A,YJL078C,0,0.79812264,0.09913520514965057,0.45235803723335266,0.4287722110748291
YKL119C,YDR087C,0,0.7981063,0.0991142988204956,0.45235803723335266,0.42887261509895325
YLR166C,YPL198W,0,0.79796195,0.09909339994192123,0.45235803723335266,0.428972989320755
YBR298C,YBR295W,1,0.7979231,0.09928330779075623,0.4533205032348633,0.428972989320755
YOR292C,YNL302C,0,0.79778355,0.09926237910985947,0.4533205032348633,0.42907339334487915
YIL020C,YOR323C,0,0.79778147,0.0992414653301239,0.4533205032348633,0.4291737675666809
YLR135W,YBL011W,0,0.79772675,0.09922055900096893,0.4533205032348633,0.42927417159080505
YOL032W,YDR545W,0,0.7976545,0.09919966012239456,0.4533205032348633,0.4293745756149292
YJL139C,YDR119W,0,0.7975825,0.09917877614498138,0.4533205032348633,0.42947494983673096
YIL154C,YLL039C,0,0.7975512,0.0991578921675682,0.4533205032348633,0.4295753538608551
YPL273W,YLR056W,0,0.79730797,0.09913702309131622,0.4533205032348633,0.42967572808265686
YFR001W,YOL044W,0,0.79720604,0.09911616146564484,0.4533205032348633,0.429776132106781
YPL042C,YNL230C,0,0.7971052,0.09909530729055405,0.4533205032348633,0.42987650632858276
YPR072W,YLR240W,0,0.79709685,0.09907446056604385,0.4533205032348633,0.4299769103527069
YGL092W,YOL129W,0,0.7970852,0.09905362874269485,0.4533205032348633,0.43007731437683105
YJL191W,YDL024C,0,0.79703456,0.09903280436992645,0.4533205032348633,0.4301776885986328
YKR019C,YBR199W,0,0.7968864,0.09901197999715805,0.4533205032348633,0.43027809262275696
YOL017W,YJL200C,0,0.796863,0.09899117052555084,0.4533205032348633,0.4303784668445587
YGL133W,YPL140C,0,0.7967999,0.09897036850452423,0.4533205032348633,0.43047887086868286
YIL035C,YJL036W,0,0.7967878,0.09894958138465881,0.4533205032348633,0.4305792450904846
YPL244C,YEL069C,1,0.7967782,0.09913883358240128,0.4542829692363739,0.4305792450904846
YDR331W,YGL071W,0,0.79658616,0.09911801666021347,0.4542829692363739,0.43067964911460876
YNR075W,YMR203W,0,0.79657257,0.09909720718860626,0.4542829692363739,0.4307800531387329
YPL029W,YLR289W,0,0.79649615,0.09907640516757965,0.4542829692363739,0.43088042736053467
YIL014W,YNR017W,0,0.7964913,0.09905561059713364,0.4542829692363739,0.4309808313846588
YOR101W,YJR093C,0,0.7964457,0.09903483092784882,0.4542829692363739,0.43108120560646057
YLR233C,YMR189W,0,0.7964388,0.099014051258564,0.4542829692363739,0.4311816096305847
YPR021C,YJL133W,1,0.79616904,0.09920302033424377,0.4552454352378845,0.4311816096305847
YLL055W,YDR256C,0,0.7960818,0.09918221831321716,0.4552454352378845,0.43128201365470886
YDR043C,YNL134C,0,0.7960689,0.09916142374277115,0.4552454352378845,0.4313823878765106
YGR065C,YGL002W,0,0.79595065,0.09914064407348633,0.4552454352378845,0.43148279190063477
YGR192C,YPR191W,1,0.7958529,0.09932941943407059,0.45620790123939514,0.43148279190063477
YIL167W,YOR329C,0,0.79582405,0.09930860996246338,0.45620790123939514,0.4315831661224365
YDR184C,YIR022W,0,0.795793,0.09928780794143677,0.45620790123939514,0.43168357014656067
YOR206W,YGL172W,0,0.79575336,0.09926701337099075,0.45620790123939514,0.4317839443683624
YDL035C,YMR277W,0,0.7956884,0.09924623370170593,0.45620790123939514,0.4318843483924866
YLR166C,YIL064W,0,0.79556626,0.09922545403242111,0.45620790123939514,0.4319847524166107
YNL050C,YMR092C,0,0.7955321,0.09920468926429749,0.45620790123939514,0.4320851266384125
YOR101W,YDR345C,0,0.7954811,0.09918393194675446,0.45620790123939514,0.4321855306625366
YJR086W,YDR434W,0,0.79517627,0.09916318207979202,0.45620790123939514,0.4322859048843384
YDR378C,YAL019W,0,0.79517186,0.09914243966341019,0.45620790123939514,0.4323863089084625
YEL060C,YDR477W,0,0.79507166,0.09912170469760895,0.45620790123939514,0.43248671293258667
YPL072W,YOR058C,0,0.79504097,0.0991009846329689,0.45620790123939514,0.4325870871543884
YIL042C,YGR207C,0,0.7950348,0.09908026456832886,0.45620790123939514,0.4326874911785126
YLL018C-A,YER052C,0,0.7949234,0.09905955940485,0.45620790123939514,0.43278786540031433
YMR230W,YHR123W,0,0.794821,0.09903886169195175,0.45620790123939514,0.4328882694244385
YPR066W,YMR269W,0,0.79479146,0.0990181714296341,0.45620790123939514,0.43298864364624023
YHR114W,YMR176W,0,0.7947571,0.09899749606847763,0.45620790123939514,0.4330890476703644
YPL180W,YLR361C,0,0.7947497,0.09897682070732117,0.45620790123939514,0.4331894516944885
YAR014C,YMR202W,0,0.7946588,0.0989561602473259,0.45620790123939514,0.4332898259162903
YNR037C,YML059C,0,0.7945845,0.09893550723791122,0.45620790123939514,0.43339022994041443
YGL187C,YNL111C,0,0.79456425,0.09891486167907715,0.45620790123939514,0.4334906041622162
YGL064C,YBR042C,0,0.79452324,0.09889422357082367,0.45620790123939514,0.43359100818634033
YIR026C,YPL241C,0,0.7944459,0.09887359291315079,0.45620790123939514,0.4336913824081421
YJR144W,YCR005C,0,0.7944292,0.0988529697060585,0.45620790123939514,0.43379178643226624
YIL088C,YKL002W,1,0.794397,0.09904086589813232,0.45717036724090576,0.43379178643226624
YNL016W,YHR080C,0,0.7943686,0.09902022033929825,0.45717036724090576,0.4338921904563904
YOL104C,YDL133C-A,0,0.79434514,0.09899958223104477,0.45717036724090576,0.43399256467819214
YNL024C,YEL063C,0,0.7942264,0.09897895157337189,0.45717036724090576,0.4340929687023163
YKL217W,YDR437W,0,0.794216,0.0989583358168602,0.45717036724090576,0.43419334292411804
YGL234W,YJL026W,0,0.79421234,0.09893772006034851,0.45717036724090576,0.4342937469482422
YLR435W,YJL045W,0,0.7940673,0.09891711920499802,0.45717036724090576,0.43439415097236633
YGL092W,YDL188C,0,0.7939913,0.09889652580022812,0.45717036724090576,0.4344945251941681
YOL076W,YPL168W,0,0.7939217,0.09887593984603882,0.45717036724090576,0.43459492921829224
YDL002C,YHL001W,0,0.7938911,0.09885536134243011,0.45717036724090576,0.434695303440094
YBR145W,YLR460C,0,0.7938761,0.09883479028940201,0.45717036724090576,0.43479570746421814
YKR003W,YLR181C,0,0.79384935,0.0988142266869545,0.45717036724090576,0.4348960816860199
YJL110C,YFL018C,0,0.7938376,0.09879367798566818,0.45717036724090576,0.43499648571014404
YLR071C,YOR083W,0,0.7936355,0.09877313673496246,0.45717036724090576,0.4350968897342682
YLR447C,YDL185W,1,0.79361176,0.0989604964852333,0.4581328332424164,0.4350968897342682
YJR137C,YBL008W,0,0.79359365,0.0989399328827858,0.4581328332424164,0.43519726395606995
YDR267C,YIL153W,0,0.7935535,0.09891936928033829,0.4581328332424164,0.4352976679801941
YJR040W,YDR135C,1,0.793484,0.09910658746957779,0.4590952694416046,0.4352976679801941
YLR431C,YFR019W,0,0.7934133,0.09908600151538849,0.4590952694416046,0.43539804220199585
YPR034W,YER002W,0,0.7934041,0.09906542301177979,0.4590952694416046,0.43549844622612
YDR317W,YOL096C,0,0.7933712,0.09904485195875168,0.4590952694416046,0.43559885025024414
YGL175C,YJR073C,0,0.793247,0.09902428835630417,0.4590952694416046,0.4356992244720459
YDR328C,YOL126C,0,0.7931835,0.09900373965501785,0.4590952694416046,0.43579962849617004
YJR117W,YFL045C,0,0.79318035,0.09898319095373154,0.4590952694416046,0.4359000027179718
YHR178W,YBR128C,0,0.7931547,0.09896265715360641,0.4590952694416046,0.43600040674209595
YNR072W,YLR237W,1,0.79308015,0.09914955496788025,0.46005773544311523,0.43600040674209595
YNL026W,YMR008C,0,0.7929851,0.09912899136543274,0.46005773544311523,0.4361007809638977
YLR085C,YNL071W,0,0.79298055,0.09910843521356583,0.46005773544311523,0.43620118498802185
YGR249W,YAL019W,0,0.7928902,0.09908789396286011,0.46005773544311523,0.436301589012146
YDL105W,YNL220W,0,0.7928536,0.09906736016273499,0.46005773544311523,0.43640196323394775
YKR029C,YBL007C,0,0.79282033,0.09904682636260986,0.46005773544311523,0.4365023672580719
YAR014C,YDR264C,0,0.7928076,0.09902630746364594,0.46005773544311523,0.43660274147987366
YMR291W,YGR280C,0,0.79273534,0.0990057960152626,0.46005773544311523,0.4367031455039978
YFR004W,YOR190W,0,0.7927345,0.09898529946804047,0.46005773544311523,0.43680351972579956
YNL329C,YJL140W,0,0.7926253,0.09896480292081833,0.46005773544311523,0.4369039237499237
YKL217W,YJR152W,1,0.7926148,0.09915131330490112,0.46102020144462585,0.4369039237499237
YCR005C,YER124C,0,0.79260635,0.0991307944059372,0.46102020144462585,0.43700432777404785
YDR140W,YBR199W,0,0.7925347,0.09911028295755386,0.46102020144462585,0.4371047019958496
YLR155C,YIL014W,0,0.79253274,0.09908977895975113,0.46102020144462585,0.43720510601997375
YGR005C,YGR092W,0,0.79251933,0.09906928986310959,0.46102020144462585,0.4373054802417755
YGL098W,YGL219C,0,0.7924965,0.09904880076646805,0.46102020144462585,0.43740588426589966
YLR215C,YPR104C,0,0.79243284,0.0990283265709877,0.46102020144462585,0.4375062882900238
YMR301C,YDR205W,1,0.792352,0.09921455383300781,0.4619826674461365,0.4375062882900238
YBL052C,YBR021W,0,0.79233056,0.09919404983520508,0.4619826674461365,0.43760666251182556
YJL128C,YNL239W,0,0.79233015,0.09917355328798294,0.4619826674461365,0.4377070665359497
YDR243C,YMR203W,0,0.79232323,0.0991530641913414,0.4619826674461365,0.43780744075775146
YGR040W,YOR328W,0,0.792155,0.09913258999586105,0.4619826674461365,0.4379078447818756
YML049C,YBR065C,0,0.792151,0.0991121232509613,0.4619826674461365,0.43800821900367737
YGR281W,YFL038C,0,0.7921293,0.09909165650606155,0.4619826674461365,0.4381086230278015
YPL021W,YJL063C,0,0.7920878,0.099071204662323,0.4619826674461365,0.43820902705192566
YGR217W,YDL247W,1,0.79206276,0.09925711899995804,0.4629451334476471,0.43820902705192566
YML065W,YGL200C,0,0.7920311,0.09923664480447769,0.4629451334476471,0.4383094012737274
YKL124W,YGR143W,0,0.7919967,0.09921617060899734,0.4629451334476471,0.43840980529785156
YJR054W,YOR130C,1,0.7918984,0.09940193593502045,0.4639075994491577,0.43840980529785156
YPR001W,YEL011W,0,0.79187024,0.0993814468383789,0.4639075994491577,0.4385101795196533
YJR132W,YJR105W,0,0.7918262,0.09936095774173737,0.4639075994491577,0.43861058354377747
YAL053W,YPL134C,1,0.79179347,0.09954658150672913,0.46487006545066833,0.43861058354377747
YHR090C,YMR241W,0,0.7916782,0.0995260700583458,0.46487006545066833,0.4387109875679016
YLR233C,YJL155C,0,0.7916779,0.09950556606054306,0.46487006545066833,0.43881136178970337
YPL224C,YOR100C,1,0.79166186,0.09969104081392288,0.46583253145217896,0.43881136178970337
YFR038W,YHR112C,0,0.79166085,0.09967050701379776,0.46583253145217896,0.4389117658138275
YMR296C,YNL102W,0,0.79164326,0.09964998811483383,0.46583253145217896,0.4390121400356293
YAR031W,YER042W,0,0.79164195,0.0996294766664505,0.46583253145217896,0.4391125440597534
YIL133C,YDR538W,0,0.79150736,0.09960897266864777,0.46583253145217896,0.4392129182815552
YHR202W,YLR260W,0,0.79149485,0.09958847612142563,0.46583253145217896,0.4393133223056793
YER035W,YLR019W,0,0.79148877,0.09956798702478409,0.46583253145217896,0.43941372632980347
YFL056C,YLR417W,0,0.79133713,0.09954751282930374,0.46583253145217896,0.4395141005516052
YEL034W,YGR225W,0,0.7912409,0.0995270386338234,0.46583253145217896,0.43961450457572937
YHR063C,YMR115W,0,0.79116285,0.09950657933950424,0.46583253145217896,0.43971487879753113
YHL035C,YPR025C,0,0.79116154,0.09948612749576569,0.46583253145217896,0.4398152828216553
YOR202W,YOL111C,0,0.79110223,0.09946568310260773,0.46583253145217896,0.43991565704345703
YLR005W,YIL038C,0,0.79105747,0.09944524616003036,0.46583253145217896,0.4400160610675812
YBR183W,YOL020W,0,0.79097044,0.0994248166680336,0.46583253145217896,0.4401164650917053
YPR137W,YPL061W,0,0.79096556,0.09940439462661743,0.46583253145217896,0.4402168393135071
YNL164C,YPL096W,0,0.7909587,0.09938398003578186,0.46583253145217896,0.4403172433376312
YLR390W,YBR186W,0,0.7909193,0.09936358034610748,0.46583253145217896,0.440417617559433
YLR259C,YLR395C,0,0.7908515,0.0993431881070137,0.46583253145217896,0.44051802158355713
YIL140W,YOR192C,0,0.79076135,0.09932279586791992,0.46583253145217896,0.4406184256076813
YLR409C,YLR110C,0,0.7907603,0.09930241852998734,0.46583253145217896,0.44071879982948303
YLR234W,YAR035W,0,0.7907566,0.09928204864263535,0.46583253145217896,0.4408192038536072
YKL180W,YNL111C,0,0.7906655,0.09926168620586395,0.46583253145217896,0.44091957807540894
YDL247W,YBR216C,0,0.790658,0.09924133867025375,0.46583253145217896,0.4410199820995331
YDL084W,YKR095W,0,0.79061663,0.09922099113464355,0.46583253145217896,0.44112035632133484
YER098W,YER040W,0,0.7905231,0.09920065850019455,0.46583253145217896,0.441220760345459
YJR043C,YAL019W,0,0.79047114,0.09918032586574554,0.46583253145217896,0.44132116436958313
YNL094W,YDR123C,0,0.7903685,0.09916000813245773,0.46583253145217896,0.4414215385913849
YNL216W,YNL328C,0,0.79025465,0.09913969784975052,0.46583253145217896,0.44152194261550903
YDR284C,YOR159C,0,0.7902419,0.0991193950176239,0.46583253145217896,0.4416223168373108
YOR038C,YBR272C,0,0.7901701,0.09909909963607788,0.46583253145217896,0.44172272086143494
YNR003C,YDR463W,0,0.7901404,0.09907881170511246,0.46583253145217896,0.4418231248855591
YJL162C,YEL056W,0,0.7901051,0.09905853122472763,0.46583253145217896,0.44192349910736084
YCL057W,YLR353W,0,0.7900712,0.099038265645504,0.46583253145217896,0.442023903131485
YLR017W,YAL015C,0,0.79006785,0.09901800006628036,0.46583253145217896,0.44212427735328674
YNL161W,YNL256W,0,0.79003584,0.09899774938821793,0.46583253145217896,0.4422246813774109
YDL076C,YOL027C,0,0.78999263,0.09897750616073608,0.46583253145217896,0.44232505559921265
YER168C,YOR229W,0,0.7897656,0.09895727038383484,0.46583253145217896,0.4424254596233368
YHR039C-A,YNL103W,0,0.78973114,0.09893704205751419,0.46583253145217896,0.44252586364746094
YBR201W,YIL132C,0,0.78972244,0.09891682118177414,0.46583253145217896,0.4426262378692627
YIL134W,YAL067C,1,0.7895807,0.09910093992948532,0.4667949974536896,0.4426262378692627
YLR411W,YJL093C,1,0.78955644,0.09928498417139053,0.4677574634552002,0.4426262378692627
YGR059W,YOR209C,0,0.7895397,0.0992647036910057,0.4677574634552002,0.44272664189338684
YDR244W,YBL014C,0,0.7894841,0.09924443811178207,0.4677574634552002,0.4428270161151886
YDL155W,YDL093W,0,0.7894642,0.09922417253255844,0.4677574634552002,0.44292742013931274
YDR067C,YPL133C,0,0.7894564,0.099203921854496,0.4677574634552002,0.4430277943611145
YDR195W,YPR105C,0,0.7894476,0.09918367117643356,0.4677574634552002,0.44312819838523865
YDR345C,YDR040C,1,0.7894218,0.09936747699975967,0.4687199294567108,0.44312819838523865
YPR091C,YGR281W,0,0.789407,0.09934720396995544,0.4687199294567108,0.4432286024093628
YLR165C,YPL209C,0,0.7892267,0.09932694584131241,0.4687199294567108,0.44332897663116455
YGR221C,YJL137C,0,0.78909504,0.09930668771266937,0.4687199294567108,0.4434293806552887
YPR169W,YPR079W,0,0.7889802,0.09928644448518753,0.4687199294567108,0.44352975487709045
YOL011W,YGR036C,0,0.78895605,0.09926620125770569,0.4687199294567108,0.4436301589012146
YDR188W,YBL063W,0,0.78889614,0.09924597293138504,0.4687199294567108,0.44373056292533875
YLR066W,YPL063W,0,0.78889555,0.09922575205564499,0.4687199294567108,0.4438309371471405
YOL012C,YDR087C,0,0.7887959,0.09920553863048553,0.4687199294567108,0.44393134117126465
YDR385W,YPL050C,0,0.7887832,0.09918533265590668,0.4687199294567108,0.4440317153930664
YGL167C,YKR001C,0,0.7887227,0.09916514158248901,0.4687199294567108,0.44413211941719055
YIL130W,YLR200W,0,0.7887101,0.09914495050907135,0.4687199294567108,0.4442324936389923
YLR006C,YDR226W,0,0.788348,0.09912477433681488,0.4687199294567108,0.44433289766311646
YNL121C,YKL020C,0,0.78827083,0.09910459816455841,0.4687199294567108,0.4444333016872406
YJR057W,YFL038C,0,0.7882619,0.09908443689346313,0.4687199294567108,0.44453367590904236
YKL112W,YLR411W,0,0.7881193,0.09906428307294846,0.4687199294567108,0.4446340799331665
YIL022W,YPL175W,0,0.78802,0.09904412925243378,0.4687199294567108,0.44473445415496826
YDR351W,YKR022C,0,0.7879781,0.09902399033308029,0.4687199294567108,0.4448348581790924
YOL006C,YBL051C,0,0.7879348,0.0990038588643074,0.4687199294567108,0.44493526220321655
YDR105C,YOL001W,0,0.7878963,0.09898374229669571,0.4687199294567108,0.4450356364250183
YGR289C,YLR069C,0,0.7878108,0.09896362572908401,0.4687199294567108,0.44513604044914246
YFL016C,YLR102C,0,0.7877039,0.09894351661205292,0.4687199294567108,0.4452364146709442
YKL130C,YPL043W,0,0.78768766,0.09892342239618301,0.4687199294567108,0.44533681869506836
YNL328C,YPR175W,0,0.78765976,0.09890332818031311,0.4687199294567108,0.4454371929168701
YPR134W,YDL230W,0,0.7876587,0.0988832488656044,0.4687199294567108,0.44553759694099426
YML056C,YKL090W,0,0.78759307,0.09886317700147629,0.4687199294567108,0.4456380009651184
YFR046C,YOR059C,0,0.78747976,0.09884311258792877,0.4687199294567108,0.44573837518692017
YNL052W,YOR307C,1,0.7874776,0.09902597218751907,0.46968239545822144,0.44573837518692017
YKL094W,YDL179W,0,0.7873376,0.09900588542222977,0.46968239545822144,0.4458387792110443
YDR245W,YHL025W,0,0.78715795,0.09898579865694046,0.46968239545822144,0.44593915343284607
YOL116W,YPL207W,0,0.7870809,0.09896572679281235,0.46968239545822144,0.4460395574569702
YOR011W,YBR031W,0,0.787037,0.09894566237926483,0.46968239545822144,0.446139931678772
YOR079C,YKL217W,1,0.7869247,0.09912832081317902,0.47064486145973206,0.446139931678772
YGR068C,YLR330W,0,0.78678775,0.09910822659730911,0.47064486145973206,0.4462403357028961
YKL206C,YBR293W,0,0.7866533,0.0990881472826004,0.47064486145973206,0.44634073972702026
YPL119C,YNL107W,0,0.7866255,0.0990680679678917,0.47064486145973206,0.446441113948822
YBL040C,YOR295W,0,0.7864845,0.09904800355434418,0.47064486145973206,0.44654151797294617
YHR168W,YBR248C,0,0.7864835,0.09902794659137726,0.47064486145973206,0.4466418921947479
YDR545W,YMR180C,0,0.7863394,0.09900789707899094,0.47064486145973206,0.44674229621887207
YMR182C,YLR242C,0,0.78628856,0.09898785501718521,0.47064486145973206,0.4468427002429962
YAL056W,YDR517W,0,0.7862146,0.09896782040596008,0.47064486145973206,0.446943074464798
YIL015W,YOR098C,0,0.7861943,0.09894779324531555,0.47064486145973206,0.4470434784889221
YCR079W,YBR073W,0,0.7861802,0.09892777353525162,0.47064486145973206,0.4471438527107239
YKL009W,YKL063C,0,0.78616387,0.09890776872634888,0.47064486145973206,0.447244256734848
YPL029W,YPR094W,0,0.78614914,0.09888776391744614,0.47064486145973206,0.4473446309566498
YOR361C,YKR093W,0,0.78613675,0.09886777400970459,0.47064486145973206,0.4474450349807739
YLR380W,YMR083W,0,0.7860261,0.09884778410196304,0.47064486145973206,0.44754543900489807
YGR092W,YPL030W,0,0.78598523,0.09882780909538269,0.47064486145973206,0.44764581322669983
YOR330C,YHR032W,0,0.7859739,0.09880784153938293,0.47064486145973206,0.447746217250824
YGL060W,YDR359C,0,0.7859159,0.09878788143396378,0.47064486145973206,0.44784659147262573
YMR168C,YLR292C,0,0.7858513,0.09876792877912521,0.47064486145973206,0.4479469954967499
YLR023C,YKL095W,0,0.78583497,0.09874798357486725,0.47064486145973206,0.448047399520874
YPR104C,YPL013C,0,0.78582275,0.09872804582118988,0.47064486145973206,0.4481477737426758
YDR324C,YCR043C,0,0.7858215,0.09870811551809311,0.47064486145973206,0.4482481777667999
YJL095W,YCR060W,0,0.78578824,0.09868819266557693,0.47064486145973206,0.4483485519886017
YGL068W,YJR021C,0,0.78573966,0.09866827726364136,0.47064486145973206,0.44844895601272583
YGL200C,YMR270C,0,0.78572166,0.09864837676286697,0.47064486145973206,0.4485493302345276
YMR143W,YML025C,0,0.7857072,0.09862847626209259,0.47064486145973206,0.44864973425865173
YCR034W,YDR146C,0,0.7856282,0.0986085906624794,0.47064486145973206,0.4487501382827759
YDR464W,YDR343C,0,0.78539485,0.09858871251344681,0.47064486145973206,0.44885051250457764
YKR039W,YGL045W,0,0.78528535,0.09856883436441422,0.47064486145973206,0.4489509165287018
YOR313C,YNL067W,0,0.7852773,0.09854897111654282,0.47064486145973206,0.44905129075050354
YLR417W,YML123C,1,0.7851795,0.09873060882091522,0.4716073274612427,0.44905129075050354
YJR007W,YDL178W,0,0.78503907,0.09871071577072144,0.4716073274612427,0.4491516947746277
YLR453C,YLR148W,0,0.7850224,0.09869083762168884,0.4716073274612427,0.44925206899642944
YKL005C,YPL097W,0,0.7849779,0.09867095947265625,0.4716073274612427,0.4493524730205536
YPR055W,YFR051C,0,0.78496593,0.09865109622478485,0.4716073274612427,0.44945287704467773
YGL236C,YDR430C,0,0.78484106,0.09863124042749405,0.4716073274612427,0.4495532512664795
YBR145W,YDR403W,0,0.78474915,0.09861139208078384,0.4716073274612427,0.44965365529060364
YKR068C,YMR153W,0,0.7846662,0.09859155118465424,0.4716073274612427,0.4497540295124054
YGR260W,YDL208W,0,0.7846408,0.09857171773910522,0.4716073274612427,0.44985443353652954
YOR336W,YBR072W,0,0.78460306,0.09855189174413681,0.4716073274612427,0.4499548375606537
YDR259C,YIR019C,0,0.78458416,0.09853207319974899,0.4716073274612427,0.45005521178245544
YCL054W,YML126C,0,0.7845808,0.09851226210594177,0.4716073274612427,0.4501556158065796
YOR129C,YDR468C,0,0.78416175,0.09849246591329575,0.4716073274612427,0.45025599002838135
YOL021C,YDR349C,0,0.7839954,0.09847266972064972,0.4716073274612427,0.4503563940525055
YIR011C,YIL022W,0,0.783929,0.09845288097858429,0.4716073274612427,0.45045676827430725
YFR050C,YOL008W,0,0.78392136,0.09843310713768005,0.4716073274612427,0.4505571722984314
YDR492W,YDR072C,0,0.78384495,0.09841333329677582,0.4716073274612427,0.45065757632255554
YDR129C,YHR085W,0,0.78380233,0.09839357435703278,0.4716073274612427,0.4507579505443573
YOL070C,YLR239C,0,0.7837411,0.09837382286787033,0.4716073274612427,0.45085835456848145
YCR036W,YBR054W,0,0.7837267,0.09835407137870789,0.4716073274612427,0.4509587287902832
YMR035W,YKR071C,0,0.7837056,0.09833433479070663,0.4716073274612427,0.45105913281440735
YPR068C,YDR179C,0,0.78370184,0.09831460565328598,0.4716073274612427,0.4511595368385315
YIL114C,YOR087W,1,0.7836834,0.0984954833984375,0.4725697934627533,0.4511595368385315
YIL114C,YPR002W,0,0.78364956,0.09847573190927505,0.4725697934627533,0.45125991106033325
YMR034C,YBR093C,0,0.7836474,0.0984559878706932,0.4725697934627533,0.4513603150844574
YDR148C,YJL118W,0,0.78360593,0.09843624383211136,0.4725697934627533,0.45146068930625916
YLL051C,YHR002W,1,0.78359884,0.09861695766448975,0.47353222966194153,0.45146068930625916
YDL202W,YJL179W,0,0.783597,0.09859719127416611,0.47353222966194153,0.4515610933303833
YOR357C,YPL211W,0,0.783576,0.09857743978500366,0.47353222966194153,0.45166146755218506
YHR134W,YHR065C,0,0.7834902,0.09855769574642181,0.47353222966194153,0.4517618715763092
YLR166C,YKL099C,0,0.7834471,0.09853795170783997,0.47353222966194153,0.45186227560043335
YER169W,YOR195W,0,0.7834437,0.09851822257041931,0.47353222966194153,0.4519626498222351
YGR195W,YFL005W,0,0.783246,0.09849850088357925,0.47353222966194153,0.45206305384635925
YMR238W,YOR323C,0,0.7832079,0.0984787866473198,0.47353222966194153,0.452163428068161
YOR136W,YEL056W,0,0.78313243,0.09845907241106033,0.47353222966194153,0.45226383209228516
YPR020W,YKL188C,1,0.7830779,0.09863945841789246,0.47449469566345215,0.45226383209228516
YGR098C,YGL071W,0,0.7829737,0.0986197218298912,0.47449469566345215,0.4523642063140869
YOR065W,YJL098W,1,0.7829164,0.09880000352859497,0.47545716166496277,0.4523642063140869
YNL219C,YGL201C,0,0.78285295,0.09878024458885193,0.47545716166496277,0.45246461033821106
YIL073C,YLL006W,0,0.7828046,0.09876049309968948,0.47545716166496277,0.4525650143623352
YPL084W,YML038C,1,0.78279686,0.09894063323736191,0.4764196276664734,0.4525650143623352
YMR136W,YGL226W,0,0.78278553,0.09892086684703827,0.4764196276664734,0.45266538858413696
YPL228W,YOL115W,0,0.7825642,0.09890110045671463,0.4764196276664734,0.4527657926082611
YLR386W,YKL184W,0,0.7822857,0.09888134151697159,0.4764196276664734,0.45286616683006287
YBR133C,YGL167C,0,0.7821687,0.09886159747838974,0.4764196276664734,0.452966570854187
YHR039C,YFL031W,0,0.78215027,0.09884185343980789,0.4764196276664734,0.45306697487831116
YNL055C,YBL071W-A,0,0.7821007,0.09882211685180664,0.4764196276664734,0.4531673491001129
YJL094C,YDR040C,1,0.781927,0.09900199621915817,0.477382093667984,0.4531673491001129
YGR231C,YDR454C,0,0.78167087,0.09898223727941513,0.477382093667984,0.45326775312423706
YLR128W,YMR146C,0,0.78148293,0.09896249324083328,0.477382093667984,0.4533681273460388
YNR018W,YMR090W,0,0.78144634,0.09894274920225143,0.477382093667984,0.45346853137016296
YKR068C,YPL235W,0,0.78143644,0.09892301261425018,0.477382093667984,0.4535689055919647
YDR322C-A,YPL030W,0,0.78139794,0.09890329092741013,0.477382093667984,0.45366930961608887
YKL176C,YBR106W,0,0.7813822,0.09888356924057007,0.477382093667984,0.453769713640213
YNL208W,YOR099W,0,0.78132343,0.0988638624548912,0.477382093667984,0.45387008786201477
YCR042C,YKL149C,0,0.7813174,0.09884416311979294,0.477382093667984,0.4539704918861389
YPR104C,YML071C,0,0.7812549,0.09882446378469467,0.477382093667984,0.4540708661079407
YNL137C,YNR017W,0,0.7811509,0.0988047793507576,0.477382093667984,0.4541712701320648
YGL008C,YEL001C,0,0.7811384,0.09878510236740112,0.477382093667984,0.45427167415618896
YOR156C,YDR371W,0,0.78112054,0.09876543283462524,0.477382093667984,0.4543720483779907
YKR046C,YIR031C,0,0.7810815,0.09874577075242996,0.477382093667984,0.45447245240211487
YPL098C,YDR235W,0,0.78107435,0.09872611612081528,0.477382093667984,0.4545728266239166
YDR324C,YPR111W,0,0.7810551,0.09870646893978119,0.477382093667984,0.45467323064804077
YER081W,YBL041W,0,0.78102493,0.0986868292093277,0.477382093667984,0.45477360486984253
YIL085C,YGR090W,0,0.78095275,0.0986671969294548,0.477382093667984,0.4548740088939667
YOR336W,YKL172W,0,0.78094745,0.0986475721001625,0.477382093667984,0.4549744129180908
YML123C,YCR027C,1,0.78083754,0.0988268032670021,0.47834455966949463,0.4549744129180908
YBR129C,YDR527W,0,0.78079504,0.09880715608596802,0.47834455966949463,0.4550747871398926
YBR171W,YGR096W,0,0.78066003,0.09878751635551453,0.47834455966949463,0.4551751911640167
YJL001W,YLR110C,0,0.7806009,0.09876788407564163,0.47834455966949463,0.4552755653858185
YOR229W,YBR199W,0,0.78053135,0.09874825924634933,0.47834455966949463,0.4553759694099426
YML099C,YHR132C,0,0.78052574,0.09872864186763763,0.47834455966949463,0.4554763436317444
YKL217W,YCR027C,1,0.78051996,0.09890764951705933,0.47930702567100525,0.4554763436317444
YBR171W,YOL108C,0,0.7805123,0.09888800978660583,0.47930702567100525,0.45557674765586853
YML099C,YOR359W,0,0.78049886,0.09886837750673294,0.47930702567100525,0.4556771516799927
YGL148W,YOR106W,0,0.7804898,0.09884875267744064,0.47930702567100525,0.45577752590179443
YOR341W,YER042W,0,0.7804874,0.09882913529872894,0.47930702567100525,0.4558779299259186
YGR087C,YLR299W,0,0.78043723,0.09880952537059784,0.47930702567100525,0.45597830414772034
YBR072W,YPR141C,0,0.7803899,0.09878992289304733,0.47930702567100525,0.4560787081718445
YBR044C,YOR099W,0,0.78036237,0.09877032786607742,0.47930702567100525,0.45617911219596863
YIL123W,YOR094W,0,0.7803381,0.09875074028968811,0.47930702567100525,0.4562794864177704
YEL053C,YHL001W,0,0.7803172,0.09873116761445999,0.47930702567100525,0.45637989044189453
YOL077W-A,YDR536W,1,0.7801482,0.09890981018543243,0.48026949167251587,0.45637989044189453
YEL027W,YOR377W,0,0.7801241,0.09889020770788193,0.48026949167251587,0.4564802646636963
YDR377W,YCR091W,0,0.7800595,0.09887061268091202,0.48026949167251587,0.45658066868782043
YMR081C,YER022W,0,0.78003037,0.0988510325551033,0.48026949167251587,0.4566810429096222
YKR088C,YHR033W,0,0.7799921,0.09883145242929459,0.48026949167251587,0.45678144693374634
YLR213C,YOL033W,0,0.77994955,0.09881187975406647,0.48026949167251587,0.4568818509578705
YDR043C,YEL063C,0,0.7799355,0.09879232197999954,0.48026949167251587,0.45698222517967224
YDR111C,YJL053W,0,0.77986574,0.09877276420593262,0.48026949167251587,0.4570826292037964
YMR053C,YOR009W,0,0.77980685,0.09875321388244629,0.48026949167251587,0.45718300342559814
YLL021W,YLR368W,0,0.7797223,0.09873367846012115,0.48026949167251587,0.4572834074497223
YDR351W,YPL086C,0,0.7796043,0.09871414303779602,0.48026949167251587,0.45738381147384644
YOR205C,YOR007C,0,0.7795926,0.09869462251663208,0.48026949167251587,0.4574841856956482
YDR470C,YDR403W,0,0.7795222,0.09867510199546814,0.48026949167251587,0.45758458971977234
YNL002C,YML110C,0,0.7794187,0.0986555963754654,0.48026949167251587,0.4576849639415741
YJR042W,YGL077C,0,0.7792956,0.09863609075546265,0.48026949167251587,0.45778536796569824
YKL016C,YHL040C,1,0.7792011,0.0988142266869545,0.4812319576740265,0.45778536796569824
YDL214C,YOR177C,0,0.7790936,0.09879470616579056,0.4812319576740265,0.4578857421875
YLR417W,YML121W,1,0.77907646,0.09897273778915405,0.4821944236755371,0.4578857421875
YNR059W,YOR267C,0,0.77903867,0.09895318746566772,0.4821944236755371,0.45798614621162415
YJL095W,YKL149C,0,0.77901316,0.09893365204334259,0.4821944236755371,0.4580865502357483
YLR023C,YHR005C,0,0.77894914,0.09891411662101746,0.4821944236755371,0.45818692445755005
YKL119C,YLR145W,0,0.7789038,0.09889458864927292,0.4821944236755371,0.4582873284816742
YHR102W,YPL010W,0,0.77877426,0.09887507557868958,0.4821944236755371,0.45838770270347595
YJL187C,YNL197C,0,0.7787659,0.09885556250810623,0.4821944236755371,0.4584881067276001
YGL179C,YER038C,0,0.778677,0.09883606433868408,0.4821944236755371,0.45858848094940186
YJR152W,YGR229C,0,0.7786639,0.09881656616926193,0.4821944236755371,0.458688884973526
YMR226C,YOR103C,0,0.7786417,0.09879708290100098,0.4821944236755371,0.45878928899765015
YMR143W,YNL243W,0,0.77863574,0.09877759963274002,0.4821944236755371,0.4588896632194519
YDR256C,YLR347C,0,0.77858293,0.09875813126564026,0.4821944236755371,0.45899006724357605
YNL259C,YER151C,0,0.7784677,0.0987386703491211,0.4821944236755371,0.4590904414653778
YPL138C,YNL265C,0,0.7784586,0.09871920943260193,0.4821944236755371,0.45919084548950195
YPL274W,YOL020W,1,0.7784251,0.09889677166938782,0.48315688967704773,0.45919084548950195
YKL049C,YOL052C,0,0.77837884,0.09887728840112686,0.48315688967704773,0.4592912495136261
YGR041W,YGL172W,0,0.77836335,0.0988578200340271,0.48315688967704773,0.45939162373542786
YOL011W,YER172C,0,0.77826375,0.09883835166692734,0.48315688967704773,0.459492027759552
YPR036W,YOR307C,1,0.7782563,0.0990157499909401,0.48411935567855835,0.459492027759552
YLR389C,YOL111C,0,0.77824616,0.09899625927209854,0.48411935567855835,0.45959240198135376
YPL236C,YFL026W,0,0.7782314,0.09897678345441818,0.48411935567855835,0.4596928060054779
YMR246W,YBR294W,1,0.77820605,0.0991540402173996,0.48508182168006897,0.4596928060054779
YBR290W,YJL196C,0,0.7782018,0.09913454204797745,0.48508182168006897,0.45979318022727966
YBL045C,YBR020W,0,0.77819705,0.0991150438785553,0.48508182168006897,0.4598935842514038
YPR155C,YEL048C,0,0.77809656,0.09909555315971375,0.48508182168006897,0.45999398827552795
YML116W,YOR071C,1,0.77797824,0.09927265346050262,0.4860442876815796,0.45999398827552795
YNL116W,YBR072W,0,0.7779582,0.09925314784049988,0.4860442876815796,0.4600943624973297
YDL093W,YNL082W,0,0.7778688,0.09923364222049713,0.4860442876815796,0.46019476652145386
YDR534C,YFL011W,1,0.77781117,0.09941060841083527,0.4870067238807678,0.46019476652145386
YMR021C,YJR048W,0,0.7778108,0.09939108043909073,0.4870067238807678,0.4602951407432556
YOL129W,YGR277C,0,0.7778022,0.09937155991792679,0.4870067238807678,0.46039554476737976
YDL235C,YCR036W,0,0.7777896,0.09935205429792404,0.4870067238807678,0.4604959487915039
YFL050C,YPR020W,1,0.7777645,0.09952885657548904,0.48796918988227844,0.4604959487915039
YHR072W,YGL190C,0,0.7777531,0.09950932115316391,0.48796918988227844,0.46059632301330566
YBR260C,YER172C,0,0.7777267,0.09948979318141937,0.48796918988227844,0.4606967270374298
YFL010W-A,YPL042C,0,0.77770364,0.09947028011083603,0.48796918988227844,0.46079710125923157
YGL044C,YML078W,0,0.7776546,0.09945076704025269,0.48796918988227844,0.4608975052833557
YKL006W,YGR287C,0,0.7775354,0.09943126142024994,0.48796918988227844,0.46099787950515747
YNR067C,YBL042C,0,0.77751267,0.09941176325082779,0.48796918988227844,0.4610982835292816
YLR447C,YOR334W,1,0.7774948,0.0995883196592331,0.48893165588378906,0.4610982835292816
YOR328W,YBR038W,0,0.7769942,0.09956879913806915,0.48893165588378906,0.46119868755340576
YDR208W,YBL016W,0,0.77698565,0.09954928606748581,0.48893165588378906,0.4612990617752075
YEL005C,YOR016C,0,0.77695626,0.09952978044748306,0.48893165588378906,0.46139946579933167
YNL245C,YDL126C,0,0.77695066,0.09951028227806091,0.48893165588378906,0.4614998400211334
YNL180C,YGL142C,0,0.77693874,0.09949079155921936,0.48893165588378906,0.46160024404525757
YGR038W,YNL176C,0,0.7769195,0.099471315741539,0.48893165588378906,0.4617006182670593
YMR194W,YDR264C,0,0.7766585,0.09945183992385864,0.48893165588378906,0.46180102229118347
YIL143C,YMR239C,0,0.7766181,0.09943237155675888,0.48893165588378906,0.4619014263153076
YIL006W,YHL036W,1,0.77652097,0.09960860759019852,0.4898941218852997,0.4619014263153076
YDL103C,YGR224W,0,0.77647305,0.09958912432193756,0.4898941218852997,0.4620018005371094
YOL009C,YGL018C,0,0.77642417,0.0995696410536766,0.4898941218852997,0.4621022045612335
YMR002W,YBR042C,0,0.7763964,0.09955016523599625,0.4898941218852997,0.4622025787830353
YER007C-A,YDR332W,0,0.77639437,0.09953069686889648,0.4898941218852997,0.4623029828071594
YLR066W,YDR057W,0,0.7763418,0.09951124340295792,0.4898941218852997,0.46240338683128357
YIL047C,YGL201C,0,0.77633154,0.09949178993701935,0.4898941218852997,0.4625037610530853
YKL061W,YNL256W,0,0.7760825,0.09947234392166138,0.4898941218852997,0.4626041650772095
YGL022W,YML121W,0,0.77606535,0.0994529128074646,0.4898941218852997,0.46270453929901123
YNR051C,YJR147W,0,0.7760602,0.09943348169326782,0.4898941218852997,0.4628049433231354
YPR001W,YBR072W,0,0.77600825,0.09941406548023224,0.4898941218852997,0.46290531754493713
YLR460C,YGL250W,0,0.7759445,0.09939464926719666,0.4898941218852997,0.4630057215690613
YOR084W,YLR347C,0,0.7759286,0.09937524050474167,0.4898941218852997,0.4631061255931854
YDR040C,YPL036W,1,0.7758764,0.09955104440450668,0.4908565878868103,0.4631061255931854
YDL193W,YLR425W,0,0.77579194,0.0995316132903099,0.4908565878868103,0.4632064998149872
YPL088W,YFL031W,0,0.7757903,0.09951219707727432,0.4908565878868103,0.46330690383911133
YIL134W,YKL007W,0,0.77566123,0.09949278086423874,0.4908565878868103,0.4634072780609131
YDL160C,YDL246C,0,0.7754593,0.09947337955236435,0.4908565878868103,0.46350768208503723
YLR410W,YGL100W,0,0.77544796,0.09945397824048996,0.4908565878868103,0.4636080861091614
YGL001C,YBR189W,0,0.77535975,0.09943458437919617,0.4908565878868103,0.46370846033096313
YDR021W,YLL043W,0,0.7753061,0.09941520541906357,0.4908565878868103,0.4638088643550873
YJL069C,YLR368W,0,0.7752682,0.09939582645893097,0.4908565878868103,0.46390923857688904
YNL048W,YGL018C,0,0.7752312,0.09937646239995956,0.4908565878868103,0.4640096426010132
YOL132W,YOR110W,0,0.7750814,0.09935709834098816,0.4908565878868103,0.46411001682281494
YOR357C,YOR197W,0,0.775056,0.09933774918317795,0.4908565878868103,0.4642104208469391
YLR369W,YDR496C,0,0.7750368,0.09931840002536774,0.4908565878868103,0.46431082487106323
YGL179C,YJR159W,0,0.77495813,0.09929906576871872,0.4908565878868103,0.464411199092865
YDL105W,YMR319C,0,0.77482927,0.0992797389626503,0.4908565878868103,0.46451160311698914
YNL087W,YDL209C,0,0.7747818,0.09926041215658188,0.4908565878868103,0.4646119773387909
YJL005W,YDL168W,0,0.77464294,0.09924110025167465,0.4908565878868103,0.46471238136291504
YHR119W,YCL044C,0,0.77458906,0.09922178834676743,0.4908565878868103,0.4648127555847168
YML128C,YCL004W,0,0.7745411,0.09920249134302139,0.4908565878868103,0.46491315960884094
YIL118W,YFL034C-A,0,0.7745099,0.09918319433927536,0.4908565878868103,0.4650135636329651
YOL122C,YNL321W,1,0.77450365,0.09935835003852844,0.4918190538883209,0.4650135636329651
YNL316C,YDL243C,0,0.7744979,0.09933903813362122,0.4918190538883209,0.46511393785476685
YDR343C,YMR275C,1,0.7743461,0.09951408952474594,0.49278151988983154,0.46511393785476685
YDR346C,YMR313C,0,0.77431583,0.09949475526809692,0.49278151988983154,0.465214341878891
YDR508C,YPL084W,1,0.7742059,0.09966970980167389,0.49374398589134216,0.465214341878891
YFR014C,YPL283C,0,0.7741555,0.09965035319328308,0.49374398589134216,0.46531471610069275
YGR186W,YOR188W,0,0.7741292,0.09963099658489227,0.49374398589134216,0.4654151201248169
YIL087C,YDR108W,0,0.7741045,0.09961164742708206,0.49374398589134216,0.46551552414894104
YOL088C,YOL141W,0,0.77410287,0.09959231317043304,0.49374398589134216,0.4656158983707428
YFL011W,YIL038C,0,0.7740887,0.09957297891378403,0.49374398589134216,0.46571630239486694
YCR021C,YBR153W,0,0.7738403,0.0995536595582962,0.49374398589134216,0.4658166766166687
YPL010W,YPR083W,0,0.77382,0.09953434020280838,0.49374398589134216,0.46591708064079285
YJL207C,YFR031C-A,0,0.77377903,0.09951503574848175,0.49374398589134216,0.4660174548625946
YDL102W,YPL232W,0,0.7737024,0.09949573129415512,0.49374398589134216,0.46611785888671875
YHL020C,YDL240W,0,0.7736585,0.09947644174098969,0.49374398589134216,0.4662182629108429
YFR025C,YDR369C,0,0.77364314,0.09945715218782425,0.49374398589134216,0.46631863713264465
YLR011W,YDL047W,0,0.77342105,0.09943787753582001,0.49374398589134216,0.4664190411567688
YHL027W,YPR057W,0,0.7733985,0.09941860288381577,0.49374398589134216,0.46651941537857056
YJR147W,YAL047C,0,0.77328104,0.09939934313297272,0.49374398589134216,0.4666198194026947
YOR330C,YLR037C,0,0.7732696,0.09938008338212967,0.49374398589134216,0.46672022342681885
YOL112W,YIR008C,0,0.7730571,0.09936083853244781,0.49374398589134216,0.4668205976486206
YNL321W,YOL156W,1,0.77300966,0.09953524172306061,0.4947064518928528,0.4668205976486206
YJR088C,YFR034C,0,0.7729975,0.09951597452163696,0.4947064518928528,0.46692100167274475
YDR411C,YGL163C,0,0.77287716,0.09949670732021332,0.4947064518928528,0.4670213758945465
YGL225W,YGR096W,0,0.7728139,0.09947745501995087,0.4947064518928528,0.46712177991867065
YER167W,YJL116C,0,0.77279234,0.09945820271968842,0.4947064518928528,0.4672221541404724
YML062C,YLR417W,0,0.7727914,0.09943896532058716,0.4947064518928528,0.46732255816459656
YDR178W,YML021C,0,0.77254677,0.0994197279214859,0.4947064518928528,0.4674229621887207
YPL057C,YAL038W,0,0.7724927,0.09940050542354584,0.4947064518928528,0.46752333641052246
YLR130C,YBL089W,1,0.7724644,0.09957463294267654,0.4956689178943634,0.46752333641052246
YLR215C,YHR088W,0,0.772439,0.09955538064241409,0.4956689178943634,0.4676237404346466
YER143W,YJL196C,0,0.7724214,0.09953614324331284,0.4956689178943634,0.46772411465644836
YAL032C,YJL103C,0,0.7724123,0.09951690584421158,0.4956689178943634,0.4678245186805725
YDR451C,YNL003C,0,0.77238774,0.09949768334627151,0.4956689178943634,0.46792489290237427
YLR352W,YGR094W,0,0.77237713,0.09947846084833145,0.4956689178943634,0.4680252969264984
YNL222W,YLR197W,0,0.7723008,0.09945925325155258,0.4956689178943634,0.46812570095062256
YLR044C,YNL299W,0,0.77228683,0.09944004565477371,0.4956689178943634,0.4682260751724243
YDR488C,YDR349C,0,0.772176,0.09942085295915604,0.4956689178943634,0.46832647919654846
YKR044W,YLR289W,0,0.7721677,0.09940166026353836,0.4956689178943634,0.4684268534183502
YPL218W,YBR002C,0,0.77214926,0.09938247501850128,0.4956689178943634,0.46852725744247437
YDR409W,YMR091C,0,0.7721479,0.0993633046746254,0.4956689178943634,0.4686276614665985
YFR051C,YDR446W,0,0.7720454,0.09934413433074951,0.4956689178943634,0.46872803568840027
YNR069C,YKR056W,0,0.7719097,0.09932497888803482,0.4956689178943634,0.4688284397125244
YGL192W,YGR060W,0,0.7717862,0.09930582344532013,0.4956689178943634,0.46892881393432617
YPR187W,YOR060C,0,0.77171326,0.09928667545318604,0.4956689178943634,0.4690292179584503
YGR195W,YDR454C,0,0.77166253,0.09926754236221313,0.4956689178943634,0.4691295921802521
YLR316C,YDR281C,0,0.77164185,0.09924840927124023,0.4956689178943634,0.4692299962043762
YGR087C,YJR044C,0,0.7716343,0.09922928363084793,0.4956689178943634,0.46933040022850037
YBR015C,YGL186C,0,0.7716196,0.09921017289161682,0.4956689178943634,0.4694307744503021
YNR044W,YBR288C,0,0.77155125,0.09919106215238571,0.4956689178943634,0.46953117847442627
YIR031C,YKL150W,0,0.7715409,0.0991719588637352,0.4956689178943634,0.469631552696228
YDR328C,YDL046W,0,0.7714573,0.09915287047624588,0.4956689178943634,0.4697319567203522
YKR088C,YDR383C,0,0.77140963,0.09913378208875656,0.4956689178943634,0.4698323607444763
YIL042C,YPL152W,0,0.7714043,0.09911470115184784,0.4956689178943634,0.4699327349662781
YML001W,YIL142W,0,0.7712835,0.09909563511610031,0.4956689178943634,0.4700331389904022
YDL029W,YDR155C,0,0.7712792,0.09907656908035278,0.4956689178943634,0.470133513212204
YML013W,YCR020W-B,0,0.7712406,0.09905751049518585,0.4956689178943634,0.4702339172363281
YMR101C,YLR435W,0,0.7711992,0.09903845936059952,0.4956689178943634,0.4703342914581299
YDL214C,YBR074W,0,0.77109,0.09901941567659378,0.4956689178943634,0.47043469548225403
YGR258C,YER004W,0,0.7710827,0.09900038689374924,0.4956689178943634,0.4705350995063782
YPL224C,YGL167C,1,0.7710799,0.09917355328798294,0.496631383895874,0.4705350995063782
YGL028C,YCR036W,0,0.7710237,0.09915449470281601,0.496631383895874,0.47063547372817993
YOR049C,YNL003C,1,0.77088225,0.09932757169008255,0.49759384989738464,0.47063547372817993
YEL069C,YLR284C,0,0.77084243,0.09930849075317383,0.49759384989738464,0.4707358777523041
YGR244C,YPL256C,0,0.7707817,0.0992894172668457,0.49759384989738464,0.47083625197410583
YHR001W,YEL046C,0,0.77075076,0.09927035123109818,0.49759384989738464,0.47093665599823
YDL245C,YNR055C,1,0.7706689,0.09944327175617218,0.49855631589889526,0.47093665599823
YLR259C,YML132W,0,0.77064896,0.09942418336868286,0.49855631589889526,0.47103703022003174
YKL144C,YPL187W,0,0.7704644,0.09940510243177414,0.49855631589889526,0.4711374342441559
YIL030C,YOL009C,0,0.77038395,0.09938602894544601,0.49855631589889526,0.47123783826828003
YIL105C,YOR016C,0,0.7703055,0.09936697036027908,0.49855631589889526,0.4713382124900818
YAL019W,YDR180W,0,0.77015394,0.09934791177511215,0.49855631589889526,0.47143861651420593
YKL146W,YGR138C,1,0.77000344,0.09952061623334885,0.4995187819004059,0.47143861651420593
YDL031W,YKR086W,0,0.7699995,0.09950153529644012,0.4995187819004059,0.4715389907360077
YGR157W,YMR268C,0,0.7699988,0.099482461810112,0.4995187819004059,0.47163939476013184
YMR315W,YMR202W,0,0.7699986,0.09946339577436447,0.4995187819004059,0.471739798784256
YIR031C,YNL066W,0,0.76999605,0.09944433718919754,0.4995187819004059,0.47184017300605774
YOR362C,YML073C,0,0.7699615,0.0994252860546112,0.4995187819004059,0.4719405770301819
YKR068C,YGL243W,0,0.7698676,0.09940624237060547,0.4995187819004059,0.47204095125198364
YMR038C,YKR042W,0,0.76986206,0.09938720613718033,0.4995187819004059,0.4721413552761078
YJL191W,YKL114C,0,0.76960605,0.09936817735433578,0.4995187819004059,0.47224172949790955
YDR174W,YLR004C,0,0.76954967,0.09934915602207184,0.4995187819004059,0.4723421335220337
YLR130C,YDL185W,1,0.7694806,0.09952153265476227,0.5004812479019165,0.4723421335220337
YNR075W,YLR330W,0,0.7694613,0.09950248897075653,0.5004812479019165,0.47244253754615784
YBR253W,YCR035C,0,0.7692289,0.09948345273733139,0.5004812479019165,0.4725429117679596
YKL082C,YLR452C,0,0.7690184,0.09946442395448685,0.5004812479019165,0.47264331579208374
YJL005W,YJL214W,0,0.7690067,0.0994454026222229,0.5004812479019165,0.4727436900138855
YOR273C,YBR150C,0,0.76898646,0.09942638874053955,0.5004812479019165,0.47284409403800964
YOL129W,YLR264W,0,0.76878357,0.0994073823094368,0.5004812479019165,0.4729444980621338
YOL077W-A,YDL126C,0,0.76877284,0.09938837587833405,0.5004812479019165,0.47304487228393555
YNR004W,YOR045W,0,0.76875436,0.09936938434839249,0.5004812479019165,0.4731452763080597
YOR054C,YJL058C,0,0.76872694,0.09935040026903152,0.5004812479019165,0.47324565052986145
YOR149C,YPL100W,0,0.7687248,0.09933142364025116,0.5004812479019165,0.4733460545539856
YDL018C,YPL211W,0,0.76868397,0.09931245446205139,0.5004812479019165,0.47344642877578735
YPL162C,YLL032C,0,0.76863503,0.09929348528385162,0.5004812479019165,0.4735468327999115
YOR032C,YGL129C,0,0.7685914,0.09927453100681305,0.5004812479019165,0.47364723682403564
YLR325C,YPR068C,0,0.7683841,0.09925558418035507,0.5004812479019165,0.4737476110458374
YPR152C,YOL136C,0,0.7683815,0.09923664480447769,0.5004812479019165,0.47384801506996155
YJL047C,YDR309C,0,0.7683306,0.09921770542860031,0.5004812479019165,0.4739483892917633
YOL033W,YLR016C,0,0.7680924,0.09919878095388412,0.5004812479019165,0.47404879331588745
YAL026C,YGR155W,0,0.7680888,0.09917985647916794,0.5004812479019165,0.4741491675376892
YBR031W,YDL246C,0,0.76806307,0.09916094690561295,0.5004812479019165,0.47424957156181335
YKR052C,YDR038C,1,0.7680352,0.09933269768953323,0.5014436841011047,0.47424957156181335
YNL156C,YKL054C,0,0.76801467,0.09931376576423645,0.5014436841011047,0.4743499755859375
YDR165W,YKL149C,0,0.76798975,0.09929483383893967,0.5014436841011047,0.47445034980773926
YOL027C,YOL077W-A,1,0.76798314,0.0994664654135704,0.5024061799049377,0.47445034980773926
YGL187C,YBR294W,1,0.76794076,0.09963802993297577,0.503368616104126,0.47445034980773926
YER046W,YMR323W,0,0.7678391,0.09961904585361481,0.503368616104126,0.4745507538318634
YLR406C,YNL020C,0,0.7678144,0.09960007667541504,0.503368616104126,0.47465112805366516
YKR052C,YKL015W,0,0.76776934,0.09958111494779587,0.503368616104126,0.4747515320777893
YLR417W,YGL006W,1,0.76767534,0.0997525230050087,0.504331111907959,0.4747515320777893
YKL078W,YDR098C,0,0.76756716,0.09973353892564774,0.504331111907959,0.47485193610191345
YNL054W,YDR382W,0,0.7675146,0.09971455484628677,0.504331111907959,0.4749523103237152
YPL037C,YBR234C,0,0.76748997,0.099695585668087,0.504331111907959,0.47505271434783936
YBR132C,YGR229C,0,0.7674755,0.09967662394046783,0.504331111907959,0.4751530885696411
YBR034C,YHR083W,0,0.767466,0.09965766221284866,0.504331111907959,0.47525349259376526
YDR174W,YHL009C,0,0.76742506,0.09963871538639069,0.504331111907959,0.475353866815567
YNL216W,YOL124C,0,0.76741767,0.09961976855993271,0.504331111907959,0.47545427083969116
YJL094C,YOL130W,1,0.767398,0.09979091584682465,0.5052935481071472,0.47545427083969116
YJL171C,YMR143W,0,0.76724267,0.09977194666862488,0.5052935481071472,0.4755546748638153
YIL041W,YMR216C,0,0.76720756,0.0997529923915863,0.5052935481071472,0.47565504908561707
YML030W,YPR191W,1,0.76693887,0.0999240130186081,0.5062560439109802,0.47565504908561707
YAL039C,YGL029W,0,0.7668338,0.09990503638982773,0.5062560439109802,0.4757554531097412
YDL236W,YPR037C,0,0.7668173,0.09988605976104736,0.5062560439109802,0.47585582733154297
YGR245C,YCR003W,0,0.7667998,0.09986709803342819,0.5062560439109802,0.4759562313556671
YDR432W,YJL069C,0,0.7666651,0.09984813630580902,0.5062560439109802,0.47605663537979126
YJL054W,YOR317W,0,0.7666128,0.09982918947935104,0.5062560439109802,0.476157009601593
YHR024C,YLR270W,0,0.76652026,0.09981025010347366,0.5062560439109802,0.47625741362571716
YDR257C,YDR427W,0,0.7663027,0.09979131072759628,0.5062560439109802,0.4763577878475189
YDL126C,YMR075W,0,0.7661149,0.0997723788022995,0.5062560439109802,0.47645819187164307
YIL137C,YML028W,0,0.7660784,0.09975346177816391,0.5062560439109802,0.4765585660934448
YDL025C,YDR025W,0,0.7659974,0.09973454475402832,0.5062560439109802,0.47665897011756897
YGR222W,YGL116W,0,0.7659495,0.09971564263105392,0.5062560439109802,0.4767593741416931
YGL065C,YOR078W,0,0.7658472,0.09969674050807953,0.5062560439109802,0.4768597483634949
YMR274C,YIL144W,0,0.76582485,0.09967784583568573,0.5062560439109802,0.476960152387619
YCL057W,YJL098W,0,0.7657996,0.09965895861387253,0.5062560439109802,0.4770605266094208
YKL197C,YMR159C,0,0.7657723,0.09964008629322052,0.5062560439109802,0.4771609306335449
YNR055C,YDR342C,1,0.76574636,0.09981060773134232,0.5072184801101685,0.4771609306335449
YER078C,YMR283C,0,0.76570463,0.09979170560836792,0.5072184801101685,0.4772613048553467
YIR025W,YDR137W,0,0.7656925,0.09977281093597412,0.5072184801101685,0.4773617088794708
YOL122C,YMR058W,1,0.7656205,0.09994321316480637,0.5081809163093567,0.4773617088794708
YBR042C,YJL045W,0,0.7655619,0.09992429614067078,0.5081809163093567,0.47746211290359497
YBR182C,YER062C,0,0.7655308,0.09990539401769638,0.5081809163093567,0.47756248712539673
YPR111W,YIL056W,0,0.76546526,0.09988649189472198,0.5081809163093567,0.4776628911495209
YOR212W,YGL190C,0,0.76544815,0.09986759722232819,0.5081809163093567,0.47776326537132263
YNR048W,YLR399C,0,0.7654191,0.09984871745109558,0.5081809163093567,0.4778636693954468
YBR121C,YKL041W,0,0.7654172,0.09982983767986298,0.5081809163093567,0.4779640734195709
YPL064C,YFR030W,0,0.76539,0.09981096535921097,0.5081809163093567,0.4780644476413727
YER013W,YBR061C,0,0.7653644,0.09979210048913956,0.5081809163093567,0.4781648516654968
YGL093W,YEL024W,0,0.7653479,0.09977324306964874,0.5081809163093567,0.4782652258872986
YDL059C,YKR066C,0,0.7653385,0.09975439310073853,0.5081809163093567,0.47836562991142273
YOR336W,YLR066W,0,0.76533383,0.0997355505824089,0.5081809163093567,0.4784660041332245
YHR060W,YKR103W,0,0.76531017,0.09971671551465988,0.5081809163093567,0.47856640815734863
YGL051W,YNL085W,0,0.7652998,0.09969788789749146,0.5081809163093567,0.4786668121814728
YMR322C,YOR171C,0,0.7652716,0.09967906028032303,0.5081809163093567,0.47876718640327454
YNR039C,YKR022C,0,0.7651918,0.0996602475643158,0.5081809163093567,0.4788675904273987
YOR180C,YKL139W,0,0.7651285,0.09964144229888916,0.5081809163093567,0.47896796464920044
YNR069C,YIL005W,0,0.76509595,0.09962264448404312,0.5081809163093567,0.4790683686733246
YPR189W,YOR230W,0,0.76502,0.09960384666919708,0.5081809163093567,0.47916877269744873
YNR030W,YOL027C,0,0.7649315,0.09958506375551224,0.5081809163093567,0.4792691469192505
YNL020C,YGL038C,0,0.76491404,0.09956628084182739,0.5081809163093567,0.47936955094337463
YBR010W,YPL265W,0,0.76487625,0.09954751282930374,0.5081809163093567,0.4794699251651764
YBR003W,YLR155C,0,0.7648392,0.09952874481678009,0.5081809163093567,0.47957032918930054
YDL010W,YPR169W,0,0.7647406,0.09950999170541763,0.5081809163093567,0.4796707034111023
YFR013W,YHR047C,0,0.76472926,0.09949123859405518,0.5081809163093567,0.47977110743522644
YBR086C,YNL070W,0,0.76471263,0.09947249293327332,0.5081809163093567,0.4798715114593506
YHR072W,YOR098C,0,0.76470834,0.09945375472307205,0.5081809163093567,0.47997188568115234
YER119C,YOL008W,0,0.7645748,0.09943503141403198,0.5081809163093567,0.4800722897052765
YAL031C,YBL071W-A,0,0.7644384,0.09941630810499191,0.5081809163093567,0.48017266392707825
YJR117W,YCR060W,0,0.7644124,0.09939759224653244,0.5081809163093567,0.4802730679512024
YKL171W,YPR137W,0,0.7643094,0.09937888383865356,0.5081809163093567,0.48037344217300415
YDR111C,YPR200C,0,0.764256,0.09936018288135529,0.5081809163093567,0.4804738461971283
YLR345W,YMR038C,0,0.7642539,0.0993414893746376,0.5081809163093567,0.48057425022125244
YGL077C,YOL084W,1,0.7641562,0.09951090812683105,0.5091434121131897,0.48057425022125244
YBL099W,YDL194W,1,0.7640803,0.09968026727437973,0.5101058483123779,0.48057425022125244
YGR096W,YCR027C,1,0.7640522,0.09984956681728363,0.5110683441162109,0.48057425022125244
YDR328C,YOR016C,0,0.7640353,0.09983079880475998,0.5110683441162109,0.4806746244430542
YEL036C,YPL262W,0,0.7640295,0.09981203079223633,0.5110683441162109,0.48077502846717834
YDL097C,YHR043C,0,0.76400733,0.09979327023029327,0.5110683441162109,0.4808754026889801
YDR434W,YHR096C,0,0.76399,0.09977452456951141,0.5110683441162109,0.48097580671310425
YJR010W,YBR074W,0,0.76396847,0.09975577890872955,0.5110683441162109,0.4810762107372284
YIL147C,YPL146C,0,0.7639019,0.09973704069852829,0.5110683441162109,0.48117658495903015
YDL031W,YJL074C,0,0.7638509,0.09971830993890762,0.5110683441162109,0.4812769889831543
YBL013W,YNL088W,0,0.763849,0.09969958662986755,0.5110683441162109,0.48137736320495605
YOR020C,YLR033W,0,0.7638319,0.09968087077140808,0.5110683441162109,0.4814777672290802
YJL162C,YOL108C,0,0.76375103,0.0996621623635292,0.5110683441162109,0.48157814145088196
YJR160C,YHR001W-A,1,0.7637154,0.09983111172914505,0.5120307803153992,0.48157814145088196
YCR067C,YLL003W,0,0.7637154,0.09981238096952438,0.5120307803153992,0.4816785454750061
YBR069C,YPR058W,1,0.763677,0.09998124092817307,0.5129932761192322,0.4816785454750061
YKR039W,YML019W,0,0.7636525,0.09996248781681061,0.5129932761192322,0.48177894949913025
YDL119C,YPR156C,1,0.76346207,0.10013125836849213,0.5139557123184204,0.48177894949913025
YIL121W,YGR192C,1,0.76307505,0.10029996186494827,0.5149182081222534,0.48177894949913025
YOR313C,YNL107W,0,0.76305187,0.10028116405010223,0.5149182081222534,0.481879323720932
YLR001C,YIL110W,0,0.7630156,0.1002623662352562,0.5149182081222534,0.48197972774505615
YPL268W,YLR249W,0,0.76300204,0.10024358332157135,0.5149182081222534,0.4820801019668579
YDR307W,YOL107W,0,0.7629894,0.1002248004078865,0.5149182081222534,0.48218050599098206
YNR013C,YDR522C,0,0.7629671,0.10020603239536285,0.5149182081222534,0.4822809100151062
YER100W,YHR197W,0,0.76291436,0.1001872643828392,0.5149182081222534,0.48238128423690796
YKL120W,YMR266W,1,0.7628287,0.10035573691129684,0.5158806443214417,0.48238128423690796
YOL010W,YEL030W,0,0.76282,0.100336953997612,0.5158806443214417,0.4824816882610321
YEL019C,YDL215C,0,0.7627202,0.10031817108392715,0.5158806443214417,0.48258206248283386
YFR004W,YOR294W,0,0.7626779,0.1002994030714035,0.5158806443214417,0.482682466506958
YPL003W,YFR021W,0,0.7626064,0.10028063505887985,0.5158806443214417,0.48278284072875977
YER040W,YDR449C,0,0.76253974,0.1002618744969368,0.5158806443214417,0.4828832447528839
YFR047C,YJR152W,0,0.76252997,0.10024312883615494,0.5158806443214417,0.48298364877700806
YLR219W,YOR162C,0,0.76249135,0.10022438317537308,0.5158806443214417,0.4830840229988098
YDR464W,YLR070C,0,0.7624587,0.10020564496517181,0.5158806443214417,0.48318442702293396
YOL093W,YLR070C,0,0.76243967,0.10018691420555115,0.5158806443214417,0.4832848012447357
YGL151W,YMR040W,0,0.7623534,0.10016819089651108,0.5158806443214417,0.48338520526885986
YHR029C,YGR125W,0,0.76235193,0.1001494750380516,0.5158806443214417,0.4834855794906616
YKL095W,YLR376C,0,0.76232886,0.10013076663017273,0.5158806443214417,0.48358598351478577
YOR049C,YNL152W,0,0.7623069,0.10011206567287445,0.5158806443214417,0.4836863875389099
YDR079W,YPL274W,0,0.7622796,0.10009337216615677,0.5158806443214417,0.48378676176071167
YCR052W,YOR173W,0,0.7622523,0.10007468611001968,0.5158806443214417,0.4838871657848358
YBL027W,YBR146W,0,0.7620922,0.1000560000538826,0.5158806443214417,0.4839875400066376
YPR165W,YDR314C,0,0.76202303,0.10003732889890671,0.5158806443214417,0.4840879440307617
YHL021C,YBL071W-A,0,0.76192117,0.10001865774393082,0.5158806443214417,0.48418834805488586
YER087C-B,YER032W,0,0.7619109,0.10000000149011612,0.5158806443214417,0.4842887222766876
YPR181C,YDL191W,0,0.7618983,0.09998134523630142,0.5158806443214417,0.48438912630081177
YER143W,YDR098C,0,0.7618935,0.09996270388364792,0.5158806443214417,0.4844895005226135
YER073W,YCR106W,0,0.76184464,0.09994406253099442,0.5158806443214417,0.48458990454673767
YBR091C,YLR025W,0,0.76170236,0.09992542862892151,0.5158806443214417,0.48469027876853943
YNL062C,YGL259W,0,0.7616761,0.0999068021774292,0.5158806443214417,0.4847906827926636
YHR026W,YNL072W,0,0.7616582,0.09988818317651749,0.5158806443214417,0.4848910868167877
YBR004C,YBL101C,0,0.7616478,0.09986957162618637,0.5158806443214417,0.4849914610385895
YMR176W,YDL243C,0,0.76160085,0.09985096752643585,0.5158806443214417,0.4850918650627136
YKL208W,YHR043C,0,0.7615684,0.09983237087726593,0.5158806443214417,0.4851922392845154
YBL099W,YLL043W,1,0.7615667,0.10000000149011612,0.5168431401252747,0.4851922392845154
YGL257C,YLL023C,0,0.76155037,0.0999813824892044,0.5168431401252747,0.4852926433086395
YKL002W,YJR158W,1,0.76153755,0.10014892369508743,0.5178055763244629,0.4852926433086395
YLR359W,YKL174C,0,0.76151115,0.10013028234243393,0.5178055763244629,0.48539304733276367
YPL233W,YBR202W,0,0.7614963,0.10011164844036102,0.5178055763244629,0.48549342155456543
YJR125C,YJL111W,0,0.7613753,0.10009302198886871,0.5178055763244629,0.4855938255786896
YDR303C,YOR380W,0,0.7613611,0.100074402987957,0.5178055763244629,0.48569419980049133
YER144C,YOR262W,0,0.76133764,0.10005579143762589,0.5178055763244629,0.4857946038246155
YOR048C,YGL158W,0,0.7612277,0.10003718733787537,0.5178055763244629,0.48589497804641724
YER160C,YHR050W,0,0.761132,0.10001859068870544,0.5178055763244629,0.4859953820705414
YJR019C,YNL142W,0,0.7608495,0.10000000149011612,0.5178055763244629,0.4860957860946655
YPL242C,YCL026C-B,0,0.76084757,0.09998141974210739,0.5178055763244629,0.4861961603164673
YIL099W,YDR482C,0,0.76075715,0.09996283799409866,0.5178055763244629,0.48629656434059143
YJL194W,YIL080W,0,0.76075447,0.09994427114725113,0.5178055763244629,0.4863969385623932
YIL030C,YKR018C,0,0.7606895,0.0999257043004036,0.5178055763244629,0.48649734258651733
YNL048W,YBL089W,0,0.7606691,0.09990715235471725,0.5178055763244629,0.4865977168083191
YML047C,YJR002W,0,0.76063657,0.09988860040903091,0.5178055763244629,0.48669812083244324
YJR147W,YGL113W,0,0.7606312,0.09987005591392517,0.5178055763244629,0.4867985248565674
YBR118W,YOL060C,0,0.7605183,0.09985151886940002,0.5178055763244629,0.48689889907836914
YGL192W,YPL016W,0,0.76042354,0.09983299672603607,0.5178055763244629,0.4869993031024933
YDR472W,YJL091C,0,0.7603829,0.09981447458267212,0.5178055763244629,0.48709967732429504
YMR173W,YPL133C,0,0.7603668,0.09979595988988876,0.5178055763244629,0.4872000813484192
YLR035C,YFR042W,0,0.7603477,0.09977744519710541,0.5178055763244629,0.48730048537254333
YLR035C,YDR164C,0,0.7602924,0.09975894540548325,0.5178055763244629,0.4874008595943451
YLR059C,YNL121C,0,0.7602637,0.09974045306444168,0.5178055763244629,0.48750126361846924
YEL039C,YDL174C,0,0.76013553,0.09972196817398071,0.5178055763244629,0.487601637840271
YKL197C,YBR260C,0,0.76011693,0.09970348328351974,0.5178055763244629,0.48770204186439514
YKR057W,YMR125W,0,0.76004314,0.09968501329421997,0.5178055763244629,0.4878024160861969
YOR005C,YLR314C,0,0.759961,0.0996665433049202,0.5178055763244629,0.48790282011032104
YBR120C,YER049W,0,0.7598775,0.09964808076620102,0.5178055763244629,0.4880032241344452
YBL038W,YPR152C,0,0.7598319,0.09962963312864304,0.5178055763244629,0.48810359835624695
YMR200W,YOL142W,0,0.75976324,0.09961118549108505,0.5178055763244629,0.4882040023803711
YOL021C,YJL003W,0,0.7597625,0.09959274530410767,0.5178055763244629,0.48830437660217285
YBR052C,YOR279C,0,0.7595842,0.09957431256771088,0.5178055763244629,0.488404780626297
YBR290W,YGR096W,1,0.75956166,0.09974092990159988,0.5187680721282959,0.488404780626297
YBR180W,YOR216C,0,0.7595575,0.0997224822640419,0.5187680721282959,0.48850518465042114
YHR059W,YGL233W,0,0.7595534,0.09970403462648392,0.5187680721282959,0.4886055588722229
YLR119W,YJR106W,1,0.7594668,0.09987054020166397,0.5197305083274841,0.4886055588722229
YLR348C,YPL274W,1,0.7594313,0.10003697872161865,0.5206929445266724,0.4886055588722229
YBR169C,YNL199C,0,0.7593745,0.10001848638057709,0.5206929445266724,0.48870596289634705
YOR334W,YIL019W,0,0.7593522,0.10000000149011612,0.5206929445266724,0.4888063371181488
YPL112C,YMR268C,0,0.75906414,0.09998151659965515,0.5206929445266724,0.48890674114227295
YMR058W,YHR085W,0,0.758893,0.09996304661035538,0.5206929445266724,0.4890071153640747
YDR308C,YER054C,0,0.7588487,0.0999445766210556,0.5206929445266724,0.48910751938819885
YOL061W,YBR168W,0,0.758813,0.09992611408233643,0.5206929445266724,0.489207923412323
YGL186C,YOR335C,0,0.7587871,0.09990766644477844,0.5206929445266724,0.48930829763412476
YHR001W-A,YHL025W,0,0.75871843,0.09988921880722046,0.5206929445266724,0.4894087016582489
YNL045W,YLR386W,0,0.7586718,0.09987077862024307,0.5206929445266724,0.48950907588005066
YJL118W,YKR028W,0,0.75863945,0.09985234588384628,0.5206929445266724,0.4896094799041748
YBR173C,YMR251W-A,0,0.758589,0.09983392059803009,0.5206929445266724,0.48970985412597656
YFL001W,YGR240C,0,0.7585765,0.0998154953122139,0.5206929445266724,0.4898102581501007
YGR096W,YLR244C,0,0.7585269,0.0997970849275589,0.5206929445266724,0.48991066217422485
YNR006W,YMR180C,0,0.7584193,0.0997786819934845,0.5206929445266724,0.4900110363960266
YKL018W,YMR065W,0,0.75840765,0.0997602790594101,0.5206929445266724,0.49011144042015076
YPL193W,YBR128C,0,0.75836205,0.09974189102649689,0.5206929445266724,0.4902118146419525
YER046W,YIL144W,0,0.75836015,0.09972350299358368,0.5206929445266724,0.49031221866607666
YJR152W,YDR210W,0,0.7582255,0.09970512241125107,0.5206929445266724,0.4904126226902008
YEL024W,YLR247C,0,0.75815284,0.09968674927949905,0.5206929445266724,0.49051299691200256
YPL221W,YNR006W,1,0.75809264,0.09985261410474777,0.5216554403305054,0.49051299691200256
YOR049C,YDR179C,0,0.7580671,0.09983422607183456,0.5216554403305054,0.4906134009361267
YPR201W,YHR174W,0,0.75804883,0.09981583803892136,0.5216554403305054,0.49071377515792847
YMR251W-A,YGL050W,0,0.7579963,0.09979745745658875,0.5216554403305054,0.4908141791820526
YHR113W,YKL015W,0,0.7579166,0.09977908432483673,0.5216554403305054,0.49091455340385437
YPL193W,YDR122W,0,0.7577888,0.09976071864366531,0.5216554403305054,0.4910149574279785
YPR199C,YDR001C,0,0.7577144,0.0997423604130745,0.5216554403305054,0.49111536145210266
YMR205C,YBL034C,0,0.7576499,0.09972400963306427,0.5216554403305054,0.4912157356739044
YGL212W,YFR010W,0,0.75762236,0.09970566630363464,0.5216554403305054,0.49131613969802856
YDR453C,YNL014W,0,0.75760794,0.09968733042478561,0.5216554403305054,0.4914165139198303
YDR395W,YMR183C,0,0.7575728,0.09966899454593658,0.5216554403305054,0.49151691794395447
YLR103C,YNL016W,0,0.7575098,0.09965067356824875,0.5216554403305054,0.4916173219680786
YHR203C,YGR254W,0,0.7573913,0.09963235259056091,0.5216554403305054,0.49171769618988037
YOR383C,YBL097W,0,0.757308,0.09961403906345367,0.5216554403305054,0.4918181002140045
YPL248C,YLR208W,0,0.7572719,0.09959574043750763,0.5216554403305054,0.4919184744358063
YGL085W,YLR360W,0,0.75723493,0.09957744181156158,0.5216554403305054,0.4920188784599304
YKR068C,YGR081C,0,0.75723326,0.09955915063619614,0.5216554403305054,0.4921192526817322
YPL228W,YDR371W,0,0.7572323,0.09954085946083069,0.5216554403305054,0.4922196567058563
YIL121W,YHR092C,1,0.7572058,0.09970620274543762,0.5226178765296936,0.4922196567058563
YKL002W,YDR137W,0,0.7571883,0.09968790411949158,0.5226178765296936,0.49232006072998047
YNL131W,YMR288W,0,0.7570282,0.09966960549354553,0.5226178765296936,0.4924204349517822
YLR128W,YDR188W,0,0.7569593,0.09965131431818008,0.5226178765296936,0.49252083897590637
YLR256W,YMR270C,0,0.7569347,0.09963303059339523,0.5226178765296936,0.49262121319770813
YIL011W,YDR372C,0,0.7569209,0.09961474686861038,0.5226178765296936,0.4927216172218323
YDR317W,YDR234W,0,0.7568988,0.09959647804498672,0.5226178765296936,0.49282199144363403
YIL035C,YDL045C,0,0.7567941,0.09957821667194366,0.5226178765296936,0.4929223954677582
YIL076W,YGR056W,0,0.7567112,0.0995599552989006,0.5226178765296936,0.4930227994918823
YGL167C,YLR135W,0,0.75663376,0.09954170137643814,0.5226178765296936,0.4931231737136841
YDR184C,YDR515W,0,0.7566203,0.09952346235513687,0.5226178765296936,0.4932235777378082
YOR103C,YAL048C,0,0.7564069,0.0995052233338356,0.5226178765296936,0.49332395195961
YJL213W,YNL070W,0,0.7563772,0.09948699176311493,0.5226178765296936,0.49342435598373413
YJL091C,YGL250W,0,0.756356,0.09946876764297485,0.5226178765296936,0.4935247600078583
YJL191W,YPR119W,0,0.756309,0.09945055097341537,0.5226178765296936,0.49362513422966003
YMR240C,YGL086W,0,0.7561428,0.09943234175443649,0.5226178765296936,0.4937255382537842
YMR038C,YIL142W,0,0.75608855,0.09941413253545761,0.5226178765296936,0.49382591247558594
YJL168C,YGR276C,0,0.7560657,0.09939593821763992,0.5226178765296936,0.4939263164997101
YGR165W,YOR372C,0,0.7560607,0.09937774389982224,0.5226178765296936,0.49402669072151184
YBR247C,YJL212C,0,0.756,0.09935956448316574,0.5226178765296936,0.494127094745636
YDR062W,YHL027W,0,0.75595134,0.09934138506650925,0.5226178765296936,0.49422749876976013
YOR380W,YNL008C,0,0.7559172,0.09932321310043335,0.5226178765296936,0.4943278729915619
YMR266W,YLL055W,1,0.7557884,0.09948793053627014,0.5235803723335266,0.4943278729915619
YBR052C,YJL100W,0,0.7556095,0.09946973621845245,0.5235803723335266,0.49442827701568604
YDR111C,YHR001W,0,0.75555074,0.09945155680179596,0.5235803723335266,0.4945286512374878
YGL160W,YOR002W,0,0.75554615,0.09943337738513947,0.5235803723335266,0.49462905526161194
YGL257C,YDR314C,0,0.7555263,0.09941520541906357,0.5235803723335266,0.4947294592857361
YOR156C,YMR199W,0,0.7555226,0.09939704090356827,0.5235803723335266,0.49482983350753784
YNR032W,YMR105C,0,0.7555025,0.09937888383865356,0.5235803723335266,0.494930237531662
YKR095W,YJL112W,0,0.75541794,0.09936073422431946,0.5235803723335266,0.49503061175346375
YMR101C,YLR043C,0,0.7553042,0.09934258460998535,0.5235803723335266,0.4951310157775879
YOR274W,YDR457W,0,0.7552313,0.09932444989681244,0.5235803723335266,0.49523138999938965
YDR016C,YER006W,0,0.75521755,0.09930631518363953,0.5235803723335266,0.4953317940235138
YKL155C,YJR041C,0,0.75519,0.09928818792104721,0.5235803723335266,0.49543219804763794
YML072C,YHR185C,0,0.7551248,0.09927007555961609,0.5235803723335266,0.4955325722694397
YMR056C,YHL040C,1,0.75506413,0.09943441301584244,0.5245428085327148,0.4955325722694397
YER044C-A,YPL217C,0,0.75501937,0.09941627085208893,0.5245428085327148,0.49563297629356384
YFR031C-A,YJR159W,0,0.7549658,0.09939813613891602,0.5245428085327148,0.4957333505153656
YDR176W,YGR183C,0,0.75477904,0.0993800163269043,0.5245428085327148,0.49583375453948975
YLR110C,YOR056C,0,0.75474125,0.09936189651489258,0.5245428085327148,0.4959341287612915
YML026C,YML092C,0,0.75470126,0.09934378415346146,0.5245428085327148,0.49603453278541565
YNL009W,YBR074W,0,0.75467944,0.09932567924261093,0.5245428085327148,0.4961349368095398
YPL046C,YHR088W,0,0.75467086,0.099307581782341,0.5245428085327148,0.49623531103134155
YOL011W,YER162C,0,0.754627,0.09928949177265167,0.5245428085327148,0.4963357150554657
YBR229C,YDR162C,0,0.75450706,0.09927140176296234,0.5245428085327148,0.49643608927726746
YPR020W,YAL053W,1,0.7544568,0.09943544119596481,0.5255053043365479,0.49643608927726746
YLR138W,YIL006W,1,0.75433314,0.09959942102432251,0.5264677405357361,0.49643608927726746
YJL198W,YBR104W,1,0.75430447,0.09976333379745483,0.5274302363395691,0.49643608927726746
YPR052C,YER008C,0,0.7542909,0.09974517673254013,0.5274302363395691,0.4965364933013916
YBR221C,YGR128C,0,0.7542523,0.09972702711820602,0.5274302363395691,0.49663689732551575
YLR359W,YNL239W,0,0.75420856,0.09970887750387192,0.5274302363395691,0.4967372715473175
YJR138W,YOR049C,0,0.7541849,0.099690742790699,0.5274302363395691,0.49683767557144165
YNL328C,YAL028W,0,0.7541687,0.09967260807752609,0.5274302363395691,0.4969380497932434
YGL198W,YIL137C,0,0.75414187,0.09965448081493378,0.5274302363395691,0.49703845381736755
YKL172W,YMR048W,0,0.7540419,0.09963636100292206,0.5274302363395691,0.4971388280391693
YEL022W,YLL018C,0,0.7539711,0.09961824864149094,0.5274302363395691,0.49723923206329346
YMR092C,YER006W,0,0.7538812,0.09960014373064041,0.5274302363395691,0.4973396360874176
YMR182C,YPR007C,0,0.7538559,0.09958204627037048,0.5274302363395691,0.49744001030921936
YJL154C,YFL053W,0,0.7536862,0.09956395626068115,0.5274302363395691,0.4975404143333435
YNL321W,YDR536W,1,0.7535439,0.09972751885652542,0.5283926725387573,0.4975404143333435
YGR020C,YHR003C,0,0.75352716,0.0997094064950943,0.5283926725387573,0.49764078855514526
YKL005C,YGL094C,0,0.75345564,0.09969130158424377,0.5283926725387573,0.4977411925792694
YDL121C,YJL112W,0,0.75340164,0.09967320412397385,0.5283926725387573,0.49784159660339355
YNR072W,YDR449C,0,0.7532712,0.09965510666370392,0.5283926725387573,0.4979419708251953
YDR470C,YLR118C,0,0.75324655,0.09963702410459518,0.5283926725387573,0.49804237484931946
YIL157C,YDR490C,0,0.7532368,0.09961894154548645,0.5283926725387573,0.4981427490711212
YLR268W,YNL239W,0,0.7531904,0.09960087388753891,0.5283926725387573,0.49824315309524536
YJR055W,YPR180W,0,0.75317276,0.09958280622959137,0.5283926725387573,0.4983435273170471
YGL198W,YFR045W,0,0.7531633,0.09956474602222443,0.5283926725387573,0.49844393134117126
YPL075W,YMR283C,0,0.75308067,0.09954669326543808,0.5283926725387573,0.4985443353652954
YLL008W,YKL053C-A,0,0.75307727,0.09952864050865173,0.5283926725387573,0.49864470958709717
YLR020C,YLR229C,0,0.75306976,0.09951060265302658,0.5283926725387573,0.4987451136112213
YDL236W,YIL079C,0,0.7529417,0.09949257224798203,0.5283926725387573,0.49884548783302307
YDL045W-A,YJR051W,0,0.7529135,0.09947454184293747,0.5283926725387573,0.4989458918571472
YOL032W,YDR212W,0,0.7529042,0.09945651888847351,0.5283926725387573,0.499046266078949
YOL137W,YER062C,0,0.75289035,0.09943851083517075,0.5283926725387573,0.4991466701030731
YNL052W,YNL087W,0,0.752733,0.09942050278186798,0.5283926725387573,0.49924707412719727
YHR018C,YOR261C,0,0.7525956,0.09940250217914581,0.5283926725387573,0.499347448348999
YIL134W,YKR001C,0,0.7525732,0.09938450157642365,0.5283926725387573,0.49944785237312317
YBR179C,YPR152C,0,0.75255895,0.09936651587486267,0.5283926725387573,0.4995482265949249
YKL054C,YPR008W,0,0.7525382,0.0993485376238823,0.5283926725387573,0.4996486306190491
YNL016W,YLL006W,0,0.75251347,0.09933055937290192,0.5283926725387573,0.4997490346431732
YOR049C,YAL063C,0,0.75246024,0.09931258857250214,0.5283926725387573,0.499849408864975
YGR083C,YGL237C,0,0.75242054,0.09929462522268295,0.5283926725387573,0.4999498128890991
YKL026C,YOR144C,0,0.7524084,0.09927666932344437,0.5283926725387573,0.5000501871109009
YEL042W,YJR092W,0,0.7523897,0.09925872087478638,0.5283926725387573,0.5001505613327026
YPL042C,YPL246C,0,0.752349,0.09924077987670898,0.5283926725387573,0.5002509951591492
YOR215C,YIL016W,0,0.75226784,0.09922284632921219,0.5283926725387573,0.5003513693809509
YFL050C,YBR276C,0,0.7522427,0.0992049127817154,0.5283926725387573,0.5004517436027527
YJR130C,YKR042W,0,0.7521857,0.09918699413537979,0.5283926725387573,0.5005521774291992
YHR061C,YOR358W,0,0.7521039,0.09916907548904419,0.5283926725387573,0.500652551651001
YLR272C,YBR146W,0,0.751966,0.09915116429328918,0.5283926725387573,0.5007529258728027
YFL005W,YIL033C,0,0.75195515,0.09913326054811478,0.5283926725387573,0.5008533000946045
YDL010W,YKL041W,0,0.75192714,0.09911536425352097,0.5283926725387573,0.500953733921051
YBR238C,YHR124W,0,0.7517501,0.09909747540950775,0.5283926725387573,0.5010541081428528
YIL052C,YKL003C,0,0.75174975,0.09907958656549454,0.5283926725387573,0.5011544823646545
YGL226W,YDR246W,0,0.7516795,0.09906171262264252,0.5283926725387573,0.5012549161911011
YHL002W,YDL128W,1,0.75148803,0.09922424703836441,0.5293551683425903,0.5012549161911011
YDR316W,YBR161W,0,0.75148535,0.0992063507437706,0.5293551683425903,0.5013552904129028
YPR068C,YPR137W,0,0.75147873,0.09918845444917679,0.5293551683425903,0.5014556646347046
YJL160C,YML028W,0,0.7513164,0.09917057305574417,0.5293551683425903,0.5015560984611511
YLR083C,YOR087W,1,0.7513007,0.09933297336101532,0.5303176045417786,0.5015560984611511
YOR251C,YPR079W,0,0.75117594,0.09931506961584091,0.5303176045417786,0.5016564726829529
YEL063C,YGR059W,0,0.75110865,0.0992971733212471,0.5303176045417786,0.5017568469047546
YNL137C,YGL169W,0,0.75100976,0.09927927702665329,0.5303176045417786,0.5018572211265564
YML067C,YMR240C,0,0.7509459,0.09926139563322067,0.5303176045417786,0.5019576549530029
YPR034W,YOR074C,0,0.75091493,0.09924351423978806,0.5303176045417786,0.5020580291748047
YOL084W,YCR075C,1,0.75078887,0.09940572828054428,0.5312801003456116,0.5020580291748047
YCR060W,YHR174W,0,0.750736,0.09938783198595047,0.5312801003456116,0.5021584033966064
YMR154C,YIL117C,0,0.7506095,0.09936993569135666,0.5312801003456116,0.502258837223053
YJR158W,YOR137C,1,0.7505579,0.09953203797340393,0.5322425365447998,0.502258837223053
YKR103W,YHR005C,0,0.75052655,0.09951412677764893,0.5322425365447998,0.5023592114448547
YGR087C,YGL139W,0,0.75046134,0.09949622303247452,0.5322425365447998,0.5024595856666565
YNR013C,YIL121W,1,0.75037974,0.09965821355581284,0.5332050323486328,0.5024595856666565
YHR178W,YPR165W,0,0.7502848,0.09964028745889664,0.5332050323486328,0.5025599598884583
YHR002W,YDR422C,0,0.75027966,0.09962236881256104,0.5332050323486328,0.5026603937149048
YLR285W,YHR050W,0,0.75012845,0.09960445761680603,0.5332050323486328,0.5027607679367065
YNL304W,YDR027C,0,0.75012755,0.09958655387163162,0.5332050323486328,0.5028611421585083
YER166W,YDR439W,0,0.7501129,0.09956865757703781,0.5332050323486328,0.5029615759849548
YBL091C-A,YOL055C,0,0.75010926,0.099550761282444,0.5332050323486328,0.5030619502067566
YOL132W,YDR073W,0,0.7500509,0.09953287988901138,0.5332050323486328,0.5031623244285583
YDR403W,YIL040W,0,0.74989676,0.09951499849557877,0.5332050323486328,0.5032626986503601
YDR317W,YDR092W,0,0.749776,0.09949712455272675,0.5332050323486328,0.5033631324768066
YJL117W,YDL067C,1,0.74976015,0.09965882450342178,0.534167468547821,0.5033631324768066
YDR051C,YMR021C,0,0.7497221,0.09964093565940857,0.534167468547821,0.5034635066986084
YNL270C,YOL148C,0,0.7496699,0.09962304681539536,0.534167468547821,0.5035638809204102
YKL206C,YPR140W,0,0.7495436,0.09960516542196274,0.534167468547821,0.5036643147468567
YGR271W,YDR408C,0,0.74943566,0.09958729892969131,0.534167468547821,0.5037646889686584
YOR145C,YAL038W,0,0.74942756,0.09956943243741989,0.534167468547821,0.5038650631904602
YJR091C,YPL189W,0,0.74937737,0.09955156594514847,0.534167468547821,0.503965437412262
YBR162W-A,YLR003C,0,0.7493421,0.09953371435403824,0.534167468547821,0.5040658712387085
YOL013C,YMR021C,0,0.74932814,0.0995158702135086,0.534167468547821,0.5041662454605103
YDR281C,YDR415C,0,0.7492074,0.09949802607297897,0.534167468547821,0.504266619682312
YJL160C,YJR064W,0,0.74916637,0.09948019683361053,0.534167468547821,0.5043670535087585
YMR011W,YDL247W,1,0.7491548,0.0996415764093399,0.5351299047470093,0.5043670535087585
YIL038C,YOR009W,0,0.7491324,0.09962372481822968,0.5351299047470093,0.5044674277305603
YDL025C,YPR200C,0,0.7491268,0.09960587322711945,0.5351299047470093,0.5045678019523621
YNL214W,YOR005C,0,0.74911606,0.09958803653717041,0.5351299047470093,0.5046682357788086
YLR166C,YOR330C,0,0.7490116,0.09957019984722137,0.5351299047470093,0.5047686100006104
YNR015W,YBR228W,0,0.74897695,0.09955237060785294,0.5351299047470093,0.5048689842224121
YCR089W,YML032C,0,0.7489181,0.0995345488190651,0.5351299047470093,0.5049693584442139
YLL021W,YOR388C,0,0.7488796,0.09951673448085785,0.5351299047470093,0.5050697922706604
YPL040C,YER019W,0,0.74874485,0.0994989275932312,0.5351299047470093,0.5051701664924622
YHR175W,YOR137C,1,0.74872524,0.09966004639863968,0.5360924005508423,0.5051701664924622
YMR218C,YAL047C,0,0.7486409,0.09964221715927124,0.5360924005508423,0.5052705407142639
YPR018W,YOR176W,0,0.7486335,0.0996243953704834,0.5360924005508423,0.5053709745407104
YGL150C,YPL117C,0,0.74861455,0.09960658103227615,0.5360924005508423,0.5054713487625122
YOR357C,YJL209W,0,0.7485728,0.0995887741446495,0.5360924005508423,0.505571722984314
YGL037C,YIL139C,0,0.7485639,0.09957096725702286,0.5360924005508423,0.5056720972061157
YKR089C,YNL250W,0,0.7485355,0.0995531752705574,0.5360924005508423,0.5057725310325623
YOR273C,YPR140W,0,0.74851197,0.09953538328409195,0.5360924005508423,0.505872905254364
YKL082C,YAL017W,0,0.74850404,0.09951759874820709,0.5360924005508423,0.5059732794761658
YNL199C,YNR072W,0,0.748464,0.09949982166290283,0.5360924005508423,0.5060737133026123
YMR207C,YDR407C,0,0.74844986,0.09948205202817917,0.5360924005508423,0.5061740875244141
YPR148C,YGL187C,0,0.7484174,0.0994642823934555,0.5360924005508423,0.5062744617462158
YIL016W,YDR450W,0,0.7484162,0.09944652765989304,0.5360924005508423,0.5063748359680176
YGL194C,YPL055C,0,0.7483168,0.09942877292633057,0.5360924005508423,0.5064752697944641
YOR192C,YKR093W,0,0.748261,0.09941103309392929,0.5360924005508423,0.5065756440162659
YHR001W,YHR174W,0,0.74814695,0.09939329326152802,0.5360924005508423,0.5066760182380676
YDR146C,YGL078C,0,0.7480248,0.09937556087970734,0.5360924005508423,0.5067764520645142
YGR163W,YDR381W,0,0.74795854,0.09935782849788666,0.5360924005508423,0.5068768262863159
YBR133C,YOR393W,0,0.7479489,0.09934011101722717,0.5360924005508423,0.5069772005081177
YHR098C,YHR032W,0,0.7478756,0.09932239353656769,0.5360924005508423,0.5070775747299194
YDR325W,YGL163C,0,0.74767005,0.0993046909570694,0.5360924005508423,0.507178008556366
YNL054W,YKL087C,0,0.7475426,0.0992869883775711,0.5360924005508423,0.5072783827781677
YHR149C,YJL036W,0,0.74743766,0.09926929324865341,0.5360924005508423,0.5073787569999695
YBR182C,YML021C,0,0.7474338,0.09925160557031631,0.5360924005508423,0.507479190826416
YLR095C,YKL149C,0,0.74730045,0.09923391789197922,0.5360924005508423,0.5075795650482178
YPL064C,YDR006C,0,0.74727523,0.09921624511480331,0.5360924005508423,0.5076799392700195
YMR072W,YJR073C,0,0.7472419,0.09919857233762741,0.5360924005508423,0.5077803730964661
YGR032W,YGL093W,0,0.7471991,0.0991809144616127,0.5360924005508423,0.5078807473182678
YLR081W,YGR096W,1,0.74707377,0.09934128820896149,0.5370548367500305,0.5078807473182678
YIL079C,YML101C,0,0.747059,0.09932360053062439,0.5370548367500305,0.5079811215400696
YJL054W,YGL139W,0,0.7470453,0.09930592775344849,0.5370548367500305,0.5080814957618713
YKR095W,YEL052W,0,0.74704427,0.09928825497627258,0.5370548367500305,0.5081819295883179
YIL167W,YIL040W,0,0.74701595,0.09927058964967728,0.5370548367500305,0.5082823038101196
YIL157C,YPL244C,0,0.746971,0.09925293177366257,0.5370548367500305,0.5083826780319214
YMR243C,YGL244W,0,0.7469168,0.09923528134822845,0.5370548367500305,0.5084831118583679
YNR033W,YDL128W,0,0.746895,0.09921763837337494,0.5370548367500305,0.5085834860801697
YOR157C,YPR105C,0,0.74674153,0.09920000284910202,0.5370548367500305,0.5086838603019714
YDR039C,YNL083W,1,0.74673617,0.09936011582612991,0.5380173325538635,0.5086838603019714
YML101C,YKL093W,0,0.7465874,0.0993424579501152,0.5380173325538635,0.5087842345237732
YHR210C,YKR060W,0,0.7464268,0.09932480752468109,0.5380173325538635,0.5088846683502197
YHR098C,YOR198C,0,0.7463708,0.09930715709924698,0.5380173325538635,0.5089850425720215
YLR295C,YBL089W,1,0.74636203,0.09946714341640472,0.5389797687530518,0.5089850425720215
YHR120W,YNL037C,0,0.7463262,0.09944947808980942,0.5389797687530518,0.5090854167938232
YCR018C,YAL015C,0,0.74622107,0.09943182021379471,0.5389797687530518,0.5091858506202698
YDR122W,YPL013C,0,0.74617094,0.0994141697883606,0.5389797687530518,0.5092862248420715
YNL190W,YML127W,0,0.746166,0.09939651936292648,0.5389797687530518,0.5093865990638733
YDR082W,YLR009W,0,0.74613446,0.09937888383865356,0.5389797687530518,0.509486973285675
YFL002C,YGL259W,0,0.7461188,0.09936124831438065,0.5389797687530518,0.5095874071121216
YGL226W,YHL007C,0,0.7460406,0.09934362024068832,0.5389797687530518,0.5096877813339233
YOL158C,YLR027C,0,0.7460021,0.0993259996175766,0.5389797687530518,0.5097881555557251
YLR272C,YDL025C,0,0.7459494,0.09930838644504547,0.5389797687530518,0.5098885893821716
YKR100C,YNL082W,0,0.7457938,0.09929078072309494,0.5389797687530518,0.5099889636039734
YKR006C,YIL117C,0,0.7457684,0.09927317500114441,0.5389797687530518,0.5100893378257751
YNR055C,YER151C,0,0.74555314,0.09925558418035507,0.5389797687530518,0.5101897120475769
YPR133C,YNL314W,0,0.74552584,0.09923799335956573,0.5389797687530518,0.5102901458740234
YIR031C,YGR202C,0,0.74548584,0.099220409989357,0.5389797687530518,0.5103905200958252
YML098W,YIL148W,0,0.7454184,0.09920283406972885,0.5389797687530518,0.510490894317627
YCR021C,YEL024W,0,0.745323,0.0991852656006813,0.5389797687530518,0.5105913281440735
YLR451W,YNL092W,0,0.7452527,0.09916769713163376,0.5389797687530518,0.5106917023658752
YML001W,YJL162C,0,0.74521595,0.0991501435637474,0.5389797687530518,0.510792076587677
YPL248C,YNR053C,0,0.74511814,0.09913258999586105,0.5389797687530518,0.5108925104141235
YMR068W,YBL026W,0,0.7450603,0.0991150438785553,0.5389797687530518,0.5109928846359253
YOL089C,YAL063C,0,0.7449796,0.09909750521183014,0.5389797687530518,0.511093258857727
YIL147C,YPR023C,0,0.74494,0.09907997399568558,0.5389797687530518,0.5111936330795288
YLR061W,YDL119C,0,0.74491906,0.09906244277954102,0.5389797687530518,0.5112940669059753
YLL057C,YGL071W,0,0.74488026,0.09904492646455765,0.5389797687530518,0.5113944411277771
YKL006C-A,YOR266W,0,0.74487704,0.09902741014957428,0.5389797687530518,0.5114948153495789
YOR380W,YNL132W,0,0.74478436,0.09900990128517151,0.5389797687530518,0.5115952491760254
YDR098C,YMR269W,0,0.74476814,0.09899239987134933,0.5389797687530518,0.5116956233978271
YJR044C,YJL053W,0,0.74474144,0.09897490590810776,0.5389797687530518,0.5117959976196289
YJL162C,YDR243C,0,0.74473166,0.09895741194486618,0.5389797687530518,0.5118963718414307
YPR006C,YOR284W,0,0.7446629,0.0989399328827858,0.5389797687530518,0.5119968056678772
YDR016C,YNL169C,0,0.7444376,0.09892245382070541,0.5389797687530518,0.512097179889679
YOR330C,YNL024C,0,0.7444209,0.09890498220920563,0.5389797687530518,0.5121975541114807
YMR172W,YLR110C,0,0.7444148,0.09888751804828644,0.5389797687530518,0.5122979879379272
YHR094C,YDR069C,1,0.74419904,0.09904661029577255,0.5399422645568848,0.5122979879379272
YOR198C,YDR214W,0,0.74409604,0.09902912378311157,0.5399422645568848,0.512398362159729
YNL130C,YLR110C,0,0.74404967,0.09901164472103119,0.5399422645568848,0.5124987363815308
YNL123W,YLR289W,0,0.7439704,0.0989941731095314,0.5399422645568848,0.5125991106033325
YJR051W,YNL243W,0,0.7439033,0.09897670894861221,0.5399422645568848,0.512699544429779
YPL045W,YLR376C,0,0.74385214,0.09895925223827362,0.5399422645568848,0.5127999186515808
YGR195W,YOR312C,0,0.7438509,0.09894179552793503,0.5399422645568848,0.5129002928733826
YJL172W,YFR047C,0,0.74376595,0.09892435371875763,0.5399422645568848,0.5130007266998291
YCR067C,YMR270C,0,0.74376357,0.09890691190958023,0.5399422645568848,0.5131011009216309
YJR054W,YBR085W,1,0.7437458,0.09906575083732605,0.540904700756073,0.5131011009216309
YOR353C,YPL005W,0,0.7437084,0.09904829412698746,0.540904700756073,0.5132014751434326
YOL122C,YMR256C,1,0.7436638,0.09920705109834671,0.541867196559906,0.5132014751434326
YKL166C,YKL161C,0,0.7436601,0.09918957203626633,0.541867196559906,0.5133018493652344
YKR093W,YDR225W,0,0.7436522,0.09917210042476654,0.541867196559906,0.5134022831916809
YGL186C,YDR092W,0,0.7435819,0.09915462881326675,0.541867196559906,0.5135026574134827
YNR055C,YNL021W,0,0.743518,0.09913717210292816,0.541867196559906,0.5136030316352844
YLL057C,YDR073W,0,0.7434914,0.09911971539258957,0.541867196559906,0.513703465461731
YDR394W,YMR304W,0,0.743384,0.09910227358341217,0.541867196559906,0.5138038396835327
YOR274W,YHR112C,0,0.7433787,0.09908483177423477,0.541867196559906,0.5139042139053345
YPL127C,YBR257W,0,0.7433547,0.09906739741563797,0.541867196559906,0.514004647731781
YOR030W,YGR252W,0,0.7432364,0.09904996305704117,0.541867196559906,0.5141050219535828
YOL102C,YHR005C,0,0.7431237,0.09903254359960556,0.541867196559906,0.5142053961753845
YGL170C,YJR129C,0,0.7429017,0.09901512414216995,0.541867196559906,0.5143057703971863
YOL010W,YFL016C,0,0.7428602,0.09899771213531494,0.541867196559906,0.5144062042236328
YER142C,YER183C,0,0.74282455,0.09898030757904053,0.541867196559906,0.5145065784454346
YDR384C,YMR318C,0,0.7427363,0.09896291047334671,0.541867196559906,0.5146069526672363
YJR127C,YMR024W,0,0.74270487,0.09894552081823349,0.541867196559906,0.5147073864936829
YOR130C,YDR471W,0,0.74268156,0.09892813116312027,0.541867196559906,0.5148077607154846
YLR208W,YLR378C,0,0.7425673,0.09891074895858765,0.541867196559906,0.5149081349372864
YGL005C,YLR452C,0,0.74252963,0.09889337420463562,0.541867196559906,0.5150085091590881
YOR264W,YKL208W,0,0.7424647,0.09887600690126419,0.541867196559906,0.5151089429855347
YKL165C,YMR275C,1,0.7424587,0.09903424233198166,0.5428296327590942,0.5151089429855347
YNR037C,YLR452C,0,0.74238557,0.09901685267686844,0.5428296327590942,0.5152093172073364
YFL056C,YER081W,0,0.7423827,0.09899947047233582,0.5428296327590942,0.5153096914291382
YLR054C,YCR020W-B,0,0.7421269,0.09898209571838379,0.5428296327590942,0.5154101252555847
YPL235W,YPR060C,0,0.7420808,0.09896472841501236,0.5428296327590942,0.5155104994773865
YDR045C,YDR180W,0,0.7420808,0.09894736856222153,0.5428296327590942,0.5156108736991882
YDL021W,YMR090W,0,0.74207926,0.0989300087094307,0.5428296327590942,0.51571124792099
YAL059W,YIL043C,0,0.7420192,0.09891266375780106,0.5428296327590942,0.5158116817474365
YGL073W,YPR171W,0,0.7420105,0.09889531880617142,0.5428296327590942,0.5159120559692383
YGR281W,YML123C,1,0.7419168,0.099053293466568,0.5437921285629272,0.5159120559692383
YIL162W,YOL141W,0,0.7419152,0.09903593361377716,0.5437921285629272,0.51601243019104
YAL011W,YOR380W,0,0.74191236,0.09901857376098633,0.5437921285629272,0.5161128640174866
YGL196W,YMR240C,0,0.741873,0.09900122880935669,0.5437921285629272,0.5162132382392883
YER113C,YDL120W,1,0.74184215,0.09915907680988312,0.5447545647621155,0.5162132382392883
YBR192W,YOL156W,1,0.7418345,0.09931686520576477,0.5457170605659485,0.5162132382392883
YER109C,YDR073W,0,0.7416245,0.09929947555065155,0.5457170605659485,0.5163136124610901
YJL035C,YGR024C,0,0.7415313,0.09928208589553833,0.5457170605659485,0.5164139866828918
YFL056C,YMR189W,0,0.74143016,0.0992647036910057,0.5457170605659485,0.5165144205093384
YMR315W,YNL164C,0,0.74139905,0.09924732893705368,0.5457170605659485,0.5166147947311401
YPL007C,YPL140C,0,0.7413646,0.09922996163368225,0.5457170605659485,0.5167151689529419
YDR343C,YHR168W,0,0.74122596,0.09921260178089142,0.5457170605659485,0.5168156027793884
YLL014W,YGL077C,0,0.7410592,0.09919524192810059,0.5457170605659485,0.5169159770011902
YMR061W,YJR041C,0,0.7410381,0.09917788952589035,0.5457170605659485,0.5170163512229919
YLR129W,YBR288C,0,0.74101126,0.09916054457426071,0.5457170605659485,0.5171167850494385
YDR280W,YDR168W,0,0.7410052,0.09914320707321167,0.5457170605659485,0.5172171592712402
YBR192W,YDR342C,1,0.74095184,0.09930069744586945,0.5466794967651367,0.5172171592712402
YGL255W,YLR321C,0,0.74092406,0.09928334504365921,0.5466794967651367,0.517317533493042
YHR168W,YPL086C,0,0.7408654,0.09926599264144897,0.5466794967651367,0.5174179077148438
YIL018W,YBR081C,0,0.7408458,0.09924864768981934,0.5466794967651367,0.5175183415412903
YBL035C,YNL167C,0,0.7407447,0.0992313101887703,0.5466794967651367,0.517618715763092
YLL005C,YPL092W,1,0.74070626,0.09938864409923553,0.5476419925689697,0.517618715763092
YGR128C,YMR202W,0,0.74067295,0.0993712916970253,0.5476419925689697,0.5177190899848938
YMR274C,YHR168W,0,0.7406549,0.09935393929481506,0.5476419925689697,0.5178195238113403
YPL230W,YKL194C,0,0.74062526,0.09933659434318542,0.5476419925689697,0.5179198980331421
YPL252C,YNL002C,0,0.740523,0.09931924939155579,0.5476419925689697,0.5180202722549438
YKR027W,YDR410C,0,0.7405107,0.09930191934108734,0.5476419925689697,0.5181206464767456
YML024W,YPL140C,0,0.7404251,0.0992845892906189,0.5476419925689697,0.5182210803031921
YFR009W,YGR283C,0,0.74041915,0.09926727414131165,0.5476419925689697,0.5183214545249939
YDL077C,YDR145W,0,0.7403906,0.0992499589920044,0.5476419925689697,0.5184218287467957
YPL147W,YPR128C,1,0.74038845,0.09940704703330994,0.548604428768158,0.5184218287467957
YLL001W,YHL040C,1,0.74037266,0.0995640829205513,0.5495668649673462,0.5184218287467957
YOR058C,YLR341W,0,0.74037254,0.09954672306776047,0.5495668649673462,0.5185222625732422
YCR002C,YCR105W,0,0.740276,0.09952937066555023,0.5495668649673462,0.518622636795044
YDL105W,YPR155C,0,0.74025536,0.0995120257139206,0.5495668649673462,0.5187230110168457
YIL046W,YMR052W,0,0.74024516,0.09949468821287155,0.5495668649673462,0.5188233852386475
YHL009C,YPR169W,0,0.74024045,0.09947735071182251,0.5495668649673462,0.518923819065094
YIL128W,YLR189C,0,0.7401639,0.09946002066135406,0.5495668649673462,0.5190241932868958
YGR258C,YKL193C,0,0.7401174,0.09944270551204681,0.5495668649673462,0.5191245675086975
YNL078W,YMR058W,0,0.7400671,0.09942539036273956,0.5495668649673462,0.519225001335144
YBR044C,YPR100W,0,0.74004674,0.09940807521343231,0.5495668649673462,0.5193253755569458
YLR213C,YPL027W,0,0.74004495,0.09939077496528625,0.5495668649673462,0.5194257497787476
YML065W,YMR170C,0,0.7399475,0.0993734747171402,0.5495668649673462,0.5195261240005493
YDR072C,YOR045W,0,0.73993564,0.09935618937015533,0.5495668649673462,0.5196265578269958
YKL167C,YPL139C,0,0.7399145,0.09933890402317047,0.5495668649673462,0.5197269320487976
YJR083C,YBR034C,0,0.73986953,0.09932161867618561,0.5495668649673462,0.5198273062705994
YBR039W,YNL291C,1,0.73972714,0.09947825968265533,0.5505293607711792,0.5198273062705994
YEL063C,YJL098W,1,0.73972595,0.09963484853506088,0.5514917969703674,0.5198273062705994
YNL161W,YML059C,0,0.73965585,0.09961752593517303,0.5514917969703674,0.5199277400970459
YLR138W,YKL069W,0,0.739552,0.09960021078586578,0.5514917969703674,0.5200281143188477
YMR067C,YNL021W,0,0.7395207,0.09958289563655853,0.5514917969703674,0.5201284885406494
YGL231C,YPL164C,0,0.7394108,0.09956559538841248,0.5514917969703674,0.520228922367096
YIL127C,YPL227C,0,0.73935866,0.09954829514026642,0.5514917969703674,0.5203292965888977
YNL315C,YMR277W,0,0.73926246,0.09953100234270096,0.5514917969703674,0.5204296708106995
YOR004W,YCR063W,0,0.73919904,0.0995137169957161,0.5514917969703674,0.5205300450325012
YGL195W,YOR004W,0,0.7391224,0.09949643909931183,0.5514917969703674,0.5206304788589478
YBR057C,YDR165W,0,0.7389348,0.09947916865348816,0.5514917969703674,0.5207308530807495
YGR077C,YJL059W,0,0.73893297,0.09946189820766449,0.5514917969703674,0.5208312273025513
YMR230W,YHR061C,0,0.73893183,0.09944463521242142,0.5514917969703674,0.5209316611289978
YPL170W,YLR019W,0,0.7389213,0.09942737966775894,0.5514917969703674,0.5210320353507996
YBL038W,YPL098C,0,0.738898,0.09941013157367706,0.5514917969703674,0.5211324095726013
YMR076C,YBR215W,0,0.73876417,0.09939289093017578,0.5514917969703674,0.5212327837944031
YCR066W,YLR426W,0,0.7387536,0.0993756502866745,0.5514917969703674,0.5213332176208496
YKL189W,YGL243W,0,0.73873675,0.09935841709375381,0.5514917969703674,0.5214335918426514
YDR285W,YOL086C,0,0.7387295,0.09934119135141373,0.5514917969703674,0.5215339660644531
YDR298C,YOR271C,1,0.7386874,0.09949731081724167,0.5524542927742004,0.5215339660644531
YNL257C,YLR223C,0,0.73864937,0.09948007017374039,0.5524542927742004,0.5216343998908997
YOL045W,YBL058W,0,0.73857003,0.0994628295302391,0.5524542927742004,0.5217347741127014
YJR105W,YGL067W,0,0.73856163,0.09944559633731842,0.5524542927742004,0.5218351483345032
YOR194C,YNL262W,0,0.73846483,0.09942837059497833,0.5524542927742004,0.5219355225563049
YEL036C,YDR323C,0,0.7383902,0.09941115230321884,0.5524542927742004,0.5220359563827515
YBR088C,YLR148W,0,0.73826385,0.09939394146203995,0.5524542927742004,0.5221363306045532
YJL103C,YMR061W,0,0.7382382,0.09937673062086105,0.5524542927742004,0.522236704826355
YHR072W,YBR073W,0,0.7381447,0.09935952723026276,0.5524542927742004,0.5223371386528015
YKL160W,YMR161W,0,0.7381058,0.09934233129024506,0.5524542927742004,0.5224375128746033
YOR033C,YKL038W,0,0.7380984,0.09932514280080795,0.5524542927742004,0.522537887096405
YBR045C,YER171W,0,0.7380616,0.09930796176195145,0.5524542927742004,0.5226382613182068
YKL110C,YPR183W,0,0.7380496,0.09929078072309494,0.5524542927742004,0.5227386951446533
YMR203W,YMR256C,1,0.7379372,0.09944655746221542,0.5534167289733887,0.5227386951446533
YPL092W,YKR050W,1,0.7379086,0.09960228204727173,0.5543792247772217,0.5227386951446533
YJR064W,YFR033C,0,0.73787546,0.09958506375551224,0.5543792247772217,0.5228390693664551
YOR231W,YDR287W,0,0.73784846,0.09956784546375275,0.5543792247772217,0.5229394435882568
YHR024C,YJL137C,0,0.73784506,0.09955064207315445,0.5543792247772217,0.5230398774147034
YBR152W,YOL041C,0,0.7376865,0.09953343868255615,0.5543792247772217,0.5231402516365051
YJR102C,YNR013C,1,0.7376014,0.09968901425600052,0.5553416609764099,0.5231402516365051
YPL075W,YJR140C,0,0.7375542,0.09967178851366043,0.5553416609764099,0.5232406258583069
YDR522C,YGL163C,0,0.73743385,0.09965457767248154,0.5553416609764099,0.5233410596847534
YKL095W,YLR145W,0,0.7373965,0.09963736683130264,0.5553416609764099,0.5234414339065552
YPL024W,YML066C,0,0.7373813,0.09962016344070435,0.5553416609764099,0.5235418081283569
YGL150C,YLR328W,0,0.73732007,0.09960296750068665,0.5553416609764099,0.5236421823501587
YDR221W,YNL286W,0,0.73730046,0.09958577901124954,0.5553416609764099,0.5237426161766052
YER069W,YGL216W,0,0.7372185,0.09956859052181244,0.5553416609764099,0.523842990398407
YCR048W,YDR260C,0,0.73705536,0.09955141693353653,0.5553416609764099,0.5239433646202087
YDR153C,YNL094W,0,0.73691916,0.09953424334526062,0.5553416609764099,0.5240437984466553
YGR192C,YNL052W,1,0.736902,0.0996895506978035,0.5563041567802429,0.5240437984466553
YGL150C,YNR052C,0,0.73662364,0.0996723547577858,0.5563041567802429,0.524144172668457
YLR453C,YLR222C,0,0.73656285,0.09965517371892929,0.5563041567802429,0.5242445468902588
YJR137C,YDR351W,0,0.73656166,0.09963799268007278,0.5563041567802429,0.5243449211120605
YBR121C,YGR296W,0,0.7365205,0.09962081909179688,0.5563041567802429,0.5244453549385071
YNL075W,YGL116W,0,0.7365111,0.09960365295410156,0.5563041567802429,0.5245457291603088
YER139C,YDR461W,0,0.7364185,0.09958649426698685,0.5563041567802429,0.5246461033821106
YPR018W,YBR189W,0,0.736298,0.09956933557987213,0.5563041567802429,0.5247465372085571
YER124C,YBR210W,0,0.73626506,0.09955218434333801,0.5563041567802429,0.5248469114303589
YBL089W,YDL202W,0,0.73624486,0.09953504055738449,0.5563041567802429,0.5249472856521606
YER023W,YPL227C,0,0.7361964,0.09951790422201157,0.5563041567802429,0.5250476598739624
YOL097C,YAL011W,0,0.7361922,0.09950077533721924,0.5563041567802429,0.5251480937004089
YPL129W,YGR206W,0,0.73617035,0.09948364645242691,0.5563041567802429,0.5252484679222107
YLR068W,YGR284C,0,0.7360816,0.09946653246879578,0.5563041567802429,0.5253488421440125
YER138C,YBR276C,0,0.73594177,0.09944941848516464,0.5563041567802429,0.525449275970459
YLR333C,YOR295W,0,0.7357372,0.09943230450153351,0.5563041567802429,0.5255496501922607
YPR188C,YML029W,0,0.7356389,0.09941520541906357,0.5563041567802429,0.5256500244140625
YLL005C,YHL033C,0,0.7356342,0.09939810633659363,0.5563041567802429,0.5257503986358643
YJR052W,YDR385W,0,0.73562145,0.09938101470470428,0.5563041567802429,0.5258508324623108
YER154W,YIL063C,0,0.7355306,0.09936393052339554,0.5563041567802429,0.5259512066841125
YBR078W,YAL002W,0,0.735302,0.09934685379266739,0.5563041567802429,0.5260515809059143
YNL273W,YJR044C,0,0.7352965,0.09932978451251984,0.5563041567802429,0.5261520147323608
YMR231W,YLL018C,0,0.73526275,0.09931271523237228,0.5563041567802429,0.5262523889541626
YNR031C,YIL019W,0,0.7352573,0.09929565340280533,0.5563041567802429,0.5263527631759644
YDR337W,YBL046W,0,0.73517096,0.09927859902381897,0.5563041567802429,0.5264531970024109
YFL003C,YPL029W,0,0.73509693,0.09926155209541321,0.5563041567802429,0.5265535712242126
YGL179C,YOR266W,0,0.735024,0.09924450516700745,0.5563041567802429,0.5266539454460144
YIL064W,YLL032C,0,0.73495734,0.09922746568918228,0.5563041567802429,0.5267543196678162
YGR046W,YNL298W,0,0.7349418,0.09921043366193771,0.5563041567802429,0.5268547534942627
YKL112W,YDL191W,0,0.7349392,0.09919340908527374,0.5563041567802429,0.5269551277160645
YGL008C,YHR073W,0,0.7348592,0.09917639195919037,0.5563041567802429,0.5270555019378662
YER031C,YJR002W,0,0.734601,0.099159374833107,0.5563041567802429,0.5271559357643127
YIL114C,YHR088W,0,0.7345261,0.09914236515760422,0.5563041567802429,0.5272563099861145
YJL124C,YOL020W,0,0.7344357,0.09912536293268204,0.5563041567802429,0.5273566842079163
YOR204W,YER038C,0,0.7343184,0.09910836815834045,0.5563041567802429,0.527457058429718
YOL070C,YGR090W,0,0.73412406,0.09909137338399887,0.5563041567802429,0.5275574922561646
YER168C,YGR296W,0,0.7340575,0.09907439351081848,0.5563041567802429,0.5276578664779663
YNR013C,YLR214W,1,0.7340489,0.09922879189252853,0.5572665929794312,0.5276578664779663
YLR329W,YEL051W,0,0.73403245,0.09921178966760635,0.5572665929794312,0.5277582406997681
YOL158C,YMR011W,1,0.734007,0.09936611354351044,0.5582290887832642,0.5277582406997681
YLR043C,YOR212W,0,0.7339736,0.09934908896684647,0.5582290887832642,0.5278586745262146
YNL267W,YDR422C,0,0.73397326,0.09933207929134369,0.5582290887832642,0.5279590487480164
YDL139C,YML114C,0,0.7339423,0.09931506961584091,0.5582290887832642,0.5280594229698181
YER175C,YJL180C,0,0.73384506,0.09929806739091873,0.5582290887832642,0.5281597971916199
YMR214W,YMR090W,0,0.7338182,0.09928106516599655,0.5582290887832642,0.5282602310180664
YAL001C,YPR188C,0,0.73361546,0.09926407784223557,0.5582290887832642,0.5283606052398682
YCR071C,YOR060C,0,0.7335095,0.09924709051847458,0.5582290887832642,0.5284609794616699
YLR350W,YBR038W,0,0.73342526,0.09923011064529419,0.5582290887832642,0.5285614132881165
YNL052W,YCR027C,1,0.73342186,0.09938419610261917,0.5591915249824524,0.5285614132881165
YIL014W,YGL014W,0,0.73339933,0.09936719387769699,0.5591915249824524,0.5286617875099182
YLR119W,YDR040C,1,0.73335254,0.099521204829216,0.5601540207862854,0.5286617875099182
YOR141C,YNL099C,0,0.7333136,0.09950418770313263,0.5601540207862854,0.52876216173172
YOL091W,YLL002W,0,0.7331771,0.09948717802762985,0.5601540207862854,0.5288625359535217
YNL065W,YCR098C,1,0.73305506,0.09964108467102051,0.5611164569854736,0.5288625359535217
YOL151W,YKR102W,0,0.73304456,0.09962406009435654,0.5611164569854736,0.5289629697799683
YLR390W-A,YBR066C,0,0.73302084,0.09960703551769257,0.5611164569854736,0.52906334400177
YCR026C,YLR056W,0,0.7328816,0.09959002584218979,0.5611164569854736,0.5291637182235718
YLR119W,YJR049C,0,0.7328475,0.09957301616668701,0.5611164569854736,0.5292641520500183
YFL001W,YIL156W,0,0.73281956,0.09955601394176483,0.5611164569854736,0.5293645262718201
YML080W,YMR114C,0,0.73280686,0.09953901171684265,0.5611164569854736,0.5294649004936218
YNR013C,YHR016C,0,0.7327924,0.09952202439308167,0.5611164569854736,0.5295653343200684
YGR020C,YKL077W,0,0.7327018,0.09950503706932068,0.5611164569854736,0.5296657085418701
YFR016C,YMR183C,0,0.7326627,0.09948805719614029,0.5611164569854736,0.5297660827636719
YDR142C,YDR490C,0,0.732655,0.0994710773229599,0.5611164569854736,0.5298664569854736
YMR013C,YLR263W,0,0.7326517,0.0994541123509407,0.5611164569854736,0.5299668908119202
YOR393W,YDL222C,0,0.73256135,0.09943714737892151,0.5611164569854736,0.5300672650337219
YOR141C,YDR497C,0,0.7325189,0.09942018985748291,0.5611164569854736,0.5301676392555237
YLR268W,YOL004W,0,0.73246014,0.09940323978662491,0.5611164569854736,0.5302680730819702
YHL035C,YML028W,0,0.7324473,0.0993862971663475,0.5611164569854736,0.530368447303772
YOR321W,YDL087C,0,0.7323909,0.0993693545460701,0.5611164569854736,0.5304688215255737
YJR042W,YJL196C,0,0.73224133,0.09935241937637329,0.5611164569854736,0.5305691957473755
YDR205W,YJL196C,0,0.73220754,0.09933549165725708,0.5611164569854736,0.530669629573822
YOR113W,YMR200W,0,0.7321987,0.09931857138872147,0.5611164569854736,0.5307700037956238
YEL004W,YJL083W,0,0.73219705,0.09930165112018585,0.5611164569854736,0.5308703780174255
YDR517W,YGL026C,0,0.7321146,0.09928473830223083,0.5611164569854736,0.5309708118438721
YKL055C,YOR193W,0,0.7319092,0.09926783293485641,0.5611164569854736,0.5310711860656738
YLR307W,YGR178C,0,0.7318536,0.09925093501806259,0.5611164569854736,0.5311715602874756
YHR074W,YKL006C-A,0,0.7318187,0.09923404455184937,0.5611164569854736,0.5312719345092773
YBR155W,YBR038W,0,0.73178333,0.09921715408563614,0.5611164569854736,0.5313723683357239
YOR156C,YPL237W,0,0.73176515,0.09920027107000351,0.5611164569854736,0.5314727425575256
YLR216C,YCL011C,0,0.7316547,0.09918339550495148,0.5611164569854736,0.5315731167793274
YGL203C,YMR039C,0,0.7314756,0.09916652739048004,0.5611164569854736,0.5316735506057739
YML031W,YJL059W,0,0.73145044,0.0991496592760086,0.5611164569854736,0.5317739248275757
YML116W,YBR295W,1,0.73138237,0.09930284321308136,0.5620788931846619,0.5317739248275757
YNL192W,YER063W,0,0.73136175,0.09928596019744873,0.5620788931846619,0.5318742990493774
YDL120W,YDR135C,1,0.7313445,0.09943906217813492,0.5630413889884949,0.5318742990493774
YER119C,YCL004W,0,0.7312224,0.0994221642613411,0.5630413889884949,0.5319746732711792
YDL005C,YCL017C,0,0.7310976,0.09940526634454727,0.5630413889884949,0.5320751070976257
YPL119C,YBL013W,0,0.73109585,0.09938837587833405,0.5630413889884949,0.5321754813194275
YDL021W,YMR266W,0,0.73108053,0.09937149286270142,0.5630413889884949,0.5322758555412292
YGL055W,YGL026C,0,0.7309431,0.09935461729764938,0.5630413889884949,0.5323762893676758
YLR118C,YFL062W,0,0.7308111,0.09933774918317795,0.5630413889884949,0.5324766635894775
YKL082C,YDL066W,0,0.7305404,0.09932088106870651,0.5630413889884949,0.5325770378112793
YIL009W,YJL130C,0,0.7305399,0.09930402040481567,0.5630413889884949,0.5326774716377258
YDR300C,YNL302C,0,0.7303736,0.09928716719150543,0.5630413889884949,0.5327778458595276
YCL040W,YIR013C,0,0.7303264,0.09927032142877579,0.5630413889884949,0.5328782200813293
YPL183W-A,YDR143C,0,0.73026407,0.09925347566604614,0.5630413889884949,0.5329785943031311
YIR004W,YDL133C-A,0,0.73018146,0.09923664480447769,0.5630413889884949,0.5330790281295776
YDR188W,YLR289W,0,0.73008287,0.09921980649232864,0.5630413889884949,0.5331794023513794
YDR201W,YNL008C,0,0.73007715,0.09920298308134079,0.5630413889884949,0.5332797765731812
YDL117W,YDL064W,0,0.7299055,0.09918616712093353,0.5630413889884949,0.5333802103996277
YDL207W,YOR274W,0,0.7298929,0.09916935116052628,0.5630413889884949,0.5334805846214294
YPL046C,YHL050C,0,0.7298033,0.09915254265069962,0.5630413889884949,0.5335809588432312
YML036W,YMR143W,0,0.7297444,0.09913574159145355,0.5630413889884949,0.533681333065033
YMR262W,YGR077C,0,0.72965056,0.09911894053220749,0.5630413889884949,0.5337817668914795
YLR431C,YKL043W,0,0.7296107,0.09910215437412262,0.5630413889884949,0.5338821411132812
YJL029C,YMR121C,0,0.7295702,0.09908536821603775,0.5630413889884949,0.533982515335083
YLL036C,YKL025C,0,0.72937393,0.09906858950853348,0.5630413889884949,0.5340829491615295
YMR175W,YGR081C,0,0.7293564,0.0990518108010292,0.5630413889884949,0.5341833233833313
YER078C,YBR201W,0,0.7292346,0.09903503954410553,0.5630413889884949,0.5342836976051331
YGR041W,YJL196C,0,0.7291713,0.09901828318834305,0.5630413889884949,0.5343840718269348
YDL084W,YBR215W,0,0.7290529,0.09900151938199997,0.5630413889884949,0.5344845056533813
YER060W-A,YLR382C,0,0.7290267,0.09898477047681808,0.5630413889884949,0.5345848798751831
YIL114C,YCL029C,0,0.7289387,0.0989680290222168,0.5630413889884949,0.5346852540969849
YBR056W,YMR177W,0,0.72893786,0.09895128756761551,0.5630413889884949,0.5347856879234314
YJL004C,YHR084W,0,0.7288191,0.09893455356359482,0.5630413889884949,0.5348860621452332
YOR319W,YNL282W,0,0.7287473,0.09891781955957413,0.5630413889884949,0.5349864363670349
YGR077C,YBR243C,0,0.728716,0.09890110045671463,0.5630413889884949,0.5350868105888367
YKR072C,YOR361C,0,0.72862256,0.09888438135385513,0.5630413889884949,0.5351872444152832
YJL180C,YLR083C,0,0.72849226,0.09886766970157623,0.5630413889884949,0.535287618637085
YER031C,YDR080W,0,0.72843516,0.09885096549987793,0.5630413889884949,0.5353879928588867
YPL006W,YAL019W,0,0.728374,0.09883426129817963,0.5630413889884949,0.5354884266853333
YGL018C,YLR295C,0,0.72832334,0.09881756454706192,0.5630413889884949,0.535588800907135
YHR106W,YDR392W,0,0.7283175,0.09880087524652481,0.5630413889884949,0.5356891751289368
YDR306C,YKR075C,0,0.7283088,0.0987841933965683,0.5630413889884949,0.5357896089553833
YGR105W,YER006W,0,0.72824764,0.09876751899719238,0.5630413889884949,0.5358899831771851
YDR156W,YNL294C,0,0.7282121,0.09875084459781647,0.5630413889884949,0.5359903573989868
YGL226W,YLR003C,0,0.7282001,0.09873417764902115,0.5630413889884949,0.5360907316207886
YLR424W,YDR079W,0,0.72815704,0.09871751815080643,0.5630413889884949,0.5361911654472351
YKR052C,YFR047C,0,0.7281352,0.0987008586525917,0.5630413889884949,0.5362915396690369
YBR186W,YFR042W,0,0.727971,0.09868421405553818,0.5630413889884949,0.5363919138908386
YDL087C,YCR106W,0,0.72786427,0.09866756945848465,0.5630413889884949,0.5364923477172852
YOR271C,YJL214W,1,0.7277292,0.0988195613026619,0.5640038251876831,0.5364923477172852
YLR059C,YJL140W,0,0.7277106,0.09880290180444717,0.5640038251876831,0.5365927219390869
YIL008W,YDR201W,0,0.7274616,0.09878624230623245,0.5640038251876831,0.5366930961608887
YNR044W,YBL097W,0,0.7273966,0.09876959025859833,0.5640038251876831,0.5367934703826904
YDL002C,YHL009C,0,0.7273284,0.0987529456615448,0.5640038251876831,0.536893904209137
YLR115W,YPL116W,0,0.72726744,0.09873630851507187,0.5640038251876831,0.5369942784309387
YJL178C,YGL020C,0,0.7272471,0.09871967881917953,0.5640038251876831,0.5370946526527405
YDR261C,YHR138C,0,0.7272129,0.0987030491232872,0.5640038251876831,0.537195086479187
YGR129W,YDR383C,0,0.7272126,0.09868642687797546,0.5640038251876831,0.5372954607009888
YJR086W,YBR169C,0,0.7271843,0.09866981208324432,0.5640038251876831,0.5373958349227905
YBR187W,YDR020C,0,0.7271466,0.09865319728851318,0.5640038251876831,0.5374962091445923
YPR082C,YHR211W,0,0.7271297,0.09863658994436264,0.5640038251876831,0.5375966429710388
YLL029W,YMR048W,0,0.7271155,0.0986199900507927,0.5640038251876831,0.5376970171928406
YML022W,YKR007W,0,0.7270864,0.09860339760780334,0.5640038251876831,0.5377973914146423
YLL048C,YLR443W,1,0.7270716,0.09875504672527313,0.5649663209915161,0.5377973914146423
YNL111C,YKL016C,0,0.7270501,0.09873843938112259,0.5649663209915161,0.5378978252410889
YDL119C,YPL036W,1,0.72696114,0.09889000654220581,0.5659287571907043,0.5378978252410889
YPR174C,YKR003W,0,0.7269014,0.09887338429689407,0.5659287571907043,0.5379981994628906
YGL092W,YER141W,0,0.72681046,0.09885676205158234,0.5659287571907043,0.5380985736846924
YDR369C,YDR435C,0,0.7267612,0.0988401398062706,0.5659287571907043,0.5381989479064941
YIL064W,YML127W,0,0.72675943,0.09882353246212006,0.5659287571907043,0.5382993817329407
YPR095C,YDR463W,0,0.72674173,0.09880692511796951,0.5659287571907043,0.5383997559547424
YLR229C,YPL207W,0,0.72672445,0.09879032522439957,0.5659287571907043,0.5385001301765442
YMR053C,YJL159W,0,0.72654855,0.09877372533082962,0.5659287571907043,0.5386005640029907
YBR072W,YNR021W,0,0.7264223,0.09875714033842087,0.5659287571907043,0.5387009382247925
YLR330W,YAR027W,0,0.7263872,0.09874055534601212,0.5659287571907043,0.5388013124465942
YKL099C,YDR405W,0,0.7263561,0.09872397780418396,0.5659287571907043,0.5389017462730408
YER142C,YKR100C,0,0.726344,0.0987074002623558,0.5659287571907043,0.5390021204948425
YGR183C,YMR203W,1,0.72633827,0.09885867685079575,0.5668912529945374,0.5390021204948425
YDR541C,YDR383C,0,0.7262975,0.0988420844078064,0.5668912529945374,0.5391024947166443
YLR242C,YGL116W,0,0.72607756,0.09882550686597824,0.5668912529945374,0.539202868938446
YMR068W,YJR004C,0,0.72605956,0.09880892187356949,0.5668912529945374,0.5393033027648926
YKL013C,YMR234W,0,0.7260248,0.09879235178232193,0.5668912529945374,0.5394036769866943
YDL148C,YBR068C,0,0.7260225,0.09877578169107437,0.5668912529945374,0.5395040512084961
YMR099C,YDL091C,0,0.72594315,0.09875921905040741,0.5668912529945374,0.5396044850349426
YPR137W,YML061C,0,0.7259393,0.09874266386032104,0.5668912529945374,0.5397048592567444
YBL099W,YOR307C,1,0.7259373,0.09889373183250427,0.5678536891937256,0.5397048592567444
YDR308C,YPR043W,0,0.7259371,0.09887715429067612,0.5678536891937256,0.5398052334785461
YGR057C,YDR332W,0,0.7258423,0.09886059165000916,0.5678536891937256,0.5399056077003479
YNL177C,YLR293C,0,0.7257946,0.0988440290093422,0.5678536891937256,0.5400060415267944
YPL117C,YER171W,0,0.7255832,0.09882747381925583,0.5678536891937256,0.5401064157485962
YNR046W,YNL261W,0,0.7255483,0.09881091862916946,0.5678536891937256,0.540206789970398
YCR027C,YOR018W,0,0.7254423,0.0987943708896637,0.5678536891937256,0.5403072237968445
YPL053C,YER143W,0,0.72531796,0.09877783060073853,0.5678536891937256,0.5404075980186462
YJR152W,YPR114W,0,0.72525394,0.09876129776239395,0.5678536891937256,0.540507972240448
YPL018W,YKL073W,0,0.7252023,0.09874477237462997,0.5678536891937256,0.5406083464622498
YDR143C,YGL062W,0,0.7251613,0.098728246986866,0.5678536891937256,0.5407087802886963
YMR113W,YJR034W,0,0.7250235,0.09871172904968262,0.5678536891937256,0.540809154510498
YGL226C-A,YBR182C,0,0.7249459,0.09869521856307983,0.5678536891937256,0.5409095287322998
YAL056W,YBL046W,0,0.72494197,0.09867870807647705,0.5678536891937256,0.5410099625587463
YIL062C,YKL086W,0,0.7249231,0.09866220504045486,0.5678536891937256,0.5411103367805481
YOL001W,YOR209C,0,0.7248947,0.09864570945501328,0.5678536891937256,0.5412107110023499
YIL080W,YLR429W,0,0.724882,0.09862922132015228,0.5678536891937256,0.5413110852241516
YBR180W,YLR308W,0,0.7248769,0.09861273318529129,0.5678536891937256,0.5414115190505981
YKL041W,YLR411W,1,0.72486216,0.0987633690237999,0.5688161849975586,0.5414115190505981
YOR321W,YNL164C,0,0.7248107,0.09874686598777771,0.5688161849975586,0.5415118932723999
YPL280W,YBR098W,0,0.72475696,0.09873037040233612,0.5688161849975586,0.5416122674942017
YKR026C,YKR034W,0,0.7247499,0.09871388226747513,0.5688161849975586,0.5417127013206482
YDR322C-A,YDR179C,0,0.7247217,0.09869739413261414,0.5688161849975586,0.54181307554245
YDR021W,YLR429W,0,0.7246841,0.09868091344833374,0.5688161849975586,0.5419134497642517
YGR186W,YHR084W,0,0.72464085,0.09866444021463394,0.5688161849975586,0.5420138835906982
YIL122W,YJL083W,0,0.72453606,0.09864797443151474,0.5688161849975586,0.5421142578125
YJL181W,YKL216W,0,0.7243712,0.09863150864839554,0.5688161849975586,0.5422146320343018
YHR204W,YKL139W,0,0.7243518,0.09861505031585693,0.5688161849975586,0.5423150062561035
YJL149W,YBR031W,0,0.7243072,0.09859859943389893,0.5688161849975586,0.54241544008255
YNL225C,YGL226W,0,0.7242938,0.09858214855194092,0.5688161849975586,0.5425158143043518
YBL066C,YML013W,0,0.7242881,0.0985657125711441,0.5688161849975586,0.5426161885261536
YDR377W,YKR105C,1,0.72419244,0.09871602803468704,0.5697786211967468,0.5426161885261536
YHR142W,YDR064W,0,0.72415614,0.09869956970214844,0.5697786211967468,0.5427166223526001
YOR065W,YOR153W,0,0.72412986,0.09868311136960983,0.5697786211967468,0.5428169965744019
YIL135C,YML102W,0,0.72407323,0.09866666793823242,0.5697786211967468,0.5429173707962036
YLR083C,YLR421C,0,0.7240059,0.09865022450685501,0.5697786211967468,0.5430177450180054
YDR143C,YOR045W,0,0.7239546,0.0986337885260582,0.5697786211967468,0.5431181788444519
YOL041C,YLR274W,0,0.7237686,0.09861735999584198,0.5697786211967468,0.5432185530662537
YNL097C,YLL066C,0,0.72375774,0.09860093146562576,0.5697786211967468,0.5433189272880554
YER185W,YDR534C,1,0.72374755,0.09875103831291199,0.5707411170005798,0.5433189272880554
YHR060W,YGL006W,0,0.72371393,0.09873460233211517,0.5707411170005798,0.543419361114502
YNR069C,YGL111W,0,0.72362375,0.09871815890073776,0.5707411170005798,0.5435197353363037
YKR027W,YMR225C,0,0.7234576,0.09870173037052155,0.5707411170005798,0.5436201095581055
YML092C,YKR053C,0,0.7233813,0.09868530184030533,0.5707411170005798,0.5437204837799072
YHL031C,YKL168C,0,0.7232177,0.0986688882112503,0.5707411170005798,0.5438209176063538
YDL206W,YER062C,0,0.7231405,0.09865246713161469,0.5707411170005798,0.5439212918281555
YPL193W,YIL122W,0,0.7230619,0.09863606095314026,0.5707411170005798,0.5440216660499573
YJR052W,YGL233W,0,0.72298026,0.09861965477466583,0.5707411170005798,0.5441220998764038
YBR109C,YPL096W,0,0.7229728,0.098603256046772,0.5707411170005798,0.5442224740982056
YGR078C,YJR123W,0,0.7228912,0.09858686476945877,0.5707411170005798,0.5443228483200073
YNL186W,YMR180C,0,0.7228795,0.09857048094272614,0.5707411170005798,0.5444232225418091
YBL099W,YHR032W,0,0.722862,0.0985540971159935,0.5707411170005798,0.5445236563682556
YBR171W,YBR229C,0,0.7226763,0.09853772073984146,0.5707411170005798,0.5446240305900574
YNL261W,YGR155W,0,0.72264886,0.09852135181427002,0.5707411170005798,0.5447244048118591
YMR083W,YPR023C,0,0.7226256,0.09850498288869858,0.5707411170005798,0.5448248386383057
YNL272C,YMR149W,0,0.72256213,0.09848862141370773,0.5707411170005798,0.5449252128601074
YNR004W,YPR037C,0,0.72253144,0.09847226738929749,0.5707411170005798,0.5450255870819092
YKL201C,YER169W,0,0.7224607,0.09845592081546783,0.5707411170005798,0.5451260209083557
YHR034C,YMR239C,0,0.72244895,0.09843957424163818,0.5707411170005798,0.5452263951301575
YHR082C,YER028C,0,0.7223992,0.09842323511838913,0.5707411170005798,0.5453267693519592
YMR207C,YLL033W,0,0.7223661,0.09840690344572067,0.5707411170005798,0.545427143573761
YLR119W,YBR085W,1,0.72227323,0.09855649620294571,0.5717035531997681,0.545427143573761
YNR013C,YHL036W,1,0.722228,0.09870603680610657,0.5726660490036011,0.545427143573761
YER109C,YDL133C-A,0,0.7221807,0.09868966788053513,0.5726660490036011,0.5455275774002075
YLR394W,YOR173W,0,0.7220634,0.09867329895496368,0.5726660490036011,0.5456279516220093
YJL168C,YHR047C,0,0.72195077,0.09865693747997284,0.5726660490036011,0.545728325843811
YNL180C,YLL027W,0,0.72192883,0.09864058345556259,0.5726660490036011,0.5458287596702576
YDR439W,YBR005W,0,0.7216512,0.09862423688173294,0.5726660490036011,0.5459291338920593
YBR193C,YDR119W,0,0.72148,0.09860789030790329,0.5726660490036011,0.5460295081138611
YHR162W,YPR138C,1,0.72144455,0.09875725209712982,0.5736284852027893,0.5460295081138611
YML127W,YGR283C,0,0.7213718,0.09874089062213898,0.5736284852027893,0.5461298823356628
YOL122C,YDR468C,0,0.7213639,0.09872452914714813,0.5736284852027893,0.5462303161621094
YOR162C,YPR114W,0,0.7213422,0.09870818257331848,0.5736284852027893,0.5463306903839111
YBL056W,YOR193W,0,0.72129935,0.09869183599948883,0.5736284852027893,0.5464310646057129
YLR181C,YLR417W,0,0.7212975,0.09867549687623978,0.5736284852027893,0.5465314984321594
YGL246C,YMR216C,0,0.72129107,0.09865916520357132,0.5736284852027893,0.5466318726539612
YFL013C,YDR323C,0,0.72122145,0.09864283353090286,0.5736284852027893,0.5467322468757629
YOR156C,YNL084C,0,0.7211791,0.098626509308815,0.5736284852027893,0.5468326210975647
YKR087C,YDR179C,0,0.7211212,0.09861019253730774,0.5736284852027893,0.5469330549240112
YKL084W,YNL298W,0,0.7211042,0.09859387576580048,0.5736284852027893,0.547033429145813
YPR138C,YEL006W,0,0.7209009,0.0985775738954544,0.5736284852027893,0.5471338033676147
YIL069C,YLR175W,0,0.7207898,0.09856127202510834,0.5736284852027893,0.5472342371940613
YPR121W,YBR279W,0,0.7207155,0.09854497015476227,0.5736284852027893,0.547334611415863
YOR168W,YDL236W,0,0.72061574,0.09852868318557739,0.5736284852027893,0.5474349856376648
YPR068C,YAL048C,0,0.7205907,0.09851239621639252,0.5736284852027893,0.5475353598594666
YDR195W,YOR176W,0,0.7204926,0.09849611669778824,0.5736284852027893,0.5476357936859131
YBR247C,YDR497C,0,0.7204891,0.09847984462976456,0.5736284852027893,0.5477361679077148
YDR067C,YGR289C,0,0.72048163,0.09846357256174088,0.5736284852027893,0.5478365421295166
YHL007C,YFR031C,0,0.7203479,0.09844730794429779,0.5736284852027893,0.5479369759559631
YOR187W,YBL034C,0,0.7202993,0.0984310507774353,0.5736284852027893,0.5480373501777649
YKL013C,YCR016W,0,0.7202741,0.09841479361057281,0.5736284852027893,0.5481377243995667
YKL040C,YDL093W,0,0.72017425,0.09839854389429092,0.5736284852027893,0.5482381582260132
YDR099W,YGL245W,0,0.7201188,0.09838230162858963,0.5736284852027893,0.5483385324478149
YJR099W,YMR240C,0,0.72000587,0.09836606681346893,0.5736284852027893,0.5484389066696167
YOR129C,YPL236C,0,0.7199718,0.09834983199834824,0.5736284852027893,0.5485392808914185
YNL335W,YER117W,0,0.7199416,0.09833360463380814,0.5736284852027893,0.548639714717865
YIL065C,YMR014W,0,0.71994066,0.09831738471984863,0.5736284852027893,0.5487400889396667
YBL091C-A,YOR253W,0,0.7198159,0.09830117225646973,0.5736284852027893,0.5488404631614685
YJL076W,YKL213C,0,0.7196425,0.09828495979309082,0.5736284852027893,0.548940896987915
YEL053C,YJR055W,0,0.71963996,0.09826875478029251,0.5736284852027893,0.5490412712097168
YFL041W,YBR086C,1,0.71960324,0.09841740876436234,0.5745909810066223,0.5490412712097168
YER041W,YOR159C,0,0.7195286,0.09840118885040283,0.5745909810066223,0.5491416454315186
YHL017W,YNR063W,0,0.71952593,0.09838496893644333,0.5745909810066223,0.5492420196533203
YMR280C,YGL051W,0,0.71952176,0.09836875647306442,0.5745909810066223,0.5493424534797668
YEL051W,YPR021C,1,0.7193222,0.09851729869842529,0.5755534172058105,0.5493424534797668
YDR308C,YMR153W,0,0.71928906,0.09850107133388519,0.5755534172058105,0.5494428277015686
YNL259C,YPL164C,0,0.71923655,0.09848485141992569,0.5755534172058105,0.5495432019233704
YOL011W,YGR239C,0,0.7191356,0.09846863150596619,0.5755534172058105,0.5496436357498169
YMR288W,YMR304W,0,0.7190735,0.09845241904258728,0.5755534172058105,0.5497440099716187
YMR053C,YHR037W,0,0.7190357,0.09843621402978897,0.5755534172058105,0.5498443841934204
YDR398W,YDR392W,0,0.7190068,0.09842001646757126,0.5755534172058105,0.5499447584152222
YCL016C,YMR077C,0,0.7189755,0.09840381890535355,0.5755534172058105,0.5500451922416687
YKR029C,YDR293C,0,0.7189652,0.09838762879371643,0.5755534172058105,0.5501455664634705
YOR303W,YNL329C,0,0.7189057,0.09837144613265991,0.5755534172058105,0.5502459406852722
YOR005C,YOR035C,0,0.71888137,0.0983552634716034,0.5755534172058105,0.5503463745117188
YJR001W,YOR087W,1,0.7187831,0.09850353747606277,0.5765158534049988,0.5503463745117188
YNR049C,YLR440C,0,0.7186041,0.09848733991384506,0.5765158534049988,0.5504467487335205
YJL151C,YDR034C,0,0.7184332,0.09847114980220795,0.5765158534049988,0.5505471229553223
YLR313C,YLR060W,0,0.7183741,0.09845496714115143,0.5765158534049988,0.550647497177124
YBL027W,YNL240C,0,0.7183403,0.09843878448009491,0.5765158534049988,0.5507479310035706
YKL184W,YLR200W,0,0.718309,0.09842260926961899,0.5765158534049988,0.5508483052253723
YPL129W,YLR194C,0,0.7182934,0.09840644150972366,0.5765158534049988,0.5509486794471741
YOR018W,YBR021W,0,0.7182825,0.09839027374982834,0.5765158534049988,0.5510491132736206
YDR498C,YLR005W,0,0.7182485,0.09837412089109421,0.5765158534049988,0.5511494874954224
YER060W-A,YNL321W,0,0.7181846,0.09835796058177948,0.5765158534049988,0.5512498617172241
YLR378C,YFL062W,0,0.71813494,0.09834181517362595,0.5765158534049988,0.5513502955436707
YNL286W,YKR075C,0,0.7180345,0.09832566976547241,0.5765158534049988,0.5514506697654724
YDR195W,YGL169W,0,0.7179658,0.09830953180789948,0.5765158534049988,0.5515510439872742
YPR026W,YGR258C,0,0.71775526,0.09829340130090714,0.5765158534049988,0.5516514182090759
YLR395C,YOR137C,1,0.717727,0.09844134747982025,0.5774783492088318,0.5516514182090759
YCR083W,YOR307C,0,0.7176283,0.09842519462108612,0.5774783492088318,0.5517518520355225
YJL184W,YPR191W,0,0.71759856,0.09840905666351318,0.5774783492088318,0.5518522262573242
YBR215W,YJL154C,0,0.71757364,0.09839291870594025,0.5774783492088318,0.551952600479126
YFR013W,YBR093C,0,0.7175134,0.09837678074836731,0.5774783492088318,0.5520530343055725
YMR021C,YNL118C,0,0.7173781,0.09836065769195557,0.5774783492088318,0.5521534085273743
YLR466W,YHR079C-A,0,0.7173629,0.09834453463554382,0.5774783492088318,0.552253782749176
YJR161C,YPL057C,0,0.71735895,0.09832841902971268,0.5774783492088318,0.5523541569709778
YDR159W,YBR235W,0,0.7172541,0.09831230342388153,0.5774783492088318,0.5524545907974243
YNL232W,YKR035W-A,0,0.71723944,0.09829620271921158,0.5774783492088318,0.5525549650192261
YBL031W,YPL224C,0,0.717179,0.09828009456396103,0.5774783492088318,0.5526553392410278
YJL115W,YDR017C,0,0.71714616,0.09826400130987167,0.5774783492088318,0.5527557730674744
YPR154W,YIR019C,0,0.71708053,0.09824791550636292,0.5774783492088318,0.5528561472892761
YDL105W,YDR337W,0,0.7170354,0.09823182970285416,0.5774783492088318,0.5529565215110779
YGR240C,YKR093W,0,0.7170239,0.0982157438993454,0.5774783492088318,0.5530568957328796
YOL156W,YNL003C,1,0.7169379,0.09836333990097046,0.57844078540802,0.5530568957328796
YOR172W,YDL076C,0,0.7169033,0.0983472391963005,0.57844078540802,0.5531573295593262
YCR016W,YMR200W,0,0.71678925,0.09833115339279175,0.57844078540802,0.5532577037811279
YKL130C,YDR165W,0,0.7167076,0.09831506758928299,0.57844078540802,0.5533580780029297
YMR226C,YIL103W,0,0.71669936,0.09829898923635483,0.57844078540802,0.5534585118293762
YBR172C,YLR293C,0,0.7166878,0.09828291088342667,0.57844078540802,0.553558886051178
YBR275C,YBR302C,0,0.7166127,0.0982668399810791,0.57844078540802,0.5536592602729797
YNR039C,YOL090W,0,0.71652526,0.09825077652931213,0.57844078540802,0.5537596344947815
YNL080C,YJL059W,0,0.71644354,0.09823472052812576,0.57844078540802,0.553860068321228
YOL009C,YPL008W,0,0.7164098,0.09821866452693939,0.57844078540802,0.5539604425430298
YMR106C,YDR408C,0,0.7163315,0.09820261597633362,0.57844078540802,0.5540608167648315
YNR018W,YHR121W,0,0.71621215,0.09818656742572784,0.57844078540802,0.5541612505912781
YDR339C,YNL133C,0,0.71619844,0.09817053377628326,0.57844078540802,0.5542616248130798
YLR398C,YBL067C,0,0.7161632,0.09815450012683868,0.57844078540802,0.5543619990348816
YFR055W,YPL274W,0,0.71602637,0.0981384739279747,0.57844078540802,0.5544624328613281
YMR228W,YHR026W,0,0.71594846,0.09812244772911072,0.57844078540802,0.5545628070831299
YBR295W,YNL126W,0,0.7159014,0.09810642898082733,0.57844078540802,0.5546631813049316
YGR244C,YKL205W,0,0.7158986,0.09809041768312454,0.57844078540802,0.5547635555267334
YIL069C,YBR029C,0,0.7157448,0.09807441383600235,0.57844078540802,0.5548639893531799
YJR132W,YOR045W,0,0.71571785,0.09805840998888016,0.57844078540802,0.5549643635749817
YPR068C,YGR281W,0,0.71569026,0.09804241359233856,0.57844078540802,0.5550647377967834
YKR024C,YOR172W,0,0.71564907,0.09802642464637756,0.57844078540802,0.55516517162323
YDR172W,YFR052W,0,0.71562916,0.09801043570041656,0.57844078540802,0.5552655458450317
YBL112C,YKL041W,0,0.7155791,0.09799445420503616,0.57844078540802,0.5553659200668335
YHR066W,YLR145W,0,0.71557343,0.09797848016023636,0.57844078540802,0.5554662942886353
YLR157C,YPL232W,0,0.71551645,0.09796251356601715,0.57844078540802,0.5555667281150818
YKL126W,YPL228W,0,0.71551347,0.09794654697179794,0.57844078540802,0.5556671023368835
YCR063W,YHL007C,0,0.71550953,0.09793058782815933,0.57844078540802,0.5557674765586853
YER178W,YGL050W,0,0.71538234,0.09791462868452072,0.57844078540802,0.5558679103851318
YJR106W,YHR048W,1,0.7153664,0.09806157648563385,0.579403281211853,0.5558679103851318
YOR148C,YER028C,0,0.71535504,0.09804560244083405,0.579403281211853,0.5559682846069336
YLR298C,YKR052C,0,0.71534634,0.09802963584661484,0.579403281211853,0.5560686588287354
YJL029C,YBL113C,0,0.71531326,0.09801367670297623,0.579403281211853,0.5561690330505371
YMR227C,YKL067W,0,0.7151675,0.09799771755933762,0.579403281211853,0.5562694668769836
YPR131C,YIL168W,0,0.71511257,0.0979817733168602,0.579403281211853,0.5563698410987854
YBR172C,YKL060C,0,0.71505344,0.09796582907438278,0.579403281211853,0.5564702153205872
YGL005C,YNL032W,0,0.71503437,0.09794988483190536,0.579403281211853,0.5565706491470337
YAL056W,YJL092W,0,0.71497893,0.09793394804000854,0.579403281211853,0.5566710233688354
YKR079C,YDR457W,0,0.7149762,0.09791801869869232,0.579403281211853,0.5567713975906372
YOR192C,YDR135C,1,0.7149755,0.09806472808122635,0.5803657174110413,0.5567713975906372
YLR110C,YFR030W,0,0.71491164,0.09804878383874893,0.5803657174110413,0.556871771812439
YDL105W,YBR098W,0,0.7148371,0.09803283959627151,0.5803657174110413,0.5569722056388855
YMR154C,YPL008W,0,0.71482307,0.0980169028043747,0.5803657174110413,0.5570725798606873
YOL084W,YLR105C,0,0.7148129,0.09800097346305847,0.5803657174110413,0.557172954082489
YER144C,YIL096C,0,0.71479917,0.09798505157232285,0.5803657174110413,0.5572733879089355
YPL045W,YMR318C,0,0.71467793,0.09796912968158722,0.5803657174110413,0.5573737621307373
YNL275W,YLR216C,0,0.7146754,0.09795321524143219,0.5803657174110413,0.5574741363525391
YDR263C,YCL067C,0,0.71456563,0.09793730825185776,0.5803657174110413,0.5575745701789856
YGR040W,YHR079C-A,0,0.71448004,0.09792140126228333,0.5803657174110413,0.5576749444007874
YBR078W,YEL048C,0,0.7143321,0.09790550172328949,0.5803657174110413,0.5577753186225891
YOL156W,YMR241W,1,0.7142166,0.09805195033550262,0.5813282132148743,0.5577753186225891
YCR021C,YGR125W,0,0.7140969,0.0980360358953476,0.5813282132148743,0.5578756928443909
YLR061W,YMR313C,0,0.7140506,0.09802012145519257,0.5813282132148743,0.5579761266708374
YDR191W,YBR112C,0,0.7140051,0.09800422191619873,0.5813282132148743,0.5580765008926392
YNL274C,YNL118C,0,0.7139351,0.0979883223772049,0.5813282132148743,0.5581768751144409
YER168C,YOR026W,0,0.71388435,0.09797242283821106,0.5813282132148743,0.5582773089408875
YLR413W,YNL041C,0,0.713783,0.09795653820037842,0.5813282132148743,0.5583776831626892
YDR067C,YLR307W,0,0.713751,0.09794065356254578,0.5813282132148743,0.558478057384491
YOR118W,YEL052W,0,0.7137308,0.09792477637529373,0.5813282132148743,0.5585784316062927
YOR262W,YOL044W,0,0.7136916,0.09790889918804169,0.5813282132148743,0.5586788654327393
YOR077W,YOR254C,0,0.7135662,0.09789302945137024,0.5813282132148743,0.558779239654541
YIR011C,YML013W,0,0.71350396,0.09787716716527939,0.5813282132148743,0.5588796138763428
YOR011W,YPL008W,0,0.7133838,0.09786131232976913,0.5813282132148743,0.5589800477027893
YNL259C,YGL068W,0,0.71336424,0.09784545749425888,0.5813282132148743,0.5590804219245911
YHR203C,YPR004C,0,0.7132399,0.09782961010932922,0.5813282132148743,0.5591807961463928
YPL120W,YLR055C,0,0.71322984,0.09781376272439957,0.5813282132148743,0.5592811703681946
YNL214W,YFR042W,0,0.7132126,0.0977979302406311,0.5813282132148743,0.5593816041946411
YCL043C,YGR169C,0,0.71321046,0.09778209775686264,0.5813282132148743,0.5594819784164429
YCR014C,YIL137C,0,0.7131933,0.09776626527309418,0.5813282132148743,0.5595823526382446
YBR054W,YCR014C,0,0.7131909,0.09775044769048691,0.5813282132148743,0.5596827864646912
YGR203W,YDR111C,0,0.7131791,0.09773463010787964,0.5813282132148743,0.5597831606864929
YDR395W,YML092C,0,0.7131777,0.09771881252527237,0.5813282132148743,0.5598835349082947
YOR377W,YBL026W,0,0.7131576,0.0977030098438263,0.5813282132148743,0.5599839091300964
YPR106W,YGR240C,0,0.7131351,0.09768720716238022,0.5813282132148743,0.560084342956543
YPL178W,YMR135C,0,0.71306264,0.09767141193151474,0.5813282132148743,0.5601847171783447
YMR162C,YER101C,0,0.7130156,0.09765561670064926,0.5813282132148743,0.5602850914001465
YLR085C,YPR169W,0,0.7129903,0.09763982892036438,0.5813282132148743,0.560385525226593
YDR538W,YPR103W,0,0.7129892,0.0976240485906601,0.5813282132148743,0.5604858994483948
YMR243C,YBL089W,1,0.7129314,0.09776987880468369,0.5822906494140625,0.5604858994483948
YLR020C,YLR410W,0,0.7129239,0.09775407612323761,0.5822906494140625,0.5605862736701965
YGR098C,YDR007W,0,0.712822,0.09773828834295273,0.5822906494140625,0.5606867074966431
YNL186W,YLR196W,0,0.71280825,0.09772250056266785,0.5822906494140625,0.5607870817184448
YLR251W,YCR107W,0,0.7127647,0.09770672023296356,0.5822906494140625,0.5608874559402466
YDR243C,YJL110C,0,0.7127099,0.09769093990325928,0.5822906494140625,0.5609878301620483
YKL165C,YDR039C,1,0.7126987,0.09783661365509033,0.5832531452178955,0.5609878301620483
YPL188W,YOR119C,0,0.7126212,0.09782082587480545,0.5832531452178955,0.5610882639884949
YHL025W,YOR035C,0,0.7125143,0.09780503809452057,0.5832531452178955,0.5611886382102966
YML031W,YLR337C,0,0.7124841,0.09778925031423569,0.5832531452178955,0.5612890124320984
YDR446W,YPL008W,0,0.7124504,0.097773477435112,0.5832531452178955,0.5613894462585449
YJL104W,YFR046C,0,0.7124226,0.09775770455598831,0.5832531452178955,0.5614898204803467
YER155C,YGR238C,0,0.7121608,0.09774193912744522,0.5832531452178955,0.5615901947021484
YPL248C,YHR077C,0,0.71206135,0.09772617369890213,0.5832531452178955,0.5616905689239502
YLR160C,YER052C,0,0.71199834,0.09771041572093964,0.5832531452178955,0.5617910027503967
YDR473C,YDR280W,0,0.7119208,0.09769466519355774,0.5832531452178955,0.5618913769721985
YHR191C,YAR002C-A,0,0.7118453,0.09767891466617584,0.5832531452178955,0.5619917511940002
YNL127W,YDL225W,0,0.7117749,0.09766317158937454,0.5832531452178955,0.5620921850204468
YOL013C,YLL010C,0,0.71176535,0.09764743596315384,0.5832531452178955,0.5621925592422485
YIL159W,YDR211W,0,0.7117108,0.09763170778751373,0.5832531452178955,0.5622929334640503
YER127W,YDR316W,0,0.7116318,0.09761597961187363,0.5832531452178955,0.562393307685852
YNL202W,YDL029W,0,0.7115023,0.09760025888681412,0.5832531452178955,0.5624937415122986
YLR268W,YPL225W,0,0.7113656,0.09758453816175461,0.5832531452178955,0.5625941157341003
YKL148C,YMR283C,0,0.7113309,0.09756883233785629,0.5832531452178955,0.5626944899559021
YLR005W,YLR196W,0,0.71125174,0.09755312651395798,0.5832531452178955,0.5627949237823486
YJL066C,YLR263W,0,0.7112245,0.09753742069005966,0.5832531452178955,0.5628952980041504
YPL137C,YGL002W,0,0.7111566,0.09752172231674194,0.5832531452178955,0.5629956722259521
YEL027W,YMR274C,0,0.7110868,0.09750603139400482,0.5832531452178955,0.5630960464477539
YLL004W,YKL039W,0,0.7108388,0.0974903479218483,0.5832531452178955,0.5631964802742004
YGL180W,YLL053C,0,0.71083283,0.09747466444969177,0.5832531452178955,0.5632968544960022
YNL264C,YDR323C,0,0.71080804,0.09745898842811584,0.5832531452178955,0.563397228717804
YOR172W,YHR107C,0,0.7107655,0.09744331985712051,0.5832531452178955,0.5634976625442505
YJL124C,YBR110W,0,0.7107328,0.09742765128612518,0.5832531452178955,0.5635980367660522
YDR473C,YOL068C,0,0.7107317,0.09741199016571045,0.5832531452178955,0.563698410987854
YMR194W,YGL018C,0,0.7106461,0.09739633649587631,0.5832531452178955,0.5637988448143005
YKL175W,YMR304W,0,0.7106237,0.09738068282604218,0.5832531452178955,0.5638992190361023
YCL026C-A,YNL142W,0,0.71059775,0.09736503660678864,0.5832531452178955,0.563999593257904
YLL023C,YNL298W,0,0.71059376,0.09734939783811569,0.5832531452178955,0.5640999674797058
YFR033C,YGL023C,0,0.7105191,0.09733375906944275,0.5832531452178955,0.5642004013061523
YOR354C,YNL186W,0,0.71044326,0.0973181277513504,0.5832531452178955,0.5643007755279541
YER055C,YNR063W,0,0.7104137,0.09730250388383865,0.5832531452178955,0.5644011497497559
YKL082C,YFR046C,0,0.71031547,0.0972868874669075,0.5832531452178955,0.5645015835762024
YPL233W,YDR105C,0,0.710302,0.09727127104997635,0.5832531452178955,0.5646019577980042
YGL212W,YJL092W,0,0.7102392,0.0972556546330452,0.5832531452178955,0.5647023320198059
YAL056W,YBR028C,0,0.7102221,0.09724005311727524,0.5832531452178955,0.5648027062416077
YML081W,YMR014W,0,0.71017134,0.09722445160150528,0.5832531452178955,0.5649031400680542
YML024W,YOL101C,0,0.71014106,0.09720885753631592,0.5832531452178955,0.565003514289856
YBR002C,YOR132W,0,0.71012044,0.09719326347112656,0.5832531452178955,0.5651038885116577
YNL317W,YLR160C,0,0.7098135,0.09717767685651779,0.5832531452178955,0.5652043223381042
YMR322C,YCR043C,0,0.7097764,0.09716209769248962,0.5832531452178955,0.565304696559906
YIL085C,YNL172W,0,0.70974624,0.09714651852846146,0.5832531452178955,0.5654050707817078
YGL062W,YKL174C,0,0.709695,0.09713094681501389,0.5832531452178955,0.5655054450035095
YKR098C,YHR176W,0,0.70947826,0.09711538255214691,0.5832531452178955,0.565605878829956
YCL008C,YCR037C,1,0.70943403,0.09726005792617798,0.5842155814170837,0.565605878829956
YML021C,YMR063W,0,0.7094288,0.09724447131156921,0.5842155814170837,0.5657062530517578
YHR187W,YHR165C,0,0.70942557,0.09722889959812164,0.5842155814170837,0.5658066272735596
YPL236C,YLL028W,0,0.7093971,0.09721332788467407,0.5842155814170837,0.5659070611000061
YPL139C,YGR113W,0,0.7092682,0.0971977561712265,0.5842155814170837,0.5660074353218079
YJL141C,YBR068C,0,0.7091566,0.09718219935894012,0.5842155814170837,0.5661078095436096
YNL103W,YMR313C,0,0.7091188,0.09716664254665375,0.5842155814170837,0.5662081837654114
YJR101W,YDL058W,0,0.7089604,0.09715108573436737,0.5842155814170837,0.5663086175918579
YPL127C,YDR453C,0,0.7089353,0.09713554382324219,0.5842155814170837,0.5664089918136597
YPL173W,YDR173C,0,0.70890343,0.097120001912117,0.5842155814170837,0.5665093660354614
YOR065W,YGL129C,0,0.7088624,0.09710446000099182,0.5842155814170837,0.566609799861908
YLR044C,YMR083W,0,0.7088337,0.09708893299102783,0.5842155814170837,0.5667101740837097
YOL016C,YGR212W,0,0.70883346,0.09707340598106384,0.5842155814170837,0.5668105483055115
YAL054C,YOR229W,0,0.7086668,0.09705788642168045,0.5842155814170837,0.566910982131958
YDR540C,YBR150C,0,0.70860577,0.09704236686229706,0.5842155814170837,0.5670113563537598
YNL199C,YOR245C,0,0.7084774,0.09702685475349426,0.5842155814170837,0.5671117305755615
YPL188W,YGR099W,0,0.708402,0.09701135009527206,0.5842155814170837,0.5672121047973633
YBL028C,YOL060C,0,0.70833814,0.09699584543704987,0.5842155814170837,0.5673125386238098
YCR016W,YEL055C,0,0.708317,0.09698034822940826,0.5842155814170837,0.5674129128456116
YAL015C,YHR050W,0,0.70821357,0.09696485847234726,0.5842155814170837,0.5675132870674133
YHR020W,YJL020C,0,0.70817685,0.09694936871528625,0.5842155814170837,0.5676137208938599
YDR397C,YGR229C,0,0.7079756,0.09693388640880585,0.5842155814170837,0.5677140951156616
YDR496C,YBL005W,0,0.7079159,0.09691841155290604,0.5842155814170837,0.5678144693374634
YPL190C,YJR041C,0,0.70787084,0.09690293669700623,0.5842155814170837,0.5679148435592651
YDR375C,YKL152C,0,0.70784456,0.09688746929168701,0.5842155814170837,0.5680152773857117
YNR015W,YCL029C,0,0.70772684,0.0968720093369484,0.5842155814170837,0.5681156516075134
YGL011C,YPL079W,0,0.7076241,0.09685654938220978,0.5842155814170837,0.5682160258293152
YGL028C,YER060W,0,0.70761675,0.09684109687805176,0.5842155814170837,0.5683164596557617
YBR282W,YPR105C,0,0.7073115,0.09682565182447433,0.5842155814170837,0.5684168338775635
YDR148C,YLR050C,0,0.70724463,0.09681020677089691,0.5842155814170837,0.5685172080993652
YJR021C,YJR140C,0,0.7072431,0.09679476916790009,0.5842155814170837,0.568617582321167
YLR039C,YDR119W,0,0.7072338,0.09677933901548386,0.5842155814170837,0.5687180161476135
YNL223W,YJL197W,0,0.7072191,0.09676390886306763,0.5842155814170837,0.5688183903694153
YHR035W,YGL245W,0,0.70718324,0.096748486161232,0.5842155814170837,0.568918764591217
YKL025C,YBR046C,0,0.70710194,0.09673307090997696,0.5842155814170837,0.5690191984176636
YIR025W,YEL071W,0,0.70710105,0.09671765565872192,0.5842155814170837,0.5691195726394653
YLR110C,YBL113C,0,0.7070854,0.09670224785804749,0.5842155814170837,0.5692199468612671
YBL076C,YLR383W,0,0.70706344,0.09668684005737305,0.5842155814170837,0.5693203210830688
YDR399W,YML025C,0,0.70702213,0.0966714471578598,0.5842155814170837,0.5694207549095154
YPL082C,YJR084W,0,0.7069497,0.09665605425834656,0.5842155814170837,0.5695211291313171
YPL188W,YNL307C,0,0.70692205,0.09664066135883331,0.5842155814170837,0.5696215033531189
YCR010C,YDR135C,1,0.70679235,0.09678446501493454,0.5851780772209167,0.5696215033531189
YHR113W,YBL005W-B,0,0.7066375,0.0967690572142601,0.5851780772209167,0.5697219371795654
YMR104C,YJL127C,0,0.70647997,0.09675365686416626,0.5851780772209167,0.5698223114013672
YLR329W,YOR317W,0,0.70646405,0.09673826396465302,0.5851780772209167,0.569922685623169
YDR079C-A,YNL197C,0,0.70629066,0.09672287851572037,0.5851780772209167,0.5700231194496155
YOR291W,YML081W,0,0.70612764,0.09670749306678772,0.5851780772209167,0.5701234936714172
YMR136W,YDL092W,0,0.7061274,0.09669211506843567,0.5851780772209167,0.570223867893219
YPR029C,YBR243C,0,0.7061207,0.09667673707008362,0.5851780772209167,0.5703242421150208
YJL203W,YBR177C,0,0.7060486,0.09666136652231216,0.5851780772209167,0.5704246759414673
YOR311C,YMR014W,0,0.706029,0.09664600342512131,0.5851780772209167,0.570525050163269
YER100W,YGL237C,0,0.7059674,0.09663064032793045,0.5851780772209167,0.5706254243850708
YPL188W,YCL034W,0,0.7059481,0.09661528468132019,0.5851780772209167,0.5707258582115173
YJL006C,YPR152C,0,0.7059253,0.09659993648529053,0.5851780772209167,0.5708262324333191
YHR062C,YGR074W,0,0.70588076,0.09658458828926086,0.5851780772209167,0.5709266066551208
YBR177C,YGL121C,0,0.70583826,0.0965692475438118,0.5851780772209167,0.5710269808769226
YDR243C,YDR080W,0,0.70573795,0.09655391424894333,0.5851780772209167,0.5711274147033691
YGL139W,YBR086C,1,0.7055912,0.0966973677277565,0.586140513420105,0.5711274147033691
YLR316C,YCR065W,0,0.70551145,0.09668201208114624,0.586140513420105,0.5712277889251709
YCL048W,YOR208W,0,0.7054959,0.09666666388511658,0.586140513420105,0.5713281631469727
YDR304C,YOR349W,0,0.70546675,0.09665132313966751,0.586140513420105,0.5714285969734192
YGR028W,YCR071C,0,0.70546144,0.09663598984479904,0.586140513420105,0.571528971195221
YLR300W,YAL063C,0,0.7054074,0.09662065654993057,0.586140513420105,0.5716293454170227
YOL006C,YPR121W,0,0.7053145,0.0966053307056427,0.586140513420105,0.5717297196388245
YPL208W,YNR006W,0,0.70531195,0.09659000486135483,0.586140513420105,0.571830153465271
YPL164C,YNL095C,0,0.7052934,0.09657469391822815,0.586140513420105,0.5719305276870728
YPR068C,YLL016W,0,0.70503557,0.09655937552452087,0.586140513420105,0.5720309019088745
YAL055W,YHR211W,0,0.70499307,0.09654407203197479,0.586140513420105,0.572131335735321
YKR095W,YOL165C,0,0.7048721,0.09652876853942871,0.586140513420105,0.5722317099571228
YJL184W,YKR100C,0,0.7048367,0.09651347249746323,0.586140513420105,0.5723320841789246
YDR082W,YDR141C,0,0.70479035,0.09649817645549774,0.586140513420105,0.5724324584007263
YPL132W,YHR007C,0,0.7047885,0.09648288786411285,0.586140513420105,0.5725328922271729
YFL003C,YER146W,0,0.7047038,0.09646760672330856,0.586140513420105,0.5726332664489746
YBR229C,YCR067C,0,0.70465934,0.09645232558250427,0.586140513420105,0.5727336406707764
YDR375C,YKL186C,0,0.7046213,0.09643705189228058,0.586140513420105,0.5728340744972229
YFR053C,YHR176W,0,0.7045604,0.09642178565263748,0.586140513420105,0.5729344487190247
YGL257C,YLR016C,0,0.7041389,0.09640651941299438,0.586140513420105,0.5730348229408264
YKL189W,YER063W,0,0.7040566,0.09639126062393188,0.586140513420105,0.573135256767273
YLR205C,YGL061C,0,0.7040541,0.09637600928544998,0.586140513420105,0.5732356309890747
YNL259C,YHL025W,0,0.7039987,0.09636075794696808,0.586140513420105,0.5733360052108765
YOR130C,YFL011W,1,0.70398784,0.09650371968746185,0.587103009223938,0.5733360052108765
YGL160W,YPL018W,0,0.70394784,0.09648845344781876,0.587103009223938,0.5734363794326782
YIL128W,YIL042C,0,0.7039294,0.09647319465875626,0.587103009223938,0.5735368132591248
YAL040C,YER006W,0,0.7038306,0.09645793586969376,0.587103009223938,0.5736371874809265
YMR013C,YKL041W,0,0.7037974,0.09644268453121185,0.587103009223938,0.5737375617027283
YDL049C,YKR008W,0,0.7036335,0.09642744064331055,0.587103009223938,0.5738379955291748
YKL138C,YLR363C,0,0.7036249,0.09641220420598984,0.587103009223938,0.5739383697509766
YGR208W,YIL080W,0,0.7035923,0.09639696776866913,0.587103009223938,0.5740387439727783
YER178W,YGR092W,0,0.7035815,0.09638173133134842,0.587103009223938,0.5741391181945801
YBR095C,YLR220W,0,0.7035265,0.0963665097951889,0.587103009223938,0.5742395520210266
YDR338C,YJL138C,0,0.70349777,0.09635128825902939,0.587103009223938,0.5743399262428284
YDL074C,YJR053W,0,0.7034905,0.09633607417345047,0.587103009223938,0.5744403004646301
YJL162C,YJL110C,0,0.70342386,0.09632086008787155,0.587103009223938,0.5745407342910767
YMR092C,YMR014W,0,0.7034174,0.09630565345287323,0.587103009223938,0.5746411085128784
YER032W,YML008C,0,0.7033774,0.09629044681787491,0.587103009223938,0.5747414827346802
YOL011W,YJL047C,0,0.70335984,0.09627525508403778,0.587103009223938,0.5748418569564819
YOL122C,YMR239C,0,0.70328623,0.09626006335020065,0.587103009223938,0.5749422907829285
YPL043W,YOR110W,0,0.70322514,0.09624487161636353,0.587103009223938,0.5750426650047302
YHR135C,YOL077W-A,0,0.7031944,0.096229687333107,0.587103009223938,0.575143039226532
YDR131C,YER117W,0,0.7030685,0.09621451050043106,0.587103009223938,0.5752434730529785
YCR089W,YNL197C,0,0.70304656,0.09619934111833572,0.587103009223938,0.5753438472747803
YDL154W,YOR275C,0,0.7030098,0.09618417173624039,0.587103009223938,0.575444221496582
YER139C,YGR235C,0,0.7028709,0.09616900235414505,0.587103009223938,0.5755445957183838
YJL206C,YDR180W,0,0.70283484,0.09615384787321091,0.587103009223938,0.5756450295448303
YHR063C,YHR211W,0,0.70277685,0.09613869339227676,0.587103009223938,0.5757454037666321
YDL064W,YML019W,0,0.7027363,0.09612353891134262,0.587103009223938,0.5758457779884338
YIL076W,YBL084C,0,0.70269793,0.09610839933156967,0.587103009223938,0.5759462118148804
YGR217W,YJL219W,1,0.7026548,0.09625078737735748,0.5880654454231262,0.5759462118148804
YDL140C,YFL014W,0,0.7024536,0.09623562544584274,0.5880654454231262,0.5760465860366821
YPL208W,YLR055C,0,0.7024214,0.0962204709649086,0.5880654454231262,0.5761469602584839
YNL138W,YNR051C,0,0.7022684,0.09620532393455505,0.5880654454231262,0.5762473940849304
YHR150W,YGL111W,0,0.7022299,0.09619017690420151,0.5880654454231262,0.5763477683067322
YLR274W,YMR021C,0,0.70217866,0.09617503732442856,0.5880654454231262,0.5764481425285339
YBR275C,YGR271C-A,0,0.7020805,0.09615989774465561,0.5880654454231262,0.5765485167503357
YDL035C,YMR321C,0,0.70207417,0.09614476561546326,0.5880654454231262,0.5766489505767822
YDR107C,YJL193W,1,0.70206094,0.09628697484731674,0.5890279412269592,0.5766489505767822
YNL316C,YPL196W,0,0.70201224,0.0962718278169632,0.5890279412269592,0.576749324798584
YDR427W,YKR083C,0,0.70191246,0.09625668078660965,0.5890279412269592,0.5768496990203857
YHR063C,YDR174W,0,0.7017932,0.0962415486574173,0.5890279412269592,0.5769501328468323
YER044C-A,YDL153C,0,0.7017872,0.09622641652822495,0.5890279412269592,0.577050507068634
YOL043C,YKR071C,0,0.70172256,0.09621128439903259,0.5890279412269592,0.5771508812904358
YJR152W,YPL065W,1,0.7016396,0.09635334461927414,0.5899903774261475,0.5771508812904358
YKL049C,YEL005C,0,0.7016173,0.09633820503950119,0.5899903774261475,0.5772512555122375
YJL167W,YKL126W,0,0.70151687,0.09632306545972824,0.5899903774261475,0.5773516893386841
YHR168W,YHR156C,0,0.7014048,0.09630793333053589,0.5899903774261475,0.5774520635604858
YLR300W,YKR075C,0,0.7013931,0.09629280865192413,0.5899903774261475,0.5775524377822876
YOR079C,YDL210W,1,0.70137274,0.09643474221229553,0.5909528136253357,0.5775524377822876
YLR020C,YGL127C,0,0.7012681,0.09641959518194199,0.5909528136253357,0.5776528716087341
YOL045W,YMR179W,0,0.7012585,0.09640445560216904,0.5909528136253357,0.5777532458305359
YMR001C,YKL045W,0,0.70120806,0.09638932347297668,0.5909528136253357,0.5778536200523376
YOR011W,YGL032C,0,0.70114803,0.09637419879436493,0.5909528136253357,0.5779539942741394
YBR282W,YFL008W,0,0.7010832,0.09635907411575317,0.5909528136253357,0.5780544281005859
YIL022W,YDL230W,0,0.70106447,0.09634394943714142,0.5909528136253357,0.5781548023223877
YML007W,YKL132C,0,0.7010008,0.09632883220911026,0.5909528136253357,0.5782551765441895
YHR092C,YDL183C,1,0.70097107,0.09647058695554733,0.5919153094291687,0.5782551765441895
YPR035W,YBR168W,0,0.7009586,0.09645545482635498,0.5919153094291687,0.578355610370636
YOR157C,YDR180W,0,0.7009326,0.09644033014774323,0.5919153094291687,0.5784559845924377
YOR038C,YGL220W,0,0.70085996,0.09642521291971207,0.5919153094291687,0.5785563588142395
YJL093C,YPL167C,0,0.70085824,0.09641009569168091,0.5919153094291687,0.5786567330360413
YFL034C-B,YNL132W,0,0.7008339,0.09639498591423035,0.5919153094291687,0.5787571668624878
YOR148C,YOR018W,0,0.70079654,0.09637987613677979,0.5919153094291687,0.5788575410842896
YHR060W,YDL145C,0,0.7006453,0.09636477380990982,0.5919153094291687,0.5789579153060913
YPR201W,YMR077C,1,0.70062256,0.09650634229183197,0.5928777456283569,0.5789579153060913
YGR192C,YDR196C,0,0.700527,0.09649122506380081,0.5928777456283569,0.5790583491325378
YAL055W,YDR104C,0,0.70036924,0.09647611528635025,0.5928777456283569,0.5791587233543396
YBR260C,YPR020W,0,0.7002912,0.09646100550889969,0.5928777456283569,0.5792590975761414
YKL146W,YBR298C,1,0.7002603,0.09660247713327408,0.5938402414321899,0.5792590975761414
YFL022C,YLL034C,0,0.7002224,0.09658735245466232,0.5938402414321899,0.5793595314025879
YFR036W,YBR272C,0,0.7002192,0.09657223522663116,0.5938402414321899,0.5794599056243896
YPL049C,YIR032C,0,0.7002082,0.0965571179986,0.5938402414321899,0.5795602798461914
YOR100C,YBR188C,0,0.70009077,0.09654201567173004,0.5938402414321899,0.5796606540679932
YKR098C,YAL048C,0,0.7000812,0.09652690589427948,0.5938402414321899,0.5797610878944397
YPR182W,YBL018C,0,0.70006883,0.09651181101799011,0.5938402414321899,0.5798614621162415
YLR389C,YLR292C,0,0.70001173,0.09649671614170074,0.5938402414321899,0.5799618363380432
YPL249C,YBL071W-A,0,0.69999754,0.09648162871599197,0.5938402414321899,0.5800622701644897
YMR034C,YLR443W,1,0.69993687,0.09662289172410965,0.5948026776313782,0.5800622701644897
YNR048W,YDR522C,0,0.6997105,0.09660778194665909,0.5948026776313782,0.5801626443862915
YDL217C,YPL036W,0,0.69969255,0.09659268707036972,0.5948026776313782,0.5802630186080933
YOR109W,YLR223C,0,0.6996453,0.09657759219408035,0.5948026776313782,0.580363392829895
YDR159W,YEL026W,0,0.6995758,0.09656249731779099,0.5948026776313782,0.5804638266563416
YDR257C,YJR096W,0,0.6995325,0.09654741734266281,0.5948026776313782,0.5805642008781433
YOL027C,YER060W,0,0.69940585,0.09653233736753464,0.5948026776313782,0.5806645750999451
YDR204W,YLR047C,0,0.699404,0.09651725739240646,0.5948026776313782,0.5807650089263916
YJR138W,YKR095W,0,0.6993891,0.09650218486785889,0.5948026776313782,0.5808653831481934
YER093C,YOR176W,0,0.69934523,0.0964871197938919,0.5948026776313782,0.5809657573699951
YGR166W,YBR006W,0,0.6992774,0.09647205471992493,0.5948026776313782,0.5810661315917969
YIR035C,YOR273C,0,0.69914365,0.09645699709653854,0.5948026776313782,0.5811665654182434
YDL098C,YCL044C,0,0.69906676,0.09644194692373276,0.5948026776313782,0.5812669396400452
YJR149W,YPL012W,0,0.699016,0.09642689675092697,0.5948026776313782,0.5813673138618469
YJR067C,YCR044C,0,0.6990136,0.09641185402870178,0.5948026776313782,0.5814677476882935
YPL045W,YIL015W,0,0.698984,0.09639681875705719,0.5948026776313782,0.5815681219100952
YKR018C,YBR084C-A,0,0.6989381,0.0963817834854126,0.5948026776313782,0.581668496131897
YBR260C,YDL076C,0,0.69881546,0.0963667556643486,0.5948026776313782,0.5817688703536987
YPR162C,YDR256C,0,0.69879246,0.0963517278432846,0.5948026776313782,0.5818693041801453
YBL013W,YOR138C,0,0.6986908,0.09633670747280121,0.5948026776313782,0.581969678401947
YDR164C,YGR278W,0,0.6986617,0.09632169455289841,0.5948026776313782,0.5820700526237488
YDR263C,YJR108W,0,0.69859475,0.0963066890835762,0.5948026776313782,0.5821704864501953
YIR039C,YLR067C,0,0.69853973,0.0962916761636734,0.5948026776313782,0.5822708606719971
YMR269W,YLR305C,0,0.6984968,0.0962766781449318,0.5948026776313782,0.5823712348937988
YLR355C,YPR173C,0,0.69849044,0.09626168012619019,0.5948026776313782,0.5824716687202454
YKR049C,YJL116C,0,0.6984209,0.09624668955802917,0.5948026776313782,0.5825720429420471
YCR024C,YOL066C,0,0.6983944,0.09623170644044876,0.5948026776313782,0.5826724171638489
YIL134W,YBR187W,1,0.6983694,0.09637241065502167,0.5957651734352112,0.5826724171638489
YOR231W,YDR291W,0,0.69828427,0.09635741263628006,0.5957651734352112,0.5827727913856506
YJL139C,YJL180C,0,0.69810313,0.09634241461753845,0.5957651734352112,0.5828732252120972
YNL126W,YGL083W,0,0.6980871,0.09632741659879684,0.5957651734352112,0.5829735994338989
YLR251W,YHR194W,0,0.69802696,0.09631243348121643,0.5957651734352112,0.5830739736557007
YDR460W,YGR049W,0,0.69800234,0.09629745036363602,0.5957651734352112,0.5831744074821472
YMR024W,YHR037W,0,0.6978967,0.0962824672460556,0.5957651734352112,0.583274781703949
YBR057C,YLR009W,0,0.697779,0.09626749902963638,0.5957651734352112,0.5833751559257507
YLL002W,YPR107C,0,0.69768673,0.09625252336263657,0.5957651734352112,0.5834755301475525
YPR138C,YDL098C,0,0.6976319,0.09623756259679794,0.5957651734352112,0.583575963973999
YLR004C,YPR107C,0,0.69755065,0.09622260183095932,0.5957651734352112,0.5836763381958008
YDR153C,YPL270W,0,0.6975344,0.0962076485157013,0.5957651734352112,0.5837767124176025
YPR131C,YDR490C,0,0.69745946,0.09619269520044327,0.5957651734352112,0.5838771462440491
YHR158C,YHR142W,0,0.6973674,0.09617774933576584,0.5957651734352112,0.5839775204658508
YDL044C,YJR131W,0,0.6973492,0.096162810921669,0.5957651734352112,0.5840778946876526
YPR080W,YLL067C,0,0.6973045,0.09614787250757217,0.5957651734352112,0.5841782689094543
YDL102W,YOL052C,0,0.6972594,0.09613294154405594,0.5957651734352112,0.5842787027359009
YGL125W,YLL032C,0,0.69711506,0.0961180105805397,0.5957651734352112,0.5843790769577026
YKL093W,YIL142W,0,0.69691837,0.09610308706760406,0.5957651734352112,0.5844794511795044
YJR152W,YLR237W,1,0.69690377,0.09624340385198593,0.5967276096343994,0.5844794511795044
YHR216W,YGL116W,0,0.69670504,0.0962284654378891,0.5967276096343994,0.5845798850059509
YDL155W,YDR207C,0,0.6966646,0.09621353447437286,0.5967276096343994,0.5846802592277527
YDR062W,YDR254W,0,0.696646,0.09619860351085663,0.5967276096343994,0.5847806334495544
YKL086W,YNL073W,0,0.69657767,0.09618367999792099,0.5967276096343994,0.5848810076713562
YOR171C,YPR079W,0,0.6965733,0.09616876393556595,0.5967276096343994,0.5849814414978027
YDR156W,YML010W,0,0.6965568,0.09615384787321091,0.5967276096343994,0.5850818157196045
YOR226C,YEL001C,0,0.69654655,0.09613893926143646,0.5967276096343994,0.5851821899414062
YML004C,YMR240C,0,0.69635487,0.09612403064966202,0.5967276096343994,0.5852826237678528
YJR161C,YLR440C,0,0.6963253,0.09610912948846817,0.5967276096343994,0.5853829979896545
YNR072W,YMR241W,1,0.6962966,0.09624922275543213,0.5976901054382324,0.5853829979896545
YNL041C,YKL064W,0,0.69623125,0.09623430669307709,0.5976901054382324,0.5854833722114563
YIL008W,YOR197W,0,0.69621074,0.09621939808130264,0.5976901054382324,0.5855838060379028
YMR149W,YJR048W,0,0.6960188,0.0962044894695282,0.5976901054382324,0.5856841802597046
YPL045W,YBR203W,0,0.69599795,0.09618958830833435,0.5976901054382324,0.5857845544815063
YOR270C,YPR036W,1,0.6959149,0.09632956236600876,0.5986525416374207,0.5857845544815063
YGL025C,YAR002C-A,0,0.69588923,0.09631464630365372,0.5986525416374207,0.5858849287033081
YHR201C,YBL034C,0,0.6957934,0.09629973769187927,0.5986525416374207,0.5859853625297546
YMR058W,YLR222C,0,0.6957868,0.09628482908010483,0.5986525416374207,0.5860857367515564
YBL009W,YML127W,0,0.6957807,0.09626992791891098,0.5986525416374207,0.5861861109733582
YHL050C,YFR030W,0,0.69563556,0.09625502675771713,0.5986525416374207,0.5862865447998047
YKL220C,YPL084W,1,0.69552374,0.0963948667049408,0.5996150374412537,0.5862865447998047
YKR101W,YNL175C,0,0.6954806,0.09637995064258575,0.5996150374412537,0.5863869190216064
YDR444W,YGL065C,0,0.695457,0.09636504203081131,0.5996150374412537,0.5864872932434082
YDL107W,YNR053C,0,0.69537,0.09635014086961746,0.5996150374412537,0.58658766746521
YKR039W,YDR375C,0,0.69536567,0.09633523970842361,0.5996150374412537,0.5866881012916565
YGL158W,YKR022C,0,0.6953398,0.09632034599781036,0.5996150374412537,0.5867884755134583
YBR179C,YDR229W,0,0.6952567,0.09630545973777771,0.5996150374412537,0.58688884973526
YOR285W,YGR169C,0,0.69519764,0.09629057347774506,0.5996150374412537,0.5869892835617065
YKR075C,YGL254W,0,0.6951326,0.096275694668293,0.5996150374412537,0.5870896577835083
YPL138C,YML014W,0,0.6951141,0.09626081585884094,0.5996150374412537,0.5871900320053101
YNL062C,YKL002W,0,0.69510096,0.09624594449996948,0.5996150374412537,0.5872904062271118
YKL180W,YPR164W,0,0.6950712,0.09623108059167862,0.5996150374412537,0.5873908400535583
YOR361C,YLL053C,0,0.6950654,0.09621621668338776,0.5996150374412537,0.5874912142753601
YGL208W,YKR100C,0,0.6950511,0.09620136022567749,0.5996150374412537,0.5875915884971619
YDR099W,YBR065C,0,0.6949667,0.09618650376796722,0.5996150374412537,0.5876920223236084
YGL241W,YHR166C,0,0.6947295,0.09617165476083755,0.5996150374412537,0.5877923965454102
YGR087C,YKR020W,0,0.6946738,0.09615681320428848,0.5996150374412537,0.5878927707672119
YJR053W,YNL113W,0,0.69463,0.09614197164773941,0.5996150374412537,0.5879931449890137
YDR198C,YNL297C,0,0.69452095,0.09612713754177094,0.5996150374412537,0.5880935788154602
YLL042C,YGL079W,0,0.694461,0.09611231088638306,0.5996150374412537,0.588193953037262
YNL259C,YOR258W,0,0.6941662,0.09609748423099518,0.5996150374412537,0.5882943272590637
YNL138W,YLR165C,0,0.6941506,0.0960826650261879,0.5996150374412537,0.5883947610855103
YJL216C,YMR207C,0,0.6940714,0.09606784582138062,0.5996150374412537,0.588495135307312
YBR298C,YOR317W,1,0.693955,0.09620721638202667,0.6005774736404419,0.588495135307312
YIL137C,YGR246C,0,0.6938877,0.0961923822760582,0.6005774736404419,0.5885955095291138
YJL094C,YGR289C,1,0.69379973,0.09633168578147888,0.6015399694442749,0.5885955095291138
YNL192W,YLR194C,0,0.693751,0.09631684422492981,0.6015399694442749,0.5886959433555603
YOR317W,YGR243W,1,0.69371295,0.09645608812570572,0.6025024056434631,0.5886959433555603
YBR298C,YGL008C,1,0.69360596,0.09659528732299805,0.6034648418426514,0.5886959433555603
YBL014C,YIL143C,0,0.69355094,0.09658040851354599,0.6034648418426514,0.5887963175773621
YLR355C,YLR229C,0,0.6935417,0.09656552970409393,0.6034648418426514,0.5888966917991638
YLR411W,YPL253C,0,0.6934625,0.09655066579580307,0.6034648418426514,0.5889970660209656
YFL024C,YDR382W,0,0.6934384,0.09653579443693161,0.6034648418426514,0.5890974998474121
YDL132W,YHR109W,0,0.69342995,0.09652093797922134,0.6034648418426514,0.5891978740692139
YDR328C,YNL305C,0,0.6933842,0.09650608152151108,0.6034648418426514,0.5892982482910156
YDR105C,YLR073C,0,0.6933834,0.09649122506380081,0.6034648418426514,0.5893986821174622
YNL180C,YLL052C,0,0.69335586,0.09647638350725174,0.6034648418426514,0.5894990563392639
YPL145C,YLR307W,0,0.6933123,0.09646154195070267,0.6034648418426514,0.5895994305610657
YCR035C,YDL150W,0,0.69328105,0.0964467003941536,0.6034648418426514,0.5896998047828674
YGR044C,YGR142W,0,0.6932764,0.09643186628818512,0.6034648418426514,0.589800238609314
YDR221W,YEL051W,0,0.6932648,0.09641703963279724,0.6034648418426514,0.5899006128311157
YOR313C,YDR240C,0,0.6932579,0.09640221297740936,0.6034648418426514,0.5900009870529175
YNL335W,YMR097C,0,0.69318736,0.09638739377260208,0.6034648418426514,0.590101420879364
YLR143W,YLR130C,0,0.69297206,0.0963725820183754,0.6034648418426514,0.5902017951011658
YNL045W,YKL049C,0,0.69290674,0.09635777026414871,0.6034648418426514,0.5903021693229675
YOR011W,YCL035C,0,0.6928903,0.09634296596050262,0.6034648418426514,0.5904025435447693
YOR113W,YGL025C,0,0.6927757,0.09632816165685654,0.6034648418426514,0.5905029773712158
YPR131C,YLR057W,0,0.69273347,0.09631336480379105,0.6034648418426514,0.5906033515930176
YDR345C,YIL121W,1,0.6925791,0.09645215421915054,0.6044273376464844,0.5906033515930176
YHL035C,YDR214W,0,0.6925575,0.09643734991550446,0.6044273376464844,0.5907037258148193
YGR038W,YOR293W,0,0.6923805,0.09642253816127777,0.6044273376464844,0.5908041596412659
YPL188W,YCR016W,0,0.6922071,0.09640773385763168,0.6044273376464844,0.5909045338630676
YBR281C,YNL335W,0,0.6921722,0.09639293700456619,0.6044273376464844,0.5910049080848694
YDR468C,YML092C,0,0.69210035,0.0963781476020813,0.6044273376464844,0.5911052823066711
YJL053W,YHR005C,0,0.6920879,0.0963633581995964,0.6044273376464844,0.5912057161331177
YLR081W,YKR079C,0,0.6918883,0.09634857624769211,0.6044273376464844,0.5913060903549194
YFR052W,YNL014W,0,0.6918817,0.09633379429578781,0.6044273376464844,0.5914064645767212
YCR005C,YKL062W,0,0.69187814,0.09631901979446411,0.6044273376464844,0.5915068984031677
YAL054C,YIL031W,0,0.69182694,0.09630424529314041,0.6044273376464844,0.5916072726249695
YIL075C,YPR198W,0,0.6918114,0.09628947824239731,0.6044273376464844,0.5917076468467712
YJL178C,YDL188C,0,0.6917407,0.0962747186422348,0.6044273376464844,0.5918080806732178
YOL051W,YCL051W,0,0.69171417,0.0962599664926529,0.6044273376464844,0.5919084548950195
YHR009C,YMR092C,0,0.6914618,0.09624521434307098,0.6044273376464844,0.5920088291168213
YNL088W,YFR052W,0,0.69144636,0.09623046219348907,0.6044273376464844,0.592109203338623
YPL008W,YNL256W,0,0.6913202,0.09621571749448776,0.6044273376464844,0.5922096371650696
YKL221W,YKL196C,0,0.69118345,0.09620098024606705,0.6044273376464844,0.5923100113868713
YDL175C,YBR005W,0,0.69115365,0.09618624299764633,0.6044273376464844,0.5924103856086731
YER005W,YPR095C,0,0.69114035,0.09617151319980621,0.6044273376464844,0.5925108194351196
YNL257C,YNL066W,0,0.6911088,0.09615679085254669,0.6044273376464844,0.5926111936569214
YNL099C,YBR261C,0,0.6910447,0.09614206850528717,0.6044273376464844,0.5927115678787231
YCR028C-A,YJL013C,0,0.69102657,0.09612735360860825,0.6044273376464844,0.5928119421005249
YCR042C,YHR185C,0,0.691018,0.09611263871192932,0.6044273376464844,0.5929123759269714
YER125W,YDR057W,0,0.69084466,0.096097931265831,0.6044273376464844,0.5930127501487732
YNL290W,YDR087C,0,0.6908345,0.09608323127031326,0.6044273376464844,0.593113124370575
YGL241W,YDR430C,0,0.69083023,0.09606853127479553,0.6044273376464844,0.5932135581970215
YMR011W,YGL068W,0,0.6907855,0.0960538387298584,0.6044273376464844,0.5933139324188232
YLL016W,YIL144W,0,0.6907601,0.09603914618492126,0.6044273376464844,0.593414306640625
YDL042C,YHL020C,0,0.690539,0.09602446854114532,0.6044273376464844,0.5935146808624268
YGR087C,YKL060C,0,0.69052017,0.09600978344678879,0.6044273376464844,0.5936151146888733
YOR253W,YNR021W,0,0.690437,0.09599510580301285,0.6044273376464844,0.593715488910675
YDR004W,YIL064W,0,0.69043434,0.0959804356098175,0.6044273376464844,0.5938158631324768
YPR075C,YML133C,0,0.6904104,0.09596577286720276,0.6044273376464844,0.5939162969589233
YGL139W,YBR104W,1,0.6903906,0.09610389918088913,0.6053897738456726,0.5939162969589233
YDR414C,YDL191W,0,0.6903195,0.09608921408653259,0.6053897738456726,0.5940166711807251
YOL126C,YBR074W,0,0.69028676,0.09607453644275665,0.6053897738456726,0.5941170454025269
YKL194C,YLR200W,0,0.69013464,0.09605986624956131,0.6053897738456726,0.5942174196243286
YNL080C,YDR160W,0,0.68991834,0.09604519605636597,0.6053897738456726,0.5943178534507751
YLR191W,YBR154C,0,0.68991417,0.09603053331375122,0.6053897738456726,0.5944182276725769
YGR010W,YLL014W,0,0.68987983,0.09601587802171707,0.6053897738456726,0.5945186018943787
YDR019C,YML008C,0,0.689687,0.09600122272968292,0.6053897738456726,0.5946190357208252
YBR219C,YDL206W,1,0.6895863,0.09613917022943497,0.6063522696495056,0.5946190357208252
YER053C,YPL234C,1,0.68957853,0.09627708047628403,0.6073147058486938,0.5946190357208252
YNL225C,YDL093W,0,0.6895485,0.09626239538192749,0.6073147058486938,0.594719409942627
YLR264W,YMR313C,0,0.6894326,0.09624771028757095,0.6073147058486938,0.5948197841644287
YLR075W,YNR021W,0,0.6894299,0.09623303264379501,0.6073147058486938,0.5949202179908752
YNL161W,YOR034C,0,0.6893375,0.09621836245059967,0.6073147058486938,0.595020592212677
YPL076W,YGR092W,0,0.6893252,0.09620369225740433,0.6073147058486938,0.5951209664344788
YLR262C,YGL046W,0,0.68932056,0.09618902206420898,0.6073147058486938,0.5952213406562805
YOL089C,YIL168W,0,0.6893072,0.09617436677217484,0.6073147058486938,0.595321774482727
YPR159W,YEL037C,0,0.68928933,0.09615970402956009,0.6073147058486938,0.5954221487045288
YOL054W,YNL238W,0,0.6891954,0.09614505618810654,0.6073147058486938,0.5955225229263306
YOR049C,YKL095W,0,0.68910265,0.09613040834665298,0.6073147058486938,0.5956229567527771
YDR273W,YOR110W,0,0.6890964,0.09611576795578003,0.6073147058486938,0.5957233309745789
YKR046C,YLL033W,0,0.68900573,0.09610112756490707,0.6073147058486938,0.5958237051963806
YDR439W,YER151C,0,0.6889304,0.09608649462461472,0.6073147058486938,0.5959240794181824
YJL145W,YML059C,0,0.68892115,0.09607186168432236,0.6073147058486938,0.5960245132446289
YLR336C,YDL225W,0,0.6888576,0.0960572361946106,0.6073147058486938,0.5961248874664307
YBR229C,YPL087W,0,0.6888566,0.09604261815547943,0.6073147058486938,0.5962252616882324
YDR345C,YPL234C,1,0.68879884,0.09618018567562103,0.6082772016525269,0.5962252616882324
YLR044C,YOR106W,0,0.6887318,0.09616555273532867,0.6082772016525269,0.596325695514679
YPL100W,YKL146W,0,0.6887124,0.09615091979503632,0.6082772016525269,0.5964260697364807
YBR070C,YJR159W,0,0.68862,0.09613629430532455,0.6082772016525269,0.5965264439582825
YER053C,YDR508C,1,0.68859994,0.0962737649679184,0.6092396378517151,0.5965264439582825
YBR067C,YOR234C,0,0.68852973,0.09625912457704544,0.6092396378517151,0.5966268181800842
YGL043W,YLR313C,0,0.6884328,0.09624449163675308,0.6092396378517151,0.5967272520065308
YMR060C,YDR469W,0,0.68835115,0.09622985869646072,0.6092396378517151,0.5968276262283325
YBL009W,YLL024C,0,0.6882757,0.09621523320674896,0.6092396378517151,0.5969280004501343
YLR157C,YKL035W,0,0.68814325,0.0962006077170372,0.6092396378517151,0.5970284342765808
YNL274C,YIL119C,0,0.68795586,0.09618598967790604,0.6092396378517151,0.5971288084983826
YHR073W,YCR045C,0,0.6879354,0.09617137908935547,0.6092396378517151,0.5972291827201843
YPR128C,YJL117W,1,0.6878236,0.09630867093801498,0.6102021336555481,0.5972291827201843
YAR008W,YJL078C,0,0.68781286,0.09629404544830322,0.6102021336555481,0.5973295569419861
YMR034C,YBR104W,1,0.68770254,0.09643128514289856,0.6111645698547363,0.5973295569419861
YPR067W,YNL262W,0,0.68769014,0.0964166447520256,0.6111645698547363,0.5974299907684326
YGL166W,YDR017C,0,0.68767774,0.09640200436115265,0.6111645698547363,0.5975303649902344
YJL137C,YER171W,0,0.68765354,0.09638737142086029,0.6111645698547363,0.5976307392120361
YDL245C,YDR541C,0,0.6876258,0.09637274593114853,0.6111645698547363,0.5977311730384827
YBL084C,YNL139C,0,0.68754834,0.09635812044143677,0.6111645698547363,0.5978315472602844
YKR102W,YLR369W,0,0.6875478,0.0963435024023056,0.6111645698547363,0.5979319214820862
YLR157C,YNL167C,0,0.6873614,0.09632888436317444,0.6111645698547363,0.5980323553085327
YIR039C,YJL171C,0,0.68733835,0.09631427377462387,0.6111645698547363,0.5981327295303345
YGL067W,YDR137W,0,0.6873131,0.0962996631860733,0.6111645698547363,0.5982331037521362
YHR106W,YBR084C-A,0,0.68722075,0.09628506749868393,0.6111645698547363,0.598333477973938
YFR001W,YML127W,0,0.687138,0.09627046436071396,0.6111645698547363,0.5984339118003845
YGL172W,YMR284W,0,0.6870131,0.09625587612390518,0.6111645698547363,0.5985342860221863
YOR100C,YHL006C,0,0.68690664,0.0962412878870964,0.6111645698547363,0.598634660243988
YFL003C,YNR006W,0,0.68673587,0.09622669965028763,0.6111645698547363,0.5987350940704346
YDR403W,YER150W,0,0.6867329,0.09621211886405945,0.6111645698547363,0.5988354682922363
YGL246C,YDR325W,0,0.68667936,0.09619754552841187,0.6111645698547363,0.5989358425140381
YKL074C,YBL099W,0,0.686607,0.09618297219276428,0.6111645698547363,0.5990362167358398
YHR103W,YJR053W,0,0.68657625,0.0961684063076973,0.6111645698547363,0.5991366505622864
YGR191W,YOR332W,1,0.68642616,0.09630526602268219,0.6121270656585693,0.5991366505622864
YOR018W,YHR112C,0,0.68641776,0.09629068523645401,0.6121270656585693,0.5992370247840881
YDR201W,YJR036C,0,0.686356,0.09627611190080643,0.6121270656585693,0.5993373990058899
YGL179C,YHR156C,0,0.68619424,0.09626153856515884,0.6121270656585693,0.5994378328323364
YPL265W,YNL314W,0,0.6860523,0.09624697268009186,0.6121270656585693,0.5995382070541382
YMR072W,YDR284C,0,0.686005,0.09623240679502487,0.6121270656585693,0.5996385812759399
YLR020C,YDR404C,0,0.6859098,0.09621784836053848,0.6121270656585693,0.5997389554977417
YIL050W,YIL099W,0,0.685889,0.09620329737663269,0.6121270656585693,0.5998393893241882
YEL031W,YNL025C,0,0.6858881,0.0961887463927269,0.6121270656585693,0.59993976354599
YEL009C,YOR005C,0,0.6858568,0.0961742028594017,0.6121270656585693,0.6000401377677917
YGR121C,YCR075C,1,0.6858485,0.09631085395812988,0.6130895018577576,0.6000401377677917
YDL055C,YDR081C,0,0.6857804,0.0962962955236435,0.6130895018577576,0.6001405715942383
YNR038W,YIL083C,0,0.68560946,0.0962817445397377,0.6130895018577576,0.60024094581604
YHR202W,YLR145W,0,0.6855699,0.09626719355583191,0.6130895018577576,0.6003413200378418
YLR413W,YGR214W,0,0.68554795,0.09625264257192612,0.6130895018577576,0.6004416942596436
YAL030W,YDR189W,0,0.68552804,0.09623809903860092,0.6130895018577576,0.6005421280860901
YOR338W,YLR222C,0,0.6855257,0.09622356295585632,0.6130895018577576,0.6006425023078918
YEL053C,YDL072C,0,0.68549764,0.09620903432369232,0.6130895018577576,0.6007428765296936
YDR369C,YDR381W,0,0.68544793,0.09619450569152832,0.6130895018577576,0.6008433103561401
YBR086C,YPL224C,1,0.68539643,0.09633097052574158,0.6140519976615906,0.6008433103561401
YMR134W,YGL134W,0,0.6853794,0.09631642699241638,0.6140519976615906,0.6009436845779419
YJR077C,YMR230W,0,0.6852852,0.09630188345909119,0.6140519976615906,0.6010440587997437
YNL307C,YNL304W,0,0.68526065,0.09628735482692719,0.6140519976615906,0.6011444926261902
YNL154C,YML008C,0,0.68523496,0.09627282619476318,0.6140519976615906,0.6012448668479919
YGR032W,YNL088W,0,0.6851337,0.09625829756259918,0.6140519976615906,0.6013452410697937
YIL002C,YKL071W,0,0.6849688,0.09624377638101578,0.6140519976615906,0.6014456152915955
YKL085W,YKR064W,0,0.68480945,0.09622926265001297,0.6140519976615906,0.601546049118042
YHR024C,YHR150W,0,0.6847599,0.09621474891901016,0.6140519976615906,0.6016464233398438
YLR073C,YMR189W,0,0.68473965,0.09620024263858795,0.6140519976615906,0.6017467975616455
YMR228W,YNL214W,0,0.6846974,0.09618573635816574,0.6140519976615906,0.601847231388092
YLR113W,YBR193C,0,0.6846815,0.09617123752832413,0.6140519976615906,0.6019476056098938
YMR266W,YJR152W,1,0.68467784,0.09630746394395828,0.6150144338607788,0.6019476056098938
YFL023W,YGL068W,0,0.684648,0.09629295021295547,0.6150144338607788,0.6020479798316956
YPR187W,YOL026C,0,0.6846074,0.09627843648195267,0.6150144338607788,0.6021483540534973
YKL020C,YHR157W,0,0.68445814,0.09626393765211105,0.6150144338607788,0.6022487878799438
YJR064W,YOL116W,0,0.684434,0.09624943882226944,0.6150144338607788,0.6023491621017456
YOR192C,YOR384W,1,0.6844299,0.09638553857803345,0.6159769296646118,0.6023491621017456
YLR194C,YMR277W,0,0.68433607,0.09637102484703064,0.6159769296646118,0.6024495363235474
YIL017W,YDR211W,0,0.6843122,0.09635651856660843,0.6159769296646118,0.6025499701499939
YLR466W,YNL238W,0,0.6843039,0.09634201228618622,0.6159769296646118,0.6026503443717957
YNL137C,YPR138C,0,0.6841506,0.0963275134563446,0.6159769296646118,0.6027507185935974
YHR203C,YLR380W,0,0.6840926,0.09631301462650299,0.6159769296646118,0.6028510928153992
YHR035W,YML041C,0,0.6840404,0.09629852324724197,0.6159769296646118,0.6029515266418457
YBL066C,YLL040C,0,0.6839943,0.09628403931856155,0.6159769296646118,0.6030519008636475
YML052W,YKL039W,0,0.68395364,0.09626955538988113,0.6159769296646118,0.6031522750854492
YOR118W,YHR209W,0,0.6839282,0.09625507891178131,0.6159769296646118,0.6032527089118958
YLR386W,YBR170C,0,0.6838405,0.09624060243368149,0.6159769296646118,0.6033530831336975
YHL022C,YDR266C,0,0.68368894,0.09622613340616226,0.6159769296646118,0.6034534573554993
YBR196C,YKL051W,0,0.6836312,0.09621166437864304,0.6159769296646118,0.603553831577301
YMR164C,YOR109W,0,0.6835496,0.0961972028017044,0.6159769296646118,0.6036542654037476
YDR348C,YKL061W,0,0.68351245,0.09618274867534637,0.6159769296646118,0.6037546396255493
YDL197C,YDL074C,0,0.6834586,0.09616829454898834,0.6159769296646118,0.6038550138473511
YBR247C,YJR140C,0,0.6834046,0.09615384787321091,0.6159769296646118,0.6039554476737976
YKL084W,YKL007W,0,0.6833534,0.09613940119743347,0.6159769296646118,0.6040558218955994
YKR079C,YBR077C,0,0.6832976,0.09612496197223663,0.6159769296646118,0.6041561961174011
YJL177W,YNL252C,0,0.68325484,0.09611053019762039,0.6159769296646118,0.6042566299438477
YPL064C,YDR119W,0,0.68325406,0.09609609842300415,0.6159769296646118,0.6043570041656494
YIL098C,YDR174W,0,0.6832024,0.09608166664838791,0.6159769296646118,0.6044573783874512
YPL110C,YER048C,0,0.68319654,0.09606724977493286,0.6159769296646118,0.6045577526092529
YNL172W,YLL033W,0,0.683136,0.09605282545089722,0.6159769296646118,0.6046581864356995
YDR030C,YML132W,0,0.6831242,0.09603841602802277,0.6159769296646118,0.6047585606575012
YPR033C,YJR057W,0,0.68310726,0.09602400660514832,0.6159769296646118,0.604858934879303
YDR545W,YGL029W,0,0.68307245,0.09600960463285446,0.6159769296646118,0.6049593687057495
YNL101W,YPR058W,1,0.6829779,0.09614519029855728,0.6169393658638,0.6049593687057495
YOR254C,YBR085W,0,0.6829217,0.09613077342510223,0.6169393658638,0.6050597429275513
YML001W,YKR022C,0,0.682856,0.09611635655164719,0.6169393658638,0.605160117149353
YFL052W,YKL172W,0,0.6828425,0.09610194712877274,0.6169393658638,0.6052604913711548
YKL138C,YER019C-A,0,0.68259287,0.09608754515647888,0.6169393658638,0.6053609251976013
YCR017C,YER074W-A,0,0.6824763,0.09607314318418503,0.6169393658638,0.6054612994194031
YGL071W,YMR275C,1,0.68247026,0.0962086021900177,0.6179018020629883,0.6054612994194031
YFL034C-B,YGR095C,0,0.68246007,0.09619418531656265,0.6179018020629883,0.6055616736412048
YOR291W,YDR325W,0,0.68245053,0.0961797758936882,0.6179018020629883,0.6056621074676514
YAL047C,YGR004W,0,0.6823606,0.09616536647081375,0.6179018020629883,0.6057624816894531
YNL294C,YMR038C,0,0.6822848,0.0961509644985199,0.6179018020629883,0.6058628559112549
YLR043C,YLR355C,0,0.68226486,0.09613656997680664,0.6179018020629883,0.6059632301330566
YPR100W,YJR035W,0,0.6822416,0.09612217545509338,0.6179018020629883,0.6060636639595032
YOR211C,YKR052C,1,0.68222183,0.09625748544931412,0.6188642978668213,0.6060636639595032
YLR052W,YEL012W,0,0.68213534,0.09624307602643967,0.6188642978668213,0.6061640381813049
YGL122C,YGR155W,0,0.68212914,0.09622867405414581,0.6188642978668213,0.6062644124031067
YLR307W,YKR080W,0,0.6821269,0.09621427208185196,0.6188642978668213,0.6063648462295532
YJL178C,YDR234W,0,0.6820954,0.0961998775601387,0.6188642978668213,0.606465220451355
YJR052W,YHR211W,0,0.6820842,0.09618549048900604,0.6188642978668213,0.6065655946731567
YOR141C,YKL220C,0,0.68200004,0.09617110341787338,0.6188642978668213,0.6066659688949585
YCR011C,YAL051W,0,0.6818032,0.09615672379732132,0.6188642978668213,0.606766402721405
YNL229C,YOL090W,0,0.68176425,0.09614234417676926,0.6188642978668213,0.6068667769432068
YML038C,YLR229C,0,0.6817171,0.09612797200679779,0.6188642978668213,0.6069671511650085
YDR395W,YHR041C,0,0.6816412,0.09611359983682632,0.6188642978668213,0.6070675849914551
YCR068W,YMR183C,0,0.6815641,0.09609923511743546,0.6188642978668213,0.6071679592132568
YPL087W,YNL116W,0,0.6815523,0.09608487784862518,0.6188642978668213,0.6072683334350586
YGL175C,YJL117W,0,0.68153155,0.09607052057981491,0.6188642978668213,0.6073687672615051
YDR414C,YJR095W,1,0.6814897,0.09620555490255356,0.6198267340660095,0.6073687672615051
YJL177W,YMR117C,0,0.6814551,0.09619119018316269,0.6198267340660095,0.6074691414833069
YJL095W,YML058W-A,0,0.6813987,0.09617682546377182,0.6198267340660095,0.6075695157051086
YLR277C,YLR189C,0,0.68125886,0.09616246074438095,0.6198267340660095,0.6076698899269104
YDL012C,YIL015W,0,0.68125474,0.09614810347557068,0.6198267340660095,0.6077703237533569
YER190W,YFL038C,0,0.6811949,0.096133753657341,0.6198267340660095,0.6078706979751587
YGR080W,YCL018W,0,0.6811532,0.09611940383911133,0.6198267340660095,0.6079710721969604
YNL038W,YGR081C,0,0.6810669,0.09610506147146225,0.6198267340660095,0.608071506023407
YIL076W,YOR341W,0,0.68085283,0.09609071910381317,0.6198267340660095,0.6081718802452087
YER146W,YER028C,0,0.6808436,0.09607638418674469,0.6198267340660095,0.6082722544670105
YPR154W,YDL179W,0,0.6807135,0.09606204926967621,0.6198267340660095,0.6083726286888123
YDR009W,YMR313C,0,0.6806922,0.09604772925376892,0.6198267340660095,0.6084730625152588
YJL071W,YLL039C,0,0.68066263,0.09603340178728104,0.6198267340660095,0.6085734367370605
YNL225C,YER050C,0,0.6806488,0.09601908177137375,0.6198267340660095,0.6086738109588623
YIL015W,YER021W,0,0.68064845,0.09600476920604706,0.6198267340660095,0.6087742447853088
YCR002C,YPL210C,0,0.6805422,0.09599046409130096,0.6198267340660095,0.6088746190071106
YJL117W,YOR307C,1,0.6804693,0.09612518548965454,0.6207892298698425,0.6088746190071106
YML058W-A,YDR437W,0,0.6804583,0.09611086547374725,0.6207892298698425,0.6089749932289124
YHR204W,YBR042C,0,0.6803738,0.09609654545783997,0.6207892298698425,0.6090753674507141
YDR456W,YNL259C,1,0.680357,0.09623119235038757,0.6217516660690308,0.6090753674507141
YPL265W,YOR283W,0,0.6802875,0.09621685743331909,0.6217516660690308,0.6091758012771606
YBL009W,YGR095C,0,0.6802617,0.09620252996683121,0.6217516660690308,0.6092761754989624
YJR125C,YOL028C,0,0.6802467,0.09618820995092392,0.6217516660690308,0.6093765497207642
YJR028W,YKL015W,0,0.68022335,0.09617388993501663,0.6217516660690308,0.6094769835472107
YHL002W,YAL061W,0,0.6802019,0.09615956991910934,0.6217516660690308,0.6095773577690125
YER142C,YDR457W,0,0.68016344,0.09614525735378265,0.6217516660690308,0.6096777319908142
YJL100W,YOR298W,0,0.68015087,0.09613095223903656,0.6217516660690308,0.609778106212616
YJR088C,YOR083W,0,0.6800552,0.09611664712429047,0.6217516660690308,0.6098785400390625
YLR313C,YIL148W,0,0.68001145,0.09610234946012497,0.6217516660690308,0.6099789142608643
YDR163W,YBL035C,0,0.68,0.09608805924654007,0.6217516660690308,0.610079288482666
YDL245C,YFL011W,1,0.67998844,0.09622249007225037,0.6227141618728638,0.610079288482666
YOR198C,YOR059C,0,0.6799837,0.09620817750692368,0.6227141618728638,0.6101797223091125
YDL070W,YGR087C,0,0.6799758,0.09619387239217758,0.6227141618728638,0.6102800965309143
YMR030W,YML076C,0,0.67996955,0.09617957472801208,0.6227141618728638,0.6103804707527161
YIL083C,YLL027W,0,0.6797824,0.09616527706384659,0.6227141618728638,0.6104809045791626
YGL092W,YLR013W,0,0.67951906,0.09615098685026169,0.6227141618728638,0.6105812788009644
YER190W,YGR229C,0,0.6794957,0.09613670408725739,0.6227141618728638,0.6106816530227661
YJR036C,YJL051W,0,0.67947763,0.09612242132425308,0.6227141618728638,0.6107820272445679
YCR028C,YLR214W,1,0.6794276,0.09625668078660965,0.623676598072052,0.6107820272445679
YJR102C,YJL059W,1,0.6793782,0.09639091044664383,0.624639093875885,0.6107820272445679
YML051W,YDR497C,0,0.67935884,0.09637659788131714,0.624639093875885,0.6108824610710144
YJR057W,YOL049W,0,0.6792715,0.09636228531599045,0.624639093875885,0.6109828352928162
YML019W,YDR310C,0,0.6792574,0.09634798020124435,0.624639093875885,0.6110832095146179
YAR066W,YLR314C,0,0.67919314,0.09633368253707886,0.624639093875885,0.6111836433410645
YEL069C,YGR103W,0,0.6791738,0.09631938487291336,0.624639093875885,0.6112840175628662
YDR217C,YBR279W,0,0.67915744,0.09630508720874786,0.624639093875885,0.611384391784668
YLR299W,YNL092W,0,0.67912066,0.09629080444574356,0.624639093875885,0.6114847660064697
YLR324W,YGR251W,0,0.6790571,0.09627651423215866,0.624639093875885,0.6115851998329163
YKL221W,YHR090C,0,0.6788836,0.09626223891973495,0.624639093875885,0.611685574054718
YOR295W,YPL240C,0,0.6787498,0.09624796360731125,0.624639093875885,0.6117859482765198
YFL003C,YGR065C,0,0.6786581,0.09623368829488754,0.624639093875885,0.6118863821029663
YCR093W,YDR395W,0,0.6786493,0.09621942043304443,0.624639093875885,0.6119867563247681
YLR138W,YOR317W,1,0.6784866,0.09635339677333832,0.6256015300750732,0.6119867563247681
YOR049C,YOR381W,1,0.6784159,0.09648732841014862,0.6265640258789062,0.6119867563247681
YOL043C,YBR208C,0,0.6783823,0.09647303074598312,0.6265640258789062,0.6120871305465698
YOR004W,YKL119C,0,0.6783291,0.09645873308181763,0.6265640258789062,0.6121875047683716
YLR333C,YDR303C,0,0.6783125,0.09644444286823273,0.6265640258789062,0.6122879385948181
YNR018W,YGL008C,1,0.67826533,0.09657828509807587,0.6275264620780945,0.6122879385948181
YBR281C,YHR080C,0,0.6779603,0.09656397998332977,0.6275264620780945,0.6123883128166199
YNL071W,YLR293C,0,0.6779463,0.09654968231916428,0.6275264620780945,0.6124886870384216
YGR163W,YNR059W,0,0.6779275,0.09653538465499878,0.6275264620780945,0.6125891208648682
YLR413W,YKL167C,0,0.677923,0.09652109444141388,0.6275264620780945,0.6126894950866699
YGR217W,YIL006W,1,0.6779053,0.09665482491254807,0.6284889578819275,0.6126894950866699
YBR101C,YDL029W,0,0.67787904,0.09664051979780197,0.6284889578819275,0.6127898693084717
YDR444W,YKL012W,0,0.67785656,0.09662622213363647,0.6284889578819275,0.6128902435302734
YLR128W,YOL113W,0,0.6778218,0.09661192446947098,0.6284889578819275,0.61299067735672
YMR250W,YOL029C,0,0.6778157,0.09659763425588608,0.6284889578819275,0.6130910515785217
YER007C-A,YDL119C,0,0.6778124,0.09658334404230118,0.6284889578819275,0.6131914258003235
YBR028C,YMR019W,0,0.6777774,0.09656906127929688,0.6284889578819275,0.61329185962677
YBL027W,YKL110C,0,0.67773443,0.09655478596687317,0.6284889578819275,0.6133922338485718
YJR040W,YLR047C,1,0.67768407,0.09668835252523422,0.6294513940811157,0.6133922338485718
YCL048W,YOR249C,0,0.67767334,0.09667405486106873,0.6294513940811157,0.6134926080703735
YNL137C,YOR377W,0,0.6776049,0.09665977209806442,0.6294513940811157,0.6135930418968201
YGR177C,YOR028C,0,0.6775161,0.09664548188447952,0.6294513940811157,0.6136934161186218
YGR183C,YIL006W,1,0.6774498,0.09677895903587341,0.630413830280304,0.6136934161186218
YDR308C,YGL028C,0,0.6773462,0.09676466137170792,0.630413830280304,0.6137937903404236
YGL238W,YHR152W,0,0.6773209,0.09675037115812302,0.630413830280304,0.6138941645622253
YJL219W,YNL259C,1,0.6772747,0.09688376635313034,0.631376326084137,0.6138941645622253
YHR092C,YMR056C,1,0.6772553,0.09701713174581528,0.6323387622833252,0.6138941645622253
YJR119C,YDR457W,0,0.6772424,0.09700280427932739,0.6323387622833252,0.6139945983886719
YHR122W,YBR172C,0,0.6770699,0.0969884842634201,0.6323387622833252,0.6140949726104736
YNL020C,YFR028C,0,0.67706174,0.09697417169809341,0.6323387622833252,0.6141953468322754
YDR322C-A,YGR192C,1,0.6769427,0.09710744023323059,0.6333012580871582,0.6141953468322754
YDR268W,YBL034C,0,0.676921,0.0970931127667427,0.6333012580871582,0.6142957806587219
YIR038C,YNL148C,0,0.676893,0.09707878530025482,0.6333012580871582,0.6143961548805237
YCL068C,YDR246W,0,0.6768627,0.09706446528434753,0.6333012580871582,0.6144965291023254
YPL147W,YPR083W,0,0.6768435,0.09705014526844025,0.6333012580871582,0.6145969033241272
YDL070W,YPL212C,0,0.676778,0.09703583270311356,0.6333012580871582,0.6146973371505737
YNR002C,YML030W,1,0.67675245,0.09716897457838058,0.6342636942863464,0.6146973371505737
YBR106W,YNR012W,0,0.67672074,0.0971546545624733,0.6342636942863464,0.6147977113723755
YDR399W,YDR020C,0,0.67666054,0.09714032709598541,0.6342636942863464,0.6148980855941772
YPR003C,YJL117W,1,0.6766174,0.09727339446544647,0.6352261900901794,0.6148980855941772
YLR020C,YMR079W,0,0.6765021,0.09725905954837799,0.6352261900901794,0.6149985194206238
YPL215W,YBL050W,0,0.676498,0.0972447320818901,0.6352261900901794,0.6150988936424255
YIL080W,YDR190C,0,0.67646104,0.09723040461540222,0.6352261900901794,0.6151992678642273
YNR069C,YKR100C,0,0.67619705,0.09721608459949493,0.6352261900901794,0.615299642086029
YBL056W,YBR180W,0,0.67615116,0.09720176458358765,0.6352261900901794,0.6154000759124756
YGR128C,YNR031C,0,0.67591643,0.09718745201826096,0.6352261900901794,0.6155004501342773
YLR429W,YDR208W,0,0.6758824,0.09717314690351486,0.6352261900901794,0.6156008243560791
YPL117C,YNL038W,0,0.6757984,0.09715884178876877,0.6352261900901794,0.6157012581825256
YDR480W,YLR150W,0,0.6757271,0.09714453667402267,0.6352261900901794,0.6158016324043274
YMR213W,YNL294C,0,0.67570573,0.09713024646043777,0.6352261900901794,0.6159020066261292
YGL133W,YGR246C,0,0.67568994,0.09711594879627228,0.6352261900901794,0.6160023808479309
YLR277C,YOL137W,0,0.67568505,0.09710166603326797,0.6352261900901794,0.6161028146743774
YBR141C,YDR237W,0,0.67560756,0.09708737581968307,0.6352261900901794,0.6162031888961792
YBL035C,YPL176C,0,0.67559314,0.09707310050725937,0.6352261900901794,0.616303563117981
YDL098C,YGR264C,0,0.6755874,0.09705882519483566,0.6352261900901794,0.6164039969444275
YOL033W,YKR098C,0,0.6751646,0.09704454988241196,0.6352261900901794,0.6165043711662292
YOL028C,YNR073C,0,0.6751407,0.09703028202056885,0.6352261900901794,0.616604745388031
YOR271C,YDL206W,1,0.67509687,0.09716301411390305,0.6361886262893677,0.616604745388031
YHR051W,YOR367W,0,0.6750071,0.09714873880147934,0.6361886262893677,0.6167051792144775
YPL213W,YJL194W,0,0.6750015,0.09713446348905563,0.6361886262893677,0.6168055534362793
YOR360C,YBR068C,0,0.67490935,0.09712018817663193,0.6361886262893677,0.616905927658081
YJL160C,YNL290W,0,0.6747638,0.09710592031478882,0.6361886262893677,0.6170063018798828
YLR421C,YML111W,0,0.67475843,0.0970916599035263,0.6361886262893677,0.6171067357063293
YBR233W-A,YKL126W,0,0.67474544,0.0970773994922638,0.6361886262893677,0.6172071099281311
YML045W,YNR018W,0,0.67472875,0.09706313908100128,0.6361886262893677,0.6173074841499329
YKL171W,YGR284C,0,0.67471623,0.09704889357089996,0.6361886262893677,0.6174079179763794
YPL124W,YBR154C,0,0.674455,0.09703464806079865,0.6361886262893677,0.6175082921981812
YOR241W,YBR057C,0,0.67445433,0.09702040255069733,0.6361886262893677,0.6176086664199829
YEL024W,YOL137W,0,0.67439127,0.0970061644911766,0.6361886262893677,0.6177090406417847
YJR021C,YOR209C,0,0.67436993,0.09699192643165588,0.6361886262893677,0.6178094744682312
YGL245W,YKL213C,0,0.67436886,0.09697769582271576,0.6361886262893677,0.617909848690033
YDR005C,YJL214W,0,0.67436415,0.09696347266435623,0.6361886262893677,0.6180102229118347
YMR243C,YBR039W,1,0.6743313,0.09709592163562775,0.6371511220932007,0.6180102229118347
YIL098C,YKL094W,0,0.67419565,0.09708168357610703,0.6371511220932007,0.6181106567382812
YPR026W,YJR120W,0,0.67418474,0.0970674455165863,0.6371511220932007,0.618211030960083
YHR001W-A,YER172C,0,0.6741458,0.09705321490764618,0.6371511220932007,0.6183114051818848
YDR113C,YOR153W,0,0.6741457,0.09703899174928665,0.6371511220932007,0.6184117794036865
YKL062W,YDR027C,0,0.67410123,0.09702476859092712,0.6371511220932007,0.6185122132301331
YDL183C,YNL291C,1,0.6740079,0.09715709090232849,0.6381135582923889,0.6185122132301331
YDR135C,YGL045W,0,0.6739814,0.09714286029338837,0.6381135582923889,0.6186125874519348
YNL045W,YLR035C,0,0.67391133,0.09712862223386765,0.6381135582923889,0.6187129616737366
YPL242C,YPL207W,0,0.6738894,0.09711439907550812,0.6381135582923889,0.6188133955001831
YDR308C,YGL049C,0,0.6737201,0.09710017591714859,0.6381135582923889,0.6189137697219849
YBR070C,YLR432W,0,0.67370975,0.09708596020936966,0.6381135582923889,0.6190141439437866
YDL064W,YNL154C,0,0.6736648,0.09707174450159073,0.6381135582923889,0.6191145181655884
YOR271C,YDL047W,0,0.6735578,0.0970575287938118,0.6381135582923889,0.6192149519920349
YML065W,YKR045C,0,0.6735177,0.09704332798719406,0.6381135582923889,0.6193153262138367
YNL272C,YER125W,0,0.673476,0.09702911972999573,0.6381135582923889,0.6194157004356384
YDR212W,YPR104C,0,0.673388,0.09701492637395859,0.6381135582923889,0.619516134262085
YJL002C,YBR110W,0,0.6733197,0.09700073301792145,0.6381135582923889,0.6196165084838867
YGR192C,YCR037C,1,0.67331165,0.09713282436132431,0.6390760540962219,0.6196165084838867
YPL004C,YOR025W,0,0.6732559,0.09711861610412598,0.6390760540962219,0.6197168827056885
YLL018C-A,YOR384W,1,0.6732148,0.09725065529346466,0.6400384902954102,0.6197168827056885
YPL151C,YPL262W,0,0.673208,0.09723643958568573,0.6400384902954102,0.619817316532135
YMR114C,YPR135W,0,0.6731664,0.0972222238779068,0.6400384902954102,0.6199176907539368
YML065W,YOL086C,0,0.6730161,0.09720800817012787,0.6400384902954102,0.6200180649757385
YKL152C,YNL297C,0,0.6729824,0.09719379991292953,0.6400384902954102,0.6201184391975403
YDR164C,YNL312W,0,0.67295504,0.0971795991063118,0.6400384902954102,0.6202188730239868
YJR091C,YPR055W,0,0.67287135,0.09716539829969406,0.6400384902954102,0.6203192472457886
YMR158W,YOL012C,0,0.67272806,0.09715120494365692,0.6400384902954102,0.6204196214675903
YDL142C,YCR026C,0,0.67262733,0.09713701158761978,0.6400384902954102,0.6205200552940369
YBR014C,YHR034C,0,0.6726114,0.09712282568216324,0.6400384902954102,0.6206204295158386
YBR170C,YNL092W,0,0.67242897,0.09710864722728729,0.6400384902954102,0.6207208037376404
YNL154C,YJL179W,0,0.6724255,0.09709446877241135,0.6400384902954102,0.6208211779594421
YDR085C,YPL006W,0,0.67241967,0.0970802903175354,0.6400384902954102,0.6209216117858887
YBR118W,YJL130C,0,0.6724026,0.09706611931324005,0.6400384902954102,0.6210219860076904
YLR263W,YMR119W,0,0.672402,0.0970519557595253,0.6400384902954102,0.6211223602294922
YHR060W,YAL005C,0,0.6723544,0.09703779220581055,0.6400384902954102,0.6212227940559387
YDL214C,YLR035C,0,0.6723519,0.09702363610267639,0.6400384902954102,0.6213231682777405
YBR210W,YML121W,0,0.6723438,0.09700947999954224,0.6400384902954102,0.6214235424995422
YBR128C,YIL038C,0,0.6723405,0.09699533134698868,0.6400384902954102,0.621523916721344
YMR236W,YDR075W,0,0.6722349,0.09698119014501572,0.6400384902954102,0.6216243505477905
YOR196C,YLR223C,0,0.6721711,0.09696704894304276,0.6400384902954102,0.6217247247695923
YNR019W,YHR166C,0,0.67216957,0.0969529077410698,0.6400384902954102,0.621825098991394
YCR107W,YLL004W,0,0.67216814,0.09693877398967743,0.6400384902954102,0.6219255328178406
YOR016C,YLR116W,0,0.6720083,0.09692464768886566,0.6400384902954102,0.6220259070396423
YER144C,YOL078W,0,0.67193806,0.0969105213880539,0.6400384902954102,0.6221262812614441
YBR236C,YAR027W,0,0.67190677,0.09689640253782272,0.6400384902954102,0.6222266554832458
YCR102C,YGR080W,0,0.6717582,0.09688228368759155,0.6400384902954102,0.6223270893096924
YDL240W,YFR030W,0,0.6717182,0.09686817228794098,0.6400384902954102,0.6224274635314941
YGR133W,YNL224C,0,0.6716701,0.0968540608882904,0.6400384902954102,0.6225278377532959
YGL037C,YBR301W,0,0.67165494,0.09683995693922043,0.6400384902954102,0.6226282715797424
YMR315W,YLR110C,0,0.6710495,0.09682586044073105,0.6400384902954102,0.6227286458015442
YPL255W,YLR060W,0,0.67094404,0.09681176394224167,0.6400384902954102,0.622829020023346
YGR261C,YMR176W,0,0.6708528,0.09679766744375229,0.6400384902954102,0.6229294538497925
YGL011C,YNL190W,0,0.67083883,0.0967835858464241,0.6400384902954102,0.6230298280715942
YBR018C,YLR019W,0,0.6705798,0.09676949679851532,0.6400384902954102,0.623130202293396
YLR389C,YDL045C,0,0.67045665,0.09675542265176773,0.6400384902954102,0.6232305765151978
YKL197C,YIL158W,0,0.670327,0.09674134105443954,0.6400384902954102,0.6233310103416443
YKL049C,YOR198C,0,0.6702503,0.09672727435827255,0.6400384902954102,0.623431384563446
YDR298C,YPL084W,1,0.6701869,0.09685863554477692,0.6410009860992432,0.623431384563446
YCL045C,YMR020W,0,0.67009854,0.09684455394744873,0.6410009860992432,0.6235317587852478
YNL009W,YBL112C,0,0.6700214,0.09683047235012054,0.6410009860992432,0.6236321926116943
YER143W,YCR014C,0,0.6700059,0.09681639820337296,0.6410009860992432,0.6237325668334961
YGR222W,YML057W,0,0.66998315,0.09680232405662537,0.6410009860992432,0.6238329410552979
YPL234C,YGR028W,0,0.6699193,0.09678825736045837,0.6410009860992432,0.6239333152770996
YMR279C,YJR040W,1,0.6697633,0.09691949933767319,0.6419634222984314,0.6239333152770996
YCR060W,YNL302C,0,0.6696797,0.096905417740345,0.6419634222984314,0.6240337491035461
YKL007W,YGL231C,0,0.6696099,0.09689134359359741,0.6419634222984314,0.6241341233253479
YJL139C,YLR423C,0,0.66954285,0.09687726944684982,0.6419634222984314,0.6242344975471497
YPL002C,YHR077C,0,0.6695243,0.09686320275068283,0.6419634222984314,0.6243349313735962
YIL131C,YKL054C,0,0.6695144,0.09684913605451584,0.6419634222984314,0.624435305595398
YNR010W,YDL159W,0,0.6694486,0.09683507680892944,0.6419634222984314,0.6245356798171997
YFR045W,YGL220W,0,0.66942596,0.09682101756334305,0.6419634222984314,0.6246360540390015
YER109C,YKR042W,0,0.66940963,0.09680696576833725,0.6419634222984314,0.624736487865448
YDL171C,YGL116W,0,0.6693654,0.09679292142391205,0.6419634222984314,0.6248368620872498
YOR119C,YJL063C,0,0.6692861,0.09677887707948685,0.6419634222984314,0.6249372363090515
YCL051W,YBR153W,0,0.6692303,0.09676483273506165,0.6419634222984314,0.625037670135498
YOR033C,YDR381W,0,0.66922116,0.09675079584121704,0.6419634222984314,0.6251380443572998
YNL085W,YNR023W,0,0.6692024,0.09673676639795303,0.6419634222984314,0.6252384185791016
YLR001C,YOL132W,0,0.6691724,0.09672273695468903,0.6419634222984314,0.6253387928009033
YBR260C,YOR110W,0,0.669104,0.09670871496200562,0.6419634222984314,0.6254392266273499
YGL238W,YDL024C,0,0.6690051,0.0966946929693222,0.6419634222984314,0.6255396008491516
YGL020C,YML132W,0,0.6689921,0.09668067842721939,0.6419634222984314,0.6256399750709534
YHR072W-A,YKL167C,0,0.6689669,0.09666666388511658,0.6419634222984314,0.6257404088973999
YNL147W,YGL246C,0,0.6688758,0.09665265679359436,0.6419634222984314,0.6258407831192017
YOR205C,YKL126W,0,0.66884255,0.09663865715265274,0.6419634222984314,0.6259411573410034
YPR156C,YER053C,1,0.6688266,0.09676951915025711,0.6429259181022644,0.6259411573410034
YDR285W,YNL055C,0,0.66875184,0.0967555046081543,0.6429259181022644,0.62604159116745
YGL087C,YGL045W,0,0.6687227,0.09674149006605148,0.6429259181022644,0.6261419653892517
YPL018W,YLL018C,0,0.6686783,0.09672748297452927,0.6429259181022644,0.6262423396110535
YPL248C,YER123W,0,0.66852415,0.09671347588300705,0.6429259181022644,0.6263427138328552
YGR205W,YGR005C,0,0.66839504,0.09669947624206543,0.6429259181022644,0.6264431476593018
YIL005W,YLR228C,0,0.66838956,0.0966854840517044,0.6429259181022644,0.6265435218811035
YPL151C,YDL153C,0,0.66833377,0.09667149186134338,0.6429259181022644,0.6266438961029053
YDR471W,YBR253W,0,0.66830766,0.09665749967098236,0.6429259181022644,0.6267443299293518
YDL119C,YKR102W,0,0.668249,0.09664351493120193,0.6429259181022644,0.6268447041511536
YKL032C,YCR063W,0,0.6681366,0.0966295376420021,0.6429259181022644,0.6269450783729553
YOR279C,YLR341W,0,0.6681285,0.09661556035280228,0.6429259181022644,0.6270454525947571
YMR114C,YPR009W,0,0.66811717,0.09660159051418304,0.6429259181022644,0.6271458864212036
YNL259C,YLR071C,0,0.66805,0.09658762067556381,0.6429259181022644,0.6272462606430054
YHR073W,YOL128C,0,0.6680463,0.09657365828752518,0.6429259181022644,0.6273466348648071
YLR007W,YKR095W,0,0.6680269,0.09655969589948654,0.6429259181022644,0.6274470686912537
YDR072C,YMR232W,0,0.6678916,0.0965457409620285,0.6429259181022644,0.6275474429130554
YCR098C,YNR055C,1,0.66770494,0.0966762974858284,0.6438883543014526,0.6275474429130554
YHR037W,YLR003C,0,0.6676384,0.09666233509778976,0.6438883543014526,0.6276478171348572
YBR294W,YDR135C,1,0.6675973,0.09679283201694489,0.6448507905006409,0.6276478171348572
YGL060W,YKL027W,0,0.6675821,0.09677885472774506,0.6448507905006409,0.6277481913566589
YLR194C,YKL222C,0,0.6675605,0.09676487743854523,0.6448507905006409,0.6278486251831055
YBL058W,YKR028W,0,0.6674094,0.0967509001493454,0.6448507905006409,0.6279489994049072
YDR285W,YOL061W,0,0.6672826,0.09673693031072617,0.6448507905006409,0.628049373626709
YNR032W,YOR330C,0,0.6671072,0.09672296792268753,0.6448507905006409,0.6281498074531555
YKL053C-A,YNL003C,0,0.6671065,0.0967090055346489,0.6448507905006409,0.6282501816749573
YGL208W,YFL061W,0,0.66710496,0.09669505059719086,0.6448507905006409,0.628350555896759
YBL091C-A,YMR068W,0,0.6669498,0.09668109565973282,0.6448507905006409,0.6284509301185608
YEL053C,YOL001W,0,0.6669421,0.09666714817285538,0.6448507905006409,0.6285513639450073
YOR204W,YOL132W,0,0.6669269,0.09665320068597794,0.6448507905006409,0.6286517381668091
YGR247W,YGL244W,0,0.6668917,0.09663926064968109,0.6448507905006409,0.6287521123886108
YNL094W,YMR175W,0,0.6667789,0.09662532806396484,0.6448507905006409,0.6288525462150574
YNL241C,YOR245C,0,0.6667714,0.096611388027668,0.6448507905006409,0.6289529204368591
YBR243C,YMR276W,0,0.6667549,0.09659746289253235,0.6448507905006409,0.6290532946586609
YOR177C,YDL002C,0,0.6666242,0.0965835377573967,0.6448507905006409,0.6291537284851074
YBR152W,YMR319C,0,0.66656315,0.09656962007284164,0.6448507905006409,0.6292541027069092
YNR017W,YKL052C,0,0.6665125,0.09655570238828659,0.6448507905006409,0.6293544769287109
YLR157C,YCL029C,0,0.6664902,0.09654178470373154,0.6448507905006409,0.6294548511505127
YHR077C,YKL003C,0,0.66647494,0.09652787446975708,0.6448507905006409,0.6295552849769592
YMR207C,YCR030C,0,0.6664671,0.09651397168636322,0.6448507905006409,0.629655659198761
YNL161W,YOR252W,0,0.6664411,0.09650006890296936,0.6448507905006409,0.6297560334205627
YPR137W,YGR202C,0,0.6663688,0.0964861735701561,0.6448507905006409,0.6298564672470093
YNL208W,YNL335W,0,0.666304,0.09647228568792343,0.6448507905006409,0.629956841468811
YER100W,YDL126C,0,0.6662219,0.09645839035511017,0.6448507905006409,0.6300572156906128
YHR072W-A,YNL335W,0,0.6662056,0.0964445099234581,0.6448507905006409,0.6301575899124146
YNL076W,YJR035W,0,0.6657477,0.09643062949180603,0.6448507905006409,0.6302580237388611
YOL130W,YPL234C,1,0.6654934,0.09656065702438354,0.6458132863044739,0.6302580237388611
YIL162W,YFR042W,0,0.66540843,0.09654676169157028,0.6458132863044739,0.6303583979606628
YJL149W,YHL003C,0,0.66540504,0.09653287380933762,0.6458132863044739,0.6304587721824646
YNL134C,YMR200W,0,0.6653036,0.09651898592710495,0.6458132863044739,0.6305592060089111
YKR031C,YGR255C,0,0.66527987,0.09650510549545288,0.6458132863044739,0.6306595802307129
YCR057C,YPR164W,0,0.66520953,0.09649122506380081,0.6458132863044739,0.6307599544525146
YDR518W,YPL001W,0,0.6651828,0.09647735208272934,0.6458132863044739,0.6308603286743164
YDR076W,YNL051W,0,0.6651455,0.09646348655223846,0.6458132863044739,0.6309607625007629
YPL138C,YGR078C,0,0.6651259,0.09644962102174759,0.6458132863044739,0.6310611367225647
YJL093C,YJR040W,1,0.6651174,0.09657947719097137,0.6467757225036621,0.6310611367225647
YPL190C,YBL046W,0,0.6651008,0.0965655967593193,0.6467757225036621,0.6311615109443665
YOR019W,YGR280C,0,0.66506267,0.09655172377824783,0.6467757225036621,0.631261944770813
YBR271W,YER022W,0,0.66502416,0.09653785079717636,0.6467757225036621,0.6313623189926147
YEL003W,YOR222W,0,0.6649939,0.09652398526668549,0.6467757225036621,0.6314626932144165
YNL101W,YDR069C,1,0.6649793,0.09665374457836151,0.6477382183074951,0.6314626932144165
YDR508C,YNL103W,0,0.66496027,0.09663986414670944,0.6477382183074951,0.6315630674362183
YBR274W,YOR285W,0,0.6648989,0.09662598371505737,0.6477382183074951,0.6316635012626648
YMR060C,YBR005W,0,0.6648514,0.0966121181845665,0.6477382183074951,0.6317638754844666
YDR122W,YLR155C,0,0.66481984,0.09659824520349503,0.6477382183074951,0.6318642497062683
YJR102C,YKL002W,1,0.6648027,0.0967279002070427,0.6487006545066833,0.6318642497062683
YDR296W,YKL074C,0,0.6647501,0.09671401977539062,0.6487006545066833,0.6319646835327148
YDR492W,YDR450W,0,0.6646868,0.09670014679431915,0.6487006545066833,0.6320650577545166
YNL134C,YLR069C,0,0.6646483,0.09668627381324768,0.6487006545066833,0.6321654319763184
YHR162W,YPL078C,1,0.6646421,0.09681583195924759,0.6496631503105164,0.6321654319763184
YDR016C,YDL220C,0,0.6646329,0.09680195152759552,0.6496631503105164,0.6322658658027649
YLR088W,YGR068C,0,0.66462183,0.09678807109594345,0.6496631503105164,0.6323662400245667
YBL004W,YBL071W-A,0,0.6645912,0.09677419066429138,0.6496631503105164,0.6324666142463684
YER145C,YLR233C,0,0.6645905,0.09676031768321991,0.6496631503105164,0.6325669884681702
YOL091W,YGR193C,0,0.66456926,0.09674645215272903,0.6496631503105164,0.6326674222946167
YPL168W,YDR468C,0,0.6645623,0.09673258662223816,0.6496631503105164,0.6327677965164185
YDR384C,YAL051W,0,0.66455674,0.09671872854232788,0.6496631503105164,0.6328681707382202
YKR025W,YJR102C,0,0.66442907,0.0967048704624176,0.6496631503105164,0.6329686045646667
YPL094C,YOR025W,0,0.6643963,0.09669101983308792,0.6496631503105164,0.6330689787864685
YLR166C,YMR113W,0,0.66436154,0.09667716920375824,0.6496631503105164,0.6331693530082703
YNL047C,YDR382W,0,0.6643473,0.09666332602500916,0.6496631503105164,0.633269727230072
YBL035C,YKL061W,0,0.66434205,0.09664948284626007,0.6496631503105164,0.6333701610565186
YOR214C,YNL067W,0,0.66426706,0.09663564711809158,0.6496631503105164,0.6334705352783203
YGL151W,YLR194C,0,0.6642591,0.0966218113899231,0.6496631503105164,0.6335709095001221
YHL050C,YMR261C,0,0.6642543,0.0966079831123352,0.6496631503105164,0.6336713433265686
YDR395W,YNL053W,0,0.66416293,0.09659416228532791,0.6496631503105164,0.6337717175483704
YBR106W,YER042W,0,0.6641109,0.09658034145832062,0.6496631503105164,0.6338720917701721
YOR103C,YDR522C,0,0.6640923,0.09656652063131332,0.6496631503105164,0.6339724659919739
YGL226W,YOR307C,0,0.66405857,0.09655270725488663,0.6496631503105164,0.6340728998184204
YMR021C,YOL112W,0,0.66405004,0.09653890132904053,0.6496631503105164,0.6341732740402222
YPR174C,YJL115W,0,0.66402215,0.09652509540319443,0.6496631503105164,0.6342736482620239
YKL027W,YJR050W,0,0.66394144,0.09651129692792892,0.6496631503105164,0.6343740820884705
YJL094C,YDR536W,1,0.6639179,0.0966404601931572,0.6506255865097046,0.6343740820884705
YBR085W,YDL120W,1,0.6639111,0.09676958620548248,0.6515880823135376,0.6343740820884705
YNL178W,YBL034C,0,0.6638834,0.096755750477314,0.6515880823135376,0.6344744563102722
YOR017W,YNL197C,0,0.663878,0.0967419296503067,0.6515880823135376,0.634574830532074
YLR352W,YBL034C,0,0.66359687,0.09672810137271881,0.6515880823135376,0.6346752047538757
YOR074C,YGR271W,0,0.66355604,0.09671428799629211,0.6515880823135376,0.6347756385803223
YJR036C,YDL223C,0,0.6635179,0.09670047461986542,0.6515880823135376,0.634876012802124
YLR007W,YDR408C,0,0.66340864,0.09668666124343872,0.6515880823135376,0.6349763870239258
YIL133C,YGR091W,0,0.6633348,0.09667285531759262,0.6515880823135376,0.6350768208503723
YLR034C,YBL058W,0,0.66327703,0.09665904939174652,0.6515880823135376,0.6351771950721741
YIL046W,YLR229C,0,0.66314304,0.09664525091648102,0.6515880823135376,0.6352775692939758
YDR255C,YGL203C,0,0.66304696,0.09663145989179611,0.6515880823135376,0.6353780031204224
YKR057W,YER042W,0,0.66303664,0.0966176688671112,0.6515880823135376,0.6354783773422241
YGR198W,YPL076W,0,0.66295207,0.0966038778424263,0.6515880823135376,0.6355787515640259
YKL137W,YDR477W,0,0.6627257,0.09659010171890259,0.6515880823135376,0.6356791257858276
YOL020W,YHL008C,1,0.6627196,0.09671897441148758,0.6525505185127258,0.6356791257858276
YBR131W,YBR065C,0,0.6627136,0.09670517593622208,0.6525505185127258,0.6357795596122742
YJR137C,YJR078W,0,0.662699,0.09669138491153717,0.6525505185127258,0.6358799338340759
YER151C,YLR145W,0,0.6626488,0.09667760133743286,0.6525505185127258,0.6359803080558777
YML052W,YAL047C,0,0.66259325,0.09666381776332855,0.6525505185127258,0.6360807418823242
YCR015C,YGL187C,1,0.6625104,0.09679258614778519,0.6535130143165588,0.6360807418823242
YPL147W,YOR381W,1,0.662251,0.09692132472991943,0.6544754505157471,0.6360807418823242
YAR066W,YKL160W,0,0.66224426,0.09690751135349274,0.6544754505157471,0.636181116104126
YDR317W,YNR055C,0,0.6621897,0.09689370542764664,0.6544754505157471,0.6362814903259277
YPL188W,YBR091C,0,0.66216993,0.09687989950180054,0.6544754505157471,0.6363818645477295
YMR112C,YDR302W,0,0.6621474,0.09686609357595444,0.6544754505157471,0.636482298374176
YNL221C,YLR067C,0,0.6621473,0.09685230255126953,0.6544754505157471,0.6365826725959778
YHR058C,YGL038C,0,0.66210234,0.09683850407600403,0.6544754505157471,0.6366830468177795
YDR405W,YIR028W,0,0.66206425,0.09682472050189972,0.6544754505157471,0.6367834806442261
YMR034C,YOR306C,1,0.6620403,0.09695330262184143,0.6554379463195801,0.6367834806442261
YNR060W,YML038C,1,0.6618,0.09708184748888016,0.6564003825187683,0.6367834806442261
YEL039C,YOL098C,0,0.66163987,0.09706803411245346,0.6564003825187683,0.6368838548660278
YOR307C,YBR218C,0,0.6615777,0.09705422073602676,0.6564003825187683,0.6369842290878296
YFR029W,YOR173W,0,0.6615658,0.09704040735960007,0.6564003825187683,0.6370846033096313
YEL069C,YOR003W,0,0.66153777,0.09702660143375397,0.6564003825187683,0.6371850371360779
YDR408C,YMR048W,0,0.6615245,0.09701280295848846,0.6564003825187683,0.6372854113578796
YOR119C,YIR033W,0,0.6614661,0.09699900448322296,0.6564003825187683,0.6373857855796814
YHR042W,YPR204W,0,0.6614115,0.09698521345853806,0.6564003825187683,0.6374862194061279
YNL328C,YOL124C,0,0.66109085,0.09697142243385315,0.6564003825187683,0.6375865936279297
YDR394W,YJL144W,0,0.6608856,0.09695763140916824,0.6564003825187683,0.6376869678497314
YMR115W,YMR078C,0,0.66064215,0.09694385528564453,0.6564003825187683,0.6377873420715332
YKR013W,YGL169W,0,0.66042936,0.09693007171154022,0.6564003825187683,0.6378877758979797
YGR057C,YMR135C,0,0.66038865,0.0969163030385971,0.6564003825187683,0.6379881501197815
YIL144W,YKL054C,0,0.6603571,0.0969025269150734,0.6564003825187683,0.6380885243415833
YPL252C,YKR042W,0,0.66027224,0.09688876569271088,0.6564003825187683,0.6381889581680298
YOL043C,YPL066W,0,0.6602118,0.09687499701976776,0.6564003825187683,0.6382893323898315
YHR050W,YKR105C,1,0.6601479,0.0970032662153244,0.6573628783226013,0.6382893323898315
YJR160C,YPL234C,1,0.6600726,0.09713149815797806,0.6583253145217896,0.6382893323898315
YER178W,YAR027W,0,0.66004276,0.09711770713329315,0.6583253145217896,0.6383897066116333
YHR059W,YAR008W,0,0.6600085,0.09710391610860825,0.6583253145217896,0.6384901404380798
YPL046C,YMR231W,0,0.6599493,0.09709013253450394,0.6583253145217896,0.6385905146598816
YLR301W,YML051W,0,0.659845,0.09707635641098022,0.6583253145217896,0.6386908888816833
YML127W,YBL058W,0,0.65982103,0.09706258028745651,0.6583253145217896,0.6387912631034851
YOR232W,YGR227W,0,0.65961814,0.0970488116145134,0.6583253145217896,0.6388916969299316
YKR087C,YBL008W,0,0.6595992,0.09703504294157028,0.6583253145217896,0.6389920711517334
YLR001C,YDR083W,0,0.65959835,0.09702127426862717,0.6583253145217896,0.6390924453735352
YPR155C,YBR077C,0,0.659551,0.09700751304626465,0.6583253145217896,0.6391928791999817
YNL124W,YGR278W,0,0.65951425,0.09699375927448273,0.6583253145217896,0.6392932534217834
YLR150W,YHR152W,0,0.65944636,0.0969800055027008,0.6583253145217896,0.6393936276435852
YNL065W,YBR065C,0,0.6593502,0.09696625918149948,0.6583253145217896,0.639494001865387
YGL045W,YLL051C,0,0.6592342,0.09695251286029816,0.6583253145217896,0.6395944356918335
YPR067W,YDL028C,0,0.6591501,0.09693877398967743,0.6583253145217896,0.6396948099136353
YKL176C,YEL056W,0,0.659147,0.0969250425696373,0.6583253145217896,0.639795184135437
YDR303C,YOR106W,0,0.6590801,0.09691130369901657,0.6583253145217896,0.6398956179618835
YOR304W,YOR299W,0,0.65906644,0.09689757972955704,0.6583253145217896,0.6399959921836853
YPR046W,YER021W,0,0.6589447,0.0968838557600975,0.6583253145217896,0.6400963664054871
YBR173C,YCR024C,0,0.65884817,0.09687013179063797,0.6583253145217896,0.6401967406272888
YIL061C,YNL182C,0,0.6588187,0.09685641527175903,0.6583253145217896,0.6402971744537354
YKR075C,YMR041C,0,0.6586939,0.0968426987528801,0.6583253145217896,0.6403975486755371
YPL072W,YLR016C,0,0.6586212,0.09682898968458176,0.6583253145217896,0.6404979228973389
YMR013C,YGR144W,0,0.6583503,0.09681528806686401,0.6583253145217896,0.6405983567237854
YPR020W,YEL026W,0,0.6583457,0.09680158644914627,0.6583253145217896,0.6406987309455872
YHR142W,YOR307C,0,0.6582675,0.09678788483142853,0.6583253145217896,0.6407991051673889
YBR244W,YHR062C,0,0.6581585,0.09677419066429138,0.6583253145217896,0.6408994793891907
YAL056W,YJL204C,0,0.658101,0.09676050394773483,0.6583253145217896,0.6409999132156372
YMR262W,YJL191W,0,0.6580732,0.09674681723117828,0.6583253145217896,0.641100287437439
YDR293C,YNL083W,0,0.6578232,0.09673313796520233,0.6583253145217896,0.6412006616592407
YNL224C,YPL055C,0,0.65772665,0.09671945869922638,0.6583253145217896,0.6413010954856873
YMR052W,YKL001C,0,0.65769076,0.09670577943325043,0.6583253145217896,0.641401469707489
YNL202W,YBR186W,0,0.6576321,0.09669211506843567,0.6583253145217896,0.6415018439292908
YJR032W,YDR196C,0,0.6576212,0.09667844325304031,0.6583253145217896,0.6416022777557373
YLR299W,YDL103C,0,0.65739346,0.09666477888822556,0.6583253145217896,0.6417026519775391
YIL127C,YKL002W,0,0.6571629,0.0966511219739914,0.6583253145217896,0.6418030261993408
YJR109C,YOR262W,0,0.6571577,0.09663746505975723,0.6583253145217896,0.6419034004211426
YOR194C,YNL006W,0,0.65714437,0.09662381559610367,0.6583253145217896,0.6420038342475891
YDR414C,YBR215W,0,0.6569765,0.0966101661324501,0.6583253145217896,0.6421042084693909
YEL069C,YLR305C,0,0.6569583,0.09659652411937714,0.6583253145217896,0.6422045826911926
YKR031C,YGL070C,0,0.65686405,0.09658288955688477,0.6583253145217896,0.6423050165176392
YLR275W,YPL096W,0,0.65671974,0.0965692475438118,0.6583253145217896,0.6424053907394409
YJL162C,YML067C,0,0.65671325,0.09655562043190002,0.6583253145217896,0.6425057649612427
YPR113W,YPL225W,0,0.6565561,0.09654199331998825,0.6583253145217896,0.6426061391830444
YER130C,YBR189W,0,0.65646684,0.09652836620807648,0.6583253145217896,0.642706573009491
YDR159W,YKL020C,0,0.6564311,0.0965147465467453,0.6583253145217896,0.6428069472312927
YLR019W,YJR017C,0,0.6564266,0.09650112688541412,0.6583253145217896,0.6429073214530945
YDR345C,YML123C,1,0.6564248,0.0966285765171051,0.6592877507209778,0.6429073214530945
YHR050W,YJR001W,1,0.656379,0.0967559963464737,0.6602502465248108,0.6429073214530945
YGR246C,YOR363C,0,0.65629554,0.09674234688282013,0.6602502465248108,0.643007755279541
YGL043W,YHR024C,0,0.65629345,0.09672870486974716,0.6602502465248108,0.6431081295013428
YMR213W,YDR363W,0,0.65627694,0.09671507030725479,0.6602502465248108,0.6432085037231445
YMR186W,YIL108W,0,0.65623534,0.09670143574476242,0.6602502465248108,0.6433088779449463
YKL058W,YLR389C,0,0.6559248,0.09668780863285065,0.6602502465248108,0.6434093117713928
YKL192C,YCL025C,0,0.6559179,0.09667418152093887,0.6602502465248108,0.6435096859931946
YIL154C,YGL254W,0,0.6559124,0.0966605618596077,0.6602502465248108,0.6436100602149963
YGL192W,YMR296C,0,0.65580064,0.09664694219827652,0.6602502465248108,0.6437104940414429
YMR218C,YFL008W,0,0.65566087,0.09663332998752594,0.6602502465248108,0.6438108682632446
YOR148C,YIL095W,0,0.6556103,0.09661971777677536,0.6602502465248108,0.6439112424850464
YBR128C,YJL186W,0,0.6555421,0.09660611301660538,0.6602502465248108,0.6440116167068481
YJR040W,YDL128W,1,0.65551656,0.09673331677913666,0.661212682723999,0.6440116167068481
YKR027W,YLR209C,0,0.65541327,0.09671969711780548,0.661212682723999,0.6441120505332947
YEL077C,YGR278W,0,0.65533507,0.0967060774564743,0.661212682723999,0.6442124247550964
YOR018W,YNL095C,0,0.6553252,0.09669247269630432,0.661212682723999,0.6443127989768982
YCR011C,YBR014C,0,0.6553004,0.09667886048555374,0.661212682723999,0.6444132328033447
YGL225W,YHR201C,0,0.6552516,0.09666526317596436,0.661212682723999,0.6445136070251465
YPL147W,YPR156C,1,0.6552193,0.09679234772920609,0.662175178527832,0.6445136070251465
YHR202W,YJR099W,0,0.65513635,0.09677872806787491,0.662175178527832,0.6446139812469482
YLR394W,YGR143W,0,0.65502685,0.09676511585712433,0.662175178527832,0.6447144150733948
YLR038C,YOL152W,1,0.65501463,0.09689214080572128,0.6631376147270203,0.6447144150733948
YBL035C,YMR275C,0,0.6549,0.09687851369380951,0.6631376147270203,0.6448147892951965
YKR096W,YMR277W,0,0.65488374,0.09686489403247833,0.6631376147270203,0.6449151635169983
YKL145W,YDR430C,0,0.6548635,0.09685128182172775,0.6631376147270203,0.6450155377388
YKL002W,YPL065W,1,0.6548103,0.09697821736335754,0.6641001105308533,0.6450155377388
YGL167C,YDL206W,1,0.6547906,0.09710511565208435,0.6650625467300415,0.6450155377388
YDR201W,YPR003C,0,0.6547679,0.09709147363901138,0.6650625467300415,0.6451159715652466
YBR149W,YPR181C,0,0.6546793,0.09707783162593842,0.6650625467300415,0.6452163457870483
YER031C,YJR159W,0,0.6546587,0.09706419706344604,0.6650625467300415,0.6453167200088501
YOR011W,YEL034W,0,0.65459406,0.09705056250095367,0.6650625467300415,0.6454171538352966
YLR119W,YNR060W,1,0.65457416,0.09717736393213272,0.6660250425338745,0.6454171538352966
YLR039C,YLR183C,0,0.65457207,0.09716371446847916,0.6660250425338745,0.6455175280570984
YJR077C,YLL018C-A,1,0.6545562,0.09729047119617462,0.6669874787330627,0.6455175280570984
YLR060W,YDL246C,0,0.65446913,0.09727681428194046,0.6669874787330627,0.6456179022789001
YPL137C,YAL038W,0,0.65441006,0.0972631573677063,0.6669874787330627,0.6457182765007019
YKL222C,YDR405W,0,0.65440327,0.09724950790405273,0.6669874787330627,0.6458187103271484
YOL027C,YHL002W,1,0.6543411,0.09737617522478104,0.6679499745368958,0.6458187103271484
YOL121C,YGR152C,0,0.654338,0.09736251085996628,0.6679499745368958,0.6459190845489502
YLR024C,YKL157W,0,0.65430117,0.09734885394573212,0.6679499745368958,0.646019458770752
YDR151C,YOR018W,0,0.65429556,0.09733520448207855,0.6679499745368958,0.6461198925971985
YKL053C-A,YLR361C,0,0.6542487,0.09732155501842499,0.6679499745368958,0.6462202668190002
YMR319C,YGL190C,0,0.6542158,0.09730790555477142,0.6679499745368958,0.646320641040802
YKL018W,YBL019W,0,0.65413725,0.09729426354169846,0.6679499745368958,0.6464210152626038
YMR033W,YML130C,0,0.65393835,0.09728062897920609,0.6679499745368958,0.6465214490890503
YDL102W,YJR082C,0,0.65391624,0.09726699441671371,0.6679499745368958,0.646621823310852
YFL055W,YDR322C-A,0,0.65390146,0.09725335985422134,0.6679499745368958,0.6467221975326538
YKR035W-A,YGR224W,0,0.65386987,0.09723974019289017,0.6679499745368958,0.6468226313591003
YER171W,YNL002C,0,0.653778,0.0972261130809784,0.6679499745368958,0.6469230055809021
YDR201W,YOR256C,0,0.65372753,0.09721249341964722,0.6679499745368958,0.6470233798027039
YBR192W,YOR381W,1,0.65365756,0.09733893722295761,0.668912410736084,0.6470233798027039
YJL047C,YNL059C,0,0.6535017,0.09732530266046524,0.668912410736084,0.6471237540245056
YNL219C,YFR040W,0,0.6534009,0.09731167554855347,0.668912410736084,0.6472241878509521
YOL122C,YPL224C,1,0.65335846,0.09743805229663849,0.669874906539917,0.6472241878509521
YNL067W,YDL202W,0,0.6533571,0.09742441028356552,0.669874906539917,0.6473245620727539
YKL013C,YNL064C,0,0.65324044,0.09741077572107315,0.669874906539917,0.6474249362945557
YIL038C,YGL256W,0,0.6532342,0.09739714860916138,0.669874906539917,0.6475253701210022
YNL181W,YLR155C,0,0.6532174,0.097383514046669,0.669874906539917,0.647625744342804
YNL245C,YOR310C,0,0.6531447,0.09736989438533783,0.669874906539917,0.6477261185646057
YJL209W,YKR060W,0,0.6530839,0.09735627472400665,0.669874906539917,0.6478265523910522
YCR016W,YHR060W,0,0.65303814,0.09734265506267548,0.669874906539917,0.647926926612854
YOL016C,YOR274W,0,0.65284175,0.0973290428519249,0.669874906539917,0.6480273008346558
YHR113W,YGL013C,0,0.6526617,0.09731543809175491,0.669874906539917,0.6481276750564575
YHR119W,YMR114C,0,0.6526109,0.09730183333158493,0.669874906539917,0.648228108882904
YCL044C,YLR309C,0,0.6525861,0.09728822857141495,0.669874906539917,0.6483284831047058
YNR023W,YGL220W,0,0.65251935,0.09727463126182556,0.669874906539917,0.6484288573265076
YER125W,YMR125W,0,0.6524622,0.09726104140281677,0.669874906539917,0.6485292911529541
YHL021C,YJL091C,0,0.65238124,0.09724745154380798,0.669874906539917,0.6486296653747559
YNL023C,YGL076C,0,0.6523536,0.0972338616847992,0.669874906539917,0.6487300395965576
YLR064W,YGR202C,0,0.65228546,0.097220279276371,0.669874906539917,0.6488304138183594
YMR315W,YLR160C,0,0.65224004,0.09720670431852341,0.669874906539917,0.6489308476448059
YDR222W,YGL047W,0,0.65221786,0.09719312936067581,0.669874906539917,0.6490312218666077
YMR101C,YBR073W,0,0.65214646,0.09717956185340881,0.669874906539917,0.6491315960884094
YPL242C,YJL225C,0,0.6520754,0.09716599434614182,0.669874906539917,0.649232029914856
YNR021W,YML123C,0,0.6520545,0.09715242683887482,0.669874906539917,0.6493324041366577
YOR241W,YDL025C,0,0.65191925,0.09713886678218842,0.669874906539917,0.6494327783584595
YDL103C,YLR070C,0,0.6518168,0.09712531417608261,0.669874906539917,0.6495331525802612
YHR065C,YBR153W,0,0.6517719,0.0971117615699768,0.669874906539917,0.6496335864067078
YDR159W,YLR298C,0,0.65171707,0.0970982164144516,0.669874906539917,0.6497339606285095
YPL060W,YNR060W,1,0.65168715,0.097224161028862,0.6708373427391052,0.6497339606285095
YGL226C-A,YPR196W,0,0.6515976,0.0972106009721756,0.6708373427391052,0.6498343348503113
YMR237W,YKL220C,0,0.65155876,0.0971970409154892,0.6708373427391052,0.6499347686767578
YGR105W,YDR190C,0,0.65155315,0.09718348830938339,0.6708373427391052,0.6500351428985596
YCL008C,YPR141C,0,0.65146387,0.09716994315385818,0.6708373427391052,0.6501355171203613
YDR490C,YLR165C,0,0.6514276,0.09715639799833298,0.6708373427391052,0.6502358913421631
YBR090C-A,YNL066W,0,0.65112716,0.09714286029338837,0.6708373427391052,0.6503363251686096
YJR127C,YGL142C,0,0.6509361,0.09712932258844376,0.6708373427391052,0.6504366993904114
YJL026W,YJR047C,0,0.65090185,0.09711578488349915,0.6708373427391052,0.6505370736122131
YMR121C,YBR154C,0,0.65082955,0.09710225462913513,0.6708373427391052,0.6506375074386597
YHL047C,YLL001W,1,0.6507611,0.0972280278801918,0.6717997789382935,0.6506375074386597
YGL238W,YLR113W,0,0.65075004,0.0972144827246666,0.6717997789382935,0.6507378816604614
YPR011C,YMR225C,0,0.6504226,0.09720094501972198,0.6717997789382935,0.6508382558822632
YBR141C,YGL151W,0,0.6503117,0.09718741476535797,0.6717997789382935,0.6509386897087097
YIL168W,YJR035W,0,0.65025043,0.09717388451099396,0.6717997789382935,0.6510390639305115
YJL216C,YOL043C,0,0.6500875,0.09716035425662994,0.6717997789382935,0.6511394381523132
YPL171C,YLR075W,0,0.6500795,0.09714683145284653,0.6717997789382935,0.651239812374115
YKL107W,YFR001W,0,0.65001714,0.09713331609964371,0.6717997789382935,0.6513402462005615
YKL201C,YBR115C,0,0.6499429,0.09711980074644089,0.6717997789382935,0.6514406204223633
YNL026W,YKL033W,0,0.6499322,0.09710628539323807,0.6717997789382935,0.651540994644165
YOL084W,YCR055C,0,0.64986056,0.09709277749061584,0.6717997789382935,0.6516414284706116
YDL093W,YDR281C,0,0.6497827,0.09707927703857422,0.6717997789382935,0.6517418026924133
YKL033W,YGL180W,0,0.64978224,0.09706577658653259,0.6717997789382935,0.6518421769142151
YGL065C,YOR007C,0,0.649782,0.09705228358507156,0.6717997789382935,0.6519425511360168
YOL077W-A,YGL054C,0,0.6497164,0.09703879058361053,0.6717997789382935,0.6520429849624634
YNL024C,YNL224C,0,0.64971423,0.0970252975821495,0.6717997789382935,0.6521433591842651
YDL149W,YLL036C,0,0.6496364,0.09701181203126907,0.6717997789382935,0.6522437334060669
YOR191W,YNL247W,0,0.64962333,0.09699833393096924,0.6717997789382935,0.6523441672325134
YJR056C,YPL094C,0,0.6495919,0.0969848558306694,0.6717997789382935,0.6524445414543152
YDR210W,YIR026C,0,0.6495495,0.09697137773036957,0.6717997789382935,0.6525449156761169
YGL047W,YER023W,0,0.649533,0.09695791453123093,0.6717997789382935,0.6526452898979187
YGR198W,YPL241C,0,0.6494733,0.09694444388151169,0.6717997789382935,0.6527457237243652
YDR280W,YMR180C,0,0.6493298,0.09693098068237305,0.6717997789382935,0.652846097946167
YFR044C,YDL174C,0,0.64931285,0.096917524933815,0.6717997789382935,0.6529464721679688
YHR204W,YPL066W,0,0.6492497,0.09690406918525696,0.6717997789382935,0.6530469059944153
YMR008C,YDL174C,0,0.6492102,0.09689061343669891,0.6717997789382935,0.653147280216217
YOL008W,YNL252C,0,0.64919794,0.09687716513872147,0.6717997789382935,0.6532476544380188
YGR122W,YDR141C,0,0.6490506,0.09686372429132462,0.6717997789382935,0.6533480286598206
YBL080C,YOR340C,0,0.6490493,0.09685028344392776,0.6717997789382935,0.6534484624862671
YDR289C,YOR123C,0,0.64904517,0.09683685004711151,0.6717997789382935,0.6535488367080688
YMR177W,YNL083W,1,0.6489309,0.09696213155984879,0.6727622747421265,0.6535488367080688
YKR087C,YML093W,0,0.6489082,0.09694868326187134,0.6727622747421265,0.6536492109298706
YOL089C,YKL006C-A,0,0.648834,0.09693523496389389,0.6727622747421265,0.6537496447563171
YGL153W,YMR059W,0,0.6487379,0.09692179411649704,0.6727622747421265,0.6538500189781189
YJL085W,YJR088C,0,0.64868855,0.09690836071968079,0.6727622747421265,0.6539503931999207
YNR044W,YLR004C,0,0.6485801,0.09689492732286453,0.6727622747421265,0.6540508270263672
YDL240W,YGL162W,0,0.64845824,0.09688149392604828,0.6727622747421265,0.654151201248169
YGL071W,YKL143W,1,0.6483383,0.0970066487789154,0.6737247109413147,0.654151201248169
YNL133C,YOR144C,0,0.6481488,0.09699320793151855,0.6737247109413147,0.6542515754699707
YKL197C,YJL054W,0,0.64812404,0.0969797745347023,0.6737247109413147,0.6543519496917725
YIL133C,YGR057C,0,0.64806163,0.09696634113788605,0.6737247109413147,0.654452383518219
YKL189W,YOR351C,0,0.6480528,0.0969529077410698,0.6737247109413147,0.6545527577400208
YHR059W,YPL280W,0,0.6480516,0.09693948179483414,0.6737247109413147,0.6546531319618225
YLR308W,YNL081C,0,0.64791083,0.09692605584859848,0.6737247109413147,0.654753565788269
YOR103C,YGR246C,0,0.6477979,0.09691263735294342,0.6737247109413147,0.6548539400100708
YOR157C,YKL201C,0,0.647688,0.09689922630786896,0.6737247109413147,0.6549543142318726
YOL154W,YMR105C,0,0.6475967,0.0968858152627945,0.6737247109413147,0.6550546884536743
YKL085W,YCR065W,0,0.6475067,0.09687240421772003,0.6737247109413147,0.6551551222801208
YHR050W,YDR512C,0,0.6474867,0.09685900062322617,0.6737247109413147,0.6552554965019226
YAL039C,YNL053W,0,0.647276,0.0968455970287323,0.6737247109413147,0.6553558707237244
YER049W,YGL068W,0,0.6472729,0.09683220088481903,0.6737247109413147,0.6554563045501709
YLR084C,YPR097W,0,0.64715594,0.09681881219148636,0.6737247109413147,0.6555566787719727
YGL077C,YOR390W,1,0.6471067,0.09694371372461319,0.6746872067451477,0.6555566787719727
YDL206W,YGR260W,1,0.64707327,0.09706858545541763,0.6756496429443359,0.6555566787719727
YLR081W,YDR527W,0,0.6470665,0.09705516695976257,0.6756496429443359,0.6556570529937744
YDR174W,YBR093C,0,0.64705104,0.09704174846410751,0.6756496429443359,0.6557574272155762
YLR084C,YOR283W,0,0.64704365,0.09702833741903305,0.6756496429443359,0.6558578610420227
YJR052W,YDR485C,0,0.6470101,0.09701492637395859,0.6756496429443359,0.6559582352638245
YCL016C,YBR118W,0,0.6469451,0.09700152277946472,0.6756496429443359,0.6560586094856262
YGL124C,YCR023C,0,0.6469402,0.09698811918497086,0.6756496429443359,0.6561590433120728
YGL125W,YCL038C,0,0.6469156,0.09697472304105759,0.6756496429443359,0.6562594175338745
YDL117W,YDL232W,0,0.6468562,0.09696132689714432,0.6756496429443359,0.6563597917556763
YJL029C,YMR241W,0,0.6467322,0.09694793820381165,0.6756496429443359,0.656460165977478
YNL172W,YML051W,0,0.6466638,0.09693454951047897,0.6756496429443359,0.6565605998039246
YKL220C,YMR189W,0,0.6466018,0.0969211682677269,0.6756496429443359,0.6566609740257263
YGR134W,YNL082W,0,0.6465454,0.09690778702497482,0.6756496429443359,0.6567613482475281
YGR285C,YMR203W,0,0.64654464,0.09689441323280334,0.6756496429443359,0.6568617820739746
YJL144W,YMR110C,0,0.64653933,0.09688103944063187,0.6756496429443359,0.6569621562957764
YIL050W,YJL094C,0,0.6465096,0.09686767309904099,0.6756496429443359,0.6570625305175781
YLR206W,YPR057W,0,0.646333,0.0968543067574501,0.6756496429443359,0.6571629643440247
YDL160C,YJL155C,0,0.64627355,0.09684094041585922,0.6756496429443359,0.6572633385658264
YMR288W,YNL021W,0,0.6461729,0.09682758897542953,0.6756496429443359,0.6573637127876282
YLR260W,YPR183W,0,0.6461557,0.09681423008441925,0.6756496429443359,0.6574640870094299
YGR017W,YLR309C,0,0.646115,0.09680088609457016,0.6756496429443359,0.6575645208358765
YDR153C,YOR126C,0,0.6460945,0.09678753465414047,0.6756496429443359,0.6576648950576782
YMR034C,YKL198C,1,0.6460855,0.09691204875707626,0.676612138748169,0.6576648950576782
YML049C,YPL217C,0,0.6459518,0.09689868986606598,0.676612138748169,0.65776526927948
YJL094C,YPL265W,1,0.64585054,0.09702315181493759,0.6775745749473572,0.65776526927948
YGL189C,YGR276C,0,0.6458329,0.09700978547334671,0.6775745749473572,0.6578657031059265
YBR010W,YFR031C,0,0.64580214,0.09699641913175583,0.6775745749473572,0.6579660773277283
YDR127W,YBR042C,0,0.64565885,0.09698305279016495,0.6775745749473572,0.65806645154953
YPL232W,YLL023C,0,0.6456429,0.09696969389915466,0.6775745749473572,0.6581668257713318
YCR016W,YGR244C,0,0.6456282,0.09695634245872498,0.6775745749473572,0.6582672595977783
YOR294W,YPR095C,0,0.64561105,0.09694299101829529,0.6775745749473572,0.6583676338195801
YHR012W,YDR057W,0,0.6454952,0.0969296470284462,0.6775745749473572,0.6584680080413818
YMR230W,YBL011W,0,0.6454786,0.0969163030385971,0.6775745749473572,0.6585684418678284
YGL010W,YFR018C,0,0.64545304,0.09690295904874802,0.6775745749473572,0.6586688160896301
YOR033C,YDR072C,0,0.64540994,0.09688962250947952,0.6775745749473572,0.6587691903114319
YNL107W,YKR067W,0,0.6453259,0.09687629342079163,0.6775745749473572,0.6588695645332336
YPL244C,YJL214W,1,0.6452501,0.09700054675340652,0.6785370707511902,0.6588695645332336
YDL021W,YNL326C,0,0.64522827,0.09698720276355743,0.6785370707511902,0.6589699983596802
YPL235W,YLR442C,0,0.6451909,0.09697386622428894,0.6785370707511902,0.6590703725814819
YOL069W,YNL111C,0,0.6451747,0.09696052968502045,0.6785370707511902,0.6591707468032837
YLR442C,YDR208W,0,0.64514554,0.09694719314575195,0.6785370707511902,0.6592711806297302
YEL060C,YNL314W,0,0.64509594,0.09693386405706406,0.6785370707511902,0.659371554851532
YMR133W,YOR034C,0,0.6450785,0.09692054241895676,0.6785370707511902,0.6594719290733337
YDR020C,YFR034C,0,0.6450614,0.09690721333026886,0.6785370707511902,0.6595723032951355
YMR167W,YPL047W,0,0.6448938,0.09689389914274216,0.6785370707511902,0.659672737121582
YNL254C,YBR038W,0,0.64489377,0.09688058495521545,0.6785370707511902,0.6597731113433838
YDL148C,YHR084W,0,0.6448561,0.09686727076768875,0.6785370707511902,0.6598734855651855
YDR217C,YHR005C-A,0,0.64484125,0.09685396403074265,0.6785370707511902,0.6599739193916321
YLL005C,YMR304W,0,0.64482695,0.09684065729379654,0.6785370707511902,0.6600742936134338
YPR100W,YJR041C,0,0.64481395,0.09682735800743103,0.6785370707511902,0.6601746678352356
YBL091C-A,YGL126W,0,0.6447756,0.09681405872106552,0.6785370707511902,0.6602751016616821
YGR171C,YNL102W,0,0.64477175,0.09680076688528061,0.6785370707511902,0.6603754758834839
YHL022C,YMR021C,0,0.64466953,0.0967874825000763,0.6785370707511902,0.6604758501052856
YKR075C,YPL179W,0,0.6446654,0.09677419066429138,0.6785370707511902,0.6605762243270874
YML045W,YLR328W,0,0.6446549,0.09676091372966766,0.6785370707511902,0.6606766581535339
YBR125C,YLR451W,0,0.6446457,0.09674762934446335,0.6785370707511902,0.6607770323753357
YML030W,YDR508C,1,0.6445013,0.09687156975269318,0.6794995069503784,0.6607770323753357
YMR049C,YCR020W-B,0,0.64446807,0.09685827791690826,0.6794995069503784,0.6608774065971375
YBR293W,YPR173C,0,0.64445317,0.09684499353170395,0.6794995069503784,0.660977840423584
YKL095W,YLR073C,0,0.64438117,0.09683170914649963,0.6794995069503784,0.6610782146453857
YEL004W,YDR260C,0,0.64432776,0.09681843221187592,0.6794995069503784,0.6611785888671875
YJR131W,YLR247C,0,0.6442704,0.0968051552772522,0.6794995069503784,0.6612789630889893
YML030W,YLL001W,1,0.644204,0.09692898392677307,0.6804620027542114,0.6612789630889893
YEL053C,YPL218W,0,0.64378834,0.09691569209098816,0.6804620027542114,0.6613793969154358
YBR238C,YFL025C,0,0.6437173,0.09690241515636444,0.6804620027542114,0.6614797711372375
YIL035C,YOL016C,0,0.6436628,0.09688913077116013,0.6804620027542114,0.6615801453590393
YDL168W,YOL066C,0,0.6435901,0.09687585383653641,0.6804620027542114,0.6616805791854858
YDR480W,YDR350C,0,0.6435616,0.09686258435249329,0.6804620027542114,0.6617809534072876
YLR229C,YBL016W,0,0.6435131,0.09684931486845016,0.6804620027542114,0.6618813276290894
YJR040W,YFR021W,0,0.64351237,0.09683605283498764,0.6804620027542114,0.6619817018508911
YER139C,YGL171W,0,0.6434572,0.09682279080152512,0.6804620027542114,0.6620821356773376
YKL085W,YKL073W,0,0.6434048,0.09680952876806259,0.6804620027542114,0.6621825098991394
YDR508C,YCR027C,1,0.64338875,0.09693318605422974,0.6814244389533997,0.6621825098991394
YCL054W,YBR168W,0,0.6433529,0.09691991657018661,0.6814244389533997,0.6622828841209412
YDR006C,YDL015C,0,0.643273,0.09690665453672409,0.6814244389533997,0.6623833179473877
YPL087W,YGL256W,0,0.64321566,0.09689339250326157,0.6814244389533997,0.6624836921691895
YPR011C,YNL076W,0,0.6430501,0.09688013046979904,0.6814244389533997,0.6625840663909912
YDR470C,YNL021W,0,0.6430151,0.09686687588691711,0.6814244389533997,0.662684440612793
YIR011C,YGL184C,0,0.6429686,0.09685362875461578,0.6814244389533997,0.6627848744392395
YMR076C,YJR070C,0,0.6429467,0.09684037417173386,0.6814244389533997,0.6628852486610413
YNL316C,YCR008W,0,0.64290947,0.09682713449001312,0.6814244389533997,0.662985622882843
YDL139C,YDL024C,0,0.6428093,0.09681389480829239,0.6814244389533997,0.6630860567092896
YER144C,YDL239C,0,0.64280903,0.09680065512657166,0.6814244389533997,0.6631864309310913
YDL081C,YDL045W-A,0,0.64276373,0.09678742289543152,0.6814244389533997,0.6632868051528931
YNR069C,YOR086C,0,0.6426746,0.09677419066429138,0.6814244389533997,0.6633872389793396
YPR155C,YPL050C,0,0.6425675,0.09676096588373184,0.6814244389533997,0.6634876132011414
YNL236W,YLR340W,0,0.64251286,0.0967477485537529,0.6814244389533997,0.6635879874229431
YIL031W,YHR109W,0,0.6424374,0.09673452377319336,0.6814244389533997,0.6636883616447449
YKR068C,YLL054C,0,0.6423943,0.09672131389379501,0.6814244389533997,0.6637887954711914
YDL072C,YLL043W,0,0.64238334,0.09670809656381607,0.6814244389533997,0.6638891696929932
YPL002C,YNL088W,0,0.64234656,0.09669489413499832,0.6814244389533997,0.6639895439147949
YDR156W,YBL097W,0,0.6422063,0.09668168425559998,0.6814244389533997,0.6640899777412415
YBR102C,YGL055W,0,0.6419829,0.09666848927736282,0.6814244389533997,0.6641903519630432
YHR072W-A,YML109W,0,0.64197934,0.09665528684854507,0.6814244389533997,0.664290726184845
YBL013W,YDR148C,0,0.6419594,0.09664209932088852,0.6814244389533997,0.6643911004066467
YPR120C,YNL307C,0,0.6419293,0.09662890434265137,0.6814244389533997,0.6644915342330933
YNL117W,YIL017C,0,0.6419083,0.09661571681499481,0.6814244389533997,0.664591908454895
YLR042C,YNR054C,0,0.6417506,0.09660253673791885,0.6814244389533997,0.6646922826766968
YDR498C,YDR513W,0,0.6416949,0.0965893566608429,0.6814244389533997,0.6647927165031433
YOL045W,YNL323W,0,0.6416524,0.09657618403434753,0.6814244389533997,0.6648930907249451
YFL010W-A,YOL098C,0,0.6416193,0.09656301140785217,0.6814244389533997,0.6649934649467468
YDL214C,YCR023C,0,0.6416105,0.09654984623193741,0.6814244389533997,0.6650938391685486
YDR040C,YPL055C,0,0.6415532,0.09653668105602264,0.6814244389533997,0.6651942729949951
YPR058W,YMR118C,0,0.6415189,0.09652351588010788,0.6814244389533997,0.6652946472167969
YOR197W,YKL029C,0,0.64145744,0.09651035815477371,0.6814244389533997,0.6653950214385986
YMR301C,YHL008C,1,0.6413682,0.09663350135087967,0.6823869347572327,0.6653950214385986
YLR333C,YOR020C,0,0.64136267,0.0966203361749649,0.6823869347572327,0.6654954552650452
YDL239C,YGR090W,0,0.641242,0.09660716354846954,0.6823869347572327,0.6655958294868469
YLR404W,YAL005C,0,0.6410481,0.09659400582313538,0.6823869347572327,0.6656962037086487
YJR014W,YHR191C,0,0.64103323,0.09658084809780121,0.6823869347572327,0.6657965779304504
YMR270C,YNL006W,0,0.640941,0.09656769037246704,0.6823869347572327,0.665897011756897
YDL119C,YGL160W,1,0.6409339,0.09669072926044464,0.6833493709564209,0.665897011756897
YEL062W,YLL042C,0,0.6409328,0.09667755663394928,0.6833493709564209,0.6659973859786987
YDR317W,YLR175W,0,0.6408662,0.09666439890861511,0.6833493709564209,0.6660977602005005
YDL135C,YBR005W,0,0.6408517,0.09665124118328094,0.6833493709564209,0.666198194026947
YOL051W,YML110C,0,0.64085126,0.09663808345794678,0.6833493709564209,0.6662985682487488
YBR127C,YLL043W,1,0.64082575,0.09676102548837662,0.6843118667602539,0.6662985682487488
YER178W,YHR005C,0,0.64079887,0.09674786031246185,0.6843118667602539,0.6663989424705505
YKR035W-A,YLR003C,0,0.64068496,0.09673469513654709,0.6843118667602539,0.6664993762969971
YJR036C,YBL019W,0,0.6404539,0.09672153741121292,0.6843118667602539,0.6665997505187988
YKR089C,YGL130W,0,0.6404513,0.09670837968587875,0.6843118667602539,0.6667001247406006
YMR025W,YKL025C,0,0.64044964,0.09669522941112518,0.6843118667602539,0.6668004989624023
YER060W-A,YKL096W-A,0,0.64036965,0.09668207913637161,0.6843118667602539,0.6669009327888489
YDL059C,YNL006W,0,0.6402205,0.09666893631219864,0.6843118667602539,0.6670013070106506
YOL091W,YBR212W,0,0.640211,0.09665579348802567,0.6843118667602539,0.6671016812324524
YDR354W,YPL020C,0,0.6401906,0.09664265066385269,0.6843118667602539,0.6672021150588989
YNR072W,YPL049C,0,0.6399023,0.09662951529026031,0.6843118667602539,0.6673024892807007
YMR207C,YOR115C,0,0.63984287,0.09661638736724854,0.6843118667602539,0.6674028635025024
YBL085W,YOL049W,0,0.6396332,0.09660325944423676,0.6843118667602539,0.6675032377243042
YCR048W,YLR325C,0,0.6394413,0.09659013897180557,0.6843118667602539,0.6676036715507507
YOR002W,YLR395C,0,0.6394149,0.09657701849937439,0.6843118667602539,0.6677040457725525
YPL112C,YNL138W-A,0,0.6393994,0.0965638980269432,0.6843118667602539,0.6678044199943542
YEL024W,YOR137C,1,0.6393803,0.09668658673763275,0.6852743029594421,0.6678044199943542
YKL026C,YAL068C,0,0.6390891,0.09667345881462097,0.6852743029594421,0.6679048538208008
YLR219W,YDR243C,0,0.6390788,0.09666033089160919,0.6852743029594421,0.6680052280426025
YBL028C,YJL103C,0,0.63899815,0.09664721041917801,0.6852743029594421,0.6681056022644043
YJR046W,YPL088W,0,0.6388106,0.09663408994674683,0.6852743029594421,0.668205976486206
YFL001W,YJL134W,0,0.63859814,0.09662097692489624,0.6852743029594421,0.6683064103126526
YPL234C,YNL161W,0,0.6385347,0.09660787135362625,0.6852743029594421,0.6684067845344543
YGR040W,YCR008W,0,0.6384181,0.09659476578235626,0.6852743029594421,0.6685071587562561
YHR005C-A,YBL091C,0,0.63836896,0.09658166021108627,0.6852743029594421,0.6686075925827026
YCR034W,YJL209W,0,0.63829637,0.09656856209039688,0.6852743029594421,0.6687079668045044
YKL022C,YNL071W,0,0.63823026,0.09655546396970749,0.6852743029594421,0.6688083410263062
YDR308C,YLR226W,0,0.6381941,0.0965423732995987,0.6852743029594421,0.6689087152481079
YLR275W,YNR051C,0,0.638134,0.0965292826294899,0.6852743029594421,0.6690091490745544
YIL114C,YPR036W,1,0.6380545,0.09665175527334213,0.6862367391586304,0.6690091490745544
YDL226C,YLR185W,0,0.6380101,0.09663865715265274,0.6862367391586304,0.6691095232963562
YJL085W,YPL239W,0,0.6378795,0.09662555903196335,0.6862367391586304,0.669209897518158
YCR102C,YML086C,0,0.6378747,0.09661246836185455,0.6862367391586304,0.6693103313446045
YPR196W,YPL079W,0,0.63785946,0.09659937769174576,0.6862367391586304,0.6694107055664062
YCR098C,YLR047C,1,0.6377561,0.09672175347805023,0.6871992349624634,0.6694107055664062
YGL011C,YKL186C,0,0.6376785,0.09670865535736084,0.6871992349624634,0.669511079788208
YDR262W,YPL056C,0,0.6376209,0.09669555723667145,0.6871992349624634,0.6696115136146545
YNL250W,YCL068C,0,0.63757896,0.09668246656656265,0.6871992349624634,0.6697118878364563
YLR157C,YER149C,0,0.63754505,0.09666937589645386,0.6871992349624634,0.6698122620582581
YMR072W,YIL052C,0,0.637411,0.09665628522634506,0.6871992349624634,0.6699126362800598
YOL089C,YBL050W,0,0.63725597,0.09664320200681686,0.6871992349624634,0.6700130701065063
YEL060C,YKL220C,0,0.6371763,0.09663012623786926,0.6871992349624634,0.6701134443283081
YAL001C,YPR185W,0,0.6371632,0.09661705046892166,0.6871992349624634,0.6702138185501099
YOL052C-A,YAR031W,0,0.63710135,0.09660397469997406,0.6871992349624634,0.6703142523765564
YDR255C,YDR200C,0,0.6370703,0.09659090638160706,0.6871992349624634,0.6704146265983582
YBL051C,YPR100W,0,0.6370107,0.09657784551382065,0.6871992349624634,0.6705150008201599
YDL156W,YMR277W,0,0.6369972,0.09656478464603424,0.6871992349624634,0.6706153750419617
YFL041W,YDR205W,1,0.6369858,0.096686951816082,0.6881616711616516,0.6706153750419617
YDR498C,YPL018W,0,0.636922,0.0966738760471344,0.6881616711616516,0.6707158088684082
YNL281W,YCL026C-B,0,0.6368728,0.0966608077287674,0.6881616711616516,0.67081618309021
YMR227C,YBR274W,0,0.6368195,0.09664773941040039,0.6881616711616516,0.6709165573120117
YJR160C,YJL219W,1,0.6367594,0.09676983207464218,0.6891241669654846,0.6709165573120117
YHR047C,YLR165C,0,0.63667434,0.09675675630569458,0.6891241669654846,0.6710169911384583
YOR054C,YPL124W,0,0.6366297,0.09674368053674698,0.6891241669654846,0.67111736536026
YDR184C,YGR229C,0,0.6366087,0.09673061221837997,0.6891241669654846,0.6712177395820618
YFR040W,YBL042C,0,0.6366041,0.09671754390001297,0.6891241669654846,0.6713181138038635
YLR388W,YLR056W,0,0.6365798,0.09670448303222656,0.6891241669654846,0.6714185476303101
YFR029W,YCL040W,0,0.6365545,0.09669142216444016,0.6891241669654846,0.6715189218521118
YDR040C,YER069W,0,0.6364631,0.09667836874723434,0.6891241669654846,0.6716192960739136
YKR086W,YMR293C,0,0.63638073,0.09666531533002853,0.6891241669654846,0.6717197299003601
YPL010W,YDR517W,0,0.6363342,0.09665226936340332,0.6891241669654846,0.6718201041221619
YCR018C,YLR067C,0,0.6362996,0.0966392233967781,0.6891241669654846,0.6719204783439636
YOL098C,YOR363C,0,0.63629735,0.0966261774301529,0.6891241669654846,0.6720208525657654
YBR182C,YDR162C,0,0.6361947,0.09661313891410828,0.6891241669654846,0.6721212863922119
YBL100W-B,YDR450W,0,0.6360964,0.09660010784864426,0.6891241669654846,0.6722216606140137
YBR052C,YDR073W,0,0.63591635,0.09658707678318024,0.6891241669654846,0.6723220348358154
YNR013C,YGR289C,1,0.63591605,0.09670893102884293,0.6900866031646729,0.6723220348358154
YDR468C,YPL274W,0,0.6356618,0.09669588506221771,0.6900866031646729,0.672422468662262
YOL026C,YMR323W,0,0.6355499,0.0966828465461731,0.6900866031646729,0.6725228428840637
YNL067W,YCR020W-B,0,0.6354756,0.09666981548070908,0.6900866031646729,0.6726232171058655
YNL233W,YDR188W,0,0.6354645,0.09665678441524506,0.6900866031646729,0.672723650932312
YIL076W,YOR215C,0,0.6354331,0.09664375334978104,0.6900866031646729,0.6728240251541138
YGR138C,YOR137C,1,0.6354116,0.09676549583673477,0.6910490989685059,0.6728240251541138
YCL044C,YOL034W,0,0.6352545,0.09675245732069016,0.6910490989685059,0.6729243993759155
YNL035C,YNR053C,0,0.6352467,0.09673942625522614,0.6910490989685059,0.6730247735977173
YGL130W,YBL105C,0,0.6351956,0.09672638773918152,0.6910490989685059,0.6731252074241638
YLL002W,YPL203W,0,0.63494885,0.0967133641242981,0.6910490989685059,0.6732255816459656
YPL249C-A,YER165W,0,0.6349486,0.09670033305883408,0.6910490989685059,0.6733259558677673
YOR148C,YNL134C,0,0.6348798,0.09668731689453125,0.6910490989685059,0.6734263896942139
YNL094W,YGL183C,0,0.6348529,0.09667429327964783,0.6910490989685059,0.6735267639160156
YBR146W,YLR071C,0,0.6348474,0.0966612845659256,0.6910490989685059,0.6736271381378174
YBL091C,YKL062W,0,0.6348385,0.09664826840162277,0.6910490989685059,0.6737275123596191
YJL129C,YOR348C,1,0.6348275,0.09676985442638397,0.6920115351676941,0.6737275123596191
YDR110W,YPL253C,0,0.6346998,0.09675683081150055,0.6920115351676941,0.6738279461860657
YFR044C,YNL247W,0,0.63451105,0.09674380719661713,0.6920115351676941,0.6739283204078674
YGL226C-A,YNL328C,0,0.6344905,0.0967307984828949,0.6920115351676941,0.6740286946296692
YLL005C,YLR360W,0,0.6344464,0.09671778231859207,0.6920115351676941,0.6741291284561157
YOR125C,YLL067C,0,0.63434756,0.09670477360486984,0.6920115351676941,0.6742295026779175
YGR078C,YAL063C,0,0.6342759,0.09669177234172821,0.6920115351676941,0.6743298768997192
YCR102C,YDR190C,0,0.6342176,0.09667877107858658,0.6920115351676941,0.674430251121521
YJR047C,YKL090W,0,0.6342112,0.09666576981544495,0.6920115351676941,0.6745306849479675
YIL156W,YGL139W,0,0.63417375,0.09665277600288391,0.6920115351676941,0.6746310591697693
YPL047W,YML014W,0,0.63411653,0.09663978219032288,0.6920115351676941,0.674731433391571
YDR040C,YLR092W,1,0.6341118,0.09676118940114975,0.6929740309715271,0.674731433391571
YKL146W,YOL158C,1,0.6340518,0.09688255935907364,0.6939364671707153,0.674731433391571
YPL072W,YBL097W,0,0.6338459,0.09686954319477081,0.6939364671707153,0.6748318672180176
YDL140C,YGR296W,0,0.6336476,0.09685652703046799,0.6939364671707153,0.6749322414398193
YIL114C,YPR201W,1,0.6335304,0.0969778373837471,0.6948989629745483,0.6749322414398193
YMR266W,YML121W,1,0.63351905,0.09709911048412323,0.6958613991737366,0.6749322414398193
YIL162W,YOL034W,0,0.63326067,0.09708607196807861,0.6958613991737366,0.6750326156616211
YJR056C,YFL005W,0,0.63325816,0.0970730409026146,0.6958613991737366,0.6751329898834229
YPL152W,YBR239C,0,0.6332433,0.09706000983715057,0.6958613991737366,0.6752334237098694
YOL112W,YOL020W,0,0.6332252,0.09704697877168655,0.6958613991737366,0.6753337979316711
YGR033C,YCR023C,0,0.6331997,0.09703395515680313,0.6958613991737366,0.6754341721534729
YOL077W-A,YLR081W,1,0.6331168,0.0971551239490509,0.6968238949775696,0.6754341721534729
YJR107W,YMR105C,0,0.6330868,0.09714209288358688,0.6968238949775696,0.6755346059799194
YJR119C,YER078C,0,0.63290405,0.09712906181812286,0.6968238949775696,0.6756349802017212
YBR149W,YHR124W,0,0.63279796,0.09711603075265884,0.6968238949775696,0.675735354423523
YPR095C,YAL048C,0,0.6327168,0.09710300713777542,0.6968238949775696,0.6758357882499695
YLR017W,YPL209C,0,0.6326448,0.097089983522892,0.6968238949775696,0.6759361624717712
YOR130C,YFL026W,0,0.6326086,0.09707696735858917,0.6968238949775696,0.676036536693573
YJR095W,YGL201C,0,0.63245344,0.09706395119428635,0.6968238949775696,0.6761369109153748
YJR092W,YPL083C,0,0.6323788,0.09705093502998352,0.6968238949775696,0.6762373447418213
YNL123W,YKL061W,0,0.63225955,0.09703793376684189,0.6968238949775696,0.676337718963623
YPR174C,YLR160C,0,0.63224655,0.09702492505311966,0.6968238949775696,0.6764380931854248
YCR093W,YPL098C,0,0.6321206,0.09701192378997803,0.6968238949775696,0.6765385270118713
YOR086C,YDR079C-A,0,0.6320532,0.09699892997741699,0.6968238949775696,0.6766389012336731
YHR091C,YOL055C,0,0.63197577,0.09698593616485596,0.6968238949775696,0.6767392754554749
YDR191W,YGR108W,0,0.6318629,0.09697294235229492,0.6968238949775696,0.6768396496772766
YER013W,YKL090W,0,0.63179946,0.09695995599031448,0.6968238949775696,0.6769400835037231
YNR063W,YJL138C,0,0.6317438,0.09694697707891464,0.6968238949775696,0.6770404577255249
YER016W,YNL122C,0,0.6315889,0.0969339907169342,0.6968238949775696,0.6771408319473267
YLR316C,YCR058C,0,0.63157094,0.09692101925611496,0.6968238949775696,0.6772412657737732
YOR207C,YOL009C,0,0.6315633,0.09690804779529572,0.6968238949775696,0.677341639995575
YMR318C,YDL124W,0,0.6315079,0.09689507633447647,0.6968238949775696,0.6774420142173767
YPR156C,YOR307C,1,0.63148314,0.09701592475175858,0.6977863311767578,0.6774420142173767
YBR096W,YOR295W,0,0.6314386,0.09700294584035873,0.6977863311767578,0.6775423884391785
YPL213W,YMR176W,0,0.63135695,0.09698996692895889,0.6977863311767578,0.677642822265625
YKL217W,YML121W,1,0.63134587,0.09711075574159622,0.698748767375946,0.677642822265625
YOR298C-A,YAR033W,0,0.6312761,0.09709776937961578,0.698748767375946,0.6777431964874268
YDL022W,YBR045C,0,0.6312544,0.09708478301763535,0.698748767375946,0.6778435707092285
YMR226C,YMR089C,0,0.631176,0.0970718041062355,0.698748767375946,0.677944004535675
YIL015W,YML030W,0,0.6311526,0.09705882519483566,0.698748767375946,0.6780443787574768
YDR534C,YJR158W,1,0.6311402,0.09717952460050583,0.699711263179779,0.6780443787574768
YGL032C,YGL212W,0,0.6310473,0.0971665307879448,0.699711263179779,0.6781447529792786
YDR159W,YJR057W,0,0.6310208,0.09715354442596436,0.699711263179779,0.6782451272010803
YHL022C,YIL023C,0,0.6309835,0.09714056551456451,0.699711263179779,0.6783455610275269
YPR104C,YNL038W,0,0.63098013,0.09712758660316467,0.699711263179779,0.6784459352493286
YBR207W,YHL036W,1,0.63089514,0.09724819660186768,0.7006736993789673,0.6784459352493286
YJL213W,YOL027C,0,0.6308906,0.09723521023988724,0.7006736993789673,0.6785463094711304
YAL047C,YNL110C,0,0.63085127,0.0972222238779068,0.7006736993789673,0.6786467432975769
YIL158W,YDR415C,0,0.63082016,0.09720923751592636,0.7006736993789673,0.6787471175193787
YHR059W,YMR270C,0,0.63077676,0.09719625860452652,0.7006736993789673,0.6788474917411804
YOL027C,YMR308C,0,0.630751,0.09718328714370728,0.7006736993789673,0.678947925567627
YGL080W,YBR291C,1,0.63074577,0.09730379283428192,0.7016361951828003,0.678947925567627
YLL052C,YBL084C,0,0.63071746,0.09729080647230148,0.7016361951828003,0.6790482997894287
YEL029C,YML093W,0,0.6306853,0.09727782011032104,0.7016361951828003,0.6791486740112305
YOL091W,YKR019C,0,0.630574,0.0972648411989212,0.7016361951828003,0.6792490482330322
YKL185W,YGR055W,0,0.63051176,0.09725186973810196,0.7016361951828003,0.6793494820594788
YER038C,YJL091C,0,0.6304978,0.09723889827728271,0.7016361951828003,0.6794498562812805
YOR313C,YOR118W,0,0.63048685,0.09722592681646347,0.7016361951828003,0.6795502305030823
YMR104C,YLR426W,0,0.6304606,0.09721296280622482,0.7016361951828003,0.6796506643295288
YGL085W,YLR409C,0,0.6304245,0.09719999879598618,0.7016361951828003,0.6797510385513306
YDL247W,YDR409W,0,0.63039625,0.09718704223632812,0.7016361951828003,0.6798514127731323
YPL117C,YGL085W,0,0.63032734,0.09717408567667007,0.7016361951828003,0.6799517869949341
YKR079C,YOL128C,0,0.6302886,0.09716113656759262,0.7016361951828003,0.6800522208213806
YER118C,YLR395C,0,0.6302751,0.09714818745851517,0.7016361951828003,0.6801525950431824
YBR043C,YPL122C,0,0.63018155,0.09713524580001831,0.7016361951828003,0.6802529692649841
YBR296C,YJL193W,1,0.630162,0.09725552797317505,0.7025986313819885,0.6802529692649841
YDR184C,YDR078C,0,0.6300986,0.097242571413517,0.7025986313819885,0.6803534030914307
YNL219C,YDR262W,0,0.6300955,0.09722962230443954,0.7025986313819885,0.6804537773132324
YNL056W,YBR239C,0,0.6300144,0.09721667319536209,0.7025986313819885,0.6805541515350342
YFR019W,YDR323C,0,0.6300009,0.09720373153686523,0.7025986313819885,0.6806545257568359
YLR362W,YLR028C,0,0.62987816,0.09719078987836838,0.7025986313819885,0.6807549595832825
YOL013C,YGL250W,0,0.6298232,0.09717784821987152,0.7025986313819885,0.6808553338050842
YOR283W,YPR180W,0,0.6297981,0.09716491401195526,0.7025986313819885,0.680955708026886
YJL098W,YOR328W,0,0.6296284,0.097151979804039,0.7025986313819885,0.6810561418533325
YPL198W,YOR188W,0,0.6296184,0.09713905304670334,0.7025986313819885,0.6811565160751343
YLR006C,YOL009C,0,0.6295991,0.09712613373994827,0.7025986313819885,0.681256890296936
YJR099W,YBR112C,0,0.6295887,0.09711320698261261,0.7025986313819885,0.6813572645187378
YFL024C,YDR545W,0,0.62947255,0.09710029512643814,0.7025986313819885,0.6814576983451843
YJR088C,YKL061W,0,0.6293591,0.09708737581968307,0.7025986313819885,0.6815580725669861
YPL010W,YLR077W,0,0.6292076,0.0970744714140892,0.7025986313819885,0.6816584467887878
YEL031W,YHR091C,0,0.6291635,0.09706155955791473,0.7025986313819885,0.6817588806152344
YKL138C-A,YDL145C,0,0.62907135,0.09704865515232086,0.7025986313819885,0.6818592548370361
YER044C-A,YKL213C,0,0.6290368,0.09703575819730759,0.7025986313819885,0.6819596290588379
YDR500C,YNL247W,0,0.6288656,0.09702286124229431,0.7025986313819885,0.6820600628852844
YOR353C,YGL070C,0,0.6287677,0.09700996428728104,0.7025986313819885,0.6821604371070862
YLR044C,YCR097WB,0,0.62875015,0.09699707478284836,0.7025986313819885,0.6822608113288879
YMR134W,YER019C-A,0,0.6287402,0.09698419272899628,0.7025986313819885,0.6823611855506897
YJL162C,YHR128W,0,0.628694,0.0969713106751442,0.7025986313819885,0.6824616193771362
YOR027W,YGL129C,0,0.62867767,0.09695842862129211,0.7025986313819885,0.682561993598938
YGR249W,YKL160W,0,0.628598,0.09694555401802063,0.7025986313819885,0.6826623678207397
YGL153W,YDR346C,0,0.62855077,0.09693267941474915,0.7025986313819885,0.6827628016471863
YJR117W,YOL135C,0,0.62854636,0.09691981226205826,0.7025986313819885,0.682863175868988
YNR003C,YNL008C,0,0.62851954,0.09690694510936737,0.7025986313819885,0.6829635500907898
YIL038C,YGR052W,0,0.62846005,0.09689407795667648,0.7025986313819885,0.6830639243125916
YIL083C,YMR277W,0,0.6284524,0.09688121825456619,0.7025986313819885,0.6831643581390381
YEL022W,YKL149C,0,0.628446,0.0968683660030365,0.7025986313819885,0.6832647323608398
YDL087C,YPR083W,0,0.62838864,0.0968555137515068,0.7025986313819885,0.6833651065826416
YOR381W,YFL011W,1,0.62834597,0.09697532653808594,0.7035611271858215,0.6833651065826416
YLR191W,YIL120W,0,0.6283238,0.09696245938539505,0.7035611271858215,0.6834655404090881
YER178W,YMR309C,0,0.6282133,0.09694959968328476,0.7035611271858215,0.6835659146308899
YDR261C,YDR361C,0,0.62821066,0.09693674743175507,0.7035611271858215,0.6836662888526917
YHR162W,YOR071C,1,0.628148,0.09705648571252823,0.7045235633850098,0.6836662888526917
YFL008W,YPL083C,0,0.62801856,0.09704361855983734,0.7045235633850098,0.6837666630744934
YOR142W,YIL143C,0,0.62795246,0.09703075140714645,0.7045235633850098,0.6838670969009399
YKR025W,YDR180W,0,0.6277573,0.09701789170503616,0.7045235633850098,0.6839674711227417
YBR296C,YOR317W,1,0.62755203,0.09713755548000336,0.7054860591888428,0.6839674711227417
YJR125C,YNL051W,0,0.6274964,0.09712468832731247,0.7054860591888428,0.6840678453445435
YJL123C,YDR457W,0,0.6274461,0.09711182117462158,0.7054860591888428,0.68416827917099
YER008C,YNL326C,0,0.627395,0.0970989540219307,0.7054860591888428,0.6842686533927917
YPL213W,YGR266W,0,0.62731653,0.0970860943198204,0.7054860591888428,0.6843690276145935
YBL092W,YFL066C,0,0.627125,0.09707323461771011,0.7054860591888428,0.6844694018363953
YGR090W,YMR315W,0,0.62708277,0.09706038236618042,0.7054860591888428,0.6845698356628418
YOR208W,YDL039C,0,0.6270545,0.09704753011465073,0.7054860591888428,0.6846702098846436
YNL156C,YDR189W,0,0.62704235,0.09703468531370163,0.7054860591888428,0.6847705841064453
YIL170W,YIL023C,0,0.6269645,0.09702184051275253,0.7054860591888428,0.6848710179328918
YEL069C,YNL093W,0,0.6268302,0.09700900316238403,0.7054860591888428,0.6849713921546936
YLR224W,YDL198C,0,0.62679595,0.09699616581201553,0.7054860591888428,0.6850717663764954
YCR002C,YKL139W,0,0.62677985,0.09698332846164703,0.7054860591888428,0.6851722002029419
YDL122W,YPR140W,0,0.62674546,0.09697049856185913,0.7054860591888428,0.6852725744247437
YNL123W,YPL001W,0,0.62670445,0.09695766866207123,0.7054860591888428,0.6853729486465454
YGL077C,YCL008C,1,0.6266707,0.09707710891962051,0.706448495388031,0.6853729486465454
YBR202W,YGR004W,0,0.6266656,0.09706427156925201,0.706448495388031,0.6854733228683472
YML001W,YDL214C,0,0.6266252,0.09705143421888351,0.706448495388031,0.6855737566947937
YBL026W,YLR182W,0,0.6265907,0.09703860431909561,0.706448495388031,0.6856741309165955
YMR034C,YKL165C,1,0.626514,0.09715796262025833,0.707410991191864,0.6856741309165955
YOR336W,YOR148C,0,0.6263515,0.09714512526988983,0.707410991191864,0.6857745051383972
YNL036W,YGL107C,0,0.6262448,0.09713228791952133,0.707410991191864,0.6858749389648438
YLR299W,YDR131C,0,0.6261536,0.09711945056915283,0.707410991191864,0.6859753131866455
YJL168C,YNL176C,0,0.6261147,0.09710662066936493,0.707410991191864,0.6860756874084473
YLR421C,YBR161W,0,0.6260607,0.09709379076957703,0.707410991191864,0.686176061630249
YMR162C,YOR144C,0,0.6260431,0.09708096832036972,0.707410991191864,0.6862764954566956
YBR141C,YPR008W,0,0.62591434,0.09706814587116241,0.707410991191864,0.6863768696784973
YDL207W,YLR033W,0,0.62589574,0.0970553308725357,0.707410991191864,0.6864772439002991
YLR248W,YOR274W,0,0.6258718,0.097042515873909,0.707410991191864,0.6865776777267456
YHR191C,YDR176W,0,0.6256909,0.09702970087528229,0.707410991191864,0.6866780519485474
YPR199C,YPL138C,0,0.62567955,0.09701689332723618,0.707410991191864,0.6867784261703491
YDR480W,YDL181W,0,0.6255588,0.09700409322977066,0.707410991191864,0.6868788003921509
YIL085C,YKL095W,0,0.62554145,0.09699129313230515,0.707410991191864,0.6869792342185974
YLR219W,YDR389W,0,0.62553203,0.09697849303483963,0.707410991191864,0.6870796084403992
YLR348C,YPL128C,0,0.6254785,0.09696570038795471,0.707410991191864,0.6871799826622009
YMR234W,YDR365C,0,0.6252969,0.0969529077410698,0.707410991191864,0.6872804164886475
YKR053C,YBL071W-A,0,0.62529534,0.09694012254476547,0.707410991191864,0.6873807907104492
YML047C,YHR001W-A,1,0.6252469,0.0970592126250267,0.7083734273910522,0.6873807907104492
YJL035C,YPR175W,0,0.62515205,0.09704641252756119,0.7083734273910522,0.687481164932251
YLR323C,YIL005W,0,0.6250742,0.09703361988067627,0.7083734273910522,0.6875815391540527
YOR283W,YHL002W,0,0.625048,0.09702082723379135,0.7083734273910522,0.6876819729804993
YER060W-A,YJL123C,0,0.62498266,0.09700804203748703,0.7083734273910522,0.687782347202301
YML069W,YOR239W,0,0.6249447,0.09699525684118271,0.7083734273910522,0.6878827214241028
YOR017W,YDL119C,0,0.62490225,0.09698247164487839,0.7083734273910522,0.6879831552505493
YKR087C,YLR308W,0,0.6248292,0.09696969389915466,0.7083734273910522,0.6880835294723511
YHR066W,YPL175W,0,0.6248276,0.09695692360401154,0.7083734273910522,0.6881839036941528
YDR441C,YML055W,0,0.6247808,0.09694415330886841,0.7083734273910522,0.6882843375205994
YKR071C,YDL133C-A,0,0.62473524,0.09693138301372528,0.7083734273910522,0.6883847117424011
YBL005W-A,YDL209C,0,0.624715,0.09691862016916275,0.7083734273910522,0.6884850859642029
YDR006C,YLR047C,0,0.624647,0.09690585732460022,0.7083734273910522,0.6885854601860046
YFL050C,YHR045W,0,0.62464464,0.09689310193061829,0.7083734273910522,0.6886858940124512
YNL097C,YPL082C,0,0.6246385,0.09688034653663635,0.7083734273910522,0.6887862682342529
YOR258W,YJR035W,0,0.6246383,0.09686759859323502,0.7083734273910522,0.6888866424560547
YML001W,YFL024C,0,0.6245678,0.09685485064983368,0.7083734273910522,0.6889870762825012
YBR247C,YLR352W,0,0.624546,0.09684210270643234,0.7083734273910522,0.689087450504303
YGL134W,YDL134C,0,0.6245367,0.0968293622136116,0.7083734273910522,0.6891878247261047
YCR069W,YOR122C,0,0.62448454,0.09681662917137146,0.7083734273910522,0.6892881989479065
YGR185C,YML047C,0,0.6244385,0.09680389612913132,0.7083734273910522,0.689388632774353
YOL130W,YPR201W,1,0.62431806,0.09692267328500748,0.7093359231948853,0.689388632774353
YMR291W,YMR274C,0,0.62426805,0.09690992534160614,0.7093359231948853,0.6894890069961548
YML072C,YHR073W,0,0.6241796,0.0968971848487854,0.7093359231948853,0.6895893812179565
YIL099W,YBL105C,0,0.6241455,0.09688445180654526,0.7093359231948853,0.6896898150444031
YNL030W,YIR019C,0,0.6241056,0.09687171131372452,0.7093359231948853,0.6897901892662048
YHR006W,YOL060C,0,0.6240042,0.09685898572206497,0.7093359231948853,0.6898905634880066
YBR046C,YNL010W,0,0.6239777,0.09684625267982483,0.7093359231948853,0.6899909377098083
YBR153W,YOR340C,0,0.6238657,0.09683352708816528,0.7093359231948853,0.6900913715362549
YER028C,YLR003C,0,0.62381554,0.09682080894708633,0.7093359231948853,0.6901917457580566
YNL137C,YGL044C,0,0.62361,0.09680809080600739,0.7093359231948853,0.6902921199798584
YMR034C,YNL256W,0,0.62343496,0.09679538011550903,0.7093359231948853,0.6903925538063049
YOL110W,YJR152W,0,0.6233944,0.09678266942501068,0.7093359231948853,0.6904929280281067
YJL149W,YLL066C,0,0.62331593,0.09676995873451233,0.7093359231948853,0.6905933022499084
YJR108W,YKR067W,0,0.62327886,0.09675725549459457,0.7093359231948853,0.6906936764717102
YML058W,YOR264W,0,0.6232784,0.09674455225467682,0.7093359231948853,0.6907941102981567
YIL062C,YCR023C,0,0.62322366,0.09673185646533966,0.7093359231948853,0.6908944845199585
YLR307W,YIR010W,0,0.62315226,0.0967191606760025,0.7093359231948853,0.6909948587417603
YLL016W,YHR165C,0,0.6229837,0.09670647233724594,0.7093359231948853,0.6910952925682068
YER055C,YJL028W,0,0.62298083,0.09669378399848938,0.7093359231948853,0.6911956667900085
YHL050C,YBL105C,0,0.6228776,0.09668109565973282,0.7093359231948853,0.6912960410118103
YBR180W,YJR129C,0,0.6226767,0.09666841477155685,0.7093359231948853,0.6913964748382568
YOR103C,YDR367W,0,0.6226205,0.09665574133396149,0.7093359231948853,0.6914968490600586
YNL225C,YLR452C,0,0.6225659,0.09664306044578552,0.7093359231948853,0.6915972232818604
YPL110C,YNR028W,0,0.6225464,0.09663039445877075,0.7093359231948853,0.6916975975036621
YDR172W,YLR305C,0,0.6225424,0.09661772102117538,0.7093359231948853,0.6917980313301086
YLR130C,YHL008C,1,0.6225279,0.09673614054918289,0.7102983593940735,0.6917980313301086
YOL054W,YDR091C,0,0.6224971,0.09672345966100693,0.7102983593940735,0.6918984055519104
YDL123W,YPL088W,0,0.622472,0.09671078622341156,0.7102983593940735,0.6919987797737122
YLR064W,YNL163C,0,0.62242246,0.09669811278581619,0.7102983593940735,0.6920992136001587
YOR190W,YOR193W,0,0.6223497,0.09668544679880142,0.7102983593940735,0.6921995878219604
YNR018W,YOL027C,1,0.62220085,0.09680376946926117,0.7112608551979065,0.6921995878219604
YJR054W,YDR072C,0,0.6221457,0.0967910960316658,0.7112608551979065,0.6922999620437622
YCR015C,YGR243W,1,0.6220504,0.09690937399864197,0.7122232913970947,0.6922999620437622
YPL094C,YGR204W,0,0.6219906,0.0968966856598854,0.7122232913970947,0.692400336265564
YDL171C,YLR133W,0,0.62195706,0.09688400477170944,0.7122232913970947,0.6925007700920105
YCR091W,YJL154C,0,0.6219493,0.09687131643295288,0.7122232913970947,0.6926011443138123
YBR211C,YBR181C,0,0.6218028,0.09685863554477692,0.7122232913970947,0.692701518535614
YGL130W,YGL086W,0,0.6217648,0.09684596210718155,0.7122232913970947,0.6928019523620605
YLR187W,YFR018C,0,0.6216723,0.09683328866958618,0.7122232913970947,0.6929023265838623
YIL046W,YNL065W,0,0.6216672,0.09682062268257141,0.7122232913970947,0.6930027008056641
YHR042W,YDR444W,0,0.62157047,0.09680795669555664,0.7122232913970947,0.6931030750274658
YOR351C,YDR078C,0,0.621421,0.09679529070854187,0.7122232913970947,0.6932035088539124
YDR404C,YER078C,0,0.62136596,0.0967826321721077,0.7122232913970947,0.6933038830757141
YOL108C,YPL137C,0,0.62132275,0.09676997363567352,0.7122232913970947,0.6934042572975159
YGL004C,YNL079C,0,0.6211437,0.09675732254981995,0.7122232913970947,0.6935046911239624
YCR010C,YBL089W,1,0.6210913,0.09687540680170059,0.713185727596283,0.6935046911239624
YKR024C,YGR098C,0,0.62071425,0.09686274826526642,0.713185727596283,0.6936050653457642
YMR133W,YDR407C,0,0.62069714,0.09685008227825165,0.713185727596283,0.6937054395675659
YML024W,YLR143W,0,0.62042,0.09683743119239807,0.713185727596283,0.6938058137893677
YEL011W,YFL053W,0,0.6203408,0.0968247726559639,0.713185727596283,0.6939062476158142
YDR140W,YOR304W,0,0.62021756,0.09681212157011032,0.713185727596283,0.694006621837616
YJR067C,YNL164C,0,0.62016916,0.09679947793483734,0.713185727596283,0.6941069960594177
YHR039C-A,YGL005C,0,0.6200889,0.09678683429956436,0.713185727596283,0.6942074298858643
YGR065C,YIL006W,1,0.6200087,0.09690479189157486,0.714148223400116,0.6942074298858643
YFL049W,YGR072W,0,0.6199583,0.09689214080572128,0.714148223400116,0.694307804107666
YML046W,YGL115W,0,0.6199561,0.0968794897198677,0.714148223400116,0.6944081783294678
YMR063W,YOL124C,0,0.6199497,0.09686683863401413,0.714148223400116,0.6945086121559143
YLR006C,YPL128C,0,0.6198516,0.09685419499874115,0.714148223400116,0.6946089863777161
YEL063C,YOL084W,1,0.6198352,0.09697207063436508,0.7151106595993042,0.6946089863777161
YHR001W-A,YPL029W,0,0.6197468,0.09695941209793091,0.7151106595993042,0.6947093605995178
YCL018W,YLL061W,0,0.6197253,0.09694676101207733,0.7151106595993042,0.6948097348213196
YBR146W,YPL016W,0,0.61964697,0.09693411737680435,0.7151106595993042,0.6949101686477661
YCR073C,YER058W,0,0.6195085,0.09692147374153137,0.7151106595993042,0.6950105428695679
YPR152C,YOR393W,0,0.6194812,0.09690883010625839,0.7151106595993042,0.6951109170913696
YFR013W,YLR310C,0,0.6194663,0.09689619392156601,0.7151106595993042,0.6952113509178162
YPR067W,YHL018W,0,0.6193721,0.09688355773687363,0.7151106595993042,0.6953117251396179
YPL270W,YLR251W,0,0.61930376,0.09687092900276184,0.7151106595993042,0.6954120993614197
YOR048C,YOR320C,0,0.61914384,0.09685830026865005,0.7151106595993042,0.6955124735832214
YER044C-A,YDR186C,0,0.6191242,0.09684567153453827,0.7151106595993042,0.695612907409668
YPR181C,YNL079C,0,0.6188972,0.09683305025100708,0.7151106595993042,0.6957132816314697
YFR052W,YGR028W,0,0.61888385,0.09682042896747589,0.7151106595993042,0.6958136558532715
YPL213W,YPR004C,0,0.6188123,0.0968078151345253,0.7151106595993042,0.695914089679718
YPL104W,YNL029C,0,0.6188079,0.0967952087521553,0.7151106595993042,0.6960144639015198
YNR039C,YDL067C,1,0.61879325,0.09691285341978073,0.7160731554031372,0.6960144639015198
YCR097W,YGL067W,0,0.618762,0.09690023213624954,0.7160731554031372,0.6961148381233215
YCR067C,YMR063W,0,0.6187022,0.09688761830329895,0.7160731554031372,0.6962152123451233
YDL004W,YIL006W,1,0.6183762,0.0970052108168602,0.7170355916023254,0.6962152123451233
YML071C,YER169W,0,0.6183342,0.09699258208274841,0.7170355916023254,0.6963156461715698
YHR024C,YDR057W,0,0.61824185,0.09697995334863663,0.7170355916023254,0.6964160203933716
YKL145W,YPL246C,0,0.6182282,0.09696733206510544,0.7170355916023254,0.6965163946151733
YJL187C,YIL049W,0,0.6181856,0.09695471078157425,0.7170355916023254,0.6966168284416199
YEL070W,YGR284C,0,0.6180498,0.09694209694862366,0.7170355916023254,0.6967172026634216
YJL144W,YIL170W,0,0.6180105,0.09692948311567307,0.7170355916023254,0.6968175768852234
YER072W,YAR002C-A,0,0.6179939,0.09691686928272247,0.7170355916023254,0.6969179511070251
YNL267W,YPR057W,0,0.61789846,0.09690426290035248,0.7170355916023254,0.6970183849334717
YFR040W,YKL051W,0,0.6177801,0.09689166396856308,0.7170355916023254,0.6971187591552734
YFL057C,YGR235C,0,0.6176897,0.09687906503677368,0.7170355916023254,0.6972191333770752
YLR132C,YFL009W,0,0.6176567,0.09686646610498428,0.7170355916023254,0.6973195672035217
YDR410C,YLR189C,0,0.6176386,0.09685387462377548,0.7170355916023254,0.6974199414253235
YJL069C,YHR174W,0,0.6176259,0.09684128314256668,0.7170355916023254,0.6975203156471252
YBR074W,YLL032C,0,0.6174494,0.09682869911193848,0.7170355916023254,0.6976207494735718
YJR059W,YGL008C,1,0.617286,0.09694606810808182,0.7179980874061584,0.6976207494735718
YFL023W,YDR137W,0,0.6172553,0.09693346917629242,0.7179980874061584,0.6977211236953735
YPR159W,YBR018C,0,0.6172126,0.09692087769508362,0.7179980874061584,0.6978214979171753
YHR123W,YNL247W,0,0.61714375,0.09690828621387482,0.7179980874061584,0.697921872138977
YBR043C,YPL097W,0,0.6171433,0.09689570218324661,0.7179980874061584,0.6980223059654236
YGR038W,YEL048C,0,0.61707073,0.09688311815261841,0.7179980874061584,0.6981226801872253
YPR196W,YPL012W,0,0.6170607,0.0968705341219902,0.7179980874061584,0.6982230544090271
YBR274W,YFR031C,0,0.61692494,0.0968579575419426,0.7179980874061584,0.6983234882354736
YDR175C,YKL014C,0,0.61681736,0.09684538841247559,0.7179980874061584,0.6984238624572754
YIL123W,YGR235C,0,0.6167711,0.09683281183242798,0.7179980874061584,0.6985242366790771
YAL040C,YGL027C,0,0.6167221,0.09682025015354156,0.7179980874061584,0.6986246109008789
YAR050W,YGL077C,0,0.6166779,0.09680768102407455,0.7179980874061584,0.6987250447273254
YPL011C,YMR293C,0,0.61661756,0.09679511934518814,0.7179980874061584,0.6988254189491272
YPL063W,YML131W,0,0.61660784,0.09678256511688232,0.7179980874061584,0.698925793170929
YNR051C,YEL009C,0,0.6165257,0.09677001088857651,0.7179980874061584,0.6990262269973755
YKL200C,YIL033C,0,0.61652523,0.09675745666027069,0.7179980874061584,0.6991266012191772
YDR461W,YIL010W,0,0.61652285,0.09674490988254547,0.7179980874061584,0.699226975440979
YLR384C,YJR041C,0,0.6164672,0.09673236310482025,0.7179980874061584,0.6993273496627808
YMR134W,YOR001W,0,0.6164506,0.09671982377767563,0.7179980874061584,0.6994277834892273
YLR001C,YGL180W,0,0.6164398,0.096707284450531,0.7179980874061584,0.699528157711029
YNR004W,YGL259W,0,0.61641634,0.09669475257396698,0.7179980874061584,0.6996285319328308
YLR274W,YDR406W,0,0.6161736,0.09668222069740295,0.7179980874061584,0.6997289657592773
YBR034C,YDL098C,0,0.61614215,0.09666968882083893,0.7179980874061584,0.6998293399810791
YIL067C,YPL008W,0,0.61606264,0.0966571643948555,0.7179980874061584,0.6999297142028809
YKL206C,YPL168W,0,0.6160257,0.09664463996887207,0.7179980874061584,0.7000300884246826
YPR119W,YOR287C,0,0.6160025,0.09663212299346924,0.7179980874061584,0.7001305222511292
YIL105C,YPR160W,0,0.6159198,0.0966196060180664,0.7179980874061584,0.7002308964729309
YKL165C,YOR306C,1,0.6159011,0.0967365950345993,0.7189605236053467,0.7002308964729309
YNL056W,YDR180W,0,0.6158221,0.09672407060861588,0.7189605236053467,0.7003312706947327
YBR227C,YLR242C,0,0.61581886,0.09671154618263245,0.7189605236053467,0.7004317045211792
YBL009W,YBL100W-A,0,0.61581147,0.09669902920722961,0.7189605236053467,0.700532078742981
YPL192C,YJR129C,0,0.6158006,0.09668651223182678,0.7189605236053467,0.7006324529647827
YPL050C,YHR156C,0,0.6156865,0.09667400270700455,0.7189605236053467,0.7007328867912292
YGR020C,YDL198C,0,0.6155684,0.09666149318218231,0.7189605236053467,0.700833261013031
YER044C-A,YLR181C,0,0.6155305,0.09664898365736008,0.7189605236053467,0.7009336352348328
YIL121W,YNL101W,1,0.61552846,0.09676584601402283,0.7199230194091797,0.7009336352348328
YML099C,YNR051C,0,0.615387,0.09675332903862,0.7199230194091797,0.7010340094566345
YMR301C,YBR235W,1,0.6152872,0.09687014669179916,0.7208854556083679,0.7010340094566345
YBR043C,YBR018C,0,0.6152861,0.09685762226581573,0.7208854556083679,0.701134443283081
YEL031W,YHR084W,0,0.61526775,0.0968450978398323,0.7208854556083679,0.7012348175048828
YOR009W,YKL168C,0,0.6151016,0.09683258086442947,0.7208854556083679,0.7013351917266846
YOL061W,YML059C,0,0.61508626,0.09682006388902664,0.7208854556083679,0.7014356255531311
YNR069C,YPR171W,0,0.61503047,0.09680754691362381,0.7208854556083679,0.7015359997749329
YDR138W,YDR437W,0,0.6150191,0.09679503738880157,0.7208854556083679,0.7016363739967346
YGR198W,YGR275W,0,0.61466366,0.09678252786397934,0.7208854556083679,0.7017367482185364
YLR406C,YKR078W,0,0.61461973,0.0967700257897377,0.7208854556083679,0.7018371820449829
YDL170W,YGR222W,0,0.6145898,0.09675752371549606,0.7208854556083679,0.7019375562667847
YFR025C,YNL062C,0,0.61456406,0.09674502909183502,0.7208854556083679,0.7020379304885864
YGL194C,YOR261C,0,0.6144064,0.09673253446817398,0.7208854556083679,0.702138364315033
YNR021W,YPL200W,0,0.6143986,0.09672003984451294,0.7208854556083679,0.7022387385368347
YER123W,YOR237W,0,0.6143643,0.0967075526714325,0.7208854556083679,0.7023391127586365
YDL036C,YNL020C,0,0.6143159,0.09669506549835205,0.7208854556083679,0.7024394869804382
YGL098W,YLR136C,0,0.614236,0.0966825857758522,0.7208854556083679,0.7025399208068848
YDL025C,YPL131W,0,0.6142355,0.09667010605335236,0.7208854556083679,0.7026402950286865
YPL036W,YFL014W,0,0.614221,0.0966576337814331,0.7208854556083679,0.7027406692504883
YER127W,YPL032C,0,0.6141801,0.09664516150951385,0.7208854556083679,0.7028411030769348
YDR322C-A,YOL020W,1,0.6141532,0.09676171094179153,0.7218479514122009,0.7028411030769348
YLR405W,YIL083C,0,0.61399937,0.09674922376871109,0.7218479514122009,0.7029414772987366
YBR002C,YOL086C,0,0.61381876,0.09673674404621124,0.7218479514122009,0.7030418515205383
YFR053C,YNL279W,0,0.6137978,0.09672427177429199,0.7218479514122009,0.7031422257423401
YLR310C,YGL047W,0,0.61374485,0.09671179950237274,0.7218479514122009,0.7032426595687866
YBR180W,YBR037C,0,0.6137198,0.09669932723045349,0.7218479514122009,0.7033430337905884
YBR222C,YDR034C,0,0.6135889,0.09668686240911484,0.7218479514122009,0.7034434080123901
YBR227C,YBR230C,0,0.6135347,0.09667439758777618,0.7218479514122009,0.7035438418388367
YMR079W,YNL111C,0,0.6134967,0.09666194021701813,0.7218479514122009,0.7036442160606384
YAL032C,YOR109W,0,0.61346495,0.09664948284626007,0.7218479514122009,0.7037445902824402
YNL082W,YDR309C,0,0.61342514,0.09663703292608261,0.7218479514122009,0.7038450241088867
YMR074C,YDR454C,0,0.61338115,0.09662458300590515,0.7218479514122009,0.7039453983306885
YGL226C-A,YBL046W,0,0.61335737,0.09661213308572769,0.7218479514122009,0.7040457725524902
YLR206W,YER048C,0,0.61328137,0.09659969061613083,0.7218479514122009,0.704146146774292
YER159C,YNL309W,0,0.6132542,0.09658724814653397,0.7218479514122009,0.7042465806007385
YNL321W,YKR106W,1,0.61318797,0.09670358151197433,0.7228103876113892,0.7042465806007385
YLR143W,YER001W,0,0.6131864,0.09669113159179688,0.7228103876113892,0.7043469548225403
YER023W,YNL243W,0,0.613171,0.09667868167161942,0.7228103876113892,0.704447329044342
YNL131W,YGR214W,0,0.61315,0.09666623920202255,0.7228103876113892,0.7045477628707886
YIL098C,YFL009W,0,0.61311305,0.09665379673242569,0.7228103876113892,0.7046481370925903
YDR174W,YLR394W,0,0.6131112,0.09664136171340942,0.7228103876113892,0.7047485113143921
YBR109C,YLR305C,0,0.61306286,0.09662892669439316,0.7228103876113892,0.7048488855361938
YML030W,YDR449C,0,0.6129756,0.09661649167537689,0.7228103876113892,0.7049493193626404
YML064C,YFL053W,0,0.6128516,0.09660406410694122,0.7228103876113892,0.7050496935844421
YJL058C,YDR168W,0,0.61279285,0.09659163653850555,0.7228103876113892,0.7051500678062439
YOR192C,YBR104W,1,0.6126729,0.09670782089233398,0.7237728834152222,0.7051500678062439
YDR456W,YNL142W,1,0.61252785,0.09682396799325943,0.7247353196144104,0.7051500678062439
YNL161W,YDR438W,0,0.6125256,0.09681151807308197,0.7247353196144104,0.7052505016326904
YMR170C,YMR203W,0,0.61250603,0.09679907560348511,0.7247353196144104,0.7053508758544922
YBR028C,YFL048C,0,0.6125059,0.09678663313388824,0.7247353196144104,0.705451250076294
YJL176C,YML092C,0,0.6124456,0.09677419066429138,0.7247353196144104,0.7055516242980957
YKL141W,YDR258C,0,0.61232275,0.09676175564527512,0.7247353196144104,0.7056520581245422
YJR160C,YHR026W,1,0.6122811,0.0968778133392334,0.7256978154182434,0.7056520581245422
YCR028C-A,YBR069C,0,0.61212707,0.09686536341905594,0.7256978154182434,0.705752432346344
YOR324C,YGL062W,0,0.61206967,0.09685292094945908,0.7256978154182434,0.7058528065681458
YGR180C,YGL094C,0,0.6120332,0.09684048593044281,0.7256978154182434,0.7059532403945923
YCL036W,YLR069C,0,0.61188936,0.09682804346084595,0.7256978154182434,0.706053614616394
YMR053C,YAR066W,0,0.61186236,0.09681561589241028,0.7256978154182434,0.7061539888381958
YGL073W,YML010W,0,0.6117168,0.09680318087339401,0.7256978154182434,0.7062543630599976
YLR105C,YAL038W,0,0.6116182,0.09679076075553894,0.7256978154182434,0.7063547968864441
YPL083C,YLR042C,0,0.61158746,0.09677833318710327,0.7256978154182434,0.7064551711082458
YAR008W,YDR179C,0,0.61149347,0.0967659130692482,0.7256978154182434,0.7065555453300476
YIL098C,YDR281C,0,0.6114866,0.09675350040197372,0.7256978154182434,0.7066559791564941
YMR166C,YPL134C,1,0.6114503,0.09686938673257828,0.7266602516174316,0.7066559791564941
YDR064W,YFR034C,0,0.6114301,0.09685695916414261,0.7266602516174316,0.7067563533782959
YDL123W,YPR167C,0,0.61136234,0.09684453904628754,0.7266602516174316,0.7068567276000977
YMR227C,YOR267C,0,0.61096966,0.09683211147785187,0.7266602516174316,0.7069571614265442
YGR125W,YDL029W,0,0.610819,0.09681969881057739,0.7266602516174316,0.707057535648346
YPR046W,YPR173C,0,0.61081326,0.09680728614330292,0.7266602516174316,0.7071579098701477
YGR030C,YBR130C,0,0.6106698,0.09679487347602844,0.7266602516174316,0.7072582840919495
YER162C,YGL187C,0,0.610599,0.09678246080875397,0.7266602516174316,0.707358717918396
YPL021W,YER035W,0,0.6104812,0.09677005559206009,0.7266602516174316,0.7074590921401978
YFR040W,YGL160W,1,0.61046773,0.0968858152627945,0.7276226878166199,0.7074590921401978
YLL024C,YHR149C,0,0.6104307,0.09687339514493942,0.7276226878166199,0.7075594663619995
YDR040C,YBR014C,0,0.6103289,0.09686098992824554,0.7276226878166199,0.707659900188446
YBR104W,YJR153W,0,0.6103039,0.09684857726097107,0.7276226878166199,0.7077602744102478
YML062C,YPR144C,0,0.6101619,0.09683617204427719,0.7276226878166199,0.7078606486320496
YMR034C,YMR197C,0,0.61015344,0.09682376682758331,0.7276226878166199,0.7079610228538513
YDL208W,YPR097W,0,0.6101384,0.09681136906147003,0.7276226878166199,0.7080614566802979
YLL023C,YLR160C,0,0.6099814,0.09679897874593735,0.7276226878166199,0.7081618309020996
YJR117W,YML121W,0,0.60993755,0.09678658097982407,0.7276226878166199,0.7082622051239014
YOR378W,YJL098W,1,0.60984576,0.09690219908952713,0.7285851836204529,0.7082622051239014
YHR060W,YER087C-B,0,0.60975397,0.09688980132341385,0.7285851836204529,0.7083626389503479
YML001W,YKL093W,0,0.6097511,0.09687739610671997,0.7285851836204529,0.7084630131721497
YLL016W,YNL053W,0,0.60972226,0.09686500579118729,0.7285851836204529,0.7085633873939514
YHR092C,YNR039C,1,0.6096848,0.09698054939508438,0.7295476198196411,0.7085633873939514
YPL168W,YPL180W,0,0.609586,0.0969681441783905,0.7295476198196411,0.7086637616157532
YLR426W,YDR173C,0,0.60943174,0.09695574641227722,0.7295476198196411,0.7087641954421997
YDR213W,YDL052C,0,0.6094184,0.09694334119558334,0.7295476198196411,0.7088645696640015
YER123W,YHR012W,0,0.60922396,0.09693094342947006,0.7295476198196411,0.7089649438858032
YJL094C,YLR312W-A,0,0.6092002,0.09691855311393738,0.7295476198196411,0.7090653777122498
YBR282W,YIL064W,0,0.60912365,0.0969061627984047,0.7295476198196411,0.7091657519340515
YDL102W,YHR019C,0,0.60911965,0.09689377248287201,0.7295476198196411,0.7092661261558533
YLR442C,YPL096W,0,0.6089995,0.09688138961791992,0.7295476198196411,0.709366500377655
YMR234W,YLR308W,0,0.60895014,0.09686900675296783,0.7295476198196411,0.7094669342041016
YGL008C,YCR075C,1,0.60888624,0.09698440879583359,0.7305101156234741,0.7094669342041016
YGL001C,YLR336C,0,0.6088468,0.0969720184803009,0.7305101156234741,0.7095673084259033
YIL167W,YMR030W,0,0.6087469,0.09695963561534882,0.7305101156234741,0.7096676826477051
YPL108W,YBR153W,0,0.6086824,0.09694724529981613,0.7305101156234741,0.7097681164741516
YKR045C,YPR086W,0,0.60866845,0.09693486243486404,0.7305101156234741,0.7098684906959534
YHL006C,YJR050W,0,0.6086209,0.09692248702049255,0.7305101156234741,0.7099688649177551
YNL326C,YLL067C,0,0.6085565,0.09691011160612106,0.7305101156234741,0.7100692987442017
YJL095W,YDR160W,0,0.6083709,0.09689774364233017,0.7305101156234741,0.7101696729660034
YKL191W,YKL092C,0,0.60835105,0.09688536822795868,0.7305101156234741,0.7102700471878052
YKR075C,YOR232W,0,0.6082114,0.09687300771474838,0.7305101156234741,0.7103704214096069
YFL054C,YJL058C,0,0.6081156,0.09686063975095749,0.7305101156234741,0.7104708552360535
YOL158C,YOL156W,1,0.60809255,0.0969758853316307,0.7314725518226624,0.7104708552360535
YDL031W,YFR019W,0,0.6079808,0.09696350991725922,0.7314725518226624,0.7105712294578552
YBL028C,YGR266W,0,0.6079078,0.09695114195346832,0.7314725518226624,0.710671603679657
YJL184W,YPL094C,0,0.6077454,0.09693877398967743,0.7314725518226624,0.7107720375061035
YGL030W,YHR120W,0,0.607743,0.09692641347646713,0.7314725518226624,0.7108724117279053
YDL044C,YDL084W,0,0.6076465,0.09691405296325684,0.7314725518226624,0.710972785949707
YNR032W,YHR034C,0,0.6075854,0.09690169245004654,0.7314725518226624,0.7110731601715088
YNL275W,YOR328W,0,0.6075105,0.09688933938741684,0.7314725518226624,0.7111735939979553
YFL056C,YPR181C,0,0.6074827,0.09687699377536774,0.7314725518226624,0.7112739682197571
YPL274W,YOR270C,1,0.607454,0.09699209779500961,0.7324350476264954,0.7112739682197571
YDR108W,YKL077W,0,0.6073651,0.09697973728179932,0.7324350476264954,0.7113743424415588
YBR056W,YNR036C,0,0.60734004,0.09696737676858902,0.7324350476264954,0.7114747762680054
YBR067C,YDR092W,0,0.60730463,0.09695502370595932,0.7324350476264954,0.7115751504898071
YLL021W,YDR227W,0,0.6072677,0.09694267809391022,0.7324350476264954,0.7116755247116089
YAL040C,YJR056C,0,0.60707337,0.09693032503128052,0.7324350476264954,0.7117758989334106
YNL156C,YLR309C,0,0.607056,0.09691797941923141,0.7324350476264954,0.7118763327598572
YPL179W,YGL013C,0,0.60699064,0.09690564125776291,0.7324350476264954,0.7119767069816589
YLR034C,YER142C,0,0.6069509,0.0968933030962944,0.7324350476264954,0.7120770812034607
YHR210C,YNL197C,0,0.60692537,0.0968809649348259,0.7324350476264954,0.7121775150299072
YML011C,YLR141W,0,0.60687876,0.09686863422393799,0.7324350476264954,0.712277889251709
YDL002C,YLR429W,0,0.60684144,0.09685630351305008,0.7324350476264954,0.7123782634735107
YDL003W,YER115C,0,0.60676146,0.09684398025274277,0.7324350476264954,0.7124786376953125
YIL036W,YER078C,0,0.6067003,0.09683165699243546,0.7324350476264954,0.712579071521759
YOL070C,YNL309W,0,0.6066333,0.09681934118270874,0.7324350476264954,0.7126794457435608
YDR040C,YIL023C,1,0.6066115,0.0969342291355133,0.7333974838256836,0.7126794457435608
YOR214C,YER154W,0,0.60660505,0.096921905875206,0.7333974838256836,0.7127798199653625
YBR243C,YIL048W,0,0.60653204,0.09690957516431808,0.7333974838256836,0.7128802537918091
YDR186C,YMR267W,0,0.60652804,0.09689725190401077,0.7333974838256836,0.7129806280136108
YMR207C,YBL052C,0,0.6064465,0.09688493609428406,0.7333974838256836,0.7130810022354126
YER087W,YDR482C,0,0.6063898,0.09687261283397675,0.7333974838256836,0.7131814360618591
YBR287W,YOR195W,0,0.6063289,0.09686030447483063,0.7333974838256836,0.7132818102836609
YNL123W,YMR076C,0,0.606146,0.09684798866510391,0.7333974838256836,0.7133821845054626
YHR135C,YMR083W,0,0.60613614,0.09683568775653839,0.7333974838256836,0.7134825587272644
YHL025W,YPR035W,0,0.6060452,0.09682337939739227,0.7333974838256836,0.7135829925537109
YFL003C,YER155C,0,0.60597473,0.09681107848882675,0.7333974838256836,0.7136833667755127
YDR040C,YLL043W,1,0.6058967,0.09692580997943878,0.7343599796295166,0.7136833667755127
YPR128C,YJL213W,0,0.6058042,0.09691350162029266,0.7343599796295166,0.7137837409973145
YPL234C,YLR050C,0,0.6057367,0.09690119326114655,0.7343599796295166,0.713884174823761
YDL121C,YDR135C,0,0.6057321,0.09688889235258102,0.7343599796295166,0.7139845490455627
YNR006W,YGL190C,0,0.6056849,0.0968765839934349,0.7343599796295166,0.7140849232673645
YDR059C,YLR320W,0,0.6055769,0.09686429053544998,0.7343599796295166,0.7141852974891663
YDR051C,YIL043C,0,0.6055386,0.09685198962688446,0.7343599796295166,0.7142857313156128
YML080W,YBR161W,0,0.6055223,0.09683970361948013,0.7343599796295166,0.7143861055374146
YGR017W,YEL032W,0,0.60545313,0.09682741016149521,0.7343599796295166,0.7144864797592163
YDL211C,YMR020W,0,0.6054486,0.09681512415409088,0.7343599796295166,0.7145869135856628
YDR062W,YOR138C,0,0.6054115,0.09680284559726715,0.7343599796295166,0.7146872878074646
YCL051W,YPL138C,0,0.6054038,0.09679055958986282,0.7343599796295166,0.7147876620292664
YGL111W,YNR067C,0,0.6053747,0.09677828848361969,0.7343599796295166,0.7148880362510681
YDL092W,YNL247W,0,0.60531706,0.09676600992679596,0.7343599796295166,0.7149884700775146
YMR173W,YGL237C,0,0.60488206,0.09675373882055283,0.7343599796295166,0.7150888442993164
YBR204C,YMR305C,0,0.60488075,0.09674147516489029,0.7343599796295166,0.7151892185211182
YJL172W,YDR415C,0,0.60486424,0.09672921150922775,0.7343599796295166,0.7152896523475647
YKL013C,YGR251W,0,0.6048239,0.09671694785356522,0.7343599796295166,0.7153900265693665
YOR266W,YNL010W,0,0.604805,0.09670469164848328,0.7343599796295166,0.7154904007911682
YDR182W,YLL033W,0,0.60473204,0.09669243544340134,0.7343599796295166,0.71559077501297
YBR275C,YCR024C-A,0,0.6045543,0.0966801792383194,0.7343599796295166,0.7156912088394165
YMR243C,YJR042W,0,0.6045301,0.09666793048381805,0.7343599796295166,0.7157915830612183
YEL069C,YOL040C,0,0.60425746,0.09665568917989731,0.7343599796295166,0.71589195728302
YNL275W,YDR508C,1,0.60420257,0.09677010774612427,0.7353224158287048,0.71589195728302
YMR154C,YBR083W,0,0.6041343,0.09675785154104233,0.7353224158287048,0.7159923911094666
YJR144W,YGL198W,0,0.6041211,0.09674560278654099,0.7353224158287048,0.7160927653312683
YPR128C,YPL084W,1,0.6040729,0.09685996174812317,0.7362849116325378,0.7160927653312683
YJR137C,YMR143W,0,0.60397506,0.09684770554304123,0.7362849116325378,0.7161931395530701
YFR018C,YOR007C,0,0.6037763,0.09683544188737869,0.7362849116325378,0.7162935733795166
YKR106W,YGL191W,1,0.6036514,0.0969497561454773,0.7372473478317261,0.7162935733795166
YLL055W,YDR490C,0,0.6036347,0.09693748503923416,0.7372473478317261,0.7163939476013184
YAR066W,YMR300C,0,0.6034726,0.09692522138357162,0.7372473478317261,0.7164943218231201
YDR062W,YCR106W,0,0.60345805,0.09691295772790909,0.7372473478317261,0.7165946960449219
YMR035W,YNL283C,0,0.60342884,0.09690069407224655,0.7372473478317261,0.7166951298713684
YPL047W,YDR005C,0,0.603325,0.09688843786716461,0.7372473478317261,0.7167955040931702
YEL053C,YCL043C,0,0.6033064,0.09687618911266327,0.7372473478317261,0.7168958783149719
YOR243C,YMR238W,0,0.603297,0.09686393290758133,0.7372473478317261,0.7169963121414185
YJL094C,YPL004C,0,0.60320234,0.09685169160366058,0.7372473478317261,0.7170966863632202
YNL321W,YLL015W,1,0.6029139,0.09696586430072784,0.7382098436355591,0.7170966863632202
YIL166C,YGR121C,1,0.6026014,0.09708001464605331,0.7391722798347473,0.7170966863632202
YJL209W,YDR395W,0,0.60252017,0.09706774353981018,0.7391722798347473,0.717197060585022
YPL066W,YNL111C,0,0.6024128,0.09705547988414764,0.7391722798347473,0.7172974348068237
YMR301C,YMR183C,0,0.60223854,0.09704321622848511,0.7391722798347473,0.7173978686332703
YBR112C,YKL157W,0,0.6022017,0.09703095257282257,0.7391722798347473,0.717498242855072
YNR038W,YLR268W,0,0.60209864,0.09701869636774063,0.7391722798347473,0.7175986170768738
YER154W,YIL091C,0,0.6020264,0.09700644016265869,0.7391722798347473,0.7176990509033203
YOL062C,YMR321C,0,0.60192645,0.09699419140815735,0.7391722798347473,0.7177994251251221
YLR193C,YCL026C-B,0,0.6018693,0.096981942653656,0.7391722798347473,0.7178997993469238
YMR246W,YOR192C,1,0.60173446,0.09709595888853073,0.7401347160339355,0.7178997993469238
YKL022C,YPL097W,0,0.6017196,0.09708370268344879,0.7401347160339355,0.7180001735687256
YDL149W,YLR219W,0,0.60169244,0.09707144647836685,0.7401347160339355,0.7181006073951721
YAR027W,YPL150W,0,0.60164315,0.09705919772386551,0.7401347160339355,0.7182009816169739
YMR116C,YHR032W,0,0.60156316,0.09704694896936417,0.7401347160339355,0.7183013558387756
YMR318C,YOL053C-A,0,0.6014595,0.09703470021486282,0.7401347160339355,0.7184017896652222
YNL058C,YKL130C,0,0.6012365,0.09702245891094208,0.7401347160339355,0.7185021638870239
YLL048C,YKL188C,1,0.60120475,0.09713637083768845,0.7410972118377686,0.7185021638870239
YJR063W,YIL017W,0,0.6011357,0.0971241146326065,0.7410972118377686,0.7186025381088257
YOL089C,YOL066C,0,0.6011313,0.09711186587810516,0.7410972118377686,0.7187029123306274
YER137C,YJR004C,0,0.6009338,0.09709962457418442,0.7410972118377686,0.718803346157074
YMR134W,YJR078W,0,0.60088795,0.09708737581968307,0.7410972118377686,0.7189037203788757
YPR125W,YKR106W,1,0.6006825,0.09720121324062347,0.7420596480369568,0.7189037203788757
YKL125W,YDR463W,0,0.6004802,0.09718895703554153,0.7420596480369568,0.7190040946006775
YDR244W,YCR063W,0,0.6004422,0.09717670828104019,0.7420596480369568,0.719104528427124
YDR080W,YGR013W,0,0.6003741,0.09716445952653885,0.7420596480369568,0.7192049026489258
YCR098C,YJR059W,1,0.60036075,0.09727822244167328,0.7430221438407898,0.7192049026489258
YBR019C,YML055W,0,0.6003598,0.09726596623659134,0.7430221438407898,0.7193052768707275
YDR004W,YIL170W,0,0.6002659,0.09725371748209,0.7430221438407898,0.7194057106971741
YGR205W,YKL117W,0,0.60025245,0.09724146872758865,0.7430221438407898,0.7195060849189758
YEL051W,YKL165C,1,0.60009104,0.09735516458749771,0.743984580039978,0.7195060849189758
YGR192C,YNR073C,0,0.60008633,0.09734290093183517,0.743984580039978,0.7196064591407776
YPL230W,YNL078W,0,0.60008544,0.09733064472675323,0.743984580039978,0.7197068333625793
YDL170W,YDL217C,0,0.59995973,0.09731839597225189,0.743984580039978,0.7198072671890259
YDR270W,YAL053W,1,0.59990615,0.09743202477693558,0.744947075843811,0.7198072671890259
YNR072W,YIL006W,1,0.59990394,0.09754562377929688,0.7459095120429993,0.7198072671890259
YDR434W,YJL092W,0,0.59983885,0.09753335267305374,0.7459095120429993,0.7199076414108276
YLR234W,YOR216C,0,0.599726,0.09752107411623001,0.7459095120429993,0.7200080156326294
YNL216W,YJL013C,0,0.59971136,0.09750881046056747,0.7459095120429993,0.7201084494590759
YGL043W,YKR018C,0,0.5996419,0.09749653935432434,0.7459095120429993,0.7202088236808777
YOR341W,YKL001C,0,0.5995618,0.0974842756986618,0.7459095120429993,0.7203091979026794
YMR197C,YJL117W,0,0.5995058,0.09747201949357986,0.7459095120429993,0.7204095721244812
YLR138W,YBR298C,1,0.5994498,0.0975855141878128,0.7468720078468323,0.7204095721244812
YDL220C,YDR235W,0,0.5992369,0.09757324308156967,0.7468720078468323,0.7205100059509277
YPR196W,YOL008W,0,0.59923446,0.09756097197532654,0.7468720078468323,0.7206103801727295
YPL072W,YOR210W,0,0.5990791,0.097548708319664,0.7468720078468323,0.7207107543945312
YBR288C,YNL302C,0,0.598712,0.09753645211458206,0.7468720078468323,0.7208111882209778
YGL175C,YBL045C,0,0.59867704,0.09752419590950012,0.7468720078468323,0.7209115624427795
YGR183C,YPR128C,1,0.59859765,0.0976375937461853,0.7478344440460205,0.7209115624427795
YGR044C,YOR103C,0,0.5985757,0.09762533009052277,0.7478344440460205,0.7210119366645813
YGR222W,YIL177C,0,0.5985668,0.09761306643486023,0.7478344440460205,0.7211123108863831
YBR153W,YDR367W,0,0.5984663,0.09760080277919769,0.7478344440460205,0.7212127447128296
YMR053C,YPL176C,0,0.5983039,0.09758854657411575,0.7478344440460205,0.7213131189346313
YDR292C,YGR046W,0,0.59827805,0.09757629036903381,0.7478344440460205,0.7214134931564331
YLR395C,YCR027C,1,0.5982275,0.09768960624933243,0.7487969398498535,0.7214134931564331
YOR087W,YBR201W,0,0.59815884,0.0976773351430893,0.7487969398498535,0.7215139269828796
YFL049W,YOR088W,0,0.5979674,0.09766507893800735,0.7487969398498535,0.7216143012046814
YBR192W,YML121W,1,0.59792084,0.0977783352136612,0.7497593760490417,0.7216143012046814
YML047C,YNR072W,1,0.5977657,0.09789156913757324,0.7507218718528748,0.7216143012046814
YKL155C,YHL022C,0,0.5977565,0.09787928313016891,0.7507218718528748,0.7217146754264832
YJR064W,YGR012W,0,0.5977347,0.09786700457334518,0.7507218718528748,0.7218150496482849
YLR360W,YNL247W,0,0.5977229,0.09785472601652145,0.7507218718528748,0.7219154834747314
YDR389W,YMR029C,0,0.5976839,0.09784244745969772,0.7507218718528748,0.7220158576965332
YJR161C,YOR279C,0,0.5976807,0.09783017635345459,0.7507218718528748,0.722116231918335
YDR416W,YLL067C,0,0.59765774,0.09781790524721146,0.7507218718528748,0.7222166657447815
YMR319C,YOR390W,1,0.5975614,0.09793103486299515,0.751684308052063,0.7222166657447815
YKR089C,YHR016C,0,0.5974682,0.09791875630617142,0.751684308052063,0.7223170399665833
YKR065C,YGR005C,0,0.5974433,0.09790647774934769,0.751684308052063,0.722417414188385
YPL236C,YLR278C,0,0.5974101,0.09789420664310455,0.751684308052063,0.7225178480148315
YOL158C,YAL067C,1,0.59734976,0.09800726920366287,0.752646803855896,0.7225178480148315
YLR310C,YGR122W,0,0.5973033,0.09799499064683914,0.752646803855896,0.7226182222366333
YGL181W,YHR110W,0,0.5972187,0.09798271209001541,0.752646803855896,0.7227185964584351
YEL041W,YLR410W,0,0.5969862,0.09797043353319168,0.752646803855896,0.7228189706802368
YGL153W,YGL077C,0,0.59694296,0.09795816242694855,0.752646803855896,0.7229194045066833
YMR047C,YCR068W,0,0.5965402,0.09794589132070541,0.752646803855896,0.7230197787284851
YDR298C,YBR220C,1,0.59648216,0.09805885702371597,0.7536092400550842,0.7230197787284851
YLL002W,YOR056C,0,0.5964153,0.09804657846689224,0.7536092400550842,0.7231201529502869
YNR056C,YER177W,0,0.5962826,0.09803430736064911,0.7536092400550842,0.7232205867767334
YDR462W,YDR127W,0,0.59626245,0.09802203625440598,0.7536092400550842,0.7233209609985352
YER090W,YJL058C,0,0.59622866,0.09800976514816284,0.7536092400550842,0.7234213352203369
YNL009W,YMR115W,0,0.59621394,0.09799749404191971,0.7536092400550842,0.7235217094421387
YIL015W,YCL005W-A,0,0.59609115,0.09798523038625717,0.7536092400550842,0.7236221432685852
YMR268W-A,YDR180W,0,0.5960653,0.09797297418117523,0.7536092400550842,0.723722517490387
YBR120C,YKL110C,0,0.59582555,0.09796071797609329,0.7536092400550842,0.7238228917121887
YOR030W,YLR055C,0,0.59572184,0.09794846177101135,0.7536092400550842,0.7239233255386353
YDL189W,YOR378W,0,0.5956776,0.09793621301651001,0.7536092400550842,0.724023699760437
YKL189W,YJL047C,0,0.59566814,0.09792396426200867,0.7536092400550842,0.7241240739822388
YHR088W,YKL161C,0,0.59564066,0.09791171550750732,0.7536092400550842,0.7242244482040405
YHR006W,YGL116W,0,0.5955461,0.09789947420358658,0.7536092400550842,0.7243248820304871
YGR260W,YGL160W,1,0.5954572,0.09801225364208221,0.7545716762542725,0.7243248820304871
YPL075W,YGL046W,0,0.5954229,0.09799999743700027,0.7545716762542725,0.7244252562522888
YCR073C,YHR142W,0,0.59541726,0.09798774868249893,0.7545716762542725,0.7245256304740906
YMR256C,YOR137C,1,0.59529984,0.09810047596693039,0.7555341720581055,0.7245256304740906
YAL007C,YDL206W,0,0.59527314,0.09808821976184845,0.7555341720581055,0.7246260643005371
YLL015W,YKL002W,1,0.5951729,0.09820090234279633,0.7564966082572937,0.7246260643005371
YPL104W,YOL142W,0,0.5951351,0.09818863123655319,0.7564966082572937,0.7247264385223389
YDR308C,YDL245C,0,0.5949968,0.09817636758089066,0.7564966082572937,0.7248268127441406
YOR219C,YGR113W,0,0.59492624,0.09816410392522812,0.7564966082572937,0.7249271869659424
YKL129C,YPL276W,0,0.5949131,0.09815184772014618,0.7564966082572937,0.7250276207923889
YLR316C,YLR442C,0,0.5948758,0.09813959151506424,0.7564966082572937,0.7251279950141907
YMR226C,YOR275C,0,0.59468555,0.0981273427605629,0.7564966082572937,0.7252283692359924
YLR001C,YBR247C,0,0.59468186,0.09811509400606155,0.7564966082572937,0.725328803062439
YDR204W,YPR188C,0,0.5946679,0.09810284525156021,0.7564966082572937,0.7254291772842407
YDR456W,YPL002C,1,0.5946643,0.09821540117263794,0.7574591040611267,0.7254291772842407
YOR380W,YIR005W,0,0.5946608,0.098203144967556,0.7574591040611267,0.7255295515060425
YBR152W,YMR030W,0,0.5944086,0.09819088876247406,0.7574591040611267,0.725629985332489
YCR036W,YGL113W,0,0.59436274,0.09817864000797272,0.7574591040611267,0.7257303595542908
YNL167C,YLR016C,0,0.59427524,0.09816639870405197,0.7574591040611267,0.7258307337760925
YMR262W,YGR217W,0,0.59425396,0.09815414994955063,0.7574591040611267,0.7259311079978943
YML031W,YBL007C,0,0.5941877,0.09814191609621048,0.7574591040611267,0.7260315418243408
YBR238C,YNL192W,0,0.59412414,0.09812967479228973,0.7574591040611267,0.7261319160461426
YPL006W,YFL061W,0,0.59408116,0.09811744093894958,0.7574591040611267,0.7262322902679443
YOR214C,YOL115W,0,0.59406847,0.09810520708560944,0.7574591040611267,0.7263327240943909
YNL054W,YDR398W,0,0.5940242,0.09809298068284988,0.7574591040611267,0.7264330983161926
YKL027W,YNL092W,0,0.5940185,0.09808075428009033,0.7574591040611267,0.7265334725379944
YKR075C,YNR049C,0,0.59393466,0.09806853532791138,0.7574591040611267,0.7266338467597961
YJL203W,YJL162C,0,0.59387547,0.09805631637573242,0.7574591040611267,0.7267342805862427
YHR006W,YDR164C,0,0.59385645,0.09804410487413406,0.7574591040611267,0.7268346548080444
YIR034C,YOR287C,0,0.5938301,0.09803188592195511,0.7574591040611267,0.7269350290298462
YMR203W,YML081C-A,1,0.5938176,0.09814422577619553,0.7584215402603149,0.7269350290298462
YLL015W,YKL025C,0,0.59376574,0.09813200682401657,0.7584215402603149,0.7270354628562927
YAL063C,YDL134C,0,0.59372014,0.09811978787183762,0.7584215402603149,0.7271358370780945
YGL067W,YJR044C,0,0.593719,0.09810756891965866,0.7584215402603149,0.7272362112998962
YCR079W,YDR264C,0,0.5935201,0.0980953574180603,0.7584215402603149,0.727336585521698
YKR053C,YNR073C,0,0.5934567,0.09808314591646194,0.7584215402603149,0.7274370193481445
YDR195W,YBR150C,0,0.59340787,0.09807094186544418,0.7584215402603149,0.7275373935699463
YDL161W,YCL029C,0,0.59327066,0.09805873781442642,0.7584215402603149,0.727637767791748
YNR055C,YDR435C,0,0.5932648,0.09804653376340866,0.7584215402603149,0.7277382016181946
YDR377W,YEL063C,1,0.5932477,0.09815874695777893,0.759384036064148,0.7277382016181946
YAL059W,YOR262W,0,0.59323263,0.09814653545618057,0.759384036064148,0.7278385758399963
YJR120W,YDR263C,0,0.5931021,0.09813433140516281,0.759384036064148,0.7279389500617981
YOL135C,YAL028W,0,0.59293187,0.09812212735414505,0.759384036064148,0.7280393242835999
YDR471W,YGR211W,0,0.5928766,0.09810992330312729,0.759384036064148,0.7281397581100464
YKL015W,YIL120W,0,0.5927843,0.09809772670269012,0.759384036064148,0.7282401323318481
YBL085W,YHR073W,0,0.5927355,0.09808553010225296,0.759384036064148,0.7283405065536499
YNL009W,YNR031C,0,0.59270847,0.09807334095239639,0.759384036064148,0.7284409403800964
YIL087C,YLR460C,0,0.5927063,0.09806115180253983,0.759384036064148,0.7285413146018982
YNL156C,YIR019C,0,0.59265846,0.09804896265268326,0.759384036064148,0.7286416888237
YMR052W,YLR183C,0,0.59264725,0.09803678095340729,0.759384036064148,0.7287421226501465
YPR001W,YJR042W,0,0.5925062,0.09802459925413132,0.759384036064148,0.7288424968719482
YJR028W,YNL216W,0,0.5923908,0.09801242500543594,0.759384036064148,0.72894287109375
YHR020W,YDL126C,0,0.5923699,0.09800025075674057,0.759384036064148,0.7290432453155518
YGL006W,YDR135C,1,0.5923492,0.09811227023601532,0.7603464722633362,0.7290432453155518
YDR026C,YLR150W,0,0.5922761,0.09810008853673935,0.7603464722633362,0.7291436791419983
YML047C,YHR003C,0,0.59221005,0.09808790683746338,0.7603464722633362,0.7292440533638
YAL002W,YKL092C,0,0.5921975,0.098075732588768,0.7603464722633362,0.7293444275856018
YFL052W,YIL019W,0,0.5920078,0.09806355834007263,0.7603464722633362,0.7294448614120483
YAR050W,YPL113C,0,0.5919872,0.09805138409137726,0.7603464722633362,0.7295452356338501
YBL045C,YIL108W,0,0.5919465,0.09803921729326248,0.7603464722633362,0.7296456098556519
YMR044W,YNL186W,0,0.59190893,0.0980270504951477,0.7603464722633362,0.7297459840774536
YGL167C,YCR075C,1,0.5918963,0.0981389582157135,0.7613089680671692,0.7297459840774536
YML123C,YOR088W,1,0.591845,0.09825083613395691,0.7622714042663574,0.7297459840774536
YNR072W,YDR527W,0,0.5918411,0.09823864698410034,0.7622714042663574,0.7298464179039001
YNL134C,YLR447C,0,0.5917888,0.09822646528482437,0.7622714042663574,0.7299467921257019
YLR128W,YBL097W,0,0.5915655,0.0982142835855484,0.7622714042663574,0.7300471663475037
YOR032C,YOL121C,0,0.59145945,0.09820210933685303,0.7622714042663574,0.7301476001739502
YBR192W,YOR390W,1,0.5913148,0.09831391274929047,0.7632339000701904,0.7301476001739502
YDR257C,YNL139C,0,0.59125316,0.0983017235994339,0.7632339000701904,0.730247974395752
YBR074W,YDR109C,0,0.59069645,0.09828954190015793,0.7632339000701904,0.7303483486175537
YFL003C,YJL194W,0,0.59055126,0.09827736020088196,0.7632339000701904,0.7304487228393555
YNL142W,YDR069C,1,0.5905241,0.09838909655809402,0.7641963362693787,0.7304487228393555
YOR271C,YGL207W,0,0.5904534,0.09837690740823746,0.7641963362693787,0.730549156665802
YLR234W,YMR002W,0,0.5904506,0.09836471825838089,0.7641963362693787,0.7306495308876038
YDR308C,YAL016W,0,0.59037066,0.09835253655910492,0.7641963362693787,0.7307499051094055
YHL011C,YER014C-A,0,0.5903622,0.09834035485982895,0.7641963362693787,0.730850338935852
YPR188C,YML110C,0,0.5903135,0.09832817316055298,0.7641963362693787,0.7309507131576538
YHR035W,YEL031W,0,0.590285,0.0983159989118576,0.7641963362693787,0.7310510873794556
YPR133C,YLR080W,0,0.5902654,0.09830382466316223,0.7641963362693787,0.7311514616012573
YJR027W,YOR156C,0,0.59015745,0.09829165786504745,0.7641963362693787,0.7312518954277039
YOR192C,YIL017C,0,0.590043,0.09827949106693268,0.7641963362693787,0.7313522696495056
YNR010W,YOR380W,0,0.5900255,0.0982673242688179,0.7641963362693787,0.7314526438713074
YBR253W,YNL279W,0,0.5900054,0.09825516492128372,0.7641963362693787,0.7315530776977539
YBL007C,YER137C,0,0.58987486,0.09824300557374954,0.7641963362693787,0.7316534519195557
YPR023C,YPL128C,0,0.58981454,0.09823085367679596,0.7641963362693787,0.7317538261413574
YDR172W,YBR235W,0,0.589743,0.09821870177984238,0.7641963362693787,0.731854259967804
YPR148C,YHR194W,0,0.58972263,0.09820655733346939,0.7641963362693787,0.7319546341896057
YLR020C,YDL211C,0,0.589702,0.0981944128870964,0.7641963362693787,0.7320550084114075
YJR152W,YGL080W,1,0.58966595,0.09830592572689056,0.7651588320732117,0.7320550084114075
YFR031C-A,YER074W-A,0,0.5892762,0.09829376637935638,0.7651588320732117,0.7321553826332092
YIL042C,YBR215W,0,0.589274,0.0982816144824028,0.7651588320732117,0.7322558164596558
YKR068C,YBL036C,0,0.58921665,0.09826947003602982,0.7651588320732117,0.7323561906814575
YDR140W,YGR152C,0,0.58909297,0.09825732558965683,0.7651588320732117,0.7324565649032593
YCR098C,YER113C,1,0.58901286,0.09836875647306442,0.7661212682723999,0.7324565649032593
YOR255W,YLR068W,0,0.5889748,0.09835660457611084,0.7661212682723999,0.7325569987297058
YLR219W,YJR050W,0,0.5889305,0.09834445267915726,0.7661212682723999,0.7326573729515076
YML036W,YDR432W,0,0.5888808,0.09833230078220367,0.7661212682723999,0.7327577471733093
YJL128C,YMR293C,0,0.58884114,0.09832015633583069,0.7661212682723999,0.7328581213951111
YPR004C,YKR080W,0,0.58880395,0.0983080118894577,0.7661212682723999,0.7329585552215576
YIL128W,YDL126C,0,0.5887741,0.09829587489366531,0.7661212682723999,0.7330589294433594
YLL021W,YBR139W,0,0.58858216,0.09828373789787292,0.7661212682723999,0.7331593036651611
YOR011W,YCL054W,0,0.58851427,0.09827160835266113,0.7661212682723999,0.7332597374916077
YDR384C,YGR055W,1,0.58847284,0.09838291257619858,0.7670837640762329,0.7332597374916077
YMR024W,YIL061C,0,0.58844703,0.09837077558040619,0.7670837640762329,0.7333601117134094
YMR114C,YGL079W,0,0.5883922,0.0983586311340332,0.7670837640762329,0.7334604859352112
YKL081W,YPR071W,0,0.58833385,0.09834649413824081,0.7670837640762329,0.7335608601570129
YNR010W,YHR190W,0,0.58824205,0.09833436459302902,0.7670837640762329,0.7336612939834595
YJL094C,YOR291W,1,0.58822525,0.0984455943107605,0.7680462002754211,0.7336612939834595
YGR260W,YOL129W,0,0.58818865,0.09843344986438751,0.7680462002754211,0.7337616682052612
YGL065C,YPL110C,0,0.5881175,0.09842131286859512,0.7680462002754211,0.733862042427063
YIL067C,YGL012W,0,0.58811224,0.09840917587280273,0.7680462002754211,0.7339624762535095
YEL011W,YOR388C,0,0.588093,0.09839703887701035,0.7680462002754211,0.7340628504753113
YNL014W,YOL107W,0,0.58803654,0.09838490933179855,0.7680462002754211,0.734163224697113
YHR103W,YGR287C,0,0.5880101,0.09837277978658676,0.7680462002754211,0.7342635989189148
YCL039W,YNR073C,0,0.587958,0.09836065769195557,0.7680462002754211,0.7343640327453613
YNL045W,YLR200W,0,0.5879476,0.09834853559732437,0.7680462002754211,0.7344644069671631
YDR494W,YGR252W,0,0.5879192,0.09833641350269318,0.7680462002754211,0.7345647811889648
YOR313C,YDR075W,0,0.5879149,0.09832429885864258,0.7680462002754211,0.7346652150154114
YOL091W,YJL004C,0,0.5879113,0.09831218421459198,0.7680462002754211,0.7347655892372131
YLL032C,YGL013C,0,0.58767337,0.09830007702112198,0.7680462002754211,0.7348659634590149
YML069W,YPL056C,0,0.58766806,0.09828796982765198,0.7680462002754211,0.7349663972854614
YDL206W,YBR215W,0,0.58761334,0.09827586263418198,0.7680462002754211,0.7350667715072632
YNL025C,YLR110C,0,0.58760005,0.09826376289129257,0.7680462002754211,0.7351671457290649
YGL194C,YOR020C,0,0.58743435,0.09825166314840317,0.7680462002754211,0.7352675199508667
YKL221W,YML039W,0,0.5873523,0.09823956340551376,0.7680462002754211,0.7353679537773132
YJR119C,YPR148C,0,0.5873011,0.09822747111320496,0.7680462002754211,0.735468327999115
YPR011C,YKL193C,0,0.5872849,0.09821538627147675,0.7680462002754211,0.7355687022209167
YLR035C,YLL051C,0,0.5872303,0.09820330142974854,0.7680462002754211,0.7356691360473633
YFR050C,YLL054C,0,0.587203,0.09819121658802032,0.7680462002754211,0.735769510269165
YPR174C,YHR115C,0,0.58719474,0.09817913174629211,0.7680462002754211,0.7358698844909668
YKL197C,YGR041W,0,0.58716214,0.0981670543551445,0.7680462002754211,0.7359702587127686
YKL165C,YOR231W,0,0.5871535,0.09815498441457748,0.7680462002754211,0.7360706925392151
YFL056C,YPL096W,0,0.5871002,0.09814290702342987,0.7680462002754211,0.7361710667610168
YNL259C,YDL079C,0,0.58703244,0.09813084453344345,0.7680462002754211,0.7362714409828186
YCR002C,YDR081C,0,0.58670586,0.09811877459287643,0.7680462002754211,0.7363718748092651
YBR220C,YEL062W,1,0.5866601,0.09822965413331985,0.7690086364746094,0.7363718748092651
YER160C,YHR041C,0,0.5866432,0.09821757674217224,0.7690086364746094,0.7364722490310669
YPL043W,YDR316W,0,0.5866093,0.09820550680160522,0.7690086364746094,0.7365726232528687
YGL079W,YBR287W,0,0.58657384,0.09819343686103821,0.7690086364746094,0.7366729974746704
YGL160W,YFR045W,1,0.5865231,0.09830424934625626,0.7699711322784424,0.7366729974746704
YNL087W,YOR334W,0,0.58643883,0.09829217195510864,0.7699711322784424,0.7367734313011169
YOR141C,YNL026W,0,0.5864241,0.09828009456396103,0.7699711322784424,0.7368738055229187
YHR216W,YAL038W,0,0.5864131,0.09826802462339401,0.7699711322784424,0.7369741797447205
YOR058C,YNL238W,0,0.5862446,0.098255954682827,0.7699711322784424,0.737074613571167
YNR072W,YKR106W,1,0.5862229,0.09836669266223907,0.7709335684776306,0.737074613571167
YER011W,YHL033C,0,0.5860839,0.09835461527109146,0.7709335684776306,0.7371749877929688
YDL102W,YOR298W,0,0.58606845,0.09834253787994385,0.7709335684776306,0.7372753620147705
YHR009C,YNL222W,0,0.58593607,0.09833046793937683,0.7709335684776306,0.7373757362365723
YLR143W,YOL141W,0,0.58588386,0.09831839799880981,0.7709335684776306,0.7374761700630188
YOL145C,YNR073C,0,0.5858682,0.0983063355088234,0.7709335684776306,0.7375765442848206
YNL083W,YBL100W-B,0,0.58567345,0.09829426556825638,0.7709335684776306,0.7376769185066223
YHR107C,YLR130C,0,0.58556306,0.09828221052885056,0.7709335684776306,0.7377773523330688
YEL020C,YGL226W,0,0.58552897,0.09827014803886414,0.7709335684776306,0.7378777265548706
YPR011C,YJR001W,1,0.5854629,0.09838076680898666,0.7718960642814636,0.7378777265548706
YIL095W,YAL061W,0,0.5852772,0.09836869686841965,0.7718960642814636,0.7379781007766724
YLR001C,YOR191W,0,0.585247,0.09835663437843323,0.7718960642814636,0.7380785346031189
YIL166C,YNL291C,1,0.58515143,0.09846720099449158,0.7728585004806519,0.7380785346031189
YML057W,YOR358W,0,0.5851314,0.09845512360334396,0.7728585004806519,0.7381789088249207
YGR195W,YHL012W,0,0.58509135,0.09844305366277695,0.7728585004806519,0.7382792830467224
YER014C-A,YER176W,0,0.5850191,0.09843099117279053,0.7728585004806519,0.7383796572685242
YHR103W,YLR377C,0,0.5849147,0.09841892123222351,0.7728585004806519,0.7384800910949707
YCR018C,YML067C,0,0.58483565,0.09840686619281769,0.7728585004806519,0.7385804653167725
YOR089C,YDR540C,0,0.5848002,0.09839480370283127,0.7728585004806519,0.7386808395385742
YJR107W,YGR145W,0,0.584795,0.09838274866342545,0.7728585004806519,0.7387812733650208
YDR472W,YKR067W,0,0.58461285,0.09837069362401962,0.7728585004806519,0.7388816475868225
YOR192C,YHL016C,1,0.58456075,0.09848113358020782,0.7738209962844849,0.7388816475868225
YBR229C,YLR105C,0,0.5844788,0.098469078540802,0.7738209962844849,0.7389820218086243
YNR018W,YDR470C,1,0.5844716,0.09857947379350662,0.7747834324836731,0.7389820218086243
YLR413W,YJR078W,0,0.5844129,0.0985674038529396,0.7747834324836731,0.739082396030426
YIL135C,YLR308W,0,0.5843479,0.09855534136295319,0.7747834324836731,0.7391828298568726
YHR187W,YDR174W,0,0.5843087,0.09854327142238617,0.7747834324836731,0.7392832040786743
YOR354C,YDR352W,0,0.584293,0.09853120893239975,0.7747834324836731,0.7393835783004761
YDR515W,YDL150W,0,0.5842825,0.09851915389299393,0.7747834324836731,0.7394840121269226
YML081C-A,YPR058W,1,0.58415306,0.09862946718931198,0.7757459282875061,0.7394840121269226
YGR278W,YFR034C,0,0.5841071,0.09861739724874496,0.7757459282875061,0.7395843863487244
YMR044W,YGL186C,0,0.5840311,0.09860533475875854,0.7757459282875061,0.7396847605705261
YLR362W,YPL221W,0,0.5839542,0.09859327226877213,0.7757459282875061,0.7397851347923279
YJL138C,YPL283C,0,0.5838462,0.0985812097787857,0.7757459282875061,0.7398855686187744
YPR003C,YPR175W,0,0.58371925,0.09856915473937988,0.7757459282875061,0.7399859428405762
YML013W,YIR005W,0,0.5837177,0.09855710715055466,0.7757459282875061,0.7400863170623779
YMR114C,YHR090C,0,0.5837092,0.09854505211114883,0.7757459282875061,0.7401867508888245
YBL038W,YPL237W,0,0.58366424,0.09853300452232361,0.7757459282875061,0.7402871251106262
YDR245W,YIR003W,0,0.58356225,0.09852096438407898,0.7757459282875061,0.740387499332428
YKL085W,YPR148C,0,0.58352077,0.09850892424583435,0.7757459282875061,0.7404878735542297
YGR105W,YMR076C,0,0.5834788,0.09849688410758972,0.7757459282875061,0.7405883073806763
YGL148W,YLR210W,0,0.5834761,0.09848485141992569,0.7757459282875061,0.740688681602478
YOR219C,YKL176C,0,0.58343756,0.09847281873226166,0.7757459282875061,0.7407890558242798
YML028W,YDR430C,0,0.5833888,0.09846078604459763,0.7757459282875061,0.7408894896507263
YMR276W,YGR224W,0,0.5833852,0.09844876080751419,0.7757459282875061,0.7409898638725281
YPL097W,YHL018W,0,0.5833353,0.09843673557043076,0.7757459282875061,0.7410902380943298
YDL239C,YCL067C,0,0.5833016,0.09842471778392792,0.7757459282875061,0.7411906719207764
YER016W,YGL220W,0,0.58322626,0.09841269999742508,0.7757459282875061,0.7412910461425781
YNL088W,YHR165C,0,0.5831447,0.09840068221092224,0.7757459282875061,0.7413914203643799
YOL027C,YHL008C,1,0.5831408,0.0985107421875,0.7767083644866943,0.7413914203643799
YOR227W,YBR265W,0,0.58310026,0.09849871695041656,0.7767083644866943,0.7414917945861816
YPL087W,YNL003C,0,0.5828259,0.09848669916391373,0.7767083644866943,0.7415922284126282
YOR273C,YCR027C,1,0.5827534,0.09859670698642731,0.7776708602905273,0.7415922284126282
YER166W,YAR050W,0,0.58272827,0.09858467429876328,0.7776708602905273,0.7416926026344299
YPR187W,YPR080W,0,0.58265495,0.09857264906167984,0.7776708602905273,0.7417929768562317
YER014C-A,YLR133W,0,0.58255434,0.0985606238245964,0.7776708602905273,0.7418934106826782
YLR447C,YFL017W-A,0,0.58241236,0.09854860603809357,0.7776708602905273,0.74199378490448
YMR061W,YOL090W,0,0.58239496,0.09853658825159073,0.7776708602905273,0.7420941591262817
YLR295C,YJL193W,1,0.58232784,0.09864650666713715,0.7786332964897156,0.7420941591262817
YDR254W,YGL220W,0,0.58224803,0.09863448143005371,0.7786332964897156,0.7421945333480835
YPL138C,YMR266W,0,0.58219206,0.09862245619297028,0.7786332964897156,0.74229496717453
YPL190C,YNL138W-A,0,0.5821872,0.09861043095588684,0.7786332964897156,0.7423953413963318
YIR019C,YDR189W,0,0.58215153,0.098598413169384,0.7786332964897156,0.7424957156181335
YGR099W,YDL160C,0,0.58176553,0.09858640283346176,0.7786332964897156,0.7425961494445801
YOL077W-A,YJR001W,1,0.58150357,0.09869623184204102,0.7795957922935486,0.7425961494445801
YCR028C,YBR295W,1,0.5813831,0.09880604594945908,0.7805582284927368,0.7425961494445801
YJR028W,YGR027C,0,0.58127105,0.09879400581121445,0.7805582284927368,0.7426965236663818
YEL043W,YNL298W,0,0.581222,0.09878197312355042,0.7805582284927368,0.7427968978881836
YLR263W,YNL183C,0,0.58118975,0.09876994043588638,0.7805582284927368,0.7428972721099854
YPL127C,YAL056W,0,0.58115077,0.09875791519880295,0.7805582284927368,0.7429977059364319
YLR367W,YIL137C,0,0.5811273,0.09874588996171951,0.7805582284927368,0.7430980801582336
YHR018C,YHR176W,0,0.58110774,0.09873387217521667,0.7805582284927368,0.7431984543800354
YLR196W,YDL092W,0,0.58101606,0.09872184693813324,0.7805582284927368,0.7432988882064819
YBR179C,YDR104C,0,0.5809724,0.098709836602211,0.7805582284927368,0.7433992624282837
YPR026W,YKR064W,0,0.5808941,0.09869781881570816,0.7805582284927368,0.7434996366500854
YBR114W,YML029W,0,0.5808127,0.09868580847978592,0.7805582284927368,0.7436000108718872
YLR360W,YCR024C,0,0.58077896,0.09867380559444427,0.7805582284927368,0.7437004446983337
YOR338W,YMR110C,0,0.58075696,0.09866180270910263,0.7805582284927368,0.7438008189201355
YGL160W,YPL043W,0,0.5807487,0.09864979982376099,0.7805582284927368,0.7439011931419373
YKL078W,YBR227C,0,0.58069545,0.09863780438899994,0.7805582284927368,0.7440016269683838
YFR016C,YMR029C,0,0.58068264,0.09862580895423889,0.7805582284927368,0.7441020011901855
YLL018C-A,YGR052W,0,0.5806786,0.09861381351947784,0.7805582284927368,0.7442023754119873
YMR099C,YDR301W,0,0.5806351,0.0986018255352974,0.7805582284927368,0.7443028092384338
YKR045C,YLR395C,0,0.58059466,0.09858983755111694,0.7805582284927368,0.7444031834602356
YNL283C,YNL095C,0,0.58043027,0.09857785701751709,0.7805582284927368,0.7445035576820374
YJR138W,YDR041W,0,0.5803784,0.09856586903333664,0.7805582284927368,0.7446039319038391
YCR073C,YNL243W,0,0.5803504,0.09855389595031738,0.7805582284927368,0.7447043657302856
YGR191W,YGL080W,1,0.5803391,0.09866342693567276,0.781520664691925,0.7447043657302856
YHR061C,YOR285W,0,0.58028203,0.09865143895149231,0.781520664691925,0.7448047399520874
YCL032W,YHR211W,0,0.58019906,0.09863945841789246,0.781520664691925,0.7449051141738892
YGL216W,YNL336W,0,0.5801784,0.0986274778842926,0.781520664691925,0.7450055480003357
YBL005W,YNL176C,0,0.5801045,0.09861549735069275,0.781520664691925,0.7451059222221375
YKL107W,YBL046W,0,0.58005446,0.09860352426767349,0.781520664691925,0.7452062964439392
YLR187W,YML057W,0,0.5799669,0.09859155118465424,0.781520664691925,0.745306670665741
YGL234W,YPR148C,0,0.5799092,0.09857957810163498,0.781520664691925,0.7454071044921875
YKR101W,YDR359C,0,0.5798625,0.09856761246919632,0.781520664691925,0.7455074787139893
YJL074C,YHR050W,0,0.5798429,0.09855564683675766,0.781520664691925,0.745607852935791
YGL195W,YDR378C,0,0.57982,0.0985436886548996,0.781520664691925,0.7457082867622375
YBR125C,YJR161C,0,0.5797769,0.09853173047304153,0.781520664691925,0.7458086609840393
YNR038W,YJL128C,0,0.57973164,0.09851977974176407,0.781520664691925,0.7459090352058411
YLR384C,YKL061W,0,0.57966876,0.098507821559906,0.781520664691925,0.7460094094276428
YLR345W,YNL021W,0,0.57961804,0.09849587827920914,0.781520664691925,0.7461098432540894
YNL083W,YOR252W,0,0.5795542,0.09848392754793167,0.781520664691925,0.7462102174758911
YNL327W,YDR131C,0,0.57951725,0.0984719842672348,0.781520664691925,0.7463105916976929
YKL129C,YHR045W,0,0.57940555,0.09846004843711853,0.781520664691925,0.7464110255241394
YHL006C,YJR123W,0,0.57938147,0.09844810515642166,0.781520664691925,0.7465113997459412
YML049C,YIL010W,0,0.57931983,0.09843617677688599,0.781520664691925,0.7466117739677429
YMR060C,YKR060W,0,0.57911223,0.09842424094676971,0.781520664691925,0.7467121481895447
YER069W,YDR064W,0,0.5790069,0.09841231256723404,0.781520664691925,0.7468125820159912
YEL020W-A,YDR211W,0,0.5790043,0.09840038418769836,0.781520664691925,0.746912956237793
YJR161C,YLR071C,0,0.5789909,0.09838846325874329,0.781520664691925,0.7470133304595947
YFL011W,YNL265C,0,0.5789411,0.09837654232978821,0.781520664691925,0.7471137642860413
YKL197C,YDR208W,0,0.5789185,0.09836462885141373,0.781520664691925,0.747214138507843
YCR045C,YPL241C,0,0.57890654,0.09835271537303925,0.781520664691925,0.7473145127296448
YDL245C,YKL002W,1,0.5788051,0.09846191108226776,0.7824831604957581,0.7473145127296448
YNL219C,YHL038C,0,0.5788007,0.09844999015331268,0.7824831604957581,0.7474149465560913
YFL055W,YDL179W,0,0.57875836,0.0984380692243576,0.7824831604957581,0.7475153207778931
YER065C,YPR068C,0,0.5782084,0.09842614829540253,0.7824831604957581,0.7476156949996948
YDL183C,YMR058W,1,0.57820034,0.09853528439998627,0.7834455966949463,0.7476156949996948
YER032W,YLL017W,0,0.57818866,0.09852336347103119,0.7834455966949463,0.7477160692214966
YKR105C,YEL062W,1,0.57818305,0.09863245487213135,0.7844080924987793,0.7477160692214966
YJL091C,YGR012W,0,0.5781679,0.09862051904201508,0.7844080924987793,0.7478165030479431
YOR157C,YCL043C,0,0.57812655,0.0986085906624794,0.7844080924987793,0.7479168772697449
YGL093W,YGL250W,0,0.57809347,0.09859666228294373,0.7844080924987793,0.7480172514915466
YER054C,YMR041C,0,0.5780834,0.09858473390340805,0.7844080924987793,0.7481176853179932
YNL302C,YBR130C,0,0.5779999,0.09857281297445297,0.7844080924987793,0.7482180595397949
YDL149W,YLR013W,0,0.57797694,0.0985608920454979,0.7844080924987793,0.7483184337615967
YDR292C,YIL044C,0,0.5779296,0.09854897111654282,0.7844080924987793,0.7484188079833984
YMR060C,YFL009W,0,0.57792884,0.09853705763816833,0.7844080924987793,0.748519241809845
YOR019W,YDR147W,0,0.57790715,0.09852514415979385,0.7844080924987793,0.7486196160316467
YLR320W,YNL183C,0,0.57782114,0.09851323813199997,0.7844080924987793,0.7487199902534485
YLL048C,YMR279C,1,0.57772124,0.09862218797206879,0.7853705286979675,0.7487199902534485
YOR122C,YJR031C,0,0.5776694,0.0986102744936943,0.7853705286979675,0.748820424079895
YNL058C,YBR029C,0,0.5775087,0.09859835356473923,0.7853705286979675,0.7489207983016968
YOL075C,YPR086W,0,0.57750845,0.09858644753694534,0.7853705286979675,0.7490211725234985
YPL188W,YLL032C,0,0.5774903,0.09857453405857086,0.7853705286979675,0.7491215467453003
YAL016W,YBR094W,0,0.57748467,0.09856262803077698,0.7853705286979675,0.7492219805717468
YER101C,YKR008W,0,0.57738364,0.0985507220029831,0.7853705286979675,0.7493223547935486
YBR049C,YBL004W,0,0.5772948,0.0985388234257698,0.7853705286979675,0.7494227290153503
YDR287W,YLR055C,0,0.57723546,0.09852692484855652,0.7853705286979675,0.7495231628417969
YDR222W,YDL021W,0,0.57721305,0.09851503372192383,0.7853705286979675,0.7496235370635986
YER075C,YLR228C,0,0.5771283,0.09850313514471054,0.7853705286979675,0.7497239112854004
YIL128W,YBR016W,0,0.5771218,0.09849125146865845,0.7853705286979675,0.7498242855072021
YNL092W,YPL008W,0,0.5770392,0.09847936034202576,0.7853705286979675,0.7499247193336487
YGL016W,YHR003C,0,0.5770074,0.09846747666597366,0.7853705286979675,0.7500250935554504
YFL056C,YOR119C,0,0.5769057,0.09845560044050217,0.7853705286979675,0.7501254677772522
YHR035W,YMR274C,0,0.57689846,0.09844372421503067,0.7853705286979675,0.7502259016036987
YJL207C,YBR125C,0,0.5768864,0.09843184798955917,0.7853705286979675,0.7503262758255005
YOR256C,YLR321C,0,0.5766844,0.09841997176408768,0.7853705286979675,0.7504266500473022
YIL061C,YKR045C,0,0.5765729,0.09840810298919678,0.7853705286979675,0.7505270838737488
YLL054C,YLL057C,0,0.5764699,0.09839623421430588,0.7853705286979675,0.7506274580955505
YLR115W,YCL026C-B,0,0.5763831,0.09838437288999557,0.7853705286979675,0.7507278323173523
YHR098C,YOL148C,0,0.5763269,0.09837251156568527,0.7853705286979675,0.750828206539154
YIL166C,YJR059W,1,0.5762181,0.0984811931848526,0.7863330245018005,0.750828206539154
YDR255C,YBR077C,0,0.5762027,0.0984693244099617,0.7863330245018005,0.7509286403656006
YNR010W,YNL010W,0,0.57604283,0.0984574630856514,0.7863330245018005,0.7510290145874023
YGL179C,YAR033W,0,0.5760144,0.0984455943107605,0.7863330245018005,0.7511293888092041
YNL127W,YMR226C,0,0.5759696,0.0984337329864502,0.7863330245018005,0.7512298226356506
YOR142W,YKL045W,0,0.57596767,0.09842187911272049,0.7863330245018005,0.7513301968574524
YDR080W,YGR281W,0,0.5758937,0.09841002523899078,0.7863330245018005,0.7514305710792542
YJR144W,YOR316C,0,0.57580936,0.09839817136526108,0.7863330245018005,0.7515309453010559
YNL208W,YFL038C,0,0.5757674,0.09838631749153137,0.7863330245018005,0.7516313791275024
YPL167C,YDR207C,0,0.5756779,0.09837447106838226,0.7863330245018005,0.7517317533493042
YNL161W,YOL017W,0,0.5756252,0.09836263209581375,0.7863330245018005,0.751832127571106
YGR125W,YNR060W,1,0.57559466,0.09847117215394974,0.7872954607009888,0.751832127571106
YPL173W,YJL013C,0,0.57558537,0.09845931828022003,0.7872954607009888,0.7519325613975525
YJL213W,YGR246C,0,0.57553494,0.09844746440649033,0.7872954607009888,0.7520329356193542
YDR113C,YGR134W,0,0.575485,0.09843561798334122,0.7872954607009888,0.752133309841156
YMR226C,YPR020W,0,0.57545096,0.0984237790107727,0.7872954607009888,0.7522336840629578
YOR262W,YFL023W,0,0.57528114,0.0984119325876236,0.7872954607009888,0.7523341178894043
YML109W,YML126C,0,0.5751647,0.09840009361505508,0.7872954607009888,0.752434492111206
YIL013C,YLR425W,0,0.5751584,0.09838826209306717,0.7872954607009888,0.7525348663330078
YPR052C,YOR340C,0,0.57514656,0.09837643057107925,0.7872954607009888,0.7526353001594543
YGR005C,YHL007C,0,0.5751297,0.09836459904909134,0.7872954607009888,0.7527356743812561
YMR087W,YPL145C,0,0.5750209,0.09835277497768402,0.7872954607009888,0.7528360486030579
YNL058C,YBR211C,0,0.57490075,0.0983409509062767,0.7872954607009888,0.7529364228248596
YLR275W,YBR103W,0,0.5748973,0.09832912683486938,0.7872954607009888,0.7530368566513062
YER160C,YIL128W,0,0.57482374,0.09831731021404266,0.7872954607009888,0.7531372308731079
YMR315W,YKR098C,0,0.57474804,0.09830549359321594,0.7872954607009888,0.7532376050949097
YGR017W,YER049W,0,0.574484,0.09829367697238922,0.7872954607009888,0.7533380389213562
YOR149C,YEL030W,0,0.57444006,0.0982818678021431,0.7872954607009888,0.753438413143158
YIR035C,YOR098C,0,0.5744394,0.09827006608247757,0.7872954607009888,0.7535387873649597
YPR138C,YBR298C,1,0.5744075,0.09837837517261505,0.7882579565048218,0.7535387873649597
YHR032W,YDR235W,0,0.5743779,0.09836656600236893,0.7882579565048218,0.7536392211914062
YKL061W,YIR038C,0,0.5743679,0.0983547493815422,0.7882579565048218,0.753739595413208
YNR032W,YJL024C,0,0.5741254,0.09834294021129608,0.7882579565048218,0.7538399696350098
YDR456W,YOR348C,1,0.57409513,0.09845119714736938,0.78922039270401,0.7538399696350098
YDR221W,YKL058W,0,0.57395303,0.09843937307596207,0.78922039270401,0.7539403438568115
YBR118W,YML111W,0,0.57394695,0.09842755645513535,0.78922039270401,0.7540407776832581
YLR406C,YLR064W,0,0.5735539,0.09841574728488922,0.78922039270401,0.7541411519050598
YIL056W,YDL191W,0,0.57345647,0.0984039381146431,0.78922039270401,0.7542415261268616
YMR213W,YBR167C,0,0.5733593,0.09839212894439697,0.78922039270401,0.7543419599533081
YPL140C,YIL049W,0,0.5733155,0.09838032722473145,0.78922039270401,0.7544423341751099
YEL043W,YFR018C,0,0.5732316,0.09836852550506592,0.78922039270401,0.7545427083969116
YGL098W,YLR037C,0,0.57309127,0.09835672378540039,0.78922039270401,0.7546430826187134
YIL064W,YCL011C,0,0.57303524,0.09834492951631546,0.78922039270401,0.7547435164451599
YLL041C,YGL254W,0,0.57301414,0.09833313524723053,0.78922039270401,0.7548438906669617
YOR019W,YIL173W,0,0.5729828,0.0983213409781456,0.78922039270401,0.7549442648887634
YDR378C,YIR035C,0,0.5729436,0.09830955415964127,0.78922039270401,0.75504469871521
YBR101C,YDL217C,0,0.5728898,0.09829776734113693,0.78922039270401,0.7551450729370117
YNL314W,YCR033W,0,0.57288325,0.0982859879732132,0.78922039270401,0.7552454471588135
YEL077C,YPL029W,0,0.5728016,0.09827420860528946,0.78922039270401,0.7553458213806152
YJR099W,YOL112W,0,0.57279634,0.09826242923736572,0.78922039270401,0.7554462552070618
YLR348C,YJR057W,0,0.57276523,0.09825065732002258,0.78922039270401,0.7555466294288635
YLR376C,YOR005C,0,0.5727188,0.09823888540267944,0.78922039270401,0.7556470036506653
YMR134W,YJR150C,0,0.57269806,0.0982271209359169,0.78922039270401,0.7557474374771118
YBR080C,YNL176C,0,0.57268494,0.09821535646915436,0.78922039270401,0.7558478116989136
YLR284C,YCL052C,0,0.572573,0.09820359200239182,0.78922039270401,0.7559481859207153
YCR038C,YLR004C,0,0.57253504,0.09819183498620987,0.78922039270401,0.7560485601425171
YML081W,YPR101W,0,0.5724658,0.09818007797002792,0.78922039270401,0.7561489939689636
YDR107C,YOR307C,1,0.5724586,0.09828803688287735,0.790182888507843,0.7561489939689636
YBR095C,YGR003W,0,0.57243496,0.09827627241611481,0.790182888507843,0.7562493681907654
YGR012W,YKL045W,0,0.57231313,0.09826451539993286,0.790182888507843,0.7563497424125671
YIL106W,YBL101C,0,0.5721179,0.09825275093317032,0.790182888507843,0.7564501762390137
YBL009W,YOR171C,0,0.5720583,0.09824099391698837,0.790182888507843,0.7565505504608154
YHR059W,YLL016W,0,0.5720202,0.09822924435138702,0.790182888507843,0.7566509246826172
YCR028C-A,YIR008C,0,0.5720169,0.09821748733520508,0.790182888507843,0.7567513585090637
YKL182W,YOL029C,0,0.5719809,0.09820574522018433,0.790182888507843,0.7568517327308655
YHR135C,YLR309C,0,0.57179016,0.09819399565458298,0.790182888507843,0.7569521069526672
YGR070W,YGR046W,0,0.5717565,0.09818225353956223,0.790182888507843,0.757052481174469
YLR380W,YBR080C,0,0.571571,0.09817051142454147,0.790182888507843,0.7571529150009155
YKR066C,YLR442C,0,0.5715405,0.09815877676010132,0.790182888507843,0.7572532892227173
YLR225C,YIR028W,0,0.5715306,0.09814704209566116,0.790182888507843,0.757353663444519
YER102W,YDR225W,0,0.57146686,0.09813530743122101,0.790182888507843,0.7574540972709656
YIL143C,YLL053C,0,0.5713552,0.09812358021736145,0.790182888507843,0.7575544714927673
YLR194C,YLR347C,0,0.5712454,0.09811185300350189,0.790182888507843,0.7576548457145691
YJR055W,YNL224C,0,0.5712035,0.09810013324022293,0.790182888507843,0.7577552199363708
YDR019C,YER063W,0,0.57113665,0.09808841347694397,0.790182888507843,0.7578556537628174
YJR027W,YML064C,0,0.57107043,0.09807669371366501,0.790182888507843,0.7579560279846191
YHR001W-A,YPR022C,0,0.57106614,0.09806498140096664,0.790182888507843,0.7580564022064209
YJL059W,YML114C,0,0.57097214,0.09805326908826828,0.790182888507843,0.7581568360328674
YOR390W,YGR260W,1,0.570734,0.09816097468137741,0.7911453247070312,0.7581568360328674
YER100W,YCL018W,0,0.57063556,0.09814925491809845,0.7911453247070312,0.7582572102546692
YJR031C,YLL012W,0,0.5704454,0.09813753515481949,0.7911453247070312,0.758357584476471
YLL002W,YKL064W,0,0.57043713,0.09812582284212112,0.7911453247070312,0.7584579586982727
YLL003W,YDR367W,0,0.57042086,0.09811411052942276,0.7911453247070312,0.7585583925247192
YMR166C,YMR058W,1,0.57034945,0.09822174161672592,0.7921078205108643,0.7585583925247192
YPL049C,YER130C,0,0.57034415,0.09821002185344696,0.7921078205108643,0.758658766746521
YBR061C,YDR227W,0,0.5701619,0.098198302090168,0.7921078205108643,0.7587591409683228
YJR127C,YBR132C,0,0.5701617,0.09818658977746964,0.7921078205108643,0.7588595747947693
YBR133C,YMR113W,0,0.57004267,0.09817487746477127,0.7921078205108643,0.758959949016571
YBR196C,YLR194C,0,0.56992733,0.0981631651520729,0.7921078205108643,0.7590603232383728
YHR183W,YCL032W,0,0.569861,0.09815146028995514,0.7921078205108643,0.7591606974601746
YDR397C,YGL085W,0,0.5697825,0.09813975542783737,0.7921078205108643,0.7592611312866211
YCL068C,YOL165C,0,0.56971073,0.0981280580163002,0.7921078205108643,0.7593615055084229
YLR164W,YER008C,0,0.56954956,0.09811635315418243,0.7921078205108643,0.7594618797302246
YPL202C,YBR219C,1,0.5694918,0.09822386503219604,0.7930702567100525,0.7594618797302246
YNL173C,YIL063C,0,0.5693682,0.09821216017007828,0.7930702567100525,0.7595623135566711
YCL073C,YJR121W,1,0.5692786,0.0983196273446083,0.7940327525138855,0.7595623135566711
YCR036W,YOL027C,0,0.5689795,0.09830791503190994,0.7940327525138855,0.7596626877784729
YML099C,YBR093C,0,0.5688983,0.09829620271921158,0.7940327525138855,0.7597630620002747
YAL051W,YNL176C,0,0.5688736,0.09828449040651321,0.7940327525138855,0.7598634958267212
YER008C,YBR287W,0,0.568796,0.09827277809381485,0.7940327525138855,0.759963870048523
YPL007C,YOL016C,0,0.56866056,0.09826107323169708,0.7940327525138855,0.7600642442703247
YBR170C,YBR089C-A,0,0.56851304,0.09824937582015991,0.7940327525138855,0.7601646184921265
YPL108W,YHR139C,0,0.5684758,0.09823767840862274,0.7940327525138855,0.760265052318573
YCR017C,YMR118C,0,0.568375,0.09822598099708557,0.7940327525138855,0.7603654265403748
YBR228W,YDR141C,0,0.56834376,0.0982142835855484,0.7940327525138855,0.7604658007621765
YHR098C,YJR049C,0,0.56819034,0.09820259362459183,0.7940327525138855,0.760566234588623
YNL026W,YDR119W,0,0.56813437,0.09819090366363525,0.7940327525138855,0.7606666088104248
YCL026C-B,YLR417W,0,0.56805766,0.09817922115325928,0.7940327525138855,0.7607669830322266
YBR110W,YKL205W,0,0.56803536,0.0981675386428833,0.7940327525138855,0.7608673572540283
YEL053C,YGL124C,0,0.567997,0.09815585613250732,0.7940327525138855,0.7609677910804749
YJL051W,YOR285W,0,0.567684,0.09814418107271194,0.7940327525138855,0.7610681653022766
YLR150W,YKL033W,0,0.5675438,0.09813250601291656,0.7940327525138855,0.7611685395240784
YML080W,YPL215W,0,0.5675002,0.09812083840370178,0.7940327525138855,0.7612689733505249
YNL164C,YOR007C,0,0.56748974,0.098109170794487,0.7940327525138855,0.7613693475723267
YLR054C,YDR527W,0,0.567425,0.09809750318527222,0.7940327525138855,0.7614697217941284
YBL052C,YFL031W,0,0.567134,0.09808584302663803,0.7940327525138855,0.7615700960159302
YOR003W,YNL229C,0,0.5670732,0.09807418286800385,0.7940327525138855,0.7616705298423767
YNL194C,YPL003W,0,0.5669112,0.09806252270936966,0.7940327525138855,0.7617709040641785
YNL055C,YKR106W,1,0.5668611,0.0981697142124176,0.7949951887130737,0.7617709040641785
YGR239C,YDL066W,0,0.56685144,0.09815805405378342,0.7949951887130737,0.7618712782859802
YDR129C,YGR282C,0,0.5667449,0.09814638644456863,0.7949951887130737,0.7619717121124268
YBR126C,YOR334W,0,0.5664892,0.09813472628593445,0.7949951887130737,0.7620720863342285
YGR017W,YGL207W,0,0.5664661,0.09812306612730026,0.7949951887130737,0.7621724605560303
YKL006W,YIL063C,0,0.5663196,0.09811141341924667,0.7949951887130737,0.762272834777832
YOR019W,YFL033C,0,0.5659869,0.09809976071119308,0.7949951887130737,0.7623732686042786
YDR470C,YDL247W,1,0.56589854,0.09820686280727386,0.795957624912262,0.7623732686042786
YPL021W,YKL149C,0,0.56586564,0.09819520264863968,0.795957624912262,0.7624736428260803
YDR484W,YLL027W,0,0.5658175,0.0981835424900055,0.795957624912262,0.7625740170478821
YGR282C,YER130C,0,0.5657903,0.0981718897819519,0.795957624912262,0.7626744508743286
YBR003W,YPL112C,0,0.5657673,0.09816023707389832,0.795957624912262,0.7627748250961304
YCR038C,YPL117C,0,0.56570035,0.09814858436584473,0.795957624912262,0.7628751993179321
YLL016W,YDR301W,0,0.565693,0.09813693910837173,0.795957624912262,0.7629756331443787
YDL113C,YNL329C,0,0.56568956,0.09812529385089874,0.795957624912262,0.7630760073661804
YOR214C,YPL137C,0,0.5656152,0.09811365604400635,0.795957624912262,0.7631763815879822
YBR037C,YDR225W,0,0.5655832,0.09810201823711395,0.795957624912262,0.7632767558097839
YBR229C,YOR191W,0,0.5655637,0.09809038043022156,0.795957624912262,0.7633771896362305
YBR102C,YIR007W,0,0.56537086,0.09807875007390976,0.795957624912262,0.7634775638580322
YJR096W,YLR068W,0,0.56531274,0.09806711971759796,0.795957624912262,0.763577938079834
YCR005C,YLL016W,0,0.5652473,0.09805548936128616,0.795957624912262,0.7636783719062805
YOR083W,YLR308W,0,0.5652404,0.09804386645555496,0.795957624912262,0.7637787461280823
YDR450W,YNR023W,0,0.5650197,0.09803224354982376,0.795957624912262,0.763879120349884
YBR136W,YMR054W,0,0.5649928,0.09802062064409256,0.795957624912262,0.7639794945716858
YFL050C,YDR325W,0,0.56494915,0.09800900518894196,0.795957624912262,0.7640799283981323
YDL199C,YHL040C,1,0.5649041,0.09811589121818542,0.796920120716095,0.7640799283981323
YLR115W,YKR053C,0,0.5647591,0.09810426831245422,0.796920120716095,0.7641803026199341
YOR049C,YBR295W,1,0.56442237,0.09821110963821411,0.7978825569152832,0.7641803026199341
YJL095W,YIL130W,0,0.56429476,0.09819947928190231,0.7978825569152832,0.7642806768417358
YBL045C,YCR063W,0,0.5642905,0.09818784892559052,0.7978825569152832,0.7643811106681824
YKL137W,YBL084C,0,0.56423783,0.09817621856927872,0.7978825569152832,0.7644814848899841
YMR262W,YBR132C,0,0.56419927,0.09816459566354752,0.7978825569152832,0.7645818591117859
YOR294W,YGR254W,0,0.5641431,0.09815297275781631,0.7978825569152832,0.7646822333335876
YJL209W,YBR235W,0,0.56414014,0.09814134985208511,0.7978825569152832,0.7647826671600342
YJR117W,YPR196W,0,0.5640722,0.09812973439693451,0.7978825569152832,0.7648830413818359
YFR010W,YBR118W,0,0.5639596,0.0981181189417839,0.7978825569152832,0.7649834156036377
YBR056W,YGR077C,0,0.56393176,0.0981065109372139,0.7978825569152832,0.7650838494300842
YBL003C,YAL042W,0,0.5638979,0.09809490293264389,0.7978825569152832,0.765184223651886
YMR160W,YOR317W,0,0.5637983,0.09808329492807388,0.7978825569152832,0.7652845978736877
YHR169W,YPL112C,0,0.5636844,0.09807168692350388,0.7978825569152832,0.7653849720954895
YDR005C,YPL084W,0,0.5636812,0.09806008636951447,0.7978825569152832,0.765485405921936
YOL112W,YDL206W,0,0.5636474,0.09804849326610565,0.7978825569152832,0.7655857801437378
YJL054W,YHR080C,0,0.56356883,0.09803690016269684,0.7978825569152832,0.7656861543655396
YOR241W,YDR109C,0,0.56330335,0.09802530705928802,0.7978825569152832,0.7657865881919861
YPL097W,YNL230C,0,0.56328386,0.09801371395587921,0.7978825569152832,0.7658869624137878
YER019C-A,YLR165C,0,0.56321216,0.098002128303051,0.7978825569152832,0.7659873366355896
YCR015C,YDR508C,1,0.56313676,0.09810874611139297,0.7988450527191162,0.7659873366355896
YGR282C,YCR030C,0,0.5631333,0.09809715300798416,0.7988450527191162,0.7660877704620361
YMR228W,YJR021C,0,0.5626853,0.09808555990457535,0.7988450527191162,0.7661881446838379
YHR188C,YOL001W,0,0.56263655,0.09807396680116653,0.7988450527191162,0.7662885189056396
YCR060W,YJR078W,0,0.5626212,0.09806238114833832,0.7988450527191162,0.7663888931274414
YJR028W,YPL175W,0,0.5625622,0.0980507954955101,0.7988450527191162,0.7664893269538879
YIL080W,YHR201C,0,0.56253415,0.09803921729326248,0.7988450527191162,0.7665897011756897
YOR287C,YCL038C,0,0.56252694,0.09802763909101486,0.7988450527191162,0.7666900753974915
YFR016C,YKL095W,0,0.5625243,0.09801606088876724,0.7988450527191162,0.766790509223938
YER100W,YJL128C,0,0.5624808,0.09800449013710022,0.7988450527191162,0.7668908834457397
YEL019C,YNL023C,0,0.56239086,0.0979929193854332,0.7988450527191162,0.7669912576675415
YDR075W,YOR319W,0,0.5622994,0.09798134863376617,0.7988450527191162,0.7670916318893433
YMR061W,YDR165W,0,0.56229293,0.09796978533267975,0.7988450527191162,0.7671920657157898
YOL077W-A,YLR092W,1,0.5622335,0.0980762392282486,0.7998074889183044,0.7671920657157898
YDL074C,YKL014C,0,0.5617611,0.09806466847658157,0.7998074889183044,0.7672924399375916
YKL071W,YNR031C,0,0.5617497,0.09805309772491455,0.7998074889183044,0.7673928141593933
YLR208W,YDL124W,0,0.5615709,0.09804152697324753,0.7998074889183044,0.7674932479858398
YDL004W,YOR378W,1,0.5615376,0.0981479287147522,0.8007699847221375,0.7674932479858398
YHR063C,YHL026C,0,0.56150305,0.09813635051250458,0.8007699847221375,0.7675936222076416
YOR243C,YOR237W,0,0.5614438,0.09812477976083755,0.8007699847221375,0.7676939964294434
YGR261C,YKL035W,0,0.56140053,0.09811320900917053,0.8007699847221375,0.7677943706512451
YDR087C,YFL049W,0,0.5613903,0.09810163825750351,0.8007699847221375,0.7678948044776917
YJL193W,YLR241W,1,0.5612843,0.0982079729437828,0.8017324209213257,0.7678948044776917
YLR376C,YML066C,0,0.56127,0.09819639474153519,0.8017324209213257,0.7679951786994934
YBL099W,YGR065C,1,0.5610988,0.0983026847243309,0.8026949167251587,0.7679951786994934
YNL023C,YLR466W,0,0.5609921,0.09829109907150269,0.8026949167251587,0.7680955529212952
YPL023C,YPL158C,0,0.56062955,0.09827952086925507,0.8026949167251587,0.7681959867477417
YOR304W,YMR019W,0,0.5605222,0.09826794266700745,0.8026949167251587,0.7682963609695435
YOR324C,YHR050W,0,0.56050277,0.09825636446475983,0.8026949167251587,0.7683967351913452
YNL027W,YPR104C,0,0.56044805,0.09824478626251221,0.8026949167251587,0.768497109413147
YHR128W,YOR085W,0,0.56042445,0.09823321551084518,0.8026949167251587,0.7685975432395935
YPL113C,YBR098W,0,0.560356,0.09822164475917816,0.8026949167251587,0.7686979174613953
YOR312C,YGL194C,0,0.56021,0.09821008145809174,0.8026949167251587,0.768798291683197
YHR020W,YOR009W,0,0.5601808,0.09819851815700531,0.8026949167251587,0.7688987255096436
YFL055W,YOR126C,0,0.5599487,0.09818695485591888,0.8026949167251587,0.7689990997314453
YHR139C,YOR255W,0,0.5598904,0.09817539900541306,0.8026949167251587,0.7690994739532471
YPR199C,YPL181W,0,0.55958647,0.09816384315490723,0.8026949167251587,0.7691999077796936
YNL172W,YOR162C,0,0.5594252,0.0981522873044014,0.8026949167251587,0.7693002820014954
YML097C,YPL075W,0,0.5594028,0.09814073890447617,0.8026949167251587,0.7694006562232971
YDL093W,YDR041W,0,0.55930626,0.09812919050455093,0.8026949167251587,0.7695010304450989
YDL235C,YBR282W,0,0.55930424,0.0981176495552063,0.8026949167251587,0.7696014642715454
YEL006W,YNR002C,0,0.55929995,0.09810610860586166,0.8026949167251587,0.7697018384933472
YNL335W,YGL055W,0,0.5592315,0.09809456765651703,0.8026949167251587,0.7698022127151489
YMR318C,YBR173C,0,0.5591754,0.0980830267071724,0.8026949167251587,0.7699026465415955
YGL122C,YER018C,0,0.5590266,0.09807149320840836,0.8026949167251587,0.7700030207633972
YDL039C,YLL004W,0,0.5590055,0.09805996716022491,0.8026949167251587,0.770103394985199
YMR099C,YNR024W,0,0.558939,0.09804843366146088,0.8026949167251587,0.7702037692070007
YDR105C,YGL172W,0,0.55891925,0.09803690761327744,0.8026949167251587,0.7703042030334473
YKR081C,YJL206C,0,0.5588254,0.09802538901567459,0.8026949167251587,0.770404577255249
YJR046W,YNL047C,0,0.5587349,0.09801387041807175,0.8026949167251587,0.7705049514770508
YOL098C,YNR055C,0,0.5587294,0.0980023518204689,0.8026949167251587,0.7706053853034973
YFR027W,YBL067C,0,0.558522,0.09799083322286606,0.8026949167251587,0.7707057595252991
YMR321C,YGL139W,0,0.5584674,0.09797932207584381,0.8026949167251587,0.7708061337471008
YNL239W,YIR003W,0,0.5584062,0.09796781092882156,0.8026949167251587,0.7709065079689026
YOR068C,YOL145C,0,0.55839384,0.09795630723237991,0.8026949167251587,0.7710069417953491
YPR105C,YPL141C,0,0.5583248,0.09794480353593826,0.8026949167251587,0.7711073160171509
YPL236C,YGL126W,0,0.55809987,0.09793329983949661,0.8026949167251587,0.7712076902389526
YOR035C,YPR071W,0,0.5580429,0.09792180359363556,0.8026949167251587,0.7713081240653992
YER151C,YJL155C,0,0.55803657,0.0979103073477745,0.8026949167251587,0.7714084982872009
YPL104W,YFL025C,0,0.5580113,0.09789881110191345,0.8026949167251587,0.7715088725090027
YOL070C,YDR359C,0,0.558009,0.097887322306633,0.8026949167251587,0.7716092467308044
YOR113W,YNL118C,0,0.5579381,0.09787583351135254,0.8026949167251587,0.771709680557251
YPL162C,YLR073C,0,0.55786574,0.09786435216665268,0.8026949167251587,0.7718100547790527
YPL225W,YDR419W,0,0.557788,0.09785287082195282,0.8026949167251587,0.7719104290008545
YMR309C,YOR319W,0,0.5577497,0.09784138947725296,0.8026949167251587,0.772010862827301
YER014C-A,YIR026C,0,0.55756015,0.0978299155831337,0.8026949167251587,0.7721112370491028
YNL194C,YMR118C,0,0.55749846,0.09781843423843384,0.8026949167251587,0.7722116112709045
YGL096W,YCR055C,0,0.5574392,0.09780696779489517,0.8026949167251587,0.7723120450973511
YOR198C,YEL063C,0,0.5573895,0.09779549390077591,0.8026949167251587,0.7724124193191528
YNL090W,YDR408C,0,0.5573255,0.09778402745723724,0.8026949167251587,0.7725127935409546
YKL038W,YLR117C,0,0.5572969,0.09777256846427917,0.8026949167251587,0.7726131677627563
YPR011C,YLR241W,1,0.5572124,0.09787832945585251,0.8036573529243469,0.7726131677627563
YHR094C,YOR381W,1,0.5572058,0.09798406064510345,0.8046198487281799,0.7726131677627563
YDL142C,YML013W,0,0.55709416,0.0979725793004036,0.8046198487281799,0.7727136015892029
YBR290W,YOR088W,1,0.5570593,0.09807827323675156,0.8055822849273682,0.7727136015892029
YMR251W-A,YOR328W,0,0.5568725,0.0980667844414711,0.8055822849273682,0.7728139758110046
YBR182C,YNR021W,0,0.5567438,0.09805529564619064,0.8055822849273682,0.7729143500328064
YGL079W,YPL276W,0,0.55654883,0.09804380685091019,0.8055822849273682,0.7730147838592529
YKR099W,YPL075W,0,0.55637014,0.09803232550621033,0.8055822849273682,0.7731151580810547
YJL198W,YGL160W,1,0.55634546,0.09813795238733292,0.8065447807312012,0.7731151580810547
YIL018W,YJR017C,0,0.55628157,0.09812646359205246,0.8065447807312012,0.7732155323028564
YDR354W,YNL058C,0,0.5561563,0.098114974796772,0.8065447807312012,0.7733159065246582
YMR277W,YDR430C,0,0.55615574,0.09810348600149155,0.8065447807312012,0.7734163403511047
YDR506C,YDL194W,1,0.5560032,0.09820906072854996,0.8075072169303894,0.7734163403511047
YML127W,YDR365C,0,0.55597925,0.0981975644826889,0.8075072169303894,0.7735167145729065
YDR332W,YKL077W,0,0.5559753,0.09818607568740845,0.8075072169303894,0.7736170887947083
YBR235W,YKL062W,0,0.5559103,0.09817458689212799,0.8075072169303894,0.7737175226211548
YDL083C,YBL005W-B,0,0.5558913,0.09816309809684753,0.8075072169303894,0.7738178968429565
YOR334W,YNL197C,0,0.5558818,0.09815161675214767,0.8075072169303894,0.7739182710647583
YIL153W,YMR038C,0,0.55581105,0.09814013540744781,0.8075072169303894,0.7740186452865601
YKL049C,YKL175W,0,0.5557346,0.09812865406274796,0.8075072169303894,0.7741190791130066
YEL044W,YGR287C,0,0.55568314,0.09811718016862869,0.8075072169303894,0.7742194533348083
YOR214C,YLR435W,0,0.555544,0.09810570627450943,0.8075072169303894,0.7743198275566101
YJL160C,YGL073W,0,0.5554515,0.09809423238039017,0.8075072169303894,0.7744202613830566
YER190W,YDL039C,0,0.55535483,0.0980827659368515,0.8075072169303894,0.7745206356048584
YNL219C,YCR038C,0,0.5553063,0.09807130694389343,0.8075072169303894,0.7746210098266602
YJR054W,YPL235W,0,0.55515754,0.09805984050035477,0.8075072169303894,0.7747213840484619
YOL135C,YMR159C,0,0.5548817,0.0980483815073967,0.8075072169303894,0.7748218178749084
YOR357C,YOL077W-A,0,0.55473995,0.09803692251443863,0.8075072169303894,0.7749221920967102
YLR386W,YLL061W,0,0.55473816,0.09802547097206116,0.8075072169303894,0.775022566318512
YEL042W,YIL132C,0,0.55468315,0.09801401942968369,0.8075072169303894,0.7751230001449585
YLR229C,YOR323C,0,0.554547,0.09800256788730621,0.8075072169303894,0.7752233743667603
YPL234C,YER041W,0,0.55431134,0.09799112379550934,0.8075072169303894,0.775323748588562
YHR090C,YGL038C,0,0.5543041,0.09797967970371246,0.8075072169303894,0.7754241824150085
YOL116W,YML046W,0,0.5541219,0.09796823561191559,0.8075072169303894,0.7755245566368103
YDL058W,YPL192C,0,0.5540049,0.09795679897069931,0.8075072169303894,0.7756249308586121
YER002W,YOR249C,0,0.55387664,0.09794536232948303,0.8075072169303894,0.7757253050804138
YOR100C,YDL247W,1,0.553788,0.09805066138505936,0.8084696531295776,0.7757253050804138
YGL240W,YGR059W,0,0.5536828,0.09803921729326248,0.8084696531295776,0.7758257389068604
YML080W,YER129W,0,0.55363375,0.0980277732014656,0.8084696531295776,0.7759261131286621
YNR032C-A,YHR062C,0,0.5535059,0.09801633656024933,0.8084696531295776,0.7760264873504639
YGR177C,YDR257C,0,0.5533467,0.09800489991903305,0.8084696531295776,0.7761269211769104
YDR470C,YPR128C,1,0.553332,0.0981101244688034,0.8094321489334106,0.7761269211769104
YNL027W,YKR027W,0,0.5532971,0.09809868037700653,0.8094321489334106,0.7762272953987122
YBR281C,YNR024W,0,0.5532563,0.09808724373579025,0.8094321489334106,0.7763276696205139
YPL023C,YMR251W-A,0,0.553167,0.09807579964399338,0.8094321489334106,0.7764280438423157
YKR026C,YHR033W,0,0.5531493,0.0980643630027771,0.8094321489334106,0.7765284776687622
YMR251W-A,YNL294C,0,0.5530752,0.09805293381214142,0.8094321489334106,0.776628851890564
YER022W,YHL012W,0,0.5529697,0.09804150462150574,0.8094321489334106,0.7767292261123657
YBL013W,YLR337C,0,0.5528255,0.09803007543087006,0.8094321489334106,0.7768296599388123
YBR079C,YLR143W,0,0.55277985,0.09801864624023438,0.8094321489334106,0.776930034160614
YCR098C,YCR075C,1,0.5527098,0.09812375903129578,0.8103945851325989,0.776930034160614
YOR283W,YBR154C,0,0.5526884,0.0981123298406601,0.8103945851325989,0.7770304083824158
YJR108W,YFR045W,0,0.5526068,0.09810090065002441,0.8103945851325989,0.7771307826042175
YDR484W,YLR449W,0,0.55245024,0.09808947145938873,0.8103945851325989,0.7772312164306641
YGR249W,YGL045W,0,0.5523559,0.09807804226875305,0.8103945851325989,0.7773315906524658
YLR138W,YNR060W,1,0.5523519,0.09818308800458908,0.8113570809364319,0.7773315906524658
YHR148W,YMR192W,0,0.552327,0.0981716513633728,0.8113570809364319,0.7774319648742676
YDR506C,YBR132C,1,0.552176,0.09827666729688644,0.8123195171356201,0.7774319648742676
YMR271C,YIL014W,0,0.55217415,0.09826522320508957,0.8123195171356201,0.7775323987007141
YGL129C,YAL048C,0,0.55213165,0.09825378656387329,0.8123195171356201,0.7776327729225159
YKL074C,YDR369C,0,0.55210245,0.09824234992265701,0.8123195171356201,0.7777331471443176
YLR133W,YNL243W,0,0.55206406,0.09823091328144073,0.8123195171356201,0.7778335213661194
YDR310C,YDL243C,0,0.55201346,0.09821948409080505,0.8123195171356201,0.7779339551925659
YLR369W,YDR383C,0,0.5520002,0.09820805490016937,0.8123195171356201,0.7780343294143677
YPL086C,YOR025W,0,0.5519762,0.09819662570953369,0.8123195171356201,0.7781347036361694
YKL171W,YDR111C,0,0.5519072,0.09818520396947861,0.8123195171356201,0.778235137462616
YMR169C,YNL265C,0,0.5515885,0.09817378222942352,0.8123195171356201,0.7783355116844177
YNL275W,YCL073C,1,0.551526,0.09827867150306702,0.8132820129394531,0.7783355116844177
YDR444W,YDL058W,0,0.5514774,0.09826724231243134,0.8132820129394531,0.7784358859062195
YCL073C,YLR443W,1,0.55138654,0.09837209433317184,0.8142444491386414,0.7784358859062195
YJL191W,YDR237W,0,0.5513799,0.09836065769195557,0.8142444491386414,0.778536319732666
YDR083W,YLR077W,0,0.55133665,0.09834922105073929,0.8142444491386414,0.7786366939544678
YDR266C,YLR203C,0,0.55129796,0.09833779186010361,0.8142444491386414,0.7787370681762695
YOR353C,YPL108W,0,0.55117524,0.09832636266946793,0.8142444491386414,0.7788374423980713
YJL151C,YBR141C,0,0.55108166,0.09831493347883224,0.8142444491386414,0.7789378762245178
YOL122C,YJR040W,1,0.55107343,0.09841970354318619,0.8152069449424744,0.7789378762245178
YDL092W,YBL071W-A,0,0.55100167,0.0984082743525505,0.8152069449424744,0.7790382504463196
YIL103W,YDL209C,0,0.5507387,0.09839683771133423,0.8152069449424744,0.7791386246681213
YMR115W,YHR205W,0,0.55064833,0.09838540852069855,0.8152069449424744,0.7792390584945679
YER127W,YGR170W,0,0.55063117,0.09837398678064346,0.8152069449424744,0.7793394327163696
YFL054C,YBR129C,0,0.55058146,0.09836255759000778,0.8152069449424744,0.7794398069381714
YOR241W,YBL045C,0,0.550527,0.0983511358499527,0.8152069449424744,0.7795401811599731
YBR207W,YGL167C,1,0.5505106,0.09845582395792007,0.8161693811416626,0.7795401811599731
YEL063C,YLR442C,0,0.550345,0.0984443947672844,0.8161693811416626,0.7796406149864197
YIL066C,YJL026W,0,0.55032694,0.09843296557664871,0.8161693811416626,0.7797409892082214
YLL040C,YEL048C,0,0.5502364,0.09842154383659363,0.8161693811416626,0.7798413634300232
YJR118C,YGR095C,0,0.5502349,0.09841012209653854,0.8161693811416626,0.7799417972564697
YKL119C,YNR038W,0,0.5501105,0.09839870035648346,0.8161693811416626,0.7800421714782715
YGL150C,YDR545W,0,0.550089,0.09838728606700897,0.8161693811416626,0.7801425457000732
YGR287C,YPR017C,0,0.5500789,0.09837587177753448,0.8161693811416626,0.780242919921875
YDL055C,YPL066W,0,0.54995716,0.09836445748806,0.8161693811416626,0.7803433537483215
YEL040W,YNL024C,0,0.54981965,0.09835305064916611,0.8161693811416626,0.7804437279701233
YOR100C,YPL187W,0,0.54979753,0.09834164381027222,0.8161693811416626,0.780544102191925
YKR105C,YDR135C,1,0.54973984,0.09844619780778885,0.8171318769454956,0.780544102191925
YLR398C,YDR123C,0,0.54972357,0.09843478351831436,0.8171318769454956,0.7806445360183716
YER104W,YIL017C,0,0.54972017,0.09842336922883987,0.8171318769454956,0.7807449102401733
YCL048W,YPL192C,0,0.54967254,0.09841196238994598,0.8171318769454956,0.7808452844619751
YDR517W,YML066C,0,0.54965,0.0984005555510521,0.8171318769454956,0.7809456586837769
YFL026W,YLR148W,0,0.5495042,0.0983891561627388,0.8171318769454956,0.7810460925102234
YLR421C,YBR210W,0,0.549472,0.09837774932384491,0.8171318769454956,0.7811464667320251
YLL004W,YDR352W,0,0.5494355,0.09836635738611221,0.8171318769454956,0.7812468409538269
YKL041W,YOR390W,1,0.54937416,0.09847080707550049,0.8180943131446838,0.7812468409538269
YBL005W-A,YIL043C,0,0.54930115,0.0984594002366066,0.8180943131446838,0.7813472747802734
YLR004C,YLR148W,0,0.5492046,0.09844799339771271,0.8180943131446838,0.7814476490020752
YCR098C,YLR214W,1,0.54918975,0.098552405834198,0.8190568089485168,0.7814476490020752
YEL042W,YER074W-A,0,0.54905796,0.09854099154472351,0.8190568089485168,0.781548023223877
YNL304W,YDR482C,0,0.5488341,0.09852958470582962,0.8190568089485168,0.7816484570503235
YOR086C,YPR141C,0,0.5487365,0.09851817786693573,0.8190568089485168,0.7817488312721252
YMR275C,YDR284C,0,0.54865515,0.09850677102804184,0.8190568089485168,0.781849205493927
YNR039C,YOR130C,1,0.54843986,0.09861110895872116,0.8200192451477051,0.781849205493927
YDR369C,YHR079C-A,0,0.5482267,0.09859970211982727,0.8200192451477051,0.7819495797157288
YPL115C,YPL108W,0,0.54821837,0.09858828783035278,0.8200192451477051,0.7820500135421753
YLL015W,YMR176W,0,0.5479938,0.09857688099145889,0.8200192451477051,0.782150387763977
YIR038C,YPL058C,0,0.5478834,0.0985654816031456,0.8200192451477051,0.7822507619857788
YHL001W,YNL176C,0,0.5478219,0.09855407476425171,0.8200192451477051,0.7823511958122253
YOR136W,YPL198W,0,0.5475315,0.09854267537593842,0.8200192451477051,0.7824515700340271
YOL088C,YBR235W,0,0.54751873,0.09853128343820572,0.8200192451477051,0.7825519442558289
YJR130C,YDL005C,0,0.54739624,0.09851989150047302,0.8200192451477051,0.7826523184776306
YIL130W,YGR129W,0,0.5473538,0.09850849956274033,0.8200192451477051,0.7827527523040771
YGR068C,YMR090W,0,0.5471227,0.09849710762500763,0.8200192451477051,0.7828531265258789
YEL019C,YLR233C,0,0.5468851,0.09848572313785553,0.8200192451477051,0.7829535007476807
YLR117C,YLR189C,0,0.5468118,0.09847433865070343,0.8200192451477051,0.7830539345741272
YLR024C,YLL039C,0,0.546747,0.09846296161413193,0.8200192451477051,0.783154308795929
YOR198C,YMR239C,0,0.5466732,0.09845158457756042,0.8200192451477051,0.7832546830177307
YLL016W,YGR238C,0,0.5464478,0.09844020754098892,0.8200192451477051,0.7833550572395325
YML047C,YOR306C,1,0.54630494,0.09854435920715332,0.8209817409515381,0.7833550572395325
YPL139C,YMR034C,0,0.54627717,0.09853298217058182,0.8209817409515381,0.783455491065979
YOL089C,YLR050C,0,0.546232,0.09852159768342972,0.8209817409515381,0.7835558652877808
YDR454C,YDR506C,0,0.5462265,0.09851022064685822,0.8209817409515381,0.7836562395095825
YHL021C,YIL156W,0,0.54621804,0.09849884361028671,0.8209817409515381,0.783756673336029
YER038C,YDL119C,0,0.54608715,0.0984874740242958,0.8209817409515381,0.7838570475578308
YHR202W,YGR244C,0,0.54607314,0.0984761044383049,0.8209817409515381,0.7839574217796326
YMR213W,YIL033C,0,0.5460563,0.098464734852314,0.8209817409515381,0.7840577960014343
YLR130C,YOR071C,1,0.5460325,0.09856878966093063,0.8219441771507263,0.7840577960014343
YLR190W,YNL238W,0,0.54601514,0.09855741262435913,0.8219441771507263,0.7841582298278809
YJL114W,YMR105C,0,0.5458479,0.09854604303836823,0.8219441771507263,0.7842586040496826
YKL170W,YOR351C,0,0.5458382,0.09853467345237732,0.8219441771507263,0.7843589782714844
YDL064W,YDR170C,0,0.54576683,0.09852330386638641,0.8219441771507263,0.7844594120979309
YJL160C,YBR244W,0,0.5456848,0.0985119417309761,0.8219441771507263,0.7845597863197327
YBR037C,YKR088C,0,0.54563975,0.0985005795955658,0.8219441771507263,0.7846601605415344
YBR222C,YBR038W,0,0.54563856,0.09848921746015549,0.8219441771507263,0.784760594367981
YPR072W,YOL008W,0,0.54554725,0.09847786277532578,0.8219441771507263,0.7848609685897827
YHR196W,YBR057C,0,0.5454818,0.09846650809049606,0.8219441771507263,0.7849613428115845
YAL068C,YNL230C,0,0.54536104,0.09845515340566635,0.8219441771507263,0.7850617170333862
YKR102W,YBR193C,0,0.5453609,0.09844380617141724,0.8219441771507263,0.7851621508598328
YCR093W,YAL028W,0,0.5453588,0.09843245893716812,0.8219441771507263,0.7852625250816345
YDR255C,YJL004C,0,0.5453215,0.098421111702919,0.8219441771507263,0.7853628993034363
YGR072W,YBR021W,0,0.5450975,0.09840977191925049,0.8219441771507263,0.7854633331298828
YJL206C,YLR216C,0,0.54504967,0.09839843213558197,0.8219441771507263,0.7855637073516846
YGL080W,YIL006W,1,0.5449346,0.09850230067968369,0.8229066133499146,0.7855637073516846
YLL040C,YPR057W,0,0.5448411,0.09849096089601517,0.8229066133499146,0.7856640815734863
YCL020W,YBR177C,0,0.54476863,0.09847961366176605,0.8229066133499146,0.7857644557952881
YOR380W,YMR277W,0,0.544722,0.09846827387809753,0.8229066133499146,0.7858648896217346
YMR162C,YPR022C,0,0.54463613,0.09845693409442902,0.8229066133499146,0.7859652638435364
YCR093W,YPL066W,0,0.5443021,0.0984455943107605,0.8229066133499146,0.7860656380653381
YHR061C,YJL050W,0,0.54429245,0.09843426197767258,0.8229066133499146,0.7861660718917847
YPL021W,YBR049C,0,0.5441432,0.09842292964458466,0.8229066133499146,0.7862664461135864
YLL066C,YDR331W,0,0.54410934,0.09841160476207733,0.8229066133499146,0.7863668203353882
YOR283W,YLR183C,0,0.54405713,0.09840027987957001,0.8229066133499146,0.7864671945571899
YMR074C,YEL043W,0,0.5439764,0.09838895499706268,0.8229066133499146,0.7865676283836365
YDL211C,YPR164W,0,0.54342455,0.09837763011455536,0.8229066133499146,0.7866680026054382
YOR180C,YAR031W,0,0.5433774,0.09836631268262863,0.8229066133499146,0.78676837682724
YNR032W,YLR228C,0,0.543205,0.0983549952507019,0.8229066133499146,0.7868688106536865
YNL245C,YLR222C,0,0.54310656,0.09834368526935577,0.8229066133499146,0.7869691848754883
YHR202W,YLR369W,0,0.5429843,0.09833237528800964,0.8229066133499146,0.78706955909729
YBR177C,YKR078W,0,0.54291725,0.09832106530666351,0.8229066133499146,0.7871699333190918
YDL193W,YER118C,0,0.5428191,0.09830976277589798,0.8229066133499146,0.7872703671455383
YHR162W,YDL120W,1,0.54277205,0.09841343015432358,0.8238691091537476,0.7872703671455383
YKR031C,YPL117C,0,0.54275084,0.09840211272239685,0.8238691091537476,0.7873707413673401
YBR301W,YGR067C,0,0.54275,0.09839080274105072,0.8238691091537476,0.7874711155891418
YML071C,YAR066W,0,0.54253864,0.09837950021028519,0.8238691091537476,0.7875715494155884
YBR298C,YOR109W,0,0.54248255,0.09836819022893906,0.8238691091537476,0.7876719236373901
YDR338C,YKL213C,0,0.5424788,0.09835688769817352,0.8238691091537476,0.7877722978591919
YJR132W,YIL021W,0,0.542423,0.09834558516740799,0.8238691091537476,0.7878727316856384
YKL165C,YDL188C,0,0.5421971,0.09833429008722305,0.8238691091537476,0.7879731059074402
YOL154W,YNL031C,0,0.5421619,0.09832299500703812,0.8238691091537476,0.7880734801292419
YDR403W,YLR260W,0,0.5421276,0.09831169992685318,0.8238691091537476,0.7881738543510437
YBR141C,YNL304W,0,0.5419751,0.09830041229724884,0.8238691091537476,0.7882742881774902
YKL015W,YGR152C,0,0.54181325,0.0982891246676445,0.8238691091537476,0.788374662399292
YOR279C,YLR132C,0,0.5417516,0.09827784448862076,0.8238691091537476,0.7884750366210938
YIL046W,YPL162C,0,0.5417256,0.09826655685901642,0.8238691091537476,0.7885754704475403
YER022W,YPL141C,0,0.5416687,0.09825527667999268,0.8238691091537476,0.788675844669342
YER138C,YHR187W,0,0.54164624,0.09824400395154953,0.8238691091537476,0.7887762188911438
YLL021W,YBL005W-B,0,0.541616,0.09823273122310638,0.8238691091537476,0.7888765931129456
YDR545W,YJL208C,0,0.5415266,0.09822145849466324,0.8238691091537476,0.7889770269393921
YGR023W,YLL053C,0,0.5415263,0.09821018576622009,0.8238691091537476,0.7890774011611938
YGL255W,YGR192C,1,0.54152614,0.09831363707780838,0.8248315453529358,0.7890774011611938
YNR060W,YBR026C,0,0.5415141,0.09830236434936523,0.8248315453529358,0.7891777753829956
YPL056C,YNL302C,0,0.54144126,0.09829109162092209,0.8248315453529358,0.7892782092094421
YER157W,YBL072C,0,0.5414164,0.09827981889247894,0.8248315453529358,0.7893785834312439
YMR279C,YMR056C,1,0.5412915,0.09838321059942245,0.8257940411567688,0.7893785834312439
YIL108W,YOR132W,0,0.54125553,0.09837193042039871,0.8257940411567688,0.7894789576530457
YHL002W,YFL041W,1,0.54119074,0.09847529232501984,0.826756477355957,0.7894789576530457
YIL030C,YBR139W,0,0.54115736,0.0984640046954155,0.826756477355957,0.7895793318748474
YML109W,YHR037W,0,0.5410601,0.09845272451639175,0.826756477355957,0.789679765701294
YHR132C,YKL071W,0,0.5410033,0.09844143688678741,0.826756477355957,0.7897801399230957
YBL013W,YHR079C-A,0,0.54097843,0.09843015670776367,0.826756477355957,0.7898805141448975
YDR438W,YDR237W,0,0.5408891,0.09841888397932053,0.826756477355957,0.789980947971344
YBL063W,YBR168W,0,0.5408274,0.09840760380029678,0.826756477355957,0.7900813221931458
YLR092W,YAL017W,0,0.54079753,0.09839633107185364,0.826756477355957,0.7901816964149475
YPR162C,YOR275C,0,0.54066145,0.09838506579399109,0.826756477355957,0.7902820706367493
YML058W,YDR410C,0,0.5406492,0.09837380051612854,0.826756477355957,0.7903825044631958
YBL089W,YGL049C,0,0.5406216,0.09836253523826599,0.826756477355957,0.7904828786849976
YNL259C,YPR128C,1,0.5405904,0.09846576303243637,0.82771897315979,0.7904828786849976
YBR186W,YBL105C,0,0.5404722,0.09845449030399323,0.82771897315979,0.7905832529067993
YHR090C,YBR201W,0,0.54043543,0.09844322502613068,0.82771897315979,0.7906836867332458
YPL078C,YBR220C,1,0.5403751,0.09854640811681747,0.8286814093589783,0.7906836867332458
YHR164C,YOL077W-A,0,0.54035306,0.09853513538837433,0.8286814093589783,0.7907840609550476
YER138C,YDR034C,0,0.54034317,0.09852385520935059,0.8286814093589783,0.7908844351768494
YIL122W,YGR072W,0,0.54021585,0.09851258248090744,0.8286814093589783,0.7909848690032959
YDR343C,YMR283C,0,0.54019165,0.09850131720304489,0.8286814093589783,0.7910852432250977
YER081W,YHR080C,0,0.54013354,0.09849004447460175,0.8286814093589783,0.7911856174468994
YDR398W,YNL176C,0,0.5400833,0.0984787866473198,0.8286814093589783,0.7912859916687012
YNL132W,YLR309C,0,0.5400003,0.09846752136945724,0.8286814093589783,0.7913864254951477
YNL090W,YMR210W,0,0.5399495,0.09845626354217529,0.8286814093589783,0.7914867997169495
YOR287C,YML061C,0,0.5399307,0.09844500571489334,0.8286814093589783,0.7915871739387512
YDR186C,YGR165W,0,0.5399044,0.09843374788761139,0.8286814093589783,0.7916876077651978
YJR054W,YGL080W,1,0.5399033,0.09853681176900864,0.8296439051628113,0.7916876077651978
YHR113W,YLR278C,0,0.539755,0.09852554649114609,0.8296439051628113,0.7917879819869995
YLR297W,YCR027C,0,0.53974026,0.09851428866386414,0.8296439051628113,0.7918883562088013
YKL027W,YNL252C,0,0.53966886,0.09850303083658218,0.8296439051628113,0.791988730430603
YBR203W,YDR122W,0,0.53964823,0.09849177300930023,0.8296439051628113,0.7920891642570496
YDL133C-A,YGR012W,0,0.5395224,0.09848052263259888,0.8296439051628113,0.7921895384788513
YOL029C,YLR009W,0,0.53946096,0.09846927225589752,0.8296439051628113,0.7922899127006531
YLR129W,YNL083W,0,0.5394505,0.09845802187919617,0.8296439051628113,0.7923903465270996
YHR090C,YDR385W,0,0.53940386,0.09844677895307541,0.8296439051628113,0.7924907207489014
YDR191W,YDR205W,0,0.5393785,0.09843553602695465,0.8296439051628113,0.7925910949707031
YGL179C,YEL020C,0,0.53936946,0.09842430055141449,0.8296439051628113,0.7926914691925049
YOR090C,YGR089W,0,0.5393286,0.09841305762529373,0.8296439051628113,0.7927919030189514
YNL181W,YHR096C,0,0.5393061,0.09840182960033417,0.8296439051628113,0.7928922772407532
YDR259C,YDR394W,0,0.5392986,0.098390594124794,0.8296439051628113,0.7929926514625549
YMR279C,YPR036W,1,0.53918743,0.09849349409341812,0.8306063413619995,0.7929926514625549
YER015W,YDR386W,0,0.53909826,0.09848225861787796,0.8306063413619995,0.7930930852890015
YCL040W,YNL138W-A,0,0.5390964,0.0984710156917572,0.8306063413619995,0.7931934595108032
YMR067C,YDL222C,0,0.538937,0.09845978021621704,0.8306063413619995,0.793293833732605
YKL199C,YHL047C,1,0.53889644,0.09856262803077698,0.8315688371658325,0.793293833732605
YLR115W,YCR043C,0,0.5388311,0.09855138510465622,0.8315688371658325,0.7933942079544067
YLR382C,YDR406W,0,0.5388169,0.09854014962911606,0.8315688371658325,0.7934946417808533
YHR029C,YLR143W,0,0.5388165,0.0985289067029953,0.8315688371658325,0.793595016002655
YBR080C,YHR108W,0,0.5387136,0.09851767122745514,0.8315688371658325,0.7936953902244568
YGL231C,YGR212W,0,0.538647,0.09850644320249557,0.8315688371658325,0.7937958240509033
YCR042C,YDL029W,0,0.53860056,0.09849521517753601,0.8315688371658325,0.7938961982727051
YIL076W,YLR115W,0,0.5383822,0.09848398715257645,0.8315688371658325,0.7939965724945068
YEL044W,YKL046C,0,0.53836566,0.09847275912761688,0.8315688371658325,0.7940970063209534
YFR040W,YOR291W,1,0.5383619,0.09857549518346786,0.8325312733650208,0.7940970063209534
YIR003W,YCR023C,0,0.53835285,0.0985642671585083,0.8325312733650208,0.7941973805427551
YMR203W,YHR162W,1,0.5381643,0.0986669734120369,0.8334937691688538,0.7941973805427551
YNL045W,YJR006W,0,0.53812486,0.09865573048591614,0.8334937691688538,0.7942977547645569
YBR128C,YBR065C,0,0.5380471,0.09864449501037598,0.8334937691688538,0.7943981289863586
YPR133C,YOR133W,0,0.5379729,0.09863325953483582,0.8334937691688538,0.7944985628128052
YNL287W,YDL087C,0,0.5378748,0.09862202405929565,0.8334937691688538,0.7945989370346069
YMR034C,YKL157W,0,0.5377943,0.09861079603433609,0.8334937691688538,0.7946993112564087
YIL128W,YIL005W,0,0.5377359,0.09859956800937653,0.8334937691688538,0.7947997450828552
YIL105C,YAL068C,0,0.5377035,0.09858833998441696,0.8334937691688538,0.794900119304657
YDL171C,YPL133C,0,0.5376754,0.098577119410038,0.8334937691688538,0.7950004935264587
YER078C,YLR249W,0,0.53764814,0.09856589883565903,0.8334937691688538,0.7951008677482605
YKR002W,YML016C,0,0.53757733,0.09855468571186066,0.8334937691688538,0.795201301574707
YGR125W,YCR027C,1,0.53757334,0.09865725785493851,0.834456205368042,0.795201301574707
YNR004W,YDL179W,0,0.53747934,0.09864603728055954,0.834456205368042,0.7953016757965088
YJR137C,YBR257W,0,0.53746605,0.09863480925559998,0.834456205368042,0.7954020500183105
YDR373W,YDL024C,0,0.53744626,0.09862358868122101,0.834456205368042,0.7955024838447571
YPL002C,YGR287C,0,0.53743845,0.09861237555742264,0.834456205368042,0.7956028580665588
YFL050C,YDL206W,1,0.5372813,0.09871488809585571,0.835418701171875,0.7956028580665588
YLR345W,YLR228C,0,0.5371901,0.09870366007089615,0.835418701171875,0.7957032322883606
YNL054W,YHL018W,0,0.53717816,0.09869243949651718,0.835418701171875,0.7958036065101624
YLL016W,YBR073W,0,0.5368314,0.09868121892213821,0.835418701171875,0.7959040403366089
YMR154C,YKL222C,0,0.53673166,0.09866999834775925,0.835418701171875,0.7960044145584106
YJR151C,YBL113C,0,0.5367218,0.09865878522396088,0.835418701171875,0.7961047887802124
YHR205W,YCR023C,0,0.5365958,0.0986475721001625,0.835418701171875,0.7962052226066589
YOL089C,YKL103C,0,0.5364889,0.09863636642694473,0.835418701171875,0.7963055968284607
YMR101C,YHR143W-A,0,0.5364584,0.09862515330314636,0.835418701171875,0.7964059710502625
YOR372C,YPL066W,0,0.5364071,0.09861395508050919,0.835418701171875,0.7965063452720642
YBR119W,YMR054W,0,0.536125,0.09860274940729141,0.835418701171875,0.7966067790985107
YKL074C,YKL107W,0,0.53607255,0.09859155118465424,0.835418701171875,0.7967071533203125
YGR033C,YPL178W,0,0.5360359,0.09858035296201706,0.835418701171875,0.7968075275421143
YLR119W,YGR125W,1,0.53602374,0.0986827164888382,0.8363811373710632,0.7968075275421143
YJR057W,YIL044C,0,0.5360234,0.09867151081562042,0.8363811373710632,0.7969079613685608
YGL077C,YPL279C,1,0.5359409,0.09877384454011917,0.8373435735702515,0.7969079613685608
YDR480W,YDR403W,0,0.5358362,0.0987626314163208,0.8373435735702515,0.7970083355903625
YPR174C,YHR193C,0,0.53575623,0.09875141829252243,0.8373435735702515,0.7971087098121643
YJL011C,YER130C,0,0.5357244,0.09874021261930466,0.8373435735702515,0.7972091436386108
YGL255W,YBR080C,0,0.5356499,0.09872900694608688,0.8373435735702515,0.7973095178604126
YDR386W,YDR449C,0,0.53563845,0.09871780127286911,0.8373435735702515,0.7974098920822144
YGR235C,YJL020C,0,0.5356041,0.09870660305023193,0.8373435735702515,0.7975102663040161
YPL056C,YJR021C,0,0.53520024,0.09869540482759476,0.8373435735702515,0.7976107001304626
YML099C,YOL008W,0,0.53515506,0.09868421405553818,0.8373435735702515,0.7977110743522644
YAR066W,YJR041C,0,0.5350814,0.098673015832901,0.8373435735702515,0.7978114485740662
YGR041W,YNL010W,0,0.53501296,0.09866182506084442,0.8373435735702515,0.7979118824005127
YJL054W,YDR322C-A,0,0.5348145,0.09865064173936844,0.8373435735702515,0.7980122566223145
YJR120W,YDR494W,0,0.5347394,0.09863945841789246,0.8373435735702515,0.7981126308441162
YER129W,YLR002C,0,0.5345799,0.09862827509641647,0.8373435735702515,0.798213005065918
YDR500C,YDR506C,0,0.5345215,0.09861709177494049,0.8373435735702515,0.7983134388923645
YOR162C,YLR440C,0,0.5342683,0.0986059159040451,0.8373435735702515,0.7984138131141663
YAL007C,YGR118W,0,0.53409076,0.09859474003314972,0.8373435735702515,0.798514187335968
YAL032C,YGR268C,0,0.53408074,0.09858357161283493,0.8373435735702515,0.7986146211624146
YER087W,YLL027W,0,0.53392166,0.09857240319252014,0.8373435735702515,0.7987149953842163
YPL096W,YML028W,0,0.5338593,0.09856123477220535,0.8373435735702515,0.7988153696060181
YMR101C,YGR222W,0,0.53381956,0.09855006635189056,0.8373435735702515,0.7989157438278198
YEL060C,YGL210W-A,0,0.5337852,0.09853890538215637,0.8373435735702515,0.7990161776542664
YLR128W,YOL058W,0,0.5337353,0.09852774441242218,0.8373435735702515,0.7991165518760681
YPL271W,YPL279C,1,0.5336928,0.09862982481718063,0.8383060693740845,0.7991165518760681
YOR283W,YER060W,0,0.5335977,0.09861865639686584,0.8383060693740845,0.7992169260978699
YBR129C,YDR090C,0,0.5335975,0.09860749542713165,0.8383060693740845,0.7993173599243164
YKL061W,YLR408C,0,0.5335644,0.09859633445739746,0.8383060693740845,0.7994177341461182
YBR119W,YGR277C,0,0.53345686,0.09858517348766327,0.8383060693740845,0.7995181083679199
YGR027C,YJL050W,0,0.5334438,0.09857401251792908,0.8383060693740845,0.7996184825897217
YKL074C,YBL050W,0,0.5334347,0.09856285899877548,0.8383060693740845,0.7997189164161682
YCR042C,YOR140W,0,0.53325295,0.09855170547962189,0.8383060693740845,0.79981929063797
YKL165C,YMR162C,0,0.5332374,0.09854055941104889,0.8383060693740845,0.7999196648597717
YIR035C,YGR227W,0,0.533201,0.09852941334247589,0.8383060693740845,0.8000200986862183
YFL052W,YNL160W,0,0.5330884,0.0985182672739029,0.8383060693740845,0.80012047290802
YOR129C,YMR014W,0,0.5329287,0.09850712865591049,0.8383060693740845,0.8002208471298218
YGL192W,YNR004W,0,0.5329174,0.0984959825873375,0.8383060693740845,0.8003212809562683
YOR214C,YGR224W,0,0.5328177,0.09848485141992569,0.8383060693740845,0.8004216551780701
YGR052W,YIL127C,0,0.53274566,0.09847371280193329,0.8383060693740845,0.8005220293998718
YML081W,YFR025C,0,0.5327009,0.09846258163452148,0.8383060693740845,0.8006224036216736
YPL236C,YML101C,0,0.532687,0.09845145046710968,0.8383060693740845,0.8007228374481201
YGL212W,YMR054W,0,0.5326769,0.09844032675027847,0.8383060693740845,0.8008232116699219
YBR008C,YFR009W,0,0.53266895,0.09842920303344727,0.8383060693740845,0.8009235858917236
YBR275C,YBR167C,0,0.532614,0.09841807931661606,0.8383060693740845,0.8010240197181702
YDL206W,YML008C,0,0.53255117,0.09840696305036545,0.8383060693740845,0.8011243939399719
YOL112W,YDR109C,0,0.53254235,0.09839583933353424,0.8383060693740845,0.8012247681617737
YOL051W,YCR107W,0,0.532229,0.09838473051786423,0.8383060693740845,0.8013251423835754
YIR031C,YOR207C,0,0.5322252,0.09837361425161362,0.8383060693740845,0.801425576210022
YLR023C,YER018C,0,0.53207237,0.0983625054359436,0.8383060693740845,0.8015259504318237
YJL029C,YLR320W,0,0.5318206,0.09835139662027359,0.8383060693740845,0.8016263246536255
YDR471W,YOR251C,0,0.5315509,0.09834029525518417,0.8383060693740845,0.801726758480072
YGL231C,YLR196W,0,0.53143346,0.09832919389009476,0.8383060693740845,0.8018271327018738
YNR069C,YMR244C-A,0,0.53141516,0.09831809252500534,0.8383060693740845,0.8019275069236755
YIL147C,YGR055W,0,0.5314007,0.09830699861049652,0.8383060693740845,0.8020278811454773
YER176W,YBR204C,0,0.5313591,0.0982959046959877,0.8383060693740845,0.8021283149719238
YML109W,YBR061C,0,0.5313046,0.09828481078147888,0.8383060693740845,0.8022286891937256
YLR138W,YHR012W,0,0.5310854,0.09827372431755066,0.8383060693740845,0.8023290634155273
YBR052C,YBR218C,0,0.53098387,0.09826263785362244,0.8383060693740845,0.8024294972419739
YNL099C,YIL080W,0,0.5309627,0.09825155138969421,0.8383060693740845,0.8025298714637756
YOR378W,YDL245C,1,0.53086114,0.09835325926542282,0.8392685055732727,0.8025298714637756
YBL028C,YIL118W,0,0.53077495,0.098342165350914,0.8392685055732727,0.8026302456855774
YPR145W,YOR123C,0,0.5307691,0.09833107888698578,0.8392685055732727,0.8027306199073792
YCL068C,YGL236C,0,0.5307567,0.09831999242305756,0.8392685055732727,0.8028310537338257
YPL178W,YLR002C,0,0.5307175,0.09830890595912933,0.8392685055732727,0.8029314279556274
YDL119C,YDR007W,0,0.53071034,0.09829782694578171,0.8392685055732727,0.8030318021774292
YHR079C-A,YOR099W,0,0.5306945,0.09828674793243408,0.8392685055732727,0.8031322360038757
YJR054W,YHR096C,1,0.53062665,0.09838836640119553,0.8402310013771057,0.8031322360038757
YLR004C,YDL106C,0,0.530607,0.0983772799372673,0.8402310013771057,0.8032326102256775
YGR067C,YFR021W,0,0.53060484,0.09836619347333908,0.8402310013771057,0.8033329844474792
YOL049W,YML073C,0,0.53058064,0.09835511445999146,0.8402310013771057,0.8034334182739258
YOL158C,YDR427W,0,0.53045183,0.09834403544664383,0.8402310013771057,0.8035337924957275
YCR045C,YBR167C,0,0.5304352,0.0983329564332962,0.8402310013771057,0.8036341667175293
YMR242C,YAR033W,0,0.5303334,0.09832188487052917,0.8402310013771057,0.803734540939331
YMR293C,YOL107W,0,0.5303332,0.09831081330776215,0.8402310013771057,0.8038349747657776
YAL001C,YLR377C,0,0.5303048,0.09829974174499512,0.8402310013771057,0.8039353489875793
YJL194W,YML067C,0,0.53026336,0.09828867018222809,0.8402310013771057,0.8040357232093811
YFL054C,YNL048W,0,0.53022414,0.09827760607004166,0.8402310013771057,0.8041361570358276
YNL318C,YMR160W,0,0.53022283,0.09826654940843582,0.8402310013771057,0.8042365312576294
YCR106W,YPR200C,0,0.5301049,0.09825548529624939,0.8402310013771057,0.8043369054794312
YIL036W,YPR091C,0,0.53005093,0.09824442863464355,0.8402310013771057,0.8044372797012329
YKL082C,YML039W,0,0.53000367,0.09823337197303772,0.8402310013771057,0.8045377135276794
YGL065C,YIR003W,0,0.5298414,0.09822232276201248,0.8402310013771057,0.8046380877494812
YPL132W,YNL029C,0,0.5298196,0.09821127355098724,0.8402310013771057,0.804738461971283
YOR106W,YCR031C,0,0.52974296,0.098200224339962,0.8402310013771057,0.8048388957977295
YGL121C,YBR216C,0,0.52962494,0.09818918257951736,0.8402310013771057,0.8049392700195312
YHR009C,YOR109W,0,0.52962166,0.09817814081907272,0.8402310013771057,0.805039644241333
YFR051C,YDR210W,0,0.5294301,0.09816709905862808,0.8402310013771057,0.8051400184631348
YLR001C,YMR093W,0,0.5294165,0.09815605729818344,0.8402310013771057,0.8052404522895813
YHR214C-B,YNR023W,0,0.5293443,0.0981450229883194,0.8402310013771057,0.8053408265113831
YLL028W,YGR276C,0,0.5292386,0.09813399612903595,0.8402310013771057,0.8054412007331848
YNL318C,YOR381W,1,0.5290232,0.0982353612780571,0.841193437576294,0.8054412007331848
YIR039C,YOL066C,0,0.5290159,0.09822431951761246,0.841193437576294,0.8055416345596313
YBR119W,YKL046C,0,0.5287874,0.09821328520774841,0.841193437576294,0.8056420087814331
YNR019W,YDR405W,0,0.52876717,0.09820225089788437,0.841193437576294,0.8057423830032349
YDR188W,YBR288C,0,0.5287227,0.09819121658802032,0.841193437576294,0.8058427572250366
YDR259C,YMR160W,0,0.528694,0.09818018227815628,0.841193437576294,0.8059431910514832
YEL053C,YLR064W,0,0.5286937,0.09816915541887283,0.841193437576294,0.8060435652732849
YLR017W,YML081W,0,0.5286699,0.09815812855958939,0.841193437576294,0.8061439394950867
YLR268W,YPR135W,0,0.52863157,0.09814710915088654,0.841193437576294,0.8062443733215332
YJR056C,YDR064W,0,0.52862155,0.09813608974218369,0.841193437576294,0.806344747543335
YMR011W,YGL210W-A,0,0.5285389,0.09812507033348083,0.841193437576294,0.8064451217651367
YLR384C,YLL054C,0,0.52846104,0.09811405837535858,0.841193437576294,0.8065455555915833
YDR541C,YJL212C,0,0.52831733,0.09810303896665573,0.841193437576294,0.806645929813385
YGL112C,YJL074C,0,0.52813447,0.09809203445911407,0.841193437576294,0.8067463040351868
YHR063C,YIL016W,0,0.5280869,0.09808102250099182,0.841193437576294,0.8068466782569885
YPR011C,YOR332W,1,0.5280089,0.09818222373723984,0.842155933380127,0.8068466782569885
YJL115W,YML073C,0,0.5277357,0.09817121177911758,0.842155933380127,0.8069471120834351
YER013W,YKR103W,0,0.52766144,0.09816019982099533,0.842155933380127,0.8070474863052368
YBR282W,YPR189W,0,0.5275574,0.09814918786287308,0.842155933380127,0.8071478605270386
YBR229C,YPL274W,0,0.5275438,0.09813817590475082,0.842155933380127,0.8072482943534851
YJL160C,YLR190W,0,0.52748275,0.09812717139720917,0.842155933380127,0.8073486685752869
YDR345C,YLR241W,1,0.5274791,0.09822830557823181,0.8431183695793152,0.8073486685752869
YOR030W,YHL026C,0,0.5274688,0.09821728616952896,0.8431183695793152,0.8074490427970886
YEL039C,YPL049C,0,0.5274144,0.0982062816619873,0.8431183695793152,0.8075494170188904
YCR066W,YDR208W,0,0.5273986,0.09819526970386505,0.8431183695793152,0.8076498508453369
YMR134W,YPR111W,0,0.5273348,0.0981842651963234,0.8431183695793152,0.8077502250671387
YNR028W,YDR381W,0,0.5273327,0.09817326068878174,0.8431183695793152,0.8078505992889404
YPL047W,YBR120C,0,0.5273268,0.09816225618124008,0.8431183695793152,0.807951033115387
YPL158C,YMR089C,0,0.5273261,0.09815125912427902,0.8431183695793152,0.8080514073371887
YKL055C,YKL009W,0,0.52718204,0.09814026206731796,0.8431183695793152,0.8081517815589905
YJL005W,YGL022W,0,0.5271697,0.0981292724609375,0.8431183695793152,0.8082521557807922
YPL132W,YBR114W,0,0.5267562,0.09811828285455704,0.8431183695793152,0.8083525896072388
YPL108W,YDR294C,0,0.52667665,0.09810729324817657,0.8431183695793152,0.8084529638290405
YHR084W,YER087W,0,0.5266417,0.09809630364179611,0.8431183695793152,0.8085533380508423
YER142C,YER104W,0,0.52658665,0.09808532148599625,0.8431183695793152,0.8086537718772888
YNL186W,YPR097W,0,0.52651715,0.09807433933019638,0.8431183695793152,0.8087541460990906
YGR240C,YMR272C,0,0.5264802,0.09806335717439651,0.8431183695793152,0.8088545203208923
YDR173C,YDR145W,0,0.5264516,0.09805238246917725,0.8431183695793152,0.8089548945426941
YLL029W,YFR046C,0,0.52642876,0.09804140776395798,0.8431183695793152,0.8090553283691406
YDR317W,YBL004W,0,0.5262088,0.0980304405093193,0.8431183695793152,0.8091557025909424
YFR046C,YLL053C,0,0.5260043,0.09801947325468063,0.8431183695793152,0.8092560768127441
YDR135C,YGR251W,0,0.5259973,0.09800850600004196,0.8431183695793152,0.8093565106391907
YML121W,YMR279C,1,0.5259861,0.0981094092130661,0.8440808653831482,0.8093565106391907
YDL012C,YPL221W,0,0.5257937,0.09809843450784683,0.8440808653831482,0.8094568848609924
YKL082C,YDR410C,0,0.52576214,0.09808745980262756,0.8440808653831482,0.8095572590827942
YCL005W-A,YDL128W,1,0.5257295,0.09818832576274872,0.8450433015823364,0.8095572590827942
YPL244C,YGR296W,0,0.5254351,0.09817734360694885,0.8450433015823364,0.8096576929092407
YMR134W,YIL047C,0,0.5252627,0.09816636890172958,0.8450433015823364,0.8097580671310425
YOL070C,YCR044C,0,0.5250619,0.09815539419651031,0.8450433015823364,0.8098584413528442
YMR134W,YKR024C,0,0.52495056,0.09814441949129105,0.8450433015823364,0.809958815574646
YMR083W,YIL095W,0,0.5249303,0.09813345223665237,0.8450433015823364,0.8100592494010925
YJL178C,YLR268W,0,0.52469265,0.0981224849820137,0.8450433015823364,0.8101596236228943
YDR218C,YOL095C,0,0.52466804,0.09811151772737503,0.8450433015823364,0.810259997844696
YHL026C,YDL179W,0,0.5246652,0.09810055792331696,0.8450433015823364,0.8103604316711426
YNL233W,YAL028W,0,0.5243263,0.09808959811925888,0.8450433015823364,0.8104608058929443
YOL082W,YJL012C-A,0,0.52431405,0.0980786383152008,0.8450433015823364,0.8105611801147461
YOR215C,YJL117W,0,0.52427435,0.09806768596172333,0.8450433015823364,0.8106615543365479
YOR382W,YOR390W,1,0.5242069,0.09816841781139374,0.8460057973861694,0.8106615543365479
YOR368W,YDR210W,0,0.52403474,0.09815745055675507,0.8460057973861694,0.8107619881629944
YIL073C,YNL232W,0,0.52392626,0.09814649075269699,0.8460057973861694,0.8108623623847961
YER190W,YDL142C,0,0.52373135,0.09813553839921951,0.8460057973861694,0.8109627366065979
YOR354C,YOR162C,0,0.5237088,0.09812457859516144,0.8460057973861694,0.8110631704330444
YMR227C,YAL009W,0,0.5236686,0.09811362624168396,0.8460057973861694,0.8111635446548462
YDL097C,YGR155W,0,0.5236619,0.09810268133878708,0.8460057973861694,0.811263918876648
YMR049C,YDL133C-A,0,0.5236544,0.0980917289853096,0.8460057973861694,0.8113642930984497
YJR147W,YOR159C,0,0.52363765,0.09808078408241272,0.8460057973861694,0.8114647269248962
YNL232W,YKL208W,0,0.5235629,0.09806983917951584,0.8460057973861694,0.811565101146698
YLL028W,YHL008C,1,0.52345085,0.0981704592704773,0.8469682335853577,0.811565101146698
YDR020C,YKL029C,0,0.5233305,0.09815950691699982,0.8469682335853577,0.8116654753684998
YOR237W,YDR190C,0,0.5232602,0.09814856201410294,0.8469682335853577,0.8117659091949463
YDR201W,YPL066W,0,0.52317744,0.09813761711120605,0.8469682335853577,0.811866283416748
YIL099W,YLL066C,0,0.5231679,0.09812667220830917,0.8469682335853577,0.8119666576385498
YKL022C,YAR066W,0,0.5231247,0.09811573475599289,0.8469682335853577,0.8120670318603516
YNR006W,YOR390W,1,0.5229565,0.09821627289056778,0.8479307293891907,0.8120670318603516
YBL047C,YJR129C,0,0.5229532,0.0982053279876709,0.8479307293891907,0.8121674656867981
YLR300W,YDR131C,0,0.52286446,0.09819438308477402,0.8479307293891907,0.8122678399085999
YER090W,YPR182W,0,0.52285874,0.09818343818187714,0.8479307293891907,0.8123682141304016
YLR194C,YJL100W,0,0.52284086,0.09817250072956085,0.8479307293891907,0.8124686479568481
YGL212W,YFL034C-B,0,0.522717,0.09816156327724457,0.8479307293891907,0.8125690221786499
YNL068C,YGL010W,0,0.5226226,0.09815062582492828,0.8479307293891907,0.8126693964004517
YPL162C,YKL061W,0,0.52256393,0.098139688372612,0.8479307293891907,0.8127698302268982
YOL061W,YJL181W,0,0.52215534,0.09812875837087631,0.8479307293891907,0.8128702044487
YLL053C,YDR415C,0,0.5221356,0.09811782836914062,0.8479307293891907,0.8129705786705017
YER039C,YJL127C,0,0.52201974,0.09810690581798553,0.8479307293891907,0.8130709528923035
YBR096W,YGR172C,0,0.521966,0.09809598326683044,0.8479307293891907,0.81317138671875
YLR460C,YJR031C,0,0.5219639,0.09808506071567535,0.8479307293891907,0.8132717609405518
YJL076W,YBR141C,0,0.52194875,0.09807413816452026,0.8479307293891907,0.8133721351623535
YEL077C,YLL008W,0,0.52179414,0.09806322306394577,0.8479307293891907,0.8134725689888
YFL056C,YBR271W,0,0.52173793,0.09805230796337128,0.8479307293891907,0.8135729432106018
YBL003C,YJL024C,0,0.52170783,0.09804140031337738,0.8479307293891907,0.8136733174324036
YOR234C,YGR165W,0,0.5216311,0.09803048521280289,0.8479307293891907,0.8137736916542053
YEL043W,YKR022C,0,0.5215963,0.09801958501338959,0.8479307293891907,0.8138741254806519
YDR536W,YDL206W,1,0.52158105,0.09811992198228836,0.8488931655883789,0.8138741254806519
YDL138W,YPL002C,1,0.52149194,0.09822024405002594,0.8498556017875671,0.8138741254806519
YHR122W,YDR087C,0,0.52143604,0.09820932149887085,0.8498556017875671,0.8139744997024536
YPR002W,YOR351C,0,0.52132344,0.09819839894771576,0.8498556017875671,0.8140748739242554
YOR030W,YPR196W,0,0.52127755,0.09818747639656067,0.8498556017875671,0.8141753077507019
YHR196W,YNR071C,0,0.52123636,0.09817656129598618,0.8498556017875671,0.8142756819725037
YLR460C,YPL084W,0,0.5211871,0.09816564619541168,0.8498556017875671,0.8143760561943054
YLR386W,YFR030W,0,0.5211083,0.09815473854541779,0.8498556017875671,0.8144764304161072
YGR209C,YDR352W,0,0.52109975,0.09814382344484329,0.8498556017875671,0.8145768642425537
YEL053C,YAR002C-A,0,0.5210272,0.0981329157948494,0.8498556017875671,0.8146772384643555
YFL062W,YNL095C,0,0.52096987,0.0981220155954361,0.8498556017875671,0.8147776126861572
YOR089C,YHR112C,0,0.5208765,0.0981111079454422,0.8498556017875671,0.8148780465126038
YNR032C-A,YLR284C,0,0.5208669,0.0981002077460289,0.8498556017875671,0.8149784207344055
YBL079W,YGL133W,0,0.5203879,0.0980893149971962,0.8498556017875671,0.8150787949562073
YML081W,YCR088W,0,0.52018595,0.0980784147977829,0.8498556017875671,0.815179169178009
YER093C,YGR122W,0,0.52002686,0.0980675220489502,0.8498556017875671,0.8152796030044556
YNL075W,YML059C,0,0.51990813,0.09805663675069809,0.8498556017875671,0.8153799772262573
YOL122C,YFR045W,1,0.51974165,0.09815678745508194,0.8508180975914001,0.8153799772262573
YPL248C,YOR341W,0,0.5195832,0.09814588725566864,0.8508180975914001,0.8154803514480591
YOR298C-A,YGL254W,0,0.51957273,0.09813499450683594,0.8508180975914001,0.8155807852745056
YOR378W,YDR377W,1,0.5194464,0.0982351005077362,0.8517805337905884,0.8155807852745056
YJR149W,YDR364C,0,0.5194413,0.09822419285774231,0.8517805337905884,0.8156811594963074
YOR384W,YBR220C,1,0.5193749,0.09832426905632019,0.8527430295944214,0.8156811594963074
YDR506C,YPR191W,1,0.5193418,0.09842432290315628,0.8537054657936096,0.8156811594963074
YDR212W,YFR025C,0,0.5192723,0.09841340035200119,0.8537054657936096,0.8157815337181091
YGL237C,YDR309C,0,0.5192444,0.0984024852514267,0.8537054657936096,0.8158819675445557
YNL020C,YAR031W,0,0.5192261,0.0983915701508522,0.8537054657936096,0.8159823417663574
YHR072W-A,YKL051W,0,0.51911914,0.09838065505027771,0.8537054657936096,0.8160827159881592
YCL038C,YOR007C,0,0.5190487,0.09836974740028381,0.8537054657936096,0.8161830902099609
YML045W,YKL146W,0,0.5188997,0.09835883975028992,0.8537054657936096,0.8162835240364075
YMR047C,YIR034C,0,0.5188422,0.09834793210029602,0.8537054657936096,0.8163838982582092
YLR035C,YGL023C,0,0.5187212,0.09833703190088272,0.8537054657936096,0.816484272480011
YER090W,YCR086W,0,0.5185356,0.09832612425088882,0.8537054657936096,0.8165847063064575
YML045W,YML016C,0,0.51850337,0.09831523150205612,0.8537054657936096,0.8166850805282593
YMR134W,YPL053C,0,0.518399,0.09830433130264282,0.8537054657936096,0.816785454750061
YLR300W,YBR057C,0,0.5183007,0.09829343855381012,0.8537054657936096,0.8168858289718628
YJR120W,YMR005W,0,0.5182314,0.09828254580497742,0.8537054657936096,0.8169862627983093
YDR411C,YKR052C,0,0.51818234,0.09827166050672531,0.8537054657936096,0.8170866370201111
YPR025C,YHL009C,0,0.51814467,0.0982607752084732,0.8537054657936096,0.8171870112419128
YJL028W,YEL056W,0,0.5181336,0.0982498899102211,0.8537054657936096,0.8172874450683594
YGR260W,YDL189W,0,0.5180771,0.098239004611969,0.8537054657936096,0.8173878192901611
YMR291W,YLR117C,0,0.5180579,0.09822812676429749,0.8537054657936096,0.8174881935119629
YKL166C,YNL221C,0,0.5179543,0.09821724891662598,0.8537054657936096,0.8175885677337646
YNR018W,YKR050W,1,0.5177957,0.09831709414720535,0.8546679615974426,0.8175885677337646
YJL095W,YLR382C,0,0.5177624,0.09830620884895325,0.8546679615974426,0.8176890015602112
YLR007W,YDR165W,0,0.517753,0.09829533100128174,0.8546679615974426,0.8177893757820129
YNL020C,YGL027C,0,0.51763755,0.09828444570302963,0.8546679615974426,0.8178897500038147
YGR289C,YDR039C,1,0.5176133,0.09838423877954483,0.8556303977966309,0.8178897500038147
YER044C-A,YKR079C,0,0.51760226,0.09837335348129272,0.8556303977966309,0.8179901838302612
YLR194C,YJR093C,0,0.5175973,0.09836246818304062,0.8556303977966309,0.818090558052063
YDL015C,YDR280W,0,0.51757854,0.09835159033536911,0.8556303977966309,0.8181909322738647
YNL173C,YHR214C-B,0,0.5175714,0.098340705037117,0.8556303977966309,0.8182913064956665
YGL224C,YIL177C,0,0.5175066,0.0983298271894455,0.8556303977966309,0.818391740322113
YJL099W,YGR282C,0,0.5174767,0.09831895679235458,0.8556303977966309,0.8184921145439148
YKL209C,YJR090C,0,0.5174499,0.09830808639526367,0.8556303977966309,0.8185924887657166
YPL274W,YJR001W,1,0.5173226,0.09840778261423111,0.8565928936004639,0.8185924887657166
YJL167W,YDR430C,0,0.5171153,0.0983969047665596,0.8565928936004639,0.8186929225921631
YGR271C-A,YGR206W,0,0.5170903,0.09838602691888809,0.8565928936004639,0.8187932968139648
YDR168W,YGR059W,0,0.5169052,0.09837514907121658,0.8565928936004639,0.8188936710357666
YBR096W,YKL205W,0,0.51682395,0.09836427867412567,0.8565928936004639,0.8189941048622131
YCR098C,YNL083W,1,0.51676035,0.09846391528844833,0.8575553297996521,0.8189941048622131
YBR066C,YLL066C,0,0.5167407,0.09845303744077682,0.8575553297996521,0.8190944790840149
YIL166C,YHR092C,1,0.5167028,0.0985526442527771,0.8585178256034851,0.8190944790840149
YLL005C,YDR342C,1,0.51659226,0.09865222871303558,0.8594802618026733,0.8190944790840149
YBR141C,YMR077C,0,0.51658976,0.09864133596420288,0.8594802618026733,0.8191948533058167
YCL034W,YGL010W,0,0.516526,0.09863044321537018,0.8594802618026733,0.8192952275276184
YGL241W,YDR079C-A,0,0.51652503,0.09861955046653748,0.8594802618026733,0.8193956613540649
YCL062W,YGL236C,0,0.51652217,0.09860865771770477,0.8594802618026733,0.8194960355758667
YBL099W,YPR125W,1,0.5164956,0.09870818257331848,0.8604427576065063,0.8194960355758667
YPL023C,YPR173C,0,0.516478,0.09869728237390518,0.8604427576065063,0.8195964097976685
YIL047C,YDR270W,1,0.5163131,0.0987967774271965,0.8614051938056946,0.8195964097976685
YOR334W,YMR279C,1,0.5162451,0.09889625012874603,0.8623676896095276,0.8195964097976685
YKL006C-A,YDL133C-A,0,0.51624143,0.09888533502817154,0.8623676896095276,0.819696843624115
YNL328C,YGR094W,0,0.5160018,0.09887441992759705,0.8623676896095276,0.8197972178459167
YOR367W,YKL016C,0,0.51574814,0.09886351227760315,0.8623676896095276,0.8198975920677185
YIL173W,YIL023C,0,0.5157394,0.09885260462760925,0.8623676896095276,0.8199979662895203
YPL045W,YPL240C,0,0.51567096,0.09884169697761536,0.8623676896095276,0.8200984001159668
YHR178W,YDL077C,0,0.5156473,0.09883079677820206,0.8623676896095276,0.8201987743377686
YPL242C,YDL104C,0,0.51557976,0.09881989657878876,0.8623676896095276,0.8202991485595703
YMR183C,YIL005W,0,0.51556885,0.09880899637937546,0.8623676896095276,0.8203995823860168
YAR031W,YJL140W,0,0.5153543,0.09879810363054276,0.8623676896095276,0.8204999566078186
YHR123W,YBL112C,0,0.5153397,0.09878721088171005,0.8623676896095276,0.8206003308296204
YKL148C,YPL150W,0,0.51519775,0.09877631813287735,0.8623676896095276,0.8207007050514221
YLR259C,YKL124W,0,0.51517326,0.09876543283462524,0.8623676896095276,0.8208011388778687
YKL080W,YBR141C,0,0.5148376,0.09875454753637314,0.8623676896095276,0.8209015130996704
YGR277C,YDR416W,0,0.5147612,0.09874366223812103,0.8623676896095276,0.8210018873214722
YFR055W,YBR162C,0,0.51455945,0.09873278439044952,0.8623676896095276,0.8211023211479187
YDR476C,YOR028C,0,0.5145018,0.09872190654277802,0.8623676896095276,0.8212026953697205
YFL008W,YPR071W,0,0.51449776,0.0987110286951065,0.8623676896095276,0.8213030695915222
YCR087C-A,YJL186W,0,0.51445043,0.098700150847435,0.8623676896095276,0.821403443813324
YJL035C,YPR101W,0,0.5143615,0.09868928045034409,0.8623676896095276,0.8215038776397705
YJR032W,YCR107W,0,0.51435447,0.09867841750383377,0.8623676896095276,0.8216042518615723
YDR205W,YLR263W,0,0.5138203,0.09866754710674286,0.8623676896095276,0.821704626083374
YHR188C,YNL121C,0,0.51377213,0.09865668416023254,0.8623676896095276,0.8218050599098206
YGR005C,YKR064W,0,0.5137253,0.09864582121372223,0.8623676896095276,0.8219054341316223
YDR349C,YOL095C,0,0.5135878,0.09863496571779251,0.8623676896095276,0.8220058083534241
YPR091C,YBL042C,0,0.5135522,0.0986241027712822,0.8623676896095276,0.8221062421798706
YJL144W,YDR160W,0,0.5135101,0.09861325472593307,0.8623676896095276,0.8222066164016724
YNL024C,YDR332W,0,0.5133908,0.09860239923000336,0.8623676896095276,0.8223069906234741
YHL035C,YDR348C,0,0.5132828,0.09859155118465424,0.8623676896095276,0.8224073648452759
YDR369C,YIL067C,0,0.51306367,0.09858070313930511,0.8623676896095276,0.8225077986717224
YHR001W-A,YDR409W,0,0.51305157,0.098569855093956,0.8623676896095276,0.8226081728935242
YBR235W,YOR372C,0,0.5130503,0.09855901449918747,0.8623676896095276,0.8227085471153259
YBR181C,YJL208C,0,0.5128678,0.09854817390441895,0.8623676896095276,0.8228089809417725
YER008C,YNL113W,0,0.5127028,0.09853733330965042,0.8623676896095276,0.8229093551635742
YOR065W,YDR301W,0,0.51266783,0.0985265001654625,0.8623676896095276,0.823009729385376
YJL059W,YLR214W,1,0.51259065,0.09862561523914337,0.8633301258087158,0.823009729385376
YEL020W-A,YMR075W,0,0.51254725,0.09861477464437485,0.8633301258087158,0.8231101036071777
YLR003C,YKL045W,0,0.5123974,0.09860393404960632,0.8633301258087158,0.8232105374336243
YKR100C,YLR391W-A,0,0.5121993,0.0985931009054184,0.8633301258087158,0.823310911655426
YNL223W,YKR029C,0,0.51214695,0.09858226031064987,0.8633301258087158,0.8234112858772278
YLR105C,YOR227W,0,0.51212275,0.09857142716646194,0.8633301258087158,0.8235117197036743
YJL151C,YGL210W-A,0,0.5121159,0.09856059402227402,0.8633301258087158,0.8236120939254761
YKL208W,YPL061W,0,0.51208234,0.09854976832866669,0.8633301258087158,0.8237124681472778
YML024W,YOR020C,0,0.51193666,0.09853894263505936,0.8633301258087158,0.8238128423690796
YDR469W,YBR089C-A,0,0.51176965,0.09852811694145203,0.8633301258087158,0.8239132761955261
YDL036C,YOR172W,0,0.51173544,0.09851729869842529,0.8633301258087158,0.8240136504173279
YBR281C,YGL085W,0,0.5115938,0.09850648045539856,0.8633301258087158,0.8241140246391296
YGL064C,YLR107W,0,0.51158464,0.09849566221237183,0.8633301258087158,0.8242144584655762
YMR226C,YAR002C-A,0,0.5115349,0.09848485141992569,0.8633301258087158,0.8243148326873779
YDR444W,YLR205C,0,0.5114799,0.09847403317689896,0.8633301258087158,0.8244152069091797
YGL139W,YHR162W,1,0.51138824,0.0985729992389679,0.864292562007904,0.8244152069091797
YOR059C,YGL027C,0,0.5113559,0.09856218099594116,0.864292562007904,0.8245155811309814
YEL077C,YHR079C-A,0,0.51128054,0.09855136275291443,0.864292562007904,0.824616014957428
YOL075C,YNL082W,0,0.5112392,0.0985405445098877,0.864292562007904,0.8247163891792297
YPL280W,YOR255W,0,0.51098216,0.09852973371744156,0.864292562007904,0.8248167634010315
YMR226C,YER032W,0,0.5109776,0.09851892292499542,0.864292562007904,0.824917197227478
YJR083C,YHL006C,0,0.51087517,0.09850811958312988,0.864292562007904,0.8250175714492798
YNL194C,YKL001C,0,0.5108692,0.09849731624126434,0.864292562007904,0.8251179456710815
YBL099W,YMR168C,0,0.51072747,0.0984865128993988,0.864292562007904,0.8252183794975281
YEL004W,YPL202C,1,0.51063395,0.09858537465333939,0.8652550578117371,0.8252183794975281
YIL096C,YOR380W,0,0.5105626,0.09857456386089325,0.8652550578117371,0.8253187537193298
YPR148C,YMR121C,0,0.51045585,0.09856375306844711,0.8652550578117371,0.8254191279411316
YLR013W,YIL083C,0,0.5102319,0.09855294972658157,0.8652550578117371,0.8255195021629333
YDL197C,YOL028C,0,0.5102005,0.09854214638471603,0.8652550578117371,0.8256199359893799
YJR102C,YHR026W,1,0.5101782,0.09864094853401184,0.8662174940109253,0.8256199359893799
YDL171C,YOR330C,0,0.51008886,0.0986301377415657,0.8662174940109253,0.8257203102111816
YIL166C,YNL083W,1,0.509927,0.09872891008853912,0.8671799898147583,0.8257203102111816
YPL162C,YDL104C,0,0.5097108,0.09871809184551239,0.8671799898147583,0.8258206844329834
YEL053C,YOR239W,0,0.5095761,0.09870727360248566,0.8671799898147583,0.8259211182594299
YML024W,YJR026W,0,0.50955784,0.09869646281003952,0.8671799898147583,0.8260214924812317
YER072W,YIL177C,0,0.509468,0.09868565201759338,0.8671799898147583,0.8261218667030334
YDR506C,YOR317W,1,0.5092211,0.09878435730934143,0.8681424260139465,0.8261218667030334
YEL005C,YOL078W,0,0.5089848,0.0987735465168953,0.8681424260139465,0.8262222409248352
YDL128W,YKR077W,0,0.50896037,0.09876272827386856,0.8681424260139465,0.8263226747512817
YPL275W,YOR378W,0,0.50887793,0.09875191748142242,0.8681424260139465,0.8264230489730835
YCR046C,YGR125W,0,0.5088217,0.09874110668897629,0.8681424260139465,0.8265234231948853
YPL083C,YMR304W,0,0.50877696,0.09873029589653015,0.8681424260139465,0.8266238570213318
YHR039C,YOR249C,0,0.5087315,0.09871949255466461,0.8681424260139465,0.8267242312431335
YNL202W,YMR090W,0,0.50847,0.09870868921279907,0.8681424260139465,0.8268246054649353
YDL012C,YHR178W,0,0.5084312,0.09869788587093353,0.8681424260139465,0.8269249796867371
YDR469W,YPL209C,0,0.5083413,0.09868708997964859,0.8681424260139465,0.8270254135131836
YJL176C,YDR214W,0,0.5082903,0.09867629408836365,0.8681424260139465,0.8271257877349854
YMR110C,YLR408C,0,0.50826335,0.0986654981970787,0.8681424260139465,0.8272261619567871
YEL053C,YDR462W,0,0.50796694,0.09865470975637436,0.8681424260139465,0.8273265957832336
YFL031W,YOL034W,0,0.5079152,0.09864392131567001,0.8681424260139465,0.8274269700050354
YJR125C,YGR024C,0,0.50756145,0.09863313287496567,0.8681424260139465,0.8275273442268372
YNR010W,YDR207C,0,0.5075111,0.09862235188484192,0.8681424260139465,0.8276277184486389
YLR453C,YGL071W,0,0.50744545,0.09861156344413757,0.8681424260139465,0.8277281522750854
YBR276C,YBR016W,0,0.5073041,0.09860078990459442,0.8681424260139465,0.8278285264968872
YNL186W,YJL110C,0,0.5072829,0.09859000891447067,0.8681424260139465,0.827928900718689
YJL160C,YOL054W,0,0.5072789,0.09857923537492752,0.8681424260139465,0.8280293345451355
YPL168W,YAL055W,0,0.5071951,0.09856846183538437,0.8681424260139465,0.8281297087669373
YKL138C,YJL012C-A,0,0.50716084,0.09855769574642181,0.8681424260139465,0.828230082988739
YNL318C,YKL168C,0,0.5071382,0.09854692220687866,0.8681424260139465,0.8283305168151855
YLR035C,YMR295C,0,0.5070376,0.09853615611791611,0.8681424260139465,0.8284308910369873
YNL037C,YNL085W,0,0.5069932,0.09852539747953415,0.8681424260139465,0.8285312652587891
YDR051C,YBR061C,0,0.50697595,0.09851463884115219,0.8681424260139465,0.8286316394805908
YGR235C,YOL004W,0,0.5067456,0.09850388020277023,0.8681424260139465,0.8287320733070374
YNL326C,YMR131C,0,0.5066576,0.09849312156438828,0.8681424260139465,0.8288324475288391
YGR266W,YOR275C,0,0.506474,0.09848237037658691,0.8681424260139465,0.8289328217506409
YOR316C,YJL013C,0,0.506448,0.09847161918878555,0.8681424260139465,0.8290332555770874
YBL068W,YEL043W,0,0.5063055,0.09846086800098419,0.8681424260139465,0.8291336297988892
YBR095C,YPR030W,0,0.5062413,0.09845011681318283,0.8681424260139465,0.8292340040206909
YMR213W,YFL066C,0,0.5061909,0.09843937307596207,0.8681424260139465,0.8293343782424927
YJL028W,YPL200W,0,0.50614786,0.0984286367893219,0.8681424260139465,0.8294348120689392
YCR102C,YER109C,0,0.50613725,0.09841789305210114,0.8681424260139465,0.829535186290741
YML082W,YHR061C,0,0.50595504,0.09840715676546097,0.8681424260139465,0.8296355605125427
YNR013C,YLR386W,0,0.5059301,0.0983964204788208,0.8681424260139465,0.8297359943389893
YDR104C,YPR024W,0,0.50587165,0.09838569164276123,0.8681424260139465,0.829836368560791
YBR275C,YPL140C,0,0.5053957,0.09837496280670166,0.8681424260139465,0.8299367427825928
YHR009C,YGR276C,0,0.5053058,0.09836423397064209,0.8681424260139465,0.8300371170043945
YDL119C,YKR039W,1,0.50527567,0.0984625443816185,0.8691049218177795,0.8300371170043945
YOR168W,YHR121W,0,0.50518614,0.09845180809497833,0.8691049218177795,0.8301375508308411
YLR406C,YDL107W,0,0.5051383,0.09844107925891876,0.8691049218177795,0.8302379250526428
YNL172W,YFR052W,0,0.5050506,0.0984303429722786,0.8691049218177795,0.8303382992744446
YNL181W,YOR254C,0,0.5050349,0.09841962158679962,0.8691049218177795,0.8304387331008911
YBR215W,YLR107W,0,0.5046713,0.09840889275074005,0.8691049218177795,0.8305391073226929
YKL027W,YIL047C,0,0.5045864,0.09839817136526108,0.8691049218177795,0.8306394815444946
YNL154C,YGL050W,0,0.5045149,0.0983874499797821,0.8691049218177795,0.8307398557662964
YOL075C,YLL026W,0,0.5044843,0.09837672859430313,0.8691049218177795,0.8308402895927429
YCR055C,YER072W,0,0.50413966,0.09836601465940475,0.8691049218177795,0.8309406638145447
YJR027W,YKL190W,0,0.5041011,0.09835530072450638,0.8691049218177795,0.8310410380363464
YER013W,YDR415C,0,0.50399643,0.098344586789608,0.8691049218177795,0.831141471862793
YPR007C,YOR098C,0,0.50379634,0.09833388030529022,0.8691049218177795,0.8312418460845947
YDL035C,YLL006W,0,0.5036839,0.09832317382097244,0.8691049218177795,0.8313422203063965
YKL074C,YKL157W,0,0.5036566,0.09831246733665466,0.8691049218177795,0.831442654132843
YNL058C,YKL086W,0,0.5036447,0.09830176085233688,0.8691049218177795,0.8315430283546448
YIL166C,YDR107C,1,0.5035578,0.09839991480112076,0.8700673580169678,0.8315430283546448
YDL055C,YNL024C,0,0.5034324,0.09838920086622238,0.8700673580169678,0.8316434025764465
YDR477W,YPL209C,0,0.5031394,0.0983784943819046,0.8700673580169678,0.8317437767982483
YPL105C,YBR080C,0,0.502925,0.09836778789758682,0.8700673580169678,0.8318442106246948
YJR138W,YAR033W,0,0.5028583,0.09835708886384964,0.8700673580169678,0.8319445848464966
YMR262W,YGR082W,0,0.50281656,0.09834638983011246,0.8700673580169678,0.8320449590682983
YDL084W,YGL220W,0,0.5028125,0.09833569079637527,0.8700673580169678,0.8321453928947449
YMR315W,YOR193W,0,0.50262266,0.09832499176263809,0.8700673580169678,0.8322457671165466
YGR121C,YML067C,0,0.5026051,0.0983143001794815,0.8700673580169678,0.8323461413383484
YDR172W,YPL240C,0,0.50259924,0.09830360859632492,0.8700673580169678,0.8324465155601501
YCR087C-A,YBL003C,0,0.5025642,0.09829292446374893,0.8700673580169678,0.8325469493865967
YPR125W,YHL036W,1,0.5021956,0.09839095175266266,0.8710298538208008,0.8325469493865967
YPR003C,YHR096C,1,0.5019803,0.09848896414041519,0.871992290019989,0.8325469493865967
YOL068C,YFL013C,0,0.5019355,0.09847825765609741,0.871992290019989,0.8326473236083984
YMR087W,YIL117C,0,0.5017207,0.09846755862236023,0.871992290019989,0.8327476978302002
YDR369C,YDR383C,0,0.50167155,0.09845685958862305,0.871992290019989,0.8328481316566467
YBR100W,YGR152C,0,0.50163805,0.09844616055488586,0.871992290019989,0.8329485058784485
YBR003W,YGR178C,0,0.5015345,0.09843546152114868,0.871992290019989,0.8330488801002502
YNR035C,YHL009C,0,0.5015085,0.0984247699379921,0.871992290019989,0.833149254322052
YBR061C,YBR195C,0,0.50139046,0.09841407835483551,0.871992290019989,0.8332496881484985
YJL206C,YMR160W,0,0.5012686,0.09840338677167892,0.871992290019989,0.8333500623703003
YIL062C,YHR112C,0,0.50117975,0.09839270263910294,0.871992290019989,0.833450436592102
YOR304C-A,YDR020C,0,0.5011502,0.09838201850652695,0.871992290019989,0.8335508704185486
YKL101W,YLR466W,0,0.50109065,0.09837133437395096,0.871992290019989,0.8336512446403503
YIR032C,YNL197C,0,0.5006584,0.09836065769195557,0.871992290019989,0.8337516188621521
YPL181W,YER071C,0,0.5005593,0.09834998100996017,0.871992290019989,0.8338520526885986
YDR206W,YIR028W,0,0.5004902,0.09833930432796478,0.871992290019989,0.8339524269104004
YJR149W,YNL270C,0,0.5004613,0.09832862764596939,0.871992290019989,0.8340528011322021
YGR125W,YDR202C,0,0.5003038,0.0983179584145546,0.871992290019989,0.8341531753540039
YJL216C,YDL021W,0,0.50023377,0.0983072891831398,0.871992290019989,0.8342536091804504
YFR001W,YBR028C,0,0.50022113,0.0982966274023056,0.871992290019989,0.8343539834022522
YMR177W,YLL043W,1,0.5001732,0.09839444607496262,0.872954785823822,0.8343539834022522
YOR119C,YDR257C,0,0.50010085,0.09838376939296722,0.872954785823822,0.834454357624054
YLR297W,YER017C,0,0.50009716,0.09837310016155243,0.872954785823822,0.8345547914505005
YML101C,YGL083W,0,0.4999667,0.09836243093013763,0.872954785823822,0.8346551656723022
YJR077C,YDL120W,1,0.4999597,0.09846020489931107,0.8739172220230103,0.8346551656723022
YIL046W,YLR187W,0,0.4998526,0.09844952821731567,0.8739172220230103,0.834755539894104
YBL038W,YNL182C,0,0.49979633,0.09843885153532028,0.8739172220230103,0.8348559141159058
YHR083W,YGL083W,0,0.49966043,0.09842818230390549,0.8739172220230103,0.8349563479423523
YMR192W,YOL107W,0,0.49963874,0.09841751307249069,0.8739172220230103,0.835056722164154
YGL033W,YPL116W,0,0.49958563,0.0984068512916565,0.8739172220230103,0.8351570963859558
YGR065C,YOR193W,0,0.49940842,0.0983961820602417,0.8739172220230103,0.8352575302124023
YCL001W,YOR361C,0,0.49930075,0.0983855202794075,0.8739172220230103,0.8353579044342041
YDR293C,YPL280W,0,0.49929732,0.0983748659491539,0.8739172220230103,0.8354582786560059
YDR342C,YBR220C,1,0.4992725,0.09847253561019897,0.8748797178268433,0.8354582786560059
YKR096W,YLL032C,0,0.49926177,0.09846187382936478,0.8748797178268433,0.8355586528778076
YGL065C,YJR131W,0,0.49923128,0.09845120459794998,0.8748797178268433,0.8356590867042542
YHR096C,YMR279C,1,0.49923036,0.09854884445667267,0.8758421540260315,0.8356590867042542
YML121W,YOR173W,0,0.49904343,0.09853816777467728,0.8758421540260315,0.8357594609260559
YMR134W,YOL122C,0,0.49890685,0.09852749854326248,0.8758421540260315,0.8358598351478577
YPR035W,YDR090C,0,0.49890035,0.09851683676242828,0.8758421540260315,0.8359602689743042
YOR241W,YFL054C,0,0.4987706,0.09850616753101349,0.8758421540260315,0.836060643196106
YLR130C,YJL193W,1,0.49872565,0.0986037477850914,0.8768045902252197,0.836060643196106
YMR101C,YPL011C,0,0.49851483,0.09859307110309601,0.8768045902252197,0.8361610174179077
YCR068W,YJL118W,0,0.4985034,0.09858240187168121,0.8768045902252197,0.8362613916397095
YDR395W,YBL025W,0,0.49839064,0.09857174009084702,0.8768045902252197,0.836361825466156
YGR095C,YJL134W,0,0.49836105,0.09856107085943222,0.8768045902252197,0.8364621996879578
YBR219C,YEL027W,1,0.4983167,0.09865859150886536,0.8777670860290527,0.8364621996879578
YJR120W,YHR185C,0,0.49825743,0.09864791482686996,0.8777670860290527,0.8365625739097595
YBL009W,YCL012W,0,0.4982348,0.09863724559545517,0.8777670860290527,0.836663007736206
YNL107W,YHR214W,0,0.4982198,0.09862658381462097,0.8777670860290527,0.8367633819580078
YKL199C,YLR130C,1,0.4982138,0.09872404485940933,0.878729522228241,0.8367633819580078
YNL321W,YHL026C,0,0.49821088,0.09871337562799454,0.878729522228241,0.8368637561798096
YDR267C,YBR279W,0,0.49815005,0.09870270639657974,0.878729522228241,0.8369641900062561
YNR033W,YMR238W,0,0.49796116,0.09869202971458435,0.878729522228241,0.8370645642280579
YJR019C,YMR090W,0,0.49792784,0.09868136793375015,0.878729522228241,0.8371649384498596
YJR123W,YHL026C,0,0.49786896,0.09867069870233536,0.878729522228241,0.8372653126716614
YDL113C,YFR034C,0,0.49786267,0.09866003692150116,0.878729522228241,0.8373657464981079
YDR026C,YOR363C,0,0.4977578,0.09864937514066696,0.878729522228241,0.8374661207199097
YNL219C,YDR176W,0,0.4975634,0.09863872081041336,0.878729522228241,0.8375664949417114
YJR123W,YDR367W,0,0.49753785,0.09862806648015976,0.878729522228241,0.837666928768158
YBL076C,YKR083C,0,0.4974577,0.09861741214990616,0.878729522228241,0.8377673029899597
YOR214C,YBR006W,0,0.4973486,0.09860675781965256,0.878729522228241,0.8378676772117615
YBR139W,YJL078C,0,0.4971656,0.09859611093997955,0.878729522228241,0.8379680514335632
YHR035W,YMR123W,0,0.4971426,0.09858546406030655,0.878729522228241,0.8380684852600098
YCL005W-A,YPR125W,1,0.49711716,0.09868279099464417,0.879692018032074,0.8380684852600098
YDL193W,YOL061W,0,0.4970935,0.09867213666439056,0.879692018032074,0.8381688594818115
YMR087W,YGR275W,0,0.49702552,0.09866148233413696,0.879692018032074,0.8382692337036133
YAR008W,YLR336C,0,0.4968561,0.09865083545446396,0.879692018032074,0.8383696675300598
YML047C,YKR105C,1,0.49681187,0.0987481102347374,0.8806544542312622,0.8383696675300598
YNL045W,YGR112W,0,0.49679586,0.0987374559044838,0.8806544542312622,0.8384700417518616
YBL005W-A,YER122C,0,0.4967382,0.0987268015742302,0.8806544542312622,0.8385704159736633
YJL113W,YOR273C,0,0.496646,0.09871614724397659,0.8806544542312622,0.8386707901954651
YGR099W,YIL177C,0,0.4964341,0.09870550036430359,0.8806544542312622,0.8387712240219116
YKL107W,YLR408C,0,0.4961174,0.09869485348463058,0.8806544542312622,0.8388715982437134
YPR167C,YML133C,0,0.4961146,0.09868421405553818,0.8806544542312622,0.8389719724655151
YOR388C,YGR251W,0,0.4955587,0.09867356717586517,0.8806544542312622,0.8390724062919617
YDR446W,YPL088W,0,0.49551654,0.09866292774677277,0.8806544542312622,0.8391727805137634
YMR117C,YNL064C,0,0.49546146,0.09865228831768036,0.8806544542312622,0.8392731547355652
YNR039C,YJR137C,0,0.49539205,0.09864165633916855,0.8806544542312622,0.8393735289573669
YOR335C,YEL003W,0,0.49519497,0.09863102436065674,0.8806544542312622,0.8394739627838135
YER039C,YDR141C,0,0.4951409,0.09862039238214493,0.8806544542312622,0.8395743370056152
YDL047W,YDR310C,0,0.4951167,0.09860976040363312,0.8806544542312622,0.839674711227417
YOL016C,YKR053C,0,0.4951,0.0985991358757019,0.8806544542312622,0.8397751450538635
YLR052W,YOR336W,0,0.4948227,0.09858851134777069,0.8806544542312622,0.8398755192756653
YAL009W,YBR278W,0,0.49473727,0.09857789427042007,0.8806544542312622,0.839975893497467
YER071C,YHR033W,0,0.4946651,0.09856727719306946,0.8806544542312622,0.8400763273239136
YCR086W,YNL229C,0,0.4946475,0.09855666011571884,0.8806544542312622,0.8401767015457153
YBR227C,YJL018W,0,0.49462324,0.09854604303836823,0.8806544542312622,0.8402770757675171
YDR346C,YKL117W,0,0.4945861,0.09853542596101761,0.8806544542312622,0.8403774499893188
YIL018W,YCR065W,0,0.49438286,0.09852481633424759,0.8806544542312622,0.8404778838157654
YNL118C,YNL097C,0,0.494104,0.09851421415805817,0.8806544542312622,0.8405782580375671
YKR031C,YDR450W,0,0.4940821,0.09850360453128815,0.8806544542312622,0.8406786322593689
YBL080C,YNR063W,0,0.4936515,0.09849300235509872,0.8806544542312622,0.8407790660858154
YER154W,YIL083C,0,0.49361384,0.0984824001789093,0.8806544542312622,0.8408794403076172
YPL189W,YCR086W,0,0.49351373,0.09847180545330048,0.8806544542312622,0.840979814529419
YER001W,YML051W,0,0.49345165,0.09846121072769165,0.8806544542312622,0.8410801887512207
YCR071C,YAR009C,0,0.4933923,0.09845061600208282,0.8806544542312622,0.8411806225776672
YCR058C,YDR345C,0,0.49332082,0.098440021276474,0.8806544542312622,0.841280996799469
YML100W,YKR027W,0,0.49316877,0.09842943400144577,0.8806544542312622,0.8413813710212708
YHR018C,YKL053C-A,0,0.49294716,0.09841884672641754,0.8806544542312622,0.8414818048477173
YOL103W-A,YGR038C-A,0,0.492859,0.09840825945138931,0.8806544542312622,0.841582179069519
YBR034C,YNL056W,0,0.4927754,0.09839767962694168,0.8806544542312622,0.8416825532913208
YOR304C-A,YML081W,0,0.4927739,0.09838709980249405,0.8806544542312622,0.8417829275131226
YDL119C,YFR040W,1,0.49256966,0.09848403185606003,0.8816169500350952,0.8417829275131226
YGL096W,YDR207C,0,0.4925604,0.0984734445810318,0.8816169500350952,0.8418833613395691
YDR105C,YJR118C,0,0.49253312,0.09846286475658417,0.8816169500350952,0.8419837355613708
YLR264W,YLR391W-A,0,0.49252462,0.09845227748155594,0.8816169500350952,0.8420841097831726
YHR009C,YDL243C,0,0.49243122,0.0984416976571083,0.8816169500350952,0.8421845436096191
YHR210C,YJL118W,0,0.4924083,0.09843111783266068,0.8816169500350952,0.8422849178314209
YKL166C,YOL020W,0,0.49221078,0.09842054545879364,0.8816169500350952,0.8423852920532227
YNL050C,YOR372C,0,0.4921655,0.0984099730849266,0.8816169500350952,0.8424856662750244
YBR290W,YBR132C,1,0.49164516,0.09850682318210602,0.8825793862342834,0.8424856662750244
YJR160C,YCR028C,1,0.49149495,0.09860365092754364,0.8835418820381165,0.8424856662750244
YDL012C,YJL012C,0,0.4914809,0.09859306365251541,0.8835418820381165,0.842586100101471
YML031W,YNR063W,0,0.49120852,0.09858247637748718,0.8835418820381165,0.8426864743232727
YIL147C,YDR339C,0,0.49112433,0.09857188910245895,0.8835418820381165,0.8427868485450745
YLR166C,YLR426W,0,0.49075365,0.09856130927801132,0.8835418820381165,0.842887282371521
YFL057C,YPL113C,0,0.4906256,0.0985507220029831,0.8835418820381165,0.8429876565933228
YJL181W,YNR012W,0,0.49039203,0.09854014962911606,0.8835418820381165,0.8430880308151245
YBR200W,YLR019W,0,0.4902599,0.09852956980466843,0.8835418820381165,0.843188464641571
YBR068C,YJR106W,1,0.49019313,0.09862631559371948,0.8845043182373047,0.843188464641571
YMR225C,YKR056W,0,0.49005473,0.09861572831869125,0.8845043182373047,0.8432888388633728
YFR052W,YNL297C,0,0.49003407,0.09860514849424362,0.8845043182373047,0.8433892130851746
YOR301W,YJL181W,0,0.4900295,0.09859456866979599,0.8845043182373047,0.8434895873069763
YER139C,YDR399W,0,0.48995477,0.09858399629592896,0.8845043182373047,0.8435900211334229
YCL074W,YNL148C,0,0.4899489,0.09857342392206192,0.8845043182373047,0.8436903953552246
YDR404C,YOR285W,0,0.48987076,0.09856285154819489,0.8845043182373047,0.8437907695770264
YNL058C,YPR180W,0,0.48983908,0.09855227917432785,0.8845043182373047,0.8438912034034729
YKL165C,YDL168W,0,0.4897806,0.09854171425104141,0.8845043182373047,0.8439915776252747
YKR052C,YNL024C,0,0.48966965,0.09853114932775497,0.8845043182373047,0.8440919518470764
YHR142W,YGL046W,0,0.48954117,0.09852058440446854,0.8845043182373047,0.8441923260688782
YKR052C,YJL193W,1,0.48953512,0.09861721843481064,0.8854668140411377,0.8441923260688782
YBR102C,YCR027C,0,0.48944002,0.0986066460609436,0.8854668140411377,0.8442927598953247
YGR167W,YJL192C,0,0.48940212,0.09859608113765717,0.8854668140411377,0.8443931341171265
YDR266C,YCL040W,0,0.48937294,0.09858550876379013,0.8854668140411377,0.8444935083389282
YMR093W,YLR391W-A,0,0.4893399,0.09857495129108429,0.8854668140411377,0.8445939421653748
YNL233W,YKL020C,0,0.48924783,0.09856438636779785,0.8854668140411377,0.8446943163871765
YKR105C,YPR011C,1,0.48915476,0.09866095334291458,0.8864292502403259,0.8446943163871765
YJR007W,YJL181W,0,0.4890904,0.09865038841962814,0.8864292502403259,0.8447946906089783
YPL146C,YNL056W,0,0.4890201,0.0986398234963417,0.8864292502403259,0.84489506483078
YPL064C,YIL020C,0,0.48900354,0.09862925857305527,0.8864292502403259,0.8449954986572266
YNR032W,YNL118C,0,0.48897916,0.09861869364976883,0.8864292502403259,0.8450958728790283
YPL076W,YER172C,0,0.48887473,0.09860813617706299,0.8864292502403259,0.8451962471008301
YCR021C,YPR204W,0,0.48887292,0.09859757870435715,0.8864292502403259,0.8452966809272766
YGR125W,YMR275C,1,0.48881766,0.09869407117366791,0.8873917460441589,0.8452966809272766
YMR054W,YDL120W,1,0.4887581,0.09879054129123688,0.8883541822433472,0.8452966809272766
YDL210W,YCL005W-A,1,0.48864746,0.09888698905706406,0.8893166780471802,0.8452966809272766
YJL191W,YOR323C,0,0.4884797,0.09887640178203583,0.8893166780471802,0.8453970551490784
YDR470C,YCR016W,0,0.48825556,0.0988658219575882,0.8893166780471802,0.8454974293708801
YBR115C,YJR152W,0,0.48819125,0.09885524958372116,0.8893166780471802,0.8455978035926819
YNR063W,YIL066C,0,0.48774418,0.09884466975927353,0.8893166780471802,0.8456982374191284
YNL090W,YBR281C,0,0.4876284,0.0988340973854065,0.8893166780471802,0.8457986116409302
YDR107C,YAL048C,1,0.4874659,0.0989304780960083,0.8902791142463684,0.8457986116409302
YNL261W,YLR315W,0,0.4873164,0.09891989827156067,0.8902791142463684,0.8458989858627319
YOL053C-A,YDL128W,0,0.48718524,0.09890932589769363,0.8902791142463684,0.8459994196891785
YMR168C,YDR214W,0,0.48682278,0.098898746073246,0.8902791142463684,0.8460997939109802
YJR160C,YGL255W,1,0.4868006,0.09899508208036423,0.8912415504455566,0.8460997939109802
YKL061W,YBR089C-A,0,0.48679316,0.0989845022559166,0.8912415504455566,0.846200168132782
YHR074W,YOR001W,0,0.48667708,0.09897392243146896,0.8912415504455566,0.8463006019592285
YGL156W,YDR131C,0,0.48663807,0.09896334260702133,0.8912415504455566,0.8464009761810303
YFR025C,YOL107W,0,0.48662153,0.0989527702331543,0.8912415504455566,0.846501350402832
YER090W,YGL115W,0,0.48640266,0.09894219785928726,0.8912415504455566,0.8466017246246338
YOR251C,YPL283C,0,0.48640165,0.09893162548542023,0.8912415504455566,0.8467021584510803
YIR019C,YOR022C,0,0.48638108,0.09892105311155319,0.8912415504455566,0.8468025326728821
YCL068C,YBL005W,0,0.48632285,0.09891048818826675,0.8912415504455566,0.8469029068946838
YER118C,YFL052W,0,0.48631686,0.09889992326498032,0.8912415504455566,0.8470033407211304
YGL144C,YER103W,0,0.48626125,0.09888936579227448,0.8912415504455566,0.8471037149429321
YAL039C,YER108C,0,0.48624355,0.09887880086898804,0.8912415504455566,0.8472040891647339
YLR001C,YDL132W,0,0.4861184,0.0988682433962822,0.8912415504455566,0.8473044633865356
YPR174C,YOL116W,0,0.4860942,0.09885769337415695,0.8912415504455566,0.8474048972129822
YDR473C,YLR240W,0,0.485827,0.09884713590145111,0.8912415504455566,0.8475052714347839
YLR332W,YPR071W,0,0.48581234,0.09883658587932587,0.8912415504455566,0.8476056456565857
YIR031C,YLL023C,0,0.48578817,0.09882604330778122,0.8912415504455566,0.8477060794830322
YBR202W,YNR073C,0,0.48576298,0.09881549328565598,0.8912415504455566,0.847806453704834
YNL305C,YLR368W,0,0.485666,0.09880495071411133,0.8912415504455566,0.8479068279266357
YOR094W,YPR155C,0,0.48560145,0.09879440814256668,0.8912415504455566,0.8480072021484375
YJR054W,YPL249C-A,0,0.4855389,0.09878387302160263,0.8912415504455566,0.848107635974884
YIL166C,YNR002C,1,0.4854884,0.09888000041246414,0.8922040462493896,0.848107635974884
YOR338W,YDR100W,0,0.48542184,0.0988694503903389,0.8922040462493896,0.8482080101966858
YBR073W,YGL115W,0,0.48537195,0.09885890781879425,0.8922040462493896,0.8483083844184875
YNL223W,YHR214W,0,0.48526078,0.0988483652472496,0.8922040462493896,0.8484088182449341
YDR468C,YPR097W,0,0.4850887,0.09883783012628555,0.8922040462493896,0.8485091924667358
YDR135C,YDL066W,0,0.48503423,0.0988272950053215,0.8922040462493896,0.8486095666885376
YER060W,YLR314C,0,0.48489285,0.09881675988435745,0.8922040462493896,0.8487099409103394
YHR194W,YFL066C,0,0.48485035,0.0988062247633934,0.8922040462493896,0.8488103747367859
YLR359W,YLR001C,0,0.48477343,0.09879569709300995,0.8922040462493896,0.8489107489585876
YOL027C,YKL198C,1,0.48472655,0.0988917276263237,0.8931664824485779,0.8489107489585876
YHR035W,YMR250W,0,0.48441753,0.09888119250535965,0.8931664824485779,0.8490111231803894
YMR226C,YLR297W,0,0.4842998,0.0988706573843956,0.8931664824485779,0.8491115570068359
YHR029C,YKR045C,0,0.4842597,0.09886012226343155,0.8931664824485779,0.8492119312286377
YJL026W,YEL052W,0,0.4842165,0.0988495945930481,0.8931664824485779,0.8493123054504395
YMR166C,YDR038C,1,0.48418912,0.09894557297229767,0.8941289782524109,0.8493123054504395
YBR227C,YKL138C-A,0,0.48413435,0.09893503785133362,0.8941289782524109,0.849412739276886
YNR030W,YFR030W,0,0.48412785,0.09892450273036957,0.8941289782524109,0.8495131134986877
YAL056W,YOR088W,0,0.48406667,0.09891396760940552,0.8941289782524109,0.8496134877204895
YGL103W,YJL112W,0,0.48396385,0.09890343993902206,0.8941289782524109,0.8497138619422913
YPR199C,YOR378W,0,0.48384076,0.09889291226863861,0.8941289782524109,0.8498142957687378
YGR125W,YKL220C,1,0.48380858,0.09898882359266281,0.8950914144515991,0.8498142957687378
YKL107W,YGR059W,0,0.48373738,0.09897828847169876,0.8950914144515991,0.8499146699905396
YEL031W,YNR072W,1,0.4836343,0.09907416999340057,0.8960539102554321,0.8499146699905396
YIL022W,YBR218C,0,0.48363286,0.09906362742185593,0.8960539102554321,0.8500150442123413
YNR018W,YFL011W,1,0.4835634,0.09915948659181595,0.8970163464546204,0.8500150442123413
YCL027C-A,YBL041W,0,0.48349458,0.0991489365696907,0.8970163464546204,0.8501154780387878
YPL249C-A,YKL090W,0,0.48315907,0.09913838654756546,0.8970163464546204,0.8502158522605896
YHR107C,YEL020C,0,0.48315603,0.09912784397602081,0.8970163464546204,0.8503162264823914
YGL231C,YNL241C,0,0.4831348,0.09911730140447617,0.8970163464546204,0.8504166007041931
YLL003W,YBL071W-A,0,0.48258048,0.09910676628351212,0.8970163464546204,0.8505170345306396
YNL270C,YER109C,0,0.48221236,0.09909622371196747,0.8970163464546204,0.8506174087524414
YGL046W,YFL048C,0,0.4820543,0.09908568859100342,0.8970163464546204,0.8507177829742432
YPR138C,YBR170C,0,0.48203942,0.09907515347003937,0.8970163464546204,0.8508182168006897
YKR046C,YPR127W,0,0.4820128,0.09906462579965591,0.8970163464546204,0.8509185910224915
YGR098C,YKR077W,0,0.48201132,0.09905409812927246,0.8970163464546204,0.8510189652442932
YJL174W,YHR185C,0,0.48199883,0.09904357045888901,0.8970163464546204,0.851119339466095
YDR285W,YFL055W,0,0.4819556,0.09903304278850555,0.8970163464546204,0.8512197732925415
YPR011C,YNL142W,1,0.48182082,0.09912877529859543,0.8979788422584534,0.8512197732925415
YML133C,YER149C,0,0.4818146,0.09911824017763138,0.8979788422584534,0.8513201475143433
YDR111C,YGL046W,0,0.48173356,0.09910771250724792,0.8979788422584534,0.851420521736145
YGR271C-A,YJL225C,0,0.48171753,0.09909718483686447,0.8979788422584534,0.8515209555625916
YGR177C,YNL035C,0,0.4816262,0.09908666461706161,0.8979788422584534,0.8516213297843933
YBR141C,YGR155W,0,0.4813737,0.09907613694667816,0.8979788422584534,0.8517217040061951
YMR234W,YML058W-A,0,0.48134416,0.0990656167268753,0.8979788422584534,0.8518220782279968
YGL048C,YKL200C,0,0.48134315,0.09905510395765305,0.8979788422584534,0.8519225120544434
YML096W,YBL113C,0,0.48131692,0.09904458373785019,0.8979788422584534,0.8520228862762451
YGR121C,YGL071W,1,0.48121604,0.0991402193903923,0.8989412784576416,0.8520228862762451
YJL171C,YDR331W,0,0.4812064,0.09912969917058945,0.8989412784576416,0.8521232604980469
YMR183C,YDL124W,0,0.4810133,0.09911917895078659,0.8989412784576416,0.8522236943244934
YJL054W,YFR045W,0,0.48090237,0.09910865873098373,0.8989412784576416,0.8523240685462952
YGR017W,YLR251W,0,0.480726,0.09909814596176147,0.8989412784576416,0.8524244427680969
YFL035C-B,YKR031C,0,0.4806642,0.09908763319253922,0.8989412784576416,0.8525248765945435
YFL057C,YMR041C,0,0.48022908,0.09907712042331696,0.8989412784576416,0.8526252508163452
YPL211W,YMR046C,0,0.4799329,0.0990666076540947,0.8989412784576416,0.852725625038147
YFR016C,YNL153C,0,0.47992304,0.09905610233545303,0.8989412784576416,0.8528259992599487
YMR226C,YDR461W,0,0.4798355,0.09904559701681137,0.8989412784576416,0.8529264330863953
YLR411W,YJL214W,1,0.4797903,0.09914112836122513,0.8999037742614746,0.8529264330863953
YOR354C,YDR346C,0,0.4797299,0.09913061559200287,0.8999037742614746,0.853026807308197
YEL043W,YOR001W,0,0.47962233,0.0991201102733612,0.8999037742614746,0.8531271815299988
YHR111W,YDR266C,0,0.47960836,0.09910960495471954,0.8999037742614746,0.8532276153564453
YLR080W,YGL190C,0,0.47957444,0.09909909963607788,0.8999037742614746,0.8533279895782471
YDL199C,YBR132C,1,0.4795348,0.09919457137584686,0.9008662104606628,0.8533279895782471
YNL190W,YHR051W,0,0.4793921,0.0991840660572052,0.9008662104606628,0.8534283638000488
YML055W,YOR025W,0,0.47928968,0.09917355328798294,0.9008662104606628,0.8535287380218506
YCL030C,YHR003C,0,0.47925338,0.09916304796934128,0.9008662104606628,0.8536291718482971
YOR103C,YML133C,0,0.4789348,0.09915254265069962,0.9008662104606628,0.8537295460700989
YPL104W,YDL052C,0,0.47884703,0.09914203733205795,0.9008662104606628,0.8538299202919006
YFL048C,YGR012W,0,0.478751,0.09913153946399689,0.9008662104606628,0.8539303541183472
YDR342C,YGL160W,1,0.47868565,0.0992269441485405,0.9018287062644958,0.8539303541183472
YKL199C,YGL255W,1,0.47841156,0.09932231903076172,0.9027911424636841,0.8539303541183472
YFL055W,YAR042W,0,0.47828633,0.09931180626153946,0.9027911424636841,0.8540307283401489
YDR142C,YER014C-A,0,0.47827786,0.0993012934923172,0.9027911424636841,0.8541311025619507
YPL178W,YDL246C,0,0.4782682,0.09929078072309494,0.9027911424636841,0.8542314767837524
YHR033W,YLR228C,0,0.47799432,0.09928026795387268,0.9027911424636841,0.854331910610199
YNL318C,YCL073C,1,0.4778012,0.09937559813261032,0.9037536382675171,0.854331910610199
YCR087C-A,YOR393W,0,0.4776654,0.09936507791280746,0.9037536382675171,0.8544322848320007
YML096W,YBR261C,0,0.47765422,0.0993545651435852,0.9037536382675171,0.8545326590538025
YKL146W,YEL062W,1,0.47749645,0.09944985061883926,0.9047160744667053,0.8545326590538025
YNL321W,YOL158C,1,0.4774734,0.09954512119293213,0.9056785106658936,0.8545326590538025
YKL086W,YMR195W,0,0.47728473,0.09953458607196808,0.9056785106658936,0.854633092880249
YDR444W,YLL028W,0,0.47722718,0.09952405840158463,0.9056785106658936,0.8547334671020508
YBL091C-A,YLL054C,0,0.4771145,0.09951353818178177,0.9056785106658936,0.8548338413238525
YJL093C,YOR088W,1,0.47686678,0.09960875660181046,0.9066410064697266,0.8548338413238525
YKL080W,YLR089C,0,0.476827,0.0995982214808464,0.9066410064697266,0.8549342155456543
YJR026W,YLR183C,0,0.4767087,0.09958769381046295,0.9066410064697266,0.8550346493721008
YJL113W,YMR161W,0,0.4766681,0.0995771661400795,0.9066410064697266,0.8551350235939026
YGL170C,YOR189W,0,0.47660857,0.09956663846969604,0.9066410064697266,0.8552353978157043
YJR056C,YOR250C,0,0.47655213,0.09955611824989319,0.9066410064697266,0.8553358316421509
YBL005W-A,YGR266W,0,0.4764927,0.09954559803009033,0.9066410064697266,0.8554362058639526
YCR102C,YGL201C,0,0.47647244,0.09953507781028748,0.9066410064697266,0.8555365800857544
YBL006C,YDR131C,0,0.47639367,0.09952456504106522,0.9066410064697266,0.8556370139122009
YER040W,YHR033W,0,0.4762978,0.09951405227184296,0.9066410064697266,0.8557373881340027
YLR225C,YML039W,0,0.4759063,0.0995035395026207,0.9066410064697266,0.8558377623558044
YLR248W,YDR009W,0,0.4759002,0.09949302673339844,0.9066410064697266,0.8559381365776062
YML081W,YBR233W-A,0,0.47557557,0.09948252141475677,0.9066410064697266,0.8560385704040527
YPR112C,YNR033W,0,0.47553217,0.09947201609611511,0.9066410064697266,0.8561389446258545
YLR319C,YAL005C,0,0.47544312,0.09946151077747345,0.9066410064697266,0.8562393188476562
YPL224C,YNL176C,0,0.47542354,0.09945101290941238,0.9066410064697266,0.8563397526741028
YMR262W,YLL067C,0,0.4753015,0.09944051504135132,0.9066410064697266,0.8564401268959045
YCR042C,YKR060W,0,0.47529316,0.09943001717329025,0.9066410064697266,0.8565405011177063
YIL046W,YMR077C,0,0.47503927,0.09941952675580978,0.9066410064697266,0.8566408753395081
YDR113C,YMR074C,0,0.4749809,0.09940903633832932,0.9066410064697266,0.8567413091659546
YDL039C,YHL018W,0,0.47494,0.09939854592084885,0.9066410064697266,0.8568416833877563
YDR476C,YFR036W,0,0.4747767,0.09938805550336838,0.9066410064697266,0.8569420576095581
YDR506C,YKL016C,1,0.47469652,0.09948306530714035,0.9076034426689148,0.8569420576095581
YGL208W,YML059C,0,0.47466347,0.09947257488965988,0.9076034426689148,0.8570424914360046
YOL158C,YDL160C,0,0.4744104,0.09946208447217941,0.9076034426689148,0.8571428656578064
YPL188W,YOL101C,0,0.4742765,0.09945159405469894,0.9076034426689148,0.8572432398796082
YDR303C,YOR216C,0,0.47423947,0.09944110363721848,0.9076034426689148,0.8573436141014099
YBR004C,YER162C,0,0.47422963,0.0994306206703186,0.9076034426689148,0.8574440479278564
YKL082C,YMR024W,0,0.47387487,0.09942013770341873,0.9076034426689148,0.8575444221496582
YCL019W,YDR195W,0,0.47370046,0.09940965473651886,0.9076034426689148,0.85764479637146
YHR103W,YCR065W,0,0.47369096,0.09939917922019958,0.9076034426689148,0.8577452301979065
YER101C,YMR267W,0,0.4736353,0.09938870370388031,0.9076034426689148,0.8578456044197083
YJL216C,YJL004C,0,0.47357914,0.09937822818756104,0.9076034426689148,0.85794597864151
YMR166C,YMR054W,1,0.47350582,0.09947312623262405,0.9085659384727478,0.85794597864151
YLR376C,YPL056C,0,0.4732896,0.09946265071630478,0.9085659384727478,0.8580463528633118
YDL012C,YOR260W,0,0.47316837,0.09945216774940491,0.9085659384727478,0.8581467866897583
YOL010W,YNL199C,0,0.47313607,0.09944169223308563,0.9085659384727478,0.8582471609115601
YOL158C,YFR030W,0,0.47299892,0.09943121671676636,0.9085659384727478,0.8583475351333618
YOR078W,YGL237C,0,0.47284517,0.09942074865102768,0.9085659384727478,0.8584479689598083
YOL158C,YDR038C,1,0.47282922,0.09951558709144592,0.909528374671936,0.8584479689598083
YCL068C,YNL247W,0,0.47260383,0.09950510412454605,0.909528374671936,0.8585483431816101
YLR093C,YBR043C,0,0.47237027,0.09949462860822678,0.909528374671936,0.8586487174034119
YDR281C,YKL203C,0,0.47224116,0.0994841530919075,0.909528374671936,0.8587491512298584
YPL009C,YNR026C,0,0.47222155,0.09947368502616882,0.909528374671936,0.8588495254516602
YIL122W,YPL276W,0,0.47217548,0.09946321696043015,0.909528374671936,0.8589498996734619
YGR203W,YGR245C,0,0.47196293,0.09945274889469147,0.909528374671936,0.8590502738952637
YEL020C,YHR001W,0,0.47191542,0.09944228082895279,0.909528374671936,0.8591507077217102
YNR013C,YFL017W-A,0,0.47185168,0.09943182021379471,0.909528374671936,0.859251081943512
YHL026C,YPL283C,0,0.47162423,0.09942135959863663,0.909528374671936,0.8593514561653137
YCR102C,YJL029C,0,0.47161815,0.09941089898347855,0.909528374671936,0.8594518899917603
YCR011C,YLR383W,0,0.47146496,0.09940043836832047,0.909528374671936,0.859552264213562
YLR384C,YJL093C,0,0.47139102,0.09938998520374298,0.909528374671936,0.8596526384353638
YJL193W,YIL047C,1,0.4712835,0.09948469698429108,0.910490870475769,0.8596526384353638
YLL029W,YPR007C,0,0.47115016,0.099474236369133,0.910490870475769,0.8597530126571655
YPR196W,YLR164W,0,0.47109675,0.09946377575397491,0.910490870475769,0.8598534464836121
YOR028C,YCL026C-B,0,0.4710533,0.09945332258939743,0.910490870475769,0.8599538207054138
YNL048W,YNL329C,0,0.47104374,0.09944286942481995,0.910490870475769,0.8600541949272156
YER014C-A,YPL164C,0,0.47095442,0.09943241626024246,0.910490870475769,0.8601546287536621
YOL051W,YOR310C,0,0.4707858,0.09942196309566498,0.910490870475769,0.8602550029754639
YLR190W,YFR024C-A,0,0.47078362,0.09941151738166809,0.910490870475769,0.8603553771972656
YDL010W,YDR496C,0,0.47072893,0.0994010716676712,0.910490870475769,0.8604557514190674
YGL047W,YBR253W,0,0.4706607,0.09939062595367432,0.910490870475769,0.8605561852455139
YGL160W,YMR067C,0,0.4706574,0.09938018769025803,0.910490870475769,0.8606565594673157
YPR201W,YDR196C,0,0.470643,0.09936974942684174,0.910490870475769,0.8607569336891174
YBL028C,YOR237W,0,0.47040933,0.09935931116342545,0.910490870475769,0.860857367515564
YOL119C,YLR160C,0,0.47033983,0.09934887290000916,0.910490870475769,0.8609577417373657
YMR237W,YNL304W,0,0.47032318,0.09933844208717346,0.910490870475769,0.8610581159591675
YOR088W,YOR222W,1,0.4702695,0.09943301230669022,0.9114533066749573,0.8610581159591675
YBL100W-A,YPL241C,0,0.47023988,0.09942257404327393,0.9114533066749573,0.8611584901809692
YER044C-A,YHR138C,0,0.47022805,0.09941213577985764,0.9114533066749573,0.8612589240074158
YHL026C,YKL196C,0,0.47022706,0.09940169751644135,0.9114533066749573,0.8613592982292175
YPL280W,YDR519W,0,0.47007287,0.09939126670360565,0.9114533066749573,0.8614596724510193
YBR059C,YDL015C,0,0.4699512,0.09938083589076996,0.9114533066749573,0.8615601062774658
YOR113W,YGR252W,0,0.46989197,0.09937041252851486,0.9114533066749573,0.8616604804992676
YKL061W,YGL038C,0,0.46982673,0.09935998171567917,0.9114533066749573,0.8617608547210693
YOR371C,YPL004C,0,0.46938965,0.09934955835342407,0.9114533066749573,0.8618612885475159
YDR506C,YOR332W,1,0.46928406,0.09944403916597366,0.9124158024787903,0.8618612885475159
YLR329W,YDR490C,0,0.4692341,0.09943360835313797,0.9124158024787903,0.8619616627693176
YJR123W,YJR034W,0,0.46905133,0.09942317754030228,0.9124158024787903,0.8620620369911194
YBR261C,YLR442C,0,0.46898204,0.09941275417804718,0.9124158024787903,0.8621624112129211
YBR141C,YLL028W,0,0.4689447,0.09940233081579208,0.9124158024787903,0.8622628450393677
YCR045C,YKL012W,0,0.46859232,0.09939190745353699,0.9124158024787903,0.8623632192611694
YNL232W,YLR055C,0,0.46842605,0.09938148409128189,0.9124158024787903,0.8624635934829712
YOR187W,YKL171W,0,0.4683811,0.09937106817960739,0.9124158024787903,0.8625640273094177
YEL051W,YBR235W,1,0.46803987,0.09946546703577042,0.9133782386779785,0.8625640273094177
YDR016C,YGL044C,0,0.46800506,0.09945504367351532,0.9133782386779785,0.8626644015312195
YIR013C,YDR210W,0,0.46755922,0.09944462031126022,0.9133782386779785,0.8627647757530212
YOR019W,YNR060W,0,0.46754456,0.09943419694900513,0.9133782386779785,0.862865149974823
YER122C,YBL036C,0,0.46746624,0.09942378103733063,0.9133782386779785,0.8629655838012695
YKR002W,YDR090C,0,0.46743444,0.09941336512565613,0.9133782386779785,0.8630659580230713
YDL022W,YFR045W,0,0.46731943,0.09940295666456223,0.9133782386779785,0.863166332244873
YML038C,YML109W,0,0.46677333,0.09939254075288773,0.9133782386779785,0.8632667660713196
YCR087C-A,YDR064W,0,0.46674082,0.09938213229179382,0.9133782386779785,0.8633671402931213
YKR006C,YLR460C,0,0.46661386,0.09937173128128052,0.9133782386779785,0.8634675145149231
YPR112C,YER074W-A,0,0.4665993,0.09936132282018661,0.9133782386779785,0.8635678887367249
YPR190C,YML069W,0,0.46632463,0.09935092180967331,0.9133782386779785,0.8636683225631714
YCR002C,YLR224W,0,0.4663124,0.09934052079916,0.9133782386779785,0.8637686967849731
YNR056C,YLR226W,0,0.46622372,0.0993301197886467,0.9133782386779785,0.8638690710067749
YMR200W,YOR262W,0,0.46611762,0.09931972622871399,0.9133782386779785,0.8639695048332214
YMR272C,YPL283C,0,0.46606773,0.09930933266878128,0.9133782386779785,0.8640698790550232
YML039W,YDR227W,0,0.4660355,0.09929894655942917,0.9133782386779785,0.864170253276825
YPL275W,YNL173C,0,0.46600974,0.09928855299949646,0.9133782386779785,0.8642706274986267
YBL003C,YHR077C,0,0.46600324,0.09927816689014435,0.9133782386779785,0.8643710613250732
YDR434W,YOL029C,0,0.46594226,0.09926778078079224,0.9133782386779785,0.864471435546875
YNR033W,YEL043W,0,0.46591884,0.09925740212202072,0.9133782386779785,0.8645718097686768
YNL067W,YMR078C,0,0.46590298,0.09924701601266861,0.9133782386779785,0.8646722435951233
YDL199C,YOR307C,1,0.4658526,0.09934121370315552,0.9143407344818115,0.8646722435951233
YMR291W,YKR089C,0,0.46582294,0.0993308275938034,0.9143407344818115,0.864772617816925
YML022W,YLR064W,0,0.46575934,0.0993204414844513,0.9143407344818115,0.8648729920387268
YNL154C,YDL052C,0,0.46573558,0.09931005537509918,0.9143407344818115,0.8649734258651733
YDR079C-A,YBR002C,0,0.4656975,0.09929967671632767,0.9143407344818115,0.8650738000869751
YJL160C,YDR471W,0,0.4654027,0.09928929805755615,0.9143407344818115,0.8651741743087769
YKL101W,YLR151C,0,0.46520403,0.09927891939878464,0.9143407344818115,0.8652745485305786
YAL029C,YER149C,0,0.4651908,0.09926854819059372,0.9143407344818115,0.8653749823570251
YHR009C,YFR018C,0,0.4651495,0.0992581769824028,0.9143407344818115,0.8654753565788269
YLR376C,YPR133W-A,0,0.4651435,0.09924780577421188,0.9143407344818115,0.8655757308006287
YLR272C,YDR422C,0,0.4650774,0.09923744201660156,0.9143407344818115,0.8656761646270752
YLR270W,YKR045C,0,0.46493083,0.09922707080841064,0.9143407344818115,0.865776538848877
YDR353W,YNL132W,0,0.4648329,0.09921670705080032,0.9143407344818115,0.8658769130706787
YCR087C-A,YNL066W,0,0.4646746,0.0992063507437706,0.9143407344818115,0.8659772872924805
YCL030C,YJR099W,0,0.4646449,0.09919598698616028,0.9143407344818115,0.866077721118927
YBR103W,YML111W,0,0.46463358,0.09918563067913055,0.9143407344818115,0.8661780953407288
YGR134W,YOR109W,0,0.46451426,0.09917528182268143,0.9143407344818115,0.8662784695625305
YDR460W,YOR287C,0,0.46445227,0.0991649255156517,0.9143407344818115,0.866378903388977
YOR250C,YLL014W,0,0.464414,0.09915457665920258,0.9143407344818115,0.8664792776107788
YEL056W,YNR021W,0,0.46417344,0.09914422780275345,0.9143407344818115,0.8665796518325806
YMR118C,YDR517W,0,0.46409518,0.09913388639688492,0.9143407344818115,0.8666800260543823
YKR078W,YOR358W,0,0.46394217,0.09912353754043579,0.9143407344818115,0.8667804598808289
YLR118C,YLL066C,0,0.46390796,0.09911319613456726,0.9143407344818115,0.8668808341026306
YDR067C,YLR275W,0,0.46376404,0.09910285472869873,0.9143407344818115,0.8669812083244324
YDR438W,YMR239C,0,0.46359417,0.0990925207734108,0.9143407344818115,0.8670816421508789
YHR205W,YER016W,0,0.46351627,0.09908218681812286,0.9143407344818115,0.8671820163726807
YPR003C,YHR118C,0,0.46347213,0.09907185286283493,0.9143407344818115,0.8672823905944824
YLR268W,YNL153C,0,0.46345145,0.099061518907547,0.9143407344818115,0.8673827648162842
YBR100W,YLR226W,0,0.46342304,0.09905119240283966,0.9143407344818115,0.8674831986427307
YOL098C,YJR112W,0,0.46339116,0.09904086589813232,0.9143407344818115,0.8675835728645325
YDR337W,YCR043C,0,0.46338606,0.09903053939342499,0.9143407344818115,0.8676839470863342
YFL024C,YDR072C,0,0.46329483,0.09902022033929825,0.9143407344818115,0.8677843809127808
YDL093W,YGR283C,0,0.463255,0.09900990128517151,0.9143407344818115,0.8678847551345825
YBR102C,YLL017W,0,0.46320787,0.09899958223104477,0.9143407344818115,0.8679851293563843
YKL064W,YGL044C,0,0.46316326,0.09898927062749863,0.9143407344818115,0.8680855631828308
YCR063W,YDR257C,0,0.46310204,0.09897895157337189,0.9143407344818115,0.8681859374046326
YJL216C,YJL178C,0,0.46288747,0.09896863996982574,0.9143407344818115,0.8682863116264343
YIL030C,YPR114W,0,0.46277303,0.0989583358168602,0.9143407344818115,0.8683866858482361
YCL003W,YFR050C,0,0.46274132,0.09894802421331406,0.9143407344818115,0.8684871196746826
YML096W,YFR030W,0,0.46273005,0.09893772006034851,0.9143407344818115,0.8685874938964844
YCR087C-A,YDR235W,0,0.46271694,0.09892741590738297,0.9143407344818115,0.8686878681182861
YLR166C,YBR180W,0,0.46266943,0.09891711920499802,0.9143407344818115,0.8687883019447327
YLR144C,YDR150W,0,0.46265677,0.09890682250261307,0.9143407344818115,0.8688886761665344
YPL118W,YPR144C,0,0.46265036,0.09889652580022812,0.9143407344818115,0.8689890503883362
YIL022W,YLR182W,0,0.46255022,0.09888622909784317,0.9143407344818115,0.8690894246101379
YPL230W,YJR028W,0,0.46249324,0.09887593984603882,0.9143407344818115,0.8691898584365845
YOL086W-A,YIL154C,0,0.4622783,0.09886564314365387,0.9143407344818115,0.8692902326583862
YDR131C,YBL063W,0,0.46227518,0.09885536134243011,0.9143407344818115,0.869390606880188
YDL004W,YNL062C,0,0.4620288,0.09884507209062576,0.9143407344818115,0.8694910407066345
YML010W,YLR394W,0,0.46181726,0.09883479028940201,0.9143407344818115,0.8695914149284363
YHR072W,YLR426W,0,0.46158338,0.09882450848817825,0.9143407344818115,0.869691789150238
YNL054W,YHL017W,0,0.46155468,0.0988142266869545,0.9143407344818115,0.8697921633720398
YNR072W,YCL073C,1,0.46154225,0.0989079549908638,0.9153031706809998,0.8697921633720398
YCL001W,YBL036C,0,0.4614638,0.09889767318964005,0.9153031706809998,0.8698925971984863
YER087C-B,YDR359C,0,0.46134627,0.0988873839378357,0.9153031706809998,0.8699929714202881
YLR225C,YKL012W,0,0.46130317,0.09887710213661194,0.9153031706809998,0.8700933456420898
YGR161C-C,YGR027W-A,0,0.46124065,0.09886682778596878,0.9153031706809998,0.8701937794685364
YJR031C,YLR410W,0,0.46116602,0.09885654598474503,0.9153031706809998,0.8702941536903381
YPL007C,YJL012C-A,0,0.46114126,0.09884627163410187,0.9153031706809998,0.8703945279121399
YGR179C,YLR216C,0,0.46112674,0.09883599728345871,0.9153031706809998,0.8704949021339417
YIL135C,YML059C,0,0.4608785,0.09882573038339615,0.9153031706809998,0.8705953359603882
YER071C,YPR065W,0,0.46081758,0.09881546348333359,0.9153031706809998,0.8706957101821899
YHR050W,YOR390W,1,0.46075153,0.09890908747911453,0.9162656664848328,0.8706957101821899
YGR096W,YFR045W,1,0.46065396,0.09900270402431488,0.917228102684021,0.8706957101821899
YMR087W,YMR058W,0,0.46025074,0.09899241477251053,0.917228102684021,0.8707960844039917
YGR121C,YCL004W,0,0.46006522,0.09898213297128677,0.917228102684021,0.8708965182304382
YFR036W,YML133C,0,0.45999554,0.09897185862064362,0.917228102684021,0.87099689245224
YBR236C,YLR284C,0,0.4599821,0.09896157681941986,0.917228102684021,0.8710972666740417
YCL062W,YDR041W,0,0.45983988,0.0989513024687767,0.917228102684021,0.8711977005004883
YLR329W,YGL163C,0,0.4598161,0.09894102811813354,0.917228102684021,0.87129807472229
YGL156W,YGR067C,0,0.4596604,0.09893076121807098,0.917228102684021,0.8713984489440918
YKL091C,YOR197W,0,0.45958066,0.09892048686742783,0.917228102684021,0.8714988231658936
YBL005W-A,YDR409W,0,0.45956004,0.09891021996736526,0.917228102684021,0.8715992569923401
YMR034C,YKR095W,0,0.4595449,0.0988999605178833,0.917228102684021,0.8716996312141418
YGL216W,YLR132C,0,0.4593767,0.09888969361782074,0.917228102684021,0.8718000054359436
YHR202W,YGR239C,0,0.4593209,0.09887943416833878,0.917228102684021,0.8719004392623901
YJL216C,YNL079C,0,0.4592483,0.09886917471885681,0.917228102684021,0.8720008134841919
YCL027C-A,YOL052C-A,0,0.45919675,0.09885892271995544,0.917228102684021,0.8721011877059937
YEL027W,YLL054C,0,0.45916384,0.09884867072105408,0.917228102684021,0.8722015619277954
YDR415C,YGL174W,0,0.45904797,0.09883841872215271,0.917228102684021,0.8723019957542419
YHL050C,YDR206W,0,0.45902407,0.09882816672325134,0.917228102684021,0.8724023699760437
YOR304C-A,YLR383W,0,0.45890114,0.09881791472434998,0.917228102684021,0.8725027441978455
YLR389C,YIL108W,0,0.45888555,0.0988076701760292,0.917228102684021,0.872603178024292
YNL134C,YDR322C-A,0,0.45852438,0.09879742562770844,0.917228102684021,0.8727035522460938
YLL040C,YOL029C,0,0.45850933,0.09878718852996826,0.917228102684021,0.8728039264678955
YIR007W,YNL084C,0,0.4584778,0.09877695143222809,0.917228102684021,0.8729043006896973
YHR191C,YOR123C,0,0.4584239,0.09876671433448792,0.917228102684021,0.8730047345161438
YLR278C,YBR104W,0,0.4584101,0.09875647723674774,0.917228102684021,0.8731051087379456
YIR007W,YKR018C,0,0.45835757,0.09874624758958817,0.917228102684021,0.8732054829597473
YML030W,YHR108W,0,0.45835584,0.09873601049184799,0.917228102684021,0.8733059167861938
YDR111C,YGR174C,0,0.45831555,0.09872578829526901,0.917228102684021,0.8734062910079956
YNL318C,YLR214W,1,0.45829964,0.09881914407014847,0.9181905388832092,0.8734062910079956
YOR064C,YLR404W,0,0.45829454,0.0988089069724083,0.9181905388832092,0.8735066652297974
YER014C-A,YLR376C,0,0.45817605,0.09879867732524872,0.9181905388832092,0.8736070394515991
YLR426W,YER026C,0,0.45801365,0.09878844022750854,0.9181905388832092,0.8737074732780457
YBR192W,YGR060W,0,0.45783424,0.09877821803092957,0.9181905388832092,0.8738078474998474
YIL030C,YKL101W,0,0.45773083,0.09876798838376999,0.9181905388832092,0.8739082217216492
YBR233W-A,YPL018W,0,0.45759988,0.09875776618719101,0.9181905388832092,0.8740086555480957
YNL233W,YGL246C,0,0.4575976,0.09874754399061203,0.9181905388832092,0.8741090297698975
YPL274W,YJL118W,0,0.45742816,0.09873732179403305,0.9181905388832092,0.8742094039916992
YPR004C,YNL230C,0,0.4573219,0.09872710704803467,0.9181905388832092,0.8743098378181458
YJR088C,YGL019W,0,0.45730603,0.09871688485145569,0.9181905388832092,0.8744102120399475
YPL161C,YDR235W,0,0.45727614,0.0987066701054573,0.9181905388832092,0.8745105862617493
YJL099W,YER008C,0,0.45708728,0.09869646281003952,0.9181905388832092,0.874610960483551
YBL063W,YCR055C,0,0.45704737,0.09868625551462173,0.9181905388832092,0.8747113943099976
YNR015W,YOR022C,0,0.45692062,0.09867604821920395,0.9181905388832092,0.8748117685317993
YKL086W,YLR268W,0,0.45689887,0.09866584092378616,0.9181905388832092,0.8749121427536011
YLR004C,YJL094C,0,0.4568644,0.09865563362836838,0.9181905388832092,0.8750125765800476
YOR132W,YHR138C,0,0.45682013,0.09864543378353119,0.9181905388832092,0.8751129508018494
YDL002C,YGR140W,0,0.4567976,0.098635233938694,0.9181905388832092,0.8752133250236511
YPL113C,YMR261C,0,0.45668882,0.09862504154443741,0.9181905388832092,0.8753136992454529
YOR236W,YML102W,0,0.456416,0.09861484169960022,0.9181905388832092,0.8754141330718994
YPL275W,YPL006W,0,0.45624,0.09860464930534363,0.9181905388832092,0.8755145072937012
YIL030C,YML058W-A,0,0.45615438,0.09859445691108704,0.9181905388832092,0.8756148815155029
YIL158W,YBR112C,0,0.45611662,0.09858427196741104,0.9181905388832092,0.8757153153419495
YOR017W,YOR267C,0,0.45600882,0.09857408702373505,0.9181905388832092,0.8758156895637512
YCR087C-A,YDR123C,0,0.45572484,0.09856390208005905,0.9181905388832092,0.875916063785553
YMR274C,YDR410C,0,0.45570093,0.09855371713638306,0.9181905388832092,0.8760164380073547
YPL036W,YBR239C,0,0.45552975,0.09854353964328766,0.9181905388832092,0.8761168718338013
YCL003W,YEL005C,0,0.45546344,0.09853336215019226,0.9181905388832092,0.876217246055603
YPL266W,YNL176C,0,0.45541573,0.09852318465709686,0.9181905388832092,0.8763176202774048
YHR146W,YKL138C-A,0,0.45514655,0.09851301461458206,0.9181905388832092,0.8764180541038513
YMR145C,YIL158W,0,0.4550702,0.09850283712148666,0.9181905388832092,0.8765184283256531
YJR026W,YJR119C,0,0.45497227,0.09849266707897186,0.9181905388832092,0.8766188025474548
YLR460C,YJL176C,0,0.4545159,0.09848250448703766,0.9181905388832092,0.8767191767692566
YKL026C,YKL063C,0,0.45432946,0.09847233444452286,0.9181905388832092,0.8768196105957031
YBR084C-A,YLR183C,0,0.45417553,0.09846217185258865,0.9181905388832092,0.8769199848175049
YDL206W,YOL152W,1,0.45416462,0.09855521470308304,0.9191530346870422,0.8769199848175049
YER013W,YFR016C,0,0.45401606,0.09854504466056824,0.9191530346870422,0.8770203590393066
YDR163W,YPL280W,0,0.45392594,0.09853487461805344,0.9191530346870422,0.8771207928657532
YGL192W,YCL026C-A,0,0.4538573,0.09852471202611923,0.9191530346870422,0.8772211670875549
YPL110C,YJR140C,0,0.45378923,0.09851454198360443,0.9191530346870422,0.8773215413093567
YGR091W,YHL012W,0,0.45378822,0.09850438684225082,0.9191530346870422,0.8774219751358032
YDR457W,YPL133C,0,0.45347998,0.09849422425031662,0.9191530346870422,0.877522349357605
YJR026W,YFL008W,0,0.45341152,0.09848406910896301,0.9191530346870422,0.8776227235794067
YOL009C,YKR098C,0,0.45337474,0.0984739139676094,0.9191530346870422,0.8777230978012085
YLR129W,YNL138W-A,0,0.45319796,0.0984637588262558,0.9191530346870422,0.877823531627655
YDL156W,YJL074C,0,0.45306736,0.09845361113548279,0.9191530346870422,0.8779239058494568
YPL189W,YIL010W,0,0.4527439,0.09844345599412918,0.9191530346870422,0.8780242800712585
YKR006C,YGL207W,0,0.45271274,0.09843331575393677,0.9191530346870422,0.8781247138977051
YCR091W,YNL138W-A,0,0.4525493,0.09842316806316376,0.9191530346870422,0.8782250881195068
YPL056C,YDR216W,0,0.452516,0.09841302782297134,0.9191530346870422,0.8783254623413086
YKL132C,YDR109C,0,0.4524808,0.09840288758277893,0.9191530346870422,0.8784258365631104
YOR074C,YBR208C,0,0.45236748,0.09839274734258652,0.9191530346870422,0.8785262703895569
YHR074W,YOR272W,0,0.45228463,0.0983826071023941,0.9191530346870422,0.8786266446113586
YLR260W,YJL012C-A,0,0.45226055,0.09837247431278229,0.9191530346870422,0.8787270188331604
YHR107C,YJL130C,0,0.45217735,0.09836234152317047,0.9191530346870422,0.8788274526596069
YER063W,YFL066C,0,0.45210856,0.09835221618413925,0.9191530346870422,0.8789278268814087
YLR224W,YPL196W,0,0.4520895,0.09834208339452744,0.9191530346870422,0.8790282011032104
YNL131W,YML039W,0,0.45196736,0.09833195805549622,0.9191530346870422,0.8791285753250122
YGR281W,YNR039C,1,0.45191205,0.09842479228973389,0.9201154708862305,0.8791285753250122
YHR050W,YHR214W,0,0.4517418,0.09841465950012207,0.9201154708862305,0.8792290091514587
YOR138C,YDR090C,0,0.45157844,0.09840452671051025,0.9201154708862305,0.8793293833732605
YMR074C,YOL034W,0,0.4515744,0.09839440137147903,0.9201154708862305,0.8794297575950623
YDL236W,YLR051C,0,0.45138997,0.09838427603244781,0.9201154708862305,0.8795301914215088
YDR506C,YPL283C,0,0.45124263,0.0983741506934166,0.9201154708862305,0.8796305656433105
YHR009C,YHR039C,0,0.45059335,0.09836403280496597,0.9201154708862305,0.8797309398651123
YNL003C,YFR046C,0,0.45046034,0.09835390746593475,0.9201154708862305,0.8798313140869141
YLL031C,YJR095W,0,0.45040435,0.09834378957748413,0.9201154708862305,0.8799317479133606
YPL268W,YOR088W,0,0.45037955,0.0983336791396141,0.9201154708862305,0.8800321221351624
YNR019W,YJL174W,0,0.45028567,0.09832356125116348,0.9201154708862305,0.8801324963569641
YKL041W,YNL101W,1,0.45019,0.0984162911772728,0.9210779666900635,0.8801324963569641
YIL038C,YKL200C,0,0.44996548,0.09840617328882217,0.9210779666900635,0.8802329301834106
YNL272C,YOL053C-A,0,0.44993138,0.09839605540037155,0.9210779666900635,0.8803333044052124
YNL233W,YPL055C,0,0.4497221,0.09838593751192093,0.9210779666900635,0.8804336786270142
YPL064C,YDR173C,0,0.44966108,0.0983758196234703,0.9210779666900635,0.8805341124534607
YGL160W,YAL068C,0,0.44963592,0.09836570918560028,0.9210779666900635,0.8806344866752625
YBR139W,YNR023W,0,0.44955748,0.09835559874773026,0.9210779666900635,0.8807348608970642
YJL113W,YLR058C,0,0.44948262,0.09834549576044083,0.9210779666900635,0.880835235118866
YOR371C,YLL017W,0,0.44943866,0.0983353853225708,0.9210779666900635,0.8809356689453125
YLR042C,YNL014W,0,0.449427,0.09832528233528137,0.9210779666900635,0.8810360431671143
YMR321C,YEL047C,0,0.44942656,0.09831518679857254,0.9210779666900635,0.881136417388916
YLR025W,YOL158C,1,0.44929057,0.0984078049659729,0.9220404028892517,0.881136417388916
YJR144W,YPL010W,0,0.44922817,0.09839770197868347,0.9220404028892517,0.8812368512153625
YDL035C,YMR118C,0,0.44918907,0.09838759154081345,0.9220404028892517,0.8813372254371643
YJL006C,YEL006W,0,0.44913408,0.09837748855352402,0.9220404028892517,0.8814375996589661
YMR166C,YLR447C,1,0.44898635,0.09847006946802139,0.9230028986930847,0.8814375996589661
YDL002C,YMR210W,0,0.44883594,0.09845995903015137,0.9230028986930847,0.8815379738807678
YGR161W-B,YBL005W-B,0,0.4487475,0.09844984859228134,0.9230028986930847,0.8816384077072144
YKL026C,YGL122C,0,0.44848517,0.09843974560499191,0.9230028986930847,0.8817387819290161
YBR152W,YNL095C,0,0.44844687,0.09842964261770248,0.9230028986930847,0.8818391561508179
YPR091C,YHL018W,0,0.44835913,0.09841953963041306,0.9230028986930847,0.8819395899772644
YER046W,YOR138C,0,0.44826674,0.09840944409370422,0.9230028986930847,0.8820399641990662
YEL009C,YDR160W,0,0.4482031,0.0983993411064148,0.9230028986930847,0.8821403384208679
YPR138C,YPL084W,1,0.44808945,0.0984918400645256,0.923965334892273,0.8821403384208679
YPL176C,YHR033W,0,0.4480114,0.09848173707723618,0.923965334892273,0.8822407126426697
YMR087W,YLL033W,0,0.44772875,0.09847164154052734,0.923965334892273,0.8823411464691162
YJL074C,YHR045W,0,0.44767934,0.09846153855323792,0.923965334892273,0.882441520690918
YMR167W,YBR208C,0,0.4475609,0.09845144301652908,0.923965334892273,0.8825418949127197
YCR069W,YPL265W,0,0.44751716,0.09844134747982025,0.923965334892273,0.8826423287391663
YLR391W-A,YLR314C,0,0.4474935,0.09843125194311142,0.923965334892273,0.882742702960968
YPL009C,YLR417W,0,0.44743592,0.09842116385698318,0.923965334892273,0.8828430771827698
YLR275W,YDR541C,0,0.44736308,0.09841106832027435,0.923965334892273,0.8829434514045715
YPL088W,YHR109W,0,0.4470793,0.09840098768472672,0.923965334892273,0.8830438852310181
YOR033C,YLR025W,0,0.44691727,0.09839089959859848,0.923965334892273,0.8831442594528198
YLR384C,YKL175W,0,0.44629586,0.09838081896305084,0.923965334892273,0.8832446336746216
YMR167W,YDR205W,0,0.44625282,0.0983707383275032,0.923965334892273,0.8833450675010681
YEL018W,YMR050C,0,0.44609317,0.09836065769195557,0.923965334892273,0.8834454417228699
YGR261C,YPR165W,0,0.44565406,0.09835057705640793,0.923965334892273,0.8835458159446716
YMR237W,YIR007W,0,0.44565254,0.09834050387144089,0.923965334892273,0.8836462497711182
YLR426W,YDL191W,0,0.44563776,0.09833043068647385,0.923965334892273,0.8837466239929199
YBR020W,YPL088W,0,0.4456057,0.0983203575015068,0.923965334892273,0.8838469982147217
YPL113C,YDL209C,0,0.445562,0.09831029176712036,0.923965334892273,0.8839473724365234
YOR168W,YJL174W,0,0.44539088,0.09830022603273392,0.923965334892273,0.88404780626297
YPL145C,YKL077W,0,0.4452107,0.09829016029834747,0.923965334892273,0.8841481804847717
YFL054C,YPR121W,0,0.4451219,0.09828009456396103,0.923965334892273,0.8842485547065735
YDR289C,YIL132C,0,0.4450389,0.09827003628015518,0.923965334892273,0.88434898853302
YKL155C,YLL033W,0,0.44490373,0.09825997799634933,0.923965334892273,0.8844493627548218
YDL227C,YMR244C-A,0,0.44480744,0.09824991971254349,0.923965334892273,0.8845497369766235
YDR348C,YPL097W,0,0.44475222,0.09823986887931824,0.923965334892273,0.8846501111984253
YJR149W,YIL099W,0,0.44451547,0.09822981804609299,0.923965334892273,0.8847505450248718
YMR099C,YLR429W,0,0.44439074,0.09821976721286774,0.923965334892273,0.8848509192466736
YJL112W,YPR127W,0,0.4442821,0.09820971637964249,0.923965334892273,0.8849512934684753
YOR215C,YPR199C,0,0.44420508,0.09819967299699783,0.923965334892273,0.8850517272949219
YNL027W,YPL151C,0,0.44419038,0.09818962961435318,0.923965334892273,0.8851521015167236
YDR522C,YOR018W,0,0.44419032,0.09817958623170853,0.923965334892273,0.8852524757385254
YHL012W,YNL051W,0,0.44412097,0.09816955029964447,0.923965334892273,0.8853528499603271
YOR087W,YLR336C,0,0.44411767,0.09815950691699982,0.923965334892273,0.8854532837867737
YOL154W,YHR032W,0,0.4438107,0.09814947098493576,0.923965334892273,0.8855536580085754
YLR022C,YNL103W,0,0.44362533,0.0981394425034523,0.923965334892273,0.8856540322303772
YBR109C,YCR023C,0,0.4435934,0.09812940657138824,0.923965334892273,0.8857544660568237
YML058W-A,YDR078C,0,0.44348583,0.09811937808990479,0.923965334892273,0.8858548402786255
YJL004C,YBL100W-B,0,0.44345507,0.09810934960842133,0.923965334892273,0.8859552145004272
YEL077C,YDR384C,0,0.44336367,0.09809932857751846,0.923965334892273,0.886055588722229
YKL071W,YBL011W,0,0.44332588,0.098089300096035,0.923965334892273,0.8861560225486755
YLR042C,YEL071W,0,0.44321242,0.09807927906513214,0.923965334892273,0.8862563967704773
YDR395W,YCL026C-B,0,0.44297034,0.09806925803422928,0.923965334892273,0.886356770992279
YPR119W,YDL159W,0,0.44296494,0.09805924445390701,0.923965334892273,0.8864572048187256
YMR074C,YKL067W,0,0.44266564,0.09804923087358475,0.923965334892273,0.8865575790405273
YNL030W,YML058W,0,0.442567,0.09803921729326248,0.923965334892273,0.8866579532623291
YCL005W-A,YPL134C,1,0.4423926,0.09813132137060165,0.924927830696106,0.8866579532623291
YBL005W-A,YBL046W,0,0.44227618,0.09812130033969879,0.924927830696106,0.8867583870887756
YDL154W,YFR018C,0,0.4420162,0.09811127930879593,0.924927830696106,0.8868587613105774
YDR541C,YOR068C,0,0.44181436,0.09810126572847366,0.924927830696106,0.8869591355323792
YMR034C,YPL279C,1,0.44178194,0.09819332510232925,0.9258902668952942,0.8869591355323792
YLR251W,YER087W,0,0.44172052,0.09818330407142639,0.9258902668952942,0.8870595097541809
YDR140W,YDR416W,0,0.44171068,0.09817328304052353,0.9258902668952942,0.8871599435806274
YDL024C,YML131W,0,0.4415505,0.09816326200962067,0.9258902668952942,0.8872603178024292
YOR330C,YGL065C,0,0.44152573,0.0981532484292984,0.9258902668952942,0.887360692024231
YNR019W,YPR204W,0,0.44150704,0.09814323484897614,0.9258902668952942,0.8874611258506775
YKL077W,YDR407C,0,0.44128782,0.09813322126865387,0.9258902668952942,0.8875615000724792
YGR166W,YOL086W-A,0,0.44127426,0.0981232151389122,0.9258902668952942,0.887661874294281
YAR003W,YLR451W,0,0.44125304,0.09811320900917053,0.9258902668952942,0.8877622485160828
YGR140W,YBR110W,0,0.44115573,0.09810320287942886,0.9258902668952942,0.8878626823425293
YBR020W,YBR028C,0,0.44107783,0.0980931967496872,0.9258902668952942,0.887963056564331
YBL003C,YBR275C,0,0.44096884,0.09808319807052612,0.9258902668952942,0.8880634307861328
YDL072C,YBL100W-A,0,0.44094515,0.09807319939136505,0.9258902668952942,0.8881638646125793
YLL036C,YML046W,0,0.44037852,0.09806320071220398,0.9258902668952942,0.8882642388343811
YIL166C,YIL047C,1,0.44026673,0.09815513342618942,0.9268527626991272,0.8882642388343811
YJL139C,YCR097WB,0,0.44014895,0.09814512729644775,0.9268527626991272,0.8883646130561829
YBR019C,YDR082W,0,0.4400949,0.09813512861728668,0.9268527626991272,0.8884649872779846
YPL023C,YGR010W,0,0.43984842,0.09812512993812561,0.9268527626991272,0.8885654211044312
YPL046C,YDR020C,0,0.43982315,0.09811513125896454,0.9268527626991272,0.8886657953262329
YPL021W,YGL010W,0,0.4397143,0.09810513257980347,0.9268527626991272,0.8887661695480347
YPL016W,YPL217C,0,0.4395644,0.09809514135122299,0.9268527626991272,0.8888666033744812
YER065C,YGL046W,0,0.4394817,0.09808515012264252,0.9268527626991272,0.888966977596283
YNR063W,YNL273W,0,0.43919408,0.09807515889406204,0.9268527626991272,0.8890673518180847
YLR401C,YJL092W,0,0.4391334,0.09806517511606216,0.9268527626991272,0.8891677260398865
YDR446W,YBR028C,0,0.4390197,0.09805519133806229,0.9268527626991272,0.889268159866333
YPR148C,YLR291C,0,0.43888092,0.09804520756006241,0.9268527626991272,0.8893685340881348
YKL222C,YFR021W,0,0.4383995,0.09803522378206253,0.9268527626991272,0.8894689083099365
YDR026C,YLR264W,0,0.43828368,0.09802524745464325,0.9268527626991272,0.8895693421363831
YJR149W,YPR121W,0,0.43822604,0.09801526367664337,0.9268527626991272,0.8896697163581848
YIR007W,YPR128C,0,0.4381839,0.09800529479980469,0.9268527626991272,0.8897700905799866
YBL100W-A,YBR208C,0,0.4378593,0.0979953184723854,0.9268527626991272,0.8898705244064331
YDR108W,YKL097W-A,0,0.43776086,0.09798534959554672,0.9268527626991272,0.8899708986282349
YNR069C,YML132W,0,0.43767047,0.09797538071870804,0.9268527626991272,0.8900712728500366
YPR154W,YHR214W,0,0.4375779,0.09796541184186935,0.9268527626991272,0.8901716470718384
YBR211C,YDL029W,0,0.43757242,0.09795545041561127,0.9268527626991272,0.8902720808982849
YOR215C,YCR073C,0,0.43754935,0.09794548153877258,0.9268527626991272,0.8903724551200867
YIL056W,YIL117C,0,0.43749303,0.0979355201125145,0.9268527626991272,0.8904728293418884
YKL129C,YOR022C,0,0.4372752,0.097925566136837,0.9268527626991272,0.890573263168335
YLL015W,YGL062W,0,0.43719655,0.09791560471057892,0.9268527626991272,0.8906736373901367
YFL050C,YKL071W,0,0.4371443,0.09790565073490143,0.9268527626991272,0.8907740116119385
YOR049C,YJR106W,1,0.43682444,0.09799735993146896,0.9278151988983154,0.8907740116119385
YPL275W,YDR009W,0,0.43679702,0.09798739850521088,0.9278151988983154,0.8908743858337402
YOR378W,YLR214W,1,0.43674618,0.09807907044887543,0.9287776947021484,0.8908743858337402
YFL035C,YGR202C,0,0.43658635,0.09806910902261734,0.9287776947021484,0.8909748196601868
YOL165C,YKR064W,0,0.43656862,0.09805914014577866,0.9287776947021484,0.8910751938819885
YHR085W,YBL097W,0,0.4365297,0.09804917871952057,0.9287776947021484,0.8911755681037903
YBR247C,YJR057W,0,0.43652314,0.09803921729326248,0.9287776947021484,0.8912760019302368
YPR191W,YPR128C,1,0.4365086,0.09813084453344345,0.9297401309013367,0.8912760019302368
YOR327C,YMR075W,0,0.43640655,0.09812087565660477,0.9297401309013367,0.8913763761520386
YNL245C,YPL066W,0,0.4363861,0.09811090677976608,0.9297401309013367,0.8914767503738403
YDR477W,YCL074W,0,0.4363618,0.098100945353508,0.9297401309013367,0.8915771245956421
YOR202W,YPL088W,0,0.4363332,0.09809098392724991,0.9297401309013367,0.8916775584220886
YMR226C,YDR119W,0,0.43624204,0.09808102250099182,0.9297401309013367,0.8917779326438904
YHR050W,YOR380W,0,0.4360446,0.09807106852531433,0.9297401309013367,0.8918783068656921
YBR034C,YDR359C,0,0.4359939,0.09806110709905624,0.9297401309013367,0.8919787406921387
YIR039C,YDR348C,0,0.43589374,0.09805116057395935,0.9297401309013367,0.8920791149139404
YNL186W,YFL011W-A,0,0.4357924,0.09804120659828186,0.9297401309013367,0.8921794891357422
YJR026W,YKL213C,0,0.43569937,0.09803125262260437,0.9297401309013367,0.892279863357544
YIL069C,YDR174W,0,0.43568665,0.09802130609750748,0.9297401309013367,0.8923802971839905
YKL082C,YHL026C,0,0.43559045,0.09801136702299118,0.9297401309013367,0.8924806714057922
YOL095C,YER050C,0,0.43550473,0.09800142049789429,0.9297401309013367,0.892581045627594
YBL100W-A,YAR071W,0,0.43525046,0.09799148142337799,0.9297401309013367,0.8926814794540405
YIR004W,YBL050W,0,0.43508142,0.0979815423488617,0.9297401309013367,0.8927818536758423
YBL097W,YJL179W,0,0.43438414,0.0979716032743454,0.9297401309013367,0.892882227897644
YGL236C,YNL142W,0,0.4343813,0.0979616641998291,0.9297401309013367,0.8929826617240906
YMR025W,YJL012C-A,0,0.43431205,0.0979517325758934,0.9297401309013367,0.8930830359458923
YBL102W,YGR097W,0,0.43417007,0.0979418009519577,0.9297401309013367,0.8931834101676941
YHR006W,YNR073C,0,0.43416163,0.0979318767786026,0.9297401309013367,0.8932837843894958
YOR172W,YGR134W,0,0.43412548,0.0979219451546669,0.9297401309013367,0.8933842182159424
YFR016C,YDR435C,0,0.43404913,0.0979120209813118,0.9297401309013367,0.8934845924377441
YLR224W,YLR102C,0,0.4339026,0.0979020968079567,0.9297401309013367,0.8935849666595459
YEL077C,YBR186W,0,0.43388885,0.09789218008518219,0.9297401309013367,0.8936854004859924
YDR196C,YKR053C,0,0.43384373,0.09788225591182709,0.9297401309013367,0.8937857747077942
YMR068W,YNR073C,0,0.4337794,0.09787233918905258,0.9297401309013367,0.893886148929596
YJL139C,YAR050W,0,0.43353778,0.09786242246627808,0.9297401309013367,0.8939865231513977
YNL231C,YHR079C-B,0,0.43350083,0.09785251319408417,0.9297401309013367,0.8940869569778442
YBL100W-A,YJL214W,0,0.43342775,0.09784260392189026,0.9297401309013367,0.894187331199646
YJL193W,YBR106W,1,0.4332915,0.09793397039175034,0.9307026267051697,0.894187331199646
YKL126W,YJL059W,0,0.4332853,0.09792405366897583,0.9307026267051697,0.8942877054214478
YJL113W,YDR186C,0,0.4332166,0.09791413694620132,0.9307026267051697,0.8943881392478943
YMR164C,YCL032W,0,0.43320534,0.09790422022342682,0.9307026267051697,0.894488513469696
YDL197C,YDR246W,0,0.4331139,0.09789431095123291,0.9307026267051697,0.8945888876914978
YMR135C,YBL100W-B,0,0.43296707,0.097884401679039,0.9307026267051697,0.8946892619132996
YEL062W,YBR132C,1,0.4328038,0.0979757085442543,0.9316650629043579,0.8946892619132996
YMR164C,YGL163C,0,0.43275434,0.0979657918214798,0.9316650629043579,0.8947896957397461
YGL004C,YHR057C,0,0.43267345,0.09795588254928589,0.9316650629043579,0.8948900699615479
YGL186C,YGL063W,0,0.43262511,0.09794596582651138,0.9316650629043579,0.8949904441833496
YPR140W,YGR012W,0,0.43243587,0.09793605655431747,0.9316650629043579,0.8950908780097961
YDR163W,YNL092W,0,0.43205288,0.09792614728212357,0.9316650629043579,0.8951912522315979
YKR029C,YNR019W,0,0.4320388,0.09791624546051025,0.9316650629043579,0.8952916264533997
YPR009W,YBR161W,0,0.4319303,0.09790634363889694,0.9316650629043579,0.8953920006752014
YMR218C,YGR235C,0,0.43191487,0.09789644181728363,0.9316650629043579,0.895492434501648
YMR228W,YBL091C,0,0.43183357,0.09788653999567032,0.9316650629043579,0.8955928087234497
YJL176C,YHL026C,0,0.4317854,0.0978766456246376,0.9316650629043579,0.8956931829452515
YCR079W,YJR082C,0,0.4317175,0.09786675125360489,0.9316650629043579,0.895793616771698
YKL199C,YGL187C,1,0.4312933,0.09795794636011124,0.9326274991035461,0.895793616771698
YGR138C,YOL132W,0,0.43112338,0.09794804453849792,0.9326274991035461,0.8958939909934998
YNL274C,YKR078W,0,0.43101832,0.09793814271688461,0.9326274991035461,0.8959943652153015
YML058W-A,YLL067C,0,0.4309419,0.0979282483458519,0.9326274991035461,0.896094799041748
YOR312C,YKR095W-A,0,0.430856,0.09791835397481918,0.9326274991035461,0.8961951732635498
YBL005W-A,YBR202W,0,0.4307179,0.09790845960378647,0.9326274991035461,0.8962955474853516
YIL128W,YBR217W,0,0.430708,0.09789856523275375,0.9326274991035461,0.8963959217071533
YLR194C,YGL115W,0,0.43061852,0.09788867831230164,0.9326274991035461,0.8964963555335999
YBR187W,YMR050C,0,0.43035388,0.09787879139184952,0.9326274991035461,0.8965967297554016
YDL207W,YGL231C,0,0.43029228,0.0978689044713974,0.9326274991035461,0.8966971039772034
YKR072C,YGL187C,0,0.43020043,0.09785901755094528,0.9326274991035461,0.8967975378036499
YOL093W,YNL328C,0,0.4301504,0.09784913808107376,0.9326274991035461,0.8968979120254517
YNL259C,YBL009W,0,0.42987785,0.09783925861120224,0.9326274991035461,0.8969982862472534
YJR055W,YBR049C,0,0.42962372,0.09782937914133072,0.9326274991035461,0.8970986604690552
YGL113W,YPL055C,0,0.42942274,0.0978194996714592,0.9326274991035461,0.8971990942955017
YML030W,YJL093C,1,0.42933047,0.0979105681180954,0.9335899949073792,0.8971990942955017
YKR103W,YGL005C,0,0.42927384,0.09790068864822388,0.9335899949073792,0.8972994685173035
YMR167W,YCL012W,0,0.4290076,0.09789080917835236,0.9335899949073792,0.8973998427391052
YOR020C,YOL142W,0,0.42899564,0.09788092970848083,0.9335899949073792,0.8975002765655518
YCL003W,YKR092C,0,0.42894018,0.09787105023860931,0.9335899949073792,0.8976006507873535
YPL138C,YNL139C,0,0.42867434,0.09786117821931839,0.9335899949073792,0.8977010250091553
YDR367W,YGL026C,0,0.4285851,0.09785130620002747,0.9335899949073792,0.897801399230957
YJL113W,YJR093C,0,0.42850012,0.09784143418073654,0.9335899949073792,0.8979018330574036
YHR154W,YIL043C,0,0.42828906,0.09783156961202621,0.9335899949073792,0.8980022072792053
YGR059W,YHR185C,0,0.4281022,0.09782170504331589,0.9335899949073792,0.8981025815010071
YOL029C,YLL048C,0,0.42802805,0.09781184047460556,0.9335899949073792,0.8982030153274536
YBR126C,YLR240W,0,0.42800516,0.09780197590589523,0.9335899949073792,0.8983033895492554
YIL167W,YKL094W,0,0.4279692,0.0977921187877655,0.9335899949073792,0.8984037637710571
YDL147W,YBR271W,0,0.4278279,0.09778226166963577,0.9335899949073792,0.8985041379928589
YLR081W,YOR137C,1,0.42782575,0.09787319600582123,0.9345524311065674,0.8985041379928589
YDR506C,YEL069C,1,0.42713252,0.09796412289142609,0.9355149269104004,0.8985041379928589
YNL272C,YKR045C,0,0.42713118,0.09795425087213516,0.9355149269104004,0.8986045718193054
YCL005W-A,YOR383C,1,0.42648762,0.09804514050483704,0.9364773631095886,0.8986045718193054
YDL135C,YDR021W,0,0.4264732,0.09803526103496552,0.9364773631095886,0.8987049460411072
YIL096C,YGR155W,0,0.42624983,0.09802538901567459,0.9364773631095886,0.8988053202629089
YNR039C,YNR072W,1,0.4260706,0.09811624884605408,0.9374398589134216,0.8988053202629089
YML036W,YBL100W-B,0,0.42601755,0.09810636937618256,0.9374398589134216,0.8989057540893555
YDR222W,YBR257W,0,0.42597347,0.09809648245573044,0.9374398589134216,0.8990061283111572
YAR035W,YFR018C,0,0.42573917,0.09808660298585892,0.9374398589134216,0.899106502532959
YDR262W,YDR307W,0,0.42570657,0.098076730966568,0.9374398589134216,0.8992069363594055
YNL250W,YPR007C,0,0.4255957,0.09806685149669647,0.9374398589134216,0.8993073105812073
YLL015W,YOL126C,0,0.42558703,0.09805697947740555,0.9374398589134216,0.899407684803009
YOR284W,YGR030C,0,0.42553732,0.09804710745811462,0.9374398589134216,0.8995080590248108
YBR118W,YDR352W,0,0.42552423,0.0980372428894043,0.9374398589134216,0.8996084928512573
YKL097W-A,YOL090W,0,0.4254592,0.09802737832069397,0.9374398589134216,0.8997088670730591
YDR026C,YLR016C,0,0.42543536,0.09801751375198364,0.9374398589134216,0.8998092412948608
YAR008W,YJL012C-A,0,0.4251834,0.09800764918327332,0.9374398589134216,0.8999096751213074
YIL106W,YDR316W,0,0.4250276,0.09799778461456299,0.9374398589134216,0.9000100493431091
YEL020C,YNL183C,0,0.42497134,0.09798792749643326,0.9374398589134216,0.9001104235649109
YOL129W,YML133C,0,0.4247113,0.09797807037830353,0.9374398589134216,0.9002107977867126
YMR271C,YML039W,0,0.42469847,0.0979682132601738,0.9374398589134216,0.9003112316131592
YJR117W,YBL029C-A,0,0.42439383,0.09795836359262466,0.9374398589134216,0.9004116058349609
YJR107W,YDR072C,0,0.42428464,0.09794851392507553,0.9374398589134216,0.9005119800567627
YLR052W,YKL071W,0,0.42424807,0.0979386642575264,0.9374398589134216,0.9006124138832092
YNL050C,YDR221W,0,0.4240848,0.09792881458997726,0.9374398589134216,0.900712788105011
YDR146C,YBR112C,0,0.42395172,0.09791897237300873,0.9374398589134216,0.9008131623268127
YBR091C,YEL020C,0,0.42394975,0.09790913015604019,0.9374398589134216,0.9009135365486145
YHR202W,YOR328W,0,0.4239265,0.09789928793907166,0.9374398589134216,0.901013970375061
YGL209W,YMR183C,0,0.42363918,0.09788944572210312,0.9374398589134216,0.9011143445968628
YMR029C,YDL124W,0,0.42359883,0.09787961095571518,0.9374398589134216,0.9012147188186646
YPL087W,YBR210W,0,0.42359746,0.09786977618932724,0.9374398589134216,0.9013151526451111
YDL084W,YDR490C,0,0.42346683,0.0978599414229393,0.9374398589134216,0.9014155268669128
YNL300W,YNL302C,0,0.42328015,0.09785011410713196,0.9374398589134216,0.9015159010887146
YKL222C,YAR042W,0,0.42320704,0.09784027934074402,0.9374398589134216,0.9016162753105164
YIR004W,YGL010W,0,0.42284292,0.09783045202493668,0.9374398589134216,0.9017167091369629
YFL001W,YAL009W,0,0.42278302,0.09782063215970993,0.9374398589134216,0.9018170833587646
YOR149C,YPR007C,0,0.42246652,0.09781080484390259,0.9374398589134216,0.9019174575805664
YPL053C,YNL027W,0,0.4223072,0.09780098497867584,0.9374398589134216,0.9020178914070129
YIL167W,YJR078W,0,0.4221727,0.0977911651134491,0.9374398589134216,0.9021182656288147
YNL073W,YMR075W,0,0.42210084,0.09778134524822235,0.9374398589134216,0.9022186398506165
YMR273C,YDR363W,0,0.42202577,0.0977715328335762,0.9374398589134216,0.902319073677063
YDR285W,YOR032C,0,0.42180312,0.09776172041893005,0.9374398589134216,0.9024194478988647
YOR215C,YJL114W,0,0.4214986,0.0977519080042839,0.9374398589134216,0.9025198221206665
YMR034C,YJR152W,1,0.42147532,0.09784244745969772,0.9384022951126099,0.9025198221206665
YBR043C,YBR177C,0,0.42136005,0.09783262759447098,0.9384022951126099,0.9026201963424683
YLR353W,YCR024C,0,0.42129353,0.09782281517982483,0.9384022951126099,0.9027206301689148
YML076C,YGL077C,0,0.42122924,0.09781300276517868,0.9384022951126099,0.9028210043907166
YOR019W,YKL041W,0,0.4208024,0.09780319035053253,0.9384022951126099,0.9029213786125183
YPR156C,YLL055W,1,0.42068404,0.09789367765188217,0.9393647909164429,0.9029213786125183
YHR069C,YIL083C,0,0.42056614,0.09788386523723602,0.9393647909164429,0.9030218124389648
YLR164W,YHR214C-B,0,0.42049366,0.09787404537200928,0.9393647909164429,0.9031221866607666
YJL018W,YJR129C,0,0.42015666,0.09786423295736313,0.9393647909164429,0.9032225608825684
YMR077C,YLL004W,0,0.42014772,0.09785442054271698,0.9393647909164429,0.9033229351043701
YPL075W,YDR218C,0,0.42001116,0.09784460812807083,0.9393647909164429,0.9034233689308167
YML067C,YKL063C,0,0.41994685,0.09783480316400528,0.9393647909164429,0.9035237431526184
YLR138W,YHR169W,0,0.41982794,0.09782499819993973,0.9393647909164429,0.9036241173744202
YGR205W,YPL113C,0,0.41975653,0.09781519323587418,0.9393647909164429,0.9037245512008667
YGR280C,YKL006W,0,0.4195645,0.09780538827180862,0.9393647909164429,0.9038249254226685
YPL011C,YKR018C,0,0.4191819,0.09779559075832367,0.9393647909164429,0.9039252996444702
YPL124W,YNR071C,0,0.41915324,0.09778579324483871,0.9393647909164429,0.904025673866272
YBR095C,YGR206W,0,0.41908497,0.09777599573135376,0.9393647909164429,0.9041261076927185
YJR083C,YNL085W,0,0.4190386,0.0977662056684494,0.9393647909164429,0.9042264819145203
YPR148C,YMR305C,0,0.4188506,0.09775640815496445,0.9393647909164429,0.904326856136322
YJR120W,YBR294W,0,0.41852683,0.09774661809206009,0.9393647909164429,0.9044272899627686
YJR054W,YDR216W,0,0.4184991,0.09773682802915573,0.9393647909164429,0.9045276641845703
YEL031W,YER145C,1,0.41836935,0.09782717376947403,0.9403272271156311,0.9045276641845703
YOR083W,YJL083W,0,0.41812357,0.09781738370656967,0.9403272271156311,0.9046280384063721
YKR099C-A,YNR059W,0,0.41784775,0.09780758619308472,0.9403272271156311,0.9047284126281738
YBR192W,YIL049W,0,0.41775873,0.09779779613018036,0.9403272271156311,0.9048288464546204
YMR168C,YAL016W,0,0.41773927,0.097788006067276,0.9403272271156311,0.9049292206764221
YGR080W,YPL010W,0,0.4173886,0.09777822345495224,0.9403272271156311,0.9050295948982239
YAR003W,YDR172W,0,0.4170097,0.09776844084262848,0.9403272271156311,0.9051300287246704
YGL077C,YKL016C,1,0.41671112,0.09785871207714081,0.9412897229194641,0.9051300287246704
YDR127W,YPL237W,0,0.416703,0.09784892201423645,0.9412897229194641,0.9052304029464722
YJL021C,YKL001C,0,0.41623795,0.09783913195133209,0.9412897229194641,0.9053307771682739
YBL036C,YPL240C,0,0.416022,0.09782934933900833,0.9412897229194641,0.9054312109947205
YBR191W,YER053C-A,0,0.41567758,0.09781956672668457,0.9412897229194641,0.9055315852165222
YCR018C,YOR294W,0,0.41554368,0.09780978411436081,0.9412897229194641,0.905631959438324
YIL018W,YLR057W,0,0.41550303,0.09780000150203705,0.9412897229194641,0.9057323336601257
YGR225W,YMR160W,0,0.41501668,0.09779021888971329,0.9412897229194641,0.9058327674865723
YDR285W,YOL060C,0,0.41501427,0.09778044372797012,0.9412897229194641,0.905933141708374
YOR202W,YJR021C,0,0.41466635,0.09777066856622696,0.9412897229194641,0.9060335159301758
YDL059C,YCL018W,0,0.41435605,0.0977608934044838,0.9412897229194641,0.9061339497566223
YLR001C,YKL090W,0,0.41420168,0.09775112569332123,0.9412897229194641,0.9062343239784241
YLR007W,YOR335C,0,0.41377982,0.09774135798215866,0.9412897229194641,0.9063346982002258
YNL127W,YJL012C-A,0,0.41369665,0.0977315902709961,0.9412897229194641,0.9064350724220276
YDR452W,YGR112W,0,0.41349524,0.09772182255983353,0.9412897229194641,0.9065355062484741
YLR333C,YHR056C,0,0.4133586,0.09771206229925156,0.9412897229194641,0.9066358804702759
YIR035C,YDR291W,0,0.41330022,0.09770229458808899,0.9412897229194641,0.9067362546920776
YNR059W,YBR199W,0,0.41311488,0.09769254177808762,0.9412897229194641,0.9068366885185242
YDL012C,YML041C,0,0.41308817,0.09768278151750565,0.9412897229194641,0.9069370627403259
YGL062W,YML096W,0,0.41299355,0.09767302870750427,0.9412897229194641,0.9070374369621277
YDR159W,YDR002W,0,0.41285944,0.0976632684469223,0.9412897229194641,0.9071378111839294
YPL240C,YPL116W,0,0.41279608,0.09765352308750153,0.9412897229194641,0.907238245010376
YJL113W,YOR210W,0,0.41254297,0.09764377027750015,0.9412897229194641,0.9073386192321777
YNL050C,YDR213W,0,0.41211796,0.09763402491807938,0.9412897229194641,0.9074389934539795
YLR069C,YBR239C,0,0.41174257,0.0976242795586586,0.9412897229194641,0.907539427280426
YPR163C,YCL005W-A,0,0.41172987,0.09761453419923782,0.9412897229194641,0.9076398015022278
YNL245C,YNL290W,0,0.41158628,0.09760478883981705,0.9412897229194641,0.9077401757240295
YLR197W,YER053C-A,0,0.41158146,0.09759505093097687,0.9412897229194641,0.9078405499458313
YML096W,YDL209C,0,0.41128045,0.09758531302213669,0.9412897229194641,0.9079409837722778
YBR049C,YNR073C,0,0.41100305,0.09757557511329651,0.9412897229194641,0.9080413579940796
YMR279C,YER145C,1,0.41099823,0.09766560047864914,0.9422521591186523,0.9080413579940796
YHL035C,YLL015W,0,0.41083,0.09765586256980896,0.9422521591186523,0.9081417322158813
YMR114C,YDR162C,0,0.41082907,0.09764611721038818,0.9422521591186523,0.9082421660423279
YBR268W,YPL058C,0,0.41079763,0.097636379301548,0.9422521591186523,0.9083425402641296
YBR235W,YOR306C,1,0.4107493,0.09772636741399765,0.9432146549224854,0.9083425402641296
YNL116W,YMR251W-A,0,0.41062534,0.09771662205457687,0.9432146549224854,0.9084429144859314
YLR319C,YDL124W,0,0.40966952,0.0977068766951561,0.9432146549224854,0.9085433483123779
YOL088C,YOR293W,0,0.40951288,0.09769713878631592,0.9432146549224854,0.9086437225341797
YJL206C,YBL005W-B,0,0.40938926,0.09768740087747574,0.9432146549224854,0.9087440967559814
YFR024C,YCL034W,0,0.40928057,0.09767766296863556,0.9432146549224854,0.9088444709777832
YMR293C,YGL045W,0,0.4092365,0.09766793251037598,0.9432146549224854,0.9089449048042297
YGR048W,YLR160C,0,0.4092256,0.0976581946015358,0.9432146549224854,0.9090452790260315
YLR165C,YER074W-A,0,0.40920383,0.09764846414327621,0.9432146549224854,0.9091456532478333
YLL054C,YBR018C,0,0.40911904,0.09763873368501663,0.9432146549224854,0.9092460870742798
YHL035C,YIL017W,0,0.40909904,0.09762901067733765,0.9432146549224854,0.9093464612960815
YCL062W,YCR048W,0,0.408966,0.09761928766965866,0.9432146549224854,0.9094468355178833
YBR008C,YBR100W,0,0.4088688,0.09760956466197968,0.9432146549224854,0.9095472097396851
YCL012W,YIR008C,0,0.40875167,0.09759984165430069,0.9432146549224854,0.9096476435661316
YOL045W,YBR111W-A,0,0.40861654,0.0975901186466217,0.9432146549224854,0.9097480177879333
YGR183C,YDL206W,1,0.40858358,0.0976799726486206,0.9441770911216736,0.9097480177879333
YMR159C,YGL113W,0,0.4084713,0.09767024964094162,0.9441770911216736,0.9098483920097351
YPL248C,YLR442C,0,0.4083988,0.09766052663326263,0.9441770911216736,0.9099488258361816
YKL125W,YIL067C,0,0.40831086,0.09765080362558365,0.9441770911216736,0.9100492000579834
YLL008W,YLR016C,0,0.4077512,0.09764108806848526,0.9441770911216736,0.9101495742797852
YOR017W,YNR073C,0,0.40767306,0.09763137251138687,0.9441770911216736,0.9102499485015869
YJR019C,YCL017C,0,0.40747887,0.09762165695428848,0.9441770911216736,0.9103503823280334
YEL029C,YHR032W,0,0.4073357,0.0976119413971901,0.9441770911216736,0.9104507565498352
YKL064W,YOL158C,1,0.40733373,0.09770172089338303,0.9451395869255066,0.9104507565498352
YJR137C,YJR129C,0,0.40729567,0.09769199788570404,0.9451395869255066,0.910551130771637
YMR113W,YHR033W,0,0.40689856,0.09768228232860565,0.9451395869255066,0.9106515645980835
YCR055C,YJR151C,0,0.40681893,0.09767256677150726,0.9451395869255066,0.9107519388198853
YJL098W,YNL032W,0,0.4066873,0.09766285121440887,0.9451395869255066,0.910852313041687
YBL085W,YMR268W-A,0,0.40665385,0.09765314310789108,0.9451395869255066,0.9109526872634888
YOR126C,YML059C,0,0.40659726,0.09764343500137329,0.9451395869255066,0.9110531210899353
YKL107W,YBR182C,0,0.40657443,0.0976337268948555,0.9451395869255066,0.9111534953117371
YDR471W,YHR193C,0,0.40611216,0.09762401878833771,0.9451395869255066,0.9112538695335388
YDR195W,YKL064W,0,0.4060639,0.09761431068181992,0.9451395869255066,0.9113543033599854
YOR074C,YDR331W,0,0.40587783,0.09760461002588272,0.9451395869255066,0.9114546775817871
YNL284C-A,YLR157C-A,0,0.40559304,0.09759490936994553,0.9451395869255066,0.9115550518035889
YDR345C,YER075C,0,0.40523356,0.09758521616458893,0.9451395869255066,0.9116554856300354
YJR027W,YDL091C,0,0.4051108,0.09757551550865173,0.9451395869255066,0.9117558598518372
YML045W,YKR022C,0,0.40498006,0.09756582230329514,0.9451395869255066,0.9118562340736389
YMR149W,YML133C,0,0.40495825,0.09755612909793854,0.9451395869255066,0.9119566082954407
YNL083W,YDR406W,0,0.40479147,0.09754643589258194,0.9451395869255066,0.9120570421218872
YCL048W,YOR022C,0,0.40412056,0.09753675013780594,0.9451395869255066,0.912157416343689
YFL016C,YIL066C,0,0.4039784,0.09752706438302994,0.9451395869255066,0.9122577905654907
YDR461W,YLL067C,0,0.4038515,0.09751737862825394,0.9451395869255066,0.9123582243919373
YDL018C,YJL028W,0,0.40373468,0.09750769287347794,0.9451395869255066,0.912458598613739
YOL086W-A,YPL133C,0,0.40356863,0.09749801456928253,0.9451395869255066,0.9125589728355408
YOR298C-A,YDR307W,0,0.40349627,0.09748833626508713,0.9451395869255066,0.9126593470573425
YBR028C,YMR183C,0,0.40322083,0.09747865796089172,0.9451395869255066,0.9127597808837891
YGL246C,YCR070W,0,0.40310627,0.09746897965669632,0.9451395869255066,0.9128601551055908
YNL014W,YJL118W,0,0.40293723,0.09745930880308151,0.9451395869255066,0.9129605293273926
YNL208W,YHL028W,0,0.40276456,0.0974496379494667,0.9451395869255066,0.9130609631538391
YDR143C,YNL278W,0,0.4026209,0.0974399670958519,0.9451395869255066,0.9131613373756409
YMR195W,YCL005W-A,0,0.40254372,0.09743030369281769,0.9451395869255066,0.9132617115974426
YCL019W,YFR036W,0,0.40228575,0.09742063283920288,0.9451395869255066,0.9133620858192444
YMR167W,YOL155C,0,0.40222755,0.09741096943616867,0.9451395869255066,0.9134625196456909
YKL199C,YKL217W,1,0.40206516,0.09750049561262131,0.9461020231246948,0.9134625196456909
YBR121C,YGL050W,0,0.40179926,0.0974908247590065,0.9461020231246948,0.9135628938674927
YJR149W,YPL105C,0,0.40178955,0.09748116135597229,0.9461020231246948,0.9136632680892944
YKL097W-A,YLL018C,0,0.40173462,0.09747149050235748,0.9461020231246948,0.913763701915741
YOR272W,YPR204W,0,0.40166867,0.09746182709932327,0.9461020231246948,0.9138640761375427
YBR179C,YDR423C,0,0.4016539,0.09745216369628906,0.9461020231246948,0.9139644503593445
YCL005W-A,YEL056W,0,0.40161532,0.09744250774383545,0.9461020231246948,0.9140648245811462
YCR016W,YLL051C,0,0.40148404,0.09743284434080124,0.9461020231246948,0.9141652584075928
YBL018C,YLR228C,0,0.40140516,0.09742318838834763,0.9461020231246948,0.9142656326293945
YNL121C,YBL112C,0,0.40111154,0.09741353988647461,0.9461020231246948,0.9143660068511963
YJL160C,YLL051C,0,0.40084583,0.097403883934021,0.9461020231246948,0.9144664406776428
YLR395C,YDL199C,1,0.40077266,0.09749331325292587,0.9470644593238831,0.9144664406776428
YNL208W,YGL023C,0,0.40049553,0.09748365730047226,0.9470644593238831,0.9145668148994446
YBL066C,YGL210W-A,0,0.40033814,0.09747399389743805,0.9470644593238831,0.9146671891212463
YDL183C,YJL193W,1,0.40033177,0.09756339341402054,0.9480269551277161,0.9146671891212463
YLR234W,YBR060C,0,0.400186,0.09755373001098633,0.9480269551277161,0.9147676229476929
YJR026W,YGR278W,0,0.40004152,0.09754406660795212,0.9480269551277161,0.9148679971694946
YER005W,YIL105C,0,0.39990088,0.0975344106554985,0.9480269551277161,0.9149683713912964
YLR391W,YDR423C,0,0.39979178,0.09752475470304489,0.9480269551277161,0.9150687456130981
YGR277C,YDR339C,0,0.39924198,0.09751509875059128,0.9480269551277161,0.9151691794395447
YNL056W,YNL238W,0,0.39921245,0.09750544279813766,0.9480269551277161,0.9152695536613464
YLL021W,YLL004W,0,0.39912504,0.09749579429626465,0.9480269551277161,0.9153699278831482
YKR052C,YHR039C-B,1,0.39911267,0.09758511185646057,0.9489893913269043,0.9153699278831482
YKR095W-A,YMR180C,0,0.39896125,0.09757545590400696,0.9489893913269043,0.9154703617095947
YER138C,YKL061W,0,0.3988342,0.09756579995155334,0.9489893913269043,0.9155707359313965
YOL132W,YMR210W,0,0.3987131,0.09755615144968033,0.9489893913269043,0.9156711101531982
YDR499W,YCR058C,0,0.39868253,0.09754649549722672,0.9489893913269043,0.915771484375
YOR304C-A,YLR426W,0,0.3983699,0.0975368469953537,0.9489893913269043,0.9158719182014465
YPR165W,YBR235W,0,0.39818257,0.09752719849348068,0.9489893913269043,0.9159722924232483
YPR156C,YPL002C,1,0.39813668,0.09761645644903183,0.9499518871307373,0.9159722924232483
YLR426W,YDR097C,0,0.39786026,0.09760680049657822,0.9499518871307373,0.91607266664505
YBR192W,YFR024C,0,0.39784375,0.0975971519947052,0.9499518871307373,0.9161731004714966
YDL150W,YJL117W,0,0.39758775,0.09758750349283218,0.9499518871307373,0.9162734746932983
YOL029C,YOR393W,0,0.39756882,0.09757785499095917,0.9499518871307373,0.9163738489151001
YNR057C,YFR045W,0,0.39725035,0.09756820648908615,0.9499518871307373,0.9164742231369019
YDL161W,YCL033C,0,0.39723536,0.09755856543779373,0.9499518871307373,0.9165746569633484
YIL173W,YJL213W,0,0.39719447,0.09754892438650131,0.9499518871307373,0.9166750311851501
YHR024C,YML133C,0,0.396847,0.09753928333520889,0.9499518871307373,0.9167754054069519
YPL234C,YMR225C,0,0.39680022,0.09752964228391647,0.9499518871307373,0.9168758392333984
YML001W,YBL029C-A,0,0.39644462,0.09752000868320465,0.9499518871307373,0.9169762134552002
YDR016C,YBL025W,0,0.39639595,0.09751037508249283,0.9499518871307373,0.917076587677002
YGR195W,YLR426W,0,0.39598292,0.097500741481781,0.9499518871307373,0.9171769618988037
YKL026C,YKL038W,0,0.39589435,0.09749110788106918,0.9499518871307373,0.9172773957252502
YOL016C,YJR159W,0,0.3958846,0.09748148173093796,0.9499518871307373,0.917377769947052
YGR033C,YGL030W,0,0.39575672,0.09747185558080673,0.9499518871307373,0.9174781441688538
YER053C-A,YKR022C,0,0.39561674,0.0974622294306755,0.9499518871307373,0.9175785779953003
YDR040C,YJL093C,1,0.3954441,0.09755134582519531,0.9509143233299255,0.9175785779953003
YLR376C,YER130C,0,0.39530075,0.09754171222448349,0.9509143233299255,0.917678952217102
YHR123W,YDL028C,0,0.3952855,0.09753208607435226,0.9509143233299255,0.9177793264389038
YPL134C,YHR165C,0,0.3951825,0.09752245247364044,0.9509143233299255,0.9178797602653503
YCR086W,YCL012W,0,0.39517945,0.09751283377408981,0.9509143233299255,0.9179801344871521
YHR063C,YDR129C,0,0.39434266,0.09750320762395859,0.9509143233299255,0.9180805087089539
YDL189W,YKR095W-A,0,0.39324173,0.09749358892440796,0.9509143233299255,0.9181808829307556
YJL168C,YGL210W-A,0,0.39313558,0.09748396277427673,0.9509143233299255,0.9182813167572021
YBR067C,YJL028W,0,0.39298913,0.0974743515253067,0.9509143233299255,0.9183816909790039
YMR226C,YCR067C,0,0.3929149,0.09746473282575607,0.9509143233299255,0.9184820652008057
YKR095W-A,YOR209C,0,0.39289266,0.09745512157678604,0.9509143233299255,0.9185824990272522
YNL275W,YPL056C,0,0.39274174,0.09744551032781601,0.9509143233299255,0.918682873249054
YMR149W,YLL032C,0,0.3926087,0.09743589907884598,0.9509143233299255,0.9187832474708557
YGL065C,YNL262W,0,0.39203253,0.09742628782987595,0.9509143233299255,0.9188836216926575
YBL019W,YOR292C,0,0.39199266,0.09741668403148651,0.9509143233299255,0.918984055519104
YKR106W,YOR137C,1,0.39195165,0.09750566631555557,0.9518768191337585,0.918984055519104
YOL006C,YLR309C,0,0.39177024,0.09749605506658554,0.9518768191337585,0.9190844297409058
YPR086W,YOR001W,0,0.3914293,0.09748644381761551,0.9518768191337585,0.9191848039627075
YLR275W,YGL046W,0,0.3914132,0.09747684001922607,0.9518768191337585,0.919285237789154
YDR186C,YER014C-A,0,0.3913604,0.09746722877025604,0.9518768191337585,0.9193856120109558
YMR047C,YPL276W,0,0.3911608,0.09745762497186661,0.9518768191337585,0.9194859862327576
YOR088W,YIL154C,0,0.39098358,0.09744802117347717,0.9518768191337585,0.9195863604545593
YOR355W,YBL071W-A,0,0.3908816,0.09743842482566833,0.9518768191337585,0.9196867942810059
YLR345W,YER172C,0,0.390719,0.0974288210272789,0.9518768191337585,0.9197871685028076
YOL027C,YDL206W,1,0.39058882,0.09751772880554199,0.9528392553329468,0.9197871685028076
YBL056W,YHR079C,0,0.39018744,0.09750812500715256,0.9528392553329468,0.9198875427246094
YDR307W,YGL061C,0,0.39015067,0.09749852120876312,0.9528392553329468,0.9199879765510559
YGR271W,YEL047C,0,0.39010575,0.09748892486095428,0.9528392553329468,0.9200883507728577
YJL094C,YFR045W,1,0.39008147,0.0975777879357338,0.9538017511367798,0.9200883507728577
YAL030W,YPL209C,0,0.3896349,0.09756817668676376,0.9538017511367798,0.9201887249946594
YDR338C,YDL035C,0,0.38958293,0.09755857288837433,0.9538017511367798,0.9202890992164612
YOL089C,YLR391W,0,0.38924497,0.0975489690899849,0.9538017511367798,0.9203895330429077
YHR008C,YCL027C-A,0,0.38900536,0.09753937274217606,0.9538017511367798,0.9204899072647095
YDR476C,YGR253C,0,0.38866496,0.09752976894378662,0.9538017511367798,0.9205902814865112
YLL053C,YNR026C,0,0.38847715,0.09752017259597778,0.9538017511367798,0.9206907153129578
YCL074W,YJR153W,0,0.38837987,0.09751057624816895,0.9538017511367798,0.9207910895347595
YGL103W,YMR295C,0,0.3883207,0.0975009873509407,0.9538017511367798,0.9208914637565613
YCR098C,YDR069C,1,0.38822493,0.09758976846933365,0.954764187335968,0.9208914637565613
YJL127C,YML030W,0,0.38797826,0.09758017212152481,0.954764187335968,0.9209918975830078
YKR026C,YPL132W,0,0.38796246,0.09757056832313538,0.954764187335968,0.9210922718048096
YER046W,YER087W,0,0.38772798,0.09756097197532654,0.954764187335968,0.9211926460266113
YBR229C,YER011W,0,0.38772547,0.0975513830780983,0.954764187335968,0.9212930202484131
YER071C,YGL022W,0,0.38767272,0.09754178673028946,0.954764187335968,0.9213934540748596
YOL077W-A,YGR125W,1,0.38738367,0.09763051569461823,0.955726683139801,0.9213934540748596
YLR068W,YPL030W,0,0.38729787,0.09762091934680939,0.955726683139801,0.9214938282966614
YPR022C,YEL020W-A,0,0.3872695,0.09761132299900055,0.955726683139801,0.9215942025184631
YJL216C,YIL114C,0,0.38715583,0.09760172665119171,0.955726683139801,0.9216946363449097
YNR010W,YJR096W,0,0.38704842,0.09759213775396347,0.955726683139801,0.9217950105667114
YKL064W,YNL304W,0,0.3870257,0.09758254885673523,0.955726683139801,0.9218953847885132
YLL052C,YGR170W,0,0.3869889,0.09757295995950699,0.955726683139801,0.9219957590103149
YPL234C,YCR080W,0,0.38682178,0.09756337106227875,0.955726683139801,0.9220961928367615
YMR166C,YPL234C,1,0.386598,0.09765202552080154,0.9566891193389893,0.9220961928367615
YEL043W,YLR069C,0,0.38628837,0.0976424366235733,0.9566891193389893,0.9221965670585632
YML030W,YHR214W,0,0.38601536,0.09763284772634506,0.9566891193389893,0.922296941280365
YDL156W,YPL081W,0,0.38585788,0.09762325882911682,0.9566891193389893,0.9223973751068115
YLR166C,YJR159W,0,0.38549864,0.09761366993188858,0.9566891193389893,0.9224977493286133
YHR134W,YOR338W,0,0.38503772,0.09760408848524094,0.9566891193389893,0.922598123550415
YJL134W,YMR048W,0,0.38499776,0.0975944995880127,0.9566891193389893,0.9226984977722168
YDL188C,YBR130C,0,0.38497323,0.09758491814136505,0.9566891193389893,0.9227989315986633
YDL059C,YPL276W,0,0.38496572,0.097575344145298,0.9566891193389893,0.9228993058204651
YER032W,YDR476C,0,0.38486615,0.09756576269865036,0.9566891193389893,0.9229996800422668
YFR045W,YPL092W,1,0.3847878,0.09765433520078659,0.9576516151428223,0.9229996800422668
YLR191W,YLR409C,0,0.38476267,0.09764474630355835,0.9576516151428223,0.9231001138687134
YDR343C,YGR020C,1,0.38458258,0.09773329645395279,0.9586140513420105,0.9231001138687134
YPL259C,YBR075W,0,0.38448626,0.09772370755672455,0.9586140513420105,0.9232004880905151
YMR104C,YGL210W-A,0,0.38442573,0.09771411865949631,0.9586140513420105,0.9233008623123169
YOR198C,YOR109W,0,0.38433433,0.09770452976226807,0.9586140513420105,0.9234012365341187
YBR100W,YJL179W,0,0.38433415,0.09769494831562042,0.9586140513420105,0.9235016703605652
YPL060W,YOR334W,1,0.38418788,0.09778344631195068,0.9595764875411987,0.9235016703605652
YDR151C,YLL057C,0,0.38411602,0.09777385741472244,0.9595764875411987,0.9236020445823669
YPL047W,YDL159W,0,0.3837503,0.0977642685174942,0.9595764875411987,0.9237024188041687
YNL094W,YBR204C,0,0.3837075,0.09775467962026596,0.9595764875411987,0.9238028526306152
YML112W,YDR381C-A,0,0.3836034,0.09774509817361832,0.9595764875411987,0.923903226852417
YMR274C,YNL003C,0,0.38355732,0.09773551672697067,0.9595764875411987,0.9240036010742188
YCR080W,YMR112C,0,0.383168,0.09772593528032303,0.9595764875411987,0.9241040349006653
YFR024C,YBR111W-A,0,0.38292298,0.09771636128425598,0.9595764875411987,0.924204409122467
YGR203W,YPR200C,0,0.3827744,0.09770677983760834,0.9595764875411987,0.9243047833442688
YKL171W,YLR081W,0,0.38273966,0.09769720584154129,0.9595764875411987,0.9244051575660706
YOR128C,YGL026C,0,0.38242543,0.09768763184547424,0.9595764875411987,0.9245055913925171
YNL134C,YDR311W,0,0.38237447,0.09767806529998779,0.9595764875411987,0.9246059656143188
YLR193C,YHL006C,0,0.38232973,0.09766849875450134,0.9595764875411987,0.9247063398361206
YOL075C,YER072W,0,0.38184202,0.0976589247584343,0.9595764875411987,0.9248067736625671
YCL060C,YPL187W,0,0.38139874,0.09764936566352844,0.9595764875411987,0.9249071478843689
YJL186W,YNR073C,0,0.38138568,0.09763979911804199,0.9595764875411987,0.9250075221061707
YBR179C,YGL079W,0,0.38114032,0.09763024002313614,0.9595764875411987,0.9251078963279724
YMR207C,YOR262W,0,0.3807276,0.09762068092823029,0.9595764875411987,0.925208330154419
YKR031C,YDR522C,0,0.38065875,0.09761112183332443,0.9595764875411987,0.9253087043762207
YOL077W-A,YCL005W-A,1,0.38042814,0.09769946336746216,0.9605389833450317,0.9253087043762207
YDL165W,YNR063W,0,0.38039303,0.09768989682197571,0.9605389833450317,0.9254090785980225
YGR245C,YJL225C,0,0.38031474,0.09768033772706985,0.9605389833450317,0.925509512424469
YDR262W,YDR480W,0,0.3801902,0.097670778632164,0.9605389833450317,0.9256098866462708
YDR080W,YKR095W-A,0,0.37978595,0.09766121953725815,0.9605389833450317,0.9257102608680725
YMR034C,YNL083W,1,0.37970164,0.0977495089173317,0.96150141954422,0.9257102608680725
YOR271C,YBR111W-A,0,0.3795175,0.09773994982242584,0.96150141954422,0.9258106350898743
YBL030C,YPL084W,1,0.37948495,0.0978282168507576,0.962463915348053,0.9258106350898743
YDL012C,YDR406W,0,0.37934756,0.09781864285469055,0.962463915348053,0.9259110689163208
YCL062W,YPL152W,0,0.37875623,0.0978090763092041,0.962463915348053,0.9260114431381226
YNL097C,YDR506C,0,0.37845135,0.09779950976371765,0.962463915348053,0.9261118173599243
YPL212C,YPL215W,0,0.37824106,0.0977899506688118,0.962463915348053,0.9262122511863708
YJL113W,YGR013W,0,0.37811923,0.09778038412332535,0.962463915348053,0.9263126254081726
YDL199C,YLR411W,1,0.37771842,0.09786859899759293,0.9634263515472412,0.9263126254081726
YBL029C-A,YMR048W,0,0.3777147,0.09785902500152588,0.9634263515472412,0.9264129996299744
YGR020C,YLR391W-A,0,0.37770605,0.09784946590662003,0.9634263515472412,0.9265133738517761
YDR337W,YDR439W,0,0.37747353,0.09783989936113358,0.9634263515472412,0.9266138076782227
YDR322C-A,YOR291W,1,0.37742937,0.09792806953191757,0.9643888473510742,0.9266138076782227
YGR144W,YER108C,0,0.37733787,0.09791849553585052,0.9643888473510742,0.9267141819000244
YMR220W,YDL124W,0,0.37732956,0.09790892899036407,0.9643888473510742,0.9268145561218262
YKL129C,YKL045W,0,0.37727892,0.09789936244487762,0.9643888473510742,0.9269149899482727
YLL018C-A,YLR241W,1,0.37718815,0.09798749536275864,0.9653512835502625,0.9269149899482727
YNR032W,YMR190C,0,0.37711993,0.09797792136669159,0.9653512835502625,0.9270153641700745
YMR172W,YCL012W,0,0.37683487,0.09796835482120514,0.9653512835502625,0.9271157383918762
YJR103W,YHR176W,0,0.3767354,0.09795878827571869,0.9653512835502625,0.9272161722183228
YDR005C,YGR266W,0,0.37668383,0.09794922173023224,0.9653512835502625,0.9273165464401245
YHR146W,YFL035C,0,0.37660092,0.09793965518474579,0.9653512835502625,0.9274169206619263
YDL126C,YKL052C,0,0.376203,0.09793008863925934,0.9653512835502625,0.927517294883728
YDR365C,YBL113C,0,0.37491363,0.09792052954435349,0.9653512835502625,0.9276177287101746
YGL129C,YLL053C,0,0.37484294,0.09791097044944763,0.9653512835502625,0.9277181029319763
YKL145W,YHR209W,0,0.37438336,0.09790141880512238,0.9653512835502625,0.9278184771537781
YOR231W,YPL100W,0,0.37438273,0.09789185971021652,0.9653512835502625,0.9279189109802246
YJL145W,YHR108W,0,0.37419719,0.09788230806589127,0.9653512835502625,0.9280192852020264
YPL280W,YML082W,0,0.37404436,0.09787275642156601,0.9653512835502625,0.9281196594238281
YGL001C,YDL134C-A,0,0.373788,0.09786320477724075,0.9653512835502625,0.9282200336456299
YNL194C,YIL041W,0,0.3737775,0.0978536605834961,0.9653512835502625,0.9283204674720764
YBR056W,YBR215W,0,0.37364185,0.09784411638975143,0.9653512835502625,0.9284208416938782
YHR069C,YOR140W,0,0.37356168,0.09783457219600677,0.9653512835502625,0.9285212159156799
YLR447C,YBR219C,1,0.37256342,0.09792255610227585,0.9663137793540955,0.9285212159156799
YHR096C,YDR536W,1,0.37255782,0.09801053255796432,0.9672762155532837,0.9285212159156799
YJL172W,YBL029C-A,0,0.37219495,0.09800097346305847,0.9672762155532837,0.9286216497421265
YLR227W-A,YOR098C,0,0.37170804,0.09799142181873322,0.9672762155532837,0.9287220239639282
YOR291W,YLR214W,1,0.37142438,0.09807936102151871,0.9682387113571167,0.9287220239639282
YOL012C,YML133C,0,0.3713705,0.09806980192661285,0.9682387113571167,0.92882239818573
YKR029C,YGL010W,0,0.37112683,0.098060242831707,0.9682387113571167,0.9289227724075317
YIR038C,YIL082W-A,0,0.37106425,0.09805068373680115,0.9682387113571167,0.9290232062339783
YLR138W,YML099C,0,0.37086743,0.0980411246418953,0.9682387113571167,0.92912358045578
YJL144W,YGL212W,0,0.37007934,0.09803157299757004,0.9682387113571167,0.9292239546775818
YPL249C-A,YNL024C,0,0.3700742,0.09802202135324478,0.9682387113571167,0.9293243885040283
YDR067C,YOR338W,0,0.37002718,0.09801246970891953,0.9682387113571167,0.9294247627258301
YKR018C,YGL012W,0,0.3698601,0.09800292551517487,0.9682387113571167,0.9295251369476318
YPL072W,YOL094C,0,0.36970407,0.09799337387084961,0.9682387113571167,0.9296255111694336
YMR243C,YCR080W,0,0.36955976,0.09798382967710495,0.9682387113571167,0.9297259449958801
YLR378C,YKL205W,0,0.36950314,0.09797428548336029,0.9682387113571167,0.9298263192176819
YGL200C,YJL012C-A,0,0.3692928,0.09796474874019623,0.9682387113571167,0.9299266934394836
YLR425W,YFR045W,0,0.36911762,0.09795521199703217,0.9682387113571167,0.9300271272659302
YOL062C,YDR348C,0,0.36894774,0.0979456752538681,0.9682387113571167,0.9301275014877319
YGR266W,YOR026W,0,0.36845618,0.09793613851070404,0.9682387113571167,0.9302278757095337
YDR322C-A,YPL141C,0,0.36832,0.09792660176753998,0.9682387113571167,0.9303283095359802
YMR167W,YML111W,0,0.36802873,0.09791707247495651,0.9682387113571167,0.930428683757782
YGL019W,YOR287C,0,0.36792424,0.09790754318237305,0.9682387113571167,0.9305290579795837
YPL183W-A,YPR111W,0,0.36784095,0.09789801388978958,0.9682387113571167,0.9306294322013855
YJR161C,YDR131C,0,0.3678135,0.09788849204778671,0.9682387113571167,0.930729866027832
YLL016W,YDL035C,0,0.36749268,0.09787896275520325,0.9682387113571167,0.9308302402496338
YDR306C,YBR075W,0,0.3672111,0.09786944091320038,0.9682387113571167,0.9309306144714355
YNL009W,YMR180C,0,0.36716765,0.09785991907119751,0.9682387113571167,0.9310310482978821
YBR021W,YLL027W,0,0.36708677,0.09785040467977524,0.9682387113571167,0.9311314225196838
YER053C,YGL008C,1,0.36703736,0.09793814271688461,0.9692011475563049,0.9311314225196838
YOR357C,YER137C,0,0.36702996,0.09792862087488174,0.9692011475563049,0.9312317967414856
YPL086C,YDR352W,0,0.36670607,0.09791909903287888,0.9692011475563049,0.9313321709632874
YCR055C,YAL068C,0,0.3661495,0.09790957719087601,0.9692011475563049,0.9314326047897339
YMR236W,YNR021W,0,0.36570174,0.09790005534887314,0.9692011475563049,0.9315329790115356
YDL049C,YHR214W,0,0.36501342,0.09789054095745087,0.9692011475563049,0.9316333532333374
YFR045W,YDR205W,1,0.36497968,0.09797822684049606,0.9701636433601379,0.9316333532333374
YCL060C,YER011W,0,0.36491966,0.0979687049984932,0.9701636433601379,0.9317337870597839
YJL021C,YHL026C,0,0.36462408,0.09795918315649033,0.9701636433601379,0.9318341612815857
YJR026W,YNL148C,0,0.36391723,0.09794966131448746,0.9701636433601379,0.9319345355033875
YPL060C-A,YGR264C,0,0.36385024,0.09794014692306519,0.9701636433601379,0.9320349097251892
YNL316C,YNR035C,0,0.3636049,0.09793063253164291,0.9701636433601379,0.9321353435516357
YLR431C,YNL083W,0,0.3634314,0.09792111814022064,0.9701636433601379,0.9322357177734375
YER006W,YBL113C,0,0.36337888,0.09791161119937897,0.9701636433601379,0.9323360919952393
YKR007W,YOL124C,0,0.36317635,0.0979020968079567,0.9701636433601379,0.9324365258216858
YOL053C-A,YKR055W,0,0.36296237,0.09789258986711502,0.9701636433601379,0.9325369000434875
YGL070C,YJL012C-A,0,0.3627653,0.09788308292627335,0.9701636433601379,0.9326372742652893
YPL254W,YGL207W,0,0.36230737,0.09787358343601227,0.9701636433601379,0.9327376484870911
YER053C-A,YDR216W,0,0.3621773,0.0978640764951706,0.9701636433601379,0.9328380823135376
YCL027C-A,YPL228W,0,0.3620386,0.09785457700490952,0.9701636433601379,0.9329384565353394
YDR403W,YGL051W,0,0.36097494,0.09784507751464844,0.9701636433601379,0.9330388307571411
YDL081C,YBL018C,0,0.3609734,0.09783558547496796,0.9701636433601379,0.9331392645835876
YIL131C,YPL124W,0,0.3606618,0.09782608598470688,0.9701636433601379,0.9332396388053894
YPL040C,YJL181W,0,0.36065263,0.0978165939450264,0.9701636433601379,0.9333400130271912
YNL024C-A,YBR080C,0,0.3606392,0.09780710190534592,0.9701636433601379,0.9334404468536377
YLR215C,YBR110W,0,0.36061555,0.09779760986566544,0.9701636433601379,0.9335408210754395
YHR045W,YCL026C-B,0,0.36054304,0.09778812527656555,0.9701636433601379,0.9336411952972412
YMR076C,YPL141C,0,0.36052102,0.09777864068746567,0.9701636433601379,0.933741569519043
YKR096W,YER041W,0,0.36041045,0.09776915609836578,0.9701636433601379,0.9338420033454895
YKL137W,YJR120W,0,0.3602437,0.0977596715092659,0.9701636433601379,0.9339423775672913
YLR167W,YER108C,0,0.36020046,0.09775019437074661,0.9701636433601379,0.934042751789093
YPR056W,YBR141C,0,0.35977542,0.09774071723222733,0.9701636433601379,0.9341431856155396
YPL225W,YLR361C,0,0.35907698,0.09773124009370804,0.9701636433601379,0.9342435598373413
YGL196W,YLR410W-B,0,0.3589992,0.09772176295518875,0.9701636433601379,0.9343439340591431
YIL111W,YDL183C,1,0.3583676,0.09780922532081604,0.9711260795593262,0.9343439340591431
YLR070C,YDL134C-A,0,0.3583106,0.09779974818229675,0.9711260795593262,0.9344443082809448
YDR338C,YNL134C,0,0.3582738,0.09779027104377747,0.9711260795593262,0.9345447421073914
YBR107C,YCR070W,0,0.35810634,0.09778079390525818,0.9711260795593262,0.9346451163291931
YNL194C,YDL123W,0,0.35810608,0.09777131676673889,0.9711260795593262,0.9347454905509949
YLR299W,YCR080W,0,0.35810268,0.0977618470788002,0.9711260795593262,0.9348459243774414
YPL221W,YBR075W,0,0.35792148,0.09775236994028091,0.9711260795593262,0.9349462985992432
YPR124W,YOR307C,1,0.3579101,0.09783977270126343,0.9720885753631592,0.9349462985992432
YHR050W,YHR039C-B,1,0.35774845,0.09792716056108475,0.9730510115623474,0.9349462985992432
YMR052W,YBR111W-A,0,0.35773256,0.09791767597198486,0.9730510115623474,0.9350466728210449
YKR027W,YKR071C,0,0.35753807,0.09790819138288498,0.9730510115623474,0.9351470470428467
YKL138C-A,YIL023C,0,0.35745192,0.09789871424436569,0.9730510115623474,0.9352474808692932
YBR294W,YOR390W,1,0.35699838,0.09798605740070343,0.9740134477615356,0.9352474808692932
YDL216C,YKL095W,0,0.35699347,0.09797657281160355,0.9740134477615356,0.935347855091095
YOL089C,YMR160W,0,0.35691014,0.09796708822250366,0.9740134477615356,0.9354482293128967
YJL093C,YKL175W,1,0.35686597,0.09805440157651901,0.9749759435653687,0.9354482293128967
YJR026W,YOL009C,0,0.35648188,0.09804490953683853,0.9749759435653687,0.9355486631393433
YJL114W,YKR049C,0,0.35623735,0.09803541749715805,0.9749759435653687,0.935649037361145
YBR043C,YDL022W,0,0.35604,0.09802593290805817,0.9749759435653687,0.9357494115829468
YDR259C,YMR114C,0,0.3560143,0.09801644831895828,0.9749759435653687,0.9358497858047485
YKR078W,YOR303W,0,0.35590082,0.0980069637298584,0.9749759435653687,0.9359502196311951
YLL055W,YPL279C,1,0.35574597,0.09809422492980957,0.9759383797645569,0.9359502196311951
YDR322C-A,YCL073C,1,0.3554659,0.09818146377801895,0.9769008755683899,0.9359502196311951
YBR115C,YCL008C,0,0.35522908,0.09817197173833847,0.9769008755683899,0.9360505938529968
YAR031W,YDR202C,0,0.35448277,0.09816247224807739,0.9769008755683899,0.9361509680747986
YDR168W,YCL043C,0,0.35403478,0.09815298020839691,0.9769008755683899,0.9362514019012451
YCR020W-B,YBL016W,0,0.35364434,0.09814349561929703,0.9769008755683899,0.9363517761230469
YCR087C-A,YHL012W,0,0.35361004,0.09813400357961655,0.9769008755683899,0.9364521503448486
YIR007W,YFR046C,0,0.3531726,0.09812451899051666,0.9769008755683899,0.9365525841712952
YLR312W-A,YIL082W-A,0,0.35308236,0.09811503440141678,0.9769008755683899,0.9366529583930969
YHR073W,YDR257C,0,0.35302645,0.0981055498123169,0.9769008755683899,0.9367533326148987
YOR378W,YDR069C,1,0.35287356,0.0981927141547203,0.9778633117675781,0.9367533326148987
YMR244C-A,YER130C,0,0.35277712,0.09818322211503983,0.9778633117675781,0.9368537068367004
YDR325W,YFL018W-A,0,0.35272276,0.09817373752593994,0.9778633117675781,0.936954140663147
YDR200C,YBR193C,0,0.35272196,0.09816425293684006,0.9778633117675781,0.9370545148849487
YCL016C,YJL213W,0,0.35223478,0.09815476834774017,0.9778633117675781,0.9371548891067505
YDR150W,YER108C,0,0.35188943,0.09814528375864029,0.9778633117675781,0.937255322933197
YMR099C,YKR001C,0,0.3516795,0.098135806620121,0.9778633117675781,0.9373556971549988
YFL035C-B,YCR003W,0,0.35167372,0.09812632948160172,0.9778633117675781,0.9374560713768005
YKR086W,YDR381C-A,0,0.35114574,0.09811685234308243,0.9778633117675781,0.9375564455986023
YIL121W,YHR039C-B,1,0.3509096,0.09820394217967987,0.9788258075714111,0.9375564455986023
YCL060C,YDR144C,0,0.3499834,0.09819445759057999,0.9788258075714111,0.9376568794250488
YPL139C,YOL086W-A,0,0.34996444,0.0981849804520607,0.9788258075714111,0.9377572536468506
YJL191W,YER069W,0,0.34992594,0.09817549586296082,0.9788258075714111,0.9378576278686523
YDR039C,YBR100W,0,0.34964085,0.09816602617502213,0.9788258075714111,0.9379580616950989
YPR030W,YDR210W,0,0.34915566,0.09815654903650284,0.9788258075714111,0.9380584359169006
YIL061C,YOL053C-A,0,0.3489873,0.09814707934856415,0.9788258075714111,0.9381588101387024
YOR113W,YCR097WB,0,0.3489394,0.09813760221004486,0.9788258075714111,0.9382591843605042
YLR224W,YLR289W,0,0.34853956,0.09812813252210617,0.9788258075714111,0.9383596181869507
YCR097WB,YJL081C,0,0.34850234,0.09811867028474808,0.9788258075714111,0.9384599924087524
YGL046W,YDL119C,0,0.34848762,0.09810920059680939,0.9788258075714111,0.9385603666305542
YNL026W,YER053C-A,0,0.34844398,0.0980997383594513,0.9788258075714111,0.9386608004570007
YPL057C,YML039W,0,0.34833103,0.0980902761220932,0.9788258075714111,0.9387611746788025
YBL029C-A,YEL006W,0,0.34821123,0.0980808213353157,0.9788258075714111,0.9388615489006042
YLR413W,YKL152C,0,0.34781587,0.09807135909795761,0.9788258075714111,0.938961923122406
YCL060C,YBR161W,0,0.3477954,0.09806190431118011,0.9788258075714111,0.9390623569488525
YPR003C,YGR129W,0,0.34777188,0.09805244952440262,0.9788258075714111,0.9391627311706543
YPR114W,YML126C,0,0.3475973,0.09804299473762512,0.9788258075714111,0.939263105392456
YOL057W,YBL058W,0,0.3470238,0.09803354740142822,0.9788258075714111,0.9393635392189026
YML045W,YDL035C,0,0.34699193,0.09802410006523132,0.9788258075714111,0.9394639134407043
YLR042C,YOR147W,0,0.34674358,0.09801465272903442,0.9788258075714111,0.9395642876625061
YJL216C,YLR042C,0,0.3464158,0.09800520539283752,0.9788258075714111,0.9396647214889526
YDL139C,YPR173C,0,0.34634918,0.09799575805664062,0.9788258075714111,0.9397650957107544
YOR214C,YGL113W,0,0.3460689,0.09798631817102432,0.9788258075714111,0.9398654699325562
YKL138C-A,YKL205W,0,0.34585118,0.09797687828540802,0.9788258075714111,0.9399658441543579
YER142C,YDR266C,0,0.34571385,0.09796743839979172,0.9788258075714111,0.9400662779808044
YOR372C,YLR080W,0,0.3456965,0.09795800596475601,0.9788258075714111,0.9401666522026062
YLR165C,YBR161W,0,0.34518835,0.09794856607913971,0.9788258075714111,0.940267026424408
YCR067C,YDL159W,0,0.34491318,0.097939133644104,0.9788258075714111,0.9403674602508545
YFL052W,YHR030C,0,0.34477687,0.0979297086596489,0.9788258075714111,0.9404678344726562
YDR365W-A,YNR031C,0,0.34443486,0.09792027622461319,0.9788258075714111,0.940568208694458
YMR172W,YDR196C,0,0.3442878,0.09791085124015808,0.9788258075714111,0.9406685829162598
YHR080C,YDR437W,0,0.34423825,0.09790142625570297,0.9788258075714111,0.9407690167427063
YPR112C,YBL007C,0,0.34414658,0.09789200127124786,0.9788258075714111,0.9408693909645081
YLR143W,YDR381C-A,0,0.3436501,0.09788257628679276,0.9788258075714111,0.9409697651863098
YBR192W,YOR291W,1,0.3433035,0.09796939790248871,0.9797882437705994,0.9409697651863098
YCR055C,YML121W,0,0.34329456,0.0979599729180336,0.9797882437705994,0.9410701990127563
YHR110W,YHR205W,0,0.34302974,0.0979505404829979,0.9797882437705994,0.9411705732345581
YBR229C,YPL058C,0,0.34302276,0.09794112294912338,0.9797882437705994,0.9412709474563599
YJL213W,YHR156C,0,0.34297478,0.09793169796466827,0.9797882437705994,0.9413713216781616
YOR310C,YHL025W,0,0.34292877,0.09792228043079376,0.9797882437705994,0.9414717555046082
YNL181W,YNL068C,0,0.34252697,0.09791286289691925,0.9797882437705994,0.9415721297264099
YBR114W,YLR309C,0,0.34203437,0.09790344536304474,0.9797882437705994,0.9416725039482117
YGL210W-A,YLR391W-A,0,0.34146953,0.09789402782917023,0.9797882437705994,0.9417729377746582
YLR288C,YBR075W,0,0.34145322,0.09788461774587631,0.9797882437705994,0.94187331199646
YDR484W,YML045W-A,0,0.34140068,0.0978752076625824,0.9797882437705994,0.9419736862182617
YFL050C,YPL208W,0,0.34118435,0.09786579757928848,0.9797882437705994,0.9420740604400635
YIR032C,YKL046C,0,0.3411523,0.09785638749599457,0.9797882437705994,0.94217449426651
YOR142W-B,YNL036W,0,0.34092367,0.09784698486328125,0.9797882437705994,0.9422748684883118
YDR186C,YDR494W,0,0.34087247,0.09783757477998734,0.9797882437705994,0.9423752427101135
YOR382W,YMR279C,1,0.34077883,0.09792427718639374,0.9807507395744324,0.9423752427101135
YKL002W,YHR039C-B,1,0.34058022,0.09801095724105835,0.9817131757736206,0.9423752427101135
YBR026C,YDR365W-B,0,0.34041965,0.09800153970718384,0.9817131757736206,0.9424756765365601
YBR210W,YLR256W-A,0,0.34013408,0.09799212217330933,0.9817131757736206,0.9425760507583618
YLL010C,YDR210W,0,0.34003228,0.09798271209001541,0.9817131757736206,0.9426764249801636
YOL122C,YML030W,1,0.33991522,0.09806934744119644,0.9826756715774536,0.9426764249801636
YER185W,YLR241W,1,0.33943352,0.09815597534179688,0.9836381077766418,0.9426764249801636
YLR227W-A,YJL042W,0,0.3391965,0.09814655035734177,0.9836381077766418,0.9427768588066101
YBR146W,YGR122W,0,0.33916765,0.09813712537288666,0.9836381077766418,0.9428772330284119
YLL066C,YER053C-A,0,0.3391646,0.09812770038843155,0.9836381077766418,0.9429776072502136
YLR213C,YLR391W,0,0.3387789,0.09811828285455704,0.9836381077766418,0.9430779814720154
YCL062W,YKL086W,0,0.3386112,0.09810885787010193,0.9836381077766418,0.9431784152984619
YDR529C,YKL220C,1,0.33852696,0.09819543361663818,0.9846006035804749,0.9431784152984619
YMR044W,YGR038C-B,0,0.33852583,0.09818600863218307,0.9846006035804749,0.9432787895202637
YMR160W,YPR133W-A,0,0.3384139,0.09817658364772797,0.9846006035804749,0.9433791637420654
YDR308C,YLR256W-A,0,0.3383824,0.09816716611385345,0.9846006035804749,0.943479597568512
YJL092W,YNR073C,0,0.33830252,0.09815774112939835,0.9846006035804749,0.9435799717903137
YPL215W,YHR079C-B,0,0.33780503,0.09814832359552383,0.9846006035804749,0.9436803460121155
YPL083C,YML039W,0,0.3376615,0.09813891351222992,0.9846006035804749,0.9437807202339172
YFL018W-A,YPR141C,0,0.33761632,0.09812949597835541,0.9846006035804749,0.9438811540603638
YGR048W,YKL015W,0,0.3374747,0.09812008589506149,0.9846006035804749,0.9439815282821655
YOL086W-A,YBR167C,0,0.3368444,0.09811067581176758,0.9846006035804749,0.9440819025039673
YLL052C,YER108C,0,0.3368201,0.09810126572847366,0.9846006035804749,0.9441823363304138
YML071C,YKR095W-A,0,0.33671233,0.09809185564517975,0.9846006035804749,0.9442827105522156
YER137C-A,YOR110W,0,0.33612153,0.09808245301246643,0.9846006035804749,0.9443830847740173
YLR227W-A,YJL051W,0,0.3358711,0.09807305037975311,0.9846006035804749,0.9444834589958191
YMR089C,YDL119C,0,0.3357858,0.0980636477470398,0.9846006035804749,0.9445838928222656
YCL016C,YGL060W,0,0.33554542,0.09805425256490707,0.9846006035804749,0.9446842670440674
YDL235C,YBL100W-A,0,0.33521754,0.09804484993219376,0.9846006035804749,0.9447846412658691
YDR385W,YOR086C,0,0.33481085,0.09803545475006104,0.9846006035804749,0.9448850750923157
YFL002C,YCL004W,0,0.33476362,0.09802606701850891,0.9846006035804749,0.9449854493141174
YLR426W,YMR061W,0,0.333843,0.09801667183637619,0.9846006035804749,0.9450858235359192
YLR410W-A,YIR004W,0,0.3337316,0.09800728410482407,0.9846006035804749,0.945186197757721
YKR103W,YDR322C-A,0,0.33340406,0.09799788892269135,0.9846006035804749,0.9452866315841675
YKL016C,YLL048C,1,0.33340126,0.09808429330587387,0.9855630397796631,0.9452866315841675
YJR120W,YJL118W,0,0.3324412,0.09807489812374115,0.9855630397796631,0.9453870058059692
YBL100W-A,YGL256W,0,0.33221096,0.09806550294160843,0.9855630397796631,0.945487380027771
YDL134C-A,YOL020W,0,0.33180237,0.0980561152100563,0.9855630397796631,0.9455878138542175
YHR079C-B,YOR267C,0,0.33179966,0.09804672747850418,0.9855630397796631,0.9456881880760193
YEL006W,YMR097C,0,0.33153895,0.09803733974695206,0.9855630397796631,0.945788562297821
YKL099C,YPL257W-B,0,0.33134794,0.09802795201539993,0.9855630397796631,0.9458889961242676
YDR470C,YCL073C,1,0.33104157,0.09811428934335709,0.9865254759788513,0.9458889961242676
YGR109W-A,YIL120W,0,0.33094317,0.09810490161180496,0.9865254759788513,0.9459893703460693
YPL193W,YGR161C-C,0,0.33080372,0.09809551388025284,0.9865254759788513,0.9460897445678711
YPL158C,YDR144C,0,0.33047357,0.09808612614870071,0.9865254759788513,0.9461901187896729
YPL275W,YER053C-A,0,0.3304384,0.09807673841714859,0.9865254759788513,0.9462905526161194
YKL120W,YCL005W-A,1,0.3303901,0.09816303104162216,0.9874879717826843,0.9462905526161194
YNL138W-A,YOR125C,0,0.3299691,0.09815364331007004,0.9874879717826843,0.9463909268379211
YHR014W,YHR156C,0,0.3296573,0.09814424812793732,0.9874879717826843,0.9464913010597229
YEL004W,YDR316W-B,0,0.32957256,0.09813486039638519,0.9874879717826843,0.9465917348861694
YPR022C,YGL012W,0,0.32916647,0.09812548011541367,0.9874879717826843,0.9466921091079712
YPL060C-A,YHR019C,0,0.32901135,0.09811609238386154,0.9874879717826843,0.946792483329773
YAL001C,YPR158W-B,0,0.3289302,0.09810671210289001,0.9874879717826843,0.9468928575515747
YIR011C,YCR087C-A,0,0.32891124,0.09809733182191849,0.9874879717826843,0.9469932913780212
YDR245W,YBL100W-B,0,0.32870114,0.09808795154094696,0.9874879717826843,0.947093665599823
YNL304W,YAL028W,0,0.3285957,0.09807857871055603,0.9874879717826843,0.9471940398216248
YIL148W,YCL068C,0,0.3285108,0.0980692058801651,0.9874879717826843,0.9472944736480713
YCL062W,YHR094C,0,0.32842952,0.09805983304977417,0.9874879717826843,0.947394847869873
YPL225W,YGR217W,0,0.32790273,0.09805046021938324,0.9874879717826843,0.9474952220916748
YDR014W-A,YGR155W,0,0.3276468,0.09804108738899231,0.9874879717826843,0.9475955963134766
YDR098C-B,YJL186W,0,0.3274762,0.09803172200918198,0.9874879717826843,0.9476960301399231
YPL181W,YCR026C,0,0.32719904,0.09802235662937164,0.9874879717826843,0.9477964043617249
YNR036C,YDR365W-B,0,0.3271926,0.09801299124956131,0.9874879717826843,0.9478967785835266
YJL160C,YOR351C,0,0.32702994,0.09800363332033157,0.9874879717826843,0.9479972124099731
YKL120W,YGL210W-A,0,0.32684958,0.09799426794052124,0.9874879717826843,0.9480975866317749
YNL307C,YAL001C,0,0.32672414,0.0979849100112915,0.9874879717826843,0.9481979608535767
YNL278W,YCL005W-A,0,0.32568485,0.09797555208206177,0.9874879717826843,0.9482983350753784
YCL060C,YPL180W,0,0.3253848,0.09796620160341263,0.9874879717826843,0.948398768901825
YFL054C,YPR037C,0,0.32529822,0.09795684367418289,0.9874879717826843,0.9484991431236267
YIL114C,YHR039C-B,1,0.32521182,0.09804295748472214,0.9884504079818726,0.9484991431236267
YBL029C-A,YJR112W,0,0.32518086,0.0980335995554924,0.9884504079818726,0.9485995173454285
YCL060C,YER177W,0,0.3249951,0.09802424162626266,0.9884504079818726,0.948699951171875
YNL284C-A,YPR024W,0,0.32496798,0.09801489114761353,0.9884504079818726,0.9488003253936768
YLR025W,YMR275C,1,0.32487658,0.09810096025466919,0.9894129037857056,0.9488003253936768
YOR068C,YGR283C,0,0.32480797,0.09809160232543945,0.9894129037857056,0.9489006996154785
YBR141C,YOR295W,0,0.32452986,0.09808224439620972,0.9894129037857056,0.949001133441925
YDR296W,YOR283W,0,0.32438654,0.09807288646697998,0.9894129037857056,0.9491015076637268
YHL009W-A,YKL203C,0,0.32395852,0.09806352853775024,0.9894129037857056,0.9492018818855286
YOL146W,YLR256W-A,0,0.32359982,0.0980541780591011,0.9894129037857056,0.9493022561073303
YPL122C,YGL033W,0,0.3231387,0.09804482758045197,0.9894129037857056,0.9494026899337769
YIR007W,YMR067C,0,0.32308167,0.09803547710180283,0.9894129037857056,0.9495030641555786
YJL114W,YDL054C,0,0.32293695,0.09802612662315369,0.9894129037857056,0.9496034383773804
YPR095C,YDL134C-A,0,0.32276618,0.09801678359508514,0.9894129037857056,0.9497038722038269
YDR365W-A,YGL208W,0,0.32233053,0.098007433116436,0.9894129037857056,0.9498042464256287
YGR205W,YLR341W,0,0.32114482,0.09799809008836746,0.9894129037857056,0.9499046206474304
YDR499W,YGR212W,0,0.32103842,0.09798875451087952,0.9894129037857056,0.9500049948692322
YER053C-A,YOL086C,0,0.32068253,0.09797941148281097,0.9894129037857056,0.9501054286956787
YIL087C,YOR086C,0,0.32049653,0.09797007590532303,0.9894129037857056,0.9502058029174805
YER019C-A,YDL211C,0,0.3204698,0.09796074032783508,0.9894129037857056,0.9503061771392822
YBL029C-A,YAR042W,0,0.32038403,0.09795140475034714,0.9894129037857056,0.9504066109657288
YNL284C-B,YIL023C,0,0.3199454,0.09794207662343979,0.9894129037857056,0.9505069851875305
YOR142W-A,YNR006W,0,0.31983986,0.09793274104595184,0.9894129037857056,0.9506073594093323
YDR040C,YCL068C,0,0.3196289,0.0979234129190445,0.9894129037857056,0.950707733631134
YER053C-A,YFL018C,0,0.31955016,0.09791408479213715,0.9894129037857056,0.9508081674575806
YLR138W,YNL284C-B,0,0.3194743,0.0979047641158104,0.9894129037857056,0.9509085416793823
YOL075C,YDL098C,0,0.319436,0.09789543598890305,0.9894129037857056,0.9510089159011841
YJR102C,YHR039C-B,1,0.31938925,0.09798133373260498,0.9903753399848938,0.9510089159011841
YGL200C,YMR076C,0,0.31926903,0.09797200560569763,0.9903753399848938,0.9511093497276306
YOR157C,YMR268W-A,0,0.31919914,0.09796267747879028,0.9903753399848938,0.9512097239494324
YOL011W,YOR142W-A,0,0.31913853,0.09795335680246353,0.9903753399848938,0.9513100981712341
YDR316W-B,YIL168W,0,0.3191383,0.09794402867555618,0.9903753399848938,0.9514104723930359
YKL197C,YDR430C,0,0.3190536,0.09793470799922943,0.9903753399848938,0.9515109062194824
YDR324C,YLR157C-A,0,0.31875175,0.09792538732290268,0.9903753399848938,0.9516112804412842
YFR040W,YKL199C,1,0.31870538,0.09801122546195984,0.9913378357887268,0.9516112804412842
YKL078W,YDL134C-A,0,0.31853426,0.09800190478563309,0.9913378357887268,0.9517116546630859
YOL103W-B,YLR128W,0,0.31840146,0.09799257665872574,0.9913378357887268,0.9518120884895325
YER129W,YDR316W-B,0,0.3180809,0.09798325598239899,0.9913378357887268,0.9519124627113342
YJR028W,YBR016W,0,0.31794688,0.09797393530607224,0.9913378357887268,0.952012836933136
YGR041W,YDR407C,0,0.31773978,0.09796462208032608,0.9913378357887268,0.9521132707595825
YBR146W,YGR109W-B,0,0.31738007,0.09795530140399933,0.9913378357887268,0.9522136449813843
YER179W,YDL225W,0,0.3172142,0.09794598817825317,0.9913378357887268,0.952314019203186
YGL060W,YOL029C,0,0.3170166,0.09793667495250702,0.9913378357887268,0.9524143934249878
YCL048W,YMR210W,0,0.31690556,0.09792736172676086,0.9913378357887268,0.9525148272514343
YOR142W-A,YHR058C,0,0.3166586,0.0979180559515953,0.9913378357887268,0.9526152014732361
YPL163C,YDR365W-B,0,0.31665266,0.09790874272584915,0.9913378357887268,0.9527155756950378
YKL094W,YMR283C,0,0.31594193,0.0978994369506836,0.9913378357887268,0.9528160095214844
YPL234C,YER053C-A,0,0.31593102,0.09789013862609863,0.9913378357887268,0.9529163837432861
YHR102W,YBR111W-A,0,0.31577313,0.09788083285093307,0.9913378357887268,0.9530167579650879
YDL134C,YCR070W,0,0.3157212,0.09787153452634811,0.9913378357887268,0.9531171321868896
YDR210C-C,YDR100W,0,0.31569895,0.09786223620176315,0.9913378357887268,0.9532175660133362
YNL318C,YJR026W,0,0.31493634,0.09785293787717819,0.9913378357887268,0.9533179402351379
YDR350C,YOR343W-B,0,0.31488234,0.09784363955259323,0.9913378357887268,0.9534183144569397
YOL144W,YGL254W,0,0.31481513,0.09783434867858887,0.9913378357887268,0.9535187482833862
YPL060C-A,YDL216C,0,0.31449255,0.0978250578045845,0.9913378357887268,0.953619122505188
YAL063C,YBL067C,0,0.31443888,0.09781576693058014,0.9913378357887268,0.9537194967269897
YCR015C,YML116W,1,0.31441474,0.09790143370628357,0.992300271987915,0.9537194967269897
YIL067C,YGR235C,0,0.3143816,0.09789213538169861,0.992300271987915,0.9538198709487915
YCL045C,YMR300C,0,0.31419194,0.09788284450769424,0.992300271987915,0.953920304775238
YFR055W,YDR129C,0,0.31369758,0.09787355363368988,0.992300271987915,0.9540206789970398
YCR002C,YLR227W-A,0,0.31365186,0.09786426275968552,0.992300271987915,0.9541210532188416
YKR101W,YLR157C-B,0,0.31355348,0.09785497188568115,0.992300271987915,0.9542214870452881
YFL034C-A,YDR079C-A,0,0.3132821,0.09784568846225739,0.992300271987915,0.9543218612670898
YIR035C,YGR271C-A,0,0.31275165,0.09783640503883362,0.992300271987915,0.9544222354888916
YBL029C-A,YBR189W,0,0.31234968,0.09782712161540985,0.992300271987915,0.9545226097106934
YCR080W,YMR269W,0,0.31231543,0.09781783819198608,0.992300271987915,0.9546230435371399
YBL031W,YGR161C-C,0,0.3122926,0.09780855476856232,0.992300271987915,0.9547234177589417
YDR494W,YDR482C,0,0.3121015,0.09779927879571915,0.992300271987915,0.9548237919807434
YOR255W,YDR227W,0,0.31206495,0.09779000282287598,0.992300271987915,0.9549242258071899
YPR158W-A,YML126C,0,0.31202316,0.0977807268500328,0.992300271987915,0.9550246000289917
YLR154W-C,YEL024W,0,0.3118524,0.09777145832777023,0.992300271987915,0.9551249742507935
YFL035C-A,YGR113W,0,0.31184712,0.09776218235492706,0.992300271987915,0.95522540807724
YCR080W,YLR368W,0,0.3115985,0.09775291383266449,0.992300271987915,0.9553257822990417
YDR098C-A,YCR028C-A,0,0.31143242,0.09774364531040192,0.992300271987915,0.9554261565208435
YLR227W-B,YER018C,0,0.31120464,0.09773438423871994,0.992300271987915,0.9555265307426453
YGR177C,YGR059W,0,0.31103832,0.09772511571645737,0.992300271987915,0.9556269645690918
YJR005W,YFL018W-A,0,0.3108055,0.09771585464477539,0.992300271987915,0.9557273387908936
YHR050W,YML045W-A,0,0.31071758,0.09770659357309341,0.992300271987915,0.9558277130126953
YOL103W-B,YML107C,0,0.31006083,0.09769733995199203,0.992300271987915,0.9559281468391418
YKL155C,YDR307W,0,0.3100462,0.09768807888031006,0.992300271987915,0.9560285210609436
YOR142W-A,YLR307W,0,0.30989555,0.09767882525920868,0.992300271987915,0.9561288952827454
YLL014W,YEL056W,0,0.3092845,0.0976695716381073,0.992300271987915,0.9562292695045471
YPR137C-A,YIL063C,0,0.3091699,0.09766031801700592,0.992300271987915,0.9563297033309937
YNL321W,YHR079C-B,0,0.30913234,0.09765107184648514,0.992300271987915,0.9564300775527954
YLR185W,YPR158W-B,0,0.30910617,0.09764182567596436,0.992300271987915,0.9565304517745972
YIL041W,YJL114W,0,0.30889598,0.09763257205486298,0.992300271987915,0.9566308856010437
YNL054W-A,YOL060C,0,0.30876273,0.09762333333492279,0.992300271987915,0.9567312598228455
YEL053C,YHR104W,0,0.30860177,0.09761408716440201,0.992300271987915,0.9568316340446472
YLR426W,YAR002C-A,0,0.3085189,0.09760484844446182,0.992300271987915,0.956932008266449
YLR256W-A,YMR125W,0,0.30816913,0.09759560972452164,0.992300271987915,0.9570324420928955
YDL207W,YNR021W,0,0.30814853,0.09758637100458145,0.992300271987915,0.9571328163146973
YDR332W,YIL017W,0,0.30778104,0.09757713228464127,0.992300271987915,0.957233190536499
YJR052W,YGR109W-A,0,0.30772012,0.09756790101528168,0.992300271987915,0.9573336243629456
YBR049C,YBR075W,0,0.30725527,0.09755866974592209,0.992300271987915,0.9574339985847473
YIL085C,YBR168W,0,0.30721712,0.0975494384765625,0.992300271987915,0.9575343728065491
YGL142C,YPL055C,0,0.30714238,0.09754020720720291,0.992300271987915,0.9576347470283508
YIL148W,YDR014W-A,0,0.30697626,0.09753098338842392,0.992300271987915,0.9577351808547974
YJL113W,YHL034C,0,0.30665782,0.09752175211906433,0.992300271987915,0.9578355550765991
YPL235W,YKR095W-A,0,0.30653986,0.09751252830028534,0.992300271987915,0.9579359292984009
YDR365W-A,YJL093C,0,0.30640888,0.09750331193208694,0.992300271987915,0.9580363631248474
YEL041W,YAL051W,0,0.30636817,0.09749408811330795,0.992300271987915,0.9581367373466492
YER049W,YGR038C-B,0,0.3062704,0.09748487174510956,0.992300271987915,0.9582371115684509
YOR192C,YMR077C,1,0.3062387,0.09757019579410553,0.993262767791748,0.9582371115684509
YJR006W,YBR100W,0,0.30610806,0.09756097197532654,0.993262767791748,0.9583375453948975
YLR410W-A,YDR207C,0,0.3057168,0.09755175560712814,0.993262767791748,0.9584379196166992
YLR052W,YDR014W-A,0,0.30566886,0.09754253178834915,0.993262767791748,0.958538293838501
YDR365W-A,YOL012C,0,0.30551285,0.09753331542015076,0.993262767791748,0.9586386680603027
YBR090C-A,YNL243W,0,0.30527756,0.09752409905195236,0.993262767791748,0.9587391018867493
YLR466W,YMR149W,0,0.30525416,0.09751488268375397,0.993262767791748,0.958839476108551
YOR256C,YDR524C-B,0,0.30516398,0.09750566631555557,0.993262767791748,0.9589398503303528
YOL021C,YOL103W-A,0,0.3049147,0.09749645739793777,0.993262767791748,0.9590402841567993
YBL029C-A,YKL045W,0,0.30461302,0.09748724848031998,0.993262767791748,0.9591406583786011
YCL001W,YFL011W-A,0,0.3045446,0.09747803956270218,0.993262767791748,0.9592410326004028
YBR086C,YDR210C-C,0,0.3043446,0.09746883064508438,0.993262767791748,0.9593414068222046
YGR109W-A,YOL111C,0,0.3043287,0.09745962917804718,0.993262767791748,0.9594418406486511
YHR024C,YCL027C-A,0,0.30428857,0.09745042771100998,0.993262767791748,0.9595422148704529
YPR137C-A,YLR016C,0,0.30420607,0.09744122624397278,0.993262767791748,0.9596425890922546
YBL041W,YDR415C,0,0.30420107,0.09743202477693558,0.993262767791748,0.9597430229187012
YGR161W-B,YPR191W,0,0.30382627,0.09742282330989838,0.993262767791748,0.9598433971405029
YGR161W-B,YOR388C,0,0.30376506,0.09741362929344177,0.993262767791748,0.9599437713623047
YNL194C,YMR261C,0,0.3037635,0.09740443527698517,0.993262767791748,0.9600441455841064
YNL054W-A,YFL038C,0,0.3037027,0.09739524126052856,0.993262767791748,0.960144579410553
YFL002W-B,YIL056W,0,0.30355525,0.09738605469465256,0.993262767791748,0.9602449536323547
YLL016W,YLR295C,0,0.30284047,0.09737686067819595,0.993262767791748,0.9603453278541565
YOR083W,YGL022W,0,0.30282208,0.09736767411231995,0.993262767791748,0.960445761680603
YDR469W,YCR080W,0,0.30266118,0.09735848754644394,0.993262767791748,0.9605461359024048
YFL035C,YGR129W,0,0.30259103,0.09734930843114853,0.993262767791748,0.9606465101242065
YJR088C,YDR261W-A,0,0.30233842,0.09734012186527252,0.993262767791748,0.9607468843460083
YGR161W-A,YOL049W,0,0.30228794,0.09733094274997711,0.993262767791748,0.9608473181724548
YHR047C,YLR064W,0,0.3022089,0.0973217636346817,0.993262767791748,0.9609476923942566
YDR524C-B,YJL196C,0,0.3021015,0.09731259196996689,0.993262767791748,0.9610480666160583
YDR034C-D,YKL192C,0,0.30205005,0.09730341285467148,0.993262767791748,0.9611485004425049
YNL232W,YER137C,0,0.301246,0.09729424118995667,0.993262767791748,0.9612488746643066
YOR142W-A,YDR498C,0,0.30123046,0.09728506952524185,0.993262767791748,0.9613492488861084
YLR004C,YGR109W-A,0,0.30104893,0.09727589786052704,0.993262767791748,0.9614496827125549
YBR235W,YKL222C,0,0.30095962,0.09726672619581223,0.993262767791748,0.9615500569343567
YNL024C-A,YJR007W,0,0.30066806,0.09725756198167801,0.993262767791748,0.9616504311561584
YLL023C,YPL257W-B,0,0.30046365,0.09724839776754379,0.993262767791748,0.9617508053779602
YLR154W-A,YKL141W,0,0.30023196,0.09723923355340958,0.993262767791748,0.9618512392044067
YDR303C,YIL049W,0,0.29983693,0.09723007678985596,0.993262767791748,0.9619516134262085
YGR161C-C,YBR081C,0,0.2998347,0.09722091257572174,0.993262767791748,0.9620519876480103
YFL002W-B,YCR030C,0,0.29970247,0.09721175581216812,0.993262767791748,0.9621524214744568
YPR097W,YLL061W,0,0.2996454,0.0972025990486145,0.993262767791748,0.9622527956962585
YPR113W,YLR410W-B,0,0.29953578,0.09719344228506088,0.993262767791748,0.9623531699180603
YOR017W,YGR038C-A,0,0.2993736,0.09718429297208786,0.993262767791748,0.9624535441398621
YFR031C-A,YLR157C-B,0,0.2989536,0.09717514365911484,0.993262767791748,0.9625539779663086
YGL243W,YPR158W-B,0,0.29894373,0.09716599434614182,0.993262767791748,0.9626543521881104
YHR024C,YDR210C-D,0,0.298879,0.09715684503316879,0.993262767791748,0.9627547264099121
YLR190W,YMR241W,0,0.2986191,0.09714769572019577,0.993262767791748,0.9628551602363586
YJR101W,YLR410W-A,0,0.29838166,0.09713855385780334,0.993262767791748,0.9629555344581604
YNL199C,YLR460C,0,0.29827467,0.09712941199541092,0.993262767791748,0.9630559086799622
YBL008W-A,YHR168W,0,0.29798716,0.0971202701330185,0.993262767791748,0.9631562829017639
YLR410W-A,YGL254W,0,0.29792377,0.09711113572120667,0.993262767791748,0.9632567167282104
YCL003W,YML051W,0,0.2975113,0.09710199385881424,0.993262767791748,0.9633570909500122
YBL029C-A,YKL172W,0,0.29748946,0.09709285944700241,0.993262767791748,0.963457465171814
YDR034C-D,YLR233C,0,0.29686847,0.09708372503519058,0.993262767791748,0.9635578989982605
YIL066C,YLR227W-B,0,0.29659918,0.09707459062337875,0.993262767791748,0.9636582732200623
YDR148C,YER137C-A,0,0.29657423,0.09706546366214752,0.993262767791748,0.963758647441864
YDL194W,YCL057W,0,0.2965549,0.09705633670091629,0.993262767791748,0.9638590216636658
YDL081C,YGR109W-B,0,0.29651988,0.09704720973968506,0.993262767791748,0.9639594554901123
YGR161W-A,YOR372C,0,0.29643145,0.09703808277845383,0.993262767791748,0.9640598297119141
YDR261C-D,YHR156C,0,0.29609156,0.0970289558172226,0.993262767791748,0.9641602039337158
YDR210C-C,YBR200W,0,0.2960043,0.09701983630657196,0.993262767791748,0.9642606377601624
YPR097W,YOL124C,0,0.2959817,0.09701071679592133,0.993262767791748,0.9643610119819641
YLR277C,YPL257W-B,0,0.29592463,0.09700159728527069,0.993262767791748,0.9644613862037659
YHR020W,YML071C,0,0.29592234,0.09699247777462006,0.993262767791748,0.9645618200302124
YLR410W-A,YCL036W,0,0.29580894,0.09698336571455002,0.993262767791748,0.9646621942520142
YLR275W,YLR410W-B,0,0.29575425,0.09697425365447998,0.993262767791748,0.9647625684738159
YLR251W,YDR316W-B,0,0.29570436,0.09696514159440994,0.993262767791748,0.9648629426956177
YLR154W-A,YDR405W,0,0.29545876,0.0969560295343399,0.993262767791748,0.9649633765220642
YHR121W,YFL011W-A,0,0.29535356,0.09694692492485046,0.993262767791748,0.965063750743866
YLR143W,YEL037C,0,0.2951653,0.09693782031536102,0.993262767791748,0.9651641249656677
YOR142W-B,YDR460W,0,0.29511946,0.09692871570587158,0.993262767791748,0.9652645587921143
YDR261C-D,YDR284C,0,0.29502138,0.09691961109638214,0.993262767791748,0.965364933013916
YLR157C-A,YGR144W,0,0.29492694,0.0969105064868927,0.993262767791748,0.9654653072357178
YNL054W-A,YGL051W,0,0.29484242,0.09690140932798386,0.993262767791748,0.9655656814575195
YNL054W-A,YER038C,0,0.29439738,0.09689231216907501,0.993262767791748,0.9656661152839661
YNL236W,YDR210C-C,0,0.2937876,0.09688321501016617,0.993262767791748,0.9657664895057678
YIL031W,YML045W-A,0,0.29370964,0.09687411785125732,0.993262767791748,0.9658668637275696
YGR161W-A,YOR304W,0,0.29350573,0.09686502814292908,0.993262767791748,0.9659672975540161
YEL042W,YDR365W-B,0,0.2931855,0.09685593843460083,0.993262767791748,0.9660676717758179
YIL009W,YGR038C-B,0,0.29311693,0.09684684872627258,0.993262767791748,0.9661680459976196
YNL024C-A,YGL246C,0,0.29300988,0.09683775901794434,0.993262767791748,0.9662684202194214
YIR022W,YNL284C-B,0,0.2930029,0.09682867676019669,0.993262767791748,0.9663688540458679
YHR058C,YOR198C,0,0.29230967,0.09681958705186844,0.993262767791748,0.9664692282676697
YAL061W,YGR161C-D,0,0.29223824,0.09681050479412079,0.993262767791748,0.9665696024894714
YGL093W,YER137C-A,0,0.2913965,0.09680142253637314,0.993262767791748,0.966670036315918
YPR158C-C,YBR130C,0,0.29115587,0.09679234772920609,0.993262767791748,0.9667704105377197
YLR150W,YDR261W-A,0,0.2910437,0.09678327292203903,0.993262767791748,0.9668707847595215
YER119C,YDR210C-C,0,0.29097188,0.09677419066429138,0.993262767791748,0.9669711589813232
YNR055C,YGL160W,1,0.29088452,0.09685888141393661,0.9942252039909363,0.9669711589813232
YGR161C-C,YNL133C,0,0.2908076,0.09684980660676956,0.9942252039909363,0.9670715928077698
YER074W,YGR161W-B,0,0.29068798,0.09684072434902191,0.9942252039909363,0.9671719670295715
YMR044W,YJL133C-A,0,0.29062295,0.09683164954185486,0.9942252039909363,0.9672723412513733
YOR274W,YBR111W-A,0,0.29019916,0.09682256728410721,0.9942252039909363,0.9673727750778198
YPR158W-B,YGL094C,0,0.29018086,0.09681349247694016,0.9942252039909363,0.9674731492996216
YMR295C,YKR028W,0,0.2900509,0.0968044251203537,0.9942252039909363,0.9675735235214233
YNL054W-A,YLR033W,0,0.2899292,0.09679535031318665,0.9942252039909363,0.9676739573478699
YJL066C,YLR154W-A,0,0.28968382,0.09678628295660019,0.9942252039909363,0.9677743315696716
YMR172W,YBL101W-B,0,0.2895127,0.09677721560001373,0.9942252039909363,0.9678747057914734
YLR410W-B,YFR046C,0,0.2894435,0.09676814824342728,0.9942252039909363,0.9679750800132751
YDL213C,YLR157C-A,0,0.28931674,0.09675908833742142,0.9942252039909363,0.9680755138397217
YBR290W,YPR158W-A,0,0.2888373,0.09675002098083496,0.9942252039909363,0.9681758880615234
YBL008W-A,YGR065C,0,0.28873882,0.0967409610748291,0.9942252039909363,0.9682762622833252
YIL062C,YLR410W-B,0,0.2887293,0.09673190116882324,0.9942252039909363,0.9683766961097717
YER137C-A,YOR393W,0,0.2886579,0.09672284871339798,0.9942252039909363,0.9684770703315735
YHR079C-B,YBR139W,0,0.28850824,0.09671378880739212,0.9942252039909363,0.9685774445533752
YMR226C,YOR343W-B,0,0.288352,0.09670473635196686,0.9942252039909363,0.968677818775177
YDR058C,YOR343W-B,0,0.28830463,0.0966956838965416,0.9942252039909363,0.9687782526016235
YLR013W,YBL101W-B,0,0.2882357,0.09668663144111633,0.9942252039909363,0.9688786268234253
YEL041W,YDR205W,0,0.2882253,0.09667758643627167,0.9942252039909363,0.968979001045227
YOR065W,YHL016C,1,0.28819606,0.09676212072372437,0.9951876997947693,0.968979001045227
YDR210W-A,YNL072W,0,0.28819224,0.0967530608177185,0.9951876997947693,0.9690794348716736
YOL070C,YNL284C-B,0,0.28818548,0.09674400836229324,0.9951876997947693,0.9691798090934753
YBL045C,YGL210W-A,0,0.2881637,0.09673496335744858,0.9951876997947693,0.9692801833152771
YLR410W-A,YPL093W,0,0.28814816,0.09672591090202332,0.9951876997947693,0.9693805575370789
YDR545W,YPR033C,0,0.2881047,0.09671686589717865,0.9951876997947693,0.9694809913635254
YOL103W-B,YHR141C,0,0.288051,0.09670782089233398,0.9951876997947693,0.9695813655853271
YML045W-A,YDR160W,0,0.28753436,0.09669877588748932,0.9951876997947693,0.9696817398071289
YGR216C,YNL312W,0,0.28749448,0.09668973088264465,0.9951876997947693,0.9697821736335754
YDR210W-A,YPL146C,0,0.28729945,0.09668069332838058,0.9951876997947693,0.9698825478553772
YDR261C-D,YNL230C,0,0.2868848,0.09667165577411652,0.9951876997947693,0.969982922077179
YLR154W-A,YBR139W,0,0.28675908,0.09666261821985245,0.9951876997947693,0.9700832962989807
YDR262W,YDR261C-D,0,0.28647432,0.09665358066558838,0.9951876997947693,0.9701837301254272
YCL060C,YGR271C-A,0,0.28629735,0.09664454311132431,0.9951876997947693,0.970284104347229
YAL016W,YDR261W-A,0,0.28627992,0.09663551300764084,0.9951876997947693,0.9703844785690308
YNL054W-A,YIR007W,0,0.28603953,0.09662648290395737,0.9951876997947693,0.9704849123954773
YMR160W,YLR157C-A,0,0.28591287,0.0966174528002739,0.9951876997947693,0.970585286617279
YER162C,YDR485C,0,0.28567353,0.09660843014717102,0.9951876997947693,0.9706856608390808
YDR316W-B,YOL096C,0,0.28551313,0.09659940004348755,0.9951876997947693,0.9707860946655273
YBL101W-B,YER146W,0,0.28551275,0.09659037739038467,0.9951876997947693,0.9708864688873291
YDR210W-A,YDR243C,0,0.28550047,0.0965813547372818,0.9951876997947693,0.9709868431091309
YBR044C,YDR261W-A,0,0.2851258,0.09657233953475952,0.9951876997947693,0.9710872173309326
YLR227W-A,YDR439W,0,0.2848606,0.09656331688165665,0.9951876997947693,0.9711876511573792
YOR136W,YGR161C-C,0,0.28477928,0.09655430167913437,0.9951876997947693,0.9712880253791809
YDR460W,YNL284C-B,0,0.2844053,0.09654528647661209,0.9951876997947693,0.9713883996009827
YDR210W-A,YDL243C,0,0.2843055,0.09653627127408981,0.9951876997947693,0.9714888334274292
YFL002W-B,YJR153W,0,0.28417745,0.09652725607156754,0.9951876997947693,0.971589207649231
YGL151W,YOR343W-B,0,0.28398797,0.09651824831962585,0.9951876997947693,0.9716895818710327
YPR133C,YKR024C,0,0.28391543,0.09650924056768417,0.9951876997947693,0.9717899560928345
YJL066C,YJL113W,0,0.28319803,0.09650023281574249,0.9951876997947693,0.971890389919281
YKL040C,YKR098C,0,0.28310353,0.09649122506380081,0.9951876997947693,0.9719907641410828
YGR157W,YLR451W,0,0.2829982,0.09648222476243973,0.9951876997947693,0.9720911383628845
YLL029W,YBL008W-A,0,0.28299344,0.09647322446107864,0.9951876997947693,0.972191572189331
YDR381C-A,YIL083C,0,0.2827657,0.09646422415971756,0.9951876997947693,0.9722919464111328
YLR391W,YLL016W,0,0.2826093,0.09645522385835648,0.9951876997947693,0.9723923206329346
YPR137C-A,YBR195C,0,0.28248107,0.09644622355699539,0.9951876997947693,0.9724926948547363
YER002W,YBL101W-B,0,0.2823848,0.0964372307062149,0.9951876997947693,0.9725931286811829
YDR098C-A,YGR038W,0,0.2821994,0.09642823785543442,0.9951876997947693,0.9726935029029846
YGL105W,YGR109W-A,0,0.28212866,0.09641924500465393,0.9951876997947693,0.9727938771247864
YJL029C,YGR031C-A,0,0.28204092,0.09641025960445404,0.9951876997947693,0.9728943109512329
YCR080W,YDR522C,0,0.28150177,0.09640126675367355,0.9951876997947693,0.9729946851730347
YOL144W,YGR161C-D,0,0.28119266,0.09639228135347366,0.9951876997947693,0.9730950593948364
YKL165C,YLR157C-A,0,0.28118944,0.09638329595327377,0.9951876997947693,0.9731954336166382
YJL079C,YPR158W-A,0,0.28074884,0.09637431055307388,0.9951876997947693,0.9732958674430847
YEL006W,YMR009W,0,0.28014615,0.09636533260345459,0.9951876997947693,0.9733962416648865
YGR161C-C,YGL122C,0,0.2798374,0.0963563472032547,0.9951876997947693,0.9734966158866882
YBL113C,YBR111W-A,0,0.27961618,0.0963473692536354,0.9951876997947693,0.9735970497131348
YPL217C,YGR031C-A,0,0.27961612,0.09633839875459671,0.9951876997947693,0.9736974239349365
YLR460C,YGR083C,0,0.27955556,0.09632942080497742,0.9951876997947693,0.9737977981567383
YPR137C-A,YGR030C,0,0.27940518,0.09632045030593872,0.9951876997947693,0.9738982319831848
YDR210W-A,YDR496C,0,0.27896443,0.09631147235631943,0.9951876997947693,0.9739986062049866
YBL101W-B,YHR194W,0,0.27869117,0.09630250185728073,0.9951876997947693,0.9740989804267883
YOR343W-B,YDR405W,0,0.27862838,0.09629353880882263,0.9951876997947693,0.9741993546485901
YDR210C-C,YLR216C,0,0.2785949,0.09628456830978394,0.9951876997947693,0.9742997884750366
YDR524C-B,YHR176W,0,0.27812448,0.09627560526132584,0.9951876997947693,0.9744001626968384
YLR278C,YFL038C,0,0.2778406,0.09626664221286774,0.9951876997947693,0.9745005369186401
YLR154W-A,YPR191W,0,0.27771944,0.09625767916440964,0.9951876997947693,0.9746009707450867
YLR219W,YMR244C-A,0,0.27739495,0.09624872356653214,0.9951876997947693,0.9747013449668884
YNL054W-A,YGR152C,0,0.2771678,0.09623976051807404,0.9951876997947693,0.9748017191886902
YAR066W,YNL284C-B,0,0.2771371,0.09623080492019653,0.9951876997947693,0.9749020934104919
YCL005W-A,YOR390W,1,0.27701664,0.09631490707397461,0.9961501359939575,0.9749020934104919
YLR154W-A,YMR068W,0,0.27701324,0.09630594402551651,0.9961501359939575,0.9750025272369385
YLR154W-A,YKL041W,0,0.27695543,0.09629698842763901,0.9961501359939575,0.9751029014587402
YDL148C,YBL101W-B,0,0.27678442,0.09628802537918091,0.9961501359939575,0.975203275680542
YOL103W-B,YBR204C,0,0.27671313,0.0962790697813034,0.9961501359939575,0.9753037095069885
YDR261C-D,YGR221C,0,0.2766365,0.0962701141834259,0.9961501359939575,0.9754040837287903
YDR098C-A,YKL058W,0,0.2764035,0.0962611585855484,0.9961501359939575,0.975504457950592
YER039C,YHL009W-A,0,0.27632055,0.0962522104382515,0.9961501359939575,0.9756048321723938
YLR410W-A,YKL210W,0,0.2761628,0.09624325484037399,0.9961501359939575,0.9757052659988403
YLR093C,YGR161C-D,0,0.2757122,0.09623430669307709,0.9961501359939575,0.9758056402206421
YML075C,YGR109W-B,0,0.27557126,0.09622536599636078,0.9961501359939575,0.9759060144424438
YGL076C,YLR227W-B,0,0.2755599,0.09621641784906387,0.9961501359939575,0.9760064482688904
YGR161W-B,YGL116W,0,0.27544475,0.09620747715234756,0.9961501359939575,0.9761068224906921
YCR058C,YMR055C,0,0.27541953,0.09619852900505066,0.9961501359939575,0.9762071967124939
YHR169W,YLR154W-A,0,0.27536356,0.09618958830833435,0.9961501359939575,0.9763075709342957
YBR043C,YOL103W-A,0,0.27526695,0.09618065506219864,0.9961501359939575,0.9764080047607422
YPL056C,YGR038C-A,0,0.27522492,0.09617171436548233,0.9961501359939575,0.976508378982544
YCL016C,YML081W,0,0.27493715,0.09616278111934662,0.9961501359939575,0.9766087532043457
YPL060C-A,YBR135W,0,0.2747842,0.09615384787321091,0.9961501359939575,0.9767091870307922
YLR362W,YGR266W,0,0.27428022,0.0961449146270752,0.9961501359939575,0.976809561252594
YBL008W-A,YJL100W,0,0.27390224,0.09613598138093948,0.9961501359939575,0.9769099354743958
YLR017W,YGR161W-B,0,0.27387068,0.09612705558538437,0.9961501359939575,0.9770103693008423
YFL050C,YBR200W-A,0,0.27371165,0.09611812978982925,0.9961501359939575,0.977110743522644
YKR099C-A,YLR157C-B,0,0.27361092,0.09610920399427414,0.9961501359939575,0.9772111177444458
YLR225C,YMR268W-A,0,0.27361092,0.09610027819871902,0.9961501359939575,0.9773114919662476
YLR141W,YDR210W-C,0,0.27361092,0.0960913598537445,0.9961501359939575,0.9774119257926941
YNR063W,YLR391W-A,0,0.27361092,0.09608243405818939,0.9961501359939575,0.9775123000144958
YIL087C,YDR210W-D,0,0.27361092,0.09607351571321487,0.9961501359939575,0.9776126742362976
YHL028W,YDR210W-C,0,0.27361092,0.09606459736824036,0.9961501359939575,0.9777131080627441
YOR343C-B,YEL024W,0,0.27361092,0.09605568647384644,0.9961501359939575,0.9778134822845459
YPR159W,YOR343C-B,0,0.27361092,0.09604676812887192,0.9961501359939575,0.9779138565063477
YDL121C,YFL011W-A,0,0.27361092,0.096037857234478,0.9961501359939575,0.9780142307281494
YMR134W,YMR268W-A,0,0.27361092,0.09602894634008408,0.9961501359939575,0.978114664554596
YFL035C-B,YLR297W,0,0.27361092,0.09602003544569016,0.9961501359939575,0.9782150387763977
YOR343C-B,YPL168W,0,0.27361092,0.09601113200187683,0.9961501359939575,0.9783154129981995
YGR260W,YDR210W-C,0,0.27361092,0.09600222855806351,0.9961501359939575,0.978415846824646
YJL172W,YDR210W-D,0,0.27361092,0.09599332511425018,0.9961501359939575,0.9785162210464478
YOR343C-B,YLR249W,0,0.27361092,0.09598442167043686,0.9961501359939575,0.9786165952682495
YOL052C,YDR210W-C,0,0.27361092,0.09597551822662354,0.9961501359939575,0.9787169694900513
YOR343C-A,YMR097C,0,0.27361092,0.09596662223339081,0.9961501359939575,0.9788174033164978
YJR152W,YDR210W-C,0,0.27361092,0.09595772624015808,0.9961501359939575,0.9789177775382996
YOR343C-A,YPR185W,0,0.27361092,0.09594883024692535,0.9961501359939575,0.9790181517601013
YOR343C-B,YKL192C,0,0.27361092,0.09593993425369263,0.9961501359939575,0.9791185855865479
YFL035C-A,YKR045C,0,0.27361092,0.0959310382604599,0.9961501359939575,0.9792189598083496
YDR518W,YOR343C-A,0,0.27361092,0.09592214971780777,0.9961501359939575,0.9793193340301514
YOL053C-A,YLR194C,0,0.27361092,0.09591326117515564,0.9961501359939575,0.9794197082519531
YOR343C-B,YKL130C,0,0.27361092,0.09590437263250351,0.9961501359939575,0.9795201420783997
YOR343C-A,YER033C,0,0.27361092,0.09589549154043198,0.9961501359939575,0.9796205163002014
YOR343C-A,YOL142W,0,0.27361092,0.09588660299777985,0.9961501359939575,0.9797208905220032
YCR087C-A,YCL003W,0,0.27361092,0.09587772190570831,0.9961501359939575,0.9798213243484497
YOR343C-B,YLR164W,0,0.27361092,0.09586884081363678,0.9961501359939575,0.9799216985702515
YFR036W,YDR210W-C,0,0.27361092,0.09585995972156525,0.9961501359939575,0.9800220727920532
YOR343C-B,YJL178C,0,0.27361092,0.09585108608007431,0.9961501359939575,0.9801225066184998
YOR343C-B,YJR150C,0,0.27361092,0.09584220498800278,0.9961501359939575,0.9802228808403015
YOR343C-A,YMR323W,0,0.27361092,0.09583333134651184,0.9961501359939575,0.9803232550621033
YKL119C,YBL008W-A,0,0.27339768,0.0958244577050209,0.9961501359939575,0.980423629283905
YDR439W,YOL078W,0,0.27333006,0.09581559151411057,0.9961501359939575,0.9805240631103516
YNL208W,YLR256W-A,0,0.27305773,0.09580671787261963,0.9961501359939575,0.9806244373321533
YLR025W,YNR048W,0,0.27296874,0.09579785168170929,0.9961501359939575,0.9807248115539551
YDL165W,YKR095W-A,0,0.27275914,0.09578898549079895,0.9961501359939575,0.9808252453804016
YLR166C,YLL014W,0,0.27269617,0.09578011929988861,0.9961501359939575,0.9809256196022034
YKR083C,YDR365W-B,0,0.27262965,0.09577126055955887,0.9961501359939575,0.9810259938240051
YER137C-A,YNR023W,0,0.27252632,0.09576240181922913,0.9961501359939575,0.9811263680458069
YJL042W,YLL012W,0,0.2721984,0.09575353562831879,0.9961501359939575,0.9812268018722534
YGL212W,YGR031C-A,0,0.27200598,0.09574468433856964,0.9961501359939575,0.9813271760940552
YFL035C-A,YGR004W,0,0.27167276,0.0957358255982399,0.9961501359939575,0.9814275503158569
YDR346C,YGR038C-A,0,0.27157736,0.09572696685791016,0.9961501359939575,0.9815279841423035
YHR142W,YPL257W-B,0,0.2715214,0.09571811556816101,0.9961501359939575,0.9816283583641052
YCR070W,YNL247W,0,0.27148306,0.09570926427841187,0.9961501359939575,0.981728732585907
YGR038C-B,YPR200C,0,0.27135623,0.09570041298866272,0.9961501359939575,0.9818291068077087
YJL058C,YDR098C-B,0,0.27130836,0.09569156914949417,0.9961501359939575,0.9819295406341553
YDR524C-B,YPL203W,0,0.2712599,0.09568272531032562,0.9961501359939575,0.982029914855957
YOR367W,YBR038W,0,0.27119383,0.09567387402057648,0.9961501359939575,0.9821302890777588
YCL057W,YGR109W-A,0,0.27100748,0.09566503018140793,0.9961501359939575,0.9822307229042053
YDR210W-A,YML058W-A,0,0.27093777,0.09565619379281998,0.9961501359939575,0.9823310971260071
YOR343W-B,YNR073C,0,0.27074507,0.09564734995365143,0.9961501359939575,0.9824314713478088
YLR227W-B,YEL071W,0,0.27053887,0.09563851356506348,0.9961501359939575,0.9825318455696106
YAL015C,YBL101W-B,0,0.27044186,0.09562967717647552,0.9961501359939575,0.9826322793960571
YJR070C,YDR261W-A,0,0.27010375,0.09562084078788757,0.9961501359939575,0.9827326536178589
YOR142W-A,YAR035W,0,0.27000266,0.09561201184988022,0.9961501359939575,0.9828330278396606
YCR097WB,YPR185W,0,0.2699061,0.09560317546129227,0.9961501359939575,0.9829334616661072
YBL101W-B,YJL116C,0,0.2697294,0.09559434652328491,0.9961501359939575,0.9830338358879089
YCR058C,YPR174C,0,0.2697161,0.09558551758527756,0.9961501359939575,0.9831342101097107
YLR391W,YGR125W,0,0.26958928,0.0955766886472702,0.9961501359939575,0.9832346439361572
YCL003W,YGR067C,0,0.26943284,0.09556786715984344,0.9961501359939575,0.983335018157959
YCR070W,YDR210W,0,0.2693808,0.09555904567241669,0.9961501359939575,0.9834353923797607
YIL080W,YBR026C,0,0.26880282,0.09555022418498993,0.9961501359939575,0.9835357666015625
YDL126C,YDR261W-A,0,0.26859048,0.09554140269756317,0.9961501359939575,0.983636200428009
YDR267C,YDR261C-C,0,0.2685587,0.09553258121013641,0.9961501359939575,0.9837365746498108
YNL208W,YNL139C,0,0.26850697,0.09552376717329025,0.9961501359939575,0.9838369488716125
YGR038C-A,YMR059W,0,0.26830456,0.09551495313644409,0.9961501359939575,0.9839373826980591
YGR161C-C,YOR266W,0,0.26791352,0.09550613909959793,0.9961501359939575,0.9840377569198608
YPL257W-B,YHR079C,0,0.26782945,0.09549732506275177,0.9961501359939575,0.9841381311416626
YLR154W-C,YJR034W,0,0.26778492,0.09548851102590561,0.9961501359939575,0.9842385053634644
YGR109W-A,YJL197W,0,0.26756114,0.09547970443964005,0.9961501359939575,0.9843389391899109
YCR002C,YGL181W,0,0.2674536,0.09547089785337448,0.9961501359939575,0.9844393134117126
YDR210W-A,YDR545W,0,0.2670159,0.09546209126710892,0.9961501359939575,0.9845396876335144
YKR100C,YFR045W,0,0.26697153,0.09545328468084335,0.9961501359939575,0.9846401214599609
YDR098C-A,YKR054C,0,0.26695508,0.09544448554515839,0.9961501359939575,0.9847404956817627
YPL076W,YLL066C,0,0.2668501,0.09543568640947342,0.9961501359939575,0.9848408699035645
YDR098C-B,YML111W,0,0.26664394,0.09542688727378845,0.9961501359939575,0.9849412441253662
YDR348C,YLL018C,0,0.26638016,0.09541808813810349,0.9961501359939575,0.9850416779518127
YNL054W-A,YLL055W,0,0.26618138,0.09540928900241852,0.9961501359939575,0.9851420521736145
YDR261W-A,YJR035W,0,0.26601925,0.09540049731731415,0.9961501359939575,0.9852424263954163
YDR210W-A,YMR133W,0,0.2658003,0.09539170563220978,0.9961501359939575,0.9853428602218628
YCL005W-A,YJR158W,1,0.26550466,0.09547507017850876,0.9971126317977905,0.9853428602218628
YGR161W-A,YDR217C,0,0.26507983,0.09546627104282379,0.9971126317977905,0.9854432344436646
YDR306C,YGR031C-A,0,0.2649726,0.09545747935771942,0.9971126317977905,0.9855436086654663
YGR161W-A,YJR132W,0,0.26483846,0.09544868022203445,0.9971126317977905,0.9856439828872681
YIL082W-A,YGL256W,0,0.26474208,0.09543988853693008,0.9971126317977905,0.9857444167137146
YKR083C,YBR111W-A,0,0.2645232,0.09543109685182571,0.9971126317977905,0.9858447909355164
YNL024C-A,YPL024W,0,0.264261,0.09542230516672134,0.9971126317977905,0.9859451651573181
YOR117W,YLR157C-B,0,0.26396155,0.09541352093219757,0.9971126317977905,0.9860455989837646
YCR089W,YGR038C-B,0,0.26337522,0.0954047366976738,0.9971126317977905,0.9861459732055664
YKR025W,YGR161W-B,0,0.26306218,0.09539594501256943,0.9971126317977905,0.9862463474273682
YLR157C-A,YHR062C,0,0.26305282,0.09538716822862625,0.9971126317977905,0.9863467812538147
YLR157C-A,YKL160W,0,0.26285487,0.09537838399410248,0.9971126317977905,0.9864471554756165
YIR032C,YGR031C-A,0,0.26268026,0.0953695997595787,0.9971126317977905,0.9865475296974182
YGR280C,YHL009W-A,0,0.26267564,0.09536082297563553,0.9971126317977905,0.98664790391922
YPL093W,YKL073W,0,0.26260668,0.09535204619169235,0.9971126317977905,0.9867483377456665
YJR019C,YDR014W-A,0,0.262555,0.09534326940774918,0.9971126317977905,0.9868487119674683
YKR099C-A,YMR214W,0,0.2625528,0.0953345000743866,0.9971126317977905,0.98694908618927
YNL327W,YDR381C-A,0,0.2618858,0.09532572329044342,0.9971126317977905,0.9870495200157166
YHL009W-A,YLR194C,0,0.26184392,0.09531695395708084,0.9971126317977905,0.9871498942375183
YDR210W-A,YOR110W,0,0.2615519,0.09530818462371826,0.9971126317977905,0.9872502684593201
YDR034C-D,YDR325W,0,0.26114878,0.09529942274093628,0.9971126317977905,0.9873506426811218
YNL284C-A,YGR165W,0,0.2610507,0.0952906534075737,0.9971126317977905,0.9874510765075684
YDR098C-B,YOR304W,0,0.26084876,0.09528189152479172,0.9971126317977905,0.9875514507293701
YDR194C,YPR137C-A,0,0.2603361,0.09527312964200974,0.9971126317977905,0.9876518249511719
YKL071W,YDR261C-C,0,0.26021984,0.09526436775922775,0.9971126317977905,0.9877522587776184
YGL181W,YOR304W,0,0.2602013,0.09525560587644577,0.9971126317977905,0.9878526329994202
YOL026C,YFL011W-A,0,0.26019713,0.09524685144424438,0.9971126317977905,0.9879530072212219
YGR109W-A,YDR081C,0,0.2601893,0.095238097012043,0.9971126317977905,0.9880533814430237
YPL045W,YBR120C,0,0.26008013,0.09522934257984161,0.9971126317977905,0.9881538152694702
YDL070W,YIL067C,0,0.2598292,0.09522058814764023,0.9971126317977905,0.988254189491272
YPL113C,YKL163W,0,0.2590429,0.09521183371543884,0.9971126317977905,0.9883545637130737
YGR161W-B,YMR234W,0,0.2590074,0.09520308673381805,0.9971126317977905,0.9884549975395203
YHR057C,YPR158W-B,0,0.25889948,0.09519433975219727,0.9971126317977905,0.988555371761322
YLR154W-C,YGR120C,0,0.25856465,0.09518559277057648,0.9971126317977905,0.9886557459831238
YLR460C,YDR381C-A,0,0.25825083,0.09517684578895569,0.9971126317977905,0.9887561202049255
YLR154W-C,YGR271C-A,0,0.25777456,0.0951681062579155,0.9971126317977905,0.9888565540313721
YOR142W-A,YJR017C,0,0.25774765,0.0951593667268753,0.9971126317977905,0.9889569282531738
YPR158W-A,YKL001C,0,0.25766253,0.09515062719583511,0.9971126317977905,0.9890573024749756
YBR119W,YGR109W-A,0,0.2573048,0.09514188766479492,0.9971126317977905,0.9891577363014221
YHL009W-A,YPR171W,0,0.2566597,0.09513314813375473,0.9971126317977905,0.9892581105232239
YDR034C-D,YDR206W,0,0.2564642,0.09512441605329514,0.9971126317977905,0.9893584847450256
YLR410W-B,YOL115W,0,0.25644135,0.09511568397283554,0.9971126317977905,0.9894589185714722
YPL244C,YGR161C-C,0,0.25598508,0.09510695189237595,0.9971126317977905,0.9895592927932739
YLR227W-B,YJL154C,0,0.25596988,0.09509821981191635,0.9971126317977905,0.9896596670150757
YGR161W-A,YGR212W,0,0.2558743,0.09508948773145676,0.9971126317977905,0.9897600412368774
YHL009W-A,YOR059C,0,0.2558561,0.09508076310157776,0.9971126317977905,0.989860475063324
YPL215W,YLR256W-A,0,0.25583553,0.09507203847169876,0.9971126317977905,0.9899608492851257
YHR110W,YGL126W,0,0.25575793,0.09506331384181976,0.9971126317977905,0.9900612235069275
YJR014W,YDR210W-A,0,0.2555806,0.09505458921194077,0.9971126317977905,0.990161657333374
YFL002W-B,YNL286W,0,0.25514796,0.09504587203264236,0.9971126317977905,0.9902620315551758
YIL121W,YLR157C-A,0,0.25510222,0.09503715485334396,0.9971126317977905,0.9903624057769775
YIR035C,YBL008W-A,0,0.2550568,0.09502843767404556,0.9971126317977905,0.9904627799987793
YLR151C,YIL017W,0,0.25477844,0.09501972049474716,0.9971126317977905,0.9905632138252258
YHR079C-B,YNL032W,0,0.25453228,0.09501100331544876,0.9971126317977905,0.9906635880470276
YGR109W-B,YLR095C,0,0.25443915,0.09500229358673096,0.9971126317977905,0.9907639622688293
YKR010C,YDL134C-A,0,0.25428742,0.09499358385801315,0.9971126317977905,0.9908643960952759
YDL012C,YKR086W,0,0.25418943,0.09498487412929535,0.9971126317977905,0.9909647703170776
YOR298C-A,YDR014W-A,0,0.25381565,0.09497616440057755,0.9971126317977905,0.9910651445388794
YJL133C-A,YGR289C,0,0.25379282,0.09496745467185974,0.9971126317977905,0.9911655187606812
YOL052C,YLR157C-A,0,0.2537619,0.09495875239372253,0.9971126317977905,0.9912659525871277
YCR089W,YOR380W,0,0.25350076,0.09495005011558533,0.9971126317977905,0.9913663268089294
YER093C,YGR161W-B,0,0.25323427,0.09494134783744812,0.9971126317977905,0.9914667010307312
YKL060C,YGR038C-A,0,0.25218183,0.09493264555931091,0.9971126317977905,0.9915671348571777
YLR256W-A,YER011W,0,0.25212437,0.0949239507317543,0.9971126317977905,0.9916675090789795
YKL210W,YML045W-A,0,0.25193974,0.09491525590419769,0.9971126317977905,0.9917678833007812
YGR208W,YML045W-A,0,0.2517764,0.09490656107664108,0.9971126317977905,0.991868257522583
YMR309C,YFL048C,0,0.25162256,0.09489786624908447,0.9971126317977905,0.9919686913490295
YDR308C,YDR524C-B,0,0.25101942,0.09488917142152786,0.9971126317977905,0.9920690655708313
YOR142W-A,YER011W,0,0.25098687,0.09488048404455185,0.9971126317977905,0.9921694397926331
YLR154W-C,YER071C,0,0.2505206,0.09487179666757584,0.9971126317977905,0.9922698736190796
YML004C,YGL210W-A,0,0.25043344,0.09486310929059982,0.9971126317977905,0.9923702478408813
YOR383C,YPR137C-A,0,0.25012276,0.09485442191362381,0.9971126317977905,0.9924706220626831
YPL161C,YGL002W,0,0.24917763,0.0948457419872284,0.9971126317977905,0.9925710558891296
YGR161W-A,YGR177C,0,0.24903604,0.09483705461025238,0.9971126317977905,0.9926714301109314
YOR142W-B,YDR210C-D,0,0.24864829,0.09482837468385696,0.9971126317977905,0.9927718043327332
YPR158W-A,YLR244C,0,0.24795139,0.09481969475746155,0.9971126317977905,0.9928721785545349
YIL018W,YOL115W,0,0.24790248,0.09481102228164673,0.9971126317977905,0.9929726123809814
YMR207C,YDR365W-B,0,0.24589863,0.09480234235525131,0.9971126317977905,0.9930729866027832
YFL002W-B,YBR085W,0,0.24579623,0.09479366987943649,0.9971126317977905,0.993173360824585
YCL062W,YJL085W,0,0.2452991,0.09478499740362167,0.9971126317977905,0.9932737946510315
YHR029C,YJL114W,0,0.24510053,0.09477632492780685,0.9971126317977905,0.9933741688728333
YOL086C,YGR027W-A,0,0.24507582,0.09476765245199203,0.9971126317977905,0.993474543094635
YPL273W,YML045W-A,0,0.24489531,0.09475898742675781,0.9971126317977905,0.9935749173164368
YLR143W,YDR084C,0,0.24462909,0.09475032240152359,0.9971126317977905,0.9936753511428833
YBR019C,YHL009W-A,0,0.24454783,0.09474165737628937,0.9971126317977905,0.9937757253646851
YNR071C,YIL117C,0,0.24445473,0.09473299235105515,0.9971126317977905,0.9938760995864868
YPR133C,YFL018W-A,0,0.244274,0.09472432732582092,0.9971126317977905,0.9939765334129333
YCL062W,YDL239C,0,0.24388236,0.0947156697511673,0.9971126317977905,0.9940769076347351
YOR142W-A,YAR042W,0,0.24354556,0.09470701217651367,0.9971126317977905,0.9941772818565369
YDR261C-C,YLR132C,0,0.24245013,0.09469835460186005,0.9971126317977905,0.9942776560783386
YDL070W,YPL175W,0,0.24229264,0.09468969702720642,0.9971126317977905,0.9943780899047852
YLR382C,YMR113W,0,0.24199533,0.09468104690313339,0.9971126317977905,0.9944784641265869
YHR034C,YPL257W-B,0,0.2415196,0.09467239677906036,0.9971126317977905,0.9945788383483887
YKL188C,YOR363C,0,0.24150753,0.09466373920440674,0.9971126317977905,0.9946792721748352
YGR161W-A,YIR018W,0,0.24128044,0.0946550965309143,0.9971126317977905,0.994779646396637
YJR063W,YLR157C-A,0,0.24005236,0.09464644640684128,0.9971126317977905,0.9948800206184387
YGL093W,YDR350C,0,0.2395496,0.09463780373334885,0.9971126317977905,0.9949803948402405
YDR113C,YGR038C-B,0,0.23914799,0.09462915360927582,0.9971126317977905,0.995080828666687
YLR227W-B,YLR117C,0,0.23769641,0.09462051093578339,0.9971126317977905,0.9951812028884888
YBR260C,YHL009W-A,0,0.23704398,0.09461187571287155,0.9971126317977905,0.9952815771102905
YPL223C,YDR014W-A,0,0.2367833,0.09460323303937912,0.9971126317977905,0.9953820109367371
YDR515W,YDR014W-A,0,0.23638068,0.09459459781646729,0.9971126317977905,0.9954823851585388
YIL056W,YAL028W,0,0.23534779,0.09458595514297485,0.9971126317977905,0.9955827593803406
YOL053C-A,YLR057W,0,0.23510066,0.09457731992006302,0.9971126317977905,0.9956831932067871
YDR163W,YPR004C,0,0.23504175,0.09456869214773178,0.9971126317977905,0.9957835674285889
YDR261C-D,YOR260W,0,0.2345753,0.09456005692481995,0.9971126317977905,0.9958839416503906
YCR088W,YDR210C-D,0,0.23423356,0.09455142915248871,0.9971126317977905,0.9959843158721924
YHR030C,YER108C,0,0.23314281,0.09454280138015747,0.9971126317977905,0.9960847496986389
YNL152W,YGR038C-B,0,0.23149496,0.09453417360782623,0.9971126317977905,0.9961851239204407
YIL035C,YEL053C,0,0.23130268,0.094525545835495,0.9971126317977905,0.9962854981422424
YMR113W,YBR037C,0,0.23095255,0.09451692551374435,0.9971126317977905,0.996385931968689
YNL111C,YBR111W-A,0,0.23031887,0.09450829774141312,0.9971126317977905,0.9964863061904907
YGL241W,YHL003C,0,0.22862175,0.09449967741966248,0.9971126317977905,0.9965866804122925
YLR145W,YJL034W,0,0.22712915,0.09449106454849243,0.9971126317977905,0.9966870546340942
YMR268W-A,YEL055C,0,0.22567165,0.09448244422674179,0.9971126317977905,0.9967874884605408
YJL213W,YIL117C,0,0.2250108,0.09447383135557175,0.9971126317977905,0.9968878626823425
YJR041C,YFL011W-A,0,0.22426294,0.0944652110338211,0.9971126317977905,0.9969882369041443
YMR034C,YBR215W,0,0.22160962,0.09445659816265106,0.9971126317977905,0.9970886707305908
YGR065C,YJR017C,0,0.21315488,0.09444799274206161,0.9971126317977905,0.9971890449523926
YGL231C,YHR165C,0,0.21274295,0.09443937987089157,0.9971126317977905,0.9972894191741943
YCL026C-A,YDR365C,0,0.21121529,0.09443077445030212,0.9971126317977905,0.9973897933959961
YBL084C,YGR038W,0,0.20872442,0.09442216902971268,0.9971126317977905,0.9974902272224426
YPR086W,YDL223C,0,0.20693657,0.09441356360912323,0.9971126317977905,0.9975906014442444
YER008C,YDR147W,0,0.20616649,0.09440495818853378,0.9971126317977905,0.9976909756660461
YNL291C,YDL120W,1,0.20523208,0.09448747336864471,0.9980750679969788,0.9976909756660461
YFL049W,YOR338W,0,0.20024243,0.09447886049747467,0.9980750679969788,0.9977914094924927
YDR508C,YBR235W,1,0.19986975,0.09456135332584381,0.9990375638008118,0.9977914094924927
YGR225W,YBR265W,0,0.1989086,0.09455274045467377,0.9990375638008118,0.9978917837142944
YLR301W,YFL035C-A,0,0.19823965,0.09454412758350372,0.9990375638008118,0.9979921579360962
YNL156C,YBR203W,0,0.19668719,0.09453552216291428,0.9990375638008118,0.998092532157898
YDR307W,YLR228C,0,0.19636613,0.09452690929174423,0.9990375638008118,0.9981929659843445
YER094C,YBL100W-B,0,0.19007367,0.09451830387115479,0.9990375638008118,0.9982933402061462
YBR102C,YDR369C,0,0.18909577,0.09450969845056534,0.9990375638008118,0.998393714427948
YLR423C,YLR347C,0,0.18826538,0.09450109302997589,0.9990375638008118,0.9984941482543945
YPL002C,YBL089W,1,0.18628505,0.09458352625370026,1.0,0.9984941482543945
YHR079C-B,YHR050W,0,0.18540876,0.09457491338253021,1.0,0.9985945224761963
YKR087C,YLR423C,0,0.17761435,0.09456630796194077,1.0,0.998694896697998
YMR262W,YNL029C,0,0.17098914,0.09455770254135132,1.0,0.9987953305244446
YHR123W,YNL122C,0,0.16950004,0.09454909712076187,1.0,0.9988957047462463
YDL155W,YGR067C,0,0.16326813,0.09454049170017242,1.0,0.9989960789680481
YLR052W,YGL246C,0,0.16317412,0.09453188627958298,1.0,0.9990964531898499
YHR079C-B,YPL163C,0,0.16140127,0.09452328830957413,1.0,0.9991968870162964
YJL054W,YPL262W,0,0.15219751,0.09451469033956528,1.0,0.9992972612380981
YFL002C,YFL034C-B,0,0.1446076,0.09450609236955643,1.0,0.9993976354598999
YMR304W,YDR160W,0,0.14331342,0.09449750185012817,1.0,0.9994980692863464
YJL118W,YNL010W,0,0.13985252,0.09448890388011932,1.0,0.9995984435081482
YGR010W,YGR246C,0,0.13111988,0.09448031336069107,1.0,0.99969881772995
YHR200W,YMR241W,0,0.12437579,0.09447172284126282,1.0,0.9997991919517517
YOR197W,YGR171C,0,0.06077611,0.09446313232183456,1.0,0.9998996257781982
YEL006W,YPL203W,0,0.02307649,0.09445454180240631,1.0,1.0
