Gene A,Gene B,Label,Score,Precision,Recall,False Positive Rate
YHR102W,YOR073W,0,0.62154394,0.0,0.0,0.00010001000191550702
YNL158W,YPL061W,0,0.5844072,0.0,0.0,0.00020002000383101404
YOR007C,YKL057C,1,0.5501719,0.3333333432674408,0.0009990009712055326,0.00020002000383101404
YHR081W,YDL018C,0,0.52141666,0.25,0.0009990009712055326,0.00030002999119460583
YDR312W,YAL043C,0,0.51045,0.20000000298023224,0.0009990009712055326,0.0004000400076620281
YKR049C,YOR229W,0,0.50666535,0.1666666716337204,0.0009990009712055326,0.0005000500241294503
YPR101W,YML102W,0,0.48888597,0.1428571492433548,0.0009990009712055326,0.0006000599823892117
YDR468C,YPL152W,0,0.45745027,0.125,0.0009990009712055326,0.0007000699988566339
YDR091C,YER038C,0,0.4552602,0.1111111119389534,0.0009990009712055326,0.0008000800153240561
YNL103W,YCR106W,0,0.4520467,0.10000000149011612,0.0009990009712055326,0.0009000900317914784
YGL246C,YIL113W,0,0.45154363,0.09090909361839294,0.0009990009712055326,0.0010001000482589006
YAL035W,YHR104W,0,0.4511805,0.0833333358168602,0.0009990009712055326,0.001100110006518662
YOR178C,YDL098C,0,0.44958943,0.07692307978868484,0.0009990009712055326,0.0012001199647784233
YOL076W,YLR247C,0,0.44166028,0.0714285746216774,0.0009990009712055326,0.0013001300394535065
YJL025W,YOR120W,0,0.43317452,0.06666667014360428,0.0009990009712055326,0.0014001399977132678
YMR232W,YNL106C,0,0.42586723,0.0625,0.0009990009712055326,0.001500150072388351
YDR214W,YMR307W,0,0.42521095,0.05882352963089943,0.0009990009712055326,0.0016001600306481123
YIL172C,YBR079C,0,0.42199376,0.0555555559694767,0.0009990009712055326,0.0017001699889078736
YBR048W,YFR003C,0,0.4186823,0.05263157933950424,0.0009990009712055326,0.0018001800635829568
YBL042C,YHR026W,0,0.41632304,0.05000000074505806,0.0009990009712055326,0.0019001900218427181
YIL084C,YOR178C,1,0.41522917,0.095238097012043,0.001998001942411065,0.0019001900218427181
YML012W,YJR145C,0,0.41371554,0.09090909361839294,0.001998001942411065,0.0020002000965178013
YNL093W,YNL162W,0,0.4101748,0.08695652335882187,0.001998001942411065,0.002100209938362241
YLR190W,YHR043C,0,0.4027243,0.0833333358168602,0.001998001942411065,0.002200220013037324
YGL070C,YDR287W,0,0.40256235,0.07999999821186066,0.001998001942411065,0.002300230087712407
YML016C,YIL138C,0,0.39848575,0.07692307978868484,0.001998001942411065,0.0024002399295568466
YNL045W,YDR339C,0,0.3953044,0.07407407462596893,0.001998001942411065,0.0025002500042319298
YIR036C,YML060W,0,0.39351898,0.0714285746216774,0.001998001942411065,0.002600260078907013
YKR024C,YGL219C,0,0.39333114,0.06896551698446274,0.001998001942411065,0.0027002699207514524
YJL125C,YDR206W,0,0.39327857,0.06666667014360428,0.001998001942411065,0.0028002799954265356
YAL015C,YJR095W,0,0.39277703,0.06451612710952759,0.001998001942411065,0.0029002900701016188
YJR066W,YPL240C,1,0.39091665,0.09375,0.0029970030300319195,0.0029002900701016188
YDL100C,YNR012W,0,0.38905954,0.09090909361839294,0.0029970030300319195,0.003000300144776702
YGL147C,YNL012W,0,0.38809878,0.0882352963089943,0.0029970030300319195,0.0031003099866211414
YJR153W,YOL076W,0,0.38767737,0.08571428805589676,0.0029970030300319195,0.0032003200612962246
YKL181W,YOL033W,0,0.38243464,0.0833333358168602,0.0029970030300319195,0.0033003301359713078
YHR001W,YBR055C,0,0.37515852,0.0810810774564743,0.0029970030300319195,0.0034003399778157473
YER107C,YOL052C-A,1,0.37389868,0.10526315867900848,0.00399600388482213,0.0034003399778157473
YPL049C,YIR019C,0,0.36097708,0.10256410390138626,0.00399600388482213,0.0035003500524908304
YDL184C,YAL008W,0,0.35761142,0.10000000149011612,0.00399600388482213,0.0036003601271659136
YLR393W,YGL135W,0,0.35757545,0.09756097197532654,0.00399600388482213,0.003700369969010353
YIL062C,YMR142C,0,0.3568474,0.095238097012043,0.00399600388482213,0.0038003800436854362
YDR325W,YDL134C,0,0.35511187,0.09302325546741486,0.00399600388482213,0.0039003901183605194
YKL035W,YBL020W,0,0.3550706,0.09090909361839294,0.00399600388482213,0.004000400193035603
YDR060W,YNL321W,0,0.3547317,0.08888889104127884,0.00399600388482213,0.004100410267710686
YGR260W,YBR160W,0,0.34422344,0.08695652335882187,0.00399600388482213,0.004200419876724482
YDR023W,YML066C,0,0.34392887,0.08510638028383255,0.00399600388482213,0.004300429951399565
YGR090W,YGL013C,0,0.3431118,0.0833333358168602,0.00399600388482213,0.004400440026074648
YPL043W,YHR124W,0,0.3405549,0.08163265138864517,0.00399600388482213,0.004500450100749731
YOR155C,YNR053C,0,0.336066,0.07999999821186066,0.00399600388482213,0.004600460175424814
YOR258W,YIL119C,0,0.33422208,0.0784313753247261,0.00399600388482213,0.004700470250099897
YPR169W,YDR247W,0,0.33313376,0.07692307978868484,0.00399600388482213,0.004800479859113693
YER107C,YER133W,1,0.3330111,0.09433962404727936,0.004995005205273628,0.004800479859113693
YER070W,YMR316W,0,0.332801,0.09259258955717087,0.004995005205273628,0.004900489933788776
YML114C,YKR098C,0,0.3325885,0.09090909361839294,0.004995005205273628,0.0050005000084638596
YER075C,YDR380W,0,0.33087867,0.0892857164144516,0.004995005205273628,0.005100510083138943
YMR263W,YOR009W,0,0.330876,0.08771929889917374,0.004995005205273628,0.005200520157814026
YMR015C,YER038C,0,0.33044848,0.08620689809322357,0.004995005205273628,0.005300530232489109
YER143W,YOL061W,0,0.32869822,0.08474576473236084,0.004995005205273628,0.005400539841502905
YNL097C,YJL140W,1,0.3281578,0.10000000149011612,0.005994006060063839,0.005400539841502905
YGR205W,YER149C,0,0.327402,0.09836065769195557,0.005994006060063839,0.005500549916177988
YCR004C,YOR044W,0,0.3268393,0.09677419066429138,0.005994006060063839,0.005600559990853071
YBR237W,YBR003W,0,0.32590622,0.095238097012043,0.005994006060063839,0.005700570065528154
YKL167C,YHR062C,0,0.32524067,0.09375,0.005994006060063839,0.0058005801402032375
YKL062W,YJR022W,0,0.3245859,0.0923076942563057,0.005994006060063839,0.005900590214878321
YPL254W,YAL048C,0,0.32430285,0.09090909361839294,0.005994006060063839,0.006000600289553404
YBR248C,YFL041W,0,0.32351145,0.08955223858356476,0.005994006060063839,0.0061006098985672
YGR037C,YIL011W,0,0.3234961,0.0882352963089943,0.005994006060063839,0.006200619973242283
YIL129C,YPR161C,0,0.3233555,0.08695652335882187,0.005994006060063839,0.006300630047917366
YBL024W,YLR054C,0,0.31980348,0.08571428805589676,0.005994006060063839,0.006400640122592449
YER114C,YDR309C,0,0.3193491,0.0845070406794548,0.005994006060063839,0.006500650197267532
YKL191W,YDR204W,0,0.31920147,0.0833333358168602,0.005994006060063839,0.0066006602719426155
YKR046C,YDR516C,0,0.31906217,0.08219178020954132,0.005994006060063839,0.006700669880956411
YOR250C,YHR183W,0,0.3183178,0.0810810774564743,0.005994006060063839,0.0068006799556314945
YMR306W,YOL041C,0,0.31571737,0.07999999821186066,0.005994006060063839,0.006900690030306578
YER007W,YBR106W,0,0.3140042,0.07894736528396606,0.005994006060063839,0.007000700104981661
YDR162C,YMR189W,0,0.31358823,0.07792207598686218,0.005994006060063839,0.007100710179656744
YDL236W,YPR065W,0,0.31334513,0.07692307978868484,0.005994006060063839,0.007200720254331827
YJL025W,YOL152W,0,0.31293923,0.07594936341047287,0.005994006060063839,0.007300729863345623
YJR016C,YDR490C,0,0.31273758,0.07500000298023224,0.005994006060063839,0.007400739938020706
YHR153C,YDR127W,0,0.31084636,0.07407407462596893,0.005994006060063839,0.007500750012695789
YGL245W,YPL022W,0,0.31023455,0.0731707289814949,0.005994006060063839,0.0076007600873708725
YDL130W,YFL003C,0,0.30975616,0.07228915393352509,0.005994006060063839,0.007700770162045956
YML015C,YER140W,0,0.30915737,0.0714285746216774,0.005994006060063839,0.007800780236721039
YHR124W,YDR091C,0,0.30812404,0.07058823853731155,0.005994006060063839,0.007900790311396122
YBR072W,YAR002W,1,0.30441377,0.08139535039663315,0.00699300691485405,0.007900790311396122
YDR317W,YJR135W-A,0,0.3036542,0.08045977354049683,0.00699300691485405,0.008000800386071205
YBL072C,YER011W,0,0.30093664,0.07954545319080353,0.00699300691485405,0.008100810460746288
YKL185W,YGR158C,0,0.29891148,0.07865168899297714,0.00699300691485405,0.008200820535421371
YLR336C,YOR227W,0,0.29886928,0.07777778059244156,0.00699300691485405,0.00830082967877388
YER096W,YMR016C,0,0.2962327,0.07692307978868484,0.00699300691485405,0.008400839753448963
YMR128W,YFR003C,0,0.29611263,0.07608695328235626,0.00699300691485405,0.008500849828124046
YDL191W,YLR001C,0,0.29535684,0.07526881992816925,0.00699300691485405,0.00860085990279913
YGR154C,YML031W,0,0.29530632,0.07446808367967606,0.00699300691485405,0.008700869977474213
YAL061W,YCR035C,0,0.2946872,0.0736842080950737,0.00699300691485405,0.008800880052149296
YNL339C,YOR122C,0,0.2945456,0.0729166641831398,0.00699300691485405,0.008900890126824379
YJR047C,YIL107C,0,0.29443598,0.07216494530439377,0.00699300691485405,0.009000900201499462
YPR174C,YIR026C,0,0.29397792,0.0714285746216774,0.00699300691485405,0.009100910276174545
YBR159W,YLR070C,0,0.29274082,0.07070706784725189,0.00699300691485405,0.009200920350849628
YOL052C-A,YJL140W,1,0.28720534,0.07999999821186066,0.00799200776964426,0.009200920350849628
YOR329C,YMR023C,0,0.28715792,0.07920791953802109,0.00799200776964426,0.009300930425524712
YJL110C,YDR057W,0,0.28473812,0.0784313753247261,0.00799200776964426,0.009400940500199795
YLL001W,YIL019W,0,0.28466758,0.0776699036359787,0.00799200776964426,0.009500949643552303
YPL170W,YDL075W,0,0.28465873,0.07692307978868484,0.00799200776964426,0.009600959718227386
YHR178W,YJL080C,0,0.28336284,0.07619047909975052,0.00799200776964426,0.00970096979290247
YOL003C,YIR012W,0,0.28333116,0.07547169923782349,0.00799200776964426,0.009800979867577553
YER032W,YNL288W,0,0.28329834,0.07476635277271271,0.00799200776964426,0.009900989942252636
YLR138W,YJR145C,0,0.283181,0.07407407462596893,0.00799200776964426,0.010001000016927719
YOR179C,YMR204C,0,0.28247917,0.07339449226856232,0.00799200776964426,0.010101010091602802
YLR221C,YIR036C,0,0.28208685,0.072727270424366,0.00799200776964426,0.010201020166277885
YOR080W,YNL139C,0,0.2808206,0.07207207381725311,0.00799200776964426,0.010301030240952969
YDR495C,YER023W,0,0.280539,0.0714285746216774,0.00799200776964426,0.010401040315628052
YPL013C,YLR040C,0,0.2796073,0.07079645991325378,0.00799200776964426,0.010501050390303135
YNL098C,YNL279W,0,0.2795058,0.07017543911933899,0.00799200776964426,0.010601060464978218
YML047C,YGR098C,0,0.27731168,0.06956521421670914,0.00799200776964426,0.010701070539653301
YGL040C,YBL025W,0,0.277143,0.06896551698446274,0.00799200776964426,0.01080107968300581
YPR192W,YLR058C,0,0.27660266,0.0683760717511177,0.00799200776964426,0.010901089757680893
YHR124W,YOL052C-A,0,0.2762131,0.06779661029577255,0.00799200776964426,0.011001099832355976
YKL054C,YLL031C,0,0.27535146,0.06722689419984818,0.00799200776964426,0.01110110990703106
YDR261C,YOR348C,0,0.27516994,0.06666667014360428,0.00799200776964426,0.011201119981706142
YPL171C,YLR343W,0,0.27510786,0.06611569970846176,0.00799200776964426,0.011301130056381226
YOR063W,YBR214W,0,0.27502647,0.06557376682758331,0.00799200776964426,0.011401140131056309
YCR047C,YIL172C,0,0.27428746,0.06504064798355103,0.00799200776964426,0.011501150205731392
YER155C,YMR290C,0,0.27414265,0.06451612710952759,0.00799200776964426,0.011601160280406475
YJR016C,YMR086W,0,0.27376917,0.06400000303983688,0.00799200776964426,0.011701170355081558
YPL237W,YGR184C,0,0.2733378,0.0634920671582222,0.00799200776964426,0.011801180429756641
YNL090W,YOR202W,0,0.27209747,0.06299212574958801,0.00799200776964426,0.011901190504431725
YAL023C,YML088W,0,0.27198774,0.0625,0.00799200776964426,0.012001200579106808
YLL023C,YBR087W,0,0.27145064,0.06201550364494324,0.00799200776964426,0.012101209722459316
YJL074C,YBR241C,0,0.27125144,0.0615384615957737,0.00799200776964426,0.0122012197971344
YOR258W,YAL015C,0,0.2707016,0.06106870248913765,0.00799200776964426,0.012301229871809483
YAR019C,YMR116C,0,0.26794952,0.06060606241226196,0.00799200776964426,0.012401239946484566
YJL033W,YOR086C,0,0.26657033,0.060150377452373505,0.00799200776964426,0.012501250021159649
YNR037C,YOR303W,0,0.26581106,0.05970149114727974,0.00799200776964426,0.012601260095834732
YPL270W,YHR206W,0,0.26530966,0.05925925821065903,0.00799200776964426,0.012701270170509815
YPL255W,YNR036C,0,0.2642416,0.05882352963089943,0.00799200776964426,0.012801280245184898
YNL124W,YPL022W,0,0.26308012,0.058394160121679306,0.00799200776964426,0.012901290319859982
YHL028W,YLR057W,0,0.2616198,0.05797101557254791,0.00799200776964426,0.013001300394535065
YJL083W,YIR017C,0,0.26114765,0.057553958147764206,0.00799200776964426,0.013101310469210148
YGL001C,YBL025W,0,0.26026127,0.05714285746216774,0.00799200776964426,0.013201320543885231
YNL119W,YHR150W,0,0.26010174,0.05673758685588837,0.00799200776964426,0.01330132968723774
YMR154C,YBL075C,0,0.25877053,0.056338027119636536,0.00799200776964426,0.013401339761912823
YER048W-A,YER153C,0,0.25854066,0.0559440553188324,0.00799200776964426,0.013501349836587906
YJR052W,YJL133W,0,0.25811958,0.0555555559694767,0.00799200776964426,0.013601359911262989
YBR175W,YPL173W,0,0.25808594,0.05517241358757019,0.00799200776964426,0.013701369985938072
YDL188C,YBR166C,0,0.25767022,0.054794520139694214,0.00799200776964426,0.013801380060613155
YOR358W,YDR253C,0,0.2572056,0.054421767592430115,0.00799200776964426,0.013901390135288239
YLR092W,YDL204W,0,0.25575438,0.054054055362939835,0.00799200776964426,0.014001400209963322
YIR036C,YKL004W,0,0.25371376,0.05369127541780472,0.00799200776964426,0.014101410284638405
YPL158C,YBR008C,0,0.25356942,0.0533333346247673,0.00799200776964426,0.014201420359313488
YDR363W,YJR025C,0,0.2524065,0.05298013240098953,0.00799200776964426,0.014301430433988571
YCL048W,YLR367W,0,0.25217104,0.05263157933950424,0.00799200776964426,0.014401440508663654
YGL145W,YDR224C,0,0.25148657,0.05228758230805397,0.00799200776964426,0.014501450583338737
YMR285C,YIL136W,0,0.25066882,0.051948051899671555,0.00799200776964426,0.014601459726691246
YHR046C,YOR156C,0,0.25013885,0.05161290243268013,0.00799200776964426,0.01470146980136633
YPR070W,YNR020C,0,0.25008562,0.05128205195069313,0.00799200776964426,0.014801479876041412
YLL026W,YER111C,1,0.24974766,0.0573248416185379,0.008991008624434471,0.014801479876041412
YMR017W,YIL127C,0,0.24973299,0.0569620244204998,0.008991008624434471,0.014901489950716496
YOR288C,YHR204W,0,0.24816495,0.056603774428367615,0.008991008624434471,0.015001500025391579
YNL072W,YFL002C,0,0.2477493,0.05624999850988388,0.008991008624434471,0.015101510100066662
YEL055C,YHR001W,0,0.24762024,0.05590062215924263,0.008991008624434471,0.015201520174741745
YER088C,YLR364W,0,0.2473138,0.0555555559694767,0.008991008624434471,0.015301530249416828
YGR165W,YJR041C,0,0.24661446,0.05521472543478012,0.008991008624434471,0.015401540324091911
YCL017C,YDL099W,0,0.24658725,0.05487804859876633,0.008991008624434471,0.015501550398766994
YDR160W,YJL102W,0,0.24588469,0.05454545468091965,0.008991008624434471,0.015601560473442078
YPL206C,YLL054C,0,0.24576648,0.05421686917543411,0.008991008624434471,0.015701569616794586
YGL084C,YGL211W,0,0.24554083,0.053892213851213455,0.008991008624434471,0.015801580622792244
YER166W,YNL149C,0,0.24553153,0.0535714291036129,0.008991008624434471,0.015901589766144753
YHR023W,YMR184W,0,0.24515636,0.05325443670153618,0.008991008624434471,0.01600160077214241
YIL096C,YOR019W,0,0.2448374,0.052941177040338516,0.008991008624434471,0.01610160991549492
YKL057C,YNL123W,1,0.24476235,0.05847953259944916,0.009990010410547256,0.01610160991549492
YBL105C,YDR372C,0,0.24417068,0.058139536529779434,0.009990010410547256,0.016201620921492577
YIL062C,YPL242C,0,0.24392185,0.05780346691608429,0.009990010410547256,0.016301630064845085
YHR178W,YOR078W,0,0.24360679,0.05747126415371895,0.009990010410547256,0.016401641070842743
YPL221W,YNL250W,0,0.24307583,0.05714285746216774,0.009990010410547256,0.01650165021419525
YNL088W,YBR043C,0,0.24295975,0.05681818351149559,0.009990010410547256,0.01660165935754776
YEL013W,YLL016W,0,0.24263088,0.05649717524647713,0.009990010410547256,0.016701670363545418
YHR102W,YOL144W,0,0.2425654,0.056179776787757874,0.009990010410547256,0.016801679506897926
YMR207C,YOR348C,0,0.24230509,0.05586592108011246,0.009990010410547256,0.016901690512895584
YDR387C,YCR035C,0,0.242142,0.0555555559694767,0.009990010410547256,0.017001699656248093
YOR083W,YPR102C,0,0.24185383,0.05524861812591553,0.009990010410547256,0.01710171066224575
YMR263W,YOL052C-A,1,0.24152759,0.06043956056237221,0.010989011265337467,0.01710171066224575
YJL108C,YPR143W,0,0.23920573,0.06010929122567177,0.010989011265337467,0.01720171980559826
YLR066W,YPR181C,0,0.2386212,0.05978260934352875,0.010989011265337467,0.017301730811595917
YKL176C,YCR106W,0,0.23743601,0.05945945903658867,0.010989011265337467,0.017401739954948425
YLL026W,YER159C,1,0.23666498,0.06451612710952759,0.011988012120127678,0.017401739954948425
YIL144W,YCL045C,0,0.23653199,0.06417112052440643,0.011988012120127678,0.017501750960946083
YPR068C,YDL174C,0,0.23617557,0.06382978707551956,0.011988012120127678,0.01760176010429859
YPL231W,YOR344C,0,0.23471826,0.0634920671582222,0.011988012120127678,0.0177017692476511
YBR301W,YER058W,0,0.23461494,0.06315789371728897,0.011988012120127678,0.017801780253648758
YOR348C,YDR540C,0,0.23456852,0.0628272220492363,0.011988012120127678,0.017901789397001266
YDR242W,YEL027W,0,0.23449919,0.0625,0.011988012120127678,0.018001800402998924
YMR226C,YJL183W,0,0.23349123,0.062176164239645004,0.011988012120127678,0.018101809546351433
YLR293C,YIL082W-A,0,0.23344402,0.06185567006468773,0.011988012120127678,0.01820182055234909
YBL021C,YHR134W,0,0.2306049,0.0615384615957737,0.011988012120127678,0.0183018296957016
YPL228W,YKL149C,0,0.23058592,0.06122449040412903,0.011988012120127678,0.018401840701699257
YIL084C,YFL014W,1,0.22981179,0.06598984450101852,0.012987012974917889,0.018401840701699257
YGR129W,YMR189W,0,0.22976172,0.06565656512975693,0.012987012974917889,0.018501849845051765
YGL142C,YMR014W,0,0.22957805,0.06532663106918335,0.012987012974917889,0.018601860851049423
YER180C,YGR205W,0,0.22944109,0.06499999761581421,0.012987012974917889,0.018701869994401932
YGL055W,YLL023C,0,0.22921522,0.06467662006616592,0.012987012974917889,0.01880188100039959
YMR223W,YHR190W,0,0.22909637,0.06435643881559372,0.012987012974917889,0.018901890143752098
YBL106C,YPR155C,0,0.22908854,0.06403940916061401,0.012987012974917889,0.019001899287104607
YOR234C,YDR018C,0,0.22615871,0.06372549384832382,0.012987012974917889,0.019101910293102264
YNL300W,YJR129C,0,0.22538193,0.06341463327407837,0.012987012974917889,0.019201919436454773
YDL192W,YDR446W,0,0.22513795,0.06310679763555527,0.012987012974917889,0.01930193044245243
YLR109W,YDR331W,0,0.2249262,0.06280193477869034,0.012987012974917889,0.01940193958580494
YHR169W,YNL015W,0,0.22446974,0.0625,0.012987012974917889,0.019501950591802597
YDR238C,YGR211W,0,0.22418565,0.06220095604658127,0.012987012974917889,0.019601959735155106
YBR293W,YOR158W,0,0.22416404,0.06190476194024086,0.012987012974917889,0.019701970741152763
YGL179C,YPL005W,0,0.22316754,0.061611372977495193,0.012987012974917889,0.019801979884505272
YGL124C,YGL092W,0,0.22313139,0.06132075563073158,0.012987012974917889,0.01990199089050293
YBR054W,YOR254C,0,0.22274607,0.061032865196466446,0.012987012974917889,0.020002000033855438
YLR266C,YPR025C,0,0.222629,0.0607476644217968,0.012987012974917889,0.020102011039853096
YBR079C,YOL088C,0,0.22223535,0.060465116053819656,0.012987012974917889,0.020202020183205605
YDL046W,YOR202W,0,0.22221738,0.06018518656492233,0.012987012974917889,0.020302029326558113
YPL171C,YHR026W,0,0.2222054,0.059907834976911545,0.012987012974917889,0.02040204033255577
YNR045W,YML062C,0,0.22176692,0.059633027762174606,0.012987012974917889,0.02050204947590828
YOL052C-A,YER111C,1,0.22149727,0.06392694264650345,0.0139860138297081,0.02050204947590828
YPL101W,YHR188C,0,0.22131032,0.06363636255264282,0.0139860138297081,0.020602060481905937
YOR361C,YLL026W,0,0.2208728,0.06334841996431351,0.0139860138297081,0.020702069625258446
YHL035C,YIL073C,0,0.22072846,0.06306306272745132,0.0139860138297081,0.020802080631256104
YER006W,YLR390W-A,0,0.22062139,0.06278026849031448,0.0139860138297081,0.020902089774608612
YGR257C,YER169W,0,0.22049463,0.0625,0.0139860138297081,0.02100210078060627
YJL174W,YLR413W,0,0.22027627,0.06222222372889519,0.0139860138297081,0.02110210992395878
YLR450W,YNL096C,0,0.22011402,0.06194690242409706,0.0139860138297081,0.021202120929956436
YBR240C,YOR332W,0,0.21988621,0.06167401000857353,0.0139860138297081,0.021302130073308945
YML013W,YOL144W,0,0.21976334,0.061403509229421616,0.0139860138297081,0.021402141079306602
YMR154C,YBR130C,0,0.2196821,0.061135370284318924,0.0139860138297081,0.02150215022265911
YPL281C,YLR406C,0,0.2192697,0.06086956337094307,0.0139860138297081,0.02160215936601162
YKR050W,YDR297W,0,0.21862504,0.06060606241226196,0.0139860138297081,0.021702170372009277
YPL049C,YNL009W,0,0.21842591,0.06034482643008232,0.0139860138297081,0.021802179515361786
YBL101C,YOR073W,0,0.2183083,0.06008583679795265,0.0139860138297081,0.021902190521359444
YPR169W,YHL040C,0,0.21793544,0.05982905998826027,0.0139860138297081,0.022002199664711952
YDR317W,YBL009W,0,0.21792857,0.059574469923973083,0.0139860138297081,0.02210221067070961
YLR343W,YDR297W,0,0.2178837,0.05932203307747841,0.0139860138297081,0.02220221981406212
YDR105C,YPR082C,0,0.2177687,0.05907173082232475,0.0139860138297081,0.022302230820059776
YOL029C,YNL243W,0,0.21739683,0.05882352963089943,0.0139860138297081,0.022402239963412285
YNL064C,YKL057C,1,0.21730575,0.06276150792837143,0.01498501468449831,0.022402239963412285
YJL141C,YLR182W,1,0.21667247,0.06666667014360428,0.01598401553928852,0.022402239963412285
YJL138C,YCR091W,0,0.21658616,0.06639004498720169,0.01598401553928852,0.022502250969409943
YOR083W,YLR406C,0,0.21623132,0.06611569970846176,0.01598401553928852,0.02260226011276245
YCL062W,YAL034W-A,0,0.2162076,0.0658436194062233,0.01598401553928852,0.02270227111876011
YLL026W,YLR182W,1,0.21613531,0.069672130048275,0.016983017325401306,0.02270227111876011
YIL074C,YJR155W,0,0.21600133,0.0693877562880516,0.016983017325401306,0.022802280262112617
YOR001W,YPL024W,0,0.21357477,0.06910569220781326,0.016983017325401306,0.022902289405465126
YPR008W,YBR288C,0,0.21347094,0.06882590800523758,0.016983017325401306,0.023002300411462784
YLR352W,YOL121C,0,0.21345125,0.06854838877916336,0.016983017325401306,0.023102309554815292
YOR046C,YOR120W,0,0.21309267,0.06827308982610703,0.016983017325401306,0.02320232056081295
YHR203C,YGL194C,0,0.21306747,0.06800000369548798,0.016983017325401306,0.02330232970416546
YKL152C,YGR059W,0,0.21291931,0.06772908568382263,0.016983017325401306,0.023402340710163116
YPL031C,YGL124C,0,0.21278876,0.0674603208899498,0.016983017325401306,0.023502349853515625
YLL024C,YGL144C,0,0.2123949,0.06719367951154709,0.016983017325401306,0.023602360859513283
YJL099W,YHR207C,0,0.2122241,0.06692913174629211,0.016983017325401306,0.02370237000286579
YLR286C,YOL006C,0,0.2120817,0.06666667014360428,0.016983017325401306,0.02380238100886345
YER155C,YFR055W,0,0.21206015,0.06640625,0.016983017325401306,0.023902390152215958
YDR261C,YNR016C,0,0.21205923,0.06614785641431808,0.016983017325401306,0.024002401158213615
YDR312W,YPR042C,0,0.21194029,0.06589147448539734,0.016983017325401306,0.024102410301566124
YBR046C,YPR103W,0,0.21173716,0.06563706696033478,0.016983017325401306,0.024202419444918633
YFL033C,YER159C,1,0.21144864,0.06923077255487442,0.017982017248868942,0.024202419444918633
YOR133W,YJR058C,0,0.211404,0.06896551698446274,0.017982017248868942,0.02430243045091629
YER157W,YNR045W,0,0.21117248,0.06870228797197342,0.017982017248868942,0.0244024395942688
YCR037C,YDR330W,0,0.21084455,0.06844106316566467,0.017982017248868942,0.024502450600266457
YHR016C,YGR198W,0,0.2103689,0.06818182021379471,0.017982017248868942,0.024602459743618965
YBL021C,YNL087W,0,0.20943464,0.06792452931404114,0.017982017248868942,0.024702470749616623
YMR192W,YBR105C,0,0.20853084,0.06766917556524277,0.017982017248868942,0.02480247989296913
YER155C,YER126C,0,0.20849499,0.06741572916507721,0.017982017248868942,0.02490249089896679
YMR186W,YJR066W,1,0.20827654,0.07089552283287048,0.018981019034981728,0.02490249089896679
YHR124W,YKL088W,0,0.20800918,0.0706319734454155,0.018981019034981728,0.025002500042319298
YBR085W,YER089C,0,0.20800902,0.07037036865949631,0.018981019034981728,0.025102511048316956
YHR023W,YOL012C,0,0.20782726,0.07011070102453232,0.018981019034981728,0.025202520191669464
YFR053C,YBR065C,0,0.20736355,0.06985294073820114,0.018981019034981728,0.025302529335021973
YPL241C,YLR304C,0,0.20724106,0.06959707289934158,0.018981019034981728,0.02540254034101963
YML095C,YDR235W,0,0.20704514,0.06934306770563126,0.018981019034981728,0.02550254948437214
YGL073W,YKL057C,1,0.20694569,0.072727270424366,0.019980020821094513,0.02550254948437214
YLR189C,YOR360C,0,0.20668949,0.07246376574039459,0.019980020821094513,0.025602560490369797
YHR081W,YEL004W,0,0.20668624,0.072202168405056,0.019980020821094513,0.025702569633722305
YOR312C,YLR144C,0,0.20633289,0.07194244861602783,0.019980020821094513,0.025802580639719963
YFL033C,YKL068W,1,0.20626698,0.07526881992816925,0.02097902074456215,0.025802580639719963
YOL049W,YHR183W,0,0.20624667,0.07500000298023224,0.02097902074456215,0.02590258978307247
YBR254C,YPR168W,0,0.20613523,0.07473309338092804,0.02097902074456215,0.02600260078907013
YCL066W,YJL047C,0,0.20500112,0.07446808367967606,0.02097902074456215,0.026102609932422638
YOR077W,YDR328C,0,0.20489357,0.0742049440741539,0.02097902074456215,0.026202620938420296
YDL166C,YER071C,0,0.20480122,0.07394365966320038,0.02097902074456215,0.026302630081772804
YGL077C,YBR097W,0,0.20470576,0.0736842080950737,0.02097902074456215,0.026402641087770462
YDL100C,YNL283C,1,0.20468538,0.07692307978868484,0.021978022530674934,0.026402641087770462
YIL074C,YDR425W,0,0.20421097,0.07665505260229111,0.021978022530674934,0.02650265023112297
YEL071W,YJL076W,0,0.20381938,0.0763888880610466,0.021978022530674934,0.02660265937447548
YNR032C-A,YLR249W,0,0.20371601,0.07612456381320953,0.021978022530674934,0.026702670380473137
YKL059C,YDR342C,0,0.20343283,0.07586207240819931,0.021978022530674934,0.026802679523825645
YER061C,YNL133C,0,0.20324245,0.07560137659311295,0.021978022530674934,0.026902690529823303
YCL050C,YOL003C,0,0.2031813,0.07534246891736984,0.021978022530674934,0.027002699673175812
YNL279W,YLR144C,0,0.20312485,0.07508532702922821,0.021978022530674934,0.02710271067917347
YKL017C,YFL056C,0,0.20296091,0.07482992857694626,0.021978022530674934,0.027202719822525978
YKL060C,YBR104W,0,0.20291495,0.07457627356052399,0.021978022530674934,0.027302730828523636
YDR165W,YKL178C,0,0.20276096,0.07432432472705841,0.021978022530674934,0.027402739971876144
YDR023W,YOR036W,0,0.20203763,0.07407407462596893,0.021978022530674934,0.027502750977873802
YML043C,YFL016C,0,0.20195879,0.07382550090551376,0.021978022530674934,0.02760276012122631
YLR310C,YDR160W,0,0.2018603,0.0735785961151123,0.021978022530674934,0.02770277112722397
YOR070C,YBR087W,0,0.20138225,0.07333333045244217,0.021978022530674934,0.027802780270576477
YJL069C,YPR165W,0,0.20113158,0.07308970391750336,0.021978022530674934,0.027902789413928986
YGR256W,YGR106C,0,0.20109023,0.07284767925739288,0.021978022530674934,0.028002800419926643
YKL029C,YJL001W,0,0.20046021,0.07260726392269135,0.021978022530674934,0.028102809563279152
YNL263C,YOR192C,0,0.20024455,0.07236842066049576,0.021978022530674934,0.02820282056927681
YLR186W,YHR027C,0,0.20002684,0.07213114947080612,0.021978022530674934,0.028302829712629318
YDL194W,YER109C,0,0.19934335,0.07189542800188065,0.021978022530674934,0.028402840718626976
YDL138W,YNL316C,0,0.1992656,0.07166124135255814,0.021978022530674934,0.028502849861979485
YEL046C,YLR058C,0,0.199023,0.0714285746216774,0.021978022530674934,0.028602860867977142
YHR196W,YCL069W,0,0.19846395,0.07119741290807724,0.021978022530674934,0.02870287001132965
YDR324C,YGR044C,0,0.19843438,0.07096774131059647,0.021978022530674934,0.02880288101732731
YNL183C,YGR280C,0,0.19842453,0.07073955237865448,0.021978022530674934,0.028902890160679817
YHL036W,YGR044C,0,0.19834769,0.07051282376050949,0.021978022530674934,0.029002901166677475
YNL181W,YNL199C,0,0.19820619,0.0702875405550003,0.021978022530674934,0.029102910310029984
YLR061W,YGL255W,0,0.19799122,0.07006369531154633,0.021978022530674934,0.029202919453382492
YDR217C,YOR120W,0,0.19584209,0.06984127312898636,0.021978022530674934,0.02930293045938015
YNL090W,YHL031C,0,0.19544867,0.06962025165557861,0.021978022530674934,0.02940293960273266
YBR097W,YBR171W,0,0.19539787,0.06940063089132309,0.021978022530674934,0.029502950608730316
YBR273C,YIL069C,0,0.19517319,0.069182388484478,0.021978022530674934,0.029602959752082825
YAL013W,YOL053C-A,1,0.19452745,0.07210031151771545,0.02297702245414257,0.029602959752082825
YDR043C,YDR331W,0,0.1943956,0.07187499850988388,0.02297702245414257,0.029702970758080482
YOL105C,YBR025C,1,0.19428053,0.07476635277271271,0.023976024240255356,0.029702970758080482
YER094C,YPL009C,0,0.19378117,0.07453416287899017,0.023976024240255356,0.02980297990143299
YPL047W,YOR217W,0,0.1935153,0.07430340349674225,0.023976024240255356,0.02990299090743065
YIL069C,YPR178W,0,0.19349328,0.07407407462596893,0.023976024240255356,0.030003000050783157
YNL154C,YJR118C,0,0.19344208,0.07384615391492844,0.023976024240255356,0.030103011056780815
YDL185W,YHR160C,0,0.19332308,0.07361963391304016,0.023976024240255356,0.030203020200133324
YBR154C,YER184C,0,0.19327942,0.07339449226856232,0.023976024240255356,0.03030303120613098
YLR019W,YBR283C,0,0.19325319,0.0731707289814949,0.023976024240255356,0.03040304034948349
YKR092C,YGL231C,0,0.1932306,0.07294832915067673,0.023976024240255356,0.030503049492836
YLR451W,YHR018C,0,0.19307956,0.072727270424366,0.023976024240255356,0.030603060498833656
YDR324C,YPL187W,0,0.19267735,0.07250755280256271,0.023976024240255356,0.030703069642186165
YKR095W,YNL190W,0,0.19259979,0.07228915393352509,0.023976024240255356,0.030803080648183823
YOL157C,YBR079C,0,0.19226223,0.07207207381725311,0.023976024240255356,0.03090308979153633
YMR163C,YOL023W,0,0.19154909,0.071856290102005,0.023976024240255356,0.03100310079753399
YAL068C,YML018C,0,0.19100143,0.07164178788661957,0.023976024240255356,0.031103109940886497
YPL005W,YOR130C,0,0.19079001,0.0714285746216774,0.023976024240255356,0.031203120946884155
YCR033W,YLR327C,0,0.19041029,0.07121662050485611,0.023976024240255356,0.031303130090236664
YNL029C,YLL026W,0,0.19030061,0.0710059180855751,0.023976024240255356,0.03140313923358917
YBR299W,YAL011W,0,0.19020423,0.07079645991325378,0.023976024240255356,0.03150315210223198
YOR177C,YDR253C,0,0.19015391,0.07058823853731155,0.023976024240255356,0.03160316124558449
YDR397C,YAR002W,1,0.19014433,0.07331378012895584,0.024975024163722992,0.03160316124558449
YKR096W,YLR367W,0,0.19004343,0.07309941202402115,0.024975024163722992,0.031703170388936996
YML081W,YHL025W,0,0.18998592,0.07288629561662674,0.024975024163722992,0.031803179532289505
YER155C,YOR262W,0,0.18963066,0.07267441600561142,0.024975024163722992,0.031903188675642014
YBR207W,YOR110W,0,0.18922809,0.07246376574039459,0.024975024163722992,0.03200320154428482
YBL013W,YNL280C,0,0.18900844,0.07225433737039566,0.024975024163722992,0.03210321068763733
YDR466W,YJR118C,0,0.18831989,0.07204610854387283,0.024975024163722992,0.03220321983098984
YLR337W,YBL046W,0,0.18815748,0.07183907926082611,0.024975024163722992,0.032303228974342346
YCR053W,YAL068C,0,0.18730256,0.0716332346200943,0.024975024163722992,0.03240324184298515
YOL130W,YER003C,0,0.1871145,0.0714285746216774,0.024975024163722992,0.03250325098633766
YJL141C,YER111C,1,0.1868923,0.07407407462596893,0.025974025949835777,0.03250325098633766
YLR229C,YDL222C,0,0.18674196,0.07386363297700882,0.025974025949835777,0.03260326012969017
YFL050C,YAL005C,0,0.18660052,0.07365439087152481,0.025974025949835777,0.03270326927304268
YPL024W,YDR354W,0,0.18635342,0.07344632595777512,0.025974025949835777,0.032803282141685486
YOR253W,YPR068C,0,0.18622443,0.07323943823575974,0.025974025949835777,0.032903291285037994
YDR422C,YDL161W,0,0.18575801,0.07303370535373688,0.025974025949835777,0.0330033004283905
YGR224W,YKL063C,0,0.18557084,0.07282913476228714,0.025974025949835777,0.03310330957174301
YLR274W,YBR056W,0,0.18547034,0.07262569665908813,0.025974025949835777,0.03320331871509552
YLR418C,YGR044C,0,0.18532184,0.07242339849472046,0.025974025949835777,0.03330333158373833
YJL174W,YFL003C,0,0.18526907,0.07222222536802292,0.025974025949835777,0.033403340727090836
YKL181W,YFR006W,0,0.18525648,0.07202216237783432,0.025974025949835777,0.033503349870443344
YML088W,YLR058C,0,0.18495712,0.07182320207357407,0.025974025949835777,0.03360335901379585
YOR348C,YLR275W,0,0.18457963,0.07162534445524216,0.025974025949835777,0.03370337188243866
YBR217W,YGL168W,0,0.1845631,0.0714285746216774,0.025974025949835777,0.03380338102579117
YLR019W,YKL057C,1,0.18416555,0.07397260516881943,0.026973027735948563,0.03380338102579117
YBR018C,YGL129C,0,0.1838725,0.07377049326896667,0.026973027735948563,0.03390339016914368
YIL068C,YBL002W,0,0.18337995,0.07356948405504227,0.026973027735948563,0.034003399312496185
YLR336C,YOR125C,0,0.18336293,0.07336956262588501,0.026973027735948563,0.03410341218113899
YOR133W,YDR532C,0,0.18288003,0.0731707289814949,0.026973027735948563,0.0342034213244915
YDR341C,YNL329C,0,0.18284667,0.07297297567129135,0.026973027735948563,0.03430343046784401
YBR181C,YCR102C,0,0.18209827,0.07277628034353256,0.026973027735948563,0.03440343961119652
YHR010W,YLR037C,0,0.18194056,0.07258064299821854,0.026973027735948563,0.034503448754549026
YPL060W,YJR076C,0,0.18183772,0.07238605618476868,0.026973027735948563,0.034603461623191833
YER173W,YOR233W,0,0.18167935,0.07219251245260239,0.026973027735948563,0.03470347076654434
YGL070C,YAL068C,0,0.18137409,0.07199999690055847,0.026973027735948563,0.03480347990989685
YJR159W,YKL029C,0,0.18134274,0.07180850952863693,0.026973027735948563,0.03490348905324936
YLR220W,YER032W,0,0.18114929,0.07161803543567657,0.026973027735948563,0.035003501921892166
YPL156C,YMR014W,0,0.18034175,0.0714285746216774,0.026973027735948563,0.035103511065244675
YOR326W,YER014W,0,0.17955011,0.07124010473489761,0.026973027735948563,0.03520352020859718
YER012W,YOL030W,0,0.17941198,0.07105263322591782,0.026973027735948563,0.03530352935194969
YKL060C,YFR015C,0,0.179088,0.07086614519357681,0.026973027735948563,0.0354035384953022
YLR306W,YGR204W,0,0.17902762,0.07068062573671341,0.026973027735948563,0.03550355136394501
YJL102W,YOR332W,0,0.17864338,0.0704960823059082,0.026973027735948563,0.035603560507297516
YDR309C,YLR248W,0,0.1786327,0.0703125,0.026973027735948563,0.035703569650650024
YDR002W,YHR181W,0,0.17854792,0.0701298713684082,0.026973027735948563,0.03580357879400253
YJL048C,YDL014W,0,0.17854246,0.06994818896055222,0.026973027735948563,0.03590359166264534
YCL055W,YPR016C,0,0.17834337,0.06976744532585144,0.026973027735948563,0.03600360080599785
YGR287C,YJL156C,0,0.17822918,0.06958762556314468,0.026973027735948563,0.03610360994935036
YFR031C-A,YKL107W,0,0.17772394,0.06940873712301254,0.026973027735948563,0.036203619092702866
YER166W,YPR041W,0,0.17739397,0.06923077255487442,0.026973027735948563,0.03630363196134567
YOR101W,YER141W,0,0.17667934,0.06905370950698853,0.026973027735948563,0.03640364110469818
YCR094W,YOL041C,0,0.17643347,0.06887754797935486,0.026973027735948563,0.03650365024805069
YJR100C,YPL240C,1,0.17642552,0.07124681770801544,0.0279720276594162,0.03650365024805069
YPL031C,YLR345W,0,0.17633472,0.0710659921169281,0.0279720276594162,0.0366036593914032
YEL071W,YBR001C,0,0.1755859,0.07088607549667358,0.0279720276594162,0.03670366853475571
YPR134W,YOR178C,0,0.17541072,0.07070706784725189,0.0279720276594162,0.036803681403398514
YDR330W,YDR339C,0,0.17517948,0.07052896916866302,0.0279720276594162,0.03690369054675102
YMR263W,YOL105C,1,0.17477956,0.07286432385444641,0.028971029445528984,0.03690369054675102
YER179W,YOR271C,0,0.17470026,0.07268170267343521,0.028971029445528984,0.03700369969010353
YLR439W,YCR058C,0,0.17464149,0.07249999791383743,0.028971029445528984,0.03710370883345604
YDL100C,YKL057C,1,0.17453867,0.07481297105550766,0.02997002936899662,0.03710370883345604
YGL073W,YMR307W,0,0.17400376,0.0746268630027771,0.02997002936899662,0.037203721702098846
YOR077W,YLR411W,0,0.17393757,0.07444168627262115,0.02997002936899662,0.037303730845451355
YMR100W,YNL049C,0,0.17356007,0.07425742596387863,0.02997002936899662,0.037403739988803864
YGL059W,YKL150W,0,0.17308941,0.07407407462596893,0.02997002936899662,0.03750374913215637
YGL085W,YLL010C,0,0.17300242,0.07389162480831146,0.02997002936899662,0.03760376200079918
YOL020W,YBL025W,0,0.17279625,0.07371007651090622,0.02997002936899662,0.03770377114415169
YML007W,YDR074W,1,0.17226243,0.07598039507865906,0.030969031155109406,0.03770377114415169
YCR075C,YGR154C,0,0.17218697,0.07579462230205536,0.030969031155109406,0.037803780287504196
YPL154C,YKL008C,0,0.17196128,0.07560975849628448,0.030969031155109406,0.037903789430856705
YHL047C,YDL130W-A,0,0.17191868,0.07542578876018524,0.030969031155109406,0.03800379857420921
YOR028C,YPL172C,0,0.1716637,0.07524272054433823,0.030969031155109406,0.03810381144285202
YGL039W,YBR086C,0,0.17155476,0.07506053149700165,0.030969031155109406,0.03820382058620453
YKL051W,YBR291C,0,0.17152369,0.0748792290687561,0.030969031155109406,0.03830382972955704
YGL022W,YHL009C,0,0.17149043,0.0746987983584404,0.030969031155109406,0.038403838872909546
YLR373C,YBR288C,0,0.1708417,0.07451923191547394,0.030969031155109406,0.03850385174155235
YLR115W,YLR399C,0,0.17077658,0.07434052973985672,0.030969031155109406,0.03860386088490486
YLR175W,YHR190W,0,0.1707343,0.07416267693042755,0.030969031155109406,0.03870387002825737
YNL005C,YDR039C,0,0.17064328,0.07398568093776703,0.030969031155109406,0.03880387917160988
YML064C,YNL023C,0,0.17044164,0.07380952686071396,0.030969031155109406,0.038903892040252686
YIL066C,YIL119C,0,0.17042333,0.07363420724868774,0.030969031155109406,0.039003901183605194
YCR054C,YLL048C,0,0.17030808,0.07345971465110779,0.030969031155109406,0.0391039103269577
YNL128W,YOR182C,0,0.16981092,0.07328604906797409,0.030969031155109406,0.03920391947031021
YDR046C,YBR214W,0,0.16977337,0.07311321049928665,0.030969031155109406,0.03930392861366272
YEL038W,YOR049C,0,0.16945189,0.07294117659330368,0.030969031155109406,0.03940394148230553
YDR180W,YMR156C,0,0.16939336,0.07276995480060577,0.030969031155109406,0.039503950625658035
YFR007W,YBR213W,0,0.16936572,0.07259953022003174,0.030969031155109406,0.039603959769010544
YOR083W,YER170W,0,0.16919327,0.07242990285158157,0.030969031155109406,0.03970396891236305
YML103C,YNL064C,1,0.1689545,0.07459207624197006,0.03196803107857704,0.03970396891236305
YGR244C,YOR339C,0,0.16890575,0.07441860437393188,0.03196803107857704,0.03980398178100586
YOL052C-A,YBR025C,1,0.168734,0.07656612247228622,0.032967034727334976,0.03980398178100586
YBR126C,YLL010C,1,0.16852528,0.07870370149612427,0.03396603465080261,0.03980398178100586
YBR094W,YML027W,0,0.1685068,0.07852193713188171,0.03396603465080261,0.03990399092435837
YDR155C,YER032W,0,0.16819142,0.07834101468324661,0.03396603465080261,0.040004000067710876
YPL144W,YHR088W,0,0.16814277,0.07816091924905777,0.03396603465080261,0.040104009211063385
YBL045C,YDR065W,0,0.16764191,0.07798165082931519,0.03396603465080261,0.04020402207970619
YER061C,YMR204C,0,0.16728564,0.07780320197343826,0.03396603465080261,0.0403040312230587
YDR279W,YPL220W,0,0.16666615,0.077625572681427,0.03396603465080261,0.04040404036641121
YKL141W,YFR015C,0,0.16631621,0.07744874805212021,0.03396603465080261,0.04050404950976372
YGR207C,YHR006W,0,0.16612124,0.07727272808551788,0.03396603465080261,0.040604058653116226
YDL145C,YBR045C,0,0.16565326,0.07709750533103943,0.03396603465080261,0.04070407152175903
YGR065C,YNL063W,0,0.16564396,0.07692307978868484,0.03396603465080261,0.04080408066511154
YLL026W,YJL140W,1,0.16563356,0.07900676876306534,0.03496503457427025,0.04080408066511154
YGL133W,YDL072C,0,0.16546178,0.078828826546669,0.03496503457427025,0.04090408980846405
YLR286C,YJL046W,0,0.16526681,0.07865168899297714,0.03496503457427025,0.04100409895181656
YFR031C-A,YHR006W,0,0.1646272,0.07847533375024796,0.03496503457427025,0.041104111820459366
YNL001W,YNR020C,0,0.16446795,0.07829977571964264,0.03496503457427025,0.041204120963811874
YHR098C,YPR042C,0,0.16408344,0.078125,0.03496503457427025,0.04130413010716438
YNR007C,YDR524C,0,0.16406433,0.07795099914073944,0.03496503457427025,0.04140413925051689
YLR045C,YJL219W,0,0.16393426,0.07777778059244156,0.03496503457427025,0.0415041521191597
YER026C,YHR157W,0,0.16335374,0.07760532200336456,0.03496503457427025,0.04160416126251221
YIL053W,YIL155C,0,0.16333386,0.07743363082408905,0.03496503457427025,0.041704170405864716
YOR208W,YJL177W,0,0.16312735,0.07726269215345383,0.03496503457427025,0.041804179549217224
YKL021C,YAL044C,0,0.16308117,0.07709251344203949,0.03496503457427025,0.04190418869256973
YCR005C,YDR406W,0,0.16299945,0.07692307978868484,0.03496503457427025,0.04200420156121254
YDR077W,YKL080W,0,0.16287465,0.0767543837428093,0.03496503457427025,0.04210421070456505
YCR089W,YBL093C,0,0.1628616,0.07658643275499344,0.03496503457427025,0.04220421984791756
YCL054W,YHR115C,0,0.16225573,0.07641921192407608,0.03496503457427025,0.042304228991270065
YHR101C,YGR191W,0,0.1616772,0.07625272125005722,0.03496503457427025,0.04240424185991287
YML063W,YMR053C,0,0.16143924,0.07608695328235626,0.03496503457427025,0.04250425100326538
YLR185W,YDR251W,0,0.16122308,0.0759219080209732,0.03496503457427025,0.04260426014661789
YLR306W,YLR055C,0,0.1610775,0.07575757801532745,0.03496503457427025,0.0427042692899704
YGL139W,YJR134C,0,0.160662,0.07559395581483841,0.03496503457427025,0.042804282158613205
YOR037W,YGR008C,0,0.1606397,0.07543103396892548,0.03496503457427025,0.042904291301965714
YMR094W,YKL158W,0,0.16054632,0.07526881992816925,0.03496503457427025,0.04300430044531822
YKL012W,YDL075W,0,0.16051175,0.07510729879140854,0.03496503457427025,0.04310430958867073
YDR541C,YPR168W,0,0.1603272,0.07494646310806274,0.03496503457427025,0.04320431873202324
YGL073W,YAR002W,1,0.16012767,0.07692307978868484,0.035964034497737885,0.04320431873202324
YDR338C,YDR347W,0,0.1596821,0.07675906270742416,0.035964034497737885,0.043304331600666046
YDR399W,YGL089C,0,0.15963063,0.0765957459807396,0.035964034497737885,0.043404340744018555
YJL078C,YPL009C,0,0.15925671,0.07643312215805054,0.035964034497737885,0.04350434988737106
YDR280W,YKL108W,0,0.15901834,0.0762711837887764,0.035964034497737885,0.04360435903072357
YJL198W,YLL022C,0,0.15878908,0.07610993832349777,0.035964034497737885,0.04370437189936638
YOR179C,YDR038C,0,0.15866421,0.07594936341047287,0.035964034497737885,0.04380438104271889
YMR021C,YGL092W,0,0.15819058,0.07578947395086288,0.035964034497737885,0.043904390186071396
YDR171W,YER111C,1,0.15807676,0.07773109525442123,0.03696303814649582,0.043904390186071396
YML013W,YPR016C,0,0.15792167,0.07756813615560532,0.03696303814649582,0.044004399329423904
YNL054W,YBR030W,0,0.15783584,0.07740585505962372,0.03696303814649582,0.04410441219806671
YJL148W,YCR010C,0,0.15761547,0.07724425941705704,0.03696303814649582,0.04420442134141922
YML113W,YBR033W,0,0.15724318,0.07708333432674408,0.03696303814649582,0.04430443048477173
YPL156C,YNL299W,0,0.1571898,0.07692307978868484,0.03696303814649582,0.04440443962812424
YPR122W,YJL001W,0,0.15716448,0.07676348835229874,0.03696303814649582,0.044504448771476746
YGR163W,YOR201C,0,0.15676515,0.07660455256700516,0.03696303814649582,0.04460446164011955
YLL010C,YLR182W,1,0.15663536,0.07851240038871765,0.037962038069963455,0.04460446164011955
YMR261C,YOR295W,0,0.15637396,0.07835051417350769,0.037962038069963455,0.04470447078347206
YKR001C,YKR100C,0,0.15614542,0.07818929851055145,0.037962038069963455,0.04480447992682457
YHR064C,YMR043W,0,0.15587209,0.07802874594926834,0.037962038069963455,0.04490448907017708
YOR059C,YIR010W,0,0.1558078,0.07786884903907776,0.037962038069963455,0.045004501938819885
YFR047C,YOL146W,0,0.15544924,0.0777096077799797,0.037962038069963455,0.045104511082172394
YBR046C,YML114C,0,0.15490502,0.07755102217197418,0.037962038069963455,0.0452045202255249
YAL032C,YER140W,0,0.15457974,0.0773930773139,0.037962038069963455,0.04530452936887741
YKR062W,YLR347C,0,0.15442961,0.07723577320575714,0.037962038069963455,0.04540454223752022
YPL225W,YGR116W,0,0.15435411,0.07707910984754562,0.037962038069963455,0.045504551380872726
YGL095C,YMR161W,0,0.15426481,0.07692307978868484,0.037962038069963455,0.045604560524225235
YCR089W,YIL155C,0,0.15415972,0.07676767557859421,0.037962038069963455,0.045704569667577744
YAL051W,YDR259C,0,0.15396796,0.07661290466785431,0.037962038069963455,0.04580457881093025
YEL027W,YML007W,0,0.15380257,0.07645875215530396,0.037962038069963455,0.04590459167957306
YML107C,YMR081C,0,0.15373448,0.07630521804094315,0.037962038069963455,0.04600460082292557
YOL061W,YPL029W,0,0.15370312,0.07615230232477188,0.037962038069963455,0.046104609966278076
YLL026W,YDL088C,1,0.15368037,0.07800000160932541,0.03896103799343109,0.046104609966278076
YDR402C,YJL180C,0,0.15362406,0.07784431427717209,0.03896103799343109,0.046204619109630585
YOR129C,YMR216C,0,0.15336975,0.07768924534320831,0.03896103799343109,0.04630463197827339
YDR074W,YOL053C-A,1,0.1532315,0.07952286303043365,0.039960041642189026,0.04630463197827339
YIR022W,YLL035W,0,0.15318996,0.0793650820851326,0.039960041642189026,0.0464046411216259
YDR482C,YJL173C,0,0.1527883,0.07920791953802109,0.039960041642189026,0.04650465026497841
YPR110C,YOL033W,0,0.15273112,0.07905138283967972,0.039960041642189026,0.04660465940833092
YER096W,YDL017W,0,0.15240867,0.0788954645395279,0.039960041642189026,0.046704672276973724
YER081W,YDR273W,0,0.15212801,0.07874015718698502,0.039960041642189026,0.04680468142032623
YGR263C,YGR159C,0,0.15198854,0.07858546078205109,0.039960041642189026,0.04690469056367874
YOR001W,YDL025C,0,0.15182866,0.0784313753247261,0.039960041642189026,0.04700469970703125
YGR086C,YOR178C,1,0.15153387,0.0802348330616951,0.04095904156565666,0.04700469970703125
YHR031C,YMR041C,0,0.15142736,0.080078125,0.04095904156565666,0.04710470885038376
YGR257C,YER160C,0,0.15121588,0.07992202788591385,0.04095904156565666,0.047204721719026566
YPL268W,YNL268W,0,0.15109546,0.07976653426885605,0.04095904156565666,0.047304730862379074
YCL010C,YMR190C,0,0.15107793,0.0796116515994072,0.04095904156565666,0.04740474000573158
YPL038W,YGL131C,0,0.15081768,0.0794573649764061,0.04095904156565666,0.04750474914908409
YJL080C,YOR177C,0,0.15077451,0.07930367439985275,0.04095904156565666,0.0476047620177269
YDR084C,YPL228W,0,0.15076014,0.07915057986974716,0.04095904156565666,0.04770477116107941
YBR048W,YGR277C,0,0.150679,0.07899807393550873,0.04095904156565666,0.047804780304431915
YFR053C,YGL053W,0,0.15021133,0.07884615659713745,0.04095904156565666,0.047904789447784424
YNL025C,YKR060W,0,0.15020582,0.07869482040405273,0.04095904156565666,0.04800480231642723
YBR154C,YBL060W,0,0.15012977,0.07854405790567398,0.04095904156565666,0.04810481145977974
YMR287C,YIL103W,0,0.15002072,0.07839388400316238,0.04095904156565666,0.04820482060313225
YOR196C,YPL144W,0,0.14983629,0.07824427634477615,0.04095904156565666,0.048304829746484756
YLR286C,YJL096W,0,0.14979172,0.07809523493051529,0.04095904156565666,0.048404838889837265
YPL183C,YGR055W,0,0.14966486,0.07794676721096039,0.04095904156565666,0.04850485175848007
YDR134C,YGL133W,0,0.14962193,0.07779885828495026,0.04095904156565666,0.04860486090183258
YHR167W,YNL015W,0,0.14947848,0.07765151560306549,0.04095904156565666,0.04870487004518509
YBR189W,YJR058C,0,0.14947805,0.0775047242641449,0.04095904156565666,0.0488048791885376
YKL080W,YGL196W,0,0.14945722,0.07735849171876907,0.04095904156565666,0.048904892057180405
YPL144W,YJL003W,0,0.14933816,0.07721280306577682,0.04095904156565666,0.04900490120053291
YPL049C,YJL116C,0,0.14931683,0.07706766575574875,0.04095904156565666,0.04910491034388542
YKR009C,YML041C,0,0.14921056,0.07692307978868484,0.04095904156565666,0.04920491948723793
YDL146W,YOR357C,0,0.14898199,0.07677902281284332,0.04095904156565666,0.04930492863059044
YGL187C,YDR092W,0,0.14897873,0.07663551717996597,0.04095904156565666,0.049404941499233246
YGL016W,YDL226C,0,0.14834188,0.076492540538311,0.04095904156565666,0.049504950642585754
YPL036W,YPR161C,0,0.14810288,0.07635009288787842,0.04095904156565666,0.04960495978593826
YKL091C,YLR263W,0,0.14778587,0.07620818167924881,0.04095904156565666,0.04970496892929077
YCL059C,YKR013W,0,0.14742084,0.07606679201126099,0.04095904156565666,0.04980498179793358
YLR431C,YMR116C,0,0.14739643,0.07592592388391495,0.04095904156565666,0.04990499094128609
YOR028C,YPL075W,0,0.14720625,0.07578558474779129,0.04095904156565666,0.050005000084638596
YAR007C,YMR233W,0,0.14691299,0.07564575970172882,0.04095904156565666,0.050105009227991104
YIR022W,YNL336W,0,0.14673553,0.07550644874572754,0.04095904156565666,0.05020502209663391
YOR127W,YPL024W,0,0.14656183,0.07536764442920685,0.04095904156565666,0.05030503123998642
YDL194W,YML060W,0,0.14652923,0.07522935420274734,0.04095904156565666,0.05040504038333893
YML061C,YOR100C,0,0.14613399,0.07509157806634903,0.04095904156565666,0.05050504952669144
YJL010C,YKL125W,0,0.14580089,0.07495429366827011,0.04095904156565666,0.050605058670043945
YJR121W,YHL008C,0,0.14572115,0.07481751590967178,0.04095904156565666,0.05070507153868675
YPL236C,YER174C,0,0.1454995,0.07468123733997345,0.04095904156565666,0.05080508068203926
YOR046C,YDR462W,0,0.1454095,0.07454545795917511,0.04095904156565666,0.05090508982539177
YJL140W,YKR082W,1,0.14527848,0.07622504234313965,0.0419580414891243,0.05090508982539177
YNL031C,YJR054W,0,0.14527676,0.07608695328235626,0.0419580414891243,0.05100509896874428
YJR075W,YDR267C,0,0.14511721,0.07594936341047287,0.0419580414891243,0.051105111837387085
YNL115C,YCR066W,0,0.14493003,0.07581227272748947,0.0419580414891243,0.051205120980739594
YOL137W,YPR023C,0,0.14488253,0.07567567378282547,0.0419580414891243,0.0513051301240921
YPL004C,YKR082W,1,0.14472248,0.07733812928199768,0.042957041412591934,0.0513051301240921
YPL028W,YDL159W,0,0.14471467,0.07719928026199341,0.042957041412591934,0.05140513926744461
YHR020W,YHR080C,0,0.14373167,0.07706093043088913,0.042957041412591934,0.05150515213608742
YPL162C,YEL021W,0,0.14339352,0.07692307978868484,0.042957041412591934,0.051605161279439926
YOR018W,YBR169C,0,0.14328033,0.07678571343421936,0.042957041412591934,0.051705170422792435
YNL064C,YER111C,1,0.14285874,0.0784313753247261,0.04395604506134987,0.051705170422792435
YGR037C,YGL099W,0,0.14279872,0.07829181849956512,0.04395604506134987,0.05180517956614494
YER007W,YPL012W,0,0.14208052,0.07815275341272354,0.04395604506134987,0.05190518870949745
YOR217W,YGR235C,0,0.1419433,0.07801418751478195,0.04395604506134987,0.05200520157814026
YCR081W,YBR088C,0,0.14147887,0.07787610590457916,0.04395604506134987,0.05210521072149277
YPL076W,YHL009C,0,0.1414249,0.07773851603269577,0.04395604506134987,0.052205219864845276
YDR280W,YOR270C,0,0.14066398,0.07760141044855118,0.04395604506134987,0.052305229008197784
YKL107W,YLR277C,0,0.14029518,0.07746478915214539,0.04395604506134987,0.05240524187684059
YAL041W,YKL006W,0,0.14017855,0.0773286446928978,0.04395604506134987,0.0525052510201931
YJR100C,YMR263W,1,0.13983965,0.07894736528396606,0.044955044984817505,0.0525052510201931
YDR358W,YGR106C,0,0.13969557,0.07880910485982895,0.044955044984817505,0.05260526016354561
YNL209W,YOR057W,0,0.13943711,0.07867132872343063,0.044955044984817505,0.05270526930689812
YLR178C,YGL254W,0,0.13933352,0.07853402942419052,0.044955044984817505,0.052805282175540924
YNL115C,YDL058W,0,0.13929237,0.07839721441268921,0.044955044984817505,0.05290529131889343
YOR236W,YOR288C,0,0.13913529,0.0782608687877655,0.044955044984817505,0.05300530046224594
YGR193C,YDL243C,0,0.1389912,0.078125,0.044955044984817505,0.05310530960559845
YER061C,YDR425W,0,0.13898833,0.0779896005988121,0.044955044984817505,0.05320531874895096
YOL098C,YPR165W,0,0.13898355,0.07785467058420181,0.044955044984817505,0.053305331617593765
YPL162C,YOR293W,0,0.13880609,0.07772020995616913,0.044955044984817505,0.053405340760946274
YBR268W,YDL222C,0,0.13876955,0.07758620381355286,0.044955044984817505,0.05350534990429878
YCL030C,YNL301C,0,0.13871676,0.07745266705751419,0.044955044984817505,0.05360535904765129
YLR421C,YHR214W,0,0.13777253,0.07731958478689194,0.044955044984817505,0.0537053719162941
YIL167W,YER160C,0,0.13759147,0.0771869644522667,0.044955044984817505,0.053805381059646606
YDL115C,YPL269W,0,0.13745755,0.07705479115247726,0.044955044984817505,0.053905390202999115
YDL134C-A,YNL059C,0,0.13734347,0.07692307978868484,0.044955044984817505,0.054005399346351624
YAL058W,YBL010C,0,0.13720724,0.07679180800914764,0.044955044984817505,0.05410541221499443
YMR153W,YJR117W,0,0.13675475,0.07666099071502686,0.044955044984817505,0.05420542135834694
YMR177W,YLR460C,0,0.13673125,0.07653061300516129,0.044955044984817505,0.05430543050169945
YOR132W,YMR116C,0,0.13652408,0.07640068233013153,0.044955044984817505,0.054405439645051956
YPR028W,YLR174W,0,0.1358824,0.0762711837887764,0.044955044984817505,0.054505448788404465
YOR173W,YDL136W,0,0.13586073,0.07614213228225708,0.044955044984817505,0.05460546165704727
YOR127W,YCL033C,0,0.13584921,0.07601351290941238,0.044955044984817505,0.05470547080039978
YNR049C,YDL212W,0,0.13577184,0.07588532567024231,0.044955044984817505,0.05480547994375229
YDR324C,YBR110W,0,0.13569044,0.07575757801532745,0.044955044984817505,0.0549054890871048
YGL141W,YMR263W,0,0.13559979,0.07563025504350662,0.044955044984817505,0.055005501955747604
YIL144W,YNL185C,0,0.13554941,0.07550335675477982,0.044955044984817505,0.05510551109910011
YDR465C,YPL209C,0,0.13547793,0.07537688314914703,0.044955044984817505,0.05520552024245262
YKL032C,YOR190W,0,0.13540837,0.07525083422660828,0.044955044984817505,0.05530552938580513
YHR101C,YNL301C,0,0.1350458,0.07512520998716354,0.044955044984817505,0.05540554225444794
YIL084C,YML007W,1,0.134954,0.07666666805744171,0.04595404490828514,0.05540554225444794
YBR126C,YKL057C,1,0.13468957,0.0782029926776886,0.046953048557043076,0.05540554225444794
YOR195W,YJL170C,0,0.13467833,0.07807309180498123,0.046953048557043076,0.055505551397800446
YBL008W,YPL211W,0,0.13437983,0.07794361561536789,0.046953048557043076,0.055605560541152954
YNL245C,YNL139C,0,0.13427252,0.07781457155942917,0.046953048557043076,0.05570556968450546
YDL180W,YMR043W,0,0.1341099,0.07768595218658447,0.046953048557043076,0.05580557882785797
YFR010W,YOR046C,0,0.13380761,0.0775577574968338,0.046953048557043076,0.05590559169650078
YFR008W,YFL024C,0,0.13379987,0.07742998003959656,0.046953048557043076,0.05600560083985329
YJR068W,YNL250W,0,0.13372274,0.07730263471603394,0.046953048557043076,0.056105609983205795
YJR049C,YLR249W,0,0.13367677,0.07717569917440414,0.046953048557043076,0.056205619126558304
YIR031C,YOR076C,0,0.1335945,0.07704918086528778,0.046953048557043076,0.05630563199520111
YGR272C,YKR088C,0,0.13354938,0.07692307978868484,0.046953048557043076,0.05640564113855362
YGL207W,YPL092W,0,0.13349584,0.07679738849401474,0.046953048557043076,0.05650565028190613
YDR395W,YFR027W,0,0.13348034,0.07667210698127747,0.046953048557043076,0.056605659425258636
YHR005C,YDR339C,0,0.1331585,0.07654722779989243,0.046953048557043076,0.056705672293901443
YIL084C,YDR258C,1,0.13297284,0.07804878056049347,0.04795204848051071,0.056705672293901443
YDR107C,YBR142W,0,0.13259904,0.07792207598686218,0.04795204848051071,0.05680568143725395
YJL083W,YIL136W,0,0.13247356,0.07779578864574432,0.04795204848051071,0.05690569058060646
YMR092C,YLR367W,0,0.13233928,0.0776699036359787,0.04795204848051071,0.05700569972395897
YPL158C,YJR108W,0,0.13206266,0.0775444284081459,0.04795204848051071,0.05710570886731148
YLR014C,YGL133W,0,0.13175891,0.07741935551166534,0.04795204848051071,0.057205721735954285
YOR348C,YKL178C,0,0.13166004,0.07729468494653702,0.04795204848051071,0.05730573087930679
YLR312C-B,YMR035W,0,0.13148828,0.07717041671276093,0.04795204848051071,0.0574057400226593
YFR025C,YBR142W,0,0.13135129,0.07704655081033707,0.04795204848051071,0.05750574916601181
YIL167W,YDR017C,0,0.13130376,0.07692307978868484,0.04795204848051071,0.05760576203465462
YKR087C,YKL209C,0,0.13116878,0.07680000364780426,0.04795204848051071,0.057705771178007126
YJL118W,YMR307W,0,0.13071635,0.07667731493711472,0.04795204848051071,0.057805780321359634
YPL133C,YDL099W,0,0.13046235,0.07655502110719681,0.04795204848051071,0.05790578946471214
YBR097W,YNR027W,0,0.13024443,0.07643312215805054,0.04795204848051071,0.05800580233335495
YER083C,YBR171W,0,0.13024154,0.07631160318851471,0.04795204848051071,0.05810581147670746
YHR108W,YLR405W,0,0.13016446,0.07619047909975052,0.04795204848051071,0.05820582062005997
YBR084C-A,YLR142W,0,0.12985775,0.07606972754001617,0.04795204848051071,0.058305829763412476
YER071C,YHR088W,0,0.12958184,0.07594936341047287,0.04795204848051071,0.058405838906764984
YPL026C,YMR177W,0,0.12941085,0.0758293867111206,0.04795204848051071,0.05850585177540779
YJL062W,YNL014W,0,0.12939733,0.07570978254079819,0.04795204848051071,0.0586058609187603
YNL308C,YER106W,0,0.12939267,0.07559055089950562,0.04795204848051071,0.05870587006211281
YJR013W,YPL101W,0,0.12938768,0.07547169923782349,0.04795204848051071,0.05880587920546532
YHL040C,YER127W,0,0.1293171,0.0753532201051712,0.04795204848051071,0.058905892074108124
YCR058C,YDL127W,0,0.12894633,0.07523510605096817,0.04795204848051071,0.05900590121746063
YGR044C,YKL048C,0,0.12854457,0.07511737197637558,0.04795204848051071,0.05910591036081314
YKR078W,YPR028W,0,0.1284189,0.07500000298023224,0.04795204848051071,0.05920591950416565
YMR217W,YOR211C,0,0.12827314,0.07488299161195755,0.04795204848051071,0.059305932372808456
YIL172C,YPL040C,0,0.12820937,0.07476635277271271,0.04795204848051071,0.059405941516160965
YDR188W,YJL160C,0,0.12818313,0.07465007901191711,0.04795204848051071,0.059505950659513474
YML131W,YLR067C,0,0.12809807,0.07453416287899017,0.04795204848051071,0.05960595980286598
YDR299W,YBR295W,0,0.12801407,0.07441860437393188,0.04795204848051071,0.05970596894621849
YOL077W-A,YDR046C,0,0.12780523,0.07430340349674225,0.04795204848051071,0.0598059818148613
YKL011C,YER118C,0,0.12733483,0.07418856024742126,0.04795204848051071,0.059905990958213806
YHR039C,YNL058C,0,0.12727302,0.07407407462596893,0.04795204848051071,0.060006000101566315
YKL018W,YGL008C,0,0.12689045,0.07395993918180466,0.04795204848051071,0.06010600924491882
YGL054C,YGR059W,0,0.12664141,0.07384615391492844,0.04795204848051071,0.06020602211356163
YIR017C,YPL190C,0,0.12653843,0.07373271882534027,0.04795204848051071,0.06030603125691414
YBR181C,YPL003W,0,0.1264728,0.07361963391304016,0.04795204848051071,0.06040604040026665
YJL174W,YFL016C,0,0.12614082,0.07350689172744751,0.04795204848051071,0.060506049543619156
YER038C,YPR161C,0,0.12613782,0.07339449226856232,0.04795204848051071,0.06060606241226196
YML102W,YOR067C,0,0.12605025,0.07328244298696518,0.04795204848051071,0.06070607155561447
YIL106W,YDL132W,0,0.12580237,0.0731707289814949,0.04795204848051071,0.06080608069896698
YCL068C,YPR178W,0,0.12563634,0.07305935770273209,0.04795204848051071,0.06090608984231949
YCR072C,YDR099W,0,0.12558603,0.07294832915067673,0.04795204848051071,0.061006098985672
YGL157W,YIR004W,0,0.12556008,0.07283763587474823,0.04795204848051071,0.061106111854314804
YER122C,YKR010C,0,0.12546766,0.072727270424366,0.04795204848051071,0.06120612099766731
YJR067C,YOR321W,0,0.1253216,0.07261724770069122,0.04795204848051071,0.06130613014101982
YGL194C,YDL031W,0,0.12524915,0.07250755280256271,0.04795204848051071,0.06140613928437233
YKL084W,YKL059C,0,0.12519413,0.07239819318056107,0.04795204848051071,0.06150615215301514
YCL075W,YBR005W,0,0.12502243,0.07228915393352509,0.04795204848051071,0.061606161296367645
YAR007C,YOR016C,0,0.12489554,0.07218044996261597,0.04795204848051071,0.061706170439720154
YKL181W,YDR188W,0,0.12476343,0.07207207381725311,0.04795204848051071,0.06180617958307266
YJL165C,YDR225W,0,0.12468886,0.07196401804685593,0.04795204848051071,0.06190619245171547
YCR010C,YBR214W,0,0.12453222,0.071856290102005,0.04795204848051071,0.06200620159506798
YKL068W,YKL057C,1,0.12450722,0.073243647813797,0.04895104840397835,0.06200620159506798
YDR142C,YGL040C,0,0.12423513,0.07313432544469833,0.04895104840397835,0.062106210738420486
YHR096C,YBR299W,0,0.12417029,0.07302533835172653,0.04895104840397835,0.062206219881772995
YHR036W,YJR108W,0,0.124154985,0.0729166641831398,0.04895104840397835,0.062306229025125504
YOR045W,YMR121C,0,0.12331113,0.07280831784009933,0.04895104840397835,0.06240624189376831
YOR210W,YGR006W,0,0.122534744,0.07270029932260513,0.04895104840397835,0.06250625103712082
YER111C,YNL331C,0,0.12212731,0.072592593729496,0.04895104840397835,0.06260626018047333
YLR057W,YHR092C,0,0.121507,0.07248520851135254,0.04895104840397835,0.06270626932382584
YOR262W,YGL208W,0,0.121309035,0.07237813621759415,0.04895104840397835,0.06280627846717834
YML082W,YLR408C,0,0.12126653,0.07227138429880142,0.04895104840397835,0.06290628761053085
YBL014C,YGL185C,0,0.12122119,0.07216494530439377,0.04895104840397835,0.06300630420446396
YCR021C,YPL037C,0,0.12094192,0.07205882668495178,0.04895104840397835,0.06310631334781647
YML007W,YOL004W,1,0.120901704,0.07342144101858139,0.049950048327445984,0.06310631334781647
YDL190C,YHR046C,0,0.12088597,0.07331378012895584,0.049950048327445984,0.06320632249116898
YDR251W,YML019W,0,0.12078741,0.07320643961429596,0.049950048327445984,0.06330633163452148
YPL214C,YOR270C,0,0.12057486,0.07309941202402115,0.049950048327445984,0.06340634077787399
YIL005W,YPL220W,0,0.12046176,0.07299269735813141,0.049950048327445984,0.0635063499212265
YOL154W,YDR267C,0,0.12039827,0.07288629561662674,0.049950048327445984,0.06360635906457901
YGR163W,YPL172C,0,0.120327085,0.07278020679950714,0.049950048327445984,0.06370636820793152
YFL062W,YLR051C,0,0.119990475,0.07267441600561142,0.049950048327445984,0.06380637735128403
YDR291W,YGR289C,0,0.119917184,0.07256893813610077,0.049950048327445984,0.06390639394521713
YMR142C,YLR081W,0,0.119482934,0.07246376574039459,0.049950048327445984,0.06400640308856964
YER051W,YGL035C,0,0.11940292,0.07235889881849289,0.049950048327445984,0.06410641223192215
YAL014C,YPR042C,0,0.119375855,0.07225433737039566,0.049950048327445984,0.06420642137527466
YBR221C,YOL148C,0,0.11934671,0.07215007394552231,0.049950048327445984,0.06430643051862717
YJL140W,YDR074W,1,0.1193336,0.07348702847957611,0.05094905197620392,0.06430643051862717
YLR090W,YBR058C-A,0,0.11880684,0.07338129729032516,0.05094905197620392,0.06440643966197968
YPL156C,YBL106C,0,0.11870678,0.0732758641242981,0.05094905197620392,0.06450644880533218
YFL033C,YNL123W,1,0.11864423,0.07460545003414154,0.051948051899671555,0.06450644880533218
YDR350C,YDL136W,0,0.11830889,0.07449856400489807,0.051948051899671555,0.06460645794868469
YOR087W,YOL029C,0,0.11817005,0.07439199090003967,0.051948051899671555,0.0647064670920372
YNL065W,YML114C,0,0.118147045,0.07428571581840515,0.051948051899671555,0.0648064836859703
YJL141C,YKR082W,1,0.11797792,0.07560627907514572,0.05294705182313919,0.0648064836859703
YLR092W,YHR115C,0,0.11790793,0.07549857348203659,0.05294705182313919,0.06490649282932281
YOR078W,YJR066W,0,0.11788241,0.07539118081331253,0.05294705182313919,0.06500650197267532
YIR014W,YHR088W,0,0.11768049,0.07528409361839294,0.05294705182313919,0.06510651111602783
YDL100C,YKR082W,1,0.11724912,0.0765957459807396,0.053946055471897125,0.06510651111602783
YJR068W,YNL082W,0,0.11713544,0.07648725062608719,0.053946055471897125,0.06520652025938034
YPL004C,YDR192C,1,0.117011026,0.07779349386692047,0.05494505539536476,0.06520652025938034
YIL031W,YER032W,0,0.11690168,0.07768361270427704,0.05494505539536476,0.06530652940273285
YBL020W,YNL250W,0,0.116754144,0.07757404446601868,0.05494505539536476,0.06540653854608536
YDL076C,YLR310C,0,0.116587184,0.07746478915214539,0.05494505539536476,0.06550654768943787
YGR082W,YBR162W-A,0,0.11636312,0.07735583931207657,0.05494505539536476,0.06560656428337097
YMR125W,YBR069C,0,0.1162563,0.07724718749523163,0.05494505539536476,0.06570657342672348
YNL191W,YNR073C,0,0.1160665,0.07713884860277176,0.05494505539536476,0.06580658257007599
YJL157C,YNL194C,0,0.11598879,0.07703081518411636,0.05494505539536476,0.0659065917134285
YOR380W,YDR339C,0,0.11597687,0.07692307978868484,0.05494505539536476,0.066006600856781
YDR436W,YLR074C,0,0.115928955,0.0768156424164772,0.05494505539536476,0.06610661000013351
YOR193W,YNL330C,0,0.11574723,0.07670851051807404,0.05494505539536476,0.06620661914348602
YPL018W,YML021C,0,0.11557243,0.07660166919231415,0.05494505539536476,0.06630662828683853
YOR150W,YDR267C,0,0.11527619,0.07649513334035873,0.05494505539536476,0.06640663743019104
YPL024W,YNL278W,0,0.11524511,0.0763888880610466,0.05494505539536476,0.06650665402412415
YAL001C,YHR065C,0,0.11519647,0.07628294080495834,0.05494505539536476,0.06660666316747665
YLR045C,YOR360C,0,0.11516003,0.07617728412151337,0.05494505539536476,0.06670667231082916
YDR252W,YER023W,0,0.11502805,0.07607192546129227,0.05494505539536476,0.06680668145418167
YPL254W,YNL194C,0,0.115014195,0.07596684992313385,0.05494505539536476,0.06690669059753418
YOR175C,YER099C,0,0.11496058,0.07586207240819931,0.05494505539536476,0.06700669974088669
YDR330W,YDR356W,0,0.11492141,0.07575757801532745,0.05494505539536476,0.0671067088842392
YIL009W,YOR007C,0,0.1147652,0.07565336674451828,0.05494505539536476,0.0672067180275917
YPR174C,YOL078W,0,0.11469697,0.07554945349693298,0.05494505539536476,0.06730672717094421
YBR091C,YER184C,0,0.11452983,0.07544581592082977,0.05494505539536476,0.06740674376487732
YJR049C,YPR156C,0,0.11427398,0.07534246891736984,0.05494505539536476,0.06750675290822983
YOR227W,YFR028C,0,0.114219956,0.075239397585392,0.05494505539536476,0.06760676205158234
YIL107C,YOL006C,0,0.11406556,0.07513660937547684,0.05494505539536476,0.06770677119493484
YOR389W,YJL090C,0,0.114064574,0.07503410428762436,0.05494505539536476,0.06780678033828735
YMR257C,YLR064W,0,0.113855585,0.07493188232183456,0.05494505539536476,0.06790678948163986
YLR414C,YBR267W,0,0.11377093,0.07482992857694626,0.05494505539536476,0.06800679862499237
YER107C,YOL053C-A,1,0.11376143,0.07608695328235626,0.0559440553188324,0.06800679862499237
YHR039C-B,YKR049C,0,0.1136042,0.07598371803760529,0.0559440553188324,0.06810680776834488
YOR241W,YBR264C,0,0.11359806,0.0758807584643364,0.0559440553188324,0.06820682436227798
YOR011W,YOR046C,0,0.113460265,0.07577808201313019,0.0559440553188324,0.0683068335056305
YPL162C,YHR089C,0,0.11339031,0.07567567378282547,0.0559440553188324,0.068406842648983
YBR132C,YPL063W,0,0.113341644,0.07557354867458344,0.0559440553188324,0.06850685179233551
YNL001W,YBL090W,0,0.11331725,0.07547169923782349,0.0559440553188324,0.06860686093568802
YNL071W,YLR135W,0,0.11303936,0.07537011802196503,0.0559440553188324,0.06870687007904053
YGR046W,YIL018W,0,0.112863064,0.07526881992816925,0.0559440553188324,0.06880687922239304
YOR133W,YMR275C,0,0.11280976,0.07516778260469437,0.0559440553188324,0.06890688836574554
YHR079C-B,YDR004W,0,0.11280478,0.07506702095270157,0.0559440553188324,0.06900689750909805
YCL019W,YDR012W,0,0.11266302,0.07496653497219086,0.0559440553188324,0.06910691410303116
YJL145W,YJR131W,0,0.11264932,0.07486630976200104,0.0559440553188324,0.06920692324638367
YCR106W,YDL100C,0,0.11264886,0.07476635277271271,0.0559440553188324,0.06930693238973618
YNL151C,YDR171W,0,0.11263201,0.07466666400432587,0.0559440553188324,0.06940694153308868
YBR040W,YHL016C,0,0.11248597,0.07456724345684052,0.0559440553188324,0.06950695067644119
YHR178W,YML113W,0,0.11228892,0.07446808367967606,0.0559440553188324,0.0696069598197937
YPR068C,YIL052C,0,0.11211868,0.07436919212341309,0.0559440553188324,0.06970696896314621
YKL057C,YLR260W,1,0.1115771,0.07559681683778763,0.056943055242300034,0.06970696896314621
YJL080C,YDR155C,0,0.11150827,0.07549668848514557,0.056943055242300034,0.06980697810649872
YKL028W,YIL172C,0,0.11140309,0.075396828353405,0.056943055242300034,0.06990698724985123
YGL213C,YLR313C,0,0.11125639,0.07529722899198532,0.056943055242300034,0.07000700384378433
YKR009C,YGL011C,0,0.11124031,0.07519789040088654,0.056943055242300034,0.07010701298713684
YOL053C-A,YLR260W,1,0.11109342,0.07641633599996567,0.05794205889105797,0.07010701298713684
YKL216W,YHR165C,0,0.111084916,0.07631579041481018,0.05794205889105797,0.07020702213048935
YKL140W,YDR148C,0,0.111061305,0.07621550559997559,0.05794205889105797,0.07030703127384186
YMR088C,YIL063C,0,0.11083911,0.07611548900604248,0.05794205889105797,0.07040704041719437
YGL073W,YKR082W,1,0.1107077,0.07732634246349335,0.058941058814525604,0.07040704041719437
YNL173C,YJL059W,0,0.11059022,0.07722513377666473,0.058941058814525604,0.07050704956054688
YNL041C,YEL024W,0,0.11057598,0.07712418586015701,0.058941058814525604,0.07060705870389938
YLL054C,YHL025W,0,0.11049603,0.07702349871397018,0.058941058814525604,0.07070706784725189
YDR141C,YGL255W,0,0.11049597,0.07692307978868484,0.058941058814525604,0.0708070769906044
YOR386W,YBR171W,0,0.11029573,0.0768229141831398,0.058941058814525604,0.0709070935845375
YDR529C,YMR237W,0,0.1102298,0.07672301679849625,0.058941058814525604,0.07100710272789001
YJL041W,YGR203W,0,0.11004074,0.07662338018417358,0.058941058814525604,0.07110711187124252
YIL038C,YLR034C,0,0.10997772,0.07652399688959122,0.058941058814525604,0.07120712101459503
YML082W,YPL187W,0,0.10992081,0.07642486691474915,0.058941058814525604,0.07130713015794754
YDR517W,YPL038W,0,0.10991365,0.07632600516080856,0.058941058814525604,0.07140713930130005
YMR263W,YLL026W,1,0.10959293,0.07751937955617905,0.05994005873799324,0.07140713930130005
YBR273C,YPL228W,0,0.10926047,0.07741935551166534,0.05994005873799324,0.07150714844465256
YBR279W,YDR425W,0,0.10922319,0.07731958478689194,0.05994005873799324,0.07160715758800507
YBL056W,YIL126W,0,0.10911007,0.07722007483243942,0.05994005873799324,0.07170717418193817
YIL066C,YJL010C,0,0.10897675,0.0771208256483078,0.05994005873799324,0.07180718332529068
YMR037C,YLR277C,0,0.10888457,0.07702182233333588,0.05994005873799324,0.07190719246864319
YNL268W,YDR356W,0,0.10882591,0.07692307978868484,0.05994005873799324,0.0720072016119957
YDL079C,YIL158W,0,0.10881072,0.07682458311319351,0.05994005873799324,0.0721072107553482
YMR009W,YGL033W,0,0.10851795,0.07672633975744247,0.05994005873799324,0.07220721989870071
YLR408C,YOR092W,0,0.10843418,0.07662834972143173,0.05994005873799324,0.07230722904205322
YPL060W,YNL097C,0,0.10839931,0.07653061300516129,0.05994005873799324,0.07240723818540573
YLR110C,YDL137W,0,0.10837352,0.07643312215805054,0.05994005873799324,0.07250724732875824
YGR040W,YDR531W,0,0.108164825,0.07633587718009949,0.05994005873799324,0.07260726392269135
YLR362W,YHR065C,0,0.10814077,0.07623888552188873,0.05994005873799324,0.07270727306604385
YLR409C,YDR155C,0,0.108020246,0.07614213228225708,0.05994005873799324,0.07280728220939636
YOR386W,YMR167W,0,0.10801743,0.07604562491178513,0.05994005873799324,0.07290729135274887
YJL090C,YKR098C,0,0.107866466,0.07594936341047287,0.05994005873799324,0.07300730049610138
YER065C,YLR277C,0,0.10768071,0.07585334777832031,0.05994005873799324,0.07310730963945389
YDR156W,YDR408C,0,0.107527494,0.07575757801532745,0.05994005873799324,0.0732073187828064
YMR092C,YHR152W,0,0.10734434,0.0756620392203331,0.05994005873799324,0.0733073279261589
YER087C-A,YGL064C,0,0.107332855,0.07556675374507904,0.05994005873799324,0.07340733706951141
YAL051W,YBR171W,0,0.107301384,0.07547169923782349,0.05994005873799324,0.07350735366344452
YML103C,YDL100C,1,0.10709624,0.07663316279649734,0.060939062386751175,0.07350735366344452
YDL150W,YBR186W,0,0.10705377,0.07653701305389404,0.060939062386751175,0.07360736280679703
YER073W,YFL018W-A,0,0.106457815,0.07644110172986984,0.060939062386751175,0.07370737195014954
YGL223C,YKL114C,0,0.10635704,0.07634542882442474,0.060939062386751175,0.07380738109350204
YJR102C,YIL038C,0,0.10592374,0.07625000178813934,0.060939062386751175,0.07390739023685455
YPL037C,YLR307W,0,0.105764896,0.07615480571985245,0.060939062386751175,0.07400739938020706
YPR201W,YHL025W,0,0.1057479,0.07605984807014465,0.060939062386751175,0.07410740852355957
YOR060C,YNR073C,0,0.10551132,0.07596512883901596,0.060939062386751175,0.07420741766691208
YPR081C,YCL031C,0,0.10550666,0.07587064802646637,0.060939062386751175,0.07430743426084518
YPL162C,YGL123W,0,0.10546755,0.07577639818191528,0.060939062386751175,0.07440744340419769
YNL001W,YLR460C,0,0.105267204,0.0756823793053627,0.060939062386751175,0.0745074525475502
YLR373C,YKL143W,0,0.105262995,0.07558859884738922,0.060939062386751175,0.07460746169090271
YBR085W,YDR394W,0,0.10516868,0.07549504935741425,0.060939062386751175,0.07470747083425522
YGR275W,YGR183C,0,0.10513152,0.07540173083543777,0.060939062386751175,0.07480747997760773
YOR228C,YFL034C-A,0,0.10512441,0.07530864328145981,0.060939062386751175,0.07490748912096024
YDL008W,YGR195W,0,0.10505785,0.07521578669548035,0.060939062386751175,0.07500749826431274
YPL141C,YPR124W,0,0.104716636,0.07512315362691879,0.060939062386751175,0.07510750740766525
YOL004W,YOL053C-A,1,0.10465795,0.0762607604265213,0.06193806231021881,0.07510750740766525
YNL045W,YJL209W,0,0.104356945,0.07616707682609558,0.06193806231021881,0.07520752400159836
YBR077C,YMR060C,0,0.10432282,0.07607361674308777,0.06193806231021881,0.07530753314495087
YHR170W,YFL052W,0,0.10366927,0.07598039507865906,0.06193806231021881,0.07540754228830338
YOR189W,YPR161C,0,0.10354914,0.07588738948106766,0.06193806231021881,0.07550755143165588
YDR021W,YOL023W,0,0.10347359,0.07579462230205536,0.06193806231021881,0.07560756057500839
YCL064C,YGL018C,0,0.10319763,0.07570207864046097,0.06193806231021881,0.0757075697183609
YJL054W,YPR108W,0,0.1031124,0.07560975849628448,0.06193806231021881,0.07580757886171341
YOR070C,YPL220W,0,0.10298745,0.07551766186952591,0.06193806231021881,0.07590758800506592
YHR027C,YBR079C,0,0.10279369,0.07542578876018524,0.06193806231021881,0.07600759714841843
YCR016W,YKL035W,0,0.10266399,0.07533414661884308,0.06193806231021881,0.07610761374235153
YJR013W,YMR047C,0,0.10219972,0.07524272054433823,0.06193806231021881,0.07620762288570404
YJR047C,YGL130W,0,0.10210321,0.07515151798725128,0.06193806231021881,0.07630763202905655
YJL093C,YNL065W,0,0.10185004,0.07506053149700165,0.06193806231021881,0.07640764117240906
YOR192C,YJR060W,0,0.10181699,0.07496976852416992,0.06193806231021881,0.07650765031576157
YGL100W,YKL112W,0,0.10113919,0.0748792290687561,0.06193806231021881,0.07660765945911407
YBR133C,YKR018C,0,0.10109843,0.0747889056801796,0.06193806231021881,0.07670766860246658
YPL177C,YAL011W,0,0.1009997,0.0746987983584404,0.06193806231021881,0.07680767774581909
YBR291C,YDL010W,0,0.10097946,0.07460890710353851,0.06193806231021881,0.0769076943397522
YPL217C,YPR199C,0,0.100615144,0.07451923191547394,0.06193806231021881,0.0770077034831047
YKR046C,YDR014W,0,0.10057892,0.07442977279424667,0.06193806231021881,0.07710771262645721
YIL087C,YHR114W,0,0.10053548,0.07434052973985672,0.06193806231021881,0.07720772176980972
YBR286W,YIL049W,0,0.100459546,0.07425149530172348,0.06193806231021881,0.07730773091316223
YOR036W,YCR003W,0,0.10015391,0.07416267693042755,0.06193806231021881,0.07740774005651474
YOR195W,YBL047C,0,0.10010035,0.07407407462596893,0.06193806231021881,0.07750774919986725
YCL050C,YDR484W,0,0.09999189,0.07398568093776703,0.06193806231021881,0.07760775834321976
YMR153W,YLR396C,0,0.099721484,0.07389749586582184,0.06193806231021881,0.07770776748657227
YBR082C,YDR309C,0,0.09970269,0.07380952686071396,0.06193806231021881,0.07780778408050537
YBR158W,YPR156C,0,0.09952949,0.0737217590212822,0.06193806231021881,0.07790779322385788
YDR397C,YPL075W,0,0.09929341,0.07363420724868774,0.06193806231021881,0.07800780236721039
YOR273C,YOR158W,0,0.098787844,0.07354685664176941,0.06193806231021881,0.0781078115105629
YGL032C,YDL201W,0,0.098550364,0.07345971465110779,0.06193806231021881,0.0782078206539154
YKR039W,YBR034C,0,0.098549336,0.07337278127670288,0.06193806231021881,0.07830782979726791
YJR117W,YER072W,0,0.09849128,0.07328604906797409,0.06193806231021881,0.07840783894062042
YJR025C,YLR166C,0,0.09848796,0.07319952547550201,0.06193806231021881,0.07850784808397293
YOR386W,YGL092W,0,0.098409355,0.07311321049928665,0.06193806231021881,0.07860785722732544
YGR260W,YGR280C,0,0.098287866,0.07302708923816681,0.06193806231021881,0.07870787382125854
YPL005W,YNL268W,0,0.09822167,0.07294117659330368,0.06193806231021881,0.07880788296461105
YPL158C,YER099C,0,0.098106906,0.07285546511411667,0.06193806231021881,0.07890789210796356
YJL148W,YPR178W,0,0.09807247,0.07276995480060577,0.06193806231021881,0.07900790125131607
YGR086C,YJL140W,1,0.09795978,0.07385697215795517,0.06293706595897675,0.07900790125131607
YPL149W,YNR023W,0,0.097899914,0.07377049326896667,0.06293706595897675,0.07910791039466858
YER107C,YMR186W,1,0.097785085,0.0748538002371788,0.06393606215715408,0.07910791039466858
YFR044C,YDR484W,0,0.09772101,0.07476635277271271,0.06393606215715408,0.07920791953802109
YJR109C,YOR100C,0,0.09770753,0.07467911392450333,0.06393606215715408,0.0793079286813736
YMR199W,YFL026W,0,0.09766401,0.07459207624197006,0.06393606215715408,0.0794079378247261
YGL250W,YGR098C,0,0.0971988,0.07450523972511292,0.06393606215715408,0.07950795441865921
YMR128W,YIL160C,0,0.09704288,0.07441860437393188,0.06393606215715408,0.07960796356201172
YOR293W,YPR037C,0,0.097020656,0.07433217018842697,0.06393606215715408,0.07970797270536423
YIL084C,YLR182W,1,0.09688982,0.0754060298204422,0.06493506580591202,0.07970797270536423
YER074W-A,YGR099W,0,0.09688919,0.07531865686178207,0.06493506580591202,0.07980798184871674
YNL286W,YJR095W,0,0.09630889,0.07523148506879807,0.06493506580591202,0.07990799099206924
YIL087C,YNL287W,0,0.09627817,0.07514450699090958,0.06493506580591202,0.08000800013542175
YNL021W,YDR153C,0,0.09625338,0.0750577375292778,0.06493506580591202,0.08010800927877426
YNR033W,YPR101W,0,0.09624815,0.07497116178274155,0.06493506580591202,0.08020801842212677
YOL052C-A,YLR260W,1,0.09618388,0.07603686302900314,0.06593406945466995,0.08020801842212677
YDR441C,YLR037C,0,0.09613773,0.07594936341047287,0.06593406945466995,0.08030802756547928
YNL339C,YDR087C,0,0.09598902,0.07586207240819931,0.06593406945466995,0.08040804415941238
YDR424C,YKL077W,0,0.09596803,0.07577496767044067,0.06593406945466995,0.08050805330276489
YDR430C,YER086W,0,0.09589521,0.07568807154893875,0.06593406945466995,0.0806080624461174
YDR363W,YDR077W,0,0.09585611,0.07560137659311295,0.06593406945466995,0.08070807158946991
YPL157W,YDR267C,0,0.09582408,0.07551487535238266,0.06593406945466995,0.08080808073282242
YIR031C,YHR091C,0,0.09549815,0.0754285678267479,0.06593406945466995,0.08090808987617493
YGR207C,YCR042C,0,0.095429,0.07534246891736984,0.06593406945466995,0.08100809901952744
YNL256W,YKL100C,0,0.09535356,0.07525655627250671,0.06593406945466995,0.08110810816287994
YIR028W,YNL316C,0,0.095273346,0.0751708447933197,0.06593406945466995,0.08120811730623245
YML107C,YDR385W,0,0.09510571,0.07508532702922821,0.06593406945466995,0.08130813390016556
YPL152W,YDL031W,0,0.09486565,0.07500000298023224,0.06593406945466995,0.08140814304351807
YGL179C,YHR196W,0,0.09470936,0.07491487264633179,0.06593406945466995,0.08150815218687057
YCR004C,YIR031C,0,0.094649665,0.07482992857694626,0.06593406945466995,0.08160816133022308
YOR375C,YOL089C,0,0.09462084,0.07474518567323685,0.06593406945466995,0.08170817047357559
YIL082W-A,YPR063C,0,0.09442641,0.07466063648462296,0.06593406945466995,0.0818081796169281
YDR087C,YBR264C,0,0.09428516,0.07457627356052399,0.06593406945466995,0.08190818876028061
YJL083W,YKL065C,0,0.09426282,0.07449209690093994,0.06593406945466995,0.08200819790363312
YLR368W,YDR098C,0,0.09416087,0.07440811395645142,0.06593406945466995,0.08210821449756622
YBR004C,YDL004W,0,0.094139956,0.07432432472705841,0.06593406945466995,0.08220822364091873
YGL073W,YOL053C-A,1,0.09404103,0.0753655806183815,0.06693306565284729,0.08220822364091873
YLR335W,YDR192C,1,0.09394723,0.07640449702739716,0.06793206930160522,0.08220822364091873
YJR135W-A,YJR096W,0,0.09371582,0.07631874084472656,0.06793206930160522,0.08230823278427124
YEL027W,YDR003W,0,0.09361026,0.07623318582773209,0.06793206930160522,0.08240824192762375
YER131W,YIL072W,0,0.09360821,0.07614781707525253,0.06793206930160522,0.08250825107097626
YDR352W,YER070W,0,0.09346916,0.0760626420378685,0.06793206930160522,0.08260826021432877
YDL134C-A,YDR501W,0,0.09341492,0.07597765326499939,0.06793206930160522,0.08270826935768127
YBR217W,YPL232W,0,0.09307438,0.0758928582072258,0.06793206930160522,0.08280827850103378
YOR136W,YML001W,0,0.09306541,0.07580824941396713,0.06793206930160522,0.08290828764438629
YOL157C,YNL039W,0,0.09296638,0.07572383433580399,0.06793206930160522,0.0830083042383194
YBR207W,YHR123W,0,0.092961654,0.07563959807157516,0.06793206930160522,0.0831083133816719
YBR296C,YKL113C,0,0.09288113,0.07555555552244186,0.06793206930160522,0.08320832252502441
YDR545W,YFR044C,0,0.09277943,0.07547169923782349,0.06793206930160522,0.08330833166837692
YDR043C,YNL029C,0,0.09269285,0.07538802921772003,0.06793206930160522,0.08340834081172943
YFL018C,YOR344C,0,0.09258626,0.0753045380115509,0.06793206930160522,0.08350834995508194
YLR360W,YMR221C,0,0.09251383,0.0752212405204773,0.06793206930160522,0.08360835909843445
YNL075W,YEL001C,0,0.09234133,0.07513812184333801,0.06793206930160522,0.08370836824178696
YNL146W,YOR362C,0,0.09223318,0.07505518943071365,0.06793206930160522,0.08380837738513947
YOL077C,YJR131W,0,0.09214121,0.07497243583202362,0.06793206930160522,0.08390839397907257
YJL021C,YLR032W,0,0.0921143,0.07488986849784851,0.06793206930160522,0.08400840312242508
YKR007W,YDR246W,0,0.09200412,0.07480747997760773,0.06793206930160522,0.08410841226577759
YPL048W,YLR008C,0,0.09159292,0.07472527772188187,0.06793206930160522,0.0842084214091301
YER160C,YLR037C,0,0.09152681,0.07464324682950974,0.06793206930160522,0.0843084305524826
YPL174C,YMR297W,0,0.09124469,0.07456140220165253,0.06793206930160522,0.08440843969583511
YCR039C,YJR094W-A,0,0.091238886,0.07447973638772964,0.06793206930160522,0.08450844883918762
YLR182W,YLR260W,1,0.091213785,0.07549234479665756,0.06893106549978256,0.08450844883918762
YDL195W,YOL152W,0,0.090988085,0.07540983706712723,0.06893106549978256,0.08460845798254013
YGR249W,YDL109C,0,0.09096366,0.07532750815153122,0.06893106549978256,0.08470846712589264
YLR335W,YNL283C,1,0.09093803,0.07633587718009949,0.0699300691485405,0.08470846712589264
YJR066W,YDR273W,0,0.09080412,0.07625272125005722,0.0699300691485405,0.08480848371982574
YFL011W,YBR094W,0,0.09062378,0.07616975158452988,0.0699300691485405,0.08490849286317825
YCL066W,YIL026C,0,0.0906104,0.07608695328235626,0.0699300691485405,0.08500850200653076
YNR071C,YOR312C,0,0.09057137,0.07600434124469757,0.0699300691485405,0.08510851114988327
YBL006C,YDR367W,0,0.09056342,0.0759219080209732,0.0699300691485405,0.08520852029323578
YKR039W,YGR172C,0,0.09042774,0.07583965361118317,0.0699300691485405,0.08530852943658829
YLR207W,YCL040W,0,0.09015749,0.07575757801532745,0.0699300691485405,0.0854085385799408
YLR057W,YLL010C,0,0.09009821,0.07567567378282547,0.0699300691485405,0.0855085477232933
YBR296C,YBR142W,0,0.09002988,0.07559395581483841,0.0699300691485405,0.08560856431722641
YJL102W,YKR010C,0,0.08982524,0.07551240921020508,0.0699300691485405,0.08570857346057892
YML081C-A,YGR007W,0,0.08974971,0.07543103396892548,0.0699300691485405,0.08580858260393143
YMR009W,YBR090C-A,0,0.08957595,0.0753498375415802,0.0699300691485405,0.08590859174728394
YMR067C,YOR010C,0,0.08957251,0.07526881992816925,0.0699300691485405,0.08600860089063644
YLR172C,YGR209C,0,0.08955869,0.07518796622753143,0.0699300691485405,0.08610861003398895
YDR463W,YBR298C,0,0.089550115,0.07510729879140854,0.0699300691485405,0.08620861917734146
YPR140W,YPL086C,0,0.08947298,0.07502679526805878,0.0699300691485405,0.08630862832069397
YKR027W,YOL152W,0,0.0894199,0.07494646310806274,0.0699300691485405,0.08640863746404648
YDR051C,YBL082C,0,0.08940478,0.07486630976200104,0.0699300691485405,0.08650865405797958
YOR257W,YER174C,0,0.08926169,0.07478632777929306,0.0699300691485405,0.08660866320133209
YLR340W,YML092C,0,0.089178935,0.07470650970935822,0.0699300691485405,0.0867086723446846
YGR247W,YGL135W,0,0.089104995,0.0746268630027771,0.0699300691485405,0.08680868148803711
YNL007C,YDL193W,0,0.08895634,0.07454738765954971,0.0699300691485405,0.08690869063138962
YNL116W,YCR107W,0,0.088945426,0.07446808367967606,0.0699300691485405,0.08700869977474213
YGL231C,YLR069C,0,0.08861559,0.07438895106315613,0.0699300691485405,0.08710870891809464
YML107C,YDR452W,0,0.088528074,0.07430998235940933,0.0699300691485405,0.08720871806144714
YBR086C,YFL003C,0,0.08848276,0.07423117756843567,0.0699300691485405,0.08730872720479965
YLR210W,YGR223C,0,0.088463634,0.07415254414081573,0.0699300691485405,0.08740874379873276
YOR312C,YDR258C,0,0.08845082,0.07407407462596893,0.0699300691485405,0.08750875294208527
YDR301W,YPR023C,0,0.08841808,0.07399576902389526,0.0699300691485405,0.08760876208543777
YJL074C,YHR140W,0,0.08830139,0.07391763478517532,0.0699300691485405,0.08770877122879028
YLR313C,YAL061W,0,0.08822073,0.07383966445922852,0.0699300691485405,0.08780878037214279
YBL006C,YOR214C,0,0.08800603,0.07376185804605484,0.0699300691485405,0.0879087895154953
YDR409W,YLR413W,0,0.08797548,0.0736842080950737,0.0699300691485405,0.08800879865884781
YHR031C,YML129C,0,0.08758496,0.07360672950744629,0.0699300691485405,0.08810880780220032
YOR193W,YKL148C,0,0.08755853,0.07352941483259201,0.0699300691485405,0.08820882439613342
YMR322C,YNL132W,0,0.087496765,0.07345225661993027,0.0699300691485405,0.08830883353948593
YNL056W,YEL039C,0,0.08707115,0.07337526232004166,0.0699300691485405,0.08840884268283844
YGR261C,YJR076C,0,0.08695112,0.07329843193292618,0.0699300691485405,0.08850885182619095
YOR122C,YHR114W,0,0.08677101,0.07322175800800323,0.0699300691485405,0.08860886096954346
YPL249C,YGL022W,0,0.086750075,0.07314524799585342,0.0699300691485405,0.08870887011289597
YDL136W,YOL052C-A,0,0.08670202,0.07306889444589615,0.0699300691485405,0.08880887925624847
YJL089W,YGL022W,0,0.08668657,0.07299269735813141,0.0699300691485405,0.08890888839960098
YAL059W,YPR071W,0,0.08643526,0.0729166641831398,0.0699300691485405,0.08900889754295349
YKR092C,YML104C,0,0.086119056,0.07284078747034073,0.0699300691485405,0.0891089141368866
YHR020W,YKL042W,0,0.08601328,0.07276507467031479,0.0699300691485405,0.0892089232802391
YBR286W,YJL181W,0,0.08590829,0.07268951088190079,0.0699300691485405,0.08930893242359161
YNR061C,YOR210W,0,0.08587965,0.07261411100625992,0.0699300691485405,0.08940894156694412
YNR033W,YLR439W,0,0.085859865,0.07253886014223099,0.0699300691485405,0.08950895071029663
YNR063W,YLR001C,0,0.08563776,0.07246376574039459,0.0699300691485405,0.08960895985364914
YOR254C,YJL113W,0,0.08511683,0.07238882780075073,0.0699300691485405,0.08970896899700165
YGL045W,YKL063C,0,0.08505589,0.07231404632329941,0.0699300691485405,0.08980897814035416
YNL066W,YBR288C,0,0.08491176,0.07223942130804062,0.0699300691485405,0.08990898728370667
YPR104C,YNL254C,0,0.084610164,0.07216494530439377,0.0699300691485405,0.09000900387763977
YER031C,YJL212C,0,0.08450456,0.07209062576293945,0.0699300691485405,0.09010901302099228
YER108C,YNL311C,0,0.084469385,0.07201646268367767,0.0699300691485405,0.09020902216434479
YOR341W,YML126C,0,0.08443317,0.07194244861602783,0.0699300691485405,0.0903090313076973
YDR325W,YER179W,0,0.08440007,0.07186858355998993,0.0699300691485405,0.0904090404510498
YOR077W,YER038C,0,0.084356524,0.07179487496614456,0.0699300691485405,0.09050904959440231
YGR038W,YDR046C,0,0.08426219,0.07172130793333054,0.0699300691485405,0.09060905873775482
YGL063W,YEL004W,0,0.08424498,0.07164790481328964,0.0699300691485405,0.09070906788110733
YOR003W,YMR275C,0,0.08419075,0.07157464325428009,0.0699300691485405,0.09080908447504044
YDR028C,YBR212W,0,0.084089026,0.07150153070688248,0.0699300691485405,0.09090909361839294
YCL030C,YBR264C,0,0.08401853,0.0714285746216774,0.0699300691485405,0.09100910276174545
YEL006W,YBL084C,0,0.08392753,0.07135576009750366,0.0699300691485405,0.09110911190509796
YCL019W,YGR162W,0,0.08392663,0.07128309458494186,0.0699300691485405,0.09120912104845047
YJL140W,YDL088C,1,0.08357787,0.07222787290811539,0.07092907279729843,0.09120912104845047
YLR035C-A,YAL056W,0,0.08347241,0.0721544697880745,0.07092907279729843,0.09130913019180298
YOL126C,YNL246W,0,0.08343175,0.07208121567964554,0.07092907279729843,0.09140913933515549
YDL220C,YOR034C,0,0.08342126,0.07200811058282852,0.07092907279729843,0.091509148478508
YER054C,YML018C,0,0.08339253,0.07193515449762344,0.07092907279729843,0.0916091576218605
YJL010C,YJR155W,0,0.08303041,0.0718623474240303,0.07092907279729843,0.09170917421579361
YAR019C,YLR367W,0,0.082992256,0.0717896893620491,0.07092907279729843,0.09180918335914612
YDR171W,YLR182W,1,0.08273361,0.072727270424366,0.07192806899547577,0.09180918335914612
YOR178C,YLL006W,0,0.08273311,0.0726538822054863,0.07192806899547577,0.09190919250249863
YHR215W,YGL018C,0,0.08269547,0.07258064299821854,0.07192806899547577,0.09200920164585114
YER019W,YGR101W,0,0.082567126,0.07250755280256271,0.07192806899547577,0.09210921078920364
YNL233W,YER139C,0,0.0824925,0.07243460416793823,0.07192806899547577,0.09220921993255615
YIR003W,YNL212W,0,0.08240741,0.07236181199550629,0.07192806899547577,0.09230922907590866
YCR081W,YOR266W,0,0.08232153,0.07228915393352509,0.07192806899547577,0.09240923821926117
YKL060C,YDR432W,0,0.08222875,0.07221665233373642,0.07192806899547577,0.09250924736261368
YGL141W,YOR004W,0,0.082227856,0.0721442922949791,0.07192806899547577,0.09260926395654678
YJL116C,YPL144W,0,0.082062796,0.07207207381725311,0.07192806899547577,0.09270927309989929
YDR399W,YJL160C,0,0.08198985,0.07199999690055847,0.07192806899547577,0.0928092822432518
YOR156C,YDL168W,0,0.08191229,0.07192806899547577,0.07192806899547577,0.09290929138660431
YGR125W,YNL299W,0,0.08155073,0.071856290102005,0.07192806899547577,0.09300930052995682
YML082W,YIL153W,0,0.08122325,0.07178464531898499,0.07192806899547577,0.09310930967330933
YHR016C,YDR019C,0,0.08112645,0.0717131495475769,0.07192806899547577,0.09320931881666183
YMR009W,YLR106C,0,0.08097784,0.07164178788661957,0.07192806899547577,0.09330932796001434
YBR072W,YER111C,1,0.080766454,0.07256460934877396,0.0729270726442337,0.09330932796001434
YER053C,YBR105C,0,0.08059636,0.0724925547838211,0.0729270726442337,0.09340934455394745
YML007W,YER025W,0,0.0805023,0.072420634329319,0.0729270726442337,0.09350935369729996
YEL026W,YOR109W,0,0.08043009,0.07234886288642883,0.0729270726442337,0.09360936284065247
YLL011W,YGR212W,0,0.08035261,0.07227722555398941,0.0729270726442337,0.09370937198400497
YIL084C,YPL240C,1,0.08008247,0.07319485396146774,0.07392607629299164,0.09370937198400497
YFR037C,YPL168W,0,0.080058694,0.0731225311756134,0.07392607629299164,0.09380938112735748
YOL092W,YPR180W,0,0.07998853,0.07305034250020981,0.07392607629299164,0.09390939027070999
YIL030C,YPL262W,0,0.079981856,0.07297830283641815,0.07392607629299164,0.0940093994140625
YGR186W,YKL185W,0,0.079878956,0.07290640473365784,0.07392607629299164,0.09410940855741501
YDR037W,YJR027W,0,0.07983803,0.07283464819192886,0.07392607629299164,0.09420941770076752
YJL203W,YJL047C,0,0.079750925,0.07276302576065063,0.07392607629299164,0.09430943429470062
YDR533C,YDL101C,0,0.07970357,0.07269155234098434,0.07392607629299164,0.09440944343805313
YAL053W,YBR296C,0,0.0797015,0.0726202130317688,0.07392607629299164,0.09450945258140564
YER108C,YNR026C,0,0.07918205,0.07254902273416519,0.07392607629299164,0.09460946172475815
YFL025C,YOR044W,0,0.07909538,0.07247795909643173,0.07392607629299164,0.09470947086811066
YNL148C,YGR205W,0,0.07887475,0.07240704447031021,0.07392607629299164,0.09480948001146317
YIL004C,YBR290W,0,0.078628086,0.07233626395463943,0.07392607629299164,0.09490948915481567
YCR016W,YGL005C,0,0.078521885,0.072265625,0.07392607629299164,0.09500949829816818
YPR018W,YLR007W,0,0.078476265,0.07219512015581131,0.07392607629299164,0.09510950744152069
YMR263W,YIL167W,0,0.07833938,0.07212475687265396,0.07392607629299164,0.0952095240354538
YBR154C,YDL181W,0,0.078335896,0.07205452769994736,0.07392607629299164,0.0953095331788063
YER155C,YPL262W,0,0.07830866,0.0719844326376915,0.07392607629299164,0.09540954232215881
YNL245C,YJL050W,0,0.07814459,0.07191447913646698,0.07392607629299164,0.09550955146551132
YMR223W,YBL060W,0,0.078097865,0.0718446597456932,0.07392607629299164,0.09560956060886383
YER166W,YOR057W,0,0.077896744,0.07177497446537018,0.07392607629299164,0.09570956975221634
YOR242C,YGR244C,0,0.07772468,0.0717054232954979,0.07392607629299164,0.09580957889556885
YBR239C,YDR126W,0,0.07769611,0.07163601368665695,0.07392607629299164,0.09590958803892136
YKR024C,YCR067C,0,0.07754629,0.07156673073768616,0.07392607629299164,0.09600960463285446
YPR008W,YMR122W-A,0,0.07751999,0.07149758189916611,0.07392607629299164,0.09610961377620697
YKL181W,YHR190W,0,0.07749167,0.0714285746216774,0.07392607629299164,0.09620962291955948
YLR167W,YHR017W,0,0.07744683,0.07135969400405884,0.07392607629299164,0.09630963206291199
YPL004C,YJL140W,1,0.07738784,0.07225433737039566,0.07492507249116898,0.09630963206291199
YNL061W,YDR018C,0,0.07721928,0.07218479365110397,0.07492507249116898,0.0964096412062645
YCR004C,YLR132C,0,0.07705851,0.07211538404226303,0.07492507249116898,0.096509650349617
YKL156W,YCR098C,0,0.07702411,0.07204610854387283,0.07492507249116898,0.09660965949296951
YJL141C,YKL057C,1,0.07695387,0.07293666154146194,0.07592407613992691,0.09660965949296951
YOR034C,YKL049C,0,0.07684913,0.07286673039197922,0.07592407613992691,0.09670966863632202
YOR368W,YML098W,0,0.07660187,0.07279693335294724,0.07592407613992691,0.09680967777967453
YMR052W,YFR007W,0,0.07646032,0.072727270424366,0.07592407613992691,0.09690969437360764
YDL180W,YLR287C-A,0,0.07644885,0.0726577416062355,0.07592407613992691,0.09700970351696014
YML004C,YBR240C,0,0.07636299,0.07258834689855576,0.07592407613992691,0.09710971266031265
YBL024W,YJL001W,0,0.07629052,0.07251908630132675,0.07592407613992691,0.09720972180366516
YCL012W,YDR265W,0,0.07624397,0.0724499523639679,0.07592407613992691,0.09730973094701767
YOL132W,YBR185C,0,0.076183975,0.07238095253705978,0.07592407613992691,0.09740974009037018
YDR074W,YBR025C,1,0.07616123,0.07326355576515198,0.07692307978868484,0.09740974009037018
YGR188C,YLL039C,0,0.07600954,0.07319391518831253,0.07692307978868484,0.09750974923372269
YOL030W,YBR112C,0,0.07593358,0.07312440872192383,0.07692307978868484,0.0976097583770752
YPR066W,YPR168W,0,0.07566631,0.07305502891540527,0.07692307978868484,0.0977097675204277
YDR180W,YLR019W,0,0.07556641,0.07298578321933746,0.07692307978868484,0.09780978411436081
YOL052C-A,YER159C,1,0.075289585,0.07386363297700882,0.07792207598686218,0.09780978411436081
YNR048W,YPR112C,0,0.075234175,0.07379375398159027,0.07792207598686218,0.09790979325771332
YKL160W,YNL336W,0,0.075190514,0.07372400909662247,0.07792207598686218,0.09800980240106583
YHR108W,YJR095W,0,0.07480408,0.07365439087152481,0.07792207598686218,0.09810981154441833
YMR079W,YDR251W,0,0.074406065,0.0735849067568779,0.07792207598686218,0.09820982068777084
YFL044C,YDR194C,0,0.07438949,0.07351554930210114,0.07792207598686218,0.09830982983112335
YNL315C,YNL291C,0,0.07438206,0.07344632595777512,0.07792207598686218,0.09840983897447586
YMR166C,YER040W,0,0.07434066,0.07337723672389984,0.07792207598686218,0.09850984811782837
YPL046C,YMR109W,0,0.074311875,0.07330827414989471,0.07792207598686218,0.09860985726118088
YBR217W,YBR228W,0,0.07424408,0.07323943823575974,0.07792207598686218,0.09870987385511398
YPR120C,YDL168W,0,0.07419108,0.0731707289814949,0.07792207598686218,0.09880988299846649
YOR236W,YJL063C,0,0.07417372,0.07310215383768082,0.07792207598686218,0.098909892141819
YOL109W,YOR174W,0,0.07414135,0.07303370535373688,0.07792207598686218,0.09900990128517151
YMR225C,YFR030W,0,0.074101046,0.07296539098024368,0.07792207598686218,0.09910991042852402
YJL138C,YPL074W,0,0.07397103,0.07289719581604004,0.07792207598686218,0.09920991957187653
YNR024W,YOL096C,0,0.07384871,0.07282913476228714,0.07792207598686218,0.09930992871522903
YGR083C,YKL065C,0,0.07376643,0.07276119291782379,0.07792207598686218,0.09940993785858154
YAL034W-A,YBR023C,0,0.07373276,0.07269338518381119,0.07792207598686218,0.09950995445251465
YER089C,YBR049C,0,0.07356426,0.07262569665908813,0.07792207598686218,0.09960996359586716
YMR011W,YPL221W,0,0.07355186,0.07255814224481583,0.07792207598686218,0.09970997273921967
YOR143C,YER119C,0,0.07349864,0.07249070703983307,0.07792207598686218,0.09980998188257217
YLR022C,YGR008C,0,0.0732733,0.07242339849472046,0.07792207598686218,0.09990999102592468
YOR307C,YLR001C,0,0.07320982,0.072356216609478,0.07792207598686218,0.10001000016927719
YHR096C,YMR109W,0,0.07274954,0.07228915393352509,0.07792207598686218,0.1001100093126297
YFR016C,YOL120C,0,0.07263954,0.07222222536802292,0.07792207598686218,0.10021001845598221
YPL140C,YDR528W,0,0.07253532,0.0721554085612297,0.07792207598686218,0.10031002759933472
YLR304C,YMR177W,0,0.072491616,0.07208872586488724,0.07792207598686218,0.10041004419326782
YIL119C,YDR031W,0,0.072435185,0.07202216237783432,0.07792207598686218,0.10051005333662033
YML095C,YGR200C,0,0.072411,0.07195571810007095,0.07792207598686218,0.10061006247997284
YOR190W,YGL251C,0,0.072296545,0.07188940048217773,0.07792207598686218,0.10071007162332535
YDR293C,YJR014W,0,0.07212508,0.07182320207357407,0.07792207598686218,0.10081008076667786
YLR410W,YJR118C,0,0.07197605,0.07175713032484055,0.07792207598686218,0.10091008991003036
YOR306C,YJR121W,0,0.071924314,0.07169117778539658,0.07792207598686218,0.10101009905338287
YIL051C,YOR110W,0,0.071811765,0.07162534445524216,0.07792207598686218,0.10111010819673538
YCR063W,YPL069C,0,0.07140973,0.07155963033437729,0.07792207598686218,0.10121011734008789
YGR041W,YDR093W,0,0.07135561,0.07149404287338257,0.07792207598686218,0.101310133934021
YBR216C,YER061C,0,0.071351156,0.0714285746216774,0.07792207598686218,0.1014101430773735
YGR295C,YDR111C,0,0.07122326,0.07136321812868118,0.07792207598686218,0.10151015222072601
YBL060W,YJL021C,0,0.07117359,0.07129798829555511,0.07792207598686218,0.10161016136407852
YBR070C,YMR004W,0,0.07098995,0.0712328776717186,0.07792207598686218,0.10171017050743103
YJR136C,YLR019W,1,0.070870295,0.07208029180765152,0.07892107963562012,0.10171017050743103
YKL163W,YGR211W,0,0.07078487,0.07201458513736725,0.07892107963562012,0.10181017965078354
YGL073W,YFL014W,1,0.070649415,0.0728597417473793,0.07992008328437805,0.10181017965078354
YDR108W,YIL027C,0,0.07064204,0.07279344648122787,0.07992008328437805,0.10191018879413605
YNL286W,YML127W,0,0.07058907,0.072727270424366,0.07992008328437805,0.10201019793748856
YOR205C,YPR007C,0,0.07052457,0.07266121357679367,0.07992008328437805,0.10211021453142166
YLR188W,YCR070W,0,0.070493184,0.07259528338909149,0.07992008328437805,0.10221022367477417
YIL084C,YOL053C-A,1,0.070296764,0.07343608140945435,0.08091907948255539,0.10221022367477417
YOR027W,YER159C,0,0.07003893,0.07336956262588501,0.08091907948255539,0.10231023281812668
YGR205W,YGL232W,0,0.07000687,0.07330317050218582,0.08091907948255539,0.10241024196147919
YHR197W,YLR128W,0,0.06998606,0.07323689013719559,0.08091907948255539,0.1025102511048317
YHR104W,YGR178C,0,0.06994144,0.0731707289814949,0.08091907948255539,0.1026102602481842
YNR049C,YFR024C,0,0.06989889,0.07310469448566437,0.08091907948255539,0.10271026939153671
YJL138C,YHR110W,0,0.069788486,0.07303877174854279,0.08091907948255539,0.10281027853488922
YGR063C,YOR196C,0,0.06966084,0.07297297567129135,0.08091907948255539,0.10291028767824173
YOR033C,YNL305C,0,0.06956568,0.07290729135274887,0.08091907948255539,0.10301030427217484
YIR013C,YDR397C,0,0.06955184,0.07284172624349594,0.08091907948255539,0.10311031341552734
YHR206W,YJR027W,0,0.0694965,0.07277628034353256,0.08091907948255539,0.10321032255887985
YDR446W,YFL035C-B,0,0.06941602,0.07271095365285873,0.08091907948255539,0.10331033170223236
YGL141W,YIL018W,0,0.0693097,0.07264573872089386,0.08091907948255539,0.10341034084558487
YPR103W,YOR113W,0,0.06930214,0.07258064299821854,0.08091907948255539,0.10351034998893738
YOR007C,YDR192C,1,0.06916705,0.07341092079877853,0.08191808313131332,0.10351034998893738
YOR201C,YDR253C,0,0.069110304,0.07334525883197784,0.08191808313131332,0.10361035913228989
YIL084C,YBR072W,1,0.06905922,0.07417336851358414,0.08291707932949066,0.10361035913228989
YNL212W,YHR141C,0,0.068977326,0.07410714030265808,0.08291707932949066,0.1037103682756424
YHL001W,YLR396C,0,0.06868659,0.07404103130102158,0.08291707932949066,0.1038103774189949
YDR308C,YOR267C,0,0.068679266,0.07397504150867462,0.08291707932949066,0.10391039401292801
YHR007C,YJR045C,0,0.06867433,0.07390917092561722,0.08291707932949066,0.10401040315628052
YGR262C,YML033W,0,0.06831744,0.07384341955184937,0.08291707932949066,0.10411041229963303
YPL149W,YDL156W,0,0.0682798,0.07377777993679047,0.08291707932949066,0.10421042144298553
YCL062W,YBR288C,0,0.068268225,0.07371225208044052,0.08291707932949066,0.10431043058633804
YMR037C,YBR025C,1,0.06823172,0.07453416287899017,0.0839160829782486,0.10431043058633804
YER096W,YLL018C,0,0.068043396,0.07446808367967606,0.0839160829782486,0.10441043972969055
YMR186W,YKR082W,1,0.06798504,0.07528786361217499,0.08491508662700653,0.10441043972969055
YGR125W,YDR471W,0,0.06793457,0.0752212405204773,0.08491508662700653,0.10451044887304306
YOL032W,YJR145C,0,0.06787792,0.07515472918748856,0.08491508662700653,0.10461045801639557
YLR048W,YIR017C,0,0.06783922,0.07508833706378937,0.08491508662700653,0.10471047461032867
YLR312C-B,YMR131C,0,0.0677797,0.07502206414937973,0.08491508662700653,0.10481048375368118
YPR100W,YPL152W,0,0.067705184,0.07495591044425964,0.08491508662700653,0.10491049289703369
YDL088C,YHL028W,1,0.067669116,0.07577092200517654,0.08591408282518387,0.10491049289703369
YOR284W,YDL174C,0,0.06759182,0.07570422440767288,0.08591408282518387,0.1050105020403862
YHL031C,YNL009W,0,0.067509875,0.07563764601945877,0.08591408282518387,0.10511051118373871
YKR079C,YOL016C,0,0.06729048,0.07557117938995361,0.08591408282518387,0.10521052032709122
YFR053C,YGR283C,0,0.067258626,0.075504831969738,0.08591408282518387,0.10531052947044373
YMR070W,YDR247W,0,0.067142636,0.07543859630823135,0.08591408282518387,0.10541053861379623
YJR137C,YAL068C,0,0.06713115,0.07537247985601425,0.08591408282518387,0.10551054775714874
YKR100C,YGL231C,0,0.06702374,0.0753064826130867,0.08591408282518387,0.10561056435108185
YOL154W,YKL005C,0,0.0669929,0.0752405971288681,0.08591408282518387,0.10571057349443436
YDR517W,YDL012C,0,0.06696474,0.07517482340335846,0.08591408282518387,0.10581058263778687
YMR130W,YJR064W,0,0.06695618,0.07510916888713837,0.08591408282518387,0.10591059178113937
YEL024W,YMR017W,0,0.06692268,0.07504363358020782,0.08591408282518387,0.10601060092449188
YAL013W,YJL140W,1,0.06692003,0.07585004717111588,0.0869130864739418,0.10601060092449188
YBR046C,YBR028C,0,0.0668145,0.07578397542238235,0.0869130864739418,0.10611061006784439
YLR022C,YDL174C,0,0.06670849,0.07571801543235779,0.0869130864739418,0.1062106192111969
YOR367W,YHR152W,0,0.066638716,0.07565217465162277,0.0869130864739418,0.10631062835454941
YKL146W,YOR065W,0,0.066618115,0.07558644562959671,0.0869130864739418,0.10641063749790192
YPL235W,YNL194C,0,0.06654445,0.0755208358168602,0.0869130864739418,0.10651065409183502
YLR263W,YNL329C,0,0.066510245,0.07545533031225204,0.0869130864739418,0.10661066323518753
YHR033W,YGR215W,0,0.06645626,0.07538995146751404,0.0869130864739418,0.10671067237854004
YGR231C,YMR190C,0,0.06641661,0.07532467693090439,0.0869130864739418,0.10681068152189255
YOR178C,YNL123W,1,0.06641115,0.07612456381320953,0.08791209012269974,0.10681068152189255
YOR278W,YNL330C,0,0.06618385,0.0760587751865387,0.08791209012269974,0.10691069066524506
YDR147W,YJR108W,0,0.06610231,0.07599309086799622,0.08791209012269974,0.10701069980859756
YGL141W,YDR047W,0,0.06607035,0.07592752575874329,0.08791209012269974,0.10711070895195007
YCL019W,YDR224C,0,0.06600885,0.07586207240819931,0.08791209012269974,0.10721071809530258
YDL115C,YOR240W,0,0.06595808,0.07579672336578369,0.08791209012269974,0.10731073468923569
YPR063C,YFL002W-A,0,0.06584678,0.07573150098323822,0.08791209012269974,0.1074107438325882
YNL268W,YBR056W,0,0.065709755,0.0756663829088211,0.08791209012269974,0.1075107529759407
YGL095C,YBR181C,0,0.06569286,0.07560137659311295,0.08791209012269974,0.10761076211929321
YJL140W,YJR066W,1,0.06563267,0.07639484852552414,0.08891108632087708,0.10761076211929321
YAR010C,YNL286W,0,0.06544094,0.07632932811975479,0.08891108632087708,0.10771077126264572
YJR025C,YGL073W,0,0.06540163,0.076263926923275,0.08891108632087708,0.10781078040599823
YDR087C,YGR235C,0,0.06528981,0.07619863003492355,0.08891108632087708,0.10791078954935074
YOL154W,YML055W,0,0.06514705,0.07613344490528107,0.08891108632087708,0.10801079869270325
YMR309C,YOL055C,0,0.06507547,0.07606837898492813,0.08891108632087708,0.10811080783605576
YIL051C,YGR280C,0,0.06496294,0.07600341737270355,0.08891108632087708,0.10821082442998886
YPR102C,YKR042W,0,0.06494815,0.07593856751918793,0.08891108632087708,0.10831083357334137
YJL203W,YBL020W,0,0.06485101,0.07587382942438126,0.08891108632087708,0.10841084271669388
YOR043W,YDR074W,1,0.064825565,0.07666099071502686,0.08991008996963501,0.10841084271669388
YJL141C,YAL013W,1,0.06475776,0.07744681090116501,0.09090909361839294,0.10841084271669388
YNL329C,YPL227C,0,0.06454778,0.0773809552192688,0.09090909361839294,0.10851085186004639
YCR016W,YCL020W,0,0.064260885,0.07731521129608154,0.09090909361839294,0.1086108610033989
YBR168W,YKL054C,0,0.06414519,0.07724957913160324,0.09090909361839294,0.1087108701467514
YCR068W,YLR074C,0,0.06408818,0.0771840512752533,0.09090909361839294,0.10881087929010391
YDL193W,YNL291C,0,0.06407526,0.0771186426281929,0.09090909361839294,0.10891088843345642
YOR344C,YNL113W,0,0.064048745,0.07705334573984146,0.09090909361839294,0.10901089757680893
YLL013C,YML116W,0,0.06394579,0.07698815315961838,0.09090909361839294,0.10911091417074203
YHR096C,YBR087W,0,0.06390695,0.07692307978868484,0.09090909361839294,0.10921092331409454
YDR085C,YDR484W,0,0.0638723,0.07685811072587967,0.09090909361839294,0.10931093245744705
YIL004C,YHR112C,0,0.06386756,0.07679324597120285,0.09090909361839294,0.10941094160079956
YHR042W,YPL024W,0,0.06382393,0.07672850042581558,0.09090909361839294,0.10951095074415207
YOR249C,YPL137C,0,0.063806,0.07666385918855667,0.09090909361839294,0.10961095988750458
YJL018W,YPL170W,0,0.06380584,0.07659932971000671,0.09090909361839294,0.10971096903085709
YDR191W,YFL053W,0,0.063666895,0.07653490453958511,0.09090909361839294,0.1098109781742096
YGR283C,YBL071W-A,0,0.06358023,0.07647059112787247,0.09090909361839294,0.1099109947681427
YGR244C,YML060W,0,0.06339756,0.07640638202428818,0.09090909361839294,0.11001100391149521
YPR004C,YBR073W,0,0.06333919,0.07634228467941284,0.09090909361839294,0.11011101305484772
YPR128C,YDL201W,0,0.06332186,0.07627829164266586,0.09090909361839294,0.11021102219820023
YJL183W,YHR006W,0,0.06329213,0.07621440291404724,0.09090909361839294,0.11031103134155273
YLR276C,YMR037C,0,0.063213326,0.07615062594413757,0.09090909361839294,0.11041104048490524
YOR270C,YGR192C,0,0.063205674,0.07608695328235626,0.09090909361839294,0.11051104962825775
YAL005C,YGL126W,0,0.062989965,0.0760233923792839,0.09090909361839294,0.11061105877161026
YBR084C-A,YIL087C,0,0.06285977,0.0759599357843399,0.09090909361839294,0.11071106791496277
YML115C,YDL204W,0,0.06281129,0.07589658349752426,0.09090909361839294,0.11081108450889587
YBR101C,YOL123W,0,0.062531084,0.07583333551883698,0.09090909361839294,0.11091109365224838
YHL024W,YJL092W,0,0.06249194,0.07577019184827805,0.09090909361839294,0.11101110279560089
YER031C,YGL185C,0,0.062400747,0.07570715248584747,0.09090909361839294,0.1111111119389534
YLR431C,YOR371C,0,0.06234936,0.07564422488212585,0.09090909361839294,0.11121112108230591
YKL140W,YDR180W,0,0.062287427,0.075581394135952,0.09090909361839294,0.11131113022565842
YNL240C,YOR019W,0,0.06222306,0.07551867514848709,0.09090909361839294,0.11141113936901093
YKR062W,YMR043W,0,0.062200427,0.07545605301856995,0.09090909361839294,0.11151114851236343
YER169W,YPR031W,0,0.062170953,0.07539353519678116,0.09090909361839294,0.11161115765571594
YOR064C,YOL100W,0,0.06214468,0.07533112913370132,0.09090909361839294,0.11171117424964905
YJL108C,YGR128C,0,0.06197811,0.07526881992816925,0.09090909361839294,0.11181118339300156
YFR016C,YCR027C,0,0.06191375,0.07520661503076553,0.09090909361839294,0.11191119253635406
YNL191W,YGR024C,0,0.061886445,0.07514450699090958,0.09090909361839294,0.11201120167970657
YKL071W,YPR104C,0,0.061785355,0.07508251070976257,0.09090909361839294,0.11211121082305908
YLR150W,YPL164C,0,0.061771527,0.07502061128616333,0.09090909361839294,0.11221121996641159
YDL134C-A,YOR181W,0,0.061544023,0.07495881617069244,0.09090909361839294,0.1123112291097641
YOR266W,YOL089C,0,0.061526388,0.07489711791276932,0.09090909361839294,0.11241123825311661
YOR255W,YNL252C,0,0.06152384,0.07483552396297455,0.09090909361839294,0.11251125484704971
YDR298C,YML055W,0,0.061411276,0.07477403432130814,0.09090909361839294,0.11261126399040222
YBR085W,YOR090C,0,0.061267875,0.07471264153718948,0.09090909361839294,0.11271127313375473
YKL034W,YIL074C,0,0.061212428,0.07465135306119919,0.09090909361839294,0.11281128227710724
YGL187C,YGL049C,0,0.061171994,0.07459016144275665,0.09090909361839294,0.11291129142045975
YLR398C,YMR158W,0,0.060923308,0.07452907413244247,0.09090909361839294,0.11301130056381226
YPL270W,YOL115W,0,0.060863532,0.07446808367967606,0.09090909361839294,0.11311130970716476
YBR100W,YNR022C,0,0.060851235,0.074407197535038,0.09090909361839294,0.11321131885051727
YLR099C,YEL020W-A,0,0.06082452,0.07434640824794769,0.09090909361839294,0.11331132799386978
YPL158C,YLL031C,0,0.060759034,0.07428571581840515,0.09090909361839294,0.11341134458780289
YDR342C,YDL209C,0,0.0606753,0.07422512024641037,0.09090909361839294,0.1135113537311554
YKL011C,YGR159C,0,0.06058114,0.07416462898254395,0.09090909361839294,0.1136113628745079
YCL062W,YOL113W,0,0.06053987,0.07410423457622528,0.09090909361839294,0.11371137201786041
YGL168W,YDR251W,0,0.060350843,0.07404393702745438,0.09090909361839294,0.11381138116121292
YGL207W,YDR135C,0,0.05990067,0.07398373633623123,0.09090909361839294,0.11391139030456543
YEL020W-A,YJR160C,0,0.059821736,0.07392363995313644,0.09090909361839294,0.11401139944791794
YER108C,YJL125C,0,0.059746224,0.07386363297700882,0.09090909361839294,0.11411140859127045
YNR073C,YBR004C,0,0.05944766,0.07380373030900955,0.09090909361839294,0.11421141773462296
YIL084C,YAL013W,1,0.059324667,0.07455429434776306,0.09190808981657028,0.11421141773462296
YMR289W,YGL123W,0,0.05914577,0.07449392974376678,0.09190808981657028,0.11431143432855606
YDR394W,YKR048C,0,0.059144035,0.07443365454673767,0.09190808981657028,0.11441144347190857
YLL010C,YPL004C,1,0.059064247,0.07518189400434494,0.09290709346532822,0.11441144347190857
YLR341W,YIL049W,0,0.058791347,0.07512116432189941,0.09290709346532822,0.11451145261526108
YOR257W,YLL048C,0,0.058599066,0.07506053149700165,0.09290709346532822,0.11461146175861359
YER086W,YJL113W,0,0.058590684,0.07500000298023224,0.09290709346532822,0.1147114709019661
YIR003W,YEL048C,0,0.058535248,0.07493956387042999,0.09290709346532822,0.1148114800453186
YOL021C,YFL035C-B,0,0.058489814,0.0748792290687561,0.09290709346532822,0.11491148918867111
YJL056C,YDR349C,0,0.058369804,0.07481898367404938,0.09290709346532822,0.11501149833202362
YDR256C,YNL207W,0,0.058356006,0.07475884258747101,0.09290709346532822,0.11511150747537613
YNL284C-B,YHR183W,0,0.058310807,0.0746987983584404,0.09290709346532822,0.11521152406930923
YOR269W,YML034W,0,0.058214888,0.07463884353637695,0.09290709346532822,0.11531153321266174
YNR030W,YFL003C,0,0.058141768,0.07457899302244186,0.09290709346532822,0.11541154235601425
YNL086W,YBR254C,0,0.05806522,0.07451923191547394,0.09290709346532822,0.11551155149936676
YIL144W,YOL042W,0,0.057946675,0.07445956766605377,0.09290709346532822,0.11561156064271927
YMR004W,YPL069C,0,0.057854712,0.07440000027418137,0.09290709346532822,0.11571156978607178
YCR069W,YFL022C,0,0.057717703,0.07434052973985672,0.09290709346532822,0.11581157892942429
YCR036W,YDL082W,0,0.057711273,0.07428114861249924,0.09290709346532822,0.1159115880727768
YNR073C,YJL010C,0,0.057679333,0.07422186434268951,0.09290709346532822,0.1160116046667099
YNR063W,YKL035W,0,0.057370972,0.07416267693042755,0.09290709346532822,0.11611161381006241
YOR262W,YBR057C,0,0.057282213,0.07410358637571335,0.09290709346532822,0.11621162295341492
YLR154W-C,YKL156W,0,0.056898512,0.07404458522796631,0.09290709346532822,0.11631163209676743
YNL054W-A,YMR281W,0,0.056863997,0.07398568093776703,0.09290709346532822,0.11641164124011993
YKL108W,YMR230W,0,0.05670784,0.07392686605453491,0.09290709346532822,0.11651165038347244
YLR360W,YPR155C,0,0.05669179,0.07386814802885056,0.09290709346532822,0.11661165952682495
YAR019C,YBR012W-B,0,0.056599617,0.07380952686071396,0.09290709346532822,0.11671166867017746
YJL108C,YIL145C,0,0.05645886,0.07375098764896393,0.09290709346532822,0.11681167781352997
YPR101W,YJR058C,0,0.05640149,0.07369255274534225,0.09290709346532822,0.11691169440746307
YAL020C,YJL177W,0,0.056074478,0.07363420724868774,0.09290709346532822,0.11701170355081558
YMR280C,YKL080W,0,0.056058288,0.0735759511590004,0.09290709346532822,0.11711171269416809
YGL073W,YDL088C,1,0.055856325,0.07430829852819443,0.09390609711408615,0.11711171269416809
YOR335C,YBR288C,0,0.05566863,0.07424960285425186,0.09390609711408615,0.1172117218375206
YNR071C,YLR226W,0,0.055485662,0.07419100403785706,0.09390609711408615,0.11731173098087311
YPR058W,YBR012W-B,0,0.055450916,0.07413249462842941,0.09390609711408615,0.11741174012422562
YOL032W,YNL294C,0,0.055344127,0.07407407462596893,0.09390609711408615,0.11751174926757812
YMR275C,YFL003C,0,0.05518196,0.07401575148105621,0.09390609711408615,0.11761175841093063
YBR077C,YJL184W,0,0.05515662,0.07395751029253006,0.09390609711408615,0.11771176755428314
YKR061W,YGR076C,0,0.055010013,0.07389937341213226,0.09390609711408615,0.11781178414821625
YJR136C,YGL073W,1,0.054926917,0.0746268630027771,0.09490509331226349,0.11781178414821625
YIL030C,YBR221C,0,0.054739784,0.07456828653812408,0.09490509331226349,0.11791179329156876
YER091C,YKL218C,0,0.054668143,0.07450980693101883,0.09490509331226349,0.11801180243492126
YKL160W,YHR140W,0,0.054586686,0.07445140928030014,0.09490509331226349,0.11811181157827377
YKL100C,YLR227W-A,0,0.05450108,0.07439310848712921,0.09490509331226349,0.11821182072162628
YLR426W,YOL041C,0,0.054434165,0.07433489710092545,0.09490509331226349,0.11831182986497879
YDL092W,YJL073W,0,0.054422498,0.07427677512168884,0.09490509331226349,0.1184118390083313
YKL091C,YOR096W,0,0.05441524,0.07421875,0.09490509331226349,0.11851184815168381
YJL003W,YHL026C,0,0.05441284,0.07416081428527832,0.09490509331226349,0.11861186474561691
YEL038W,YPR082C,0,0.054199636,0.0741029605269432,0.09490509331226349,0.11871187388896942
YOL080C,YDR384C,0,0.054197706,0.07404520362615585,0.09490509331226349,0.11881188303232193
YHL009W-B,YAR033W,0,0.054029137,0.07398753613233566,0.09490509331226349,0.11891189217567444
YBL075C,YER123W,0,0.05395957,0.07392995804548264,0.09490509331226349,0.11901190131902695
YDL060W,YFL018W-A,0,0.05389718,0.07387246936559677,0.09490509331226349,0.11911191046237946
YML082W,YIL107C,0,0.053845137,0.07381507009267807,0.09490509331226349,0.11921191960573196
YBR060C,YJR125C,0,0.0537975,0.07375776767730713,0.09490509331226349,0.11931192874908447
YGL210W,YBL087C,0,0.05369381,0.07370053976774216,0.09490509331226349,0.11941193789243698
YNL323W,YKL108W,0,0.053541016,0.07364340871572495,0.09490509331226349,0.11951195448637009
YDL214C,YDR393W,0,0.053507805,0.0735863670706749,0.09490509331226349,0.1196119636297226
YDR436W,YPL001W,0,0.05346357,0.07352941483259201,0.09490509331226349,0.1197119727730751
YER004W,YGR059W,0,0.05330597,0.07347254455089569,0.09490509331226349,0.11981198191642761
YPL231W,YGL196W,0,0.053220123,0.07341576367616653,0.09490509331226349,0.11991199105978012
YHR014W,YIL082W-A,0,0.053140387,0.07335907220840454,0.09490509331226349,0.12001200020313263
YOL117W,YGL231C,0,0.053045124,0.07330247014760971,0.09490509331226349,0.12011200934648514
YGR247W,YOR039W,0,0.052893646,0.07324595004320145,0.09490509331226349,0.12021201848983765
YPL018W,YLR092W,0,0.052801713,0.07318951934576035,0.09490509331226349,0.12031202763319016
YDR134C,YOR330C,0,0.052708805,0.07313317805528641,0.09490509331226349,0.12041204422712326
YOR017W,YLL048C,0,0.052666888,0.07307692617177963,0.09490509331226349,0.12051205337047577
YNR026C,YDL087C,0,0.052536994,0.07302075624465942,0.09490509331226349,0.12061206251382828
YPL156C,YBL005W-A,0,0.052435167,0.07296466827392578,0.09490509331226349,0.12071207165718079
YNL180C,YKL158W,0,0.052411802,0.0729086697101593,0.09490509331226349,0.1208120808005333
YOR118W,YNL082W,0,0.05234825,0.07285276055335999,0.09490509331226349,0.1209120899438858
YMR113W,YMR036C,0,0.052328736,0.07279693335294724,0.09490509331226349,0.12101209908723831
YKR038C,YHR080C,0,0.05221148,0.07274119555950165,0.09490509331226349,0.12111210823059082
YBL055C,YBL030C,0,0.052142125,0.07268553972244263,0.09490509331226349,0.12121212482452393
YLR266C,YBR153W,0,0.052140042,0.07262996584177017,0.09490509331226349,0.12131213396787643
YKL027W,YGR002C,0,0.05197791,0.07257448136806488,0.09490509331226349,0.12141214311122894
YBL030C,YLR287C-A,0,0.05188173,0.07251908630132675,0.09490509331226349,0.12151215225458145
YHL017W,YOL146W,0,0.05162455,0.07246376574039459,0.09490509331226349,0.12161216139793396
YGR028W,YDR201W,0,0.05159405,0.0724085345864296,0.09490509331226349,0.12171217054128647
YPL056C,YDR080W,0,0.05154384,0.07235339283943176,0.09490509331226349,0.12181217968463898
YLR045C,YPL187W,0,0.051527776,0.0722983255982399,0.09490509331226349,0.12191218882799149
YCL019W,YGR030C,0,0.051456593,0.0722433477640152,0.09490509331226349,0.122012197971344
YLR109W,YDR126W,0,0.051378533,0.07218845188617706,0.09490509331226349,0.1221122145652771
YBL075C,YFR031C-A,0,0.05132839,0.0721336379647255,0.09490509331226349,0.12221222370862961
YMR165C,YNR024W,0,0.05122637,0.07207890599966049,0.09490509331226349,0.12231223285198212
YHL001W,YGL134W,0,0.051178403,0.07202426344156265,0.09490509331226349,0.12241224199533463
YHR184W,YKL091C,0,0.051094487,0.07196969538927078,0.09490509331226349,0.12251225113868713
YGL124C,YLL066C,0,0.051084653,0.07191521674394608,0.09490509331226349,0.12261226028203964
YNR032C-A,YJL122W,0,0.05101145,0.07186082005500793,0.09490509331226349,0.12271226942539215
YGR027W-B,YOR371C,0,0.050840616,0.07180649787187576,0.09490509331226349,0.12281227856874466
YDL164C,YGL133W,0,0.05070197,0.07175226509571075,0.09490509331226349,0.12291228771209717
YJR066W,YNL123W,1,0.050683662,0.07245282828807831,0.09590409696102142,0.12291228771209717
YNL024C-A,YML025C,0,0.050674,0.07239819318056107,0.09590409696102142,0.12301230430603027
YPR031W,YOL126C,0,0.050670467,0.07234363257884979,0.09590409696102142,0.12311231344938278
YBL014C,YNL093W,0,0.050653398,0.07228915393352509,0.09590409696102142,0.12321232259273529
YBR126C,YER159C,1,0.0505168,0.07298720628023148,0.09690310060977936,0.12321232259273529
YML062C,YGR217W,0,0.050502136,0.07293233275413513,0.09690310060977936,0.1233123317360878
YPL132W,YML085C,0,0.050467126,0.07287753373384476,0.09690310060977936,0.12341234087944031
YPL059W,YIL031W,0,0.050445125,0.07282282412052155,0.09690310060977936,0.12351235002279282
YDR316W-A,YKR013W,0,0.05027482,0.0727681890130043,0.09690310060977936,0.12361235916614532
YLL026W,YOL004W,1,0.050223637,0.07346326857805252,0.0979020968079567,0.12361235916614532
YDL189W,YML042W,0,0.050218016,0.07340823858976364,0.0979020968079567,0.12371236830949783
YML058W,YOL144W,0,0.049962744,0.07335329055786133,0.0979020968079567,0.12381238490343094
YDL230W,YGR188C,0,0.049803525,0.07329843193292618,0.0979020968079567,0.12391239404678345
YML005W,YOR369C,0,0.049721524,0.073243647813797,0.0979020968079567,0.12401240319013596
YKR027W,YKR095W-A,0,0.049713783,0.07318894565105438,0.0979020968079567,0.12411241233348846
YHR123W,YLR064W,0,0.049649756,0.07313432544469833,0.0979020968079567,0.12421242147684097
YMR045C,YCL039W,0,0.049630705,0.07307979464530945,0.0979020968079567,0.12431243062019348
YPL198W,YIL072W,0,0.049630016,0.07302533835172653,0.0979020968079567,0.12441243976354599
YGL087C,YCR028C,0,0.049485553,0.07297096401453018,0.0979020968079567,0.1245124489068985
YJR025C,YBR127C,0,0.049256593,0.0729166641831398,0.0979020968079567,0.12461245805025101
YHR104W,YIL053W,0,0.049192786,0.07286245375871658,0.0979020968079567,0.12471247464418411
YPL271W,YDR294C,0,0.049191035,0.07280831784009933,0.0979020968079567,0.12481248378753662
YGR024C,YLR406C,0,0.049160913,0.07275427132844925,0.0979020968079567,0.12491249293088913
YDL038C,YIL053W,0,0.04914875,0.07270029932260513,0.0979020968079567,0.12501250207424164
YHR106W,YPR073C,0,0.048990726,0.07264640182256699,0.0979020968079567,0.12511251866817474
YDR376W,YBR158W,0,0.048892543,0.072592593729496,0.0979020968079567,0.12521252036094666
YFR049W,YKR029C,0,0.048876986,0.07253886014223099,0.0979020968079567,0.12531253695487976
YCR047C,YDR099W,0,0.04876192,0.07248520851135254,0.0979020968079567,0.12541253864765167
YGR296W,YHR133C,0,0.04873976,0.07243163138628006,0.0979020968079567,0.12551255524158478
YBR280C,YER164W,0,0.048707664,0.07237813621759415,0.0979020968079567,0.1256125569343567
YOL092W,YGR038C-B,0,0.048552565,0.0723247230052948,0.0979020968079567,0.1257125735282898
YJL145W,YLR142W,0,0.048397124,0.07227138429880142,0.0979020968079567,0.1258125752210617
YGL018C,YKL163W,0,0.048385013,0.07221812754869461,0.0979020968079567,0.1259125918149948
YKL199C,YHR118C,0,0.048316613,0.07216494530439377,0.0979020968079567,0.12601260840892792
YLR337W,YBR035C,0,0.04823623,0.07211184501647949,0.0979020968079567,0.12611261010169983
YAR018C,YJL219W,0,0.048068516,0.07205882668495178,0.0979020968079567,0.12621262669563293
YOR014W,YNL301C,0,0.048014835,0.07200587540864944,0.0979020968079567,0.12631262838840485
YPL060C-A,YEL002C,0,0.048013866,0.07195301353931427,0.0979020968079567,0.12641264498233795
YML063W,YJR029W,0,0.047984343,0.07190021872520447,0.0979020968079567,0.12651264667510986
YOR075W,YPL248C,0,0.04798127,0.07184750586748123,0.0979020968079567,0.12661266326904297
YNR024W,YLL023C,0,0.04798103,0.07179487496614456,0.0979020968079567,0.12671266496181488
YIL105C,YCR106W,0,0.047913313,0.07174231112003326,0.0979020968079567,0.12681268155574799
YHR014W,YIL136W,0,0.04789307,0.07168982923030853,0.0979020968079567,0.1269126981496811
YDR409W,YER089C,0,0.047699183,0.07163742929697037,0.0979020968079567,0.127012699842453
YPR010C,YLR205C,0,0.047673587,0.07158509641885757,0.0979020968079567,0.1271127164363861
YOR136W,YJR084W,0,0.047661923,0.07153284549713135,0.0979020968079567,0.12721271812915802
YMR051C,YJR041C,0,0.047601894,0.07148066908121109,0.0979020968079567,0.12731273472309113
YKL176C,YOR361C,0,0.047402352,0.0714285746216774,0.0979020968079567,0.12741273641586304
YOR189W,YER120W,0,0.04731624,0.07137654721736908,0.0979020968079567,0.12751275300979614
YLR431C,YJR068W,0,0.04725869,0.07132460176944733,0.0979020968079567,0.12761275470256805
YFL016C,YOL004W,1,0.04715257,0.07199999690055847,0.09890110045671463,0.12761275470256805
YOL105C,YFL014W,1,0.04705818,0.07267441600561142,0.09990009665489197,0.12761275470256805
YKL080W,YDR261W-B,0,0.047052298,0.07262164354324341,0.09990009665489197,0.12771277129650116
YPL047W,YDR200C,0,0.047028773,0.07256893813610077,0.09990009665489197,0.12781278789043427
YKL071W,YBR198C,0,0.046974346,0.0725163146853447,0.09990009665489197,0.12791278958320618
YML070W,YIL162W,0,0.04696039,0.07246376574039459,0.09990009665489197,0.12801280617713928
YDR261C,YDR238C,0,0.04691544,0.07241129875183105,0.09990009665489197,0.1281128078699112
YGL061C,YER094C,0,0.046902496,0.07235889881849289,0.09990009665489197,0.1282128244638443
YPR023C,YJL156C,0,0.04680238,0.07230658084154129,0.09990009665489197,0.1283128261566162
YBR234C,YDR210W,0,0.04679203,0.07225433737039566,0.09990009665489197,0.12841284275054932
YGR284C,YLL054C,0,0.046757095,0.072202168405056,0.09990009665489197,0.12851284444332123
YBR168W,YMR311C,0,0.046708778,0.07215007394552231,0.09990009665489197,0.12861286103725433
YDL189W,YDR009W,0,0.046693005,0.07209805399179459,0.09990009665489197,0.12871287763118744
YDR033W,YPR151C,0,0.04642053,0.07204610854387283,0.09990009665489197,0.12881287932395935
YNR048W,YJL019W,0,0.0463645,0.07199423760175705,0.09990009665489197,0.12891289591789246
YLR099C,YBR069C,0,0.046351552,0.07194244861602783,0.09990009665489197,0.12901289761066437
YBR176W,YLR403W,0,0.046330795,0.07189072668552399,0.09990009665489197,0.12911291420459747
YJR041C,YBR199W,0,0.046274178,0.07183907926082611,0.09990009665489197,0.12921291589736938
YOR019W,YLR227W-A,0,0.046238825,0.0717875063419342,0.09990009665489197,0.1293129324913025
YOL091W,YLR193C,0,0.046236306,0.07173600792884827,0.09990009665489197,0.1294129341840744
YNR039C,YGL061C,0,0.04607597,0.0716845914721489,0.09990009665489197,0.1295129507780075
YFR032C-A,YJR054W,0,0.04604487,0.0716332346200943,0.09990009665489197,0.1296129673719406
YOL103W-A,YLR185W,0,0.04603992,0.07158195972442627,0.09990009665489197,0.12971296906471252
YBR235W,YDR013W,0,0.04599595,0.07153075933456421,0.09990009665489197,0.12981298565864563
YFR031C-A,YDR113C,0,0.045984313,0.07147962599992752,0.09990009665489197,0.12991298735141754
YDL127W,YMR307W,0,0.04598047,0.0714285746216774,0.09990009665489197,0.13001300394535065
YPL108W,YLR070C,0,0.04593954,0.07137759029865265,0.09990009665489197,0.13011300563812256
YLR215C,YNL024C-A,0,0.04585257,0.07132667303085327,0.09990009665489197,0.13021302223205566
YNR061C,YLR167W,0,0.04577786,0.07127583771944046,0.09990009665489197,0.13031302392482758
YBR189W,YDR098C-A,0,0.04575182,0.07122506946325302,0.09990009665489197,0.13041304051876068
YER118C,YDR506C,0,0.045732096,0.07117437571287155,0.09990009665489197,0.1305130571126938
YHR080C,YNL197C,0,0.04566342,0.07112375646829605,0.09990009665489197,0.1306130588054657
YOR022C,YMR167W,0,0.045619264,0.07107320427894592,0.09990009665489197,0.1307130753993988
YCR092C,YIL107C,0,0.045443386,0.07102272659540176,0.09990009665489197,0.13081307709217072
YOR094W,YMR175W,0,0.04543536,0.07097232341766357,0.09990009665489197,0.13091309368610382
YCL019W,YDR079C-A,0,0.04538221,0.07092198729515076,0.09990009665489197,0.13101309537887573
YKR087C,YJR027W,0,0.04526404,0.07087172567844391,0.09990009665489197,0.13111311197280884
YER074W-A,YHL018W,0,0.045257613,0.07082153111696243,0.09990009665489197,0.13121312856674194
YOL069W,YPR155C,0,0.045054115,0.07077141106128693,0.09990009665489197,0.13131313025951385
YPL209C,YOR057W,0,0.044973377,0.07072135806083679,0.09990009665489197,0.13141314685344696
YKL028W,YGR218W,0,0.04493712,0.07067137956619263,0.09990009665489197,0.13151314854621887
YKR026C,YGL073W,1,0.044751786,0.07132768630981445,0.1008991003036499,0.13151314854621887
YCL048W,YLR022C,0,0.044742137,0.07127735018730164,0.1008991003036499,0.13161316514015198
YKL059C,YDR356W,0,0.0447367,0.07122708112001419,0.1008991003036499,0.1317131668329239
YLR035C-A,YCL069W,0,0.04453799,0.07117688655853271,0.1008991003036499,0.131813183426857
YDR210W-B,YDR155C,0,0.044485573,0.07112675905227661,0.1008991003036499,0.1319131851196289
YDR100W,YDR261W-B,0,0.044461917,0.07107670605182648,0.1008991003036499,0.132013201713562
YPL257W-A,YCL016C,0,0.044444256,0.07102672010660172,0.1008991003036499,0.13211321830749512
YER048W-A,YEL046C,0,0.0444317,0.07097680866718292,0.1008991003036499,0.13221322000026703
YCR024C-A,YGR101W,0,0.04442069,0.0709269642829895,0.1008991003036499,0.13231323659420013
YNL209W,YHR067W,0,0.044363648,0.07087719440460205,0.1008991003036499,0.13241323828697205
YBL038W,YNL024C-A,0,0.044209324,0.07082749158143997,0.1008991003036499,0.13251325488090515
YOR173W,YGL147C,0,0.04407525,0.07077785581350327,0.1008991003036499,0.13261325657367706
YOR256C,YKL135C,0,0.043977544,0.07072829455137253,0.1008991003036499,0.13271327316761017
YGR263C,YKL086W,0,0.043806076,0.07067879289388657,0.1008991003036499,0.13281327486038208
YLL028W,YPR158W-A,0,0.043793384,0.07062937319278717,0.1008991003036499,0.13291329145431519
YHR214C-C,YBR258C,0,0.04376804,0.07058001309633255,0.1008991003036499,0.1330133080482483
YEL024W,YNR054C,0,0.043745056,0.0705307275056839,0.1008991003036499,0.1331133097410202
YNL007C,YFL033C,1,0.043679304,0.0711793452501297,0.10189810395240784,0.1331133097410202
YDR021W,YBR043C,0,0.043640614,0.071129709482193,0.10189810395240784,0.1332133263349533
YMR189W,YCL031C,0,0.04360485,0.07108014076948166,0.10189810395240784,0.13331332802772522
YNL164C,YDR210C-D,0,0.04357522,0.0710306391119957,0.10189810395240784,0.13341334462165833
YMR006C,YPR022C,0,0.04353822,0.0709812119603157,0.10189810395240784,0.13351334631443024
YPL157W,YMR012W,0,0.04347619,0.07093185186386108,0.10189810395240784,0.13361336290836334
YGR158C,YMR086W,0,0.043383017,0.07088255882263184,0.10189810395240784,0.13371336460113525
YKR096W,YML058W,0,0.0433745,0.07083333283662796,0.10189810395240784,0.13381338119506836
YJR022W,YLR256W,0,0.04329762,0.07078418135643005,0.10189810395240784,0.13391339778900146
YMR298W,YLR067C,0,0.0432557,0.07073508948087692,0.10189810395240784,0.13401339948177338
YGR038C-A,YOR374W,0,0.043102346,0.07068607211112976,0.10189810395240784,0.13411341607570648
YOR100C,YBL047C,0,0.043099992,0.07063712179660797,0.10189810395240784,0.1342134177684784
YER060W-A,YNL059C,0,0.043075234,0.07058823853731155,0.10189810395240784,0.1343134343624115
YDL064W,YBL042C,0,0.043056272,0.07053942233324051,0.10189810395240784,0.1344134360551834
YLR035C-A,YHR160C,0,0.04303361,0.07049067318439484,0.10189810395240784,0.13451345264911652
YMR205C,YMR113W,0,0.042973317,0.07044199109077454,0.10189810395240784,0.13461345434188843
YPR158C-D,YER072W,0,0.04288256,0.07039337605237961,0.10189810395240784,0.13471347093582153
YAL013W,YLR182W,1,0.042761907,0.07103448361158371,0.10289710015058517,0.13471347093582153
YNL103W,YBL093C,0,0.042737123,0.07098552584648132,0.10289710015058517,0.13481348752975464
YNL212W,YHL009W-B,0,0.042721406,0.0709366425871849,0.10289710015058517,0.13491348922252655
YDR324C,YLR227W-A,0,0.04268816,0.07088781893253326,0.10289710015058517,0.13501350581645966
YML007W,YOL053C-A,1,0.04257982,0.07152682542800903,0.10389610379934311,0.13501350581645966
YEL064C,YIL027C,0,0.042575598,0.07147766649723053,0.10389610379934311,0.13511350750923157
YOR044W,YDR446W,0,0.042572573,0.0714285746216774,0.10389610379934311,0.13521352410316467
YAL068C,YNL207W,0,0.04255858,0.07137954980134964,0.10389610379934311,0.13531352579593658
YOR295W,YER114C,0,0.042448983,0.07133059203624725,0.10389610379934311,0.1354135423898697
YHL009W-B,YDR108W,0,0.04231845,0.07128170132637024,0.10389610379934311,0.1355135440826416
YLR117C,YJL207C,0,0.042271517,0.0712328776717186,0.10389610379934311,0.1356135606765747
YMR186W,YER111C,1,0.042253014,0.07186858355998993,0.10489510744810104,0.1356135606765747
YAL013W,YOR113W,0,0.042174473,0.07181942462921143,0.10489510744810104,0.1357135772705078
YDR365W-B,YJL110C,0,0.04217411,0.0717703327536583,0.10489510744810104,0.13581357896327972
YLR459W,YPL194W,0,0.042157695,0.07172130793333054,0.10489510744810104,0.13591359555721283
YCL059C,YKL135C,0,0.04200834,0.07167235761880875,0.10489510744810104,0.13601359724998474
YAL001C,YGL035C,0,0.041930467,0.07162346690893173,0.10489510744810104,0.13611361384391785
YNL306W,YDR227W,0,0.041899756,0.07157464325428009,0.10489510744810104,0.13621361553668976
YGL136C,YNR063W,0,0.041890875,0.07152588665485382,0.10489510744810104,0.13631363213062286
YGL028C,YPR158W-B,0,0.041855663,0.07147719711065292,0.10489510744810104,0.13641364872455597
YER107C,YJL141C,1,0.041707277,0.07210884243249893,0.10589410364627838,0.13641364872455597
YOR255W,YLR222C,0,0.041693434,0.07205982506275177,0.10589410364627838,0.13651365041732788
YDR341C,YPL088W,0,0.04166251,0.07201086729764938,0.10589410364627838,0.136613667011261
YDR409W,YOL088C,0,0.04158806,0.07196198403835297,0.10589410364627838,0.1367136687040329
YMR048W,YNL024C-A,0,0.041586287,0.07191316038370132,0.10589410364627838,0.136813685297966
YOR022C,YER108C,0,0.04153333,0.07186440378427505,0.10589410364627838,0.13691368699073792
YOR359W,YNR069C,0,0.041530654,0.07181572169065475,0.10589410364627838,0.13701370358467102
YDR317W,YML088W,0,0.041525874,0.07176709175109863,0.10589410364627838,0.13711370527744293
YHL017W,YDR380W,0,0.041509174,0.07171853631734848,0.10589410364627838,0.13721372187137604
YNL212W,YGR161C-C,0,0.041477174,0.0716700479388237,0.10589410364627838,0.13731373846530914
YPR052C,YFL050C,0,0.04139322,0.0716216191649437,0.10589410364627838,0.13741374015808105
YMR158W,YDL030W,0,0.041328892,0.07157326489686966,0.10589410364627838,0.13751375675201416
YKL176C,YBL056W,0,0.041244224,0.0715249627828598,0.10589410364627838,0.13761375844478607
YGL145W,YGL181W,0,0.041222483,0.07147673517465591,0.10589410364627838,0.13771377503871918
YDR210W-A,YLR258W,0,0.041192472,0.0714285746216774,0.10589410364627838,0.1378137767314911
YPL055C,YER036C,0,0.041179776,0.07138047367334366,0.10589410364627838,0.1379137933254242
YLL026W,YOL053C-A,1,0.041096922,0.07200538367033005,0.10689310729503632,0.1379137933254242
YIL125W,YIL158W,0,0.04101856,0.07195696234703064,0.10689310729503632,0.1380137950181961
YCL048W-A,YLR427W,0,0.041002583,0.07190860062837601,0.10689310729503632,0.1381138116121292
YBR110W,YCR089W,0,0.0406186,0.07186030596494675,0.10689310729503632,0.13821382820606232
YBL071W-A,YOR109W,0,0.040613372,0.07181207835674286,0.10689310729503632,0.13831382989883423
YPL203W,YBL022C,0,0.040554866,0.07176391780376434,0.10689310729503632,0.13841384649276733
YIL136W,YMR130W,0,0.040550925,0.0717158168554306,0.10689310729503632,0.13851384818553925
YFL033C,YOL053C-A,1,0.040537436,0.0723375752568245,0.10789211094379425,0.13851384818553925
YDL088C,YDR258C,1,0.040533036,0.07295849919319153,0.10889110714197159,0.13851384818553925
YHR190W,YOL148C,0,0.040461577,0.07290969789028168,0.10889110714197159,0.13861386477947235
YJL133C-A,YBR005W,0,0.04040874,0.0728609636425972,0.10889110714197159,0.13871386647224426
YGR296W,YGL195W,0,0.040342167,0.0728122889995575,0.10889110714197159,0.13881388306617737
YGR257C,YJL125C,0,0.04030522,0.07276368141174316,0.10889110714197159,0.13891388475894928
YPR175W,YML081C-A,0,0.040281363,0.0727151408791542,0.10889110714197159,0.13901390135288239
YLR225C,YCR047C,0,0.040230095,0.07266666740179062,0.10889110714197159,0.1391139179468155
YBR100W,YER096W,0,0.040187895,0.07261825352907181,0.10889110714197159,0.1392139196395874
YBL101W-A,YOR256C,0,0.040155776,0.07256990671157837,0.10889110714197159,0.1393139362335205
YJR153W,YOR308C,0,0.03997597,0.0725216269493103,0.10889110714197159,0.13941393792629242
YML033W,YHL031C,0,0.039882272,0.07247340679168701,0.10889110714197159,0.13951395452022552
YGR161C-D,YKR065C,0,0.039710842,0.0724252462387085,0.10889110714197159,0.13961395621299744
YNR046W,YLL009C,0,0.039687812,0.07237716019153595,0.10889110714197159,0.13971397280693054
YLR157C-A,YCL068C,0,0.03953609,0.07232913374900818,0.10889110714197159,0.13981397449970245
YFL018C,YCL048W-A,0,0.039471053,0.07228116691112518,0.10889110714197159,0.13991399109363556
YGR009C,YNL111C,0,0.039301664,0.07223326712846756,0.10889110714197159,0.14001400768756866
YDR098C-B,YJR145C,0,0.039272316,0.07218542695045471,0.10889110714197159,0.14011400938034058
YNL046W,YCL005W-A,0,0.039168134,0.07213765382766724,0.10889110714197159,0.14021402597427368
YLR131C,YBR069C,0,0.039102457,0.07208994776010513,0.10889110714197159,0.1403140276670456
YLR343W,YJR046W,0,0.03909967,0.0720423012971878,0.10889110714197159,0.1404140442609787
YCL067C,YHR161C,0,0.039090395,0.07199471443891525,0.10889110714197159,0.1405140459537506
YBR240C,YDR107C,0,0.03895852,0.07194719463586807,0.10889110714197159,0.14061406254768372
YLR057W,YOR269W,0,0.038923245,0.07189973443746567,0.10889110714197159,0.14071406424045563
YHR101C,YBL100W-A,0,0.038872927,0.07185234129428864,0.10889110714197159,0.14081408083438873
YDL190C,YMR184W,0,0.03861982,0.07180500775575638,0.10889110714197159,0.14091409742832184
YGR027W-A,YJR001W,0,0.038558908,0.0717577338218689,0.10889110714197159,0.14101409912109375
YPL156C,YLR227W-A,0,0.03852213,0.07171052694320679,0.10889110714197159,0.14111411571502686
YCL048W-A,YPR042C,0,0.03848386,0.07166337966918945,0.10889110714197159,0.14121411740779877
YDL137W,YPR158W-A,0,0.038404435,0.0716162919998169,0.10889110714197159,0.14131413400173187
YGL121C,YJL093C,0,0.03833875,0.07156927138566971,0.10889110714197159,0.14141413569450378
YPL074W,YML033W,0,0.03816665,0.0715223103761673,0.10889110714197159,0.1415141522884369
YNL024C-A,YLL036C,0,0.03813859,0.07147540897130966,0.10889110714197159,0.1416141539812088
YER176W,YDR524C-B,0,0.038107973,0.0714285746216774,0.10889110714197159,0.1417141705751419
YGL156W,YOR032C,0,0.038017396,0.07138179242610931,0.10889110714197159,0.141814187169075
YLR039C,YOR192C-A,0,0.038011443,0.0713350772857666,0.10889110714197159,0.14191418886184692
YPL257W-A,YIL052C,0,0.03790625,0.07128842175006866,0.10889110714197159,0.14201420545578003
YCL055W,YNL323W,0,0.037782453,0.0712418332695961,0.10889110714197159,0.14211420714855194
YOR264W,YDR524C-B,0,0.037720032,0.07119529694318771,0.10889110714197159,0.14221422374248505
YOL032W,YNL272C,0,0.03765381,0.0711488276720047,0.10889110714197159,0.14231422543525696
YBL045C,YBR087W,0,0.037647903,0.07110241055488586,0.10889110714197159,0.14241424202919006
YDL069C,YDR316W-B,0,0.03762031,0.0710560604929924,0.10889110714197159,0.14251425862312317
YOR174W,YOR270C,0,0.037597,0.07100977003574371,0.10889110714197159,0.14261426031589508
YDR268W,YJL065C,0,0.037579786,0.0709635391831398,0.10889110714197159,0.14271427690982819
YBL008W-A,YOR010C,0,0.03756114,0.07091736793518066,0.10889110714197159,0.1428142786026001
YBR025C,YOR008C,1,0.037469476,0.07152145355939865,0.10989011079072952,0.1428142786026001
YPL046C,YMR050C,0,0.037431903,0.07147498428821564,0.10989011079072952,0.1429142951965332
YJL140W,YHL028W,1,0.037392154,0.0720779225230217,0.11088911443948746,0.1429142951965332
YHR042W,YKL092C,0,0.037377805,0.07203114777803421,0.11088911443948746,0.14301429688930511
YMR201C,YDR524C-B,0,0.037237287,0.0719844326376915,0.11088911443948746,0.14311431348323822
YHL028W,YOR178C,1,0.037226245,0.07258587330579758,0.1118881106376648,0.14311431348323822
YKL216W,YDR524C-B,0,0.037141502,0.07253886014223099,0.1118881106376648,0.14321431517601013
YBR200W-A,YMR127C,0,0.03705422,0.07249190658330917,0.1118881106376648,0.14331433176994324
YCL048W-A,YDL008W,0,0.037001915,0.07244502007961273,0.1118881106376648,0.14341434836387634
YML077W,YDR394W,0,0.036977347,0.07239819318056107,0.1118881106376648,0.14351435005664825
YLL026W,YBR025C,1,0.036968604,0.07299741357564926,0.11288711428642273,0.14351435005664825
YLR398C,YCL048W-A,0,0.036966227,0.07295028865337372,0.11288711428642273,0.14361436665058136
YGL028C,YJL173C,0,0.03692308,0.07290322333574295,0.11288711428642273,0.14371436834335327
YNL284C-B,YDL007W,0,0.036889054,0.07285622507333755,0.11288711428642273,0.14381438493728638
YNR040W,YOR158W,0,0.0368755,0.07280927896499634,0.11288711428642273,0.1439143866300583
YOR110W,YGR215W,0,0.036808487,0.0727623924612999,0.11288711428642273,0.1440144032239914
YNL024C-A,YER053C-A,0,0.036732033,0.07271557301282883,0.11288711428642273,0.1441144049167633
YKL027W,YKL158W,0,0.03667441,0.07266881316900253,0.11288711428642273,0.1442144215106964
YGR038C-B,YPL124W,0,0.036614105,0.07262210547924042,0.11288711428642273,0.14431443810462952
YLR453C,YHR122W,0,0.036558703,0.07257546484470367,0.11288711428642273,0.14441443979740143
YOR249C,YBR241C,0,0.03654533,0.0725288838148117,0.11288711428642273,0.14451445639133453
YDL146W,YBL101C,0,0.036543228,0.07248236238956451,0.11288711428642273,0.14461445808410645
YIL150C,YNL272C,0,0.036529545,0.0724359005689621,0.11288711428642273,0.14471447467803955
YBR200W-A,YKR081C,0,0.036522947,0.07238949090242386,0.11288711428642273,0.14481447637081146
YER124C,YDR210C-D,0,0.036505997,0.07234314829111099,0.11288711428642273,0.14491449296474457
YJR098C,YER073W,0,0.036422066,0.0722968652844429,0.11288711428642273,0.14501449465751648
YCL048W-A,YGR241C,0,0.036309533,0.07225064188241959,0.11288711428642273,0.14511451125144958
YDR150W,YDR524C-B,0,0.036222465,0.07220447063446045,0.11288711428642273,0.1452145278453827
YBR215W,YGL210W-A,0,0.036149487,0.07215836644172668,0.11288711428642273,0.1453145295381546
YDR280W,YDR365W-A,0,0.036137663,0.0721123144030571,0.11288711428642273,0.1454145461320877
YGL131C,YML034W,0,0.03609464,0.07206632941961288,0.11288711428642273,0.14551454782485962
YMR261C,YOR371C,0,0.03604298,0.07202039659023285,0.11288711428642273,0.14561456441879272
YIL144W,YML085C,0,0.035927653,0.07197452336549759,0.11288711428642273,0.14571456611156464
YLR266C,YNR070W,0,0.035925273,0.0719287097454071,0.11288711428642273,0.14581458270549774
YJL133C-A,YPL056C,0,0.03590218,0.0718829482793808,0.11288711428642273,0.14591458439826965
YGR277C,YGR234W,0,0.03581606,0.07183725386857986,0.11288711428642273,0.14601460099220276
YDR316W-B,YGL130W,0,0.03579299,0.07179161161184311,0.11288711428642273,0.14611461758613586
YJL153C,YDR210W-C,0,0.035752375,0.07174602895975113,0.11288711428642273,0.14621461927890778
YDL025C,YOR343C-B,0,0.035752375,0.07170050591230392,0.11288711428642273,0.14631463587284088
YBL071W-A,YNL054W-A,0,0.035752375,0.0716550424695015,0.11288711428642273,0.1464146375656128
YBL042C,YHR214W-G,0,0.035752375,0.07160963118076324,0.11288711428642273,0.1465146541595459
YHR214W-G,YDL043C,0,0.035752375,0.07156427949666977,0.11288711428642273,0.1466146558523178
YDR210W-D,YDL106C,0,0.035752375,0.07151898741722107,0.11288711428642273,0.14671467244625092
YDR210W-D,YML040W,0,0.035752375,0.07147374749183655,0.11288711428642273,0.14681467413902283
YHR214W-G,YFR014C,0,0.035752375,0.0714285746216774,0.11288711428642273,0.14691469073295593
YNL099C,YHR214W-G,0,0.035752375,0.07138344645500183,0.11288711428642273,0.14701470732688904
YDR210W-D,YHR187W,0,0.035752375,0.07133838534355164,0.11288711428642273,0.14711470901966095
YDR210W-C,YNL064C,0,0.035752375,0.07129337638616562,0.11288711428642273,0.14721472561359406
YOR182C,YAR070W-A,0,0.035752375,0.07124842703342438,0.11288711428642273,0.14731472730636597
YLR398C,YAR070W-A,0,0.035752375,0.07120352983474731,0.11288711428642273,0.14741474390029907
YDL134C-A,YPR097W,0,0.035752375,0.07115869224071503,0.11288711428642273,0.14751474559307098
YDR210W-D,YPL058C,0,0.035752375,0.07111390680074692,0.11288711428642273,0.1476147621870041
YDR483W,YDR210W-D,0,0.035752375,0.07106918096542358,0.11288711428642273,0.1477147787809372
YAL025C,YOR343C-B,0,0.035752375,0.07102451473474503,0.11288711428642273,0.1478147804737091
YDR210W-C,YAL020C,0,0.035752375,0.07097990065813065,0.11288711428642273,0.1479147970676422
YDR019C,YOR343C-A,0,0.035752375,0.07093533873558044,0.11288711428642273,0.14801479876041412
YKL028W,YDR210W-D,0,0.035752375,0.07089084386825562,0.11288711428642273,0.14811481535434723
YDL038C,YOR343C-B,0,0.035752375,0.07084639370441437,0.11288711428642273,0.14821481704711914
YDR210W-D,YDR276C,0,0.035752375,0.0708020031452179,0.11288711428642273,0.14831483364105225
YER023W,YOR343C-B,0,0.035752375,0.0707576721906662,0.11288711428642273,0.14841483533382416
YDR210W-D,YDR425W,0,0.035752375,0.07071339339017868,0.11288711428642273,0.14851485192775726
YDR210W-C,YDR056C,0,0.035752375,0.07066916674375534,0.11288711428642273,0.14861486852169037
YMR037C,YAR070W-A,0,0.035752375,0.07062499970197678,0.11288711428642273,0.14871487021446228
YDL134C-A,YKR075C,0,0.035752375,0.07058088481426239,0.11288711428642273,0.14881488680839539
YHR214W-G,YMR175W,0,0.035752375,0.07053682953119278,0.11288711428642273,0.1489148885011673
YGL246C,YOR343C-A,0,0.035752375,0.07049282640218735,0.11288711428642273,0.1490149050951004
YDR210W-C,YNL254C,0,0.035752375,0.0704488754272461,0.11288711428642273,0.14911490678787231
YDR210W-C,YJL058C,0,0.035752375,0.07040498405694962,0.11288711428642273,0.14921492338180542
YDR326C,YOR343C-B,0,0.035752375,0.07036114484071732,0.11288711428642273,0.14931492507457733
YOR358W,YOR343C-A,0,0.035752375,0.07031736522912979,0.11288711428642273,0.14941494166851044
YPL096C-A,YDR210W-D,0,0.035752375,0.07027363032102585,0.11288711428642273,0.14951495826244354
YDR210W-C,YGL035C,0,0.035752375,0.07022995501756668,0.11288711428642273,0.14961495995521545
YBR091C,YOR343C-B,0,0.035752375,0.07018633186817169,0.11288711428642273,0.14971497654914856
YCR058C,YGR161C-D,0,0.035752375,0.07014276832342148,0.11288711428642273,0.14981497824192047
YGR161C-C,YKR099C-A,0,0.035752375,0.07009925693273544,0.11288711428642273,0.14991499483585358
YDL150W,YOR343C-B,0,0.035752375,0.07005579769611359,0.11288711428642273,0.1500149965286255
YJL133C-A,YDR210W-D,0,0.035752375,0.07001239061355591,0.11288711428642273,0.1501150131225586
YFR024C-A,YML046W,0,0.035503305,0.069969043135643,0.11288711428642273,0.1502150148153305
YHR020W,YDR104C,0,0.035501547,0.06992574036121368,0.11288711428642273,0.1503150314092636
YDR299W,YDR169C,0,0.035470247,0.06988249719142914,0.11288711428642273,0.15041504800319672
YBR200W-A,YER069W,0,0.035456706,0.06983930617570877,0.11288711428642273,0.15051504969596863
YJL133C-A,YDR287W,0,0.035442702,0.06979616731405258,0.11288711428642273,0.15061506628990173
YDR119W,YPL095C,0,0.03543061,0.06975308805704117,0.11288711428642273,0.15071506798267365
YDR178W,YBR094W,0,0.035415035,0.06971005350351334,0.11288711428642273,0.15081508457660675
YHR181W,YPL179W,0,0.035414778,0.06966707855463028,0.11288711428642273,0.15091508626937866
YBL008W-A,YKL086W,0,0.035329238,0.0696241557598114,0.11288711428642273,0.15101510286331177
YNR020C,YNL326C,0,0.035326518,0.0695812776684761,0.11288711428642273,0.15111510455608368
YGL175C,YER095W,0,0.035290107,0.06953845918178558,0.11288711428642273,0.15121512115001678
YBR090C-A,YIL037C,0,0.03524088,0.06949569284915924,0.11288711428642273,0.1513151377439499
YOL075C,YNL024C-A,0,0.035239134,0.06945297867059708,0.11288711428642273,0.1514151394367218
YOR240W,YLR054C,0,0.03521267,0.06941031664609909,0.11288711428642273,0.1515151560306549
YGL195W,YNL199C,0,0.035194248,0.06936770677566528,0.11288711428642273,0.15161515772342682
YOR298C-A,YOR073W,0,0.035056457,0.06932515650987625,0.11288711428642273,0.15171517431735992
YJR041C,YGL121C,0,0.035019524,0.0692826509475708,0.11288711428642273,0.15181517601013184
YLR293C,YJL018W,0,0.03500233,0.06924019753932953,0.11288711428642273,0.15191519260406494
YCL048W-A,YCR096C,0,0.034911785,0.06919779628515244,0.11288711428642273,0.15201519429683685
YEL048C,YGR206W,0,0.03490197,0.06915544718503952,0.11288711428642273,0.15211521089076996
YEL071W,YBL008W-A,0,0.034867935,0.06911315023899078,0.11288711428642273,0.15221522748470306
YOR027W,YML019W,0,0.034810632,0.06907090544700623,0.11288711428642273,0.15231522917747498
YDR346C,YHR021C,0,0.034798354,0.06902871280908585,0.11288711428642273,0.15241524577140808
YEL024W,YDL135C,0,0.03472635,0.06898657232522964,0.11288711428642273,0.15251524746418
YBR083W,YOR133W,0,0.03471597,0.06894447654485703,0.11288711428642273,0.1526152640581131
YHR158C,YDR533C,0,0.034578882,0.06890244036912918,0.11288711428642273,0.152715265750885
YGL116W,YER003C,0,0.034556154,0.06886044889688492,0.11288711428642273,0.15281528234481812
YBR241C,YFL026W,0,0.034509197,0.06881851702928543,0.11288711428642273,0.15291529893875122
YJR136C,YOL053C-A,1,0.0343521,0.06938526779413223,0.11388611048460007,0.15291529893875122
YBR180W,YNL054W-A,0,0.034316495,0.06934306770563126,0.11388611048460007,0.15301530063152313
YLR092W,YHR102W,0,0.034216687,0.06930091232061386,0.11388611048460007,0.15311531722545624
YLR133W,YNL146W,0,0.03416712,0.06925880908966064,0.11388611048460007,0.15321531891822815
YPL211W,YGL090W,0,0.034114063,0.0692167580127716,0.11388611048460007,0.15331533551216125
YGL106W,YHR080C,0,0.03410456,0.06917475908994675,0.11388611048460007,0.15341533720493317
YCL048W-A,YGL111W,0,0.03409984,0.06913280487060547,0.11388611048460007,0.15351535379886627
YOL091W,YKL042W,0,0.034099683,0.06909091025590897,0.11388611048460007,0.15361535549163818
YNL132W,YJL093C,0,0.03404069,0.06904906034469604,0.11388611048460007,0.1537153720855713
YDR034C-C,YDR490C,0,0.034039643,0.0690072625875473,0.11388611048460007,0.1538153886795044
YPL257W-A,YBR060C,0,0.034023274,0.06896551698446274,0.11388611048460007,0.1539153903722763
YBR090C-A,YLR032W,0,0.033962257,0.06892382353544235,0.11388611048460007,0.1540154069662094
YNL173C,YOR120W,0,0.033935025,0.06888217478990555,0.11388611048460007,0.15411540865898132
YDL069C,YDR034C-D,0,0.03388088,0.06884057819843292,0.11388611048460007,0.15421542525291443
YBR200W-A,YDL043C,0,0.03381808,0.06879903376102448,0.11388611048460007,0.15431542694568634
YPR110C,YJL028W,0,0.03381308,0.0687575414776802,0.11388611048460007,0.15441544353961945
YFR025C,YDR034C-C,0,0.033694766,0.06871609389781952,0.11388611048460007,0.15451544523239136
YDR487C,YJR049C,0,0.033652462,0.06867469847202301,0.11388611048460007,0.15461546182632446
YDR266C,YLR227W-A,0,0.03362836,0.06863335520029068,0.11388611048460007,0.15471547842025757
YKL164C,YMR044W,0,0.03362398,0.06859205663204193,0.11388611048460007,0.15481548011302948
YDR506C,YFL002W-A,0,0.033498522,0.06855081021785736,0.11388611048460007,0.15491549670696259
YLR157C-A,YER142C,0,0.033497944,0.06850961595773697,0.11388611048460007,0.1550154983997345
YMR220W,YJL181W,0,0.033431374,0.06846846640110016,0.11388611048460007,0.1551155149936676
YKR075C,YJR042W,0,0.03340994,0.06842736899852753,0.11388611048460007,0.15521551668643951
YMR051C,YAR015W,0,0.033308797,0.06838632375001907,0.11388611048460007,0.15531553328037262
YNL186W,YLR001C,0,0.033303037,0.0683453232049942,0.11388611048460007,0.15541553497314453
YJL133C-A,YOR260W,0,0.033258826,0.06830437481403351,0.11388611048460007,0.15551555156707764
YMR051C,YJR158W,0,0.033245005,0.0682634711265564,0.11388611048460007,0.15561556816101074
YGL223C,YCR003W,0,0.033176843,0.06822261959314346,0.11388611048460007,0.15571556985378265
YBL101W-A,YDR380W,0,0.033176143,0.06818182021379471,0.11388611048460007,0.15581558644771576
YOR358W,YML060W,0,0.033163995,0.06814106553792953,0.11388611048460007,0.15591558814048767
YBL101W-A,YOR151C,0,0.03315794,0.06810035556554794,0.11388611048460007,0.15601560473442078
YNL115C,YBL008W-A,0,0.03315022,0.06805970519781113,0.11388611048460007,0.1561156064271927
YDL192W,YCR040W,0,0.03305687,0.0680190920829773,0.11388611048460007,0.1562156230211258
YML033W,YJR096W,0,0.032970384,0.06797853112220764,0.11388611048460007,0.1563156247138977
YNL123W,YEL064C,0,0.032961026,0.06793802231550217,0.11388611048460007,0.1564156413078308
YBL008W-A,YMR050C,0,0.032944337,0.06789755821228027,0.11388611048460007,0.15651565790176392
YOL103W-A,YJL093C,0,0.0329281,0.06785714626312256,0.11388611048460007,0.15661565959453583
YJR120W,YHR025W,0,0.032873977,0.06781677901744843,0.11388611048460007,0.15671567618846893
YCR024C,YDR283C,0,0.03279148,0.06777645647525787,0.11388611048460007,0.15681567788124084
YPL089C,YEL039C,0,0.032781847,0.0677361860871315,0.11388611048460007,0.15691569447517395
YPL270W,YDR418W,0,0.032679677,0.06769596040248871,0.11388611048460007,0.15701569616794586
YNL090W,YDR018C,0,0.032611772,0.0676557868719101,0.11388611048460007,0.15711571276187897
YFL033C,YDR258C,1,0.032550275,0.06820877641439438,0.114885114133358,0.15711571276187897
YDR141C,YML007W,0,0.03250795,0.06816834956407547,0.114885114133358,0.15721571445465088
YJR100C,YER159C,1,0.032491926,0.06872037798166275,0.11588411778211594,0.15721571445465088
YIR015W,YER078C,0,0.032466486,0.06867969036102295,0.11588411778211594,0.15731573104858398
YOR241W,YHR176W,0,0.032405198,0.06863905489444733,0.11588411778211594,0.1574157476425171
YNR051C,YDR365W-A,0,0.03230584,0.06859846413135529,0.11588411778211594,0.157515749335289
YER075C,YNL310C,0,0.032221332,0.06855791807174683,0.11588411778211594,0.1576157659292221
YPL060C-A,YPL046C,0,0.03216196,0.06851742416620255,0.11588411778211594,0.15771576762199402
YKL018W,YGL003C,0,0.032155007,0.06847697496414185,0.11588411778211594,0.15781578421592712
YDR424C,YNR075W,0,0.032153867,0.06843657791614532,0.11588411778211594,0.15791578590869904
YNL248C,YLL032C,0,0.03205061,0.06839622557163239,0.11588411778211594,0.15801580250263214
YFL014W,YKL057C,1,0.031975567,0.06894519925117493,0.11688311398029327,0.15801580250263214
YIL150C,YNL047C,0,0.031950552,0.06890459358692169,0.11688311398029327,0.15811580419540405
YER177W,YBR112C,0,0.03194589,0.06886404007673264,0.11688311398029327,0.15821582078933716
YPR158C-D,YFL034C-A,0,0.0318875,0.06882353127002716,0.11688311398029327,0.15831583738327026
YKR099W,YOR343W-A,0,0.031811394,0.06878306716680527,0.11688311398029327,0.15841583907604218
YJL044C,YNL128W,0,0.031694617,0.06874265521764755,0.11688311398029327,0.15851585566997528
YLL010C,YER133W,1,0.03166449,0.06928949058055878,0.11788211762905121,0.15851585566997528
YDL100C,YDR192C,1,0.03166154,0.06983567774295807,0.11888112127780914,0.15851585566997528
YCL048W-A,YCR003W,0,0.031583726,0.06979472190141678,0.11888112127780914,0.1586158573627472
YIL011W,YJL072C,0,0.031426273,0.06975381076335907,0.11888112127780914,0.1587158739566803
YDR268W,YPL169C,0,0.031417545,0.06971294432878494,0.11888112127780914,0.1588158756494522
YKL194C,YML125C,0,0.03141459,0.069672130048275,0.11888112127780914,0.15891589224338531
YOR205C,YDL113C,0,0.03136193,0.06963136047124863,0.11888112127780914,0.15901590883731842
YCR071C,YLR227W-A,0,0.031317193,0.06959064304828644,0.11888112127780914,0.15911591053009033
YKL054C,YKL092C,0,0.031223742,0.06954997032880783,0.11888112127780914,0.15921592712402344
YOL103W-A,YKR099W,0,0.031199936,0.0695093423128128,0.11888112127780914,0.15931592881679535
YLR154W-C,YJR073C,0,0.030909237,0.06946876645088196,0.11888112127780914,0.15941594541072845
YBR200W-A,YKL091C,0,0.030902568,0.06942823529243469,0.11888112127780914,0.15951594710350037
YHR214C-C,YGR203W,0,0.030885624,0.0693877562880516,0.11888112127780914,0.15961596369743347
YBR200W-A,YNL213C,0,0.03088462,0.0693473219871521,0.11888112127780914,0.15971596539020538
YOL123W,YDR381W,0,0.030799482,0.06930693238973618,0.11888112127780914,0.1598159819841385
YHR203C,YMR023C,0,0.030789882,0.06926658749580383,0.11888112127780914,0.1599159985780716
YFL039C,YPR104C,0,0.030783962,0.06922629475593567,0.11888112127780914,0.1600160002708435
YMR244C-A,YOR192C-B,0,0.03074463,0.06918604671955109,0.11888112127780914,0.1601160168647766
YDR039C,YML057W,0,0.03072843,0.06914584338665009,0.11888112127780914,0.16021601855754852
YHR019C,YDR303C,0,0.03070365,0.06910569220781326,0.11888112127780914,0.16031603515148163
YNL176C,YDR210W,0,0.030628562,0.06906558573246002,0.11888112127780914,0.16041603684425354
YJL141C,YHL028W,1,0.03062667,0.06960556656122208,0.11988011747598648,0.16041603684425354
YGR017W,YKL026C,0,0.030608296,0.06956521421670914,0.11988011747598648,0.16051605343818665
YGR156W,YGL045W,0,0.030479647,0.06952491402626038,0.11988011747598648,0.16061605513095856
YPR097W,YBR087W,0,0.030467017,0.0694846585392952,0.11988011747598648,0.16071607172489166
YPR048W,YHR214W,0,0.030458808,0.0694444477558136,0.11988011747598648,0.16081608831882477
YMR170C,YDL080C,0,0.03044774,0.06940428167581558,0.11988011747598648,0.16091609001159668
YLR364W,YHR152W,0,0.030421112,0.06936416029930115,0.11988011747598648,0.16101610660552979
YCL048W-A,YDR390C,0,0.03033812,0.06932409107685089,0.11988011747598648,0.1611161082983017
YMR072W,YMR100W,0,0.030326694,0.06928406655788422,0.11988011747598648,0.1612161248922348
YMR011W,YLR170C,0,0.030318085,0.06924408674240112,0.11988011747598648,0.1613161265850067
YNL181W,YLR342W,0,0.030207055,0.06920415163040161,0.11988011747598648,0.16141614317893982
YHR009C,YGR059W,0,0.03014461,0.06916426867246628,0.11988011747598648,0.16151614487171173
YDR538W,YBL038W,0,0.030107342,0.06912442296743393,0.11988011747598648,0.16161616146564484
YOR312C,YDR307W,0,0.029989585,0.06908462941646576,0.11988011747598648,0.16171617805957794
YFL004W,YLR227W-A,0,0.029944118,0.06904488056898117,0.11988011747598648,0.16181617975234985
YOR192C-B,YER025W,0,0.029906519,0.06900517642498016,0.11988011747598648,0.16191619634628296
YKL010C,YNL299W,0,0.0297658,0.06896551698446274,0.11988011747598648,0.16201619803905487
YMR197C,YDR524C-B,0,0.0296537,0.0689259022474289,0.11988011747598648,0.16211621463298798
YOR173W,YGR002C,0,0.02964352,0.06888633966445923,0.11988011747598648,0.1622162163257599
YMR162C,YGR161C-D,0,0.029613853,0.06884681433439255,0.11988011747598648,0.162316232919693
YBL071W-A,YAL043C,0,0.029548641,0.06880734115839005,0.11988011747598648,0.1624162346124649
YGR161W-A,YHR088W,0,0.02951976,0.06876790523529053,0.11988011747598648,0.162516251206398
YFR024C-A,YLL010C,0,0.0294265,0.06872852146625519,0.11988011747598648,0.16261626780033112
YKL163W,YPR141C,0,0.029372893,0.06868918240070343,0.11988011747598648,0.16271626949310303
YPL206C,YIL027C,0,0.029362068,0.06864988803863525,0.11988011747598648,0.16281628608703613
YDR316W-B,YMR014W,0,0.029358009,0.06861063092947006,0.11988011747598648,0.16291628777980804
YDR034C-D,YDR197W,0,0.029343856,0.06857142597436905,0.11988011747598648,0.16301630437374115
YCL045C,YLR343W,0,0.029288404,0.06853226572275162,0.11988011747598648,0.16311630606651306
YER108C,YGL133W,0,0.029249638,0.06849315017461777,0.11988011747598648,0.16321632266044617
YBR034C,YGL006W,0,0.029197156,0.0684540793299675,0.11988011747598648,0.16331632435321808
YBL101W-A,YER044C-A,0,0.029142482,0.06841505318880081,0.11988011747598648,0.16341634094715118
YIL040W,YPL047W,0,0.029049799,0.0683760717511177,0.11988011747598648,0.1635163575410843
YIR034C,YIL084C,0,0.029034853,0.06833712756633759,0.11988011747598648,0.1636163592338562
YPL168W,YBR283C,0,0.028987091,0.06829823553562164,0.11988011747598648,0.1637163758277893
YLR059C,YDR365W-A,0,0.028913105,0.06825938820838928,0.11988011747598648,0.16381637752056122
YGR023W,YPR137C-B,0,0.028847253,0.0682205781340599,0.11988011747598648,0.16391639411449432
YML033W,YDR534C,0,0.028600328,0.06818182021379471,0.11988011747598648,0.16401639580726624
YLR275W,YPR158W-B,0,0.028469596,0.0681430995464325,0.11988011747598648,0.16411641240119934
YDR210W-A,YNL185C,0,0.028355982,0.06810442358255386,0.11988011747598648,0.16421642899513245
YKL221W,YDR316W-A,0,0.028335828,0.06806579977273941,0.11988011747598648,0.16431643068790436
YML082W,YNL284C-B,0,0.028309422,0.06802721321582794,0.11988011747598648,0.16441644728183746
YML070W,YNL024C-A,0,0.028254434,0.06798867136240005,0.11988011747598648,0.16451644897460938
YCL016C,YCR070W,0,0.028237931,0.06795016676187515,0.11988011747598648,0.16461646556854248
YKR030W,YKL198C,0,0.02816996,0.06791171431541443,0.11988011747598648,0.1647164672613144
YLR186W,YAR044W,0,0.028133633,0.06787330657243729,0.11988011747598648,0.1648164838552475
YJR009C,YLR039C,0,0.028030485,0.06783493608236313,0.11988011747598648,0.1649164855480194
YDR191W,YOR032C,0,0.028026938,0.06779661029577255,0.11988011747598648,0.16501650214195251
YHR035W,YGR189C,0,0.027998477,0.06775832921266556,0.11988011747598648,0.16511651873588562
YPL254W,YOL065C,0,0.02799125,0.06772009283304214,0.11988011747598648,0.16521652042865753
YOR100C,YBR079C,0,0.027973548,0.06768189370632172,0.11988011747598648,0.16531653702259064
YGR295C,YHR206W,0,0.027814,0.06764373928308487,0.11988011747598648,0.16541653871536255
YFL016C,YOL053C-A,1,0.02781333,0.0681690126657486,0.12087912112474442,0.16541653871536255
YMR053C,YML009C,0,0.027807213,0.06813062727451324,0.12087912112474442,0.16551655530929565
YJL148W,YGL231C,0,0.02761183,0.06809229403734207,0.12087912112474442,0.16561655700206757
YAL007C,YGR109W-A,0,0.027564235,0.06805399060249329,0.12087912112474442,0.16571657359600067
YLR333C,YDL017W,0,0.027562309,0.06801573932170868,0.12087912112474442,0.16581657528877258
YOR255W,YJR096W,0,0.027455412,0.06797752529382706,0.12087912112474442,0.1659165918827057
YNR045W,YHR120W,0,0.027389172,0.06793936342000961,0.12087912112474442,0.1660166084766388
YGR027W-B,YML041C,0,0.027376423,0.06790123134851456,0.12087912112474442,0.1661166101694107
YGR027W-B,YHR001W,0,0.027342811,0.06786315143108368,0.12087912112474442,0.1662166267633438
YLR019W,YNR001C,0,0.027330995,0.06782510876655579,0.12087912112474442,0.16631662845611572
YDR210W-B,YER166W,0,0.027214011,0.06778711825609207,0.12087912112474442,0.16641664505004883
YJL063C,YNL154C,0,0.027204499,0.06774915754795074,0.12087912112474442,0.16651664674282074
YBR126C,YOL053C-A,1,0.027136557,0.06827084720134735,0.12187812477350235,0.16651664674282074
YLR352W,YDR280W,0,0.027104035,0.06823266297578812,0.12187812477350235,0.16661666333675385
YNL305C,YBR055C,0,0.02706192,0.06819452345371246,0.12187812477350235,0.16671666502952576
YGR049W,YML096W,0,0.027020603,0.0681564211845398,0.12187812477350235,0.16681668162345886
YBR079C,YJL160C,0,0.026809566,0.0681183710694313,0.12187812477350235,0.16691669821739197
YDL112W,YOL096C,0,0.026798539,0.0680803582072258,0.12187812477350235,0.16701669991016388
YJL109C,YNL145W,0,0.026641676,0.06804239004850388,0.12187812477350235,0.16711671650409698
YPL055C,YNR075W,0,0.026571065,0.06800445914268494,0.12187812477350235,0.1672167181968689
YMR158W,YML040W,0,0.026481345,0.06796657294034958,0.12187812477350235,0.167316734790802
YOR361C,YLR227W-A,0,0.026428528,0.0679287314414978,0.12187812477350235,0.1674167364835739
YJL133C-A,YLR071C,0,0.026391182,0.06789092719554901,0.12187812477350235,0.16751675307750702
YGL084C,YLR015W,0,0.026245978,0.0678531676530838,0.12187812477350235,0.16761675477027893
YMR001C,YPR067W,0,0.02617827,0.06781545281410217,0.12187812477350235,0.16771677136421204
YMR323W,YPL103C,0,0.026142742,0.06777777522802353,0.12187812477350235,0.16781678795814514
YLR297W,YDR073W,0,0.026098896,0.06774014234542847,0.12187812477350235,0.16791678965091705
YNL191W,YOL076W,0,0.026028931,0.06770255416631699,0.12187812477350235,0.16801680624485016
YDR036C,YKL010C,0,0.026018672,0.06766500324010849,0.12187812477350235,0.16811680793762207
YOR066W,YOL147C,0,0.02599144,0.06762749701738358,0.12187812477350235,0.16821682453155518
YDR320C-A,YJR015W,0,0.02588864,0.06759002804756165,0.12187812477350235,0.1683168262243271
YPR100W,YBR240C,0,0.025861332,0.0675526037812233,0.12187812477350235,0.1684168428182602
YDR342C,YGR161C-D,0,0.025784355,0.06751521676778793,0.12187812477350235,0.1685168445110321
YDR034C-C,YIR033W,0,0.025743134,0.06747787445783615,0.12187812477350235,0.1686168611049652
YKL062W,YIR026C,0,0.025725245,0.06744057685136795,0.12187812477350235,0.16871687769889832
YHR203C,YFL002W-A,0,0.025696144,0.06740331649780273,0.12187812477350235,0.16881687939167023
YNL308C,YDR034C-C,0,0.025627855,0.0673660933971405,0.12187812477350235,0.16891689598560333
YGL150C,YGL210W-A,0,0.0256223,0.06732891499996185,0.12187812477350235,0.16901689767837524
YNL054W-B,YLL023C,0,0.025610397,0.06729178130626678,0.12187812477350235,0.16911691427230835
YPR174C,YNL311C,0,0.025590835,0.0672546848654747,0.12187812477350235,0.16921691596508026
YLR446W,YGR188C,0,0.02558501,0.0672176331281662,0.12187812477350235,0.16931693255901337
YHL004W,YDR252W,0,0.025575116,0.06718061864376068,0.12187812477350235,0.16941693425178528
YOR192C-B,YGL144C,0,0.02557068,0.06714364141225815,0.12187812477350235,0.16951695084571838
YBL067C,YOR240W,0,0.025492739,0.0671067088842392,0.12187812477350235,0.1696169674396515
YCL005W-A,YDR186C,0,0.02549198,0.06706982105970383,0.12187812477350235,0.1697169691324234
YPL241C,YGR203W,0,0.02537188,0.06703297048807144,0.12187812477350235,0.1698169857263565
YMR197C,YHR065C,0,0.025339663,0.06699615716934204,0.12187812477350235,0.16991698741912842
YPL149W,YPL008W,0,0.02530846,0.06695938855409622,0.12187812477350235,0.17001700401306152
YOL001W,YPL076W,0,0.025241278,0.06692265719175339,0.12187812477350235,0.17011700570583344
YBR217W,YNL146W,0,0.02524114,0.06688596308231354,0.12187812477350235,0.17021702229976654
YOL128C,YIL039W,0,0.025219172,0.06684931367635727,0.12187812477350235,0.17031703889369965
YCL062W,YAR008W,0,0.025151068,0.06681270897388458,0.12187812477350235,0.17041704058647156
YNL291C,YGR278W,0,0.025149517,0.06677613407373428,0.12187812477350235,0.17051705718040466
YGL150C,YNL284C-B,0,0.02505367,0.06673960387706757,0.12187812477350235,0.17061705887317657
YDR365W-B,YLR067C,0,0.025006067,0.06670311838388443,0.12187812477350235,0.17071707546710968
YNL046W,YIL014W,0,0.024996668,0.06666667014360428,0.12187812477350235,0.1708170771598816
YDR265W,YDR012W,0,0.024975464,0.06663025915622711,0.12187812477350235,0.1709170937538147
YOR372C,YGR038C-B,0,0.02496221,0.06659388542175293,0.12187812477350235,0.1710170954465866
YGL012W,YPL089C,0,0.024904229,0.06655755639076233,0.12187812477350235,0.17111711204051971
YML082W,YBL008W-A,0,0.024897292,0.06652126461267471,0.12187812477350235,0.17121712863445282
YPL097W,YAL009W,0,0.024781153,0.06648501008749008,0.12187812477350235,0.17131713032722473
YHR043C,YLR367W,0,0.024769887,0.06644880026578903,0.12187812477350235,0.17141714692115784
YNL041C,YNR047W,0,0.02475658,0.06641262769699097,0.12187812477350235,0.17151714861392975
YMR100W,YGR161C,0,0.024655074,0.06637649983167648,0.12187812477350235,0.17161716520786285
YGR249W,YDR365W-A,0,0.02459923,0.06634040176868439,0.12187812477350235,0.17171716690063477
YBR234C,YGR195W,0,0.024577603,0.06630434840917587,0.12187812477350235,0.17181718349456787
YBL074C,YDR098C-A,0,0.02444019,0.06626833230257034,0.12187812477350235,0.17191718518733978
YCR047C,YDL110C,0,0.02438642,0.0662323534488678,0.12187812477350235,0.1720172017812729
YDR087C,YOL096C,0,0.024344988,0.06619641929864883,0.12187812477350235,0.172117218375206
YDR210W-A,YER044C-A,0,0.024326054,0.06616052240133286,0.12187812477350235,0.1722172200679779
YPL162C,YNL216W,0,0.024256244,0.06612466275691986,0.12187812477350235,0.172317236661911
YOR004W,YLL052C,0,0.024241954,0.06608884036540985,0.12187812477350235,0.17241723835468292
YER157W,YPL275W,0,0.024220493,0.06605306267738342,0.12187812477350235,0.17251725494861603
YPL215W,YMR197C,0,0.0241642,0.06601731479167938,0.12187812477350235,0.17261725664138794
YDR210W-A,YMR313C,0,0.024141684,0.06598161160945892,0.12187812477350235,0.17271727323532104
YLR286C,YPL046C,0,0.024089113,0.06594594568014145,0.12187812477350235,0.17281727492809296
YCR004C,YKR010C,0,0.02406454,0.06591031700372696,0.12187812477350235,0.17291729152202606
YJL158C,YJL133C-A,0,0.023997702,0.06587473303079605,0.12187812477350235,0.17301730811595917
YDR184C,YPL171C,0,0.023976013,0.06583917886018753,0.12187812477350235,0.17311730980873108
YKL084W,YLR372W,0,0.02397448,0.06580366939306259,0.12187812477350235,0.17321732640266418
YLR265C,YLR192C,0,0.023942769,0.06576819717884064,0.12187812477350235,0.1733173280954361
YAL013W,YDR210C-D,0,0.023896132,0.06573276221752167,0.12187812477350235,0.1734173446893692
YKL167C,YNL116W,0,0.023842093,0.06569736450910568,0.12187812477350235,0.1735173463821411
YHR214C-C,YML131W,0,0.023828603,0.06566200405359268,0.12187812477350235,0.17361736297607422
YLR157C-B,YBR015C,0,0.023760904,0.06562668085098267,0.12187812477350235,0.17371736466884613
YML045W,YOL098C,0,0.023735851,0.06559139490127563,0.12187812477350235,0.17381738126277924
YEL020C,YGR161W-A,0,0.023692554,0.06555615365505219,0.12187812477350235,0.17391739785671234
YFL056C,YBR142W,0,0.023500457,0.06552094221115112,0.12187812477350235,0.17401739954948425
YHR018C,YPL153C,0,0.023497254,0.06548577547073364,0.12187812477350235,0.17411741614341736
YNL294C,YLR071C,0,0.023487568,0.06545064598321915,0.12187812477350235,0.17421741783618927
YPR009W,YPL060W,0,0.02343963,0.06541554629802704,0.12187812477350235,0.17431743443012238
YJL062W-A,YKL213C,0,0.023403432,0.06538049131631851,0.12187812477350235,0.1744174361228943
YNL241C,YLL010C,0,0.02340101,0.06534547358751297,0.12187812477350235,0.1745174527168274
YDR312W,YEL065W,0,0.023305684,0.06531049311161041,0.12187812477350235,0.1746174544095993
YGR027W-A,YER078C,0,0.02328434,0.06527554988861084,0.12187812477350235,0.1747174710035324
YGL246C,YMR122W-A,0,0.023254206,0.06524064391851425,0.12187812477350235,0.17481748759746552
YDR105C,YML082W,0,0.023228984,0.06520577520132065,0.12187812477350235,0.17491748929023743
YDR462W,YBR106W,0,0.023154542,0.06517094373703003,0.12187812477350235,0.17501750588417053
YDL153C,YDR210C-D,0,0.023118135,0.0651361420750618,0.12187812477350235,0.17511750757694244
YLR154W-C,YHR188C,0,0.023045428,0.06510138511657715,0.12187812477350235,0.17521752417087555
YDR113C,YEL004W,0,0.023033261,0.06506666541099548,0.12187812477350235,0.17531752586364746
YCL038C,YOR192C-A,0,0.023026023,0.0650319829583168,0.12187812477350235,0.17541754245758057
YBR123C,YKR085C,0,0.022965923,0.06499733775854111,0.12187812477350235,0.17551755905151367
YPL179W,YDR210C-D,0,0.02293407,0.0649627298116684,0.12187812477350235,0.17561756074428558
YDR317W,YBR160W,0,0.022862732,0.06492815166711807,0.12187812477350235,0.1757175773382187
YOL077C,YML054C,0,0.022861838,0.06489361822605133,0.12187812477350235,0.1758175790309906
YML111W,YNL054W-A,0,0.022829361,0.06485911458730698,0.12187812477350235,0.1759175956249237
YGR090W,YBL022C,0,0.022824109,0.0648246556520462,0.12187812477350235,0.17601759731769562
YFL026W,YPL103C,0,0.022801407,0.06479022651910782,0.12187812477350235,0.17611761391162872
YJL133C-A,YDR148C,0,0.022774963,0.06475584208965302,0.12187812477350235,0.17621761560440063
YJL160C,YDR349C,0,0.022691142,0.0647214874625206,0.12187812477350235,0.17631763219833374
YCR016W,YBL017C,0,0.022680104,0.06468717008829117,0.12187812477350235,0.17641764879226685
YGR231C,YDR258C,0,0.02265891,0.06465288996696472,0.12187812477350235,0.17651765048503876
YIR003W,YOL152W,0,0.022628214,0.06461864709854126,0.12187812477350235,0.17661766707897186
YBR133C,YBL100W-B,0,0.022603441,0.06458443403244019,0.12187812477350235,0.17671766877174377
YGR067C,YIL044C,0,0.022518948,0.06455026566982269,0.12187812477350235,0.17681768536567688
YLR090W,YDR201W,0,0.02250965,0.06451612710952759,0.12187812477350235,0.1769176870584488
YMR235C,YHR104W,0,0.022476967,0.06448203325271606,0.12187812477350235,0.1770177036523819
YOR217W,YGL224C,0,0.022427842,0.06444796919822693,0.12187812477350235,0.1771177053451538
YHR105W,YEL077C,0,0.022296662,0.06441394239664078,0.12187812477350235,0.17721772193908691
YOR192C-B,YOL126C,0,0.022246107,0.06437994539737701,0.12187812477350235,0.17731773853302002
YKL051W,YER045C,0,0.022201426,0.06434599310159683,0.12187812477350235,0.17741774022579193
YAL035W,YDR210C-D,0,0.022180595,0.06431207060813904,0.12187812477350235,0.17751775681972504
YOR189W,YDR513W,0,0.022125766,0.06427818536758423,0.12187812477350235,0.17761775851249695
YML064C,YCR070W,0,0.022095704,0.0642443373799324,0.12187812477350235,0.17771777510643005
YNL054W-B,YEL064C,0,0.022065997,0.06421052664518356,0.12187812477350235,0.17781777679920197
YDR289C,YOL120C,0,0.022039758,0.06417674571275711,0.12187812477350235,0.17791779339313507
YDR098C-B,YOL020W,0,0.022005565,0.06414300948381424,0.12187812477350235,0.17801779508590698
YOL103W-A,YGL232W,0,0.022000182,0.06410930305719376,0.12187812477350235,0.1781178116798401
YMR305C,YBL022C,0,0.021897435,0.06407563388347626,0.12187812477350235,0.1782178282737732
YMR125W,YBL091C,0,0.021819055,0.06404199451208115,0.12187812477350235,0.1783178299665451
YDR316W-B,YKL081W,0,0.021814834,0.06400839239358902,0.12187812477350235,0.1784178465604782
YPR100W,YMR290C,0,0.021801874,0.06397482752799988,0.12187812477350235,0.17851784825325012
YOR088W,YJL074C,0,0.021661669,0.06394129991531372,0.12187812477350235,0.17861786484718323
YHL013C,YGR161C-D,0,0.021657005,0.06390780210494995,0.12187812477350235,0.17871786653995514
YPL060C-A,YLL032C,0,0.021540198,0.06387434899806976,0.12187812477350235,0.17881788313388824
YNL132W,YOR192C-A,0,0.021475807,0.06384091824293137,0.12187812477350235,0.17891788482666016
YLR373C,YBR199W,0,0.02143509,0.06380753219127655,0.12187812477350235,0.17901790142059326
YDR098C-B,YDR387C,0,0.021400984,0.06377417594194412,0.12187812477350235,0.17911791801452637
YNL054W-B,YIL009W,0,0.021398086,0.06374085694551468,0.12187812477350235,0.17921791970729828
YBR054W,YOR078W,0,0.021364555,0.06370757520198822,0.12187812477350235,0.17931793630123138
YOR157C,YDR261C-C,0,0.021310536,0.06367432326078415,0.12187812477350235,0.1794179379940033
YML010W,YGR122W,0,0.021174364,0.06364110857248306,0.12187812477350235,0.1795179545879364
YJL106W,YGR109W-A,0,0.02116181,0.06360792368650436,0.12187812477350235,0.1796179562807083
YLR355C,YOR035C,0,0.021111473,0.06357477605342865,0.12187812477350235,0.17971797287464142
YGR157W,YGL130W,0,0.021069586,0.06354166567325592,0.12187812477350235,0.17981797456741333
YOR293W,YKL132C,0,0.021065786,0.06350859254598618,0.12187812477350235,0.17991799116134644
YBR034C,YGL134W,0,0.021011606,0.06347554922103882,0.12187812477350235,0.18001800775527954
YLR048W,YPR131C,0,0.020976778,0.06344253569841385,0.12187812477350235,0.18011800944805145
YLL062C,YER093C,0,0.020927582,0.06340956687927246,0.12187812477350235,0.18021802604198456
YJL137C,YPR178W,0,0.020848319,0.06337662041187286,0.12187812477350235,0.18031802773475647
YKR045C,YOL152W,0,0.02074954,0.06334371864795685,0.12187812477350235,0.18041804432868958
YHR128W,YGR027W-A,0,0.02072772,0.06331084668636322,0.12187812477350235,0.1805180460214615
YNL054W-A,YNL278W,0,0.020684121,0.06327801197767258,0.12187812477350235,0.1806180626153946
YIL084C,YLL026W,1,0.020611547,0.06376361101865768,0.12287712097167969,0.1806180626153946
YER021W,YOL020W,0,0.020596348,0.06373056769371033,0.12287712097167969,0.1807180792093277
YDR289C,YOL042W,0,0.020465434,0.06369756907224655,0.12287712097167969,0.1808180809020996
YDR317W,YDL108W,0,0.020461723,0.06366459280252457,0.12287712097167969,0.18091809749603271
YPL204W,YMR297W,0,0.020432785,0.06363166123628616,0.12287712097167969,0.18101809918880463
YGL023C,YMR152W,0,0.020388208,0.06359875947237015,0.12287712097167969,0.18111811578273773
YLR439W,YDL175C,0,0.020326115,0.06356589496135712,0.12287712097167969,0.18121811747550964
YOL103W-A,YNL287W,0,0.020309027,0.06353306025266647,0.12287712097167969,0.18131813406944275
YLR102C,YOR343W-A,0,0.02029182,0.06350025534629822,0.12287712097167969,0.18141813576221466
YNL031C,YOR343W-A,0,0.020289332,0.06346749514341354,0.12287712097167969,0.18151815235614777
YNL229C,YCR020W-B,0,0.020234883,0.06343475729227066,0.12287712097167969,0.18161816895008087
YJL216C,YER072W,0,0.020119645,0.06340206414461136,0.12287712097167969,0.18171817064285278
YJR009C,YGL105W,0,0.019874096,0.06336940079927444,0.12287712097167969,0.1818181872367859
YGR049W,YKR099C-A,0,0.019847468,0.06333676725625992,0.12287712097167969,0.1819181889295578
YGR071C,YGR104C,0,0.019751195,0.06330417096614838,0.12287712097167969,0.1820182055234909
YBR227C,YMR274C,0,0.019707993,0.06327160447835922,0.12287712097167969,0.18211820721626282
YFR032C-A,YCR021C,0,0.019666314,0.06323907524347305,0.12287712097167969,0.18221822381019592
YEL017C-A,YJR042W,0,0.01958837,0.06320657581090927,0.12287712097167969,0.18231822550296783
YOR066W,YFR003C,0,0.019583412,0.06317411363124847,0.12287712097167969,0.18241824209690094
YOL032W,YOL152W,0,0.01953641,0.06314168125391006,0.12287712097167969,0.18251825869083405
YGL049C,YAR050W,0,0.019510858,0.06310928612947464,0.12287712097167969,0.18261826038360596
YGL116W,YDR034C-D,0,0.019510744,0.0630769208073616,0.12287712097167969,0.18271827697753906
YDL002C,YPL060C-A,0,0.019431898,0.06304459273815155,0.12287712097167969,0.18281827867031097
YKR026C,YFL014W,1,0.019388467,0.06352458894252777,0.12387612462043762,0.18281827867031097
YLR207W,YCL050C,0,0.019336209,0.0634920671582222,0.12387612462043762,0.18291829526424408
YPL221W,YLR227W-A,0,0.019327767,0.06345956772565842,0.12387612462043762,0.183018296957016
YHR005C,YBR003W,0,0.019191772,0.06342711299657822,0.12387612462043762,0.1831183135509491
YLR154W-C,YDL106C,0,0.019170817,0.06339468061923981,0.12387612462043762,0.183218315243721
YDL153C,YBR127C,0,0.019062847,0.06336228549480438,0.12387612462043762,0.1833183318376541
YFL035C-A,YKL112W,0,0.018921847,0.06332992762327194,0.12387612462043762,0.18341834843158722
YLR035C-A,YDL141W,0,0.01891125,0.06329759955406189,0.12387612462043762,0.18351835012435913
YPR188C,YHL021C,0,0.018768713,0.06326530873775482,0.12387612462043762,0.18361836671829224
YFR050C,YML125C,0,0.01868119,0.06323304772377014,0.12387612462043762,0.18371836841106415
YML107C,YER087C-A,0,0.018588267,0.06320081651210785,0.12387612462043762,0.18381838500499725
YHR103W,YBR139W,0,0.018480726,0.06316862255334854,0.12387612462043762,0.18391838669776917
YLR276C,YMR043W,0,0.01844783,0.06313645839691162,0.12387612462043762,0.18401840329170227
YMR263W,YAL013W,1,0.018440083,0.06361322849988937,0.12487512826919556,0.18401840329170227
YGL039W,YHR072W-A,0,0.01821798,0.06358087807893753,0.12487512826919556,0.18411840498447418
YIL030C,YMR042W,0,0.01812704,0.06354855000972748,0.12487512826919556,0.1842184215784073
YGL061C,YLL050C,0,0.018013544,0.06351625919342041,0.12487512826919556,0.1843184381723404
YDR516C,YOR122C,0,0.017967373,0.06348400563001633,0.12487512826919556,0.1844184398651123
YDR098C-A,YML065W,0,0.017922774,0.06345177441835403,0.12487512826919556,0.1845184564590454
YLR154W-C,YLL014W,0,0.017870989,0.06341958045959473,0.12487512826919556,0.18461845815181732
YOR336W,YIL158W,0,0.017817505,0.0633874237537384,0.12487512826919556,0.18471847474575043
YDR365W-B,YJL186W,0,0.017780397,0.06335529685020447,0.12487512826919556,0.18481847643852234
YDR283C,YJL021C,0,0.0176471,0.06332319974899292,0.12487512826919556,0.18491849303245544
YPR186C,YAR033W,0,0.017621562,0.06329113990068436,0.12487512826919556,0.18501849472522736
YDR261C-C,YOR035C,0,0.017615933,0.06325910985469818,0.12487512826919556,0.18511851131916046
YER108C,YMR237W,0,0.017536027,0.0632271096110344,0.12487512826919556,0.18521852791309357
YGR245C,YDL072C,0,0.01748113,0.06319514662027359,0.12487512826919556,0.18531852960586548
YDL223C,YPR158W-A,0,0.01745636,0.06316321343183517,0.12487512826919556,0.18541854619979858
YBR286W,YPL060C-A,0,0.017397534,0.06313131004571915,0.12487512826919556,0.1855185478925705
YPL060C-A,YNL003C,0,0.017371997,0.0630994439125061,0.12487512826919556,0.1856185644865036
YLR315W,YER014W,0,0.017371252,0.06306760758161545,0.12487512826919556,0.1857185661792755
YNL339C,YML033W,0,0.017307261,0.06303580105304718,0.12487512826919556,0.18581858277320862
YDR261C-C,YPR184W,0,0.017204842,0.0630040317773819,0.12487512826919556,0.18591858446598053
YPR048W,YKR099W,0,0.01711224,0.062972292304039,0.12487512826919556,0.18601860105991364
YDL153C,YDR098C-B,0,0.016978823,0.0629405826330185,0.12487512826919556,0.18611861765384674
YER006W,YOR396W,0,0.016910654,0.06290891021490097,0.12487512826919556,0.18621861934661865
YOR141C,YLR034C,0,0.016898826,0.06287726014852524,0.12487512826919556,0.18631863594055176
YER041W,YLR227W-A,0,0.01686896,0.06284565478563309,0.12487512826919556,0.18641863763332367
YOR252W,YDR058C,0,0.0168356,0.06281407177448273,0.12487512826919556,0.18651865422725677
YKL145W,YPL153C,0,0.016805455,0.06278251856565475,0.12487512826919556,0.1866186559200287
YER183C,YHR122W,0,0.016797535,0.06275100260972977,0.12487512826919556,0.1867186725139618
YPL132W,YER081W,0,0.016774341,0.06271951645612717,0.12487512826919556,0.1868186891078949
YER129W,YJL047C,0,0.01668942,0.06268806755542755,0.12487512826919556,0.1869186908006668
YOR073W,YNL146W,0,0.016655592,0.06265664100646973,0.12487512826919556,0.18701870739459991
YOL034W,YCL031C,0,0.016635105,0.06262525171041489,0.12487512826919556,0.18711870908737183
YDR261C-C,YKL108W,0,0.016627666,0.06259389221668243,0.12487512826919556,0.18721872568130493
YNL286W,YPL066W,0,0.016565617,0.06256256252527237,0.12487512826919556,0.18731872737407684
YHR001W,YLR193C,0,0.016431369,0.06253126263618469,0.12487512826919556,0.18741874396800995
YDL130W-A,YLR071C,0,0.016376194,0.0625,0.12487512826919556,0.18751874566078186
YNL142W,YNL106C,0,0.016195938,0.062468767166137695,0.12487512826919556,0.18761876225471497
YBR073W,YAR044W,0,0.01617225,0.06243756413459778,0.12487512826919556,0.18771877884864807
YPL146C,YDL222C,0,0.016167462,0.06240639090538025,0.12487512826919556,0.18781878054141998
YNR071C,YML059C,0,0.01606512,0.062375251203775406,0.12487512826919556,0.1879187971353531
YBR070C,YKR045C,0,0.015959248,0.06234414130449295,0.12487512826919556,0.188018798828125
YJL157C,YOR396W,0,0.015925415,0.06231306120753288,0.12487512826919556,0.1881188154220581
YDR258C,YHL028W,1,0.015736535,0.06278026849031448,0.1258741319179535,0.1881188154220581
YDR210C-D,YBR279W,0,0.015660252,0.06274900585412979,0.1258741319179535,0.18821881711483002
YDR430C,YJR143C,0,0.015629485,0.06271777302026749,0.1258741319179535,0.18831883370876312
YOL068C,YDR098C-A,0,0.01556878,0.06268656998872757,0.1258741319179535,0.18841883540153503
YNL321W,YDR121W,0,0.015353724,0.06265539675951004,0.1258741319179535,0.18851885199546814
YDR074W,YNL123W,1,0.015268773,0.06312127411365509,0.12687312066555023,0.18851885199546814
YOR192C-A,YKL129C,0,0.014952135,0.06308991461992264,0.12687312066555023,0.18861886858940125
YPL090C,YOL069W,0,0.014867619,0.06305859237909317,0.12687312066555023,0.18871887028217316
YPR048W,YKR010C,0,0.014740638,0.0630272924900055,0.12687312066555023,0.18881888687610626
YDR170W-A,YKL010C,0,0.014679078,0.0629960298538208,0.12687312066555023,0.18891888856887817
YNL146W,YOR259C,0,0.014638126,0.0629647970199585,0.12687312066555023,0.18901890516281128
YDR358W,YNL220W,0,0.014518548,0.06293359398841858,0.12687312066555023,0.1891189068555832
YNL284C-B,YFL002C,0,0.014509668,0.06290242820978165,0.12687312066555023,0.1892189234495163
YPL164C,YOL149W,0,0.014292784,0.0628712847828865,0.12687312066555023,0.1893189251422882
YLL010C,YOL105C,1,0.014286123,0.06333497911691666,0.12787212431430817,0.1893189251422882
YML127W,YPR137C-B,0,0.014234627,0.06330365687608719,0.12787212431430817,0.1894189417362213
YDR165W,YBR160W,0,0.014214616,0.06327236443758011,0.12787212431430817,0.18951895833015442
YJR098C,YLR363C,0,0.01413925,0.06324110925197601,0.12787212431430817,0.18961896002292633
YLR439W,YDR362C,0,0.0141304135,0.06320987641811371,0.12787212431430817,0.18971897661685944
YOL020W,YNL106C,0,0.014124408,0.06317868083715439,0.12787212431430817,0.18981897830963135
YDR119W,YGR049W,0,0.014120199,0.06314750760793686,0.12787212431430817,0.18991899490356445
YMR055C,YJL216C,0,0.01411894,0.06311637163162231,0.12787212431430817,0.19001899659633636
YER063W,YOR343W-A,0,0.014059208,0.06308526545763016,0.12787212431430817,0.19011901319026947
YDL081C,YOR196C,0,0.014053088,0.06305418908596039,0.12787212431430817,0.19021901488304138
YPL154C,YOR182C,0,0.01399377,0.063023142516613,0.12787212431430817,0.1903190314769745
YML120C,YHR210C,0,0.013946816,0.06299212574958801,0.12787212431430817,0.1904190480709076
YNL097C,YBR072W,1,0.013848454,0.06345302611589432,0.1288711279630661,0.1904190480709076
YGL156W,YIL009W,0,0.013846885,0.063421830534935,0.1288711279630661,0.1905190497636795
YGL104C,YPL253C,0,0.013695367,0.06339066475629807,0.1288711279630661,0.1906190663576126
YPL158C,YBR009C,0,0.013686039,0.06335952877998352,0.1288711279630661,0.19071906805038452
YER140W,YKR010C,0,0.013681233,0.06332842260599136,0.1288711279630661,0.19081908464431763
YLR003C,YBL047C,0,0.01364439,0.06329735368490219,0.1288711279630661,0.19091908633708954
YGL147C,YHR067W,0,0.013609499,0.06326630711555481,0.1288711279630661,0.19101910293102264
YJL065C,YER170W,0,0.013594449,0.06323529779911041,0.1288711279630661,0.19111910462379456
YCL012W,YJL186W,0,0.01352494,0.0632043108344078,0.1288711279630661,0.19121912121772766
YDR481C,YHL009W-B,0,0.013491313,0.06317336112260818,0.1288711279630661,0.19131913781166077
YJL183W,YPR158W-B,0,0.01348219,0.06314244121313095,0.1288711279630661,0.19141913950443268
YOL128C,YJR108W,0,0.013465345,0.06311154365539551,0.1288711279630661,0.19151915609836578
YOR339C,YNL254C,0,0.013404712,0.06308068335056305,0.1288711279630661,0.1916191577911377
YPR102C,YJR027W,0,0.01330764,0.06304985284805298,0.1288711279630661,0.1917191743850708
YDL192W,YJR058C,0,0.013213575,0.0630190521478653,0.1288711279630661,0.1918191760778427
YPL140C,YOR092W,0,0.013075739,0.06298828125,0.1288711279630661,0.19191919267177582
YFL016C,YKR082W,1,0.0129605215,0.06344558298587799,0.12987013161182404,0.19191919267177582
YDR098C-B,YML004C,0,0.012956476,0.06341463327407837,0.12987013161182404,0.19201920926570892
YOR271C,YLR037C,0,0.012956172,0.06338371336460114,0.12987013161182404,0.19211921095848083
YER004W,YGL258W-A,0,0.01292862,0.06335282325744629,0.12987013161182404,0.19221922755241394
YJL065C,YPL209C,0,0.012903929,0.06332197040319443,0.12987013161182404,0.19231922924518585
YOL044W,YPR186C,0,0.012770191,0.06329113990068436,0.12987013161182404,0.19241924583911896
YPL047W,YGR161C-D,0,0.012733522,0.06326033920049667,0.12987013161182404,0.19251924753189087
YFL062W,YKL138C-A,0,0.012601231,0.06322956830263138,0.12987013161182404,0.19261926412582397
YBR016W,YDR390C,0,0.012596678,0.06319883465766907,0.12987013161182404,0.1927192658185959
YJL164C,YMR109W,0,0.012539327,0.06316812336444855,0.12987013161182404,0.192819282412529
YNL086W,YBL091C,0,0.012485405,0.06313744187355042,0.12987013161182404,0.1929192990064621
YBL064C,YDR210C-D,0,0.012452738,0.06310679763555527,0.12987013161182404,0.193019300699234
YHR019C,YMR283C,0,0.012419367,0.06307617574930191,0.12987013161182404,0.19311931729316711
YGR048W,YGL001C,0,0.012225419,0.06304558366537094,0.12987013161182404,0.19321931898593903
YAR042W,YDR316W-B,0,0.012197145,0.06301502883434296,0.12987013161182404,0.19331933557987213
YDR316W-A,YNL091W,0,0.012179624,0.06298449635505676,0.12987013161182404,0.19341933727264404
YPL060C-A,YML072C,0,0.012111209,0.06295399367809296,0.12987013161182404,0.19351935386657715
YDR242W,YOR312C,0,0.012073668,0.06292352080345154,0.12987013161182404,0.19361935555934906
YMR045C,YLR288C,0,0.01203179,0.0628930851817131,0.12987013161182404,0.19371937215328217
YLL053C,YPL079W,0,0.012001187,0.06286267191171646,0.12987013161182404,0.19381938874721527
YLR035C-A,YML081C-A,0,0.0118853515,0.0628322884440422,0.12987013161182404,0.19391939043998718
YDR308C,YKL188C,0,0.0117801875,0.06280193477869034,0.12987013161182404,0.1940194070339203
YPL281C,YDR540C,0,0.0117791,0.06277161091566086,0.12987013161182404,0.1941194087266922
YJL013C,YNL326C,0,0.011732813,0.06274130940437317,0.12987013161182404,0.1942194253206253
YOR064C,YGR163W,0,0.01167652,0.06271104514598846,0.12987013161182404,0.19431942701339722
YDR399W,YFL050C,0,0.011623511,0.06268081068992615,0.12987013161182404,0.19441944360733032
YAL047C,YLR044C,0,0.011615016,0.06265060603618622,0.12987013161182404,0.19451944530010223
YMR287C,YHL050C,0,0.011613917,0.06262042373418808,0.12987013161182404,0.19461946189403534
YJR132W,YML012W,0,0.011552021,0.06259027123451233,0.12987013161182404,0.19471947848796844
YNL030W,YKR099C-A,0,0.011509593,0.06256015598773956,0.12987013161182404,0.19481948018074036
YDR365W-B,YNL242W,0,0.011409178,0.06253006309270859,0.12987013161182404,0.19491949677467346
YBR103W,YDL060W,0,0.011360288,0.0625,0.12987013161182404,0.19501949846744537
YOL080C,YLL028W,0,0.011306968,0.0624699667096138,0.12987013161182404,0.19511951506137848
YDR160W,YPL074W,0,0.011270791,0.06243996322154999,0.12987013161182404,0.1952195167541504
YLR014C,YFL052W,0,0.011166197,0.062409985810518265,0.12987013161182404,0.1953195333480835
YPL123C,YKL040C,0,0.011120833,0.06238003820180893,0.12987013161182404,0.1954195350408554
YGR038C-A,YGL020C,0,0.011034135,0.06235012039542198,0.12987013161182404,0.1955195516347885
YNL190W,YBR030W,0,0.010999406,0.06232022866606712,0.12987013161182404,0.19561956822872162
YOR192C-B,YDL122W,0,0.010934892,0.06229037046432495,0.12987013161182404,0.19571956992149353
YKR078W,YAR044W,0,0.0109294895,0.06226053461432457,0.12987013161182404,0.19581958651542664
YDR096W,YKL040C,0,0.01086238,0.062230732291936874,0.12987013161182404,0.19591958820819855
YPL173W,YHL008C,0,0.010842215,0.06220095604658127,0.12987013161182404,0.19601960480213165
YMR048W,YNL245C,0,0.01077709,0.06217120960354805,0.12987013161182404,0.19611960649490356
YLR342W,YJR064W,0,0.01075523,0.06214149296283722,0.12987013161182404,0.19621962308883667
YDR387C,YDR289C,0,0.010674935,0.06211180239915848,0.12987013161182404,0.19631962478160858
YHR115C,YDR315C,0,0.010654658,0.062082137912511826,0.12987013161182404,0.1964196413755417
YOR075W,YLR427W,0,0.010502964,0.06205250695347786,0.12987013161182404,0.1965196579694748
YCR034W,YLR240W,0,0.010497212,0.06202290207147598,0.12987013161182404,0.1966196596622467
YHR079C-B,YGL098W,0,0.010452628,0.061993323266506195,0.12987013161182404,0.1967196762561798
YER122C,YOR256C,0,0.01038374,0.061963774263858795,0.12987013161182404,0.19681967794895172
YGR174C,YER146W,0,0.010382779,0.06193425506353378,0.12987013161182404,0.19691969454288483
YLR068W,YKL026C,0,0.010143124,0.06190476194024086,0.12987013161182404,0.19701969623565674
YNL097C,YOR178C,1,0.010141626,0.06235126033425331,0.13086913526058197,0.19701969623565674
YLR090W,YDR078C,0,0.010065109,0.06232159957289696,0.13086913526058197,0.19711971282958984
YKL060C,YBR039W,0,0.010039907,0.06229196488857269,0.13086913526058197,0.19721971452236176
YDR343C,YJL160C,0,0.0100189075,0.06226235628128052,0.13086913526058197,0.19731973111629486
YNL054W-B,YER159C,0,0.009880168,0.06223277747631073,0.13086913526058197,0.19741974771022797
YLR438C-A,YGR253C,0,0.009877667,0.06220322847366333,0.13086913526058197,0.19751974940299988
YKL069W,YKL073W,0,0.009729303,0.06217370554804802,0.13086913526058197,0.19761976599693298
YKL148C,YBL054W,0,0.009700678,0.062144212424755096,0.13086913526058197,0.1977197676897049
YNR023W,YBL100W-A,0,0.009621661,0.06211474537849426,0.13086913526058197,0.197819784283638
YBR109C,YFL018W-A,0,0.009567112,0.06208530813455582,0.13086913526058197,0.1979197859764099
YGR038C-B,YNL251C,0,0.009525313,0.06205589696764946,0.13086913526058197,0.19801980257034302
YDR034C-D,YIR004W,0,0.009485874,0.06202651560306549,0.13086913526058197,0.19811981916427612
YNL247W,YLR157C-A,0,0.009461446,0.06199716031551361,0.13086913526058197,0.19821982085704803
YMR247C,YFR044C,0,0.009431809,0.06196783483028412,0.13086913526058197,0.19831983745098114
YJL018W,YBR146W,0,0.009427488,0.061938535422086716,0.13086913526058197,0.19841983914375305
YGL055W,YBR161W,0,0.009379521,0.0619092620909214,0.13086913526058197,0.19851985573768616
YMR119W,YMR268C,0,0.009327039,0.061880018562078476,0.13086913526058197,0.19861985743045807
YLR157C-A,YIL065C,0,0.009312699,0.06185080111026764,0.13086913526058197,0.19871987402439117
YBR073W,YDR098C-A,0,0.009248882,0.06182161346077919,0.13086913526058197,0.19881987571716309
YEL019C,YJR129C,0,0.009231473,0.06179245188832283,0.13086913526058197,0.1989198923110962
YPL162C,YGR161C-C,0,0.0092194155,0.06176332011818886,0.13086913526058197,0.1990199089050293
YGR083C,YLR424W,0,0.009047389,0.061734214425086975,0.13086913526058197,0.1991199105978012
YPL004C,YKL057C,1,0.008902356,0.062176164239645004,0.1318681389093399,0.1991199105978012
YGL179C,YGR049W,0,0.00881663,0.06214689090847969,0.1318681389093399,0.19921992719173431
YDR261C-C,YNL134C,0,0.008816124,0.062117647379636765,0.1318681389093399,0.19931992888450623
YBR126C,YOL004W,1,0.008774459,0.06255879253149033,0.13286712765693665,0.19931992888450623
YBL005W-A,YJL123C,0,0.008659374,0.06252938508987427,0.13286712765693665,0.19941994547843933
YDR122W,YHR092C,0,0.008570477,0.0625,0.13286712765693665,0.19951994717121124
YML077W,YER027C,0,0.008563459,0.06247064471244812,0.13286712765693665,0.19961996376514435
YMR263W,YOL053C-A,1,0.008535594,0.06291079521179199,0.13386613130569458,0.19961996376514435
YKL145W,YPL187W,0,0.008426394,0.06288127601146698,0.13386613130569458,0.19971996545791626
YPR102C,YNR001C,0,0.008253813,0.06285177916288376,0.13386613130569458,0.19981998205184937
YLR154W-C,YPL268W,0,0.008207038,0.06282231956720352,0.13386613130569458,0.19991999864578247
YBL056W,YER141W,0,0.008202316,0.06279287487268448,0.13386613130569458,0.20002000033855438
YMR118C,YLR381W,0,0.008191787,0.06276346743106842,0.13386613130569458,0.2001200169324875
YKL157W,YER110C,0,0.00815627,0.06273408234119415,0.13386613130569458,0.2002200186252594
YIL091C,YJR152W,0,0.008037232,0.06270472705364227,0.13386613130569458,0.2003200352191925
YGR124W,YCL012W,0,0.007868143,0.06267539411783218,0.13386613130569458,0.20042003691196442
YCL062W,YNL101W,0,0.007697586,0.06264609843492508,0.13386613130569458,0.20052005350589752
YLR411W,YOR192C-A,0,0.0076626595,0.06261682510375977,0.13386613130569458,0.20062005519866943
YCR033W,YGR161C-C,0,0.0076621603,0.06258757412433624,0.13386613130569458,0.20072007179260254
YNL151C,YBR035C,0,0.007590214,0.0625583603978157,0.13386613130569458,0.20082008838653564
YKR078W,YDR047W,0,0.007516077,0.06252916157245636,0.13386613130569458,0.20092009007930756
YGR217W,YJL045W,0,0.0074382536,0.0625,0.13386613130569458,0.20102010667324066
YNR071C,YLL018C-A,0,0.0072542178,0.06247086077928543,0.13386613130569458,0.20112010836601257
YLR147C,YJL047C,0,0.0071939826,0.06244175136089325,0.13386613130569458,0.20122012495994568
YHR115C,YDL119C,0,0.007180661,0.06241266801953316,0.13386613130569458,0.2013201266527176
YBL030C,YHR084W,0,0.0070919544,0.06238361448049545,0.13386613130569458,0.2014201432466507
YJL089W,YPR066W,0,0.007089969,0.06235458329319954,0.13386613130569458,0.2015201449394226
YPR081C,YLR328W,0,0.007072419,0.06232558190822601,0.13386613130569458,0.2016201615333557
YLR157C-A,YIL038C,0,0.007032908,0.062296606600284576,0.13386613130569458,0.20172017812728882
YJR129C,YCL057C-A,0,0.006940799,0.06226765736937523,0.13386613130569458,0.20182017982006073
YJL165C,YGL059W,0,0.0067026913,0.06223873794078827,0.13386613130569458,0.20192019641399384
YBR121C,YNL058C,0,0.006643731,0.0622098408639431,0.13386613130569458,0.20202019810676575
YBL074C,YHR143W,0,0.006632626,0.06218097358942032,0.13386613130569458,0.20212021470069885
YLR178C,YER106W,0,0.0065974984,0.062152132391929626,0.13386613130569458,0.20222021639347076
YLR398C,YOR057W,0,0.0065243617,0.06212332099676132,0.13386613130569458,0.20232023298740387
YKL091C,YIL011W,0,0.0065024234,0.06209453195333481,0.13386613130569458,0.20242023468017578
YGR096W,YFL056C,0,0.0064943656,0.06206577271223068,0.13386613130569458,0.2025202512741089
YBR072W,YOL053C-A,1,0.0064102337,0.0625,0.13486513495445251,0.2025202512741089
YPL236C,YDR300C,0,0.006370008,0.06247107684612274,0.13486513495445251,0.202620267868042
YKR025W,YBR043C,0,0.0063153952,0.06244218349456787,0.13486513495445251,0.2027202695608139
YNL222W,YLR138W,0,0.0063002184,0.06241331622004509,0.13486513495445251,0.202820286154747
YHR214C-C,YIL049W,0,0.0060839206,0.0623844750225544,0.13486513495445251,0.20292028784751892
YNL054W-B,YDR179C,0,0.006035438,0.062355659902095795,0.13486513495445251,0.20302030444145203
YBR025C,YDL088C,1,0.005978182,0.06278855353593826,0.13586413860321045,0.20302030444145203
YBR186W,YKL138C-A,0,0.0059736893,0.06275957822799683,0.13586413860321045,0.20312030613422394
YDR261W-B,YOR034C,0,0.005817706,0.06273062527179718,0.13586413860321045,0.20322032272815704
YLR006C,YKL109W,0,0.005765427,0.06270170956850052,0.13586413860321045,0.20332033932209015
YBL040C,YDR208W,0,0.0057243183,0.06267280876636505,0.13586413860321045,0.20342034101486206
YDR098C-B,YDR022C,0,0.0056190286,0.06264394521713257,0.13586413860321045,0.20352035760879517
YHR181W,YJR076C,0,0.005615443,0.06261510401964188,0.13586413860321045,0.20362035930156708
YPL004C,YER111C,1,0.0055300742,0.06304647773504257,0.13686314225196838,0.20362035930156708
YML059C,YJL073W,0,0.005508356,0.06301748007535934,0.13686314225196838,0.20372037589550018
YOL080C,YKR088C,0,0.0055062547,0.06298850476741791,0.13686314225196838,0.2038203775882721
YBR016W,YOR151C,0,0.0054887515,0.06295955926179886,0.13686314225196838,0.2039203941822052
YBR169C,YFL053W,0,0.005464811,0.0629306361079216,0.13686314225196838,0.2040203958749771
YLR035C-A,YLR074C,0,0.0053574117,0.06290174275636673,0.13686314225196838,0.20412041246891022
YDL175C,YDR111C,0,0.0053571053,0.06287287920713425,0.13686314225196838,0.20422042906284332
YPR158C-D,YGL073W,0,0.005314622,0.06284403800964355,0.13686314225196838,0.20432043075561523
YLR182W,YOL053C-A,1,0.0052377917,0.06327372789382935,0.13786213099956512,0.20432043075561523
YML076C,YNL037C,0,0.0051124543,0.06324473023414612,0.13786213099956512,0.20442044734954834
YNL054W-B,YPL230W,0,0.005047695,0.06321575492620468,0.13786213099956512,0.20452044904232025
YGR218W,YGL231C,0,0.0050294697,0.06318681687116623,0.13786213099956512,0.20462046563625336
YER078C,YLR071C,0,0.0050118845,0.06315789371728897,0.13786213099956512,0.20472046732902527
YJL062W,YDL222C,0,0.0049751773,0.0631290003657341,0.13786213099956512,0.20482048392295837
YHR096C,YOR295W,0,0.004921794,0.06310013681650162,0.13786213099956512,0.20492048561573029
YIL160C,YMR043W,0,0.004798636,0.06307129561901093,0.13786213099956512,0.2050205022096634
YFL035C-A,YLR411W,0,0.004726329,0.06304248422384262,0.13786213099956512,0.2051205188035965
YJL044C,YDR362C,0,0.004531786,0.06301369518041611,0.13786213099956512,0.2052205204963684
YNL094W,YJL148W,0,0.0045146644,0.06298493593931198,0.13786213099956512,0.2053205370903015
YBR211C,YBL010C,0,0.00449487,0.06295620650053024,0.13786213099956512,0.20542053878307343
YPR029C,YPR009W,0,0.0044797957,0.0629274994134903,0.13786213099956512,0.20552055537700653
YMR125W,YGR038C-A,0,0.004437982,0.06289881467819214,0.13786213099956512,0.20562055706977844
YDR516C,YMR207C,0,0.0042954087,0.06287015974521637,0.13786213099956512,0.20572057366371155
YMR051C,YMR307W,0,0.004294282,0.06284152716398239,0.13786213099956512,0.20582057535648346
YFL035C-A,YER159C,0,0.004246827,0.0628129243850708,0.13786213099956512,0.20592059195041656
YIL084C,YOL052C-A,1,0.0041031837,0.06323930621147156,0.13886113464832306,0.20592059195041656
YDR098C-A,YBR279W,0,0.004084429,0.06321054697036743,0.13886113464832306,0.20602060854434967
YIL090W,YBR283C,0,0.003911197,0.0631818175315857,0.13886113464832306,0.20612061023712158
YKR061W,YLR060W,0,0.0038878769,0.06315311044454575,0.13886113464832306,0.2062206268310547
YJR123W,YCR066W,0,0.0038390905,0.06312443315982819,0.13886113464832306,0.2063206285238266
YJL101C,YMR262W,0,0.0036529284,0.06309577822685242,0.13886113464832306,0.2064206451177597
YDR545W,YKL018W,0,0.0036012381,0.06306715309619904,0.13886113464832306,0.20652064681053162
YNL217W,YLR442C,0,0.0034957938,0.06303855031728745,0.13886113464832306,0.20662066340446472
YFL009W,YKL173W,0,0.0034372658,0.06300996989011765,0.13886113464832306,0.20672066509723663
YDL193W,YDL060W,0,0.0033783317,0.06298141926527023,0.13886113464832306,0.20682068169116974
YOR273C,YLR318W,0,0.0032845438,0.06295289844274521,0.13886113464832306,0.20692069828510284
YML129C,YOL042W,0,0.0032582805,0.06292439997196198,0.13886113464832306,0.20702069997787476
YJL164C,YDR261W-B,0,0.003238066,0.06289593130350113,0.13886113464832306,0.20712071657180786
YBR160W,YLR185W,0,0.0032276362,0.06286747753620148,0.13886113464832306,0.20722071826457977
YDR098C-B,YMR204C,0,0.0032190895,0.06283906102180481,0.13886113464832306,0.20732073485851288
YHL028W,YPR029C,0,0.0031364113,0.06281066685914993,0.13886113464832306,0.2074207365512848
YLR054C,YHR121W,0,0.0031163096,0.06278229504823685,0.13886113464832306,0.2075207531452179
YOR273C,YGR109W-A,0,0.002966838,0.06275395303964615,0.13886113464832306,0.2076207548379898
YPL009C,YBR264C,0,0.002844654,0.06272563338279724,0.13886113464832306,0.2077207714319229
YHL009W-A,YER127W,0,0.0027487343,0.06269733607769012,0.13886113464832306,0.20782078802585602
YPR007C,YPR132W,0,0.0027276725,0.0626690685749054,0.13886113464832306,0.20792078971862793
YJR098C,YBR233W-A,0,0.0027106032,0.06264083087444305,0.13886113464832306,0.20802080631256104
YLR182W,YDR258C,1,0.0026895143,0.06306306272745132,0.139860138297081,0.20802080631256104
YDL033C,YNL149C,0,0.0026796535,0.06303466856479645,0.139860138297081,0.20812080800533295
YOR303W,YNR053C,0,0.0025686845,0.06300630420446396,0.139860138297081,0.20822082459926605
YDR465C,YCL027W,0,0.0025294125,0.06297795474529266,0.139860138297081,0.20832082629203796
YJR155W,YNL246W,0,0.0024709962,0.06294964253902435,0.139860138297081,0.20842084288597107
YER083C,YOR343W-A,0,0.0024229544,0.06292134523391724,0.139860138297081,0.20852085947990417
YBR054W,YDR469W,0,0.0024121031,0.0628930851817131,0.139860138297081,0.2086208611726761
YMR035W,YKR095W-A,0,0.002405934,0.06286484003067017,0.139860138297081,0.2087208777666092
YHR214C-C,YKL137W,0,0.0023599807,0.06283662468194962,0.139860138297081,0.2088208794593811
YLR090W,YMR236W,0,0.002300918,0.06280843168497086,0.139860138297081,0.2089208960533142
YLR337W,YEL061C,0,0.0022835205,0.06278026849031448,0.139860138297081,0.20902089774608612
YER146W,YOL042W,0,0.002125293,0.0627521276473999,0.139860138297081,0.20912091434001923
YJR159W,YPL121C,0,0.0020362772,0.06272401660680771,0.139860138297081,0.20922091603279114
YKR086W,YOR192C-B,0,0.0019115172,0.0626959279179573,0.139860138297081,0.20932093262672424
YHR039C-B,YLR256W,0,0.0019010603,0.0626678615808487,0.139860138297081,0.20942094922065735
YDL033C,YLR186W,0,0.0018348433,0.06263981759548187,0.139860138297081,0.20952095091342926
YDL185W,YJR088C,0,0.0018272288,0.06261180341243744,0.139860138297081,0.20962096750736237
YGL171W,YHR190W,0,0.0018199682,0.0625838190317154,0.139860138297081,0.20972096920013428
YOL016C,YHL040C,0,0.0016988814,0.06255585700273514,0.139860138297081,0.20982098579406738
YKL055C,YKR018C,0,0.0016233278,0.06252791732549667,0.139860138297081,0.2099209874868393
YIL070C,YLR157C-B,0,0.0016209269,0.0625,0.139860138297081,0.2100210040807724
YDR210W-B,YOR064C,0,0.0014763325,0.062472112476825714,0.139860138297081,0.2101210057735443
YDL085W,YDR013W,0,0.0014499426,0.06244424730539322,0.139860138297081,0.21022102236747742
YEL017C-A,YHR045W,0,0.0013325773,0.06241640821099281,0.139860138297081,0.21032103896141052
YBL017C,YDR265W,0,0.001284169,0.0623885914683342,0.139860138297081,0.21042104065418243
YMR223W,YNL180C,0,0.0012503415,0.06236080080270767,0.139860138297081,0.21052105724811554
YLR085C,YJR145C,0,0.0011113379,0.062333036214113235,0.139860138297081,0.21062105894088745
YDR450W,YBR045C,0,0.0009713862,0.06230529770255089,0.139860138297081,0.21072107553482056
YGL139W,YBR235W,0,0.0009485958,0.06227758154273033,0.139860138297081,0.21082107722759247
YIL119C,YHR152W,0,0.00092819333,0.062249887734651566,0.139860138297081,0.21092109382152557
YPL257W-A,YLR385C,0,0.00091263093,0.06222222372889519,0.139860138297081,0.21102109551429749
YJR100C,YMR037C,1,0.00086644664,0.06263882666826248,0.14085914194583893,0.21102109551429749
YOR337W,YFR006W,0,0.0007852204,0.06261101365089417,0.14085914194583893,0.2111211121082306
YJL196C,YGR038C-A,0,0.0007144904,0.06258322298526764,0.14085914194583893,0.2112211287021637
YHR042W,YHL009W-B,0,0.00062910095,0.0625554546713829,0.14085914194583893,0.2113211303949356
YGR207C,YOL060C,0,0.00053755194,0.06252771615982056,0.14085914194583893,0.2114211469888687
YPL204W,YPR158W-B,0,0.0004989905,0.0625,0.14085914194583893,0.21152114868164062
YNR063W,YML110C,0,0.0004976541,0.06247230991721153,0.14085914194583893,0.21162116527557373
YBR056W,YNL051W,0,0.00045199506,0.062444642186164856,0.14085914194583893,0.21172116696834564
YJR100C,YOL053C-A,1,0.0003975043,0.0628596693277359,0.14185814559459686,0.21172116696834564
YLR260W,YKR082W,1,0.00034731627,0.0632743388414383,0.1428571492433548,0.21172116696834564
YDR316W-A,YLR355C,0,0.00028773397,0.06324635446071625,0.1428571492433548,0.21182118356227875
YDR056C,YER032W,0,0.0002491176,0.06321839243173599,0.1428571492433548,0.21192118525505066
YKL160W,YJL113W,0,0.00021695346,0.06319045275449753,0.1428571492433548,0.21202120184898376
YDL060W,YHR171W,0,0.00015427172,0.06316254287958145,0.1428571492433548,0.21212121844291687
YJL212C,YHL024W,0,0.00011494756,0.06313465535640717,0.1428571492433548,0.21222122013568878
YPR028W,YJL177W,0,5.3599477e-05,0.06310679763555527,0.1428571492433548,0.2123212367296219
YDR261C-C,YLR014C,0,4.932098e-05,0.06307896226644516,0.1428571492433548,0.2124212384223938
YNL035C,YNL217W,0,-4.0625222e-05,0.06305114924907684,0.1428571492433548,0.2125212550163269
YFL035C-A,YDL127W,0,-4.6295114e-05,0.06302335858345032,0.1428571492433548,0.21262125670909882
YER060W-A,YKL184W,0,-9.11206e-05,0.06299559772014618,0.1428571492433548,0.21272127330303192
YKL051W,YPL141C,0,-0.00019620359,0.06296785920858383,0.1428571492433548,0.21282127499580383
YLR075W,YHR154W,0,-0.00023713708,0.06294014304876328,0.1428571492433548,0.21292129158973694
YGR212W,YBR086C,0,-0.00025595725,0.06291244924068451,0.1428571492433548,0.21302130818367004
YOR383C,YOR103C,0,-0.0002771318,0.06288478523492813,0.1428571492433548,0.21312130987644196
YLR310C,YNL284C-B,0,-0.00029526558,0.06285714358091354,0.1428571492433548,0.21322132647037506
YNL176C,YNL212W,0,-0.00042229146,0.06282952427864075,0.1428571492433548,0.21332132816314697
YKL071W,YKL199C,0,-0.0005459059,0.06280193477869034,0.1428571492433548,0.21342134475708008
YLR157C-A,YIL075C,0,-0.00065949187,0.06277436017990112,0.1428571492433548,0.213521346449852
YBR154C,YEL063C,0,-0.0007010028,0.0627468153834343,0.1428571492433548,0.2136213630437851
YOL003C,YHL050C,0,-0.0007479489,0.06271930038928986,0.1428571492433548,0.213721364736557
YLR421C,YML037C,0,-0.00079071894,0.06269180029630661,0.1428571492433548,0.2138213813304901
YGR033C,YER123W,0,-0.00080537796,0.06266433000564575,0.1428571492433548,0.21392139792442322
YOL091W,YHR183W,0,-0.00083872303,0.06263688206672668,0.1428571492433548,0.21402139961719513
YOR252W,YOR191W,0,-0.0009172857,0.06260945647954941,0.1428571492433548,0.21412141621112823
YNL119W,YBR290W,0,-0.00097643584,0.06258205324411392,0.1428571492433548,0.21422141790390015
YLR450W,YIL009C-A,0,-0.0010272264,0.06255467981100082,0.1428571492433548,0.21432143449783325
YLR157C-B,YER032W,0,-0.0010748319,0.06252732872962952,0.1428571492433548,0.21442143619060516
YLR286C,YLL005C,0,-0.0012478083,0.0625,0.1428571492433548,0.21452145278453827
YGL249W,YDR515W,0,-0.0015366152,0.06247269734740257,0.1428571492433548,0.21462146937847137
YIR009W,YFL026W,0,-0.0018579662,0.06244541332125664,0.1428571492433548,0.2147214710712433
YAL030W,YHR010W,0,-0.0018704981,0.06241815909743309,0.1428571492433548,0.2148214876651764
YMR186W,YDR074W,1,-0.0018971413,0.0628272220492363,0.14385613799095154,0.2148214876651764
YNL081C,YBL047C,0,-0.0018986389,0.06279982626438141,0.14385613799095154,0.2149214893579483
YNL054W-B,YLR061W,0,-0.0020292099,0.06277245283126831,0.14385613799095154,0.2150215059518814
YML063W,YKL173W,0,-0.0020732284,0.062745101749897,0.14385613799095154,0.21512150764465332
YER126C,YLR345W,0,-0.002077192,0.06271777302026749,0.14385613799095154,0.21522152423858643
YDR469W,YIR009W,0,-0.002096977,0.06269046664237976,0.14385613799095154,0.21532152593135834
YPL171C,YGL157W,0,-0.0021198615,0.06266318261623383,0.14385613799095154,0.21542154252529144
YOL132W,YOR171C,0,-0.0022060275,0.06263592839241028,0.14385613799095154,0.21552155911922455
YDR261C-C,YKL127W,0,-0.0023568505,0.06260869652032852,0.14385613799095154,0.21562156081199646
YDR142C,YBL093C,0,-0.0023611784,0.06258148699998856,0.14385613799095154,0.21572157740592957
YBL005W,YGL153W,0,-0.0024481025,0.06255429983139038,0.14385613799095154,0.21582157909870148
YDR482C,YPL140C,0,-0.0024594367,0.062527135014534,0.14385613799095154,0.21592159569263458
YOL044W,YBR135W,0,-0.0025620311,0.0625,0.14385613799095154,0.2160215973854065
YJL041W,YER159C-A,0,-0.002689045,0.062472883611917496,0.14385613799095154,0.2161216139793396
YMR263W,YER111C,1,-0.0027349591,0.06287944316864014,0.14485514163970947,0.2161216139793396
YGL054C,YMR237W,0,-0.0027430654,0.06285218894481659,0.14485514163970947,0.2162216156721115
YNL054W-B,YKL143W,0,-0.0027760323,0.06282495707273483,0.14485514163970947,0.21632163226604462
YER172C,YJL184W,0,-0.0028099567,0.06279774755239487,0.14485514163970947,0.21642164885997772
YML069W,YFL035C-B,0,-0.0029379427,0.06277056038379669,0.14485514163970947,0.21652165055274963
YFR038W,YDR116C,0,-0.002986379,0.0627434030175209,0.14485514163970947,0.21662166714668274
YJL093C,YML040W,0,-0.0030105487,0.06271626055240631,0.14485514163970947,0.21672166883945465
YMR215W,YER177W,0,-0.0030372143,0.0626891478896141,0.14485514163970947,0.21682168543338776
YIL091C,YDR443C,0,-0.0030927807,0.06266205757856369,0.14485514163970947,0.21692168712615967
YOR058C,YEL024W,0,-0.0031194575,0.06263498961925507,0.14485514163970947,0.21702170372009277
YBR092C,YER048C,0,-0.0031899512,0.06260794401168823,0.14485514163970947,0.21712170541286469
YGR263C,YPL126W,0,-0.0032383949,0.06258092075586319,0.14485514163970947,0.2172217220067978
YGL258W-A,YFR047C,0,-0.003292231,0.06255392730236053,0.14485514163970947,0.2173217386007309
YCL017C,YGR004W,0,-0.0033856183,0.06252694875001907,0.14485514163970947,0.2174217402935028
YKR026C,YDR074W,1,-0.0034348294,0.06293103098869324,0.1458541452884674,0.2174217402935028
YPL217C,YML115C,0,-0.0034427345,0.06290391832590103,0.1458541452884674,0.2175217568874359
YIL145C,YNL161W,0,-0.003619492,0.06287682801485062,0.1458541452884674,0.21762175858020782
YDR384C,YNR012W,0,-0.0036695004,0.06284976005554199,0.1458541452884674,0.21772177517414093
YDR210W-B,YLR061W,0,-0.003699461,0.06282272189855576,0.1458541452884674,0.21782177686691284
YFL033C,YNL064C,1,-0.0037344135,0.06322580575942993,0.14685314893722534,0.21782177686691284
YDR192C,YHL028W,1,-0.0037478209,0.06362854689359665,0.14785215258598328,0.21782177686691284
YML045W,YOR321W,0,-0.0039289035,0.06360120326280594,0.14785215258598328,0.21792179346084595
YGR026W,YPL227C,0,-0.0039378107,0.06357388198375702,0.14785215258598328,0.21802179515361786
YKL032C,YJL207C,0,-0.0039613545,0.06354658305644989,0.14785215258598328,0.21812181174755096
YPR185W,YNL072W,0,-0.0042404532,0.06351931393146515,0.14785215258598328,0.21822182834148407
YOR175C,YDR484W,0,-0.004281521,0.0634920671582222,0.14785215258598328,0.21832183003425598
YBR072W,YKL057C,1,-0.0043525547,0.06389365345239639,0.1488511562347412,0.21832183003425598
YOR367W,YCL064C,0,-0.0043534413,0.0638662651181221,0.1488511562347412,0.2184218466281891
YGR231C,YOR326W,0,-0.0044314284,0.0638389065861702,0.1488511562347412,0.218521848320961
YKL062W,YLR058C,0,-0.0044431984,0.06381156295537949,0.1488511562347412,0.2186218649148941
YOR252W,YHR094C,0,-0.004459642,0.06378424912691116,0.1488511562347412,0.21872186660766602
YDR023W,YLR307W,0,-0.0045005884,0.06375695019960403,0.1488511562347412,0.21882188320159912
YOL128C,YGR257C,0,-0.0045356974,0.0637296810746193,0.1488511562347412,0.21892188489437103
YMR305C,YBR073W,0,-0.004590757,0.06370243430137634,0.1488511562347412,0.21902190148830414
YBR112C,YNL015W,0,-0.004610315,0.06367521733045578,0.1488511562347412,0.21912191808223724
YDL223C,YPR137C-B,0,-0.0046245945,0.06364801526069641,0.1488511562347412,0.21922191977500916
YOR334W,YNL156C,0,-0.0047716945,0.06362083554267883,0.1488511562347412,0.21932193636894226
YGL258W-A,YGR178C,0,-0.00480059,0.06359368562698364,0.1488511562347412,0.21942193806171417
YMR201C,YIL009C-A,0,-0.004863903,0.06356655061244965,0.1488511562347412,0.21952195465564728
YOR368W,YKL218C,0,-0.0048702667,0.06353944540023804,0.1488511562347412,0.2196219563484192
YFL016C,YLL010C,1,-0.0048955716,0.06393861770629883,0.14985014498233795,0.2196219563484192
YJL151C,YCR063W,0,-0.004913941,0.06391137838363647,0.14985014498233795,0.2197219729423523
YHR039C-B,YOR109W,0,-0.0050361194,0.06388415396213531,0.14985014498233795,0.2198219895362854
YDR435C,YNL190W,0,-0.0050653256,0.06385695934295654,0.14985014498233795,0.2199219912290573
YKL034W,YHR214W,0,-0.0050990395,0.06382978707551956,0.14985014498233795,0.22002200782299042
YDR170W-A,YGL119W,0,-0.0051782904,0.06380263715982437,0.14985014498233795,0.22012200951576233
YGL073W,YLR263W,0,-0.0052218623,0.06377550959587097,0.14985014498233795,0.22022202610969543
YGL016W,YLR337C,0,-0.005225435,0.06374840438365936,0.14985014498233795,0.22032202780246735
YML101C,YDR484W,0,-0.005226746,0.06372132897377014,0.14985014498233795,0.22042204439640045
YJL203W,YEL019C,0,-0.005228482,0.06369426846504211,0.14985014498233795,0.22052204608917236
YBL071W-A,YOR019W,0,-0.0052819345,0.06366723030805588,0.14985014498233795,0.22062206268310547
YNL128W,YCR070W,0,-0.005336806,0.06364022195339203,0.14985014498233795,0.22072207927703857
YDR255C,YGR004W,0,-0.0053468794,0.06361322849988937,0.14985014498233795,0.22082208096981049
YMR026C,YKL138C-A,0,-0.0053845495,0.0635862648487091,0.14985014498233795,0.2209220975637436
YDR087C,YIL082W-A,0,-0.0054199174,0.06355932354927063,0.14985014498233795,0.2210220992565155
YNL218W,YGR004W,0,-0.005450435,0.06353240460157394,0.14985014498233795,0.2211221158504486
YGL085W,YOR307C,0,-0.0054841144,0.06350550055503845,0.14985014498233795,0.22122211754322052
YPL149W,YJL090C,0,-0.0055073015,0.06347862631082535,0.14985014498233795,0.22132213413715363
YGR026W,YNL246W,0,-0.0056096427,0.06345177441835403,0.14985014498233795,0.22142213582992554
YDL052C,YFL002W-A,0,-0.005692619,0.06342494487762451,0.14985014498233795,0.22152215242385864
YBR241C,YBR130C,0,-0.0058317855,0.06339813768863678,0.14985014498233795,0.22162216901779175
YPL010W,YPL047W,0,-0.0059700757,0.06337135285139084,0.14985014498233795,0.22172217071056366
YGR091W,YMR262W,0,-0.0059864745,0.06334459781646729,0.14985014498233795,0.22182218730449677
YDR348C,YDL025C,0,-0.0060646385,0.06331785768270493,0.14985014498233795,0.22192218899726868
YDR397C,YOL053C-A,1,-0.0061153397,0.06371308118104935,0.1508491486310959,0.22192218899726868
YLR256W,YNL156C,0,-0.0061628073,0.06368620693683624,0.1508491486310959,0.22202220559120178
YMR134W,YPL212C,0,-0.0061810603,0.06365936249494553,0.1508491486310959,0.2221222072839737
YHL009W-A,YKR079C,0,-0.0062138494,0.063632532954216,0.1508491486310959,0.2222222238779068
YFL033C,YOL004W,1,-0.0063082576,0.06402695924043655,0.15184815227985382,0.2222222238779068
YGR104C,YER159C-A,0,-0.006391447,0.06400000303983688,0.15184815227985382,0.2223222255706787
YGL258W-A,YNR073C,0,-0.0064202715,0.06397306174039841,0.15184815227985382,0.22242224216461182
YDR044W,YER142C,0,-0.006495431,0.06394615024328232,0.15184815227985382,0.22252225875854492
YOR017W,YML054C,0,-0.0065347627,0.06391926109790802,0.15184815227985382,0.22262226045131683
YLR067C,YNR027W,0,-0.0066110007,0.06389239430427551,0.15184815227985382,0.22272227704524994
YDR308C,YLL022C,0,-0.0067524575,0.0638655498623848,0.15184815227985382,0.22282227873802185
YGR038C-B,YMR104C,0,-0.0068169776,0.06383872032165527,0.15184815227985382,0.22292229533195496
YHL009W-A,YLR175W,0,-0.006857414,0.06381192058324814,0.15184815227985382,0.22302229702472687
YML058W,YLR327C,0,-0.006866358,0.0637851431965828,0.15184815227985382,0.22312231361865997
YCR075C,YGR163W,0,-0.0069761574,0.06375838816165924,0.15184815227985382,0.22322231531143188
YFR055W,YER159C,0,-0.0069941916,0.06373165547847748,0.15184815227985382,0.223322331905365
YDL161W,YIR023W,0,-0.0070922226,0.0637049451470375,0.15184815227985382,0.2234223484992981
YJR136C,YDL088C,1,-0.0071219467,0.06409719586372375,0.15284715592861176,0.2234223484992981
YER053C-A,YPR031W,0,-0.0071536284,0.06407035142183304,0.15284715592861176,0.22352235019207
YNL248C,YOL059W,0,-0.0072121173,0.06404352933168411,0.15284715592861176,0.2236223667860031
YNL225C,YDL235C,0,-0.0072152503,0.06401673704385757,0.15284715592861176,0.22372236847877502
YDL194W,YKL158W,0,-0.0072374083,0.06398995965719223,0.15284715592861176,0.22382238507270813
YLR293C,YKL167C,0,-0.007252289,0.06396321207284927,0.15284715592861176,0.22392238676548004
YNL098C,YMR257C,0,-0.0073485672,0.06393647938966751,0.15284715592861176,0.22402240335941315
YPL030W,YPR022C,0,-0.0073717926,0.06390977650880814,0.15284715592861176,0.22412240505218506
YLL042C,YCL063W,0,-0.007372111,0.06388308852910995,0.15284715592861176,0.22422242164611816
YDR343C,YJR046W,0,-0.007503189,0.06385643035173416,0.15284715592861176,0.22432243824005127
YPL059W,YPR097W,0,-0.0075114593,0.06382978707551956,0.15284715592861176,0.22442243993282318
YBR159W,YML121W,0,-0.007773027,0.06380316615104675,0.15284715592861176,0.2245224565267563
YOR140W,YKL080W,0,-0.007848978,0.06377657502889633,0.15284715592861176,0.2246224582195282
YCL075W,YJL167W,0,-0.007864989,0.0637499988079071,0.15284715592861176,0.2247224748134613
YOL086W-A,YDL058W,0,-0.007936858,0.06372344493865967,0.15284715592861176,0.22482247650623322
YOL130W,YNL134C,0,-0.007937837,0.06369692087173462,0.15284715592861176,0.22492249310016632
YKL140W,YKL156W,0,-0.007982671,0.06367041170597076,0.15284715592861176,0.22502250969409943
YFR008W,YGR203W,0,-0.007987943,0.0636439248919487,0.15284715592861176,0.22512251138687134
YJL140W,YOR178C,1,-0.008109197,0.06403326243162155,0.1538461595773697,0.22512251138687134
YOR192C-A,YHR017W,0,-0.008159102,0.06400664895772934,0.1538461595773697,0.22522252798080444
YOR240W,YJR041C,0,-0.008244382,0.06398005783557892,0.1538461595773697,0.22532252967357635
YCR039C,YDR385W,0,-0.008339062,0.06395348906517029,0.1538461595773697,0.22542254626750946
YNL030W,YDR005C,0,-0.008447528,0.06392694264650345,0.1538461595773697,0.22552254796028137
YNL035C,YLR373C,0,-0.008500909,0.0639004185795784,0.1538461595773697,0.22562256455421448
YAR009C,YPR158W-A,0,-0.008523691,0.06387390941381454,0.1538461595773697,0.2257225662469864
YCR029C-A,YER045C,0,-0.008616395,0.06384743005037308,0.1538461595773697,0.2258225828409195
YPR158C-D,YLL021W,0,-0.008711731,0.0638209730386734,0.1538461595773697,0.2259225994348526
YHR039C-B,YLL021W,0,-0.008712051,0.06379453092813492,0.1538461595773697,0.2260226011276245
YCR071C,YBR186W,0,-0.008794367,0.06376811861991882,0.1538461595773697,0.22612261772155762
YJL221C,YPL032C,0,-0.00882028,0.06374172121286392,0.1538461595773697,0.22622261941432953
YNR023W,YCR058C,0,-0.008859478,0.06371534615755081,0.1538461595773697,0.22632263600826263
YLR418C,YER069W,0,-0.008965284,0.06368900090456009,0.1538461595773697,0.22642263770103455
YPR133C,YOL091W,0,-0.008969992,0.06366267055273056,0.1538461595773697,0.22652265429496765
YGR122W,YGR038C-A,0,-0.009000104,0.06363636255264282,0.1538461595773697,0.22662265598773956
YGL185C,YKL139W,0,-0.009015672,0.06361007690429688,0.1538461595773697,0.22672267258167267
YPR110C,YKL193C,0,-0.009042472,0.06358381360769272,0.1538461595773697,0.22682268917560577
YLR035C-A,YDR079C-A,0,-0.009050285,0.06355757266283035,0.1538461595773697,0.22692269086837769
YGL142C,YGL017W,0,-0.009055018,0.06353135406970978,0.1538461595773697,0.2270227074623108
YOR157C,YDL046W,0,-0.009074777,0.063505157828331,0.1538461595773697,0.2271227091550827
YER148W,YHR143W,0,-0.0091189295,0.0634789764881134,0.1538461595773697,0.2272227257490158
YFL016C,YNL123W,1,-0.009174808,0.06386485695838928,0.15484514832496643,0.2272227257490158
YMR309C,YLR040C,0,-0.009178903,0.06383854895830154,0.15484514832496643,0.22732272744178772
YER040W,YPL234C,0,-0.00918863,0.0638122707605362,0.15484514832496643,0.22742274403572083
YNL054W-B,YHR013C,0,-0.009192335,0.06378600746393204,0.15484514832496643,0.22752274572849274
YER053C-A,YNL145W,0,-0.00921832,0.06375976651906967,0.15484514832496643,0.22762276232242584
YHR035W,YOR156C,0,-0.009222668,0.0637335553765297,0.15484514832496643,0.22772277891635895
YOR068C,YDR257C,0,-0.009222874,0.06370735913515091,0.15484514832496643,0.22782278060913086
YHR092C,YLR071C,0,-0.009247296,0.06368118524551392,0.15484514832496643,0.22792279720306396
YPR158C-D,YBL009W,0,-0.009289483,0.06365503370761871,0.15484514832496643,0.22802279889583588
YLR304C,YLR342W,0,-0.009350866,0.0636288970708847,0.15484514832496643,0.22812281548976898
YDR348C,YDR210C-D,0,-0.0095228795,0.06360279023647308,0.15484514832496643,0.2282228171825409
YER018C,YDR121W,0,-0.009635314,0.06357670575380325,0.15484514832496643,0.228322833776474
YJL089W,YDL214C,0,-0.00967212,0.06355063617229462,0.15484514832496643,0.2284228354692459
YPR057W,YOL023W,0,-0.009672537,0.06352458894252777,0.15484514832496643,0.22852285206317902
YDL038C,YDR239C,0,-0.00972924,0.06349856406450272,0.15484514832496643,0.22862286865711212
YHR083W,YDR186C,0,-0.009964772,0.06347256153821945,0.15484514832496643,0.22872287034988403
YPL154C,YOR141C,0,-0.009981096,0.06344658136367798,0.15484514832496643,0.22882288694381714
YMR165C,YAR044W,0,-0.010139969,0.0634206235408783,0.15484514832496643,0.22892288863658905
YPL022W,YMR291W,0,-0.010244552,0.06339468061923981,0.15484514832496643,0.22902290523052216
YOL105C,YDL088C,1,-0.010334805,0.06377759575843811,0.15584415197372437,0.22902290523052216
YNL021W,YLR442C,0,-0.01041786,0.06375153362751007,0.15584415197372437,0.22912290692329407
YCR083W,YER099C,0,-0.010430545,0.06372549384832382,0.15584415197372437,0.22922292351722717
YJR109C,YDL135C,0,-0.010469839,0.06369946897029877,0.15584415197372437,0.22932292520999908
YFL025C,YER108C,0,-0.010476112,0.0636734664440155,0.15584415197372437,0.2294229418039322
YCR092C,YCL019W,0,-0.010548598,0.06364749372005463,0.15584415197372437,0.2295229583978653
YBR126C,YKR082W,1,-0.010568604,0.06402936577796936,0.1568431556224823,0.2295229583978653
YOR119C,YDR330W,0,-0.010609657,0.06400325894355774,0.1568431556224823,0.2296229600906372
YDL160C,YLR408C,0,-0.010611452,0.0639771819114685,0.1568431556224823,0.2297229766845703
YPL118W,YFL018W-A,0,-0.010689007,0.06395111978054047,0.1568431556224823,0.22982297837734222
YGL151W,YMR086W,0,-0.010764988,0.06392508000135422,0.1568431556224823,0.22992299497127533
YDL164C,YKL012W,0,-0.010845631,0.06389906257390976,0.1568431556224823,0.23002299666404724
YIR028W,YER016W,0,-0.010864779,0.06387306749820709,0.1568431556224823,0.23012301325798035
YEL019C,YOL041C,0,-0.010952763,0.06384709477424622,0.1568431556224823,0.23022301495075226
YPR048W,YOR240W,0,-0.010954128,0.06382113695144653,0.1568431556224823,0.23032303154468536
YLR272C,YPL144W,0,-0.01101844,0.06379520148038864,0.1568431556224823,0.23042304813861847
YBL038W,YPL161C,0,-0.011111006,0.06376929581165314,0.1568431556224823,0.23052304983139038
YPL220W,YFL052W,0,-0.011147523,0.06374340504407883,0.1568431556224823,0.2306230664253235
YLR466W,YBL019W,0,-0.011174299,0.06371752917766571,0.1568431556224823,0.2307230681180954
YDL120W,YOL133W,0,-0.011183709,0.06369168311357498,0.1568431556224823,0.2308230847120285
YGR231C,YER028C,0,-0.0112571865,0.06366585195064545,0.1568431556224823,0.23092308640480042
YER061C,YGL089C,0,-0.0115751475,0.0636400505900383,0.1568431556224823,0.23102310299873352
YNL311C,YNL134C,0,-0.011579387,0.06361426413059235,0.1568431556224823,0.23112311959266663
YDR148C,YPL055C,0,-0.011601005,0.06358850002288818,0.1568431556224823,0.23122312128543854
YPL060C-A,YKL101W,0,-0.011603955,0.06356275081634521,0.1568431556224823,0.23132313787937164
YFR037C,YHR140W,0,-0.01162399,0.06353703141212463,0.1568431556224823,0.23142313957214355
YPL072W,YHR065C,0,-0.011641569,0.06351132690906525,0.1568431556224823,0.23152315616607666
YGL073W,YDR098C-A,0,-0.011694823,0.06348564475774765,0.1568431556224823,0.23162315785884857
YPL018W,YGR030C,0,-0.011740791,0.06345998495817184,0.1568431556224823,0.23172317445278168
YHR161C,YBR283C,0,-0.011776432,0.06343434005975723,0.1568431556224823,0.2318231761455536
YML107C,YDR208W,0,-0.011870876,0.06340872496366501,0.1568431556224823,0.2319231927394867
YGL137W,YLR377C,0,-0.011896506,0.06338312476873398,0.1568431556224823,0.2320232093334198
YML027W,YKL012W,0,-0.0119405985,0.06335754692554474,0.1568431556224823,0.2321232110261917
YBR016W,YPR021C,0,-0.011976798,0.06333199143409729,0.1568431556224823,0.23222322762012482
YJL190C,YER094C,0,-0.012002036,0.06330645084381104,0.1568431556224823,0.23232322931289673
YBR050C,YCL057C-A,0,-0.01201966,0.06328093260526657,0.1568431556224823,0.23242324590682983
YOL004W,YOR178C,1,-0.012053937,0.06365834176540375,0.15784215927124023,0.23242324590682983
YMR092C,YNR053C,0,-0.012180433,0.06363270431756973,0.15784215927124023,0.23252324759960175
YOL034W,YHR027C,0,-0.012222461,0.06360708177089691,0.15784215927124023,0.23262326419353485
YPL046C,YCL068C,0,-0.012241919,0.06358148902654648,0.15784215927124023,0.23272326588630676
YLR297W,YNL154C,0,-0.012321375,0.06355591118335724,0.15784215927124023,0.23282328248023987
YOR172W,YMR278W,0,-0.012431204,0.06353035569190979,0.15784215927124023,0.23292329907417297
YNL054W-B,YOR363C,0,-0.012594016,0.06350482255220413,0.15784215927124023,0.23302330076694489
YOR396W,YJR125C,0,-0.012772318,0.06347931176424026,0.15784215927124023,0.233123317360878
YMR186W,YKL057C,1,-0.012817368,0.06385542452335358,0.15884116291999817,0.233123317360878
YLR077W,YHR166C,0,-0.012850411,0.06382978707551956,0.15884116291999817,0.2332233190536499
YNR048W,YMR050C,0,-0.01290765,0.06380417197942734,0.15884116291999817,0.233323335647583
YPL210C,YMR101C,0,-0.01299043,0.0637785792350769,0.15884116291999817,0.23342333734035492
YPL096C-A,YFL061W,0,-0.013110563,0.06375300884246826,0.15884116291999817,0.23352335393428802
YHR035W,YCR065W,0,-0.01316236,0.06372745335102081,0.15884116291999817,0.23362335562705994
YER006W,YML087C,0,-0.013173796,0.06370192021131516,0.15884116291999817,0.23372337222099304
YIL121W,YDR388W,0,-0.013296083,0.06367640942335129,0.15884116291999817,0.23382338881492615
YCR038C,YLR136C,0,-0.013387814,0.06365092098712921,0.15884116291999817,0.23392339050769806
YPR008W,YOR260W,0,-0.013390812,0.06362544745206833,0.15884116291999817,0.23402340710163116
YJL096W,YLR143W,0,-0.013427933,0.06360000371932983,0.15884116291999817,0.23412340879440308
YMR261C,YER032W,0,-0.013453418,0.06357456743717194,0.15884116291999817,0.23422342538833618
YJL025W,YHR181W,0,-0.013457039,0.06354916095733643,0.15884116291999817,0.2343234270811081
YBL003C,YLR460C,0,-0.01357623,0.06352376937866211,0.15884116291999817,0.2344234436750412
YHR197W,YMR088C,0,-0.013671353,0.06349840015172958,0.15884116291999817,0.2345234453678131
YMR225C,YER153C,0,-0.013780519,0.06347305327653885,0.15884116291999817,0.23462346196174622
YNL007C,YER133W,1,-0.014001548,0.06384676694869995,0.1598401665687561,0.23462346196174622
YHL003C,YLR423C,0,-0.014020681,0.06382130086421967,0.1598401665687561,0.23472347855567932
YGR055W,YJL154C,0,-0.014069956,0.06379584968090057,0.1598401665687561,0.23482348024845123
YDR135C,YLR192C,0,-0.014199719,0.06377042829990387,0.1598401665687561,0.23492349684238434
YFL005W,YBL006C,0,-0.014230005,0.06374502182006836,0.1598401665687561,0.23502349853515625
YPL192C,YIL097W,0,-0.014337912,0.06371963024139404,0.1598401665687561,0.23512351512908936
YHR124W,YKR094C,0,-0.0145210475,0.06369426846504211,0.1598401665687561,0.23522351682186127
YLR158C,YLR448W,0,-0.014604777,0.06366892158985138,0.1598401665687561,0.23532353341579437
YML015C,YJL183W,0,-0.014673397,0.06364359706640244,0.1598401665687561,0.23542353510856628
YOR205C,YIL157C,0,-0.014719829,0.06361828744411469,0.1598401665687561,0.2355235517024994
YMR280C,YCR003W,0,-0.014742777,0.06359300762414932,0.1598401665687561,0.2356235682964325
YLR403W,YLR442C,0,-0.014782727,0.06356774270534515,0.1598401665687561,0.2357235699892044
YDR435C,YER153C,0,-0.0148607865,0.06354249268770218,0.1598401665687561,0.2358235865831375
YCR028C-A,YIL106W,0,-0.014891967,0.06351727247238159,0.1598401665687561,0.23592358827590942
YJL062W-A,YBR130C,0,-0.014895424,0.0634920671582222,0.1598401665687561,0.23602360486984253
YPR063C,YHL025W,0,-0.014992669,0.063466876745224,0.1598401665687561,0.23612360656261444
YER107C,YJL140W,1,-0.015020013,0.06383822113275528,0.16083915531635284,0.23612360656261444
YKL145W,YPL128C,0,-0.015173748,0.06381291896104813,0.16083915531635284,0.23622362315654755
YLR355C,YIL087C,0,-0.015230775,0.06378763914108276,0.16083915531635284,0.23632363975048065
YOL123W,YKR013W,0,-0.015249699,0.0637623742222786,0.16083915531635284,0.23642364144325256
YLR337W,YER149C,0,-0.015302256,0.06373713165521622,0.16083915531635284,0.23652365803718567
YDL161W,YAL048C,0,-0.015379377,0.06371191143989563,0.16083915531635284,0.23662365972995758
YLR019W,YJL140W,1,-0.015448451,0.06408227980136871,0.16183815896511078,0.23662365972995758
YGR129W,YMR158W,0,-0.015467161,0.06405694037675858,0.16183815896511078,0.23672367632389069
YDR448W,YPR161C,0,-0.01554063,0.06403162330389023,0.16183815896511078,0.2368236780166626
YER133W,YMR263W,1,-0.015575379,0.06440142542123795,0.1628371626138687,0.2368236780166626
YMR076C,YHL035C,0,-0.015625149,0.06437598913908005,0.1628371626138687,0.2369236946105957
YKL062W,YFR040W,0,-0.015660845,0.06435057520866394,0.1628371626138687,0.23702369630336761
YPL183C,YER020W,0,-0.015663132,0.06432517617940903,0.1628371626138687,0.23712371289730072
YJR100C,YER133W,1,-0.015678287,0.06469427794218063,0.16383616626262665,0.23712371289730072
YMR158W,YBR090C-A,0,-0.015685588,0.06466876715421677,0.16383616626262665,0.23722372949123383
YBL040C,YHR062C,0,-0.01576206,0.06464327871799469,0.16383616626262665,0.23732373118400574
YDR432W,YOL052C-A,0,-0.015786082,0.0646178126335144,0.16383616626262665,0.23742374777793884
YNL012W,YER062C,0,-0.015919045,0.06459236145019531,0.16383616626262665,0.23752374947071075
YNL005C,YIL064W,0,-0.016106948,0.06456693261861801,0.16383616626262665,0.23762376606464386
YOR092W,YLR040C,0,-0.016111124,0.0645415186882019,0.16383616626262665,0.23772376775741577
YGL054C,YGL206C,0,-0.016122654,0.06451612710952759,0.16383616626262665,0.23782378435134888
YKR045C,YLR157C-B,0,-0.016151201,0.06449075788259506,0.16383616626262665,0.2379237860441208
YPR005C,YDR216W,0,-0.016284764,0.06446541100740433,0.16383616626262665,0.2380238026380539
YDR021W,YML078W,0,-0.016304396,0.06444007903337479,0.16383616626262665,0.238123819231987
YER060W-A,YML061C,0,-0.016403139,0.06441476941108704,0.16383616626262665,0.2382238209247589
YML057W,YFR028C,0,-0.016606659,0.06438947468996048,0.16383616626262665,0.23832383751869202
YNL164C,YBR110W,0,-0.016616225,0.06436420977115631,0.16383616626262665,0.23842383921146393
YBR126C,YLR019W,1,-0.016626772,0.06473127007484436,0.16483516991138458,0.23842383921146393
YLR075W,YGL119W,0,-0.016683593,0.06470588594675064,0.16483516991138458,0.23852385580539703
YGL258W-A,YBR154C,0,-0.016687732,0.06468051671981812,0.16483516991138458,0.23862385749816895
YBR091C,YOL068C,0,-0.016841397,0.06465516984462738,0.16483516991138458,0.23872387409210205
YDR402C,YDR075W,0,-0.0168598,0.06462984532117844,0.16483516991138458,0.23882387578487396
YHR169W,YPR025C,0,-0.016867757,0.06460454314947128,0.16483516991138458,0.23892389237880707
YDR100W,YOL076W,0,-0.016896758,0.06457925587892532,0.16483516991138458,0.23902390897274017
YLR276C,YDR210W,0,-0.01691899,0.06455399096012115,0.16483516991138458,0.23912391066551208
YJR152W,YDR540C,0,-0.016971357,0.06452874094247818,0.16483516991138458,0.2392239272594452
YOL105C,YJL140W,1,-0.017007079,0.06489444524049759,0.16583415865898132,0.2392239272594452
YER004W,YCL051W,0,-0.017008007,0.06486909091472626,0.16583415865898132,0.2393239289522171
YLL010C,YOL053C-A,1,-0.017010994,0.06523437798023224,0.16683316230773926,0.2393239289522171
YCR029C-A,YPR016C,0,-0.017019125,0.06520890444517136,0.16683316230773926,0.2394239455461502
YMR183C,YPR124W,0,-0.017065048,0.06518345326185226,0.16683316230773926,0.23952394723892212
YGR033C,YMR037C,0,-0.017070472,0.06515801697969437,0.16683316230773926,0.23962396383285522
YPL204W,YCL001W,0,-0.017146062,0.06513260304927826,0.16683316230773926,0.23972396552562714
YDR316W-A,YPR165W,0,-0.017178033,0.06510721147060394,0.16683316230773926,0.23982398211956024
YBR122C,YOL058W,0,-0.017284766,0.06508184224367142,0.16683316230773926,0.23992399871349335
YBR025C,YOL053C-A,1,-0.01728499,0.06544604897499084,0.1678321659564972,0.23992399871349335
YBR181C,YOR221C,0,-0.017357113,0.06542056053876877,0.1678321659564972,0.24002400040626526
YMR263W,YHL028W,1,-0.017361574,0.06578435003757477,0.16883116960525513,0.24002400040626526
YDR264C,YBL071W-A,0,-0.017383352,0.06575875729322433,0.16883116960525513,0.24012401700019836
YGL089C,YDR532C,0,-0.01741112,0.0657331794500351,0.16883116960525513,0.24022401869297028
YLR097C,YNL054W,0,-0.017459542,0.06570762395858765,0.16883116960525513,0.24032403528690338
YPL271W,YBL097W,0,-0.017472044,0.06568208336830139,0.16883116960525513,0.2404240369796753
YPR049C,YML018C,0,-0.01756259,0.06565656512975693,0.16883116960525513,0.2405240535736084
YBR008C,YOL019W,0,-0.017569363,0.06563106924295425,0.16883116960525513,0.2406240552663803
YMR110C,YKL056C,0,-0.017584108,0.06560558825731277,0.16883116960525513,0.24072407186031342
YLR172C,YKL158W,0,-0.017672777,0.06558012962341309,0.16883116960525513,0.24082408845424652
YJL204C,YNL126W,0,-0.017678112,0.06555469334125519,0.16883116960525513,0.24092409014701843
YGL258W-A,YMR166C,0,-0.01773887,0.06552927196025848,0.16883116960525513,0.24102410674095154
YEL071W,YOR081C,0,-0.01777649,0.06550387293100357,0.16883116960525513,0.24112410843372345
YHR079C-B,YIL084C,0,-0.017792523,0.06547849625349045,0.16883116960525513,0.24122412502765656
YDR009W,YBR055C,0,-0.017818823,0.06545313447713852,0.16883116960525513,0.24132412672042847
YPR097W,YDL080C,0,-0.01789964,0.06542779505252838,0.16883116960525513,0.24142414331436157
YNR073C,YMR045C,0,-0.017901005,0.06540247797966003,0.16883116960525513,0.24152414500713348
YHL007C,YER147C,0,-0.017924933,0.06537717580795288,0.16883116960525513,0.2416241616010666
YMR247C,YNL161W,0,-0.017946541,0.06535189598798752,0.16883116960525513,0.2417241781949997
YGL249W,YDR506C,0,-0.017969977,0.06532663106918335,0.16883116960525513,0.2418241798877716
YDR441C,YDL156W,0,-0.018005263,0.06530138850212097,0.16883116960525513,0.2419241964817047
YHR003C,YER120W,0,-0.018093973,0.06527616828680038,0.16883116960525513,0.24202419817447662
YOL086W-A,YPL015C,0,-0.018241452,0.06525096297264099,0.16883116960525513,0.24212421476840973
YNL007C,YBR072W,1,-0.018302172,0.06561173498630524,0.16983017325401306,0.24212421476840973
YHL015W,YOR120W,0,-0.018324658,0.06558641791343689,0.16983017325401306,0.24222421646118164
YHR025W,YLR007W,0,-0.018419221,0.06556112319231033,0.16983017325401306,0.24232423305511475
YJR014W,YDR243C,0,-0.018460007,0.06553585082292557,0.16983017325401306,0.24242424964904785
YNR071C,YJL181W,0,-0.018493406,0.06551060080528259,0.16983017325401306,0.24252425134181976
YGR087C,YDR394W,0,-0.018568117,0.06548536568880081,0.16983017325401306,0.24262426793575287
YGR035C,YOR201C,0,-0.018651737,0.06546014547348022,0.16983017325401306,0.24272426962852478
YLR019W,YOR262W,0,-0.018694438,0.06543494760990143,0.16983017325401306,0.24282428622245789
YIL023C,YOR073W,0,-0.01870364,0.06540977209806442,0.16983017325401306,0.2429242879152298
YKL039W,YBR035C,0,-0.018768735,0.06538461893796921,0.16983017325401306,0.2430243045091629
YER051W,YOL120C,0,-0.019056536,0.06535948067903519,0.16983017325401306,0.24312430620193481
YDR450W,YNR020C,0,-0.019063793,0.06533435732126236,0.16983017325401306,0.24322432279586792
YGL250W,YOR217W,0,-0.019098833,0.06530925631523132,0.16983017325401306,0.24332433938980103
YDR421W,YIL082W-A,0,-0.019147985,0.06528417766094208,0.16983017325401306,0.24342434108257294
YKL035W,YNL254C,0,-0.019191623,0.06525911390781403,0.16983017325401306,0.24352435767650604
YCR058C,YKL099C,0,-0.019361302,0.06523407250642776,0.16983017325401306,0.24362435936927795
YKR078W,YKL184W,0,-0.019375253,0.0652090534567833,0.16983017325401306,0.24372437596321106
YBR288C,YBL080C,0,-0.019395111,0.06518404930830002,0.16983017325401306,0.24382437765598297
YHR106W,YPR137C-B,0,-0.01942109,0.06515906751155853,0.16983017325401306,0.24392439424991608
YPL009C,YDR197W,0,-0.01944584,0.06513410061597824,0.16983017325401306,0.244024395942688
YDR456W,YHR070W,0,-0.019455604,0.06510915607213974,0.16983017325401306,0.2441244125366211
YER111C,YOL053C-A,1,-0.01955403,0.06546707451343536,0.170829176902771,0.2441244125366211
YPL162C,YHR001W-A,0,-0.019597452,0.06544201821088791,0.170829176902771,0.2442244291305542
YNR032C-A,YMR045C,0,-0.019619245,0.06541698426008224,0.170829176902771,0.2443244308233261
YHR128W,YNR069C,0,-0.019625792,0.06539197266101837,0.170829176902771,0.24442444741725922
YNR063W,YJL151C,0,-0.019695535,0.06536697596311569,0.170829176902771,0.24452444911003113
YPL192C,YGL249W,0,-0.019716237,0.0653419941663742,0.170829176902771,0.24462446570396423
YPL161C,YER112W,0,-0.019719109,0.06531703472137451,0.170829176902771,0.24472446739673615
YKL051W,YKL222C,0,-0.01972063,0.06529209762811661,0.170829176902771,0.24482448399066925
YML131W,YMR109W,0,-0.019723676,0.0652671754360199,0.170829176902771,0.24492448568344116
YDL166C,YDL130W-A,0,-0.019803405,0.06524227559566498,0.170829176902771,0.24502450227737427
YER166W,YNL248C,0,-0.019857049,0.06521739065647125,0.170829176902771,0.24512451887130737
YER060W,YJL042W,0,-0.019926652,0.06519252806901932,0.170829176902771,0.24522452056407928
YOL127W,YJR099W,0,-0.020089274,0.06516768038272858,0.170829176902771,0.2453245371580124
YOR063W,YKR003W,0,-0.020092353,0.06514285504817963,0.170829176902771,0.2454245388507843
YPL162C,YEL054C,0,-0.020125724,0.06511805206537247,0.170829176902771,0.2455245554447174
YOL009C,YMR068W,0,-0.020142898,0.0650932639837265,0.170829176902771,0.24562455713748932
YGL063W,YHR018C,0,-0.020162389,0.06506849080324173,0.170829176902771,0.24572457373142242
YPL138C,YML124C,0,-0.020383418,0.06504373997449875,0.170829176902771,0.24582457542419434
YBL005W,YKL086W,0,-0.020425335,0.06501901149749756,0.170829176902771,0.24592459201812744
YER177W,YNL318C,0,-0.020522472,0.06499429792165756,0.170829176902771,0.24602460861206055
YMR002W,YER159C,0,-0.020543814,0.06496960669755936,0.170829176902771,0.24612461030483246
YLR157C-B,YLR084C,0,-0.020554679,0.06494493037462234,0.170829176902771,0.24622462689876556
YNL190W,YMR243C,0,-0.020605475,0.06492027640342712,0.170829176902771,0.24632462859153748
YPL240C,YOL053C-A,1,-0.020714886,0.06527514010667801,0.17182816565036774,0.24632462859153748
YBR127C,YKL056C,0,-0.020778343,0.06525038182735443,0.17182816565036774,0.24642464518547058
YGL258W-A,YPR037C,0,-0.020850025,0.06522563844919205,0.17182816565036774,0.2465246468782425
YMR051C,YLR362W,0,-0.020929828,0.06520090997219086,0.17182816565036774,0.2466246634721756
YML046W,YIL171W,0,-0.021015458,0.06517620384693146,0.17182816565036774,0.2467246651649475
YOR026W,YDR436W,0,-0.0210751,0.06515151262283325,0.17182816565036774,0.24682468175888062
YMR214W,YDR013W,0,-0.021150492,0.06512684375047684,0.17182816565036774,0.24692469835281372
YDR301W,YOL077W-A,0,-0.02115825,0.06510219722986221,0.17182816565036774,0.24702470004558563
YNR026C,YPL275W,0,-0.021164834,0.06507756561040878,0.17182816565036774,0.24712471663951874
YDL136W,YOR354C,0,-0.02123551,0.06505294889211655,0.17182816565036774,0.24722471833229065
YOR197W,YDR225W,0,-0.021241618,0.0650283545255661,0.17182816565036774,0.24732473492622375
YLR318W,YNL156C,0,-0.021319551,0.06500378251075745,0.17182816565036774,0.24742473661899567
YDL240W,YMR192W,0,-0.021385625,0.06497922539710999,0.17182816565036774,0.24752475321292877
YOR374W,YMR036C,0,-0.021454245,0.06495468318462372,0.17182816565036774,0.24762476980686188
YFR025C,YER029C,0,-0.021505773,0.06493016332387924,0.17182816565036774,0.2477247714996338
YNL007C,YER159C,1,-0.021608591,0.06528301537036896,0.17282716929912567,0.2477247714996338
YNL145W,YJL180C,0,-0.021631345,0.06525839120149612,0.17282716929912567,0.2478247880935669
YBR078W,YGR106C,0,-0.021783717,0.06523378938436508,0.17282716929912567,0.2479247897863388
YOL004W,YGL073W,1,-0.021801442,0.06558612734079361,0.1738261729478836,0.2479247897863388
YOR007C,YHL028W,1,-0.021905333,0.06593820452690125,0.17482517659664154,0.2479247897863388
YOR178C,YOL053C-A,1,-0.02197771,0.06629002094268799,0.17582418024539948,0.2479247897863388
YCR018C,YGL011C,0,-0.022066548,0.0662650614976883,0.17582418024539948,0.2480248063802719
YJL069C,YBL084C,0,-0.022175387,0.06624011695384979,0.17582418024539948,0.24812480807304382
YLR390W-A,YPL248C,0,-0.022195294,0.06621520221233368,0.17582418024539948,0.24822482466697693
YBR119W,YBL036C,0,-0.022208512,0.06619029492139816,0.17582418024539948,0.24832482635974884
YDR533C,YBR160W,0,-0.022234023,0.06616540998220444,0.17582418024539948,0.24842484295368195
YNL158W,YLR038C,0,-0.02223692,0.0661405473947525,0.17582418024539948,0.24852485954761505
YLL026W,YKL057C,1,-0.022271689,0.06649135798215866,0.1768231838941574,0.24852485954761505
YBL037W,YNL190W,0,-0.022274327,0.06646639108657837,0.1768231838941574,0.24862486124038696
YDR536W,YER036C,0,-0.02231364,0.06644143909215927,0.1768231838941574,0.24872487783432007
YJL157C,YBR045C,0,-0.022329092,0.06641650944948196,0.1768231838941574,0.24882487952709198
YEL006W,YGL181W,0,-0.022441104,0.06639159470796585,0.1768231838941574,0.24892489612102509
YDL116W,YBR025C,1,-0.02254866,0.06674166023731232,0.17782217264175415,0.24892489612102509
YOR045W,YGR091W,0,-0.022566527,0.06671664118766785,0.17782217264175415,0.249024897813797
YHR021C,YBR289W,0,-0.022571042,0.06669164448976517,0.17782217264175415,0.2491249144077301
YLR423C,YDR381W,0,-0.022635609,0.06666667014360428,0.17782217264175415,0.24922491610050201
YOR195W,YPL075W,0,-0.022643656,0.06664171069860458,0.17782217264175415,0.24932493269443512
YBR104W,YDR294C,0,-0.022646517,0.06661676615476608,0.17782217264175415,0.24942494928836823
YNL041C,YBR146W,0,-0.022671,0.06659184396266937,0.17782217264175415,0.24952495098114014
YAR066W,YDR099W,0,-0.022853859,0.06656694412231445,0.17782217264175415,0.24962496757507324
YDR322W,YKL143W,0,-0.02302748,0.06654205918312073,0.17782217264175415,0.24972496926784515
YEL020W-A,YPL081W,0,-0.023083463,0.0665171891450882,0.17782217264175415,0.24982498586177826
YPL121C,YOL068C,0,-0.023122173,0.06649234145879745,0.17782217264175415,0.24992498755455017
YDR312W,YOR339C,0,-0.023197208,0.0664675161242485,0.17782217264175415,0.2500250041484833
YOL029C,YNL159C,0,-0.023222603,0.06644270569086075,0.17782217264175415,0.2501250207424164
YML047C,YDR204W,0,-0.023229232,0.06641791015863419,0.17782217264175415,0.2502250373363495
YGR057C,YML101C,0,-0.023272678,0.06639313697814941,0.17782217264175415,0.2503250241279602
YDL212W,YJL160C,0,-0.023301762,0.06636837869882584,0.17782217264175415,0.2504250407218933
YCR058C,YDR447C,0,-0.02331589,0.06634364277124405,0.17782217264175415,0.2505250573158264
YNL283C,YER111C,1,-0.023353465,0.06669150292873383,0.17882117629051208,0.2505250573158264
YBL055C,YCL040W,0,-0.023416042,0.06666667014360428,0.17882117629051208,0.2506250739097595
YPL195W,YHR110W,0,-0.023454059,0.06664184480905533,0.17882117629051208,0.25072506070137024
YLR258W,YLR013W,0,-0.023456939,0.06661704182624817,0.17882117629051208,0.25082507729530334
YOR193W,YNL054W,0,-0.0234714,0.0665922611951828,0.17882117629051208,0.25092509388923645
YMR303C,YER063W,0,-0.02352412,0.06656749546527863,0.17882117629051208,0.25102511048316956
YDR177W,YCL040W,0,-0.02356401,0.06654275208711624,0.17882117629051208,0.25112512707710266
YIR012W,YDL017W,0,-0.023571867,0.06651802361011505,0.17882117629051208,0.2512251138687134
YIL051C,YBL082C,0,-0.023656024,0.06649331003427505,0.17882117629051208,0.2513251304626465
YGR156W,YMR291W,0,-0.023812689,0.06646861881017685,0.17882117629051208,0.2514251470565796
YDR040C,YFL008W,0,-0.023932405,0.06644394993782043,0.17882117629051208,0.2515251636505127
YDR171W,YNL123W,1,-0.024025623,0.06679034978151321,0.17982017993927002,0.2515251636505127
YJR160C,YOR057W,0,-0.024065621,0.06676557660102844,0.17982017993927002,0.2516251504421234
YPR101W,YKL178C,0,-0.024081655,0.06674082577228546,0.17982017993927002,0.2517251670360565
YPL004C,YOR241W,0,-0.02412495,0.06671608239412308,0.17982017993927002,0.2518251836299896
YHR050W,YDR484W,0,-0.024155863,0.06669136881828308,0.17982017993927002,0.25192520022392273
YMR256C,YDR483W,0,-0.02421381,0.06666667014360428,0.17982017993927002,0.25202521681785583
YGR017W,YGR080W,0,-0.024272583,0.06664198637008667,0.17982017993927002,0.25212520360946655
YLR319C,YDL105W,0,-0.024298072,0.06661731749773026,0.17982017993927002,0.25222522020339966
YCL012W,YOR026W,0,-0.024371892,0.06659267842769623,0.17982017993927002,0.25232523679733276
YHL018W,YMR251W-A,0,-0.024382383,0.0665680468082428,0.17982017993927002,0.25242525339126587
YCR092C,YOR396W,0,-0.024408847,0.06654343754053116,0.17982017993927002,0.2525252401828766
YDR212W,YCL038C,0,-0.024495086,0.06651885062456131,0.17982017993927002,0.2526252567768097
YMR001C,YPL271W,0,-0.024495274,0.06649427115917206,0.17982017993927002,0.2527252733707428
YKR088C,YMR211W,0,-0.024602037,0.0664697214961052,0.17982017993927002,0.2528252899646759
YDL122W,YLR058C,0,-0.024617061,0.06644517928361893,0.17982017993927002,0.252925306558609
YMR303C,YER161C,0,-0.024635747,0.06642066687345505,0.17982017993927002,0.2530252933502197
YDL200C,YJR015W,0,-0.024691626,0.06639616191387177,0.17982017993927002,0.25312530994415283
YMR119W,YBR058C-A,0,-0.02489274,0.06637167930603027,0.17982017993927002,0.25322532653808594
YBR085W,YMR134W,0,-0.024910904,0.06634721904993057,0.17982017993927002,0.25332534313201904
YDR469W,YKL112W,0,-0.02496586,0.06632277369499207,0.17982017993927002,0.25342532992362976
YOL086W-A,YHL006C,0,-0.024997333,0.06629834324121475,0.17982017993927002,0.25352534651756287
YER133W,YMR186W,1,-0.025025114,0.06664212048053741,0.18081918358802795,0.25352534651756287
YIR037W,YDR478W,0,-0.025027767,0.06661759316921234,0.18081918358802795,0.25362536311149597
YGL179C,YER123W,0,-0.025060274,0.06659308075904846,0.18081918358802795,0.2537253797054291
YOR068C,YCL010C,0,-0.025148049,0.06656859070062637,0.18081918358802795,0.2538253962993622
YLR262C,YNR059W,0,-0.025160216,0.06654411554336548,0.18081918358802795,0.2539253830909729
YJR159W,YGR103W,0,-0.025212571,0.06651966273784637,0.18081918358802795,0.254025399684906
YJL141C,YLR019W,1,-0.025266595,0.06686259806156158,0.1818181872367859,0.254025399684906
YLR459W,YOR195W,0,-0.025304854,0.06683804839849472,0.1818181872367859,0.2541254162788391
YOR058C,YEL001C,0,-0.025348715,0.06681350618600845,0.1818181872367859,0.2542254328727722
YNL321W,YLR055C,0,-0.025390007,0.06678899377584457,0.1818181872367859,0.25432541966438293
YNL186W,YOR047C,0,-0.02550812,0.06676448881626129,0.1818181872367859,0.25442543625831604
YDR176W,YBR299W,0,-0.025511935,0.0667400062084198,0.1818181872367859,0.25452545285224915
YBR012W-B,YDR098C,0,-0.025514208,0.0667155459523201,0.1818181872367859,0.25462546944618225
YJL062W-A,YIR007W,0,-0.02559559,0.066691093146801,0.1818181872367859,0.25472548604011536
YDR098C-A,YOR249C,0,-0.025742246,0.06666667014360428,0.1818181872367859,0.2548254728317261
YOR198C,YOL077W-A,0,-0.025823615,0.06664225459098816,0.1818181872367859,0.2549254894256592
YER107C,YJR136C,1,-0.025899008,0.0669838935136795,0.18281717598438263,0.2549254894256592
YLR190W,YGR142W,0,-0.025937777,0.06695938855409622,0.18281717598438263,0.2550255060195923
YDR192C,YKL057C,1,-0.025996476,0.06730065494775772,0.18381617963314056,0.2550255060195923
YDR018C,YER123W,0,-0.026045531,0.06727605313062668,0.18381617963314056,0.2551255226135254
YFL014W,YNL123W,1,-0.02608645,0.06761696189641953,0.1848151832818985,0.2551255226135254
YFR016C,YLR265C,0,-0.026099583,0.06759225577116013,0.1848151832818985,0.2552255094051361
YDR111C,YJL122W,0,-0.026207872,0.06756756454706192,0.1848151832818985,0.2553255259990692
YLR158C,YHR070W,0,-0.026310243,0.0675428956747055,0.1848151832818985,0.2554255425930023
YGL038C,YBR106W,0,-0.026363377,0.06751824915409088,0.1848151832818985,0.2555255591869354
YAR015W,YLR064W,0,-0.026393875,0.06749361753463745,0.1848151832818985,0.25562557578086853
YLR225C,YGL013C,0,-0.026414702,0.06746900081634521,0.1848151832818985,0.25572556257247925
YIL082W-A,YGR208W,0,-0.02641698,0.06744440644979477,0.1848151832818985,0.25582557916641235
YDL099W,YNR041C,0,-0.026425049,0.06741982698440552,0.1848151832818985,0.25592559576034546
YLR293C,YKR045C,0,-0.0264521,0.06739526242017746,0.1848151832818985,0.25602561235427856
YOR073W,YBL080C,0,-0.026469722,0.06737072020769119,0.1848151832818985,0.2561255991458893
YLR405W,YGL115W,0,-0.026526328,0.06734619289636612,0.1848151832818985,0.2562256157398224
YPL192C,YLR277C,0,-0.026542086,0.06732168793678284,0.1848151832818985,0.2563256323337555
YKL216W,YPL132W,0,-0.026583984,0.06729719787836075,0.1848151832818985,0.2564256489276886
YML058W,YJL091C,0,-0.02661625,0.06727273017168045,0.1848151832818985,0.2565256655216217
YIL052C,YEL002C,0,-0.026642561,0.06724826991558075,0.1848151832818985,0.2566256523132324
YNR063W,YJL181W,0,-0.026708415,0.06722383946180344,0.1848151832818985,0.2567256689071655
YJL012C,YHR122W,0,-0.026778756,0.06719941645860672,0.1848151832818985,0.25682568550109863
YCL061C,YKL008C,0,-0.027001657,0.0671750158071518,0.1848151832818985,0.25692570209503174
YPL160W,YBR035C,0,-0.027003411,0.06715063750743866,0.1848151832818985,0.25702568888664246
YGL018C,YGR044C,0,-0.027093846,0.06712626665830612,0.1848151832818985,0.25712570548057556
YBR126C,YJR136C,1,-0.02739937,0.06746463477611542,0.18581418693065643,0.25712570548057556
YOL094C,YPR068C,0,-0.027577996,0.06744017452001572,0.18581418693065643,0.25722572207450867
YGL258W-A,YOR264W,0,-0.027651073,0.06741572916507721,0.18581418693065643,0.2573257386684418
YNL075W,YDR011W,0,-0.02767758,0.0673913061618805,0.18581418693065643,0.2574257552623749
YBR175W,YNR026C,0,-0.027688839,0.06736689805984497,0.18581418693065643,0.2575257420539856
YPR008W,YLR370C,0,-0.02771546,0.06734250485897064,0.18581418693065643,0.2576257586479187
YIL017C,YMR261C,0,-0.027769685,0.0673181340098381,0.18581418693065643,0.2577257752418518
YMR142C,YDR313C,0,-0.027816974,0.06729377806186676,0.18581418693065643,0.2578257918357849
YPR081C,YCL012W,0,-0.02783212,0.06726943701505661,0.18581418693065643,0.25792577862739563
YPR037C,YGR200C,0,-0.027833194,0.06724511831998825,0.18581418693065643,0.25802579522132874
YLR408C,YNL053W,0,-0.02787483,0.06722081452608109,0.18581418693065643,0.25812581181526184
YJL102W,YER011W,0,-0.027966239,0.06719653308391571,0.18581418693065643,0.25822582840919495
YCR068W,YPL280W,0,-0.028094217,0.06717226654291153,0.18581418693065643,0.25832584500312805
YGL040C,YER036C,0,-0.02818997,0.06714801490306854,0.18581418693065643,0.25842583179473877
YJL044C,YHR079C-A,0,-0.028252713,0.06712378561496735,0.18581418693065643,0.2585258483886719
YCR033W,YOR070C,0,-0.028290749,0.06709956377744675,0.18581418693065643,0.258625864982605
YOR178C,YGL087C,0,-0.02840352,0.06707537174224854,0.18581418693065643,0.2587258815765381
YML121W,YHR204W,0,-0.028416991,0.06705118715763092,0.18581418693065643,0.2588258683681488
YIL008W,YGL086W,0,-0.028471895,0.0670270249247551,0.18581418693065643,0.2589258849620819
YLR446W,YDR135C,0,-0.028561346,0.06700288504362106,0.18581418693065643,0.259025901556015
YNR073C,YER011W,0,-0.028722703,0.06697875261306763,0.18581418693065643,0.2591259181499481
YGL258W-A,YPR016C,0,-0.028804243,0.06695464253425598,0.18581418693065643,0.2592259347438812
YKR024C,YPL016W,0,-0.028932415,0.06693054735660553,0.18581418693065643,0.25932592153549194
YLR378C,YHR183W,0,-0.029029489,0.06690647453069687,0.18581418693065643,0.25942593812942505
YBR100W,YMR285C,0,-0.029077452,0.0668824166059494,0.18581418693065643,0.25952595472335815
YJL141C,YOL053C-A,1,-0.029134862,0.06721782684326172,0.18681319057941437,0.25952595472335815
YDR322C-A,YDR175C,0,-0.029146776,0.06719367951154709,0.18681319057941437,0.25962597131729126
YDR147W,YMR264W,0,-0.02914922,0.06716953963041306,0.18681319057941437,0.259725958108902
YIL119C,YER108C,0,-0.029154759,0.06714542210102081,0.18681319057941437,0.2598259747028351
YIL005W,YKL152C,0,-0.029158376,0.06712131947278976,0.18681319057941437,0.2599259912967682
YHR157W,YML101C,0,-0.029178385,0.0670972391963005,0.18681319057941437,0.2600260078907013
YGR262C,YIL067C,0,-0.02925133,0.06707317382097244,0.18681319057941437,0.2601260244846344
YPL152W,YKL116C,0,-0.029281944,0.06704912334680557,0.18681319057941437,0.2602260112762451
YML042W,YDR316W-B,0,-0.029317556,0.0670250877737999,0.18681319057941437,0.2603260278701782
YPR137C-B,YLR414C,0,-0.029437289,0.06700107455253601,0.18681319057941437,0.26042604446411133
YPL240C,YER159C,1,-0.029474437,0.06733524054288864,0.1878121942281723,0.26042604446411133
YMR226C,YER113C,0,-0.029631138,0.06731113791465759,0.1878121942281723,0.26052606105804443
YOR096W,YNR059W,0,-0.029675871,0.06728704273700714,0.1878121942281723,0.26062604784965515
YGL258W-A,YGR048W,0,-0.02972594,0.06726296991109848,0.1878121942281723,0.26072606444358826
YNR032C-A,YBL008W,0,-0.029758185,0.06723891198635101,0.1878121942281723,0.26082608103752136
YOR144C,YDR073W,0,-0.029811248,0.06721487641334534,0.1878121942281723,0.26092609763145447
YDL144C,YMR309C,0,-0.029851709,0.06719084829092026,0.1878121942281723,0.2610261142253876
YLR336C,YGL126W,0,-0.029855002,0.06716684252023697,0.1878121942281723,0.2611261010169983
YBL072C,YHR157W,0,-0.029874224,0.06714285910129547,0.1878121942281723,0.2612261176109314
YOR127W,YKL107W,0,-0.029951073,0.06711888313293457,0.1878121942281723,0.2613261342048645
YNL217W,YKL005C,0,-0.030017959,0.06709492951631546,0.1878121942281723,0.2614261507987976
YMR305C,YDR388W,0,-0.030078627,0.06707099825143814,0.1878121942281723,0.2615261673927307
YMR001C,YLL026W,0,-0.03010495,0.06704707443714142,0.1878121942281723,0.26162615418434143
YJR129C,YMR041C,0,-0.030232541,0.06702317297458649,0.1878121942281723,0.26172617077827454
YOR005C,YLL018C,0,-0.030281432,0.06699928641319275,0.1878121942281723,0.26182618737220764
YJR137C,YIR008C,0,-0.030292422,0.0669754222035408,0.1878121942281723,0.26192620396614075
YJR056C,YLR377C,0,-0.030293195,0.06695156544446945,0.1878121942281723,0.26202619075775146
YER131W,YPL033C,0,-0.030307353,0.06692773103713989,0.1878121942281723,0.26212620735168457
YIR014W,YGL040C,0,-0.030320995,0.06690391153097153,0.1878121942281723,0.2622262239456177
YHL004W,YMR023C,0,-0.030430008,0.06688011437654495,0.1878121942281723,0.2623262405395508
YMR216C,YKL073W,0,-0.030510858,0.06685633212327957,0.1878121942281723,0.2624262571334839
YMR280C,YER140W,0,-0.030560534,0.06683256477117538,0.1878121942281723,0.2625262439250946
YBR121C,YPR161C,0,-0.03063874,0.06680881232023239,0.1878121942281723,0.2626262605190277
YDL005C,YDR040C,0,-0.030642219,0.06678508222103119,0.1878121942281723,0.2627262771129608
YER176W,YBL055C,0,-0.030643135,0.06676136702299118,0.1878121942281723,0.2628262937068939
YMR198W,YOR064C,0,-0.030686263,0.06673766672611237,0.1878121942281723,0.26292628049850464
YJR108W,YOL006C,0,-0.030687988,0.06671398133039474,0.1878121942281723,0.26302629709243774
YIR012W,YMR086W,0,-0.030763797,0.06669031828641891,0.1878121942281723,0.26312631368637085
YDR134C,YIL041W,0,-0.030783027,0.06666667014360428,0.1878121942281723,0.26322633028030396
YDR009W,YDL168W,0,-0.030786306,0.06664303690195084,0.1878121942281723,0.26332634687423706
YDL046W,YOR246C,0,-0.03079532,0.06661941856145859,0.1878121942281723,0.2634263336658478
YBL013W,YLR274W,0,-0.030829929,0.06659582257270813,0.1878121942281723,0.2635263502597809
YDR300C,YBR193C,0,-0.030865893,0.06657224148511887,0.1878121942281723,0.263626366853714
YIL073C,YOR354C,0,-0.030899685,0.0665486752986908,0.1878121942281723,0.2637263834476471
YHL036W,YLR083C,0,-0.030922845,0.06652512401342392,0.1878121942281723,0.2638263702392578
YDR279W,YLR131C,0,-0.030948505,0.06650159507989883,0.1878121942281723,0.2639263868331909
YCR081W,YIL136W,0,-0.030965045,0.06647807359695435,0.1878121942281723,0.264026403427124
YPL221W,YER056C-A,0,-0.03104031,0.06645457446575165,0.1878121942281723,0.26412642002105713
YFR041C,YHR160C,0,-0.031069428,0.06643109768629074,0.1878121942281723,0.26422643661499023
YIL051C,YDR294C,0,-0.031083785,0.06640762835741043,0.1878121942281723,0.26432642340660095
YHR106W,YBR298C,0,-0.03112349,0.06638418138027191,0.1878121942281723,0.26442644000053406
YGL205W,YGR271C-A,0,-0.03113179,0.06636074930429459,0.1878121942281723,0.26452645659446716
YDR468C,YGL196W,0,-0.031199187,0.06633733212947845,0.1878121942281723,0.26462647318840027
YDL046W,YLR275W,0,-0.031215012,0.06631392985582352,0.1878121942281723,0.264726459980011
YLR332W,YJR160C,0,-0.031249342,0.06629054993391037,0.1878121942281723,0.2648264765739441
YER038C,YGL222C,0,-0.031320624,0.06626718491315842,0.1878121942281723,0.2649264931678772
YNL064C,YOR178C,1,-0.031347856,0.06659619510173798,0.18881118297576904,0.2649264931678772
YHL018W,YGR057C,0,-0.031446006,0.06657273322343826,0.18881118297576904,0.2650265097618103
YMR166C,YPL283C,0,-0.031502675,0.06654929369688034,0.18881118297576904,0.2651265263557434
YPL031C,YHR117W,0,-0.031584952,0.06652586907148361,0.18881118297576904,0.2652265131473541
YMR059W,YDR402C,0,-0.031616297,0.06650245934724808,0.18881118297576904,0.26532652974128723
YGL089C,YNR059W,0,-0.031698585,0.06647907197475433,0.18881118297576904,0.26542654633522034
YLR343W,YOR356W,0,-0.031775586,0.06645569950342178,0.18881118297576904,0.26552656292915344
YLR095C,YBR162W-A,0,-0.03183169,0.06643233448266983,0.18881118297576904,0.26562654972076416
YIR035C,YNL015W,0,-0.031857118,0.06640899181365967,0.18881118297576904,0.26572656631469727
YDL100C,YLR335W,1,-0.031917542,0.06673691421747208,0.18981018662452698,0.26572656631469727
YKR045C,YLR083C,0,-0.031935588,0.06671348214149475,0.18981018662452698,0.26582658290863037
YDL240W,YOR019W,0,-0.031956244,0.06669006496667862,0.18981018662452698,0.2659265995025635
YOR028C,YDR346C,0,-0.031957492,0.06666667014360428,0.18981018662452698,0.2660266160964966
YCR081W,YDL025C,0,-0.032009415,0.06664328277111053,0.18981018662452698,0.2661266028881073
YKL017C,YML041C,0,-0.032054313,0.06661991775035858,0.18981018662452698,0.2662266194820404
YDL092W,YHR079C-B,0,-0.032151703,0.06659656763076782,0.18981018662452698,0.2663266360759735
YER144C,YLR077W,0,-0.032160617,0.06657323241233826,0.18981018662452698,0.2664266526699066
YOR127W,YOR359W,0,-0.032222822,0.06654991209506989,0.18981018662452698,0.26652663946151733
YNR048W,YER006W,0,-0.032305263,0.0665266141295433,0.18981018662452698,0.26662665605545044
YNR019W,YER161C,0,-0.03238734,0.06650332361459732,0.18981018662452698,0.26672667264938354
YDR168W,YJL097W,0,-0.03240473,0.06648005545139313,0.18981018662452698,0.26682668924331665
YMR051C,YFR028C,0,-0.032449227,0.06645680218935013,0.18981018662452698,0.26692670583724976
YER048C,YER169W,0,-0.03245513,0.06643356382846832,0.18981018662452698,0.2670266926288605
YIL122W,YDR420W,0,-0.03246972,0.06641034781932831,0.18981018662452698,0.2671267092227936
YAL013W,YAR002W,1,-0.032527357,0.06673654913902283,0.1908091902732849,0.2671267092227936
YPL091W,YGL035C,0,-0.032631986,0.06671323627233505,0.1908091902732849,0.2672267258167267
YDR032C,YKL184W,0,-0.032639265,0.06668994575738907,0.1908091902732849,0.2673267424106598
YGL011C,YJR158W,0,-0.032671418,0.06666667014360428,0.1908091902732849,0.2674267292022705
YEL046C,YDR224C,0,-0.03269407,0.06664340198040009,0.1908091902732849,0.2675267457962036
YGL245W,YKR081C,0,-0.03271354,0.06662016361951828,0.1908091902732849,0.2676267623901367
YIL016W,YCL057C-A,0,-0.032726422,0.06659693270921707,0.1908091902732849,0.2677267789840698
YMR224C,YCR035C,0,-0.03273765,0.06657371670007706,0.1908091902732849,0.26782679557800293
YGL120C,YMR068W,0,-0.032744087,0.06655052304267883,0.1908091902732849,0.26792678236961365
YPL143W,YPL186C,0,-0.03276193,0.0665273442864418,0.1908091902732849,0.26802679896354675
YJR102C,YER041W,0,-0.032793224,0.06650418043136597,0.1908091902732849,0.26812681555747986
YNL312W,YLR337W,0,-0.033187635,0.06648103147745132,0.1908091902732849,0.26822683215141296
YNL305C,YDR017C,0,-0.033226345,0.06645789742469788,0.1908091902732849,0.2683268189430237
YDR046C,YNL071W,0,-0.033253506,0.06643478572368622,0.1908091902732849,0.2684268355369568
YML013W,YLR132C,0,-0.03328439,0.06641168147325516,0.1908091902732849,0.2685268521308899
YHR154W,YJL045W,0,-0.033324394,0.06638859957456589,0.1908091902732849,0.268626868724823
YGR174C,YHR027C,0,-0.033508897,0.06636553257703781,0.1908091902732849,0.2687268853187561
YER005W,YML088W,0,-0.033602264,0.06634248048067093,0.1908091902732849,0.2688268721103668
YBL055C,YPL045W,0,-0.033739924,0.06631944328546524,0.1908091902732849,0.2689268887042999
YPL159C,YJL181W,0,-0.033779304,0.06629642844200134,0.1908091902732849,0.26902690529823303
YMR113W,YOR109W,0,-0.033853404,0.06627342104911804,0.1908091902732849,0.26912692189216614
YEL042W,YDR436W,0,-0.033863857,0.06625043600797653,0.1908091902732849,0.26922690868377686
YMR074C,YJL180C,0,-0.033870105,0.06622745841741562,0.1908091902732849,0.26932692527770996
YGR103W,YMR113W,0,-0.03388762,0.0662045031785965,0.1908091902732849,0.26942694187164307
YGL067W,YOR329C,0,-0.033988096,0.06618156284093857,0.1908091902732849,0.26952695846557617
YGL137W,YPR131C,0,-0.033998877,0.06615864485502243,0.1908091902732849,0.2696269750595093
YER157W,YBR058C-A,0,-0.034046542,0.06613573431968689,0.1908091902732849,0.26972696185112
YKL011C,YPR154W,0,-0.034054965,0.06611283868551254,0.1908091902732849,0.2698269784450531
YMR221C,YGL254W,0,-0.034154974,0.06608996540307999,0.1908091902732849,0.2699269950389862
YPL141C,YCR102C,0,-0.03417613,0.06606710702180862,0.1908091902732849,0.2700270116329193
YLR286C,YBR188C,0,-0.034206107,0.06604426354169846,0.1908091902732849,0.27012699842453003
YHR153C,YDR153C,0,-0.034226716,0.06602142751216888,0.1908091902732849,0.27022701501846313
YHR037W,YIL106W,0,-0.03432572,0.0659986212849617,0.1908091902732849,0.27032703161239624
YKL176C,YBR193C,0,-0.034380242,0.06597582250833511,0.1908091902732849,0.27042704820632935
YJR120W,YHL008C,0,-0.034390707,0.06595303863286972,0.1908091902732849,0.27052706480026245
YLR186W,YPR098C,0,-0.034393728,0.06593026965856552,0.1908091902732849,0.27062705159187317
YBR265W,YJL059W,0,-0.03439583,0.06590752303600311,0.1908091902732849,0.2707270681858063
YOL086W-A,YOR384W,0,-0.03446032,0.0658847913146019,0.1908091902732849,0.2708270847797394
YKR060W,YFL003C,0,-0.034467444,0.06586206704378128,0.1908091902732849,0.2709271013736725
YCR072C,YOR214C,0,-0.03447728,0.06583936512470245,0.1908091902732849,0.2710270881652832
YPL189C-A,YGL033W,0,-0.034477443,0.06581667810678482,0.1908091902732849,0.2711271047592163
YGR227W,YPL040C,0,-0.034495696,0.06579400599002838,0.1908091902732849,0.2712271213531494
YOR173W,YLR337C,0,-0.034526892,0.06577134877443314,0.1908091902732849,0.2713271379470825
YFR047C,YDR265W,0,-0.034575716,0.06574870645999908,0.1908091902732849,0.2714271545410156
YJR075W,YML100W,0,-0.03459415,0.06572608649730682,0.1908091902732849,0.27152714133262634
YBR159W,YDR292C,0,-0.034635812,0.06570347398519516,0.1908091902732849,0.27162715792655945
YDR483W,YDR500C,0,-0.034673914,0.06568088382482529,0.1908091902732849,0.27172717452049255
YPL059W,YDR065W,0,-0.034674853,0.06565830111503601,0.1908091902732849,0.27182719111442566
YDR348C,YIL019W,0,-0.03473528,0.06563574075698853,0.1908091902732849,0.2719271779060364
YDL232W,YML018C,0,-0.034774274,0.06561318784952164,0.1908091902732849,0.2720271944999695
YHR193C,YLL054C,0,-0.03483098,0.06559065729379654,0.1908091902732849,0.2721272110939026
YNL146W,YDL051W,0,-0.034963667,0.06556814163923264,0.1908091902732849,0.2722272276878357
YPL033C,YGR188C,0,-0.0349888,0.06554564088582993,0.1908091902732849,0.2723272442817688
YMR251W-A,YER114C,0,-0.03499005,0.06552315503358841,0.1908091902732849,0.2724272310733795
YGL100W,YMR261C,0,-0.035012536,0.06550068408250809,0.1908091902732849,0.2725272476673126
YJL098W,YFL034C-B,0,-0.035090767,0.06547822803258896,0.1908091902732849,0.2726272642612457
YML005W,YEL015W,0,-0.035210114,0.06545579433441162,0.1908091902732849,0.27272728085517883
YDR516C,YDR163W,0,-0.035256177,0.06543336808681488,0.1908091902732849,0.27282729744911194
YKR104W,YGR192C,0,-0.03531653,0.06541095674037933,0.1908091902732849,0.27292728424072266
YJL145W,YJR118C,0,-0.035351895,0.06538856774568558,0.1908091902732849,0.27302730083465576
YBR025C,YOR178C,1,-0.035363954,0.06570842117071152,0.19180819392204285,0.27302730083465576
YOR315W,YHR044C,0,-0.03539164,0.0656859427690506,0.19180819392204285,0.27312731742858887
YLR070C,YNL058C,0,-0.03539342,0.06566347181797028,0.19180819392204285,0.273227334022522
YOR381W,YGL096W,0,-0.035442173,0.06564102321863174,0.19180819392204285,0.2733273208141327
YGL115W,YJL184W,0,-0.03549528,0.0656185895204544,0.19180819392204285,0.2734273374080658
YDL194W,YBR279W,0,-0.035508677,0.06559617072343826,0.19180819392204285,0.2735273540019989
YPR081C,YNL152W,0,-0.03555174,0.06557376682758331,0.19180819392204285,0.273627370595932
YBR191W,YAR010C,0,-0.035556786,0.06555138528347015,0.19180819392204285,0.2737273871898651
YNL091W,YHR152W,0,-0.035597086,0.06552901118993759,0.19180819392204285,0.27382737398147583
YGL156W,YJL110C,0,-0.03565666,0.06550665199756622,0.19180819392204285,0.27392739057540894
YOR019W,YPL172C,0,-0.035952978,0.06548430770635605,0.19180819392204285,0.27402740716934204
YBL091C,YKL184W,0,-0.035971507,0.06546198576688766,0.19180819392204285,0.27412742376327515
YNL024C,YLR426W,0,-0.035981823,0.06543967127799988,0.19180819392204285,0.27422741055488586
YDR487C,YGL157W,0,-0.036093663,0.06541737914085388,0.19180819392204285,0.27432742714881897
YNL176C,YGR098C,0,-0.036216743,0.06539509445428848,0.19180819392204285,0.2744274437427521
YPL195W,YEL032W,0,-0.036326423,0.06537283211946487,0.19180819392204285,0.2745274603366852
YDR014W,YJL018W,0,-0.03639839,0.06535057723522186,0.19180819392204285,0.2746274769306183
YDR480W,YLR119W,0,-0.036566168,0.06532834470272064,0.19180819392204285,0.274727463722229
YMR009W,YHR161C,0,-0.03666404,0.06530611962080002,0.19180819392204285,0.2748274803161621
YGR247W,YCR042C,0,-0.03668554,0.06528391689062119,0.19180819392204285,0.2749274969100952
YHR011W,YKL114C,0,-0.036704212,0.06526172906160355,0.19180819392204285,0.2750275135040283
YKR007W,YNL280C,0,-0.036732458,0.0652395486831665,0.19180819392204285,0.27512750029563904
YOR001W,YGR028W,0,-0.036831707,0.06521739065647125,0.19180819392204285,0.27522751688957214
YPL265W,YOL005C,0,-0.036877036,0.0651952475309372,0.19180819392204285,0.27532753348350525
YNL097C,YJR100C,1,-0.0369016,0.06551256030797958,0.19280719757080078,0.27532753348350525
YDL146W,YMR230W,0,-0.03700792,0.06549032777547836,0.19280719757080078,0.27542755007743835
YNL336W,YFL034C-B,0,-0.037038475,0.06546811759471893,0.19280719757080078,0.27552756667137146
YJR134C,YHR072W-A,0,-0.037043564,0.0654459148645401,0.19280719757080078,0.2756275534629822
YNL053W,YMR130W,0,-0.037124023,0.06542372703552246,0.19280719757080078,0.2757275700569153
YDL100C,YDL088C,1,-0.03713225,0.0657404288649559,0.19380620121955872,0.2757275700569153
YJR093C,YKL026C,0,-0.037141852,0.0657181590795517,0.19380620121955872,0.2758275866508484
YBR054W,YNL176C,0,-0.03716164,0.06569590419530869,0.19380620121955872,0.2759276032447815
YDR519W,YGR024C,0,-0.037199005,0.06567366421222687,0.19380620121955872,0.2760275900363922
YBR176W,YNL181W,0,-0.03735207,0.06565143913030624,0.19380620121955872,0.2761276066303253
YPR004C,YDR179C,0,-0.037360176,0.06562922894954681,0.19380620121955872,0.2762276232242584
YMR302C,YOL058W,0,-0.037456222,0.06560703366994858,0.19380620121955872,0.27632763981819153
YNL009W,YDR210W,0,-0.037510924,0.06558485329151154,0.19380620121955872,0.27642765641212463
YOR228C,YJL207C,0,-0.037528932,0.06556268781423569,0.19380620121955872,0.27652764320373535
YOR007C,YOL053C-A,1,-0.037541352,0.06587837636470795,0.19480518996715546,0.27652764320373535
YLR176C,YGL096W,0,-0.03756933,0.06585612893104553,0.19480518996715546,0.27662765979766846
YDL130W-A,YDR115W,0,-0.037611336,0.06583389639854431,0.19480518996715546,0.27672767639160156
YJR100C,YNL064C,1,-0.037636317,0.06614917516708374,0.1958041936159134,0.27672767639160156
YDR039C,YDL143W,0,-0.03764803,0.06612685322761536,0.1958041936159134,0.27682769298553467
YBL002W,YKL086W,0,-0.037717402,0.06610455363988876,0.1958041936159134,0.2769276797771454
YHR190W,YKL139W,0,-0.03777716,0.06608226895332336,0.1958041936159134,0.2770276963710785
YHR143W-A,YJR086W,0,-0.03789509,0.06605999171733856,0.1958041936159134,0.2771277129650116
YBR229C,YCL057C-A,0,-0.037928022,0.06603773683309555,0.1958041936159134,0.2772277295589447
YJR132W,YCL039W,0,-0.03800971,0.06601549685001373,0.1958041936159134,0.2773277461528778
YMR256C,YER062C,0,-0.038288757,0.06599326431751251,0.1958041936159134,0.2774277329444885
YDR350C,YKL018W,0,-0.03834082,0.06597105413675308,0.1958041936159134,0.27752774953842163
YDR533C,YNR070W,0,-0.038371816,0.06594885885715485,0.1958041936159134,0.27762776613235474
YAR010C,YBR028C,0,-0.038479887,0.06592667102813721,0.1958041936159134,0.27772778272628784
YBL064C,YNL113W,0,-0.038542643,0.06590450555086136,0.1958041936159134,0.27782776951789856
YPL018W,YCR097W,0,-0.038555168,0.0658823549747467,0.1958041936159134,0.27792778611183167
YJL216C,YGL005C,0,-0.038593777,0.06586021184921265,0.1958041936159134,0.27802780270576477
YOL065C,YMR045C,0,-0.03862054,0.06583809107542038,0.1958041936159134,0.2781278192996979
YJL101C,YPL204W,0,-0.038661063,0.0658159852027893,0.1958041936159134,0.278227835893631
YBR016W,YDL194W,0,-0.038667396,0.06579389423131943,0.1958041936159134,0.2783278226852417
YNL030W,YGR055W,0,-0.038786545,0.06577181071043015,0.1958041936159134,0.2784278392791748
YHR129C,YEL020W-A,0,-0.038815856,0.06574974954128265,0.1958041936159134,0.2785278558731079
YNL075W,YML025C,0,-0.03881991,0.06572769582271576,0.1958041936159134,0.278627872467041
YJL062W-A,YOL064C,0,-0.0389237,0.06570566445589066,0.1958041936159134,0.27872785925865173
YJL021C,YFL002C,0,-0.038969927,0.06568364799022675,0.1958041936159134,0.27882787585258484
YDL240W,YJL045W,0,-0.038998395,0.06566163897514343,0.1958041936159134,0.27892789244651794
YDL236W,YIL098C,0,-0.039083157,0.06563965231180191,0.1958041936159134,0.27902790904045105
YBR191W,YBL100W-B,0,-0.039159805,0.06561767309904099,0.1958041936159134,0.27912792563438416
YPR151C,YOL031C,0,-0.039190695,0.06559571623802185,0.1958041936159134,0.2792279124259949
YLL005C,YGR204W,0,-0.039212517,0.06557376682758331,0.1958041936159134,0.279327929019928
YIL084C,YKL068W,1,-0.039310306,0.06588628888130188,0.19680319726467133,0.279327929019928
YCL075W,YPL003W,0,-0.039508,0.06586425751447678,0.19680319726467133,0.2794279456138611
YGR096W,YER146W,0,-0.039528504,0.06584224849939346,0.19680319726467133,0.2795279622077942
YFR031C-A,YCR096C,0,-0.039547354,0.06582024693489075,0.19680319726467133,0.2796279489994049
YOR266W,YGR162W,0,-0.039565474,0.06579826027154922,0.19680319726467133,0.279727965593338
YPR118W,YJL143W,0,-0.039599277,0.0657762959599495,0.19680319726467133,0.2798279821872711
YKR001C,YOR087W,0,-0.03963633,0.06575433909893036,0.19680319726467133,0.2799279987812042
YFL033C,YKR082W,1,-0.039658777,0.06606606394052505,0.19780220091342926,0.2799279987812042
YCL062W,YPL189W,0,-0.03971687,0.06604403257369995,0.19780220091342926,0.28002801537513733
YMR223W,YCR028C,0,-0.039757,0.06602200865745544,0.19780220091342926,0.28012800216674805
YIL078W,YHL009C,0,-0.039796688,0.06599999964237213,0.19780220091342926,0.28022801876068115
YLL010C,YKR026C,1,-0.039822787,0.06631123274564743,0.1988012045621872,0.28022801876068115
YHR136C,YDR359C,0,-0.03982821,0.06628914177417755,0.1988012045621872,0.28032803535461426
YCR044C,YOR156C,0,-0.039876666,0.06626706570386887,0.1988012045621872,0.28042805194854736
YBL078C,YGR183C,0,-0.039895445,0.06624500453472137,0.1988012045621872,0.2805280387401581
YGR038W,YPL056C,0,-0.040042773,0.06622295826673508,0.1988012045621872,0.2806280553340912
YNL101W,YDR177W,0,-0.040126774,0.06620093435049057,0.1988012045621872,0.2807280719280243
YGR165W,YOR045W,0,-0.040225655,0.06617891788482666,0.1988012045621872,0.2808280885219574
YDL178W,YDR003W,0,-0.040273815,0.06615691632032394,0.1988012045621872,0.2809281051158905
YDR074W,YDL065C,0,-0.04037442,0.06613492965698242,0.1988012045621872,0.2810280919075012
YOR095C,YMR029C,0,-0.040388696,0.0661129578948021,0.1988012045621872,0.2811281085014343
YNL315C,YJL157C,0,-0.040431023,0.06609100103378296,0.1988012045621872,0.28122812509536743
YHR141C,YBL007C,0,-0.040433332,0.06606905907392502,0.1988012045621872,0.28132814168930054
YBR268W,YGL025C,0,-0.04044789,0.06604713201522827,0.1988012045621872,0.28142812848091125
YFR044C,YPR114W,0,-0.040556386,0.06602521240711212,0.1988012045621872,0.28152814507484436
YBR290W,YBR087W,0,-0.040705435,0.06600331515073776,0.1988012045621872,0.28162816166877747
YIL009C-A,YJL181W,0,-0.04074707,0.0659814327955246,0.1988012045621872,0.28172817826271057
YGR125W,YPL178W,0,-0.040822722,0.06595956534147263,0.1988012045621872,0.2818281948566437
YIL150C,YHR188C,0,-0.04084726,0.06593770533800125,0.1988012045621872,0.2819281816482544
YNL007C,YPL240C,1,-0.04085747,0.06624709814786911,0.19980019330978394,0.2819281816482544
YOR368W,YGR271C-A,0,-0.04095576,0.06622516363859177,0.19980019330978394,0.2820281982421875
YLR013W,YJR064W,0,-0.04097873,0.06620324403047562,0.19980019330978394,0.2821282148361206
YLR272C,YCL026C-A,0,-0.04124753,0.06618133932352066,0.19980019330978394,0.2822282314300537
YDR198C,YLR081W,0,-0.041344635,0.0661594420671463,0.19980019330978394,0.28232821822166443
YCR073C,YJL179W,0,-0.041348137,0.06613756716251373,0.19980019330978394,0.28242823481559753
YPR120C,YOL023W,0,-0.041389838,0.06611569970846176,0.19980019330978394,0.28252825140953064
YNR049C,YJR123W,0,-0.04149893,0.06609385460615158,0.19980019330978394,0.28262826800346375
YDL116W,YJL140W,1,-0.04159145,0.0664023756980896,0.20079919695854187,0.28262826800346375
YER051W,YGL111W,0,-0.04164418,0.06638044863939285,0.20079919695854187,0.28272828459739685
YIL172C,YPR071W,0,-0.041832022,0.0663585364818573,0.20079919695854187,0.28282827138900757
YGR026W,YDL191W,0,-0.04188103,0.06633663177490234,0.20079919695854187,0.2829282879829407
YMR080C,YDR175C,0,-0.042044565,0.06631474941968918,0.20079919695854187,0.2830283045768738
YKR064W,YHR143W,0,-0.042054057,0.06629287451505661,0.20079919695854187,0.2831283211708069
YNR056C,YLR142W,0,-0.042095974,0.06627102196216583,0.20079919695854187,0.2832283079624176
YIL121W,YHL018W,0,-0.04210648,0.06624917685985565,0.20079919695854187,0.2833283245563507
YDR372C,YJR059W,0,-0.04212357,0.06622734665870667,0.20079919695854187,0.2834283411502838
YML126C,YBL100W-B,0,-0.042130284,0.06620553135871887,0.20079919695854187,0.2835283577442169
YGL073W,YPL240C,1,-0.042137273,0.06651300936937332,0.2017982006072998,0.2835283577442169
YLR038C,YLR118C,0,-0.042184025,0.06649111211299896,0.2017982006072998,0.28362837433815
YBL100W-B,YNL292W,0,-0.042408284,0.0664692297577858,0.2017982006072998,0.28372836112976074
YER044C-A,YNL082W,0,-0.042475387,0.06644736975431442,0.2017982006072998,0.28382837772369385
YKL068W,YOL053C-A,1,-0.04251165,0.06675435602664948,0.20279720425605774,0.28382837772369385
YHL017W,YLR324W,0,-0.042570345,0.06673241406679153,0.20279720425605774,0.28392839431762695
YOL139C,YGL017W,0,-0.042572238,0.06671047955751419,0.20279720425605774,0.28402841091156006
YHR020W,YOL067C,0,-0.042582616,0.06668856739997864,0.20279720425605774,0.28412842750549316
YIL154C,YAR042W,0,-0.04268873,0.06666667014360428,0.20279720425605774,0.2842284142971039
YER107C,YDL088C,1,-0.042802542,0.06697308272123337,0.20379620790481567,0.2842284142971039
YLR060W,YBR146W,0,-0.04282207,0.06695109605789185,0.20379620790481567,0.284328430891037
YGL012W,YIL041W,0,-0.042837635,0.06692913174629211,0.20379620790481567,0.2844284474849701
YDR105C,YAL009W,0,-0.042888995,0.06690718233585358,0.20379620790481567,0.2845284640789032
YKR030W,YNR055C,0,-0.043006863,0.06688524782657623,0.20379620790481567,0.2846284508705139
YBR100W,YER071C,0,-0.043047287,0.06686332076787949,0.20379620790481567,0.284728467464447
YEL050C,YPL086C,0,-0.04313483,0.06684141606092453,0.20379620790481567,0.2848284840583801
YMR153W,YKR080W,0,-0.043230295,0.06681951880455017,0.20379620790481567,0.28492850065231323
YKR105C,YGR278W,0,-0.04327585,0.0667976438999176,0.20379620790481567,0.28502851724624634
YNL305C,YHL026C,0,-0.04337364,0.06677577644586563,0.20379620790481567,0.28512850403785706
YDR134C,YGL031C,0,-0.043375757,0.06675392389297485,0.20379620790481567,0.28522852063179016
YOR043W,YOR008C,1,-0.04345809,0.06705921143293381,0.2047952115535736,0.28522852063179016
YHR005C,YDL082W,0,-0.043505218,0.06703727692365646,0.2047952115535736,0.28532853722572327
YEL047C,YBL084C,0,-0.04351525,0.06701536476612091,0.2047952115535736,0.28542855381965637
YLL016W,YLL067C,0,-0.04354682,0.06699346750974655,0.2047952115535736,0.2855285406112671
YPL060W,YLR143W,0,-0.043669906,0.06697157770395279,0.2047952115535736,0.2856285572052002
YLR467W,YDR210C-D,0,-0.043682754,0.06694970279932022,0.2047952115535736,0.2857285737991333
YER107C,YOR043W,1,-0.043715,0.06725432723760605,0.20579420030117035,0.2857285737991333
YJR100C,YOL004W,1,-0.043748647,0.06755874305963516,0.20679320394992828,0.2857285737991333
YHR171W,YHR072W-A,0,-0.043756448,0.06753670424222946,0.20679320394992828,0.2858285903930664
YGR023W,YHR118C,0,-0.043777153,0.06751468032598495,0.20679320394992828,0.2859286069869995
YNL106C,YGR215W,0,-0.04380621,0.06749266386032104,0.20679320394992828,0.28602859377861023
YIL144W,YHR206W,0,-0.043810386,0.06747066229581833,0.20679320394992828,0.28612861037254333
YPR201W,YNL051W,0,-0.043851964,0.0674486830830574,0.20679320394992828,0.28622862696647644
YOL021C,YPL091W,0,-0.043856338,0.06742671132087708,0.20679320394992828,0.28632864356040955
YOR004W,YDR166C,0,-0.04385996,0.06740475445985794,0.20679320394992828,0.28642863035202026
YML010W,YOR122C,0,-0.043954663,0.0673828125,0.20679320394992828,0.28652864694595337
YFR010W,YOR100C,0,-0.04398285,0.06736088544130325,0.20679320394992828,0.2866286635398865
YEL050C,YGR007W,0,-0.044135895,0.0673389732837677,0.20679320394992828,0.2867286801338196
YBR217W,YER021W,0,-0.04418531,0.06731707602739334,0.20679320394992828,0.2868286967277527
YJL125C,YPL203W,0,-0.044280764,0.06729518622159958,0.20679320394992828,0.2869286835193634
YHR124W,YGR208W,0,-0.044292506,0.06727331876754761,0.20679320394992828,0.2870287001132965
YNL149C,YFR044C,0,-0.04439655,0.06725145876407623,0.20679320394992828,0.2871287167072296
YLR117C,YOR028C,0,-0.044408277,0.06722962111234665,0.20679320394992828,0.2872287333011627
YDL120W,YPL149W,0,-0.04443223,0.06720779091119766,0.20679320394992828,0.28732872009277344
YNL087W,YGR092W,0,-0.044436976,0.06718597561120987,0.20679320394992828,0.28742873668670654
YDR171W,YDR397C,1,-0.04444059,0.0674886405467987,0.20779220759868622,0.28742873668670654
YHR191C,YGR049W,0,-0.044597626,0.06746675074100494,0.20779220759868622,0.28752875328063965
YGL234W,YMR110C,0,-0.04461786,0.06744487583637238,0.20779220759868622,0.28762876987457275
YJL026W,YGL022W,0,-0.04466319,0.067423015832901,0.20779220759868622,0.28772878646850586
YGL137W,YLR367W,0,-0.044718593,0.06740116328001022,0.20779220759868622,0.2878287732601166
YNR071C,YLR276C,0,-0.04480896,0.06737933307886124,0.20779220759868622,0.2879287898540497
YCR039C,YER146W,0,-0.044870824,0.06735751032829285,0.20779220759868622,0.2880288064479828
YKR010C,YBL100W-A,0,-0.04501602,0.06733570992946625,0.20779220759868622,0.2881288230419159
YNL283C,YLR019W,1,-0.045025636,0.06763754040002823,0.20879121124744415,0.2881288230419159
YPL234C,YBR251W,0,-0.045161806,0.06761565804481506,0.20879121124744415,0.2882288098335266
YLR106C,YHR018C,0,-0.045339286,0.06759379059076309,0.20879121124744415,0.2883288264274597
YOL110W,YCR072C,0,-0.04538642,0.06757193803787231,0.20879121124744415,0.2884288430213928
YFL035C-A,YDR077W,0,-0.045465533,0.06755010038614273,0.20879121124744415,0.2885288596153259
YLR106C,YMR184W,0,-0.045509048,0.06752827018499374,0.20879121124744415,0.28862887620925903
YCR081W,YNL312W,0,-0.04552871,0.06750646233558655,0.20879121124744415,0.28872886300086975
YJL102W,YMR014W,0,-0.045558766,0.06748466193675995,0.20879121124744415,0.28882887959480286
YOR247W,YDR398W,0,-0.045604333,0.06746287643909454,0.20879121124744415,0.28892889618873596
YJR047C,YDR009W,0,-0.04566654,0.06744111329317093,0.20879121124744415,0.28902891278266907
YNR038W,YPR103W,0,-0.045853287,0.06741935759782791,0.20879121124744415,0.2891288995742798
YOL065C,YLR055C,0,-0.04589778,0.06739761680364609,0.20879121124744415,0.2892289161682129
YHR035W,YPL155C,0,-0.045962095,0.06737588346004486,0.20879121124744415,0.289328932762146
YBL066C,YMR264W,0,-0.04605497,0.06735417246818542,0.20879121124744415,0.2894289493560791
YDL064W,YJL094C,0,-0.046068996,0.06733247637748718,0.20879121124744415,0.2895289659500122
YBR100W,YPL280W,0,-0.046115402,0.06731078773736954,0.20879121124744415,0.2896289527416229
YIL118W,YDR005C,0,-0.046132013,0.06728912144899368,0.20879121124744415,0.28972896933555603
YGL195W,YNL014W,0,-0.04613287,0.06726746261119843,0.20879121124744415,0.28982898592948914
YGR087C,YGR292W,0,-0.046171576,0.06724581867456436,0.20879121124744415,0.28992900252342224
YDL088C,YOL053C-A,1,-0.046190433,0.0675458312034607,0.2097902148962021,0.28992900252342224
YLL026W,YLR019W,1,-0.04622549,0.0678456574678421,0.21078920364379883,0.28992900252342224
YML066C,YJL091C,0,-0.04641926,0.0678238496184349,0.21078920364379883,0.29002898931503296
YDL076C,YNL159C,0,-0.04657945,0.0678020566701889,0.21078920364379883,0.29012900590896606
YDR402C,YMR116C,0,-0.046605438,0.0677802786231041,0.21078920364379883,0.29022902250289917
YPL266W,YLR128W,0,-0.046687633,0.06775850802659988,0.21078920364379883,0.2903290390968323
YLR398C,YDR266C,0,-0.046696983,0.06773675978183746,0.21078920364379883,0.2904290556907654
YLR001C,YBL016W,0,-0.04671727,0.06771501898765564,0.21078920364379883,0.2905290424823761
YDR079C-A,YKL089W,0,-0.046753056,0.06769329309463501,0.21078920364379883,0.2906290590763092
YML005W,YLR388W,0,-0.046755664,0.06767158210277557,0.21078920364379883,0.2907290756702423
YGR003W,YIL013C,0,-0.0468722,0.06764988601207733,0.21078920364379883,0.2908290922641754
YOR178C,YOL055C,0,-0.046883725,0.06762820482254028,0.21078920364379883,0.29092907905578613
YLR215C,YAL020C,0,-0.0468904,0.06760653853416443,0.21078920364379883,0.29102909564971924
YNL221C,YDL082W,0,-0.04695925,0.06758487969636917,0.21078920364379883,0.29112911224365234
YOR208W,YPL031C,0,-0.047011375,0.0675632432103157,0.21078920364379883,0.29122912883758545
YMR125W,YPR148C,0,-0.04701525,0.06754161417484283,0.21078920364379883,0.29132914543151855
YGL116W,YGR054W,0,-0.047028605,0.06752000004053116,0.21078920364379883,0.2914291322231293
YPL270W,YNR075W,0,-0.047093205,0.06749840080738068,0.21078920364379883,0.2915291488170624
YGL067W,YPL171C,0,-0.047175422,0.06747681647539139,0.21078920364379883,0.2916291654109955
YJR129C,YJL139C,0,-0.04726672,0.0674552395939827,0.21078920364379883,0.2917291820049286
YJL129C,YLR419W,0,-0.047266986,0.0674336850643158,0.21078920364379883,0.2918291687965393
YML076C,YGL096W,0,-0.047355697,0.06741213798522949,0.21078920364379883,0.2919291853904724
YMR244C-A,YPR105C,0,-0.047358476,0.06739061325788498,0.21078920364379883,0.2920292019844055
YKL179C,YHL024W,0,-0.04740662,0.06736909598112106,0.21078920364379883,0.2921292185783386
YCR010C,YNR012W,0,-0.047588542,0.06734759360551834,0.21078920364379883,0.29222923517227173
YBR119W,YOR391C,0,-0.047606423,0.06732609868049622,0.21078920364379883,0.29232922196388245
YER075C,YNL154C,0,-0.04761018,0.06730462610721588,0.21078920364379883,0.29242923855781555
YOR109W,YCL027C-A,0,-0.047670618,0.06728316098451614,0.21078920364379883,0.29252925515174866
YML065W,YPL116W,0,-0.04778028,0.0672617182135582,0.21078920364379883,0.29262927174568176
YJL106W,YLR371W,0,-0.047827095,0.06724028289318085,0.21078920364379883,0.2927292585372925
YDR170W-A,YMR275C,0,-0.04795164,0.06721886247396469,0.21078920364379883,0.2928292751312256
YGR067C,YOR026W,0,-0.04800448,0.06719744950532913,0.21078920364379883,0.2929292917251587
YCR034W,YOL152W,0,-0.048051603,0.06717605888843536,0.21078920364379883,0.2930293083190918
YNL283C,YDR192C,1,-0.048059627,0.06747294962406158,0.21178820729255676,0.2930293083190918
YLR002C,YKR099C-A,0,-0.04822278,0.06745147705078125,0.21178820729255676,0.2931293249130249
YDL114W,YGL130W,0,-0.048249647,0.0674300268292427,0.21178820729255676,0.2932293117046356
YDL104C,YER153C,0,-0.04828576,0.06740858405828476,0.21178820729255676,0.2933293282985687
YJR025C,YLR002C,0,-0.048300706,0.067387156188488,0.21178820729255676,0.29342934489250183
YBR009C,YNL330C,0,-0.048316672,0.06736574321985245,0.21178820729255676,0.29352936148643494
YHR191C,YDR538W,0,-0.048451297,0.06734434515237808,0.21178820729255676,0.29362934827804565
YDR519W,YDR330W,0,-0.048461974,0.06732296198606491,0.21178820729255676,0.29372936487197876
YNL323W,YDL211C,0,-0.048497938,0.06730158627033234,0.21178820729255676,0.29382938146591187
YBR025C,YER159C,1,-0.048590325,0.06759759038686752,0.2127872109413147,0.29382938146591187
YOR334W,YNR038W,0,-0.04860241,0.06757614016532898,0.2127872109413147,0.29392939805984497
YNL311C,YDR427W,0,-0.04863071,0.06755471229553223,0.2127872109413147,0.2940294146537781
YLR372W,YOL116W,0,-0.04867836,0.06753329187631607,0.2127872109413147,0.2941294014453888
YOR007C,YOR008C,1,-0.048688307,0.06782884150743484,0.21378621459007263,0.2941294014453888
YNL064C,YOR008C,1,-0.04869532,0.0681242048740387,0.21478521823883057,0.2941294014453888
YHR035W,YCR077C,0,-0.048709832,0.06810262799263,0.21478521823883057,0.2942294180393219
YPL060W,YOR125C,0,-0.048730902,0.06808106601238251,0.21478521823883057,0.294329434633255
YPL089C,YPR075C,0,-0.04875523,0.0680595114827156,0.21478521823883057,0.2944294512271881
YCL075W,YGR208W,0,-0.04886152,0.0680379718542099,0.21478521823883057,0.2945294678211212
YPR173C,YMR105C,0,-0.048863158,0.06801644712686539,0.21478521823883057,0.29462945461273193
YDR142C,YER048C,0,-0.049087282,0.06799493730068207,0.21478521823883057,0.29472947120666504
YOL052C-A,YML007W,1,-0.049404204,0.06828960031270981,0.2157842218875885,0.29472947120666504
YBR084C-A,YGR218W,0,-0.04941136,0.06826801598072052,0.2157842218875885,0.29482948780059814
YHR064C,YGR009C,0,-0.049469337,0.06824644654989243,0.2157842218875885,0.29492950439453125
YPR041W,YML110C,0,-0.04951389,0.06822489202022552,0.2157842218875885,0.29502949118614197
YGL012W,YPL258C,0,-0.049632207,0.06820334494113922,0.2157842218875885,0.2951295077800751
YGR284C,YAL053W,0,-0.04963374,0.06818182021379471,0.2157842218875885,0.2952295243740082
YML104C,YMR022W,0,-0.049637415,0.06816030293703079,0.2157842218875885,0.2953295409679413
YHR108W,YDR168W,0,-0.049648006,0.06813880056142807,0.2157842218875885,0.2954295575618744
YLR335W,YOL053C-A,1,-0.049654946,0.06843267381191254,0.21678321063518524,0.2954295575618744
YDL145C,YFR031C-A,0,-0.049727976,0.06841109693050385,0.21678321063518524,0.2955295443534851
YGL073W,YDR258C,1,-0.049866647,0.06870469450950623,0.21778221428394318,0.2955295443534851
YBR241C,YMR236W,0,-0.04990831,0.06868305057287216,0.21778221428394318,0.2956295609474182
YMR322C,YDR434W,0,-0.049977373,0.0686614140868187,0.21778221428394318,0.2957295775413513
YGL012W,YHL004W,0,-0.049983926,0.06863979995250702,0.21778221428394318,0.2958295941352844
YJL020C,YER099C,0,-0.05012302,0.06861819326877594,0.21778221428394318,0.29592958092689514
YDL123W,YNR040W,0,-0.05013393,0.06859660148620605,0.21778221428394318,0.29602959752082825
YHR063C,YCL075W,0,-0.050183684,0.06857502460479736,0.21778221428394318,0.29612961411476135
YMR288W,YDR320C,0,-0.050257534,0.06855346262454987,0.21778221428394318,0.29622963070869446
YPL096C-A,YDR057W,0,-0.050326973,0.06853190809488297,0.21778221428394318,0.29632964730262756
YNL292W,YIL050W,0,-0.05033676,0.06851036846637726,0.21778221428394318,0.2964296340942383
YDR189W,YGL208W,0,-0.05033747,0.06848884373903275,0.21778221428394318,0.2965296506881714
YBR228W,YKL193C,0,-0.05036029,0.06846733391284943,0.21778221428394318,0.2966296672821045
YDL100C,YOR178C,1,-0.050386354,0.06875981390476227,0.2187812179327011,0.2966296672821045
YDR541C,YGL249W,0,-0.050473273,0.06873822957277298,0.2187812179327011,0.2967296838760376
YLR418C,YDR343C,0,-0.050560296,0.06871666014194489,0.2187812179327011,0.2968296706676483
YOR198C,YMR291W,0,-0.050563477,0.06869510561227798,0.2187812179327011,0.2969296872615814
YML129C,YBR258C,0,-0.050569013,0.06867356598377228,0.2187812179327011,0.2970297038555145
YER031C,YJL154C,0,-0.050576434,0.06865204125642776,0.2187812179327011,0.29712972044944763
YBL087C,YKL010C,0,-0.05067016,0.06863052397966385,0.2187812179327011,0.29722973704338074
YOL117W,YNL148C,0,-0.05067298,0.06860902160406113,0.2187812179327011,0.29732972383499146
YLR272C,YLR207W,0,-0.050693892,0.0685875341296196,0.2187812179327011,0.29742974042892456
YLR071C,YGR001C,0,-0.05074453,0.06856606155633926,0.2187812179327011,0.29752975702285767
YDR258C,YAR002W,1,-0.05081127,0.0688575878739357,0.21978022158145905,0.29752975702285767
YOR334W,YKR095W-A,0,-0.050843075,0.06883604824542999,0.21978022158145905,0.29762977361679077
YPL225W,YFL026W,0,-0.050904065,0.06881451606750488,0.21978022158145905,0.2977297604084015
YHR186C,YMR281W,0,-0.050991915,0.06879299879074097,0.21978022158145905,0.2978297770023346
YPL240C,YKR082W,1,-0.05103579,0.06908408552408218,0.22077922523021698,0.2978297770023346
YBL037W,YIL019W,0,-0.05111605,0.0690625011920929,0.22077922523021698,0.2979297935962677
YNR048W,YDR253C,0,-0.05111721,0.0690409243106842,0.22077922523021698,0.2980298101902008
YNR040W,YOL126C,0,-0.05119758,0.0690193623304367,0.22077922523021698,0.2981298267841339
YLL001W,YKL010C,0,-0.0512023,0.0689978152513504,0.22077922523021698,0.29822981357574463
YLR056W,YGL045W,0,-0.05123734,0.06897628307342529,0.22077922523021698,0.29832983016967773
YDR178W,YLL009C,0,-0.05126819,0.06895475834608078,0.22077922523021698,0.29842984676361084
YHR186C,YDR438W,0,-0.051269762,0.06893324851989746,0.22077922523021698,0.29852986335754395
YDR179C,YCL051W,0,-0.05128745,0.06891175359487534,0.22077922523021698,0.29862985014915466
YOR189W,YBR199W,0,-0.051299527,0.0688902735710144,0.22077922523021698,0.29872986674308777
YKR060W,YDR127W,0,-0.051331874,0.06886880844831467,0.22077922523021698,0.2988298833370209
YOR178C,YAL011W,0,-0.051346235,0.06884735077619553,0.22077922523021698,0.298929899930954
YPR054W,YPR164W,0,-0.05137081,0.06882590800523758,0.22077922523021698,0.2990299165248871
YBR008C,YPL152W,0,-0.05140075,0.06880448013544083,0.22077922523021698,0.2991299033164978
YFL008W,YFR024C,0,-0.051460374,0.06878306716680527,0.22077922523021698,0.2992299199104309
YER006W,YCR040W,0,-0.051512383,0.0687616690993309,0.22077922523021698,0.299329936504364
YMR055C,YOR068C,0,-0.051609203,0.06874027848243713,0.22077922523021698,0.2994299530982971
YLR337W,YMR283C,0,-0.05161328,0.06871890276670456,0.22077922523021698,0.29952993988990784
YHL008C,YPR073C,0,-0.051656038,0.06869754195213318,0.22077922523021698,0.29962995648384094
YKL024C,YDR206W,0,-0.051693007,0.06867619603872299,0.22077922523021698,0.29972997307777405
YCL075W,YMR139W,0,-0.051694736,0.068654865026474,0.22077922523021698,0.29982998967170715
YDR120C,YPR141C,0,-0.051781267,0.0686335414648056,0.22077922523021698,0.29993000626564026
YDR234W,YOL069W,0,-0.051883236,0.0686122328042984,0.22077922523021698,0.300029993057251
YOR007C,YER159C,1,-0.05190742,0.06890130043029785,0.22177822887897491,0.300029993057251
YLR220W,YEL016C,0,-0.051927127,0.06887992471456528,0.22177822887897491,0.3001300096511841
YLR066W,YCR077C,0,-0.051978976,0.0688585638999939,0.22177822887897491,0.3002300262451172
YOR008C,YER159C,1,-0.051998336,0.06914728879928589,0.22277721762657166,0.3002300262451172
YOR396W,YFL022C,0,-0.05200263,0.06912585347890854,0.22277721762657166,0.3003300428390503
YLR056W,YGR109C,0,-0.052002862,0.06910443305969238,0.22277721762657166,0.300430029630661
YPR108W,YDR349C,0,-0.052012205,0.06908302009105682,0.22277721762657166,0.3005300462245941
YLR188W,YOR127W,0,-0.052073166,0.06906162947416306,0.22277721762657166,0.3006300628185272
YGL120C,YLR460C,0,-0.052077714,0.06904024630784988,0.22277721762657166,0.3007300794124603
YBL045C,YDL112W,0,-0.052092213,0.0690188780426979,0.22277721762657166,0.30083009600639343
YDL126C,YML101C,0,-0.052144296,0.06899752467870712,0.22277721762657166,0.30093008279800415
YOR361C,YFR015C,0,-0.052180406,0.06897618621587753,0.22277721762657166,0.30103009939193726
YJL012C,YDR469W,0,-0.052268572,0.06895485520362854,0.22277721762657166,0.30113011598587036
YDL146W,YGL099W,0,-0.05230549,0.06893353909254074,0.22277721762657166,0.30123013257980347
YCR091W,YOR380W,0,-0.052345224,0.06891223788261414,0.22277721762657166,0.3013301193714142
YDL195W,YGL039W,0,-0.052362334,0.06889095157384872,0.22277721762657166,0.3014301359653473
YDL129W,YIR022W,0,-0.052377738,0.06886967271566391,0.22277721762657166,0.3015301525592804
YBL103C,YNL146W,0,-0.052432876,0.06884840875864029,0.22277721762657166,0.3016301691532135
YHR035W,YOL125W,0,-0.052435704,0.06882715970277786,0.22277721762657166,0.3017301857471466
YPL017C,YLR446W,0,-0.052479975,0.06880592554807663,0.22277721762657166,0.3018301725387573
YMR202W,YKL010C,0,-0.052575916,0.068784698843956,0.22277721762657166,0.30193018913269043
YDR055W,YKL196C,0,-0.052591443,0.06876348704099655,0.22277721762657166,0.30203020572662354
YIL040W,YIL009C-A,0,-0.05262339,0.0687422901391983,0.22277721762657166,0.30213022232055664
YGR029W,YCR017C,0,-0.05276608,0.06872110813856125,0.22277721762657166,0.30223020911216736
YOL003C,YGR280C,0,-0.052796856,0.06869994103908539,0.22277721762657166,0.30233022570610046
YNR019W,YLR109W,0,-0.052805826,0.06867878139019012,0.22277721762657166,0.30243024230003357
YDR155C,YJR095W,0,-0.05294402,0.06865763664245605,0.22277721762657166,0.3025302588939667
YJL138C,YLR004C,0,-0.05297538,0.06863650679588318,0.22277721762657166,0.3026302754878998
YKL127W,YMR161W,0,-0.052981637,0.0686153843998909,0.22277721762657166,0.3027302622795105
YDL099W,YGL208W,0,-0.053034246,0.06859427690505981,0.22277721762657166,0.3028302788734436
YDR348C,YMR014W,0,-0.053098675,0.06857318431138992,0.22277721762657166,0.3029302954673767
YML126C,YML072C,0,-0.053111464,0.06855210661888123,0.22277721762657166,0.3030303120613098
YDL119C,YLR135W,0,-0.053129338,0.06853103637695312,0.22277721762657166,0.30313029885292053
YIL018W,YLR064W,0,-0.05315797,0.06850998103618622,0.22277721762657166,0.30323031544685364
YMR004W,YGR142W,0,-0.053169742,0.0684889405965805,0.22277721762657166,0.30333033204078674
YIR014W,YHR073W,0,-0.053278923,0.06846791505813599,0.22277721762657166,0.30343034863471985
YPL061W,YER129W,0,-0.053359568,0.06844689697027206,0.22277721762657166,0.30353036522865295
YOR090C,YPR056W,0,-0.053382844,0.06842590123414993,0.22277721762657166,0.30363035202026367
YMR056C,YJR022W,0,-0.05340354,0.0684049054980278,0.22277721762657166,0.3037303686141968
YOR179C,YIR036C,0,-0.0534246,0.06838393211364746,0.22277721762657166,0.3038303852081299
YER006W,YER177W,0,-0.05352567,0.06836296617984772,0.22277721762657166,0.303930401802063
YEL013W,YOR256C,0,-0.053527176,0.06834201514720917,0.22277721762657166,0.3040303885936737
YJL115W,YFR040W,0,-0.05356884,0.06832107901573181,0.22277721762657166,0.3041304051876068
YAR044W,YKL155C,0,-0.053588554,0.06830015033483505,0.22277721762657166,0.3042304217815399
YOR266W,YHR140W,0,-0.05368665,0.06827924400568008,0.22277721762657166,0.304330438375473
YKL139W,YDR270W,0,-0.053745836,0.06825833767652512,0.22277721762657166,0.30443045496940613
YPL121C,YDR395W,0,-0.053760443,0.06823745369911194,0.22277721762657166,0.30453044176101685
YKL028W,YML131W,0,-0.053828232,0.06821657717227936,0.22277721762657166,0.30463045835494995
YPL123C,YBR189W,0,-0.053841483,0.06819571554660797,0.22277721762657166,0.30473047494888306
YDR382W,YMR237W,0,-0.053867955,0.06817486882209778,0.22277721762657166,0.30483049154281616
YBR273C,YHR165C,0,-0.05401835,0.06815403699874878,0.22277721762657166,0.3049304783344269
YLL016W,YJL008C,0,-0.054056905,0.06813321262598038,0.22277721762657166,0.30503049492836
YNR023W,YER106W,0,-0.054066673,0.06811240315437317,0.22277721762657166,0.3051305115222931
YBR240C,YGL160W,0,-0.054084435,0.06809160113334656,0.22277721762657166,0.3052305281162262
YML063W,YMR030W,0,-0.054085284,0.06807082146406174,0.22277721762657166,0.3053305447101593
YDL144C,YLL016W,0,-0.054126624,0.06805004924535751,0.22277721762657166,0.30543053150177
YER035W,YDL150W,0,-0.054410975,0.06802928447723389,0.22277721762657166,0.3055305480957031
YER093C,YBL046W,0,-0.054448638,0.06800854206085205,0.22277721762657166,0.30563056468963623
YJL050W,YNL323W,0,-0.054492474,0.06798780709505081,0.22277721762657166,0.30573058128356934
YDR397C,YBR025C,1,-0.05449566,0.06827186793088913,0.2237762212753296,0.30573058128356934
YGL231C,YGL227W,0,-0.05453992,0.06825106590986252,0.2237762212753296,0.30583059787750244
YKL152C,YBR065C,0,-0.054607756,0.0682302787899971,0.2237762212753296,0.30593058466911316
YDR361C,YGR277C,0,-0.054612793,0.06820949912071228,0.2237762212753296,0.30603060126304626
YML103C,YLR019W,1,-0.05465533,0.06849315017461777,0.22477522492408752,0.30603060126304626
YDL091C,YDR210W,0,-0.054711357,0.06847230345010757,0.22477522492408752,0.30613061785697937
YER029C,YDR477W,0,-0.054900333,0.06845147907733917,0.22477522492408752,0.3062306344509125
YPR061C,YIL056W,0,-0.05491983,0.06843065470457077,0.22477522492408752,0.3063306212425232
YKL008C,YNL064C,0,-0.05496768,0.06840985268354416,0.22477522492408752,0.3064306378364563
YPR046W,YDL195W,0,-0.054990083,0.06838905811309814,0.22477522492408752,0.3065306544303894
YIL082W-A,YDR117C,0,-0.055005323,0.06836827844381332,0.22477522492408752,0.3066306710243225
YCR106W,YBR200W,0,-0.05510235,0.0683475062251091,0.22477522492408752,0.3067306876182556
YHR092C,YLR064W,0,-0.05515916,0.06832675635814667,0.22477522492408752,0.30683067440986633
YPL209C,YOL120C,0,-0.05530551,0.06830601394176483,0.22477522492408752,0.30693069100379944
YGR266W,YKR067W,0,-0.055361483,0.06828527897596359,0.22477522492408752,0.30703070759773254
YCL005W-A,YDR318W,0,-0.05537612,0.06826456636190414,0.22477522492408752,0.30713072419166565
YJL186W,YPL020C,0,-0.05540493,0.06824386119842529,0.22477522492408752,0.30723071098327637
YGR054W,YPL203W,0,-0.0554287,0.06822316348552704,0.22477522492408752,0.3073307275772095
YEL001C,YHR072W,0,-0.05544751,0.06820248812437057,0.22477522492408752,0.3074307441711426
YLR410W,YLR086W,0,-0.055698425,0.06818182021379471,0.22477522492408752,0.3075307607650757
YMR261C,YML092C,0,-0.055709034,0.06816115975379944,0.22477522492408752,0.3076307773590088
YCL044C,YER099C,0,-0.05571198,0.06814052164554596,0.22477522492408752,0.3077307641506195
YCL066W,YBL066C,0,-0.05573713,0.06811989098787308,0.22477522492408752,0.3078307807445526
YML007W,YKR082W,1,-0.055771098,0.06840194016695023,0.22577422857284546,0.3078307807445526
YBR291C,YMR037C,0,-0.05597706,0.06838124245405197,0.22577422857284546,0.3079307973384857
YHR178W,YDR326C,0,-0.05623078,0.06836055964231491,0.22577422857284546,0.3080308139324188
YNR037C,YOL123W,0,-0.05629602,0.06833988428115845,0.22577422857284546,0.30813080072402954
YOR273C,YBL093C,0,-0.056518063,0.06831922382116318,0.22577422857284546,0.30823081731796265
YIL015W,YBR185C,0,-0.056544974,0.0682985782623291,0.22577422857284546,0.30833083391189575
YMR091C,YPL242C,0,-0.056554466,0.06827794760465622,0.22577422857284546,0.30843085050582886
YPL004C,YLR335W,1,-0.056558743,0.06855934858322144,0.2267732322216034,0.30843085050582886
YNL064C,YNL283C,1,-0.056578398,0.06884057819843292,0.22777222096920013,0.30843085050582886
YLL018C,YFL035C-B,0,-0.056729764,0.0688197985291481,0.22777222096920013,0.30853086709976196
YML133C,YLR450W,0,-0.056786515,0.06879903376102448,0.22777222096920013,0.3086308538913727
YGR103W,YPL161C,0,-0.05678819,0.06877828389406204,0.22777222096920013,0.3087308704853058
YDL100C,YLR019W,1,-0.056832597,0.0690591037273407,0.22877122461795807,0.3087308704853058
YFL016C,YMR263W,1,-0.056931414,0.06933976709842682,0.229770228266716,0.3087308704853058
YIL082W-A,YPL075W,0,-0.057022065,0.06931886821985245,0.229770228266716,0.3088308870792389
YLR292C,YJR108W,0,-0.05704154,0.06929798424243927,0.229770228266716,0.308930903673172
YGL201C,YIL040W,0,-0.057048917,0.06927710771560669,0.229770228266716,0.3090308904647827
YKR039W,YLR074C,0,-0.05717976,0.0692562460899353,0.229770228266716,0.3091309070587158
YPL108W,YNL047C,0,-0.057181776,0.06923539936542511,0.229770228266716,0.3092309236526489
YOR088W,YGL055W,0,-0.057209413,0.06921456754207611,0.229770228266716,0.30933094024658203
YBL093C,YPL040C,0,-0.05731076,0.06919374316930771,0.229770228266716,0.30943095684051514
YKR088C,YLL026W,0,-0.057459667,0.0691729336977005,0.229770228266716,0.30953094363212585
YNL091W,YDL049C,0,-0.05746743,0.06915213167667389,0.229770228266716,0.30963096022605896
YBR152W,YJL181W,0,-0.057476413,0.06913135200738907,0.229770228266716,0.30973097681999207
YKR007W,YHL016C,0,-0.057477728,0.06911057978868484,0.229770228266716,0.30983099341392517
YDL220C,YNR051C,0,-0.05748144,0.06908981502056122,0.229770228266716,0.3099309802055359
YOR022C,YLR337C,0,-0.0575631,0.06906907260417938,0.229770228266716,0.310030996799469
YBR056W,YBL046W,0,-0.05756578,0.06904833018779755,0.229770228266716,0.3101310133934021
YOR214C,YPL069C,0,-0.057605542,0.0690276101231575,0.229770228266716,0.3102310299873352
YLR364W,YHR120W,0,-0.05772087,0.06900689750909805,0.229770228266716,0.3103310465812683
YHR052W,YGL173C,0,-0.05774781,0.0689861997961998,0.229770228266716,0.31043103337287903
YML048W,YPR192W,0,-0.057767726,0.06896551698446274,0.229770228266716,0.31053104996681213
YGR054W,YBL022C,0,-0.057790156,0.06894484162330627,0.229770228266716,0.31063106656074524
YFR046C,YOL078W,0,-0.057815664,0.068924181163311,0.229770228266716,0.31073108315467834
YMR278W,YKL218C,0,-0.05782614,0.06890353560447693,0.229770228266716,0.31083106994628906
YML040W,YKL137W,0,-0.057857096,0.06888289749622345,0.229770228266716,0.31093108654022217
YAL041W,YIL022W,0,-0.057899453,0.06886227428913116,0.229770228266716,0.3110311031341553
YDR055W,YER094C,0,-0.05794996,0.06884166598320007,0.229770228266716,0.3111311197280884
YLR262C,YHR122W,0,-0.05795584,0.06882106512784958,0.229770228266716,0.3112311363220215
YJL167W,YGL161C,0,-0.058090374,0.06880047917366028,0.229770228266716,0.3113311231136322
YOL021C,YKL109W,0,-0.05814398,0.06877990067005157,0.229770228266716,0.3114311397075653
YAL007C,YLR337C,0,-0.058153994,0.06875934451818466,0.229770228266716,0.3115311563014984
YMR303C,YPL239W,0,-0.05827783,0.06873879581689835,0.229770228266716,0.3116311728954315
YMR135C,YJL099W,0,-0.05828038,0.06871825456619263,0.229770228266716,0.31173115968704224
YJL221C,YMR058W,0,-0.05831059,0.0686977282166481,0.229770228266716,0.31183117628097534
YMR101C,YOR065W,0,-0.058319464,0.06867721676826477,0.229770228266716,0.31193119287490845
YMR189W,YMR312W,0,-0.058374844,0.06865671277046204,0.229770228266716,0.31203120946884155
YKL057C,YKR082W,1,-0.05837577,0.06893464922904968,0.23076923191547394,0.31203120946884155
YER056C-A,YOR103C,0,-0.058453873,0.06891407817602158,0.23076923191547394,0.31213122606277466
YIL051C,YKL006C-A,0,-0.05853261,0.06889352947473526,0.23076923191547394,0.3122312128543854
YDR165W,YDR079C-A,0,-0.058540378,0.06887298822402954,0.23076923191547394,0.3123312294483185
YMR135C,YAL041W,0,-0.05862148,0.06885246187448502,0.23076923191547394,0.3124312460422516
YJL102W,YOL002C,0,-0.05864451,0.06883194297552109,0.23076923191547394,0.3125312626361847
YGL033W,YNR043W,0,-0.05870656,0.06881143897771835,0.23076923191547394,0.3126312494277954
YPL132W,YPL020C,0,-0.058717355,0.06879094988107681,0.23076923191547394,0.3127312660217285
YMR201C,YBR214W,0,-0.058721237,0.06877046823501587,0.23076923191547394,0.3128312826156616
YLR284C,YDR075W,0,-0.05891098,0.06875000149011612,0.23076923191547394,0.3129312992095947
YOR061W,YHR139C,0,-0.058943674,0.06872954219579697,0.23076923191547394,0.31303131580352783
YGR287C,YKL079W,0,-0.058969125,0.0687091052532196,0.23076923191547394,0.31313130259513855
YFL039C,YKR060W,0,-0.059035584,0.06868866831064224,0.23076923191547394,0.31323131918907166
YPL152W,YOR332W,0,-0.059107244,0.06866825371980667,0.23076923191547394,0.31333133578300476
YJL140W,YAR002W,1,-0.05912845,0.0689450204372406,0.23176823556423187,0.31333133578300476
YLL010C,YJR136C,1,-0.059212737,0.069221630692482,0.2327672392129898,0.31333133578300476
YGR059W,YNL268W,0,-0.059281476,0.06920106709003448,0.2327672392129898,0.31343135237693787
YJR068W,YCL033C,0,-0.059330583,0.06918052583932877,0.2327672392129898,0.3135313391685486
YGR266W,YDR025W,0,-0.0595488,0.06915998458862305,0.2327672392129898,0.3136313557624817
YGL064C,YPR148C,0,-0.059600264,0.06913946568965912,0.2327672392129898,0.3137313723564148
YGR082W,YFR024C,0,-0.05962715,0.06911895424127579,0.2327672392129898,0.3138313889503479
YDR522C,YJL157C,0,-0.059631046,0.06909845769405365,0.2327672392129898,0.313931405544281
YNL098C,YBR200W,0,-0.059663527,0.06907796859741211,0.2327672392129898,0.3140313923358917
YPL009C,YLR433C,0,-0.059694916,0.06905750185251236,0.2327672392129898,0.31413140892982483
YPL057C,YIL084C,0,-0.059862383,0.06903703510761261,0.2327672392129898,0.31423142552375793
YLL062C,YPL248C,0,-0.059948735,0.06901659071445465,0.2327672392129898,0.31433144211769104
YOR150W,YGL151W,0,-0.05995871,0.06899615377187729,0.2327672392129898,0.31443142890930176
YDL108W,YHR024C,0,-0.06000521,0.06897572427988052,0.2327672392129898,0.31453144550323486
YJR120W,YGL231C,0,-0.06001518,0.06895530968904495,0.2327672392129898,0.31463146209716797
YOR001W,YDR197W,0,-0.060109347,0.06893490999937057,0.2327672392129898,0.3147314786911011
YOL123W,YMR302C,0,-0.060116008,0.06891452521085739,0.2327672392129898,0.3148314952850342
YNL036W,YLR135W,0,-0.060208738,0.0688941478729248,0.2327672392129898,0.3149314820766449
YDR468C,YOR057W,0,-0.0602161,0.06887377798557281,0.2327672392129898,0.315031498670578
YPL123C,YDR248C,0,-0.060236562,0.06885343044996262,0.2327672392129898,0.3151315152645111
YLL018C-A,YKR098C,0,-0.06027978,0.06883309036493301,0.2327672392129898,0.3152315318584442
YDR397C,YMR186W,1,-0.06028749,0.06910809129476547,0.23376622796058655,0.3152315318584442
YIL004C,YNL287W,0,-0.060393095,0.0690876916050911,0.23376622796058655,0.31533151865005493
YDR162C,YER042W,0,-0.060438022,0.06906729936599731,0.23376622796058655,0.31543153524398804
YKL002W,YFL050C,0,-0.06044534,0.06904691457748413,0.23376622796058655,0.31553155183792114
YNL191W,YBR146W,0,-0.060468093,0.06902655214071274,0.23376622796058655,0.31563156843185425
YIL091C,YDL119C,0,-0.060479954,0.06900618970394135,0.23376622796058655,0.31573158502578735
YPL005W,YGL181W,0,-0.060486287,0.06898584961891174,0.23376622796058655,0.31583157181739807
YHR139C,YAL003W,0,-0.060617913,0.06896551698446274,0.23376622796058655,0.3159315884113312
YDR300C,YOL132W,0,-0.060636718,0.06894519925117493,0.23376622796058655,0.3160316050052643
YGL097W,YDL210W,0,-0.06063795,0.06892488896846771,0.23376622796058655,0.3161316215991974
YML070W,YHR141C,0,-0.060666323,0.06890459358692169,0.23376622796058655,0.3162316083908081
YNL035C,YLR167W,0,-0.060709596,0.06888431310653687,0.23376622796058655,0.3163316249847412
YNL051W,YOR244W,0,-0.060800776,0.06886404007673264,0.23376622796058655,0.3164316415786743
YOR115C,YJR015W,0,-0.06080908,0.068843774497509,0.23376622796058655,0.3165316581726074
YPR005C,YOR207C,0,-0.06091375,0.06882353127002716,0.23376622796058655,0.3166316747665405
YDR495C,YCR063W,0,-0.060927793,0.06880329549312592,0.23376622796058655,0.31673166155815125
YOL075C,YMR024W,0,-0.06097191,0.06878306716680527,0.23376622796058655,0.31683167815208435
YOL071W,YPL133C,0,-0.06098871,0.06876285374164581,0.23376622796058655,0.31693169474601746
YCL064C,YGR109W-A,0,-0.061014194,0.06874265521764755,0.23376622796058655,0.31703171133995056
YLR356W,YMR071C,0,-0.061054293,0.06872246414422989,0.23376622796058655,0.31713172793388367
YDR016C,YMR171C,0,-0.061194405,0.06870228797197342,0.23376622796058655,0.3172317147254944
YDR338C,YDL079C,0,-0.061200365,0.06868212670087814,0.23376622796058655,0.3173317313194275
YMR226C,YBR112C,0,-0.06129614,0.06866197288036346,0.23376622796058655,0.3174317479133606
YOL109W,YER149C,0,-0.061303437,0.06864183396100998,0.23376622796058655,0.3175317645072937
YFL031W,YER109C,0,-0.06131047,0.06862170249223709,0.23376622796058655,0.3176317512989044
YLL001W,YIL103W,0,-0.06138006,0.0686015859246254,0.23376622796058655,0.3177317678928375
YBR072W,YNL123W,1,-0.06151195,0.06887456029653549,0.23476523160934448,0.3177317678928375
YML043C,YAR042W,0,-0.06157063,0.06885437667369843,0.23476523160934448,0.31783178448677063
YIR031C,YPL015C,0,-0.061652005,0.06883421540260315,0.23476523160934448,0.31793180108070374
YNL116W,YMR202W,0,-0.061671272,0.06881405413150787,0.23476523160934448,0.31803181767463684
YEL001C,YHR084W,0,-0.06171135,0.06879390776157379,0.23476523160934448,0.31813180446624756
YEL055C,YER012W,0,-0.06172967,0.0687737762928009,0.23476523160934448,0.31823182106018066
YOR101W,YOL098C,0,-0.061785266,0.06875365972518921,0.23476523160934448,0.31833183765411377
YBR204C,YPL179W,0,-0.061820228,0.06873355060815811,0.23476523160934448,0.3184318542480469
YNL315C,YOR109W,0,-0.06187047,0.06871344894170761,0.23476523160934448,0.3185318410396576
YNL097C,YNL111C,0,-0.061891582,0.0686933621764183,0.23476523160934448,0.3186318576335907
YBR228W,YMR026C,0,-0.062085897,0.06867329031229019,0.23476523160934448,0.3187318742275238
YNR032C-A,YBR290W,0,-0.062093034,0.06865322589874268,0.23476523160934448,0.3188318908214569
YGL093W,YGL049C,0,-0.062104598,0.06863317638635635,0.23476523160934448,0.31893190741539
YGR049W,YAL025C,0,-0.06213373,0.06861314177513123,0.23476523160934448,0.31903189420700073
YBR103W,YDR528W,0,-0.06215772,0.0685931146144867,0.23476523160934448,0.31913191080093384
YJR067C,YGL195W,0,-0.062165856,0.06857309490442276,0.23476523160934448,0.31923192739486694
YOR091W,YBR233W-A,0,-0.06229289,0.06855309009552002,0.23476523160934448,0.31933194398880005
YBR126C,YMR263W,1,-0.06229782,0.06882473081350327,0.23576423525810242,0.31933194398880005
YOL077C,YPL187W,0,-0.062310934,0.06880466639995575,0.23576423525810242,0.31943193078041077
YGR060W,YKL063C,0,-0.062433228,0.06878460943698883,0.23576423525810242,0.31953194737434387
YOR373W,YNL242W,0,-0.06243422,0.0687645673751831,0.23576423525810242,0.319631963968277
YPL066W,YKL163W,0,-0.0625123,0.06874454021453857,0.23576423525810242,0.3197319805622101
YLL054C,YKL137W,0,-0.06277679,0.06872452050447464,0.23576423525810242,0.3198319971561432
YNL244C,YER106W,0,-0.062848836,0.0687045156955719,0.23576423525810242,0.3199319839477539
YDR168W,YMR047C,0,-0.06288253,0.06868451833724976,0.23576423525810242,0.320032000541687
YLR373C,YGL105W,0,-0.062945135,0.0686645358800888,0.23576423525810242,0.3201320171356201
YMR083W,YHR134W,0,-0.06301187,0.06864456087350845,0.23576423525810242,0.3202320337295532
YDR280W,YHR033W,0,-0.06313726,0.0686246007680893,0.23576423525810242,0.32033202052116394
YML063W,YCL011C,0,-0.06318314,0.06860464811325073,0.23576423525810242,0.32043203711509705
YER054C,YPL058C,0,-0.06322163,0.06858471035957336,0.23576423525810242,0.32053205370903015
YBR050C,YER062C,0,-0.06325616,0.06856478750705719,0.23576423525810242,0.32063207030296326
YAL059W,YMR236W,0,-0.06327951,0.06854487210512161,0.23576423525810242,0.32073208689689636
YDR006C,YIL110W,0,-0.06329068,0.06852497160434723,0.23576423525810242,0.3208320736885071
YBR216C,YGR241C,0,-0.06339444,0.06850507855415344,0.23576423525810242,0.3209320902824402
YMR070W,YNL082W,0,-0.063564435,0.06848520040512085,0.23576423525810242,0.3210321068763733
YLL010C,YLR019W,1,-0.06362142,0.06875544041395187,0.23676323890686035,0.3210321068763733
YBR280C,YKR065C,0,-0.06362198,0.06873549520969391,0.23676323890686035,0.3211321234703064
YOR173W,YOR312C,0,-0.063651636,0.06871557235717773,0.23676323890686035,0.3212321102619171
YOR262W,YKL141W,0,-0.063675076,0.06869564950466156,0.23676323890686035,0.3213321268558502
YDR060W,YGL153W,0,-0.06379767,0.06867574900388718,0.23676323890686035,0.3214321434497833
YBL002W,YHR032W,0,-0.06382421,0.06865584850311279,0.23676323890686035,0.32153216004371643
YDL100C,YAR002W,1,-0.06388104,0.06892557442188263,0.2377622425556183,0.32153216004371643
YJL036W,YLR045C,0,-0.063925005,0.06890561431646347,0.2377622425556183,0.32163217663764954
YDR376W,YDR270W,0,-0.06393027,0.0688856765627861,0.2377622425556183,0.32173216342926025
YPR055W,YLR327C,0,-0.06399143,0.06886573880910873,0.2377622425556183,0.32183218002319336
YEL061C,YDL109C,0,-0.06405623,0.06884582340717316,0.2377622425556183,0.32193219661712646
YNL103W,YHR166C,0,-0.064120695,0.06882590800523758,0.2377622425556183,0.32203221321105957
YNL083W,YOL002C,0,-0.06415509,0.06880601495504379,0.2377622425556183,0.3221322000026703
YEL013W,YBL035C,0,-0.06421009,0.0687861293554306,0.2377622425556183,0.3222322165966034
YMR023C,YDR477W,0,-0.06423614,0.06876625120639801,0.2377622425556183,0.3223322331905365
YKL088W,YER179W,0,-0.06430077,0.06874638795852661,0.2377622425556183,0.3224322497844696
YIR031C,YIL067C,0,-0.06449671,0.0687265396118164,0.2377622425556183,0.3225322663784027
YPL158C,YKR065C,0,-0.064570874,0.0687066987156868,0.2377622425556183,0.3226322531700134
YKL088W,YHR026W,0,-0.06458172,0.06868686527013779,0.2377622425556183,0.32273226976394653
YLL053C,YJR054W,0,-0.06461376,0.06866705417633057,0.2377622425556183,0.32283228635787964
YNR046W,YDR046C,0,-0.06463605,0.06864724308252335,0.2377622425556183,0.32293230295181274
YDR155C,YGR001C,0,-0.06465253,0.06862745434045792,0.2377622425556183,0.32303228974342346
YER107C,YLL026W,1,-0.06480096,0.06889593601226807,0.23876124620437622,0.32303228974342346
YNL062C,YDR143C,0,-0.06481838,0.06887608021497726,0.23876124620437622,0.32313230633735657
YML082W,YDR150W,0,-0.064837284,0.06885623931884766,0.23876124620437622,0.3232323229312897
YIR031C,YOR195W,0,-0.0648579,0.06883640587329865,0.23876124620437622,0.3233323395252228
YHR204W,YDL010W,0,-0.06509347,0.06881658732891083,0.23876124620437622,0.3234323561191559
YHR188C,YLL066C,0,-0.06509891,0.06879677623510361,0.23876124620437622,0.3235323429107666
YGL012W,YKL010C,0,-0.06514938,0.06877698004245758,0.23876124620437622,0.3236323595046997
YNL300W,YDL031W,0,-0.06516106,0.06875719130039215,0.23876124620437622,0.3237323760986328
YBR084C-A,YHL032C,0,-0.065569,0.06873741745948792,0.23876124620437622,0.3238323926925659
YGL073W,YHL028W,1,-0.065592825,0.06900517642498016,0.23976023495197296,0.3238323926925659
YMR192W,YMR277W,0,-0.0656092,0.06898534297943115,0.23976023495197296,0.32393237948417664
YOR150W,YHR160C,0,-0.06561643,0.06896551698446274,0.23976023495197296,0.32403239607810974
YGR047C,YDR116C,0,-0.06567357,0.06894570589065552,0.23976023495197296,0.32413241267204285
YDL008W,YGL006W,0,-0.06569477,0.0689259022474289,0.23976023495197296,0.32423242926597595
YNL241C,YPL281C,0,-0.06581449,0.06890611350536346,0.23976023495197296,0.32433244585990906
YDL180W,YLR138W,0,-0.06582469,0.06888633966445923,0.23976023495197296,0.3244324326515198
YOR014W,YIL075C,0,-0.065866694,0.06886657327413559,0.23976023495197296,0.3245324492454529
YKR081C,YGL173C,0,-0.06587596,0.06884681433439255,0.23976023495197296,0.324632465839386
YCL066W,YDR531W,0,-0.06590752,0.0688270702958107,0.23976023495197296,0.3247324824333191
YGR257C,YMR285C,0,-0.06591599,0.06880734115839005,0.23976023495197296,0.3248324692249298
YNL002C,YKL134C,0,-0.06593686,0.06878761947154999,0.23976023495197296,0.3249324858188629
YNL177C,YER071C,0,-0.06600432,0.06876790523529053,0.23976023495197296,0.325032502412796
YNL124W,YJL121C,0,-0.06605592,0.06874821335077286,0.23976023495197296,0.3251325190067291
YDL231C,YKL025C,0,-0.06615217,0.06872852146625519,0.23976023495197296,0.32523253560066223
YPR175W,YGL127C,0,-0.066240504,0.06870884448289871,0.23976023495197296,0.32533252239227295
YMR165C,YER042W,0,-0.06625085,0.06868918240070343,0.23976023495197296,0.32543253898620605
YMR037C,YDL088C,1,-0.066314995,0.06895565241575241,0.2407592386007309,0.32543253898620605
YCR016W,YPR168W,0,-0.06631712,0.06893592327833176,0.2407592386007309,0.32553255558013916
YER051W,YNL113W,0,-0.066327296,0.0689162164926529,0.2407592386007309,0.32563257217407227
YIL138C,YJL113W,0,-0.06635495,0.06889650970697403,0.2407592386007309,0.325732558965683
YBR101C,YPL117C,0,-0.0663655,0.06887682527303696,0.2407592386007309,0.3258325755596161
YJL221C,YLR381W,0,-0.0664188,0.06885714083909988,0.2407592386007309,0.3259325921535492
YDR014W,YBL087C,0,-0.06649745,0.068837471306324,0.2407592386007309,0.3260326087474823
YNL007C,YOL105C,1,-0.06650746,0.06910336762666702,0.24175824224948883,0.3260326087474823
YDR314C,YHR001W,0,-0.06664216,0.06908364593982697,0.24175824224948883,0.3261326253414154
YNL083W,YDR311W,0,-0.0666693,0.06906392425298691,0.24175824224948883,0.3262326121330261
YDR307W,YBL050W,0,-0.06672327,0.06904422491788864,0.24175824224948883,0.32633262872695923
YOR358W,YBR135W,0,-0.066754326,0.06902453303337097,0.24175824224948883,0.32643264532089233
YLR450W,YJR117W,0,-0.06678683,0.0690048485994339,0.24175824224948883,0.32653266191482544
YDR397C,YNL123W,1,-0.06680678,0.06927023828029633,0.24275724589824677,0.32653266191482544
YDL116W,YOR178C,1,-0.06682184,0.06953547894954681,0.2437562495470047,0.32653266191482544
YMR135C,YLR066W,0,-0.066833496,0.0695156678557396,0.2437562495470047,0.32663264870643616
YOL003C,YIL022W,0,-0.06687449,0.06949587166309357,0.2437562495470047,0.32673266530036926
YMR158W,YAL013W,0,-0.067112006,0.06947608292102814,0.2437562495470047,0.32683268189430237
YER172C,YGL020C,0,-0.067223385,0.0694563016295433,0.2437562495470047,0.3269326984882355
YGR249W,YJR121W,0,-0.067323975,0.06943654268980026,0.2437562495470047,0.3270327150821686
YLR313C,YBR299W,0,-0.067356594,0.06941678375005722,0.2437562495470047,0.3271327018737793
YKL208W,YDL207W,0,-0.067412175,0.06939703971147537,0.2437562495470047,0.3272327184677124
YCL045C,YIR033W,0,-0.06742855,0.06937731057405472,0.2437562495470047,0.3273327350616455
YJL118W,YMR101C,0,-0.0675491,0.06935758888721466,0.2437562495470047,0.3274327516555786
YJL108C,YMR017W,0,-0.06766072,0.0693378821015358,0.2437562495470047,0.32753273844718933
YCR081W,YKR096W,0,-0.067663506,0.06931818276643753,0.2437562495470047,0.32763275504112244
YJL157C,YNL243W,0,-0.06780663,0.06929849833250046,0.2437562495470047,0.32773277163505554
YOR358W,YPL193W,0,-0.067813754,0.06927882134914398,0.2437562495470047,0.32783278822898865
YDR122W,YBR034C,0,-0.06783509,0.0692591518163681,0.2437562495470047,0.32793280482292175
YOR240W,YIL015W,0,-0.06785278,0.06923949718475342,0.2437562495470047,0.32803279161453247
YPL265W,YPL086C,0,-0.06788175,0.06921985745429993,0.2437562495470047,0.3281328082084656
YHR039C-B,YPL085W,0,-0.067908436,0.06920022517442703,0.2437562495470047,0.3282328248023987
YMR215W,YEL044W,0,-0.06792323,0.06918060779571533,0.2437562495470047,0.3283328413963318
YIL062C,YPR063C,0,-0.06792829,0.06916099786758423,0.2437562495470047,0.3284328579902649
YOR255W,YOL092W,0,-0.06796941,0.06914140284061432,0.2437562495470047,0.3285328447818756
YMR288W,YBR012W-B,0,-0.06800774,0.069121815264225,0.2437562495470047,0.3286328613758087
YNL293W,YER127W,0,-0.068029776,0.06910223513841629,0.2437562495470047,0.3287328779697418
YDL110C,YLR007W,0,-0.06807998,0.06908266991376877,0.2437562495470047,0.3288328945636749
YKL046C,YHR045W,0,-0.06814031,0.06906311959028244,0.2437562495470047,0.32893288135528564
YML107C,YAL009W,0,-0.06818339,0.06904357671737671,0.2437562495470047,0.32903289794921875
YLR023C,YPR164W,0,-0.068187565,0.06902404874563217,0.2437562495470047,0.32913291454315186
YDL085W,YJL159W,0,-0.06819691,0.06900452822446823,0.2437562495470047,0.32923293113708496
YNL180C,YOR244W,0,-0.06821565,0.06898501515388489,0.2437562495470047,0.32933294773101807
YBL105C,YGL011C,0,-0.0682436,0.06896551698446274,0.2437562495470047,0.3294329345226288
YOR361C,YMR275C,0,-0.068311565,0.06894602626562119,0.2437562495470047,0.3295329511165619
YOR124C,YKL063C,0,-0.0684343,0.06892655044794083,0.2437562495470047,0.329632967710495
YJR113C,YCR017C,0,-0.06846498,0.06890708953142166,0.2437562495470047,0.3297329843044281
YER107C,YGL073W,1,-0.06849902,0.06916996091604233,0.24475523829460144,0.3297329843044281
YML077W,YLR347C,0,-0.06850931,0.06915044039487839,0.24475523829460144,0.3298329710960388
YJR159W,YBR301W,0,-0.06863776,0.06913092732429504,0.24475523829460144,0.3299329876899719
YOR236W,YNL030W,0,-0.068673804,0.0691114217042923,0.24475523829460144,0.33003300428390503
YDR452W,YNL246W,0,-0.068773344,0.06909193098545074,0.24475523829460144,0.33013302087783813
YMR072W,YGL085W,0,-0.06878958,0.06907245516777039,0.24475523829460144,0.33023303747177124
YBR234C,YDR434W,0,-0.06879282,0.06905298680067062,0.24475523829460144,0.33033302426338196
YBL103C,YOR069W,0,-0.068795085,0.06903353333473206,0.24475523829460144,0.33043304085731506
YNL097C,YER111C,1,-0.068893835,0.06929577142000198,0.24575424194335938,0.33043304085731506
YGL093W,YHR141C,0,-0.06894029,0.06927625834941864,0.24575424194335938,0.33053305745124817
YPL135W,YCR063W,0,-0.06896219,0.06925676017999649,0.24575424194335938,0.3306330740451813
YHR153C,YOL084W,0,-0.06909812,0.06923726201057434,0.24575424194335938,0.330733060836792
YPL004C,YML007W,1,-0.06912874,0.06949915736913681,0.2467532455921173,0.330733060836792
YDR338C,YAL012W,0,-0.069251396,0.06947960704565048,0.2467532455921173,0.3308330774307251
YLR376C,YIL156W,0,-0.06927106,0.06946006417274475,0.2467532455921173,0.3309330940246582
YDL155W,YDR540C,0,-0.06944718,0.06944053620100021,0.2467532455921173,0.3310331106185913
YPL108W,YDR528W,0,-0.06946876,0.06942102313041687,0.2467532455921173,0.3311331272125244
YNL176C,YKL199C,0,-0.06951244,0.06940151751041412,0.2467532455921173,0.33123311400413513
YBR268W,YKL173W,0,-0.06960051,0.06938201934099197,0.2467532455921173,0.33133313059806824
YML012W,YBR213W,0,-0.06962897,0.06936253607273102,0.2467532455921173,0.33143314719200134
YGL213C,YDR484W,0,-0.069634855,0.06934306770563126,0.2467532455921173,0.33153316378593445
YER133W,YAL013W,1,-0.0697137,0.06960426270961761,0.24775224924087524,0.33153316378593445
YML103C,YNL283C,1,-0.06973308,0.06986531615257263,0.24875125288963318,0.33153316378593445
YBR286W,YAL034W-A,0,-0.06976805,0.06984572112560272,0.24875125288963318,0.33163315057754517
YLR154C,YJR029W,0,-0.0697825,0.06982613354921341,0.24875125288963318,0.33173316717147827
YKL060C,YPL063W,0,-0.06983239,0.06980656087398529,0.24875125288963318,0.3318331837654114
YLR117C,YLR256W,0,-0.06984714,0.06978699564933777,0.24875125288963318,0.3319332003593445
YDR400W,YLL035W,0,-0.06987712,0.06976744532585144,0.24875125288963318,0.3320332169532776
YHR019C,YGL206C,0,-0.06992521,0.06974790245294571,0.24875125288963318,0.3321332037448883
YKL181W,YPL189C-A,0,-0.06998199,0.06972836703062057,0.24875125288963318,0.3322332203388214
YJL102W,YBR021W,0,-0.06998326,0.06970884650945663,0.24875125288963318,0.3323332369327545
YOR330C,YGR007W,0,-0.06999716,0.06968933343887329,0.24875125288963318,0.3324332535266876
YOR241W,YMR291W,0,-0.070194796,0.06966983526945114,0.24875125288963318,0.33253324031829834
YJR066W,YER159C,1,-0.07020016,0.0699300691485405,0.2497502565383911,0.33253324031829834
YDR251W,YER032W,0,-0.070237115,0.06991051137447357,0.2497502565383911,0.33263325691223145
YHR064C,YDL174C,0,-0.0702853,0.06989096850156784,0.2497502565383911,0.33273327350616455
YIL069C,YOL138C,0,-0.070292234,0.0698714330792427,0.2497502565383911,0.33283329010009766
YHR118C,YKL073W,0,-0.0703219,0.06985191255807877,0.2497502565383911,0.33293330669403076
YLR439W,YHR167W,0,-0.07035768,0.06983239948749542,0.2497502565383911,0.3330332934856415
YPL115C,YER071C,0,-0.070380464,0.06981290131807327,0.2497502565383911,0.3331333100795746
YBR073W,YOR087W,0,-0.07044842,0.06979341059923172,0.2497502565383911,0.3332333266735077
YER120W,YDL159W,0,-0.0704498,0.06977393478155136,0.2497502565383911,0.3333333432674408
YKL096W,YCR073C,0,-0.0705284,0.0697544664144516,0.2497502565383911,0.3334333300590515
YNL161W,YGL198W,0,-0.07056068,0.06973500549793243,0.2497502565383911,0.3335333466529846
YNL007C,YJR066W,1,-0.07067008,0.06999441981315613,0.25074926018714905,0.3335333466529846
YDR367W,YDL159W,0,-0.07069022,0.06997490674257278,0.25074926018714905,0.3336333632469177
YHR139C,YBR112C,0,-0.070701405,0.06995540857315063,0.25074926018714905,0.33373337984085083
YLR060W,YML085C,0,-0.070793435,0.06993591785430908,0.25074926018714905,0.33383339643478394
YKL062W,YDL194W,0,-0.070822656,0.06991643458604813,0.25074926018714905,0.33393338322639465
YDL144C,YBL005W-A,0,-0.07084912,0.06989696621894836,0.25074926018714905,0.33403339982032776
YDR479C,YBR161W,0,-0.07086284,0.0698775053024292,0.25074926018714905,0.33413341641426086
YDR147W,YKL158W,0,-0.07088028,0.06985805928707123,0.25074926018714905,0.33423343300819397
YDR252W,YBR036C,0,-0.070897095,0.06983862072229385,0.25074926018714905,0.3343334197998047
YHL017W,YOR080W,0,-0.07094001,0.06981918960809708,0.25074926018714905,0.3344334363937378
YOL071W,YDL046W,0,-0.07103082,0.06979978084564209,0.25074926018714905,0.3345334529876709
YBR186W,YDL110C,0,-0.07103397,0.0697803720831871,0.25074926018714905,0.334633469581604
YGR165W,YKL040C,0,-0.071062945,0.06976097822189331,0.25074926018714905,0.3347334861755371
YDL058W,YBR139W,0,-0.07114091,0.06974159181118011,0.25074926018714905,0.3348334729671478
YDR441C,YGR009C,0,-0.07114433,0.06972222030162811,0.25074926018714905,0.33493348956108093
YGL005C,YOR153W,0,-0.07121727,0.0697028636932373,0.25074926018714905,0.33503350615501404
YDL064W,YOR369C,0,-0.071225464,0.0696835070848465,0.25074926018714905,0.33513352274894714
YFL061W,YOR158W,0,-0.071231574,0.06966416537761688,0.25074926018714905,0.33523350954055786
YIL064W,YBL071W-A,0,-0.071318924,0.06964483857154846,0.25074926018714905,0.33533352613449097
YOR205C,YIL155C,0,-0.07134895,0.06962551921606064,0.25074926018714905,0.3354335427284241
YPR007C,YJL133W,0,-0.07137363,0.06960621476173401,0.25074926018714905,0.3355335593223572
YOR001W,YDR248C,0,-0.07138859,0.06958691775798798,0.25074926018714905,0.3356335759162903
YLR196W,YER039C,0,-0.07144396,0.06956762820482254,0.25074926018714905,0.335733562707901
YNL064C,YOL053C-A,1,-0.07152447,0.0698254331946373,0.251748263835907,0.335733562707901
YDR487C,YLR424W,0,-0.07156482,0.06980609148740768,0.251748263835907,0.3358335793018341
YDR214W,YDR166C,0,-0.0715889,0.06978676468133926,0.251748263835907,0.3359335958957672
YER004W,YOR002W,0,-0.07163611,0.06976744532585144,0.251748263835907,0.3360336124897003
YGL240W,YJL052W,0,-0.07169555,0.06974813342094421,0.251748263835907,0.33613359928131104
YKR013W,YAL008W,0,-0.071715795,0.06972882896661758,0.251748263835907,0.33623361587524414
YMR106C,YIL085C,0,-0.071717784,0.06970954686403275,0.251748263835907,0.33633363246917725
YDR192C,YBR025C,1,-0.07179302,0.06996681541204453,0.2527472674846649,0.33633363246917725
YNL064C,YDR074W,1,-0.071827024,0.07022394239902496,0.25374624133110046,0.33633363246917725
YFR005C,YNL216W,0,-0.07196891,0.07020453363656998,0.25374624133110046,0.33643364906311035
YDL116W,YLR019W,1,-0.07197505,0.0704614520072937,0.2547452449798584,0.33643364906311035
YDR236C,YDL087C,0,-0.071988314,0.07044199109077454,0.2547452449798584,0.33653366565704346
YMR274C,YDL017W,0,-0.0720008,0.07042253762483597,0.2547452449798584,0.3366336524486542
YBR218C,YDR202C,0,-0.072005734,0.070403091609478,0.2547452449798584,0.3367336690425873
YOR101W,YPR141C,0,-0.07201534,0.07038366049528122,0.2547452449798584,0.3368336856365204
YHR033W,YDR267C,0,-0.072060585,0.07036423683166504,0.2547452449798584,0.3369337022304535
YLR237W,YJL021C,0,-0.0722375,0.07034482806921005,0.2547452449798584,0.3370336890220642
YOR004W,YMR220W,0,-0.07224437,0.07032542675733566,0.2547452449798584,0.3371337056159973
YHR108W,YKR022C,0,-0.07226554,0.07030604034662247,0.2547452449798584,0.3372337222099304
YLR188W,YPL009C,0,-0.072285086,0.07028666138648987,0.2547452449798584,0.3373337388038635
YDL116W,YNL123W,1,-0.07233817,0.0705428496003151,0.25574424862861633,0.3373337388038635
YBR104W,YMR134W,0,-0.072347365,0.07052341848611832,0.25574424862861633,0.33743375539779663
YNL291C,YBL007C,0,-0.07234799,0.07050399482250214,0.25574424862861633,0.33753374218940735
YER122C,YKL137W,0,-0.07242459,0.07048457860946655,0.25574424862861633,0.33763375878334045
YLR459W,YNL176C,0,-0.07251993,0.07046517729759216,0.25574424862861633,0.33773377537727356
YKL176C,YML116W,0,-0.072563484,0.07044579088687897,0.25574424862861633,0.33783379197120667
YOL086W-A,YJR022W,0,-0.072629035,0.07042641192674637,0.25574424862861633,0.3379337787628174
YBR084C-A,YKL089W,0,-0.07263599,0.07040704041719437,0.25574424862861633,0.3380337953567505
YPR151C,YER025W,0,-0.072706796,0.07038768380880356,0.25574424862861633,0.3381338119506836
YBR040W,YKL198C,0,-0.072710365,0.07036833465099335,0.25574424862861633,0.3382338285446167
YHR142W,YBR041W,0,-0.07284914,0.07034900039434433,0.25574424862861633,0.3383338451385498
YOR308C,YPL120W,0,-0.07286829,0.07032967358827591,0.25574424862861633,0.3384338319301605
YJL157C,YOR175C,0,-0.073003836,0.07031035423278809,0.25574424862861633,0.33853384852409363
YOR207C,YPR181C,0,-0.07305313,0.07029104977846146,0.25574424862861633,0.33863386511802673
YMR236W,YMR012W,0,-0.07308797,0.07027175277471542,0.25574424862861633,0.33873388171195984
YML104C,YJR117W,0,-0.07312149,0.07025247067213058,0.25574424862861633,0.33883386850357056
YPL270W,YOR077W,0,-0.0731688,0.07023319602012634,0.25574424862861633,0.33893388509750366
YHR178W,YEL020W-A,0,-0.0731989,0.0702139362692833,0.25574424862861633,0.33903390169143677
YBR103W,YLR423C,0,-0.07325812,0.07019468396902084,0.25574424862861633,0.3391339182853699
YJR098C,YMR128W,0,-0.07330713,0.07017543911933899,0.25574424862861633,0.339233934879303
YNL046W,YKR007W,0,-0.073332846,0.07015620917081833,0.25574424862861633,0.3393339216709137
YDL046W,YGL133W,0,-0.073642485,0.07013698667287827,0.25574424862861633,0.3394339382648468
YER074W-A,YOR087W,0,-0.073665574,0.0701177790760994,0.25574424862861633,0.3395339548587799
YBL039C,YPR192W,0,-0.07369952,0.07009857892990112,0.25574424862861633,0.339633971452713
YOR347C,YOR374W,0,-0.07374725,0.07007938623428345,0.25574424862861633,0.3397339880466461
YGL137W,YLR075W,0,-0.07377793,0.07006020843982697,0.25574424862861633,0.33983397483825684
YNL087W,YOR344C,0,-0.07380845,0.07004103809595108,0.25574424862861633,0.33993399143218994
YLL010C,YIL084C,1,-0.073820144,0.07029540836811066,0.25674325227737427,0.33993399143218994
YCR020C,YPR166C,0,-0.07384278,0.0702761858701706,0.25674325227737427,0.34003400802612305
YKR026C,YDR192C,1,-0.07388352,0.07053034752607346,0.2577422559261322,0.34003400802612305
YFR004W,YBL005W-A,0,-0.073964775,0.07051106542348862,0.2577422559261322,0.34013402462005615
YHR216W,YKR105C,0,-0.07399665,0.07049180567264557,0.2577422559261322,0.34023401141166687
YBR280C,YDR325W,0,-0.074017406,0.07047254592180252,0.2577422559261322,0.3403340280056
YOL004W,YER159C,1,-0.07406323,0.07072637975215912,0.25874125957489014,0.3403340280056
YMR152W,YER140W,0,-0.074074626,0.07070706784725189,0.25874125957489014,0.3404340445995331
YGR260W,YBR258C,0,-0.0741131,0.07068777084350586,0.25874125957489014,0.3405340611934662
YDL085W,YPL181W,0,-0.07413256,0.07066848874092102,0.25874125957489014,0.3406340777873993
YHL036W,YGL245W,0,-0.074195206,0.07064920663833618,0.25874125957489014,0.34073406457901
YKR090W,YKL086W,0,-0.07422224,0.07062993943691254,0.25874125957489014,0.3408340811729431
YIL070C,YBR301W,0,-0.07423583,0.07061068713665009,0.25874125957489014,0.3409340977668762
YHR122W,YJL042W,0,-0.074342154,0.07059144228696823,0.25874125957489014,0.3410341143608093
YDR538W,YBR212W,0,-0.07438344,0.07057220488786697,0.25874125957489014,0.34113410115242004
YPL153C,YLR423C,0,-0.074443236,0.07055298238992691,0.25874125957489014,0.34123411774635315
YLR058C,YJL019W,0,-0.07446167,0.07053376734256744,0.25874125957489014,0.34133413434028625
YLR238W,YLR064W,0,-0.07449355,0.07051456719636917,0.25874125957489014,0.34143415093421936
YER107C,YLR019W,1,-0.074503705,0.07076755911111832,0.25974026322364807,0.34143415093421936
YJR007W,YPL271W,0,-0.074525416,0.07074829936027527,0.25974026322364807,0.34153416752815247
YKL188C,YIL162W,0,-0.07470609,0.07072905451059341,0.25974026322364807,0.3416341543197632
YBL014C,YPL130W,0,-0.07471402,0.07070981711149216,0.25974026322364807,0.3417341709136963
YAL023C,YNL225C,0,-0.074716,0.0706905946135521,0.25974026322364807,0.3418341875076294
YMR166C,YLR355C,0,-0.0747237,0.07067137956619263,0.25974026322364807,0.3419342041015625
YMR024W,YLR139C,0,-0.07478048,0.07065217196941376,0.25974026322364807,0.3420341908931732
YNR030W,YLL067C,0,-0.07479328,0.07063297927379608,0.25974026322364807,0.3421342074871063
YPR095C,YKL002W,0,-0.07482116,0.070613794028759,0.25974026322364807,0.34223422408103943
YOL052C-A,YOL004W,1,-0.0749788,0.07086614519357681,0.260739266872406,0.34223422408103943
YKL176C,YMR037C,0,-0.07506062,0.07084690779447556,0.260739266872406,0.34233424067497253
YLR150W,YDL076C,0,-0.07510347,0.0708276778459549,0.260739266872406,0.34243425726890564
YHR124W,YKL080W,0,-0.07520808,0.07080846279859543,0.260739266872406,0.34253424406051636
YNL012W,YLR131C,0,-0.07527597,0.07078926265239716,0.260739266872406,0.34263426065444946
YBR098W,YDL082W,0,-0.075368255,0.07077006250619888,0.260739266872406,0.34273427724838257
YPL168W,YNL243W,0,-0.07538752,0.0707508847117424,0.260739266872406,0.3428342938423157
YNL097C,YOL105C,1,-0.07540867,0.07100270688533783,0.26173827052116394,0.3428342938423157
YER006W,YMR184W,0,-0.07543403,0.07098347693681717,0.26173827052116394,0.3429342806339264
YAL010C,YEL042W,0,-0.07548349,0.07096424698829651,0.26173827052116394,0.3430342972278595
YLR292C,YHR021C,0,-0.07558398,0.07094503194093704,0.26173827052116394,0.3431343138217926
YDR105C,YML024W,0,-0.07561272,0.07092582434415817,0.26173827052116394,0.3432343304157257
YLR095C,YER147C,0,-0.07563105,0.0709066316485405,0.26173827052116394,0.3433343470096588
YJL216C,YLR247C,0,-0.07567046,0.07088744640350342,0.26173827052116394,0.34343433380126953
YGR041W,YKR039W,0,-0.07567483,0.07086826860904694,0.26173827052116394,0.34353435039520264
YFR038W,YPL265W,0,-0.075677305,0.07084910571575165,0.26173827052116394,0.34363436698913574
YCR075C,YPL091W,0,-0.07570853,0.07082995772361755,0.26173827052116394,0.34373438358306885
YIL096C,YCR106W,0,-0.07573477,0.07081080973148346,0.26173827052116394,0.34383437037467957
YDR314C,YBR012W-A,0,-0.07575873,0.07079167664051056,0.26173827052116394,0.34393438696861267
YPL043W,YGL223C,0,-0.07576333,0.07077255845069885,0.26173827052116394,0.3440344035625458
YPL056C,YBR122C,0,-0.07581149,0.07075344026088715,0.26173827052116394,0.3441344201564789
YPL004C,YJR136C,1,-0.07589945,0.07100431621074677,0.2627372741699219,0.3441344201564789
YDL178W,YFL041W,0,-0.075902164,0.07098515331745148,0.2627372741699219,0.344234436750412
YEL024W,YMR125W,0,-0.07590844,0.07096599787473679,0.2627372741699219,0.3443344235420227
YIL062C,YOR077W,0,-0.07591134,0.07094685733318329,0.2627372741699219,0.3444344401359558
YAR044W,YBR214W,0,-0.07592937,0.07092772424221039,0.2627372741699219,0.3445344567298889
YDR503C,YGL189C,0,-0.07595673,0.07090859860181808,0.2627372741699219,0.344634473323822
YGL079W,YLR419W,0,-0.07596381,0.07088948786258698,0.2627372741699219,0.34473446011543274
YNL263C,YER015W,0,-0.076074764,0.07087038457393646,0.2627372741699219,0.34483447670936584
YER133W,YJR066W,1,-0.07607791,0.07112068682909012,0.2637362778186798,0.34483447670936584
YCR029C-A,YJR033C,0,-0.0761304,0.07110153883695602,0.2637362778186798,0.34493449330329895
YDL102W,YBR036C,0,-0.076142594,0.07108239084482193,0.2637362778186798,0.34503450989723206
YKR048C,YIL022W,0,-0.07620823,0.07106325775384903,0.2637362778186798,0.34513452649116516
YCR068W,YFL056C,0,-0.076229505,0.07104413211345673,0.2637362778186798,0.3452345132827759
YGL054C,YBL103C,0,-0.07623787,0.07102502137422562,0.2637362778186798,0.345334529876709
YHR046C,YML055W,0,-0.076293565,0.0710059180855751,0.2637362778186798,0.3454345464706421
YPL056C,YPR148C,0,-0.07631998,0.07098682224750519,0.2637362778186798,0.3455345630645752
YMR230W,YGL255W,0,-0.07634242,0.07096774131059647,0.2637362778186798,0.3456345498561859
YBR072W,YKR026C,1,-0.076360136,0.07121741771697998,0.26473525166511536,0.3456345498561859
YCL062W,YMR184W,0,-0.07639004,0.07119827717542648,0.26473525166511536,0.345734566450119
YJR136C,YLR260W,1,-0.07640025,0.07144775986671448,0.2657342553138733,0.345734566450119
YNL289W,YBR046C,0,-0.076406255,0.0714285746216774,0.2657342553138733,0.3458345830440521
YDR516C,YGR075C,0,-0.07650451,0.07140939682722092,0.2657342553138733,0.34593459963798523
YIR035C,YML067C,0,-0.07653917,0.07139023393392563,0.2657342553138733,0.34603461623191833
YER011W,YML005W,0,-0.07655178,0.07137107849121094,0.2657342553138733,0.34613460302352905
YOR090C,YNL054W,0,-0.07658301,0.07135193049907684,0.2657342553138733,0.34623461961746216
YPL149W,YPL239W,0,-0.07665868,0.07133279740810394,0.2657342553138733,0.34633463621139526
YKL145W,YBR105C,0,-0.076758325,0.07131367176771164,0.2657342553138733,0.34643465280532837
YPR049C,YPL181W,0,-0.076770976,0.07129456102848053,0.2657342553138733,0.3465346395969391
YBR126C,YKL068W,1,-0.0769011,0.07154341042041779,0.2667332589626312,0.3465346395969391
YNL097C,YKR026C,1,-0.0769926,0.0717921257019043,0.26773226261138916,0.3465346395969391
YKL089W,YDL136W,0,-0.076994084,0.07177289575338364,0.26773226261138916,0.3466346561908722
YPL280W,YNL082W,0,-0.0771195,0.07175368070602417,0.26773226261138916,0.3467346727848053
YKL221W,YDL099W,0,-0.07719509,0.0717344731092453,0.26773226261138916,0.3468346893787384
YOL004W,YNL123W,1,-0.07719601,0.07198287546634674,0.2687312662601471,0.3468346893787384
YML015C,YDL049C,0,-0.07730551,0.07196361571550369,0.2687312662601471,0.3469347059726715
YDR284C,YHR115C,0,-0.07739076,0.07194437086582184,0.2687312662601471,0.3470346927642822
YDR397C,YPL240C,1,-0.077428155,0.07219251245260239,0.26973026990890503,0.3470346927642822
YOR069W,YJR033C,0,-0.077452645,0.07217321544885635,0.26973026990890503,0.34713470935821533
YAR014C,YDL204W,0,-0.07753615,0.07215392589569092,0.26973026990890503,0.34723472595214844
YJL044C,YMR220W,0,-0.07763675,0.07213465124368668,0.26973026990890503,0.34733474254608154
YAR009C,YDR091C,0,-0.0776679,0.07211538404226303,0.26973026990890503,0.34743472933769226
YGL167C,YNL330C,0,-0.07776193,0.07209613174200058,0.26973026990890503,0.34753474593162537
YKL054C,YBR069C,0,-0.07778831,0.07207687944173813,0.26973026990890503,0.34763476252555847
YGR109C,YBR023C,0,-0.07782115,0.07205764949321747,0.26973026990890503,0.3477347791194916
YLR188W,YNL190W,0,-0.07789473,0.07203841954469681,0.26973026990890503,0.3478347957134247
YMR204C,YHR043C,0,-0.07789743,0.07201920449733734,0.26973026990890503,0.3479347825050354
YEL005C,YNL166C,0,-0.07793915,0.07199999690055847,0.26973026990890503,0.3480347990989685
YLL010C,YJR100C,1,-0.07803688,0.07224740087985992,0.27072927355766296,0.3480347990989685
YDR511W,YPR028W,0,-0.07809466,0.07222814857959747,0.27072927355766296,0.3481348156929016
YKL096W,YMR016C,0,-0.07810423,0.07220889627933502,0.27072927355766296,0.3482348322868347
YKL191W,YML078W,0,-0.07812771,0.07218966633081436,0.27072927355766296,0.34833481907844543
YOR330C,YDR243C,0,-0.07817223,0.0721704363822937,0.27072927355766296,0.34843483567237854
YBR072W,YDR192C,1,-0.07826422,0.07241746783256531,0.2717282772064209,0.34843483567237854
YLR158C,YMR161W,0,-0.07835994,0.07239819318056107,0.2717282772064209,0.34853485226631165
YFR034C,YHR157W,0,-0.07841571,0.07237892597913742,0.2717282772064209,0.34863486886024475
YDR545W,YIL115C,0,-0.07850047,0.07235967367887497,0.2717282772064209,0.34873488545417786
YLR292C,YDR367W,0,-0.07857716,0.07234042882919312,0.2717282772064209,0.3488348722457886
YDR510W,YPR098C,0,-0.078689426,0.07232119143009186,0.2717282772064209,0.3489348888397217
YLR019W,YLR182W,1,-0.07870944,0.07256778329610825,0.27272728085517883,0.3489348888397217
YAL023C,YMR109W,0,-0.07886292,0.07254850119352341,0.27272728085517883,0.3490349054336548
YCL047C,YMR006C,0,-0.078888625,0.07252922654151917,0.27272728085517883,0.3491349220275879
YGL116W,YML022W,0,-0.07893708,0.07250995934009552,0.27272728085517883,0.3492349088191986
YMR192W,YOL019W,0,-0.07905734,0.07249070703983307,0.27272728085517883,0.3493349254131317
YOR328W,YDR052C,0,-0.07905823,0.07247146219015121,0.27272728085517883,0.3494349420070648
YPL169C,YHR123W,0,-0.079192005,0.07245223224163055,0.27272728085517883,0.3495349586009979
YMR035W,YLR413W,0,-0.079202056,0.07243300974369049,0.27272728085517883,0.34963497519493103
YCL005W-A,YOR092W,0,-0.079243064,0.07241379469633102,0.27272728085517883,0.34973496198654175
YPR086W,YBR069C,0,-0.0794786,0.07239458709955215,0.27272728085517883,0.34983497858047485
YLR090W,YDR294C,0,-0.07953298,0.07237539440393448,0.27272728085517883,0.34993499517440796
YNL086W,YOR315W,0,-0.0795538,0.072356216609478,0.27272728085517883,0.35003501176834106
YDL116W,YOL053C-A,1,-0.07964197,0.07260201126337051,0.27372628450393677,0.35003501176834106
YPL015C,YER068W,0,-0.079709455,0.07258278131484985,0.27372628450393677,0.35013502836227417
YMR055C,YDR395W,0,-0.07993534,0.07256355881690979,0.27372628450393677,0.3502350151538849
YBR175W,YHR103W,0,-0.0800063,0.07254434376955032,0.27372628450393677,0.350335031747818
YFL039C,YLR393W,0,-0.08010508,0.07252514362335205,0.27372628450393677,0.3504350483417511
YDR148C,YPR103W,0,-0.08010991,0.07250595092773438,0.27372628450393677,0.3505350649356842
YLR035C-A,YDR280W,0,-0.08013226,0.0724867731332779,0.27372628450393677,0.3506350517272949
YHR158C,YKL107W,0,-0.08020024,0.07246760278940201,0.27372628450393677,0.350735068321228
YLL057C,YDL043C,0,-0.0802123,0.07244843989610672,0.27372628450393677,0.35083508491516113
YOR030W,YLR074C,0,-0.08040044,0.07242929190397263,0.27372628450393677,0.35093510150909424
YGR129W,YLR185W,0,-0.08040319,0.07241015136241913,0.27372628450393677,0.35103511810302734
YHL047C,YMR242C,0,-0.08040911,0.07239101827144623,0.27372628450393677,0.35113510489463806
YPR105C,YDL156W,0,-0.08050588,0.07237190008163452,0.27372628450393677,0.35123512148857117
YGR296W,YJR086W,0,-0.08051631,0.07235278934240341,0.27372628450393677,0.3513351380825043
YDR469W,YJL001W,0,-0.08066864,0.0723336860537529,0.27372628450393677,0.3514351546764374
YBR126C,YGL251C,0,-0.08082889,0.07231459766626358,0.27372628450393677,0.3515351414680481
YIL101C,YOR319W,0,-0.08096209,0.07229551672935486,0.27372628450393677,0.3516351580619812
YNR032C-A,YGL198W,0,-0.08096406,0.07227644324302673,0.27372628450393677,0.3517351746559143
YGR170W,YOR256C,0,-0.08097773,0.0722573846578598,0.27372628450393677,0.3518351912498474
YLR196W,YCL020W,0,-0.080995396,0.07223833352327347,0.27372628450393677,0.3519352078437805
YPL152W,YPR037C,0,-0.08103375,0.07221929728984833,0.27372628450393677,0.35203519463539124
YLR096W,YKR025W,0,-0.0810826,0.07220026105642319,0.27372628450393677,0.35213521122932434
YDR219C,YDR531W,0,-0.081210256,0.07218123972415924,0.27372628450393677,0.35223522782325745
YHL017W,YOR064C,0,-0.081219435,0.07216223329305649,0.27372628450393677,0.35233524441719055
YLL010C,YDR258C,1,-0.08124747,0.07240653038024902,0.2747252881526947,0.35233524441719055
YKL198C,YPL016W,0,-0.08133754,0.07238747179508209,0.2747252881526947,0.35243523120880127
YIR013C,YLR226W,0,-0.081515685,0.07236842066049576,0.2747252881526947,0.3525352478027344
YKL148C,YGR044C,0,-0.08165351,0.07234938442707062,0.2747252881526947,0.3526352643966675
YHR215W,YBR149W,0,-0.08167739,0.07233035564422607,0.2747252881526947,0.3527352809906006
YFL033C,YKL057C,1,-0.08170532,0.07257428020238876,0.27572426199913025,0.3527352809906006
YIL039W,YJL118W,0,-0.0817666,0.07255520671606064,0.27572426199913025,0.3528352975845337
YBL040C,YDR447C,0,-0.08177984,0.07253613322973251,0.27572426199913025,0.3529352843761444
YGL211W,YOL041C,0,-0.081827,0.07251707464456558,0.27572426199913025,0.3530353009700775
YJR100C,YER111C,1,-0.08186111,0.0727607011795044,0.2767232656478882,0.3530353009700775
YOR070C,YHR171W,0,-0.08186522,0.07274159789085388,0.2767232656478882,0.3531353175640106
YER053C,YGL107C,0,-0.08187729,0.07272250205278397,0.2767232656478882,0.3532353341579437
YDL116W,YKL057C,1,-0.08190605,0.07296588271856308,0.2777222692966461,0.3532353341579437
YER174C,YDR540C,0,-0.08191383,0.07294673472642899,0.2777222692966461,0.35333532094955444
YHR122W,YDR186C,0,-0.08202313,0.07292759418487549,0.2777222692966461,0.35343533754348755
YJL062W-A,YDR247W,0,-0.0821545,0.07290846854448318,0.2777222692966461,0.35353535413742065
YPL143W,YDL159W,0,-0.08219288,0.07288935780525208,0.2777222692966461,0.35363537073135376
YOR019W,YPR181C,0,-0.08224237,0.07287024706602097,0.2777222692966461,0.35373538732528687
YBR126C,YLR182W,1,-0.082254216,0.07311321049928665,0.27872127294540405,0.35373538732528687
YMR021C,YER102W,0,-0.082315795,0.07309405505657196,0.27872127294540405,0.3538353741168976
YER120W,YHL022C,0,-0.08232703,0.07307490706443787,0.27872127294540405,0.3539353907108307
YPL231W,YPL123C,0,-0.08241574,0.07305577397346497,0.27872127294540405,0.3540354073047638
YIL030C,YMR134W,0,-0.08243488,0.07303664833307266,0.27872127294540405,0.3541354238986969
YJR014W,YDL137W,0,-0.082456276,0.07301753759384155,0.27872127294540405,0.3542354106903076
YLR078C,YGR138C,0,-0.08250728,0.07299842685461044,0.27872127294540405,0.3543354272842407
YPL068C,YDR356W,0,-0.082523495,0.07297933846712112,0.27872127294540405,0.35443544387817383
YLR097C,YOL029C,0,-0.08258675,0.0729602500796318,0.27872127294540405,0.35453546047210693
YGR101W,YCR003W,0,-0.08261638,0.07294117659330368,0.27872127294540405,0.35463547706604004
YGL104C,YFL008W,0,-0.08263482,0.07292211055755615,0.27872127294540405,0.35473546385765076
YOL071W,YMR261C,0,-0.08265108,0.07290305942296982,0.27872127294540405,0.35483548045158386
YER160C,YCL044C,0,-0.08268447,0.07288401573896408,0.27872127294540405,0.35493549704551697
YKR061W,YLL057C,0,-0.08278753,0.07286497950553894,0.27872127294540405,0.3550355136394501
YOR173W,YHR003C,0,-0.082864806,0.0728459507226944,0.27872127294540405,0.3551355004310608
YJR045C,YHR136C,0,-0.08290377,0.07282693684101105,0.27872127294540405,0.3552355170249939
YGL048C,YLL048C,0,-0.08291041,0.0728079304099083,0.27872127294540405,0.355335533618927
YPL005W,YDR349C,0,-0.08291861,0.07278893887996674,0.27872127294540405,0.3554355502128601
YGL141W,YML011C,0,-0.08292889,0.07276995480060577,0.27872127294540405,0.3555355668067932
YEL071W,YLR233C,0,-0.08299741,0.07275097817182541,0.27872127294540405,0.35563555359840393
YDR019C,YLR119W,0,-0.08300024,0.07273200899362564,0.27872127294540405,0.35573557019233704
YNL315C,YPL009C,0,-0.083051674,0.07271305471658707,0.27872127294540405,0.35583558678627014
YOL052C-A,YDL088C,1,-0.083075374,0.07295466214418411,0.279720276594162,0.35583558678627014
YMR192W,YFL062W,0,-0.08317517,0.07293566316366196,0.279720276594162,0.35593560338020325
YNR061C,YDR297W,0,-0.08320296,0.0729166641831398,0.279720276594162,0.35603559017181396
YJR010C-A,YER068W,0,-0.08325572,0.07289768010377884,0.279720276594162,0.35613560676574707
YHL017W,YLR064W,0,-0.08333341,0.07287871092557907,0.279720276594162,0.3562356233596802
YML033W,YFL024C,0,-0.083400905,0.0728597417473793,0.279720276594162,0.3563356399536133
YJR088C,YDL178W,0,-0.08341111,0.07284078747034073,0.279720276594162,0.3564356565475464
YDR463W,YPR128C,0,-0.08346627,0.07282184809446335,0.279720276594162,0.3565356433391571
YOR011W,YGR049W,0,-0.083475366,0.07280290871858597,0.279720276594162,0.3566356599330902
YKL089W,YDR004W,0,-0.08352673,0.07278398424386978,0.279720276594162,0.3567356765270233
YNR020C,YOL042W,0,-0.08354011,0.07276507467031479,0.279720276594162,0.3568356931209564
YMR055C,YBL097W,0,-0.08355968,0.0727461650967598,0.279720276594162,0.35693567991256714
YER109C,YHR190W,0,-0.08361616,0.072727270424366,0.279720276594162,0.35703569650650024
YLL009C,YIL158W,0,-0.08363316,0.07270839065313339,0.279720276594162,0.35713571310043335
YLR260W,YNL123W,1,-0.08363536,0.07294911891222,0.2807192802429199,0.35713571310043335
YOR191W,YFR042W,0,-0.083673716,0.07293018698692322,0.2807192802429199,0.35723572969436646
YOR011W,YHL018W,0,-0.08393232,0.07291126251220703,0.2807192802429199,0.35733574628829956
YBR082C,YGL017W,0,-0.083949775,0.07289234548807144,0.2807192802429199,0.3574357330799103
YBR077C,YOR130C,0,-0.0841098,0.07287344336509705,0.2807192802429199,0.3575357496738434
YOR288C,YCL027C-A,0,-0.08413066,0.07285454869270325,0.2807192802429199,0.3576357662677765
YDR194C,YGR194C,0,-0.084289506,0.07283566892147064,0.2807192802429199,0.3577357828617096
YIR003W,YPR082C,0,-0.08439562,0.07281678915023804,0.2807192802429199,0.3578357696533203
YCR069W,YGR166W,0,-0.08444456,0.07279792428016663,0.2807192802429199,0.3579357862472534
YLR446W,YKR086W,0,-0.08450209,0.07277907431125641,0.2807192802429199,0.3580358028411865
YOR069W,YBL042C,0,-0.08452916,0.07276022434234619,0.2807192802429199,0.35813581943511963
YIL069C,YGR057C,0,-0.08456236,0.07274138927459717,0.2807192802429199,0.35823583602905273
YPL160W,YHR146W,0,-0.084581286,0.07272256910800934,0.2807192802429199,0.35833582282066345
YLL005C,YLR061W,0,-0.08458436,0.07270374894142151,0.2807192802429199,0.35843583941459656
YFL005W,YDL174C,0,-0.08459124,0.07268494367599487,0.2807192802429199,0.35853585600852966
YCR040W,YML040W,0,-0.08465576,0.07266614586114883,0.2807192802429199,0.35863587260246277
YPL072W,YJL156C,0,-0.08470898,0.07264736294746399,0.2807192802429199,0.3587358593940735
YMR083W,YOR092W,0,-0.08471188,0.07262858748435974,0.2807192802429199,0.3588358759880066
YHR042W,YLR066W,0,-0.0848491,0.07260981947183609,0.2807192802429199,0.3589358925819397
YMR289W,YGR075C,0,-0.08488336,0.07259105890989304,0.2807192802429199,0.3590359091758728
YNR051C,YGL173C,0,-0.08498415,0.07257231324911118,0.2807192802429199,0.3591359257698059
YIL084C,YDR074W,1,-0.08508208,0.07281177490949631,0.28171828389167786,0.3591359257698059
YFL009W,YHL008C,0,-0.08513141,0.07279297709465027,0.28171828389167786,0.3592359125614166
YKL062W,YHR124W,0,-0.08513756,0.07277419418096542,0.28171828389167786,0.35933592915534973
YCR107W,YMR043W,0,-0.08516568,0.07275541871786118,0.28171828389167786,0.35943594574928284
YGR189C,YJL002C,0,-0.08517161,0.07273665070533752,0.28171828389167786,0.35953596234321594
YLL028W,YMR231W,0,-0.08526833,0.07271789759397507,0.28171828389167786,0.35963594913482666
YBR126C,YKR026C,1,-0.085294336,0.07295694947242737,0.2827172875404358,0.35963594913482666
YDR054C,YDR462W,0,-0.08530022,0.07293814420700073,0.2827172875404358,0.35973596572875977
YGR058W,YOR249C,0,-0.08531571,0.07291935384273529,0.2827172875404358,0.35983598232269287
YMR165C,YIL014W,0,-0.085332766,0.07290056347846985,0.2827172875404358,0.359935998916626
YDR002W,YFR009W,0,-0.08545415,0.0728817954659462,0.2827172875404358,0.3600360155105591
YER126C,YDL126C,0,-0.08548039,0.07286302745342255,0.2827172875404358,0.3601360023021698
YPR133C,YCR086W,0,-0.08551371,0.07284427434206009,0.2827172875404358,0.3602360188961029
YNL020C,YNL322C,0,-0.08561611,0.07282552868127823,0.2827172875404358,0.360336035490036
YAR042W,YNR050C,0,-0.0856202,0.07280679047107697,0.2827172875404358,0.3604360520839691
YOL121C,YPL124W,0,-0.08570565,0.0727880671620369,0.2827172875404358,0.36053603887557983
YMR208W,YHR176W,0,-0.08574132,0.07276935130357742,0.2827172875404358,0.36063605546951294
YLR287C-A,YDR128W,0,-0.085758805,0.07275064289569855,0.2827172875404358,0.36073607206344604
YLL016W,YFL041W,0,-0.08583171,0.07273194193840027,0.2827172875404358,0.36083608865737915
YPL189C-A,YPL111W,0,-0.085914545,0.07271325588226318,0.2827172875404358,0.36093610525131226
YGL142C,YGL105W,0,-0.08598878,0.0726945772767067,0.2827172875404358,0.361036092042923
YDL188C,YDR110W,0,-0.08614226,0.0726759135723114,0.2827172875404358,0.3611361086368561
YNL083W,YBL007C,0,-0.08616607,0.07265724986791611,0.2827172875404358,0.3612361252307892
YNR020C,YHR134W,0,-0.086166754,0.072638601064682,0.2827172875404358,0.3613361418247223
YBL042C,YBR208C,0,-0.086262256,0.0726199671626091,0.2827172875404358,0.3614361584186554
YER096W,YPR073C,0,-0.08631544,0.0726013332605362,0.2827172875404358,0.3615361452102661
YDR365W-B,YDR034C-C,0,-0.08632857,0.07258271425962448,0.2827172875404358,0.3616361618041992
YPL215W,YOL013C,0,-0.08633743,0.07256410270929337,0.2827172875404358,0.3617361783981323
YOR265W,YJL184W,0,-0.08641398,0.07254549860954285,0.2827172875404358,0.36183619499206543
YPR201W,YJL113W,0,-0.08646629,0.07252690941095352,0.2827172875404358,0.36193618178367615
YIL131C,YKL137W,0,-0.08655809,0.0725083276629448,0.2827172875404358,0.36203619837760925
YIL093C,YJL003W,0,-0.0866147,0.07248975336551666,0.2827172875404358,0.36213621497154236
YOL027C,YDL052C,0,-0.086619414,0.07247119396924973,0.2827172875404358,0.36223623156547546
YLR148W,YIL078W,0,-0.0866247,0.07245263457298279,0.2827172875404358,0.36233624815940857
YCL075W,YDL072C,0,-0.086660996,0.07243409007787704,0.2827172875404358,0.3624362349510193
YDR214W,YGL254W,0,-0.08674161,0.0724155604839325,0.2827172875404358,0.3625362515449524
YJL100W,YGL039W,0,-0.086832024,0.07239703088998795,0.2827172875404358,0.3626362681388855
YJL189W,YIL056W,0,-0.08690362,0.07237851619720459,0.2827172875404358,0.3627362847328186
YNL251C,YLR175W,0,-0.08701986,0.07236000895500183,0.2827172875404358,0.3628362715244293
YER107C,YER159C,1,-0.08702118,0.07259713858366013,0.2837162911891937,0.3628362715244293
YOR356W,YCR035C,0,-0.08704234,0.07257858663797379,0.2837162911891937,0.3629362881183624
YGL147C,YKL209C,0,-0.08705569,0.07256004214286804,0.2837162911891937,0.36303630471229553
YAL028W,YPL227C,0,-0.08708958,0.0725415050983429,0.2837162911891937,0.36313632130622864
YOL157C,YLL032C,0,-0.08713168,0.07252298295497894,0.2837162911891937,0.36323633790016174
YKR026C,YLL026W,1,-0.087197825,0.07275976240634918,0.28471529483795166,0.36323633790016174
YGR174C,YGR061C,0,-0.0872851,0.07274119555950165,0.28471529483795166,0.36333632469177246
YLR052W,YLR327C,0,-0.08729246,0.07272263616323471,0.28471529483795166,0.36343634128570557
YDR532C,YLR070C,0,-0.08732928,0.07270408421754837,0.28471529483795166,0.36353635787963867
YBL013W,YER174C,0,-0.08741847,0.07268553972244263,0.28471529483795166,0.3636363744735718
YDR244W,YJL160C,0,-0.0875604,0.07266701012849808,0.28471529483795166,0.3637363612651825
YOL056W,YHR099W,0,-0.08758614,0.07264848053455353,0.28471529483795166,0.3638363778591156
YML016C,YLR143W,0,-0.08760689,0.07262996584177017,0.28471529483795166,0.3639363944530487
YOR193W,YLR037C,0,-0.08766924,0.07261146605014801,0.28471529483795166,0.3640364110469818
YOR101W,YBR112C,0,-0.08775377,0.07259296625852585,0.28471529483795166,0.3641364276409149
YOL004W,YDL088C,1,-0.08776965,0.07282913476228714,0.2857142984867096,0.3641364276409149
YER015W,YPL175W,0,-0.08777827,0.0728105902671814,0.2857142984867096,0.36423641443252563
YKR026C,YLR260W,1,-0.08785552,0.07304657995700836,0.28671327233314514,0.36423641443252563
YDR402C,YLR118C,0,-0.08799869,0.07302799075841904,0.28671327233314514,0.36433643102645874
YER075C,YLR110C,0,-0.08802827,0.07300940901041031,0.28671327233314514,0.36443644762039185
YNL161W,YKL125W,0,-0.08804599,0.07299084216356277,0.28671327233314514,0.36453646421432495
YKL010C,YOL052C-A,0,-0.088116705,0.07297228276729584,0.28671327233314514,0.36463645100593567
YDR027C,YMR142C,0,-0.088128015,0.0729537382721901,0.28671327233314514,0.3647364675998688
YLL013C,YNL065W,0,-0.0881892,0.07293519377708435,0.28671327233314514,0.3648364841938019
YOR002W,YNL001W,0,-0.08819775,0.0729166641831398,0.28671327233314514,0.364936500787735
YKL051W,YDR380W,0,-0.08820523,0.07289814949035645,0.28671327233314514,0.3650365173816681
YMR074C,YNL270C,0,-0.088258766,0.07287963479757309,0.28671327233314514,0.3651365041732788
YDR176W,YNL183C,0,-0.08829683,0.07286113500595093,0.28671327233314514,0.3652365207672119
YHR115C,YNL288W,0,-0.08831687,0.07284264266490936,0.28671327233314514,0.365336537361145
YPL179W,YKR018C,0,-0.08831755,0.0728241577744484,0.28671327233314514,0.3654365539550781
YHL021C,YLR275W,0,-0.08834244,0.07280568033456802,0.28671327233314514,0.36553654074668884
YPL005W,YHR103W,0,-0.08834474,0.07278721779584885,0.28671327233314514,0.36563655734062195
YGL048C,YDL014W,0,-0.08845818,0.07276876270771027,0.28671327233314514,0.36573657393455505
YPR052C,YBL022C,0,-0.08854318,0.07275031507015228,0.28671327233314514,0.36583659052848816
YNL310C,YOR369C,0,-0.08858341,0.0727318823337555,0.28671327233314514,0.36593660712242126
YBR126C,YER133W,1,-0.08859801,0.0729668065905571,0.2877122759819031,0.36593660712242126
YDL184C,YMR262W,0,-0.08860302,0.07294832915067673,0.2877122759819031,0.366036593914032
YER133W,YJL141C,1,-0.08860949,0.0731830820441246,0.288711279630661,0.366036593914032
YPL023C,YJL014W,0,-0.088714555,0.07316455990076065,0.288711279630661,0.3661366105079651
YLL010C,YOL052C-A,1,-0.08876203,0.0733991414308548,0.28971028327941895,0.3661366105079651
YNR048W,YDL189W,0,-0.08885756,0.07338056713342667,0.28971028327941895,0.3662366271018982
YMR244C-A,YOR264W,0,-0.088861056,0.07336200028657913,0.28971028327941895,0.3663366436958313
YGR135W,YER014W,0,-0.08892127,0.07334344834089279,0.28971028327941895,0.366436630487442
YCR033W,YBL038W,0,-0.088967144,0.07332490384578705,0.28971028327941895,0.3665366470813751
YNL129W,YJR041C,0,-0.0890137,0.0733063668012619,0.28971028327941895,0.3666366636753082
YER083C,YPL045W,0,-0.089018404,0.07328784465789795,0.28971028327941895,0.36673668026924133
YEL013W,YLR178C,0,-0.08914611,0.0732693299651146,0.28971028327941895,0.36683669686317444
YLL010C,YKL193C,0,-0.08918228,0.07325082272291183,0.28971028327941895,0.36693668365478516
YDR186C,YGL224C,0,-0.089194484,0.07323232293128967,0.28971028327941895,0.36703670024871826
YER147C,YMR022W,0,-0.08920903,0.0732138380408287,0.28971028327941895,0.36713671684265137
YHR003C,YMR215W,0,-0.0892541,0.07319535315036774,0.28971028327941895,0.3672367334365845
YGR062C,YGL255W,0,-0.08928116,0.07317688316106796,0.28971028327941895,0.3673367202281952
YIL009W,YPL108W,0,-0.08930987,0.07315842807292938,0.28971028327941895,0.3674367368221283
YPR110C,YBR105C,0,-0.08932556,0.0731399729847908,0.28971028327941895,0.3675367534160614
YFR049W,YER016W,0,-0.08933556,0.07312153279781342,0.28971028327941895,0.3676367700099945
YJL141C,YAR002W,1,-0.089438185,0.07335518300533295,0.2907092869281769,0.3676367700099945
YNL308C,YPR073C,0,-0.089495465,0.07333669066429138,0.2907092869281769,0.3677367866039276
YKR089C,YML038C,0,-0.08950685,0.07331821322441101,0.2907092869281769,0.36783677339553833
YJR009C,YIR003W,0,-0.08960861,0.07329975068569183,0.2907092869281769,0.36793678998947144
YNR032C-A,YFR027W,0,-0.08961548,0.07328128814697266,0.2907092869281769,0.36803680658340454
YGR207C,YHR166C,0,-0.089635916,0.07326284050941467,0.2907092869281769,0.36813682317733765
YLR450W,YBR181C,0,-0.08964272,0.07324440032243729,0.2907092869281769,0.36823680996894836
YLR205C,YJR108W,0,-0.08966233,0.0732259675860405,0.2907092869281769,0.36833682656288147
YLR035C-A,YLL039C,0,-0.08967362,0.0732075497508049,0.2907092869281769,0.3684368431568146
YDR129C,YNR019W,0,-0.08970646,0.0731891319155693,0.2907092869281769,0.3685368597507477
YBR237W,YIL067C,0,-0.089765914,0.0731707289814949,0.2907092869281769,0.3686368763446808
YDR471W,YCR023C,0,-0.08991253,0.0731523409485817,0.2907092869281769,0.3687368631362915
YER113C,YHR207C,0,-0.08995892,0.07313395291566849,0.2907092869281769,0.3688368797302246
YDR533C,YNL146W,0,-0.09019156,0.07311557978391647,0.2907092869281769,0.3689368963241577
YML037C,YJR108W,0,-0.0902565,0.07309721410274506,0.2907092869281769,0.3690369129180908
YDR130C,YOL013C,0,-0.09035424,0.07307885587215424,0.2907092869281769,0.36913689970970154
YDR510W,YOL091W,0,-0.09059252,0.07306050509214401,0.2907092869281769,0.36923691630363464
YER074W-A,YLR175W,0,-0.09074139,0.07304216921329498,0.2907092869281769,0.36933693289756775
YDR153C,YGR211W,0,-0.09082842,0.07302384078502655,0.2907092869281769,0.36943694949150085
YGL016W,YKR090W,0,-0.09086615,0.07300551980733871,0.2907092869281769,0.36953696608543396
YML013W,YJL190C,0,-0.0908912,0.07298720628023148,0.2907092869281769,0.3696369528770447
YPL004C,YDL116W,1,-0.09093115,0.0732196569442749,0.2917082905769348,0.3696369528770447
YOR064C,YDL134C,0,-0.090941235,0.07320130616426468,0.2917082905769348,0.3697369694709778
YKL221W,YIL085C,0,-0.09096211,0.07318295538425446,0.2917082905769348,0.3698369860649109
YLL006W,YLR061W,0,-0.09099386,0.07316461950540543,0.2917082905769348,0.369937002658844
YLL026W,YNL123W,1,-0.091095984,0.07339679449796677,0.29270729422569275,0.369937002658844
YIL030C,YIL053W,0,-0.091133684,0.07337841391563416,0.29270729422569275,0.3700369894504547
YAR071W,YPL001W,0,-0.09114573,0.07336004078388214,0.29270729422569275,0.3701370060443878
YEL027W,YDR044W,0,-0.09128343,0.07334167510271072,0.29270729422569275,0.3702370226383209
YNL252C,YMR262W,0,-0.091294065,0.0733233243227005,0.29270729422569275,0.37033703923225403
YKR046C,YKR098C,0,-0.09131503,0.07330498099327087,0.29270729422569275,0.37043705582618713
YOR088W,YKL178C,0,-0.09135351,0.07328664511442184,0.29270729422569275,0.37053704261779785
YLR390W-A,YKL012W,0,-0.09138426,0.07326831668615341,0.29270729422569275,0.37063705921173096
YIL008W,YPL095C,0,-0.09143008,0.07325000315904617,0.29270729422569275,0.37073707580566406
YPL189W,YDR143C,0,-0.09143892,0.07323168963193893,0.29270729422569275,0.37083709239959717
YHR026W,YLR240W,0,-0.091459304,0.07321339100599289,0.29270729422569275,0.3709370791912079
YML007W,YOL105C,1,-0.09147981,0.0734449177980423,0.2937062978744507,0.3709370791912079
YHR043C,YBL027W,0,-0.09150538,0.07342657446861267,0.2937062978744507,0.371037095785141
YML069W,YGL006W,0,-0.09151416,0.07340823858976364,0.2937062978744507,0.3711371123790741
YGL245W,YGR295C,0,-0.0915207,0.0733899176120758,0.2937062978744507,0.3712371289730072
YDL100C,YOL105C,1,-0.0915485,0.07362116128206253,0.2947053015232086,0.3712371289730072
YBR176W,YDL188C,0,-0.09155941,0.07360279560089111,0.2947053015232086,0.3713371455669403
YDR307W,YLR388W,0,-0.09167261,0.07358443737030029,0.2947053015232086,0.371437132358551
YAR071W,YER129W,0,-0.091721326,0.07356608659029007,0.2947053015232086,0.37153714895248413
YPL101W,YGL229C,0,-0.09172377,0.07354774326086044,0.2947053015232086,0.37163716554641724
YJL154C,YPR181C,0,-0.091724515,0.07352941483259201,0.2947053015232086,0.37173718214035034
YPL055C,YDR121W,0,-0.09179482,0.07351108640432358,0.2947053015232086,0.37183716893196106
YDR490C,YDL051W,0,-0.09181899,0.07349277287721634,0.2947053015232086,0.37193718552589417
YBL036C,YPL130W,0,-0.091876805,0.0734744742512703,0.2947053015232086,0.37203720211982727
YOR116C,YHR114W,0,-0.091893,0.07345617562532425,0.2947053015232086,0.3721372187137604
YKL089W,YNL146W,0,-0.09190761,0.0734378919005394,0.2947053015232086,0.3722372353076935
YKR092C,YLL026W,0,-0.091910854,0.07341960817575455,0.2947053015232086,0.3723372220993042
YHL003C,YOR228C,0,-0.091950014,0.07340134680271149,0.2947053015232086,0.3724372386932373
YGR279C,YDR418W,0,-0.09197495,0.07338308542966843,0.2947053015232086,0.3725372552871704
YKR039W,YGL106W,0,-0.09199744,0.07336483150720596,0.2947053015232086,0.3726372718811035
YBR100W,YFR003C,0,-0.092034794,0.0733465924859047,0.2947053015232086,0.3727372884750366
YBR176W,YNL248C,0,-0.09208739,0.07332836091518402,0.2947053015232086,0.37283727526664734
YNL151C,YLR095C,0,-0.092114106,0.07331013679504395,0.2947053015232086,0.37293729186058044
YGR284C,YIL073C,0,-0.092115805,0.07329192757606506,0.2947053015232086,0.37303730845451355
YGL160W,YAL068C,0,-0.09215773,0.07327371835708618,0.2947053015232086,0.37313732504844666
YNL321W,YOR049C,0,-0.09216484,0.0732555240392685,0.2947053015232086,0.3732373118400574
YNL007C,YNL158W,0,-0.09216681,0.0732373371720314,0.2947053015232086,0.3733373284339905
YOL060C,YGL155W,0,-0.09217633,0.07321915775537491,0.2947053015232086,0.3734373450279236
YDR320C-A,YLR017W,0,-0.09220302,0.07320099323987961,0.2947053015232086,0.3735373616218567
YPL268W,YBR227C,0,-0.09220412,0.0731828361749649,0.2947053015232086,0.3736373782157898
YDR387C,YPL061W,0,-0.09221744,0.0731646791100502,0.2947053015232086,0.3737373650074005
YIL090W,YML102W,0,-0.092401,0.07314654439687729,0.2947053015232086,0.3738373816013336
YFR032C-A,YCR094W,0,-0.09268087,0.07312840968370438,0.2947053015232086,0.3739373981952667
YGL012W,YOR344C,0,-0.09275767,0.07311028242111206,0.2947053015232086,0.37403741478919983
YJR155W,YCL039W,0,-0.09285543,0.07309217005968094,0.2947053015232086,0.37413740158081055
YMR207C,YGR007W,0,-0.09288613,0.07307406514883041,0.2947053015232086,0.37423741817474365
YPL181W,YEL039C,0,-0.09290932,0.07305596768856049,0.2947053015232086,0.37433743476867676
YLR132C,YBR055C,0,-0.09295115,0.07303787767887115,0.2947053015232086,0.37443745136260986
YJL109C,YDR270W,0,-0.09298122,0.07301980257034302,0.2947053015232086,0.37453746795654297
YCL066W,YBR015C,0,-0.092989035,0.07300173491239548,0.2947053015232086,0.3746374547481537
YDR189W,YNL194C,0,-0.09299069,0.07298367470502853,0.2947053015232086,0.3747374713420868
YKR046C,YPL001W,0,-0.09306703,0.07296562194824219,0.2947053015232086,0.3748374879360199
YNL222W,YMR153W,0,-0.09309455,0.07294757664203644,0.2947053015232086,0.374937504529953
YDL120W,YLR135W,0,-0.09321936,0.07292954623699188,0.2947053015232086,0.3750374913215637
YDL030W,YIL087C,0,-0.09324443,0.07291151583194733,0.2947053015232086,0.3751375079154968
YLR144C,YNL213C,0,-0.09325466,0.07289350032806396,0.2947053015232086,0.37523752450942993
YDR350C,YKL163W,0,-0.0933021,0.0728754922747612,0.2947053015232086,0.37533754110336304
YLR117C,YML091C,0,-0.093312085,0.07285749912261963,0.2947053015232086,0.37543755769729614
YDR074W,YDL088C,1,-0.093416005,0.07308641821146011,0.29570430517196655,0.37543755769729614
YDR074W,YJL014W,0,-0.09352316,0.07306838035583496,0.29570430517196655,0.37553754448890686
YHR064C,YLR460C,0,-0.093568936,0.07305034250020981,0.29570430517196655,0.37563756108283997
YEL003W,YDL102W,0,-0.093589246,0.07303231954574585,0.29570430517196655,0.37573757767677307
YBL071W-A,YKL209C,0,-0.09359039,0.07301430404186249,0.29570430517196655,0.3758375942707062
YJL141C,YJR136C,1,-0.09359236,0.0732429102063179,0.2967033088207245,0.3758375942707062
YLR051C,YPL228W,0,-0.09361992,0.07322484999895096,0.2967033088207245,0.3759375810623169
YDL124W,YOR375C,0,-0.093639754,0.07320680469274521,0.2967033088207245,0.37603759765625
YOR208W,YLR039C,0,-0.093648136,0.07318875938653946,0.2967033088207245,0.3761376142501831
YNL210W,YNL146W,0,-0.093658656,0.0731707289814949,0.2967033088207245,0.3762376308441162
YMR189W,YPR068C,0,-0.093723625,0.07315270602703094,0.2967033088207245,0.3763376474380493
YNL161W,YDR452W,0,-0.09372438,0.07313469797372818,0.2967033088207245,0.37643763422966003
YGL238W,YER051W,0,-0.09374643,0.07311668992042542,0.2967033088207245,0.37653765082359314
YLR421C,YDR170W-A,0,-0.09383921,0.07309869676828384,0.2967033088207245,0.37663766741752625
YMR060C,YLR361C,0,-0.09386005,0.07308071106672287,0.2967033088207245,0.37673768401145935
YDR171W,YJL141C,1,-0.093960494,0.07330873608589172,0.2977023124694824,0.37673768401145935
YML057W,YOR295W,0,-0.09402576,0.07329070568084717,0.2977023124694824,0.37683767080307007
YOR061W,YPL137C,0,-0.09405944,0.07327268272638321,0.2977023124694824,0.3769376873970032
YGR086C,YIL084C,1,-0.09407981,0.07350049167871475,0.29870128631591797,0.3769376873970032
YLR360W,YKL054C,0,-0.094163075,0.07348243147134781,0.29870128631591797,0.3770377039909363
YHL008C,YNL111C,0,-0.094179735,0.07346437126398087,0.29870128631591797,0.3771377205848694
YHR134W,YBR019C,0,-0.09419948,0.07344632595777512,0.29870128631591797,0.3772377371788025
YKR075C,YML011C,0,-0.09427115,0.07342828810214996,0.29870128631591797,0.3773377239704132
YDL226C,YGR121C,0,-0.09435727,0.073410265147686,0.29870128631591797,0.3774377405643463
YKR038C,YCL027W,0,-0.09435806,0.07339224219322205,0.29870128631591797,0.3775377571582794
YPR120C,YML124C,0,-0.09436622,0.07337423413991928,0.29870128631591797,0.3776377737522125
YCL045C,YDR135C,0,-0.09464726,0.07335623353719711,0.29870128631591797,0.37773776054382324
YGR284C,YIL030C,0,-0.09465416,0.07333824038505554,0.29870128631591797,0.37783777713775635
YEL024W,YBR210W,0,-0.0946582,0.07332025468349457,0.29870128631591797,0.37793779373168945
YGL079W,YIL043C,0,-0.09481157,0.07330227643251419,0.29870128631591797,0.37803781032562256
YER065C,YNL336W,0,-0.09498924,0.07328431308269501,0.29870128631591797,0.37813782691955566
YOR124C,YLR426W,0,-0.09511674,0.07326635718345642,0.29870128631591797,0.3782378137111664
YDR465C,YPL096C-A,0,-0.095119394,0.07324840873479843,0.29870128631591797,0.3783378303050995
YIR015W,YNL327W,0,-0.09512019,0.07323046773672104,0.29870128631591797,0.3784378468990326
YIL011W,YJL001W,0,-0.09515413,0.07321253418922424,0.29870128631591797,0.3785378634929657
YPR128C,YBR235W,0,-0.09522274,0.07319461554288864,0.29870128631591797,0.3786378502845764
YHR003C,YBL016W,0,-0.09534945,0.07317670434713364,0.29870128631591797,0.3787378668785095
YGL011C,YFL056C,0,-0.09546843,0.07315879315137863,0.29870128631591797,0.3788378834724426
YDR402C,YHL002W,0,-0.095504686,0.07314089685678482,0.29870128631591797,0.37893790006637573
YJL083W,YOR344C,0,-0.09551037,0.0731230154633522,0.29870128631591797,0.37903791666030884
YGR244C,YDR283C,0,-0.09555121,0.07310513406991959,0.29870128631591797,0.37913790345191956
YBL091C,YPR161C,0,-0.095577955,0.07308726757764816,0.29870128631591797,0.37923792004585266
YBR102C,YPL116W,0,-0.09559533,0.07306940108537674,0.29870128631591797,0.37933793663978577
YDL144C,YOL019W,0,-0.095597304,0.07305154949426651,0.29870128631591797,0.37943795323371887
YNL272C,YML131W,0,-0.095677614,0.07303370535373688,0.29870128631591797,0.3795379400253296
YOR136W,YML104C,0,-0.095716,0.07301587611436844,0.29870128631591797,0.3796379566192627
YOR375C,YOR250C,0,-0.095719784,0.072998046875,0.29870128631591797,0.3797379732131958
YOR391C,YOL127W,0,-0.09572531,0.07298023253679276,0.29870128631591797,0.3798379898071289
YGL084C,YHL022C,0,-0.09578851,0.07296241819858551,0.29870128631591797,0.379938006401062
YMR263W,YOR178C,1,-0.09579864,0.07318858057260513,0.2997002899646759,0.379938006401062
YDR120C,YBL090W,0,-0.095855445,0.0731707289814949,0.2997002899646759,0.38003799319267273
YDR397C,YDR192C,1,-0.095906466,0.07339673489332199,0.30069929361343384,0.38003799319267273
YHL036W,YBR041W,0,-0.09594448,0.07337883859872818,0.30069929361343384,0.38013800978660583
YHR122W,YOL152W,0,-0.09598351,0.07336095720529556,0.30069929361343384,0.38023802638053894
YPL096C-A,YOR092W,0,-0.09598458,0.07334308326244354,0.30069929361343384,0.38033804297447205
YER127W,YDR088C,0,-0.096009575,0.07332521677017212,0.30069929361343384,0.38043802976608276
YNL005C,YKL199C,0,-0.09602541,0.07330735772848129,0.30069929361343384,0.38053804636001587
YBL005W-A,YHR067W,0,-0.09604882,0.07328950613737106,0.30069929361343384,0.380638062953949
YDL119C,YKL145W,0,-0.09605865,0.07327166199684143,0.30069929361343384,0.3807380795478821
YDR354W,YDR111C,0,-0.09606381,0.07325383275747299,0.30069929361343384,0.3808380961418152
YKL096W,YDR224C,0,-0.09607984,0.07323601096868515,0.30069929361343384,0.3809380829334259
YBR057C,YML021C,0,-0.09615023,0.0732181966304779,0.30069929361343384,0.381038099527359
YIR015W,YDL235C,0,-0.09624353,0.07320038974285126,0.30069929361343384,0.3811381161212921
YBR072W,YDL116W,1,-0.096304394,0.07342572510242462,0.3016982972621918,0.3811381161212921
YJR100C,YFL014W,1,-0.096306056,0.07365094870328903,0.3026973009109497,0.3811381161212921
YGL185C,YBL019W,0,-0.096321344,0.07363305240869522,0.3026973009109497,0.3812381327152252
YEL032W,YDL046W,0,-0.09632775,0.073615163564682,0.3026973009109497,0.38133811950683594
YKL002W,YOL113W,0,-0.096437275,0.07359728217124939,0.3026973009109497,0.38143813610076904
YDR439W,YCR038C,0,-0.096440434,0.07357940822839737,0.3026973009109497,0.38153815269470215
YPL275W,YLR256W,0,-0.096512154,0.07356154173612595,0.3026973009109497,0.38163816928863525
YMR198W,YAL032C,0,-0.09651584,0.07354369014501572,0.3026973009109497,0.38173818588256836
YPL195W,YDL205C,0,-0.09656506,0.07352584600448608,0.3026973009109497,0.3818381726741791
YOR312C,YKL134C,0,-0.09660126,0.07350800931453705,0.3026973009109497,0.3819381892681122
YDR054C,YAR015W,0,-0.09666438,0.07349018007516861,0.3026973009109497,0.3820382058620453
YJL141C,YNL123W,1,-0.09669258,0.07371483743190765,0.30369630455970764,0.3820382058620453
YML086C,YDR408C,0,-0.09674139,0.07369697093963623,0.30369630455970764,0.3821382224559784
YCL040W,YDR477W,0,-0.09678206,0.07367910444736481,0.30369630455970764,0.3822382092475891
YGL099W,YIR009W,0,-0.09689014,0.07366125285625458,0.30369630455970764,0.3823382258415222
YDR541C,YMR044W,0,-0.09690548,0.07364340871572495,0.30369630455970764,0.3824382424354553
YJL189W,YML096W,0,-0.09697938,0.07362557202577591,0.30369630455970764,0.3825382590293884
YPL017C,YLR396C,0,-0.09698278,0.07360775023698807,0.30369630455970764,0.38263827562332153
YDR387C,YDR362C,0,-0.097093984,0.07358992844820023,0.30369630455970764,0.38273826241493225
YBL008W,YNL207W,0,-0.09711472,0.07357212156057358,0.30369630455970764,0.38283827900886536
YIL018W,YML121W,0,-0.097155504,0.07355432212352753,0.30369630455970764,0.38293829560279846
YHL021C,YDR393W,0,-0.09717192,0.07353652268648148,0.30369630455970764,0.38303831219673157
YNL003C,YCL045C,0,-0.09718181,0.07351874560117722,0.30369630455970764,0.3831382989883423
YDR268W,YBR135W,0,-0.097200245,0.07350096851587296,0.30369630455970764,0.3832383155822754
YDR255C,YJL209W,0,-0.09720731,0.07348319888114929,0.30369630455970764,0.3833383321762085
YGR062C,YFL016C,0,-0.097262256,0.07346544414758682,0.30369630455970764,0.3834383487701416
YJL125C,YMR150C,0,-0.097285055,0.07344768941402435,0.30369630455970764,0.3835383653640747
YFR053C,YDR228C,0,-0.097317696,0.07342994958162308,0.30369630455970764,0.3836383521556854
YIL114C,YHR147C,0,-0.09744084,0.0734122171998024,0.30369630455970764,0.38373836874961853
YER038C,YLR131C,0,-0.09744746,0.07339449226856232,0.30369630455970764,0.38383838534355164
YAL044C,YML095C,0,-0.097595364,0.07337678223848343,0.30369630455970764,0.38393840193748474
YMR006C,YNL336W,0,-0.09762335,0.07335907220840454,0.30369630455970764,0.38403841853141785
YNR012W,YOR086C,0,-0.09762424,0.07334137707948685,0.30369630455970764,0.38413840532302856
YHR037W,YMR110C,0,-0.09774417,0.07332368195056915,0.30369630455970764,0.38423842191696167
YGR287C,YDL213C,0,-0.09777492,0.07330600172281265,0.30369630455970764,0.3843384385108948
YLR035C,YJR120W,0,-0.097780846,0.07328832894563675,0.30369630455970764,0.3844384551048279
YPR065W,YGR241C,0,-0.09779164,0.07327067106962204,0.30369630455970764,0.3845384418964386
YDR343C,YPR151C,0,-0.09780596,0.07325301319360733,0.30369630455970764,0.3846384584903717
YDR216W,YNR055C,0,-0.09781021,0.07323536276817322,0.30369630455970764,0.3847384750843048
YGL161C,YFL052W,0,-0.09784799,0.0732177272439003,0.30369630455970764,0.3848384916782379
YOL052C-A,YAR002W,1,-0.097883366,0.07344088703393936,0.3046953082084656,0.3848384916782379
YHL007C,YDR259C,0,-0.09794458,0.07342320680618286,0.3046953082084656,0.384938508272171
YER030W,YGL039W,0,-0.09794949,0.07340553402900696,0.3046953082084656,0.38503849506378174
YPL211W,YPL095C,0,-0.098049104,0.07338787615299225,0.3046953082084656,0.38513851165771484
YGR266W,YLR060W,0,-0.098074205,0.07337021827697754,0.3046953082084656,0.38523852825164795
YMR074C,YNL068C,0,-0.09816177,0.07335257530212402,0.3046953082084656,0.38533854484558105
YIR034C,YPL242C,0,-0.09828402,0.0733349397778511,0.3046953082084656,0.3854385316371918
YNL158W,YNL213C,0,-0.09836906,0.07331730425357819,0.3046953082084656,0.3855385482311249
YPL059W,YPR168W,0,-0.098398566,0.07329969108104706,0.3046953082084656,0.385638564825058
YOR033C,YDR377W,0,-0.098455176,0.07328207790851593,0.3046953082084656,0.3857385814189911
YLR315W,YDR524C,0,-0.098492384,0.0732644721865654,0.3046953082084656,0.3858385980129242
YGL219C,YGR204W,0,-0.09850949,0.07324688136577606,0.3046953082084656,0.3859385848045349
YOR007C,YLL026W,1,-0.09860318,0.0734693855047226,0.3056943118572235,0.3859385848045349
YOR063W,YAL021C,0,-0.09866391,0.07345174998044968,0.3056943118572235,0.386038601398468
YMR040W,YCR017C,0,-0.098677024,0.07343412190675735,0.3056943118572235,0.3861386179924011
YDR480W,YOR191W,0,-0.09870335,0.07341650873422623,0.3056943118572235,0.38623863458633423
YKR086W,YPR082C,0,-0.09870766,0.0733988955616951,0.3056943118572235,0.38633862137794495
YPR128C,YOR195W,0,-0.098754376,0.07338129729032516,0.3056943118572235,0.38643863797187805
YDR171W,YDR258C,1,-0.098755226,0.07360345125198364,0.30669331550598145,0.38643863797187805
YMR289W,YDR390C,0,-0.098759174,0.07358580827713013,0.30669331550598145,0.38653865456581116
YKR090W,YOL042W,0,-0.098817155,0.07356817275285721,0.30669331550598145,0.38663867115974426
YJR065C,YAL056W,0,-0.098821566,0.07355055212974548,0.30669331550598145,0.38673868775367737
YGL232W,YBL080C,0,-0.09883252,0.07353293150663376,0.30669331550598145,0.3868386745452881
YOL091W,YHR122W,0,-0.09884148,0.07351532578468323,0.30669331550598145,0.3869386911392212
YER004W,YLR059C,0,-0.09886092,0.0734977275133133,0.30669331550598145,0.3870387077331543
YDR023W,YDR468C,0,-0.098901145,0.07348013669252396,0.30669331550598145,0.3871387243270874
YBR273C,YBR003W,0,-0.09890324,0.07346255332231522,0.30669331550598145,0.3872387111186981
YDL141W,YKL086W,0,-0.09892607,0.07344497740268707,0.30669331550598145,0.3873387277126312
YDL180W,YMR202W,0,-0.09895317,0.07342740893363953,0.30669331550598145,0.38743874430656433
YDR481C,YKL048C,0,-0.09905985,0.07340985536575317,0.30669331550598145,0.38753876090049744
YAL048C,YKL077W,0,-0.099186376,0.07339230179786682,0.30669331550598145,0.38763877749443054
YDR314C,YOR067C,0,-0.09919107,0.07337476313114166,0.30669331550598145,0.38773876428604126
YGL166W,YOL144W,0,-0.09919272,0.0733572319149971,0.30669331550598145,0.38783878087997437
YBR056W,YIL022W,0,-0.09925577,0.07333970069885254,0.30669331550598145,0.38793879747390747
YER016W,YNL023C,0,-0.09941444,0.07332218438386917,0.30669331550598145,0.3880388140678406
YMR083W,YMR161W,0,-0.0994379,0.073304682970047,0.30669331550598145,0.3881388008594513
YJR161C,YCR010C,0,-0.09947065,0.07328718155622482,0.30669331550598145,0.3882388174533844
YER107C,YOR178C,1,-0.09948721,0.0735083520412445,0.3076923191547394,0.3882388174533844
YLR238W,YGR030C,0,-0.09951314,0.07349081337451935,0.3076923191547394,0.3883388340473175
YLR023C,YGR184C,0,-0.099594615,0.07347328215837479,0.3076923191547394,0.3884388506412506
YOR211C,YKL010C,0,-0.09961942,0.07345575839281082,0.3076923191547394,0.3885388672351837
YAR066W,YNL152W,0,-0.09964461,0.07343824207782745,0.3076923191547394,0.38863885402679443
YPL158C,YDR465C,0,-0.09965646,0.07342074066400528,0.3076923191547394,0.38873887062072754
YBR084W,YOR362C,0,-0.09972218,0.0734032392501831,0.3076923191547394,0.38883888721466064
YPL051W,YDL190C,0,-0.09981544,0.07338575273752213,0.3076923191547394,0.38893890380859375
YLR133W,YCR102C,0,-0.099831045,0.07336827367544174,0.3076923191547394,0.38903889060020447
YKL088W,YOL138C,0,-0.09986287,0.07335079461336136,0.3076923191547394,0.3891389071941376
YJL003W,YOR278W,0,-0.099953905,0.07333333045244217,0.3076923191547394,0.3892389237880707
YOR014W,YOR361C,0,-0.09997831,0.07331587374210358,0.3076923191547394,0.3893389403820038
YLR324W,YPL193W,0,-0.10005669,0.07329843193292618,0.3076923191547394,0.3894389569759369
YER107C,YDR258C,1,-0.10016954,0.07351891696453094,0.3086913228034973,0.3894389569759369
YMR053C,YFR015C,0,-0.1002868,0.07350143045186996,0.3086913228034973,0.3895389437675476
YGL079W,YDR515W,0,-0.100395136,0.07348395138978958,0.3086913228034973,0.3896389603614807
YOR179C,YLR275W,0,-0.10047756,0.0734664797782898,0.3086913228034973,0.3897389769554138
YPR166C,YGL018C,0,-0.1004863,0.0734490156173706,0.3086913228034973,0.3898389935493469
YFL016C,YOR043W,1,-0.10058576,0.0736692026257515,0.30969029664993286,0.3898389935493469
YLR172C,YCL033C,0,-0.10071589,0.07365170121192932,0.30969029664993286,0.38993898034095764
YER149C,YML101C,0,-0.100757405,0.07363420724868774,0.30969029664993286,0.39003899693489075
YJR100C,YJR066W,1,-0.10077859,0.07385419309139252,0.3106893002986908,0.39003899693489075
YFL016C,YER111C,1,-0.10085003,0.07407407462596893,0.31168830394744873,0.39003899693489075
YBR084C-A,YDR056C,0,-0.100868724,0.07405649125576019,0.31168830394744873,0.39013901352882385
YIR009W,YKL178C,0,-0.10095556,0.07403891533613205,0.31168830394744873,0.39023903012275696
YDR317W,YGR231C,0,-0.100967854,0.0740213543176651,0.31168830394744873,0.39033904671669006
YNR071C,YFR008W,0,-0.10096787,0.07400379329919815,0.31168830394744873,0.3904390335083008
YER030W,YFR014C,0,-0.10101591,0.0739862471818924,0.31168830394744873,0.3905390501022339
YFL025C,YBR169C,0,-0.101036176,0.07396870851516724,0.31168830394744873,0.390639066696167
YHR149C,YDR397C,0,-0.10106325,0.07395116984844208,0.31168830394744873,0.3907390832901001
YPR036W,YIR022W,0,-0.101069085,0.07393364608287811,0.31168830394744873,0.3908390700817108
YDR485C,YER033C,0,-0.10113992,0.07391613721847534,0.31168830394744873,0.3909390866756439
YDL243C,YDR531W,0,-0.10128614,0.07389862835407257,0.31168830394744873,0.391039103269577
YDL205C,YDR077W,0,-0.10130881,0.0738811269402504,0.31168830394744873,0.39113911986351013
YML103C,YAR002W,1,-0.10132541,0.07410037517547607,0.31268730759620667,0.39113911986351013
YPR145W,YOL005C,0,-0.10134074,0.07408284395933151,0.31268730759620667,0.39123913645744324
YLR019W,YPL226W,0,-0.10137233,0.07406531274318695,0.31268730759620667,0.39133912324905396
YGL001C,YDR393W,0,-0.10138662,0.07404778897762299,0.31268730759620667,0.39143913984298706
YOL130W,YPL271W,0,-0.10154353,0.07403027266263962,0.31268730759620667,0.39153915643692017
YCR005C,YLR008C,0,-0.10161725,0.07401277124881744,0.31268730759620667,0.39163917303085327
YBR036C,YKL080W,0,-0.10162519,0.07399526983499527,0.31268730759620667,0.391739159822464
YGR058W,YPR096C,0,-0.10168448,0.07397778332233429,0.31268730759620667,0.3918391764163971
YHL004W,YDR469W,0,-0.10179,0.0739603042602539,0.31268730759620667,0.3919391930103302
YOR017W,YDR452W,0,-0.101833954,0.07394283264875412,0.31268730759620667,0.3920392096042633
YNL007C,YDL116W,1,-0.10192059,0.07416155189275742,0.3136863112449646,0.3920392096042633
YIL007C,YCR042C,0,-0.10195368,0.07414403557777405,0.3136863112449646,0.3921392261981964
YHL033C,YDR424C,0,-0.10196121,0.07412653416395187,0.3136863112449646,0.39223921298980713
YJR075W,YGL129C,0,-0.10200271,0.0741090402007103,0.3136863112449646,0.39233922958374023
YNR046W,YMR060C,0,-0.102039866,0.07409155368804932,0.3136863112449646,0.39243924617767334
YHR124W,YDR380W,0,-0.10208741,0.07407407462596893,0.3136863112449646,0.39253926277160645
YOR270C,YJR131W,0,-0.10216619,0.07405660301446915,0.3136863112449646,0.39263924956321716
YDR380W,YHL008C,0,-0.102232575,0.07403913885354996,0.3136863112449646,0.39273926615715027
YMR282C,YHR161C,0,-0.10225117,0.07402168959379196,0.3136863112449646,0.3928392827510834
YNR045W,YBL105C,0,-0.10226273,0.07400424033403397,0.3136863112449646,0.3929392993450165
YJL140W,YOR008C,1,-0.10228109,0.07422243058681488,0.31468531489372253,0.3929392993450165
YDR228C,YGL229C,0,-0.10239788,0.0742049440741539,0.31468531489372253,0.3930393159389496
YLR398C,YNR011C,0,-0.102402486,0.07418747246265411,0.31468531489372253,0.3931393027305603
YBR101C,YCR075C,0,-0.10245411,0.07417000085115433,0.31468531489372253,0.3932393193244934
YLR220W,YDL211C,0,-0.10247678,0.07415254414081573,0.31468531489372253,0.3933393359184265
YER159C,YLR260W,1,-0.102525815,0.07437044382095337,0.31568431854248047,0.3933393359184265
YHR122W,YJR118C,0,-0.10259194,0.0743529424071312,0.31568431854248047,0.3934393525123596
YPR151C,YER007C-A,0,-0.10263333,0.07433544844388962,0.31568431854248047,0.39353933930397034
YPL059W,YKL156W,0,-0.10263474,0.07431796938180923,0.31568431854248047,0.39363935589790344
YJR099W,YBR171W,0,-0.10269977,0.07430049031972885,0.31568431854248047,0.39373937249183655
YGL123W,YDR434W,0,-0.102754116,0.07428302615880966,0.31568431854248047,0.39383938908576965
YNL268W,YML025C,0,-0.10276142,0.07426556944847107,0.31568431854248047,0.39393940567970276
YCR067C,YGL254W,0,-0.102898985,0.07424812018871307,0.31568431854248047,0.3940393924713135
YNL097C,YBR025C,1,-0.10293147,0.07446558773517609,0.3166833221912384,0.3940393924713135
YOR132W,YJL197W,0,-0.10296652,0.0744481012225151,0.3166833221912384,0.3941394090652466
YGR067C,YMR060C,0,-0.10305549,0.07443061470985413,0.3166833221912384,0.3942394256591797
YIL084C,YJR066W,1,-0.10310879,0.07464788854122162,0.31768232583999634,0.3942394256591797
YNL049C,YOR303W,0,-0.1031156,0.07463036477565765,0.31768232583999634,0.3943394422531128
YFL029C,YAL041W,0,-0.10316336,0.07461285591125488,0.31768232583999634,0.3944394290447235
YLR038C,YNL216W,0,-0.103264295,0.07459535449743271,0.31768232583999634,0.3945394456386566
YML066C,YNR043W,0,-0.10343368,0.07457786053419113,0.31768232583999634,0.3946394622325897
YBL051C,YNL097C,0,-0.10345517,0.07456037402153015,0.31768232583999634,0.3947394788265228
YBR162C,YMR040W,0,-0.1034595,0.07454289495944977,0.31768232583999634,0.39483949542045593
YCR079W,YNL126W,0,-0.10349716,0.07452543079853058,0.31768232583999634,0.39493948221206665
YKR038C,YLR288C,0,-0.10356775,0.07450796663761139,0.31768232583999634,0.39503949880599976
YMR106C,YMR086W,0,-0.1035857,0.0744905099272728,0.31768232583999634,0.39513951539993286
YNL283C,YDL088C,1,-0.103636146,0.0747072622179985,0.3186813294887543,0.39513951539993286
YBR016W,YPL271W,0,-0.10370173,0.07468976825475693,0.3186813294887543,0.39523953199386597
YER041W,YLR323C,0,-0.10370792,0.07467228174209595,0.3186813294887543,0.3953395485877991
YPL158C,YER012W,0,-0.103804395,0.07465481013059616,0.3186813294887543,0.3954395353794098
YGL073W,YKL068W,1,-0.10393107,0.07487131655216217,0.3196803331375122,0.3954395353794098
YER133W,YOR008C,1,-0.103938416,0.07508771866559982,0.32067930698394775,0.3954395353794098
YLR106C,YDR145W,0,-0.10407853,0.07507015764713287,0.32067930698394775,0.3955395519733429
YHR184W,YKL077W,0,-0.10408895,0.07505260407924652,0.32067930698394775,0.395639568567276
YKL127W,YBL060W,0,-0.10421888,0.07503506541252136,0.32067930698394775,0.3957395851612091
YBR008C,YLL066C,0,-0.10426365,0.0750175267457962,0.32067930698394775,0.3958395719528198
YLL031C,YGL160W,0,-0.10450711,0.07500000298023224,0.32067930698394775,0.39593958854675293
YDR189W,YOR246C,0,-0.10451153,0.07498247921466827,0.32067930698394775,0.39603960514068604
YFR051C,YGL092W,0,-0.10465345,0.0749649703502655,0.32067930698394775,0.39613962173461914
YBR248C,YMR292W,0,-0.10469246,0.07494746893644333,0.32067930698394775,0.39623963832855225
YHL001W,YBL042C,0,-0.10472262,0.07492997497320175,0.32067930698394775,0.39633962512016296
YOR007C,YLR019W,1,-0.10475358,0.07514585554599762,0.3216783106327057,0.39633962512016296
YMR215W,YHR207C,0,-0.10478485,0.07512832432985306,0.3216783106327057,0.39643964171409607
YOL004W,YDR074W,1,-0.10480511,0.07534406334161758,0.3226773142814636,0.39643964171409607
YDL146W,YOL076W,0,-0.10501784,0.07532649487257004,0.3226773142814636,0.3965396583080292
YOR022C,YNL251C,0,-0.105098434,0.07530892640352249,0.3226773142814636,0.3966396749019623
YLR313C,YDR450W,0,-0.105131105,0.07529137283563614,0.3226773142814636,0.396739661693573
YOR262W,YDL159W,0,-0.10522026,0.07527382671833038,0.3226773142814636,0.3968396782875061
YPR023C,YOR079C,0,-0.10525682,0.07525628805160522,0.3226773142814636,0.3969396948814392
YOR192C,YKL035W,0,-0.10528231,0.07523876428604126,0.3226773142814636,0.3970397114753723
YGR205W,YMR297W,0,-0.10532144,0.0752212405204773,0.3226773142814636,0.3971397280693054
YBR048W,YOL034W,0,-0.105339475,0.07520372420549393,0.3226773142814636,0.39723971486091614
YGR086C,YAL014C,0,-0.10538691,0.07518622279167175,0.3226773142814636,0.39733973145484924
YJR161C,YKR037C,0,-0.10540852,0.07516872137784958,0.3226773142814636,0.39743974804878235
YDR097C,YER081W,0,-0.10542576,0.0751512348651886,0.3226773142814636,0.39753976464271545
YJL002C,YMR050C,0,-0.105433896,0.07513374835252762,0.3226773142814636,0.39763975143432617
YPL132W,YHR032W,0,-0.10548729,0.07511627674102783,0.3226773142814636,0.3977397680282593
YJR136C,YMR037C,1,-0.105508044,0.07533131539821625,0.32367631793022156,0.3977397680282593
YDR379W,YHR214W,0,-0.105540685,0.07531380653381348,0.32367631793022156,0.3978397846221924
YMR098C,YOR244W,0,-0.10564165,0.0752963051199913,0.32367631793022156,0.3979398012161255
YMR045C,YML012W,0,-0.10565368,0.07527881115674973,0.32367631793022156,0.3980398178100586
YDR077W,YHR099W,0,-0.10578857,0.07526132464408875,0.32367631793022156,0.3981398046016693
YLR106C,YPR054W,0,-0.10579921,0.07524384558200836,0.32367631793022156,0.3982398211956024
YOR178C,YDR349C,0,-0.105800785,0.07522637397050858,0.32367631793022156,0.3983398377895355
YDL154W,YGL187C,0,-0.10581399,0.07520891726016998,0.32367631793022156,0.39843985438346863
YPL012W,YGL008C,0,-0.10585362,0.07519146054983139,0.32367631793022156,0.39853984117507935
YOL004W,YKL057C,1,-0.10589725,0.0754060298204422,0.3246753215789795,0.39853984117507935
YKL213C,YER106W,0,-0.106093094,0.07538854330778122,0.3246753215789795,0.39863985776901245
YKL054C,YER018C,0,-0.10610776,0.07537105679512024,0.3246753215789795,0.39873987436294556
YPL004C,YNL123W,1,-0.106157556,0.07558543980121613,0.3256743252277374,0.39873987436294556
YIL150C,YNL288W,0,-0.10618016,0.07556791603565216,0.3256743252277374,0.39883989095687866
YHL028W,YPR066W,0,-0.10632293,0.07555040717124939,0.3256743252277374,0.39893990755081177
YJR045C,YMR292W,0,-0.10633838,0.07553289830684662,0.3256743252277374,0.3990398943424225
YLR182W,YNL123W,1,-0.10636437,0.0757470428943634,0.32667332887649536,0.3990398943424225
YER122C,YBR290W,0,-0.106370166,0.07572950422763824,0.32667332887649536,0.3991399109363556
YLR006C,YBR154C,0,-0.10643169,0.07571197301149368,0.32667332887649536,0.3992399275302887
YGL231C,YOR131C,0,-0.10643555,0.07569444179534912,0.32667332887649536,0.3993399441242218
YIR008C,YDR524C,0,-0.10648403,0.07567692548036575,0.32667332887649536,0.3994399309158325
YDR261C,YKR048C,0,-0.10648818,0.07565941661596298,0.32667332887649536,0.3995399475097656
YDR465C,YGR241C,0,-0.10661167,0.07564191520214081,0.32667332887649536,0.39963996410369873
YNL045W,YLL010C,0,-0.106627785,0.07562442123889923,0.32667332887649536,0.39973998069763184
YOR326W,YLR071C,0,-0.10666613,0.07560693472623825,0.32667332887649536,0.39983999729156494
YLR207W,YFR055W,0,-0.106667444,0.07558945566415787,0.32667332887649536,0.39993998408317566
YOL077C,YBR091C,0,-0.1067213,0.07557199150323868,0.32667332887649536,0.40004000067710876
YLR096W,YOR131C,0,-0.106896915,0.07555452734231949,0.32667332887649536,0.40014001727104187
YDR422C,YOR091W,0,-0.10691183,0.07553707808256149,0.32667332887649536,0.400240033864975
YOR372C,YDR322W,0,-0.10691613,0.0755196288228035,0.32667332887649536,0.4003400206565857
YJL025W,YDR169C,0,-0.10704224,0.0755021944642067,0.32667332887649536,0.4004400372505188
YLR368W,YNL278W,0,-0.107099295,0.07548476755619049,0.32667332887649536,0.4005400538444519
YOR030W,YBL087C,0,-0.10715714,0.07546734064817429,0.32667332887649536,0.400640070438385
YCL067C,YKL163W,0,-0.107274175,0.07544992864131927,0.32667332887649536,0.4007400870323181
YMR207C,YKR098C,0,-0.10732491,0.07543252408504486,0.32667332887649536,0.40084007382392883
YBL006C,YOR233W,0,-0.10749884,0.07541512697935104,0.32667332887649536,0.40094009041786194
YAL002W,YDR228C,0,-0.10750839,0.07539773732423782,0.32667332887649536,0.40104010701179504
YNL135C,YJL118W,0,-0.10753156,0.0753803625702858,0.32667332887649536,0.40114012360572815
YDL210W,YLL067C,0,-0.10764275,0.07536298781633377,0.32667332887649536,0.40124011039733887
YPR021C,YML009C,0,-0.10772431,0.07534562051296234,0.32667332887649536,0.401340126991272
YLR133W,YJL156C,0,-0.1077348,0.0753282681107521,0.32667332887649536,0.4014401435852051
YDR122W,YMR281W,0,-0.10776573,0.07531091570854187,0.32667332887649536,0.4015401601791382
YHR210C,YML124C,0,-0.1078577,0.07529357820749283,0.32667332887649536,0.4016401767730713
YLR233C,YDR080W,0,-0.10790363,0.07527624070644379,0.32667332887649536,0.401740163564682
YMR076C,YHR050W,0,-0.10792178,0.07525891810655594,0.32667332887649536,0.4018401801586151
YPL237W,YLL048C,0,-0.10803871,0.07524160295724869,0.32667332887649536,0.4019401967525482
YHR006W,YPL020C,0,-0.10805907,0.07522429525852203,0.32667332887649536,0.4020402133464813
YNL075W,YPL280W,0,-0.10807498,0.07520699501037598,0.32667332887649536,0.40214020013809204
YOR155C,YPL190C,0,-0.1080842,0.07518970221281052,0.32667332887649536,0.40224021673202515
YDR352W,YJL139C,0,-0.10815007,0.07517241686582565,0.32667332887649536,0.40234023332595825
YBL064C,YLR361C,0,-0.10818854,0.07515513896942139,0.32667332887649536,0.40244024991989136
YIL150C,YDL049C,0,-0.108347446,0.07513786852359772,0.32667332887649536,0.40254026651382446
YMR201C,YBR088C,0,-0.10834937,0.07512060552835464,0.32667332887649536,0.4026402533054352
YDR448W,YHL033C,0,-0.10835655,0.07510334998369217,0.32667332887649536,0.4027402698993683
YKL167C,YBL102W,0,-0.10838465,0.07508610934019089,0.32667332887649536,0.4028402864933014
YNL216W,YDL168W,0,-0.108503014,0.0750688686966896,0.32667332887649536,0.4029403030872345
YDR421W,YOR067C,0,-0.10872097,0.07505164295434952,0.32667332887649536,0.4030402898788452
YGL201C,YMR053C,0,-0.10872407,0.07503441721200943,0.32667332887649536,0.4031403064727783
YJR067C,YOR005C,0,-0.10875301,0.07501720637083054,0.32667332887649536,0.4032403230667114
YOL092W,YNL251C,0,-0.108807944,0.07500000298023224,0.32667332887649536,0.40334033966064453
YER015W,YJL181W,0,-0.10888261,0.07498279958963394,0.32667332887649536,0.40344035625457764
YKL089W,YMR313C,0,-0.109087415,0.07496561110019684,0.32667332887649536,0.40354034304618835
YDR017C,YMR323W,0,-0.109183505,0.07494843006134033,0.32667332887649536,0.40364035964012146
YKR003W,YOR272W,0,-0.10919383,0.07493125647306442,0.32667332887649536,0.40374037623405457
YDL174C,YHR010W,0,-0.10929198,0.07491409033536911,0.32667332887649536,0.40384039282798767
YFL005W,YLR246W,0,-0.10931286,0.0748969316482544,0.32667332887649536,0.4039403796195984
YJR100C,YKL068W,1,-0.10933074,0.07510877400636673,0.3276723325252533,0.4039403796195984
YCR063W,YDL137W,0,-0.10942988,0.07509157806634903,0.3276723325252533,0.4040403962135315
YJR123W,YLR306W,0,-0.109439656,0.07507438957691193,0.3276723325252533,0.4041404128074646
YLR093C,YDR434W,0,-0.10949373,0.07505720853805542,0.3276723325252533,0.4042404294013977
YJL041W,YAR007C,0,-0.109516546,0.07504003494977951,0.3276723325252533,0.4043404459953308
YKL179C,YOL115W,0,-0.109604925,0.0750228762626648,0.3276723325252533,0.40444043278694153
YLL026W,YKR082W,1,-0.10971942,0.07523439079523087,0.32867133617401123,0.40444043278694153
YOL007C,YDR338C,0,-0.10972175,0.07521719485521317,0.32867133617401123,0.40454044938087463
YFL033C,YLR260W,1,-0.10975322,0.0754285678267479,0.32967033982276917,0.40454044938087463
YDR291W,YDR186C,0,-0.109754235,0.07541133463382721,0.32967033982276917,0.40464046597480774
YCR009C,YBL008W,0,-0.109837286,0.07539410889148712,0.32967033982276917,0.40474048256874084
YJL184W,YOR125C,0,-0.10984656,0.07537688314914703,0.32967033982276917,0.40484046936035156
YDL220C,YER112W,0,-0.10986431,0.07535967230796814,0.32967033982276917,0.40494048595428467
YDR257C,YJL118W,0,-0.109875254,0.07534246891736984,0.32967033982276917,0.4050405025482178
YIL084C,YER159C,1,-0.10988262,0.0755535289645195,0.3306693434715271,0.4050405025482178
YJR045C,YNL291C,0,-0.1100288,0.07553628832101822,0.3306693434715271,0.4051405191421509
YFR025C,YNL119W,0,-0.11014625,0.07551904767751694,0.3306693434715271,0.405240535736084
YOL004W,YFL014W,1,-0.11022067,0.07572992891073227,0.33166831731796265,0.405240535736084
YER033C,YMR274C,0,-0.110266015,0.0757126584649086,0.33166831731796265,0.4053405225276947
YGL142C,YHR165C,0,-0.11026775,0.07569539546966553,0.33166831731796265,0.4054405391216278
YLR196W,YJR132W,0,-0.11036115,0.07567813992500305,0.33166831731796265,0.4055405557155609
YDR399W,YDR175C,0,-0.11038733,0.07566089183092117,0.33166831731796265,0.405640572309494
YLL026W,YDL116W,1,-0.11039762,0.07587149739265442,0.3326673209667206,0.405640572309494
YNR011C,YCL027C-A,0,-0.110446356,0.07585421204566956,0.3326673209667206,0.4057405889034271
YPL043W,YOR192C,0,-0.11056538,0.07583694159984589,0.3326673209667206,0.40584057569503784
YLR194C,YER160C,0,-0.110574156,0.07581967115402222,0.3326673209667206,0.40594059228897095
YNL094W,YPL140C,0,-0.11063944,0.07580241560935974,0.3326673209667206,0.40604060888290405
YDR236C,YOL121C,0,-0.11069975,0.07578516006469727,0.3326673209667206,0.40614062547683716
YPL217C,YGR017W,0,-0.11070946,0.07576791942119598,0.3326673209667206,0.4062406122684479
YPR058W,YPR186C,0,-0.110824615,0.0757506787776947,0.3326673209667206,0.406340628862381
YJL020C,YBR239C,0,-0.11089987,0.07573345303535461,0.3326673209667206,0.4064406454563141
YNL241C,YHR138C,0,-0.11094349,0.07571623474359512,0.3326673209667206,0.4065406620502472
YJR091C,YJR064W,0,-0.111039996,0.07569902390241623,0.3326673209667206,0.4066406786441803
YJR090C,YNL146W,0,-0.111082934,0.07568182051181793,0.3326673209667206,0.406740665435791
YGL250W,YJL179W,0,-0.111104116,0.07566462457180023,0.3326673209667206,0.4068406820297241
YML057W,YNL064C,0,-0.11114305,0.07564743608236313,0.3326673209667206,0.4069406986236572
YFL037W,YPL212C,0,-0.11116746,0.07563025504350662,0.3326673209667206,0.40704071521759033
YLR371W,YBL005W-A,0,-0.11119215,0.07561308145523071,0.3326673209667206,0.40714070200920105
YGL250W,YBL021C,0,-0.11120771,0.0755959153175354,0.3326673209667206,0.40724071860313416
YDL180W,YER072W,0,-0.11121372,0.07557875663042068,0.3326673209667206,0.40734073519706726
YKR003W,YLR044C,0,-0.11124146,0.07556160539388657,0.3326673209667206,0.40744075179100037
YGR227W,YLR071C,0,-0.11126838,0.07554446160793304,0.3326673209667206,0.40754076838493347
YJR022W,YGR278W,0,-0.111272305,0.07552733272314072,0.3326673209667206,0.4076407551765442
YML048W,YKR095W-A,0,-0.11138644,0.07551020383834839,0.3326673209667206,0.4077407717704773
YOL092W,YPR086W,0,-0.11139333,0.07549308240413666,0.3326673209667206,0.4078407883644104
YDR302W,YOL120C,0,-0.11150579,0.07547597587108612,0.3326673209667206,0.4079408049583435
YGL048C,YKR064W,0,-0.11151426,0.07545886933803558,0.3326673209667206,0.4080407917499542
YJR117W,YLR345W,0,-0.11155675,0.07544177770614624,0.3326673209667206,0.40814080834388733
YDL127W,YNL291C,0,-0.111678675,0.0754246860742569,0.3326673209667206,0.40824082493782043
YJR043C,YML005W,0,-0.11171998,0.07540760934352875,0.3326673209667206,0.40834084153175354
YJL012C,YIR006C,0,-0.11179355,0.0753905400633812,0.3326673209667206,0.40844085812568665
YNL067W,YPR173C,0,-0.11180371,0.07537347078323364,0.3326673209667206,0.40854084491729736
YKR031C,YGR061C,0,-0.11182083,0.07535641640424728,0.3326673209667206,0.40864086151123047
YER148W,YOR383C,0,-0.11186959,0.07533936947584152,0.3326673209667206,0.4087408781051636
YNL164C,YDR292C,0,-0.11191155,0.07532232254743576,0.3326673209667206,0.4088408946990967
YOL105C,YLR260W,1,-0.11197352,0.07553143054246902,0.3336663246154785,0.4088408946990967
YDR441C,YJR089W,0,-0.112014316,0.07551435381174088,0.3336663246154785,0.4089408814907074
YLR215C,YFL002C,0,-0.112029,0.07549728453159332,0.3336663246154785,0.4090408980846405
YER111C,YFL014W,1,-0.11206978,0.07570621371269226,0.33466532826423645,0.4090408980846405
YDR115W,YNL197C,0,-0.11211051,0.07568910717964172,0.33466532826423645,0.4091409146785736
YGR005C,YOR078W,0,-0.11216566,0.07567201554775238,0.33466532826423645,0.4092409312725067
YOR250C,YLL021W,0,-0.11218018,0.07565492391586304,0.33466532826423645,0.4093409478664398
YFR008W,YOR110W,0,-0.11219546,0.07563783973455429,0.33466532826423645,0.40944093465805054
YHR018C,YOR231W,0,-0.112258464,0.07562077045440674,0.33466532826423645,0.40954095125198364
YLR421C,YHR072W-A,0,-0.11228435,0.07560370117425919,0.33466532826423645,0.40964096784591675
YDR007W,YNL156C,0,-0.11239816,0.07558663934469223,0.33466532826423645,0.40974098443984985
YGR091W,YMR292W,0,-0.11242877,0.07556959241628647,0.33466532826423645,0.40984097123146057
YPL155C,YOR036W,0,-0.11252867,0.0755525454878807,0.33466532826423645,0.4099409878253937
YIL005W,YDL178W,0,-0.11254237,0.07553551346063614,0.33466532826423645,0.4100410044193268
YMR247C,YOL133W,0,-0.11268537,0.07551848143339157,0.33466532826423645,0.4101410210132599
YER169W,YPL168W,0,-0.11270816,0.0755014643073082,0.33466532826423645,0.410241037607193
YBL103C,YPL045W,0,-0.112887755,0.07548445463180542,0.33466532826423645,0.4103410243988037
YOL138C,YLR327C,0,-0.112987764,0.07546744495630264,0.33466532826423645,0.4104410409927368
YDR264C,YBR056W,0,-0.11306203,0.07545045018196106,0.33466532826423645,0.4105410575866699
YOL105C,YHL028W,1,-0.11307207,0.0756586343050003,0.3356643319129944,0.4105410575866699
YIL084C,YLR260W,1,-0.11313321,0.07586672902107239,0.3366633355617523,0.4105410575866699
YDL100C,YMR186W,1,-0.11313749,0.07607472687959671,0.33766233921051025,0.4105410575866699
YHR149C,YER099C,0,-0.11319944,0.07605760544538498,0.33766233921051025,0.410641074180603
YJR152W,YNL058C,0,-0.11329221,0.07604049146175385,0.33766233921051025,0.41074106097221375
YGR224W,YMR293C,0,-0.11349459,0.0760233923792839,0.33766233921051025,0.41084107756614685
YLR127C,YPL270W,0,-0.11351292,0.07600629329681396,0.33766233921051025,0.41094109416007996
YJL092W,YKL016C,0,-0.11352769,0.07598920911550522,0.33766233921051025,0.41104111075401306
YGR005C,YCL017C,0,-0.11356402,0.07597212493419647,0.33766233921051025,0.41114112734794617
YCR058C,YOL125W,0,-0.113605835,0.07595505565404892,0.33766233921051025,0.4112411141395569
YBR156C,YKR099C-A,0,-0.11370565,0.07593799382448196,0.33766233921051025,0.41134113073349
YBL057C,YBR028C,0,-0.11376117,0.07592093199491501,0.33766233921051025,0.4114411473274231
YBR126C,YIR013C,0,-0.11377931,0.07590388506650925,0.33766233921051025,0.4115411639213562
YKL195W,YML021C,0,-0.11382017,0.07588684558868408,0.33766233921051025,0.4116411507129669
YNL039W,YPR079W,0,-0.11386062,0.07586980611085892,0.33766233921051025,0.4117411673069
YFL055W,YDR372C,0,-0.113875374,0.07585278153419495,0.33766233921051025,0.41184118390083313
YGR272C,YBL030C,0,-0.11390947,0.07583576440811157,0.33766233921051025,0.41194120049476624
YDR256C,YKL101W,0,-0.11392471,0.0758187547326088,0.33766233921051025,0.41204121708869934
YPL153C,YER007C-A,0,-0.11399198,0.07580175250768661,0.33766233921051025,0.41214120388031006
YBR295W,YJR027W,0,-0.11399643,0.07578475028276443,0.33766233921051025,0.41224122047424316
YOL132W,YKR094C,0,-0.11400191,0.07576776295900345,0.33766233921051025,0.41234123706817627
YOR368W,YMR285C,0,-0.114010036,0.07575078308582306,0.33766233921051025,0.4124412536621094
YBR293W,YNL046W,0,-0.11404225,0.07573381066322327,0.33766233921051025,0.4125412404537201
YIL084C,YHL028W,1,-0.11406554,0.07594086229801178,0.3386613428592682,0.4125412404537201
YDL105W,YHR073W,0,-0.1140676,0.075923852622509,0.3386613428592682,0.4126412570476532
YMR041C,YDR065W,0,-0.114084244,0.07590685039758682,0.3386613428592682,0.4127412736415863
YJL069C,YPL001W,0,-0.11419213,0.07588985562324524,0.3386613428592682,0.4128412902355194
YDR259C,YCR107W,0,-0.114246756,0.07587287575006485,0.3386613428592682,0.4129413068294525
YOR060C,YOR032C,0,-0.114289016,0.07585589587688446,0.3386613428592682,0.41304129362106323
YDR307W,YPL116W,0,-0.1143187,0.07583892345428467,0.3386613428592682,0.41314131021499634
YLR136C,YNL161W,0,-0.114332214,0.07582196593284607,0.3386613428592682,0.41324132680892944
YNL311C,YDR091C,0,-0.114336945,0.07580500841140747,0.3386613428592682,0.41334134340286255
YBR191W,YHR141C,0,-0.11434442,0.07578805834054947,0.3386613428592682,0.41344133019447327
YDR171W,YER107C,1,-0.11434792,0.07599463313817978,0.3396603465080261,0.41344133019447327
YBR048W,YGL067W,0,-0.11447731,0.07597765326499939,0.3396603465080261,0.41354134678840637
YDL012C,YOL076W,0,-0.11448904,0.0759606808423996,0.3396603465080261,0.4136413633823395
YKR030W,YKL154W,0,-0.11454261,0.0759437158703804,0.3396603465080261,0.4137413799762726
YHR153C,YOR131C,0,-0.114573896,0.0759267508983612,0.3396603465080261,0.4138413965702057
YNL321W,YDR056C,0,-0.11458002,0.0759098008275032,0.3396603465080261,0.4139413833618164
YPL266W,YER122C,0,-0.11465086,0.0758928582072258,0.3396603465080261,0.4140413999557495
YGL104C,YOL029C,0,-0.1146837,0.07587592303752899,0.3396603465080261,0.4141414165496826
YFR047C,YMR043W,0,-0.11470555,0.07585898786783218,0.3396603465080261,0.4142414331436157
YHR193C,YER169W,0,-0.11470926,0.07584206759929657,0.3396603465080261,0.41434141993522644
YDR376W,YKR053C,0,-0.11493051,0.07582515478134155,0.3396603465080261,0.41444143652915955
YGL059W,YDL007W,0,-0.11515294,0.07580824941396713,0.3396603465080261,0.41454145312309265
YOR384W,YHR214W,0,-0.115165904,0.07579135149717331,0.3396603465080261,0.41464146971702576
YOR260W,YJR135C,0,-0.1152153,0.07577446103096008,0.3396603465080261,0.41474148631095886
YOR356W,YPL269W,0,-0.11529294,0.07575757801532745,0.3396603465080261,0.4148414731025696
YJL212C,YFL018W-A,0,-0.11555118,0.07574070245027542,0.3396603465080261,0.4149414896965027
YHL016C,YFL026W,0,-0.11555147,0.07572383433580399,0.3396603465080261,0.4150415062904358
YOR344C,YKL129C,0,-0.115622684,0.07570696622133255,0.3396603465080261,0.4151415228843689
YHR140W,YNL316C,0,-0.11565897,0.07569011300802231,0.3396603465080261,0.4152415096759796
YLR158C,YKL063C,0,-0.115708515,0.07567326724529266,0.3396603465080261,0.4153415262699127
YDR388W,YOL059W,0,-0.115716055,0.07565642893314362,0.3396603465080261,0.4154415428638458
YAR018C,YKR077W,0,-0.11574443,0.07563959807157516,0.3396603465080261,0.41554155945777893
YPL096C-A,YML010W,0,-0.11578271,0.07562277466058731,0.3396603465080261,0.41564157605171204
YPR036W,YLR052W,0,-0.11580927,0.07560595870018005,0.3396603465080261,0.41574156284332275
YNL217W,YBR162W-A,0,-0.11582887,0.0755891501903534,0.3396603465080261,0.41584157943725586
YHR153C,YML100W,0,-0.11585163,0.07557234913110733,0.3396603465080261,0.41594159603118896
YGR123C,YFR030W,0,-0.11595431,0.07555555552244186,0.3396603465080261,0.41604161262512207
YLL016W,YLR132C,0,-0.11595937,0.075538769364357,0.3396603465080261,0.4161415994167328
YDR079C-A,YLR013W,0,-0.11606043,0.07552199065685272,0.3396603465080261,0.4162416160106659
YNL293W,YBR040W,0,-0.11612725,0.07550521939992905,0.3396603465080261,0.416341632604599
YNL244C,YBR033W,0,-0.11615429,0.07548845559358597,0.3396603465080261,0.4164416491985321
YEL071W,YDR422C,0,-0.11619288,0.07547169923782349,0.3396603465080261,0.4165416657924652
YDR050C,YJR160C,0,-0.11625494,0.0754549503326416,0.3396603465080261,0.4166416525840759
YPR173C,YGL059W,0,-0.11626108,0.07543820887804031,0.3396603465080261,0.41674166917800903
YJR047C,YML114C,0,-0.116408825,0.07542147487401962,0.3396603465080261,0.41684168577194214
YOL089C,YKL196C,0,-0.11651294,0.07540474832057953,0.3396603465080261,0.41694170236587524
YAL034W-A,YDR339C,0,-0.116580114,0.07538802921772003,0.3396603465080261,0.41704171895980835
YOR267C,YDL058W,0,-0.1165992,0.07537131756544113,0.3396603465080261,0.41714170575141907
YDR511W,YER129W,0,-0.116650954,0.07535461336374283,0.3396603465080261,0.4172417223453522
YFR046C,YML026C,0,-0.116659805,0.07533790916204453,0.3396603465080261,0.4173417389392853
YKL032C,YOR202W,0,-0.11667135,0.07532121986150742,0.3396603465080261,0.4174417555332184
YJL097W,YOR036W,0,-0.116680086,0.0753045380115509,0.3396603465080261,0.4175417423248291
YDL025C,YEL046C,0,-0.11670104,0.07528786361217499,0.3396603465080261,0.4176417589187622
YOL146W,YLR345W,0,-0.1167183,0.07527119666337967,0.3396603465080261,0.4177417755126953
YPL088W,YPL085W,0,-0.11675994,0.07525453716516495,0.3396603465080261,0.4178417921066284
YGR161C,YBR034C,0,-0.11678064,0.07523788511753082,0.3396603465080261,0.4179418087005615
YER133W,YEL077C,0,-0.116789356,0.0752212405204773,0.3396603465080261,0.41804179549217224
YPR173C,YOL152W,0,-0.11682228,0.07520460337400436,0.3396603465080261,0.41814181208610535
YKL176C,YOL076W,0,-0.116824985,0.07518796622753143,0.3396603465080261,0.41824182868003845
YDR214W,YPL090C,0,-0.11703906,0.0751713439822197,0.3396603465080261,0.41834184527397156
YGL063W,YPR175W,0,-0.117089085,0.07515472918748856,0.3396603465080261,0.4184418320655823
YJL219W,YDR121W,0,-0.11709724,0.07513812184333801,0.3396603465080261,0.4185418486595154
YNL294C,YML101C,0,-0.11716968,0.07512152194976807,0.3396603465080261,0.4186418652534485
YJL184W,YPR042C,0,-0.11719933,0.07510492950677872,0.3396603465080261,0.4187418818473816
YHL017W,YJL099W,0,-0.11723918,0.07508833706378937,0.3396603465080261,0.4188418984413147
YMR074C,YHR045W,0,-0.11728908,0.07507175952196121,0.3396603465080261,0.4189418852329254
YPL176C,YCL029C,0,-0.11734693,0.07505518943071365,0.3396603465080261,0.4190419018268585
YNL169C,YPL001W,0,-0.117383346,0.0750386193394661,0.3396603465080261,0.4191419184207916
YOR306C,YDR166C,0,-0.117403746,0.07502206414937973,0.3396603465080261,0.41924193501472473
YPL192C,YPL206C,0,-0.11742097,0.07500551640987396,0.3396603465080261,0.41934192180633545
YNL227C,YFR009W,0,-0.11743578,0.0749889686703682,0.3396603465080261,0.41944193840026855
YML107C,YLR324W,0,-0.1176029,0.07497243583202362,0.3396603465080261,0.41954195499420166
YOR117W,YPR047W,0,-0.117632926,0.07495591044425964,0.3396603465080261,0.41964197158813477
YBL025W,YEL054C,0,-0.11764662,0.07493938505649567,0.3396603465080261,0.41974198818206787
YPL018W,YKL173W,0,-0.117664814,0.07492287456989288,0.3396603465080261,0.4198419749736786
YLR182W,YKL068W,1,-0.11767287,0.07512667775154114,0.34065935015678406,0.4198419749736786
YFR032C-A,YBR133C,0,-0.11786947,0.07511013001203537,0.34065935015678406,0.4199419915676117
YDL064W,YBR254C,0,-0.117949024,0.0750935897231102,0.34065935015678406,0.4200420081615448
YJL073W,YCR036W,0,-0.11795385,0.07507705688476562,0.34065935015678406,0.4201420247554779
YLR396C,YBR301W,0,-0.11802319,0.07506053149700165,0.34065935015678406,0.4202420115470886
YLR274W,YDR255C,0,-0.11804025,0.07504401355981827,0.34065935015678406,0.42034202814102173
YBR085W,YOL055C,0,-0.11812133,0.07502750307321548,0.34065935015678406,0.42044204473495483
YFL044C,YJL133W,0,-0.11813153,0.0750110000371933,0.34065935015678406,0.42054206132888794
YHR158C,YGL087C,0,-0.11816147,0.07499450445175171,0.34065935015678406,0.42064207792282104
YGL201C,YMR322C,0,-0.11818114,0.07497800886631012,0.34065935015678406,0.42074206471443176
YOR357C,YGL099W,0,-0.1182148,0.07496152818202972,0.34065935015678406,0.42084208130836487
YOR007C,YDR397C,1,-0.11826031,0.07516483217477798,0.341658353805542,0.42084208130836487
YKL025C,YIL129C,0,-0.11828868,0.0751483216881752,0.341658353805542,0.420942097902298
YOR357C,YJL159W,0,-0.11834738,0.07513181120157242,0.341658353805542,0.4210421144962311
YOR136W,YBR014C,0,-0.118356146,0.07511530816555023,0.341658353805542,0.4211421012878418
YDR343C,YGL006W,0,-0.118411526,0.07509881258010864,0.341658353805542,0.4212421178817749
YMR059W,YGR178C,0,-0.118473336,0.07508232444524765,0.341658353805542,0.421342134475708
YPL281C,YHR166C,0,-0.11849038,0.07506584376096725,0.341658353805542,0.4214421510696411
YLR221C,YOR047C,0,-0.118502796,0.07504937797784805,0.341658353805542,0.4215421676635742
YLL010C,YDR171W,1,-0.11860842,0.07525230199098587,0.3426573574542999,0.4215421676635742
YOR129C,YDR311W,0,-0.118641645,0.07523579895496368,0.3426573574542999,0.42164215445518494
YBL035C,YKL107W,0,-0.11864712,0.0752192959189415,0.3426573574542999,0.42174217104911804
YPL121C,YIL109C,0,-0.11867048,0.0752028077840805,0.3426573574542999,0.42184218764305115
YJR098C,YMR029C,0,-0.118711494,0.07518631964921951,0.3426573574542999,0.42194220423698425
YNL118C,YGL009C,0,-0.118893765,0.07516984641551971,0.3426573574542999,0.42204219102859497
YFL016C,YOL052C-A,1,-0.11896628,0.07537247985601425,0.3436563313007355,0.42204219102859497
YOR125C,YDR341C,0,-0.11897986,0.07535596936941147,0.3436563313007355,0.4221422076225281
YNL169C,YOL125W,0,-0.118998095,0.07533946633338928,0.3436563313007355,0.4222422242164612
YLR297W,YER051W,0,-0.11901266,0.07532297074794769,0.3436563313007355,0.4223422408103943
YIL034C,YAL062W,0,-0.11902127,0.0753064826130867,0.3436563313007355,0.4224422574043274
YML133C,YLR377C,0,-0.11902769,0.07528999447822571,0.3436563313007355,0.4225422441959381
YDR291W,YHR009C,0,-0.11903827,0.07527352124452591,0.3436563313007355,0.4226422607898712
YBR146W,YDL087C,0,-0.11908819,0.07525705546140671,0.3436563313007355,0.4227422773838043
YNL306W,YNL305C,0,-0.11912402,0.0752405971288681,0.3436563313007355,0.4228422939777374
YLL010C,YGR086C,1,-0.11912828,0.07544281333684921,0.3446553349494934,0.4228422939777374
YML007W,YER159C,1,-0.11915876,0.07564494758844376,0.34565433859825134,0.4228422939777374
YDL012C,YOR133W,0,-0.11916861,0.07562841475009918,0.34565433859825134,0.42294228076934814
YGR280C,YDL117W,0,-0.11922456,0.0756118893623352,0.34565433859825134,0.42304229736328125
YHR138C,YDR128W,0,-0.11926959,0.07559537142515182,0.34565433859825134,0.42314231395721436
YIL084C,YJL141C,1,-0.11939311,0.07579728960990906,0.3466533422470093,0.42314231395721436
YLR260W,YML024W,0,-0.119441494,0.07578074187040329,0.3466533422470093,0.42324233055114746
YPL135W,YIR035C,0,-0.11949328,0.07576419413089752,0.3466533422470093,0.42334234714508057
YNL003C,YOL086W-A,0,-0.11954336,0.07574765384197235,0.3466533422470093,0.4234423339366913
YMR251W-A,YNL024C,0,-0.119548954,0.07573112100362778,0.3466533422470093,0.4235423505306244
YKR045C,YOR043W,0,-0.119550034,0.0757145956158638,0.3466533422470093,0.4236423671245575
YOR001W,YHR065C,0,-0.11962795,0.07569807767868042,0.3466533422470093,0.4237423837184906
YLR345W,YOR221C,0,-0.119684584,0.07568156719207764,0.3466533422470093,0.4238423705101013
YDR258C,YLL066C,0,-0.119702615,0.07566506415605545,0.3466533422470093,0.4239423871040344
YMR263W,YPL240C,1,-0.11974715,0.07586658000946045,0.3476523458957672,0.4239423871040344
YCR040W,YNR038W,0,-0.11976856,0.07585004717111588,0.3476523458957672,0.42404240369796753
YJL141C,YBR025C,1,-0.119794175,0.07605142891407013,0.34865134954452515,0.42404240369796753
YMR189W,YMR190C,0,-0.11997259,0.07603485882282257,0.34865134954452515,0.42414242029190063
YGL205W,YJL047C,0,-0.1200082,0.07601829618215561,0.34865134954452515,0.42424243688583374
YLR293C,YMR230W,0,-0.12000987,0.07600174099206924,0.34865134954452515,0.42434242367744446
YLR247C,YIL022W,0,-0.12004432,0.07598519325256348,0.34865134954452515,0.42444244027137756
YDR217C,YDL110C,0,-0.12014764,0.0759686529636383,0.34865134954452515,0.42454245686531067
YJL174W,YOL138C,0,-0.12031215,0.07595212012529373,0.34865134954452515,0.4246424734592438
YLR435W,YIL007C,0,-0.120328836,0.07593559473752975,0.34865134954452515,0.4247424602508545
YOR088W,YER031C,0,-0.120336376,0.07591907680034637,0.34865134954452515,0.4248424768447876
YGL063W,YGR183C,0,-0.12047397,0.07590256631374359,0.34865134954452515,0.4249424934387207
YGL029W,YNL097C,0,-0.12058352,0.0758860632777214,0.34865134954452515,0.4250425100326538
YJL069C,YER140W,0,-0.12061748,0.07586956769227982,0.34865134954452515,0.4251425266265869
YGR249W,YER153C,0,-0.12061857,0.07585307210683823,0.34865134954452515,0.42524251341819763
YCR024C-A,YBR094W,0,-0.12067163,0.07583659142255783,0.34865134954452515,0.42534253001213074
YPL022W,YGR279C,0,-0.12069343,0.07582011818885803,0.34865134954452515,0.42544254660606384
YMR162C,YNL024C,0,-0.120779775,0.07580365240573883,0.34865134954452515,0.42554256319999695
YLR369W,YOR009W,0,-0.12091611,0.07578718662261963,0.34865134954452515,0.42564254999160767
YLL001W,YBR035C,0,-0.12094185,0.07577073574066162,0.34865134954452515,0.42574256658554077
YMR029C,YHR134W,0,-0.12095329,0.07575428485870361,0.34865134954452515,0.4258425831794739
YOL052C-A,YMR186W,1,-0.12096619,0.0759548619389534,0.3496503531932831,0.4258425831794739
YDR113C,YHR214W,0,-0.12100476,0.075938381254673,0.3496503531932831,0.425942599773407
YKR096W,YFL009W,0,-0.121036775,0.0759219080209732,0.3496503531932831,0.4260426163673401
YLR360W,YJL190C,0,-0.12107842,0.075905442237854,0.3496503531932831,0.4261426031589508
YDR299W,YOR122C,0,-0.12112944,0.0758889839053154,0.3496503531932831,0.4262426197528839
YBL067C,YMR278W,0,-0.12124511,0.07587253302335739,0.3496503531932831,0.426342636346817
YPR036W,YKL040C,0,-0.12129666,0.07585608959197998,0.3496503531932831,0.4264426529407501
YIL114C,YHR190W,0,-0.12135933,0.07583965361118317,0.3496503531932831,0.42654263973236084
YMR184W,YML106W,0,-0.12139301,0.07582322508096695,0.3496503531932831,0.42664265632629395
YOR242C,YGL213C,0,-0.12140838,0.07580680400133133,0.3496503531932831,0.42674267292022705
YDR307W,YOL030W,0,-0.121455744,0.07579038292169571,0.3496503531932831,0.42684268951416016
YOR264W,YLR275W,0,-0.1214589,0.07577397674322128,0.3496503531932831,0.42694270610809326
YLR369W,YLR393W,0,-0.1214959,0.07575757801532745,0.3496503531932831,0.427042692899704
YNL059C,YLR347C,0,-0.12152928,0.07574117928743362,0.3496503531932831,0.4271427094936371
YJL108C,YBL056W,0,-0.12154268,0.07572479546070099,0.3496503531932831,0.4272427260875702
YOR155C,YJR077C,0,-0.12159082,0.07570841163396835,0.3496503531932831,0.4273427426815033
YKR096W,YIL136W,0,-0.1216673,0.07569204270839691,0.3496503531932831,0.427442729473114
YJR121W,YIL126W,0,-0.12167618,0.07567567378282547,0.3496503531932831,0.4275427460670471
YCL045C,YNR026C,0,-0.12172864,0.07565931975841522,0.3496503531932831,0.4276427626609802
YPR100W,YCR067C,0,-0.12175354,0.07564296573400497,0.3496503531932831,0.42774277925491333
YOL105C,YAR002W,1,-0.12183512,0.07584269344806671,0.350649356842041,0.42774277925491333
YNR063W,YGL195W,0,-0.12183832,0.07582630962133408,0.350649356842041,0.42784279584884644
YOR192C,YDR088C,0,-0.12187675,0.07580993324518204,0.350649356842041,0.42794278264045715
YML085C,YJR001W,0,-0.12188224,0.0757935643196106,0.350649356842041,0.42804279923439026
YJL203W,YMR207C,0,-0.12195952,0.07577720284461975,0.350649356842041,0.42814281582832336
YDL116W,YGL073W,1,-0.12198284,0.07597669214010239,0.35164836049079895,0.42814281582832336
YDL114W,YOL119C,0,-0.122049026,0.07596029341220856,0.35164836049079895,0.42824283242225647
YDL220C,YBL071W-A,0,-0.12210323,0.07594390213489532,0.35164836049079895,0.4283428490161896
YNL301C,YGR253C,0,-0.12215254,0.07592752575874329,0.35164836049079895,0.4284428358078003
YDR462W,YBR289W,0,-0.122173876,0.07591114938259125,0.35164836049079895,0.4285428524017334
YLR332W,YGL191W,0,-0.12217947,0.0758947804570198,0.35164836049079895,0.4286428689956665
YOR132W,YJR091C,0,-0.1222438,0.07587841898202896,0.35164836049079895,0.4287428855895996
YGR207C,YDL174C,0,-0.122388825,0.07586207240819931,0.35164836049079895,0.4288428723812103
YKR030W,YDR201W,0,-0.12242953,0.07584572583436966,0.35164836049079895,0.42894288897514343
YHL013C,YDL200C,0,-0.12247042,0.0758293867111206,0.35164836049079895,0.42904290556907654
YGL100W,YGR240C,0,-0.12250497,0.07581305503845215,0.35164836049079895,0.42914292216300964
YBL075C,YBR185C,0,-0.122575715,0.07579672336578369,0.35164836049079895,0.42924293875694275
YHL031C,YNL015W,0,-0.12266326,0.07578040659427643,0.35164836049079895,0.42934292554855347
YAR071W,YHR196W,0,-0.12268232,0.07576409727334976,0.35164836049079895,0.4294429421424866
YBL091C,YPR070W,0,-0.12274516,0.07574779540300369,0.35164836049079895,0.4295429587364197
YMR094W,YKL112W,0,-0.12275505,0.07573150098323822,0.35164836049079895,0.4296429753303528
YPL224C,YGL021W,0,-0.12280601,0.07571520656347275,0.35164836049079895,0.4297429621219635
YKR083C,YEL071W,0,-0.122831605,0.07569892704486847,0.35164836049079895,0.4298429787158966
YMR263W,YKR082W,1,-0.123113364,0.07589765638113022,0.3526473641395569,0.4298429787158966
YHR207C,YNR027W,0,-0.123269364,0.07588133960962296,0.3526473641395569,0.4299429953098297
YOR058C,YMR263W,0,-0.12327501,0.07586503028869629,0.3526473641395569,0.4300430119037628
YLR318W,YKL173W,0,-0.12328159,0.07584873586893082,0.3526473641395569,0.4301430284976959
YKR026C,YKL057C,1,-0.12330949,0.07604726403951645,0.3536463677883148,0.4301430284976959
YLL016W,YOR384W,0,-0.12333427,0.0760309249162674,0.3536463677883148,0.43024301528930664
YML133C,YHR088W,0,-0.123342276,0.07601460069417953,0.3536463677883148,0.43034303188323975
YIL011W,YGL115W,0,-0.12335619,0.07599828392267227,0.3536463677883148,0.43044304847717285
YOL071W,YLR382C,0,-0.12340351,0.07598196715116501,0.3536463677883148,0.43054306507110596
YPR058W,YDL120W,0,-0.123468705,0.07596566528081894,0.3536463677883148,0.4306430518627167
YML111W,YKR059W,0,-0.12346916,0.07594936341047287,0.3536463677883148,0.4307430684566498
YOR198C,YLR120C,0,-0.12353642,0.075933076441288,0.3536463677883148,0.4308430850505829
YFL053W,YJL042W,0,-0.12358439,0.07591678947210312,0.3536463677883148,0.430943101644516
YBR211C,YHR098C,0,-0.12362282,0.07590051740407944,0.3536463677883148,0.4310431182384491
YHR204W,YCR070W,0,-0.123632975,0.07588424533605576,0.3536463677883148,0.4311431050300598
YLR414C,YGL255W,0,-0.123662084,0.07586798071861267,0.3536463677883148,0.4312431216239929
YNL041C,YGR256W,0,-0.12376646,0.07585172355175018,0.3536463677883148,0.431343138217926
YKR062W,YNL055C,0,-0.12387456,0.07583547383546829,0.3536463677883148,0.43144315481185913
YJL106W,YFL009W,0,-0.12388261,0.075819231569767,0.3536463677883148,0.43154314160346985
YOR060C,YLR148W,0,-0.12392104,0.0758029967546463,0.3536463677883148,0.43164315819740295
YPL079W,YKR018C,0,-0.123943,0.0757867693901062,0.3536463677883148,0.43174317479133606
YDR231C,YPR096C,0,-0.12399687,0.0757705494761467,0.3536463677883148,0.43184319138526917
YNL125C,YDR400W,0,-0.12405126,0.07575433701276779,0.3536463677883148,0.43194320797920227
YOR368W,YJR159W,0,-0.12406452,0.07573812454938889,0.3536463677883148,0.432043194770813
YBL088C,YOL119C,0,-0.12409073,0.07572192698717117,0.3536463677883148,0.4321432113647461
YNL241C,YBL005W,0,-0.124095015,0.07570572942495346,0.3536463677883148,0.4322432279586792
YMR171C,YBL102W,0,-0.12418845,0.07568954676389694,0.3536463677883148,0.4323432445526123
YGR067C,YLR178C,0,-0.1242731,0.07567336410284042,0.3536463677883148,0.432443231344223
YIL066C,YMR150C,0,-0.124298036,0.0756571888923645,0.3536463677883148,0.43254324793815613
YNR030W,YKL143W,0,-0.12432509,0.07564102858304977,0.3536463677883148,0.43264326453208923
YOL003C,YDR085C,0,-0.12438703,0.07562486827373505,0.3536463677883148,0.43274328112602234
YDR105C,YHR117W,0,-0.1244001,0.07560871541500092,0.3536463677883148,0.43284329771995544
YDR040C,YFR004W,0,-0.12442161,0.07559257000684738,0.3536463677883148,0.43294328451156616
YAL051W,YMR257C,0,-0.124459915,0.07557643204927444,0.3536463677883148,0.43304330110549927
YDR316W,YNL329C,0,-0.12447791,0.0755603015422821,0.3536463677883148,0.4331433176994324
YOR077W,YFL052W,0,-0.124556914,0.07554417103528976,0.3536463677883148,0.4332433342933655
YHR161C,YHR172W,0,-0.12458141,0.07552805542945862,0.3536463677883148,0.4333433210849762
YNL222W,YOR181W,0,-0.1246106,0.07551194727420807,0.3536463677883148,0.4334433376789093
YNL162W,YPL108W,0,-0.12464887,0.07549583911895752,0.3536463677883148,0.4335433542728424
YPL010W,YMR040W,0,-0.12483286,0.07547974586486816,0.3536463677883148,0.4336433708667755
YMR263W,YOR177C,0,-0.124853715,0.07546365261077881,0.3536463677883148,0.4337433874607086
YIL150C,YEL047C,0,-0.12485744,0.07544756680727005,0.3536463677883148,0.43384337425231934
YPL005W,YFR014C,0,-0.12490161,0.07543149590492249,0.3536463677883148,0.43394339084625244
YGR037C,YNL166C,0,-0.12493879,0.07541542500257492,0.3536463677883148,0.43404340744018555
YPL141C,YPL133C,0,-0.12495504,0.07539936155080795,0.3536463677883148,0.43414342403411865
YNR033W,YCR028C-A,0,-0.12506124,0.07538330554962158,0.3536463677883148,0.43424341082572937
YKL028W,YJL116C,0,-0.12512375,0.07536725699901581,0.3536463677883148,0.4343434274196625
YBR213W,YGR194C,0,-0.12513658,0.07535121589899063,0.3536463677883148,0.4344434440135956
YOR245C,YNL077W,0,-0.12514856,0.07533517479896545,0.3536463677883148,0.4345434606075287
YHR176W,YPR003C,0,-0.12517586,0.07531914860010147,0.3536463677883148,0.4346434772014618
YDR409W,YBR060C,0,-0.12517771,0.07530312985181808,0.3536463677883148,0.4347434639930725
YGL100W,YOR110W,0,-0.12520401,0.0752871111035347,0.3536463677883148,0.4348434805870056
YJL198W,YFL039C,0,-0.12525214,0.0752711072564125,0.3536463677883148,0.4349434971809387
YLL016W,YPR174C,0,-0.12529215,0.07525510340929031,0.3536463677883148,0.4350435137748718
YLL026W,YAR002W,1,-0.12536107,0.07545164972543716,0.35464534163475037,0.4350435137748718
YGL207W,YIL130W,0,-0.12547174,0.07543561607599258,0.35464534163475037,0.43514350056648254
YDL033C,YGR023W,0,-0.12551133,0.0754195898771286,0.35464534163475037,0.43524351716041565
YNR019W,YNL023C,0,-0.12551817,0.07540357112884521,0.35464534163475037,0.43534353375434875
YLR430W,YBR069C,0,-0.1255841,0.07538755238056183,0.35464534163475037,0.43544355034828186
YGR048W,YCR106W,0,-0.125661,0.07537154853343964,0.35464534163475037,0.43554356694221497
YDR522C,YGL167C,0,-0.12572536,0.07535555213689804,0.35464534163475037,0.4356435537338257
YDR091C,YKR065C,0,-0.1257344,0.07533955574035645,0.35464534163475037,0.4357435703277588
YOR189W,YML063W,0,-0.12577063,0.07532357424497604,0.35464534163475037,0.4358435869216919
YDR301W,YEL005C,0,-0.1258194,0.07530759274959564,0.35464534163475037,0.435943603515625
YML009C,YMR105C,0,-0.12583706,0.07529162615537643,0.35464534163475037,0.4360435903072357
YJL168C,YLR081W,0,-0.12586404,0.07527565956115723,0.35464534163475037,0.4361436069011688
YKR090W,YBR056W,0,-0.12597051,0.07525970041751862,0.35464534163475037,0.43624362349510193
YGL250W,YGL195W,0,-0.12599905,0.0752437487244606,0.35464534163475037,0.43634364008903503
YDR210W,YML060W,0,-0.12609836,0.07522780448198318,0.35464534163475037,0.43644365668296814
YOR035C,YLR040C,0,-0.1261274,0.07521186769008636,0.35464534163475037,0.43654364347457886
YHR178W,YKL042W,0,-0.12619255,0.07519593089818954,0.35464534163475037,0.43664366006851196
YDR022C,YDR259C,0,-0.12620904,0.07518000900745392,0.35464534163475037,0.43674367666244507
YKL127W,YPL036W,0,-0.1262491,0.07516408711671829,0.35464534163475037,0.4368436932563782
YDR479C,YJL184W,0,-0.12627122,0.07514818012714386,0.35464534163475037,0.4369436800479889
YPL030W,YPR132W,0,-0.12628293,0.07513227313756943,0.35464534163475037,0.437043696641922
YBR240C,YPL116W,0,-0.12628835,0.07511638104915619,0.35464534163475037,0.4371437132358551
YLR390W-A,YIL171W,0,-0.12632194,0.07510048896074295,0.35464534163475037,0.4372437298297882
YOR030W,YEL044W,0,-0.12636755,0.07508460432291031,0.35464534163475037,0.4373437464237213
YDR529C,YMR130W,0,-0.1263679,0.07506872713565826,0.35464534163475037,0.43744373321533203
YGR247W,YGL168W,0,-0.12640592,0.07505285739898682,0.35464534163475037,0.43754374980926514
YJR100C,YKR026C,1,-0.12658823,0.0752483606338501,0.3556443452835083,0.43754374980926514
YER131W,YGR277C,0,-0.12665734,0.07523246109485626,0.3556443452835083,0.43764376640319824
YLR352W,YKL197C,0,-0.12667796,0.07521656155586243,0.3556443452835083,0.43774378299713135
YIR015W,YJL167W,0,-0.1266813,0.07520067691802979,0.3556443452835083,0.43784376978874207
YHR031C,YBR188C,0,-0.12668303,0.07518479228019714,0.3556443452835083,0.43794378638267517
YEL013W,YER018C,0,-0.12674738,0.0751689225435257,0.3556443452835083,0.4380438029766083
YHR169W,YLR324W,0,-0.12680879,0.07515305280685425,0.3556443452835083,0.4381438195705414
YOL056W,YFL011W,0,-0.12684718,0.0751371905207634,0.3556443452835083,0.4382438361644745
YML115C,YLR248W,0,-0.12690306,0.07512133568525314,0.3556443452835083,0.4383438229560852
YOR253W,YHR152W,0,-0.12692836,0.07510548830032349,0.3556443452835083,0.4384438395500183
YJL104W,YFL053W,0,-0.1269385,0.07508964091539383,0.3556443452835083,0.4385438561439514
YEL027W,YIL121W,0,-0.12695341,0.07507380843162537,0.3556443452835083,0.4386438727378845
YNR039C,YDR313C,0,-0.12714654,0.0750579833984375,0.3556443452835083,0.43874385952949524
YHL007C,YJL123C,0,-0.12717746,0.07504215836524963,0.3556443452835083,0.43884387612342834
YML094W,YLR431C,0,-0.12718555,0.07502634078264236,0.3556443452835083,0.43894389271736145
YPL138C,YFL034C-B,0,-0.12722792,0.07501053810119629,0.3556443452835083,0.43904390931129456
YOR007C,YAR002W,1,-0.12729526,0.07520539313554764,0.35664334893226624,0.43904390931129456
YBL030C,YLR086W,0,-0.12733859,0.07518955320119858,0.35664334893226624,0.43914392590522766
YJR100C,YER107C,1,-0.12736793,0.07538428902626038,0.35764235258102417,0.43914392590522766
YMR322C,YPL097W,0,-0.12754367,0.07536841928958893,0.35764235258102417,0.4392439126968384
YDR495C,YCL019W,0,-0.12760516,0.07535255700349808,0.35764235258102417,0.4393439292907715
YBR205W,YCR073C,0,-0.12767832,0.07533670216798782,0.35764235258102417,0.4394439458847046
YNL097C,YKL057C,1,-0.12773874,0.0755312442779541,0.3586413562297821,0.4394439458847046
YNL072W,YPR042C,0,-0.12778053,0.07551535218954086,0.3586413562297821,0.4395439624786377
YDR122W,YER001W,0,-0.1278309,0.07549947500228882,0.3586413562297821,0.4396439790725708
YLR120C,YDR051C,0,-0.12783277,0.07548359781503677,0.3586413562297821,0.4397439658641815
YOR253W,YJL065C,0,-0.12811881,0.07546772807836533,0.3586413562297821,0.4398439824581146
YPL092W,YOR330C,0,-0.12813216,0.07545187324285507,0.3586413562297821,0.43994399905204773
YGR193C,YOL147C,0,-0.12816653,0.07543601840734482,0.3586413562297821,0.44004401564598083
YBR072W,YJR100C,1,-0.12820208,0.07563025504350662,0.35964035987854004,0.44004401564598083
YHR076W,YPR025C,0,-0.12820849,0.07561437040567398,0.35964035987854004,0.44014400243759155
YER110C,YDR276C,0,-0.12821345,0.07559848576784134,0.35964035987854004,0.44024401903152466
YOR061W,YPL076W,0,-0.12824012,0.07558261603116989,0.35964035987854004,0.44034403562545776
YJL063C,YOR298C-A,0,-0.12828532,0.07556675374507904,0.35964035987854004,0.44044405221939087
YBR126C,YDR397C,1,-0.12832503,0.07576075196266174,0.360639363527298,0.44044405221939087
YDR334W,YCR069W,0,-0.12833829,0.0757448598742485,0.360639363527298,0.440544068813324
YML023C,YBL084C,0,-0.12843773,0.07572896778583527,0.360639363527298,0.4406440556049347
YMR161W,YPL232W,0,-0.12852827,0.07571309059858322,0.360639363527298,0.4407440721988678
YJR161C,YER110C,0,-0.12854412,0.07569721341133118,0.360639363527298,0.4408440887928009
YJR120W,YJR064W,0,-0.12871635,0.07568134367465973,0.360639363527298,0.440944105386734
YDL127W,YMR067C,0,-0.12876168,0.07566548138856888,0.360639363527298,0.4410440921783447
YBL103C,YPR108W,0,-0.12877318,0.07564961910247803,0.360639363527298,0.44114410877227783
YPL254W,YGL096W,0,-0.12881148,0.07563377171754837,0.360639363527298,0.44124412536621094
YPL174C,YER005W,0,-0.12891614,0.07561793178319931,0.360639363527298,0.44134414196014404
YKR081C,YPL045W,0,-0.12892349,0.07560209184885025,0.360639363527298,0.44144415855407715
YOR359W,YNR036C,0,-0.12897348,0.07558626681566238,0.360639363527298,0.44154414534568787
YDR538W,YGR140W,0,-0.12898616,0.07557044178247452,0.360639363527298,0.44164416193962097
YDR221W,YEL047C,0,-0.12903026,0.07555462419986725,0.360639363527298,0.4417441785335541
YCL075W,YIL073C,0,-0.12903503,0.07553881406784058,0.360639363527298,0.4418441951274872
YNL305C,YIR008C,0,-0.1291194,0.0755230113863945,0.360639363527298,0.4419441819190979
YGL187C,YOL098C,0,-0.12913021,0.07550721615552902,0.360639363527298,0.442044198513031
YDL100C,YJL141C,1,-0.12916973,0.075700543820858,0.3616383671760559,0.442044198513031
YNL142W,YBR267W,0,-0.12919663,0.07568471878767014,0.3616383671760559,0.4421442151069641
YGR075C,YLR345W,0,-0.12921688,0.07566889375448227,0.3616383671760559,0.4422442317008972
YBR244W,YJR010C-A,0,-0.12922734,0.0756530836224556,0.3616383671760559,0.4423442482948303
YGR060W,YPR185W,0,-0.12923153,0.07563727349042892,0.3616383671760559,0.44244423508644104
YER027C,YDR110W,0,-0.12926975,0.07562147825956345,0.3616383671760559,0.44254425168037415
YCR102C,YKL116C,0,-0.12927426,0.07560568302869797,0.3616383671760559,0.44264426827430725
YDR480W,YJR153W,0,-0.12929903,0.07558989524841309,0.3616383671760559,0.44274428486824036
YKL017C,YLR357W,0,-0.12936105,0.0755741149187088,0.3616383671760559,0.4428442716598511
YNL007C,YDL156W,0,-0.12940156,0.07555834203958511,0.3616383671760559,0.4429442882537842
YBL022C,YJL113W,0,-0.12940186,0.07554256916046143,0.3616383671760559,0.4430443048477173
YLR167W,YCL027W,0,-0.12945168,0.07552681118249893,0.3616383671760559,0.4431443214416504
YDL093W,YOR240W,0,-0.1294724,0.07551105320453644,0.3616383671760559,0.4432443380355835
YDR155C,YGL086W,0,-0.1294867,0.07549531012773514,0.3616383671760559,0.4433443248271942
YFL018C,YAL011W,0,-0.12973583,0.07547956705093384,0.3616383671760559,0.4434443414211273
YMR186W,YFL014W,1,-0.12974234,0.07567229866981506,0.36263737082481384,0.4434443414211273
YIR031C,YOR174W,0,-0.12984338,0.07565652579069138,0.36263737082481384,0.4435443580150604
YNL055C,YLL067C,0,-0.12985855,0.07564076036214828,0.36263737082481384,0.44364437460899353
YPR057W,YPL155C,0,-0.1299559,0.07562500238418579,0.36263737082481384,0.44374436140060425
YDR307W,YLR378C,0,-0.12998673,0.0756092444062233,0.36263737082481384,0.44384437799453735
YDL033C,YLR370C,0,-0.13004445,0.075593501329422,0.36263737082481384,0.44394439458847046
YDL005C,YJL057C,0,-0.13007693,0.0755777657032013,0.36263737082481384,0.44404441118240356
YPL091W,YIL056W,0,-0.13008495,0.07556203007698059,0.36263737082481384,0.44414442777633667
YPR174C,YHR034C,0,-0.13013539,0.07554630935192108,0.36263737082481384,0.4442444145679474
YIR003W,YPL275W,0,-0.1301797,0.07553058862686157,0.36263737082481384,0.4443444311618805
YJR065C,YOL089C,0,-0.13020626,0.07551487535238266,0.36263737082481384,0.4444444477558136
YGL120C,YLR297W,0,-0.13021825,0.07549916952848434,0.36263737082481384,0.4445444643497467
YDR016C,YNR075W,0,-0.13023505,0.07548347115516663,0.36263737082481384,0.4446444511413574
YLR185W,YFL034C-A,0,-0.13027412,0.07546777278184891,0.36263737082481384,0.4447444677352905
YML061C,YPR114W,0,-0.13031171,0.07545208930969238,0.36263737082481384,0.44484448432922363
YGL116W,YOR124C,0,-0.1303486,0.07543640583753586,0.36263737082481384,0.44494450092315674
YPL001W,YGL133W,0,-0.13036638,0.07542073726654053,0.36263737082481384,0.44504451751708984
YPL101W,YLR460C,0,-0.13041419,0.0754050686955452,0.36263737082481384,0.44514450430870056
YLR335W,YLR019W,1,-0.13059449,0.07559709250926971,0.3636363744735718,0.44514450430870056
YAL002W,YOR077W,0,-0.13063334,0.075581394135952,0.3636363744735718,0.44524452090263367
YDR377W,YOR100C,0,-0.13064098,0.07556570321321487,0.3636363744735718,0.4453445374965668
YLR158C,YBR181C,0,-0.1306867,0.07555001974105835,0.3636363744735718,0.4454445540904999
YMR055C,YMR285C,0,-0.1306895,0.07553434371948242,0.3636363744735718,0.4455445408821106
YLR238W,YLR201C,0,-0.1307915,0.07551867514848709,0.3636363744735718,0.4456445574760437
YPL055C,YDR084C,0,-0.13083495,0.07550300657749176,0.3636363744735718,0.4457445740699768
YNL012W,YOR250C,0,-0.13088742,0.07548735290765762,0.3636363744735718,0.4458445906639099
YER147C,YLR263W,0,-0.13090037,0.07547169923782349,0.3636363744735718,0.445944607257843
YMR207C,YDR214W,0,-0.13102703,0.07545605301856995,0.3636363744735718,0.44604459404945374
YBR204C,YKL160W,0,-0.13106464,0.075440414249897,0.3636363744735718,0.44614461064338684
YEL020W-A,YLR032W,0,-0.13117173,0.07542478293180466,0.3636363744735718,0.44624462723731995
YKL157W,YER078C,0,-0.13122712,0.07540915906429291,0.3636363744735718,0.44634464383125305
YLR207W,YKR025W,0,-0.13129163,0.07539353519678116,0.3636363744735718,0.44644463062286377
YDL102W,YOL042W,0,-0.13135496,0.0753779262304306,0.3636363744735718,0.4465446472167969
YNL056W,YDL100C,0,-0.13136819,0.07536231726408005,0.3636363744735718,0.44664466381073
YAL047C,YBL024W,0,-0.13145298,0.07534671574831009,0.3636363744735718,0.4467446804046631
YPR048W,YJR048W,0,-0.13149041,0.07533112913370132,0.3636363744735718,0.4468446969985962
YML059C,YMR076C,0,-0.13161303,0.07531554251909256,0.3636363744735718,0.4469446837902069
YMR263W,YHR072W,0,-0.13162357,0.0752999559044838,0.3636363744735718,0.44704470038414
YKR077W,YNR059W,0,-0.13170469,0.07528438419103622,0.3636363744735718,0.4471447169780731
YBR087W,YPR114W,0,-0.13170703,0.07526881992816925,0.3636363744735718,0.4472447335720062
YBR092C,YHR166C,0,-0.13171566,0.07525325566530228,0.3636363744735718,0.44734472036361694
YMR116C,YDR407C,0,-0.13175155,0.0752376988530159,0.3636363744735718,0.44744473695755005
YBR176W,YKR003W,0,-0.131758,0.07522215694189072,0.3636363744735718,0.44754475355148315
YPR010C,YOL020W,0,-0.13175859,0.07520661503076553,0.3636363744735718,0.44764477014541626
YLL016W,YER087C-A,0,-0.13180037,0.07519107311964035,0.3636363744735718,0.44774478673934937
YER133W,YDR074W,1,-0.13188498,0.07538207620382309,0.3646353781223297,0.44774478673934937
YKL008C,YML054C,0,-0.13190946,0.07536651194095612,0.3646353781223297,0.4478447735309601
YML081C-A,YMR314W,0,-0.13192128,0.07535094767808914,0.3646353781223297,0.4479447901248932
YDR362C,YPL097W,0,-0.13195698,0.07533539831638336,0.3646353781223297,0.4480448067188263
YLR010C,YDR237W,0,-0.13210924,0.07531984895467758,0.3646353781223297,0.4481448233127594
YBR060C,YJR131W,0,-0.13213718,0.075304314494133,0.3646353781223297,0.4482448101043701
YFR025C,YAR018C,0,-0.13213938,0.07528878003358841,0.3646353781223297,0.4483448266983032
YLL010C,YJL140W,1,-0.13216555,0.07547947764396667,0.36563435196876526,0.4483448266983032
YFL008W,YPL262W,0,-0.1321734,0.0754639208316803,0.36563435196876526,0.44844484329223633
YDR171W,YOL053C-A,1,-0.13224615,0.07565450668334961,0.3666333556175232,0.44844484329223633
YLR144C,YML065W,0,-0.13225812,0.07563891261816025,0.3666333556175232,0.44854485988616943
YGL147C,YAL061W,0,-0.13230863,0.07562332600355148,0.3666333556175232,0.44864487648010254
YBR298C,YBR268W,0,-0.13231899,0.07560774683952332,0.3666333556175232,0.44874486327171326
YHR166C,YMR242C,0,-0.13242996,0.07559217512607574,0.3666333556175232,0.44884487986564636
YJR109C,YJL137C,0,-0.13252886,0.07557660341262817,0.3666333556175232,0.44894489645957947
YHR081W,YGL086W,0,-0.13254389,0.0755610466003418,0.3666333556175232,0.4490449130535126
YDR180W,YOR380W,0,-0.13254538,0.07554548978805542,0.3666333556175232,0.4491448998451233
YOR196C,YOR153W,0,-0.13254979,0.07552994787693024,0.3666333556175232,0.4492449164390564
YDR342C,YPL239W,0,-0.13271716,0.07551440596580505,0.3666333556175232,0.4493449330329895
YJR100C,YNL283C,1,-0.13272665,0.07570458948612213,0.36763235926628113,0.4493449330329895
YML103C,YDR397C,1,-0.13272671,0.07589469105005264,0.36863136291503906,0.4493449330329895
YOL105C,YKR082W,1,-0.13277242,0.07608471810817719,0.369630366563797,0.4493449330329895
YAL023C,YAL001C,0,-0.13282625,0.07606907933950424,0.369630366563797,0.4494449496269226
YLR247C,YMR268C,0,-0.13286488,0.0760534405708313,0.369630366563797,0.4495449662208557
YPL024W,YPL135W,0,-0.13290864,0.07603781670331955,0.369630366563797,0.44964495301246643
YNL056W,YPR121W,0,-0.1330379,0.0760221928358078,0.369630366563797,0.44974496960639954
YKL027W,YOR195W,0,-0.13309388,0.07600657641887665,0.369630366563797,0.44984498620033264
YLR312C-B,YBR152W,0,-0.13316712,0.0759909600019455,0.369630366563797,0.44994500279426575
YHR215W,YLR189C,0,-0.1331718,0.07597535848617554,0.369630366563797,0.45004501938819885
YLR039C,YBL027W,0,-0.13317657,0.07595976442098618,0.369630366563797,0.45014500617980957
YIL131C,YFR040W,0,-0.13323367,0.07594417035579681,0.369630366563797,0.4502450227737427
YNL240C,YGL009C,0,-0.13324356,0.07592858374118805,0.369630366563797,0.4503450393676758
YNL167C,YER069W,0,-0.1332617,0.07591300457715988,0.369630366563797,0.4504450559616089
YBR036C,YHR171W,0,-0.13331369,0.07589743286371231,0.369630366563797,0.4505450427532196
YPL177C,YKR009C,0,-0.13334204,0.07588186860084534,0.369630366563797,0.4506450593471527
YPL235W,YGR235C,0,-0.13336082,0.07586631178855896,0.369630366563797,0.4507450759410858
YDR317W,YJL094C,0,-0.13338767,0.07585075497627258,0.369630366563797,0.4508450925350189
YGL100W,YIL065C,0,-0.13341618,0.0758352130651474,0.369630366563797,0.450945109128952
YKL058W,YCR106W,0,-0.1334185,0.07581967115402222,0.369630366563797,0.45104509592056274
YLR178C,YLR390W-A,0,-0.13343786,0.07580413669347763,0.369630366563797,0.45114511251449585
YNL137C,YHR052W,0,-0.13349268,0.07578860968351364,0.369630366563797,0.45124512910842896
YPL004C,YDL088C,1,-0.13352978,0.0759778842329979,0.37062937021255493,0.45124512910842896
YGR247W,YBL047C,0,-0.13353607,0.07596232742071152,0.37062937021255493,0.45134514570236206
YFL014W,YER159C,1,-0.13355517,0.07615148276090622,0.37162837386131287,0.45134514570236206
YBR205W,YER014W,0,-0.13358146,0.07613589614629745,0.37162837386131287,0.4514451324939728
YKL004W,YKL077W,0,-0.13363999,0.07612031698226929,0.37162837386131287,0.4515451490879059
YHL031C,YBR122C,0,-0.13367295,0.07610474526882172,0.37162837386131287,0.451645165681839
YLR449W,YGR099W,0,-0.13375145,0.07608918100595474,0.37162837386131287,0.4517451822757721
YBR050C,YNL015W,0,-0.13381498,0.07607361674308777,0.37162837386131287,0.4518451988697052
YJL190C,YNL299W,0,-0.13381976,0.07605806738138199,0.37162837386131287,0.4519451856613159
YDR020C,YBL090W,0,-0.13400325,0.07604251801967621,0.37162837386131287,0.452045202255249
YLR364W,YCL069W,0,-0.13401037,0.07602697610855103,0.37162837386131287,0.45214521884918213
YPL096C-A,YNL152W,0,-0.13404866,0.07601144164800644,0.37162837386131287,0.45224523544311523
YJR159W,YIL106W,0,-0.13405704,0.07599591463804245,0.37162837386131287,0.45234522223472595
YER028C,YOR245C,0,-0.13419627,0.07598039507865906,0.37162837386131287,0.45244523882865906
YOR224C,YGL229C,0,-0.1342322,0.07596487551927567,0.37162837386131287,0.45254525542259216
YPR057W,YNL225C,0,-0.13432634,0.07594936341047287,0.37162837386131287,0.45264527201652527
YDR020C,YGR048W,0,-0.1345515,0.07593386620283127,0.37162837386131287,0.4527452886104584
YOR278W,YNL209W,0,-0.13458554,0.07591836899518967,0.37162837386131287,0.4528452754020691
YJR113C,YFL034C-B,0,-0.13462918,0.07590287923812866,0.37162837386131287,0.4529452919960022
YGR279C,YJR097W,0,-0.13465159,0.07588738948106766,0.37162837386131287,0.4530453085899353
YBR072W,YER133W,1,-0.13476086,0.07607587426900864,0.3726273775100708,0.4530453085899353
YDR432W,YMR306W,0,-0.13479035,0.07606036216020584,0.3726273775100708,0.4531453251838684
YNR037C,YIL158W,0,-0.13484308,0.07604485005140305,0.3726273775100708,0.4532453119754791
YMR204C,YOR330C,0,-0.1349888,0.07602935284376144,0.3726273775100708,0.45334532856941223
YGR220C,YOR010C,0,-0.13499703,0.07601385563611984,0.3726273775100708,0.45344534516334534
YDL058W,YDR297W,0,-0.13504992,0.07599837332963943,0.3726273775100708,0.45354536175727844
YDR317W,YAL019W,0,-0.13508533,0.07598289102315903,0.3726273775100708,0.45364537835121155
YOL077W-A,YMR311C,0,-0.13514522,0.07596741616725922,0.3726273775100708,0.45374536514282227
YDR163W,YLL053C,0,-0.13516212,0.0759519413113594,0.3726273775100708,0.45384538173675537
YMR217W,YIL107C,0,-0.13518098,0.07593648135662079,0.3726273775100708,0.4539453983306885
YER179W,YNL166C,0,-0.13528973,0.07592102885246277,0.3726273775100708,0.4540454149246216
YDR171W,YKR026C,1,-0.1354722,0.07610907405614853,0.37362638115882874,0.4540454149246216
YGL213C,YLR081W,0,-0.13549337,0.07609359174966812,0.37362638115882874,0.4541454017162323
YGR058W,YGR277C,0,-0.1355165,0.07607810944318771,0.37362638115882874,0.4542454183101654
YDL120W,YER095W,0,-0.13571966,0.0760626420378685,0.37362638115882874,0.4543454349040985
YDR536W,YPL242C,0,-0.13573548,0.07604717463254929,0.37362638115882874,0.4544454514980316
YJL180C,YGL257C,0,-0.13592967,0.07603171467781067,0.37362638115882874,0.4545454680919647
YPL207W,YLR214W,0,-0.13594009,0.07601626217365265,0.37362638115882874,0.45464545488357544
YAL013W,YDR074W,1,-0.13601014,0.07620402425527573,0.37462538480758667,0.45464545488357544
YPL066W,YNR023W,0,-0.13601968,0.07618854194879532,0.37462538480758667,0.45474547147750854
YKL138C,YML040W,0,-0.13602057,0.07617306709289551,0.37462538480758667,0.45484548807144165
YMR198W,YPR134W,0,-0.13603184,0.0761575922369957,0.37462538480758667,0.45494550466537476
YBR234C,YNL009W,0,-0.13607317,0.07614213228225708,0.37462538480758667,0.4550454914569855
YLR335W,YDR397C,1,-0.13608119,0.07632967829704285,0.3756243884563446,0.4550454914569855
YPR033C,YMR190C,0,-0.13608402,0.07631418853998184,0.3756243884563446,0.4551455080509186
YGR086C,YOR202W,0,-0.13609636,0.07629869878292084,0.3756243884563446,0.4552455246448517
YDR242W,YOL110W,0,-0.13615799,0.07628322392702103,0.3756243884563446,0.4553455412387848
YEL050C,YNL154C,0,-0.13623443,0.07626774907112122,0.3756243884563446,0.4554455578327179
YDL180W,YKL150W,0,-0.13642384,0.076252281665802,0.3756243884563446,0.4555455446243286
YFL016C,YBR126C,1,-0.13643579,0.07643958181142807,0.37662336230278015,0.4555455446243286
YCL055W,YLR044C,0,-0.13644433,0.07642408460378647,0.37662336230278015,0.4556455612182617
YLR099C,YLR084C,0,-0.1364495,0.07640859484672546,0.37662336230278015,0.4557455778121948
YML016C,YPL097W,0,-0.1365333,0.07639311254024506,0.37662336230278015,0.45584559440612793
YER005W,YDR078C,0,-0.1365349,0.07637763023376465,0.37662336230278015,0.45594558119773865
YKL220C,YBR019C,0,-0.13655433,0.07636216282844543,0.37662336230278015,0.45604559779167175
YKL002W,YDL080C,0,-0.13665621,0.07634669542312622,0.37662336230278015,0.45614561438560486
YML013W,YBL060W,0,-0.13671473,0.0763312429189682,0.37662336230278015,0.45624563097953796
YDL091C,YGL003C,0,-0.13674642,0.07631579041481018,0.37662336230278015,0.45634564757347107
YMR287C,YFL011W,0,-0.13682462,0.07630034536123276,0.37662336230278015,0.4564456343650818
YDR397C,YLR182W,1,-0.13701005,0.07648725062608719,0.3776223659515381,0.4564456343650818
YHR186C,YGL210W,0,-0.13707706,0.07647177577018738,0.3776223659515381,0.4565456509590149
YER142C,YLR259C,0,-0.13708211,0.07645630836486816,0.3776223659515381,0.456645667552948
YGL179C,YOR231W,0,-0.13716331,0.07644084841012955,0.3776223659515381,0.4567456841468811
YJR104C,YPL038W,0,-0.13724656,0.07642539590597153,0.3776223659515381,0.4568456709384918
YDL165W,YBR086C,0,-0.13727196,0.07640994340181351,0.3776223659515381,0.4569456875324249
YBR104W,YOR214C,0,-0.13729537,0.07639450579881668,0.3776223659515381,0.45704570412635803
YGL005C,YML075C,0,-0.13733697,0.07637906819581985,0.3776223659515381,0.45714572072029114
YCR077C,YNL156C,0,-0.1373498,0.07636363804340363,0.3776223659515381,0.45724573731422424
YBR245C,YDL110C,0,-0.13735262,0.076348215341568,0.3776223659515381,0.45734572410583496
YKL114C,YKL183W,0,-0.13740273,0.07633279263973236,0.3776223659515381,0.45744574069976807
YCR027C,YLR423C,0,-0.1374283,0.07631738483905792,0.3776223659515381,0.45754575729370117
YLL042C,YDL060W,0,-0.13742839,0.07630197703838348,0.3776223659515381,0.4576457738876343
YIL172C,YJR042W,0,-0.1375118,0.07628657668828964,0.3776223659515381,0.457745760679245
YMR045C,YJL059W,0,-0.13757205,0.0762711837887764,0.3776223659515381,0.4578457772731781
YER094C,YDL105W,0,-0.13759105,0.07625579833984375,0.3776223659515381,0.4579457938671112
YJR161C,YCR003W,0,-0.13766746,0.0762404203414917,0.3776223659515381,0.4580458104610443
YOL156W,YOR308C,0,-0.13778016,0.07622504234313965,0.3776223659515381,0.4581458270549774
YJL164C,YHR045W,0,-0.13786401,0.07620967924594879,0.3776223659515381,0.45824581384658813
YOR257W,YIL156W,0,-0.13788304,0.07619431614875793,0.3776223659515381,0.45834583044052124
YMR060C,YOL126C,0,-0.13819362,0.07617896050214767,0.3776223659515381,0.45844584703445435
YNL151C,YPL174C,0,-0.13827023,0.07616361230611801,0.3776223659515381,0.45854586362838745
YMR048W,YBL102W,0,-0.13831326,0.07614826411008835,0.3776223659515381,0.45864585041999817
YPR054W,YEL015W,0,-0.13835436,0.07613293081521988,0.3776223659515381,0.4587458670139313
YJL141C,YJL140W,1,-0.13839337,0.07631897181272507,0.378621369600296,0.4587458670139313
YDR307W,YGL198W,0,-0.13856289,0.07630360126495361,0.378621369600296,0.4588458836078644
YPL266W,YNL275W,0,-0.13860382,0.07628824561834335,0.378621369600296,0.4589459002017975
YML088W,YHR009C,0,-0.13862525,0.0762728899717331,0.378621369600296,0.4590459167957306
YER018C,YDR280W,0,-0.13865878,0.07625754177570343,0.378621369600296,0.4591459035873413
YMR052W,YOR369C,0,-0.13865879,0.07624220848083496,0.378621369600296,0.4592459201812744
YJL125C,YHL008C,0,-0.13868959,0.0762268677353859,0.378621369600296,0.4593459367752075
YGL229C,YLR327C,0,-0.13869806,0.07621154189109802,0.378621369600296,0.4594459533691406
YDR023W,YDR276C,0,-0.1387399,0.07619622349739075,0.378621369600296,0.45954594016075134
YOL020W,YKL026C,0,-0.13874382,0.07618090510368347,0.378621369600296,0.45964595675468445
YKR026C,YDL116W,1,-0.1387937,0.07636655867099762,0.37962037324905396,0.45964595675468445
YEL060C,YBR109C,0,-0.13885404,0.07635121792554855,0.37962037324905396,0.45974597334861755
YJL186W,YHR120W,0,-0.1389393,0.07633587718009949,0.37962037324905396,0.45984598994255066
YDR045C,YDR216W,0,-0.13898651,0.07632054388523102,0.37962037324905396,0.45994600653648376
YBL087C,YCR079W,0,-0.1390351,0.07630521804094315,0.37962037324905396,0.4600459933280945
YPR174C,YJL035C,0,-0.13904858,0.07628989964723587,0.37962037324905396,0.4601460099220276
YDR033W,YOL116W,0,-0.1391067,0.07627458870410919,0.37962037324905396,0.4602460265159607
YJL197W,YMR230W,0,-0.13913453,0.07625928521156311,0.37962037324905396,0.4603460431098938
YDR325W,YKR099W,0,-0.1392676,0.07624398171901703,0.37962037324905396,0.4604460299015045
YCR004C,YDR065W,0,-0.13930872,0.07622868567705154,0.37962037324905396,0.4605460464954376
YPL058C,YDR031W,0,-0.13932797,0.07621339708566666,0.37962037324905396,0.4606460630893707
YLR078C,YOR368W,0,-0.13946158,0.07619811594486237,0.37962037324905396,0.46074607968330383
YOL018C,YDL101C,0,-0.13947134,0.07618284225463867,0.37962037324905396,0.46084609627723694
YKL178C,YDR418W,0,-0.13950375,0.07616756856441498,0.37962037324905396,0.46094608306884766
YBR058C-A,YBR084W,0,-0.13954814,0.07615230232477188,0.37962037324905396,0.46104609966278076
YMR017W,YBL082C,0,-0.1395846,0.07613704353570938,0.37962037324905396,0.46114611625671387
YNL244C,YJR125C,0,-0.13963988,0.07612179219722748,0.37962037324905396,0.461246132850647
YMR282C,YKR060W,0,-0.1396496,0.07610654830932617,0.37962037324905396,0.4613461494445801
YLR210W,YJR059W,0,-0.13968807,0.07609131187200546,0.37962037324905396,0.4614461362361908
YCR102C,YLR205C,0,-0.13969967,0.07607607543468475,0.37962037324905396,0.4615461528301239
YPL162C,YIL033C,0,-0.13976389,0.07606084644794464,0.37962037324905396,0.461646169424057
YDR252W,YNL305C,0,-0.13976867,0.07604562491178513,0.37962037324905396,0.4617461860179901
YOR178C,YKR082W,1,-0.13979718,0.076230488717556,0.3806193768978119,0.4617461860179901
YDR027C,YNL024C,0,-0.13987023,0.0762152448296547,0.3806193768978119,0.46184617280960083
YGR067C,YLR084C,0,-0.13995811,0.07620000094175339,0.3806193768978119,0.46194618940353394
YEL001C,YIL120W,0,-0.13995846,0.07618476450443268,0.3806193768978119,0.46204620599746704
YOR069W,YMR091C,0,-0.13997325,0.07616953551769257,0.3806193768978119,0.46214622259140015
YNL240C,YIL171W,0,-0.14013444,0.07615430653095245,0.3806193768978119,0.46224623918533325
YCL017C,YDR427W,0,-0.14019126,0.07613909244537354,0.3806193768978119,0.46234622597694397
YJL100W,YNL156C,0,-0.14021596,0.07612387835979462,0.3806193768978119,0.4624462425708771
YBR133C,YPR140W,0,-0.14023708,0.0761086717247963,0.3806193768978119,0.4625462591648102
YGL028C,YDR462W,0,-0.14034721,0.07609347254037857,0.3806193768978119,0.4626462757587433
YBL021C,YKR007W,0,-0.14035322,0.07607827335596085,0.3806193768978119,0.462746262550354
YER107C,YDR397C,1,-0.14037238,0.07626272737979889,0.3816183805465698,0.462746262550354
YBR101C,YLR117C,0,-0.14040118,0.07624750584363937,0.3816183805465698,0.4628462791442871
YOR122C,YLR167W,0,-0.140418,0.07623229175806046,0.3816183805465698,0.4629462957382202
YDL049C,YBR090C-A,0,-0.14046533,0.07621707767248154,0.3816183805465698,0.4630463123321533
YNL097C,YKR082W,1,-0.1404878,0.07640135288238525,0.38261738419532776,0.4630463123321533
YDR108W,YJR089W,0,-0.14050835,0.07638611644506454,0.38261738419532776,0.4631463289260864
YGL251C,YHR201C,0,-0.14055437,0.07637088745832443,0.38261738419532776,0.46324631571769714
YDL003W,YLR327C,0,-0.1406987,0.07635565847158432,0.38261738419532776,0.46334633231163025
YLR297W,YOR389W,0,-0.14078248,0.0763404443860054,0.38261738419532776,0.46344634890556335
YML115C,YMR257C,0,-0.14086682,0.07632523030042648,0.38261738419532776,0.46354636549949646
YBR035C,YOR076C,0,-0.14091094,0.07631002366542816,0.38261738419532776,0.4636463522911072
YAL044C,YLL066C,0,-0.1409316,0.07629481703042984,0.38261738419532776,0.4637463688850403
YJL048C,YML040W,0,-0.14097977,0.07627962529659271,0.38261738419532776,0.4638463854789734
YIL097W,YOR249C,0,-0.14105801,0.07626443356275558,0.38261738419532776,0.4639464020729065
YLR312C-B,YBR068C,0,-0.14110331,0.07624925673007965,0.38261738419532776,0.4640464186668396
YDR388W,YOR375C,0,-0.14112614,0.07623407989740372,0.38261738419532776,0.4641464054584503
YGR094W,YDL156W,0,-0.14112668,0.07621890306472778,0.38261738419532776,0.4642464220523834
YLR352W,YDR421W,0,-0.14112732,0.07620374113321304,0.38261738419532776,0.46434643864631653
YOL105C,YER159C,1,-0.14114001,0.07638750970363617,0.3836163878440857,0.46434643864631653
YDR483W,YGR203W,0,-0.1411458,0.07637231796979904,0.3836163878440857,0.46444645524024963
YBR126C,YJR100C,1,-0.14114645,0.07655597478151321,0.38461539149284363,0.46444645524024963
YOL042W,YGL251C,0,-0.14118218,0.0765407532453537,0.38461539149284363,0.46454644203186035
YFL031W,YDR503C,0,-0.14118579,0.07652553915977478,0.38461539149284363,0.46464645862579346
YNL064C,YLR335W,1,-0.14124802,0.07670906186103821,0.38561439514160156,0.46464645862579346
YIL097W,YDR302W,0,-0.14125991,0.0766938179731369,0.38561439514160156,0.46474647521972656
YPL049C,YKR067W,0,-0.14144355,0.07667858898639679,0.38561439514160156,0.46484649181365967
YJL190C,YHR114W,0,-0.14149393,0.07666335999965668,0.38561439514160156,0.4649465084075928
YGR035C,YER019W,0,-0.14154083,0.07664813101291656,0.38561439514160156,0.4650464951992035
YIL068C,YER143W,0,-0.14157668,0.07663291692733765,0.38561439514160156,0.4651465117931366
YIL013C,YJR096W,0,-0.14159568,0.07661770284175873,0.38561439514160156,0.4652465283870697
YDR482C,YHR091C,0,-0.14171499,0.076602503657341,0.38561439514160156,0.4653465449810028
YNR063W,YDL014W,0,-0.1417825,0.07658730447292328,0.38561439514160156,0.4654465317726135
YPR036W,YMR305C,0,-0.141811,0.07657210528850555,0.38561439514160156,0.46554654836654663
YOR027W,YOR058C,0,-0.14187844,0.07655692100524902,0.38561439514160156,0.46564656496047974
YOR247W,YGR277C,0,-0.14191341,0.07654174417257309,0.38561439514160156,0.46574658155441284
YOR358W,YIR017C,0,-0.14192869,0.07652656733989716,0.38561439514160156,0.46584659814834595
YML121W,YEL039C,0,-0.14195803,0.07651139795780182,0.38561439514160156,0.46594658493995667
YDL141W,YDR135C,0,-0.1420282,0.07649623602628708,0.38561439514160156,0.46604660153388977
YGR277C,YLR226W,0,-0.1420691,0.07648108154535294,0.38561439514160156,0.4661466181278229
YPR075C,YJL133W,0,-0.142143,0.07646592706441879,0.38561439514160156,0.466246634721756
YML023C,YIL036W,0,-0.14219803,0.07645078003406525,0.38561439514160156,0.4663466215133667
YPL211W,YML065W,0,-0.14227733,0.0764356404542923,0.38561439514160156,0.4664466381072998
YNR045W,YPR033C,0,-0.14228699,0.07642050832509995,0.38561439514160156,0.4665466547012329
YML029W,YLL028W,0,-0.14233321,0.07640538364648819,0.38561439514160156,0.466646671295166
YGL100W,YBL045C,0,-0.14241128,0.07639026641845703,0.38561439514160156,0.4667466878890991
YBR077C,YOR188W,0,-0.14241964,0.07637514919042587,0.38561439514160156,0.46684667468070984
YHR014W,YIL084C,0,-0.14242083,0.07636003941297531,0.38561439514160156,0.46694669127464294
YEL018W,YJL123C,0,-0.14244635,0.07634493708610535,0.38561439514160156,0.46704670786857605
YML059C,YDL213C,0,-0.14246854,0.07632984220981598,0.38561439514160156,0.46714672446250916
YJR102C,YBR254C,0,-0.14247626,0.07631474733352661,0.38561439514160156,0.4672467112541199
YNL103W,YFL018W-A,0,-0.1425494,0.07629966735839844,0.38561439514160156,0.467346727848053
YKL179C,YIR009W,0,-0.14265716,0.07628458738327026,0.38561439514160156,0.4674467444419861
YIL085C,YPL249C-A,0,-0.14270465,0.07626951485872269,0.38561439514160156,0.4675467610359192
YJR153W,YGL171W,0,-0.14277875,0.07625444233417511,0.38561439514160156,0.4676467776298523
YOL072W,YIL158W,0,-0.14282854,0.07623938471078873,0.38561439514160156,0.467746764421463
YGR040W,YNL257C,0,-0.1429298,0.07622432708740234,0.38561439514160156,0.4678467810153961
YLR318W,YIL010W,0,-0.14304706,0.07620927691459656,0.38561439514160156,0.4679467976093292
YHR124W,YML092C,0,-0.1430667,0.07619423419237137,0.38561439514160156,0.46804681420326233
YOL052C-A,YLR019W,1,-0.1430679,0.07637655735015869,0.3866133987903595,0.46804681420326233
YML088W,YPR082C,0,-0.14311883,0.07636148482561111,0.3866133987903595,0.46814680099487305
YMR287C,YMR183C,0,-0.14314757,0.07634641975164413,0.3866133987903595,0.46824681758880615
YNR040W,YHR080C,0,-0.14317071,0.07633136212825775,0.3866133987903595,0.46834683418273926
YGL067W,YPL280W,0,-0.14319733,0.07631631195545197,0.3866133987903595,0.46844685077667236
YBL008W,YHR021C,0,-0.14322436,0.07630126178264618,0.3866133987903595,0.46854686737060547
YPL056C,YDR204W,0,-0.14324476,0.07628621906042099,0.3866133987903595,0.4686468541622162
YFR050C,YDR179C,0,-0.14326496,0.0762711837887764,0.3866133987903595,0.4687468707561493
YBR218C,YKR013W,0,-0.14330944,0.0762561559677124,0.3866133987903595,0.4688468873500824
YMR247C,YBR021W,0,-0.14344373,0.076241135597229,0.3866133987903595,0.4689469039440155
YER048W-A,YPL001W,0,-0.1435904,0.0762261152267456,0.3866133987903595,0.4690468907356262
YKR046C,YPL156C,0,-0.14369737,0.0762111097574234,0.3866133987903595,0.4691469073295593
YLR310C,YDL129W,0,-0.1437247,0.0761961042881012,0.3866133987903595,0.46924692392349243
YGR220C,YKR077W,0,-0.14373218,0.07618109881877899,0.3866133987903595,0.46934694051742554
YNL005C,YBR038W,0,-0.14375952,0.07616610825061798,0.3866133987903595,0.46944695711135864
YDR014W,YMR121C,0,-0.14377049,0.07615112513303757,0.3866133987903595,0.46954694390296936
YDR456W,YOR077W,0,-0.14384612,0.07613614201545715,0.3866133987903595,0.46964696049690247
YLR398C,YML088W,0,-0.143891,0.07612116634845734,0.3866133987903595,0.46974697709083557
YMR271C,YFL041W,0,-0.1440099,0.07610619813203812,0.3866133987903595,0.4698469936847687
YGL150C,YDR139C,0,-0.14406723,0.0760912299156189,0.3866133987903595,0.4699469804763794
YJL083W,YDR315C,0,-0.1441494,0.07607626914978027,0.3866133987903595,0.4700469970703125
YJL151C,YIR021W,0,-0.14419077,0.07606132328510284,0.3866133987903595,0.4701470136642456
YJR075W,YHL040C,0,-0.1442099,0.07604637742042542,0.3866133987903595,0.4702470302581787
YOL056W,YKL156W,0,-0.14422399,0.07603143155574799,0.3866133987903595,0.4703470468521118
YLR313C,YIL039W,0,-0.14425437,0.07601650059223175,0.3866133987903595,0.47044703364372253
YML043C,YOR103C,0,-0.14426121,0.07600156962871552,0.3866133987903595,0.47054705023765564
YJR100C,YOL052C-A,1,-0.14426932,0.07618299871683121,0.38761240243911743,0.47054705023765564
YNR048W,YOR049C,0,-0.14438038,0.07616803795099258,0.38761240243911743,0.47064706683158875
YHL018W,YML086C,0,-0.14439675,0.07615309208631516,0.38761240243911743,0.47074708342552185
YLR190W,YPL256C,0,-0.14439973,0.07613814622163773,0.38761240243911743,0.47084707021713257
YKL021C,YFL061W,0,-0.14445359,0.0761232078075409,0.38761240243911743,0.4709470868110657
YFR006W,YDR153C,0,-0.14448161,0.07610827684402466,0.38761240243911743,0.4710471034049988
YOL097C,YFL039C,0,-0.14448977,0.07609335333108902,0.38761240243911743,0.4711471199989319
YDR421W,YCL030C,0,-0.1445131,0.07607842981815338,0.38761240243911743,0.471247136592865
YGL120C,YPR188C,0,-0.1445448,0.07606351375579834,0.38761240243911743,0.4713471233844757
YNL185C,YJR064W,0,-0.14464948,0.0760486051440239,0.38761240243911743,0.4714471399784088
YNL124W,YML004C,0,-0.14472175,0.07603370398283005,0.38761240243911743,0.4715471565723419
YJR100C,YKL057C,1,-0.1447838,0.0762147307395935,0.388611376285553,0.4715471565723419
YIL090W,YPR188C,0,-0.14479426,0.07619980722665787,0.388611376285553,0.471647173166275
YJL108C,YER078C,0,-0.14484653,0.07618488371372223,0.388611376285553,0.47174715995788574
YML069W,YDL119C,0,-0.14492266,0.07616996020078659,0.388611376285553,0.47184717655181885
YLR019W,YER111C,1,-0.14494593,0.07635082304477692,0.3896103799343109,0.47184717655181885
YFR025C,YDR086C,0,-0.14513911,0.07633587718009949,0.3896103799343109,0.47194719314575195
YAR010C,YJL028W,0,-0.14521399,0.07632093876600266,0.3896103799343109,0.47204720973968506
YCL026C-A,YOR073W,0,-0.14523086,0.07630600780248642,0.3896103799343109,0.47214722633361816
YDR347W,YGR204W,0,-0.1452328,0.07629107683897018,0.3896103799343109,0.4722472131252289
YBL020W,YJL209W,0,-0.14529608,0.07627616077661514,0.3896103799343109,0.472347229719162
YKL060C,YER041W,0,-0.14532144,0.0762612447142601,0.3896103799343109,0.4724472463130951
YAL013W,YPR065W,0,-0.14533418,0.07624633610248566,0.3896103799343109,0.4725472629070282
YIL075C,YKL100C,0,-0.145439,0.07623142749071121,0.3896103799343109,0.4726472795009613
YOR372C,YAL001C,0,-0.14547262,0.07621653378009796,0.3896103799343109,0.472747266292572
YKR045C,YEL046C,0,-0.14548923,0.07620164006948471,0.3896103799343109,0.4728472828865051
YGR129W,YDR065W,0,-0.1454906,0.07618675380945206,0.3896103799343109,0.47294729948043823
YPL231W,YDR158W,0,-0.14556819,0.076171875,0.3896103799343109,0.47304731607437134
YMR076C,YNL292W,0,-0.14557177,0.07615700364112854,0.3896103799343109,0.47314730286598206
YER107C,YPL004C,1,-0.14560956,0.07633736729621887,0.39060938358306885,0.47314730286598206
YLR058C,YOL096C,0,-0.14565456,0.07632246613502502,0.39060938358306885,0.47324731945991516
YKR014C,YKR085C,0,-0.14577496,0.07630757242441177,0.39060938358306885,0.47334733605384827
YNL311C,YDR267C,0,-0.1458627,0.07629268616437912,0.39060938358306885,0.47344735264778137
YJL057C,YDR270W,0,-0.14604898,0.07627779990434647,0.39060938358306885,0.4735473692417145
YAL002W,YMR022W,0,-0.14605778,0.07626292109489441,0.39060938358306885,0.4736473560333252
YCR024C,YJL116C,0,-0.14613414,0.07624804973602295,0.39060938358306885,0.4737473726272583
YGR068C,YNL055C,0,-0.14622867,0.07623318582773209,0.39060938358306885,0.4738473892211914
YDR354W,YAL026C,0,-0.14632943,0.07621832191944122,0.39060938358306885,0.4739474058151245
YDR352W,YLR448W,0,-0.14637712,0.07620346546173096,0.39060938358306885,0.47404739260673523
YHR031C,YKL033W,0,-0.14651306,0.07618862390518188,0.39060938358306885,0.47414740920066833
YCL005W-A,YMR058W,0,-0.14652765,0.07617377489805222,0.39060938358306885,0.47424742579460144
YKL032C,YDR379W,0,-0.14666283,0.07615894079208374,0.39060938358306885,0.47434744238853455
YPR046W,YLR263W,0,-0.14673272,0.07614410668611526,0.39060938358306885,0.47444745898246765
YPL152W,YOL116W,0,-0.14673369,0.07612928003072739,0.39060938358306885,0.47454744577407837
YCR077C,YGL126W,0,-0.14676124,0.0761144608259201,0.39060938358306885,0.4746474623680115
YDR141C,YGR074W,0,-0.14683038,0.07609964907169342,0.39060938358306885,0.4747474789619446
YDL201W,YPL097W,0,-0.14683677,0.07608484476804733,0.39060938358306885,0.4748474955558777
YJR161C,YER036C,0,-0.1468454,0.07607004046440125,0.39060938358306885,0.4749474823474884
YOR017W,YML040W,0,-0.14689627,0.07605524361133575,0.39060938358306885,0.4750474989414215
YMR224C,YFL022C,0,-0.14703989,0.07604045420885086,0.39060938358306885,0.4751475155353546
YNL087W,YBL099W,0,-0.14709738,0.07602566480636597,0.39060938358306885,0.4752475321292877
YER144C,YGL006W,0,-0.14711884,0.07601088285446167,0.39060938358306885,0.4753475487232208
YBR077C,YBL047C,0,-0.14713886,0.07599611580371857,0.39060938358306885,0.47544753551483154
YLL053C,YDL188C,0,-0.1471591,0.07598134130239487,0.39060938358306885,0.47554755210876465
YGR088W,YIL072W,0,-0.14722535,0.07596658170223236,0.39060938358306885,0.47564756870269775
YLR442C,YHR098C,0,-0.14725786,0.07595182955265045,0.39060938358306885,0.47574758529663086
YIL138C,YPL130W,0,-0.14733934,0.07593707740306854,0.39060938358306885,0.4758475720882416
YJR090C,YCR043C,0,-0.14734682,0.07592233270406723,0.39060938358306885,0.4759475886821747
YLR155C,YMR022W,0,-0.14736417,0.07590758800506592,0.39060938358306885,0.4760476052761078
YLR352W,YKR065C,0,-0.147439,0.0758928582072258,0.39060938358306885,0.4761476218700409
YIL009W,YPR070W,0,-0.14747292,0.07587812840938568,0.39060938358306885,0.476247638463974
YGR067C,YPR173C,0,-0.14747633,0.07586340606212616,0.39060938358306885,0.4763476252555847
YPL241C,YMR017W,0,-0.14751339,0.07584869116544724,0.39060938358306885,0.4764476418495178
YER107C,YDR074W,1,-0.14754543,0.07602792978286743,0.3916083872318268,0.4764476418495178
YDL205C,YFR032C-A,0,-0.14760742,0.07601318508386612,0.3916083872318268,0.4765476584434509
YDL184C,YJL056C,0,-0.1476401,0.0759984478354454,0.3916083872318268,0.47664767503738403
YFL016C,YMR037C,1,-0.14765112,0.07617755234241486,0.3926073908805847,0.47664767503738403
YLL010C,YHL028W,1,-0.14768222,0.07635658979415894,0.39360639452934265,0.47664767503738403
YKL088W,YHL008C,0,-0.14770862,0.07634179294109344,0.39360639452934265,0.47674766182899475
YBL074C,YLR435W,0,-0.14771155,0.07632700353860855,0.39360639452934265,0.47684767842292786
YMR127C,YDR169C,0,-0.14772242,0.07631222158670425,0.39360639452934265,0.47694769501686096
YNL252C,YER139C,0,-0.14774206,0.07629744708538055,0.39360639452934265,0.47704771161079407
YBR179C,YML046W,0,-0.14779115,0.07628267258405685,0.39360639452934265,0.4771477282047272
YDL069C,YGL084C,0,-0.14791273,0.07626790553331375,0.39360639452934265,0.4772477149963379
YDL092W,YJL001W,0,-0.14796837,0.07625314593315125,0.39360639452934265,0.477347731590271
YHR009C,YMR316W,0,-0.14799543,0.07623839378356934,0.39360639452934265,0.4774477481842041
YHL038C,YNL133C,0,-0.14805745,0.07622364163398743,0.39360639452934265,0.4775477647781372
YKL069W,YOR073W,0,-0.1482108,0.07620889693498611,0.39360639452934265,0.4776477515697479
YHR101C,YOR192C,0,-0.1482741,0.0761941596865654,0.39360639452934265,0.47774776816368103
YDL160C,YFR030W,0,-0.1482847,0.07617942988872528,0.39360639452934265,0.47784778475761414
YLR220W,YGR162W,0,-0.14830317,0.07616470009088516,0.39360639452934265,0.47794780135154724
YDR180W,YLR064W,0,-0.14834842,0.07614997774362564,0.39360639452934265,0.47804781794548035
YGR005C,YHR099W,0,-0.14837068,0.07613526284694672,0.39360639452934265,0.47814780473709106
YAR018C,YER027C,0,-0.1484344,0.07612055540084839,0.39360639452934265,0.47824782133102417
YLR006C,YGR125W,0,-0.14845164,0.07610585540533066,0.39360639452934265,0.4783478379249573
YFL050C,YDR384C,0,-0.14845428,0.07609115540981293,0.39360639452934265,0.4784478545188904
YFL016C,YAR002W,1,-0.14845961,0.07626955211162567,0.3946053981781006,0.4784478545188904
YLL013C,YJR064W,0,-0.14851645,0.07625482976436615,0.3946053981781006,0.4785478413105011
YGR086C,YAR015W,0,-0.14857683,0.07624010741710663,0.3946053981781006,0.4786478579044342
YDR438W,YIL129C,0,-0.1487367,0.0762253925204277,0.3946053981781006,0.4787478744983673
YOL056W,YLR340W,0,-0.14885199,0.07621068507432938,0.3946053981781006,0.4788478910923004
YNL275W,YNL213C,0,-0.14887446,0.07619598507881165,0.3946053981781006,0.4789479076862335
YMR277W,YHR062C,0,-0.14889066,0.07618129253387451,0.3946053981781006,0.47904789447784424
YJR135W-A,YPL126W,0,-0.14894609,0.07616659998893738,0.3946053981781006,0.47914791107177734
YIR033W,YPL085W,0,-0.14899783,0.07615191489458084,0.3946053981781006,0.47924792766571045
YML126C,YML033W,0,-0.14907666,0.0761372372508049,0.3946053981781006,0.47934794425964355
YGL253W,YKL137W,0,-0.14913534,0.07612256705760956,0.3946053981781006,0.4794479310512543
YBR286W,YPR184W,0,-0.1492227,0.07610789686441422,0.3946053981781006,0.4795479476451874
YOR032C,YDR003W,0,-0.14926776,0.07609324157238007,0.3946053981781006,0.4796479642391205
YBR168W,YPL033C,0,-0.14928336,0.07607857882976532,0.3946053981781006,0.4797479808330536
YGL223C,YBR295W,0,-0.14934355,0.07606393098831177,0.3946053981781006,0.4798479974269867
YDR388W,YHR024C,0,-0.14938006,0.07604929059743881,0.3946053981781006,0.4799479842185974
YPR009W,YGR017W,0,-0.14941724,0.07603465020656586,0.3946053981781006,0.4800480008125305
YML055W,YDR342C,0,-0.14942303,0.0760200172662735,0.3946053981781006,0.4801480174064636
YDL081C,YIL112W,0,-0.14952007,0.07600538432598114,0.3946053981781006,0.48024803400039673
YMR199W,YLR240W,0,-0.14955193,0.07599076628684998,0.3946053981781006,0.48034802079200745
YBR121C,YHR072W,0,-0.1495766,0.07597614824771881,0.3946053981781006,0.48044803738594055
YMR002W,YNL066W,0,-0.14974749,0.07596153765916824,0.3946053981781006,0.48054805397987366
YPL281C,YNL113W,0,-0.1498065,0.07594693452119827,0.3946053981781006,0.48064807057380676
YOR101W,YCR042C,0,-0.14981396,0.0759323313832283,0.3946053981781006,0.48074808716773987
YLR409C,YBR239C,0,-0.14984502,0.07591774314641953,0.3946053981781006,0.4808480739593506
YPR023C,YIL153W,0,-0.14986666,0.07590315490961075,0.3946053981781006,0.4809480905532837
YDR301W,YAL044C,0,-0.15006597,0.07588856667280197,0.3946053981781006,0.4810481071472168
YHR136C,YKL196C,0,-0.15008499,0.07587399333715439,0.3946053981781006,0.4811481237411499
YER133W,YOL004W,1,-0.15012637,0.07605146616697311,0.3956044018268585,0.4811481237411499
YNL056W,YDR237W,0,-0.1502068,0.07603686302900314,0.3956044018268585,0.4812481105327606
YPL101W,YPL117C,0,-0.15021409,0.07602226734161377,0.3956044018268585,0.4813481271266937
YDL175C,YNL254C,0,-0.1502187,0.07600767910480499,0.3956044018268585,0.48144814372062683
YKR026C,YBR025C,1,-0.15025736,0.07618499547243118,0.39660340547561646,0.48144814372062683
YOL056W,YCL068C,0,-0.15026848,0.07617037743330002,0.39660340547561646,0.48154816031455994
YCL063W,YKR099C-A,0,-0.15029837,0.07615576684474945,0.39660340547561646,0.48164817690849304
YHL008C,YIL009C-A,0,-0.1503622,0.07614115625619888,0.39660340547561646,0.48174816370010376
YBR136W,YNL126W,0,-0.15039265,0.07612656056880951,0.39660340547561646,0.48184818029403687
YPR118W,YJL139C,0,-0.15040073,0.07611196488142014,0.39660340547561646,0.48194819688796997
YOR033C,YDL222C,0,-0.1504109,0.07609737664461136,0.39660340547561646,0.4820482134819031
YNL064C,YLR182W,1,-0.15045872,0.07627443224191666,0.3976024091243744,0.4820482134819031
YCR016W,YLR143W,0,-0.15056673,0.07625982165336609,0.3976024091243744,0.4821482002735138
YOR043W,YKR082W,1,-0.15057802,0.07643678039312363,0.3986014127731323,0.4821482002735138
YLR068W,YCR028C,0,-0.15062416,0.07642214000225067,0.3986014127731323,0.4822482168674469
YOR032C,YIL082W-A,0,-0.1506305,0.07640750706195831,0.3986014127731323,0.48234823346138
YDR545W,YDR326C,0,-0.15069588,0.07639287412166595,0.3986014127731323,0.4824482500553131
YPL192C,YAR014C,0,-0.15077057,0.07637825608253479,0.3986014127731323,0.4825482666492462
YLR258W,YBR069C,0,-0.150942,0.07636363804340363,0.3986014127731323,0.48264825344085693
YNL310C,YBR297W,0,-0.15097094,0.07634902745485306,0.3986014127731323,0.48274827003479004
YPL233W,YPL010W,0,-0.15102144,0.07633441686630249,0.3986014127731323,0.48284828662872314
YOL052C-A,YNL283C,1,-0.15113872,0.07651109248399734,0.39960038661956787,0.48284828662872314
YPL051W,YKL099C,0,-0.15115523,0.07649645954370499,0.39960038661956787,0.48294830322265625
YMR263W,YLR098C,0,-0.15117657,0.07648183405399323,0.39960038661956787,0.48304829001426697
YNL007C,YBL101C,0,-0.15121673,0.07646721601486206,0.39960038661956787,0.4831483066082001
YOL029C,YML038C,0,-0.15133044,0.0764525979757309,0.39960038661956787,0.4832483232021332
YMR199W,YDR264C,0,-0.15142852,0.07643798738718033,0.39960038661956787,0.4833483397960663
YNL325C,YMR026C,0,-0.15145326,0.07642338424921036,0.39960038661956787,0.4834483563899994
YDR334W,YDR037W,0,-0.15148816,0.07640878856182098,0.39960038661956787,0.4835483431816101
YPL117C,YHR033W,0,-0.15150745,0.07639419287443161,0.39960038661956787,0.4836483597755432
YEL013W,YBR030W,0,-0.15167972,0.07637960463762283,0.39960038661956787,0.4837483763694763
YGL137W,YNL126W,0,-0.15169483,0.07636502385139465,0.39960038661956787,0.4838483929634094
YJR044C,YNL119W,0,-0.15171462,0.07635045051574707,0.39960038661956787,0.48394840955734253
YDR020C,YDL114W,0,-0.1517292,0.07633587718009949,0.39960038661956787,0.48404839634895325
YJR145C,YDR443C,0,-0.1517672,0.0763213112950325,0.39960038661956787,0.48414841294288635
YGL175C,YDR545W,0,-0.1517694,0.07630675286054611,0.39960038661956787,0.48424842953681946
YJR084W,YPR102C,0,-0.15177064,0.07629220187664032,0.39960038661956787,0.48434844613075256
YLR369W,YMR110C,0,-0.15181643,0.07627765089273453,0.39960038661956787,0.4844484329223633
YFR016C,YGR202C,0,-0.15191412,0.07626310735940933,0.39960038661956787,0.4845484495162964
YDR312W,YMR083W,0,-0.15192051,0.07624857127666473,0.39960038661956787,0.4846484661102295
YER157W,YML031W,0,-0.151971,0.07623403519392014,0.39960038661956787,0.4847484827041626
YBR072W,YKR082W,1,-0.15201637,0.07641006261110306,0.4005993902683258,0.4847484827041626
YLL010C,YOR043W,1,-0.15206122,0.07658601552248001,0.40159839391708374,0.4847484827041626
YPL092W,YMR139W,0,-0.15207312,0.07657142728567123,0.40159839391708374,0.4848484992980957
YDR533C,YJL018W,0,-0.15208657,0.07655684649944305,0.40159839391708374,0.4849484860897064
YDR303C,YJR096W,0,-0.15209314,0.07654227316379547,0.40159839391708374,0.4850485026836395
YNL098C,YDL126C,0,-0.15209799,0.07652769982814789,0.40159839391708374,0.48514851927757263
YOR195W,YOL103W,0,-0.15234686,0.0765131339430809,0.40159839391708374,0.48524853587150574
YLR459W,YKR034W,0,-0.15240559,0.07649857550859451,0.40159839391708374,0.48534852266311646
YFR008W,YKR099W,0,-0.15263239,0.07648401707410812,0.40159839391708374,0.48544853925704956
YDL088C,YOR008C,1,-0.15269259,0.07665969431400299,0.4025973975658417,0.48544853925704956
YDL230W,YGR186W,0,-0.15272252,0.07664511352777481,0.4025973975658417,0.48554855585098267
YHR115C,YBR146W,0,-0.15276124,0.07663054019212723,0.4025973975658417,0.48564857244491577
YGR058W,YIR026C,0,-0.15278485,0.07661596685647964,0.4025973975658417,0.4857485890388489
YOR381W,YDL141W,0,-0.15278563,0.07660140842199326,0.4025973975658417,0.4858485758304596
YDR238C,YMR195W,0,-0.15279981,0.07658684998750687,0.4025973975658417,0.4859485924243927
YPL202C,YOR128C,0,-0.15280035,0.07657229900360107,0.4025973975658417,0.4860486090183258
YMR232W,YNL003C,0,-0.15281367,0.07655774801969528,0.4025973975658417,0.4861486256122589
YOL071W,YHR043C,0,-0.1528368,0.07654321193695068,0.4025973975658417,0.48624861240386963
YLL042C,YLR336C,0,-0.15296844,0.07652867585420609,0.4025973975658417,0.48634862899780273
YGL012W,YMR024W,0,-0.1530422,0.07651414722204208,0.4025973975658417,0.48644864559173584
YCL045C,YNL316C,0,-0.15304543,0.07649961858987808,0.4025973975658417,0.48654866218566895
YMR045C,YKL016C,0,-0.15310618,0.07648510485887527,0.4025973975658417,0.48664867877960205
YPR169W,YDR052C,0,-0.15313387,0.07647059112787247,0.4025973975658417,0.48674866557121277
YPL169C,YFL034C-B,0,-0.15316072,0.07645607739686966,0.4025973975658417,0.4868486821651459
YOR132W,YDR258C,0,-0.15318137,0.07644157856702805,0.4025973975658417,0.486948698759079
YGR040W,YER074W-A,0,-0.1532,0.07642707973718643,0.4025973975658417,0.4870487153530121
YJL074C,YNL240C,0,-0.15323141,0.07641258835792542,0.4025973975658417,0.4871487021446228
YLR352W,YHR112C,0,-0.15323877,0.076398104429245,0.4025973975658417,0.4872487187385559
YNL176C,YPL060W,0,-0.15327145,0.07638362050056458,0.4025973975658417,0.487348735332489
YNL275W,YLR194C,0,-0.15340891,0.07636915147304535,0.4025973975658417,0.4874487519264221
YAL013W,YHR092C,0,-0.15345281,0.07635468244552612,0.4025973975658417,0.4875487685203552
YJR100C,YGL073W,1,-0.1534665,0.07652964442968369,0.4035964012145996,0.4875487685203552
YIL066C,YDL232W,0,-0.15348384,0.07651515305042267,0.4035964012145996,0.48764875531196594
YDL160C,YOL006C,0,-0.15352742,0.07650066167116165,0.4035964012145996,0.48774877190589905
YLR176C,YJL028W,0,-0.15366006,0.07648617774248123,0.4035964012145996,0.48784878849983215
YPL157W,YGR104C,0,-0.15371978,0.07647170126438141,0.4035964012145996,0.48794880509376526
YDR050C,YOR371C,0,-0.15379578,0.07645723223686218,0.4035964012145996,0.488048791885376
YGR166W,YJR017C,0,-0.15380909,0.07644276320934296,0.4035964012145996,0.4881488084793091
YMR231W,YNL023C,0,-0.15390807,0.07642830163240433,0.4035964012145996,0.4882488250732422
YOL052C-A,YKL057C,1,-0.15395448,0.0766029879450798,0.40459540486335754,0.4882488250732422
YDR326C,YLR071C,0,-0.15409249,0.07658850401639938,0.40459540486335754,0.4883488416671753
YGL234W,YDR011W,0,-0.15422818,0.07657402008771896,0.40459540486335754,0.4884488582611084
YOR043W,YPL230W,0,-0.1542817,0.07655954360961914,0.40459540486335754,0.4885488450527191
YDR297W,YDR115W,0,-0.15434489,0.07654507458209991,0.40459540486335754,0.4886488616466522
YOR298C-A,YDL159W,0,-0.15435402,0.07653061300516129,0.40459540486335754,0.4887488782405853
YPL270W,YOL061W,0,-0.15454711,0.07651615142822266,0.40459540486335754,0.48884889483451843
YDR217C,YBR241C,0,-0.15468949,0.07650169730186462,0.40459540486335754,0.48894888162612915
YDL100C,YDL116W,1,-0.15472461,0.07667610794305801,0.4055944085121155,0.48894888162612915
YML103C,YOL053C-A,1,-0.15482053,0.07685045152902603,0.4065934121608734,0.48894888162612915
YDR058C,YDL109C,0,-0.15484229,0.07683594524860382,0.4065934121608734,0.48904889822006226
YGR184C,YNL051W,0,-0.15489943,0.07682143896818161,0.4065934121608734,0.48914891481399536
YNL294C,YGL181W,0,-0.15491255,0.0768069475889206,0.4065934121608734,0.48924893140792847
YBR149W,YGR203W,0,-0.15492341,0.07679245620965958,0.4065934121608734,0.4893489480018616
YGL234W,YFL026W,0,-0.15492351,0.07677796483039856,0.4065934121608734,0.4894489347934723
YBL005W-A,YPR063C,0,-0.154941,0.07676348835229874,0.4065934121608734,0.4895489513874054
YML007W,YBR025C,1,-0.15518875,0.07693758606910706,0.40759241580963135,0.4895489513874054
YNL162W,YML126C,0,-0.15527168,0.07692307978868484,0.40759241580963135,0.4896489679813385
YFL055W,YDL240W,0,-0.15527384,0.07690857350826263,0.40759241580963135,0.4897489845752716
YPL004C,YKR026C,1,-0.15529072,0.0770825445652008,0.4085914194583893,0.4897489845752716
YLR106C,YMR314W,0,-0.15529962,0.0770680233836174,0.4085914194583893,0.4898489713668823
YPL019C,YNL054W,0,-0.15533826,0.077053502202034,0.4085914194583893,0.48994898796081543
YML027W,YOL055C,0,-0.15534191,0.07703898847103119,0.4085914194583893,0.49004900455474854
YBL023C,YLR060W,0,-0.1553815,0.07702448219060898,0.4085914194583893,0.49014902114868164
YKL096W,YKL079W,0,-0.1554119,0.07700997591018677,0.4085914194583893,0.49024903774261475
YBR101C,YHR062C,0,-0.1554149,0.07699548453092575,0.4085914194583893,0.49034902453422546
YML103C,YOR043W,1,-0.15558389,0.07716920971870422,0.4095904231071472,0.49034902453422546
YDR040C,YOL126C,0,-0.15560551,0.07715468853712082,0.4095904231071472,0.49044904112815857
YMR208W,YER005W,0,-0.15569082,0.07714016735553741,0.4095904231071472,0.4905490577220917
YLR096W,YPR009W,0,-0.15574619,0.0771256610751152,0.4095904231071472,0.4906490743160248
YGL097W,YJL129C,0,-0.15585858,0.077111154794693,0.4095904231071472,0.4907490611076355
YGL028C,YML021C,0,-0.15590301,0.07709665596485138,0.4095904231071472,0.4908490777015686
YOL127W,YPR025C,0,-0.1559844,0.07708215713500977,0.4095904231071472,0.4909490942955017
YLR430W,YNL055C,0,-0.15607803,0.07706766575574875,0.4095904231071472,0.4910491108894348
YDL230W,YDR434W,0,-0.15614578,0.07705318182706833,0.4095904231071472,0.4911491274833679
YGL250W,YJL019W,0,-0.15618142,0.0770387053489685,0.4095904231071472,0.49124911427497864
YDL100C,YLL026W,1,-0.15622531,0.07721209526062012,0.41058939695358276,0.49124911427497864
YDR397C,YOR008C,1,-0.15651229,0.07738542556762695,0.4115884006023407,0.49124911427497864
YJR102C,YGR029W,0,-0.15656835,0.07737088948488235,0.4115884006023407,0.49134913086891174
YJR073C,YLR259C,0,-0.156641,0.07735636830329895,0.4115884006023407,0.49144914746284485
YEL020W-A,YKL188C,0,-0.1566648,0.07734184712171555,0.4115884006023407,0.49154916405677795
YNR063W,YEL032W,0,-0.15674727,0.07732732594013214,0.4115884006023407,0.49164915084838867
YPR018W,YBL024W,0,-0.15678418,0.07731281965970993,0.4115884006023407,0.4917491674423218
YLR078C,YDR056C,0,-0.15682727,0.07729831337928772,0.4115884006023407,0.4918491840362549
YMR208W,YNL188W,0,-0.15684453,0.0772838145494461,0.4115884006023407,0.491949200630188
YMR127C,YLR134W,0,-0.15684688,0.07726931571960449,0.4115884006023407,0.4920492172241211
YJL136C,YER147C,0,-0.15693447,0.07725483179092407,0.4115884006023407,0.4921492040157318
YPL270W,YOR347C,0,-0.15695406,0.07724034786224365,0.4115884006023407,0.4922492206096649
YLR352W,YBR136W,0,-0.15696439,0.07722586393356323,0.4115884006023407,0.492349237203598
YLR313C,YPL212C,0,-0.15699828,0.077211394906044,0.4115884006023407,0.49244925379753113
YLR238W,YIL008W,0,-0.15700498,0.07719692587852478,0.4115884006023407,0.49254924058914185
YGL063W,YGL234W,0,-0.15702504,0.07718246430158615,0.4115884006023407,0.49264925718307495
YOR017W,YDR408C,0,-0.15706062,0.07716801017522812,0.4115884006023407,0.49274927377700806
YBR127C,YNL246W,0,-0.15712321,0.07715355604887009,0.4115884006023407,0.49284929037094116
YOR245C,YOR363C,0,-0.15715298,0.07713910937309265,0.4115884006023407,0.49294930696487427
YLR304C,YKL155C,0,-0.15720195,0.07712467014789581,0.4115884006023407,0.493049293756485
YDR084C,YBL082C,0,-0.15721229,0.07711023837327957,0.4115884006023407,0.4931493103504181
YOL068C,YBR156C,0,-0.15721896,0.07709580659866333,0.4115884006023407,0.4932493269443512
YJL063C,YLR467W,0,-0.1572479,0.07708138227462769,0.4115884006023407,0.4933493435382843
YKL127W,YDR510W,0,-0.15725085,0.07706696540117264,0.4115884006023407,0.493449330329895
YDR352W,YIL148W,0,-0.1573211,0.07705255597829819,0.4115884006023407,0.4935493469238281
YML054C,YFL016C,0,-0.15735404,0.07703814655542374,0.4115884006023407,0.49364936351776123
YIL090W,YGR006W,0,-0.15758136,0.07702374458312988,0.4115884006023407,0.49374938011169434
YLR056W,YDL129W,0,-0.15760863,0.07700934261083603,0.4115884006023407,0.49384939670562744
YOL030W,YFL037W,0,-0.15769312,0.07699495553970337,0.4115884006023407,0.49394938349723816
YHR009C,YOR295W,0,-0.15772292,0.07698056846857071,0.4115884006023407,0.49404940009117126
YFR010W,YOR249C,0,-0.15784027,0.07696618884801865,0.4115884006023407,0.49414941668510437
YGR086C,YJR136C,1,-0.15788898,0.07713858783245087,0.41258740425109863,0.49414941668510437
YER038C,YGL002W,0,-0.15792032,0.07712418586015701,0.41258740425109863,0.4942494332790375
YPL108W,YDR510W,0,-0.15795454,0.07710978388786316,0.41258740425109863,0.4943494200706482
YHL032C,YBR193C,0,-0.15799376,0.0770953893661499,0.41258740425109863,0.4944494366645813
YER082C,YOR249C,0,-0.15809242,0.07708100229501724,0.41258740425109863,0.4945494532585144
YDR315C,YNL194C,0,-0.15810569,0.07706661522388458,0.41258740425109863,0.4946494698524475
YGL085W,YGR202C,0,-0.15810667,0.07705223560333252,0.41258740425109863,0.4947494864463806
YGR108W,YBL106C,0,-0.15815175,0.07703786343336105,0.41258740425109863,0.49484947323799133
YCL048W,YBR086C,0,-0.15817596,0.07702349871397018,0.41258740425109863,0.49494948983192444
YLR307W,YNL199C,0,-0.1583703,0.07700913399457932,0.41258740425109863,0.49504950642585754
YER099C,YER111C,0,-0.15837483,0.07699477672576904,0.41258740425109863,0.49514952301979065
YPL132W,YGL006W,0,-0.1584169,0.07698042690753937,0.41258740425109863,0.49524953961372375
YMR006C,YDR121W,0,-0.15844145,0.07696608453989029,0.41258740425109863,0.4953495264053345
YGR088W,YGL157W,0,-0.15850693,0.07695174217224121,0.41258740425109863,0.4954495429992676
YDL149W,YNR055C,0,-0.1585356,0.07693740725517273,0.41258740425109863,0.4955495595932007
YIL168W,YCR045C,0,-0.1585382,0.07692307978868484,0.41258740425109863,0.4956495761871338
YPL258C,YPL275W,0,-0.15855047,0.07690875232219696,0.41258740425109863,0.4957495629787445
YLR310C,YGL121C,0,-0.1585603,0.07689443230628967,0.41258740425109863,0.4958495795726776
YNL086W,YGR235C,0,-0.15856105,0.07688011974096298,0.41258740425109863,0.4959495961666107
YAL047C,YGR203W,0,-0.15867816,0.07686580717563629,0.41258740425109863,0.4960496127605438
YNR061C,YDR047W,0,-0.15869698,0.0768515095114708,0.41258740425109863,0.49614962935447693
YNL083W,YOR295W,0,-0.15880601,0.0768372118473053,0.41258740425109863,0.49624961614608765
YGL067W,YFL034C-B,0,-0.15887639,0.0768229141831398,0.41258740425109863,0.49634963274002075
YMR035W,YKR085C,0,-0.15893872,0.0768086314201355,0.41258740425109863,0.49644964933395386
YHR023W,YKL034W,0,-0.1589393,0.0767943486571312,0.41258740425109863,0.49654966592788696
YIR014W,YBR205W,0,-0.15894741,0.07678007334470749,0.41258740425109863,0.4966496527194977
YOL149W,YAL055W,0,-0.15896668,0.07676579803228378,0.41258740425109863,0.4967496693134308
YDL116W,YDR258C,1,-0.15906405,0.07693737000226974,0.41358640789985657,0.4967496693134308
YNL216W,YMR314W,0,-0.15924892,0.07692307978868484,0.41358640789985657,0.4968496859073639
YML047C,YLR435W,0,-0.15927218,0.07690878957509995,0.41358640789985657,0.496949702501297
YCL019W,YDR292C,0,-0.15934248,0.07689449936151505,0.41358640789985657,0.4970497190952301
YGL100W,YGL099W,0,-0.15939696,0.07688022404909134,0.41358640789985657,0.4971497058868408
YKL208W,YBR298C,0,-0.15944427,0.07686594873666763,0.41358640789985657,0.4972497224807739
YJR135W-A,YPL130W,0,-0.15950131,0.07685168087482452,0.41358640789985657,0.49734973907470703
YGL201C,YDL080C,0,-0.15955755,0.07683741301298141,0.41358640789985657,0.49744975566864014
YPL237W,YOL146W,0,-0.15959579,0.0768231600522995,0.41358640789985657,0.49754974246025085
YAL062W,YPL066W,0,-0.15963206,0.07680890709161758,0.41358640789985657,0.49764975905418396
YIL119C,YHR080C,0,-0.1596483,0.07679465413093567,0.41358640789985657,0.49774977564811707
YKR027W,YKR060W,0,-0.15971592,0.07678041607141495,0.41358640789985657,0.49784979224205017
YJR159W,YOL061W,0,-0.1597525,0.07676617801189423,0.41358640789985657,0.4979498088359833
YGR235C,YML037C,0,-0.15979898,0.0767519474029541,0.41358640789985657,0.498049795627594
YIL036W,YDR037W,0,-0.15981022,0.07673771679401398,0.41358640789985657,0.4981498122215271
YLL024C,YCL005W-A,0,-0.15989074,0.07672350108623505,0.41358640789985657,0.4982498288154602
YDR538W,YJL115W,0,-0.15995342,0.07670928537845612,0.41358640789985657,0.4983498454093933
YGR244C,YLR424W,0,-0.16006416,0.07669506967067719,0.41358640789985657,0.49844983220100403
YLR426W,YEL059C-A,0,-0.16017756,0.07668086886405945,0.41358640789985657,0.49854984879493713
YDR192C,YLR182W,1,-0.16028011,0.07685185223817825,0.4145854115486145,0.49854984879493713
YJR043C,YCR023C,0,-0.16029793,0.07683762162923813,0.4145854115486145,0.49864986538887024
YDL161W,YJL111W,0,-0.1604465,0.0768233984708786,0.4145854115486145,0.49874988198280334
YBR201W,YMR101C,0,-0.16046172,0.07680918276309967,0.4145854115486145,0.49884989857673645
YDR021W,YML004C,0,-0.16051307,0.07679496705532074,0.4145854115486145,0.49894988536834717
YGL078C,YJL073W,0,-0.1605462,0.0767807587981224,0.4145854115486145,0.4990499019622803
YGR096W,YGR075C,0,-0.16058552,0.07676655799150467,0.4145854115486145,0.4991499185562134
YKL029C,YBR264C,0,-0.16064759,0.07675235718488693,0.4145854115486145,0.4992499351501465
YPR022C,YIR036C,0,-0.16066325,0.07673816382884979,0.4145854115486145,0.4993499219417572
YKL157W,YGR278W,0,-0.16069654,0.07672397792339325,0.4145854115486145,0.4994499385356903
YLR360W,YLL009C,0,-0.16074502,0.0767097994685173,0.4145854115486145,0.4995499551296234
YOR193W,YLR174W,0,-0.1607669,0.07669562101364136,0.4145854115486145,0.4996499717235565
YKR001C,YMR047C,0,-0.1607685,0.07668145000934601,0.4145854115486145,0.4997499883174896
YBR169C,YLR433C,0,-0.1608936,0.07666727900505066,0.4145854115486145,0.49984997510910034
YOR334W,YKR038C,0,-0.16100767,0.0766531229019165,0.4145854115486145,0.49994999170303345
YJL111W,YMR290C,0,-0.16104794,0.07663896679878235,0.4145854115486145,0.5000500082969666
YHR161C,YML040W,0,-0.16105214,0.07662481814622879,0.4145854115486145,0.5001500248908997
YCR005C,YPL144W,0,-0.16109334,0.07661066949367523,0.4145854115486145,0.5002500414848328
YHR001W,YDL087C,0,-0.16124243,0.07659652829170227,0.4145854115486145,0.5003500580787659
YDR291W,YNL197C,0,-0.16125652,0.0765823945403099,0.4145854115486145,0.500450074672699
YOR016C,YDL168W,0,-0.16133267,0.07656826823949814,0.4145854115486145,0.5005500316619873
YOR027W,YDR300C,0,-0.16136098,0.07655414193868637,0.4145854115486145,0.5006500482559204
YPR192W,YHR070W,0,-0.16140822,0.0765400230884552,0.4145854115486145,0.5007500648498535
YDL138W,YCR072C,0,-0.16141564,0.07652591168880463,0.4145854115486145,0.5008500814437866
YNL310C,YPR073C,0,-0.16142327,0.07651180028915405,0.4145854115486145,0.5009500980377197
YBR078W,YPR124W,0,-0.16146418,0.07649769634008408,0.4145854115486145,0.5010501146316528
YOR258W,YLR426W,0,-0.1614649,0.0764835998415947,0.4145854115486145,0.5011501312255859
YDR463W,YBR158W,0,-0.16149354,0.07646950334310532,0.4145854115486145,0.501250147819519
YHL018W,YFR027W,0,-0.1616441,0.07645541429519653,0.4145854115486145,0.5013501644134521
YNL257C,YKR010C,0,-0.16169532,0.07644133269786835,0.4145854115486145,0.5014501214027405
YNR045W,YNL082W,0,-0.16171363,0.07642725855112076,0.4145854115486145,0.5015501379966736
YDL004W,YNR012W,0,-0.16173059,0.07641318440437317,0.4145854115486145,0.5016501545906067
YLR448W,YGR223C,0,-0.16182105,0.07639911770820618,0.4145854115486145,0.5017501711845398
YIL064W,YDR071C,0,-0.16187562,0.07638505101203918,0.4145854115486145,0.5018501877784729
YPL181W,YAL011W,0,-0.16192913,0.07637099921703339,0.4145854115486145,0.501950204372406
YBR254C,YMR104C,0,-0.16194023,0.07635694742202759,0.4145854115486145,0.5020502209663391
YDR038C,YDR108W,0,-0.16194773,0.07634289562702179,0.4145854115486145,0.5021502375602722
YHL031C,YLR356W,0,-0.16196302,0.07632885873317719,0.4145854115486145,0.5022502541542053
YLR419W,YGL226W,0,-0.16197598,0.07631482183933258,0.4145854115486145,0.5023502111434937
YDR214W,YPR004C,0,-0.16198404,0.07630079239606857,0.4145854115486145,0.5024502277374268
YGR091W,YDR297W,0,-0.161995,0.07628676295280457,0.4145854115486145,0.5025502443313599
YJL141C,YOL105C,1,-0.16201515,0.07645653188228607,0.41558441519737244,0.5025502443313599
YLR126C,YGR076C,0,-0.16206962,0.07644248753786087,0.41558441519737244,0.502650260925293
YKR059W,YJL018W,0,-0.16215017,0.07642844319343567,0.41558441519737244,0.5027502775192261
YFL033C,YJR100C,1,-0.16216153,0.07659809291362762,0.41658341884613037,0.5027502775192261
YDL134C,YBR199W,0,-0.1621759,0.07658401876688004,0.41658341884613037,0.5028502941131592
YDR147W,YNL159C,0,-0.1621911,0.07656995952129364,0.41658341884613037,0.5029503107070923
YDR213W,YCR037C,0,-0.16235535,0.07655590027570724,0.41658341884613037,0.5030503273010254
YPL173W,YBR193C,0,-0.16235709,0.07654184848070145,0.41658341884613037,0.5031503438949585
YGR097W,YOR196C,0,-0.16238216,0.07652780413627625,0.41658341884613037,0.5032503008842468
YDR483W,YPL265W,0,-0.16249207,0.07651375979185104,0.41658341884613037,0.5033503174781799
YPR122W,YGR140W,0,-0.16250618,0.07649972289800644,0.41658341884613037,0.503450334072113
YLR453C,YPL173W,0,-0.1625762,0.07648569345474243,0.41658341884613037,0.5035503506660461
YDR463W,YGL144C,0,-0.16258162,0.07647166401147842,0.41658341884613037,0.5036503672599792
YKR038C,YPR019W,0,-0.1626769,0.07645764946937561,0.41658341884613037,0.5037503838539124
YGR266W,YJL035C,0,-0.16281408,0.0764436274766922,0.41658341884613037,0.5038504004478455
YNL161W,YML087C,0,-0.16295783,0.07642962038516998,0.41658341884613037,0.5039504170417786
YJR145C,YIL085C,0,-0.16296162,0.07641561329364777,0.41658341884613037,0.5040504336357117
YDR483W,YKL040C,0,-0.16299006,0.07640161365270615,0.41658341884613037,0.504150390625
YJR144W,YGL255W,0,-0.16308667,0.07638761401176453,0.41658341884613037,0.5042504072189331
YCL045C,YER032W,0,-0.16308722,0.0763736292719841,0.41658341884613037,0.5043504238128662
YHR090C,YMR216C,0,-0.16310018,0.07635964453220367,0.41658341884613037,0.5044504404067993
YBR072W,YLR182W,1,-0.16311193,0.07652874290943146,0.4175824224948883,0.5044504404067993
YML075C,YKL116C,0,-0.16311613,0.07651473581790924,0.4175824224948883,0.5045504570007324
YML123C,YLR355C,0,-0.16312239,0.07650072872638702,0.4175824224948883,0.5046504735946655
YDR394W,YOR191W,0,-0.1632384,0.076486736536026,0.4175824224948883,0.5047504901885986
YKR083C,YGL178W,0,-0.1632699,0.07647273689508438,0.4175824224948883,0.5048505067825317
YDL143W,YGL017W,0,-0.16327278,0.07645875215530396,0.4175824224948883,0.5049505233764648
YDL185W,YHR083W,0,-0.16334373,0.07644476741552353,0.4175824224948883,0.5050504803657532
YGL022W,YHR152W,0,-0.16335417,0.0764307901263237,0.4175824224948883,0.5051504969596863
YFL016C,YDR074W,1,-0.16339234,0.07659963518381119,0.41858142614364624,0.5051504969596863
YGR061C,YNL076W,0,-0.16341047,0.07658563554286957,0.41858142614364624,0.5052505135536194
YER131W,YER143W,0,-0.16343439,0.07657163590192795,0.41858142614364624,0.5053505301475525
YDR462W,YDR115W,0,-0.1634453,0.07655764371156693,0.41858142614364624,0.5054505467414856
YAL051W,YER005W,0,-0.16345073,0.0765436589717865,0.41858142614364624,0.5055505633354187
YKL146W,YMR285C,0,-0.16361228,0.07652968168258667,0.41858142614364624,0.5056505799293518
YMR211W,YKL193C,0,-0.16368347,0.07651570439338684,0.41858142614364624,0.5057505965232849
YDL239C,YGR193C,0,-0.16369112,0.07650173455476761,0.41858142614364624,0.505850613117218
YDL018C,YAL042W,0,-0.16378014,0.07648777216672897,0.41858142614364624,0.5059505701065063
YLL031C,YHR084W,0,-0.16382493,0.07647380977869034,0.41858142614364624,0.5060505867004395
YDR541C,YDL141W,0,-0.16382933,0.0764598548412323,0.41858142614364624,0.5061506032943726
YJR009C,YJL151C,0,-0.1638816,0.07644590735435486,0.41858142614364624,0.5062506198883057
YLR307W,YPL015C,0,-0.16391045,0.07643195986747742,0.41858142614364624,0.5063506364822388
YIL150C,YLR166C,0,-0.16401407,0.07641801983118057,0.41858142614364624,0.5064506530761719
YDR425W,YJL177W,0,-0.16409147,0.07640408724546432,0.41858142614364624,0.506550669670105
YNL149C,YIL113W,0,-0.16409913,0.07639015465974808,0.41858142614364624,0.5066506862640381
YDR301W,YHR037W,0,-0.16410142,0.07637622952461243,0.41858142614364624,0.5067507028579712
YDR236C,YNL225C,0,-0.16411518,0.07636231184005737,0.41858142614364624,0.5068506598472595
YPR032W,YOR100C,0,-0.16417226,0.07634839415550232,0.41858142614364624,0.5069506764411926
YDR163W,YDR044W,0,-0.16417259,0.07633448392152786,0.41858142614364624,0.5070506930351257
YOL117W,YDR147W,0,-0.1641998,0.076320581138134,0.41858142614364624,0.5071507096290588
YNL066W,YIR023W,0,-0.16422012,0.07630668580532074,0.41858142614364624,0.5072507262229919
YBR248C,YKL008C,0,-0.16422652,0.07629279047250748,0.41858142614364624,0.507350742816925
YGR296W,YGR017W,0,-0.16428907,0.07627890259027481,0.41858142614364624,0.5074507594108582
YDL123W,YML005W,0,-0.16429968,0.07626501470804214,0.41858142614364624,0.5075507760047913
YBL038W,YKL125W,0,-0.16438803,0.07625113427639008,0.41858142614364624,0.5076507925987244
YER110C,YNL129W,0,-0.16439082,0.0762372612953186,0.41858142614364624,0.5077507495880127
YLL038C,YNL194C,0,-0.16439122,0.07622339576482773,0.41858142614364624,0.5078507661819458
YBL017C,YNL146W,0,-0.16449499,0.07620953023433685,0.41858142614364624,0.5079507827758789
YGL238W,YOR103C,0,-0.16451867,0.07619567215442657,0.41858142614364624,0.508050799369812
YCR008W,YDR018C,0,-0.16461352,0.0761818215250969,0.41858142614364624,0.5081508159637451
YJR109C,YER118C,0,-0.16463852,0.07616797089576721,0.41858142614364624,0.5082508325576782
YDL243C,YBR279W,0,-0.16464975,0.07615412771701813,0.41858142614364624,0.5083508491516113
YMR158W,YMR016C,0,-0.16466123,0.07614028453826904,0.41858142614364624,0.5084508657455444
YPR047W,YKR049C,0,-0.16467957,0.07612645626068115,0.41858142614364624,0.5085508823394775
YOL061W,YLR027C,0,-0.16471715,0.07611262798309326,0.41858142614364624,0.5086508393287659
YAL028W,YPL177C,0,-0.1647763,0.07609879970550537,0.41858142614364624,0.508750855922699
YAL010C,YIL043C,0,-0.16479346,0.07608498632907867,0.41858142614364624,0.5088508725166321
YFL018C,YDR361C,0,-0.16479805,0.07607116550207138,0.41858142614364624,0.5089508891105652
YBR016W,YIR013C,0,-0.16483897,0.07605735957622528,0.41858142614364624,0.5090509057044983
YLR204W,YLR406C,0,-0.16485551,0.07604355365037918,0.41858142614364624,0.5091509222984314
YML082W,YOL095C,0,-0.16490518,0.07602975517511368,0.41858142614364624,0.5092509388923645
YLR074C,YNL326C,0,-0.16499616,0.07601596415042877,0.41858142614364624,0.5093509554862976
YDR338C,YOR155C,0,-0.16499934,0.07600217312574387,0.41858142614364624,0.5094509720802307
YLR077W,YLR370C,0,-0.16504636,0.07598838955163956,0.41858142614364624,0.509550929069519
YER068W,YJR134C,0,-0.165113,0.07597461342811584,0.41858142614364624,0.5096509456634521
YKL114C,YDR175C,0,-0.16528046,0.07596084475517273,0.41858142614364624,0.5097509622573853
YLR408C,YLR242C,0,-0.16533507,0.07594707608222961,0.41858142614364624,0.5098509788513184
YER048C,YMR044W,0,-0.16536915,0.0759333074092865,0.41858142614364624,0.5099509954452515
YOR246C,YDR477W,0,-0.16548443,0.07591955363750458,0.41858142614364624,0.5100510120391846
YOR265W,YKR095W-A,0,-0.16548496,0.07590579986572266,0.41858142614364624,0.5101510286331177
YBL074C,YMR043W,0,-0.16553074,0.07589204609394073,0.41858142614364624,0.5102510452270508
YLR362W,YNR011C,0,-0.16557372,0.07587830722332001,0.41858142614364624,0.5103510618209839
YHR129C,YDR320C,0,-0.16564028,0.07586456835269928,0.41858142614364624,0.5104510188102722
YAL010C,YOL122C,0,-0.16565835,0.07585082948207855,0.41858142614364624,0.5105510354042053
YPR184W,YPL028W,0,-0.1656642,0.07583710551261902,0.41858142614364624,0.5106510519981384
YPL157W,YNL133C,0,-0.16568583,0.07582338154315948,0.41858142614364624,0.5107510685920715
YOL027C,YDR323C,0,-0.16568984,0.07580966502428055,0.41858142614364624,0.5108510851860046
YMR263W,YGL073W,1,-0.1657331,0.07597684860229492,0.4195804297924042,0.5108510851860046
YBR072W,YER159C,1,-0.16580817,0.07614396512508392,0.4205794334411621,0.5108510851860046
YGL175C,YMR313C,0,-0.16582425,0.07613019645214081,0.4205794334411621,0.5109511017799377
YDL069C,YOR214C,0,-0.16586247,0.07611643522977829,0.4205794334411621,0.5110511183738708
YHR158C,YOR381W,0,-0.16589023,0.07610267400741577,0.4205794334411621,0.511151134967804
YJR160C,YNL146W,0,-0.16607961,0.07608892023563385,0.4205794334411621,0.5112511515617371
YNL321W,YEL064C,0,-0.16608755,0.07607517391443253,0.4205794334411621,0.5113511085510254
YFL062W,YOR308C,0,-0.16610113,0.0760614275932312,0.4205794334411621,0.5114511251449585
YNL283C,YMR037C,1,-0.16610879,0.0762283205986023,0.42157840728759766,0.5114511251449585
YCR068W,YDR046C,0,-0.16612132,0.07621455937623978,0.42157840728759766,0.5115511417388916
YPL091W,YJL058C,0,-0.1661644,0.07620079815387726,0.42157840728759766,0.5116511583328247
YDR386W,YBR088C,0,-0.1661877,0.07618703693151474,0.42157840728759766,0.5117511749267578
YJR067C,YMR128W,0,-0.16620444,0.07617328315973282,0.42157840728759766,0.5118511915206909
YHR021C,YDR003W,0,-0.16635871,0.0761595368385315,0.42157840728759766,0.511951208114624
YMR134W,YDR091C,0,-0.16649163,0.07614579796791077,0.42157840728759766,0.5120512247085571
YJL157C,YDR397C,0,-0.16649175,0.07613205909729004,0.42157840728759766,0.5121512413024902
YCL063W,YKL077W,0,-0.16650948,0.07611832767724991,0.42157840728759766,0.5122511982917786
YGR108W,YDR184C,0,-0.16651237,0.07610459625720978,0.42157840728759766,0.5123512148857117
YGL139W,YBR131W,0,-0.16652502,0.07609087973833084,0.42157840728759766,0.5124512314796448
YKL212W,YCR092C,0,-0.16653007,0.07607715576887131,0.42157840728759766,0.5125512480735779
YBR179C,YGR289C,0,-0.16656145,0.07606344670057297,0.42157840728759766,0.512651264667511
YOL133W,YPL012W,0,-0.16658275,0.07604973763227463,0.42157840728759766,0.5127512812614441
YPR201W,YBR245C,0,-0.16666056,0.07603603601455688,0.42157840728759766,0.5128512978553772
YBR069C,YNL113W,0,-0.16676164,0.07602234184741974,0.42157840728759766,0.5129513144493103
YGR260W,YBR186W,0,-0.16676602,0.07600864768028259,0.42157840728759766,0.5130513310432434
YKR072C,YMR104C,0,-0.1667749,0.07599496096372604,0.42157840728759766,0.5131512880325317
YPR007C,YDL010W,0,-0.16687647,0.0759812742471695,0.42157840728759766,0.5132513046264648
YMR256C,YLR035C,0,-0.167086,0.07596759498119354,0.42157840728759766,0.513351321220398
YDR320C-A,YBL102W,0,-0.16709444,0.07595392316579819,0.42157840728759766,0.513451337814331
YLR216C,YML094W,0,-0.16710797,0.07594025880098343,0.42157840728759766,0.5135513544082642
YNL250W,YIL106W,0,-0.16713974,0.07592659443616867,0.42157840728759766,0.5136513710021973
YPL138C,YOL132W,0,-0.16716135,0.07591293752193451,0.42157840728759766,0.5137513875961304
YHR031C,YER086W,0,-0.16716555,0.07589928060770035,0.42157840728759766,0.5138514041900635
YCL059C,YIL131C,0,-0.16719732,0.07588563114404678,0.42157840728759766,0.5139514207839966
YDR386W,YHR028C,0,-0.16720936,0.07587198913097382,0.42157840728759766,0.5140513777732849
YNL283C,YJL140W,1,-0.16721977,0.07603810727596283,0.4225774109363556,0.5140513777732849
YDL046W,YDR309C,0,-0.16724524,0.07602444291114807,0.4225774109363556,0.514151394367218
YLR154C,YBR210W,0,-0.16724592,0.07601077854633331,0.4225774109363556,0.5142514109611511
YLL022C,YIL031W,0,-0.16731924,0.07599712908267975,0.4225774109363556,0.5143514275550842
YNL046W,YPR034W,0,-0.1673536,0.07598347216844559,0.4225774109363556,0.5144514441490173
YER149C,YLR064W,0,-0.1674115,0.07596983015537262,0.4225774109363556,0.5145514607429504
YGL070C,YDR276C,0,-0.1674852,0.07595618814229965,0.4225774109363556,0.5146514773368835
YHL033C,YJL151C,0,-0.16755652,0.07594254612922668,0.4225774109363556,0.5147514939308167
YMR081C,YHR138C,0,-0.16756931,0.07592891901731491,0.4225774109363556,0.5148515105247498
YKL212W,YHR033W,0,-0.16760963,0.07591529190540314,0.4225774109363556,0.5149514675140381
YCL019W,YDR420W,0,-0.1676121,0.07590167224407196,0.4225774109363556,0.5150514841079712
YIL067C,YFL016C,0,-0.16761628,0.07588805258274078,0.4225774109363556,0.5151515007019043
YLR233C,YNL176C,0,-0.16761684,0.0758744403719902,0.4225774109363556,0.5152515172958374
YMR197C,YLR377C,0,-0.16772981,0.07586083561182022,0.4225774109363556,0.5153515338897705
YLR234W,YOR028C,0,-0.16775228,0.07584723085165024,0.4225774109363556,0.5154515504837036
YKR092C,YLL054C,0,-0.1677554,0.07583363354206085,0.4225774109363556,0.5155515670776367
YGL127C,YLR147C,0,-0.167849,0.07582003623247147,0.4225774109363556,0.5156515836715698
YLR078C,YJR160C,0,-0.16788918,0.07580645382404327,0.4225774109363556,0.5157516002655029
YJL035C,YCR079W,0,-0.16790837,0.07579287141561508,0.4225774109363556,0.5158515572547913
YIR007W,YOL103W,0,-0.16797663,0.07577928900718689,0.4225774109363556,0.5159515738487244
YGR090W,YBR162W-A,0,-0.1680809,0.0757657140493393,0.4225774109363556,0.5160515904426575
YAL021C,YEL002C,0,-0.16829553,0.0757521465420723,0.4225774109363556,0.5161516070365906
YKR049C,YGL107C,0,-0.1683062,0.0757385864853859,0.4225774109363556,0.5162516236305237
YLR019W,YDR074W,1,-0.16834208,0.07590404897928238,0.4235764145851135,0.5162516236305237
YHR076W,YCR043C,0,-0.1683431,0.07589045912027359,0.4235764145851135,0.5163516402244568
YDR438W,YNL199C,0,-0.16834779,0.0758768767118454,0.4235764145851135,0.5164516568183899
YDR119W,YBR213W,0,-0.16837926,0.0758633017539978,0.4235764145851135,0.516551673412323
YIR034C,YLR430W,0,-0.16843764,0.0758497342467308,0.4235764145851135,0.5166516900062561
YIR009W,YGL039W,0,-0.16846722,0.0758361667394638,0.4235764145851135,0.5167516469955444
YKL091C,YGL090W,0,-0.16865188,0.0758226066827774,0.4235764145851135,0.5168516635894775
YIR002C,YGR206W,0,-0.16870627,0.075809046626091,0.4235764145851135,0.5169516801834106
YLR084C,YJL014W,0,-0.16872934,0.0757954940199852,0.4235764145851135,0.5170516967773438
YOL115W,YJR017C,0,-0.16875985,0.07578194886445999,0.4235764145851135,0.5171517133712769
YGR040W,YLR035C,0,-0.1687908,0.07576840370893478,0.4235764145851135,0.51725172996521
YDR257C,YML040W,0,-0.16884959,0.07575486600399017,0.4235764145851135,0.5173517465591431
YHL021C,YGR200C,0,-0.16891359,0.07574133574962616,0.4235764145851135,0.5174517631530762
YPR145W,YJR155W,0,-0.16892955,0.07572780549526215,0.4235764145851135,0.5175517797470093
YGR207C,YDL222C,0,-0.16894193,0.07571428269147873,0.4235764145851135,0.5176517367362976
YDL033C,YDL064W,0,-0.16895546,0.07570076733827591,0.4235764145851135,0.5177517533302307
YMR006C,YOR158W,0,-0.16895707,0.07568725198507309,0.4235764145851135,0.5178517699241638
YER048C,YGR172C,0,-0.16905437,0.07567374408245087,0.4235764145851135,0.5179517865180969
YNL007C,YLL026W,1,-0.16907579,0.07583868503570557,0.42457541823387146,0.5179517865180969
YPR036W,YDR009W,0,-0.16908194,0.07582515478134155,0.42457541823387146,0.51805180311203
YFR038W,YAR015W,0,-0.16908616,0.07581163197755814,0.42457541823387146,0.5181518197059631
YKL077W,YNR055C,0,-0.16910562,0.07579810917377472,0.42457541823387146,0.5182518362998962
YDL076C,YPL176C,0,-0.16918766,0.0757845938205719,0.42457541823387146,0.5183518528938293
YIL034C,YNR055C,0,-0.16926193,0.07577107846736908,0.42457541823387146,0.5184518694877625
YJL207C,YMR110C,0,-0.1693327,0.07575757801532745,0.42457541823387146,0.5185518264770508
YNL310C,YEL001C,0,-0.16937317,0.07574407756328583,0.42457541823387146,0.5186518430709839
YGL131C,YML082W,0,-0.1694417,0.0757305771112442,0.42457541823387146,0.518751859664917
YNL325C,YBR119W,0,-0.16948557,0.07571708410978317,0.42457541823387146,0.5188518762588501
YEL027W,YLR128W,0,-0.16951644,0.07570359855890274,0.42457541823387146,0.5189518928527832
YER122C,YNL024C,0,-0.1695228,0.07569011300802231,0.42457541823387146,0.5190519094467163
YML081C-A,YPL118W,0,-0.16953745,0.07567663490772247,0.42457541823387146,0.5191519260406494
YLR237W,YHR013C,0,-0.16957313,0.07566316425800323,0.42457541823387146,0.5192519426345825
YJR104C,YER139C,0,-0.16969511,0.0756497010588646,0.42457541823387146,0.5193519592285156
YJL044C,YGR159C,0,-0.16971824,0.07563623785972595,0.42457541823387146,0.519451916217804
YML085C,YGL099W,0,-0.16980115,0.07562277466058731,0.42457541823387146,0.5195519328117371
YDR397C,YDR258C,1,-0.16992028,0.07578722387552261,0.4255744218826294,0.5195519328117371
YPL220W,YNL156C,0,-0.16999038,0.07577374577522278,0.4255744218826294,0.5196519494056702
YMR189W,YPL072W,0,-0.16999625,0.07576026767492294,0.4255744218826294,0.5197519659996033
YLL010C,YJL141C,1,-0.17001392,0.07592460513114929,0.42657342553138733,0.5197519659996033
YML103C,YFL033C,1,-0.17002358,0.07608889043331146,0.42757242918014526,0.5197519659996033
YDR018C,YDR251W,0,-0.17002371,0.07607536762952805,0.42757242918014526,0.5198519825935364
YNL047C,YDL018C,0,-0.17003986,0.07606184482574463,0.42757242918014526,0.5199519991874695
YMR188C,YNL278W,0,-0.17005622,0.07604832947254181,0.42757242918014526,0.5200520157814026
YPR018W,YOR016C,0,-0.17011541,0.07603482156991959,0.42757242918014526,0.5201520323753357
YMR070W,YOR259C,0,-0.17013867,0.07602131366729736,0.42757242918014526,0.5202520489692688
YDL214C,YPL016W,0,-0.17020398,0.07600781321525574,0.42757242918014526,0.5203520059585571
YMR263W,YER159C,1,-0.17029056,0.076171875,0.4285714328289032,0.5203520059585571
YDL098C,YDR425W,0,-0.1703006,0.07615835219621658,0.4285714328289032,0.5204520225524902
YDR234W,YDL247W,0,-0.17031346,0.07614483684301376,0.4285714328289032,0.5205520391464233
YLR406C,YOL095C,0,-0.17037383,0.07613132148981094,0.4285714328289032,0.5206520557403564
YGR091W,YDR425W,0,-0.17038108,0.07611781358718872,0.4285714328289032,0.5207520723342896
YJR002W,YER177W,0,-0.17044568,0.0761043131351471,0.4285714328289032,0.5208520889282227
YLR010C,YKR093W,0,-0.17048779,0.07609081268310547,0.4285714328289032,0.5209521055221558
YHR003C,YOR363C,0,-0.17054534,0.07607731968164444,0.4285714328289032,0.5210521221160889
YFR053C,YEL064C,0,-0.17056857,0.07606382668018341,0.4285714328289032,0.521152138710022
YIR031C,YIL070C,0,-0.17061141,0.07605034857988358,0.4285714328289032,0.5212520956993103
YDR052C,YOR141C,0,-0.17061208,0.07603686302900314,0.4285714328289032,0.5213521122932434
YEL003W,YGR075C,0,-0.17069247,0.0760233923792839,0.4285714328289032,0.5214521288871765
YDR141C,YLR035C,0,-0.17075333,0.07600992172956467,0.4285714328289032,0.5215521454811096
YDR099W,YCR065W,0,-0.17084374,0.07599645853042603,0.4285714328289032,0.5216521620750427
YDL141W,YDR406W,0,-0.17089364,0.07598299533128738,0.4285714328289032,0.5217521786689758
YDR308C,YHL025W,0,-0.17105156,0.07596953958272934,0.4285714328289032,0.5218521952629089
YDR363W-A,YOL137W,0,-0.17111309,0.07595609128475189,0.4285714328289032,0.521952211856842
YGR005C,YKL002W,0,-0.17113379,0.07594264298677444,0.4285714328289032,0.5220522284507751
YKR099W,YJL058C,0,-0.17113931,0.0759292021393776,0.4285714328289032,0.5221521854400635
YOL039W,YDR424C,0,-0.17114574,0.07591576874256134,0.4285714328289032,0.5222522020339966
YAL034W-A,YLR044C,0,-0.171151,0.07590233534574509,0.4285714328289032,0.5223522186279297
YGR049W,YMR307W,0,-0.1712575,0.07588890939950943,0.4285714328289032,0.5224522352218628
YFR037C,YGL003C,0,-0.1712811,0.07587548345327377,0.4285714328289032,0.5225522518157959
YLR100W,YDR169C,0,-0.17138469,0.07586207240819931,0.4285714328289032,0.522652268409729
YHL017W,YDL014W,0,-0.17149442,0.07584865391254425,0.4285714328289032,0.5227522850036621
YJR009C,YHL004W,0,-0.17155538,0.07583525031805038,0.4285714328289032,0.5228523015975952
YPL135W,YDR446W,0,-0.17165047,0.07582184672355652,0.4285714328289032,0.5229523181915283
YMR161W,YDR036C,0,-0.17171425,0.07580844312906265,0.4285714328289032,0.5230523347854614
YKL005C,YJL018W,0,-0.1717546,0.07579505443572998,0.4285714328289032,0.5231522917747498
YHR143W-A,YDL147W,0,-0.17187594,0.07578166574239731,0.4285714328289032,0.5232523083686829
YNL051W,YNL048W,0,-0.17190984,0.07576827704906464,0.4285714328289032,0.523352324962616
YGR041W,YJL062W,0,-0.1720445,0.07575490325689316,0.4285714328289032,0.5234523415565491
YDR308C,YCL047C,0,-0.17209098,0.07574152201414108,0.4285714328289032,0.5235523581504822
YKL164C,YNR012W,0,-0.17222495,0.0757281556725502,0.4285714328289032,0.5236523747444153
YMR063W,YFL002C,0,-0.17223299,0.07571478933095932,0.4285714328289032,0.5237523913383484
YPL241C,YLL066C,0,-0.17230804,0.07570143043994904,0.4285714328289032,0.5238524079322815
YMR216C,YDR115W,0,-0.17230816,0.07568807154893875,0.4285714328289032,0.5239524245262146
YHL015W,YGR121C,0,-0.17237712,0.07567472010850906,0.4285714328289032,0.5240523815155029
YDL060W,YOL122C,0,-0.17243658,0.07566137611865997,0.4285714328289032,0.524152398109436
YLR090W,YJL118W,0,-0.17244408,0.07564803212881088,0.4285714328289032,0.5242524147033691
YLR172C,YHR117W,0,-0.17246415,0.07563469558954239,0.4285714328289032,0.5243524312973022
YNL142W,YNL097C,0,-0.17253011,0.07562136650085449,0.4285714328289032,0.5244524478912354
YLR246W,YJR077C,0,-0.1726988,0.0756080374121666,0.4285714328289032,0.5245524644851685
YOL105C,YOR178C,1,-0.17270206,0.07577092200517654,0.42957043647766113,0.5245524644851685
YIL087C,YPR131C,0,-0.17271736,0.07575757801532745,0.42957043647766113,0.5246524810791016
YPL100W,YCR043C,0,-0.17275098,0.07574423402547836,0.42957043647766113,0.5247524976730347
YJL096W,YOR016C,0,-0.17281243,0.07573089003562927,0.42957043647766113,0.5248525142669678
YFL033C,YPL240C,1,-0.17283323,0.07589364051818848,0.43056944012641907,0.5248525142669678
YMR223W,YLR384C,0,-0.17287268,0.07588028162717819,0.43056944012641907,0.5249524712562561
YMR226C,YJR135C,0,-0.17294294,0.07586692273616791,0.43056944012641907,0.5250524878501892
YDR160W,YFL036W,0,-0.17295712,0.07585357129573822,0.43056944012641907,0.5251525044441223
YOR007C,YDR074W,1,-0.17303488,0.07601618766784668,0.431568443775177,0.5251525044441223
YBL003C,YPL108W,0,-0.17312412,0.0760028138756752,0.431568443775177,0.5252525210380554
YOL105C,YDR464W,0,-0.17318287,0.07598944753408432,0.431568443775177,0.5253525376319885
YNL094W,YPL168W,0,-0.17319663,0.07597608119249344,0.431568443775177,0.5254525542259216
YBR101C,YML029W,0,-0.1732127,0.07596272230148315,0.431568443775177,0.5255525708198547
YML113W,YER100W,0,-0.1732615,0.07594936341047287,0.431568443775177,0.5256525874137878
YBR210W,YJL113W,0,-0.1733493,0.07593601942062378,0.431568443775177,0.525752604007721
YJL141C,YML007W,1,-0.17340769,0.07609841972589493,0.43256744742393494,0.525752604007721
YKR025W,YDR267C,0,-0.17353755,0.07608504593372345,0.43256744742393494,0.5258525609970093
YDL093W,YPR016C,0,-0.1735385,0.07607167959213257,0.43256744742393494,0.5259525775909424
YML015C,YBL088C,0,-0.17354232,0.07605832070112228,0.43256744742393494,0.5260525941848755
YDR244W,YGR121C,0,-0.17363398,0.076044961810112,0.43256744742393494,0.5261526107788086
YGR080W,YML025C,0,-0.17364341,0.07603161036968231,0.43256744742393494,0.5262526273727417
YIL033C,YBR036C,0,-0.17386563,0.07601825892925262,0.43256744742393494,0.5263526439666748
YJL212C,YGR007W,0,-0.17387427,0.07600491493940353,0.43256744742393494,0.5264526605606079
YHR148W,YMR274C,0,-0.17391379,0.07599157840013504,0.43256744742393494,0.526552677154541
YHR086W,YIL038C,0,-0.1739555,0.07597824186086655,0.43256744742393494,0.5266526937484741
YHR184W,YOR007C,0,-0.1740396,0.07596491277217865,0.43256744742393494,0.5267526507377625
YDL058W,YJL145W,0,-0.17405547,0.07595159113407135,0.43256744742393494,0.5268526673316956
YDL205C,YJL151C,0,-0.17405623,0.07593826949596405,0.43256744742393494,0.5269526839256287
YGR086C,YNL064C,1,-0.1741268,0.07610029727220535,0.4335664212703705,0.5269526839256287
YDR247W,YBR044C,0,-0.17418744,0.07608695328235626,0.4335664212703705,0.5270527005195618
YMR035W,YKL101W,0,-0.17425168,0.07607361674308777,0.4335664212703705,0.5271527171134949
YNL012W,YOR049C,0,-0.17436387,0.07606028765439987,0.4335664212703705,0.527252733707428
YLL048C,YDR368W,0,-0.17437164,0.07604695856571198,0.4335664212703705,0.5273527503013611
YIL105C,YNL039W,0,-0.17445433,0.07603363692760468,0.4335664212703705,0.5274527668952942
YBR234C,YKL129C,0,-0.17462277,0.07602031528949738,0.4335664212703705,0.5275527834892273
YPR097W,YKR085C,0,-0.17466667,0.07600700855255127,0.4335664212703705,0.5276527404785156
YJR013W,YDR077W,0,-0.17467266,0.07599369436502457,0.4335664212703705,0.5277527570724487
YMR166C,YMR015C,0,-0.17480926,0.07598039507865906,0.4335664212703705,0.5278527736663818
YBR018C,YPL088W,0,-0.17483455,0.07596709579229355,0.4335664212703705,0.5279527902603149
YOR007C,YLR182W,1,-0.17484188,0.07612880319356918,0.4345654249191284,0.5279527902603149
YML104C,YER069W,0,-0.17492959,0.07611548900604248,0.4345654249191284,0.528052806854248
YLR056W,YOL110W,0,-0.17495555,0.07610216736793518,0.4345654249191284,0.5281528234481812
YLR127C,YER159C,0,-0.17497315,0.07608886063098907,0.4345654249191284,0.5282528400421143
YER004W,YJR066W,0,-0.17500266,0.07607555389404297,0.4345654249191284,0.5283528566360474
YCL054W,YPR122W,0,-0.17511082,0.07606224715709686,0.4345654249191284,0.5284528732299805
YKL096W,YNL159C,0,-0.17519213,0.07604894787073135,0.4345654249191284,0.5285528302192688
YGL136C,YGL048C,0,-0.17521714,0.07603565603494644,0.4345654249191284,0.5286528468132019
YLR035C,YDR002W,0,-0.17522964,0.07602237164974213,0.4345654249191284,0.528752863407135
YIL084C,YER133W,1,-0.17523515,0.07618381828069687,0.43556442856788635,0.528752863407135
YPL004C,YMR186W,1,-0.17523593,0.07634521275758743,0.4365634322166443,0.528752863407135
YJL035C,YPR164W,0,-0.17525245,0.07633187621831894,0.4365634322166443,0.5288528800010681
YHL016C,YLL066C,0,-0.17528166,0.07631854712963104,0.4365634322166443,0.5289528965950012
YDR163W,YOR249C,0,-0.17529945,0.07630521804094315,0.4365634322166443,0.5290529131889343
YHR067W,YKL109W,0,-0.17530397,0.07629189640283585,0.4365634322166443,0.5291529297828674
YBR068C,YLL050C,0,-0.17539369,0.07627858221530914,0.4365634322166443,0.5292529463768005
YNR071C,YDR021W,0,-0.17540215,0.07626526802778244,0.4365634322166443,0.5293529629707336
YPL030W,YKL160W,0,-0.17542489,0.07625196129083633,0.4365634322166443,0.529452919960022
YML043C,YPL226W,0,-0.17550305,0.07623866200447083,0.4365634322166443,0.5295529365539551
YBR060C,YMR101C,0,-0.17554772,0.07622536271810532,0.4365634322166443,0.5296529531478882
YDR322C-A,YDR176W,0,-0.17554882,0.0762120708823204,0.4365634322166443,0.5297529697418213
YGR132C,YML021C,0,-0.1755572,0.07619877904653549,0.4365634322166443,0.5298529863357544
YDR108W,YMR292W,0,-0.17559391,0.07618549466133118,0.4365634322166443,0.5299530029296875
YPR052C,YMR009W,0,-0.17565456,0.07617221772670746,0.4365634322166443,0.5300530195236206
YDR087C,YOR128C,0,-0.17569533,0.07615894079208374,0.4365634322166443,0.5301530361175537
YGR284C,YGR014W,0,-0.17572609,0.07614567130804062,0.4365634322166443,0.5302530527114868
YLR355C,YLR058C,0,-0.17583606,0.0761324018239975,0.4365634322166443,0.5303530097007751
YOL094C,YMR205C,0,-0.1759129,0.07611913979053497,0.4365634322166443,0.5304530262947083
YOR293W,YHR118C,0,-0.17595623,0.07610588520765305,0.4365634322166443,0.5305530428886414
YOL004W,YKR082W,1,-0.17596112,0.07626675814390182,0.4375624358654022,0.5305530428886414
YJL140W,YKL068W,1,-0.17603634,0.07642757892608643,0.43856143951416016,0.5305530428886414
YMR002W,YML055W,0,-0.17604384,0.07641427218914032,0.43856143951416016,0.5306530594825745
YGR135W,YOR381W,0,-0.17630622,0.07640097290277481,0.43856143951416016,0.5307530760765076
YBR122C,YNL161W,0,-0.17637971,0.0763876810669899,0.43856143951416016,0.5308530926704407
YOR188W,YMR006C,0,-0.17640065,0.07637438923120499,0.43856143951416016,0.5309531092643738
YFR004W,YNR051C,0,-0.17645194,0.07636110484600067,0.43856143951416016,0.5310531258583069
YDR163W,YGL119W,0,-0.1764628,0.07634782791137695,0.43856143951416016,0.53115314245224
YLR459W,YFL036W,0,-0.17648861,0.07633455097675323,0.43856143951416016,0.5312530994415283
YJL074C,YLL009C,0,-0.1766414,0.07632128149271011,0.43856143951416016,0.5313531160354614
YML042W,YHR122W,0,-0.1766443,0.07630801200866699,0.43856143951416016,0.5314531326293945
YLR188W,YDR257C,0,-0.1768972,0.07629474997520447,0.43856143951416016,0.5315531492233276
YNR032C-A,YIL018W,0,-0.17694737,0.07628149539232254,0.43856143951416016,0.5316531658172607
YGR224W,YPR185W,0,-0.17697361,0.07626824080944061,0.43856143951416016,0.5317531824111938
YPL097W,YDR253C,0,-0.17697617,0.07625499367713928,0.43856143951416016,0.531853199005127
YML127W,YOR383C,0,-0.17697977,0.07624175399541855,0.43856143951416016,0.5319532155990601
YHR016C,YJL098W,0,-0.17707391,0.07622851431369781,0.43856143951416016,0.5320532321929932
YLL009C,YDR216W,0,-0.1770773,0.07621527463197708,0.43856143951416016,0.5321531891822815
YLR292C,YHR086W,0,-0.17708477,0.07620204985141754,0.43856143951416016,0.5322532057762146
YKL156W,YGL127C,0,-0.17712346,0.076188825070858,0.43856143951416016,0.5323532223701477
YHR003C,YPL172C,0,-0.17715293,0.07617560029029846,0.43856143951416016,0.5324532389640808
YGR096W,YOR361C,0,-0.17721137,0.07616239041090012,0.43856143951416016,0.5325532555580139
YBR268W,YBL084C,0,-0.17726162,0.07614917308092117,0.43856143951416016,0.532653272151947
YDR485C,YKL109W,0,-0.17728609,0.07613597065210342,0.43856143951416016,0.5327532887458801
YDL229W,YIL131C,0,-0.17730561,0.07612276822328568,0.43856143951416016,0.5328533053398132
YOL052C-A,YDR397C,1,-0.1773436,0.07628294080495834,0.4395604431629181,0.5328533053398132
YPR029C,YIL145C,0,-0.17745794,0.0762697160243988,0.4395604431629181,0.5329533219337463
YMR094W,YNL194C,0,-0.17749357,0.07625649869441986,0.4395604431629181,0.5330532789230347
YMR081C,YNL126W,0,-0.17757243,0.07624328881502151,0.4395604431629181,0.5331532955169678
YBL057C,YDR079C-A,0,-0.17767875,0.07623007893562317,0.4395604431629181,0.5332533121109009
YBL091C,YKL164C,0,-0.17767999,0.07621686905622482,0.4395604431629181,0.533353328704834
YNR048W,YKR029C,0,-0.17772713,0.07620367407798767,0.4395604431629181,0.5334533452987671
YMR022W,YML021C,0,-0.1777327,0.07619047909975052,0.4395604431629181,0.5335533618927002
YLR170C,YPL249C,0,-0.17784849,0.07617728412151337,0.4395604431629181,0.5336533784866333
YJR016C,YHR204W,0,-0.17787743,0.07616409659385681,0.4395604431629181,0.5337533950805664
YIL044C,YML014W,0,-0.1778937,0.07615091651678085,0.4395604431629181,0.5338534116744995
YOR030W,YJL076W,0,-0.17790413,0.0761377364397049,0.4395604431629181,0.5339533686637878
YMR035W,YOL067C,0,-0.17794889,0.07612456381320953,0.4395604431629181,0.534053385257721
YFL016C,YER107C,1,-0.17797065,0.07628437876701355,0.440559446811676,0.534053385257721
YHL044W,YCL026C-A,0,-0.17797382,0.0762711837887764,0.440559446811676,0.534153401851654
YER082C,YNL301C,0,-0.17798364,0.07625799626111984,0.440559446811676,0.5342534184455872
YNL029C,YJR123W,0,-0.17802271,0.07624481618404388,0.440559446811676,0.5343534350395203
YJR136C,YDR192C,1,-0.17804325,0.07640449702739716,0.44155845046043396,0.5343534350395203
YOR191W,YDR243C,0,-0.17805716,0.07639128714799881,0.44155845046043396,0.5344534516334534
YDR293C,YCL029C,0,-0.17817909,0.07637809216976166,0.44155845046043396,0.5345534682273865
YDR299W,YDR080W,0,-0.17818505,0.07636488974094391,0.44155845046043396,0.5346534848213196
YPR058W,YHR122W,0,-0.1782823,0.07635170221328735,0.44155845046043396,0.5347535014152527
YLR212C,YCR063W,0,-0.17829898,0.0763385146856308,0.44155845046043396,0.534853458404541
YOR080W,YPL118W,0,-0.17831223,0.07632533460855484,0.44155845046043396,0.5349534749984741
YCR068W,YFL049W,0,-0.17837611,0.07631215453147888,0.44155845046043396,0.5350534915924072
YNL311C,YDR248C,0,-0.17839985,0.07629898190498352,0.44155845046043396,0.5351535081863403
YDL025C,YML095C,0,-0.17841482,0.07628580927848816,0.44155845046043396,0.5352535247802734
YHR153C,YOR047C,0,-0.17843568,0.07627265155315399,0.44155845046043396,0.5353535413742065
YMR207C,YDL150W,0,-0.17845541,0.07625948637723923,0.44155845046043396,0.5354535579681396
YKL069W,YBR060C,0,-0.17871532,0.07624633610248566,0.44155845046043396,0.5355535745620728
YJR123W,YCR094W,0,-0.1787264,0.07623318582773209,0.44155845046043396,0.5356535911560059
YOR171C,YDR427W,0,-0.17876369,0.07622003555297852,0.44155845046043396,0.5357535481452942
YPL177C,YJL156C,0,-0.17883459,0.07620690017938614,0.44155845046043396,0.5358535647392273
YGR263C,YDR198C,0,-0.17887346,0.07619375735521317,0.44155845046043396,0.5359535813331604
YDR468C,YDR105C,0,-0.17890054,0.07618062943220139,0.44155845046043396,0.5360535979270935
YPL280W,YDR488C,0,-0.17892751,0.0761675015091896,0.44155845046043396,0.5361536145210266
YDR074W,YHL028W,1,-0.17906746,0.07632666826248169,0.4425574541091919,0.5361536145210266
YLR117C,YGR162W,0,-0.1790761,0.07631352543830872,0.4425574541091919,0.5362536311149597
YER074W-A,YDR395W,0,-0.17912592,0.07630038261413574,0.4425574541091919,0.5363536477088928
YCR027C,YKL040C,0,-0.1791397,0.07628723978996277,0.4425574541091919,0.5364536643028259
YJR120W,YJR048W,0,-0.17923097,0.07627410441637039,0.4425574541091919,0.536553680896759
YNR049C,YDR078C,0,-0.17925888,0.07626097649335861,0.4425574541091919,0.5366536378860474
YNL306W,YEL018W,0,-0.17928138,0.07624784857034683,0.4425574541091919,0.5367536544799805
YDL192W,YBR254C,0,-0.17929178,0.07623472809791565,0.4425574541091919,0.5368536710739136
YHR143W,YNR054C,0,-0.1793292,0.07622160762548447,0.4425574541091919,0.5369536876678467
YLR320W,YJR042W,0,-0.17940427,0.07620849460363388,0.4425574541091919,0.5370537042617798
YFL024C,YIR036C,0,-0.17940463,0.07619538903236389,0.4425574541091919,0.5371537208557129
YOR389W,YDR462W,0,-0.17940591,0.0761822909116745,0.4425574541091919,0.537253737449646
YHL040C,YLR405W,0,-0.17941037,0.07616918534040451,0.4425574541091919,0.5373537540435791
YFR015C,YIL027C,0,-0.17954955,0.07615609467029572,0.4425574541091919,0.5374537706375122
YLL028W,YKR098C,0,-0.17958868,0.07614300400018692,0.4425574541091919,0.5375537276268005
YIR015W,YDR071C,0,-0.17965373,0.07612992078065872,0.4425574541091919,0.5376537442207336
YOR329C,YGR054W,0,-0.17969681,0.07611683756113052,0.4425574541091919,0.5377537608146667
YGL043W,YJL177W,0,-0.17979668,0.07610376179218292,0.4425574541091919,0.5378537774085999
YDR162C,YER177W,0,-0.17993686,0.07609069347381592,0.4425574541091919,0.537953794002533
YHR096C,YGL198W,0,-0.17994137,0.07607762515544891,0.4425574541091919,0.5380538105964661
YMR177W,YNL318C,0,-0.17995366,0.07606455683708191,0.4425574541091919,0.5381538271903992
YHL013C,YMR015C,0,-0.17997044,0.0760515034198761,0.4425574541091919,0.5382538437843323
YCR020W-B,YMR312W,0,-0.17998298,0.07603845000267029,0.4425574541091919,0.5383538603782654
YOL020W,YDR013W,0,-0.18006624,0.07602539658546448,0.4425574541091919,0.5384538173675537
YBL075C,YLR426W,0,-0.1801,0.07601235061883926,0.4425574541091919,0.5385538339614868
YKR049C,YFL011W,0,-0.18017723,0.07599931210279465,0.4425574541091919,0.5386538505554199
YDR331W,YNL048W,0,-0.18033266,0.07598628103733063,0.4425574541091919,0.538753867149353
YDL240W,YGL016W,0,-0.18035176,0.07597324997186661,0.4425574541091919,0.5388538837432861
YER133W,YJR136C,1,-0.18036833,0.07613168656826019,0.44355645775794983,0.5388538837432861
YBR082C,YFL024C,0,-0.18039373,0.07611863315105438,0.44355645775794983,0.5389539003372192
YGR245C,YMR323W,0,-0.18041137,0.07610558718442917,0.44355645775794983,0.5390539169311523
YDR482C,YDR255C,0,-0.18042138,0.07609254866838455,0.44355645775794983,0.5391539335250854
YOR177C,YBR130C,0,-0.18049157,0.07607951015233994,0.44355645775794983,0.5392539501190186
YPL028W,YDR315C,0,-0.18055703,0.07606647163629532,0.44355645775794983,0.5393539071083069
YDL226C,YPR003C,0,-0.18057798,0.0760534405708313,0.44355645775794983,0.53945392370224
YDR440W,YCR017C,0,-0.18057825,0.07604041695594788,0.44355645775794983,0.5395539402961731
YOR329C,YOL122C,0,-0.18059236,0.07602740079164505,0.44355645775794983,0.5396539568901062
YBR297W,YNL278W,0,-0.18063821,0.07601438462734222,0.44355645775794983,0.5397539734840393
YKR007W,YNL272C,0,-0.18063843,0.0760013684630394,0.44355645775794983,0.5398539900779724
YKL089W,YMR086W,0,-0.18067445,0.07598835974931717,0.44355645775794983,0.5399540066719055
YDL085W,YIL015W,0,-0.18071005,0.07597535848617554,0.44355645775794983,0.5400540232658386
YKL120W,YER114C,0,-0.18071702,0.0759623646736145,0.44355645775794983,0.5401540398597717
YKL176C,YER065C,0,-0.1807715,0.07594936341047287,0.44355645775794983,0.5402539968490601
YDR268W,YER111C,0,-0.18077251,0.07593637704849243,0.44355645775794983,0.5403540134429932
YOL004W,YHL028W,1,-0.18085745,0.07609438896179199,0.4445554316043854,0.5403540134429932
YPL164C,YFR050C,0,-0.1808583,0.07608138024806976,0.4445554316043854,0.5404540300369263
YHR034C,YPR022C,0,-0.18085894,0.07606837898492813,0.4445554316043854,0.5405540466308594
YHL017W,YML086C,0,-0.18088973,0.0760553777217865,0.4445554316043854,0.5406540632247925
YNL221C,YLR135W,0,-0.18115287,0.07604237645864487,0.4445554316043854,0.5407540798187256
YDL191W,YHR079C-A,0,-0.18119442,0.07602939009666443,0.4445554316043854,0.5408540964126587
YNL248C,YAR009C,0,-0.18120167,0.0760163962841034,0.4445554316043854,0.5409541130065918
YPL183C,YOR348C,0,-0.18124348,0.07600341737270355,0.4445554316043854,0.5410541296005249
YGL053W,YJL028W,0,-0.18134704,0.07599043846130371,0.4445554316043854,0.5411540865898132
YER110C,YDL108W,0,-0.1813639,0.07597745954990387,0.4445554316043854,0.5412541031837463
YJL221C,YCR034W,0,-0.18136622,0.07596449553966522,0.4445554316043854,0.5413541197776794
YGL131C,YMR266W,0,-0.18139759,0.07595152407884598,0.4445554316043854,0.5414541363716125
YGL213C,YNL316C,0,-0.18151405,0.07593856751918793,0.4445554316043854,0.5415541529655457
YKR079C,YDR235W,0,-0.18163002,0.07592561095952988,0.4445554316043854,0.5416541695594788
YOR334W,YGL150C,0,-0.18163477,0.07591265439987183,0.4445554316043854,0.5417541861534119
YPL117C,YBR054W,0,-0.18163641,0.07589971274137497,0.4445554316043854,0.541854202747345
YDL010W,YLR226W,0,-0.18164876,0.07588676363229752,0.4445554316043854,0.5419542193412781
YKL032C,YBL037W,0,-0.18167026,0.07587382942438126,0.4445554316043854,0.5420541763305664
YNL081C,YER143W,0,-0.18171683,0.075860895216465,0.4445554316043854,0.5421541929244995
YOR033C,YGL106W,0,-0.18175298,0.07584796100854874,0.4445554316043854,0.5422542095184326
YGR124W,YIL087C,0,-0.18195055,0.07583503425121307,0.4445554316043854,0.5423542261123657
YIL111W,YPL079W,0,-0.18197069,0.07582211494445801,0.4445554316043854,0.5424542427062988
YIL138C,YPL049C,0,-0.18197304,0.07580919563770294,0.4445554316043854,0.5425542593002319
YOL065C,YBR082C,0,-0.18199027,0.07579628378152847,0.4445554316043854,0.542654275894165
YDR084C,YHR062C,0,-0.18200758,0.0757833793759346,0.4445554316043854,0.5427542924880981
YDR255C,YNL318C,0,-0.1820947,0.07577047497034073,0.4445554316043854,0.5428543090820312
YMR074C,YGR279C,0,-0.18225169,0.07575757801532745,0.4445554316043854,0.5429542660713196
YDR422C,YGR106C,0,-0.18242386,0.07574468106031418,0.4445554316043854,0.5430542826652527
YBL006C,YDL043C,0,-0.18242483,0.0757317915558815,0.4445554316043854,0.5431542992591858
YMR280C,YBR227C,0,-0.18244837,0.07571890205144882,0.4445554316043854,0.5432543158531189
YIL069C,YPL069C,0,-0.1824604,0.07570601999759674,0.4445554316043854,0.543354332447052
YHR019C,YBR073W,0,-0.18246754,0.07569314539432526,0.4445554316043854,0.5434543490409851
YHR019C,YGL073W,0,-0.18247747,0.07568027079105377,0.4445554316043854,0.5435543656349182
YDL099W,YGL134W,0,-0.18262917,0.07566740363836288,0.4445554316043854,0.5436543822288513
YBR004C,YDR532C,0,-0.18278003,0.075654536485672,0.4445554316043854,0.5437543988227844
YBR136W,YOR181W,0,-0.18279219,0.0756416767835617,0.4445554316043854,0.5438543558120728
YNL049C,YPR025C,0,-0.18279678,0.07562882453203201,0.4445554316043854,0.5439543724060059
YMR059W,YCR016W,0,-0.1828111,0.07561597228050232,0.4445554316043854,0.544054388999939
YDL110C,YGL173C,0,-0.18282893,0.07560312747955322,0.4445554316043854,0.5441544055938721
YFR041C,YOL077W-A,0,-0.18283066,0.07559028267860413,0.4445554316043854,0.5442544221878052
YGR207C,YJR054W,0,-0.18285294,0.07557744532823563,0.4445554316043854,0.5443544387817383
YCR027C,YHR062C,0,-0.18287389,0.07556461542844772,0.4445554316043854,0.5444544553756714
YIL044C,YLL021W,0,-0.1829925,0.07555178552865982,0.4445554316043854,0.5445544719696045
YER107C,YOR008C,1,-0.18300806,0.07570870965719223,0.4455544352531433,0.5445544719696045
YLL038C,YDR099W,0,-0.18301606,0.07569585740566254,0.4455544352531433,0.5446544885635376
YNL046W,YMR215W,0,-0.1831497,0.07568301260471344,0.4455544352531433,0.5447545051574707
YAL051W,YJL041W,0,-0.18325907,0.07567017525434494,0.4455544352531433,0.544854462146759
YCR047C,YDL065C,0,-0.18328303,0.07565733790397644,0.4455544352531433,0.5449544787406921
YHR113W,YPL092W,0,-0.1833523,0.07564450800418854,0.4455544352531433,0.5450544953346252
YMR184W,YFL026W,0,-0.18343037,0.07563167810440063,0.4455544352531433,0.5451545119285583
YJR137C,YPL155C,0,-0.1835104,0.07561885565519333,0.4455544352531433,0.5452545285224915
YAL051W,YKL116C,0,-0.18366976,0.07560603320598602,0.4455544352531433,0.5453545451164246
YGR037C,YDL043C,0,-0.18367144,0.07559321820735931,0.4455544352531433,0.5454545617103577
YOL100W,YGL029W,0,-0.18370709,0.0755804106593132,0.4455544352531433,0.5455545783042908
YLL010C,YMR037C,1,-0.18376544,0.07573703676462173,0.44655343890190125,0.5455545783042908
YMR161W,YNL049C,0,-0.18380612,0.07572420686483383,0.44655343890190125,0.5456545948982239
YCR005C,YER089C,0,-0.18385041,0.07571138441562653,0.44655343890190125,0.5457545518875122
YNL312W,YNL126W,0,-0.18392372,0.07569856196641922,0.44655343890190125,0.5458545684814453
YMR113W,YMR302C,0,-0.18406075,0.07568574696779251,0.44655343890190125,0.5459545850753784
YJL020C,YLR176C,0,-0.1841641,0.0756729319691658,0.44655343890190125,0.5460546016693115
YMR220W,YMR161W,0,-0.18423918,0.07566012442111969,0.44655343890190125,0.5461546182632446
YKL005C,YNR019W,0,-0.18424094,0.07564731687307358,0.44655343890190125,0.5462546348571777
YER096W,YNL218W,0,-0.18424653,0.07563451677560806,0.44655343890190125,0.5463546514511108
YKL221W,YEL077C,0,-0.18427418,0.07562172412872314,0.44655343890190125,0.546454668045044
YGR002C,YGR068C,0,-0.18436737,0.07560893148183823,0.44655343890190125,0.546554684638977
YEL027W,YPR102C,0,-0.18437287,0.0755961462855339,0.44655343890190125,0.5466546416282654
YLR432W,YPR141C,0,-0.18448725,0.07558336108922958,0.44655343890190125,0.5467546582221985
YGR002C,YDR297W,0,-0.1845229,0.07557058334350586,0.44655343890190125,0.5468546748161316
YMR287C,YBL105C,0,-0.1845492,0.07555781304836273,0.44655343890190125,0.5469546914100647
YMR106C,YDR075W,0,-0.18457896,0.0755450427532196,0.44655343890190125,0.5470547080039978
YLR312C-B,YCL027C-A,0,-0.1847299,0.07553227245807648,0.44655343890190125,0.5471547245979309
YBR089C-A,YLR373C,0,-0.18489395,0.07551951706409454,0.44655343890190125,0.547254741191864
YGL253W,YMR067C,0,-0.1848979,0.07550675421953201,0.44655343890190125,0.5473547577857971
YFL024C,YMR285C,0,-0.18493065,0.07549400627613068,0.44655343890190125,0.5474547743797302
YDL146W,YHR032W,0,-0.18493567,0.07548125833272934,0.44655343890190125,0.5475547313690186
YHL032C,YFR040W,0,-0.18493822,0.075468510389328,0.44655343890190125,0.5476547479629517
YPR049C,YGL249W,0,-0.1849397,0.07545576989650726,0.44655343890190125,0.5477547645568848
YPL211W,YAR008W,0,-0.18500233,0.07544303685426712,0.44655343890190125,0.5478547811508179
YMR130W,YMR164C,0,-0.18503676,0.07543030381202698,0.44655343890190125,0.547954797744751
YGR047C,YDR037W,0,-0.18504775,0.07541757822036743,0.44655343890190125,0.5480548143386841
YMR076C,YDR098C,0,-0.18522006,0.07540486007928848,0.44655343890190125,0.5481548309326172
YDR307W,YLR069C,0,-0.18524124,0.07539214193820953,0.44655343890190125,0.5482548475265503
YBR291C,YFR040W,0,-0.18529812,0.07537942379713058,0.44655343890190125,0.5483548641204834
YJR091C,YJL168C,0,-0.18532631,0.07536672055721283,0.44655343890190125,0.5484548211097717
YCR091W,YDL110C,0,-0.18537408,0.07535400986671448,0.44655343890190125,0.5485548377037048
YGR120C,YGR076C,0,-0.18538117,0.07534131407737732,0.44655343890190125,0.5486548542976379
YJL141C,YKR026C,1,-0.1854969,0.07549713551998138,0.4475524425506592,0.5486548542976379
YFL039C,YGR090W,0,-0.18559211,0.07548441737890244,0.4475524425506592,0.548754870891571
YGL095C,YAL011W,0,-0.18562245,0.07547169923782349,0.4475524425506592,0.5488548874855042
YNL240C,YDL067C,0,-0.18565069,0.07545898854732513,0.4475524425506592,0.5489549040794373
YGL171W,YMR043W,0,-0.18581957,0.07544627785682678,0.4475524425506592,0.5490549206733704
YLR035C,YGR240C,0,-0.18593797,0.07543357461690903,0.4475524425506592,0.5491549372673035
YDR434W,YBL054W,0,-0.18601206,0.07542087882757187,0.4475524425506592,0.5492549538612366
YCR081W,YBL055C,0,-0.18603395,0.07540818303823471,0.4475524425506592,0.5493549108505249
YAL025C,YGR101W,0,-0.18606141,0.07539548724889755,0.4475524425506592,0.549454927444458
YKR086W,YDR384C,0,-0.18606234,0.07538280636072159,0.4475524425506592,0.5495549440383911
YGL131C,YOR113W,0,-0.18608965,0.07537011802196503,0.4475524425506592,0.5496549606323242
YDR256C,YDR176W,0,-0.18609564,0.07535744458436966,0.4475524425506592,0.5497549772262573
YNL056W,YMR056C,0,-0.18611327,0.07534477114677429,0.4475524425506592,0.5498549938201904
YJR010C-A,YER089C,0,-0.18613237,0.07533209770917892,0.4475524425506592,0.5499550104141235
YMR051C,YOL154W,0,-0.18616812,0.07531943172216415,0.4475524425506592,0.5500550270080566
YNL047C,YHL008C,0,-0.18637933,0.07530677318572998,0.4475524425506592,0.5501550436019897
YKL034W,YOR007C,0,-0.1864186,0.0752941146492958,0.4475524425506592,0.5502550005912781
YMR021C,YDR243C,0,-0.18644306,0.07528146356344223,0.4475524425506592,0.5503550171852112
YLR054C,YHR073W,0,-0.18646163,0.07526881992816925,0.4475524425506592,0.5504550337791443
YDL130W,YDR311W,0,-0.18656301,0.07525617629289627,0.4475524425506592,0.5505550503730774
YHR063C,YLR060W,0,-0.18663812,0.07524353265762329,0.4475524425506592,0.5506550669670105
YOR151C,YOR264W,0,-0.18664661,0.07523089647293091,0.4475524425506592,0.5507550835609436
YMR221C,YDL184C,0,-0.18671812,0.07521826773881912,0.4475524425506592,0.5508551001548767
YAR018C,YNR026C,0,-0.18680002,0.07520563900470734,0.4475524425506592,0.5509551167488098
YNL308C,YOL064C,0,-0.18680197,0.07519301772117615,0.4475524425506592,0.5510551333427429
YML133C,YOL006C,0,-0.18681444,0.07518039643764496,0.4475524425506592,0.5511550903320312
YLR276C,YAL013W,0,-0.1868497,0.07516778260469437,0.4475524425506592,0.5512551069259644
YNL265C,YIL005W,0,-0.18688942,0.07515517622232437,0.4475524425506592,0.5513551235198975
YKL114C,YLR144C,0,-0.18693802,0.07514256983995438,0.4475524425506592,0.5514551401138306
YER063W,YPR016C,0,-0.1871617,0.07512997090816498,0.4475524425506592,0.5515551567077637
YDL100C,YFL016C,1,-0.18720907,0.07528504729270935,0.4485514461994171,0.5515551567077637
YBR201W,YGR275W,0,-0.18725643,0.07527242600917816,0.4485514461994171,0.5516551733016968
YOR115C,YMR234W,0,-0.18727528,0.07525980472564697,0.4485514461994171,0.5517551898956299
YBL003C,YBR055C,0,-0.18731454,0.07524719089269638,0.4485514461994171,0.551855206489563
YBR302C,YDR243C,0,-0.1874404,0.07523458451032639,0.4485514461994171,0.5519552230834961
YDL012C,YBR060C,0,-0.1875181,0.07522197812795639,0.4485514461994171,0.5520551800727844
YBR018C,YGL171W,0,-0.1875743,0.07520937919616699,0.4485514461994171,0.5521551966667175
YPR199C,YMR017W,0,-0.1876021,0.07519678771495819,0.4485514461994171,0.5522552132606506
YER081W,YNL161W,0,-0.18762042,0.07518419623374939,0.4485514461994171,0.5523552298545837
YPL177C,YLR175W,0,-0.1876792,0.07517160475254059,0.4485514461994171,0.5524552464485168
YBR213W,YJR066W,0,-0.18770754,0.07515902072191238,0.4485514461994171,0.55255526304245
YIR023W,YER153C,0,-0.18771762,0.07514644414186478,0.4485514461994171,0.5526552796363831
YDR363W,YMR050C,0,-0.187824,0.07513386756181717,0.4485514461994171,0.5527552962303162
YBR241C,YBR186W,0,-0.18791518,0.07512129843235016,0.4485514461994171,0.5528553128242493
YAL012W,YLR427W,0,-0.18793514,0.07510872930288315,0.4485514461994171,0.5529552698135376
YML133C,YMR048W,0,-0.18796667,0.07509616762399673,0.4485514461994171,0.5530552864074707
YGR280C,YGR279C,0,-0.1879785,0.07508361339569092,0.4485514461994171,0.5531553030014038
YFL016C,YDL116W,1,-0.18805197,0.07523825764656067,0.44955044984817505,0.5531553030014038
YNL169C,YIL155C,0,-0.18806052,0.07522567361593246,0.44955044984817505,0.5532553195953369
YNL283C,YFL014W,1,-0.18806802,0.07538024336099625,0.450549453496933,0.5532553195953369
YDR294C,YLR081W,0,-0.18810171,0.07536764442920685,0.450549453496933,0.55335533618927
YLR077W,YDL195W,0,-0.18810655,0.07535505294799805,0.450549453496933,0.5534553527832031
YJR094W-A,YOR380W,0,-0.18812056,0.07534246891736984,0.450549453496933,0.5535553693771362
YJL097W,YBR169C,0,-0.18817282,0.07532988488674164,0.450549453496933,0.5536553859710693
YOL052C-A,YOL105C,1,-0.18822962,0.07548430562019348,0.4515484571456909,0.5536553859710693
YFR004W,YDR025W,0,-0.18823197,0.07547169923782349,0.4515484571456909,0.5537554025650024
YKL148C,YLR192C,0,-0.18823491,0.07545910030603409,0.4515484571456909,0.5538553595542908
YLR158C,YJL173C,0,-0.18824847,0.07544650137424469,0.4515484571456909,0.5539553761482239
YDL127W,YOR131C,0,-0.18838015,0.07543390989303589,0.4515484571456909,0.554055392742157
YNR045W,YKR099W,0,-0.18838042,0.07542132586240768,0.4515484571456909,0.5541554093360901
YML015C,YLR011W,0,-0.18840145,0.07540874183177948,0.4515484571456909,0.5542554259300232
YHR063C,YBL021C,0,-0.18841721,0.07539616525173187,0.4515484571456909,0.5543554425239563
YDR201W,YDR175C,0,-0.18847784,0.07538358867168427,0.4515484571456909,0.5544554591178894
YKL027W,YAL021C,0,-0.18848333,0.07537101954221725,0.4515484571456909,0.5545554757118225
YLR207W,YML115C,0,-0.18849242,0.07535845041275024,0.4515484571456909,0.5546554923057556
YNL325C,YIL014W,0,-0.1885342,0.07534588873386383,0.4515484571456909,0.554755449295044
YIL044C,YDR227W,0,-0.1885583,0.07533333450555801,0.4515484571456909,0.554855465888977
YLR247C,YBR279W,0,-0.18855949,0.0753207802772522,0.4515484571456909,0.5549554824829102
YMR305C,YKL156W,0,-0.18868795,0.07530823349952698,0.4515484571456909,0.5550554990768433
YCR088W,YFL034C-B,0,-0.18868816,0.07529568672180176,0.4515484571456909,0.5551555156707764
YGL065C,YEL021W,0,-0.1887652,0.07528314739465714,0.4515484571456909,0.5552555322647095
YDL109C,YNL145W,0,-0.1888677,0.07527060806751251,0.4515484571456909,0.5553555488586426
YKL150W,YDR253C,0,-0.18909402,0.07525807619094849,0.4515484571456909,0.5554555654525757
YCR043C,YLR433C,0,-0.1891081,0.07524554431438446,0.4515484571456909,0.5555555820465088
YBR201W,YDR219C,0,-0.18915227,0.07523301988840103,0.4515484571456909,0.5556555390357971
YGR063C,YNL066W,0,-0.1891687,0.0752205029129982,0.4515484571456909,0.5557555556297302
YDR204W,YBR044C,0,-0.1891838,0.07520798593759537,0.4515484571456909,0.5558555722236633
YIL026C,YOL132W,0,-0.18919374,0.07519547641277313,0.4515484571456909,0.5559555888175964
YAL013W,YJR136C,1,-0.1893063,0.07534930109977722,0.45254746079444885,0.5559555888175964
YLR174W,YBR241C,0,-0.18932372,0.0753367692232132,0.45254746079444885,0.5560556054115295
YCL068C,YGR194C,0,-0.18941966,0.07532424479722977,0.45254746079444885,0.5561556220054626
YGL073W,YOL031C,0,-0.18942739,0.07531172037124634,0.45254746079444885,0.5562556385993958
YIL044C,YNL209W,0,-0.18944128,0.0752992033958435,0.45254746079444885,0.5563556551933289
YDR325W,YDR346C,0,-0.1894845,0.07528668642044067,0.45254746079444885,0.556455671787262
YGL232W,YHR190W,0,-0.18958634,0.07527417689561844,0.45254746079444885,0.5565556287765503
YNL162W,YGR048W,0,-0.18961966,0.0752616748213768,0.45254746079444885,0.5566556453704834
YNL090W,YDR316W,0,-0.18963619,0.07524917274713516,0.45254746079444885,0.5567556619644165
YGL243W,YHR072W,0,-0.18966988,0.07523667067289352,0.45254746079444885,0.5568556785583496
YOR143C,YGR116W,0,-0.18967056,0.07522417604923248,0.45254746079444885,0.5569556951522827
YOR119C,YJR129C,0,-0.18967414,0.07521168887615204,0.45254746079444885,0.5570557117462158
YBR098W,YNR030W,0,-0.18979155,0.0751992017030716,0.45254746079444885,0.5571557283401489
YIL064W,YJL179W,0,-0.18980071,0.07518672198057175,0.45254746079444885,0.557255744934082
YPR120C,YLR411W,0,-0.18981454,0.0751742422580719,0.45254746079444885,0.5573557615280151
YLR249W,YLR357W,0,-0.18988226,0.07516176998615265,0.45254746079444885,0.5574557185173035
YDL232W,YKL008C,0,-0.18990055,0.075149305164814,0.45254746079444885,0.5575557351112366
YNR024W,YMR041C,0,-0.18990785,0.07513684034347534,0.45254746079444885,0.5576557517051697
YLR092W,YDL143W,0,-0.189951,0.07512437552213669,0.45254746079444885,0.5577557682991028
YJR035W,YHR092C,0,-0.19000515,0.07511191815137863,0.45254746079444885,0.5578557848930359
YPL158C,YPR114W,0,-0.19007866,0.07509946823120117,0.45254746079444885,0.557955801486969
YML133C,YJR150C,0,-0.19008178,0.07508701831102371,0.45254746079444885,0.5580558180809021
YDL147W,YPR165W,0,-0.19011027,0.07507457584142685,0.45254746079444885,0.5581558346748352
YDR511W,YLR414C,0,-0.19017072,0.07506214082241058,0.45254746079444885,0.5582558512687683
YDR503C,YHR165C,0,-0.19018023,0.07504969835281372,0.45254746079444885,0.5583558082580566
YDR039C,YGL144C,0,-0.19024165,0.07503727078437805,0.45254746079444885,0.5584558248519897
YHR143W,YPR114W,0,-0.19024667,0.07502484321594238,0.45254746079444885,0.5585558414459229
YLL005C,YDR150W,0,-0.19037423,0.07501241564750671,0.45254746079444885,0.558655858039856
YER072W,YKL178C,0,-0.1903882,0.07500000298023224,0.45254746079444885,0.5587558746337891
YFL024C,YPR192W,0,-0.19040568,0.07498758286237717,0.45254746079444885,0.5588558912277222
YDR190C,YHR201C,0,-0.19041294,0.07497517019510269,0.45254746079444885,0.5589559078216553
YIL090W,YDR156W,0,-0.19063714,0.07496276497840881,0.45254746079444885,0.5590559244155884
YMR221C,YOL058W,0,-0.19071941,0.07495036721229553,0.45254746079444885,0.5591559410095215
YDL033C,YDR385W,0,-0.19073561,0.07493796199560165,0.45254746079444885,0.5592558979988098
YCL063W,YOL059W,0,-0.19074704,0.07492557168006897,0.45254746079444885,0.5593559145927429
YAL015C,YNL039W,0,-0.19087705,0.07491318136453629,0.45254746079444885,0.559455931186676
YLR225C,YIL153W,0,-0.19092572,0.0749007910490036,0.45254746079444885,0.5595559477806091
YBL045C,YOR103C,0,-0.1909443,0.07488840818405151,0.45254746079444885,0.5596559643745422
YGR014W,YDR175C,0,-0.19094846,0.07487603276968002,0.45254746079444885,0.5597559809684753
YHR001W,YCL011C,0,-0.19095753,0.07486365735530853,0.45254746079444885,0.5598559975624084
YLR081W,YER142C,0,-0.19096129,0.07485128939151764,0.45254746079444885,0.5599560141563416
YKL220C,YFL009W,0,-0.19097619,0.07483892142772675,0.45254746079444885,0.5600560307502747
YJR093C,YPL020C,0,-0.19101852,0.07482656091451645,0.45254746079444885,0.560155987739563
YGR132C,YML018C,0,-0.19102864,0.07481420040130615,0.45254746079444885,0.5602560043334961
YMR006C,YKL160W,0,-0.1910852,0.07480184733867645,0.45254746079444885,0.5603560209274292
YML081W,YJR143C,0,-0.19109982,0.07478950172662735,0.45254746079444885,0.5604560375213623
YDL120W,YIR006C,0,-0.1911005,0.07477715611457825,0.45254746079444885,0.5605560541152954
YLR450W,YBR166C,0,-0.19110067,0.07476481050252914,0.45254746079444885,0.5606560707092285
YPL132W,YDL189W,0,-0.1911276,0.07475247234106064,0.45254746079444885,0.5607560873031616
YBR211C,YMR242C,0,-0.19115752,0.07474014163017273,0.45254746079444885,0.5608561038970947
YNL251C,YPR161C,0,-0.19120991,0.07472781091928482,0.45254746079444885,0.5609561204910278
YML048W,YLR318W,0,-0.19124459,0.07471548765897751,0.45254746079444885,0.5610560774803162
YGL059W,YDL113C,0,-0.19125159,0.0747031643986702,0.45254746079444885,0.5611560940742493
YJL033W,YLR185W,0,-0.19125313,0.07469084858894348,0.45254746079444885,0.5612561106681824
YLR335W,YDL088C,1,-0.19138098,0.0748433917760849,0.4535464644432068,0.5612561106681824
YGR272C,YLR378C,0,-0.19139877,0.0748310536146164,0.4535464644432068,0.5613561272621155
YER093C,YBL019W,0,-0.19142732,0.07481872290372849,0.4535464644432068,0.5614561438560486
YDL012C,YMR130W,0,-0.19144088,0.07480639219284058,0.4535464644432068,0.5615561604499817
YBL051C,YDR345C,0,-0.1915323,0.07479406893253326,0.4535464644432068,0.5616561770439148
YAL005C,YNL134C,0,-0.19157529,0.07478174567222595,0.4535464644432068,0.5617561936378479
YKR026C,YNL123W,1,-0.1915938,0.07493412494659424,0.4545454680919647,0.5617561936378479
YKR034W,YJL180C,0,-0.1915977,0.07492178678512573,0.4545454680919647,0.561856210231781
YPL143W,YOL147C,0,-0.19170731,0.07490944862365723,0.4545454680919647,0.5619561672210693
YPL225W,YGL039W,0,-0.19183972,0.07489711791276932,0.4545454680919647,0.5620561838150024
YFR004W,YLR364W,0,-0.19186068,0.074884794652462,0.4545454680919647,0.5621562004089355
YGR209C,YIL096C,0,-0.1918733,0.0748724713921547,0.4545454680919647,0.5622562170028687
YGL194C,YEL020C,0,-0.19188592,0.07486014813184738,0.4545454680919647,0.5623562335968018
YLR450W,YPL262W,0,-0.19189098,0.07484783977270126,0.4545454680919647,0.5624562501907349
YGR249W,YBR073W,0,-0.19198386,0.07483552396297455,0.4545454680919647,0.562556266784668
YPL262W,YIR012W,0,-0.19202362,0.07482322305440903,0.4545454680919647,0.5626562833786011
YGR035C,YHR079C-A,0,-0.19202465,0.07481091469526291,0.4545454680919647,0.5627562999725342
YFR034C,YBL050W,0,-0.19208957,0.07479862123727798,0.4545454680919647,0.5628562569618225
YJL115W,YML008C,0,-0.19218361,0.07478632777929306,0.4545454680919647,0.5629562735557556
YOL117W,YOR260W,0,-0.19223732,0.07477403432130814,0.4545454680919647,0.5630562901496887
YOL147C,YER153C,0,-0.19224261,0.07476174831390381,0.4545454680919647,0.5631563067436218
YFL009W,YBR049C,0,-0.19234364,0.07474946975708008,0.4545454680919647,0.5632563233375549
YJR035W,YLL036C,0,-0.19238421,0.07473719120025635,0.4545454680919647,0.563356339931488
YER060W,YHR070W,0,-0.19240817,0.07472491264343262,0.4545454680919647,0.5634563565254211
YMR318C,YIL107C,0,-0.19243678,0.07471264153718948,0.4545454680919647,0.5635563731193542
YDR060W,YHR076W,0,-0.19243976,0.07470037788152695,0.4545454680919647,0.5636563897132874
YOL071W,YMR076C,0,-0.19245224,0.07468811422586441,0.4545454680919647,0.5637563467025757
YNL305C,YOR095C,0,-0.19253945,0.07467585802078247,0.4545454680919647,0.5638563632965088
YDR421W,YDR080W,0,-0.19263197,0.07466360181570053,0.4545454680919647,0.5639563798904419
YGL027C,YER161C,0,-0.19271639,0.07465135306119919,0.4545454680919647,0.564056396484375
YDR346C,YLR110C,0,-0.19284162,0.07463910430669785,0.4545454680919647,0.5641564130783081
YIL034C,YDR388W,0,-0.19285178,0.0746268630027771,0.4545454680919647,0.5642564296722412
YGR086C,YBR025C,1,-0.19290793,0.07477861642837524,0.45554444193840027,0.5642564296722412
YOR030W,YPR175W,0,-0.19299349,0.07476635277271271,0.45554444193840027,0.5643564462661743
YJL062W,YOR264W,0,-0.19301942,0.07475409656763077,0.45554444193840027,0.5644564628601074
YOL084W,YGR026W,0,-0.19313614,0.07474184781312943,0.45554444193840027,0.5645564794540405
YDL178W,YER011W,0,-0.19318512,0.07472959905862808,0.45554444193840027,0.5646564364433289
YPR110C,YGL195W,0,-0.19321,0.07471735030412674,0.45554444193840027,0.564756453037262
YNL035C,YKL051W,0,-0.193213,0.074705109000206,0.45554444193840027,0.5648564696311951
YGL079W,YLR003C,0,-0.19325945,0.07469287514686584,0.45554444193840027,0.5649564862251282
YLR186W,YOR249C,0,-0.19332738,0.0746806412935257,0.45554444193840027,0.5650565028190613
YHR176W,YHR166C,0,-0.19333959,0.07466841489076614,0.45554444193840027,0.5651565194129944
YAR042W,YDL159W,0,-0.19335043,0.07465618848800659,0.45554444193840027,0.5652565360069275
YOR335C,YBR034C,0,-0.19341269,0.07464396953582764,0.45554444193840027,0.5653565526008606
YBR126C,YER107C,1,-0.1934984,0.07479541748762131,0.4565434455871582,0.5653565526008606
YJL090C,YBR021W,0,-0.19359913,0.07478317618370056,0.4565434455871582,0.5654565691947937
YDR163W,YBL042C,0,-0.19363098,0.07477094233036041,0.4565434455871582,0.565556526184082
YNL097C,YML007W,1,-0.19363521,0.07492229342460632,0.45754244923591614,0.565556526184082
YMR026C,YMR274C,0,-0.19365941,0.07491004467010498,0.45754244923591614,0.5656565427780151
YNL162W,YPL120W,0,-0.19371386,0.07489779591560364,0.45754244923591614,0.5657565593719482
YEL044W,YPL202C,0,-0.1937274,0.0748855471611023,0.45754244923591614,0.5658565759658813
YNL064C,YAR002W,1,-0.19377188,0.07503677904605865,0.4585414528846741,0.5658565759658813
YML007W,YOR178C,1,-0.193779,0.07518796622753143,0.459540456533432,0.5658565759658813
YMR080C,YML009C,0,-0.19380781,0.0751756802201271,0.459540456533432,0.5659565925598145
YJL138C,YER051W,0,-0.19382292,0.07516340166330338,0.459540456533432,0.5660566091537476
YCR096C,YBL054W,0,-0.19382527,0.07515111565589905,0.459540456533432,0.5661566257476807
YNL139C,YDR197W,0,-0.19387037,0.07513884454965591,0.459540456533432,0.5662566423416138
YML081C-A,YER027C,0,-0.19389321,0.07512657344341278,0.459540456533432,0.5663566589355469
YDR040C,YBR235W,0,-0.1939656,0.07511430233716965,0.459540456533432,0.5664566159248352
YKL058W,YOR181W,0,-0.19398639,0.07510203868150711,0.459540456533432,0.5665566325187683
YGR047C,YKL173W,0,-0.19411394,0.07508978247642517,0.459540456533432,0.5666566491127014
YNL293W,YKL054C,0,-0.19415168,0.07507752627134323,0.459540456533432,0.5667566657066345
YDR307W,YER044C-A,0,-0.19416612,0.07506527751684189,0.459540456533432,0.5668566823005676
YIL138C,YDR409W,0,-0.19418547,0.07505302876234055,0.459540456533432,0.5669566988945007
YDL100C,YAL013W,1,-0.1942087,0.07520391792058945,0.46053946018218994,0.5669566988945007
YGL016W,YGL040C,0,-0.19424957,0.07519164681434631,0.46053946018218994,0.5670567154884338
YOR083W,YGR049W,0,-0.19426373,0.07517938315868378,0.46053946018218994,0.5671567320823669
YHR161C,YLR292C,0,-0.19431472,0.07516712695360184,0.46053946018218994,0.5672567486763
YNL071W,YKR097W,0,-0.19441384,0.0751548707485199,0.46053946018218994,0.5673567652702332
YIL023C,YPR112C,0,-0.19443883,0.07514262199401855,0.46053946018218994,0.5674567222595215
YDR258C,YNL123W,1,-0.1944736,0.07529334723949432,0.4615384638309479,0.5674567222595215
YDL064W,YMR298W,0,-0.19454683,0.07528108358383179,0.4615384638309479,0.5675567388534546
YPL096C-A,YIR036C,0,-0.194608,0.07526881992816925,0.4615384638309479,0.5676567554473877
YBR168W,YPR183W,0,-0.19467503,0.07525655627250671,0.4615384638309479,0.5677567720413208
YKL221W,YPR061C,0,-0.19469221,0.07524430006742477,0.4615384638309479,0.5678567886352539
YMR177W,YGR189C,0,-0.19475481,0.07523204386234283,0.4615384638309479,0.567956805229187
YDL127W,YOL008W,0,-0.19482121,0.07521979510784149,0.4615384638309479,0.5680568218231201
YLL010C,YDL116W,1,-0.19491164,0.07537034153938293,0.4625374674797058,0.5680568218231201
YJL183W,YNL218W,0,-0.19491766,0.0753580704331398,0.4625374674797058,0.5681568384170532
YLR109W,YAL068C,0,-0.19491905,0.07534580677747726,0.4625374674797058,0.5682568550109863
YIL114C,YMR161W,0,-0.19498959,0.07533355057239532,0.4625374674797058,0.5683568120002747
YJL140W,YPL240C,1,-0.1949993,0.07548397779464722,0.46353647112846375,0.5683568120002747
YER110C,YCR010C,0,-0.19499992,0.07547169923782349,0.46353647112846375,0.5684568285942078
YLR298C,YOR010C,0,-0.19500645,0.07545942068099976,0.46353647112846375,0.5685568451881409
YOR036W,YLR008C,0,-0.19522795,0.07544715702533722,0.46353647112846375,0.568656861782074
YLR054C,YOR086C,0,-0.19529113,0.07543488591909409,0.46353647112846375,0.5687568783760071
YOR178C,YBL087C,0,-0.1953552,0.07542262971401215,0.46353647112846375,0.5688568949699402
YBR211C,YOR116C,0,-0.1954386,0.07541036605834961,0.46353647112846375,0.5689569115638733
YBR046C,YIR004W,0,-0.19546238,0.07539811730384827,0.46353647112846375,0.5690569281578064
YKL157W,YOR037W,0,-0.19549543,0.07538586854934692,0.46353647112846375,0.5691569447517395
YIL167W,YEL020C,0,-0.1954984,0.07537361979484558,0.46353647112846375,0.5692569017410278
YJL063C,YDL112W,0,-0.19554952,0.07536137849092484,0.46353647112846375,0.5693569183349609
YDR538W,YKL197C,0,-0.1955699,0.07534913718700409,0.46353647112846375,0.569456934928894
YOR189W,YMR051C,0,-0.19587296,0.07533690333366394,0.46353647112846375,0.5695569515228271
YGR142W,YGR001C,0,-0.19588524,0.07532467693090439,0.46353647112846375,0.5696569681167603
YMR037C,YKL107W,0,-0.19594976,0.07531245052814484,0.46353647112846375,0.5697569847106934
YLR430W,YAL025C,0,-0.19597003,0.07530022412538528,0.46353647112846375,0.5698570013046265
YBL100W-B,YLR008C,0,-0.19599116,0.07528801262378693,0.46353647112846375,0.5699570178985596
YKL011C,YLR399C,0,-0.19599617,0.07527579367160797,0.46353647112846375,0.5700570344924927
YJR100C,YJL141C,1,-0.19602917,0.07542578876018524,0.4645354747772217,0.5700570344924927
YHR027C,YHR115C,0,-0.19606778,0.07541355490684509,0.4645354747772217,0.570156991481781
YDR338C,YMR275C,0,-0.19618398,0.07540132850408554,0.4645354747772217,0.5702570080757141
YOL140W,YNL126W,0,-0.19620499,0.07538910210132599,0.4645354747772217,0.5703570246696472
YBL003C,YCR071C,0,-0.19627093,0.07537688314914703,0.4645354747772217,0.5704570412635803
YEL032W,YIL033C,0,-0.19634885,0.07536466419696808,0.4645354747772217,0.5705570578575134
YBR168W,YGL090W,0,-0.19640058,0.07535245269536972,0.4645354747772217,0.5706570744514465
YLR293C,YGR165W,0,-0.19643964,0.07534024864435196,0.4645354747772217,0.5707570910453796
YDR397C,YOL004W,1,-0.19645777,0.07549003511667252,0.4655344784259796,0.5707570910453796
YAL051W,YHL022C,0,-0.19651558,0.07547780871391296,0.4655344784259796,0.5708571076393127
YKR024C,YMR316W,0,-0.1965396,0.07546558976173401,0.4655344784259796,0.5709571242332458
YCL075W,YDL205C,0,-0.19660792,0.07545337080955505,0.4655344784259796,0.5710570812225342
YJL028W,YDR283C,0,-0.19672616,0.0754411518573761,0.4655344784259796,0.5711570978164673
YOR255W,YDR038C,0,-0.19673029,0.07542894035577774,0.4655344784259796,0.5712571144104004
YNL097C,YER133W,1,-0.1967795,0.07557857036590576,0.46653345227241516,0.5712571144104004
YOL138C,YLR093C,0,-0.19680932,0.07556634396314621,0.46653345227241516,0.5713571310043335
YDR054C,YML058W,0,-0.19682878,0.07555411756038666,0.46653345227241516,0.5714571475982666
YDR055W,YML070W,0,-0.19684859,0.0755418986082077,0.46653345227241516,0.5715571641921997
YMR184W,YBL066C,0,-0.19685802,0.07552967965602875,0.46653345227241516,0.5716571807861328
YBR072W,YMR037C,1,-0.19688964,0.07567917555570602,0.4675324559211731,0.5716571807861328
YDR177W,YAL003W,0,-0.19691835,0.07566693425178528,0.4675324559211731,0.5717571973800659
YMR055C,YLR419W,0,-0.19716801,0.07565470784902573,0.4675324559211731,0.571857213973999
YPR010C,YAL032C,0,-0.19717513,0.07564247399568558,0.4675324559211731,0.5719571709632874
YDL127W,YNL159C,0,-0.19721335,0.07563025504350662,0.4675324559211731,0.5720571875572205
YDL188C,YBR179C,0,-0.19722587,0.07561802864074707,0.4675324559211731,0.5721572041511536
YLR335W,YHL028W,1,-0.19724597,0.07576736807823181,0.46853145956993103,0.5721572041511536
YPL211W,YML091C,0,-0.19727421,0.07575512677431107,0.46853145956993103,0.5722572207450867
YGL253W,YBR058C-A,0,-0.19731787,0.07574289292097092,0.46853145956993103,0.5723572373390198
YDR338C,YMR171C,0,-0.1973183,0.07573066651821136,0.46853145956993103,0.5724572539329529
YJR100C,YDR192C,1,-0.19735533,0.07587988674640656,0.46953046321868896,0.5724572539329529
YDL129W,YEL059C-A,0,-0.19743764,0.07586763799190521,0.46953046321868896,0.572557270526886
YMR208W,YDR121W,0,-0.1974396,0.07585538923740387,0.46953046321868896,0.5726572871208191
YLR096W,YPL132W,0,-0.19747671,0.07584314793348312,0.46953046321868896,0.5727573037147522
YLR223C,YOR034C,0,-0.19748878,0.07583091408014297,0.46953046321868896,0.5728572607040405
YLR148W,YMR291W,0,-0.19754103,0.07581868022680283,0.46953046321868896,0.5729572772979736
YLR045C,YBL069W,0,-0.19754946,0.07580645382404327,0.46953046321868896,0.5730572938919067
YOL004W,YJL140W,1,-0.19761278,0.07595548778772354,0.4705294668674469,0.5730572938919067
YNR052C,YJL076W,0,-0.19769171,0.0759432464838028,0.4705294668674469,0.5731573104858398
YCR038C,YDR390C,0,-0.19771513,0.07593099772930145,0.4705294668674469,0.573257327079773
YOR334W,YGL008C,0,-0.19775143,0.0759187638759613,0.4705294668674469,0.573357343673706
YKR031C,YBR023C,0,-0.1977824,0.07590653002262115,0.4705294668674469,0.5734573602676392
YBR159W,YPR009W,0,-0.1978307,0.075894296169281,0.4705294668674469,0.5735573768615723
YDR074W,YLR260W,1,-0.19790474,0.07604317367076874,0.47152847051620483,0.5735573768615723
YLR215C,YOR245C,0,-0.19791967,0.0760309249162674,0.47152847051620483,0.5736573934555054
YOR337W,YOL003C,0,-0.19793901,0.07601868361234665,0.47152847051620483,0.5737573504447937
YGL137W,YMR312W,0,-0.19803596,0.0760064423084259,0.47152847051620483,0.5738573670387268
YOR201C,YDR354W,0,-0.1980432,0.07599420100450516,0.47152847051620483,0.5739573836326599
YOL080C,YER056C,0,-0.1980524,0.07598196715116501,0.47152847051620483,0.574057400226593
YGR249W,YOR380W,0,-0.19813496,0.07596974074840546,0.47152847051620483,0.5741574168205261
YOR231W,YDL174C,0,-0.19817737,0.0759575143456459,0.47152847051620483,0.5742574334144592
YNL088W,YIL005W,0,-0.19822243,0.07594529539346695,0.47152847051620483,0.5743574500083923
YBR126C,YOR043W,1,-0.19822341,0.07609394937753677,0.47252747416496277,0.5743574500083923
YNL268W,YBR254C,0,-0.1982655,0.07608170807361603,0.47252747416496277,0.5744574666023254
YOR210W,YGR104C,0,-0.19829585,0.07606947422027588,0.47252747416496277,0.5745574831962585
YPL187W,YHR072W-A,0,-0.19837362,0.07605724036693573,0.47252747416496277,0.5746574401855469
YCL050C,YPR097W,0,-0.19837797,0.07604501396417618,0.47252747416496277,0.57475745677948
YJL054W,YHR067W,0,-0.19845499,0.07603279501199722,0.47252747416496277,0.5748574733734131
YKL059C,YOL005C,0,-0.19851312,0.07602056860923767,0.47252747416496277,0.5749574899673462
YPR143W,YDR041W,0,-0.19865718,0.07600835710763931,0.47252747416496277,0.5750575065612793
YGR231C,YDR266C,0,-0.19874115,0.07599614560604095,0.47252747416496277,0.5751575231552124
YDR129C,YGL067W,0,-0.1987779,0.0759839341044426,0.47252747416496277,0.5752575397491455
YHR149C,YKL060C,0,-0.19878075,0.07597173005342484,0.47252747416496277,0.5753575563430786
YDL052C,YDR251W,0,-0.19878587,0.07595953345298767,0.47252747416496277,0.5754575729370117
YHR105W,YLL010C,0,-0.1988052,0.0759473368525505,0.47252747416496277,0.5755575299263
YER065C,YOR266W,0,-0.19884935,0.07593514025211334,0.47252747416496277,0.5756575465202332
YPL204W,YOR369C,0,-0.19891879,0.07592295110225677,0.47252747416496277,0.5757575631141663
YLL031C,YDR365C,0,-0.19892246,0.0759107694029808,0.47252747416496277,0.5758575797080994
YMR201C,YLR040C,0,-0.1990421,0.07589858770370483,0.47252747416496277,0.5759575963020325
YML074C,YER174C,0,-0.19904754,0.07588641345500946,0.47252747416496277,0.5760576128959656
YIL090W,YBL051C,0,-0.19916934,0.07587423920631409,0.47252747416496277,0.5761576294898987
YGR174C,YOR076C,0,-0.19919492,0.07586207240819931,0.47252747416496277,0.5762576460838318
YKR093W,YNR070W,0,-0.19931132,0.07584990561008453,0.47252747416496277,0.5763576626777649
YDR236C,YDR169C,0,-0.19934382,0.07583773881196976,0.47252747416496277,0.5764576196670532
YPR166C,YMR216C,0,-0.19946924,0.07582558691501617,0.47252747416496277,0.5765576362609863
YBR085W,YHR115C,0,-0.19946975,0.07581343501806259,0.47252747416496277,0.5766576528549194
YDR107C,YJR094W-A,0,-0.199502,0.07580128312110901,0.47252747416496277,0.5767576694488525
YHR063C,YDR483W,0,-0.19961776,0.07578913867473602,0.47252747416496277,0.5768576860427856
YER035W,YOR196C,0,-0.19962402,0.07577699422836304,0.47252747416496277,0.5769577026367188
YBR040W,YGL257C,0,-0.19962682,0.07576485723257065,0.47252747416496277,0.5770577192306519
YDL209C,YOR356W,0,-0.199655,0.07575272023677826,0.47252747416496277,0.577157735824585
YGR086C,YNL283C,1,-0.19966295,0.07590071856975555,0.4735264778137207,0.577157735824585
YLR411W,YHR114W,0,-0.19971618,0.07588856667280197,0.4735264778137207,0.5772577524185181
YFL061W,YOR172W,0,-0.19971983,0.07587642222642899,0.4735264778137207,0.5773577094078064
YBR025C,YLR260W,1,-0.19973704,0.07602433115243912,0.47452548146247864,0.5773577094078064
YDR471W,YIL037C,0,-0.19980785,0.07601216435432434,0.47452548146247864,0.5774577260017395
YJL167W,YDR225W,0,-0.19981071,0.07599999755620956,0.47452548146247864,0.5775577425956726
YNL210W,YKL160W,0,-0.19983375,0.07598784565925598,0.47452548146247864,0.5776577591896057
YDR363W-A,YHR152W,0,-0.19983616,0.0759756863117218,0.47452548146247864,0.5777577757835388
YNR024W,YFL034C-B,0,-0.19984537,0.07596353441476822,0.47452548146247864,0.5778577923774719
YOL103W,YGL211W,0,-0.20001794,0.07595138996839523,0.47452548146247864,0.577957808971405
YML098W,YGL017W,0,-0.20006642,0.07593924552202225,0.47452548146247864,0.5780578255653381
YBR217W,YKR062W,0,-0.20009746,0.07592710852622986,0.47452548146247864,0.5781578421592712
YOR257W,YGR083C,0,-0.20010722,0.07591497153043747,0.47452548146247864,0.5782577991485596
YPL017C,YER099C,0,-0.20024782,0.07590284198522568,0.47452548146247864,0.5783578157424927
YDL002C,YCL020W,0,-0.2003677,0.07589071989059448,0.47452548146247864,0.5784578323364258
YLR019W,YDR258C,1,-0.20049039,0.07603833824396133,0.4755244851112366,0.5784578323364258
YNL142W,YFL009W,0,-0.20053957,0.07602619379758835,0.4755244851112366,0.5785578489303589
YDR541C,YPR054W,0,-0.20054118,0.07601404935121536,0.4755244851112366,0.578657865524292
YBR162C,YDR208W,0,-0.20059499,0.07600191235542297,0.4755244851112366,0.5787578821182251
YER144C,YPR070W,0,-0.20061898,0.07598978281021118,0.4755244851112366,0.5788578987121582
YNL221C,YGL229C,0,-0.20074329,0.07597765326499939,0.4755244851112366,0.5789579153060913
YDL100C,YDR074W,1,-0.20081024,0.0761251226067543,0.4765234887599945,0.5789579153060913
YCL017C,YIL009W,0,-0.20084098,0.07611297070980072,0.4765234887599945,0.5790579319000244
YDL043C,YJR027W,0,-0.20092602,0.07610082626342773,0.4765234887599945,0.5791578888893127
YIL112W,YIL168W,0,-0.20096083,0.07608868926763535,0.4765234887599945,0.5792579054832458
YOR354C,YHL025W,0,-0.20102754,0.07607655227184296,0.4765234887599945,0.579357922077179
YMR263W,YAR002W,1,-0.2010512,0.07622388750314713,0.47752249240875244,0.579357922077179
YPR120C,YPL120W,0,-0.2010727,0.07621173560619354,0.47752249240875244,0.5794579386711121
YMR251W-A,YKR014C,0,-0.20113438,0.07619958370923996,0.47752249240875244,0.5795579552650452
YHR149C,YAL061W,0,-0.20113441,0.07618743926286697,0.47752249240875244,0.5796579718589783
YCR028C-A,YNL252C,0,-0.2011843,0.07617530226707458,0.47752249240875244,0.5797579884529114
YNL003C,YNL053W,0,-0.20124157,0.0761631578207016,0.47752249240875244,0.5798580050468445
YIL014W,YPR082C,0,-0.20127465,0.07615102827548981,0.47752249240875244,0.5799580216407776
YDR188W,YHR116W,0,-0.20127624,0.07613889873027802,0.47752249240875244,0.5800579786300659
YNR024W,YBR236C,0,-0.2013387,0.07612676918506622,0.47752249240875244,0.580157995223999
YMR006C,YIL148W,0,-0.20135432,0.07611464709043503,0.47752249240875244,0.5802580118179321
YML121W,YNL336W,0,-0.20150302,0.07610253244638443,0.47752249240875244,0.5803580284118652
YDR011W,YBL009W,0,-0.20151299,0.07609041780233383,0.47752249240875244,0.5804580450057983
YMR083W,YDR270W,0,-0.20157665,0.07607830315828323,0.47752249240875244,0.5805580615997314
YLR133W,YKR060W,0,-0.2015775,0.07606620341539383,0.47752249240875244,0.5806580781936646
YOL003C,YNL213C,0,-0.20163614,0.07605409622192383,0.47752249240875244,0.5807580947875977
YOL080C,YOR264W,0,-0.20168734,0.07604199647903442,0.47752249240875244,0.5808581113815308
YGL166W,YMR004W,0,-0.2017407,0.07602990418672562,0.47752249240875244,0.5809580683708191
YJL062W,YHR178W,0,-0.20175625,0.07601781189441681,0.47752249240875244,0.5810580849647522
YNR073C,YPR081C,0,-0.2017853,0.0760057270526886,0.47752249240875244,0.5811581015586853
YKR064W,YFR055W,0,-0.20182854,0.07599364221096039,0.47752249240875244,0.5812581181526184
YGL168W,YKR099W,0,-0.20183265,0.07598155736923218,0.47752249240875244,0.5813581347465515
YER073W,YBR267W,0,-0.20189297,0.07596948742866516,0.47752249240875244,0.5814581513404846
YJL153C,YOR019W,0,-0.2019086,0.07595741003751755,0.47752249240875244,0.5815581679344177
YLR019W,YOL017W,0,-0.2023932,0.07594534754753113,0.47752249240875244,0.5816581845283508
YNL327W,YDR287W,0,-0.20245636,0.07593327760696411,0.47752249240875244,0.5817582011222839
YIR015W,YJL189W,0,-0.20256168,0.07592122256755829,0.47752249240875244,0.5818581581115723
YNR063W,YLR308W,0,-0.20257749,0.07590916007757187,0.47752249240875244,0.5819581747055054
YKL058W,YDR386W,0,-0.20261769,0.07589711248874664,0.47752249240875244,0.5820581912994385
YDR028C,YOR332W,0,-0.20274374,0.07588505744934082,0.47752249240875244,0.5821582078933716
YPL253C,YLR318W,0,-0.20279133,0.07587301731109619,0.47752249240875244,0.5822582244873047
YDL209C,YGR055W,0,-0.20294777,0.07586097717285156,0.47752249240875244,0.5823582410812378
YGR104C,YHL016C,0,-0.2030054,0.07584893703460693,0.47752249240875244,0.5824582576751709
YDR123C,YCR105W,0,-0.20303568,0.0758369043469429,0.47752249240875244,0.582558274269104
YGL084C,YGL254W,0,-0.2030566,0.07582487165927887,0.47752249240875244,0.5826582908630371
YLR220W,YHR105W,0,-0.20310988,0.07581284642219543,0.47752249240875244,0.5827582478523254
YIL162W,YNL216W,0,-0.2031615,0.075800821185112,0.47752249240875244,0.5828582644462585
YDR074W,YKL057C,1,-0.20324525,0.0759473592042923,0.478521466255188,0.5828582644462585
YHR024C,YPR070W,0,-0.2033114,0.07593531906604767,0.478521466255188,0.5829582810401917
YIR026C,YOR119C,0,-0.2033397,0.07592328637838364,0.478521466255188,0.5830582976341248
YJR109C,YDR418W,0,-0.2033605,0.0759112536907196,0.478521466255188,0.5831583142280579
YBR126C,YOR178C,1,-0.20340148,0.07605767995119095,0.4795204699039459,0.5831583142280579
YNL088W,YER133W,0,-0.20343809,0.07604562491178513,0.4795204699039459,0.583258330821991
YLL066C,YDL204W,0,-0.20346552,0.0760335847735405,0.4795204699039459,0.5833583474159241
YPR143W,YOR332W,0,-0.20353808,0.07602153718471527,0.4795204699039459,0.5834583640098572
YAL035W,YOR039W,0,-0.20359892,0.07600950449705124,0.4795204699039459,0.5835583806037903
YML007W,YOR008C,1,-0.20361958,0.07615579664707184,0.48051947355270386,0.5835583806037903
YPL193W,YML101C,0,-0.2037302,0.07614374160766602,0.48051947355270386,0.5836583375930786
YBR092C,YJL116C,0,-0.20379566,0.07613168656826019,0.48051947355270386,0.5837583541870117
YLR288C,YNL329C,0,-0.20383683,0.07611963897943497,0.48051947355270386,0.5838583707809448
YER110C,YML034W,0,-0.20387387,0.07610759139060974,0.48051947355270386,0.5839583873748779
YGL070C,YBR258C,0,-0.20394963,0.07609555125236511,0.48051947355270386,0.584058403968811
YCL020W,YML021C,0,-0.20398878,0.07608351856470108,0.48051947355270386,0.5841584205627441
YNL136W,YEL027W,0,-0.20402014,0.07607148587703705,0.48051947355270386,0.5842584371566772
YPL100W,YGL157W,0,-0.20404726,0.07605945318937302,0.48051947355270386,0.5843584537506104
YPL156C,YLR019W,0,-0.20414805,0.07604742795228958,0.48051947355270386,0.5844584703445435
YOL091W,YBR019C,0,-0.20416382,0.07603541016578674,0.48051947355270386,0.5845584273338318
YCL054W,YJR160C,0,-0.20419839,0.0760233923792839,0.48051947355270386,0.5846584439277649
YDL002C,YDR529C,0,-0.20423496,0.07601137459278107,0.48051947355270386,0.584758460521698
YBL047C,YGL198W,0,-0.20425987,0.07599937170743942,0.48051947355270386,0.5848584771156311
YCL045C,YKL164C,0,-0.2043433,0.07598736137151718,0.48051947355270386,0.5849584937095642
YKL039W,YBR019C,0,-0.20438512,0.07597535848617554,0.48051947355270386,0.5850585103034973
YDR489W,YER036C,0,-0.2043935,0.07596336305141449,0.48051947355270386,0.5851585268974304
YNR052C,YPL021W,0,-0.20442197,0.07595136761665344,0.48051947355270386,0.5852585434913635
YJR043C,YGR170W,0,-0.20443344,0.0759393721818924,0.48051947355270386,0.5853585600852966
YOR063W,YKR030W,0,-0.20447755,0.07592738419771194,0.48051947355270386,0.585458517074585
YOL103W,YNL106C,0,-0.20464373,0.07591540366411209,0.48051947355270386,0.5855585336685181
YER126C,YDR179C,0,-0.20467712,0.07590342313051224,0.48051947355270386,0.5856585502624512
YPL144W,YPR063C,0,-0.20467922,0.07589145004749298,0.48051947355270386,0.5857585668563843
YDR485C,YDL112W,0,-0.20469376,0.07587947696447372,0.48051947355270386,0.5858585834503174
YDR522C,YKR059W,0,-0.20469809,0.07586751133203506,0.48051947355270386,0.5859586000442505
YDR456W,YKR090W,0,-0.20472398,0.0758555456995964,0.48051947355270386,0.5860586166381836
YBR126C,YLL026W,1,-0.2047961,0.07600126415491104,0.4815184772014618,0.5860586166381836
YDR320C-A,YBL082C,0,-0.20511988,0.07598927617073059,0.4815184772014618,0.5861586332321167
YGL232W,YDR210W,0,-0.2051562,0.07597730308771133,0.4815184772014618,0.5862586498260498
YGR041W,YNL279W,0,-0.20518571,0.07596533000469208,0.4815184772014618,0.5863586068153381
YIL031W,YNL063W,0,-0.20523217,0.07595335692167282,0.4815184772014618,0.5864586234092712
YDL081C,YBR126C,0,-0.20525633,0.07594139128923416,0.4815184772014618,0.5865586400032043
YDL012C,YMR074C,0,-0.2053096,0.0759294256567955,0.4815184772014618,0.5866586565971375
YLR377C,YPL153C,0,-0.20538457,0.07591746747493744,0.4815184772014618,0.5867586731910706
YBR126C,YDR171W,1,-0.20540184,0.07606299221515656,0.4825174808502197,0.5867586731910706
YPL266W,YCL066W,0,-0.205449,0.0760510191321373,0.4825174808502197,0.5868586897850037
YKR024C,YHR142W,0,-0.20552763,0.07603904604911804,0.4825174808502197,0.5869587063789368
YCL068C,YLR426W,0,-0.20556135,0.07602707296609879,0.4825174808502197,0.5870587229728699
YBR114W,YFR007W,0,-0.20558076,0.07601510733366013,0.4825174808502197,0.587158739566803
YDR007W,YKL012W,0,-0.20559697,0.07600314915180206,0.4825174808502197,0.5872586965560913
YOR231W,YMR086W,0,-0.20561725,0.075991190969944,0.4825174808502197,0.5873587131500244
YHR201C,YKR080W,0,-0.20575577,0.07597923278808594,0.4825174808502197,0.5874587297439575
YBR122C,YBR297W,0,-0.20586161,0.07596728205680847,0.4825174808502197,0.5875587463378906
YDR126W,YBR015C,0,-0.20586343,0.0759553387761116,0.4825174808502197,0.5876587629318237
YIL033C,YIL056W,0,-0.205912,0.07594339549541473,0.4825174808502197,0.5877587795257568
YHL022C,YOR048C,0,-0.20591608,0.07593145966529846,0.4825174808502197,0.5878587961196899
YLR410W,YMR110C,0,-0.20593823,0.07591952383518219,0.4825174808502197,0.587958812713623
YMR006C,YDR343C,0,-0.20594619,0.07590758800506592,0.4825174808502197,0.5880588293075562
YML066C,YHR024C,0,-0.20600021,0.07589565962553024,0.4825174808502197,0.5881587862968445
YPR021C,YML025C,0,-0.20604381,0.07588373869657516,0.4825174808502197,0.5882588028907776
YER088C,YMR205C,0,-0.20607322,0.07587181776762009,0.4825174808502197,0.5883588194847107
YPR118W,YGR086C,0,-0.2061781,0.0758599042892456,0.4825174808502197,0.5884588360786438
YMR263W,YNL123W,1,-0.20625886,0.07600502669811249,0.48351648449897766,0.5884588360786438
YML076C,YBR254C,0,-0.20634106,0.07599309086799622,0.48351648449897766,0.5885588526725769
YAR033W,YKL193C,0,-0.20642668,0.07598116248846054,0.48351648449897766,0.58865886926651
YOR249C,YCR065W,0,-0.20645414,0.07596923410892487,0.48351648449897766,0.5887588858604431
YGR087C,YJR066W,0,-0.20646952,0.07595731317996979,0.48351648449897766,0.5888589024543762
YOR122C,YPR056W,0,-0.20651153,0.07594539225101471,0.48351648449897766,0.5889589190483093
YPR082C,YPR181C,0,-0.20652676,0.07593347877264023,0.48351648449897766,0.5890589356422424
YJR100C,YLL026W,1,-0.20654832,0.07607842981815338,0.4845154881477356,0.5890589356422424
YAL042W,YPL256C,0,-0.20660086,0.0760665014386177,0.4845154881477356,0.5891588926315308
YPR104C,YDL014W,0,-0.20670055,0.07605457305908203,0.4845154881477356,0.5892589092254639
YBR106W,YDR202C,0,-0.20675687,0.07604264467954636,0.4845154881477356,0.589358925819397
YDL088C,YKR082W,1,-0.20685036,0.07618749141693115,0.48551449179649353,0.589358925819397
YPL074W,YCL020W,0,-0.20716904,0.07617554813623428,0.48551449179649353,0.5894589424133301
YNR039C,YBR283C,0,-0.20719062,0.07616361230611801,0.48551449179649353,0.5895589590072632
YDR338C,YGR125W,0,-0.20720848,0.07615167647600174,0.48551449179649353,0.5896589756011963
YPL221W,YGL002W,0,-0.20724261,0.07613974809646606,0.48551449179649353,0.5897589921951294
YLL011W,YGL181W,0,-0.20735124,0.07612781971693039,0.48551449179649353,0.5898590087890625
YJR009C,YBL025W,0,-0.20737582,0.07611589878797531,0.48551449179649353,0.5899590253829956
YOL012C,YDL106C,0,-0.20739254,0.07610397785902023,0.48551449179649353,0.5900589823722839
YML078W,YFR028C,0,-0.20742524,0.07609206438064575,0.48551449179649353,0.590158998966217
YDR434W,YIL171W,0,-0.20745923,0.07608015090227127,0.48551449179649353,0.5902590155601501
YLR200W,YOR330C,0,-0.20747697,0.07606824487447739,0.48551449179649353,0.5903590321540833
YBR092C,YNL242W,0,-0.2075049,0.0760563388466835,0.48551449179649353,0.5904590487480164
YAL028W,YDL052C,0,-0.20752531,0.07604444026947021,0.48551449179649353,0.5905590653419495
YDL205C,YDR122W,0,-0.2076373,0.07603254169225693,0.48551449179649353,0.5906590819358826
YNL327W,YER096W,0,-0.20766163,0.07602065056562424,0.48551449179649353,0.5907590985298157
YIL122W,YPR033C,0,-0.20766662,0.07600875943899155,0.48551449179649353,0.5908591151237488
YJL057C,YPL271W,0,-0.20772614,0.07599687576293945,0.48551449179649353,0.5909590721130371
YCR075C,YHR013C,0,-0.20778094,0.07598499208688736,0.48551449179649353,0.5910590887069702
YFL016C,YJL140W,1,-0.20781513,0.07612943649291992,0.48651349544525146,0.5910590887069702
YDL130W-A,YNR008W,0,-0.20788997,0.07611753791570663,0.48651349544525146,0.5911591053009033
YEL024W,YLR319C,0,-0.2081981,0.07610563933849335,0.48651349544525146,0.5912591218948364
YMR161W,YJL209W,0,-0.208286,0.07609374821186066,0.48651349544525146,0.5913591384887695
YIR031C,YNL132W,0,-0.20835575,0.07608186453580856,0.48651349544525146,0.5914591550827026
YKR050W,YHR202W,0,-0.20835784,0.07606998085975647,0.48651349544525146,0.5915591716766357
YEL050C,YLR193C,0,-0.20839876,0.07605809718370438,0.48651349544525146,0.5916591882705688
YNL007C,YNL292W,0,-0.20842147,0.07604622095823288,0.48651349544525146,0.591759204864502
YGR074W,YLR283W,0,-0.20849985,0.07603434473276138,0.48651349544525146,0.5918591618537903
YDR486C,YGR260W,0,-0.2087915,0.07602247595787048,0.48651349544525146,0.5919591784477234
YDL038C,YDR425W,0,-0.20884284,0.07601061463356018,0.48651349544525146,0.5920591950416565
YHR037W,YFL037W,0,-0.20891923,0.07599875330924988,0.48651349544525146,0.5921592116355896
YFR041C,YJL136C,0,-0.2090299,0.07598689198493958,0.48651349544525146,0.5922592282295227
YBR175W,YDR464W,0,-0.2090416,0.07597503811120987,0.48651349544525146,0.5923592448234558
YOL033W,YMR053C,0,-0.2091608,0.07596319168806076,0.48651349544525146,0.5924592614173889
YPR070W,YAL009W,0,-0.20916718,0.07595133781433105,0.48651349544525146,0.592559278011322
YLL010C,YDL088C,1,-0.20923835,0.07609543204307556,0.4875124990940094,0.592559278011322
YER061C,YDR388W,0,-0.20924668,0.07608357071876526,0.4875124990940094,0.5926592946052551
YDR299W,YJR068W,0,-0.20933549,0.07607170939445496,0.4875124990940094,0.5927592515945435
YKL008C,YGL029W,0,-0.20936549,0.07605984807014465,0.4875124990940094,0.5928592681884766
YML029W,YFR042W,0,-0.20936969,0.07604799419641495,0.4875124990940094,0.5929592847824097
YOR130C,YGL124C,0,-0.20942569,0.07603614777326584,0.4875124990940094,0.5930593013763428
YPR104C,YBR218C,0,-0.20958482,0.07602430135011673,0.4875124990940094,0.5931593179702759
YIL051C,YPL001W,0,-0.20970382,0.07601246237754822,0.4875124990940094,0.593259334564209
YGL038C,YNL221C,0,-0.20971124,0.0760006234049797,0.4875124990940094,0.5933593511581421
YLR079W,YLR115W,0,-0.2098892,0.07598879188299179,0.4875124990940094,0.5934593677520752
YHR031C,YNL059C,0,-0.21002324,0.07597696036100388,0.4875124990940094,0.5935593843460083
YDR189W,YLR367W,0,-0.21003413,0.07596512883901596,0.4875124990940094,0.5936593413352966
YLR131C,YPR178W,0,-0.21024612,0.07595330476760864,0.4875124990940094,0.5937593579292297
YDR481C,YNL003C,0,-0.21025015,0.07594148814678192,0.4875124990940094,0.5938593745231628
YPL030W,YNL278W,0,-0.21028575,0.0759296715259552,0.4875124990940094,0.593959391117096
YOL137W,YFL049W,0,-0.21031615,0.07591786235570908,0.4875124990940094,0.594059407711029
YGL084C,YPR037C,0,-0.21035889,0.07590605318546295,0.4875124990940094,0.5941594243049622
YDR033W,YGR249W,0,-0.21037427,0.07589424401521683,0.4875124990940094,0.5942594408988953
YGL147C,YCL045C,0,-0.21047331,0.0758824422955513,0.4875124990940094,0.5943594574928284
YBR176W,YML074C,0,-0.21051994,0.07587064802646637,0.4875124990940094,0.5944594740867615
YDR219C,YML091C,0,-0.21053539,0.07585885375738144,0.4875124990940094,0.5945594310760498
YHR107C,YOL110W,0,-0.21066618,0.07584705948829651,0.4875124990940094,0.5946594476699829
YPL108W,YOR037W,0,-0.21075287,0.07583527266979218,0.4875124990940094,0.594759464263916
YDR163W,YPL069C,0,-0.21084929,0.07582349330186844,0.4875124990940094,0.5948594808578491
YDL181W,YDR315C,0,-0.21095468,0.0758117139339447,0.4875124990940094,0.5949594974517822
YAL062W,YGL104C,0,-0.21108988,0.07579993456602097,0.4875124990940094,0.5950595140457153
YIL062C,YBR302C,0,-0.21115112,0.07578816264867783,0.4875124990940094,0.5951595306396484
YOR179C,YDR221W,0,-0.21116114,0.07577639818191528,0.4875124990940094,0.5952595472335815
YKL014C,YER038C,0,-0.2111971,0.07576463371515274,0.4875124990940094,0.5953595638275146
YJL167W,YKL077W,0,-0.21122074,0.0757528692483902,0.4875124990940094,0.595459520816803
YDR168W,YGR101W,0,-0.2112414,0.07574111223220825,0.4875124990940094,0.5955595374107361
YOR188W,YBR162W-A,0,-0.21128036,0.0757293626666069,0.4875124990940094,0.5956595540046692
YDR510W,YER036C,0,-0.21136571,0.07571761310100555,0.4875124990940094,0.5957595705986023
YDR020C,YIL122W,0,-0.21150155,0.0757058635354042,0.4875124990940094,0.5958595871925354
YCR036W,YHR120W,0,-0.21156168,0.07569412142038345,0.4875124990940094,0.5959596037864685
YHR181W,YBR160W,0,-0.21156688,0.0756823793053627,0.4875124990940094,0.5960596203804016
YMR059W,YDR104C,0,-0.21161026,0.07567064464092255,0.4875124990940094,0.5961596369743347
YML103C,YGL073W,1,-0.21161063,0.07581395655870438,0.48851150274276733,0.5961596369743347
YJR013W,YPR049C,0,-0.21167329,0.07580219954252243,0.48851150274276733,0.5962596535682678
YJL033W,YPL031C,0,-0.21176691,0.07579044997692108,0.48851150274276733,0.5963596105575562
YPL141C,YML062C,0,-0.21183902,0.07577870786190033,0.48851150274276733,0.5964596271514893
YNL191W,YLR222C,0,-0.21189335,0.07576696574687958,0.48851150274276733,0.5965596437454224
YCL066W,YPR174C,0,-0.2118935,0.07575523108243942,0.48851150274276733,0.5966596603393555
YOR096W,YGR227W,0,-0.2119002,0.07574349641799927,0.48851150274276733,0.5967596769332886
YNL007C,YNL123W,1,-0.21190721,0.07588663697242737,0.4895104765892029,0.5967596769332886
YMR021C,YER155C,0,-0.21191652,0.07587488740682602,0.4895104765892029,0.5968596935272217
YCR088W,YJL076W,0,-0.2119261,0.07586313784122467,0.4895104765892029,0.5969597101211548
YGR028W,YHL009C,0,-0.21195993,0.07585139572620392,0.4895104765892029,0.5970597267150879
YBR180W,YDL201W,0,-0.21202037,0.07583965361118317,0.4895104765892029,0.597159743309021
YBL021C,YDL103C,0,-0.21209982,0.07582791894674301,0.4895104765892029,0.5972597002983093
YLR304C,YBR253W,0,-0.21220805,0.07581618428230286,0.4895104765892029,0.5973597168922424
YDR448W,YMR288W,0,-0.21222502,0.0758044570684433,0.4895104765892029,0.5974597334861755
YMR186W,YKL068W,1,-0.21224095,0.07594741135835648,0.4905094802379608,0.5974597334861755
YGL028C,YMR162C,0,-0.21231455,0.07593566179275513,0.4905094802379608,0.5975597500801086
YDR289C,YGR253C,0,-0.21235958,0.07592391967773438,0.4905094802379608,0.5976597666740417
YLR010C,YOR143C,0,-0.21240361,0.07591218501329422,0.4905094802379608,0.5977597832679749
YBR060C,YDR011W,0,-0.21242553,0.07590045034885406,0.4905094802379608,0.597859799861908
YDR143C,YOR065W,0,-0.21244961,0.07588871568441391,0.4905094802379608,0.5979598164558411
YLL062C,YAL025C,0,-0.21245134,0.07587698847055435,0.4905094802379608,0.5980598330497742
YJL110C,YIR010W,0,-0.21248105,0.07586526870727539,0.4905094802379608,0.5981597900390625
YMR244C-A,YPR151C,0,-0.2124882,0.07585354894399643,0.4905094802379608,0.5982598066329956
YDR380W,YIL171W,0,-0.21257639,0.07584182918071747,0.4905094802379608,0.5983598232269287
YBL008W,YMR309C,0,-0.21263057,0.0758301168680191,0.4905094802379608,0.5984598398208618
YER094C,YCR106W,0,-0.21264046,0.07581840455532074,0.4905094802379608,0.5985598564147949
YFL004W,YDR139C,0,-0.2126477,0.07580669969320297,0.4905094802379608,0.598659873008728
YNL270C,YOR110W,0,-0.21270205,0.0757949948310852,0.4905094802379608,0.5987598896026611
YNL293W,YBR056W,0,-0.21272093,0.07578329741954803,0.4905094802379608,0.5988599061965942
YJL045W,YIL129C,0,-0.21274906,0.07577160745859146,0.4905094802379608,0.5989599227905273
YDR171W,YJL140W,1,-0.21294422,0.07591421157121658,0.49150848388671875,0.5989599227905273
YEL019C,YHR070W,0,-0.21308169,0.07590249925851822,0.49150848388671875,0.5990598797798157
YML107C,YLR226W,0,-0.21311492,0.07589079439640045,0.49150848388671875,0.5991598963737488
YHR083W,YOR202W,0,-0.2132653,0.07587908953428268,0.49150848388671875,0.5992599129676819
YKR042W,YNR059W,0,-0.21349765,0.07586738467216492,0.49150848388671875,0.599359929561615
YGR006W,YFR040W,0,-0.21353164,0.07585568726062775,0.49150848388671875,0.5994599461555481
YDR127W,YKL049C,0,-0.21355453,0.07584399729967117,0.49150848388671875,0.5995599627494812
YMR083W,YJL052W,0,-0.21359196,0.0758323073387146,0.49150848388671875,0.5996599793434143
YJR159W,YMR322C,0,-0.21359468,0.07582061737775803,0.49150848388671875,0.5997599959373474
YLR215C,YLR333C,0,-0.21359831,0.07580893486738205,0.49150848388671875,0.5998600125312805
YPR032W,YPR156C,0,-0.21361226,0.07579725980758667,0.49150848388671875,0.5999599695205688
YHR019C,YPL280W,0,-0.21368937,0.07578558474779129,0.49150848388671875,0.600059986114502
YDR253C,YDR235W,0,-0.21374507,0.07577390968799591,0.49150848388671875,0.6001600027084351
YNR048W,YNL311C,0,-0.21386439,0.07576224207878113,0.49150848388671875,0.6002600193023682
YML026C,YJL019W,0,-0.21396717,0.07575057446956635,0.49150848388671875,0.6003600358963013
YJL197W,YLR008C,0,-0.21399702,0.07573891431093216,0.49150848388671875,0.6004600524902344
YFR041C,YBR272C,0,-0.21413776,0.07572726160287857,0.49150848388671875,0.6005600690841675
YDR046C,YDR534C,0,-0.21420445,0.07571560144424438,0.49150848388671875,0.6006600856781006
YIL150C,YER044C,0,-0.21444353,0.07570395618677139,0.49150848388671875,0.6007601022720337
YOL004W,YNL283C,1,-0.21448314,0.07584615051746368,0.4925074875354767,0.6007601022720337
YJL092W,YKL101W,0,-0.21454066,0.0758344903588295,0.4925074875354767,0.600860059261322
YLR364W,YMR024W,0,-0.21458663,0.07582282274961472,0.4925074875354767,0.6009600758552551
YML126C,YPR068C,0,-0.21461335,0.07581116259098053,0.4925074875354767,0.6010600924491882
YOR288C,YKL218C,0,-0.21461698,0.07579950988292694,0.4925074875354767,0.6011601090431213
YKR026C,YPL240C,1,-0.2146572,0.07594158500432968,0.4935064911842346,0.6011601090431213
YIR017C,YBR245C,0,-0.21466379,0.0759299099445343,0.4935064911842346,0.6012601256370544
YPR199C,YDR235W,0,-0.21466611,0.07591824233531952,0.4935064911842346,0.6013601422309875
YDL102W,YKL004W,0,-0.21466689,0.07590657472610474,0.4935064911842346,0.6014601588249207
YKL069W,YDL214C,0,-0.21466975,0.07589491456747055,0.4935064911842346,0.6015601754188538
YDL049C,YFR031C-A,0,-0.2146818,0.07588325440883636,0.4935064911842346,0.6016601920127869
YDR376W,YLR266C,0,-0.21475327,0.07587160170078278,0.4935064911842346,0.6017601490020752
YNL279W,YKL012W,0,-0.21478854,0.07585994899272919,0.4935064911842346,0.6018601655960083
YGR041W,YIL126W,0,-0.21482053,0.0758483037352562,0.4935064911842346,0.6019601821899414
YLR220W,YGR220C,0,-0.21492457,0.0758366584777832,0.4935064911842346,0.6020601987838745
YNL191W,YDR393W,0,-0.21502751,0.07582502067089081,0.4935064911842346,0.6021602153778076
YNL094W,YJL137C,0,-0.21515736,0.07581338286399841,0.4935064911842346,0.6022602319717407
YGL127C,YPR165W,0,-0.21520095,0.07580175250768661,0.4935064911842346,0.6023602485656738
YHL024W,YLR189C,0,-0.21524395,0.07579012215137482,0.4935064911842346,0.6024602651596069
YFL016C,YLR182W,1,-0.2152774,0.07593189179897308,0.49450549483299255,0.6024602651596069
YMR217W,YAL044C,0,-0.21535076,0.07592024654150009,0.49450549483299255,0.60256028175354
YGR135W,YCR035C,0,-0.21541503,0.0759086012840271,0.49450549483299255,0.6026602387428284
YBR054W,YNL063W,0,-0.21544932,0.0758969634771347,0.49450549483299255,0.6027602553367615
YHR171W,YHR117W,0,-0.21556252,0.07588532567024231,0.49450549483299255,0.6028602719306946
YJL026W,YCR071C,0,-0.21557018,0.07587369531393051,0.49450549483299255,0.6029602885246277
YOR090C,YHR072W,0,-0.2155887,0.07586207240819931,0.49450549483299255,0.6030603051185608
YGR128C,YMR022W,0,-0.21571858,0.07585044205188751,0.49450549483299255,0.6031603217124939
YMR230W,YAR003W,0,-0.21574937,0.07583882659673691,0.49450549483299255,0.603260338306427
YDR213W,YCR106W,0,-0.215859,0.0758272036910057,0.49450549483299255,0.6033603549003601
YKL071W,YOL044W,0,-0.21593508,0.0758155956864357,0.49450549483299255,0.6034603714942932
YLR010C,YEL020W-A,0,-0.21594466,0.0758039802312851,0.49450549483299255,0.6035603284835815
YLR246W,YIL119C,0,-0.21599114,0.07579237222671509,0.49450549483299255,0.6036603450775146
YPR058W,YHL003C,0,-0.2161473,0.07578077167272568,0.49450549483299255,0.6037603616714478
YAR071W,YLR135W,0,-0.21616362,0.07576917111873627,0.49450549483299255,0.6038603782653809
YDL239C,YHR216W,0,-0.2162838,0.07575757801532745,0.49450549483299255,0.603960394859314
YLL010C,YER107C,1,-0.21639937,0.07589900493621826,0.4955044984817505,0.603960394859314
YNR023W,YGR002C,0,-0.21663885,0.07588738948106766,0.4955044984817505,0.6040604114532471
YDR093W,YOR182C,0,-0.21669988,0.07587578147649765,0.4955044984817505,0.6041604280471802
YBR094W,YKL081W,0,-0.2167496,0.07586418092250824,0.4955044984817505,0.6042604446411133
YML104C,YMR189W,0,-0.21703108,0.07585258036851883,0.4955044984817505,0.6043604612350464
YFL025C,YDR532C,0,-0.21704254,0.07584097981452942,0.4955044984817505,0.6044604182243347
YER065C,YLR027C,0,-0.21705553,0.0758293867111206,0.4955044984817505,0.6045604348182678
YBR216C,YOR022C,0,-0.2170622,0.07581779360771179,0.4955044984817505,0.6046604514122009
YBR025C,YDR258C,1,-0.21709134,0.07595904171466827,0.4965035021305084,0.6046604514122009
YMR081C,YDR350C,0,-0.2171441,0.07594743371009827,0.4965035021305084,0.604760468006134
YPR008W,YIR013C,0,-0.21714626,0.07593582570552826,0.4965035021305084,0.6048604846000671
YOL009C,YPL175W,0,-0.21724555,0.07592422515153885,0.4965035021305084,0.6049605011940002
YPL010W,YHR167W,0,-0.21724986,0.07591263204813004,0.4965035021305084,0.6050605177879333
YIL034C,YER112W,0,-0.2173104,0.07590103894472122,0.4965035021305084,0.6051605343818665
YCR079W,YLR433C,0,-0.21732894,0.07588944584131241,0.4965035021305084,0.6052605509757996
YKL120W,YLR086W,0,-0.21736638,0.07587786018848419,0.4965035021305084,0.6053605079650879
YGR132C,YGL173C,0,-0.21739247,0.07586628198623657,0.4965035021305084,0.605460524559021
YDR441C,YJL035C,0,-0.21746318,0.07585470378398895,0.4965035021305084,0.6055605411529541
YDR155C,YDR506C,0,-0.21754064,0.07584312558174133,0.4965035021305084,0.6056605577468872
YDR040C,YML065W,0,-0.21754926,0.07583155483007431,0.4965035021305084,0.6057605743408203
YGR166W,YLR240W,0,-0.21758993,0.07581998407840729,0.4965035021305084,0.6058605909347534
YJL197W,YKL060C,0,-0.21760476,0.07580842077732086,0.4965035021305084,0.6059606075286865
YIR015W,YER082C,0,-0.21767575,0.07579685747623444,0.4965035021305084,0.6060606241226196
YMR303C,YPL045W,0,-0.21771012,0.07578530162572861,0.4965035021305084,0.6061606407165527
YNL233W,YDR540C,0,-0.21772367,0.07577374577522278,0.4965035021305084,0.6062605977058411
YOR070C,YGL167C,0,-0.21775016,0.07576219737529755,0.4965035021305084,0.6063606142997742
YDL230W,YBL014C,0,-0.21778396,0.07575064897537231,0.4965035021305084,0.6064606308937073
YDR171W,YLL026W,1,-0.2179139,0.07589149475097656,0.49750250577926636,0.6064606308937073
YCL027W,YDR407C,0,-0.21794957,0.07587993144989014,0.49750250577926636,0.6065606474876404
YLR116W,YNL310C,0,-0.2180405,0.07586837559938431,0.49750250577926636,0.6066606640815735
YDL122W,YGL257C,0,-0.21836102,0.07585681974887848,0.49750250577926636,0.6067606806755066
YMR282C,YEL065W,0,-0.218384,0.07584526389837265,0.49750250577926636,0.6068606972694397
YCR088W,YCR086W,0,-0.21844512,0.07583371549844742,0.49750250577926636,0.6069607138633728
YOR002W,YPL169C,0,-0.21855979,0.07582216709852219,0.49750250577926636,0.6070607304573059
YJR161C,YLR175W,0,-0.21865898,0.07581062614917755,0.49750250577926636,0.6071606874465942
YNL068C,YPL220W,0,-0.21868125,0.07579908519983292,0.49750250577926636,0.6072607040405273
YDL145C,YDR202C,0,-0.21879634,0.07578755170106888,0.49750250577926636,0.6073607206344604
YIL136W,YIR008C,0,-0.21885057,0.07577601820230484,0.49750250577926636,0.6074607372283936
YLR410W,YLR242C,0,-0.21885586,0.0757644921541214,0.49750250577926636,0.6075607538223267
YER062C,YNL316C,0,-0.21889018,0.07575296610593796,0.49750250577926636,0.6076607704162598
YLR010C,YKR042W,0,-0.21905997,0.07574144750833511,0.49750250577926636,0.6077607870101929
YPL006W,YBR097W,0,-0.21918567,0.07572992891073227,0.49750250577926636,0.607860803604126
YIL018W,YJL008C,0,-0.21918654,0.07571841031312943,0.49750250577926636,0.6079608201980591
YHR106W,YDL223C,0,-0.21920414,0.07570689916610718,0.49750250577926636,0.6080607771873474
YIL150C,YLR413W,0,-0.21920921,0.07569539546966553,0.49750250577926636,0.6081607937812805
YHL016C,YNL218W,0,-0.21925521,0.07568389177322388,0.49750250577926636,0.6082608103752136
YBR072W,YPL240C,1,-0.21927421,0.07582434266805649,0.4985015094280243,0.6082608103752136
YLR095C,YMR015C,0,-0.21931738,0.07581282407045364,0.4985015094280243,0.6083608269691467
YKL063C,YOR332W,0,-0.21932575,0.0758013054728508,0.4985015094280243,0.6084608435630798
YIL160C,YLR256W,0,-0.21932787,0.07578979432582855,0.4985015094280243,0.6085608601570129
YKR064W,YDL114W,0,-0.21934026,0.0757782831788063,0.4985015094280243,0.608660876750946
YBR083W,YOL052C-A,0,-0.2193444,0.07576677948236465,0.4985015094280243,0.6087608933448792
YGR017W,YGL006W,0,-0.21937704,0.075755275785923,0.4985015094280243,0.6088609099388123
YJR100C,YOR008C,1,-0.21948484,0.07589557021856308,0.4995005130767822,0.6088609099388123
YGR247W,YGR096W,0,-0.219524,0.07588405162096024,0.4995005130767822,0.6089608669281006
YDR447C,YPL001W,0,-0.2195472,0.07587253302335739,0.4995005130767822,0.6090608835220337
YNL053W,YOR070C,0,-0.21955419,0.07586102187633514,0.4995005130767822,0.6091609001159668
YLR038C,YBR164C,0,-0.21974993,0.0758495181798935,0.4995005130767822,0.6092609167098999
YGL049C,YFL034C-A,0,-0.21977282,0.07583800703287125,0.4995005130767822,0.609360933303833
YJL145W,YDR123C,0,-0.2198175,0.07582651078701019,0.4995005130767822,0.6094609498977661
YHR152W,YCL029C,0,-0.21983185,0.07581501454114914,0.4995005130767822,0.6095609664916992
YIR015W,YHR084W,0,-0.21997373,0.07580351829528809,0.4995005130767822,0.6096609830856323
YKL156W,YHR110W,0,-0.22004008,0.07579202950000763,0.4995005130767822,0.6097609996795654
YGL085W,YDR311W,0,-0.22005068,0.07578054070472717,0.4995005130767822,0.6098609566688538
YOR070C,YPR094W,0,-0.2200582,0.07576905936002731,0.4995005130767822,0.6099609732627869
YFR003C,YGL009C,0,-0.22006363,0.07575757801532745,0.4995005130767822,0.61006098985672
YBL105C,YHR092C,0,-0.22012578,0.0757460966706276,0.4995005130767822,0.6101610064506531
YDR363W-A,YLR064W,0,-0.22026335,0.07573462277650833,0.4995005130767822,0.6102610230445862
YGR103W,YML061C,0,-0.22040796,0.07572315633296967,0.4995005130767822,0.6103610396385193
YIR028W,YNL321W,0,-0.22041255,0.075711689889431,0.4995005130767822,0.6104610562324524
YCL031C,YBR203W,0,-0.22043657,0.07570022344589233,0.4995005130767822,0.6105610728263855
YER159C,YDL075W,0,-0.22047725,0.07568876445293427,0.4995005130767822,0.6106610894203186
YER102W,YBR149W,0,-0.22057289,0.0756773129105568,0.4995005130767822,0.6107610464096069
YJL196C,YNL054W,0,-0.22058082,0.07566586136817932,0.4995005130767822,0.61086106300354
YNL185C,YPL072W,0,-0.22063184,0.07565440982580185,0.4995005130767822,0.6109610795974731
YOR273C,YLR242C,0,-0.22068232,0.07564296573400497,0.4995005130767822,0.6110610961914062
YKR026C,YOR178C,1,-0.22071424,0.07578278332948685,0.5004994869232178,0.6110610961914062
YNR045W,YMR230W,0,-0.22077438,0.07577132433652878,0.5004994869232178,0.6111611127853394
YDR234W,YGR183C,0,-0.22085601,0.07575986534357071,0.5004994869232178,0.6112611293792725
YER048W-A,YDR150W,0,-0.2208837,0.07574841380119324,0.5004994869232178,0.6113611459732056
YOR095C,YOR389W,0,-0.22092083,0.07573696225881577,0.5004994869232178,0.6114611625671387
YHR101C,YNL213C,0,-0.22097684,0.0757255107164383,0.5004994869232178,0.6115611791610718
YLL018C-A,YDL210W,0,-0.22106156,0.07571406662464142,0.5004994869232178,0.6116611957550049
YDR117C,YML005W,0,-0.22109364,0.07570262998342514,0.5004994869232178,0.6117611527442932
YKR083C,YDR382W,0,-0.22116412,0.07569119334220886,0.5004994869232178,0.6118611693382263
YJR137C,YPR120C,0,-0.2211674,0.07567975670099258,0.5004994869232178,0.6119611859321594
YGR037C,YGR109C,0,-0.22118817,0.0756683275103569,0.5004994869232178,0.6120612025260925
YLR430W,YJR022W,0,-0.22121297,0.07565689831972122,0.5004994869232178,0.6121612191200256
YOR122C,YHR026W,0,-0.22125962,0.07564547657966614,0.5004994869232178,0.6122612357139587
YGL073W,YER159C,1,-0.22133848,0.07578502595424652,0.5014985203742981,0.6122612357139587
YML004C,YBL100W-A,0,-0.22139576,0.07577358186244965,0.5014985203742981,0.6123612523078918
YDL192W,YGL061C,0,-0.22143547,0.07576215267181396,0.5014985203742981,0.612461268901825
YNL007C,YBR126C,1,-0.22152518,0.07590161263942719,0.5024974942207336,0.612461268901825
YDR348C,YJR022W,0,-0.22162281,0.07589016109704971,0.5024974942207336,0.6125612854957581
YBR103W,YHR216W,0,-0.22164765,0.07587871700525284,0.5024974942207336,0.6126612424850464
YOR267C,YGL206C,0,-0.22166482,0.07586727291345596,0.5024974942207336,0.6127612590789795
YGR086C,YJR066W,1,-0.22166948,0.07600663602352142,0.503496527671814,0.6127612590789795
YLR014C,YJL058C,0,-0.22169624,0.07599517703056335,0.503496527671814,0.6128612756729126
YDR242W,YGL198W,0,-0.2217062,0.07598371803760529,0.503496527671814,0.6129612922668457
YNL289W,YPR192W,0,-0.22171874,0.07597226649522781,0.503496527671814,0.6130613088607788
YMR074C,YGL001C,0,-0.22174972,0.07596081495285034,0.503496527671814,0.6131613254547119
YKR096W,YPL170W,0,-0.22185606,0.07594936341047287,0.503496527671814,0.613261342048645
YGL022W,YJL093C,0,-0.22187312,0.07593792676925659,0.503496527671814,0.6133613586425781
YHR149C,YBL045C,0,-0.2219586,0.07592648267745972,0.503496527671814,0.6134613752365112
YHR139C,YPL091W,0,-0.22204489,0.07591504603624344,0.503496527671814,0.6135613322257996
YPL249C,YMR071C,0,-0.22208965,0.07590361684560776,0.503496527671814,0.6136613488197327
YLR131C,YMR262W,0,-0.222125,0.07589218765497208,0.503496527671814,0.6137613654136658
YJR073C,YGR172C,0,-0.2221402,0.0758807584643364,0.503496527671814,0.6138613820075989
YIR034C,YDR361C,0,-0.22216398,0.07586933672428131,0.503496527671814,0.613961398601532
YDR397C,YKL057C,1,-0.22230414,0.07600843161344528,0.5044955015182495,0.613961398601532
YNL173C,YHR094C,0,-0.22230741,0.07599698752164841,0.5044955015182495,0.6140614151954651
YJL025W,YHL038C,0,-0.22232717,0.07598555833101273,0.5044955015182495,0.6141614317893982
YLR347C,YMR230W,0,-0.22237319,0.07597412168979645,0.5044955015182495,0.6142614483833313
YBL045C,YLR083C,0,-0.22244197,0.07596269249916077,0.5044955015182495,0.6143614649772644
YBL021C,YHR184W,0,-0.22250159,0.07595127075910568,0.5044955015182495,0.6144614219665527
YNL268W,YJL159W,0,-0.22253987,0.0759398490190506,0.5044955015182495,0.6145614385604858
YDL159W,YHL025W,0,-0.22255427,0.07592843472957611,0.5044955015182495,0.614661455154419
YER094C,YBR036C,0,-0.22261475,0.07591702044010162,0.5044955015182495,0.614761471748352
YKL054C,YPL091W,0,-0.22265977,0.07590560615062714,0.5044955015182495,0.6148614883422852
YMR134W,YPL106C,0,-0.22269577,0.07589419931173325,0.5044955015182495,0.6149615049362183
YMR063W,YMR177W,0,-0.22271049,0.07588279247283936,0.5044955015182495,0.6150615215301514
YDR023W,YBR055C,0,-0.2228218,0.07587139308452606,0.5044955015182495,0.6151615381240845
YJL141C,YMR186W,1,-0.22296336,0.07601021230220795,0.5054945349693298,0.6151615381240845
YLR052W,YOL147C,0,-0.22309566,0.07599879801273346,0.5054945349693298,0.6152615547180176
YEL021W,YOL019W,0,-0.22313842,0.07598738372325897,0.5054945349693298,0.6153615117073059
YDR105C,YDL049C,0,-0.22318514,0.07597597688436508,0.5054945349693298,0.615461528301239
YIL153W,YLR054C,0,-0.22344221,0.07596457004547119,0.5054945349693298,0.6155615448951721
YOL049W,YKL099C,0,-0.22352272,0.0759531706571579,0.5054945349693298,0.6156615614891052
YCR037C,YDR265W,0,-0.22358252,0.0759417712688446,0.5054945349693298,0.6157615780830383
YHR172W,YLR100W,0,-0.22359644,0.07593037188053131,0.5054945349693298,0.6158615946769714
YOR043W,YGL073W,1,-0.22361754,0.07606901973485947,0.5064935088157654,0.6158615946769714
YDL092W,YHR184W,0,-0.2236229,0.07605760544538498,0.5064935088157654,0.6159616112709045
YBR132C,YER074W-A,0,-0.22364476,0.07604619860649109,0.5064935088157654,0.6160616278648376
YLR102C,YOL119C,0,-0.22367294,0.0760347917675972,0.5064935088157654,0.6161616444587708
YGL016W,YHR203C,0,-0.22368425,0.0760233923792839,0.5064935088157654,0.6162616014480591
YER133W,YNL123W,1,-0.22377774,0.07616192102432251,0.5074924826622009,0.6162616014480591
YHR161C,YLR116W,0,-0.22378467,0.07615049928426743,0.5074924826622009,0.6163616180419922
YBR280C,YHL008C,0,-0.22391164,0.07613909244537354,0.5074924826622009,0.6164616346359253
YJR132W,YML007W,0,-0.22393018,0.07612767815589905,0.5074924826622009,0.6165616512298584
YCR088W,YHR123W,0,-0.22397086,0.07611627131700516,0.5074924826622009,0.6166616678237915
YGL059W,YDR466W,0,-0.22398028,0.07610487192869186,0.5074924826622009,0.6167616844177246
YML059C,YMR156C,0,-0.22408414,0.07609347254037857,0.5074924826622009,0.6168617010116577
YDR107C,YLR414C,0,-0.22408612,0.07608207315206528,0.5074924826622009,0.6169617176055908
YDR533C,YNL065W,0,-0.22416809,0.07607068121433258,0.5074924826622009,0.6170617341995239
YGL246C,YOR081C,0,-0.22420336,0.07605928927659988,0.5074924826622009,0.6171616911888123
YDL052C,YGL251C,0,-0.22425619,0.07604790478944778,0.5074924826622009,0.6172617077827454
YJR136C,YKR082W,1,-0.22428292,0.07618620246648788,0.5084915161132812,0.6172617077827454
YML007W,YGL224C,0,-0.22430645,0.076174795627594,0.5084915161132812,0.6173617243766785
YDL100C,YBR126C,1,-0.22431171,0.07631303369998932,0.5094904899597168,0.6173617243766785
YMR067C,YPL003W,0,-0.22436893,0.07630161941051483,0.5094904899597168,0.6174617409706116
YLR071C,YGR234W,0,-0.22444034,0.07629020512104034,0.5094904899597168,0.6175617575645447
YOR127W,YHR027C,0,-0.22454476,0.07627879083156586,0.5094904899597168,0.6176617741584778
YPR173C,YLL036C,0,-0.22459856,0.07626738399267197,0.5094904899597168,0.6177617907524109
YLR352W,YPL068C,0,-0.22460097,0.07625597715377808,0.5094904899597168,0.617861807346344
YGR108W,YDR077W,0,-0.2246594,0.07624457776546478,0.5094904899597168,0.6179618239402771
YPL154C,YHR187W,0,-0.22466028,0.07623318582773209,0.5094904899597168,0.6180617809295654
YDR104C,YKL080W,0,-0.22469053,0.07622179388999939,0.5094904899597168,0.6181617975234985
YOR316C,YER114C,0,-0.22470967,0.0762104019522667,0.5094904899597168,0.6182618141174316
YDL065C,YML009C,0,-0.22471958,0.0761990174651146,0.5094904899597168,0.6183618307113647
YOR172W,YIL145C,0,-0.22481087,0.0761876329779625,0.5094904899597168,0.6184618473052979
YPR118W,YDR347W,0,-0.22491655,0.0761762484908104,0.5094904899597168,0.618561863899231
YIR028W,YOR178C,0,-0.22504085,0.07616487145423889,0.5094904899597168,0.6186618804931641
YLR362W,YMR277W,0,-0.22509347,0.07615350186824799,0.5094904899597168,0.6187618970870972
YNR048W,YML025C,0,-0.22509897,0.07614213228225708,0.5094904899597168,0.6188619136810303
YDR280W,YML001W,0,-0.2251145,0.07613076269626617,0.5094904899597168,0.6189618706703186
YHR139C,YLR361C,0,-0.2252306,0.07611940056085587,0.5094904899597168,0.6190618872642517
YOR272W,YBR254C,0,-0.22529253,0.07610804587602615,0.5094904899597168,0.6191619038581848
YNL039W,YJR016C,0,-0.22534493,0.07609669119119644,0.5094904899597168,0.6192619204521179
YDR519W,YHR190W,0,-0.22535285,0.07608533650636673,0.5094904899597168,0.619361937046051
YOR208W,YHR120W,0,-0.22537227,0.07607398927211761,0.5094904899597168,0.6194619536399841
YOL007C,YGR090W,0,-0.22550416,0.0760626420378685,0.5094904899597168,0.6195619702339172
YLR335W,YMR186W,1,-0.22554684,0.07620041817426682,0.5104895234107971,0.6195619702339172
YCL050C,YNL001W,0,-0.2256779,0.0761890560388565,0.5104895234107971,0.6196619868278503
YDR422C,YDR052C,0,-0.2257637,0.0761777013540268,0.5104895234107971,0.6197620034217834
YMR303C,YJR093C,0,-0.22578177,0.07616634666919708,0.5104895234107971,0.6198619604110718
YAR071W,YDR107C,0,-0.2257939,0.07615499198436737,0.5104895234107971,0.6199619770050049
YBR273C,YKL125W,0,-0.2258148,0.07614364475011826,0.5104895234107971,0.620061993598938
YCR081W,YEL038W,0,-0.22599326,0.07613229751586914,0.5104895234107971,0.6201620101928711
YMR251W-A,YMR149W,0,-0.22607493,0.07612095773220062,0.5104895234107971,0.6202620267868042
YER111C,YNL123W,1,-0.22608033,0.07625856250524521,0.5114884972572327,0.6202620267868042
YMR177W,YER011W,0,-0.2260823,0.0762472078204155,0.5114884972572327,0.6203620433807373
YBR244W,YJL050W,0,-0.22609288,0.07623585313558578,0.5114884972572327,0.6204620599746704
YJR100C,YJL140W,1,-0.22612655,0.0763733834028244,0.512487530708313,0.6204620599746704
YOL139C,YOR048C,0,-0.22614712,0.0763620138168335,0.512487530708313,0.6205620765686035
YLR277C,YER027C,0,-0.22615004,0.07635064423084259,0.512487530708313,0.6206620931625366
YPR186C,YDL006W,0,-0.22616038,0.07633928209543228,0.512487530708313,0.620762050151825
YOR231W,YGL123W,0,-0.22619236,0.07632792741060257,0.512487530708313,0.6208620667457581
YOL103W,YDR044W,0,-0.22622158,0.07631657272577286,0.512487530708313,0.6209620833396912
YNL162W,YLR340W,0,-0.22629495,0.07630521804094315,0.512487530708313,0.6210620999336243
YBL060W,YGL013C,0,-0.22631373,0.07629387080669403,0.512487530708313,0.6211621165275574
YGR205W,YBR033W,0,-0.2263411,0.07628253102302551,0.512487530708313,0.6212621331214905
YOR007C,YBR025C,1,-0.22636054,0.07641986012458801,0.5134865045547485,0.6212621331214905
YLR410W,YMR119W,0,-0.2265002,0.0764085054397583,0.5134865045547485,0.6213621497154236
YDR084C,YKL049C,0,-0.2265007,0.07639714330434799,0.5134865045547485,0.6214621663093567
YCL045C,YFR042W,0,-0.22652425,0.07638579607009888,0.5134865045547485,0.6215621829032898
YPR121W,YGR098C,0,-0.22652566,0.07637444138526917,0.5134865045547485,0.6216621398925781
YDR397C,YOR178C,1,-0.22655426,0.07651166617870331,0.5144855380058289,0.6216621398925781
YHR161C,YGL079W,0,-0.22655797,0.0765002965927124,0.5144855380058289,0.6217621564865112
YBR272C,YML131W,0,-0.22657335,0.0764889344573021,0.5144855380058289,0.6218621730804443
YER018C,YLR109W,0,-0.22657613,0.07647757977247238,0.5144855380058289,0.6219621896743774
YGR086C,YER159C,1,-0.22671138,0.07661470025777817,0.5154845118522644,0.6219621896743774
YIL154C,YLL023C,0,-0.22672908,0.07660332322120667,0.5154845118522644,0.6220622062683105
YGR272C,YBR212W,0,-0.22674972,0.07659195363521576,0.5154845118522644,0.6221622228622437
YDR054C,YMR134W,0,-0.2267771,0.07658058404922485,0.5154845118522644,0.6222622394561768
YBR046C,YIR003W,0,-0.22682819,0.07656922191381454,0.5154845118522644,0.6223622560501099
YPL033C,YLR166C,0,-0.22683674,0.07655785977840424,0.5154845118522644,0.622462272644043
YDR190C,YOL059W,0,-0.22685692,0.07654650509357452,0.5154845118522644,0.6225622296333313
YPL049C,YGR204W,0,-0.2268714,0.07653515040874481,0.5154845118522644,0.6226622462272644
YOL146W,YHR013C,0,-0.22695412,0.0765238031744957,0.5154845118522644,0.6227622628211975
YMR232W,YJL145W,0,-0.22697121,0.07651245594024658,0.5154845118522644,0.6228622794151306
YJL208C,YPL176C,0,-0.22699717,0.07650110870599747,0.5154845118522644,0.6229622960090637
YJR100C,YAR002W,1,-0.22712141,0.07663800567388535,0.5164835453033447,0.6229622960090637
YDR481C,YDL137W,0,-0.22716984,0.07662665098905563,0.5164835453033447,0.6230623126029968
YOL032W,YOL069W,0,-0.22719863,0.07661529630422592,0.5164835453033447,0.6231623291969299
YMR309C,YLR110C,0,-0.22724095,0.07660394161939621,0.5164835453033447,0.623262345790863
YER004W,YDR200C,0,-0.22724915,0.0765925943851471,0.5164835453033447,0.6233623623847961
YGL142C,YMR261C,0,-0.22728111,0.07658124715089798,0.5164835453033447,0.6234623193740845
YML008C,YEL054C,0,-0.22753936,0.07656990736722946,0.5164835453033447,0.6235623359680176
YGR263C,YER179W,0,-0.22759938,0.07655856758356094,0.5164835453033447,0.6236623525619507
YNR063W,YJL197W,0,-0.22764513,0.07654722779989243,0.5164835453033447,0.6237623691558838
YIR017C,YLR283W,0,-0.22770984,0.0765359029173851,0.5164835453033447,0.6238623857498169
YML007W,YNL283C,1,-0.2277444,0.07667258381843567,0.5174825191497803,0.6238623857498169
YGL167C,YGR208W,0,-0.22786236,0.07666123658418655,0.5174825191497803,0.62396240234375
YJR100C,YOR178C,1,-0.2279959,0.07679787278175354,0.5184814929962158,0.62396240234375
YBR104W,YBL097W,0,-0.22814241,0.07678650319576263,0.5184814929962158,0.6240624189376831
YDR268W,YNL293W,0,-0.22814725,0.07677514851093292,0.5184814929962158,0.6241624355316162
YOR132W,YLR154C,0,-0.22817239,0.07676379382610321,0.5184814929962158,0.6242624521255493
YDR022C,YBL019W,0,-0.22818005,0.0767524391412735,0.5184814929962158,0.6243624091148376
YIL144W,YNL119W,0,-0.22821355,0.07674109190702438,0.5184814929962158,0.6244624257087708
YBL057C,YJR059W,0,-0.22823076,0.07672974467277527,0.5184814929962158,0.6245624423027039
YDL160C,YBL067C,0,-0.22823985,0.07671840488910675,0.5184814929962158,0.624662458896637
YJR136C,YBR025C,1,-0.22825032,0.07685486227273941,0.5194805264472961,0.624662458896637
YKL021C,YNR027W,0,-0.22826691,0.0768435075879097,0.5194805264472961,0.6247624754905701
YBL023C,YNL323W,0,-0.22837822,0.07683215290307999,0.5194805264472961,0.6248624920845032
YJL162C,YML057W,0,-0.22839794,0.07682079821825027,0.5194805264472961,0.6249625086784363
YDR464W,YBR231C,0,-0.22841102,0.07680945098400116,0.5194805264472961,0.6250625252723694
YLR220W,YER048C,0,-0.22844283,0.07679811120033264,0.5194805264472961,0.6251625418663025
YIL018W,YDR267C,0,-0.22846124,0.07678677141666412,0.5194805264472961,0.6252624988555908
YOR210W,YDL080C,0,-0.22850837,0.0767754316329956,0.5194805264472961,0.6253625154495239
YDR500C,YML009C,0,-0.22854628,0.07676409929990768,0.5194805264472961,0.625462532043457
YNL133C,YCR105W,0,-0.22856253,0.07675276696681976,0.5194805264472961,0.6255625486373901
YFL005W,YJR105W,0,-0.22856924,0.07674144208431244,0.5194805264472961,0.6256625652313232
YOL032W,YDR400W,0,-0.22860962,0.07673011720180511,0.5194805264472961,0.6257625818252563
YJL026W,YHR171W,0,-0.22862086,0.07671879976987839,0.5194805264472961,0.6258625984191895
YBL045C,YGL195W,0,-0.22865525,0.07670748233795166,0.5194805264472961,0.6259626150131226
YOR022C,YPL012W,0,-0.22871771,0.07669616490602493,0.5194805264472961,0.6260626316070557
YNR011C,YJR135C,0,-0.22872229,0.0766848549246788,0.5194805264472961,0.626162588596344
YDR221W,YGL105W,0,-0.22884783,0.07667354494333267,0.5194805264472961,0.6262626051902771
YOR196C,YJR086W,0,-0.22884905,0.07666224241256714,0.5194805264472961,0.6263626217842102
YGR162W,YDR311W,0,-0.2288544,0.0766509398818016,0.5194805264472961,0.6264626383781433
YNR040W,YGL211W,0,-0.22893749,0.07663964480161667,0.5194805264472961,0.6265626549720764
YNL310C,YKR025W,0,-0.2289564,0.07662834972143173,0.5194805264472961,0.6266626715660095
YBR009C,YIL022W,0,-0.2290964,0.07661706209182739,0.5194805264472961,0.6267626881599426
YNL162W,YOR090C,0,-0.2291263,0.07660577446222305,0.5194805264472961,0.6268627047538757
YDL213C,YLR347C,0,-0.22917074,0.07659449428319931,0.5194805264472961,0.6269627213478088
YNL166C,YOL042W,0,-0.22917679,0.07658321410417557,0.5194805264472961,0.6270626783370972
YPL100W,YBL099W,0,-0.22927861,0.07657193392515182,0.5194805264472961,0.6271626949310303
YNL115C,YDR348C,0,-0.22932711,0.07656066119670868,0.5194805264472961,0.6272627115249634
YDR171W,YOL004W,1,-0.22933061,0.07669659703969955,0.5204795002937317,0.6272627115249634
YKR027W,YGR215W,0,-0.22939429,0.07668530941009521,0.5204795002937317,0.6273627281188965
YHR113W,YLR022C,0,-0.22941756,0.07667402178049088,0.5204795002937317,0.6274627447128296
YDL134C,YKR060W,0,-0.22953144,0.07666274160146713,0.5204795002937317,0.6275627613067627
YML015C,YKL051W,0,-0.22969176,0.07665146142244339,0.5204795002937317,0.6276627779006958
YGL063W,YOR214C,0,-0.22974032,0.07664018869400024,0.5204795002937317,0.6277627944946289
YOR073W,YOR319W,0,-0.22976527,0.0766289159655571,0.5204795002937317,0.627862811088562
YCR088W,YOR264W,0,-0.22980496,0.07661765068769455,0.5204795002937317,0.6279627680778503
YAL062W,YIL103W,0,-0.22981977,0.0766063779592514,0.5204795002937317,0.6280627846717834
YKL157W,YJL183W,0,-0.22991975,0.07659512013196945,0.5204795002937317,0.6281628012657166
YFL029C,YLL048C,0,-0.22998951,0.0765838623046875,0.5204795002937317,0.6282628178596497
YPL164C,YMR233W,0,-0.23000269,0.07657260447740555,0.5204795002937317,0.6283628344535828
YDR258C,YKR082W,1,-0.2300801,0.07670830190181732,0.521478533744812,0.6283628344535828
YJL072C,YPL016W,0,-0.23013803,0.07669702917337418,0.521478533744812,0.6284628510475159
YPL207W,YHR050W,0,-0.23016265,0.07668576389551163,0.521478533744812,0.628562867641449
YER026C,YDR085C,0,-0.23016357,0.07667449861764908,0.521478533744812,0.6286628842353821
YKL222C,YHR117W,0,-0.23016629,0.07666324079036713,0.521478533744812,0.6287629008293152
YDL092W,YJR035W,0,-0.23016946,0.07665198296308517,0.521478533744812,0.6288628578186035
YHL028W,YER159C,1,-0.23021056,0.0767875462770462,0.5224775075912476,0.6288628578186035
YPR034W,YHR122W,0,-0.23029491,0.07677627354860306,0.5224775075912476,0.6289628744125366
YDL180W,YJL123C,0,-0.23036054,0.07676500827074051,0.5224775075912476,0.6290628910064697
YGR086C,YKR082W,1,-0.23045892,0.07690049707889557,0.5234765410423279,0.6290628910064697
YLR017W,YMR044W,0,-0.23055221,0.07688921689987183,0.5234765410423279,0.6291629076004028
YJL026W,YDL223C,0,-0.2305728,0.07687793672084808,0.5234765410423279,0.6292629241943359
YOL156W,YOL006C,0,-0.23058237,0.07686665654182434,0.5234765410423279,0.629362940788269
YCR069W,YLR100W,0,-0.23062527,0.0768553838133812,0.5234765410423279,0.6294629573822021
YKR092C,YBR015C,0,-0.23070323,0.07684411108493805,0.5234765410423279,0.6295629739761353
YER107C,YDL116W,1,-0.23072374,0.07697947323322296,0.5244755148887634,0.6295629739761353
YNR069C,YPL097W,0,-0.23072651,0.07696818560361862,0.5244755148887634,0.6296629905700684
YOR019W,YNR032W,0,-0.23076905,0.07695690542459488,0.5244755148887634,0.6297629475593567
YKR104W,YHR088W,0,-0.23077168,0.07694562524557114,0.5244755148887634,0.6298629641532898
YPL031C,YPR181C,0,-0.23077372,0.07693435251712799,0.5244755148887634,0.6299629807472229
YOL115W,YIL027C,0,-0.23081705,0.07692307978868484,0.5244755148887634,0.630062997341156
YFL016C,YOR178C,1,-0.2310788,0.07705830782651901,0.5254745483398438,0.630062997341156
YHR076W,YDR206W,0,-0.23113795,0.07704702019691467,0.5254745483398438,0.6301630139350891
YBL040C,YGR096W,0,-0.23115572,0.07703573256731033,0.5254745483398438,0.6302630305290222
YPL161C,YOR320C,0,-0.23127308,0.07702445238828659,0.5254745483398438,0.6303630471229553
YNR071C,YDR311W,0,-0.2313378,0.07701317965984344,0.5254745483398438,0.6304630637168884
YLR186W,YML054C,0,-0.23134547,0.0770018994808197,0.5254745483398438,0.6305630803108215
YFR053C,YOR067C,0,-0.23134738,0.07699063420295715,0.5254745483398438,0.6306630373001099
YKL181W,YKR083C,0,-0.23135407,0.07697936147451401,0.5254745483398438,0.630763053894043
YML086C,YGL064C,0,-0.23142837,0.07696810364723206,0.5254745483398438,0.6308630704879761
YPR174C,YJL164C,0,-0.23154426,0.0769568383693695,0.5254745483398438,0.6309630870819092
YDR177W,YHR110W,0,-0.23154533,0.07694558054208755,0.5254745483398438,0.6310631036758423
YOR380W,YGL206C,0,-0.23157531,0.0769343301653862,0.5254745483398438,0.6311631202697754
YKL011C,YGL151W,0,-0.23158091,0.07692307978868484,0.5254745483398438,0.6312631368637085
YDR016C,YKL042W,0,-0.23161006,0.07691182941198349,0.5254745483398438,0.6313631534576416
YGL078C,YJL008C,0,-0.23161618,0.07690058648586273,0.5254745483398438,0.6314631700515747
YNL067W,YOL125W,0,-0.23171984,0.07688934355974197,0.5254745483398438,0.631563127040863
YGR220C,YFR009W,0,-0.2317211,0.07687810808420181,0.5254745483398438,0.6316631436347961
YDL100C,YFL033C,1,-0.23174596,0.07701300829648972,0.5264735221862793,0.6316631436347961
YDL236W,YDR177W,0,-0.23174933,0.07700175046920776,0.5264735221862793,0.6317631602287292
YLR320W,YGR234W,0,-0.23178813,0.076990507543087,0.5264735221862793,0.6318631768226624
YCL055W,YGR008C,0,-0.23179588,0.07697925716638565,0.5264735221862793,0.6319631934165955
YDR513W,YJR001W,0,-0.23189163,0.07696801424026489,0.5264735221862793,0.6320632100105286
YGR132C,YPR168W,0,-0.23189288,0.07695677876472473,0.5264735221862793,0.6321632266044617
YML077W,YER020W,0,-0.23192967,0.07694553583860397,0.5264735221862793,0.6322632431983948
YHR026W,YDL056W,0,-0.23201533,0.07693430781364441,0.5264735221862793,0.6323632597923279
YBL037W,YLR150W,0,-0.23212089,0.07692307978868484,0.5264735221862793,0.6324632167816162
YML126C,YML018C,0,-0.23217347,0.07691185176372528,0.5264735221862793,0.6325632333755493
YDR117C,YKR097W,0,-0.232193,0.07690062373876572,0.5264735221862793,0.6326632499694824
YCR036W,YOR192C,0,-0.23220693,0.07688941061496735,0.5264735221862793,0.6327632665634155
YGL250W,YBR058C,0,-0.23220775,0.07687819004058838,0.5264735221862793,0.6328632831573486
YER111C,YKL068W,1,-0.23223063,0.07701283693313599,0.5274725556373596,0.6328632831573486
YGL166W,YPL032C,0,-0.23228425,0.07700160145759583,0.5274725556373596,0.6329632997512817
YHR142W,YJR019C,0,-0.2322874,0.07699037343263626,0.5274725556373596,0.6330633163452148
YBR103W,YHR165C,0,-0.23242897,0.0769791528582573,0.5274725556373596,0.633163332939148
YCR088W,YOR073W,0,-0.23244739,0.07696793228387833,0.5274725556373596,0.633263349533081
YPR120C,YNL301C,0,-0.23271523,0.07695671170949936,0.5274725556373596,0.6333633661270142
YOR132W,YER033C,0,-0.23276456,0.07694549858570099,0.5274725556373596,0.6334633231163025
YPL084W,YCL064C,0,-0.23277572,0.07693428546190262,0.5274725556373596,0.6335633397102356
YGL250W,YNL132W,0,-0.23277734,0.07692307978868484,0.5274725556373596,0.6336633563041687
YPL057C,YHR201C,0,-0.23277968,0.07691187411546707,0.5274725556373596,0.6337633728981018
YNR045W,YBL088C,0,-0.23285086,0.0769006684422493,0.5274725556373596,0.6338633894920349
YMR026C,YFL022C,0,-0.23285532,0.07688947021961212,0.5274725556373596,0.633963406085968
YOL004W,YKL068W,1,-0.23289283,0.07702387869358063,0.5284715294837952,0.633963406085968
YFL033C,YLR335W,1,-0.23289521,0.07715824991464615,0.5294705033302307,0.633963406085968
YKL145W,YLR287C-A,0,-0.23293881,0.07714701443910599,0.5294705033302307,0.6340634226799011
YBR126C,YMR186W,1,-0.2330213,0.07728132605552673,0.530469536781311,0.6340634226799011
YNL049C,YEL060C,0,-0.23303209,0.07727008312940598,0.530469536781311,0.6341634392738342
YBR286W,YNR019W,0,-0.2330484,0.07725884020328522,0.530469536781311,0.6342634558677673
YML092C,YLR259C,0,-0.23307273,0.07724759727716446,0.530469536781311,0.6343634128570557
YOL128C,YDR298C,0,-0.23307797,0.0772363618016243,0.530469536781311,0.6344634294509888
YBL018C,YLR205C,0,-0.23308733,0.07722513377666473,0.530469536781311,0.6345634460449219
YGL191W,YEL021W,0,-0.23337893,0.07721389830112457,0.530469536781311,0.634663462638855
YIR034C,YML021C,0,-0.23343164,0.0772026777267456,0.530469536781311,0.6347634792327881
YDR022C,YOR319W,0,-0.2334437,0.07719144970178604,0.530469536781311,0.6348634958267212
YPL084W,YJL019W,0,-0.2335593,0.07718022912740707,0.530469536781311,0.6349635124206543
YMR223W,YER112W,0,-0.23357205,0.0771690160036087,0.530469536781311,0.6350635290145874
YBR188C,YBL017C,0,-0.23358165,0.07715780287981033,0.530469536781311,0.6351635456085205
YPR120C,YGR003W,0,-0.23358428,0.07714658975601196,0.530469536781311,0.6352635025978088
YNL097C,YDR397C,1,-0.23362143,0.07728064805269241,0.5314685106277466,0.6352635025978088
YHL016C,YPL085W,0,-0.23365441,0.07726942747831345,0.5314685106277466,0.6353635191917419
YDL143W,YPL006W,0,-0.23375072,0.07725820690393448,0.5314685106277466,0.635463535785675
YPL265W,YML106W,0,-0.23376837,0.07724698632955551,0.5314685106277466,0.6355635523796082
YPL020C,YMR231W,0,-0.23388922,0.07723577320575714,0.5314685106277466,0.6356635689735413
YOR149C,YOR066W,0,-0.23389852,0.07722456008195877,0.5314685106277466,0.6357635855674744
YGL192W,YML098W,0,-0.23405018,0.077213354408741,0.5314685106277466,0.6358636021614075
YJR145C,YCR003W,0,-0.23408762,0.07720214873552322,0.5314685106277466,0.6359636187553406
YPL019C,YOL076W,0,-0.2341505,0.07719094306230545,0.5314685106277466,0.6360636353492737
YPR175W,YDR194C,0,-0.2342717,0.07717974483966827,0.5314685106277466,0.636163592338562
YGL001C,YDL174C,0,-0.23428652,0.0771685540676117,0.5314685106277466,0.6362636089324951
YMR135C,YGL195W,0,-0.2343618,0.07715736329555511,0.5314685106277466,0.6363636255264282
YER124C,YDR155C,0,-0.23447546,0.07714617252349854,0.5314685106277466,0.6364636421203613
YGL123W,YGL257C,0,-0.23459218,0.07713498920202255,0.5314685106277466,0.6365636587142944
YER072W,YDR292C,0,-0.2346254,0.07712380588054657,0.5314685106277466,0.6366636753082275
YDR485C,YJL019W,0,-0.2347454,0.07711262255907059,0.5314685106277466,0.6367636919021606
YML103C,YMR186W,1,-0.23481575,0.07724637538194656,0.5324675440788269,0.6367636919021606
YHL003C,YEL046C,0,-0.23482873,0.07723518460988998,0.5324675440788269,0.6368637084960938
YIL084C,YKR026C,1,-0.23489225,0.07736887782812119,0.5334665179252625,0.6368637084960938
YLR242C,YBR112C,0,-0.23500346,0.07735767215490341,0.5334665179252625,0.6369637250900269
YDL214C,YGR192C,0,-0.23500346,0.07734646648168564,0.5334665179252625,0.6370636820793152
YKR026C,YLR182W,1,-0.23503837,0.07748008519411087,0.5344655513763428,0.6370636820793152
YER113C,YDR085C,0,-0.23510617,0.0774688646197319,0.5344655513763428,0.6371636986732483
YLL031C,YDR194C,0,-0.23511976,0.07745765149593353,0.5344655513763428,0.6372637152671814
YDL147W,YBL101C,0,-0.23512715,0.07744643837213516,0.5344655513763428,0.6373637318611145
YPR120C,YGR188C,0,-0.23514517,0.07743523269891739,0.5344655513763428,0.6374637484550476
YLR297W,YDR266C,0,-0.23520736,0.07742401957511902,0.5344655513763428,0.6375637650489807
YDR117C,YER082C,0,-0.23521915,0.07741282135248184,0.5344655513763428,0.6376637816429138
YBR204C,YCR089W,0,-0.23524573,0.07740162312984467,0.5344655513763428,0.6377637982368469
YCL038C,YOL100W,0,-0.23525041,0.07739042490720749,0.5344655513763428,0.63786381483078
YDR027C,YGL032C,0,-0.23528366,0.07737923413515091,0.5344655513763428,0.6379637718200684
YGR189C,YHL009C,0,-0.23542003,0.07736804336309433,0.5344655513763428,0.6380637884140015
YNR052C,YHL013C,0,-0.23542388,0.07735685259103775,0.5344655513763428,0.6381638050079346
YDL098C,YGR062C,0,-0.23554993,0.07734566926956177,0.5344655513763428,0.6382638216018677
YKL028W,YBR079C,0,-0.23557016,0.07733449339866638,0.5344655513763428,0.6383638381958008
YLL010C,YDR397C,1,-0.23558496,0.07746784389019012,0.5354645252227783,0.6383638381958008
YDR087C,YDR318W,0,-0.23558974,0.07745664566755295,0.5354645252227783,0.6384638547897339
YIL098C,YOL138C,0,-0.23583564,0.07744545489549637,0.5354645252227783,0.638563871383667
YNL097C,YOR008C,1,-0.23584493,0.07757873088121414,0.5364635586738586,0.638563871383667
YJL003W,YFL022C,0,-0.23592892,0.07756752520799637,0.5364635586738586,0.6386638879776001
YPL265W,YLL039C,0,-0.23596433,0.07755632698535919,0.5364635586738586,0.6387639045715332
YLR347C,YGL135W,0,-0.2359649,0.07754512876272202,0.5364635586738586,0.6388638615608215
YDR217C,YMR192W,0,-0.23601337,0.07753393054008484,0.5364635586738586,0.6389638781547546
YNL054W,YMR167W,0,-0.23602965,0.07752273976802826,0.5364635586738586,0.6390638947486877
YAL015C,YDR214W,0,-0.236037,0.07751154899597168,0.5364635586738586,0.6391639113426208
YGR090W,YNL071W,0,-0.23604846,0.0775003582239151,0.5364635586738586,0.639263927936554
YPL266W,YGL003C,0,-0.23607641,0.07748917490243912,0.5364635586738586,0.6393639445304871
YGR193C,YOR048C,0,-0.236132,0.07747799903154373,0.5364635586738586,0.6394639611244202
YOL130W,YDR228C,0,-0.2361454,0.07746682316064835,0.5364635586738586,0.6395639777183533
YNL247W,YHR079C-A,0,-0.23618573,0.07745564728975296,0.5364635586738586,0.6396639943122864
YMR022W,YBR044C,0,-0.23618636,0.07744447886943817,0.5364635586738586,0.6397639513015747
YCR097W,YML021C,0,-0.23620641,0.07743331044912338,0.5364635586738586,0.6398639678955078
YOL088C,YKL137W,0,-0.23624322,0.0774221420288086,0.5364635586738586,0.6399639844894409
YDL014W,YOR103C,0,-0.23627037,0.0774109810590744,0.5364635586738586,0.640064001083374
YIL044C,YEL026W,0,-0.23628482,0.0773998275399208,0.5364635586738586,0.6401640176773071
YER005W,YDR101C,0,-0.23631425,0.07738867402076721,0.5364635586738586,0.6402640342712402
YBR258C,YPL242C,0,-0.23633778,0.07737752050161362,0.5364635586738586,0.6403640508651733
YGL201C,YKL120W,0,-0.23638882,0.07736637443304062,0.5364635586738586,0.6404640674591064
YJL165C,YGR280C,0,-0.23641478,0.07735522836446762,0.5364635586738586,0.6405640840530396
YOR259C,YDR427W,0,-0.23645246,0.07734408974647522,0.5364635586738586,0.6406640410423279
YBR286W,YGR235C,0,-0.2365413,0.07733295112848282,0.5364635586738586,0.640764057636261
YGR244C,YDR326C,0,-0.23657131,0.07732181251049042,0.5364635586738586,0.6408640742301941
YMR280C,YML069W,0,-0.23658024,0.07731068134307861,0.5364635586738586,0.6409640908241272
YMR045C,YML092C,0,-0.23660272,0.07729955017566681,0.5364635586738586,0.6410641074180603
YOR002W,YDL119C,0,-0.23660904,0.0772884264588356,0.5364635586738586,0.6411641240119934
YHR160C,YPL095C,0,-0.23676737,0.0772773027420044,0.5364635586738586,0.6412641406059265
YHR067W,YCR045C,0,-0.23687203,0.07726618647575378,0.5364635586738586,0.6413641571998596
YNL069C,YJR059W,0,-0.2368919,0.07725507020950317,0.5364635586738586,0.6414641737937927
YOR124C,YER111C,0,-0.23692387,0.07724396139383316,0.5364635586738586,0.641564130783081
YOR231W,YOR383C,0,-0.23695293,0.07723285257816315,0.5364635586738586,0.6416641473770142
YOR384W,YOR172W,0,-0.23696296,0.07722174376249313,0.5364635586738586,0.6417641639709473
YEL038W,YCL020W,0,-0.23696819,0.07721064239740372,0.5364635586738586,0.6418641805648804
YDR430C,YBR056W,0,-0.237029,0.0771995410323143,0.5364635586738586,0.6419641971588135
YGL027C,YGL187C,0,-0.2370505,0.07718843966722488,0.5364635586738586,0.6420642137527466
YAR071W,YBR171W,0,-0.23706321,0.07717735320329666,0.5364635586738586,0.6421642303466797
YCR016W,YJL076W,0,-0.2371217,0.07716625928878784,0.5364635586738586,0.6422642469406128
YPL033C,YER083C,0,-0.23717782,0.07715517282485962,0.5364635586738586,0.6423642635345459
YNL007C,YBR025C,1,-0.2373537,0.07728774845600128,0.5374625325202942,0.6423642635345459
YER111C,YOR008C,1,-0.2373667,0.07742027938365936,0.5384615659713745,0.6423642635345459
YLR067C,YDR084C,0,-0.23738497,0.07740916311740875,0.5384615659713745,0.6424642205238342
YHR149C,YHR039C,0,-0.23741645,0.07739804685115814,0.5384615659713745,0.6425642371177673
YMR060C,YBR171W,0,-0.23745589,0.07738693803548813,0.5384615659713745,0.6426642537117004
YAR019C,YDL134C,0,-0.23747554,0.07737582176923752,0.5384615659713745,0.6427642703056335
YNL097C,YIL084C,1,-0.23750654,0.07750825583934784,0.5394605398178101,0.6427642703056335
YDR040C,YGR254W,0,-0.23754965,0.07749713212251663,0.5394605398178101,0.6428642868995667
YPR022C,YNL323W,0,-0.23778798,0.07748600840568542,0.5394605398178101,0.6429643034934998
YMR263W,YMR037C,1,-0.23794252,0.07761836796998978,0.5404595136642456,0.6429643034934998
YOL072W,YHL025W,0,-0.23802942,0.07760722935199738,0.5404595136642456,0.6430643200874329
YGR090W,YNL049C,0,-0.23803169,0.07759609818458557,0.5404595136642456,0.643164336681366
YGR037C,YLR139C,0,-0.23804572,0.07758496701717377,0.5404595136642456,0.6432643532752991
YLR352W,YAL061W,0,-0.23810652,0.07757384330034256,0.5404595136642456,0.6433643102645874
YDR320C,YBL099W,0,-0.23811182,0.07756272703409195,0.5404595136642456,0.6434643268585205
YGL073W,YOL103W,0,-0.2381295,0.07755160331726074,0.5404595136642456,0.6435643434524536
YBR203W,YPR164W,0,-0.23814096,0.07754048705101013,0.5404595136642456,0.6436643600463867
YER139C,YMR306W,0,-0.23819129,0.07752937823534012,0.5404595136642456,0.6437643766403198
YOR129C,YGR004W,0,-0.2382292,0.0775182694196701,0.5404595136642456,0.6438643932342529
YGL246C,YNL185C,0,-0.23833674,0.07750716060400009,0.5404595136642456,0.643964409828186
YNL315C,YMR205C,0,-0.23838751,0.07749605923891068,0.5404595136642456,0.6440644264221191
YGR038W,YLR085C,0,-0.23839615,0.07748495787382126,0.5404595136642456,0.6441644430160522
YJR060W,YBR166C,0,-0.23851365,0.07747386395931244,0.5404595136642456,0.6442644000053406
YNL035C,YGR206W,0,-0.23852511,0.07746277004480362,0.5404595136642456,0.6443644165992737
YFL053W,YGL257C,0,-0.23856537,0.0774516835808754,0.5404595136642456,0.6444644331932068
YDL220C,YPL187W,0,-0.23861569,0.07744059711694717,0.5404595136642456,0.6445644497871399
YPL265W,YDL184C,0,-0.23867086,0.07742951065301895,0.5404595136642456,0.644664466381073
YHR098C,YKL183W,0,-0.23870331,0.07741843163967133,0.5404595136642456,0.6447644829750061
YMR048W,YOR322C,0,-0.23875965,0.0774073526263237,0.5404595136642456,0.6448644995689392
YBR123C,YOR356W,0,-0.23880583,0.07739628106355667,0.5404595136642456,0.6449645161628723
YDR242W,YOR193W,0,-0.23883216,0.07738520950078964,0.5404595136642456,0.6450645327568054
YAL015C,YFL049W,0,-0.23885919,0.07737414538860321,0.5404595136642456,0.6451644897460938
YDR171W,YMR037C,1,-0.2389338,0.07750608026981354,0.5414585471153259,0.6451644897460938
YDR007W,YKL077W,0,-0.23894468,0.07749499380588531,0.5414585471153259,0.6452645063400269
YJR073C,YGL208W,0,-0.23899458,0.07748391479253769,0.5414585471153259,0.64536452293396
YGR257C,YDL060W,0,-0.23903395,0.07747284322977066,0.5414585471153259,0.6454645395278931
YDR186C,YER099C,0,-0.23919295,0.07746177166700363,0.5414585471153259,0.6455645561218262
YDR293C,YLR373C,0,-0.23922148,0.0774507001042366,0.5414585471153259,0.6456645727157593
YHR092C,YDR440W,0,-0.23922685,0.07743963599205017,0.5414585471153259,0.6457645893096924
YER081W,YIL049W,0,-0.2392781,0.07742857187986374,0.5414585471153259,0.6458646059036255
YJL106W,YLL022C,0,-0.23927844,0.0774175152182579,0.5414585471153259,0.6459646224975586
YDR386W,YML129C,0,-0.23938116,0.07740645855665207,0.5414585471153259,0.6460645794868469
YFL033C,YDR397C,1,-0.23940277,0.07753819972276688,0.5424575209617615,0.6460645794868469
YKL114C,YHL020C,0,-0.2395472,0.07752712815999985,0.5424575209617615,0.64616459608078
YIL096C,YIL103W,0,-0.23957612,0.07751605659723282,0.5424575209617615,0.6462646126747131
YGR096W,YLR384C,0,-0.23959701,0.07750499248504639,0.5424575209617615,0.6463646292686462
YNL286W,YMR264W,0,-0.23967578,0.07749393582344055,0.5424575209617615,0.6464646458625793
YOL095C,YMR043W,0,-0.23970117,0.07748287916183472,0.5424575209617615,0.6465646624565125
YBR101C,YAL053W,0,-0.23985039,0.07747182250022888,0.5424575209617615,0.6466646790504456
YMR052W,YEL077C,0,-0.2398901,0.07746077328920364,0.5424575209617615,0.6467646956443787
YNL286W,YGR083C,0,-0.23992911,0.0774497240781784,0.5424575209617615,0.6468647122383118
YPL152W,YOL089C,0,-0.23998214,0.07743867486715317,0.5424575209617615,0.6469646692276001
YOR119C,YCR028C,0,-0.24005663,0.07742763310670853,0.5424575209617615,0.6470646858215332
YBR098W,YBL005W,0,-0.24008003,0.07741659879684448,0.5424575209617615,0.6471647024154663
YOL060C,YHR034C,0,-0.24012423,0.07740555703639984,0.5424575209617615,0.6472647190093994
YBL037W,YBR139W,0,-0.24012741,0.0773945301771164,0.5424575209617615,0.6473647356033325
YIR021W,YNL216W,0,-0.24017023,0.07738349586725235,0.5424575209617615,0.6474647521972656
YHR158C,YMR312W,0,-0.24018559,0.0773724690079689,0.5424575209617615,0.6475647687911987
YOL004W,YBR025C,1,-0.24021967,0.07750391960144043,0.5434565544128418,0.6475647687911987
YNL097C,YLR019W,1,-0.24043655,0.07763532549142838,0.5444555282592773,0.6475647687911987
YDR171W,YKL068W,1,-0.24047641,0.07776670157909393,0.5454545617103577,0.6475647687911987
YJL167W,YCR010C,0,-0.24051717,0.07775562256574631,0.5454545617103577,0.6476647853851318
YHR063C,YER078C,0,-0.24057057,0.07774455100297928,0.5454545617103577,0.6477648019790649
YGR040W,YCL027W,0,-0.24059898,0.07773348689079285,0.5454545617103577,0.6478647589683533
YBL038W,YGL255W,0,-0.24067935,0.07772242277860641,0.5454545617103577,0.6479647755622864
YBL106C,YBR296C,0,-0.24068667,0.07771135866641998,0.5454545617103577,0.6480647921562195
YDR436W,YLL009C,0,-0.24076587,0.07770030200481415,0.5454545617103577,0.6481648087501526
YKR013W,YMR233W,0,-0.24079125,0.07768924534320831,0.5454545617103577,0.6482648253440857
YFL033C,YJR066W,1,-0.24080881,0.07782045751810074,0.5464535355567932,0.6482648253440857
YGL079W,YJL056C,0,-0.24085192,0.07780938595533371,0.5464535355567932,0.6483648419380188
YMR184W,YOR259C,0,-0.24088717,0.07779832184314728,0.5464535355567932,0.6484648585319519
YDR299W,YBR094W,0,-0.24093275,0.07778725773096085,0.5464535355567932,0.648564875125885
YMR029C,YOL055C,0,-0.241075,0.07777620106935501,0.5464535355567932,0.6486648917198181
YOR110W,YJL001W,0,-0.24112809,0.07776514440774918,0.5464535355567932,0.6487648487091064
YCL067C,YNL218W,0,-0.24119133,0.07775408774614334,0.5464535355567932,0.6488648653030396
YNL227C,YOR007C,0,-0.2412909,0.0777430385351181,0.5464535355567932,0.6489648818969727
YOR272W,YKL109W,0,-0.24139677,0.07773198932409286,0.5464535355567932,0.6490648984909058
YBR009C,YLR066W,0,-0.24146031,0.07772094011306763,0.5464535355567932,0.6491649150848389
YBR121C,YPR141C,0,-0.24163753,0.07770989835262299,0.5464535355567932,0.649264931678772
YBL071W-A,YDL122W,0,-0.2416718,0.07769886404275894,0.5464535355567932,0.6493649482727051
YDR176W,YIL131C,0,-0.24170901,0.0776878297328949,0.5464535355567932,0.6494649648666382
YNL227C,YMR098C,0,-0.24172018,0.07767679542303085,0.5464535355567932,0.6495649814605713
YBR126C,YBR025C,1,-0.24172959,0.07780775427818298,0.5474525690078735,0.6495649814605713
YOR336W,YOR391C,0,-0.24175669,0.07779670506715775,0.5474525690078735,0.6496649384498596
YFR004W,YPL049C,0,-0.24184161,0.0777856633067131,0.5474525690078735,0.6497649550437927
YHL032C,YOR151C,0,-0.2419334,0.07777462154626846,0.5474525690078735,0.6498649716377258
YDR101C,YIR023W,0,-0.24195808,0.07776358723640442,0.5474525690078735,0.6499649882316589
YBR212W,YFL041W,0,-0.24198261,0.07775255292654037,0.5474525690078735,0.650065004825592
YMR293C,YBR198C,0,-0.24200383,0.07774152606725693,0.5474525690078735,0.6501650214195251
YMR106C,YFL044C,0,-0.24201925,0.07773049920797348,0.5474525690078735,0.6502650380134583
YNL059C,YDL087C,0,-0.24203628,0.07771947234869003,0.5474525690078735,0.6503650546073914
YFL062W,YJR139C,0,-0.24212825,0.07770845293998718,0.5474525690078735,0.6504650712013245
YCR047C,YGL017W,0,-0.2421871,0.07769743353128433,0.5474525690078735,0.6505650281906128
YBR162W-A,YMR313C,0,-0.24242462,0.07768642157316208,0.5474525690078735,0.6506650447845459
YNL020C,YDL150W,0,-0.24244504,0.07767540961503983,0.5474525690078735,0.650765061378479
YPL156C,YOL137W,0,-0.24244618,0.07766439765691757,0.5474525690078735,0.6508650779724121
YDR258C,YLR192C,0,-0.2424874,0.07765339314937592,0.5474525690078735,0.6509650945663452
YGR055W,YBR283C,0,-0.24254635,0.07764238864183426,0.5474525690078735,0.6510651111602783
YLR266C,YEL020C,0,-0.24256039,0.0776313915848732,0.5474525690078735,0.6511651277542114
YDR192C,YMR186W,1,-0.24260217,0.07776203751564026,0.5484515428543091,0.6511651277542114
YNL263C,YOR065W,0,-0.24277203,0.077751025557518,0.5484515428543091,0.6512651443481445
YPR055W,YOL023W,0,-0.24277328,0.07774001359939575,0.5484515428543091,0.6513651609420776
YJR100C,YOR007C,1,-0.2429226,0.07787059247493744,0.5494505763053894,0.6513651609420776
YDL134C,YEL002C,0,-0.242926,0.07785957306623459,0.5494505763053894,0.651465117931366
YLR059C,YNL308C,0,-0.24312413,0.07784854620695114,0.5494505763053894,0.6515651345252991
YKL018W,YLR011W,0,-0.24316299,0.07783753424882889,0.5494505763053894,0.6516651511192322
YNL283C,YLR182W,1,-0.24317649,0.07796802371740341,0.550449550151825,0.6516651511192322
YKR098C,YLR426W,0,-0.24318969,0.07795698940753937,0.550449550151825,0.6517651677131653
YJR100C,YLR335W,1,-0.24331386,0.07808742672204971,0.5514485239982605,0.6517651677131653
YLR333C,YJR066W,0,-0.24344838,0.07807637751102448,0.5514485239982605,0.6518651843070984
YAL032C,YBR136W,0,-0.24349701,0.07806533575057983,0.5514485239982605,0.6519652009010315
YIL173W,YBR267W,0,-0.24351643,0.07805430144071579,0.5514485239982605,0.6520652174949646
YLR266C,YPL179W,0,-0.24357428,0.07804325968027115,0.5514485239982605,0.6521652340888977
YNL088W,YCR096C,0,-0.24367076,0.0780322328209877,0.5514485239982605,0.6522652506828308
YDL161W,YLR377C,0,-0.24368733,0.07802119851112366,0.5514485239982605,0.6523652076721191
YPL060W,YFL052W,0,-0.2437492,0.07801017165184021,0.5514485239982605,0.6524652242660522
YDR142C,YBL074C,0,-0.24377412,0.07799915224313736,0.5514485239982605,0.6525652408599854
YKR059W,YNL280C,0,-0.2438766,0.07798813283443451,0.5514485239982605,0.6526652574539185
YMR163C,YIL131C,0,-0.24388915,0.07797711342573166,0.5514485239982605,0.6527652740478516
YBL023C,YDR307W,0,-0.24392065,0.0779661014676094,0.5514485239982605,0.6528652906417847
YKL157W,YLR055C,0,-0.24398951,0.07795508950948715,0.5514485239982605,0.6529653072357178
YPL178W,YOL008W,0,-0.24404368,0.0779440850019455,0.5514485239982605,0.6530653238296509
YOR354C,YLR399C,0,-0.24411014,0.07793308049440384,0.5514485239982605,0.653165340423584
YPL255W,YHL031C,0,-0.24414332,0.07792207598686218,0.5514485239982605,0.6532652974128723
YJR013W,YOR290C,0,-0.24415657,0.07791107892990112,0.5514485239982605,0.6533653140068054
YLR284C,YLR175W,0,-0.24418545,0.07790008187294006,0.5514485239982605,0.6534653306007385
YDR308C,YBL054W,0,-0.24419296,0.0778890922665596,0.5514485239982605,0.6535653471946716
YOR044W,YCL051W,0,-0.24431641,0.07787810266017914,0.5514485239982605,0.6536653637886047
YER109C,YBR236C,0,-0.24433994,0.07786712050437927,0.5514485239982605,0.6537653803825378
YDR189W,YIR035C,0,-0.24438894,0.0778561383485794,0.5514485239982605,0.653865396976471
YBR132C,YFR042W,0,-0.24440035,0.07784515619277954,0.5514485239982605,0.653965413570404
YER072W,YPL001W,0,-0.24443422,0.07783418148756027,0.5514485239982605,0.6540654301643372
YGL157W,YLR066W,0,-0.24458921,0.077823206782341,0.5514485239982605,0.6541653871536255
YOR002W,YBR186W,0,-0.2445903,0.07781223207712173,0.5514485239982605,0.6542654037475586
YNL283C,YPL240C,1,-0.24459982,0.07794221490621567,0.5524475574493408,0.6542654037475586
YDL145C,YDR182W,0,-0.24461177,0.0779312252998352,0.5524475574493408,0.6543654203414917
YOR177C,YIR013C,0,-0.2446358,0.07792025059461594,0.5524475574493408,0.6544654369354248
YLR284C,YDR073W,0,-0.24466127,0.07790926843881607,0.5524475574493408,0.6545654535293579
YDR507C,YOR359W,0,-0.24474488,0.0778982937335968,0.5524475574493408,0.654665470123291
YDL064W,YCR042C,0,-0.2448975,0.07788732647895813,0.5524475574493408,0.6547654867172241
YGR046W,YOR332W,0,-0.24498294,0.07787635177373886,0.5524475574493408,0.6548655033111572
YBR084W,YMR043W,0,-0.24501249,0.07786539196968079,0.5524475574493408,0.6549655199050903
YLR368W,YJR064W,0,-0.24507177,0.07785442471504211,0.5524475574493408,0.6550654768943787
YKR026C,YOL004W,1,-0.24510725,0.07798423618078232,0.5534465312957764,0.6550654768943787
YGL064C,YDR006C,0,-0.24511555,0.07797326147556305,0.5534465312957764,0.6551654934883118
YPL089C,YNL272C,0,-0.24513525,0.07796228677034378,0.5534465312957764,0.6552655100822449
YMR192W,YMR017W,0,-0.24514017,0.07795131206512451,0.5534465312957764,0.655365526676178
YPR145W,YPR063C,0,-0.24519107,0.07794035226106644,0.5534465312957764,0.6554655432701111
YFR004W,YOL095C,0,-0.24529406,0.07792938500642776,0.5534465312957764,0.6555655598640442
YLR293C,YER020W,0,-0.2453602,0.07791842520236969,0.5534465312957764,0.6556655764579773
YKL221W,YGL227W,0,-0.24541013,0.07790746539831161,0.5534465312957764,0.6557655930519104
YIL098C,YDR219C,0,-0.245433,0.07789651304483414,0.5534465312957764,0.6558656096458435
YPR005C,YHR202W,0,-0.24556348,0.07788556069135666,0.5534465312957764,0.6559656262397766
YNL072W,YLR139C,0,-0.24556415,0.07787461578845978,0.5534465312957764,0.6560655832290649
YDR143C,YGR154C,0,-0.2455944,0.0778636708855629,0.5534465312957764,0.656165599822998
YGL192W,YMR237W,0,-0.24569471,0.07785272598266602,0.5534465312957764,0.6562656164169312
YDR176W,YGR106C,0,-0.2457948,0.07784178853034973,0.5534465312957764,0.6563656330108643
YHR098C,YLR424W,0,-0.24585992,0.07783085107803345,0.5534465312957764,0.6564656496047974
YLR010C,YDL160C,0,-0.2458826,0.07781992107629776,0.5534465312957764,0.6565656661987305
YDL127W,YKR090W,0,-0.24602786,0.07780899107456207,0.5534465312957764,0.6566656827926636
YGL184C,YFL047W,0,-0.2460514,0.07779806107282639,0.5534465312957764,0.6567656993865967
YHR001W-A,YPL023C,0,-0.24620984,0.0777871385216713,0.5534465312957764,0.6568657159805298
YJR100C,YJR136C,1,-0.24622783,0.07791660726070404,0.5544455647468567,0.6568657159805298
YBR212W,YMR190C,0,-0.2462473,0.07790566980838776,0.5544455647468567,0.6569656729698181
YMR220W,YGR194C,0,-0.24625146,0.07789473980665207,0.5544455647468567,0.6570656895637512
YCL061C,YPL157W,0,-0.24628934,0.07788380235433578,0.5544455647468567,0.6571657061576843
YNL283C,YOL053C-A,1,-0.24634269,0.07801318913698196,0.5554445385932922,0.6571657061576843
YDR130C,YPR032W,0,-0.24637368,0.07800224423408508,0.5554445385932922,0.6572657227516174
YDR361C,YDL066W,0,-0.24641964,0.0779913067817688,0.5554445385932922,0.6573657393455505
YKR037C,YDR359C,0,-0.24650419,0.07798036187887192,0.5554445385932922,0.6574657559394836
YNL275W,YHR076W,0,-0.24651904,0.07796943187713623,0.5554445385932922,0.6575657725334167
YMR135C,YML067C,0,-0.24655488,0.07795849442481995,0.5554445385932922,0.6576657891273499
YCL055W,YDL209C,0,-0.24657165,0.07794756442308426,0.5554445385932922,0.657765805721283
YOL094C,YDR484W,0,-0.2465724,0.07793664187192917,0.5554445385932922,0.6578657627105713
YNL103W,YML121W,0,-0.24666975,0.07792571932077408,0.5554445385932922,0.6579657793045044
YOL009C,YNL154C,0,-0.24671243,0.07791479676961899,0.5554445385932922,0.6580657958984375
YNL263C,YML012W,0,-0.24679968,0.0779038816690445,0.5554445385932922,0.6581658124923706
YBR176W,YNL039W,0,-0.2468119,0.07789296656847,0.5554445385932922,0.6582658290863037
YDR221W,YDR113C,0,-0.24691136,0.0778820589184761,0.5554445385932922,0.6583658456802368
YGR124W,YNR024W,0,-0.24695835,0.07787115126848221,0.5554445385932922,0.6584658622741699
YIL121W,YBR034C,0,-0.24697436,0.07786024361848831,0.5554445385932922,0.658565878868103
YHR200W,YBR009C,0,-0.2470435,0.07784934341907501,0.5554445385932922,0.6586658954620361
YKR064W,YLR248W,0,-0.24706818,0.07783844321966171,0.5554445385932922,0.6587658524513245
YPR075C,YJL091C,0,-0.24711467,0.07782755047082901,0.5554445385932922,0.6588658690452576
YDR363W,YHR178W,0,-0.24718271,0.07781665772199631,0.5554445385932922,0.6589658856391907
YDL130W-A,YDR425W,0,-0.24718824,0.0778057649731636,0.5554445385932922,0.6590659022331238
YMR224C,YIR021W,0,-0.24720693,0.0777948796749115,0.5554445385932922,0.6591659188270569
YKR095W,YGL031C,0,-0.24727753,0.0777839943766594,0.5554445385932922,0.65926593542099
YML005W,YML091C,0,-0.24731624,0.07777311652898788,0.5554445385932922,0.6593659520149231
YML131W,YDL119C,0,-0.24733111,0.07776223868131638,0.5554445385932922,0.6594659686088562
YOR316C,YPL190C,0,-0.24737613,0.07775136083364487,0.5554445385932922,0.6595659852027893
YLR085C,YLR323C,0,-0.24741043,0.07774049043655396,0.5554445385932922,0.6596659421920776
YLR019W,YKL068W,1,-0.24741995,0.07786942273378372,0.5564435720443726,0.6596659421920776
YGR128C,YMR311C,0,-0.2474471,0.07785853743553162,0.5564435720443726,0.6597659587860107
YBR176W,YBR127C,0,-0.24749963,0.07784765958786011,0.5564435720443726,0.6598659753799438
YFL033C,YOR007C,1,-0.24753323,0.0779765248298645,0.5574425458908081,0.6598659753799438
YDR363W,YGR104C,0,-0.24755767,0.0779656246304512,0.5574425458908081,0.659965991973877
YIR004W,YIL072W,0,-0.24759859,0.0779547393321991,0.5574425458908081,0.6600660085678101
YER144C,YLR319C,0,-0.24764232,0.0779438465833664,0.5574425458908081,0.6601660251617432
YAL001C,YLR068W,0,-0.24767289,0.07793296128511429,0.5574425458908081,0.6602660417556763
YOR045W,YCR023C,0,-0.24771003,0.07792207598686218,0.5574425458908081,0.6603660583496094
YLR182W,YBR025C,1,-0.24773754,0.07805082201957703,0.5584415793418884,0.6603660583496094
YGL179C,YFL037W,0,-0.24776295,0.07803992927074432,0.5584415793418884,0.6604660749435425
YMR048W,YCL038C,0,-0.24779786,0.07802903652191162,0.5584415793418884,0.6605660319328308
YOR140W,YNL066W,0,-0.24791433,0.07801814377307892,0.5584415793418884,0.6606660485267639
YGR128C,YGL187C,0,-0.24793437,0.07800725847482681,0.5584415793418884,0.660766065120697
YFL031W,YGR129W,0,-0.24796999,0.07799637317657471,0.5584415793418884,0.6608660817146301
YDL064W,YCL063W,0,-0.24797983,0.0779854878783226,0.5584415793418884,0.6609660983085632
YPR188C,YIL137C,0,-0.24800019,0.07797461003065109,0.5584415793418884,0.6610661149024963
YLR459W,YML092C,0,-0.24804732,0.07796373963356018,0.5584415793418884,0.6611661314964294
YPL248C,YDR339C,0,-0.24806157,0.07795286923646927,0.5584415793418884,0.6612661480903625
YLR019W,YOL120C,0,-0.24817842,0.07794199883937836,0.5584415793418884,0.6613661646842957
YLR304C,YMR197C,0,-0.24824268,0.07793112844228745,0.5584415793418884,0.661466121673584
YJL183W,YPL118W,0,-0.24830699,0.07792026549577713,0.5584415793418884,0.6615661382675171
YJL104W,YMR277W,0,-0.24836537,0.07790940999984741,0.5584415793418884,0.6616661548614502
YOR201C,YEL018W,0,-0.24842946,0.0778985470533371,0.5584415793418884,0.6617661714553833
YHR076W,YHR112C,0,-0.2484565,0.07788769900798798,0.5584415793418884,0.6618661880493164
YJR019C,YDL087C,0,-0.24853064,0.07787684351205826,0.5584415793418884,0.6619662046432495
YML077W,YOR244W,0,-0.24857,0.07786599546670914,0.5584415793418884,0.6620662212371826
YER107C,YMR263W,1,-0.24865527,0.07799442857503891,0.559440553188324,0.6620662212371826
YDR043C,YPL030W,0,-0.24873511,0.0779835656285286,0.559440553188324,0.6621662378311157
YIL150C,YHR160C,0,-0.24889271,0.07797271013259888,0.559440553188324,0.6622662544250488
YHL003C,YDL091C,0,-0.24895413,0.07796185463666916,0.559440553188324,0.6623662114143372
YER107C,YBR025C,1,-0.24897498,0.07809019833803177,0.5604395866394043,0.6623662114143372
YDR541C,YDL087C,0,-0.24906808,0.07807933539152145,0.5604395866394043,0.6624662280082703
YGR086C,YKL057C,1,-0.24907857,0.07820762693881989,0.5614385604858398,0.6624662280082703
YPL174C,YJL080C,0,-0.24911262,0.07819674164056778,0.5614385604858398,0.6625662446022034
YOR046C,YJR094W-A,0,-0.24920966,0.07818586379289627,0.5614385604858398,0.6626662611961365
YPR143W,YKL063C,0,-0.24931765,0.07817498594522476,0.5614385604858398,0.6627662777900696
YOR236W,YNL054W,0,-0.2493904,0.07816411554813385,0.5614385604858398,0.6628662943840027
YGR013W,YBR264C,0,-0.2494488,0.07815324515104294,0.5614385604858398,0.6629663109779358
YLL050C,YAL056W,0,-0.24945894,0.07814238220453262,0.5614385604858398,0.6630663275718689
YKL028W,YDL043C,0,-0.24946073,0.07813151925802231,0.5614385604858398,0.663166344165802
YPR068C,YDL149W,0,-0.24953677,0.078120656311512,0.5614385604858398,0.6632663011550903
YKL139W,YMR044W,0,-0.24954267,0.07810980081558228,0.5614385604858398,0.6633663177490234
YOL122C,YER119C,0,-0.24955027,0.07809894531965256,0.5614385604858398,0.6634663343429565
YMR101C,YMR164C,0,-0.24957351,0.07808808982372284,0.5614385604858398,0.6635663509368896
YMR217W,YJL047C,0,-0.24958757,0.07807724177837372,0.5614385604858398,0.6636663675308228
YOL003C,YGL128C,0,-0.24978341,0.0780664011836052,0.5614385604858398,0.6637663841247559
YGL205W,YKL211C,0,-0.24979743,0.07805555313825607,0.5614385604858398,0.663866400718689
YML014W,YDR097C,0,-0.24983196,0.07804471254348755,0.5614385604858398,0.6639664173126221
YGR217W,YAR014C,0,-0.24996345,0.07803387939929962,0.5614385604858398,0.6640664339065552
YKR067W,YIL052C,0,-0.25005206,0.0780230462551117,0.5614385604858398,0.6641663908958435
YDR002W,YPL032C,0,-0.25010988,0.07801221311092377,0.5614385604858398,0.6642664074897766
YMR055C,YNL093W,0,-0.2501199,0.07800138741731644,0.5614385604858398,0.6643664240837097
YNL119W,YDR316W,0,-0.25026724,0.0779905617237091,0.5614385604858398,0.6644664406776428
YLR442C,YGR157W,0,-0.25032583,0.07797974348068237,0.5614385604858398,0.6645664572715759
YDR483W,YGR172C,0,-0.25045717,0.07796892523765564,0.5614385604858398,0.664666473865509
YOR149C,YGR090W,0,-0.25045973,0.0779581069946289,0.5614385604858398,0.6647664904594421
YML007W,YNL123W,1,-0.25048164,0.0780859887599945,0.5624375343322754,0.6647664904594421
YLR004C,YHR194W,0,-0.2505324,0.07807516306638718,0.5624375343322754,0.6648665070533752
YOR368W,YNL311C,0,-0.25060165,0.07806433737277985,0.5624375343322754,0.6649665236473083
YPL144W,YGL107C,0,-0.25062752,0.07805351167917252,0.5624375343322754,0.6650664806365967
YGR101W,YKR098C,0,-0.2506466,0.07804269343614578,0.5624375343322754,0.6651664972305298
YNR033W,YGR030C,0,-0.25065503,0.07803187519311905,0.5624375343322754,0.6652665138244629
YDR192C,YKR082W,1,-0.2507257,0.0781596451997757,0.5634365677833557,0.6652665138244629
YGR277C,YOR221C,0,-0.25072914,0.07814881205558777,0.5634365677833557,0.665366530418396
YPL004C,YGR161C,0,-0.25078467,0.07813798636198044,0.5634365677833557,0.6654665470123291
YNL321W,YMR298W,0,-0.25079304,0.0781271681189537,0.5634365677833557,0.6655665636062622
YML111W,YLR205C,0,-0.25080907,0.07811634242534637,0.5634365677833557,0.6656665802001953
YGR063C,YAR007C,0,-0.2508403,0.07810552418231964,0.5634365677833557,0.6657665967941284
YLR019W,YMR186W,1,-0.25086275,0.07823317497968674,0.5644355416297913,0.6657665967941284
YLR015W,YNL036W,0,-0.2508827,0.07822234183549881,0.5644355416297913,0.6658666133880615
YMR037C,YDR074W,1,-0.25096393,0.07834994792938232,0.5654345750808716,0.6658666133880615
YNL283C,YDR074W,1,-0.2510186,0.07847750931978226,0.5664335489273071,0.6658666133880615
YHR005C,YCR023C,0,-0.25120723,0.07846664637327194,0.5664335489273071,0.6659665703773499
YER011W,YIL103W,0,-0.25131088,0.07845579087734222,0.5664335489273071,0.666066586971283
YPR097W,YDR045C,0,-0.25133455,0.0784449353814125,0.5664335489273071,0.6661666035652161
YPL268W,YNL288W,0,-0.25133955,0.07843408733606339,0.5664335489273071,0.6662666201591492
YOR202W,YCL011C,0,-0.25138333,0.07842323929071426,0.5664335489273071,0.6663666367530823
YHR104W,YJL003W,0,-0.25140184,0.07841239124536514,0.5664335489273071,0.6664666533470154
YHR181W,YNL090W,0,-0.2514419,0.07840155065059662,0.5664335489273071,0.6665666699409485
YLR319C,YDR276C,0,-0.25147575,0.0783907100558281,0.5664335489273071,0.6666666865348816
YPL048W,YHR113W,0,-0.25155973,0.07837986946105957,0.5664335489273071,0.6667667031288147
YPR118W,YCL001W,0,-0.2516423,0.07836903631687164,0.5664335489273071,0.666866660118103
YBR127C,YIL129C,0,-0.25168788,0.07835821062326431,0.5664335489273071,0.6669666767120361
YGR257C,YHR181W,0,-0.2517636,0.07834738492965698,0.5664335489273071,0.6670666933059692
YGR057C,YAL042W,0,-0.25180882,0.07833655923604965,0.5664335489273071,0.6671667098999023
YEL003W,YGL205W,0,-0.25186008,0.07832573354244232,0.5664335489273071,0.6672667264938354
YGL099W,YOR182C,0,-0.25193036,0.07831491529941559,0.5664335489273071,0.6673667430877686
YOR033C,YGR004W,0,-0.2519556,0.07830410450696945,0.5664335489273071,0.6674667596817017
YNL064C,YOL052C-A,1,-0.25210494,0.0784313753247261,0.5674325823783875,0.6674667596817017
YLR019W,YNL123W,1,-0.25220063,0.07855860888957977,0.568431556224823,0.6674667596817017
YJR135W-A,YLR276C,0,-0.2522115,0.07854776084423065,0.568431556224823,0.6675667762756348
YNL158W,YOL125W,0,-0.25235543,0.07853692024946213,0.568431556224823,0.6676667928695679
YDL210W,YGR098C,0,-0.2524339,0.0785260796546936,0.568431556224823,0.6677667498588562
YMR081C,YDL122W,0,-0.2525544,0.07851524651050568,0.568431556224823,0.6678667664527893
YLR155C,YPL106C,0,-0.2526142,0.07850441336631775,0.568431556224823,0.6679667830467224
YER015W,YDR197W,0,-0.2526265,0.07849358767271042,0.568431556224823,0.6680667996406555
YML054C,YOR076C,0,-0.25279102,0.07848276197910309,0.568431556224823,0.6681668162345886
YBL039C,YBR043C,0,-0.252901,0.07847193628549576,0.568431556224823,0.6682668328285217
YPL233W,YLR260W,0,-0.2529475,0.07846111059188843,0.568431556224823,0.6683668494224548
YIL101C,YGL035C,0,-0.2530232,0.07845029979944229,0.568431556224823,0.6684668660163879
YGR116W,YMR313C,0,-0.25303748,0.07843948155641556,0.568431556224823,0.668566882610321
YBR227C,YOR254C,0,-0.2530841,0.07842867076396942,0.568431556224823,0.6686668395996094
YML103C,YLR335W,1,-0.25315887,0.07855568081140518,0.5694305896759033,0.6686668395996094
YML042W,YJL100W,0,-0.2532996,0.07854485511779785,0.5694305896759033,0.6687668561935425
YKL032C,YLL015W,0,-0.25355288,0.07853402942419052,0.5694305896759033,0.6688668727874756
YNL289W,YPL220W,0,-0.25365347,0.07852321118116379,0.5694305896759033,0.6689668893814087
YIL031W,YDL112W,0,-0.25371668,0.07851240038871765,0.5694305896759033,0.6690669059753418
YKL040C,YKL016C,0,-0.25374544,0.07850158214569092,0.5694305896759033,0.6691669225692749
YOL105C,YLR182W,1,-0.2539277,0.07862848043441772,0.5704295635223389,0.6691669225692749
YIL121W,YNL142W,0,-0.2539942,0.0786176547408104,0.5704295635223389,0.669266939163208
YDR141C,YMR235C,0,-0.25401387,0.07860682904720306,0.5704295635223389,0.6693669557571411
YAL013W,YLR361C,0,-0.25408214,0.07859601080417633,0.5704295635223389,0.6694669723510742
YPR112C,YGL064C,0,-0.25416175,0.0785851925611496,0.5704295635223389,0.6695669293403625
YMR256C,YOL005C,0,-0.2541887,0.07857437431812286,0.5704295635223389,0.6696669459342957
YDR119W,YJL098W,0,-0.2542308,0.07856356352567673,0.5704295635223389,0.6697669625282288
YIL031W,YDR182W,0,-0.2542315,0.07855276018381119,0.5704295635223389,0.6698669791221619
YNR022C,YMR060C,0,-0.2542713,0.07854195684194565,0.5704295635223389,0.669966995716095
YLR357W,YNR054C,0,-0.25429186,0.07853115350008011,0.5704295635223389,0.6700670123100281
YHR176W,YKL006C-A,0,-0.25435805,0.07852035015821457,0.5704295635223389,0.6701670289039612
YLR427W,YOR131C,0,-0.254476,0.07850955426692963,0.5704295635223389,0.6702670454978943
YNR048W,YML081C-A,0,-0.2544921,0.07849876582622528,0.5704295635223389,0.6703670620918274
YAL013W,YKL057C,1,-0.25452513,0.07862543314695358,0.5714285969734192,0.6703670620918274
YDL003W,YNR043W,0,-0.25460178,0.07861462235450745,0.5714285969734192,0.6704670190811157
YAR033W,YFL026W,0,-0.25463098,0.0786038190126419,0.5714285969734192,0.6705670356750488
YNL283C,YNL123W,1,-0.2546461,0.07873041927814484,0.5724275708198547,0.6705670356750488
YML115C,YJR010C-A,0,-0.25464812,0.0787196010351181,0.5724275708198547,0.6706670522689819
YMR074C,YLR074C,0,-0.25466558,0.07870879024267197,0.5724275708198547,0.670767068862915
YDR014W,YKL129C,0,-0.25485015,0.07869797945022583,0.5724275708198547,0.6708670854568481
YLL010C,YER111C,1,-0.25498292,0.0788244977593422,0.5734265446662903,0.6708670854568481
YDL123W,YDR221W,0,-0.25507838,0.07881367206573486,0.5734265446662903,0.6709671020507812
YMR094W,YOR264W,0,-0.25530487,0.07880285382270813,0.5734265446662903,0.6710671186447144
YPL004C,YIR013C,0,-0.2553939,0.0787920355796814,0.5734265446662903,0.6711671352386475
YKR079C,YLL054C,0,-0.25540113,0.07878122478723526,0.5734265446662903,0.6712671518325806
YML103C,YKL068W,1,-0.25540733,0.07890764623880386,0.5744255781173706,0.6712671518325806
YNL099C,YIL005W,0,-0.25544497,0.07889681309461594,0.5744255781173706,0.6713671088218689
YGL250W,YNL162W,0,-0.25545204,0.0788859948515892,0.5744255781173706,0.671467125415802
YDR534C,YOR103C,0,-0.25552914,0.07887516915798187,0.5744255781173706,0.6715671420097351
YLR102C,YJL184W,0,-0.2555377,0.07886435091495514,0.5744255781173706,0.6716671586036682
YJR049C,YBR014C,0,-0.25560784,0.078853540122509,0.5744255781173706,0.6717671751976013
YBL021C,YGR080W,0,-0.25567457,0.07884272933006287,0.5744255781173706,0.6718671917915344
YNL046W,YPL224C,0,-0.25568697,0.07883191853761673,0.5744255781173706,0.6719672083854675
YHR172W,YMR014W,0,-0.2558217,0.0788211077451706,0.5744255781173706,0.6720672249794006
YML048W,YMR302C,0,-0.25585586,0.07881030440330505,0.5744255781173706,0.6721672415733337
YKL079W,YBR021W,0,-0.25588077,0.07879950851202011,0.5744255781173706,0.6722671985626221
YFL055W,YOL110W,0,-0.2560222,0.07878871262073517,0.5744255781173706,0.6723672151565552
YOL039W,YOR075W,0,-0.25604928,0.07877791672945023,0.5744255781173706,0.6724672317504883
YGR059W,YDR354W,0,-0.25607044,0.07876712083816528,0.5744255781173706,0.6725672483444214
YHL015W,YHL024W,0,-0.25609756,0.07875633239746094,0.5744255781173706,0.6726672649383545
YHR019C,YHR187W,0,-0.2561287,0.07874555140733719,0.5744255781173706,0.6727672815322876
YEL051W,YHR088W,0,-0.25613618,0.07873476296663284,0.5744255781173706,0.6728672981262207
YJL041W,YDR318W,0,-0.25635737,0.07872398942708969,0.5744255781173706,0.6729673147201538
YDL049C,YJR019C,0,-0.25639012,0.07871320843696594,0.5744255781173706,0.6730673313140869
YLR439W,YER048W-A,0,-0.2564917,0.07870243489742279,0.5744255781173706,0.6731672883033752
YHL035C,YDR150W,0,-0.25653535,0.07869166880846024,0.5744255781173706,0.6732673048973083
YKR062W,YPL168W,0,-0.25653902,0.07868089526891708,0.5744255781173706,0.6733673214912415
YBL054W,YGL181W,0,-0.25655478,0.07867012917995453,0.5744255781173706,0.6734673380851746
YDL064W,YKL060C,0,-0.25657293,0.07865937054157257,0.5744255781173706,0.6735673546791077
YKR050W,YMR274C,0,-0.25658116,0.07864861190319061,0.5744255781173706,0.6736673712730408
YKR031C,YIL137C,0,-0.25663385,0.07863785326480865,0.5744255781173706,0.6737673878669739
YGL043W,YML081C-A,0,-0.2567117,0.0786271020770073,0.5744255781173706,0.673867404460907
YBR072W,YOR178C,1,-0.25677538,0.07875307649374008,0.5754245519638062,0.673867404460907
YDR171W,YJR100C,1,-0.25678596,0.07887901365756989,0.5764235854148865,0.673867404460907
YDR317W,YOL039W,0,-0.25687724,0.07886823266744614,0.5764235854148865,0.6739674210548401
YDL194W,YNR016C,0,-0.2572605,0.07885745167732239,0.5764235854148865,0.6740673780441284
YCR053W,YKR058W,0,-0.25727144,0.07884667813777924,0.5764235854148865,0.6741673946380615
YDR507C,YHL011C,0,-0.2572743,0.07883590459823608,0.5764235854148865,0.6742674112319946
YAL023C,YDL064W,0,-0.2572775,0.07882513850927353,0.5764235854148865,0.6743674278259277
YKL212W,YNL112W,0,-0.25733763,0.07881437242031097,0.5764235854148865,0.6744674444198608
YOR253W,YBL046W,0,-0.25739205,0.07880360633134842,0.5764235854148865,0.674567461013794
YLL010C,YBR025C,1,-0.25742233,0.07892940193414688,0.577422559261322,0.674567461013794
YDR376W,YGL079W,0,-0.25751773,0.07891862094402313,0.577422559261322,0.674667477607727
YBL088C,YNR056C,0,-0.25762492,0.07890784740447998,0.577422559261322,0.6747674942016602
YML004C,YKL077W,0,-0.2577182,0.07889708131551743,0.577422559261322,0.6748675107955933
YDR358W,YJR134C,0,-0.25775677,0.07888630777597427,0.577422559261322,0.6749674677848816
YBR008C,YLR119W,0,-0.25784534,0.07887554913759232,0.577422559261322,0.6750674843788147
YNL214W,YNR027W,0,-0.25787792,0.07886478304862976,0.577422559261322,0.6751675009727478
YKL208W,YOL009C,0,-0.25789332,0.0788540244102478,0.577422559261322,0.6752675175666809
YBR217W,YOR010C,0,-0.2579036,0.07884326577186584,0.577422559261322,0.675367534160614
YGR157W,YJL100W,0,-0.2579088,0.07883251458406448,0.577422559261322,0.6754675507545471
YHR083W,YAL026C,0,-0.25798193,0.07882176339626312,0.577422559261322,0.6755675673484802
YLR006C,YGR099W,0,-0.258236,0.07881101965904236,0.577422559261322,0.6756675839424133
YNL020C,YPR003C,0,-0.25824273,0.0788002759218216,0.577422559261322,0.6757676005363464
YMR158W,YDR084C,0,-0.25845814,0.07878953218460083,0.577422559261322,0.6758675575256348
YMR048W,YGL246C,0,-0.25853357,0.07877879589796066,0.577422559261322,0.6759675741195679
YOR003W,YLR193C,0,-0.2585553,0.0787680596113205,0.577422559261322,0.676067590713501
YKL051W,YHL033C,0,-0.25855654,0.07875732332468033,0.577422559261322,0.6761676073074341
YAR008W,YNL216W,0,-0.25861406,0.07874659448862076,0.577422559261322,0.6762676239013672
YDR104C,YDR057W,0,-0.2586217,0.07873586565256119,0.577422559261322,0.6763676404953003
YMR041C,YGL086W,0,-0.2586471,0.07872514426708221,0.577422559261322,0.6764676570892334
YGR029W,YJL197W,0,-0.2586948,0.07871442288160324,0.577422559261322,0.6765676736831665
YLL010C,YML007W,1,-0.25872898,0.07883986830711365,0.5784215927124023,0.6765676736831665
YOR007C,YJL141C,1,-0.25885367,0.07896528393030167,0.5794205665588379,0.6765676736831665
YFL061W,YDR520C,0,-0.25903273,0.0789545327425003,0.5794205665588379,0.6766676902770996
YNL097C,YLR182W,1,-0.25903547,0.07907989621162415,0.5804196000099182,0.6766676902770996
YOR321W,YBR055C,0,-0.2590512,0.07906913757324219,0.5804196000099182,0.6767676472663879
YNR046W,YBL005W,0,-0.259105,0.07905837893486023,0.5804196000099182,0.676867663860321
YGL205W,YMR224C,0,-0.25910845,0.07904762029647827,0.5804196000099182,0.6769676804542542
YDR485C,YLR393W,0,-0.2591914,0.07903686910867691,0.5804196000099182,0.6770676970481873
YGR133W,YML110C,0,-0.25920594,0.07902611792087555,0.5804196000099182,0.6771677136421204
YOR044W,YGR235C,0,-0.25942266,0.07901536673307419,0.5804196000099182,0.6772677302360535
YPL005W,YDR027C,0,-0.2595021,0.07900462299585342,0.5804196000099182,0.6773677468299866
YBL006C,YJL072C,0,-0.2595038,0.07899387925863266,0.5804196000099182,0.6774677634239197
YIL093C,YOR195W,0,-0.25967723,0.07898314297199249,0.5804196000099182,0.6775677800178528
YOR069W,YPL116W,0,-0.25975713,0.07897240668535233,0.5804196000099182,0.6776677370071411
YJR096W,YNR011C,0,-0.25975817,0.07896167784929276,0.5804196000099182,0.6777677536010742
YDL088C,YOR178C,1,-0.2597649,0.07908683270215988,0.5814185738563538,0.6777677536010742
YHR102W,YMR190C,0,-0.2597792,0.07907608896493912,0.5814185738563538,0.6778677701950073
YPL059W,YDR534C,0,-0.25986385,0.07906534522771835,0.5814185738563538,0.6779677867889404
YGR292W,YLR260W,0,-0.25992292,0.07905460149049759,0.5814185738563538,0.6780678033828735
YML048W,YDR006C,0,-0.26006326,0.07904386520385742,0.5814185738563538,0.6781678199768066
YDL116W,YFL014W,1,-0.26009494,0.07916893064975739,0.5824176073074341,0.6781678199768066
YNL097C,YFL014W,1,-0.26023376,0.07929395884275436,0.5834165811538696,0.6781678199768066
YIL084C,YFL033C,1,-0.2602623,0.07941894978284836,0.5844155550003052,0.6781678199768066
YIR026C,YJR001W,0,-0.26032084,0.07940816879272461,0.5844155550003052,0.6782678365707397
YLR034C,YPL256C,0,-0.26034373,0.07939739525318146,0.5844155550003052,0.6783678531646729
YOL105C,YJR136C,1,-0.2603882,0.07952232658863068,0.5854145884513855,0.6783678531646729
YDR308C,YHR111W,0,-0.26053518,0.07951153069734573,0.5854145884513855,0.678467869758606
YIL118W,YPL032C,0,-0.2606013,0.07950074970722198,0.5854145884513855,0.6785678863525391
YCR042C,YNL278W,0,-0.26063538,0.07948996126651764,0.5854145884513855,0.6786678433418274
YMR048W,YMR289W,0,-0.26069003,0.07947918027639389,0.5854145884513855,0.6787678599357605
YOR381W,YJL076W,0,-0.26069134,0.07946839928627014,0.5854145884513855,0.6788678765296936
YMR309C,YML055W,0,-0.26073825,0.07945762574672699,0.5854145884513855,0.6789678931236267
YLR098C,YDR186C,0,-0.2607572,0.07944685220718384,0.5854145884513855,0.6790679097175598
YKR014C,YLR424W,0,-0.260827,0.07943608611822128,0.5854145884513855,0.6791679263114929
YDR538W,YHR210C,0,-0.2608496,0.07942532002925873,0.5854145884513855,0.679267942905426
YLR333C,YDR004W,0,-0.2609335,0.07941455394029617,0.5854145884513855,0.6793679594993591
YNL003C,YGR004W,0,-0.26094055,0.07940379530191422,0.5854145884513855,0.6794679760932922
YOR197W,YLR175W,0,-0.26100332,0.07939303666353226,0.5854145884513855,0.6795679330825806
YCL044C,YNL038W,0,-0.2610191,0.0793822780251503,0.5854145884513855,0.6796679496765137
YPL055C,YGR092W,0,-0.26106825,0.07937152683734894,0.5854145884513855,0.6797679662704468
YIL173W,YPL176C,0,-0.26109746,0.07936078310012817,0.5854145884513855,0.6798679828643799
YDR001C,YPL190C,0,-0.2611043,0.07935003191232681,0.5854145884513855,0.679967999458313
YPL171C,YDR153C,0,-0.26114616,0.07933928817510605,0.5854145884513855,0.6800680160522461
YNR032C-A,YNL244C,0,-0.26121742,0.07932855188846588,0.5854145884513855,0.6801680326461792
YJL133W,YAR015W,0,-0.26131052,0.07931781560182571,0.5854145884513855,0.6802680492401123
YMR017W,YBR241C,0,-0.26132855,0.07930707931518555,0.5854145884513855,0.6803680658340454
YOR389W,YGL087C,0,-0.26135844,0.07929634302854538,0.5854145884513855,0.6804680228233337
YPL143W,YOL027C,0,-0.26145643,0.07928561419248581,0.5854145884513855,0.6805680394172668
YBR181C,YBR019C,0,-0.26158944,0.07927489280700684,0.5854145884513855,0.6806680560112
YKR087C,YPL226W,0,-0.26159626,0.07926417142152786,0.5854145884513855,0.6807680726051331
YLR023C,YJR132W,0,-0.26167533,0.07925345003604889,0.5854145884513855,0.6808680891990662
YOR178C,YBR082C,0,-0.2617377,0.07924272865056992,0.5854145884513855,0.6809681057929993
YLR318W,YDL132W,0,-0.26177767,0.07923201471567154,0.5854145884513855,0.6810681223869324
YAR015W,YGL133W,0,-0.26179954,0.07922130823135376,0.5854145884513855,0.6811681389808655
YOR284W,YKL155C,0,-0.2618184,0.07921059429645538,0.5854145884513855,0.6812681555747986
YDR122W,YLR388W,0,-0.26183254,0.0791998952627182,0.5854145884513855,0.6813681125640869
YGR261C,YLL016W,0,-0.26219213,0.07918918877840042,0.5854145884513855,0.68146812915802
YHR143W,YKL211C,0,-0.26219305,0.07917848974466324,0.5854145884513855,0.6815681457519531
YMR118C,YOR090C,0,-0.26221734,0.07916779071092606,0.5854145884513855,0.6816681623458862
YOR208W,YOR202W,0,-0.26221833,0.07915709912776947,0.5854145884513855,0.6817681789398193
YER159C,YKL057C,1,-0.26225483,0.07928147166967392,0.586413562297821,0.6817681789398193
YKL002W,YKR099W,0,-0.26235843,0.07927076518535614,0.586413562297821,0.6818681955337524
YOL021C,YPL079W,0,-0.26240987,0.07926005870103836,0.586413562297821,0.6819682121276855
YOL152W,YDR339C,0,-0.26259002,0.07924935966730118,0.586413562297821,0.6820682287216187
YMR183C,YHR141C,0,-0.26265344,0.079238660633564,0.586413562297821,0.6821682453155518
YPR020W,YDR434W,0,-0.2627462,0.07922796905040741,0.586413562297821,0.6822682023048401
YKR062W,YAL032C,0,-0.26280224,0.07921727746725082,0.586413562297821,0.6823682188987732
YBR092C,YNR039C,0,-0.26289868,0.07920658588409424,0.586413562297821,0.6824682354927063
YPR020W,YLR174W,0,-0.26302943,0.07919590175151825,0.586413562297821,0.6825682520866394
YHR176W,YNL083W,0,-0.26310188,0.07918521761894226,0.586413562297821,0.6826682686805725
YMR055C,YGL198W,0,-0.26316217,0.07917453348636627,0.586413562297821,0.6827682852745056
YJL073W,YIL131C,0,-0.26316777,0.07916385680437088,0.586413562297821,0.6828683018684387
YOL051W,YGR241C,0,-0.26318768,0.07915318012237549,0.586413562297821,0.6829683184623718
YBR008C,YIL005W,0,-0.26319116,0.0791425108909607,0.586413562297821,0.6830683350563049
YLR155C,YOL017W,0,-0.2632498,0.0791318416595459,0.586413562297821,0.6831682920455933
YEL006W,YFL009W,0,-0.2632559,0.0791211724281311,0.586413562297821,0.6832683086395264
YKR046C,YPL174C,0,-0.26333654,0.0791105106472969,0.586413562297821,0.6833683252334595
YOR022C,YDR056C,0,-0.26335275,0.07909984886646271,0.586413562297821,0.6834683418273926
YHR121W,YIL022W,0,-0.2633672,0.0790891945362091,0.586413562297821,0.6835683584213257
YOR095C,YLR319C,0,-0.2633719,0.0790785402059555,0.586413562297821,0.6836683750152588
YNL289W,YNL039W,0,-0.26342106,0.0790678858757019,0.586413562297821,0.6837683916091919
YLR313C,YLR008C,0,-0.26345575,0.0790572389960289,0.586413562297821,0.683868408203125
YJL141C,YOR043W,1,-0.26347345,0.0791812539100647,0.5874125957489014,0.683868408203125
YOR075W,YDL193W,0,-0.2634781,0.0791705921292305,0.5874125957489014,0.6839684247970581
YLR223C,YBL099W,0,-0.26365352,0.0791599377989769,0.5874125957489014,0.6840683817863464
YBL088C,YLR147C,0,-0.2637556,0.0791492834687233,0.5874125957489014,0.6841683983802795
YNL135C,YPL030W,0,-0.26378667,0.0791386291384697,0.5874125957489014,0.6842684149742126
YOR008C,YPL240C,1,-0.26392198,0.07926254719495773,0.5884115695953369,0.6842684149742126
YOL097C,YDR003W,0,-0.26397768,0.07925188541412354,0.5884115695953369,0.6843684315681458
YIL113W,YLR194C,0,-0.26398373,0.07924122363328934,0.5884115695953369,0.6844684481620789
YBR098W,YNL214W,0,-0.26431173,0.07923056185245514,0.5884115695953369,0.684568464756012
YPL030W,YDR025W,0,-0.26435632,0.07921990752220154,0.5884115695953369,0.6846684813499451
YGL175C,YIL097W,0,-0.26436216,0.07920925319194794,0.5884115695953369,0.6847684979438782
YOL078W,YIL038C,0,-0.26437858,0.07919859886169434,0.5884115695953369,0.6848685145378113
YBL072C,YBR110W,0,-0.2644316,0.07918795198202133,0.5884115695953369,0.6849684715270996
YJL106W,YDR160W,0,-0.26450044,0.07917730510234833,0.5884115695953369,0.6850684881210327
YPR185W,YER093C,0,-0.26476595,0.07916666567325592,0.5884115695953369,0.6851685047149658
YJL162C,YNL015W,0,-0.26476854,0.07915602624416351,0.5884115695953369,0.6852685213088989
YDL226C,YAL056W,0,-0.26480782,0.0791453942656517,0.5884115695953369,0.685368537902832
YFR044C,YPR181C,0,-0.26489967,0.0791347548365593,0.5884115695953369,0.6854685544967651
YKL079W,YDR372C,0,-0.26490855,0.07912413030862808,0.5884115695953369,0.6855685710906982
YOR375C,YEL001C,0,-0.26498488,0.07911349833011627,0.5884115695953369,0.6856685876846313
YOR136W,YDL105W,0,-0.26499915,0.07910287380218506,0.5884115695953369,0.6857686042785645
YPR068C,YGR091W,0,-0.26508495,0.07909224927425385,0.5884115695953369,0.6858685612678528
YGR086C,YER111C,1,-0.265131,0.0792158991098404,0.5894106030464172,0.6858685612678528
YJR044C,YIL111W,0,-0.26513723,0.07920525968074799,0.5894106030464172,0.6859685778617859
YNR056C,YHR070W,0,-0.26517096,0.07919462770223618,0.5894106030464172,0.686068594455719
YGL054C,YCR047C,0,-0.26528373,0.07918400317430496,0.5894106030464172,0.6861686110496521
YJL141C,YDR192C,1,-0.2652856,0.07930757105350494,0.5904095768928528,0.6861686110496521
YLR085C,YOR201C,0,-0.26528895,0.07929692417383194,0.5904095768928528,0.6862686276435852
YEL004W,YNL299W,0,-0.265726,0.07928629219532013,0.5904095768928528,0.6863686442375183
YPL144W,YDR418W,0,-0.26576102,0.07927565276622772,0.5904095768928528,0.6864686608314514
YML007W,YHL028W,1,-0.26580018,0.07939913868904114,0.5914086103439331,0.6864686608314514
YBR126C,YFL014W,1,-0.26582283,0.07952259480953217,0.5924075841903687,0.6864686608314514
YJL203W,YER025W,0,-0.26583418,0.07951193302869797,0.5924075841903687,0.6865686774253845
YIL154C,YHL004W,0,-0.26584664,0.07950127124786377,0.5924075841903687,0.6866686940193176
YDR055W,YHR115C,0,-0.2658645,0.07949061691761017,0.5924075841903687,0.686768651008606
YMR063W,YLR210W,0,-0.26596454,0.07947996258735657,0.5924075841903687,0.6868686676025391
YPR081C,YOL059W,0,-0.2661294,0.07946930825710297,0.5924075841903687,0.6869686841964722
YDR399W,YML110C,0,-0.2662455,0.07945866137742996,0.5924075841903687,0.6870687007904053
YDR484W,YML116W,0,-0.2662463,0.07944801449775696,0.5924075841903687,0.6871687173843384
YFR044C,YER099C,0,-0.2662479,0.07943737506866455,0.5924075841903687,0.6872687339782715
YIR014W,YOL006C,0,-0.26634192,0.07942673563957214,0.5924075841903687,0.6873687505722046
YPL230W,YLR008C,0,-0.26635778,0.07941609621047974,0.5924075841903687,0.6874687671661377
YOR120W,YOR270C,0,-0.26653028,0.07940546423196793,0.5924075841903687,0.6875687837600708
YOL051W,YBR156C,0,-0.26664332,0.07939483225345612,0.5924075841903687,0.6876687407493591
YDL067C,YGL008C,0,-0.26664823,0.0793842002749443,0.5924075841903687,0.6877687573432922
YDR231C,YLR423C,0,-0.26674932,0.07937357574701309,0.5924075841903687,0.6878687739372253
YMR063W,YKR060W,0,-0.26681584,0.07936295866966248,0.5924075841903687,0.6879687905311584
YFR010W,YJL008C,0,-0.26694345,0.07935233414173126,0.5924075841903687,0.6880688071250916
YMR257C,YMR277W,0,-0.2669657,0.07934171706438065,0.5924075841903687,0.6881688237190247
YGR049W,YBR161W,0,-0.2669773,0.07933109998703003,0.5924075841903687,0.6882688403129578
YNL054W,YMR042W,0,-0.26699382,0.07932049036026001,0.5924075841903687,0.6883688569068909
YOL105C,YPL240C,1,-0.26700214,0.07944362610578537,0.593406617641449,0.6883688569068909
YBR188C,YPR022C,0,-0.2670281,0.07943300157785416,0.593406617641449,0.688468873500824
YKL028W,YDR126W,0,-0.2670821,0.07942238450050354,0.593406617641449,0.6885688304901123
YPL212C,YGL173C,0,-0.26716697,0.07941176742315292,0.593406617641449,0.6886688470840454
YBR072W,YAL013W,1,-0.26728475,0.07953482121229172,0.5944055914878845,0.6886688470840454
YDR007W,YOL113W,0,-0.26731607,0.07952418923377991,0.5944055914878845,0.6887688636779785
YLR417W,YNL291C,0,-0.26733166,0.0795135647058487,0.5944055914878845,0.6888688802719116
YKL213C,YAL005C,0,-0.2673341,0.07950294017791748,0.5944055914878845,0.6889688968658447
YNR039C,YOR070C,0,-0.2673431,0.07949231564998627,0.5944055914878845,0.6890689134597778
YLR335W,YNL123W,1,-0.2673568,0.0796152800321579,0.5954046249389648,0.6890689134597778
YIR031C,YPL047W,0,-0.26738054,0.07960464805364609,0.5954046249389648,0.6891689300537109
YIL038C,YLR214W,0,-0.2675355,0.07959401607513428,0.5954046249389648,0.689268946647644
YML077W,YPL268W,0,-0.2675888,0.07958339154720306,0.5954046249389648,0.6893689632415771
YOL097C,YNL322C,0,-0.26758885,0.07957276701927185,0.5954046249389648,0.6894689202308655
YKL062W,YER127W,0,-0.26764968,0.07956214249134064,0.5954046249389648,0.6895689368247986
YNL308C,YPL137C,0,-0.2676523,0.07955151796340942,0.5954046249389648,0.6896689534187317
YER155C,YER078C,0,-0.2677219,0.0795409083366394,0.5954046249389648,0.6897689700126648
YMR223W,YLR320W,0,-0.26778102,0.07953029125928879,0.5954046249389648,0.6898689866065979
YOR131C,YBR221C,0,-0.26780257,0.07951968163251877,0.5954046249389648,0.689969003200531
YDL154W,YDR520C,0,-0.26781598,0.07950907200574875,0.5954046249389648,0.6900690197944641
YKL192C,YBR065C,0,-0.2679188,0.07949846237897873,0.5954046249389648,0.6901690363883972
YGL178W,YBR193C,0,-0.26795468,0.0794878602027893,0.5954046249389648,0.6902690529823303
YOR113W,YGR206W,0,-0.26798698,0.07947726547718048,0.5954046249389648,0.6903690099716187
YER124C,YKL141W,0,-0.26805025,0.07946666330099106,0.5954046249389648,0.6904690265655518
YGL012W,YHR023W,0,-0.26807386,0.07945607602596283,0.5954046249389648,0.6905690431594849
YGL168W,YDL033C,0,-0.26808694,0.079445481300354,0.5954046249389648,0.690669059753418
YJL168C,YGL029W,0,-0.26814216,0.07943489402532578,0.5954046249389648,0.6907690763473511
YJR099W,YJR042W,0,-0.26846147,0.07942430675029755,0.5954046249389648,0.6908690929412842
YJR159W,YGR235C,0,-0.2684739,0.07941372692584991,0.5954046249389648,0.6909691095352173
YGL073W,YDR074W,1,-0.26848763,0.07953637093305588,0.5964035987854004,0.6909691095352173
YGL238W,YHR160C,0,-0.2685182,0.07952577620744705,0.5964035987854004,0.6910691261291504
YJR009C,YGR295C,0,-0.2685761,0.07951518148183823,0.5964035987854004,0.6911691427230835
YLR176C,YLR015W,0,-0.26864678,0.07950459420681,0.5964035987854004,0.6912690997123718
YML130C,YHR113W,0,-0.26877642,0.07949400693178177,0.5964035987854004,0.6913691163063049
YEL044W,YLR328W,0,-0.26879576,0.07948342710733414,0.5964035987854004,0.691469132900238
YER025W,YER016W,0,-0.268868,0.07947283983230591,0.5964035987854004,0.6915691494941711
YAL001C,YAR015W,0,-0.26891056,0.07946226745843887,0.5964035987854004,0.6916691660881042
YFL033C,YBR025C,1,-0.268912,0.07958477735519409,0.5974025726318359,0.6916691660881042
YML129C,YBL031W,0,-0.26895264,0.07957418262958527,0.5974025726318359,0.6917691826820374
YIL090W,YOR087W,0,-0.26908183,0.07956359535455704,0.5974025726318359,0.6918691992759705
YJR145C,YGL029W,0,-0.2691314,0.0795530155301094,0.5974025726318359,0.6919692158699036
YKL081W,YML038C,0,-0.26915857,0.07954242825508118,0.5974025726318359,0.6920692324638367
YDL154W,YPL017C,0,-0.2691594,0.07953185588121414,0.5974025726318359,0.692169189453125
YLR466W,YOL154W,0,-0.26924267,0.07952127605676651,0.5974025726318359,0.6922692060470581
YIL084C,YPL004C,1,-0.26928103,0.07964366674423218,0.5984016060829163,0.6922692060470581
YLL021W,YMR233W,0,-0.26940137,0.07963307946920395,0.5984016060829163,0.6923692226409912
YER065C,YIL008W,0,-0.26944625,0.07962249219417572,0.5984016060829163,0.6924692392349243
YLR438C-A,YJL121C,0,-0.26946947,0.07961190491914749,0.5984016060829163,0.6925692558288574
YMR197C,YDR506C,0,-0.26954696,0.07960133254528046,0.5984016060829163,0.6926692724227905
YOR229W,YNL268W,0,-0.2696718,0.07959075272083282,0.5984016060829163,0.6927692890167236
YBR289W,YLR327C,0,-0.2697078,0.07958018034696579,0.5984016060829163,0.6928693056106567
YDL095W,YGL020C,0,-0.26971927,0.07956960797309875,0.5984016060829163,0.6929693222045898
YJR136C,YJR066W,1,-0.269761,0.07969185709953308,0.5994005799293518,0.6929693222045898
YFR051C,YMR048W,0,-0.2697702,0.07968127727508545,0.5994005799293518,0.6930692791938782
YDL153C,YGL096W,0,-0.2698336,0.07967069745063782,0.5994005799293518,0.6931692957878113
YBR102C,YIL171W,0,-0.26987672,0.07966011762619019,0.5994005799293518,0.6932693123817444
YLR220W,YLL005C,0,-0.269908,0.07964954525232315,0.5994005799293518,0.6933693289756775
YDR363W,YKL004W,0,-0.27004266,0.07963897287845612,0.5994005799293518,0.6934693455696106
YJL089W,YLR324W,0,-0.2700637,0.07962840050458908,0.5994005799293518,0.6935693621635437
YMR081C,YBR221C,0,-0.27010474,0.07961783558130264,0.5994005799293518,0.6936693787574768
YBR039W,YNL330C,0,-0.27017063,0.0796072706580162,0.5994005799293518,0.6937693953514099
YMR166C,YMR110C,0,-0.2701981,0.07959671318531036,0.5994005799293518,0.693869411945343
YDL100C,YDR171W,1,-0.2702061,0.07971879839897156,0.6003996133804321,0.693869411945343
YLR096W,YPR086W,0,-0.27026653,0.07970822602510452,0.6003996133804321,0.6939693689346313
YOR143C,YLR396C,0,-0.27050465,0.07969765365123749,0.6003996133804321,0.6940693855285645
YGL254W,YOR386W,0,-0.27056226,0.07968708872795105,0.6003996133804321,0.6941694021224976
YJR094W-A,YOR035C,0,-0.27064794,0.07967652380466461,0.6003996133804321,0.6942694187164307
YLR078C,YIR006C,0,-0.27071095,0.07966595888137817,0.6003996133804321,0.6943694353103638
YOR334W,YGL189C,0,-0.27071613,0.07965540140867233,0.6003996133804321,0.6944694519042969
YLR038C,YJL121C,0,-0.27075467,0.07964484393596649,0.6003996133804321,0.69456946849823
YDR488C,YHR088W,0,-0.27080104,0.07963429391384125,0.6003996133804321,0.6946694850921631
YHL040C,YGR200C,0,-0.27087766,0.079623743891716,0.6003996133804321,0.6947695016860962
YPR049C,YCR105W,0,-0.270899,0.07961319386959076,0.6003996133804321,0.6948694586753845
YLR182W,YOR008C,1,-0.2708999,0.07973510026931763,0.6013985872268677,0.6948694586753845
YPR133C,YML027W,0,-0.27096575,0.07972454279661179,0.6013985872268677,0.6949694752693176
YLR186W,YLR363C,0,-0.27101803,0.07971398532390594,0.6013985872268677,0.6950694918632507
YAR071W,YDL085W,0,-0.2710612,0.0797034278512001,0.6013985872268677,0.6951695084571838
YAR033W,YIL053W,0,-0.27112347,0.07969287782907486,0.6013985872268677,0.6952695250511169
YPL005W,YBR283C,0,-0.27113178,0.07968232780694962,0.6013985872268677,0.69536954164505
YJL035C,YML001W,0,-0.2711504,0.07967178523540497,0.6013985872268677,0.6954695582389832
YBR123C,YJR105W,0,-0.2711959,0.07966124266386032,0.6013985872268677,0.6955695748329163
YHR036W,YPL036W,0,-0.2712122,0.07965070009231567,0.6013985872268677,0.6956695914268494
YNL007C,YDL088C,1,-0.27121997,0.0797724574804306,0.602397620677948,0.6956695914268494
YGR195W,YPL227C,0,-0.27128854,0.07976190745830536,0.602397620677948,0.6957695484161377
YDL220C,YMR280C,0,-0.27130553,0.07975135743618011,0.602397620677948,0.6958695650100708
YKR031C,YPR155C,0,-0.2713385,0.07974080741405487,0.602397620677948,0.6959695816040039
YGR227W,YPR132W,0,-0.27146918,0.07973026484251022,0.602397620677948,0.696069598197937
YGL123W,YLR265C,0,-0.27151358,0.07971972227096558,0.602397620677948,0.6961696147918701
YGR287C,YLR377C,0,-0.2715668,0.07970918715000153,0.602397620677948,0.6962696313858032
YDL116W,YLR335W,1,-0.27169237,0.0798308253288269,0.6033965945243835,0.6962696313858032
YJL203W,YBR043C,0,-0.2717207,0.07982027530670166,0.6033965945243835,0.6963696479797363
YMR263W,YDR397C,1,-0.27172762,0.07994186133146286,0.6043956279754639,0.6963696479797363
YLR052W,YOR270C,0,-0.27174908,0.07993129640817642,0.6043956279754639,0.6964696645736694
YIL049W,YLR318W,0,-0.27182847,0.07992073893547058,0.6043956279754639,0.6965696811676025
YIL016W,YGL115W,0,-0.27195883,0.07991018146276474,0.6043956279754639,0.6966696381568909
YOR004W,YIL073C,0,-0.27198958,0.0798996314406395,0.6043956279754639,0.696769654750824
YML133C,YLL021W,0,-0.27204093,0.07988908141851425,0.6043956279754639,0.6968696713447571
YNR073C,YOL126C,0,-0.27210802,0.07987853139638901,0.6043956279754639,0.6969696879386902
YEL018W,YDR121W,0,-0.2721585,0.07986798882484436,0.6043956279754639,0.6970697045326233
YOR236W,YNL189W,0,-0.27219117,0.07985744625329971,0.6043956279754639,0.6971697211265564
YNL339C,YPR079W,0,-0.27224815,0.07984690368175507,0.6043956279754639,0.6972697377204895
YBR152W,YBL007C,0,-0.27229947,0.07983636856079102,0.6043956279754639,0.6973697543144226
YJR155W,YDR139C,0,-0.27245265,0.07982583343982697,0.6043956279754639,0.6974697709083557
YNR033W,YFR025C,0,-0.27246714,0.07981530576944351,0.6043956279754639,0.697569727897644
YPR154W,YBR056W,0,-0.272523,0.07980477809906006,0.6043956279754639,0.6976697444915771
YGL084C,YJR059W,0,-0.27259034,0.0797942504286766,0.6043956279754639,0.6977697610855103
YPL231W,YNL186W,0,-0.27260497,0.07978373020887375,0.6043956279754639,0.6978697776794434
YKR013W,YDR328C,0,-0.2727433,0.07977320998907089,0.6043956279754639,0.6979697942733765
YOR117W,YBR268W,0,-0.27275568,0.07976268976926804,0.6043956279754639,0.6980698108673096
YJR137C,YJR117W,0,-0.27275887,0.07975217700004578,0.6043956279754639,0.6981698274612427
YNL061W,YDL095W,0,-0.27278256,0.07974166423082352,0.6043956279754639,0.6982698440551758
YFR050C,YOL156W,0,-0.27294916,0.07973115146160126,0.6043956279754639,0.6983698606491089
YLR054C,YDR247W,0,-0.27295887,0.0797206461429596,0.6043956279754639,0.6984698176383972
YKL026C,YDR013W,0,-0.27297312,0.07971014827489853,0.6043956279754639,0.6985698342323303
YMR011W,YPL075W,0,-0.27300295,0.07969964295625687,0.6043956279754639,0.6986698508262634
YKL060C,YLR347C,0,-0.2730052,0.0796891450881958,0.6043956279754639,0.6987698674201965
YPL215W,YOL110W,0,-0.2730984,0.07967865467071533,0.6043956279754639,0.6988698840141296
YJL026W,YMR225C,0,-0.27319077,0.07966815680265427,0.6043956279754639,0.6989699006080627
YGL048C,YLR071C,0,-0.27322164,0.0796576663851738,0.6043956279754639,0.6990699172019958
YPL164C,YDR407C,0,-0.27322605,0.07964718341827393,0.6043956279754639,0.699169933795929
YJR113C,YLL001W,0,-0.27324778,0.07963670045137405,0.6043956279754639,0.6992699503898621
YKL208W,YPL056C,0,-0.2732844,0.07962621748447418,0.6043956279754639,0.6993699073791504
YNL071W,YIL106W,0,-0.27339423,0.07961574196815491,0.6043956279754639,0.6994699239730835
YGR104C,YKL081W,0,-0.2733958,0.07960526645183563,0.6043956279754639,0.6995699405670166
YDR038C,YJR139C,0,-0.2733981,0.07959479093551636,0.6043956279754639,0.6996699571609497
YGR202C,YDR524C,0,-0.27348003,0.07958432286977768,0.6043956279754639,0.6997699737548828
YOR316C,YNR001C,0,-0.27360883,0.079573854804039,0.6043956279754639,0.6998699903488159
YOL021C,YBR041W,0,-0.2736499,0.07956338673830032,0.6043956279754639,0.699970006942749
YGL253W,YHL038C,0,-0.27369365,0.07955292612314224,0.6043956279754639,0.7000700235366821
YGR063C,YPR155C,0,-0.27396452,0.07954246550798416,0.6043956279754639,0.7001700401306152
YDR519W,YDR058C,0,-0.27401054,0.07953201234340668,0.6043956279754639,0.7002700567245483
YER007W,YOR264W,0,-0.27405977,0.0795215591788292,0.6043956279754639,0.7003700137138367
YFL014W,YOR178C,1,-0.27407926,0.07964252680540085,0.6053946018218994,0.7003700137138367
YKL154W,YJL008C,0,-0.27408898,0.07963206619024277,0.6053946018218994,0.7004700303077698
YGL150C,YEL019C,0,-0.27411377,0.07962159812450409,0.6053946018218994,0.7005700469017029
YPL004C,YNL283C,1,-0.27411535,0.07974251359701157,0.6063936352729797,0.7005700469017029
YER131W,YLR052W,0,-0.27416772,0.07973203808069229,0.6063936352729797,0.700670063495636
YLL052C,YCR079W,0,-0.2741839,0.07972156256437302,0.6063936352729797,0.7007700800895691
YPL255W,YIR033W,0,-0.2742114,0.07971109449863434,0.6063936352729797,0.7008700966835022
YJL054W,YPR188C,0,-0.27421618,0.07970063388347626,0.6063936352729797,0.7009701132774353
YMR215W,YJR059W,0,-0.2742231,0.07969016581773758,0.6063936352729797,0.7010701298713684
YBL023C,YDR017C,0,-0.27427578,0.0796797052025795,0.6063936352729797,0.7011701464653015
YER107C,YAL013W,1,-0.2743981,0.07980050146579742,0.6073926091194153,0.7011701464653015
YGR284C,YPL206C,0,-0.27442876,0.07979002594947815,0.6073926091194153,0.7012701034545898
YOL100W,YLL038C,0,-0.27443358,0.07977955788373947,0.6073926091194153,0.701370120048523
YDL188C,YML095C,0,-0.27444875,0.0797690898180008,0.6073926091194153,0.701470136642456
YPR107C,YML008C,0,-0.27446592,0.07975862175226212,0.6073926091194153,0.7015701532363892
YDL155W,YMR150C,0,-0.27455974,0.07974816113710403,0.6073926091194153,0.7016701698303223
YKL138C,YPL262W,0,-0.27461877,0.07973770797252655,0.6073926091194153,0.7017701864242554
YIL084C,YER111C,1,-0.2746541,0.07985837757587433,0.6083915829658508,0.7017701864242554
YLR306W,YDR113C,0,-0.27473164,0.07984790951013565,0.6083915829658508,0.7018702030181885
YDR171W,YBR025C,1,-0.27477628,0.07996853440999985,0.6093906164169312,0.7018702030181885
YGL097W,YJL137C,0,-0.27482164,0.07995805144309998,0.6093906164169312,0.7019702196121216
YJL116C,YLR013W,0,-0.27491122,0.0799475759267807,0.6093906164169312,0.7020702362060547
YIL109C,YHR122W,0,-0.27495053,0.07993710041046143,0.6093906164169312,0.702170193195343
YAL011W,YHR183W,0,-0.27504197,0.07992662489414215,0.6093906164169312,0.7022702097892761
YLR466W,YLR382C,0,-0.27516448,0.07991615682840347,0.6093906164169312,0.7023702263832092
YDL139C,YOR246C,0,-0.27523685,0.0799056887626648,0.6093906164169312,0.7024702429771423
YCR088W,YPL018W,0,-0.2752437,0.07989522069692612,0.6093906164169312,0.7025702595710754
YGL063W,YLR361C,0,-0.27525008,0.07988476008176804,0.6093906164169312,0.7026702761650085
YPR134W,YBR043C,0,-0.2753878,0.07987429946660995,0.6093906164169312,0.7027702927589417
YDR409W,YNL072W,0,-0.27553588,0.07986383885145187,0.6093906164169312,0.7028703093528748
YBR126C,YDR074W,1,-0.27574888,0.07998429238796234,0.6103895902633667,0.7028703093528748
YIL084C,YKR082W,1,-0.27578712,0.08010470867156982,0.611388623714447,0.7028703093528748
YGL013C,YJL121C,0,-0.27594998,0.08009422570466995,0.611388623714447,0.7029703259468079
YPR082C,YGL001C,0,-0.27597266,0.08008375018835068,0.611388623714447,0.7030702829360962
YGL106W,YPL120W,0,-0.2759747,0.0800732672214508,0.611388623714447,0.7031702995300293
YOR109W,YPL249C-A,0,-0.2760607,0.08006279170513153,0.611388623714447,0.7032703161239624
YML010W,YJL072C,0,-0.27614668,0.08005232363939285,0.611388623714447,0.7033703327178955
YAL032C,YLR237W,0,-0.27616665,0.08004185557365417,0.611388623714447,0.7034703493118286
YDL093W,YOR181W,0,-0.27622688,0.0800313875079155,0.611388623714447,0.7035703659057617
YPL026C,YGR065C,0,-0.2762398,0.08002091944217682,0.611388623714447,0.7036703824996948
YAL032C,YDR135C,0,-0.2762807,0.08001045882701874,0.611388623714447,0.7037703990936279
YMR263W,YLR019W,1,-0.27651703,0.08013071864843369,0.6123875975608826,0.7037703990936279
YDR478W,YDR001C,0,-0.27660027,0.08012024313211441,0.6123875975608826,0.703870415687561
YAL013W,YDR192C,1,-0.2766449,0.08024045825004578,0.6133866310119629,0.703870415687561
YLR127C,YDL087C,0,-0.2767908,0.0802299752831459,0.6133866310119629,0.7039703726768494
YPL280W,YGR049W,0,-0.27693075,0.08021949231624603,0.6133866310119629,0.7040703892707825
YCR069W,YNL049C,0,-0.27716884,0.08020901679992676,0.6133866310119629,0.7041704058647156
YHR009C,YLR058C,0,-0.27718103,0.08019853383302689,0.6133866310119629,0.7042704224586487
YNL185C,YLR066W,0,-0.27718335,0.08018806576728821,0.6133866310119629,0.7043704390525818
YOL094C,YDR283C,0,-0.2771992,0.08017759025096893,0.6133866310119629,0.7044704556465149
YJR113C,YER146W,0,-0.27734286,0.08016712218523026,0.6133866310119629,0.704570472240448
YLL026W,YBR088C,0,-0.2773782,0.08015666157007217,0.6133866310119629,0.7046704888343811
YOR003W,YHR139C,0,-0.2774161,0.0801461935043335,0.6133866310119629,0.7047705054283142
YKL191W,YPL021W,0,-0.2774269,0.08013573288917542,0.6133866310119629,0.7048704624176025
YAL012W,YDR500C,0,-0.27747107,0.08012527972459793,0.6133866310119629,0.7049704790115356
YGR086C,YLR260W,1,-0.2774866,0.08024530112743378,0.6143856048583984,0.7049704790115356
YBL038W,YNL053W,0,-0.27752742,0.0802348330616951,0.6143856048583984,0.7050704956054688
YHR072W-A,YGR200C,0,-0.2776545,0.08022436499595642,0.6143856048583984,0.7051705121994019
YOL011W,YOR249C,0,-0.2776623,0.08021390438079834,0.6143856048583984,0.705270528793335
YDR171W,YJR066W,1,-0.27777335,0.08033385127782822,0.6153846383094788,0.705270528793335
YKR027W,YJL010C,0,-0.27782053,0.08032338321208954,0.6153846383094788,0.7053705453872681
YBR240C,YGR280C,0,-0.27782413,0.08031290769577026,0.6153846383094788,0.7054705619812012
YER107C,YKR026C,1,-0.2778541,0.08043280243873596,0.6163836121559143,0.7054705619812012
YGL232W,YNL246W,0,-0.27785748,0.0804223120212555,0.6163836121559143,0.7055705785751343
YPR134W,YGL093W,0,-0.2778789,0.08041183650493622,0.6163836121559143,0.7056705951690674
YLR069C,YJL209W,0,-0.27788955,0.08040135353803635,0.6163836121559143,0.7057705521583557
YBL072C,YLR084C,0,-0.2779139,0.08039087802171707,0.6163836121559143,0.7058705687522888
YPR095C,YDR284C,0,-0.27792943,0.0803804099559784,0.6163836121559143,0.7059705853462219
YJR104C,YJR013W,0,-0.27792963,0.08036993443965912,0.6163836121559143,0.706070601940155
YDR184C,YBR049C,0,-0.2779333,0.08035946637392044,0.6163836121559143,0.7061706185340881
YMR225C,YOR190W,0,-0.27795982,0.08034900575876236,0.6163836121559143,0.7062706351280212
YLR079W,YER032W,0,-0.27796733,0.08033854514360428,0.6163836121559143,0.7063706517219543
YGR212W,YJL056C,0,-0.2779737,0.0803280845284462,0.6163836121559143,0.7064706683158875
YER053C,YOL032W,0,-0.2779832,0.08031762391328812,0.6163836121559143,0.7065706849098206
YJR077C,YJR145C,0,-0.2780434,0.08030717074871063,0.6163836121559143,0.7066706418991089
YKL212W,YPL137C,0,-0.27807432,0.08029671758413315,0.6163836121559143,0.706770658493042
YCR024C,YPL037C,0,-0.27809957,0.08028627187013626,0.6163836121559143,0.7068706750869751
YJL158C,YPR140W,0,-0.2781188,0.08027582615613937,0.6163836121559143,0.7069706916809082
YDR177W,YNL106C,0,-0.27818567,0.08026538044214249,0.6163836121559143,0.7070707082748413
YBL013W,YHR013C,0,-0.2782189,0.0802549421787262,0.6163836121559143,0.7071707248687744
YLR352W,YPL133C,0,-0.2782449,0.0802445039153099,0.6163836121559143,0.7072707414627075
YHR050W,YKL101W,0,-0.27826482,0.08023407310247421,0.6163836121559143,0.7073707580566406
YML104C,YIR026C,0,-0.27832562,0.08022363483905792,0.6163836121559143,0.7074707746505737
YJL010C,YDR113C,0,-0.27833238,0.08021321147680283,0.6163836121559143,0.7075707316398621
YGR284C,YGL222C,0,-0.27834952,0.08020278066396713,0.6163836121559143,0.7076707482337952
YPL085W,YIL067C,0,-0.2784582,0.08019235730171204,0.6163836121559143,0.7077707648277283
YBR228W,YAR014C,0,-0.2785105,0.08018193393945694,0.6163836121559143,0.7078707814216614
YFR046C,YLL023C,0,-0.27851614,0.08017151802778244,0.6163836121559143,0.7079707980155945
YJR014W,YGL167C,0,-0.2785273,0.08016110211610794,0.6163836121559143,0.7080708146095276
YJL174W,YKL110C,0,-0.27854228,0.08015068620443344,0.6163836121559143,0.7081708312034607
YOR136W,YGL028C,0,-0.27855885,0.08014027774333954,0.6163836121559143,0.7082708477973938
YOR389W,YKR090W,0,-0.27869642,0.08012986928224564,0.6163836121559143,0.7083708643913269
YFL003C,YOL148C,0,-0.27874312,0.08011946827173233,0.6163836121559143,0.7084708213806152
YLL005C,YKL218C,0,-0.2787645,0.08010905981063843,0.6163836121559143,0.7085708379745483
YIL101C,YLR363C,0,-0.27880293,0.08009866625070572,0.6163836121559143,0.7086708545684814
YPR192W,YIR012W,0,-0.27892947,0.08008826524019241,0.6163836121559143,0.7087708711624146
YDR448W,YFL029C,0,-0.27893648,0.0800778716802597,0.6163836121559143,0.7088708877563477
YFR004W,YOR332W,0,-0.27901357,0.080067478120327,0.6163836121559143,0.7089709043502808
YHR064C,YCL016C,0,-0.27918977,0.08005709201097488,0.6163836121559143,0.7090709209442139
YGL053W,YDR001C,0,-0.27925503,0.08004670590162277,0.6163836121559143,0.709170937538147
YMR094W,YBR179C,0,-0.27928954,0.08003631979227066,0.6163836121559143,0.7092709541320801
YIR026C,YLR110C,0,-0.27931437,0.08002594113349915,0.6163836121559143,0.7093709111213684
YPR008W,YDR056C,0,-0.27944416,0.08001556247472763,0.6163836121559143,0.7094709277153015
YFR007W,YML025C,0,-0.2794885,0.08000518381595612,0.6163836121559143,0.7095709443092346
YLR307W,YAR033W,0,-0.27949673,0.0799948126077652,0.6163836121559143,0.7096709609031677
YDL181W,YLR393W,0,-0.27949974,0.07998444139957428,0.6163836121559143,0.7097709774971008
YDR329C,YKL100C,0,-0.27956414,0.07997407764196396,0.6163836121559143,0.7098709940910339
YCR024C,YMR257C,0,-0.27972758,0.07996371388435364,0.6163836121559143,0.709971010684967
YBR126C,YDL088C,1,-0.27996275,0.08008293062448502,0.6173826456069946,0.709971010684967
YDR259C,YFR044C,0,-0.27999988,0.0800725594162941,0.6173826456069946,0.7100710272789001
YAL001C,YBR210W,0,-0.28001863,0.08006218075752258,0.6173826456069946,0.7101710438728333
YLR313C,YDL091C,0,-0.280058,0.08005181699991226,0.6173826456069946,0.7102710008621216
YBR065C,YKL065C,0,-0.2800718,0.08004144579172134,0.6173826456069946,0.7103710174560547
YDR227W,YLR189C,0,-0.28009912,0.08003108203411102,0.6173826456069946,0.7104710340499878
YDR438W,YDR345C,0,-0.28012317,0.0800207182765007,0.6173826456069946,0.7105710506439209
YDL002C,YFL034C-A,0,-0.28014028,0.08001035451889038,0.6173826456069946,0.710671067237854
YDR077W,YDR477W,0,-0.28031507,0.07999999821186066,0.6173826456069946,0.7107710838317871
YKR088C,YGL173C,0,-0.2804041,0.07998964190483093,0.6173826456069946,0.7108711004257202
YNL286W,YDR326C,0,-0.28043714,0.0799792930483818,0.6173826456069946,0.7109711170196533
YNL279W,YBR055C,0,-0.28044033,0.07996894419193268,0.6173826456069946,0.7110711336135864
YPR075C,YLR367W,0,-0.28045112,0.07995859533548355,0.6173826456069946,0.7111710906028748
YDL076C,YPL036W,0,-0.28046304,0.07994825392961502,0.6173826456069946,0.7112711071968079
YFR003C,YDL110C,0,-0.28060627,0.07993791252374649,0.6173826456069946,0.711371123790741
YBL064C,YMR100W,0,-0.2806147,0.07992757111787796,0.6173826456069946,0.7114711403846741
YOR129C,YNL049C,0,-0.2806604,0.07991723716259003,0.6173826456069946,0.7115711569786072
YER070W,YDR462W,0,-0.28068954,0.0799069032073021,0.6173826456069946,0.7116711735725403
YEL003W,YGR076C,0,-0.280715,0.07989657670259476,0.6173826456069946,0.7117711901664734
YOL138C,YLR406C,0,-0.280769,0.07988624274730682,0.6173826456069946,0.7118712067604065
YIR037W,YOR231W,0,-0.2807818,0.07987592369318008,0.6173826456069946,0.7119712233543396
YHR128W,YGL009C,0,-0.28083754,0.07986559718847275,0.6173826456069946,0.7120711803436279
YDR033W,YBL047C,0,-0.28083962,0.07985527813434601,0.6173826456069946,0.712171196937561
YBL051C,YBR160W,0,-0.2808863,0.07984495908021927,0.6173826456069946,0.7122712135314941
YGR154C,YBL054W,0,-0.2809149,0.07983464747667313,0.6173826456069946,0.7123712301254272
YOR094W,YDL051W,0,-0.28099793,0.07982433587312698,0.6173826456069946,0.7124712467193604
YDR020C,YLR355C,0,-0.28106987,0.07981402426958084,0.6173826456069946,0.7125712633132935
YNL025C,YJR152W,0,-0.28107497,0.0798037201166153,0.6173826456069946,0.7126712799072266
YKL058W,YOL140W,0,-0.2811014,0.07979341596364975,0.6173826456069946,0.7127712965011597
YPL148C,YBL082C,0,-0.28111824,0.0797831118106842,0.6173826456069946,0.7128713130950928
YBR109C,YKR067W,0,-0.2811398,0.07977281510829926,0.6173826456069946,0.7129712700843811
YMR106C,YJR049C,0,-0.28117883,0.0797625184059143,0.6173826456069946,0.7130712866783142
YNL148C,YDR408C,0,-0.28124833,0.07975222915410995,0.6173826456069946,0.7131713032722473
YMR264W,YMR236W,0,-0.28153962,0.079741932451725,0.6173826456069946,0.7132713198661804
YDR283C,YBL091C,0,-0.28154147,0.07973165065050125,0.6173826456069946,0.7133713364601135
YPL202C,YFL003C,0,-0.2815439,0.0797213613986969,0.6173826456069946,0.7134713530540466
YGR170W,YLR442C,0,-0.28154394,0.07971107959747314,0.6173826456069946,0.7135713696479797
YBR152W,YEL016C,0,-0.2815461,0.07970079779624939,0.6173826456069946,0.7136713862419128
YDL081C,YDR529C,0,-0.28157425,0.07969052344560623,0.6173826456069946,0.713771402835846
YIL101C,YDR270W,0,-0.2816187,0.07968024909496307,0.6173826456069946,0.7138713598251343
YBR121C,YKL004W,0,-0.28164384,0.07966997474431992,0.6173826456069946,0.7139713764190674
YML072C,YFL024C,0,-0.28180575,0.07965970784425735,0.6173826456069946,0.7140713930130005
YPL186C,YOR153W,0,-0.28181458,0.0796494409441948,0.6173826456069946,0.7141714096069336
YMR289W,YDL143W,0,-0.28181738,0.07963917404413223,0.6173826456069946,0.7142714262008667
YDR352W,YML019W,0,-0.28183976,0.07962891459465027,0.6173826456069946,0.7143714427947998
YHR172W,YBR212W,0,-0.28194228,0.0796186551451683,0.6173826456069946,0.7144714593887329
YJR134C,YMR043W,0,-0.28200805,0.07960839569568634,0.6173826456069946,0.714571475982666
YMR094W,YJR117W,0,-0.28206995,0.07959814369678497,0.6173826456069946,0.7146714925765991
YJR056C,YLR277C,0,-0.2820996,0.0795878916978836,0.6173826456069946,0.7147714495658875
YBR072W,YLR260W,1,-0.28219002,0.07970641553401947,0.6183816194534302,0.7147714495658875
YOR136W,YOR249C,0,-0.28220814,0.07969614863395691,0.6183816194534302,0.7148714661598206
YKL002W,YPR131C,0,-0.28222293,0.07968588918447495,0.6183816194534302,0.7149714827537537
YBR082C,YCL011C,0,-0.2822682,0.07967563718557358,0.6183816194534302,0.7150714993476868
YNL007C,YDL100C,1,-0.2822863,0.07979407906532288,0.6193805932998657,0.7150714993476868
YIR023W,YLR008C,0,-0.28243837,0.07978381216526031,0.6193805932998657,0.7151715159416199
YDL232W,YBR185C,0,-0.28252292,0.07977354526519775,0.6193805932998657,0.715271532535553
YOL105C,YOR043W,1,-0.28253394,0.07989193499088287,0.620379626750946,0.715271532535553
YBR022W,YKR094C,0,-0.28270292,0.07988165318965912,0.620379626750946,0.7153715491294861
YOL002C,YOL006C,0,-0.2827512,0.07987138628959656,0.620379626750946,0.7154715657234192
YKL110C,YPL253C,0,-0.28275296,0.0798611119389534,0.620379626750946,0.7155715823173523
YHL013C,YPR181C,0,-0.28280038,0.07985084503889084,0.620379626750946,0.7156715393066406
YIL114C,YDR289C,0,-0.2828022,0.07984057813882828,0.620379626750946,0.7157715559005737
YIL138C,YPL115C,0,-0.28281403,0.07983031123876572,0.620379626750946,0.7158715724945068
YDR033W,YDR017C,0,-0.28285584,0.07982005178928375,0.620379626750946,0.7159715890884399
YLR155C,YLR081W,0,-0.28288054,0.07980979233980179,0.620379626750946,0.716071605682373
YNL317W,YLR385C,0,-0.283026,0.07979954034090042,0.620379626750946,0.7161716222763062
YIR019C,YDL031W,0,-0.28309202,0.07978928089141846,0.620379626750946,0.7162716388702393
YJL057C,YCL048W,0,-0.28324646,0.07977903634309769,0.620379626750946,0.7163716554641724
YGL139W,YML060W,0,-0.28332007,0.07976878434419632,0.620379626750946,0.7164716720581055
YKL197C,YOR303W,0,-0.2833411,0.07975853979587555,0.620379626750946,0.7165716290473938
YIL040W,YDR145W,0,-0.2834981,0.07974829524755478,0.620379626750946,0.7166716456413269
YDR033W,YPL137C,0,-0.28352243,0.0797380581498146,0.620379626750946,0.71677166223526
YOR064C,YKL027W,0,-0.28352293,0.07972782105207443,0.620379626750946,0.7168716788291931
YGR124W,YDL130W,0,-0.28353396,0.07971758395433426,0.620379626750946,0.7169716954231262
YJL189W,YPR063C,0,-0.2835693,0.07970735430717468,0.620379626750946,0.7170717120170593
YIL040W,YJL123C,0,-0.28364396,0.0796971246600151,0.620379626750946,0.7171717286109924
YOR293W,YKL081W,0,-0.28370053,0.07968689501285553,0.620379626750946,0.7172717452049255
YOR057W,YMR016C,0,-0.28370118,0.07967667281627655,0.620379626750946,0.7173717617988586
YAL032C,YKL089W,0,-0.28394327,0.07966645061969757,0.620379626750946,0.717471718788147
YDL130W-A,YDR519W,0,-0.28397852,0.07965623587369919,0.620379626750946,0.7175717353820801
YJL165C,YDR147W,0,-0.28403234,0.0796460211277008,0.620379626750946,0.7176717519760132
YDR338C,YLR361C,0,-0.28407258,0.07963580638170242,0.620379626750946,0.7177717685699463
YOR234C,YNR026C,0,-0.2842571,0.07962559163570404,0.620379626750946,0.7178717851638794
YIL023C,YDL075W,0,-0.28449318,0.07961538434028625,0.620379626750946,0.7179718017578125
YCR033W,YDR292C,0,-0.2844992,0.07960517704486847,0.620379626750946,0.7180718183517456
YER069W,YBR199W,0,-0.28470105,0.07959497720003128,0.620379626750946,0.7181718349456787
YKL120W,YBR146W,0,-0.28472576,0.07958477735519409,0.620379626750946,0.7182718515396118
YPR032W,YER129W,0,-0.28476828,0.0795745775103569,0.620379626750946,0.7183718085289001
YPL056C,YJL118W,0,-0.28478375,0.07956438511610031,0.620379626750946,0.7184718251228333
YNL264C,YBR058C-A,0,-0.2848062,0.07955419272184372,0.620379626750946,0.7185718417167664
YMR322C,YNL015W,0,-0.2848721,0.07954400032758713,0.620379626750946,0.7186718583106995
YNL283C,YJR136C,1,-0.28493023,0.07966188341379166,0.6213786005973816,0.7186718583106995
YPR018W,YOR359W,0,-0.2849865,0.07965168356895447,0.6213786005973816,0.7187718749046326
YNL097C,YDL116W,1,-0.28506422,0.07976952940225601,0.6223776340484619,0.7187718749046326
YHR158C,YIR013C,0,-0.28514695,0.07975931465625763,0.6223776340484619,0.7188718914985657
YNR022C,YMR211W,0,-0.28514767,0.07974910736083984,0.6223776340484619,0.7189719080924988
YCR106W,YDR313C,0,-0.28518745,0.07973890006542206,0.6223776340484619,0.7190719246864319
YJL174W,YOR326W,0,-0.28520003,0.07972869277000427,0.6223776340484619,0.719171941280365
YDR422C,YJR121W,0,-0.2852077,0.07971849292516708,0.6223776340484619,0.7192718982696533
YAL012W,YHR111W,0,-0.28521907,0.0797082930803299,0.6223776340484619,0.7193719148635864
YLL048C,YDR436W,0,-0.2852502,0.0796980932354927,0.6223776340484619,0.7194719314575195
YMR023C,YBR227C,0,-0.2852738,0.07968790084123611,0.6223776340484619,0.7195719480514526
YMR035W,YDR532C,0,-0.2852911,0.07967770844697952,0.6223776340484619,0.7196719646453857
YGR220C,YFR037C,0,-0.2852939,0.07966751605272293,0.6223776340484619,0.7197719812393188
YKR059W,YBR149W,0,-0.2853316,0.07965733110904694,0.6223776340484619,0.719871997833252
YMR263W,YLR182W,1,-0.28533375,0.07977499067783356,0.6233766078948975,0.719871997833252
YDR217C,YPL246C,0,-0.2853468,0.07976479828357697,0.6233766078948975,0.7199720144271851
YGR280C,YFR015C,0,-0.28541887,0.07975459843873978,0.6233766078948975,0.7200720310211182
YGL038C,YMR044W,0,-0.28543586,0.07974440604448318,0.6233766078948975,0.7201719880104065
YDL069C,YBR003W,0,-0.28552163,0.07973422110080719,0.6233766078948975,0.7202720046043396
YOR358W,YKR013W,0,-0.2855993,0.0797240287065506,0.6233766078948975,0.7203720211982727
YDR118W,YOR266W,0,-0.28566933,0.0797138512134552,0.6233766078948975,0.7204720377922058
YML118W,YCR010C,0,-0.28572595,0.0797036662697792,0.6233766078948975,0.7205720543861389
YGR086C,YLR335W,1,-0.28591558,0.07982119917869568,0.6243756413459778,0.7205720543861389
YCR083W,YCR094W,0,-0.285994,0.07981100678443909,0.6243756413459778,0.720672070980072
YDR516C,YPR003C,0,-0.28605473,0.0798008143901825,0.6243756413459778,0.7207720875740051
YNL064C,YJL141C,1,-0.28608048,0.07991829514503479,0.6253746151924133,0.7207720875740051
YKL051W,YBR084C-A,0,-0.28611103,0.0799080953001976,0.6253746151924133,0.7208721041679382
YAR071W,YLR133W,0,-0.2861216,0.07989789545536041,0.6253746151924133,0.7209721207618713
YDR308C,YDL101C,0,-0.2861705,0.07988769561052322,0.6253746151924133,0.7210720777511597
YPL121C,YCR018C,0,-0.28621942,0.07987750321626663,0.6253746151924133,0.7211720943450928
YMR070W,YBR288C,0,-0.28623277,0.07986731082201004,0.6253746151924133,0.7212721109390259
YHL017W,YIR026C,0,-0.2862676,0.07985712587833405,0.6253746151924133,0.721372127532959
YOL084W,YDL243C,0,-0.2863565,0.07984694093465805,0.6253746151924133,0.7214721441268921
YNL056W,YJL090C,0,-0.28637046,0.07983675599098206,0.6253746151924133,0.7215721607208252
YBR072W,YNL064C,1,-0.28638238,0.07995409518480301,0.6263736486434937,0.7215721607208252
YMR071C,YML060W,0,-0.28642243,0.07994389533996582,0.6263736486434937,0.7216721773147583
YHL004W,YER068W,0,-0.2865401,0.07993371039628983,0.6263736486434937,0.7217721939086914
YNL125C,YAL011W,0,-0.28662497,0.07992351800203323,0.6263736486434937,0.7218722105026245
YML081W,YLR017W,0,-0.28664327,0.07991333305835724,0.6263736486434937,0.7219721674919128
YHR171W,YIL072W,0,-0.28665283,0.07990314811468124,0.6263736486434937,0.722072184085846
YOR100C,YER170W,0,-0.2866633,0.07989296317100525,0.6263736486434937,0.722172200679779
YGR138C,YER012W,0,-0.28673995,0.07988278567790985,0.6263736486434937,0.7222722172737122
YHR203C,YPL175W,0,-0.2867769,0.07987260818481445,0.6263736486434937,0.7223722338676453
YBR185C,YHR146W,0,-0.2867813,0.07986243814229965,0.6263736486434937,0.7224722504615784
YCL050C,YGR063C,0,-0.28681886,0.07985226809978485,0.6263736486434937,0.7225722670555115
YFL011W,YJL047C,0,-0.28684387,0.07984209805727005,0.6263736486434937,0.7226722836494446
YOR308C,YBL082C,0,-0.28685302,0.07983193546533585,0.6263736486434937,0.7227723002433777
YLR061W,YDR253C,0,-0.28705364,0.07982177287340164,0.6263736486434937,0.7228723168373108
YAL043C,YGL096W,0,-0.2870909,0.07981161028146744,0.6263736486434937,0.7229722738265991
YBR213W,YPL256C,0,-0.28716755,0.07980144768953323,0.6263736486434937,0.7230722904205322
YAR002W,YKR082W,1,-0.2872092,0.07991855591535568,0.6273726224899292,0.7230722904205322
YML086C,YDR380W,0,-0.2872247,0.07990838587284088,0.6273726224899292,0.7231723070144653
YHL047C,YNL326C,0,-0.28737956,0.07989821583032608,0.6273726224899292,0.7232723236083984
YMR247C,YIR008C,0,-0.28742224,0.07988805323839188,0.6273726224899292,0.7233723402023315
YDR171W,YDL116W,1,-0.28757143,0.08000508695840836,0.6283716559410095,0.7233723402023315
YKR092C,YIL016W,0,-0.2875874,0.07999490946531296,0.6283716559410095,0.7234723567962646
YAL002W,YOR363C,0,-0.28759053,0.07998473942279816,0.6283716559410095,0.7235723733901978
YHR023W,YBR298C,0,-0.28762087,0.07997456938028336,0.6283716559410095,0.7236723899841309
YER155C,YAL053W,0,-0.28764763,0.07996440678834915,0.6283716559410095,0.723772406578064
YBL072C,YPR017C,0,-0.28768796,0.07995423674583435,0.6283716559410095,0.7238723635673523
YGR133W,YBL082C,0,-0.2877064,0.07994407415390015,0.6283716559410095,0.7239723801612854
YPL047W,YGR091W,0,-0.28771967,0.07993391901254654,0.6283716559410095,0.7240723967552185
YPR019W,YCL027W,0,-0.28773087,0.07992376387119293,0.6283716559410095,0.7241724133491516
YDL214C,YPL015C,0,-0.28778446,0.07991360872983932,0.6283716559410095,0.7242724299430847
YCR079W,YOL144W,0,-0.2877859,0.07990345358848572,0.6283716559410095,0.7243724465370178
YGR170W,YHL002W,0,-0.28797427,0.07989330589771271,0.6283716559410095,0.7244724631309509
YLR121C,YBL054W,0,-0.28802538,0.0798831582069397,0.6283716559410095,0.724572479724884
YGL023C,YHR142W,0,-0.28805327,0.07987301796674728,0.6283716559410095,0.7246724963188171
YFL033C,YOL052C-A,1,-0.28805837,0.07998984307050705,0.6293706297874451,0.7246724963188171
YIL073C,YMR040W,0,-0.28809074,0.07997968792915344,0.6293706297874451,0.7247724533081055
YMR068W,YOL072W,0,-0.28811324,0.07996953278779984,0.6293706297874451,0.7248724699020386
YML129C,YOR361C,0,-0.2881306,0.07995938509702682,0.6293706297874451,0.7249724864959717
YGR086C,YOR007C,1,-0.28819507,0.08007614314556122,0.6303696036338806,0.7249724864959717
YMR055C,YDR060W,0,-0.28824365,0.08006598055362701,0.6303696036338806,0.7250725030899048
YJR136C,YFL014W,1,-0.28827256,0.08018269389867783,0.6313686370849609,0.7250725030899048
YLR196W,YDR247W,0,-0.28831267,0.08017252385616302,0.6313686370849609,0.7251725196838379
YKL192C,YMR292W,0,-0.2883492,0.08016235381364822,0.6313686370849609,0.725272536277771
YNL101W,YOL095C,0,-0.28835312,0.08015219122171402,0.6313686370849609,0.7253725528717041
YMR247C,YOL125W,0,-0.28854057,0.08014202117919922,0.6313686370849609,0.7254725694656372
YMR186W,YOR008C,1,-0.28854933,0.08025865256786346,0.6323676109313965,0.7254725694656372
YDR050C,YBR216C,0,-0.28862143,0.08024847507476807,0.6323676109313965,0.7255725860595703
YLR045C,YNR030W,0,-0.28870884,0.08023830503225327,0.6323676109313965,0.7256725430488586
YCL054W,YNL066W,0,-0.28871742,0.08022813498973846,0.6323676109313965,0.7257725596427917
YDR212W,YPR107C,0,-0.2887485,0.08021797239780426,0.6323676109313965,0.7258725762367249
YMR135C,YPL033C,0,-0.2887862,0.08020780235528946,0.6323676109313965,0.725972592830658
YFL008W,YGR253C,0,-0.2888727,0.08019763976335526,0.6323676109313965,0.7260726094245911
YIR036C,YDL149W,0,-0.28893352,0.08018748462200165,0.6323676109313965,0.7261726260185242
YOR048C,YDR513W,0,-0.28894144,0.08017732948064804,0.6323676109313965,0.7262726426124573
YDL229W,YJL074C,0,-0.28895915,0.08016717433929443,0.6323676109313965,0.7263726592063904
YBR268W,YOR039W,0,-0.28898007,0.08015701919794083,0.6323676109313965,0.7264726758003235
YNL128W,YHR009C,0,-0.2889836,0.08014687150716782,0.6323676109313965,0.7265726327896118
YNL007C,YJR136C,1,-0.28901744,0.08026332408189774,0.6333666443824768,0.7265726327896118
YDR320C-A,YBR210W,0,-0.28914666,0.08025316148996353,0.6333666443824768,0.7266726493835449
YFL018C,YOR036W,0,-0.28921515,0.08024300634860992,0.6333666443824768,0.726772665977478
YPL149W,YHR210C,0,-0.2892158,0.08023285120725632,0.6333666443824768,0.7268726825714111
YNL339C,YBR122C,0,-0.28923735,0.0802227035164833,0.6333666443824768,0.7269726991653442
YOR208W,YER179W,0,-0.28935945,0.0802125483751297,0.6333666443824768,0.7270727157592773
YIL005W,YER167W,0,-0.28941834,0.08020240068435669,0.6333666443824768,0.7271727323532104
YDR171W,YKL057C,1,-0.28945294,0.08031874895095825,0.6343656182289124,0.7271727323532104
YEL071W,YDR039C,0,-0.28949255,0.08030858635902405,0.6343656182289124,0.7272727489471436
YER159C,YAR002W,1,-0.28952953,0.08042488247156143,0.6353646516799927,0.7272727489471436
YLR194C,YGR212W,0,-0.28955337,0.08041471987962723,0.6353646516799927,0.7273727655410767
YAL028W,YDL159W,0,-0.289575,0.08040454983711243,0.6353646516799927,0.727472722530365
YDR055W,YHR184W,0,-0.2896489,0.08039438724517822,0.6353646516799927,0.7275727391242981
YMR074C,YOR095C,0,-0.28979075,0.08038422465324402,0.6353646516799927,0.7276727557182312
YLR266C,YKL184W,0,-0.28982043,0.08037406951189041,0.6353646516799927,0.7277727723121643
YIL144W,YHR176W,0,-0.28995585,0.0803639143705368,0.6353646516799927,0.7278727889060974
YBR162C,YGR253C,0,-0.29005042,0.0803537592291832,0.6353646516799927,0.7279728055000305
YJR153W,YOR307C,0,-0.29005665,0.08034361153841019,0.6353646516799927,0.7280728220939636
YOR233W,YML018C,0,-0.29014957,0.08033345639705658,0.6353646516799927,0.7281728386878967
YLR158C,YLL006W,0,-0.29017514,0.08032331615686417,0.6353646516799927,0.7282728552818298
YDR077W,YEL011W,0,-0.29020286,0.08031316846609116,0.6353646516799927,0.7283728122711182
YDL160C,YDR088C,0,-0.29026008,0.08030302822589874,0.6353646516799927,0.7284728288650513
YNR046W,YMR044W,0,-0.29028282,0.08029289543628693,0.6353646516799927,0.7285728454589844
YOR036W,YER014W,0,-0.290287,0.08028275519609451,0.6353646516799927,0.7286728620529175
YGL095C,YLR167W,0,-0.290307,0.0802726224064827,0.6353646516799927,0.7287728786468506
YDR291W,YMR086W,0,-0.29032415,0.08026249706745148,0.6353646516799927,0.7288728952407837
YOR260W,YLR256W,0,-0.2904098,0.08025236427783966,0.6353646516799927,0.7289729118347168
YDR244W,YNL278W,0,-0.2904318,0.08024223893880844,0.6353646516799927,0.7290729284286499
YOR384W,YOR078W,0,-0.29050702,0.08023212105035782,0.6353646516799927,0.729172945022583
YIL122W,YNL077W,0,-0.29052758,0.0802219957113266,0.6353646516799927,0.7292729020118713
YIL053W,YKL077W,0,-0.29055065,0.08021187782287598,0.6353646516799927,0.7293729186058044
YOR060C,YMR024W,0,-0.29056013,0.08020176738500595,0.6353646516799927,0.7294729351997375
YOR384W,YDR345C,0,-0.2905775,0.08019164949655533,0.6353646516799927,0.7295729517936707
YAL003W,YCR031C,0,-0.29058054,0.0801815465092659,0.6353646516799927,0.7296729683876038
YHR064C,YPL190C,0,-0.29063937,0.08017143607139587,0.6353646516799927,0.7297729849815369
YCL029C,YGR004W,0,-0.29065263,0.08016133308410645,0.6353646516799927,0.72987300157547
YBR280C,YBR035C,0,-0.2906927,0.08015123009681702,0.6353646516799927,0.7299730181694031
YMR202W,YLR318W,0,-0.29070416,0.08014112710952759,0.6353646516799927,0.7300730347633362
YAL061W,YNL065W,0,-0.2908669,0.08013103157281876,0.6353646516799927,0.7301729917526245
YLR003C,YCR063W,0,-0.2909218,0.08012093603610992,0.6353646516799927,0.7302730083465576
YJL141C,YGL073W,1,-0.29104614,0.08023680746555328,0.6363636255264282,0.7302730083465576
YLR333C,YAL011W,0,-0.29115355,0.08022669702768326,0.6363636255264282,0.7303730249404907
YGR245C,YJR126C,0,-0.29121608,0.08021659404039383,0.6363636255264282,0.7304730415344238
YBL101C,YIL171W,0,-0.29136807,0.080206498503685,0.6363636255264282,0.7305730581283569
YLL031C,YNL090W,0,-0.291469,0.08019640296697617,0.6363636255264282,0.73067307472229
YGL161C,YDR287W,0,-0.29160893,0.08018630743026733,0.6363636255264282,0.7307730913162231
YLR335W,YKL057C,1,-0.2916144,0.08030207455158234,0.6373626589775085,0.7307730913162231
YKL039W,YGL105W,0,-0.291645,0.08029197156429291,0.6373626589775085,0.7308731079101562
YBR186W,YNL113W,0,-0.29166874,0.08028186857700348,0.6373626589775085,0.7309731245040894
YAR007C,YNL015W,0,-0.29188997,0.08027176558971405,0.6373626589775085,0.7310730814933777
YPL047W,YLR022C,0,-0.29191983,0.08026167005300522,0.6373626589775085,0.7311730980873108
YNL167C,YNR075W,0,-0.29199848,0.08025157451629639,0.6373626589775085,0.7312731146812439
YDL136W,YLR044C,0,-0.29202765,0.08024147897958755,0.6373626589775085,0.731373131275177
YJL174W,YLR393W,0,-0.29204053,0.08023139089345932,0.6373626589775085,0.7314731478691101
YPR156C,YIL063C,0,-0.2920525,0.08022130280733109,0.6373626589775085,0.7315731644630432
YGR075C,YOR036W,0,-0.29205272,0.08021121472120285,0.6373626589775085,0.7316731810569763
YER107C,YMR037C,1,-0.29208496,0.08032684028148651,0.6383616328239441,0.7316731810569763
YKL040C,YBR179C,0,-0.29220396,0.08031674474477768,0.6383616328239441,0.7317731976509094
YKR061W,YGL224C,0,-0.29223335,0.08030664920806885,0.6383616328239441,0.7318732142448425
YDR180W,YFR027W,0,-0.2923149,0.08029655367136002,0.6383616328239441,0.7319731712341309
YDR388W,YOL017W,0,-0.29234016,0.08028646558523178,0.6383616328239441,0.732073187828064
YDL214C,YMR104C,0,-0.29250574,0.08027638494968414,0.6383616328239441,0.7321732044219971
YFR047C,YDL091C,0,-0.29258025,0.08026629686355591,0.6383616328239441,0.7322732210159302
YLR378C,YOL119C,0,-0.29262245,0.08025621622800827,0.6383616328239441,0.7323732376098633
YDR283C,YOL149W,0,-0.29271737,0.08024613559246063,0.6383616328239441,0.7324732542037964
YER122C,YER048C,0,-0.2927225,0.08023606240749359,0.6383616328239441,0.7325732707977295
YKR031C,YBR162W-A,0,-0.292748,0.08022598922252655,0.6383616328239441,0.7326732873916626
YJL159W,YLR361C,0,-0.29275542,0.08021591603755951,0.6383616328239441,0.7327733039855957
YPR181C,YBR171W,0,-0.29296666,0.08020585030317307,0.6383616328239441,0.732873260974884
YGR161C,YGL035C,0,-0.2929685,0.08019578456878662,0.6383616328239441,0.7329732775688171
YML120C,YDL101C,0,-0.29305005,0.08018571883440018,0.6383616328239441,0.7330732941627502
YER109C,YNL287W,0,-0.29308027,0.08017566055059433,0.6383616328239441,0.7331733107566833
YDR105C,YHR001W-A,0,-0.2931305,0.08016560226678848,0.6383616328239441,0.7332733273506165
YDL130W,YML096W,0,-0.29315832,0.08015554398298264,0.6383616328239441,0.7333733439445496
YIL123W,YNL287W,0,-0.29324225,0.08014549314975739,0.6383616328239441,0.7334733605384827
YDL065C,YLR370C,0,-0.29331192,0.08013544231653214,0.6383616328239441,0.7335733771324158
YLR019W,YBR025C,1,-0.29332286,0.08025078475475311,0.6393606662750244,0.7335733771324158
YDR014W,YDR086C,0,-0.29337296,0.08024071902036667,0.6393606662750244,0.7336733937263489
YBL023C,YBR038W,0,-0.2933857,0.08023066073656082,0.6393606662750244,0.7337733507156372
YPL095C,YEL063C,0,-0.29356503,0.08022060990333557,0.6393606662750244,0.7338733673095703
YBR244W,YLR247C,0,-0.29359296,0.08021055161952972,0.6393606662750244,0.7339733839035034
YER141W,YAL003W,0,-0.29359698,0.08020050078630447,0.6393606662750244,0.7340734004974365
YOL154W,YBL054W,0,-0.29363272,0.08019044995307922,0.6393606662750244,0.7341734170913696
YCL066W,YDR235W,0,-0.29365572,0.08018040657043457,0.6393606662750244,0.7342734336853027
YLL010C,YKR037C,0,-0.293684,0.08017036318778992,0.6393606662750244,0.7343734502792358
YHL004W,YGL173C,0,-0.29372674,0.08016031980514526,0.6393606662750244,0.734473466873169
YDR052C,YOR322C,0,-0.2937429,0.08015028387308121,0.6393606662750244,0.734573483467102
YPR010C,YGR004W,0,-0.29377124,0.08014024794101715,0.6393606662750244,0.7346734404563904
YMR156C,YDR197W,0,-0.29378942,0.0801302120089531,0.6393606662750244,0.7347734570503235
YOR201C,YPL116W,0,-0.29380107,0.08012018352746964,0.6393606662750244,0.7348734736442566
YBR215W,YGR253C,0,-0.2938377,0.08011015504598618,0.6393606662750244,0.7349734902381897
YOR132W,YMR051C,0,-0.2938406,0.08010012656450272,0.6393606662750244,0.7350735068321228
YDR160W,YPR066W,0,-0.29397172,0.08009009808301926,0.6393606662750244,0.7351735234260559
YCR024C-A,YLL005C,0,-0.29399127,0.0800800770521164,0.6393606662750244,0.735273540019989
YOL137W,YMR233W,0,-0.2940507,0.08007006347179413,0.6393606662750244,0.7353735566139221
YGR094W,YHR092C,0,-0.2940526,0.08006004244089127,0.6393606662750244,0.7354735732078552
YMR302C,YLR372W,0,-0.29410288,0.080050028860569,0.6393606662750244,0.7355735301971436
YOR316C,YOR190W,0,-0.29414707,0.08004002273082733,0.6393606662750244,0.7356735467910767
YBL046W,YJR042W,0,-0.29420933,0.08003000915050507,0.6393606662750244,0.7357735633850098
YOL113W,YNL216W,0,-0.29423934,0.0800200030207634,0.6393606662750244,0.7358735799789429
YLR212C,YGL008C,0,-0.2943473,0.08001000434160233,0.6393606662750244,0.735973596572876
YJR014W,YIL118W,0,-0.2943741,0.07999999821186066,0.6393606662750244,0.7360736131668091
YJR100C,YDR397C,1,-0.2944065,0.08011498302221298,0.64035964012146,0.7360736131668091
YGL207W,YML040W,0,-0.2944783,0.08010497689247131,0.64035964012146,0.7361736297607422
YDR158W,YOL006C,0,-0.2945991,0.08009496331214905,0.64035964012146,0.7362736463546753
YDL231C,YCL064C,0,-0.29468673,0.08008495718240738,0.64035964012146,0.7363736629486084
YBR089C-A,YGR191W,0,-0.2947383,0.08007495105266571,0.64035964012146,0.7364736199378967
YKR081C,YDR356W,0,-0.29475725,0.08006495237350464,0.64035964012146,0.7365736365318298
YOR227W,YNR032W,0,-0.29499945,0.08005495369434357,0.64035964012146,0.7366736531257629
YDR074W,YAR002W,1,-0.29501617,0.08016982674598694,0.6413586139678955,0.7366736531257629
YDR528W,YNL076W,0,-0.29514363,0.08015982061624527,0.6413586139678955,0.736773669719696
YCR042C,YGR004W,0,-0.29516155,0.0801498144865036,0.6413586139678955,0.7368736863136292
YJR158W,YGR172C,0,-0.29516652,0.08013980835676193,0.6413586139678955,0.7369737029075623
YGL205W,YIR036C,0,-0.29522192,0.08012980222702026,0.6413586139678955,0.7370737195014954
YGL073W,YNL123W,1,-0.29523525,0.08024460077285767,0.6423576474189758,0.7370737195014954
YOL075C,YBL017C,0,-0.29526007,0.0802345871925354,0.6423576474189758,0.7371737360954285
YLR166C,YLR263W,0,-0.29531157,0.08022458106279373,0.6423576474189758,0.7372737526893616
YNL007C,YKL068W,1,-0.29536608,0.08033932000398636,0.6433566212654114,0.7372737526893616
YMR207C,YHR005C,0,-0.29547018,0.0803292989730835,0.6433566212654114,0.7373737096786499
YDL129W,YMR264W,0,-0.2954707,0.08031927794218063,0.6433566212654114,0.737473726272583
YBR091C,YLR167W,0,-0.29550916,0.08030926436185837,0.6433566212654114,0.7375737428665161
YBR290W,YFR050C,0,-0.29551446,0.0802992507815361,0.6433566212654114,0.7376737594604492
YOR257W,YDR047W,0,-0.29556262,0.08028923720121384,0.6433566212654114,0.7377737760543823
YOR022C,YLR058C,0,-0.29562718,0.08027923107147217,0.6433566212654114,0.7378737926483154
YJL026W,YJL173C,0,-0.2956563,0.0802692249417305,0.6433566212654114,0.7379738092422485
YMR006C,YGL208W,0,-0.2958184,0.08025921881198883,0.6433566212654114,0.7380738258361816
YGL097W,YAL023C,0,-0.295891,0.08024922013282776,0.6433566212654114,0.7381738424301147
YDL066W,YBR264C,0,-0.29610148,0.08023922145366669,0.6433566212654114,0.7382737994194031
YER018C,YER169W,0,-0.29613853,0.08022922277450562,0.6433566212654114,0.7383738160133362
YML010W,YDR156W,0,-0.29619756,0.08021923154592514,0.6433566212654114,0.7384738326072693
YOL097C,YAR066W,0,-0.29622585,0.08020924031734467,0.6433566212654114,0.7385738492012024
YIL122W,YLR071C,0,-0.29627123,0.08019924908876419,0.6433566212654114,0.7386738657951355
YDR256C,YML101C,0,-0.29657197,0.08018926531076431,0.6433566212654114,0.7387738823890686
YDR469W,YNL076W,0,-0.29658014,0.08017928153276443,0.6433566212654114,0.7388738989830017
YIL099W,YJR150C,0,-0.29669017,0.08016930520534515,0.6433566212654114,0.7389739155769348
YKR065C,YDR013W,0,-0.2967008,0.08015932142734528,0.6433566212654114,0.7390739321708679
YGR129W,YPL058C,0,-0.2967605,0.080149345099926,0.6433566212654114,0.7391738891601562
YJL198W,YLR364W,0,-0.2967782,0.08013937622308731,0.6433566212654114,0.7392739057540894
YCL035C,YMR202W,0,-0.29679465,0.08012939989566803,0.6433566212654114,0.7393739223480225
YJL198W,YBR265W,0,-0.296883,0.08011943101882935,0.6433566212654114,0.7394739389419556
YMR121C,YMR306W,0,-0.29691958,0.08010946959257126,0.6433566212654114,0.7395739555358887
YOR256C,YGR256W,0,-0.29693234,0.08009950071573257,0.6433566212654114,0.7396739721298218
YER004W,YIL119C,0,-0.29696178,0.08008953928947449,0.6433566212654114,0.7397739887237549
YAL030W,YNL225C,0,-0.2969671,0.080079585313797,0.6433566212654114,0.739874005317688
YDL138W,YCR028C,0,-0.29699922,0.08006962388753891,0.6433566212654114,0.7399740219116211
YOL002C,YMR274C,0,-0.2971332,0.08005966991186142,0.6433566212654114,0.7400739789009094
YNL086W,YDR412W,0,-0.29718345,0.08004972338676453,0.6433566212654114,0.7401739954948425
YDR236C,YBR198C,0,-0.2972518,0.08003976941108704,0.6433566212654114,0.7402740120887756
YGR292W,YPL215W,0,-0.29727173,0.08002982288599014,0.6433566212654114,0.7403740286827087
YKL042W,YLR143W,0,-0.29727548,0.08001988381147385,0.6433566212654114,0.7404740452766418
YDR368W,YHR034C,0,-0.2972936,0.08000993728637695,0.6433566212654114,0.740574061870575
YHL047C,YGL240W,0,-0.2972986,0.07999999821186066,0.6433566212654114,0.7406740784645081
YHR165C,YDR331W,0,-0.29732025,0.07999006658792496,0.6433566212654114,0.7407740950584412
YIL017C,YML101C,0,-0.29746962,0.07998012751340866,0.6433566212654114,0.7408741116523743
YBL042C,YDL174C,0,-0.2975378,0.07997019588947296,0.6433566212654114,0.7409740686416626
YLR371W,YBR107C,0,-0.29763126,0.07996027171611786,0.6433566212654114,0.7410740852355957
YDR495C,YLR306W,0,-0.29764855,0.07995034009218216,0.6433566212654114,0.7411741018295288
YJR089W,YLR055C,0,-0.29772848,0.07994041591882706,0.6433566212654114,0.7412741184234619
YDR347W,YBR056W,0,-0.2977631,0.07993049174547195,0.6433566212654114,0.741374135017395
YLR363C,YOR369C,0,-0.29777554,0.07992057502269745,0.6433566212654114,0.7414741516113281
YMR201C,YBL080C,0,-0.29780883,0.07991065829992294,0.6433566212654114,0.7415741682052612
YGR220C,YPL001W,0,-0.29789084,0.07990074157714844,0.6433566212654114,0.7416741847991943
YGR249W,YGL065C,0,-0.2979551,0.07989083230495453,0.6433566212654114,0.7417742013931274
YAL005C,YGR154C,0,-0.29797953,0.07988092303276062,0.6433566212654114,0.7418741583824158
YDL124W,YNR032W,0,-0.2980446,0.07987101376056671,0.6433566212654114,0.7419741749763489
YOR061W,YKR093W,0,-0.29817665,0.0798611119389534,0.6433566212654114,0.742074191570282
YGR063C,YDR436W,0,-0.29820544,0.07985121011734009,0.6433566212654114,0.7421742081642151
YBR288C,YKR010C,0,-0.2983064,0.07984130829572678,0.6433566212654114,0.7422742247581482
YCR088W,YOR069W,0,-0.29833716,0.07983141392469406,0.6433566212654114,0.7423742413520813
YCR042C,YML022W,0,-0.29838315,0.07982151955366135,0.6433566212654114,0.7424742579460144
YML111W,YLR361C,0,-0.29842466,0.07981162518262863,0.6433566212654114,0.7425742745399475
YGL250W,YGR200C,0,-0.2984845,0.07980173826217651,0.6433566212654114,0.7426742911338806
YLL021W,YNL069C,0,-0.29860598,0.0797918438911438,0.6433566212654114,0.742774248123169
YCL064C,YJR048W,0,-0.2987426,0.07978196442127228,0.6433566212654114,0.742874264717102
YGR063C,YDR116C,0,-0.29875588,0.07977207750082016,0.6433566212654114,0.7429742813110352
YDR191W,YML022W,0,-0.29879117,0.07976219803094864,0.6433566212654114,0.7430742979049683
YNL091W,YGR215W,0,-0.29884195,0.07975231856107712,0.6433566212654114,0.7431743144989014
YJR010C-A,YBR152W,0,-0.2988634,0.0797424465417862,0.6433566212654114,0.7432743310928345
YJL138C,YGR091W,0,-0.29891372,0.07973257452249527,0.6433566212654114,0.7433743476867676
YHR149C,YIL124W,0,-0.2991025,0.07972270250320435,0.6433566212654114,0.7434743642807007
YJR035W,YOR234C,0,-0.29913476,0.07971283793449402,0.6433566212654114,0.7435743808746338
YJR136C,YHL028W,1,-0.29926014,0.0798267349600792,0.6443556547164917,0.7435743808746338
YAL015C,YOL105C,0,-0.29936445,0.07981685549020767,0.6443556547164917,0.7436743378639221
YDL192W,YGR166W,0,-0.29937503,0.07980697602033615,0.6443556547164917,0.7437743544578552
YDR086C,YMR268C,0,-0.29951724,0.07979710400104523,0.6443556547164917,0.7438743710517883
YHR063C,YIR028W,0,-0.2995835,0.0797872319817543,0.6443556547164917,0.7439743876457214
YNL072W,YBR236C,0,-0.29959804,0.07977736741304398,0.6443556547164917,0.7440744042396545
YJL104W,YKL191W,0,-0.2996009,0.07976750284433365,0.6443556547164917,0.7441744208335876
YMR071C,YFL034C-A,0,-0.29960352,0.07975763827562332,0.6443556547164917,0.7442744374275208
YPR100W,YDR536W,0,-0.29966593,0.079747773706913,0.6443556547164917,0.7443744540214539
YLR068W,YFL034C-B,0,-0.29967386,0.07973791658878326,0.6443556547164917,0.744474470615387
YIL040W,YLR067C,0,-0.29969236,0.07972805947065353,0.6443556547164917,0.7445744872093201
YOL105C,YDR258C,1,-0.29973522,0.07984180003404617,0.6453546285629272,0.7445744872093201
YDL081C,YKL060C,0,-0.29983017,0.07983193546533585,0.6453546285629272,0.7446744441986084
YLR361C,YKR080W,0,-0.299883,0.07982207089662552,0.6453546285629272,0.7447744607925415
YJR041C,YLR388W,0,-0.29988807,0.07981220632791519,0.6453546285629272,0.7448744773864746
YDR171W,YPL240C,1,-0.29989767,0.07992587983608246,0.6463536620140076,0.7448744773864746
YGR040W,YGR192C,0,-0.29991084,0.07991600781679153,0.6463536620140076,0.7449744939804077
YOR258W,YIL096C,0,-0.29996678,0.07990613579750061,0.6463536620140076,0.7450745105743408
YJR048W,YER063W,0,-0.30006856,0.07989627122879028,0.6463536620140076,0.7451745271682739
YNL233W,YLR287C-A,0,-0.30010554,0.07988640666007996,0.6463536620140076,0.745274543762207
YOR321W,YCR071C,0,-0.3001707,0.07987654209136963,0.6463536620140076,0.7453745603561401
YKL089W,YGR062C,0,-0.30023533,0.0798666849732399,0.6463536620140076,0.7454745769500732
YJR084W,YMR293C,0,-0.3002486,0.07985682785511017,0.6463536620140076,0.7455745339393616
YJR043C,YER143W,0,-0.30030262,0.07984697073698044,0.6463536620140076,0.7456745505332947
YKR086W,YBR142W,0,-0.30037206,0.0798371210694313,0.6463536620140076,0.7457745671272278
YML103C,YOR008C,1,-0.3003755,0.07995064556598663,0.6473526358604431,0.7457745671272278
YCR068W,YDL104C,0,-0.30037618,0.0799407809972763,0.6473526358604431,0.7458745837211609
YDR447C,YLR370C,0,-0.30042517,0.07993092387914658,0.6473526358604431,0.745974600315094
YOL059W,YGL211W,0,-0.3004535,0.07992106676101685,0.6473526358604431,0.7460746169090271
YJL108C,YBL046W,0,-0.30050695,0.07991120964288712,0.6473526358604431,0.7461746335029602
YHR157W,YGR211W,0,-0.30056512,0.07990135997533798,0.6473526358604431,0.7462746500968933
YJR068W,YNL161W,0,-0.30061424,0.07989150285720825,0.6473526358604431,0.7463746666908264
YOL068C,YNR020C,0,-0.30066988,0.07988165318965912,0.6473526358604431,0.7464746236801147
YNL029C,YOR039W,0,-0.30073136,0.07987181097269058,0.6473526358604431,0.7465746402740479
YKR026C,YER111C,1,-0.30089918,0.07998520880937576,0.6483516693115234,0.7465746402740479
YNL241C,YAL058W,0,-0.30094218,0.07997535169124603,0.6483516693115234,0.746674656867981
YER133W,YFL014W,1,-0.3010283,0.08008871227502823,0.649350643157959,0.746674656867981
YKL216W,YML096W,0,-0.30108094,0.0800788477063179,0.649350643157959,0.7467746734619141
YEL015W,YIL130W,0,-0.30112487,0.08006898313760757,0.649350643157959,0.7468746900558472
YIL084C,YPL075W,0,-0.30116534,0.08005911856889725,0.649350643157959,0.7469747066497803
YMR260C,YDL164C,0,-0.30123663,0.08004926145076752,0.649350643157959,0.7470747232437134
YPL004C,YGL073W,1,-0.3012421,0.08016254007816315,0.6503496766090393,0.7470747232437134
YIL031W,YLR411W,0,-0.3012731,0.08015266805887222,0.6503496766090393,0.7471747398376465
YFR024C-A,YDR511W,0,-0.3015091,0.0801428034901619,0.6503496766090393,0.7472747564315796
YBR072W,YOL105C,1,-0.3016585,0.08025602996349335,0.6513486504554749,0.7472747564315796
YMR263W,YDL116W,1,-0.3016695,0.08036923408508301,0.6523476243019104,0.7472747564315796
YKL069W,YOR070C,0,-0.30181772,0.08035933971405029,0.6523476243019104,0.7473747134208679
YBR291C,YHR088W,0,-0.30182347,0.08034945279359818,0.6523476243019104,0.747474730014801
YML069W,YMR234W,0,-0.3018957,0.08033956587314606,0.6523476243019104,0.7475747466087341
YNL129W,YBR034C,0,-0.30193686,0.08032968640327454,0.6523476243019104,0.7476747632026672
YGR193C,YFL004W,0,-0.30198473,0.08031979948282242,0.6523476243019104,0.7477747797966003
YNR022C,YDR194C,0,-0.30201453,0.0803099274635315,0.6523476243019104,0.7478747963905334
YGR202C,YDR346C,0,-0.30204034,0.08030004799365997,0.6523476243019104,0.7479748129844666
YNL158W,YOR003W,0,-0.30205965,0.08029017597436905,0.6523476243019104,0.7480748295783997
YBR290W,YDR113C,0,-0.3020682,0.08028030395507812,0.6523476243019104,0.7481748461723328
YBR028C,YBR069C,0,-0.30213243,0.0802704393863678,0.6523476243019104,0.7482748031616211
YNL124W,YBR193C,0,-0.3021341,0.08026056736707687,0.6523476243019104,0.7483748197555542
YER070W,YHR072W,0,-0.30215177,0.08025071024894714,0.6523476243019104,0.7484748363494873
YOL030W,YOR360C,0,-0.30218038,0.08024084568023682,0.6523476243019104,0.7485748529434204
YLR044C,YPL175W,0,-0.3023449,0.08023098856210709,0.6523476243019104,0.7486748695373535
YCL067C,YDR528W,0,-0.30236143,0.08022113144397736,0.6523476243019104,0.7487748861312866
YDR123C,YOL156W,0,-0.30236977,0.08021127432584763,0.6523476243019104,0.7488749027252197
YDR507C,YPR175W,0,-0.3024349,0.08020142465829849,0.6523476243019104,0.7489749193191528
YNL021W,YLR435W,0,-0.30253035,0.08019157499074936,0.6523476243019104,0.7490749359130859
YBR162C,YHL002W,0,-0.3025963,0.08018172532320023,0.6523476243019104,0.7491748929023743
YLR421C,YGR002C,0,-0.302688,0.08017188310623169,0.6523476243019104,0.7492749094963074
YEL060C,YLR345W,0,-0.30269817,0.08016204088926315,0.6523476243019104,0.7493749260902405
YIL101C,YHR152W,0,-0.30279583,0.08015220612287521,0.6523476243019104,0.7494749426841736
YNL158W,YHL009C,0,-0.30286026,0.08014236390590668,0.6523476243019104,0.7495749592781067
YBL024W,YLR212C,0,-0.3029271,0.08013252913951874,0.6523476243019104,0.7496749758720398
YEL051W,YLR388W,0,-0.30302402,0.0801227018237114,0.6523476243019104,0.7497749924659729
YGR132C,YJR135C,0,-0.3030709,0.08011286705732346,0.6523476243019104,0.749875009059906
YHL044W,YPR061C,0,-0.30307832,0.08010303974151611,0.6523476243019104,0.7499750256538391
YKL062W,YDR488C,0,-0.3030924,0.08009321987628937,0.6523476243019104,0.7500749826431274
YMR058W,YNL214W,0,-0.3031025,0.08008339256048203,0.6523476243019104,0.7501749992370605
YLR439W,YJR049C,0,-0.3031046,0.08007357269525528,0.6523476243019104,0.7502750158309937
YKL051W,YOL089C,0,-0.30316284,0.08006376028060913,0.6523476243019104,0.7503750324249268
YER133W,YDR397C,1,-0.30318165,0.08017653226852417,0.6533466577529907,0.7503750324249268
YOR030W,YDR291W,0,-0.3031897,0.08016670495271683,0.6533466577529907,0.7504750490188599
YJR044C,YFL036W,0,-0.30329612,0.08015688508749008,0.6533466577529907,0.750575065612793
YLR134W,YNL206C,0,-0.3035435,0.08014705777168274,0.6533466577529907,0.7506750822067261
YFL016C,YPL240C,1,-0.30355108,0.080259770154953,0.6543456315994263,0.7506750822067261
YGR049W,YNL251C,0,-0.30364296,0.08024993538856506,0.6543456315994263,0.7507750988006592
YOL110W,YFL035C-B,0,-0.3036595,0.08024010807275772,0.6543456315994263,0.7508751153945923
YNL064C,YER159C,1,-0.30385393,0.0803527683019638,0.6553446650505066,0.7508751153945923
YDR058C,YDL025C,0,-0.30392218,0.08034292608499527,0.6553446650505066,0.7509750723838806
YHL035C,YDR372C,0,-0.3039837,0.08033309131860733,0.6553446650505066,0.7510750889778137
YER007W,YLR081W,0,-0.30402702,0.0803232491016388,0.6553446650505066,0.7511751055717468
YBR168W,YML116W,0,-0.30403918,0.08031342178583145,0.6553446650505066,0.7512751221656799
YJL014W,YML009C,0,-0.30407158,0.08030358701944351,0.6553446650505066,0.751375138759613
YGL157W,YDL010W,0,-0.30410832,0.08029375970363617,0.6553446650505066,0.7514751553535461
YDR005C,YOR290C,0,-0.30424786,0.08028393238782883,0.6553446650505066,0.7515751719474792
YJL145W,YOR266W,0,-0.30445996,0.08027410507202148,0.6553446650505066,0.7516751885414124
YPR095C,YBR279W,0,-0.3046497,0.08026428520679474,0.6553446650505066,0.7517752051353455
YDL088C,YFL014W,1,-0.30470017,0.08037680387496948,0.6563436388969421,0.7517752051353455
YPL198W,YGL009C,0,-0.30475527,0.08036696910858154,0.6563436388969421,0.7518751621246338
YEL061C,YOR192C,0,-0.30489513,0.0803571417927742,0.6563436388969421,0.7519751787185669
YNL098C,YBR295W,0,-0.3049434,0.08034731447696686,0.6563436388969421,0.7520751953125
YLR170C,YDR179C,0,-0.3050487,0.08033748716115952,0.6563436388969421,0.7521752119064331
YDL103C,YDR381W,0,-0.3050521,0.08032766729593277,0.6563436388969421,0.7522752285003662
YIL027C,YDR197W,0,-0.3050846,0.08031784743070602,0.6563436388969421,0.7523752450942993
YDR054C,YMR305C,0,-0.30511326,0.08030802756547928,0.6563436388969421,0.7524752616882324
YDR471W,YNR055C,0,-0.30517873,0.08029821515083313,0.6563436388969421,0.7525752782821655
YDR047W,YOR171C,0,-0.3053264,0.08028840273618698,0.6563436388969421,0.7526752948760986
YDL193W,YKL209C,0,-0.30532718,0.08027859032154083,0.6563436388969421,0.752775251865387
YOR027W,YIR026C,0,-0.30538028,0.08026878535747528,0.6563436388969421,0.7528752684593201
YAL028W,YDR135C,0,-0.30539605,0.08025898039340973,0.6563436388969421,0.7529752850532532
YDR242W,YCR089W,0,-0.30539775,0.08024917542934418,0.6563436388969421,0.7530753016471863
YDL066W,YPR082C,0,-0.30541307,0.08023937791585922,0.6563436388969421,0.7531753182411194
YER183C,YGL255W,0,-0.30545598,0.08022957295179367,0.6563436388969421,0.7532753348350525
YBR176W,YBR107C,0,-0.30558318,0.08021978288888931,0.6563436388969421,0.7533753514289856
YHL032C,YKL056C,0,-0.3056878,0.08020998537540436,0.6563436388969421,0.7534753680229187
YBR181C,YIL096C,0,-0.30597177,0.0802001953125,0.6563436388969421,0.7535753846168518
YDL231C,YKL002W,0,-0.3059795,0.08019040524959564,0.6563436388969421,0.7536753416061401
YLL013C,YPL036W,0,-0.30619746,0.08018062263727188,0.6563436388969421,0.7537753582000732
YGL070C,YMR261C,0,-0.30621684,0.08017083257436752,0.6563436388969421,0.7538753747940063
YNL322C,YPL153C,0,-0.30625927,0.08016105741262436,0.6563436388969421,0.7539753913879395
YGR289C,YER099C,0,-0.30628192,0.0801512748003006,0.6563436388969421,0.7540754079818726
YOR256C,YMR322C,0,-0.3063723,0.08014149963855743,0.6563436388969421,0.7541754245758057
YKR049C,YML019W,0,-0.30639625,0.08013172447681427,0.6563436388969421,0.7542754411697388
YDR463W,YLL036C,0,-0.30682808,0.0801219493150711,0.6563436388969421,0.7543754577636719
YLR292C,YOR201C,0,-0.3068328,0.08011218160390854,0.6563436388969421,0.754475474357605
YGL044C,YOR271C,0,-0.30686924,0.08010241389274597,0.6563436388969421,0.7545754313468933
YDL100C,YER159C,1,-0.3071323,0.08021455258131027,0.6573426723480225,0.7545754313468933
YDR307W,YGR028W,0,-0.30724218,0.08020477741956711,0.6573426723480225,0.7546754479408264
YLL009C,YNL206C,0,-0.30726993,0.08019500225782394,0.6573426723480225,0.7547754645347595
YKR034W,YMR071C,0,-0.30730662,0.08018522709608078,0.6573426723480225,0.7548754811286926
YOR201C,YOR144C,0,-0.30731574,0.08017545938491821,0.6573426723480225,0.7549754977226257
YMR201C,YOR037W,0,-0.30732676,0.08016569167375565,0.6573426723480225,0.7550755143165588
YBL005W-A,YDR368W,0,-0.30750114,0.08015592396259308,0.6573426723480225,0.7551755309104919
YIL009W,YHR152W,0,-0.30764133,0.08014616370201111,0.6573426723480225,0.755275547504425
YGL047W,YDR246W,0,-0.30782992,0.08013640344142914,0.6573426723480225,0.7553755640983582
YGL070C,YBR015C,0,-0.30787873,0.08012664318084717,0.6573426723480225,0.7554755210876465
YCR063W,YGL029W,0,-0.30788243,0.0801168903708458,0.6573426723480225,0.7555755376815796
YGR087C,YLR150W,0,-0.308109,0.08010713756084442,0.6573426723480225,0.7556755542755127
YKL146W,YBL064C,0,-0.30817884,0.08009738475084305,0.6573426723480225,0.7557755708694458
YER068W,YBL042C,0,-0.30822596,0.08008763194084167,0.6573426723480225,0.7558755874633789
YOL105C,YER111C,1,-0.3082283,0.08019958436489105,0.658341646194458,0.7558755874633789
YFR016C,YHR016C,0,-0.30833942,0.08018982410430908,0.658341646194458,0.755975604057312
YPL161C,YIL084C,0,-0.30848235,0.08018007129430771,0.658341646194458,0.7560756206512451
YHR090C,YFR006W,0,-0.3085786,0.08017031848430634,0.658341646194458,0.7561756372451782
YOL064C,YNR053C,0,-0.30875954,0.08016056567430496,0.658341646194458,0.7562756538391113
YDR329C,YFR040W,0,-0.30876213,0.08015081286430359,0.658341646194458,0.7563756108283997
YKL212W,YDR253C,0,-0.3088093,0.08014106750488281,0.658341646194458,0.7564756274223328
YPL004C,YOR178C,1,-0.30885738,0.08025291562080383,0.6593406796455383,0.7564756274223328
YNL094W,YHR143W-A,0,-0.30886978,0.08024316281080246,0.6593406796455383,0.7565756440162659
YKL088W,YDR238C,0,-0.30887237,0.08023340255022049,0.6593406796455383,0.756675660610199
YPL138C,YOR087W,0,-0.308928,0.08022365719079971,0.6593406796455383,0.7567756772041321
YDL236W,YCL051W,0,-0.30910814,0.08021390438079834,0.6593406796455383,0.7568756937980652
YOL056W,YLR265C,0,-0.3091561,0.08020415902137756,0.6593406796455383,0.7569757103919983
YBL056W,YDR057W,0,-0.30918226,0.08019441366195679,0.6593406796455383,0.7570757269859314
YLR427W,YPL097W,0,-0.30936685,0.08018466830253601,0.6593406796455383,0.7571757435798645
YLR110C,YOL146W,0,-0.3093704,0.08017493039369583,0.6593406796455383,0.7572757005691528
YOL033W,YBR214W,0,-0.3094244,0.08016519248485565,0.6593406796455383,0.7573757171630859
YOR329C,YLR148W,0,-0.30944473,0.08015545457601547,0.6593406796455383,0.757475733757019
YFL016C,YGL073W,1,-0.30948603,0.08026715368032455,0.6603396534919739,0.757475733757019
YOR005C,YOR131C,0,-0.3095613,0.08025740832090378,0.6603396534919739,0.7575757503509521
YML082W,YLR406C,0,-0.3095786,0.080247662961483,0.6603396534919739,0.7576757669448853
YDL113C,YLR037C,0,-0.30971754,0.08023792505264282,0.6603396534919739,0.7577757835388184
YKL005C,YNL014W,0,-0.30973607,0.08022817969322205,0.6603396534919739,0.7578758001327515
YNL012W,YMR110C,0,-0.3097539,0.08021844923496246,0.6603396534919739,0.7579758167266846
YGR279C,YOR217W,0,-0.30977184,0.08020871132612228,0.6603396534919739,0.7580758333206177
YJR113C,YLR139C,0,-0.30980095,0.0801989808678627,0.6603396534919739,0.758175790309906
YKL127W,YOR188W,0,-0.3098144,0.08018925040960312,0.6603396534919739,0.7582758069038391
YDR317W,YLR100W,0,-0.30981892,0.08017952740192413,0.6603396534919739,0.7583758234977722
YDR365C,YLR318W,0,-0.30981925,0.08016979694366455,0.6603396534919739,0.7584758400917053
YDL100C,YNL123W,1,-0.30983457,0.0802813470363617,0.6613386869430542,0.7584758400917053
YMR113W,YKL080W,0,-0.30984023,0.08027161657810211,0.6613386869430542,0.7585758566856384
YDR291W,YNL330C,0,-0.3098548,0.08026187866926193,0.6613386869430542,0.7586758732795715
YHR184W,YHR187W,0,-0.30995476,0.08025214821100235,0.6613386869430542,0.7587758898735046
YMR280C,YPR184W,0,-0.3099651,0.08024242520332336,0.6613386869430542,0.7588759064674377
YGL043W,YGR002C,0,-0.30998865,0.08023270219564438,0.6613386869430542,0.7589759230613708
YKL195W,YMR071C,0,-0.31000486,0.0802229791879654,0.6613386869430542,0.7590758800506592
YGL073W,YOR178C,1,-0.31028953,0.08033442497253418,0.6623376607894897,0.7590758800506592
YDR481C,YEL011W,0,-0.31034067,0.0803246945142746,0.6623376607894897,0.7591758966445923
YKL084W,YOR380W,0,-0.31038642,0.08031496405601501,0.6623376607894897,0.7592759132385254
YOL128C,YAL019W,0,-0.31048733,0.08030523359775543,0.6623376607894897,0.7593759298324585
YMR198W,YDR071C,0,-0.3105163,0.08029550313949585,0.6623376607894897,0.7594759464263916
YJL127C,YOL126C,0,-0.31054267,0.08028578013181686,0.6623376607894897,0.7595759630203247
YLR355C,YLR067C,0,-0.3106652,0.08027606457471848,0.6623376607894897,0.7596759796142578
YBR044C,YKR010C,0,-0.31091166,0.08026634156703949,0.6623376607894897,0.7597759962081909
YJR086W,YPL012W,0,-0.31097525,0.0802566260099411,0.6623376607894897,0.759876012802124
YGL018C,YDL018C,0,-0.3109842,0.08024691045284271,0.6623376607894897,0.7599759697914124
YBR018C,YNR069C,0,-0.31106818,0.08023720234632492,0.6623376607894897,0.7600759863853455
YPL003W,YJL179W,0,-0.31109917,0.08022749423980713,0.6623376607894897,0.7601760029792786
YBL050W,YER170W,0,-0.31112984,0.08021778613328934,0.6623376607894897,0.7602760195732117
YGL048C,YGR046W,0,-0.31126252,0.08020807802677155,0.6623376607894897,0.7603760361671448
YKL069W,YPR154W,0,-0.31143653,0.08019837737083435,0.6623376607894897,0.7604760527610779
YAL002W,YEL017C-A,0,-0.31149137,0.08018867671489716,0.6623376607894897,0.760576069355011
YKL060C,YJR099W,0,-0.3115027,0.08017898350954056,0.6623376607894897,0.7606760859489441
YDR142C,YEL013W,0,-0.3116058,0.08016928285360336,0.6623376607894897,0.7607761025428772
YHR103W,YML061C,0,-0.31169745,0.08015959709882736,0.6623376607894897,0.7608760595321655
YBL020W,YDR003W,0,-0.31171983,0.08014990389347076,0.6623376607894897,0.7609760761260986
YLR310C,YGL129C,0,-0.31176424,0.08014021813869476,0.6623376607894897,0.7610760927200317
YBR082C,YPL079W,0,-0.3120404,0.08013053238391876,0.6623376607894897,0.7611761093139648
YLR435W,YDR017C,0,-0.31212905,0.08012084662914276,0.6623376607894897,0.761276125907898
YPL280W,YNR056C,0,-0.3121813,0.08011116832494736,0.6623376607894897,0.761376142501831
YBR191W,YNL159C,0,-0.31232917,0.08010148257017136,0.6623376607894897,0.7614761590957642
YML103C,YOR007C,1,-0.3125245,0.08021261543035507,0.6633366346359253,0.7614761590957642
YHR152W,YGR007W,0,-0.31254253,0.08020292222499847,0.6633366346359253,0.7615761756896973
YLR098C,YLR055C,0,-0.3125692,0.08019323647022247,0.6633366346359253,0.7616761922836304
YDR261C,YOR019W,0,-0.31264156,0.08018355071544647,0.6633366346359253,0.7617761492729187
YCR009C,YHR021C,0,-0.31268376,0.08017387241125107,0.6633366346359253,0.7618761658668518
YOL004W,YDR192C,1,-0.31275582,0.08028492331504822,0.6643356680870056,0.7618761658668518
YOL033W,YBR229C,0,-0.31281522,0.08027523010969162,0.6643356680870056,0.7619761824607849
YHR110W,YHR171W,0,-0.31285155,0.08026553690433502,0.6643356680870056,0.762076199054718
YAR014C,YGL049C,0,-0.31288528,0.08025585114955902,0.6643356680870056,0.7621762156486511
YAL019W,YFL003C,0,-0.31290263,0.08024616539478302,0.6643356680870056,0.7622762322425842
YPL174C,YLR003C,0,-0.3129105,0.08023648709058762,0.6643356680870056,0.7623762488365173
YPR169W,YGL063W,0,-0.31300712,0.08022680878639221,0.6643356680870056,0.7624762654304504
YPL079W,YML021C,0,-0.31328622,0.08021713048219681,0.6643356680870056,0.7625762820243835
YIL144W,YPR020W,0,-0.3133024,0.0802074521780014,0.6643356680870056,0.7626762390136719
YDL100C,YJR136C,1,-0.31333423,0.0803183764219284,0.6653346419334412,0.7626762390136719
YOL059W,YCL051W,0,-0.31336936,0.0803086906671524,0.6653346419334412,0.762776255607605
YNL283C,YDR258C,1,-0.3133785,0.08041957765817642,0.6663336753845215,0.762776255607605
YNL097C,YDR258C,1,-0.31342137,0.08053044229745865,0.667332649230957,0.762776255607605
YHL028W,YKL057C,1,-0.31346118,0.08064126968383789,0.6683316826820374,0.762776255607605
YGR129W,YNL051W,0,-0.31349123,0.0806315541267395,0.6683316826820374,0.7628762722015381
YGL245W,YLL036C,0,-0.31354952,0.08062183856964111,0.6683316826820374,0.7629762887954712
YNL035C,YMR080C,0,-0.31373462,0.08061212301254272,0.6683316826820374,0.7630763053894043
YER039C,YOL146W,0,-0.3137875,0.08060240745544434,0.6683316826820374,0.7631763219833374
YCR067C,YKL220C,0,-0.3137951,0.08059269934892654,0.6683316826820374,0.7632763385772705
YLR116W,YLL057C,0,-0.3138201,0.08058299124240875,0.6683316826820374,0.7633763551712036
YER133W,YKL068W,1,-0.31386185,0.08069372177124023,0.6693306565284729,0.7633763551712036
YDR198C,YBL084C,0,-0.3139694,0.08068400621414185,0.6693306565284729,0.7634763717651367
YHR197W,YBR055C,0,-0.31411296,0.08067429065704346,0.6693306565284729,0.763576328754425
YBL006C,YHR204W,0,-0.31427866,0.08066458255052567,0.6693306565284729,0.7636763453483582
YGR181W,YLR287C-A,0,-0.31435525,0.08065486699342728,0.6693306565284729,0.7637763619422913
YMR071C,YPR003C,0,-0.31438822,0.08064515888690948,0.6693306565284729,0.7638763785362244
YKL034W,YGR241C,0,-0.31440625,0.08063545823097229,0.6693306565284729,0.7639763951301575
YDL175C,YBL061C,0,-0.31441256,0.0806257501244545,0.6693306565284729,0.7640764117240906
YNL130C,YMR029C,0,-0.31446153,0.0806160494685173,0.6693306565284729,0.7641764283180237
YBR160W,YDR477W,0,-0.31453413,0.08060634881258011,0.6693306565284729,0.7642764449119568
YDR300C,YCR018C,0,-0.31459832,0.08059665560722351,0.6693306565284729,0.7643764615058899
YCR038C,YDR117C,0,-0.3146152,0.08058696240186691,0.6693306565284729,0.7644764184951782
YGL031C,YOR369C,0,-0.31464258,0.08057726919651031,0.6693306565284729,0.7645764350891113
YDR160W,YNL113W,0,-0.31464514,0.08056758344173431,0.6693306565284729,0.7646764516830444
YDR171W,YFL033C,1,-0.31464833,0.08067812770605087,0.6703296899795532,0.7646764516830444
YGR163W,YHR157W,0,-0.31471217,0.08066842705011368,0.6703296899795532,0.7647764682769775
YGR138C,YOR144C,0,-0.31475252,0.08065873384475708,0.6703296899795532,0.7648764848709106
YOR043W,YDR258C,1,-0.31481487,0.08076923340559006,0.6713286638259888,0.7648764848709106
YDR171W,YML007W,1,-0.3148188,0.08087970316410065,0.6723276972770691,0.7648764848709106
YGR132C,YFL022C,0,-0.31490302,0.08086998015642166,0.6723276972770691,0.7649765014648438
YLL026W,YDR397C,1,-0.31492797,0.08098041266202927,0.6733266711235046,0.7649765014648438
YNL293W,YHR133C,0,-0.31493074,0.08097068965435028,0.6733266711235046,0.7650765180587769
YDR322W,YLR142W,0,-0.31499314,0.0809609591960907,0.6733266711235046,0.76517653465271
YBR126C,YFL033C,1,-0.3151191,0.08107133954763412,0.6743256449699402,0.76517653465271
YER040W,YDL184C,0,-0.3151485,0.08106160908937454,0.6743256449699402,0.7652765512466431
YLR319C,YOR171C,0,-0.3152802,0.08105187118053436,0.6743256449699402,0.7653765082359314
YPL235W,YMR042W,0,-0.31536117,0.08104214072227478,0.6743256449699402,0.7654765248298645
YNL064C,YHL028W,1,-0.31537724,0.08115246146917343,0.6753246784210205,0.7654765248298645
YKR086W,YLR086W,0,-0.31540143,0.08114272356033325,0.6753246784210205,0.7655765414237976
YIL030C,YDL149W,0,-0.31550112,0.08113297820091248,0.6753246784210205,0.7656765580177307
YKR026C,YJR066W,1,-0.3155225,0.08124324679374695,0.676323652267456,0.7656765580177307
YDR191W,YGL045W,0,-0.31552777,0.08123350143432617,0.676323652267456,0.7657765746116638
YER184C,YDR202C,0,-0.31565142,0.0812237560749054,0.676323652267456,0.7658765912055969
YMR083W,YGL038C,0,-0.31571358,0.08121401071548462,0.676323652267456,0.76597660779953
YLR220W,YDR128W,0,-0.31572163,0.08120427280664444,0.676323652267456,0.7660766243934631
YNL118C,YHR121W,0,-0.31577498,0.08119452744722366,0.676323652267456,0.7661766409873962
YDL052C,YDL072C,0,-0.31585503,0.08118479698896408,0.676323652267456,0.7662765979766846
YIL070C,YPL204W,0,-0.31588507,0.0811750590801239,0.676323652267456,0.7663766145706177
YJR094W-A,YDL156W,0,-0.3160577,0.08116532862186432,0.676323652267456,0.7664766311645508
YBR273C,YGR280C,0,-0.31614518,0.08115559816360474,0.676323652267456,0.7665766477584839
YDL100C,YNL097C,1,-0.3161666,0.08126573264598846,0.6773226857185364,0.7665766477584839
YHR011W,YIR007W,0,-0.31620336,0.08125599473714828,0.6773226857185364,0.766676664352417
YBR036C,YIL056W,0,-0.31644017,0.0812462568283081,0.6773226857185364,0.7667766809463501
YPR061C,YJL058C,0,-0.31652483,0.08123651891946793,0.6773226857185364,0.7668766975402832
YLL010C,YMR316W,0,-0.3165349,0.08122678846120834,0.6773226857185364,0.7669767141342163
YNL300W,YJR022W,0,-0.3165584,0.08121705800294876,0.6773226857185364,0.7670767307281494
YBL055C,YNL083W,0,-0.31669736,0.08120732754468918,0.6773226857185364,0.7671767473220825
YBL037W,YNL005C,0,-0.31672418,0.08119760453701019,0.6773226857185364,0.7672767043113708
YJR084W,YKR049C,0,-0.3167848,0.08118788152933121,0.6773226857185364,0.767376720905304
YPL086C,YHR123W,0,-0.31689888,0.08117815852165222,0.6773226857185364,0.7674767374992371
YGL246C,YIR002C,0,-0.31695676,0.08116844296455383,0.6773226857185364,0.7675767540931702
YMR305C,YCR073C,0,-0.3169958,0.08115872740745544,0.6773226857185364,0.7676767706871033
YNL158W,YGL184C,0,-0.31710106,0.08114901185035706,0.6773226857185364,0.7677767872810364
YKR050W,YEL004W,0,-0.3172309,0.08113930374383926,0.6773226857185364,0.7678768038749695
YML094W,YKR030W,0,-0.31727728,0.08112959563732147,0.6773226857185364,0.7679768204689026
YMR092C,YIR007W,0,-0.3172794,0.08111988753080368,0.6773226857185364,0.7680768370628357
YDR407C,YDR208W,0,-0.31729612,0.08111017942428589,0.6773226857185364,0.768176794052124
YHR014W,YLR406C,0,-0.3173016,0.0811004787683487,0.6773226857185364,0.7682768106460571
YFR010W,YIL007C,0,-0.3173067,0.0810907781124115,0.6773226857185364,0.7683768272399902
YPL173W,YDR292C,0,-0.317373,0.0810810774564743,0.6773226857185364,0.7684768438339233
YIL157C,YDR208W,0,-0.31743184,0.0810713842511177,0.6773226857185364,0.7685768604278564
YGR244C,YDR197W,0,-0.31745774,0.08106169104576111,0.6773226857185364,0.7686768770217896
YDL189W,YGL086W,0,-0.3175451,0.08105200529098511,0.6773226857185364,0.7687768936157227
YBR126C,YDR192C,1,-0.3175498,0.08116184920072556,0.6783216595649719,0.7687768936157227
YOL004W,YLR260W,1,-0.31767905,0.08127166330814362,0.6793206930160522,0.7687768936157227
YDR291W,YKL139W,0,-0.31792185,0.08126194775104523,0.6793206930160522,0.7688769102096558
YDR166C,YER014W,0,-0.31793538,0.08125223964452744,0.6793206930160522,0.7689769268035889
YKL179C,YMR030W,0,-0.31798542,0.08124253153800964,0.6793206930160522,0.7690768837928772
YLR032W,YBR171W,0,-0.3179946,0.08123283088207245,0.6793206930160522,0.7691769003868103
YHL033C,YDL079C,0,-0.31816468,0.08122312277555466,0.6793206930160522,0.7692769169807434
YLR089C,YDR501W,0,-0.31825426,0.08121342211961746,0.6793206930160522,0.7693769335746765
YOR150W,YJR065C,0,-0.31827128,0.08120372891426086,0.6793206930160522,0.7694769501686096
YDL144C,YER031C,0,-0.31828424,0.08119402825832367,0.6793206930160522,0.7695769667625427
YOR284W,YNL015W,0,-0.31828645,0.08118433505296707,0.6793206930160522,0.7696769833564758
YFL031W,YHR070W,0,-0.31833562,0.08117464184761047,0.6793206930160522,0.7697769999504089
YNL007C,YAR002W,1,-0.31833982,0.08128431439399719,0.6803196668624878,0.7697769999504089
YPL148C,YHR108W,0,-0.31856093,0.08127461373806,0.6803196668624878,0.769877016544342
YER012W,YMR058W,0,-0.31857258,0.0812649130821228,0.6803196668624878,0.7699769735336304
YDR372C,YIL052C,0,-0.31858492,0.0812552198767662,0.6803196668624878,0.7700769901275635
YOR157C,YJL196C,0,-0.3187039,0.0812455266714096,0.6803196668624878,0.7701770067214966
YLR002C,YBR208C,0,-0.3187167,0.08123583346605301,0.6803196668624878,0.7702770233154297
YOL139C,YGR076C,0,-0.31878945,0.08122614771127701,0.6803196668624878,0.7703770399093628
YNL315C,YBR014C,0,-0.31879917,0.08121645450592041,0.6803196668624878,0.7704770565032959
YJL141C,YKL068W,1,-0.31881943,0.08132602274417877,0.6813187003135681,0.7704770565032959
YKL059C,YDR247W,0,-0.31883222,0.08131632208824158,0.6813187003135681,0.770577073097229
YNL233W,YOR307C,0,-0.3188397,0.08130662888288498,0.6813187003135681,0.7706770896911621
YDR308C,YGR087C,0,-0.31886327,0.08129693567752838,0.6813187003135681,0.7707771062850952
YDL161W,YDL136W,0,-0.31891868,0.08128724992275238,0.6813187003135681,0.7708770632743835
YDL124W,YDR386W,0,-0.31911588,0.08127755671739578,0.6813187003135681,0.7709770798683167
YFR047C,YGR023W,0,-0.31921935,0.08126787096261978,0.6813187003135681,0.7710770964622498
YHR200W,YDR267C,0,-0.31925339,0.08125819265842438,0.6813187003135681,0.7711771130561829
YDR171W,YOR008C,1,-0.3192549,0.08136764168739319,0.6823176741600037,0.7711771130561829
YDL147W,YHR123W,0,-0.31936795,0.08135794848203659,0.6823176741600037,0.771277129650116
YNR008W,YDR175C,0,-0.31952003,0.08134826272726059,0.6823176741600037,0.7713771462440491
YGR040W,YER173W,0,-0.31961003,0.08133857697248459,0.6823176741600037,0.7714771628379822
YGR253C,YDL075W,0,-0.31962633,0.08132889121770859,0.6823176741600037,0.7715771794319153
YGR170W,YPL249C,0,-0.31968573,0.08131920546293259,0.6823176741600037,0.7716771960258484
YNL270C,YIL126W,0,-0.31971064,0.08130952715873718,0.6823176741600037,0.7717771530151367
YLR205C,YNL207W,0,-0.31972912,0.08129984885454178,0.6823176741600037,0.7718771696090698
YNL164C,YPR101W,0,-0.31974864,0.08129017055034637,0.6823176741600037,0.7719771862030029
YDR040C,YPL089C,0,-0.31988382,0.08128049224615097,0.6823176741600037,0.772077202796936
YOL033W,YDL095W,0,-0.31991804,0.08127082139253616,0.6823176741600037,0.7721772193908691
YNL106C,YHR171W,0,-0.31997725,0.08126115053892136,0.6823176741600037,0.7722772359848022
YMR063W,YIL070C,0,-0.32003477,0.08125148713588715,0.6823176741600037,0.7723772525787354
YGR006W,YDR309C,0,-0.32004473,0.08124182373285294,0.6823176741600037,0.7724772691726685
YGL205W,YJL207C,0,-0.32027656,0.08123216032981873,0.6823176741600037,0.7725772857666016
YCL035C,YNL077W,0,-0.3203997,0.08122249692678452,0.6823176741600037,0.7726772427558899
YLR385C,YFR030W,0,-0.3204765,0.0812128409743309,0.6823176741600037,0.772777259349823
YLL010C,YOR178C,1,-0.32048452,0.081322081387043,0.683316707611084,0.772777259349823
YNL212W,YPR121W,0,-0.32050806,0.08131241053342819,0.683316707611084,0.7728772759437561
YLR148W,YBR024W,0,-0.32055414,0.08130274713039398,0.683316707611084,0.7729772925376892
YPR036W,YGR183C,0,-0.32058483,0.08129308372735977,0.683316707611084,0.7730773091316223
YJR056C,YDL030W,0,-0.3206091,0.08128342032432556,0.683316707611084,0.7731773257255554
YPL090C,YDR490C,0,-0.32079077,0.08127376437187195,0.683316707611084,0.7732773423194885
YOR116C,YPR155C,0,-0.32100445,0.08126410841941833,0.683316707611084,0.7733773589134216
YDR279W,YHR204W,0,-0.32115513,0.08125445246696472,0.683316707611084,0.7734773755073547
YJR056C,YOL146W,0,-0.32118043,0.0812448039650917,0.683316707611084,0.7735773324966431
YOL034W,YOR073W,0,-0.3211835,0.08123515546321869,0.683316707611084,0.7736773490905762
YOR167C,YDR012W,0,-0.32134753,0.08122550696134567,0.683316707611084,0.7737773656845093
YFL016C,YDL088C,1,-0.32135183,0.08133459836244583,0.6843156814575195,0.7737773656845093
YLR099C,YHR039C,0,-0.3214091,0.08132494240999222,0.6843156814575195,0.7738773822784424
YBR286W,YGL121C,0,-0.32147607,0.0813152864575386,0.6843156814575195,0.7739773988723755
YLR298C,YER114C,0,-0.3215013,0.08130563795566559,0.6843156814575195,0.7740774154663086
YJL140W,YLR182W,1,-0.32157075,0.08141466975212097,0.6853147149085999,0.7740774154663086
YKR026C,YKR082W,1,-0.32159677,0.08152367174625397,0.6863136887550354,0.7740774154663086
YGR209C,YPL010W,0,-0.32160395,0.08151400089263916,0.6863136887550354,0.7741774320602417
YBL074C,YDR231C,0,-0.32160747,0.08150433003902435,0.6863136887550354,0.7742774486541748
YLR092W,YLR385C,0,-0.32160884,0.08149465918540955,0.6863136887550354,0.7743774652481079
YBL103C,YNL014W,0,-0.3216304,0.08148499578237534,0.6863136887550354,0.7744774222373962
YGL250W,YDL149W,0,-0.3216688,0.08147533237934113,0.6863136887550354,0.7745774388313293
YPR066W,YNR027W,0,-0.32167625,0.08146566897630692,0.6863136887550354,0.7746774554252625
YPR095C,YJR060W,0,-0.32184017,0.0814560130238533,0.6863136887550354,0.7747774720191956
YGR063C,YBR213W,0,-0.32187077,0.08144635707139969,0.6863136887550354,0.7748774886131287
YBR158W,YPL177C,0,-0.32187697,0.08143670111894608,0.6863136887550354,0.7749775052070618
YIL039W,YGR148C,0,-0.32189333,0.08142704516649246,0.6863136887550354,0.7750775218009949
YDL116W,YDR074W,1,-0.3219118,0.08153590559959412,0.687312662601471,0.7750775218009949
YNL283C,YOR178C,1,-0.32196438,0.08164474368095398,0.6883116960525513,0.7750775218009949
YLL018C-A,YJR150C,0,-0.32206804,0.08163507282733917,0.6883116960525513,0.775177538394928
YNR045W,YLR085C,0,-0.32209334,0.08162540197372437,0.6883116960525513,0.7752775549888611
YCR009C,YPL187W,0,-0.32209873,0.08161573112010956,0.6883116960525513,0.7753775119781494
YIL097W,YER161C,0,-0.32213384,0.08160606771707535,0.6883116960525513,0.7754775285720825
YOR060C,YGL011C,0,-0.32217062,0.08159639686346054,0.6883116960525513,0.7755775451660156
YHL035C,YMR292W,0,-0.3221906,0.08158674091100693,0.6883116960525513,0.7756775617599487
YDR192C,YDL088C,1,-0.3222007,0.08169547468423843,0.6893106698989868,0.7756775617599487
YKL138C,YJL133W,0,-0.32221287,0.08168580383062363,0.6893106698989868,0.7757775783538818
YER004W,YDL018C,0,-0.3223563,0.08167613297700882,0.6893106698989868,0.7758775949478149
YOR178C,YAR002W,1,-0.32236364,0.08178482949733734,0.6903097033500671,0.7758775949478149
YBR126C,YJR066W,1,-0.32243896,0.08189348876476288,0.6913086771965027,0.7758775949478149
YNR033W,YOR245C,0,-0.3224514,0.08188380300998688,0.6913086771965027,0.775977611541748
YDR545W,YIL103W,0,-0.32251155,0.08187410980463028,0.6913086771965027,0.7760776281356812
YPL015C,YJL042W,0,-0.3226566,0.08186442404985428,0.6913086771965027,0.7761776447296143
YGL201C,YLR006C,0,-0.32274815,0.08185474574565887,0.6913086771965027,0.7762776017189026
YDL112W,YDL052C,0,-0.3227668,0.08184505999088287,0.6913086771965027,0.7763776183128357
YDL191W,YCR071C,0,-0.3227746,0.08183538168668747,0.6913086771965027,0.7764776349067688
YGR086C,YMR263W,1,-0.32280385,0.08194395154714584,0.692307710647583,0.7764776349067688
YKL213C,YBR034C,0,-0.3228324,0.08193426579236984,0.692307710647583,0.7765776515007019
YNR038W,YLR032W,0,-0.32283565,0.08192458003759384,0.692307710647583,0.776677668094635
YDR096W,YKL016C,0,-0.32297617,0.08191489428281784,0.692307710647583,0.7767776846885681
YOR177C,YIL073C,0,-0.32303604,0.08190520852804184,0.692307710647583,0.7768777012825012
YLR435W,YDR143C,0,-0.32305235,0.08189553022384644,0.692307710647583,0.7769777178764343
YDL003W,YDR297W,0,-0.3231368,0.08188585937023163,0.692307710647583,0.7770777344703674
YFL033C,YNL283C,1,-0.32328597,0.08199433237314224,0.6933066844940186,0.7770777344703674
YBR153W,YMR323W,0,-0.3235784,0.08198463916778564,0.6933066844940186,0.7771776914596558
YER148W,YIR031C,0,-0.32376623,0.08197496086359024,0.6933066844940186,0.7772777080535889
YPR017C,YGL135W,0,-0.3239117,0.08196527510881424,0.6933066844940186,0.777377724647522
YDL103C,YER177W,0,-0.32393602,0.08195559680461884,0.6933066844940186,0.7774777412414551
YOR189W,YDR088C,0,-0.3239547,0.08194591850042343,0.6933066844940186,0.7775777578353882
YNL310C,YJL092W,0,-0.3239714,0.08193624764680862,0.6933066844940186,0.7776777744293213
YPL004C,YER159C,1,-0.32401875,0.08204462379217148,0.6943057179450989,0.7776777744293213
YDR255C,YBR058C,0,-0.32402438,0.08203493803739548,0.6943057179450989,0.7777777910232544
YGR103W,YDL065C,0,-0.32415858,0.08202525973320007,0.6943057179450989,0.7778778076171875
YML007W,YAR002W,1,-0.32416287,0.08213358372449875,0.6953046917915344,0.7778778076171875
YLR010C,YKR001C,0,-0.32416713,0.08212389051914215,0.6953046917915344,0.7779778242111206
YLR221C,YKL006W,0,-0.32419252,0.08211420476436615,0.6953046917915344,0.7780777812004089
YLR335W,YER159C,1,-0.32424057,0.08222248405218124,0.6963037252426147,0.7780777812004089
YDR258C,YFL014W,1,-0.32424864,0.08233074098825455,0.6973026990890503,0.7780777812004089
YIL016W,YHR146W,0,-0.32425523,0.08232102543115616,0.6973026990890503,0.778177797794342
YOR383C,YGL022W,0,-0.32426542,0.08231131732463837,0.6973026990890503,0.7782778143882751
YLR335W,YOR178C,1,-0.3242987,0.08241952955722809,0.6983016729354858,0.7782778143882751
YOR357C,YOR037W,0,-0.324303,0.0824098065495491,0.6983016729354858,0.7783778309822083
YGL245W,YMR056C,0,-0.32431862,0.08240009099245071,0.6983016729354858,0.7784778475761414
YBR154C,YML096W,0,-0.32437283,0.08239038288593292,0.6983016729354858,0.7785778641700745
YDR511W,YKL065C,0,-0.32446903,0.08238067477941513,0.6983016729354858,0.7786778807640076
YBL055C,YOR363C,0,-0.3245294,0.08237096667289734,0.6983016729354858,0.7787778973579407
YHL047C,YHR099W,0,-0.32453588,0.08236125856637955,0.6983016729354858,0.7788779139518738
YHL009C,YPL085W,0,-0.3245419,0.08235155791044235,0.6983016729354858,0.7789778709411621
YOR205C,YER016W,0,-0.32456902,0.08234185725450516,0.6983016729354858,0.7790778875350952
YDR412W,YEL016C,0,-0.3246398,0.08233215659856796,0.6983016729354858,0.7791779041290283
YPR166C,YDL207W,0,-0.32467797,0.08232245594263077,0.6983016729354858,0.7792779207229614
YOR048C,YDR528W,0,-0.32469788,0.08231276273727417,0.6983016729354858,0.7793779373168945
YER111C,YJR066W,1,-0.32482326,0.08242081850767136,0.6993007063865662,0.7793779373168945
YKR024C,YBL063W,0,-0.3248426,0.08241111040115356,0.6993007063865662,0.7794779539108276
YGL089C,YDR524C,0,-0.32485464,0.08240140974521637,0.6993007063865662,0.7795779705047607
YGL045W,YBL054W,0,-0.3248952,0.08239171653985977,0.6993007063865662,0.7796779870986938
YLR210W,YHR025W,0,-0.3251124,0.08238201588392258,0.6993007063865662,0.779778003692627
YJR066W,YKR082W,1,-0.3251227,0.0824899971485138,0.7002996802330017,0.779778003692627
YOL049W,YEL006W,0,-0.32520038,0.082480289041996,0.7002996802330017,0.7798779606819153
YJL167W,YGL222C,0,-0.32520115,0.08247058838605881,0.7002996802330017,0.7799779772758484
YBL023C,YIL157C,0,-0.32529056,0.08246088773012161,0.7002996802330017,0.7800779938697815
YHR016C,YAL056W,0,-0.32543314,0.08245118707418442,0.7002996802330017,0.7801780104637146
YPR049C,YPR066W,0,-0.3254405,0.08244149386882782,0.7002996802330017,0.7802780270576477
YML007W,YGL073W,1,-0.32545397,0.08254938572645187,0.701298713684082,0.7802780270576477
YOL033W,YNL130C,0,-0.3254573,0.08253968507051468,0.701298713684082,0.7803780436515808
YLR014C,YJL179W,0,-0.32555836,0.08252997696399689,0.701298713684082,0.7804780602455139
YML094W,YKL113C,0,-0.3256927,0.08252027630805969,0.701298713684082,0.780578076839447
YEL021W,YPL029W,0,-0.32570913,0.0825105756521225,0.701298713684082,0.7806780934333801
YJL057C,YKR095W,0,-0.32594964,0.0825008824467659,0.701298713684082,0.7807780504226685
YKL054C,YMR131C,0,-0.32600197,0.0824911892414093,0.701298713684082,0.7808780670166016
YJL044C,YHR136C,0,-0.326038,0.0824814960360527,0.701298713684082,0.7809780836105347
YPL241C,YBL024W,0,-0.3260911,0.0824718028306961,0.701298713684082,0.7810781002044678
YOL009C,YDR436W,0,-0.32623577,0.0824621170759201,0.701298713684082,0.7811781167984009
YKR034W,YER020W,0,-0.32632908,0.0824524313211441,0.701298713684082,0.781278133392334
YNL233W,YNL264C,0,-0.32637247,0.0824427455663681,0.701298713684082,0.7813781499862671
YOR030W,YNR001C,0,-0.32650006,0.0824330672621727,0.701298713684082,0.7814781665802002
YLR170C,YIL004C,0,-0.32659188,0.0824233889579773,0.701298713684082,0.7815781831741333
YNL133C,YDR390C,0,-0.32662997,0.08241371065378189,0.701298713684082,0.7816781401634216
YIL009W,YML106W,0,-0.32663083,0.08240403980016708,0.701298713684082,0.7817781567573547
YNL224C,YOL144W,0,-0.32668072,0.08239436894655228,0.701298713684082,0.7818781733512878
YGL254W,YPR066W,0,-0.32669318,0.08238469809293747,0.701298713684082,0.781978189945221
YOL060C,YNL336W,0,-0.3267288,0.08237502723932266,0.701298713684082,0.782078206539154
YGR062C,YGR178C,0,-0.32695323,0.08236536383628845,0.701298713684082,0.7821782231330872
YLR127C,YGR058W,0,-0.32697612,0.08235570043325424,0.701298713684082,0.7822782397270203
YLR335W,YFL014W,1,-0.32705027,0.0824633464217186,0.7022976875305176,0.7822782397270203
YOL130W,YER065C,0,-0.32706988,0.0824536681175232,0.7022976875305176,0.7823782563209534
YGR108W,YLR006C,0,-0.32708073,0.08244400471448898,0.7022976875305176,0.7824782729148865
YCR053W,YML018C,0,-0.32719716,0.08243433386087418,0.7022976875305176,0.7825782299041748
YML103C,YER107C,1,-0.32722735,0.08254191279411316,0.7032967209815979,0.7825782299041748
YGR088W,YIL171W,0,-0.32750002,0.08253224194049835,0.7032967209815979,0.7826782464981079
YGL047W,YOR155C,0,-0.32753247,0.08252256363630295,0.7032967209815979,0.782778263092041
YNL086W,YDR036C,0,-0.327635,0.08251289278268814,0.7032967209815979,0.7828782796859741
YHR101C,YBL064C,0,-0.32771334,0.08250322192907333,0.7032967209815979,0.7829782962799072
YDL235C,YHR021C,0,-0.32772997,0.08249355852603912,0.7032967209815979,0.7830783128738403
YBR158W,YLL015W,0,-0.32775792,0.08248388767242432,0.7032967209815979,0.7831783294677734
YHR043C,YJR050W,0,-0.32779932,0.0824742242693901,0.7032967209815979,0.7832783460617065
YFR025C,YGL003C,0,-0.32781625,0.08246456831693649,0.7032967209815979,0.7833783626556396
YEL044W,YOR120W,0,-0.32788768,0.08245490491390228,0.7032967209815979,0.783478319644928
YGL096W,YGL185C,0,-0.3279976,0.08244524896144867,0.7032967209815979,0.7835783362388611
YJR049C,YIR007W,0,-0.32801682,0.08243560045957565,0.7032967209815979,0.7836783528327942
YNL265C,YDR004W,0,-0.3280505,0.08242594450712204,0.7032967209815979,0.7837783694267273
YDR050C,YKR052C,0,-0.3283186,0.08241629600524902,0.7032967209815979,0.7838783860206604
YPL038W,YDR450W,0,-0.32838607,0.08240664750337601,0.7032967209815979,0.7839784026145935
YJR096W,YKL100C,0,-0.32844257,0.08239700645208359,0.7032967209815979,0.7840784192085266
YKL054C,YMR205C,0,-0.32853973,0.08238735795021057,0.7032967209815979,0.7841784358024597
YCL044C,YML007W,0,-0.328546,0.08237771689891815,0.7032967209815979,0.7842784523963928
YKR031C,YPR029C,0,-0.32854906,0.08236808329820633,0.7032967209815979,0.7843784093856812
YGR087C,YFL037W,0,-0.3286931,0.0823584496974945,0.7032967209815979,0.7844784259796143
YGL219C,YDR069C,0,-0.32869828,0.08234881609678268,0.7032967209815979,0.7845784425735474
YDL113C,YPL135W,0,-0.32881284,0.08233918249607086,0.7032967209815979,0.7846784591674805
YIR017C,YMR139W,0,-0.32887015,0.08232954889535904,0.7032967209815979,0.7847784757614136
YPR183W,YDR235W,0,-0.32888892,0.08231992274522781,0.7032967209815979,0.7848784923553467
YER056C,YDR247W,0,-0.3291905,0.08231030404567719,0.7032967209815979,0.7849785089492798
YJR066W,YKL057C,1,-0.329272,0.08241758495569229,0.7042956948280334,0.7849785089492798
YDL194W,YOR140W,0,-0.32932284,0.08240795135498047,0.7042956948280334,0.7850785255432129
YDL101C,YJL058C,0,-0.32937443,0.08239831775426865,0.7042956948280334,0.785178542137146
YPL022W,YIR022W,0,-0.32942215,0.08238868415355682,0.7042956948280334,0.7852784991264343
YDL088C,YLR260W,1,-0.32944825,0.08249591290950775,0.7052947282791138,0.7852784991264343
YJR123W,YHR092C,0,-0.32947165,0.08248627185821533,0.7052947282791138,0.7853785157203674
YML010W,YPL170W,0,-0.32953817,0.08247663825750351,0.7052947282791138,0.7854785323143005
YOR306C,YKL135C,0,-0.32955894,0.08246700465679169,0.7052947282791138,0.7855785489082336
YGR007W,YBR236C,0,-0.32957768,0.08245737105607986,0.7052947282791138,0.7856785655021667
YDL150W,YGL129C,0,-0.32958937,0.08244773745536804,0.7052947282791138,0.7857785820960999
YIL084C,YOL004W,1,-0.32959104,0.0825548842549324,0.7062937021255493,0.7857785820960999
YAR071W,YJR126C,0,-0.32960486,0.08254524320363998,0.7062937021255493,0.785878598690033
YPR017C,YDR097C,0,-0.3297069,0.08253560960292816,0.7062937021255493,0.7859786152839661
YKL033W,YCL033C,0,-0.32994473,0.08252596855163574,0.7062937021255493,0.7860786318778992
YCR038C,YDR466W,0,-0.32996887,0.08251634240150452,0.7062937021255493,0.7861785888671875
YBL047C,YMR268C,0,-0.33008578,0.0825067088007927,0.7062937021255493,0.7862786054611206
YPL195W,YLR384C,0,-0.33008635,0.08249708265066147,0.7062937021255493,0.7863786220550537
YDR314C,YDR406W,0,-0.33009797,0.08248745650053024,0.7062937021255493,0.7864786386489868
YGL023C,YPL176C,0,-0.33012176,0.08247783780097961,0.7062937021255493,0.7865786552429199
YOL077C,YNL218W,0,-0.33018044,0.08246821165084839,0.7062937021255493,0.786678671836853
YOR208W,YER058W,0,-0.33038017,0.08245859295129776,0.7062937021255493,0.7867786884307861
YBR046C,YJR077C,0,-0.33038744,0.08244898170232773,0.7062937021255493,0.7868787050247192
YLR275W,YLR287C-A,0,-0.3304123,0.0824393630027771,0.7062937021255493,0.7869787216186523
YNL039W,YPL009C,0,-0.33059746,0.08242975175380707,0.7062937021255493,0.7870786786079407
YAL051W,YNL268W,0,-0.33060753,0.08242014795541763,0.7062937021255493,0.7871786952018738
YNL207W,YNL111C,0,-0.33063513,0.0824105367064476,0.7062937021255493,0.7872787117958069
YGL213C,YOR182C,0,-0.33066577,0.08240093290805817,0.7062937021255493,0.78737872838974
YIL122W,YLR196W,0,-0.3307551,0.08239132910966873,0.7062937021255493,0.7874787449836731
YDR056C,YCR097W,0,-0.3310034,0.0823817327618599,0.7062937021255493,0.7875787615776062
YFR047C,YPR128C,0,-0.33111402,0.08237212896347046,0.7062937021255493,0.7876787781715393
YBR136W,YKL116C,0,-0.3312855,0.08236253261566162,0.7062937021255493,0.7877787947654724
YDL185W,YLR276C,0,-0.33133876,0.08235294371843338,0.7062937021255493,0.7878788113594055
YPL038W,YHR187W,0,-0.3316976,0.08234334737062454,0.7062937021255493,0.7879787683486938
YOR007C,YNL123W,1,-0.33188856,0.08245021849870682,0.7072927355766296,0.7879787683486938
YOR083W,YGR275W,0,-0.33205938,0.08244061470031738,0.7072927355766296,0.788078784942627
YDR338C,YIL072W,0,-0.3320649,0.08243101835250854,0.7072927355766296,0.7881788015365601
YBR211C,YHL022C,0,-0.33209026,0.08242142200469971,0.7072927355766296,0.7882788181304932
YPR180W,YOR308C,0,-0.33210468,0.08241182565689087,0.7072927355766296,0.7883788347244263
YCR039C,YER045C,0,-0.3321758,0.08240223675966263,0.7072927355766296,0.7884788513183594
YML015C,YML111W,0,-0.33220863,0.08239264786243439,0.7072927355766296,0.7885788679122925
YPL043W,YLR274W,0,-0.33229038,0.08238305896520615,0.7072927355766296,0.7886788845062256
YPR175W,YMR047C,0,-0.33229426,0.0823734700679779,0.7072927355766296,0.7887789011001587
YHL013C,YPL103C,0,-0.33247307,0.08236388862133026,0.7072927355766296,0.788878858089447
YDR258C,YKL057C,1,-0.33263165,0.08247062563896179,0.7082917094230652,0.788878858089447
YBR126C,YJL141C,1,-0.33272967,0.08257734030485153,0.7092906832695007,0.788878858089447
YPL059W,YCR098C,0,-0.33283117,0.0825677439570427,0.7092906832695007,0.7889788746833801
YML078W,YMR277W,0,-0.33294103,0.08255814015865326,0.7092906832695007,0.7890788912773132
YDR495C,YOL138C,0,-0.3329546,0.08254854381084442,0.7092906832695007,0.7891789078712463
YPL138C,YGL090W,0,-0.33311284,0.08253894746303558,0.7092906832695007,0.7892789244651794
YDR307W,YDR018C,0,-0.33312064,0.08252935111522675,0.7092906832695007,0.7893789410591125
YIL121W,YCR020W-B,0,-0.33325616,0.08251975476741791,0.7092906832695007,0.7894789576530457
YLL024C,YDL150W,0,-0.33327353,0.08251016587018967,0.7092906832695007,0.7895789742469788
YJL099W,YOL072W,0,-0.33328795,0.08250058442354202,0.7092906832695007,0.7896789908409119
YLR001C,YMR291W,0,-0.33331388,0.08249099552631378,0.7092906832695007,0.789779007434845
YDR219C,YPR071W,0,-0.33334684,0.08248141407966614,0.7092906832695007,0.7898789644241333
YDR002W,YKL012W,0,-0.33337396,0.0824718326330185,0.7092906832695007,0.7899789810180664
YDR328C,YCL051W,0,-0.33338726,0.08246225118637085,0.7092906832695007,0.7900789976119995
YML115C,YPL030W,0,-0.3334828,0.0824526771903038,0.7092906832695007,0.7901790142059326
YIR034C,YJL101C,0,-0.3334934,0.08244310319423676,0.7092906832695007,0.7902790307998657
YKL032C,YJL116C,0,-0.33439016,0.08243352919816971,0.7092906832695007,0.7903790473937988
YML086C,YOL030W,0,-0.3343927,0.08242396265268326,0.7092906832695007,0.7904790639877319
YBL008W,YNR032W,0,-0.33462653,0.08241439610719681,0.7092906832695007,0.790579080581665
YDR231C,YDL143W,0,-0.3348081,0.08240482956171036,0.7092906832695007,0.7906790971755981
YBR237W,YDR179C,0,-0.33494645,0.08239526301622391,0.7092906832695007,0.7907790541648865
YLR405W,YHR079C-A,0,-0.33495104,0.08238570392131805,0.7092906832695007,0.7908790707588196
YHR028C,YHR017W,0,-0.3349519,0.0823761448264122,0.7092906832695007,0.7909790873527527
YKR026C,YOR043W,1,-0.33507365,0.08248259872198105,0.710289716720581,0.7909790873527527
YLR363C,YML027W,0,-0.3351596,0.0824730321764946,0.710289716720581,0.7910791039466858
YBR233W-A,YDR190C,0,-0.33528474,0.08246346563100815,0.710289716720581,0.7911791205406189
YDR118W,YJR060W,0,-0.3352852,0.0824538990855217,0.710289716720581,0.791279137134552
YFR016C,YGL133W,0,-0.3353352,0.08244433999061584,0.710289716720581,0.7913791537284851
YPR107C,YCR020C,0,-0.3353796,0.08243478089570999,0.710289716720581,0.7914791703224182
YLL010C,YBR072W,1,-0.33541572,0.08254115283489227,0.7112886905670166,0.7914791703224182
YDR293C,YKL150W,0,-0.33548713,0.08253158628940582,0.7112886905670166,0.7915791869163513
YAL021C,YHL031C,0,-0.33561122,0.08252201974391937,0.7112886905670166,0.7916791439056396
YMR186W,YER159C,1,-0.33563408,0.08262834697961807,0.7122877240180969,0.7916791439056396
YFR025C,YJL047C,0,-0.33585098,0.08261877298355103,0.7122877240180969,0.7917791604995728
YOR155C,YPL103C,0,-0.33589697,0.08260919898748398,0.7122877240180969,0.7918791770935059
YAL047C,YOR120W,0,-0.3359354,0.08259963244199753,0.7122877240180969,0.791979193687439
YKL195W,YPR174C,0,-0.33596504,0.08259005844593048,0.7122877240180969,0.7920792102813721
YJR025C,YER153C,0,-0.3359984,0.08258049935102463,0.7122877240180969,0.7921792268753052
YNR046W,YLR385C,0,-0.3361439,0.08257093280553818,0.7122877240180969,0.7922792434692383
YOR003W,YLR001C,0,-0.33622932,0.08256137371063232,0.7122877240180969,0.7923792600631714
YOR267C,YML131W,0,-0.33624402,0.08255181461572647,0.7122877240180969,0.7924792766571045
YNL014W,YML078W,0,-0.33646244,0.08254225552082062,0.7122877240180969,0.7925792336463928
YDR108W,YCL026C-A,0,-0.33661038,0.08253270387649536,0.7122877240180969,0.7926792502403259
YPR124W,YOR374W,0,-0.33665857,0.08252314478158951,0.7122877240180969,0.792779266834259
YOR177C,YLR320W,0,-0.33680186,0.08251360058784485,0.7122877240180969,0.7928792834281921
YNL188W,YJL204C,0,-0.33681858,0.08250404894351959,0.7122877240180969,0.7929793000221252
YJL116C,YLL013C,0,-0.33688182,0.08249450474977493,0.7122877240180969,0.7930793166160583
YGR083C,YKL109W,0,-0.3369649,0.08248496055603027,0.7122877240180969,0.7931793332099915
YOL056W,YMR184W,0,-0.33699697,0.08247541636228561,0.7122877240180969,0.7932793498039246
YOR266W,YGL022W,0,-0.33699727,0.08246587961912155,0.7122877240180969,0.7933793663978577
YOR007C,YOL052C-A,1,-0.33706143,0.08257199078798294,0.7132866978645325,0.7933793663978577
YMR220W,YFR037C,0,-0.33707786,0.08256243914365768,0.7132866978645325,0.793479323387146
YLR418C,YBR023C,0,-0.33717003,0.08255289494991302,0.7132866978645325,0.7935793399810791
YNL059C,YOR312C,0,-0.337182,0.08254335075616837,0.7132866978645325,0.7936793565750122
YEL013W,YLR409C,0,-0.3372087,0.0825338140130043,0.7132866978645325,0.7937793731689453
YLL026W,YJR136C,1,-0.3372117,0.08263985067605972,0.7142857313156128,0.7937793731689453
YDR258C,YNL270C,0,-0.33727935,0.08263029903173447,0.7142857313156128,0.7938793897628784
YDR041W,YOR059C,0,-0.33734083,0.08262075483798981,0.7142857313156128,0.7939794063568115
YGR209C,YNL305C,0,-0.33742806,0.08261121064424515,0.7142857313156128,0.7940794229507446
YBR041W,YDR057W,0,-0.3374464,0.08260166645050049,0.7142857313156128,0.7941794395446777
YDR280W,YNR022C,0,-0.33758992,0.08259212225675583,0.7142857313156128,0.7942794561386108
YNL064C,YLL026W,1,-0.33766,0.08269808441400528,0.7152847051620483,0.7942794561386108
YGL141W,YKL173W,0,-0.33790216,0.08268853276968002,0.7152847051620483,0.7943794131278992
YER096W,YBR186W,0,-0.33793944,0.08267898112535477,0.7152847051620483,0.7944794297218323
YDR219C,YCL068C,0,-0.33800107,0.08266943693161011,0.7152847051620483,0.7945794463157654
YBR181C,YOL017W,0,-0.3380674,0.08265989273786545,0.7152847051620483,0.7946794629096985
YER164W,YBR283C,0,-0.33820963,0.08265034854412079,0.7152847051620483,0.7947794795036316
YER056C-A,YGL181W,0,-0.33823296,0.08264081180095673,0.7152847051620483,0.7948794960975647
YER107C,YLR182W,1,-0.33829504,0.08274668455123901,0.7162837386131287,0.7948794960975647
YIL044C,YIL078W,0,-0.33834615,0.08273713290691376,0.7162837386131287,0.7949795126914978
YOL105C,YGL073W,1,-0.33847156,0.08284296840429306,0.7172827124595642,0.7949795126914978
YER183C,YKL164C,0,-0.33854452,0.08283340930938721,0.7172827124595642,0.7950795292854309
YER030W,YJR135C,0,-0.33854744,0.08282385766506195,0.7172827124595642,0.795179545879364
YDR165W,YOR032C,0,-0.33857992,0.0828142985701561,0.7172827124595642,0.7952795028686523
YNL088W,YLL052C,0,-0.3386136,0.08280475437641144,0.7172827124595642,0.7953795194625854
YNR054C,YBR057C,0,-0.33872217,0.08279520273208618,0.7172827124595642,0.7954795360565186
YDR289C,YGL116W,0,-0.33872935,0.08278565853834152,0.7172827124595642,0.7955795526504517
YBL105C,YNL216W,0,-0.33891517,0.08277611434459686,0.7172827124595642,0.7956795692443848
YLR117C,YIL156W,0,-0.33893195,0.0827665701508522,0.7172827124595642,0.7957795858383179
YLL010C,YLR335W,1,-0.33897498,0.08287229388952255,0.7182817459106445,0.7957795858383179
YCR067C,YGR204W,0,-0.33903104,0.0828627422451973,0.7182817459106445,0.795879602432251
YGR247W,YBR089C-A,0,-0.33909318,0.08285319060087204,0.7182817459106445,0.7959796190261841
YER142C,YMR292W,0,-0.33921185,0.08284364640712738,0.7182817459106445,0.7960796356201172
YEL011W,YJL137C,0,-0.33923182,0.08283410221338272,0.7182817459106445,0.7961795926094055
YOR231W,YOR026W,0,-0.3394215,0.08282455801963806,0.7182817459106445,0.7962796092033386
YLL010C,YFL033C,1,-0.33950442,0.08293019980192184,0.7192807197570801,0.7962796092033386
YDR189W,YLR067C,0,-0.33952513,0.08292064815759659,0.7192807197570801,0.7963796257972717
YOR094W,YBR227C,0,-0.3395516,0.08291110396385193,0.7192807197570801,0.7964796423912048
YER107C,YER111C,1,-0.33957332,0.08301669359207153,0.7202796936035156,0.7964796423912048
YJR073C,YDR506C,0,-0.33984786,0.08300713449716568,0.7202796936035156,0.7965796589851379
YJR044C,YMR297W,0,-0.33986038,0.08299758285284042,0.7202796936035156,0.796679675579071
YNL045W,YLR201C,0,-0.33999917,0.08298803120851517,0.7202796936035156,0.7967796921730042
YDL106C,YJL058C,0,-0.3400131,0.08297847956418991,0.7202796936035156,0.7968797087669373
YMR186W,YBR025C,1,-0.34005278,0.08308400213718414,0.721278727054596,0.7968797087669373
YPL140C,YDR113C,0,-0.3400956,0.08307444304227829,0.721278727054596,0.7969797253608704
YMR223W,YHR143W,0,-0.34032756,0.08306488394737244,0.721278727054596,0.7970796823501587
YKL179C,YHR204W,0,-0.34033388,0.08305533230304718,0.721278727054596,0.7971796989440918
YGL123W,YBR087W,0,-0.34041703,0.08304578065872192,0.721278727054596,0.7972797155380249
YJR049C,YNL130C,0,-0.3404338,0.08303622901439667,0.721278727054596,0.797379732131958
YDR439W,YOL120C,0,-0.34045494,0.08302667737007141,0.721278727054596,0.7974797487258911
YIR037W,YML095C,0,-0.3405152,0.08301713317632675,0.721278727054596,0.7975797653198242
YBR215W,YNL064C,0,-0.34053874,0.08300758898258209,0.721278727054596,0.7976797819137573
YDR435C,YGL128C,0,-0.34081608,0.08299804478883743,0.721278727054596,0.7977797985076904
YGR037C,YPR005C,0,-0.34085846,0.08298850804567337,0.721278727054596,0.7978798151016235
YGL213C,YNL067W,0,-0.3408717,0.08297897130250931,0.721278727054596,0.7979797720909119
YNL020C,YOL011W,0,-0.34092626,0.08296943455934525,0.721278727054596,0.798079788684845
YKR039W,YKL107W,0,-0.34095454,0.08295989781618118,0.721278727054596,0.7981798052787781
YAL030W,YNL194C,0,-0.34100902,0.08295036852359772,0.721278727054596,0.7982798218727112
YDR171W,YLR335W,1,-0.34114334,0.08305571228265762,0.7222777009010315,0.7982798218727112
YMR244C-A,YGL045W,0,-0.34142846,0.08304617553949356,0.7222777009010315,0.7983798384666443
YOR007C,YOL105C,1,-0.3414725,0.08315148949623108,0.7232767343521118,0.7983798384666443
YAL025C,YGR116W,0,-0.34149557,0.08314193785190582,0.7232767343521118,0.7984798550605774
YER068W,YBR034C,0,-0.34168172,0.08313239365816116,0.7232767343521118,0.7985798716545105
YOR196C,YMR047C,0,-0.3416862,0.0831228494644165,0.7232767343521118,0.7986798882484436
YKL114C,YOR190W,0,-0.34171,0.08311330527067184,0.7232767343521118,0.7987799048423767
YLR106C,YHL013C,0,-0.3418448,0.08310376852750778,0.7232767343521118,0.798879861831665
YOR271C,YBR198C,0,-0.34191388,0.08309422433376312,0.7232767343521118,0.7989798784255981
YPL057C,YOL089C,0,-0.3419457,0.08308468759059906,0.7232767343521118,0.7990798950195312
YCR088W,YPL079W,0,-0.34205246,0.0830751582980156,0.7232767343521118,0.7991799116134644
YJR104C,YMR220W,0,-0.34223118,0.08306562900543213,0.7232767343521118,0.7992799282073975
YHR181W,YJL179W,0,-0.342401,0.08305609971284866,0.7232767343521118,0.7993799448013306
YGL012W,YGR204W,0,-0.34245494,0.0830465704202652,0.7232767343521118,0.7994799613952637
YJL062W,YPL126W,0,-0.34250814,0.08303704857826233,0.7232767343521118,0.7995799779891968
YJL089W,YHR197W,0,-0.34272653,0.08302751928567886,0.7232767343521118,0.7996799945831299
YDR188W,YML014W,0,-0.34273803,0.08301800489425659,0.7232767343521118,0.7997799515724182
YKR061W,YNL009W,0,-0.34286186,0.08300848305225372,0.7232767343521118,0.7998799681663513
YPL092W,YLR120C,0,-0.34291136,0.08299896866083145,0.7232767343521118,0.7999799847602844
YJR066W,YAR002W,1,-0.34291345,0.08310408145189285,0.7242757081985474,0.7999799847602844
YHR139C,YGR200C,0,-0.3430562,0.08309455215930939,0.7242757081985474,0.8000800013542175
YLR210W,YDR025W,0,-0.3431503,0.08308503031730652,0.7242757081985474,0.8001800179481506
YNL292W,YKL196C,0,-0.34316424,0.08307551592588425,0.7242757081985474,0.8002800345420837
YPL271W,YDR251W,0,-0.3431723,0.08306599408388138,0.7242757081985474,0.8003800511360168
YKR003W,YOL016C,0,-0.3431846,0.0830564796924591,0.7242757081985474,0.80048006772995
YDR129C,YBL090W,0,-0.34319264,0.08304696530103683,0.7242757081985474,0.8005800843238831
YOL113W,YOR269W,0,-0.34321427,0.08303745090961456,0.7242757081985474,0.8006800413131714
YPL012W,YGR076C,0,-0.34322655,0.08302794396877289,0.7242757081985474,0.8007800579071045
YNL283C,YHL028W,1,-0.3432471,0.08313294500112534,0.7252747416496277,0.8007800579071045
YDL100C,YOL052C-A,1,-0.3432899,0.08323792368173599,0.7262737154960632,0.8007800579071045
YLR010C,YBL056W,0,-0.34336236,0.08322839438915253,0.7262737154960632,0.8008800745010376
YDR495C,YJR159W,0,-0.34341422,0.08321886509656906,0.7262737154960632,0.8009800910949707
YGL142C,YOR096W,0,-0.3434282,0.08320934325456619,0.7262737154960632,0.8010801076889038
YMR011W,YPL137C,0,-0.3434835,0.08319981396198273,0.7262737154960632,0.8011801242828369
YGL166W,YLR315W,0,-0.34349632,0.08319029957056046,0.7262737154960632,0.80128014087677
YPL237W,YNR011C,0,-0.34355783,0.08318077772855759,0.7262737154960632,0.8013801574707031
YML005W,YGR194C,0,-0.34372365,0.08317126333713531,0.7262737154960632,0.8014801740646362
YOL039W,YNL068C,0,-0.34385258,0.08316174894571304,0.7262737154960632,0.8015801310539246
YMR171C,YDR085C,0,-0.34386224,0.08315223455429077,0.7262737154960632,0.8016801476478577
YGL035C,YNL145W,0,-0.3438763,0.0831427276134491,0.7262737154960632,0.8017801642417908
YPR041W,YER124C,0,-0.34417695,0.08313322067260742,0.7262737154960632,0.8018801808357239
YHR176W,YDR487C,0,-0.34417886,0.08312371373176575,0.7262737154960632,0.801980197429657
YKR077W,YPR161C,0,-0.3445098,0.08311421424150467,0.7262737154960632,0.8020802140235901
YBR072W,YKL068W,1,-0.34454054,0.0832190215587616,0.7272727489471436,0.8020802140235901
YDR021W,YOL002C,0,-0.34458047,0.08320950716733932,0.7272727489471436,0.8021802306175232
YPL117C,YEL026W,0,-0.344644,0.08320000022649765,0.7272727489471436,0.8022802472114563
YOR117W,YGL039W,0,-0.34464806,0.08319049328565598,0.7272727489471436,0.8023802638053894
YNL306W,YPL130W,0,-0.3446656,0.0831809863448143,0.7272727489471436,0.8024802207946777
YPL148C,YHR160C,0,-0.34471142,0.08317148685455322,0.7272727489471436,0.8025802373886108
YHR028C,YFR014C,0,-0.34480608,0.08316197991371155,0.7272727489471436,0.802680253982544
YLR319C,YDR208W,0,-0.34487045,0.08315248787403107,0.7272727489471436,0.802780270576477
YOL016C,YAL053W,0,-0.3449069,0.08314298838376999,0.7272727489471436,0.8028802871704102
YPL231W,YPL153C,0,-0.34492916,0.08313349634408951,0.7272727489471436,0.8029803037643433
YDR014W,YGR181W,0,-0.34495962,0.08312400430440903,0.7272727489471436,0.8030803203582764
YIL125W,YPL226W,0,-0.34502804,0.08311451226472855,0.7272727489471436,0.8031803369522095
YGL063W,YDR292C,0,-0.34506893,0.08310502022504807,0.7272727489471436,0.8032803535461426
YHL024W,YCR010C,0,-0.34508753,0.08309553563594818,0.7272727489471436,0.8033803105354309
YGR231C,YGL161C,0,-0.3451213,0.0830860510468483,0.7272727489471436,0.803480327129364
YDR402C,YPL209C,0,-0.34516233,0.08307657390832901,0.7272727489471436,0.8035803437232971
YMR029C,YML125C,0,-0.34523565,0.08306708931922913,0.7272727489471436,0.8036803603172302
YHR098C,YMR195W,0,-0.34527025,0.08305761218070984,0.7272727489471436,0.8037803769111633
YLL015W,YHL006C,0,-0.34541386,0.08304814249277115,0.7272727489471436,0.8038803935050964
YLL016W,YDR289C,0,-0.3454177,0.08303866535425186,0.7272727489471436,0.8039804100990295
YPR057W,YER016W,0,-0.34559256,0.08302919566631317,0.7272727489471436,0.8040804266929626
YDL100C,YKL068W,1,-0.3457142,0.083133764564991,0.7282717227935791,0.8040804266929626
YDL223C,YGR055W,0,-0.34574887,0.08312428742647171,0.7282717227935791,0.8041804432868958
YJL140W,YER159C,1,-0.34575564,0.08322881907224655,0.7292707562446594,0.8041804432868958
YML082W,YGL029W,0,-0.34575891,0.08321933448314667,0.7292707562446594,0.8042804002761841
YNL272C,YAL026C,0,-0.345788,0.08320984989404678,0.7292707562446594,0.8043804168701172
YML007W,YAL013W,1,-0.3460505,0.08331433683633804,0.730269730091095,0.8043804168701172
YDR441C,YML027W,0,-0.3460623,0.08330484479665756,0.730269730091095,0.8044804334640503
YDL092W,YPR141C,0,-0.34610778,0.08329535275697708,0.730269730091095,0.8045804500579834
YMR116C,YGR191W,0,-0.34611973,0.0832858607172966,0.730269730091095,0.8046804666519165
YFL033C,YDL088C,1,-0.34627032,0.08339029550552368,0.7312687039375305,0.8046804666519165
YAL013W,YNL123W,1,-0.34631035,0.08349470049142838,0.7322677373886108,0.8046804666519165
YHR176W,YBR126C,0,-0.34645078,0.0834851935505867,0.7322677373886108,0.8047804832458496
YDR394W,YOL055C,0,-0.3465243,0.08347568660974503,0.7322677373886108,0.8048804998397827
YML016C,YBR022W,0,-0.34652835,0.08346617966890335,0.7322677373886108,0.8049805164337158
YOR049C,YDR200C,0,-0.34663162,0.08345668017864227,0.7322677373886108,0.8050805330276489
YOL075C,YDR214W,0,-0.34675854,0.0834471732378006,0.7322677373886108,0.8051804900169373
YLR328W,YCR034W,0,-0.3468238,0.08343768119812012,0.7322677373886108,0.8052805066108704
YGL194C,YNL051W,0,-0.34692782,0.08342818170785904,0.7322677373886108,0.8053805232048035
YMR022W,YER177W,0,-0.34700352,0.08341868966817856,0.7322677373886108,0.8054805397987366
YGL003C,YML024W,0,-0.34714794,0.08340919762849808,0.7322677373886108,0.8055805563926697
YGL045W,YHR062C,0,-0.3473152,0.0833997055888176,0.7322677373886108,0.8056805729866028
YOL020W,YBL020W,0,-0.34735414,0.08339021354913712,0.7322677373886108,0.8057805895805359
YAL062W,YIL112W,0,-0.34775335,0.08338072896003723,0.7322677373886108,0.805880606174469
YBL013W,YKL116C,0,-0.34783804,0.08337124437093735,0.7322677373886108,0.8059806227684021
YCR008W,YNL002C,0,-0.34786442,0.08336176723241806,0.7322677373886108,0.8060805797576904
YKL051W,YLL018C,0,-0.3480027,0.08335228264331818,0.7322677373886108,0.8061805963516235
YFL033C,YBR072W,1,-0.34800395,0.08345650881528854,0.7332667112350464,0.8061805963516235
YDR358W,YJL137C,0,-0.34811664,0.08344702422618866,0.7332667112350464,0.8062806129455566
YJR073C,YDR531W,0,-0.34817135,0.08343753218650818,0.7332667112350464,0.8063806295394897
YDR486C,YOR001W,0,-0.34821817,0.08342805504798889,0.7332667112350464,0.8064806461334229
YFR051C,YHR111W,0,-0.3482663,0.08341857045888901,0.7332667112350464,0.806580662727356
YKL157W,YOR267C,0,-0.3482776,0.08340909332036972,0.7332667112350464,0.8066806793212891
YPL048W,YER005W,0,-0.34843546,0.08339961618185043,0.7332667112350464,0.8067806959152222
YFL033C,YLR019W,1,-0.34855616,0.08350374549627304,0.7342657446861267,0.8067806959152222
YCR003W,YCR065W,0,-0.34877682,0.08349426090717316,0.7342657446861267,0.8068807125091553
YBR077C,YER033C,0,-0.3488031,0.08348477631807327,0.7342657446861267,0.8069806694984436
YNL097C,YAR002W,1,-0.34892088,0.0835888683795929,0.7352647185325623,0.8069806694984436
YKR090W,YKL152C,0,-0.34895697,0.08357937633991241,0.7352647185325623,0.8070806860923767
YGL246C,YER164W,0,-0.34896806,0.08356988430023193,0.7352647185325623,0.8071807026863098
YHR149C,YER176W,0,-0.3489778,0.08356039971113205,0.7352647185325623,0.8072807192802429
YNR053C,YPL242C,0,-0.34911513,0.08355091512203217,0.7352647185325623,0.807380735874176
YDR213W,YKL135C,0,-0.34920937,0.08354143053293228,0.7352647185325623,0.8074807524681091
YAL021C,YPL032C,0,-0.34931025,0.0835319459438324,0.7352647185325623,0.8075807690620422
YJR043C,YPL004C,0,-0.34933463,0.08352246880531311,0.7352647185325623,0.8076807856559753
YDR044W,YNL287W,0,-0.3494273,0.08351299166679382,0.7352647185325623,0.8077808022499084
YKR052C,YKL220C,0,-0.34944296,0.08350351452827454,0.7352647185325623,0.8078807592391968
YOR258W,YOL049W,0,-0.34946713,0.08349404484033585,0.7352647185325623,0.8079807758331299
YMR162C,YGR188C,0,-0.34948772,0.08348457515239716,0.7352647185325623,0.808080792427063
YDL091C,YHR190W,0,-0.34954137,0.08347510546445847,0.7352647185325623,0.8081808090209961
YOL061W,YMR211W,0,-0.3496009,0.08346563577651978,0.7352647185325623,0.8082808256149292
YKR013W,YLR007W,0,-0.34974125,0.08345617353916168,0.7352647185325623,0.8083808422088623
YOR044W,YGR277C,0,-0.34976548,0.08344671130180359,0.7352647185325623,0.8084808588027954
YBR103W,YLR239C,0,-0.34977373,0.0834372490644455,0.7352647185325623,0.8085808753967285
YGL156W,YPL280W,0,-0.3497765,0.083427794277668,0.7352647185325623,0.8086808919906616
YOR043W,YMR037C,1,-0.35005793,0.08353167772293091,0.7362637519836426,0.8086808919906616
YDR001C,YKR067W,0,-0.35020164,0.08352221548557281,0.7362637519836426,0.80878084897995
YBR162C,YPL105C,0,-0.35022438,0.08351274579763412,0.7362637519836426,0.8088808655738831
YOL139C,YBR279W,0,-0.35026038,0.08350328356027603,0.7362637519836426,0.8089808821678162
YDL146W,YDR384C,0,-0.35026848,0.08349382877349854,0.7362637519836426,0.8090808987617493
YDR231C,YDL159W,0,-0.3504698,0.08348436653614044,0.7362637519836426,0.8091809153556824
YGR263C,YAR018C,0,-0.35050547,0.08347491174936295,0.7362637519836426,0.8092809319496155
YKL139W,YKR058W,0,-0.35052347,0.08346545696258545,0.7362637519836426,0.8093809485435486
YBL090W,YIL043C,0,-0.35054114,0.08345600962638855,0.7362637519836426,0.8094809651374817
YHR019C,YMR016C,0,-0.35061324,0.08344655483961105,0.7362637519836426,0.8095809817314148
YBR152W,YKL191W,0,-0.35065275,0.08343710750341415,0.7362637519836426,0.8096809387207031
YOL071W,YIL041W,0,-0.35069847,0.08342766761779785,0.7362637519836426,0.8097809553146362
YPL192C,YGR161C,0,-0.35073668,0.08341822028160095,0.7362637519836426,0.8098809719085693
YIL144W,YHR090C,0,-0.3507496,0.08340878039598465,0.7362637519836426,0.8099809885025024
YHR206W,YCR028C,0,-0.35085186,0.08339934051036835,0.7362637519836426,0.8100810050964355
YOL018C,YPR079W,0,-0.35085323,0.08338990807533264,0.7362637519836426,0.8101810216903687
YLR048W,YLR388W,0,-0.35100192,0.08338047564029694,0.7362637519836426,0.8102810382843018
YGL077C,YDR397C,0,-0.35114795,0.08337104320526123,0.7362637519836426,0.8103810548782349
YGL095C,YGL151W,0,-0.35117632,0.08336161077022552,0.7362637519836426,0.810481071472168
YFL062W,YJL159W,0,-0.35125282,0.08335218578577042,0.7362637519836426,0.8105810284614563
YER015W,YDR001C,0,-0.35126156,0.08334275335073471,0.7362637519836426,0.8106810450553894
YMR037C,YHL028W,1,-0.35154235,0.08344640582799911,0.7372627258300781,0.8106810450553894
YDL100C,YML007W,1,-0.35155544,0.08355002850294113,0.7382617592811584,0.8106810450553894
YOL154W,YGR166W,0,-0.35156915,0.08354058116674423,0.7382617592811584,0.8107810616493225
YHR133C,YML005W,0,-0.35161996,0.08353114128112793,0.7382617592811584,0.8108810782432556
YGL134W,YBR264C,0,-0.3517388,0.08352170139551163,0.7382617592811584,0.8109810948371887
YHR023W,YPL204W,0,-0.35177776,0.08351226150989532,0.7382617592811584,0.8110811114311218
YHR043C,YOR182C,0,-0.3518507,0.08350282162427902,0.7382617592811584,0.8111811280250549
YML086C,YKR052C,0,-0.35188678,0.08349338918924332,0.7382617592811584,0.811281144618988
YDR045C,YPR181C,0,-0.35190243,0.08348395675420761,0.7382617592811584,0.8113811612129211
YBR068C,YNL054W,0,-0.3519156,0.0834745317697525,0.7382617592811584,0.8114811778068542
YNL068C,YML025C,0,-0.35207742,0.0834650993347168,0.7382617592811584,0.8115811347961426
YGL073W,YPR161C,0,-0.35208958,0.08345567435026169,0.7382617592811584,0.8116811513900757
YMR092C,YAL032C,0,-0.3522654,0.08344624936580658,0.7382617592811584,0.8117811679840088
YPL206C,YLR158C,0,-0.3526519,0.08343683183193207,0.7382617592811584,0.8118811845779419
YLR200W,YIL155C,0,-0.35268086,0.08342740684747696,0.7382617592811584,0.811981201171875
YJL020C,YPL215W,0,-0.35283405,0.08341798931360245,0.7382617592811584,0.8120812177658081
YBR213W,YAL003W,0,-0.3528689,0.08340857923030853,0.7382617592811584,0.8121812343597412
YNL097C,YJL141C,1,-0.35289034,0.08351201564073563,0.739260733127594,0.8121812343597412
YHR079C-A,YGL008C,0,-0.3529682,0.08350259810686111,0.739260733127594,0.8122812509536743
YOR229W,YLR222C,0,-0.35298362,0.083493173122406,0.739260733127594,0.8123812675476074
YLR293C,YLR275W,0,-0.3530394,0.0834837555885315,0.739260733127594,0.8124812245368958
YGR024C,YKL173W,0,-0.35306507,0.08347433805465698,0.739260733127594,0.8125812411308289
YGL047W,YDR393W,0,-0.3530662,0.08346492052078247,0.739260733127594,0.812681257724762
YMR263W,YBR025C,1,-0.35309023,0.08356828987598419,0.7402597665786743,0.812681257724762
YLL031C,YBR044C,0,-0.35311216,0.08355886489152908,0.7402597665786743,0.8127812743186951
YOR273C,YER166W,0,-0.35311943,0.08354943990707397,0.7402597665786743,0.8128812909126282
YJL167W,YPL088W,0,-0.35312873,0.08354002237319946,0.7402597665786743,0.8129813075065613
YNL173C,YDL115C,0,-0.35323858,0.08353060483932495,0.7402597665786743,0.8130813241004944
YLR133W,YDL017W,0,-0.35336396,0.08352118730545044,0.7402597665786743,0.8131813406944275
YER157W,YDR309C,0,-0.3534062,0.08351177722215652,0.7402597665786743,0.8132813572883606
YJL065C,YKR086W,0,-0.353419,0.08350236713886261,0.7402597665786743,0.8133813142776489
YPR021C,YDR228C,0,-0.35351962,0.0834929570555687,0.7402597665786743,0.813481330871582
YDL064W,YBR251W,0,-0.3535514,0.08348355442285538,0.7402597665786743,0.8135813474655151
YDL154W,YDR142C,0,-0.35359973,0.08347414433956146,0.7402597665786743,0.8136813640594482
YMR302C,YJR094W-A,0,-0.35366258,0.08346474170684814,0.7402597665786743,0.8137813806533813
YKR079C,YPL193W,0,-0.35369685,0.08345534652471542,0.7402597665786743,0.8138813972473145
YKR088C,YAL011W,0,-0.3537007,0.0834459438920021,0.7402597665786743,0.8139814138412476
YPL152W,YOR344C,0,-0.3537658,0.08343654870986938,0.7402597665786743,0.8140814304351807
YNL136W,YCL038C,0,-0.35381177,0.08342715352773666,0.7402597665786743,0.8141814470291138
YIR015W,YER029C,0,-0.35383564,0.08341776579618454,0.7402597665786743,0.8142814040184021
YDL064W,YMR014W,0,-0.3538601,0.08340837806463242,0.7402597665786743,0.8143814206123352
YGR108W,YPL121C,0,-0.35389912,0.08339899033308029,0.7402597665786743,0.8144814372062683
YOR329C,YOR188W,0,-0.35398808,0.08338960260152817,0.7402597665786743,0.8145814538002014
YLR266C,YLR342W,0,-0.3541095,0.08338021486997604,0.7402597665786743,0.8146814703941345
YGR062C,YPL028W,0,-0.35415643,0.08337083458900452,0.7402597665786743,0.8147814869880676
YML126C,YJL133W,0,-0.35422447,0.08336145430803299,0.7402597665786743,0.8148815035820007
YER054C,YCR065W,0,-0.35423404,0.08335208147764206,0.7402597665786743,0.8149815201759338
YJL212C,YOR332W,0,-0.35424027,0.08334270864725113,0.7402597665786743,0.8150815367698669
YKL029C,YML018C,0,-0.3542468,0.0833333358168602,0.7402597665786743,0.8151814937591553
YER045C,YOL132W,0,-0.35427746,0.08332396298646927,0.7402597665786743,0.8152815103530884
YJL136C,YDL247W,0,-0.3542905,0.08331459760665894,0.7402597665786743,0.8153815269470215
YLR352W,YPL006W,0,-0.35431963,0.083305224776268,0.7402597665786743,0.8154815435409546
YER036C,YJR068W,0,-0.35443747,0.08329586684703827,0.7402597665786743,0.8155815601348877
YKL176C,YER063W,0,-0.35444367,0.08328650146722794,0.7402597665786743,0.8156815767288208
YOL110W,YHR034C,0,-0.35452673,0.0832771435379982,0.7402597665786743,0.8157815933227539
YPL183C,YFL004W,0,-0.3548319,0.08326778560876846,0.7402597665786743,0.815881609916687
YML088W,YER129W,0,-0.35506123,0.08325842767953873,0.7402597665786743,0.8159816265106201
YKL034W,YMR271C,0,-0.35510904,0.08324906975030899,0.7402597665786743,0.8160815834999084
YER075C,YJL118W,0,-0.35516992,0.08323971927165985,0.7402597665786743,0.8161816000938416
YDL178W,YDR246W,0,-0.35530537,0.08323036879301071,0.7402597665786743,0.8162816166877747
YNL216W,YML092C,0,-0.3554891,0.08322102576494217,0.7402597665786743,0.8163816332817078
YCL067C,YML024W,0,-0.35549524,0.08321167528629303,0.7402597665786743,0.8164816498756409
YCL069W,YDR080W,0,-0.3555001,0.08320233225822449,0.7402597665786743,0.816581666469574
YIR014W,YHR102W,0,-0.35553086,0.08319299668073654,0.7402597665786743,0.8166816830635071
YNR052C,YIL115C,0,-0.3555775,0.083183653652668,0.7402597665786743,0.8167816996574402
YKL152C,YDR420W,0,-0.3555959,0.08317431807518005,0.7402597665786743,0.8168817162513733
YHR181W,YDR375C,0,-0.35569078,0.08316498249769211,0.7402597665786743,0.8169816732406616
YBR083W,YGR205W,0,-0.35569978,0.08315564692020416,0.7402597665786743,0.8170816898345947
YML046W,YOR039W,0,-0.3557203,0.08314631879329681,0.7402597665786743,0.8171817064285278
YMR088C,YGL125W,0,-0.35573637,0.08313699066638947,0.7402597665786743,0.8172817230224609
YHL036W,YDL124W,0,-0.35588294,0.08312766253948212,0.7402597665786743,0.817381739616394
YKR061W,YEL071W,0,-0.35588545,0.08311834186315536,0.7402597665786743,0.8174817562103271
YLR237W,YJR117W,0,-0.35590774,0.08310902118682861,0.7402597665786743,0.8175817728042603
YAL013W,YKR082W,1,-0.35596502,0.08321183919906616,0.7412587404251099,0.8175817728042603
YKL087C,YDR343C,0,-0.3560058,0.08320251107215881,0.7412587404251099,0.8176817893981934
YDL100C,YIL084C,1,-0.35601985,0.08330530673265457,0.7422577142715454,0.8176817893981934
YGR086C,YMR186W,1,-0.35604823,0.08340807259082794,0.7432567477226257,0.8176817893981934
YGR124W,YLR304C,0,-0.35606492,0.0833987221121788,0.7432567477226257,0.8177818059921265
YJR043C,YIL041W,0,-0.35615778,0.08338937163352966,0.7432567477226257,0.8178817629814148
YPL111W,YNL294C,0,-0.35617322,0.08338002860546112,0.7432567477226257,0.8179817795753479
YNL002C,YKL045W,0,-0.35623085,0.08337068557739258,0.7432567477226257,0.818081796169281
YER178W,YHR194W,0,-0.35637856,0.08336134254932404,0.7432567477226257,0.8181818127632141
YGR275W,YKL029C,0,-0.3564288,0.08335200697183609,0.7432567477226257,0.8182818293571472
YCR009C,YDR309C,0,-0.35655236,0.08334267139434814,0.7432567477226257,0.8183818459510803
YOL080C,YPL128C,0,-0.35661507,0.0833333358168602,0.7432567477226257,0.8184818625450134
YJL127C,YOL055C,0,-0.35662746,0.08332400023937225,0.7432567477226257,0.8185818791389465
YPL030W,YBL017C,0,-0.35669255,0.0833146721124649,0.7432567477226257,0.8186818957328796
YLR360W,YPL262W,0,-0.3568439,0.08330534398555756,0.7432567477226257,0.818781852722168
YLL026W,YDR074W,1,-0.35691404,0.08340796828269958,0.7442557215690613,0.818781852722168
YBR085W,YNL315C,0,-0.35693902,0.08339863270521164,0.7442557215690613,0.8188818693161011
YOR356W,YLR205C,0,-0.35713285,0.0833892971277237,0.7442557215690613,0.8189818859100342
YDL100C,YBR072W,1,-0.3571691,0.08349188417196274,0.7452547550201416,0.8189818859100342
YDR435C,YML088W,0,-0.35721993,0.0834825411438942,0.7452547550201416,0.8190819025039673
YML133C,YKL046C,0,-0.35728353,0.08347319811582565,0.7452547550201416,0.8191819190979004
YIL148W,YJL014W,0,-0.3573823,0.08346386253833771,0.7452547550201416,0.8192819356918335
YKR087C,YER170W,0,-0.35739413,0.08345452696084976,0.7452547550201416,0.8193819522857666
YDL185W,YLR003C,0,-0.35755813,0.08344519138336182,0.7452547550201416,0.8194819688796997
YMR037C,YMR186W,1,-0.35756364,0.08354770392179489,0.7462537288665771,0.8194819688796997
YBR233W-A,YFL036W,0,-0.35757476,0.08353836089372635,0.7462537288665771,0.8195819854736328
YOR252W,YNL047C,0,-0.35770786,0.0835290178656578,0.7462537288665771,0.8196819424629211
YPL132W,YDL006W,0,-0.35786057,0.08351967483758926,0.7462537288665771,0.8197819590568542
YNL264C,YEL017C-A,0,-0.35791647,0.08351033926010132,0.7462537288665771,0.8198819756507874
YNL020C,YJR054W,0,-0.3580135,0.08350100368261337,0.7462537288665771,0.8199819922447205
YDR532C,YDL200C,0,-0.3580732,0.08349167555570602,0.7462537288665771,0.8200820088386536
YDR348C,YBL100W-A,0,-0.35810092,0.08348233997821808,0.7462537288665771,0.8201820254325867
YPR008W,YJR145C,0,-0.35812342,0.08347301185131073,0.7462537288665771,0.8202820420265198
YDL124W,YKL107W,0,-0.35816115,0.08346368372440338,0.7462537288665771,0.8203820586204529
YHR170W,YGR289C,0,-0.35817146,0.08345436304807663,0.7462537288665771,0.820482075214386
YLR417W,YNL207W,0,-0.35818738,0.08344504237174988,0.7462537288665771,0.8205820322036743
YMR261C,YOR087W,0,-0.35826546,0.08343572169542313,0.7462537288665771,0.8206820487976074
YDR184C,YKL101W,0,-0.35826665,0.08342640101909637,0.7462537288665771,0.8207820653915405
YNL185C,YHR062C,0,-0.35837823,0.08341708779335022,0.7462537288665771,0.8208820819854736
YLR201C,YCR053W,0,-0.35840702,0.08340777456760406,0.7462537288665771,0.8209820985794067
YGR287C,YBR301W,0,-0.35842425,0.08339846134185791,0.7462537288665771,0.8210821151733398
YDR160W,YNL292W,0,-0.3585165,0.08338914811611176,0.7462537288665771,0.821182131767273
YOL105C,YMR037C,1,-0.35854238,0.08349145948886871,0.7472527623176575,0.821182131767273
YKL040C,YDR346C,0,-0.3586714,0.08348214626312256,0.7472527623176575,0.821282148361206
YKL068W,YPL240C,1,-0.35868216,0.08358442038297653,0.748251736164093,0.821282148361206
YHR165C,YOL096C,0,-0.3587977,0.08357509225606918,0.748251736164093,0.8213821649551392
YOR334W,YPL015C,0,-0.3588593,0.08356577157974243,0.748251736164093,0.8214821219444275
YPR112C,YJL177W,0,-0.35903326,0.08355645090341568,0.748251736164093,0.8215821385383606
YBR166C,YLR070C,0,-0.35903898,0.08354713022708893,0.748251736164093,0.8216821551322937
YGR037C,YCR096C,0,-0.35914153,0.08353780955076218,0.748251736164093,0.8217821717262268
YLR059C,YGR260W,0,-0.3592638,0.08352849632501602,0.748251736164093,0.8218821883201599
YJL073W,YBR245C,0,-0.35929093,0.08351917564868927,0.748251736164093,0.821982204914093
YMR257C,YGR023W,0,-0.35929385,0.08350986987352371,0.748251736164093,0.8220822215080261
YCR092C,YPR067W,0,-0.35938868,0.08350055664777756,0.748251736164093,0.8221822381019592
YLR319C,YGR217W,0,-0.35958165,0.083491250872612,0.748251736164093,0.8222822546958923
YDR386W,YJR022W,0,-0.35966069,0.08348194509744644,0.748251736164093,0.8223822116851807
YDL240W,YBL055C,0,-0.35978177,0.08347263932228088,0.748251736164093,0.8224822282791138
YBL030C,YKR029C,0,-0.35992318,0.08346334099769592,0.748251736164093,0.8225822448730469
YNL173C,YJL019W,0,-0.35995376,0.08345404267311096,0.748251736164093,0.82268226146698
YKL157W,YMR152W,0,-0.3600163,0.083444744348526,0.748251736164093,0.8227822780609131
YOL135C,YNL247W,0,-0.36003953,0.08343544602394104,0.748251736164093,0.8228822946548462
YDL239C,YDL091C,0,-0.36005747,0.08342615514993668,0.748251736164093,0.8229823112487793
YHR133C,YGR156W,0,-0.36006075,0.08341686427593231,0.748251736164093,0.8230823278427124
YPR034W,YNL076W,0,-0.3601047,0.08340757340192795,0.748251736164093,0.8231823444366455
YGL150C,YGL035C,0,-0.36027533,0.08339828252792358,0.748251736164093,0.8232823014259338
YNR007C,YMR283C,0,-0.36028603,0.08338899910449982,0.748251736164093,0.8233823180198669
YJL165C,YMR177W,0,-0.3602897,0.08337971568107605,0.748251736164093,0.8234823346138
YHR019C,YMR234W,0,-0.36047244,0.08337043970823288,0.748251736164093,0.8235823512077332
YPR021C,YPR151C,0,-0.3604867,0.08336115628480911,0.748251736164093,0.8236823678016663
YJL110C,YDL014W,0,-0.36056814,0.08335188031196594,0.748251736164093,0.8237823843955994
YPL051W,YPL069C,0,-0.360569,0.08334260433912277,0.748251736164093,0.8238824009895325
YPL169C,YNL316C,0,-0.36068857,0.0833333358168602,0.748251736164093,0.8239824175834656
YBR065C,YJR059W,0,-0.36069226,0.08332405984401703,0.748251736164093,0.8240824341773987
YCL031C,YBR218C,0,-0.36069524,0.08331479132175446,0.748251736164093,0.824182391166687
YPL061W,YDR536W,0,-0.36070845,0.08330553025007248,0.748251736164093,0.8242824077606201
YGR202C,YLR370C,0,-0.3608179,0.0832962617278099,0.748251736164093,0.8243824243545532
YER026C,YOR046C,0,-0.36086002,0.08328700065612793,0.748251736164093,0.8244824409484863
YER045C,YDR315C,0,-0.36092517,0.08327773958444595,0.748251736164093,0.8245824575424194
YDL002C,YFL050C,0,-0.36094168,0.08326848596334457,0.748251736164093,0.8246824741363525
YJL054W,YKR048C,0,-0.3609556,0.0832592248916626,0.748251736164093,0.8247824907302856
YFL014W,YLR260W,1,-0.36095923,0.08336111903190613,0.7492507696151733,0.8247824907302856
YAR033W,YNL328C,0,-0.36098504,0.08335185796022415,0.7492507696151733,0.8248825073242188
YLR284C,YGL085W,0,-0.3610124,0.08334259688854218,0.7492507696151733,0.8249825239181519
YDL030W,YOL016C,0,-0.36115354,0.0833333358168602,0.7492507696151733,0.8250824809074402
YDR406W,YFR042W,0,-0.36117047,0.08332407474517822,0.7492507696151733,0.8251824975013733
YPL074W,YOL146W,0,-0.36125666,0.08331482112407684,0.7492507696151733,0.8252825140953064
YDL100C,YPL240C,1,-0.36131984,0.0834166407585144,0.7502497434616089,0.8252825140953064
YBR072W,YLR335W,1,-0.36140674,0.08351843804121017,0.7512487769126892,0.8252825140953064
YBR168W,YGL224C,0,-0.36149877,0.083509162068367,0.7512487769126892,0.8253825306892395
YGR071C,YJR002W,0,-0.36150822,0.08349988609552383,0.7512487769126892,0.8254825472831726
YBR091C,YHR207C,0,-0.3615644,0.08349061757326126,0.7512487769126892,0.8255825638771057
YDR057W,YML024W,0,-0.36161798,0.08348134905099869,0.7512487769126892,0.8256825804710388
YIL145C,YER016W,0,-0.36181322,0.08347208052873611,0.7512487769126892,0.8257825970649719
YOR027W,YKR022C,0,-0.36189732,0.08346281945705414,0.7512487769126892,0.825882613658905
YHR026W,YLR239C,0,-0.36205325,0.08345355838537216,0.7512487769126892,0.8259825706481934
YFL008W,YHR034C,0,-0.3622253,0.08344429731369019,0.7512487769126892,0.8260825872421265
YNL036W,YBR146W,0,-0.36223835,0.08343503624200821,0.7512487769126892,0.8261826038360596
YCR067C,YBR041W,0,-0.3622416,0.08342578262090683,0.7512487769126892,0.8262826204299927
YNL041C,YJL008C,0,-0.36229533,0.08341652899980545,0.7512487769126892,0.8263826370239258
YIL069C,YDR175C,0,-0.3623577,0.08340727537870407,0.7512487769126892,0.8264826536178589
YGL131C,YML042W,0,-0.3624515,0.08339802920818329,0.7512487769126892,0.826582670211792
YDR283C,YJR126C,0,-0.36286476,0.08338877558708191,0.7512487769126892,0.8266826868057251
YGL073W,YOR381W,0,-0.3629484,0.08337952941656113,0.7512487769126892,0.8267827033996582
YHL015W,YIL145C,0,-0.36301062,0.08337029069662094,0.7512487769126892,0.8268826603889465
YDL192W,YGL195W,0,-0.36307913,0.08336104452610016,0.7512487769126892,0.8269826769828796
YKR053C,YHR001W-A,0,-0.36312425,0.08335180580615997,0.7512487769126892,0.8270826935768127
YIL068C,YNL316C,0,-0.36313397,0.08334256708621979,0.7512487769126892,0.8271827101707458
YMR022W,YBR107C,0,-0.3634156,0.0833333358168602,0.7512487769126892,0.827282726764679
YOR278W,YJR094W-A,0,-0.36357027,0.08332409709692001,0.7512487769126892,0.8273827433586121
YNR019W,YPR106W,0,-0.36370498,0.08331486582756042,0.7512487769126892,0.8274827599525452
YHR136C,YMR150C,0,-0.36375448,0.08330564200878143,0.7512487769126892,0.8275827765464783
YER176W,YGL147C,0,-0.36382616,0.08329641073942184,0.7512487769126892,0.8276827931404114
YKR090W,YHR013C,0,-0.36383128,0.08328718692064285,0.7512487769126892,0.8277827501296997
YAR018C,YER113C,0,-0.36388156,0.08327796310186386,0.7512487769126892,0.8278827667236328
YDR091C,YPR082C,0,-0.3639222,0.08326873928308487,0.7512487769126892,0.8279827833175659
YNL064C,YMR037C,1,-0.36394858,0.08337023854255676,0.7522477507591248,0.8279827833175659
YBL023C,YPL140C,0,-0.3639794,0.08336100727319717,0.7522477507591248,0.828082799911499
YOR043W,YLR019W,1,-0.36403847,0.08346247673034668,0.7532467246055603,0.828082799911499
YPR018W,YLR223C,0,-0.36412957,0.0834532380104065,0.7532467246055603,0.8281828165054321
YHR128W,YNL101W,0,-0.3643108,0.08344399929046631,0.7532467246055603,0.8282828330993652
YNL064C,YKR026C,1,-0.36440274,0.08354542404413223,0.7542457580566406,0.8282828330993652
YLR369W,YBL054W,0,-0.3644163,0.08353617787361145,0.7542457580566406,0.8283828496932983
YNL064C,YDR192C,1,-0.3644221,0.08363757282495499,0.7552447319030762,0.8283828496932983
YDR299W,YLR451W,0,-0.36449718,0.08362831920385361,0.7552447319030762,0.8284828662872314
YDL164C,YHL025W,0,-0.3645133,0.08361906558275223,0.7552447319030762,0.8285828828811646
YAL030W,YMR271C,0,-0.3647136,0.08360981941223145,0.7552447319030762,0.8286828398704529
YLR431C,YJL164C,0,-0.36471492,0.08360057324171066,0.7552447319030762,0.828782856464386
YJR046W,YER178W,0,-0.3647567,0.08359133452177048,0.7552447319030762,0.8288828730583191
YPL074W,YHL022C,0,-0.36477673,0.0835820883512497,0.7552447319030762,0.8289828896522522
YML007W,YJL140W,1,-0.36491886,0.08368339389562607,0.7562437653541565,0.8289828896522522
YGL032C,YGR279C,0,-0.36504653,0.08367414772510529,0.7562437653541565,0.8290829062461853
YGR156W,YGR080W,0,-0.3651039,0.0836649015545845,0.7562437653541565,0.8291829228401184
YMR040W,YJR143C,0,-0.36540544,0.08365565538406372,0.7562437653541565,0.8292829394340515
YNL056W,YNL246W,0,-0.36543143,0.08364640921354294,0.7562437653541565,0.8293829560279846
YOR371C,YHR089C,0,-0.36551458,0.08363717049360275,0.7562437653541565,0.8294829726219177
YHL047C,YGR057C,0,-0.3655539,0.08362792432308197,0.7562437653541565,0.829582929611206
YGR046W,YPL195W,0,-0.3655582,0.08361869305372238,0.7562437653541565,0.8296829462051392
YCL063W,YNL291C,0,-0.36563742,0.0836094543337822,0.7562437653541565,0.8297829627990723
YGL043W,YIR035C,0,-0.36564517,0.08360022306442261,0.7562437653541565,0.8298829793930054
YER155C,YCR020C,0,-0.36596066,0.08359099179506302,0.7562437653541565,0.8299829959869385
YOL042W,YGL092W,0,-0.365982,0.08358176052570343,0.7562437653541565,0.8300830125808716
YLR172C,YCR031C,0,-0.36601728,0.08357252925634384,0.7562437653541565,0.8301830291748047
YPL173W,YNL242W,0,-0.36606124,0.08356330543756485,0.7562437653541565,0.8302830457687378
YJR035W,YHR201C,0,-0.3660717,0.08355408161878586,0.7562437653541565,0.8303830623626709
YJR065C,YLR414C,0,-0.36611843,0.08354486525058746,0.7562437653541565,0.8304830193519592
YIL107C,YDR003W,0,-0.36618054,0.08353564143180847,0.7562437653541565,0.8305830359458923
YOR298C-A,YLR189C,0,-0.3662145,0.08352642506361008,0.7562437653541565,0.8306830525398254
YIL084C,YJR100C,1,-0.36623558,0.08362753689289093,0.757242739200592,0.8306830525398254
YML118W,YCR073C,0,-0.36623937,0.08361831307411194,0.757242739200592,0.8307830691337585
YBR050C,YNL242W,0,-0.36637676,0.08360908925533295,0.757242739200592,0.8308830857276917
YDL180W,YJL020C,0,-0.3664305,0.08359986543655396,0.757242739200592,0.8309831023216248
YGR071C,YDR056C,0,-0.3664747,0.08359064906835556,0.757242739200592,0.8310831189155579
YPR108W,YGR165W,0,-0.36650568,0.08358143270015717,0.757242739200592,0.831183135509491
YKL058W,YNL210W,0,-0.3665162,0.08357221633195877,0.757242739200592,0.8312831521034241
YMR121C,YGL017W,0,-0.36656648,0.08356299996376038,0.757242739200592,0.8313831090927124
YCR044C,YPR156C,0,-0.36681327,0.08355379104614258,0.757242739200592,0.8314831256866455
YLR335W,YER111C,1,-0.36689737,0.08365479856729507,0.7582417726516724,0.8314831256866455
YGR207C,YBR015C,0,-0.3669719,0.08364558219909668,0.7582417726516724,0.8315831422805786
YHR191C,YBL099W,0,-0.36702782,0.08363636583089828,0.7582417726516724,0.8316831588745117
YIL004C,YJL100W,0,-0.36704063,0.08362714946269989,0.7582417726516724,0.8317831754684448
YPR003C,YBR005W,0,-0.36707693,0.0836179330945015,0.7582417726516724,0.8318831920623779
YOR049C,YJR019C,0,-0.36710358,0.0836087241768837,0.7582417726516724,0.831983208656311
YLR035C,YOR374W,0,-0.36723483,0.0835995152592659,0.7582417726516724,0.8320832252502441
YNL097C,YMR037C,1,-0.36748418,0.08370044082403183,0.7592407464981079,0.8320832252502441
YOL018C,YKL026C,0,-0.36751842,0.08369122445583344,0.7592407464981079,0.8321832418441772
YFL033C,YML007W,1,-0.3675955,0.08379211276769638,0.7602397799491882,0.8321832418441772
YJL057C,YOR030W,0,-0.36760002,0.08378288894891739,0.7602397799491882,0.8322831988334656
YJL153C,YOL016C,0,-0.36760664,0.0837736651301384,0.7602397799491882,0.8323832154273987
YOL033W,YIL123W,0,-0.36772555,0.08376444876194,0.7602397799491882,0.8324832320213318
YPL237W,YOR262W,0,-0.36778292,0.08375522494316101,0.7602397799491882,0.8325832486152649
YLR247C,YLR044C,0,-0.3679165,0.08374600857496262,0.7602397799491882,0.832683265209198
YNL083W,YOR079C,0,-0.36804318,0.08373679220676422,0.7602397799491882,0.8327832818031311
YDR135C,YOR290C,0,-0.36825037,0.08372758328914642,0.7602397799491882,0.8328832983970642
YCR081W,YBR127C,0,-0.36835927,0.08371837437152863,0.7602397799491882,0.8329833149909973
YAL025C,YPL008W,0,-0.36842144,0.08370916545391083,0.7602397799491882,0.8330833315849304
YCR024C-A,YML023C,0,-0.3684495,0.08369995653629303,0.7602397799491882,0.8331832885742188
YDL231C,YLR102C,0,-0.36849633,0.08369074761867523,0.7602397799491882,0.8332833051681519
YLR015W,YOR035C,0,-0.36851555,0.08368154615163803,0.7602397799491882,0.833383321762085
YBR176W,YJL035C,0,-0.36853236,0.08367234468460083,0.7602397799491882,0.8334833383560181
YDL143W,YLR192C,0,-0.36854643,0.08366315066814423,0.7602397799491882,0.8335833549499512
YDR192C,YFL014W,1,-0.36855865,0.08376387506723404,0.7612387537956238,0.8335833549499512
YOR034C,YJR076C,0,-0.36861622,0.08375467360019684,0.7612387537956238,0.8336833715438843
YOR258W,YJL164C,0,-0.36863488,0.08374546468257904,0.7612387537956238,0.8337833881378174
YDR482C,YKR088C,0,-0.36888522,0.08373626321554184,0.7612387537956238,0.8338834047317505
YKL017C,YDR135C,0,-0.36908495,0.08372706174850464,0.7612387537956238,0.8339834213256836
YBR048W,YDR143C,0,-0.36908728,0.08371786773204803,0.7612387537956238,0.8340834379196167
YDR165W,YML125C,0,-0.369092,0.08370866626501083,0.7612387537956238,0.834183394908905
YGR227W,YMR264W,0,-0.36925507,0.08369947224855423,0.7612387537956238,0.8342834115028381
YFR025C,YDR264C,0,-0.3692731,0.08369027823209763,0.7612387537956238,0.8343834280967712
YMR220W,YEL018W,0,-0.36935794,0.08368109166622162,0.7612387537956238,0.8344834446907043
YOL103W,YER123W,0,-0.36937302,0.08367189764976501,0.7612387537956238,0.8345834612846375
YDR171W,YDR192C,1,-0.3693842,0.08377251029014587,0.7622377872467041,0.8345834612846375
YDR258C,YLR260W,1,-0.36939615,0.08387309312820435,0.7632367610931396,0.8345834612846375
YLR396C,YCL001W,0,-0.36942753,0.08386388421058655,0.7632367610931396,0.8346834778785706
YFL033C,YDR192C,1,-0.3694995,0.08396443724632263,0.7642357349395752,0.8346834778785706
YPL207W,YLL010C,0,-0.36951983,0.08395522087812424,0.7642357349395752,0.8347834944725037
YOR207C,YBL066C,0,-0.3696276,0.08394601196050644,0.7642357349395752,0.8348835110664368
YHL031C,YGL123W,0,-0.3696594,0.08393680304288864,0.7642357349395752,0.8349835276603699
YAL013W,YFL014W,1,-0.36972338,0.08403730392456055,0.7652347683906555,0.8349835276603699
YFL016C,YAL013W,1,-0.3697316,0.08413778245449066,0.7662337422370911,0.8349835276603699
YCR020C,YLL035W,0,-0.36981586,0.08412855118513107,0.7662337422370911,0.8350834846496582
YDR113C,YHR010W,0,-0.37008548,0.08411932736635208,0.7662337422370911,0.8351835012435913
YML126C,YJL210W,0,-0.3701355,0.08411009609699249,0.7662337422370911,0.8352835178375244
YML007W,YDL088C,1,-0.37019077,0.08421052992343903,0.7672327756881714,0.8352835178375244
YER111C,YHL028W,1,-0.37022197,0.08431093394756317,0.7682317495346069,0.8352835178375244
YML064C,YIL109C,0,-0.370244,0.08430168777704239,0.7682317495346069,0.8353835344314575
YOR063W,YLL036C,0,-0.37025186,0.0842924490571022,0.7682317495346069,0.8354835510253906
YDR317W,YLR343W,0,-0.37029108,0.08428321033716202,0.7682317495346069,0.8355835676193237
YER180C,YDL243C,0,-0.37039858,0.08427397161722183,0.7682317495346069,0.8356835842132568
YPL045W,YFR009W,0,-0.37067237,0.08426474034786224,0.7682317495346069,0.8357836008071899
YGR082W,YML129C,0,-0.37072194,0.08425550907850266,0.7682317495346069,0.835883617401123
YGL141W,YIL119C,0,-0.3708709,0.08424627780914307,0.7682317495346069,0.8359835743904114
YPL047W,YPR066W,0,-0.37088066,0.08423704653978348,0.7682317495346069,0.8360835909843445
YDR165W,YGL211W,0,-0.37097293,0.08422782272100449,0.7682317495346069,0.8361836075782776
YDL174C,YOR332W,0,-0.37100625,0.0842185989022255,0.7682317495346069,0.8362836241722107
YOR172W,YBL046W,0,-0.37101057,0.0842093750834465,0.7682317495346069,0.8363836407661438
YBL050W,YCL026C-A,0,-0.3710615,0.08420015126466751,0.7682317495346069,0.8364836573600769
YIL112W,YPL135W,0,-0.37114903,0.08419093489646912,0.7682317495346069,0.83658367395401
YGL207W,YMR024W,0,-0.3712662,0.08418171852827072,0.7682317495346069,0.8366836905479431
YOR372C,YIL162W,0,-0.37135613,0.08417250216007233,0.7682317495346069,0.8367837071418762
YGR049W,YNL152W,0,-0.37162977,0.08416329324245453,0.7682317495346069,0.8368836641311646
YOR011W,YIR019C,0,-0.37177157,0.08415408432483673,0.7682317495346069,0.8369836807250977
YDR485C,YDR365C,0,-0.37178847,0.08414487540721893,0.7682317495346069,0.8370836973190308
YOL003C,YPR156C,0,-0.3718151,0.08413566648960114,0.7682317495346069,0.8371837139129639
YOL052C-A,YJR066W,1,-0.37186474,0.08423586189746857,0.7692307829856873,0.8371837139129639
YNL041C,YLR015W,0,-0.37233818,0.08422664552927017,0.7692307829856873,0.837283730506897
YLR148W,YER083C,0,-0.37248105,0.08421743661165237,0.7692307829856873,0.8373837471008301
YGR292W,YGR287C,0,-0.37257856,0.08420822769403458,0.7692307829856873,0.8374837636947632
YPR188C,YLR373C,0,-0.37267935,0.08419901877641678,0.7692307829856873,0.8375837802886963
YDL194W,YDR032C,0,-0.37273717,0.08418980985879898,0.7692307829856873,0.8376837968826294
YPR186C,YEL060C,0,-0.3728354,0.08418060839176178,0.7692307829856873,0.8377837538719177
YOL094C,YGL243W,0,-0.37298667,0.08417140692472458,0.7692307829856873,0.8378837704658508
YJL204C,YKL160W,0,-0.37330586,0.08416220545768738,0.7692307829856873,0.8379837870597839
YML007W,YDR397C,1,-0.37331352,0.08426229655742645,0.7702297568321228,0.8379837870597839
YOR116C,YGR217W,0,-0.37331817,0.08425308763980865,0.7702297568321228,0.838083803653717
YDL145C,YBL051C,0,-0.3733484,0.08424387872219086,0.7702297568321228,0.8381838202476501
YKL138C,YIL056W,0,-0.37353387,0.08423467725515366,0.7702297568321228,0.8382838368415833
YGL089C,YLR189C,0,-0.3735987,0.08422547578811646,0.7702297568321228,0.8383838534355164
YBL018C,YER045C,0,-0.3736986,0.08421627432107925,0.7702297568321228,0.8384838700294495
YNL086W,YKL140W,0,-0.37372863,0.08420708030462265,0.7702297568321228,0.8385838866233826
YML086C,YEL001C,0,-0.3738697,0.08419787883758545,0.7702297568321228,0.8386838436126709
YLR116W,YFR044C,0,-0.3739169,0.08418868482112885,0.7702297568321228,0.838783860206604
YPL258C,YDR219C,0,-0.3739991,0.08417949825525284,0.7702297568321228,0.8388838768005371
YJL045W,YPL029W,0,-0.37448692,0.08417030423879623,0.7702297568321228,0.8389838933944702
YLR238W,YKR080W,0,-0.37454492,0.08416111767292023,0.7702297568321228,0.8390839099884033
YBR280C,YLR215C,0,-0.37458542,0.08415193110704422,0.7702297568321228,0.8391839265823364
YNR056C,YJR022W,0,-0.37469235,0.08414274454116821,0.7702297568321228,0.8392839431762695
YHR024C,YJR046W,0,-0.37477034,0.0841335654258728,0.7702297568321228,0.8393839597702026
YKL059C,YCL010C,0,-0.3747765,0.08412438631057739,0.7702297568321228,0.8394839763641357
YPL209C,YDR208W,0,-0.3748045,0.08411520719528198,0.7702297568321228,0.8395839333534241
YGL073W,YER111C,1,-0.37486112,0.08421511948108673,0.7712287902832031,0.8395839333534241
YDL044C,YLR277C,0,-0.37509724,0.08420593291521072,0.7712287902832031,0.8396839499473572
YDR334W,YJL154C,0,-0.375098,0.08419674634933472,0.7712287902832031,0.8397839665412903
YML059C,YGR157W,0,-0.37532166,0.0841875672340393,0.7712287902832031,0.8398839831352234
YPL280W,YNL047C,0,-0.37544793,0.0841783881187439,0.7712287902832031,0.8399839997291565
YMR110C,YNL280C,0,-0.3755353,0.08416920900344849,0.7712287902832031,0.8400840163230896
YNL059C,YHR186C,0,-0.37556258,0.08416003733873367,0.7712287902832031,0.8401840329170227
YNL097C,YLR260W,1,-0.3756032,0.08425986766815186,0.7722277641296387,0.8401840329170227
YIL084C,YBR162W-A,0,-0.37560374,0.08425068110227585,0.7722277641296387,0.8402840495109558
YDR219C,YBR082C,0,-0.3756128,0.08424150198698044,0.7722277641296387,0.8403840661048889
YDR069C,YDR092W,0,-0.3756281,0.08423232287168503,0.7722277641296387,0.8404840230941772
YLR085C,YER170W,0,-0.37563723,0.08422314375638962,0.7722277641296387,0.8405840396881104
YJL162C,YGL151W,0,-0.37584773,0.08421396464109421,0.7722277641296387,0.8406840562820435
YBR216C,YLR356W,0,-0.37592703,0.0842047929763794,0.7722277641296387,0.8407840728759766
YOR077W,YJR010C-A,0,-0.37598306,0.08419562131166458,0.7722277641296387,0.8408840894699097
YDL033C,YBR205W,0,-0.37602425,0.08418644964694977,0.7722277641296387,0.8409841060638428
YDR510W,YMR171C,0,-0.37603536,0.08417728543281555,0.7722277641296387,0.8410841226577759
YDL019C,YNL233W,0,-0.37608862,0.08416812121868134,0.7722277641296387,0.841184139251709
YBR212W,YDR202C,0,-0.37622774,0.08415895700454712,0.7722277641296387,0.8412841558456421
YFL005W,YNR030W,0,-0.37627017,0.0841497927904129,0.7722277641296387,0.8413841128349304
YDR485C,YNR023W,0,-0.37631285,0.08414063602685928,0.7722277641296387,0.8414841294288635
YOL001W,YOR116C,0,-0.3764814,0.08413147926330566,0.7722277641296387,0.8415841460227966
YDL076C,YDR194C,0,-0.37653953,0.08412232249975204,0.7722277641296387,0.8416841626167297
YDL064W,YJR059W,0,-0.37663668,0.08411316573619843,0.7722277641296387,0.8417841792106628
YDR312W,YNR027W,0,-0.37684214,0.0841040164232254,0.7722277641296387,0.841884195804596
YLR059C,YDR519W,0,-0.3771521,0.08409486711025238,0.7722277641296387,0.841984212398529
YPR081C,YDR406W,0,-0.37715492,0.08408571779727936,0.7722277641296387,0.8420842289924622
YIL173W,YML076C,0,-0.37719113,0.08407656848430634,0.7722277641296387,0.8421842455863953
YDR039C,YPR007C,0,-0.3772704,0.08406742662191391,0.7722277641296387,0.8422842025756836
YDL130W,YLR008C,0,-0.3773536,0.08405828475952148,0.7722277641296387,0.8423842191696167
YGL219C,YBL045C,0,-0.37738988,0.08404914289712906,0.7722277641296387,0.8424842357635498
YDR382W,YIL127C,0,-0.37760618,0.08404000848531723,0.7722277641296387,0.8425842523574829
YMR230W,YOL013C,0,-0.3776537,0.0840308740735054,0.7722277641296387,0.842684268951416
YOR269W,YBR021W,0,-0.3777102,0.08402173966169357,0.7722277641296387,0.8427842855453491
YER133W,YPR016C,0,-0.37771493,0.08401260524988174,0.7722277641296387,0.8428843021392822
YBR211C,YPL153C,0,-0.37779057,0.08400347828865051,0.7722277641296387,0.8429843187332153
YDR466W,YMR211W,0,-0.37789416,0.08399435132741928,0.7722277641296387,0.8430843353271484
YDR503C,YDR031W,0,-0.37797678,0.08398522436618805,0.7722277641296387,0.8431842923164368
YKR024C,YHR063C,0,-0.37836444,0.08397609740495682,0.7722277641296387,0.8432843089103699
YOR127W,YLR038C,0,-0.37842688,0.08396697789430618,0.7722277641296387,0.843384325504303
YIL049W,YAL056W,0,-0.37845758,0.08395785838365555,0.7722277641296387,0.8434843420982361
YDR156W,YJL148W,0,-0.37858292,0.08394873887300491,0.7722277641296387,0.8435843586921692
YPR081C,YHL038C,0,-0.37867355,0.08393962681293488,0.7722277641296387,0.8436843752861023
YLR378C,YDL008W,0,-0.3787012,0.08393050730228424,0.7722277641296387,0.8437843918800354
YGR086C,YML007W,1,-0.3787916,0.08402996510267258,0.773226797580719,0.8437843918800354
YIL070C,YDL056W,0,-0.37883112,0.08402084559202194,0.773226797580719,0.8438844084739685
YEL001C,YIL117C,0,-0.37916416,0.08401172608137131,0.773226797580719,0.8439844250679016
YGL022W,YPR009W,0,-0.3791693,0.08400260657072067,0.773226797580719,0.8440843820571899
YLR170C,YIL075C,0,-0.37931412,0.08399348706007004,0.773226797580719,0.844184398651123
YHR178W,YMR067C,0,-0.37943706,0.083984375,0.773226797580719,0.8442844152450562
YGL189C,YNL316C,0,-0.37958968,0.08397526293992996,0.773226797580719,0.8443844318389893
YML007W,YDL116W,1,-0.37963122,0.08407463878393173,0.7742257714271545,0.8443844318389893
YMR119W,YER113C,0,-0.37975842,0.0840655192732811,0.7742257714271545,0.8444844484329224
YGL095C,YLR340W,0,-0.37976512,0.08405639976263046,0.7742257714271545,0.8445844650268555
YEL038W,YCL033C,0,-0.37980768,0.08404728025197983,0.7742257714271545,0.8446844816207886
YJR136C,YKL068W,1,-0.3798766,0.08414660394191742,0.7752248048782349,0.8446844816207886
YBL101C,YML085C,0,-0.37988538,0.08413748443126678,0.7752248048782349,0.8447844982147217
YPL156C,YHR116W,0,-0.38000035,0.08412835747003555,0.7752248048782349,0.8448845148086548
YKR090W,YPL116W,0,-0.3800507,0.08411923795938492,0.7752248048782349,0.8449844717979431
YKL109W,YGR234W,0,-0.38009065,0.08411012589931488,0.7752248048782349,0.8450844883918762
YML103C,YLL010C,1,-0.3805692,0.0842093825340271,0.7762237787246704,0.8450844883918762
YLR060W,YGL006W,0,-0.38060415,0.08420026302337646,0.7762237787246704,0.8451845049858093
YER153C,YGL257C,0,-0.38064983,0.08419113606214523,0.7762237787246704,0.8452845215797424
YBR126C,YGL073W,1,-0.3806804,0.08429035544395447,0.777222752571106,0.8452845215797424
YLR341W,YCR088W,0,-0.380697,0.08428122848272324,0.777222752571106,0.8453845381736755
YLR176C,YKL059C,0,-0.3806971,0.08427209407091141,0.777222752571106,0.8454845547676086
YDR060W,YNL188W,0,-0.3807056,0.08426296710968018,0.777222752571106,0.8455845713615417
YDR087C,YHR167W,0,-0.38081342,0.08425384759902954,0.777222752571106,0.8456845879554749
YJR132W,YDL051W,0,-0.3808305,0.08424472063779831,0.777222752571106,0.845784604549408
YDL105W,YKL167C,0,-0.38084635,0.08423560112714767,0.777222752571106,0.8458845615386963
YGR086C,YAR002W,1,-0.38089028,0.08433473855257034,0.7782217860221863,0.8458845615386963
YGR060W,YBR084W,0,-0.38091055,0.08432561159133911,0.7782217860221863,0.8459845781326294
YER149C,YCL030C,0,-0.380932,0.08431648463010788,0.7782217860221863,0.8460845947265625
YOR234C,YCR091W,0,-0.38109097,0.08430735766887665,0.7782217860221863,0.8461846113204956
YER063W,YGL086W,0,-0.38109687,0.08429823815822601,0.7782217860221863,0.8462846279144287
YMR076C,YDR101C,0,-0.3811208,0.08428911119699478,0.7782217860221863,0.8463846445083618
YNR073C,YCR069W,0,-0.3811355,0.08427999913692474,0.7782217860221863,0.8464846611022949
YNL326C,YDR088C,0,-0.38128126,0.08427087962627411,0.7782217860221863,0.846584677696228
YPR005C,YIL119C,0,-0.38133612,0.08426176011562347,0.7782217860221863,0.8466846942901611
YGL253W,YEL050C,0,-0.38160002,0.08425264805555344,0.7782217860221863,0.8467846512794495
YJL165C,YCL061C,0,-0.3816409,0.0842435359954834,0.7782217860221863,0.8468846678733826
YPL004C,YDR129C,0,-0.38167036,0.08423443138599396,0.7782217860221863,0.8469846844673157
YOL154W,YER068W,0,-0.381698,0.08422531932592392,0.7782217860221863,0.8470847010612488
YLR341W,YDR288W,0,-0.3818199,0.08421621471643448,0.7782217860221863,0.8471847176551819
YOR234C,YPL106C,0,-0.38184202,0.08420711010694504,0.7782217860221863,0.847284734249115
YML007W,YOR043W,1,-0.38187194,0.08430609852075577,0.7792207598686218,0.847284734249115
YAL013W,YPL240C,1,-0.38195655,0.08440505713224411,0.7802197933197021,0.847284734249115
YML067C,YMR105C,0,-0.3821548,0.08439593762159348,0.7802197933197021,0.8473847508430481
YDR320C,YJR064W,0,-0.3821884,0.08438681811094284,0.7802197933197021,0.8474847674369812
YJR123W,YBR179C,0,-0.38219744,0.0843776986002922,0.7802197933197021,0.8475847840309143
YKL185W,YDL056W,0,-0.38220155,0.08436858654022217,0.7802197933197021,0.8476847410202026
YOR256C,YLR388W,0,-0.382308,0.08435947448015213,0.7802197933197021,0.8477847576141357
YIL122W,YLR431C,0,-0.3824034,0.08435036242008209,0.7802197933197021,0.8478847742080688
YPL192C,YHR005C,0,-0.38259655,0.08434125036001205,0.7802197933197021,0.847984790802002
YNL166C,YKL046C,0,-0.3826869,0.08433214575052261,0.7802197933197021,0.8480848073959351
YOR322C,YNL243W,0,-0.38270426,0.08432304114103317,0.7802197933197021,0.8481848239898682
YIL009W,YHL035C,0,-0.38288864,0.08431393653154373,0.7802197933197021,0.8482848405838013
YBR072W,YDR397C,1,-0.38292813,0.08441278338432312,0.7812187671661377,0.8482848405838013
YDR303C,YDR267C,0,-0.3829904,0.08440367132425308,0.7812187671661377,0.8483848571777344
YJL189W,YNL268W,0,-0.38299245,0.08439455926418304,0.7812187671661377,0.8484848737716675
YCL050C,YIL097W,0,-0.3830387,0.0843854546546936,0.7812187671661377,0.8485848307609558
YGL100W,YGL150C,0,-0.38322484,0.08437635004520416,0.7812187671661377,0.8486848473548889
YPR019W,YGL191W,0,-0.38335398,0.08436724543571472,0.7812187671661377,0.848784863948822
YFL039C,YKL211C,0,-0.38346314,0.08435814827680588,0.7812187671661377,0.8488848805427551
YJL003W,YCL016C,0,-0.38372368,0.08434904366731644,0.7812187671661377,0.8489848971366882
YPL066W,YKL141W,0,-0.38374704,0.08433994650840759,0.7812187671661377,0.8490849137306213
YER026C,YNL186W,0,-0.38374713,0.08433084934949875,0.7812187671661377,0.8491849303245544
YOL031C,YOR221C,0,-0.3837709,0.0843217596411705,0.7812187671661377,0.8492849469184875
YOL071W,YKL107W,0,-0.38411248,0.08431266993284225,0.7812187671661377,0.8493849635124207
YHR172W,YDR116C,0,-0.38414922,0.08430358022451401,0.7812187671661377,0.849484920501709
YNL101W,YER025W,0,-0.38415486,0.08429449051618576,0.7812187671661377,0.8495849370956421
YGR003W,YJR139C,0,-0.3841747,0.08428540825843811,0.7812187671661377,0.8496849536895752
YBL093C,YDL082W,0,-0.3842857,0.08427632600069046,0.7812187671661377,0.8497849702835083
YML004C,YEL059C-A,0,-0.38435906,0.08426724374294281,0.7812187671661377,0.8498849868774414
YNL071W,YPL228W,0,-0.38441628,0.08425816148519516,0.7812187671661377,0.8499850034713745
YKL029C,YDL104C,0,-0.384419,0.0842490866780281,0.7812187671661377,0.8500850200653076
YOR005C,YAR007C,0,-0.38445067,0.08424001187086105,0.7812187671661377,0.8501850366592407
YMR037C,YKL068W,1,-0.38453853,0.08433865010738373,0.782217800617218,0.8501850366592407
YOR269W,YIL131C,0,-0.38454854,0.08432956039905548,0.782217800617218,0.8502850532531738
YOR007C,YLR260W,1,-0.38475007,0.08442816883325577,0.7832167744636536,0.8502850532531738
YMR153W,YBR171W,0,-0.38477522,0.08441907912492752,0.7832167744636536,0.8503850102424622
YOR007C,YMR263W,1,-0.38480458,0.08451765775680542,0.7842158079147339,0.8503850102424622
YGR161C,YLR411W,0,-0.38480675,0.08450856059789658,0.7842158079147339,0.8504850268363953
YDR289C,YBR004C,0,-0.38481277,0.08449946343898773,0.7842158079147339,0.8505850434303284
YNL012W,YDL025C,0,-0.3849243,0.08449036628007889,0.7842158079147339,0.8506850600242615
YPR034W,YIL008W,0,-0.38502997,0.08448127657175064,0.7842158079147339,0.8507850766181946
YLR204W,YDL159W,0,-0.38505033,0.0844721868634224,0.7842158079147339,0.8508850932121277
YJL196C,YML031W,0,-0.38510716,0.08446309715509415,0.7842158079147339,0.8509851098060608
YDL230W,YIL123W,0,-0.38513458,0.0844540074467659,0.7842158079147339,0.8510851263999939
YGL119W,YNL177C,0,-0.3851478,0.08444492518901825,0.7842158079147339,0.851185142993927
YPL138C,YNL292W,0,-0.38530523,0.0844358429312706,0.7842158079147339,0.8512850999832153
YHR169W,YIL122W,0,-0.3853079,0.08442676067352295,0.7842158079147339,0.8513851165771484
YOR273C,YDR323C,0,-0.38546532,0.0844176784157753,0.7842158079147339,0.8514851331710815
YOL016C,YJL014W,0,-0.38565004,0.08440860360860825,0.7842158079147339,0.8515851497650146
YJL157C,YEL061C,0,-0.38569117,0.08439952880144119,0.7842158079147339,0.8516851663589478
YLR019W,YOR178C,1,-0.38570723,0.08449795842170715,0.7852147817611694,0.8516851663589478
YER133W,YDL088C,1,-0.38572496,0.08459636569023132,0.7862138152122498,0.8516851663589478
YLR127C,YDL137W,0,-0.3858062,0.08458727598190308,0.7862138152122498,0.8517851829528809
YDR002W,YBR171W,0,-0.3858124,0.08457818627357483,0.7862138152122498,0.851885199546814
YIR017C,YDR253C,0,-0.38598228,0.08456909656524658,0.7862138152122498,0.8519852161407471
YDR289C,YDR057W,0,-0.3860069,0.08456000685691833,0.7862138152122498,0.8520852327346802
YPR007C,YKR034W,0,-0.38610545,0.08455092459917068,0.7862138152122498,0.8521851897239685
YDR533C,YPR047W,0,-0.38614067,0.08454184234142303,0.7862138152122498,0.8522852063179016
YHR172W,YGR156W,0,-0.38627604,0.08453276008367538,0.7862138152122498,0.8523852229118347
YJR077C,YOR360C,0,-0.3866642,0.08452368527650833,0.7862138152122498,0.8524852395057678
YNL325C,YDR506C,0,-0.38668913,0.08451460301876068,0.7862138152122498,0.8525852560997009
YOL001W,YBR023C,0,-0.3867876,0.08450552821159363,0.7862138152122498,0.852685272693634
YMR139W,YOL152W,0,-0.38681817,0.08449645340442657,0.7862138152122498,0.8527852892875671
YGL105W,YBR057C,0,-0.3869658,0.08448738604784012,0.7862138152122498,0.8528853058815002
YDL100C,YGR278W,0,-0.38720405,0.08447831869125366,0.7862138152122498,0.8529853224754333
YDR511W,YGR028W,0,-0.38730004,0.0844692513346672,0.7862138152122498,0.8530852794647217
YGL043W,YER019W,0,-0.38730732,0.08446018397808075,0.7862138152122498,0.8531852960586548
YFL033C,YMR263W,1,-0.38734,0.08455842733383179,0.7872127890586853,0.8531852960586548
YJL051W,YER031C,0,-0.38738188,0.08454935252666473,0.7872127890586853,0.8532853126525879
YKL216W,YPR168W,0,-0.38740146,0.08454028517007828,0.7872127890586853,0.853385329246521
YKR078W,YDR186C,0,-0.38755947,0.08453121781349182,0.7872127890586853,0.8534853458404541
YBL008W,YLR388W,0,-0.3876791,0.08452215045690536,0.7872127890586853,0.8535853624343872
YLR098C,YPL116W,0,-0.38777462,0.08451308310031891,0.7872127890586853,0.8536853790283203
YGR231C,YGR241C,0,-0.387968,0.08450402319431305,0.7872127890586853,0.8537853956222534
YFR047C,YJL179W,0,-0.3880093,0.08449496328830719,0.7872127890586853,0.8538854122161865
YMR256C,YER021W,0,-0.38809362,0.08448590338230133,0.7872127890586853,0.8539853692054749
YML011C,YBR039W,0,-0.38829035,0.08447684347629547,0.7872127890586853,0.854085385799408
YBR072W,YJR136C,1,-0.38829535,0.08457498252391815,0.7882117629051208,0.854085385799408
YHR083W,YIL171W,0,-0.38841954,0.0845659151673317,0.7882117629051208,0.8541854023933411
YMR133W,YIL160C,0,-0.38859475,0.08455685526132584,0.7882117629051208,0.8542854189872742
YIL033C,YJR099W,0,-0.38861242,0.08454779535531998,0.7882117629051208,0.8543854355812073
YHR106W,YMR150C,0,-0.38865143,0.08453873544931412,0.7882117629051208,0.8544854521751404
YIL138C,YML126C,0,-0.38874644,0.08452967554330826,0.7882117629051208,0.8545854687690735
YOR016C,YGL144C,0,-0.38879916,0.084520623087883,0.7882117629051208,0.8546854853630066
YOR360C,YCL011C,0,-0.38915992,0.08451157063245773,0.7882117629051208,0.8547855019569397
YLR332W,YIL073C,0,-0.38916484,0.08450251817703247,0.7882117629051208,0.854885458946228
YFL016C,YMR186W,1,-0.3891865,0.08460056036710739,0.7892107963562012,0.854885458946228
YLR150W,YGR166W,0,-0.38937792,0.08459150046110153,0.7892107963562012,0.8549854755401611
YKL068W,YOR178C,1,-0.38950098,0.08468950539827347,0.7902097702026367,0.8549854755401611
YNL047C,YCR096C,0,-0.38960925,0.08468043804168701,0.7902097702026367,0.8550854921340942
YBL105C,YPR010C,0,-0.38961223,0.08467137813568115,0.7902097702026367,0.8551855087280273
YOL032W,YMR189W,0,-0.38964808,0.0846623107790947,0.7902097702026367,0.8552855253219604
YNL322C,YBL084C,0,-0.3897116,0.08465325087308884,0.7902097702026367,0.8553855419158936
YLR115W,YLR467W,0,-0.38982287,0.08464419841766357,0.7902097702026367,0.8554855585098267
YFR041C,YBR181C,0,-0.38984117,0.08463513851165771,0.7902097702026367,0.8555855751037598
YMR201C,YHR013C,0,-0.38988918,0.08462608605623245,0.7902097702026367,0.8556855916976929
YJR134C,YER014W,0,-0.38990596,0.08461703360080719,0.7902097702026367,0.855785608291626
YEL032W,YAR008W,0,-0.39002097,0.08460798114538193,0.7902097702026367,0.8558855652809143
YPL173W,YLR135W,0,-0.39025313,0.08459892868995667,0.7902097702026367,0.8559855818748474
YFR016C,YKR001C,0,-0.39028007,0.084589883685112,0.7902097702026367,0.8560855984687805
YIL070C,YLR044C,0,-0.3903333,0.08458083868026733,0.7902097702026367,0.8561856150627136
YOR094W,YNL072W,0,-0.39036226,0.08457179367542267,0.7902097702026367,0.8562856316566467
YDR092W,YPL248C,0,-0.39039743,0.0845627561211586,0.7902097702026367,0.8563856482505798
YMR026C,YLR048W,0,-0.39041856,0.08455371111631393,0.7902097702026367,0.8564856648445129
YDR189W,YNL068C,0,-0.39046836,0.08454467356204987,0.7902097702026367,0.856585681438446
YPL047W,YBR203W,0,-0.39051825,0.0845356434583664,0.7902097702026367,0.8566856980323792
YDR188W,YPL215W,0,-0.390558,0.08452660590410233,0.7902097702026367,0.8567856550216675
YLR172C,YGR104C,0,-0.39059174,0.08451757580041885,0.7902097702026367,0.8568856716156006
YDR363W,YOR030W,0,-0.39077005,0.08450854569673538,0.7902097702026367,0.8569856882095337
YBR245C,YOR386W,0,-0.39078695,0.08449951559305191,0.7902097702026367,0.8570857048034668
YNL173C,YJL123C,0,-0.39086172,0.08449049293994904,0.7902097702026367,0.8571857213973999
YBR048W,YER068W,0,-0.39095494,0.08448147028684616,0.7902097702026367,0.857285737991333
YDR511W,YDR315C,0,-0.39096314,0.08447244763374329,0.7902097702026367,0.8573857545852661
YLR210W,YGR189C,0,-0.39102736,0.08446342498064041,0.7902097702026367,0.8574857711791992
YDL181W,YDR341C,0,-0.39104265,0.08445440977811813,0.7902097702026367,0.8575857877731323
YDL017W,YGL222C,0,-0.39116216,0.08444539457559586,0.7902097702026367,0.8576857447624207
YDR141C,YDR069C,0,-0.39123338,0.08443637937307358,0.7902097702026367,0.8577857613563538
YFL016C,YNL097C,1,-0.39148906,0.08453410118818283,0.791208803653717,0.8577857613563538
YBR159W,YHR043C,0,-0.39150244,0.08452507853507996,0.791208803653717,0.8578857779502869
YNL279W,YNL053W,0,-0.39153638,0.08451606333255768,0.791208803653717,0.85798579454422
YMR177W,YBR210W,0,-0.39159995,0.0845070406794548,0.791208803653717,0.8580858111381531
YDL100C,YMR263W,1,-0.39161378,0.08460471779108047,0.7922077775001526,0.8580858111381531
YPL090C,YCR028C,0,-0.3916295,0.084595687687397,0.7922077775001526,0.8581858277320862
YML130C,YKR042W,0,-0.39191633,0.08458666503429413,0.7922077775001526,0.8582858443260193
YGR024C,YDR155C,0,-0.39205647,0.08457764238119125,0.7922077775001526,0.8583858609199524
YJR125C,YPL040C,0,-0.39206356,0.08456862717866898,0.7922077775001526,0.8584858775138855
YDR388W,YLR019W,0,-0.3920875,0.0845596045255661,0.7922077775001526,0.8585858345031738
YKR027W,YGL198W,0,-0.39210758,0.08455058932304382,0.7922077775001526,0.8586858510971069
YNL097C,YDL088C,1,-0.3921358,0.08464818447828293,0.7932068109512329,0.8586858510971069
YOR069W,YOR383C,0,-0.3922243,0.08463916182518005,0.7932068109512329,0.85878586769104
YMR037C,YOR008C,1,-0.39232582,0.08473672717809677,0.7942057847976685,0.85878586769104
YDL123W,YKR048C,0,-0.39233294,0.0847276970744133,0.7942057847976685,0.8588858842849731
YNL128W,YLR093C,0,-0.39236918,0.08471866697072983,0.7942057847976685,0.8589859008789062
YKR026C,YLR019W,1,-0.39243478,0.08481619507074356,0.7952048182487488,0.8589859008789062
YPL202C,YJL047C,0,-0.3924889,0.08480715751647949,0.7952048182487488,0.8590859174728394
YFR038W,YPL210C,0,-0.3931122,0.08479812741279602,0.7952048182487488,0.8591859340667725
YLR052W,YGR007W,0,-0.39323762,0.08478908985853195,0.7952048182487488,0.8592859506607056
YLR292C,YBR058C-A,0,-0.39330614,0.08478005975484848,0.7952048182487488,0.8593859672546387
YLR371W,YGR123C,0,-0.3934975,0.08477102965116501,0.7952048182487488,0.859485924243927
YGL022W,YCL051W,0,-0.3935359,0.08476200699806213,0.7952048182487488,0.8595859408378601
YNL183C,YDL079C,0,-0.39354685,0.08475298434495926,0.7952048182487488,0.8596859574317932
YJL063C,YDR420W,0,-0.39358658,0.08474396169185638,0.7952048182487488,0.8597859740257263
YBR097W,YIL072W,0,-0.39358866,0.08473493903875351,0.7952048182487488,0.8598859906196594
YPR055W,YKL033W,0,-0.39374602,0.08472591638565063,0.7952048182487488,0.8599860072135925
YLL042C,YNL248C,0,-0.39384598,0.08471690118312836,0.7952048182487488,0.8600860238075256
YNL007C,YGR086C,1,-0.39388523,0.08481430262327194,0.7962037920951843,0.8600860238075256
YDL002C,YJR064W,0,-0.3940094,0.08480527997016907,0.7962037920951843,0.8601860404014587
YDR171W,YOR178C,1,-0.39422435,0.08490265160799026,0.7972028255462646,0.8601860404014587
YDL136W,YGR172C,0,-0.3942417,0.0848936140537262,0.7972028255462646,0.8602860569953918
YER157W,YMR104C,0,-0.39425275,0.08488458395004272,0.7972028255462646,0.8603860139846802
YMR289W,YIR026C,0,-0.39425606,0.08487556129693985,0.7972028255462646,0.8604860305786133
YLR293C,YLR086W,0,-0.3944946,0.08486653119325638,0.7972028255462646,0.8605860471725464
YLL026W,YOR043W,1,-0.3945192,0.0849638432264328,0.7982017993927002,0.8605860471725464
YCR091W,YIL008W,0,-0.39467382,0.08495481312274933,0.7982017993927002,0.8606860637664795
YMR004W,YCL029C,0,-0.39480475,0.08494577556848526,0.7982017993927002,0.8607860803604126
YDR438W,YLR100W,0,-0.39504176,0.08493675291538239,0.7982017993927002,0.8608860969543457
YHR170W,YEL015W,0,-0.3950709,0.08492772281169891,0.7982017993927002,0.8609861135482788
YGL223C,YMR035W,0,-0.395109,0.08491869270801544,0.7982017993927002,0.8610861301422119
YBL002W,YGR162W,0,-0.39519876,0.08490967005491257,0.7982017993927002,0.861186146736145
YLR421C,YLR099C,0,-0.39520422,0.08490064740180969,0.7982017993927002,0.8612861037254333
YER148W,YDL043C,0,-0.3953183,0.08489162474870682,0.7982017993927002,0.8613861203193665
YLR355C,YKL080W,0,-0.39532736,0.08488260954618454,0.7982017993927002,0.8614861369132996
YJR113C,YMR211W,0,-0.39533252,0.08487359434366226,0.7982017993927002,0.8615861535072327
YMR119W,YDR197W,0,-0.39548245,0.08486457914113998,0.7982017993927002,0.8616861701011658
YOR043W,YHL028W,1,-0.3955748,0.08496176451444626,0.7992007732391357,0.8616861701011658
YGL207W,YAL014C,0,-0.39568758,0.08495274186134338,0.7992007732391357,0.8617861866950989
YBR204C,YGR086C,0,-0.39572412,0.0849437266588211,0.7992007732391357,0.861886203289032
YFL022C,YMR292W,0,-0.3961685,0.08493470400571823,0.7992007732391357,0.8619862198829651
YKL181W,YPL255W,0,-0.3964487,0.08492568880319595,0.7992007732391357,0.8620862364768982
YFL033C,YAR002W,1,-0.3966873,0.08502282202243805,0.8001998066902161,0.8620862364768982
YMR002W,YHR001W-A,0,-0.3966906,0.08501379936933517,0.8001998066902161,0.8621861934661865
YCR033W,YOR181W,0,-0.39675486,0.0850047767162323,0.8001998066902161,0.8622862100601196
YOR198C,YML067C,0,-0.3968166,0.08499575406312943,0.8001998066902161,0.8623862266540527
YIL084C,YAR002W,1,-0.39689547,0.08509283512830734,0.8011987805366516,0.8623862266540527
YJR137C,YOR116C,0,-0.39732638,0.08508381247520447,0.8011987805366516,0.8624862432479858
YOL105C,YDR074W,1,-0.3975754,0.08518086373806,0.8021978139877319,0.8624862432479858
YJR136C,YER111C,1,-0.39766514,0.08527789264917374,0.8031967878341675,0.8624862432479858
YOR069W,YLR075W,0,-0.3977851,0.08526885509490967,0.8031967878341675,0.862586259841919
YIL144W,YMR188C,0,-0.39785853,0.085259810090065,0.8031967878341675,0.862686276435852
YOL100W,YKL156W,0,-0.39790487,0.08525076508522034,0.8031967878341675,0.8627862930297852
YGR163W,YPR079W,0,-0.39797866,0.08524172753095627,0.8031967878341675,0.8628863096237183
YPL004C,YOR008C,1,-0.39802817,0.08533870428800583,0.8041958212852478,0.8628863096237183
YGR275W,YBR023C,0,-0.3981076,0.08532965928316116,0.8041958212852478,0.8629863262176514
YJR093C,YJR144W,0,-0.39829832,0.0853206142783165,0.8041958212852478,0.8630862832069397
YBL008W,YDL223C,0,-0.39834297,0.08531156927347183,0.8041958212852478,0.8631862998008728
YPL046C,YDR350C,0,-0.39834452,0.08530253171920776,0.8041958212852478,0.8632863163948059
YDL093W,YLR051C,0,-0.398349,0.0852934941649437,0.8041958212852478,0.863386332988739
YAL035W,YOR207C,0,-0.39852983,0.08528445661067963,0.8041958212852478,0.8634863495826721
YFL011W,YDR236C,0,-0.39880198,0.08527542650699615,0.8041958212852478,0.8635863661766052
YHR196W,YGR162W,0,-0.398823,0.08526638895273209,0.8041958212852478,0.8636863827705383
YBL035C,YNR012W,0,-0.39884028,0.08525735884904861,0.8041958212852478,0.8637863993644714
YBR048W,YJR132W,0,-0.39888057,0.08524832874536514,0.8041958212852478,0.8638864159584045
YLR167W,YOR202W,0,-0.3992955,0.08523930609226227,0.8041958212852478,0.8639863729476929
YER120W,YKL145W,0,-0.39946797,0.0852302834391594,0.8041958212852478,0.864086389541626
YBR126C,YHL028W,1,-0.39951283,0.08532712608575821,0.8051947951316833,0.864086389541626
YJL106W,YDR397C,0,-0.39964053,0.08531808853149414,0.8051947951316833,0.8641864061355591
YAL013W,YKL068W,1,-0.39982066,0.08541490137577057,0.8061938285827637,0.8641864061355591
YJL057C,YOR208W,0,-0.40010753,0.0854058638215065,0.8061938285827637,0.8642864227294922
YHL019C,YOR224C,0,-0.40011293,0.08539682626724243,0.8061938285827637,0.8643864393234253
YKL062W,YMR006C,0,-0.40021533,0.08538778871297836,0.8061938285827637,0.8644864559173584
YKL212W,YDR312W,0,-0.40027332,0.08537875860929489,0.8061938285827637,0.8645864725112915
YOR129C,YAL025C,0,-0.40033907,0.08536972105503082,0.8061938285827637,0.8646864891052246
YIL172C,YDL067C,0,-0.40035725,0.08536069095134735,0.8061938285827637,0.8647865056991577
YCR044C,YIL153W,0,-0.40042633,0.08535166829824448,0.8061938285827637,0.864886462688446
YOR002W,YLL052C,0,-0.4005513,0.085342638194561,0.8061938285827637,0.8649864792823792
YJL122W,YDR339C,0,-0.40061212,0.08533361554145813,0.8061938285827637,0.8650864958763123
YDR096W,YDR446W,0,-0.4006903,0.08532459288835526,0.8061938285827637,0.8651865124702454
YBR201W,YMR235C,0,-0.4007228,0.08531557023525238,0.8061938285827637,0.8652865290641785
YMR256C,YJL026W,0,-0.40102187,0.0853065550327301,0.8061938285827637,0.8653865456581116
YLR262C,YFR041C,0,-0.40104672,0.08529753983020782,0.8061938285827637,0.8654865622520447
YBL023C,YDR483W,0,-0.40109432,0.08528852462768555,0.8061938285827637,0.8655865788459778
YPL086C,YNR012W,0,-0.40116256,0.08527950942516327,0.8061938285827637,0.8656865954399109
YJL183W,YEL015W,0,-0.40120494,0.08527050167322159,0.8061938285827637,0.8657865524291992
YDR523C,YGL059W,0,-0.4012106,0.08526148647069931,0.8061938285827637,0.8658865690231323
YBR072W,YOR043W,1,-0.40130162,0.08535812050104141,0.8071928024291992,0.8658865690231323
YJR065C,YOR109W,0,-0.40135545,0.08534910529851913,0.8071928024291992,0.8659865856170654
YKL138C,YHL020C,0,-0.40140176,0.08534009009599686,0.8071928024291992,0.8660866022109985
YMR183C,YOR009W,0,-0.40144074,0.08533108234405518,0.8071928024291992,0.8661866188049316
YGL121C,YMR156C,0,-0.40159222,0.0853220671415329,0.8071928024291992,0.8662866353988647
YMR170C,YOR270C,0,-0.40179372,0.08531305938959122,0.8071928024291992,0.8663866519927979
YDR515W,YGL107C,0,-0.4020056,0.08530405163764954,0.8071928024291992,0.866486668586731
YBR253W,YEL051W,0,-0.40212706,0.08529505133628845,0.8071928024291992,0.8665866851806641
YOL052C-A,YMR037C,1,-0.4021445,0.08539159595966339,0.8081918358802795,0.8665866851806641
YLR095C,YDR080W,0,-0.40238494,0.08538258820772171,0.8081918358802795,0.8666866421699524
YLR405W,YNL139C,0,-0.4025097,0.08537357300519943,0.8081918358802795,0.8667866587638855
YML103C,YDR258C,1,-0.40259698,0.08547008782625198,0.8091908097267151,0.8667866587638855
YLR181C,YGL222C,0,-0.4027122,0.08546106517314911,0.8091908097267151,0.8668866753578186
YBL105C,YDR200C,0,-0.4027402,0.08545204997062683,0.8091908097267151,0.8669866919517517
YGL029W,YGL008C,0,-0.4029711,0.08544303476810455,0.8091908097267151,0.8670867085456848
YMR201C,YHR157W,0,-0.40307322,0.08543402701616287,0.8091908097267151,0.8671867251396179
YER122C,YPL271W,0,-0.4031192,0.08542501926422119,0.8091908097267151,0.867286741733551
YDL130W-A,YGL005C,0,-0.4031202,0.08541600406169891,0.8091908097267151,0.8673867583274841
YEL003W,YOR293W,0,-0.40314525,0.08540700376033783,0.8091908097267151,0.8674867749214172
YHR176W,YER014W,0,-0.40322185,0.08539799600839615,0.8091908097267151,0.8675867319107056
YDR379W,YNL015W,0,-0.40323773,0.08538899570703506,0.8091908097267151,0.8676867485046387
YOR129C,YGR162W,0,-0.40323913,0.08537999540567398,0.8091908097267151,0.8677867650985718
YDR258C,YOR008C,1,-0.40328115,0.08547639101743698,0.8101897835731506,0.8677867650985718
YOL011W,YEL001C,0,-0.4033443,0.0854673832654953,0.8101897835731506,0.8678867816925049
YIL103W,YKL081W,0,-0.40343887,0.08545837551355362,0.8101897835731506,0.867986798286438
YIL084C,YOR007C,1,-0.4034487,0.08555473387241364,0.811188817024231,0.867986798286438
YBR211C,YLR308W,0,-0.40371627,0.08554572612047195,0.811188817024231,0.8680868148803711
YHR172W,YGR206W,0,-0.4037219,0.08553671091794968,0.811188817024231,0.8681868314743042
YMR158W,YER006W,0,-0.40385902,0.085527703166008,0.811188817024231,0.8682868480682373
YEL061C,YML095C,0,-0.40386552,0.08551869541406631,0.811188817024231,0.8683868646621704
YDR437W,YIL036W,0,-0.4038695,0.08550968766212463,0.811188817024231,0.8684868216514587
YER051W,YBR015C,0,-0.40391576,0.08550068736076355,0.811188817024231,0.8685868382453918
YGR090W,YNL272C,0,-0.40396407,0.08549167960882187,0.811188817024231,0.868686854839325
YOR069W,YPR173C,0,-0.40440303,0.08548267930746078,0.811188817024231,0.8687868714332581
YPL233W,YKL135C,0,-0.40441617,0.0854736864566803,0.811188817024231,0.8688868880271912
YFL016C,YLR335W,1,-0.40442678,0.08556994050741196,0.8121877908706665,0.8688868880271912
YMR183C,YDL080C,0,-0.4044808,0.08556093275547028,0.8121877908706665,0.8689869046211243
YGL016W,YOR354C,0,-0.4046846,0.08555193245410919,0.8121877908706665,0.8690869212150574
YER063W,YLR259C,0,-0.40490282,0.08554293215274811,0.8121877908706665,0.8691869378089905
YBR245C,YCR077C,0,-0.4049083,0.08553393185138702,0.8121877908706665,0.8692869544029236
YNL154C,YER025W,0,-0.4049109,0.08552493155002594,0.8121877908706665,0.8693869113922119
YLL010C,YMR224C,0,-0.40519777,0.08551593869924545,0.8121877908706665,0.869486927986145
YFR027W,YBR164C,0,-0.40527406,0.08550693839788437,0.8121877908706665,0.8695869445800781
YCL017C,YOR250C,0,-0.40537676,0.08549795299768448,0.8121877908706665,0.8696869611740112
YMR285C,YGR271C-A,0,-0.40545297,0.08548896014690399,0.8121877908706665,0.8697869777679443
YER048C,YBR200W,0,-0.40560052,0.0854799672961235,0.8121877908706665,0.8698869943618774
YOR179C,YMR311C,0,-0.40569898,0.08547098189592361,0.8121877908706665,0.8699870109558105
YBR181C,YDR046C,0,-0.405734,0.08546199649572372,0.8121877908706665,0.8700870275497437
YJR014W,YLR275W,0,-0.40604684,0.08545301854610443,0.8121877908706665,0.8701870441436768
YDL042C,YGL222C,0,-0.4061162,0.08544403314590454,0.8121877908706665,0.8702870011329651
YAL011W,YKL010C,0,-0.40633914,0.08543505519628525,0.8121877908706665,0.8703870177268982
YPL038W,YOR075W,0,-0.4064222,0.08542607724666595,0.8121877908706665,0.8704870343208313
YER031C,YKR022C,0,-0.40660286,0.08541710674762726,0.8121877908706665,0.8705870509147644
YOR208W,YGL134W,0,-0.4066653,0.08540812879800797,0.8121877908706665,0.8706870675086975
YDR299W,YER176W,0,-0.40682888,0.08539915829896927,0.8121877908706665,0.8707870841026306
YMR237W,YPL224C,0,-0.4068765,0.08539018779993057,0.8121877908706665,0.8708871006965637
YBR005W,YNL156C,0,-0.40694332,0.08538122475147247,0.8121877908706665,0.8709871172904968
YIL068C,YJL008C,0,-0.40694436,0.08537225425243378,0.8121877908706665,0.8710871338844299
YBL038W,YOR171C,0,-0.40711215,0.08536329120397568,0.8121877908706665,0.8711870908737183
YJR048W,YDR406W,0,-0.40713772,0.08535432815551758,0.8121877908706665,0.8712871074676514
YKL179C,YKL120W,0,-0.4072528,0.08534537255764008,0.8121877908706665,0.8713871240615845
YGL028C,YDR111C,0,-0.4073041,0.08533640950918198,0.8121877908706665,0.8714871406555176
YLR092W,YOR254C,0,-0.407481,0.08532745391130447,0.8121877908706665,0.8715871572494507
YPL281C,YAL041W,0,-0.40770814,0.08531849831342697,0.8121877908706665,0.8716871738433838
YCL016C,YOL041C,0,-0.4077111,0.08530955016613007,0.8121877908706665,0.8717871904373169
YMR106C,YDR225W,0,-0.40775,0.08530059456825256,0.8121877908706665,0.87188720703125
YNL103W,YBL050W,0,-0.40785623,0.08529164642095566,0.8121877908706665,0.8719872236251831
YDL213C,YNR012W,0,-0.40801024,0.08528270572423935,0.8121877908706665,0.8720871806144714
YLL021W,YIL126W,0,-0.40808687,0.08527375757694244,0.8121877908706665,0.8721871972084045
YOL091W,YNL082W,0,-0.40814024,0.08526481688022614,0.8121877908706665,0.8722872138023376
YLR431C,YPR131C,0,-0.40816492,0.08525587618350983,0.8121877908706665,0.8723872303962708
YER161C,YHR118C,0,-0.4081915,0.08524693548679352,0.8121877908706665,0.8724872469902039
YHL019C,YNL268W,0,-0.40864864,0.08523799479007721,0.8121877908706665,0.872587263584137
YER081W,YLR175W,0,-0.4087682,0.0852290615439415,0.8121877908706665,0.8726872801780701
YDL153C,YLR057W,0,-0.4087977,0.08522012829780579,0.8121877908706665,0.8727872967720032
YKR079C,YOR167C,0,-0.40885893,0.08521119505167007,0.8121877908706665,0.8728873133659363
YOL004W,YOR008C,1,-0.40888125,0.0853070616722107,0.8131868243217468,0.8728873133659363
YML061C,YHR183W,0,-0.40890318,0.08529812097549438,0.8131868243217468,0.8729872703552246
YDL139C,YDR519W,0,-0.40897447,0.08528918772935867,0.8131868243217468,0.8730872869491577
YAL053W,YNL278W,0,-0.40901524,0.08528025448322296,0.8131868243217468,0.8731873035430908
YHL016C,YIL120W,0,-0.40902293,0.08527132123708725,0.8131868243217468,0.8732873201370239
YPR100W,YKL006W,0,-0.40905923,0.08526238799095154,0.8131868243217468,0.873387336730957
YPL179W,YLR393W,0,-0.40908042,0.08525345474481583,0.8131868243217468,0.8734873533248901
YDL205C,YDR489W,0,-0.40908104,0.08524452894926071,0.8131868243217468,0.8735873699188232
YPR016C,YDL056W,0,-0.40908512,0.0852356031537056,0.8131868243217468,0.8736873865127563
YPL008W,YGR004W,0,-0.40921617,0.08522667735815048,0.8131868243217468,0.8737874031066895
YJR044C,YPR154W,0,-0.40924457,0.08521775901317596,0.8131868243217468,0.8738873600959778
YJL174W,YNL287W,0,-0.40950045,0.08520883321762085,0.8131868243217468,0.8739873766899109
YNL101W,YPL036W,0,-0.40957487,0.08519991487264633,0.8131868243217468,0.874087393283844
YBR185C,YFL022C,0,-0.40959564,0.08519099652767181,0.8131868243217468,0.8741874098777771
YOL009C,YGL099W,0,-0.40959728,0.0851820856332779,0.8131868243217468,0.8742874264717102
YLR369W,YOR119C,0,-0.40961954,0.08517317473888397,0.8131868243217468,0.8743874430656433
YGR108W,YLR121C,0,-0.40962762,0.08516426384449005,0.8131868243217468,0.8744874596595764
YER149C,YGR154C,0,-0.40963092,0.08515535295009613,0.8131868243217468,0.8745874762535095
YDR517W,YMR297W,0,-0.40966535,0.08514644205570221,0.8131868243217468,0.8746874928474426
YBL075C,YCR010C,0,-0.40982592,0.08513753861188889,0.8131868243217468,0.874787449836731
YLR059C,YER177W,0,-0.40997398,0.08512863516807556,0.8131868243217468,0.8748874664306641
YNL283C,YJR066W,1,-0.41003555,0.08522430062294006,0.8141857981681824,0.8748874664306641
YJR100C,YKR082W,1,-0.410039,0.08531995117664337,0.8151848316192627,0.8748874664306641
YLR335W,YOL105C,1,-0.41006055,0.08541557937860489,0.8161838054656982,0.8748874664306641
YLR077W,YJL100W,0,-0.41016778,0.08540664613246918,0.8161838054656982,0.8749874830245972
YLR421C,YDR135C,0,-0.41020817,0.08539772033691406,0.8161838054656982,0.8750874996185303
YPL032C,YOR109W,0,-0.41023454,0.08538879454135895,0.8161838054656982,0.8751875162124634
YDR213W,YNL220W,0,-0.41028023,0.08537987619638443,0.8161838054656982,0.8752875328063965
YGR003W,YOR319W,0,-0.41041416,0.08537095040082932,0.8161838054656982,0.8753875494003296
YGR086C,YLR019W,1,-0.41044903,0.08546651154756546,0.8171828389167786,0.8753875494003296
YBR295W,YJL184W,0,-0.41081828,0.08545758575201035,0.8171828389167786,0.8754875659942627
YPR188C,YML005W,0,-0.41103843,0.08544865995645523,0.8171828389167786,0.8755875825881958
YER029C,YML062C,0,-0.4110608,0.08543973416090012,0.8171828389167786,0.8756875395774841
YJL138C,YML061C,0,-0.4111507,0.085430808365345,0.8171828389167786,0.8757875561714172
YLR260W,YAR002W,1,-0.41118312,0.08552631735801697,0.8181818127632141,0.8757875561714172
YNL064C,YML018C,0,-0.41125202,0.08551738411188126,0.8181818127632141,0.8758875727653503
YPL013C,YDR107C,0,-0.41148624,0.08550845831632614,0.8181818127632141,0.8759875893592834
YFL047W,YER159C,0,-0.41179997,0.08549953252077103,0.8181818127632141,0.8760876059532166
YKR013W,YBR264C,0,-0.41186452,0.08549060672521591,0.8181818127632141,0.8761876225471497
YMR154C,YNL299W,0,-0.41205513,0.0854816809296608,0.8181818127632141,0.8762876391410828
YLR215C,YML005W,0,-0.41228414,0.08547276258468628,0.8181818127632141,0.8763876557350159
YBR073W,YBL035C,0,-0.41247824,0.08546384423971176,0.8181818127632141,0.876487672328949
YPR134W,YPL183C,0,-0.41247863,0.08545492589473724,0.8181818127632141,0.8765876293182373
YFL062W,YCL026C-A,0,-0.41253203,0.08544600754976273,0.8181818127632141,0.8766876459121704
YBR290W,YBR065C,0,-0.41254145,0.0854370966553688,0.8181818127632141,0.8767876625061035
YDL160C,YDR027C,0,-0.41268227,0.08542818576097488,0.8181818127632141,0.8768876791000366
YDR217C,YER014W,0,-0.4129629,0.08541927486658096,0.8181818127632141,0.8769876956939697
YBR122C,YDR085C,0,-0.41319436,0.08541036397218704,0.8181818127632141,0.8770877122879028
YBR227C,YPL036W,0,-0.41324008,0.08540146052837372,0.8181818127632141,0.8771877288818359
YHL036W,YGL150C,0,-0.41338935,0.0853925570845604,0.8181818127632141,0.877287745475769
YIL033C,YKL149C,0,-0.4134242,0.08538365364074707,0.8181818127632141,0.8773877620697021
YOL120C,YKR067W,0,-0.4137757,0.08537475019693375,0.8181818127632141,0.8774877190589905
YLR023C,YLR432W,0,-0.4138327,0.08536585420370102,0.8181818127632141,0.8775877356529236
YDR276C,YBL025W,0,-0.41432062,0.08535695821046829,0.8181818127632141,0.8776877522468567
YMR113W,YEL050C,0,-0.4146008,0.08534806221723557,0.8181818127632141,0.8777877688407898
YLR074C,YGL017W,0,-0.41465464,0.08533916622400284,0.8181818127632141,0.8778877854347229
YLR376C,YGL023C,0,-0.41492623,0.08533027768135071,0.8181818127632141,0.877987802028656
YNL007C,YLR335W,1,-0.41499734,0.08542556315660477,0.8191808462142944,0.877987802028656
YCR071C,YMR098C,0,-0.41510144,0.08541666716337204,0.8191808462142944,0.8780878186225891
YDR261C,YLR414C,0,-0.4151691,0.08540777117013931,0.8191808462142944,0.8781878352165222
YBR290W,YDR520C,0,-0.41523945,0.08539887517690659,0.8191808462142944,0.8782878518104553
YKR100C,YJR097W,0,-0.41525823,0.08538997918367386,0.8191808462142944,0.8783878684043884
YDL160C,YGR220C,0,-0.4153021,0.08538109064102173,0.8191808462142944,0.8784878253936768
YDR160W,YGR075C,0,-0.4153032,0.0853722020983696,0.8191808462142944,0.8785878419876099
YOL084W,YLL018C-A,0,-0.4153203,0.08536331355571747,0.8191808462142944,0.878687858581543
YIL123W,YDR158W,0,-0.41540724,0.08535443246364594,0.8191808462142944,0.8787878751754761
YOR233W,YJR139C,0,-0.4155661,0.0853455439209938,0.8191808462142944,0.8788878917694092
YLR432W,YLR074C,0,-0.4156793,0.08533666282892227,0.8191808462142944,0.8789879083633423
YML072C,YDR489W,0,-0.41582334,0.08532778173685074,0.8191808462142944,0.8790879249572754
YLR133W,YER063W,0,-0.41582957,0.0853189080953598,0.8191808462142944,0.8791879415512085
YGR063C,YNR011C,0,-0.41583398,0.08531002700328827,0.8191808462142944,0.8792879581451416
YLR019W,YDL088C,1,-0.4158854,0.08540517836809158,0.82017982006073,0.8792879581451416
YPR007C,YMR302C,0,-0.41593802,0.08539629727602005,0.82017982006073,0.8793879151344299
YOR061W,YHR167W,0,-0.41605043,0.08538741618394852,0.82017982006073,0.879487931728363
YNL054W,YKL116C,0,-0.4161,0.08537853509187698,0.82017982006073,0.8795879483222961
YDR191W,YBR240C,0,-0.4161864,0.08536966145038605,0.82017982006073,0.8796879649162292
YHL028W,YAR002W,1,-0.4162205,0.08546475321054459,0.8211787939071655,0.8796879649162292
YBL057C,YML081C-A,0,-0.41632408,0.08545587211847305,0.8211787939071655,0.8797879815101624
YDL160C,YPL172C,0,-0.41633335,0.08544698357582092,0.8211787939071655,0.8798879981040955
YLR466W,YNL213C,0,-0.41649905,0.08543810248374939,0.8211787939071655,0.8799880146980286
YPR017C,YLR324W,0,-0.41654825,0.08542922139167786,0.8211787939071655,0.8800880312919617
YLR418C,YJR064W,0,-0.4165677,0.08542034775018692,0.8211787939071655,0.8801880478858948
YPL049C,YHR076W,0,-0.41675594,0.08541147410869598,0.8211787939071655,0.8802880048751831
YAL013W,YBR025C,1,-0.41678795,0.08550649136304855,0.8221778273582458,0.8802880048751831
YMR263W,YDL088C,1,-0.41680017,0.08560149371623993,0.8231768012046814,0.8802880048751831
YLR450W,YHR136C,0,-0.41687602,0.0855926051735878,0.8231768012046814,0.8803880214691162
YDR430C,YJR060W,0,-0.41693985,0.08558371663093567,0.8231768012046814,0.8804880380630493
YPL117C,YOL095C,0,-0.4170289,0.08557482808828354,0.8231768012046814,0.8805880546569824
YNL090W,YOL005C,0,-0.41723147,0.08556593954563141,0.8231768012046814,0.8806880712509155
YDR129C,YDL066W,0,-0.41725188,0.08555705845355988,0.8231768012046814,0.8807880878448486
YDR180W,YDR466W,0,-0.41750348,0.08554816991090775,0.8231768012046814,0.8808881044387817
YKR052C,YER114C,0,-0.4175192,0.08553928881883621,0.8231768012046814,0.8809881210327148
YBL097W,YBR301W,0,-0.41759396,0.08553041517734528,0.8231768012046814,0.881088137626648
YDR399W,YDR054C,0,-0.41760546,0.08552153408527374,0.8231768012046814,0.8811880946159363
YGR087C,YHR112C,0,-0.41775268,0.0855126604437828,0.8231768012046814,0.8812881112098694
YGR174C,YGL194C,0,-0.41775995,0.08550378680229187,0.8231768012046814,0.8813881278038025
YOL044W,YOR153W,0,-0.4179265,0.08549491316080093,0.8231768012046814,0.8814881443977356
YDR276C,YNL336W,0,-0.41802627,0.0854860469698906,0.8231768012046814,0.8815881609916687
YOL009C,YNL270C,0,-0.41806942,0.08547718077898026,0.8231768012046814,0.8816881775856018
YML027W,YDR080W,0,-0.4182521,0.08546831458806992,0.8231768012046814,0.8817881941795349
YER072W,YBR135W,0,-0.41830215,0.08545944839715958,0.8231768012046814,0.881888210773468
YOR075W,YKR022C,0,-0.41831228,0.08545058220624924,0.8231768012046814,0.8819882273674011
YDR529C,YCR009C,0,-0.41892046,0.0854417234659195,0.8231768012046814,0.8820881843566895
YHR007C,YFL026W,0,-0.4189906,0.08543286472558975,0.8231768012046814,0.8821882009506226
YBL078C,YMR105C,0,-0.41908365,0.0854240134358406,0.8231768012046814,0.8822882175445557
YML115C,YCR031C,0,-0.4191653,0.08541515469551086,0.8231768012046814,0.8823882341384888
YOL084W,YGL045W,0,-0.41930282,0.08540630340576172,0.8231768012046814,0.8824882507324219
YDR515W,YHR160C,0,-0.41930664,0.08539745211601257,0.8231768012046814,0.882588267326355
YFL005W,YML038C,0,-0.41931242,0.08538860082626343,0.8231768012046814,0.8826882839202881
YLL010C,YGL073W,1,-0.41945323,0.0854833722114563,0.8241758346557617,0.8826882839202881
YDR219C,YIL156W,0,-0.41956848,0.08547451347112656,0.8241758346557617,0.8827883005142212
YNL064C,YAL013W,1,-0.41957685,0.08556925505399704,0.8251748085021973,0.8827883005142212
YMR205C,YIL126W,0,-0.41977298,0.0855603888630867,0.8251748085021973,0.8828883171081543
YGL021W,YNL206C,0,-0.41984722,0.08555153012275696,0.8251748085021973,0.8829882740974426
YNL283C,YOR008C,1,-0.41999406,0.08564622700214386,0.8261738419532776,0.8829882740974426
YBL013W,YOL061W,0,-0.42003757,0.08563736081123352,0.8261738419532776,0.8830882906913757
YNL007C,YOR007C,1,-0.4200511,0.08573203533887863,0.8271728157997131,0.8830882906913757
YDR169C,YFR014C,0,-0.42008054,0.0857231616973877,0.8271728157997131,0.8831883072853088
YER054C,YMR231W,0,-0.42017215,0.08571428805589676,0.8271728157997131,0.8832883238792419
YGR048W,YLR196W,0,-0.42032412,0.08570541441440582,0.8271728157997131,0.883388340473175
YMR001C,YBR156C,0,-0.420416,0.08569654077291489,0.8271728157997131,0.8834883570671082
YGR135W,YIR037W,0,-0.42052263,0.08568767458200455,0.8271728157997131,0.8835883736610413
YBR060C,YNL137C,0,-0.4205628,0.08567880839109421,0.8271728157997131,0.8836883902549744
YHR148W,YPL010W,0,-0.42091423,0.08566994220018387,0.8271728157997131,0.8837884068489075
YJL073W,YEL065W,0,-0.42110527,0.08566108345985413,0.8271728157997131,0.8838883638381958
YFL016C,YHL028W,1,-0.4211436,0.08575566112995148,0.8281718492507935,0.8838883638381958
YDL200C,YGL092W,0,-0.4211467,0.08574679493904114,0.8281718492507935,0.8839883804321289
YJR161C,YEL064C,0,-0.42157525,0.0857379287481308,0.8281718492507935,0.884088397026062
YHR158C,YDL093W,0,-0.42168307,0.08572906255722046,0.8281718492507935,0.8841884136199951
YBR119W,YER070W,0,-0.4217224,0.08572019636631012,0.8281718492507935,0.8842884302139282
YFR025C,YBR272C,0,-0.42206514,0.08571133017539978,0.8281718492507935,0.8843884468078613
YOR278W,YMR236W,0,-0.42229548,0.08570247143507004,0.8281718492507935,0.8844884634017944
YJR014W,YPL253C,0,-0.42235214,0.0856936126947403,0.8281718492507935,0.8845884799957275
YDR075W,YNL096C,0,-0.42243075,0.08568475395441055,0.8281718492507935,0.8846884965896606
YML103C,YOR178C,1,-0.42247197,0.08577924966812134,0.829170823097229,0.8846884965896606
YKR092C,YJL123C,0,-0.4225233,0.085770383477211,0.829170823097229,0.884788453578949
YLL010C,YNL123W,1,-0.42252615,0.0858648493885994,0.8301698565483093,0.884788453578949
YGL073W,YMR186W,1,-0.4226777,0.085959292948246,0.8311688303947449,0.884788453578949
YBL078C,YCR098C,0,-0.4227207,0.08595041185617447,0.8311688303947449,0.8848884701728821
YJL094C,YJR059W,0,-0.42276713,0.08594153821468353,0.8311688303947449,0.8849884867668152
YJR104C,YJL041W,0,-0.4230371,0.085932657122612,0.8311688303947449,0.8850885033607483
YCR004C,YIR026C,0,-0.4230578,0.08592378348112106,0.8311688303947449,0.8851885199546814
YOL154W,YJR033C,0,-0.4233665,0.08591490983963013,0.8311688303947449,0.8852885365486145
YCR008W,YHR046C,0,-0.4234152,0.08590604364871979,0.8311688303947449,0.8853885531425476
YBR065C,YOR383C,0,-0.42371,0.08589717000722885,0.8311688303947449,0.8854885697364807
YBL102W,YIL106W,0,-0.42372376,0.08588830381631851,0.8311688303947449,0.8855885863304138
YOL126C,YAL056W,0,-0.42389643,0.08587943762540817,0.8311688303947449,0.8856885433197021
YGR041W,YBR084W,0,-0.42419106,0.08587057143449783,0.8311688303947449,0.8857885599136353
YGL013C,YGL134W,0,-0.42422077,0.08586171269416809,0.8311688303947449,0.8858885765075684
YHR154W,YKL132C,0,-0.42425972,0.08585285395383835,0.8311688303947449,0.8859885931015015
YDR399W,YJL050W,0,-0.42429417,0.0858439952135086,0.8311688303947449,0.8860886096954346
YGL131C,YGL166W,0,-0.42436582,0.08583513647317886,0.8311688303947449,0.8861886262893677
YDR468C,YEL018W,0,-0.42460355,0.08582628518342972,0.8311688303947449,0.8862886428833008
YML007W,YLR335W,1,-0.4246593,0.08592057973146439,0.8321678042411804,0.8862886428833008
YDR075W,YDR452W,0,-0.42467916,0.08591171354055405,0.8321678042411804,0.8863886594772339
YOR090C,YLR178C,0,-0.42481878,0.0859028548002243,0.8321678042411804,0.886488676071167
YHR148W,YDL178W,0,-0.424866,0.08589399605989456,0.8321678042411804,0.8865886330604553
YOR007C,YJR136C,1,-0.4249276,0.08598824590444565,0.8331668376922607,0.8865886330604553
YML085C,YLR347C,0,-0.42514944,0.08597937971353531,0.8331668376922607,0.8866886496543884
YBL056W,YLR070C,0,-0.42518193,0.08597052097320557,0.8331668376922607,0.8867886662483215
YGL059W,YMR017W,0,-0.42525858,0.08596165478229523,0.8331668376922607,0.8868886828422546
YPR112C,YNL264C,0,-0.4252746,0.08595279604196548,0.8331668376922607,0.8869886994361877
YHR019C,YOL100W,0,-0.42529473,0.08594393730163574,0.8331668376922607,0.8870887160301208
YEL060C,YNR026C,0,-0.42544973,0.0859350860118866,0.8331668376922607,0.887188732624054
YJL151C,YGL055W,0,-0.4255126,0.08592623472213745,0.8331668376922607,0.8872887492179871
YJR035W,YGL096W,0,-0.4255998,0.08591737598180771,0.8331668376922607,0.8873887658119202
YNL325C,YER075C,0,-0.42565763,0.08590853214263916,0.8331668376922607,0.8874887228012085
YFL033C,YLR182W,1,-0.4256726,0.08600267767906189,0.8341658115386963,0.8874887228012085
YOR229W,YBR121C,0,-0.42570406,0.08599381893873215,0.8341658115386963,0.8875887393951416
YKL195W,YGL145W,0,-0.42574957,0.085984967648983,0.8341658115386963,0.8876887559890747
YMR002W,YLR148W,0,-0.42578787,0.08597610890865326,0.8341658115386963,0.8877887725830078
YIL026C,YDR103W,0,-0.4258855,0.08596725761890411,0.8341658115386963,0.8878887891769409
YNL103W,YBL008W,0,-0.42616576,0.08595841377973557,0.8341658115386963,0.887988805770874
YLR185W,YNL220W,0,-0.42627573,0.08594956248998642,0.8341658115386963,0.8880888223648071
YDR074W,YOR008C,1,-0.4265844,0.08604364097118378,0.8351648449897766,0.8880888223648071
YLL026W,YNL283C,1,-0.4267796,0.08613769710063934,0.8361638188362122,0.8880888223648071
YLR223C,YJL072C,0,-0.4268694,0.086128830909729,0.8361638188362122,0.8881888389587402
YPL174C,YIL109C,0,-0.42691568,0.08611997216939926,0.8361638188362122,0.8882888555526733
YDL120W,YPR143W,0,-0.4272756,0.08611111342906952,0.8361638188362122,0.8883888125419617
YJL035C,YPL106C,0,-0.42741054,0.08610225468873978,0.8361638188362122,0.8884888291358948
YOR363C,YNL252C,0,-0.42754015,0.08609339594841003,0.8361638188362122,0.8885888457298279
YER176W,YHR025W,0,-0.42771834,0.08608454465866089,0.8361638188362122,0.888688862323761
YDR513W,YOR344C,0,-0.4277686,0.08607568591833115,0.8361638188362122,0.8887888789176941
YBR167C,YNR056C,0,-0.42778724,0.086066834628582,0.8361638188362122,0.8888888955116272
YHR016C,YBR086C,0,-0.42784595,0.08605799078941345,0.8361638188362122,0.8889889121055603
YBR103W,YHR136C,0,-0.42800933,0.0860491394996643,0.8361638188362122,0.8890889286994934
YGL151W,YPL269W,0,-0.4281306,0.08604029566049576,0.8361638188362122,0.8891889452934265
YLR002C,YJL076W,0,-0.4283358,0.08603145182132721,0.8361638188362122,0.8892889022827148
YLR459W,YDR123C,0,-0.42846859,0.08602260798215866,0.8361638188362122,0.889388918876648
YGR014W,YOL156W,0,-0.42862642,0.08601377159357071,0.8361638188362122,0.889488935470581
YOR346W,YNL323W,0,-0.42871833,0.08600493520498276,0.8361638188362122,0.8895889520645142
YPR055W,YLR093C,0,-0.42902163,0.0859960988163948,0.8361638188362122,0.8896889686584473
YBR068C,YLR299W,0,-0.42912087,0.08598726242780685,0.8361638188362122,0.8897889852523804
YPR128C,YDR293C,0,-0.42928296,0.0859784260392189,0.8361638188362122,0.8898890018463135
YFL033C,YDL116W,1,-0.42934895,0.08607231080532074,0.8371628522872925,0.8898890018463135
YJL141C,YDR258C,1,-0.42959416,0.08616617321968079,0.838161826133728,0.8898890018463135
YDR517W,YDR202C,0,-0.42968175,0.08615732192993164,0.838161826133728,0.8899890184402466
YMR171C,YJR135C,0,-0.42969236,0.08614847809076309,0.838161826133728,0.8900890350341797
YNL041C,YPL161C,0,-0.42977172,0.08613962680101395,0.838161826133728,0.890188992023468
YLR286C,YJL145W,0,-0.42996675,0.086130790412426,0.838161826133728,0.8902890086174011
YLR215C,YDL044C,0,-0.43000555,0.08612194657325745,0.838161826133728,0.8903890252113342
YGL139W,YGR078C,0,-0.43000555,0.0861131101846695,0.838161826133728,0.8904890418052673
YOR030W,YGL246C,0,-0.430113,0.08610426634550095,0.838161826133728,0.8905890583992004
YGL076C,YOR016C,0,-0.43031877,0.086095429956913,0.838161826133728,0.8906890749931335
YHR200W,YDR320C,0,-0.43038,0.08608660101890564,0.838161826133728,0.8907890915870667
YER081W,YGL039W,0,-0.43057883,0.08607776463031769,0.838161826133728,0.8908891081809998
YBL051C,YHR121W,0,-0.43062705,0.08606893569231033,0.838161826133728,0.8909891247749329
YFL016C,YGR086C,1,-0.4307673,0.08616268634796143,0.8391608595848083,0.8909891247749329
YLR441C,YPL234C,0,-0.43082136,0.08615384250879288,0.8391608595848083,0.8910890817642212
YBR043C,YLR373C,0,-0.4308613,0.08614501357078552,0.8391608595848083,0.8911890983581543
YMR285C,YLR467W,0,-0.4309035,0.08613617718219757,0.8391608595848083,0.8912891149520874
YMR322C,YIR007W,0,-0.43091595,0.08612734824419022,0.8391608595848083,0.8913891315460205
YML094W,YHR154W,0,-0.43093044,0.08611851185560226,0.8391608595848083,0.8914891481399536
YOR151C,YFL036W,0,-0.43096453,0.0861096903681755,0.8391608595848083,0.8915891647338867
YFL018C,YKR009C,0,-0.43096465,0.08610086143016815,0.8391608595848083,0.8916891813278198
YNL280C,YBR203W,0,-0.43100113,0.0860920399427414,0.8391608595848083,0.8917891979217529
YGR106C,YDL075W,0,-0.43114233,0.08608321100473404,0.8391608595848083,0.891889214515686
YDR320C,YFL061W,0,-0.43129778,0.08607438951730728,0.8391608595848083,0.8919891715049744
YDR377W,YDR104C,0,-0.4313193,0.08606557548046112,0.8391608595848083,0.8920891880989075
YLL026W,YDR192C,1,-0.4313215,0.08615920692682266,0.8401598334312439,0.8920891880989075
YNL283C,YAR002W,1,-0.4313955,0.08625281602144241,0.8411588668823242,0.8920891880989075
YBL072C,YMR285C,0,-0.43151963,0.08624397963285446,0.8411588668823242,0.8921892046928406
YKL120W,YCR065W,0,-0.4316355,0.0862351506948471,0.8411588668823242,0.8922892212867737
YPL211W,YJR126C,0,-0.4318381,0.08622632175683975,0.8411588668823242,0.8923892378807068
YGR249W,YLR166C,0,-0.43190384,0.0862174928188324,0.8411588668823242,0.8924892544746399
YLR304C,YDL110C,0,-0.4321574,0.08620866388082504,0.8411588668823242,0.892589271068573
YML111W,YER070W,0,-0.4322214,0.08619983494281769,0.8411588668823242,0.8926892876625061
YDR176W,YPL086C,0,-0.43233573,0.08619101345539093,0.8411588668823242,0.8927893042564392
YGR244C,YNR022C,0,-0.43246087,0.08618219196796417,0.8411588668823242,0.8928892612457275
YML082W,YLR017W,0,-0.43267143,0.08617337048053741,0.8411588668823242,0.8929892778396606
YBR121C,YGR283C,0,-0.4327975,0.08616454899311066,0.8411588668823242,0.8930892944335938
YML124C,YBR014C,0,-0.43282107,0.0861557349562645,0.8411588668823242,0.8931893110275269
YIL122W,YJL104W,0,-0.4329238,0.08614692091941833,0.8411588668823242,0.89328932762146
YFL033C,YOR043W,1,-0.43304533,0.08624041080474854,0.8421578407287598,0.89328932762146
YBR060C,YGR200C,0,-0.4331761,0.08623158931732178,0.8421578407287598,0.8933893442153931
YML103C,YFL014W,1,-0.43319392,0.08632504940032959,0.8431568145751953,0.8933893442153931
YGR087C,YER127W,0,-0.43345544,0.08631622046232224,0.8431568145751953,0.8934893608093262
YER007C-A,YDR158W,0,-0.43363178,0.08630739152431488,0.8431568145751953,0.8935893774032593
YDL231C,YGL033W,0,-0.43382904,0.08629857003688812,0.8431568145751953,0.8936893939971924
YOR151C,YIL027C,0,-0.43392232,0.08628974854946136,0.8431568145751953,0.8937893509864807
YPR004C,YDR011W,0,-0.43432176,0.0862809270620346,0.8431568145751953,0.8938893675804138
YML010W,YDR225W,0,-0.43433222,0.08627210557460785,0.8431568145751953,0.8939893841743469
YNL097C,YKL068W,1,-0.43439323,0.08636549115180969,0.8441558480262756,0.8939893841743469
YNL087W,YCR043C,0,-0.43444493,0.08635666966438293,0.8441558480262756,0.89408940076828
YLR166C,YIL129C,0,-0.43446115,0.08634784072637558,0.8441558480262756,0.8941894173622131
YCR008W,YML046W,0,-0.43450886,0.08633901923894882,0.8441558480262756,0.8942894339561462
YAL013W,YGL073W,1,-0.4346835,0.08643236756324768,0.8451548218727112,0.8942894339561462
YPR151C,YDL200C,0,-0.43468505,0.08642353862524033,0.8451548218727112,0.8943894505500793
YLL026W,YMR037C,1,-0.43473285,0.0865168571472168,0.8461538553237915,0.8943894505500793
YOR150W,YLR077W,0,-0.43487936,0.08650802075862885,0.8461538553237915,0.8944894671440125
YAL013W,YMR186W,1,-0.43496072,0.08660130947828293,0.847152829170227,0.8944894671440125
YDR236C,YEL024W,0,-0.43498993,0.08659246563911438,0.847152829170227,0.8945894837379456
YLR266C,YNL250W,0,-0.43501312,0.08658362179994583,0.847152829170227,0.8946894407272339
YER131W,YPR156C,0,-0.4350408,0.08657478541135788,0.847152829170227,0.894789457321167
YEL061C,YPL137C,0,-0.43504617,0.08656594157218933,0.847152829170227,0.8948894739151001
YLL042C,YNL021W,0,-0.43522272,0.08655711263418198,0.847152829170227,0.8949894905090332
YLR002C,YML031W,0,-0.43536344,0.08654827624559402,0.847152829170227,0.8950895071029663
YOR143C,YLR328W,0,-0.43537787,0.08653943985700607,0.847152829170227,0.8951895236968994
YHL013C,YOL061W,0,-0.43546355,0.08653061091899872,0.847152829170227,0.8952895402908325
YNL099C,YNL256W,0,-0.43568474,0.08652178198099136,0.847152829170227,0.8953895568847656
YJR104C,YGR037C,0,-0.4357199,0.08651295304298401,0.847152829170227,0.8954895734786987
YML103C,YIL084C,1,-0.43617722,0.08660613745450974,0.8481518626213074,0.8954895734786987
YMR302C,YNL145W,0,-0.43635195,0.08659730851650238,0.8481518626213074,0.8955895304679871
YNL020C,YHR207C,0,-0.4363563,0.08658847212791443,0.8481518626213074,0.8956895470619202
YOR273C,YGR108W,0,-0.4364109,0.08657964318990707,0.8481518626213074,0.8957895636558533
YPL160W,YHR065C,0,-0.43658036,0.08657081425189972,0.8481518626213074,0.8958895802497864
YAL028W,YHR134W,0,-0.43662643,0.08656199276447296,0.8481518626213074,0.8959895968437195
YKR061W,YBR153W,0,-0.43677256,0.0865531638264656,0.8481518626213074,0.8960896134376526
YBR035C,YIL072W,0,-0.43689638,0.08654434233903885,0.8481518626213074,0.8961896300315857
YIL111W,YLR038C,0,-0.43719423,0.08653552085161209,0.8481518626213074,0.8962896466255188
YDR388W,YMR224C,0,-0.43725854,0.08652669936418533,0.8481518626213074,0.8963896632194519
YLR090W,YOR167C,0,-0.4373654,0.08651788532733917,0.8481518626213074,0.8964896202087402
YER110C,YPL249C-A,0,-0.4376734,0.08650907129049301,0.8481518626213074,0.8965896368026733
YER141W,YER027C,0,-0.43786314,0.08650025725364685,0.8481518626213074,0.8966896533966064
YML103C,YJL141C,1,-0.43793195,0.08659331500530243,0.8491508364677429,0.8966896533966064
YPL047W,YMR041C,0,-0.43806952,0.08658449351787567,0.8491508364677429,0.8967896699905396
YPL124W,YER178W,0,-0.43809634,0.08657567948102951,0.8491508364677429,0.8968896865844727
YML007W,YJR136C,1,-0.43813998,0.0866686999797821,0.8501498699188232,0.8968896865844727
YLR368W,YJL173C,0,-0.4381567,0.08665987849235535,0.8501498699188232,0.8969897031784058
YPL157W,YOR284W,0,-0.43833616,0.08665105700492859,0.8501498699188232,0.8970897197723389
YNL062C,YER146W,0,-0.43865484,0.08664222806692123,0.8501498699188232,0.897189736366272
YDR100W,YHR172W,0,-0.4386758,0.08663341403007507,0.8501498699188232,0.8972897529602051
YBR028C,YBL024W,0,-0.4388872,0.08662459254264832,0.8501498699188232,0.8973897099494934
YLR097C,YDR169C,0,-0.43942818,0.08661577850580215,0.8501498699188232,0.8974897265434265
YJR041C,YER086W,0,-0.43947113,0.086606964468956,0.8501498699188232,0.8975897431373596
YGL023C,YDL044C,0,-0.4394879,0.08659815043210983,0.8501498699188232,0.8976897597312927
YKR058W,YOL148C,0,-0.43952596,0.08658933639526367,0.8501498699188232,0.8977897763252258
YNR016C,YCR071C,0,-0.43962455,0.08658052980899811,0.8501498699188232,0.8978897929191589
YDL145C,YDR532C,0,-0.43964309,0.08657171577215195,0.8501498699188232,0.897989809513092
YJL204C,YBR251W,0,-0.43964827,0.08656291663646698,0.8501498699188232,0.8980898261070251
YML015C,YJL197W,0,-0.43973735,0.08655411005020142,0.8501498699188232,0.8981898427009583
YJR123W,YNL318C,0,-0.4399258,0.08654530346393585,0.8501498699188232,0.8982897996902466
YNL247W,YOR046C,0,-0.44005746,0.08653650432825089,0.8501498699188232,0.8983898162841797
YDR397C,YLR019W,1,-0.44054174,0.08662938326597214,0.8511488437652588,0.8983898162841797
YER133W,YOR007C,1,-0.44057047,0.0867222473025322,0.8521478772163391,0.8983898162841797
YOR335C,YDR292C,0,-0.44062936,0.08671342581510544,0.8521478772163391,0.8984898328781128
YDL113C,YCL027W,0,-0.44066417,0.08670461177825928,0.8521478772163391,0.8985898494720459
YOL016C,YJR068W,0,-0.44070053,0.08669580519199371,0.8521478772163391,0.898689866065979
YDL194W,YGR059W,0,-0.4408183,0.08668699115514755,0.8521478772163391,0.8987898826599121
YHR011W,YDL110C,0,-0.4409194,0.08667818456888199,0.8521478772163391,0.8988898992538452
YLR102C,YBR068C,0,-0.44095662,0.08666937798261642,0.8521478772163391,0.8989899158477783
YJL101C,YNL316C,0,-0.44103378,0.08666057139635086,0.8521478772163391,0.8990899324417114
YDR469W,YFR005C,0,-0.44126633,0.0866517648100853,0.8521478772163391,0.8991898894309998
YGL213C,YKL109W,0,-0.44133657,0.08664296567440033,0.8521478772163391,0.8992899060249329
YDR166C,YJR144W,0,-0.44134253,0.08663416653871536,0.8521478772163391,0.899389922618866
YDR507C,YMR215W,0,-0.44148546,0.0866253674030304,0.8521478772163391,0.8994899392127991
YIL053W,YML060W,0,-0.44179654,0.08661656826734543,0.8521478772163391,0.8995899558067322
YLR022C,YGR278W,0,-0.44182426,0.08660777658224106,0.8521478772163391,0.8996899724006653
YGL253W,YPL079W,0,-0.4420837,0.08659898489713669,0.8521478772163391,0.8997899889945984
YIL101C,YMR029C,0,-0.44218493,0.08659019321203232,0.8521478772163391,0.8998900055885315
YDL100C,YBR025C,1,-0.4423709,0.08668290823698044,0.8531468510627747,0.8998900055885315
YBL067C,YBR264C,0,-0.44242737,0.08667410910129547,0.8531468510627747,0.8999900221824646
YBR072W,YLL026W,1,-0.44244164,0.0867667943239212,0.8541458249092102,0.8999900221824646
YOL094C,YNL082W,0,-0.44245893,0.08675798773765564,0.8541458249092102,0.9000900387763977
YOR156C,YDR104C,0,-0.4424982,0.08674918860197067,0.8541458249092102,0.900189995765686
YMR037C,YDR258C,1,-0.44258314,0.08684183657169342,0.8551448583602905,0.900189995765686
YGL125W,YPL097W,0,-0.44265786,0.08683302998542786,0.8551448583602905,0.9002900123596191
YLR372W,YMR044W,0,-0.44275677,0.08682422339916229,0.8551448583602905,0.9003900289535522
YBR245C,YHR052W,0,-0.44279903,0.08681541681289673,0.8551448583602905,0.9004900455474854
YBR025C,YAR002W,1,-0.4428671,0.0869080200791359,0.8561438322067261,0.9004900455474854
YPR029C,YHR183W,0,-0.44287184,0.08689920604228973,0.8561438322067261,0.9005900621414185
YIL008W,YJR145C,0,-0.44289362,0.08689039945602417,0.8561438322067261,0.9006900787353516
YDR478W,YOR120W,0,-0.44292462,0.0868815928697586,0.8561438322067261,0.9007900953292847
YLR182W,YAR002W,1,-0.44339567,0.08697415143251419,0.8571428656578064,0.9007900953292847
YOR178C,YBR301W,0,-0.44350135,0.08696533739566803,0.8571428656578064,0.9008901119232178
YLR093C,YBR130C,0,-0.44357565,0.08695652335882187,0.8571428656578064,0.9009901285171509
YIR008C,YDL079C,0,-0.44364873,0.08694770932197571,0.8571428656578064,0.9010900855064392
YDR180W,YDR395W,0,-0.44375107,0.08693890273571014,0.8571428656578064,0.9011901021003723
YPL079W,YGR279C,0,-0.44377837,0.08693008869886398,0.8571428656578064,0.9012901186943054
YBR168W,YOR087W,0,-0.4438287,0.08692128211259842,0.8571428656578064,0.9013901352882385
YIL026C,YDR237W,0,-0.44391426,0.08691248297691345,0.8571428656578064,0.9014901518821716
YDL138W,YOR335C,0,-0.44394976,0.08690367639064789,0.8571428656578064,0.9015901684761047
YPL057C,YOL146W,0,-0.44396335,0.08689487725496292,0.8571428656578064,0.9016901850700378
YLR056W,YGL224C,0,-0.44406268,0.08688607811927795,0.8571428656578064,0.901790201663971
YMR076C,YOL144W,0,-0.4441444,0.08687727898359299,0.8571428656578064,0.901890218257904
YDR268W,YPL055C,0,-0.44418415,0.08686847984790802,0.8571428656578064,0.9019901752471924
YBR204C,YFR015C,0,-0.44426966,0.08685968816280365,0.8571428656578064,0.9020901918411255
YKR050W,YDL145C,0,-0.44437444,0.08685089647769928,0.8571428656578064,0.9021902084350586
YKL150W,YAL053W,0,-0.44486746,0.08684210479259491,0.8571428656578064,0.9022902250289917
YNL030W,YIL109C,0,-0.44497493,0.08683331310749054,0.8571428656578064,0.9023902416229248
YBR029C,YFL034C-A,0,-0.44500983,0.08682452887296677,0.8571428656578064,0.9024902582168579
YJR100C,YDR258C,1,-0.4453262,0.08691693097352982,0.8581418395042419,0.9024902582168579
YGR138C,YGR235C,0,-0.44539595,0.08690813183784485,0.8581418395042419,0.902590274810791
YBR016W,YBR046C,0,-0.44543362,0.08689934015274048,0.8581418395042419,0.9026902914047241
YHL001W,YPL207W,0,-0.44545403,0.0868905559182167,0.8581418395042419,0.9027903079986572
YJL003W,YKR042W,0,-0.44549906,0.08688176423311234,0.8581418395042419,0.9028902649879456
YGL045W,YDR427W,0,-0.4455464,0.08687297999858856,0.8581418395042419,0.9029902815818787
YLR181C,YKL109W,0,-0.4457567,0.08686419576406479,0.8581418395042419,0.9030902981758118
YPL117C,YOR303W,0,-0.44576186,0.08685541152954102,0.8581418395042419,0.9031903147697449
YER166W,YBR207W,0,-0.44581383,0.08684662729501724,0.8581418395042419,0.903290331363678
YDR160W,YDL184C,0,-0.4459291,0.08683785051107407,0.8581418395042419,0.9033903479576111
YDR421W,YHR067W,0,-0.44604224,0.08682907372713089,0.8581418395042419,0.9034903645515442
YOR229W,YBL035C,0,-0.44648117,0.08682029694318771,0.8581418395042419,0.9035903811454773
YDR198C,YLR357W,0,-0.44650698,0.08681152015924454,0.8581418395042419,0.9036903977394104
YPR140W,YKR037C,0,-0.44661504,0.08680275082588196,0.8581418395042419,0.9037903547286987
YOL056W,YLR142W,0,-0.44664103,0.08679398149251938,0.8581418395042419,0.9038903713226318
YOR132W,YOR189W,0,-0.446719,0.0867852121591568,0.8581418395042419,0.9039903879165649
YOL110W,YOR065W,0,-0.44676647,0.08677644282579422,0.8581418395042419,0.904090404510498
YBR193C,YDR270W,0,-0.44677806,0.08676767349243164,0.8581418395042419,0.9041904211044312
YGL171W,YAR008W,0,-0.4468985,0.08675891160964966,0.8581418395042419,0.9042904376983643
YDR100W,YMR166C,0,-0.44695285,0.08675014972686768,0.8581418395042419,0.9043904542922974
YDR018C,YDR031W,0,-0.44724122,0.0867413878440857,0.8581418395042419,0.9044904708862305
YPL048W,YPR168W,0,-0.44736308,0.08673263341188431,0.8581418395042419,0.9045904874801636
YLR335W,YOR043W,1,-0.44746244,0.08682483434677124,0.8591408729553223,0.9045904874801636
YER180C,YKL218C,0,-0.44747335,0.08681607246398926,0.8591408729553223,0.9046904444694519
YOR149C,YDR123C,0,-0.44749898,0.08680731058120728,0.8591408729553223,0.904790461063385
YGR174C,YOR083W,0,-0.44782063,0.08679854869842529,0.8591408729553223,0.9048904776573181
YOL105C,YOR008C,1,-0.4478242,0.08689070492982864,0.8601398468017578,0.9048904776573181
YNL123W,YNL113W,0,-0.44792783,0.08688193559646606,0.8601398468017578,0.9049904942512512
YOR083W,YGR188C,0,-0.44809172,0.08687317371368408,0.8601398468017578,0.9050905108451843
YNL103W,YNL021W,0,-0.4481904,0.0868644043803215,0.8601398468017578,0.9051905274391174
YGL100W,YIL113W,0,-0.44820443,0.08685564249753952,0.8601398468017578,0.9052905440330505
YCR094W,YER178W,0,-0.4482104,0.08684688061475754,0.8601398468017578,0.9053905606269836
YAR042W,YHR103W,0,-0.44844517,0.08683812618255615,0.8601398468017578,0.9054905772209167
YCR038C,YNR055C,0,-0.4486389,0.08682936429977417,0.8601398468017578,0.9055905342102051
YPL055C,YIL075C,0,-0.4487294,0.08682060986757278,0.8601398468017578,0.9056905508041382
YMR011W,YGL232W,0,-0.44880024,0.0868118554353714,0.8601398468017578,0.9057905673980713
YCR024C-A,YGR099W,0,-0.4488429,0.08680310845375061,0.8601398468017578,0.9058905839920044
YBL030C,YMR302C,0,-0.44885108,0.08679435402154922,0.8601398468017578,0.9059906005859375
YLL010C,YNL097C,1,-0.44922552,0.08688640594482422,0.8611388802528381,0.9059906005859375
YLR292C,YDR086C,0,-0.44935757,0.08687764406204224,0.8611388802528381,0.9060906171798706
YCR075C,YLR239C,0,-0.4494069,0.08686888962984085,0.8611388802528381,0.9061906337738037
YOR334W,YLR381W,0,-0.4494592,0.08686013519763947,0.8611388802528381,0.9062906503677368
YOR056C,YPR186C,0,-0.44950727,0.08685138821601868,0.8611388802528381,0.9063906669616699
YLR102C,YDR200C,0,-0.44953272,0.08684263378381729,0.8611388802528381,0.9064906239509583
YNR051C,YLR259C,0,-0.4496814,0.0868338868021965,0.8611388802528381,0.9065906405448914
YMR170C,YHR112C,0,-0.44974643,0.08682513982057571,0.8611388802528381,0.9066906571388245
YNR048W,YDR397C,0,-0.4497946,0.08681639283895493,0.8611388802528381,0.9067906737327576
YDR284C,YDR169C,0,-0.4498313,0.08680765330791473,0.8611388802528381,0.9068906903266907
YFL036W,YKL155C,0,-0.44992423,0.08679891377687454,0.8611388802528381,0.9069907069206238
YOR273C,YHR011W,0,-0.44998047,0.08679017424583435,0.8611388802528381,0.9070907235145569
YMR128W,YPR132W,0,-0.44999567,0.08678143471479416,0.8611388802528381,0.90719074010849
YPL022W,YDR380W,0,-0.4500624,0.08677270263433456,0.8611388802528381,0.9072907567024231
YOR249C,YER058W,0,-0.45018166,0.08676396310329437,0.8611388802528381,0.9073907136917114
YOL004W,YAL013W,1,-0.4502163,0.08685588091611862,0.8621378540992737,0.9073907136917114
YFR010W,YNL214W,0,-0.45022768,0.08684713393449783,0.8621378540992737,0.9074907302856445
YMR263W,YLR260W,1,-0.45035625,0.0869390219449997,0.863136887550354,0.9074907302856445
YKL068W,YJR066W,1,-0.45081156,0.08703088760375977,0.8641358613967896,0.9074907302856445
YER176W,YCL011C,0,-0.45119268,0.08702213317155838,0.8641358613967896,0.9075907468795776
YKL058W,YLR027C,0,-0.45157444,0.087013378739357,0.8641358613967896,0.9076907634735107
YIL066C,YMR283C,0,-0.45166588,0.08700462430715561,0.8641358613967896,0.9077907800674438
YLL006W,YML012W,0,-0.45185164,0.08699587732553482,0.8641358613967896,0.907890796661377
YMR318C,YBR029C,0,-0.45188695,0.08698713034391403,0.8641358613967896,0.9079908132553101
YGR212W,YLR259C,0,-0.4519235,0.08697838336229324,0.8641358613967896,0.9080908298492432
YGL156W,YMR264W,0,-0.45200768,0.08696963638067245,0.8641358613967896,0.9081908464431763
YNL007C,YDR171W,1,-0.45216477,0.08706142753362656,0.8651348948478699,0.9081908464431763
YHR196W,YGR076C,0,-0.4522859,0.08705267310142517,0.8651348948478699,0.9082908034324646
YPR052C,YER126C,0,-0.45242116,0.08704392611980438,0.8651348948478699,0.9083908200263977
YOR234C,YER006W,0,-0.45242918,0.0870351791381836,0.8651348948478699,0.9084908366203308
YCR028C,YNL243W,0,-0.4526118,0.0870264321565628,0.8651348948478699,0.9085908532142639
YMR026C,YGR254W,0,-0.45271796,0.08701768517494202,0.8651348948478699,0.908690869808197
YDR538W,YER040W,0,-0.452846,0.08700894564390182,0.8651348948478699,0.9087908864021301
YLR307W,YGL128C,0,-0.45291108,0.08700019866228104,0.8651348948478699,0.9088909029960632
YMR127C,YOR386W,0,-0.4531385,0.08699145913124084,0.8651348948478699,0.9089909195899963
YPR118W,YBR092C,0,-0.45315555,0.08698272705078125,0.8651348948478699,0.9090909361839294
YDL195W,YDL122W,0,-0.4532599,0.08697398751974106,0.8651348948478699,0.9091908931732178
YJR102C,YJL072C,0,-0.453418,0.08696525543928146,0.8651348948478699,0.9092909097671509
YGR275W,YDR231C,0,-0.45355815,0.08695652335882187,0.8651348948478699,0.909390926361084
YDR007W,YDL056W,0,-0.45358977,0.08694779127836227,0.8651348948478699,0.9094909429550171
YIL138C,YLR292C,0,-0.45376307,0.08693905919790268,0.8651348948478699,0.9095909595489502
YIL138C,YJR048W,0,-0.45378476,0.08693033456802368,0.8651348948478699,0.9096909761428833
YPL174C,YGL155W,0,-0.45395225,0.08692160993814468,0.8651348948478699,0.9097909927368164
YOL091W,YLR424W,0,-0.45396417,0.08691288530826569,0.8651348948478699,0.9098910093307495
YLR263W,YDL106C,0,-0.45407525,0.08690416812896729,0.8651348948478699,0.9099910259246826
YLR201C,YGL147C,0,-0.45415622,0.08689544349908829,0.8651348948478699,0.910090982913971
YDR359C,YHR028C,0,-0.45426068,0.08688672631978989,0.8651348948478699,0.910190999507904
YOR236W,YDL214C,0,-0.454368,0.08687800914049149,0.8651348948478699,0.9102910161018372
YPL171C,YNL053W,0,-0.4543833,0.08686929196119308,0.8651348948478699,0.9103910326957703
YPL148C,YGR195W,0,-0.45496923,0.08686058223247528,0.8651348948478699,0.9104910492897034
YNL169C,YCR089W,0,-0.45501095,0.08685187250375748,0.8651348948478699,0.9105910658836365
YFL016C,YNL064C,1,-0.4556132,0.08694344013929367,0.8661338686943054,0.9105910658836365
YMR037C,YAR002W,1,-0.45573828,0.08703499287366867,0.867132842540741,0.9105910658836365
YMR288W,YDR365C,0,-0.45579785,0.08702626824378967,0.867132842540741,0.9106910824775696
YHR116W,YPL172C,0,-0.45582438,0.08701754361391068,0.867132842540741,0.9107910990715027
YKL146W,YDR182W,0,-0.45602942,0.08700881898403168,0.867132842540741,0.9108911156654358
YAR042W,YER095W,0,-0.45621556,0.08700010180473328,0.867132842540741,0.9109910726547241
YOR095C,YLL035W,0,-0.45639303,0.08699138462543488,0.867132842540741,0.9110910892486572
YDR069C,YDR520C,0,-0.45643884,0.08698265999555588,0.867132842540741,0.9111911058425903
YJL074C,YJR117W,0,-0.45644912,0.08697395026683807,0.867132842540741,0.9112911224365234
YGL246C,YBL046W,0,-0.4565255,0.08696523308753967,0.867132842540741,0.9113911390304565
YER096W,YIL037C,0,-0.45654318,0.08695652335882187,0.867132842540741,0.9114911556243896
YPL270W,YDR036C,0,-0.45670277,0.08694781363010406,0.867132842540741,0.9115911722183228
YAL019W,YKL081W,0,-0.4567773,0.08693910390138626,0.867132842540741,0.9116911888122559
YKL039W,YFR042W,0,-0.4568784,0.08693039417266846,0.867132842540741,0.911791205406189
YKR061W,YGL133W,0,-0.45702162,0.08692169189453125,0.867132842540741,0.9118911623954773
YPR075C,YBR005W,0,-0.45720863,0.08691298961639404,0.867132842540741,0.9119911789894104
YOR007C,YPL240C,1,-0.4574105,0.0870044082403183,0.8681318759918213,0.9119911789894104
YDL213C,YNR008W,0,-0.45751312,0.0869956985116005,0.8681318759918213,0.9120911955833435
YHL019C,YJR155W,0,-0.45771956,0.08698698878288269,0.8681318759918213,0.9121912121772766
YDL116W,YAR002W,1,-0.4578166,0.08707837015390396,0.8691308498382568,0.9121912121772766
YHR215W,YMR243C,0,-0.4578395,0.08706965297460556,0.8691308498382568,0.9122912287712097
YIL114C,YNL188W,0,-0.45784166,0.08706094324588776,0.8691308498382568,0.9123912453651428
YLR077W,YOR264W,0,-0.45786,0.08705223351716995,0.8691308498382568,0.9124912619590759
YOL105C,YMR186W,1,-0.45793575,0.08714357018470764,0.8701298832893372,0.9124912619590759
YPL211W,YCR042C,0,-0.45797902,0.08713485300540924,0.8701298832893372,0.912591278553009
YOR092W,YER072W,0,-0.4581207,0.08712613582611084,0.8701298832893372,0.9126912951469421
YFL033C,YJL141C,1,-0.45845547,0.08721744269132614,0.8711288571357727,0.9126912951469421
YBR161W,YNR075W,0,-0.4584664,0.08720871806144714,0.8711288571357727,0.9127912521362305
YOL094C,YJR041C,0,-0.45878765,0.08720000088214874,0.8711288571357727,0.9128912687301636
YNL064C,YLR019W,1,-0.4588303,0.08729127049446106,0.872127890586853,0.9128912687301636
YEL005C,YLR347C,0,-0.45896155,0.08728254586458206,0.872127890586853,0.9129912853240967
YCR081W,YML072C,0,-0.45903563,0.08727382123470306,0.872127890586853,0.9130913019180298
YHR019C,YER001W,0,-0.4590711,0.08726509660482407,0.872127890586853,0.9131913185119629
YIR031C,YBL072C,0,-0.4590963,0.08725637197494507,0.872127890586853,0.913291335105896
YKR097W,YMR167W,0,-0.45912653,0.08724765479564667,0.872127890586853,0.9133913516998291
YDL153C,YML010W,0,-0.4591675,0.08723893016576767,0.872127890586853,0.9134913682937622
YGL240W,YGL017W,0,-0.45925498,0.08723021298646927,0.872127890586853,0.9135913848876953
YOR061W,YOL019W,0,-0.459291,0.08722150325775146,0.872127890586853,0.9136913418769836
YDL130W,YOL148C,0,-0.45931077,0.08721278607845306,0.872127890586853,0.9137913584709167
YOR141C,YML125C,0,-0.4593373,0.08720407634973526,0.872127890586853,0.9138913750648499
YBL051C,YBL027W,0,-0.4596231,0.08719536662101746,0.872127890586853,0.913991391658783
YER173W,YDR407C,0,-0.45963722,0.08718665689229965,0.872127890586853,0.9140914082527161
YKL198C,YNL154C,0,-0.45964712,0.08717794716358185,0.872127890586853,0.9141914248466492
YJR155W,YPL168W,0,-0.4597556,0.08716924488544464,0.872127890586853,0.9142914414405823
YHR197W,YIL137C,0,-0.4604725,0.08716054260730743,0.872127890586853,0.9143914580345154
YER011W,YPL075W,0,-0.4605702,0.08715184032917023,0.872127890586853,0.9144914746284485
YLR221C,YOL125W,0,-0.46063533,0.08714314550161362,0.872127890586853,0.9145914316177368
YER144C,YBL064C,0,-0.4606505,0.08713444322347641,0.872127890586853,0.9146914482116699
YDR409W,YKL016C,0,-0.4608067,0.0871257483959198,0.872127890586853,0.914791464805603
YOL044W,YOR380W,0,-0.4610147,0.08711705356836319,0.872127890586853,0.9148914813995361
YKL212W,YNL083W,0,-0.4610257,0.08710835874080658,0.872127890586853,0.9149914979934692
YNL264C,YDL004W,0,-0.46113363,0.08709967136383057,0.872127890586853,0.9150915145874023
YBR123C,YKL125W,0,-0.4612129,0.08709098398685455,0.872127890586853,0.9151915311813354
YLL026W,YDR267C,0,-0.46141937,0.08708229660987854,0.872127890586853,0.9152915477752686
YDL115C,YMR251W-A,0,-0.46153829,0.08707360923290253,0.872127890586853,0.9153915643692017
YHR161C,YML013W,0,-0.46196228,0.08706492185592651,0.872127890586853,0.91549152135849
YPR107C,YPL164C,0,-0.46236062,0.0870562419295311,0.872127890586853,0.9155915379524231
YLR182W,YJR066W,1,-0.46244723,0.08714727312326431,0.8731268644332886,0.9155915379524231
YDL064W,YER036C,0,-0.46251932,0.0871385857462883,0.8731268644332886,0.9156915545463562
YBR169C,YLR345W,0,-0.4628693,0.08712989836931229,0.8731268644332886,0.9157915711402893
YGR135W,YNR070W,0,-0.4628892,0.08712121099233627,0.8731268644332886,0.9158915877342224
YDL025C,YIL072W,0,-0.463014,0.08711253106594086,0.8731268644332886,0.9159916043281555
YDR171W,YER159C,1,-0.46307185,0.0872035101056099,0.8741258978843689,0.9159916043281555
YDR320C,YEL061C,0,-0.46329752,0.08719481527805328,0.8741258978843689,0.9160916209220886
YGL150C,YDR434W,0,-0.4634038,0.08718612790107727,0.8741258978843689,0.9161916375160217
YNL306W,YNR032W,0,-0.46356872,0.08717744052410126,0.8741258978843689,0.9162916541099548
YGL106W,YPR049C,0,-0.46361756,0.08716876059770584,0.8741258978843689,0.9163916110992432
YJR096W,YGL039W,0,-0.4638068,0.08716007322072983,0.8741258978843689,0.9164916276931763
YOR043W,YOL004W,1,-0.46383497,0.08725099265575409,0.8751248717308044,0.9164916276931763
YOL004W,YLR019W,1,-0.46389127,0.08734189718961716,0.8761239051818848,0.9164916276931763
YOL004W,YAR002W,1,-0.46407613,0.08743277937173843,0.8771228790283203,0.9164916276931763
YGL047W,YMR257C,0,-0.4641572,0.08742407709360123,0.8771228790283203,0.9165916442871094
YGR162W,YLL050C,0,-0.46418777,0.08741537481546402,0.8771228790283203,0.9166916608810425
YBR109C,YDR315C,0,-0.464242,0.08740667253732681,0.8771228790283203,0.9167916774749756
YLR293C,YOR341W,0,-0.464463,0.0873979702591896,0.8771228790283203,0.9168916940689087
YPL268W,YDR425W,0,-0.46484506,0.0873892679810524,0.8771228790283203,0.9169917106628418
YDR122W,YDL223C,0,-0.46491146,0.08738057315349579,0.8771228790283203,0.9170917272567749
YAR033W,YPL214C,0,-0.4649878,0.08737187832593918,0.8771228790283203,0.917191743850708
YBR204C,YMR322C,0,-0.465022,0.08736318349838257,0.8771228790283203,0.9172917008399963
YJL158C,YBL097W,0,-0.465293,0.08735448867082596,0.8771228790283203,0.9173917174339294
YLL010C,YLR260W,1,-0.46536404,0.08744528144598007,0.8781218528747559,0.9173917174339294
YLR439W,YPL118W,0,-0.46589494,0.08743658661842346,0.8781218528747559,0.9174917340278625
YHR096C,YDL030W,0,-0.46589786,0.08742789179086685,0.8781218528747559,0.9175917506217957
YJR075W,YPL143W,0,-0.465939,0.08741919696331024,0.8781218528747559,0.9176917672157288
YGR227W,YPR094W,0,-0.46609658,0.08741050213575363,0.8781218528747559,0.9177917838096619
YHR184W,YBL088C,0,-0.46643713,0.08740180730819702,0.8781218528747559,0.917891800403595
YPL246C,YHR181W,0,-0.4664907,0.08739311993122101,0.8781218528747559,0.9179918169975281
YDR258C,YPL214C,0,-0.4666406,0.087384432554245,0.8781218528747559,0.9180918335914612
YKR009C,YGL208W,0,-0.46671778,0.08737574517726898,0.8781218528747559,0.9181917905807495
YLR364W,YDR420W,0,-0.46680883,0.08736705780029297,0.8781218528747559,0.9182918071746826
YPL235W,YCR003W,0,-0.466887,0.08735837787389755,0.8781218528747559,0.9183918237686157
YMR037C,YLR182W,1,-0.46710414,0.0874490737915039,0.8791208863258362,0.9183918237686157
YDR448W,YDL232W,0,-0.46726882,0.0874403789639473,0.8791208863258362,0.9184918403625488
YBL038W,YML012W,0,-0.4677254,0.08743169158697128,0.8791208863258362,0.9185918569564819
YBL074C,YBR244W,0,-0.4678016,0.08742301166057587,0.8791208863258362,0.918691873550415
YFR051C,YBR106W,0,-0.46793976,0.08741432428359985,0.8791208863258362,0.9187918901443481
YIR015W,YOR034C,0,-0.46806946,0.08740564435720444,0.8791208863258362,0.9188919067382812
YPR128C,YLR237W,0,-0.46810263,0.08739696443080902,0.8791208863258362,0.9189919233322144
YIR034C,YDR153C,0,-0.46835417,0.0873882845044136,0.8791208863258362,0.9190918803215027
YHL007C,YKL024C,0,-0.4684437,0.08737960457801819,0.8791208863258362,0.9191918969154358
YGR086C,YAL013W,1,-0.46911913,0.08747021108865738,0.8801198601722717,0.9191918969154358
YNL036W,YDR092W,0,-0.469171,0.08746153116226196,0.8801198601722717,0.9192919135093689
YDR242W,YAL061W,0,-0.46927208,0.08745285123586655,0.8801198601722717,0.919391930103302
YLR150W,YKL114C,0,-0.46965268,0.08744417130947113,0.8801198601722717,0.9194919466972351
YIR037W,YDL175C,0,-0.4699672,0.08743549138307571,0.8801198601722717,0.9195919632911682
YIL137C,YGR101W,0,-0.47004247,0.0874268114566803,0.8801198601722717,0.9196919798851013
YGR148C,YNL145W,0,-0.47005728,0.08741813898086548,0.8801198601722717,0.9197919964790344
YDR171W,YPL004C,1,-0.47042903,0.0875086784362793,0.881118893623352,0.9197919964790344
YJL033W,YNL149C,0,-0.4706597,0.08749999850988388,0.881118893623352,0.9198920130729675
YKR095W,YDR221W,0,-0.47072643,0.08749131858348846,0.881118893623352,0.9199919700622559
YFL008W,YDR320C,0,-0.47096157,0.08748263865709305,0.881118893623352,0.920091986656189
YFL016C,YDR192C,1,-0.4712601,0.08757314085960388,0.8821178674697876,0.920091986656189
YLL011W,YOR326W,0,-0.47128865,0.08756446093320847,0.8821178674697876,0.9201920032501221
YPL206C,YAL025C,0,-0.471553,0.08755577355623245,0.8821178674697876,0.9202920198440552
YLR292C,YGL021W,0,-0.4723143,0.08754709362983704,0.8821178674697876,0.9203920364379883
YNL167C,YPL075W,0,-0.4723419,0.08753841370344162,0.8821178674697876,0.9204920530319214
YMR118C,YPR134W,0,-0.47238255,0.0875297412276268,0.8821178674697876,0.9205920696258545
YER023W,YGR204W,0,-0.47246262,0.08752106130123138,0.8821178674697876,0.9206920862197876
YPR055W,YGL049C,0,-0.47248185,0.08751238882541656,0.8821178674697876,0.9207921028137207
YDR397C,YGL073W,1,-0.47253603,0.08760281652212143,0.8831169009208679,0.9207921028137207
YBR248C,YMR116C,0,-0.47271413,0.08759413659572601,0.8831169009208679,0.920892059803009
YJL057C,YDR258C,0,-0.47284698,0.0875854566693306,0.8831169009208679,0.9209920763969421
YOR253W,YLR233C,0,-0.47298378,0.08757677674293518,0.8831169009208679,0.9210920929908752
YPR110C,YDL095W,0,-0.47302788,0.08756810426712036,0.8831169009208679,0.9211921095848083
YGR087C,YDR361C,0,-0.47305813,0.08755943179130554,0.8831169009208679,0.9212921261787415
YOR115C,YIL147C,0,-0.47345042,0.08755075931549072,0.8831169009208679,0.9213921427726746
YFR049W,YNL242W,0,-0.47346565,0.0875420868396759,0.8831169009208679,0.9214921593666077
YDR171W,YOR007C,1,-0.47365642,0.0876324400305748,0.8841158747673035,0.9214921593666077
YOR008C,YHL028W,1,-0.47370765,0.0877227708697319,0.8851149082183838,0.9214921593666077
YGR192C,YNL331C,0,-0.47376305,0.08771409094333649,0.8851149082183838,0.9215921759605408
YMR125W,YOL076W,0,-0.47397375,0.08770540356636047,0.8851149082183838,0.9216921925544739
YNR036C,YLR408C,0,-0.474323,0.08769672363996506,0.8851149082183838,0.9217921495437622
YLR019W,YJR066W,1,-0.47442937,0.08778701722621918,0.8861138820648193,0.9217921495437622
YIL041W,YMR164C,0,-0.4744555,0.08777832984924316,0.8861138820648193,0.9218921661376953
YLR265C,YGR140W,0,-0.47481817,0.08776964247226715,0.8861138820648193,0.9219921827316284
YNL151C,YGL105W,0,-0.47493362,0.08776095509529114,0.8861138820648193,0.9220921993255615
YDR291W,YDL222C,0,-0.4751907,0.08775227516889572,0.8861138820648193,0.9221922159194946
YLR355C,YBR055C,0,-0.47519857,0.0877435952425003,0.8861138820648193,0.9222922325134277
YGL234W,YMR207C,0,-0.47532928,0.08773491531610489,0.8861138820648193,0.9223922491073608
YCR053W,YMR043W,0,-0.47538614,0.08772623538970947,0.8861138820648193,0.922492265701294
YJL140W,YER111C,1,-0.4762017,0.08781645447015762,0.8871129155158997,0.922492265701294
YBR101C,YJL050W,0,-0.4763049,0.08780777454376221,0.8871129155158997,0.922592282295227
YBR014C,YMR167W,0,-0.47636986,0.0877990871667862,0.8871129155158997,0.9226922988891602
YBR293W,YOR192C,0,-0.4763847,0.08779040724039078,0.8871129155158997,0.9227922558784485
YDL185W,YML055W,0,-0.4764975,0.08778173476457596,0.8871129155158997,0.9228922724723816
YPL008W,YJL179W,0,-0.4769295,0.08777305483818054,0.8871129155158997,0.9229922890663147
YIR021W,YMR043W,0,-0.47699845,0.08776438236236572,0.8871129155158997,0.9230923056602478
YAL030W,YKL160W,0,-0.47706723,0.0877557098865509,0.8871129155158997,0.9231923222541809
YGR086C,YOR043W,1,-0.47713685,0.08784584701061249,0.8881118893623352,0.9231923222541809
YJL198W,YDR440W,0,-0.47720858,0.08783716708421707,0.8881118893623352,0.923292338848114
YOR043W,YPL164C,0,-0.47739947,0.08782849460840225,0.8881118893623352,0.9233923554420471
YGR295C,YDL082W,0,-0.47743738,0.08781981468200684,0.8881118893623352,0.9234923720359802
YLR373C,YHR147C,0,-0.4775421,0.08781114220619202,0.8881118893623352,0.9235923886299133
YDR244W,YGL005C,0,-0.47776908,0.0878024697303772,0.8881118893623352,0.9236923456192017
YHR203C,YBL020W,0,-0.47796303,0.08779379725456238,0.8881118893623352,0.9237923622131348
YFR003C,YDL044C,0,-0.47798336,0.08778513222932816,0.8881118893623352,0.9238923788070679
YKL068W,YNL123W,1,-0.47801334,0.08787519484758377,0.8891108632087708,0.9238923788070679
YPR104C,YML058W,0,-0.47813162,0.08786652237176895,0.8891108632087708,0.923992395401001
YNL097C,YPL004C,1,-0.47821212,0.08795656263828278,0.8901098966598511,0.923992395401001
YKL062W,YDR270W,0,-0.47823998,0.08794788271188736,0.8901098966598511,0.9240924119949341
YLR044C,YML031W,0,-0.47826248,0.08793920278549194,0.8901098966598511,0.9241924285888672
YMR083W,YOR221C,0,-0.47831473,0.08793052285909653,0.8901098966598511,0.9242924451828003
YOL012C,YKR027W,0,-0.4783591,0.08792185038328171,0.8901098966598511,0.9243924617767334
YNR041C,YGL021W,0,-0.47839898,0.08791317045688629,0.8901098966598511,0.9244924783706665
YKL068W,YER159C,1,-0.47887617,0.08800315856933594,0.8911088705062866,0.9244924783706665
YOR122C,YDL141W,0,-0.47895783,0.08799447864294052,0.8911088705062866,0.9245924353599548
YKR003W,YDR116C,0,-0.47903183,0.0879857987165451,0.8911088705062866,0.9246924519538879
YGR086C,YLL026W,1,-0.4790885,0.08807574957609177,0.8921079039573669,0.9246924519538879
YGL043W,YBL097W,0,-0.47916377,0.08806706219911575,0.8921079039573669,0.924792468547821
YPL157W,YOL006C,0,-0.479388,0.08805837482213974,0.8921079039573669,0.9248924851417542
YNL094W,YOL030W,0,-0.4794234,0.08804969489574432,0.8921079039573669,0.9249925017356873
YDR037W,YEL018W,0,-0.47959965,0.08804101496934891,0.8921079039573669,0.9250925183296204
YMR303C,YJL096W,0,-0.47985375,0.08803233504295349,0.8921079039573669,0.9251925349235535
YJR065C,YDR045C,0,-0.47986796,0.08802365511655807,0.8921079039573669,0.9252925515174866
YOR036W,YHR202W,0,-0.48009405,0.08801498264074326,0.8921079039573669,0.9253925681114197
YBL066C,YLR405W,0,-0.48015317,0.08800631016492844,0.8921079039573669,0.925492525100708
YGL049C,YOL013C,0,-0.48017392,0.08799763768911362,0.8921079039573669,0.9255925416946411
YGR188C,YDR528W,0,-0.48017746,0.0879889652132988,0.8921079039573669,0.9256925582885742
YLR019W,YNL116W,0,-0.480377,0.08798029273748398,0.8921079039573669,0.9257925748825073
YJR104C,YIL112W,0,-0.48046356,0.08797162771224976,0.8921079039573669,0.9258925914764404
YLR233C,YDL168W,0,-0.48049906,0.08796296268701553,0.8921079039573669,0.9259926080703735
YLR019W,YMR037C,1,-0.48065725,0.08805279433727264,0.8931068778038025,0.9259926080703735
YMR110C,YFL026W,0,-0.48105556,0.08804412186145782,0.8931068778038025,0.9260926246643066
YHR096C,YLR001C,0,-0.4813583,0.088035449385643,0.8931068778038025,0.9261926412582397
YDR135C,YDL079C,0,-0.4815187,0.08802678436040878,0.8931068778038025,0.9262926578521729
YDR300C,YNL220W,0,-0.48168474,0.08801811188459396,0.8931068778038025,0.9263926148414612
YDR171W,YER133W,1,-0.4817702,0.08810789883136749,0.8941059112548828,0.9263926148414612
YCL048W,YGR295C,0,-0.4820134,0.08809921890497208,0.8941059112548828,0.9264926314353943
YLR307W,YPL189W,0,-0.48205617,0.08809055387973785,0.8941059112548828,0.9265926480293274
YIR037W,YIL070C,0,-0.48208869,0.08808188140392303,0.8941059112548828,0.9266926646232605
YFL024C,YAL055W,0,-0.4822245,0.08807321637868881,0.8941059112548828,0.9267926812171936
YGR086C,YDR381W,0,-0.48229632,0.08806455135345459,0.8941059112548828,0.9268926978111267
YNL317W,YPL031C,0,-0.48299584,0.08805588632822037,0.8941059112548828,0.9269927144050598
YMR083W,YHR042W,0,-0.48317403,0.08804722130298615,0.8941059112548828,0.9270927309989929
YML014W,YGR211W,0,-0.48326057,0.08803855627775192,0.8941059112548828,0.927192747592926
YDR447C,YHR028C,0,-0.48346514,0.0880298987030983,0.8941059112548828,0.9272927045822144
YDL232W,YDR111C,0,-0.48379272,0.08802124112844467,0.8941059112548828,0.9273927211761475
YER023W,YNL311C,0,-0.4842279,0.08801258355379105,0.8941059112548828,0.9274927377700806
YOL052C-A,YFL014W,1,-0.4846027,0.08810225874185562,0.8951048851013184,0.9274927377700806
YOL004W,YDR258C,1,-0.4851104,0.088191919028759,0.8961039185523987,0.9274927377700806
YPL004C,YOL105C,1,-0.48526374,0.0882815569639206,0.8971028923988342,0.9274927377700806
YDL236W,YHR170W,0,-0.4855835,0.08827287703752518,0.8971028923988342,0.9275927543640137
YKL028W,YGL144C,0,-0.48567078,0.08826420456171036,0.8971028923988342,0.9276927709579468
YIL016W,YOL003C,0,-0.4858838,0.08825552463531494,0.8971028923988342,0.9277927875518799
YJL189W,YJR014W,0,-0.4860477,0.08824685215950012,0.8971028923988342,0.927892804145813
YMR287C,YNR054C,0,-0.4863109,0.0882381871342659,0.8971028923988342,0.9279928207397461
YLR023C,YOL019W,0,-0.4863172,0.08822951465845108,0.8971028923988342,0.9280928373336792
YDR078C,YPL239W,0,-0.48633456,0.08822084963321686,0.8971028923988342,0.9281927943229675
YBL006C,YDR409W,0,-0.4864362,0.08821217715740204,0.8971028923988342,0.9282928109169006
YHR176W,YNL331C,0,-0.48644015,0.08820351958274841,0.8971028923988342,0.9283928275108337
YJL054W,YMR318C,0,-0.4865353,0.08819485455751419,0.8971028923988342,0.9284928441047668
YDR486C,YOL065C,0,-0.48660338,0.08818618953227997,0.8971028923988342,0.9285928606987
YHL002W,YGR271C-A,0,-0.48668694,0.08817753195762634,0.8971028923988342,0.9286928772926331
YFR047C,YGR007W,0,-0.48670825,0.08816887438297272,0.8971028923988342,0.9287928938865662
YNL025C,YGL006W,0,-0.48677617,0.08816021680831909,0.8971028923988342,0.9288929104804993
YDR219C,YEL001C,0,-0.48696798,0.08815156668424606,0.8971028923988342,0.9289929270744324
YDL020C,YML022W,0,-0.48708612,0.08814291656017303,0.8971028923988342,0.9290928840637207
YPR141C,YPR168W,0,-0.4875893,0.08813425898551941,0.8971028923988342,0.9291929006576538
YNL091W,YJL184W,0,-0.48774374,0.08812561631202698,0.8971028923988342,0.9292929172515869
YDR243C,YKL113C,0,-0.4877548,0.08811696618795395,0.8971028923988342,0.92939293384552
YLR190W,YEL064C,0,-0.48778373,0.08810832351446152,0.8971028923988342,0.9294929504394531
YKL146W,YML029W,0,-0.48783937,0.08809967339038849,0.8971028923988342,0.9295929670333862
YCR098C,YBL050W,0,-0.4880034,0.08809103071689606,0.8971028923988342,0.9296929836273193
YFR047C,YMR216C,0,-0.48801562,0.08808239549398422,0.8971028923988342,0.9297930002212524
YLL026W,YLR260W,1,-0.48812225,0.0881718322634697,0.8981019258499146,0.9297930002212524
YKL213C,YGL206C,0,-0.48832616,0.08816318213939667,0.8981019258499146,0.9298930168151855
YDR074W,YDR258C,1,-0.48837867,0.08825259655714035,0.8991008996963501,0.9298930168151855
YNR046W,YIL075C,0,-0.48881337,0.08824394643306732,0.8991008996963501,0.9299929738044739
YPR133C,YKL145W,0,-0.48885512,0.0882352963089943,0.8991008996963501,0.930092990398407
YLR272C,YGR162W,0,-0.48942298,0.08822664618492126,0.8991008996963501,0.9301930069923401
YGR086C,YDL100C,1,-0.48943985,0.08831601589918137,0.9000998735427856,0.9301930069923401
YOR231W,YGL045W,0,-0.48953593,0.08830735832452774,0.9000998735427856,0.9302930235862732
YLL026W,YKL068W,1,-0.49034083,0.08839670568704605,0.901098906993866,0.9302930235862732
YER036C,YER099C,0,-0.49045628,0.08838804811239243,0.901098906993866,0.9303930401802063
YHR024C,YHL020C,0,-0.4906553,0.0883793830871582,0.901098906993866,0.9304930567741394
YDR084C,YOL019W,0,-0.49067304,0.08837072551250458,0.901098906993866,0.9305930733680725
YPR018W,YIR023W,0,-0.49079195,0.08836206793785095,0.901098906993866,0.9306930899620056
YLR406C,YPL178W,0,-0.49079716,0.08835341036319733,0.901098906993866,0.9307931065559387
YOR359W,YKR087C,0,-0.4908843,0.0883447602391243,0.901098906993866,0.930893063545227
YDR483W,YOR347C,0,-0.4908864,0.08833611011505127,0.901098906993866,0.9309930801391602
YPL049C,YER091C,0,-0.49097598,0.08832745999097824,0.901098906993866,0.9310930967330933
YNL007C,YAL013W,1,-0.49101168,0.08841672539710999,0.9020978808403015,0.9310930967330933
YPL254W,YGL232W,0,-0.49107152,0.08840806782245636,0.9020978808403015,0.9311931133270264
YDL115C,YDR148C,0,-0.49108464,0.08839941024780273,0.9020978808403015,0.9312931299209595
YDR142C,YER159C,0,-0.49118805,0.0883907601237297,0.9020978808403015,0.9313931465148926
YMR055C,YDL043C,0,-0.49124622,0.08838210999965668,0.9020978808403015,0.9314931631088257
YDR045C,YJR042W,0,-0.4914757,0.08837345987558365,0.9020978808403015,0.9315931797027588
YHR042W,YHL020C,0,-0.4915356,0.08836480975151062,0.9020978808403015,0.9316931962966919
YBR044C,YPL029W,0,-0.49195227,0.08835616707801819,0.9020978808403015,0.9317931532859802
YDL155W,YBR079C,0,-0.49220437,0.08834751695394516,0.9020978808403015,0.9318931698799133
YAL028W,YPL060W,0,-0.4922508,0.08833887428045273,0.9020978808403015,0.9319931864738464
YJL026W,YPL020C,0,-0.49229932,0.0883302390575409,0.9020978808403015,0.9320932030677795
YEL032W,YDR175C,0,-0.49237877,0.08832159638404846,0.9020978808403015,0.9321932196617126
YIR006C,YJR076C,0,-0.49258405,0.08831296116113663,0.9020978808403015,0.9322932362556458
YJL141C,YOR008C,1,-0.49308118,0.08840211480855942,0.9030969142913818,0.9322932362556458
YJR118C,YMR313C,0,-0.49341887,0.08839346468448639,0.9030969142913818,0.9323932528495789
YDR347W,YMR016C,0,-0.49347138,0.08838482946157455,0.9030969142913818,0.932493269443512
YOR358W,YOR155C,0,-0.49357957,0.08837618678808212,0.9030969142913818,0.9325932860374451
YPL194W,YDR420W,0,-0.49397257,0.08836754411458969,0.9030969142913818,0.9326932430267334
YBR008C,YGL001C,0,-0.49411684,0.08835890889167786,0.9030969142913818,0.9327932596206665
YBR008C,YOR207C,0,-0.49418765,0.08835027366876602,0.9030969142913818,0.9328932762145996
YLR341W,YBL035C,0,-0.49471444,0.08834163844585419,0.9030969142913818,0.9329932928085327
YGL032C,YPR178W,0,-0.4947618,0.08833301067352295,0.9030969142913818,0.9330933094024658
YIL017C,YCR067C,0,-0.49479097,0.08832437545061111,0.9030969142913818,0.9331933259963989
YLR398C,YNL186W,0,-0.49490023,0.08831574767827988,0.9030969142913818,0.933293342590332
YPL038W,YLR333C,0,-0.4949262,0.08830711990594864,0.9030969142913818,0.9333933591842651
YNL129W,YML058W,0,-0.49517235,0.0882984921336174,0.9030969142913818,0.9334933757781982
YER148W,YAL013W,0,-0.49527115,0.08828987181186676,0.9030969142913818,0.9335933327674866
YLR337C,YIL041W,0,-0.49531746,0.08828125149011612,0.9030969142913818,0.9336933493614197
YLR019W,YOR008C,1,-0.4953848,0.08837027847766876,0.9040958881378174,0.9336933493614197
YML007W,YPL240C,1,-0.4955115,0.08845928311347961,0.9050949215888977,0.9336933493614197
YNL185C,YDR300C,0,-0.49553257,0.08845064789056778,0.9050949215888977,0.9337933659553528
YBR098W,YFL062W,0,-0.4956687,0.08844201266765594,0.9050949215888977,0.9338933825492859
YHR064C,YJL121C,0,-0.49602684,0.08843338489532471,0.9050949215888977,0.933993399143219
YBR083W,YBL080C,0,-0.49629447,0.08842474967241287,0.9050949215888977,0.9340934157371521
YHL015W,YKL006W,0,-0.49645588,0.08841612190008163,0.9050949215888977,0.9341934323310852
YCL067C,YGL211W,0,-0.49662763,0.0884074941277504,0.9050949215888977,0.9342934489250183
YBR265W,YPR023C,0,-0.4966703,0.08839886635541916,0.9050949215888977,0.9343934655189514
YLR127C,YFR009W,0,-0.4967013,0.08839024603366852,0.9050949215888977,0.9344934225082397
YNL207W,YGL111W,0,-0.4971486,0.08838161826133728,0.9050949215888977,0.9345934391021729
YPL048W,YKL049C,0,-0.49725384,0.08837299793958664,0.9050949215888977,0.934693455696106
YHR086W,YGR256W,0,-0.4973215,0.088364377617836,0.9050949215888977,0.9347934722900391
YOL034W,YOR371C,0,-0.49744064,0.08835576474666595,0.9050949215888977,0.9348934888839722
YGR184C,YHR194W,0,-0.4975328,0.08834714442491531,0.9050949215888977,0.9349935054779053
YOL068C,YDR092W,0,-0.49753392,0.08833853155374527,0.9050949215888977,0.9350935220718384
YDR302W,YER127W,0,-0.49768412,0.08832991868257523,0.9050949215888977,0.9351935386657715
YDR171W,YBR072W,1,-0.4978887,0.08841879665851593,0.9060938954353333,0.9351935386657715
YLR207W,YBR189W,0,-0.4979785,0.08841017633676529,0.9060938954353333,0.9352935552597046
YCR054C,YBR296C,0,-0.49817002,0.08840155601501465,0.9060938954353333,0.9353935122489929
YBR180W,YOR064C,0,-0.4987439,0.0883929431438446,0.9060938954353333,0.935493528842926
YGL195W,YPL137C,0,-0.49899918,0.08838433027267456,0.9060938954353333,0.9355935454368591
YPR021C,YOR348C,0,-0.49915218,0.08837571740150452,0.9060938954353333,0.9356935620307922
YNR011C,YER161C,0,-0.49924293,0.08836711198091507,0.9060938954353333,0.9357935786247253
YKL160W,YNL076W,0,-0.4993211,0.08835849910974503,0.9060938954353333,0.9358935952186584
YNR011C,YHR147C,0,-0.49942783,0.08834989368915558,0.9060938954353333,0.9359936118125916
YOR328W,YKL149C,0,-0.49958956,0.08834128826856613,0.9060938954353333,0.9360936284065247
YDR384C,YBR156C,0,-0.49960583,0.08833268284797668,0.9060938954353333,0.9361936450004578
YKL080W,YIL103W,0,-0.49963498,0.08832408487796783,0.9060938954353333,0.9362936019897461
YGL130W,YJR097W,0,-0.49994692,0.08831547945737839,0.9060938954353333,0.9363936185836792
YOR079C,YCR107W,0,-0.50012857,0.08830688148736954,0.9060938954353333,0.9364936351776123
YLR182W,YER159C,1,-0.50025547,0.08839564025402069,0.9070929288864136,0.9364936351776123
YBR102C,YCL029C,0,-0.5003486,0.08838703483343124,0.9070929288864136,0.9365936517715454
YJL141C,YPL240C,1,-0.5004751,0.08847576379776001,0.9080919027328491,0.9365936517715454
YIL122W,YLR085C,0,-0.50048923,0.08846715092658997,0.9080919027328491,0.9366936683654785
YLR372W,YJR042W,0,-0.5007616,0.08845854550600052,0.9080919027328491,0.9367936849594116
YOL065C,YDL210W,0,-0.5009304,0.08844994008541107,0.9080919027328491,0.9368937015533447
YJL003W,YBL024W,0,-0.50093096,0.08844133466482162,0.9080919027328491,0.9369937181472778
YGR029W,YER081W,0,-0.501177,0.08843272924423218,0.9080919027328491,0.9370937347412109
YOL067C,YGR181W,0,-0.50163794,0.08842412382364273,0.9080919027328491,0.9371936917304993
YNL125C,YHR205W,0,-0.5016686,0.08841552585363388,0.9080919027328491,0.9372937083244324
YHL033C,YOR045W,0,-0.5016757,0.08840692788362503,0.9080919027328491,0.9373937249183655
YJR064W,YKR080W,0,-0.5017041,0.08839832991361618,0.9080919027328491,0.9374937415122986
YGR028W,YDL204W,0,-0.5018148,0.08838973194360733,0.9080919027328491,0.9375937581062317
YNL135C,YHR050W,0,-0.501851,0.08838113397359848,0.9080919027328491,0.9376937747001648
YDR212W,YDR001C,0,-0.50213087,0.08837254345417023,0.9080919027328491,0.9377937912940979
YML120C,YKL100C,0,-0.5021548,0.08836395293474197,0.9080919027328491,0.937893807888031
YDR368W,YGR166W,0,-0.5022552,0.08835536241531372,0.9080919027328491,0.9379938244819641
YLL024C,YGL125W,0,-0.50234693,0.08834677934646606,0.9080919027328491,0.9380937814712524
YNL014W,YMR029C,0,-0.5028464,0.08833818882703781,0.9080919027328491,0.9381937980651855
YLR059C,YDL161W,0,-0.50312924,0.08832960575819016,0.9080919027328491,0.9382938146591187
YCR096C,YDL178W,0,-0.5032604,0.0883210226893425,0.9080919027328491,0.9383938312530518
YDR303C,YLR409C,0,-0.5033172,0.08831244707107544,0.9080919027328491,0.9384938478469849
YLR128W,YLL006W,0,-0.5033828,0.08830386400222778,0.9080919027328491,0.938593864440918
YMR029C,YML025C,0,-0.503725,0.08829528838396072,0.9080919027328491,0.9386938810348511
YPR122W,YDR031W,0,-0.50416815,0.08828671276569366,0.9080919027328491,0.9387938976287842
YMR016C,YML031W,0,-0.50430316,0.0882781371474266,0.9080919027328491,0.9388939142227173
YLR068W,YBR245C,0,-0.5043929,0.08826956897974014,0.9080919027328491,0.9389938712120056
YJL116C,YER020W,0,-0.5044684,0.08826099336147308,0.9080919027328491,0.9390938878059387
YKL213C,YGL018C,0,-0.5044871,0.08825242519378662,0.9080919027328491,0.9391939043998718
YLR095C,YDR488C,0,-0.5044962,0.08824385702610016,0.9080919027328491,0.9392939209938049
YOR095C,YDR110W,0,-0.5045089,0.0882352963089943,0.9080919027328491,0.939393937587738
YDR093W,YPR183W,0,-0.50466526,0.08822672814130783,0.9080919027328491,0.9394939541816711
YER068W,YDR086C,0,-0.50486505,0.08821816742420197,0.9080919027328491,0.9395939707756042
YAL012W,YDL136W,0,-0.50492847,0.0882096067070961,0.9080919027328491,0.9396939873695374
YDR372C,YLR424W,0,-0.505347,0.08820104598999023,0.9080919027328491,0.9397940039634705
YMR080C,YOL120C,0,-0.505388,0.08819249272346497,0.9080919027328491,0.9398939609527588
YMR322C,YLR070C,0,-0.50539833,0.0881839320063591,0.9080919027328491,0.9399939775466919
YHR107C,YGR078C,0,-0.5056957,0.08817537873983383,0.9080919027328491,0.940093994140625
YOR337W,YJR145C,0,-0.5058292,0.08816682547330856,0.9080919027328491,0.9401940107345581
YER109C,YBL091C,0,-0.50599116,0.08815827965736389,0.9080919027328491,0.9402940273284912
YEL061C,YBR279W,0,-0.5060538,0.08814972639083862,0.9080919027328491,0.9403940439224243
YGR046W,YCR083W,0,-0.5061873,0.08814118057489395,0.9080919027328491,0.9404940605163574
YGR231C,YBL099W,0,-0.5063667,0.08813263475894928,0.9080919027328491,0.9405940771102905
YFR014C,YNL156C,0,-0.5065368,0.08812408894300461,0.9080919027328491,0.9406940937042236
YBR044C,YDL135C,0,-0.50688547,0.08811555057764053,0.9080919027328491,0.940794050693512
YGR096W,YBR205W,0,-0.5069156,0.08810700476169586,0.9080919027328491,0.9408940672874451
YPR047W,YKL052C,0,-0.5072756,0.08809846639633179,0.9080919027328491,0.9409940838813782
YKL060C,YGL123W,0,-0.50738424,0.08808992803096771,0.9080919027328491,0.9410941004753113
YJR093C,YHR073W,0,-0.5074173,0.08808139711618423,0.9080919027328491,0.9411941170692444
YBL069W,YOR269W,0,-0.50778556,0.08807285875082016,0.9080919027328491,0.9412941336631775
YBR149W,YGL134W,0,-0.50794506,0.08806432783603668,0.9080919027328491,0.9413941502571106
YLR399C,YDL031W,0,-0.50795746,0.0880557969212532,0.9080919027328491,0.9414941668510437
YHL019C,YGR231C,0,-0.5080564,0.08804726600646973,0.9080919027328491,0.9415941834449768
YDR258C,YKL068W,1,-0.5082626,0.08813559263944626,0.9090909361839294,0.9415941834449768
YKR083C,YMR285C,0,-0.5085392,0.08812705427408218,0.9090909361839294,0.9416941404342651
YKL005C,YLR015W,0,-0.5088157,0.0881185233592987,0.9090909361839294,0.9417941570281982
YNL229C,YBL020W,0,-0.5088658,0.08810999244451523,0.9090909361839294,0.9418941736221313
YER107C,YLR335W,1,-0.5089345,0.08819827437400818,0.910089910030365,0.9418941736221313
YKR026C,YER159C,1,-0.50898653,0.08828654140233994,0.9110888838768005,0.9418941736221313
YMR183C,YMR208W,0,-0.50911325,0.08827799558639526,0.9110888838768005,0.9419941902160645
YER036C,YDR300C,0,-0.50913596,0.08826945722103119,0.9110888838768005,0.9420942068099976
YNL067W,YPR073C,0,-0.5092756,0.08826091140508652,0.9110888838768005,0.9421942234039307
YLR293C,YIL130W,0,-0.5095211,0.08825237303972244,0.9110888838768005,0.9422942399978638
YDR420W,YCL063W,0,-0.51018715,0.08824383467435837,0.9110888838768005,0.9423942565917969
YLR298C,YJR117W,0,-0.510234,0.0882352963089943,0.9110888838768005,0.94249427318573
YBR029C,YIL160C,0,-0.5103149,0.08822675794363022,0.9110888838768005,0.9425942301750183
YJL173C,YHR017W,0,-0.51049626,0.08821822702884674,0.9110888838768005,0.9426942467689514
YML026C,YPR016C,0,-0.5105933,0.08820968866348267,0.9110888838768005,0.9427942633628845
YDR192C,YAR002W,1,-0.5107881,0.08829787373542786,0.9120879173278809,0.9427942633628845
YIL013C,YOR371C,0,-0.51086295,0.08828933537006378,0.9120879173278809,0.9428942799568176
YOR095C,YPR183W,0,-0.5110145,0.08828079700469971,0.9120879173278809,0.9429942965507507
YEL020W-A,YGR014W,0,-0.51105076,0.08827225863933563,0.9120879173278809,0.9430943131446838
YBR286W,YJR025C,0,-0.5110583,0.08826372772455215,0.9120879173278809,0.9431943297386169
YFR037C,YKR013W,0,-0.5111616,0.08825519680976868,0.9120879173278809,0.94329434633255
YML059C,YDR267C,0,-0.5112444,0.0882466658949852,0.9120879173278809,0.9433943629264832
YAL013W,YHL028W,1,-0.51134074,0.08833478391170502,0.9130868911743164,0.9433943629264832
YDL002C,YJL145W,0,-0.51146203,0.08832624554634094,0.9130868911743164,0.9434943199157715
YCL064C,YGL049C,0,-0.51160806,0.08831771463155746,0.9130868911743164,0.9435943365097046
YNL020C,YGL153W,0,-0.5116265,0.08830917626619339,0.9130868911743164,0.9436943531036377
YDR420W,YML106W,0,-0.5117142,0.08830064535140991,0.9130868911743164,0.9437943696975708
YHR018C,YGL157W,0,-0.51191986,0.08829211443662643,0.9130868911743164,0.9438943862915039
YKL192C,YKL109W,0,-0.5123782,0.08828359097242355,0.9130868911743164,0.943994402885437
YPL183C,YOR009W,0,-0.5124917,0.08827506005764008,0.9130868911743164,0.9440944194793701
YBR102C,YNL214W,0,-0.5127223,0.0882665365934372,0.9130868911743164,0.9441944360733032
YPR108W,YJL180C,0,-0.5129776,0.08825801312923431,0.9130868911743164,0.9442944526672363
YHR102W,YER089C,0,-0.51320314,0.08824948966503143,0.9130868911743164,0.9443944096565247
YLR058C,YGL151W,0,-0.51323867,0.08824097365140915,0.9130868911743164,0.9444944262504578
YHR090C,YDR097C,0,-0.5141135,0.08823245763778687,0.9130868911743164,0.9445944428443909
YNL264C,YGL049C,0,-0.5142125,0.08822394162416458,0.9130868911743164,0.944694459438324
YML027W,YML009C,0,-0.51487297,0.0882154256105423,0.9130868911743164,0.9447944760322571
YBR265W,YKL143W,0,-0.51499987,0.08820690959692001,0.9130868911743164,0.9448944926261902
YDR212W,YHR114W,0,-0.51526004,0.08819840103387833,0.9130868911743164,0.9449945092201233
YHR073W,YJR042W,0,-0.5152646,0.08818988502025604,0.9130868911743164,0.9450945258140564
YOL105C,YNL283C,1,-0.5154476,0.08827786147594452,0.9140859246253967,0.9450945258140564
YGR086C,YER133W,1,-0.5158441,0.08836580812931061,0.9150848984718323,0.9450945258140564
YML001W,YDR339C,0,-0.5158759,0.08835728466510773,0.9150848984718323,0.9451945424079895
YDL185W,YBR082C,0,-0.51592225,0.08834876865148544,0.9150848984718323,0.9452945590019226
YGR063C,YLR274W,0,-0.515938,0.08834024518728256,0.9150848984718323,0.9453945159912109
YDR515W,YOR362C,0,-0.5160375,0.08833172917366028,0.9150848984718323,0.945494532585144
YKL127W,YGL187C,0,-0.5163498,0.0883232057094574,0.9150848984718323,0.9455945491790771
YIL093C,YER027C,0,-0.51637733,0.08831468969583511,0.9150848984718323,0.9456945657730103
YPL116W,YPL028W,0,-0.5166306,0.08830618113279343,0.9150848984718323,0.9457945823669434
YOR118W,YHL002W,0,-0.5166332,0.08829766511917114,0.9150848984718323,0.9458945989608765
YKL179C,YLR017W,0,-0.51670027,0.08828915655612946,0.9150848984718323,0.9459946155548096
YGL097W,YOR373W,0,-0.5168668,0.08828064799308777,0.9150848984718323,0.9460946321487427
YOR043W,YFL014W,1,-0.5169718,0.0883685052394867,0.9160839319229126,0.9460946321487427
YPL004C,YDR258C,1,-0.5171679,0.08845634758472443,0.9170829057693481,0.9460946321487427
YBR193C,YJL156C,0,-0.51751137,0.08844782412052155,0.9170829057693481,0.9461946487426758
YBR119W,YDR279W,0,-0.51756305,0.08843930810689926,0.9170829057693481,0.9462946057319641
YLR019W,YFL014W,1,-0.51758873,0.08852711319923401,0.9180819392204285,0.9462946057319641
YFL033C,YOR008C,1,-0.5179301,0.08861491084098816,0.919080913066864,0.9462946057319641
YNL283C,YKR082W,1,-0.51834637,0.08870268613100052,0.9200799465179443,0.9462946057319641
YJL074C,YGR271C-A,0,-0.51851857,0.08869414776563644,0.9200799465179443,0.9463946223258972
YGR086C,YPL004C,1,-0.51865107,0.08878189325332642,0.9210789203643799,0.9463946223258972
YGR186W,YOL003C,0,-0.51948684,0.08877334743738174,0.9210789203643799,0.9464946389198303
YFL011W,YNR050C,0,-0.51976216,0.08876480162143707,0.9210789203643799,0.9465946555137634
YDR153C,YBL091C,0,-0.51980543,0.0887562558054924,0.9210789203643799,0.9466946721076965
YHR099W,YPL269W,0,-0.5207516,0.08874771744012833,0.9210789203643799,0.9467946887016296
YDR032C,YNL058C,0,-0.52098525,0.08873917162418365,0.9210789203643799,0.9468947052955627
YGL171W,YPR132W,0,-0.521098,0.08873063325881958,0.9210789203643799,0.9469947218894958
YDL126C,YOR380W,0,-0.52112645,0.0887220948934555,0.9210789203643799,0.947094738483429
YER056C,YNL066W,0,-0.521321,0.08871355652809143,0.9210789203643799,0.9471946954727173
YNL097C,YNL064C,1,-0.5215554,0.08880123496055603,0.9220778942108154,0.9471946954727173
YDR242W,YMR153W,0,-0.5216542,0.08879268914461136,0.9220778942108154,0.9472947120666504
YBL037W,YLR450W,0,-0.52203447,0.08878415077924728,0.9220778942108154,0.9473947286605835
YAL019W,YIL038C,0,-0.5221072,0.08877560496330261,0.9220778942108154,0.9474947452545166
YMR286W,YLR100W,0,-0.5222648,0.08876707404851913,0.9220778942108154,0.9475947618484497
YOR063W,YDR349C,0,-0.52238184,0.08875853568315506,0.9220778942108154,0.9476947784423828
YHR005C,YIL063C,0,-0.52249396,0.08874999731779099,0.9220778942108154,0.9477947950363159
YLR328W,YAL042W,0,-0.52282786,0.08874146640300751,0.9220778942108154,0.947894811630249
YPR165W,YLR142W,0,-0.52311486,0.08873293548822403,0.9220778942108154,0.9479948282241821
YBR126C,YPL004C,1,-0.52313083,0.08882053196430206,0.9230769276618958,0.9479948282241821
YLR336C,YDR002W,0,-0.5232856,0.08881199359893799,0.9230769276618958,0.9480947852134705
YKL068W,YKR082W,1,-0.52332044,0.08889956772327423,0.9240759015083313,0.9480947852134705
YER113C,YGL115W,0,-0.5234169,0.08889102190732956,0.9240759015083313,0.9481948018074036
YEL032W,YLR263W,0,-0.5235477,0.08888248354196548,0.9240759015083313,0.9482948184013367
YGL141W,YMR201C,0,-0.5235945,0.08887394517660141,0.9240759015083313,0.9483948349952698
YJL097W,YJL002C,0,-0.5236356,0.08886540681123734,0.9240759015083313,0.9484948515892029
YDR510W,YBR058C,0,-0.52384543,0.08885686844587326,0.9240759015083313,0.948594868183136
YBL063W,YCR098C,0,-0.52409875,0.08884833008050919,0.9240759015083313,0.9486948847770691
YNL097C,YLL026W,1,-0.5241506,0.08893584460020065,0.9250749349594116,0.9486948847770691
YGR103W,YDR339C,0,-0.5241944,0.08892729878425598,0.9250749349594116,0.9487949013710022
YHR115C,YPL203W,0,-0.5247426,0.0889187604188919,0.9250749349594116,0.9488949179649353
YPL135W,YER119C,0,-0.5250022,0.08891022205352783,0.9250749349594116,0.9489948749542236
YOR234C,YDR160W,0,-0.5250824,0.08890169113874435,0.9250749349594116,0.9490948915481567
YJL143W,YBL020W,0,-0.5253013,0.08889315277338028,0.9250749349594116,0.9491949081420898
YNL041C,YBR253W,0,-0.525606,0.0888846218585968,0.9250749349594116,0.949294924736023
YLR190W,YLR373C,0,-0.525955,0.08887609094381332,0.9250749349594116,0.949394941329956
YFL016C,YER133W,1,-0.5259695,0.08896353095769882,0.9260739088058472,0.949394941329956
YLR023C,YLL036C,0,-0.52625716,0.08895499259233475,0.9260739088058472,0.9494949579238892
YLR207W,YDR238C,0,-0.5265851,0.08894646167755127,0.9260739088058472,0.9495949745178223
YER023W,YMR016C,0,-0.52668476,0.0889379233121872,0.9260739088058472,0.9496949911117554
YDR482C,YJR131W,0,-0.52682406,0.08892939239740372,0.9260739088058472,0.9497950077056885
YMR076C,YJL196C,0,-0.5269097,0.08892086148262024,0.9260739088058472,0.9498949646949768
YNL124W,YBR211C,0,-0.52691734,0.08891233801841736,0.9260739088058472,0.9499949812889099
YJL025W,YLR355C,0,-0.52744806,0.08890380710363388,0.9260739088058472,0.950094997882843
YLL001W,YDR407C,0,-0.52752376,0.088895283639431,0.9260739088058472,0.9501950144767761
YIL075C,YPL060W,0,-0.52781844,0.08888676017522812,0.9260739088058472,0.9502950310707092
YHR203C,YDR432W,0,-0.52783334,0.08887823671102524,0.9260739088058472,0.9503950476646423
YPR018W,YLR238W,0,-0.52836835,0.08886971324682236,0.9260739088058472,0.9504950642585754
YIL113W,YDR536W,0,-0.5286008,0.08886119723320007,0.9260739088058472,0.9505950808525085
YDL116W,YOR043W,1,-0.5290036,0.08894852548837662,0.9270729422569275,0.9505950808525085
YPR154W,YJL058C,0,-0.52904874,0.08894000202417374,0.9270729422569275,0.9506950974464417
YDL003W,YBR130C,0,-0.5293505,0.08893147855997086,0.9270729422569275,0.95079505443573
YKL096W,YPR021C,0,-0.5294404,0.08892296254634857,0.9270729422569275,0.9508950710296631
YDR041W,YPL103C,0,-0.5297977,0.08891443908214569,0.9270729422569275,0.9509950876235962
YDR507C,YOL077C,0,-0.53002524,0.08890592306852341,0.9270729422569275,0.9510951042175293
YLR190W,YGL166W,0,-0.53006244,0.08889740705490112,0.9270729422569275,0.9511951208114624
YNL007C,YML007W,1,-0.53093076,0.08898467570543289,0.928071916103363,0.9511951208114624
YNL067W,YPR041W,0,-0.53096616,0.08897615224123001,0.928071916103363,0.9512951374053955
YNR051C,YJR144W,0,-0.53105426,0.08896762877702713,0.928071916103363,0.9513951539993286
YLR188W,YIL052C,0,-0.53120065,0.08895911276340485,0.928071916103363,0.9514951705932617
YFL011W,YBR299W,0,-0.5314144,0.08895059674978256,0.928071916103363,0.9515951871871948
YML124C,YEL051W,0,-0.5314901,0.08894208073616028,0.928071916103363,0.9516951441764832
YMR163C,YHR089C,0,-0.53151095,0.088933564722538,0.928071916103363,0.9517951607704163
YHR133C,YNL101W,0,-0.53194904,0.08892504870891571,0.928071916103363,0.9518951773643494
YNL061W,YDR110W,0,-0.5321696,0.08891654014587402,0.928071916103363,0.9519951939582825
YLL011W,YKL004W,0,-0.5323246,0.08890803158283234,0.928071916103363,0.9520952105522156
YLL010C,YAL013W,1,-0.532377,0.08899521827697754,0.9290709495544434,0.9520952105522156
YHR105W,YOR100C,0,-0.5325726,0.08898670226335526,0.9290709495544434,0.9521952271461487
YMR121C,YDL079C,0,-0.5328349,0.08897818624973297,0.9290709495544434,0.9522952437400818
YER148W,YLR223C,0,-0.5329754,0.08896967023611069,0.9290709495544434,0.9523952603340149
YNL156C,YOL055C,0,-0.5329866,0.088961161673069,0.9290709495544434,0.952495276927948
YCL054W,YPR031W,0,-0.53315794,0.08895265311002731,0.9290709495544434,0.9525952339172363
YDR256C,YPL154C,0,-0.5338778,0.08894414454698563,0.9290709495544434,0.9526952505111694
YGL171W,YMR127C,0,-0.53481805,0.08893564343452454,0.9290709495544434,0.9527952671051025
YNL185C,YKR085C,0,-0.5348919,0.08892713487148285,0.9290709495544434,0.9528952836990356
YMR030W,YKL173W,0,-0.5350809,0.08891863375902176,0.9290709495544434,0.9529953002929688
YBL024W,YBR254C,0,-0.5355737,0.08891013264656067,0.9290709495544434,0.9530953168869019
YKR038C,YGR249W,0,-0.53569,0.08890163153409958,0.9290709495544434,0.953195333480835
YCR053W,YML086C,0,-0.53578615,0.08889313787221909,0.9290709495544434,0.9532953500747681
YMR158W,YGR047C,0,-0.536047,0.08888464421033859,0.9290709495544434,0.9533953666687012
YER122C,YKR081C,0,-0.53609645,0.0888761430978775,0.9290709495544434,0.9534953236579895
YLR275W,YMR242C,0,-0.5364127,0.0888676568865776,0.9290709495544434,0.9535953402519226
YDL146W,YDL124W,0,-0.53650993,0.08885916322469711,0.9290709495544434,0.9536953568458557
YBR025C,YKL068W,1,-0.5365336,0.08894620835781097,0.9300699234008789,0.9536953568458557
YPL004C,YOR043W,1,-0.5371948,0.08903324604034424,0.9310689568519592,0.9536953568458557
YBR072W,YPL004C,1,-0.53726864,0.08912026137113571,0.9320679306983948,0.9536953568458557
YPL092W,YMR040W,0,-0.53760654,0.08911174535751343,0.9320679306983948,0.9537953734397888
YDL115C,YPL047W,0,-0.5380323,0.08910323679447174,0.9320679306983948,0.9538953900337219
YGR202C,YOR174W,0,-0.5385411,0.08909472823143005,0.9320679306983948,0.953995406627655
YKL011C,YNR016C,0,-0.5387381,0.08908621966838837,0.9320679306983948,0.9540954232215881
YOL071W,YHR188C,0,-0.5388705,0.08907771855592728,0.9320679306983948,0.9541954398155212
YGL055W,YER063W,0,-0.5395059,0.08906920999288559,0.9320679306983948,0.9542954564094543
YGR174C,YJL013C,0,-0.5398061,0.0890607088804245,0.9320679306983948,0.9543954133987427
YBL061C,YDL101C,0,-0.5398088,0.08905220776796341,0.9320679306983948,0.9544954299926758
YLL026W,YFL014W,1,-0.53989226,0.08913914859294891,0.9330669045448303,0.9544954299926758
YOL052C-A,YDR074W,1,-0.5402801,0.08922607451677322,0.9340659379959106,0.9544954299926758
YNL075W,YOR229W,0,-0.54058564,0.08921755850315094,0.9340659379959106,0.9545954465866089
YER056C-A,YGL031C,0,-0.5414268,0.08920904248952866,0.9340659379959106,0.954695463180542
YKL059C,YPL189W,0,-0.54154485,0.08920053392648697,0.9340659379959106,0.9547954797744751
YDR071C,YHR141C,0,-0.54175675,0.08919202536344528,0.9340659379959106,0.9548954963684082
YKR025W,YBR079C,0,-0.5417916,0.0891835168004036,0.9340659379959106,0.9549955129623413
YJL141C,YOL052C-A,1,-0.54199404,0.08927038311958313,0.9350649118423462,0.9549955129623413
YKR024C,YDR334W,0,-0.54245377,0.08926187455654144,0.9350649118423462,0.9550955295562744
YJL074C,YIL162W,0,-0.5429834,0.08925335854291916,0.9350649118423462,0.9551955461502075
YER026C,YLR229C,0,-0.5430329,0.08924484997987747,0.9350649118423462,0.9552955031394958
YGL077C,YER056C,0,-0.5431886,0.08923634141683578,0.9350649118423462,0.955395519733429
YDR075W,YER119C,0,-0.54328066,0.0892278328537941,0.9350649118423462,0.9554955363273621
YDL058W,YHL025W,0,-0.5435962,0.08921933174133301,0.9350649118423462,0.9555955529212952
YPR047W,YDR347W,0,-0.54365337,0.08921083062887192,0.9350649118423462,0.9556955695152283
YIL093C,YGL022W,0,-0.54365975,0.08920232206583023,0.9350649118423462,0.9557955861091614
YLR238W,YFL036W,0,-0.5437194,0.08919382840394974,0.9350649118423462,0.9558956027030945
YGR198W,YGR123C,0,-0.54375815,0.08918532729148865,0.9350649118423462,0.9559956192970276
YHR158C,YJR144W,0,-0.54394877,0.08917682617902756,0.9350649118423462,0.9560956358909607
YJL190C,YGR279C,0,-0.5439545,0.08916833251714706,0.9350649118423462,0.956195592880249
YPR184W,YDR204W,0,-0.5439937,0.08915983885526657,0.9350649118423462,0.9562956094741821
YGL250W,YOR228C,0,-0.54409873,0.08915134519338608,0.9350649118423462,0.9563956260681152
YDR071C,YGL150C,0,-0.5446607,0.08914285898208618,0.9350649118423462,0.9564956426620483
YJL062W,YFR055W,0,-0.5446706,0.08913436532020569,0.9350649118423462,0.9565956592559814
YDR358W,YBR188C,0,-0.54468113,0.08912587910890579,0.9350649118423462,0.9566956758499146
YLL010C,YDR192C,1,-0.5447743,0.08921260386705399,0.9360639452934265,0.9566956758499146
YJL057C,YOL052C-A,0,-0.54488724,0.08920411020517349,0.9360639452934265,0.9567956924438477
YKL216W,YJL025W,0,-0.5450406,0.0891956239938736,0.9360639452934265,0.9568957090377808
YDL019C,YIR006C,0,-0.54510075,0.0891871303319931,0.9360639452934265,0.9569957256317139
YIL078W,YDR143C,0,-0.5453846,0.0891786441206932,0.9360639452934265,0.9570956826210022
YDR228C,YOR254C,0,-0.54576457,0.08917015790939331,0.9360639452934265,0.9571956992149353
YOR363C,YOL042W,0,-0.54592186,0.08916167169809341,0.9360639452934265,0.9572957158088684
YOR007C,YAL013W,1,-0.54653525,0.08924833685159683,0.9370629191398621,0.9572957158088684
YDR469W,YDL031W,0,-0.5466299,0.08923984318971634,0.9370629191398621,0.9573957324028015
YMR302C,YJR105W,0,-0.546687,0.08923135697841644,0.9370629191398621,0.9574957489967346
YNR037C,YGR183C,0,-0.546751,0.08922286331653595,0.9370629191398621,0.9575957655906677
YDR022C,YGL096W,0,-0.5467961,0.08921437710523605,0.9370629191398621,0.9576957821846008
YOR063W,YDL060W,0,-0.5469292,0.08920589834451675,0.9370629191398621,0.9577957987785339
YOL127W,YER003C,0,-0.546973,0.08919741213321686,0.9370629191398621,0.957895815372467
YKL059C,YPL181W,0,-0.54757404,0.08918893337249756,0.9370629191398621,0.9579957723617554
YFR051C,YMR004W,0,-0.54772556,0.08918045461177826,0.9370629191398621,0.9580957889556885
YDL189W,YCR035C,0,-0.54805285,0.08917197585105896,0.9370629191398621,0.9581958055496216
YOL105C,YJR066W,1,-0.5481614,0.08925855159759521,0.9380619525909424,0.9581958055496216
YBL030C,YPL072W,0,-0.54871374,0.08925007283687592,0.9380619525909424,0.9582958221435547
YNR036C,YDL134C,0,-0.54887503,0.08924158662557602,0.9380619525909424,0.9583958387374878
YBR158W,YHR079C-A,0,-0.5489025,0.08923310786485672,0.9380619525909424,0.9584958553314209
YPL198W,YLR051C,0,-0.5490451,0.08922462910413742,0.9380619525909424,0.958595871925354
YDR119W,YER109C,0,-0.5493053,0.08921615034341812,0.9380619525909424,0.9586958885192871
YGR162W,YIL110W,0,-0.54930675,0.08920767903327942,0.9380619525909424,0.9587959051132202
YPR073C,YGL226W,0,-0.54942226,0.08919920027256012,0.9380619525909424,0.9588958621025085
YPR095C,YML100W,0,-0.55007946,0.08919072896242142,0.9380619525909424,0.9589958786964417
YHR153C,YLL038C,0,-0.5502102,0.08918225765228271,0.9380619525909424,0.9590958952903748
YLR207W,YIL005W,0,-0.55038285,0.08917378634214401,0.9380619525909424,0.9591959118843079
YPR017C,YIL053W,0,-0.5505244,0.08916532248258591,0.9380619525909424,0.959295928478241
YPL036W,YCR045C,0,-0.5506184,0.0891568586230278,0.9380619525909424,0.9593959450721741
YGR103W,YGR140W,0,-0.55063426,0.0891483873128891,0.9380619525909424,0.9594959616661072
YDR002W,YLR011W,0,-0.5506978,0.08913993090391159,0.9380619525909424,0.9595959782600403
YDR276C,YER172C,0,-0.5507518,0.08913146704435349,0.9380619525909424,0.9596959948539734
YKR003W,YER086W,0,-0.55092955,0.08912300318479538,0.9380619525909424,0.9597959518432617
YNL001W,YMR131C,0,-0.5510704,0.08911454677581787,0.9380619525909424,0.9598959684371948
YHR167W,YIL043C,0,-0.55107135,0.08910609036684036,0.9380619525909424,0.9599959850311279
YNL021W,YDR434W,0,-0.55127734,0.08909763395786285,0.9380619525909424,0.960096001625061
YDL193W,YIL117C,0,-0.5513519,0.08908918499946594,0.9380619525909424,0.9601960182189941
YER040W,YDL201W,0,-0.5518548,0.08908073604106903,0.9380619525909424,0.9602960348129272
YDR129C,YKL024C,0,-0.5518824,0.08907227963209152,0.9380619525909424,0.9603960514068604
YHR176W,YHR194W,0,-0.55226064,0.08906383067369461,0.9380619525909424,0.9604960680007935
YKL143W,YFL049W,0,-0.55230117,0.0890553891658783,0.9380619525909424,0.9605960845947266
YBR179C,YDR051C,0,-0.55237734,0.08904694020748138,0.9380619525909424,0.9606960415840149
YNL247W,YOR210W,0,-0.5524603,0.08903849869966507,0.9380619525909424,0.960796058177948
YLR310C,YIL125W,0,-0.55311215,0.08903005719184875,0.9380619525909424,0.9608960747718811
YLR247C,YDL110C,0,-0.553365,0.08902161568403244,0.9380619525909424,0.9609960913658142
YER111C,YAR002W,1,-0.5534044,0.08910797536373138,0.9390609264373779,0.9609960913658142
YDR386W,YHR073W,0,-0.55344534,0.08909952640533447,0.9390609264373779,0.9610961079597473
YAL035W,YOR091W,0,-0.5536573,0.08909108489751816,0.9390609264373779,0.9611961245536804
YIL111W,YAL041W,0,-0.5539584,0.08908263593912125,0.9390609264373779,0.9612961411476135
YKR026C,YKL068W,1,-0.5541637,0.0891689583659172,0.9400599598884583,0.9612961411476135
YGL104C,YBR139W,0,-0.55437696,0.0891605094075203,0.9400599598884583,0.9613961577415466
YBR121C,YDR234W,0,-0.55447334,0.08915206044912338,0.9400599598884583,0.9614961743354797
YHR007C,YLL048C,0,-0.55449766,0.08914361149072647,0.9400599598884583,0.9615961313247681
YML102W,YNL106C,0,-0.5545856,0.08913516998291016,0.9400599598884583,0.9616961479187012
YLR182W,YKR082W,1,-0.5547677,0.08922144025564194,0.9410589337348938,0.9616961479187012
YJR090C,YKR049C,0,-0.55495465,0.08921299129724503,0.9410589337348938,0.9617961645126343
YDL164C,YOL041C,0,-0.5549816,0.08920454233884811,0.9410589337348938,0.9618961811065674
YNR052C,YPL207W,0,-0.5550589,0.0891961008310318,0.9410589337348938,0.9619961977005005
YLR196W,YHR120W,0,-0.5556458,0.08918765187263489,0.9410589337348938,0.9620962142944336
YBR085W,YDL014W,0,-0.5560353,0.08917921036481857,0.9410589337348938,0.9621962308883667
YOR341W,YBR245C,0,-0.5561819,0.08917076885700226,0.9410589337348938,0.9622962474822998
YJR077C,YDR490C,0,-0.5562243,0.08916232734918594,0.9410589337348938,0.9623962640762329
YLR335W,YBR025C,1,-0.55657655,0.08924853056669235,0.9420579671859741,0.9623962640762329
YBR085W,YBR258C,0,-0.5566026,0.08924008905887604,0.9420579671859741,0.9624962210655212
YBR291C,YDR280W,0,-0.5567634,0.08923164010047913,0.9420579671859741,0.9625962376594543
YML007W,YDR258C,1,-0.55767375,0.08931781351566315,0.9430569410324097,0.9625962376594543
YER023W,YGR061C,0,-0.5579552,0.08930936455726624,0.9430569410324097,0.9626962542533875
YBR072W,YDR074W,1,-0.5581965,0.08939551562070847,0.9440559148788452,0.9626962542533875
YMR287C,YEL003W,0,-0.55830705,0.08938705921173096,0.9440559148788452,0.9627962708473206
YOR306C,YOL064C,0,-0.5585769,0.08937860280275345,0.9440559148788452,0.9628962874412537
YOR372C,YKL163W,0,-0.5587687,0.08937015384435654,0.9440559148788452,0.9629963040351868
YLL050C,YNL048W,0,-0.5588388,0.08936170488595963,0.9440559148788452,0.9630963206291199
YPL215W,YJL042W,0,-0.559207,0.08935325592756271,0.9440559148788452,0.963196337223053
YER133W,YML007W,1,-0.5592884,0.08943934738636017,0.9450549483299255,0.963196337223053
YBR189W,YOR347C,0,-0.5596391,0.08943089097738266,0.9450549483299255,0.9632963538169861
YMR224C,YLR259C,0,-0.5597167,0.08942244201898575,0.9450549483299255,0.9633963108062744
YPL055C,YIL112W,0,-0.5598256,0.08941398561000824,0.9450549483299255,0.9634963274002075
YOR017W,YLR360W,0,-0.56026155,0.08940553665161133,0.9450549483299255,0.9635963439941406
YCR091W,YGL227W,0,-0.56081355,0.08939708769321442,0.9450549483299255,0.9636963605880737
YCL027W,YDR540C,0,-0.56100214,0.0893886387348175,0.9450549483299255,0.9637963771820068
YGL012W,YMR205C,0,-0.5610291,0.08938019722700119,0.9450549483299255,0.9638963937759399
YMR190C,YDL082W,0,-0.56106865,0.08937175571918488,0.9450549483299255,0.963996410369873
YNL007C,YFL016C,1,-0.5614491,0.08945777267217636,0.9460539221763611,0.963996410369873
YDR188W,YLR432W,0,-0.5615384,0.08944932371377945,0.9460539221763611,0.9640964269638062
YPR100W,YOR319W,0,-0.56163466,0.08944087475538254,0.9460539221763611,0.9641964435577393
YER177W,YOL013C,0,-0.56229687,0.08943243324756622,0.9460539221763611,0.9642964005470276
YOR172W,YKL113C,0,-0.5624428,0.08942398428916931,0.9460539221763611,0.9643964171409607
YPR017C,YOR308C,0,-0.56261146,0.089415542781353,0.9460539221763611,0.9644964337348938
YER040W,YLR061W,0,-0.56284785,0.08940710127353668,0.9460539221763611,0.9645964503288269
YLR201C,YBL099W,0,-0.5628842,0.08939865976572037,0.9460539221763611,0.96469646692276
YJR155W,YEL059C-A,0,-0.5631125,0.08939021825790405,0.9460539221763611,0.9647964835166931
YML048W,YIR012W,0,-0.56320083,0.08938178420066833,0.9460539221763611,0.9648965001106262
YIL008W,YDR432W,0,-0.56344354,0.08937335014343262,0.9460539221763611,0.9649965167045593
YPL266W,YLR262C,0,-0.56383514,0.0893649160861969,0.9460539221763611,0.9650965332984924
YMR256C,YNL244C,0,-0.56408745,0.08935648202896118,0.9460539221763611,0.9651964902877808
YAL013W,YOL030W,0,-0.56462085,0.08934805542230606,0.9460539221763611,0.9652965068817139
YAL010C,YDR303C,0,-0.5649655,0.08933962136507034,0.9460539221763611,0.965396523475647
YER123W,YGR204W,0,-0.56525385,0.08933119475841522,0.9460539221763611,0.9654965400695801
YCR036W,YKR013W,0,-0.5656421,0.0893227681517601,0.9460539221763611,0.9655965566635132
YJL098W,YNL076W,0,-0.56574327,0.08931434154510498,0.9460539221763611,0.9656965732574463
YOR064C,YGR103W,0,-0.5660478,0.08930592238903046,0.9460539221763611,0.9657965898513794
YHL001W,YIL038C,0,-0.5662177,0.08929750323295593,0.9460539221763611,0.9658966064453125
YLR210W,YEL063C,0,-0.566572,0.08928908407688141,0.9460539221763611,0.9659966230392456
YDR127W,YDL200C,0,-0.56668454,0.08928066492080688,0.9460539221763611,0.9660965800285339
YGR280C,YIL130W,0,-0.56675637,0.08927224576473236,0.9460539221763611,0.966196596622467
YER107C,YML007W,1,-0.56806046,0.08935809135437012,0.9470529556274414,0.966196596622467
YAL013W,YLR019W,1,-0.568357,0.08944392204284668,0.948051929473877,0.966196596622467
YDL092W,YIR012W,0,-0.56880116,0.08943548798561096,0.948051929473877,0.9662966132164001
YFL044C,YDR330W,0,-0.569392,0.08942706137895584,0.948051929473877,0.9663966298103333
YOL033W,YBR043C,0,-0.57001007,0.08941863477230072,0.948051929473877,0.9664966464042664
YIL014W,YLR459W,0,-0.57033956,0.0894102156162262,0.948051929473877,0.9665966629981995
YPR122W,YPL091W,0,-0.5705243,0.08940178900957108,0.948051929473877,0.9666966795921326
YJL151C,YJL170C,0,-0.5713283,0.08939336985349655,0.948051929473877,0.9667966961860657
YIL153W,YNL111C,0,-0.5715054,0.08938495069742203,0.948051929473877,0.9668967127799988
YOL135C,YMR190C,0,-0.5715878,0.0893765315413475,0.948051929473877,0.9669967293739319
YOL007C,YLL018C,0,-0.57172275,0.08936811238527298,0.948051929473877,0.9670966863632202
YJR014W,YKR014C,0,-0.571885,0.08935970067977905,0.948051929473877,0.9671967029571533
YPL138C,YOR245C,0,-0.5719365,0.08935128152370453,0.948051929473877,0.9672967195510864
YGL045W,YDR479C,0,-0.57206225,0.0893428698182106,0.948051929473877,0.9673967361450195
YDR105C,YBR086C,0,-0.57208014,0.08933446556329727,0.948051929473877,0.9674967527389526
YDR160W,YLR196W,0,-0.5723583,0.08932605385780334,0.948051929473877,0.9675967693328857
YFR049W,YGL006W,0,-0.57268965,0.08931764960289001,0.948051929473877,0.9676967859268188
YNL212W,YGL029W,0,-0.57298857,0.08930923789739609,0.948051929473877,0.967796802520752
YDR027C,YDL143W,0,-0.5737132,0.08930084109306335,0.948051929473877,0.9678968191146851
YHR081W,YHR183W,0,-0.5740612,0.08929243683815002,0.948051929473877,0.9679967761039734
YFR027W,YBR251W,0,-0.5749388,0.0892840325832367,0.948051929473877,0.9680967926979065
YNL041C,YBL061C,0,-0.57519305,0.08927563577890396,0.948051929473877,0.9681968092918396
YGR123C,YDL075W,0,-0.57522476,0.08926723897457123,0.948051929473877,0.9682968258857727
YEL042W,YOR259C,0,-0.5754266,0.0892588421702385,0.948051929473877,0.9683968424797058
YKR026C,YJR136C,1,-0.57548493,0.08934449404478073,0.9490509629249573,0.9683968424797058
YML103C,YAL013W,1,-0.5761232,0.08943013101816177,0.9500499367713928,0.9683968424797058
YHL011C,YDR312W,0,-0.57631505,0.08942171931266785,0.9500499367713928,0.9684968590736389
YNL151C,YIL016W,0,-0.5763818,0.08941331505775452,0.9500499367713928,0.968596875667572
YJL127C,YLR318W,0,-0.5769688,0.08940491080284119,0.9500499367713928,0.9686968922615051
YMR263W,YML007W,1,-0.5770395,0.08949050307273865,0.9510489702224731,0.9686968922615051
YLL013C,YKL184W,0,-0.5773282,0.08948209136724472,0.9510489702224731,0.9687969088554382
YOR260W,YPL179W,0,-0.57759136,0.08947368711233139,0.9510489702224731,0.9688968658447266
YER001W,YGL129C,0,-0.5778535,0.08946527540683746,0.9510489702224731,0.9689968824386597
YAR071W,YHR150W,0,-0.57820165,0.08945687115192413,0.9510489702224731,0.9690968990325928
YFL016C,YFL014W,1,-0.57820624,0.08954241871833801,0.9520479440689087,0.9690968990325928
YMR083W,YDR234W,0,-0.5791632,0.08953400701284409,0.9520479440689087,0.9691969156265259
YJR102C,YGR037C,0,-0.57959014,0.08952559530735016,0.9520479440689087,0.969296932220459
YBR234C,YER023W,0,-0.5799859,0.08951719105243683,0.9520479440689087,0.9693969488143921
YER019W,YPL020C,0,-0.580369,0.0895087793469429,0.9520479440689087,0.9694969654083252
YGR234W,YDR197W,0,-0.5803767,0.08950037509202957,0.9520479440689087,0.9695969820022583
YDL235C,YEL021W,0,-0.5806116,0.08949197083711624,0.9520479440689087,0.9696969985961914
YOR374W,YKL196C,0,-0.5806736,0.08948356658220291,0.9520479440689087,0.9697969555854797
YFR004W,YGL121C,0,-0.5813875,0.08947516977787018,0.9520479440689087,0.9698969721794128
YOR007C,YOR043W,1,-0.581488,0.08956064283847809,0.953046977519989,0.9698969721794128
YPR023C,YGL226W,0,-0.58165884,0.08955223858356476,0.953046977519989,0.969996988773346
YDR219C,YBR302C,0,-0.58169097,0.08954383432865143,0.953046977519989,0.970097005367279
YBR227C,YOL041C,0,-0.5821609,0.0895354300737381,0.953046977519989,0.9701970219612122
YDR308C,YLR435W,0,-0.58222616,0.08952702581882477,0.953046977519989,0.9702970385551453
YIL005W,YHR006W,0,-0.5825667,0.08951862901449203,0.953046977519989,0.9703970551490784
YML074C,YDL201W,0,-0.58273137,0.0895102247595787,0.953046977519989,0.9704970717430115
YPL057C,YHR098C,0,-0.5827877,0.08950182795524597,0.953046977519989,0.9705970883369446
YPL004C,YDR397C,1,-0.5828516,0.0895872414112091,0.9540459513664246,0.9705970883369446
YKL188C,YJL094C,0,-0.58319384,0.08957883715629578,0.9540459513664246,0.9706970453262329
YPL010W,YJR073C,0,-0.58353066,0.08957044035196304,0.9540459513664246,0.970797061920166
YCL064C,YOR249C,0,-0.5836465,0.08956203609704971,0.9540459513664246,0.9708970785140991
YER122C,YMR177W,0,-0.5836483,0.08955363929271698,0.9540459513664246,0.9709970951080322
YMR037C,YPL240C,1,-0.5836891,0.08963900804519653,0.9550449848175049,0.9709970951080322
YDR077W,YHR115C,0,-0.5839889,0.0896306037902832,0.9550449848175049,0.9710971117019653
YER039C,YKR013W,0,-0.5845336,0.08962219953536987,0.9550449848175049,0.9711971282958984
YNL097C,YPL240C,1,-0.5846474,0.08970753848552704,0.9560439586639404,0.9711971282958984
YFL014W,YPL240C,1,-0.5849966,0.08979285508394241,0.957042932510376,0.9711971282958984
YDR529C,YGR279C,0,-0.5851852,0.08978444337844849,0.957042932510376,0.9712971448898315
YFL033C,YDR074W,1,-0.58572453,0.08986973762512207,0.9580419659614563,0.9712971448898315
YJL141C,YPL004C,1,-0.586066,0.08995502442121506,0.9590409398078918,0.9712971448898315
YOR007C,YJL140W,1,-0.5865327,0.09004028886556625,0.9600399732589722,0.9712971448898315
YGR087C,YMR121C,0,-0.5867922,0.09003185480833054,0.9600399732589722,0.9713971614837646
YOL052C-A,YLL026W,1,-0.58683145,0.09011709690093994,0.9610389471054077,0.9713971614837646
YKR100C,YNL188W,0,-0.5876919,0.09010865539312363,0.9610389471054077,0.9714971780776978
YPL207W,YGR076C,0,-0.5880875,0.09010021388530731,0.9610389471054077,0.9715971350669861
YMR263W,YBL031W,0,-0.58935463,0.0900917798280716,0.9610389471054077,0.9716971516609192
YPR100W,YJR068W,0,-0.5896901,0.09008333832025528,0.9610389471054077,0.9717971682548523
YNL250W,YMR175W,0,-0.5897304,0.09007490426301956,0.9610389471054077,0.9718971848487854
YOR117W,YDR155C,0,-0.58979696,0.09006647020578384,0.9610389471054077,0.9719972014427185
YLR216C,YHR076W,0,-0.59010243,0.09005804359912872,0.9610389471054077,0.9720972180366516
YDR478W,YNL186W,0,-0.5902877,0.090049609541893,0.9610389471054077,0.9721972346305847
YIL008W,YFR005C,0,-0.5903598,0.09004118293523788,0.9610389471054077,0.9722972512245178
YJL069C,YDR045C,0,-0.59112096,0.09003275632858276,0.9610389471054077,0.9723972678184509
YBL046W,YNL206C,0,-0.5915616,0.09002432972192764,0.9610389471054077,0.9724972248077393
YPR124W,YLR226W,0,-0.591723,0.09001591056585312,0.9610389471054077,0.9725972414016724
YIL084C,YBR025C,1,-0.59215117,0.09010104835033417,0.962037980556488,0.9725972414016724
YOL052C-A,YOR008C,1,-0.59220713,0.09018617123365402,0.9630369544029236,0.9725972414016724
YPR102C,YDR412W,0,-0.59244543,0.0901777371764183,0.9630369544029236,0.9726972579956055
YNL064C,YKL068W,1,-0.5928314,0.09026283770799637,0.9640359878540039,0.9726972579956055
YJR099W,YMR105C,0,-0.59387326,0.09025439620018005,0.9640359878540039,0.9727972745895386
YLR335W,YAL013W,1,-0.5943309,0.09033947438001633,0.9650349617004395,0.9727972745895386
YMR263W,YDR192C,1,-0.5945818,0.0904245376586914,0.9660339951515198,0.9727972745895386
YIL101C,YEL011W,0,-0.5949463,0.0904160812497139,0.9660339951515198,0.9728972911834717
YML047C,YIL122W,0,-0.59532094,0.09040763229131699,0.9660339951515198,0.9729973077774048
YDR074W,YOR178C,1,-0.595739,0.09049265831708908,0.9670329689979553,0.9729973077774048
YPL181W,YML025C,0,-0.5971602,0.09048420190811157,0.9670329689979553,0.9730973243713379
YJL054W,YDR329C,0,-0.5977634,0.09047574549913406,0.9670329689979553,0.973197340965271
YMR183C,YJL104W,0,-0.5982472,0.09046728909015656,0.9670329689979553,0.9732973575592041
YHR142W,YER099C,0,-0.59839404,0.09045883268117905,0.9670329689979553,0.9733973145484924
YLR115W,YHR073W,0,-0.598463,0.09045038372278214,0.9670329689979553,0.9734973311424255
YPR169W,YGR013W,0,-0.5987882,0.09044193476438522,0.9670329689979553,0.9735973477363586
YDR077W,YJL174W,0,-0.5989075,0.09043348580598831,0.9670329689979553,0.9736973643302917
YPL051W,YPL137C,0,-0.5995271,0.0904250368475914,0.9670329689979553,0.9737973809242249
YPR100W,YDR198C,0,-0.5996684,0.09041658788919449,0.9670329689979553,0.973897397518158
YPL209C,YDR273W,0,-0.59989524,0.09040814638137817,0.9670329689979553,0.9739974141120911
YDR299W,YER111C,0,-0.5999489,0.09039970487356186,0.9670329689979553,0.9740974307060242
YLL010C,YOR007C,1,-0.6001389,0.09048464149236679,0.9680319428443909,0.9740974307060242
YGL213C,YLR017W,0,-0.6022904,0.09047619253396988,0.9680319428443909,0.9741974472999573
YBR229C,YJL121C,0,-0.6024593,0.09046774357557297,0.9680319428443909,0.9742974042892456
YIL115C,YGR158C,0,-0.6026534,0.09045929461717606,0.9680319428443909,0.9743974208831787
YNL064C,YGL181W,0,-0.60287786,0.09045085310935974,0.9680319428443909,0.9744974374771118
YPL160W,YDL175C,0,-0.60325146,0.09044241160154343,0.9680319428443909,0.9745974540710449
YLR403W,YBR203W,0,-0.6037673,0.09043397009372711,0.9680319428443909,0.974697470664978
YNL007C,YGL073W,1,-0.6039168,0.09051884710788727,0.9690309762954712,0.974697470664978
YIL069C,YGR159C,0,-0.6040703,0.09051040560007095,0.9690309762954712,0.9747974872589111
YGL137W,YDR468C,0,-0.60472643,0.09050195664167404,0.9690309762954712,0.9748975038528442
YNL064C,YNL123W,1,-0.60473645,0.09058681130409241,0.9700299501419067,0.9748975038528442
YJL073W,YMR022W,0,-0.6047818,0.0905783548951149,0.9700299501419067,0.9749975204467773
YPL118W,YGL151W,0,-0.60522634,0.09056990593671799,0.9700299501419067,0.9750975370407104
YIR023W,YER063W,0,-0.6057749,0.09056146442890167,0.9700299501419067,0.9751974940299988
YKL138C,YNL310C,0,-0.6064827,0.09055301547050476,0.9700299501419067,0.9752975106239319
YDR256C,YLR178C,0,-0.6071835,0.09054457396268845,0.9700299501419067,0.975397527217865
YLR262C,YGL016W,0,-0.60775083,0.09053613245487213,0.9700299501419067,0.9754975438117981
YJR007W,YDL178W,0,-0.60782206,0.09052769094705582,0.9700299501419067,0.9755975604057312
YPR048W,YBR135W,0,-0.6080832,0.0905192494392395,0.9700299501419067,0.9756975769996643
YDL046W,YDR135C,0,-0.6090484,0.09051081538200378,0.9700299501419067,0.9757975935935974
YDR283C,YNL242W,0,-0.60906726,0.09050237387418747,0.9700299501419067,0.9758976101875305
YDL226C,YGR083C,0,-0.6093371,0.09049393981695175,0.9700299501419067,0.9759976267814636
YGL047W,YOL011W,0,-0.6099635,0.09048550575971603,0.9700299501419067,0.976097583770752
YER035W,YCR083W,0,-0.61057514,0.09047707915306091,0.9700299501419067,0.9761976003646851
YOR113W,YJR017C,0,-0.6107169,0.0904686450958252,0.9700299501419067,0.9762976169586182
YMR079W,YAL003W,0,-0.6111605,0.09046021848917007,0.9700299501419067,0.9763976335525513
YPL013C,YOR334W,0,-0.6114158,0.09045179188251495,0.9700299501419067,0.9764976501464844
YHR101C,YOR037W,0,-0.6119161,0.09044336527585983,0.9700299501419067,0.9765976667404175
YDL046W,YJR066W,0,-0.6124798,0.09043494611978531,0.9700299501419067,0.9766976833343506
YLR328W,YKL008C,0,-0.6125651,0.09042651951313019,0.9700299501419067,0.9767976999282837
YNL007C,YNL097C,1,-0.61316645,0.09051121771335602,0.9710289835929871,0.9767976999282837
YHR106W,YOL110W,0,-0.6136434,0.0905027911067009,0.9710289835929871,0.9768977165222168
YBL023C,YBR119W,0,-0.6137353,0.09049436450004578,0.9710289835929871,0.9769976735115051
YGL097W,YPR132W,0,-0.61448586,0.09048594534397125,0.9710289835929871,0.9770976901054382
YDL100C,YFL014W,1,-0.61449057,0.0905706062912941,0.9720279574394226,0.9770976901054382
YDL100C,YPL004C,1,-0.61456925,0.09065525233745575,0.9730269908905029,0.9770976901054382
YBL024W,YNL152W,0,-0.61480343,0.09064681082963943,0.9730269908905029,0.9771977066993713
YER029C,YER118C,0,-0.6151747,0.09063837677240372,0.9730269908905029,0.9772977232933044
YNL233W,YGR195W,0,-0.6160866,0.090629942715168,0.9730269908905029,0.9773977398872375
YPL237W,YPL239W,0,-0.6161001,0.09062150865793228,0.9730269908905029,0.9774977564811707
YMR243C,YGR215W,0,-0.6167736,0.09061308205127716,0.9730269908905029,0.9775977730751038
YDR456W,YDR377W,0,-0.61714345,0.09060464799404144,0.9730269908905029,0.9776977896690369
YPL004C,YOL052C-A,1,-0.61726505,0.09068924188613892,0.9740259647369385,0.9776977896690369
YCR053W,YBL018C,0,-0.6176218,0.0906808003783226,0.9740259647369385,0.97779780626297
YOR357C,YML008C,0,-0.61775386,0.09067237377166748,0.9740259647369385,0.9778977632522583
YDR171W,YKL173W,0,-0.6178585,0.09066393971443176,0.9740259647369385,0.9779977798461914
YGR096W,YLR382C,0,-0.61835545,0.09065550565719604,0.9740259647369385,0.9780977964401245
YOR043W,YBR179C,0,-0.61842835,0.09064707905054092,0.9740259647369385,0.9781978130340576
YOR043W,YMR186W,1,-0.61886656,0.09073161333799362,0.9750249981880188,0.9781978130340576
YMR070W,YHR183W,0,-0.619092,0.0907231792807579,0.9750249981880188,0.9782978296279907
YGL142C,YLR109W,0,-0.61975443,0.09071475267410278,0.9750249981880188,0.9783978462219238
YDR236C,YER014W,0,-0.62063456,0.09070631861686707,0.9750249981880188,0.9784978628158569
YLR155C,YJR001W,0,-0.6209045,0.09069789201021194,0.9750249981880188,0.97859787940979
YAL035W,YGL155W,0,-0.62102014,0.09068946540355682,0.9750249981880188,0.9786978960037231
YDR119W,YML001W,0,-0.6212307,0.0906810387969017,0.9750249981880188,0.9787978529930115
YNL128W,YNL014W,0,-0.62181735,0.09067261219024658,0.9750249981880188,0.9788978695869446
YDL102W,YLR175W,0,-0.6219933,0.09066419303417206,0.9750249981880188,0.9789978861808777
YPL004C,YDR074W,1,-0.62275475,0.09074865281581879,0.9760239720344543,0.9789978861808777
YBR126C,YNL097C,1,-0.6228701,0.09083309769630432,0.9770230054855347,0.9789978861808777
YDR096W,YMR312W,0,-0.6234567,0.0908246636390686,0.9770230054855347,0.9790979027748108
YDL239C,YBR049C,0,-0.6236415,0.09081622958183289,0.9770230054855347,0.9791979193687439
YMR288W,YGL222C,0,-0.6236855,0.09080780297517776,0.9770230054855347,0.979297935962677
YER028C,YNR069C,0,-0.6237117,0.09079936891794205,0.9770230054855347,0.9793979525566101
YKL198C,YBR001C,0,-0.62398887,0.09079094231128693,0.9770230054855347,0.9794979691505432
YDL212W,YGR091W,0,-0.62452924,0.09078250825405121,0.9770230054855347,0.9795979857444763
YDR116C,YML027W,0,-0.6251322,0.09077408909797668,0.9770230054855347,0.9796979427337646
YOR043W,YKL068W,1,-0.6255419,0.09085846692323685,0.9780219793319702,0.9796979427337646
YGR086C,YPL240C,1,-0.62661994,0.09094283729791641,0.9790209531784058,0.9796979427337646
YDL178W,YMR306W,0,-0.6273241,0.0909343957901001,0.9790209531784058,0.9797979593276978
YGL123W,YER007C-A,0,-0.6283619,0.09092596173286438,0.9790209531784058,0.9798979759216309
YER146W,YPL126W,0,-0.62854934,0.09091752767562866,0.9790209531784058,0.979997992515564
YJL036W,YLR097C,0,-0.62872386,0.09090909361839294,0.9790209531784058,0.9800980091094971
YPL221W,YGR014W,0,-0.62935376,0.09090065956115723,0.9790209531784058,0.9801980257034302
YGR005C,YNR008W,0,-0.629386,0.09089222550392151,0.9790209531784058,0.9802980422973633
YPR183W,YJR143C,0,-0.6294912,0.09088379889726639,0.9790209531784058,0.9803980588912964
YOR341W,YPL116W,0,-0.6295743,0.09087537229061127,0.9790209531784058,0.9804980754852295
YML093W,YOL115W,0,-0.6296252,0.09086694568395615,0.9790209531784058,0.9805980324745178
YOL121C,YOR167C,0,-0.62968093,0.09085851907730103,0.9790209531784058,0.9806980490684509
YOR381W,YDL222C,0,-0.630007,0.0908500999212265,0.9790209531784058,0.980798065662384
YDR165W,YMR312W,0,-0.6301547,0.09084167331457138,0.9790209531784058,0.9808980822563171
YML069W,YDR200C,0,-0.6302639,0.09083325415849686,0.9790209531784058,0.9809980988502502
YAL026C,YML019W,0,-0.6308508,0.09082483500242233,0.9790209531784058,0.9810981154441833
YGR086C,YDR171W,1,-0.63086414,0.09090909361839294,0.9800199866294861,0.9810981154441833
YCL017C,YHR157W,0,-0.6312046,0.09090066701173782,0.9800199866294861,0.9811981320381165
YPR057W,YJL159W,0,-0.6312844,0.0908922478556633,0.9800199866294861,0.9812981486320496
YGL205W,YGL115W,0,-0.63130045,0.09088382124900818,0.9800199866294861,0.9813981652259827
YKL160W,YHR134W,0,-0.6313373,0.09087540209293365,0.9800199866294861,0.981498122215271
YBR200W,YHR157W,0,-0.6313683,0.09086699038743973,0.9800199866294861,0.9815981388092041
YDL104C,YJR139C,0,-0.6318729,0.0908585712313652,0.9800199866294861,0.9816981554031372
YPR033C,YNL252C,0,-0.6320323,0.09085015952587128,0.9800199866294861,0.9817981719970703
YDR382W,YLR448W,0,-0.632258,0.09084174782037735,0.9800199866294861,0.9818981885910034
YDL031W,YNL112W,0,-0.6330688,0.09083333611488342,0.9800199866294861,0.9819982051849365
YMR092C,YGR026W,0,-0.6331725,0.0908249244093895,0.9800199866294861,0.9820982217788696
YPL206C,YBL064C,0,-0.63347435,0.09081651270389557,0.9800199866294861,0.9821982383728027
YOR260W,YLR372W,0,-0.63368666,0.09080810844898224,0.9800199866294861,0.9822982549667358
YAR018C,YCR072C,0,-0.63458693,0.09079970419406891,0.9800199866294861,0.9823982119560242
YHR200W,YFR031C-A,0,-0.6350528,0.09079129993915558,0.9800199866294861,0.9824982285499573
YOR011W,YER028C,0,-0.6357694,0.09078289568424225,0.9800199866294861,0.9825982451438904
YJR052W,YNL063W,0,-0.63588005,0.09077449887990952,0.9800199866294861,0.9826982617378235
YGR202C,YCL011C,0,-0.6359644,0.09076610207557678,0.9800199866294861,0.9827982783317566
YOR271C,YNL069C,0,-0.63600224,0.09075770527124405,0.9800199866294861,0.9828982949256897
YDR214W,YBR089C-A,0,-0.6360543,0.09074930846691132,0.9800199866294861,0.9829983115196228
YMR189W,YIL050W,0,-0.63607186,0.09074091166257858,0.9800199866294861,0.9830983281135559
YPR020W,YGR189C,0,-0.63613856,0.09073252230882645,0.9800199866294861,0.983198344707489
YOR060C,YPL101W,0,-0.6373796,0.09072412550449371,0.9800199866294861,0.9832983016967773
YOR117W,YHR034C,0,-0.6382025,0.09071573615074158,0.9800199866294861,0.9833983182907104
YLR337C,YDR200C,0,-0.638356,0.09070735424757004,0.9800199866294861,0.9834983348846436
YBR149W,YNL218W,0,-0.6383942,0.0906989648938179,0.9800199866294861,0.9835983514785767
YBR008C,YHR143W-A,0,-0.63845515,0.09069058299064636,0.9800199866294861,0.9836983680725098
YOR130C,YML125C,0,-0.63945925,0.09068219363689423,0.9800199866294861,0.9837983846664429
YOR347C,YGR200C,0,-0.6416236,0.09067381173372269,0.9800199866294861,0.983898401260376
YER053C,YDL239C,0,-0.64249486,0.09066543728113174,0.9800199866294861,0.9839984178543091
YJL054W,YMR014W,0,-0.64279795,0.0906570553779602,0.9800199866294861,0.9840984344482422
YDL127W,YCL055W,0,-0.6428655,0.09064868092536926,0.9800199866294861,0.9841983914375305
YDL100C,YOR007C,1,-0.6440337,0.09073270112276077,0.9810189604759216,0.9841983914375305
YOL068C,YCL011C,0,-0.644902,0.09072431921958923,0.9810189604759216,0.9842984080314636
YKL101W,YJL154C,0,-0.6451812,0.0907159373164177,0.9810189604759216,0.9843984246253967
YGL038C,YGL229C,0,-0.645579,0.09070755541324615,0.9810189604759216,0.9844984412193298
YAR018C,YGR195W,0,-0.6459745,0.09069918096065521,0.9810189604759216,0.9845984578132629
YNL009W,YKL101W,0,-0.6460455,0.09069079905748367,0.9810189604759216,0.984698474407196
YDR363W,YBR069C,0,-0.64633894,0.09068242460489273,0.9810189604759216,0.9847984910011292
YLR376C,YHR013C,0,-0.64690197,0.09067405015230179,0.9810189604759216,0.9848985075950623
YBR083W,YFR003C,0,-0.6477537,0.09066568315029144,0.9810189604759216,0.9849985241889954
YPL255W,YDR489W,0,-0.64826083,0.0906573086977005,0.9810189604759216,0.9850984811782837
YJL151C,YBR245C,0,-0.64937925,0.09064894169569016,0.9810189604759216,0.9851984977722168
YFL033C,YER107C,1,-0.64941627,0.0907328799366951,0.982017993927002,0.9851984977722168
YBL009W,YDR201W,0,-0.6494652,0.09072450548410416,0.982017993927002,0.9852985143661499
YHR020W,YMR142C,0,-0.6495258,0.09071613103151321,0.982017993927002,0.985398530960083
YCR068W,YER018C,0,-0.64975667,0.09070776402950287,0.982017993927002,0.9854985475540161
YIL118W,YPR016C,0,-0.6504592,0.09069938957691193,0.982017993927002,0.9855985641479492
YGR124W,YGR231C,0,-0.65138936,0.09069102257490158,0.982017993927002,0.9856985807418823
YMR235C,YMR236W,0,-0.6516703,0.09068265557289124,0.982017993927002,0.9857985973358154
YER005W,YIL173W,0,-0.65175474,0.09067428857088089,0.982017993927002,0.9858986139297485
YDR362C,YDL200C,0,-0.6518159,0.09066592901945114,0.982017993927002,0.9859985709190369
YNL265C,YGR157W,0,-0.65243804,0.09065756946802139,0.982017993927002,0.98609858751297
YBR191W,YDL195W,0,-0.6528801,0.09064920991659164,0.982017993927002,0.9861986041069031
YIL016W,YBR029C,0,-0.6530061,0.0906408503651619,0.982017993927002,0.9862986207008362
YER056C,YLR079W,0,-0.65310156,0.09063249081373215,0.982017993927002,0.9863986372947693
YCR024C,YIL124W,0,-0.65395534,0.090624138712883,0.982017993927002,0.9864986538887024
YEL058W,YNL152W,0,-0.6550642,0.09061577916145325,0.982017993927002,0.9865986704826355
YPR057W,YLR431C,0,-0.6551336,0.0906074270606041,0.982017993927002,0.9866986870765686
YER118C,YGL092W,0,-0.6559017,0.09059907495975494,0.982017993927002,0.9867987036705017
YNL288W,YGL198W,0,-0.6560179,0.09059073030948639,0.982017993927002,0.98689866065979
YBR258C,YMR271C,0,-0.65649354,0.09058237820863724,0.982017993927002,0.9869986772537231
YDL166C,YNL056W,0,-0.65672064,0.09057403355836868,0.982017993927002,0.9870986938476562
YLR324W,YDR113C,0,-0.657053,0.09056568890810013,0.982017993927002,0.9871987104415894
YEL013W,YPR047W,0,-0.65755546,0.09055734425783157,0.982017993927002,0.9872987270355225
YKL017C,YDR322W,0,-0.6580503,0.09054900705814362,0.982017993927002,0.9873987436294556
YMR186W,YPL240C,1,-0.6587852,0.09063277393579483,0.9830169677734375,0.9873987436294556
YKL032C,YLR059C,0,-0.6588698,0.09062442183494568,0.9830169677734375,0.9874987602233887
YLR220W,YFR014C,0,-0.6593434,0.09061607718467712,0.9830169677734375,0.9875987768173218
YKL017C,YOR174W,0,-0.6607208,0.09060773253440857,0.9830169677734375,0.9876987934112549
YBR072W,YFL014W,1,-0.66090846,0.0906914621591568,0.9840160012245178,0.9876987934112549
YGL205W,YGL134W,0,-0.66284525,0.09068311750888824,0.9840160012245178,0.9877987504005432
YGR227W,YGR215W,0,-0.66285765,0.09067476540803909,0.9840160012245178,0.9878987669944763
YOR234C,YHR183W,0,-0.66375315,0.09066642075777054,0.9840160012245178,0.9879987835884094
YLL010C,YNL064C,1,-0.66429424,0.09075011312961578,0.9850149750709534,0.9879987835884094
YNL136W,YOR081C,0,-0.6648752,0.09074176102876663,0.9850149750709534,0.9880988001823425
YKL120W,YOL076W,0,-0.6650105,0.09073341637849808,0.9850149750709534,0.9881988167762756
YDR326C,YDL122W,0,-0.66552395,0.09072506427764893,0.9850149750709534,0.9882988333702087
YDL214C,YNL009W,0,-0.6671808,0.09071671962738037,0.9850149750709534,0.9883988499641418
YDL116W,YKR082W,1,-0.66934884,0.09080036729574203,0.9860140085220337,0.9883988499641418
YOR043W,YNL283C,1,-0.669577,0.0908840000629425,0.9870129823684692,0.9883988499641418
YOR014W,YNL048W,0,-0.6698724,0.09087564051151276,0.9870129823684692,0.988498866558075
YDR303C,YDR440W,0,-0.6720259,0.0908672884106636,0.9870129823684692,0.9885988831520081
YGR261C,YKR098C,0,-0.6725974,0.09085892885923386,0.9870129823684692,0.9886988401412964
YNL064C,YJL140W,1,-0.6727904,0.09094253182411194,0.9880120158195496,0.9886988401412964
YOL139C,YNL244C,0,-0.6729416,0.09093416482210159,0.9880120158195496,0.9887988567352295
YER157W,YJL115W,0,-0.6733134,0.09092580527067184,0.9880120158195496,0.9888988733291626
YJL109C,YGR128C,0,-0.6737336,0.0909174457192421,0.9880120158195496,0.9889988899230957
YNR024W,YOR269W,0,-0.6738627,0.09090909361839294,0.9880120158195496,0.9890989065170288
YOR195W,YPL103C,0,-0.6748349,0.0909007340669632,0.9880120158195496,0.9891989231109619
YJR090C,YKR052C,0,-0.6757896,0.09089238196611404,0.9880120158195496,0.989298939704895
YJL072C,YKR085C,0,-0.67591304,0.09088402986526489,0.9880120158195496,0.9893989562988281
YJL145W,YLR074C,0,-0.67655885,0.09087567776441574,0.9880120158195496,0.9894989728927612
YGL012W,YDR276C,0,-0.6785198,0.09086732566356659,0.9880120158195496,0.9895989894866943
YNL308C,YBR121C,0,-0.68025506,0.09085898101329803,0.9880120158195496,0.9896989464759827
YAL030W,YBR200W,0,-0.68100584,0.09085063636302948,0.9880120158195496,0.9897989630699158
YCR044C,YPL091W,0,-0.68106383,0.09084229171276093,0.9880120158195496,0.9898989796638489
YNL015W,YDR200C,0,-0.6812653,0.09083394706249237,0.9880120158195496,0.989998996257782
YDR315C,YDR318W,0,-0.6817286,0.09082560241222382,0.9880120158195496,0.9900990128517151
YOR312C,YBR248C,0,-0.68252945,0.09081726521253586,0.9880120158195496,0.9901990294456482
YMR053C,YBR023C,0,-0.68277025,0.0908089280128479,0.9880120158195496,0.9902990460395813
YDR291W,YLL057C,0,-0.684763,0.09080059081315994,0.9880120158195496,0.9903990626335144
YNL093W,YBL075C,0,-0.68584335,0.09079225361347198,0.9880120158195496,0.9904990792274475
YER026C,YDL046W,0,-0.6876408,0.09078391641378403,0.9880120158195496,0.9905990362167358
YDL100C,YJL140W,1,-0.6888739,0.09086737036705017,0.9890109896659851,0.9905990362167358
YDR046C,YPL106C,0,-0.6896199,0.09085903316736221,0.9890109896659851,0.990699052810669
YNR051C,YAL055W,0,-0.6901333,0.09085069596767426,0.9890109896659851,0.990799069404602
YJL157C,YER102W,0,-0.6913509,0.0908423587679863,0.9890109896659851,0.9908990859985352
YDR129C,YNL072W,0,-0.6948544,0.09083402156829834,0.9890109896659851,0.9909991025924683
YIL109C,YGR163W,0,-0.695401,0.09082568436861038,0.9890109896659851,0.9910991191864014
YPL154C,YDL137W,0,-0.69675195,0.09081735461950302,0.9890109896659851,0.9911991357803345
YNL188W,YEL051W,0,-0.69677293,0.09080902487039566,0.9890109896659851,0.9912991523742676
YMR047C,YNR051C,0,-0.69738245,0.0908006951212883,0.9890109896659851,0.9913991689682007
YPL004C,YOL032W,0,-0.69768,0.09079237282276154,0.9890109896659851,0.991499125957489
YIL138C,YBR244W,0,-0.6977594,0.09078404307365417,0.9890109896659851,0.9915991425514221
YDR397C,YJL140W,1,-0.6987236,0.09086741507053375,0.9900099635124207,0.9915991425514221
YNL130C,YCR079W,0,-0.7027019,0.0908590778708458,0.9900099635124207,0.9916991591453552
YML004C,YDR251W,0,-0.7032524,0.09085074812173843,0.9900099635124207,0.9917991757392883
YNL124W,YAL025C,0,-0.7059844,0.09084242582321167,0.9900099635124207,0.9918991923332214
YPR005C,YOL060C,0,-0.7065443,0.09083409607410431,0.9900099635124207,0.9919992089271545
YPL057C,YLR069C,0,-0.70757604,0.09082577377557755,0.9900099635124207,0.9920992255210876
YGL125W,YPR132W,0,-0.70785075,0.09081745147705078,0.9900099635124207,0.9921992421150208
YGL142C,YPL154C,0,-0.7096634,0.09080912917852402,0.9900099635124207,0.9922992587089539
YLR212C,YEL016C,0,-0.7101316,0.09080080687999725,0.9900099635124207,0.9923992156982422
YKL033W,YDL065C,0,-0.7104941,0.09079248458147049,0.9900099635124207,0.9924992322921753
YGR286C,YNR054C,0,-0.7106774,0.09078416973352432,0.9900099635124207,0.9925992488861084
YKL056C,YGR078C,0,-0.7109394,0.09077585488557816,0.9900099635124207,0.9926992654800415
YCR053W,YJL189W,0,-0.7123728,0.09076754003763199,0.9900099635124207,0.9927992820739746
YMR131C,YGR109C,0,-0.71239823,0.09075922518968582,0.9900099635124207,0.9928992986679077
YNL308C,YNL209W,0,-0.7131107,0.09075091779232025,0.9900099635124207,0.9929993152618408
YDR100W,YDL212W,0,-0.714996,0.09074260294437408,0.9900099635124207,0.9930993318557739
YOR007C,YGL073W,1,-0.7204077,0.09082585573196411,0.991008996963501,0.9930993318557739
YLR439W,YLL031C,0,-0.7204858,0.09081754088401794,0.991008996963501,0.993199348449707
YLR003C,YBR142W,0,-0.7211694,0.09080922603607178,0.991008996963501,0.9932993054389954
YNR052C,YGL049C,0,-0.72135097,0.09080091863870621,0.991008996963501,0.9933993220329285
YKL087C,YLR259C,0,-0.72203076,0.09079260379076004,0.991008996963501,0.9934993386268616
YNL087W,YPL210C,0,-0.7224294,0.09078429639339447,0.991008996963501,0.9935993552207947
YOR188W,YDL042C,0,-0.7264385,0.0907759889960289,0.991008996963501,0.9936993718147278
YHR028C,YHR073W,0,-0.7280103,0.09076768159866333,0.991008996963501,0.9937993884086609
YKL059C,YNL212W,0,-0.7282901,0.09075937420129776,0.991008996963501,0.993899405002594
YLR293C,YGR158C,0,-0.7320577,0.09075107425451279,0.991008996963501,0.9939994215965271
YLR364W,YDR037W,0,-0.7326672,0.09074277430772781,0.991008996963501,0.9940994381904602
YOR091W,YCR072C,0,-0.7334727,0.09073447436094284,0.991008996963501,0.9941993951797485
YLR382C,YGL107C,0,-0.7335492,0.09072617441415787,0.991008996963501,0.9942994117736816
YJL025W,YKR060W,0,-0.7335653,0.09071788191795349,0.991008996963501,0.9943994283676147
YIL068C,YJL074C,0,-0.7342603,0.09070958197116852,0.991008996963501,0.9944994449615479
YOR236W,YIL130W,0,-0.73474884,0.09070128947496414,0.991008996963501,0.994599461555481
YJL036W,YMR029C,0,-0.73485076,0.09069299697875977,0.991008996963501,0.9946994781494141
YPL160W,YCR031C,0,-0.73828304,0.09068470448255539,0.991008996963501,0.9947994947433472
YPL241C,YBL014C,0,-0.73917776,0.09067641943693161,0.991008996963501,0.9948995113372803
YDR490C,YHR001W,0,-0.7430738,0.09066812694072723,0.991008996963501,0.9949995279312134
YPR186C,YDR110W,0,-0.74473816,0.09065984189510345,0.991008996963501,0.9950994849205017
YMR142C,YGL033W,0,-0.74525917,0.09065155684947968,0.991008996963501,0.9951995015144348
YGR148C,YNR054C,0,-0.7455807,0.0906432718038559,0.991008996963501,0.9952995181083679
YJL069C,YKR081C,0,-0.7455885,0.09063499420881271,0.991008996963501,0.995399534702301
YJR007W,YPL037C,0,-0.7459269,0.09062671661376953,0.991008996963501,0.9954995512962341
YDL112W,YDR395W,0,-0.7499347,0.09061843156814575,0.991008996963501,0.9955995678901672
YMR192W,YHR181W,0,-0.7526794,0.09061015397310257,0.991008996963501,0.9956995844841003
YBR154C,YER007C-A,0,-0.7531319,0.09060188382863998,0.991008996963501,0.9957996010780334
YDL143W,YOR151C,0,-0.7553574,0.0905936062335968,0.991008996963501,0.9958996176719666
YPR140W,YJR126C,0,-0.75745696,0.09058533608913422,0.991008996963501,0.9959995746612549
YIL019W,YNL152W,0,-0.7581942,0.09057706594467163,0.991008996963501,0.996099591255188
YGL078C,YKL099C,0,-0.7616708,0.09056879580020905,0.991008996963501,0.9961996078491211
YNL096C,YPL211W,0,-0.762722,0.09056052565574646,0.991008996963501,0.9962996244430542
YKL194C,YKL092C,0,-0.76530087,0.09055226296186447,0.991008996963501,0.9963996410369873
YNL064C,YML007W,1,-0.7664575,0.0906352698802948,0.9920079708099365,0.9963996410369873
YKR025W,YDL201W,0,-0.7669972,0.09062699973583221,0.9920079708099365,0.9964996576309204
YER111C,YLR182W,1,-0.7682099,0.09070998430252075,0.9930070042610168,0.9964996576309204
YPL174C,YJL145W,0,-0.77097756,0.09070170670747757,0.9930070042610168,0.9965996742248535
YGR120C,YPR009W,0,-0.77535677,0.09069342911243439,0.9930070042610168,0.9966996908187866
YNR046W,YMR243C,0,-0.7758565,0.0906851589679718,0.9930070042610168,0.9967997074127197
YBR084C-A,YBR034C,0,-0.77734494,0.09067688137292862,0.9930070042610168,0.9968996644020081
YIL084C,YDL116W,1,-0.779901,0.09075982868671417,0.9940059781074524,0.9968996644020081
YJL148W,YGR159C,0,-0.78040147,0.09075155109167099,0.9940059781074524,0.9969996809959412
YML011C,YHR062C,0,-0.7815209,0.09074327349662781,0.9940059781074524,0.9970996975898743
YLR237W,YEL046C,0,-0.78234434,0.09073499590158463,0.9940059781074524,0.9971997141838074
YML103C,YKR082W,1,-0.7826787,0.0908179059624672,0.9950050115585327,0.9971997141838074
YBR188C,YGL058W,0,-0.7860113,0.09080962836742401,0.9950050115585327,0.9972997307777405
YCR069W,YNL015W,0,-0.7862985,0.09080135077238083,0.9950050115585327,0.9973997473716736
YDR513W,YIL065C,0,-0.7872103,0.09079307317733765,0.9950050115585327,0.9974997639656067
YNL067W,YER025W,0,-0.7878649,0.09078479558229446,0.9950050115585327,0.9975997805595398
YGR086C,YDR074W,1,-0.78919435,0.09086766093969345,0.9960039854049683,0.9975997805595398
YPL043W,YNR053C,0,-0.7948783,0.09085938334465027,0.9960039854049683,0.9976997971534729
YLR335W,YKL068W,1,-0.79489493,0.09094222635030746,0.9970030188560486,0.9976997971534729
YMR217W,YGR078C,0,-0.7998653,0.09093394130468369,0.9970030188560486,0.9977997541427612
YGL156W,YJL057C,0,-0.80556273,0.0909256562590599,0.9970030188560486,0.9978997707366943
YLR083C,YKL081W,0,-0.8061745,0.09091737121343613,0.9970030188560486,0.9979997873306274
YPL160W,YCR053W,0,-0.8157412,0.09090909361839294,0.9970030188560486,0.9980998039245605
YGR152C,YPL126W,0,-0.82091624,0.09090080857276917,0.9970030188560486,0.9981998205184937
YDL212W,YMR071C,0,-0.82655084,0.09089253097772598,0.9970030188560486,0.9982998371124268
YCL055W,YIL117C,0,-0.8313184,0.0908842533826828,0.9970030188560486,0.9983998537063599
YER144C,YHR011W,0,-0.835355,0.09087597578763962,0.9970030188560486,0.998499870300293
YER111C,YKR082W,1,-0.84263384,0.09095875173807144,0.9980019927024841,0.998499870300293
YPL183C,YJL069C,0,-0.8433841,0.09095047414302826,0.9980019927024841,0.9985998868942261
YGR094W,YIR026C,0,-0.8470452,0.09094219654798508,0.9980019927024841,0.9986998438835144
YFR024C-A,YKL150W,0,-0.8535385,0.0909339189529419,0.9980019927024841,0.9987998604774475
YAL019W,YIR012W,0,-0.8541224,0.09092564135789871,0.9980019927024841,0.9988998770713806
YHR170W,YOR056C,0,-0.86343545,0.09091736376285553,0.9980019927024841,0.9989998936653137
YLR435W,YML031W,0,-0.86562616,0.09090909361839294,0.9980019927024841,0.9990999102592468
YNL007C,YFL014W,1,-0.865974,0.09099180996417999,0.9990010261535645,0.9990999102592468
YKL021C,YJL179W,0,-0.8680432,0.09098353236913681,0.9990010261535645,0.9991999268531799
YDR238C,YDR135C,0,-0.9017214,0.09097525477409363,0.9990010261535645,0.999299943447113
YOR096W,YGL076C,0,-0.9219969,0.09096697717905045,0.9990010261535645,0.9993999600410461
YML055W,YDL065C,0,-0.92776424,0.09095870703458786,0.9990010261535645,0.9994999766349792
YOR173W,YML100W,0,-0.965876,0.09095042943954468,0.9990010261535645,0.9995999336242676
YMR290C,YER025W,0,-0.97767663,0.09094215929508209,0.9990010261535645,0.9996999502182007
YBR014C,YLR022C,0,-0.9933014,0.0909338891506195,0.9990010261535645,0.9997999668121338
YGL189C,YDL075W,0,-1.0258639,0.09092562645673752,0.9990010261535645,0.9998999834060669
YML103C,YJR066W,1,-1.0807718,0.0910082757472992,1.0,0.9998999834060669
YHR197W,YBR084W,0,-1.0875646,0.09099999815225601,1.0,1.0
