Gene A,Gene B,Label,Score,Precision,Recall,False Positive Rate
YBR055C,YGR278W,1,3.6768951,1.0,0.0009900990407913923,0.0
YKR025W,YOR069W,0,3.6047797,0.5,0.0009900990407913923,0.00010010010009864345
YGL128C,YJL124C,1,3.384907,0.6666666865348816,0.0019801980815827847,0.00010010010009864345
YLR147C,YDR163W,1,3.3128798,0.75,0.002970297122374177,0.00010010010009864345
YLR016C,YNL147W,1,3.2951035,0.800000011920929,0.003960396163165569,0.00010010010009864345
YMR213W,YGR278W,1,3.2537599,0.8333333134651184,0.004950494971126318,0.00010010010009864345
YLR147C,YPR107C,0,3.2534037,0.7142857313156128,0.004950494971126318,0.0002002002001972869
YKL173W,YDL098C,1,3.2159104,0.75,0.005940594244748354,0.0002002002001972869
YLR147C,YMR216C,1,3.2154775,0.7777777910232544,0.006930693052709103,0.0002002002001972869
YKL012W,YJL203W,1,3.1969156,0.800000011920929,0.007920792326331139,0.0002002002001972869
YGR278W,YMR216C,1,3.1597116,0.8181818127632141,0.0089108906686306,0.0002002002001972869
YBR055C,YPR094W,1,3.147562,0.8333333134651184,0.009900989942252636,0.0002002002001972869
YLR147C,YAL041W,0,3.107863,0.7692307829856873,0.009900989942252636,0.00030030030757188797
YGL174W,YGR278W,1,3.03013,0.7857142686843872,0.010891089215874672,0.00030030030757188797
YKL041W,YNL188W,0,2.9672422,0.7333333492279053,0.010891089215874672,0.0004004004003945738
YKL173W,YPL213W,1,2.9187102,0.75,0.011881188489496708,0.0004004004003945738
YKR086W,YMR059W,1,2.9124682,0.7647058963775635,0.01287128683179617,0.0004004004003945738
YML049C,YNL147W,1,2.912461,0.7777777910232544,0.013861386105418205,0.0004004004003945738
YDR416W,YMR059W,1,2.8893695,0.7894737124443054,0.014851485379040241,0.0004004004003945738
YLR319C,YLR386W,0,2.8807385,0.75,0.014851485379040241,0.0005005004932172596
YLR238W,YJL128C,0,2.8802514,0.7142857313156128,0.014851485379040241,0.0006006006151437759
YHR034C,YGL174W,1,2.8720403,0.7272727489471436,0.015841584652662277,0.0006006006151437759
YDR162C,YOR106W,0,2.8702786,0.695652186870575,0.015841584652662277,0.0007007006788626313
YGR278W,YMR125W,1,2.8391232,0.7083333134651184,0.01683168299496174,0.0007007006788626313
YOL093W,YEL062W,0,2.8138902,0.6800000071525574,0.01683168299496174,0.0008008008007891476
YOR319W,YKL173W,1,2.7932348,0.692307710647583,0.0178217813372612,0.0008008008007891476
YKL022C,YDL111C,0,2.7595592,0.6666666865348816,0.0178217813372612,0.0009009009227156639
YDR128W,YOR279C,0,2.7506425,0.6428571343421936,0.0178217813372612,0.0010010009864345193
YBR055C,YOR319W,1,2.7488072,0.6551724076271057,0.01881188154220581,0.0010010009864345193
YPL151C,YKR025W,0,2.734055,0.6333333253860474,0.01881188154220581,0.0011011010501533747
YCL024W,YNL035C,0,2.7157006,0.6129032373428345,0.01881188154220581,0.0012012012302875519
YPL046C,YHR107C,0,2.7007346,0.59375,0.01881188154220581,0.0013013012940064073
YNR046W,YDL197C,0,2.695891,0.5757575631141663,0.01881188154220581,0.0014014013577252626
YGR033C,YJR099W,0,2.6926847,0.5588235259056091,0.01881188154220581,0.0015015015378594398
YBR237W,YKL205W,1,2.6894438,0.5714285969734192,0.019801979884505272,0.0015015015378594398
YGR278W,YOR159C,1,2.678234,0.5833333134651184,0.020792080089449883,0.0015015015378594398
YGL216W,YJR055W,0,2.6712434,0.5675675868988037,0.020792080089449883,0.0016016016015782952
YDL043C,YBR022W,1,2.6673574,0.5789473652839661,0.021782178431749344,0.0016016016015782952
YDR163W,YKL205W,1,2.6614523,0.5897436141967773,0.022772276774048805,0.0016016016015782952
YGR278W,YIL090W,0,2.6604629,0.574999988079071,0.022772276774048805,0.0017017016652971506
YDL098C,YGR074W,1,2.6541383,0.5853658318519592,0.023762376978993416,0.0017017016652971506
YER112W,YPL151C,1,2.6484659,0.5952380895614624,0.024752475321292877,0.0017017016652971506
YKL012W,YGL120C,1,2.644503,0.604651153087616,0.02574257366359234,0.0017017016652971506
YOR148C,YNL147W,1,2.632452,0.6136363744735718,0.02673267386853695,0.0017017016652971506
YLR147C,YGR278W,1,2.6216846,0.6222222447395325,0.02772277221083641,0.0017017016652971506
YIL095W,YHL013C,0,2.6069717,0.6086956262588501,0.02772277221083641,0.0018018018454313278
YOR319W,YKL012W,1,2.6029825,0.6170212626457214,0.028712870553135872,0.0018018018454313278
YJL104W,YDR137W,0,2.5965002,0.6041666865348816,0.028712870553135872,0.0019019019091501832
YGR129W,YJL124C,1,2.5959725,0.6122449040412903,0.029702970758080482,0.0019019019091501832
YCR067C,YGL128C,0,2.5803695,0.6000000238418579,0.029702970758080482,0.0020020019728690386
YGR091W,YDR482C,1,2.5792897,0.6078431606292725,0.030693069100379944,0.0020020019728690386
YLR298C,YML046W,1,2.5726633,0.6153846383094788,0.031683169305324554,0.0020020019728690386
YLR275W,YML046W,1,2.5596733,0.6226415038108826,0.03267326578497887,0.0020020019728690386
YMR059W,YGR278W,1,2.5517395,0.6296296119689941,0.03366336598992348,0.0020020019728690386
YNL286W,YER112W,1,2.5497234,0.6363636255264282,0.03465346619486809,0.0020020019728690386
YMR213W,YKL074C,1,2.5442142,0.6428571343421936,0.0356435626745224,0.0020020019728690386
YDL043C,YMR216C,1,2.5421205,0.6491228342056274,0.03663366287946701,0.0020020019728690386
YJR050W,YJL203W,1,2.536356,0.6551724076271057,0.03762376308441162,0.0020020019728690386
YNL254C,YLR404W,0,2.5321705,0.6440678238868713,0.03762376308441162,0.002102102153003216
YKR008W,YJR031C,0,2.530329,0.6333333253860474,0.03762376308441162,0.0022022021003067493
YDL098C,YJL203W,1,2.5283995,0.6393442749977112,0.03861385956406593,0.0022022021003067493
YGR091W,YPR094W,1,2.513742,0.6451612710952759,0.039603959769010544,0.0022022021003067493
YIL115C,YNL082W,0,2.5083487,0.6349206566810608,0.039603959769010544,0.0023023022804409266
YMR100W,YNL245C,0,2.4974694,0.625,0.039603959769010544,0.0024024024605751038
YJL047C,YKL012W,0,2.4954116,0.6153846383094788,0.039603959769010544,0.0025025024078786373
YLR147C,YKL012W,1,2.4910421,0.6212121248245239,0.040594059973955154,0.0025025024078786373
YOR319W,YLR424W,1,2.4899695,0.6268656849861145,0.041584160178899765,0.0025025024078786373
YKL041W,YLL002W,0,2.4840899,0.6176470518112183,0.041584160178899765,0.0026026025880128145
YKL173W,YMR216C,1,2.4803762,0.6231883764266968,0.04257425665855408,0.0026026025880128145
YML114C,YOR297C,0,2.4661598,0.6142857074737549,0.04257425665855408,0.0027027027681469917
YNL245C,YER013W,1,2.465466,0.6197183132171631,0.04356435686349869,0.0027027027681469917
YFR005C,YDR482C,1,2.4589608,0.625,0.0445544570684433,0.0027027027681469917
YIL061C,YLR116W,1,2.457086,0.6301369667053223,0.04554455354809761,0.0027027027681469917
YGL112C,YJL010C,0,2.4505668,0.6216216087341309,0.04554455354809761,0.0028028027154505253
YDR140W,YLR309C,0,2.4384694,0.6133333444595337,0.04554455354809761,0.0029029028955847025
YMR047C,YKL205W,1,2.4325438,0.6184210777282715,0.04653465375304222,0.0029029028955847025
YKR086W,YMR216C,1,2.4320004,0.6233766078948975,0.04752475395798683,0.0029029028955847025
YJL004C,YMR098C,0,2.4263482,0.6153846383094788,0.04752475395798683,0.0030030030757188797
YER180C,YNL163C,0,2.426311,0.607594907283783,0.04752475395798683,0.0031031030230224133
YPL051W,YJL036W,0,2.4249177,0.6000000238418579,0.04752475395798683,0.0032032032031565905
YLR117C,YJL033W,0,2.424393,0.5925925970077515,0.04752475395798683,0.0033033033832907677
YBL010C,YNL127W,0,2.4134045,0.5853658318519592,0.04752475395798683,0.0034034033305943012
YNL257C,YDL042C,0,2.4101834,0.5783132314682007,0.04752475395798683,0.0035035035107284784
YDL155W,YNL097C,0,2.408155,0.5714285969734192,0.04752475395798683,0.0036036036908626556
YLR147C,YDR235W,1,2.4073696,0.5764706134796143,0.048514850437641144,0.0036036036908626556
YNR011C,YGR074W,1,2.403226,0.5813953280448914,0.049504950642585754,0.0036036036908626556
YGR278W,YOL102C,1,2.3949528,0.5862069129943848,0.050495050847530365,0.0036036036908626556
YGL232W,YCL024W,0,2.3822012,0.5795454382896423,0.050495050847530365,0.003703703638166189
YNR006W,YER016W,0,2.3785264,0.5730336904525757,0.050495050847530365,0.0038038038183003664
YFR029W,YML080W,0,2.3780797,0.5666666626930237,0.050495050847530365,0.0039039039984345436
YDR088C,YBR022W,1,2.3780274,0.5714285969734192,0.05148514732718468,0.0039039039984345436
YMR047C,YGR278W,1,2.3773727,0.5760869383811951,0.05247524753212929,0.0039039039984345436
YIL021W,YLR119W,0,2.37541,0.5698924660682678,0.05247524753212929,0.004004003945738077
YDR163W,YGR098C,0,2.375001,0.563829779624939,0.05247524753212929,0.004104103893041611
YPR104C,YHR166C,0,2.3731065,0.557894766330719,0.05247524753212929,0.004204204306006432
YMR087W,YJL124C,1,2.3726354,0.5625,0.0534653477370739,0.004204204306006432
YLR291C,YLR128W,0,2.367859,0.5567010045051575,0.0534653477370739,0.004304304253309965
YGL128C,YKL173W,1,2.3576355,0.5612244606018066,0.05445544421672821,0.004304304253309965
YLR419W,YDR195W,0,2.3534572,0.5555555820465088,0.05445544421672821,0.004404404200613499
YMR087W,YDL098C,1,2.3526495,0.5600000023841858,0.05544554442167282,0.004404404200613499
YGR179C,YGL044C,0,2.344512,0.5544554591178894,0.05544554442167282,0.0045045046135783195
YDR318W,YLR238W,0,2.3434045,0.5490196347236633,0.05544554442167282,0.004604604560881853
YDL092W,YGL203C,0,2.331873,0.5436893105506897,0.05544554442167282,0.004704704508185387
YKL154W,YLR079W,0,2.3292694,0.5384615659713745,0.05544554442167282,0.0048048049211502075
YGR129W,YDL098C,1,2.324563,0.5428571701049805,0.05643564462661743,0.0048048049211502075
YCL032W,YDR320C,0,2.3228889,0.5377358198165894,0.05643564462661743,0.004904904868453741
YFL001W,YJR090C,0,2.319483,0.5327102541923523,0.05643564462661743,0.005005004815757275
YOL093W,YBL034C,0,2.3186698,0.5277777910232544,0.05643564462661743,0.0051051052287220955
YOR148C,YDR473C,1,2.3168645,0.5321100950241089,0.057425741106271744,0.0051051052287220955
YDR235W,YDR482C,1,2.3164365,0.5363636612892151,0.058415841311216354,0.0051051052287220955
YOL093W,YJR066W,0,2.3149865,0.5315315127372742,0.058415841311216354,0.005205205176025629
YLR105C,YPL064C,1,2.314838,0.5357142686843872,0.059405941516160965,0.005205205176025629
YJL087C,YKL173W,1,2.3088605,0.5398229956626892,0.06039603799581528,0.005205205176025629
YCR092C,YDR260C,0,2.3088522,0.5350877046585083,0.06039603799581528,0.005305305123329163
YML104C,YOR070C,0,2.307764,0.530434787273407,0.06039603799581528,0.0054054055362939835
YGL017W,YJL008C,0,2.3067727,0.5258620977401733,0.06039603799581528,0.005505505483597517
YKL173W,YOR159C,1,2.304997,0.5299145579338074,0.06138613820075989,0.005505505483597517
YHR034C,YBR055C,1,2.3011262,0.5338982939720154,0.0623762384057045,0.005505505483597517
YPR057W,YJL203W,1,2.3010502,0.5378151535987854,0.06336633861064911,0.005505505483597517
YBR102C,YML112W,0,2.297814,0.5333333611488342,0.06336633861064911,0.005605605430901051
YLR275W,YKL074C,1,2.293373,0.5371900796890259,0.06435643881559372,0.005605605430901051
YGL174W,YDR240C,1,2.2922091,0.5409836173057556,0.06534653156995773,0.005605605430901051
YDL155W,YBL019W,0,2.2911615,0.5365853905677795,0.06534653156995773,0.005705705843865871
YJR067C,YLR176C,0,2.2884808,0.5322580933570862,0.06534653156995773,0.005805805791169405
YHR034C,YLR276C,0,2.287848,0.527999997138977,0.06534653156995773,0.0059059057384729385
YDR006C,YML046W,0,2.2869546,0.523809552192688,0.06534653156995773,0.006006006151437759
YGR091W,YGR075C,1,2.2863443,0.5275590419769287,0.06633663177490234,0.006006006151437759
YMR059W,YER172C,1,2.2831059,0.53125,0.06732673197984695,0.006006006151437759
YIL061C,YGR013W,1,2.2790647,0.5348837375640869,0.06831683218479156,0.006006006151437759
YGR125W,YLR045C,0,2.2766478,0.5307692289352417,0.06831683218479156,0.006106106098741293
YKL205W,YDR103W,0,2.2764668,0.5267175436019897,0.06831683218479156,0.0062062060460448265
YDR496C,YDR460W,0,2.2761493,0.5227272510528564,0.06831683218479156,0.006306306459009647
YGR091W,YLR201C,0,2.272625,0.518796980381012,0.06831683218479156,0.006406406406313181
YER111C,YDR051C,0,2.2710357,0.5149253606796265,0.06831683218479156,0.0065065063536167145
YGR278W,YGL120C,1,2.267844,0.5185185074806213,0.06930693238973618,0.0065065063536167145
YLR298C,YMR047C,1,2.2675066,0.5220588445663452,0.07029703259468079,0.0065065063536167145
YBR237W,YNL245C,1,2.2635324,0.525547444820404,0.0712871253490448,0.0065065063536167145
YDR416W,YDL098C,1,2.2591777,0.5289855003356934,0.07227722555398941,0.0065065063536167145
YGR276C,YML006C,0,2.2582903,0.5251798629760742,0.07227722555398941,0.006606606766581535
YDR196C,YLL010C,0,2.2539396,0.5214285850524902,0.07227722555398941,0.006706706713885069
YOL093W,YOR038C,0,2.2483187,0.5177304744720459,0.07227722555398941,0.0068068066611886024
YNL222W,YKR026C,0,2.2442741,0.51408451795578,0.07227722555398941,0.006906907074153423
YLR319C,YIL128W,0,2.2412508,0.5104895234107971,0.07227722555398941,0.007007007021456957
YBR044C,YGR095C,0,2.238345,0.5069444179534912,0.07227722555398941,0.00710710696876049
YLL036C,YPR178W,1,2.237895,0.5103448033332825,0.07326732575893402,0.00710710696876049
YMR218C,YKL174C,0,2.235899,0.5068492889404297,0.07326732575893402,0.007207207381725311
YIR005W,YKL074C,1,2.2329392,0.5102040767669678,0.07425742596387863,0.007207207381725311
YJR068W,YHR168W,0,2.2299685,0.5067567825317383,0.07425742596387863,0.007307307329028845
YDL006W,YDR120C,0,2.2244868,0.5033556818962097,0.07425742596387863,0.007407407276332378
YMR213W,YOR319W,1,2.2206025,0.5066666603088379,0.07524752616882324,0.007407407276332378
YDR364C,YPL151C,1,2.2184918,0.5099337697029114,0.07623762637376785,0.007407407276332378
YNL245C,YLR116W,1,2.2153673,0.5131579041481018,0.07722771912813187,0.007407407276332378
YCR027C,YDR211W,0,2.2149434,0.5098039507865906,0.07722771912813187,0.007507507689297199
YDR088C,YNL147W,1,2.2091775,0.5129870176315308,0.07821781933307648,0.007507507689297199
YBR215W,YNL090W,0,2.2076814,0.5096774101257324,0.07821781933307648,0.007607607636600733
YLR298C,YPR057W,1,2.2031822,0.5128205418586731,0.07920791953802109,0.007607607636600733
YLR117C,YGL120C,1,2.2024066,0.5159235596656799,0.0801980197429657,0.007607607636600733
YDR088C,YKL173W,1,2.1923199,0.5189873576164246,0.08118811994791031,0.007607607636600733
YGR251W,YKR030W,0,2.1869926,0.5157232880592346,0.08118811994791031,0.007707707583904266
YML007W,YNL039W,0,2.1866612,0.512499988079071,0.08118811994791031,0.007807807996869087
YJR088C,YJL074C,0,2.1841648,0.5093167424201965,0.08118811994791031,0.007907907478511333
YDL132W,YPL007C,0,2.183318,0.5061728358268738,0.08118811994791031,0.008008007891476154
YGR239C,YCL034W,0,2.1821449,0.5030674934387207,0.08118811994791031,0.008108108304440975
YGR222W,YKL173W,1,2.1771731,0.5060975551605225,0.08217822015285492,0.008108108304440975
YLR095C,YOR123C,0,2.176618,0.5030303001403809,0.08217822015285492,0.008208207786083221
YDR473C,YMR059W,1,2.169853,0.5060241222381592,0.08316832035779953,0.008208207786083221
YJR050W,YGR074W,1,2.1687233,0.5089820623397827,0.08415841311216354,0.008208207786083221
YMR123W,YGL136C,0,2.1685643,0.5059523582458496,0.08415841311216354,0.008308308199048042
YJR050W,YER112W,1,2.1666875,0.5088757276535034,0.08514851331710815,0.008308308199048042
YER115C,YJL072C,0,2.1614103,0.5058823823928833,0.08514851331710815,0.008408408612012863
YLR275W,YDR163W,1,2.1607184,0.5087719559669495,0.08613861352205276,0.008408408612012863
YDL006W,YDR473C,1,2.1540313,0.5116279125213623,0.08712871372699738,0.008408408612012863
YBR055C,YKR086W,1,2.15381,0.5144508481025696,0.08811881393194199,0.008408408612012863
YMR285C,YKR086W,0,2.1519341,0.5114942789077759,0.08811881393194199,0.00850850809365511
YKL173W,YKR037C,0,2.1480935,0.508571445941925,0.08811881393194199,0.00860860850661993
YGL112C,YML072C,0,2.1469133,0.5056818127632141,0.08811881393194199,0.008708708919584751
YGL128C,YDR482C,1,2.142705,0.508474588394165,0.0891089141368866,0.008708708919584751
YKL205W,YLR016C,1,2.1388268,0.5112359523773193,0.09009900689125061,0.008708708919584751
YNR011C,YKL205W,1,2.1366398,0.5139665007591248,0.09108910709619522,0.008708708919584751
YGR278W,YGR091W,1,2.1357954,0.5166666507720947,0.09207920730113983,0.008708708919584751
YPR057W,YGR278W,1,2.1325936,0.519336998462677,0.09306930750608444,0.008708708919584751
YKL027W,YIL063C,0,2.1318297,0.5164835453033447,0.09306930750608444,0.008808808401226997
YGL086W,YGL113W,0,2.1316574,0.5136612057685852,0.09306930750608444,0.008908908814191818
YKL130C,YJR090C,0,2.1297772,0.510869562625885,0.09306930750608444,0.009009009227156639
YOR148C,YMR268C,1,2.1293616,0.5135135054588318,0.09405940771102905,0.009009009227156639
YIR005W,YDR240C,1,2.1266634,0.5161290168762207,0.09504950791597366,0.009009009227156639
YDL098C,YPL151C,1,2.1263514,0.51871657371521,0.09603960067033768,0.009009009227156639
YDR163W,YLR117C,1,2.1261353,0.521276593208313,0.09702970087528229,0.009009009227156639
YLR132C,YKL041W,0,2.1210878,0.5185185074806213,0.09702970087528229,0.009109108708798885
YFL008W,YEL003W,0,2.1176636,0.5157894492149353,0.09702970087528229,0.009209209121763706
YDR240C,YMR125W,1,2.1166992,0.518324613571167,0.0980198010802269,0.009209209121763706
YNL245C,YGR278W,1,2.1148815,0.5208333134651184,0.09900990128517151,0.009209209121763706
YLR147C,YJL087C,1,2.1124415,0.5233160853385925,0.10000000149011612,0.009209209121763706
YGL044C,YBL034C,0,2.1098676,0.5206185579299927,0.10000000149011612,0.009309309534728527
YMR213W,YMR288W,1,2.1096845,0.5230769515037537,0.10099010169506073,0.009309309534728527
YDR235W,YOL102C,1,2.1073117,0.5255101919174194,0.10198019444942474,0.009309309534728527
YDR163W,YLR424W,1,2.1053057,0.5279187560081482,0.10297029465436935,0.009309309534728527
YBR055C,YKL012W,1,2.1050606,0.5303030014038086,0.10396039485931396,0.009309309534728527
YPR134W,YGR091W,1,2.1036997,0.5326633453369141,0.10495049506425858,0.009309309534728527
YLR219W,YDR177W,0,2.1001215,0.5299999713897705,0.10495049506425858,0.009409409016370773
YOR319W,YDR482C,1,2.0996342,0.5323383212089539,0.10594059526920319,0.009409409016370773
YIL061C,YLR132C,1,2.0979993,0.5346534848213196,0.1069306954741478,0.009409409016370773
YDR081C,YNL032W,0,2.0976996,0.5320196747779846,0.1069306954741478,0.009509509429335594
YDL150W,YDL006W,0,2.0973177,0.529411792755127,0.1069306954741478,0.009609609842300415
YGR206W,YOL057W,0,2.0940394,0.5268292427062988,0.1069306954741478,0.009709709323942661
YDR463W,YGR091W,1,2.0926054,0.5291262269020081,0.10792079567909241,0.009709709323942661
YDL006W,YNL147W,1,2.090548,0.5314009785652161,0.10891088843345642,0.009709709323942661
YLL019C,YPL011C,0,2.090037,0.5288461446762085,0.10891088843345642,0.009809809736907482
YDR235W,YLR298C,1,2.0888588,0.5311004519462585,0.10990098863840103,0.009809809736907482
YOR039W,YKL041W,0,2.0882075,0.5285714268684387,0.10990098863840103,0.009909910149872303
YPL083C,YNL091W,0,2.0852942,0.5260663628578186,0.10990098863840103,0.01001000963151455
YKR086W,YNL245C,1,2.0839877,0.5283018946647644,0.11089108884334564,0.01001000963151455
YLR275W,YBR022W,1,2.081492,0.5305164456367493,0.11188118904829025,0.01001000963151455
YGR129W,YJR022W,1,2.0812182,0.5327102541923523,0.11287128925323486,0.01001000963151455
YPL178W,YMR087W,1,2.0810652,0.5348837375640869,0.11386138945817947,0.01001000963151455
YLR275W,YKR052C,1,2.0775118,0.5370370149612427,0.11485148221254349,0.01001000963151455
YJL115W,YNL008C,0,2.0761087,0.5345622301101685,0.11485148221254349,0.01011011004447937
YNL286W,YGR074W,1,2.0760338,0.536697268486023,0.1158415824174881,0.01011011004447937
YML049C,YLR371W,0,2.0746536,0.534246563911438,0.1158415824174881,0.010210210457444191
YBR055C,YJR022W,1,2.073343,0.5363636612892151,0.11683168262243271,0.010210210457444191
YNL147W,YPL084W,0,2.072928,0.5339366793632507,0.11683168262243271,0.010310309939086437
YOR131C,YJL203W,0,2.0701442,0.5315315127372742,0.11683168262243271,0.010410410352051258
YDR463W,YKR086W,1,2.0676806,0.5336322784423828,0.11782178282737732,0.010410410352051258
YMR042W,YHR109W,0,2.066588,0.53125,0.11782178282737732,0.010510510765016079
YMR100W,YLL012W,0,2.065244,0.5288888812065125,0.11782178282737732,0.010610610246658325
YML049C,YDL006W,1,2.063035,0.5309734344482422,0.11881188303232193,0.010610610246658325
YML014W,YML109W,0,2.059784,0.5286343693733215,0.11881188303232193,0.010710710659623146
YDR416W,YJL203W,1,2.0597005,0.530701756477356,0.11980198323726654,0.010710710659623146
YLL003W,YMR060C,0,2.0517292,0.528384268283844,0.11980198323726654,0.010810811072587967
YDR198C,YGR071C,0,2.0508327,0.5260869860649109,0.11980198323726654,0.010910910554230213
YML080W,YPL066W,0,2.0502682,0.523809552192688,0.11980198323726654,0.011011010967195034
YGL120C,YLR116W,1,2.0487897,0.5258620977401733,0.12079207599163055,0.011011010967195034
YDL098C,YPR094W,1,2.0450902,0.5278970003128052,0.12178217619657516,0.011011010967195034
YLR381W,YIL090W,0,2.0450737,0.5256410241127014,0.12178217619657516,0.011111111380159855
YOR340C,YJR138W,0,2.0441384,0.5234042406082153,0.12178217619657516,0.011211210861802101
YIL061C,YJL124C,1,2.0400867,0.5254237055778503,0.12277227640151978,0.011211210861802101
YHR119W,YOL070C,0,2.0391023,0.5232067704200745,0.12277227640151978,0.011311311274766922
YAL014C,YHL007C,0,2.0334764,0.5210084319114685,0.12277227640151978,0.011411411687731743
YBR267W,YDR140W,0,2.0334597,0.5188284516334534,0.12277227640151978,0.011511511169373989
YDR243C,YGR278W,1,2.0287707,0.5208333134651184,0.12376237660646439,0.011511511169373989
YMR213W,YBR022W,1,2.0280652,0.5228216052055359,0.124752476811409,0.011511511169373989
YPR101W,YGL128C,1,2.0275292,0.5247933864593506,0.125742569565773,0.011511511169373989
YNL286W,YDL098C,1,2.0232582,0.5267489552497864,0.12673267722129822,0.011511511169373989
YJR075W,YKR019C,0,2.022401,0.5245901346206665,0.12673267722129822,0.01161161158233881
YPR101W,YDR163W,1,2.0222194,0.5265306234359741,0.12772276997566223,0.01161161158233881
YGR012W,YBL055C,0,2.0212612,0.5243902206420898,0.12772276997566223,0.01171171199530363
YML007W,YLR224W,0,2.016486,0.52226722240448,0.12772276997566223,0.011811811476945877
YMR080C,YLR396C,0,2.0147483,0.5201612710952759,0.12772276997566223,0.011911911889910698
YMR213W,YDR349C,0,2.0118756,0.5180723071098328,0.12772276997566223,0.012012012302875519
YNL329C,YJL125C,0,2.0102355,0.515999972820282,0.12772276997566223,0.012112111784517765
YHR034C,YKL074C,1,2.0022216,0.5179283022880554,0.12871287763118744,0.012112111784517765
YLR147C,YDR088C,1,2.00049,0.5198412537574768,0.12970297038555145,0.012112111784517765
YJL087C,YLR117C,1,2.00015,0.52173912525177,0.13069306313991547,0.012112111784517765
YKR002W,YBR228W,0,2.0000894,0.5196850299835205,0.13069306313991547,0.012212212197482586
YIL021W,YMR164C,0,1.998851,0.5176470875740051,0.13069306313991547,0.012312312610447407
YOL102C,YJL203W,1,1.9977733,0.51953125,0.13168317079544067,0.012312312610447407
YOR257W,YDR409W,0,1.995696,0.5175096988677979,0.13168317079544067,0.012412412092089653
YOR144C,YPL112C,0,1.9956592,0.5155038833618164,0.13168317079544067,0.012512512505054474
YBR247C,YIL061C,0,1.9950327,0.5135135054588318,0.13168317079544067,0.012612612918019295
YPR167C,YDL043C,0,1.9945728,0.5115384459495544,0.13168317079544067,0.012712712399661541
YLR022C,YKL015W,0,1.9942232,0.50957852602005,0.13168317079544067,0.012812812812626362
YER049W,YGR241C,0,1.9935718,0.5076335668563843,0.13168317079544067,0.012912913225591183
YIR005W,YIL061C,1,1.9928354,0.5095056891441345,0.1326732635498047,0.012912913225591183
YNL127W,YJL111W,0,1.9918678,0.5075757503509521,0.1326732635498047,0.013013012707233429
YJR014W,YNL050C,0,1.9912254,0.505660355091095,0.1326732635498047,0.01311311312019825
YHR178W,YMR014W,0,1.9908515,0.5037593841552734,0.1326732635498047,0.01321321353316307
YNL286W,YGR278W,1,1.9898938,0.5056179761886597,0.1336633712053299,0.01321321353316307
YOR256C,YDR173C,0,1.988484,0.503731369972229,0.1336633712053299,0.013313313014805317
YKR022C,YGR074W,1,1.9869181,0.5055761933326721,0.1346534639596939,0.013313313014805317
YOR353C,YJL129C,0,1.9856836,0.5037037134170532,0.1346534639596939,0.013413413427770138
YMR228W,YMR223W,0,1.9844307,0.5018450021743774,0.1346534639596939,0.013513513840734959
YHR034C,YMR059W,1,1.9844302,0.5036764740943909,0.13564357161521912,0.013513513840734959
YMR213W,YKR048C,0,1.9832406,0.5018315315246582,0.13564357161521912,0.013613613322377205
YPR101W,YMR067C,0,1.9822415,0.5,0.13564357161521912,0.013713713735342026
YLL036C,YPL151C,1,1.9812204,0.5018181800842285,0.13663366436958313,0.013713713735342026
YDR364C,YOR334W,1,1.9806602,0.5036231875419617,0.13762375712394714,0.013713713735342026
YKR086W,YMR268C,1,1.9806232,0.505415141582489,0.13861386477947235,0.013713713735342026
YLL036C,YOL070C,0,1.9795767,0.5035971403121948,0.13861386477947235,0.013813814148306847
YPL214C,YDR457W,0,1.9792564,0.5017921328544617,0.13861386477947235,0.013913913629949093
YOR371C,YDR260C,0,1.9761956,0.5,0.13861386477947235,0.014014014042913914
YBR278W,YOR217W,0,1.9761045,0.49822065234184265,0.13861386477947235,0.014114114455878735
YNR027W,YGL212W,0,1.9751543,0.4964539110660553,0.13861386477947235,0.01421421393752098
YNR011C,YGR278W,1,1.9731485,0.49823322892189026,0.13960395753383636,0.01421421393752098
YKR086W,YMR125W,1,1.9707676,0.5,0.14059406518936157,0.01421421393752098
YNL254C,YMR078C,0,1.9691709,0.49824562668800354,0.14059406518936157,0.014314314350485802
YOR210W,YOR089C,0,1.9660931,0.4965035021305084,0.14059406518936157,0.014414414763450623
YDL006W,YLR147C,1,1.9653767,0.4982578456401825,0.14158415794372559,0.014414414763450623
YGL174W,YLR323C,1,1.9637126,0.5,0.1425742506980896,0.014414414763450623
YKL041W,YBR166C,0,1.9629343,0.4982698857784271,0.1425742506980896,0.014514514245092869
YNL258C,YKL130C,0,1.9621183,0.4965517222881317,0.1425742506980896,0.01461461465805769
YOR322C,YKL206C,0,1.960403,0.49484536051750183,0.1425742506980896,0.01471471507102251
YDR088C,YGR091W,1,1.9597235,0.49657535552978516,0.1435643583536148,0.01471471507102251
YLL010C,YOR274W,0,1.9566524,0.4948805570602417,0.1435643583536148,0.014814814552664757
YGR091W,YFR004W,0,1.9562956,0.4931972920894623,0.1435643583536148,0.014914914965629578
YCR066W,YJL145W,0,1.9549369,0.49152541160583496,0.1435643583536148,0.015015015378594398
YNL254C,YPL211W,0,1.9529606,0.48986485600471497,0.1435643583536148,0.015115114860236645
YKR087C,YCL031C,0,1.9520086,0.48821547627449036,0.1435643583536148,0.015215215273201466
YDR463W,YNR011C,1,1.951406,0.4899328947067261,0.14455445110797882,0.015215215273201466
YKL027W,YOR003W,0,1.9499248,0.4882943034172058,0.14455445110797882,0.015315315686166286
YDL006W,YGR278W,1,1.946828,0.49000000953674316,0.14554455876350403,0.015315315686166286
YGR129W,YGL174W,1,1.9456685,0.4916943609714508,0.14653465151786804,0.015315315686166286
YDR480W,YLR244C,0,1.9448835,0.4900662302970886,0.14653465151786804,0.015415415167808533
YDR473C,YBR188C,1,1.9422877,0.4917491674423218,0.14752475917339325,0.015415415167808533
YNL254C,YHR062C,0,1.9376899,0.49013158679008484,0.14752475917339325,0.015515515580773354
YOL094C,YPL047W,0,1.9345134,0.48852458596229553,0.14752475917339325,0.015615615993738174
YGL185C,YKL139W,0,1.9330077,0.4869281053543091,0.14752475917339325,0.015715716406702995
YLR418C,YKR037C,0,1.9283897,0.48534202575683594,0.14752475917339325,0.015815814957022667
YJR022W,YPL213W,1,1.9273579,0.48701298236846924,0.14851485192775726,0.015815814957022667
YBL026W,YLR078C,0,1.9252597,0.48543688654899597,0.14851485192775726,0.015915915369987488
YGR156W,YBR095C,0,1.9251202,0.4838709533214569,0.14851485192775726,0.01601601578295231
YIL061C,YPR082C,1,1.9241071,0.4855305552482605,0.14950494468212128,0.01601601578295231
YKL173W,YJR022W,1,1.9214004,0.4871794879436493,0.15049505233764648,0.01601601578295231
YMR005W,YKL013C,0,1.9182858,0.48562300205230713,0.15049505233764648,0.01611611619591713
YPL009C,YIL139C,0,1.9159938,0.48407644033432007,0.15049505233764648,0.01621621660888195
YDL006W,YMR125W,1,1.9151274,0.48571428656578064,0.1514851450920105,0.01621621660888195
YMR087W,YGR074W,1,1.9146049,0.4873417615890503,0.1524752527475357,0.01621621660888195
YKR086W,YER146W,1,1.913248,0.4889589846134186,0.15346534550189972,0.01621621660888195
YGR277C,YLR386W,0,1.9122127,0.4874213933944702,0.15346534550189972,0.01631631702184677
YDR378C,YGL174W,1,1.9114978,0.4890282154083252,0.15445543825626373,0.01631631702184677
YNL047C,YER172C,0,1.9092177,0.48750001192092896,0.15445543825626373,0.016416415572166443
YFL023W,YDL042C,0,1.903143,0.4859813153743744,0.15445543825626373,0.016516515985131264
YJR063W,YKR055W,0,1.9006271,0.48447203636169434,0.15445543825626373,0.016616616398096085
YBR215W,YKR037C,0,1.8995188,0.4829721450805664,0.15445543825626373,0.016716716811060905
YOR283W,YDR228C,0,1.8981987,0.48148149251937866,0.15445543825626373,0.016816817224025726
YOR118W,YPR185W,0,1.8978704,0.47999998927116394,0.15445543825626373,0.016916917636990547
YOR308C,YKL144C,0,1.8965925,0.47852760553359985,0.15445543825626373,0.01701701618731022
YDL058W,YGR134W,0,1.8943988,0.47706422209739685,0.15445543825626373,0.01711711660027504
YMR257C,YML097C,0,1.8943596,0.47560974955558777,0.15445543825626373,0.01721721701323986
YLR319C,YMR100W,0,1.8930081,0.47416412830352783,0.15445543825626373,0.01731731742620468
YOR340C,YIL138C,0,1.8915877,0.4727272689342499,0.15445543825626373,0.017417417839169502
YDL150W,YML093W,0,1.8890498,0.47129908204078674,0.15445543825626373,0.017517518252134323
YGR058W,YKL174C,0,1.8887392,0.46987950801849365,0.15445543825626373,0.017617616802453995
YGR206W,YMR026C,0,1.888177,0.46846845746040344,0.15445543825626373,0.017717717215418816
YFR046C,YKR008W,0,1.8880392,0.46706587076187134,0.15445543825626373,0.017817817628383636
YKR086W,YGR129W,1,1.8878113,0.4686567187309265,0.15544554591178894,0.017817817628383636
YGR179C,YKR026C,0,1.8830763,0.4672619104385376,0.15544554591178894,0.017917918041348457
YDR051C,YML006C,0,1.8815253,0.4658753573894501,0.15544554591178894,0.018018018454313278
YDR163W,YBL009W,0,1.8814539,0.46449702978134155,0.15544554591178894,0.0181181188672781
YJL124C,YBR102C,1,1.8793896,0.46607670187950134,0.15643563866615295,0.0181181188672781
YCR063W,YKL074C,1,1.8781792,0.4676470458507538,0.15742574632167816,0.0181181188672781
YLR275W,YPR094W,1,1.8773375,0.4692082107067108,0.15841583907604218,0.0181181188672781
YPR152C,YER013W,1,1.8770171,0.4707602262496948,0.15940594673156738,0.0181181188672781
YLR086W,YML097C,0,1.8734701,0.4693877696990967,0.15940594673156738,0.01821821741759777
YKL160W,YKR019C,0,1.8734545,0.46802327036857605,0.15940594673156738,0.01831831783056259
YGR035C,YKL112W,0,1.8731731,0.46666666865348816,0.15940594673156738,0.018418418243527412
YOR308C,YOR159C,1,1.8725574,0.46820810437202454,0.1603960394859314,0.018418418243527412
YNR011C,YMR268C,1,1.8706691,0.469740629196167,0.1613861322402954,0.018418418243527412
YML077W,YDR383C,0,1.8704093,0.4683907926082611,0.1613861322402954,0.018518518656492233
YGL112C,YGR241C,0,1.8693746,0.467048704624176,0.1613861322402954,0.018618619069457054
YIL143C,YKR024C,0,1.8672987,0.4657142758369446,0.1613861322402954,0.018718719482421875
YOR130C,YJR140C,0,1.8668188,0.4643874764442444,0.1613861322402954,0.018818818032741547
YML049C,YGR075C,1,1.8636965,0.46590909361839294,0.16237623989582062,0.018818818032741547
YDR373W,YEL016C,0,1.8627292,0.4645892381668091,0.16237623989582062,0.018918918445706367
YPL051W,YDR240C,0,1.8624833,0.46327683329582214,0.16237623989582062,0.01901901885867119
YGR274C,YLR262C,0,1.8623196,0.46197181940078735,0.16237623989582062,0.01911911927163601
YJL099W,YGL050W,0,1.8600568,0.4606741666793823,0.16237623989582062,0.01921921968460083
YLR398C,YML015C,0,1.8598629,0.4593837559223175,0.16237623989582062,0.01931932009756565
YLR192C,YER020W,0,1.8589679,0.4581005573272705,0.16237623989582062,0.019419418647885323
YGR166W,YDR392W,0,1.8583447,0.45682451128959656,0.16237623989582062,0.019519519060850143
YER029C,YIR005W,1,1.8562647,0.4583333432674408,0.16336633265018463,0.019519519060850143
YLR275W,YJL203W,1,1.8557674,0.4598338007926941,0.16435644030570984,0.019519519060850143
YKL012W,YLR323C,1,1.8551277,0.4613259732723236,0.16534653306007385,0.019519519060850143
YMR211W,YFR009W,0,1.8540769,0.46005508303642273,0.16534653306007385,0.019619619473814964
YDL010W,YPL029W,0,1.8519973,0.45879119634628296,0.16534653306007385,0.019719719886779785
YIL061C,YMR059W,1,1.8490618,0.46027398109436035,0.16633664071559906,0.019719719886779785
YMR059W,YPR178W,1,1.8480332,0.4617486298084259,0.16732673346996307,0.019719719886779785
YDR351W,YJR112W,0,1.8471397,0.46049046516418457,0.16732673346996307,0.019819820299744606
YKR086W,YDL098C,1,1.8456357,0.46195653080940247,0.1683168262243271,0.019819820299744606
YOR244W,YJL178C,0,1.8435646,0.46070459485054016,0.1683168262243271,0.019919920712709427
YMR288W,YPR094W,1,1.8408672,0.46216216683387756,0.1693069338798523,0.019919920712709427
YJL149W,YDL127W,0,1.8408451,0.4609164297580719,0.1693069338798523,0.0200200192630291
YIR009W,YIL061C,1,1.839239,0.46236559748649597,0.1702970266342163,0.0200200192630291
YNL262W,YKL174C,0,1.8370897,0.4611259996891022,0.1702970266342163,0.02012011967599392
YIL002C,YPR186C,0,1.8367659,0.45989304780960083,0.1702970266342163,0.02022022008895874
YML029W,YML062C,0,1.8366597,0.4586666524410248,0.1702970266342163,0.02032032050192356
YDR404C,YJR149W,0,1.8361187,0.457446813583374,0.1702970266342163,0.020420420914888382
YER112W,YDR240C,1,1.8350687,0.45888593792915344,0.17128713428974152,0.020420420914888382
YDL201W,YGR188C,0,1.833987,0.45767197012901306,0.17128713428974152,0.020520521327853203
YHR034C,YDR243C,1,1.8338269,0.45910289883613586,0.17227722704410553,0.020520521327853203
YJR022W,YBR188C,1,1.8335824,0.46052631735801697,0.17326731979846954,0.020520521327853203
YBR061C,YGL131C,0,1.8331019,0.4593175947666168,0.17326731979846954,0.020620619878172874
YGR179C,YMR200W,0,1.8329805,0.45811519026756287,0.17326731979846954,0.020720720291137695
YLR275W,YMR288W,1,1.8310183,0.4595300257205963,0.17425742745399475,0.020720720291137695
YGR195W,YBR123C,0,1.830141,0.4583333432674408,0.17425742745399475,0.020820820704102516
YDL043C,YPL083C,1,1.8298377,0.4597402513027191,0.17524752020835876,0.020820820704102516
YBR022W,YGR074W,1,1.8279183,0.46113988757133484,0.17623762786388397,0.020820820704102516
YLR440C,YMR235C,0,1.8271832,0.45994833111763,0.17623762786388397,0.020920921117067337
YGL131C,YJR068W,0,1.8259299,0.45876288414001465,0.17623762786388397,0.021021021530032158
YPL051W,YGR257C,0,1.8218008,0.45758354663848877,0.17623762786388397,0.02112112194299698
YPL009C,YNR054C,0,1.8214045,0.4564102590084076,0.17623762786388397,0.02122122049331665
YJR014W,YOR274W,0,1.8191446,0.45524296164512634,0.17623762786388397,0.02132132090628147
YNL224C,YKL012W,1,1.8184711,0.4566326439380646,0.17722772061824799,0.02132132090628147
YFR013W,YML064C,0,1.8164533,0.4554707407951355,0.17722772061824799,0.021421421319246292
YER029C,YER112W,1,1.8154379,0.4568527936935425,0.1782178282737732,0.021421421319246292
YOR074C,YKR055W,0,1.8149003,0.4556961953639984,0.1782178282737732,0.021521521732211113
YGR089W,YDR052C,0,1.8140666,0.4545454680919647,0.1782178282737732,0.021621622145175934
YHR034C,YKL012W,1,1.8138026,0.45591938495635986,0.1792079210281372,0.021621622145175934
YIL127C,YCR014C,0,1.8127592,0.454773873090744,0.1792079210281372,0.021721722558140755
YPL188W,YJR002W,0,1.812713,0.4536340832710266,0.1792079210281372,0.021821821108460426
YLR074C,YHR167W,0,1.8120769,0.45249998569488525,0.1792079210281372,0.021921921521425247
YGR081C,YDR326C,0,1.8120028,0.45137158036231995,0.1792079210281372,0.022022021934390068
YKL173W,YMR268C,1,1.8115244,0.4527363181114197,0.18019801378250122,0.022022021934390068
YPR031W,YNL091W,0,1.8097926,0.4516128897666931,0.18019801378250122,0.02212212234735489
YJL029C,YNL304W,0,1.8089904,0.45049506425857544,0.18019801378250122,0.02222222276031971
YDL159W,YKL213C,0,1.808555,0.4493827223777771,0.18019801378250122,0.02232232317328453
YOR143C,YJR138W,0,1.808406,0.4482758641242981,0.18019801378250122,0.022422421723604202
YDL166C,YLR418C,0,1.8076702,0.44717445969581604,0.18019801378250122,0.022522522136569023
YNL299W,YMR213W,0,1.8072448,0.44607841968536377,0.18019801378250122,0.022622622549533844
YNL106C,YCR073C,0,1.807049,0.44498777389526367,0.18019801378250122,0.022722722962498665
YHL040C,YML032C,0,1.8059903,0.4439024329185486,0.18019801378250122,0.022822823375463486
YLR147C,YMR240C,1,1.8053532,0.44525548815727234,0.18118812143802643,0.022822823375463486
YKL135C,YGR001C,0,1.8052963,0.44417476654052734,0.18118812143802643,0.022922923788428307
YMR281W,YDR393W,0,1.8052787,0.4430992603302002,0.18118812143802643,0.023023022338747978
YKR022C,YMR264W,0,1.8043069,0.4420289993286133,0.18118812143802643,0.0231231227517128
YDL030W,YEL020C,0,1.8042854,0.44096386432647705,0.18118812143802643,0.02322322316467762
YLL036C,YMR288W,1,1.8035802,0.4423076808452606,0.18217821419239044,0.02322322316467762
YNL299W,YDR034C,0,1.8032616,0.44124701619148254,0.18217821419239044,0.02332332357764244
YBR123C,YGR276C,0,1.8024157,0.440191388130188,0.18217821419239044,0.02342342399060726
YOL045W,YJL010C,0,1.8020045,0.43914079666137695,0.18217821419239044,0.023523524403572083
YJR110W,YOR144C,0,1.8013599,0.43809524178504944,0.18217821419239044,0.023623622953891754
YNL050C,YOL068C,0,1.8001474,0.4370546340942383,0.18217821419239044,0.023723723366856575
YDR532C,YKL173W,0,1.7998132,0.4360189437866211,0.18217821419239044,0.023823823779821396
YMR160W,YJL203W,0,1.7987622,0.4349881708621979,0.18217821419239044,0.023923924192786217
YDR163W,YBR102C,1,1.7974977,0.4363207519054413,0.18316832184791565,0.023923924192786217
YGL155W,YMR023C,0,1.7971843,0.43529412150382996,0.18316832184791565,0.024024024605751038
YPL050C,YDR466W,0,1.7963928,0.43427228927612305,0.18316832184791565,0.02412412501871586
YLR221C,YGR009C,0,1.7963247,0.43325525522232056,0.18316832184791565,0.02422422356903553
YOR064C,YER008C,0,1.7911508,0.4322429895401001,0.18316832184791565,0.02432432398200035
YHR034C,YAL032C,1,1.7894031,0.4335664212703705,0.18415841460227966,0.02432432398200035
YJL056C,YNL248C,0,1.7889242,0.43255814909935,0.18415841460227966,0.024424424394965172
YLR221C,YKR104W,0,1.7884053,0.43155452609062195,0.18415841460227966,0.024524524807929993
YPR057W,YBL026W,1,1.7879795,0.43287035822868347,0.18514852225780487,0.024524524807929993
YBL006C,YOR194C,0,1.7875546,0.4318706691265106,0.18514852225780487,0.024624625220894814
YDR088C,YLR381W,0,1.7871776,0.4308755695819855,0.18514852225780487,0.024724725633859634
YDR228C,YAL009W,0,1.7867765,0.42988505959510803,0.18514852225780487,0.024824824184179306
YLR291C,YGR058W,0,1.7860256,0.4288990795612335,0.18514852225780487,0.024924924597144127
YMR039C,YGL068W,0,1.7851876,0.42791762948036194,0.18514852225780487,0.025025025010108948
YJL030W,YPL202C,0,1.7847008,0.4269406497478485,0.18514852225780487,0.02512512542307377
YOL119C,YJR144W,0,1.7842009,0.42596811056137085,0.18514852225780487,0.02522522583603859
YBR237W,YPL064C,1,1.7834185,0.4272727370262146,0.18613861501216888,0.02522522583603859
YKR060W,YMR029C,0,1.782669,0.4263038635253906,0.18613861501216888,0.02532532624900341
YIL131C,YNR006W,0,1.7826004,0.42533937096595764,0.18613861501216888,0.025425424799323082
YDL006W,YPR057W,1,1.7813257,0.42663657665252686,0.1871287077665329,0.025425424799323082
YFL023W,YPL188W,0,1.7800678,0.4256756901741028,0.1871287077665329,0.025525525212287903
YDR141C,YCL061C,0,1.7786947,0.42471909523010254,0.1871287077665329,0.025625625625252724
YDR362C,YGR095C,0,1.7779725,0.4237668216228485,0.1871287077665329,0.025725726038217545
YJL139C,YOL010W,0,1.7758484,0.42281877994537354,0.1871287077665329,0.025825826451182365
YIL112W,YBR281C,0,1.7757798,0.421875,0.1871287077665329,0.025925925001502037
YOR319W,YLR016C,1,1.7751031,0.423162579536438,0.1881188154220581,0.025925925001502037
YNR020C,YNL207W,0,1.7738565,0.42222222685813904,0.1881188154220581,0.026026025414466858
YGL136C,YJL046W,0,1.77355,0.421286016702652,0.1881188154220581,0.02612612582743168
YIR021W,YBR237W,1,1.7730362,0.42256638407707214,0.18910890817642212,0.02612612582743168
YKL205W,YER172C,1,1.771598,0.42384105920791626,0.19009901583194733,0.02612612582743168
YLR166C,YDL143W,0,1.7713265,0.4229075014591217,0.19009901583194733,0.0262262262403965
YFL057C,YGR156W,0,1.7703753,0.42197802662849426,0.19009901583194733,0.02632632665336132
YLR424W,YGL174W,1,1.7697088,0.4232456088066101,0.19108910858631134,0.02632632665336132
YNL127W,YHR187W,0,1.7690713,0.4223194718360901,0.19108910858631134,0.02642642706632614
YKR052C,YLR016C,1,1.7679036,0.4235807955265045,0.19207920134067535,0.02642642706632614
YPR101W,YDR240C,1,1.7672504,0.4248366057872772,0.19306930899620056,0.02642642706632614
YML109W,YNL316C,0,1.766622,0.42391303181648254,0.19306930899620056,0.026526525616645813
YDR163W,YPL151C,1,1.7653896,0.4251627027988434,0.19405940175056458,0.026526525616645813
YOR319W,YNL224C,1,1.764481,0.4264069199562073,0.19504950940608978,0.026526525616645813
YDR485C,YOR148C,0,1.7636861,0.4254859685897827,0.19504950940608978,0.026626626029610634
YKR086W,YLR016C,1,1.7619325,0.4267241358757019,0.1960396021604538,0.026626626029610634
YFL001W,YGL224C,0,1.7610945,0.42580646276474,0.1960396021604538,0.026726726442575455
YMR059W,YMR240C,1,1.760875,0.42703863978385925,0.197029709815979,0.026726726442575455
YDL043C,YGR129W,1,1.760568,0.4282655119895935,0.19801980257034302,0.026726726442575455
YDR489W,YJL004C,0,1.759979,0.4273504316806793,0.19801980257034302,0.026826826855540276
YLR256W,YMR224C,0,1.7593582,0.42643922567367554,0.19801980257034302,0.026926927268505096
YIL002C,YCR027C,0,1.7580756,0.42553192377090454,0.19801980257034302,0.027027027681469917
YJR075W,YDR137W,0,1.757573,0.42462843656539917,0.19801980257034302,0.02712712623178959
YDR130C,YLR274W,0,1.7540764,0.4237288236618042,0.19801980257034302,0.02722722664475441
YDR121W,YPR025C,0,1.753707,0.42283299565315247,0.19801980257034302,0.02732732705771923
YHR034C,YNR011C,1,1.7524334,0.42405062913894653,0.19900989532470703,0.02732732705771923
YJL053W,YKL174C,0,1.7520409,0.4231579005718231,0.19900989532470703,0.02742742747068405
YBL026W,YGR278W,1,1.751776,0.424369752407074,0.20000000298023224,0.02742742747068405
YDR173C,YJR127C,0,1.7517654,0.4234800934791565,0.20000000298023224,0.027527527883648872
YBL060W,YMR130W,0,1.7490689,0.4225941300392151,0.20000000298023224,0.027627628296613693
YHR165C,YKL074C,1,1.7474254,0.4237995743751526,0.20099009573459625,0.027627628296613693
YJL087C,YBR022W,1,1.7472941,0.42500001192092896,0.20198020339012146,0.027627628296613693
YER049W,YML109W,0,1.7454582,0.42411643266677856,0.20198020339012146,0.027727726846933365
YNL050C,YAL053W,0,1.7436595,0.42323651909828186,0.20198020339012146,0.027827827259898186
YGR186W,YLR228C,0,1.7434825,0.42236024141311646,0.20198020339012146,0.027927927672863007
YPR125W,YOR089C,0,1.7411584,0.42148759961128235,0.20198020339012146,0.028028028085827827
YIL127C,YHL009C,0,1.7409623,0.42061856389045715,0.20198020339012146,0.02812812849879265
YBR237W,YGR074W,1,1.7401654,0.42181068658828735,0.20297029614448547,0.02812812849879265
YPL178W,YPL083C,1,1.7396044,0.42299795150756836,0.2039603888988495,0.02812812849879265
YER180C,YGL236C,0,1.7394141,0.42213115096092224,0.2039603888988495,0.02822822891175747
YKL205W,YPL213W,1,1.7388586,0.42331287264823914,0.2049504965543747,0.02822822891175747
YDR140W,YNR023W,0,1.7380749,0.422448992729187,0.2049504965543747,0.02832832746207714
YMR047C,YPL064C,1,1.7361437,0.42362526059150696,0.2059405893087387,0.02832832746207714
YDR163W,YJL133W,1,1.7359318,0.4247967600822449,0.20693069696426392,0.02832832746207714
YKR086W,YOR159C,1,1.7352005,0.42596349120140076,0.20792078971862793,0.02832832746207714
YGL172W,YGR129W,1,1.7345454,0.4271255135536194,0.20891089737415314,0.02832832746207714
YMR128W,YMR316W,0,1.7336977,0.42626261711120605,0.20891089737415314,0.02842842787504196
YNL159C,YBR156C,0,1.7330291,0.4254032373428345,0.20891089737415314,0.028528528288006783
YOR140W,YDR334W,0,1.7275423,0.4245472848415375,0.20891089737415314,0.028628628700971603
YNR011C,YPR057W,1,1.7269287,0.4257028102874756,0.20990099012851715,0.028628628700971603
YDL043C,YJL124C,1,1.7244968,0.4268537163734436,0.21089108288288116,0.028628628700971603
YDR424C,YPL024W,0,1.7223693,0.4259999990463257,0.21089108288288116,0.028728729113936424
YDR163W,YPR178W,1,1.72219,0.42714571952819824,0.21188119053840637,0.028728729113936424
YMR235C,YLL010C,0,1.7208866,0.42629483342170715,0.21188119053840637,0.028828829526901245
YHR166C,YBR042C,0,1.7208682,0.4254473149776459,0.21188119053840637,0.028928928077220917
YAL014C,YDR364C,0,1.7191924,0.4246031641960144,0.21188119053840637,0.029029028490185738
YHR034C,YOR319W,1,1.719011,0.42574256658554077,0.21287128329277039,0.029029028490185738
YDR121W,YKL116C,0,1.7178007,0.42490118741989136,0.21287128329277039,0.02912912890315056
YJL004C,YOL021C,0,1.717415,0.424063116312027,0.21287128329277039,0.02922922931611538
YDL006W,YDR194C,1,1.7170402,0.4251968562602997,0.2138613909482956,0.02922922931611538
YPL055C,YHR052W,0,1.7154653,0.4243614971637726,0.2138613909482956,0.0293293297290802
YDL044C,YCR072C,0,1.7144911,0.42352941632270813,0.2138613909482956,0.02942943014204502
YKL074C,YDR473C,1,1.7096474,0.42465752363204956,0.2148514837026596,0.02942943014204502
YDL074C,YER022W,0,1.7089108,0.423828125,0.2148514837026596,0.029529528692364693
YMR288W,YMR047C,1,1.7082344,0.4249512553215027,0.21584159135818481,0.029529528692364693
YLR421C,YGL013C,0,1.7044477,0.42412450909614563,0.21584159135818481,0.029629629105329514
YIR009W,YBR237W,1,1.7043169,0.42524272203445435,0.21683168411254883,0.029629629105329514
YMR128W,YOR205C,0,1.7039598,0.4244185984134674,0.21683168411254883,0.029729729518294334
YOR368W,YGR252W,0,1.7038742,0.42359769344329834,0.21683168411254883,0.029829829931259155
YJL087C,YDR473C,1,1.7031118,0.4247104227542877,0.21782177686691284,0.029829829931259155
YPL064C,YMR125W,1,1.7012599,0.42581889033317566,0.21881188452243805,0.029829829931259155
YPR168W,YKR056W,0,1.7008935,0.42500001192092896,0.21881188452243805,0.029929930344223976
YLR165C,YKR028W,0,1.7003129,0.42418426275253296,0.21881188452243805,0.030030030757188797
YPR134W,YJL124C,1,1.6999563,0.4252873659133911,0.21980197727680206,0.030030030757188797
YER045C,YKR008W,0,1.6981847,0.42447417974472046,0.21980197727680206,0.03013012930750847
YNR026C,YKL189W,0,1.6967679,0.4236641228199005,0.21980197727680206,0.03023022972047329
YIL061C,YJR050W,1,1.6932641,0.42476189136505127,0.22079208493232727,0.03023022972047329
YGR006W,YPR132W,0,1.6926552,0.4239543676376343,0.22079208493232727,0.03033033013343811
YAR003W,YLL036C,0,1.6919165,0.4231499135494232,0.22079208493232727,0.03043043054640293
YDL030W,YPR094W,1,1.6910864,0.42424243688583374,0.22178217768669128,0.03043043054640293
YOR197W,YMR201C,0,1.6860808,0.42344045639038086,0.22178217768669128,0.030530530959367752
YMR087W,YMR125W,1,1.6855892,0.4245283007621765,0.2227722704410553,0.030530530959367752
YPR101W,YLR117C,1,1.6851155,0.42561206221580505,0.2237623780965805,0.030530530959367752
YIR005W,YDR235W,1,1.6845186,0.4266917407512665,0.22475247085094452,0.030530530959367752
YDR137W,YKL059C,0,1.6834713,0.4258911907672882,0.22475247085094452,0.030630631372332573
YGR006W,YIL094C,0,1.6824447,0.4250936210155487,0.22475247085094452,0.030730729922652245
YDR393W,YML110C,0,1.6810945,0.42429906129837036,0.22475247085094452,0.030830830335617065
YMR264W,YDR472W,0,1.6800069,0.4235074520111084,0.22475247085094452,0.030930930748581886
YKR010C,YKL181W,0,1.6794653,0.4227188229560852,0.22475247085094452,0.031031031161546707
YFR029W,YLR430W,0,1.677914,0.4219330847263336,0.22475247085094452,0.031131131574511528
YJL095W,YMR214W,0,1.6771349,0.421150267124176,0.22475247085094452,0.03123123198747635
YKL020C,YDR065W,0,1.6770128,0.4203703701496124,0.22475247085094452,0.03133133053779602
YDR389W,YNL323W,0,1.6758024,0.41959333419799805,0.22475247085094452,0.03143143281340599
YIL035C,YDR205W,0,1.6758,0.4188191890716553,0.22475247085094452,0.03153153136372566
YPR056W,YDL166C,0,1.6731359,0.41804787516593933,0.22475247085094452,0.031631629914045334
YKL074C,YOR308C,1,1.6724796,0.41911765933036804,0.22574257850646973,0.031631629914045334
YDR315C,YOR159C,0,1.6720918,0.41834861040115356,0.22574257850646973,0.031731732189655304
YMR288W,YDR088C,1,1.6690077,0.4194139242172241,0.22673267126083374,0.031731732189655304
YMR087W,YGR091W,1,1.6673704,0.4204753339290619,0.22772277891635895,0.031731732189655304
YMR257C,YNR023W,0,1.6671393,0.4197080433368683,0.22772277891635895,0.031831830739974976
YKL222C,YBR135W,0,1.6654443,0.41894352436065674,0.22772277891635895,0.031931933015584946
YLR105C,YER013W,1,1.6647865,0.41999998688697815,0.22871287167072296,0.031931933015584946
YAR007C,YML005W,0,1.6646637,0.41923776268959045,0.22871287167072296,0.03203203156590462
YIL048W,YDR496C,0,1.6641937,0.41847825050354004,0.22871287167072296,0.03213213384151459
YLR424W,YLR431C,0,1.662706,0.4177215099334717,0.22871287167072296,0.03223223239183426
YFR008W,YPR060C,0,1.6624297,0.416967511177063,0.22871287167072296,0.03233233094215393
YDR252W,YIR010W,0,1.6624155,0.4162162244319916,0.22871287167072296,0.0324324332177639
YDR449C,YMR216C,0,1.6620519,0.41546761989593506,0.22871287167072296,0.03253253176808357
YDR126W,YOR069W,0,1.661794,0.4147217273712158,0.22871287167072296,0.03263263404369354
YKL216W,YDL069C,0,1.6616017,0.4139784872531891,0.22871287167072296,0.032732732594013214
YDR088C,YDR299W,0,1.6602923,0.41323792934417725,0.22871287167072296,0.032832831144332886
YDL043C,YDR473C,1,1.6590277,0.41428571939468384,0.22970296442508698,0.032832831144332886
YNL129W,YBR261C,0,1.6587473,0.41354724764823914,0.22970296442508698,0.032932933419942856
YJR055W,YER174C,0,1.6585841,0.41281139850616455,0.22970296442508698,0.03303303197026253
YJR090C,YLR009W,0,1.6578935,0.4120781421661377,0.22970296442508698,0.0331331342458725
YAR008W,YPL151C,1,1.6578263,0.4131205677986145,0.23069307208061218,0.0331331342458725
YOR284W,YAL025C,0,1.6570772,0.4123893678188324,0.23069307208061218,0.03323323279619217
YBL021C,YJR101W,0,1.6568744,0.4116607904434204,0.23069307208061218,0.03333333507180214
YKL074C,YGR013W,1,1.6568092,0.4126984179019928,0.2316831648349762,0.03333333507180214
YJL081C,YKR010C,0,1.6567806,0.4119718372821808,0.2316831648349762,0.03343343362212181
YHR069C,YJL041W,0,1.6556132,0.41124778985977173,0.2316831648349762,0.03353353217244148
YER029C,YLL036C,1,1.6531433,0.41228070855140686,0.2326732724905014,0.03353353217244148
YOR061W,YOL044W,0,1.6521028,0.4115586578845978,0.2326732724905014,0.03363363444805145
YNL166C,YBL021C,0,1.6517712,0.41083917021751404,0.2326732724905014,0.033733732998371124
YOR308C,YPR057W,1,1.6504084,0.4118673503398895,0.23366336524486542,0.033733732998371124
YPL002C,YGR095C,0,1.6497182,0.4111498296260834,0.23366336524486542,0.033833835273981094
YGL004C,YNL213C,0,1.6493926,0.4104347825050354,0.23366336524486542,0.033933933824300766
YDR409W,YOR198C,0,1.6491078,0.4097222089767456,0.23366336524486542,0.03403403237462044
YJL124C,YDL231C,0,1.6480662,0.4090121388435364,0.23366336524486542,0.03413413465023041
YGL244W,YLL010C,0,1.6451651,0.40830451250076294,0.23366336524486542,0.03423423320055008
YOL034W,YDR006C,0,1.6451024,0.4075993001461029,0.23366336524486542,0.03433433547616005
YDL225W,YML006C,0,1.6445886,0.40689656138420105,0.23366336524486542,0.03443443402647972
YNR010W,YML034W,0,1.6445307,0.4061962068080902,0.23366336524486542,0.03453453630208969
YBR278W,YNL006W,0,1.6427813,0.40549829602241516,0.23366336524486542,0.03463463485240936
YNL153C,YKR038C,0,1.6417245,0.40480273962020874,0.23366336524486542,0.034734733402729034
YIR011C,YNL147W,0,1.6412457,0.4041095972061157,0.23366336524486542,0.034834835678339005
YNL299W,YOR304W,0,1.6411723,0.40341880917549133,0.23366336524486542,0.034934934228658676
YLR147C,YLR323C,1,1.6400281,0.404436856508255,0.23465345799922943,0.034934934228658676
YKL125W,YOR371C,0,1.6398696,0.4037478566169739,0.23465345799922943,0.035035036504268646
YLR242C,YNL229C,0,1.6374613,0.4030612111091614,0.23465345799922943,0.03513513505458832
YJL112W,YDR205W,0,1.6367269,0.4023769199848175,0.23465345799922943,0.03523523360490799
YDL006W,YGR074W,1,1.6360922,0.4033898413181305,0.23564356565475464,0.03523523360490799
YKL205W,YGR006W,1,1.6360006,0.4043993353843689,0.23663365840911865,0.03523523360490799
YBR221C,YLR312W-A,0,1.6355311,0.40371620655059814,0.23663365840911865,0.03533533588051796
YCL020W,YJL122W,0,1.634791,0.40303540229797363,0.23663365840911865,0.03543543443083763
YOR148C,YOL102C,1,1.6339718,0.4040403962135315,0.23762376606464386,0.03543543443083763
YDR460W,YDL155W,0,1.6335198,0.40336135029792786,0.23762376606464386,0.0355355367064476
YNL224C,YMR059W,1,1.6318194,0.40436241030693054,0.23861385881900787,0.0355355367064476
YLL036C,YBL026W,1,1.6294371,0.4053601324558258,0.23960396647453308,0.0355355367064476
YGR239C,YIL027C,0,1.6287941,0.4046822786331177,0.23960396647453308,0.03563563525676727
YMR228W,YGL141W,0,1.6280273,0.404006689786911,0.23960396647453308,0.03573573753237724
YAL025C,YKR010C,0,1.6275169,0.4033333361148834,0.23960396647453308,0.035835836082696915
YKL084W,YLR405W,0,1.6274539,0.4026622176170349,0.23960396647453308,0.035935934633016586
YJL087C,YDL200C,0,1.6258119,0.40199336409568787,0.23960396647453308,0.036036036908626556
YDL043C,YJR050W,1,1.62542,0.4029850661754608,0.2405940592288971,0.036036036908626556
YER029C,YBL074C,1,1.6250074,0.4039735198020935,0.2415841519832611,0.036036036908626556
YJL115W,YHR036W,0,1.6234267,0.4033057987689972,0.2415841519832611,0.03613613545894623
YJR086W,YDR065W,0,1.6220949,0.4026402533054352,0.2415841519832611,0.0362362377345562
YJR006W,YNL091W,0,1.6217772,0.40197694301605225,0.2415841519832611,0.03633633628487587
YBR204C,YBL090W,0,1.6213399,0.4013157784938812,0.2415841519832611,0.03643643483519554
YLR117C,YDL098C,1,1.6208981,0.40229883790016174,0.24257425963878632,0.03643643483519554
YMR270C,YPR121W,0,1.620621,0.40163934230804443,0.24257425963878632,0.03653653711080551
YIR011C,YBR258C,0,1.6199963,0.40098199248313904,0.24257425963878632,0.03663663566112518
YGL086W,YLR240W,0,1.6197087,0.40032678842544556,0.24257425963878632,0.03673673793673515
YDR194C,YLR117C,1,1.6195596,0.40130504965782166,0.24356435239315033,0.03673673793673515
YKL135C,YBR123C,0,1.6142681,0.4006514549255371,0.24356435239315033,0.036836836487054825
YCR072C,YNL027W,0,1.6124183,0.4000000059604645,0.24356435239315033,0.036936938762664795
YGR222W,YPL064C,1,1.612195,0.4009740352630615,0.24455446004867554,0.036936938762664795
YDL043C,YLR382C,1,1.6121441,0.4019449055194855,0.24554455280303955,0.036936938762664795
YLR022C,YDR326C,0,1.6120121,0.4012944996356964,0.24554455280303955,0.03703703731298447
YBL103C,YOR217W,0,1.6101209,0.4006462097167969,0.24554455280303955,0.03713713586330414
YOR319W,YGL120C,1,1.6079699,0.40161290764808655,0.24653466045856476,0.03713713586330414
YMR121C,YKR003W,0,1.6072925,0.40096619725227356,0.24653466045856476,0.03723723813891411
YCR027C,YLR020C,0,1.6065941,0.4003215432167053,0.24653466045856476,0.03733733668923378
YOR304W,YNL220W,0,1.6064345,0.3996789753437042,0.24653466045856476,0.03743743896484375
YGR074W,YJL140W,0,1.6060232,0.3990384638309479,0.24653466045856476,0.03753753751516342
YJL149W,YNL047C,0,1.6057757,0.3984000086784363,0.24653466045856476,0.03763763606548309
YNR011C,YPL178W,1,1.6053945,0.3993610143661499,0.24752475321292877,0.03763763606548309
YGL003C,YNL087W,0,1.6050652,0.3987240791320801,0.24752475321292877,0.03773773834109306
YIL073C,YDR351W,0,1.6048709,0.3980891704559326,0.24752475321292877,0.037837836891412735
YDR172W,YNL326C,0,1.6048394,0.3974562883377075,0.24752475321292877,0.037937939167022705
YJL225C,YDL148C,0,1.6034198,0.3968254029750824,0.24752475321292877,0.03803803771734238
YNR011C,YFL017W-A,1,1.6029701,0.3977813124656677,0.24851484596729279,0.03803803771734238
YBR215W,YDR180W,0,1.6026529,0.3971518874168396,0.24851484596729279,0.03813813999295235
YGR104C,YML077W,0,1.6009861,0.39652448892593384,0.24851484596729279,0.03823823854327202
YLR275W,YOR319W,1,1.6005969,0.39747634530067444,0.249504953622818,0.03823823854327202
YLL029W,YDR320C,0,1.5983166,0.3968504071235657,0.249504953622818,0.03833833709359169
YOR284W,YDR364C,0,1.597951,0.3962264060974121,0.249504953622818,0.03843843936920166
YCR052W,YOR141C,0,1.5976306,0.3956044018268585,0.249504953622818,0.03853853791952133
YMR125W,YMR240C,1,1.5957197,0.3965517282485962,0.250495046377182,0.03853853791952133
YJR090C,YNL095C,0,1.5950991,0.3959311544895172,0.250495046377182,0.0386386401951313
YKL205W,YJL203W,1,1.5950202,0.3968749940395355,0.251485139131546,0.0386386401951313
YNL009W,YDR101C,0,1.5948232,0.39625585079193115,0.251485139131546,0.038738738745450974
YJR075W,YER111C,0,1.5931453,0.3956386148929596,0.251485139131546,0.038838837295770645
YLL036C,YGR074W,1,1.592867,0.3965785503387451,0.2524752616882324,0.038838837295770645
YBR142W,YPL172C,0,1.5917011,0.39596274495124817,0.2524752616882324,0.038938939571380615
YCL024W,YBR167C,0,1.5912604,0.39534884691238403,0.2524752616882324,0.03903903812170029
YGL033W,YKR057W,0,1.5907578,0.3947368562221527,0.2524752616882324,0.03913914039731026
YGR251W,YKR055W,0,1.5903709,0.3941267430782318,0.2524752616882324,0.03923923894762993
YGL023C,YPL074W,0,1.5889125,0.39351850748062134,0.2524752616882324,0.0393393374979496
YDR378C,YDR364C,1,1.5888351,0.3944530189037323,0.25346535444259644,0.0393393374979496
YDR208W,YPL194W,0,1.5886713,0.39384615421295166,0.25346535444259644,0.03943943977355957
YHR034C,YPL178W,1,1.5870051,0.3947772681713104,0.25445544719696045,0.03943943977355957
YIL080W,YJR067C,0,1.5863034,0.3941717743873596,0.25445544719696045,0.03953953832387924
YLR237W,YNR027W,0,1.5845696,0.39356815814971924,0.25445544719696045,0.03963964059948921
YGR012W,YKL119C,0,1.5842991,0.3929663598537445,0.25445544719696045,0.039739739149808884
YDL108W,YBR103W,0,1.5840913,0.3923664093017578,0.25445544719696045,0.039839841425418854
YPL149W,YBR231C,0,1.5837477,0.39176830649375916,0.25445544719696045,0.039939939975738525
YNL222W,YLL052C,0,1.5836796,0.39117199182510376,0.25445544719696045,0.0400400385260582
YKR008W,YJL157C,0,1.5833118,0.390577495098114,0.25445544719696045,0.04014014080166817
YDR463W,YPL178W,1,1.583002,0.3915022909641266,0.25544553995132446,0.04014014080166817
YER029C,YDR416W,1,1.5827328,0.39242425560951233,0.2564356327056885,0.04014014080166817
YJR119C,YKL208W,0,1.582127,0.39183056354522705,0.2564356327056885,0.04024023935198784
YNL090W,YDR320C,0,1.5820435,0.39123865962028503,0.2564356327056885,0.04034034162759781
YKL074C,YDR240C,1,1.5817951,0.3921568691730499,0.2574257552623749,0.04034034162759781
YLR386W,YLR003C,0,1.5792655,0.39156627655029297,0.2574257552623749,0.04044044017791748
YLL003W,YER030W,0,1.579263,0.3909774422645569,0.2574257552623749,0.04054053872823715
YGR129W,YLR117C,1,1.578705,0.3918918967247009,0.2584158480167389,0.04054053872823715
YJR097W,YOR003W,0,1.5782696,0.3913043439388275,0.2584158480167389,0.04064064100384712
YHR178W,YMR065W,0,1.5772698,0.390718549489975,0.2584158480167389,0.040740739554166794
YML115C,YOR080W,0,1.5772161,0.3901345431804657,0.2584158480167389,0.040840841829776764
YGL120C,YMR240C,1,1.5762907,0.3910447657108307,0.2594059407711029,0.040840841829776764
YDR484W,YPL204W,0,1.5760342,0.3904620110988617,0.2594059407711029,0.040940940380096436
YGR258C,YDR267C,0,1.5756187,0.3898809552192688,0.2594059407711029,0.041041042655706406
YIL139C,YLL022C,0,1.5755495,0.3893016278743744,0.2594059407711029,0.04114114120602608
YAR018C,YBR077C,0,1.5741631,0.38872402906417847,0.2594059407711029,0.04124123975634575
YNL050C,YGR241C,0,1.5740747,0.38814815878868103,0.2594059407711029,0.04134134203195572
YBR231C,YOL097C,0,1.572879,0.3875739574432373,0.2594059407711029,0.04144144058227539
YMR146C,YJR082C,0,1.5719848,0.38700148463249207,0.2594059407711029,0.04154154285788536
YGR222W,YDR473C,1,1.5719136,0.3879055976867676,0.2603960335254669,0.04154154285788536
YOR014W,YOR360C,0,1.5716175,0.38733431696891785,0.2603960335254669,0.04164164140820503
YOR346W,YFL008W,0,1.5714377,0.3867647051811218,0.2603960335254669,0.041741739958524704
YAL032C,YGR075C,1,1.5714073,0.3876652121543884,0.26138612627983093,0.041741739958524704
YCR066W,YOR232W,0,1.5703522,0.3870967626571655,0.26138612627983093,0.041841842234134674
YGL207W,YOR075W,0,1.5703431,0.3865300118923187,0.26138612627983093,0.041941940784454346
YER029C,YDR482C,1,1.5696405,0.3874269127845764,0.26237624883651733,0.041941940784454346
YML109W,YNL027W,0,1.5686191,0.38686132431030273,0.26237624883651733,0.042042043060064316
YBR055C,YDR137W,0,1.5680791,0.3862973749637604,0.26237624883651733,0.04214214161038399
YOL077C,YLL052C,0,1.5672699,0.38573509454727173,0.26237624883651733,0.04224224388599396
YOL030W,YKL020C,0,1.5668826,0.385174423456192,0.26237624883651733,0.04234234243631363
YGR075C,YML065W,0,1.5663879,0.38461539149284363,0.26237624883651733,0.0424424409866333
YLR126C,YBR022W,0,1.5662462,0.3840579688549042,0.26237624883651733,0.04254254326224327
YOR362C,YBR261C,0,1.5662116,0.38350218534469604,0.26237624883651733,0.04264264181256294
YFR046C,YNL121C,0,1.5654794,0.38294798135757446,0.26237624883651733,0.04274274408817291
YDR138W,YJL192C,0,1.5651249,0.3823953866958618,0.26237624883651733,0.042842842638492584
YDR163W,YGR075C,1,1.5648823,0.3832853138446808,0.26336634159088135,0.042842842638492584
YKL173W,YOL102C,1,1.5639712,0.384172648191452,0.26435643434524536,0.042842842638492584
YGR198W,YGR020C,0,1.5629057,0.3836206793785095,0.26435643434524536,0.042942941188812256
YKR052C,YOL102C,1,1.5622448,0.384505033493042,0.2653465270996094,0.042942941188812256
YGL050W,YGL125W,0,1.5618618,0.38395416736602783,0.2653465270996094,0.043043043464422226
YNL149C,YDR191W,0,1.5614835,0.38340485095977783,0.2653465270996094,0.0431431420147419
YDL006W,YDR163W,1,1.5614163,0.38428571820259094,0.2663366198539734,0.0431431420147419
YJL002C,YGR271W,0,1.5601999,0.3837375044822693,0.2663366198539734,0.04324324429035187
YNL254C,YGL175C,0,1.5600863,0.3831908702850342,0.2663366198539734,0.04334334284067154
YPL022W,YDR347W,0,1.5598885,0.3826458156108856,0.2663366198539734,0.04344344511628151
YMR059W,YOR159C,1,1.5577724,0.38352271914482117,0.2673267424106598,0.04344344511628151
YGL090W,YJL072C,0,1.5568476,0.38297873735427856,0.2673267424106598,0.04354354366660118
YNR020C,YCR004C,0,1.5566152,0.38243627548217773,0.2673267424106598,0.04364364221692085
YDL036C,YPL038W,0,1.5565637,0.3818953335285187,0.2673267424106598,0.04374374449253082
YDR163W,YLR016C,1,1.556498,0.3827683627605438,0.2683168351650238,0.04374374449253082
YPL151C,YJL203W,1,1.5561714,0.3836389183998108,0.2693069279193878,0.04374374449253082
YKL074C,YMR268C,1,1.5555676,0.38450703024864197,0.27029702067375183,0.04374374449253082
YNL316C,YGL134W,0,1.5551385,0.38396623730659485,0.27029702067375183,0.043843843042850494
YMR087W,YNL147W,1,1.5548629,0.3848314583301544,0.27128714323043823,0.043843843042850494
YOR144C,YIL112W,0,1.5527095,0.38429173827171326,0.27128714323043823,0.043943945318460464
YJR067C,YLL022C,0,1.5519379,0.3837535083293915,0.27128714323043823,0.044044043868780136
YHR165C,YPR057W,1,1.5516317,0.38461539149284363,0.27227723598480225,0.044044043868780136
YGL172W,YOR148C,1,1.5512232,0.3854748606681824,0.27326732873916626,0.044044043868780136
YDL231C,YMR162C,0,1.5507768,0.38493722677230835,0.27326732873916626,0.04414414241909981
YER089C,YNL154C,0,1.5503182,0.3844011127948761,0.27326732873916626,0.04424424469470978
YKR022C,YNR011C,1,1.5499593,0.3852573037147522,0.2742574214935303,0.04424424469470978
YKL173W,YBR119W,1,1.5491478,0.3861111104488373,0.2752475142478943,0.04424424469470978
YGR033C,YBL037W,0,1.5476826,0.3855755925178528,0.2752475142478943,0.04434434324502945
YML049C,YER112W,1,1.5462828,0.3864265978336334,0.2762376368045807,0.04434434324502945
YLR148W,YER012W,0,1.5448009,0.3858921229839325,0.2762376368045807,0.04444444552063942
YLL036C,YOR044W,0,1.5428327,0.38535910844802856,0.2762376368045807,0.04454454407095909
YOR168W,YDL054C,0,1.5423467,0.384827584028244,0.2762376368045807,0.04464464634656906
YER007W,YNL027W,0,1.5420898,0.38429751992225647,0.2762376368045807,0.04474474489688873
YDR429C,YHR134W,0,1.539843,0.3837689161300659,0.2762376368045807,0.044844843447208405
YPR101W,YJL203W,1,1.5398384,0.38461539149284363,0.2772277295589447,0.044844843447208405
YLR147C,YPL064C,1,1.5388509,0.3854595422744751,0.2782178223133087,0.044844843447208405
YNL329C,YJR144W,0,1.5385197,0.3849315047264099,0.2782178223133087,0.044944945722818375
YDR138W,YGL083W,0,1.5381073,0.3844049274921417,0.2782178223133087,0.045045044273138046
YML071C,YKR019C,0,1.537872,0.38387978076934814,0.2782178223133087,0.045145146548748016
YBR155W,YOL001W,0,1.5363821,0.3833560645580292,0.2782178223133087,0.04524524509906769
YAL041W,YJR013W,0,1.5357965,0.3828337788581848,0.2782178223133087,0.04534534364938736
YDR235W,YDL098C,1,1.5350627,0.38367345929145813,0.27920791506767273,0.04534534364938736
YGL163C,YGR171C,0,1.5345228,0.38315218687057495,0.27920791506767273,0.04544544592499733
YNL126W,YLR309C,0,1.5340573,0.3826322853565216,0.27920791506767273,0.045545544475317
YJL149W,YLR100W,0,1.5337825,0.38211381435394287,0.27920791506767273,0.04564564675092697
YDR153C,YLR010C,0,1.5330775,0.38159674406051636,0.27920791506767273,0.04574574530124664
YBL068W,YDR191W,0,1.5320028,0.38108107447624207,0.27920791506767273,0.04584584757685661
YLR208W,YKL012W,0,1.5279168,0.38056680560112,0.27920791506767273,0.045945946127176285
YDR240C,YCR094W,0,1.5261635,0.38005390763282776,0.27920791506767273,0.046046044677495956
YMR047C,YDL107W,0,1.5251697,0.37954241037368774,0.27920791506767273,0.046146146953105927
YDR279W,YDR489W,0,1.5225724,0.3790322542190552,0.27920791506767273,0.0462462455034256
YMR197C,YDR447C,0,1.5222735,0.37852349877357483,0.27920791506767273,0.04634634777903557
YBR221C,YOR150W,0,1.5210859,0.37801608443260193,0.27920791506767273,0.04644644632935524
YNR045W,YLR163C,0,1.5210611,0.37751004099845886,0.27920791506767273,0.04654654487967491
YIR023W,YGL203C,0,1.5205714,0.37700533866882324,0.27920791506767273,0.04664664715528488
YDL159W,YLR034C,0,1.5204865,0.37650200724601746,0.27920791506767273,0.04674674570560455
YHR057C,YGL201C,0,1.51995,0.37599998712539673,0.27920791506767273,0.04684684798121452
YKR086W,YCR063W,1,1.5199165,0.37683090567588806,0.28019800782203674,0.04684684798121452
YHR165C,YNL245C,1,1.5193349,0.3776595890522003,0.28118813037872314,0.04684684798121452
YGR262C,YDR383C,0,1.5191258,0.3771580457687378,0.28118813037872314,0.046946946531534195
YMR268C,YOL006C,0,1.5190655,0.3766578137874603,0.28118813037872314,0.047047048807144165
YPL202C,YNL220W,0,1.5181397,0.3761589527130127,0.28118813037872314,0.04714714735746384
YOR295W,YKL189W,0,1.5176238,0.37566137313842773,0.28118813037872314,0.04724724590778351
YNR015W,YLR201C,0,1.5171949,0.3751651346683502,0.28118813037872314,0.04734734818339348
YKL074C,YMR240C,1,1.5165573,0.3759894371032715,0.28217822313308716,0.04734734818339348
YDL006W,YJL203W,1,1.5158703,0.37681159377098083,0.28316831588745117,0.04734734818339348
YJR112W,YLR403W,0,1.5145807,0.37631580233573914,0.28316831588745117,0.04744744673371315
YBR022W,YBR102C,1,1.5143347,0.37713533639907837,0.2841584086418152,0.04744744673371315
YNR011C,YLR298C,1,1.5143263,0.3779527544975281,0.2851485013961792,0.04744744673371315
YNR039C,YMR044W,0,1.5139279,0.3774574100971222,0.2851485013961792,0.04754754900932312
YKR022C,YPR101W,1,1.512762,0.37827226519584656,0.2861386239528656,0.04754754900932312
YBR102C,YDR240C,1,1.5119652,0.379084974527359,0.2871287167072296,0.04754754900932312
YKR002W,YNL175C,0,1.5112243,0.37859007716178894,0.2871287167072296,0.04764764755964279
YDR463W,YPR094W,1,1.5110875,0.37940025329589844,0.28811880946159363,0.04764764755964279
YLR309C,YPL064C,0,1.5107116,0.37890625,0.28811880946159363,0.04774774610996246
YKL143W,YIL159W,0,1.5106771,0.37841352820396423,0.28811880946159363,0.047847848385572433
YOR319W,YBL074C,1,1.5099791,0.37922078371047974,0.28910890221595764,0.047847848385572433
YGL079W,YML091C,0,1.5095446,0.3787289261817932,0.28910890221595764,0.047947946935892105
YDR416W,YJR050W,1,1.508437,0.37953367829322815,0.29009902477264404,0.047947946935892105
YGR222W,YBR188C,1,1.5078254,0.38033634424209595,0.29108911752700806,0.047947946935892105
YPR057W,YDL030W,1,1.506596,0.381136953830719,0.29207921028137207,0.047947946935892105
YDR088C,YKL012W,1,1.5063764,0.3819354772567749,0.2930693030357361,0.047947946935892105
YBR152W,YOR159C,1,1.50437,0.38273194432258606,0.2940593957901001,0.047947946935892105
YJL139C,YJL206C,0,1.5037835,0.38223937153816223,0.2940593957901001,0.048048049211502075
YPL122C,YML065W,0,1.503607,0.3817480802536011,0.2940593957901001,0.04814814776182175
YOR057W,YDL111C,0,1.5015974,0.3812580108642578,0.2940593957901001,0.04824825003743172
YCR052W,YMR277W,0,1.501446,0.3807692229747772,0.2940593957901001,0.04834834858775139
YKR086W,YNR011C,1,1.5012772,0.38156211376190186,0.2950495183467865,0.04834834858775139
YGR241C,YLL012W,0,1.5005406,0.3810741603374481,0.2950495183467865,0.04844844713807106
YLR219W,YDR266C,0,1.4989191,0.38058748841285706,0.2950495183467865,0.04854854941368103
YNL001W,YER050C,0,1.4981948,0.3801020383834839,0.2950495183467865,0.0486486479640007
YMR228W,YMR284W,0,1.4977417,0.379617840051651,0.2950495183467865,0.04874875023961067
YDL159W,YBR179C,0,1.4973491,0.379134863615036,0.2950495183467865,0.048848848789930344
YKL188C,YOL149W,0,1.4966962,0.3786531090736389,0.2950495183467865,0.048948947340250015
YJL165C,YPR048W,0,1.49549,0.3781725764274597,0.2950495183467865,0.049049049615859985
YBR239C,YDR166C,0,1.4945701,0.3776932954788208,0.2950495183467865,0.04914914816617966
YOR212W,YDR219C,0,1.4944786,0.377215176820755,0.2950495183467865,0.04924925044178963
YKL017C,YGL113W,0,1.4937949,0.3767383098602295,0.2950495183467865,0.0493493489921093
YJR088C,YFR009W,0,1.4932601,0.3762626349925995,0.2950495183467865,0.04944945126771927
YBR200W,YML030W,0,1.4930357,0.375788152217865,0.2950495183467865,0.04954954981803894
YJL047C,YDR283C,0,1.4924558,0.375314861536026,0.2950495183467865,0.04964964836835861
YOR381W,YDR534C,0,1.4923393,0.3748427629470825,0.2950495183467865,0.04974975064396858
YLR147C,YAR008W,1,1.4919292,0.37562814354896545,0.2960396111011505,0.04974975064396858
YPR101W,YMR087W,1,1.4905657,0.3764115571975708,0.2970297038555145,0.04974975064396858
YNL102W,YNL326C,0,1.4904506,0.37593984603881836,0.2970297038555145,0.049849849194288254
YDR378C,YLR116W,1,1.489961,0.3767209053039551,0.29801979660987854,0.049849849194288254
YGR013W,YDR482C,1,1.489446,0.3774999976158142,0.29900988936424255,0.049849849194288254
YGR278W,YPL213W,1,1.4890319,0.37827715277671814,0.30000001192092896,0.049849849194288254
YDR473C,YLR016C,1,1.4883968,0.37905237078666687,0.30099010467529297,0.049849849194288254
YER013W,YLR298C,1,1.4878983,0.3798256516456604,0.301980197429657,0.049849849194288254
YHR052W,YJR099W,0,1.4861068,0.37935322523117065,0.301980197429657,0.049949951469898224
YNL245C,YDR482C,1,1.4852935,0.38012421131134033,0.302970290184021,0.049949951469898224
YPR182W,YDR482C,1,1.4850636,0.3808932900428772,0.303960382938385,0.049949951469898224
YML043C,YHR186C,0,1.4842197,0.38042131066322327,0.303960382938385,0.050050050020217896
YLR096W,YER022W,0,1.483907,0.37995049357414246,0.303960382938385,0.05015014857053757
YGL157W,YGR276C,0,1.4838561,0.37948083877563477,0.303960382938385,0.05025025084614754
YDR473C,YPR140W,0,1.4838196,0.3790123462677002,0.303960382938385,0.05035034939646721
YPR057W,YPL213W,1,1.483535,0.37977805733680725,0.3049505054950714,0.05035034939646721
YOR319W,YOR308C,1,1.4834473,0.3805418610572815,0.3059405982494354,0.05035034939646721
YDR054C,YML109W,0,1.4832524,0.38007381558418274,0.3059405982494354,0.05045045167207718
YOR222W,YJR098C,0,1.4811916,0.37960687279701233,0.3059405982494354,0.05055055022239685
YGR222W,YKL074C,1,1.4811124,0.38036808371543884,0.30693069100379944,0.05055055022239685
YDR119W,YDR288W,0,1.4809979,0.3799019753932953,0.30693069100379944,0.05065065249800682
YAL032C,YMR216C,1,1.4799753,0.3806609511375427,0.30792078375816345,0.05065065249800682
YLL003W,YPL124W,0,1.4798752,0.38019558787345886,0.30792078375816345,0.05075075104832649
YPR075C,YGL169W,0,1.4795252,0.3797313868999481,0.30792078375816345,0.050850849598646164
YDR463W,YPR101W,1,1.479125,0.3804877996444702,0.30891087651252747,0.050850849598646164
YPL046C,YFR029W,0,1.4779822,0.38002437353134155,0.30891087651252747,0.050950951874256134
YBR281C,YOR003W,0,1.476177,0.37956205010414124,0.30891087651252747,0.051051050424575806
YBR237W,YLR298C,1,1.4755214,0.3803159296512604,0.30990099906921387,0.051051050424575806
YMR077C,YPL237W,0,1.4754506,0.37985438108444214,0.30990099906921387,0.051151152700185776
YKR098C,YDL077C,0,1.4749947,0.37939393520355225,0.30990099906921387,0.05125125125050545
YPL083C,YDL098C,1,1.4749115,0.38014528155326843,0.3108910918235779,0.05125125125050545
YOL044W,YMR211W,0,1.4748764,0.3796856105327606,0.3108910918235779,0.05135134980082512
YDL194W,YHR143W-A,0,1.4740878,0.37922704219818115,0.3108910918235779,0.05145145207643509
YGR075C,YFL008W,0,1.4737271,0.3787696063518524,0.3108910918235779,0.05155155062675476
YBR081C,YER111C,0,1.473649,0.37831324338912964,0.3108910918235779,0.05165165290236473
YMR022W,YKR037C,0,1.4726644,0.3778580129146576,0.3108910918235779,0.0517517514526844
YBR055C,YPR134W,1,1.4724551,0.37860578298568726,0.3118811845779419,0.0517517514526844
YDR378C,YJL203W,1,1.4723314,0.37935173511505127,0.3128712773323059,0.0517517514526844
YKR086W,YBR237W,1,1.4722016,0.3800959289073944,0.3138613998889923,0.0517517514526844
YCR067C,YOL001W,0,1.4705726,0.37964072823524475,0.3138613998889923,0.051851850003004074
YPR111W,YER154W,0,1.4697915,0.37918660044670105,0.3138613998889923,0.051951952278614044
YIL002C,YDR312W,0,1.4683683,0.3787335753440857,0.3138613998889923,0.052052050828933716
YLR222C,YML038C,0,1.4668139,0.3782816231250763,0.3138613998889923,0.052152153104543686
YER016W,YBL057C,0,1.4663578,0.37783074378967285,0.3138613998889923,0.05225225165486336
YPL060W,YDL084W,1,1.4657598,0.37857142090797424,0.3148514926433563,0.05225225165486336
YBR217W,YMR164C,0,1.4652082,0.3781212866306305,0.3148514926433563,0.05235235393047333
YLR440C,YDR296W,0,1.46449,0.3776721954345703,0.3148514926433563,0.052452452480793
YHR176W,YDR182W,0,1.464425,0.3772242069244385,0.3148514926433563,0.05255255103111267
YPL083C,YOR148C,1,1.4633225,0.3779620826244354,0.31584158539772034,0.05255255103111267
YLR398C,YLR404W,0,1.4620725,0.3775147795677185,0.31584158539772034,0.05265265330672264
YGL021W,YMR247C,0,1.4619116,0.37706854939460754,0.31584158539772034,0.05275275185704231
YJR055W,YDR207C,0,1.4618679,0.37662336230278015,0.31584158539772034,0.05285285413265228
YMR086W,YBR243C,0,1.4617685,0.3761792480945587,0.31584158539772034,0.052952952682971954
YLR238W,YMR029C,0,1.461469,0.37573614716529846,0.31584158539772034,0.053053051233291626
YNL222W,YER130C,0,1.460393,0.37529411911964417,0.31584158539772034,0.053153153508901596
YKR009C,YJL140W,0,1.4590969,0.37485310435295105,0.31584158539772034,0.05325325205922127
YPL157W,YDL043C,0,1.4577886,0.3744131326675415,0.31584158539772034,0.05335335433483124
YBR070C,YKR019C,0,1.4568005,0.3739742040634155,0.31584158539772034,0.05345345288515091
YLR318W,YKR050W,0,1.45636,0.37353628873825073,0.31584158539772034,0.05355355516076088
YMR047C,YGL174W,1,1.4557642,0.3742690086364746,0.31683167815208435,0.05355355516076088
YPL046C,YBR267W,0,1.4543376,0.37383177876472473,0.31683167815208435,0.05365365371108055
YKL211C,YDR253C,0,1.4540392,0.37339556217193604,0.31683167815208435,0.05375375226140022
YGL099W,YDL138W,0,1.4521025,0.3729603588581085,0.31683167815208435,0.05385385453701019
YLR319C,YOL010W,0,1.4515631,0.3725261986255646,0.31683167815208435,0.053953953087329865
YLL035W,YOR159C,0,1.4485279,0.3720930218696594,0.31683167815208435,0.054054055362939835
YJL090C,YOL092W,0,1.4472865,0.37166085839271545,0.31683167815208435,0.054154153913259506
YOR284W,YLR394W,0,1.4468919,0.37122970819473267,0.31683167815208435,0.05425425246357918
YPR079W,YGR215W,0,1.4468827,0.37079954147338867,0.31683167815208435,0.05435435473918915
YJL033W,YFL008W,0,1.444858,0.37037035822868347,0.31683167815208435,0.05445445328950882
YNL151C,YDR260C,0,1.4434363,0.36994218826293945,0.31683167815208435,0.05455455556511879
YOR151C,YIL159W,0,1.4434134,0.36951500177383423,0.31683167815208435,0.05465465411543846
YLR086W,YPL094C,0,1.4432464,0.3690887987613678,0.31683167815208435,0.05475475639104843
YOR209C,YDR288W,0,1.4430172,0.36866360902786255,0.31683167815208435,0.0548548549413681
YIR005W,YKR086W,1,1.4419998,0.3693901002407074,0.31782177090644836,0.0548548549413681
YLR117C,YDR473C,1,1.4414929,0.3701149523258209,0.31881189346313477,0.0548548549413681
YJL011C,YIL010W,0,1.4396945,0.3696900010108948,0.31881189346313477,0.054954953491687775
YLR033W,YPL128C,0,1.4394106,0.3692660629749298,0.31881189346313477,0.055055055767297745
YGL136C,YKR020W,0,1.4392542,0.36884307861328125,0.31881189346313477,0.055155154317617416
YDL108W,YGL077C,0,1.4388322,0.3684210479259491,0.31881189346313477,0.055255256593227386
YNR020C,YJL092W,0,1.4386885,0.36800000071525574,0.31881189346313477,0.05535535514354706
YPR057W,YML046W,1,1.438108,0.36872145533561707,0.3198019862174988,0.05535535514354706
YPL158C,YGL155W,0,1.4366603,0.36830103397369385,0.3198019862174988,0.05545545369386673
YDR235W,YMR059W,1,1.4358189,0.3690204918384552,0.3207920789718628,0.05545545369386673
YLL036C,YGR091W,1,1.4357709,0.3697383403778076,0.3217821717262268,0.05545545369386673
YGL186C,YDR104C,0,1.4357096,0.3693181872367859,0.3217821717262268,0.0555555559694767
YGR195W,YDR494W,0,1.4337739,0.36889898777008057,0.3217821717262268,0.05565565451979637
YMR227C,YAL033W,0,1.4331769,0.36848071217536926,0.3217821717262268,0.05575575679540634
YDL164C,YBR260C,0,1.4331263,0.36806342005729675,0.3217821717262268,0.05585585534572601
YBL067C,YNR015W,0,1.4316429,0.36764705181121826,0.3217821717262268,0.05595595762133598
YBR239C,YHR045W,0,1.4313504,0.3672316372394562,0.3217821717262268,0.056056056171655655
YJL092W,YCR089W,0,1.4313059,0.3668171465396881,0.3217821717262268,0.05615615472197533
YOL088C,YNL129W,0,1.4311711,0.36640360951423645,0.3217821717262268,0.0562562569975853
YJL087C,YPL084W,0,1.4308541,0.3659909963607788,0.3217821717262268,0.05635635554790497
YMR273C,YBR166C,0,1.4307433,0.3655793070793152,0.3217821717262268,0.05645645782351494
YMR221C,YCR092C,0,1.4301943,0.3651685416698456,0.3217821717262268,0.05655655637383461
YOL158C,YER118C,0,1.4299406,0.36475870013237,0.3217821717262268,0.05665665492415428
YGR276C,YGL211W,0,1.4299363,0.3643497824668884,0.3217821717262268,0.05675675719976425
YLR275W,YPR178W,1,1.4299327,0.36506158113479614,0.3227722644805908,0.05675675719976425
YNR011C,YBR188C,1,1.4298288,0.3657718002796173,0.3237623870372772,0.05675675719976425
YLR117C,YEL029C,0,1.4298195,0.36536312103271484,0.3237623870372772,0.05685685575008392
YGL113W,YNL084C,0,1.4291378,0.3649553656578064,0.3237623870372772,0.05695695802569389
YDR373W,YLR117C,0,1.428772,0.3645485043525696,0.3237623870372772,0.057057056576013565
YDR448W,YNL245C,0,1.4278783,0.3641425371170044,0.3237623870372772,0.057157158851623535
YPL083C,YGR091W,1,1.4278685,0.36484983563423157,0.32475247979164124,0.057157158851623535
YBR055C,YKL095W,1,1.4271954,0.3655555546283722,0.32574257254600525,0.057157158851623535
YBR231C,YBR055C,0,1.427163,0.3651498258113861,0.32574257254600525,0.05725725740194321
YLR459W,YIL128W,0,1.4266361,0.36474502086639404,0.32574257254600525,0.05735735595226288
YGL128C,YMR268C,1,1.4265362,0.3654485046863556,0.32673266530036926,0.05735735595226288
YBL103C,YDR120C,0,1.4265174,0.3650442361831665,0.32673266530036926,0.05745745822787285
YJR022W,YCR066W,0,1.4264516,0.36464089155197144,0.32673266530036926,0.05755755677819252
YLR319C,YOR127W,0,1.4263866,0.3642384111881256,0.32673266530036926,0.05765765905380249
YJR138W,YML109W,0,1.4263724,0.3638368248939514,0.32673266530036926,0.05775775760412216
YCR047C,YIL135C,0,1.4261255,0.36343613266944885,0.32673266530036926,0.057857856154441833
YGR277C,YAL053W,0,1.4258939,0.36303630471229553,0.32673266530036926,0.057957958430051804
YAL003W,YDR285W,0,1.4255868,0.36263737082481384,0.32673266530036926,0.058058056980371475
YIR032C,YLR306W,0,1.4255639,0.3622393012046814,0.32673266530036926,0.058158159255981445
YDR389W,YMR235C,0,1.425109,0.3618420958518982,0.32673266530036926,0.05825825780630112
YOR371C,YDR473C,0,1.4243054,0.3614457845687866,0.32673266530036926,0.05835836008191109
YLR298C,YBR102C,1,1.4242729,0.362144410610199,0.3277227580547333,0.05835836008191109
YOL147C,YKR097W,0,1.4242198,0.3617486357688904,0.3277227580547333,0.05845845863223076
YDR463W,YLR147C,1,1.4236804,0.3624454140663147,0.3287128806114197,0.05845845863223076
YGL106W,YOR069W,0,1.4231858,0.3620501756668091,0.3287128806114197,0.05855855718255043
YDL044C,YER130C,0,1.4229894,0.3616557717323303,0.3287128806114197,0.0586586594581604
YIL158W,YHR036W,0,1.4227778,0.3612622320652008,0.3287128806114197,0.05875875800848007
YNL166C,YFR019W,0,1.4221996,0.36086955666542053,0.3287128806114197,0.05885886028409004
YNR047W,YBL057C,0,1.4219626,0.3604777455329895,0.3287128806114197,0.058958958834409714
YFR052W,YKL101W,0,1.4207777,0.3600867688655853,0.3287128806114197,0.059059057384729385
YDL051W,YHR134W,0,1.4197177,0.359696626663208,0.3287128806114197,0.059159159660339355
YDR478W,YGL094C,0,1.4196807,0.35930734872817993,0.3287128806114197,0.05925925821065903
YPL211W,YHR079C,0,1.4196285,0.3589189052581787,0.3287128806114197,0.059359360486269
YHR161C,YOR115C,0,1.4167002,0.35853132605552673,0.3287128806114197,0.05945945903658867
YLR424W,YJL203W,1,1.4162086,0.35922330617904663,0.3297029733657837,0.05945945903658867
YDR499W,YKL189W,0,1.41615,0.35883620381355286,0.3297029733657837,0.05955956131219864
YJL090C,YIL040W,0,1.4161371,0.35844993591308594,0.3297029733657837,0.05965965986251831
YFL023W,YCL034W,0,1.4151264,0.3580645024776459,0.3297029733657837,0.05975975841283798
YGR278W,YAR019C,0,1.4146224,0.35767990350723267,0.3297029733657837,0.05985986068844795
YFR013W,YOL070C,0,1.4144641,0.3572961390018463,0.3297029733657837,0.059959959238767624
YHR002W,YMR044W,0,1.4140286,0.35691317915916443,0.3297029733657837,0.060060061514377594
YDR444W,YGL233W,0,1.4132419,0.3565310537815094,0.3297029733657837,0.060160160064697266
YOR251C,YPL047W,0,1.4125248,0.35614973306655884,0.3297029733657837,0.06026025861501694
YGR278W,YER172C,1,1.4114858,0.35683760046958923,0.3306930661201477,0.06026025861501694
YJL133W,YFR007W,0,1.4111022,0.35645678639411926,0.3306930661201477,0.06036036089062691
YDR126W,YBR251W,0,1.411065,0.35607674717903137,0.3306930661201477,0.06046045944094658
YLR424W,YGR074W,1,1.4109976,0.35676249861717224,0.3316831588745117,0.06046045944094658
YLR319C,YOL031C,0,1.4103998,0.35638296604156494,0.3316831588745117,0.06056056171655655
YJL203W,YLR427W,0,1.4096756,0.3560042381286621,0.3316831588745117,0.06066066026687622
YBL064C,YJR034W,0,1.4083029,0.35562631487846375,0.3316831588745117,0.06076076254248619
YLR116W,YBR247C,0,1.4073635,0.35524919629096985,0.3316831588745117,0.06086086109280586
YKL012W,YMR125W,1,1.4067489,0.35593220591545105,0.3326732814311981,0.06086086109280586
YDL043C,YKR052C,1,1.4067199,0.35661375522613525,0.33366337418556213,0.06086086109280586
YOR145C,YER161C,0,1.4066237,0.3562367856502533,0.33366337418556213,0.060960959643125534
YGR281W,YLR020C,0,1.4060825,0.3558606207370758,0.33366337418556213,0.061061061918735504
YKL205W,YGL122C,0,1.4059732,0.3554852306842804,0.33366337418556213,0.061161160469055176
YIL079C,YIL083C,0,1.4059238,0.35511064529418945,0.33366337418556213,0.061261262744665146
YBR164C,YJL113W,0,1.4056993,0.3547368347644806,0.33366337418556213,0.06136136129498482
YOR275C,YMR019W,0,1.405531,0.3543638288974762,0.33366337418556213,0.06146145984530449
YLR073C,YBR096W,0,1.4051574,0.3539915978908539,0.33366337418556213,0.06156156212091446
YCR066W,YBR175W,0,1.4041703,0.35362014174461365,0.33366337418556213,0.06166166067123413
YNL152W,YHR077C,0,1.4039702,0.3532494902610779,0.33366337418556213,0.0617617629468441
YGR216C,YIL132C,0,1.4031118,0.3528795838356018,0.33366337418556213,0.06186186149716377
YGL172W,YMR213W,1,1.4024177,0.35355648398399353,0.33465346693992615,0.06186186149716377
YMR033W,YDL147W,0,1.4023443,0.35318705439567566,0.33465346693992615,0.06196196377277374
YPL242C,YER101C,0,1.4021349,0.3528183698654175,0.33465346693992615,0.062062062323093414
YKR002W,YOR212W,0,1.4019064,0.3524504601955414,0.33465346693992615,0.062162160873413086
YDR222W,YOR274W,0,1.401554,0.35208332538604736,0.33465346693992615,0.062262263149023056
YLL027W,YLR364W,0,1.4012897,0.3517169654369354,0.33465346693992615,0.06236236169934273
YML097C,YLR034C,0,1.4009279,0.3513513505458832,0.33465346693992615,0.0624624639749527
YDL080C,YMR032W,0,1.4009188,0.350986510515213,0.33465346693992615,0.06256256252527237
YER029C,YOR319W,1,1.4000851,0.35165974497795105,0.33564355969429016,0.06256256252527237
YOR094W,YDL024C,0,1.3992276,0.3512953221797943,0.33564355969429016,0.06266266107559204
YDR364C,YGR074W,1,1.3988637,0.35196688771247864,0.3366336524486542,0.06266266107559204
YJL178C,YLR182W,0,1.3986429,0.3516028821468353,0.3366336524486542,0.06276275962591171
YLR396C,YLL002W,0,1.395453,0.3512396812438965,0.3366336524486542,0.06286286562681198
YMR293C,YKL208W,0,1.3935148,0.35087719559669495,0.3366336524486542,0.06296296417713165
YIL095W,YEL056W,0,1.3930198,0.3505154550075531,0.3366336524486542,0.06306306272745132
YIL031W,YCL059C,0,1.3923889,0.35015448927879333,0.3366336524486542,0.063163161277771
YLR116W,YDR208W,0,1.3918132,0.3497942388057709,0.3366336524486542,0.06326325982809067
YFR029W,YNL080C,0,1.3906606,0.3494347333908081,0.3366336524486542,0.06336336582899094
YPL083C,YLR298C,1,1.3888443,0.35010266304016113,0.3376237750053406,0.06336336582899094
YOR074C,YNL127W,0,1.3885179,0.3497435748577118,0.3376237750053406,0.06346346437931061
YPL227C,YJR082C,0,1.3885167,0.34938523173332214,0.3376237750053406,0.06356356292963028
YIL063C,YDR265W,0,1.3882724,0.3490276336669922,0.3376237750053406,0.06366366147994995
YOL066C,YBL103C,0,1.3881862,0.34867075085639954,0.3376237750053406,0.06376376748085022
YMR044W,YDR052C,0,1.3876307,0.3483146131038666,0.3376237750053406,0.06386386603116989
YDL017W,YLR418C,0,1.3874903,0.3479591906070709,0.3376237750053406,0.06396396458148956
YLR319C,YBL020W,0,1.3863713,0.3476044833660126,0.3376237750053406,0.06406406313180923
YDL006W,YDR378C,1,1.3861758,0.3482688367366791,0.3386138677597046,0.06406406313180923
YBR215W,YHR047C,0,1.3861307,0.34791454672813416,0.3386138677597046,0.0641641616821289
YER027C,YJL124C,0,1.385417,0.34756097197532654,0.3386138677597046,0.06426426768302917
YML007W,YGL163C,0,1.3851141,0.3472081124782562,0.3386138677597046,0.06436436623334885
YLR368W,YOR039W,0,1.3846575,0.3468559980392456,0.3386138677597046,0.06446446478366852
YJL156C,YIL128W,0,1.3844885,0.3465045690536499,0.3386138677597046,0.06456456333398819
YIL112W,YIL039W,0,1.3841286,0.3461538553237915,0.3386138677597046,0.06466466188430786
YAR008W,YDR473C,1,1.3841136,0.34681496024131775,0.3396039605140686,0.06466466188430786
YDL099W,YNL293W,0,1.3836781,0.3464646339416504,0.3396039605140686,0.06476476788520813
YDR316W,YDL110C,0,1.3830863,0.34611502289772034,0.3396039605140686,0.0648648664355278
YMR134W,YER030W,0,1.3825305,0.3457661271095276,0.3396039605140686,0.06496496498584747
YLR368W,YDR478W,0,1.3820971,0.34541791677474976,0.3396039605140686,0.06506506353616714
YOL034W,YJL071W,0,1.3817046,0.34507042169570923,0.3396039605140686,0.06516516208648682
YPR107C,YDR101C,0,1.381662,0.3447236120700836,0.3396039605140686,0.06526526808738708
YDR352W,YNL159C,0,1.3814723,0.3443775177001953,0.3396039605140686,0.06536536663770676
YNL222W,YDR074W,0,1.3814279,0.3440321087837219,0.3396039605140686,0.06546546518802643
YBL067C,YLR086W,0,1.38072,0.34368738532066345,0.3396039605140686,0.0655655637383461
YPR047W,YDR444W,0,1.3804839,0.3433433473110199,0.3396039605140686,0.06566566228866577
YAR019C,YDR364C,0,1.3804562,0.34299999475479126,0.3396039605140686,0.06576576828956604
YER029C,YKR052C,1,1.3793496,0.3436563313007355,0.3405940532684326,0.06576576828956604
YJR059W,YGL079W,0,1.3790791,0.3433133661746979,0.3405940532684326,0.06586586683988571
YNL267W,YIL016W,0,1.3785111,0.3429710865020752,0.3405940532684326,0.06596596539020538
YJL071W,YBR170C,0,1.378239,0.34262949228286743,0.3405940532684326,0.06606606394052505
YJR119C,YOL001W,0,1.377171,0.3422885537147522,0.3405940532684326,0.06616616249084473
YCR081W,YNL147W,0,1.3759707,0.3419483006000519,0.3405940532684326,0.066266268491745
YPR190C,YDL069C,0,1.3746984,0.3416087329387665,0.3405940532684326,0.06636636704206467
YNL316C,YPL188W,0,1.3735985,0.341269850730896,0.3405940532684326,0.06646646559238434
YLR398C,YGL019W,0,1.3729287,0.34093162417411804,0.3405940532684326,0.06656656414270401
YGL086W,YFL002C,0,1.3721002,0.3405940532684326,0.3405940532684326,0.06666667014360428
YIL122W,YOL115W,0,1.3715304,0.3402571678161621,0.3405940532684326,0.06676676869392395
YLR105C,YKL012W,1,1.3708818,0.34090909361839294,0.34158414602279663,0.06676676869392395
YMR239C,YOR025W,0,1.369445,0.3405725657939911,0.34158414602279663,0.06686686724424362
YNR041C,YNL095C,0,1.3693534,0.34023669362068176,0.34158414602279663,0.0669669657945633
YER169W,YKL176C,0,1.3690785,0.33990147709846497,0.34158414602279663,0.06706706434488297
YDR379W,YLR320W,0,1.3684126,0.3395669162273407,0.34158414602279663,0.06716717034578323
YLR298C,YGL120C,1,1.3673218,0.3402163088321686,0.34257426857948303,0.06716717034578323
YBR084W,YPR073C,0,1.3665757,0.33988213539123535,0.34257426857948303,0.0672672688961029
YDL080C,YCR042C,0,1.3661472,0.33954858779907227,0.34257426857948303,0.06736736744642258
YER065C,YGL077C,0,1.3659596,0.3392156958580017,0.34257426857948303,0.06746746599674225
YNL224C,YKR020W,0,1.3656957,0.3388834595680237,0.34257426857948303,0.06756756454706192
YKL154W,YDR358W,0,1.3648531,0.3385518491268158,0.34257426857948303,0.06766767054796219
YER171W,YOL018C,0,1.3648268,0.3382209241390228,0.34257426857948303,0.06776776909828186
YOR371C,YBR077C,0,1.3644196,0.337890625,0.34257426857948303,0.06786786764860153
YKL190W,YDR532C,0,1.3621236,0.3375609815120697,0.34257426857948303,0.0679679661989212
YKL074C,YER146W,1,1.3619366,0.33820661902427673,0.34356436133384705,0.0679679661989212
YIR012W,YGR047C,0,1.3618551,0.3378773033618927,0.34356436133384705,0.06806806474924088
YER013W,YPL151C,1,1.3616002,0.33852139115333557,0.34455445408821106,0.06806806474924088
YCR033W,YLL019C,0,1.3607146,0.3381924331188202,0.34455445408821106,0.06816817075014114
YMR087W,YER013W,1,1.3604348,0.3388349413871765,0.3455445468425751,0.06816817075014114
YIL061C,YMR087W,1,1.360223,0.33947622776031494,0.3465346395969391,0.06816817075014114
YLR090W,YHR066W,0,1.3598922,0.33914729952812195,0.3465346395969391,0.06826826930046082
YNR007C,YBR070C,0,1.3592222,0.3388189673423767,0.3465346395969391,0.06836836785078049
YFL048C,YBL021C,0,1.3586861,0.338491290807724,0.3465346395969391,0.06846846640110016
YJL112W,YJR126C,0,1.3564814,0.33816424012184143,0.3465346395969391,0.06856856495141983
YBR257W,YGR280C,0,1.356307,0.3378378450870514,0.3465346395969391,0.0686686709523201
YER019C-A,YNL261W,0,1.3544382,0.3375120460987091,0.3465346395969391,0.06876876950263977
YIL168W,YPL269W,0,1.354196,0.33718690276145935,0.3465346395969391,0.06886886805295944
YML115C,YGL172W,0,1.3533837,0.33686235547065735,0.3465346395969391,0.06896896660327911
YGR246C,YEL012W,0,1.3532046,0.3365384638309479,0.3465346395969391,0.06906907260417938
YER144C,YOR216C,0,1.352722,0.33621516823768616,0.3465346395969391,0.06916917115449905
YKR086W,YDL084W,1,1.3526288,0.33685219287872314,0.3475247621536255,0.06916917115449905
YBR215W,YJL117W,0,1.3525897,0.3365292549133301,0.3475247621536255,0.06926926970481873
YJR036C,YKR028W,0,1.3518238,0.3362068831920624,0.3475247621536255,0.0693693682551384
YCR014C,YKL061W,0,1.3513337,0.3358851671218872,0.3475247621536255,0.06946946680545807
YBR210W,YKR030W,0,1.3497795,0.3355640470981598,0.3475247621536255,0.06956957280635834
YNL286W,YOL102C,1,1.3496236,0.3361986577510834,0.3485148549079895,0.06956957280635834
YLR226W,YOL148C,0,1.3488034,0.3358778655529022,0.3485148549079895,0.06966967135667801
YLR424W,YPR082C,1,1.348599,0.33651095628738403,0.3495049476623535,0.06966967135667801
YBR228W,YFL036W,0,1.3479235,0.33619046211242676,0.3495049476623535,0.06976976990699768
YER016W,YPL045W,0,1.3472608,0.3358705937862396,0.3495049476623535,0.06986986845731735
YER029C,YDL087C,1,1.346562,0.3365018963813782,0.35049504041671753,0.06986986845731735
YJR107W,YMR288W,0,1.3464721,0.3361823260784149,0.35049504041671753,0.06996996700763702
YKR009C,YDR451C,0,1.3460705,0.3358633816242218,0.35049504041671753,0.07007007300853729
YNL127W,YJR015W,0,1.3455757,0.33554503321647644,0.35049504041671753,0.07017017155885696
YNL224C,YOR334W,1,1.3453776,0.33617424964904785,0.35148516297340393,0.07017017155885696
YIL177C,YOR106W,0,1.3451173,0.33585619926452637,0.35148516297340393,0.07027027010917664
YJR119C,YLR240W,0,1.34447,0.33553874492645264,0.35148516297340393,0.07037036865949631
YFR041C,YDR267C,0,1.3440703,0.33522191643714905,0.35148516297340393,0.07047046720981598
YBR002C,YCR081W,0,1.3430645,0.3349056541919708,0.35148516297340393,0.07057057321071625
YLR221C,YPL045W,0,1.3425659,0.33459001779556274,0.35148516297340393,0.07067067176103592
YNL298W,YDL129W,0,1.3419139,0.33427494764328003,0.35148516297340393,0.07077077031135559
YOR256C,YLL052C,0,1.3414266,0.33396050333976746,0.35148516297340393,0.07087086886167526
YAL058W,YPR048W,0,1.3414146,0.33364662528038025,0.35148516297340393,0.07097096741199493
YER115C,YGL163C,0,1.340808,0.3333333432674408,0.35148516297340393,0.0710710734128952
YNR056C,YJL122W,0,1.3405954,0.3330206274986267,0.35148516297340393,0.07117117196321487
YAL009W,YAL047C,0,1.3401649,0.33270853757858276,0.35148516297340393,0.07127127051353455
YAL034W-A,YPL269W,0,1.3394903,0.3323970139026642,0.35148516297340393,0.07137136906385422
YHR165C,YKL173W,1,1.339304,0.33302152156829834,0.35247525572776794,0.07137136906385422
YHR178W,YER012W,0,1.3389395,0.33271026611328125,0.35247525572776794,0.07147147506475449
YGR179C,YER051W,0,1.338504,0.3323996365070343,0.35247525572776794,0.07157157361507416
YNL227C,YKL160W,0,1.3380183,0.33208954334259033,0.35247525572776794,0.07167167216539383
YER101C,YDL226C,0,1.3374145,0.3317800462245941,0.35247525572776794,0.0717717707157135
YGL044C,YLR446W,0,1.3369855,0.33147114515304565,0.35247525572776794,0.07187186926603317
YNR022C,YHR030C,0,1.3369691,0.33116278052330017,0.35247525572776794,0.07197197526693344
YOL117W,YGL032C,0,1.3363782,0.33085501194000244,0.35247525572776794,0.07207207381725311
YDR243C,YKL012W,1,1.3359152,0.3314763307571411,0.35346534848213196,0.07207207381725311
YDR235W,YPL064C,1,1.3354807,0.33209648728370667,0.35445544123649597,0.07207207381725311
YKL135C,YOR269W,0,1.335474,0.33178868889808655,0.35445544123649597,0.07217217236757278
YCR063W,YDL087C,1,1.3349272,0.3324074149131775,0.35544553399086,0.07217217236757278
YMR098C,YPL246C,0,1.334108,0.33209991455078125,0.35544553399086,0.07227227091789246
YOR257W,YJL011C,0,1.3339869,0.3317929804325104,0.35544553399086,0.07237236946821213
YGR231C,YDR480W,0,1.3334285,0.33148661255836487,0.35544553399086,0.0724724754691124
YAR007C,YJL156C,0,1.3330415,0.3311808109283447,0.35544553399086,0.07257257401943207
YJR050W,YBL026W,1,1.3326912,0.3317972421646118,0.3564356565475464,0.07257257401943207
YDR243C,YGR006W,1,1.3323253,0.3324125111103058,0.3574257493019104,0.07257257401943207
YKR008W,YDR410C,0,1.332241,0.33210670948028564,0.3574257493019104,0.07267267256975174
YNR049C,YCR066W,0,1.3314337,0.33180147409439087,0.3574257493019104,0.07277277112007141
YGL097W,YKL139W,0,1.3303726,0.3314967751502991,0.3574257493019104,0.07287286967039108
YOR054C,YMR032W,0,1.3288966,0.33119267225265503,0.3574257493019104,0.07297297567129135
YOR353C,YPL244C,0,1.3282719,0.33088910579681396,0.3574257493019104,0.07307307422161102
YLR214W,YNR026C,0,1.3277537,0.3305860757827759,0.3574257493019104,0.0731731727719307
YLR047C,YFR007W,0,1.3263029,0.33028361201286316,0.3574257493019104,0.07327327132225037
YMR044W,YPR081C,0,1.3260719,0.3299817144870758,0.3574257493019104,0.07337336987257004
YOR353C,YDR285W,0,1.3259232,0.32968035340309143,0.3574257493019104,0.0734734758734703
YDR118W,YGL232W,0,1.3247834,0.3293795585632324,0.3574257493019104,0.07357357442378998
YNR039C,YLR320W,0,1.3242193,0.3290793001651764,0.3574257493019104,0.07367367297410965
YHR143W-A,YER111C,0,1.3234731,0.3287796080112457,0.3574257493019104,0.07377377152442932
YKR022C,YMR216C,1,1.3231795,0.32939034700393677,0.3584158420562744,0.07377377152442932
YPL046C,YBL058W,0,1.3219246,0.3290909230709076,0.3584158420562744,0.07387387752532959
YDL030W,YKL015W,0,1.3216218,0.328792005777359,0.3584158420562744,0.07397397607564926
YKR061W,YGR276C,0,1.320998,0.3284936547279358,0.3584158420562744,0.07407407462596893
YPL227C,YPL038W,0,1.3206977,0.32819584012031555,0.3584158420562744,0.0741741731762886
YKL092C,YJL129C,0,1.3202757,0.3278985619544983,0.3584158420562744,0.07427427172660828
YGL156W,YML062C,0,1.3192462,0.327601820230484,0.3584158420562744,0.07437437772750854
YMR014W,YDR051C,0,1.3188388,0.3273056149482727,0.3584158420562744,0.07447447627782822
YDR485C,YDL155W,0,1.3181347,0.3270099461078644,0.3584158420562744,0.07457457482814789
YMR067C,YNL245C,0,1.317161,0.32671481370925903,0.3584158420562744,0.07467467337846756
YBR155W,YLR404W,0,1.3168616,0.3264201879501343,0.3584158420562744,0.07477477192878723
YDL020C,YDL166C,0,1.3167647,0.3261261284351349,0.3584158420562744,0.0748748779296875
YMR213W,YHL038C,1,1.3163074,0.32673266530036926,0.3594059348106384,0.0748748779296875
YJL014W,YDR131C,0,1.3162824,0.326438844203949,0.3594059348106384,0.07497497648000717
YJL112W,YPR018W,0,1.3154606,0.32614555954933167,0.3594059348106384,0.07507507503032684
YLR165C,YER050C,0,1.314707,0.32585278153419495,0.3594059348106384,0.07517517358064651
YGR009C,YIL049W,0,1.3142613,0.3255605399608612,0.3594059348106384,0.07527527213096619
YDR364C,YPL213W,1,1.3133296,0.3261648714542389,0.36039602756500244,0.07527527213096619
YMR162C,YMR213W,0,1.3128289,0.32587286829948425,0.36039602756500244,0.07537537813186646
YJL095W,YKL143W,0,1.312679,0.3255814015865326,0.36039602756500244,0.07547547668218613
YDL193W,YKR045C,0,1.3120159,0.3252904415130615,0.36039602756500244,0.0755755752325058
YOR308C,YDL098C,1,1.3119394,0.3258928656578064,0.36138615012168884,0.0755755752325058
YBR231C,YLR078C,0,1.3110642,0.32560214400291443,0.36138615012168884,0.07567567378282547
YLR002C,YLR010C,0,1.3108711,0.32531192898750305,0.36138615012168884,0.07577577233314514
YMR162C,YPL095C,0,1.3096255,0.32502225041389465,0.36138615012168884,0.07587587833404541
YLL009C,YDR387C,0,1.308824,0.32473310828208923,0.36138615012168884,0.07597597688436508
YER029C,YOL102C,1,1.3086095,0.3253333270549774,0.36237624287605286,0.07597597688436508
YDL098C,YJL133W,1,1.3084874,0.32593250274658203,0.36336633563041687,0.07597597688436508
YDR416W,YAR008W,1,1.3082536,0.3265306055545807,0.3643564283847809,0.07597597688436508
YAL014C,YIL159W,0,1.308165,0.326241135597229,0.3643564283847809,0.07607607543468475
YKR022C,YMR213W,1,1.3080119,0.3268378973007202,0.3653465211391449,0.07607607543468475
YGR246C,YNL188W,0,1.3076719,0.32654866576194763,0.3653465211391449,0.07617617398500443
YHR061C,YCR067C,0,1.3075372,0.32625994086265564,0.3653465211391449,0.0762762799859047
YML094W,YDR313C,0,1.307248,0.32597172260284424,0.3653465211391449,0.07637637853622437
YDR130C,YOR242C,0,1.304228,0.3256840109825134,0.3653465211391449,0.07647647708654404
YPL083C,YLR323C,1,1.3039815,0.3262786567211151,0.3663366436958313,0.07647647708654404
YBR267W,YGL203C,0,1.3025054,0.3259911835193634,0.3663366436958313,0.07657657563686371
YLR088W,YEL063C,0,1.3024715,0.3257042169570923,0.3663366436958313,0.07667667418718338
YPL195W,YNR021W,0,1.3021936,0.32541775703430176,0.3663366436958313,0.07677678018808365
YPL177C,YDR013W,0,1.3010126,0.3251318037509918,0.3663366436958313,0.07687687873840332
YLR138W,YGL145W,0,1.3009816,0.3248463571071625,0.3663366436958313,0.07697697728872299
YOR222W,YER137C,0,1.2999549,0.3245614171028137,0.3663366436958313,0.07707707583904266
YKR008W,YKL140W,0,1.299424,0.32427695393562317,0.3663366436958313,0.07717717438936234
YDR196C,YAL010C,0,1.2991226,0.3239929974079132,0.3663366436958313,0.0772772803902626
YGR116W,YDL002C,0,1.2990884,0.32370954751968384,0.3663366436958313,0.07737737894058228
YPR108W,YMR075W,0,1.2982684,0.32342657446861267,0.3663366436958313,0.07747747749090195
YDR376W,YKL008C,0,1.2981223,0.3231441080570221,0.3663366436958313,0.07757757604122162
YER146W,YHR134W,0,1.2978548,0.3228621184825897,0.3663366436958313,0.07767767459154129
YKL212W,YOR233W,0,1.2973162,0.32258063554763794,0.3663366436958313,0.07777778059244156
YDR378C,YGR134W,0,1.2970564,0.32229965925216675,0.3663366436958313,0.07787787914276123
YDR473C,YMR240C,1,1.2961413,0.3228894770145416,0.3673267364501953,0.07787787914276123
YPR118W,YER020W,0,1.2955405,0.32260870933532715,0.3673267364501953,0.0779779776930809
YKL074C,YGR006W,1,1.2950517,0.32319721579551697,0.3683168292045593,0.0779779776930809
YKL027W,YPL181W,0,1.2920704,0.3229166567325592,0.3683168292045593,0.07807807624340057
YJL065C,YDR266C,0,1.2911214,0.32263660430908203,0.3683168292045593,0.07817817479372025
YMR047C,YPL151C,1,1.2906712,0.3232235610485077,0.36930692195892334,0.07817817479372025
YDR163W,YDR194C,1,1.2904036,0.32380953431129456,0.37029704451560974,0.07817817479372025
YGR056W,YLR362W,0,1.2902824,0.3235294222831726,0.37029704451560974,0.07827828079462051
YMR113W,YBL020W,0,1.2892743,0.32324978709220886,0.37029704451560974,0.07837837934494019
YDR113C,YDR495C,0,1.2892212,0.3229706287384033,0.37029704451560974,0.07847847789525986
YKL074C,YML029W,1,1.2883819,0.32355478405952454,0.37128713726997375,0.07847847789525986
YOR319W,YNL245C,1,1.2881452,0.32413792610168457,0.37227723002433777,0.07847847789525986
YKL089W,YGL251C,0,1.2878776,0.32385873794555664,0.37227723002433777,0.07857857644557953
YIL127C,YOR036W,0,1.2877638,0.3235800266265869,0.37227723002433777,0.0786786749958992
YLR424W,YDR062W,0,1.2870411,0.3233017921447754,0.37227723002433777,0.07877878099679947
YOR144C,YPL190C,0,1.2862252,0.32302406430244446,0.37227723002433777,0.07887887954711914
YLR276C,YDL168W,0,1.2851406,0.32274678349494934,0.37227723002433777,0.07897897809743881
YPL123C,YOL026C,0,1.2839941,0.3224699795246124,0.37227723002433777,0.07907907664775848
YKL010C,YER168C,0,1.2839744,0.3221936523914337,0.37227723002433777,0.07917918264865875
YJR043C,YLR283W,0,1.2835339,0.3219178020954132,0.37227723002433777,0.07927928119897842
YNL286W,YPR082C,1,1.2833022,0.3224978744983673,0.3732673227787018,0.07927928119897842
YJL087C,YPR101W,1,1.2832083,0.32307693362236023,0.3742574155330658,0.07927928119897842
YBR175W,YLL036C,0,1.2829121,0.32280102372169495,0.3742574155330658,0.0793793797492981
YGR239C,YDR371W,0,1.2824394,0.32252559065818787,0.3742574155330658,0.07947947829961777
YMR077C,YMR171C,0,1.2824038,0.322250634431839,0.3742574155330658,0.07957957684993744
YDR177W,YAL032C,0,1.282269,0.3219761550426483,0.3742574155330658,0.07967968285083771
YDR173C,YJR112W,0,1.2821413,0.32170212268829346,0.3742574155330658,0.07977978140115738
YGL004C,YMR042W,0,1.2811221,0.3214285671710968,0.3742574155330658,0.07987987995147705
YDL043C,YJR017C,0,1.2810425,0.32115548849105835,0.3742574155330658,0.07997997850179672
YDR524C,YOR092W,0,1.2807325,0.3208828568458557,0.3742574155330658,0.0800800770521164
YHR069C,YGL160W,0,1.2807046,0.3206106722354889,0.3742574155330658,0.08018018305301666
YLR132C,YDL030W,1,1.2806926,0.32118645310401917,0.3752475380897522,0.08018018305301666
YKR036C,YBR228W,0,1.2801138,0.32091447710990906,0.3752475380897522,0.08028028160333633
YLR424W,YNL259C,0,1.2800003,0.32064297795295715,0.3752475380897522,0.080380380153656
YOL115W,YEL071W,0,1.2796242,0.32037192583084106,0.3752475380897522,0.08048047870397568
YMR032W,YOR217W,0,1.2790414,0.3201013505458832,0.3752475380897522,0.08058057725429535
YDR118W,YGR186W,0,1.2786094,0.3198312222957611,0.3752475380897522,0.08068068325519562
YIL134W,YMR213W,0,1.2781,0.31956154108047485,0.3752475380897522,0.08078078180551529
YDR237W,YDL099W,0,1.2780995,0.3192923367023468,0.3752475380897522,0.08088088035583496
YJR075W,YHR061C,0,1.2776098,0.31902357935905457,0.3752475380897522,0.08098097890615463
YLR033W,YLR097C,0,1.2771434,0.31875526905059814,0.3752475380897522,0.0810810774564743
YDR167W,YDL138W,0,1.2771109,0.31848740577697754,0.3752475380897522,0.08118118345737457
YGR048W,YJL033W,0,1.2770075,0.31821998953819275,0.3752475380897522,0.08128128200769424
YFR031C,YDR195W,0,1.2764939,0.3179530203342438,0.3752475380897522,0.08138138055801392
YPL009C,YHR084W,0,1.2756819,0.3176864981651306,0.3752475380897522,0.08148147910833359
YBR142W,YBR273C,0,1.275632,0.31742042303085327,0.3752475380897522,0.08158158510923386
YGL023C,YML097C,0,1.2753713,0.31715482473373413,0.3752475380897522,0.08168168365955353
YCR096C,YBL020W,0,1.2752692,0.3168896436691284,0.3752475380897522,0.0817817822098732
YKR086W,YLR117C,1,1.2752134,0.3174603283405304,0.3762376308441162,0.0817817822098732
YDL166C,YAR003W,0,1.2750136,0.317195326089859,0.3762376308441162,0.08188188076019287
YGR246C,YDL138W,0,1.2747468,0.31693077087402344,0.3762376308441162,0.08198197931051254
YLR424W,YDR174W,0,1.274311,0.3166666626930237,0.3762376308441162,0.08208208531141281
YGL083W,YHR132C,0,1.2741634,0.31640300154685974,0.3762376308441162,0.08218218386173248
YKL168C,YLR003C,0,1.274151,0.31613975763320923,0.3762376308441162,0.08228228241205215
YNR060W,YIR022W,0,1.2740641,0.31587696075439453,0.3762376308441162,0.08238238096237183
YKR022C,YOR319W,1,1.2734544,0.31644517183303833,0.3772277235984802,0.08238238096237183
YIL139C,YDL103C,0,1.2733706,0.31618258357048035,0.3772277235984802,0.0824824795126915
YOL049W,YBL052C,0,1.2732674,0.3159204125404358,0.3772277235984802,0.08258258551359177
YML077W,YHR081W,0,1.2732531,0.31565865874290466,0.3772277235984802,0.08268268406391144
YDL108W,YMR194W,0,1.2732245,0.31539735198020935,0.3772277235984802,0.08278278261423111
YGR129W,YFR005C,1,1.272993,0.31596359610557556,0.37821781635284424,0.08278278261423111
YDR104C,YML030W,0,1.2728957,0.3157024681568146,0.37821781635284424,0.08288288116455078
YCR094W,YGL184C,0,1.2726848,0.3154417872428894,0.37821781635284424,0.08298297971487045
YML093W,YBR004C,0,1.2723736,0.31518152356147766,0.37821781635284424,0.08308308571577072
YBR022W,YPL151C,1,1.2712152,0.31574609875679016,0.37920790910720825,0.08308308571577072
YFR005C,YJL203W,1,1.2709181,0.31630972027778625,0.38019803166389465,0.08308308571577072
YGL092W,YOR159C,1,1.269662,0.31687241792678833,0.38118812441825867,0.08308308571577072
YMR075W,YGL190C,0,1.269362,0.3166118562221527,0.38118812441825867,0.0831831842660904
YGR086C,YBR205W,0,1.2693425,0.31635168194770813,0.38118812441825867,0.08328328281641006
YPR005C,YGR123C,0,1.2691404,0.31609195470809937,0.38118812441825867,0.08338338136672974
YMR188C,YJL036W,0,1.2682396,0.31583264470100403,0.38118812441825867,0.08348347991704941
YHR050W,YOR216C,0,1.2673682,0.3155737817287445,0.38118812441825867,0.08358358591794968
YDR378C,YJL112W,0,1.264757,0.315315306186676,0.38118812441825867,0.08368368446826935
YNL224C,YJL203W,1,1.2628793,0.3158756196498871,0.3821782171726227,0.08368368446826935
YOR043W,YHR119W,0,1.2624155,0.31561732292175293,0.3821782171726227,0.08378378301858902
YDR498C,YOL123W,0,1.261964,0.3153594732284546,0.3821782171726227,0.08388388156890869
YOR257W,YLR182W,0,1.2613586,0.3151020407676697,0.3821782171726227,0.08398398756980896
YGL223C,YPL196W,0,1.2612127,0.3148450255393982,0.3821782171726227,0.08408408612012863
YKL186C,YOR201C,0,1.260708,0.31458842754364014,0.3821782171726227,0.0841841846704483
YIL041W,YLR002C,0,1.2597591,0.3143322467803955,0.3821782171726227,0.08428428322076797
YLR035C,YOR210W,0,1.2594696,0.3140764832496643,0.3821782171726227,0.08438438177108765
YML039W,YDL095W,0,1.2590742,0.31382113695144653,0.3821782171726227,0.08448448777198792
YAR031W,YHR047C,0,1.2590427,0.3135662078857422,0.3821782171726227,0.08458458632230759
YGR012W,YGL051W,0,1.2587192,0.31331169605255127,0.3821782171726227,0.08468468487262726
YPL009C,YGR171C,0,1.2584047,0.3130575716495514,0.3821782171726227,0.08478478342294693
YKR086W,YLR116W,1,1.258379,0.31361424922943115,0.3831683099269867,0.08478478342294693
YML114C,YGR006W,0,1.2578694,0.313360333442688,0.3831683099269867,0.0848848819732666
YBR171W,YLR228C,0,1.2572794,0.31310680508613586,0.3831683099269867,0.08498498797416687
YIL061C,YPL064C,1,1.2572476,0.3136620819568634,0.3841584026813507,0.08498498797416687
YBL060W,YLR207W,0,1.2567163,0.3134087324142456,0.3841584026813507,0.08508508652448654
YJL178C,YLR314C,0,1.2554414,0.31315577030181885,0.3841584026813507,0.08518518507480621
YOR244W,YBR030W,0,1.2552135,0.3129032254219055,0.3841584026813507,0.08528528362512589
YGL172W,YIR021W,1,1.2548085,0.3134568929672241,0.3851485252380371,0.08528528362512589
YGR263C,YCR026C,0,1.2544798,0.31320449709892273,0.3851485252380371,0.08538538217544556
YCR096C,YNL097C,0,1.2542971,0.31295254826545715,0.3851485252380371,0.08548548817634583
YMR127C,YDR207C,0,1.254053,0.31270095705986023,0.3851485252380371,0.0855855867266655
YKL116C,YAL010C,0,1.2528147,0.3124498128890991,0.3851485252380371,0.08568568527698517
YJL085W,YGR123C,0,1.2522007,0.31219902634620667,0.3851485252380371,0.08578578382730484
YAR007C,YJR138W,0,1.2515024,0.31194868683815,0.3851485252380371,0.08588588237762451
YOR265W,YJL103C,0,1.2513046,0.31169870495796204,0.3851485252380371,0.08598598837852478
YDR416W,YLR298C,1,1.2505904,0.3122498095035553,0.3861386179924011,0.08598598837852478
YJL090C,YOR261C,0,1.2505767,0.31200000643730164,0.3861386179924011,0.08608608692884445
YDR440W,YDL107W,0,1.2482804,0.311750590801239,0.3861386179924011,0.08618618547916412
YOR144C,YBL040C,0,1.2480959,0.3115015923976898,0.3861386179924011,0.0862862840294838
YGR056W,YFL013C,0,1.2474952,0.31125298142433167,0.3861386179924011,0.08638639003038406
YMR036C,YDR162C,0,1.2473372,0.31100478768348694,0.3861386179924011,0.08648648858070374
YKL135C,YOL097C,0,1.2471589,0.31075698137283325,0.3861386179924011,0.08658658713102341
YLR424W,YMR216C,1,1.2468649,0.3113057315349579,0.38712871074676514,0.08658658713102341
YEL061C,YML049C,0,1.2459984,0.31105807423591614,0.38712871074676514,0.08668668568134308
YDR054C,YJL129C,0,1.2457511,0.31081080436706543,0.38712871074676514,0.08678678423166275
YLR040C,YLL042C,0,1.2454611,0.31056395173072815,0.38712871074676514,0.08688689023256302
YHR034C,YNL286W,1,1.24512,0.31111112236976624,0.38811880350112915,0.08688689023256302
YGR133W,YDR339C,0,1.2438086,0.3108643889427185,0.38811880350112915,0.08698698878288269
YJL004C,YPR073C,0,1.2424847,0.3106180727481842,0.38811880350112915,0.08708708733320236
YLR015W,YKL084W,0,1.242139,0.31037214398384094,0.38811880350112915,0.08718718588352203
YOR202W,YMR277W,0,1.2413651,0.31012657284736633,0.38811880350112915,0.0872872844338417
YOR174W,YNL163C,0,1.2412224,0.30988141894340515,0.38811880350112915,0.08738739043474197
YNL286W,YBR022W,1,1.24031,0.3104265332221985,0.38910889625549316,0.08738739043474197
YDR473C,YFR005C,1,1.2402197,0.3109707832336426,0.39009901881217957,0.08738739043474197
YMR213W,YNL210W,1,1.2401932,0.3115141987800598,0.3910891115665436,0.08738739043474197
YNL217W,YPR079W,0,1.2392989,0.31126871705055237,0.3910891115665436,0.08748748898506165
YDL231C,YLR336C,0,1.2392633,0.31102362275123596,0.3910891115665436,0.08758758753538132
YGL128C,YPL151C,1,1.2385808,0.31156569719314575,0.3920792043209076,0.08758758753538132
YMR179W,YDR483W,0,1.2358528,0.3113207519054413,0.3920792043209076,0.08768768608570099
YDR315C,YCR072C,0,1.235348,0.31107619404792786,0.3920792043209076,0.08778778463602066
YER049W,YIL004C,0,1.2350663,0.31083202362060547,0.3920792043209076,0.08788789063692093
YAL058W,YGL150C,0,1.2344625,0.3105882406234741,0.3920792043209076,0.0879879891872406
YNL298W,YFR031C,0,1.2330245,0.3103448152542114,0.3920792043209076,0.08808808773756027
YDR373W,YLL022C,0,1.2328366,0.31010180711746216,0.3920792043209076,0.08818818628787994
YKR086W,YPL213W,1,1.2322165,0.3106416165828705,0.3930692970752716,0.08818818628787994
YJL108C,YDL138W,0,1.2321181,0.31039875745773315,0.3930692970752716,0.08828828483819962
YOR094W,YNL188W,0,1.231311,0.3101562559604645,0.3930692970752716,0.08838839083909988
YDR444W,YMR287C,0,1.2311612,0.30991414189338684,0.3930692970752716,0.08848848938941956
YMR288W,YPL151C,1,1.23113,0.3104524314403534,0.394059419631958,0.08848848938941956
YHR065C,YJL091C,0,1.230445,0.3102104365825653,0.394059419631958,0.08858858793973923
YGR009C,YOR143C,0,1.2298353,0.30996885895729065,0.394059419631958,0.0886886864900589
YDL217C,YDL059C,0,1.2295798,0.30972763895988464,0.394059419631958,0.08878879249095917
YDR416W,YGL120C,1,1.2293044,0.31026437878608704,0.395049512386322,0.08878879249095917
YLL036C,YDL054C,0,1.2281535,0.31002330780029297,0.395049512386322,0.08888889104127884
YBL112C,YML051W,0,1.2278062,0.30978259444236755,0.395049512386322,0.08898898959159851
YLR382C,YNL147W,1,1.2276992,0.31031808257102966,0.39603960514068604,0.08898898959159851
YCL024W,YJR129C,0,1.2274549,0.3100775182247162,0.39603960514068604,0.08908908814191818
YBR119W,YER112W,1,1.226321,0.31061193346977234,0.39702969789505005,0.08908908814191818
YKR101W,YJR010C-A,0,1.2261555,0.3103715181350708,0.39702969789505005,0.08918918669223785
YIL046W,YNL035C,0,1.2258824,0.3101314902305603,0.39702969789505005,0.08928929269313812
YGR038W,YLR028C,0,1.2256781,0.30989181995391846,0.39702969789505005,0.0893893912434578
YPL195W,YPR104C,0,1.2249159,0.30965250730514526,0.39702969789505005,0.08948948979377747
YDR196C,YER058W,0,1.2244762,0.3094135820865631,0.39702969789505005,0.08958958834409714
YDL044C,YBL102W,0,1.2239761,0.3091750144958496,0.39702969789505005,0.08968968689441681
YJL025W,YHR077C,0,1.223795,0.30893683433532715,0.39702969789505005,0.08978979289531708
YGR246C,YPL217C,0,1.2237226,0.30869901180267334,0.39702969789505005,0.08988989144563675
YNL213C,YLR089C,0,1.2236537,0.3084615468978882,0.39702969789505005,0.08998998999595642
YMR277W,YOL070C,0,1.2230798,0.3082244396209717,0.39702969789505005,0.09009008854627609
YDR194C,YKL074C,1,1.2228369,0.3087557554244995,0.39801979064941406,0.09009008854627609
YLR238W,YMR308C,0,1.2224741,0.30851879715919495,0.39801979064941406,0.09019018709659576
YCR066W,YLR226W,0,1.2222899,0.30828219652175903,0.39801979064941406,0.09029029309749603
YLR275W,YDL030W,1,1.2219179,0.3088122606277466,0.39900991320610046,0.09029029309749603
YER018C,YGL050W,0,1.2217215,0.3085758090019226,0.39900991320610046,0.0903903916478157
YJR005W,YLR163C,0,1.2214389,0.3083397150039673,0.39900991320610046,0.09049049019813538
YBR271W,YGR029W,0,1.2213155,0.3081039786338806,0.39900991320610046,0.09059058874845505
YOR308C,YLR382C,1,1.2211701,0.3086325526237488,0.4000000059604645,0.09059058874845505
YPL046C,YOR329C,0,1.2207344,0.30839693546295166,0.4000000059604645,0.09069068729877472
YKL021C,YCL014W,0,1.2207294,0.3081617057323456,0.4000000059604645,0.09079079329967499
YLR147C,YBR022W,1,1.2205864,0.30868902802467346,0.4009900987148285,0.09079079329967499
YOL088C,YDL129W,0,1.2204674,0.30845391750335693,0.4009900987148285,0.09089089184999466
YPR104C,YDL148C,0,1.2201306,0.30821916460990906,0.4009900987148285,0.09099099040031433
YGL065C,YMR211W,0,1.2187034,0.3079847991466522,0.4009900987148285,0.091091088950634
YNL326C,YNL158W,0,1.2186407,0.30775076150894165,0.4009900987148285,0.09119118750095367
YNL121C,YDL006W,0,1.2176716,0.30751708149909973,0.4009900987148285,0.09129129350185394
YLR147C,YMR087W,1,1.2174791,0.3080424964427948,0.4019801914691925,0.09129129350185394
YGL043W,YLR275W,0,1.2173833,0.30780893564224243,0.4019801914691925,0.09139139205217361
YNL159C,YML043C,0,1.2170085,0.3075757622718811,0.4019801914691925,0.09149149060249329
YPR134W,YDR163W,1,1.2167274,0.3080999255180359,0.4029702842235565,0.09149149060249329
YBR239C,YCR052W,0,1.2166721,0.3078668713569641,0.4029702842235565,0.09159158915281296
YLR268W,YPR056W,0,1.2162386,0.307634174823761,0.4029702842235565,0.09169169515371323
YMR112C,YPR041W,0,1.2158859,0.3074018061161041,0.4029702842235565,0.0917917937040329
YPR152C,YDR240C,1,1.2158386,0.3079245388507843,0.4039604067802429,0.0917917937040329
YER008C,YOR098C,0,1.2156049,0.3076923191547394,0.4039604067802429,0.09189189225435257
YCL055W,YDL035C,0,1.2155286,0.3074604272842407,0.4039604067802429,0.09199199080467224
YMR150C,YIL063C,0,1.2154747,0.3072289228439331,0.4039604067802429,0.09209208935499191
YDR153C,YPR041W,0,1.2154745,0.30699774622917175,0.4039604067802429,0.09219219535589218
YBR276C,YJL071W,0,1.2151883,0.30676692724227905,0.4039604067802429,0.09229229390621185
YCR011C,YJL171C,0,1.2148639,0.3065364360809326,0.4039604067802429,0.09239239245653152
YDL164C,YLL027W,0,1.213607,0.30630630254745483,0.4039604067802429,0.0924924910068512
YDR364C,YGL019W,0,1.2127036,0.3060765266418457,0.4039604067802429,0.09259258955717087
YCR037C,YKL059C,0,1.2117373,0.30584707856178284,0.4039604067802429,0.09269269555807114
YNL172W,YNL039W,0,1.2116557,0.3056179881095886,0.4039604067802429,0.09279279410839081
YLR183C,YDR118W,0,1.2107441,0.3053892254829407,0.4039604067802429,0.09289289265871048
YLR145W,YBR273C,0,1.2104932,0.3051608204841614,0.4039604067802429,0.09299299120903015
YBL057C,YNL102W,0,1.2099222,0.30493274331092834,0.4039604067802429,0.09309308975934982
YDR177W,YJR059W,0,1.2097082,0.3047049939632416,0.4039604067802429,0.09319319576025009
YKL041W,YGL029W,0,1.2094878,0.30447760224342346,0.4039604067802429,0.09329329431056976
YGR258C,YCL034W,0,1.2094003,0.304250568151474,0.4039604067802429,0.09339339286088943
YMR227C,YDL030W,0,1.2089168,0.3040238320827484,0.4039604067802429,0.0934934914112091
YMR268C,YBR102C,1,1.2075231,0.30454206466674805,0.40495049953460693,0.0934934914112091
YNR011C,YLR132C,1,1.2071126,0.3050595223903656,0.40594059228897095,0.0934934914112091
YDR229W,YDL225W,0,1.2068346,0.30483272671699524,0.40594059228897095,0.09359358996152878
YPR178W,YFR005C,1,1.2060657,0.3053491711616516,0.40693068504333496,0.09359358996152878
YMR168C,YPR103W,0,1.2059603,0.3051224946975708,0.40693068504333496,0.09369369596242905
YGL251C,YOR168W,0,1.2052475,0.30489614605903625,0.40693068504333496,0.09379379451274872
YDL087C,YBR188C,1,1.2047967,0.3054114282131195,0.407920777797699,0.09379379451274872
YIR009W,YBR188C,1,1.2047291,0.3059259355068207,0.4089109003543854,0.09379379451274872
YDR288W,YMR266W,0,1.2041885,0.3056994676589966,0.4089109003543854,0.09389389306306839
YHL020C,YDL153C,0,1.2030728,0.3054733872413635,0.4089109003543854,0.09399399161338806
YFL057C,YMR214W,0,1.2030054,0.30524760484695435,0.4089109003543854,0.09409409761428833
YGL209W,YLR309C,0,1.2029129,0.30502215027809143,0.4089109003543854,0.094194196164608
YKR086W,YDR240C,1,1.2024797,0.30553504824638367,0.4099009931087494,0.094194196164608
YDL087C,YFL017W-A,1,1.2008824,0.3060472011566162,0.4108910858631134,0.094194196164608
YPR082C,YDR240C,1,1.2001138,0.3065585792064667,0.4118811786174774,0.094194196164608
YJL204C,YGR098C,0,1.1996838,0.30633285641670227,0.4118811786174774,0.09429429471492767
YOL092W,YCR026C,0,1.1984446,0.30610743165016174,0.4118811786174774,0.09439439326524734
YKR037C,YIR021W,0,1.1973759,0.30588236451148987,0.4118811786174774,0.09449449181556702
YJL085W,YNL158W,0,1.197037,0.30565759539604187,0.4118811786174774,0.09459459781646729
YDR389W,YJR099W,0,1.196643,0.3054331839084625,0.4118811786174774,0.09469469636678696
YER012W,YOR291W,0,1.1964567,0.30520910024642944,0.4118811786174774,0.09479479491710663
YGR105W,YNR032W,0,1.1964077,0.3049853444099426,0.4118811786174774,0.0948948934674263
YBR102C,YPR023C,0,1.1962463,0.3047619163990021,0.4118811786174774,0.09499499201774597
YPR057W,YMR240C,1,1.1944293,0.30527085065841675,0.4128713011741638,0.09499499201774597
YPL157W,YPR009W,0,1.1943249,0.30504754185676575,0.4128713011741638,0.09509509801864624
YMR137C,YEL058W,0,1.19393,0.304824560880661,0.4128713011741638,0.09519519656896591
YKR002W,YMR314W,0,1.1930648,0.30460190773010254,0.4128713011741638,0.09529529511928558
YML115C,YNL189W,0,1.1924664,0.30437955260276794,0.4128713011741638,0.09539539366960526
YMR263W,YDR346C,0,1.1919395,0.304157555103302,0.4128713011741638,0.09549549221992493
YPL178W,YOR334W,1,1.1917862,0.3046647310256958,0.41386139392852783,0.09549549221992493
YCL032W,YGL181W,0,1.1917514,0.304442822933197,0.41386139392852783,0.0955955982208252
YLL019C,YBL054W,0,1.191568,0.3042212426662445,0.41386139392852783,0.09569569677114487
YPL101W,YPL053C,0,1.1910882,0.30399999022483826,0.41386139392852783,0.09579579532146454
YJL030W,YOL026C,0,1.1902359,0.30377906560897827,0.41386139392852783,0.09589589387178421
YPL110C,YIL140W,0,1.1891484,0.30355846881866455,0.41386139392852783,0.09599599242210388
YHR061C,YLR381W,0,1.1890326,0.3033381700515747,0.41386139392852783,0.09609609842300415
YPL046C,YMR029C,0,1.1889491,0.30311819911003113,0.41386139392852783,0.09619619697332382
YOR308C,YDR482C,1,1.1885668,0.3036231994628906,0.41485148668289185,0.09619619697332382
YPR134W,YDL030W,1,1.1880239,0.30412745475769043,0.41584157943725586,0.09619619697332382
YJL025W,YNL290W,0,1.1875664,0.3039073944091797,0.41584157943725586,0.0962962955236435
YJR107W,YOR116C,0,1.187158,0.3036876320838928,0.41584157943725586,0.09639639407396317
YGL153W,YGL122C,0,1.1869476,0.3034681975841522,0.41584157943725586,0.09649650007486343
YNL070W,YGR194C,0,1.185749,0.3032490909099579,0.41584157943725586,0.0965965986251831
YPR021C,YNL037C,0,1.1851814,0.3030303120613098,0.41584157943725586,0.09669669717550278
YLR306W,YNL290W,0,1.1846145,0.3028118312358856,0.41584157943725586,0.09679679572582245
YGR239C,YIL004C,0,1.1845211,0.3025936484336853,0.41584157943725586,0.09689689427614212
YBL046W,YHR066W,0,1.1843342,0.30237582325935364,0.41584157943725586,0.09699700027704239
YNL188W,YGR223C,0,1.1838537,0.30215826630592346,0.41584157943725586,0.09709709882736206
YOR168W,YNL272C,0,1.1836504,0.30194103717803955,0.41584157943725586,0.09719719737768173
YLR381W,YLR170C,0,1.1831301,0.3017241358757019,0.41584157943725586,0.0972972959280014
YOR239W,YAL055W,0,1.1829089,0.30150753259658813,0.41584157943725586,0.09739739447832108
YLR323C,YBR022W,1,1.1818932,0.30200859904289246,0.4168316721916199,0.09739739447832108
YNL286W,YFR005C,1,1.1789992,0.3025089502334595,0.4178217947483063,0.09739739447832108
YNL116W,YGR158C,0,1.1787275,0.30229225754737854,0.4178217947483063,0.09749750047922134
YOR038C,YBL054W,0,1.1777034,0.3020758628845215,0.4178217947483063,0.09759759902954102
YKL205W,YNL292W,0,1.1774262,0.3018597960472107,0.4178217947483063,0.09769769757986069
YLR208W,YPR083W,0,1.177409,0.3016440272331238,0.4178217947483063,0.09779779613018036
YNL224C,YMR216C,1,1.1773311,0.302142858505249,0.4188118875026703,0.09779779613018036
YGR186W,YKL007W,0,1.1766759,0.30192720890045166,0.4188118875026703,0.09789789468050003
YDR356W,YDR306C,0,1.1760993,0.3017118275165558,0.4188118875026703,0.0979980006814003
YDR318W,YNL330C,0,1.175994,0.30149680376052856,0.4188118875026703,0.09809809923171997
YPL093W,YGR006W,0,1.1758808,0.30128204822540283,0.4188118875026703,0.09819819778203964
YMR227C,YFL033C,0,1.1754276,0.30106762051582336,0.4188118875026703,0.09829829633235931
YGL050W,YMR119W,0,1.175382,0.3008534908294678,0.4188118875026703,0.09839839488267899
YML012W,YCR073C,0,1.1752452,0.30063965916633606,0.4188118875026703,0.09849850088357925
YGL174W,YPR066W,0,1.1747731,0.3004261255264282,0.4188118875026703,0.09859859943389893
YOR209C,YJL108C,0,1.1746112,0.30021291971206665,0.4188118875026703,0.0986986979842186
YPL113C,YLR090W,0,1.1737255,0.30000001192092896,0.4188118875026703,0.09879879653453827
YOR337W,YKR090W,0,1.1734279,0.29978737235069275,0.4188118875026703,0.09889890253543854
YDL209C,YDR364C,1,1.1734079,0.300283282995224,0.4198019802570343,0.09889890253543854
YPL029W,YGR186W,0,1.1733204,0.30007076263427734,0.4198019802570343,0.09899900108575821
YDR006C,YBR236C,0,1.1732703,0.29985857009887695,0.4198019802570343,0.09909909963607788
YJL111W,YKL049C,0,1.1729643,0.29964664578437805,0.4198019802570343,0.09919919818639755
YDL150W,YHR045W,0,1.1728295,0.299435019493103,0.4198019802570343,0.09929929673671722
YBR213W,YGR124W,0,1.1727949,0.29922372102737427,0.4198019802570343,0.09939940273761749
YAL053W,YOR279C,0,1.1724184,0.299012690782547,0.4198019802570343,0.09949950128793716
YGL017W,YKL112W,0,1.1710159,0.2988019585609436,0.4198019802570343,0.09959959983825684
YDL193W,YEL029C,0,1.1708091,0.2985915541648865,0.4198019802570343,0.09969969838857651
YMR231W,YIR011C,0,1.1704962,0.29838141798973083,0.4198019802570343,0.09979979693889618
YNR011C,YJL133W,1,1.1699281,0.2988748252391815,0.4207920730113983,0.09979979693889618
YPR031W,YBR122C,0,1.1696733,0.29866477847099304,0.4207920730113983,0.09989990293979645
YDR195W,YPR018W,0,1.1693205,0.29845505952835083,0.4207920730113983,0.10000000149011612
YLR214W,YHR091C,0,1.1691986,0.2982456088066101,0.4207920730113983,0.10010010004043579
YCR092C,YPL268W,0,1.1684543,0.29803645610809326,0.4207920730113983,0.10020019859075546
YFR041C,YOL021C,0,1.1682183,0.2978276014328003,0.4207920730113983,0.10030029714107513
YPR168W,YDR378C,0,1.1678811,0.2976190447807312,0.4207920730113983,0.1004004031419754
YDR235W,YGL120C,1,1.1677152,0.29811057448387146,0.42178216576576233,0.1004004031419754
YPR057W,YBR022W,1,1.1673021,0.2986013889312744,0.42277228832244873,0.1004004031419754
YIR012W,YGR033C,0,1.1663373,0.29839274287223816,0.42277228832244873,0.10050050169229507
YLR318W,YDR383C,0,1.1660491,0.2981843650341034,0.42277228832244873,0.10060060024261475
YLR221C,YLR026C,0,1.1660317,0.2979762852191925,0.42277228832244873,0.10070069879293442
YOR346W,YPR031W,0,1.1659408,0.2977684736251831,0.42277228832244873,0.10080079734325409
YLR016C,YBR022W,1,1.1656668,0.29825782775878906,0.42376238107681274,0.10080079734325409
YDR530C,YPL244C,0,1.1640007,0.2980501353740692,0.42376238107681274,0.10090090334415436
YKL028W,YOL027C,0,1.1636614,0.29784274101257324,0.42376238107681274,0.10100100189447403
YBR065C,YIL061C,1,1.1634741,0.29833102226257324,0.42475247383117676,0.10100100189447403
YEL016C,YLL004W,0,1.1623055,0.29812368750572205,0.42475247383117676,0.1011011004447937
YHR165C,YMR059W,1,1.1614641,0.2986111044883728,0.42574256658554077,0.1011011004447937
YOR131C,YLR316C,0,1.1613714,0.29840388894081116,0.42574256658554077,0.10120119899511337
YDR266C,YJL148W,0,1.1612529,0.298196941614151,0.42574256658554077,0.10130130499601364
YMR218C,YPR018W,0,1.1610378,0.2979902923107147,0.42574256658554077,0.10140140354633331
YGL065C,YJL041W,0,1.1604601,0.2977839410305023,0.42574256658554077,0.10150150209665298
YNR006W,YDR447C,0,1.160232,0.2975778579711914,0.42574256658554077,0.10160160064697266
YFL017W-A,YKL012W,1,1.1592174,0.29806363582611084,0.4267326593399048,0.10160160064697266
YMR224C,YOR070C,0,1.1575648,0.2978576421737671,0.4267326593399048,0.10170169919729233
YBL046W,YCR020C,0,1.1571463,0.2976519465446472,0.4267326593399048,0.1018018051981926
YGL237C,YCR054C,0,1.1571225,0.29744651913642883,0.4267326593399048,0.10190190374851227
YBL088C,YPR162C,0,1.1571137,0.2972413897514343,0.4267326593399048,0.10200200229883194
YMR216C,YOR159C,1,1.157053,0.29772570729255676,0.4277227818965912,0.10200200229883194
YJL137C,YPL241C,0,1.1559813,0.2975206673145294,0.4277227818965912,0.10210210084915161
YLR145W,YDL107W,0,1.1549784,0.29731589555740356,0.4277227818965912,0.10220219939947128
YNL284C,YNL212W,0,1.15439,0.2971114218235016,0.4277227818965912,0.10230230540037155
YDR067C,YIL140W,0,1.1542442,0.2969072163105011,0.4277227818965912,0.10240240395069122
YLR129W,YOR371C,0,1.1538857,0.2967033088207245,0.4277227818965912,0.1025025025010109
YFR021W,YBR164C,0,1.1538503,0.29649966955184937,0.4277227818965912,0.10260260105133057
YIR005W,YDR194C,1,1.1536419,0.29698216915130615,0.4287128746509552,0.10260260105133057
YML064C,YNL152W,0,1.153416,0.2967786192893982,0.4287128746509552,0.10270269960165024
YML022W,YGL134W,0,1.153253,0.2965753376483917,0.4287128746509552,0.1028028056025505
YKL205W,YER112W,1,1.1530246,0.29705682396888733,0.4297029674053192,0.1028028056025505
YOL082W,YGR095C,0,1.1524856,0.296853631734848,0.4297029674053192,0.10290290415287018
YJR014W,YDL006W,0,1.15183,0.2966507077217102,0.4297029674053192,0.10300300270318985
YDR416W,YPR162C,0,1.1511885,0.29644808173179626,0.4297029674053192,0.10310310125350952
YKL170W,YLR127C,0,1.1509712,0.2962457239627838,0.4297029674053192,0.1032031998038292
YFL023W,YCL014W,0,1.1506492,0.29604366421699524,0.4297029674053192,0.10330330580472946
YGL086W,YLL043W,0,1.150566,0.29584184288978577,0.4297029674053192,0.10340340435504913
YLR176C,YPL194W,0,1.1499346,0.29564031958580017,0.4297029674053192,0.1035035029053688
YER061C,YIL079C,0,1.1499188,0.29543906450271606,0.4297029674053192,0.10360360145568848
YHR082C,YNL090W,0,1.1497403,0.29523810744285583,0.4297029674053192,0.10370370000600815
YGR222W,YDR088C,1,1.1493145,0.2957172095775604,0.4306930601596832,0.10370370000600815
YDR239C,YHR134W,0,1.1492974,0.29551631212234497,0.4306930601596832,0.10380380600690842
YLR219W,YPL255W,0,1.149237,0.295315682888031,0.4306930601596832,0.10390390455722809
YLL027W,YLR336C,0,1.1488385,0.29511532187461853,0.4306930601596832,0.10400400310754776
YLR212C,YDR483W,0,1.1485225,0.29491525888442993,0.4306930601596832,0.10410410165786743
YGL223C,YEL050C,0,1.1483806,0.29471543431282043,0.4306930601596832,0.1042042076587677
YLR014C,YKR010C,0,1.1483271,0.2945159077644348,0.4306930601596832,0.10430430620908737
YLL029W,YJR082C,0,1.1481704,0.2943166494369507,0.4306930601596832,0.10440440475940704
YNR060W,YHR132C,0,1.1474489,0.29411765933036804,0.4306930601596832,0.10450450330972672
YBR055C,YMR240C,1,1.1473058,0.29459458589553833,0.43168318271636963,0.10450450330972672
YPR072W,YLL001W,0,1.1466676,0.29439568519592285,0.43168318271636963,0.10460460186004639
YKR062W,YBR237W,0,1.1464247,0.2941970229148865,0.43168318271636963,0.10470470786094666
YEL077C,YDR348C,0,1.1459705,0.293998658657074,0.43168318271636963,0.10480480641126633
YER169W,YMR146C,0,1.1455438,0.2938005328178406,0.43168318271636963,0.104904904961586
YJR089W,YNL091W,0,1.1454338,0.29360270500183105,0.43168318271636963,0.10500500351190567
YER130C,YER006W,0,1.145265,0.29340511560440063,0.43168318271636963,0.10510510206222534
YJR097W,YFR045W,0,1.1442301,0.2932077944278717,0.43168318271636963,0.10520520806312561
YNL323W,YHL009C,0,1.1440394,0.29301074147224426,0.43168318271636963,0.10530530661344528
YOL003C,YDR473C,0,1.1435207,0.2928139567375183,0.43168318271636963,0.10540540516376495
YLR022C,YPL195W,0,1.1428167,0.29261744022369385,0.43168318271636963,0.10550550371408463
YNL231C,YOR017W,0,1.1412598,0.2924211919307709,0.43168318271636963,0.1056056022644043
YGL120C,YPR009W,0,1.1410288,0.2922252118587494,0.43168318271636963,0.10570570826530457
YGL175C,YIR025W,0,1.1405488,0.292029470205307,0.43168318271636963,0.10580580681562424
YDR416W,YML051W,0,1.140422,0.2918339967727661,0.43168318271636963,0.10590590536594391
YDR202C,YOL072W,0,1.1400757,0.2916387915611267,0.43168318271636963,0.10600600391626358
YGL190C,YIR021W,0,1.1394659,0.2914438545703888,0.43168318271636963,0.10610610246658325
YOR284W,YER096W,0,1.1394264,0.29124915599823,0.43168318271636963,0.10620620846748352
YHL002W,YBR135W,0,1.1394264,0.29105472564697266,0.43168318271636963,0.10630630701780319
YGR113W,YPR083W,0,1.139119,0.2908605635166168,0.43168318271636963,0.10640640556812286
YJL087C,YDL209C,1,1.1389908,0.2913333475589752,0.43267327547073364,0.10640640556812286
YDR173C,YJR066W,0,1.1388658,0.29113924503326416,0.43267327547073364,0.10650650411844254
YNL224C,YML046W,1,1.138851,0.2916111946105957,0.43366336822509766,0.10650650411844254
YNL275W,YAL023C,0,1.1388501,0.2914171516895294,0.43366336822509766,0.1066066101193428
YBL026W,YPL151C,1,1.1377027,0.2918882966041565,0.43465346097946167,0.1066066101193428
YPR056W,YDR013W,0,1.1376392,0.2916943430900574,0.43465346097946167,0.10670670866966248
YJL104W,YOR142W,0,1.1374314,0.29150065779685974,0.43465346097946167,0.10680680721998215
YPR190C,YOR080W,0,1.135862,0.2913072407245636,0.43465346097946167,0.10690690577030182
YER101C,YML071C,0,1.135383,0.29111406207084656,0.43465346097946167,0.10700700432062149
YKR010C,YOR291W,0,1.1343504,0.290921151638031,0.43465346097946167,0.10710711032152176
YMR285C,YGR006W,0,1.134266,0.29072847962379456,0.43465346097946167,0.10720720887184143
YHL044W,YNL220W,0,1.1339384,0.2905360758304596,0.43465346097946167,0.1073073074221611
YJR022W,YBR102C,1,1.1338278,0.29100528359413147,0.4356435537338257,0.1073073074221611
YGR056W,YJR002W,0,1.1337191,0.29081296920776367,0.4356435537338257,0.10740740597248077
YDR073W,YHR085W,0,1.1336524,0.2906208634376526,0.4356435537338257,0.10750750452280045
YKR052C,YKL074C,1,1.1336156,0.29108911752700806,0.4366336762905121,0.10750750452280045
YML049C,YML046W,1,1.1329411,0.291556715965271,0.4376237690448761,0.10750750452280045
YJR050W,YLR323C,1,1.1327584,0.2920237183570862,0.4386138617992401,0.10750750452280045
YDR393W,YDR182W,0,1.132279,0.2918313443660736,0.4386138617992401,0.10760761052370071
YER114C,YGR084C,0,1.131938,0.2916392385959625,0.4386138617992401,0.10770770907402039
YNR056C,YDR418W,0,1.1319156,0.29144737124443054,0.4386138617992401,0.10780780762434006
YMR213W,YAL032C,1,1.1317023,0.2919132113456726,0.4396039545536041,0.10780780762434006
YDR252W,YOR008C,0,1.1312164,0.2917214334011078,0.4396039545536041,0.10790790617465973
YLR291C,YGL244W,0,1.1310691,0.2915298640727997,0.4396039545536041,0.1080080047249794
YPR082C,YMR125W,1,1.1309924,0.29199475049972534,0.44059404730796814,0.1080080047249794
YOL005C,YJR082C,0,1.1309234,0.2918032705783844,0.44059404730796814,0.10810811072587967
YKR060W,YLR035C,0,1.1299585,0.29161205887794495,0.44059404730796814,0.10820820927619934
YDR416W,YNL245C,1,1.1298784,0.2920759618282318,0.44158416986465454,0.10820820927619934
YIL129C,YJR066W,0,1.1297514,0.29188480973243713,0.44158416986465454,0.10830830782651901
YDL159W,YGR089W,0,1.129596,0.29169392585754395,0.44158416986465454,0.10840840637683868
YPL060W,YGL092W,1,1.1283306,0.2921568751335144,0.44257426261901855,0.10840840637683868
YKL012W,YER013W,1,1.1280669,0.2926191985607147,0.44356435537338257,0.10840840637683868
YLR316C,YOL072W,0,1.1279975,0.292428195476532,0.44356435537338257,0.10850850492715836
YCR063W,YOR148C,1,1.1279029,0.2928897440433502,0.4445544481277466,0.10850850492715836
YHR061C,YOL125W,0,1.1276782,0.29269883036613464,0.4445544481277466,0.10860861092805862
YER075C,YNL039W,0,1.1276481,0.29250815510749817,0.4445544481277466,0.1087087094783783
YDR376W,YLR086W,0,1.127571,0.2923177182674408,0.4445544481277466,0.10880880802869797
YHR061C,YGR058W,0,1.1272503,0.2921275198459625,0.4445544481277466,0.10890890657901764
YER002W,YMR025W,0,1.1271721,0.29193758964538574,0.4445544481277466,0.10900901257991791
YPL194W,YOR153W,0,1.1267365,0.29174789786338806,0.4445544481277466,0.10910911113023758
YLR389C,YHR172W,0,1.1263626,0.2915584444999695,0.4445544481277466,0.10920920968055725
YJL178C,YOR025W,0,1.1261386,0.29136922955513,0.4445544481277466,0.10930930823087692
YNL035C,YOR070C,0,1.1260852,0.291180282831192,0.4445544481277466,0.1094094067811966
YGR289C,YNL026W,0,1.1258266,0.29099157452583313,0.4445544481277466,0.10950951278209686
YNL099C,YLR256W,0,1.1249434,0.29080310463905334,0.4445544481277466,0.10960961133241653
YPL151C,YKL082C,0,1.124813,0.29061487317085266,0.4445544481277466,0.1097097098827362
YLR244C,YMR244C-A,0,1.1245155,0.29042690992355347,0.4445544481277466,0.10980980843305588
YNL261W,YMR127C,0,1.1242647,0.2902391850948334,0.4445544481277466,0.10990990698337555
YKR056W,YBR004C,0,1.1234018,0.29005166888237,0.4445544481277466,0.11001001298427582
YLR343W,YDR051C,0,1.1232246,0.2898644208908081,0.4445544481277466,0.11011011153459549
YPR057W,YOR334W,1,1.1225718,0.29032257199287415,0.4455445408821106,0.11011011153459549
YHR047C,YHR132C,0,1.1225158,0.29013538360595703,0.4455445408821106,0.11021021008491516
YBR061C,YBR105C,0,1.1220627,0.2899484634399414,0.4455445408821106,0.11031030863523483
YDL166C,YPL152W,0,1.1215391,0.2897617518901825,0.4455445408821106,0.1104104071855545
YBR033W,YMR078C,0,1.1208375,0.2895752787590027,0.4455445408821106,0.11051051318645477
YDR141C,YBR257W,0,1.1205584,0.28938907384872437,0.4455445408821106,0.11061061173677444
YDR444W,YEL077C,0,1.1205497,0.28920307755470276,0.4455445408821106,0.11071071028709412
YPL147W,YMR277W,0,1.1204326,0.28901734948158264,0.4455445408821106,0.11081080883741379
YER146W,YGR013W,1,1.1204209,0.28947368264198303,0.446534663438797,0.11081080883741379
YGL237C,YPL127C,0,1.1195457,0.2892880141735077,0.446534663438797,0.11091090738773346
YGR123C,YHR077C,0,1.1189616,0.28910255432128906,0.446534663438797,0.11101101338863373
YOR329C,YDR216W,0,1.1187723,0.2889173626899719,0.446534663438797,0.1111111119389534
YLR084C,YLR126C,0,1.1186239,0.2887323796749115,0.446534663438797,0.11121121048927307
YBR065C,YDL084W,1,1.118477,0.2891874611377716,0.447524756193161,0.11121121048927307
YGL186C,YGL095C,0,1.1183975,0.28900256752967834,0.447524756193161,0.11131130903959274
YBR065C,YJR022W,1,1.1173223,0.28945687413215637,0.448514848947525,0.11131130903959274
YKL139W,YOR226C,0,1.1172448,0.2892720401287079,0.448514848947525,0.11141141504049301
YHR083W,YMR284W,0,1.1164049,0.2890874147415161,0.448514848947525,0.11151151359081268
YPL051W,YIL117C,0,1.1159285,0.28890305757522583,0.448514848947525,0.11161161214113235
YKL042W,YMR167W,0,1.1156816,0.28871893882751465,0.448514848947525,0.11171171069145203
YPL064C,YGR006W,1,1.1154019,0.28917196393013,0.44950494170188904,0.11171171069145203
YGR075C,YBL020W,0,1.1149002,0.2889879047870636,0.44950494170188904,0.1118118092417717
YGL172W,YMR047C,1,1.1146457,0.28944021463394165,0.45049506425857544,0.1118118092417717
YNR004W,YHR013C,0,1.1142684,0.28925618529319763,0.45049506425857544,0.11191191524267197
YDL164C,YJR066W,0,1.1142329,0.2890724241733551,0.45049506425857544,0.11201201379299164
YMR218C,YIL177C,0,1.1141045,0.2888889014720917,0.45049506425857544,0.11211211234331131
YHL038C,YBR022W,1,1.1137341,0.2893401086330414,0.45148515701293945,0.11211211234331131
YBR065C,YGL120C,1,1.1131464,0.2897907495498657,0.45247524976730347,0.11211211234331131
YJL194W,YOR274W,0,1.1125846,0.28960710763931274,0.45247524976730347,0.11221221089363098
YMR228W,YLR148W,0,1.1116506,0.2894236743450165,0.45247524976730347,0.11231230944395065
YKR086W,YGL128C,1,1.1107666,0.2898734211921692,0.4534653425216675,0.11231230944395065
YOR073W,YIL083C,0,1.1104264,0.2896900773048401,0.4534653425216675,0.11241241544485092
YKL049C,YCR081W,0,1.1101059,0.2895069420337677,0.4534653425216675,0.1125125139951706
YBR192W,YDR205W,0,1.109819,0.2893240749835968,0.4534653425216675,0.11261261254549026
YLR033W,YOL103W,0,1.1091533,0.2891414165496826,0.4534653425216675,0.11271271109580994
YBL074C,YOR308C,1,1.1088364,0.28958991169929504,0.4544554352760315,0.11271271109580994
YLR373C,YCR026C,0,1.1082898,0.28940731287002563,0.4544554352760315,0.11281280964612961
YDR440W,YJR076C,0,1.1079382,0.2892249524593353,0.4544554352760315,0.11291291564702988
YER180C,YDR495C,0,1.1079321,0.2890428304672241,0.4544554352760315,0.11301301419734955
YLR268W,YGL083W,0,1.1073599,0.28886091709136963,0.4544554352760315,0.11311311274766922
YER029C,YKR009C,0,1.1068144,0.28867924213409424,0.4544554352760315,0.11321321129798889
YLR359W,YMR200W,0,1.106634,0.28849780559539795,0.4544554352760315,0.11331330984830856
YJL149W,YMR246W,0,1.1052775,0.2883165776729584,0.4544554352760315,0.11341341584920883
YML005W,YDR466W,0,1.1049198,0.2881355881690979,0.4544554352760315,0.1135135143995285
YPL180W,YLR285W,0,1.1047205,0.28795483708381653,0.4544554352760315,0.11361361294984818
YHL040C,YCR067C,0,1.1045688,0.28777429461479187,0.4544554352760315,0.11371371150016785
YBL026W,YMR268C,1,1.1043493,0.2882205545902252,0.4554455578327179,0.11371371150016785
YKR028W,YML104C,0,1.1042384,0.28804007172584534,0.4554455578327179,0.11381381750106812
YDL045C,YLR009W,0,1.1039255,0.28785982728004456,0.4554455578327179,0.11391391605138779
YBR201W,YLR381W,0,1.102954,0.2876797914505005,0.4554455578327179,0.11401401460170746
YDR119W,YNL126W,0,1.101348,0.2874999940395355,0.4554455578327179,0.11411411315202713
YLR310C,YOL062C,0,1.1011125,0.28732043504714966,0.4554455578327179,0.1142142117023468
YLR132C,YOR149C,0,1.1008157,0.2871410846710205,0.4554455578327179,0.11431431770324707
YHR069C,YHR175W,0,1.1003048,0.28696194291114807,0.4554455578327179,0.11441441625356674
YBR221C,YNL039W,0,1.1002904,0.28678303956985474,0.4554455578327179,0.11451451480388641
YDR279W,YML112W,0,1.1002342,0.2866043746471405,0.4554455578327179,0.11461461335420609
YER180C,YPL074W,0,1.1001148,0.2864258885383606,0.4554455578327179,0.11471471190452576
YLR014C,YBL085W,0,1.100089,0.2862476706504822,0.4554455578327179,0.11481481790542603
YGR239C,YIL128W,0,1.0994275,0.2860696613788605,0.4554455578327179,0.1149149164557457
YKL001C,YOR336W,0,1.0992128,0.2858918607234955,0.4554455578327179,0.11501501500606537
YGL153W,YBR210W,0,1.0987974,0.2857142984867096,0.4554455578327179,0.11511511355638504
YMR087W,YNL206C,0,1.0984077,0.2855369448661804,0.4554455578327179,0.11521521210670471
YMR289W,YDR147W,0,1.0979716,0.28535979986190796,0.4554455578327179,0.11531531810760498
YPR163C,YIR005W,0,1.0975634,0.2851828932762146,0.4554455578327179,0.11541541665792465
YPL129W,YBR077C,0,1.0970151,0.28500619530677795,0.4554455578327179,0.11551551520824432
YBL068W,YCR004C,0,1.0963731,0.2848297357559204,0.4554455578327179,0.115615613758564
YKL130C,YER082C,0,1.095785,0.2846534550189972,0.4554455578327179,0.11571571230888367
YMR316W,YER111C,0,1.095557,0.2844774127006531,0.4554455578327179,0.11581581830978394
YMR165C,YAL047C,0,1.0946816,0.28430160880088806,0.4554455578327179,0.11591591686010361
YKR062W,YHR062C,0,1.0946181,0.28412601351737976,0.4554455578327179,0.11601601541042328
YMR160W,YLR237W,0,1.0941982,0.2839506268501282,0.4554455578327179,0.11611611396074295
YHR165C,YFL017W-A,1,1.0940003,0.2843923568725586,0.4564356505870819,0.11611611396074295
YCR096C,YHR187W,0,1.0936246,0.2842170298099518,0.4564356505870819,0.11621621251106262
YEL077C,YNR008W,0,1.0930995,0.2840419113636017,0.4564356505870819,0.11631631851196289
YBR237W,YMR047C,1,1.0929235,0.2844827473163605,0.4574257433414459,0.11631631851196289
YLR386W,YMR193W,0,1.0926901,0.28430768847465515,0.4574257433414459,0.11641641706228256
YOR118W,YNL225C,0,1.0922415,0.28413283824920654,0.4574257433414459,0.11651651561260223
YLR240W,YJR092W,0,1.0921596,0.28395819664001465,0.4574257433414459,0.1166166141629219
YGR128C,YNL279W,0,1.0917667,0.28378379344940186,0.4574257433414459,0.11671672016382217
YMR134W,YGR166W,0,1.0911666,0.2836095690727234,0.4574257433414459,0.11681681871414185
YLR368W,YER051W,0,1.0910277,0.283435583114624,0.4574257433414459,0.11691691726446152
YIR023W,YHR186C,0,1.0898834,0.28326180577278137,0.4574257433414459,0.11701701581478119
YJR138W,YPR018W,0,1.0894641,0.28308823704719543,0.4574257433414459,0.11711711436510086
YPL046C,YBL084C,0,1.0892884,0.2829148769378662,0.4574257433414459,0.11721722036600113
YLR103C,YOR028C,0,1.0887961,0.2827417254447937,0.4574257433414459,0.1173173189163208
YJL203W,YOL004W,0,1.0880597,0.2825688123703003,0.4574257433414459,0.11741741746664047
YGR075C,YMR172W,0,1.0880018,0.2823960781097412,0.4574257433414459,0.11751751601696014
YOL033W,YMR285C,0,1.0879745,0.28222358226776123,0.4574257433414459,0.11761761456727982
YMR283C,YDR423C,0,1.0871354,0.28205129504203796,0.4574257433414459,0.11771772056818008
YDR088C,YML046W,1,1.0869447,0.2824893295764923,0.45841583609580994,0.11771772056818008
YHR081W,YPL119C,0,1.0869387,0.28231707215309143,0.45841583609580994,0.11781781911849976
YBR273C,YFR001W,0,1.0868832,0.28214502334594727,0.45841583609580994,0.11791791766881943
YGL100W,YEL077C,0,1.0856805,0.2819732129573822,0.45841583609580994,0.1180180162191391
YOR148C,YDR088C,1,1.085392,0.28241023421287537,0.45940592885017395,0.1180180162191391
YMR113W,YGL013C,0,1.085369,0.2822384536266327,0.45940592885017395,0.11811811476945877
YIL131C,YDR460W,0,1.0845329,0.28206688165664673,0.45940592885017395,0.11821822077035904
YPL110C,YLR026C,0,1.0845265,0.2818955183029175,0.45940592885017395,0.11831831932067871
YLR353W,YPL242C,0,1.0841503,0.28172433376312256,0.45940592885017395,0.11841841787099838
YGL023C,YIR028W,0,1.0839083,0.28155338764190674,0.45940592885017395,0.11851851642131805
YLR275W,YNL323W,0,1.083649,0.28138265013694763,0.45940592885017395,0.11861861497163773
YDR062W,YOL001W,0,1.0836045,0.28121212124824524,0.45940592885017395,0.118718720972538
YNL210W,YBR102C,1,1.0833125,0.2816474735736847,0.46039605140686035,0.118718720972538
YPR182W,YPL151C,1,1.0830222,0.28208231925964355,0.46138614416122437,0.118718720972538
YPL083C,YKL074C,1,1.0829891,0.28251662850379944,0.4623762369155884,0.118718720972538
YIL041W,YPR101W,0,1.082735,0.28234583139419556,0.4623762369155884,0.11881881952285767
YCR060W,YOR036W,0,1.0825964,0.282175213098526,0.4623762369155884,0.11891891807317734
YER104W,YOL072W,0,1.082097,0.28200483322143555,0.4623762369155884,0.11901901662349701
YMR288W,YLR424W,1,1.0819113,0.28243812918663025,0.4633663296699524,0.11901901662349701
YOL093W,YPL181W,0,1.0818315,0.2822677791118622,0.4633663296699524,0.11911912262439728
YDL227C,YCR089W,0,1.0818208,0.28209763765335083,0.4633663296699524,0.11921922117471695
YGR071C,YBL004W,0,1.0816641,0.2819277048110962,0.4633663296699524,0.11931931972503662
YGL128C,YKR052C,1,1.081121,0.2823600172996521,0.4643564224243164,0.11931931972503662
YKL012W,YER137C,0,1.0803033,0.28219014406204224,0.4643564224243164,0.11941941827535629
YIR025W,YNL039W,0,1.0802847,0.2820204496383667,0.4643564224243164,0.11951951682567596
YKL173W,YPR178W,1,1.0799147,0.28245192766189575,0.4653465449810028,0.11951951682567596
YNL245C,YOR334W,1,1.0798908,0.2828828692436218,0.4663366377353668,0.11951951682567596
YNL329C,YJL209W,0,1.0796983,0.2827130854129791,0.4663366377353668,0.11961962282657623
YLL027W,YIL004C,0,1.0794023,0.28254348039627075,0.4663366377353668,0.1197197213768959
YDR347W,YNL039W,0,1.0789982,0.2823741137981415,0.4663366377353668,0.11981981992721558
YKR052C,YLR117C,1,1.0789019,0.28280407190322876,0.46732673048973083,0.11981981992721558
YCL032W,YDR022C,0,1.0785455,0.2826347351074219,0.46732673048973083,0.11991991847753525
YDR376W,YOL115W,0,1.0784527,0.2824655771255493,0.46732673048973083,0.12002001702785492
YGR179C,YCR048W,0,1.0779189,0.28229665756225586,0.46732673048973083,0.12012012302875519
YGR054W,YNR056C,0,1.0771679,0.28212791681289673,0.46732673048973083,0.12022022157907486
YLR382C,YNL210W,1,1.0770899,0.2825567424297333,0.46831682324409485,0.12022022157907486
YOR294W,YDL104C,0,1.0770344,0.2823880612850189,0.46831682324409485,0.12032032012939453
YOR175C,YDR387C,0,1.0769855,0.2822195589542389,0.46831682324409485,0.1204204186797142
YLR381W,YOR279C,0,1.0763675,0.28205129504203796,0.46831682324409485,0.12052051723003387
YKL205W,YBR188C,1,1.0762748,0.2824791371822357,0.46930691599845886,0.12052051723003387
YBR044C,YKL157W,0,1.0753151,0.2823109030723572,0.46930691599845886,0.12062062323093414
YPL192C,YGR058W,0,1.0748173,0.28214284777641296,0.46930691599845886,0.12072072178125381
YJL082W,YOR188W,0,1.0744935,0.28197500109672546,0.46930691599845886,0.12082082033157349
YPL050C,YJL209W,0,1.0738873,0.2818073630332947,0.46930691599845886,0.12092091888189316
YDR118W,YDL161W,0,1.0738142,0.2816399335861206,0.46930691599845886,0.12102101743221283
YLR424W,YOR308C,1,1.0737807,0.2820664942264557,0.47029703855514526,0.12102101743221283
YAR008W,YOR159C,1,1.0737294,0.28249257802963257,0.4712871313095093,0.12102101743221283
YDL074C,YDL103C,0,1.0730277,0.28232502937316895,0.4712871313095093,0.1211211234331131
YNL316C,YAL034W-A,0,1.0716201,0.28215768933296204,0.4712871313095093,0.12122122198343277
YML008C,YMR170C,0,1.0712149,0.28199052810668945,0.4712871313095093,0.12132132053375244
YER029C,YOR257W,0,1.0705224,0.2818235754966736,0.4712871313095093,0.12142141908407211
YDR121W,YLR207W,0,1.0697596,0.28165680170059204,0.4712871313095093,0.12152152508497238
YDR315C,YBR195C,0,1.0691131,0.2814902365207672,0.4712871313095093,0.12162162363529205
YLR117C,YER013W,1,1.0691005,0.2819148898124695,0.4722772240638733,0.12162162363529205
YDR416W,YER146W,1,1.0688754,0.28233903646469116,0.4732673168182373,0.12162162363529205
YNR056C,YBR061C,0,1.0683345,0.28217238187789917,0.4732673168182373,0.12172172218561172
YJL176C,YNL049C,0,1.0682751,0.2820059061050415,0.4732673168182373,0.1218218207359314
YGL209W,YER145C,0,1.0680707,0.28183960914611816,0.4732673168182373,0.12192191928625107
YLR283W,YKR086W,0,1.0680085,0.2816735506057739,0.4732673168182373,0.12202202528715134
YPR190C,YPR023C,0,1.0670701,0.281507670879364,0.4732673168182373,0.12212212383747101
YER030W,YBR253W,0,1.0668896,0.2813419699668884,0.4732673168182373,0.12222222238779068
YGR185C,YIL138C,0,1.0662569,0.28117647767066956,0.4732673168182373,0.12232232093811035
YER036C,YIL128W,0,1.066083,0.281011164188385,0.4732673168182373,0.12242241948843002
YNR050C,YHR187W,0,1.0658784,0.2808460593223572,0.4732673168182373,0.12252252548933029
YPL158C,YBR056W,0,1.0657372,0.28068116307258606,0.4732673168182373,0.12262262403964996
YPL029W,YOL070C,0,1.065523,0.28051644563674927,0.4732673168182373,0.12272272258996964
YGR075C,YLR425W,0,1.0654858,0.2803519070148468,0.4732673168182373,0.1228228211402893
YKR069W,YOR118W,0,1.0654781,0.28018757700920105,0.4732673168182373,0.12292291969060898
YER029C,YPR082C,1,1.0653875,0.28060925006866455,0.4742574393749237,0.12292291969060898
YGL174W,YMR204C,0,1.0647802,0.2804449796676636,0.4742574393749237,0.12302302569150925
YKR056W,YLL002W,0,1.0647688,0.28028085827827454,0.4742574393749237,0.12312312424182892
YDR362C,YDL236W,0,1.0643307,0.2801169455051422,0.4742574393749237,0.12322322279214859
YOL066C,YLR268W,0,1.0639814,0.2799532413482666,0.4742574393749237,0.12332332134246826
YJL020C,YDR312W,0,1.0639544,0.2797897160053253,0.4742574393749237,0.12342341989278793
YNL129W,YKL020C,0,1.062387,0.27962639927864075,0.4742574393749237,0.1235235258936882
YGL020C,YDR058C,0,1.0615616,0.2794632315635681,0.4742574393749237,0.12362362444400787
YHL027W,YOR017W,0,1.0610706,0.2793003022670746,0.4742574393749237,0.12372372299432755
YLR314C,YPR022C,0,1.0608356,0.279137521982193,0.4742574393749237,0.12382382154464722
YDR463W,YDR088C,1,1.0602096,0.27955737709999084,0.4752475321292877,0.12382382154464722
YDL150W,YHL032C,0,1.060115,0.27939465641975403,0.4752475321292877,0.12392392754554749
YDR121W,YFL009W,0,1.0597795,0.27923211455345154,0.4752475321292877,0.12402402609586716
YBR022W,YIL085C,0,1.0596565,0.27906978130340576,0.4752475321292877,0.12412412464618683
YPR107C,YAL044C,0,1.0593287,0.2789075970649719,0.4752475321292877,0.1242242231965065
YBR251W,YFR005C,0,1.059121,0.2787456512451172,0.4752475321292877,0.12432432174682617
YML095C,YPL064C,0,1.0586509,0.2785838544368744,0.4752475321292877,0.12442442774772644
YBR156C,YER094C,0,1.0573695,0.2784222662448883,0.4752475321292877,0.12452452629804611
YLR145W,YOR150W,0,1.0553745,0.27826085686683655,0.4752475321292877,0.12462462484836578
YLR319C,YMR019W,0,1.0548,0.2780996561050415,0.4752475321292877,0.12472472339868546
YDL166C,YOR080W,0,1.0545763,0.2779386341571808,0.4752475321292877,0.12482482194900513
YDR330W,YMR246W,0,1.0545644,0.2777777910232544,0.4752475321292877,0.1249249279499054
YBR150C,YLR321C,0,1.0542986,0.27761712670326233,0.4752475321292877,0.12502501904964447
YMR167W,YKL090W,0,1.0537533,0.2774566411972046,0.4752475321292877,0.12512512505054474
YDL036C,YPL194W,0,1.0536258,0.27729636430740356,0.4752475321292877,0.125225231051445
YIL129C,YGL169W,0,1.053392,0.27713626623153687,0.4752475321292877,0.12532532215118408
YIR007W,YFR031C,0,1.0528413,0.2769763469696045,0.4752475321292877,0.12542542815208435
YOR151C,YMR023C,0,1.052401,0.27681660652160645,0.4752475321292877,0.12552551925182343
YFL001W,YOR008C,0,1.0523843,0.2766570746898651,0.4752475321292877,0.1256256252527237
YEL053C,YNL271C,0,1.0517955,0.2764976918697357,0.4752475321292877,0.12572573125362396
YGL051W,YER022W,0,1.0516582,0.27633851766586304,0.4752475321292877,0.12582582235336304
YMR134W,YPR108W,0,1.0515447,0.2761795222759247,0.4752475321292877,0.1259259283542633
YMR268C,YLR323C,1,1.0515318,0.27659574151039124,0.47623762488365173,0.1259259283542633
YDL005C,YER172C,0,1.050272,0.27643677592277527,0.47623762488365173,0.12602601945400238
YBR061C,YPL269W,0,1.0498978,0.27627798914909363,0.47623762488365173,0.12612612545490265
YNR018W,YIR010W,0,1.0496067,0.2761194109916687,0.47623762488365173,0.12622623145580292
YNL254C,YGR154C,0,1.0490297,0.2759609818458557,0.47623762488365173,0.126326322555542
YHR029C,YBR118W,0,1.0486025,0.27580276131629944,0.47623762488365173,0.12642642855644226
YKL003C,YOR124C,0,1.0484211,0.2756446897983551,0.47623762488365173,0.12652651965618134
YDR113C,YOR328W,0,1.0470624,0.2754868268966675,0.47623762488365173,0.1266266256570816
YPR011C,YLR086W,0,1.0464457,0.2753291428089142,0.47623762488365173,0.12672673165798187
YOL094C,YOR123C,0,1.0463423,0.2751716375350952,0.47623762488365173,0.12682682275772095
YGL216W,YJR126C,0,1.045517,0.2750142812728882,0.47623762488365173,0.12692692875862122
YNL224C,YPR082C,1,1.0454733,0.27542856335639954,0.47722771763801575,0.12692692875862122
YAL032C,YBL074C,1,1.0450228,0.2758423686027527,0.47821781039237976,0.12692692875862122
YHR065C,YMR224C,0,1.0450014,0.2756849229335785,0.47821781039237976,0.1270270198583603
YGR206W,YLR320W,0,1.0449885,0.2755276560783386,0.47821781039237976,0.12712712585926056
YFR036W,YDL099W,0,1.0439993,0.2753705680370331,0.47821781039237976,0.12722723186016083
YDL147W,YIR010W,0,1.0436374,0.27521368861198425,0.47821781039237976,0.1273273229598999
YLR350W,YPL007C,0,1.0429882,0.27505695819854736,0.47821781039237976,0.12742742896080017
YGL043W,YIL063C,0,1.0428989,0.2749004065990448,0.47821781039237976,0.12752753496170044
YDR254W,YMR078C,0,1.0428253,0.27474403381347656,0.47821781039237976,0.12762762606143951
YMR208W,YPL150W,0,1.0425179,0.27458783984184265,0.47821781039237976,0.12772773206233978
YLR408C,YKL157W,0,1.0421925,0.27443182468414307,0.47821781039237976,0.12782782316207886
YJR140C,YPL066W,0,1.0421648,0.2742759883403778,0.47821781039237976,0.12792792916297913
YBR152W,YBR022W,1,1.0420923,0.27468785643577576,0.47920793294906616,0.12792792916297913
YOR216C,YHR013C,0,1.0401253,0.2745320498943329,0.47920793294906616,0.1280280351638794
YHR166C,YGR084C,0,1.0400405,0.27437642216682434,0.47920793294906616,0.12812812626361847
YGL153W,YBR006W,0,1.0400187,0.2742209732532501,0.47920793294906616,0.12822823226451874
YBL102W,YHR077C,0,1.0399476,0.27406567335128784,0.47920793294906616,0.1283283233642578
YIR005W,YGR075C,1,1.039576,0.2744765281677246,0.4801980257034302,0.1283283233642578
YEL061C,YMR114C,0,1.0395266,0.2743212580680847,0.4801980257034302,0.12842842936515808
YML049C,YPL064C,1,1.0392255,0.27473148703575134,0.4811881184577942,0.12842842936515808
YOR306C,YNR035C,0,1.0386009,0.2745762765407562,0.4811881184577942,0.12852853536605835
YIL026C,YKL010C,0,1.0385336,0.27442124485969543,0.4811881184577942,0.12862862646579742
YMR047C,YNL210W,1,1.0384933,0.27483069896698,0.4821782112121582,0.12862862646579742
YDL202W,YGL004C,0,1.0382928,0.2746756970882416,0.4821782112121582,0.1287287324666977
YLR381W,YPL092W,0,1.0382754,0.2745208442211151,0.4821782112121582,0.12882882356643677
YGR227W,YGL106W,0,1.0381364,0.27436619997024536,0.4821782112121582,0.12892892956733704
YNL127W,YPL212C,0,1.0373012,0.27421170473098755,0.4821782112121582,0.1290290355682373
YLL029W,YPR054W,0,1.0370791,0.27405738830566406,0.4821782112121582,0.12912912666797638
YML111W,YLR079W,0,1.0368847,0.2739032506942749,0.4821782112121582,0.12922923266887665
YDL150W,YDR349C,0,1.0361142,0.27374929189682007,0.4821782112121582,0.12932932376861572
YER029C,YGR006W,1,1.0357935,0.27415731549263,0.4831683039665222,0.12932932376861572
YCR011C,YMR278W,0,1.035589,0.27400335669517517,0.4831683039665222,0.129429429769516
YKR002W,YPR111W,0,1.0355866,0.27384960651397705,0.4831683039665222,0.12952953577041626
YOR256C,YKL208W,0,1.0351782,0.27369600534439087,0.4831683039665222,0.12962962687015533
YER013W,YBR022W,1,1.0349973,0.2741031348705292,0.4841584265232086,0.12962962687015533
YKL084W,YGR090W,0,1.0340327,0.27394959330558777,0.4841584265232086,0.1297297328710556
YNL121C,YGL050W,0,1.0339568,0.2737962007522583,0.4841584265232086,0.12982982397079468
YCL032W,YHR079C,0,1.0338014,0.27364298701286316,0.4841584265232086,0.12992992997169495
YPR178W,YDR364C,1,1.0337762,0.27404922246932983,0.48514851927757263,0.12992992997169495
YJL085W,YLR119W,0,1.033511,0.2738960385322571,0.48514851927757263,0.13003003597259521
YNL115C,YPL051W,0,1.0328484,0.27374300360679626,0.48514851927757263,0.1301301270723343
YDR364C,YJL203W,1,1.0319667,0.27414852380752563,0.48613861203193665,0.1301301270723343
YJR089W,YOR224C,0,1.0318607,0.2739955484867096,0.48613861203193665,0.13023023307323456
YJL065C,YLR192C,0,1.031735,0.2738427221775055,0.48613861203193665,0.13033032417297363
YMR146C,YKR104W,0,1.0316299,0.2736900746822357,0.48613861203193665,0.1304304301738739
YMR203W,YDL215C,0,1.0313889,0.27353760600090027,0.48613861203193665,0.13053053617477417
YKR060W,YOR130C,0,1.0308634,0.27338528633117676,0.48613861203193665,0.13063062727451324
YGR252W,YEL021W,0,1.030171,0.27323317527770996,0.48613861203193665,0.1307307332754135
YOR243C,YOL072W,0,1.0296437,0.2730812132358551,0.48613861203193665,0.1308308243751526
YGR059W,YIR039C,0,1.0294764,0.2729294002056122,0.48613861203193665,0.13093093037605286
YML058W,YDR291W,0,1.0294734,0.2727777659893036,0.48613861203193665,0.13103103637695312
YKL092C,YPL148C,0,1.0293618,0.2726263105869293,0.48613861203193665,0.1311311274766922
YLR022C,YJL020C,0,1.0289191,0.2724750339984894,0.48613861203193665,0.13123123347759247
YNL128W,YOL001W,0,1.0266652,0.2723239064216614,0.48613861203193665,0.13133132457733154
YOR149C,YPR165W,0,1.0263203,0.2721729576587677,0.48613861203193665,0.1314314305782318
YDR440W,YMR061W,0,1.0263054,0.27202215790748596,0.48613861203193665,0.13153153657913208
YDR304C,YJL082W,0,1.0262203,0.27187153697013855,0.48613861203193665,0.13163162767887115
YHR161C,YLR077W,0,1.02622,0.27172109484672546,0.48613861203193665,0.13173173367977142
YDR177W,YLL036C,0,1.0261681,0.2715708017349243,0.48613861203193665,0.1318318247795105
YGR222W,YBR102C,1,1.0258945,0.27197346091270447,0.48712870478630066,0.1318318247795105
YBR207W,YDR034C,0,1.0258794,0.2718231976032257,0.48712870478630066,0.13193193078041077
YMR288W,YOR148C,1,1.0257118,0.2722252905368805,0.4881187975406647,0.13193193078041077
YGR216C,YDR356W,0,1.0256476,0.2720750570297241,0.4881187975406647,0.13203203678131104
YOR244W,YOR025W,0,1.0250132,0.2719249725341797,0.4881187975406647,0.1321321278810501
YLR107W,YER183C,0,1.0249549,0.27177509665489197,0.4881187975406647,0.13223223388195038
YLR222C,YHR099W,0,1.0245112,0.2716253399848938,0.4881187975406647,0.13233232498168945
YMR171C,YLR403W,0,1.0239238,0.27147576212882996,0.4881187975406647,0.13243243098258972
YMR034C,YGL237C,0,1.0236952,0.27132636308670044,0.4881187975406647,0.13253253698349
YDL159W,YNR040W,0,1.0233464,0.27117711305618286,0.4881187975406647,0.13263262808322906
YPL047W,YOR310C,0,1.0229974,0.2710280418395996,0.4881187975406647,0.13273273408412933
YOR242C,YER095W,0,1.022653,0.2708791196346283,0.4881187975406647,0.1328328400850296
YDR449C,YIL017C,0,1.0225962,0.2707303762435913,0.4881187975406647,0.13293293118476868
YGL021W,YJL030W,0,1.0218799,0.27058178186416626,0.4881187975406647,0.13303303718566895
YKL011C,YMR164C,0,1.0217452,0.27043336629867554,0.4881187975406647,0.13313312828540802
YPR063C,YMR200W,0,1.0215678,0.27028509974479675,0.4881187975406647,0.1332332342863083
YOR244W,YER133W,0,1.0213566,0.2701369822025299,0.4881187975406647,0.13333334028720856
YNL044W,YJR138W,0,1.0208834,0.2699890434741974,0.4881187975406647,0.13343343138694763
YBR022W,YLR095C,0,1.0193263,0.2698412835597992,0.4881187975406647,0.1335335373878479
YDR081C,YJL024C,0,1.0183648,0.26969364285469055,0.4881187975406647,0.13363362848758698
YLR306W,YPL094C,0,1.0179969,0.2695462107658386,0.4881187975406647,0.13373373448848724
YDL056W,YHR187W,0,1.017476,0.26939889788627625,0.4881187975406647,0.1338338404893875
YCR063W,YML029W,1,1.0174756,0.2697979211807251,0.4891089200973511,0.1338338404893875
YKL173W,YOL057W,0,1.0172246,0.2696506679058075,0.4891089200973511,0.1339339315891266
YCR043C,YNL052W,0,1.0158092,0.26950353384017944,0.4891089200973511,0.13403403759002686
YER029C,YGR222W,1,1.0157177,0.269901841878891,0.4900990128517151,0.13403403759002686
YGR029W,YFL055W,0,1.0154916,0.2697547674179077,0.4900990128517151,0.13413412868976593
YDR117C,YDR393W,0,1.0149118,0.2696078419685364,0.4900990128517151,0.1342342346906662
YLL019C,YKR010C,0,1.0145613,0.269461065530777,0.4900990128517151,0.13433434069156647
YNL001W,YPL083C,0,1.0140791,0.2693144679069519,0.4900990128517151,0.13443443179130554
YNL245C,YGL120C,1,1.0135561,0.26971179246902466,0.4910891056060791,0.13443443179130554
YGR092W,YDR448W,0,1.0131242,0.269565224647522,0.4910891056060791,0.1345345377922058
YGL241W,YGR222W,0,1.0122695,0.2694188058376312,0.4910891056060791,0.13463462889194489
YIL017C,YKL021C,0,1.0122005,0.2692725360393524,0.4910891056060791,0.13473473489284515
YNL001W,YFR045W,0,1.0121914,0.26912641525268555,0.4910891056060791,0.13483484089374542
YIL132C,YOR115C,0,1.011426,0.268980473279953,0.4910891056060791,0.1349349319934845
YOR391C,YBL027W,0,1.0108722,0.2688346803188324,0.4910891056060791,0.13503503799438477
YOL108C,YJR090C,0,1.0106659,0.2686890661716461,0.4910891056060791,0.13513512909412384
YPR134W,YMR047C,1,1.0103494,0.26908499002456665,0.4920791983604431,0.13513512909412384
YMR268C,YLR116W,1,1.010329,0.26948052644729614,0.4930693209171295,0.13513512909412384
YIR014W,YBL092W,0,1.0103204,0.2693347632884979,0.4930693209171295,0.1352352350950241
YKR036C,YJL034W,0,1.0093815,0.26918917894363403,0.4930693209171295,0.13533534109592438
YKL012W,YBR102C,1,1.0077603,0.2695840001106262,0.49405941367149353,0.13533534109592438
YOR243C,YPL024W,0,1.0074402,0.2694384455680847,0.49405941367149353,0.13543543219566345
YNR054C,YEL041W,0,1.0073556,0.26929304003715515,0.49405941367149353,0.13553553819656372
YGR154C,YDR352W,0,1.0067346,0.2691477835178375,0.49405941367149353,0.1356356292963028
YJR110W,YAR003W,0,1.0064576,0.2690027058124542,0.49405941367149353,0.13573573529720306
YNL245C,YOR159C,1,1.0064281,0.2693965435028076,0.49504950642585754,0.13573573529720306
YDR126W,YLR276C,0,1.0062587,0.2692514955997467,0.49504950642585754,0.13583584129810333
YDR123C,YDL213C,0,1.0062381,0.26910656690597534,0.49504950642585754,0.1359359323978424
YCR039C,YLL045C,0,1.0052534,0.2689618170261383,0.49504950642585754,0.13603603839874268
YJR034W,YMR238W,0,1.0051882,0.2688172161579132,0.49504950642585754,0.13613612949848175
YOL043C,YDR511W,0,1.0051837,0.26867276430130005,0.49504950642585754,0.13623623549938202
YGL044C,YHR143W-A,0,1.0049614,0.26852846145629883,0.49504950642585754,0.1363363415002823
YPL091W,YBL055C,0,1.0047815,0.26838433742523193,0.49504950642585754,0.13643643260002136
YOR278W,YGL241W,0,1.0042588,0.2682403326034546,0.49504950642585754,0.13653653860092163
YNL245C,YMR288W,1,1.0039297,0.268632709980011,0.49603959918022156,0.13653653860092163
YMR288W,YKL012W,1,1.0038542,0.26902464032173157,0.49702969193458557,0.13653653860092163
YMR176W,YOR293W,0,1.0035774,0.26888054609298706,0.49702969193458557,0.1366366297006607
YMR189W,YLR080W,0,1.0034906,0.2687366306781769,0.49702969193458557,0.13673673570156097
YLR272C,YLR212C,0,1.0033646,0.26859283447265625,0.49702969193458557,0.13683684170246124
YML058W,YOL115W,0,1.0031241,0.26844918727874756,0.49702969193458557,0.13693693280220032
YGR239C,YLR222C,0,1.0029671,0.2683057188987732,0.49702969193458557,0.13703703880310059
YLR139C,YBR200W,0,1.0026332,0.26816239953041077,0.49702969193458557,0.13713712990283966
YDL214C,YDR167W,0,1.0022104,0.2680192291736603,0.49702969193458557,0.13723723590373993
YDL200C,YJL008C,0,1.0019226,0.26787620782852173,0.49702969193458557,0.1373373419046402
YLR298C,YOR308C,1,1.0015981,0.2682666778564453,0.498019814491272,0.1373373419046402
YMR024W,YKL042W,0,1.0010806,0.26812365651130676,0.498019814491272,0.13743743300437927
YGR098C,YLR233C,0,1.0010732,0.26798081398010254,0.498019814491272,0.13753753900527954
YDR532C,YDR409W,0,1.0005965,0.26783812046051025,0.498019814491272,0.1376376450061798
YER048C,YPR196W,0,1.0003055,0.2676955759525299,0.498019814491272,0.13773773610591888
YDL161W,YNL290W,0,1.0002112,0.2675531804561615,0.498019814491272,0.13783784210681915
YHL020C,YMR019W,0,0.99921316,0.2674109637737274,0.498019814491272,0.13793793320655823
YER115C,YMR150C,0,0.9986392,0.2672688663005829,0.498019814491272,0.1380380392074585
YBR271W,YMR238W,0,0.9985934,0.2671269178390503,0.498019814491272,0.13813814520835876
YDL005C,YNL264C,0,0.9981292,0.266985148191452,0.498019814491272,0.13823823630809784
YKR052C,YPR057W,1,0.99803805,0.2673740088939667,0.499009907245636,0.13823823630809784
YDL207W,YLR353W,0,0.99782324,0.2672322392463684,0.499009907245636,0.1383383423089981
YBR102C,YMR125W,1,0.9973846,0.2676205635070801,0.5,0.1383383423089981
YJL171C,YDR131C,0,0.9973664,0.2674788236618042,0.5,0.13843843340873718
YNL071W,YNL078W,0,0.9973443,0.26733720302581787,0.5,0.13853853940963745
YPR060C,YDR090C,0,0.99674153,0.26719576120376587,0.5,0.13863864541053772
YIL132C,YDR409W,0,0.995143,0.2670544683933258,0.5,0.1387387365102768
YLR165C,YLL054C,0,0.9949711,0.2669133245944977,0.5,0.13883884251117706
YHR028C,YKL073W,0,0.99474573,0.2667723298072815,0.5,0.13893893361091614
YMR137C,YPR135W,0,0.9946863,0.26663145422935486,0.5,0.1390390396118164
YPL187W,YOL093W,0,0.9936303,0.26649075746536255,0.5,0.13913914561271667
YMR092C,YDR224C,0,0.9932024,0.2663502097129822,0.5,0.13923923671245575
YJR119C,YMR210W,0,0.99269456,0.26620981097221375,0.5,0.13933934271335602
YBL042C,YCR048W,0,0.99230313,0.26606956124305725,0.5,0.1394394338130951
YPR060C,YNL191W,0,0.9919938,0.2659294307231903,0.5,0.13953953981399536
YMR190C,YHL007C,0,0.9917691,0.2657894790172577,0.5,0.13963964581489563
YGL090W,YDR496C,0,0.9917151,0.2656496465206146,0.5,0.1397397369146347
YML111W,YGL086W,0,0.9915184,0.2655099928379059,0.5,0.13983984291553497
YGR157W,YJR137C,0,0.9913074,0.2653704583644867,0.5,0.13993993401527405
YPR101W,YGR129W,1,0.9911707,0.2657563090324402,0.500990092754364,0.13993993401527405
YKR052C,YGL092W,1,0.990797,0.26614174246788025,0.501980185508728,0.13993993401527405
YKL010C,YDL109C,0,0.9907114,0.2660020887851715,0.501980185508728,0.14004004001617432
YKR029C,YER017C,0,0.99047345,0.2658626139163971,0.501980185508728,0.14014014601707458
YDR208W,YLR207W,0,0.9902915,0.26572325825691223,0.501980185508728,0.14024023711681366
YJR125C,YGL004C,0,0.9902262,0.2655840814113617,0.501980185508728,0.14034034311771393
YGR229C,YIL006W,0,0.9901921,0.2654450237751007,0.501980185508728,0.140440434217453
YJR086W,YDR228C,0,0.9898358,0.26530611515045166,0.501980185508728,0.14054054021835327
YKL167C,YHR207C,0,0.9897223,0.26516735553741455,0.501980185508728,0.14064064621925354
YOL102C,YGL092W,1,0.9891804,0.26555147767066956,0.502970278263092,0.14064064621925354
YDL164C,YEL020C,0,0.987521,0.26541274785995483,0.502970278263092,0.14074073731899261
YDL150W,YCR093W,0,0.9872642,0.26527413725852966,0.502970278263092,0.14084084331989288
YNL267W,YOR232W,0,0.98685056,0.2651357054710388,0.502970278263092,0.14094093441963196
YBR055C,YPL178W,1,0.986586,0.26551905274391174,0.503960371017456,0.14094093441963196
YMR161W,YGL172W,0,0.9850813,0.2653805911540985,0.503960371017456,0.14104104042053223
YBR084C-A,YDR231C,0,0.9845585,0.2652423083782196,0.503960371017456,0.1411411464214325
YNR039C,YJR070C,0,0.98423237,0.26510417461395264,0.503960371017456,0.14124123752117157
YDL080C,YPR186C,0,0.984153,0.2649661600589752,0.503960371017456,0.14134134352207184
YKL003C,YKR067W,0,0.9834483,0.26482829451560974,0.503960371017456,0.1414414346218109
YMR228W,YKL046C,0,0.98333395,0.2646905779838562,0.503960371017456,0.14154154062271118
YKR080W,YML006C,0,0.982812,0.2645530104637146,0.503960371017456,0.14164164662361145
YDL074C,YAL009W,0,0.98267287,0.26441559195518494,0.503960371017456,0.14174173772335052
YGL133W,YLR410W,0,0.9825403,0.2642782926559448,0.503960371017456,0.1418418437242508
YIR005W,YPL151C,1,0.98246896,0.2646600902080536,0.5049505233764648,0.1418418437242508
YBR239C,YMR263W,0,0.9811992,0.26452282071113586,0.5049505233764648,0.14194193482398987
YCL024W,YNL275W,0,0.98108023,0.2643857002258301,0.5049505233764648,0.14204204082489014
YPL008W,YIL127C,0,0.98081917,0.26424869894981384,0.5049505233764648,0.1421421468257904
YOR329C,YBR074W,0,0.9807667,0.26411184668540955,0.5049505233764648,0.14224223792552948
YDR416W,YLR116W,1,0.9805336,0.2644927501678467,0.5059406161308289,0.14224223792552948
YKL010C,YDR356W,0,0.98049146,0.26435592770576477,0.5059406161308289,0.14234234392642975
YGR143W,YHR129C,0,0.97990763,0.2642192244529724,0.5059406161308289,0.14244243502616882
YGL168W,YPL051W,0,0.97982615,0.2640827000141144,0.5059406161308289,0.1425425410270691
YKR086W,YDL087C,1,0.9796723,0.26446279883384705,0.5069307088851929,0.1425425410270691
YLR330W,YGR262C,0,0.9790234,0.264326274394989,0.5069307088851929,0.14264264702796936
YDR332W,YML027W,0,0.97845984,0.2641898989677429,0.5069307088851929,0.14274273812770844
YKL082C,YOR367W,0,0.978384,0.2640536427497864,0.5069307088851929,0.1428428441286087
YPR122W,YJR125C,0,0.9780877,0.2639175355434418,0.5069307088851929,0.14294295012950897
YPL240C,YPR028W,0,0.9779791,0.2637815475463867,0.5069307088851929,0.14304304122924805
YOR284W,YJL106W,0,0.9769779,0.263645738363266,0.5069307088851929,0.14314314723014832
YLR096W,YBR164C,0,0.97571754,0.2635100483894348,0.5069307088851929,0.1432432383298874
YCR052W,YOR362C,0,0.9756741,0.2633744776248932,0.5069307088851929,0.14334334433078766
YDL137W,YOR307C,0,0.97536236,0.2632390856742859,0.5069307088851929,0.14344345033168793
YPL068C,YDR285W,0,0.97533685,0.26310381293296814,0.5069307088851929,0.143543541431427
YOR275C,YPR171W,0,0.9752584,0.26296865940093994,0.5069307088851929,0.14364364743232727
YNR013C,YOR279C,0,0.97522813,0.26283368468284607,0.5069307088851929,0.14374373853206635
YGR109C,YOR022C,0,0.97489077,0.26269882917404175,0.5069307088851929,0.1438438445329666
YDL231C,YJR013W,0,0.9745166,0.262564092874527,0.5069307088851929,0.14394395053386688
YHR050W,YLL040C,0,0.9740178,0.26242953538894653,0.5069307088851929,0.14404404163360596
YDR530C,YPR033C,0,0.9737864,0.26229506731033325,0.5069307088851929,0.14414414763450623
YDR470C,YKR020W,0,0.9735158,0.2621607780456543,0.5069307088851929,0.1442442387342453
YAR015W,YKR030W,0,0.9731943,0.2620266079902649,0.5069307088851929,0.14434434473514557
YPL164C,YBR176W,0,0.9731862,0.2618925869464874,0.5069307088851929,0.14444445073604584
YMR162C,YER183C,0,0.97250235,0.2617586851119995,0.5069307088851929,0.1445445418357849
YLL061W,YMR246W,0,0.97248626,0.26162493228912354,0.5069307088851929,0.14464464783668518
YLR306W,YJL170C,0,0.972467,0.2614913284778595,0.5069307088851929,0.14474473893642426
YDR456W,YPR029C,0,0.97233343,0.261357843875885,0.5069307088851929,0.14484484493732452
YJR022W,YLR323C,1,0.97224337,0.2617346942424774,0.5079208016395569,0.14484484493732452
YLL002W,YIL142W,0,0.9722078,0.26160120964050293,0.5079208016395569,0.1449449509382248
YNR069C,YJR060W,0,0.9721804,0.26146790385246277,0.5079208016395569,0.14504504203796387
YLR381W,YAR008W,0,0.9721244,0.26133468747138977,0.5079208016395569,0.14514514803886414
YNL310C,YDL092W,0,0.9720959,0.2612016201019287,0.5079208016395569,0.1452452391386032
YLL034C,YDR164C,0,0.9712237,0.2610687017440796,0.5079208016395569,0.14534534513950348
YGR231C,YHR117W,0,0.9711794,0.26093590259552,0.5079208016395569,0.14544545114040375
YLL029W,YBL020W,0,0.9710827,0.2608032524585724,0.5079208016395569,0.14554554224014282
YJL025W,YBR161W,0,0.9710547,0.2606707215309143,0.5079208016395569,0.1456456482410431
YLL054C,YPL127C,0,0.97104096,0.26053833961486816,0.5079208016395569,0.14574573934078217
YML071C,YCL052C,0,0.9710133,0.2604060769081116,0.5079208016395569,0.14584584534168243
YIR021W,YGR074W,1,0.9710074,0.26078131794929504,0.5089108943939209,0.14584584534168243
YHR191C,YBL036C,0,0.97080714,0.26064908504486084,0.5089108943939209,0.1459459513425827
YMR306W,YBR098W,0,0.9707125,0.2605169713497162,0.5089108943939209,0.14604604244232178
YMR176W,YDR143C,0,0.97046626,0.26038500666618347,0.5089108943939209,0.14614614844322205
YGR012W,YGR070W,0,0.9699232,0.2602531611919403,0.5089108943939209,0.14624623954296112
YMR213W,YMR240C,1,0.9694608,0.26062753796577454,0.5099009871482849,0.14624623954296112
YBR237W,YOR148C,1,0.96917844,0.2610015273094177,0.5108910799026489,0.14624623954296112
YBR084C-A,YNL092W,0,0.96896535,0.260869562625885,0.5108910799026489,0.1463463455438614
YLR103C,YAL014C,0,0.968661,0.26073774695396423,0.5108910799026489,0.14644645154476166
YGL244W,YJL024C,0,0.96861583,0.260606050491333,0.5108910799026489,0.14654654264450073
YHR083W,YMR316W,0,0.9680817,0.2604745030403137,0.5108910799026489,0.146646648645401
YNR046W,YKL028W,0,0.9679681,0.260343074798584,0.5108910799026489,0.14674673974514008
YCR063W,YER146W,1,0.9677164,0.2607160806655884,0.5118811726570129,0.14674673974514008
YDR486C,YIR025W,0,0.9672611,0.26058468222618103,0.5118811726570129,0.14684684574604034
YGL043W,YBL082C,0,0.9672546,0.26045340299606323,0.5118811726570129,0.1469469517469406
YCR027C,YGR223C,0,0.9672099,0.260322242975235,0.5118811726570129,0.1470470428466797
YOL043C,YDL185W,0,0.9667059,0.2601912319660187,0.5118811726570129,0.14714714884757996
YKL161C,YNL158W,0,0.9664311,0.2600603699684143,0.5118811726570129,0.14724723994731903
YCR014C,YMR292W,0,0.9662964,0.2599296271800995,0.5118811726570129,0.1473473459482193
YMR268C,YDR118W,0,0.96608776,0.2597990036010742,0.5118811726570129,0.14744745194911957
YLR192C,YIL117C,0,0.9656692,0.2596684992313385,0.5118811726570129,0.14754754304885864
YNL310C,YPR025C,0,0.965438,0.2595381438732147,0.5118811726570129,0.1476476490497589
YEL036C,YBL050W,0,0.9645321,0.2594079375267029,0.5118811726570129,0.14774775505065918
YHR052W,YOL008W,0,0.96445876,0.2592778205871582,0.5118811726570129,0.14784784615039825
YNL136W,YEL055C,0,0.9637178,0.25914788246154785,0.5118811726570129,0.14794795215129852
YOR246C,YDL035C,0,0.9636447,0.25901803374290466,0.5118811726570129,0.1480480432510376
YDR519W,YGL241W,0,0.96305364,0.2588883340358734,0.5118811726570129,0.14814814925193787
YNL223W,YMR121C,0,0.96271497,0.2587587535381317,0.5118811726570129,0.14824825525283813
YPL083C,YDR387C,0,0.96269375,0.25862932205200195,0.5118811726570129,0.1483483463525772
YGL030W,YBL074C,1,0.9622853,0.2590000033378601,0.512871265411377,0.1483483463525772
YLR103C,YGL071W,0,0.9621487,0.25887057185173035,0.512871265411377,0.14844845235347748
YIR021W,YBR022W,1,0.9617125,0.2592407464981079,0.513861358165741,0.14844845235347748
YML049C,YFL029C,0,0.96161723,0.25911134481430054,0.513861358165741,0.14854854345321655
YML015C,YBL050W,0,0.96145177,0.2589820325374603,0.513861358165741,0.14864864945411682
YDR101C,YIR033W,0,0.96104044,0.25885286927223206,0.513861358165741,0.1487487554550171
YMR016C,YEL041W,0,0.96092623,0.25872382521629333,0.513861358165741,0.14884884655475616
YLR376C,YCL034W,0,0.96037704,0.25859493017196655,0.513861358165741,0.14894895255565643
YJR065C,YPL065W,0,0.96026,0.25846612453460693,0.513861358165741,0.1490490436553955
YLR423C,YMR208W,0,0.9602535,0.25833746790885925,0.513861358165741,0.14914914965629578
YJL072C,YGR223C,0,0.9600321,0.2582089602947235,0.513861358165741,0.14924925565719604
YOR308C,YMR316W,0,0.95957655,0.25808054208755493,0.513861358165741,0.14934934675693512
YNL047C,YJR034W,0,0.95952815,0.2579522728919983,0.513861358165741,0.1494494527578354
YIL049W,YLR264W,0,0.9592372,0.2578241527080536,0.513861358165741,0.14954954385757446
YHR067W,YAL016W,0,0.9592282,0.25769612193107605,0.513861358165741,0.14964964985847473
YDR073W,YKL022C,0,0.9591737,0.25756824016571045,0.513861358165741,0.149749755859375
YDL164C,YPR190C,0,0.95917344,0.2574404776096344,0.513861358165741,0.14984984695911407
YLR440C,YML014W,0,0.95886743,0.2573128342628479,0.513861358165741,0.14994995296001434
YKR028W,YJL041W,0,0.9585318,0.25718533992767334,0.513861358165741,0.15005004405975342
YHR206W,YLR129W,0,0.95821387,0.25705793499946594,0.513861358165741,0.1501501500606537
YMR263W,YBR260C,0,0.9576948,0.2569306790828705,0.513861358165741,0.15025025606155396
YMR190C,YOL142W,0,0.95760083,0.25680357217788696,0.513861358165741,0.15035034716129303
YOR265W,YDL128W,0,0.9570671,0.2566765546798706,0.513861358165741,0.1504504531621933
YKL167C,YOL149W,0,0.95663774,0.2565496861934662,0.513861358165741,0.15055054426193237
YKL201C,YLR364W,0,0.9554888,0.2564229369163513,0.513861358165741,0.15065065026283264
YDR293C,YBR070C,0,0.95516163,0.256296306848526,0.513861358165741,0.1507507562637329
YBR087W,YGR095C,0,0.95483744,0.25616979598999023,0.513861358165741,0.15085084736347198
YPL148C,YBR282W,0,0.9546439,0.256043404340744,0.513861358165741,0.15095095336437225
YJL076W,YNL225C,0,0.95406324,0.25591716170310974,0.513861358165741,0.15105104446411133
YPL072W,YLR016C,0,0.95362496,0.255791038274765,0.513861358165741,0.1511511504650116
YLR362W,YKR101W,0,0.95343554,0.25566503405570984,0.513861358165741,0.15125125646591187
YMR268C,YDL070W,0,0.95338625,0.2555391490459442,0.513861358165741,0.15135134756565094
YIL134W,YDL178W,0,0.95300347,0.25541338324546814,0.513861358165741,0.1514514535665512
YOR328W,YKR065C,0,0.9529764,0.255287766456604,0.513861358165741,0.15155154466629028
YGR035C,YNL229C,0,0.9511225,0.25516223907470703,0.513861358165741,0.15165165066719055
YBR020W,YBL027W,0,0.9509923,0.255036860704422,0.513861358165741,0.15175175666809082
YBR055C,YDL030W,1,0.9504958,0.25540274381637573,0.5148515105247498,0.15175175666809082
YPR026W,YCR017C,0,0.9503414,0.2552773654460907,0.5148515105247498,0.1518518477678299
YDR416W,YDR088C,1,0.950202,0.2556428015232086,0.5158416032791138,0.1518518477678299
YPL031C,YDR347W,0,0.9497803,0.2555174231529236,0.5158416032791138,0.15195195376873016
YGR091W,YHR086W,1,0.9495434,0.2558823525905609,0.5168316960334778,0.15195195376873016
YMR058W,YBR258C,0,0.9492963,0.2557569742202759,0.5168316960334778,0.15205204486846924
YER029C,YJL087C,1,0.94913477,0.2561214566230774,0.5178217887878418,0.15205204486846924
YER172C,YMR238W,0,0.9489132,0.25599607825279236,0.5178217887878418,0.1521521508693695
YNL316C,YMR314W,0,0.94860834,0.25587084889411926,0.5178217887878418,0.15225225687026978
YDR121W,YPR048W,0,0.94834214,0.25574570894241333,0.5178217887878418,0.15235234797000885
YBR129C,YPL029W,0,0.94811386,0.25562071800231934,0.5178217887878418,0.15245245397090912
YJR013W,YHR017W,0,0.947809,0.2554958462715149,0.5178217887878418,0.1525525599718094
YLR170C,YHL047C,0,0.94758385,0.25537109375,0.5178217887878418,0.15265265107154846
YGL172W,YPL064C,1,0.94750106,0.25573450326919556,0.5188118815422058,0.15265265107154846
YPL190C,YBR166C,0,0.94731295,0.25560975074768066,0.5188118815422058,0.15275275707244873
YGL160W,YNL283C,0,0.94718254,0.2554851174354553,0.5188118815422058,0.1528528481721878
YMR268C,YBR253W,0,0.94703627,0.2553606331348419,0.5188118815422058,0.15295295417308807
YMR182C,YHL047C,0,0.94696397,0.2552362382411957,0.5188118815422058,0.15305306017398834
YNL050C,YPL122C,0,0.94686073,0.255111962556839,0.5188118815422058,0.15315315127372742
YGR035C,YBR103W,0,0.94679046,0.25498783588409424,0.5188118815422058,0.15325325727462769
YDR081C,YLR404W,0,0.9467469,0.25486379861831665,0.5188118815422058,0.15335334837436676
YKR090W,YMR276W,0,0.946545,0.254739910364151,0.5188118815422058,0.15345345437526703
YIL083C,YGL257C,0,0.94568443,0.2546161413192749,0.5188118815422058,0.1535535603761673
YER183C,YCL008C,0,0.94544995,0.25449246168136597,0.5188118815422058,0.15365365147590637
YLR135W,YDL103C,0,0.9452052,0.25436893105506897,0.5188118815422058,0.15375375747680664
YMR098C,YDR253C,0,0.94477075,0.2542455196380615,0.5188118815422058,0.15385384857654572
YLR394W,YGR058W,0,0.9437651,0.25412219762802124,0.5188118815422058,0.15395395457744598
YIL021W,YPL170W,0,0.9434758,0.2539990246295929,0.5188118815422058,0.15405406057834625
YCR042C,YDL078C,0,0.94303256,0.2538759708404541,0.5188118815422058,0.15415415167808533
YCR096C,YOR232W,0,0.9427635,0.25375303626060486,0.5188118815422058,0.1542542576789856
YGL210W,YHR082C,0,0.9424393,0.2536301910877228,0.5188118815422058,0.15435434877872467
YJL156C,YJR001W,0,0.94236684,0.25350749492645264,0.5188118815422058,0.15445445477962494
YMR047C,YEL002C,0,0.94146174,0.25338491797447205,0.5188118815422058,0.1545545607805252
YOR197W,YOR057W,0,0.9405767,0.253262460231781,0.5188118815422058,0.15465465188026428
YDR362C,YDR260C,0,0.94044596,0.25314009189605713,0.5188118815422058,0.15475475788116455
YBR239C,YDR194C,0,0.93976814,0.2530178725719452,0.5188118815422058,0.15485484898090363
YPL228W,YHR036W,0,0.93950397,0.2528957426548004,0.5188118815422058,0.1549549549818039
YBL046W,YMR260C,0,0.93944174,0.2527737617492676,0.5188118815422058,0.15505506098270416
YER019W,YGR186W,0,0.9391826,0.2526518702507019,0.5188118815422058,0.15515515208244324
YNL087W,YHR134W,0,0.93853265,0.25253012776374817,0.5188118815422058,0.1552552580833435
YLR028C,YIL082W-A,0,0.9385249,0.2524084746837616,0.5188118815422058,0.15535534918308258
YCR092C,YNL219C,0,0.93823713,0.2522869408130646,0.5188118815422058,0.15545545518398285
YNL189W,YCL052C,0,0.93812126,0.2521655559539795,0.5188118815422058,0.15555556118488312
YKR048C,YLL002W,0,0.93796784,0.2520442605018616,0.5188118815422058,0.1556556522846222
YPL091W,YGR163W,0,0.9377872,0.2519230842590332,0.5188118815422058,0.15575575828552246
YLR306W,YDR236C,0,0.93775314,0.2518020272254944,0.5188118815422058,0.15585584938526154
YGR116W,YKR010C,0,0.93686265,0.2516810894012451,0.5188118815422058,0.1559559553861618
YNL261W,YJR126C,0,0.93536806,0.251560240983963,0.5188118815422058,0.15605606138706207
YMR291W,YHR147C,0,0.9352208,0.25143954157829285,0.5188118815422058,0.15615615248680115
YLR336C,YJL209W,0,0.93429774,0.25131893157958984,0.5188118815422058,0.15625625848770142
YPR021C,YER133W,0,0.93380874,0.2511984705924988,0.5188118815422058,0.1563563495874405
YPL259C,YDR291W,0,0.9336114,0.2510780990123749,0.5188118815422058,0.15645645558834076
YAR008W,YMR087W,1,0.9335713,0.2514367699623108,0.5198019742965698,0.15645645558834076
YPL069C,YMR301C,0,0.93326813,0.2513164281845093,0.5198019742965698,0.15655656158924103
YJR022W,YMR125W,1,0.93309885,0.2516746520996094,0.5207920670509338,0.15655656158924103
YOR257W,YIL103W,0,0.9330452,0.2515542805194855,0.5207920670509338,0.1566566526889801
YOR373W,YPL103C,0,0.93286836,0.2514340281486511,0.5207920670509338,0.15675675868988037
YER118C,YMR214W,0,0.93283904,0.2513138949871063,0.5207920670509338,0.15685684978961945
YJL053W,YCR057C,0,0.9327977,0.2511938810348511,0.5207920670509338,0.15695695579051971
YGL100W,YOL026C,0,0.93241,0.2510739862918854,0.5207920670509338,0.15705706179141998
YLR182W,YPL088W,0,0.9322455,0.25095421075820923,0.5207920670509338,0.15715715289115906
YHL007C,YIL140W,0,0.9322046,0.25083452463150024,0.5207920670509338,0.15725725889205933
YJR098C,YJL024C,0,0.93220097,0.2507149577140808,0.5207920670509338,0.1573573499917984
YER151C,YBR258C,0,0.93199927,0.2505955100059509,0.5207920670509338,0.15745745599269867
YCR037C,YEL021W,0,0.931872,0.2504761815071106,0.5207920670509338,0.15755756199359894
YBL061C,YDR159W,0,0.9318426,0.2503569722175598,0.5207920670509338,0.157657653093338
YHR034C,YML049C,1,0.9317519,0.25071361660957336,0.5217821598052979,0.157657653093338
YDR173C,YDR104C,0,0.93093336,0.2505943775177002,0.5217821598052979,0.15775775909423828
YMR097C,YMR150C,0,0.9305547,0.25047528743743896,0.5217821598052979,0.15785786509513855
YNL127W,YMR284W,0,0.93040985,0.2503562867641449,0.5217821598052979,0.15795795619487762
YDL180W,YML095C,0,0.93036765,0.2502374053001404,0.5217821598052979,0.1580580621957779
YCR075C,YDR172W,0,0.92998326,0.2501186430454254,0.5217821598052979,0.15815815329551697
YLL061W,YML131W,0,0.9299112,0.25,0.5217821598052979,0.15825825929641724
YIR007W,YMR270C,0,0.9298562,0.24988146126270294,0.5217821598052979,0.1583583652973175
YJR050W,YMR288W,1,0.9289139,0.25023695826530457,0.5227722525596619,0.1583583652973175
YHL008C,YBR103W,0,0.92857426,0.2501184344291687,0.5227722525596619,0.15845845639705658
YLR182W,YBR070C,0,0.92850834,0.25,0.5227722525596619,0.15855856239795685
YDR489W,YPL059W,0,0.9284116,0.24988168478012085,0.5227722525596619,0.15865865349769592
YBR273C,YDL226C,0,0.9283692,0.24976348876953125,0.5227722525596619,0.1587587594985962
YBR095C,YDR071C,0,0.92828614,0.24964539706707,0.5227722525596619,0.15885886549949646
YKL028W,YMR306W,0,0.92757535,0.24952740967273712,0.5227722525596619,0.15895895659923553
YAL032C,YPR057W,1,0.9273945,0.24988190829753876,0.5237624049186707,0.15895895659923553
YML007W,YFL036W,0,0.92731196,0.24976392090320587,0.5237624049186707,0.1590590626001358
YPR001W,YHR065C,0,0.9261511,0.24964605271816254,0.5237624049186707,0.15915915369987488
YJR098C,YNL206C,0,0.9256217,0.24952830374240875,0.5237624049186707,0.15925925970077515
YHR039C-A,YKR045C,0,0.9251619,0.24941065907478333,0.5237624049186707,0.15935936570167542
YGL039W,YCL061C,0,0.9245488,0.24929311871528625,0.5237624049186707,0.1594594568014145
YPL132W,YDR030C,0,0.9243399,0.24917569756507874,0.5237624049186707,0.15955956280231476
YDL064W,YJR152W,0,0.92415005,0.24905838072299957,0.5237624049186707,0.15965965390205383
YIL070C,YNL097C,0,0.92375296,0.24894118309020996,0.5237624049186707,0.1597597599029541
YDR310C,YHL009C,0,0.9227345,0.2488240897655487,0.5237624049186707,0.15985986590385437
YOL089C,YCR077C,0,0.9218768,0.2487071007490158,0.5237624049186707,0.15995995700359344
YIL117C,YNR003C,0,0.92179835,0.24859023094177246,0.5237624049186707,0.1600600630044937
YPL101W,YOL152W,0,0.9217644,0.24847346544265747,0.5237624049186707,0.1601601541042328
YNL284C,YGR095C,0,0.9217484,0.24835680425167084,0.5237624049186707,0.16026026010513306
YLL051C,YOR368W,0,0.92103297,0.24824026226997375,0.5237624049186707,0.16036036610603333
YLR105C,YBR237W,1,0.9207596,0.24859286844730377,0.5247524976730347,0.16036036610603333
YML125C,YDL226C,0,0.9199441,0.2484763264656067,0.5247524976730347,0.1604604572057724
YMR188C,YIL103W,0,0.91965425,0.24835988879203796,0.5247524976730347,0.16056056320667267
YGR074W,YHR061C,0,0.9193026,0.2482435554265976,0.5247524976730347,0.16066065430641174
YDR016C,YJL141C,0,0.9185812,0.24812734127044678,0.5247524976730347,0.160760760307312
YDR153C,YGR263C,0,0.91838866,0.24801123142242432,0.5247524976730347,0.16086086630821228
YDR205W,YLR186W,0,0.91836464,0.2478952258825302,0.5247524976730347,0.16096095740795135
YAL063C,YJR151C,0,0.918289,0.24777933955192566,0.5247524976730347,0.16106106340885162
YLR090W,YNL185C,0,0.9174854,0.24766355752944946,0.5247524976730347,0.1611611545085907
YPL211W,YNL080C,0,0.91670614,0.24754787981510162,0.5247524976730347,0.16126126050949097
YPR029C,YML065W,0,0.9165619,0.24743230640888214,0.5247524976730347,0.16136136651039124
YDL132W,YOL003C,0,0.91649514,0.2473168522119522,0.5247524976730347,0.1614614576101303
YER027C,YDR253C,0,0.9164132,0.24720148742198944,0.5247524976730347,0.16156156361103058
YGL254W,YLR386W,0,0.91558576,0.24708624184131622,0.5247524976730347,0.16166165471076965
YNL003C,YMR088C,0,0.9155576,0.24697111546993256,0.5247524976730347,0.16176176071166992
YAR019C,YKL011C,0,0.91501254,0.24685607850551605,0.5247524976730347,0.1618618667125702
YHR027C,YHR134W,0,0.9149645,0.2467411607503891,0.5247524976730347,0.16196195781230927
YKR048C,YFR042W,0,0.9149419,0.2466263324022293,0.5247524976730347,0.16206206381320953
YMR198W,YLR032W,0,0.91443044,0.24651162326335907,0.5247524976730347,0.1621621549129486
YMR047C,YAR019C,0,0.9135342,0.2463970184326172,0.5247524976730347,0.16226226091384888
YOR270C,YDR018C,0,0.91350436,0.24628253281116486,0.5247524976730347,0.16236236691474915
YNL188W,YMR288W,0,0.91320735,0.2461681365966797,0.5247524976730347,0.16246245801448822
YJL154C,YPL069C,0,0.9131997,0.24605385959148407,0.5247524976730347,0.1625625640153885
YMR229C,YPL268W,0,0.91281825,0.24593967199325562,0.5247524976730347,0.16266267001628876
YJL072C,YPL170W,0,0.91082805,0.2458256036043167,0.5247524976730347,0.16276276111602783
YPL005W,YNL330C,0,0.9108264,0.24571163952350616,0.5247524976730347,0.1628628671169281
YGL050W,YBR039W,0,0.9102635,0.24559777975082397,0.5247524976730347,0.16296295821666718
YDR463W,YBR022W,1,0.9098488,0.2459471970796585,0.5257425904273987,0.16296295821666718
YER173W,YGR271C-A,0,0.90937,0.24583333730697632,0.5257425904273987,0.16306306421756744
YNL309W,YGR058W,0,0.9093054,0.2457195669412613,0.5257425904273987,0.1631631702184677
YLR398C,YNL026W,0,0.9090994,0.24560591578483582,0.5257425904273987,0.1632632613182068
YNL245C,YPL151C,1,0.9086905,0.245954692363739,0.5267326831817627,0.1632632613182068
YKR037C,YJL198W,0,0.90853363,0.24584104120731354,0.5267326831817627,0.16336336731910706
YGL254W,YGR020C,0,0.9084824,0.24572747945785522,0.5267326831817627,0.16346345841884613
YDR485C,YJL117W,0,0.90833485,0.24561403691768646,0.5267326831817627,0.1635635644197464
YOR074C,YBR102C,0,0.9082136,0.24550069868564606,0.5267326831817627,0.16366367042064667
YLR014C,YDL112W,0,0.90819365,0.24538744986057281,0.5267326831817627,0.16376376152038574
YBR021W,YNR069C,0,0.9080466,0.24527432024478912,0.5267326831817627,0.163863867521286
YGL216W,YKL184W,0,0.9076393,0.2451612949371338,0.5267326831817627,0.16396395862102509
YJL143W,YOR098C,0,0.9074978,0.24504835903644562,0.5267326831817627,0.16406406462192535
YHR064C,YDR348C,0,0.90701866,0.244935542345047,0.5267326831817627,0.16416417062282562
YIR006C,YBR213W,0,0.90678805,0.24482282996177673,0.5267326831817627,0.1642642617225647
YKL212W,YDR404C,0,0.9063093,0.24471020698547363,0.5267326831817627,0.16436436772346497
YFL008W,YLL039C,0,0.905754,0.24459770321846008,0.5267326831817627,0.16446445882320404
YNR017W,YHR134W,0,0.90536344,0.2444852888584137,0.5267326831817627,0.1645645648241043
YML073C,YGL051W,0,0.9051319,0.24437299370765686,0.5267326831817627,0.16466467082500458
YMR059W,YDL030W,1,0.90510124,0.24471992254257202,0.5277227759361267,0.16466467082500458
YLR353W,YNL316C,0,0.90501684,0.244607612490654,0.5277227759361267,0.16476476192474365
YDR163W,YLR382C,1,0.9048804,0.24495412409305573,0.5287128686904907,0.16476476192474365
YDL226C,YDR253C,0,0.9048665,0.2448418140411377,0.5287128686904907,0.16486486792564392
YGL128C,YMR288W,1,0.9041214,0.245187908411026,0.5297029614448547,0.16486486792564392
YAL041W,YMR269W,0,0.9039467,0.24507558345794678,0.5297029614448547,0.164964959025383
YBL041W,YEL056W,0,0.90281016,0.2449633628129959,0.5297029614448547,0.16506506502628326
YPR144C,YDL111C,0,0.90234524,0.2448512613773346,0.5297029614448547,0.16516517102718353
YMR288W,YBR188C,1,0.90232414,0.24519670009613037,0.5306930541992188,0.16516517102718353
YMR036C,YNL012W,0,0.9018774,0.24508458375930786,0.5306930541992188,0.1652652621269226
YMR268C,YML019W,0,0.90187466,0.2449725717306137,0.5306930541992188,0.16536536812782288
YNL112W,YDR332W,0,0.90170527,0.2448606640100479,0.5306930541992188,0.16546545922756195
YHL004W,YIL132C,0,0.9013644,0.24474886059761047,0.5306930541992188,0.16556556522846222
YER087C-A,YPL188W,0,0.9012211,0.2446371465921402,0.5306930541992188,0.1656656712293625
YMR188C,YBR216C,0,0.9009509,0.24452555179595947,0.5306930541992188,0.16576576232910156
YGR002C,YCL034W,0,0.9003226,0.2444140464067459,0.5306930541992188,0.16586586833000183
YMR026C,YGL141W,0,0.90022093,0.2443026453256607,0.5306930541992188,0.1659659594297409
YML075C,YPL139C,0,0.8998123,0.24419134855270386,0.5306930541992188,0.16606606543064117
YFL034C-A,YIL010W,0,0.89927286,0.24408014118671417,0.5306930541992188,0.16616617143154144
YNR073C,YOR243C,0,0.89749026,0.24396905303001404,0.5306930541992188,0.16626626253128052
YDR243C,YDR482C,1,0.89734614,0.24431301653385162,0.5316831469535828,0.16626626253128052
YOL075C,YPL047W,0,0.8971233,0.2442019134759903,0.5316831469535828,0.1663663685321808
YGR271W,YML052W,0,0.89687145,0.24409091472625732,0.5316831469535828,0.16646645963191986
YMR285C,YMR114C,0,0.89675313,0.24398000538349152,0.5316831469535828,0.16656656563282013
YBR198C,YIL142W,0,0.8967126,0.24386921525001526,0.5316831469535828,0.1666666716337204
YER166W,YMR171C,0,0.89638716,0.24375851452350616,0.5316831469535828,0.16676676273345947
YLL027W,YAL063C,0,0.8963595,0.24364791810512543,0.5316831469535828,0.16686686873435974
YLR105C,YMR170C,0,0.8960996,0.24353741109371185,0.5316831469535828,0.16696695983409882
YER042W,YMR203W,0,0.8960472,0.24342702329158783,0.5316831469535828,0.16706706583499908
YDR369C,YHR005C-A,0,0.895166,0.24331672489643097,0.5316831469535828,0.16716717183589935
YJL099W,YMR229C,0,0.89510065,0.24320651590824127,0.5316831469535828,0.16726726293563843
YGL133W,YJR005W,0,0.89447623,0.24309642612934113,0.5316831469535828,0.1673673689365387
YKR001C,YGR081C,0,0.8940655,0.24298642575740814,0.5316831469535828,0.16746746003627777
YOR298W,YDR425W,0,0.893401,0.24287652969360352,0.5316831469535828,0.16756756603717804
YBR120C,YML071C,0,0.892849,0.24276672303676605,0.5316831469535828,0.1676676720380783
YDR373W,YEL056W,0,0.8921583,0.24265702068805695,0.5316831469535828,0.16776776313781738
YFR031C,YDR147W,0,0.8920898,0.2425474226474762,0.5316831469535828,0.16786786913871765
YER096W,YGR112W,0,0.8920042,0.2424379289150238,0.5316831469535828,0.16796797513961792
YML095C,YJL129C,0,0.891568,0.24232852458953857,0.5316831469535828,0.168068066239357
YNR051C,YCR094W,0,0.8915238,0.2422192096710205,0.5316831469535828,0.16816817224025726
YGL174W,YPR061C,0,0.8915024,0.242110013961792,0.5316831469535828,0.16826826333999634
YMR266W,YDR011W,0,0.8907866,0.24200090765953064,0.5316831469535828,0.1683683693408966
YOL140W,YOL139C,0,0.8896151,0.24189189076423645,0.5316831469535828,0.16846847534179688
YLL036C,YJR015W,0,0.889497,0.24178297817707062,0.5316831469535828,0.16856856644153595
YKL193C,YPL081W,0,0.8890294,0.24167416989803314,0.5316831469535828,0.16866867244243622
YOR131C,YLR116W,0,0.8888461,0.24156545102596283,0.5316831469535828,0.1687687635421753
YLR213C,YMR211W,0,0.88877565,0.24145683646202087,0.5316831469535828,0.16886886954307556
YDL107W,YEL003W,0,0.88850135,0.24134831130504608,0.5316831469535828,0.16896897554397583
YDL153C,YLR145W,0,0.88845044,0.24123989045619965,0.5316831469535828,0.1690690666437149
YOR198C,YOL070C,0,0.88799363,0.24113157391548157,0.5316831469535828,0.16916917264461517
YBR215W,YPR065W,0,0.8874828,0.24102333188056946,0.5316831469535828,0.16926926374435425
YDL045C,YPL002C,0,0.8873232,0.2409152090549469,0.5316831469535828,0.16936936974525452
YPL083C,YLR382C,1,0.8858818,0.24125561118125916,0.5326732397079468,0.16936936974525452
YMR288W,YGR075C,1,0.8851443,0.24159570038318634,0.5336633920669556,0.16936936974525452
YOR159C,YDR221W,0,0.88460433,0.24148745834827423,0.5336633920669556,0.16946947574615479
YNR032C-A,YLR323C,1,0.88424766,0.24182714521884918,0.5346534848213196,0.16946947574615479
YOL112W,YHR099W,0,0.884247,0.24171888828277588,0.5346534848213196,0.16956956684589386
YEL022W,YOR003W,0,0.8836662,0.24161073565483093,0.5346534848213196,0.16966967284679413
YPL206C,YNL189W,0,0.88317,0.24150268733501434,0.5346534848213196,0.1697697639465332
YNL072W,YNL213C,0,0.88289285,0.24139472842216492,0.5346534848213196,0.16986986994743347
YML099C,YBR042C,0,0.8828401,0.24128685891628265,0.5346534848213196,0.16996997594833374
YNL191W,YEL002C,0,0.881327,0.24117909371852875,0.5346534848213196,0.17007006704807281
YER019C-A,YFL034C-B,0,0.88036066,0.2410714328289032,0.5346534848213196,0.17017017304897308
YIL150C,YMR016C,0,0.88013405,0.2409638613462448,0.5346534848213196,0.17027026414871216
YOR244W,YER007W,0,0.8800911,0.2408563792705536,0.5346534848213196,0.17037037014961243
YBR129C,YOR130C,0,0.87985355,0.24074900150299072,0.5346534848213196,0.1704704761505127
YDR394W,YIL128W,0,0.87985104,0.24064171314239502,0.5346534848213196,0.17057056725025177
YGR067C,YGR185C,0,0.87980574,0.24053451418876648,0.5346534848213196,0.17067067325115204
YDR055W,YOL006C,0,0.87952036,0.2404274195432663,0.5346534848213196,0.1707707643508911
YPL101W,YOR233W,0,0.8792959,0.24032042920589447,0.5346534848213196,0.17087087035179138
YML112W,YAL034W-A,0,0.8792675,0.2402135282754898,0.5346534848213196,0.17097097635269165
YHR164C,YOR194C,0,0.87847465,0.2401067167520523,0.5346534848213196,0.17107106745243073
YDR389W,YNL087W,0,0.87836474,0.23999999463558197,0.5346534848213196,0.171171173453331
YIR021W,YLL036C,1,0.8780028,0.24033762514591217,0.5356435775756836,0.171171173453331
YBR274W,YGR191W,0,0.8779117,0.24023090302944183,0.5356435775756836,0.17127126455307007
YML007W,YOL112W,0,0.8776244,0.24012428522109985,0.5356435775756836,0.17137137055397034
YML007W,YGR163W,0,0.87755454,0.24001774191856384,0.5356435775756836,0.1714714765548706
YGR154C,YML038C,0,0.8772133,0.2399113029241562,0.5356435775756836,0.17157156765460968
YBR237W,YGL092W,1,0.8771946,0.24024823307991028,0.5366336703300476,0.17157156765460968
YOR312C,YMR170C,0,0.8771616,0.24014177918434143,0.5366336703300476,0.17167167365550995
YMR176W,YPL011C,0,0.87682647,0.24003542959690094,0.5366336703300476,0.17177176475524902
YML040W,YDR486C,0,0.8767249,0.2399291694164276,0.5366336703300476,0.1718718707561493
YBL021C,YMR164C,0,0.87671596,0.23982301354408264,0.5366336703300476,0.17197197675704956
YKL041W,YJR099W,0,0.8766611,0.23971693217754364,0.5366336703300476,0.17207206785678864
YGL145W,YDR084C,0,0.87531954,0.2396109700202942,0.5366336703300476,0.1721721738576889
YBR037C,YDR225W,0,0.87434095,0.2395050823688507,0.5366336703300476,0.17227226495742798
YDL159W,YIL004C,0,0.8743019,0.23939929902553558,0.5366336703300476,0.17237237095832825
YGL128C,YJL133W,1,0.87395686,0.23973509669303894,0.5376237630844116,0.17237237095832825
YNL230C,YJR152W,0,0.8737606,0.23962929844856262,0.5376237630844116,0.17247247695922852
YBR133C,YGR262C,0,0.8732746,0.23952360451221466,0.5376237630844116,0.1725725680589676
YNL079C,YOL093W,0,0.8731387,0.23941798508167267,0.5376237630844116,0.17267267405986786
YDR235W,YDR194C,1,0.87290907,0.23975320160388947,0.5386138558387756,0.17267267405986786
YEL004W,YPL122C,0,0.8727982,0.23964758217334747,0.5386138558387756,0.17277278006076813
YLR117C,YGL174W,1,0.8724427,0.23998238146305084,0.5396039485931396,0.17277278006076813
YDR003W,YDL042C,0,0.8724027,0.23987676203250885,0.5396039485931396,0.1728728711605072
YDR270W,YDR405W,0,0.872358,0.23977123200893402,0.5396039485931396,0.17297297716140747
YDL043C,YLR323C,1,0.8722642,0.240105539560318,0.5405940413475037,0.17297297716140747
YGL122C,YJL198W,0,0.8719029,0.23999999463558197,0.5405940413475037,0.17307306826114655
YCR057C,YJL165C,0,0.87037635,0.2398945540189743,0.5405940413475037,0.17317317426204681
YLR325C,YMR273C,0,0.8702873,0.2397892028093338,0.5405940413475037,0.17327328026294708
YGR072W,YNL052W,0,0.87022644,0.23968392610549927,0.5405940413475037,0.17337337136268616
YDR463W,YBR188C,1,0.86982995,0.24001754820346832,0.5415841341018677,0.17337337136268616
YJR055W,YKL071W,0,0.86931866,0.23991228640079498,0.5415841341018677,0.17347347736358643
YKL165C,YIL140W,0,0.869271,0.2398070991039276,0.5415841341018677,0.1735735684633255
YDR393W,YKL175W,0,0.86925536,0.2397020161151886,0.5415841341018677,0.17367367446422577
YGL065C,YJR099W,0,0.8686592,0.23959702253341675,0.5415841341018677,0.17377378046512604
YAL022C,YBR210W,0,0.8682123,0.23949211835861206,0.5415841341018677,0.1738738715648651
YMR189W,YIL090W,0,0.8681494,0.23938730359077454,0.5415841341018677,0.17397397756576538
YNR031C,YMR127C,0,0.86767966,0.23928259313106537,0.5415841341018677,0.17407406866550446
YKR010C,YDR326C,0,0.86705124,0.23917795717716217,0.5415841341018677,0.17417417466640472
YIL131C,YNL331C,0,0.8670208,0.23907342553138733,0.5415841341018677,0.174274280667305
YDR121W,YBL016W,0,0.86647576,0.23896898329257965,0.5415841341018677,0.17437437176704407
YJL006C,YDL115C,0,0.8664513,0.23886463046073914,0.5415841341018677,0.17447447776794434
YHR066W,YBR057C,0,0.8663433,0.23876036703586578,0.5415841341018677,0.1745745688676834
YKR069W,YDR120C,0,0.8662038,0.2386561930179596,0.5415841341018677,0.17467467486858368
YMR093W,YCR071C,0,0.8657701,0.23855210840702057,0.5415841341018677,0.17477478086948395
YOR301W,YBR125C,0,0.8644573,0.2384481281042099,0.5415841341018677,0.17487487196922302
YBL068W,YDR197W,0,0.86413103,0.2383442223072052,0.5415841341018677,0.1749749779701233
YLR008C,YER157W,0,0.8640371,0.23824042081832886,0.5415841341018677,0.17507506906986237
YLR016C,YFR005C,1,0.86387473,0.23857204616069794,0.5425742864608765,0.17507506906986237
YGL002W,YJR092W,0,0.8636887,0.2384682297706604,0.5425742864608765,0.17517517507076263
YIL021W,YPL007C,0,0.8629994,0.23836450278759003,0.5425742864608765,0.1752752810716629
YOL038W,YLR228C,0,0.8627031,0.23826086521148682,0.5425742864608765,0.17537537217140198
YNR015W,YPR018W,0,0.86248153,0.23815731704235077,0.5425742864608765,0.17547547817230225
YJR110W,YMR247C,0,0.8619438,0.23805387318134308,0.5425742864608765,0.17557556927204132
YKL020C,YEL077C,0,0.8611985,0.23795050382614136,0.5425742864608765,0.1756756752729416
YJL124C,YBL074C,1,0.8608815,0.23828125,0.5435643792152405,0.1756756752729416
YOR190W,YMR168C,0,0.86073214,0.23817788064479828,0.5435643792152405,0.17577578127384186
YDR540C,YNL002C,0,0.8604674,0.23807458579540253,0.5435643792152405,0.17587587237358093
YER030W,YHR065C,0,0.8600391,0.23797139525413513,0.5435643792152405,0.1759759783744812
YJL062W,YDR371W,0,0.85989505,0.2378682792186737,0.5435643792152405,0.17607606947422028
YNL091W,YGL212W,0,0.859651,0.23776526749134064,0.5435643792152405,0.17617617547512054
YGL086W,YMR290C,0,0.85913783,0.23766233026981354,0.5435643792152405,0.1762762814760208
YER078C,YPL084W,0,0.8590018,0.2375594973564148,0.5435643792152405,0.1763763725757599
YDR130C,YML051W,0,0.85868126,0.23745675384998322,0.5435643792152405,0.17647647857666016
YOR159C,YDL127W,0,0.8582703,0.2373540848493576,0.5435643792152405,0.17657656967639923
YDR151C,YDR429C,0,0.858018,0.23725150525569916,0.5435643792152405,0.1766766756772995
YOR354C,YCL052C,0,0.8579356,0.23714902997016907,0.5435643792152405,0.17677678167819977
YLR438C-A,YDL087C,1,0.85772765,0.23747840523719788,0.5445544719696045,0.17677678167819977
YBR057C,YDR239C,0,0.85691935,0.2373759150505066,0.5445544719696045,0.17687687277793884
YKR008W,YLL040C,0,0.85661536,0.23727351427078247,0.5445544719696045,0.1769769787788391
YCR009C,YBR129C,0,0.8560137,0.23717118799686432,0.5445544719696045,0.17707706987857819
YOL016C,YNL153C,0,0.85589474,0.23706896603107452,0.5445544719696045,0.17717717587947845
YOR167C,YGL134W,0,0.8555563,0.2369668185710907,0.5445544719696045,0.17727728188037872
YJR063W,YPL009C,0,0.8549523,0.23686477541923523,0.5445544719696045,0.1773773729801178
YMR087W,YGL203C,0,0.854847,0.23676280677318573,0.5445544719696045,0.17747747898101807
YOR321W,YHR166C,0,0.8542964,0.2366609275341034,0.5445544719696045,0.17757758498191833
YOR386W,YKR025W,0,0.8534548,0.23655913770198822,0.5445544719696045,0.1776776760816574
YKR022C,YLR117C,1,0.8531968,0.2368873655796051,0.5455445647239685,0.1776776760816574
YDR121W,YLR028C,0,0.8529226,0.23678556084632874,0.5455445647239685,0.17777778208255768
YLR117C,YGR013W,1,0.8526419,0.23711340129375458,0.5465346574783325,0.17777778208255768
YAL063C,YLR188W,0,0.8526162,0.2370115965604782,0.5465346574783325,0.17787787318229675
YBR073W,YKR003W,0,0.8521606,0.2369098663330078,0.5465346574783325,0.17797797918319702
YIL112W,YER082C,0,0.8510266,0.23680824041366577,0.5465346574783325,0.1780780851840973
YPL110C,YDL069C,0,0.85083455,0.2367066890001297,0.5465346574783325,0.17817817628383636
YIR021W,YJR022W,1,0.85061264,0.23703385889530182,0.5475247502326965,0.17817817628383636
YKL127W,YMR233W,0,0.850455,0.23693230748176575,0.5475247502326965,0.17827828228473663
YBR022W,YLR079W,0,0.8504036,0.23683083057403564,0.5475247502326965,0.1783783733844757
YIR021W,YDL087C,1,0.8503384,0.23715753853321075,0.5485148429870605,0.1783783733844757
YLR382C,YDR240C,1,0.85025626,0.237483948469162,0.5495049357414246,0.1783783733844757
YOL140W,YDR288W,0,0.8500845,0.23738238215446472,0.5495049357414246,0.17847847938537598
YBL034C,YDR101C,0,0.84998816,0.23728089034557343,0.5495049357414246,0.17857858538627625
YKL117W,YOL115W,0,0.8495988,0.2371794879436493,0.5495049357414246,0.17867867648601532
YJR076C,YDR207C,0,0.8494674,0.23707817494869232,0.5495049357414246,0.1787787824869156
YDL122W,YJR107W,0,0.8494629,0.23697693645954132,0.5495049357414246,0.17887887358665466
YAL042W,YKR055W,0,0.84907657,0.23687580227851868,0.5495049357414246,0.17897897958755493
YOR150W,YKR065C,0,0.8479262,0.236774742603302,0.5495049357414246,0.1790790855884552
YHR161C,YKR086W,0,0.8478587,0.2366737723350525,0.5495049357414246,0.17917917668819427
YLR373C,YPL064C,0,0.84703285,0.23657289147377014,0.5495049357414246,0.17927928268909454
YJR098C,YPL131W,0,0.8470084,0.23647208511829376,0.5495049357414246,0.17937937378883362
YMR227C,YDR452W,0,0.84659255,0.23637138307094574,0.5495049357414246,0.1794794797897339
YGL010W,YGL162W,0,0.8464132,0.2362707555294037,0.5495049357414246,0.17957958579063416
YPR122W,YDR117C,0,0.8463568,0.2361702173948288,0.5495049357414246,0.17967967689037323
YOR329C,YGL133W,0,0.84589756,0.23606975376605988,0.5495049357414246,0.1797797828912735
YPR065W,YGL169W,0,0.8457704,0.2359693944454193,0.5495049357414246,0.17987987399101257
YDR421W,YDR207C,0,0.8453984,0.23586910963058472,0.5495049357414246,0.17997997999191284
YKR048C,YDL115C,0,0.8453739,0.2357688993215561,0.5495049357414246,0.1800800859928131
YIR008C,YER020W,0,0.845223,0.23566879332065582,0.5495049357414246,0.18018017709255219
YJL204C,YIL006W,0,0.8446668,0.23556876182556152,0.5495049357414246,0.18028028309345245
YPL228W,YKL055C,0,0.8441588,0.2354688197374344,0.5495049357414246,0.18038037419319153
YHR069C,YPR009W,0,0.84372985,0.23536895215511322,0.5495049357414246,0.1804804801940918
YIL138C,YIR022W,0,0.84349024,0.2352691888809204,0.5495049357414246,0.18058058619499207
YBR223C,YDR013W,0,0.8434653,0.23516948521137238,0.5495049357414246,0.18068067729473114
YMR079W,YBR302C,0,0.8433457,0.2350698858499527,0.5495049357414246,0.1807807832956314
YOR211C,YGL029W,0,0.84329015,0.234970360994339,0.5495049357414246,0.18088087439537048
YLR145W,YOR044W,0,0.8430338,0.23487092554569244,0.5495049357414246,0.18098098039627075
YPL192C,YNL035C,0,0.84234625,0.23477157950401306,0.5495049357414246,0.18108108639717102
YLR070C,YBL089W,0,0.8422871,0.23467230796813965,0.5495049357414246,0.1811811774969101
YHR010W,YOR057W,0,0.84225106,0.2345731258392334,0.5495049357414246,0.18128128349781036
YJL115W,YDL108W,0,0.8416628,0.23447401821613312,0.5495049357414246,0.18138137459754944
YBL060W,YDR115W,0,0.84158975,0.234375,0.5495049357414246,0.1814814805984497
YFR009W,YBR018C,0,0.8415219,0.23427607119083405,0.5495049357414246,0.18158158659934998
YLR132C,YDL015C,0,0.8406474,0.23417721688747406,0.5495049357414246,0.18168167769908905
YBR236C,YJL041W,0,0.8404609,0.23407845199108124,0.5495049357414246,0.18178178369998932
YIL132C,YKL022C,0,0.8402197,0.23397976160049438,0.5495049357414246,0.1818818747997284
YJR057W,YMR306W,0,0.8399903,0.2338811606168747,0.5495049357414246,0.18198198080062866
YEL004W,YMR152W,0,0.8397197,0.23378264904022217,0.5495049357414246,0.18208208680152893
YBR290W,YMR038C,0,0.839275,0.2336842119693756,0.5495049357414246,0.182182177901268
YLR078C,YNL212W,0,0.8382998,0.23358586430549622,0.5495049357414246,0.18228228390216827
YDR138W,YJR055W,0,0.8382533,0.2334875911474228,0.5495049357414246,0.18238237500190735
YHR156C,YPR018W,0,0.837835,0.23338940739631653,0.5495049357414246,0.18248248100280762
YDR138W,YBL011W,0,0.83733517,0.23329129815101624,0.5495049357414246,0.18258258700370789
YDL166C,YIR034C,0,0.8365211,0.2331932783126831,0.5495049357414246,0.18268267810344696
YLR401C,YDR486C,0,0.83641905,0.23309533298015594,0.5495049357414246,0.18278278410434723
YKR002W,YFL034C-B,0,0.8357188,0.23299747705459595,0.5495049357414246,0.1828828901052475
YKR008W,YNL219C,0,0.8357156,0.2328997105360031,0.5495049357414246,0.18298298120498657
YBL026W,YJL074C,0,0.83500004,0.23280201852321625,0.5495049357414246,0.18308308720588684
YDR479C,YJR137C,0,0.8346026,0.23270440101623535,0.5495049357414246,0.18318317830562592
YMR176W,YLR078C,0,0.8344062,0.23260687291622162,0.5495049357414246,0.18328328430652618
YDR364C,YGR075C,1,0.8341418,0.23292836546897888,0.5504950284957886,0.18328328430652618
YLR390W,YAR018C,0,0.8340179,0.23283082246780396,0.5504950284957886,0.18338339030742645
YDR162C,YPL139C,0,0.83395326,0.232733353972435,0.5504950284957886,0.18348348140716553
YDL042C,YNR003C,0,0.8339271,0.2326359897851944,0.5504950284957886,0.1835835874080658
YOL043C,YBR204C,0,0.8334566,0.23253868520259857,0.5504950284957886,0.18368367850780487
YIR003W,YMR210W,0,0.83343476,0.2324414700269699,0.5504950284957886,0.18378378450870514
YBL093C,YNL027W,0,0.83333987,0.2323443442583084,0.5504950284957886,0.1838838905096054
YDL132W,YDR245W,0,0.8332802,0.2322472780942917,0.5504950284957886,0.18398398160934448
YNR069C,YDL122W,0,0.8325623,0.23215031623840332,0.5504950284957886,0.18408408761024475
YKR060W,YBR152W,0,0.83248496,0.23205342888832092,0.5504950284957886,0.18418417870998383
YOR221C,YOR332W,0,0.8323891,0.2319566160440445,0.5504950284957886,0.1842842847108841
YOR115C,YHL008C,0,0.8318696,0.23185987770557404,0.5504950284957886,0.18438439071178436
YDL210W,YOR116C,0,0.83182615,0.23176322877407074,0.5504950284957886,0.18448448181152344
YDR393W,YCL061C,0,0.8315216,0.2316666692495346,0.5504950284957886,0.1845845878124237
YJL225C,YDL008W,0,0.8310286,0.23157018423080444,0.5504950284957886,0.18468467891216278
YPL042C,YHR117W,0,0.8310192,0.23147377371788025,0.5504950284957886,0.18478478491306305
YJR083C,YNL238W,0,0.83049613,0.23137743771076202,0.5504950284957886,0.18488489091396332
YKL049C,YJR045C,0,0.8304191,0.23128119111061096,0.5504950284957886,0.1849849820137024
YGR072W,YMR223W,0,0.83014005,0.23118503391742706,0.5504950284957886,0.18508508801460266
YML014W,YDR059C,0,0.83013994,0.23108895123004913,0.5504950284957886,0.18518517911434174
YDL168W,YDL043C,0,0.8301061,0.23099294304847717,0.5504950284957886,0.185285285115242
YDL083C,YHR079C,0,0.8293983,0.23089700937271118,0.5504950284957886,0.18538539111614227
YKL092C,YIL132C,0,0.82903606,0.23080116510391235,0.5504950284957886,0.18548548221588135
YGR140W,YHR123W,0,0.82878,0.2307053953409195,0.5504950284957886,0.18558558821678162
YNL282W,YPR186C,0,0.8286777,0.2306097000837326,0.5504950284957886,0.1856856793165207
YDR153C,YGL172W,0,0.82828087,0.23051409423351288,0.5504950284957886,0.18578578531742096
YGL178W,YLR300W,0,0.8281482,0.23041856288909912,0.5504950284957886,0.18588589131832123
YBR084W,YOR077W,0,0.8281269,0.23032312095165253,0.5504950284957886,0.1859859824180603
YHR165C,YER112W,1,0.82805246,0.23064182698726654,0.5514851212501526,0.1859859824180603
YNL256W,YHR061C,0,0.82796514,0.23054635524749756,0.5514851212501526,0.18608608841896057
YNL236W,YPL151C,0,0.8277418,0.23045097291469574,0.5514851212501526,0.18618617951869965
YHR061C,YDL178W,0,0.82763803,0.2303556650876999,0.5514851212501526,0.18628628551959991
YNL310C,YOL021C,0,0.8272574,0.23026043176651,0.5514851212501526,0.18638639152050018
YPL020C,YMR021C,0,0.8269334,0.2301652878522873,0.5514851212501526,0.18648648262023926
YOL148C,YDR142C,0,0.8265066,0.23007021844387054,0.5514851212501526,0.18658658862113953
YLL011W,YOR362C,0,0.82567924,0.22997522354125977,0.5514851212501526,0.1866866797208786
YER019W,YBL069W,0,0.8249409,0.22988031804561615,0.5514851212501526,0.18678678572177887
YDR069C,YGL119W,0,0.82463264,0.2297854721546173,0.5514851212501526,0.18688689172267914
YGR048W,YCR008W,0,0.8242958,0.22969071567058563,0.5514851212501526,0.1869869828224182
YBR002C,YPL002C,0,0.82426554,0.22959604859352112,0.5514851212501526,0.18708708882331848
YJR055W,YPL127C,0,0.82426405,0.22950144112110138,0.5514851212501526,0.18718717992305756
YLR074C,YLR233C,0,0.82388544,0.2294069230556488,0.5514851212501526,0.18728728592395782
YBR228W,YDR147W,0,0.823468,0.2293124794960022,0.5514851212501526,0.1873873919248581
YBL009W,YJL123C,0,0.8233827,0.22921811044216156,0.5514851212501526,0.18748748302459717
YER161C,YJR143C,0,0.8232619,0.2291238158941269,0.5514851212501526,0.18758758902549744
YBR203W,YGR063C,0,0.8231208,0.2290296107530594,0.5514851212501526,0.1876876950263977
YBR129C,YPR181C,0,0.82273155,0.22893546521663666,0.5514851212501526,0.18778778612613678
YNL112W,YGR156W,0,0.8225847,0.2288414090871811,0.5514851212501526,0.18788789212703705
YMR165C,YLR139C,0,0.8225078,0.2287474274635315,0.5514851212501526,0.18798798322677612
YIR023W,YHR013C,0,0.822386,0.22865353524684906,0.5514851212501526,0.1880880892276764
YOL043C,YIL157C,0,0.82203704,0.2285597026348114,0.5514851212501526,0.18818819522857666
YNL280C,YEL041W,0,0.82186913,0.2284659594297409,0.5514851212501526,0.18828828632831573
YER012W,YPR182W,0,0.82173175,0.22837229073047638,0.5514851212501526,0.188388392329216
YJR055W,YDR194C,0,0.8217072,0.22827868163585663,0.5514851212501526,0.18848848342895508
YBR022W,YGR013W,1,0.8215562,0.2285948395729065,0.5524752736091614,0.18848848342895508
YGR105W,YJL020C,0,0.82073885,0.22850123047828674,0.5524752736091614,0.18858858942985535
YDR318W,YOL004W,0,0.8203724,0.22840769588947296,0.5524752736091614,0.18868869543075562
YDL006W,YBL026W,1,0.82011396,0.228723406791687,0.5534653663635254,0.18868869543075562
YDR153C,YNL325C,0,0.8196065,0.22862985730171204,0.5534653663635254,0.1887887865304947
YDR144C,YDL143W,0,0.8195087,0.22853638231754303,0.5534653663635254,0.18888889253139496
YAL032C,YER146W,1,0.81876165,0.22885166108608246,0.5544554591178894,0.18888889253139496
YPR056W,YDR062W,0,0.8184158,0.22875817120075226,0.5544554591178894,0.18898898363113403
YPL064C,YMR240C,1,0.817901,0.22907309234142303,0.5554455518722534,0.18898898363113403
YNL261W,YDR131C,0,0.81772184,0.22897958755493164,0.5554455518722534,0.1890890896320343
YLR373C,YFR009W,0,0.81769043,0.2288861721754074,0.5554455518722534,0.18918919563293457
YER008C,YBR172C,0,0.8165538,0.22879281640052795,0.5554455518722534,0.18928928673267365
YCR047C,YKL015W,0,0.81643516,0.22869955003261566,0.5554455518722534,0.1893893927335739
YDL033C,YBR280C,0,0.8164174,0.22860635817050934,0.5554455518722534,0.189489483833313
YIL039W,YDR120C,0,0.8162016,0.22851324081420898,0.5554455518722534,0.18958958983421326
YNL075W,YDR142C,0,0.8160723,0.2284201979637146,0.5554455518722534,0.18968969583511353
YAR035W,YGR062C,0,0.8157694,0.22832722961902618,0.5554455518722534,0.1897897869348526
YBR166C,YGR088W,0,0.81477267,0.22823433578014374,0.5554455518722534,0.18988989293575287
YNL248C,YGR166W,0,0.8145525,0.22814151644706726,0.5554455518722534,0.18998998403549194
YDL159W,YDR143C,0,0.8144958,0.22804878652095795,0.5554455518722534,0.1900900900363922
YPL148C,YHR031C,0,0.8141293,0.2279561161994934,0.5554455518722534,0.19019019603729248
YNL186W,YLL028W,0,0.81374294,0.22786352038383484,0.5554455518722534,0.19029028713703156
YKR068C,YDL225W,0,0.8137017,0.22777101397514343,0.5554455518722534,0.19039039313793182
YER114C,YNL257C,0,0.8136603,0.2276785671710968,0.5554455518722534,0.1904904842376709
YPR119W,YHR086W,0,0.81353676,0.22758620977401733,0.5554455518722534,0.19059059023857117
YCR011C,YMR054W,0,0.8134268,0.22749391198158264,0.5554455518722534,0.19069069623947144
YBR055C,YMR125W,1,0.81335163,0.22780705988407135,0.5564356446266174,0.19069069623947144
YJL085W,YJL198W,0,0.8126672,0.22771474719047546,0.5564356446266174,0.1907907873392105
YML001W,YHR082C,0,0.8126326,0.22762252390384674,0.5564356446266174,0.19089089334011078
YFR013W,YNL053W,0,0.8120293,0.2275303602218628,0.5564356446266174,0.19099098443984985
YMR263W,YER115C,0,0.811691,0.227438285946846,0.5564356446266174,0.19109109044075012
YLR424W,YGL141W,0,0.81158406,0.227346271276474,0.5564356446266174,0.1911911964416504
YPL091W,YMR213W,0,0.8114516,0.22725434601306915,0.5564356446266174,0.19129128754138947
YER157W,YMR277W,0,0.81122774,0.22716249525547028,0.5564356446266174,0.19139139354228973
YKR036C,YBR030W,0,0.81106305,0.22707070410251617,0.5564356446266174,0.1914914846420288
YIL132C,YLL015W,0,0.81069154,0.22697900235652924,0.5564356446266174,0.19159159064292908
YOR025W,YDL036C,0,0.8105554,0.22688736021518707,0.5564356446266174,0.19169169664382935
YGL161C,YLR128W,0,0.81027895,0.22679580748081207,0.5564356446266174,0.19179178774356842
YMR264W,YML072C,0,0.80982286,0.22670431435108185,0.5564356446266174,0.1918918937444687
YJR119C,YMR087W,0,0.8095353,0.2266129106283188,0.5564356446266174,0.19199198484420776
YGL092W,YOR334W,1,0.8094855,0.22692462801933289,0.5574257373809814,0.19199198484420776
YAR008W,YLR191W,0,0.8094274,0.22683319449424744,0.5574257373809814,0.19209209084510803
YOR307C,YHL013C,0,0.80934066,0.22674185037612915,0.5574257373809814,0.1921921968460083
YLR014C,YMR285C,0,0.80933744,0.22665056586265564,0.5574257373809814,0.19229228794574738
YLR117C,YGR263C,0,0.80923516,0.2265593558549881,0.5574257373809814,0.19239239394664764
YMR075W,YKL007W,0,0.80918974,0.22646822035312653,0.5574257373809814,0.19249248504638672
YBR119W,YGL174W,1,0.80853814,0.2267792522907257,0.5584158301353455,0.19249248504638672
YCL033C,YER087W,0,0.80831164,0.22668810188770294,0.5584158301353455,0.192592591047287
YFL018C,YBR289W,0,0.8078061,0.22659702599048615,0.5584158301353455,0.19269269704818726
YDR253C,YOR035C,0,0.80758154,0.22650602459907532,0.5584158301353455,0.19279278814792633
YLR425W,YPL022W,0,0.8074888,0.22641509771347046,0.5584158301353455,0.1928928941488266
YJL124C,YBL037W,0,0.80729544,0.22632423043251038,0.5584158301353455,0.19299300014972687
YJR050W,YKR052C,1,0.80726933,0.22663457691669464,0.5594059228897095,0.19299300014972687
YKL084W,YIR034C,0,0.8072307,0.22654370963573456,0.5594059228897095,0.19309309124946594
YJL092W,YPL249C,0,0.8069024,0.22645290195941925,0.5594059228897095,0.1931931972503662
YGL209W,YER122C,0,0.80688775,0.2263621836900711,0.5594059228897095,0.19329328835010529
YPL089C,YHR062C,0,0.80662423,0.22627152502536774,0.5594059228897095,0.19339339435100555
YGR169C,YMR168C,0,0.8064035,0.22618094086647034,0.5594059228897095,0.19349350035190582
YOR211C,YLR103C,0,0.80608696,0.2260904312133789,0.5594059228897095,0.1935935914516449
YML036W,YFL002C,0,0.8051862,0.22599999606609344,0.5594059228897095,0.19369369745254517
YFL034C-B,YBR236C,0,0.8049088,0.22590963542461395,0.5594059228897095,0.19379378855228424
YCR014C,YDR356W,0,0.80447257,0.22581934928894043,0.5594059228897095,0.1938938945531845
YDR195W,YIL115C,0,0.8044257,0.22572912275791168,0.5594059228897095,0.19399400055408478
YDR378C,YLR117C,1,0.80401665,0.22603833675384521,0.5603960156440735,0.19399400055408478
YMR115W,YHR107C,0,0.8038705,0.22594811022281647,0.5603960156440735,0.19409409165382385
YGR048W,YDR065W,0,0.80327827,0.2258579432964325,0.5603960156440735,0.19419419765472412
YBR123C,YML095C,0,0.80276936,0.2257678508758545,0.5603960156440735,0.1942942887544632
YDR531W,YMR046C,0,0.802743,0.22567783296108246,0.5603960156440735,0.19439439475536346
YCR023C,YLR028C,0,0.8023249,0.2255878895521164,0.5603960156440735,0.19449450075626373
YIL132C,YJR017C,0,0.8021079,0.2254980057477951,0.5603960156440735,0.1945945918560028
YER126C,YMR170C,0,0.8020806,0.22540821135044098,0.5603960156440735,0.19469469785690308
YDR147W,YOL097C,0,0.801585,0.22531847655773163,0.5603960156440735,0.19479478895664215
YDR484W,YPR140W,0,0.8013922,0.22522881627082825,0.5603960156440735,0.19489489495754242
YER016W,YBL090W,0,0.8011597,0.22513921558856964,0.5603960156440735,0.1949950009584427
YDR507C,YDL060W,0,0.80048954,0.2250497043132782,0.5603960156440735,0.19509509205818176
YHR191C,YHR167W,0,0.8004294,0.22496025264263153,0.5603960156440735,0.19519519805908203
YDR242W,YBL046W,0,0.800221,0.22487087547779083,0.5603960156440735,0.1952952891588211
YBL068W,YMR061W,0,0.79976237,0.2247815728187561,0.5603960156440735,0.19539539515972137
YPL005W,YJL165C,0,0.79961926,0.22469234466552734,0.5603960156440735,0.19549550116062164
YER013W,YBR188C,1,0.79893494,0.22499999403953552,0.5613861680030823,0.19549550116062164
YGL251C,YGR047C,0,0.7989236,0.22491075098514557,0.5613861680030823,0.19559559226036072
YJR021C,YPR121W,0,0.7982176,0.2248215675354004,0.5613861680030823,0.195695698261261
YBR128C,YML097C,0,0.79720086,0.22473245859146118,0.5613861680030823,0.19579578936100006
YHR069C,YPL132W,0,0.7971797,0.22464342415332794,0.5613861680030823,0.19589589536190033
YLR033W,YJL034W,0,0.7969646,0.22455444931983948,0.5613861680030823,0.1959960013628006
YHR034C,YPL213W,1,0.7968964,0.22486144304275513,0.5623762607574463,0.1959960013628006
YDL136W,YLR128W,0,0.7959333,0.22477245330810547,0.5623762607574463,0.19609609246253967
YCL038C,YNR021W,0,0.79581255,0.22468353807926178,0.5623762607574463,0.19619619846343994
YML080W,YPL208W,0,0.7953612,0.22459469735622406,0.5623762607574463,0.19629628956317902
YPL079W,YHR112C,0,0.7948857,0.2245059311389923,0.5623762607574463,0.19639639556407928
YBL074C,YBR152W,1,0.79487854,0.2248123288154602,0.5633663535118103,0.19639639556407928
YCR063W,YPR057W,1,0.7947954,0.225118488073349,0.5643564462661743,0.19639639556407928
YHR101C,YJR053W,0,0.7943464,0.2250296026468277,0.5643564462661743,0.19649650156497955
YBR247C,YEL063C,0,0.79422647,0.22494080662727356,0.5643564462661743,0.19659659266471863
YDR069C,YMR014W,0,0.794179,0.2248520702123642,0.5643564462661743,0.1966966986656189
YLL033W,YKR022C,0,0.79379195,0.2247634083032608,0.5643564462661743,0.19679678976535797
YPL083C,YGR075C,1,0.79300135,0.22506898641586304,0.5653465390205383,0.19679678976535797
YLR283W,YLR071C,0,0.79239476,0.22498029470443726,0.5653465390205383,0.19689689576625824
YBR237W,YNL210W,1,0.79220635,0.22528554499149323,0.5663366317749023,0.19689689576625824
YLL009C,YPR107C,0,0.79201967,0.22519685328006744,0.5663366317749023,0.1969970017671585
YBR216C,YCR017C,0,0.79193515,0.22510822117328644,0.5663366317749023,0.19709709286689758
YFL001W,YHR109W,0,0.79139125,0.2250196635723114,0.5663366317749023,0.19719719886779785
YDL064W,YNL008C,0,0.79133594,0.22493118047714233,0.5663366317749023,0.19729728996753693
YOL057W,YBL006C,0,0.7912919,0.22484277188777924,0.5663366317749023,0.1973973959684372
YJL051W,YBR302C,0,0.79110163,0.2247544229030609,0.5663366317749023,0.19749750196933746
YCR092C,YLR097C,0,0.7908891,0.22466614842414856,0.5663366317749023,0.19759759306907654
YFR044C,YDL084W,0,0.7908326,0.22457793354988098,0.5663366317749023,0.1976976990699768
YML049C,YGR009C,0,0.7907093,0.22448979318141937,0.5663366317749023,0.19779780507087708
YNL289W,YJL006C,0,0.79066825,0.22440172731876373,0.5663366317749023,0.19789789617061615
YBL060W,YKL084W,0,0.7904805,0.22431372106075287,0.5663366317749023,0.19799800217151642
YGL092W,YMR240C,1,0.789797,0.22461779415607452,0.5673267245292664,0.19799800217151642
YBR258C,YBR004C,0,0.789609,0.22452978789806366,0.5673267245292664,0.1980980932712555
YJL192C,YKL071W,0,0.78950024,0.22444182634353638,0.5673267245292664,0.19819819927215576
YJL204C,YFL038C,0,0.7892305,0.22435395419597626,0.5673267245292664,0.19829830527305603
YDR499W,YLR276C,0,0.78913397,0.2242661416530609,0.5673267245292664,0.1983983963727951
YOL133W,YDR519W,0,0.7890614,0.22417840361595154,0.5673267245292664,0.19849850237369537
YER101C,YNL082W,0,0.7890238,0.22409072518348694,0.5673267245292664,0.19859859347343445
YBR080C,YBR299W,0,0.78836745,0.2240031212568283,0.5673267245292664,0.19869869947433472
YBR030W,YMR106C,0,0.78827703,0.22391559183597565,0.5673267245292664,0.19879880547523499
YGL047W,YMR240C,0,0.7874332,0.22382812201976776,0.5673267245292664,0.19889889657497406
YDR088C,YHR086W,1,0.7870347,0.22413119673728943,0.5683168172836304,0.19889889657497406
YDR167W,YKL046C,0,0.78676695,0.22404371201992035,0.5683168172836304,0.19899900257587433
YDR338C,YLR421C,0,0.78669196,0.22395630180835724,0.5683168172836304,0.1990990936756134
YGR223C,YGL068W,0,0.78633755,0.2238689512014389,0.5683168172836304,0.19919919967651367
YBR041W,YOR118W,0,0.7862075,0.22378167510032654,0.5683168172836304,0.19929930567741394
YPL190C,YDL111C,0,0.786009,0.22369447350502014,0.5683168172836304,0.19939939677715302
YGL207W,YOL065C,0,0.7859225,0.22360731661319733,0.5683168172836304,0.19949950277805328
YLR382C,YPR082C,1,0.7846229,0.2239096611738205,0.5693069100379944,0.19949950277805328
YAL034W-A,YNL188W,0,0.78415775,0.22382250428199768,0.5693069100379944,0.19959959387779236
YJR107W,YNR051C,0,0.78408873,0.22373540699481964,0.5693069100379944,0.19969969987869263
YGR288W,YMR067C,0,0.7838296,0.22364838421344757,0.5693069100379944,0.1997998058795929
YNR011C,YDR194C,1,0.78375775,0.22395023703575134,0.5702970027923584,0.1997998058795929
YHR101C,YDR083W,0,0.78367007,0.22386319935321808,0.5702970027923584,0.19989989697933197
YJL053W,YGL119W,0,0.7835517,0.2237762212753296,0.5702970027923584,0.20000000298023224
YML007W,YPL188W,0,0.7821572,0.22368931770324707,0.5702970027923584,0.2001000940799713
YDR348C,YCR017C,0,0.78117436,0.22360248863697052,0.5702970027923584,0.20020020008087158
YGR001C,YPL045W,0,0.7805517,0.22351571917533875,0.5702970027923584,0.20030030608177185
YER147C,YHR167W,0,0.7805211,0.22342900931835175,0.5702970027923584,0.20040039718151093
YDR383C,YIL061C,0,0.7803535,0.22334237396717072,0.5702970027923584,0.2005005031824112
YMR221C,YGR065C,0,0.779318,0.22325581312179565,0.5702970027923584,0.20060059428215027
YMR218C,YLR389C,0,0.7790933,0.22316931188106537,0.5702970027923584,0.20070070028305054
YJL213W,YKR057W,0,0.77901644,0.22308288514614105,0.5702970027923584,0.2008008062839508
YCR033W,YER111C,0,0.7789822,0.2229965180158615,0.5702970027923584,0.20090089738368988
YGL090W,YML125C,0,0.77798784,0.22291021049022675,0.5702970027923584,0.20100100338459015
YLL034C,YER075C,0,0.77795655,0.22282397747039795,0.5702970027923584,0.20110109448432922
YOR196C,YJR094W-A,0,0.77768743,0.22273781895637512,0.5702970027923584,0.2012012004852295
YHR004C,YGR192C,0,0.77758545,0.22265172004699707,0.5702970027923584,0.20130130648612976
YGL172W,YMR240C,1,0.77740586,0.22295208275318146,0.5712871551513672,0.20130130648612976
YER068W,YJL157C,0,0.7768348,0.2228659689426422,0.5712871551513672,0.20140139758586884
YLR423C,YPL112C,0,0.7766407,0.22277992963790894,0.5712871551513672,0.2015015035867691
YOL115W,YNL245C,0,0.77645403,0.22269393503665924,0.5712871551513672,0.20160159468650818
YGR067C,YBR133C,0,0.7762583,0.2226080298423767,0.5712871551513672,0.20170170068740845
YOR244W,YHR178W,0,0.7757247,0.22252216935157776,0.5712871551513672,0.20180180668830872
YDR318W,YLR186W,0,0.7756418,0.22243639826774597,0.5712871551513672,0.2019018977880478
YIL110W,YOL117W,0,0.77553743,0.22235067188739777,0.5712871551513672,0.20200200378894806
YNL085W,YDR534C,0,0.775513,0.22226502001285553,0.5712871551513672,0.20210209488868713
YPL015C,YDR334W,0,0.7748514,0.22217944264411926,0.5712871551513672,0.2022022008895874
YJR050W,YHR086W,1,0.774164,0.22247883677482605,0.5722772479057312,0.2022022008895874
YNR010W,YBR154C,0,0.7740046,0.2223932296037674,0.5722772479057312,0.20230230689048767
YBR167C,YPL208W,0,0.77385366,0.2223076969385147,0.5722772479057312,0.20240239799022675
YLR002C,YHR175W,0,0.7733019,0.2222222238779068,0.5722772479057312,0.20250250399112701
YKR052C,YNL224C,1,0.77308315,0.22252114117145538,0.5732673406600952,0.20250250399112701
YLL003W,YHR077C,0,0.77307886,0.22243565320968628,0.5732673406600952,0.20260260999202728
YKR104W,YGR263C,0,0.7730307,0.22235022485256195,0.5732673406600952,0.20270270109176636
YDR460W,YGR218W,0,0.7730176,0.2222648710012436,0.5732673406600952,0.20280280709266663
YOL005C,YOR126C,0,0.7729952,0.2221795916557312,0.5732673406600952,0.2029028981924057
YBR077C,YKL093W,0,0.77289945,0.2220943570137024,0.5732673406600952,0.20300300419330597
YMR236W,YGR089W,0,0.77215666,0.22200919687747955,0.5732673406600952,0.20310311019420624
YMR087W,YBR119W,1,0.77202123,0.22230739891529083,0.5742574334144592,0.20310311019420624
YBR065C,YPR101W,1,0.7712531,0.222605362534523,0.5752475261688232,0.20310311019420624
YDR443C,YLR229C,0,0.7709796,0.222520112991333,0.5752475261688232,0.2032032012939453
YDR243C,YAR008W,1,0.77049124,0.22281776368618011,0.5762376189231873,0.2032032012939453
YCL066W,YPL167C,0,0.7702356,0.22273248434066772,0.5762376189231873,0.20330330729484558
YLL022C,YGL179C,0,0.7691574,0.2226472795009613,0.5762376189231873,0.20340339839458466
YLR389C,YNL035C,0,0.7686251,0.22256213426589966,0.5762376189231873,0.20350350439548492
YJR160C,YJR016C,0,0.76790875,0.22247706353664398,0.5762376189231873,0.2036036103963852
YOL003C,YPR022C,0,0.76783246,0.22239205241203308,0.5762376189231873,0.20370370149612427
YGL153W,YLR117C,0,0.76779467,0.22230710089206696,0.5762376189231873,0.20380380749702454
YKL212W,YOR212W,0,0.7677782,0.2222222238779068,0.5762376189231873,0.2039038985967636
YDR186C,YLL062C,0,0.7677318,0.22213740646839142,0.5762376189231873,0.20400400459766388
YPL151C,YDL035C,0,0.76772237,0.2220526486635208,0.5762376189231873,0.20410411059856415
YMR303C,YPR149W,0,0.7670739,0.22196796536445618,0.5762376189231873,0.20420420169830322
YOL115W,YDL111C,0,0.76694584,0.22188334167003632,0.5762376189231873,0.2043043076992035
YJR160C,YJL203W,0,0.7666896,0.22179877758026123,0.5762376189231873,0.20440439879894257
YGR240C,YOR242C,0,0.76645076,0.22171428799629211,0.5762376189231873,0.20450450479984283
YNR057C,YGR108W,0,0.76641107,0.22162985801696777,0.5762376189231873,0.2046046108007431
YDR206W,YIL112W,0,0.7658161,0.2215454876422882,0.5762376189231873,0.20470470190048218
YDL087C,YJL133W,1,0.7653705,0.2218417078256607,0.5772277116775513,0.20470470190048218
YJR090C,YDL104C,0,0.76530224,0.22175732254981995,0.5772277116775513,0.20480480790138245
YNL224C,YPR178W,1,0.764938,0.22205322980880737,0.5782178044319153,0.20480480790138245
YJR104C,YOR201C,0,0.76466936,0.22196882963180542,0.5782178044319153,0.20490489900112152
YGR020C,YDR207C,0,0.76451415,0.22188450396060944,0.5782178044319153,0.2050050050020218
YOL052C,YJR137C,0,0.764458,0.22180022299289703,0.5782178044319153,0.20510511100292206
YHR084W,YOR128C,0,0.7643088,0.2217160165309906,0.5782178044319153,0.20520520210266113
YDR499W,YDR072C,0,0.764211,0.22163188457489014,0.5782178044319153,0.2053053081035614
YDR082W,YOR201C,0,0.7639284,0.22154779732227325,0.5782178044319153,0.20540539920330048
YDL179W,YGR095C,0,0.76386905,0.22146378457546234,0.5782178044319153,0.20550550520420074
YBR021W,YGL017W,0,0.76366043,0.2213798314332962,0.5782178044319153,0.205605611205101
YCR042C,YDL128W,0,0.76347613,0.22129595279693604,0.5782178044319153,0.2057057023048401
YER061C,YMR127C,0,0.76296735,0.22121211886405945,0.5782178044319153,0.20580580830574036
YOL019W,YCL036W,0,0.76288235,0.22112835943698883,0.5782178044319153,0.20590589940547943
YDR254W,YNL082W,0,0.7627501,0.221044659614563,0.5782178044319153,0.2060060054063797
YBR192W,YPR022C,0,0.7626931,0.22096103429794312,0.5782178044319153,0.20610611140727997
YBR265W,YHL019C,0,0.7619736,0.22087745368480682,0.5782178044319153,0.20620620250701904
YDR362C,YER161C,0,0.7617663,0.2207939475774765,0.5782178044319153,0.2063063085079193
YML115C,YOR148C,0,0.7617211,0.22071050107479095,0.5782178044319153,0.2064063996076584
YHR031C,YGR121C,0,0.76167953,0.22062712907791138,0.5782178044319153,0.20650650560855865
YCR043C,YDR134C,0,0.7616375,0.22054380178451538,0.5782178044319153,0.20660661160945892
YER006W,YAL055W,0,0.76147246,0.22046054899692535,0.5782178044319153,0.206706702709198
YML080W,YBL016W,0,0.76119006,0.2203773558139801,0.5782178044319153,0.20680680871009827
YBL074C,YJR022W,1,0.7603602,0.22067144513130188,0.5792078971862793,0.20680680871009827
YDR138W,YKR025W,0,0.76030034,0.22058823704719543,0.5792078971862793,0.20690689980983734
YPR019W,YKL024C,0,0.7595001,0.22050508856773376,0.5792078971862793,0.2070070058107376
YHL038C,YHR086W,1,0.7593885,0.2207987904548645,0.5801980495452881,0.2070070058107376
YIL172C,YAL014C,0,0.75932056,0.22071562707424164,0.5801980495452881,0.20710711181163788
YLR424W,YPL213W,1,0.75901985,0.2210090309381485,0.5811881422996521,0.20710711181163788
YHR091C,YGR013W,0,0.7588628,0.22092585265636444,0.5811881422996521,0.20720720291137695
YDR466W,YKL007W,0,0.7582132,0.22084273397922516,0.5811881422996521,0.20730730891227722
YGR001C,YDL028C,0,0.75773364,0.22075968980789185,0.5811881422996521,0.2074074000120163
YKL126W,YCL061C,0,0.75771725,0.22067669034004211,0.5811881422996521,0.20750750601291656
YBR293W,YGR072W,0,0.75708663,0.22059376537799835,0.5811881422996521,0.20760761201381683
YBR008C,YHR076W,0,0.75692445,0.22051090002059937,0.5811881422996521,0.2077077031135559
YFR045W,YKL206C,0,0.75631976,0.22042809426784515,0.5811881422996521,0.20780780911445618
YMR152W,YGR186W,0,0.7561644,0.22034534811973572,0.5811881422996521,0.20790791511535645
YLL042C,YKL015W,0,0.7560292,0.22026266157627106,0.5811881422996521,0.20800800621509552
YJL087C,YFL017W-A,1,0.7559859,0.2205551415681839,0.5821782350540161,0.20800800621509552
YMR269W,YOR003W,0,0.7557387,0.22047244012355804,0.5821782350540161,0.2081081122159958
YDR186C,YJR045C,0,0.75466627,0.22038979828357697,0.5821782350540161,0.20820820331573486
YLR323C,YPR094W,1,0.7544539,0.22068190574645996,0.5831683278083801,0.20820820331573486
YIL061C,YPL178W,1,0.75366503,0.22097378969192505,0.5841584205627441,0.20820820331573486
YLL052C,YDR011W,0,0.7532709,0.2208910584449768,0.5841584205627441,0.20830830931663513
YPL093W,YFL062W,0,0.75321823,0.22080838680267334,0.5841584205627441,0.2084084153175354
YKR092C,YGR258C,0,0.7531726,0.22072577476501465,0.5841584205627441,0.20850850641727448
YLL032C,YLR188W,0,0.75303227,0.22064323723316193,0.5841584205627441,0.20860861241817474
YLR319C,YKR054C,0,0.7514906,0.22056074440479279,0.5841584205627441,0.20870870351791382
YJR113C,YGL173C,0,0.75134915,0.22047832608222961,0.5841584205627441,0.2088088095188141
YER051W,YBR201W,0,0.75101215,0.22039596736431122,0.5841584205627441,0.20890891551971436
YLR264W,YDR503C,0,0.7509618,0.2203136682510376,0.5841584205627441,0.20900900661945343
YLR128W,YNL097C,0,0.74995404,0.22023142874240875,0.5841584205627441,0.2091091126203537
YOR256C,YMR042W,0,0.7499336,0.22014924883842468,0.5841584205627441,0.20920920372009277
YNR004W,YHR153C,0,0.749629,0.22006714344024658,0.5841584205627441,0.20930930972099304
YOR151C,YDR488C,0,0.748996,0.21998508274555206,0.5841584205627441,0.2094094157218933
YMR049C,YHL007C,0,0.7489547,0.2199030965566635,0.5841584205627441,0.20950950682163239
YDR506C,YKL024C,0,0.7488864,0.21982115507125854,0.5841584205627441,0.20960961282253265
YNL159C,YOR067C,0,0.7484907,0.21973928809165955,0.5841584205627441,0.20970970392227173
YDR130C,YLL061W,0,0.74842244,0.21965748071670532,0.5841584205627441,0.209809809923172
YDL074C,YMR088C,0,0.7480737,0.21957573294639587,0.5841584205627441,0.20990991592407227
YKR052C,YGL120C,1,0.7479014,0.2198660671710968,0.5851485133171082,0.20990991592407227
YNR074C,YGL253W,0,0.74765915,0.21978430449962616,0.5851485133171082,0.21001000702381134
YOR014W,YGL234W,0,0.7469297,0.2197026014328003,0.5851485133171082,0.2101101130247116
YLR117C,YDL087C,1,0.74673367,0.21999256312847137,0.5861386060714722,0.2101101130247116
YJL130C,YDR030C,0,0.7467095,0.21991084516048431,0.5861386060714722,0.21021020412445068
YKL222C,YML046W,0,0.74668324,0.21982918679714203,0.5861386060714722,0.21031031012535095
YJL221C,YHL008C,0,0.746609,0.21974758803844452,0.5861386060714722,0.21041041612625122
YLR319C,YKR048C,0,0.74653965,0.21966604888439178,0.5861386060714722,0.2105105072259903
YPL194W,YDL077C,0,0.74638873,0.21958456933498383,0.5861386060714722,0.21061061322689056
YPR125W,YAL016W,0,0.7463477,0.21950314939022064,0.5861386060714722,0.21071070432662964
YBR198C,YGR038W,0,0.74574155,0.21942178905010223,0.5861386060714722,0.2108108103275299
YDL017W,YDR299W,0,0.7454657,0.2193405032157898,0.5861386060714722,0.21091091632843018
YKR058W,YDR031W,0,0.7453465,0.21925926208496094,0.5861386060714722,0.21101100742816925
YDL120W,YDR314C,0,0.7453342,0.21917808055877686,0.5861386060714722,0.21111111342906952
YMR216C,YPL213W,1,0.74507654,0.21946705877780914,0.5871286988258362,0.21111111342906952
YGR086C,YOR205C,0,0.74493366,0.21938586235046387,0.5871286988258362,0.2112112045288086
YAL005C,YEL054C,0,0.7449171,0.21930474042892456,0.5871286988258362,0.21131131052970886
YOR307C,YGL029W,0,0.74488336,0.21922366321086884,0.5871286988258362,0.21141141653060913
YCR047C,YOL117W,0,0.7444375,0.21914264559745789,0.5871286988258362,0.2115115076303482
YNL213C,YDR210W,0,0.74438834,0.2190616875886917,0.5871286988258362,0.21161161363124847
YMR024W,YKL034W,0,0.7437629,0.2189808040857315,0.5871286988258362,0.21171170473098755
YIL067C,YDR013W,0,0.74372303,0.21889996528625488,0.5871286988258362,0.21181181073188782
YPL083C,YMR047C,1,0.7436118,0.21918819844722748,0.5881187915802002,0.21181181073188782
YDR006C,YGR171C,0,0.74337023,0.21910734474658966,0.5881187915802002,0.21191191673278809
YMR295C,YDR322W,0,0.74320495,0.21902655065059662,0.5881187915802002,0.21201200783252716
YIR021W,YLR298C,1,0.7425329,0.21931441128253937,0.5891088843345642,0.21201200783252716
YLR088W,YBR018C,0,0.7424894,0.21923360228538513,0.5891088843345642,0.21211211383342743
YDR390C,YMR025W,0,0.7420765,0.21915285289287567,0.5891088843345642,0.2122122049331665
YKL220C,YCR097W,0,0.7415659,0.219072163105011,0.5891088843345642,0.21231231093406677
YBR133C,YDR520C,0,0.7414418,0.21899153292179108,0.5891088843345642,0.21241241693496704
YLR256W,YJL081C,0,0.74106,0.21891096234321594,0.5891088843345642,0.21251250803470612
YOR075W,YDR034C,0,0.74100184,0.21883045136928558,0.5891088843345642,0.21261261403560638
YML034W,YKL116C,0,0.74092686,0.21875,0.5891088843345642,0.21271272003650665
YDR444W,YKR067W,0,0.7400643,0.2186696082353592,0.5891088843345642,0.21281281113624573
YMR134W,YBR080C,0,0.74002075,0.21858927607536316,0.5891088843345642,0.212912917137146
YLR332W,YFL002C,0,0.7389986,0.2185090035200119,0.5891088843345642,0.21301300823688507
YOR269W,YGR002C,0,0.7379537,0.21842877566814423,0.5891088843345642,0.21311311423778534
YKR086W,YFL017W-A,1,0.7378214,0.2187155932188034,0.590099036693573,0.21311311423778534
YJL149W,YPL249C,0,0.73778176,0.21863536536693573,0.590099036693573,0.2132132202386856
YNR006W,YMR273C,0,0.73769253,0.21855518221855164,0.590099036693573,0.21331331133842468
YPL085W,YHR059W,0,0.73742986,0.2184750735759735,0.590099036693573,0.21341341733932495
YNL273W,YIR025W,0,0.7367931,0.21839500963687897,0.590099036693573,0.21351350843906403
YKL001C,YLR028C,0,0.7367188,0.2183150202035904,0.590099036693573,0.2136136144399643
YCR063W,YBR237W,1,0.736397,0.21860124170780182,0.591089129447937,0.2136136144399643
YER098W,YOL006C,0,0.7363261,0.21852122247219086,0.591089129447937,0.21371372044086456
YNL006W,YBR141C,0,0.7359576,0.21844127774238586,0.591089129447937,0.21381381154060364
YOR127W,YMR026C,0,0.7358514,0.21836137771606445,0.591089129447937,0.2139139175415039
YGR247W,YMR004W,0,0.7355146,0.21828153729438782,0.591089129447937,0.21401400864124298
YDR109C,YER006W,0,0.735467,0.21820175647735596,0.591089129447937,0.21411411464214325
YPR134W,YDR235W,1,0.7350849,0.21848739683628082,0.592079222202301,0.21411411464214325
YFL057C,YAL047C,0,0.7347695,0.21840760111808777,0.592079222202301,0.21421422064304352
YIL021W,YML132W,0,0.73446083,0.2183278501033783,0.592079222202301,0.2143143117427826
YCR030C,YNL222W,0,0.7344586,0.2182481735944748,0.592079222202301,0.21441441774368286
YHR057C,YJR140C,0,0.73396033,0.21816855669021606,0.592079222202301,0.21451450884342194
YDR318W,YHR017W,0,0.7339458,0.21808898448944092,0.592079222202301,0.2146146148443222
YER016W,YLR098C,0,0.7338227,0.21800947189331055,0.592079222202301,0.21471472084522247
YDL144C,YFL047W,0,0.7337789,0.21793003380298615,0.592079222202301,0.21481481194496155
YAL025C,YPR083W,0,0.73360187,0.21785064041614532,0.592079222202301,0.21491491794586182
YOR141C,YDR248C,0,0.73238033,0.21777130663394928,0.592079222202301,0.2150150090456009
YOL068C,YIR015W,0,0.732044,0.217692032456398,0.592079222202301,0.21511511504650116
YOR071C,YDR454C,0,0.732042,0.21761280298233032,0.592079222202301,0.21521522104740143
YGL128C,YPR178W,1,0.73193693,0.2178974151611328,0.593069314956665,0.21521522104740143
YKR062W,YCL034W,0,0.73183113,0.21781818568706512,0.593069314956665,0.2153153121471405
YDL007W,YBL006C,0,0.7318086,0.21773900091648102,0.593069314956665,0.21541541814804077
YER162C,YKR044W,0,0.7312224,0.21765989065170288,0.593069314956665,0.21551550924777985
YLR103C,YJL209W,0,0.730743,0.21758082509040833,0.593069314956665,0.21561561524868011
YJR119C,YDR410C,0,0.7305487,0.21750181913375854,0.593069314956665,0.21571572124958038
YKL034W,YDR472W,0,0.73023945,0.21742287278175354,0.593069314956665,0.21581581234931946
YIL127C,YDR147W,0,0.73009276,0.21734397113323212,0.593069314956665,0.21591591835021973
YNL106C,YLR321C,0,0.7297444,0.21726514399051666,0.593069314956665,0.2160160094499588
YKR013W,YPL011C,0,0.72936994,0.2171863615512848,0.593069314956665,0.21611611545085907
YDR448W,YPR009W,0,0.72876096,0.2171076536178589,0.593069314956665,0.21621622145175934
YNL061W,YDL059C,0,0.7285221,0.21702899038791656,0.593069314956665,0.2163163125514984
YGR258C,YFR007W,0,0.72820836,0.21695038676261902,0.593069314956665,0.21641641855239868
YKL025C,YIR033W,0,0.7281702,0.21687182784080505,0.593069314956665,0.21651650965213776
YDR373W,YPL085W,0,0.72813004,0.21679334342479706,0.593069314956665,0.21661661565303802
YKR022C,YDR088C,1,0.7279787,0.21707670390605927,0.594059407711029,0.21661661565303802
YEL050C,YIL046W,0,0.7277544,0.21699818968772888,0.594059407711029,0.2167167216539383
YLR086W,YJR103W,0,0.72740483,0.21691973507404327,0.594059407711029,0.21681681275367737
YDR388W,YIL079C,0,0.7266277,0.21684134006500244,0.594059407711029,0.21691691875457764
YLR440C,YBR141C,0,0.7259594,0.21676300466060638,0.594059407711029,0.2170170098543167
YPR134W,YGR075C,1,0.7258146,0.217045858502388,0.5950495004653931,0.2170170098543167
YKL095W,YLR016C,1,0.7250979,0.2173285186290741,0.5960395932197571,0.2170170098543167
YBR237W,YDR088C,1,0.7249833,0.21761097013950348,0.5970296859741211,0.2170170098543167
YDR115W,YOR155C,0,0.72468513,0.2175324708223343,0.5970296859741211,0.21711711585521698
YOR265W,YFR042W,0,0.72378105,0.21745401620864868,0.5970296859741211,0.21721722185611725
YHR165C,YDL209C,1,0.7237018,0.2177361249923706,0.5980197787284851,0.21721722185611725
YMR113W,YCL024W,0,0.7235958,0.2176576554775238,0.5980197787284851,0.21731731295585632
YNL311C,YHR082C,0,0.72343653,0.21757924556732178,0.5980197787284851,0.2174174189567566
YMR087W,YOR030W,0,0.7233937,0.21750089526176453,0.5980197787284851,0.21751752495765686
YKL127W,YDR320C,0,0.7226994,0.21742260456085205,0.5980197787284851,0.21761761605739594
YMR231W,YOL003C,0,0.72219026,0.21734437346458435,0.5980197787284851,0.2177177220582962
YDL193W,YDL174C,0,0.72166544,0.21726618707180023,0.5980197787284851,0.21781781315803528
YDR499W,YJL209W,0,0.72166276,0.2171880602836609,0.5980197787284851,0.21791791915893555
YPL218W,YCR054C,0,0.72144854,0.21710999310016632,0.5980197787284851,0.21801802515983582
YGL206C,YPL038W,0,0.72107226,0.21703198552131653,0.5980197787284851,0.2181181162595749
YMR047C,YER087C-A,0,0.7205832,0.21695402264595032,0.5980197787284851,0.21821822226047516
YMR240C,YJL036W,0,0.7204206,0.21687611937522888,0.5980197787284851,0.21831831336021423
YJL192C,YJL047C,0,0.720328,0.21679827570915222,0.5980197787284851,0.2184184193611145
YDL164C,YBR126C,0,0.72007173,0.21672049164772034,0.5980197787284851,0.21851852536201477
YML114C,YIL145C,0,0.7200466,0.21664275228977203,0.5980197787284851,0.21861861646175385
YNL070W,YJR158W,0,0.71995306,0.2165650725364685,0.5980197787284851,0.2187187224626541
YNR073C,YGL084C,0,0.71989435,0.21648745238780975,0.5980197787284851,0.2188188135623932
YEL056W,YNL124W,0,0.71941394,0.21640989184379578,0.5980197787284851,0.21891891956329346
YGR229C,YKR103W,0,0.7193267,0.21633237600326538,0.5980197787284851,0.21901902556419373
YMR251W-A,YML019W,0,0.71904796,0.21625491976737976,0.5980197787284851,0.2191191166639328
YCR088W,YKL078W,0,0.71896833,0.21617752313613892,0.5980197787284851,0.21921922266483307
YGL158W,YMR080C,0,0.7184102,0.21610018610954285,0.5980197787284851,0.21931931376457214
YOR243C,YDR293C,0,0.71838135,0.21602289378643036,0.5980197787284851,0.2194194197654724
YNL126W,YML065W,0,0.7182279,0.21594566106796265,0.5980197787284851,0.21951952576637268
YOL119C,YKL056C,0,0.71771306,0.21586847305297852,0.5980197787284851,0.21961961686611176
YDR498C,YOR215C,0,0.71769446,0.21579135954380035,0.5980197787284851,0.21971972286701202
YGL133W,YBR170C,0,0.7171002,0.21571429073810577,0.5980197787284851,0.2198198139667511
YKL193C,YMR277W,0,0.7168101,0.21563726663589478,0.5980197787284851,0.21991991996765137
YKL181W,YEL064C,0,0.71625686,0.21556031703948975,0.5980197787284851,0.22002002596855164
YDR119W,YPL024W,0,0.7159305,0.2154834121465683,0.5980197787284851,0.2201201170682907
YAL055W,YIL128W,0,0.71579343,0.21540656685829163,0.5980197787284851,0.22022022306919098
YER048C,YIL009C-A,0,0.7154662,0.21532976627349854,0.5980197787284851,0.22032031416893005
YMR289W,YMR026C,0,0.71540254,0.21525302529335022,0.5980197787284851,0.22042042016983032
YBR245C,YEL015W,0,0.71518856,0.21517634391784668,0.5980197787284851,0.2205205261707306
YDR224C,YJR093C,0,0.7147028,0.21509972214698792,0.5980197787284851,0.22062061727046967
YOR095C,YIL145C,0,0.71439934,0.21502314507961273,0.5980197787284851,0.22072072327136993
YOR329C,YBR244W,0,0.71395344,0.21494661271572113,0.5980197787284851,0.220820814371109
YPR125W,YGL029W,0,0.7138204,0.2148701548576355,0.5980197787284851,0.22092092037200928
YCR033W,YGR008C,0,0.7132187,0.21479374170303345,0.5980197787284851,0.22102102637290955
YMR087W,YNL306W,0,0.7131288,0.21471738815307617,0.5980197787284851,0.22112111747264862
YCL004W,YBL023C,0,0.7130999,0.21464107930660248,0.5980197787284851,0.2212212234735489
YOL018C,YDR079W,0,0.7130352,0.21456483006477356,0.5980197787284851,0.22132131457328796
YDR141C,YJL117W,0,0.7129931,0.21448864042758942,0.5980197787284851,0.22142142057418823
YCR067C,YDR392W,0,0.7129424,0.21441249549388885,0.5980197787284851,0.2215215265750885
YDL201W,YNR018W,0,0.71235555,0.21433641016483307,0.5980197787284851,0.22162161767482758
YKL008C,YDL239C,0,0.7121685,0.21426036953926086,0.5980197787284851,0.22172172367572784
YER133W,YKL090W,0,0.71185786,0.21418440341949463,0.5980197787284851,0.22182181477546692
YGL206C,YGR041W,0,0.7117558,0.21410846710205078,0.5980197787284851,0.2219219207763672
YER013W,YOR190W,0,0.7116646,0.2140326052904129,0.5980197787284851,0.22202202677726746
YIL035C,YLL008W,0,0.7115559,0.2139567881822586,0.5980197787284851,0.22212211787700653
YOR270C,YPL249C,0,0.7111285,0.2138810157775879,0.5980197787284851,0.2222222238779068
YJR006W,YER185W,0,0.71112806,0.21380530297756195,0.5980197787284851,0.22232231497764587
YLR139C,YAL017W,0,0.71075535,0.2137296497821808,0.5980197787284851,0.22242242097854614
YNL297C,YDL112W,0,0.7104273,0.2136540561914444,0.5980197787284851,0.2225225269794464
YBR203W,YDL074C,0,0.7103066,0.2135785073041916,0.5980197787284851,0.22262261807918549
YCL032W,YER090W,0,0.71019894,0.21350300312042236,0.5980197787284851,0.22272272408008575
YDR371W,YBR253W,0,0.71012205,0.2134275585412979,0.5980197787284851,0.22282283008098602
YHR165C,YOL102C,1,0.70995086,0.2137054055929184,0.5990098714828491,0.22282283008098602
YGR116W,YKR065C,0,0.7096458,0.21362994611263275,0.5990098714828491,0.2229229211807251
YOR257W,YDL201W,0,0.70953584,0.2135545313358307,0.5990098714828491,0.22302302718162537
YJL176C,YAR035W,0,0.70941824,0.2134791761636734,0.5990098714828491,0.22312311828136444
YGR172C,YBL103C,0,0.70940447,0.2134038805961609,0.5990098714828491,0.2232232242822647
YBL079W,YBL078C,0,0.70921797,0.21332862973213196,0.5990098714828491,0.22332333028316498
YOR084W,YNR045W,0,0.7090259,0.2132534384727478,0.5990098714828491,0.22342342138290405
YIL084C,YPR171W,0,0.708979,0.21317829191684723,0.5990098714828491,0.22352352738380432
YBL057C,YBR096W,0,0.7084009,0.21310320496559143,0.5990098714828491,0.2236236184835434
YLL011W,YDR014W,0,0.7081197,0.2130281627178192,0.5990098714828491,0.22372372448444366
YBL039C,YPL268W,0,0.7080962,0.21295318007469177,0.5990098714828491,0.22382383048534393
YNL207W,YGR184C,0,0.7076473,0.2128782570362091,0.5990098714828491,0.223923921585083
YER016W,YPL072W,0,0.7074495,0.21280337870121002,0.5990098714828491,0.22402402758598328
YBR247C,YMR224C,0,0.7073584,0.21272854506969452,0.5990098714828491,0.22412411868572235
YBR061C,YML116W,0,0.70734257,0.21265378594398499,0.5990098714828491,0.22422422468662262
YLR226W,YHR062C,0,0.70731074,0.21257905662059784,0.5990098714828491,0.2243243306875229
YLR368W,YOR007C,0,0.7068478,0.21250438690185547,0.5990098714828491,0.22442442178726196
YGL003C,YBR228W,0,0.7066954,0.21242977678775787,0.5990098714828491,0.22452452778816223
YNL049C,YKL008C,0,0.7066721,0.21235521137714386,0.5990098714828491,0.2246246188879013
YJL219W,YER008C,0,0.70662934,0.21228070557117462,0.5990098714828491,0.22472472488880157
YFL033C,YER078C,0,0.7065756,0.21220624446868896,0.5990098714828491,0.22482483088970184
YGR285C,YMR163C,0,0.70654136,0.21213184297084808,0.5990098714828491,0.22492492198944092
YNL095C,YCL008C,0,0.7065358,0.21205748617649078,0.5990098714828491,0.2250250279903412
YGL162W,YML006C,0,0.70644766,0.21198317408561707,0.5990098714828491,0.22512511909008026
YDR153C,YPL273W,0,0.70637,0.21190893650054932,0.5990098714828491,0.22522522509098053
YER051W,YDR419W,0,0.7051891,0.21183472871780396,0.5990098714828491,0.2253253310918808
YGL065C,YHR077C,0,0.70515436,0.21176059544086456,0.5990098714828491,0.22542542219161987
YER146W,YPL151C,1,0.70493966,0.2120363861322403,0.6000000238418579,0.22542542219161987
YJL044C,YGL211W,0,0.7041699,0.21196222305297852,0.6000000238418579,0.22552552819252014
YER166W,YLR205C,0,0.7038628,0.21188810467720032,0.6000000238418579,0.22562561929225922
YGR172C,YIR018W,0,0.7028524,0.2118140459060669,0.6000000238418579,0.22572572529315948
YOR148C,YGR013W,1,0.70285064,0.2120894491672516,0.6009901165962219,0.22572572529315948
YML036W,YLR117C,0,0.702726,0.21201537549495697,0.6009901165962219,0.22582583129405975
YDL108W,YDR252W,0,0.7026856,0.21194134652614594,0.6009901165962219,0.22592592239379883
YML029W,YOR175C,0,0.7022756,0.21186736226081848,0.6009901165962219,0.2260260283946991
YKL004W,YOR076C,0,0.7021104,0.2117934376001358,0.6009901165962219,0.22612611949443817
YIR005W,YFR005C,1,0.7019233,0.2120683640241623,0.6019802093505859,0.22612611949443817
YIL168W,YPL042C,0,0.70183796,0.21199442446231842,0.6019802093505859,0.22622622549533844
YBL074C,YOL070C,0,0.70162696,0.21192052960395813,0.6019802093505859,0.2263263314962387
YOR039W,YBL023C,0,0.7012237,0.21184669435024261,0.6019802093505859,0.22642642259597778
YOR212W,YGR251W,0,0.70098794,0.21177290380001068,0.6019802093505859,0.22652652859687805
YGL001C,YPR054W,0,0.70072377,0.21169915795326233,0.6019802093505859,0.22662661969661713
YGL220W,YOR036W,0,0.7006238,0.21162547171115875,0.6019802093505859,0.2267267256975174
YNL213C,YOR265W,0,0.70055294,0.21155184507369995,0.6019802093505859,0.22682683169841766
YGL160W,YCR034W,0,0.70045835,0.21147826313972473,0.6019802093505859,0.22692692279815674
YMR087W,YPR094W,1,0.7003816,0.21175242960453033,0.60297030210495,0.22692692279815674
YBR055C,YFR005C,1,0.7002196,0.2120264172554016,0.603960394859314,0.22692692279815674
YML012W,YNL032W,0,0.70008177,0.21195274591445923,0.603960394859314,0.227027028799057
YML034W,YJL014W,0,0.699404,0.21187911927700043,0.603960394859314,0.22712711989879608
YFR018C,YHR062C,0,0.6985313,0.2118055522441864,0.603960394859314,0.22722722589969635
YNL086W,YDR456W,0,0.69837147,0.21173204481601715,0.603960394859314,0.22732733190059662
YML093W,YCR093W,0,0.69766426,0.2116585671901703,0.603960394859314,0.2274274230003357
YOR084W,YGR167W,0,0.6975786,0.2115851491689682,0.603960394859314,0.22752752900123596
YLR368W,YDR414C,0,0.6975627,0.2115117907524109,0.603960394859314,0.22762763500213623
YJL108C,YBL042C,0,0.69736725,0.21143847703933716,0.603960394859314,0.2277277261018753
YNR010W,YBR097W,0,0.69736254,0.211365208029747,0.603960394859314,0.22782783210277557
YJL030W,YOL117W,0,0.69733816,0.21129199862480164,0.603960394859314,0.22792792320251465
YLR080W,YKR086W,0,0.6971706,0.21121883392333984,0.603960394859314,0.22802802920341492
YNL079C,YLR035C,0,0.6967608,0.21114572882652283,0.603960394859314,0.22812813520431519
YDR410C,YOR208W,0,0.6966409,0.2110726684331894,0.603960394859314,0.22822822630405426
YAL044C,YLL043W,0,0.69597715,0.21099965274333954,0.603960394859314,0.22832833230495453
YGR067C,YOL092W,0,0.69567645,0.21092669665813446,0.603960394859314,0.2284284234046936
YJR097W,YKR098C,0,0.69565326,0.21085378527641296,0.603960394859314,0.22852852940559387
YLL019C,YOR174W,0,0.6955859,0.21078093349933624,0.603960394859314,0.22862863540649414
YGL021W,YJL123C,0,0.69550055,0.2107081115245819,0.603960394859314,0.22872872650623322
YDL142C,YMR284W,0,0.6950234,0.21063536405563354,0.603960394859314,0.22882883250713348
YGL083W,YLR449W,0,0.69493157,0.21056264638900757,0.603960394859314,0.22892892360687256
YMR025W,YMR021C,0,0.69437134,0.21048998832702637,0.603960394859314,0.22902902960777283
YJL124C,YER153C,0,0.6940836,0.21041738986968994,0.603960394859314,0.2291291356086731
YJR155W,YNL268W,0,0.69406974,0.2103448212146759,0.603960394859314,0.22922922670841217
YOR149C,YDL061C,0,0.69385594,0.21027232706546783,0.603960394859314,0.22932933270931244
YGR143W,YDR534C,0,0.6935761,0.21019986271858215,0.603960394859314,0.2294294238090515
YJL087C,YLR116W,1,0.6935439,0.21047192811965942,0.604950487613678,0.2294294238090515
YER051W,YAR003W,0,0.69341534,0.21039944887161255,0.604950487613678,0.22952952980995178
YDL017W,YJL076W,0,0.6933486,0.21032702922821045,0.604950487613678,0.22962963581085205
YML069W,YHR011W,0,0.6933371,0.21025463938713074,0.604950487613678,0.22972972691059113
YBR235W,YEL029C,0,0.6931197,0.210182324051857,0.604950487613678,0.2298298329114914
YGR200C,YGR257C,0,0.6930447,0.21011003851890564,0.604950487613678,0.22992992401123047
YCR060W,YKL090W,0,0.69219726,0.21003781259059906,0.604950487613678,0.23003003001213074
YNL185C,YIL140W,0,0.6920956,0.20996563136577606,0.604950487613678,0.230130136013031
YMR283C,YJR091C,0,0.6920854,0.20989350974559784,0.604950487613678,0.23023022711277008
YER029C,YML046W,1,0.6918488,0.21016483008861542,0.605940580368042,0.23023022711277008
YMR273C,YIL139C,0,0.6918386,0.210092693567276,0.605940580368042,0.23033033311367035
YMR221C,YDR519W,0,0.69106776,0.21002058684825897,0.605940580368042,0.23043042421340942
YGR085C,YBR231C,0,0.6904909,0.20994853973388672,0.605940580368042,0.2305305302143097
YBR161W,YPL011C,0,0.68996483,0.20987653732299805,0.605940580368042,0.23063063621520996
YKL210W,YGL141W,0,0.6895651,0.20980459451675415,0.605940580368042,0.23073072731494904
YMR077C,YBR235W,0,0.68955797,0.20973269641399384,0.605940580368042,0.2308308333158493
YDL159W,YNR007C,0,0.6895347,0.2096608430147171,0.605940580368042,0.23093092441558838
YFR045W,YLR285W,0,0.6892529,0.20958903431892395,0.605940580368042,0.23103103041648865
YHR143W,YDR254W,0,0.6892011,0.20951728522777557,0.605940580368042,0.23113113641738892
YMR193W,YCR004C,0,0.6891636,0.20944558084011078,0.605940580368042,0.231231227517128
YER133W,YIL128W,0,0.6888651,0.20937393605709076,0.605940580368042,0.23133133351802826
YDR536W,YMR290C,0,0.68874615,0.20930232107639313,0.605940580368042,0.23143142461776733
YJL204C,YPR032W,0,0.68870825,0.20923076570034027,0.605940580368042,0.2315315306186676
YFR051C,YKL001C,0,0.68868977,0.209159255027771,0.605940580368042,0.23163163661956787
YJR112W,YIL138C,0,0.6883262,0.2090878039598465,0.605940580368042,0.23173172771930695
YLR446W,YLR262C,0,0.68829745,0.20901639759540558,0.605940580368042,0.23183183372020721
YPL012W,YHR105W,0,0.687769,0.20894503593444824,0.605940580368042,0.2319319248199463
YIL004C,YJL102W,0,0.68776363,0.2088737189769745,0.605940580368042,0.23203203082084656
YDR449C,YMR127C,0,0.68771505,0.2088024616241455,0.605940580368042,0.23213213682174683
YJR137C,YDR527W,0,0.6871309,0.20873123407363892,0.605940580368042,0.2322322279214859
YLR120C,YCR071C,0,0.68662095,0.2086600810289383,0.605940580368042,0.23233233392238617
YIL079C,YDR253C,0,0.68644494,0.20858895778656006,0.605940580368042,0.23243242502212524
YOR229W,YDR421W,0,0.6863357,0.2085178941488266,0.605940580368042,0.2325325310230255
YLR139C,YPR058W,0,0.6861103,0.20844686031341553,0.605940580368042,0.23263263702392578
YEL056W,YGR216C,0,0.68596727,0.20837590098381042,0.605940580368042,0.23273272812366486
YDR222W,YNL106C,0,0.6852419,0.2083049714565277,0.605940580368042,0.23283283412456512
YGR132C,YDR099W,0,0.68520653,0.20823408663272858,0.605940580368042,0.2329329401254654
YLR291C,YLR275W,0,0.6851352,0.20816326141357422,0.605940580368042,0.23303303122520447
YER089C,YFL004W,0,0.68506885,0.20809248089790344,0.605940580368042,0.23313313722610474
YBR002C,YNL021W,0,0.68494755,0.20802175998687744,0.605940580368042,0.2332332283258438
YJL053W,YLR174W,0,0.68486184,0.20795106887817383,0.605940580368042,0.23333333432674408
YDL142C,YMR083W,0,0.6848062,0.207880437374115,0.605940580368042,0.23343344032764435
YNL331C,YGR263C,0,0.6847977,0.20780985057353973,0.605940580368042,0.23353353142738342
YMR200W,YDL115C,0,0.68454,0.20773930847644806,0.605940580368042,0.2336336374282837
YGR009C,YJL194W,0,0.6842257,0.20766881108283997,0.605940580368042,0.23373372852802277
YLR350W,YLL022C,0,0.6839361,0.20759837329387665,0.605940580368042,0.23383383452892303
YPR118W,YJL073W,0,0.6837703,0.2075279802083969,0.605940580368042,0.2339339405298233
YOR386W,YKL049C,0,0.6836547,0.20745763182640076,0.605940580368042,0.23403403162956238
YNL307C,YML019W,0,0.68364733,0.20738732814788818,0.605940580368042,0.23413413763046265
YFL037W,YOR274W,0,0.6835889,0.2073170691728592,0.605940580368042,0.23423422873020172
YLR348C,YHL024W,0,0.6830173,0.20724686980247498,0.605940580368042,0.234334334731102
YPL083C,YFL017W-A,1,0.68275434,0.20751523971557617,0.606930673122406,0.234334334731102
YJR036C,YDL115C,0,0.6821926,0.20744501054286957,0.606930673122406,0.23443444073200226
YPL082C,YDR527W,0,0.6820591,0.20737482607364655,0.606930673122406,0.23453453183174133
YIL044C,YHR094C,0,0.6819015,0.2073047012090683,0.606930673122406,0.2346346378326416
YPL060W,YJL133W,1,0.6810765,0.20757268369197845,0.60792076587677,0.2346346378326416
YCR037C,YKR024C,0,0.6810237,0.20750252902507782,0.60792076587677,0.23473472893238068
YCL019W,YLR419W,0,0.68050605,0.20743243396282196,0.60792076587677,0.23483483493328094
YEL054C,YDR315C,0,0.68011296,0.20736238360404968,0.60792076587677,0.2349349409341812
YDR531W,YNL325C,0,0.68000877,0.2072923630475998,0.60792076587677,0.2350350320339203
YHR140W,YFR021W,0,0.6798297,0.20722241699695587,0.60792076587677,0.23513513803482056
YKL173W,YAL001C,0,0.6796827,0.20715250074863434,0.60792076587677,0.23523522913455963
YDR253C,YJL129C,0,0.67941326,0.2070826292037964,0.60792076587677,0.2353353351354599
YDL209C,YPR094W,1,0.6791806,0.2073499709367752,0.6089109182357788,0.2353353351354599
YDR081C,YOL142W,0,0.6787868,0.20728008449077606,0.6089109182357788,0.23543544113636017
YHL038C,YAR008W,1,0.6787843,0.2075471729040146,0.6099010109901428,0.23543544113636017
YLR424W,YBL074C,1,0.67857534,0.2078140825033188,0.6108911037445068,0.23543544113636017
YPR108W,YCR017C,0,0.6783744,0.20774410665035248,0.6108911037445068,0.23553553223609924
YDR411C,YER138C,0,0.677966,0.20767419040203094,0.6108911037445068,0.2356356382369995
YBR008C,YGL112C,0,0.67749256,0.2076043039560318,0.6108911037445068,0.2357357293367386
YDR356W,YBL085W,0,0.6774495,0.20753447711467743,0.6108911037445068,0.23583583533763885
YDR316W,YNL271C,0,0.67732745,0.20746469497680664,0.6108911037445068,0.23593594133853912
YNL146W,YKL061W,0,0.67726713,0.20739495754241943,0.6108911037445068,0.2360360324382782
YGR006W,YNL147W,1,0.6770343,0.20766128599643707,0.6118811964988708,0.2360360324382782
YDR194C,YMR059W,1,0.6767619,0.20792745053768158,0.6128712892532349,0.2360360324382782
YIL150C,YMR273C,0,0.67668253,0.2078576236963272,0.6128712892532349,0.23613613843917847
YLL061W,YGR284C,0,0.6764471,0.20778784155845642,0.6128712892532349,0.23623622953891754
YBL102W,YEL034W,0,0.6761624,0.2077181190252304,0.6128712892532349,0.2363363355398178
YBR261C,YDR052C,0,0.6761301,0.20764844119548798,0.6128712892532349,0.23643644154071808
YHR061C,YNL292W,0,0.6760288,0.20757880806922913,0.6128712892532349,0.23653653264045715
YOR351C,YKL049C,0,0.67600924,0.20750921964645386,0.6128712892532349,0.23663663864135742
YPL167C,YDL008W,0,0.6759534,0.20743967592716217,0.6128712892532349,0.2367367297410965
YLR040C,YGR200C,0,0.67579705,0.20737017691135406,0.6128712892532349,0.23683683574199677
YGR289C,YER087W,0,0.6757806,0.20730073750019073,0.6128712892532349,0.23693694174289703
YOR344C,YPL174C,0,0.67544794,0.207231342792511,0.6128712892532349,0.2370370328426361
YPL190C,YNL210W,0,0.6748628,0.20716197788715363,0.6128712892532349,0.23713713884353638
YAL042W,YGL150C,0,0.6747941,0.20709267258644104,0.6128712892532349,0.23723722994327545
YKL130C,YPL108W,0,0.67470187,0.20702341198921204,0.6128712892532349,0.23733733594417572
YDL138W,YOR115C,0,0.6746363,0.2069541960954666,0.6128712892532349,0.237437441945076
YML087C,YPR112C,0,0.6746183,0.20688502490520477,0.6128712892532349,0.23753753304481506
YIL061C,YHL038C,1,0.6745935,0.20715001225471497,0.6138613820075989,0.23753753304481506
YNL256W,YOR292C,0,0.67452633,0.20708082616329193,0.6138613820075989,0.23763763904571533
YCR068W,YHR074W,0,0.67450637,0.20701168477535248,0.6138613820075989,0.2377377450466156
YFR052W,YIL020C,0,0.6744974,0.2069425880908966,0.6138613820075989,0.23783783614635468
YNL049C,YOL124C,0,0.6735936,0.20687353610992432,0.6138613820075989,0.23793794214725494
YJR144W,YAL031C,0,0.67349595,0.2068045437335968,0.6138613820075989,0.23803803324699402
YBR198C,YGL094C,0,0.6730514,0.20673558115959167,0.6138613820075989,0.2381381392478943
YML036W,YMR288W,0,0.6730285,0.20666666328907013,0.6138613820075989,0.23823824524879456
YLR105C,YKL220C,0,0.6726325,0.20659780502319336,0.6138613820075989,0.23833833634853363
YIL127C,YIL050W,0,0.6724784,0.20652897655963898,0.6138613820075989,0.2384384423494339
YNL110C,YJR060W,0,0.6721729,0.20646020770072937,0.6138613820075989,0.23853853344917297
YBR065C,YER013W,1,0.67216605,0.2067243605852127,0.6148514747619629,0.23853853344917297
YNL297C,YNL189W,0,0.67192847,0.2066555768251419,0.6148514747619629,0.23863863945007324
YGR049W,YGR091W,0,0.67167264,0.2065868228673935,0.6148514747619629,0.2387387454509735
YPL064C,YDR364C,1,0.6716624,0.20685067772865295,0.6158415675163269,0.2387387454509735
YBR019C,YGL039W,0,0.6712211,0.20678190886974335,0.6158415675163269,0.23883883655071259
YBR061C,YOR008C,0,0.67115253,0.20671319961547852,0.6158415675163269,0.23893894255161285
YOR243C,YMR013C,0,0.6709531,0.20664452016353607,0.6158415675163269,0.23903903365135193
YOR124C,YJL074C,0,0.67089325,0.2065758854150772,0.6158415675163269,0.2391391396522522
YPL259C,YNL268W,0,0.67069584,0.20650731027126312,0.6158415675163269,0.23923924565315247
YDR233C,YGR112W,0,0.67059,0.20643876492977142,0.6158415675163269,0.23933933675289154
YML040W,YDL137W,0,0.67052597,0.2063702791929245,0.6158415675163269,0.2394394427537918
YER110C,YHR031C,0,0.6703196,0.20630182325839996,0.6158415675163269,0.23953953385353088
YIL131C,YLR376C,0,0.67009866,0.2062334269285202,0.6158415675163269,0.23963963985443115
YMR165C,YIL094C,0,0.6699082,0.20616506040096283,0.6158415675163269,0.23973974585533142
YDR126W,YOR257W,0,0.6698619,0.20609675347805023,0.6158415675163269,0.2398398369550705
YHR064C,YDR478W,0,0.66978186,0.20602849125862122,0.6158415675163269,0.23993994295597076
YDL010W,YKL046C,0,0.66975194,0.2059602588415146,0.6158415675163269,0.24004003405570984
YGR185C,YER020W,0,0.6696944,0.20589208602905273,0.6158415675163269,0.2401401400566101
YBL026W,YDL030W,1,0.6692434,0.20615486800670624,0.6168316602706909,0.2401401400566101
YDR376W,YGR231C,0,0.6687464,0.206086665391922,0.6168316602706909,0.24024024605751038
YIL074C,YPL011C,0,0.668544,0.20601852238178253,0.6168316602706909,0.24034033715724945
YBR058C,YIL082W-A,0,0.66843,0.20595040917396545,0.6168316602706909,0.24044044315814972
YKL184W,YMR067C,0,0.6676982,0.20588235557079315,0.6168316602706909,0.2405405342578888
YBR167C,YOR246C,0,0.6676232,0.20581433176994324,0.6168316602706909,0.24064064025878906
YBR203W,YOR274W,0,0.667039,0.2057463675737381,0.6168316602706909,0.24074074625968933
YIL080W,YLR357W,0,0.6662602,0.20567844808101654,0.6168316602706909,0.2408408373594284
YGL172W,YHL038C,1,0.66581416,0.2059405893087387,0.6178217530250549,0.2408408373594284
YKL061W,YPR185W,0,0.66501313,0.20587265491485596,0.6178217530250549,0.24094094336032867
YOR329C,YEL038W,0,0.6646201,0.2058047503232956,0.6178217530250549,0.24104103446006775
YPR134W,YLR203C,1,0.6643769,0.20606659352779388,0.6188119053840637,0.24104103446006775
YNR069C,YNR015W,0,0.66399544,0.20599868893623352,0.6188119053840637,0.24114114046096802
YDR378C,YBR152W,1,0.6638388,0.2062602937221527,0.6198019981384277,0.24114114046096802
YGR123C,YOL049W,0,0.6638221,0.20619235932826996,0.6198019981384277,0.2412412464618683
YNL085W,YLR414C,0,0.6634749,0.2061244696378708,0.6198019981384277,0.24134133756160736
YLR298C,YML029W,1,0.66325504,0.2063857764005661,0.6207920908927917,0.24134133756160736
YKR090W,YDR239C,0,0.66309744,0.20631787180900574,0.6207920908927917,0.24144144356250763
YDR420W,YCL014W,0,0.6630565,0.20624999701976776,0.6207920908927917,0.2415415346622467
YBR098W,YDR497C,0,0.66298836,0.20618218183517456,0.6207920908927917,0.24164164066314697
YJR033C,YJL073W,0,0.6624663,0.20611439645290375,0.6207920908927917,0.24174174666404724
YER119C,YOL094C,0,0.66197866,0.2060466706752777,0.6207920908927917,0.24184183776378632
YKR061W,YDR097C,0,0.66168725,0.20597897469997406,0.6207920908927917,0.24194194376468658
YBL061C,YBR243C,0,0.6615737,0.205911323428154,0.6207920908927917,0.24204203486442566
YMR080C,YDR270W,0,0.661371,0.2058437317609787,0.6207920908927917,0.24214214086532593
YER111C,YIL010W,0,0.66127664,0.2057761698961258,0.6207920908927917,0.2422422468662262
YOL155C,YJR133W,0,0.6612263,0.20570866763591766,0.6207920908927917,0.24234233796596527
YOL105C,YDR144C,0,0.6612067,0.20564119517803192,0.6207920908927917,0.24244244396686554
YGR067C,YML062C,0,0.66120154,0.20557376742362976,0.6207920908927917,0.2425425499677658
YOR327C,YBR264C,0,0.66055965,0.20550638437271118,0.6207920908927917,0.24264264106750488
YML113W,YDL015C,0,0.66053766,0.20543906092643738,0.6207920908927917,0.24274274706840515
YNL210W,YMR268C,1,0.6599945,0.20569930970668793,0.6217821836471558,0.24274274706840515
YKR009C,YDL008W,0,0.6599206,0.20563195645809174,0.6217821836471558,0.24284283816814423
YNL072W,YKL189W,0,0.65961236,0.20556464791297913,0.6217821836471558,0.2429429441690445
YML037C,YER157W,0,0.659519,0.2054973840713501,0.6217821836471558,0.24304305016994476
YJL063C,YHR178W,0,0.65949315,0.20543016493320465,0.6217821836471558,0.24314314126968384
YJR036C,YIL042C,0,0.65936023,0.2053629755973816,0.6217821836471558,0.2432432472705841
YDR416W,YNL210W,1,0.65899247,0.20562274754047394,0.6227722764015198,0.2432432472705841
YGL191W,YKL022C,0,0.65879464,0.20555555820465088,0.6227722764015198,0.24334333837032318
YER168C,YGR020C,0,0.6583058,0.2054883986711502,0.6227722764015198,0.24344344437122345
YGL128C,YOR334W,1,0.6581002,0.20574787259101868,0.6237623691558838,0.24344344437122345
YLR105C,YML097C,0,0.65787184,0.2056806981563568,0.6237623691558838,0.24354355037212372
YDR141C,YFR007W,0,0.6578411,0.20561358332633972,0.6237623691558838,0.2436436414718628
YFR019W,YKR081C,0,0.6576449,0.20554649829864502,0.6237623691558838,0.24374374747276306
YKL222C,YFL066C,0,0.6576143,0.2054794579744339,0.6237623691558838,0.24384383857250214
YER110C,YER130C,0,0.6573385,0.20541246235370636,0.6237623691558838,0.2439439445734024
YLR383W,YBR161W,0,0.65723723,0.2053454965353012,0.6237623691558838,0.24404405057430267
YML126C,YNL091W,0,0.65697366,0.20527859032154083,0.6237623691558838,0.24414414167404175
YLR433C,YKL211C,0,0.6567756,0.20521172881126404,0.6237623691558838,0.24424424767494202
YPL123C,YOR148C,0,0.6566252,0.20514489710330963,0.6237623691558838,0.2443443387746811
YDR162C,YJR021C,0,0.6565508,0.205078125,0.6237623691558838,0.24444444477558136
YLR070C,YPL252C,0,0.6563615,0.20501138269901276,0.6237623691558838,0.24454455077648163
YOR386W,YGL162W,0,0.6561007,0.2049447000026703,0.6237623691558838,0.2446446418762207
YGR284C,YDR031W,0,0.6560648,0.2048780471086502,0.6237623691558838,0.24474474787712097
YDL210W,YPL213W,0,0.65580845,0.2048114389181137,0.6237623691558838,0.24484483897686005
YKL120W,YJR078W,0,0.6554284,0.2047448754310608,0.6237623691558838,0.24494494497776031
YML049C,YPL226W,0,0.65515935,0.20467835664749146,0.6237623691558838,0.24504505097866058
YPR183W,YDR322W,0,0.6541072,0.2046118825674057,0.6237623691558838,0.24514514207839966
YNR063W,YKL154W,0,0.65409493,0.20454545319080353,0.6237623691558838,0.24524524807929993
YDL108W,YDL035C,0,0.6538902,0.20447906851768494,0.6237623691558838,0.245345339179039
YML109W,YGR133W,0,0.653288,0.20441271364688873,0.6237623691558838,0.24544544517993927
YLR139C,YBR291C,0,0.65325403,0.2043464183807373,0.6237623691558838,0.24554555118083954
YMR086W,YDR195W,0,0.6524322,0.20428015291690826,0.6237623691558838,0.2456456422805786
YDR416W,YJL087C,1,0.6523739,0.20453809201717377,0.6247524619102478,0.2456456422805786
YDR044W,YBR083W,0,0.6523593,0.20447181165218353,0.6247524619102478,0.24574574828147888
YDR103W,YDR146C,0,0.65215254,0.20440557599067688,0.6247524619102478,0.24584583938121796
YML008C,YKL022C,0,0.6511098,0.2043393850326538,0.6247524619102478,0.24594594538211823
YNL072W,YML052W,0,0.6510467,0.20427322387695312,0.6247524619102478,0.2460460513830185
YOR321W,YMR109W,0,0.6509725,0.20420712232589722,0.6247524619102478,0.24614614248275757
YHL013C,YMR154C,0,0.6504243,0.2041410505771637,0.6247524619102478,0.24624624848365784
YDR378C,YJR086W,0,0.6500787,0.20407503843307495,0.6247524619102478,0.2463463395833969
YDR001C,YIL085C,0,0.65001833,0.2040090560913086,0.6247524619102478,0.24644644558429718
YDL019C,YPL208W,0,0.6497262,0.20394311845302582,0.6247524619102478,0.24654655158519745
YFL047W,YOL119C,0,0.6495702,0.20387722551822662,0.6247524619102478,0.24664664268493652
YGR284C,YOR025W,0,0.64934593,0.20381136238574982,0.6247524619102478,0.2467467486858368
YBR297W,YKL001C,0,0.6492986,0.20374555885791779,0.6247524619102478,0.24684683978557587
YDR017C,YOR057W,0,0.6492876,0.20367980003356934,0.6247524619102478,0.24694694578647614
YGL086W,YGR108W,0,0.6491896,0.20361407101154327,0.6247524619102478,0.2470470517873764
YPR019W,YOL072W,0,0.64879745,0.2035483866930008,0.6247524619102478,0.24714714288711548
YOL088C,YDR131C,0,0.64877206,0.2034827470779419,0.6247524619102478,0.24724724888801575
YGR143W,YOL090W,0,0.6487653,0.20341715216636658,0.6247524619102478,0.24734733998775482
YDR411C,YJL121C,0,0.6486382,0.20335160195827484,0.6247524619102478,0.2474474459886551
YGR041W,YPL273W,0,0.64830226,0.2032860815525055,0.6247524619102478,0.24754755198955536
YNL227C,YDR425W,0,0.648238,0.20322060585021973,0.6247524619102478,0.24764764308929443
YOR054C,YGR047C,0,0.64799,0.20315518975257874,0.6247524619102478,0.2477477490901947
YIR017C,YDR167W,0,0.64776635,0.20308980345726013,0.6247524619102478,0.24784785509109497
YKL209C,YDR331W,0,0.6464071,0.20302444696426392,0.6247524619102478,0.24794794619083405
YJR013W,YLR364W,0,0.64632696,0.20295915007591248,0.6247524619102478,0.24804805219173431
YNR054C,YOR123C,0,0.6462655,0.20289389789104462,0.6247524619102478,0.2481481432914734
YLR005W,YKL055C,0,0.6462191,0.20282867550849915,0.6247524619102478,0.24824824929237366
YBR050C,YDR454C,0,0.6460673,0.20276349782943726,0.6247524619102478,0.24834835529327393
YFL039C,YDL075W,0,0.64590883,0.20269836485385895,0.6247524619102478,0.248448446393013
YLL027W,YER161C,0,0.6458989,0.20263326168060303,0.6247524619102478,0.24854855239391327
YBR275C,YCR002C,0,0.6456713,0.20256821811199188,0.6247524619102478,0.24864864349365234
YKR008W,YNR061C,0,0.64558065,0.20250320434570312,0.6247524619102478,0.2487487494945526
YKL117W,YER098W,0,0.6453958,0.20243823528289795,0.6247524619102478,0.24884885549545288
YCR052W,YIL177C,0,0.6452305,0.20237331092357635,0.6247524619102478,0.24894894659519196
YNL207W,YNL225C,0,0.64503574,0.20230843126773834,0.6247524619102478,0.24904905259609222
YMR049C,YCL027W,0,0.6447182,0.2022435963153839,0.6247524619102478,0.2491491436958313
YNL286W,YMR087W,1,0.64441055,0.20249919593334198,0.6257425546646118,0.2491491436958313
YLL010C,YPL236C,0,0.6443445,0.20243433117866516,0.6257425546646118,0.24924924969673157
YGL216W,YPL143W,0,0.6443355,0.20236951112747192,0.6257425546646118,0.24934935569763184
YIL061C,YCR063W,1,0.64433473,0.2026248425245285,0.6267326474189758,0.24934935569763184
YDR378C,YGR013W,1,0.64366513,0.20287999510765076,0.6277227997779846,0.24934935569763184
YLR209C,YMR106C,0,0.6434493,0.20281510055065155,0.6277227997779846,0.2494494467973709
YNL095C,YLR262C,0,0.64318055,0.20275023579597473,0.6277227997779846,0.24954955279827118
YHL044W,YNL158W,0,0.6431553,0.2026854157447815,0.6277227997779846,0.24964964389801025
YCL052C,YBL006C,0,0.64314646,0.20262064039707184,0.6277227997779846,0.24974974989891052
YJR129C,YHR167W,0,0.64300793,0.20255590975284576,0.6277227997779846,0.2498498558998108
YLR459W,YMR033W,0,0.6428755,0.20249122381210327,0.6277227997779846,0.24994994699954987
YIL049W,YGL226C-A,0,0.64278406,0.20242656767368317,0.6277227997779846,0.25005003809928894
YKR003W,YIL142W,0,0.6423723,0.20236195623874664,0.6277227997779846,0.2501501441001892
YJL104W,YGR155W,0,0.6423044,0.2022973895072937,0.6277227997779846,0.2502502501010895
YPL220W,YML042W,0,0.64219767,0.20223285257816315,0.6277227997779846,0.25035035610198975
YPL113C,YJR028W,0,0.6416843,0.20216836035251617,0.6277227997779846,0.25045046210289
YGR277C,YPL150W,0,0.64130694,0.20210392773151398,0.6277227997779846,0.2505505383014679
YJL076W,YOR303W,0,0.6398089,0.20203951001167297,0.6277227997779846,0.25065064430236816
YNL131W,YDR014W,0,0.6391105,0.20197515189647675,0.6277227997779846,0.25075075030326843
YMR311C,YKL090W,0,0.6383451,0.2019108235836029,0.6277227997779846,0.2508508563041687
YDL080C,YGR229C,0,0.63770163,0.20184653997421265,0.6277227997779846,0.25095096230506897
YMR257C,YLR176C,0,0.63765335,0.20178230106830597,0.6277227997779846,0.25105103850364685
YOR291W,YDR314C,0,0.6375579,0.20171810686588287,0.6277227997779846,0.2511511445045471
YNL314W,YDL008W,0,0.6374374,0.20165394246578217,0.6277227997779846,0.2512512505054474
YHL040C,YLR148W,0,0.6373543,0.20158982276916504,0.6277227997779846,0.25135135650634766
YNL008C,YLR005W,0,0.63723785,0.2015257477760315,0.6277227997779846,0.2514514625072479
YOR094W,YGR156W,0,0.6371481,0.20146170258522034,0.6277227997779846,0.2515515387058258
YNL289W,YIR025W,0,0.6369206,0.20139771699905396,0.6277227997779846,0.2516516447067261
YAR008W,YBL076C,0,0.63687605,0.20133376121520996,0.6277227997779846,0.25175175070762634
YLR014C,YOR381W,0,0.63642114,0.20126983523368835,0.6277227997779846,0.2518518567085266
YDR476C,YCR057C,0,0.63633215,0.20120596885681152,0.6277227997779846,0.2519519627094269
YDR088C,YGR271C-A,0,0.6363007,0.20114213228225708,0.6277227997779846,0.25205203890800476
YEL053C,YJL087C,0,0.6361027,0.20107834041118622,0.6277227997779846,0.25215214490890503
YHL038C,YOR159C,1,0.6354793,0.20133164525032043,0.6287128925323486,0.25215214490890503
YLR015W,YPL037C,0,0.63505274,0.20126782357692719,0.6287128925323486,0.2522522509098053
YHR003C,YPR187W,0,0.6349879,0.2012040615081787,0.6287128925323486,0.25235235691070557
YBR227C,YER184C,0,0.63488764,0.20114032924175262,0.6287128925323486,0.25245246291160583
YHR058C,YDL059C,0,0.6345622,0.20107662677764893,0.6287128925323486,0.2525525391101837
YIR021W,YIR022W,0,0.63435084,0.20101298391819,0.6287128925323486,0.252652645111084
YKR039W,YDL007W,0,0.6343281,0.20094937086105347,0.6287128925323486,0.25275275111198425
YOL013C,YML015C,0,0.63387483,0.2008858025074005,0.6287128925323486,0.2528528571128845
YFL003C,YLL034C,0,0.63378984,0.20082226395606995,0.6287128925323486,0.2529529631137848
YDR208W,YPL074W,0,0.6334004,0.20075877010822296,0.6287128925323486,0.25305303931236267
YNR004W,YLR453C,0,0.6329525,0.20069532096385956,0.6287128925323486,0.25315314531326294
YDL010W,YKR036C,0,0.63269776,0.20063191652297974,0.6287128925323486,0.2532532513141632
YKL095W,YDR240C,1,0.63263184,0.2008844017982483,0.6297029852867126,0.2532532513141632
YDR243C,YBR022W,1,0.63255024,0.2011367231607437,0.6306930780410767,0.2532532513141632
YJL029C,YOL065C,0,0.63226557,0.20107322931289673,0.6306930780410767,0.2533533573150635
YGL004C,YIL020C,0,0.63216794,0.20100978016853333,0.6306930780410767,0.25345346331596375
YOR138C,YGR285C,0,0.6321457,0.2009463757276535,0.6306930780410767,0.2535535395145416
YAL041W,YNL090W,0,0.6316854,0.20088300108909607,0.6306930780410767,0.2536536455154419
YGL173C,YLR242C,0,0.6310714,0.20081967115402222,0.6306930780410767,0.25375375151634216
YHR029C,YFL008W,0,0.6307705,0.20075638592243195,0.6306930780410767,0.25385385751724243
YGL003C,YML022W,0,0.6304572,0.20069313049316406,0.6306930780410767,0.2539539635181427
YFL053W,YOL125W,0,0.63022906,0.20062991976737976,0.6306930780410767,0.2540540397167206
YCR079W,YMR154C,0,0.6299766,0.20056675374507904,0.6306930780410767,0.25415414571762085
YIL044C,YDR402C,0,0.6299344,0.2005036175251007,0.6306930780410767,0.2542542517185211
YFR029W,YHR156C,0,0.62971383,0.20044052600860596,0.6306930780410767,0.2543543577194214
YKR024C,YER151C,0,0.62904155,0.2003774791955948,0.6306930780410767,0.25445446372032166
YER046W,YJL091C,0,0.62901926,0.200314462184906,0.6306930780410767,0.25455453991889954
YGL163C,YGL166W,0,0.6290145,0.2002514898777008,0.6306930780410767,0.2546546459197998
YIR012W,YDR147W,0,0.6286303,0.2001885622739792,0.6306930780410767,0.2547547519207001
YLR318W,YBR202W,0,0.62836534,0.20012566447257996,0.6306930780410767,0.25485485792160034
YGR106C,YGR188C,0,0.62751067,0.2000628113746643,0.6306930780410767,0.2549549639225006
YLR318W,YNR026C,0,0.6269301,0.20000000298023224,0.6306930780410767,0.2550550699234009
YGL172W,YPR094W,1,0.62677103,0.20025110244750977,0.6316831707954407,0.2550550699234009
YOR171C,YIR037W,0,0.6266044,0.2001882642507553,0.6316831707954407,0.25515514612197876
YER146W,YMR268C,1,0.6262389,0.20043914020061493,0.6326732635498047,0.25515514612197876
YGL249W,YGR220C,0,0.6255714,0.20037628710269928,0.6326732635498047,0.25525525212287903
YOR216C,YDL029W,0,0.6253945,0.2003134787082672,0.6326732635498047,0.2553553581237793
YJL184W,YJR101W,0,0.62515694,0.20025070011615753,0.6326732635498047,0.25545546412467957
YMR058W,YDR059C,0,0.6251028,0.20018796622753143,0.6326732635498047,0.25555557012557983
YCR027C,YPR152C,0,0.62499577,0.20012527704238892,0.6326732635498047,0.2556556463241577
YER042W,YJL102W,0,0.6247603,0.2000626176595688,0.6326732635498047,0.255755752325058
YLR117C,YNL210W,1,0.6247557,0.20031298696994781,0.6336633563041687,0.255755752325058
YJL156C,YOR321W,0,0.6247297,0.2002503126859665,0.6336633563041687,0.25585585832595825
YOR265W,YDR229W,0,0.624512,0.20018768310546875,0.6336633563041687,0.2559559643268585
YHR206W,YDR142C,0,0.6244133,0.2001250833272934,0.6336633563041687,0.2560560703277588
YDR076W,YMR044W,0,0.62429637,0.20006251335144043,0.6336633563041687,0.25615614652633667
YPR024W,YGR091W,0,0.6242836,0.20000000298023224,0.6336633563041687,0.25625625252723694
YHR069C,YJL006C,0,0.62416697,0.19993752241134644,0.6336633563041687,0.2563563585281372
YDR483W,YER137C,0,0.62392825,0.19987507164478302,0.6336633563041687,0.2564564645290375
YNL186W,YGR116W,0,0.62389976,0.19981268048286438,0.6336633563041687,0.25655657052993774
YMR134W,YNR006W,0,0.62354976,0.19975031912326813,0.6336633563041687,0.2566566467285156
YDR376W,YIL128W,0,0.6232329,0.19968798756599426,0.6336633563041687,0.2567567527294159
YAR003W,YNL245C,0,0.6227281,0.19962570071220398,0.6336633563041687,0.25685685873031616
YLL027W,YDR211W,0,0.62272674,0.19956345856189728,0.6336633563041687,0.25695696473121643
YJR064W,YDR512C,0,0.62269,0.19950124621391296,0.6336633563041687,0.2570570707321167
YGR140W,YDR013W,0,0.62245417,0.19943907856941223,0.6336633563041687,0.2571571469306946
YER061C,YOR292C,0,0.6221495,0.1993769407272339,0.6336633563041687,0.25725725293159485
YDR388W,YNL281W,0,0.62193185,0.19931486248970032,0.6336633563041687,0.2573573589324951
YJL081C,YKL160W,0,0.6212397,0.19925279915332794,0.6336633563041687,0.2574574649333954
YGR036C,YPL051W,0,0.62096876,0.19919078052043915,0.6336633563041687,0.25755757093429565
YJL053W,YLR148W,0,0.6207579,0.19912880659103394,0.6336633563041687,0.25765764713287354
YNL086W,YJR066W,0,0.620593,0.1990668773651123,0.6336633563041687,0.2577577531337738
YHR017W,YDR219C,0,0.62023026,0.19900497794151306,0.6336633563041687,0.2578578591346741
YOL136C,YMR164C,0,0.6197908,0.1989431083202362,0.6336633563041687,0.25795796513557434
YPL151C,YPL084W,0,0.6193219,0.19888129830360413,0.6336633563041687,0.2580580711364746
YKL078W,YGR221C,0,0.61928743,0.19881950318813324,0.6336633563041687,0.2581581473350525
YKL195W,YDR052C,0,0.6189708,0.19875776767730713,0.6336633563041687,0.25825825333595276
YML104C,YMR042W,0,0.61890614,0.1986960619688034,0.6336633563041687,0.258358359336853
YDL007W,YPL269W,0,0.61831677,0.19863438606262207,0.6336633563041687,0.2584584653377533
YOL068C,YGR223C,0,0.6182322,0.19857275485992432,0.6336633563041687,0.25855857133865356
YLL009C,YNL007C,0,0.61779624,0.19851116836071014,0.6336633563041687,0.25865864753723145
YOL038W,YDL226C,0,0.61779433,0.19844961166381836,0.6336633563041687,0.2587587535381317
YBR228W,YDL179W,0,0.61774606,0.19838809967041016,0.6336633563041687,0.258858859539032
YDR529C,YCL057C-A,0,0.61758274,0.19832661747932434,0.6336633563041687,0.25895896553993225
YOR046C,YHR099W,0,0.61754763,0.1982651799917221,0.6336633563041687,0.2590590715408325
YPL157W,YHL016C,0,0.6171287,0.19820377230644226,0.6336633563041687,0.2591591477394104
YDR043C,YGL172W,0,0.6170456,0.198142409324646,0.6336633563041687,0.25925925374031067
YDR362C,YML085C,0,0.616468,0.1980810910463333,0.6336633563041687,0.25935935974121094
YHL027W,YMR088C,0,0.61634856,0.19801980257034302,0.6336633563041687,0.2594594657421112
YER185W,YAL001C,0,0.616138,0.1979585587978363,0.6336633563041687,0.2595595717430115
YDL020C,YDR097C,0,0.61604154,0.19789734482765198,0.6336633563041687,0.25965964794158936
YNR011C,YMR240C,1,0.61555773,0.1981452852487564,0.6346534490585327,0.25965964794158936
YJL213W,YIL091C,0,0.6150733,0.1980840563774109,0.6346534490585327,0.2597597539424896
YGL021W,YOR180C,0,0.61499053,0.19802285730838776,0.6346534490585327,0.2598598599433899
YDR389W,YBL050W,0,0.61483043,0.1979617029428482,0.6346534490585327,0.25995996594429016
YBR119W,YPL213W,1,0.614332,0.19820933043956757,0.6356435418128967,0.25995996594429016
YGL135W,YER185W,0,0.61384225,0.19814814627170563,0.6356435418128967,0.26006007194519043
YCL066W,YPR048W,0,0.61365896,0.19808700680732727,0.6356435418128967,0.2601601481437683
YDR036C,YGL166W,0,0.61331356,0.1980259120464325,0.6356435418128967,0.2602602541446686
YDR495C,YPR058W,0,0.61276984,0.1979648470878601,0.6356435418128967,0.26036036014556885
YJL053W,YGR001C,0,0.6125458,0.1979038268327713,0.6356435418128967,0.2604604661464691
YJL019W,YDL127W,0,0.6113516,0.19784283638000488,0.6356435418128967,0.2605605721473694
YNL192W,YDL101C,0,0.611345,0.19778189063072205,0.6356435418128967,0.26066064834594727
YOL067C,YMR182C,0,0.6109811,0.1977209746837616,0.6356435418128967,0.26076075434684753
YBR231C,YLR233C,0,0.61059827,0.19766010344028473,0.6356435418128967,0.2608608603477478
YJL170C,YDL029W,0,0.6104942,0.19759926199913025,0.6356435418128967,0.26096096634864807
YFL033C,YDR172W,0,0.6099009,0.19753846526145935,0.6356435418128967,0.26106107234954834
YHL016C,YPL027W,0,0.6090771,0.19747769832611084,0.6356435418128967,0.2611611485481262
YDL188C,YDR240C,0,0.6084301,0.1974169760942459,0.6356435418128967,0.2612612545490265
YHR092C,YDR448W,0,0.6083272,0.19735628366470337,0.6356435418128967,0.26136136054992676
YNL286W,YNR032C-A,1,0.608254,0.19760295748710632,0.6366336345672607,0.26136136054992676
YBL076C,YHL027W,0,0.60822386,0.1975422352552414,0.6366336345672607,0.261461466550827
YMR067C,YLR050C,0,0.6082065,0.19748157262802124,0.6366336345672607,0.2615615725517273
YDL147W,YNL014W,0,0.6082,0.19742093980312347,0.6366336345672607,0.2616616487503052
YNL166C,YGL099W,0,0.6080158,0.1973603367805481,0.6366336345672607,0.26176175475120544
YER006W,YNL139C,0,0.6074401,0.1972997784614563,0.6366336345672607,0.2618618607521057
YBR065C,YJL133W,1,0.60689646,0.19754600524902344,0.6376237869262695,0.2618618607521057
YPL059W,YGR087C,0,0.60605216,0.19748543202877045,0.6376237869262695,0.261961966753006
YDR362C,YLR405W,0,0.60591716,0.19742488861083984,0.6376237869262695,0.26206207275390625
YPL060W,YNL210W,1,0.6058703,0.1976708620786667,0.6386138796806335,0.26206207275390625
YIL023C,YOR206W,0,0.6057378,0.1976102888584137,0.6386138796806335,0.26216214895248413
YNL331C,YGR216C,0,0.60558116,0.19754977524280548,0.6386138796806335,0.2622622549533844
YAR018C,YGR247W,0,0.60556316,0.19748927652835846,0.6386138796806335,0.26236236095428467
YJR028W,YMR043W,0,0.6053212,0.1974288374185562,0.6386138796806335,0.26246246695518494
YDL142C,YBR061C,0,0.60431194,0.19736842811107635,0.6386138796806335,0.2625625729560852
YNL210W,YDR364C,1,0.6040923,0.19761395454406738,0.6396039724349976,0.2625625729560852
YOR180C,YOR198C,0,0.6040341,0.19755351543426514,0.6396039724349976,0.2626626491546631
YDR088C,YLR323C,1,0.60379964,0.19779883325099945,0.6405940651893616,0.2626626491546631
YMR213W,YML046W,1,0.60341924,0.19804401695728302,0.6415841579437256,0.2626626491546631
YFR021W,YER137C,0,0.6029051,0.1979835033416748,0.6415841579437256,0.26276275515556335
YNL169C,YKR025W,0,0.6023021,0.19792303442955017,0.6415841579437256,0.2628628611564636
YPR063C,YBL100W-A,0,0.60208005,0.19786259531974792,0.6415841579437256,0.2629629671573639
YPL244C,YGL037C,0,0.60206676,0.19780220091342926,0.6415841579437256,0.26306307315826416
YOL086C,YER150W,0,0.60139596,0.19774183630943298,0.6415841579437256,0.26316314935684204
YHL038C,YMR288W,1,0.60137707,0.19798657298088074,0.6425742506980896,0.26316314935684204
YFL017W-A,YIL039W,0,0.6013064,0.19792619347572327,0.6425742506980896,0.2632632553577423
YHR057C,YDR316W,0,0.60129124,0.19786585867404938,0.6425742506980896,0.2633633613586426
YLR003C,YER020W,0,0.6012333,0.19780555367469788,0.6425742506980896,0.26346346735954285
YDL210W,YLR357W,0,0.601099,0.19774527847766876,0.6425742506980896,0.2635635733604431
YMR067C,YNL275W,0,0.60106564,0.19768504798412323,0.6425742506980896,0.263663649559021
YPL178W,YMR240C,1,0.5999623,0.19792935252189636,0.6435643434524536,0.263663649559021
YMR058W,YIR009W,0,0.59986687,0.19786910712718964,0.6435643434524536,0.26376375555992126
YIR002C,YER001W,0,0.59979314,0.1978088915348053,0.6435643434524536,0.26386386156082153
YDL166C,YLL062C,0,0.59922415,0.19774870574474335,0.6435643434524536,0.2639639675617218
YNL212W,YOR201C,0,0.599024,0.19768856465816498,0.6435643434524536,0.26406407356262207
YIL049W,YJR139C,0,0.59891206,0.197628453373909,0.6435643434524536,0.26416414976119995
YCL043C,YHR112C,0,0.5986472,0.1975683867931366,0.6435643434524536,0.2642642557621002
YBL074C,YBR188C,1,0.5983146,0.19781221449375153,0.6445544362068176,0.2642642557621002
YLR423C,YKR048C,0,0.5979752,0.19775213301181793,0.6445544362068176,0.2643643617630005
YLR368W,YBR273C,0,0.5977481,0.19769208133220673,0.6445544362068176,0.26446446776390076
YDR236C,YGL119W,0,0.5976563,0.1976320594549179,0.6445544362068176,0.264564573764801
YIL070C,YMR086W,0,0.5975243,0.19757208228111267,0.6445544362068176,0.2646646499633789
YDR083W,YBL021C,0,0.5969096,0.19751213490962982,0.6445544362068176,0.2647647559642792
YML049C,YDR235W,1,0.5963823,0.19775553047657013,0.6455445289611816,0.2647647559642792
YPL009C,YFL055W,0,0.5960836,0.1976955682039261,0.6455445289611816,0.26486486196517944
YMR150C,YDL178W,0,0.5958036,0.19763565063476562,0.6455445289611816,0.2649649679660797
YKL212W,YMR042W,0,0.59543985,0.19757576286792755,0.6455445289611816,0.26506507396698
YKL108W,YER007W,0,0.59535366,0.19751590490341187,0.6455445289611816,0.26516517996788025
YMR188C,YML088W,0,0.59507734,0.19745609164237976,0.6455445289611816,0.26526525616645813
YLR427W,YDL017W,0,0.59489983,0.19739630818367004,0.6455445289611816,0.2653653621673584
YNL286W,YLR116W,1,0.5946896,0.19763922691345215,0.6465346813201904,0.2653653621673584
YMR011W,YKL189W,0,0.5946395,0.19757942855358124,0.6465346813201904,0.26546546816825867
YBL026W,YNL147W,1,0.59430677,0.19782213866710663,0.6475247740745544,0.26546546816825867
YPL068C,YDL120W,0,0.5935716,0.19776232540607452,0.6475247740745544,0.26556557416915894
YNL259C,YJL140W,0,0.592474,0.1977025419473648,0.6475247740745544,0.2656656801700592
YHL020C,YGR218W,0,0.5922119,0.19764278829097748,0.6475247740745544,0.2657657563686371
YFR005C,YHR030C,0,0.5918875,0.19758307933807373,0.6475247740745544,0.26586586236953735
YLR268W,YAL055W,0,0.5916918,0.19752340018749237,0.6475247740745544,0.2659659683704376
YKR029C,YMR267W,0,0.59118295,0.1974637657403946,0.6475247740745544,0.2660660743713379
YAL025C,YHR079C,0,0.5907737,0.1974041610956192,0.6475247740745544,0.26616618037223816
YDL052C,YGR295C,0,0.5907321,0.1973446011543274,0.6475247740745544,0.26626625657081604
YPR138C,YOR326W,0,0.59054184,0.19728507101535797,0.6475247740745544,0.2663663625717163
YBR274W,YOR175C,0,0.5903367,0.19722557067871094,0.6475247740745544,0.2664664685726166
YPL249C,YMR127C,0,0.59020466,0.19716611504554749,0.6475247740745544,0.26656657457351685
YOR334W,YMR240C,1,0.58970517,0.19740808010101318,0.6485148668289185,0.26656657457351685
YMR080C,YGL004C,0,0.5894619,0.19734859466552734,0.6485148668289185,0.2666666805744171
YJL184W,YBL075C,0,0.58847934,0.19728915393352509,0.6485148668289185,0.266766756772995
YPL265W,YDR462W,0,0.58835375,0.19722974300384521,0.6485148668289185,0.26686686277389526
YLL013C,YHL027W,0,0.5882933,0.19717037677764893,0.6485148668289185,0.26696696877479553
YJL011C,YDL095W,0,0.5881418,0.19711104035377502,0.6485148668289185,0.2670670747756958
YGL158W,YJL065C,0,0.5878584,0.1970517486333847,0.6485148668289185,0.26716718077659607
YLR016C,YJR026W,0,0.58762187,0.19699248671531677,0.6485148668289185,0.26726725697517395
YOL151W,YEL050C,0,0.5873627,0.19693325459957123,0.6485148668289185,0.2673673629760742
YBR290W,YMR142C,0,0.5869823,0.19687406718730927,0.6485148668289185,0.2674674689769745
YHR062C,YLR310C,0,0.58691466,0.1968149095773697,0.6485148668289185,0.26756757497787476
YHR018C,YJL123C,0,0.5868684,0.1967557817697525,0.6485148668289185,0.267667680978775
YHR116W,YGL039W,0,0.5863041,0.1966966986656189,0.6485148668289185,0.2677677571773529
YOR128C,YMR316W,0,0.5854556,0.19663764536380768,0.6485148668289185,0.2678678631782532
YJL187C,YPL030W,0,0.5850069,0.19657863676548004,0.6485148668289185,0.26796796917915344
YBR160W,YKR105C,0,0.5849853,0.1965196579694748,0.6485148668289185,0.2680680751800537
YCR066W,YER131W,0,0.5849061,0.19646070897579193,0.6485148668289185,0.268168181180954
YNR021W,YBR264C,0,0.58486366,0.19640180468559265,0.6485148668289185,0.26826825737953186
YLR268W,YMR061W,0,0.58381706,0.19634293019771576,0.6485148668289185,0.26836836338043213
YOR179C,YBL088C,0,0.5835746,0.19628408551216125,0.6485148668289185,0.2684684693813324
YLR336C,YGL071W,0,0.5835289,0.19622528553009033,0.6485148668289185,0.26856857538223267
YDR121W,YNL265C,0,0.58347964,0.1961665153503418,0.6485148668289185,0.26866868138313293
YML040W,YIR003W,0,0.5831453,0.19610778987407684,0.6485148668289185,0.2687687575817108
YER162C,YIL091C,0,0.5827797,0.19604909420013428,0.6485148668289185,0.2688688635826111
YER146W,YBR102C,1,0.58231884,0.19628964364528656,0.6495049595832825,0.2688688635826111
YJL200C,YJR005W,0,0.5818411,0.1962309330701828,0.6495049595832825,0.26896896958351135
YHL032C,YLR405W,0,0.5816115,0.19617225229740143,0.6495049595832825,0.2690690755844116
YLL061W,YPR083W,0,0.58126694,0.19611360132694244,0.6495049595832825,0.2691691815853119
YGL249W,YHR013C,0,0.58117336,0.19605499505996704,0.6495049595832825,0.26926925778388977
YNL121C,YKR044W,0,0.5810917,0.19599641859531403,0.6495049595832825,0.26936936378479004
YLR117C,YJL133W,1,0.5810893,0.19623656570911407,0.6504950523376465,0.26936936378479004
YBR229C,YJL081C,0,0.5809231,0.19617795944213867,0.6504950523376465,0.2694694697856903
YAL013W,YKL183W,0,0.5808434,0.19611939787864685,0.6504950523376465,0.2695695757865906
YLR144C,YLR399C,0,0.5806949,0.1960608810186386,0.6504950523376465,0.26966968178749084
YDR499W,YMR273C,0,0.57913804,0.19600239396095276,0.6504950523376465,0.2697697579860687
YKL021C,YEL037C,0,0.57909364,0.1959439367055893,0.6504950523376465,0.269869863986969
YMR150C,YER048W-A,0,0.57871914,0.19588550925254822,0.6504950523376465,0.26996996998786926
YGR049W,YMR159C,0,0.5787113,0.19582712650299072,0.6504950523376465,0.27007007598876953
YNL154C,YDL035C,0,0.57867736,0.19576877355575562,0.6504950523376465,0.2701701819896698
YNL230C,YJL194W,0,0.57854396,0.1957104504108429,0.6504950523376465,0.2702702581882477
YDR454C,YGL035C,0,0.5779038,0.19565217196941376,0.6504950523376465,0.27037036418914795
YLR430W,YBR170C,0,0.5778218,0.195593923330307,0.6504950523376465,0.2704704701900482
YJR022W,YPR094W,1,0.57725865,0.19583334028720856,0.6514851450920105,0.2704704701900482
YOL003C,YOR044W,0,0.57716215,0.19577506184577942,0.6514851450920105,0.2705705761909485
YGR129W,YPL064C,1,0.5770707,0.19601427018642426,0.6524752378463745,0.2705705761909485
YGL100W,YOR174W,0,0.57648546,0.19595599174499512,0.6524752378463745,0.27067068219184875
YMR260C,YOR374W,0,0.5763764,0.19589774310588837,0.6524752378463745,0.27077075839042664
YMR200W,YBL084C,0,0.5762238,0.195839524269104,0.6524752378463745,0.2708708643913269
YOR283W,YOR287C,0,0.5761887,0.19578135013580322,0.6524752378463745,0.2709709703922272
YDL082W,YGL150C,0,0.5760067,0.19572319090366364,0.6524752378463745,0.27107107639312744
YJR007W,YOR382W,0,0.5758135,0.19566507637500763,0.6524752378463745,0.2711711823940277
YJR057W,YOR071C,0,0.57569337,0.1956070065498352,0.6524752378463745,0.2712712585926056
YKL170W,YNL026W,0,0.5756635,0.19554896652698517,0.6524752378463745,0.27137136459350586
YIL063C,YJL117W,0,0.5755366,0.19549095630645752,0.6524752378463745,0.27147147059440613
YHR183W,YNL242W,0,0.57550853,0.19543297588825226,0.6524752378463745,0.2715715765953064
YMR112C,YJR029W,0,0.5754367,0.19537504017353058,0.6524752378463745,0.27167168259620667
YAL021C,YNL227C,0,0.57499856,0.1953171342611313,0.6524752378463745,0.27177175879478455
YHR098C,YER095W,0,0.5746024,0.19525925815105438,0.6524752378463745,0.2718718647956848
YGR027C,YOR231W,0,0.5744431,0.19520142674446106,0.6524752378463745,0.2719719707965851
YMR036C,YMR021C,0,0.57437855,0.19514362514019012,0.6524752378463745,0.27207207679748535
YER088C,YDR465C,0,0.57431805,0.19508585333824158,0.6524752378463745,0.2721721827983856
YPL024W,YNL326C,0,0.5742075,0.19502811133861542,0.6524752378463745,0.2722722589969635
YML037C,YEL015W,0,0.57356817,0.19497041404247284,0.6524752378463745,0.27237236499786377
YPR134W,YOL102C,1,0.5734123,0.19520851969718933,0.6534653306007385,0.27237236499786377
YOR304C-A,YLL051C,0,0.57338804,0.19515079259872437,0.6534653306007385,0.27247247099876404
YDL069C,YJR060W,0,0.57284313,0.19509311020374298,0.6534653306007385,0.2725725769996643
YOR321W,YGR113W,0,0.57280034,0.19503545761108398,0.6534653306007385,0.2726726830005646
YMR166C,YPL271W,0,0.57261544,0.19497784972190857,0.6534653306007385,0.27277275919914246
YLR308W,YDL132W,0,0.5725754,0.19492025673389435,0.6534653306007385,0.2728728652000427
YMR200W,YNL307C,0,0.5721318,0.1948627084493637,0.6534653306007385,0.272972971200943
YGR104C,YJR019C,0,0.5719669,0.19480518996715546,0.6534653306007385,0.27307307720184326
YIL073C,YHR181W,0,0.5718841,0.1947477161884308,0.6534653306007385,0.27317318320274353
YDR478W,YOR217W,0,0.5714213,0.1946902722120285,0.6534653306007385,0.2732732594013214
YDR329C,YGR184C,0,0.57119286,0.1946328580379486,0.6534653306007385,0.2733733654022217
YNL224C,YBR102C,1,0.57063925,0.19487027823925018,0.6544554233551025,0.2733733654022217
YMR194W,YIR033W,0,0.57057714,0.1948128491640091,0.6544554233551025,0.27347347140312195
YJL025W,YBR236C,0,0.5705115,0.1947554498910904,0.6544554233551025,0.2735735774040222
YJL124C,YPL213W,1,0.5701572,0.19499263167381287,0.6554455161094666,0.2735735774040222
YMR104C,YNL212W,0,0.57013726,0.19493521749973297,0.6554455161094666,0.2736736834049225
YLR147C,YCR063W,1,0.56967634,0.19517220556735992,0.6564356684684753,0.2736736834049225
YHR147C,YIL124W,0,0.5694578,0.19511477649211884,0.6564356684684753,0.27377375960350037
YJR050W,YER146W,1,0.5687664,0.19535157084465027,0.6574257612228394,0.27377375960350037
YJR099W,YNR045W,0,0.56869024,0.1952941119670868,0.6574257612228394,0.27387386560440063
YKL011C,YDR144C,0,0.56858593,0.1952366977930069,0.6574257612228394,0.2739739716053009
YGR144W,YHR109W,0,0.5681788,0.1951793134212494,0.6574257612228394,0.27407407760620117
YGL086W,YEL012W,0,0.568089,0.19512194395065308,0.6574257612228394,0.27417418360710144
YNR039C,YDR524C,0,0.56803185,0.19506463408470154,0.6574257612228394,0.2742742598056793
YCL059C,YGL162W,0,0.5680182,0.1950073391199112,0.6574257612228394,0.2743743658065796
YER168C,YML019W,0,0.56794614,0.19495008885860443,0.6574257612228394,0.27447447180747986
YPL069C,YOR369C,0,0.56736904,0.19489286839962006,0.6574257612228394,0.2745745778083801
YJR006W,YIR013C,0,0.5672566,0.19483567774295807,0.6574257612228394,0.2746746838092804
YDR121W,YMR154C,0,0.56725377,0.19477853178977966,0.6574257612228394,0.2747747600078583
YGL249W,YLL011W,0,0.5672408,0.19472140073776245,0.6574257612228394,0.27487486600875854
YDR462W,YJL074C,0,0.56716895,0.19466431438922882,0.6574257612228394,0.2749749720096588
YNL261W,YGR118W,0,0.5671091,0.19460727274417877,0.6574257612228394,0.2750750780105591
YLR129W,YIL039W,0,0.56688094,0.19455024600028992,0.6574257612228394,0.27517518401145935
YER068W,YOR233W,0,0.56635886,0.19449326395988464,0.6574257612228394,0.2752752900123596
YLL008W,YNL095C,0,0.5657534,0.19443631172180176,0.6574257612228394,0.2753753662109375
YOR020C,YPR030W,0,0.5657361,0.19437938928604126,0.6574257612228394,0.27547547221183777
YLR136C,YGL234W,0,0.5656969,0.19432251155376434,0.6574257612228394,0.27557557821273804
YKR044W,YOR036W,0,0.5650596,0.19426564872264862,0.6574257612228394,0.2756756842136383
YOR354C,YDR478W,0,0.56500506,0.19420883059501648,0.6574257612228394,0.2757757902145386
YDR522C,YBR036C,0,0.5647955,0.19415204226970673,0.6574257612228394,0.27587586641311646
YDR163W,YGR013W,1,0.56437916,0.19438759982585907,0.6584158539772034,0.27587586641311646
YMR283C,YDR131C,0,0.56407964,0.19433079659938812,0.6584158539772034,0.2759759724140167
YGL030W,YDR432W,1,0.5639267,0.19456617534160614,0.6594059467315674,0.2759759724140167
YPL060W,YBL024W,0,0.56386673,0.1945093423128128,0.6594059467315674,0.276076078414917
YDL115C,YOR070C,0,0.5637171,0.19445255398750305,0.6594059467315674,0.27617618441581726
YIL049W,YAL032C,0,0.5635595,0.19439579546451569,0.6594059467315674,0.27627629041671753
YKL107W,YDR012W,0,0.5634009,0.1943390667438507,0.6594059467315674,0.2763763666152954
YKR050W,YJR127C,0,0.56326693,0.1942823827266693,0.6594059467315674,0.2764764726161957
YAL014C,YOR044W,0,0.5631031,0.1942257285118103,0.6594059467315674,0.27657657861709595
YDR446W,YMR229C,0,0.5630324,0.1941690891981125,0.6594059467315674,0.2766766846179962
YDR498C,YOL007C,0,0.56302816,0.19411250948905945,0.6594059467315674,0.2767767906188965
YIL109C,YBR210W,0,0.5628142,0.1940559446811676,0.6594059467315674,0.27687686681747437
YLR148W,YPR166C,0,0.5626919,0.19399942457675934,0.6594059467315674,0.27697697281837463
YPL134C,YLR077W,0,0.5622922,0.19394291937351227,0.6594059467315674,0.2770770788192749
YMR216C,YIL115C,0,0.56166005,0.19388645887374878,0.6594059467315674,0.27717718482017517
YPL134C,YLR020C,0,0.5614373,0.19383002817630768,0.6594059467315674,0.27727729082107544
YDR363W,YOR265W,0,0.5613601,0.19377364218235016,0.6594059467315674,0.2773773670196533
YHR051W,YDR207C,0,0.5613162,0.19371727108955383,0.6594059467315674,0.2774774730205536
YDR059C,YCR054C,0,0.5612994,0.1936609447002411,0.6594059467315674,0.27757757902145386
YBR065C,YNL210W,1,0.5612627,0.1938953548669815,0.6603960394859314,0.27757757902145386
YOL086C,YMR210W,0,0.5610303,0.19383899867534637,0.6603960394859314,0.2776776850223541
YOR270C,YLR028C,0,0.56077474,0.19378268718719482,0.6603960394859314,0.2777777910232544
YFL033C,YNL050C,0,0.56037194,0.19372640550136566,0.6603960394859314,0.2778778672218323
YLR336C,YBR098W,0,0.5603489,0.1936701536178589,0.6603960394859314,0.27797797322273254
YNL152W,YLR032W,0,0.5602591,0.1936139315366745,0.6603960394859314,0.2780780792236328
YDR198C,YHR042W,0,0.56025404,0.1935577541589737,0.6603960394859314,0.2781781852245331
YMR049C,YML051W,0,0.55912393,0.19350159168243408,0.6603960394859314,0.27827829122543335
YJL047C,YML095C,0,0.5589897,0.19344547390937805,0.6603960394859314,0.27837836742401123
YML039W,YDR022C,0,0.55896086,0.1933893859386444,0.6603960394859314,0.2784784734249115
YIL044C,YCL034W,0,0.5585807,0.19333332777023315,0.6603960394859314,0.27857857942581177
YPL123C,YJR070C,0,0.5585119,0.19327731430530548,0.6603960394859314,0.27867868542671204
YNL292W,YPR135W,0,0.5582133,0.193221315741539,0.6603960394859314,0.2787787914276123
YPL059W,YDR484W,0,0.5580923,0.1931653618812561,0.6603960394859314,0.2788788676261902
YER004W,YPR023C,0,0.55783504,0.1931094378232956,0.6603960394859314,0.27897897362709045
YDR378C,YOL102C,1,0.5577613,0.19334298372268677,0.6613861322402954,0.27897897362709045
YJL118W,YML005W,0,0.5570646,0.19328702986240387,0.6613861322402954,0.2790790796279907
YNL271C,YFL038C,0,0.5565384,0.19323112070560455,0.6613861322402954,0.279179185628891
YIL158W,YGR166W,0,0.55644226,0.19317524135112762,0.6613861322402954,0.27927929162979126
YMR190C,YPL217C,0,0.55626255,0.19311939179897308,0.6613861322402954,0.27937936782836914
YML029W,YDL098C,1,0.55616134,0.1933525949716568,0.6623762249946594,0.27937936782836914
YDR243C,YBR152W,1,0.55605197,0.19358566403388977,0.6633663177490234,0.27937936782836914
YPL119C,YBR258C,0,0.55593455,0.19352975487709045,0.6633663177490234,0.2794794738292694
YNL124W,YHR077C,0,0.5555138,0.19347386062145233,0.6633663177490234,0.2795795798301697
YDR216W,YDR071C,0,0.55516034,0.1934180110692978,0.6633663177490234,0.27967968583106995
YGL213C,YML077W,0,0.5544858,0.19336219131946564,0.6633663177490234,0.2797797918319702
YLR105C,YKL074C,1,0.5543414,0.19359491765499115,0.6643564105033875,0.2797797918319702
YOL075C,YDR121W,0,0.5540486,0.1935390830039978,0.6643564105033875,0.2798798680305481
YDR296W,YMR089C,0,0.553982,0.19348327815532684,0.6643564105033875,0.27997997403144836
YLL023C,YML028W,0,0.55335575,0.19342750310897827,0.6643564105033875,0.28008008003234863
YBR088C,YJL036W,0,0.5525667,0.1933717578649521,0.6643564105033875,0.2801801860332489
YDR446W,YFL013C,0,0.5517509,0.1933160424232483,0.6643564105033875,0.28028029203414917
YKL127W,YDL225W,0,0.5516347,0.19326037168502808,0.6643564105033875,0.28038036823272705
YIL031W,YJL154C,0,0.55154175,0.19320471584796906,0.6643564105033875,0.2804804742336273
YOR303W,YER147C,0,0.55149204,0.19314910471439362,0.6643564105033875,0.2805805802345276
YJR065C,YER061C,0,0.5513352,0.19309352338314056,0.6643564105033875,0.28068068623542786
YBR156C,YER133W,0,0.5512669,0.1930379718542099,0.6643564105033875,0.2807807922363281
YLR095C,YGR135W,0,0.55105156,0.19298245012760162,0.6643564105033875,0.280880868434906
YGL099W,YDR072C,0,0.55079037,0.19292697310447693,0.6643564105033875,0.2809809744358063
YJL154C,YDL232W,0,0.5503359,0.19287151098251343,0.6643564105033875,0.28108108043670654
YDR353W,YHR016C,0,0.5503232,0.1928160935640335,0.6643564105033875,0.2811811864376068
YBR203W,YPR144C,0,0.5501889,0.19276070594787598,0.6643564105033875,0.2812812924385071
YPR072W,YLR336C,0,0.5492185,0.19270534813404083,0.6643564105033875,0.28138136863708496
YNL300W,YKL071W,0,0.54908055,0.19265002012252808,0.6643564105033875,0.28148147463798523
YIR009W,YMR087W,1,0.54804105,0.1928817480802536,0.6653465628623962,0.28148147463798523
YBR229C,YER095W,0,0.54730934,0.19282640516757965,0.6653465628623962,0.2815815806388855
YDL156W,YDR481C,0,0.5468438,0.1927710771560669,0.6653465628623962,0.28168168663978577
YDR247W,YDR418W,0,0.5468234,0.1927158087491989,0.6653465628623962,0.28178179264068604
YKL012W,YPL172C,0,0.5465594,0.19266055524349213,0.6653465628623962,0.2818818688392639
YGR013W,YER013W,1,0.54653376,0.1928919404745102,0.6663366556167603,0.2818818688392639
YJR125C,YOR224C,0,0.5463206,0.1928366720676422,0.6663366556167603,0.2819819748401642
YKR080W,YJL093C,0,0.5459681,0.19278143346309662,0.6663366556167603,0.28208208084106445
YML062C,YAL042W,0,0.5457259,0.1927262246608734,0.6663366556167603,0.2821821868419647
YCR073C,YDL143W,0,0.54567915,0.1926710605621338,0.6663366556167603,0.282282292842865
YNR057C,YDR082W,0,0.5450345,0.19261591136455536,0.6663366556167603,0.28238236904144287
YPL028W,YOR304W,0,0.5446122,0.1925608068704605,0.6663366556167603,0.28248247504234314
YOR007C,YNR008W,0,0.5444356,0.19250571727752686,0.6663366556167603,0.2825825810432434
YNL207W,YJL207C,0,0.5439177,0.19245067238807678,0.6663366556167603,0.2826826870441437
YGL254W,YPR022C,0,0.5433776,0.1923956573009491,0.6663366556167603,0.28278279304504395
YJR057W,YLR069C,0,0.54325455,0.1923406720161438,0.6663366556167603,0.2828828692436218
YMR288W,YLR117C,1,0.5432444,0.19257143139839172,0.6673267483711243,0.2828828692436218
YNL329C,YHL004W,0,0.5430142,0.19251643121242523,0.6673267483711243,0.2829829752445221
YJL204C,YLR378C,0,0.5426757,0.19246144592761993,0.6673267483711243,0.28308308124542236
YDR121W,YGL062W,0,0.5426281,0.19240650534629822,0.6673267483711243,0.28318318724632263
YMR077C,YML130C,0,0.5422316,0.1923515945672989,0.6673267483711243,0.2832832932472229
YMR049C,YBR059C,0,0.54210556,0.19229671359062195,0.6673267483711243,0.2833833694458008
YBR104W,YPR194C,0,0.54170877,0.1922418773174286,0.6673267483711243,0.28348347544670105
YBR022W,YOR334W,1,0.54165745,0.1924722045660019,0.6683168411254883,0.28348347544670105
YJR104C,YLR032W,0,0.54151374,0.19241733849048615,0.6683168411254883,0.2835835814476013
YKL017C,YDL141W,0,0.5411266,0.19236250221729279,0.6683168411254883,0.2836836874485016
YBR036C,YJR010W,0,0.54099345,0.19230769574642181,0.6683168411254883,0.28378379344940186
YDR222W,YDR288W,0,0.5399876,0.19225291907787323,0.6683168411254883,0.28388386964797974
YLR447C,YJR086W,0,0.5397607,0.19219817221164703,0.6683168411254883,0.28398397564888
YFR029W,YBR265W,0,0.53942996,0.19214347004890442,0.6683168411254883,0.2840840816497803
YNL117W,YDL181W,0,0.53915787,0.192088782787323,0.6683168411254883,0.28418418765068054
YMR098C,YMR308C,0,0.53907126,0.19203414022922516,0.6683168411254883,0.2842842936515808
YLR268W,YLL042C,0,0.5389884,0.1919795274734497,0.6683168411254883,0.2843843698501587
YPL177C,YNL315C,0,0.5387361,0.19192492961883545,0.6683168411254883,0.28448447585105896
YNR049C,YGR108W,0,0.5385393,0.19187037646770477,0.6683168411254883,0.28458458185195923
YPL074W,YNL281W,0,0.5380342,0.19181585311889648,0.6683168411254883,0.2846846878528595
YNR020C,YLR086W,0,0.5375222,0.19176135957241058,0.6683168411254883,0.28478479385375977
YJR014W,YPL050C,0,0.53704315,0.19170689582824707,0.6683168411254883,0.28488487005233765
YBR119W,YBL026W,1,0.5367981,0.1919364035129547,0.6693069338798523,0.28488487005233765
YGL054C,YCR066W,0,0.5367945,0.19188192486763,0.6693069338798523,0.2849849760532379
YGR179C,YNL315C,0,0.5365646,0.19182747602462769,0.6693069338798523,0.2850850820541382
YML111W,YKL028W,0,0.5363453,0.19177305698394775,0.6693069338798523,0.28518518805503845
YJL192C,YPL206C,0,0.53599006,0.1917186677455902,0.6693069338798523,0.2852852940559387
YGL065C,YMR167W,0,0.53567165,0.19166430830955505,0.6693069338798523,0.285385400056839
YER029C,YDR243C,1,0.5353355,0.19189342856407166,0.6702970266342163,0.285385400056839
YIL080W,YGR077C,0,0.53526664,0.1918390542268753,0.6702970266342163,0.28548547625541687
YJR093C,YPL111W,0,0.5350568,0.19178470969200134,0.6702970266342163,0.28558558225631714
YJR134C,YKL024C,0,0.53503245,0.19173039495944977,0.6702970266342163,0.2856856882572174
YOR150W,YOR076C,0,0.53456616,0.19167611002922058,0.6702970266342163,0.2857857942581177
YDL107W,YLR414C,0,0.5343411,0.19162185490131378,0.6702970266342163,0.28588590025901794
YDL227C,YPL249C,0,0.53399944,0.19156762957572937,0.6702970266342163,0.2859859764575958
YGR148C,YJL024C,0,0.53377765,0.19151343405246735,0.6702970266342163,0.2860860824584961
YNL267W,YMR214W,0,0.5337424,0.1914592832326889,0.6702970266342163,0.28618618845939636
YDR402C,YGL253W,0,0.53307444,0.19140514731407166,0.6702970266342163,0.28628629446029663
YPL204W,YBR042C,0,0.5328478,0.1913510411977768,0.6702970266342163,0.2863864004611969
YGL163C,YER020W,0,0.5324508,0.19129697978496552,0.6702970266342163,0.2864864766597748
YOL065C,YGR280C,0,0.5322915,0.19124293327331543,0.6702970266342163,0.28658658266067505
YGR098C,YKR105C,0,0.532106,0.19118893146514893,0.6702970266342163,0.2866866886615753
YIL132C,YJR082C,0,0.5319879,0.19113494455814362,0.6702970266342163,0.2867867946624756
YPL255W,YDR231C,0,0.53189415,0.1910810023546219,0.6702970266342163,0.28688690066337585
YLR132C,YMR308C,0,0.5314363,0.19102708995342255,0.6702970266342163,0.28698697686195374
YBR058C,YGR101W,0,0.53042346,0.1909732073545456,0.6702970266342163,0.287087082862854
YJL153C,YKL096W,0,0.53030616,0.19091933965682983,0.6702970266342163,0.2871871888637543
YCR088W,YGR091W,0,0.53028834,0.19086551666259766,0.6702970266342163,0.28728729486465454
YCL047C,YKL017C,0,0.5299797,0.19081172347068787,0.6702970266342163,0.2873874008655548
YLL045C,YOR194C,0,0.5297984,0.19075796008110046,0.6702970266342163,0.2874874770641327
YER078C,YKL041W,0,0.529577,0.19070422649383545,0.6702970266342163,0.28758758306503296
YNL049C,YDR485C,0,0.5295151,0.19065052270889282,0.6702970266342163,0.2876876890659332
YBR061C,YEL004W,0,0.52937186,0.19059684872627258,0.6702970266342163,0.2877877950668335
YFL008W,YPR082C,0,0.52922827,0.19054320454597473,0.6702970266342163,0.28788790106773376
YDR194C,YLR176C,0,0.5291103,0.19048959016799927,0.6702970266342163,0.28798797726631165
YNR035C,YJL004C,0,0.5287199,0.1904360055923462,0.6702970266342163,0.2880880832672119
YER065C,YJR133W,0,0.52870744,0.1903824508190155,0.6702970266342163,0.2881881892681122
YHR039C-A,YJR098C,0,0.52853256,0.1903289258480072,0.6702970266342163,0.28828829526901245
YAR008W,YJL133W,1,0.52812,0.19055649638175964,0.6712871193885803,0.28828829526901245
YHR076W,YBR222C,0,0.52799314,0.19050295650959015,0.6712871193885803,0.2883884012699127
YAL021C,YMR130W,0,0.5279804,0.19044943153858185,0.6712871193885803,0.2884884774684906
YKL190W,YJL019W,0,0.5276147,0.19039595127105713,0.6712871193885803,0.28858858346939087
YPL255W,YAR031W,0,0.527534,0.1903425008058548,0.6712871193885803,0.28868868947029114
YBR002C,YLR381W,0,0.5275256,0.19028908014297485,0.6712871193885803,0.2887887954711914
YGR222W,YER146W,1,0.5273813,0.19051627814769745,0.6722772121429443,0.2887887954711914
YJL124C,YLR382C,1,0.52695435,0.1907433420419693,0.6732673048973083,0.2887887954711914
YDR240C,YGR006W,1,0.52658105,0.1909702718257904,0.6742573976516724,0.2887887954711914
YHR086W,YLR116W,1,0.5265781,0.19119708240032196,0.6752475500106812,0.2887887954711914
YJR075W,YDR494W,0,0.52645755,0.19114349782466888,0.6752475500106812,0.2888889014720917
YDR101C,YDR380W,0,0.5257281,0.1910899430513382,0.6752475500106812,0.28898897767066956
YKL025C,YMR154C,0,0.52567035,0.1910364180803299,0.6752475500106812,0.2890890836715698
YGR287C,YDR164C,0,0.5256511,0.19098292291164398,0.6752475500106812,0.2891891896724701
YNL069C,YER019W,0,0.5254705,0.19092945754528046,0.6752475500106812,0.28928929567337036
YNL197C,YJR099W,0,0.5248319,0.19087602198123932,0.6752475500106812,0.28938940167427063
YDR050C,YLR110C,0,0.52451366,0.19082260131835938,0.6752475500106812,0.2894894778728485
YNL071W,YLR050C,0,0.52445894,0.190769225358963,0.6752475500106812,0.2895895838737488
YMR160W,YGR143W,0,0.5244072,0.19071587920188904,0.6752475500106812,0.28968968987464905
YNL257C,YCR002C,0,0.52436274,0.19066256284713745,0.6752475500106812,0.2897897958755493
YLL054C,YKL203C,0,0.5243351,0.19060927629470825,0.6752475500106812,0.2898899018764496
YAL032C,YPR178W,1,0.5239713,0.19083543121814728,0.6762376427650452,0.2898899018764496
YDR519W,YMR168C,0,0.5238882,0.19078212976455688,0.6762376427650452,0.28998997807502747
YCR020C,YDL061C,0,0.5238288,0.19072884321212769,0.6762376427650452,0.29009008407592773
YPR168W,YAL032C,0,0.5235893,0.19067560136318207,0.6762376427650452,0.290190190076828
YKL124W,YMR217W,0,0.52353305,0.19062238931655884,0.6762376427650452,0.29029029607772827
YCR063W,YPL151C,1,0.52351975,0.1908482164144516,0.6772277355194092,0.29029029607772827
YAL032C,YOL142W,0,0.523144,0.19079497456550598,0.6772277355194092,0.29039040207862854
YLR176C,YNL119W,0,0.5229834,0.19074177742004395,0.6772277355194092,0.2904904782772064
YKL220C,YER022W,0,0.5229422,0.1906885951757431,0.6772277355194092,0.2905905842781067
YGL174W,YLR203C,1,0.52292335,0.19091415405273438,0.6782178282737732,0.2905905842781067
YLR130C,YPL072W,0,0.5225155,0.19086095690727234,0.6782178282737732,0.29069069027900696
YDL155W,YNL134C,0,0.52248293,0.19080780446529388,0.6782178282737732,0.2907907962799072
YDR167W,YOR210W,0,0.522254,0.19075466692447662,0.6782178282737732,0.2908909022808075
YJR014W,YDL008W,0,0.52213395,0.19070155918598175,0.6782178282737732,0.2909909784793854
YLR038C,YML015C,0,0.52207613,0.19064848124980927,0.6782178282737732,0.29109108448028564
YIR023W,YNL072W,0,0.52174014,0.19059543311595917,0.6782178282737732,0.2911911904811859
YCR083W,YHR036W,0,0.521616,0.19054241478443146,0.6782178282737732,0.2912912964820862
YGR203W,YDR331W,0,0.52151775,0.19048942625522614,0.6782178282737732,0.29139140248298645
YIL113W,YLR077W,0,0.5213786,0.1904364675283432,0.6782178282737732,0.29149147868156433
YKL103C,YJL191W,0,0.5210854,0.19038355350494385,0.6782178282737732,0.2915915846824646
YLL023C,YHR143W,0,0.5210843,0.1903306543827057,0.6782178282737732,0.29169169068336487
YDR531W,YBR289W,0,0.5209931,0.19027778506278992,0.6782178282737732,0.29179179668426514
YDL231C,YPL065W,0,0.52090067,0.19022493064403534,0.6782178282737732,0.2918919026851654
YDR253C,YDR026C,0,0.5205511,0.19017212092876434,0.6782178282737732,0.2919919788837433
YDR379W,YML077W,0,0.52050626,0.19011934101581573,0.6782178282737732,0.29209208488464355
YDR016C,YIR039C,0,0.5199724,0.19006659090518951,0.6782178282737732,0.2921921908855438
YHR034C,YDL084W,1,0.5197908,0.19029125571250916,0.6792079210281372,0.2921921908855438
YML132W,YDR158W,0,0.51977664,0.19023849070072174,0.6792079210281372,0.2922922968864441
YGR112W,YLL055W,0,0.5197563,0.1901857554912567,0.6792079210281372,0.29239240288734436
YDR077W,YFL034C-A,0,0.5196346,0.19013303518295288,0.6792079210281372,0.29249247908592224
YOL016C,YDL058W,0,0.5196258,0.19008035957813263,0.6792079210281372,0.2925925850868225
YOR221C,YFL004W,0,0.51941913,0.19002769887447357,0.6792079210281372,0.2926926910877228
YML008C,YDR368W,0,0.5190228,0.1899750828742981,0.6792079210281372,0.29279279708862305
YLR238W,YIR037W,0,0.51898146,0.1899224817752838,0.6792079210281372,0.2928929030895233
YPL206C,YDR240C,0,0.5189522,0.18986991047859192,0.6792079210281372,0.2929929792881012
YOR124C,YNL283C,0,0.5189481,0.1898173838853836,0.6792079210281372,0.29309308528900146
YHL038C,YDL030W,1,0.51780975,0.19004149734973907,0.6801980137825012,0.29309308528900146
YKL117W,YGL224C,0,0.51756036,0.18998894095420837,0.6801980137825012,0.29319319128990173
YNL129W,YOR265W,0,0.5175384,0.18993641436100006,0.6801980137825012,0.293293297290802
YBR273C,YOL006C,0,0.51715183,0.18988391757011414,0.6801980137825012,0.29339340329170227
YHR034C,YBR022W,1,0.5170616,0.19010776281356812,0.6811881065368652,0.29339340329170227
YML077W,YOL010W,0,0.51702636,0.190055251121521,0.6811881065368652,0.29349347949028015
YNL289W,YJL106W,0,0.5167206,0.19000275433063507,0.6811881065368652,0.2935935854911804
YLR105C,YDL209C,1,0.5164911,0.19022639095783234,0.6821781992912292,0.2935935854911804
YGL090W,YGR227W,0,0.5161592,0.1901738941669464,0.6821781992912292,0.2936936914920807
YKR097W,YJL097W,0,0.51601547,0.19012141227722168,0.6821781992912292,0.29379379749298096
YOR077W,YLR109W,0,0.51515067,0.19006896018981934,0.6821781992912292,0.2938939034938812
YLR318W,YNL267W,0,0.51456106,0.19001655280590057,0.6821781992912292,0.2939939796924591
YDL120W,YER119C,0,0.5145586,0.189964160323143,0.6821781992912292,0.2940940856933594
YPR134W,YFR005C,1,0.5145214,0.19018742442131042,0.6831682920455933,0.2940940856933594
YPL177C,YBL020W,0,0.5142237,0.19013501703739166,0.6831682920455933,0.29419419169425964
YJL080C,YLR450W,0,0.51410574,0.1900826394557953,0.6831682920455933,0.2942942976951599
YDR330W,YBR185C,0,0.51377094,0.1900302916765213,0.6831682920455933,0.2943944036960602
YAL017W,YMR150C,0,0.5136627,0.1899779736995697,0.6831682920455933,0.29449447989463806
YIL061C,YLR438C-A,1,0.513649,0.19020093977451324,0.684158444404602,0.29449447989463806
YJR033C,YOL007C,0,0.51362705,0.19014859199523926,0.684158444404602,0.29459458589553833
YER027C,YCL069W,0,0.51361966,0.19009628891944885,0.684158444404602,0.2946946918964386
YKR045C,YPR167C,0,0.513616,0.19004400074481964,0.684158444404602,0.29479479789733887
YMR075W,YOR150W,0,0.5134555,0.189991757273674,0.684158444404602,0.29489490389823914
YJR006W,YNL282W,0,0.5132787,0.18993952870368958,0.684158444404602,0.294994980096817
YGL119W,YBL006C,0,0.51327455,0.18988732993602753,0.684158444404602,0.2950950860977173
YJR093C,YMR197C,0,0.5132744,0.18983516097068787,0.684158444404602,0.29519519209861755
YMR159C,YOR174W,0,0.51325977,0.1897830218076706,0.684158444404602,0.2952952980995178
YNL046W,YLR316C,0,0.5128635,0.1897309124469757,0.684158444404602,0.2953954041004181
YDR348C,YDL029W,0,0.5125386,0.1896788328886032,0.684158444404602,0.29549551010131836
YPL242C,YMR193W,0,0.5122063,0.1896267831325531,0.684158444404602,0.29559558629989624
YKL113C,YDL215C,0,0.511114,0.18957476317882538,0.684158444404602,0.2956956923007965
YPL196W,YAL044C,0,0.5106677,0.18952275812625885,0.684158444404602,0.2957957983016968
YOR094W,YBR275C,0,0.5106313,0.1894707977771759,0.684158444404602,0.29589590430259705
YER169W,YML037C,0,0.5098308,0.18941885232925415,0.684158444404602,0.2959960103034973
YEL062W,YKL034W,0,0.5097113,0.18936695158481598,0.684158444404602,0.2960960865020752
YDR198C,YML091C,0,0.50970984,0.189315065741539,0.684158444404602,0.29619619250297546
YNL119W,YOR153W,0,0.509703,0.1892632097005844,0.684158444404602,0.29629629850387573
YNL245C,YNL282W,0,0.50923336,0.1892113983631134,0.684158444404602,0.296396404504776
YHR184W,YNL212W,0,0.5092296,0.1891596019268036,0.684158444404602,0.29649651050567627
YGL207W,YNL309W,0,0.50909984,0.18910782039165497,0.684158444404602,0.29659658670425415
YBL011W,YPL268W,0,0.50909257,0.18905608355998993,0.684158444404602,0.2966966927051544
YDL020C,YOR389W,0,0.50889105,0.18900437653064728,0.684158444404602,0.2967967987060547
YDL083C,YMR136W,0,0.50886667,0.18895269930362701,0.684158444404602,0.29689690470695496
YOR075W,YJR025C,0,0.5083205,0.18890103697776794,0.684158444404602,0.2969970107078552
YMR047C,YKL095W,1,0.50826657,0.18912270665168762,0.6851485371589661,0.2969970107078552
YCL045C,YPR061C,0,0.50813997,0.18907104432582855,0.6851485371589661,0.2970970869064331
YNR028W,YGR257C,0,0.5079843,0.18901939690113068,0.6851485371589661,0.2971971929073334
YGR026W,YJR015W,0,0.5079752,0.1889677792787552,0.6851485371589661,0.29729729890823364
YOR073W,YDR207C,0,0.5079745,0.1889161914587021,0.6851485371589661,0.2973974049091339
YJR113C,YGR071C,0,0.50789875,0.18886463344097137,0.6851485371589661,0.2974975109100342
YER171W,YDL025C,0,0.5078197,0.18881309032440186,0.6851485371589661,0.29759758710861206
YLL035W,YLR283W,0,0.50774384,0.18876159191131592,0.6851485371589661,0.29769769310951233
YEL030W,YML051W,0,0.50769764,0.18871012330055237,0.6851485371589661,0.2977977991104126
YCR037C,YLR071C,0,0.50717825,0.18865866959095,0.6851485371589661,0.29789790511131287
YHL007C,YDR488C,0,0.5069762,0.18860724568367004,0.6851485371589661,0.29799801111221313
YOR269W,YGR192C,0,0.5067348,0.18855585157871246,0.6851485371589661,0.298098087310791
YDL133C-A,YJR099W,0,0.50659895,0.18850448727607727,0.6851485371589661,0.2981981933116913
YBL067C,YKL154W,0,0.50639516,0.18845315277576447,0.6851485371589661,0.29829829931259155
YKL084W,YPL194W,0,0.5062253,0.18840184807777405,0.6851485371589661,0.2983984053134918
YDL194W,YIR033W,0,0.5056584,0.18835057318210602,0.6851485371589661,0.2984985113143921
YML095C,YDL115C,0,0.50545686,0.18829931318759918,0.6851485371589661,0.29859858751296997
YLR099C,YLR106C,0,0.5052305,0.18824809789657593,0.6851485371589661,0.29869869351387024
YDR096W,YMR239C,0,0.50521195,0.18819689750671387,0.6851485371589661,0.2987987995147705
YPR190C,YLL028W,0,0.5051823,0.1881457269191742,0.6851485371589661,0.2988989055156708
YBR201W,YMR032W,0,0.50513583,0.1880945861339569,0.6851485371589661,0.29899901151657104
YGR215W,YLR262C,0,0.50512856,0.188043475151062,0.6851485371589661,0.2990990877151489
YFR018C,YGR063C,0,0.50445217,0.1879923939704895,0.6851485371589661,0.2991991937160492
YDR255C,YMR233W,0,0.5042945,0.18794134259223938,0.6851485371589661,0.29929929971694946
YIL115C,YLR034C,0,0.50422764,0.18789030611515045,0.6851485371589661,0.29939940571784973
YDL144C,YNR041C,0,0.50417936,0.1878392994403839,0.6851485371589661,0.29949951171875
YLR219W,YDR452W,0,0.50415623,0.18778833746910095,0.6851485371589661,0.2995995879173279
YML049C,YPL083C,1,0.5029857,0.18800868093967438,0.6861386299133301,0.2995995879173279
YFL009W,YAL055W,0,0.5027107,0.18795768916606903,0.6861386299133301,0.29969969391822815
YKR002W,YDR207C,0,0.50257343,0.18790672719478607,0.6861386299133301,0.2997997999191284
YER171W,YKR035W-A,0,0.50246674,0.1878557801246643,0.6861386299133301,0.2998999059200287
YGR222W,YLR382C,1,0.5022618,0.18807588517665863,0.6871287226676941,0.2998999059200287
YHR023W,YGL013C,0,0.50219595,0.18802492320537567,0.6871287226676941,0.30000001192092896
YJR144W,YDR368W,0,0.50213164,0.1879739910364151,0.6871287226676941,0.30010008811950684
YEL029C,YJR103W,0,0.5016104,0.1879231035709381,0.6871287226676941,0.3002001941204071
YNL077W,YJR135C,0,0.50149685,0.18787223100662231,0.6871287226676941,0.3003003001213074
YMR112C,YOR215C,0,0.5014544,0.1878213733434677,0.6871287226676941,0.30040040612220764
YAR014C,YER048C,0,0.5010712,0.1877705603837967,0.6871287226676941,0.3005005121231079
YLR132C,YPR178W,1,0.5010373,0.18799026310443878,0.6881188154220581,0.3005005121231079
YJL155C,YLR357W,0,0.5007068,0.18793942034244537,0.6881188154220581,0.3006005883216858
YGR247W,YIL074C,0,0.50027746,0.18788862228393555,0.6881188154220581,0.30070069432258606
YOL018C,YOL008W,0,0.50006723,0.18783783912658691,0.6881188154220581,0.30080080032348633
YMR029C,YLR364W,0,0.49929434,0.18778708577156067,0.6881188154220581,0.3009009063243866
YLL062C,YIL142W,0,0.49921197,0.1877363622188568,0.6881188154220581,0.30100101232528687
YDL051W,YOL102C,0,0.49909785,0.18768565356731415,0.6881188154220581,0.30110108852386475
YNL037C,YIL016W,0,0.49902165,0.18763498961925507,0.6881188154220581,0.301201194524765
YFR004W,YDR339C,0,0.49857625,0.18758434057235718,0.6881188154220581,0.3013013005256653
YPL108W,YML010W,0,0.49852216,0.18753373622894287,0.6881188154220581,0.30140140652656555
YDR307W,YOR299W,0,0.49848476,0.18748314678668976,0.6881188154220581,0.3015015125274658
YCR068W,YJR055W,0,0.49847636,0.18743257224559784,0.6881188154220581,0.3016015887260437
YLR449W,YPR049C,0,0.49804628,0.1873820424079895,0.6881188154220581,0.30170169472694397
YFL017W-A,YER172C,1,0.49795178,0.18760107457637787,0.6891089081764221,0.30170169472694397
YJR095W,YER058W,0,0.49793893,0.18755052983760834,0.6891089081764221,0.30180180072784424
YLR166C,YBL054W,0,0.49785528,0.1875,0.6891089081764221,0.3019019067287445
YOL089C,YOL018C,0,0.49780858,0.18744949996471405,0.6891089081764221,0.3020020127296448
YGL003C,YDR006C,0,0.49695912,0.1873990297317505,0.6891089081764221,0.30210208892822266
YOR288C,YNL087W,0,0.49663723,0.18734858930110931,0.6891089081764221,0.3022021949291229
YMR021C,YNR021W,0,0.49655575,0.18729816377162933,0.6891089081764221,0.3023023009300232
YAL041W,YDR265W,0,0.49606723,0.18724778294563293,0.6891089081764221,0.30240240693092346
YHR057C,YJL020C,0,0.49593297,0.18719741702079773,0.6891089081764221,0.30250251293182373
YNL012W,YOL092W,0,0.4958781,0.1871470808982849,0.6891089081764221,0.3026025891304016
YHR023W,YMR099C,0,0.49574846,0.18709677457809448,0.6891089081764221,0.3027026951313019
YIR032C,YNL126W,0,0.49568436,0.18704649806022644,0.6891089081764221,0.30280280113220215
YAL021C,YOL151W,0,0.49548715,0.1869962364435196,0.6891089081764221,0.3029029071331024
YHR124W,YJR015W,0,0.49536073,0.18694600462913513,0.6891089081764221,0.3030030131340027
YDL155W,YCR017C,0,0.49510786,0.18689581751823425,0.6891089081764221,0.30310308933258057
YDR164C,YDR228C,0,0.49501154,0.18684563040733337,0.6891089081764221,0.30320319533348083
YDR531W,YDL148C,0,0.49462035,0.18679548799991608,0.6891089081764221,0.3033033013343811
YBR097W,YDL161W,0,0.49453518,0.18674537539482117,0.6891089081764221,0.30340340733528137
YHR011W,YNL092W,0,0.49400547,0.18669527769088745,0.6891089081764221,0.30350351333618164
YNL049C,YLR362W,0,0.49398893,0.18664520978927612,0.6891089081764221,0.3036035895347595
YIL139C,YOR201C,0,0.49398807,0.18659517168998718,0.6891089081764221,0.3037036955356598
YDL056W,YDR519W,0,0.49380395,0.18654516339302063,0.6891089081764221,0.30380380153656006
YGR140W,YBR296C,0,0.4937728,0.18649516999721527,0.6891089081764221,0.3039039075374603
YDR141C,YDR253C,0,0.49377126,0.1864452213048935,0.6891089081764221,0.3040040135383606
YDR465C,YLR005W,0,0.49374318,0.1863952875137329,0.6891089081764221,0.3041040897369385
YMR051C,YKL100C,0,0.49349535,0.18634538352489471,0.6891089081764221,0.30420419573783875
YER169W,YJR101W,0,0.49327278,0.1862955093383789,0.6891089081764221,0.304304301738739
YDR139C,YJR158W,0,0.49322927,0.1862456500530243,0.6891089081764221,0.3044044077396393
YDR330W,YGR222W,0,0.49317962,0.18619582056999207,0.6891089081764221,0.30450451374053955
YDR486C,YOL124C,0,0.49211094,0.18614603579044342,0.6891089081764221,0.30460458993911743
YKL198C,YGL131C,0,0.4920678,0.18609625101089478,0.6891089081764221,0.3047046959400177
YLL017W,YKR038C,0,0.4920661,0.1860465109348297,0.6891089081764221,0.30480480194091797
YGR284C,YER125W,0,0.49091274,0.18599678575992584,0.6891089081764221,0.30490490794181824
YBR084C-A,YOL026C,0,0.49064028,0.18594710528850555,0.6891089081764221,0.3050050139427185
YLR359W,YOL148C,0,0.4903913,0.18589743971824646,0.6891089081764221,0.3051051199436188
YDL030W,YLR116W,1,0.49017265,0.1861148178577423,0.6900990009307861,0.3051051199436188
YJL189W,YGL013C,0,0.48990095,0.18606513738632202,0.6900990009307861,0.30520519614219666
YGR222W,YJL133W,1,0.48948097,0.18628236651420593,0.6910890936851501,0.30520519614219666
YLL017W,YNL209W,0,0.48933303,0.18623265624046326,0.6910890936851501,0.3053053021430969
YLR312W-A,YLR010C,0,0.48925436,0.18618297576904297,0.6910890936851501,0.3054054081439972
YHR045W,YMR023C,0,0.4891426,0.18613334000110626,0.6910890936851501,0.30550551414489746
YEL038W,YLR028C,0,0.48890638,0.18608370423316956,0.6910890936851501,0.30560562014579773
YPR021C,YER013W,0,0.48831213,0.18603411316871643,0.6910890936851501,0.3057056963443756
YKL017C,YEL022W,0,0.48804384,0.1859845519065857,0.6910890936851501,0.3058058023452759
YJR056C,YHR160C,0,0.48772734,0.18593500554561615,0.6910890936851501,0.30590590834617615
YDR238C,YDL059C,0,0.48760137,0.185885488986969,0.6910890936851501,0.3060060143470764
YPL020C,YDR016C,0,0.48755804,0.18583600223064423,0.6910890936851501,0.3061061203479767
YGL033W,YHR063C,0,0.4873172,0.18578653037548065,0.6910890936851501,0.30620619654655457
YEL016C,YNL265C,0,0.48646104,0.18573708832263947,0.6910890936851501,0.30630630254745483
YMR034C,YPL183W-A,0,0.48637852,0.18568767607212067,0.6910890936851501,0.3064064085483551
YKR062W,YJR086W,0,0.4862985,0.18563829362392426,0.6910890936851501,0.30650651454925537
YDR194C,YLR016C,1,0.48615986,0.18585482239723206,0.6920791864395142,0.30650651454925537
YER086W,YDR423C,0,0.4856494,0.18580542504787445,0.6920791864395142,0.30660662055015564
YHL019C,YJL024C,0,0.48561287,0.18575604259967804,0.6920791864395142,0.3067066967487335
YHR072W,YPL214C,0,0.48547077,0.18570668995380402,0.6920791864395142,0.3068068027496338
YIR023W,YGR215W,0,0.48540923,0.18565736711025238,0.6920791864395142,0.30690690875053406
YGL083W,YKL007W,0,0.48494047,0.18560807406902313,0.6920791864395142,0.3070070147514343
YGL054C,YLR376C,0,0.48468453,0.18555879592895508,0.6920791864395142,0.3071071207523346
YER048C,YNL290W,0,0.48466703,0.1855095475912094,0.6920791864395142,0.3072071969509125
YHR188C,YGL162W,0,0.48393103,0.18546032905578613,0.6920791864395142,0.30730730295181274
YGR106C,YKL015W,0,0.48383272,0.18541114032268524,0.6920791864395142,0.307407408952713
YDL020C,YMR282C,0,0.48363215,0.18536196649074554,0.6920791864395142,0.3075075149536133
YOR148C,YPL094C,0,0.48323095,0.18531283736228943,0.6920791864395142,0.30760762095451355
YLR298C,YBL074C,1,0.4831802,0.18552875518798828,0.6930692791938782,0.30760762095451355
YAL032C,YOR334W,1,0.48258168,0.18574456870555878,0.694059431552887,0.30760762095451355
YNL331C,YHR032W,0,0.48116052,0.1856953650712967,0.694059431552887,0.30770769715309143
YNL264C,YLR099C,0,0.48114467,0.185646191239357,0.694059431552887,0.3078078031539917
YPL152W,YBR012W-A,0,0.47990844,0.1855970323085785,0.694059431552887,0.30790790915489197
YCR060W,YOR214C,0,0.47933802,0.18554790318012238,0.694059431552887,0.30800801515579224
YDR243C,YPR082C,1,0.4792729,0.1857634335756302,0.695049524307251,0.30800801515579224
YKL049C,YCR011C,0,0.478896,0.18571428954601288,0.695049524307251,0.3081081211566925
YCR096C,YKL184W,0,0.47864902,0.18566517531871796,0.695049524307251,0.3082081973552704
YLR383W,YIL067C,0,0.4786435,0.18561607599258423,0.695049524307251,0.30830830335617065
YNL128W,YJR112W,0,0.47862643,0.1855670064687729,0.695049524307251,0.3084084093570709
YJL157C,YOR294W,0,0.4782641,0.18551796674728394,0.695049524307251,0.3085085153579712
YDR334W,YBL042C,0,0.47794414,0.18546895682811737,0.695049524307251,0.30860862135887146
YJR076C,YJR026W,0,0.47780997,0.185419961810112,0.695049524307251,0.30870869755744934
YDL138W,YMR211W,0,0.47745368,0.1853710114955902,0.695049524307251,0.3088088035583496
YPR075C,YGL030W,0,0.47688618,0.18532207608222961,0.695049524307251,0.3089089095592499
YLR371W,YDR059C,0,0.4766586,0.1852731555700302,0.695049524307251,0.30900901556015015
YDR443C,YBR031W,0,0.4763282,0.1852242797613144,0.695049524307251,0.3091091215610504
YLL051C,YNL259C,0,0.47600806,0.18517541885375977,0.695049524307251,0.3092091977596283
YOR269W,YPL208W,0,0.4753694,0.18512658774852753,0.695049524307251,0.30930930376052856
YHR002W,YEL063C,0,0.4752519,0.18507777154445648,0.695049524307251,0.30940940976142883
YPL064C,YOR334W,1,0.4751645,0.1852925717830658,0.696039617061615,0.30940940976142883
YKL022C,YDL075W,0,0.47502097,0.18524374067783356,0.696039617061615,0.3095095157623291
YPL172C,YFR005C,0,0.47482473,0.1851949393749237,0.696039617061615,0.30960962176322937
YLL036C,YER146W,1,0.47477758,0.1854095309972763,0.697029709815979,0.30960962176322937
YLR319C,YOR005C,0,0.47418553,0.18536071479320526,0.697029709815979,0.30970969796180725
YKL088W,YIL049W,0,0.47409096,0.1853119283914566,0.697029709815979,0.3098098039627075
YPL147W,YBR058C,0,0.47397316,0.18526315689086914,0.697029709815979,0.3099099099636078
YCR042C,YGL141W,0,0.47372156,0.18521441519260406,0.697029709815979,0.31001001596450806
YJL141C,YKR094C,0,0.47353142,0.18516570329666138,0.697029709815979,0.3101101219654083
YPR178W,YDR387C,0,0.47309965,0.18511700630187988,0.697029709815979,0.3102101981639862
YBR171W,YEL041W,0,0.4730007,0.18506835401058197,0.697029709815979,0.3103103041648865
YMR071C,YDL231C,0,0.47272113,0.18501971662044525,0.697029709815979,0.31041041016578674
YER148W,YJR088C,0,0.4726814,0.18497109413146973,0.697029709815979,0.310510516166687
YKR002W,YEL050C,0,0.47231734,0.18492251634597778,0.697029709815979,0.3106106221675873
YEL046C,YNL265C,0,0.4719292,0.18487395346164703,0.697029709815979,0.31071069836616516
YDR294C,YDR472W,0,0.47138578,0.18482542037963867,0.697029709815979,0.31081080436706543
YLR026C,YMR309C,0,0.47121173,0.1847769021987915,0.697029709815979,0.3109109103679657
YDR262W,YLR032W,0,0.47121125,0.18472841382026672,0.697029709815979,0.31101101636886597
YPR031W,YPL180W,0,0.47052723,0.18467995524406433,0.697029709815979,0.31111112236976624
YGR028W,YKL022C,0,0.47025704,0.18463152647018433,0.697029709815979,0.3112111985683441
YBR166C,YLR097C,0,0.47001278,0.18458311259746552,0.697029709815979,0.3113113045692444
YER184C,YDL127W,0,0.46988252,0.1845347285270691,0.697029709815979,0.31141141057014465
YNL127W,YBR260C,0,0.46982938,0.18448637425899506,0.697029709815979,0.3115115165710449
YCR042C,YGR001C,0,0.46980226,0.18443803489208221,0.697029709815979,0.3116116225719452
YMR047C,YMR125W,1,0.46949458,0.18465164303779602,0.698019802570343,0.3116116225719452
YBR036C,YLR405W,0,0.46928027,0.18460330367088318,0.698019802570343,0.31171169877052307
YER157W,YJL117W,0,0.46921253,0.18455497920513153,0.698019802570343,0.31181180477142334
YGL227W,YGL051W,0,0.46892726,0.18450666964054108,0.698019802570343,0.3119119107723236
YMR054W,YIL103W,0,0.4686045,0.1844584047794342,0.698019802570343,0.3120120167732239
YIL073C,YPR019W,0,0.46807012,0.18441015481948853,0.698019802570343,0.31211212277412415
YDL087C,YDL030W,1,0.46800596,0.18462343513965607,0.699009895324707,0.31211212277412415
YBR110W,YDR371W,0,0.46766555,0.1845751702785492,0.699009895324707,0.312212198972702
YBR142W,YNL052W,0,0.46728784,0.18452692031860352,0.699009895324707,0.3123123049736023
YMR092C,YFL010W-A,0,0.4669945,0.18447870016098022,0.699009895324707,0.31241241097450256
YNL273W,YMR199W,0,0.4669538,0.18443050980567932,0.699009895324707,0.31251251697540283
YLR301W,YAL009W,0,0.46688694,0.1843823492527008,0.699009895324707,0.3126126229763031
YOR084W,YBR077C,0,0.46670073,0.18433420360088348,0.699009895324707,0.312712699174881
YMR315W,YHR172W,0,0.46600452,0.18428608775138855,0.699009895324707,0.31281280517578125
YHR028C,YMR026C,0,0.46582824,0.184238001704216,0.699009895324707,0.3129129111766815
YEL016C,YGR238C,0,0.4656036,0.18418993055820465,0.699009895324707,0.3130130171775818
YKL003C,YBR264C,0,0.46558183,0.18414188921451569,0.699009895324707,0.31311312317848206
YAR015W,YKL007W,0,0.46548432,0.1840938776731491,0.699009895324707,0.31321319937705994
YPR189W,YHR109W,0,0.46519783,0.18404588103294373,0.699009895324707,0.3133133053779602
YGR132C,YDL035C,0,0.46516865,0.18399791419506073,0.699009895324707,0.3134134113788605
YEL046C,YPL011C,0,0.46511847,0.18394997715950012,0.699009895324707,0.31351351737976074
YOR209C,YOR115C,0,0.46505243,0.1839020550251007,0.699009895324707,0.313613623380661
YDR302W,YML116W,0,0.46479714,0.18385416269302368,0.699009895324707,0.3137136995792389
YJR147W,YNR008W,0,0.4646871,0.18380630016326904,0.699009895324707,0.31381380558013916
YPR049C,YBR004C,0,0.46436226,0.1837584525346756,0.699009895324707,0.31391391158103943
YMR198W,YOR332W,0,0.46424037,0.18371064960956573,0.699009895324707,0.3140140175819397
YMR139W,YOR095C,0,0.46421024,0.18366284668445587,0.699009895324707,0.31411412358283997
YGL206C,YLR427W,0,0.46370286,0.1836150884628296,0.699009895324707,0.31421419978141785
YBR044C,YMR029C,0,0.46369812,0.1835673451423645,0.699009895324707,0.3143143057823181
YJL111W,YOR071C,0,0.46365026,0.1835196316242218,0.699009895324707,0.3144144117832184
YDL138W,YKL206C,0,0.46322453,0.1834719330072403,0.699009895324707,0.31451451778411865
YEL065W,YPR002W,0,0.4628709,0.18342426419258118,0.699009895324707,0.3146146237850189
YPR101W,YGR075C,1,0.46214452,0.1836363673210144,0.699999988079071,0.3146146237850189
YAL021C,YDR512C,0,0.46203047,0.1835886836051941,0.699999988079071,0.3147146999835968
YDL030W,YOR221C,0,0.46197683,0.18354101479053497,0.699999988079071,0.31481480598449707
YLR103C,YOL125W,0,0.461889,0.18349337577819824,0.699999988079071,0.31491491198539734
YNL049C,YGR132C,0,0.4617316,0.1834457665681839,0.699999988079071,0.3150150179862976
YKR098C,YDL191W,0,0.46154928,0.18339818716049194,0.699999988079071,0.3151151239871979
YFR019W,YJL136C,0,0.4610886,0.18335062265396118,0.699999988079071,0.31521522998809814
YMR296C,YDR368W,0,0.4604058,0.1833030879497528,0.699999988079071,0.315315306186676
YOR215C,YKR048C,0,0.46030244,0.18325556814670563,0.699999988079071,0.3154154121875763
YGL174W,YML126C,0,0.46026886,0.18320807814598083,0.699999988079071,0.31551551818847656
YEL015W,YEL065W,0,0.45968544,0.18316061794757843,0.699999988079071,0.31561562418937683
YER006W,YOR036W,0,0.4596166,0.1831131875514984,0.699999988079071,0.3157157301902771
YOR128C,YLL039C,0,0.4595418,0.1830657720565796,0.699999988079071,0.315815806388855
YDR166C,YJR017C,0,0.45927447,0.18301838636398315,0.699999988079071,0.31591591238975525
YOR301W,YLR459W,0,0.45912504,0.1829710155725479,0.699999988079071,0.3160160183906555
YDL214C,YDL044C,0,0.45883742,0.18292367458343506,0.699999988079071,0.3161161243915558
YHR045W,YPR186C,0,0.45878634,0.1828763633966446,0.699999988079071,0.31621623039245605
YNR056C,YGR065C,0,0.4587783,0.18282906711101532,0.699999988079071,0.31631630659103394
YDR171W,YCR003W,0,0.45875406,0.18278180062770844,0.699999988079071,0.3164164125919342
YPL046C,YOR215C,0,0.45852473,0.18273456394672394,0.699999988079071,0.3165165185928345
YDL108W,YDR483W,0,0.45840973,0.18268734216690063,0.699999988079071,0.31661662459373474
YHR034C,YPR152C,1,0.45807174,0.18289847671985626,0.7009900808334351,0.31661662459373474
YLR028C,YDR264C,0,0.45792392,0.18285124003887177,0.7009900808334351,0.316716730594635
YJL112W,YIL115C,0,0.4578417,0.18280403316020966,0.7009900808334351,0.3168168067932129
YER021W,YPR144C,0,0.4577702,0.18275684118270874,0.7009900808334351,0.31691691279411316
YGL161C,YDR371W,0,0.45767814,0.1827096790075302,0.7009900808334351,0.3170170187950134
YNR041C,YLR383W,0,0.45759448,0.18266253173351288,0.7009900808334351,0.3171171247959137
YER125W,YKR101W,0,0.4574684,0.18261542916297913,0.7009900808334351,0.31721723079681396
YLR219W,YDR236C,0,0.45719427,0.18256834149360657,0.7009900808334351,0.31731730699539185
YEL053C,YDR058C,0,0.45705062,0.1825212687253952,0.7009900808334351,0.3174174129962921
YMR162C,YDR071C,0,0.45676565,0.18247422575950623,0.7009900808334351,0.3175175189971924
YOL158C,YJL092W,0,0.4566589,0.18242721259593964,0.7009900808334351,0.31761762499809265
YDR522C,YGL062W,0,0.45657453,0.18238021433353424,0.7009900808334351,0.3177177309989929
YML113W,YPL016W,0,0.45645836,0.18233324587345123,0.7009900808334351,0.3178178071975708
YDR020C,YDR060W,0,0.45640638,0.1822863072156906,0.7009900808334351,0.31791791319847107
YMR228W,YCL038C,0,0.4563971,0.1822393834590912,0.7009900808334351,0.31801801919937134
YHR092C,YNL090W,0,0.45632583,0.18219248950481415,0.7009900808334351,0.3181181252002716
YBL074C,YBR022W,1,0.45601618,0.18240287899971008,0.7019801735877991,0.3181181252002716
YPR138C,YDR352W,0,0.4559716,0.18235597014427185,0.7019801735877991,0.3182182312011719
YOL003C,YPL186C,0,0.45587814,0.1823090761899948,0.7019801735877991,0.31831830739974976
YNL090W,YBL021C,0,0.45581657,0.18226221203804016,0.7019801735877991,0.31841841340065
YLL005C,YMR307W,0,0.45529166,0.1822153627872467,0.7019801735877991,0.3185185194015503
YJL099W,YKL218C,0,0.45526013,0.18216855823993683,0.7019801735877991,0.31861862540245056
YNR013C,YHR134W,0,0.4551211,0.18212175369262695,0.7019801735877991,0.31871873140335083
YJL056C,YBR173C,0,0.45504797,0.18207499384880066,0.7019801735877991,0.3188188076019287
YNL286W,YBL074C,1,0.45472053,0.18228498101234436,0.7029703259468079,0.3188188076019287
YJR060W,YBR205W,0,0.45462656,0.18223819136619568,0.7029703259468079,0.318918913602829
YKL017C,YKR018C,0,0.45426366,0.18219143152236938,0.7029703259468079,0.31901901960372925
YLR438C-A,YDR235W,1,0.45387784,0.18240122497081757,0.7039604187011719,0.31901901960372925
YBR095C,YDL174C,0,0.45360476,0.18235445022583008,0.7039604187011719,0.3191191256046295
YPL055C,YER050C,0,0.45320302,0.18230769038200378,0.7039604187011719,0.3192192316055298
YFL008W,YGR026W,0,0.45276418,0.18226096034049988,0.7039604187011719,0.31931930780410767
YJL030W,YIL145C,0,0.45249614,0.18221424520015717,0.7039604187011719,0.31941941380500793
YBR128C,YER096W,0,0.45239288,0.18216755986213684,0.7039604187011719,0.3195195198059082
YHR168W,YDR207C,0,0.4521683,0.1821209043264389,0.7039604187011719,0.31961962580680847
YLR396C,YPL269W,0,0.45214692,0.18207426369190216,0.7039604187011719,0.31971973180770874
YDR096W,YOL093W,0,0.45208615,0.1820276528596878,0.7039604187011719,0.3198198080062866
YGR257C,YMR008C,0,0.4519741,0.18198105692863464,0.7039604187011719,0.3199199140071869
YPL242C,YBR186W,0,0.45165443,0.18193449079990387,0.7039604187011719,0.32002002000808716
YJL123C,YLR069C,0,0.45163494,0.18188795447349548,0.7039604187011719,0.3201201260089874
YNL222W,YCL063W,0,0.4510565,0.1818414330482483,0.7039604187011719,0.3202202320098877
YFL033C,YGR132C,0,0.4510209,0.1817949414253235,0.7039604187011719,0.3203203082084656
YKR067W,YPR127W,0,0.45075142,0.18174846470355988,0.7039604187011719,0.32042041420936584
YMR171C,YLR438C-A,0,0.45041773,0.18170201778411865,0.7039604187011719,0.3205205202102661
YDR411C,YBR006W,0,0.44985896,0.18165560066699982,0.7039604187011719,0.3206206262111664
YJR040W,YJL076W,0,0.44962,0.18160919845104218,0.7039604187011719,0.32072073221206665
YIR028W,YBL034C,0,0.44925457,0.18156282603740692,0.7039604187011719,0.32082080841064453
YBR267W,YPL016W,0,0.4491039,0.18151646852493286,0.7039604187011719,0.3209209144115448
YNR069C,YER114C,0,0.44909796,0.1814701408147812,0.7039604187011719,0.32102102041244507
YBR251W,YJR025C,0,0.44906712,0.1814238280057907,0.7039604187011719,0.32112112641334534
YDL142C,YKL205W,0,0.4489404,0.18137754499912262,0.7039604187011719,0.3212212324142456
YMR068W,YGR077C,0,0.44866282,0.18133129179477692,0.7039604187011719,0.3213213086128235
YDL066W,YML109W,0,0.44803223,0.1812850534915924,0.7039604187011719,0.32142141461372375
YIL048W,YEL064C,0,0.44733784,0.18123884499073029,0.7039604187011719,0.321521520614624
YCR033W,YLR314C,0,0.44695133,0.18119266629219055,0.7039604187011719,0.3216216266155243
YOR122C,YDR099W,0,0.44663194,0.181146502494812,0.7039604187011719,0.32172173261642456
YDR121W,YCL011C,0,0.4463777,0.18110035359859467,0.7039604187011719,0.32182180881500244
YER141W,YPR029C,0,0.44592008,0.1810542345046997,0.7039604187011719,0.3219219148159027
YIR012W,YJL118W,0,0.4458508,0.18100814521312714,0.7039604187011719,0.322022020816803
YKL205W,YDR229W,0,0.44508156,0.18096207082271576,0.7039604187011719,0.32212212681770325
YER019W,YPL127C,0,0.44488555,0.18091602623462677,0.7039604187011719,0.3222222328186035
YLR380W,YOL093W,0,0.44470918,0.18087001144886017,0.7039604187011719,0.3223223090171814
YPR021C,YOR292C,0,0.44466048,0.18082401156425476,0.7039604187011719,0.32242241501808167
YJL052W,YDR076W,0,0.44390523,0.18077802658081055,0.7039604187011719,0.32252252101898193
YKL091C,YNL026W,0,0.44355994,0.18073208630084991,0.7039604187011719,0.3226226270198822
YDR337W,YER065C,0,0.44341215,0.18068614602088928,0.7039604187011719,0.32272273302078247
YAL022C,YBR267W,0,0.44336465,0.18064025044441223,0.7039604187011719,0.32282280921936035
YPL195W,YCL045C,0,0.44304836,0.18059435486793518,0.7039604187011719,0.3229229152202606
YOR353C,YHR027C,0,0.44299087,0.1805485039949417,0.7039604187011719,0.3230230212211609
YKL222C,YDR524C,0,0.44285402,0.18050266802310944,0.7039604187011719,0.32312312722206116
YHR178W,YMR022W,0,0.4427474,0.18045684695243835,0.7039604187011719,0.3232232332229614
YGL190C,YPR048W,0,0.44266316,0.18041107058525085,0.7039604187011719,0.3233233094215393
YBR156C,YML051W,0,0.44255942,0.18036529421806335,0.7039604187011719,0.3234234154224396
YPL274W,YMR200W,0,0.44254202,0.18031954765319824,0.7039604187011719,0.32352352142333984
YIL034C,YPL218W,0,0.4424146,0.18027383089065552,0.7039604187011719,0.3236236274242401
YIL108W,YGR062C,0,0.44239855,0.18022814393043518,0.7039604187011719,0.3237237334251404
YFR001W,YOL021C,0,0.4422403,0.18018245697021484,0.7039604187011719,0.32382380962371826
YLR388W,YMR139W,0,0.44191834,0.1801368147134781,0.7039604187011719,0.32392391562461853
YHR051W,YNL212W,0,0.44162327,0.18009118735790253,0.7039604187011719,0.3240240216255188
YDR243C,YKL205W,1,0.44116017,0.1802988052368164,0.7049505114555359,0.3240240216255188
YOR377W,YNL177C,0,0.44111195,0.18025316298007965,0.7049505114555359,0.32412412762641907
YML049C,YNL224C,1,0.44063342,0.18046064674854279,0.7059406042098999,0.32412412762641907
YHR074W,YDL226C,0,0.44058245,0.18041497468948364,0.7059406042098999,0.32422423362731934
YCR060W,YBL066C,0,0.44049025,0.1803693324327469,0.7059406042098999,0.3243243098258972
YDR237W,YCR066W,0,0.4403321,0.18032371997833252,0.7059406042098999,0.3244244158267975
YER172C,YGR075C,1,0.44008255,0.18053098022937775,0.7069306969642639,0.3244244158267975
YPR091C,YOR336W,0,0.4398289,0.180485337972641,0.7069306969642639,0.32452452182769775
YDR073W,YOR180C,0,0.43948743,0.18043972551822662,0.7069306969642639,0.324624627828598
YNL299W,YOL062C,0,0.43901092,0.18039414286613464,0.7069306969642639,0.3247247338294983
YPR190C,YHR112C,0,0.43860912,0.18034857511520386,0.7069306969642639,0.32482481002807617
YDR062W,YDR180W,0,0.43845975,0.18030303716659546,0.7069306969642639,0.32492491602897644
YPL118W,YHR134W,0,0.43837672,0.18025751411914825,0.7069306969642639,0.3250250220298767
YJR105W,YKL139W,0,0.43816394,0.18021202087402344,0.7069306969642639,0.325125128030777
YBR123C,YLR070C,0,0.43813777,0.18016654253005981,0.7069306969642639,0.32522523403167725
YLR134W,YOL054W,0,0.4379173,0.18012109398841858,0.7069306969642639,0.3253253400325775
YMR146C,YNL064C,0,0.4378807,0.18007566034793854,0.7069306969642639,0.3254254162311554
YLR138W,YKL010C,0,0.43767333,0.18003025650978088,0.7069306969642639,0.32552552223205566
YIR002C,YGR096W,0,0.43758357,0.17998488247394562,0.7069306969642639,0.32562562823295593
YML040W,YDR306C,0,0.43755022,0.17993952333927155,0.7069306969642639,0.3257257342338562
YNL152W,YPR019W,0,0.43716177,0.17989417910575867,0.7069306969642639,0.32582584023475647
YBR244W,YLR026C,0,0.43685707,0.17984886467456818,0.7069306969642639,0.32592591643333435
YAR010C,YDR173C,0,0.4367314,0.17980358004570007,0.7069306969642639,0.3260260224342346
YLR343W,YOR313C,0,0.43627512,0.17975831031799316,0.7069306969642639,0.3261261284351349
YBR298C,YLR077W,0,0.43623942,0.17971307039260864,0.7069306969642639,0.32622623443603516
YOR299W,YBR302C,0,0.43604958,0.17966784536838531,0.7069306969642639,0.3263263404369354
YJR158W,YPL059W,0,0.4360235,0.17962263524532318,0.7069306969642639,0.3264264166355133
YNL284C,YFR001W,0,0.435896,0.17957746982574463,0.7069306969642639,0.3265265226364136
YBR244W,YNL310C,0,0.43580914,0.17953230440616608,0.7069306969642639,0.32662662863731384
YDR235W,YGR006W,1,0.4356554,0.17973856627941132,0.7079207897186279,0.32662662863731384
YFR008W,YHL009C,0,0.43502864,0.17969338595867157,0.7079207897186279,0.3267267346382141
YBL022C,YHR098C,0,0.43475306,0.1796482354402542,0.7079207897186279,0.3268268406391144
YLR394W,YLR005W,0,0.43433553,0.17960311472415924,0.7079207897186279,0.32692691683769226
YNR073C,YIL138C,0,0.43401173,0.17955800890922546,0.7079207897186279,0.32702702283859253
YOR297C,YKL112W,0,0.43394142,0.17951293289661407,0.7079207897186279,0.3271271288394928
YLR226W,YPL082C,0,0.43384188,0.17946787178516388,0.7079207897186279,0.32722723484039307
YOR211C,YDL077C,0,0.43335706,0.17942284047603607,0.7079207897186279,0.32732734084129333
YJR070C,YNL080C,0,0.4332479,0.17937782406806946,0.7079207897186279,0.3274274170398712
YER042W,YMR004W,0,0.43308762,0.17933283746242523,0.7079207897186279,0.3275275230407715
YOR381W,YOL090W,0,0.4329387,0.1792878657579422,0.7079207897186279,0.32762762904167175
YFR041C,YPL072W,0,0.4326737,0.17924292385578156,0.7079207897186279,0.327727735042572
YBL089W,YDL109C,0,0.43265358,0.1791979968547821,0.7079207897186279,0.3278278410434723
YIL006W,YIL046W,0,0.4323729,0.17915309965610504,0.7079207897186279,0.32792791724205017
YDR419W,YCR017C,0,0.4318694,0.17910821735858917,0.7079207897186279,0.32802802324295044
YNR027W,YEL058W,0,0.4317813,0.1790633648633957,0.7079207897186279,0.3281281292438507
YOR131C,YPR137W,0,0.43174794,0.1790185272693634,0.7079207897186279,0.328228235244751
YOL102C,YER172C,1,0.43165636,0.17922402918338776,0.7089108824729919,0.328228235244751
YGL251C,YDR497C,0,0.43151355,0.17917917668819427,0.7089108824729919,0.32832834124565125
YFR029W,YJR059W,0,0.43143773,0.17913435399532318,0.7089108824729919,0.3284284174442291
YMR284W,YBR164C,0,0.43130678,0.17908954620361328,0.7089108824729919,0.3285285234451294
YNR011C,YOR308C,1,0.43125576,0.17929482460021973,0.709900975227356,0.3285285234451294
YNR047W,YKL090W,0,0.43120536,0.17925000190734863,0.709900975227356,0.32862862944602966
YDR369C,YBR198C,0,0.43068814,0.17920519411563873,0.709900975227356,0.32872873544692993
YLR327C,YDR296W,0,0.42994484,0.17916041612625122,0.709900975227356,0.3288288414478302
YOR099W,YLR174W,0,0.42992494,0.1791156679391861,0.709900975227356,0.3289289176464081
YDR532C,YIR035C,0,0.42987645,0.17907093465328217,0.709900975227356,0.32902902364730835
YNL224C,YHR042W,0,0.42963678,0.17902621626853943,0.709900975227356,0.3291291296482086
YMR021C,YJR029W,0,0.42945445,0.17898152768611908,0.709900975227356,0.3292292356491089
YOR313C,YFL062W,0,0.42933577,0.17893685400485992,0.709900975227356,0.32932934165000916
YGR227W,YOR294W,0,0.42930466,0.17889221012592316,0.709900975227356,0.32942941784858704
YAL021C,YAR035W,0,0.4291575,0.17884759604930878,0.709900975227356,0.3295295238494873
YMR236W,YEL056W,0,0.42905137,0.1788029968738556,0.709900975227356,0.3296296298503876
YBR102C,YGR074W,1,0.42896262,0.17900772392749786,0.71089106798172,0.3296296298503876
YML037C,YPR052C,0,0.4287187,0.17896310985088348,0.71089106798172,0.32972973585128784
YPL091W,YKR008W,0,0.42841977,0.1789185106754303,0.71089106798172,0.3298298418521881
YFL033C,YNL316C,0,0.4281476,0.1788739413022995,0.71089106798172,0.329929918050766
YML114C,YHR051W,0,0.42790574,0.1788293868303299,0.71089106798172,0.33003002405166626
YDR172W,YHR072W,0,0.42787164,0.17878486216068268,0.71089106798172,0.33013013005256653
YGL130W,YBR096W,0,0.42767486,0.17874035239219666,0.71089106798172,0.3302302360534668
YJR021C,YMR264W,0,0.42761296,0.17869587242603302,0.71089106798172,0.33033034205436707
YGL128C,YFL017W-A,1,0.42702296,0.17890022695064545,0.711881160736084,0.33033034205436707
YGR207C,YPL157W,0,0.42686692,0.17885571718215942,0.711881160736084,0.33043041825294495
YLR439W,YHR161C,0,0.4268403,0.1788112372159958,0.711881160736084,0.3305305242538452
YCR009C,YDR416W,0,0.42682332,0.17876678705215454,0.711881160736084,0.3306306302547455
YDR158W,YNL272C,0,0.42642456,0.1787223517894745,0.711881160736084,0.33073073625564575
YIL031W,YIL048W,0,0.42623544,0.17867793142795563,0.711881160736084,0.330830842256546
YMR058W,YOL107W,0,0.42544508,0.17863354086875916,0.711881160736084,0.3309309184551239
YDL207W,YDR389W,0,0.42522314,0.17858916521072388,0.711881160736084,0.33103102445602417
YOR347C,YLL061W,0,0.4250665,0.178544819355011,0.711881160736084,0.33113113045692444
YLR310C,YDR137W,0,0.42475158,0.17850050330162048,0.711881160736084,0.3312312364578247
YNL210W,YER013W,1,0.42415014,0.1787043958902359,0.7128713130950928,0.3312312364578247
YAL012W,YDL156W,0,0.42412597,0.178660050034523,0.7128713130950928,0.331331342458725
YHR116W,YGR020C,0,0.42408296,0.1786157339811325,0.7128713130950928,0.33143141865730286
YML109W,YPR026W,0,0.42310762,0.1785714328289032,0.7128713130950928,0.3315315246582031
YDR079W,YDR011W,0,0.42282248,0.17852714657783508,0.7128713130950928,0.3316316306591034
YNR057C,YOR047C,0,0.4227935,0.17848289012908936,0.7128713130950928,0.33173173666000366
YHR036W,YJR015W,0,0.42274243,0.17843866348266602,0.7128713130950928,0.33183184266090393
YBR021W,YOR265W,0,0.4226772,0.17839445173740387,0.7128713130950928,0.3319319188594818
YNL230C,YDR069C,0,0.42255244,0.17835025489330292,0.7128713130950928,0.3320320248603821
YGL161C,YPL122C,0,0.42201793,0.17830608785152435,0.7128713130950928,0.33213213086128235
YNL279W,YML074C,0,0.42196363,0.17826195061206818,0.7128713130950928,0.3322322368621826
YCL061C,YPL157W,0,0.42173988,0.1782178282737732,0.7128713130950928,0.3323323428630829
YBR234C,YGR184C,0,0.4212776,0.1781737208366394,0.7128713130950928,0.33243241906166077
YJR050W,YPR082C,1,0.42120078,0.17837704718112946,0.7138614058494568,0.33243241906166077
YKL208W,YLR097C,0,0.42114463,0.17833292484283447,0.7138614058494568,0.33253252506256104
YOR298W,YJR158W,0,0.42103338,0.17828881740570068,0.7138614058494568,0.3326326310634613
YOR275C,YKL022C,0,0.4205442,0.17824473977088928,0.7138614058494568,0.3327327370643616
YDR512C,YOR371C,0,0.4204864,0.17820069193840027,0.7138614058494568,0.33283284306526184
YNL213C,YMR316W,0,0.41990566,0.17815665900707245,0.7138614058494568,0.3329329192638397
YMR319C,YFR021W,0,0.4197883,0.17811264097690582,0.7138614058494568,0.33303302526474
YIR023W,YNL224C,0,0.4195661,0.17806865274906158,0.7138614058494568,0.33313313126564026
YDR036C,YPL186C,0,0.41932997,0.17802469432353973,0.7138614058494568,0.3332332372665405
YPR056W,YBR264C,0,0.41931173,0.17798075079917908,0.7138614058494568,0.3333333432674408
YLL035W,YDR283C,0,0.4190474,0.17793682217597961,0.7138614058494568,0.3334334194660187
YLR186W,YPL134C,0,0.41872415,0.17789292335510254,0.7138614058494568,0.33353352546691895
YLR139C,YNL325C,0,0.4187204,0.17784903943538666,0.7138614058494568,0.3336336314678192
YOR353C,YJR101W,0,0.4186955,0.17780518531799316,0.7138614058494568,0.3337337374687195
YBR135W,YBR170C,0,0.41855824,0.17776134610176086,0.7138614058494568,0.33383384346961975
YOL128C,YMR043W,0,0.4182621,0.17771752178668976,0.7138614058494568,0.33393391966819763
YGL013C,YCL052C,0,0.41800544,0.17767372727394104,0.7138614058494568,0.3340340256690979
YER035W,YKR080W,0,0.41797632,0.1776299625635147,0.7138614058494568,0.33413413166999817
YPL214C,YDR473C,0,0.41786504,0.17758621275424957,0.7138614058494568,0.33423423767089844
YFL034C-B,YLR297W,0,0.41785586,0.17754247784614563,0.7138614058494568,0.3343343436717987
YER166W,YHR119W,0,0.4177312,0.17749877274036407,0.7138614058494568,0.3344344198703766
YOR131C,YPL050C,0,0.41702366,0.1774550825357437,0.7138614058494568,0.33453452587127686
YJL019W,YKR048C,0,0.41700482,0.17741142213344574,0.7138614058494568,0.3346346318721771
YJR160C,YIL039W,0,0.41698912,0.17736777663230896,0.7138614058494568,0.3347347378730774
YGR049W,YDR416W,0,0.4168586,0.17732414603233337,0.7138614058494568,0.33483484387397766
YHR092C,YER008C,0,0.41656852,0.17728054523468018,0.7138614058494568,0.33493492007255554
YMR067C,YDL198C,0,0.41630304,0.17723697423934937,0.7138614058494568,0.3350350260734558
YHR143W,YHR129C,0,0.41629344,0.17719341814517975,0.7138614058494568,0.3351351320743561
YHR065C,YMR276W,0,0.41607606,0.17714987695217133,0.7138614058494568,0.33523523807525635
YDR304C,YPR098C,0,0.41589457,0.1771063655614853,0.7138614058494568,0.3353353440761566
YKL103C,YMR190C,0,0.41542712,0.17706286907196045,0.7138614058494568,0.3354354500770569
YJL164C,YDL015C,0,0.41532224,0.177019402384758,0.7138614058494568,0.33553552627563477
YDR118W,YOR133W,0,0.4149579,0.17697595059871674,0.7138614058494568,0.33563563227653503
YLR138W,YBR210W,0,0.4148643,0.17693251371383667,0.7138614058494568,0.3357357382774353
YBR142W,YPL236C,0,0.41470844,0.176889106631279,0.7138614058494568,0.33583584427833557
YPR101W,YPR178W,1,0.41440728,0.17709100246429443,0.7148514986038208,0.33583584427833557
YDL109C,YLL039C,0,0.4135626,0.17704756557941437,0.7148514986038208,0.33593595027923584
YBL026W,YLR323C,1,0.41342232,0.17724932730197906,0.7158415913581848,0.33593595027923584
YDR138W,YBR012W-A,0,0.41307062,0.1772058755159378,0.7158415913581848,0.3360360264778137
YMR044W,YPL269W,0,0.41303283,0.17716245353221893,0.7158415913581848,0.336136132478714
YNL261W,YDR457W,0,0.41217577,0.17711906135082245,0.7158415913581848,0.33623623847961426
YPL226W,YLL004W,0,0.41113728,0.17707568407058716,0.7158415913581848,0.3363363444805145
YCR060W,YBR033W,0,0.41100445,0.17703232169151306,0.7158415913581848,0.3364364504814148
YAL031C,YAR002C-A,0,0.4105413,0.17698898911476135,0.7158415913581848,0.3365365266799927
YMR203W,YMR025W,0,0.41016632,0.17694567143917084,0.7158415913581848,0.33663663268089294
YJR063W,YKL093W,0,0.40991414,0.17690236866474152,0.7158415913581848,0.3367367386817932
YIL112W,YDR507C,0,0.40987203,0.17685909569263458,0.7158415913581848,0.3368368446826935
YMR203W,YIR008C,0,0.40970615,0.17681585252285004,0.7158415913581848,0.33693695068359375
YIL061C,YKR052C,1,0.40964016,0.17701710760593414,0.7168316841125488,0.33693695068359375
YDR064W,YGR012W,0,0.4095768,0.1769738495349884,0.7168316841125488,0.33703702688217163
YAL053W,YPL099C,0,0.40952376,0.17693059146404266,0.7168316841125488,0.3371371328830719
YOR377W,YOR378W,0,0.40943757,0.1768873631954193,0.7168316841125488,0.33723723888397217
YCL059C,YLR034C,0,0.4092521,0.17684416472911835,0.7168316841125488,0.33733734488487244
YER091C,YLR213C,0,0.40829915,0.17680098116397858,0.7168316841125488,0.3374374508857727
YBR152W,YDL087C,1,0.40823373,0.177001953125,0.7178217768669128,0.3374374508857727
YDR088C,YGR075C,1,0.40810663,0.17720283567905426,0.7188118696212769,0.3374374508857727
YGL031C,YHR105W,0,0.40802145,0.17715959250926971,0.7188118696212769,0.3375375270843506
YML066C,YKL024C,0,0.40764815,0.17711636424064636,0.7188118696212769,0.33763763308525085
YKR008W,YPR163C,0,0.40703326,0.1770731657743454,0.7188118696212769,0.3377377390861511
YBL040C,YMR139W,0,0.4066074,0.17702999711036682,0.7188118696212769,0.3378378450870514
YDL114W,YKR042W,0,0.40655053,0.17698682844638824,0.7188118696212769,0.33793795108795166
YAL043C,YBR161W,0,0.40645206,0.17694370448589325,0.7188118696212769,0.33803802728652954
YER061C,YDR368W,0,0.40640432,0.17690058052539825,0.7188118696212769,0.3381381332874298
YHR211W,YIL020C,0,0.40631813,0.17685748636722565,0.7188118696212769,0.3382382392883301
YPL265W,YMR235C,0,0.40625665,0.17681442201137543,0.7188118696212769,0.33833834528923035
YNR039C,YPL180W,0,0.40583074,0.1767713725566864,0.7188118696212769,0.3384384512901306
YBR008C,YKL015W,0,0.40504766,0.17672833800315857,0.7188118696212769,0.3385385274887085
YHL002W,YNL106C,0,0.4049929,0.17668531835079193,0.7188118696212769,0.33863863348960876
YKL208W,YBL036C,0,0.40485314,0.17664232850074768,0.7188118696212769,0.33873873949050903
YKR018C,YFL002C,0,0.40446216,0.17659936845302582,0.7188118696212769,0.3388388454914093
YMR312W,YGL241W,0,0.40437937,0.17655642330646515,0.7188118696212769,0.33893895149230957
YPL265W,YDL058W,0,0.4042771,0.17651349306106567,0.7188118696212769,0.33903902769088745
YER144C,YHR047C,0,0.4042747,0.1764705926179886,0.7188118696212769,0.3391391336917877
YHL002W,YLR452C,0,0.40418985,0.1764277070760727,0.7188118696212769,0.339239239692688
YNR022C,YBL100W-A,0,0.40398097,0.176384836435318,0.7188118696212769,0.33933934569358826
YGL040C,YLL002W,0,0.4038876,0.17634199559688568,0.7188118696212769,0.3394394516944885
YGR277C,YLR310C,0,0.40379855,0.17629916965961456,0.7188118696212769,0.3395395278930664
YJL124C,YLR212C,0,0.40358993,0.17625637352466583,0.7188118696212769,0.3396396338939667
YJR086W,YDL137W,0,0.40358984,0.1762135922908783,0.7188118696212769,0.33973973989486694
YBR030W,YDL194W,0,0.40307996,0.17617082595825195,0.7188118696212769,0.3398398458957672
YGR194C,YJR133W,0,0.4030521,0.176128089427948,0.7188118696212769,0.3399399518966675
YDR334W,YGR257C,0,0.40283287,0.17608536779880524,0.7188118696212769,0.34004002809524536
YGR135W,YOR116C,0,0.402811,0.17604267597198486,0.7188118696212769,0.34014013409614563
YDR062W,YJL198W,0,0.40247485,0.17599999904632568,0.7188118696212769,0.3402402400970459
YGL130W,YNL330C,0,0.40193692,0.1759573370218277,0.7188118696212769,0.34034034609794617
YHR171W,YGR116W,0,0.40164465,0.1759147047996521,0.7188118696212769,0.34044045209884644
YPL162C,YBR070C,0,0.40163383,0.1758720874786377,0.7188118696212769,0.3405405282974243
YLR204W,YPL047W,0,0.40033504,0.17582949995994568,0.7188118696212769,0.3406406342983246
YER019W,YDR238C,0,0.39993745,0.17578692734241486,0.7188118696212769,0.34074074029922485
YML014W,YMR269W,0,0.3997535,0.17574436962604523,0.7188118696212769,0.3408408463001251
YPL149W,YDL236W,0,0.39966312,0.17570184171199799,0.7188118696212769,0.3409409523010254
YDR027C,YHR052W,0,0.3992728,0.17565932869911194,0.7188118696212769,0.34104102849960327
YJR014W,YDL028C,0,0.39844954,0.17561683058738708,0.7188118696212769,0.34114113450050354
YDR222W,YPL007C,0,0.3983765,0.17557436227798462,0.7188118696212769,0.3412412405014038
YIR021W,YPL083C,1,0.3983314,0.17577369511127472,0.7198019623756409,0.3412412405014038
YIR007W,YMR134W,0,0.39795652,0.17573121190071106,0.7198019623756409,0.3413413465023041
YOR340C,YBL018C,0,0.39789125,0.1756887435913086,0.7198019623756409,0.34144145250320435
YLR126C,YGR295C,0,0.39719793,0.17564629018306732,0.7198019623756409,0.3415415287017822
YMR112C,YLR203C,0,0.39611274,0.17560386657714844,0.7198019623756409,0.3416416347026825
YKR022C,YAL034W-A,0,0.3959918,0.17556145787239075,0.7198019623756409,0.34174174070358276
YLR395C,YGL099W,0,0.3954816,0.17551907896995544,0.7198019623756409,0.34184184670448303
YNL272C,YHR079C-A,0,0.39535904,0.17547671496868134,0.7198019623756409,0.3419419527053833
YNL166C,YPL057C,0,0.3952217,0.17543436586856842,0.7198019623756409,0.3420420289039612
YKL094W,YOL102C,0,0.39520988,0.1753920316696167,0.7198019623756409,0.34214213490486145
YLR135W,YBR164C,0,0.39507616,0.17534972727298737,0.7198019623756409,0.3422422409057617
YAR018C,YOR044W,0,0.39484558,0.17530745267868042,0.7198019623756409,0.342342346906662
YNL301C,YDR371W,0,0.39456356,0.17526519298553467,0.7198019623756409,0.34244245290756226
YAR008W,YER017C,0,0.39437002,0.1752229481935501,0.7198019623756409,0.34254252910614014
YDR017C,YOR326W,0,0.39407462,0.17518071830272675,0.7198019623756409,0.3426426351070404
YGR222W,YHL038C,1,0.3938727,0.1753794252872467,0.7207920551300049,0.3426426351070404
YKL212W,YHR003C,0,0.39382914,0.17533718049526215,0.7207920551300049,0.3427427411079407
YMR269W,YOR115C,0,0.39378136,0.17529496550559998,0.7207920551300049,0.34284284710884094
YGL135W,YEL030W,0,0.39344049,0.175252765417099,0.7207920551300049,0.3429429531097412
YNL283C,YNL039W,0,0.3924069,0.1752105951309204,0.7207920551300049,0.3430430293083191
YER045C,YPL258C,0,0.39226657,0.17516842484474182,0.7207920551300049,0.34314313530921936
YPL163C,YAL055W,0,0.39204723,0.17512629926204681,0.7207920551300049,0.34324324131011963
YLR206W,YOR368W,0,0.3915153,0.1750841736793518,0.7207920551300049,0.3433433473110199
YDL010W,YLR316C,0,0.39133713,0.1750420778989792,0.7207920551300049,0.34344345331192017
YKL193C,YNR026C,0,0.39076042,0.17499999701976776,0.7207920551300049,0.34354352951049805
YBR037C,YDR050C,0,0.39032003,0.17495794594287872,0.7207920551300049,0.3436436355113983
YGL172W,YFL017W-A,1,0.3901543,0.17515617609024048,0.7217822074890137,0.3436436355113983
YJL109C,YDR228C,0,0.39007127,0.17511409521102905,0.7217822074890137,0.3437437415122986
YDR402C,YBL021C,0,0.39000612,0.17507204413414001,0.7217822074890137,0.34384384751319885
YLR343W,YLR010C,0,0.3896984,0.17503000795841217,0.7217822074890137,0.3439439535140991
YLR116W,YPR094W,1,0.38954327,0.1752280294895172,0.7227723002433777,0.3439439535140991
YNL148C,YNL039W,0,0.38940823,0.17518597841262817,0.7227723002433777,0.344044029712677
YER160C,YIL128W,0,0.3893333,0.17514395713806152,0.7227723002433777,0.34414413571357727
YOR257W,YDL170W,0,0.3893058,0.17510193586349487,0.7227723002433777,0.34424424171447754
YDL227C,YLR207W,0,0.38926226,0.1750599592924118,0.7227723002433777,0.3443443477153778
YIL103W,YPL217C,0,0.3892569,0.17501798272132874,0.7227723002433777,0.3444444537162781
YGR222W,YHR086W,1,0.38906735,0.1752157211303711,0.7237623929977417,0.3444444537162781
YER019W,YOR063W,0,0.38906324,0.17517372965812683,0.7237623929977417,0.34454452991485596
YGR215W,YAR014C,0,0.3889815,0.17513176798820496,0.7237623929977417,0.3446446359157562
YGR281W,YPR018W,0,0.38888532,0.17508982121944427,0.7237623929977417,0.3447447419166565
YKL119C,YHR109W,0,0.38882118,0.1750478893518448,0.7237623929977417,0.34484484791755676
YFR005C,YPR094W,1,0.38862994,0.17524538934230804,0.7247524857521057,0.34484484791755676
YPL228W,YGL010W,0,0.38855097,0.17520344257354736,0.7247524857521057,0.34494495391845703
YMR306W,YHL013C,0,0.38804463,0.17516152560710907,0.7247524857521057,0.3450450599193573
YGL172W,YOR204W,1,0.3880094,0.175358846783638,0.7257425785064697,0.3450450599193573
YNR046W,YDR248C,0,0.3878258,0.1753169149160385,0.7257425785064697,0.3451451361179352
YDR126W,YJL099W,0,0.38743114,0.17527498304843903,0.7257425785064697,0.34524524211883545
YER170W,YDR195W,0,0.3872112,0.17523308098316193,0.7257425785064697,0.3453453481197357
YOR294W,YBR152W,0,0.38678527,0.17519120872020721,0.7257425785064697,0.345445454120636
YGR198W,YBR264C,0,0.3863376,0.1751493364572525,0.7257425785064697,0.34554556012153625
YDL144C,YMR024W,0,0.38620248,0.17510749399662018,0.7257425785064697,0.34564563632011414
YOR039W,YKR010C,0,0.3861661,0.17506568133831024,0.7257425785064697,0.3457457423210144
YNR056C,YMR004W,0,0.3861391,0.1750238835811615,0.7257425785064697,0.3458458483219147
YER173W,YHR001W,0,0.38601592,0.17498210072517395,0.7257425785064697,0.34594595432281494
YJR095W,YER124C,0,0.3860034,0.1749403327703476,0.7257425785064697,0.3460460603237152
YDL179W,YLR003C,0,0.38592264,0.17489859461784363,0.7257425785064697,0.3461461365222931
YPR152C,YOR334W,1,0.38579524,0.17509542405605316,0.7267326712608337,0.3461461365222931
YPL249C-A,YDL170W,0,0.3856731,0.1750536561012268,0.7267326712608337,0.34624624252319336
YDL150W,YDR267C,0,0.38556767,0.17501191794872284,0.7267326712608337,0.34634634852409363
YJR063W,YJR119C,0,0.38539252,0.17497020959854126,0.7267326712608337,0.3464464545249939
YHR135C,YGL147C,0,0.38485482,0.17492850124835968,0.7267326712608337,0.34654656052589417
YFR005C,YBR216C,0,0.3848123,0.1748868227005005,0.7267326712608337,0.34664663672447205
YPL060W,YHL038C,1,0.3846051,0.17508336901664734,0.7277227640151978,0.34664663672447205
YLR438C-A,YER013W,1,0.38414928,0.17527982592582703,0.7287128567695618,0.34664663672447205
YMR086W,YPL103C,0,0.38404226,0.17523810267448425,0.7287128567695618,0.3467467427253723
YDR499W,YGR121C,0,0.38398397,0.17519637942314148,0.7287128567695618,0.3468468487262726
YPR183W,YKR030W,0,0.38370836,0.1751546859741211,0.7287128567695618,0.34694695472717285
YML114C,YAL032C,0,0.38369724,0.1751130074262619,0.7287128567695618,0.3470470607280731
YER086W,YGL224C,0,0.38348415,0.1750713586807251,0.7287128567695618,0.347147136926651
YLR447C,YKL206C,0,0.38336268,0.1750297248363495,0.7287128567695618,0.34724724292755127
YER021W,YIL159W,0,0.3832662,0.17498810589313507,0.7287128567695618,0.34734734892845154
YFL054C,YBR068C,0,0.3831545,0.17494651675224304,0.7287128567695618,0.3474474549293518
YEL056W,YBR216C,0,0.38310093,0.1749049425125122,0.7287128567695618,0.3475475609302521
YDR043C,YCR024C-A,0,0.38290828,0.17486338317394257,0.7287128567695618,0.34764763712882996
YOL125W,YHR109W,0,0.38283047,0.1748218536376953,0.7287128567695618,0.3477477431297302
YOR324C,YFR006W,0,0.38250512,0.17478033900260925,0.7287128567695618,0.3478478491306305
YDR081C,YMR127C,0,0.38246077,0.1747388392686844,0.7287128567695618,0.34794795513153076
YKR039W,YNR036C,0,0.38222724,0.1746973693370819,0.7287128567695618,0.34804806113243103
YBR228W,YPR028W,0,0.38204157,0.17465591430664062,0.7287128567695618,0.3481481373310089
YDL159W,YBR030W,0,0.38197082,0.17461447417736053,0.7287128567695618,0.3482482433319092
YNR006W,YNL282W,0,0.38191295,0.17457304894924164,0.7287128567695618,0.34834834933280945
YML070W,YMR061W,0,0.38149968,0.17453165352344513,0.7287128567695618,0.3484484553337097
YIR012W,YPL275W,0,0.38148874,0.17449027299880981,0.7287128567695618,0.34854856133461
YGR268C,YOR291W,0,0.3814848,0.1744489222764969,0.7287128567695618,0.34864863753318787
YIL023C,YMR213W,0,0.38139704,0.17440758645534515,0.7287128567695618,0.34874874353408813
YBR083W,YOR237W,0,0.38076356,0.17436626553535461,0.7287128567695618,0.3488488495349884
YOL003C,YLR153C,0,0.3805763,0.17432495951652527,0.7287128567695618,0.34894895553588867
YDR416W,YLR203C,1,0.3804861,0.17452047765254974,0.7297029495239258,0.34894895553588867
YJR022W,YGR006W,1,0.37998196,0.17471590638160706,0.7306930422782898,0.34894895553588867
YDR463W,YHR086W,1,0.37953576,0.1749112457036972,0.7316831946372986,0.34894895553588867
YNR004W,YDR252W,0,0.37944818,0.1748698502779007,0.7316831946372986,0.34904906153678894
YIR023W,YPL160W,0,0.37943524,0.17482848465442657,0.7316831946372986,0.3491491377353668
YOR066W,YHR086W,0,0.37851447,0.17478713393211365,0.7316831946372986,0.3492492437362671
YIL097W,YLR228C,0,0.37840414,0.17474579811096191,0.7316831946372986,0.34934934973716736
YNR020C,YEL022W,0,0.37820113,0.17470449209213257,0.7316831946372986,0.3494494557380676
YFL034C-A,YKL074C,0,0.37814355,0.17466320097446442,0.7316831946372986,0.3495495617389679
YDR032C,YJL143W,0,0.37799188,0.17462192475795746,0.7316831946372986,0.3496496379375458
YIR023W,YMR266W,0,0.37797508,0.1745806783437729,0.7316831946372986,0.34974974393844604
YOL133W,YCL014W,0,0.3779139,0.1745394468307495,0.7316831946372986,0.3498498499393463
YBR188C,YML046W,1,0.37778765,0.17473435401916504,0.7326732873916626,0.3498498499393463
YNL047C,YGR065C,0,0.37774557,0.17469310760498047,0.7326732873916626,0.3499499559402466
YBR227C,YNL283C,0,0.37697455,0.1746518760919571,0.7326732873916626,0.35005006194114685
YBR061C,YMR128W,0,0.37693015,0.1746106594800949,0.7326732873916626,0.35015013813972473
YNL071W,YDR207C,0,0.37651557,0.17456947267055511,0.7326732873916626,0.350250244140625
YDR162C,YOR127W,0,0.3761473,0.1745283007621765,0.7326732873916626,0.35035035014152527
YDR243C,YKL095W,1,0.37598047,0.17472293972969055,0.7336633801460266,0.35035035014152527
YJL060W,YMR020W,0,0.3758714,0.17468175292015076,0.7336633801460266,0.35045045614242554
YPR156C,YMR116C,0,0.37549692,0.17464058101177216,0.7336633801460266,0.3505505621433258
YMR288W,YNR032C-A,1,0.3752227,0.17483505606651306,0.7346534729003906,0.3505505621433258
YKL010C,YOR362C,0,0.3752093,0.17479386925697327,0.7346534729003906,0.3506506383419037
YHR039C,YAL053W,0,0.37516278,0.17475271224975586,0.7346534729003906,0.35075074434280396
YLR342W,YOL016C,0,0.3751216,0.17471155524253845,0.7346534729003906,0.3508508503437042
YNL217W,YJR001W,0,0.374826,0.17467042803764343,0.7346534729003906,0.3509509563446045
YOR179C,YER001W,0,0.37468994,0.1746293306350708,0.7346534729003906,0.35105106234550476
YGR041W,YER061C,0,0.37466142,0.17458823323249817,0.7346534729003906,0.35115113854408264
YPR152C,YKL012W,1,0.37439454,0.1747824102640152,0.7356435656547546,0.35115113854408264
YBL112C,YPR189W,0,0.37406737,0.17474129796028137,0.7356435656547546,0.3512512445449829
YDR494W,YDR171W,0,0.37393528,0.17470021545886993,0.7356435656547546,0.3513513505458832
YPL178W,YBR152W,1,0.37360173,0.17489421367645264,0.7366336584091187,0.3513513505458832
YOR246C,YBR136W,0,0.3731375,0.17485311627388,0.7366336584091187,0.35145145654678345
YML027W,YGR020C,0,0.37306783,0.17481203377246857,0.7366336584091187,0.3515515625476837
YGR090W,YHR211W,0,0.37301362,0.17477096617221832,0.7366336584091187,0.3516516387462616
YPR162C,YEL017C-A,0,0.37250015,0.17472991347312927,0.7366336584091187,0.35175174474716187
YJL130C,YOR151C,0,0.371907,0.1746888905763626,0.7366336584091187,0.35185185074806213
YJR160C,YIL020C,0,0.37172434,0.17464788258075714,0.7366336584091187,0.3519519567489624
YJL178C,YGL207W,0,0.3712322,0.17460690438747406,0.7366336584091187,0.35205206274986267
YGL226C-A,YLR364W,0,0.37053168,0.17456592619419098,0.7366336584091187,0.35215213894844055
YCL004W,YNL129W,0,0.37045112,0.17452497780323029,0.7366336584091187,0.3522522449493408
YER049W,YKR103W,0,0.36990178,0.17448405921459198,0.7366336584091187,0.3523523509502411
YAR027W,YLR278C,0,0.36977857,0.17444314062595367,0.7366336584091187,0.35245245695114136
YBR104W,YOL136C,0,0.3696667,0.17440225183963776,0.7366336584091187,0.3525525629520416
YNL261W,YLR089C,0,0.36913058,0.17436137795448303,0.7366336584091187,0.3526526391506195
YGR088W,YEL037C,0,0.36888087,0.1743205189704895,0.7366336584091187,0.3527527451515198
YNL222W,YPR112C,0,0.36877912,0.17427968978881836,0.7366336584091187,0.35285285115242004
YMR130W,YLR449W,0,0.36875153,0.1742388755083084,0.7366336584091187,0.3529529571533203
YGR008C,YDR071C,0,0.36860663,0.17419807612895966,0.7366336584091187,0.3530530631542206
YLR109W,YFL008W,0,0.36795047,0.1741573065519333,0.7366336584091187,0.35315313935279846
YDR032C,YCL024W,0,0.36754292,0.17411655187606812,0.7366336584091187,0.35325324535369873
YJR004C,YMR241W,0,0.36733228,0.17407581210136414,0.7366336584091187,0.353353351354599
YDR385W,YJL065C,0,0.3671254,0.17403508722782135,0.7366336584091187,0.35345345735549927
YNL129W,YDR402C,0,0.3671224,0.17399439215660095,0.7366336584091187,0.35355356335639954
YPL055C,YIL063C,0,0.36703703,0.17395371198654175,0.7366336584091187,0.3536536395549774
YER160C,YJR127C,0,0.36684293,0.17391304671764374,0.7366336584091187,0.3537537455558777
YLR274W,YBR152W,0,0.36655563,0.17387239634990692,0.7366336584091187,0.35385385155677795
YHR176W,YNL323W,0,0.366319,0.1738317757844925,0.7366336584091187,0.3539539575576782
YDR432W,YBR152W,1,0.36589146,0.174024760723114,0.7376237511634827,0.3539539575576782
YML093W,YDL078C,0,0.36538273,0.1739841252565384,0.7376237511634827,0.3540540635585785
YIL067C,YKR026C,0,0.365277,0.17394350469112396,0.7376237511634827,0.35415413975715637
YML129C,YJL073W,0,0.36521646,0.17390289902687073,0.7376237511634827,0.35425424575805664
YGR255C,YKL174C,0,0.36480764,0.1738623082637787,0.7376237511634827,0.3543543517589569
YIL134W,YPR159W,0,0.36475438,0.17382174730300903,0.7376237511634827,0.3544544577598572
YPL220W,YNL335W,0,0.36467823,0.17378120124340057,0.7376237511634827,0.35455456376075745
YPL274W,YHR216W,0,0.36454058,0.1737406700849533,0.7376237511634827,0.3546546399593353
YIL048W,YER173W,0,0.3642684,0.17370016872882843,0.7376237511634827,0.3547547459602356
YLR343W,YIL126W,0,0.3642284,0.17365966737270355,0.7376237511634827,0.35485485196113586
YDR403W,YBR125C,0,0.36419603,0.17361919581890106,0.7376237511634827,0.35495495796203613
YMR070W,YNL032W,0,0.36369482,0.17357875406742096,0.7376237511634827,0.3550550639629364
YBR010W,YGL128C,0,0.36361063,0.17353831231594086,0.7376237511634827,0.35515516996383667
YHL038C,YNL210W,1,0.36358696,0.1737307906150818,0.7386138439178467,0.35515516996383667
YNL003C,YPR164W,0,0.36357015,0.1736903339624405,0.7386138439178467,0.35525524616241455
YBR020W,YJL036W,0,0.36327177,0.17364990711212158,0.7386138439178467,0.3553553521633148
YOR319W,YNR032C-A,1,0.36307418,0.17384222149848938,0.7396039366722107,0.3553553521633148
YHR016C,YOR226C,0,0.3626931,0.17380176484584808,0.7396039366722107,0.3554554581642151
YAL021C,YKR001C,0,0.36187553,0.17376133799552917,0.7396039366722107,0.35555556416511536
YER140W,YLR364W,0,0.36175317,0.17372092604637146,0.7396039366722107,0.3556556701660156
YAL032C,YGR013W,1,0.36169967,0.17391304671764374,0.7405940890312195,0.3556556701660156
YMR146C,YDR055W,0,0.36114705,0.17387261986732483,0.7405940890312195,0.3557557463645935
YDR016C,YLR295C,0,0.36095285,0.17383220791816711,0.7405940890312195,0.3558558523654938
YFR045W,YBL098W,0,0.3607267,0.1737918257713318,0.7405940890312195,0.35595595836639404
YPR133W-A,YOR162C,0,0.36047822,0.17375145852565765,0.7405940890312195,0.3560560643672943
YLR132C,YJL133W,1,0.36025167,0.17394334077835083,0.7415841817855835,0.3560560643672943
YDR130C,YHR175W,0,0.3596408,0.1739029437303543,0.7415841817855835,0.3561561703681946
YMR068W,YPL096W,0,0.3592049,0.17386257648468018,0.7415841817855835,0.35625624656677246
YLR095C,YDR011W,0,0.35911378,0.17382223904132843,0.7415841817855835,0.35635635256767273
YFL037W,YDR411C,0,0.35845113,0.17378190159797668,0.7415841817855835,0.356456458568573
YFR046C,YLR233C,0,0.35830277,0.17374159395694733,0.7415841817855835,0.35655656456947327
YCR042C,YIL072W,0,0.35813004,0.17370130121707916,0.7415841817855835,0.35665667057037354
YPL093W,YHR178W,0,0.35811013,0.1736610233783722,0.7415841817855835,0.3567567467689514
YER065C,YLR188W,0,0.35795942,0.1736207753419876,0.7415841817855835,0.3568568527698517
YOR354C,YGR132C,0,0.35765523,0.17358052730560303,0.7415841817855835,0.35695695877075195
YJR088C,YOR313C,0,0.35737067,0.17354030907154083,0.7415841817855835,0.3570570647716522
YKL201C,YOR094W,0,0.3572017,0.17350012063980103,0.7415841817855835,0.3571571707725525
YKR086W,YLR382C,1,0.35684818,0.173691526055336,0.7425742745399475,0.3571571707725525
YLR147C,YNL245C,1,0.3567031,0.1738828420639038,0.7435643672943115,0.3571571707725525
YEL060C,YJL080C,0,0.3563973,0.17384259402751923,0.7435643672943115,0.35725724697113037
YLR084C,YBL006C,0,0.3562649,0.17380236089229584,0.7435643672943115,0.35735735297203064
YNL331C,YPR166C,0,0.35619012,0.17376214265823364,0.7435643672943115,0.3574574589729309
YGL185C,YMR168C,0,0.35600454,0.17372195422649384,0.7435643672943115,0.3575575649738312
YLL008W,YNR015W,0,0.3559457,0.17368178069591522,0.7435643672943115,0.35765767097473145
YLR047C,YHL013C,0,0.35579282,0.1736416220664978,0.7435643672943115,0.3577577471733093
YDR379W,YDR251W,0,0.35567218,0.17360147833824158,0.7435643672943115,0.3578578531742096
YLR016C,YLR323C,1,0.35552192,0.17379246652126312,0.7445544600486755,0.3578578531742096
YJR077C,YKR042W,0,0.35549545,0.1737523078918457,0.7445544600486755,0.35795795917510986
YER054C,YGR234W,0,0.35543594,0.17371217906475067,0.7445544600486755,0.35805806517601013
YOL033W,YER013W,0,0.3552929,0.17367205023765564,0.7445544600486755,0.3581581711769104
YAL041W,YJL080C,0,0.35505152,0.173631951212883,0.7445544600486755,0.3582582473754883
YIL158W,YDL122W,0,0.35504478,0.17359186708927155,0.7445544600486755,0.35835835337638855
YPR191W,YGL128C,0,0.3547867,0.17355181276798248,0.7445544600486755,0.3584584593772888
YHR174W,YGL004C,0,0.3541419,0.17351177334785461,0.7445544600486755,0.3585585653781891
YLR382C,YDR364C,1,0.35408792,0.1737024188041687,0.7455445528030396,0.3585585653781891
YGR116W,YMR287C,0,0.35397863,0.17366236448287964,0.7455445528030396,0.35865867137908936
YGL224C,YCR048W,0,0.35360593,0.17362232506275177,0.7455445528030396,0.35875874757766724
YGL051W,YNR070W,0,0.3534534,0.1735823005437851,0.7455445528030396,0.3588588535785675
YMR078C,YDL156W,0,0.35335407,0.17354229092597961,0.7455445528030396,0.3589589595794678
YMR071C,YOR230W,0,0.35318905,0.17350231111049652,0.7455445528030396,0.35905906558036804
YOR319W,YER146W,1,0.35316092,0.1736927032470703,0.7465346455574036,0.35905906558036804
YER115C,YKL210W,0,0.35292223,0.17365269362926483,0.7465346455574036,0.3591591715812683
YLR369W,YFL041W,0,0.35270897,0.17361271381378174,0.7465346455574036,0.3592592477798462
YIL112W,YOR198C,0,0.35257107,0.17357274889945984,0.7465346455574036,0.35935935378074646
YEL069C,YNL082W,0,0.35242298,0.17353279888629913,0.7465346455574036,0.35945945978164673
YPL187W,YGL257C,0,0.35195473,0.17349286377429962,0.7465346455574036,0.359559565782547
YGR166W,YDL029W,0,0.35179198,0.1734529584646225,0.7465346455574036,0.35965967178344727
YGR257C,YDR067C,0,0.3516322,0.17341306805610657,0.7465346455574036,0.35975974798202515
YMR184W,YNL005C,0,0.35150394,0.17337319254875183,0.7465346455574036,0.3598598539829254
YPR189W,YLR119W,0,0.35135555,0.1733333319425583,0.7465346455574036,0.3599599599838257
YPL113C,YLR016C,0,0.35122538,0.17329350113868713,0.7465346455574036,0.36006006598472595
YJR093C,YBL078C,0,0.35112214,0.17325367033481598,0.7465346455574036,0.3601601719856262
YNR057C,YJR013W,0,0.35068637,0.1732138693332672,0.7465346455574036,0.3602602481842041
YAL054C,YBL009W,0,0.3505837,0.17317409813404083,0.7465346455574036,0.36036035418510437
YPL005W,YBL102W,0,0.3505652,0.17313432693481445,0.7465346455574036,0.36046046018600464
YPL103C,YOR237W,0,0.35046375,0.17309458553791046,0.7465346455574036,0.3605605661869049
YCL033C,YDL099W,0,0.3502312,0.17305485904216766,0.7465346455574036,0.3606606721878052
YFL009W,YKL189W,0,0.3501684,0.17301514744758606,0.7465346455574036,0.36076074838638306
YDR531W,YPR103W,0,0.35012487,0.17297545075416565,0.7465346455574036,0.3608608543872833
YOL133W,YMR039C,0,0.3499952,0.17293578386306763,0.7465346455574036,0.3609609603881836
YGR113W,YDR086C,0,0.34962523,0.1728961318731308,0.7465346455574036,0.36106106638908386
YOL006C,YGL224C,0,0.3493317,0.17285649478435516,0.7465346455574036,0.36116117238998413
YPL124W,YJL066C,0,0.3492448,0.17281687259674072,0.7465346455574036,0.361261248588562
YJR014W,YOR362C,0,0.34922457,0.17277726531028748,0.7465346455574036,0.3613613545894623
YIL065C,YKR087C,0,0.34897014,0.17273768782615662,0.7465346455574036,0.36146146059036255
YDR540C,YGR249W,0,0.34885222,0.17269812524318695,0.7465346455574036,0.3615615665912628
YHR164C,YDR162C,0,0.34881103,0.17265857756137848,0.7465346455574036,0.3616616725921631
YGL158W,YPR165W,0,0.34876898,0.1726190447807312,0.7465346455574036,0.36176174879074097
YKR080W,YLL010C,0,0.34874472,0.1725795418024063,0.7465346455574036,0.36186185479164124
YLR228C,YDL070W,0,0.3482971,0.17254003882408142,0.7465346455574036,0.3619619607925415
YBR115C,YGL259W,0,0.34787345,0.17250056564807892,0.7465346455574036,0.3620620667934418
YLR100W,YAL047C,0,0.34764028,0.1724611222743988,0.7465346455574036,0.36216217279434204
YLR013W,YHR018C,0,0.34756508,0.1724216789007187,0.7465346455574036,0.3622622489929199
YBR104W,YLR278C,0,0.3475434,0.17238226532936096,0.7465346455574036,0.3623623549938202
YDR088C,YDR364C,1,0.34730572,0.17257143557071686,0.7475247383117676,0.3623623549938202
YMR288W,YPL213W,1,0.3465971,0.1727605164051056,0.7485148310661316,0.3623623549938202
YJR036C,YBL102W,0,0.34656382,0.1727210432291031,0.7485148310661316,0.36246246099472046
YGL249W,YOL108C,0,0.34633425,0.17268158495426178,0.7485148310661316,0.3625625669956207
YNL286W,YPR152C,1,0.3461781,0.17287051677703857,0.7495049238204956,0.3625625669956207
YKL171W,YOR313C,0,0.34602857,0.17283104360103607,0.7495049238204956,0.362662672996521
YER118C,YGR135W,0,0.34588927,0.17279160022735596,0.7495049238204956,0.3627627491950989
YKL174C,YDR191W,0,0.34576583,0.17275217175483704,0.7495049238204956,0.36286285519599915
YML109W,YLL055W,0,0.3454185,0.1727127581834793,0.7495049238204956,0.3629629611968994
YDR318W,YKL188C,0,0.34527484,0.17267335951328278,0.7495049238204956,0.3630630671977997
YFR021W,YGL141W,0,0.34511465,0.17263397574424744,0.7495049238204956,0.36316317319869995
YBR024W,YJR009C,0,0.34485912,0.17259462177753448,0.7495049238204956,0.36326324939727783
YGR207C,YLR301W,0,0.34451407,0.17255528271198273,0.7495049238204956,0.3633633553981781
YBL067C,YLL015W,0,0.34423327,0.17251595854759216,0.7495049238204956,0.36346346139907837
YDL137W,YLR419W,0,0.3441825,0.1724766492843628,0.7495049238204956,0.36356356739997864
YKL198C,YEL050C,0,0.34401888,0.17243735492229462,0.7495049238204956,0.3636636734008789
YLR382C,YJL133W,1,0.34391874,0.1726258248090744,0.7504950761795044,0.3636636734008789
YJL047C,YDR421W,0,0.34388986,0.17258651554584503,0.7504950761795044,0.3637637495994568
YOL013C,YGR026W,0,0.34355545,0.17254723608493805,0.7504950761795044,0.36386385560035706
YNR036C,YNL027W,0,0.3433028,0.17250797152519226,0.7504950761795044,0.3639639616012573
YCR063W,YDR235W,1,0.3432619,0.17269624769687653,0.7514851689338684,0.3639639616012573
YHR165C,YMR240C,1,0.34311235,0.17288443446159363,0.7524752616882324,0.3639639616012573
YIR021W,YMR240C,1,0.3428836,0.17307254672050476,0.7534653544425964,0.3639639616012573
YHL038C,YNR032C-A,1,0.34284478,0.17326056957244873,0.7544554471969604,0.3639639616012573
YKL190W,YGR140W,0,0.34254655,0.1732211858034134,0.7544554471969604,0.3640640676021576
YJR152W,YDL239C,0,0.34254488,0.17318181693553925,0.7544554471969604,0.36416417360305786
YAL055W,YNL014W,0,0.3421488,0.1731424629688263,0.7544554471969604,0.36426424980163574
YOR304C-A,YLR033W,0,0.34150726,0.17310313880443573,0.7544554471969604,0.364364355802536
YJL085W,YBR040W,0,0.34132817,0.17306381464004517,0.7544554471969604,0.3644644618034363
YBL067C,YPR178W,0,0.34088817,0.173024520277977,0.7544554471969604,0.36456456780433655
YDL051W,YLR078C,0,0.34045878,0.17298524081707,0.7544554471969604,0.3646646738052368
YPL064C,YBR122C,0,0.34019384,0.17294597625732422,0.7544554471969604,0.3647647500038147
YIL139C,YLR316C,0,0.3400492,0.17290674149990082,0.7544554471969604,0.36486485600471497
YGL157W,YDR369C,0,0.3392793,0.17286750674247742,0.7544554471969604,0.36496496200561523
YOL068C,YMR164C,0,0.33874887,0.1728283017873764,0.7544554471969604,0.3650650680065155
YHR076W,YBL078C,0,0.33871493,0.17278911173343658,0.7544554471969604,0.36516517400741577
YDL159W,YOL004W,0,0.33862418,0.17274993658065796,0.7544554471969604,0.36526528000831604
YLR438C-A,YNL286W,1,0.3385884,0.17293743789196014,0.7554455399513245,0.36526528000831604
YGR199W,YHR052W,0,0.33836275,0.17289824783802032,0.7554455399513245,0.3653653562068939
YPR004C,YOR155C,0,0.33829856,0.1728590875864029,0.7554455399513245,0.3654654622077942
YBL026W,YPR178W,1,0.33808073,0.17304643988609314,0.7564356327056885,0.3654654622077942
YDL166C,YDR378C,0,0.33793136,0.17300724983215332,0.7564356327056885,0.36556556820869446
YGR227W,YDR510W,0,0.33791545,0.1729680746793747,0.7564356327056885,0.3656656742095947
YGL123W,YCR089W,0,0.3375091,0.17292892932891846,0.7564356327056885,0.365765780210495
YDR174W,YLR134W,0,0.33744574,0.1728897988796234,0.7564356327056885,0.3658658564090729
YOL136C,YGR191W,0,0.33713126,0.17285068333148956,0.7564356327056885,0.36596596240997314
YOL133W,YJL209W,0,0.33681643,0.1728115826845169,0.7564356327056885,0.3660660684108734
YBR048W,YGL039W,0,0.33666462,0.17277249693870544,0.7564356327056885,0.3661661744117737
YLR410W,YIL135C,0,0.33666348,0.17273344099521637,0.7564356327056885,0.36626628041267395
YGR194C,YDR520C,0,0.33661464,0.1726943999528885,0.7564356327056885,0.36636635661125183
YML036W,YGR059W,0,0.33652794,0.1726553738117218,0.7564356327056885,0.3664664626121521
YOL158C,YML087C,0,0.33621407,0.1726163625717163,0.7564356327056885,0.36656656861305237
YDL084W,YDR364C,1,0.3360784,0.17280325293540955,0.7574257254600525,0.36656656861305237
YGL210W,YBL093C,0,0.33596712,0.17276422679424286,0.7574257254600525,0.36666667461395264
YDL133C-A,YOL113W,0,0.33591077,0.17272521555423737,0.7574257254600525,0.3667667806148529
YIR023W,YPL196W,0,0.33579955,0.17268623411655426,0.7574257254600525,0.3668668568134308
YPR156C,YNR070W,0,0.33546978,0.17264725267887115,0.7574257254600525,0.36696696281433105
YFL008W,YLR024C,0,0.33497941,0.17260830104351044,0.7574257254600525,0.3670670688152313
YNL175C,YMR037C,0,0.33486462,0.1725693643093109,0.7574257254600525,0.3671671748161316
YPR047W,YJR107W,0,0.33456331,0.17253044247627258,0.7574257254600525,0.36726728081703186
YNL077W,YPR122W,0,0.33415043,0.17249155044555664,0.7574257254600525,0.36736735701560974
YDR142C,YOR153W,0,0.33408841,0.1724526584148407,0.7574257254600525,0.36746746301651
YMR134W,YPL098C,0,0.33407646,0.17241379618644714,0.7574257254600525,0.3675675690174103
YBL026W,YPL124W,0,0.33396733,0.17237494885921478,0.7574257254600525,0.36766767501831055
YKR024C,YCL052C,0,0.33393925,0.17233611643314362,0.7574257254600525,0.3677677810192108
YER104W,YGL186C,0,0.33374903,0.17229729890823364,0.7574257254600525,0.3678678572177887
YNL079C,YLL022C,0,0.33344483,0.17225849628448486,0.7574257254600525,0.36796796321868896
YGR171C,YDL104C,0,0.3332445,0.17221972346305847,0.7574257254600525,0.36806806921958923
YCR060W,YMR170C,0,0.33301687,0.17218096554279327,0.7574257254600525,0.3681681752204895
YLR219W,YGR191W,0,0.33233094,0.17214220762252808,0.7574257254600525,0.36826828122138977
YKR018C,YJR002W,0,0.33181784,0.17210349440574646,0.7574257254600525,0.36836835741996765
YMR090W,YML071C,0,0.3316691,0.17206478118896484,0.7574257254600525,0.3684684634208679
YLR376C,YDL198C,0,0.3316566,0.17202608287334442,0.7574257254600525,0.3685685694217682
YLR022C,YER183C,0,0.33129978,0.1719874143600464,0.7574257254600525,0.36866867542266846
YPR082C,YNL210W,1,0.3312941,0.17217351496219635,0.7584158182144165,0.36866867542266846
YHR057C,YLR408C,0,0.33123803,0.17213483154773712,0.7584158182144165,0.3687687814235687
YPR196W,YNL326C,0,0.33097798,0.1720961630344391,0.7584158182144165,0.3688688576221466
YJR076C,YDL156W,0,0.33097187,0.17205750942230225,0.7584158182144165,0.3689689636230469
YNR067C,YDR470C,0,0.33090326,0.1720188707113266,0.7584158182144165,0.36906906962394714
YNL122C,YPR140W,0,0.3305776,0.17198024690151215,0.7584158182144165,0.3691691756248474
YML001W,YLR071C,0,0.33023053,0.1719416379928589,0.7584158182144165,0.3692692816257477
YER086W,YLR064W,0,0.3297556,0.17190305888652802,0.7584158182144165,0.36936935782432556
YLR369W,YGL190C,0,0.32971036,0.17186447978019714,0.7584158182144165,0.36946946382522583
YBR102C,YKL182W,0,0.32966244,0.17182593047618866,0.7584158182144165,0.3695695698261261
YMR071C,YKR026C,0,0.32948953,0.17178739607334137,0.7584158182144165,0.36966967582702637
YPR075C,YDR306C,0,0.32893753,0.17174887657165527,0.7584158182144165,0.36976978182792664
YDR352W,YGR185C,0,0.32886058,0.17171037197113037,0.7584158182144165,0.3698698580265045
YML029W,YJL133W,1,0.32883114,0.17189601063728333,0.7594059109687805,0.3698698580265045
YDL214C,YDR506C,0,0.32882512,0.17185749113559723,0.7594059109687805,0.3699699640274048
YHR181W,YGL019W,0,0.32871944,0.17181900143623352,0.7594059109687805,0.37007007002830505
YDR076W,YNL071W,0,0.3284813,0.1717805117368698,0.7594059109687805,0.3701701760292053
YOR329C,YLL051C,0,0.32816258,0.1717420518398285,0.7594059109687805,0.3702702820301056
YDL022W,YPL027W,0,0.32805192,0.17170360684394836,0.7594059109687805,0.37037035822868347
YGL011C,YIL134W,0,0.32798898,0.17166517674922943,0.7594059109687805,0.37047046422958374
YJL187C,YMR311C,0,0.32778224,0.1716267615556717,0.7594059109687805,0.370570570230484
YER027C,YCR002C,0,0.32770348,0.17158836126327515,0.7594059109687805,0.3706706762313843
YGL106W,YGR010W,0,0.32751554,0.171549990773201,0.7594059109687805,0.37077078223228455
YER169W,YGL160W,0,0.32688934,0.17151163518428802,0.7594059109687805,0.3708708584308624
YGL008C,YBR152W,0,0.32683003,0.17147327959537506,0.7594059109687805,0.3709709644317627
YJR098C,YPL060W,0,0.32679984,0.17143495380878448,0.7594059109687805,0.37107107043266296
YIL150C,YLR355C,0,0.3267522,0.1713966429233551,0.7594059109687805,0.37117117643356323
YNR017W,YBL113C,0,0.32661635,0.1713583618402481,0.7594059109687805,0.3712712824344635
YAR027W,YFL001W,0,0.3263687,0.1713200807571411,0.7594059109687805,0.3713713586330414
YLR424W,YOL033W,0,0.32610625,0.1712818294763565,0.7594059109687805,0.37147146463394165
YOL018C,YDL070W,0,0.32609513,0.1712435781955719,0.7594059109687805,0.3715715706348419
YIR003W,YMR150C,0,0.32603732,0.17120535671710968,0.7594059109687805,0.3716716766357422
YJL025W,YDR402C,0,0.32589895,0.17116715013980865,0.7594059109687805,0.37177178263664246
YMR045C,YGR076C,0,0.3255303,0.17112895846366882,0.7594059109687805,0.37187185883522034
YAR031W,YJR112W,0,0.32546932,0.17109078168869019,0.7594059109687805,0.3719719648361206
YGL183C,YMR006C,0,0.32543585,0.17105263471603394,0.7594059109687805,0.3720720708370209
YDR453C,YAL040C,0,0.32542345,0.17101448774337769,0.7594059109687805,0.37217217683792114
YMR307W,YNL135C,0,0.3254174,0.17097637057304382,0.7594059109687805,0.3722722828388214
YGR062C,YMR056C,0,0.3250491,0.17093826830387115,0.7594059109687805,0.3723723590373993
YPL160W,YMR152W,0,0.32500365,0.17090018093585968,0.7594059109687805,0.37247246503829956
YJL065C,YDR470C,0,0.32485026,0.1708621084690094,0.7594059109687805,0.37257257103919983
YFL044C,YGL097W,0,0.32481432,0.1708240509033203,0.7594059109687805,0.3726726770401001
YEL013W,YGR292W,0,0.32452056,0.1707860231399536,0.7594059109687805,0.37277278304100037
YLR203C,YOL021C,0,0.32446024,0.17074799537658691,0.7594059109687805,0.37287285923957825
YER170W,YHR166C,0,0.32393077,0.1707099974155426,0.7594059109687805,0.3729729652404785
YHR043C,YDL191W,0,0.32355455,0.17067201435565948,0.7594059109687805,0.3730730712413788
YJL092W,YNL316C,0,0.32340315,0.17063403129577637,0.7594059109687805,0.37317317724227905
YDL246C,YHR012W,0,0.32320315,0.17059607803821564,0.7594059109687805,0.3732732832431793
YBL055C,YGR002C,0,0.3228804,0.1705581545829773,0.7594059109687805,0.3733733594417572
YDR142C,YIR015W,0,0.3226995,0.17052023112773895,0.7594059109687805,0.37347346544265747
YDR169C,YCR060W,0,0.3226945,0.1704823225736618,0.7594059109687805,0.37357357144355774
YGL172W,YOR334W,1,0.32266212,0.1706666648387909,0.7603960633277893,0.37357357144355774
YMR160W,YLR388W,0,0.32260698,0.17062875628471375,0.7603960633277893,0.373673677444458
YDR473C,YBL074C,1,0.32237905,0.17081297934055328,0.7613861560821533,0.373673677444458
YDL147W,YPR048W,0,0.32237524,0.17077504098415375,0.7613861560821533,0.3737737834453583
YGR152C,YBR298C,0,0.32227367,0.1707371175289154,0.7613861560821533,0.37387385964393616
YGR227W,YIR021W,0,0.32210124,0.17069922387599945,0.7613861560821533,0.3739739656448364
YCL004W,YLR144C,0,0.3220636,0.1706613451242447,0.7613861560821533,0.3740740716457367
YNR051C,YHR152W,0,0.32188773,0.17062348127365112,0.7613861560821533,0.37417417764663696
YPR182W,YHL038C,1,0.32184714,0.17080745100975037,0.7623762488365173,0.37417417764663696
YML088W,YFL034C-B,0,0.32140198,0.1707695722579956,0.7623762488365173,0.37427428364753723
YKR025W,YLR178C,0,0.32111853,0.17073170840740204,0.7623762488365173,0.3743743598461151
YAR008W,YLR323C,1,0.32105875,0.17091554403305054,0.7633663415908813,0.3743743598461151
YOL071W,YKR069W,0,0.3210408,0.17087766528129578,0.7633663415908813,0.3744744658470154
YNL272C,YBL009W,0,0.32087022,0.1708398014307022,0.7633663415908813,0.37457457184791565
YJR089W,YLR283W,0,0.32084388,0.17080195248126984,0.7633663415908813,0.3746746778488159
YPR152C,YFL017W-A,1,0.32065648,0.170985609292984,0.7643564343452454,0.3746746778488159
YGL257C,YOR310C,0,0.32047725,0.17094774544239044,0.7643564343452454,0.3747747838497162
YJL159W,YJL041W,0,0.32047206,0.17090989649295807,0.7643564343452454,0.37487486004829407
YML008C,YNL339C,0,0.32011604,0.1708720624446869,0.7643564343452454,0.37497496604919434
YGR185C,YIL109C,0,0.32000783,0.1708342581987381,0.7643564343452454,0.3750750720500946
YIR006C,YML001W,0,0.3197242,0.1707964539527893,0.7643564343452454,0.3751751780509949
YCR081W,YDR368W,0,0.31952062,0.1707586795091629,0.7643564343452454,0.37527528405189514
YNL091W,YOR389W,0,0.3194909,0.1707209199666977,0.7643564343452454,0.3753753900527954
YDR073W,YHR047C,0,0.31948525,0.17068317532539368,0.7643564343452454,0.3754754662513733
YKL156W,YMR067C,0,0.31936142,0.17064544558525085,0.7643564343452454,0.37557557225227356
YLR183C,YKL025C,0,0.31928667,0.17060773074626923,0.7643564343452454,0.37567567825317383
YIR012W,YCR048W,0,0.31905514,0.17057004570960999,0.7643564343452454,0.3757757842540741
YDR164C,YBL005W-B,0,0.31879097,0.17053236067295074,0.7643564343452454,0.37587589025497437
YLR431C,YJL158C,0,0.318614,0.1704947054386139,0.7643564343452454,0.37597596645355225
YIL131C,YDR354W,0,0.31858143,0.17045705020427704,0.7643564343452454,0.3760760724544525
YOR145C,YDR003W,0,0.31848884,0.17041942477226257,0.7643564343452454,0.3761761784553528
YBR158W,YGR188C,0,0.31819022,0.1703818142414093,0.7643564343452454,0.37627628445625305
YBR201W,YLR106C,0,0.31811127,0.17034421861171722,0.7643564343452454,0.3763763904571533
YER119C,YDR191W,0,0.31776315,0.17030663788318634,0.7643564343452454,0.3764764666557312
YHR070W,YML077W,0,0.3177396,0.17026907205581665,0.7643564343452454,0.37657657265663147
YBR229C,YBL097W,0,0.31773886,0.17023153603076935,0.7643564343452454,0.37667667865753174
YBR185C,YCR010C,0,0.31772462,0.17019400000572205,0.7643564343452454,0.376776784658432
YJR076C,YLR341W,0,0.31708896,0.17015649378299713,0.7643564343452454,0.3768768906593323
YOR308C,YBR119W,1,0.3167941,0.17033936083316803,0.7653465270996094,0.3768768906593323
YPL259C,YKL067W,0,0.3166846,0.17030182480812073,0.7653465270996094,0.37697696685791016
YJR057W,YAL009W,0,0.31551495,0.1702643185853958,0.7653465270996094,0.3770770728588104
YBR182C,YDR389W,0,0.31541646,0.1702268272638321,0.7653465270996094,0.3771771788597107
YBR115C,YBR042C,0,0.31533337,0.17018935084342957,0.7653465270996094,0.37727728486061096
YPR082C,YPR094W,1,0.31530577,0.17037199437618256,0.7663366198539734,0.37727728486061096
YDL085W,YKL182W,0,0.3152153,0.17033450305461884,0.7663366198539734,0.37737739086151123
YOL119C,YLR191W,0,0.31454587,0.1702970266342163,0.7663366198539734,0.3774774670600891
YNL175C,YER174C,0,0.3144467,0.17025956511497498,0.7663366198539734,0.3775775730609894
YLR319C,YGL097W,0,0.31439415,0.17022211849689484,0.7663366198539734,0.37767767906188965
YCR053W,YBR179C,0,0.31432647,0.17018470168113708,0.7663366198539734,0.3777777850627899
YEL026W,YLR117C,1,0.31428546,0.17036710679531097,0.7673267126083374,0.3777777850627899
YDR054C,YBR081C,0,0.3141424,0.17032967507839203,0.7673267126083374,0.3778778910636902
YNL321W,YNL290W,0,0.31404328,0.17029224336147308,0.7673267126083374,0.37797796726226807
YBR274W,YIL177C,0,0.31329256,0.17025482654571533,0.7673267126083374,0.37807807326316833
YOL033W,YMR034C,0,0.31311584,0.17021743953227997,0.7673267126083374,0.3781781792640686
YPL028W,YJL102W,0,0.31289515,0.1701800674200058,0.7673267126083374,0.37827828526496887
YJR050W,YGR006W,1,0.312796,0.17036223411560059,0.7683168053627014,0.37827828526496887
YMR303C,YPR019W,0,0.3127054,0.17032484710216522,0.7683168053627014,0.37837839126586914
YCR033W,YDR425W,0,0.31259382,0.17028747498989105,0.7683168053627014,0.378478467464447
YKR020W,YGR180C,0,0.31259316,0.17025010287761688,0.7683168053627014,0.3785785734653473
YJR095W,YBL089W,0,0.31257018,0.1702127605676651,0.7683168053627014,0.37867867946624756
YDR006C,YEL012W,0,0.31255832,0.1701754331588745,0.7683168053627014,0.3787787854671478
YMR298W,YFR005C,0,0.31249124,0.17013812065124512,0.7683168053627014,0.3788788914680481
YGR198W,YLL062C,0,0.31226164,0.1701008379459381,0.7683168053627014,0.378978967666626
YPL020C,YKL034W,0,0.31221044,0.1700635552406311,0.7683168053627014,0.37907907366752625
YPL240C,YDR371W,0,0.31214857,0.1700262874364853,0.7683168053627014,0.3791791796684265
YKL001C,YBL106C,0,0.311922,0.16998904943466187,0.7683168053627014,0.3792792856693268
YML049C,YGR006W,1,0.31189576,0.1701708287000656,0.7693069577217102,0.3792792856693268
YLR382C,YGR074W,1,0.31167948,0.1703525334596634,0.7702970504760742,0.3792792856693268
YDL141W,YGR145W,0,0.31086695,0.1703152358531952,0.7702970504760742,0.37937939167022705
YLR319C,YOR036W,0,0.31082293,0.17027795314788818,0.7702970504760742,0.37947946786880493
YNR044W,YKR030W,0,0.31038085,0.17024070024490356,0.7702970504760742,0.3795795738697052
YNL112W,YML032C,0,0.30977497,0.17020346224308014,0.7702970504760742,0.37967967987060547
YDR379W,YOR226C,0,0.30976254,0.1701662242412567,0.7702970504760742,0.37977978587150574
YML040W,YDR519W,0,0.30947447,0.17012901604175568,0.7702970504760742,0.379879891872406
YLR073C,YBR280C,0,0.30933854,0.17009182274341583,0.7702970504760742,0.3799799680709839
YNL115C,YLR447C,0,0.30915555,0.17005464434623718,0.7702970504760742,0.38008007407188416
YCR075C,YKL144C,0,0.30905804,0.17001748085021973,0.7702970504760742,0.3801801800727844
YBR176W,YCR093W,0,0.30903864,0.16998033225536346,0.7702970504760742,0.3802802860736847
YOR346W,YDR137W,0,0.30892733,0.1699432134628296,0.7702970504760742,0.38038039207458496
YLR343W,YEL031W,0,0.30875593,0.16990609467029572,0.7702970504760742,0.38048046827316284
YJL122W,YOL112W,0,0.3087487,0.16986899077892303,0.7702970504760742,0.3805805742740631
YDR318W,YLR459W,0,0.30822834,0.16983191668987274,0.7702970504760742,0.3806806802749634
YER160C,YHR147C,0,0.30759984,0.16979484260082245,0.7702970504760742,0.38078078627586365
YBL074C,YPR082C,1,0.30751574,0.16997599601745605,0.7712871432304382,0.38078078627586365
YNL129W,YJL114W,0,0.30749097,0.16993892192840576,0.7712871432304382,0.3808808922767639
YNR056C,YCR073C,0,0.307437,0.16990184783935547,0.7712871432304382,0.3809809684753418
YBL088C,YKR044W,0,0.30736825,0.16986480355262756,0.7712871432304382,0.38108107447624207
YDL084W,YMR059W,1,0.30716303,0.17004577815532684,0.7722772359848022,0.38108107447624207
YJL030W,YLR081W,0,0.30663475,0.17000871896743774,0.7722772359848022,0.38118118047714233
YBL005W-A,YLR433C,0,0.30642402,0.16997167468070984,0.7722772359848022,0.3812812864780426
YDL180W,YMR145C,0,0.30633575,0.16993464529514313,0.7722772359848022,0.38138139247894287
YLR174W,YLR301W,0,0.30632114,0.1698976308107376,0.7722772359848022,0.38148146867752075
YKL212W,YDR167W,0,0.30613577,0.1698606312274933,0.7722772359848022,0.381581574678421
YLR386W,YLR141W,0,0.3061033,0.16982364654541016,0.7722772359848022,0.3816816806793213
YGR014W,YGL169W,0,0.30582753,0.16978667676448822,0.7722772359848022,0.38178178668022156
YPL206C,YDL052C,0,0.3056635,0.16974972188472748,0.7722772359848022,0.3818818926811218
YDL029W,YLR320W,0,0.30545354,0.16971279680728912,0.7722772359848022,0.3819819688796997
YAR010C,YBL057C,0,0.3053788,0.16967587172985077,0.7722772359848022,0.3820820748806
YFL045C,YMR307W,0,0.3053429,0.1696389764547348,0.7722772359848022,0.38218218088150024
YLR208W,YLL039C,0,0.305233,0.16960208117961884,0.7722772359848022,0.3822822868824005
YLR064W,YMR145C,0,0.30481714,0.16956521570682526,0.7722772359848022,0.3823823928833008
YNL267W,YML040W,0,0.30468148,0.16952836513519287,0.7722772359848022,0.38248246908187866
YDR448W,YKL084W,0,0.3046368,0.16949152946472168,0.7722772359848022,0.38258257508277893
YJL034W,YJR092W,0,0.30458114,0.16945470869541168,0.7722772359848022,0.3826826810836792
YDL097C,YMR083W,0,0.30454707,0.16941790282726288,0.7722772359848022,0.38278278708457947
YLR390W,YNL242W,0,0.3044691,0.16938111186027527,0.7722772359848022,0.38288289308547974
YBR271W,YNR061C,0,0.3042263,0.16934433579444885,0.7722772359848022,0.3829829692840576
YGR048W,YDR104C,0,0.30415744,0.16930757462978363,0.7722772359848022,0.3830830752849579
YIL114C,YGR184C,0,0.30330843,0.1692708283662796,0.7722772359848022,0.38318318128585815
YML032C,YBR077C,0,0.3032853,0.16923411190509796,0.7722772359848022,0.3832832872867584
YLR275W,YCR063W,1,0.30320662,0.16941431164741516,0.7732673287391663,0.3832832872867584
YML126C,YLR459W,0,0.30301556,0.16937758028507233,0.7732673287391663,0.3833833932876587
YOR076C,YPL236C,0,0.30293798,0.1693408489227295,0.7732673287391663,0.3834834694862366
YJL100W,YNR018W,0,0.30289322,0.16930414736270905,0.7732673287391663,0.38358357548713684
YKL143W,YLR275W,0,0.3028397,0.1692674458026886,0.7732673287391663,0.3836836814880371
YER083C,YLR310C,0,0.30282524,0.16923077404499054,0.7732673287391663,0.3837837874889374
YIL099W,YNL220W,0,0.30278513,0.16919410228729248,0.7732673287391663,0.38388389348983765
YGL249W,YDR279W,0,0.30273557,0.1691574603319168,0.7732673287391663,0.3839839696884155
YBR203W,YKL049C,0,0.30272686,0.16912083327770233,0.7732673287391663,0.3840840756893158
YGR154C,YDR233C,0,0.3027227,0.16908422112464905,0.7732673287391663,0.38418418169021606
YJR017C,YEL071W,0,0.30257642,0.16904762387275696,0.7732673287391663,0.38428428769111633
YMR049C,YBL106C,0,0.30208963,0.16901104152202606,0.7732673287391663,0.3843843936920166
YNL113W,YNL218W,0,0.3016457,0.16897447407245636,0.7732673287391663,0.3844844698905945
YBR175W,YPL172C,0,0.301508,0.16893792152404785,0.7732673287391663,0.38458457589149475
YPL213W,YCL038C,0,0.30130452,0.16890138387680054,0.7732673287391663,0.384684681892395
YKR039W,YDL210W,0,0.30070603,0.16886486113071442,0.7732673287391663,0.3847847878932953
YDL017W,YGL014W,0,0.3003177,0.16882836818695068,0.7732673287391663,0.38488489389419556
YPL074W,YGR068C,0,0.30027282,0.16879187524318695,0.7732673287391663,0.38498497009277344
YDR216W,YNL002C,0,0.30021924,0.1687553972005844,0.7732673287391663,0.3850850760936737
YLR394W,YFR044C,0,0.3000438,0.16871894896030426,0.7732673287391663,0.385185182094574
YGL160W,YDR067C,0,0.29963928,0.1686825007200241,0.7732673287391663,0.38528528809547424
YLL033W,YBR044C,0,0.29962727,0.16864608228206635,0.7732673287391663,0.3853853940963745
YKR022C,YER013W,1,0.2995702,0.16882556676864624,0.7742574214935303,0.3853853940963745
YDL024C,YHR007C,0,0.29954642,0.1687891185283661,0.7742574214935303,0.3854855000972748
YOL107W,YMR316W,0,0.29953688,0.16875270009040833,0.7742574214935303,0.38558557629585266
YGR216C,YNL311C,0,0.29949665,0.16871629655361176,0.7742574214935303,0.38568568229675293
YCR042C,YFL037W,0,0.29919642,0.16867989301681519,0.7742574214935303,0.3857857882976532
YBR022W,YHR086W,1,0.298854,0.16885916888713837,0.7752475142478943,0.3857857882976532
YHR123W,YPR049C,0,0.29863656,0.1688227653503418,0.7752475142478943,0.38588589429855347
YOR061W,YMR051C,0,0.29860964,0.16878637671470642,0.7752475142478943,0.38598600029945374
YDR378C,YBR084C-A,0,0.2979074,0.16875000298023224,0.7752475142478943,0.3860860764980316
YKL130C,YHR135C,0,0.29790267,0.16871364414691925,0.7752475142478943,0.3861861824989319
YDR119W,YOL113W,0,0.29776692,0.16867730021476746,0.7752475142478943,0.38628628849983215
YOR094W,YKR013W,0,0.2977595,0.16864097118377686,0.7752475142478943,0.3863863945007324
YML034W,YGL172W,0,0.29775393,0.16860465705394745,0.7752475142478943,0.3864865005016327
YPL155C,YHR175W,0,0.29744244,0.16856835782527924,0.7752475142478943,0.38658657670021057
YDR239C,YDR310C,0,0.29736733,0.16853207349777222,0.7752475142478943,0.38668668270111084
YOL128C,YDR240C,0,0.29711804,0.1684958040714264,0.7752475142478943,0.3867867887020111
YBR068C,YOR232W,0,0.2971136,0.16845954954624176,0.7752475142478943,0.3868868947029114
YFR006W,YNL323W,0,0.29696858,0.16842330992221832,0.7752475142478943,0.38698700070381165
YKL213C,YNL315C,0,0.2965926,0.16838710010051727,0.7752475142478943,0.3870870769023895
YGR289C,YDL019C,0,0.29644927,0.16835089027881622,0.7752475142478943,0.3871871829032898
YKL182W,YHR102W,0,0.29609212,0.16831471025943756,0.7752475142478943,0.38728728890419006
YOR202W,YJR127C,0,0.2958914,0.1682785302400589,0.7752475142478943,0.38738739490509033
YNL166C,YPL015C,0,0.29550794,0.16824236512184143,0.7752475142478943,0.3874875009059906
YOR230W,YLR396C,0,0.29545423,0.16820622980594635,0.7752475142478943,0.3875875771045685
YLR027C,YDR425W,0,0.2954418,0.16817010939121246,0.7752475142478943,0.38768768310546875
YFR029W,YDR022C,0,0.29541206,0.16813398897647858,0.7752475142478943,0.387787789106369
YJL210W,YJL044C,0,0.29539073,0.16809789836406708,0.7752475142478943,0.3878878951072693
YDR113C,YOR190W,0,0.29502374,0.16806182265281677,0.7752475142478943,0.38798800110816956
YLR373C,YDR229W,0,0.29473698,0.16802574694156647,0.7752475142478943,0.38808807730674744
YLR100W,YDR131C,0,0.2946931,0.16798970103263855,0.7752475142478943,0.3881881833076477
YPR079W,YJR010C-A,0,0.29466975,0.16795367002487183,0.7752475142478943,0.388288289308548
YNL061W,YFL021W,0,0.2945182,0.1679176539182663,0.7752475142478943,0.38838839530944824
YOR085W,YOR190W,0,0.2943182,0.16788165271282196,0.7752475142478943,0.3884885013103485
YJL102W,YDL128W,0,0.2943122,0.16784566640853882,0.7752475142478943,0.3885885775089264
YMR184W,YGL097W,0,0.29423815,0.16780968010425568,0.7752475142478943,0.38868868350982666
YGL206C,YNL026W,0,0.29368785,0.16777372360229492,0.7752475142478943,0.38878878951072693
YAL017W,YDR294C,0,0.29368398,0.16773778200149536,0.7752475142478943,0.3888888955116272
YIL114C,YOR303W,0,0.29359013,0.1677018702030182,0.7752475142478943,0.38898900151252747
YOL145C,YDR358W,0,0.29337275,0.16766595840454102,0.7752475142478943,0.38908907771110535
YHR165C,YBR022W,1,0.29334655,0.16784414649009705,0.7762376070022583,0.38908907771110535
YLL042C,YDR291W,0,0.29324108,0.16780821979045868,0.7762376070022583,0.3891891837120056
YBR097W,YKL168C,0,0.29250407,0.1677723079919815,0.7762376070022583,0.3892892897129059
YER048C,YNL281W,0,0.29211587,0.16773641109466553,0.7762376070022583,0.38938939571380615
YHR084W,YLR401C,0,0.29189736,0.16770052909851074,0.7762376070022583,0.3894895017147064
YHR061C,YLR297W,0,0.29173398,0.16766467690467834,0.7762376070022583,0.3895895779132843
YMR097C,YOL103W,0,0.2915026,0.16762882471084595,0.7762376070022583,0.38968968391418457
YBR281C,YDR171W,0,0.29144412,0.16759298741817474,0.7762376070022583,0.38978978991508484
YHR045W,YGL051W,0,0.29132387,0.16755716502666473,0.7762376070022583,0.3898898959159851
YDR221W,YGL014W,0,0.2907903,0.1675213724374771,0.7762376070022583,0.3899900019168854
YER137C,YJL191W,0,0.29071295,0.1674855798482895,0.7762376070022583,0.39009007811546326
YLR406C,YPL255W,0,0.2905518,0.16744980216026306,0.7762376070022583,0.3901901841163635
YNL128W,YBR127C,0,0.29026252,0.16741405427455902,0.7762376070022583,0.3902902901172638
YGL039W,YMR182C,0,0.29024094,0.16737830638885498,0.7762376070022583,0.39039039611816406
YGL023C,YJL191W,0,0.2899559,0.16734258830547333,0.7762376070022583,0.39049050211906433
YDL141W,YGL094C,0,0.2895594,0.16730687022209167,0.7762376070022583,0.3905905783176422
YNL158W,YDR363W-A,0,0.28936487,0.1672711819410324,0.7762376070022583,0.3906906843185425
YDL217C,YOR299W,0,0.28929126,0.16723549365997314,0.7762376070022583,0.39079079031944275
YCL063W,YJL125C,0,0.28921372,0.16719983518123627,0.7762376070022583,0.390890896320343
YER166W,YDR141C,0,0.2891869,0.1671641767024994,0.7762376070022583,0.3909910023212433
YGL113W,YOR290C,0,0.28907707,0.1671285480260849,0.7762376070022583,0.39109107851982117
YMR160W,YIL150C,0,0.28835422,0.1670929193496704,0.7762376070022583,0.39119118452072144
YNR069C,YDL006W,0,0.28819543,0.1670573204755783,0.7762376070022583,0.3912912905216217
YMR308C,YNL279W,0,0.28810638,0.1670217365026474,0.7762376070022583,0.391391396522522
YFL010W-A,YLR035C,0,0.28792334,0.1669861525297165,0.7762376070022583,0.39149150252342224
YNL256W,YOL057W,0,0.2876685,0.16695059835910797,0.7762376070022583,0.3915915787220001
YGL130W,YPL121C,0,0.28764087,0.16691505908966064,0.7762376070022583,0.3916916847229004
YAR008W,YGR124W,0,0.2874554,0.16687951982021332,0.7762376070022583,0.39179179072380066
YPL155C,YLR364W,0,0.28711623,0.16684401035308838,0.7762376070022583,0.3918918967247009
YGL054C,YGL257C,0,0.2870179,0.16680851578712463,0.7762376070022583,0.3919920027256012
YER112W,YLR405W,0,0.28686005,0.1667730212211609,0.7762376070022583,0.3920920789241791
YLR312W-A,YGL236C,0,0.28662142,0.16673755645751953,0.7762376070022583,0.39219218492507935
YIL027C,YDL074C,0,0.28653657,0.16670210659503937,0.7762376070022583,0.3922922909259796
YJL090C,YDR353W,0,0.28622776,0.1666666716337204,0.7762376070022583,0.3923923969268799
YPL057C,YOR377W,0,0.28619868,0.16663123667240143,0.7762376070022583,0.39249250292778015
YBR104W,YBR026C,0,0.2858519,0.16659583151340485,0.7762376070022583,0.39259257912635803
YPR006C,YPR108W,0,0.2858275,0.16656044125556946,0.7762376070022583,0.3926926851272583
YGR222W,YGR006W,1,0.2856096,0.16673746705055237,0.7772276997566223,0.3926926851272583
YDR107C,YCR077C,0,0.2855767,0.1667020618915558,0.7772276997566223,0.39279279112815857
YDL206W,YJR034W,0,0.28536275,0.1666666716337204,0.7772276997566223,0.39289289712905884
YJR112W,YKL112W,0,0.28536174,0.166631281375885,0.7772276997566223,0.3929930031299591
YNL166C,YLR329W,0,0.2853282,0.166595920920372,0.7772276997566223,0.393093079328537
YOL102C,YOR334W,1,0.2852492,0.1667727530002594,0.7782177925109863,0.393093079328537
YHR084W,YEL043W,0,0.28517115,0.1667373776435852,0.7782177925109863,0.39319318532943726
YDR174W,YHR168W,0,0.2851631,0.1667020171880722,0.7782177925109863,0.3932932913303375
YAR007C,YIR010W,0,0.2848057,0.1666666716337204,0.7782177925109863,0.3933933973312378
YIR023W,YIL127C,0,0.28468594,0.1666313260793686,0.7782177925109863,0.39349350333213806
YPR178W,YNR040W,0,0.28449887,0.16659601032733917,0.7782177925109863,0.39359357953071594
YHR036W,YGR052W,0,0.2841845,0.16656070947647095,0.7782177925109863,0.3936936855316162
YGR271W,YLR048W,0,0.28415242,0.16652542352676392,0.7782177925109863,0.3937937915325165
YIL080W,YLR148W,0,0.2838782,0.16649015247821808,0.7782177925109863,0.39389389753341675
YCR014C,YLR359W,0,0.2838405,0.16645489633083344,0.7782177925109863,0.393994003534317
YOL075C,YGL254W,0,0.28375542,0.16641965508460999,0.7782177925109863,0.3940940797328949
YLR070C,YML077W,0,0.2833864,0.16638441383838654,0.7782177925109863,0.39419418573379517
YJL156C,YDR107C,0,0.28307718,0.16634920239448547,0.7782177925109863,0.39429429173469543
YDL209C,YGL174W,1,0.28273925,0.16652560234069824,0.7792079448699951,0.39429429173469543
YLR013W,YGL100W,0,0.2825378,0.166490375995636,0.7792079448699951,0.3943943977355957
YLR453C,YHR153C,0,0.28252408,0.16645516455173492,0.7792079448699951,0.39449450373649597
YJR113C,YAL008W,0,0.28225935,0.16641996800899506,0.7792079448699951,0.39459457993507385
YAL010C,YKL053C-A,0,0.28195795,0.1663847714662552,0.7792079448699951,0.3946946859359741
YCL019W,YJR057W,0,0.28186792,0.1663496047258377,0.7792079448699951,0.3947947919368744
YJL138C,YJR107W,0,0.28141704,0.16631445288658142,0.7792079448699951,0.39489489793777466
YDR186C,YPR200C,0,0.2809048,0.16627931594848633,0.7792079448699951,0.3949950039386749
YBR150C,YKR081C,0,0.28080863,0.16624419391155243,0.7792079448699951,0.3950951099395752
YGL134W,YGR096W,0,0.28060532,0.16620908677577972,0.7792079448699951,0.3951951861381531
YBR199W,YKL137W,0,0.28044,0.16617397964000702,0.7792079448699951,0.39529529213905334
YKL004W,YOR388C,0,0.28028858,0.1661389023065567,0.7792079448699951,0.3953953981399536
YLR166C,YGR284C,0,0.28014714,0.16610383987426758,0.7792079448699951,0.3954955041408539
YGL011C,YNL189W,0,0.2800199,0.16606879234313965,0.7792079448699951,0.39559561014175415
YKL171W,YOR141C,0,0.27994785,0.1660337597131729,0.7792079448699951,0.39569568634033203
YDR115W,YBR240C,0,0.2797207,0.16599872708320618,0.7792079448699951,0.3957957923412323
YDL217C,YOL105C,0,0.27953064,0.16596372425556183,0.7792079448699951,0.39589589834213257
YBR092C,YNL052W,0,0.2794046,0.16592873632907867,0.7792079448699951,0.39599600434303284
YLR096W,YMR022W,0,0.2793221,0.1658937633037567,0.7792079448699951,0.3960961103439331
YJL149W,YBL082C,0,0.27926952,0.16585880517959595,0.7792079448699951,0.396196186542511
YGR116W,YDR446W,0,0.27902916,0.16582384705543518,0.7792079448699951,0.39629629254341125
YER131W,YPR185W,0,0.27893656,0.1657889187335968,0.7792079448699951,0.3963963985443115
YIL122W,YMR240C,0,0.27842495,0.16575400531291962,0.7792079448699951,0.3964965045452118
YLR270W,YMR093W,0,0.27802762,0.16571909189224243,0.7792079448699951,0.39659661054611206
YLR148W,YLR264W,0,0.2769541,0.16568420827388763,0.7792079448699951,0.39669668674468994
YNL304W,YPR186C,0,0.27689597,0.16564933955669403,0.7792079448699951,0.3967967927455902
YML116W,YLR172C,0,0.2768017,0.16561447083950043,0.7792079448699951,0.3968968987464905
YPR101W,YLR116W,1,0.27675462,0.16579002141952515,0.7801980376243591,0.3968968987464905
YLR380W,YNL213C,0,0.27666083,0.16575515270233154,0.7801980376243591,0.39699700474739075
YER068W,YLR309C,0,0.2766596,0.16572029888629913,0.7801980376243591,0.397097110748291
YKR086W,YBR102C,1,0.2765731,0.1658957153558731,0.7811881303787231,0.397097110748291
YHR061C,YDR083W,0,0.2765281,0.1658608317375183,0.7811881303787231,0.3971971869468689
YPL057C,YLR332W,0,0.2764638,0.1658259779214859,0.7811881303787231,0.39729729294776917
YML034W,YNL185C,0,0.27628434,0.16579113900661469,0.7811881303787231,0.39739739894866943
YDR393W,YGR251W,0,0.2761746,0.16575630009174347,0.7811881303787231,0.3974975049495697
YOR043W,YGR002C,0,0.27607924,0.16572149097919464,0.7811881303787231,0.39759761095046997
YJR028W,YNL064C,0,0.27602676,0.1656866818666458,0.7811881303787231,0.39769768714904785
YNL149C,YGL259W,0,0.27593088,0.16565190255641937,0.7811881303787231,0.3977977931499481
YMR190C,YDR030C,0,0.27517432,0.16561712324619293,0.7811881303787231,0.3978978991508484
YNL280C,YGR014W,0,0.2746701,0.16558237373828888,0.7811881303787231,0.39799800515174866
YPR061C,YJR129C,0,0.2745253,0.16554762423038483,0.7811881303787231,0.3980981111526489
YIR009W,YGR013W,1,0.27451468,0.16572268307209015,0.7821782231330872,0.3980981111526489
YMR071C,YLR275W,0,0.27436045,0.1656879186630249,0.7821782231330872,0.3981981873512268
YDL141W,YHR109W,0,0.27429014,0.16565318405628204,0.7821782231330872,0.3982982933521271
YGL153W,YEL062W,0,0.27392748,0.16561844944953918,0.7821782231330872,0.39839839935302734
YDR524C,YGR159C,0,0.2736314,0.16558372974395752,0.7821782231330872,0.3984985053539276
YGL040C,YKL024C,0,0.27352557,0.16554903984069824,0.7821782231330872,0.3985986113548279
YMR113W,YIL083C,0,0.2734815,0.16551434993743896,0.7821782231330872,0.39869868755340576
YDL110C,YOR155C,0,0.2733279,0.16547967493534088,0.7821782231330872,0.39879879355430603
YER170W,YDL049C,0,0.27281702,0.16544502973556519,0.7821782231330872,0.3988988995552063
YPL113C,YKL041W,0,0.27257958,0.1654103845357895,0.7821782231330872,0.39899900555610657
YDR520C,YNL010W,0,0.2725064,0.165375754237175,0.7821782231330872,0.39909911155700684
YKR013W,YLR066W,0,0.27229536,0.16534115374088287,0.7821782231330872,0.3991991877555847
YML046W,YDR194C,1,0.27180642,0.16551579535007477,0.7831683158874512,0.3991991877555847
YNL306W,YMR136W,0,0.27156064,0.16548116505146027,0.7831683158874512,0.399299293756485
YMR278W,YOL041C,0,0.27152896,0.16544656455516815,0.7831683158874512,0.39939939975738525
YPL110C,YDR334W,0,0.27149287,0.16541196405887604,0.7831683158874512,0.3994995057582855
YHR021C,YDR207C,0,0.27108172,0.16537737846374512,0.7831683158874512,0.3995996117591858
YER045C,YPL134C,0,0.2709993,0.1653428077697754,0.7831683158874512,0.39969968795776367
YGL137W,YBR264C,0,0.27093408,0.16530825197696686,0.7831683158874512,0.39979979395866394
YKR050W,YML008C,0,0.27091306,0.16527371108531952,0.7831683158874512,0.3998998999595642
YOR353C,YDL229W,0,0.2706595,0.16523918509483337,0.7831683158874512,0.4000000059604645
YLR117C,YBL074C,1,0.27065706,0.1654135286808014,0.7841584086418152,0.4000000059604645
YLR028C,YKL007W,0,0.2705683,0.16537898778915405,0.7841584086418152,0.40010011196136475
YML039W,YPL028W,0,0.26996657,0.1653444617986679,0.7841584086418152,0.4002001881599426
YOL062C,YOR070C,0,0.26973695,0.16530995070934296,0.7841584086418152,0.4003002941608429
YMR216C,YDR072C,0,0.26915544,0.1652754545211792,0.7841584086418152,0.40040040016174316
YML046W,YJL106W,0,0.26876938,0.16524097323417664,0.7841584086418152,0.40050050616264343
YBR186W,YHR079C,0,0.26872113,0.16520650684833527,0.7841584086418152,0.4006006121635437
YKR087C,YLR266C,0,0.26859942,0.1651720553636551,0.7841584086418152,0.4007006883621216
YPL240C,YBR042C,0,0.26831645,0.1651376187801361,0.7841584086418152,0.40080079436302185
YJR063W,YKL186C,0,0.26830426,0.16510318219661713,0.7841584086418152,0.4009009003639221
YIL136W,YCR052W,0,0.26829398,0.16506877541542053,0.7841584086418152,0.4010010063648224
YPR156C,YOL120C,0,0.26822725,0.16503438353538513,0.7841584086418152,0.40110111236572266
YJL121C,YNL082W,0,0.26793092,0.16500000655651093,0.7841584086418152,0.40120118856430054
YGL054C,YDR119W,0,0.26792553,0.16496562957763672,0.7841584086418152,0.4013012945652008
YFR044C,YBR156C,0,0.26790944,0.1649312824010849,0.7841584086418152,0.4014014005661011
YOR131C,YLR320W,0,0.26784194,0.16489693522453308,0.7841584086418152,0.40150150656700134
YPL132W,YBR125C,0,0.26783907,0.16486261785030365,0.7841584086418152,0.4016016125679016
YBR288C,YLR430W,0,0.26775053,0.16482830047607422,0.7841584086418152,0.4017016887664795
YOR231W,YKR065C,0,0.26739076,0.16479401290416718,0.7841584086418152,0.40180179476737976
YML049C,YPR134W,1,0.2672255,0.16496776044368744,0.7851485013961792,0.40180179476737976
YBR235W,YDR506C,0,0.26625356,0.164933443069458,0.7851485013961792,0.40190190076828003
YFR041C,YPL037C,0,0.26602232,0.16489914059638977,0.7851485013961792,0.4020020067691803
YMR188C,YBR230C,0,0.26562667,0.16486486792564392,0.7851485013961792,0.40210211277008057
YMR098C,YDL126C,0,0.26495764,0.16483059525489807,0.7851485013961792,0.40220218896865845
YML124C,YDL052C,0,0.26471764,0.16479633748531342,0.7851485013961792,0.4023022949695587
YKL085W,YDL127W,0,0.26466557,0.16476210951805115,0.7851485013961792,0.402402400970459
YGR252W,YER153C,0,0.2646343,0.16472788155078888,0.7851485013961792,0.40250250697135925
YNL300W,YNR047W,0,0.26444036,0.1646936684846878,0.7851485013961792,0.4026026129722595
YOL086C,YOR030W,0,0.2643182,0.16465947031974792,0.7851485013961792,0.4027026891708374
YJL124C,YLR353W,0,0.2641402,0.16462528705596924,0.7851485013961792,0.40280279517173767
YMR099C,YPL268W,0,0.26372358,0.16459111869335175,0.7851485013961792,0.40290290117263794
YLR433C,YHR046C,0,0.26342493,0.16455696523189545,0.7851485013961792,0.4030030071735382
YOL101C,YAL008W,0,0.2633783,0.16452282667160034,0.7851485013961792,0.4031031131744385
YNR004W,YNL312W,0,0.26317823,0.16448868811130524,0.7851485013961792,0.40320318937301636
YPR072W,YDR210W,0,0.26314646,0.16445457935333252,0.7851485013961792,0.4033032953739166
YNL077W,YLR080W,0,0.26262248,0.164420485496521,0.7851485013961792,0.4034034013748169
YNL152W,YKL096W,0,0.2625257,0.16438640654087067,0.7851485013961792,0.40350350737571716
YOR151C,YOL128C,0,0.26233014,0.16435232758522034,0.7851485013961792,0.40360361337661743
YCL075W,YHR004C,0,0.2622746,0.1643182784318924,0.7851485013961792,0.4037036895751953
YLL035W,YHR181W,0,0.2622369,0.16428422927856445,0.7851485013961792,0.4038037955760956
YMR296C,YMR089C,0,0.2622007,0.1642502099275589,0.7851485013961792,0.40390390157699585
YOL017W,YJL062W,0,0.2619902,0.16421619057655334,0.7851485013961792,0.4040040075778961
YJL138C,YOR228C,0,0.26187775,0.16418220102787018,0.7851485013961792,0.4041041135787964
YKR080W,YEL030W,0,0.26122937,0.164148211479187,0.7851485013961792,0.40420418977737427
YDL205C,YPL123C,0,0.2610732,0.16411423683166504,0.7851485013961792,0.40430429577827454
YJR105W,YGR002C,0,0.26082018,0.16408027708530426,0.7851485013961792,0.4044044017791748
YIR028W,YNL061W,0,0.26078588,0.16404633224010468,0.7851485013961792,0.4045045077800751
YCR081W,YDL208W,0,0.26072413,0.16401240229606628,0.7851485013961792,0.40460461378097534
YDR144C,YDL070W,0,0.26045433,0.1639784872531891,0.7851485013961792,0.4047046899795532
YKL084W,YFL004W,0,0.25995877,0.16394458711147308,0.7851485013961792,0.4048047959804535
YGL135W,YJR013W,0,0.25965673,0.16391070187091827,0.7851485013961792,0.40490490198135376
YIR005W,YLR203C,1,0.25958255,0.16408349573612213,0.7861385941505432,0.40490490198135376
YMR190C,YJR013W,0,0.25944617,0.16404958069324493,0.7861385941505432,0.40500500798225403
YDR006C,YNL274C,0,0.25943655,0.16401569545269012,0.7861385941505432,0.4051051139831543
YIL150C,YCR040W,0,0.25929743,0.1639818251132965,0.7861385941505432,0.40520521998405457
YDR119W,YOR298W,0,0.2592276,0.1639479696750641,0.7861385941505432,0.40530529618263245
YOR393W,YHR044C,0,0.2591563,0.16391411423683167,0.7861385941505432,0.4054054021835327
YPR035W,YBR289W,0,0.2589681,0.16388028860092163,0.7861385941505432,0.405505508184433
YPL113C,YER021W,0,0.2588374,0.1638464778661728,0.7861385941505432,0.40560561418533325
YKL017C,YJL153C,0,0.2587427,0.16381266713142395,0.7861385941505432,0.4057057201862335
YOR204W,YNL210W,1,0.25849605,0.16398514807224274,0.7871286869049072,0.4057057201862335
YPL122C,YDR231C,0,0.2584502,0.1639513373374939,0.7871286869049072,0.4058057963848114
YPL096W,YMR143W,0,0.25839353,0.16391752660274506,0.7871286869049072,0.40590590238571167
YMR250W,YNL087W,0,0.2581361,0.1638837307691574,0.7871286869049072,0.40600600838661194
YGR255C,YLR325C,0,0.25796705,0.16384996473789215,0.7871286869049072,0.4061061143875122
YDL114W,YMR308C,0,0.2577894,0.1638161987066269,0.7871286869049072,0.4062062203884125
YOR150W,YLR097C,0,0.25773075,0.16378244757652283,0.7871286869049072,0.40630629658699036
YBR058C,YHR104W,0,0.25764748,0.16374871134757996,0.7871286869049072,0.4064064025878906
YLL054C,YDR283C,0,0.25735387,0.16371499001979828,0.7871286869049072,0.4065065085887909
YNL192W,YHR123W,0,0.2572334,0.1636812835931778,0.7871286869049072,0.40660661458969116
YKL117W,YGR284C,0,0.25705796,0.1636475920677185,0.7871286869049072,0.40670672059059143
YPR101W,YJL133W,1,0.25699213,0.16381971538066864,0.788118839263916,0.40670672059059143
YAL032C,YOR148C,1,0.25685233,0.1639917641878128,0.78910893201828,0.40670672059059143
YLR071C,YGR020C,0,0.25681138,0.16395802795886993,0.78910893201828,0.4068067967891693
YER151C,YDR018C,0,0.25677153,0.16392430663108826,0.78910893201828,0.4069069027900696
YNL290W,YPL024W,0,0.25628802,0.16389060020446777,0.78910893201828,0.40700700879096985
YGR104C,YGL040C,0,0.25594535,0.16385690867900848,0.78910893201828,0.4071071147918701
YBR237W,YLR132C,1,0.2559328,0.16402877867221832,0.790099024772644,0.4071071147918701
YOL112W,YCR093W,0,0.25589004,0.16399507224559784,0.790099024772644,0.4072072207927704
YML124C,YHR099W,0,0.25560442,0.16396136581897736,0.790099024772644,0.40730729699134827
YBR267W,YGL210W,0,0.25557864,0.16392768919467926,0.790099024772644,0.40740740299224854
YIL112W,YDR421W,0,0.25537273,0.16389402747154236,0.790099024772644,0.4075075089931488
YKL113C,YBR280C,0,0.255339,0.16386036574840546,0.790099024772644,0.4076076149940491
YHR188C,YBL084C,0,0.25507608,0.16382673382759094,0.790099024772644,0.40770772099494934
YOR043W,YKL025C,0,0.25506788,0.16379310190677643,0.790099024772644,0.4078077971935272
YBR110W,YOR089C,0,0.25469574,0.1637594848871231,0.790099024772644,0.4079079031944275
YPL206C,YAL017W,0,0.25464034,0.16372589766979218,0.790099024772644,0.40800800919532776
YDR014W,YGR186W,0,0.25432155,0.16369231045246124,0.790099024772644,0.408108115196228
YPR101W,YLL036C,1,0.25405392,0.16386382281780243,0.7910891175270081,0.408108115196228
YBL074C,YDR240C,1,0.25380895,0.16403526067733765,0.7920792102813721,0.408108115196228
YDR001C,YMR145C,0,0.25367162,0.16400164365768433,0.7920792102813721,0.4082082211971283
YPR005C,YOR239W,0,0.2534784,0.163968026638031,0.7920792102813721,0.4083082973957062
YPL103C,YER173W,0,0.2531564,0.16393442451953888,0.7920792102813721,0.40840840339660645
YCR003W,YNL035C,0,0.2530279,0.16390083730220795,0.7920792102813721,0.4085085093975067
YGR135W,YIR021W,0,0.25243548,0.1638672649860382,0.7920792102813721,0.408608615398407
YDR518W,YNL188W,0,0.25233617,0.16383370757102966,0.7920792102813721,0.40870872139930725
YOL141W,YBL009W,0,0.2523127,0.1638001650571823,0.7920792102813721,0.40880879759788513
YNR026C,YDR506C,0,0.25225684,0.16376663744449615,0.7920792102813721,0.4089089035987854
YKL064W,YOL103W,0,0.2520928,0.16373310983181,0.7920792102813721,0.40900900959968567
YGL232W,YHR026W,0,0.25188097,0.16369961202144623,0.7920792102813721,0.40910911560058594
YIR009W,YKR052C,1,0.25156352,0.163870707154274,0.7930693030357361,0.40910911560058594
YBR119W,YLR203C,1,0.25148296,0.16404172778129578,0.7940593957901001,0.40910911560058594
YDR258C,YJR094W-A,0,0.2513994,0.16400818526744843,0.7940593957901001,0.4092092216014862
YEL050C,YDR503C,0,0.25113648,0.16397464275360107,0.7940593957901001,0.4093092978000641
YGL158W,YOR288C,0,0.25112695,0.1639411300420761,0.7940593957901001,0.40940940380096436
YIR005W,YLR382C,1,0.25082844,0.16411200165748596,0.7950494885444641,0.40940940380096436
YJR004C,YBR203W,0,0.25079,0.1640784591436386,0.7950494885444641,0.4095095098018646
YAL013W,YHR028C,0,0.25073037,0.16404494643211365,0.7950494885444641,0.4096096158027649
YML071C,YJL165C,0,0.2504644,0.16401143372058868,0.7950494885444641,0.40970972180366516
YMR045C,YBR128C,0,0.25038397,0.1639779508113861,0.7950494885444641,0.40980979800224304
YOL136C,YDL092W,0,0.2503553,0.16394446790218353,0.7950494885444641,0.4099099040031433
YBR207W,YMR293C,0,0.2503411,0.16391099989414215,0.7950494885444641,0.4100100100040436
YLR117C,YPR043W,0,0.2502377,0.16387754678726196,0.7950494885444641,0.41011011600494385
YLR424W,YBR119W,1,0.25007948,0.16404815018177032,0.7960395812988281,0.41011011600494385
YOL107W,YJL085W,0,0.24964572,0.16401468217372894,0.7960395812988281,0.4102102220058441
YER115C,YGL077C,0,0.24925663,0.16398122906684875,0.7960395812988281,0.410310298204422
YNL129W,YDR060W,0,0.24925216,0.16394779086112976,0.7960395812988281,0.41041040420532227
YDR016C,YDR392W,0,0.24920072,0.16391436755657196,0.7960395812988281,0.41051051020622253
YLR440C,YOR328W,0,0.24916126,0.16388095915317535,0.7960395812988281,0.4106106162071228
YDR473C,YHR086W,1,0.24836765,0.164051353931427,0.7970296740531921,0.4106106162071228
YBR229C,YHR085W,0,0.24823983,0.1640179306268692,0.7970296740531921,0.41071072220802307
YIR028W,YML007W,0,0.24820746,0.1639845222234726,0.7970296740531921,0.41081079840660095
YFL034C-B,YOL006C,0,0.24814735,0.163951113820076,0.7970296740531921,0.4109109044075012
YOL034W,YIR018W,0,0.24811968,0.16391773521900177,0.7970296740531921,0.4110110104084015
YBR244W,YGL236C,0,0.24798141,0.16388437151908875,0.7970296740531921,0.41111111640930176
YNL046W,YFL016C,0,0.24784176,0.16385100781917572,0.7970296740531921,0.411211222410202
YGL175C,YKL213C,0,0.24774282,0.1638176590204239,0.7970296740531921,0.4113112986087799
YJR057W,YCR034W,0,0.24772766,0.16378434002399445,0.7970296740531921,0.4114114046096802
YDR243C,YDR473C,1,0.24736504,0.16395443677902222,0.7980198264122009,0.4114114046096802
YBR160W,YHL018W,0,0.24733599,0.16392108798027039,0.7980198264122009,0.41151151061058044
YBL026W,YNL175C,0,0.2470238,0.16388775408267975,0.7980198264122009,0.4116116166114807
YPR047W,YBR133C,0,0.24698403,0.1638544350862503,0.7980198264122009,0.411711722612381
YJL137C,YAR019C,0,0.24676135,0.16382113099098206,0.7980198264122009,0.41181179881095886
YML124C,YKR037C,0,0.24610946,0.163787841796875,0.7980198264122009,0.41191190481185913
YFR029W,YLR341W,0,0.24589549,0.16375456750392914,0.7980198264122009,0.4120120108127594
YEL026W,YLR116W,1,0.24572527,0.163924440741539,0.7990099191665649,0.4120120108127594
YPR054W,YER044C,0,0.2453026,0.16389115154743195,0.7990099191665649,0.41211211681365967
YDR483W,YNL283C,0,0.24514687,0.1638578623533249,0.7990099191665649,0.41221222281455994
YLR276C,YDR368W,0,0.24509324,0.16382460296154022,0.7990099191665649,0.4123122990131378
YOL033W,YBR201W,0,0.2449176,0.16379135847091675,0.7990099191665649,0.4124124050140381
YKL124W,YKR035W-A,0,0.24487987,0.16375811398029327,0.7990099191665649,0.41251251101493835
YML124C,YNR007C,0,0.24475896,0.1637248992919922,0.7990099191665649,0.4126126170158386
YKL084W,YGR155W,0,0.24460007,0.1636916846036911,0.7990099191665649,0.4127127230167389
YCR028C,YKR014C,0,0.24454339,0.1636584848165512,0.7990099191665649,0.4128127992153168
YPL153C,YPR021C,0,0.24452852,0.1636252999305725,0.7990099191665649,0.41291290521621704
YIL177C,YHL008C,0,0.24444161,0.163592129945755,0.7990099191665649,0.4130130112171173
YGL173C,YBR210W,0,0.24428372,0.1635589748620987,0.7990099191665649,0.4131131172180176
YEL026W,YER013W,1,0.24422581,0.1637284755706787,0.800000011920929,0.4131131172180176
YJL063C,YCR098C,0,0.24418457,0.1636953055858612,0.800000011920929,0.41321322321891785
YML126C,YLR225C,0,0.24405055,0.1636621356010437,0.800000011920929,0.4133132994174957
YAL025C,YOR190W,0,0.24398522,0.16362899541854858,0.800000011920929,0.413413405418396
YLR251W,YPL051W,0,0.24380504,0.16359587013721466,0.800000011920929,0.41351351141929626
YPR183W,YIR033W,0,0.24365169,0.16356275975704193,0.800000011920929,0.41361361742019653
YJR016C,YJR078W,0,0.24337842,0.1635296493768692,0.800000011920929,0.4137137234210968
YJR067C,YDL067C,0,0.243192,0.16349655389785767,0.800000011920929,0.4138137996196747
YNL083W,YCR083W,0,0.24305704,0.16346348822116852,0.800000011920929,0.41391390562057495
YBR056W,YDR358W,0,0.24269974,0.16343042254447937,0.800000011920929,0.4140140116214752
YML040W,YDL054C,0,0.24246679,0.16339737176895142,0.800000011920929,0.4141141176223755
YDR014W,YLR244C,0,0.24246313,0.16336433589458466,0.800000011920929,0.41421422362327576
YOR148C,YHR086W,1,0.24194548,0.16353344917297363,0.800990104675293,0.41421422362327576
YAL063C,YNL185C,0,0.24188657,0.16350039839744568,0.800990104675293,0.41431429982185364
YFL053W,YML037C,0,0.24170439,0.16346736252307892,0.800990104675293,0.4144144058227539
YJR138W,YOL142W,0,0.24169596,0.16343434154987335,0.800990104675293,0.4145145118236542
YIL103W,YJL102W,0,0.24147858,0.16340133547782898,0.800990104675293,0.41461461782455444
YDR483W,YOL072W,0,0.24142627,0.1633683294057846,0.800990104675293,0.4147147238254547
YDR353W,YLL028W,0,0.24141327,0.16333535313606262,0.800990104675293,0.4148148000240326
YGL137W,YJL097W,0,0.24138586,0.16330237686634064,0.800990104675293,0.41491490602493286
YNR043W,YKL174C,0,0.24127893,0.16326943039894104,0.800990104675293,0.41501501202583313
YGR185C,YLR301W,0,0.24106354,0.16323648393154144,0.800990104675293,0.4151151180267334
YML087C,YHR023W,0,0.2408529,0.16320355236530304,0.800990104675293,0.41521522402763367
YPL046C,YBR006W,0,0.24080302,0.16317063570022583,0.800990104675293,0.41531533002853394
YAR018C,YIL027C,0,0.24071237,0.16313773393630981,0.800990104675293,0.4154154062271118
YJR107W,YDL084W,0,0.24068426,0.1631048321723938,0.800990104675293,0.4155155122280121
YML012W,YJR068W,0,0.24067253,0.16307196021080017,0.800990104675293,0.41561561822891235
YFL037W,YDR141C,0,0.24040754,0.16303910315036774,0.800990104675293,0.4157157242298126
YPR006C,YGL047W,0,0.24007791,0.1630062460899353,0.800990104675293,0.4158158302307129
YDR298C,YCL027W,0,0.24001187,0.16297340393066406,0.800990104675293,0.41591590642929077
YDL209C,YHL038C,1,0.23997708,0.16314199566841125,0.801980197429657,0.41591590642929077
YPL220W,YLR086W,0,0.2398357,0.16310913860797882,0.801980197429657,0.41601601243019104
YDR090C,YGR223C,0,0.23922701,0.16307629644870758,0.801980197429657,0.4161161184310913
YDL064W,YDR346C,0,0.23869468,0.16304348409175873,0.801980197429657,0.4162162244319916
YDL231C,YDL049C,0,0.23860756,0.16301067173480988,0.801980197429657,0.41631633043289185
YBR283C,YJL097W,0,0.23831306,0.16297787427902222,0.801980197429657,0.4164164066314697
YMR020W,YER145C,0,0.23814471,0.16294507682323456,0.801980197429657,0.41651651263237
YGR215W,YPL139C,0,0.23802002,0.1629123091697693,0.801980197429657,0.41661661863327026
YDL217C,YLR401C,0,0.23789719,0.1628795564174652,0.801980197429657,0.41671672463417053
YGL178W,YOR270C,0,0.23747894,0.16284680366516113,0.801980197429657,0.4168168306350708
YHR028C,YIL046W,0,0.23699388,0.16281406581401825,0.801980197429657,0.4169169068336487
YOR085W,YOR368W,0,0.23683573,0.16278135776519775,0.801980197429657,0.41701701283454895
YGR032W,YML060W,0,0.23640466,0.16274864971637726,0.801980197429657,0.4171171188354492
YFR005C,YLR119W,0,0.23629935,0.16271595656871796,0.801980197429657,0.4172172248363495
YJR007W,YEL022W,0,0.23602574,0.16268326342105865,0.801980197429657,0.41731733083724976
YOR308C,YHR007C,0,0.23591077,0.16265060007572174,0.801980197429657,0.41741740703582764
YGL180W,YJL076W,0,0.23580332,0.16261795163154602,0.801980197429657,0.4175175130367279
YAL005C,YML015C,0,0.23562272,0.1625853031873703,0.801980197429657,0.4176176190376282
YLR305C,YDR314C,0,0.23554163,0.16255268454551697,0.801980197429657,0.41771772503852844
YDL217C,YER126C,0,0.23514603,0.16252006590366364,0.801980197429657,0.4178178310394287
YMR263W,YBR020W,0,0.23513761,0.1624874621629715,0.801980197429657,0.4179179072380066
YJL166W,YCR020C,0,0.23507689,0.16245487332344055,0.801980197429657,0.41801801323890686
YDR044W,YKR071C,0,0.2349159,0.1624222993850708,0.801980197429657,0.41811811923980713
YOR116C,YDL101C,0,0.23449509,0.16238974034786224,0.801980197429657,0.4182182252407074
YNR020C,YKL163W,0,0.23436019,0.1623571813106537,0.801980197429657,0.41831833124160767
YKL201C,YGR222W,0,0.23431177,0.16232465207576752,0.801980197429657,0.41841840744018555
YOR301W,YDR076W,0,0.2342871,0.16229212284088135,0.801980197429657,0.4185185134410858
YCL019W,YBR271W,0,0.23388468,0.16225960850715637,0.801980197429657,0.4186186194419861
YKL171W,YMR030W,0,0.2336879,0.16222712397575378,0.801980197429657,0.41871872544288635
YAL023C,YJR060W,0,0.23355912,0.1621946394443512,0.801980197429657,0.4188188314437866
YLR440C,YLL017W,0,0.2330779,0.1621621549129486,0.801980197429657,0.4189189076423645
YJL062W,YKL094W,0,0.2329316,0.1621297001838684,0.801980197429657,0.41901901364326477
YPR024W,YBL009W,0,0.23289743,0.1620972603559494,0.801980197429657,0.41911911964416504
YER161C,YML058W,0,0.23271966,0.1620648205280304,0.801980197429657,0.4192192256450653
YGL083W,YGR280C,0,0.2325673,0.16203241050243378,0.801980197429657,0.4193193316459656
YMR068W,YLR197W,0,0.23236965,0.16200000047683716,0.801980197429657,0.41941940784454346
YPL134C,YLL028W,0,0.23208326,0.16196760535240173,0.801980197429657,0.4195195138454437
YHR083W,YBL078C,0,0.23165499,0.1619352251291275,0.801980197429657,0.419619619846344
YHR105W,YDL184C,0,0.23152038,0.16190285980701447,0.801980197429657,0.41971972584724426
YNL330C,YDR195W,0,0.23141032,0.16187050938606262,0.801980197429657,0.41981983184814453
YOR246C,YDR488C,0,0.23073764,0.16183815896511078,0.801980197429657,0.4199199080467224
YER087C-A,YBR241C,0,0.23073353,0.16180583834648132,0.801980197429657,0.4200200140476227
YIL127C,YCR023C,0,0.23043407,0.16177351772785187,0.801980197429657,0.42012012004852295
YML029W,YMR216C,1,0.23028058,0.16194088757038116,0.802970290184021,0.42012012004852295
YNL106C,YCR008W,0,0.2300864,0.1619085669517517,0.802970290184021,0.4202202260494232
YDR522C,YDL025C,0,0.22998409,0.16187624633312225,0.802970290184021,0.4203203320503235
YPL230W,YMR162C,0,0.22989379,0.161843940615654,0.802970290184021,0.42042040824890137
YKR025W,YPR042C,0,0.22980799,0.16181164979934692,0.802970290184021,0.42052051424980164
YPR011C,YCR014C,0,0.22974184,0.16177937388420105,0.802970290184021,0.4206206202507019
YLR330W,YLL015W,0,0.22965118,0.16174711287021637,0.802970290184021,0.4207207262516022
YJR043C,YGL175C,0,0.2295603,0.1617148518562317,0.802970290184021,0.42082083225250244
YOL089C,YGR013W,0,0.22928093,0.1616826206445694,0.802970290184021,0.4209209084510803
YMR045C,YPL088W,0,0.22887196,0.1616503894329071,0.802970290184021,0.4210210144519806
YKL095W,YLR323C,1,0.22857068,0.16181746125221252,0.803960382938385,0.4210210144519806
YCL033C,YLR045C,0,0.22837259,0.16178521513938904,0.803960382938385,0.42112112045288086
YDR060W,YLR429W,0,0.22797993,0.16175298392772675,0.803960382938385,0.42122122645378113
YLR206W,YIL084C,0,0.2279262,0.16172076761722565,0.803960382938385,0.4213213324546814
YML069W,YKL112W,0,0.22791739,0.16168856620788574,0.803960382938385,0.4214214086532593
YPL085W,YCL034W,0,0.22741064,0.16165637969970703,0.803960382938385,0.42152151465415955
YJL213W,YOL115W,0,0.22735111,0.16162420809268951,0.803960382938385,0.4216216206550598
YKR003W,YMR168C,0,0.2271733,0.161592036485672,0.803960382938385,0.4217217266559601
YDR097C,YEL069C,0,0.2264708,0.16155989468097687,0.803960382938385,0.42182183265686035
YAR015W,YNL027W,0,0.22608547,0.16152775287628174,0.803960382938385,0.42192190885543823
YKR028W,YFL004W,0,0.22596683,0.1614956259727478,0.803960382938385,0.4220220148563385
YGR143W,YNL227C,0,0.22595112,0.16146351397037506,0.803960382938385,0.42212212085723877
YJR149W,YDL232W,0,0.22577712,0.1614314168691635,0.803960382938385,0.42222222685813904
YDL083C,YJL156C,0,0.22523426,0.16139931976795197,0.803960382938385,0.4223223328590393
YGL054C,YKL008C,0,0.22506389,0.1613672524690628,0.803960382938385,0.4224224090576172
YCL066W,YNL095C,0,0.22503501,0.16133518517017365,0.803960382938385,0.42252251505851746
YGR289C,YOL067C,0,0.22491138,0.16130313277244568,0.803960382938385,0.4226226210594177
YCR030C,YML038C,0,0.22488372,0.1612710952758789,0.803960382938385,0.422722727060318
YNL279W,YOL007C,0,0.22463007,0.16123907268047333,0.803960382938385,0.42282283306121826
YDR416W,YLR132C,1,0.22368644,0.16140559315681458,0.804950475692749,0.42282283306121826
YIL158W,YLR206W,0,0.22353186,0.1613735556602478,0.804950475692749,0.42292290925979614
YKL126W,YEL022W,0,0.22348142,0.16134153306484222,0.804950475692749,0.4230230152606964
YMR171C,YOR017W,0,0.22345254,0.16130952537059784,0.804950475692749,0.4231231212615967
YER036C,YFR006W,0,0.22311978,0.16127751767635345,0.804950475692749,0.42322322726249695
YJL025W,YMR037C,0,0.22293954,0.16124553978443146,0.804950475692749,0.4233233332633972
YOR039W,YHR011W,0,0.22283487,0.16121356189250946,0.804950475692749,0.4234234094619751
YDR126W,YGR086C,0,0.22257309,0.16118159890174866,0.804950475692749,0.42352351546287537
YFR005C,YPL213W,1,0.22247717,0.1613478660583496,0.805940568447113,0.42352351546287537
YAL013W,YCR079W,0,0.22246632,0.1613158881664276,0.805940568447113,0.42362362146377563
YDR538W,YKL137W,0,0.22216387,0.1612839251756668,0.805940568447113,0.4237237274646759
YCL061C,YBR289W,0,0.22198512,0.1612519770860672,0.805940568447113,0.42382383346557617
YPR125W,YKL172W,0,0.2217693,0.16122004389762878,0.805940568447113,0.42392390966415405
YER019W,YMR056C,0,0.22023015,0.16118812561035156,0.805940568447113,0.4240240156650543
YDR404C,YMR233W,0,0.21954729,0.16115620732307434,0.805940568447113,0.4241241216659546
YER027C,YNL102W,0,0.21951206,0.1611243039369583,0.805940568447113,0.42422422766685486
YOR348C,YIL109C,0,0.21950878,0.16109241545200348,0.805940568447113,0.4243243336677551
YLR423C,YDL141W,0,0.2194077,0.16106054186820984,0.805940568447113,0.424424409866333
YOR138C,YBR068C,0,0.21914004,0.1610286831855774,0.805940568447113,0.4245245158672333
YNL101W,YLR048W,0,0.21899298,0.16099683940410614,0.805940568447113,0.42462462186813354
YBR271W,YDR383C,0,0.21864228,0.1609649956226349,0.805940568447113,0.4247247278690338
YNR035C,YNL224C,0,0.2183278,0.16093318164348602,0.805940568447113,0.4248248338699341
YGR214W,YMR295C,0,0.21808161,0.16090136766433716,0.805940568447113,0.42492491006851196
YGL059W,YMR143W,0,0.21795176,0.1608695685863495,0.805940568447113,0.42502501606941223
YPL024W,YDR248C,0,0.2177337,0.160837784409523,0.805940568447113,0.4251251220703125
YCL038C,YAL042W,0,0.21732253,0.16080600023269653,0.805940568447113,0.42522522807121277
YIR007W,YER180C,0,0.21731932,0.16077424585819244,0.805940568447113,0.42532533407211304
YDL179W,YPR030W,0,0.21695769,0.16074249148368835,0.805940568447113,0.4254254400730133
YFR018C,YGR072W,0,0.21695207,0.16071076691150665,0.805940568447113,0.4255255162715912
YJL139C,YBR202W,0,0.21690325,0.16067904233932495,0.805940568447113,0.42562562227249146
YOR211C,YOL004W,0,0.21689783,0.16064733266830444,0.805940568447113,0.4257257282733917
YPR156C,YHR074W,0,0.21679054,0.16061562299728394,0.805940568447113,0.425825834274292
YGL226C-A,YDL147W,0,0.21643607,0.16058394312858582,0.805940568447113,0.42592594027519226
YBR302C,YOR232W,0,0.21538934,0.1605522632598877,0.805940568447113,0.42602601647377014
YBL009W,YAL009W,0,0.21538801,0.16052061319351196,0.805940568447113,0.4261261224746704
YGR092W,YDR457W,0,0.21506973,0.16048896312713623,0.805940568447113,0.4262262284755707
YKR045C,YER125W,0,0.21487781,0.1604573279619217,0.805940568447113,0.42632633447647095
YKR068C,YER020W,0,0.2144094,0.16042569279670715,0.805940568447113,0.4264264404773712
YMR098C,YHR082C,0,0.21439247,0.160394087433815,0.805940568447113,0.4265265166759491
YJL125C,YGR001C,0,0.21412513,0.16036249697208405,0.805940568447113,0.42662662267684937
YMR277W,YFL062W,0,0.21412191,0.1603309065103531,0.805940568447113,0.42672672867774963
YAL023C,YOL013C,0,0.21391518,0.16029933094978333,0.805940568447113,0.4268268346786499
YJL065C,YDL075W,0,0.21389006,0.16026777029037476,0.805940568447113,0.42692694067955017
YHL038C,YLR323C,1,0.213616,0.1604330688714981,0.8069307208061218,0.42692694067955017
YPL223C,YGL060W,0,0.21324618,0.16040149331092834,0.8069307208061218,0.42702701687812805
YPL259C,YEL012W,0,0.21323192,0.16036993265151978,0.8069307208061218,0.4271271228790283
YFL024C,YMR204C,0,0.21304144,0.1603383868932724,0.8069307208061218,0.4272272288799286
YGL131C,YGL002W,0,0.21275936,0.16030684113502502,0.8069307208061218,0.42732733488082886
YJL025W,YML054C,0,0.21184354,0.16027532517910004,0.8069307208061218,0.4274274408817291
YNL197C,YGL002W,0,0.21176414,0.16024380922317505,0.8069307208061218,0.427527517080307
YOR115C,YML130C,0,0.21169035,0.16021230816841125,0.8069307208061218,0.4276276230812073
YNL300W,YHL027W,0,0.21168818,0.16018082201480865,0.8069307208061218,0.42772772908210754
YCR068W,YKL188C,0,0.2115012,0.16014933586120605,0.8069307208061218,0.4278278350830078
YKL220C,YHR207C,0,0.211189,0.16011787950992584,0.8069307208061218,0.4279279410839081
YPR144C,YDL147W,0,0.21047415,0.16008642315864563,0.8069307208061218,0.42802801728248596
YKL172W,YPL217C,0,0.21045537,0.1600549817085266,0.8069307208061218,0.42812812328338623
YHR043C,YJL170C,0,0.21043809,0.1600235551595688,0.8069307208061218,0.4282282292842865
YLL015W,YNL225C,0,0.21033418,0.15999214351177216,0.8069307208061218,0.42832833528518677
YCR011C,YPR028W,0,0.21029712,0.15996074676513672,0.8069307208061218,0.42842844128608704
YMR231W,YBR083W,0,0.21001783,0.15992935001850128,0.8069307208061218,0.4285285174846649
YCR068W,YHR121W,0,0.20967378,0.15989798307418823,0.8069307208061218,0.4286286234855652
YOR222W,YHL004W,0,0.20909797,0.15986661612987518,0.8069307208061218,0.42872872948646545
YOL077C,YDR001C,0,0.20889138,0.15983526408672333,0.8069307208061218,0.4288288354873657
YOR275C,YKL184W,0,0.20881028,0.15980392694473267,0.8069307208061218,0.428928941488266
YJL145W,YBR210W,0,0.20876387,0.159772589802742,0.8069307208061218,0.42902901768684387
YOR071C,YKL028W,0,0.20834611,0.15974128246307373,0.8069307208061218,0.42912912368774414
YEL038W,YJR032W,0,0.20822713,0.15970997512340546,0.8069307208061218,0.4292292296886444
YKL096W,YPL086C,0,0.20797567,0.15967868268489838,0.8069307208061218,0.4293293356895447
YNR060W,YPR102C,0,0.20778035,0.1596474051475525,0.8069307208061218,0.42942944169044495
YDL110C,YMR199W,0,0.20775653,0.1596161425113678,0.8069307208061218,0.4295295178890228
YMR152W,YGR185C,0,0.207707,0.1595848798751831,0.8069307208061218,0.4296296238899231
YJR006W,YOR388C,0,0.20766102,0.1595536470413208,0.8069307208061218,0.42972972989082336
YDR499W,YOL033W,0,0.2074091,0.1595224142074585,0.8069307208061218,0.42982983589172363
YGL092W,YLR116W,1,0.20669752,0.1596868932247162,0.8079208135604858,0.42982983589172363
YIR005W,YDL087C,1,0.20654619,0.1598512977361679,0.8089109063148499,0.42982983589172363
YLR304C,YLR109W,0,0.20619261,0.15982003509998322,0.8089109063148499,0.4299299418926239
YMR022W,YOR194C,0,0.20586157,0.15978877246379852,0.8089109063148499,0.4300300180912018
YDR379W,YMR004W,0,0.20575683,0.15975752472877502,0.8089109063148499,0.43013012409210205
YHR076W,YMR161W,0,0.20557185,0.15972629189491272,0.8089109063148499,0.4302302300930023
YBR207W,YMR139W,0,0.20525071,0.1596950739622116,0.8089109063148499,0.4303303360939026
YDR138W,YPL005W,0,0.2051801,0.1596638709306717,0.8089109063148499,0.43043044209480286
YPL092W,YOL146W,0,0.20510738,0.15963266789913177,0.8089109063148499,0.43053051829338074
YDL209C,YBR022W,1,0.20508234,0.1597968339920044,0.8099009990692139,0.43053051829338074
YKR001C,YKL208W,0,0.20496435,0.15976563096046448,0.8099009990692139,0.430630624294281
YOR229W,YNL272C,0,0.20473085,0.15973442792892456,0.8099009990692139,0.4307307302951813
YIL111W,YJL073W,0,0.20439579,0.15970323979854584,0.8099009990692139,0.43083083629608154
YDR487C,YPL152W,0,0.20432566,0.1596720665693283,0.8099009990692139,0.4309309422969818
YIR035C,YMR172W,0,0.20394583,0.15964090824127197,0.8099009990692139,0.4310310184955597
YPR178W,YHR086W,1,0.20354529,0.15980488061904907,0.8108910918235779,0.4310310184955597
YLR226W,YOR317W,0,0.20335002,0.15977370738983154,0.8108910918235779,0.43113112449645996
YGR071C,YOR375C,0,0.20303111,0.159742534160614,0.8108910918235779,0.43123123049736023
YJR022W,YER172C,1,0.20300867,0.15990640223026276,0.8118811845779419,0.43123123049736023
YCR063W,YMR240C,1,0.20201305,0.16007019579410553,0.8128712773323059,0.43123123049736023
YER154W,YMR023C,0,0.2019334,0.1600389927625656,0.8128712773323059,0.4313313364982605
YKR045C,YNR073C,0,0.20163032,0.1600077897310257,0.8128712773323059,0.43143144249916077
YCL004W,YOR080W,0,0.20150132,0.15997661650180817,0.8128712773323059,0.43153151869773865
YDR466W,YLR450W,0,0.20127605,0.15994545817375183,0.8128712773323059,0.4316316246986389
YER160C,YGR257C,0,0.20127432,0.1599142998456955,0.8128712773323059,0.4317317306995392
YBL074C,YBL054W,0,0.2012508,0.15988315641880035,0.8128712773323059,0.43183183670043945
YBL022C,YKL007W,0,0.20114134,0.1598520278930664,0.8128712773323059,0.4319319427013397
YNR032C-A,YOR159C,1,0.20059365,0.16001556813716888,0.8138613700866699,0.4319319427013397
YFL057C,YOL068C,0,0.20030238,0.15998442471027374,0.8138613700866699,0.4320320188999176
YJR147W,YGL035C,0,0.20019218,0.1599532961845398,0.8138613700866699,0.43213212490081787
YJL047C,YDL110C,0,0.19933003,0.15992218255996704,0.8138613700866699,0.43223223090171814
YLR133W,YOR175C,0,0.19924636,0.1598910689353943,0.8138613700866699,0.4323323369026184
YDL204W,YLR418C,0,0.19915424,0.15985997021198273,0.8138613700866699,0.4324324429035187
YOR344C,YGR087C,0,0.19913371,0.15982888638973236,0.8138613700866699,0.43253251910209656
YDR463W,YDL087C,1,0.19894527,0.15999221801757812,0.8148514628410339,0.43253251910209656
YEL011W,YJR010W,0,0.19865943,0.15996113419532776,0.8148514628410339,0.4326326251029968
YGR133W,YCR026C,0,0.19863643,0.1599300354719162,0.8148514628410339,0.4327327311038971
YNR060W,YIR039C,0,0.19796138,0.15989896655082703,0.8148514628410339,0.43283283710479736
YOL091W,YGL120C,0,0.19791287,0.15986791253089905,0.8148514628410339,0.43293294310569763
YPR152C,YLR016C,1,0.19783793,0.16003108024597168,0.815841555595398,0.43293294310569763
YGL157W,YDR090C,0,0.19777699,0.1599999964237213,0.815841555595398,0.4330330193042755
YNR049C,YIL139C,0,0.19743355,0.15996894240379333,0.815841555595398,0.4331331253051758
YDL159W,YER133W,0,0.19738872,0.15993788838386536,0.815841555595398,0.43323323130607605
YPR102C,YMR240C,0,0.19717464,0.15990684926509857,0.815841555595398,0.4333333373069763
YAL009W,YPR149W,0,0.19706038,0.15987582504749298,0.815841555595398,0.4334334433078766
YOL125W,YDR481C,0,0.19675842,0.15984481573104858,0.815841555595398,0.43353351950645447
YER058W,YGL134W,0,0.19653367,0.1598138064146042,0.815841555595398,0.43363362550735474
YMR236W,YPL241C,0,0.19633369,0.15978282690048218,0.815841555595398,0.433733731508255
YJR040W,YPL204W,0,0.19523071,0.15975184738636017,0.815841555595398,0.4338338375091553
YOL064C,YLR305C,0,0.19517405,0.15972088277339935,0.815841555595398,0.43393394351005554
YIL041W,YDL205C,0,0.1951087,0.15968991816043854,0.815841555595398,0.4340340197086334
YJR066W,YIR033W,0,0.19488633,0.1596589833498001,0.815841555595398,0.4341341257095337
YPR166C,YDR456W,0,0.19485633,0.15962804853916168,0.815841555595398,0.43423423171043396
YMR045C,YNL177C,0,0.1942171,0.15959712862968445,0.815841555595398,0.43433433771133423
YDR162C,YPL270W,0,0.19409712,0.1595662236213684,0.815841555595398,0.4344344437122345
YGR215W,YPR189W,0,0.1940925,0.15953533351421356,0.815841555595398,0.4345345199108124
YFR031C,YLR133W,0,0.19407667,0.1595044583082199,0.815841555595398,0.43463462591171265
YAL054C,YPL072W,0,0.19396676,0.15947358310222626,0.815841555595398,0.4347347319126129
YKL216W,YLR079W,0,0.1938697,0.1594427227973938,0.815841555595398,0.4348348379135132
YNL126W,YGL039W,0,0.19346248,0.15941187739372253,0.815841555595398,0.43493494391441345
YIL111W,YLR033W,0,0.19343923,0.15938104689121246,0.815841555595398,0.4350350499153137
YMR288W,YMR240C,1,0.19333296,0.15954360365867615,0.8168317079544067,0.4350350499153137
YEL015W,YDL097C,0,0.19330004,0.15951275825500488,0.8168317079544067,0.4351351261138916
YBR196C,YOR368W,0,0.19303592,0.1594819277524948,0.8168317079544067,0.43523523211479187
YPL005W,YGR189C,0,0.19272631,0.15945109724998474,0.8168317079544067,0.43533533811569214
YPL104W,YGR059W,0,0.19263081,0.15942029654979706,0.8168317079544067,0.4354354441165924
YJR058C,YKL127W,0,0.1926014,0.15938949584960938,0.8168317079544067,0.4355355501174927
YER018C,YKR055W,0,0.19254492,0.1593586951494217,0.8168317079544067,0.43563562631607056
YCR081W,YNL015W,0,0.19254448,0.1593279242515564,0.8168317079544067,0.4357357323169708
YER091C,YNL202W,0,0.1918583,0.1592971682548523,0.8168317079544067,0.4358358383178711
YMR090W,YJL004C,0,0.19180463,0.1592664122581482,0.8168317079544067,0.43593594431877136
YIL006W,YPR182W,0,0.19169518,0.15923567116260529,0.8168317079544067,0.43603605031967163
YPL192C,YNL003C,0,0.19118598,0.15920494496822357,0.8168317079544067,0.4361361265182495
YML007W,YLR427W,0,0.1909459,0.15917421877384186,0.8168317079544067,0.4362362325191498
YIL002C,YOR354C,0,0.19086502,0.15914352238178253,0.8168317079544067,0.43633633852005005
YER148W,YLR071C,0,0.19081077,0.1591128259897232,0.8168317079544067,0.4364364445209503
YHR067W,YLR043C,0,0.19072822,0.15908214449882507,0.8168317079544067,0.4365365505218506
YFR021W,YDR334W,0,0.19069527,0.15905147790908813,0.8168317079544067,0.43663662672042847
YHR188C,YKL085W,0,0.18971312,0.1590208113193512,0.8168317079544067,0.43673673272132874
YLR028C,YML110C,0,0.18969743,0.15899017453193665,0.8168317079544067,0.436836838722229
YLR370C,YGR033C,0,0.18964949,0.1589595377445221,0.8168317079544067,0.4369369447231293
YOR150W,YIR034C,0,0.18930028,0.15892891585826874,0.8168317079544067,0.43703705072402954
YMR152W,YER173W,0,0.18922108,0.15889830887317657,0.8168317079544067,0.4371371269226074
YJR091C,YDR191W,0,0.18889701,0.1588677018880844,0.8168317079544067,0.4372372329235077
YOR232W,YLL040C,0,0.18878843,0.15883712470531464,0.8168317079544067,0.43733733892440796
YLR327C,YNL229C,0,0.18874328,0.15880654752254486,0.8168317079544067,0.4374374449253082
YOR295W,YHL036W,0,0.18867467,0.15877598524093628,0.8168317079544067,0.4375375509262085
YEL062W,YGR132C,0,0.18846588,0.1587454229593277,0.8168317079544067,0.4376376271247864
YER169W,YHR092C,0,0.18809772,0.1587148904800415,0.8168317079544067,0.43773773312568665
YGL023C,YDL147W,0,0.18804649,0.1586843580007553,0.8168317079544067,0.4378378391265869
YNL311C,YOR030W,0,0.187999,0.1586538404226303,0.8168317079544067,0.4379379451274872
YGL237C,YMR292W,0,0.1875547,0.1586233377456665,0.8168317079544067,0.43803805112838745
YDR503C,YOR232W,0,0.18735303,0.1585928499698639,0.8168317079544067,0.43813812732696533
YPR032W,YIL094C,0,0.18723828,0.15856236219406128,0.8168317079544067,0.4382382333278656
YIL026C,YPL268W,0,0.18719532,0.15853190422058105,0.8168317079544067,0.43833833932876587
YLR406C,YML124C,0,0.18712,0.15850144624710083,0.8168317079544067,0.43843844532966614
YJR064W,YJR075W,0,0.18691008,0.1584709882736206,0.8168317079544067,0.4385385513305664
YOL101C,YOR230W,0,0.18678486,0.15844056010246277,0.8168317079544067,0.4386386275291443
YGR036C,YKR030W,0,0.18659349,0.15841013193130493,0.8168317079544067,0.43873873353004456
YCR023C,YJR045C,0,0.18632568,0.15837973356246948,0.8168317079544067,0.4388388395309448
YAL044C,YKL055C,0,0.18629286,0.15834933519363403,0.8168317079544067,0.4389389455318451
YER007W,YFL004W,0,0.18626605,0.15831893682479858,0.8168317079544067,0.43903905153274536
YKL120W,YKL010C,0,0.18621759,0.15828856825828552,0.8168317079544067,0.43913912773132324
YNL329C,YOL128C,0,0.18617977,0.15825819969177246,0.8168317079544067,0.4392392337322235
YDR378C,YOR389W,0,0.1857353,0.1582278460264206,0.8168317079544067,0.4393393397331238
YER140W,YBR110W,0,0.18540572,0.15819750726222992,0.8168317079544067,0.43943944573402405
YPL032C,YGR284C,0,0.18517503,0.15816718339920044,0.8168317079544067,0.4395395517349243
YDL064W,YEL055C,0,0.18515375,0.15813685953617096,0.8168317079544067,0.4396396279335022
YBR037C,YDR346C,0,0.18500285,0.15810655057430267,0.8168317079544067,0.43973973393440247
YJR158W,YGR135W,0,0.18499754,0.15807625651359558,0.8168317079544067,0.43983983993530273
YDR298C,YNL121C,0,0.18489361,0.15804597735404968,0.8168317079544067,0.439939945936203
YLR357W,YDL140C,0,0.18469022,0.15801571309566498,0.8168317079544067,0.44004005193710327
YOR361C,YDR090C,0,0.18456917,0.15798544883728027,0.8168317079544067,0.44014012813568115
YPR023C,YDR090C,0,0.18449987,0.15795519948005676,0.8168317079544067,0.4402402341365814
YDR211W,YMR244C-A,0,0.1844821,0.15792496502399445,0.8168317079544067,0.4403403401374817
YIL023C,YDL194W,0,0.18447769,0.15789473056793213,0.8168317079544067,0.44044044613838196
YPL008W,YGL168W,0,0.18440458,0.1578645259141922,0.8168317079544067,0.4405405521392822
YHR203C,YIL177C,0,0.18437847,0.15783432126045227,0.8168317079544067,0.4406406283378601
YOL080C,YLR154C,0,0.18423712,0.15780413150787354,0.8168317079544067,0.4407407343387604
YGR090W,YDL197C,0,0.18355258,0.157773956656456,0.8168317079544067,0.44084084033966064
YBR012W-B,YCR034W,0,0.1834229,0.15774378180503845,0.8168317079544067,0.4409409463405609
YOL017W,YIL155C,0,0.18336332,0.1577136367559433,0.8168317079544067,0.4410410523414612
YJR045C,YAL010C,0,0.18327923,0.15768349170684814,0.8168317079544067,0.44114112854003906
YER112W,YML046W,1,0.18308805,0.1578444540500641,0.8178218007087708,0.44114112854003906
YLR151C,YMR290C,0,0.1830248,0.15781429409980774,0.8178218007087708,0.44124123454093933
YCR098C,YOR187W,0,0.1830181,0.15778414905071259,0.8178218007087708,0.4413413405418396
YMR068W,YBR177C,0,0.1826777,0.15775400400161743,0.8178218007087708,0.44144144654273987
YNR027W,YIL040W,0,0.1825931,0.15772388875484467,0.8178218007087708,0.44154155254364014
YML012W,YIL063C,0,0.18249075,0.1576937735080719,0.8178218007087708,0.441641628742218
YMR025W,YOL146W,0,0.18235295,0.15766367316246033,0.8178218007087708,0.4417417347431183
YLR390W,YKL188C,0,0.18234497,0.15763358771800995,0.8178218007087708,0.44184184074401855
YGR229C,YIL171W,0,0.1820695,0.15760351717472076,0.8178218007087708,0.4419419467449188
YMR087W,YNL210W,1,0.18197763,0.15776421129703522,0.8188118934631348,0.4419419467449188
YMR112C,YJR105W,0,0.18170527,0.15773412585258484,0.8188118934631348,0.4420420527458191
YDL005C,YMR298W,0,0.18166572,0.15770404040813446,0.8188118934631348,0.442142128944397
YDR376W,YPR151C,0,0.18163675,0.15767396986484528,0.8188118934631348,0.44224223494529724
YGR085C,YCL026C-A,0,0.1810613,0.15764391422271729,0.8188118934631348,0.4423423409461975
YNL049C,YOR071C,0,0.18077819,0.1576138734817505,0.8188118934631348,0.4424424469470978
YPL150W,YJR047C,0,0.18051945,0.15758384764194489,0.8188118934631348,0.44254255294799805
YPL187W,YER131W,0,0.1803778,0.15755382180213928,0.8188118934631348,0.4426426291465759
YJR155W,YER011W,0,0.18024842,0.15752381086349487,0.8188118934631348,0.4427427351474762
YMR162C,YLR081W,0,0.18024547,0.15749381482601166,0.8188118934631348,0.44284284114837646
YGL032C,YLR002C,0,0.18010749,0.15746381878852844,0.8188118934631348,0.44294294714927673
YDR378C,YML042W,0,0.17969902,0.15743385255336761,0.8188118934631348,0.443043053150177
YHR188C,YFL016C,0,0.17967622,0.1574038863182068,0.8188118934631348,0.4431431293487549
YKR029C,YGR023W,0,0.17955142,0.15737393498420715,0.8188118934631348,0.44324323534965515
YNR010W,YDL052C,0,0.17934729,0.15734398365020752,0.8188118934631348,0.4433433413505554
YPL083C,YHR086W,1,0.17902605,0.15750427544116974,0.8198019862174988,0.4433433413505554
YJL219W,YBR207W,0,0.17887424,0.1574743241071701,0.8198019862174988,0.4434434473514557
YPL132W,YKL119C,0,0.17853108,0.15744438767433167,0.8198019862174988,0.44354355335235596
YOR179C,YHR141C,0,0.17843175,0.15741445124149323,0.8198019862174988,0.44364362955093384
YNR031C,YBL030C,0,0.1783128,0.15738452970981598,0.8198019862174988,0.4437437355518341
YBL022C,YEL022W,0,0.17827964,0.15735462307929993,0.8198019862174988,0.4438438415527344
YHL016C,YEL037C,0,0.17810577,0.15732471644878387,0.8198019862174988,0.44394394755363464
YOR180C,YEL059C-A,0,0.17801416,0.1572948396205902,0.8198019862174988,0.4440440535545349
YJL060W,YCL043C,0,0.17793348,0.15726496279239655,0.8198019862174988,0.4441441297531128
YBR271W,YNL009W,0,0.17780535,0.15723508596420288,0.8198019862174988,0.44424423575401306
YDR146C,YDR462W,0,0.17778479,0.1572052389383316,0.8198019862174988,0.44434434175491333
YNL016W,YLR010C,0,0.1771756,0.15717539191246033,0.8198019862174988,0.4444444477558136
YDR352W,YBR186W,0,0.17704944,0.15714557468891144,0.8198019862174988,0.44454455375671387
YBL005W-A,YJR088C,0,0.17685883,0.15711574256420135,0.8198019862174988,0.44464462995529175
YJL095W,YML132W,0,0.17650113,0.15708594024181366,0.8198019862174988,0.444744735956192
YPL029W,YJL028W,0,0.17597766,0.15705615282058716,0.8198019862174988,0.4448448419570923
YCR075C,YKL064W,0,0.17593534,0.15702636539936066,0.8198019862174988,0.44494494795799255
YIR009W,YLR438C-A,1,0.17560837,0.15718619525432587,0.8207920789718628,0.44494494795799255
YPL057C,YDR310C,0,0.17543998,0.15715639293193817,0.8207920789718628,0.4450450539588928
YBR132C,YLR208W,0,0.17538138,0.15712660551071167,0.8207920789718628,0.4451451599597931
YHR174W,YJR065C,0,0.17532106,0.15709683299064636,0.8207920789718628,0.44524523615837097
YPL208W,YCR003W,0,0.1751561,0.15706707537174225,0.8207920789718628,0.44534534215927124
YOR298W,YLR016C,0,0.17514353,0.15703731775283813,0.8207920789718628,0.4454454481601715
YDL209C,YNL224C,1,0.17510921,0.15719696879386902,0.8217821717262268,0.4454454481601715
YDR016C,YDR291W,0,0.17510247,0.1571671962738037,0.8217821717262268,0.4455455541610718
YNL073W,YLL004W,0,0.17508459,0.1571374535560608,0.8217821717262268,0.44564566016197205
YLR275W,YHL018W,0,0.17481811,0.15710771083831787,0.8217821717262268,0.4457457363605499
YGR157W,YBR196C,0,0.17475186,0.15707796812057495,0.8217821717262268,0.4458458423614502
YFR004W,YDL129W,0,0.17456186,0.15704825520515442,0.8217821717262268,0.44594594836235046
YOL071W,YLR430W,0,0.17442302,0.1570185422897339,0.8217821717262268,0.44604605436325073
YHR051W,YOR389W,0,0.17421964,0.15698884427547455,0.8217821717262268,0.446146160364151
YBL022C,YBR050C,0,0.17389263,0.1569591462612152,0.8217821717262268,0.4462462365627289
YBL041W,YGL233W,0,0.17379554,0.15692947804927826,0.8217821717262268,0.44634634256362915
YCR089W,YOR022C,0,0.17356876,0.1568998098373413,0.8217821717262268,0.4464464485645294
YNL097C,YKR018C,0,0.17350926,0.15687015652656555,0.8217821717262268,0.4465465545654297
YDL236W,YHR079C,0,0.17340717,0.156840518116951,0.8217821717262268,0.44664666056632996
YAL003W,YOR179C,0,0.1732089,0.15681087970733643,0.8217821717262268,0.44674673676490784
YPL095C,YDR101C,0,0.17315368,0.15678125619888306,0.8217821717262268,0.4468468427658081
YOL108C,YNR051C,0,0.17304964,0.15675164759159088,0.8217821717262268,0.4469469487667084
YGR229C,YKL221W,0,0.17187372,0.1567220538854599,0.8217821717262268,0.44704705476760864
YCR027C,YDR016C,0,0.17167349,0.15669246017932892,0.8217821717262268,0.4471471607685089
YOR208W,YDR131C,0,0.17163628,0.15666289627552032,0.8217821717262268,0.4472472369670868
YDL108W,YML054C,0,0.17156015,0.15663333237171173,0.8217821717262268,0.44734734296798706
YOR125C,YDL074C,0,0.17146374,0.15660376846790314,0.8217821717262268,0.44744744896888733
YER078C,YML051W,0,0.17097278,0.15657423436641693,0.8217821717262268,0.4475475549697876
YGR085C,YOL138C,0,0.17068022,0.15654470026493073,0.8217821717262268,0.44764766097068787
YOL026C,YMR089C,0,0.17061275,0.1565151810646057,0.8217821717262268,0.44774773716926575
YER091C,YBL074C,0,0.17045556,0.1564856767654419,0.8217821717262268,0.447847843170166
YHR188C,YNR045W,0,0.17031746,0.15645617246627808,0.8217821717262268,0.4479479491710663
YLR441C,YER022W,0,0.17005713,0.15642668306827545,0.8217821717262268,0.44804805517196655
YML088W,YOL026C,0,0.16963463,0.15639720857143402,0.8217821717262268,0.4481481611728668
YER026C,YLR050C,0,0.1694523,0.15636774897575378,0.8217821717262268,0.4482482373714447
YER046W,YDL138W,0,0.16904218,0.15633828938007355,0.8217821717262268,0.44834834337234497
YMR004W,YMR204C,0,0.16881453,0.1563088446855545,0.8217821717262268,0.44844844937324524
YJR059W,YGR063C,0,0.16850848,0.15627941489219666,0.8217821717262268,0.4485485553741455
YMR005W,YKR098C,0,0.16834147,0.15625,0.8217821717262268,0.4486486613750458
YPR182W,YPR178W,1,0.16824098,0.15640880167484283,0.8227722644805908,0.4486486613750458
YGR287C,YGL234W,0,0.16809393,0.15637937188148499,0.8227722644805908,0.44874873757362366
YCL030C,YLR467W,0,0.16773316,0.15634995698928833,0.8227722644805908,0.4488488435745239
YFL057C,YER082C,0,0.16765757,0.15632054209709167,0.8227722644805908,0.4489489495754242
YGR247W,YJR056C,0,0.16752523,0.1562911421060562,0.8227722644805908,0.44904905557632446
YGR287C,YBR055C,0,0.16730134,0.15626175701618195,0.8227722644805908,0.44914916157722473
YDR536W,YGR121C,0,0.16728774,0.15623237192630768,0.8227722644805908,0.4492492377758026
YIL070C,YLR205C,0,0.16728346,0.1562030017375946,0.8227722644805908,0.4493493437767029
YFR019W,YLL052C,0,0.16719705,0.15617364645004272,0.8227722644805908,0.44944944977760315
YHR091C,YNL037C,0,0.1670927,0.15614430606365204,0.8227722644805908,0.4495495557785034
YGL181W,YER056C-A,0,0.16705452,0.15611496567726135,0.8227722644805908,0.4496496617794037
YPL183W-A,YOR389W,0,0.1670022,0.15608565509319305,0.8227722644805908,0.44974973797798157
YML046W,YGL059W,0,0.16670488,0.15605634450912476,0.8227722644805908,0.44984984397888184
YPL108W,YDL110C,0,0.16641922,0.15602703392505646,0.8227722644805908,0.4499499499797821
YBR098W,YHL001W,0,0.16613153,0.15599775314331055,0.8227722644805908,0.4500500559806824
YDR027C,YAL020C,0,0.16573581,0.15596847236156464,0.8227722644805908,0.45015016198158264
YLR357W,YHL032C,0,0.16570134,0.15593920648097992,0.8227722644805908,0.4502502381801605
YIL150C,YGL160W,0,0.16563651,0.1559099406003952,0.8227722644805908,0.4503503441810608
YFR006W,YDR013W,0,0.16550268,0.15588070452213287,0.8227722644805908,0.45045045018196106
YIL133C,YDR358W,0,0.16549875,0.15585146844387054,0.8227722644805908,0.45055055618286133
YCL004W,YNL106C,0,0.16449612,0.15582223236560822,0.8227722644805908,0.4506506621837616
YKR028W,YHL024W,0,0.16392097,0.15579302608966827,0.8227722644805908,0.4507507383823395
YNL327W,YBR136W,0,0.16391303,0.15576381981372833,0.8227722644805908,0.45085084438323975
YDL165W,YMR154C,0,0.16376482,0.15573462843894958,0.8227722644805908,0.45095095038414
YER018C,YBR198C,0,0.16352767,0.15570545196533203,0.8227722644805908,0.4510510563850403
YKR068C,YDR450W,0,0.16330795,0.15567629039287567,0.8227722644805908,0.45115116238594055
YOR243C,YMR152W,0,0.16330644,0.1556471288204193,0.8227722644805908,0.45125123858451843
YDR014W,YOR234C,0,0.16323744,0.15561798214912415,0.8227722644805908,0.4513513445854187
YPR118W,YKL163W,0,0.16312559,0.15558883547782898,0.8227722644805908,0.45145145058631897
YNL336W,YJL214W,0,0.16309369,0.1555597186088562,0.8227722644805908,0.45155155658721924
YOL145C,YHR079C-A,0,0.16290787,0.15553060173988342,0.8227722644805908,0.4516516625881195
YNL159C,YDR197W,0,0.1627153,0.15550149977207184,0.8227722644805908,0.4517517387866974
YJL072C,YDR099W,0,0.16237098,0.15547239780426025,0.8227722644805908,0.45185184478759766
YDR448W,YGR087C,0,0.16227666,0.15544332563877106,0.8227722644805908,0.4519519507884979
YCL045C,YKR035W-A,0,0.16169065,0.15541425347328186,0.8227722644805908,0.4520520567893982
YJR066W,YER074W,0,0.16166718,0.15538519620895386,0.8227722644805908,0.45215216279029846
YLR314C,YHR044C,0,0.16151845,0.15535613894462585,0.8227722644805908,0.45225223898887634
YHR070W,YBR288C,0,0.161421,0.15532709658145905,0.8227722644805908,0.4523523449897766
YIR012W,YOL017W,0,0.1612775,0.15529806911945343,0.8227722644805908,0.4524524509906769
YDR296W,YPL200W,0,0.16123705,0.155269056558609,0.8227722644805908,0.45255255699157715
YGL157W,YNL122C,0,0.16112892,0.15524005889892578,0.8227722644805908,0.4526526629924774
YIL124W,YLR154C,0,0.1610347,0.15521106123924255,0.8227722644805908,0.4527527391910553
YNL339C,YNR008W,0,0.16098939,0.15518207848072052,0.8227722644805908,0.45285284519195557
YPR101W,YBR230C,0,0.16095994,0.1551530957221985,0.8227722644805908,0.45295295119285583
YKL213C,YLR283W,0,0.1609583,0.15512414276599884,0.8227722644805908,0.4530530571937561
YKL211C,YLR307W,0,0.16075861,0.1550951898097992,0.8227722644805908,0.45315316319465637
YKR039W,YNL208W,0,0.16070189,0.15506623685359955,0.8227722644805908,0.45325323939323425
YIL048W,YDL121C,0,0.16056003,0.1550373136997223,0.8227722644805908,0.4533533453941345
YJL090C,YBL092W,0,0.1605389,0.15500839054584503,0.8227722644805908,0.4534534513950348
YOR255W,YML019W,0,0.16033116,0.15497948229312897,0.8227722644805908,0.45355355739593506
YIR015W,YNR021W,0,0.16013707,0.1549505889415741,0.8227722644805908,0.4536536633968353
YGR261C,YBR164C,0,0.15980548,0.15492169559001923,0.8227722644805908,0.4537537395954132
YLR216C,YMR216C,0,0.15961601,0.15489281713962555,0.8227722644805908,0.4538538455963135
YGR041W,YCR040W,0,0.15946978,0.15486395359039307,0.8227722644805908,0.45395395159721375
YLR319C,YNL139C,0,0.15946877,0.15483510494232178,0.8227722644805908,0.454054057598114
YER160C,YGL181W,0,0.1594549,0.1548062562942505,0.8227722644805908,0.4541541635990143
YLR130C,YGL019W,0,0.15945455,0.1547774225473404,0.8227722644805908,0.45425423979759216
YBL005W-B,YMR266W,0,0.15944095,0.1547486037015915,0.8227722644805908,0.45435434579849243
YEL054C,YOR393W,0,0.15917355,0.1547197848558426,0.8227722644805908,0.4544544517993927
YDR529C,YNL071W,0,0.15902747,0.15469099581241608,0.8227722644805908,0.45455455780029297
YFR033C,YDR478W,0,0.15876563,0.15466220676898956,0.8227722644805908,0.45465466380119324
YOR116C,YOR017W,0,0.1587452,0.15463341772556305,0.8227722644805908,0.4547547399997711
YBR019C,YPL089C,0,0.15855788,0.15460465848445892,0.8227722644805908,0.4548548460006714
YPR005C,YER003C,0,0.15838908,0.1545758992433548,0.8227722644805908,0.45495495200157166
YLR008C,YOR038C,0,0.15826467,0.15454714000225067,0.8227722644805908,0.4550550580024719
YOL028C,YJL123C,0,0.15798894,0.15451841056346893,0.8227722644805908,0.4551551640033722
YPL106C,YMR167W,0,0.1579528,0.1544896811246872,0.8227722644805908,0.45525527000427246
YDR532C,YBR297W,0,0.15783748,0.15446096658706665,0.8227722644805908,0.45535534620285034
YIR032C,YBR235W,0,0.15757775,0.1544322669506073,0.8227722644805908,0.4554554522037506
YDR254W,YMR186W,0,0.15744051,0.15440356731414795,0.8227722644805908,0.4555555582046509
YML124C,YOR076C,0,0.15727378,0.1543748825788498,0.8227722644805908,0.45565566420555115
YOL033W,YER012W,0,0.15704636,0.15434621274471283,0.8227722644805908,0.4557557702064514
YHR062C,YPL181W,0,0.15691838,0.15431754291057587,0.8227722644805908,0.4558558464050293
YDR113C,YBR247C,0,0.15646872,0.1542889028787613,0.8227722644805908,0.45595595240592957
YIL135C,YMR238W,0,0.15630098,0.15426026284694672,0.8227722644805908,0.45605605840682983
YGR249W,YNL189W,0,0.15623252,0.15423162281513214,0.8227722644805908,0.4561561644077301
YOL129W,YPL196W,0,0.15557043,0.15420301258563995,0.8227722644805908,0.45625627040863037
YDR170C,YPL012W,0,0.15544626,0.15417440235614777,0.8227722644805908,0.45635634660720825
YLR095C,YDL067C,0,0.15540415,0.15414579212665558,0.8227722644805908,0.4564564526081085
YDR118W,YHR209W,0,0.15525039,0.15411721169948578,0.8227722644805908,0.4565565586090088
YJR135W-A,YNL027W,0,0.15521087,0.15408863127231598,0.8227722644805908,0.45665666460990906
YLR306W,YKR065C,0,0.15513788,0.15406006574630737,0.8227722644805908,0.4567567706108093
YBR155W,YLL008W,0,0.15511,0.15403151512145996,0.8227722644805908,0.4568568468093872
YIL041W,YDL179W,0,0.15509684,0.15400296449661255,0.8227722644805908,0.4569569528102875
YER161C,YMR266W,0,0.15469919,0.15397442877292633,0.8227722644805908,0.45705705881118774
YPL020C,YBR135W,0,0.15352388,0.1539459079504013,0.8227722644805908,0.457157164812088
YKL025C,YOL145C,0,0.15334792,0.15391738712787628,0.8227722644805908,0.4572572708129883
YJL062W,YLR226W,0,0.15332586,0.15388889610767365,0.8227722644805908,0.45735734701156616
YNL316C,YPL027W,0,0.153121,0.15386039018630981,0.8227722644805908,0.45745745301246643
YJL203W,YDR182W,0,0.15301292,0.15383191406726837,0.8227722644805908,0.4575575590133667
YCR075C,YFR028C,0,0.15291719,0.15380343794822693,0.8227722644805908,0.45765766501426697
YJR063W,YNR073C,0,0.15274295,0.15377497673034668,0.8227722644805908,0.45775777101516724
YFR028C,YOR067C,0,0.15258889,0.15374653041362762,0.8227722644805908,0.4578578472137451
YER056C-A,YGR198W,0,0.15251389,0.15371808409690857,0.8227722644805908,0.4579579532146454
YJL144W,YKL144C,0,0.15207104,0.1536896675825119,0.8227722644805908,0.45805805921554565
YKL108W,YPR004C,0,0.15204728,0.15366123616695404,0.8227722644805908,0.4581581652164459
YGL213C,YML125C,0,0.15193626,0.15363283455371857,0.8227722644805908,0.4582582712173462
YER112W,YJR010W,0,0.15168731,0.1536044329404831,0.8227722644805908,0.4583583474159241
YBR070C,YNL082W,0,0.15139847,0.1535760462284088,0.8227722644805908,0.45845845341682434
YBR150C,YDR534C,0,0.15135115,0.15354767441749573,0.8227722644805908,0.4585585594177246
YOR155C,YIR010W,0,0.15099417,0.15351930260658264,0.8227722644805908,0.4586586654186249
YJR064W,YNL014W,0,0.1508144,0.15349094569683075,0.8227722644805908,0.45875877141952515
YPL111W,YKL139W,0,0.15054052,0.15346260368824005,0.8227722644805908,0.458858847618103
YBR102C,YHR135C,0,0.15001859,0.15343426167964935,0.8227722644805908,0.4589589536190033
YGR067C,YPL050C,0,0.149914,0.15340594947338104,0.8227722644805908,0.45905905961990356
YPL155C,YFR044C,0,0.14977221,0.15337763726711273,0.8227722644805908,0.45915916562080383
YLR396C,YKR035W-A,0,0.14882603,0.15334932506084442,0.8227722644805908,0.4592592716217041
YGR203W,YMR051C,0,0.14878666,0.1533210277557373,0.8227722644805908,0.459359347820282
YCR063W,YDL030W,1,0.14865418,0.15347722172737122,0.8237623572349548,0.459359347820282
YBR008C,YGL201C,0,0.14857242,0.1534489095211029,0.8237623572349548,0.45945945382118225
YPL032C,YAL024C,0,0.14805277,0.1534206122159958,0.8237623572349548,0.4595595598220825
YPL158C,YLL041C,0,0.14799209,0.15339232981204987,0.8237623572349548,0.4596596658229828
YGL175C,YOR201C,0,0.14715463,0.15336406230926514,0.8237623572349548,0.45975977182388306
YMR169C,YNL265C,0,0.14714685,0.1533357948064804,0.8237623572349548,0.45985984802246094
YOL060C,YGR041W,0,0.1469187,0.15330754220485687,0.8237623572349548,0.4599599540233612
YNR060W,YJL214W,0,0.14675048,0.15327928960323334,0.8237623572349548,0.4600600600242615
YNL106C,YOR057W,0,0.14668415,0.153251051902771,0.8237623572349548,0.46016016602516174
YBR241C,YLL055W,0,0.14661495,0.15322282910346985,0.8237623572349548,0.460260272026062
YAR014C,YEL031W,0,0.1463288,0.1531946212053299,0.8237623572349548,0.4603603482246399
YLR078C,YLR069C,0,0.14629999,0.15316642820835114,0.8237623572349548,0.46046045422554016
YJL029C,YAL038W,0,0.14604484,0.15313823521137238,0.8237623572349548,0.46056056022644043
YER030W,YBL024W,0,0.14600529,0.15311004221439362,0.8237623572349548,0.4606606662273407
YCR030C,YNL177C,0,0.14589126,0.15308187901973724,0.8237623572349548,0.46076077222824097
YGR292W,YML006C,0,0.14580655,0.15305371582508087,0.8237623572349548,0.46086084842681885
YER036C,YHR074W,0,0.14569293,0.1530255675315857,0.8237623572349548,0.4609609544277191
YGR143W,YDR205W,0,0.14563169,0.15299741923809052,0.8237623572349548,0.4610610604286194
YBL037W,YGL179C,0,0.14549579,0.15296930074691772,0.8237623572349548,0.46116116642951965
YHR050W,YLL013C,0,0.14539753,0.15294118225574493,0.8237623572349548,0.4612612724304199
YGR257C,YHR013C,0,0.14531358,0.15291306376457214,0.8237623572349548,0.4613613486289978
YER169W,YDL059C,0,0.14484887,0.15288497507572174,0.8237623572349548,0.46146145462989807
YBR283C,YLR213C,0,0.14481583,0.15285688638687134,0.8237623572349548,0.46156156063079834
YPL144W,YLR297W,0,0.14449824,0.15282879769802094,0.8237623572349548,0.4616616666316986
YER086W,YHR183W,0,0.14427154,0.15280073881149292,0.8237623572349548,0.4617617726325989
YOR303W,YJR082C,0,0.14410408,0.1527726799249649,0.8237623572349548,0.46186184883117676
YAL017W,YCR008W,0,0.14390086,0.15274463593959808,0.8237623572349548,0.461961954832077
YJL004C,YHR016C,0,0.14343539,0.15271659195423126,0.8237623572349548,0.4620620608329773
YKL209C,YPL038W,0,0.14319107,0.15268856287002563,0.8237623572349548,0.46216216683387756
YEL012W,YJR070C,0,0.14314188,0.1526605486869812,0.8237623572349548,0.46226227283477783
YPL112C,YDL039C,0,0.14281891,0.15263254940509796,0.8237623572349548,0.4623623490333557
YGL040C,YDR541C,0,0.14267261,0.15260455012321472,0.8237623572349548,0.462462455034256
YJL158C,YHR135C,0,0.14251834,0.15257656574249268,0.8237623572349548,0.46256256103515625
YML040W,YOL039W,0,0.14229904,0.15254858136177063,0.8237623572349548,0.4626626670360565
YDR409W,YPR103W,0,0.14201593,0.15252062678337097,0.8237623572349548,0.4627627730369568
YDL126C,YIL138C,0,0.14181724,0.1524926722049713,0.8237623572349548,0.46286284923553467
YDR404C,YDL059C,0,0.14177753,0.15246471762657166,0.8237623572349548,0.46296295523643494
YPL158C,YER089C,0,0.14168212,0.15243679285049438,0.8237623572349548,0.4630630612373352
YHR027C,YFL052W,0,0.1415191,0.15240886807441711,0.8237623572349548,0.4631631672382355
YDL144C,YOL130W,0,0.14135762,0.15238095819950104,0.8237623572349548,0.46326327323913574
YLR343W,YDR251W,0,0.14127141,0.15235304832458496,0.8237623572349548,0.4633633494377136
YBL022C,YJL053W,0,0.14121191,0.15232515335083008,0.8237623572349548,0.4634634554386139
YLR206W,YOL021C,0,0.1408168,0.1522972732782364,0.8237623572349548,0.46356356143951416
YGL113W,YDL174C,0,0.14067611,0.1522693932056427,0.8237623572349548,0.46366366744041443
YKL046C,YER117W,0,0.14058544,0.1522415429353714,0.8237623572349548,0.4637637734413147
YOR371C,YMR145C,0,0.14029999,0.1522136777639389,0.8237623572349548,0.4638638496398926
YAL033W,YDR492W,0,0.14023902,0.1521858423948288,0.8237623572349548,0.46396395564079285
YML037C,YJR047C,0,0.13989888,0.1521580070257187,0.8237623572349548,0.4640640616416931
YJL065C,YHR005C-A,0,0.13890822,0.15213018655776978,0.8237623572349548,0.4641641676425934
YDL082W,YMR315W,0,0.13883443,0.15210238099098206,0.8237623572349548,0.46426427364349365
YLR074C,YGR132C,0,0.13859747,0.15207457542419434,0.8237623572349548,0.46436434984207153
YKL172W,YNL177C,0,0.1384951,0.1520467847585678,0.8237623572349548,0.4644644558429718
YDR402C,YOL108C,0,0.13835786,0.15201900899410248,0.8237623572349548,0.46456456184387207
YIL027C,YPR194C,0,0.1381456,0.15199123322963715,0.8237623572349548,0.46466466784477234
YIL031W,YBL040C,0,0.13799433,0.151963472366333,0.8237623572349548,0.4647647738456726
YIL131C,YDL052C,0,0.13787358,0.15193572640419006,0.8237623572349548,0.4648648500442505
YMR049C,YDR058C,0,0.13775174,0.15190798044204712,0.8237623572349548,0.46496495604515076
YHR060W,YDL126C,0,0.13765028,0.15188024938106537,0.8237623572349548,0.465065062046051
YFL057C,YLL015W,0,0.1371536,0.1518525332212448,0.8237623572349548,0.4651651680469513
YPL127C,YLR399C,0,0.13693257,0.15182481706142426,0.8237623572349548,0.46526527404785156
YOR190W,YKL017C,0,0.13689375,0.1517971158027649,0.8237623572349548,0.46536538004875183
YDR518W,YJR053W,0,0.13653477,0.15176942944526672,0.8237623572349548,0.4654654562473297
YAL021C,YDR097C,0,0.13605163,0.15174174308776855,0.8237623572349548,0.46556556224823
YKR025W,YDL213C,0,0.13604818,0.15171407163143158,0.8237623572349548,0.46566566824913025
YLR446W,YDL017W,0,0.13589779,0.1516864150762558,0.8237623572349548,0.4657657742500305
YDR487C,YGR239C,0,0.13573283,0.1516587734222412,0.8237623572349548,0.4658658802509308
YIL127C,YIR035C,0,0.13558479,0.15163113176822662,0.8237623572349548,0.46596595644950867
YOL123W,YOR261C,0,0.13550949,0.15160350501537323,0.8237623572349548,0.46606606245040894
YER126C,YIL040W,0,0.13548198,0.15157587826251984,0.8237623572349548,0.4661661684513092
YPL108W,YJR051W,0,0.13545865,0.15154826641082764,0.8237623572349548,0.4662662744522095
YGR198W,YGL014W,0,0.13542925,0.15152066946029663,0.8237623572349548,0.46636638045310974
YDR032C,YOL030W,0,0.13535407,0.15149308741092682,0.8237623572349548,0.4664664566516876
YER185W,YNL080C,0,0.13535309,0.151465505361557,0.8237623572349548,0.4665665626525879
YOR014W,YGR282C,0,0.13530369,0.1514379382133484,0.8237623572349548,0.46666666865348816
YDL042C,YKL107W,0,0.13521895,0.15141037106513977,0.8237623572349548,0.4667667746543884
YPR021C,YER087W,0,0.13483854,0.15138281881809235,0.8237623572349548,0.4668668806552887
YPL110C,YOR075W,0,0.13478713,0.15135528147220612,0.8237623572349548,0.4669669568538666
YPR102C,YPR178W,0,0.13399683,0.15132775902748108,0.8237623572349548,0.46706706285476685
YOR149C,YOR036W,0,0.13393992,0.15130023658275604,0.8237623572349548,0.4671671688556671
YBL011W,YHL013C,0,0.13377874,0.1512727290391922,0.8237623572349548,0.4672672748565674
YOR209C,YOR196C,0,0.1335434,0.15124522149562836,0.8237623572349548,0.46736738085746765
YLL042C,YPL081W,0,0.13351105,0.1512177437543869,0.8237623572349548,0.46746745705604553
YOL075C,YCR012W,0,0.13340248,0.15119026601314545,0.8237623572349548,0.4675675630569458
YOL101C,YOL124C,0,0.1332755,0.151162788271904,0.8237623572349548,0.46766766905784607
YGL023C,YBR199W,0,0.1327584,0.15113532543182373,0.8237623572349548,0.46776777505874634
YOL005C,YDR143C,0,0.132594,0.15110787749290466,0.8237623572349548,0.4678678810596466
YPR182W,YOR148C,1,0.13219742,0.15126203000545502,0.8247524499893188,0.4678678810596466
YKR066C,YLR283W,0,0.13219412,0.15123456716537476,0.8247524499893188,0.4679679572582245
YML113W,YOR077W,0,0.13207845,0.1512071192264557,0.8247524499893188,0.46806806325912476
YLR332W,YKL022C,0,0.13192748,0.15117967128753662,0.8247524499893188,0.468168169260025
YFR015C,YIR021W,0,0.13181955,0.15115223824977875,0.8247524499893188,0.4682682752609253
YNL262W,YGR026W,0,0.13177076,0.15112482011318207,0.8247524499893188,0.46836838126182556
YNL006W,YDR302W,0,0.13160075,0.1510974019765854,0.8247524499893188,0.46846845746040344
YLR264W,YFR015C,0,0.13149709,0.1510699987411499,0.8247524499893188,0.4685685634613037
YER007W,YDR314C,0,0.1314631,0.1510426104068756,0.8247524499893188,0.468668669462204
YKR092C,YDR349C,0,0.13125677,0.15101522207260132,0.8247524499893188,0.46876877546310425
YJR144W,YOL125W,0,0.13122298,0.15098784863948822,0.8247524499893188,0.4688688814640045
YKL198C,YLR419W,0,0.13122106,0.15096049010753632,0.8247524499893188,0.4689689576625824
YMR059W,YGR006W,1,0.13119921,0.1511143296957016,0.8257426023483276,0.4689689576625824
YOL052C,YNL220W,0,0.13100863,0.1510869562625885,0.8257426023483276,0.46906906366348267
YGR085C,YKL206C,0,0.130991,0.1510595977306366,0.8257426023483276,0.46916916966438293
YMR244C-A,YMR288W,0,0.13099079,0.1510322391986847,0.8257426023483276,0.4692692756652832
YKL188C,YKL093W,0,0.13083111,0.15100489556789398,0.8257426023483276,0.46936938166618347
YBR158W,YBL045C,0,0.12987112,0.15097755193710327,0.8257426023483276,0.46946945786476135
YML097C,YHR214C-B,0,0.12954894,0.15095022320747375,0.8257426023483276,0.4695695638656616
YKL127W,YML015C,0,0.12952478,0.15092290937900543,0.8257426023483276,0.4696696698665619
YGL209W,YOR145C,0,0.12931995,0.1508956104516983,0.8257426023483276,0.46976977586746216
YIL031W,YDL190C,0,0.1282027,0.15086831152439117,0.8257426023483276,0.4698698818683624
YBR128C,YDR158W,0,0.12792943,0.15084102749824524,0.8257426023483276,0.4699699580669403
YPL266W,YIL113W,0,0.12757029,0.1508137434720993,0.8257426023483276,0.4700700640678406
YGR108W,YBR072W,0,0.12734365,0.15078647434711456,0.8257426023483276,0.47017017006874084
YML066C,YNL335W,0,0.12598412,0.15075922012329102,0.8257426023483276,0.4702702760696411
YDR088C,YDL195W,0,0.1258875,0.15073196589946747,0.8257426023483276,0.4703703820705414
YPR104C,YDL225W,0,0.12572113,0.1507047414779663,0.8257426023483276,0.47047045826911926
YBR074W,YHR042W,0,0.1253884,0.15067750215530396,0.8257426023483276,0.47057056427001953
YDR222W,YOR381W,0,0.12531197,0.150650292634964,0.8257426023483276,0.4706706702709198
YER068W,YDR387C,0,0.12521787,0.15062308311462402,0.8257426023483276,0.47077077627182007
YOR116C,YKL074C,0,0.12521447,0.15059588849544525,0.8257426023483276,0.47087088227272034
YLR318W,YPL246C,0,0.12504885,0.15056869387626648,0.8257426023483276,0.4709709584712982
YPL091W,YGL175C,0,0.124896094,0.1505415141582489,0.8257426023483276,0.4710710644721985
YDR069C,YGR105W,0,0.124524415,0.15051434934139252,0.8257426023483276,0.47117117047309875
YOR054C,YBR175W,0,0.12376796,0.15048718452453613,0.8257426023483276,0.471271276473999
YDR298C,YCR020C,0,0.1235739,0.15046003460884094,0.8257426023483276,0.4713713824748993
YPL081W,YHR132C,0,0.12321584,0.15043289959430695,0.8257426023483276,0.4714714586734772
YHR184W,YLR045C,0,0.1231484,0.15040576457977295,0.8257426023483276,0.47157156467437744
YKL157W,YMR170C,0,0.123129755,0.15037864446640015,0.8257426023483276,0.4716716706752777
YNR032C-A,YDR473C,1,0.1229634,0.1505318135023117,0.8267326951026917,0.4716716706752777
YOR269W,YKL035W,0,0.12294586,0.1505046933889389,0.8267326951026917,0.471771776676178
YBL026W,YNL139C,0,0.12280996,0.1504775583744049,0.8267326951026917,0.47187188267707825
YHR063C,YAR031W,0,0.12276125,0.1504504531621933,0.8267326951026917,0.47197195887565613
YNR061C,YKL035W,0,0.122737005,0.1504233479499817,0.8267326951026917,0.4720720648765564
YLR013W,YBR179C,0,0.12235455,0.15039625763893127,0.8267326951026917,0.47217217087745667
YGR286C,YMR136W,0,0.12227264,0.15036916732788086,0.8267326951026917,0.47227227687835693
YNL047C,YLR364W,0,0.122170374,0.15034209191799164,0.8267326951026917,0.4723723828792572
YBR084C-A,YDL239C,0,0.12201603,0.1503150314092636,0.8267326951026917,0.4724724590778351
YEL038W,YLR113W,0,0.1219794,0.15028797090053558,0.8267326951026917,0.47257256507873535
YJL114W,YOR148C,0,0.121696845,0.15026092529296875,0.8267326951026917,0.4726726710796356
YMR169C,YNL292W,0,0.12164958,0.1502338945865631,0.8267326951026917,0.4727727770805359
YPL151C,YJL108C,0,0.12142788,0.15020687878131866,0.8267326951026917,0.47287288308143616
YPR065W,YNL101W,0,0.12111397,0.15017986297607422,0.8267326951026917,0.47297295928001404
YNL300W,YOL136C,0,0.12057933,0.15015284717082977,0.8267326951026917,0.4730730652809143
YPL122C,YNR061C,0,0.120312095,0.15012586116790771,0.8267326951026917,0.4731731712818146
YDR174W,YJL033W,0,0.1202112,0.15009886026382446,0.8267326951026917,0.47327327728271484
YHR028C,YHR178W,0,0.11972897,0.1500718891620636,0.8267326951026917,0.4733733832836151
YHR034C,YBL017C,0,0.11966622,0.15004491806030273,0.8267326951026917,0.473473459482193
YHR011W,YLR109W,0,0.11965124,0.15001796185970306,0.8267326951026917,0.47357356548309326
YNL210W,YPL217C,0,0.11959672,0.1499910205602646,0.8267326951026917,0.47367367148399353
YKL209C,YML114C,0,0.11955407,0.1499640792608261,0.8267326951026917,0.4737737774848938
YBL090W,YKL179C,0,0.119349584,0.14993715286254883,0.8267326951026917,0.47387388348579407
YMR092C,YER068W,0,0.11896327,0.14991022646427155,0.8267326951026917,0.47397395968437195
YLR406C,YLR139C,0,0.118921995,0.14988332986831665,0.8267326951026917,0.4740740656852722
YKL113C,YDR211W,0,0.11888695,0.14985641837120056,0.8267326951026917,0.4741741716861725
YJL206C,YHR175W,0,0.118017614,0.14982953667640686,0.8267326951026917,0.47427427768707275
YEL022W,YDL078C,0,0.1180031,0.14980265498161316,0.8267326951026917,0.474374383687973
YMR087W,YOR204W,1,0.11778435,0.149955153465271,0.8277227878570557,0.474374383687973
YER030W,YGR063C,0,0.11759329,0.1499282568693161,0.8277227878570557,0.4744744598865509
YDR324C,YPR112C,0,0.11748786,0.1499013751745224,0.8277227878570557,0.47457456588745117
YHR056C,YOL124C,0,0.11737476,0.1498745083808899,0.8277227878570557,0.47467467188835144
YBR018C,YJR015W,0,0.11734742,0.14984764158725739,0.8277227878570557,0.4747747778892517
YGL130W,YDR418W,0,0.11729303,0.14982078969478607,0.8277227878570557,0.474874883890152
YMR068W,YGR154C,0,0.11690737,0.14979393780231476,0.8277227878570557,0.47497496008872986
YLR348C,YGR280C,0,0.116699055,0.14976711571216583,0.8277227878570557,0.4750750660896301
YGR246C,YHR039C-A,0,0.115951,0.1497402787208557,0.8277227878570557,0.4751751720905304
YPL046C,YER073W,0,0.1159495,0.14971347153186798,0.8277227878570557,0.47527527809143066
YOL091W,YNL208W,0,0.11551815,0.14968666434288025,0.8277227878570557,0.47537538409233093
YDR247W,YAR071W,0,0.115276575,0.14965985715389252,0.8277227878570557,0.4754754900932312
YJR093C,YKL178C,0,0.11527012,0.14963307976722717,0.8277227878570557,0.4755755662918091
YGL201C,YDR085C,0,0.115185946,0.14960630238056183,0.8277227878570557,0.47567567229270935
YDR304C,YKL059C,0,0.11510852,0.14957952499389648,0.8277227878570557,0.4757757782936096
YLR097C,YLR197W,0,0.11453766,0.14955277740955353,0.8277227878570557,0.4758758842945099
YDL079C,YHR214C-B,0,0.11411269,0.14952602982521057,0.8277227878570557,0.47597599029541016
YLR139C,YER058W,0,0.11410111,0.14949928224086761,0.8277227878570557,0.47607606649398804
YLR134W,YJL117W,0,0.11385085,0.14947254955768585,0.8277227878570557,0.4761761724948883
YLR151C,YMR257C,0,0.11350243,0.14944583177566528,0.8277227878570557,0.4762762784957886
YMR043W,YOR005C,0,0.113440126,0.1494191288948059,0.8277227878570557,0.47637638449668884
YDL082W,YIL125W,0,0.11339152,0.14939242601394653,0.8277227878570557,0.4764764904975891
YDR036C,YAL038W,0,0.11286177,0.14936573803424835,0.8277227878570557,0.476576566696167
YDR119W,YML131W,0,0.1126086,0.14933905005455017,0.8277227878570557,0.47667667269706726
YCR028C-A,YER046W,0,0.11258511,0.14931237697601318,0.8277227878570557,0.47677677869796753
YDL184C,YPL065W,0,0.11239858,0.1492857187986374,0.8277227878570557,0.4768768846988678
YMR094W,YJR082C,0,0.11237733,0.1492590606212616,0.8277227878570557,0.47697699069976807
YKR024C,YLR275W,0,0.11217143,0.149232417345047,0.8277227878570557,0.47707706689834595
YCL018W,YDR425W,0,0.11207636,0.1492057889699936,0.8277227878570557,0.4771771728992462
YMR071C,YNR044W,0,0.111843124,0.14917916059494019,0.8277227878570557,0.4772772789001465
YIL066C,YNL107W,0,0.111581326,0.14915254712104797,0.8277227878570557,0.47737738490104675
YDR501W,YJR137C,0,0.11123426,0.14912593364715576,0.8277227878570557,0.477477490901947
YER036C,YBL084C,0,0.111056715,0.14909933507442474,0.8277227878570557,0.4775775671005249
YAR003W,YDR151C,0,0.110950544,0.14907275140285492,0.8277227878570557,0.47767767310142517
YPR072W,YGL234W,0,0.11082089,0.1490461826324463,0.8277227878570557,0.47777777910232544
YFL029C,YPR079W,0,0.11062513,0.14901961386203766,0.8277227878570557,0.4778778851032257
YPR182W,YLR203C,1,0.11023928,0.14917127788066864,0.8287128806114197,0.4778778851032257
YGL030W,YPR178W,1,0.10971846,0.14932288229465485,0.8297029733657837,0.4778778851032257
YML046W,YLR089C,0,0.10934819,0.14929628372192383,0.8297029733657837,0.477977991104126
YOL140W,YDL077C,0,0.109310016,0.1492696851491928,0.8297029733657837,0.47807806730270386
YFL013C,YNL135C,0,0.109295174,0.14924310147762299,0.8297029733657837,0.4781781733036041
YHR184W,YMR268C,0,0.109114364,0.14921651780605316,0.8297029733657837,0.4782782793045044
YNR001C,YER012W,0,0.1089759,0.14918996393680573,0.8297029733657837,0.47837838530540466
YBL061C,YDR447C,0,0.10883209,0.1491634100675583,0.8297029733657837,0.47847849130630493
YIL042C,YMR238W,0,0.108643726,0.14913685619831085,0.8297029733657837,0.4785785675048828
YDL200C,YNL219C,0,0.10846989,0.1491103172302246,0.8297029733657837,0.4786786735057831
YNL128W,YKL211C,0,0.10840285,0.14908379316329956,0.8297029733657837,0.47877877950668335
YOR347C,YKR081C,0,0.10829724,0.1490572690963745,0.8297029733657837,0.4788788855075836
YEL020C,YHL012W,0,0.10824211,0.14903075993061066,0.8297029733657837,0.4789789915084839
YBL060W,YPL200W,0,0.107662275,0.149004265666008,0.8297029733657837,0.47907906770706177
YNL078W,YDL033C,0,0.10732259,0.14897777140140533,0.8297029733657837,0.47917917370796204
YNL186W,YOR301W,0,0.107219934,0.14895129203796387,0.8297029733657837,0.4792792797088623
YDR138W,YOR303W,0,0.10708679,0.1489248275756836,0.8297029733657837,0.4793793857097626
YPR113W,YKL096W,0,0.10677579,0.14889836311340332,0.8297029733657837,0.47947949171066284
YBR294W,YHR017W,0,0.10623972,0.14887191355228424,0.8297029733657837,0.4795795679092407
YJR134C,YDR492W,0,0.106237665,0.14884546399116516,0.8297029733657837,0.479679673910141
YDL030W,YIL157C,0,0.10592389,0.14881904423236847,0.8297029733657837,0.47977977991104126
YOL108C,YGL051W,0,0.10579643,0.14879260957241058,0.8297029733657837,0.47987988591194153
YGL100W,YDL127W,0,0.10558443,0.14876620471477509,0.8297029733657837,0.4799799919128418
YCL057W,YKL184W,0,0.10544737,0.1487397998571396,0.8297029733657837,0.4800800681114197
YKL201C,YCL045C,0,0.10544312,0.1487133949995041,0.8297029733657837,0.48018017411231995
YBR167C,YPL186C,0,0.10523917,0.14868700504302979,0.8297029733657837,0.4802802801132202
YGL254W,YLR452C,0,0.10499503,0.14866062998771667,0.8297029733657837,0.4803803861141205
YDR541C,YML094W,0,0.10483827,0.14863426983356476,0.8297029733657837,0.48048049211502075
YGL031C,YGL229C,0,0.104598954,0.14860790967941284,0.8297029733657837,0.48058056831359863
YCR028C-A,YJR098C,0,0.104434446,0.14858156442642212,0.8297029733657837,0.4806806743144989
YJR075W,YBL016W,0,0.104349956,0.1485552191734314,0.8297029733657837,0.48078078031539917
YMR005W,YNL208W,0,0.10384542,0.14852888882160187,0.8297029733657837,0.48088088631629944
YBL045C,YPL059W,0,0.10356516,0.14850257337093353,0.8297029733657837,0.4809809923171997
YPR122W,YMR143W,0,0.103435084,0.1484762579202652,0.8297029733657837,0.4810810685157776
YAR018C,YHR082C,0,0.1025361,0.14844995737075806,0.8297029733657837,0.48118117451667786
YBR267W,YKR014C,0,0.10242091,0.14842365682125092,0.8297029733657837,0.4812812805175781
YFR042W,YHR168W,0,0.10221082,0.14839738607406616,0.8297029733657837,0.4813813865184784
YPL123C,YCR004C,0,0.10184342,0.14837110042572021,0.8297029733657837,0.48148149251937866
YPR152C,YPL151C,1,0.101665124,0.14852185547351837,0.8306930661201477,0.48148149251937866
YPR119W,YPL086C,0,0.10150172,0.14849556982517242,0.8306930661201477,0.48158156871795654
YMR188C,YDR496C,0,0.10149339,0.14846929907798767,0.8306930661201477,0.4816816747188568
YEL034W,YPL127C,0,0.1014867,0.14844302833080292,0.8306930661201477,0.4817817807197571
YMR182C,YOR115C,0,0.10144897,0.14841677248477936,0.8306930661201477,0.48188188672065735
YKL003C,YLR121C,0,0.101341665,0.1483905166387558,0.8306930661201477,0.4819819927215576
YML010W,YDR508C,0,0.10103558,0.14836427569389343,0.8306930661201477,0.4820820689201355
YNL012W,YDL101C,0,0.100995064,0.14833804965019226,0.8306930661201477,0.48218217492103577
YBR278W,YGL245W,0,0.100507036,0.1483118236064911,0.8306930661201477,0.48228228092193604
YBR152W,YFR005C,1,0.10049352,0.14846235513687134,0.8316831588745117,0.48228228092193604
YHR021C,YIR014W,0,0.100356594,0.14843611419200897,0.8316831588745117,0.4823823869228363
YCR096C,YOR339C,0,0.1002012,0.1484098881483078,0.8316831588745117,0.4824824929237366
YDR043C,YIL097W,0,0.10008924,0.14838367700576782,0.8316831588745117,0.48258256912231445
YDR498C,YDR383C,0,0.0996656,0.14835746586322784,0.8316831588745117,0.4826826751232147
YML125C,YCR053W,0,0.09933692,0.14833126962184906,0.8316831588745117,0.482782781124115
YDL201W,YDL213C,0,0.09933068,0.14830508828163147,0.8316831588745117,0.48288288712501526
YJL118W,YLR134W,0,0.09923664,0.14827890694141388,0.8316831588745117,0.4829829931259155
YKL042W,YER138C,0,0.099236295,0.14825274050235748,0.8316831588745117,0.4830830693244934
YHR050W,YDR383C,0,0.099159956,0.1482265740633011,0.8316831588745117,0.4831831753253937
YPL050C,YDR197W,0,0.099046916,0.14820042252540588,0.8316831588745117,0.48328328132629395
YBR010W,YDR018C,0,0.098911926,0.14817428588867188,0.8316831588745117,0.4833833873271942
YKL190W,YBR273C,0,0.098625466,0.14814814925193787,0.8316831588745117,0.4834834933280945
YLR270W,YML028W,0,0.0984405,0.14812202751636505,0.8316831588745117,0.48358356952667236
YGR092W,YGL141W,0,0.09834789,0.14809590578079224,0.8316831588745117,0.48368367552757263
YKL165C,YGR062C,0,0.0983251,0.14806979894638062,0.8316831588745117,0.4837837815284729
YPL096W,YJL191W,0,0.09832345,0.1480437070131302,0.8316831588745117,0.48388388752937317
YFL014W,YLR321C,0,0.098149374,0.14801761507987976,0.8316831588745117,0.48398399353027344
YKL096W-A,YMR145C,0,0.09808983,0.14799153804779053,0.8316831588745117,0.4840840697288513
YMR251W-A,YBR106W,0,0.09786323,0.1479654759168625,0.8316831588745117,0.4841841757297516
YGR194C,YGL245W,0,0.0977408,0.14793941378593445,0.8316831588745117,0.48428428173065186
YHR107C,YIL145C,0,0.0977311,0.1479133665561676,0.8316831588745117,0.4843843877315521
YOR125C,YDR449C,0,0.09762795,0.14788731932640076,0.8316831588745117,0.4844844937324524
YML131W,YPR083W,0,0.097587526,0.1478612869977951,0.8316831588745117,0.4845845699310303
YLR105C,YAR008W,1,0.09744473,0.14801126718521118,0.8326732516288757,0.4845845699310303
YAL003W,YDR503C,0,0.09735872,0.14798521995544434,0.8326732516288757,0.48468467593193054
YAL044C,YOR174W,0,0.097235754,0.14795918762683868,0.8326732516288757,0.4847847819328308
YML080W,YDR216W,0,0.09688908,0.14793315529823303,0.8326732516288757,0.4848848879337311
YBR152W,YJL133W,1,0.09653695,0.14808301627635956,0.8336633443832397,0.4848848879337311
YBL060W,YPR025C,0,0.09653056,0.1480569690465927,0.8336633443832397,0.48498499393463135
YOL158C,YDR329C,0,0.09620984,0.14803093671798706,0.8336633443832397,0.4850850999355316
YMR128W,YOR381W,0,0.09617327,0.1480049192905426,0.8336633443832397,0.4851851761341095
YIL050W,YHR207C,0,0.0959595,0.14797891676425934,0.8336633443832397,0.48528528213500977
YBR001C,YLR278C,0,0.09589557,0.14795291423797607,0.8336633443832397,0.48538538813591003
YKL186C,YGL097W,0,0.09588024,0.1479269117116928,0.8336633443832397,0.4854854941368103
YEL012W,YGR028W,0,0.0957668,0.14790092408657074,0.8336633443832397,0.48558560013771057
YPR018W,YPL237W,0,0.09569989,0.14787495136260986,0.8336633443832397,0.48568567633628845
YGL224C,YML130C,0,0.09554739,0.14784899353981018,0.8336633443832397,0.4857857823371887
YHR176W,YPL196W,0,0.09548272,0.1478230357170105,0.8336633443832397,0.485885888338089
YCR067C,YPL003W,0,0.09544499,0.147797092795372,0.8336633443832397,0.48598599433898926
YBR050C,YKR013W,0,0.09533921,0.14777114987373352,0.8336633443832397,0.4860861003398895
YDL065C,YMR293C,0,0.09512149,0.14774522185325623,0.8336633443832397,0.4861861765384674
YLR285W,YFL002C,0,0.094846904,0.14771929383277893,0.8336633443832397,0.4862862825393677
YPL211W,YPR186C,0,0.09483881,0.14769338071346283,0.8336633443832397,0.48638638854026794
YBR031W,YGL060W,0,0.09479894,0.14766748249530792,0.8336633443832397,0.4864864945411682
YHR094C,YNL210W,0,0.09478085,0.1476415991783142,0.8336633443832397,0.4865866005420685
YGR295C,YMR186W,0,0.09461379,0.1476157009601593,0.8336633443832397,0.48668667674064636
YLR372W,YDR310C,0,0.09422164,0.14758983254432678,0.8336633443832397,0.48678678274154663
YGL039W,YMR022W,0,0.09421387,0.14756396412849426,0.8336633443832397,0.4868868887424469
YNL127W,YJL103C,0,0.09408283,0.14753811061382294,0.8336633443832397,0.48698699474334717
YBR159W,YOR295W,0,0.09406817,0.1475122570991516,0.8336633443832397,0.48708710074424744
YOR243C,YLL055W,0,0.09404963,0.14748641848564148,0.8336633443832397,0.4871871769428253
YIL076W,YKR002W,0,0.0940422,0.14746059477329254,0.8336633443832397,0.4872872829437256
YOL040C,YIR011C,0,0.09392686,0.1474347710609436,0.8336633443832397,0.48738738894462585
YOR098C,YIL034C,0,0.09388487,0.14740896224975586,0.8336633443832397,0.4874874949455261
YIL177C,YDL225W,0,0.09385501,0.1473831683397293,0.8336633443832397,0.4875876009464264
YNR072W,YLR100W,0,0.09382887,0.14735737442970276,0.8336633443832397,0.4876876771450043
YJL192C,YLR289W,0,0.09381959,0.1473315805196762,0.8336633443832397,0.48778778314590454
YNR032C-A,YOR334W,1,0.09323439,0.14748075604438782,0.8346534371376038,0.48778778314590454
YMR097C,YMR142C,0,0.09311269,0.14745496213436127,0.8346534371376038,0.4878878891468048
YER086W,YMR211W,0,0.09284499,0.14742916822433472,0.8346534371376038,0.4879879951477051
YLR433C,YLL022C,0,0.09257698,0.14740338921546936,0.8346534371376038,0.48808810114860535
YHR140W,YDR529C,0,0.09222196,0.1473776251077652,0.8346534371376038,0.4881881773471832
YBR244W,YPL255W,0,0.09220287,0.14735186100006104,0.8346534371376038,0.4882882833480835
YDR364C,YHR086W,1,0.09218396,0.1475008726119995,0.8356435894966125,0.4882882833480835
YPL055C,YLR141W,0,0.09206347,0.14747509360313416,0.8356435894966125,0.48838838934898376
YOR096W,YDL079C,0,0.09205796,0.14744932949543,0.8356435894966125,0.48848849534988403
YOR214C,YLR404W,0,0.0918549,0.14742358028888702,0.8356435894966125,0.4885886013507843
YFL057C,YEL058W,0,0.091851145,0.14739783108234406,0.8356435894966125,0.4886886775493622
YLL052C,YHR052W,0,0.09083013,0.14737209677696228,0.8356435894966125,0.48878878355026245
YJL213W,YOL013C,0,0.09079309,0.1473463624715805,0.8356435894966125,0.4888888895511627
YDR522C,YOR067C,0,0.09069067,0.14732064306735992,0.8356435894966125,0.488988995552063
YMR173W,YDL066W,0,0.09068775,0.14729493856430054,0.8356435894966125,0.48908910155296326
YPR182W,YDR364C,1,0.09057641,0.1474437266588211,0.8366336822509766,0.48908910155296326
YOL138C,YBR238C,0,0.09056787,0.14741800725460052,0.8366336822509766,0.48918917775154114
YBR213W,YGR198W,0,0.090544,0.14739228785037994,0.8366336822509766,0.4892892837524414
YGL205W,YHR047C,0,0.090398595,0.14736658334732056,0.8366336822509766,0.4893893897533417
YGR246C,YFL022C,0,0.09012258,0.14734089374542236,0.8366336822509766,0.48948949575424194
YCL063W,YKR003W,0,0.08950056,0.14731520414352417,0.8366336822509766,0.4895896017551422
YJL121C,YPL084W,0,0.08940837,0.14728952944278717,0.8366336822509766,0.4896896779537201
YGL002W,YDR131C,0,0.08923794,0.14726385474205017,0.8366336822509766,0.48978978395462036
YLR116W,YPR028W,0,0.08916254,0.14723819494247437,0.8366336822509766,0.48988988995552063
YDR432W,YGR074W,1,0.08858056,0.14738675951957703,0.8376237750053406,0.48988988995552063
YNL099C,YLR028C,0,0.08852674,0.14736108481884003,0.8376237750053406,0.4899899959564209
YJR063W,YBR243C,0,0.08831622,0.14733542501926422,0.8376237750053406,0.49009010195732117
YJR065C,YHR039C,0,0.08794887,0.14730976521968842,0.8376237750053406,0.49019017815589905
YBR160W,YCL066W,0,0.08769949,0.1472841203212738,0.8376237750053406,0.4902902841567993
YKR029C,YIL101C,0,0.08755532,0.14725849032402039,0.8376237750053406,0.4903903901576996
YDR247W,YPR132W,0,0.0870786,0.14723286032676697,0.8376237750053406,0.49049049615859985
YOR362C,YCL055W,0,0.08697948,0.14720724523067474,0.8376237750053406,0.4905906021595001
YHR147C,YHR121W,0,0.08667438,0.14718163013458252,0.8376237750053406,0.490690678358078
YDR084C,YLR050C,0,0.08611117,0.1471560299396515,0.8376237750053406,0.49079078435897827
YHL040C,YHR044C,0,0.08580895,0.14713042974472046,0.8376237750053406,0.49089089035987854
YPL172C,YIR018W,0,0.08560012,0.14710484445095062,0.8376237750053406,0.4909909963607788
YMR083W,YLR191W,0,0.085441664,0.14707927405834198,0.8376237750053406,0.4910911023616791
YGR186W,YMR193W,0,0.085414335,0.14705370366573334,0.8376237750053406,0.49119117856025696
YDR420W,YJL160C,0,0.08539601,0.1470281481742859,0.8376237750053406,0.4912912845611572
YCL057W,YNL080C,0,0.084976256,0.14700260758399963,0.8376237750053406,0.4913913905620575
YFL057C,YEL034W,0,0.08489995,0.14697706699371338,0.8376237750053406,0.49149149656295776
YFL013C,YDR197W,0,0.084846705,0.14695154130458832,0.8376237750053406,0.49159160256385803
YGR255C,YFL036W,0,0.084387496,0.14692601561546326,0.8376237750053406,0.4916916787624359
YPR103W,YDL015C,0,0.08430682,0.1469005048274994,0.8376237750053406,0.4917917847633362
YDR081C,YMR145C,0,0.08418296,0.14687499403953552,0.8376237750053406,0.49189189076423645
YOR131C,YML070W,0,0.08408953,0.14684949815273285,0.8376237750053406,0.4919919967651367
YKR101W,YPL186C,0,0.08406505,0.14682401716709137,0.8376237750053406,0.492092102766037
YLL035W,YKL193C,0,0.084036514,0.1467985361814499,0.8376237750053406,0.49219217896461487
YNR006W,YOR261C,0,0.083896086,0.1467730700969696,0.8376237750053406,0.49229228496551514
YGR289C,YIL135C,0,0.08386685,0.1467476189136505,0.8376237750053406,0.4923923909664154
YCL038C,YDR086C,0,0.08374176,0.14672216773033142,0.8376237750053406,0.4924924969673157
YML125C,YEL052W,0,0.08360012,0.14669671654701233,0.8376237750053406,0.49259260296821594
YAR018C,YDR134C,0,0.083133176,0.14667129516601562,0.8376237750053406,0.4926926791667938
YCR039C,YPR042C,0,0.08229084,0.14664585888385773,0.8376237750053406,0.4927927851676941
YGL099W,YLR077W,0,0.0822358,0.14662045240402222,0.8376237750053406,0.49289289116859436
YHR083W,YLR225C,0,0.08212328,0.1465950459241867,0.8376237750053406,0.49299299716949463
YNL236W,YIL082W-A,0,0.08209875,0.1465696394443512,0.8376237750053406,0.4930931031703949
YGR199W,YCL036W,0,0.08176531,0.14654426276683807,0.8376237750053406,0.4931931793689728
YDL197C,YMR127C,0,0.08165003,0.14651887118816376,0.8376237750053406,0.49329328536987305
YOR054C,YJR135C,0,0.08129777,0.14649350941181183,0.8376237750053406,0.4933933913707733
YJR036C,YDR011W,0,0.0811667,0.1464681476354599,0.8376237750053406,0.4934934973716736
YPR091C,YER056C-A,0,0.080914736,0.14644278585910797,0.8376237750053406,0.49359360337257385
YGR177C,YLL043W,0,0.080810115,0.14641743898391724,0.8376237750053406,0.49369367957115173
YML072C,YGR088W,0,0.08040625,0.1463921070098877,0.8376237750053406,0.493793785572052
YNL021W,YHR134W,0,0.07963845,0.14636677503585815,0.8376237750053406,0.49389389157295227
YCR068W,YBR123C,0,0.07927844,0.1463414579629898,0.8376237750053406,0.49399399757385254
YDR498C,YLR438C-A,0,0.07915974,0.14631615579128265,0.8376237750053406,0.4940941035747528
YBR127C,YEL064C,0,0.07904318,0.1462908536195755,0.8376237750053406,0.4941941797733307
YPL091W,YKL126W,0,0.07895514,0.14626556634902954,0.8376237750053406,0.49429428577423096
YDL074C,YKL178C,0,0.07854764,0.14624027907848358,0.8376237750053406,0.4943943917751312
YNR046W,YFR044C,0,0.078189924,0.14621500670909882,0.8376237750053406,0.4944944977760315
YML063W,YEL069C,0,0.077844754,0.14618973433971405,0.8376237750053406,0.49459460377693176
YLR316C,YMR056C,0,0.07768048,0.14616447687149048,0.8376237750053406,0.49469467997550964
YOR373W,YPL065W,0,0.07763253,0.1461392343044281,0.8376237750053406,0.4947947859764099
YEL042W,YOR290C,0,0.07747115,0.14611399173736572,0.8376237750053406,0.4948948919773102
YIL066C,YHR117W,0,0.07689622,0.14608876407146454,0.8376237750053406,0.49499499797821045
YPL164C,YFR006W,0,0.0765851,0.14606353640556335,0.8376237750053406,0.4950951039791107
YML001W,YEL069C,0,0.07647559,0.14603832364082336,0.8376237750053406,0.495195209980011
YGL237C,YDL078C,0,0.07645583,0.14601311087608337,0.8376237750053406,0.49529528617858887
YEL017C-A,YNL139C,0,0.07640584,0.14598792791366577,0.8376237750053406,0.49539539217948914
YMR233W,YDR534C,0,0.075851694,0.14596273005008698,0.8376237750053406,0.4954954981803894
YDR032C,YDL052C,0,0.07578386,0.14593754708766937,0.8376237750053406,0.4955956041812897
YLR270W,YDL112W,0,0.075376704,0.14591237902641296,0.8376237750053406,0.49569571018218994
YLR306W,YPL134C,0,0.075323,0.14588722586631775,0.8376237750053406,0.4957957863807678
YMR039C,YNL101W,0,0.07481679,0.14586207270622253,0.8376237750053406,0.4958958923816681
YGR261C,YDR291W,0,0.07465799,0.14583691954612732,0.8376237750053406,0.49599599838256836
YFL050C,YPR181C,0,0.07460727,0.1458117961883545,0.8376237750053406,0.49609610438346863
YJL100W,YHR002W,0,0.0738101,0.14578665792942047,0.8376237750053406,0.4961962103843689
YOL140W,YOR393W,0,0.07373805,0.14576154947280884,0.8376237750053406,0.4962962865829468
YHR176W,YDR065W,0,0.07346852,0.1457364410161972,0.8376237750053406,0.49639639258384705
YPL131W,YGL179C,0,0.07342769,0.14571133255958557,0.8376237750053406,0.4964964985847473
YPL064C,YNL147W,1,0.07316883,0.14585845172405243,0.8386138677597046,0.4964964985847473
YJL048C,YOL152W,0,0.07307498,0.1458333283662796,0.8386138677597046,0.4965966045856476
YDL214C,YGR109C,0,0.0730688,0.14580823481082916,0.8386138677597046,0.49669671058654785
YOL034W,YJR016C,0,0.07275003,0.14578312635421753,0.8386138677597046,0.49679678678512573
YKL056C,YOR054C,0,0.07262196,0.14575804769992828,0.8386138677597046,0.496896892786026
YIL168W,YKL126W,0,0.072515994,0.14573296904563904,0.8386138677597046,0.49699699878692627
YCR030C,YKL018W,0,0.072471336,0.1457078903913498,0.8386138677597046,0.49709710478782654
YBL089W,YNL009W,0,0.07236664,0.14568284153938293,0.8386138677597046,0.4971972107887268
YOL034W,YGL039W,0,0.07181144,0.14565777778625488,0.8386138677597046,0.4972972869873047
YPL066W,YDR456W,0,0.07169679,0.14563274383544922,0.8386138677597046,0.49739739298820496
YJL124C,YMR051C,0,0.07157117,0.14560769498348236,0.8386138677597046,0.4974974989891052
YPL174C,YGR070W,0,0.07137078,0.1455826759338379,0.8386138677597046,0.4975976049900055
YPL113C,YOL072W,0,0.071275875,0.14555765688419342,0.8386138677597046,0.49769771099090576
YJL020C,YCL050C,0,0.07107736,0.14553265273571014,0.8386138677597046,0.49779778718948364
YDR540C,YDL039C,0,0.07045087,0.14550764858722687,0.8386138677597046,0.4978978931903839
YLR395C,YJL141C,0,0.07024886,0.14548265933990479,0.8386138677597046,0.4979979991912842
YPR063C,YDR014W,0,0.07023311,0.1454576700925827,0.8386138677597046,0.49809810519218445
YLL029W,YJR036C,0,0.0701155,0.14543269574642181,0.8386138677597046,0.4981982111930847
YDL122W,YBL023C,0,0.069815844,0.14540772140026093,0.8386138677597046,0.4982982873916626
YBR160W,YOR315W,0,0.069742635,0.14538276195526123,0.8386138677597046,0.49839839339256287
YMR228W,YPL033C,0,0.06964059,0.14535781741142273,0.8386138677597046,0.49849849939346313
YMR231W,YER111C,0,0.06959261,0.14533287286758423,0.8386138677597046,0.4985986053943634
YEL004W,YCR069W,0,0.06945665,0.14530794322490692,0.8386138677597046,0.49869871139526367
YFR033C,YMR216C,0,0.06945442,0.14528301358222961,0.8386138677597046,0.49879878759384155
YOL105C,YPR073C,0,0.06929923,0.1452580988407135,0.8386138677597046,0.4988988935947418
YGR101W,YLR386W,0,0.06926043,0.14523319900035858,0.8386138677597046,0.4989989995956421
YPL178W,YNL245C,1,0.06919603,0.14537973701953888,0.8396039605140686,0.4989989995956421
YDL079C,YOR075W,0,0.067828715,0.14535482227802277,0.8396039605140686,0.49909910559654236
YGL125W,YOR070C,0,0.06739284,0.14532990753650665,0.8396039605140686,0.4991992115974426
YGL124C,YCR010C,0,0.06719729,0.14530500769615173,0.8396039605140686,0.4992992877960205
YCR020C,YNR063W,0,0.06712291,0.14528010785579681,0.8396039605140686,0.4993993937969208
YML093W,YPR200C,0,0.06697692,0.1452552229166031,0.8396039605140686,0.49949949979782104
YPR122W,YCR024C-A,0,0.06688951,0.14523035287857056,0.8396039605140686,0.4995996057987213
YKR097W,YIL138C,0,0.06687452,0.14520548284053802,0.8396039605140686,0.4996997117996216
YHR179W,YDR408C,0,0.06675601,0.1451806128025055,0.8396039605140686,0.49979978799819946
YJR028W,YOL010W,0,0.06657265,0.14515577256679535,0.8396039605140686,0.49989989399909973
YER042W,YLR192C,0,0.06648184,0.1451309323310852,0.8396039605140686,0.5
YNL236W,YER012W,0,0.06646511,0.14510609209537506,0.8396039605140686,0.5001000761985779
YPR184W,YPL220W,0,0.06572616,0.1450812667608261,0.8396039605140686,0.5002002120018005
YER103W,YJL145W,0,0.065351024,0.14505644142627716,0.8396039605140686,0.5003002882003784
YBR110W,YLR135W,0,0.06513798,0.1450316458940506,0.8396039605140686,0.5004004240036011
YKL028W,YNL135C,0,0.0650305,0.14500683546066284,0.8396039605140686,0.500500500202179
YEL020C,YGR118W,0,0.06469037,0.14498205482959747,0.8396039605140686,0.5006005764007568
YDL142C,YER180C,0,0.06418839,0.1449572592973709,0.8396039605140686,0.5007007122039795
YPL124W,YAL029C,0,0.06390135,0.14493249356746674,0.8396039605140686,0.5008007884025574
YJL177W,YCR023C,0,0.06381467,0.14490772783756256,0.8396039605140686,0.50090092420578
YGR059W,YNL238W,0,0.063482925,0.1448829621076584,0.8396039605140686,0.5010010004043579
YOL077C,YOR128C,0,0.06338705,0.1448582112789154,0.8396039605140686,0.5011010766029358
YKR058W,YER007W,0,0.06333797,0.14483347535133362,0.8396039605140686,0.5012012124061584
YOR168W,YDL070W,0,0.063157365,0.14480873942375183,0.8396039605140686,0.5013012886047363
YBL113C,YER020W,0,0.06282143,0.14478401839733124,0.8396039605140686,0.501401424407959
YJL177W,YNL316C,0,0.062488545,0.14475929737091064,0.8396039605140686,0.5015015006065369
YGR268C,YPR133W-A,0,0.06246541,0.14473459124565125,0.8396039605140686,0.5016015768051147
YBR058C,YBL102W,0,0.062421482,0.14470990002155304,0.8396039605140686,0.5017017126083374
YJL133W,YOR077W,0,0.062297862,0.14468520879745483,0.8396039605140686,0.5018017888069153
YMR189W,YER020W,0,0.062104385,0.14466053247451782,0.8396039605140686,0.5019019246101379
YLL038C,YPL086C,0,0.061791833,0.1446358561515808,0.8396039605140686,0.5020020008087158
YNL270C,YGR216C,0,0.061511707,0.1446111798286438,0.8396039605140686,0.5021020770072937
YNR032C-A,YDR240C,1,0.06141449,0.14475703239440918,0.8405940532684326,0.5021020770072937
YLR312W-A,YKL064W,0,0.061194286,0.14473235607147217,0.8405940532684326,0.5022022128105164
YBR065C,YMR059W,1,0.060886364,0.14487813413143158,0.8415841460227966,0.5022022128105164
YDR140W,YER004W,0,0.060760986,0.14485344290733337,0.8415841460227966,0.5023022890090942
YGL173C,YJL006C,0,0.06061717,0.14482876658439636,0.8415841460227966,0.5024024248123169
YER019C-A,YDR324C,0,0.059937563,0.14480409026145935,0.8415841460227966,0.5025025010108948
YOR324C,YNL177C,0,0.0599312,0.14477942883968353,0.8415841460227966,0.5026025772094727
YGR006W,YOR334W,1,0.05988117,0.1449250727891922,0.8425742387771606,0.5026025772094727
YJR057W,YJR161C,0,0.05988006,0.1449003964662552,0.8425742387771606,0.5027027130126953
YGL089C,YPL129W,0,0.059837352,0.14487572014331818,0.8425742387771606,0.5028027892112732
YCL036W,YPL119C,0,0.059618797,0.14485105872154236,0.8425742387771606,0.5029029250144958
YDL019C,YJL008C,0,0.05921373,0.14482641220092773,0.8425742387771606,0.5030030012130737
YER172C,YPL064C,1,0.059023947,0.14497192203998566,0.8435643315315247,0.5030030012130737
YML113W,YKL179C,0,0.05891293,0.14494726061820984,0.8435643315315247,0.5031030774116516
YGL077C,YMR154C,0,0.058863264,0.14492259919643402,0.8435643315315247,0.5032032132148743
YNR074C,YGR234W,0,0.058789026,0.1448979526758194,0.8435643315315247,0.5033032894134521
YKL161C,YJL128C,0,0.058762122,0.14487332105636597,0.8435643315315247,0.5034034252166748
YLL042C,YPR026W,0,0.05872212,0.14484868943691254,0.8435643315315247,0.5035035014152527
YLL008W,YHR045W,0,0.058683734,0.1448240727186203,0.8435643315315247,0.5036035776138306
YAR010C,YDL184C,0,0.058585193,0.14479945600032806,0.8435643315315247,0.5037037134170532
YDR443C,YJR051W,0,0.058107387,0.14477485418319702,0.8435643315315247,0.5038037896156311
YGL161C,YGR271C-A,0,0.058006432,0.14475025236606598,0.8435643315315247,0.5039039254188538
YDR346C,YGL099W,0,0.057775494,0.14472566545009613,0.8435643315315247,0.5040040016174316
YPR101W,YLR382C,1,0.057435956,0.14487092196941376,0.8445544838905334,0.5040040016174316
YGR092W,YOR228C,0,0.057056878,0.14484632015228271,0.8445544838905334,0.5041040778160095
YLR192C,YML091C,0,0.056969624,0.14482173323631287,0.8445544838905334,0.5042042136192322
YER030W,YCR081W,0,0.056923255,0.14479714632034302,0.8445544838905334,0.5043042898178101
YGL166W,YJR051W,0,0.056409325,0.14477257430553436,0.8445544838905334,0.5044044256210327
YPL162C,YPL009C,0,0.05622792,0.1447480022907257,0.8445544838905334,0.5045045018196106
YEL038W,YDR016C,0,0.05601294,0.14472344517707825,0.8445544838905334,0.5046045780181885
YMR036C,YBL066C,0,0.055902343,0.14469890296459198,0.8445544838905334,0.5047047138214111
YOR275C,YPR019W,0,0.055849504,0.1446743607521057,0.8445544838905334,0.504804790019989
YOR324C,YOR181W,0,0.055485733,0.14464981853961945,0.8445544838905334,0.5049049258232117
YDL019C,YPL089C,0,0.055455457,0.14462529122829437,0.8445544838905334,0.5050050020217896
YDR170C,YLR191W,0,0.055296037,0.1446007788181305,0.8445544838905334,0.5051050782203674
YDR206W,YGR006W,0,0.0552263,0.1445762664079666,0.8445544838905334,0.5052052140235901
YJL092W,YDR281C,0,0.05499534,0.14455176889896393,0.8445544838905334,0.505305290222168
YOR131C,YPR005C,0,0.054951634,0.14452728629112244,0.8445544838905334,0.5054054260253906
YLR385C,YMR276W,0,0.05490991,0.14450278878211975,0.8445544838905334,0.5055055022239685
YDR373W,YOL104C,0,0.054869954,0.14447832107543945,0.8445544838905334,0.5056055784225464
YPL048W,YIL051C,0,0.05484074,0.14445385336875916,0.8445544838905334,0.505705714225769
YKR045C,YDR267C,0,0.0548133,0.14442940056324005,0.8445544838905334,0.5058057904243469
YPL026C,YDL111C,0,0.054585535,0.14440494775772095,0.8445544838905334,0.5059059262275696
YDL056W,YFR006W,0,0.05445766,0.14438049495220184,0.8445544838905334,0.5060060024261475
YGR148C,YAL023C,0,0.05436079,0.14435607194900513,0.8445544838905334,0.5061060786247253
YCR002C,YNL335W,0,0.054343473,0.14433163404464722,0.8445544838905334,0.506206214427948
YPL017C,YDR052C,0,0.054328155,0.1443072259426117,0.8445544838905334,0.5063062906265259
YKR104W,YHR026W,0,0.054244597,0.14428281784057617,0.8445544838905334,0.5064064264297485
YLR371W,YPR002W,0,0.05413941,0.14425840973854065,0.8445544838905334,0.5065065026283264
YKR052C,YER172C,1,0.054057073,0.1444031149148941,0.8455445766448975,0.5065065026283264
YLR130C,YHR062C,0,0.05343513,0.1443786919116974,0.8455445766448975,0.5066065788269043
YIL139C,YDL021W,0,0.05297943,0.14435429871082306,0.8455445766448975,0.506706714630127
YML039W,YOR147W,0,0.05283911,0.14432989060878754,0.8455445766448975,0.5068067908287048
YLR219W,YPR025C,0,0.052814584,0.1443055123090744,0.8455445766448975,0.5069069266319275
YBR008C,YER157W,0,0.052711498,0.14428113400936127,0.8455445766448975,0.5070070028305054
YNL003C,YIL145C,0,0.052688997,0.14425675570964813,0.8455445766448975,0.5071070790290833
YGL022W,YOR265W,0,0.052494075,0.1442323923110962,0.8455445766448975,0.5072072148323059
YER141W,YDR012W,0,0.052175235,0.14420804381370544,0.8455445766448975,0.5073072910308838
YGL158W,YKL034W,0,0.052139934,0.1441836953163147,0.8455445766448975,0.5074074268341064
YMR267W,YOR219C,0,0.05212259,0.14415934681892395,0.8455445766448975,0.5075075030326843
YBR294W,YJR099W,0,0.05193812,0.1441350281238556,0.8455445766448975,0.5076075792312622
YBR080C,YER090W,0,0.051779147,0.14411069452762604,0.8455445766448975,0.5077077150344849
YPL177C,YPL266W,0,0.051768843,0.14408639073371887,0.8455445766448975,0.5078077912330627
YMR218C,YBR040W,0,0.051721912,0.1440620720386505,0.8455445766448975,0.5079079270362854
YBR215W,YNL210W,0,0.051666718,0.14403778314590454,0.8455445766448975,0.5080080032348633
YIL114C,YOR290C,0,0.051619243,0.14401349425315857,0.8455445766448975,0.5081080794334412
YLR408C,YKL120W,0,0.051027652,0.1439892053604126,0.8455445766448975,0.5082082152366638
YGL124C,YIL170W,0,0.050987307,0.14396493136882782,0.8455445766448975,0.5083082914352417
YBL055C,YGR096W,0,0.050908938,0.14394067227840424,0.8455445766448975,0.5084084272384644
YOL052C,YEL031W,0,0.050814476,0.14391641318798065,0.8455445766448975,0.5085085034370422
YNL099C,YOR124C,0,0.05072021,0.14389216899871826,0.8455445766448975,0.5086085796356201
YOR337W,YPL258C,0,0.050371896,0.14386792480945587,0.8455445766448975,0.5087087154388428
YER039C,YOR369C,0,0.049957763,0.14384369552135468,0.8455445766448975,0.5088087916374207
YJL062W,YBR216C,0,0.049782585,0.14381946623325348,0.8455445766448975,0.5089089274406433
YPL255W,YOR155C,0,0.049296305,0.14379525184631348,0.8455445766448975,0.5090090036392212
YGR261C,YKR067W,0,0.049246352,0.14377103745937347,0.8455445766448975,0.5091090798377991
YPL060W,YKL095W,1,0.049061157,0.14391516149044037,0.8465346693992615,0.5091090798377991
YFL066C,YMR241W,0,0.04886603,0.14389094710350037,0.8465346693992615,0.5092092156410217
YJL221C,YER173W,0,0.048452508,0.14386673271656036,0.8465346693992615,0.5093092918395996
YMR221C,YBL058W,0,0.048369538,0.14384253323078156,0.8465346693992615,0.5094094276428223
YMR307W,YOR057W,0,0.048368376,0.14381833374500275,0.8465346693992615,0.5095095038414001
YOR324C,YNL101W,0,0.04828332,0.14379414916038513,0.8465346693992615,0.509609580039978
YDR533C,YCL020W,0,0.04826508,0.14376996457576752,0.8465346693992615,0.5097097158432007
YKL135C,YCL075W,0,0.04825377,0.1437457948923111,0.8465346693992615,0.5098097920417786
YDL136W,YLR079W,0,0.04813401,0.14372164011001587,0.8465346693992615,0.5099099278450012
YGL054C,YLL019C,0,0.048123013,0.14369748532772064,0.8465346693992615,0.5100100040435791
YDR477W,YBL023C,0,0.04765926,0.14367333054542542,0.8465346693992615,0.5101101398468018
YBL058W,YOR005C,0,0.047541257,0.14364919066429138,0.8465346693992615,0.5102102160453796
YNL262W,YAL034W-A,0,0.047225993,0.14362506568431854,0.8465346693992615,0.5103102922439575
YIL162W,YER094C,0,0.046452235,0.1436009407043457,0.8465346693992615,0.5104104280471802
YKL212W,YKL144C,0,0.046402354,0.14357683062553406,0.8465346693992615,0.5105105042457581
YHR069C,YIR036C,0,0.045938414,0.1435527205467224,0.8465346693992615,0.5106106400489807
YDR166C,YLR372W,0,0.04568897,0.14352862536907196,0.8465346693992615,0.5107107162475586
YKL140W,YLR309C,0,0.045671117,0.1435045301914215,0.8465346693992615,0.5108107924461365
YOR278W,YDR083W,0,0.045586172,0.14348044991493225,0.8465346693992615,0.5109109282493591
YNL330C,YMR278W,0,0.04556037,0.143456369638443,0.8465346693992615,0.511011004447937
YDL161W,YLR003C,0,0.04529925,0.14343230426311493,0.8465346693992615,0.5111111402511597
YNL115C,YNL095C,0,0.0452546,0.14340825378894806,0.8465346693992615,0.5112112164497375
YHL033C,YKR010C,0,0.045247268,0.1433842033147812,0.8465346693992615,0.5113112926483154
YFL022C,YIR021W,0,0.045160893,0.1433601677417755,0.8465346693992615,0.5114114284515381
YBR239C,YFL034C-A,0,0.043752465,0.14333613216876984,0.8465346693992615,0.511511504650116
YOR326W,YLR429W,0,0.043548357,0.14331209659576416,0.8465346693992615,0.5116116404533386
YDL133C-A,YKL094W,0,0.043385368,0.14328809082508087,0.8465346693992615,0.5117117166519165
YGR144W,YCL018W,0,0.043278884,0.1432640701532364,0.8465346693992615,0.5118117928504944
YAL032C,YAR008W,1,0.042813282,0.14340761303901672,0.8475247621536255,0.5118117928504944
YGL137W,YBR132C,0,0.042762857,0.14338357746601105,0.8475247621536255,0.511911928653717
YKR066C,YPL181W,0,0.042438205,0.14335957169532776,0.8475247621536255,0.5120120048522949
YLR378C,YMR314W,0,0.042315494,0.14333556592464447,0.8475247621536255,0.5121121406555176
YMR034C,YOR058C,0,0.042125132,0.14331157505512238,0.8475247621536255,0.5122122168540955
YNL030W,YKR030W,0,0.04212139,0.14328758418560028,0.8475247621536255,0.5123122930526733
YPR144C,YPR026W,0,0.042024706,0.14326359331607819,0.8475247621536255,0.512412428855896
YKR006C,YDR473C,0,0.041686025,0.14323963224887848,0.8475247621536255,0.5125125050544739
YHR041C,YGR065C,0,0.041217368,0.14321565628051758,0.8475247621536255,0.5126126408576965
YGL019W,YCR048W,0,0.041175965,0.14319171011447906,0.8475247621536255,0.5127127170562744
YLR192C,YDL111C,0,0.040897008,0.14316774904727936,0.8475247621536255,0.5128127932548523
YIL133C,YNL008C,0,0.040731903,0.14314381778240204,0.8475247621536255,0.512912929058075
YBL097W,YIL017C,0,0.040707152,0.14311988651752472,0.8475247621536255,0.5130130052566528
YIL134W,YMR023C,0,0.040646102,0.1430959552526474,0.8475247621536255,0.5131131410598755
YPR054W,YDL067C,0,0.040560912,0.14307203888893127,0.8475247621536255,0.5132132172584534
YGR037C,YDR503C,0,0.04041275,0.14304812252521515,0.8475247621536255,0.5133132934570312
YLR174W,YKL181W,0,0.040372055,0.14302422106266022,0.8475247621536255,0.5134134292602539
YAL021C,YMR152W,0,0.040335324,0.14300033450126648,0.8475247621536255,0.5135135054588318
YBL092W,YNL227C,0,0.039266195,0.14297644793987274,0.8475247621536255,0.5136136412620544
YLR207W,YCL055W,0,0.03923374,0.1429525762796402,0.8475247621536255,0.5137137174606323
YDR378C,YHR013C,0,0.039169382,0.14292870461940765,0.8475247621536255,0.5138137936592102
YGR140W,YHL027W,0,0.038826924,0.1429048478603363,0.8475247621536255,0.5139139294624329
YDL083C,YBR286W,0,0.038716894,0.14288099110126495,0.8475247621536255,0.5140140056610107
YER073W,YOR290C,0,0.03850317,0.1428571492433548,0.8475247621536255,0.5141141414642334
YOR115C,YPL283C,0,0.038462143,0.14283330738544464,0.8475247621536255,0.5142142176628113
YAL032C,YJL133W,1,0.038314443,0.142976313829422,0.8485148549079895,0.5142142176628113
YOR219C,YKL018W,0,0.038199198,0.14295245707035065,0.8485148549079895,0.5143142938613892
YPR191W,YPR033C,0,0.037796047,0.1429286152124405,0.8485148549079895,0.5144144296646118
YLR238W,YHR094C,0,0.03768302,0.14290478825569153,0.8485148549079895,0.5145145058631897
YDR331W,YNR045W,0,0.037625726,0.14288096129894257,0.8485148549079895,0.5146146416664124
YDR055W,YDR101C,0,0.037546586,0.1428571492433548,0.8485148549079895,0.5147147178649902
YDL080C,YGR281W,0,0.037546348,0.14283333718776703,0.8485148549079895,0.5148147940635681
YDL055C,YKL034W,0,0.037524443,0.14280952513217926,0.8485148549079895,0.5149149298667908
YKR014C,YPL066W,0,0.037155014,0.14278574287891388,0.8485148549079895,0.5150150060653687
YEL026W,YDR163W,1,0.036965143,0.14292854070663452,0.8495049476623535,0.5150150060653687
YLL001W,YER048W-A,0,0.036910683,0.14290472865104675,0.8495049476623535,0.5151151418685913
YIL109C,YCL050C,0,0.03680415,0.14288093149662018,0.8495049476623535,0.5152152180671692
YCL066W,YDR436W,0,0.036650423,0.1428571492433548,0.8495049476623535,0.5153152942657471
YFL054C,YDR172W,0,0.03660437,0.14283336699008942,0.8495049476623535,0.5154154300689697
YNR035C,YFR004W,0,0.036531266,0.14280958473682404,0.8495049476623535,0.5155155062675476
YPL091W,YDR216W,0,0.03619462,0.14278581738471985,0.8495049476623535,0.5156156420707703
YKL125W,YFR044C,0,0.035930853,0.14276206493377686,0.8495049476623535,0.5157157182693481
YMR199W,YDR266C,0,0.03585759,0.14273831248283386,0.8495049476623535,0.515815794467926
YOL045W,YDR085C,0,0.035665702,0.14271457493305206,0.8495049476623535,0.5159159302711487
YKL042W,YGR256W,0,0.035467174,0.14269083738327026,0.8495049476623535,0.5160160064697266
YNL297C,YMR170C,0,0.035438787,0.14266711473464966,0.8495049476623535,0.5161161422729492
YGR249W,YOL112W,0,0.035252463,0.14264339208602905,0.8495049476623535,0.5162162184715271
YFL021W,YJL076W,0,0.035244603,0.14261968433856964,0.8495049476623535,0.516316294670105
YJL203W,YPR189W,0,0.03497375,0.14259597659111023,0.8495049476623535,0.5164164304733276
YCL075W,YPL226W,0,0.03452457,0.142572283744812,0.8495049476623535,0.5165165066719055
YOR297C,YOR162C,0,0.03451441,0.1425485908985138,0.8495049476623535,0.5166166424751282
YCR060W,YGR032W,0,0.03438319,0.14252491295337677,0.8495049476623535,0.516716718673706
YBL021C,YPL088W,0,0.033899646,0.14250124990940094,0.8495049476623535,0.5168167948722839
YMR045C,YAL020C,0,0.03284801,0.1424775868654251,0.8495049476623535,0.5169169306755066
YLR446W,YFL034C-B,0,0.03277168,0.14245392382144928,0.8495049476623535,0.5170170068740845
YGR029W,YHL022C,0,0.032481883,0.14243027567863464,0.8495049476623535,0.5171171426773071
YDR032C,YLR176C,0,0.032090705,0.1424066424369812,0.8495049476623535,0.517217218875885
YOR130C,YOL157C,0,0.032027733,0.14238300919532776,0.8495049476623535,0.5173172950744629
YOR178C,YLR134W,0,0.03155638,0.14235937595367432,0.8495049476623535,0.5174174308776855
YMR272C,YOR229W,0,0.03152461,0.14233577251434326,0.8495049476623535,0.5175175070762634
YKL056C,YKR046C,0,0.031498026,0.142312154173851,0.8495049476623535,0.5176176428794861
YLR421C,YHL012W,0,0.031472635,0.14228855073451996,0.8495049476623535,0.517717719078064
YNL256W,YLR024C,0,0.031225424,0.1422649621963501,0.8495049476623535,0.5178177952766418
YJL221C,YJR093C,0,0.030498933,0.14224137365818024,0.8495049476623535,0.5179179310798645
YMR271C,YOR351C,0,0.030447941,0.14221780002117157,0.8495049476623535,0.5180180072784424
YER154W,YGR295C,0,0.030318823,0.1421942263841629,0.8495049476623535,0.518118143081665
YLR368W,YNR004W,0,0.030290302,0.14217066764831543,0.8495049476623535,0.5182182192802429
YFR019W,YBR265W,0,0.030255385,0.14214712381362915,0.8495049476623535,0.5183182954788208
YDR315C,YPR149W,0,0.03011109,0.14212356507778168,0.8495049476623535,0.5184184312820435
YPR168W,YDL217C,0,0.029870313,0.1421000361442566,0.8495049476623535,0.5185185074806213
YJR104C,YOR069W,0,0.02967934,0.1420765072107315,0.8495049476623535,0.518618643283844
YCR052W,YPR151C,0,0.029646706,0.14205297827720642,0.8495049476623535,0.5187187194824219
YBL011W,YLR449W,0,0.029274207,0.14202946424484253,0.8495049476623535,0.5188187956809998
YMR236W,YJR088C,0,0.029149223,0.14200596511363983,0.8495049476623535,0.5189189314842224
YDL207W,YDR405W,0,0.029016118,0.14198246598243713,0.8495049476623535,0.5190190076828003
YFR013W,YNL160W,0,0.028618556,0.14195896685123444,0.8495049476623535,0.519119143486023
YDR378C,YLR298C,1,0.028445672,0.14210091531276703,0.8504950404167175,0.519119143486023
YMR024W,YKR056W,0,0.027911272,0.14207740128040314,0.8504950404167175,0.5192192196846008
YLR438C-A,YGR074W,1,0.027737405,0.14221927523612976,0.8514851331710815,0.5192192196846008
YDL193W,YGR061C,0,0.026701245,0.14219576120376587,0.8514851331710815,0.5193192958831787
YDR304C,YKL001C,0,0.02663916,0.14217226207256317,0.8514851331710815,0.5194194316864014
YNL202W,YBR103W,0,0.02641591,0.14214876294136047,0.8514851331710815,0.5195195078849792
YDR479C,YMR169C,0,0.02621707,0.14212526381015778,0.8514851331710815,0.5196196436882019
YBL074C,YDR444W,0,0.026207019,0.14210177958011627,0.8514851331710815,0.5197197198867798
YDL136W,YFR003C,0,0.025701474,0.14207831025123596,0.8514851331710815,0.5198197960853577
YDR479C,YML051W,0,0.025119063,0.14205484092235565,0.8514851331710815,0.5199199318885803
YAL021C,YAL025C,0,0.025093686,0.14203137159347534,0.8514851331710815,0.5200200080871582
YNL308C,YLR297W,0,0.024801683,0.14200793206691742,0.8514851331710815,0.5201201438903809
YER164W,YAR031W,0,0.024628054,0.1419844776391983,0.8514851331710815,0.5202202200889587
YEL047C,YPL047W,0,0.024603765,0.14196103811264038,0.8514851331710815,0.5203202962875366
YGL039W,YBL084C,0,0.024493407,0.14193761348724365,0.8514851331710815,0.5204204320907593
YHR176W,YKL148C,0,0.024250116,0.14191418886184692,0.8514851331710815,0.5205205082893372
YDR540C,YNL224C,0,0.023886863,0.1418907791376114,0.8514851331710815,0.5206206440925598
YKL163W,YMR008C,0,0.023884844,0.14186736941337585,0.8514851331710815,0.5207207202911377
YLR126C,YPR058W,0,0.02387553,0.1418439745903015,0.8514851331710815,0.5208207964897156
YBL057C,YLR188W,0,0.023773383,0.14182057976722717,0.8514851331710815,0.5209209322929382
YGL253W,YNL093W,0,0.02337714,0.14179719984531403,0.8514851331710815,0.5210210084915161
YER069W,YNL177C,0,0.02333283,0.14177381992340088,0.8514851331710815,0.5211211442947388
YDL110C,YGR172C,0,0.022945393,0.14175045490264893,0.8514851331710815,0.5212212204933167
YNL271C,YAR050W,0,0.022856753,0.14172708988189697,0.8514851331710815,0.5213212966918945
YER078C,YKL124W,0,0.022848975,0.1417037397623062,0.8514851331710815,0.5214214324951172
YDL122W,YMR194W,0,0.022836503,0.14168038964271545,0.8514851331710815,0.5215215086936951
YGR157W,YMR197C,0,0.022797298,0.1416570544242859,0.8514851331710815,0.5216216444969177
YER018C,YPL172C,0,0.022471827,0.14163373410701752,0.8514851331710815,0.5217217206954956
YIL126W,YDR465C,0,0.022457685,0.14161041378974915,0.8514851331710815,0.5218217968940735
YBR237W,YPR082C,1,0.022441637,0.1417517215013504,0.8524752259254456,0.5218217968940735
YER099C,YMR079W,0,0.02202202,0.14172840118408203,0.8524752259254456,0.5219219326972961
YAL005C,YMR150C,0,0.021834653,0.14170506596565247,0.8524752259254456,0.522022008895874
YKL140W,YGL035C,0,0.021672752,0.1416817456483841,0.8524752259254456,0.5221221446990967
YIL041W,YOR153W,0,0.021015175,0.14165844023227692,0.8524752259254456,0.5222222208976746
YAR010C,YDR043C,0,0.021003973,0.14163513481616974,0.8524752259254456,0.5223222970962524
YPL048W,YCR048W,0,0.02045001,0.14161184430122375,0.8524752259254456,0.5224224328994751
YCR028C,YOR083W,0,0.020324018,0.14158855378627777,0.8524752259254456,0.522522509098053
YPL183W-A,YHR008C,0,0.020006921,0.14156527817249298,0.8524752259254456,0.5226226449012756
YKL092C,YBR050C,0,0.019964304,0.1415420025587082,0.8524752259254456,0.5227227210998535
YPR029C,YOR008C,0,0.019802574,0.1415187418460846,0.8524752259254456,0.5228227972984314
YAL032C,YLR323C,1,0.01958106,0.14165982604026794,0.8534653186798096,0.5228227972984314
YCL019W,YOR389W,0,0.019512292,0.14163653552532196,0.8534653186798096,0.522922933101654
YER035W,YGR105W,0,0.019269343,0.14161327481269836,0.8534653186798096,0.5230230093002319
YLR449W,YBR214W,0,0.019209873,0.14159001410007477,0.8534653186798096,0.5231231451034546
YAR050W,YGR145W,0,0.01907057,0.14156675338745117,0.8534653186798096,0.5232232213020325
YDR463W,YBR152W,1,0.018975046,0.14170771837234497,0.8544554710388184,0.5232232213020325
YGL030W,YGL174W,1,0.018653195,0.141848623752594,0.8554455637931824,0.5232232213020325
YBR274W,YJR028W,0,0.018494677,0.1418253481388092,0.8554455637931824,0.5233232975006104
YPL094C,YPL269W,0,0.018158939,0.14180207252502441,0.8554455637931824,0.523423433303833
YML040W,YNL323W,0,0.018009525,0.14177879691123962,0.8554455637931824,0.5235235095024109
YBR229C,YLL010C,0,0.017751705,0.14175553619861603,0.8554455637931824,0.5236236453056335
YCL040W,YLR321C,0,0.01773883,0.14173229038715363,0.8554455637931824,0.5237237215042114
YBR298C,YGL173C,0,0.017491471,0.14170904457569122,0.8554455637931824,0.5238237977027893
YOR373W,YMR112C,0,0.017456863,0.14168579876422882,0.8554455637931824,0.523923933506012
YOR243C,YLR307W,0,0.017348867,0.1416625678539276,0.8554455637931824,0.5240240097045898
YLL062C,YMR216C,0,0.017210644,0.1416393369436264,0.8554455637931824,0.5241241455078125
YAR031W,YFR003C,0,0.017167922,0.14161613583564758,0.8554455637931824,0.5242242217063904
YER141W,YPL202C,0,0.017122459,0.14159291982650757,0.8554455637931824,0.5243242979049683
YMR049C,YJR017C,0,0.016999539,0.14156971871852875,0.8554455637931824,0.5244244337081909
YDL216C,YMR136W,0,0.016855594,0.14154653251171112,0.8554455637931824,0.5245245099067688
YIL041W,YIL129C,0,0.016560804,0.1415233463048935,0.8554455637931824,0.5246246457099915
YOR044W,YPL098C,0,0.015943844,0.14150016009807587,0.8554455637931824,0.5247247219085693
YDL179W,YIL139C,0,0.015795525,0.14147698879241943,0.8554455637931824,0.5248247981071472
YMR179W,YBR186W,0,0.015766058,0.1414538323879242,0.8554455637931824,0.5249249339103699
YFR018C,YPR152C,0,0.01575416,0.14143067598342896,0.8554455637931824,0.5250250101089478
YGL183C,YML124C,0,0.01571406,0.1414075344800949,0.8554455637931824,0.5251251459121704
YBR012W-B,YPL255W,0,0.01554409,0.14138439297676086,0.8554455637931824,0.5252252221107483
YHR026W,YBR004C,0,0.015011396,0.14136125147342682,0.8554455637931824,0.5253252983093262
YML115C,YLR153C,0,0.0148683,0.14133812487125397,0.8554455637931824,0.5254254341125488
YNL135C,YMR154C,0,0.014828928,0.1413150131702423,0.8554455637931824,0.5255255103111267
YML087C,YAL008W,0,0.01471607,0.14129190146923065,0.8554455637931824,0.5256256461143494
YKR024C,YFL066C,0,0.014446389,0.1412688046693802,0.8554455637931824,0.5257257223129272
YOL088C,YOR054C,0,0.01423898,0.14124570786952972,0.8554455637931824,0.5258257985115051
YGR172C,YFL041W,0,0.013988387,0.14122262597084045,0.8554455637931824,0.5259259343147278
YER027C,YGL174W,0,0.013961982,0.14119954407215118,0.8554455637931824,0.5260260105133057
YDL204W,YOR168W,0,0.013477217,0.1411764770746231,0.8554455637931824,0.5261261463165283
YBR244W,YDR174W,0,0.013279401,0.14115341007709503,0.8554455637931824,0.5262262225151062
YOL111C,YHR119W,0,0.013070714,0.14113034307956696,0.8554455637931824,0.5263262987136841
YLR459W,YGL008C,0,0.012806129,0.14110730588436127,0.8554455637931824,0.5264264345169067
YCR020W-B,YNL292W,0,0.01235396,0.14108425378799438,0.8554455637931824,0.5265265107154846
YAL001C,YLR201C,0,0.012091283,0.1410612314939499,0.8554455637931824,0.5266266465187073
YNR074C,YHL036W,0,0.011059638,0.1410381942987442,0.8554455637931824,0.5267267227172852
YOL111C,YER173W,0,0.010446291,0.1410151720046997,0.8554455637931824,0.526826798915863
YMR269W,YDR099W,0,0.010314416,0.1409921646118164,0.8554455637931824,0.5269269347190857
YPL242C,YHR004C,0,0.009802397,0.1409691572189331,0.8554455637931824,0.5270270109176636
YNR018W,YEL059C-A,0,0.009729635,0.140946164727211,0.8554455637931824,0.5271271467208862
YMR273C,YDR210W,0,0.009713348,0.1409231722354889,0.8554455637931824,0.5272272229194641
YML034W,YDL058W,0,0.009643372,0.14090019464492798,0.8554455637931824,0.527327299118042
YLR369W,YPL270W,0,0.00956684,0.14087721705436707,0.8554455637931824,0.5274274349212646
YGR028W,YOR095C,0,0.009505119,0.14085425436496735,0.8554455637931824,0.5275275111198425
YHR098C,YNL010W,0,0.008719441,0.14083129167556763,0.8554455637931824,0.5276276469230652
YKL020C,YNL336W,0,0.008683693,0.1408083438873291,0.8554455637931824,0.5277277231216431
YNL259C,YER087C-A,0,0.008323502,0.14078539609909058,0.8554455637931824,0.527827799320221
YGR143W,YLR187W,0,0.008281145,0.14076246321201324,0.8554455637931824,0.5279279351234436
YMR086W,YER190W,0,0.007640075,0.1407395303249359,0.8554455637931824,0.5280280113220215
YBR002C,YER174C,0,0.0070270933,0.14071661233901978,0.8554455637931824,0.5281281471252441
YDR358W,YCL034W,0,0.006601643,0.14069369435310364,0.8554455637931824,0.528228223323822
YDL231C,YGR209C,0,0.0061711334,0.1406707912683487,0.8554455637931824,0.5283282995223999
YOR140W,YLR312W-A,0,0.00607286,0.14064788818359375,0.8554455637931824,0.5284284353256226
YJR040W,YGL135W,0,0.005958829,0.140625,0.8554455637931824,0.5285285115242004
YCR083W,YJR094W-A,0,0.005849313,0.14060211181640625,0.8554455637931824,0.5286286473274231
YJL060W,YKL213C,0,0.00562511,0.1405792385339737,0.8554455637931824,0.528728723526001
YLR427W,YKL107W,0,0.005490493,0.14055636525154114,0.8554455637931824,0.5288287997245789
YMR287C,YGR010W,0,0.0049498416,0.14053350687026978,0.8554455637931824,0.5289289355278015
YDL079C,YBL011W,0,0.0048829876,0.1405106484889984,0.8554455637931824,0.5290290117263794
YCL036W,YHR104W,0,0.0047630034,0.14048780500888824,0.8554455637931824,0.529129147529602
YNR001C,YMR208W,0,0.004572969,0.14046496152877808,0.8554455637931824,0.5292292237281799
YNR004W,YHR076W,0,0.0045179054,0.1404421329498291,0.8554455637931824,0.5293292999267578
YGR148C,YIL023C,0,0.0045043044,0.14041930437088013,0.8554455637931824,0.5294294357299805
YDR202C,YBR260C,0,0.0044528954,0.14039649069309235,0.8554455637931824,0.5295295119285583
YER166W,YML118W,0,0.0044358484,0.14037367701530457,0.8554455637931824,0.529629647731781
YPR138C,YDR253C,0,0.004214775,0.14035087823867798,0.8554455637931824,0.5297297239303589
YCL019W,YDL055C,0,0.0039469562,0.1403280794620514,0.8554455637931824,0.5298298001289368
YMR119W,YHR102W,0,0.0039286576,0.140305295586586,0.8554455637931824,0.5299299359321594
YCR033W,YPL087W,0,0.0034054182,0.1402825117111206,0.8554455637931824,0.5300300121307373
YDR476C,YPR112C,0,0.0034025796,0.1402597427368164,0.8554455637931824,0.53013014793396
YML048W,YOL092W,0,0.0032290332,0.1402369737625122,0.8554455637931824,0.5302302241325378
YIL031W,YCL069W,0,0.0030358993,0.1402142196893692,0.8554455637931824,0.5303303599357605
YBL017C,YHR025W,0,0.0026635192,0.1401914656162262,0.8554455637931824,0.5304304361343384
YPR163C,YNL257C,0,0.002647616,0.14016872644424438,0.8554455637931824,0.5305305123329163
YMR058W,YPL111W,0,0.0023566,0.14014598727226257,0.8554455637931824,0.5306306481361389
YBL112C,YAR010C,0,0.002218943,0.14012326300144196,0.8554455637931824,0.5307307243347168
YLL052C,YBR236C,0,0.0019909702,0.14010053873062134,0.8554455637931824,0.5308308601379395
YBR024W,YCR092C,0,0.0016164891,0.14007781445980072,0.8554455637931824,0.5309309363365173
YER170W,YOR261C,0,0.001391571,0.1400551199913025,0.8554455637931824,0.5310310125350952
YGL130W,YDR107C,0,0.0013507418,0.14003241062164307,0.8554455637931824,0.5311311483383179
YAL029C,YBR222C,0,0.0013334863,0.14000971615314484,0.8554455637931824,0.5312312245368958
YDR081C,YOR381W,0,0.0013026707,0.1399870365858078,0.8554455637931824,0.5313313603401184
YEL036C,YKL018W,0,0.0012517534,0.13996435701847076,0.8554455637931824,0.5314314365386963
YDL232W,YJL171C,0,0.0011808984,0.13994169235229492,0.8554455637931824,0.5315315127372742
YLL038C,YML026C,0,0.0011551492,0.13991902768611908,0.8554455637931824,0.5316316485404968
YGL100W,YNL119W,0,0.0009730682,0.13989637792110443,0.8554455637931824,0.5317317247390747
YMR218C,YOR153W,0,0.00088131055,0.13987372815608978,0.8554455637931824,0.5318318605422974
YLR327C,YOL093W,0,0.00073109195,0.13985107839107513,0.8554455637931824,0.5319319367408752
YJL210W,YPR204W,0,0.0006058775,0.13982845842838287,0.8554455637931824,0.5320320129394531
YIL090W,YOL002C,0,0.0005961023,0.13980582356452942,0.8554455637931824,0.5321321487426758
YPL134C,YLR010C,0,0.00028860196,0.13978320360183716,0.8554455637931824,0.5322322249412537
YML064C,YOR098C,0,0.00019424036,0.1397605985403061,0.8554455637931824,0.5323323607444763
YDL005C,YKL163W,0,7.85999e-05,0.13973799347877502,0.8554455637931824,0.5324324369430542
YGR108W,YOR295W,0,4.5184046e-05,0.13971538841724396,0.8554455637931824,0.5325325131416321
YGR084C,YBR150C,0,1.2777746e-06,0.13969279825687408,0.8554455637931824,0.5326326489448547
YOL141W,YNL224C,0,-6.977096e-05,0.1396702229976654,0.8554455637931824,0.5327327251434326
YER042W,YEL004W,0,-0.0006525703,0.13964764773845673,0.8554455637931824,0.5328328609466553
YPR133W-A,YML071C,0,-0.0007815063,0.13962508738040924,0.8554455637931824,0.5329329371452332
YBR187W,YOL062C,0,-0.0008619167,0.13960252702236176,0.8554455637931824,0.533033013343811
YMR301C,YPL026C,0,-0.00091758743,0.13957996666431427,0.8554455637931824,0.5331331491470337
YMR117C,YMR214W,0,-0.0011441,0.13955742120742798,0.8554455637931824,0.5332332253456116
YNR018W,YKR046C,0,-0.0015921332,0.13953489065170288,0.8554455637931824,0.5333333611488342
YDR020C,YML019W,0,-0.0018719025,0.13951236009597778,0.8554455637931824,0.5334334373474121
YER018C,YDL174C,0,-0.0018802546,0.13948982954025269,0.8554455637931824,0.53353351354599
YMR241W,YLR320W,0,-0.0020818524,0.13946731388568878,0.8554455637931824,0.5336336493492126
YJR158W,YPR137W,0,-0.0021247454,0.13944479823112488,0.8554455637931824,0.5337337255477905
YJR036C,YOL067C,0,-0.0022654124,0.13942229747772217,0.8554455637931824,0.5338338613510132
YBR159W,YDL147W,0,-0.0029248185,0.13939981162548065,0.8554455637931824,0.5339339375495911
YJR022W,YKR014C,0,-0.0029701628,0.13937732577323914,0.8554455637931824,0.534034013748169
YIL083C,YER174C,0,-0.0034259,0.13935483992099762,0.8554455637931824,0.5341341495513916
YFL048C,YLR106C,0,-0.0036029145,0.1393323689699173,0.8554455637931824,0.5342342257499695
YDR255C,YOL058W,0,-0.003610339,0.13930989801883698,0.8554455637931824,0.5343343615531921
YDL080C,YGR132C,0,-0.003943134,0.13928744196891785,0.8554455637931824,0.53443443775177
YGR171C,YOL001W,0,-0.004151333,0.13926498591899872,0.8554455637931824,0.5345345139503479
YPR060C,YBL079W,0,-0.0043439306,0.13924254477024078,0.8554455637931824,0.5346346497535706
YNL192W,YDR538W,0,-0.004409462,0.13922010362148285,0.8554455637931824,0.5347347259521484
YOR038C,YJR094W-A,0,-0.0047052093,0.1391976773738861,0.8554455637931824,0.5348348617553711
YIL108W,YOR367W,0,-0.004740741,0.13917525112628937,0.8554455637931824,0.534934937953949
YBL040C,YDL121C,0,-0.004903678,0.13915283977985382,0.8554455637931824,0.5350350141525269
YGL170C,YIL097W,0,-0.005014021,0.13913042843341827,0.8554455637931824,0.5351351499557495
YPL211W,YIL099W,0,-0.005367372,0.13910803198814392,0.8554455637931824,0.5352352261543274
YPL152W,YFL021W,0,-0.0054717846,0.13908563554286957,0.8554455637931824,0.53533536195755
YOL016C,YDR208W,0,-0.005570654,0.1390632539987564,0.8554455637931824,0.5354354381561279
YMR093W,YKL071W,0,-0.0057129823,0.13904087245464325,0.8554455637931824,0.5355355143547058
YPL022W,YEL070W,0,-0.0057191662,0.13901850581169128,0.8554455637931824,0.5356356501579285
YHR019C,YKR044W,0,-0.006181825,0.13899613916873932,0.8554455637931824,0.5357357263565063
YDR247W,YCL057C-A,0,-0.0062969066,0.13897378742694855,0.8554455637931824,0.535835862159729
YGL121C,YOR141C,0,-0.0067844726,0.13895143568515778,0.8554455637931824,0.5359359383583069
YOR362C,YHR143W-A,0,-0.006933529,0.138929083943367,0.8554455637931824,0.5360360145568848
YJL194W,YPR031W,0,-0.00705944,0.13890674710273743,0.8554455637931824,0.5361361503601074
YPR133W-A,YKL053C-A,0,-0.0073967613,0.13888442516326904,0.8554455637931824,0.5362362265586853
YGL038C,YFR044C,0,-0.007448692,0.13886210322380066,0.8554455637931824,0.536336362361908
YDL217C,YER133W,0,-0.0075667687,0.13883978128433228,0.8554455637931824,0.5364364385604858
YOL128C,YNL213C,0,-0.007813472,0.13881747424602509,0.8554455637931824,0.5365365147590637
YFL017W-A,YPR063C,0,-0.008100223,0.1387951821088791,0.8554455637931824,0.5366366505622864
YBL060W,YKL065C,0,-0.008477692,0.1387728899717331,0.8554455637931824,0.5367367267608643
YER183C,YFR037C,0,-0.008524913,0.1387505978345871,0.8554455637931824,0.5368368625640869
YBL074C,YDL030W,1,-0.009135131,0.1388888955116272,0.8564356565475464,0.5368368625640869
YKR098C,YDR146C,0,-0.009594057,0.13886658847332,0.8564356565475464,0.5369369387626648
YOL070C,YBL066C,0,-0.009805519,0.138844296336174,0.8564356565475464,0.5370370149612427
YHR129C,YDR297W,0,-0.009884018,0.1388220191001892,0.8564356565475464,0.5371371507644653
YGR029W,YDR508C,0,-0.009886254,0.1387997418642044,0.8564356565475464,0.5372372269630432
YBL036C,YNL139C,0,-0.01051214,0.1387774795293808,0.8564356565475464,0.5373373627662659
YDR233C,YHR167W,0,-0.010690253,0.1387552171945572,0.8564356565475464,0.5374374389648438
YER184C,YNR008W,0,-0.010884989,0.13873295485973358,0.8564356565475464,0.5375375151634216
YBL041W,YNL037C,0,-0.0111706145,0.13871070742607117,0.8564356565475464,0.5376376509666443
YNL070W,YDL004W,0,-0.011174787,0.13868847489356995,0.8564356565475464,0.5377377271652222
YCR068W,YKL042W,0,-0.011292614,0.13866624236106873,0.8564356565475464,0.5378378629684448
YPL228W,YGR026W,0,-0.011298988,0.1386440098285675,0.8564356565475464,0.5379379391670227
YDR119W,YBR207W,0,-0.011498202,0.13862179219722748,0.8564356565475464,0.5380380153656006
YDL120W,YKL140W,0,-0.011526514,0.13859958946704865,0.8564356565475464,0.5381381511688232
YJR063W,YNR072W,0,-0.012208473,0.13857737183570862,0.8564356565475464,0.5382382273674011
YMR273C,YGR086C,0,-0.012592729,0.13855518400669098,0.8564356565475464,0.5383383631706238
YFL016C,YLR170C,0,-0.012664903,0.13853299617767334,0.8564356565475464,0.5384384393692017
YGR033C,YKL184W,0,-0.012963716,0.1385108083486557,0.8564356565475464,0.5385385155677795
YDR060W,YCR073C,0,-0.013485242,0.13848863542079926,0.8564356565475464,0.5386386513710022
YKL217W,YMR019W,0,-0.013564635,0.1384664624929428,0.8564356565475464,0.5387387275695801
YJL194W,YCR092C,0,-0.013593715,0.13844430446624756,0.8564356565475464,0.5388388633728027
YIL110W,YJL125C,0,-0.013616044,0.1384221464395523,0.8564356565475464,0.5389389395713806
YNL037C,YDR231C,0,-0.0136378,0.13840000331401825,0.8564356565475464,0.5390390157699585
YLR109W,YKL211C,0,-0.014121417,0.1383778601884842,0.8564356565475464,0.5391391515731812
YJL194W,YDR306C,0,-0.014379073,0.13835573196411133,0.8564356565475464,0.539239227771759
YPL223C,YPL249C,0,-0.014379967,0.13833360373973846,0.8564356565475464,0.5393393635749817
YDR059C,YER017C,0,-0.014383834,0.1383114755153656,0.8564356565475464,0.5394394397735596
YJR058C,YGR192C,0,-0.0144567005,0.13828936219215393,0.8564356565475464,0.5395395159721375
YLR008C,YOR229W,0,-0.014623735,0.13826726377010345,0.8564356565475464,0.5396396517753601
YDR390C,YOR099W,0,-0.0148835145,0.13824516534805298,0.8564356565475464,0.539739727973938
YNR060W,YJL165C,0,-0.014931969,0.1382230818271637,0.8564356565475464,0.5398398637771606
YLR359W,YDR164C,0,-0.015075665,0.13820098340511322,0.8564356565475464,0.5399399399757385
YGR234W,YDR255C,0,-0.01511078,0.13817891478538513,0.8564356565475464,0.5400400161743164
YNL202W,YOR180C,0,-0.015208606,0.13815684616565704,0.8564356565475464,0.5401401519775391
YDR492W,YDL246C,0,-0.015384961,0.13813477754592896,0.8564356565475464,0.5402402281761169
YHR004C,YKR104W,0,-0.015809197,0.13811272382736206,0.8564356565475464,0.5403403639793396
YKL209C,YIL157C,0,-0.016035903,0.13809067010879517,0.8564356565475464,0.5404404401779175
YMR221C,YBR216C,0,-0.016196866,0.13806863129138947,0.8564356565475464,0.5405405163764954
YPR159W,YPL074W,0,-0.016291726,0.13804660737514496,0.8564356565475464,0.540640652179718
YGL030W,YMR213W,1,-0.016433436,0.13818414509296417,0.8574257493019104,0.540640652179718
YFR036W,YKL164C,0,-0.016784858,0.13816209137439728,0.8574257493019104,0.5407407283782959
YMR075W,YIL171W,0,-0.016949397,0.13814005255699158,0.8574257493019104,0.5408408641815186
YDL201W,YMR127C,0,-0.016958345,0.13811802864074707,0.8574257493019104,0.5409409403800964
YFL014W,YDR117C,0,-0.017261881,0.13809600472450256,0.8574257493019104,0.5410410165786743
YMR071C,YJR058C,0,-0.017282624,0.13807398080825806,0.8574257493019104,0.541141152381897
YCL031C,YBR035C,0,-0.018103402,0.13805197179317474,0.8574257493019104,0.5412412285804749
YKL140W,YLR300W,0,-0.018194694,0.13802996277809143,0.8574257493019104,0.5413413643836975
YLR095C,YGR121C,0,-0.018238086,0.1380079686641693,0.8574257493019104,0.5414414405822754
YLR069C,YML074C,0,-0.01842362,0.1379859745502472,0.8574257493019104,0.5415415167808533
YLL005C,YJL024C,0,-0.018435601,0.13796399533748627,0.8574257493019104,0.5416416525840759
YPL095C,YHR016C,0,-0.018555466,0.13794201612472534,0.8574257493019104,0.5417417287826538
YER008C,YBR010W,0,-0.018706251,0.1379200518131256,0.8574257493019104,0.5418418645858765
YML001W,YDR210W,0,-0.01884463,0.13789808750152588,0.8574257493019104,0.5419419407844543
YJL111W,YPR190C,0,-0.018854681,0.13787613809108734,0.8574257493019104,0.5420420169830322
YNL270C,YKR092C,0,-0.018869419,0.1378541886806488,0.8574257493019104,0.5421421527862549
YJL164C,YDR107C,0,-0.018900674,0.13783223927021027,0.8574257493019104,0.5422422289848328
YPR036W,YJL137C,0,-0.018946059,0.13781030476093292,0.8574257493019104,0.5423423647880554
YGL163C,YMR166C,0,-0.018981766,0.13778838515281677,0.8574257493019104,0.5424424409866333
YGL137W,YEL012W,0,-0.019188013,0.13776646554470062,0.8574257493019104,0.5425425171852112
YAL044C,YNL163C,0,-0.019421179,0.13774454593658447,0.8574257493019104,0.5426426529884338
YLR378C,YGL119W,0,-0.019593757,0.13772264122962952,0.8574257493019104,0.5427427291870117
YEL016C,YFL016C,0,-0.019696888,0.13770075142383575,0.8574257493019104,0.5428428649902344
YER133W,YLR024C,0,-0.019965533,0.137678861618042,0.8574257493019104,0.5429429411888123
YNL128W,YDL246C,0,-0.020013992,0.13765697181224823,0.8574257493019104,0.5430430173873901
YNL302C,YER096W,0,-0.020098109,0.13763509690761566,0.8574257493019104,0.5431431531906128
YNR067C,YDR113C,0,-0.020208616,0.1376132220029831,0.8574257493019104,0.5432432293891907
YHR041C,YJR051W,0,-0.020245146,0.13759136199951172,0.8574257493019104,0.5433433651924133
YDL103C,YNL032W,0,-0.020278726,0.13756950199604034,0.8574257493019104,0.5434434413909912
YIL172C,YCL055W,0,-0.020370174,0.13754764199256897,0.8574257493019104,0.5435435175895691
YDL159W,YLL039C,0,-0.020398874,0.13752581179141998,0.8574257493019104,0.5436436533927917
YJL063C,YBR173C,0,-0.02048703,0.1375039666891098,0.8574257493019104,0.5437437295913696
YDL006W,YNR032C-A,1,-0.020599607,0.13764089345932007,0.8584158420562744,0.5437437295913696
YLR308W,YLR320W,0,-0.020923581,0.1376190483570099,0.8584158420562744,0.5438438653945923
YKL038W,YOR037W,0,-0.021333057,0.1375972032546997,0.8584158420562744,0.5439439415931702
YML014W,YOR317W,0,-0.021445755,0.13757537305355072,0.8584158420562744,0.544044017791748
YJR045C,YHR012W,0,-0.021789316,0.13755354285240173,0.8584158420562744,0.5441441535949707
YNL261W,YDR031W,0,-0.022213977,0.13753172755241394,0.8584158420562744,0.5442442297935486
YMR303C,YLR389C,0,-0.02245896,0.13750991225242615,0.8584158420562744,0.5443443655967712
YER114C,YKL059C,0,-0.022501934,0.13748811185359955,0.8584158420562744,0.5444444417953491
YPL090C,YNL274C,0,-0.022938509,0.13746631145477295,0.8584158420562744,0.544544517993927
YPL023C,YDR012W,0,-0.022995207,0.13744451105594635,0.8584158420562744,0.5446446537971497
YCR009C,YFL033C,0,-0.023087677,0.13742272555828094,0.8584158420562744,0.5447447299957275
YDL174C,YHR001W,0,-0.02331232,0.13740095496177673,0.8584158420562744,0.5448448657989502
YCR047C,YMR170C,0,-0.02338465,0.13737918436527252,0.8584158420562744,0.5449449419975281
YBR273C,YGR020C,0,-0.023607302,0.1373574137687683,0.8584158420562744,0.545045018196106
YNL117W,YMR037C,0,-0.023619007,0.1373356580734253,0.8584158420562744,0.5451451539993286
YDR538W,YMR006C,0,-0.02371921,0.13731390237808228,0.8584158420562744,0.5452452301979065
YBL039C,YBR253W,0,-0.02412099,0.13729216158390045,0.8584158420562744,0.5453453660011292
YNR070W,YNL080C,0,-0.024252597,0.13727042078971863,0.8584158420562744,0.545445442199707
YBR002C,YGR121C,0,-0.024390336,0.137248694896698,0.8584158420562744,0.5455455183982849
YEL020C,YJR107W,0,-0.024435107,0.13722696900367737,0.8584158420562744,0.5456456542015076
YPL143W,YML112W,0,-0.024539318,0.13720525801181793,0.8584158420562744,0.5457457304000854
YLR133W,YGL135W,0,-0.02463289,0.1371835470199585,0.8584158420562744,0.5458458662033081
YGR238C,YLR120C,0,-0.02477752,0.13716183602809906,0.8584158420562744,0.545945942401886
YPL031C,YMR115W,0,-0.024818037,0.13714013993740082,0.8584158420562744,0.5460460186004639
YDR044W,YFR036W,0,-0.024922002,0.13711845874786377,0.8584158420562744,0.5461461544036865
YDR353W,YPR162C,0,-0.025209296,0.13709677755832672,0.8584158420562744,0.5462462306022644
YDL084W,YMR216C,1,-0.025227267,0.1372331976890564,0.8594059348106384,0.5462462306022644
YHL020C,YMR011W,0,-0.025278915,0.13721150159835815,0.8594059348106384,0.5463463664054871
YCR030C,YER018C,0,-0.025379855,0.1371898204088211,0.8594059348106384,0.5464464426040649
YKR008W,YGL055W,0,-0.025542278,0.13716813921928406,0.8594059348106384,0.5465465188026428
YER075C,YOR310C,0,-0.025549177,0.1371464729309082,0.8594059348106384,0.5466466546058655
YNL271C,YCR008W,0,-0.025957424,0.13712480664253235,0.8594059348106384,0.5467467308044434
YDL245C,YLR314C,0,-0.02625971,0.1371031403541565,0.8594059348106384,0.546846866607666
YNL178W,YLR086W,0,-0.026681293,0.13708148896694183,0.8594059348106384,0.5469469428062439
YDR322C-A,YOR075W,0,-0.026982848,0.13705985248088837,0.8594059348106384,0.5470470190048218
YNL273W,YNL010W,0,-0.027156208,0.1370382010936737,0.8594059348106384,0.5471471548080444
YDR489W,YDR263C,0,-0.027589533,0.13701657950878143,0.8594059348106384,0.5472472310066223
YBR132C,YLL008W,0,-0.027671594,0.13699494302272797,0.8594059348106384,0.547347366809845
YIR007W,YJR127C,0,-0.02791648,0.1369733363389969,0.8594059348106384,0.5474474430084229
YKL201C,YGL168W,0,-0.028045122,0.13695171475410461,0.8594059348106384,0.5475475192070007
YDR119W,YNL336W,0,-0.028659511,0.13693010807037354,0.8594059348106384,0.5476476550102234
YPL123C,YLR024C,0,-0.028778162,0.13690851628780365,0.8594059348106384,0.5477477312088013
YDL150W,YGR109C,0,-0.028932977,0.13688692450523376,0.8594059348106384,0.5478478670120239
YGR121C,YOR323C,0,-0.029001165,0.13686534762382507,0.8594059348106384,0.5479479432106018
YNL223W,YGR282C,0,-0.02921981,0.13684377074241638,0.8594059348106384,0.5480480194091797
YLR318W,YIL140W,0,-0.029293735,0.1368221938610077,0.8594059348106384,0.5481481552124023
YLR026C,YNR001C,0,-0.029361624,0.1368006318807602,0.8594059348106384,0.5482482314109802
YHR061C,YNL037C,0,-0.02959678,0.1367790699005127,0.8594059348106384,0.5483483672142029
YHL027W,YMR150C,0,-0.029786598,0.1367575228214264,0.8594059348106384,0.5484484434127808
YPL255W,YIR018W,0,-0.030048806,0.1367359757423401,0.8594059348106384,0.5485485196113586
YBR244W,YLR210W,0,-0.030118782,0.13671444356441498,0.8594059348106384,0.5486486554145813
YNL272C,YLR364W,0,-0.030132074,0.13669291138648987,0.8594059348106384,0.5487487316131592
YGR214W,YJR082C,0,-0.030298341,0.13667139410972595,0.8594059348106384,0.5488488674163818
YPL015C,YIL094C,0,-0.030473623,0.13664987683296204,0.8594059348106384,0.5489489436149597
YIL162W,YPL273W,0,-0.030518178,0.13662835955619812,0.8594059348106384,0.5490490198135376
YNL223W,YPL152W,0,-0.030571807,0.1366068571805954,0.8594059348106384,0.5491491556167603
YLR090W,YGL166W,0,-0.030872177,0.13658536970615387,0.8594059348106384,0.5492492318153381
YDR532C,YGR292W,0,-0.031479124,0.13656388223171234,0.8594059348106384,0.5493493676185608
YMR278W,YBR264C,0,-0.031713534,0.1365423947572708,0.8594059348106384,0.5494494438171387
YBR105C,YML114C,0,-0.031761695,0.13652092218399048,0.8594059348106384,0.5495495200157166
YIL023C,YPR025C,0,-0.03191193,0.13649944961071014,0.8594059348106384,0.5496496558189392
YDR194C,YKL170W,0,-0.032539684,0.136477991938591,0.8594059348106384,0.5497497320175171
YOR133W,YDR052C,0,-0.03254055,0.13645653426647186,0.8594059348106384,0.5498498678207397
YDR072C,YDR314C,0,-0.032564525,0.13643507659435272,0.8594059348106384,0.5499499440193176
YLR364W,YOR214C,0,-0.032747258,0.13641364872455597,0.8594059348106384,0.5500500798225403
YAR015W,YDL045W-A,0,-0.032905985,0.13639220595359802,0.8594059348106384,0.5501501560211182
YML109W,YDL195W,0,-0.033386383,0.13637077808380127,0.8594059348106384,0.550250232219696
YOR178C,YMR213W,0,-0.033550363,0.13634935021400452,0.8594059348106384,0.5503503680229187
YGR289C,YLR209C,0,-0.033824045,0.13632793724536896,0.8594059348106384,0.5504504442214966
YBR132C,YPL118W,0,-0.033865962,0.1363065391778946,0.8594059348106384,0.5505505800247192
YOR099W,YGR109C,0,-0.033952046,0.13628512620925903,0.8594059348106384,0.5506506562232971
YOL140W,YDR304C,0,-0.034244407,0.13626374304294586,0.8594059348106384,0.550750732421875
YBR084C-A,YKL096W,0,-0.034366805,0.1362423449754715,0.8594059348106384,0.5508508682250977
YLR275W,YBL017C,0,-0.034857962,0.13622096180915833,0.8594059348106384,0.5509509444236755
YGL033W,YMR087W,0,-0.03488234,0.13619959354400635,0.8594059348106384,0.5510510802268982
YML026C,YBL084C,0,-0.034980845,0.13617822527885437,0.8594059348106384,0.5511511564254761
YKR026C,YPL030W,0,-0.035242427,0.1361568570137024,0.8594059348106384,0.551251232624054
YDR448W,YJR076C,0,-0.035282586,0.1361355036497116,0.8594059348106384,0.5513513684272766
YBR227C,YPR164W,0,-0.035330225,0.13611416518688202,0.8594059348106384,0.5514514446258545
YLL010C,YMR019W,0,-0.035657097,0.13609281182289124,0.8594059348106384,0.5515515804290771
YOR070C,YNR016C,0,-0.03607567,0.13607148826122284,0.8594059348106384,0.551651656627655
YJR053W,YPR098C,0,-0.03615875,0.13605014979839325,0.8594059348106384,0.5517517328262329
YLR275W,YDL084W,1,-0.03617691,0.13618555665016174,0.8603960275650024,0.5517517328262329
YBR166C,YBR183W,0,-0.036281187,0.13616421818733215,0.8603960275650024,0.5518518686294556
YGR112W,YBR081C,0,-0.036528166,0.13614287972450256,0.8603960275650024,0.5519519448280334
YGL039W,YOR046C,0,-0.036631588,0.13612155616283417,0.8603960275650024,0.5520520806312561
YLR327C,YJR060W,0,-0.03665327,0.13610023260116577,0.8603960275650024,0.552152156829834
YMR060C,YJL214W,0,-0.037154946,0.13607892394065857,0.8603960275650024,0.5522522330284119
YBR010W,YGL062W,0,-0.037296545,0.13605761528015137,0.8603960275650024,0.5523523688316345
YIR003W,YIR037W,0,-0.03734539,0.13603632152080536,0.8603960275650024,0.5524524450302124
YDR210W,YNR021W,0,-0.03737991,0.13601502776145935,0.8603960275650024,0.5525525808334351
YLR110C,YLR160C,0,-0.037588436,0.13599373400211334,0.8603960275650024,0.5526526570320129
YOR382W,YAL024C,0,-0.03769623,0.13597245514392853,0.8603960275650024,0.5527527332305908
YLR380W,YPR196W,0,-0.03786521,0.1359511911869049,0.8603960275650024,0.5528528690338135
YBR019C,YOL049W,0,-0.03798574,0.1359299272298813,0.8603960275650024,0.5529529452323914
YDR403W,YBR044C,0,-0.038157944,0.13590866327285767,0.8603960275650024,0.553053081035614
YPR032W,YDR527W,0,-0.038217556,0.13588741421699524,0.8603960275650024,0.5531531572341919
YPL187W,YBR048W,0,-0.038361374,0.1358661651611328,0.8603960275650024,0.5532532334327698
YCR030C,YOR293W,0,-0.03873354,0.13584493100643158,0.8603960275650024,0.5533533692359924
YBR160W,YCR060W,0,-0.038861576,0.13582369685173035,0.8603960275650024,0.5534534454345703
YBR221C,YOL107W,0,-0.038885187,0.1358024626970291,0.8603960275650024,0.553553581237793
YOR308C,YPR152C,1,-0.03904395,0.13593749701976776,0.8613861203193665,0.553553581237793
YMR030W,YOL103W,0,-0.03906024,0.13591626286506653,0.8613861203193665,0.5536536574363708
YIL093C,YDR226W,0,-0.039060805,0.1358950287103653,0.8613861203193665,0.5537537336349487
YML081C-A,YBR095C,0,-0.03907295,0.13587380945682526,0.8613861203193665,0.5538538694381714
YHR116W,YLR070C,0,-0.03919548,0.13585259020328522,0.8613861203193665,0.5539539456367493
YOR337W,YHR081W,0,-0.039246734,0.13583138585090637,0.8613861203193665,0.5540540814399719
YML007W,YOR128C,0,-0.03931461,0.13581018149852753,0.8613861203193665,0.5541541576385498
YNL016W,YJL111W,0,-0.039560337,0.13578897714614868,0.8613861203193665,0.5542542338371277
YDR351W,YGL059W,0,-0.039594967,0.13576778769493103,0.8613861203193665,0.5543543696403503
YML058W,YFR009W,0,-0.04006659,0.13574661314487457,0.8613861203193665,0.5544544458389282
YAL025C,YDR214W,0,-0.040175486,0.13572542369365692,0.8613861203193665,0.5545545816421509
YOL137W,YBL078C,0,-0.040500436,0.13570426404476166,0.8613861203193665,0.5546546578407288
YKL152C,YLL039C,0,-0.040507335,0.1356830894947052,0.8613861203193665,0.5547547340393066
YNL236W,YOR180C,0,-0.04065011,0.13566192984580994,0.8613861203193665,0.5548548698425293
YBR097W,YNR047W,0,-0.040670563,0.13564078509807587,0.8613861203193665,0.5549549460411072
YDL245C,YER183C,0,-0.040848333,0.1356196403503418,0.8613861203193665,0.5550550818443298
YLL062C,YDR047W,0,-0.040909816,0.13559851050376892,0.8613861203193665,0.5551551580429077
YBL026W,YMR216C,1,-0.04095197,0.1357332020998001,0.8623762130737305,0.5551551580429077
YLR237W,YDR529C,0,-0.041470144,0.13571205735206604,0.8623762130737305,0.5552552342414856
YNL339C,YDL148C,0,-0.04169285,0.13569091260433197,0.8623762130737305,0.5553553700447083
YPR041W,YLR107W,0,-0.041828763,0.1356697827577591,0.8623762130737305,0.5554554462432861
YGL156W,YDR026C,0,-0.04186737,0.13564865291118622,0.8623762130737305,0.5555555820465088
YPL015C,YMR292W,0,-0.042245593,0.13562752306461334,0.8623762130737305,0.5556556582450867
YJL141C,YOL067C,0,-0.043062348,0.13560640811920166,0.8623762130737305,0.5557557344436646
YPL047W,YDL239C,0,-0.043063868,0.13558530807495117,0.8623762130737305,0.5558558702468872
YIL162W,YDR285W,0,-0.043328363,0.13556420803070068,0.8623762130737305,0.5559559464454651
YNL236W,YDL079C,0,-0.043397818,0.1355431079864502,0.8623762130737305,0.5560560822486877
YCR097W,YDR267C,0,-0.044171114,0.1355220228433609,0.8623762130737305,0.5561561584472656
YKR098C,YGR282C,0,-0.044474844,0.1355009377002716,0.8623762130737305,0.5562562346458435
YGL236C,YDR281C,0,-0.04493889,0.1354798525571823,0.8623762130737305,0.5563563704490662
YNL210W,YOL102C,1,-0.04499266,0.1356143057346344,0.8633663654327393,0.5563563704490662
YLR035C,YLR286C,0,-0.045096945,0.1355932205915451,0.8633663654327393,0.556456446647644
YBR096W,YIR022W,0,-0.045322705,0.1355721354484558,0.8633663654327393,0.5565565824508667
YBR129C,YDL194W,0,-0.045451004,0.1355510652065277,0.8633663654327393,0.5566566586494446
YGR246C,YDR134C,0,-0.045507867,0.1355299949645996,0.8633663654327393,0.5567567348480225
YNL212W,YBR018C,0,-0.045578506,0.1355089396238327,0.8633663654327393,0.5568568706512451
YLR027C,YDL170W,0,-0.04575031,0.1354878842830658,0.8633663654327393,0.556956946849823
YJR135W-A,YLL015W,0,-0.04596633,0.1354668289422989,0.8633663654327393,0.5570570826530457
YGL065C,YHR008C,0,-0.04602692,0.13544578850269318,0.8633663654327393,0.5571571588516235
YNL186W,YGR189C,0,-0.04649097,0.13542474806308746,0.8633663654327393,0.5572572350502014
YPL051W,YDR456W,0,-0.04675593,0.13540372252464294,0.8633663654327393,0.5573573708534241
YOR181W,YGL128C,0,-0.046902973,0.13538271188735962,0.8633663654327393,0.557457447052002
YNR013C,YMR184W,0,-0.04695945,0.1353616863489151,0.8633663654327393,0.5575575828552246
YOL129W,YAL023C,0,-0.047153253,0.13534067571163177,0.8633663654327393,0.5576576590538025
YDL132W,YGL259W,0,-0.04725032,0.13531967997550964,0.8633663654327393,0.5577577352523804
YOL018C,YML051W,0,-0.047359604,0.1352986842393875,0.8633663654327393,0.557857871055603
YBR024W,YOL130W,0,-0.047457296,0.13527768850326538,0.8633663654327393,0.5579579472541809
YDL193W,YLR155C,0,-0.047911886,0.13525670766830444,0.8633663654327393,0.5580580830574036
YGR215W,YDR081C,0,-0.047934253,0.1352357268333435,0.8633663654327393,0.5581581592559814
YDR027C,YMR199W,0,-0.04806195,0.13521476089954376,0.8633663654327393,0.5582582354545593
YDR254W,YJL066C,0,-0.0485559,0.13519379496574402,0.8633663654327393,0.558358371257782
YLR383W,YDL148C,0,-0.04855958,0.13517284393310547,0.8633663654327393,0.5584584474563599
YDR483W,YGR076C,0,-0.049214367,0.13515189290046692,0.8633663654327393,0.5585585832595825
YIR012W,YHR086W,0,-0.04930908,0.13513094186782837,0.8633663654327393,0.5586586594581604
YCR102C,YPL174C,0,-0.049400304,0.135110005736351,0.8633663654327393,0.5587587356567383
YMR241W,YDL198C,0,-0.04966079,0.13508908450603485,0.8633663654327393,0.5588588714599609
YHR027C,YJR078W,0,-0.04997598,0.1350681483745575,0.8633663654327393,0.5589589476585388
YDR194C,YER112W,1,-0.050021637,0.13520210981369019,0.8643564581871033,0.5589589476585388
YEL026W,YPR178W,1,-0.050052498,0.1353360116481781,0.8653465509414673,0.5589589476585388
YGR086C,YML015C,0,-0.05007158,0.13531506061553955,0.8653465509414673,0.5590590834617615
YGL158W,YLR378C,0,-0.05085251,0.1352941244840622,0.8653465509414673,0.5591591596603394
YKL124W,YCL061C,0,-0.050938804,0.13527317345142365,0.8653465509414673,0.5592592358589172
YPL089C,YPL017C,0,-0.05098148,0.1352522373199463,0.8653465509414673,0.5593593716621399
YOR204W,YPR178W,1,-0.051064614,0.13538604974746704,0.8663366436958313,0.5593593716621399
YFR004W,YGR065C,0,-0.051279116,0.1353650987148285,0.8663366436958313,0.5594594478607178
YOL101C,YHR160C,0,-0.051397104,0.13534416258335114,0.8663366436958313,0.5595595836639404
YNL186W,YER004W,0,-0.05167714,0.13532322645187378,0.8663366436958313,0.5596596598625183
YNL030W,YGR113W,0,-0.05171897,0.13530230522155762,0.8663366436958313,0.5597597360610962
YNL021W,YBL075C,0,-0.051930446,0.13528138399124146,0.8663366436958313,0.5598598718643188
YEL004W,YLR438C-A,0,-0.05213586,0.1352604776620865,0.8663366436958313,0.5599599480628967
YKR037C,YJR026W,0,-0.052216846,0.13523957133293152,0.8663366436958313,0.5600600838661194
YGR220C,YLR020C,0,-0.052353326,0.13521866500377655,0.8663366436958313,0.5601601600646973
YDR027C,YOR180C,0,-0.05236389,0.13519777357578278,0.8663366436958313,0.5602602362632751
YIL136W,YJR056C,0,-0.05238596,0.135176882147789,0.8663366436958313,0.5603603720664978
YNL005C,YDR101C,0,-0.052517105,0.13515600562095642,0.8663366436958313,0.5604604482650757
YGL237C,YBR230C,0,-0.052803103,0.13513512909412384,0.8663366436958313,0.5605605840682983
YLR306W,YJR099W,0,-0.05304675,0.13511426746845245,0.8663366436958313,0.5606606602668762
YPR127W,YDR191W,0,-0.053260658,0.13509340584278107,0.8663366436958313,0.5607607364654541
YGR091W,YNL327W,0,-0.05376341,0.13507255911827087,0.8663366436958313,0.5608608722686768
YLL023C,YMR218C,0,-0.054050718,0.13505171239376068,0.8663366436958313,0.5609609484672546
YBL055C,YNL282W,0,-0.055084456,0.1350308656692505,0.8663366436958313,0.5610610842704773
YNR004W,YGL212W,0,-0.05599189,0.1350100338459015,0.8663366436958313,0.5611611604690552
YPL151C,YDR003W,0,-0.056251843,0.1349892020225525,0.8663366436958313,0.5612612366676331
YDR164C,YFR015C,0,-0.056429822,0.13496838510036469,0.8663366436958313,0.5613613724708557
YER049W,YGR276C,0,-0.057015378,0.13494756817817688,0.8663366436958313,0.5614614486694336
YER161C,YPL268W,0,-0.057267603,0.13492675125598907,0.8663366436958313,0.5615615844726562
YGL225W,YJL076W,0,-0.057461966,0.13490594923496246,0.8663366436958313,0.5616616606712341
YML087C,YDL166C,0,-0.05776586,0.13488516211509705,0.8663366436958313,0.561761736869812
YBR177C,YOL018C,0,-0.057908166,0.13486436009407043,0.8663366436958313,0.5618618726730347
YHR098C,YNL078W,0,-0.058337737,0.1348435878753662,0.8663366436958313,0.5619619488716125
YML132W,YBR098W,0,-0.058379535,0.1348228007555008,0.8663366436958313,0.5620620846748352
YGR012W,YPR043W,0,-0.05839516,0.13480202853679657,0.8663366436958313,0.5621621608734131
YJL172W,YIL050W,0,-0.058559526,0.13478127121925354,0.8663366436958313,0.562262237071991
YDR123C,YOR083W,0,-0.058702726,0.1347605139017105,0.8663366436958313,0.5623623728752136
YDR262W,YCL050C,0,-0.059312988,0.13473975658416748,0.8663366436958313,0.5624624490737915
YLR329W,YAR010C,0,-0.05952329,0.13471901416778564,0.8663366436958313,0.5625625848770142
YMR039C,YJL157C,0,-0.05991194,0.1346982717514038,0.8663366436958313,0.562662661075592
YHR123W,YPL270W,0,-0.059973624,0.13467754423618317,0.8663366436958313,0.5627627372741699
YMR159C,YCR040W,0,-0.06003176,0.13465681672096252,0.8663366436958313,0.5628628730773926
YDR214W,YHR052W,0,-0.060100842,0.13463610410690308,0.8663366436958313,0.5629629492759705
YLR440C,YDL227C,0,-0.06021053,0.13461539149284363,0.8663366436958313,0.5630630850791931
YMR058W,YML071C,0,-0.060469855,0.13459467887878418,0.8663366436958313,0.563163161277771
YJL060W,YHR017W,0,-0.060530562,0.13457398116588593,0.8663366436958313,0.5632632374763489
YML069W,YOR382W,0,-0.06066649,0.13455328345298767,0.8663366436958313,0.5633633732795715
YNL131W,YNL238W,0,-0.060849983,0.1345326006412506,0.8663366436958313,0.5634634494781494
YER026C,YBL066C,0,-0.060983125,0.13451191782951355,0.8663366436958313,0.5635635852813721
YDL006W,YPR134W,1,-0.061203245,0.13464494049549103,0.8673267364501953,0.5635635852813721
YHR051W,YJL097W,0,-0.061310995,0.13462425768375397,0.8673267364501953,0.56366366147995
YFL066C,YKL013C,0,-0.06141256,0.1346035599708557,0.8673267364501953,0.5637637376785278
YFL044C,YDR073W,0,-0.0619915,0.13458289206027985,0.8673267364501953,0.5638638734817505
YPR035W,YOL003C,0,-0.061998297,0.13456220924854279,0.8673267364501953,0.5639639496803284
YEL029C,YIL010W,0,-0.062074933,0.13454154133796692,0.8673267364501953,0.564064085483551
YMR208W,YDL128W,0,-0.062346745,0.13452088832855225,0.8673267364501953,0.5641641616821289
YDR324C,YHR074W,0,-0.062467474,0.13450023531913757,0.8673267364501953,0.5642642378807068
YLR027C,YLR109W,0,-0.06250562,0.1344795823097229,0.8673267364501953,0.5643643736839294
YGR041W,YDR195W,0,-0.06251736,0.13445894420146942,0.8673267364501953,0.5644644498825073
YBR221C,YIL099W,0,-0.06254466,0.13443830609321594,0.8673267364501953,0.56456458568573
YLR359W,YKR104W,0,-0.06275143,0.13441768288612366,0.8673267364501953,0.5646646618843079
YDR237W,YJL214W,0,-0.06277393,0.13439705967903137,0.8673267364501953,0.5647647380828857
YER008C,YLR376C,0,-0.06322168,0.1343764364719391,0.8673267364501953,0.5648648738861084
YNL131W,YJL041W,0,-0.063372076,0.134355828166008,0.8673267364501953,0.5649649500846863
YJR083C,YDL020C,0,-0.0634256,0.1343352198600769,0.8673267364501953,0.5650650858879089
YDR296W,YIL128W,0,-0.06345321,0.134314626455307,0.8673267364501953,0.5651651620864868
YDR489W,YHR104W,0,-0.0636002,0.1342940330505371,0.8673267364501953,0.5652652382850647
YCR009C,YGR034W,0,-0.063773245,0.1342734545469284,0.8673267364501953,0.5653653740882874
YKL085W,YMR164C,0,-0.0638407,0.1342528760433197,0.8673267364501953,0.5654654502868652
YGR287C,YDR103W,0,-0.06403087,0.134232297539711,0.8673267364501953,0.5655655860900879
YDL159W,YDL246C,0,-0.064310595,0.1342117339372635,0.8673267364501953,0.5656656622886658
YKL165C,YPR159W,0,-0.0643412,0.13419117033481598,0.8673267364501953,0.5657657384872437
YIL074C,YPL134C,0,-0.064371005,0.13417062163352966,0.8673267364501953,0.5658658742904663
YLR421C,YPL246C,0,-0.06451841,0.13415007293224335,0.8673267364501953,0.5659659504890442
YFL029C,YOR083W,0,-0.064970225,0.13412953913211823,0.8673267364501953,0.5660660862922668
YJR137C,YOR150W,0,-0.06522015,0.1341090053319931,0.8673267364501953,0.5661661624908447
YLR103C,YNL273W,0,-0.06529935,0.13408847153186798,0.8673267364501953,0.5662662386894226
YCR098C,YPL024W,0,-0.065445095,0.13406795263290405,0.8673267364501953,0.5663663744926453
YMR161W,YMR088C,0,-0.065679386,0.13404743373394012,0.8673267364501953,0.5664664506912231
YEL015W,YGR061C,0,-0.06573136,0.1340269297361374,0.8673267364501953,0.5665665864944458
YOR386W,YJL106W,0,-0.0657403,0.13400642573833466,0.8673267364501953,0.5666666626930237
YDR279W,YGR038W,0,-0.06594275,0.13398592174053192,0.8673267364501953,0.5667667388916016
YLL011W,YDR354W,0,-0.065983236,0.13396543264389038,0.8673267364501953,0.5668668746948242
YAL013W,YPR159W,0,-0.06599592,0.13394495844841003,0.8673267364501953,0.5669669508934021
YDR432W,YOR308C,1,-0.06614448,0.13407735526561737,0.8683168292045593,0.5669669508934021
YIL093C,YPR018W,0,-0.06621085,0.13405686616897583,0.8683168292045593,0.5670670866966248
YOR147W,YNL152W,0,-0.066318065,0.1340363770723343,0.8683168292045593,0.5671671628952026
YLR270W,YDR159W,0,-0.06644277,0.13401588797569275,0.8683168292045593,0.5672672390937805
YLR459W,YHR183W,0,-0.066541195,0.1339954137802124,0.8683168292045593,0.5673673748970032
YOR099W,YDR488C,0,-0.06678401,0.13397493958473206,0.8683168292045593,0.567467451095581
YDR214W,YHR044C,0,-0.06695677,0.1339544802904129,0.8683168292045593,0.5675675868988037
YPL093W,YDR424C,0,-0.06742613,0.13393402099609375,0.8683168292045593,0.5676676630973816
YOL038W,YER039C,0,-0.06749405,0.1339135766029358,0.8683168292045593,0.5677677392959595
YCR097W,YNL282W,0,-0.06758277,0.13389313220977783,0.8683168292045593,0.5678678750991821
YNL297C,YDR310C,0,-0.06761673,0.13387268781661987,0.8683168292045593,0.56796795129776
YML081C-A,YOR205C,0,-0.06797838,0.1338522583246231,0.8683168292045593,0.5680680871009827
YOR242C,YBR205W,0,-0.068130374,0.13383182883262634,0.8683168292045593,0.5681681632995605
YDR443C,YBR066C,0,-0.06837736,0.13381141424179077,0.8683168292045593,0.5682682394981384
YOR337W,YKL001C,0,-0.06837778,0.1337909996509552,0.8683168292045593,0.5683683753013611
YOR351C,YDR457W,0,-0.06870024,0.13377058506011963,0.8683168292045593,0.568468451499939
YKR042W,YDL115C,0,-0.06873375,0.13375018537044525,0.8683168292045593,0.5685685873031616
YDR322W,YLR201C,0,-0.06929386,0.13372980058193207,0.8683168292045593,0.5686686635017395
YML037C,YML046W,0,-0.06958854,0.1337094008922577,0.8683168292045593,0.5687687397003174
YDL171C,YIL023C,0,-0.06967075,0.1336890310049057,0.8683168292045593,0.56886887550354
YDR174W,YJL160C,0,-0.06970355,0.13366864621639252,0.8683168292045593,0.5689689517021179
YML034W,YGR285C,0,-0.069801256,0.13364827632904053,0.8683168292045593,0.5690690875053406
YDR016C,YML032C,0,-0.069899246,0.13362792134284973,0.8683168292045593,0.5691691637039185
YPL143W,YOL141W,0,-0.07022534,0.13360755145549774,0.8683168292045593,0.5692692399024963
YER113C,YBR058C-A,0,-0.07047562,0.13358721137046814,0.8683168292045593,0.569369375705719
YMR300C,YDR456W,0,-0.070543125,0.13356685638427734,0.8683168292045593,0.5694694519042969
YJL044C,YIL155C,0,-0.072109744,0.13354651629924774,0.8683168292045593,0.5695695877075195
YLL051C,YER106W,0,-0.07218306,0.13352619111537933,0.8683168292045593,0.5696696639060974
YNR012W,YNL037C,0,-0.07225661,0.13350586593151093,0.8683168292045593,0.5697697401046753
YGL008C,YLR205C,0,-0.07234892,0.13348554074764252,0.8683168292045593,0.569869875907898
YLR336C,YOR188W,0,-0.072566405,0.1334652304649353,0.8683168292045593,0.5699699521064758
YGR041W,YGR281W,0,-0.07276206,0.1334449201822281,0.8683168292045593,0.5700700879096985
YGR001C,YDL095W,0,-0.073041424,0.13342460989952087,0.8683168292045593,0.5701701641082764
YOR351C,YIL083C,0,-0.073256046,0.13340431451797485,0.8683168292045593,0.570270299911499
YER096W,YHR025W,0,-0.073302,0.13338403403759003,0.8683168292045593,0.5703703761100769
YEL030W,YCR026C,0,-0.07346071,0.1333637535572052,0.8683168292045593,0.5704704523086548
YFR046C,YBR082C,0,-0.073566884,0.13334347307682037,0.8683168292045593,0.5705705881118774
YDL214C,YGL161C,0,-0.07362975,0.13332319259643555,0.8683168292045593,0.5706706643104553
YJL072C,YBL075C,0,-0.07385823,0.13330292701721191,0.8683168292045593,0.570770800113678
YEL038W,YLR205C,0,-0.07400186,0.13328267633914948,0.8683168292045593,0.5708708763122559
YNR017W,YNL014W,0,-0.07452552,0.13326242566108704,0.8683168292045593,0.5709709525108337
YBR230C,YML030W,0,-0.074763104,0.1332421749830246,0.8683168292045593,0.5710710883140564
YNL016W,YHR028C,0,-0.07483497,0.13322193920612335,0.8683168292045593,0.5711711645126343
YOR348C,YNL316C,0,-0.07491471,0.1332017034292221,0.8683168292045593,0.5712713003158569
YOL017W,YOR147W,0,-0.075033754,0.13318146765232086,0.8683168292045593,0.5713713765144348
YFR051C,YGL225W,0,-0.075261906,0.1331612467765808,0.8683168292045593,0.5714714527130127
YOR211C,YPR098C,0,-0.075285286,0.13314104080200195,0.8683168292045593,0.5715715885162354
YOR354C,YER157W,0,-0.07548447,0.1331208199262619,0.8683168292045593,0.5716716647148132
YLR350W,YGR090W,0,-0.07554124,0.13310062885284424,0.8683168292045593,0.5717718005180359
YGL175C,YBR018C,0,-0.077298775,0.13308042287826538,0.8683168292045593,0.5718718767166138
YJR130C,YMR068W,0,-0.07730465,0.13306023180484772,0.8683168292045593,0.5719719529151917
YHR008C,YOR232W,0,-0.07741763,0.13304005563259125,0.8683168292045593,0.5720720887184143
YOR386W,YMR146C,0,-0.07765405,0.13301986455917358,0.8683168292045593,0.5721721649169922
YPR125W,YML123C,0,-0.07784361,0.1329997032880783,0.8683168292045593,0.5722723007202148
YKR039W,YPR033C,0,-0.078046575,0.13297952711582184,0.8683168292045593,0.5723723769187927
YHR056C,YAL058W,0,-0.07814112,0.13295936584472656,0.8683168292045593,0.5724724531173706
YPL083C,YHR008C,0,-0.07852681,0.13293921947479248,0.8683168292045593,0.5725725889205933
YER036C,YNL257C,0,-0.078548536,0.1329190731048584,0.8683168292045593,0.5726726651191711
YDR069C,YGL120C,0,-0.07862319,0.13289892673492432,0.8683168292045593,0.5727728009223938
YJL194W,YJL116C,0,-0.07879345,0.13287879526615143,0.8683168292045593,0.5728728771209717
YOR246C,YAL008W,0,-0.07892336,0.13285866379737854,0.8683168292045593,0.5729729533195496
YCL019W,YJR004C,0,-0.078994915,0.13283853232860565,0.8683168292045593,0.5730730891227722
YNR069C,YMR011W,0,-0.07913311,0.13281841576099396,0.8683168292045593,0.5731731653213501
YKL078W,YFL057C,0,-0.07941949,0.13279829919338226,0.8683168292045593,0.5732733011245728
YOR176W,YDL170W,0,-0.07950176,0.13277819752693176,0.8683168292045593,0.5733733773231506
YMR047C,YLR216C,0,-0.079610154,0.13275809586048126,0.8683168292045593,0.5734734535217285
YLR025W,YKL096W-A,0,-0.07967691,0.13273800909519196,0.8683168292045593,0.5735735893249512
YKL190W,YNL284C,0,-0.08033106,0.13271792232990265,0.8683168292045593,0.573673665523529
YOL077C,YGR077C,0,-0.08039966,0.13269783556461334,0.8683168292045593,0.5737738013267517
YPR011C,YOR339C,0,-0.080630645,0.13267776370048523,0.8683168292045593,0.5738738775253296
YBR198C,YOR181W,0,-0.08072771,0.13265769183635712,0.8683168292045593,0.5739739537239075
YGL156W,YDR051C,0,-0.08146508,0.1326376348733902,0.8683168292045593,0.5740740895271301
YFR032C-A,YHL019C,0,-0.081530005,0.13261757791042328,0.8683168292045593,0.574174165725708
YHR132C,YBL036C,0,-0.08198571,0.13259752094745636,0.8683168292045593,0.5742743015289307
YBR119W,YDR364C,1,-0.08201088,0.13272865116596222,0.8693069219589233,0.5742743015289307
YBR059C,YPL027W,0,-0.08257751,0.1327085793018341,0.8693069219589233,0.5743743777275085
YBL030C,YPR196W,0,-0.08284111,0.1326885223388672,0.8693069219589233,0.5744744539260864
YGR148C,YMR297W,0,-0.0828654,0.13266848027706146,0.8693069219589233,0.5745745897293091
YBR244W,YIL070C,0,-0.08302368,0.13264843821525574,0.8693069219589233,0.574674665927887
YDR103W,YMR115W,0,-0.08307223,0.13262839615345,0.8693069219589233,0.5747748017311096
YNL093W,YNR023W,0,-0.08312793,0.13260836899280548,0.8693069219589233,0.5748748779296875
YOR351C,YER154W,0,-0.083346024,0.13258834183216095,0.8693069219589233,0.5749749541282654
YKR087C,YLR344W,0,-0.08356194,0.1325683295726776,0.8693069219589233,0.575075089931488
YLR240W,YOL113W,0,-0.083602816,0.13254830241203308,0.8693069219589233,0.5751751661300659
YGL031C,YBR182C,0,-0.08360687,0.13252830505371094,0.8693069219589233,0.5752753019332886
YGR221C,YAL032C,0,-0.08368249,0.1325083076953888,0.8693069219589233,0.5753753781318665
YBL098W,YHR008C,0,-0.08440517,0.13248831033706665,0.8693069219589233,0.5754754543304443
YDR279W,YNL078W,0,-0.08480723,0.1324683129787445,0.8693069219589233,0.575575590133667
YKR013W,YDL216C,0,-0.084891155,0.13244833052158356,0.8693069219589233,0.5756756663322449
YLR348C,YKL042W,0,-0.08497411,0.1324283629655838,0.8693069219589233,0.5757758021354675
YDR532C,YMR114C,0,-0.08499275,0.13240838050842285,0.8693069219589233,0.5758758783340454
YFL021W,YDR134C,0,-0.08501659,0.1323884129524231,0.8693069219589233,0.5759759545326233
YEL012W,YPR185W,0,-0.08511034,0.13236846029758453,0.8693069219589233,0.576076090335846
YDR155C,YNL135C,0,-0.08539638,0.13234850764274597,0.8693069219589233,0.5761761665344238
YAL025C,YDR457W,0,-0.085397065,0.1323285549879074,0.8693069219589233,0.5762763023376465
YOR168W,YOR251C,0,-0.08541271,0.13230861723423004,0.8693069219589233,0.5763763785362244
YIL046W,YOR128C,0,-0.08550538,0.13228867948055267,0.8693069219589233,0.5764764547348022
YOL077C,YDL141W,0,-0.08550629,0.1322687566280365,0.8693069219589233,0.5765765905380249
YOL017W,YOR030W,0,-0.08557148,0.13224883377552032,0.8693069219589233,0.5766766667366028
YDR347W,YHR109W,0,-0.08594346,0.13222891092300415,0.8693069219589233,0.5767768025398254
YML078W,YGR220C,0,-0.086018726,0.13220900297164917,0.8693069219589233,0.5768768787384033
YCR083W,YBR173C,0,-0.08628976,0.1321890950202942,0.8693069219589233,0.5769769549369812
YJR063W,YOL005C,0,-0.08646679,0.1321692019701004,0.8693069219589233,0.5770770907402039
YDR121W,YDR414C,0,-0.0866964,0.13214930891990662,0.8693069219589233,0.5771771669387817
YHR045W,YPR043W,0,-0.08670165,0.13212941586971283,0.8693069219589233,0.5772773027420044
YHR021C,YJR095W,0,-0.0868002,0.13210953772068024,0.8693069219589233,0.5773773789405823
YDL246C,YLR405W,0,-0.08688985,0.13208965957164764,0.8693069219589233,0.5774774551391602
YJL155C,YCR028C,0,-0.086921915,0.13206979632377625,0.8693069219589233,0.5775775909423828
YOR098C,YAL063C,0,-0.087060615,0.13204993307590485,0.8693069219589233,0.5776776671409607
YLR142W,YNL071W,0,-0.08712056,0.13203006982803345,0.8693069219589233,0.5777778029441833
YDL215C,YPR162C,0,-0.08772357,0.13201022148132324,0.8693069219589233,0.5778778791427612
YAR008W,YPL240C,0,-0.08786282,0.13199037313461304,0.8693069219589233,0.5779779553413391
YDL215C,YNL281W,0,-0.087884545,0.13197053968906403,0.8693069219589233,0.5780780911445618
YAL008W,YOR148C,0,-0.088425845,0.13195070624351501,0.8693069219589233,0.5781781673431396
YPL079W,YDR085C,0,-0.08842935,0.131930872797966,0.8693069219589233,0.5782783031463623
YOR297C,YOL041C,0,-0.08886154,0.13191105425357819,0.8693069219589233,0.5783783793449402
YOL043C,YMR186W,0,-0.08891074,0.13189123570919037,0.8693069219589233,0.5784784555435181
YOR246C,YGL184C,0,-0.089169994,0.13187143206596375,0.8693069219589233,0.5785785913467407
YOL107W,YAL058W,0,-0.08937614,0.13185162842273712,0.8693069219589233,0.5786786675453186
YOR386W,YKL126W,0,-0.08964513,0.1318318247795105,0.8693069219589233,0.5787788033485413
YNR072W,YLR119W,0,-0.08967525,0.13181203603744507,0.8693069219589233,0.5788788795471191
YMR311C,YNR008W,0,-0.089783624,0.13179224729537964,0.8693069219589233,0.578978955745697
YPR122W,YER044C,0,-0.09032057,0.1317724734544754,0.8693069219589233,0.5790790915489197
YCR039C,YFL024C,0,-0.09037925,0.13175269961357117,0.8693069219589233,0.5791791677474976
YHR029C,YNL310C,0,-0.09070404,0.13173294067382812,0.8693069219589233,0.5792793035507202
YLR393W,YPL032C,0,-0.090926915,0.1317131668329239,0.8693069219589233,0.5793793797492981
YCR039C,YCR027C,0,-0.091487184,0.13169340789318085,0.8693069219589233,0.579479455947876
YPL029W,YHR099W,0,-0.09150474,0.131673663854599,0.8693069219589233,0.5795795917510986
YAL029C,YFR042W,0,-0.09154405,0.13165391981601715,0.8693069219589233,0.5796796679496765
YML042W,YNR043W,0,-0.09175725,0.1316341757774353,0.8693069219589233,0.5797798037528992
YAR050W,YER012W,0,-0.092232004,0.13161444664001465,0.8693069219589233,0.579879879951477
YDL112W,YHR175W,0,-0.09245627,0.131594717502594,0.8693069219589233,0.5799799561500549
YNR001C,YPL011C,0,-0.092472166,0.13157500326633453,0.8693069219589233,0.5800800919532776
YML081C-A,YHR129C,0,-0.09254603,0.13155528903007507,0.8693069219589233,0.5801801681518555
YLL033W,YMR020W,0,-0.09256543,0.1315355747938156,0.8693069219589233,0.5802803039550781
YPR138C,YHR112C,0,-0.09279947,0.13151587545871735,0.8693069219589233,0.580380380153656
YFL010W-A,YKL025C,0,-0.09296726,0.13149617612361908,0.8693069219589233,0.5804804563522339
YIL006W,YIL034C,0,-0.09312765,0.131476491689682,0.8693069219589233,0.5805805921554565
YPL213W,YOR334W,1,-0.09361246,0.13160653412342072,0.8702970147132874,0.5805805921554565
YOR230W,YER112W,0,-0.093917534,0.13158681988716125,0.8702970147132874,0.5806806683540344
YBL005W-A,YIL021W,0,-0.09402777,0.13156713545322418,0.8702970147132874,0.5807808041572571
YMR160W,YKL091C,0,-0.09418644,0.13154743611812592,0.8702970147132874,0.580880880355835
YDR270W,YDR481C,0,-0.094431356,0.13152775168418884,0.8702970147132874,0.5809809565544128
YMR235C,YHL012W,0,-0.09485085,0.13150808215141296,0.8702970147132874,0.5810810923576355
YLR219W,YPL143W,0,-0.09507753,0.13148841261863708,0.8702970147132874,0.5811811685562134
YGR284C,YDR090C,0,-0.09513122,0.1314687430858612,0.8702970147132874,0.581281304359436
YMR016C,YFL041W,0,-0.09571642,0.13144907355308533,0.8702970147132874,0.5813813805580139
YFR055W,YFL047W,0,-0.09617166,0.13142941892147064,0.8702970147132874,0.5814814567565918
YKR022C,YPL275W,0,-0.09619287,0.13140977919101715,0.8702970147132874,0.5815815925598145
YER170W,YBR221C,0,-0.0965303,0.13139013946056366,0.8702970147132874,0.5816816687583923
YMR309C,YDL097C,0,-0.09668903,0.13137049973011017,0.8702970147132874,0.581781804561615
YPL164C,YHR056C,0,-0.0967278,0.13135085999965668,0.8702970147132874,0.5818818807601929
YCR096C,YGR038W,0,-0.09716962,0.13133123517036438,0.8702970147132874,0.5819819569587708
YDR385W,YBR235W,0,-0.09726237,0.13131162524223328,0.8702970147132874,0.5820820927619934
YLR014C,YOL065C,0,-0.0976176,0.13129201531410217,0.8702970147132874,0.5821821689605713
YBR213W,YER007W,0,-0.0977305,0.13127240538597107,0.8702970147132874,0.582282304763794
YJL210W,YPR020W,0,-0.097806096,0.13125279545783997,0.8702970147132874,0.5823823809623718
YJR031C,YLR205C,0,-0.097837135,0.13123320043087006,0.8702970147132874,0.5824824571609497
YHR074W,YMR256C,0,-0.097935215,0.13121362030506134,0.8702970147132874,0.5825825929641724
YHR072W,YJL137C,0,-0.098267555,0.13119402527809143,0.8702970147132874,0.5826826691627502
YGL120C,YDR047W,0,-0.09832746,0.13117444515228271,0.8702970147132874,0.5827828049659729
YDL198C,YPR029C,0,-0.09841536,0.1311548799276352,0.8702970147132874,0.5828828811645508
YML024W,YBL078C,0,-0.098839864,0.13113531470298767,0.8702970147132874,0.5829829573631287
YGL178W,YOR256C,0,-0.09905887,0.13111574947834015,0.8702970147132874,0.5830830931663513
YOR198C,YJR026W,0,-0.09938048,0.13109619915485382,0.8702970147132874,0.5831831693649292
YJL118W,YPR065W,0,-0.09958421,0.1310766488313675,0.8702970147132874,0.5832833051681519
YPL192C,YOL105C,0,-0.09998952,0.13105709850788116,0.8702970147132874,0.5833833813667297
YDL099W,YMR142C,0,-0.1002429,0.13103756308555603,0.8702970147132874,0.5834834575653076
YLR155C,YFL052W,0,-0.10032533,0.1310180425643921,0.8702970147132874,0.5835835933685303
YGL220W,YPR028W,0,-0.10037856,0.13099850714206696,0.8702970147132874,0.5836836695671082
YDL161W,YOR153W,0,-0.100646555,0.13097898662090302,0.8702970147132874,0.5837838053703308
YDL099W,YLR341W,0,-0.10116869,0.13095948100090027,0.8702970147132874,0.5838838815689087
YGR054W,YKL163W,0,-0.101455286,0.13093996047973633,0.8702970147132874,0.5839839577674866
YBR079C,YOR311C,0,-0.101708576,0.13092046976089478,0.8702970147132874,0.5840840935707092
YDR169C,YBL113C,0,-0.10174586,0.13090096414089203,0.8702970147132874,0.5841841697692871
YDR296W,YLR153C,0,-0.1022934,0.13088147342205048,0.8702970147132874,0.5842843055725098
YPL236C,YJR103W,0,-0.102549374,0.13086199760437012,0.8702970147132874,0.5843843817710876
YER104W,YGL103W,0,-0.10278085,0.13084250688552856,0.8702970147132874,0.5844844579696655
YGL223C,YBR050C,0,-0.10328576,0.1308230459690094,0.8702970147132874,0.5845845937728882
YML064C,YGL179C,0,-0.10336663,0.13080357015132904,0.8702970147132874,0.5846846699714661
YGL173C,YCL008C,0,-0.103530124,0.13078410923480988,0.8702970147132874,0.5847848057746887
YKR014C,YNL035C,0,-0.10368748,0.1307646483182907,0.8702970147132874,0.5848848819732666
YLL019C,YLR378C,0,-0.10382591,0.13074520230293274,0.8702970147132874,0.5849849581718445
YDR443C,YNL162W,0,-0.10388051,0.13072575628757477,0.8702970147132874,0.5850850939750671
YDL188C,YJL136C,0,-0.10396157,0.130706325173378,0.8702970147132874,0.585185170173645
YLR438C-A,YJL124C,1,-0.10415,0.13083556294441223,0.8712871074676514,0.585185170173645
YHR069C,YNR021W,0,-0.104257464,0.13081611692905426,0.8712871074676514,0.5852853059768677
YER138C,YGR098C,0,-0.10443734,0.1307966709136963,0.8712871074676514,0.5853853821754456
YNL322C,YKR071C,0,-0.10479395,0.1307772397994995,0.8712871074676514,0.5854854583740234
YGR009C,YNL271C,0,-0.104808316,0.13075779378414154,0.8712871074676514,0.5855855941772461
YOR324C,YPL249C-A,0,-0.104864314,0.13073837757110596,0.8712871074676514,0.585685670375824
YNL314W,YOR234C,0,-0.10489501,0.13071896135807037,0.8712871074676514,0.5857858061790466
YGR113W,YGR026W,0,-0.104904756,0.1306995451450348,0.8712871074676514,0.5858858823776245
YOR319W,YHR086W,1,-0.10496761,0.1308286339044571,0.8722772002220154,0.5858858823776245
YJL048C,YBL004W,0,-0.1050065,0.13080920279026031,0.8722772002220154,0.5859859585762024
YDR143C,YLR438C-A,0,-0.10528737,0.13078978657722473,0.8722772002220154,0.586086094379425
YOL115W,YGR095C,0,-0.10529414,0.13077037036418915,0.8722772002220154,0.5861861705780029
YDR492W,YBR104W,0,-0.10569827,0.13075096905231476,0.8722772002220154,0.5862863063812256
YKR069W,YGR225W,0,-0.10644601,0.13073156774044037,0.8722772002220154,0.5863863825798035
YER130C,YMR039C,0,-0.106481984,0.13071216642856598,0.8722772002220154,0.5864864587783813
YIR017C,YIR022W,0,-0.10674901,0.13069278001785278,0.8722772002220154,0.586586594581604
YMR202W,YAR035W,0,-0.10676207,0.1306733936071396,0.8722772002220154,0.5866866707801819
YJL042W,YBR022W,0,-0.10683507,0.1306540071964264,0.8722772002220154,0.5867868065834045
YHR116W,YBR293W,0,-0.10799985,0.1306346356868744,0.8722772002220154,0.5868868827819824
YOR094W,YEL077C,0,-0.10801922,0.1306152641773224,0.8722772002220154,0.5869869589805603
YKR022C,YLR382C,1,-0.10865913,0.13074414432048798,0.8732673525810242,0.5869869589805603
YOL152W,YCL025C,0,-0.10875179,0.13072477281093597,0.8732673525810242,0.587087094783783
YHL020C,YGR191W,0,-0.1088551,0.13070540130138397,0.8732673525810242,0.5871871709823608
YDR294C,YEL017C-A,0,-0.109255925,0.13068602979183197,0.8732673525810242,0.5872873067855835
YGR036C,YNL005C,0,-0.10971917,0.13066667318344116,0.8732673525810242,0.5873873829841614
YDR457W,YAL032C,0,-0.109854236,0.13064731657505035,0.8732673525810242,0.5874874591827393
YJR095W,YLR386W,0,-0.110063374,0.13062795996665955,0.8732673525810242,0.5875875949859619
YBR012W-B,YDR084C,0,-0.110119596,0.13060861825942993,0.8732673525810242,0.5876876711845398
YML014W,YFL003C,0,-0.11037074,0.13058927655220032,0.8732673525810242,0.5877878069877625
YBR166C,YBR033W,0,-0.11039707,0.1305699497461319,0.8732673525810242,0.5878878831863403
YOL136C,YJL050W,0,-0.110421315,0.13055062294006348,0.8732673525810242,0.5879879593849182
YMR058W,YOL026C,0,-0.110630125,0.13053129613399506,0.8732673525810242,0.5880880951881409
YBR065C,YHR086W,1,-0.11065732,0.13065995275974274,0.8742574453353882,0.5880880951881409
YGL003C,YMR087W,0,-0.11072445,0.13064062595367432,0.8742574453353882,0.5881881713867188
YEL077C,YPR194C,0,-0.11077474,0.1306212991476059,0.8742574453353882,0.5882883071899414
YLR298C,YML073C,0,-0.111098126,0.13060198724269867,0.8742574453353882,0.5883883833885193
YPR108W,YDL029W,0,-0.11122902,0.13058266043663025,0.8742574453353882,0.5884884595870972
YPR119W,YPL111W,0,-0.111566305,0.13056336343288422,0.8742574453353882,0.5885885953903198
YNR020C,YBR145W,0,-0.11157961,0.130544051527977,0.8742574453353882,0.5886886715888977
YER035W,YDR353W,0,-0.11186764,0.13052475452423096,0.8742574453353882,0.5887888073921204
YNL078W,YIL160C,0,-0.11221245,0.13050547242164612,0.8742574453353882,0.5888888835906982
YDR017C,YDR523C,0,-0.11222324,0.13048619031906128,0.8742574453353882,0.5889889597892761
YGR249W,YPL172C,0,-0.11257459,0.13046690821647644,0.8742574453353882,0.5890890955924988
YIR017C,YLL022C,0,-0.11261225,0.1304476261138916,0.8742574453353882,0.5891891717910767
YOR386W,YBR237W,0,-0.1126387,0.13042835891246796,0.8742574453353882,0.5892893075942993
YML029W,YLR300W,0,-0.112784,0.1304090917110443,0.8742574453353882,0.5893893837928772
YPL148C,YDL229W,0,-0.11306435,0.13038983941078186,0.8742574453353882,0.5894894599914551
YBL005W-A,YOR298W,0,-0.113291025,0.1303705871105194,0.8742574453353882,0.5895895957946777
YLR395C,YNR061C,0,-0.11330199,0.13035134971141815,0.8742574453353882,0.5896896719932556
YOL133W,YPL045W,0,-0.11351608,0.1303320974111557,0.8742574453353882,0.5897898077964783
YOR234C,YHR099W,0,-0.11382212,0.13031287491321564,0.8742574453353882,0.5898898839950562
YLR166C,YPR113W,0,-0.114066064,0.13029363751411438,0.8742574453353882,0.589989960193634
YIR036C,YJL073W,0,-0.114097536,0.13027441501617432,0.8742574453353882,0.5900900959968567
YPL028W,YDR156W,0,-0.11425407,0.13025519251823425,0.8742574453353882,0.5901901721954346
YFR045W,YDR285W,0,-0.11465548,0.13023598492145538,0.8742574453353882,0.5902903079986572
YNR018W,YNL014W,0,-0.114704,0.1302167773246765,0.8742574453353882,0.5903903841972351
YPR159W,YOR083W,0,-0.11482917,0.13019758462905884,0.8742574453353882,0.5904905200004578
YLR369W,YPL273W,0,-0.114989504,0.13017839193344116,0.8742574453353882,0.5905905961990356
YOR261C,YDR314C,0,-0.11546002,0.1301591992378235,0.8742574453353882,0.5906906723976135
YMR188C,YIL171W,0,-0.11548106,0.130140021443367,0.8742574453353882,0.5907908082008362
YHR094C,YGL155W,0,-0.11566518,0.13012084364891052,0.8742574453353882,0.5908908843994141
YHR164C,YIR013C,0,-0.11605142,0.13010166585445404,0.8742574453353882,0.5909910202026367
YCR043C,YPR138C,0,-0.116157696,0.13008250296115875,0.8742574453353882,0.5910910964012146
YDR304C,YHL004W,0,-0.11617005,0.13006334006786346,0.8742574453353882,0.5911911725997925
YNL050C,YLR064W,0,-0.116585016,0.13004417717456818,0.8742574453353882,0.5912913084030151
YOR171C,YNR035C,0,-0.116739854,0.13002502918243408,0.8742574453353882,0.591391384601593
YNL021W,YER061C,0,-0.1167988,0.13000589609146118,0.8742574453353882,0.5914915204048157
YDR532C,YDL085W,0,-0.1168683,0.1299867480993271,0.8742574453353882,0.5915915966033936
YKL130C,YHL047C,0,-0.11719832,0.1299676150083542,0.8742574453353882,0.5916916728019714
YOR196C,YDL198C,0,-0.11823787,0.12994849681854248,0.8742574453353882,0.5917918086051941
YOR386W,YCL026C-A,0,-0.11836232,0.12992936372756958,0.8742574453353882,0.591891884803772
YMR281W,YGR155W,0,-0.118451566,0.12991026043891907,0.8742574453353882,0.5919920206069946
YGL173C,YJL091C,0,-0.1186969,0.12989114224910736,0.8742574453353882,0.5920920968055725
YJL160C,YPR052C,0,-0.118765354,0.12987203896045685,0.8742574453353882,0.5921921730041504
YDR334W,YGL205W,0,-0.1190716,0.12985293567180634,0.8742574453353882,0.592292308807373
YKL112W,YOR173W,0,-0.11912078,0.12983384728431702,0.8742574453353882,0.5923923850059509
YMR319C,YGL121C,0,-0.11920749,0.1298147588968277,0.8742574453353882,0.5924925208091736
YLR423C,YDR254W,0,-0.11930171,0.12979568541049957,0.8742574453353882,0.5925925970077515
YNR017W,YJR138W,0,-0.119414166,0.12977659702301025,0.8742574453353882,0.5926926732063293
YBR213W,YBR175W,0,-0.11949329,0.12975753843784332,0.8742574453353882,0.592792809009552
YOR211C,YPL148C,0,-0.11967686,0.1297384649515152,0.8742574453353882,0.5928928852081299
YPL227C,YNL323W,0,-0.12027384,0.12971940636634827,0.8742574453353882,0.5929930210113525
YLL027W,YHR207C,0,-0.12066463,0.12970034778118134,0.8742574453353882,0.5930930972099304
YGR133W,YMR116C,0,-0.120670065,0.1296813040971756,0.8742574453353882,0.5931931734085083
YMR228W,YKR006C,0,-0.1206779,0.12966226041316986,0.8742574453353882,0.593293309211731
YDR237W,YLR329W,0,-0.120727286,0.12964323163032532,0.8742574453353882,0.5933933854103088
YOL129W,YCL020W,0,-0.121038005,0.12962418794631958,0.8742574453353882,0.5934935212135315
YDL179W,YML085C,0,-0.12106678,0.12960515916347504,0.8742574453353882,0.5935935974121094
YDR210W,YCR004C,0,-0.121431634,0.1295861452817917,0.8742574453353882,0.5936936736106873
YKL056C,YER119C,0,-0.12161265,0.12956713140010834,0.8742574453353882,0.5937938094139099
YBL026W,YNL210W,1,-0.12162037,0.1296948343515396,0.8752475380897522,0.5937938094139099
YGL256W,YDR447C,0,-0.121818736,0.12967580556869507,0.8752475380897522,0.5938938856124878
YGL047W,YNL213C,0,-0.121975586,0.12965679168701172,0.8752475380897522,0.5939940214157104
YKL018W,YDL060W,0,-0.12202166,0.12963777780532837,0.8752475380897522,0.5940940976142883
YKL205W,YBR104W,0,-0.122660026,0.12961876392364502,0.8752475380897522,0.5941941738128662
YIL076W,YDL080C,0,-0.12326451,0.12959976494312286,0.8752475380897522,0.5942943096160889
YBL028C,YHR059W,0,-0.123278365,0.1295807659626007,0.8752475380897522,0.5943943858146667
YPL188W,YMR154C,0,-0.12364946,0.12956178188323975,0.8752475380897522,0.5944945216178894
YER096W,YOR326W,0,-0.123818144,0.1295427829027176,0.8752475380897522,0.5945945978164673
YMR117C,YOL006C,0,-0.12432887,0.12952381372451782,0.8752475380897522,0.5946946740150452
YLL038C,YLR142W,0,-0.12435131,0.12950482964515686,0.8752475380897522,0.5947948098182678
YGR214W,YKL086W,0,-0.12447919,0.1294858604669571,0.8752475380897522,0.5948948860168457
YDR206W,YLR174W,0,-0.12472515,0.12946690618991852,0.8752475380897522,0.5949950218200684
YLR064W,YDR026C,0,-0.12493518,0.12944793701171875,0.8752475380897522,0.5950950980186462
YLR251W,YOL080C,0,-0.12516718,0.12942898273468018,0.8752475380897522,0.5951951742172241
YBR183W,YHL013C,0,-0.12518184,0.1294100433588028,0.8752475380897522,0.5952953100204468
YOL112W,YPL200W,0,-0.12532605,0.12939110398292542,0.8752475380897522,0.5953953862190247
YGR200C,YHR214C-B,0,-0.12536691,0.12937216460704803,0.8752475380897522,0.5954955220222473
YER166W,YDL184C,0,-0.12576024,0.12935324013233185,0.8752475380897522,0.5955955982208252
YAL044C,YDR229W,0,-0.12652197,0.12933431565761566,0.8752475380897522,0.5956956744194031
YHR164C,YPL057C,0,-0.12661646,0.12931539118289948,0.8752475380897522,0.5957958102226257
YCL018W,YFR009W,0,-0.12678204,0.12929648160934448,0.8752475380897522,0.5958958864212036
YML040W,YDL082W,0,-0.12683365,0.1292775720357895,0.8752475380897522,0.5959960222244263
YKL195W,YJL214W,0,-0.12707312,0.1292586624622345,0.8752475380897522,0.5960960984230042
YLR246W,YDL205C,0,-0.12708732,0.1292397677898407,0.8752475380897522,0.596196174621582
YDL202W,YLR096W,0,-0.12710929,0.1292208731174469,0.8752475380897522,0.5962963104248047
YLR318W,YDR353W,0,-0.12757829,0.1292019933462143,0.8752475380897522,0.5963963866233826
YLR393W,YBR170C,0,-0.12786393,0.1291831135749817,0.8752475380897522,0.5964965224266052
YNL261W,YDR258C,0,-0.1279069,0.12916423380374908,0.8752475380897522,0.5965965986251831
YGR072W,YJL121C,0,-0.1280737,0.12914536893367767,0.8752475380897522,0.596696674823761
YBR104W,YBR253W,0,-0.12826218,0.12912650406360626,0.8752475380897522,0.5967968106269836
YEL017C-A,YEL021W,0,-0.1282655,0.12910763919353485,0.8752475380897522,0.5968968868255615
YLR109W,YGR189C,0,-0.1286454,0.12908878922462463,0.8752475380897522,0.5969970226287842
YER141W,YPL053C,0,-0.12865491,0.12906993925571442,0.8752475380897522,0.5970970988273621
YGR163W,YOR381W,0,-0.12895551,0.1290510892868042,0.8752475380897522,0.5971971750259399
YOL103W,YFR001W,0,-0.12898065,0.12903225421905518,0.8752475380897522,0.5972973108291626
YOR355W,YJL024C,0,-0.12914124,0.12901343405246735,0.8752475380897522,0.5973973870277405
YLR139C,YDR258C,0,-0.12921587,0.12899459898471832,0.8752475380897522,0.5974975228309631
YDR337W,YBR202W,0,-0.12925215,0.1289757788181305,0.8752475380897522,0.597597599029541
YIL162W,YCL020W,0,-0.12942171,0.12895695865154266,0.8752475380897522,0.5976976752281189
YJR093C,YIR034C,0,-0.12942411,0.12893815338611603,0.8752475380897522,0.5977978110313416
YNL339C,YPL127C,0,-0.12961486,0.1289193481206894,0.8752475380897522,0.5978978872299194
YPL147W,YLR225C,0,-0.12964319,0.12890055775642395,0.8752475380897522,0.5979980230331421
YDR353W,YER184C,0,-0.13000636,0.1288817673921585,0.8752475380897522,0.59809809923172
YBR213W,YOR202W,0,-0.13017114,0.12886297702789307,0.8752475380897522,0.5981981754302979
YGL032C,YBR058C-A,0,-0.13066189,0.12884418666362762,0.8752475380897522,0.5982983112335205
YLR274W,YMR298W,0,-0.13107046,0.12882541120052338,0.8752475380897522,0.5983983874320984
YDR196C,YGL062W,0,-0.13120037,0.12880665063858032,0.8752475380897522,0.598498523235321
YNL159C,YOL108C,0,-0.1313581,0.12878787517547607,0.8752475380897522,0.5985985994338989
YMR094W,YBR066C,0,-0.13141511,0.12876911461353302,0.8752475380897522,0.5986986756324768
YMR032W,YDL143W,0,-0.13157518,0.12875036895275116,0.8752475380897522,0.5987988114356995
YGL166W,YKL071W,0,-0.13160838,0.1287316083908081,0.8752475380897522,0.5988988876342773
YIL172C,YDR358W,0,-0.13180691,0.12871287763118744,0.8752475380897522,0.5989990234375
YMR319C,YHR156C,0,-0.13191013,0.12869413197040558,0.8752475380897522,0.5990990996360779
YKL085W,YPL011C,0,-0.13194863,0.1286754012107849,0.8752475380897522,0.5991991758346558
YHR140W,YBL066C,0,-0.13251838,0.12865667045116425,0.8752475380897522,0.5992993116378784
YHR069C,YER120W,0,-0.13258077,0.12863795459270477,0.8752475380897522,0.5993993878364563
YLR305C,YOR036W,0,-0.13263576,0.1286192387342453,0.8752475380897522,0.599499523639679
YGL002W,YDR454C,0,-0.13300815,0.12860052287578583,0.8752475380897522,0.5995995998382568
YLL012W,YKL055C,0,-0.13303515,0.12858182191848755,0.8752475380897522,0.5996996760368347
YML125C,YGL169W,0,-0.13309735,0.12856312096118927,0.8752475380897522,0.5997998118400574
YMR047C,YDR432W,1,-0.13321866,0.12868984043598175,0.8762376308441162,0.5997998118400574
YLR308W,YGR048W,0,-0.13323382,0.12867112457752228,0.8762376308441162,0.5998998880386353
YMR045C,YOR208W,0,-0.13360217,0.128652423620224,0.8762376308441162,0.6000000238418579
YDR432W,YGR278W,1,-0.13365866,0.1287790685892105,0.8772277235984802,0.6000000238418579
YIL080W,YBR037C,0,-0.13381839,0.12876035273075104,0.8772277235984802,0.6001001000404358
YLR155C,YPR075C,0,-0.13387997,0.12874165177345276,0.8772277235984802,0.6002001762390137
YPR056W,YER086W,0,-0.13391317,0.1287229359149933,0.8772277235984802,0.6003003120422363
YJL164C,YDL140C,0,-0.13396269,0.128704234957695,0.8772277235984802,0.6004003882408142
YLR045C,YCR012W,0,-0.13406499,0.12868554890155792,0.8772277235984802,0.6005005240440369
YPL196W,YDL141W,0,-0.1342134,0.12866686284542084,0.8772277235984802,0.6006006002426147
YNL159C,YOR389W,0,-0.13442709,0.12864817678928375,0.8772277235984802,0.6007006764411926
YGL120C,YGR075C,1,-0.13456063,0.12877468764781952,0.8782178163528442,0.6007006764411926
YLR224W,YHR211W,0,-0.13463657,0.12875598669052124,0.8782178163528442,0.6008008122444153
YHR092C,YDR191W,0,-0.13476479,0.12873730063438416,0.8782178163528442,0.6009008884429932
YHR070W,YIL082W-A,0,-0.13502592,0.12871861457824707,0.8782178163528442,0.6010010242462158
YBR135W,YHR214C-B,0,-0.13515441,0.12869994342327118,0.8782178163528442,0.6011011004447937
YKL018W,YDL095W,0,-0.13546573,0.1286812722682953,0.8782178163528442,0.6012011766433716
YPR163C,YDL155W,0,-0.1356356,0.1286626011133194,0.8782178163528442,0.6013013124465942
YNR004W,YLR134W,0,-0.13575841,0.1286439448595047,0.8782178163528442,0.6014013886451721
YBR022W,YNL052W,0,-0.13618606,0.12862528860569,0.8782178163528442,0.6015015244483948
YHL036W,YHR042W,0,-0.13654946,0.1286066472530365,0.8782178163528442,0.6016016006469727
YBL018C,YOR389W,0,-0.13660519,0.1285879909992218,0.8782178163528442,0.6017016768455505
YOR216C,YDR018C,0,-0.13682996,0.1285693645477295,0.8782178163528442,0.6018018126487732
YML078W,YPL274W,0,-0.13712777,0.128550723195076,0.8782178163528442,0.6019018888473511
YPR066W,YDR462W,0,-0.13728991,0.12853209674358368,0.8782178163528442,0.6020020246505737
YOR178C,YBL075C,0,-0.13761237,0.12851347029209137,0.8782178163528442,0.6021021008491516
YJR043C,YHR041C,0,-0.13786377,0.12849485874176025,0.8782178163528442,0.6022021770477295
YCR075C,YDR496C,0,-0.13795643,0.12847624719142914,0.8782178163528442,0.6023023128509521
YBR040W,YHL007C,0,-0.13802949,0.12845763564109802,0.8782178163528442,0.60240238904953
YMR058W,YML062C,0,-0.13810486,0.1284390389919281,0.8782178163528442,0.6025025248527527
YCR009C,YFR021W,0,-0.1381354,0.12842044234275818,0.8782178163528442,0.6026026010513306
YHR116W,YNL284C,0,-0.13832699,0.12840184569358826,0.8782178163528442,0.6027026772499084
YNL112W,YOR308C,0,-0.13848789,0.12838326394557953,0.8782178163528442,0.6028028130531311
YDL051W,YPL200W,0,-0.13910942,0.1283646821975708,0.8782178163528442,0.602902889251709
YLR268W,YDR447C,0,-0.13926369,0.12834611535072327,0.8782178163528442,0.6030030250549316
YKL021C,YIL051C,0,-0.13930811,0.12832754850387573,0.8782178163528442,0.6031031012535095
YIL082W-A,YHR079C,0,-0.13935952,0.1283089816570282,0.8782178163528442,0.6032031774520874
YCR052W,YDR507C,0,-0.13941665,0.12829042971134186,0.8782178163528442,0.6033033132553101
YOL141W,YOR274W,0,-0.13982765,0.12827187776565552,0.8782178163528442,0.6034033894538879
YLR372W,YMR008C,0,-0.13994245,0.12825332581996918,0.8782178163528442,0.6035035252571106
YHR079C-A,YGL147C,0,-0.13996257,0.12823478877544403,0.8782178163528442,0.6036036014556885
YBR123C,YGL181W,0,-0.14013243,0.12821625173091888,0.8782178163528442,0.6037036776542664
YAL041W,YIL136W,0,-0.14116627,0.12819771468639374,0.8782178163528442,0.603803813457489
YGR152C,YCR077C,0,-0.14124818,0.12817919254302979,0.8782178163528442,0.6039038896560669
YLL027W,YDL161W,0,-0.1421479,0.12816067039966583,0.8782178163528442,0.6040040254592896
YDR524C,YGL259W,0,-0.14255229,0.12814214825630188,0.8782178163528442,0.6041041016578674
YCR068W,YDR180W,0,-0.14284989,0.12812364101409912,0.8782178163528442,0.6042041778564453
YDL192W,YDL099W,0,-0.14340045,0.12810514867305756,0.8782178163528442,0.604304313659668
YPR047W,YJR066W,0,-0.14341083,0.1280866414308548,0.8782178163528442,0.6044043898582458
YFL018C,YDR251W,0,-0.14393426,0.12806814908981323,0.8782178163528442,0.6045045256614685
YPR082C,YGR006W,1,-0.14413919,0.12819401919841766,0.8792079091072083,0.6045045256614685
YOL107W,YFL037W,0,-0.14414947,0.1281755268573761,0.8792079091072083,0.6046046018600464
YMR173W,YDL019C,0,-0.14514472,0.12815701961517334,0.8792079091072083,0.6047046780586243
YGR052W,YGL162W,0,-0.14536865,0.12813852727413177,0.8792079091072083,0.6048048138618469
YJL130C,YDR073W,0,-0.14562337,0.1281200349330902,0.8792079091072083,0.6049048900604248
YPR133W-A,YGR125W,0,-0.1456845,0.12810155749320984,0.8792079091072083,0.6050050258636475
YDR330W,YBL088C,0,-0.1458571,0.12808308005332947,0.8792079091072083,0.6051051020622253
YNL329C,YGL077C,0,-0.14632483,0.1280646026134491,0.8792079091072083,0.6052051782608032
YOR384W,YOR362C,0,-0.14644852,0.12804614007472992,0.8792079091072083,0.6053053140640259
YGL224C,YDR387C,0,-0.14659663,0.12802767753601074,0.8792079091072083,0.6054053902626038
YPR023C,YIR036C,0,-0.14673917,0.12800922989845276,0.8792079091072083,0.6055055260658264
YHR116W,YLR204W,0,-0.14678517,0.12799078226089478,0.8792079091072083,0.6056056022644043
YKL218C,YLR045C,0,-0.14685383,0.1279723346233368,0.8792079091072083,0.6057056784629822
YGR261C,YNR032W,0,-0.14694302,0.1279538869857788,0.8792079091072083,0.6058058142662048
YBR150C,YML106W,0,-0.14722918,0.12793545424938202,0.8792079091072083,0.6059058904647827
YMR296C,YMR250W,0,-0.14739536,0.12791702151298523,0.8792079091072083,0.6060060262680054
YPR181C,YPR118W,0,-0.14746825,0.12789860367774963,0.8792079091072083,0.6061061024665833
YER004W,YBL042C,0,-0.14752083,0.12788018584251404,0.8792079091072083,0.6062061786651611
YOL119C,YLR205C,0,-0.1475253,0.12786176800727844,0.8792079091072083,0.6063063144683838
YDL084W,YPL213W,1,-0.147568,0.1279873251914978,0.8801980018615723,0.6063063144683838
YFL009W,YGL200C,0,-0.14806627,0.1279689073562622,0.8801980018615723,0.6064063906669617
YDR096W,YJL044C,0,-0.14815967,0.1279504895210266,0.8801980018615723,0.6065065264701843
YKL109W,YOR007C,0,-0.14835979,0.12793207168579102,0.8801980018615723,0.6066066026687622
YDL245C,YPL124W,0,-0.14838773,0.1279136687517166,0.8801980018615723,0.6067066788673401
YOR150W,YGR256W,0,-0.14853416,0.1278952658176422,0.8801980018615723,0.6068068146705627
YGR258C,YHR025W,0,-0.14855005,0.1278768628835678,0.8801980018615723,0.6069068908691406
YHR021C,YDR261C-D,0,-0.14933532,0.1278584748506546,0.8801980018615723,0.6070070266723633
YHR084W,YJR094W-A,0,-0.14940076,0.1278400868177414,0.8801980018615723,0.6071071028709412
YML129C,YAL020C,0,-0.14958107,0.12782171368598938,0.8801980018615723,0.607207179069519
YPR031W,YDL146W,0,-0.14962785,0.12780334055423737,0.8801980018615723,0.6073073148727417
YMR012W,YBL078C,0,-0.14993522,0.12778496742248535,0.8801980018615723,0.6074073910713196
YOL028C,YNL139C,0,-0.15026937,0.12776659429073334,0.8801980018615723,0.6075075268745422
YDR473C,YOR204W,1,-0.15029205,0.12789194285869598,0.8811880946159363,0.6075075268745422
YBR084W,YPR054W,0,-0.1504747,0.12787356972694397,0.8811880946159363,0.6076076030731201
YJR145C,YFL003C,0,-0.150593,0.12785519659519196,0.8811880946159363,0.607707679271698
YDL112W,YHR018C,0,-0.15067622,0.12783682346343994,0.8811880946159363,0.6078078150749207
YOR317W,YHR030C,0,-0.15074453,0.12781846523284912,0.8811880946159363,0.6079078912734985
YBR245C,YDL022W,0,-0.1507875,0.1278001219034195,0.8811880946159363,0.6080080270767212
YJR077C,YDR131C,0,-0.15129147,0.12778176367282867,0.8811880946159363,0.6081081032752991
YFL014W,YLR153C,0,-0.15154673,0.12776342034339905,0.8811880946159363,0.608208179473877
YER029C,YMR125W,1,-0.15155742,0.12788861989974976,0.8821782469749451,0.608208179473877
YNR050C,YKL053C-A,0,-0.15192118,0.12787026166915894,0.8821782469749451,0.6083083152770996
YHR045W,YBR280C,0,-0.152558,0.1278519183397293,0.8821782469749451,0.6084083914756775
YIL015W,YPL218W,0,-0.1525956,0.12783357501029968,0.8821782469749451,0.6085085272789001
YOR098C,YHR191C,0,-0.15292895,0.12781523168087006,0.8821782469749451,0.608608603477478
YDL020C,YOR092W,0,-0.15297033,0.12779690325260162,0.8821782469749451,0.6087086796760559
YJR036C,YNL289W,0,-0.1531877,0.1277785748243332,0.8821782469749451,0.6088088154792786
YBR058C,YIL171W,0,-0.15340252,0.12776024639606476,0.8821782469749451,0.6089088916778564
YGL030W,YDR482C,1,-0.15356778,0.12788531184196472,0.8831683397293091,0.6089088916778564
YPL060W,YGR013W,1,-0.1536112,0.1280103176832199,0.8841584324836731,0.6089088916778564
YCL019W,YLR327C,0,-0.15383758,0.12799197435379028,0.8841584324836731,0.6090090274810791
YCR088W,YNR008W,0,-0.1540771,0.12797363102436066,0.8841584324836731,0.609109103679657
YLR130C,YNR050C,0,-0.15435071,0.12795528769493103,0.8841584324836731,0.6092091798782349
YDR520C,YBL090W,0,-0.15491705,0.1279369592666626,0.8841584324836731,0.6093093156814575
YGL208W,YKR009C,0,-0.15493546,0.12791863083839417,0.8841584324836731,0.6094093918800354
YML113W,YMR184W,0,-0.15494974,0.12790031731128693,0.8841584324836731,0.6095095276832581
YKR046C,YLR034C,0,-0.15544905,0.1278820037841797,0.8841584324836731,0.6096096038818359
YJL062W,YOR181W,0,-0.15564884,0.12786369025707245,0.8841584324836731,0.6097096800804138
YPL027W,YOR360C,0,-0.155755,0.1278453767299652,0.8841584324836731,0.6098098158836365
YOR298W,YBR298C,0,-0.155826,0.12782707810401917,0.8841584324836731,0.6099098920822144
YOL004W,YDL070W,0,-0.15594192,0.12780879437923431,0.8841584324836731,0.610010027885437
YPL275W,YNL163C,0,-0.15630943,0.12779049575328827,0.8841584324836731,0.6101101040840149
YFR046C,YBL030C,0,-0.15645118,0.12777221202850342,0.8841584324836731,0.6102102398872375
YDR128W,YCR081W,0,-0.15669116,0.12775392830371857,0.8841584324836731,0.6103103160858154
YOR014W,YBR289W,0,-0.1568556,0.1277356594800949,0.8841584324836731,0.6104103922843933
YOR083W,YDR071C,0,-0.15696424,0.12771739065647125,0.8841584324836731,0.610510528087616
YMR297W,YIL090W,0,-0.15714411,0.1276991218328476,0.8841584324836731,0.6106106042861938
YNL217W,YNL274C,0,-0.15740758,0.12768086791038513,0.8841584324836731,0.6107107400894165
YER048W-A,YLR002C,0,-0.15775755,0.12766261398792267,0.8841584324836731,0.6108108162879944
YLR222C,YGR101W,0,-0.15783751,0.1276443749666214,0.8841584324836731,0.6109108924865723
YGL168W,YER030W,0,-0.15802458,0.12762612104415894,0.8841584324836731,0.6110110282897949
YBR177C,YHR039C,0,-0.15937507,0.12760788202285767,0.8841584324836731,0.6111111044883728
YEL009C,YDR131C,0,-0.15940706,0.1275896579027176,0.8841584324836731,0.6112112402915955
YKL209C,YER088C,0,-0.16014202,0.12757143378257751,0.8841584324836731,0.6113113164901733
YGL170C,YIL085C,0,-0.1602502,0.12755320966243744,0.8841584324836731,0.6114113926887512
YNR070W,YOL054W,0,-0.16044997,0.12753498554229736,0.8841584324836731,0.6115115284919739
YFR031C,YBL099W,0,-0.16155685,0.12751677632331848,0.8841584324836731,0.6116116046905518
YPR133W-A,YLR376C,0,-0.16167964,0.1274985671043396,0.8841584324836731,0.6117117404937744
YNL208W,YGR134W,0,-0.16170995,0.1274803727865219,0.8841584324836731,0.6118118166923523
YPL118W,YPL268W,0,-0.1621914,0.12746217846870422,0.8841584324836731,0.6119118928909302
YAR010C,YEL037C,0,-0.16225167,0.12744398415088654,0.8841584324836731,0.6120120286941528
YER052C,YER119C,0,-0.16226773,0.12742580473423004,0.8841584324836731,0.6121121048927307
YLR080W,YPR058W,0,-0.16243841,0.12740762531757355,0.8841584324836731,0.6122122406959534
YDR109C,YJL190C,0,-0.16248994,0.12738944590091705,0.8841584324836731,0.6123123168945312
YBR281C,YBR205W,0,-0.16298525,0.12737126648426056,0.8841584324836731,0.6124123930931091
YLL062C,YFR007W,0,-0.16314535,0.12735310196876526,0.8841584324836731,0.6125125288963318
YKL180W,YDR462W,0,-0.16350774,0.12733495235443115,0.8841584324836731,0.6126126050949097
YJL011C,YIL136W,0,-0.1636384,0.12731678783893585,0.8841584324836731,0.6127127408981323
YDR342C,YLR100W,0,-0.16369158,0.12729865312576294,0.8841584324836731,0.6128128170967102
YDR479C,YOL142W,0,-0.16397159,0.12728050351142883,0.8841584324836731,0.6129128932952881
YNL311C,YAL009W,0,-0.16415238,0.12726236879825592,0.8841584324836731,0.6130130290985107
YDR512C,YDR353W,0,-0.16464023,0.127244234085083,0.8841584324836731,0.6131131052970886
YOL145C,YML106W,0,-0.16479652,0.1272260993719101,0.8841584324836731,0.6132132411003113
YLR216C,YKR055W,0,-0.16500674,0.12720797955989838,0.8841584324836731,0.6133133172988892
YKL174C,YBL075C,0,-0.16511108,0.12718985974788666,0.8841584324836731,0.613413393497467
YDR044W,YMR004W,0,-0.16532114,0.12717173993587494,0.8841584324836731,0.6135135293006897
YPL092W,YMR223W,0,-0.16572088,0.12715363502502441,0.8841584324836731,0.6136136054992676
YPL202C,YIL160C,0,-0.16602291,0.1271355301141739,0.8841584324836731,0.6137137413024902
YPL172C,YDR358W,0,-0.1661108,0.12711744010448456,0.8841584324836731,0.6138138175010681
YBL064C,YNL309W,0,-0.16613008,0.12709935009479523,0.8841584324836731,0.613913893699646
YOR127W,YHR042W,0,-0.1662211,0.1270812600851059,0.8841584324836731,0.6140140295028687
YLR109W,YGR124W,0,-0.16665468,0.12706317007541656,0.8841584324836731,0.6141141057014465
YOR054C,YLR295C,0,-0.16685937,0.12704509496688843,0.8841584324836731,0.6142142415046692
YKL084W,YMR083W,0,-0.16697733,0.1270270198583603,0.8841584324836731,0.6143143177032471
YJL143W,YLL042C,0,-0.16730818,0.12700895965099335,0.8841584324836731,0.614414393901825
YEL026W,YMR288W,1,-0.16739807,0.1271331012248993,0.8851485252380371,0.614414393901825
YAL033W,YJL102W,0,-0.16746038,0.12711502611637115,0.8851485252380371,0.6145145297050476
YBR160W,YJR007W,0,-0.16750039,0.12709695100784302,0.8851485252380371,0.6146146059036255
YMR287C,YAL032C,0,-0.16751985,0.12707889080047607,0.8851485252380371,0.6147147417068481
YPR124W,YPR094W,0,-0.16767721,0.12706083059310913,0.8851485252380371,0.614814817905426
YKL124W,YAL014C,0,-0.16769908,0.1270427703857422,0.8851485252380371,0.6149148941040039
YPL068C,YPR028W,0,-0.1677887,0.12702472507953644,0.8851485252380371,0.6150150299072266
YHR092C,YPL273W,0,-0.16793557,0.1270066797733307,0.8851485252380371,0.6151151061058044
YPR119W,YML085C,0,-0.16798037,0.12698863446712494,0.8851485252380371,0.6152152419090271
YDL195W,YBR106W,0,-0.16814704,0.12697060406208038,0.8851485252380371,0.615315318107605
YKL201C,YBR061C,0,-0.1682055,0.12695257365703583,0.8851485252380371,0.6154153943061829
YDR279W,YPL283C,0,-0.16849984,0.12693454325199127,0.8851485252380371,0.6155155301094055
YBR044C,YGR087C,0,-0.16850269,0.1269165277481079,0.8851485252380371,0.6156156063079834
YNL182C,YLR204W,0,-0.1685688,0.12689851224422455,0.8851485252380371,0.615715742111206
YNL085W,YHR079C-A,0,-0.16873579,0.1268804967403412,0.8851485252380371,0.6158158183097839
YMR179W,YLR038C,0,-0.16883764,0.12686249613761902,0.8851485252380371,0.6159158945083618
YCR039C,YMR292W,0,-0.16883999,0.12684449553489685,0.8851485252380371,0.6160160303115845
YMR273C,YNR036C,0,-0.16925175,0.12682649493217468,0.8851485252380371,0.6161161065101624
YPR151C,YJL014W,0,-0.16944413,0.1268085092306137,0.8851485252380371,0.616216242313385
YDR288W,YEL069C,0,-0.16969678,0.12679052352905273,0.8851485252380371,0.6163163185119629
YKL209C,YNR023W,0,-0.16978371,0.12677255272865295,0.8851485252380371,0.6164163947105408
YEL038W,YBR214W,0,-0.1701221,0.12675456702709198,0.8851485252380371,0.6165165305137634
YLR380W,YDL165W,0,-0.17015387,0.1267365962266922,0.8851485252380371,0.6166166067123413
YNL329C,YOR181W,0,-0.17030351,0.1267186403274536,0.8851485252380371,0.616716742515564
YLR270W,YKL113C,0,-0.17068799,0.12670068442821503,0.8851485252380371,0.6168168187141418
YLR308W,YGR063C,0,-0.17073523,0.12668272852897644,0.8851485252380371,0.6169168949127197
YPL023C,YPL024W,0,-0.17127277,0.12666477262973785,0.8851485252380371,0.6170170307159424
YMR047C,YBR152W,1,-0.17128436,0.12678849697113037,0.8861386179924011,0.6170170307159424
YOL060C,YNL321W,0,-0.17142141,0.12677054107189178,0.8861386179924011,0.6171171069145203
YMR301C,YBL004W,0,-0.17161365,0.1267525851726532,0.8861386179924011,0.6172172427177429
YLR040C,YBR282W,0,-0.17188026,0.1267346292734146,0.8861386179924011,0.6173173189163208
YPR043W,YKR038C,0,-0.17190325,0.12671668827533722,0.8861386179924011,0.6174173951148987
YNL256W,YHR181W,0,-0.17199135,0.12669874727725983,0.8861386179924011,0.6175175309181213
YPL192C,YBR293W,0,-0.17253675,0.12668082118034363,0.8861386179924011,0.6176176071166992
YLR203C,YDR436W,0,-0.17260572,0.12666289508342743,0.8861386179924011,0.6177177429199219
YDR488C,YBR258C,0,-0.17278387,0.12664496898651123,0.8861386179924011,0.6178178191184998
YAR008W,YNL327W,0,-0.17281665,0.12662705779075623,0.8861386179924011,0.6179178953170776
YLR390W,YOR140W,0,-0.17289306,0.12660913169384003,0.8861386179924011,0.6180180311203003
YLR450W,YMR244C-A,0,-0.17324094,0.12659123539924622,0.8861386179924011,0.6181181073188782
YDR034C-D,YDR240C,0,-0.17334397,0.1265733242034912,0.8861386179924011,0.6182182431221008
YGL220W,YPL099C,0,-0.17346017,0.1265554279088974,0.8861386179924011,0.6183183193206787
YNL217W,YKR066C,0,-0.17347892,0.1265375316143036,0.8861386179924011,0.6184183955192566
YPL147W,YNL218W,0,-0.17353924,0.12651965022087097,0.8861386179924011,0.6185185313224792
YJR129C,YPL276W,0,-0.17356327,0.12650176882743835,0.8861386179924011,0.6186186075210571
YOL151W,YOR037W,0,-0.17360468,0.12648388743400574,0.8861386179924011,0.6187187433242798
YJR155W,YDR534C,0,-0.17362945,0.12646602094173431,0.8861386179924011,0.6188188195228577
YPL139C,YEL055C,0,-0.17370366,0.1264481544494629,0.8861386179924011,0.6189188957214355
YEL016C,YDR380W,0,-0.17404923,0.12643028795719147,0.8861386179924011,0.6190190315246582
YNL270C,YDR099W,0,-0.17414783,0.12641243636608124,0.8861386179924011,0.6191191077232361
YHR004C,YBL054W,0,-0.17418976,0.12639456987380981,0.8861386179924011,0.6192192435264587
YBL090W,YMR154C,0,-0.17435692,0.12637673318386078,0.8861386179924011,0.6193193197250366
YPL177C,YMR058W,0,-0.17468633,0.12635888159275055,0.8861386179924011,0.6194193959236145
YKL126W,YGR108W,0,-0.1751757,0.1263410449028015,0.8861386179924011,0.6195195317268372
YLR356W,YOL070C,0,-0.17528938,0.12632322311401367,0.8861386179924011,0.619619607925415
YDL087C,YNL210W,1,-0.1753762,0.12644651532173157,0.8871287107467651,0.619619607925415
YHL038C,YGR006W,1,-0.17539905,0.12656977772712708,0.8881188035011292,0.619619607925415
YGR061C,YHR117W,0,-0.17601849,0.12655192613601685,0.8881188035011292,0.6197197437286377
YGL157W,YOR128C,0,-0.17624567,0.12653405964374542,0.8881188035011292,0.6198198199272156
YOR328W,YPL022W,0,-0.17658438,0.1265162229537964,0.8881188035011292,0.6199198961257935
YDR235W,YML029W,1,-0.17715324,0.12663939595222473,0.8891088962554932,0.6199198961257935
YOR278W,YOR077W,0,-0.17726125,0.1266215443611145,0.8891088962554932,0.6200200319290161
YCL047C,YJL116C,0,-0.17751294,0.12660369277000427,0.8891088962554932,0.620120108127594
YFL037W,YHR186C,0,-0.17777582,0.12658584117889404,0.8891088962554932,0.6202202439308167
YBR061C,YAL008W,0,-0.17818382,0.126568004488945,0.8891088962554932,0.6203203201293945
YER148W,YKL025C,0,-0.17842658,0.12655016779899597,0.8891088962554932,0.6204203963279724
YKR014C,YDR156W,0,-0.178441,0.12653233110904694,0.8891088962554932,0.6205205321311951
YJL124C,YGL092W,1,-0.17846482,0.12665539979934692,0.8900989890098572,0.6205205321311951
YBR110W,YGR124W,0,-0.17874432,0.1266375482082367,0.8900989890098572,0.620620608329773
YOR131C,YGR249W,0,-0.17905381,0.12661971151828766,0.8900989890098572,0.6207207441329956
YML125C,YDR358W,0,-0.17908375,0.12660188972949982,0.8900989890098572,0.6208208203315735
YDR279W,YGL184C,0,-0.17910753,0.12658406794071198,0.8900989890098572,0.6209208965301514
YOR324C,YBL005W-B,0,-0.17938305,0.12656624615192413,0.8900989890098572,0.621021032333374
YHR007C,YPL258C,0,-0.17947592,0.1265484243631363,0.8900989890098572,0.6211211085319519
YOR030W,YPL112C,0,-0.17995779,0.12653061747550964,0.8900989890098572,0.6212212443351746
YDR508C,YKL059C,0,-0.18016835,0.126512810587883,0.8900989890098572,0.6213213205337524
YJL062W,YGL004C,0,-0.18020684,0.12649500370025635,0.8900989890098572,0.6214213967323303
YJL115W,YDR534C,0,-0.18023036,0.1264772117137909,0.8900989890098572,0.621521532535553
YDL005C,YOR142W,0,-0.18027425,0.12645941972732544,0.8900989890098572,0.6216216087341309
YDL024C,YGL113W,0,-0.18039005,0.12644162774085999,0.8900989890098572,0.6217217445373535
YNL087W,YIL083C,0,-0.18044241,0.12642385065555573,0.8900989890098572,0.6218218207359314
YNR001C,YLR404W,0,-0.18063727,0.12640607357025146,0.8900989890098572,0.6219218969345093
YPL053C,YDL025C,0,-0.1814486,0.1263882964849472,0.8900989890098572,0.6220220327377319
YPL228W,YJL113W,0,-0.18154852,0.12637053430080414,0.8900989890098572,0.6221221089363098
YOR180C,YLR188W,0,-0.18159671,0.12635277211666107,0.8900989890098572,0.6222222447395325
YDR155C,YAR008W,0,-0.18196784,0.1263350248336792,0.8900989890098572,0.6223223209381104
YFR051C,YOR251C,0,-0.18215986,0.12631726264953613,0.8900989890098572,0.6224223971366882
YAL061W,YLR077W,0,-0.18227279,0.12629951536655426,0.8900989890098572,0.6225225329399109
YIL021W,YKL127W,0,-0.18269031,0.12628178298473358,0.8900989890098572,0.6226226091384888
YDR307W,YBL020W,0,-0.18339315,0.1262640506029129,0.8900989890098572,0.6227227449417114
YNL238W,YBL036C,0,-0.1836681,0.12624631822109222,0.8900989890098572,0.6228228211402893
YJR075W,YKR048C,0,-0.1837124,0.12622858583927155,0.8900989890098572,0.6229228973388672
YER046W,YDR540C,0,-0.1839347,0.12621086835861206,0.8900989890098572,0.6230230331420898
YMR188C,YLR129W,0,-0.18434466,0.12619315087795258,0.8900989890098572,0.6231231093406677
YKL165C,YEL021W,0,-0.1844431,0.1261754333972931,0.8900989890098572,0.6232232451438904
YPL033C,YHL018W,0,-0.18446165,0.1261577308177948,0.8900989890098572,0.6233233213424683
YHR081W,YLR016C,0,-0.18448302,0.1261400282382965,0.8900989890098572,0.6234233975410461
YEL053C,YPR160W,0,-0.18477122,0.1261223405599594,0.8900989890098572,0.6235235333442688
YNL067W,YOL008W,0,-0.18479058,0.12610463798046112,0.8900989890098572,0.6236236095428467
YFL037W,YGL130W,0,-0.18508206,0.12608695030212402,0.8900989890098572,0.6237237453460693
YNL006W,YCR011C,0,-0.18534335,0.12606927752494812,0.8900989890098572,0.6238238215446472
YPR138C,YDR449C,0,-0.18577409,0.12605160474777222,0.8900989890098572,0.6239238977432251
YML029W,YDR013W,0,-0.18609813,0.1260339319705963,0.8900989890098572,0.6240240335464478
YDL153C,YDR486C,0,-0.18629585,0.1260162591934204,0.8900989890098572,0.6241241097450256
YGR067C,YNL241C,0,-0.18688095,0.1259986013174057,0.8900989890098572,0.6242242455482483
YCR023C,YJR135W-A,0,-0.18705027,0.125980943441391,0.8900989890098572,0.6243243217468262
YDR510W,YLR301W,0,-0.18710582,0.12596328556537628,0.8900989890098572,0.624424397945404
YPL158C,YDL033C,0,-0.18744004,0.12594564259052277,0.8900989890098572,0.6245245337486267
YOR290C,YDR052C,0,-0.18769889,0.12592799961566925,0.8900989890098572,0.6246246099472046
YHR083W,YBR302C,0,-0.1877723,0.12591037154197693,0.8900989890098572,0.6247247457504272
YOR210W,YPR112C,0,-0.18821897,0.1258927285671234,0.8900989890098572,0.6248248219490051
YFR031C,YDR255C,0,-0.18848328,0.1258751004934311,0.8900989890098572,0.624924898147583
YPL047W,YGR052W,0,-0.18869653,0.12585748732089996,0.8900989890098572,0.6250250339508057
YKL209C,YGL089C,0,-0.18878265,0.12583985924720764,0.8900989890098572,0.6251251101493835
YPR001W,YMR079W,0,-0.18917422,0.1258222460746765,0.8900989890098572,0.6252252459526062
YCR009C,YPL032C,0,-0.18924974,0.12580464780330658,0.8900989890098572,0.6253253221511841
YGL001C,YDR477W,0,-0.1900012,0.12578704953193665,0.8900989890098572,0.625425398349762
YAR008W,YGL120C,1,-0.19041677,0.12590934336185455,0.8910890817642212,0.625425398349762
YOR211C,YER056C-A,0,-0.19042788,0.12589173018932343,0.8910890817642212,0.6255255341529846
YBR265W,YER026C,0,-0.19070905,0.1258741319179535,0.8910890817642212,0.6256256103515625
YGR049W,YNL314W,0,-0.19079237,0.12585651874542236,0.8910890817642212,0.6257257461547852
YOR322C,YOR047C,0,-0.191165,0.12583892047405243,0.8910890817642212,0.625825822353363
YAL005C,YNL092W,0,-0.1917754,0.1258213371038437,0.8910890817642212,0.6259258985519409
YPL190C,YOL108C,0,-0.19217704,0.12580373883247375,0.8910890817642212,0.6260260343551636
YIL031W,YOR204W,0,-0.19221108,0.1257861703634262,0.8910890817642212,0.6261261105537415
YCR046C,YDR508C,0,-0.1922164,0.12576858699321747,0.8910890817642212,0.6262262463569641
YHR028C,YLR307W,0,-0.19226593,0.12575101852416992,0.8910890817642212,0.626326322555542
YLR226W,YBL100W-A,0,-0.19256443,0.12573345005512238,0.8910890817642212,0.6264263987541199
YFR037C,YMR193W,0,-0.19308428,0.12571588158607483,0.8910890817642212,0.6265265345573425
YLR214W,YJR121W,0,-0.19321023,0.12569832801818848,0.8910890817642212,0.6266266107559204
YKL056C,YGR223C,0,-0.19344792,0.12568077445030212,0.8910890817642212,0.6267267465591431
YDR032C,YKL074C,0,-0.19353077,0.12566322088241577,0.8910890817642212,0.626826822757721
YKL163W,YMR023C,0,-0.19368455,0.1256456822156906,0.8910890817642212,0.6269268989562988
YJL100W,YMR021C,0,-0.19369727,0.12562814354896545,0.8910890817642212,0.6270270347595215
YFL018C,YER137C,0,-0.19373457,0.1256106048822403,0.8910890817642212,0.6271271109580994
YNL275W,YKL053C-A,0,-0.1938453,0.12559308111667633,0.8910890817642212,0.627227246761322
YHR043C,YKL085W,0,-0.19396198,0.12557555735111237,0.8910890817642212,0.6273273229598999
YIR006C,YDR038C,0,-0.19500998,0.1255580335855484,0.8910890817642212,0.6274273991584778
YJL052W,YGR089W,0,-0.19516076,0.12554052472114563,0.8910890817642212,0.6275275349617004
YBR231C,YGL123W,0,-0.19531144,0.12552301585674286,0.8910890817642212,0.6276276111602783
YHR004C,YJR045C,0,-0.19552992,0.1255055069923401,0.8910890817642212,0.627727746963501
YBR119W,YFR005C,1,-0.19557522,0.12562744319438934,0.89207923412323,0.627727746963501
YMR300C,YJR002W,0,-0.19557972,0.12560991942882538,0.89207923412323,0.6278278231620789
YJL160C,YKR035W-A,0,-0.19561754,0.1255924105644226,0.89207923412323,0.6279278993606567
YNL079C,YLR043C,0,-0.19568752,0.12557491660118103,0.89207923412323,0.6280280351638794
YHR023W,YHR181W,0,-0.19585717,0.12555740773677826,0.89207923412323,0.6281281113624573
YIR003W,YOR128C,0,-0.19617616,0.12553991377353668,0.89207923412323,0.6282282471656799
YLR204W,YCL059C,0,-0.19644623,0.1255224347114563,0.89207923412323,0.6283283233642578
YFR044C,YGL106W,0,-0.19667408,0.12550494074821472,0.89207923412323,0.6284283995628357
YGR085C,YEL037C,0,-0.19679867,0.12548746168613434,0.89207923412323,0.6285285353660583
YDR173C,YGL173C,0,-0.19769911,0.12546999752521515,0.89207923412323,0.6286286115646362
YPR183W,YGL220W,0,-0.19774537,0.12545251846313477,0.89207923412323,0.6287287473678589
YML009C,YML131W,0,-0.19816095,0.12543505430221558,0.89207923412323,0.6288288235664368
YAL020C,YHR211W,0,-0.1983399,0.1254175901412964,0.89207923412323,0.6289288997650146
YGR215W,YOL041C,0,-0.19857316,0.1254001408815384,0.89207923412323,0.6290290355682373
YDL150W,YPL240C,0,-0.19869111,0.1253826916217804,0.89207923412323,0.6291291117668152
YOL127W,YGR065C,0,-0.1988144,0.1253652423620224,0.89207923412323,0.6292292475700378
YCL019W,YIL111W,0,-0.19897418,0.1253478080034256,0.89207923412323,0.6293293237686157
YHR168W,YPR132W,0,-0.19901823,0.1253303587436676,0.89207923412323,0.6294293999671936
YKR048C,YCR077C,0,-0.19932368,0.125312939286232,0.89207923412323,0.6295295357704163
YGL227W,YPL190C,0,-0.19932903,0.1252955049276352,0.89207923412323,0.6296296119689941
YDR307W,YKR044W,0,-0.19951321,0.12527808547019958,0.89207923412323,0.6297297477722168
YKR105C,YLR157C,0,-0.19968669,0.12526066601276398,0.89207923412323,0.6298298239707947
YBR037C,YJR034W,0,-0.1997991,0.12524326145648956,0.89207923412323,0.6299299001693726
YGL161C,YER184C,0,-0.20002069,0.12522585690021515,0.89207923412323,0.6300300359725952
YIL041W,YKL209C,0,-0.20013541,0.12520845234394073,0.89207923412323,0.6301301121711731
YOL156W,YBR106W,0,-0.20022433,0.12519104778766632,0.89207923412323,0.6302302479743958
YGR058W,YDL061C,0,-0.20057012,0.1251736581325531,0.89207923412323,0.6303303241729736
YLR203C,YGL092W,1,-0.20059963,0.12529517710208893,0.893069326877594,0.6303303241729736
YOL156W,YML005W,0,-0.20095213,0.12527777254581451,0.893069326877594,0.6304304599761963
YGR109W-B,YMR008C,0,-0.20119421,0.1252603828907013,0.893069326877594,0.6305305361747742
YDR443C,YOR005C,0,-0.20127237,0.12524299323558807,0.893069326877594,0.630630612373352
YLL038C,YPR033C,0,-0.20187227,0.12522560358047485,0.893069326877594,0.6307307481765747
YKL198C,YOR115C,0,-0.20211408,0.12520821392536163,0.893069326877594,0.6308308243751526
YGL166W,YJR133W,0,-0.20216368,0.1251908391714096,0.893069326877594,0.6309309601783752
YLR151C,YFL057C,0,-0.2022631,0.12517346441745758,0.893069326877594,0.6310310363769531
YLR133W,YHL018W,0,-0.20227219,0.12515610456466675,0.893069326877594,0.631131112575531
YBR066C,YOR298C-A,0,-0.2028602,0.12513872981071472,0.893069326877594,0.6312312483787537
YOR209C,YCL025C,0,-0.202947,0.1251213699579239,0.893069326877594,0.6313313245773315
YAL039C,YDR014W,0,-0.20303045,0.12510402500629425,0.893069326877594,0.6314314603805542
YFL039C,YOR293W,0,-0.20310463,0.1250866800546646,0.893069326877594,0.6315315365791321
YLR203C,YDR245W,0,-0.20328607,0.12506933510303497,0.893069326877594,0.63163161277771
YNL321W,YKL091C,0,-0.20358461,0.12505199015140533,0.893069326877594,0.6317317485809326
YNL160W,YBR068C,0,-0.20365874,0.1250346601009369,0.893069326877594,0.6318318247795105
YPL012W,YLR130C,0,-0.20365936,0.12501733005046844,0.893069326877594,0.6319319605827332
YGL026C,YPR061C,0,-0.2038437,0.125,0.893069326877594,0.632032036781311
YML032C,YPR132W,0,-0.20406254,0.12498267740011215,0.893069326877594,0.6321321129798889
YPR159W,YNL002C,0,-0.20449112,0.1249653622508049,0.893069326877594,0.6322322487831116
YMR092C,YFR045W,0,-0.20479669,0.12494805455207825,0.893069326877594,0.6323323249816895
YMR216C,YPR043W,0,-0.20508145,0.12493074685335159,0.893069326877594,0.6324324607849121
YDR316W,YER146W,0,-0.20522559,0.12491344660520554,0.893069326877594,0.63253253698349
YOR303W,YJR135C,0,-0.20541833,0.12489615380764008,0.893069326877594,0.6326326131820679
YIR018W,YGR096W,0,-0.20643272,0.12487886101007462,0.893069326877594,0.6327327489852905
YGR059W,YIL090W,0,-0.2067009,0.12486157566308975,0.893069326877594,0.6328328251838684
YER106W,YGR047C,0,-0.20674135,0.12484429031610489,0.893069326877594,0.6329329609870911
YKR039W,YDR522C,0,-0.20690782,0.12482701241970062,0.893069326877594,0.633033037185669
YER052C,YGR169C,0,-0.20699507,0.12480974197387695,0.893069326877594,0.6331331133842468
YDL004W,YPR194C,0,-0.20716646,0.12479247152805328,0.893069326877594,0.6332332491874695
YDR324C,YMR022W,0,-0.20722847,0.12477520853281021,0.893069326877594,0.6333333253860474
YDR538W,YDR219C,0,-0.20738061,0.12475795298814774,0.893069326877594,0.63343346118927
YOR210W,YDR408C,0,-0.2075095,0.12474069744348526,0.893069326877594,0.6335335373878479
YGL153W,YMR307W,0,-0.20802747,0.12472344934940338,0.893069326877594,0.6336336135864258
YPL057C,YOR371C,0,-0.2083713,0.1247062087059021,0.893069326877594,0.6337337493896484
YOR175C,YNL151C,0,-0.2083805,0.12468896806240082,0.893069326877594,0.6338338255882263
YDR174W,YLL011W,0,-0.20845555,0.12467173486948013,0.893069326877594,0.633933961391449
YGR238C,YPR026W,0,-0.2088112,0.12465450167655945,0.893069326877594,0.6340340375900269
YHR134W,YBR067C,0,-0.20901085,0.12463728338479996,0.893069326877594,0.6341341137886047
YER044C,YPL127C,0,-0.2095123,0.12462005764245987,0.893069326877594,0.6342342495918274
YER151C,YHR107C,0,-0.2096216,0.12460284680128098,0.893069326877594,0.6343343257904053
YGR191W,YMR135C,0,-0.21014749,0.12458563596010208,0.893069326877594,0.6344344615936279
YMR087W,YML029W,1,-0.21028645,0.12470652908086777,0.894059419631958,0.6344344615936279
YOR347C,YBR286W,0,-0.21028967,0.12468931078910828,0.894059419631958,0.6345345377922058
YFL047W,YGR086C,0,-0.21030234,0.12467209994792938,0.894059419631958,0.6346346139907837
YIR021W,YPL178W,1,-0.21036382,0.12479293346405029,0.895049512386322,0.6346346139907837
YGR207C,YCR048W,0,-0.21041541,0.1247757077217102,0.895049512386322,0.6347347497940063
YER087W,YLR448W,0,-0.21051724,0.12475848942995071,0.895049512386322,0.6348348259925842
YIL114C,YKL093W,0,-0.2106414,0.12474127113819122,0.895049512386322,0.6349349617958069
YLR382C,YFL017W-A,1,-0.21082337,0.12486203014850616,0.896039605140686,0.6349349617958069
YLR029C,YKR030W,0,-0.21147788,0.12484480440616608,0.896039605140686,0.6350350379943848
YER088C,YML123C,0,-0.21195231,0.12482758611440659,0.896039605140686,0.6351351141929626
YCR046C,YIL040W,0,-0.21196826,0.1248103678226471,0.896039605140686,0.6352352499961853
YPR104C,YEL059C-A,0,-0.21202756,0.1247931569814682,0.896039605140686,0.6353353261947632
YLR385C,YOL117W,0,-0.21209612,0.1247759535908699,0.896039605140686,0.6354354619979858
YJL190C,YPR158C-D,0,-0.21223994,0.1247587502002716,0.896039605140686,0.6355355381965637
YBR123C,YOL027C,0,-0.21259032,0.1247415542602539,0.896039605140686,0.6356356143951416
YER012W,YOL068C,0,-0.21266626,0.1247243657708168,0.896039605140686,0.6357357501983643
YAR018C,YHR046C,0,-0.21281768,0.1247071772813797,0.896039605140686,0.6358358263969421
YLR228C,YLL041C,0,-0.21300898,0.1246899962425232,0.896039605140686,0.6359359622001648
YCR039C,YDL036C,0,-0.21302377,0.12467282265424728,0.896039605140686,0.6360360383987427
YNL115C,YIL134W,0,-0.21318318,0.12465564906597137,0.896039605140686,0.6361361145973206
YPL183W-A,YBL091C-A,0,-0.21367161,0.12463848292827606,0.896039605140686,0.6362362504005432
YKR058W,YCR072C,0,-0.2137013,0.12462131679058075,0.896039605140686,0.6363363265991211
YBR223C,YDL099W,0,-0.21371458,0.12460415810346603,0.896039605140686,0.6364364624023438
YEL011W,YOR118W,0,-0.21385495,0.12458700686693192,0.896039605140686,0.6365365386009216
YOR243C,YLR107W,0,-0.21419124,0.1245698556303978,0.896039605140686,0.6366366147994995
YOR386W,YPR025C,0,-0.21428896,0.12455271184444427,0.896039605140686,0.6367367506027222
YMR146C,YKR003W,0,-0.21434398,0.12453556805849075,0.896039605140686,0.6368368268013
YGR191W,YDL008W,0,-0.21438436,0.12451843917369843,0.896039605140686,0.6369369626045227
YGR158C,YAL016W,0,-0.21478878,0.1245013102889061,0.896039605140686,0.6370370388031006
YIL085C,YDR363W-A,0,-0.2149262,0.12448418140411377,0.896039605140686,0.6371371150016785
YNL126W,YHL012W,0,-0.21530066,0.12446705996990204,0.896039605140686,0.6372372508049011
YIL129C,YNL335W,0,-0.21531142,0.1244499459862709,0.896039605140686,0.637337327003479
YDR463W,YBL074C,1,-0.21558262,0.1245703250169754,0.89702969789505,0.637337327003479
YNR075W,YNL279W,0,-0.2157558,0.12455320358276367,0.89702969789505,0.6374374628067017
YLR027C,YNL050C,0,-0.21586184,0.12453608214855194,0.89702969789505,0.6375375390052795
YBR132C,YJR017C,0,-0.21593659,0.1245189681649208,0.89702969789505,0.6376376152038574
YCR033W,YNL264C,0,-0.21595536,0.12450185418128967,0.89702969789505,0.6377377510070801
YIL067C,YPL241C,0,-0.21633725,0.12448474764823914,0.89702969789505,0.637837827205658
YJL034W,YLL034C,0,-0.21642505,0.1244676485657692,0.89702969789505,0.6379379630088806
YMR304W,YGR257C,0,-0.21666725,0.12445054948329926,0.89702969789505,0.6380380392074585
YER170W,YNL005C,0,-0.2169786,0.12443345785140991,0.89702969789505,0.6381381154060364
YJL130C,YML099C,0,-0.21719973,0.12441636621952057,0.89702969789505,0.638238251209259
YOL102C,YGL120C,1,-0.21726726,0.12453658878803253,0.8980197906494141,0.638238251209259
YCR067C,YDR182W,0,-0.21728091,0.12451949715614319,0.8980197906494141,0.6383383274078369
YMR167W,YPL270W,0,-0.2177159,0.12450240552425385,0.8980197906494141,0.6384384632110596
YDL198C,YFR003C,0,-0.21798836,0.1244853138923645,0.8980197906494141,0.6385385394096375
YDR510W,YNL162W,0,-0.21801676,0.12446822971105576,0.8980197906494141,0.6386386156082153
YKR061W,YCR028C,0,-0.21907346,0.1244511529803276,0.8980197906494141,0.638738751411438
YDR530C,YER014C-A,0,-0.21913968,0.12443407624959946,0.8980197906494141,0.6388388276100159
YDL214C,YKL108W,0,-0.21923958,0.1244170069694519,0.8980197906494141,0.6389389634132385
YJR113C,YHR045W,0,-0.21965925,0.12439994513988495,0.8980197906494141,0.6390390396118164
YOL110W,YMR302C,0,-0.21988557,0.124382883310318,0.8980197906494141,0.6391391158103943
YLL032C,YOR328W,0,-0.22023807,0.12436582893133163,0.8980197906494141,0.6392392516136169
YJL034W,YJL014W,0,-0.22025855,0.12434878200292587,0.8980197906494141,0.6393393278121948
YLR186W,YGL079W,0,-0.22028373,0.12433173507452011,0.8980197906494141,0.6394394636154175
YGL001C,YPL074W,0,-0.22043614,0.12431469559669495,0.8980197906494141,0.6395395398139954
YNL257C,YLR438C-A,0,-0.22043656,0.12429765611886978,0.8980197906494141,0.6396396160125732
YAR066W,YDR419W,0,-0.22044621,0.12428062409162521,0.8980197906494141,0.6397397518157959
YNL271C,YDR418W,0,-0.22055028,0.12426359951496124,0.8980197906494141,0.6398398280143738
YHR174W,YKL170W,0,-0.2210903,0.12424657493829727,0.8980197906494141,0.6399399638175964
YKR039W,YGL119W,0,-0.22109549,0.1242295578122139,0.8980197906494141,0.6400400400161743
YDR011W,YOL157C,0,-0.22137712,0.12421254813671112,0.8980197906494141,0.6401401162147522
YGR203W,YBR103W,0,-0.222079,0.12419553846120834,0.8980197906494141,0.6402402520179749
YPR152C,YEL002C,0,-0.22218205,0.12417852878570557,0.8980197906494141,0.6403403282165527
YPL095C,YKL181W,0,-0.222241,0.12416153401136398,0.8980197906494141,0.6404404640197754
YML046W,YOR120W,0,-0.22233517,0.1241445392370224,0.8980197906494141,0.6405405402183533
YGL206C,YIL083C,0,-0.22263892,0.12412755191326141,0.8980197906494141,0.6406406164169312
YLR274W,YOR232W,0,-0.22272496,0.12411056458950043,0.8980197906494141,0.6407407522201538
YOR123C,YCR040W,0,-0.22302584,0.12409358471632004,0.8980197906494141,0.6408408284187317
YBR223C,YDR326C,0,-0.22317313,0.12407660484313965,0.8980197906494141,0.6409409642219543
YNL217W,YNL014W,0,-0.22334625,0.12405963987112045,0.8980197906494141,0.6410410404205322
YPR165W,YLR178C,0,-0.2233697,0.12404266744852066,0.8980197906494141,0.6411411166191101
YBR056W,YAL032C,0,-0.22341488,0.12402570992708206,0.8980197906494141,0.6412412524223328
YFL066C,YLR359W,0,-0.22362529,0.12400875240564346,0.8980197906494141,0.6413413286209106
YKL152C,YMR298W,0,-0.22382759,0.12399179488420486,0.8980197906494141,0.6414414644241333
YMR189W,YLR170C,0,-0.22405975,0.12397485226392746,0.8980197906494141,0.6415415406227112
YDR470C,YEL042W,0,-0.2244391,0.12395790964365005,0.8980197906494141,0.6416416168212891
YOR339C,YML128C,0,-0.22458903,0.12394096702337265,0.8980197906494141,0.6417417526245117
YLR348C,YOR257W,0,-0.22464894,0.12392403185367584,0.8980197906494141,0.6418418288230896
YJL063C,YFL023W,0,-0.22483097,0.12390710413455963,0.8980197906494141,0.6419419646263123
YOL119C,YOR339C,0,-0.2253813,0.12389017641544342,0.8980197906494141,0.6420420408248901
YJL079C,YDR018C,0,-0.22539698,0.1238732561469078,0.8980197906494141,0.642142117023468
YML081C-A,YLR362W,0,-0.22567378,0.12385634332895279,0.8980197906494141,0.6422422528266907
YKR058W,YDR387C,0,-0.22592594,0.12383943051099777,0.8980197906494141,0.6423423290252686
YCL043C,YFL034C-B,0,-0.22598796,0.12382252514362335,0.8980197906494141,0.6424424648284912
YIL125W,YLR310C,0,-0.22605933,0.12380562722682953,0.8980197906494141,0.6425425410270691
YGR284C,YPR144C,0,-0.2260933,0.1237887293100357,0.8980197906494141,0.642642617225647
YKR006C,YPL098C,0,-0.22609903,0.12377183139324188,0.8980197906494141,0.6427427530288696
YAL039C,YNL281W,0,-0.22629105,0.12375494837760925,0.8980197906494141,0.6428428292274475
YNR067C,YEL021W,0,-0.22630809,0.12373806536197662,0.8980197906494141,0.6429429650306702
YNR032C-A,YBR152W,1,-0.2264766,0.12385758757591248,0.8990098834037781,0.6429429650306702
YMR307W,YOR192C-B,0,-0.22744893,0.12384069710969925,0.8990098834037781,0.643043041229248
YCR052W,YGL055W,0,-0.22755648,0.12382380664348602,0.8990098834037781,0.6431431174278259
YNL124W,YGR295C,0,-0.22792919,0.1238069236278534,0.8990098834037781,0.6432432532310486
YDL153C,YIL082W-A,0,-0.22799285,0.12379004806280136,0.8990098834037781,0.6433433294296265
YHR051W,YJL046W,0,-0.22805436,0.12377317249774933,0.8990098834037781,0.6434434652328491
YHR041C,YJL008C,0,-0.22868447,0.1237563043832779,0.8990098834037781,0.643543541431427
YFL031W,YPR160W,0,-0.22879826,0.12373943626880646,0.8990098834037781,0.6436436176300049
YFL034C-B,YFL039C,0,-0.22906788,0.12372257560491562,0.8990098834037781,0.6437437534332275
YDR432W,YGR013W,1,-0.22921403,0.12384196370840073,0.8999999761581421,0.6437437534332275
YDR243C,YLR382C,1,-0.22924434,0.12396131455898285,0.9009901285171509,0.6437437534332275
YDR297W,YMR070W,0,-0.22925179,0.12394443154335022,0.9009901285171509,0.6438438296318054
YPL095C,YDR497C,0,-0.22940032,0.12392754852771759,0.9009901285171509,0.6439439654350281
YNR013C,YAL010C,0,-0.2298557,0.12391067296266556,0.9009901285171509,0.644044041633606
YBL041W,YHR209W,0,-0.22989939,0.12389380484819412,0.9009901285171509,0.6441441178321838
YOR175C,YPL121C,0,-0.2299688,0.12387693673372269,0.9009901285171509,0.6442442536354065
YOR140W,YDR218C,0,-0.22997491,0.12386007606983185,0.9009901285171509,0.6443443298339844
YKL161C,YBR283C,0,-0.23001169,0.1238432228565216,0.9009901285171509,0.644444465637207
YBR133C,YDR447C,0,-0.23014168,0.12382636964321136,0.9009901285171509,0.6445445418357849
YPR156C,YJL092W,0,-0.23032163,0.12380952388048172,0.9009901285171509,0.6446446180343628
YBR223C,YML005W,0,-0.23049138,0.12379267811775208,0.9009901285171509,0.6447447538375854
YOL113W,YIL140W,0,-0.23059236,0.12377583980560303,0.9009901285171509,0.6448448300361633
YNL305C,YPR019W,0,-0.23090677,0.12375900894403458,0.9009901285171509,0.644944965839386
YPL022W,YNL304W,0,-0.2309675,0.12374217808246613,0.9009901285171509,0.6450450420379639
YJL143W,YOR291W,0,-0.23129977,0.12372535467147827,0.9009901285171509,0.6451451182365417
YKL056C,YCR073C,0,-0.23131399,0.12370853871107101,0.9009901285171509,0.6452452540397644
YKR065C,YOL070C,0,-0.23132385,0.12369172275066376,0.9009901285171509,0.6453453302383423
YOR155C,YMR231W,0,-0.23167877,0.1236749142408371,0.9009901285171509,0.6454454660415649
YFR004W,YHR104W,0,-0.2321224,0.12365810573101044,0.9009901285171509,0.6455455422401428
YER039C,YPR023C,0,-0.23226313,0.12364130467176437,0.9009901285171509,0.6456456184387207
YIR037W,YLR438C-A,0,-0.23237298,0.12362451106309891,0.9009901285171509,0.6457457542419434
YOR224C,YJR015W,0,-0.2323864,0.12360771745443344,0.9009901285171509,0.6458458304405212
YMR012W,YOR328W,0,-0.23243622,0.12359093129634857,0.9009901285171509,0.6459459662437439
YLL008W,YMR135C,0,-0.23257582,0.1235741451382637,0.9009901285171509,0.6460460424423218
YJR135W-A,YBL016W,0,-0.23315366,0.12355736643075943,0.9009901285171509,0.6461461186408997
YDL140C,YKL021C,0,-0.23323722,0.12354059517383575,0.9009901285171509,0.6462462544441223
YJL066C,YOR192C-B,0,-0.23324339,0.12352382391691208,0.9009901285171509,0.6463463306427002
YBR221C,YBR210W,0,-0.23324822,0.123507060110569,0.9009901285171509,0.6464464664459229
YMR038C,YOR232W,0,-0.2333502,0.12349029630422592,0.9009901285171509,0.6465465426445007
YNR054C,YPL183W-A,0,-0.23372494,0.12347353994846344,0.9009901285171509,0.6466466188430786
YGR087C,YJL103C,0,-0.23391403,0.12345679104328156,0.9009901285171509,0.6467467546463013
YOR063W,YCL055W,0,-0.23395939,0.12344004213809967,0.9009901285171509,0.6468468308448792
YOL088C,YBR096W,0,-0.23404984,0.12342330068349838,0.9009901285171509,0.6469469666481018
YPL113C,YJL079C,0,-0.23408584,0.12340656667947769,0.9009901285171509,0.6470470428466797
YFL033C,YPL038W,0,-0.2341687,0.123389832675457,0.9009901285171509,0.6471471190452576
YGL090W,YBR105C,0,-0.23435383,0.12337309867143631,0.9009901285171509,0.6472472548484802
YHR124W,YNL093W,0,-0.23453654,0.12335637956857681,0.9009901285171509,0.6473473310470581
YOR014W,YIL088C,0,-0.2345743,0.12333966046571732,0.9009901285171509,0.6474474668502808
YGL125W,YIR033W,0,-0.23474298,0.12332294136285782,0.9009901285171509,0.6475475430488586
YEL060C,YML010W,0,-0.23476462,0.12330622971057892,0.9009901285171509,0.6476476192474365
YML029W,YDL087C,1,-0.23488088,0.12342500686645508,0.9019802212715149,0.6476476192474365
YDL042C,YHR175W,0,-0.2352371,0.12340828776359558,0.9019802212715149,0.6477477550506592
YDL136W,YKL139W,0,-0.23524092,0.12339157611131668,0.9019802212715149,0.6478478312492371
YGL249W,YER144C,0,-0.23542874,0.12337486445903778,0.9019802212715149,0.6479479670524597
YKL161C,YOL033W,0,-0.23564427,0.12335816025733948,0.9019802212715149,0.6480480432510376
YMR045C,YNL093W,0,-0.23572995,0.12334145605564117,0.9019802212715149,0.6481481194496155
YOR071C,YDR195W,0,-0.23598759,0.12332475930452347,0.9019802212715149,0.6482482552528381
YPL037C,YER137C,0,-0.23598774,0.12330807000398636,0.9019802212715149,0.648348331451416
YLR449W,YBR210W,0,-0.23606203,0.12329138070344925,0.9019802212715149,0.6484484672546387
YOL101C,YGR128C,0,-0.23635648,0.12327469885349274,0.9019802212715149,0.6485485434532166
YER098W,YMR229C,0,-0.23641987,0.12325801700353622,0.9019802212715149,0.6486486196517944
YPL143W,YKL100C,0,-0.23651125,0.12324134260416031,0.9019802212715149,0.6487487554550171
YOR175C,YDR030C,0,-0.23680513,0.12322467565536499,0.9019802212715149,0.648848831653595
YER016W,YOR382W,0,-0.23722468,0.12320800870656967,0.9019802212715149,0.6489489674568176
YDR501W,YML048W,0,-0.23737805,0.12319134920835495,0.9019802212715149,0.6490490436553955
YKR071C,YJL134W,0,-0.2375185,0.12317468971014023,0.9019802212715149,0.6491491198539734
YKR048C,YJR005W,0,-0.23763005,0.1231580376625061,0.9019802212715149,0.649249255657196
YOR347C,YKL212W,0,-0.23817502,0.12314139306545258,0.9019802212715149,0.6493493318557739
YDR076W,YDR511W,0,-0.23847802,0.12312474846839905,0.9019802212715149,0.6494494676589966
YDL165W,YBR205W,0,-0.23850898,0.12310811132192612,0.9019802212715149,0.6495495438575745
YML048W,YGL179C,0,-0.23877986,0.12309147417545319,0.9019802212715149,0.6496496200561523
YDL083C,YPL214C,0,-0.2388945,0.12307484447956085,0.9019802212715149,0.649749755859375
YBL101C,YGL030W,0,-0.23893003,0.12305822223424911,0.9019802212715149,0.6498498320579529
YGR128C,YML116W,0,-0.23908429,0.12304159998893738,0.9019802212715149,0.6499499678611755
YPL060W,YKL094W,0,-0.23924552,0.12302498519420624,0.9019802212715149,0.6500500440597534
YIR012W,YDR296W,0,-0.23968719,0.1230083703994751,0.9019802212715149,0.6501501798629761
YLR341W,YDL174C,0,-0.23980759,0.12299176305532455,0.9019802212715149,0.650250256061554
YER120W,YMR030W,0,-0.23986976,0.12297516316175461,0.9019802212715149,0.6503503322601318
YIL113W,YEL070W,0,-0.24038522,0.12295856326818466,0.9019802212715149,0.6504504680633545
YDL006W,YOR204W,1,-0.24050497,0.1230769231915474,0.9029703140258789,0.6504504680633545
YJL048C,YGR148C,0,-0.24083053,0.12306031584739685,0.9029703140258789,0.6505505442619324
YGL122C,YOL146W,0,-0.24086486,0.1230437159538269,0.9029703140258789,0.650650680065155
YMR298W,YPL212C,0,-0.24110113,0.12302711606025696,0.9029703140258789,0.6507507562637329
YKL120W,YIL091C,0,-0.24136324,0.12301052361726761,0.9029703140258789,0.6508508324623108
YKL078W,YPR060C,0,-0.2417017,0.12299393117427826,0.9029703140258789,0.6509509682655334
YHR135C,YFL034C-A,0,-0.2417743,0.1229773461818695,0.9029703140258789,0.6510510444641113
YMR184W,YOL110W,0,-0.24186258,0.12296076864004135,0.9029703140258789,0.651151180267334
YKL213C,YNL244C,0,-0.24188773,0.1229441910982132,0.9029703140258789,0.6512512564659119
YDL204W,YKL073W,0,-0.24251176,0.12292762100696564,0.9029703140258789,0.6513513326644897
YFL033C,YBL050W,0,-0.24316423,0.12291105091571808,0.9029703140258789,0.6514514684677124
YNL270C,YIL051C,0,-0.24330871,0.12289448827505112,0.9029703140258789,0.6515515446662903
YGL173C,YGR084C,0,-0.24347813,0.12287793308496475,0.9029703140258789,0.6516516804695129
YDL164C,YER117W,0,-0.24359564,0.12286137789487839,0.9029703140258789,0.6517517566680908
YLR225C,YPL249C-A,0,-0.24404995,0.12284483015537262,0.9029703140258789,0.6518518328666687
YKR009C,YOR182C,0,-0.24409483,0.12282828241586685,0.9029703140258789,0.6519519686698914
YKL180W,YPR165W,0,-0.24419479,0.12281174212694168,0.9029703140258789,0.6520520448684692
YKL180W,YGL133W,0,-0.24429895,0.1227952092885971,0.9029703140258789,0.6521521806716919
YGL037C,YDR310C,0,-0.24440403,0.12277867645025253,0.9029703140258789,0.6522522568702698
YLR341W,YDR046C,0,-0.24457972,0.12276215106248856,0.9029703140258789,0.6523523330688477
YBR187W,YNL082W,0,-0.24471624,0.12274562567472458,0.9029703140258789,0.6524524688720703
YIL136W,YJL214W,0,-0.2452104,0.1227291077375412,0.9029703140258789,0.6525525450706482
YMR034C,YPL180W,0,-0.24523966,0.12271259725093842,0.9029703140258789,0.6526526808738708
YIL168W,YLR370C,0,-0.24532597,0.12269608676433563,0.9029703140258789,0.6527527570724487
YGL210W,YIL099W,0,-0.24536668,0.12267958372831345,0.9029703140258789,0.6528528332710266
YOR255W,YMR288W,0,-0.24541293,0.12266308069229126,0.9029703140258789,0.6529529690742493
YCR039C,YBR037C,0,-0.24542324,0.12264658510684967,0.9029703140258789,0.6530530452728271
YGL251C,YLR452C,0,-0.24558793,0.12263008952140808,0.9029703140258789,0.6531531810760498
YBR030W,YBR067C,0,-0.24568592,0.12261360883712769,0.9029703140258789,0.6532532572746277
YBR097W,YHR041C,0,-0.24577148,0.1225971207022667,0.9029703140258789,0.6533533334732056
YCL026C-A,YHR135C,0,-0.24607931,0.1225806474685669,0.9029703140258789,0.6534534692764282
YKR060W,YLR357W,0,-0.24614237,0.1225641742348671,0.9029703140258789,0.6535535454750061
YJR090C,YNL014W,0,-0.2468362,0.1225477010011673,0.9029703140258789,0.6536536812782288
YDR461W,YIL157C,0,-0.24690436,0.1225312352180481,0.9029703140258789,0.6537537574768066
YDR536W,YLR024C,0,-0.24701874,0.12251477688550949,0.9029703140258789,0.6538538336753845
YPL104W,YMR123W,0,-0.24719484,0.12249831855297089,0.9029703140258789,0.6539539694786072
YGR162W,YJL050W,0,-0.24720316,0.12248186767101288,0.9029703140258789,0.6540540456771851
YPL164C,YHR063C,0,-0.24727283,0.12246542423963547,0.9029703140258789,0.6541541814804077
YDL132W,YKL217W,0,-0.24742855,0.12244898080825806,0.9029703140258789,0.6542542576789856
YLR373C,YLR229C,0,-0.24743138,0.12243254482746124,0.9029703140258789,0.6543543338775635
YLR421C,YBR009C,0,-0.24746977,0.12241610884666443,0.9029703140258789,0.6544544696807861
YGR144W,YJR019C,0,-0.24765764,0.12239968031644821,0.9029703140258789,0.654554545879364
YPL027W,YDL128W,0,-0.2482196,0.122383251786232,0.9029703140258789,0.6546546816825867
YHL004W,YKL203C,0,-0.24826826,0.12236683070659637,0.9029703140258789,0.6547547578811646
YOR275C,YML116W,0,-0.24831773,0.12235041707754135,0.9029703140258789,0.6548548340797424
YOR039W,YML087C,0,-0.24834211,0.12233400344848633,0.9029703140258789,0.6549549698829651
YNL302C,YIL020C,0,-0.2485417,0.1223175972700119,0.9029703140258789,0.655055046081543
YML071C,YBR126C,0,-0.24865146,0.12230119109153748,0.9029703140258789,0.6551551818847656
YAL043C,YNR043W,0,-0.24876581,0.12228479236364365,0.9029703140258789,0.6552552580833435
YLR285W,YPL094C,0,-0.24906646,0.12226840108633041,0.9029703140258789,0.6553553342819214
YLL045C,YML121W,0,-0.24911056,0.12225200980901718,0.9029703140258789,0.655455470085144
YPL015C,YMR094W,0,-0.24916084,0.12223562598228455,0.9029703140258789,0.6555555462837219
YHR215W,YPR032W,0,-0.2494974,0.12221924215555191,0.9029703140258789,0.6556556820869446
YIL073C,YOR204W,0,-0.24959962,0.12220286577939987,0.9029703140258789,0.6557557582855225
YOL075C,YMR172W,0,-0.2497,0.12218649685382843,0.9029703140258789,0.6558558344841003
YKL184W,YDR432W,0,-0.24976347,0.12217012792825699,0.9029703140258789,0.655955970287323
YLR043C,YDR457W,0,-0.25011355,0.12215376645326614,0.9029703140258789,0.6560560464859009
YGR032W,YGR220C,0,-0.25024986,0.1221374049782753,0.9029703140258789,0.6561561822891235
YLR308W,YKL137W,0,-0.250323,0.12212105095386505,0.9029703140258789,0.6562562584877014
YML087C,YOR176W,0,-0.25041026,0.1221046969294548,0.9029703140258789,0.6563563346862793
YPR134W,YPR057W,1,-0.25057644,0.12222222238779068,0.9039604067802429,0.6563563346862793
YOR147W,YNL073W,0,-0.25058287,0.12220586091279984,0.9039604067802429,0.656456470489502
YBR235W,YGR288W,0,-0.25068825,0.12218950688838959,0.9039604067802429,0.6565565466880798
YML012W,YGL090W,0,-0.2508008,0.12217316031455994,0.9039604067802429,0.6566566824913025
YPR011C,YBR056W,0,-0.2509297,0.12215681374073029,0.9039604067802429,0.6567567586898804
YER048W-A,YHR030C,0,-0.25105882,0.12214046716690063,0.9039604067802429,0.6568568348884583
YBR296C,YNR018W,0,-0.25118393,0.12212412804365158,0.9039604067802429,0.6569569706916809
YHL004W,YOR208W,0,-0.25154197,0.12210779637098312,0.9039604067802429,0.6570570468902588
YPR192W,YDR347W,0,-0.25200057,0.12209146469831467,0.9039604067802429,0.6571571826934814
YMR090W,YPR009W,0,-0.2525401,0.1220751404762268,0.9039604067802429,0.6572572588920593
YOL097C,YHR025W,0,-0.25294995,0.12205882370471954,0.9039604067802429,0.6573573350906372
YNL127W,YMR280C,0,-0.2529551,0.12204250693321228,0.9039604067802429,0.6574574708938599
YHL036W,YJR026W,0,-0.2533466,0.12202619761228561,0.9039604067802429,0.6575575470924377
YGR185C,YER168C,0,-0.25345194,0.12200988829135895,0.9039604067802429,0.6576576828956604
YAL041W,YDR224C,0,-0.25350332,0.12199358642101288,0.9039604067802429,0.6577577590942383
YBL011W,YML104C,0,-0.25360036,0.12197728455066681,0.9039604067802429,0.6578578352928162
YNL178W,YLR357W,0,-0.25361323,0.12196099013090134,0.9039604067802429,0.6579579710960388
YAR050W,YDL008W,0,-0.2538322,0.12194470316171646,0.9039604067802429,0.6580580472946167
YOR210W,YHR001W,0,-0.25386855,0.12192841619253159,0.9039604067802429,0.6581581830978394
YMR319C,YGR135W,0,-0.2540708,0.12191213667392731,0.9039604067802429,0.6582582592964172
YLR438C-A,YOR204W,1,-0.2541368,0.1220293715596199,0.9049504995346069,0.6582582592964172
YJR028W,YBR202W,0,-0.25474185,0.12201308459043503,0.9049504995346069,0.6583583354949951
YHR129C,YJL158C,0,-0.2549677,0.12199679762125015,0.9049504995346069,0.6584584712982178
YJL011C,YGL062W,0,-0.25623393,0.12198051810264587,0.9049504995346069,0.6585585474967957
YOL127W,YKL041W,0,-0.2563092,0.1219642385840416,0.9049504995346069,0.6586586833000183
YOR151C,YPR043W,0,-0.2563575,0.12194796651601791,0.9049504995346069,0.6587587594985962
YBL018C,YEL002C,0,-0.2565636,0.12193169444799423,0.9049504995346069,0.6588588356971741
YMR152W,YLR178C,0,-0.2565758,0.12191542983055115,0.9049504995346069,0.6589589715003967
YNR035C,YML052W,0,-0.25673208,0.12189917266368866,0.9049504995346069,0.6590590476989746
YPR080W,YJR161C,0,-0.2567418,0.12188291549682617,0.9049504995346069,0.6591591835021973
YPR107C,YGR032W,0,-0.25710893,0.12186666578054428,0.9049504995346069,0.6592592597007751
YHR041C,YNL280C,0,-0.2573854,0.12185042351484299,0.9049504995346069,0.659359335899353
YFL033C,YDR191W,0,-0.2574808,0.1218341812491417,0.9049504995346069,0.6594594717025757
YIR028W,YGR096W,0,-0.25785962,0.1218179389834404,0.9049504995346069,0.6595595479011536
YDR214W,YLR355C,0,-0.25808775,0.1218017041683197,0.9049504995346069,0.6596596837043762
YDR483W,YGR002C,0,-0.2583194,0.1217854768037796,0.9049504995346069,0.6597597599029541
YKL171W,YBR098W,0,-0.25873804,0.1217692494392395,0.9049504995346069,0.659859836101532
YJL060W,YDR085C,0,-0.2589478,0.12175302952528,0.9049504995346069,0.6599599719047546
YHR098C,YKL094W,0,-0.25910795,0.12173681706190109,0.9049504995346069,0.6600600481033325
YBR123C,YGL229C,0,-0.25921792,0.12172060459852219,0.9049504995346069,0.6601601839065552
YDR423C,YLR278C,0,-0.25930434,0.12170439213514328,0.9049504995346069,0.6602602601051331
YHR072W-A,YOL090W,0,-0.25939524,0.12168818712234497,0.9049504995346069,0.6603603363037109
YOR285W,YBR158W,0,-0.25968212,0.12167198956012726,0.9049504995346069,0.6604604721069336
YPR156C,YIL128W,0,-0.2601222,0.12165579944849014,0.9049504995346069,0.6605605483055115
YFL014W,YGL225W,0,-0.26014587,0.12163960933685303,0.9049504995346069,0.6606606841087341
YIR017C,YPR098C,0,-0.2603221,0.12162341922521591,0.9049504995346069,0.660760760307312
YLL061W,YBL079W,0,-0.26050755,0.1216072365641594,0.9049504995346069,0.6608608365058899
YGL137W,YKL144C,0,-0.26095366,0.12159106135368347,0.9049504995346069,0.6609609723091125
YJR077C,YDR231C,0,-0.26108238,0.12157488614320755,0.9049504995346069,0.6610610485076904
YNL053W,YDL070W,0,-0.26116234,0.12155871838331223,0.9049504995346069,0.6611611843109131
YOR066W,YKR098C,0,-0.26118025,0.1215425506234169,0.9049504995346069,0.661261260509491
YPL157W,YNL242W,0,-0.26152626,0.12152639031410217,0.9049504995346069,0.6613613367080688
YBR298C,YDL015C,0,-0.26232478,0.12151023745536804,0.9049504995346069,0.6614614725112915
YCR075C,YLR430W,0,-0.26259226,0.12149408459663391,0.9049504995346069,0.6615615487098694
YNR012W,YPR029C,0,-0.26276454,0.12147793918848038,0.9049504995346069,0.661661684513092
YOR071C,YLR228C,0,-0.26298532,0.12146179378032684,0.9049504995346069,0.6617617607116699
YDR081C,YGR076C,0,-0.26342785,0.1214456558227539,0.9049504995346069,0.6618618369102478
YKL071W,YDR158W,0,-0.26343477,0.12142951786518097,0.9049504995346069,0.6619619727134705
YGL002W,YPR151C,0,-0.26344734,0.12141338735818863,0.9049504995346069,0.6620620489120483
YLR395C,YKL174C,0,-0.26356977,0.12139726430177689,0.9049504995346069,0.662162184715271
YLR246W,YBR092C,0,-0.2636582,0.12138114124536514,0.9049504995346069,0.6622622609138489
YDL179W,YHR081W,0,-0.26385763,0.121365025639534,0.9049504995346069,0.6623623371124268
YNR010W,YKL107W,0,-0.26390266,0.12134891003370285,0.9049504995346069,0.6624624729156494
YDL056W,YGR198W,0,-0.2641595,0.1213328018784523,0.9049504995346069,0.6625625491142273
YNL192W,YMR306W,0,-0.2641958,0.12131670117378235,0.9049504995346069,0.66266268491745
YDR064W,YKR013W,0,-0.26451975,0.1213006004691124,0.9049504995346069,0.6627627611160278
YPR006C,YMR152W,0,-0.26456347,0.12128449976444244,0.9049504995346069,0.6628628373146057
YDL159W,YLL017W,0,-0.26467758,0.12126840651035309,0.9049504995346069,0.6629629731178284
YOL045W,YPR103W,0,-0.26470032,0.12125232070684433,0.9049504995346069,0.6630630493164062
YKR080W,YGL256W,0,-0.26492807,0.12123623490333557,0.9049504995346069,0.6631631851196289
YLR027C,YLR398C,0,-0.26538572,0.12122015655040741,0.9049504995346069,0.6632632613182068
YMR323W,YCR081W,0,-0.2657167,0.12120408564805984,0.9049504995346069,0.6633633375167847
YJR088C,YGR020C,0,-0.26580518,0.12118801474571228,0.9049504995346069,0.6634634733200073
YDR255C,YLR305C,0,-0.26594242,0.12117194384336472,0.9049504995346069,0.6635635495185852
YGL157W,YBR132C,0,-0.26654756,0.12115588784217834,0.9049504995346069,0.6636636853218079
YIR006C,YDL204W,0,-0.26668203,0.12113982439041138,0.9049504995346069,0.6637637615203857
YNL297C,YKL182W,0,-0.26680204,0.1211237758398056,0.9049504995346069,0.6638638377189636
YBR171W,YLR197W,0,-0.26696306,0.12110772728919983,0.9049504995346069,0.6639639735221863
YER002W,YML042W,0,-0.26703423,0.12109167873859406,0.9049504995346069,0.6640640497207642
YBR215W,YEL042W,0,-0.2670843,0.12107563763856888,0.9049504995346069,0.6641641855239868
YDR501W,YCL059C,0,-0.2671187,0.1210596039891243,0.9049504995346069,0.6642642617225647
YML073C,YHL034C,0,-0.2674101,0.12104357033967972,0.9049504995346069,0.6643643379211426
YHR005C-A,YCR012W,0,-0.26764184,0.12102754414081573,0.9049504995346069,0.6644644737243652
YOR304C-A,YBR158W,0,-0.26764786,0.12101151794195175,0.9049504995346069,0.6645645499229431
YAL003W,YFL002W-B,0,-0.26789916,0.12099549919366837,0.9049504995346069,0.6646646857261658
YHR176W,YHL009W-B,0,-0.2680601,0.12097948044538498,0.9049504995346069,0.6647647619247437
YER054C,YJR047C,0,-0.2682278,0.12096346914768219,0.9049504995346069,0.6648648381233215
YDR143C,YIL101C,0,-0.269036,0.12094746530056,0.9049504995346069,0.6649649739265442
YNL115C,YMR311C,0,-0.26918525,0.1209314614534378,0.9049504995346069,0.6650650501251221
YLR410W,YDR418W,0,-0.26939055,0.12091546505689621,0.9049504995346069,0.6651651859283447
YBR128C,YNL037C,0,-0.2694138,0.12089946866035461,0.9049504995346069,0.6652652621269226
YPL228W,YJR121W,0,-0.26979274,0.12088347971439362,0.9049504995346069,0.6653653383255005
YFL047W,YMR315W,0,-0.26988834,0.12086749821901321,0.9049504995346069,0.6654654741287231
YNL016W,YMR278W,0,-0.27038997,0.12085151672363281,0.9049504995346069,0.665565550327301
YBR102C,YHR179W,0,-0.2704445,0.12083553522825241,0.9049504995346069,0.6656656861305237
YPL008W,YJL034W,0,-0.27049834,0.1208195611834526,0.9049504995346069,0.6657657623291016
YLR191W,YDL156W,0,-0.27102837,0.1208035945892334,0.9049504995346069,0.6658658385276794
YER054C,YGL106W,0,-0.2710952,0.12078762799501419,0.9049504995346069,0.6659659743309021
YNL160W,YJR045C,0,-0.27113178,0.12077166885137558,0.9049504995346069,0.66606605052948
YGL234W,YPR043W,0,-0.27160585,0.12075571715831757,0.9049504995346069,0.6661661863327026
YHL044W,YAR031W,0,-0.27175212,0.12073976546525955,0.9049504995346069,0.6662662625312805
YBL023C,YNL220W,0,-0.27188918,0.12072381377220154,0.9049504995346069,0.6663663387298584
YHR211W,YDL039C,0,-0.2720206,0.12070786952972412,0.9049504995346069,0.666466474533081
YDR243C,YDR432W,1,-0.2721914,0.12082397937774658,0.905940592288971,0.666466474533081
YKL035W,YBR096W,0,-0.2722215,0.12080802768468857,0.905940592288971,0.6665665507316589
YKL161C,YMR201C,0,-0.27224684,0.12079207599163055,0.905940592288971,0.6666666865348816
YKL173W,YPL276W,0,-0.27243233,0.12077613174915314,0.905940592288971,0.6667667627334595
YGR086C,YJR032W,0,-0.27259207,0.12076019495725632,0.905940592288971,0.6668668389320374
YGL031C,YDL021W,0,-0.27260983,0.1207442581653595,0.905940592288971,0.66696697473526
YER106W,YLR301W,0,-0.27287868,0.12072832882404327,0.905940592288971,0.6670670509338379
YKR103W,YMR097C,0,-0.27300388,0.12071239948272705,0.905940592288971,0.6671671867370605
YNL146W,YAL008W,0,-0.27300963,0.12069647759199142,0.905940592288971,0.6672672629356384
YNR007C,YMR159C,0,-0.27331403,0.1206805557012558,0.905940592288971,0.6673673391342163
YBR185C,YNR017W,0,-0.27343765,0.12066464126110077,0.905940592288971,0.667467474937439
YMR030W,YJL191W,0,-0.2736233,0.12064873427152634,0.905940592288971,0.6675675511360168
YCR102C,YIL142W,0,-0.2737006,0.1206328272819519,0.905940592288971,0.6676676869392395
YHL018W,YCL057C-A,0,-0.27411842,0.12061692774295807,0.905940592288971,0.6677677631378174
YMR171C,YNR061C,0,-0.27416515,0.12060102820396423,0.905940592288971,0.6678678393363953
YHR089C,YGR239C,0,-0.2742083,0.120585136115551,0.905940592288971,0.6679679751396179
YMR166C,YOL062C,0,-0.27441424,0.12056924402713776,0.905940592288971,0.6680680513381958
YIR012W,YKR067W,0,-0.27511027,0.12055335938930511,0.905940592288971,0.6681681871414185
YLR210W,YLR113W,0,-0.2751295,0.12053748220205307,0.905940592288971,0.6682682633399963
YNL061W,YKL007W,0,-0.27514887,0.12052160501480103,0.905940592288971,0.6683683395385742
YOR251C,YJL122W,0,-0.2753196,0.12050572782754898,0.905940592288971,0.6684684753417969
YNL257C,YDR481C,0,-0.27546436,0.12048985809087753,0.905940592288971,0.6685685515403748
YCR075C,YDL246C,0,-0.2756306,0.12047399580478668,0.905940592288971,0.6686686873435974
YDR247W,YHR187W,0,-0.27603614,0.12045813351869583,0.905940592288971,0.6687687635421753
YJR105W,YDR156W,0,-0.27613503,0.12044227868318558,0.905940592288971,0.6688688397407532
YCL075W,YJL081C,0,-0.27626783,0.12042643129825592,0.905940592288971,0.6689689755439758
YJR121W,YBL089W,0,-0.27661085,0.12041058391332626,0.905940592288971,0.6690690517425537
YER019W,YLR080W,0,-0.27692387,0.1203947365283966,0.905940592288971,0.6691691875457764
YDL049C,YBR055C,0,-0.27698788,0.12037889659404755,0.905940592288971,0.6692692637443542
YCL066W,YDR210W-A,0,-0.27705926,0.12036306411027908,0.905940592288971,0.6693693399429321
YJR064W,YLR178C,0,-0.27710095,0.12034723162651062,0.905940592288971,0.6694694757461548
YIL023C,YDR337W,0,-0.27730602,0.12033140659332275,0.905940592288971,0.6695695519447327
YDR261W-B,YOR230W,0,-0.27776724,0.12031558156013489,0.905940592288971,0.6696696877479553
YMR251W-A,YGL136C,0,-0.2778713,0.12029976397752762,0.905940592288971,0.6697697639465332
YKL201C,YDR313C,0,-0.27814007,0.12028394639492035,0.905940592288971,0.6698698401451111
YML034W,YGL032C,0,-0.27820972,0.12026813626289368,0.905940592288971,0.6699699759483337
YPL091W,YDL159W,0,-0.27841678,0.1202523335814476,0.905940592288971,0.6700700521469116
YMR190C,YLR205C,0,-0.27846256,0.12023653090000153,0.905940592288971,0.6701701879501343
YER088C,YMR136W,0,-0.27875987,0.12022073566913605,0.905940592288971,0.6702702641487122
YBR227C,YGR087C,0,-0.27950084,0.12020494043827057,0.905940592288971,0.6703703999519348
YAR071W,YOL057W,0,-0.27975905,0.12018915265798569,0.905940592288971,0.6704704761505127
YNL073W,YHR079C-A,0,-0.27976993,0.1201733648777008,0.905940592288971,0.6705705523490906
YHR019C,YBR058C-A,0,-0.2800669,0.12015758454799652,0.905940592288971,0.6706706881523132
YNL053W,YJR001W,0,-0.28059745,0.12014180421829224,0.905940592288971,0.6707707643508911
YOL028C,YCL043C,0,-0.28071028,0.12012603133916855,0.905940592288971,0.6708709001541138
YPL020C,YHR018C,0,-0.2808553,0.12011026591062546,0.905940592288971,0.6709709763526917
YMR038C,YLR081W,0,-0.2810754,0.12009450048208237,0.905940592288971,0.6710710525512695
YPR035W,YLR109W,0,-0.28119302,0.12007874250411987,0.905940592288971,0.6711711883544922
YJR083C,YOR014W,0,-0.28127414,0.12006298452615738,0.905940592288971,0.6712712645530701
YJL051W,YNR018W,0,-0.28131306,0.12004723399877548,0.905940592288971,0.6713714003562927
YMR293C,YER025W,0,-0.28156772,0.12003148347139359,0.905940592288971,0.6714714765548706
YFR006W,YKL172W,0,-0.2824334,0.12001574039459229,0.905940592288971,0.6715715527534485
YHR002W,YBR026C,0,-0.2824459,0.11999999731779099,0.905940592288971,0.6716716885566711
YMR231W,YDL061C,0,-0.2829881,0.11998426169157028,0.905940592288971,0.671771764755249
YIL114C,YOR228C,0,-0.28317302,0.11996853351593018,0.905940592288971,0.6718719005584717
YOR269W,YLL038C,0,-0.2832212,0.11995280534029007,0.905940592288971,0.6719719767570496
YPR005C,YKR105C,0,-0.28324163,0.11993708461523056,0.905940592288971,0.6720720529556274
YIL121W,YDR486C,0,-0.28332967,0.11992136389017105,0.905940592288971,0.6721721887588501
YDR453C,YEL031W,0,-0.28346434,0.11990565061569214,0.905940592288971,0.672272264957428
YIL108W,YMR139W,0,-0.28385037,0.11988993734121323,0.905940592288971,0.6723724007606506
YPR183W,YGR096W,0,-0.28395003,0.11987423151731491,0.905940592288971,0.6724724769592285
YNL008C,YEL059C-A,0,-0.28395754,0.1198585256934166,0.905940592288971,0.6725725531578064
YPR011C,YKL182W,0,-0.28461555,0.11984282732009888,0.905940592288971,0.672672688961029
YNL210W,YBR188C,1,-0.2848306,0.11995809525251389,0.906930685043335,0.672672688961029
YFL002W-B,YOR073W,0,-0.2849036,0.11994238942861557,0.906930685043335,0.6727727651596069
YGL249W,YDL198C,0,-0.28537095,0.11992668360471725,0.906930685043335,0.6728729009628296
YNL131W,YMR251W-A,0,-0.2855387,0.11991098523139954,0.906930685043335,0.6729729771614075
YKR039W,YER101C,0,-0.28556442,0.11989528685808182,0.906930685043335,0.6730730533599854
YOL138C,YDR085C,0,-0.28573984,0.1198795959353447,0.906930685043335,0.673173189163208
YML034W,YNL188W,0,-0.28588542,0.11986391246318817,0.906930685043335,0.6732732653617859
YBR033W,YFL034C-A,0,-0.28655404,0.11984822899103165,0.906930685043335,0.6733734011650085
YJL087C,YEL071W,0,-0.28700906,0.11983254551887512,0.906930685043335,0.6734734773635864
YGL062W,YKR020W,0,-0.28716493,0.11981687694787979,0.906930685043335,0.6735735535621643
YMR288W,YJR026W,0,-0.2873935,0.11980120092630386,0.906930685043335,0.673673689365387
YKL201C,YNR036C,0,-0.28768575,0.11978553980588913,0.906930685043335,0.6737737655639648
YKL140W,YOL157C,0,-0.28795952,0.1197698712348938,0.906930685043335,0.6738739013671875
YCR027C,YHR179W,0,-0.28815824,0.11975421756505966,0.906930685043335,0.6739739775657654
YKL143W,YGR271C-A,0,-0.28852868,0.11973856389522552,0.906930685043335,0.6740740537643433
YOL156W,YKL157W,0,-0.28871652,0.11972291022539139,0.906930685043335,0.6741741895675659
YLR446W,YOR393W,0,-0.2888856,0.11970726400613785,0.906930685043335,0.6742742657661438
YGL026C,YDL110C,0,-0.28893456,0.1196916252374649,0.906930685043335,0.6743744015693665
YCR094W,YMR046C,0,-0.28906202,0.11967598646879196,0.906930685043335,0.6744744777679443
YHR216W,YDR313C,0,-0.28950903,0.11966035515069962,0.906930685043335,0.6745745539665222
YGL002W,YPL223C,0,-0.28960413,0.11964472383260727,0.906930685043335,0.6746746897697449
YKL209C,YPL088W,0,-0.28970027,0.11962909996509552,0.906930685043335,0.6747747659683228
YMR264W,YPL237W,0,-0.28980556,0.11961347609758377,0.906930685043335,0.6748749017715454
YOR083W,YPR023C,0,-0.2898841,0.11959785968065262,0.906930685043335,0.6749749779701233
YNL146W,YKL160W,0,-0.29018962,0.11958224326372147,0.906930685043335,0.6750750541687012
YJL053W,YML058W-A,0,-0.29021206,0.11956663429737091,0.906930685043335,0.6751751899719238
YDR214W,YDL148C,0,-0.290354,0.11955103278160095,0.906930685043335,0.6752752661705017
YGL030W,YHL038C,1,-0.29052344,0.11966592818498611,0.907920777797699,0.6752752661705017
YGL172W,YPR182W,1,-0.29113838,0.11978079378604889,0.908910870552063,0.6752752661705017
YNL096C,YMR150C,0,-0.29137748,0.11976516991853714,0.908910870552063,0.6753754019737244
YNL101W,YLR197W,0,-0.2921333,0.11974954605102539,0.908910870552063,0.6754754781723022
YGR157W,YNL177C,0,-0.29261553,0.11973392218351364,0.908910870552063,0.6755755543708801
YER144C,YKL055C,0,-0.29282698,0.11971831321716309,0.908910870552063,0.6756756901741028
YIL076W,YKR028W,0,-0.2928996,0.11970269680023193,0.908910870552063,0.6757757663726807
YNR012W,YNR022C,0,-0.2932843,0.11968709528446198,0.908910870552063,0.6758759021759033
YJR110W,YDR231C,0,-0.2937311,0.11967148631811142,0.908910870552063,0.6759759783744812
YLR385C,YKL148C,0,-0.2937458,0.11965589225292206,0.908910870552063,0.6760760545730591
YNL305C,YKR102W,0,-0.2938386,0.1196402981877327,0.908910870552063,0.6761761903762817
YBR152W,YBR257W,0,-0.29386508,0.11962470412254333,0.908910870552063,0.6762762665748596
YGL037C,YKL021C,0,-0.2942003,0.11960911750793457,0.908910870552063,0.6763764023780823
YHR124W,YKR101W,0,-0.2942495,0.1195935383439064,0.908910870552063,0.6764764785766602
YML058W,YPL204W,0,-0.29459494,0.11957795917987823,0.908910870552063,0.676576554775238
YGR240C,YMR006C,0,-0.29461285,0.11956238746643066,0.908910870552063,0.6766766905784607
YCR011C,YJL225C,0,-0.2951255,0.1195468157529831,0.908910870552063,0.6767767667770386
YBL112C,YHL036W,0,-0.29539758,0.11953125149011612,0.908910870552063,0.6768769025802612
YOR222W,YPL089C,0,-0.2959504,0.11951568722724915,0.908910870552063,0.6769769787788391
YKL085W,YAL058W,0,-0.29612368,0.11950013041496277,0.908910870552063,0.677077054977417
YJR036C,YLR344W,0,-0.29614657,0.11948457360267639,0.908910870552063,0.6771771907806396
YMR045C,YGR125W,0,-0.29615027,0.11946902424097061,0.908910870552063,0.6772772669792175
YGR092W,YJR135W-A,0,-0.2969768,0.11945348232984543,0.908910870552063,0.6773774027824402
YNR067C,YER083C,0,-0.29702362,0.11943794041872025,0.908910870552063,0.6774774789810181
YAL034W-A,YLR154C,0,-0.29731554,0.11942239850759506,0.908910870552063,0.677577555179596
YPL009C,YKL182W,0,-0.2978978,0.11940687149763107,0.908910870552063,0.6776776909828186
YAR018C,YNL053W,0,-0.29807657,0.11939133703708649,0.908910870552063,0.6777777671813965
YDR064W,YBR289W,0,-0.29865712,0.1193758100271225,0.908910870552063,0.6778779029846191
YKL088W,YGR289C,0,-0.29875016,0.1193602904677391,0.908910870552063,0.677977979183197
YDR304C,YBR052C,0,-0.29878473,0.11934477090835571,0.908910870552063,0.6780780553817749
YER087W,YGR116W,0,-0.2989112,0.11932925879955292,0.908910870552063,0.6781781911849976
YBR156C,YML058W-A,0,-0.29900816,0.11931375414133072,0.908910870552063,0.6782782673835754
YPL057C,YPR070W,0,-0.29916394,0.11929824203252792,0.908910870552063,0.6783784031867981
YNL301C,YFR007W,0,-0.29934096,0.11928274482488632,0.908910870552063,0.678478479385376
YNL254C,YGL047W,0,-0.2994926,0.11926724761724472,0.908910870552063,0.6785785555839539
YKL103C,YGR109W-B,0,-0.29949418,0.11925175040960312,0.908910870552063,0.6786786913871765
YIL111W,YDR408C,0,-0.2996273,0.11923626810312271,0.908910870552063,0.6787787675857544
YFR029W,YPR145W,0,-0.29982328,0.1192207783460617,0.908910870552063,0.678878903388977
YBL022C,YDR338C,0,-0.29991812,0.1192052960395813,0.908910870552063,0.6789789795875549
YHR003C,YMR229C,0,-0.29999727,0.11918982118368149,0.908910870552063,0.6790790557861328
YMR311C,YOR187W,0,-0.3001644,0.11917434632778168,0.908910870552063,0.6791791915893555
YDR279W,YGR037C,0,-0.30026394,0.11915887892246246,0.908910870552063,0.6792792677879333
YBR080C,YDR382W,0,-0.3003099,0.11914341151714325,0.908910870552063,0.679379403591156
YMR315W,YCL036W,0,-0.3003655,0.11912795156240463,0.908910870552063,0.6794794797897339
YGR118W,YMR231W,0,-0.3003974,0.11911249160766602,0.908910870552063,0.6795795559883118
YLR064W,YNR044W,0,-0.30043584,0.119097039103508,0.908910870552063,0.6796796917915344
YOR298C-A,YML085C,0,-0.30066228,0.11908159404993057,0.908910870552063,0.6797797679901123
YPL246C,YLL004W,0,-0.3009948,0.11906614899635315,0.908910870552063,0.679879903793335
YDR436W,YGR192C,0,-0.30136704,0.11905070394277573,0.908910870552063,0.6799799799919128
YGL038C,YPL081W,0,-0.30137396,0.1190352663397789,0.908910870552063,0.6800800561904907
YDR495C,YEL031W,0,-0.30183804,0.11901983618736267,0.908910870552063,0.6801801919937134
YJL178C,YLR136C,0,-0.3018934,0.11900440603494644,0.908910870552063,0.6802802681922913
YCL069W,YPR165W,0,-0.3019967,0.11898898333311081,0.908910870552063,0.6803804039955139
YIL126W,YDR261W-A,0,-0.30230033,0.11897356063127518,0.908910870552063,0.6804804801940918
YOL002C,YML129C,0,-0.30231163,0.11895814538002014,0.908910870552063,0.6805805563926697
YDR038C,YBL034C,0,-0.30237132,0.1189427301287651,0.908910870552063,0.6806806921958923
YJL056C,YPL174C,0,-0.30245376,0.11892732232809067,0.908910870552063,0.6807807683944702
YBR276C,YGL125W,0,-0.30258143,0.11891191452741623,0.908910870552063,0.6808809041976929
YOR346W,YLR097C,0,-0.3030111,0.11889651417732239,0.908910870552063,0.6809809803962708
YDL082W,YOR344C,0,-0.30335337,0.11888112127780914,0.908910870552063,0.6810810565948486
YDR233C,YBR135W,0,-0.30376863,0.1188657283782959,0.908910870552063,0.6811811923980713
YMR298W,YPR159W,0,-0.30377227,0.11885033547878265,0.908910870552063,0.6812812685966492
YJL053W,YDR358W,0,-0.30380046,0.11883495002985,0.908910870552063,0.6813814043998718
YER019C-A,YHR012W,0,-0.3039232,0.11881957203149796,0.908910870552063,0.6814814805984497
YJR040W,YNR050C,0,-0.30453104,0.1188041940331459,0.908910870552063,0.6815815567970276
YBR110W,YOL155C,0,-0.3045863,0.11878882348537445,0.908910870552063,0.6816816926002502
YKR056W,YER048W-A,0,-0.30464217,0.118773452937603,0.908910870552063,0.6817817687988281
YDL161W,YOR005C,0,-0.30475593,0.11875808238983154,0.908910870552063,0.6818819046020508
YBR221C,YOR142W-B,0,-0.3048272,0.11874272674322128,0.908910870552063,0.6819819808006287
YDR202C,YHR123W,0,-0.30538866,0.11872736364603043,0.908910870552063,0.6820820569992065
YOR138C,YGL048C,0,-0.30540633,0.11871201545000076,0.908910870552063,0.6821821928024292
YDR432W,YBR102C,1,-0.30548894,0.11882596462965012,0.909900963306427,0.6821821928024292
YOR054C,YGR238C,0,-0.30559164,0.11881060153245926,0.909900963306427,0.6822822690010071
YDR119W,YMR169C,0,-0.30567396,0.118795245885849,0.909900963306427,0.6823824048042297
YMR250W,YLR344W,0,-0.30581656,0.11877989023923874,0.909900963306427,0.6824824810028076
YOR373W,YPR186C,0,-0.30587643,0.11876454204320908,0.909900963306427,0.6825825572013855
YMR167W,YER137C-A,0,-0.30590022,0.11874919384717941,0.909900963306427,0.6826826930046082
YFL031W,YDL226C,0,-0.3059128,0.11873385310173035,0.909900963306427,0.682782769203186
YBL084C,YMR135C,0,-0.30622524,0.11871851235628128,0.909900963306427,0.6828829050064087
YHL044W,YGR071C,0,-0.30629286,0.11870317906141281,0.909900963306427,0.6829829812049866
YKL003C,YER150W,0,-0.30633473,0.11868784576654434,0.909900963306427,0.6830830574035645
YMR289W,YCL030C,0,-0.3063708,0.11867251992225647,0.909900963306427,0.6831831932067871
YKR067W,YOR310C,0,-0.30652553,0.1186572015285492,0.909900963306427,0.683283269405365
YBR244W,YLR256W,0,-0.30664295,0.11864188313484192,0.909900963306427,0.6833834052085876
YDR218C,YNL227C,0,-0.30667695,0.11862656474113464,0.909900963306427,0.6834834814071655
YOR255W,YKR048C,0,-0.30689424,0.11861125379800797,0.909900963306427,0.6835835576057434
YDR229W,YER074W,0,-0.30754283,0.11859595030546188,0.909900963306427,0.6836836934089661
YBL106C,YGR087C,0,-0.3075464,0.1185806468129158,0.909900963306427,0.683783769607544
YDR402C,YPR083W,0,-0.3075728,0.11856534332036972,0.909900963306427,0.6838839054107666
YIL172C,YAL058W,0,-0.30771667,0.11855005472898483,0.909900963306427,0.6839839816093445
YER106W,YKL091C,0,-0.30781332,0.11853475868701935,0.909900963306427,0.6840840578079224
YLR203C,YGR006W,1,-0.30783692,0.11864843964576721,0.9108911156654358,0.6840840578079224
YBR084W,YML030W,0,-0.30910975,0.11863314360380173,0.9108911156654358,0.684184193611145
YNR075W,YDR507C,0,-0.3096887,0.11861784756183624,0.9108911156654358,0.6842842698097229
YBR201W,YLR266C,0,-0.31002933,0.11860255151987076,0.9108911156654358,0.6843844056129456
YKL095W,YER089C,0,-0.3101329,0.11858726292848587,0.9108911156654358,0.6844844818115234
YOL038W,YDL019C,0,-0.31124413,0.11857198178768158,0.9108911156654358,0.6845845580101013
YPL257W-B,YHR010W,0,-0.3113522,0.11855670064687729,0.9108911156654358,0.684684693813324
YKL010C,YGR038W,0,-0.3114428,0.1185414269566536,0.9108911156654358,0.6847847700119019
YDR099W,YEL009C,0,-0.31246698,0.1185261532664299,0.9108911156654358,0.6848849058151245
YOL075C,YAR050W,0,-0.31270456,0.1185108870267868,0.9108911156654358,0.6849849820137024
YGL026C,YGL038C,0,-0.31279355,0.11849562078714371,0.9108911156654358,0.6850850582122803
YLR008C,YHR042W,0,-0.31279585,0.11848036199808121,0.9108911156654358,0.6851851940155029
YHL033C,YDR481C,0,-0.31319246,0.11846510320901871,0.9108911156654358,0.6852852702140808
YKL018W,YPL154C,0,-0.31323162,0.1184498518705368,0.9108911156654358,0.6853854060173035
YDR429C,YLR262C,0,-0.31334102,0.1184346005320549,0.9108911156654358,0.6854854822158813
YBR234C,YDL022W,0,-0.3134904,0.1184193566441536,0.9108911156654358,0.6855855584144592
YMR051C,YLR297W,0,-0.31358957,0.11840412020683289,0.9108911156654358,0.6856856942176819
YOR210W,YJL214W,0,-0.31360015,0.11838888376951218,0.9108911156654358,0.6857857704162598
YAL005C,YJR010C-A,0,-0.3139306,0.11837364733219147,0.9108911156654358,0.6858859062194824
YGL054C,YAL040C,0,-0.31422982,0.11835841834545135,0.9108911156654358,0.6859859824180603
YKR069W,YOL139C,0,-0.31458586,0.11834319680929184,0.9108911156654358,0.6860860586166382
YLR308W,YLR154C,0,-0.31502342,0.11832797527313232,0.9108911156654358,0.6861861944198608
YPR190C,YLR047C,0,-0.31505695,0.11831275373697281,0.9108911156654358,0.6862862706184387
YBR196C,YGL038C,0,-0.31524456,0.11829754710197449,0.9108911156654358,0.6863864064216614
YGL185C,YIL145C,0,-0.31545806,0.11828233301639557,0.9108911156654358,0.6864864826202393
YOL049W,YOR343W-A,0,-0.31553668,0.11826712638139725,0.9108911156654358,0.6865865588188171
YOR098C,YHR156C,0,-0.3155448,0.11825192719697952,0.9108911156654358,0.6866866946220398
YBR093C,YOL007C,0,-0.3157534,0.1182367280125618,0.9108911156654358,0.6867867708206177
YGL131C,YHR147C,0,-0.31597602,0.11822153627872467,0.9108911156654358,0.6868869066238403
YOR211C,YIL114C,0,-0.31634504,0.11820634454488754,0.9108911156654358,0.6869869828224182
YBR298C,YKL053C-A,0,-0.31644267,0.11819116026163101,0.9108911156654358,0.6870870590209961
YCL019W,YGL119W,0,-0.31660986,0.11817597597837448,0.9108911156654358,0.6871871948242188
YPL172C,YIR034C,0,-0.31785643,0.11816079914569855,0.9108911156654358,0.6872872710227966
YGL173C,YLR188W,0,-0.3178962,0.11814562976360321,0.9108911156654358,0.6873874068260193
YLR142W,YNR018W,0,-0.3184325,0.11813046038150787,0.9108911156654358,0.6874874830245972
YGR124W,YJL121C,0,-0.31989798,0.11811529099941254,0.9108911156654358,0.687587559223175
YCL018W,YDR225W,0,-0.3202612,0.1181001290678978,0.9108911156654358,0.6876876950263977
YPL200W,YNL084C,0,-0.3204684,0.11808496713638306,0.9108911156654358,0.6877877712249756
YBL018C,YOL097C,0,-0.32046908,0.11806981265544891,0.9108911156654358,0.6878879070281982
YER184C,YLR213C,0,-0.32060376,0.11805466562509537,0.9108911156654358,0.6879879832267761
YPR011C,YBR072W,0,-0.32090753,0.11803951859474182,0.9108911156654358,0.688088059425354
YJR009C,YDR191W,0,-0.3211937,0.11802437156438828,0.9108911156654358,0.6881881952285767
YER141W,YDL217C,0,-0.3212664,0.11800923198461533,0.9108911156654358,0.6882882714271545
YDR064W,YDR349C,0,-0.32133424,0.11799409985542297,0.9108911156654358,0.6883884072303772
YGL232W,YDL198C,0,-0.32140148,0.11797896772623062,0.9108911156654358,0.6884884834289551
YKR042W,YNL335W,0,-0.3215603,0.11796384304761887,0.9108911156654358,0.688588559627533
YBR291C,YNR016C,0,-0.3216219,0.11794871836900711,0.9108911156654358,0.6886886954307556
YCR009C,YKL103C,0,-0.3216495,0.11793360114097595,0.9108911156654358,0.6887887716293335
YOL040C,YKL012W,0,-0.32178205,0.1179184839129448,0.9108911156654358,0.6888889074325562
YDR499W,YDL174C,0,-0.32193923,0.11790337413549423,0.9108911156654358,0.688988983631134
YNL252C,YIL171W,0,-0.322414,0.11788826435804367,0.9108911156654358,0.6890890598297119
YJR044C,YOR176W,0,-0.3224679,0.11787315458059311,0.9108911156654358,0.6891891956329346
YMR305C,YJL184W,0,-0.32250613,0.11785805970430374,0.9108911156654358,0.6892892718315125
YFR044C,YPR158C-D,0,-0.32279152,0.11784296482801437,0.9108911156654358,0.6893894076347351
YML080W,YCR043C,0,-0.32301092,0.117827869951725,0.9108911156654358,0.689489483833313
YML058W,YOR261C,0,-0.32328585,0.11781278252601624,0.9108911156654358,0.6895895600318909
YER042W,YGL229C,0,-0.3233642,0.11779769510030746,0.9108911156654358,0.6896896958351135
YBR084C-A,YAL024C,0,-0.32347053,0.11778261512517929,0.9108911156654358,0.6897897720336914
YML039W,YLR187W,0,-0.323833,0.11776753515005112,0.9108911156654358,0.6898899078369141
YGL237C,YDR358W,0,-0.32390803,0.11775246262550354,0.9108911156654358,0.6899899840354919
YCL018W,YKL096W-A,0,-0.3245755,0.11773739755153656,0.9108911156654358,0.6900901198387146
YLR201C,YDR314C,0,-0.3245769,0.11772233247756958,0.9108911156654358,0.6901901960372925
YMR038C,YLR120C,0,-0.32488865,0.1177072674036026,0.9108911156654358,0.6902902722358704
YLR121C,YPR104C,0,-0.3250613,0.11769220978021622,0.9108911156654358,0.690390408039093
YAL014C,YNL209W,0,-0.32538426,0.11767715215682983,0.9108911156654358,0.6904904842376709
YGL200C,YPR094W,0,-0.32540324,0.11766210198402405,0.9108911156654358,0.6905906200408936
YPL170W,YOR150W,0,-0.32594746,0.11764705926179886,0.9108911156654358,0.6906906962394714
YDL126C,YNL335W,0,-0.32598475,0.11763201653957367,0.9108911156654358,0.6907907724380493
YOR322C,YDL028C,0,-0.32629898,0.11761698126792908,0.9108911156654358,0.690890908241272
YHR028C,YGL010W,0,-0.32654417,0.11760194599628448,0.9108911156654358,0.6909909844398499
YIL159W,YGR206W,0,-0.3265965,0.11758691072463989,0.9108911156654358,0.6910911202430725
YAL029C,YLR310C,0,-0.32699078,0.1175718829035759,0.9108911156654358,0.6911911964416504
YKL028W,YIL124W,0,-0.32700902,0.1175568625330925,0.9108911156654358,0.6912912726402283
YOL120C,YML045W-A,0,-0.32705814,0.1175418421626091,0.9108911156654358,0.6913914084434509
YOR351C,YGL206C,0,-0.32784998,0.1175268292427063,0.9108911156654358,0.6914914846420288
YER019C-A,YEL050C,0,-0.32803842,0.1175118163228035,0.9108911156654358,0.6915916204452515
YBR102C,YPL019C,0,-0.3282574,0.11749681085348129,0.9108911156654358,0.6916916966438293
YDR027C,YER003C,0,-0.3284287,0.11748180538415909,0.9108911156654358,0.6917917728424072
YDR109C,YCL026C-A,0,-0.32843333,0.11746679991483688,0.9108911156654358,0.6918919086456299
YDL179W,YNL213C,0,-0.32849127,0.11745180934667587,0.9108911156654358,0.6919919848442078
YDR483W,YJR151C,0,-0.32850906,0.11743681132793427,0.9108911156654358,0.6920921206474304
YAL039C,YIL051C,0,-0.32879585,0.11742182821035385,0.9108911156654358,0.6921921968460083
YLR268W,YML121W,0,-0.32898462,0.11740683764219284,0.9108911156654358,0.6922922730445862
YMR263W,YDR481C,0,-0.32906508,0.11739186197519302,0.9108911156654358,0.6923924088478088
YGL017W,YLR141W,0,-0.32927164,0.11737687885761261,0.9108911156654358,0.6924924850463867
YOR304C-A,YDR405W,0,-0.3295228,0.11736191064119339,0.9108911156654358,0.6925926208496094
YKL206C,YLR438C-A,0,-0.32958043,0.11734694242477417,0.9108911156654358,0.6926926970481873
YER172C,YBR102C,1,-0.32995266,0.1174595057964325,0.9118812084197998,0.6926926970481873
YKL127W,YBR282W,0,-0.33001083,0.11744453012943268,0.9118812084197998,0.6927927732467651
YLR395C,YBR293W,0,-0.33020252,0.11742955446243286,0.9118812084197998,0.6928929090499878
YBR227C,YNL052W,0,-0.33050293,0.11741458624601364,0.9118812084197998,0.6929929852485657
YEL036C,YBR009C,0,-0.33062693,0.11739961802959442,0.9118812084197998,0.6930931210517883
YOR251C,YPR118W,0,-0.3307526,0.1173846572637558,0.9118812084197998,0.6931931972503662
YPL060W,YBR093C,0,-0.33097813,0.11736969649791718,0.9118812084197998,0.6932932734489441
YGR161W-B,YOL041C,0,-0.33140072,0.11735474318265915,0.9118812084197998,0.6933934092521667
YPL078C,YHL009C,0,-0.33151782,0.11733978986740112,0.9118812084197998,0.6934934854507446
YPL151C,YDR233C,0,-0.331569,0.1173248440027237,0.9118812084197998,0.6935936212539673
YLR342W,YDR077W,0,-0.33184588,0.11730989813804626,0.9118812084197998,0.6936936974525452
YDL245C,YPR047W,0,-0.33199334,0.11729495972394943,0.9118812084197998,0.693793773651123
YBR065C,YPL151C,1,-0.3322919,0.11740735918283463,0.9128713011741638,0.693793773651123
YNL098C,YDR283C,0,-0.33239013,0.1173924133181572,0.9128713011741638,0.6938939094543457
YGL033W,YCR094W,0,-0.33240825,0.11737746745347977,0.9128713011741638,0.6939939856529236
YFR036W,YKL181W,0,-0.33247286,0.11736252903938293,0.9128713011741638,0.6940941214561462
YNL210W,YPL213W,1,-0.33332527,0.11747486144304276,0.9138613939285278,0.6940941214561462
YIL143C,YMR304W,0,-0.3333757,0.11745991557836533,0.9138613939285278,0.6941941976547241
YNL239W,YHL024W,0,-0.3334855,0.1174449697136879,0.9138613939285278,0.694294273853302
YLR459W,YGL200C,0,-0.3340619,0.11743002384901047,0.9138613939285278,0.6943944096565247
YDL082W,YGR192C,0,-0.3340861,0.11741508543491364,0.9138613939285278,0.6944944858551025
YBR073W,YCR017C,0,-0.33412284,0.1174001544713974,0.9138613939285278,0.6945946216583252
YDR373W,YGR059W,0,-0.33415043,0.11738522350788116,0.9138613939285278,0.6946946978569031
YBR044C,YOR388C,0,-0.3345787,0.11737029254436493,0.9138613939285278,0.694794774055481
YIL039W,YDR099W,0,-0.3348364,0.11735536903142929,0.9138613939285278,0.6948949098587036
YDR206W,YLR164W,0,-0.3356121,0.11734045296907425,0.9138613939285278,0.6949949860572815
YNL147W,YNL014W,0,-0.3363378,0.11732553690671921,0.9138613939285278,0.6950951218605042
YPL223C,YMR244C-A,0,-0.33645546,0.11731062829494476,0.9138613939285278,0.695195198059082
YNL270C,YLR448W,0,-0.33647048,0.11729571968317032,0.9138613939285278,0.6952952742576599
YJL066C,YPR160W,0,-0.33671874,0.11728081107139587,0.9138613939285278,0.6953954100608826
YLR410W-A,YJL042W,0,-0.33715063,0.11726590991020203,0.9138613939285278,0.6954954862594604
YDL188C,YOR064C,0,-0.3373016,0.11725101619958878,0.9138613939285278,0.6955956220626831
YHR045W,YIL051C,0,-0.3373325,0.11723612248897552,0.9138613939285278,0.695695698261261
YCR030C,YCR040W,0,-0.33748907,0.11722123622894287,0.9138613939285278,0.6957957744598389
YOR229W,YBR214W,0,-0.33803412,0.11720634996891022,0.9138613939285278,0.6958959102630615
YDR081C,YER106W,0,-0.33858925,0.11719147115945816,0.9138613939285278,0.6959959864616394
YBR271W,YLR064W,0,-0.3387105,0.1171765923500061,0.9138613939285278,0.6960961222648621
YLR237W,YML034W,0,-0.33888593,0.11716171354055405,0.9138613939285278,0.6961961984634399
YLR359W,YEL063C,0,-0.3391775,0.11714684963226318,0.9138613939285278,0.6962962746620178
YJR137C,YLR287C-A,0,-0.33958894,0.11713197827339172,0.9138613939285278,0.6963964104652405
YNL116W,YKR055W,0,-0.3396165,0.11711711436510086,0.9138613939285278,0.6964964866638184
YGL047W,YOR310C,0,-0.3396498,0.1171022579073906,0.9138613939285278,0.696596622467041
YIL073C,YIL160C,0,-0.34003973,0.11708740144968033,0.9138613939285278,0.6966966986656189
YOR388C,YNR044W,0,-0.3400886,0.11707255244255066,0.9138613939285278,0.6967967748641968
YDL130W-A,YNL225C,0,-0.34089956,0.11705770343542099,0.9138613939285278,0.6968969106674194
YKL165C,YDR266C,0,-0.34120017,0.11704286187887192,0.9138613939285278,0.6969969868659973
YMR239C,YLR439W,0,-0.34147245,0.11702802032232285,0.9138613939285278,0.69709712266922
YOR038C,YGL055W,0,-0.34171975,0.11701318621635437,0.9138613939285278,0.6971971988677979
YPR060C,YDR146C,0,-0.34249687,0.1169983521103859,0.9138613939285278,0.6972972750663757
YJR075W,YDL101C,0,-0.34328634,0.11698352545499802,0.9138613939285278,0.6973974108695984
YKL018W,YBL058W,0,-0.34360218,0.11696869879961014,0.9138613939285278,0.6974974870681763
YHL009W-B,YLR119W,0,-0.3439796,0.11695387959480286,0.9138613939285278,0.6975976228713989
YCR088W,YKL116C,0,-0.3443851,0.11693906038999557,0.9138613939285278,0.6976976990699768
YPL177C,YGL123W,0,-0.34472626,0.11692424863576889,0.9138613939285278,0.6977977752685547
YAL005C,YOL152W,0,-0.3449216,0.1169094368815422,0.9138613939285278,0.6978979110717773
YER166W,YHR081W,0,-0.3450816,0.11689463257789612,0.9138613939285278,0.6979979872703552
YLR103C,YJL066C,0,-0.3452425,0.11687982827425003,0.9138613939285278,0.6980981230735779
YKR066C,YKL024C,0,-0.34532714,0.11686503142118454,0.9138613939285278,0.6981981992721558
YMR173W,YPR054W,0,-0.34555155,0.11685023456811905,0.9138613939285278,0.6982982754707336
YGR288W,YCL027W,0,-0.34572032,0.11683544516563416,0.9138613939285278,0.6983984112739563
YLR304C,YLR032W,0,-0.34585065,0.11682065576314926,0.9138613939285278,0.6984984874725342
YCL033C,YBR199W,0,-0.34585094,0.11680587381124496,0.9138613939285278,0.6985986232757568
YFL014W,YGL210W,0,-0.34589356,0.11679109185934067,0.9138613939285278,0.6986986994743347
YLR319C,YFR032C-A,0,-0.34620723,0.11677631735801697,0.9138613939285278,0.6987987756729126
YBL106C,YKL182W,0,-0.34670782,0.11676154285669327,0.9138613939285278,0.6988989114761353
YCR052W,YBR164C,0,-0.3468009,0.11674677580595016,0.9138613939285278,0.6989989876747131
YGL148W,YDR379W,0,-0.34691063,0.11673200875520706,0.9138613939285278,0.6990991234779358
YLR406C,YBR275C,0,-0.3471254,0.11671724915504456,0.9138613939285278,0.6991991996765137
YJL090C,YML029W,0,-0.34716868,0.11670248955488205,0.9138613939285278,0.6992992758750916
YJR097W,YHR081W,0,-0.3474827,0.11668773740530014,0.9138613939285278,0.6993994116783142
YHR074W,YHL047C,0,-0.34756538,0.11667298525571823,0.9138613939285278,0.6994994878768921
YER120W,YGR133W,0,-0.34793293,0.11665824055671692,0.9138613939285278,0.6995996236801147
YMR090W,YFR036W,0,-0.34797302,0.1166434958577156,0.9138613939285278,0.6996996998786926
YFL057C,YDL004W,0,-0.34800208,0.11662875860929489,0.9138613939285278,0.6997997760772705
YJL137C,YDR354W,0,-0.3480142,0.11661402136087418,0.9138613939285278,0.6998999118804932
YDL133C-A,YKL182W,0,-0.34815738,0.11659929156303406,0.9138613939285278,0.699999988079071
YHR083W,YBR055C,0,-0.34834206,0.11658456176519394,0.9138613939285278,0.7001001238822937
YBR203W,YPL059W,0,-0.34839332,0.11656983941793442,0.9138613939285278,0.7002002000808716
YDR184C,YLR244C,0,-0.34845424,0.1165551170706749,0.9138613939285278,0.7003002762794495
YOR377W,YOR323C,0,-0.34850085,0.11654040217399597,0.9138613939285278,0.7004004120826721
YJR119C,YLR158C,0,-0.34881836,0.11652569472789764,0.9138613939285278,0.70050048828125
YPR182W,YHR086W,1,-0.34885293,0.1166372150182724,0.9148514866828918,0.70050048828125
YML048W,YOR028C,0,-0.34889713,0.11662249267101288,0.9148514866828918,0.7006006240844727
YBR077C,YPR160W,0,-0.34902668,0.11660777032375336,0.9148514866828918,0.7007007002830505
YER096W,YOR224C,0,-0.34940964,0.11659306287765503,0.9148514866828918,0.7008007764816284
YCR009C,YPL087W,0,-0.3495168,0.1165783479809761,0.9148514866828918,0.7009009122848511
YNL124W,YER184C,0,-0.34973875,0.11656364053487778,0.9148514866828918,0.701000988483429
YOL077W-A,YGR128C,0,-0.35013783,0.11654894053936005,0.9148514866828918,0.7011011242866516
YJL092W,YCR079W,0,-0.3501595,0.11653424054384232,0.9148514866828918,0.7012012004852295
YMR173W,YMR288W,0,-0.35051042,0.11651954799890518,0.9148514866828918,0.7013012766838074
YGL173C,YKR003W,0,-0.3506108,0.11650485545396805,0.9148514866828918,0.70140141248703
YDR293C,YFR004W,0,-0.35087836,0.11649016290903091,0.9148514866828918,0.7015014886856079
YPL122C,YLR157C,0,-0.3509203,0.11647548526525497,0.9148514866828918,0.7016016244888306
YBL098W,YBR073W,0,-0.35113597,0.11646080017089844,0.9148514866828918,0.7017017006874084
YNL116W,YOL155C,0,-0.35180578,0.1164461225271225,0.9148514866828918,0.7018017768859863
YKL217W,YHL009C,0,-0.3520159,0.11643145233392715,0.9148514866828918,0.701901912689209
YGR037C,YER153C,0,-0.3524575,0.11641678214073181,0.9148514866828918,0.7020019888877869
YOR344C,YMR054W,0,-0.35248154,0.11640211939811707,0.9148514866828918,0.7021021246910095
YDL227C,YDR408C,0,-0.35262015,0.11638745665550232,0.9148514866828918,0.7022022008895874
YBR199W,YKL163W,0,-0.35272256,0.11637279391288757,0.9148514866828918,0.7023022770881653
YDR423C,YOL072W,0,-0.35299745,0.11635813862085342,0.9148514866828918,0.7024024128913879
YGR271W,YJL113W,0,-0.3530061,0.11634349077939987,0.9148514866828918,0.7025024890899658
YOR064C,YGL170C,0,-0.35408998,0.11632884293794632,0.9148514866828918,0.7026026248931885
YPR028W,YJL191W,0,-0.3541032,0.11631420254707336,0.9148514866828918,0.7027027010917664
YPR004C,YKL188C,0,-0.35455364,0.11629956215620041,0.9148514866828918,0.7028027772903442
YOR351C,YAL035W,0,-0.3546517,0.11628492176532745,0.9148514866828918,0.7029029130935669
YGL128C,YLR382C,1,-0.35469356,0.11639612168073654,0.9158415794372559,0.7029029130935669
YPR030W,YOL148C,0,-0.355547,0.11638148128986359,0.9158415794372559,0.7030029892921448
YOL129W,YLR325C,0,-0.3556283,0.11636684089899063,0.9158415794372559,0.7031031250953674
YCL059C,YNR016C,0,-0.35569894,0.11635220050811768,0.9158415794372559,0.7032032012939453
YKL173W,YOR204W,1,-0.3557189,0.11646334081888199,0.9168316721916199,0.7032032012939453
YJL111W,YDR299W,0,-0.35593265,0.11644869297742844,0.9168316721916199,0.7033032774925232
YMR300C,YBR221C,0,-0.35595477,0.11643405258655548,0.9168316721916199,0.7034034132957458
YOR126C,YPL172C,0,-0.3566386,0.11641941219568253,0.9168316721916199,0.7035034894943237
YMR143W,YER020W,0,-0.3569805,0.11640477925539017,0.9168316721916199,0.7036036252975464
YKR046C,YOR360C,0,-0.35706758,0.11639014631509781,0.9168316721916199,0.7037037014961243
YER078C,YLR003C,0,-0.3571204,0.11637552082538605,0.9168316721916199,0.7038037776947021
YLR153C,YAL016W,0,-0.35714588,0.11636089533567429,0.9168316721916199,0.7039039134979248
YDR489W,YPR132W,0,-0.35770708,0.11634627729654312,0.9168316721916199,0.7040039896965027
YDR088C,YDL126C,0,-0.35804722,0.11633165925741196,0.9168316721916199,0.7041041254997253
YPL274W,YGR292W,0,-0.35806322,0.11631704866886139,0.9168316721916199,0.7042042016983032
YCR020C,YKL067W,0,-0.35811815,0.11630243808031082,0.9168316721916199,0.7043042778968811
YGL055W,YMR042W,0,-0.35846406,0.11628783494234085,0.9168316721916199,0.7044044137001038
YHR018C,YFL041W,0,-0.35871565,0.11627323180437088,0.9168316721916199,0.7045044898986816
YOR275C,YJL071W,0,-0.3589726,0.11625862866640091,0.9168316721916199,0.7046046257019043
YGR023W,YDR255C,0,-0.35904905,0.11624404042959213,0.9168316721916199,0.7047047019004822
YNR054C,YCL057C-A,0,-0.35916564,0.11622944474220276,0.9168316721916199,0.7048047780990601
YAR019C,YLR024C,0,-0.35950536,0.11621485650539398,0.9168316721916199,0.7049049139022827
YLR266C,YJL171C,0,-0.3598737,0.1162002757191658,0.9168316721916199,0.7050049901008606
YKR057W,YLR045C,0,-0.3598954,0.11618569493293762,0.9168316721916199,0.7051051259040833
YKR097W,YLR300W,0,-0.36000544,0.11617112159729004,0.9168316721916199,0.7052052021026611
YNL044W,YOR336W,0,-0.3602587,0.11615654826164246,0.9168316721916199,0.705305278301239
YFR042W,YDL078C,0,-0.36042115,0.11614198237657547,0.9168316721916199,0.7054054141044617
YIL063C,YDR261W-A,0,-0.36044437,0.11612741649150848,0.9168316721916199,0.7055054903030396
YMR086W,YLR467W,0,-0.36054552,0.1161128506064415,0.9168316721916199,0.7056056261062622
YOL147C,YOR393W,0,-0.3607409,0.11609829217195511,0.9168316721916199,0.7057057023048401
YEL047C,YPR082C,0,-0.36104327,0.11608374118804932,0.9168316721916199,0.705805778503418
YEL026W,YJL082W,0,-0.362226,0.11606919020414352,0.9168316721916199,0.7059059143066406
YDL133C-A,YHR044C,0,-0.3622913,0.11605464667081833,0.9168316721916199,0.7060059905052185
YNR001C,YKL101W,0,-0.36234242,0.11604010313749313,0.9168316721916199,0.7061061263084412
YER049W,YHR026W,0,-0.3623701,0.11602555960416794,0.9168316721916199,0.706206202507019
YJL042W,YOR035C,0,-0.36247677,0.11601102352142334,0.9168316721916199,0.7063062787055969
YGL253W,YDR051C,0,-0.36253312,0.11599649488925934,0.9168316721916199,0.7064064145088196
YNL312W,YML106W,0,-0.3627121,0.11598196625709534,0.9168316721916199,0.7065064907073975
YDL214C,YDR313C,0,-0.3627169,0.11596743762493134,0.9168316721916199,0.7066066265106201
YOR142W-B,YJL158C,0,-0.3628591,0.11595291644334793,0.9168316721916199,0.706706702709198
YOL028C,YBR074W,0,-0.36323687,0.11593840271234512,0.9168316721916199,0.7068067789077759
YDR315C,YDL107W,0,-0.36326164,0.11592388898134232,0.9168316721916199,0.7069069147109985
YDR429C,YPR127W,0,-0.36334845,0.11590937525033951,0.9168316721916199,0.7070069909095764
YBR139W,YOR261C,0,-0.36335057,0.1158948689699173,0.9168316721916199,0.7071071267127991
YPR158C-C,YDR415C,0,-0.36347228,0.11588036268949509,0.9168316721916199,0.707207202911377
YMR032W,YNR070W,0,-0.36354744,0.11586586385965347,0.9168316721916199,0.7073072791099548
YDL047W,YNL135C,0,-0.36394322,0.11585137248039246,0.9168316721916199,0.7074074149131775
YDR184C,YLL001W,0,-0.36516696,0.11583688110113144,0.9168316721916199,0.7075074911117554
YCL069W,YKL025C,0,-0.365546,0.11582238972187042,0.9168316721916199,0.707607626914978
YDR358W,YIL051C,0,-0.3656134,0.11580790579319,0.9168316721916199,0.7077077031135559
YMR281W,YER056C-A,0,-0.36569124,0.11579342186450958,0.9168316721916199,0.7078077793121338
YPL132W,YHR115C,0,-0.36569476,0.11577894538640976,0.9168316721916199,0.7079079151153564
YER019W,YCL057C-A,0,-0.365799,0.11576446890830994,0.9168316721916199,0.7080079913139343
YAL003W,YMR136W,0,-0.36616573,0.11574999988079071,0.9168316721916199,0.708108127117157
YNL217W,YDR298C,0,-0.36662725,0.11573553085327148,0.9168316721916199,0.7082082033157349
YIL124W,YDL141W,0,-0.36725414,0.11572106927633286,0.9168316721916199,0.7083082795143127
YLL001W,YIL101C,0,-0.36769533,0.11570660769939423,0.9168316721916199,0.7084084153175354
YDL079C,YER148W,0,-0.3678157,0.1156921535730362,0.9168316721916199,0.7085084915161133
YHR156C,YGR295C,0,-0.36785942,0.11567769944667816,0.9168316721916199,0.7086086273193359
YMR300C,YCR072C,0,-0.3686895,0.11566325277090073,0.9168316721916199,0.7087087035179138
YKL117W,YNL244C,0,-0.3691417,0.11564880609512329,0.9168316721916199,0.7088087797164917
YBR087W,YHR214C-B,0,-0.36946914,0.11563436686992645,0.9168316721916199,0.7089089155197144
YDR210W,YPL276W,0,-0.37003082,0.11561992764472961,0.9168316721916199,0.7090089917182922
YNL073W,YPR137W,0,-0.37006125,0.11560549587011337,0.9168316721916199,0.7091091275215149
YMR301C,YOR127W,0,-0.37014446,0.11559106409549713,0.9168316721916199,0.7092092037200928
YGR169C,YOL128C,0,-0.3701487,0.11557663232088089,0.9168316721916199,0.7093092799186707
YOR092W,YKR065C,0,-0.37022483,0.11556220799684525,0.9168316721916199,0.7094094157218933
YDR170W-A,YNL135C,0,-0.37077993,0.1155477911233902,0.9168316721916199,0.7095094919204712
YFL003C,YIL084C,0,-0.3708613,0.11553337424993515,0.9168316721916199,0.7096096277236938
YAL061W,YHR046C,0,-0.37093848,0.1155189648270607,0.9168316721916199,0.7097097039222717
YOL060C,YBR057C,0,-0.37129468,0.11550455540418625,0.9168316721916199,0.7098097801208496
YEL053C,YDR444W,0,-0.3713424,0.1154901459813118,0.9168316721916199,0.7099099159240723
YOL068C,YBL050W,0,-0.37157294,0.11547574400901794,0.9168316721916199,0.7100099921226501
YPL060W,YBR152W,1,-0.37185246,0.11558603495359421,0.9178217649459839,0.7100099921226501
YER087C-A,YGL169W,0,-0.3720129,0.11557162553071976,0.9178217649459839,0.7101101279258728
YPL012W,YPL213W,0,-0.37308785,0.1155572161078453,0.9178217649459839,0.7102102041244507
YER052C,YJL004C,0,-0.37323615,0.11554281413555145,0.9178217649459839,0.7103103399276733
YNL131W,YNR045W,0,-0.3736593,0.1155284121632576,0.9178217649459839,0.7104104161262512
YOR288C,YER145C,0,-0.37375814,0.11551401764154434,0.9178217649459839,0.7105104923248291
YDR003W,YLR213C,0,-0.37398604,0.11549962311983109,0.9178217649459839,0.7106106281280518
YDR446W,YPL121C,0,-0.37414163,0.11548523604869843,0.9178217649459839,0.7107107043266296
YOR327C,YKL160W,0,-0.37419343,0.11547084897756577,0.9178217649459839,0.7108108401298523
YBR227C,YOR201C,0,-0.37422672,0.1154564693570137,0.9178217649459839,0.7109109163284302
YJR058C,YEL012W,0,-0.37442085,0.11544208973646164,0.9178217649459839,0.7110109925270081
YOR306C,YLR107W,0,-0.37486988,0.11542771756649017,0.9178217649459839,0.7111111283302307
YLL017W,YER050C,0,-0.37500125,0.11541334539651871,0.9178217649459839,0.7112112045288086
YER126C,YDL198C,0,-0.37512523,0.11539898067712784,0.9178217649459839,0.7113113403320312
YER096W,YDR432W,0,-0.375148,0.11538461595773697,0.9178217649459839,0.7114114165306091
YGR088W,YKR081C,0,-0.37534803,0.1153702586889267,0.9178217649459839,0.711511492729187
YNL044W,YDR101C,0,-0.37541264,0.11535590142011642,0.9178217649459839,0.7116116285324097
YOL028C,YNL339C,0,-0.37566122,0.11534154415130615,0.9178217649459839,0.7117117047309875
YNL046W,YBR187W,0,-0.37638313,0.11532719433307648,0.9178217649459839,0.7118118405342102
YDR088C,YHR141C,0,-0.37651175,0.1153128519654274,0.9178217649459839,0.7119119167327881
YDR134C,YNL084C,0,-0.37655997,0.11529850959777832,0.9178217649459839,0.712011992931366
YFR055W,YIR039C,0,-0.37702742,0.11528416723012924,0.9178217649459839,0.7121121287345886
YBR159W,YER098W,0,-0.37711325,0.11526983231306076,0.9178217649459839,0.7122122049331665
YMR239C,YJR017C,0,-0.37738293,0.11525550484657288,0.9178217649459839,0.7123123407363892
YGL123W,YPR186C,0,-0.3775031,0.1152411699295044,0.9178217649459839,0.712412416934967
YDL084W,YJL008C,0,-0.37756053,0.1152268499135971,0.9178217649459839,0.7125124931335449
YOR242C,YEL041W,0,-0.37799034,0.11521252989768982,0.9178217649459839,0.7126126289367676
YIL127C,YGR105W,0,-0.37806582,0.11519820988178253,0.9178217649459839,0.7127127051353455
YKL038W,YNL207W,0,-0.3784389,0.11518389731645584,0.9178217649459839,0.7128128409385681
YJL145W,YBL079W,0,-0.37846905,0.11516958475112915,0.9178217649459839,0.712912917137146
YCL057W,YLR310C,0,-0.37848583,0.11515527963638306,0.9178217649459839,0.7130129933357239
YJR138W,YMR164C,0,-0.3786146,0.11514097452163696,0.9178217649459839,0.7131131291389465
YLR356W,YNL095C,0,-0.37867916,0.11512667685747147,0.9178217649459839,0.7132132053375244
YNL097C,YOL120C,0,-0.3789922,0.11511237919330597,0.9178217649459839,0.7133133411407471
YKL188C,YDR211W,0,-0.3792768,0.11509808897972107,0.9178217649459839,0.713413417339325
YGR038C-A,YIL124W,0,-0.3793769,0.11508379876613617,0.9178217649459839,0.7135134935379028
YBR275C,YDL061C,0,-0.3797854,0.11506951600313187,0.9178217649459839,0.7136136293411255
YGL030W,YNR011C,1,-0.38021243,0.11517934501171112,0.9188118577003479,0.7136136293411255
YBR037C,YJL121C,0,-0.3802324,0.11516505479812622,0.9188118577003479,0.7137137055397034
YOL145C,YPR112C,0,-0.38031638,0.11515076458454132,0.9188118577003479,0.713813841342926
YEL026W,YPR031W,0,-0.38051346,0.11513647437095642,0.9188118577003479,0.7139139175415039
YDR369C,YBL084C,0,-0.38058928,0.11512219160795212,0.9188118577003479,0.7140139937400818
YBR061C,YHR059W,0,-0.38080278,0.11510791629552841,0.9188118577003479,0.7141141295433044
YOR214C,YPL154C,0,-0.38142186,0.1150936409831047,0.9188118577003479,0.7142142057418823
YML099C,YOL120C,0,-0.38153052,0.115079365670681,0.9188118577003479,0.714314341545105
YJL130C,YER122C,0,-0.38164568,0.11506509780883789,0.9188118577003479,0.7144144177436829
YLR327C,YOR173W,0,-0.38176334,0.11505082994699478,0.9188118577003479,0.7145144939422607
YNL306W,YBR001C,0,-0.3818686,0.11503656953573227,0.9188118577003479,0.7146146297454834
YDL010W,YPL143W,0,-0.38211966,0.11502230912446976,0.9188118577003479,0.7147147059440613
YPL003W,YCR004C,0,-0.38235125,0.11500805616378784,0.9188118577003479,0.7148148417472839
YGL156W,YMR271C,0,-0.38309538,0.11499380320310593,0.9188118577003479,0.7149149179458618
YHR074W,YBL091C-A,0,-0.38315386,0.11497955769300461,0.9188118577003479,0.7150149941444397
YML118W,YBR042C,0,-0.38357642,0.11496531218290329,0.9188118577003479,0.7151151299476624
YOR386W,YMR241W,0,-0.38359323,0.11495107412338257,0.9188118577003479,0.7152152061462402
YER104W,YIL099W,0,-0.38362706,0.11493683606386185,0.9188118577003479,0.7153153419494629
YOR299W,YER106W,0,-0.38368642,0.11492259800434113,0.9188118577003479,0.7154154181480408
YJL219W,YJL122W,0,-0.3841361,0.114908367395401,0.9188118577003479,0.7155154943466187
YGR140W,YDR099W,0,-0.3843822,0.11489414423704147,0.9188118577003479,0.7156156301498413
YMR012W,YIL115C,0,-0.38438833,0.11487992107868195,0.9188118577003479,0.7157157063484192
YPR047W,YMR080C,0,-0.38464236,0.11486569792032242,0.9188118577003479,0.7158158421516418
YJL164C,YFR005C,0,-0.38491714,0.11485148221254349,0.9188118577003479,0.7159159183502197
YDR322C-A,YGL155W,0,-0.38511133,0.11483727395534515,0.9188118577003479,0.7160159945487976
YBR281C,YOR315W,0,-0.38519257,0.11482306569814682,0.9188118577003479,0.7161161303520203
YLR452C,YJL191W,0,-0.385389,0.11480885744094849,0.9188118577003479,0.7162162065505981
YHR002W,YMR186W,0,-0.38545817,0.11479465663433075,0.9188118577003479,0.7163163423538208
YLR219W,YOR348C,0,-0.38589165,0.11478045582771301,0.9188118577003479,0.7164164185523987
YNL271C,YBL054W,0,-0.38591594,0.11476626247167587,0.9188118577003479,0.7165164947509766
YJL124C,YIL125W,0,-0.38603696,0.11475206911563873,0.9188118577003479,0.7166166305541992
YDL138W,YOR226C,0,-0.3860681,0.11473788321018219,0.9188118577003479,0.7167167067527771
YPR005C,YGL019W,0,-0.38612017,0.11472369730472565,0.9188118577003479,0.7168168425559998
YOR222W,YBR058C-A,0,-0.3863209,0.1147095188498497,0.9188118577003479,0.7169169187545776
YER171W,YGR180C,0,-0.38648137,0.11469534039497375,0.9188118577003479,0.7170169949531555
YER012W,YGR192C,0,-0.38669348,0.1146811693906784,0.9188118577003479,0.7171171307563782
YKR059W,YOL058W,0,-0.3867559,0.11466699838638306,0.9188118577003479,0.717217206954956
YOR064C,YNL185C,0,-0.3869486,0.11465282738208771,0.9188118577003479,0.7173173427581787
YIR017C,YJL082W,0,-0.3872221,0.11463866382837296,0.9188118577003479,0.7174174189567566
YDR379W,YER087C-B,0,-0.38799104,0.1146245077252388,0.9188118577003479,0.7175174951553345
YDR194C,YBL026W,1,-0.3881715,0.11473385244607925,0.9198019504547119,0.7175174951553345
YKL084W,YBL078C,0,-0.38845122,0.1147196814417839,0.9198019504547119,0.7176176309585571
YPL092W,YBR167C,0,-0.38891685,0.11470551788806915,0.9198019504547119,0.717717707157135
YPR113W,YDR436W,0,-0.38892177,0.1146913543343544,0.9198019504547119,0.7178178429603577
YLR304C,YJR010C-A,0,-0.38899618,0.11467719823122025,0.9198019504547119,0.7179179191589355
YJL144W,YNL206C,0,-0.38903713,0.11466304957866669,0.9198019504547119,0.7180179953575134
YPR075C,YDR146C,0,-0.38927957,0.11464889347553253,0.9198019504547119,0.7181181311607361
YLL005C,YNL316C,0,-0.38931322,0.11463474482297897,0.9198019504547119,0.718218207359314
YDR389W,YBR006W,0,-0.38936636,0.11462060362100601,0.9198019504547119,0.7183183431625366
YPL183W-A,YOL115W,0,-0.38956428,0.11460646241903305,0.9198019504547119,0.7184184193611145
YER045C,YJL048C,0,-0.3897962,0.11459232866764069,0.9198019504547119,0.7185184955596924
YGR234W,YOR371C,0,-0.3898681,0.11457819491624832,0.9198019504547119,0.718618631362915
YNR069C,YBR280C,0,-0.38990033,0.11456406116485596,0.9198019504547119,0.7187187075614929
YOL103W-B,YNL256W,0,-0.3899396,0.11454993486404419,0.9198019504547119,0.7188188433647156
YGL004C,YMR214W,0,-0.38999093,0.11453581601381302,0.9198019504547119,0.7189189195632935
YOL008W,YLL028W,0,-0.39004865,0.11452169716358185,0.9198019504547119,0.7190189957618713
YER004W,YJR135W-A,0,-0.3900752,0.11450757831335068,0.9198019504547119,0.719119131565094
YNL046W,YGR027W-A,0,-0.39027187,0.1144934669137001,0.9198019504547119,0.7192192077636719
YPR158C-C,YMR201C,0,-0.39041406,0.11447935551404953,0.9198019504547119,0.7193193435668945
YPR065W,YLR307W,0,-0.39048427,0.11446525156497955,0.9198019504547119,0.7194194197654724
YDR402C,YLR320W,0,-0.3909353,0.11445115506649017,0.9198019504547119,0.7195194959640503
YNR001C,YGR154C,0,-0.39098436,0.1144370511174202,0.9198019504547119,0.719619631767273
YGR032W,YJL103C,0,-0.39103127,0.11442296206951141,0.9198019504547119,0.7197197079658508
YKL012W,YAL008W,0,-0.39161402,0.11440886557102203,0.9198019504547119,0.7198198437690735
YBR097W,YIL124W,0,-0.39206234,0.11439477652311325,0.9198019504547119,0.7199199199676514
YPL104W,YGR038C-A,0,-0.39210573,0.11438069492578506,0.9198019504547119,0.7200199961662292
YBR087W,YNL315C,0,-0.39219576,0.11436661332845688,0.9198019504547119,0.7201201319694519
YJR095W,YOR083W,0,-0.39244556,0.11435253918170929,0.9198019504547119,0.7202202081680298
YGR143W,YBL101C,0,-0.39260942,0.1143384650349617,0.9198019504547119,0.7203203439712524
YCL019W,YER053C,0,-0.3926763,0.11432439088821411,0.9198019504547119,0.7204204201698303
YPL090C,YDR018C,0,-0.3927147,0.11431032419204712,0.9198019504547119,0.7205204963684082
YER014C-A,YGR198W,0,-0.39314464,0.11429625749588013,0.9198019504547119,0.7206206321716309
YJL118W,YGL079W,0,-0.39339784,0.11428219825029373,0.9198019504547119,0.7207207083702087
YFR032C-A,YDR492W,0,-0.3938771,0.11426813900470734,0.9198019504547119,0.7208208441734314
YOL130W,YGL077C,0,-0.39389464,0.11425408720970154,0.9198019504547119,0.7209209203720093
YLR224W,YBR302C,0,-0.3942981,0.11424004286527634,0.9198019504547119,0.7210209965705872
YOR127W,YOL136C,0,-0.39435518,0.11422599107027054,0.9198019504547119,0.7211211323738098
YGL011C,YMR013C,0,-0.39436635,0.11421194672584534,0.9198019504547119,0.7212212085723877
YNL232W,YJR076C,0,-0.39446765,0.11419790983200073,0.9198019504547119,0.7213213443756104
YNL327W,YMR182C,0,-0.39489317,0.11418387293815613,0.9198019504547119,0.7214214205741882
YDR429C,YGR052W,0,-0.3955477,0.11416984349489212,0.9198019504547119,0.7215214967727661
YDR247W,YOR061W,0,-0.3958559,0.11415581405162811,0.9198019504547119,0.7216216325759888
YPR137C-B,YGR282C,0,-0.3962686,0.1141417846083641,0.9198019504547119,0.7217217087745667
YGR048W,YGR028W,0,-0.39663985,0.1141277626156807,0.9198019504547119,0.7218218445777893
YLR035C-A,YKR030W,0,-0.39791644,0.11411374807357788,0.9198019504547119,0.7219219207763672
YGR175C,YOL013C,0,-0.39796358,0.11409972608089447,0.9198019504547119,0.7220219969749451
YBR118W,YCR048W,0,-0.3980889,0.11408571898937225,0.9198019504547119,0.7221221327781677
YHL001W,YLR297W,0,-0.39823684,0.11407171189785004,0.9198019504547119,0.7222222089767456
YAL012W,YLR343W,0,-0.39855856,0.11405770480632782,0.9198019504547119,0.7223223447799683
YDR447C,YEL031W,0,-0.39881998,0.1140437051653862,0.9198019504547119,0.7224224209785461
YNL159C,YDR261W-A,0,-0.39887425,0.11402970552444458,0.9198019504547119,0.722522497177124
YOL040C,YJR022W,0,-0.39908904,0.11401570588350296,0.9198019504547119,0.7226226329803467
YDR347W,YMR145C,0,-0.3994752,0.11400172114372253,0.9198019504547119,0.7227227091789246
YMR269W,YBR058C-A,0,-0.39949843,0.11398772895336151,0.9198019504547119,0.7228228449821472
YHL034C,YOR187W,0,-0.39951983,0.11397374421358109,0.9198019504547119,0.7229229211807251
YBL028C,YMR008C,0,-0.40008,0.11395976692438126,0.9198019504547119,0.723022997379303
YOL145C,YML045W-A,0,-0.40018618,0.11394578963518143,0.9198019504547119,0.7231231331825256
YDR036C,YOR222W,0,-0.40033972,0.1139318123459816,0.9198019504547119,0.7232232093811035
YDR206W,YBL098W,0,-0.40041363,0.11391784250736237,0.9198019504547119,0.7233233451843262
YJL219W,YHR196W,0,-0.40101424,0.11390387266874313,0.9198019504547119,0.723423421382904
YOR037W,YDR523C,0,-0.40112698,0.1138899102807045,0.9198019504547119,0.7235234975814819
YNL115C,YDR037W,0,-0.40130115,0.11387594789266586,0.9198019504547119,0.7236236333847046
YCR075C,YAL062W,0,-0.4013331,0.11386199295520782,0.9198019504547119,0.7237237095832825
YFR036W,YDR013W,0,-0.40137172,0.11384803801774979,0.9198019504547119,0.7238238453865051
YPL015C,YHR161C,0,-0.40137625,0.11383409053087234,0.9198019504547119,0.723923921585083
YGR036C,YMR163C,0,-0.40137914,0.1138201430439949,0.9198019504547119,0.7240239977836609
YOR130C,YGR070W,0,-0.4015298,0.11380619555711746,0.9198019504547119,0.7241241335868835
YNR043W,YMR193W,0,-0.40160242,0.11379225552082062,0.9198019504547119,0.7242242097854614
YOR354C,YPR158C-D,0,-0.4018439,0.11377832293510437,0.9198019504547119,0.7243243455886841
YAL062W,YDR208W,0,-0.40207922,0.11376439034938812,0.9198019504547119,0.724424421787262
YGR054W,YGR028W,0,-0.40227383,0.11375045776367188,0.9198019504547119,0.7245244979858398
YDR208W,YCR069W,0,-0.40258807,0.11373653262853622,0.9198019504547119,0.7246246337890625
YKL028W,YML073C,0,-0.40280616,0.11372260749340057,0.9198019504547119,0.7247247099876404
YMR271C,YHR028C,0,-0.40294707,0.11370868980884552,0.9198019504547119,0.724824845790863
YDL130W-A,YJL128C,0,-0.4032591,0.11369477212429047,0.9198019504547119,0.7249249219894409
YGL172W,YBL026W,1,-0.40333894,0.11380323022603989,0.9207921028137207,0.7249249219894409
YEL034W,YOR378W,0,-0.40379184,0.11378930509090424,0.9207921028137207,0.7250249981880188
YAL033W,YLL034C,0,-0.4038815,0.11377538740634918,0.9207921028137207,0.7251251339912415
YJR067C,YKL163W,0,-0.40393788,0.11376146972179413,0.9207921028137207,0.7252252101898193
YDR501W,YLL043W,0,-0.40405178,0.11374755203723907,0.9207921028137207,0.725325345993042
YOR298C-A,YDR392W,0,-0.40442467,0.11373364180326462,0.9207921028137207,0.7254254221916199
YKL041W,YIL113W,0,-0.4047122,0.11371973901987076,0.9207921028137207,0.7255254983901978
YLR423C,YNL005C,0,-0.40474606,0.1137058287858963,0.9207921028137207,0.7256256341934204
YIL121W,YNL136W,0,-0.40535957,0.11369193345308304,0.9207921028137207,0.7257257103919983
YNL101W,YMR042W,0,-0.40540075,0.11367803812026978,0.9207921028137207,0.725825846195221
YML029W,YNL160W,0,-0.40557,0.11366414278745651,0.9207921028137207,0.7259259223937988
YPL213W,YBR068C,0,-0.4056671,0.11365024745464325,0.9207921028137207,0.7260259985923767
YEL020C,YMR029C,0,-0.40570533,0.11363636702299118,0.9207921028137207,0.7261261343955994
YJR053W,YMR278W,0,-0.4058098,0.11362247914075851,0.9207921028137207,0.7262262105941772
YDL130W-A,YPR113W,0,-0.405908,0.11360859870910645,0.9207921028137207,0.7263263463973999
YCR052W,YMR315W,0,-0.4062332,0.11359472572803497,0.9207921028137207,0.7264264225959778
YBR065C,YBL074C,1,-0.40705645,0.11370298266410828,0.9217821955680847,0.7264264225959778
YJL184W,YHR183W,0,-0.40772715,0.11368909478187561,0.9217821955680847,0.7265264987945557
YIL117C,YEL070W,0,-0.40798008,0.11367521435022354,0.9217821955680847,0.7266266345977783
YMR173W,YIR010W,0,-0.40812832,0.11366133391857147,0.9217821955680847,0.7267267107963562
YNL131W,YDL185W,0,-0.4081391,0.1136474609375,0.9217821955680847,0.7268268465995789
YDR084C,YDR153C,0,-0.40848157,0.11363358795642853,0.9217821955680847,0.7269269227981567
YDR448W,YDL138W,0,-0.40852925,0.11361972242593765,0.9217821955680847,0.7270269989967346
YPL118W,YJR078W,0,-0.40884602,0.11360585689544678,0.9217821955680847,0.7271271347999573
YHR010W,YMR287C,0,-0.40885794,0.1135919988155365,0.9217821955680847,0.7272272109985352
YOR131C,YLR035C-A,0,-0.4089126,0.11357814073562622,0.9217821955680847,0.7273273468017578
YBR213W,YAL058W,0,-0.40899765,0.11356428265571594,0.9217821955680847,0.7274274230003357
YAL024C,YPR023C,0,-0.4092422,0.11355043202638626,0.9217821955680847,0.7275274991989136
YNR074C,YDL239C,0,-0.40948594,0.11353658884763718,0.9217821955680847,0.7276276350021362
YER124C,YGR020C,0,-0.40975273,0.1135227382183075,0.9217821955680847,0.7277277112007141
YDR210W-B,YMR217W,0,-0.40976772,0.11350890249013901,0.9217821955680847,0.7278278470039368
YGL103W,YKL174C,0,-0.4098355,0.11349505931138992,0.9217821955680847,0.7279279232025146
YPL206C,YHR016C,0,-0.40986472,0.11348123103380203,0.9217821955680847,0.7280279994010925
YEL026W,YPL151C,1,-0.4100789,0.11358927190303802,0.9227722883224487,0.7280279994010925
YPR035W,YNL037C,0,-0.41009185,0.11357543617486954,0.9227722883224487,0.7281281352043152
YPL213W,YER004W,0,-0.41015762,0.11356159299612045,0.9227722883224487,0.7282282114028931
YLR221C,YGR014W,0,-0.41022786,0.11354775726795197,0.9227722883224487,0.7283283472061157
YOR192C-A,YNR003C,0,-0.41036433,0.11353392899036407,0.9227722883224487,0.7284284234046936
YLR240W,YJR033C,0,-0.41044784,0.11352010071277618,0.9227722883224487,0.7285284996032715
YMR171C,YDL128W,0,-0.41073966,0.1135062724351883,0.9227722883224487,0.7286286354064941
YIR028W,YKL182W,0,-0.41125184,0.113492451608181,0.9227722883224487,0.728728711605072
YDL083C,YNR008W,0,-0.4116181,0.1134786307811737,0.9227722883224487,0.7288288474082947
YMR276W,YLR310C,0,-0.41179246,0.11346481740474701,0.9227722883224487,0.7289289236068726
YER051W,YPL257W-A,0,-0.41271293,0.11345100402832031,0.9227722883224487,0.7290289998054504
YDL207W,YBR052C,0,-0.413553,0.11343719810247421,0.9227722883224487,0.7291291356086731
YPR072W,YLR297W,0,-0.4140833,0.11342339217662811,0.9227722883224487,0.729229211807251
YCR028C,YNR063W,0,-0.41409975,0.11340958625078201,0.9227722883224487,0.7293293476104736
YJL153C,YCR012W,0,-0.41440946,0.11339578777551651,0.9227722883224487,0.7294294238090515
YCR028C-A,YBL052C,0,-0.41470098,0.1133819967508316,0.9227722883224487,0.7295295000076294
YHR039C-A,YOL147C,0,-0.41476503,0.1133682057261467,0.9227722883224487,0.729629635810852
YPL101W,YDR261W-A,0,-0.41505846,0.11335441470146179,0.9227722883224487,0.7297297120094299
YDR096W,YOR343W-B,0,-0.41521972,0.11334063112735748,0.9227722883224487,0.7298298478126526
YPL271W,YEL016C,0,-0.41523787,0.11332684755325317,0.9227722883224487,0.7299299240112305
YDR529C,YJR092W,0,-0.4153075,0.11331307142972946,0.9227722883224487,0.7300300598144531
YNL077W,YHR002W,0,-0.41545278,0.11329929530620575,0.9227722883224487,0.730130136013031
YER019C-A,YGR287C,0,-0.41625345,0.11328552663326263,0.9227722883224487,0.7302302122116089
YPL152W,YPL024W,0,-0.41667736,0.11327175796031952,0.9227722883224487,0.7303303480148315
YDR400W,YIR038C,0,-0.4167039,0.1132579892873764,0.9227722883224487,0.7304304242134094
YER120W,YNL014W,0,-0.41673738,0.11324422806501389,0.9227722883224487,0.7305305600166321
YDR322C-A,YEL013W,0,-0.41690108,0.11323046684265137,0.9227722883224487,0.73063063621521
YIL031W,YGL065C,0,-0.4173491,0.11321671307086945,0.9227722883224487,0.7307307124137878
YHR025W,YPL060C-A,0,-0.4173531,0.11320296674966812,0.9227722883224487,0.7308308482170105
YPL112C,YKL181W,0,-0.41740742,0.1131892129778862,0.9227722883224487,0.7309309244155884
YER029C,YDL146W,0,-0.4177322,0.11317547410726547,0.9227722883224487,0.731031060218811
YNR073C,YIL009C-A,0,-0.41773826,0.11316172778606415,0.9227722883224487,0.7311311364173889
YAL025C,YOL145C,0,-0.41780496,0.11314798891544342,0.9227722883224487,0.7312312126159668
YOR206W,YDL029W,0,-0.41798013,0.11313425749540329,0.9227722883224487,0.7313313484191895
YLR344W,YMR314W,0,-0.41859865,0.11312052607536316,0.9227722883224487,0.7314314246177673
YJL172W,YDR210W,0,-0.41906595,0.11310679465532303,0.9227722883224487,0.73153156042099
YMR323W,YPL124W,0,-0.41931158,0.1130930706858635,0.9227722883224487,0.7316316366195679
YPL266W,YDR084C,0,-0.41986328,0.11307934671640396,0.9227722883224487,0.7317317128181458
YER146W,YLR066W,0,-0.42017013,0.11306563019752502,0.9227722883224487,0.7318318486213684
YDR389W,YDR261W-B,0,-0.4202097,0.11305191367864609,0.9227722883224487,0.7319319248199463
YOR279C,YPL186C,0,-0.4215964,0.11303820461034775,0.9227722883224487,0.732032060623169
YHL009W-A,YCR098C,0,-0.4216077,0.11302449554204941,0.9227722883224487,0.7321321368217468
YHR064C,YPL112C,0,-0.42163205,0.11301079392433167,0.9227722883224487,0.7322322130203247
YHR036W,YML110C,0,-0.42184937,0.11299709230661392,0.9227722883224487,0.7323323488235474
YBR185C,YDR312W,0,-0.42227817,0.11298339068889618,0.9227722883224487,0.7324324250221252
YPR160W,YDL239C,0,-0.42227852,0.11296969652175903,0.9227722883224487,0.7325325608253479
YMR051C,YMR276W,0,-0.42233336,0.11295600235462189,0.9227722883224487,0.7326326370239258
YJL176C,YDR508C,0,-0.4225364,0.11294231563806534,0.9227722883224487,0.7327327132225037
YDL079C,YFR005C,0,-0.4226211,0.11292862892150879,0.9227722883224487,0.7328328490257263
YOL058W,YER172C,0,-0.42268267,0.11291494965553284,0.9227722883224487,0.7329329252243042
YDR062W,YDR408C,0,-0.42277455,0.11290127038955688,0.9227722883224487,0.7330330610275269
YDR117C,YDR012W,0,-0.42278504,0.11288759857416153,0.9227722883224487,0.7331331372261047
YPL016W,YLR410W-B,0,-0.4230423,0.11287392675876617,0.9227722883224487,0.7332332134246826
YGR231C,YGR010W,0,-0.42320037,0.11286025494337082,0.9227722883224487,0.7333333492279053
YDL133C-A,YDL178W,0,-0.4232349,0.11284659057855606,0.9227722883224487,0.7334334254264832
YDR457W,YGL212W,0,-0.42330503,0.1128329262137413,0.9227722883224487,0.7335335612297058
YLL055W,YFR003C,0,-0.4234616,0.11281926929950714,0.9227722883224487,0.7336336374282837
YFR029W,YKR039W,0,-0.4236755,0.11280561238527298,0.9227722883224487,0.7337337136268616
YGL180W,YKL055C,0,-0.4236979,0.11279196292161942,0.9227722883224487,0.7338338494300842
YDL214C,YMR054W,0,-0.42370677,0.11277831345796585,0.9227722883224487,0.7339339256286621
YMR165C,YDR294C,0,-0.4239754,0.11276467144489288,0.9227722883224487,0.7340340614318848
YBR014C,YDR408C,0,-0.424328,0.11275102943181992,0.9227722883224487,0.7341341376304626
YGL001C,YHR115C,0,-0.42447454,0.11273738741874695,0.9227722883224487,0.7342342138290405
YKL025C,YBR115C,0,-0.42463177,0.11272375285625458,0.9227722883224487,0.7343343496322632
YOR234C,YNL229C,0,-0.42466244,0.1127101257443428,0.9227722883224487,0.7344344258308411
YLR304C,YMR170C,0,-0.4250809,0.11269649118185043,0.9227722883224487,0.7345345616340637
YML001W,YDL133C-A,0,-0.42530072,0.11268287152051926,0.9227722883224487,0.7346346378326416
YML111W,YBR229C,0,-0.4253757,0.11266924440860748,0.9227722883224487,0.7347347140312195
YLR343W,YGR109W-B,0,-0.42547226,0.1126556247472763,0.9227722883224487,0.7348348498344421
YJR119C,YLR136C,0,-0.42582616,0.11264201253652573,0.9227722883224487,0.73493492603302
YMR087W,YAR071W,0,-0.42620358,0.11262840032577515,0.9227722883224487,0.7350350618362427
YJL149W,YJR025C,0,-0.426283,0.11261478811502457,0.9227722883224487,0.7351351380348206
YCL033C,YEL059C-A,0,-0.4264782,0.11260118335485458,0.9227722883224487,0.7352352142333984
YHR039C-A,YDR538W,0,-0.4266392,0.1125875785946846,0.9227722883224487,0.7353353500366211
YOR304C-A,YGR256W,0,-0.42668796,0.11257398128509521,0.9227722883224487,0.735435426235199
YER035W,YNL064C,0,-0.42674756,0.11256038397550583,0.9227722883224487,0.7355355620384216
YIR036C,YGL055W,0,-0.42684636,0.11254679411649704,0.9227722883224487,0.7356356382369995
YBL088C,YNR021W,0,-0.42717445,0.11253320425748825,0.9227722883224487,0.7357357144355774
YLR433C,YJR104C,0,-0.4277668,0.11251962184906006,0.9227722883224487,0.7358358502388
YCR020C,YDL114W,0,-0.42781022,0.11250603944063187,0.9227722883224487,0.7359359264373779
YOR340C,YLR183C,0,-0.42782462,0.11249245703220367,0.9227722883224487,0.7360360622406006
YBR039W,YDR131C,0,-0.42807448,0.11247888207435608,0.9227722883224487,0.7361361384391785
YKR105C,YLR289W,0,-0.42840564,0.11246530711650848,0.9227722883224487,0.7362362146377563
YDL101C,YIR033W,0,-0.4284132,0.11245173960924149,0.9227722883224487,0.736336350440979
YDR294C,YMR229C,0,-0.42877883,0.11243817210197449,0.9227722883224487,0.7364364266395569
YDR483W,YPR033C,0,-0.42881286,0.11242460459470749,0.9227722883224487,0.7365365624427795
YNL106C,YNL335W,0,-0.42893472,0.11241104453802109,0.9227722883224487,0.7366366386413574
YDL114W,YDR059C,0,-0.4290032,0.11239749193191528,0.9227722883224487,0.7367367148399353
YER148W,YJL062W,0,-0.42901975,0.11238393932580948,0.9227722883224487,0.736836850643158
YDR261W-B,YPL024W,0,-0.42951387,0.11237038671970367,0.9227722883224487,0.7369369268417358
YOL115W,YDR320C-A,0,-0.42999178,0.11235684156417847,0.9227722883224487,0.7370370626449585
YCR009C,YKR067W,0,-0.43005407,0.11234329640865326,0.9227722883224487,0.7371371388435364
YCL019W,YNL135C,0,-0.43035677,0.11232975870370865,0.9227722883224487,0.7372372150421143
YPR145W,YBR012W-A,0,-0.4305205,0.11231622099876404,0.9227722883224487,0.7373373508453369
YGR218W,YJR047C,0,-0.43075565,0.11230269074440002,0.9227722883224487,0.7374374270439148
YNL072W,YKL165C,0,-0.4307788,0.11228915303945541,0.9227722883224487,0.7375375628471375
YJR105W,YDR006C,0,-0.43077934,0.112275630235672,0.9227722883224487,0.7376376390457153
YJL210W,YBL106C,0,-0.43088785,0.11226210743188858,0.9227722883224487,0.7377377152442932
YOR066W,YNL007C,0,-0.43096775,0.11224858462810516,0.9227722883224487,0.7378378510475159
YDR452W,YGR175C,0,-0.4309776,0.11223506927490234,0.9227722883224487,0.7379379272460938
YGR157W,YGL131C,0,-0.43104726,0.11222155392169952,0.9227722883224487,0.7380380630493164
YNL061W,YDR033W,0,-0.43146387,0.1122080460190773,0.9227722883224487,0.7381381392478943
YDR243C,YDL209C,1,-0.4314799,0.11231491714715958,0.9237623810768127,0.7381381392478943
YDR456W,YMR006C,0,-0.43168196,0.11230139434337616,0.9237623810768127,0.7382382154464722
YML008C,YER087C-A,0,-0.43170553,0.11228787899017334,0.9237623810768127,0.7383383512496948
YGL003C,YNL115C,0,-0.4318197,0.11227437108755112,0.9237623810768127,0.7384384274482727
YNL098C,YDL198C,0,-0.4322081,0.1122608557343483,0.9237623810768127,0.7385385632514954
YPR159W,YBR039W,0,-0.4322343,0.11224735528230667,0.9237623810768127,0.7386386394500732
YDR210C-C,YPL214C,0,-0.43251744,0.11223384737968445,0.9237623810768127,0.7387387156486511
YDR385W,YPR065W,0,-0.4325993,0.11222035437822342,0.9237623810768127,0.7388388514518738
YLR010C,YDR231C,0,-0.43281603,0.1122068539261818,0.9237623810768127,0.7389389276504517
YHL020C,YEL034W,0,-0.43315718,0.11219336092472076,0.9237623810768127,0.7390390634536743
YCL018W,YER074W-A,0,-0.43364286,0.11217987537384033,0.9237623810768127,0.7391391396522522
YCR079W,YOL157C,0,-0.43389666,0.1121663898229599,0.9237623810768127,0.7392392158508301
YJL082W,YGR192C,0,-0.4341241,0.11215290427207947,0.9237623810768127,0.7393393516540527
YNL061W,YEL069C,0,-0.43425053,0.11213942617177963,0.9237623810768127,0.7394394278526306
YML094W,YBL075C,0,-0.43434665,0.1121259480714798,0.9237623810768127,0.7395395636558533
YMR281W,YMR143W,0,-0.43436393,0.11211246997117996,0.9237623810768127,0.7396396398544312
YPR041W,YGR081C,0,-0.43480986,0.11209899932146072,0.9237623810768127,0.739739716053009
YIL134W,YOR317W,0,-0.4349082,0.11208553612232208,0.9237623810768127,0.7398398518562317
YEL038W,YIR034C,0,-0.4352124,0.11207207292318344,0.9237623810768127,0.7399399280548096
YER070W,YLR256W-A,0,-0.435255,0.1120586097240448,0.9237623810768127,0.7400400638580322
YDR530C,YCR069W,0,-0.4353985,0.11204515397548676,0.9237623810768127,0.7401401400566101
YPL091W,YGR183C,0,-0.43550035,0.11203169822692871,0.9237623810768127,0.740240216255188
YKL222C,YAL012W,0,-0.43552077,0.11201824992895126,0.9237623810768127,0.7403403520584106
YBR274W,YJR104C,0,-0.43640512,0.11200480163097382,0.9237623810768127,0.7404404282569885
YLR214W,YBL028C,0,-0.4366338,0.11199136078357697,0.9237623810768127,0.7405405640602112
YJL111W,YBR164C,0,-0.4366403,0.11197791993618011,0.9237623810768127,0.7406406402587891
YOR192C-A,YGR058W,0,-0.436654,0.11196447908878326,0.9237623810768127,0.7407407164573669
YDR533C,YKR024C,0,-0.43686208,0.11195104569196701,0.9237623810768127,0.7408408522605896
YER146W,YPR082C,1,-0.43691385,0.11205758899450302,0.9247524738311768,0.7408408522605896
YMR315W,YEL029C,0,-0.43696517,0.11204414814710617,0.9247524738311768,0.7409409284591675
YAL009W,YGL255W,0,-0.43705186,0.11203070729970932,0.9247524738311768,0.7410410642623901
YGL209W,YNL082W,0,-0.43744668,0.11201727390289307,0.9247524738311768,0.741141140460968
YDL082W,YCL047C,0,-0.43753663,0.11200384050607681,0.9247524738311768,0.7412412166595459
YLR219W,YHL033C,0,-0.43761116,0.11199040710926056,0.9247524738311768,0.7413413524627686
YDR356W,YEL021W,0,-0.43780363,0.1119769811630249,0.9247524738311768,0.7414414286613464
YLR151C,YML058W,0,-0.43809295,0.11196355521678925,0.9247524738311768,0.7415415644645691
YKR058W,YBL076C,0,-0.43821338,0.11195013672113419,0.9247524738311768,0.741641640663147
YMR256C,YHR001W,0,-0.4382143,0.11193671822547913,0.9247524738311768,0.7417417168617249
YDR408C,YNL265C,0,-0.43822038,0.11192330718040466,0.9247524738311768,0.7418418526649475
YPR198W,YDR254W,0,-0.43842673,0.1119098961353302,0.9247524738311768,0.7419419288635254
YNL116W,YOR083W,0,-0.43870986,0.11189649254083633,0.9247524738311768,0.742042064666748
YOR384W,YDR536W,0,-0.43875137,0.11188308894634247,0.9247524738311768,0.7421421408653259
YNL083W,YJL079C,0,-0.4387763,0.1118696853518486,0.9247524738311768,0.7422422170639038
YBR012W-B,YPL072W,0,-0.43885878,0.11185628920793533,0.9247524738311768,0.7423423528671265
YOR301W,YLR016C,0,-0.43903795,0.11184289306402206,0.9247524738311768,0.7424424290657043
YGL253W,YHR045W,0,-0.4395734,0.11182950437068939,0.9247524738311768,0.742542564868927
YLR357W,YFL039C,0,-0.43957376,0.11181611567735672,0.9247524738311768,0.7426426410675049
YDL065C,YER183C,0,-0.43980384,0.11180272698402405,0.9247524738311768,0.7427427172660828
YMR298W,YPL074W,0,-0.44019064,0.11178934574127197,0.9247524738311768,0.7428428530693054
YLR166C,YOR391C,0,-0.44035167,0.1117759719491005,0.9247524738311768,0.7429429292678833
YBL017C,YOL146W,0,-0.4403718,0.11176259070634842,0.9247524738311768,0.743043065071106
YJR145C,YHR016C,0,-0.44048196,0.11174922436475754,0.9247524738311768,0.7431431412696838
YER029C,YPR124W,0,-0.4407275,0.11173585057258606,0.9247524738311768,0.7432432174682617
YFR018C,YPR200C,0,-0.440895,0.11172249168157578,0.9247524738311768,0.7433433532714844
YDL166C,YOL124C,0,-0.4412144,0.1117091253399849,0.9247524738311768,0.7434434294700623
YCR046C,YBR019C,0,-0.441612,0.11169576644897461,0.9247524738311768,0.7435435652732849
YDL064W,YDR261W-A,0,-0.4416992,0.11168240755796432,0.9247524738311768,0.7436436414718628
YDR383C,YGR038W,0,-0.44182003,0.11166905611753464,0.9247524738311768,0.7437437176704407
YNL286W,YDR432W,1,-0.44186702,0.11177525669336319,0.9257425665855408,0.7437437176704407
YJR130C,YNL197C,0,-0.4419554,0.11176189035177231,0.9257425665855408,0.7438438534736633
YMR068W,YDL024C,0,-0.4423643,0.11174853891134262,0.9257425665855408,0.7439439296722412
YNL230C,YMR045C,0,-0.44245046,0.11173518002033234,0.9257425665855408,0.7440440654754639
YGR188C,YEL059C-A,0,-0.4424635,0.11172182857990265,0.9257425665855408,0.7441441416740417
YCL018W,YGL113W,0,-0.44329354,0.11170848459005356,0.9257425665855408,0.7442442178726196
YPL208W,YMR314W,0,-0.4433225,0.11169514060020447,0.9257425665855408,0.7443443536758423
YER110C,YOL112W,0,-0.44396126,0.11168179661035538,0.9257425665855408,0.7444444298744202
YDR339C,YNL177C,0,-0.44483653,0.11166846007108688,0.9257425665855408,0.7445445656776428
YOL127W,YMR210W,0,-0.44528258,0.11165512353181839,0.9257425665855408,0.7446446418762207
YGL089C,YNL297C,0,-0.44578496,0.1116417944431305,0.9257425665855408,0.7447447180747986
YFL034C-A,YER133W,0,-0.44590023,0.1116284653544426,0.9257425665855408,0.7448448538780212
YBR132C,YDR291W,0,-0.44596025,0.1116151362657547,0.9257425665855408,0.7449449300765991
YJL062W-A,YOL152W,0,-0.44597763,0.1116018146276474,0.9257425665855408,0.7450450658798218
YER146W,YDL008W,0,-0.44597784,0.1115884929895401,0.9257425665855408,0.7451451420783997
YMR182C,YBR136W,0,-0.44612548,0.1115751788020134,0.9257425665855408,0.7452452182769775
YPR016C,YDR081C,0,-0.44617933,0.1115618646144867,0.9257425665855408,0.7453453540802002
YBR127C,YGR118W,0,-0.44630745,0.11154855787754059,0.9257425665855408,0.7454454302787781
YCR020C,YOR142W-B,0,-0.4463167,0.11153525114059448,0.9257425665855408,0.7455455660820007
YGR272C,YOR155C,0,-0.44638085,0.11152194440364838,0.9257425665855408,0.7456456422805786
YPR158C-C,YNR023W,0,-0.44639605,0.11150864511728287,0.9257425665855408,0.7457457184791565
YNR060W,YPR145W,0,-0.44669467,0.11149534583091736,0.9257425665855408,0.7458458542823792
YOL018C,YBR299W,0,-0.44679907,0.11148205399513245,0.9257425665855408,0.745945930480957
YLR095C,YDL126C,0,-0.4469455,0.11146876215934753,0.9257425665855408,0.7460460662841797
YKL009W,YKL021C,0,-0.44695905,0.11145547777414322,0.9257425665855408,0.7461461424827576
YGR272C,YGL190C,0,-0.44700652,0.1114421933889389,0.9257425665855408,0.7462462186813354
YMR321C,YLR275W,0,-0.447066,0.11142890900373459,0.9257425665855408,0.7463463544845581
YIL078W,YGR192C,0,-0.44713974,0.11141563206911087,0.9257425665855408,0.746446430683136
YBR065C,YDL209C,1,-0.44744486,0.11152150481939316,0.9267326593399048,0.746446430683136
YLL051C,YDL208W,0,-0.44765776,0.11150822043418884,0.9267326593399048,0.7465465664863586
YCL030C,YDR239C,0,-0.44781384,0.11149493604898453,0.9267326593399048,0.7466466426849365
YML062C,YNL339C,0,-0.4482189,0.11148165911436081,0.9267326593399048,0.7467467188835144
YLR127C,YOR343W-B,0,-0.44823435,0.11146838217973709,0.9267326593399048,0.7468468546867371
YOR025W,YGL046W,0,-0.4482466,0.11145510524511337,0.9267326593399048,0.7469469308853149
YNL084C,YBL029C-A,0,-0.44868773,0.11144183576107025,0.9267326593399048,0.7470470666885376
YBR158W,YMR282C,0,-0.44884163,0.11142857372760773,0.9267326593399048,0.7471471428871155
YMR143W,YLR141W,0,-0.44904608,0.1114153042435646,0.9267326593399048,0.7472472190856934
YDR054C,YJR095W,0,-0.4490698,0.11140204966068268,0.9267326593399048,0.747347354888916
YLR337W,YLL022C,0,-0.44911277,0.11138878762722015,0.9267326593399048,0.7474474310874939
YPL266W,YKL096W,0,-0.44911343,0.11137553304433823,0.9267326593399048,0.7475475668907166
YLR298C,YHR086W,1,-0.44917947,0.11148126423358917,0.9277227520942688,0.7475475668907166
YBR150C,YOR010C,0,-0.44949013,0.11146800220012665,0.9277227520942688,0.7476476430892944
YCL026C-B,YOR377W,0,-0.4495842,0.11145474016666412,0.9277227520942688,0.7477477192878723
YNL077W,YIL139C,0,-0.4498516,0.1114414855837822,0.9277227520942688,0.747847855091095
YDL140C,YBR125C,0,-0.44988525,0.11142823100090027,0.9277227520942688,0.7479479312896729
YML126C,YNL305C,0,-0.45001608,0.11141498386859894,0.9277227520942688,0.7480480670928955
YDR443C,YPL095C,0,-0.4504301,0.11140173673629761,0.9277227520942688,0.7481481432914734
YDR027C,YPL084W,0,-0.4505947,0.11138848960399628,0.9277227520942688,0.7482482194900513
YBR135W,YBR280C,0,-0.45119658,0.11137524992227554,0.9277227520942688,0.7483483552932739
YEL011W,YOR038C,0,-0.45149425,0.1113620176911354,0.9277227520942688,0.7484484314918518
YLR410W-A,YDL002C,0,-0.45152345,0.11134878545999527,0.9277227520942688,0.7485485672950745
YKL176C,YER095W,0,-0.45189676,0.11133555322885513,0.9277227520942688,0.7486486434936523
YKR065C,YOR153W,0,-0.451981,0.111322320997715,0.9277227520942688,0.7487487196922302
YNR070W,YML015C,0,-0.45202816,0.11130909621715546,0.9277227520942688,0.7488488554954529
YAR044W,YHR117W,0,-0.4522605,0.11129587888717651,0.9277227520942688,0.7489489316940308
YIL150C,YJR135W-A,0,-0.45242435,0.11128266155719757,0.9277227520942688,0.7490490674972534
YOR222W,YMR250W,0,-0.45268416,0.11126944422721863,0.9277227520942688,0.7491491436958313
YDR320C-A,YJL041W,0,-0.45288858,0.11125623434782028,0.9277227520942688,0.7492492198944092
YJL033W,YCL057C-A,0,-0.4529306,0.11124302446842194,0.9277227520942688,0.7493493556976318
YIL067C,YJL113W,0,-0.4529339,0.11122982203960419,0.9277227520942688,0.7494494318962097
YDR242W,YDL161W,0,-0.45301026,0.11121661961078644,0.9277227520942688,0.7495495676994324
YMR268C,YPL275W,0,-0.45336384,0.11120341718196869,0.9277227520942688,0.7496496438980103
YOL016C,YJR158W,0,-0.45376307,0.11119022220373154,0.9277227520942688,0.7497497200965881
YER185W,YER011W,0,-0.45381746,0.11117702722549438,0.9277227520942688,0.7498498558998108
YCL057W,YOR317W,0,-0.45413724,0.11116383969783783,0.9277227520942688,0.7499499320983887
YLR246W,YDR522C,0,-0.45473114,0.11115065217018127,0.9277227520942688,0.7500500679016113
YOL089C,YMR202W,0,-0.45543918,0.11113747209310532,0.9277227520942688,0.7501501441001892
YLR214W,YLR337W,0,-0.45559102,0.11112429201602936,0.9277227520942688,0.7502502799034119
YDR385W,YAL010C,0,-0.45569497,0.1111111119389534,0.9277227520942688,0.7503503561019897
YGL033W,YBR041W,0,-0.45598054,0.11109793931245804,0.9277227520942688,0.7504504323005676
YDR109C,YFL038C,0,-0.45602423,0.11108476668596268,0.9277227520942688,0.7505505681037903
YHR105W,YLR070C,0,-0.45665127,0.11107160151004791,0.9277227520942688,0.7506506443023682
YCR080W,YPR107C,0,-0.4566665,0.11105843633413315,0.9277227520942688,0.7507507801055908
YJL002C,YDL128W,0,-0.45734745,0.11104527115821838,0.9277227520942688,0.7508508563041687
YOR298W,YDR037W,0,-0.45806003,0.11103211343288422,0.9277227520942688,0.7509509325027466
YMR216C,YBL100W-A,0,-0.45819518,0.11101895570755005,0.9277227520942688,0.7510510683059692
YBR061C,YLR216C,0,-0.45819718,0.11100580543279648,0.9277227520942688,0.7511511445045471
YBR008C,YJL143W,0,-0.4583089,0.11099265515804291,0.9277227520942688,0.7512512803077698
YDR341C,YAR066W,0,-0.45835277,0.11097951233386993,0.9277227520942688,0.7513513565063477
YOL104C,YGR158C,0,-0.45866308,0.11096636950969696,0.9277227520942688,0.7514514327049255
YBR203W,YCR069W,0,-0.45886892,0.11095322668552399,0.9277227520942688,0.7515515685081482
YMR250W,YMR021C,0,-0.45903632,0.11094009131193161,0.9277227520942688,0.7516516447067261
YKL034W,YPL027W,0,-0.45903692,0.11092695593833923,0.9277227520942688,0.7517517805099487
YLR414C,YOR315W,0,-0.45949095,0.11091382801532745,0.9277227520942688,0.7518518567085266
YER160C,YDR020C,0,-0.45964748,0.11090070009231567,0.9277227520942688,0.7519519329071045
YHR030C,YLR034C,0,-0.46003488,0.1108875721693039,0.9277227520942688,0.7520520687103271
YJL164C,YIL015W,0,-0.460064,0.11087445169687271,0.9277227520942688,0.752152144908905
YOR084W,YDL056W,0,-0.4601724,0.11086133122444153,0.9277227520942688,0.7522522807121277
YGL157W,YDR191W,0,-0.4603037,0.11084821820259094,0.9277227520942688,0.7523523569107056
YBR056W,YOR234C,0,-0.46056953,0.11083510518074036,0.9277227520942688,0.7524524331092834
YDR541C,YIL004C,0,-0.4606923,0.11082199960947037,0.9277227520942688,0.7525525689125061
YFL002W-A,YPL194W,0,-0.4607468,0.11080889403820038,0.9277227520942688,0.752652645111084
YMR047C,YHR104W,0,-0.46096247,0.11079578846693039,0.9277227520942688,0.7527527809143066
YAL060W,YBL071W-A,0,-0.46100247,0.110782690346241,0.9277227520942688,0.7528528571128845
YGR109W-B,YJR005W,0,-0.46104243,0.1107695922255516,0.9277227520942688,0.7529529333114624
YMR122W-A,YLR120C,0,-0.4610992,0.11075650155544281,0.9277227520942688,0.7530530691146851
YDL132W,YDR320C-A,0,-0.4611583,0.11074341088533401,0.9277227520942688,0.7531531453132629
YOR202W,YDR447C,0,-0.4612437,0.11073032021522522,0.9277227520942688,0.7532532811164856
YLR376C,YLR344W,0,-0.46155936,0.11071723699569702,0.9277227520942688,0.7533533573150635
YJR004C,YJR103W,0,-0.4617306,0.11070416122674942,0.9277227520942688,0.7534534335136414
YPL005W,YBR299W,0,-0.46211582,0.11069107800722122,0.9277227520942688,0.753553569316864
YHR188C,YGR183C,0,-0.46255732,0.11067800968885422,0.9277227520942688,0.7536536455154419
YCR068W,YKL200C,0,-0.46268612,0.11066493391990662,0.9277227520942688,0.7537537813186646
YBR020W,YOL155C,0,-0.46283036,0.11065186560153961,0.9277227520942688,0.7538538575172424
YBR065C,YMR240C,1,-0.46302503,0.11075688153505325,0.9287128448486328,0.7538538575172424
YJR105W,YGR257C,0,-0.46304625,0.11074379831552505,0.9287128448486328,0.7539539337158203
YDR218C,YBR230C,0,-0.46405333,0.11073072999715805,0.9287128448486328,0.754054069519043
YMR160W,YLR300W,0,-0.4643491,0.11071766167879105,0.9287128448486328,0.7541541457176208
YLL061W,YER014C-A,0,-0.46443796,0.11070459336042404,0.9287128448486328,0.7542542815208435
YDR304C,YNL254C,0,-0.46444207,0.11069152504205704,0.9287128448486328,0.7543543577194214
YNR047W,YNL311C,0,-0.4645967,0.11067846417427063,0.9287128448486328,0.7544544339179993
YLL033W,YHR072W-A,0,-0.46462333,0.11066541075706482,0.9287128448486328,0.7545545697212219
YDL020C,YLR256W,0,-0.46474034,0.11065234988927841,0.9287128448486328,0.7546546459197998
YDR079C-A,YLR398C,0,-0.46508294,0.1106393039226532,0.9287128448486328,0.7547547817230225
YBL005W-B,YKL199C,0,-0.46511215,0.11062625050544739,0.9287128448486328,0.7548548579216003
YJR044C,YJL144W,0,-0.46511704,0.11061320453882217,0.9287128448486328,0.7549549341201782
YDL214C,YJR029W,0,-0.46514374,0.11060016602277756,0.9287128448486328,0.7550550699234009
YLR304C,YKL199C,0,-0.46515048,0.11058712750673294,0.9287128448486328,0.7551551461219788
YLR421C,YGL200C,0,-0.46522903,0.11057408899068832,0.9287128448486328,0.7552552819252014
YML118W,YLR078C,0,-0.46547788,0.1105610579252243,0.9287128448486328,0.7553553581237793
YCL062W,YLR069C,0,-0.46548486,0.11054802685976028,0.9287128448486328,0.7554554343223572
YBR019C,YER119C,0,-0.4655949,0.11053499579429626,0.9287128448486328,0.7555555701255798
YFR051C,YPR054W,0,-0.46579182,0.11052197217941284,0.9287128448486328,0.7556556463241577
YLR406C,YOR192C-A,0,-0.46601832,0.11050895601511002,0.9287128448486328,0.7557557821273804
YOR369C,YKL188C,0,-0.4662503,0.11049593240022659,0.9287128448486328,0.7558558583259583
YFL057C,YJR139C,0,-0.46633846,0.11048292368650436,0.9287128448486328,0.7559559345245361
YJL018W,YOL109W,0,-0.46651453,0.11046990752220154,0.9287128448486328,0.7560560703277588
YPR009W,YML058W-A,0,-0.46653342,0.11045689880847931,0.9287128448486328,0.7561561465263367
YNL236W,YOR192C-A,0,-0.4667328,0.11044389754533768,0.9287128448486328,0.7562562823295593
YDR210C-C,YGR008C,0,-0.46694738,0.11043088883161545,0.9287128448486328,0.7563563585281372
YCL060C,YGL180W,0,-0.46701437,0.11041789501905441,0.9287128448486328,0.7564564347267151
YPL023C,YGR175C,0,-0.46713436,0.11040489375591278,0.9287128448486328,0.7565565705299377
YMR122W-A,YOR382W,0,-0.46751803,0.11039189994335175,0.9287128448486328,0.7566566467285156
YHR176W,YNR032W,0,-0.46783584,0.11037891358137131,0.9287128448486328,0.7567567825317383
YGR272C,YGL062W,0,-0.46784514,0.11036592721939087,0.9287128448486328,0.7568568587303162
YDL179W,YJL050W,0,-0.4679696,0.11035294085741043,0.9287128448486328,0.756956934928894
YPR158C-C,YDR329C,0,-0.4681279,0.11033996194601059,0.9287128448486328,0.7570570707321167
YLR209C,YGL205W,0,-0.4684105,0.11032698303461075,0.9287128448486328,0.7571571469306946
YLR329W,YDR260C,0,-0.46842605,0.11031400412321091,0.9287128448486328,0.7572572827339172
YBR020W,YLR467W,0,-0.46843606,0.11030103266239166,0.9287128448486328,0.7573573589324951
YOR092W,YOR251C,0,-0.4684866,0.11028806865215302,0.9287128448486328,0.757457435131073
YER148W,YOR142W,0,-0.4688729,0.11027509719133377,0.9287128448486328,0.7575575709342957
YLR027C,YOR371C,0,-0.46890497,0.11026214063167572,0.9287128448486328,0.7576576471328735
YLR337W,YJR070C,0,-0.4693063,0.11024917662143707,0.9287128448486328,0.7577577829360962
YPR030W,YML033W,0,-0.46944815,0.11023622006177902,0.9287128448486328,0.7578578591346741
YGR184C,YDR320C-A,0,-0.4694497,0.11022326350212097,0.9287128448486328,0.757957935333252
YGL130W,YER044C,0,-0.46945995,0.11021031439304352,0.9287128448486328,0.7580580711364746
YBL101W-B,YBR195C,0,-0.46979672,0.11019736528396606,0.9287128448486328,0.7581581473350525
YOL111C,YGL001C,0,-0.46984416,0.11018442362546921,0.9287128448486328,0.7582582831382751
YGR215W,YJR092W,0,-0.46985906,0.11017148196697235,0.9287128448486328,0.758358359336853
YDL055C,YGR038C-A,0,-0.4698968,0.1101585403084755,0.9287128448486328,0.7584584355354309
YER138C,YBR195C,0,-0.4699099,0.11014560610055923,0.9287128448486328,0.7585585713386536
YER169W,YPR160W,0,-0.46997827,0.11013267934322357,0.9287128448486328,0.7586586475372314
YGR109W-B,YPR158W-A,0,-0.47006285,0.11011974513530731,0.9287128448486328,0.7587587833404541
YNL131W,YCL031C,0,-0.47027588,0.11010681837797165,0.9287128448486328,0.758858859539032
YIL136W,YDR329C,0,-0.47056627,0.11009389907121658,0.9287128448486328,0.7589589357376099
YGR090W,YNL315C,0,-0.47084862,0.11008097976446152,0.9287128448486328,0.7590590715408325
YER166W,YDR316W-A,0,-0.47089654,0.11006806045770645,0.9287128448486328,0.7591591477394104
YBR271W,YCR093W,0,-0.470905,0.11005514860153198,0.9287128448486328,0.7592592835426331
YOL104C,YCR070W,0,-0.47118753,0.11004223674535751,0.9287128448486328,0.7593593597412109
YML078W,YNL284C-A,0,-0.47122526,0.11002932488918304,0.9287128448486328,0.7594594359397888
YCL062W,YJL079C,0,-0.47137672,0.11001642048358917,0.9287128448486328,0.7595595717430115
YJL095W,YNL134C,0,-0.47167242,0.1100035160779953,0.9287128448486328,0.7596596479415894
YDL055C,YMR025W,0,-0.4717664,0.10999061912298203,0.9287128448486328,0.759759783744812
YHR010W,YLR191W,0,-0.4723835,0.10997772216796875,0.9287128448486328,0.7598598599433899
YGR038C-A,YKL093W,0,-0.4724049,0.10996483266353607,0.9287128448486328,0.7599599361419678
YDR117C,YNL242W,0,-0.47255564,0.1099519431591034,0.9287128448486328,0.7600600719451904
YDR079C-A,YDR508C,0,-0.47269017,0.10993905365467072,0.9287128448486328,0.7601601481437683
YJR028W,YBL030C,0,-0.4727167,0.10992617160081863,0.9287128448486328,0.760260283946991
YOR327C,YML110C,0,-0.47273725,0.10991328954696655,0.9287128448486328,0.7603603601455688
YDL044C,YGR189C,0,-0.47279483,0.10990040749311447,0.9287128448486328,0.7604604363441467
YBR132C,YFL057C,0,-0.47306734,0.10988753288984299,0.9287128448486328,0.7605605721473694
YDR477W,YNL052W,0,-0.47314125,0.1098746657371521,0.9287128448486328,0.7606606483459473
YJR135W-A,YPR112C,0,-0.47340727,0.10986179113388062,0.9287128448486328,0.7607607841491699
YAL054C,YHR046C,0,-0.473468,0.10984893143177032,0.9287128448486328,0.7608608603477478
YKL212W,YDR381C-A,0,-0.4735132,0.10983606427907944,0.9287128448486328,0.7609609365463257
YOR214C,YDR072C,0,-0.47358245,0.10982320457696915,0.9287128448486328,0.7610610723495483
YGL046W,YLR404W,0,-0.47420484,0.10981035232543945,0.9287128448486328,0.7611611485481262
YBL101W-A,YDL170W,0,-0.47428143,0.10979749262332916,0.9287128448486328,0.7612612843513489
YDR184C,YIL017W,0,-0.4743442,0.10978464782238007,0.9287128448486328,0.7613613605499268
YJL166W,YOL151W,0,-0.47436607,0.10977179557085037,0.9287128448486328,0.7614614367485046
YMR121C,YIL035C,0,-0.4746369,0.10975895076990128,0.9287128448486328,0.7615615725517273
YHR092C,YDR494W,0,-0.47472197,0.10974611341953278,0.9287128448486328,0.7616616487503052
YPL007C,YPR137C-B,0,-0.47484726,0.10973326861858368,0.9287128448486328,0.7617617845535278
YDR115W,YNL035C,0,-0.47485906,0.10972043871879578,0.9287128448486328,0.7618618607521057
YGR132C,YHR109W,0,-0.47485995,0.10970760136842728,0.9287128448486328,0.7619619369506836
YOR240W,YDR392W,0,-0.47520608,0.10969477146863937,0.9287128448486328,0.7620620727539062
YGR009C,YDR261W-B,0,-0.47533375,0.10968194901943207,0.9287128448486328,0.7621621489524841
YNL101W,YGL013C,0,-0.4754452,0.10966911911964417,0.9287128448486328,0.7622622847557068
YCR087C-A,YFR009W,0,-0.47558874,0.10965630412101746,0.9287128448486328,0.7623623609542847
YPL177C,YDR382W,0,-0.47576946,0.10964348167181015,0.9287128448486328,0.7624624371528625
YAR031W,YHR085W,0,-0.47577506,0.10963066667318344,0.9287128448486328,0.7625625729560852
YCL060C,YLR210W,0,-0.47586662,0.10961785912513733,0.9287128448486328,0.7626626491546631
YLR337W,YLR285W,0,-0.47629374,0.10960505157709122,0.9287128448486328,0.7627627849578857
YGR038C-A,YBL037W,0,-0.4763052,0.1095922440290451,0.9287128448486328,0.7628628611564636
YLR295C,YLR389C,0,-0.47642082,0.10957943648099899,0.9287128448486328,0.7629629373550415
YCL026C-B,YBL040C,0,-0.47643316,0.10956663638353348,0.9287128448486328,0.7630630731582642
YAL042W,YDR320C-A,0,-0.47650814,0.10955384373664856,0.9287128448486328,0.763163149356842
YPL123C,YOR388C,0,-0.4765219,0.10954105108976364,0.9287128448486328,0.7632632851600647
YDR503C,YER074W-A,0,-0.47662288,0.10952825844287872,0.9287128448486328,0.7633633613586426
YKL175W,YMR280C,0,-0.47667056,0.1095154732465744,0.9287128448486328,0.7634634375572205
YGR006W,YML110C,0,-0.47675782,0.10950268805027008,0.9287128448486328,0.7635635733604431
YKL091C,YEL071W,0,-0.47690928,0.10948990285396576,0.9287128448486328,0.763663649559021
YKL097W-A,YPL048W,0,-0.4770767,0.10947712510824203,0.9287128448486328,0.7637637853622437
YFR045W,YML073C,0,-0.47712517,0.10946434736251831,0.9287128448486328,0.7638638615608215
YCL066W,YJL073W,0,-0.4771744,0.10945157706737518,0.9287128448486328,0.7639639377593994
YFR015C,YAL029C,0,-0.47717953,0.10943880677223206,0.9287128448486328,0.7640640735626221
YAL012W,YGL226C-A,0,-0.4771983,0.10942603647708893,0.9287128448486328,0.7641641497612
YDR074W,YCR060W,0,-0.47720492,0.1094132736325264,0.9287128448486328,0.7642642855644226
YPL257W-B,YMR257C,0,-0.47735578,0.10940051078796387,0.9287128448486328,0.7643643617630005
YCL045C,YBL024W,0,-0.4773746,0.10938775539398193,0.9287128448486328,0.7644644379615784
YDL064W,YPR137W,0,-0.47740245,0.109375,0.9287128448486328,0.764564573764801
YEL059C-A,YPL088W,0,-0.47829884,0.10936224460601807,0.9287128448486328,0.7646646499633789
YJL219W,YDR489W,0,-0.47841078,0.10934949666261673,0.9287128448486328,0.7647647857666016
YPL249C-A,YIL079C,0,-0.47872752,0.10933675616979599,0.9287128448486328,0.7648648619651794
YDR079C-A,YKL213C,0,-0.4788521,0.10932400822639465,0.9287128448486328,0.7649649381637573
YKR058W,YFR021W,0,-0.47886556,0.10931126773357391,0.9287128448486328,0.76506507396698
YDL004W,YGR020C,0,-0.47888,0.10929853469133377,0.9287128448486328,0.7651651501655579
YCR060W,YPR145W,0,-0.4791398,0.10928579419851303,0.9287128448486328,0.7652652859687805
YLR355C,YGL051W,0,-0.4791587,0.10927306860685349,0.9287128448486328,0.7653653621673584
YOR371C,YPL106C,0,-0.4792562,0.10926033556461334,0.9287128448486328,0.7654654383659363
YDR381C-A,YER137C,0,-0.4799207,0.1092476099729538,0.9287128448486328,0.7655655741691589
YBR288C,YOR142W,0,-0.47993076,0.10923489183187485,0.9287128448486328,0.7656656503677368
YEL012W,YDR099W,0,-0.48038143,0.1092221736907959,0.9287128448486328,0.7657657861709595
YGL031C,YPR026W,0,-0.48064834,0.10920945554971695,0.9287128448486328,0.7658658623695374
YPR108W,YGR161C-C,0,-0.48076707,0.109196737408638,0.9287128448486328,0.7659659385681152
YLR155C,YBL071W-A,0,-0.48078614,0.10918402671813965,0.9287128448486328,0.7660660743713379
YLR406C,YOL013C,0,-0.48091286,0.1091713234782219,0.9287128448486328,0.7661661505699158
YPR103W,YML019W,0,-0.48107046,0.10915862023830414,0.9287128448486328,0.7662662863731384
YNL009W,YJR127C,0,-0.48153788,0.10914591699838638,0.9287128448486328,0.7663663625717163
YBR139W,YKL067W,0,-0.48158234,0.10913321375846863,0.9287128448486328,0.7664664387702942
YFL050C,YJR113C,0,-0.48167008,0.10912051796913147,0.9287128448486328,0.7665665745735168
YCR046C,YHR039C-B,0,-0.4817422,0.10910782963037491,0.9287128448486328,0.7666666507720947
YGL148W,YNL256W,0,-0.4819607,0.10909514129161835,0.9287128448486328,0.7667667865753174
YLL062C,YDR171W,0,-0.4820059,0.10908245295286179,0.9287128448486328,0.7668668627738953
YPL020C,YDL065C,0,-0.4820227,0.10906976461410522,0.9287128448486328,0.7669669389724731
YCL026C-B,YDR523C,0,-0.48204982,0.10905708372592926,0.9287128448486328,0.7670670747756958
YLR027C,YDR316W-A,0,-0.48218864,0.10904441028833389,0.9287128448486328,0.7671671509742737
YOL127W,YMR078C,0,-0.48224634,0.10903172940015793,0.9287128448486328,0.7672672867774963
YLR337W,YPR112C,0,-0.48226935,0.10901906341314316,0.9287128448486328,0.7673673629760742
YLR308W,YOL093W,0,-0.48232585,0.10900638997554779,0.9287128448486328,0.7674674391746521
YLR342W,YLR172C,0,-0.4826339,0.10899372398853302,0.9287128448486328,0.7675675749778748
YNL224C,YDR226W,0,-0.48271257,0.10898106545209885,0.9287128448486328,0.7676676511764526
YDR381C-A,YDR034C,0,-0.48303813,0.10896839946508408,0.9287128448486328,0.7677677869796753
YPL204W,YMR052W,0,-0.483127,0.1089557409286499,0.9287128448486328,0.7678678631782532
YGL137W,YGR148C,0,-0.48319077,0.10894308984279633,0.9287128448486328,0.767967939376831
YOR269W,YOL077W-A,0,-0.48333514,0.10893043875694275,0.9287128448486328,0.7680680751800537
YNL075W,YGR286C,0,-0.48412484,0.10891778767108917,0.9287128448486328,0.7681681513786316
YGL009C,YLR386W,0,-0.484208,0.10890514403581619,0.9287128448486328,0.7682682871818542
YDR501W,YOL141W,0,-0.4846186,0.10889250040054321,0.9287128448486328,0.7683683633804321
YOR088W,YCR077C,0,-0.48464572,0.10887986421585083,0.9287128448486328,0.76846843957901
YFR055W,YPR162C,0,-0.485357,0.10886722058057785,0.9287128448486328,0.7685685753822327
YPL227C,YNL206C,0,-0.48540574,0.10885459184646606,0.9287128448486328,0.7686686515808105
YPL032C,YAL062W,0,-0.48541456,0.10884195566177368,0.9287128448486328,0.7687687873840332
YHR039C-B,YGR183C,0,-0.4855048,0.1088293269276619,0.9287128448486328,0.7688688635826111
YDL107W,YGL046W,0,-0.485618,0.1088167056441307,0.9287128448486328,0.768968939781189
YNL046W,YMR193W,0,-0.48574758,0.10880408436059952,0.9287128448486328,0.7690690755844116
YBL076C,YHR085W,0,-0.48575246,0.10879146307706833,0.9287128448486328,0.7691691517829895
YDR346C,YCL062W,0,-0.48578507,0.10877884924411774,0.9287128448486328,0.7692692875862122
YER114C,YGL068W,0,-0.48617595,0.10876623541116714,0.9287128448486328,0.76936936378479
YOR061W,YKL164C,0,-0.48634058,0.10875362157821655,0.9287128448486328,0.7694694399833679
YBR296C,YBR070C,0,-0.4865684,0.10874101519584656,0.9287128448486328,0.7695695757865906
YDR210C-C,YDR402C,0,-0.4866271,0.10872840881347656,0.9287128448486328,0.7696696519851685
YDR079C-A,YNL160W,0,-0.48665887,0.10871580988168716,0.9287128448486328,0.7697697877883911
YNL158W,YML045W-A,0,-0.48668182,0.10870321094989777,0.9287128448486328,0.769869863986969
YFR032C-A,YKR035W-A,0,-0.4876578,0.10869061201810837,0.9287128448486328,0.7699699401855469
YHL009W-A,YNL192W,0,-0.48791808,0.10867802053689957,0.9287128448486328,0.7700700759887695
YDR330W,YML106W,0,-0.4881816,0.10866542905569077,0.9287128448486328,0.7701701521873474
YBR299W,YPR028W,0,-0.48822463,0.10865284502506256,0.9287128448486328,0.7702702879905701
YGR195W,YPR158W-A,0,-0.48826218,0.10864026099443436,0.9287128448486328,0.770370364189148
YNR032C-A,YKL095W,1,-0.48830646,0.10874348878860474,0.9297029972076416,0.770370364189148
YJR075W,YBR241C,0,-0.48845476,0.10873089730739594,0.9297029972076416,0.7704704999923706
YJL141C,YLR079W,0,-0.48888755,0.10871830582618713,0.9297029972076416,0.7705705761909485
YCL026C-B,YDR263C,0,-0.48904127,0.10870572179555893,0.9297029972076416,0.7706706523895264
YHR072W-A,YHL012W,0,-0.48909277,0.10869313776493073,0.9297029972076416,0.770770788192749
YDR363W,YJL116C,0,-0.48946542,0.10868055373430252,0.9297029972076416,0.7708708643913269
YCL075W,YOR304W,0,-0.4895056,0.10866797715425491,0.9297029972076416,0.7709710001945496
YKR071C,YDR450W,0,-0.4895252,0.1086554005742073,0.9297029972076416,0.7710710763931274
YJL090C,YLR410W-B,0,-0.48966324,0.1086428314447403,0.9297029972076416,0.7711711525917053
YDR510W,YPR158C-D,0,-0.48977655,0.10863026231527328,0.9297029972076416,0.771271288394928
YBR196C,YPL011C,0,-0.49008232,0.10861770063638687,0.9297029972076416,0.7713713645935059
YHR072W-A,YNL005C,0,-0.49023622,0.10860513895750046,0.9297029972076416,0.7714715003967285
YLR350W,YOL105C,0,-0.49059433,0.10859257727861404,0.9297029972076416,0.7715715765953064
YPL183W-A,YHR044C,0,-0.4906327,0.10858001559972763,0.9297029972076416,0.7716716527938843
YMR280C,YHR018C,0,-0.49066013,0.10856746137142181,0.9297029972076416,0.7717717885971069
YDL222C,YJL018W,0,-0.49066353,0.1085549145936966,0.9297029972076416,0.7718718647956848
YFL001W,YGR132C,0,-0.4908796,0.10854236781597137,0.9297029972076416,0.7719720005989075
YJL095W,YOR142W-A,0,-0.49089295,0.10852982103824615,0.9297029972076416,0.7720720767974854
YOR096W,YHR067W,0,-0.4909125,0.10851727426052094,0.9297029972076416,0.7721721529960632
YER026C,YNL032W,0,-0.491327,0.10850473493337631,0.9297029972076416,0.7722722887992859
YML040W,YKL055C,0,-0.49135578,0.10849220305681229,0.9297029972076416,0.7723723649978638
YKL004W,YGR279C,0,-0.49139804,0.10847966372966766,0.9297029972076416,0.7724725008010864
YOR025W,YBR145W,0,-0.49146783,0.10846713930368423,0.9297029972076416,0.7725725769996643
YHR063C,YLR256W-A,0,-0.4916811,0.10845460742712021,0.9297029972076416,0.7726726531982422
YMR270C,YJL145W,0,-0.49207383,0.10844208300113678,0.9297029972076416,0.7727727890014648
YNL188W,YFL041W,0,-0.49230665,0.10842955857515335,0.9297029972076416,0.7728728652000427
YBR075W,YHR124W,0,-0.492494,0.10841704159975052,0.9297029972076416,0.7729730010032654
YGR221C,YDR283C,0,-0.49261189,0.10840452462434769,0.9297029972076416,0.7730730772018433
YIL031W,YDL206W,0,-0.4927475,0.10839201509952545,0.9297029972076416,0.7731731534004211
YJR159W,YHR072W-A,0,-0.49291593,0.10837949812412262,0.9297029972076416,0.7732732892036438
YIL125W,YNL085W,0,-0.49326867,0.10836699604988098,0.9297029972076416,0.7733733654022217
YDL082W,YBL085W,0,-0.49334562,0.10835448652505875,0.9297029972076416,0.7734735012054443
YDR322C-A,YJL104W,0,-0.4934917,0.10834198445081711,0.9297029972076416,0.7735735774040222
YJL062W-A,YGR262C,0,-0.49401492,0.10832948982715607,0.9297029972076416,0.7736736536026001
YMR280C,YHR016C,0,-0.4940943,0.10831699520349503,0.9297029972076416,0.7737737894058228
YKL009W,YCL034W,0,-0.49424464,0.10830450057983398,0.9297029972076416,0.7738738656044006
YDR134C,YPL099C,0,-0.49426264,0.10829200595617294,0.9297029972076416,0.7739740014076233
YNR039C,YMR306W,0,-0.49435157,0.1082795187830925,0.9297029972076416,0.7740740776062012
YPR192W,YDL129W,0,-0.49444056,0.10826703906059265,0.9297029972076416,0.774174153804779
YBL101W-B,YLR233C,0,-0.49455696,0.10825455188751221,0.9297029972076416,0.7742742896080017
YCL060C,YPL208W,0,-0.4946248,0.10824207216501236,0.9297029972076416,0.7743743658065796
YER044C,YKL035W,0,-0.49466747,0.10822959989309311,0.9297029972076416,0.7744745016098022
YNR072W,YPR030W,0,-0.49468535,0.10821712762117386,0.9297029972076416,0.7745745778083801
YKL097W-A,YOR374W,0,-0.49469322,0.10820465534925461,0.9297029972076416,0.774674654006958
YOL097C,YOR173W,0,-0.49533707,0.10819219052791595,0.9297029972076416,0.7747747898101807
YNL090W,YOR234C,0,-0.49568278,0.1081797257065773,0.9297029972076416,0.7748748660087585
YKL109W,YOL148C,0,-0.49610847,0.10816726088523865,0.9297029972076416,0.7749750018119812
YOL113W,YHR026W,0,-0.49662286,0.10815480351448059,0.9297029972076416,0.7750750780105591
YBR075W,YOR338W,0,-0.49707234,0.10814234614372253,0.9297029972076416,0.775175154209137
YDL214C,YOL058W,0,-0.49728668,0.10812989622354507,0.9297029972076416,0.7752752900123596
YOL016C,YLR459W,0,-0.49731857,0.10811744630336761,0.9297029972076416,0.7753753662109375
YKR068C,YLR410W-B,0,-0.4973287,0.10810499638319016,0.9297029972076416,0.7754755020141602
YBR080C,YLL019C,0,-0.49735337,0.10809255391359329,0.9297029972076416,0.775575578212738
YBR235W,YBL029C-A,0,-0.49771768,0.10808011144399643,0.9297029972076416,0.7756756544113159
YER039C,YGR058W,0,-0.4978482,0.10806766897439957,0.9297029972076416,0.7757757902145386
YDR034C-C,YGR215W,0,-0.49793416,0.1080552339553833,0.9297029972076416,0.7758758664131165
YNL131W,YGL106W,0,-0.4980194,0.10804280638694763,0.9297029972076416,0.7759760022163391
YLR129W,YDR508C,0,-0.49804723,0.10803037136793137,0.9297029972076416,0.776076078414917
YLR187W,YBR227C,0,-0.49828118,0.1080179437994957,0.9297029972076416,0.7761761546134949
YIL076W,YMR092C,0,-0.49845785,0.10800552368164062,0.9297029972076416,0.7762762904167175
YOR174W,YBR009C,0,-0.49880308,0.10799309611320496,0.9297029972076416,0.7763763666152954
YDR512C,YML018C,0,-0.4988373,0.10798068344593048,0.9297029972076416,0.7764765024185181
YCL030C,YCR080W,0,-0.49896252,0.10796826332807541,0.9297029972076416,0.776576578617096
YGR247W,YIL097W,0,-0.49906802,0.10795585066080093,0.9297029972076416,0.7766766548156738
YNL274C,YFL035C,0,-0.49927068,0.10794344544410706,0.9297029972076416,0.7767767906188965
YAL035W,YIL145C,0,-0.49948388,0.10793103277683258,0.9297029972076416,0.7768768668174744
YCR087C-A,YCR037C,0,-0.49976653,0.1079186275601387,0.9297029972076416,0.776977002620697
YDR034C-C,YKL174C,0,-0.4998557,0.10790622979402542,0.9297029972076416,0.7770770788192749
YJR043C,YDR320C-A,0,-0.4999255,0.10789383202791214,0.9297029972076416,0.7771771550178528
YNL072W,YOL128C,0,-0.500318,0.10788143426179886,0.9297029972076416,0.7772772908210754
YKL097W-A,YNL082W,0,-0.5005012,0.10786904394626617,0.9297029972076416,0.7773773670196533
YML069W,YOL077W-A,0,-0.5005948,0.10785665363073349,0.9297029972076416,0.777477502822876
YIL048W,YBL029C-A,0,-0.50074244,0.1078442633152008,0.9297029972076416,0.7775775790214539
YHR026W,YCR004C,0,-0.5007463,0.10783188045024872,0.9297029972076416,0.7776776552200317
YJL124C,YCL057C-A,0,-0.500912,0.10781949758529663,0.9297029972076416,0.7777777910232544
YDR064W,YNL083W,0,-0.50119716,0.10780711472034454,0.9297029972076416,0.7778778672218323
YNR006W,YDR363W-A,0,-0.50124305,0.10779473930597305,0.9297029972076416,0.7779780030250549
YPL092W,YBL090W,0,-0.50127673,0.10778237134218216,0.9297029972076416,0.7780780792236328
YBR048W,YJL091C,0,-0.5013418,0.10776999592781067,0.9297029972076416,0.7781781554222107
YOR270C,YIL140W,0,-0.5013934,0.10775762796401978,0.9297029972076416,0.7782782912254333
YBR288C,YLR344W,0,-0.50158507,0.10774526745080948,0.9297029972076416,0.7783783674240112
YDR017C,YNL146W,0,-0.5017496,0.10773290693759918,0.9297029972076416,0.7784785032272339
YJR058C,YOL086C,0,-0.5017529,0.10772054642438889,0.9297029972076416,0.7785785794258118
YER114C,YOR312C,0,-0.5024981,0.10770819336175919,0.9297029972076416,0.7786786556243896
YKL218C,YBL113C,0,-0.50297195,0.10769584029912949,0.9297029972076416,0.7787787914276123
YNL131W,YBR070C,0,-0.50301534,0.10768348723649979,0.9297029972076416,0.7788788676261902
YDR079C-A,YPL118W,0,-0.50301546,0.10767114162445068,0.9297029972076416,0.7789790034294128
YPL183W-A,YMR038C,0,-0.5030725,0.10765879601240158,0.9297029972076416,0.7790790796279907
YMR038C,YJL113W,0,-0.5030777,0.10764645040035248,0.9297029972076416,0.7791791558265686
YKL144C,YEL003W,0,-0.5031931,0.10763411223888397,0.9297029972076416,0.7792792916297913
YNL044W,YBL029C-A,0,-0.5032677,0.10762177407741547,0.9297029972076416,0.7793793678283691
YDR261C-D,YBR145W,0,-0.50343996,0.10760944336652756,0.9297029972076416,0.7794795036315918
YPL042C,YNL335W,0,-0.50363094,0.10759711265563965,0.9297029972076416,0.7795795798301697
YLR295C,YGL222C,0,-0.5036929,0.10758478194475174,0.9297029972076416,0.7796796560287476
YOL075C,YCR066W,0,-0.5038644,0.10757245868444443,0.9297029972076416,0.7797797918319702
YJL210W,YGL222C,0,-0.50399697,0.10756013542413712,0.9297029972076416,0.7798798680305481
YOR030W,YDR030C,0,-0.5040857,0.1075478196144104,0.9297029972076416,0.7799800038337708
YLR447C,YDR072C,0,-0.5048333,0.10753550380468369,0.9297029972076416,0.7800800800323486
YDR163W,YER087C-B,0,-0.50487274,0.10752318799495697,0.9297029972076416,0.7801801562309265
YOR142W-A,YLR305C,0,-0.5049478,0.10751087963581085,0.9297029972076416,0.7802802920341492
YER094C,YOR240W,0,-0.5049867,0.10749857127666473,0.9297029972076416,0.780380368232727
YEL047C,YDR210W-A,0,-0.5058374,0.10748626291751862,0.9297029972076416,0.7804805040359497
YJL062W-A,YHR013C,0,-0.5058866,0.1074739620089531,0.9297029972076416,0.7805805802345276
YBL029C-A,YHR109W,0,-0.5059553,0.10746166110038757,0.9297029972076416,0.7806806564331055
YGL253W,YEL063C,0,-0.5060735,0.10744936764240265,0.9297029972076416,0.7807807922363281
YDR034C-D,YDL115C,0,-0.5062124,0.10743707418441772,0.9297029972076416,0.780880868434906
YBL101W-B,YKL109W,0,-0.50639015,0.1074247807264328,0.9297029972076416,0.7809810042381287
YML033W,YKL024C,0,-0.5065766,0.10741249471902847,0.9297029972076416,0.7810810804367065
YGR036C,YPL183W-A,0,-0.5066048,0.10740020871162415,0.9297029972076416,0.7811811566352844
YJL052W,YLR157C-A,0,-0.5067858,0.10738792270421982,0.9297029972076416,0.7812812924385071
YOR275C,YBL030C,0,-0.50679,0.10737564414739609,0.9297029972076416,0.781381368637085
YMR231W,YDR381C-A,0,-0.50691694,0.10736336559057236,0.9297029972076416,0.7814815044403076
YKR006C,YNL262W,0,-0.5071141,0.10735109448432922,0.9297029972076416,0.7815815806388855
YOR066W,YJL062W-A,0,-0.5071767,0.10733882337808609,0.9297029972076416,0.7816816568374634
YHL009W-A,YKL167C,0,-0.50719315,0.10732655227184296,0.9297029972076416,0.781781792640686
YLR029C,YJR135C,0,-0.50722885,0.10731428861618042,0.9297029972076416,0.7818818688392639
YJR086W,YPL060C-A,0,-0.50723946,0.10730202496051788,0.9297029972076416,0.7819820046424866
YLR078C,YHL036W,0,-0.50725573,0.10728976130485535,0.9297029972076416,0.7820820808410645
YGR144W,YER094C,0,-0.5075888,0.10727750509977341,0.9297029972076416,0.7821821570396423
YGR027W-A,YBL075C,0,-0.50765556,0.10726524889469147,0.9297029972076416,0.782282292842865
YOL071W,YLR337W,0,-0.50777966,0.10725300014019012,0.9297029972076416,0.7823823690414429
YLR147C,YJL062W-A,0,-0.5079158,0.10724075138568878,0.9297029972076416,0.7824825048446655
YLR221C,YJL048C,0,-0.50806445,0.10722850263118744,0.9297029972076416,0.7825825810432434
YBR185C,YMR146C,0,-0.50812024,0.1072162613272667,0.9297029972076416,0.7826826572418213
YHR084W,YBL071W-A,0,-0.5082536,0.10720402002334595,0.9297029972076416,0.782782793045044
YDR196C,YNL054W-B,0,-0.50838083,0.1071917787194252,0.9297029972076416,0.7828828692436218
YMR272C,YDR139C,0,-0.5084028,0.10717954486608505,0.9297029972076416,0.7829830050468445
YKL170W,YAL023C,0,-0.5084593,0.1071673110127449,0.9297029972076416,0.7830830812454224
YNR028W,YOR378W,0,-0.5084993,0.10715508460998535,0.9297029972076416,0.7831831574440002
YOR061W,YBL091C-A,0,-0.5086809,0.1071428582072258,0.9297029972076416,0.7832832932472229
YOR298C-A,YOR149C,0,-0.5088224,0.10713063180446625,0.9297029972076416,0.7833833694458008
YJL189W,YLR419W,0,-0.5088385,0.10711841285228729,0.9297029972076416,0.7834835052490234
YIL113W,YIL121W,0,-0.50898343,0.10710619390010834,0.9297029972076416,0.7835835814476013
YBR177C,YJL018W,0,-0.5090968,0.10709397494792938,0.9297029972076416,0.7836836576461792
YLR318W,YML113W,0,-0.5092177,0.10708176344633102,0.9297029972076416,0.7837837934494019
YOR155C,YPR196W,0,-0.5093565,0.10706955194473267,0.9297029972076416,0.7838838696479797
YER002W,YER058W,0,-0.509433,0.1070573478937149,0.9297029972076416,0.7839840054512024
YDR279W,YKL199C,0,-0.5095137,0.10704514384269714,0.9297029972076416,0.7840840816497803
YPL257W-A,YAL014C,0,-0.5097365,0.10703293979167938,0.9297029972076416,0.7841841578483582
YER087C-B,YDL109C,0,-0.5099856,0.10702074319124222,0.9297029972076416,0.7842842936515808
YCR097WB,YJL005W,0,-0.51055175,0.10700854659080505,0.9297029972076416,0.7843843698501587
YDR261C-D,YOL103W,0,-0.5107903,0.10699634999036789,0.9297029972076416,0.7844845056533813
YOR094W,YDR261W-B,0,-0.51107866,0.10698416084051132,0.9297029972076416,0.7845845818519592
YCL026C-B,YDR221W,0,-0.51132816,0.10697197169065475,0.9297029972076416,0.7846846580505371
YDR210W-A,YGR063C,0,-0.51153576,0.10695978999137878,0.9297029972076416,0.7847847938537598
YEL013W,YDL029W,0,-0.5118484,0.10694760829210281,0.9297029972076416,0.7848848700523376
YPR031W,YPL186C,0,-0.51234317,0.10693542659282684,0.9297029972076416,0.7849850058555603
YCL026C-B,YPL270W,0,-0.51238173,0.10692325234413147,0.9297029972076416,0.7850850820541382
YGR256W,YOR173W,0,-0.5126292,0.1069110780954361,0.9297029972076416,0.7851851582527161
YPR036W,YCR055C,0,-0.5128609,0.10689890384674072,0.9297029972076416,0.7852852940559387
YCR002C,YER003C,0,-0.51301026,0.10688673704862595,0.9297029972076416,0.7853853702545166
YKL038W,YKL097W-A,0,-0.51336306,0.10687457025051117,0.9297029972076416,0.7854855060577393
YFR041C,YKL200C,0,-0.51349026,0.10686241090297699,0.9297029972076416,0.7855855822563171
YMR202W,YDR142C,0,-0.51352346,0.10685025155544281,0.9297029972076416,0.785685658454895
YGL133W,YGR161C-C,0,-0.5135342,0.10683809220790863,0.9297029972076416,0.7857857942581177
YPL050C,YDR322W,0,-0.5137339,0.10682594031095505,0.9297029972076416,0.7858858704566956
YBR278W,YGR109W-B,0,-0.5138487,0.10681378841400146,0.9297029972076416,0.7859860062599182
YPL257W-B,YBL078C,0,-0.51393145,0.10680163651704788,0.9297029972076416,0.7860860824584961
YLR410W-A,YER103W,0,-0.5141128,0.1067894920706749,0.9297029972076416,0.786186158657074
YER011W,YGR076C,0,-0.5143789,0.10677734762430191,0.9297029972076416,0.7862862944602966
YHR203C,YBR141C,0,-0.5144069,0.10676521062850952,0.9297029972076416,0.7863863706588745
YGR220C,YGL046W,0,-0.5145531,0.10675306618213654,0.9297029972076416,0.7864865064620972
YNL223W,YKR102W,0,-0.514576,0.10674093663692474,0.9297029972076416,0.786586582660675
YOR240W,YPL186C,0,-0.5146494,0.10672879964113235,0.9297029972076416,0.7866866588592529
YPR066W,YPL276W,0,-0.5146851,0.10671667009592056,0.9297029972076416,0.7867867946624756
YJR145C,YCL003W,0,-0.5147708,0.10670454800128937,0.9297029972076416,0.7868868708610535
YNL024C-A,YOL094C,0,-0.51480246,0.10669241845607758,0.9297029972076416,0.7869870066642761
YNL083W,YAR070W-A,0,-0.51480246,0.10668029636144638,0.9297029972076416,0.787087082862854
YPL187W,YFL011W-A,0,-0.51480246,0.10666818171739578,0.9297029972076416,0.7871871590614319
YLR227W-B,YHR039C-B,0,-0.51480246,0.10665606707334518,0.9297029972076416,0.7872872948646545
YKR099C-A,YJR060W,0,-0.51480246,0.10664395242929459,0.9297029972076416,0.7873873710632324
YPR096C,YMR268W-A,0,-0.51480246,0.10663184523582458,0.9297029972076416,0.7874875068664551
YLR391W-A,YLL028W,0,-0.51480246,0.10661973059177399,0.9297029972076416,0.787587583065033
YFL018W-A,YPR094W,1,-0.51480246,0.10672116279602051,0.9306930899620056,0.787587583065033
YNL138W-A,YDL126C,0,-0.51480246,0.10670904815196991,0.9306930899620056,0.7876876592636108
YHR081W,YPL189C-A,0,-0.51480246,0.10669693350791931,0.9306930899620056,0.7877877950668335
YFL018W-A,YML046W,1,-0.51480246,0.10679832100868225,0.9316831827163696,0.7877877950668335
YCL030C,YDL038C,0,-0.51480246,0.10678619891405106,0.9316831827163696,0.7878878712654114
YGR278W,YFL018W-A,1,-0.51480246,0.10688754916191101,0.9326732754707336,0.7878878712654114
YDL144C,YKL199C,0,-0.51480246,0.10687542706727982,0.9326732754707336,0.787988007068634
YDR524C-B,YMR136W,0,-0.51480246,0.10686329752206802,0.9326732754707336,0.7880880832672119
YJL012C-A,YDR197W,0,-0.51480246,0.10685118287801743,0.9326732754707336,0.7881881594657898
YOL053C-A,YHL004W,0,-0.51480246,0.10683906078338623,0.9326732754707336,0.7882882952690125
YDL087C,YFL018W-A,1,-0.51480246,0.10694035142660141,0.9336633682250977,0.7882882952690125
YNL217W,YLR391W-A,0,-0.51480246,0.10692822188138962,0.9336633682250977,0.7883883714675903
YHR178W,YPL096C-A,0,-0.51480246,0.10691609978675842,0.9336633682250977,0.788488507270813
YNL138W-A,YNR043W,0,-0.51480246,0.10690397769212723,0.9336633682250977,0.7885885834693909
YDR014W-A,YLR154C,0,-0.51480246,0.10689186304807663,0.9336633682250977,0.7886886596679688
YHR214W-G,YDR033W,0,-0.51480246,0.10687974840402603,0.9336633682250977,0.7887887954711914
YNL138W-A,YNR011C,1,-0.51480246,0.10698096454143524,0.9346534609794617,0.7887887954711914
YBL008W-A,YLL022C,0,-0.51480246,0.10696883499622345,0.9346534609794617,0.7888888716697693
YOR138C,YLR391W-A,0,-0.51480246,0.10695672035217285,0.9346534609794617,0.7889890074729919
YDL038C,YPR025C,0,-0.51480246,0.10694459825754166,0.9346534609794617,0.7890890836715698
YGR086C,YDR524C-B,0,-0.51480246,0.10693249106407166,0.9346534609794617,0.7891891598701477
YGR222W,YNL138W-A,1,-0.51480246,0.1070336401462555,0.9356435537338257,0.7891891598701477
YBL008W-A,YPL186C,0,-0.51480246,0.1070215180516243,0.9356435537338257,0.7892892956733704
YGR031C-A,YMR109W,0,-0.51480246,0.1070093959569931,0.9356435537338257,0.7893893718719482
YPL060C-A,YBL029C-A,0,-0.51480246,0.1069972813129425,0.9356435537338257,0.7894895076751709
YGR031C-A,YHR203C,0,-0.51480246,0.1069851666688919,0.9356435537338257,0.7895895838737488
YPL189C-A,YJR026W,0,-0.51480246,0.1069730594754219,0.9356435537338257,0.7896896600723267
YDR210W-D,YKL113C,0,-0.51480246,0.1069609522819519,0.9356435537338257,0.7897897958755493
YLR391W-A,YFR001W,0,-0.51480246,0.1069488450884819,0.9356435537338257,0.7898898720741272
YGR031C-A,YIL150C,0,-0.51480246,0.1069367453455925,0.9356435537338257,0.7899900078773499
YDR119W,YDR524C-B,0,-0.51480246,0.1069246456027031,0.9356435537338257,0.7900900840759277
YMR268W-A,YPR049C,0,-0.51480246,0.10691254585981369,0.9356435537338257,0.7901902198791504
YAR044W,YGL141W,0,-0.51480246,0.10690045356750488,0.9356435537338257,0.7902902960777283
YFL018W-A,YFR005C,1,-0.51480246,0.10700146853923798,0.9366336464881897,0.7902902960777283
YBR111W-A,YDR387C,0,-0.51480246,0.10698936879634857,0.9366336464881897,0.7903903722763062
YKR022C,YFL018W-A,1,-0.51480246,0.10709035396575928,0.9376237392425537,0.7903903722763062
YLR391W-A,YLR285W,0,-0.51480246,0.10707824677228928,0.9376237392425537,0.7904905080795288
YER029C,YAR070W-A,0,-0.51480246,0.10706613957881927,0.9376237392425537,0.7905905842781067
YOR098C,YOR396W,0,-0.51480246,0.10705403238534927,0.9376237392425537,0.7906907200813293
YNL138W-A,YLR298C,1,-0.51480246,0.1071549654006958,0.9386138319969177,0.7906907200813293
YGL166W,YGL258W-A,0,-0.51480246,0.1071428582072258,0.9386138319969177,0.7907907962799072
YPR156C,YBL008W-A,0,-0.51480246,0.1071307510137558,0.9386138319969177,0.7908908724784851
YNL138W-A,YMR059W,1,-0.51480246,0.10723163932561874,0.9396039843559265,0.7908908724784851
YGR031C-A,YKL086W,0,-0.51480246,0.10721952468156815,0.9396039843559265,0.7909910082817078
YDR014W-A,YOR377W,0,-0.51480246,0.10720741003751755,0.9396039843559265,0.7910910844802856
YPL030W,YJL012C-A,0,-0.51480246,0.10719530284404755,0.9396039843559265,0.7911912202835083
YKR099C-A,YDL229W,0,-0.51480246,0.10718319565057755,0.9396039843559265,0.7912912964820862
YDR235W,YFL018W-A,1,-0.51480246,0.10728401690721512,0.9405940771102905,0.7912912964820862
YFL018W-A,YPL213W,1,-0.51480246,0.1073848232626915,0.9415841698646545,0.7912912964820862
YDR014W-A,YIL139C,0,-0.51480246,0.1073727011680603,0.9415841698646545,0.7913913726806641
YNR001C,YLR391W-A,0,-0.51480246,0.10736057907342911,0.9415841698646545,0.7914915084838867
YKL082C,YLR312C-B,0,-0.51480246,0.10734845697879791,0.9415841698646545,0.7915915846824646
YGR031C-A,YNL007C,0,-0.51480246,0.10733634233474731,0.9415841698646545,0.7916917204856873
YLR391W-A,YGL060W,0,-0.51480246,0.10732422769069672,0.9415841698646545,0.7917917966842651
YGR031C-A,YJR025C,0,-0.51480246,0.10731212049722672,0.9415841698646545,0.791891872882843
YGL210W-A,YHR179W,0,-0.51480246,0.10730001330375671,0.9415841698646545,0.7919920086860657
YNL138W-A,YOL102C,1,-0.51480246,0.10740072280168533,0.9425742626190186,0.7919920086860657
YDR014W-A,YJL012C-A,0,-0.51480246,0.10738860815763474,0.9425742626190186,0.7920920848846436
YGR031C-A,YIL121W,0,-0.51480246,0.10737649351358414,0.9425742626190186,0.7921922206878662
YGR157W,YLR391W-A,0,-0.51480246,0.10736438632011414,0.9425742626190186,0.7922922968864441
YLR312C-B,YOL064C,0,-0.51480246,0.10735227912664413,0.9425742626190186,0.792392373085022
YLR154W-A,YJR158W,0,-0.51480246,0.10734017193317413,0.9425742626190186,0.7924925088882446
YKR099C-A,YNL158W,0,-0.51480246,0.10732807219028473,0.9425742626190186,0.7925925850868225
YNL138W-A,YLR424W,1,-0.51480246,0.10742869973182678,0.9435643553733826,0.7925925850868225
YBL008W-A,YLR391W,0,-0.51480246,0.10741659253835678,0.9435643553733826,0.7926927208900452
YLR376C,YDR210W-D,0,-0.51480246,0.10740448534488678,0.9435643553733826,0.792792797088623
YLR312C-B,YMR168C,0,-0.51480246,0.10739238560199738,0.9435643553733826,0.7928928732872009
YBL008W-A,YIR035C,0,-0.51480246,0.10738027840852737,0.9435643553733826,0.7929930090904236
YER087C-B,YDR524C-B,0,-0.51480246,0.10736818611621857,0.9435643553733826,0.7930930852890015
YPL029W,YCL048W-A,0,-0.51480246,0.10735608637332916,0.9435643553733826,0.7931932210922241
YDR210W-D,YDR158W,0,-0.51480246,0.10734399408102036,0.9435643553733826,0.793293297290802
YNL138W-A,YER013W,1,-0.51480246,0.10744453221559525,0.9445544481277466,0.793293297290802
YKR099C-A,YCR020W-B,0,-0.51480246,0.10743243247270584,0.9445544481277466,0.7933933734893799
YML037C,YLR391W-A,0,-0.51480246,0.10742033272981644,0.9445544481277466,0.7934935092926025
YOR080W,YJL012C-A,0,-0.51480246,0.10740824043750763,0.9445544481277466,0.7935935854911804
YNL280C,YHR214W-G,0,-0.51480246,0.10739614814519882,0.9445544481277466,0.7936937212944031
YNL024C-A,YDR156W,0,-0.51480246,0.10738406330347061,0.9445544481277466,0.793793797492981
YNL024C-A,YML097C,0,-0.51480246,0.1073719784617424,0.9445544481277466,0.7938938736915588
YNL138W-A,YDR364C,1,-0.51480246,0.10747242718935013,0.9455445408821106,0.7938938736915588
YNL138W-A,YGL092W,1,-0.51480246,0.10757286101579666,0.9465346336364746,0.7938938736915588
YMR051C,YJL012C-A,0,-0.51480246,0.10756075382232666,0.9465346336364746,0.7939940094947815
YHR214W-G,YJL165C,0,-0.51480246,0.10754865407943726,0.9465346336364746,0.7940940856933594
YIL065C,YCR070W,0,-0.51480246,0.10753655433654785,0.9465346336364746,0.794194221496582
YGR031C-A,YMR042W,0,-0.51480246,0.10752446204423904,0.9465346336364746,0.7942942976951599
YGL258W-A,YDR449C,0,-0.51480246,0.10751236975193024,0.9465346336364746,0.7943943738937378
YGR031C-A,YEL030W,0,-0.51480246,0.10750027745962143,0.9465346336364746,0.7944945096969604
YBR111W-A,YNL185C,0,-0.51480246,0.10748819261789322,0.9465346336364746,0.7945945858955383
YHR019C,YJL012C-A,0,-0.51480246,0.10747610777616501,0.9465346336364746,0.794694721698761
YHR082C,YPL189C-A,0,-0.51480246,0.1074640303850174,0.9465346336364746,0.7947947978973389
YDR121W,YCR029C-A,0,-0.51480246,0.10745195299386978,0.9465346336364746,0.7948948740959167
YGL258W-A,YOR190W,0,-0.51480246,0.10743987560272217,0.9465346336364746,0.7949950098991394
YPL144W,YKR099C-A,0,-0.51480246,0.10742779821157455,0.9465346336364746,0.7950950860977173
YFR032C-A,YCR080W,0,-0.51480246,0.10741572827100754,0.9465346336364746,0.7951952219009399
YDR140W,YNL024C-A,0,-0.51480246,0.10740366578102112,0.9465346336364746,0.7952952980995178
YGR031C-A,YBR050C,0,-0.51480246,0.1073915958404541,0.9465346336364746,0.7953953742980957
YLR132C,YFL018W-A,1,-0.51480246,0.1074918583035469,0.9475247263908386,0.7953953742980957
YNL138W-A,YMR021C,0,-0.51480246,0.10747978091239929,0.9475247263908386,0.7954955101013184
YBR111W-A,YJL123C,0,-0.51480246,0.10746771842241287,0.9475247263908386,0.7955955862998962
YDR457W,YHR214W-G,0,-0.51480246,0.10745564848184586,0.9475247263908386,0.7956957221031189
YGL008C,YPL189C-A,0,-0.51480246,0.10744358599185944,0.9475247263908386,0.7957957983016968
YMR309C,YCL027C-A,0,-0.51480246,0.10743152350187302,0.9475247263908386,0.7958958745002747
YDR014W-A,YPL003W,0,-0.51480246,0.1074194610118866,0.9475247263908386,0.7959960103034973
YML033W,YER159C-A,0,-0.51480246,0.10740740597248077,0.9475247263908386,0.7960960865020752
YDR014W-A,YDR451C,0,-0.51480246,0.10739535093307495,0.9475247263908386,0.7961962223052979
YGR177C,YAR070W-A,0,-0.51480246,0.10738330334424973,0.9475247263908386,0.7962962985038757
YOR142W-B,YGL210W-A,0,-0.51480246,0.1073712557554245,0.9475247263908386,0.7963963747024536
YAL039C,YPL189C-A,0,-0.51480246,0.10735920816659927,0.9475247263908386,0.7964965105056763
YML043C,YOR396W,0,-0.51480246,0.10734716802835464,0.9475247263908386,0.7965965867042542
YLR312C-B,YOL058W,0,-0.51480246,0.10733512789011002,0.9475247263908386,0.7966967225074768
YOR100C,YJL012C-A,0,-0.51480246,0.10732308775186539,0.9475247263908386,0.7967967987060547
YMR012W,YJL012C-A,0,-0.51480246,0.10731105506420135,0.9475247263908386,0.7968968749046326
YDL038C,YPL162C,0,-0.51480246,0.10729902237653732,0.9475247263908386,0.7969970107078552
YOR175C,YPL096C-A,0,-0.51480246,0.10728699713945389,0.9475247263908386,0.7970970869064331
YGL258W-A,YJL170C,0,-0.51480246,0.10727497190237045,0.9475247263908386,0.7971972227096558
YNL138W-A,YDR294C,0,-0.51480246,0.10726294666528702,0.9475247263908386,0.7972972989082336
YJR065C,YGL210W-A,0,-0.51480246,0.10725092142820358,0.9475247263908386,0.7973973751068115
YMR268W-A,YGR081C,0,-0.51480246,0.10723890364170074,0.9475247263908386,0.7974975109100342
YNL224C,YFL018W-A,1,-0.51480246,0.10733893513679504,0.9485148787498474,0.7974975109100342
YFL024C,YBL008W-A,0,-0.51480246,0.10732690989971161,0.9485148787498474,0.7975975871086121
YCR046C,YCL027C-A,0,-0.51480246,0.10731488466262817,0.9485148787498474,0.7976977229118347
YHR214W-G,YBR302C,0,-0.51480246,0.10730286687612534,0.9485148787498474,0.7977977991104126
YGL131C,YCL048W-A,0,-0.51480246,0.1072908490896225,0.9485148787498474,0.7978978753089905
YJL200C,YJL012C-A,0,-0.51480246,0.10727883875370026,0.9485148787498474,0.7979980111122131
YDR524C-B,YMR211W,0,-0.51480246,0.10726682096719742,0.9485148787498474,0.798098087310791
YOR343C-B,YHR084W,0,-0.51480246,0.10725481063127518,0.9485148787498474,0.7981982231140137
YMR246W,YPL096C-A,0,-0.51480246,0.10724280774593353,0.9485148787498474,0.7982982993125916
YGR031C-A,YBR040W,0,-0.51480246,0.10723080486059189,0.9485148787498474,0.7983983755111694
YCL027C-A,YJR078W,0,-0.51480246,0.10721880197525024,0.9485148787498474,0.7984985113143921
YBR111W-A,YDL045W-A,0,-0.51480246,0.1072068065404892,0.9485148787498474,0.79859858751297
YCL027C-A,YBR291C,0,-0.51480246,0.10719481110572815,0.9485148787498474,0.7986987233161926
YGL178W,YBL008W-A,0,-0.51480246,0.1071828156709671,0.9485148787498474,0.7987987995147705
YNL138W-A,YPR152C,1,-0.51480246,0.10728269070386887,0.9495049715042114,0.7987987995147705
YOL053C-A,YBR247C,0,-0.51480246,0.10727069526910782,0.9495049715042114,0.7988988757133484
YCL048W-A,YGR161W-B,0,-0.51480246,0.10725869238376617,0.9495049715042114,0.798999011516571
YNL138W-A,YJL133W,1,-0.51480246,0.10735853016376495,0.9504950642585754,0.798999011516571
YOR396W,YOR106W,0,-0.51480246,0.10734652727842331,0.9504950642585754,0.7990990877151489
YGR031C-A,YDR477W,0,-0.51480246,0.10733452439308167,0.9504950642585754,0.7991992235183716
YOR063W,YKR099C-A,0,-0.51480246,0.10732252895832062,0.9504950642585754,0.7992992997169495
YER170W,YJL012C-A,0,-0.51480246,0.10731053352355957,0.9504950642585754,0.7993993759155273
YDR322C-A,YOR088W,0,-0.51480246,0.10729853808879852,0.9504950642585754,0.79949951171875
YOR343C-B,YER039C,0,-0.51480246,0.10728654265403748,0.9504950642585754,0.7995995879173279
YNL138W-A,YDR529C,0,-0.51480246,0.10727455466985703,0.9504950642585754,0.7996997237205505
YDR420W,YDR524C-B,0,-0.51480246,0.10726256668567657,0.9504950642585754,0.7997997999191284
YDR388W,YHR214W-G,0,-0.51480246,0.10725058615207672,0.9504950642585754,0.7998998761177063
YLR323C,YFL018W-A,1,-0.51480246,0.10735031217336655,0.9514851570129395,0.7998998761177063
YOR343C-B,YIL074C,0,-0.51480246,0.1073383241891861,0.9514851570129395,0.800000011920929
YJL136C,YFL035C,0,-0.51480246,0.10732633620500565,0.9514851570129395,0.8001000881195068
YLR337W,YPR160W,0,-0.51480246,0.1073143482208252,0.9514851570129395,0.8002002239227295
YDL038C,YMR075W,0,-0.51480246,0.10730236768722534,0.9514851570129395,0.8003003001213074
YNL138W-A,YLR203C,1,-0.51480246,0.10740203410387039,0.9524752497673035,0.8003003001213074
YOL102C,YFL018W-A,1,-0.51480246,0.10750167816877365,0.9534653425216675,0.8003003001213074
YGR031C-A,YKL022C,0,-0.51480246,0.107489675283432,0.9534653425216675,0.8004003763198853
YGR031C-A,YPR004C,0,-0.51480246,0.10747767984867096,0.9534653425216675,0.8005005121231079
YJL050W,YBR111W-A,0,-0.51480246,0.10746568441390991,0.9534653425216675,0.8006005883216858
YDL038C,YDR210W-A,0,-0.51480246,0.10745369642972946,0.9534653425216675,0.8007007241249084
YLR391W-A,YJR144W,0,-0.51480246,0.10744170844554901,0.9534653425216675,0.8008008003234863
YOR127W,YPL189C-A,0,-0.51480246,0.10742972046136856,0.9534653425216675,0.8009008765220642
YOL053C-A,YPL188W,0,-0.51480246,0.10741773247718811,0.9534653425216675,0.8010010123252869
YNL222W,YKL199C,0,-0.51480246,0.10740575194358826,0.9534653425216675,0.8011010885238647
YOL053C-A,YMR163C,0,-0.51480246,0.107393778860569,0.9534653425216675,0.8012012243270874
YDR014W-A,YDR159W,0,-0.51480246,0.10738179832696915,0.9534653425216675,0.8013013005256653
YDR369C,YBR111W-A,0,-0.51480246,0.10736983269453049,0.9534653425216675,0.8014013767242432
YCL027C-A,YMR168C,0,-0.51480246,0.10735785961151123,0.9534653425216675,0.8015015125274658
YDR014W-A,YHR089C,0,-0.51480246,0.10734589397907257,0.9534653425216675,0.8016015887260437
YGL258W-A,YOL077W-A,0,-0.51480246,0.10733392834663391,0.9534653425216675,0.8017017245292664
YNL138W-A,YLR438C-A,1,-0.51480246,0.10743340849876404,0.9544554352760315,0.8017017245292664
YDR512C,YJL012C-A,0,-0.51480246,0.10742144286632538,0.9544554352760315,0.8018018007278442
YER112W,YFL018W-A,1,-0.51480246,0.10752089321613312,0.9554455280303955,0.8018018007278442
YLR105C,YJL012C-A,0,-0.51480246,0.10750891268253326,0.9554455280303955,0.8019018769264221
YLR154W-A,YOL006C,0,-0.51480246,0.10749693959951401,0.9554455280303955,0.8020020127296448
YCR014C,YCL048W-A,0,-0.51480246,0.10748496651649475,0.9554455280303955,0.8021020889282227
YER026C,YBL008W-A,0,-0.51480246,0.1074729934334755,0.9554455280303955,0.8022022247314453
YDL082W,YPL096C-A,0,-0.51480246,0.10746102780103683,0.9554455280303955,0.8023023009300232
YBL022C,YKL199C,0,-0.51480246,0.10744906216859818,0.9554455280303955,0.8024023771286011
YIR006C,YBL008W-A,0,-0.51480246,0.10743709653615952,0.9554455280303955,0.8025025129318237
YDR311W,YDR210W-D,0,-0.51480246,0.10742513835430145,0.9554455280303955,0.8026025891304016
YDR014W-A,YIL142W,0,-0.51480246,0.10741318017244339,0.9554455280303955,0.8027027249336243
YPL096C-A,YML097C,0,-0.51480246,0.10740122199058533,0.9554455280303955,0.8028028011322021
YAR008W,YFL018W-A,1,-0.51480246,0.10750055313110352,0.9564356207847595,0.8028028011322021
YBR302C,YBL071W-A,0,-0.51480246,0.10748859494924545,0.9564356207847595,0.80290287733078
YLR154W-A,YKL174C,0,-0.51480246,0.10747663676738739,0.9564356207847595,0.8030030131340027
YDR210W-D,YMR278W,0,-0.51480246,0.10746467858552933,0.9564356207847595,0.8031030893325806
YMR268W-A,YNL268W,0,-0.51480246,0.10745272785425186,0.9564356207847595,0.8032032251358032
YIL072W,YFL035C,0,-0.51491135,0.1074407771229744,0.9564356207847595,0.8033033013343811
YHR123W,YPL134C,0,-0.51502043,0.10742882639169693,0.9564356207847595,0.803403377532959
YFR041C,YER054C,0,-0.51531297,0.10741688311100006,0.9564356207847595,0.8035035133361816
YDR320C-A,YBR264C,0,-0.5156638,0.10740493983030319,0.9564356207847595,0.8036035895347595
YIL078W,YFL035C,0,-0.515862,0.10739299654960632,0.9564356207847595,0.8037037253379822
YOR323C,YFL035C,0,-0.51589817,0.10738106071949005,0.9564356207847595,0.8038038015365601
YLR337W,YEL022W,0,-0.51649404,0.10736912488937378,0.9564356207847595,0.8039038777351379
YPL095C,YPR073C,0,-0.5165413,0.10735718905925751,0.9564356207847595,0.8040040135383606
YLR297W,YMR302C,0,-0.51675755,0.10734526067972183,0.9564356207847595,0.8041040897369385
YBR237W,YML029W,1,-0.5167993,0.10744444280862808,0.9574257135391235,0.8041040897369385
YGL044C,YLR216C,0,-0.5169754,0.10743250697851181,0.9574257135391235,0.8042042255401611
YCL026C-B,YGR113W,0,-0.5170607,0.10742057114839554,0.9574257135391235,0.804304301738739
YCL062W,YLR453C,0,-0.5171774,0.10740864276885986,0.9574257135391235,0.8044043779373169
YJL100W,YDR079C-A,0,-0.5172108,0.10739671438932419,0.9574257135391235,0.8045045137405396
YCL026C-A,YDR320C-A,0,-0.5173596,0.10738478600978851,0.9574257135391235,0.8046045899391174
YOL064C,YNL241C,0,-0.5174225,0.10737286508083344,0.9574257135391235,0.8047047257423401
YBL101W-A,YKL156W,0,-0.51756984,0.10736094415187836,0.9574257135391235,0.804804801940918
YLL008W,YDR462W,0,-0.5175733,0.10734902322292328,0.9574257135391235,0.8049048781394958
YKL158W,YOR178C,0,-0.5176385,0.1073371097445488,0.9574257135391235,0.8050050139427185
YAR044W,YDL095W,0,-0.51766324,0.10732519626617432,0.9574257135391235,0.8051050901412964
YOR142W-B,YGR090W,0,-0.5179853,0.10731328278779984,0.9574257135391235,0.805205225944519
YEL026W,YFL017W-A,1,-0.51806206,0.10741233825683594,0.9584158658981323,0.805205225944519
YOL052C,YCL003W,0,-0.5182953,0.10740042477846146,0.9584158658981323,0.8053053021430969
YNR073C,YNL015W,0,-0.5184819,0.10738850384950638,0.9584158658981323,0.8054053783416748
YHR079C-A,YOR356W,0,-0.51857454,0.1073765978217125,0.9584158658981323,0.8055055141448975
YML063W,YNL138W,0,-0.51884156,0.10736468434333801,0.9584158658981323,0.8056055903434753
YPL106C,YPR048W,0,-0.5195034,0.10735277831554413,0.9584158658981323,0.805705726146698
YOR257W,YGR159C,0,-0.5198606,0.10734087228775024,0.9584158658981323,0.8058058023452759
YJL052W,YAL001C,0,-0.5199786,0.10732897371053696,0.9584158658981323,0.8059058785438538
YML010W,YHR117W,0,-0.5199925,0.10731707513332367,0.9584158658981323,0.8060060143470764
YHR129C,YML058W-A,0,-0.5201409,0.10730517655611038,0.9584158658981323,0.8061060905456543
YER048W-A,YDR037W,0,-0.5202236,0.10729328542947769,0.9584158658981323,0.806206226348877
YNL124W,YPL059W,0,-0.52034515,0.107281394302845,0.9584158658981323,0.8063063025474548
YER091C,YGR206W,0,-0.5204676,0.10726950317621231,0.9584158658981323,0.8064063787460327
YGR272C,YDL156W,0,-0.52060574,0.10725761950016022,0.9584158658981323,0.8065065145492554
YLR371W,YGL255W,0,-0.52065355,0.10724573582410812,0.9584158658981323,0.8066065907478333
YCR072C,YNR070W,0,-0.5206679,0.10723385214805603,0.9584158658981323,0.8067067265510559
YMR210W,YJL018W,0,-0.52077323,0.10722197592258453,0.9584158658981323,0.8068068027496338
YER159C-A,YDL022W,0,-0.52088124,0.10721009969711304,0.9584158658981323,0.8069068789482117
YDR083W,YAR044W,0,-0.5213658,0.10719823092222214,0.9584158658981323,0.8070070147514343
YKL158W,YDL056W,0,-0.5216344,0.10718635469675064,0.9584158658981323,0.8071070909500122
YNL098C,YPL112C,0,-0.5216436,0.10717449337244034,0.9584158658981323,0.8072072267532349
YDR261C-C,YLL008W,0,-0.52207947,0.10716262459754944,0.9584158658981323,0.8073073029518127
YPL218W,YCL003W,0,-0.5222678,0.10715076327323914,0.9584158658981323,0.8074073791503906
YGR033C,YJL159W,0,-0.5224357,0.10713890194892883,0.9584158658981323,0.8075075149536133
YNL151C,YOR343W-B,0,-0.52245724,0.10712704807519913,0.9584158658981323,0.8076075911521912
YJL153C,YOR120W,0,-0.522775,0.10711519420146942,0.9584158658981323,0.8077077269554138
YKR069W,YKL199C,0,-0.52280384,0.10710334032773972,0.9584158658981323,0.8078078031539917
YER141W,YDR103W,0,-0.5229918,0.1070914939045906,0.9584158658981323,0.8079078793525696
YAL062W,YOR167C,0,-0.52307206,0.1070796474814415,0.9584158658981323,0.8080080151557922
YDR074W,YFL002W-A,0,-0.5234849,0.10706780105829239,0.9584158658981323,0.8081080913543701
YBL064C,YKL200C,0,-0.5237023,0.10705596208572388,0.9584158658981323,0.8082082271575928
YGR027W-A,YIR010W,0,-0.5237776,0.10704412311315536,0.9584158658981323,0.8083083033561707
YMR272C,YJR090C,0,-0.5238108,0.10703228414058685,0.9584158658981323,0.8084083795547485
YNL189W,YOR187W,0,-0.524362,0.10702045261859894,0.9584158658981323,0.8085085153579712
YJL118W,YDR137W,0,-0.5243777,0.10700862109661102,0.9584158658981323,0.8086085915565491
YBR119W,YOR204W,1,-0.524396,0.10710732638835907,0.9594059586524963,0.8086085915565491
YJR097W,YMR011W,0,-0.5245633,0.10709548741579056,0.9594059586524963,0.8087087273597717
YNL090W,YPL163C,0,-0.52469,0.10708365589380264,0.9594059586524963,0.8088088035583496
YHR069C,YPL087W,0,-0.5247094,0.10707182437181473,0.9594059586524963,0.8089088797569275
YDR128W,YNL192W,0,-0.5249346,0.10705999284982681,0.9594059586524963,0.8090090155601501
YIR017C,YGR249W,0,-0.5249814,0.1070481687784195,0.9594059586524963,0.809109091758728
YLR157C-B,YLR427W,0,-0.52501506,0.10703634470701218,0.9594059586524963,0.8092092275619507
YOR240W,YKL090W,0,-0.5250725,0.10702452063560486,0.9594059586524963,0.8093093037605286
YEL069C,YFL035C,0,-0.5251385,0.10701269656419754,0.9594059586524963,0.8094093799591064
YDL188C,YKL024C,0,-0.52520794,0.10700087994337082,0.9594059586524963,0.8095095157623291
YMR280C,YPR152C,0,-0.52534693,0.1069890707731247,0.9594059586524963,0.809609591960907
YGR268C,YLR391W,0,-0.52590346,0.10697725415229797,0.9594059586524963,0.8097097277641296
YNR075W,YIL063C,0,-0.52614754,0.10696545243263245,0.9594059586524963,0.8098098039627075
YPR134W,YPL060W,1,-0.52618533,0.10706401616334915,0.9603960514068604,0.8098098039627075
YMR301C,YNL274C,0,-0.526368,0.10705219954252243,0.9603960514068604,0.8099098801612854
YPL132W,YHR109W,0,-0.526388,0.1070403903722763,0.9603960514068604,0.8100100159645081
YLR203C,YOR204W,1,-0.52643985,0.10713891685009003,0.9613861441612244,0.8100100159645081
YDR155C,YCR055C,0,-0.5266987,0.10712709277868271,0.9613861441612244,0.8101100921630859
YGL191W,YBL101W-B,0,-0.5267892,0.10711527615785599,0.9613861441612244,0.8102102279663086
YBR132C,YIL134W,0,-0.5268124,0.10710346698760986,0.9613861441612244,0.8103103041648865
YMR012W,YDR103W,0,-0.5270702,0.10709165036678314,0.9613861441612244,0.8104104399681091
YIL021W,YDR320C-A,0,-0.5275862,0.10707984119653702,0.9613861441612244,0.810510516166687
YIR018W,YGR161W-B,0,-0.52768,0.1070680320262909,0.9613861441612244,0.8106105923652649
YPL074W,YMR193W,0,-0.52773696,0.10705623030662537,0.9613861441612244,0.8107107281684875
YMR173W,YNR061C,0,-0.5277763,0.10704442858695984,0.9613861441612244,0.8108108043670654
YNL202W,YDR506C,0,-0.52787673,0.10703262686729431,0.9613861441612244,0.8109109401702881
YGR185C,YPL094C,0,-0.52792174,0.10702083259820938,0.9613861441612244,0.811011016368866
YPL069C,YLR348C,0,-0.5279682,0.10700903832912445,0.9613861441612244,0.8111110925674438
YJL166W,YCR057C,0,-0.5281804,0.10699724406003952,0.9613861441612244,0.8112112283706665
YDR242W,YNL007C,0,-0.5282083,0.10698545724153519,0.9613861441612244,0.8113113045692444
YDR307W,YML033W,0,-0.5282738,0.10697367042303085,0.9613861441612244,0.811411440372467
YFL053W,YJL121C,0,-0.52830696,0.10696188360452652,0.9613861441612244,0.8115115165710449
YDR170C,YGL048C,0,-0.5286186,0.10695010423660278,0.9613861441612244,0.8116115927696228
YCR097WB,YDR131C,0,-0.5289697,0.10693832486867905,0.9613861441612244,0.8117117285728455
YJL062W-A,YDR472W,0,-0.5295425,0.10692655295133591,0.9613861441612244,0.8118118047714233
YER069W,YOL141W,0,-0.5296109,0.10691477358341217,0.9613861441612244,0.811911940574646
YMR267W,YPR094W,0,-0.5297819,0.10690300911664963,0.9613861441612244,0.8120120167732239
YCR092C,YMR145C,0,-0.5300565,0.10689123719930649,0.9613861441612244,0.8121120929718018
YDR258C,YGR198W,0,-0.53032947,0.10687947273254395,0.9613861441612244,0.8122122287750244
YLR425W,YBL029C-A,0,-0.5306426,0.1068677082657814,0.9613861441612244,0.8123123049736023
YJR044C,YMR170C,0,-0.5307174,0.10685595124959946,0.9613861441612244,0.812412440776825
YDR003W,YGL046W,0,-0.5307778,0.10684418678283691,0.9613861441612244,0.8125125169754028
YHL009W-A,YHR008C,0,-0.53084946,0.10683243721723557,0.9613861441612244,0.8126125931739807
YLR355C,YGR047C,0,-0.53085953,0.10682068020105362,0.9613861441612244,0.8127127289772034
YBR082C,YER154W,0,-0.530939,0.10680893063545227,0.9613861441612244,0.8128128051757812
YGR148C,YCL003W,0,-0.5310518,0.10679718106985092,0.9613861441612244,0.8129129409790039
YOL151W,YER131W,0,-0.5310978,0.10678543895483017,0.9613861441612244,0.8130130171775818
YKL097W-A,YML072C,0,-0.5311036,0.10677369683980942,0.9613861441612244,0.8131130933761597
YER087C-B,YBL016W,0,-0.5312832,0.10676195472478867,0.9613861441612244,0.8132132291793823
YOR355W,YOL041C,0,-0.53137046,0.10675022006034851,0.9613861441612244,0.8133133053779602
YOL111C,YDR293C,0,-0.53141624,0.10673848539590836,0.9613861441612244,0.8134134411811829
YJL101C,YPL098C,0,-0.53158706,0.1067267507314682,0.9613861441612244,0.8135135173797607
YGL020C,YHR209W,0,-0.5316569,0.10671502351760864,0.9613861441612244,0.8136135935783386
YDR074W,YJR070C,0,-0.53182226,0.10670329630374908,0.9613861441612244,0.8137137293815613
YDR093W,YCR008W,0,-0.5320333,0.10669156908988953,0.9613861441612244,0.8138138055801392
YBR142W,YOR240W,0,-0.5322453,0.10667984932661057,0.9613861441612244,0.8139139413833618
YEL038W,YER175C,0,-0.5324773,0.1066681295633316,0.9613861441612244,0.8140140175819397
YHL032C,YGL134W,0,-0.53252,0.10665641725063324,0.9613861441612244,0.8141140937805176
YBR133C,YOR088W,0,-0.53252894,0.10664469748735428,0.9613861441612244,0.8142142295837402
YDR210C-C,YKL201C,0,-0.53262967,0.10663299262523651,0.9613861441612244,0.8143143057823181
YDR261W-A,YNL080C,0,-0.53280723,0.10662128031253815,0.9613861441612244,0.8144144415855408
YNL291C,YDR418W,0,-0.5331524,0.10660957545042038,0.9613861441612244,0.8145145177841187
YPR005C,YJR107W,0,-0.53351253,0.10659787058830261,0.9613861441612244,0.8146145939826965
YDL205C,YKR081C,0,-0.534347,0.10658616572618484,0.9613861441612244,0.8147147297859192
YLR157C-B,YLR160C,0,-0.5345134,0.10657446831464767,0.9613861441612244,0.8148148059844971
YNR070W,YDL060W,0,-0.5346845,0.1065627709031105,0.9613861441612244,0.8149149417877197
YML012W,YPL172C,0,-0.5350483,0.10655108094215393,0.9613861441612244,0.8150150179862976
YLR141W,YDL239C,0,-0.53509575,0.10653939098119736,0.9613861441612244,0.8151150941848755
YNR067C,YHR072W,0,-0.53509635,0.10652770102024078,0.9613861441612244,0.8152152299880981
YML033W,YPL118W,0,-0.5352029,0.10651601850986481,0.9613861441612244,0.815315306186676
YAR010C,YDR363W-A,0,-0.53603566,0.10650433599948883,0.9613861441612244,0.8154154419898987
YGR272C,YNL305C,0,-0.53625846,0.10649265348911285,0.9613861441612244,0.8155155181884766
YPR080W,YKL178C,0,-0.5364071,0.10648097097873688,0.9613861441612244,0.8156155943870544
YDR495C,YOR095C,0,-0.5365021,0.1064692959189415,0.9613861441612244,0.8157157301902771
YDR079C-A,YDR198C,0,-0.53655213,0.10645762830972672,0.9613861441612244,0.815815806388855
YML049C,YLR355C,0,-0.53681403,0.10644595324993134,0.9613861441612244,0.8159159421920776
YCR093W,YML045W-A,0,-0.5368863,0.10643428564071655,0.9613861441612244,0.8160160183906555
YGR038C-B,YML006C,0,-0.5371713,0.10642261803150177,0.9613861441612244,0.8161160945892334
YGL191W,YBR200W,0,-0.53720605,0.10641095787286758,0.9613861441612244,0.816216230392456
YDR210C-C,YDR252W,0,-0.53734547,0.1063992977142334,0.9613861441612244,0.8163163065910339
YPR035W,YJL062W-A,0,-0.5374785,0.10638763755559921,0.9613861441612244,0.8164164423942566
YPR152C,YGR161C-C,0,-0.5375413,0.10637598484754562,0.9613861441612244,0.8165165185928345
YIL080W,YBL098W,0,-0.5378171,0.10636433213949203,0.9613861441612244,0.8166165947914124
YHR026W,YBR170C,0,-0.537828,0.10635268688201904,0.9613861441612244,0.816716730594635
YCR087C-A,YJR034W,0,-0.53871083,0.10634103417396545,0.9613861441612244,0.8168168067932129
YHR160C,YJL066C,0,-0.5387574,0.10632938891649246,0.9613861441612244,0.8169169425964355
YPR031W,YCR098C,0,-0.5388282,0.10631775110960007,0.9613861441612244,0.8170170187950134
YGR172C,YCR055C,0,-0.53899664,0.10630610585212708,0.9613861441612244,0.8171170949935913
YCR070W,YPL011C,0,-0.5392428,0.10629447549581528,0.9613861441612244,0.817217230796814
YAL005C,YOR120W,0,-0.53973204,0.10628283768892288,0.9613861441612244,0.8173173069953918
YMR256C,YNL101W,0,-0.5398859,0.10627120733261108,0.9613861441612244,0.8174174427986145
YML022W,YFL002C,0,-0.5400105,0.10625957697629929,0.9613861441612244,0.8175175189971924
YER117W,YLR301W,0,-0.5400184,0.10624794661998749,0.9613861441612244,0.8176175951957703
YBL101W-B,YLR174W,0,-0.54008186,0.10623632371425629,0.9613861441612244,0.8177177309989929
YER070W,YJL206C,0,-0.5401471,0.10622470080852509,0.9613861441612244,0.8178178071975708
YKL097W-A,YIL101C,0,-0.54015535,0.10621308535337448,0.9613861441612244,0.8179179430007935
YBR065C,YDL087C,1,-0.5401769,0.10631083697080612,0.9623762369155884,0.8179179430007935
YDR261C-C,YPR006C,0,-0.54019064,0.10629921406507492,0.9623762369155884,0.8180180191993713
YCR097WB,YPL088W,0,-0.54027575,0.10628759115934372,0.9623762369155884,0.8181180953979492
YCL062W,YJL071W,0,-0.54033047,0.10627596825361252,0.9623762369155884,0.8182182312011719
YPR144C,YHL047C,0,-0.54037213,0.10626434534788132,0.9623762369155884,0.8183183073997498
YNL085W,YPR026W,0,-0.54047894,0.10625272989273071,0.9623762369155884,0.8184184432029724
YKL089W,YPL186C,0,-0.54059595,0.1062411218881607,0.9623762369155884,0.8185185194015503
YOR343W-A,YLR450W,0,-0.54061306,0.1062295064330101,0.9623762369155884,0.8186185956001282
YMR113W,YGL135W,0,-0.5408861,0.1062178984284401,0.9623762369155884,0.8187187314033508
YCL026C-B,YJL090C,0,-0.5409175,0.10620629042387009,0.9623762369155884,0.8188188076019287
YCL062W,YJL203W,0,-0.54108065,0.10619468986988068,0.9623762369155884,0.8189189434051514
YKR057W,YLR081W,0,-0.54117775,0.10618308931589127,0.9623762369155884,0.8190190196037292
YPL055C,YLR340W,0,-0.5416725,0.10617148876190186,0.9623762369155884,0.8191190958023071
YCR046C,YCR055C,0,-0.5421234,0.10615989565849304,0.9623762369155884,0.8192192316055298
YLR391W,YLR174W,0,-0.5424654,0.10614830255508423,0.9623762369155884,0.8193193078041077
YCR097WB,YDR180W,0,-0.54249394,0.10613670945167542,0.9623762369155884,0.8194194436073303
YBR075W,YHL004W,0,-0.54256815,0.1061251237988472,0.9623762369155884,0.8195195198059082
YDR170C,YER014C-A,0,-0.54278547,0.10611353814601898,0.9623762369155884,0.8196195960044861
YOR240W,YDR047W,0,-0.54297525,0.10610195249319077,0.9623762369155884,0.8197197318077087
YJR025C,YOR088W,0,-0.54298383,0.10609037429094315,0.9623762369155884,0.8198198080062866
YDL206W,YPL200W,0,-0.5429902,0.10607879608869553,0.9623762369155884,0.8199199438095093
YOR038C,YBL071W-A,0,-0.54319173,0.1060672178864479,0.9623762369155884,0.8200200200080872
YBL030C,YMR083W,0,-0.54336435,0.10605564713478088,0.9623762369155884,0.820120096206665
YNL182C,YKR030W,0,-0.54366726,0.10604407638311386,0.9623762369155884,0.8202202320098877
YIR023W,YOR088W,0,-0.54418975,0.10603250563144684,0.9623762369155884,0.8203203082084656
YNL169C,YDL216C,0,-0.5442333,0.10602094233036041,0.9623762369155884,0.8204204440116882
YLR342W,YKL097W-A,0,-0.5442934,0.10600937902927399,0.9623762369155884,0.8205205202102661
YHR072W-A,YER017C,0,-0.54453856,0.10599781572818756,0.9623762369155884,0.820620596408844
YLL036C,YCL050C,0,-0.54460365,0.10598625987768173,0.9623762369155884,0.8207207322120667
YPL257W-B,YPL237W,0,-0.5450304,0.1059747040271759,0.9623762369155884,0.8208208084106445
YIL131C,YOR088W,0,-0.54521424,0.10596315562725067,0.9623762369155884,0.8209209442138672
YIL076W,YIL150C,0,-0.54543936,0.10595159977674484,0.9623762369155884,0.8210210204124451
YJL060W,YNL005C,0,-0.5458051,0.10594005137681961,0.9623762369155884,0.821121096611023
YNL069C,YLR107W,0,-0.54640794,0.10592851042747498,0.9623762369155884,0.8212212324142456
YBL074C,YDR261W-A,0,-0.5465195,0.10591696947813034,0.9623762369155884,0.8213213086128235
YML132W,YMR276W,0,-0.5467095,0.1059054285287857,0.9623762369155884,0.8214214444160461
YER074W-A,YER165W,0,-0.5467436,0.10589388757944107,0.9623762369155884,0.821521520614624
YGR275W,YIL051C,0,-0.54712427,0.10588235408067703,0.9623762369155884,0.8216215968132019
YGR288W,YNL241C,0,-0.5472097,0.105870820581913,0.9623762369155884,0.8217217326164246
YDL214C,YDR316W-A,0,-0.547272,0.10585928708314896,0.9623762369155884,0.8218218088150024
YHR191C,YMR306W,0,-0.5473048,0.10584776103496552,0.9623762369155884,0.8219219446182251
YJL063C,YOR198C,0,-0.54730505,0.10583623498678207,0.9623762369155884,0.822022020816803
YDR261C-D,YNL151C,0,-0.5476802,0.10582471638917923,0.9623762369155884,0.8221220970153809
YHL009W-A,YNL102W,0,-0.54782385,0.10581319034099579,0.9623762369155884,0.8222222328186035
YDL049C,YDR219C,0,-0.54789066,0.10580167919397354,0.9623762369155884,0.8223223090171814
YJL060W,YNL213C,0,-0.54796207,0.1057901605963707,0.9623762369155884,0.822422444820404
YFL021W,YOR141C,0,-0.5479651,0.10577864944934845,0.9623762369155884,0.8225225210189819
YER110C,YIL082W-A,0,-0.5479823,0.1057671383023262,0.9623762369155884,0.8226225972175598
YGL250W,YDR046C,0,-0.54842377,0.10575562715530396,0.9623762369155884,0.8227227330207825
YDR365W-B,YHR179W,0,-0.5487185,0.1057441234588623,0.9623762369155884,0.8228228092193604
YOR033C,YHR214C-B,0,-0.54896706,0.10573261976242065,0.9623762369155884,0.822922945022583
YCL075W,YGL222C,0,-0.5490724,0.1057211235165596,0.9623762369155884,0.8230230212211609
YJL124C,YLR256W-A,0,-0.54918474,0.10570962727069855,0.9623762369155884,0.8231230974197388
YML111W,YGL161C,0,-0.54942036,0.1056981310248375,0.9623762369155884,0.8232232332229614
YML008C,YJL014W,0,-0.5496182,0.10568663477897644,0.9623762369155884,0.8233233094215393
YLR433C,YGL046W,0,-0.55044776,0.10567514598369598,0.9623762369155884,0.823423445224762
YNL283C,YLR301W,0,-0.5510264,0.10566365718841553,0.9623762369155884,0.8235235214233398
YDR138W,YOR240W,0,-0.55133903,0.10565217584371567,0.9623762369155884,0.8236235976219177
YOR303W,YGL205W,0,-0.55139035,0.10564069449901581,0.9623762369155884,0.8237237334251404
YMR097C,YOL152W,0,-0.5515997,0.10562921315431595,0.9623762369155884,0.8238238096237183
YMR169C,YNL325C,0,-0.55164915,0.10561773180961609,0.9623762369155884,0.8239239454269409
YPR152C,YPL064C,1,-0.5516947,0.10571490973234177,0.9633663296699524,0.8239239454269409
YFL021W,YLR106C,0,-0.55171746,0.10570342093706131,0.9633663296699524,0.8240240216255188
YJR075W,YHR039C-B,0,-0.5517389,0.10569193959236145,0.9633663296699524,0.8241240978240967
YML069W,YGR020C,0,-0.55190015,0.10568045824766159,0.9633663296699524,0.8242242336273193
YJR113C,YMR019W,0,-0.5520564,0.10566898435354233,0.9633663296699524,0.8243243098258972
YDR210C-C,YDR281C,0,-0.5522103,0.10565751045942307,0.9633663296699524,0.8244244456291199
YER004W,YLR203C,0,-0.5522122,0.1056460365653038,0.9633663296699524,0.8245245218276978
YPR124W,YGR161C-C,0,-0.5524636,0.10563457012176514,0.9633663296699524,0.8246245980262756
YNL054W-B,YML066C,0,-0.55258256,0.10562310367822647,0.9633663296699524,0.8247247338294983
YKL152C,YCR080W,0,-0.5525984,0.1056116372346878,0.9633663296699524,0.8248248100280762
YAR008W,YLR382C,1,-0.55262405,0.10570870339870453,0.9643564224243164,0.8248248100280762
YML007W,YNL007C,0,-0.55310804,0.10569722950458527,0.9643564224243164,0.8249249458312988
YML033W,YER174C,0,-0.55319446,0.1056857630610466,0.9643564224243164,0.8250250220298767
YCL060C,YOR344C,0,-0.55353576,0.10567429661750793,0.9643564224243164,0.8251250982284546
YIL121W,YJL117W,0,-0.5535725,0.10566283017396927,0.9643564224243164,0.8252252340316772
YPL147W,YML085C,0,-0.55357724,0.1056513711810112,0.9643564224243164,0.8253253102302551
YLR084C,YDL232W,0,-0.5537949,0.10563991218805313,0.9643564224243164,0.8254254460334778
YAR044W,YGR072W,0,-0.5541471,0.10562845319509506,0.9643564224243164,0.8255255222320557
YDL136W,YOL077W-A,0,-0.5543144,0.10561700165271759,0.9643564224243164,0.8256255984306335
YDL095W,YDR363W-A,0,-0.55438006,0.10560555011034012,0.9643564224243164,0.8257257342338562
YMR297W,YPR070W,0,-0.5544839,0.10559410601854324,0.9643564224243164,0.8258258104324341
YFR018C,YPR072W,0,-0.55468625,0.10558265447616577,0.9643564224243164,0.8259259462356567
YPR006C,YOL127W,0,-0.5548684,0.1055712103843689,0.9643564224243164,0.8260260224342346
YOR386W,YOR080W,0,-0.5551682,0.10555977374315262,0.9643564224243164,0.8261260986328125
YOL107W,YDL206W,0,-0.55519515,0.10554832965135574,0.9643564224243164,0.8262262344360352
YML087C,YJL020C,0,-0.5552118,0.10553689301013947,0.9643564224243164,0.826326310634613
YBL101W-A,YER162C,0,-0.5552863,0.10552546381950378,0.9643564224243164,0.8264264464378357
YMR122W-A,YPL196W,0,-0.555448,0.1055140271782875,0.9643564224243164,0.8265265226364136
YNL079C,YDR261C-C,0,-0.55554926,0.10550259798765182,0.9643564224243164,0.8266265988349915
YDL164C,YLR264W,0,-0.5558207,0.10549117624759674,0.9643564224243164,0.8267267346382141
YOL016C,YPR145W,0,-0.5561678,0.10547974705696106,0.9643564224243164,0.826826810836792
YOL017W,YNL280C,0,-0.5562624,0.10546832531690598,0.9643564224243164,0.8269269466400146
YMR013C,YHL022C,0,-0.5570915,0.10545691102743149,0.9643564224243164,0.8270270228385925
YBL003C,YOL077W-A,0,-0.55726945,0.1054454892873764,0.9643564224243164,0.8271270990371704
YPL008W,YER137C-A,0,-0.5573841,0.10543407499790192,0.9643564224243164,0.8272272348403931
YOR063W,YBR072W,0,-0.557764,0.10542266815900803,0.9643564224243164,0.827327311038971
YLR187W,YDR281C,0,-0.5578843,0.10541125386953354,0.9643564224243164,0.8274274468421936
YML077W,YBL075C,0,-0.5580402,0.10539984703063965,0.9643564224243164,0.8275275230407715
YDR155C,YOR240W,0,-0.5584925,0.10538844764232635,0.9643564224243164,0.8276275992393494
YFL057C,YDR097C,0,-0.55857116,0.10537704080343246,0.9643564224243164,0.827727735042572
YDR237W,YFL002W-B,0,-0.5586158,0.10536564141511917,0.9643564224243164,0.8278278112411499
YDR167W,YFL052W,0,-0.5587127,0.10535424202680588,0.9643564224243164,0.8279279470443726
YDL108W,YNL054W-B,0,-0.5590369,0.10534285008907318,0.9643564224243164,0.8280280232429504
YCL066W,YPR025C,0,-0.55917734,0.10533145815134048,0.9643564224243164,0.8281280994415283
YML118W,YLR157C-A,0,-0.55925083,0.10532006621360779,0.9643564224243164,0.828228235244751
YKL078W,YCL038C,0,-0.559323,0.10530868172645569,0.9643564224243164,0.8283283114433289
YKL164C,YOL137W,0,-0.5594338,0.10529729723930359,0.9643564224243164,0.8284284472465515
YER019W,YNL284C-A,0,-0.5594509,0.10528591275215149,0.9643564224243164,0.8285285234451294
YGR038C-B,YHR036W,0,-0.55984586,0.10527453571557999,0.9643564224243164,0.8286285996437073
YHL033C,YDR266C,0,-0.5599285,0.10526315867900848,0.9643564224243164,0.8287287354469299
YGL148W,YLR369W,0,-0.5600249,0.10525178164243698,0.9643564224243164,0.8288288116455078
YOL112W,YNL052W,0,-0.5606429,0.10524041205644608,0.9643564224243164,0.8289289474487305
YLR221C,YML025C,0,-0.56075656,0.10522904247045517,0.9643564224243164,0.8290290236473083
YDR173C,YCR097WB,0,-0.5607568,0.10521767288446426,0.9643564224243164,0.8291290998458862
YPL244C,YPL026C,0,-0.5607657,0.10520631074905396,0.9643564224243164,0.8292292356491089
YPL223C,YHR036W,0,-0.56116796,0.10519494861364365,0.9643564224243164,0.8293293118476868
YDR261C-C,YOL072W,0,-0.5613134,0.10518358647823334,0.9643564224243164,0.8294294476509094
YJL137C,YOR058C,0,-0.56133527,0.10517222434282303,0.9643564224243164,0.8295295238494873
YNL300W,YBL016W,0,-0.5615653,0.10516086965799332,0.9643564224243164,0.8296296000480652
YJR065C,YLL041C,0,-0.56162375,0.1051495224237442,0.9643564224243164,0.8297297358512878
YCR080W,YGR090W,0,-0.5617675,0.10513816773891449,0.9643564224243164,0.8298298120498657
YDR316W-A,YCL074W,0,-0.56201315,0.10512682050466537,0.9643564224243164,0.8299299478530884
YER014C-A,YKL107W,0,-0.5620472,0.10511547327041626,0.9643564224243164,0.8300300240516663
YBL071W-A,YOL124C,0,-0.56223613,0.10510413348674774,0.9643564224243164,0.8301301598548889
YGL033W,YDL137W,0,-0.5625627,0.10509279370307922,0.9643564224243164,0.8302302360534668
YJL133W,YBR185C,0,-0.5626075,0.1050814539194107,0.9643564224243164,0.8303303122520447
YJL082W,YCR070W,0,-0.562708,0.10507012158632278,0.9643564224243164,0.8304304480552673
YHR216W,YCR054C,0,-0.56271195,0.10505878180265427,0.9643564224243164,0.8305305242538452
YKL027W,YGR161W-B,0,-0.5627827,0.10504745692014694,0.9643564224243164,0.8306306600570679
YBL064C,YER070W,0,-0.5629789,0.10503612458705902,0.9643564224243164,0.8307307362556458
YCR067C,YHR052W,0,-0.5631388,0.1050247997045517,0.9643564224243164,0.8308308124542236
YLR134W,YBL093C,0,-0.5634428,0.10501347482204437,0.9643564224243164,0.8309309482574463
YLR045C,YOL120C,0,-0.5635469,0.10500215739011765,0.9643564224243164,0.8310310244560242
YHR143W,YOR194C,0,-0.5636662,0.10499083995819092,0.9643564224243164,0.8311311602592468
YLR081W,YPL270W,0,-0.5644665,0.10497952252626419,0.9643564224243164,0.8312312364578247
YAL029C,YJL080C,0,-0.56447095,0.10496820509433746,0.9643564224243164,0.8313313126564026
YEL062W,YBR126C,0,-0.56464475,0.10495689511299133,0.9643564224243164,0.8314314484596252
YHR094C,YKR026C,0,-0.5651434,0.1049455851316452,0.9643564224243164,0.8315315246582031
YEL061C,YGR272C,0,-0.5653224,0.10493428260087967,0.9643564224243164,0.8316316604614258
YAR044W,YJR076C,0,-0.56547964,0.10492298007011414,0.9643564224243164,0.8317317366600037
YPL158C,YNR070W,0,-0.56587857,0.1049116775393486,0.9643564224243164,0.8318318128585815
YBL068W,YPL094C,0,-0.5659855,0.10490037500858307,0.9643564224243164,0.8319319486618042
YJL144W,YDR534C,0,-0.5662339,0.10488907992839813,0.9643564224243164,0.8320320248603821
YBL101W-A,YBL105C,0,-0.5662498,0.1048777848482132,0.9643564224243164,0.8321321606636047
YAL013W,YIL124W,0,-0.566256,0.10486649721860886,0.9643564224243164,0.8322322368621826
YOR339C,YKL096W,0,-0.56660455,0.10485520213842392,0.9643564224243164,0.8323323130607605
YLR227W-B,YLL028W,0,-0.5670447,0.10484391450881958,0.9643564224243164,0.8324324488639832
YKR028W,YLR337W,0,-0.56717825,0.10483263432979584,0.9643564224243164,0.832532525062561
YOR301W,YLR300W,0,-0.5672175,0.1048213541507721,0.9643564224243164,0.8326326608657837
YPR080W,YER056C-A,0,-0.56815344,0.10481007397174835,0.9643564224243164,0.8327327370643616
YOR295W,YML048W,0,-0.5682213,0.10479879379272461,0.9643564224243164,0.8328328132629395
YDR261W-B,YNL325C,0,-0.56827813,0.10478752106428146,0.9643564224243164,0.8329329490661621
YIL031W,YAR044W,0,-0.568379,0.10477624833583832,0.9643564224243164,0.83303302526474
YOR386W,YAL035W,0,-0.5688576,0.10476497560739517,0.9643564224243164,0.8331331610679626
YDR247W,YBR282W,0,-0.5688753,0.10475371032953262,0.9643564224243164,0.8332332372665405
YOR159C,YJL133W,1,-0.56924015,0.10484998673200607,0.9653465151786804,0.8332332372665405
YKL109W,YKL059C,0,-0.5693483,0.10483870655298233,0.9653465151786804,0.8333333134651184
YOL155C,YBL071W-A,0,-0.5696344,0.10482744127511978,0.9653465151786804,0.8334334492683411
YOR351C,YGL172W,0,-0.56964564,0.10481616854667664,0.9653465151786804,0.833533525466919
YKL139W,YLR410W-B,0,-0.5698961,0.10480490326881409,0.9653465151786804,0.8336336612701416
YGR272C,YPR140W,0,-0.5701596,0.10479363799095154,0.9653465151786804,0.8337337374687195
YCL026C-A,YCR096C,0,-0.5702371,0.10478237271308899,0.9653465151786804,0.8338338136672974
YCL060C,YLR295C,0,-0.5706764,0.10477111488580704,0.9653465151786804,0.83393394947052
YJL144W,YLR035C-A,0,-0.57089764,0.10475985705852509,0.9653465151786804,0.8340340256690979
YOR043W,YGR027W-B,0,-0.5709947,0.10474860668182373,0.9653465151786804,0.8341341614723206
YBL101W-B,YER157W,0,-0.57110757,0.10473734885454178,0.9653465151786804,0.8342342376708984
YBR066C,YLR069C,0,-0.5711617,0.10472609847784042,0.9653465151786804,0.8343343138694763
YDR261W-B,YOR293W,0,-0.57135534,0.10471485555171967,0.9653465151786804,0.834434449672699
YKL200C,YOR076C,0,-0.5716335,0.10470360517501831,0.9653465151786804,0.8345345258712769
YDR322C-A,YJL165C,0,-0.57169104,0.10469236224889755,0.9653465151786804,0.8346346616744995
YPL048W,YML058W-A,0,-0.5719011,0.10468112677335739,0.9653465151786804,0.8347347378730774
YCL020W,YLR337W,0,-0.5719215,0.10466988384723663,0.9653465151786804,0.8348348140716553
YDL206W,YJR053W,0,-0.5721746,0.10465864837169647,0.9653465151786804,0.8349349498748779
YOR204W,YLR116W,1,-0.5721973,0.1047547459602356,0.9663366079330444,0.8349349498748779
YBR036C,YDR453C,0,-0.5725441,0.10474351048469543,0.9663366079330444,0.8350350260734558
YLR121C,YLR337W,0,-0.57270116,0.10473226755857468,0.9663366079330444,0.8351351618766785
YNL248C,YNL256W,0,-0.5729243,0.10472103208303452,0.9663366079330444,0.8352352380752563
YCR070W,YGR282C,0,-0.5729533,0.10470979660749435,0.9663366079330444,0.8353353142738342
YGL232W,YOR224C,0,-0.5736431,0.1046985611319542,0.9663366079330444,0.8354354500770569
YGR095C,YER137C-A,0,-0.57367545,0.10468733310699463,0.9663366079330444,0.8355355262756348
YFL002W-A,YMR135C,0,-0.5741127,0.10467610508203506,0.9663366079330444,0.8356356620788574
YPL281C,YGL048C,0,-0.5742124,0.1046648770570755,0.9663366079330444,0.8357357382774353
YCR097WB,YOR201C,0,-0.5746892,0.10465365648269653,0.9663366079330444,0.8358358144760132
YOR343W-A,YER022W,0,-0.57470345,0.10464243590831757,0.9663366079330444,0.8359359502792358
YDR170C,YIL051C,0,-0.57475066,0.1046312153339386,0.9663366079330444,0.8360360264778137
YBR267W,YJL093C,0,-0.57487696,0.10462000221014023,0.9663366079330444,0.8361361622810364
YLL045C,YOR377W,0,-0.57541317,0.10460878908634186,0.9663366079330444,0.8362362384796143
YPR182W,YER146W,1,-0.575792,0.10470474511384964,0.9673267602920532,0.8362362384796143
YGR026W,YDR363W-A,0,-0.57582456,0.10469352453947067,0.9673267602920532,0.8363363146781921
YDL065C,YNL242W,0,-0.57593244,0.1046823114156723,0.9673267602920532,0.8364364504814148
YJR053W,YDR261W-A,0,-0.5759755,0.10467109829187393,0.9673267602920532,0.8365365266799927
YBL003C,YDR140W,0,-0.5761278,0.10465988516807556,0.9673267602920532,0.8366366624832153
YNR022C,YML085C,0,-0.57617825,0.10464867204427719,0.9673267602920532,0.8367367386817932
YKR001C,YPL204W,0,-0.5762371,0.10463746637105942,0.9673267602920532,0.8368368148803711
YER159C-A,YDR283C,0,-0.5765316,0.10462626069784164,0.9673267602920532,0.8369369506835938
YGR067C,YOL058W,0,-0.5766692,0.10461505502462387,0.9673267602920532,0.8370370268821716
YIL150C,YPL257W-A,0,-0.5768455,0.1046038568019867,0.9673267602920532,0.8371371626853943
YPL151C,YPL257W-B,0,-0.5769283,0.10459265857934952,0.9673267602920532,0.8372372388839722
YHR215W,YPL269W,0,-0.577113,0.10458146035671234,0.9673267602920532,0.83733731508255
YKL180W,YOR123C,0,-0.57739073,0.10457026958465576,0.9673267602920532,0.8374374508857727
YIL105C,YLL017W,0,-0.5778275,0.10455907881259918,0.9673267602920532,0.8375375270843506
YAL054C,YIR037W,0,-0.57787657,0.1045478880405426,0.9673267602920532,0.8376376628875732
YBR205W,YNL163C,0,-0.57793087,0.10453669726848602,0.9673267602920532,0.8377377390861511
YOL040C,YNL305C,0,-0.5783211,0.10452551394701004,0.9673267602920532,0.837837815284729
YML081C-A,YDR197W,0,-0.5783269,0.10451433807611465,0.9673267602920532,0.8379379510879517
YGR203W,YMR033W,0,-0.5787512,0.10450315475463867,0.9673267602920532,0.8380380272865295
YNL290W,YDL174C,0,-0.57900155,0.10449197888374329,0.9673267602920532,0.8381381630897522
YPL187W,YNR057C,0,-0.5790092,0.1044808030128479,0.9673267602920532,0.8382382392883301
YHL040C,YBL029C-A,0,-0.5790629,0.10446963459253311,0.9673267602920532,0.838338315486908
YDR077W,YLR204W,0,-0.5791177,0.10445846617221832,0.9673267602920532,0.8384384512901306
YBR008C,YGR268C,0,-0.5795536,0.10444729775190353,0.9673267602920532,0.8385385274887085
YMR289W,YDL171C,0,-0.57963127,0.10443612933158875,0.9673267602920532,0.8386386632919312
YMR236W,YDR530C,0,-0.5796464,0.10442496836185455,0.9673267602920532,0.838738739490509
YPL187W,YDR231C,0,-0.5797788,0.10441380739212036,0.9673267602920532,0.8388388156890869
YMR214W,YLR256W-A,0,-0.57988685,0.10440264642238617,0.9673267602920532,0.8389389514923096
YPR152C,YBR102C,1,-0.5800529,0.10449834167957306,0.9683168530464172,0.8389389514923096
YDL179W,YKR035W-A,0,-0.580383,0.10448718070983887,0.9683168530464172,0.8390390276908875
YDR082W,YJL063C,0,-0.58078927,0.10447601974010468,0.9683168530464172,0.8391391634941101
YGR027W-A,YFR037C,0,-0.58097273,0.10446485877037048,0.9683168530464172,0.839239239692688
YGL077C,YML018C,0,-0.5812569,0.10445369780063629,0.9683168530464172,0.8393393158912659
YLR410W-B,YMR186W,0,-0.5816544,0.1044425442814827,0.9683168530464172,0.8394394516944885
YDR214W,YJR121W,0,-0.58168113,0.1044313907623291,0.9683168530464172,0.8395395278930664
YGR191W,YNR015W,0,-0.58176434,0.1044202446937561,0.9683168530464172,0.8396396636962891
YER111C,YHL036W,0,-0.5821461,0.1044090986251831,0.9683168530464172,0.8397397398948669
YKR062W,YPL170W,0,-0.58244765,0.10439795255661011,0.9683168530464172,0.8398398160934448
YKL186C,YMR203W,0,-0.5829839,0.10438680648803711,0.9683168530464172,0.8399399518966675
YBR265W,YKL199C,0,-0.5829955,0.10437566787004471,0.9683168530464172,0.8400400280952454
YKL049C,YOR192C-B,0,-0.5830016,0.10436452925205231,0.9683168530464172,0.840140163898468
YGL148W,YOR217W,0,-0.58306223,0.1043533906340599,0.9683168530464172,0.8402402400970459
YOL064C,YOR201C,0,-0.5831466,0.1043422594666481,0.9683168530464172,0.8403403162956238
YOL071W,YCR055C,0,-0.58345354,0.1043311282992363,0.9683168530464172,0.8404404520988464
YKL038W,YMR213W,0,-0.5835945,0.1043199971318245,0.9683168530464172,0.8405405282974243
YOL155C,YGL046W,0,-0.5837104,0.10430887341499329,0.9683168530464172,0.840640664100647
YER045C,YBR187W,0,-0.5838923,0.10429774969816208,0.9683168530464172,0.8407407402992249
YJL046W,YNL052W,0,-0.5839302,0.10428662598133087,0.9683168530464172,0.8408408164978027
YCR063W,YNR032C-A,1,-0.584594,0.10438212752342224,0.9693069458007812,0.8408408164978027
YER018C,YDR523C,0,-0.58478886,0.10437100380659103,0.9693069458007812,0.8409409523010254
YPL147W,YMR247C,0,-0.58481234,0.10435987263917923,0.9693069458007812,0.8410410284996033
YLR385C,YBR145W,0,-0.5851013,0.10434875637292862,0.9693069458007812,0.8411411643028259
YMR036C,YPL164C,0,-0.58559054,0.10433763265609741,0.9693069458007812,0.8412412405014038
YGR161W-B,YDR137W,0,-0.5859786,0.1043265163898468,0.9693069458007812,0.8413413166999817
YGR277C,YPL060C-A,0,-0.5866739,0.10431540012359619,0.9693069458007812,0.8414414525032043
YOL104C,YDR365W-B,0,-0.5867139,0.10430428385734558,0.9693069458007812,0.8415415287017822
YHR179W,YJL074C,0,-0.5868524,0.10429317504167557,0.9693069458007812,0.8416416645050049
YDL222C,YIL105C,0,-0.58732384,0.10428205877542496,0.9693069458007812,0.8417417407035828
YLR227W-B,YMR106C,0,-0.58749795,0.10427095741033554,0.9693069458007812,0.8418418169021606
YDR261C-D,YLR278C,0,-0.5878094,0.10425984859466553,0.9693069458007812,0.8419419527053833
YGR143W,YBR083W,0,-0.5878864,0.10424874722957611,0.9693069458007812,0.8420420289039612
YLR395C,YDR520C,0,-0.5878932,0.1042376458644867,0.9693069458007812,0.8421421647071838
YAL040C,YML028W,0,-0.5881665,0.10422655194997787,0.9693069458007812,0.8422422409057617
YGL112C,YGR109W-B,0,-0.5883412,0.10421545803546906,0.9693069458007812,0.8423423171043396
YHR043C,YCR004C,0,-0.58835226,0.10420436412096024,0.9693069458007812,0.8424424529075623
YGL237C,YPR132W,0,-0.5883947,0.10419327020645142,0.9693069458007812,0.8425425291061401
YNL113W,YKR026C,0,-0.5884685,0.1041821837425232,0.9693069458007812,0.8426426649093628
YBL069W,YML018C,0,-0.5885996,0.10417109727859497,0.9693069458007812,0.8427427411079407
YDL030W,YER044C,0,-0.58902484,0.10416001826524734,0.9693069458007812,0.8428428173065186
YDR020C,YNL014W,0,-0.58947414,0.10414893925189972,0.9693069458007812,0.8429429531097412
YDL112W,YDR261W-A,0,-0.5896954,0.1041378602385521,0.9693069458007812,0.8430430293083191
YOR043W,YDR297W,0,-0.5897537,0.10412678122520447,0.9693069458007812,0.8431431651115417
YIL088C,YDR481C,0,-0.59002835,0.10411570966243744,0.9693069458007812,0.8432432413101196
YER054C,YPR121W,0,-0.5901036,0.10410463809967041,0.9693069458007812,0.8433433175086975
YGL135W,YMR166C,0,-0.59059924,0.10409356653690338,0.9693069458007812,0.8434434533119202
YIL076W,YPL283C,0,-0.5908783,0.10408250242471695,0.9693069458007812,0.843543529510498
YGR034W,YPR140W,0,-0.5908814,0.10407143831253052,0.9693069458007812,0.8436436653137207
YLL051C,YOR338W,0,-0.5911719,0.10406037420034409,0.9693069458007812,0.8437437415122986
YGR123C,YBR042C,0,-0.59119064,0.10404931753873825,0.9693069458007812,0.8438438177108765
YJL170C,YBR093C,0,-0.5912801,0.10403826087713242,0.9693069458007812,0.8439439535140991
YMR159C,YMR100W,0,-0.5917495,0.10402720421552658,0.9693069458007812,0.844044029712677
YNL327W,YHR168W,0,-0.5918541,0.10401614755392075,0.9693069458007812,0.8441441655158997
YJR006W,YMR122W-A,0,-0.5919102,0.10400509834289551,0.9693069458007812,0.8442442417144775
YCL030C,YPL181W,0,-0.5921768,0.10399404913187027,0.9693069458007812,0.8443443179130554
YMR256C,YNL212W,0,-0.59223753,0.10398300737142563,0.9693069458007812,0.8444444537162781
YJL053W,YOR343W-A,0,-0.59235364,0.10397196561098099,0.9693069458007812,0.844544529914856
YER046W,YBR298C,0,-0.59252405,0.10396092385053635,0.9693069458007812,0.8446446657180786
YOR328W,YDR263C,0,-0.59280914,0.1039498820900917,0.9693069458007812,0.8447447419166565
YBL099W,YDR018C,0,-0.59295005,0.10393884778022766,0.9693069458007812,0.8448448181152344
YJL177W,YBR125C,0,-0.59304255,0.10392781347036362,0.9693069458007812,0.844944953918457
YER161C,YFL016C,0,-0.5930554,0.10391677916049957,0.9693069458007812,0.8450450301170349
YNR054C,YER086W,0,-0.59325325,0.10390575230121613,0.9693069458007812,0.8451451659202576
YHR104W,YBL036C,0,-0.5935404,0.10389472544193268,0.9693069458007812,0.8452452421188354
YNL248C,YHR094C,0,-0.5937391,0.10388369858264923,0.9693069458007812,0.8453453183174133
YGR109W-B,YBR115C,0,-0.59390515,0.10387267917394638,0.9693069458007812,0.845445454120636
YMR247C,YGL250W,0,-0.59417075,0.10386165976524353,0.9693069458007812,0.8455455303192139
YER087W,YCR034W,0,-0.59447914,0.10385064035654068,0.9693069458007812,0.8456456661224365
YNL312W,YPL026C,0,-0.5945528,0.10383962839841843,0.9693069458007812,0.8457457423210144
YPL098C,YOL008W,0,-0.5949499,0.10382861644029617,0.9693069458007812,0.8458458185195923
YGR027W-B,YDR159W,0,-0.595064,0.10381760448217392,0.9693069458007812,0.8459459543228149
YOL103W-B,YAL017W,0,-0.59511906,0.10380659252405167,0.9693069458007812,0.8460460305213928
YNL273W,YFL031W,0,-0.59550935,0.10379558801651001,0.9693069458007812,0.8461461663246155
YML063W,YCL074W,0,-0.595915,0.10378458350896835,0.9693069458007812,0.8462462425231934
YNR001C,YER018C,0,-0.5965848,0.1037735864520073,0.9693069458007812,0.8463463187217712
YPR043W,YLR301W,0,-0.5966922,0.10376258939504623,0.9693069458007812,0.8464464545249939
YMR272C,YMR306W,0,-0.5967713,0.10375159233808517,0.9693069458007812,0.8465465307235718
YLL033W,YOR142W-A,0,-0.5969191,0.10374059528112411,0.9693069458007812,0.8466466665267944
YER119C,YKL067W,0,-0.5969764,0.10372960567474365,0.9693069458007812,0.8467467427253723
YER087C-B,YOL094C,0,-0.59708303,0.10371861606836319,0.9693069458007812,0.8468468189239502
YKL089W,YDR342C,0,-0.59710336,0.10370762646198273,0.9693069458007812,0.8469469547271729
YDR487C,YGR027C,0,-0.5971486,0.10369664430618286,0.9693069458007812,0.8470470309257507
YFR055W,YMR236W,0,-0.5980936,0.103685662150383,0.9693069458007812,0.8471471667289734
YPR156C,YOL103W,0,-0.5989312,0.10367467999458313,0.9693069458007812,0.8472472429275513
YDR261C-D,YDR263C,0,-0.599122,0.10366370528936386,0.9693069458007812,0.8473473191261292
YPL008W,YOR315W,0,-0.59921545,0.103652723133564,0.9693069458007812,0.8474474549293518
YDL214C,YNR069C,0,-0.5992822,0.10364175587892532,0.9693069458007812,0.8475475311279297
YMR098C,YOR375C,0,-0.59999305,0.10363078117370605,0.9693069458007812,0.8476476669311523
YNL136W,YDL141W,0,-0.6007011,0.10361981391906738,0.9693069458007812,0.8477477431297302
YLR382C,YOR204W,1,-0.6007357,0.10371468216180801,0.9702970385551453,0.8477477431297302
YGR255C,YGR027W-A,0,-0.60094386,0.10370370000600815,0.9702970385551453,0.8478478193283081
YOR176W,YML045W-A,0,-0.6009831,0.10369273275136948,0.9702970385551453,0.8479479551315308
YER069W,YKR001C,0,-0.6012143,0.10368175804615021,0.9702970385551453,0.8480480313301086
YOR209C,YNR017W,0,-0.601902,0.10367079079151154,0.9702970385551453,0.8481481671333313
YKL038W,YML048W,0,-0.60198146,0.10365982353687286,0.9702970385551453,0.8482482433319092
YFL002W-B,YML081C-A,0,-0.6020496,0.10364886373281479,0.9702970385551453,0.8483483195304871
YNL182C,YML132W,0,-0.60214037,0.10363790392875671,0.9702970385551453,0.8484484553337097
YDR281C,YDR046C,0,-0.6022391,0.10362694412469864,0.9702970385551453,0.8485485315322876
YMR321C,YPR127W,0,-0.6022406,0.10361598432064056,0.9702970385551453,0.8486486673355103
YHR084W,YGL222C,0,-0.6024094,0.10360503196716309,0.9702970385551453,0.8487487435340881
YNL330C,YDL208W,0,-0.6025449,0.10359407961368561,0.9702970385551453,0.848848819732666
YOR348C,YER154W,0,-0.6027737,0.10358312726020813,0.9702970385551453,0.8489489555358887
YKL218C,YMR211W,0,-0.6029532,0.10357218235731125,0.9702970385551453,0.8490490317344666
YFL002W-A,YOR251C,0,-0.6029985,0.10356123745441437,0.9702970385551453,0.8491491675376892
YLR157C-B,YJL117W,0,-0.6029987,0.10355029255151749,0.9702970385551453,0.8492492437362671
YBR008C,YMR182C,0,-0.6030651,0.1035393550992012,0.9702970385551453,0.849349319934845
YDL015C,YJL117W,0,-0.60312533,0.10352841764688492,0.9702970385551453,0.8494494557380676
YDR128W,YDR540C,0,-0.60320526,0.10351748019456863,0.9702970385551453,0.8495495319366455
YLR381W,YPR020W,0,-0.60333115,0.10350655019283295,0.9702970385551453,0.8496496677398682
YDL052C,YML074C,0,-0.6036828,0.10349562019109726,0.9702970385551453,0.849749743938446
YML113W,YPR048W,0,-0.6039391,0.10348469018936157,0.9702970385551453,0.8498498201370239
YPR035W,YDR506C,0,-0.6040326,0.10347376018762589,0.9702970385551453,0.8499499559402466
YPR137W,YOR150W,0,-0.6041152,0.1034628376364708,0.9702970385551453,0.8500500321388245
YJR044C,YBL061C,0,-0.60416585,0.1034519150853157,0.9702970385551453,0.8501501679420471
YNL175C,YPL098C,0,-0.60441333,0.10344099998474121,0.9702970385551453,0.850250244140625
YJR022W,YPR158W-A,0,-0.60453755,0.10343007743358612,0.9702970385551453,0.8503503799438477
YFL002W-B,YJR025C,0,-0.60483813,0.10341916233301163,0.9702970385551453,0.8504504561424255
YJL143W,YHR167W,0,-0.60508174,0.10340825468301773,0.9702970385551453,0.8505505323410034
YNL037C,YBR115C,0,-0.6053348,0.10339733958244324,0.9702970385551453,0.8506506681442261
YDL064W,YDR511W,0,-0.60563195,0.10338643193244934,0.9702970385551453,0.850750744342804
YIL067C,YOR293W,0,-0.60563636,0.10337552428245544,0.9702970385551453,0.8508508801460266
YOR039W,YLR410W-B,0,-0.60566443,0.10336462408304214,0.9702970385551453,0.8509509563446045
YOL040C,YDR260C,0,-0.60567594,0.10335372388362885,0.9702970385551453,0.8510510325431824
YKR036C,YDR096W,0,-0.6057189,0.10334282368421555,0.9702970385551453,0.851151168346405
YEL052W,YDR194C,0,-0.60572934,0.10333193093538284,0.9702970385551453,0.8512512445449829
YPL151C,YHR086W,1,-0.60647947,0.10342646390199661,0.9712871313095093,0.8512512445449829
YGL175C,YML033W,0,-0.6067073,0.10341555625200272,0.9712871313095093,0.8513513803482056
YGR088W,YJL151C,0,-0.6067818,0.10340465605258942,0.9712871313095093,0.8514514565467834
YGL225W,YPR158C-D,0,-0.6068495,0.10339376330375671,0.9712871313095093,0.8515515327453613
YDR498C,YAR066W,0,-0.60725033,0.10338286310434341,0.9712871313095093,0.851651668548584
YGL021W,YKL100C,0,-0.6077897,0.10337197035551071,0.9712871313095093,0.8517517447471619
YDR034C-C,YMR056C,0,-0.6078027,0.10336107760667801,0.9712871313095093,0.8518518805503845
YCR030C,YPL024W,0,-0.6085299,0.1033501923084259,0.9712871313095093,0.8519519567489624
YGR038C-B,YPL011C,0,-0.6090194,0.1033392995595932,0.9712871313095093,0.8520520329475403
YJL157C,YML058W-A,0,-0.6091987,0.1033284142613411,0.9712871313095093,0.8521521687507629
YOL136C,YLR228C,0,-0.60926133,0.10331753641366959,0.9712871313095093,0.8522522449493408
YNR022C,YOR122C,0,-0.60949665,0.10330665856599808,0.9712871313095093,0.8523523807525635
YML034W,YHR018C,0,-0.60953546,0.10329578071832657,0.9712871313095093,0.8524524569511414
YFR032C-A,YPL099C,0,-0.6099698,0.10328490287065506,0.9712871313095093,0.8525525331497192
YFL003C,YDR074W,0,-0.6101207,0.10327403247356415,0.9712871313095093,0.8526526689529419
YJL144W,YOL058W,0,-0.6102055,0.10326315462589264,0.9712871313095093,0.8527527451515198
YDR034C-D,YOR194C,0,-0.6102336,0.10325229167938232,0.9712871313095093,0.8528528809547424
YOR054C,YLR350W,0,-0.6104741,0.10324142128229141,0.9712871313095093,0.8529529571533203
YDR261C-C,YER058W,0,-0.6105929,0.1032305583357811,0.9712871313095093,0.8530530333518982
YGR059W,YBL089W,0,-0.61122954,0.10321969538927078,0.9712871313095093,0.8531531691551208
YPL157W,YOR010C,0,-0.61192924,0.10320883989334106,0.9712871313095093,0.8532532453536987
YJL189W,YIL066C,0,-0.61208147,0.10319797694683075,0.9712871313095093,0.8533533811569214
YGL183C,YDR252W,0,-0.6123662,0.10318712890148163,0.9712871313095093,0.8534534573554993
YOR362C,YDR523C,0,-0.61308,0.10317627340555191,0.9712871313095093,0.8535535335540771
YGR175C,YEL015W,0,-0.6132264,0.10316542536020279,0.9712871313095093,0.8536536693572998
YGL148W,YGL055W,0,-0.6133508,0.10315457731485367,0.9712871313095093,0.8537537455558777
YOR100C,YDR003W,0,-0.61345774,0.10314372926950455,0.9712871313095093,0.8538538813591003
YOR298C-A,YLL028W,0,-0.613669,0.10313288122415543,0.9712871313095093,0.8539539575576782
YPL200W,YMR168C,0,-0.6137044,0.1031220406293869,0.9712871313095093,0.8540540337562561
YDR405W,YNL002C,0,-0.6141039,0.10311120748519897,0.9712871313095093,0.8541541695594788
YMR203W,YLL008W,0,-0.61413896,0.10310036689043045,0.9712871313095093,0.8542542457580566
YHR082C,YDR210W-A,0,-0.6144145,0.10308953374624252,0.9712871313095093,0.8543543815612793
YPL230W,YER137C-A,0,-0.614421,0.1030787006020546,0.9712871313095093,0.8544544577598572
YOR084W,YLR286C,0,-0.61446023,0.10306787490844727,0.9712871313095093,0.8545545339584351
YGR157W,YHL024W,0,-0.61451733,0.10305704176425934,0.9712871313095093,0.8546546697616577
YBR129C,YNL046W,0,-0.6146971,0.10304621607065201,0.9712871313095093,0.8547547459602356
YLR157C-B,YGL106W,0,-0.6157525,0.10303539782762527,0.9712871313095093,0.8548548817634583
YNR002C,YLL028W,0,-0.6158406,0.10302457213401794,0.9712871313095093,0.8549549579620361
YDR454C,YOR153W,0,-0.6159568,0.10301375389099121,0.9712871313095093,0.855055034160614
YKL096W,YDR473C,0,-0.61617404,0.10300294309854507,0.9712871313095093,0.8551551699638367
YGR109W-B,YJL046W,0,-0.61638397,0.10299212485551834,0.9712871313095093,0.8552552461624146
YLR176C,YNL139C,0,-0.6166199,0.1029813140630722,0.9712871313095093,0.8553553819656372
YDR123C,YGR256W,0,-0.6169167,0.10297050327062607,0.9712871313095093,0.8554554581642151
YML007W,YPL257W-A,0,-0.6176309,0.10295969992876053,0.9712871313095093,0.855555534362793
YCR075C,YLL052C,0,-0.6176438,0.10294888913631439,0.9712871313095093,0.8556556701660156
YCR030C,YBR196C,0,-0.61770886,0.10293809324502945,0.9712871313095093,0.8557557463645935
YBR019C,YMR168C,0,-0.61781865,0.10292728990316391,0.9712871313095093,0.8558558821678162
YMR246W,YDR134C,0,-0.61785907,0.10291649401187897,0.9712871313095093,0.855955958366394
YFL010W-A,YEL030W,0,-0.61792785,0.10290569812059402,0.9712871313095093,0.8560560345649719
YNL289W,YDL140C,0,-0.6181477,0.10289490222930908,0.9712871313095093,0.8561561703681946
YER169W,YJL062W-A,0,-0.6182545,0.10288411378860474,0.9712871313095093,0.8562562465667725
YDR155C,YJL081C,0,-0.61836857,0.10287332534790039,0.9712871313095093,0.8563563823699951
YOR340C,YDR298C,0,-0.6186218,0.10286253690719604,0.9712871313095093,0.856456458568573
YCL030C,YOL155C,0,-0.6188011,0.1028517484664917,0.9712871313095093,0.8565565347671509
YML125C,YHR070W,0,-0.61911577,0.10284096747636795,0.9712871313095093,0.8566566705703735
YLR187W,YPR158C-D,0,-0.61949986,0.1028301864862442,0.9712871313095093,0.8567567467689514
YKL165C,YLR359W,0,-0.62100714,0.10281941294670105,0.9712871313095093,0.8568568825721741
YCL075W,YNR013C,0,-0.62132275,0.1028086319565773,0.9712871313095093,0.856956958770752
YDR210C-C,YDR453C,0,-0.62145066,0.10279786586761475,0.9712871313095093,0.8570570349693298
YHR136C,YNR036C,0,-0.62157184,0.1027870923280716,0.9712871313095093,0.8571571707725525
YJL219W,YOR377W,0,-0.62175024,0.10277632623910904,0.9712871313095093,0.8572572469711304
YGL207W,YKL193C,0,-0.6218259,0.10276555269956589,0.9712871313095093,0.857357382774353
YOR230W,YKL065C,0,-0.6220419,0.10275479406118393,0.9712871313095093,0.8574574589729309
YER159C-A,YDR519W,0,-0.6223511,0.10274402797222137,0.9712871313095093,0.8575575351715088
YIR005W,YML058W-A,0,-0.6225651,0.10273326933383942,0.9712871313095093,0.8576576709747314
YOR348C,YDL101C,0,-0.6238221,0.10272251069545746,0.9712871313095093,0.8577577471733093
YPL154C,YDR313C,0,-0.6242344,0.1027117595076561,0.9712871313095093,0.857857882976532
YER026C,YOR378W,0,-0.62451214,0.10270100831985474,0.9712871313095093,0.8579579591751099
YGR143W,YEL041W,0,-0.62519926,0.10269025713205338,0.9712871313095093,0.8580580353736877
YIL041W,YNL135C,0,-0.62553513,0.10267950594425201,0.9712871313095093,0.8581581711769104
YFL053W,YBR018C,0,-0.6259931,0.10266876220703125,0.9712871313095093,0.8582582473754883
YER086W,YNL220W,0,-0.62707543,0.10265801846981049,0.9712871313095093,0.8583583831787109
YPL190C,YKL100C,0,-0.6272009,0.10264727473258972,0.9712871313095093,0.8584584593772888
YDL214C,YDR210W-B,0,-0.6272061,0.10263653844594955,0.9712871313095093,0.8585585355758667
YOL033W,YMR135C,0,-0.62839943,0.10262579470872879,0.9712871313095093,0.8586586713790894
YGR279C,YIL145C,0,-0.6285916,0.10261506587266922,0.9712871313095093,0.8587587475776672
YHR116W,YBL112C,0,-0.62891084,0.10260432958602905,0.9712871313095093,0.8588588833808899
YPR036W,YNL213C,0,-0.6293609,0.10259360074996948,0.9712871313095093,0.8589589595794678
YKL117W,YNL163C,0,-0.62947196,0.10258287191390991,0.9712871313095093,0.8590590357780457
YER094C,YLR399C,0,-0.62951523,0.10257214307785034,0.9712871313095093,0.8591591715812683
YOR116C,YGL259W,0,-0.62969327,0.10256142169237137,0.9712871313095093,0.8592592477798462
YDL207W,YPR137C-B,0,-0.62995994,0.1025507003068924,0.9712871313095093,0.8593593835830688
YBR155W,YPL240C,0,-0.6300605,0.10253997892141342,0.9712871313095093,0.8594594597816467
YHR200W,YBL050W,0,-0.6301113,0.10252926498651505,0.9712871313095093,0.8595595359802246
YGR284C,YHL016C,0,-0.6301856,0.10251855105161667,0.9712871313095093,0.8596596717834473
YPL031C,YOR167C,0,-0.63031834,0.10250783711671829,0.9712871313095093,0.8597597479820251
YIL044C,YHR079C-A,0,-0.630598,0.10249712318181992,0.9712871313095093,0.8598598837852478
YMR100W,YKL107W,0,-0.6307799,0.10248641669750214,0.9712871313095093,0.8599599599838257
YGR268C,YBR136W,0,-0.63109565,0.10247571021318436,0.9712871313095093,0.8600600361824036
YMR319C,YJL160C,0,-0.63188255,0.10246501117944717,0.9712871313095093,0.8601601719856262
YGR135W,YDL075W,0,-0.6325577,0.1024543046951294,0.9712871313095093,0.8602602481842041
YJR075W,YHL013C,0,-0.63293546,0.10244360566139221,0.9712871313095093,0.8603603839874268
YML014W,YGL055W,0,-0.6330621,0.10243291407823563,0.9712871313095093,0.8604604601860046
YPL259C,YDR432W,0,-0.63348854,0.10242221504449844,0.9712871313095093,0.8605605363845825
YBL005W-A,YOR344C,0,-0.633494,0.10241152346134186,0.9712871313095093,0.8606606721878052
YDL227C,YMR142C,0,-0.6335742,0.10240083187818527,0.9712871313095093,0.8607607483863831
YDR210W-B,YOR074C,0,-0.6337425,0.10239014774560928,0.9712871313095093,0.8608608841896057
YMR121C,YKR025W,0,-0.63383335,0.1023794636130333,0.9712871313095093,0.8609609603881836
YJR016C,YPR018W,0,-0.6344865,0.1023687794804573,0.9712871313095093,0.8610610365867615
YLR157C-B,YKL195W,0,-0.6346381,0.10235809534788132,0.9712871313095093,0.8611611723899841
YDR044W,YPL148C,0,-0.6347594,0.10234741866588593,0.9712871313095093,0.861261248588562
YBR203W,YBR026C,0,-0.63498795,0.10233674198389053,0.9712871313095093,0.8613613843917847
YOR192C-B,YOR008C,0,-0.635047,0.10232606530189514,0.9712871313095093,0.8614614605903625
YLR276C,YNR067C,0,-0.63587457,0.10231539607048035,0.9712871313095093,0.8615615367889404
YBL084C,YHL012W,0,-0.63595223,0.10230472683906555,0.9712871313095093,0.8616616725921631
YAR015W,YNR021W,0,-0.63602346,0.10229405760765076,0.9712871313095093,0.861761748790741
YJL125C,YGR183C,0,-0.6362533,0.10228338837623596,0.9712871313095093,0.8618618845939636
YPR035W,YML081C-A,0,-0.6362546,0.10227272659540176,0.9712871313095093,0.8619619607925415
YJR057W,YMR116C,0,-0.63669175,0.10226206481456757,0.9712871313095093,0.8620620369911194
YMR301C,YDL179W,0,-0.63713896,0.10225141048431396,0.9712871313095093,0.862162172794342
YOL107W,YPL095C,0,-0.6377223,0.10224074870347977,0.9712871313095093,0.8622622489929199
YDR032C,YDR033W,0,-0.63780546,0.10223009437322617,0.9712871313095093,0.8623623847961426
YNL091W,YML028W,0,-0.6379145,0.10221944004297256,0.9712871313095093,0.8624624609947205
YLR410W-A,YOR130C,0,-0.63825643,0.10220879316329956,0.9712871313095093,0.8625625371932983
YPL111W,YOR192C-B,0,-0.63864976,0.10219814628362656,0.9712871313095093,0.862662672996521
YDR288W,YCR098C,0,-0.63883376,0.10218749940395355,0.9712871313095093,0.8627627491950989
YGR109W-B,YBR152W,0,-0.6388503,0.10217685997486115,0.9712871313095093,0.8628628849983215
YNL298W,YKL163W,0,-0.63896817,0.10216621309518814,0.9712871313095093,0.8629629611968994
YPR047W,YDR034C-D,0,-0.63926303,0.10215557366609573,0.9712871313095093,0.8630630373954773
YOL070C,YGR161C-C,0,-0.6392746,0.10214494168758392,0.9712871313095093,0.8631631731987
YLL062C,YMR290C,0,-0.63950807,0.10213430225849152,0.9712871313095093,0.8632632493972778
YDR479C,YKL201C,0,-0.6395421,0.1021236702799797,0.9712871313095093,0.8633633852005005
YPR066W,YFL041W,0,-0.6399527,0.10211304575204849,0.9712871313095093,0.8634634613990784
YJL143W,YML131W,0,-0.6400083,0.10210241377353668,0.9712871313095093,0.8635635375976562
YDR225W,YNL027W,0,-0.6401563,0.10209178924560547,0.9712871313095093,0.8636636734008789
YPR112C,YLR450W,0,-0.64021873,0.10208116471767426,0.9712871313095093,0.8637637495994568
YGR104C,YLR227W-B,0,-0.640893,0.10207054764032364,0.9712871313095093,0.8638638854026794
YIR007W,YGR288W,0,-0.64094234,0.10205992311239243,0.9712871313095093,0.8639639616012573
YOL104C,YGR249W,0,-0.64110214,0.10204930603504181,0.9712871313095093,0.8640640377998352
YGR014W,YCR004C,0,-0.6412612,0.10203869640827179,0.9712871313095093,0.8641641736030579
YNL101W,YMR106C,0,-0.64151114,0.10202807933092117,0.9712871313095093,0.8642642498016357
YNL264C,YIL072W,0,-0.6416068,0.10201746970415115,0.9712871313095093,0.8643643856048584
YEL038W,YBR061C,0,-0.6416272,0.10200686007738113,0.9712871313095093,0.8644644618034363
YDR279W,YER025W,0,-0.6416296,0.10199625790119171,0.9712871313095093,0.8645645380020142
YGR092W,YDR461W,0,-0.6419066,0.10198565572500229,0.9712871313095093,0.8646646738052368
YOR231W,YDR210W-A,0,-0.64209205,0.10197505354881287,0.9712871313095093,0.8647647500038147
YGR144W,YJR029W,0,-0.64226145,0.10196445137262344,0.9712871313095093,0.8648648858070374
YLL051C,YPL214C,0,-0.64229184,0.10195385664701462,0.9712871313095093,0.8649649620056152
YAL053W,YCL040W,0,-0.6424019,0.10194326192140579,0.9712871313095093,0.8650650382041931
YLR192C,YDR261W-A,0,-0.6429923,0.10193266719579697,0.9712871313095093,0.8651651740074158
YHR196W,YGL032C,0,-0.64314026,0.10192207992076874,0.9712871313095093,0.8652652502059937
YDL064W,YGL222C,0,-0.64349383,0.10191149264574051,0.9712871313095093,0.8653653860092163
YCR047C,YKR042W,0,-0.6435569,0.10190090537071228,0.9712871313095093,0.8654654622077942
YNL331C,YDR031W,0,-0.644026,0.10189031809568405,0.9712871313095093,0.8655655384063721
YIL070C,YER114C,0,-0.6442565,0.10187973827123642,0.9712871313095093,0.8656656742095947
YOL155C,YOR234C,0,-0.64434105,0.10186915844678879,0.9712871313095093,0.8657657504081726
YLL012W,YMR135C,0,-0.6447647,0.10185857862234116,0.9712871313095093,0.8658658862113953
YIL168W,YPL096W,0,-0.6448408,0.10184800624847412,0.9712871313095093,0.8659659624099731
YFL002W-A,YJR091C,0,-0.6455769,0.10183743387460709,0.9712871313095093,0.866066038608551
YOL091W,YGR086C,0,-0.64589185,0.10182686150074005,0.9712871313095093,0.8661661744117737
YPL085W,YLR035C-A,0,-0.64604986,0.10181629657745361,0.9712871313095093,0.8662662506103516
YOL129W,YOL130W,0,-0.6469054,0.10180573165416718,0.9712871313095093,0.8663663864135742
YNL308C,YJR139C,0,-0.64691156,0.10179516673088074,0.9712871313095093,0.8664664626121521
YER068W,YGR249W,0,-0.647428,0.1017846018075943,0.9712871313095093,0.86656653881073
YFR004W,YHR179W,0,-0.64747155,0.10177404433488846,0.9712871313095093,0.8666666746139526
YJL019W,YDR453C,0,-0.6475552,0.10176348686218262,0.9712871313095093,0.8667667508125305
YEL038W,YMR260C,0,-0.6484966,0.10175292938947678,0.9712871313095093,0.8668668866157532
YCR028C-A,YOR095C,0,-0.6485079,0.10174237936735153,0.9712871313095093,0.866966962814331
YLL051C,YLL055W,0,-0.64867854,0.10173182934522629,0.9712871313095093,0.8670670390129089
YER091C,YLR048W,0,-0.6489175,0.10172127932310104,0.9712871313095093,0.8671671748161316
YJL166W,YGL233W,0,-0.6492599,0.1017107293009758,0.9712871313095093,0.8672672510147095
YLR121C,YMR223W,0,-0.6493612,0.10170018672943115,0.9712871313095093,0.8673673868179321
YLR227W-B,YPR159W,0,-0.64999443,0.1016896441578865,0.9712871313095093,0.86746746301651
YBR221C,YOR310C,0,-0.65002996,0.10167910158634186,0.9712871313095093,0.8675675392150879
YAL020C,YOR187W,0,-0.65009326,0.10166856646537781,0.9712871313095093,0.8676676750183105
YPL158C,YNL327W,0,-0.6502091,0.10165803134441376,0.9712871313095093,0.8677677512168884
YOL108C,YIR034C,0,-0.6503337,0.10164749622344971,0.9712871313095093,0.8678678870201111
YPL032C,YBR010W,0,-0.6504121,0.10163696855306625,0.9712871313095093,0.867967963218689
YPL158C,YGR090W,0,-0.65122813,0.1016264408826828,0.9712871313095093,0.8680680394172668
YGR054W,YMR199W,0,-0.65154785,0.10161591321229935,0.9712871313095093,0.8681681752204895
YNL117W,YGR214W,0,-0.6518936,0.1016053855419159,0.9712871313095093,0.8682682514190674
YOL002C,YBR001C,0,-0.6519982,0.10159486532211304,0.9712871313095093,0.86836838722229
YLR425W,YAL031C,0,-0.6520527,0.10158434510231018,0.9712871313095093,0.8684684634208679
YER016W,YOR393W,0,-0.65212816,0.10157382488250732,0.9712871313095093,0.8685685396194458
YLR385C,YLL017W,0,-0.6524374,0.10156331211328506,0.9712871313095093,0.8686686754226685
YJR139C,YHR209W,0,-0.6525268,0.10155279189348221,0.9712871313095093,0.8687687516212463
YBR215W,YOR343W-A,0,-0.6530114,0.10154228657484055,0.9712871313095093,0.868868887424469
YER130C,YDL126C,0,-0.6534747,0.10153177380561829,0.9712871313095093,0.8689689636230469
YKL124W,YDL140C,0,-0.65398806,0.10152126848697662,0.9712871313095093,0.8690690398216248
YKL210W,YCR081W,0,-0.6544204,0.10151076316833496,0.9712871313095093,0.8691691756248474
YMR045C,YDR382W,0,-0.654543,0.1015002578496933,0.9712871313095093,0.8692692518234253
YOR298C-A,YPR002W,0,-0.65506905,0.10148975998163223,0.9712871313095093,0.869369387626648
YDR224C,YCR012W,0,-0.6551637,0.10147926211357117,0.9712871313095093,0.8694694638252258
YDR141C,YML091C,0,-0.65587777,0.1014687642455101,0.9712871313095093,0.8695695400238037
YKR039W,YJR099W,0,-0.65589726,0.10145826637744904,0.9712871313095093,0.8696696758270264
YJL166W,YOR315W,0,-0.65646297,0.10144777595996857,0.9712871313095093,0.8697697520256042
YJR158W,YPR158C-C,0,-0.65651685,0.1014372855424881,0.9712871313095093,0.8698698878288269
YNL301C,YML085C,0,-0.65686905,0.10142680257558823,0.9712871313095093,0.8699699640274048
YDL193W,YJL153C,0,-0.6569287,0.10141631215810776,0.9712871313095093,0.8700700998306274
YML091C,YHR104W,0,-0.65708274,0.10140582919120789,0.9712871313095093,0.8701701760292053
YLR157C-A,YPL011C,0,-0.657419,0.10139534622430801,0.9712871313095093,0.8702702522277832
YJR077C,YGR026W,0,-0.6574407,0.10138487070798874,0.9712871313095093,0.8703703880310059
YBR080C,YOR310C,0,-0.6583831,0.10137439519166946,0.9712871313095093,0.8704704642295837
YGR075C,YCR097W,0,-0.658484,0.10136391967535019,0.9712871313095093,0.8705706000328064
YJL159W,YCL050C,0,-0.6586169,0.10135344415903091,0.9712871313095093,0.8706706762313843
YMR020W,YBR058C-A,0,-0.65892416,0.10134297609329224,0.9712871313095093,0.8707707524299622
YOR321W,YMR260C,0,-0.65898776,0.10133250802755356,0.9712871313095093,0.8708708882331848
YPL220W,YKL049C,0,-0.65943545,0.10132203996181488,0.9712871313095093,0.8709709644317627
YMR301C,YPL218W,0,-0.66003937,0.1013115793466568,0.9712871313095093,0.8710711002349854
YDR001C,YGR231C,0,-0.660116,0.10130111873149872,0.9712871313095093,0.8711711764335632
YPL164C,YPL180W,0,-0.6605502,0.10129065811634064,0.9712871313095093,0.8712712526321411
YIR028W,YDL130W-A,0,-0.66117203,0.10128019750118256,0.9712871313095093,0.8713713884353638
YGL160W,YGR038C-A,0,-0.6612282,0.10126974433660507,0.9712871313095093,0.8714714646339417
YCL008C,YHL024W,0,-0.6617928,0.10125929117202759,0.9712871313095093,0.8715716004371643
YFL002W-B,YPL194W,0,-0.6617972,0.1012488380074501,0.9712871313095093,0.8716716766357422
YPL113C,YER172C,0,-0.6619618,0.10123839229345322,0.9712871313095093,0.8717717528343201
YDR316W-A,YER161C,0,-0.6627121,0.10122794657945633,0.9712871313095093,0.8718718886375427
YER088C,YBL011W,0,-0.6631551,0.10121750086545944,0.9712871313095093,0.8719719648361206
YHL009W-B,YBL030C,0,-0.6631656,0.10120705515146255,0.9712871313095093,0.8720721006393433
YNL227C,YPR158C-D,0,-0.66319555,0.10119661688804626,0.9712871313095093,0.8721721768379211
YOR298C-A,YHR077C,0,-0.6642156,0.10118617862462997,0.9712871313095093,0.872272253036499
YOR338W,YJR103W,0,-0.6644349,0.10117574036121368,0.9712871313095093,0.8723723888397217
YGR041W,YNL052W,0,-0.6644754,0.10116530954837799,0.9712871313095093,0.8724724650382996
YNL069C,YBL034C,0,-0.66490835,0.1011548787355423,0.9712871313095093,0.8725726008415222
YEL026W,YMR216C,1,-0.66498697,0.10124754905700684,0.9722772240638733,0.8725726008415222
YDR261C-D,YNL299W,0,-0.6651314,0.10123711079359055,0.9722772240638733,0.8726726770401001
YNL122C,YMR256C,0,-0.66547424,0.10122667998075485,0.9722772240638733,0.872772753238678
YML034W,YOR142W-B,0,-0.6656198,0.10121624171733856,0.9722772240638733,0.8728728890419006
YML111W,YAL008W,0,-0.66587603,0.10120581090450287,0.9722772240638733,0.8729729652404785
YGR161W-B,YBL023C,0,-0.6661989,0.10119538009166718,0.9722772240638733,0.8730731010437012
YBR152W,YLR323C,1,-0.6667393,0.10128799825906754,0.9732673168182373,0.8730731010437012
YBR196C,YBR010W,0,-0.6667619,0.10127755999565125,0.9732673168182373,0.873173177242279
YDR036C,YFL002W-A,0,-0.66707104,0.10126712918281555,0.9732673168182373,0.8732732534408569
YBR068C,YGL233W,0,-0.6670991,0.10125669836997986,0.9732673168182373,0.8733733892440796
YIL108W,YGR209C,0,-0.6673617,0.10124626755714417,0.9732673168182373,0.8734734654426575
YPR005C,YPL283C,0,-0.6679738,0.10123583674430847,0.9732673168182373,0.8735736012458801
YAR066W,YNL220W,0,-0.66833574,0.10122541338205338,0.9732673168182373,0.873673677444458
YFR036W,YDL070W,0,-0.6686372,0.10121499001979828,0.9732673168182373,0.8737737536430359
YJL116C,YMR052W,0,-0.66874015,0.10120457410812378,0.9732673168182373,0.8738738894462585
YJL166W,YKR105C,0,-0.6688012,0.10119415074586868,0.9732673168182373,0.8739739656448364
YGR109W-B,YKL073W,0,-0.66891104,0.10118373483419418,0.9732673168182373,0.8740741014480591
YFL045C,YJL080C,0,-0.66902244,0.10117331892251968,0.9732673168182373,0.874174177646637
YML022W,YML121W,0,-0.669257,0.10116291046142578,0.9732673168182373,0.8742742538452148
YKL041W,YOR343W-B,0,-0.6696413,0.10115250200033188,0.9732673168182373,0.8743743896484375
YDL133C-A,YNR018W,0,-0.6700109,0.10114209353923798,0.9732673168182373,0.8744744658470154
YIL150C,YIL157C,0,-0.6714793,0.10113168507814407,0.9732673168182373,0.874574601650238
YIR012W,YHR140W,0,-0.6719398,0.10112128406763077,0.9732673168182373,0.8746746778488159
YKL198C,YBL076C,0,-0.6725153,0.10111088305711746,0.9732673168182373,0.8747747540473938
YKL124W,YJR151C,0,-0.6726479,0.10110048204660416,0.9732673168182373,0.8748748898506165
YDR247W,YOR382W,0,-0.6730596,0.10109008848667145,0.9732673168182373,0.8749749660491943
YML124C,YPL016W,0,-0.6733816,0.10107969492673874,0.9732673168182373,0.875075101852417
YGR104C,YHR079C-A,0,-0.6743731,0.10106930136680603,0.9732673168182373,0.8751751780509949
YGL009C,YJL219W,0,-0.6743917,0.10105890780687332,0.9732673168182373,0.8752752542495728
YNL256W,YGR077C,0,-0.6743988,0.10104852169752121,0.9732673168182373,0.8753753900527954
YGR027W-A,YLL022C,0,-0.6746168,0.1010381355881691,0.9732673168182373,0.8754754662513733
YPR065W,YPL134C,0,-0.67469126,0.10102774947881699,0.9732673168182373,0.875575602054596
YDR298C,YGL131C,0,-0.6748336,0.10101737082004547,0.9732673168182373,0.8756756782531738
YER106W,YIL034C,0,-0.67488295,0.10100698471069336,0.9732673168182373,0.8757757544517517
YDL214C,YOR096W,0,-0.6750302,0.10099660605192184,0.9732673168182373,0.8758758902549744
YDL004W,YKL061W,0,-0.67509466,0.10098623484373093,0.9732673168182373,0.8759759664535522
YOR348C,YDR147W,0,-0.6751417,0.10097586363554001,0.9732673168182373,0.8760761022567749
YKL171W,YPL275W,0,-0.67547804,0.10096549242734909,0.9732673168182373,0.8761761784553528
YPL108W,YBR009C,0,-0.67603594,0.10095512121915817,0.9732673168182373,0.8762762546539307
YJR016C,YPR042C,0,-0.67737824,0.10094475001096725,0.9732673168182373,0.8763763904571533
YDR485C,YOR120W,0,-0.6774072,0.10093438625335693,0.9732673168182373,0.8764764666557312
YPL283C,YAL016W,0,-0.6775263,0.10092402249574661,0.9732673168182373,0.8765766024589539
YCR067C,YBL039C,0,-0.6778711,0.10091366618871689,0.9732673168182373,0.8766766786575317
YGR014W,YNL330C,0,-0.6780943,0.10090330243110657,0.9732673168182373,0.8767767548561096
YBR234C,YHL019C,0,-0.67825717,0.10089294612407684,0.9732673168182373,0.8768768906593323
YFR044C,YHR156C,0,-0.67862624,0.10088259726762772,0.9732673168182373,0.8769769668579102
YNL178W,YDL222C,0,-0.6787945,0.10087224096059799,0.9732673168182373,0.8770771026611328
YMR221C,YPL212C,0,-0.6788022,0.10086189210414886,0.9732673168182373,0.8771771788597107
YGL009C,YBL023C,0,-0.6789939,0.10085154324769974,0.9732673168182373,0.8772772550582886
YCL075W,YJR082C,0,-0.6791015,0.10084120184183121,0.9732673168182373,0.8773773908615112
YEL038W,YNL178W,0,-0.6792367,0.10083085298538208,0.9732673168182373,0.8774774670600891
YDL069C,YOR234C,0,-0.67924494,0.10082051157951355,0.9732673168182373,0.8775776028633118
YCR087C-A,YDR494W,0,-0.6792744,0.10081017017364502,0.9732673168182373,0.8776776790618896
YGR108W,YDR432W,0,-0.67945623,0.10079983621835709,0.9732673168182373,0.8777777552604675
YBL021C,YOR332W,0,-0.6796077,0.10078950226306915,0.9732673168182373,0.8778778910636902
YDR322C-A,YIL157C,0,-0.67974716,0.10077916830778122,0.9732673168182373,0.8779779672622681
YPR030W,YPR137C-B,0,-0.6801347,0.10076883435249329,0.9732673168182373,0.8780781030654907
YGR132C,YJL066C,0,-0.6802649,0.10075850784778595,0.9732673168182373,0.8781781792640686
YBR158W,YJR015W,0,-0.6806056,0.10074818134307861,0.9732673168182373,0.8782782554626465
YLR408C,YPL274W,0,-0.6806791,0.10073785483837128,0.9732673168182373,0.8783783912658691
YPR137C-B,YOR036W,0,-0.6808833,0.10072753578424454,0.9732673168182373,0.878478467464447
YPL090C,YKR067W,0,-0.6812027,0.1007172167301178,0.9732673168182373,0.8785786032676697
YOR244W,YFL002W-B,0,-0.6820629,0.10070689767599106,0.9732673168182373,0.8786786794662476
YGR177C,YKL210W,0,-0.6820732,0.10069657862186432,0.9732673168182373,0.8787787556648254
YPL187W,YBR041W,0,-0.6822036,0.10068626701831818,0.9732673168182373,0.8788788914680481
YDR298C,YBL045C,0,-0.68273485,0.10067595541477203,0.9732673168182373,0.878978967666626
YMR152W,YDL229W,0,-0.6828645,0.10066564381122589,0.9732673168182373,0.8790791034698486
YKL164C,YNL082W,0,-0.6830315,0.10065533220767975,0.9732673168182373,0.8791791796684265
YGR154C,YDR338C,0,-0.6830615,0.1006450280547142,0.9732673168182373,0.8792792558670044
YDL138W,YDL126C,0,-0.68310815,0.10063472390174866,0.9732673168182373,0.879379391670227
YPL148C,YNL309W,0,-0.6837222,0.10062442719936371,0.9732673168182373,0.8794794678688049
YFL054C,YOL128C,0,-0.6842082,0.10061412304639816,0.9732673168182373,0.8795796036720276
YFL016C,YGR128C,0,-0.6844678,0.10060382634401321,0.9732673168182373,0.8796796798706055
YOL002C,YNR008W,0,-0.68447423,0.10059352964162827,0.9732673168182373,0.8797797560691833
YPL257W-B,YNL218W,0,-0.68463475,0.10058324038982391,0.9732673168182373,0.879879891872406
YJL002C,YFR015C,0,-0.68480116,0.10057295113801956,0.9732673168182373,0.8799799680709839
YLR038C,YAL020C,0,-0.6851234,0.10056266188621521,0.9732673168182373,0.8800801038742065
YPL132W,YJL187C,0,-0.68513095,0.10055237263441086,0.9732673168182373,0.8801801800727844
YER018C,YOL136C,0,-0.6852296,0.1005420908331871,0.9732673168182373,0.8802802562713623
YMR189W,YJR112W,0,-0.6853255,0.10053180903196335,0.9732673168182373,0.880380392074585
YLR216C,YBR152W,0,-0.68578357,0.1005215272307396,0.9732673168182373,0.8804804682731628
YNL270C,YHL033C,0,-0.68579453,0.10051124542951584,0.9732673168182373,0.8805806040763855
YER146W,YOR159C,1,-0.68623585,0.10060320794582367,0.9742574095726013,0.8805806040763855
YJR066W,YHR007C,0,-0.6865506,0.10059292614459991,0.9742574095726013,0.8806806802749634
YJL143W,YPR016C,0,-0.68662775,0.10058264434337616,0.9742574095726013,0.8807807564735413
YOR315W,YBR253W,0,-0.6867663,0.1005723625421524,0.9742574095726013,0.8808808922767639
YLR203C,YPR094W,1,-0.6867936,0.10066428035497665,0.9752475023269653,0.8808808922767639
YAL043C,YPR158W-A,0,-0.6868017,0.1006539985537529,0.9752475023269653,0.8809809684753418
YKL165C,YBR048W,0,-0.6870349,0.10064370930194855,0.9752475023269653,0.8810811042785645
YDR166C,YOR092W,0,-0.68750656,0.10063342750072479,0.9752475023269653,0.8811811804771423
YER035W,YBR217W,0,-0.68763524,0.10062314569950104,0.9752475023269653,0.8812812566757202
YDL232W,YPL237W,0,-0.68810624,0.10061287134885788,0.9752475023269653,0.8813813924789429
YGR085C,YGR087C,0,-0.68894815,0.10060259699821472,0.9752475023269653,0.8814814686775208
YNL096C,YBR216C,0,-0.6889792,0.10059232264757156,0.9752475023269653,0.8815816044807434
YMR256C,YGL008C,0,-0.6895001,0.1005820482969284,0.9752475023269653,0.8816816806793213
YML073C,YLL043W,0,-0.6897166,0.10057178139686584,0.9752475023269653,0.8817817568778992
YMR250W,YLR372W,0,-0.68992597,0.10056151449680328,0.9752475023269653,0.8818818926811218
YAL013W,YNL003C,0,-0.69006574,0.10055124759674072,0.9752475023269653,0.8819819688796997
YBL074C,YPR137C-B,0,-0.6901559,0.10054098069667816,0.9752475023269653,0.8820821046829224
YJL159W,YOR332W,0,-0.69025975,0.1005307212471962,0.9752475023269653,0.8821821808815002
YOR219C,YFL039C,0,-0.690509,0.10052046179771423,0.9752475023269653,0.8822822570800781
YGL170C,YGR133W,0,-0.690514,0.10051020234823227,0.9752475023269653,0.8823823928833008
YPR156C,YCR027C,0,-0.6908768,0.1004999503493309,0.9752475023269653,0.8824824690818787
YML131W,YFL055W,0,-0.6912944,0.10048969835042953,0.9752475023269653,0.8825826048851013
YOL133W,YPL257W-B,0,-0.6915647,0.10047944635152817,0.9752475023269653,0.8826826810836792
YER042W,YLR285W,0,-0.6915683,0.1004691943526268,0.9752475023269653,0.8827827572822571
YOR283W,YNL134C,0,-0.69159925,0.10045894980430603,0.9752475023269653,0.8828828930854797
YGR109W-B,YPR083W,0,-0.6925407,0.10044870525598526,0.9752475023269653,0.8829829692840576
YOR176W,YDL127W,0,-0.69267863,0.10043846070766449,0.9752475023269653,0.8830831050872803
YLR388W,YDR197W,0,-0.6927212,0.10042822360992432,0.9752475023269653,0.8831831812858582
YML111W,YAL062W,0,-0.69324356,0.10041798651218414,0.9752475023269653,0.883283257484436
YMR058W,YMR163C,0,-0.6933586,0.10040774941444397,0.9752475023269653,0.8833833932876587
YMR239C,YGR287C,0,-0.69344276,0.1003975123167038,0.9752475023269653,0.8834834694862366
YPL092W,YLR203C,0,-0.69361514,0.10038728266954422,0.9752475023269653,0.8835836052894592
YCL004W,YJR121W,0,-0.6943893,0.10037705302238464,0.9752475023269653,0.8836836814880371
YER054C,YHL001W,0,-0.6944619,0.10036682337522507,0.9752475023269653,0.883783757686615
YPR191W,YMR019W,0,-0.6947302,0.10035659372806549,0.9752475023269653,0.8838838934898376
YMR221C,YML022W,0,-0.6949443,0.10034637153148651,0.9752475023269653,0.8839839696884155
YFR018C,YIL126W,0,-0.69523597,0.10033614933490753,0.9752475023269653,0.8840841054916382
YCL011C,YPL218W,0,-0.6959701,0.10032593458890915,0.9752475023269653,0.8841841816902161
YIL133C,YLR371W,0,-0.69607145,0.10031571239233017,0.9752475023269653,0.884284257888794
YER004W,YER050C,0,-0.6960728,0.10030549764633179,0.9752475023269653,0.8843843936920166
YER055C,YOL065C,0,-0.6961922,0.1002952829003334,0.9752475023269653,0.8844844698905945
YML048W,YDL141W,0,-0.6968388,0.10028507560491562,0.9752475023269653,0.8845846056938171
YDL084W,YLR321C,0,-0.69694173,0.10027486830949783,0.9752475023269653,0.884684681892395
YOR075W,YKL086W,0,-0.6971708,0.10026466101408005,0.9752475023269653,0.8847847580909729
YHR174W,YLR133W,0,-0.6974741,0.10025445371866226,0.9752475023269653,0.8848848938941956
YGR123C,YLR405W,0,-0.69750106,0.10024424642324448,0.9752475023269653,0.8849849700927734
YMR312W,YMR189W,0,-0.6978267,0.10023404657840729,0.9752475023269653,0.8850851058959961
YDR196C,YCL040W,0,-0.6980381,0.1002238467335701,0.9752475023269653,0.885185182094574
YMR213W,YGR161W-B,0,-0.69815177,0.10021365433931351,0.9752475023269653,0.8852852582931519
YLL054C,YOR317W,0,-0.6985235,0.10020346194505692,0.9752475023269653,0.8853853940963745
YDR324C,YDL133C-A,0,-0.6987505,0.10019326955080032,0.9752475023269653,0.8854854702949524
YLR356W,YLR080W,0,-0.69974935,0.10018307715654373,0.9752475023269653,0.885585606098175
YMR319C,YNL271C,0,-0.6999244,0.10017288476228714,0.9752475023269653,0.8856856822967529
YGL163C,YOR142W-B,0,-0.7007663,0.10016269981861115,0.9752475023269653,0.8857857584953308
YJR064W,YER159C-A,0,-0.70106465,0.10015251487493515,0.9752475023269653,0.8858858942985535
YGR049W,YDR476C,0,-0.70186466,0.10014233738183975,0.9752475023269653,0.8859859704971313
YOL016C,YFR045W,0,-0.7018904,0.10013215243816376,0.9752475023269653,0.886086106300354
YLR359W,YBR186W,0,-0.7020044,0.10012197494506836,0.9752475023269653,0.8861861824989319
YOR142W-B,YBL023C,0,-0.7022019,0.10011179745197296,0.9752475023269653,0.8862862586975098
YKL126W,YOR070C,0,-0.70255524,0.10010162740945816,0.9752475023269653,0.8863863945007324
YGR287C,YNL037C,0,-0.70284283,0.10009145736694336,0.9752475023269653,0.8864864706993103
YNL064C,YDR146C,0,-0.70304143,0.10008128732442856,0.9752475023269653,0.886586606502533
YOR209C,YCL057C-A,0,-0.7035822,0.10007111728191376,0.9752475023269653,0.8866866827011108
YGL166W,YPR075C,0,-0.7035834,0.10006094723939896,0.9752475023269653,0.8867867588996887
YJL137C,YMR309C,0,-0.7037501,0.10005078464746475,0.9752475023269653,0.8868868947029114
YLR385C,YLR242C,0,-0.7039729,0.10004062205553055,0.9752475023269653,0.8869869709014893
YDR038C,YNL058C,0,-0.7039804,0.10003046691417694,0.9752475023269653,0.8870871067047119
YER045C,YMR165C,0,-0.70404655,0.10002031177282333,0.9752475023269653,0.8871871829032898
YLR410W-A,YLR401C,0,-0.7043281,0.10001015663146973,0.9752475023269653,0.8872872591018677
YPR134W,YNR032C-A,1,-0.70471287,0.1001015231013298,0.9762375950813293,0.8872872591018677
YBR234C,YBR199W,0,-0.70480865,0.1000913605093956,0.9762375950813293,0.8873873949050903
YJL221C,YHR196W,0,-0.70546216,0.10008120536804199,0.9762375950813293,0.8874874711036682
YGL148W,YLR158C,0,-0.70552224,0.10007104277610779,0.9762375950813293,0.8875876069068909
YDR408C,YLR035C-A,0,-0.7060293,0.10006088763475418,0.9762375950813293,0.8876876831054688
YBR104W,YOR116C,0,-0.7064801,0.10005073249340057,0.9762375950813293,0.8877877593040466
YDR027C,YIL124W,0,-0.70751375,0.10004058480262756,0.9762375950813293,0.8878878951072693
YPL124W,YGL162W,0,-0.70754963,0.10003043711185455,0.9762375950813293,0.8879879713058472
YLR038C,YMR123W,0,-0.7078844,0.10002028942108154,0.9762375950813293,0.8880881071090698
YPL274W,YHR152W,0,-0.7083786,0.10001014173030853,0.9762375950813293,0.8881881833076477
YDR073W,YIL034C,0,-0.71086603,0.10000000149011612,0.9762375950813293,0.8882882595062256
YMR315W,YMR119W,0,-0.7108844,0.0999898612499237,0.9762375950813293,0.8883883953094482
YPR119W,YPL237W,0,-0.710965,0.09997972100973129,0.9762375950813293,0.8884884715080261
YKL049C,YHR007C,0,-0.71128315,0.09996958076953888,0.9762375950813293,0.8885886073112488
YPL053C,YGR264C,0,-0.7116927,0.09995944797992706,0.9762375950813293,0.8886886835098267
YMR291W,YPL045W,0,-0.7117304,0.09994931519031525,0.9762375950813293,0.8887887597084045
YDL114W,YBR082C,0,-0.7121849,0.09993918240070343,0.9762375950813293,0.8888888955116272
YDR492W,YEL004W,0,-0.7135926,0.09992905706167221,0.9762375950813293,0.8889889717102051
YDL133C-A,YMR241W,0,-0.7136284,0.09991893172264099,0.9762375950813293,0.8890891075134277
YDR512C,YMR182C,0,-0.71369255,0.09990880638360977,0.9762375950813293,0.8891891837120056
YDR487C,YDL129W,0,-0.71369904,0.09989868104457855,0.9762375950813293,0.8892892599105835
YML087C,YML124C,0,-0.71376795,0.09988856315612793,0.9762375950813293,0.8893893957138062
YOR054C,YJL225C,0,-0.7138663,0.09987844526767731,0.9762375950813293,0.889489471912384
YER088C,YGL035C,0,-0.7141488,0.09986832737922668,0.9762375950813293,0.8895896077156067
YIR034C,YKR102W,0,-0.7151045,0.09985821694135666,0.9762375950813293,0.8896896839141846
YOR142W,YBR126C,0,-0.71581435,0.09984809905290604,0.9762375950813293,0.8897897601127625
YKL175W,YKL163W,0,-0.715901,0.09983798861503601,0.9762375950813293,0.8898898959159851
YLR005W,YDL075W,0,-0.716173,0.09982788562774658,0.9762375950813293,0.889989972114563
YDR126W,YJL056C,0,-0.7161913,0.09981777518987656,0.9762375950813293,0.8900901079177856
YLR209C,YOL086C,0,-0.7164229,0.09980767220258713,0.9762375950813293,0.8901901841163635
YHR021C,YER053C,0,-0.7164507,0.0997975692152977,0.9762375950813293,0.8902903199195862
YML027W,YOR120W,0,-0.7167418,0.09978747367858887,0.9762375950813293,0.8903903961181641
YML115C,YOR182C,0,-0.7167992,0.09977737069129944,0.9762375950813293,0.8904904723167419
YPR102C,YPR171W,0,-0.7170332,0.0997672751545906,0.9762375950813293,0.8905906081199646
YLR264W,YFL036W,0,-0.7172168,0.09975717961788177,0.9762375950813293,0.8906906843185425
YBR223C,YGL012W,0,-0.7175147,0.09974709153175354,0.9762375950813293,0.8907908201217651
YKL086W,YDR018C,0,-0.7181361,0.0997370034456253,0.9762375950813293,0.890890896320343
YHR215W,YPL111W,0,-0.7181937,0.09972691535949707,0.9762375950813293,0.8909909725189209
YMR221C,YDL079C,0,-0.7183027,0.09971682727336884,0.9762375950813293,0.8910911083221436
YOR190W,YIR005W,0,-0.7185851,0.0997067466378212,0.9762375950813293,0.8911911845207214
YLL061W,YPR194C,0,-0.7188117,0.09969666600227356,0.9762375950813293,0.8912913203239441
YOR025W,YDL101C,0,-0.7188689,0.09968658536672592,0.9762375950813293,0.891391396522522
YOR028C,YBL050W,0,-0.71930057,0.09967650473117828,0.9762375950813293,0.8914914727210999
YGR214W,YJR051W,0,-0.7193554,0.09966643154621124,0.9762375950813293,0.8915916085243225
YJR028W,YMR307W,0,-0.71969837,0.0996563583612442,0.9762375950813293,0.8916916847229004
YBL003C,YKR104W,0,-0.7198525,0.09964628517627716,0.9762375950813293,0.891791820526123
YOR142W-B,YHR104W,0,-0.71986073,0.09963621944189072,0.9762375950813293,0.8918918967247009
YHL022C,YDR011W,0,-0.72041416,0.09962614625692368,0.9762375950813293,0.8919919729232788
YNL116W,YBL016W,0,-0.72137123,0.09961608052253723,0.9762375950813293,0.8920921087265015
YDR214W,YOR234C,0,-0.7218585,0.09960602223873138,0.9762375950813293,0.8921921849250793
YKR054C,YNL030W,0,-0.7230908,0.09959595650434494,0.9762375950813293,0.892292320728302
YCL033C,YJL122W,0,-0.723342,0.09958589822053909,0.9762375950813293,0.8923923969268799
YGR006W,YMR106C,0,-0.7236298,0.09957583993673325,0.9762375950813293,0.8924924731254578
YIR037W,YKL189W,0,-0.7237181,0.099565789103508,0.9762375950813293,0.8925926089286804
YGR275W,YDR297W,0,-0.72468084,0.09955573827028275,0.9762375950813293,0.8926926851272583
YJR110W,YMR186W,0,-0.7248135,0.0995456874370575,0.9762375950813293,0.892792820930481
YNL079C,YBL054W,0,-0.72509235,0.09953563660383224,0.9762375950813293,0.8928928971290588
YDR214W,YKR104W,0,-0.7254084,0.099525585770607,0.9762375950813293,0.8929929733276367
YCL026C-A,YPR019W,0,-0.72574925,0.09951554238796234,0.9762375950813293,0.8930931091308594
YOR219C,YPL111W,0,-0.7271469,0.09950549900531769,0.9762375950813293,0.8931931853294373
YCR052W,YDL174C,0,-0.72729695,0.09949545562267303,0.9762375950813293,0.8932933211326599
YCR053W,YKL112W,0,-0.7279859,0.09948541969060898,0.9762375950813293,0.8933933973312378
YDR219C,YNL339C,0,-0.72843,0.09947538375854492,0.9762375950813293,0.8934934735298157
YER069W,YDR046C,0,-0.7285369,0.09946534782648087,0.9762375950813293,0.8935936093330383
YLR425W,YHL022C,0,-0.72876334,0.0994553193449974,0.9762375950813293,0.8936936855316162
YOR348C,YJL171C,0,-0.72938806,0.09944528341293335,0.9762375950813293,0.8937938213348389
YNL259C,YLL013C,0,-0.7295081,0.09943525493144989,0.9762375950813293,0.8938938975334167
YGR158C,YML048W,0,-0.73007053,0.09942522644996643,0.9762375950813293,0.8939939737319946
YJL159W,YPR023C,0,-0.73026913,0.09941520541906357,0.9762375950813293,0.8940941095352173
YDR261W-B,YDR310C,0,-0.7307314,0.0994051843881607,0.9762375950813293,0.8941941857337952
YOR375C,YLR051C,0,-0.7308838,0.09939516335725784,0.9762375950813293,0.8942943215370178
YGR041W,YHR026W,0,-0.7315458,0.09938514232635498,0.9762375950813293,0.8943943977355957
YOR096W,YGR026W,0,-0.7316205,0.09937512874603271,0.9762375950813293,0.8944944739341736
YDL197C,YNR044W,0,-0.7323448,0.09936510771512985,0.9762375950813293,0.8945946097373962
YOR391C,YDR285W,0,-0.73258466,0.09935510158538818,0.9762375950813293,0.8946946859359741
YBR105C,YMR210W,0,-0.7326142,0.09934508800506592,0.9762375950813293,0.8947948217391968
YGR241C,YPL249C-A,0,-0.73416287,0.09933508187532425,0.9762375950813293,0.8948948979377747
YDR291W,YLR256W-A,0,-0.7351187,0.09932507574558258,0.9762375950813293,0.8949949741363525
YNR011C,YOR393W,0,-0.7353187,0.09931506961584091,0.9762375950813293,0.8950951099395752
YML123C,YGL047W,0,-0.735367,0.09930506348609924,0.9762375950813293,0.8951951861381531
YOR020C,YML125C,0,-0.73540163,0.09929506480693817,0.9762375950813293,0.8952953219413757
YGL130W,YGL008C,0,-0.7372927,0.0992850661277771,0.9762375950813293,0.8953953981399536
YKL086W,YPL212C,0,-0.7373166,0.09927506744861603,0.9762375950813293,0.8954954743385315
YPR005C,YGL187C,0,-0.7383339,0.09926507622003555,0.9762375950813293,0.8955956101417542
YOR343W-B,YPL270W,0,-0.73934513,0.09925508499145508,0.9762375950813293,0.895695686340332
YHR034C,YMR297W,0,-0.7398774,0.0992450937628746,0.9762375950813293,0.8957958221435547
YJL106W,YLL039C,0,-0.74065006,0.09923510253429413,0.9762375950813293,0.8958958983421326
YPL228W,YNL209W,0,-0.7407691,0.09922511875629425,0.9762375950813293,0.8959959745407104
YLR064W,YDL239C,0,-0.7407851,0.09921513497829437,0.9762375950813293,0.8960961103439331
YBL057C,YNL219C,0,-0.7409306,0.0992051512002945,0.9762375950813293,0.896196186542511
YNR057C,YDL133C-A,0,-0.74114424,0.09919516742229462,0.9762375950813293,0.8962963223457336
YML110C,YBL078C,0,-0.74272305,0.09918519109487534,0.9762375950813293,0.8963963985443115
YGL020C,YPL031C,0,-0.743329,0.09917521476745605,0.9762375950813293,0.8964964747428894
YHL009W-A,YGL010W,0,-0.7435333,0.09916523844003677,0.9762375950813293,0.8965966105461121
YNL186W,YMR203W,0,-0.7436724,0.09915526956319809,0.9762375950813293,0.8966966867446899
YOR064C,YAL038W,0,-0.74421465,0.0991453006863594,0.9762375950813293,0.8967968225479126
YMR134W,YGL183C,0,-0.7442494,0.09913533180952072,0.9762375950813293,0.8968968987464905
YOR098C,YDR046C,0,-0.74468523,0.09912536293268204,0.9762375950813293,0.8969969749450684
YLR048W,YBL075C,0,-0.7447482,0.09911540150642395,0.9762375950813293,0.897097110748291
YOR327C,YDR481C,0,-0.7452449,0.09910544008016586,0.9762375950813293,0.8971971869468689
YMR011W,YMR311C,0,-0.7457761,0.09909547865390778,0.9762375950813293,0.8972973227500916
YOR037W,YOR128C,0,-0.74653596,0.09908551722764969,0.9762375950813293,0.8973973989486694
YCR087C-A,YMR089C,0,-0.7471277,0.0990755632519722,0.9762375950813293,0.8974974751472473
YER011W,YDR478W,0,-0.7474329,0.09906560927629471,0.9762375950813293,0.89759761095047
YMR246W,YJL014W,0,-0.7481121,0.09905565530061722,0.9762375950813293,0.8976976871490479
YLR382C,YPL213W,1,-0.7485885,0.09914615750312805,0.9772277474403381,0.8976976871490479
YLR119W,YCR004C,0,-0.74863,0.09913619607686996,0.9772277474403381,0.8977978229522705
YML124C,YNL242W,0,-0.7493392,0.09912624210119247,0.9772277474403381,0.8978978991508484
YML022W,YDL047W,0,-0.74938744,0.09911628812551498,0.9772277474403381,0.8979979753494263
YCR068W,YMR019W,0,-0.7502563,0.0991063341498375,0.9772277474403381,0.8980981111526489
YPR101W,YML058W-A,0,-0.7504171,0.0990963876247406,0.9772277474403381,0.8981981873512268
YOL141W,YER185W,0,-0.7504686,0.09908643364906311,0.9772277474403381,0.8982983231544495
YDL171C,YAL016W,0,-0.75079376,0.09907648712396622,0.9772277474403381,0.8983983993530273
YIL080W,YDR003W,0,-0.75090164,0.09906654804944992,0.9772277474403381,0.8984984755516052
YOR215C,YLR378C,0,-0.75194556,0.09905660152435303,0.9772277474403381,0.8985986113548279
YOR176W,YHR136C,0,-0.7523592,0.09904666244983673,0.9772277474403381,0.8986986875534058
YDR368W,YPR132W,0,-0.75286025,0.09903672337532043,0.9772277474403381,0.8987988233566284
YDL010W,YBR280C,0,-0.7532491,0.09902679175138474,0.9772277474403381,0.8988988995552063
YOL133W,YPL106C,0,-0.75438684,0.09901685267686844,0.9772277474403381,0.8989989757537842
YDR155C,YHR143W,0,-0.75484,0.09900692105293274,0.9772277474403381,0.8990991115570068
YKL221W,YGL060W,0,-0.75509244,0.09899698942899704,0.9772277474403381,0.8991991877555847
YPL281C,YGL054C,0,-0.7552237,0.09898706525564194,0.9772277474403381,0.8992993235588074
YPL059W,YHR099W,0,-0.7554368,0.09897713363170624,0.9772277474403381,0.8993993997573853
YPL092W,YDR058C,0,-0.7559498,0.09896720945835114,0.9772277474403381,0.8994994759559631
YPL111W,YER025W,0,-0.7560206,0.09895728528499603,0.9772277474403381,0.8995996117591858
YMR188C,YGR161C-C,0,-0.75615054,0.09894736856222153,0.9772277474403381,0.8996996879577637
YKL164C,YDL195W,0,-0.75620484,0.09893745183944702,0.9772277474403381,0.8997998237609863
YJL151C,YEL034W,0,-0.7567317,0.09892753511667252,0.9772277474403381,0.8998998999595642
YDR018C,YOR310C,0,-0.7568556,0.09891761839389801,0.9772277474403381,0.8999999761581421
YBR135W,YDR261W-A,0,-0.7569622,0.0989077091217041,0.9772277474403381,0.9001001119613647
YLR319C,YNL096C,0,-0.75697035,0.0988977923989296,0.9772277474403381,0.9002001881599426
YOL130W,YPR132W,0,-0.7570814,0.09888789057731628,0.9772277474403381,0.9003003239631653
YLR138W,YGR008C,0,-0.75726783,0.09887798130512238,0.9772277474403381,0.9004004001617432
YNL085W,YCR098C,0,-0.75730497,0.09886807203292847,0.9772277474403381,0.900500476360321
YOR393W,YBR128C,0,-0.75780743,0.09885817021131516,0.9772277474403381,0.9006006121635437
YPL230W,YDL156W,0,-0.7578857,0.09884827584028244,0.9772277474403381,0.9007006883621216
YLR325C,YGR101W,0,-0.7579707,0.09883837401866913,0.9772277474403381,0.9008008241653442
YMR173W,YBR217W,0,-0.7580356,0.09882847964763641,0.9772277474403381,0.9009009003639221
YFL048C,YDL014W,0,-0.7580779,0.0988185852766037,0.9772277474403381,0.9010009765625
YLR410W-A,YMR016C,0,-0.7580823,0.09880869090557098,0.9772277474403381,0.9011011123657227
YJR077C,YIL079C,0,-0.7602693,0.09879879653453827,0.9772277474403381,0.9012011885643005
YCR028C,YOL120C,0,-0.7604942,0.09878890961408615,0.9772277474403381,0.9013013243675232
YHR184W,YOR192C-B,0,-0.76155925,0.09877902269363403,0.9772277474403381,0.9014014005661011
YER124C,YDR519W,0,-0.7617396,0.09876913577318192,0.9772277474403381,0.901501476764679
YJL192C,YDR037W,0,-0.76212835,0.0987592563033104,0.9772277474403381,0.9016016125679016
YGR276C,YBR009C,0,-0.7627085,0.09874937683343887,0.9772277474403381,0.9017016887664795
YNL315C,YNL185C,0,-0.76311696,0.09873949736356735,0.9772277474403381,0.9018018245697021
YLR105C,YDR432W,1,-0.7632618,0.09882964938879013,0.9782178401947021,0.9018018245697021
YMR058W,YBR084C-A,0,-0.7633901,0.09881976246833801,0.9782178401947021,0.90190190076828
YLR372W,YDL213C,0,-0.7634527,0.09880988299846649,0.9782178401947021,0.9020019769668579
YNL122C,YDL133C-A,0,-0.7635736,0.09880000352859497,0.9782178401947021,0.9021021127700806
YBR195C,YLR372W,0,-0.76373124,0.09879012405872345,0.9782178401947021,0.9022021889686584
YDR465C,YGL051W,0,-0.7641068,0.09878024458885193,0.9782178401947021,0.9023023247718811
YAL029C,YDL147W,0,-0.7641842,0.098770372569561,0.9782178401947021,0.902402400970459
YLR126C,YAL023C,0,-0.76452845,0.09876049309968948,0.9782178401947021,0.9025024771690369
YDR177W,YJL191W,0,-0.76483864,0.09875062108039856,0.9782178401947021,0.9026026129722595
YMR201C,YDR358W,0,-0.7648744,0.09874075651168823,0.9782178401947021,0.9027026891708374
YPR016C,YPR033C,0,-0.7649348,0.0987308919429779,0.9782178401947021,0.9028028249740601
YJR135W-A,YLR141W,0,-0.7651607,0.09872101992368698,0.9782178401947021,0.9029029011726379
YNL115C,YDL014W,0,-0.76529586,0.09871116280555725,0.9782178401947021,0.9030029773712158
YML048W,YMR199W,0,-0.76557404,0.09870129823684692,0.9782178401947021,0.9031031131744385
YPR108W,YJL028W,0,-0.76607573,0.0986914411187172,0.9782178401947021,0.9032031893730164
YPL083C,YKL035W,0,-0.76643544,0.09868158400058746,0.9782178401947021,0.903303325176239
YLR035C-A,YMR193W,0,-0.7666529,0.09867172688245773,0.9782178401947021,0.9034034013748169
YOR388C,YCR024C-A,0,-0.7667791,0.098661869764328,0.9782178401947021,0.9035034775733948
YJL042W,YER002W,0,-0.76683927,0.09865202009677887,0.9782178401947021,0.9036036133766174
YPR138C,YPR171W,0,-0.7669434,0.09864217042922974,0.9782178401947021,0.9037036895751953
YER014C-A,YOL008W,0,-0.7671036,0.0986323282122612,0.9782178401947021,0.903803825378418
YNL208W,YBR096W,0,-0.76755726,0.09862247854471207,0.9782178401947021,0.9039039015769958
YFL045C,YKL064W,0,-0.7681441,0.09861263632774353,0.9782178401947021,0.9040039777755737
YOR369C,YDL047W,0,-0.7684454,0.098602794110775,0.9782178401947021,0.9041041135787964
YJR104C,YDR013W,0,-0.76867145,0.09859295189380646,0.9782178401947021,0.9042041897773743
YLR174W,YDR170W-A,0,-0.76934165,0.09858311712741852,0.9782178401947021,0.9043043255805969
YBR265W,YJL050W,0,-0.7696237,0.09857328236103058,0.9782178401947021,0.9044044017791748
YNL327W,YPL212C,0,-0.76969856,0.09856344759464264,0.9782178401947021,0.9045044779777527
YBL050W,YDR363W-A,0,-0.7700594,0.0985536128282547,0.9782178401947021,0.9046046137809753
YLR103C,YGR038C-A,0,-0.770065,0.09854378551244736,0.9782178401947021,0.9047046899795532
YHR216W,YPL011C,0,-0.77036554,0.09853395819664001,0.9782178401947021,0.9048048257827759
YNL101W,YER153C,0,-0.7712026,0.09852413088083267,0.9782178401947021,0.9049049019813538
YDL236W,YCL040W,0,-0.7713573,0.09851431101560593,0.9782178401947021,0.9050049781799316
YLR452C,YPR009W,0,-0.7720757,0.09850448369979858,0.9782178401947021,0.9051051139831543
YKL004W,YLR081W,0,-0.7726765,0.09849466383457184,0.9782178401947021,0.9052051901817322
YOR211C,YLR048W,0,-0.7736762,0.09848485141992569,0.9782178401947021,0.9053053259849548
YML131W,YGR161W-B,0,-0.77408737,0.09847503155469894,0.9782178401947021,0.9054054021835327
YER103W,YJR161C,0,-0.7742922,0.0984652191400528,0.9782178401947021,0.9055054783821106
YMR033W,YKR026C,0,-0.77479655,0.09845540672540665,0.9782178401947021,0.9056056141853333
YJL190C,YBL023C,0,-0.7755268,0.0984455943107605,0.9782178401947021,0.9057056903839111
YPL259C,YMR122W-A,0,-0.77575547,0.09843578934669495,0.9782178401947021,0.9058058261871338
YIL070C,YOL077W-A,0,-0.77600735,0.0984259843826294,0.9782178401947021,0.9059059023857117
YHR041C,YAL062W,0,-0.7767843,0.09841617941856384,0.9782178401947021,0.9060059785842896
YDL083C,YDR484W,0,-0.77680737,0.09840637445449829,0.9782178401947021,0.9061061143875122
YJR034W,YCL025C,0,-0.7775173,0.09839657694101334,0.9782178401947021,0.9062061905860901
YCL010C,YLL062C,0,-0.77772844,0.09838677197694778,0.9782178401947021,0.9063063263893127
YBL022C,YDR038C,0,-0.7791454,0.09837698191404343,0.9782178401947021,0.9064064025878906
YNL300W,YPL023C,0,-0.7797126,0.09836718440055847,0.9782178401947021,0.9065064787864685
YNL112W,YPL270W,0,-0.7799868,0.09835739433765411,0.9782178401947021,0.9066066145896912
YOL119C,YEL041W,0,-0.78020537,0.09834760427474976,0.9782178401947021,0.906706690788269
YGR009C,YFL014W,0,-0.78032935,0.0983378142118454,0.9782178401947021,0.9068068265914917
YMR236W,YPL104W,0,-0.78042096,0.09832802414894104,0.9782178401947021,0.9069069027900696
YKL144C,YOL097C,0,-0.78098947,0.09831824153661728,0.9782178401947021,0.9070069789886475
YAR019C,YGL259W,0,-0.7814999,0.09830845892429352,0.9782178401947021,0.9071071147918701
YBR221C,YMR296C,0,-0.7817299,0.09829867631196976,0.9782178401947021,0.907207190990448
YBR065C,YDR432W,1,-0.78187686,0.09838838130235672,0.9792079329490662,0.907207190990448
YLR178C,YOR174W,0,-0.7819236,0.09837859123945236,0.9792079329490662,0.9073073267936707
YDR299W,YKL096W-A,0,-0.78244334,0.0983688086271286,0.9792079329490662,0.9074074029922485
YDL022W,YNL007C,0,-0.7826474,0.09835902601480484,0.9792079329490662,0.9075074791908264
YEL046C,YEL002C,0,-0.78289944,0.09834924340248108,0.9792079329490662,0.9076076149940491
YFL050C,YCR102C,0,-0.7830332,0.09833946824073792,0.9792079329490662,0.907707691192627
YKL091C,YIL072W,0,-0.7834706,0.09832968562841415,0.9792079329490662,0.9078078269958496
YGL209W,YEL011W,0,-0.7837382,0.09831991046667099,0.9792079329490662,0.9079079031944275
YKR045C,YGR027W-B,0,-0.7844784,0.09831014275550842,0.9792079329490662,0.9080079793930054
YER162C,YDL146W,0,-0.7862633,0.09830036759376526,0.9792079329490662,0.908108115196228
YLR157C-B,YOR368W,0,-0.786928,0.09829059988260269,0.9792079329490662,0.9082081913948059
YKL010C,YNR045W,0,-0.78697574,0.09828083217144012,0.9792079329490662,0.9083083271980286
YFR031C,YBR039W,0,-0.7887222,0.09827106446027756,0.9792079329490662,0.9084084033966064
YLR042C,YCR077C,0,-0.78916013,0.09826130419969559,0.9792079329490662,0.9085084795951843
YOR337W,YJR065C,0,-0.78970504,0.09825153648853302,0.9792079329490662,0.908608615398407
YGL181W,YGL256W,0,-0.7898591,0.09824178367853165,0.9792079329490662,0.9087086915969849
YDR044W,YLR079W,0,-0.7908215,0.09823202341794968,0.9792079329490662,0.9088088274002075
YHL032C,YBR072W,0,-0.7912031,0.0982222631573677,0.9792079329490662,0.9089089035987854
YER035W,YBR230C,0,-0.7917306,0.09821251034736633,0.9792079329490662,0.9090089797973633
YGL156W,YBR145W,0,-0.7917649,0.09820275753736496,0.9792079329490662,0.9091091156005859
YDR358W,YDR033W,0,-0.79216903,0.09819301217794418,0.9792079329490662,0.9092091917991638
YDL215C,YPL154C,0,-0.7923733,0.09818325936794281,0.9792079329490662,0.9093093276023865
YNL259C,YGL002W,0,-0.7925103,0.09817351400852203,0.9792079329490662,0.9094094038009644
YDR304C,YOR007C,0,-0.79251295,0.09816376864910126,0.9792079329490662,0.9095094799995422
YHR116W,YDL075W,0,-0.7927067,0.09815403074026108,0.9792079329490662,0.9096096158027649
YLR022C,YGR052W,0,-0.792821,0.0981442853808403,0.9792079329490662,0.9097096920013428
YGR268C,YER044C,0,-0.79349494,0.09813454747200012,0.9792079329490662,0.9098098278045654
YMR312W,YDL246C,0,-0.7935193,0.09812481701374054,0.9792079329490662,0.9099099040031433
YLL045C,YKL174C,0,-0.7939859,0.09811507910490036,0.9792079329490662,0.910010039806366
YGR036C,YLR450W,0,-0.79457444,0.09810534864664078,0.9792079329490662,0.9101101160049438
YOR224C,YBL030C,0,-0.79457814,0.0980956181883812,0.9792079329490662,0.9102101922035217
YNR060W,YDR363W-A,0,-0.7953861,0.09808588773012161,0.9792079329490662,0.9103103280067444
YER160C,YMR113W,0,-0.7957075,0.09807615727186203,0.9792079329490662,0.9104104042053223
YIL073C,YDR368W,0,-0.7959961,0.09806643426418304,0.9792079329490662,0.9105105400085449
YKL109W,YDR050C,0,-0.7963466,0.09805671125650406,0.9792079329490662,0.9106106162071228
YOR393W,YJL041W,0,-0.7966973,0.09804698824882507,0.9792079329490662,0.9107106924057007
YLR057W,YGR249W,0,-0.79708534,0.09803727269172668,0.9792079329490662,0.9108108282089233
YHR028C,YMR169C,0,-0.797109,0.0980275571346283,0.9792079329490662,0.9109109044075012
YDR172W,YLR134W,0,-0.79733545,0.09801784157752991,0.9792079329490662,0.9110110402107239
YOR192C-B,YMR052W,0,-0.79752475,0.09800812602043152,0.9792079329490662,0.9111111164093018
YGR109W-B,YBR125C,0,-0.79776984,0.09799841791391373,0.9792079329490662,0.9112111926078796
YKL218C,YNL224C,0,-0.7980053,0.09798870235681534,0.9792079329490662,0.9113113284111023
YAL061W,YDL174C,0,-0.7982989,0.09797899425029755,0.9792079329490662,0.9114114046096802
YNL312W,YER086W,0,-0.7990554,0.09796929359436035,0.9792079329490662,0.9115115404129028
YGL068W,YMR019W,0,-0.79935455,0.09795958548784256,0.9792079329490662,0.9116116166114807
YOR384W,YMR025W,0,-0.7993781,0.09794988483190536,0.9792079329490662,0.9117116928100586
YNL009W,YPL121C,0,-0.7995463,0.09794018417596817,0.9792079329490662,0.9118118286132812
YER054C,YFL031W,0,-0.7997655,0.09793049097061157,0.9792079329490662,0.9119119048118591
YPL249C-A,YDR405W,0,-0.79983133,0.09792079031467438,0.9792079329490662,0.9120120406150818
YGL232W,YCR034W,0,-0.79986846,0.09791109710931778,0.9792079329490662,0.9121121168136597
YDR322C-A,YBR122C,0,-0.80050516,0.09790140390396118,0.9792079329490662,0.9122121930122375
YAL013W,YHR215W,0,-0.8005868,0.09789171814918518,0.9792079329490662,0.9123123288154602
YPL092W,YPR082C,0,-0.8012807,0.09788202494382858,0.9792079329490662,0.9124124050140381
YOR346W,YNL128W,0,-0.8014993,0.09787233918905258,0.9792079329490662,0.9125125408172607
YJL101C,YBR026C,0,-0.8017088,0.09786265343427658,0.9792079329490662,0.9126126170158386
YAL012W,YPL269W,0,-0.80191875,0.09785297513008118,0.9792079329490662,0.9127126932144165
YAL062W,YMR079W,0,-0.802048,0.09784328937530518,0.9792079329490662,0.9128128290176392
YGR287C,YLR127C,0,-0.80451804,0.09783361107110977,0.9792079329490662,0.912912905216217
YFL045C,YEL062W,0,-0.8046692,0.09782394021749496,0.9792079329490662,0.9130130410194397
YBL099W,YMR201C,0,-0.8047344,0.09781426191329956,0.9792079329490662,0.9131131172180176
YDL080C,YPL223C,0,-0.8049448,0.09780459105968475,0.9792079329490662,0.9132131934165955
YDL095W,YDL060W,0,-0.8053599,0.09779492020606995,0.9792079329490662,0.9133133292198181
YNL208W,YMR182C,0,-0.8057324,0.09778524935245514,0.9792079329490662,0.913413405418396
YHR084W,YKL067W,0,-0.8060272,0.09777557849884033,0.9792079329490662,0.9135135412216187
YDR347W,YDR245W,0,-0.80620736,0.09776591509580612,0.9792079329490662,0.9136136174201965
YMR165C,YMR182C,0,-0.8062281,0.09775625169277191,0.9792079329490662,0.9137136936187744
YDR171W,YPL084W,0,-0.8068355,0.0977465882897377,0.9792079329490662,0.9138138294219971
YMR304W,YFR003C,0,-0.80684084,0.09773693233728409,0.9792079329490662,0.913913905620575
YLR371W,YLL041C,0,-0.80698496,0.09772727638483047,0.9792079329490662,0.9140140414237976
YHR094C,YKL018W,0,-0.80756056,0.09771762043237686,0.9792079329490662,0.9141141176223755
YJL166W,YLR225C,0,-0.80810463,0.09770796447992325,0.9792079329490662,0.9142141938209534
YIL172C,YAL017W,0,-0.80899835,0.09769830852746964,0.9792079329490662,0.914314329624176
YOR378W,YPR094W,0,-0.8099467,0.09768866002559662,0.9792079329490662,0.9144144058227539
YOR303W,YER094C,0,-0.81036806,0.0976790115237236,0.9792079329490662,0.9145145416259766
YJL004C,YBR238C,0,-0.8104233,0.09766936302185059,0.9792079329490662,0.9146146178245544
YER101C,YCR098C,0,-0.81044185,0.09765972197055817,0.9792079329490662,0.9147146940231323
YMR161W,YKL007W,0,-0.8106206,0.09765008091926575,0.9792079329490662,0.914814829826355
YDR167W,YMR186W,0,-0.8107684,0.09764043986797333,0.9792079329490662,0.9149149060249329
YFL054C,YOL102C,0,-0.8118363,0.09763079881668091,0.9792079329490662,0.9150150418281555
YHR056C,YLR256W-A,0,-0.81208485,0.09762116521596909,0.9792079329490662,0.9151151180267334
YMR058W,YHR072W,0,-0.8124314,0.09761152416467667,0.9792079329490662,0.9152151942253113
YGL026C,YJL144W,0,-0.8128947,0.09760189801454544,0.9792079329490662,0.9153153300285339
YLR210W,YCL074W,0,-0.8149366,0.09759226441383362,0.9792079329490662,0.9154154062271118
YPL230W,YOR142W,0,-0.81546515,0.0975826308131218,0.9792079329490662,0.9155155420303345
YPL144W,YGL055W,0,-0.8158484,0.09757300466299057,0.9792079329490662,0.9156156182289124
YPL183W-A,YBL042C,0,-0.81627303,0.09756337851285934,0.9792079329490662,0.9157156944274902
YNL197C,YLR447C,0,-0.81660634,0.09755375981330872,0.9792079329490662,0.9158158302307129
YOR005C,YMR186W,0,-0.8168841,0.09754413366317749,0.9792079329490662,0.9159159064292908
YBR203W,YDL129W,0,-0.8195474,0.09753451496362686,0.9792079329490662,0.9160160422325134
YGL030W,YLR147C,1,-0.81956714,0.09762351214885712,0.9801980257034302,0.9160160422325134
YLR079W,YKL148C,0,-0.8200896,0.09761388599872589,0.9801980257034302,0.9161161184310913
YCL057C-A,YJR001W,0,-0.82024616,0.09760425984859467,0.9801980257034302,0.9162161946296692
YPL055C,YKL201C,0,-0.82139313,0.09759463369846344,0.9801980257034302,0.9163163304328918
YPR047W,YAR071W,0,-0.8214888,0.09758501499891281,0.9801980257034302,0.9164164066314697
YHR027C,YKR035W-A,0,-0.8232516,0.09757539629936218,0.9801980257034302,0.9165165424346924
YDR056C,YGL135W,0,-0.8238768,0.09756578505039215,0.9801980257034302,0.9166166186332703
YPL148C,YHR043C,0,-0.8246848,0.09755616635084152,0.9801980257034302,0.9167166948318481
YFL066C,YPR137C-B,0,-0.82507837,0.09754655510187149,0.9801980257034302,0.9168168306350708
YLR182W,YNL327W,0,-0.825207,0.09753694385290146,0.9801980257034302,0.9169169068336487
YNL232W,YML008C,0,-0.82531476,0.09752734005451202,0.9801980257034302,0.9170170426368713
YDL005C,YCL025C,0,-0.8254803,0.09751772880554199,0.9801980257034302,0.9171171188354492
YOR178C,YGR032W,0,-0.8255731,0.09750812500715256,0.9801980257034302,0.9172171950340271
YER115C,YBR040W,0,-0.8259925,0.09749852120876312,0.9801980257034302,0.9173173308372498
YOR315W,YML075C,0,-0.82689553,0.09748892486095428,0.9801980257034302,0.9174174070358276
YBR057C,YNL219C,0,-0.8270079,0.09747932106256485,0.9801980257034302,0.9175175428390503
YMR039C,YDL014W,0,-0.82711965,0.09746972471475601,0.9801980257034302,0.9176176190376282
YLR406C,YBR207W,0,-0.82843775,0.09746012836694717,0.9801980257034302,0.917717695236206
YHL040C,YDL015C,0,-0.82848865,0.09745053946971893,0.9801980257034302,0.9178178310394287
YER053C,YEL064C,0,-0.82916176,0.0974409431219101,0.9801980257034302,0.9179179072380066
YBR010W,YKR048C,0,-0.8296965,0.09743135422468185,0.9801980257034302,0.9180180430412292
YDR169C,YER011W,0,-0.83098763,0.09742176532745361,0.9801980257034302,0.9181181192398071
YNR046W,YHR172W,0,-0.83178097,0.09741218388080597,0.9801980257034302,0.918218195438385
YJL133W,YLR073C,0,-0.8318003,0.09740259498357773,0.9801980257034302,0.9183183312416077
YDR419W,YHR025W,0,-0.83182734,0.09739301353693008,0.9801980257034302,0.9184184074401855
YDR419W,YNL209W,0,-0.8318855,0.09738343209028244,0.9801980257034302,0.9185185432434082
YDR033W,YER022W,0,-0.8337403,0.0973738580942154,0.9801980257034302,0.9186186194419861
YJR097W,YLR312W-A,0,-0.8345263,0.09736427664756775,0.9801980257034302,0.918718695640564
YER141W,YNL330C,0,-0.83545613,0.0973547026515007,0.9801980257034302,0.9188188314437866
YMR080C,YDR529C,0,-0.8367643,0.09734513610601425,0.9801980257034302,0.9189189076423645
YOL104C,YDL056W,0,-0.8369086,0.0973355621099472,0.9801980257034302,0.9190190434455872
YOR212W,YLR158C,0,-0.83701736,0.09732599556446075,0.9801980257034302,0.919119119644165
YOR010C,YGL205W,0,-0.83712715,0.0973164290189743,0.9801980257034302,0.9192191958427429
YOR343W-B,YBR042C,0,-0.8378482,0.09730686247348785,0.9801980257034302,0.9193193316459656
YGL191W,YJL122W,0,-0.8381352,0.0972972959280014,0.9801980257034302,0.9194194078445435
YEL013W,YNL003C,0,-0.83838195,0.09728773683309555,0.9801980257034302,0.9195195436477661
YNL202W,YDR460W,0,-0.8410571,0.0972781777381897,0.9801980257034302,0.919619619846344
YBR251W,YBL068W,0,-0.8410823,0.09726861864328384,0.9801980257034302,0.9197196960449219
YOL088C,YGR037C,0,-0.841492,0.09725905954837799,0.9801980257034302,0.9198198318481445
YMR278W,YPR042C,0,-0.8420537,0.09724950790405273,0.9801980257034302,0.9199199080467224
YGR062C,YGR155W,0,-0.8427531,0.09723995625972748,0.9801980257034302,0.9200200438499451
YMR032W,YJL080C,0,-0.84308094,0.09723040461540222,0.9801980257034302,0.920120120048523
YOR299W,YHR018C,0,-0.84329385,0.09722086042165756,0.9801980257034302,0.9202201962471008
YGR241C,YOR120W,0,-0.84380007,0.0972113087773323,0.9801980257034302,0.9203203320503235
YNR049C,YDR034C-D,0,-0.8440172,0.09720176458358765,0.9801980257034302,0.9204204082489014
YER120W,YDR083W,0,-0.84432113,0.09719222784042358,0.9801980257034302,0.920520544052124
YLR450W,YJL128C,0,-0.84534806,0.09718268364667892,0.9801980257034302,0.9206206202507019
YER019C-A,YHR183W,0,-0.8460589,0.09717314690351486,0.9801980257034302,0.9207206964492798
YLR042C,YHR047C,0,-0.84646565,0.0971636101603508,0.9801980257034302,0.9208208322525024
YDR382W,YOR389W,0,-0.84692603,0.09715407341718674,0.9801980257034302,0.9209209084510803
YDR346C,YBL024W,0,-0.84805226,0.09714453667402267,0.9801980257034302,0.921021044254303
YKL209C,YMR017W,0,-0.84810525,0.09713500738143921,0.9801980257034302,0.9211211204528809
YBR052C,YHR012W,0,-0.8496749,0.09712547808885574,0.9801980257034302,0.9212211966514587
YKL049C,YGR240C,0,-0.85033697,0.09711594879627228,0.9801980257034302,0.9213213324546814
YOR298C-A,YPR187W,0,-0.8506872,0.09710642695426941,0.9801980257034302,0.9214214086532593
YNR039C,YDL222C,0,-0.85242003,0.09709689766168594,0.9801980257034302,0.9215215444564819
YDR536W,YOL108C,0,-0.8526897,0.09708737581968307,0.9801980257034302,0.9216216206550598
YLR355C,YGL019W,0,-0.85325366,0.0970778614282608,0.9801980257034302,0.9217216968536377
YOL058W,YJL206C,0,-0.85328436,0.09706833958625793,0.9801980257034302,0.9218218326568604
YOR155C,YIL117C,0,-0.8533066,0.09705882519483566,0.9801980257034302,0.9219219088554382
YDL217C,YGR234W,0,-0.85412043,0.09704931080341339,0.9801980257034302,0.9220220446586609
YMR276W,YKR003W,0,-0.85426,0.09703979641199112,0.9801980257034302,0.9221221208572388
YPR152C,YNL010W,0,-0.8548265,0.09703028202056885,0.9801980257034302,0.9222221970558167
YLR022C,YNL305C,0,-0.85515964,0.09702077507972717,0.9801980257034302,0.9223223328590393
YCR053W,YLR084C,0,-0.8553973,0.0970112681388855,0.9801980257034302,0.9224224090576172
YGR023W,YIR003W,0,-0.85575604,0.09700176119804382,0.9801980257034302,0.9225225448608398
YFL048C,YGL187C,0,-0.85583305,0.09699226170778275,0.9801980257034302,0.9226226210594177
YKR006C,YDL067C,0,-0.85703975,0.09698276221752167,0.9801980257034302,0.9227226972579956
YJR137C,YOL092W,0,-0.85776526,0.09697325527667999,0.9801980257034302,0.9228228330612183
YHR052W,YLL039C,0,-0.8578301,0.09696376323699951,0.9801980257034302,0.9229229092597961
YOR167C,YBR001C,0,-0.85803574,0.09695426374673843,0.9801980257034302,0.9230230450630188
YGL030W,YDL030W,1,-0.8595244,0.09704269468784332,0.9811881184577942,0.9230230450630188
YFR008W,YBR298C,0,-0.8606581,0.09703319519758224,0.9811881184577942,0.9231231212615967
YBL099W,YKL178C,0,-0.8609644,0.09702369570732117,0.9811881184577942,0.9232231974601746
YLR157C-B,YDR251W,0,-0.86139,0.09701419621706009,0.9811881184577942,0.9233233332633972
YKR059W,YPR063C,0,-0.86139923,0.09700469672679901,0.9811881184577942,0.9234234094619751
YFR018C,YOR142W-A,0,-0.8617305,0.09699520468711853,0.9811881184577942,0.9235235452651978
YGL009C,YBL088C,0,-0.8617357,0.09698571264743805,0.9811881184577942,0.9236236214637756
YMR060C,YDL208W,0,-0.8622515,0.09697622060775757,0.9811881184577942,0.9237236976623535
YLR304C,YMR019W,0,-0.86358815,0.09696672856807709,0.9811881184577942,0.9238238334655762
YBR058C,YFL039C,0,-0.86455715,0.0969572439789772,0.9811881184577942,0.923923909664154
YMR312W,YDR101C,0,-0.86470664,0.09694775938987732,0.9811881184577942,0.9240240454673767
YML010W,YMR154C,0,-0.8649329,0.09693827480077744,0.9811881184577942,0.9241241216659546
YNL336W,YNL315C,0,-0.86507726,0.09692879766225815,0.9811881184577942,0.9242241978645325
YER004W,YDR353W,0,-0.8652383,0.09691931307315826,0.9811881184577942,0.9243243336677551
YLR100W,YER044C,0,-0.86529547,0.09690983593463898,0.9811881184577942,0.924424409866333
YDL246C,YKL022C,0,-0.8664931,0.09690035879611969,0.9811881184577942,0.9245245456695557
YDL206W,YJL137C,0,-0.8681491,0.096890889108181,0.9811881184577942,0.9246246218681335
YPR020W,YNL339C,0,-0.8685598,0.09688141196966171,0.9811881184577942,0.9247246980667114
YDL019C,YMR115W,0,-0.86894757,0.09687194228172302,0.9811881184577942,0.9248248338699341
YLR105C,YKL085W,0,-0.86897266,0.09686248004436493,0.9811881184577942,0.924924910068512
YMR054W,YML024W,0,-0.86907977,0.09685301035642624,0.9811881184577942,0.9250250458717346
YDR169C,YLR213C,0,-0.8699073,0.09684354811906815,0.9811881184577942,0.9251251220703125
YNR039C,YKR103W,0,-0.87016076,0.09683408588171005,0.9811881184577942,0.9252251982688904
YLR355C,YML097C,0,-0.87080795,0.09682462364435196,0.9811881184577942,0.925325334072113
YCR098C,YKR086W,0,-0.8725522,0.09681516140699387,0.9811881184577942,0.9254254102706909
YOL104C,YER069W,0,-0.87308353,0.09680570662021637,0.9811881184577942,0.9255255460739136
YGL209W,YPL228W,0,-0.87395525,0.09679625183343887,0.9811881184577942,0.9256256222724915
YLL011W,YLR229C,0,-0.8741633,0.09678679704666138,0.9811881184577942,0.9257256984710693
YOL147C,YDL191W,0,-0.87565243,0.09677734225988388,0.9811881184577942,0.925825834274292
YFL053W,YDR297W,0,-0.8759181,0.09676789492368698,0.9811881184577942,0.9259259104728699
YER190W,YKL107W,0,-0.8759777,0.09675844758749008,0.9811881184577942,0.9260260462760925
YML039W,YNL311C,0,-0.876611,0.09674900025129318,0.9811881184577942,0.9261261224746704
YOL089C,YNR075W,0,-0.8768807,0.09673955291509628,0.9811881184577942,0.9262261986732483
YIL135C,YIL072W,0,-0.87804633,0.09673011302947998,0.9811881184577942,0.926326334476471
YKR097W,YHR039C,0,-0.87824005,0.09672067314386368,0.9811881184577942,0.9264264106750488
YGL012W,YPL038W,0,-0.8783368,0.09671123325824738,0.9811881184577942,0.9265265464782715
YER011W,YKL007W,0,-0.8789722,0.09670179337263107,0.9811881184577942,0.9266266226768494
YER045C,YOR100C,0,-0.8790925,0.09669236093759537,0.9811881184577942,0.9267266988754272
YBR223C,YKR014C,0,-0.8793739,0.09668292850255966,0.9811881184577942,0.9268268346786499
YKL038W,YML051W,0,-0.879608,0.09667349606752396,0.9811881184577942,0.9269269108772278
YEL040W,YDL155W,0,-0.8805687,0.09666406363248825,0.9811881184577942,0.9270270466804504
YIL128W,YNR040W,0,-0.88117146,0.09665463864803314,0.9811881184577942,0.9271271228790283
YGR134W,YER175C,0,-0.88213027,0.09664521366357803,0.9811881184577942,0.9272271990776062
YIL041W,YHR136C,0,-0.8826014,0.09663578867912292,0.9811881184577942,0.9273273348808289
YNL289W,YML123C,0,-0.8829372,0.09662636369466782,0.9811881184577942,0.9274274110794067
YDR261C-D,YGL113W,0,-0.88309675,0.0966169461607933,0.9811881184577942,0.9275275468826294
YAL022C,YBR009C,0,-0.88312274,0.09660752862691879,0.9811881184577942,0.9276276230812073
YOL034W,YDR380W,0,-0.8835445,0.09659811109304428,0.9811881184577942,0.9277276992797852
YFL048C,YGL030W,0,-0.8847664,0.09658869355916977,0.9811881184577942,0.9278278350830078
YER131W,YBL036C,0,-0.88504916,0.09657928347587585,0.9811881184577942,0.9279279112815857
YHR136C,YEL021W,0,-0.8852381,0.09656986594200134,0.9811881184577942,0.9280280470848083
YBR229C,YJL028W,0,-0.88524246,0.09656046330928802,0.9811881184577942,0.9281281232833862
YBL055C,YLR229C,0,-0.88679105,0.09655105322599411,0.9811881184577942,0.9282281994819641
YBR092C,YKR030W,0,-0.88697445,0.0965416431427002,0.9811881184577942,0.9283283352851868
YDR529C,YML058W-A,0,-0.88789445,0.09653224050998688,0.9811881184577942,0.9284284114837646
YGL253W,YJL140W,0,-0.8879495,0.09652283787727356,0.9811881184577942,0.9285285472869873
YDR224C,YGL186C,0,-0.8888792,0.09651344269514084,0.9811881184577942,0.9286286234855652
YIL048W,YML029W,0,-0.8889664,0.09650404006242752,0.9811881184577942,0.9287286996841431
YDR064W,YIL128W,0,-0.89051694,0.0964946448802948,0.9811881184577942,0.9288288354873657
YCR012W,YPL188W,0,-0.8908616,0.09648524969816208,0.9811881184577942,0.9289289116859436
YLR385C,YKL055C,0,-0.89184237,0.09647585451602936,0.9811881184577942,0.9290290474891663
YOL060C,YDL059C,0,-0.8925795,0.09646646678447723,0.9811881184577942,0.9291291236877441
YCL026C-A,YIL124W,0,-0.893809,0.09645707905292511,0.9811881184577942,0.929229199886322
YLR385C,YDR356W,0,-0.8938914,0.09644769132137299,0.9811881184577942,0.9293293356895447
YBR182C,YDR214W,0,-0.8941319,0.09643830358982086,0.9811881184577942,0.9294294118881226
YER166W,YML024W,0,-0.89439136,0.09642891585826874,0.9811881184577942,0.9295295476913452
YJL034W,YMR238W,0,-0.8947366,0.09641953557729721,0.9811881184577942,0.9296296238899231
YDR055W,YHR079C-A,0,-0.8948484,0.09641015529632568,0.9811881184577942,0.929729700088501
YML073C,YNL188W,0,-0.89657724,0.09640077501535416,0.9811881184577942,0.9298298358917236
YBR177C,YHL032C,0,-0.89663386,0.09639140218496323,0.9811881184577942,0.9299299120903015
YGR209C,YMR114C,0,-0.89737403,0.0963820293545723,0.9811881184577942,0.9300300478935242
YOL139C,YBR145W,0,-0.89742833,0.09637265652418137,0.9811881184577942,0.930130124092102
YMR152W,YPR121W,0,-0.8978304,0.09636328369379044,0.9811881184577942,0.9302302598953247
YML091C,YDR488C,0,-0.8983366,0.0963539108633995,0.9811881184577942,0.9303303360939026
YDL108W,YGR249W,0,-0.899522,0.09634454548358917,0.9811881184577942,0.9304304122924805
YDL069C,YAL038W,0,-0.8995467,0.09633518010377884,0.9811881184577942,0.9305305480957031
YCR010C,YNL244C,0,-0.90072614,0.0963258147239685,0.9811881184577942,0.930630624294281
YPR183W,YOR332W,0,-0.9007337,0.09631645679473877,0.9811881184577942,0.9307307600975037
YLR329W,YOR298C-A,0,-0.9009115,0.09630709141492844,0.9811881184577942,0.9308308362960815
YER183C,YDL181W,0,-0.90117383,0.0962977334856987,0.9811881184577942,0.9309309124946594
YLR079W,YDL039C,0,-0.90141207,0.09628838300704956,0.9811881184577942,0.9310310482978821
YML007W,YER119C,0,-0.9017792,0.09627902507781982,0.9811881184577942,0.93113112449646
YKL152C,YFL002W-A,0,-0.90196973,0.09626967459917068,0.9811881184577942,0.9312312602996826
YML052W,YPL099C,0,-0.902441,0.09626032412052155,0.9811881184577942,0.9313313364982605
YLL050C,YIL170W,0,-0.902708,0.0962509736418724,0.9811881184577942,0.9314314126968384
YLR166C,YER150W,0,-0.9028464,0.09624162316322327,0.9811881184577942,0.931531548500061
YPL089C,YKL035W,0,-0.9034966,0.09623228013515472,0.9811881184577942,0.9316316246986389
YER026C,YKL148C,0,-0.9035702,0.09622293710708618,0.9811881184577942,0.9317317605018616
YDR022C,YGL222C,0,-0.90541106,0.09621359407901764,0.9811881184577942,0.9318318367004395
YJL136C,YDR394W,0,-0.90577143,0.0962042510509491,0.9811881184577942,0.9319319128990173
YBR127C,YGL029W,0,-0.9059756,0.09619491547346115,0.9811881184577942,0.93203204870224
YJR161C,YJL024C,0,-0.9059782,0.0961855798959732,0.9811881184577942,0.9321321249008179
YBR024W,YOL147C,0,-0.90651315,0.09617624431848526,0.9811881184577942,0.9322322607040405
YJR076C,YMR006C,0,-0.90771294,0.09616690874099731,0.9811881184577942,0.9323323369026184
YBR145W,YOR360C,0,-0.90911275,0.09615758061408997,0.9811881184577942,0.9324324131011963
YAL060W,YPL072W,0,-0.9099822,0.09614825248718262,0.9811881184577942,0.932532548904419
YNL300W,YGR159C,0,-0.910158,0.09613892436027527,0.9811881184577942,0.9326326251029968
YAR071W,YHL022C,0,-0.9106024,0.09612959623336792,0.9811881184577942,0.9327327609062195
YJL042W,YPR048W,0,-0.9120665,0.09612026810646057,0.9811881184577942,0.9328328371047974
YOR243C,YPL129W,0,-0.9122074,0.09611094743013382,0.9811881184577942,0.9329329133033752
YDR151C,YHR216W,0,-0.9128284,0.09610162675380707,0.9811881184577942,0.9330330491065979
YPR119W,YBR298C,0,-0.9133362,0.09609231352806091,0.9811881184577942,0.9331331253051758
YDR247W,YLR414C,0,-0.91376096,0.09608299285173416,0.9811881184577942,0.9332332611083984
YOR329C,YOR162C,0,-0.9140296,0.096073679625988,0.9811881184577942,0.9333333373069763
YGL030W,YLR275W,1,-0.9152969,0.09616130590438843,0.9821782112121582,0.9333333373069763
YDR163W,YAL060W,0,-0.9158593,0.09615198522806168,0.9821782112121582,0.9334334135055542
YGL089C,YKL084W,0,-0.9163849,0.09614266455173492,0.9821782112121582,0.9335335493087769
YAL014C,YER074W,0,-0.91676664,0.09613334387540817,0.9821782112121582,0.9336336255073547
YOR100C,YCR020C,0,-0.916929,0.09612403064966202,0.9821782112121582,0.9337337613105774
YEL026W,YLR424W,1,-0.9169607,0.09621160477399826,0.9831683039665222,0.9337337613105774
YDR062W,YDR429C,0,-0.91750854,0.09620228409767151,0.9831683039665222,0.9338338375091553
YNL321W,YOR375C,0,-0.9179415,0.09619297087192535,0.9831683039665222,0.9339339137077332
YNL061W,YGL256W,0,-0.920716,0.0961836501955986,0.9831683039665222,0.9340340495109558
YDR074W,YKR061W,0,-0.9218976,0.09617433696985245,0.9831683039665222,0.9341341257095337
YDR177W,YLR113W,0,-0.9231883,0.09616502374410629,0.9831683039665222,0.9342342615127563
YFL021W,YGL017W,0,-0.92329705,0.09615571051836014,0.9831683039665222,0.9343343377113342
YCR030C,YJL114W,0,-0.92381746,0.09614639729261398,0.9831683039665222,0.9344344139099121
YBL030C,YJL036W,0,-0.92410177,0.09613709151744843,0.9831683039665222,0.9345345497131348
YDL171C,YLR136C,0,-0.9248881,0.09612778574228287,0.9831683039665222,0.9346346259117126
YOR374W,YMR079W,0,-0.92569244,0.09611847996711731,0.9831683039665222,0.9347347617149353
YPR052C,YOR233W,0,-0.9258513,0.09610917419195175,0.9831683039665222,0.9348348379135132
YNR002C,YGL008C,0,-0.92664623,0.09609987586736679,0.9831683039665222,0.9349349141120911
YOR127W,YER165W,0,-0.92714316,0.09609057754278183,0.9831683039665222,0.9350350499153137
YCL038C,YMR142C,0,-0.92847604,0.09608127921819687,0.9831683039665222,0.9351351261138916
YGR177C,YLR097C,0,-0.930904,0.09607198089361191,0.9831683039665222,0.9352352619171143
YPL160W,YDL126C,0,-0.9310364,0.09606269001960754,0.9831683039665222,0.9353353381156921
YDL231C,YKR006C,0,-0.93177664,0.09605339169502258,0.9831683039665222,0.93543541431427
YNR002C,YDR376W,0,-0.9320148,0.09604410827159882,0.9831683039665222,0.9355355501174927
YBR192W,YJL158C,0,-0.93315953,0.09603481739759445,0.9831683039665222,0.9356356263160706
YCL036W,YPL106C,0,-0.9335807,0.09602552652359009,0.9831683039665222,0.9357357621192932
YAL062W,YPL031C,0,-0.9336366,0.09601624310016632,0.9831683039665222,0.9358358383178711
YCR002C,YNL208W,0,-0.93441767,0.09600695967674255,0.9831683039665222,0.935935914516449
YMR303C,YDL236W,0,-0.9347214,0.09599767625331879,0.9831683039665222,0.9360360503196716
YEL061C,YHR179W,0,-0.93489605,0.09598840028047562,0.9831683039665222,0.9361361265182495
YLR103C,YHR141C,0,-0.935018,0.09597912430763245,0.9831683039665222,0.9362362623214722
YGR288W,YGL203C,0,-0.9357962,0.09596984833478928,0.9831683039665222,0.93633633852005
YER190W,YLR410W-B,0,-0.93595904,0.0959605723619461,0.9831683039665222,0.9364364147186279
YCL075W,YKL127W,0,-0.9362359,0.09595129638910294,0.9831683039665222,0.9365365505218506
YGL251C,YFL039C,0,-0.9374523,0.09594202786684036,0.9831683039665222,0.9366366267204285
YOR010C,YOL102C,0,-0.937471,0.09593275934457779,0.9831683039665222,0.9367367625236511
YFR032C-A,YDL029W,0,-0.9376788,0.09592349082231522,0.9831683039665222,0.936836838722229
YBR265W,YDL155W,0,-0.93912953,0.09591422975063324,0.9831683039665222,0.9369369149208069
YER055C,YLR126C,0,-0.9395897,0.09590496122837067,0.9831683039665222,0.9370370507240295
YDR495C,YBR092C,0,-0.9401113,0.09589570015668869,0.9831683039665222,0.9371371269226074
YGL099W,YGR191W,0,-0.9403635,0.09588643908500671,0.9831683039665222,0.9372372627258301
YMR272C,YOL142W,0,-0.9406013,0.09587718546390533,0.9831683039665222,0.937337338924408
YLR027C,YOR257W,0,-0.9417232,0.09586793184280396,0.9831683039665222,0.9374374151229858
YNL160W,YGR086C,0,-0.9423052,0.09585867077112198,0.9831683039665222,0.9375375509262085
YPL096W,YNL101W,0,-0.94303596,0.0958494171500206,0.9831683039665222,0.9376376271247864
YGL030W,YML046W,1,-0.94314235,0.09593668580055237,0.9841583967208862,0.9376376271247864
YER054C,YAR027W,0,-0.94346124,0.09592742472887039,0.9841583967208862,0.937737762928009
YBL064C,YIL050W,0,-0.94355917,0.09591817110776901,0.9841583967208862,0.9378378391265869
YLR308W,YDL043C,0,-0.9440362,0.09590891748666763,0.9841583967208862,0.9379379153251648
YKL152C,YNL147W,0,-0.94407797,0.09589966386556625,0.9841583967208862,0.9380380511283875
YDR044W,YKR022C,0,-0.94421047,0.09589041024446487,0.9841583967208862,0.9381381273269653
YDL181W,YBR214W,0,-0.94449586,0.09588116407394409,0.9841583967208862,0.938238263130188
YPR011C,YER053C,0,-0.94480026,0.09587191045284271,0.9841583967208862,0.9383383393287659
YML040W,YCL025C,0,-0.9450587,0.09586266428232193,0.9841583967208862,0.9384384155273438
YGL012W,YEL029C,0,-0.9464634,0.09585342556238174,0.9841583967208862,0.9385385513305664
YGR292W,YOR003W,0,-0.94716525,0.09584417939186096,0.9841583967208862,0.9386386275291443
YNL302C,YDR017C,0,-0.94767755,0.09583494067192078,0.9841583967208862,0.9387387633323669
YFL021W,YMR193W,0,-0.9476967,0.09582570195198059,0.9841583967208862,0.9388388395309448
YOL019W,YMR307W,0,-0.9479893,0.0958164632320404,0.9841583967208862,0.9389389157295227
YLR350W,YGL008C,0,-0.9491511,0.09580723196268082,0.9841583967208862,0.9390390515327454
YOL141W,YMR011W,0,-0.94941324,0.09579799324274063,0.9841583967208862,0.9391391277313232
YAL054C,YDL204W,0,-0.9503237,0.09578876197338104,0.9841583967208862,0.9392392635345459
YGL008C,YKL024C,0,-0.9511308,0.09577953070402145,0.9841583967208862,0.9393393397331238
YDR044W,YER017C,0,-0.9524024,0.09577030688524246,0.9841583967208862,0.9394394159317017
YJR077C,YDL130W,0,-0.95267576,0.09576107561588287,0.9841583967208862,0.9395395517349243
YDR074W,YIL135C,0,-0.952782,0.09575185179710388,0.9841583967208862,0.9396396279335022
YOL019W,YDR453C,0,-0.9533959,0.09574262797832489,0.9841583967208862,0.9397397637367249
YDL083C,YJL184W,0,-0.9536964,0.0957334116101265,0.9841583967208862,0.9398398399353027
YJR105W,YGR108W,0,-0.95467573,0.0957241877913475,0.9841583967208862,0.9399399161338806
YBR238C,YOR323C,0,-0.95528215,0.09571497142314911,0.9841583967208862,0.9400400519371033
YAL025C,YLR276C,0,-0.95570517,0.09570575505495071,0.9841583967208862,0.9401401281356812
YPL183W-A,YBR282W,0,-0.9559063,0.09569654613733292,0.9841583967208862,0.9402402639389038
YLR306W,YJR161C,0,-0.9561431,0.09568732976913452,0.9841583967208862,0.9403403401374817
YJL028W,YNL039W,0,-0.9565589,0.09567812085151672,0.9841583967208862,0.9404404163360596
YBR230C,YFL039C,0,-0.9567978,0.09566891193389893,0.9841583967208862,0.9405405521392822
YBR068C,YNL134C,0,-0.9568345,0.09565970301628113,0.9841583967208862,0.9406406283378601
YKL212W,YNR021W,0,-0.9573731,0.09565050154924393,0.9841583967208862,0.9407407641410828
YPL231W,YLR310C,0,-0.9592435,0.09564130008220673,0.9841583967208862,0.9408408403396606
YHR052W,YML085C,0,-0.9593046,0.09563209861516953,0.9841583967208862,0.9409409165382385
YNL300W,YOR099W,0,-0.9598175,0.09562289714813232,0.9841583967208862,0.9410410523414612
YNR013C,YDL130W,0,-0.96049577,0.09561369568109512,0.9841583967208862,0.9411411285400391
YGR105W,YOR182C,0,-0.9605772,0.09560450166463852,0.9841583967208862,0.9412412643432617
YKL004W,YDR450W,0,-0.9609073,0.09559530764818192,0.9841583967208862,0.9413413405418396
YOR209C,YML113W,0,-0.96189,0.09558611363172531,0.9841583967208862,0.9414414167404175
YFR032C-A,YML043C,0,-0.9621384,0.09557691961526871,0.9841583967208862,0.9415415525436401
YOR010C,YIL083C,0,-0.9623155,0.0955677330493927,0.9841583967208862,0.941641628742218
YOL156W,YGL179C,0,-0.9630545,0.0955585464835167,0.9841583967208862,0.9417417645454407
YPL271W,YKL100C,0,-0.9637849,0.09554935991764069,0.9841583967208862,0.9418418407440186
YGL249W,YLR452C,0,-0.96415895,0.09554017335176468,0.9841583967208862,0.9419419169425964
YDL084W,YBR188C,1,-0.9643834,0.09562709927558899,0.9851484894752502,0.9419419169425964
YGR038W,YHR052W,0,-0.9646123,0.09561791270971298,0.9851484894752502,0.9420420527458191
YMR214W,YDL014W,0,-0.96479326,0.09560872614383698,0.9851484894752502,0.942142128944397
YMR321C,YPL237W,0,-0.96519,0.09559953957796097,0.9851484894752502,0.9422422647476196
YEL042W,YNL220W,0,-0.9659942,0.09559035301208496,0.9851484894752502,0.9423423409461975
YDR388W,YOL072W,0,-0.9660714,0.09558117389678955,0.9851484894752502,0.9424424171447754
YPR016C,YPL086C,0,-0.9662189,0.09557199478149414,0.9851484894752502,0.942542552947998
YLR126C,YIR039C,0,-0.9663735,0.09556281566619873,0.9851484894752502,0.9426426291465759
YDR405W,YHR183W,0,-0.9680545,0.09555363655090332,0.9851484894752502,0.9427427649497986
YLR203C,YPL213W,1,-0.9685157,0.09564048051834106,0.986138641834259,0.9427427649497986
YPR006C,YNL239W,0,-0.9685864,0.09563130140304565,0.986138641834259,0.9428428411483765
YJL157C,YEL041W,0,-0.9687212,0.09562212228775024,0.986138641834259,0.9429429173469543
YGL012W,YNL327W,0,-0.9695292,0.09561294317245483,0.986138641834259,0.943043053150177
YNL175C,YDR461W,0,-0.96984977,0.09560376405715942,0.986138641834259,0.9431431293487549
YOL091W,YDR255C,0,-0.96990925,0.09559458494186401,0.986138641834259,0.9432432651519775
YOR298C-A,YPL155C,0,-0.9707245,0.0955854132771492,0.986138641834259,0.9433433413505554
YKL027W,YBR187W,0,-0.97190744,0.09557624161243439,0.986138641834259,0.9434434175491333
YOR142W,YDR090C,0,-0.9722709,0.09556706994771957,0.986138641834259,0.943543553352356
YGL017W,YGR256W,0,-0.9723496,0.09555789828300476,0.986138641834259,0.9436436295509338
YPL281C,YML097C,0,-0.9736499,0.09554873406887054,0.986138641834259,0.9437437653541565
YDR324C,YNR050C,0,-0.974129,0.09553956985473633,0.986138641834259,0.9438438415527344
YHR128W,YOR116C,0,-0.97432667,0.09553040564060211,0.986138641834259,0.9439439177513123
YIL170W,YGR123C,0,-0.9753769,0.0955212414264679,0.986138641834259,0.9440440535545349
YDR385W,YML126C,0,-0.9779379,0.09551208466291428,0.986138641834259,0.9441441297531128
YHR017W,YPR149W,0,-0.9784542,0.09550292789936066,0.986138641834259,0.9442442655563354
YER053C,YMR218C,0,-0.9784731,0.09549377113580704,0.986138641834259,0.9443443417549133
YJL159W,YOL117W,0,-0.9800622,0.09548461437225342,0.986138641834259,0.9444444179534912
YNL256W,YGR076C,0,-0.9801087,0.0954754576086998,0.986138641834259,0.9445445537567139
YLR040C,YOR298C-A,0,-0.9803017,0.09546630829572678,0.986138641834259,0.9446446299552917
YJL177W,YCR053W,0,-0.98071176,0.09545715898275375,0.986138641834259,0.9447447657585144
YGR288W,YJR155W,0,-0.98141545,0.09544800966978073,0.986138641834259,0.9448448419570923
YBR290W,YOR099W,0,-0.9824943,0.0954388678073883,0.986138641834259,0.9449449181556702
YPR006C,YDR307W,0,-0.9835374,0.09542971849441528,0.986138641834259,0.9450450539588928
YLR178C,YOL007C,0,-0.9839018,0.09542057663202286,0.986138641834259,0.9451451301574707
YLR042C,YMR139W,0,-0.9856414,0.09541143476963043,0.986138641834259,0.9452452659606934
YKR094C,YER145C,0,-0.9856984,0.0954023003578186,0.986138641834259,0.9453453421592712
YGR148C,YML104C,0,-0.98573464,0.09539315849542618,0.986138641834259,0.9454454183578491
YPR160W,YBR012W-A,0,-0.9871264,0.09538402408361435,0.986138641834259,0.9455455541610718
YIL015W,YER048W-A,0,-0.9873473,0.09537488967180252,0.986138641834259,0.9456456303596497
YDR202C,YDL024C,0,-0.98840064,0.09536576271057129,0.986138641834259,0.9457457661628723
YDR064W,YDR224C,0,-0.9897432,0.09535662829875946,0.986138641834259,0.9458458423614502
YBL030C,YGL150C,0,-0.9916236,0.09534750133752823,0.986138641834259,0.9459459185600281
YML128C,YPR187W,0,-0.9918254,0.095338374376297,0.986138641834259,0.9460460543632507
YML118W,YNL336W,0,-0.9933004,0.09532924741506577,0.986138641834259,0.9461461305618286
YBR056W,YDR511W,0,-0.99453443,0.09532012790441513,0.986138641834259,0.9462462663650513
YFL039C,YOL013C,0,-0.9947335,0.0953110083937645,0.986138641834259,0.9463463425636292
YHR216W,YHR167W,0,-0.99529344,0.09530188143253326,0.986138641834259,0.946446418762207
YDR533C,YBR293W,0,-0.99626034,0.09529276937246323,0.986138641834259,0.9465465545654297
YHL034C,YBR173C,0,-0.9968831,0.09528364986181259,0.986138641834259,0.9466466307640076
YIL099W,YIL155C,0,-0.99739355,0.09527453780174255,0.986138641834259,0.9467467665672302
YPR101W,YNL327W,0,-0.99779695,0.09526542574167252,0.986138641834259,0.9468468427658081
YDL080C,YEL038W,0,-0.99782413,0.09525631368160248,0.986138641834259,0.946946918964386
YEL046C,YCR047C,0,-0.99790245,0.09524720162153244,0.986138641834259,0.9470470547676086
YAL023C,YOL109W,0,-1.0005996,0.095238097012043,0.986138641834259,0.9471471309661865
YMR246W,YMR033W,0,-1.0008115,0.09522899240255356,0.986138641834259,0.9472472667694092
YBL099W,YOR115C,0,-1.0020657,0.09521988779306412,0.986138641834259,0.9473473429679871
YNL075W,YJR161C,0,-1.0022471,0.09521078318357468,0.986138641834259,0.9474474191665649
YLR008C,YCR003W,0,-1.0045122,0.09520167857408524,0.986138641834259,0.9475475549697876
YNL159C,YDL181W,0,-1.0048946,0.09519258141517639,0.986138641834259,0.9476476311683655
YBR185C,YPR187W,0,-1.0054328,0.09518348425626755,0.986138641834259,0.9477477669715881
YNL016W,YOL040C,0,-1.0059946,0.0951743945479393,0.986138641834259,0.947847843170166
YNL223W,YPR178W,0,-1.0061597,0.09516529738903046,0.986138641834259,0.9479479193687439
YBR158W,YOR168W,0,-1.0061774,0.09515620768070221,0.986138641834259,0.9480480551719666
YHR081W,YDL060W,0,-1.0061871,0.09514711797237396,0.986138641834259,0.9481481313705444
YBL092W,YLR201C,0,-1.0062202,0.09513802826404572,0.986138641834259,0.9482482671737671
YDR096W,YPR156C,0,-1.0064749,0.09512893855571747,0.986138641834259,0.948348343372345
YLR329W,YNL210W,0,-1.0067464,0.09511985629796982,0.986138641834259,0.9484484195709229
YER026C,YLR028C,0,-1.0070021,0.09511077404022217,0.986138641834259,0.9485485553741455
YBR082C,YKL024C,0,-1.0094392,0.09510169178247452,0.986138641834259,0.9486486315727234
YDL082W,YBR141C,0,-1.0097013,0.09509260952472687,0.986138641834259,0.948748767375946
YMR119W,YLR110C,0,-1.0104109,0.09508353471755981,0.986138641834259,0.9488488435745239
YPR137W,YPL019C,0,-1.0115579,0.09507445245981216,0.986138641834259,0.9489489197731018
YER166W,YLR084C,0,-1.0119473,0.09506537765264511,0.986138641834259,0.9490490555763245
YPR190C,YCR012W,0,-1.0141726,0.09505631029605865,0.986138641834259,0.9491491317749023
YPL155C,YFL002W-A,0,-1.0142044,0.0950472354888916,0.986138641834259,0.949249267578125
YDR378C,YLR203C,1,-1.0169307,0.09513358771800995,0.987128734588623,0.949249267578125
YNL175C,YKL172W,0,-1.0197247,0.0951245129108429,0.987128734588623,0.9493493437767029
YKR009C,YJL153C,0,-1.01979,0.09511543810367584,0.987128734588623,0.9494494199752808
YKL078W,YML022W,0,-1.0210128,0.09510636329650879,0.987128734588623,0.9495495557785034
YBR037C,YEL026W,0,-1.0215309,0.09509728848934174,0.987128734588623,0.9496496319770813
YFL003C,YPL183W-A,0,-1.022591,0.09508822113275528,0.987128734588623,0.949749767780304
YBR072W,YIR037W,0,-1.0235757,0.09507915377616882,0.987128734588623,0.9498498439788818
YJL130C,YKL120W,0,-1.024326,0.09507008641958237,0.987128734588623,0.9499499201774597
YPL057C,YBR006W,0,-1.0258056,0.09506101906299591,0.987128734588623,0.9500500559806824
YMR173W,YBR050C,0,-1.0258434,0.09505195915699005,0.987128734588623,0.9501501321792603
YDR077W,YMR201C,0,-1.026524,0.09504289925098419,0.987128734588623,0.9502502679824829
YER190W,YIL097W,0,-1.0268325,0.09503383934497833,0.987128734588623,0.9503503441810608
YKL180W,YBR195C,0,-1.027601,0.09502477943897247,0.987128734588623,0.9504504799842834
YMR315W,YGL222C,0,-1.0281814,0.09501572698354721,0.987128734588623,0.9505505561828613
YEL026W,YPR082C,1,-1.0287255,0.09510196000337601,0.9881188273429871,0.9505505561828613
YOR175C,YEL009C,0,-1.0287542,0.09509290009737015,0.9881188273429871,0.9506506323814392
YIL015W,YOR326W,0,-1.0307044,0.09508384019136429,0.9881188273429871,0.9507507681846619
YDL069C,YER074W,0,-1.0311369,0.09507478028535843,0.9881188273429871,0.9508508443832397
YLR372W,YNL304W,0,-1.0313904,0.09506572782993317,0.9881188273429871,0.9509509801864624
YNL131W,YLR276C,0,-1.0327889,0.0950566753745079,0.9881188273429871,0.9510510563850403
YOR328W,YIL066C,0,-1.0336106,0.09504761546850204,0.9881188273429871,0.9511511325836182
YBL009W,YEL009C,0,-1.03453,0.09503857046365738,0.9881188273429871,0.9512512683868408
YGL020C,YGR183C,0,-1.034686,0.09502951800823212,0.9881188273429871,0.9513513445854187
YBR039W,YIL094C,0,-1.0355502,0.09502047300338745,0.9881188273429871,0.9514514803886414
YOR297C,YMR194W,0,-1.0364689,0.09501142054796219,0.9881188273429871,0.9515515565872192
YOR377W,YMR042W,0,-1.0385051,0.09500238299369812,0.9881188273429871,0.9516516327857971
YER087C-A,YER087C-B,0,-1.039194,0.09499333798885345,0.9881188273429871,0.9517517685890198
YOR287C,YER117W,0,-1.0394864,0.09498429298400879,0.9881188273429871,0.9518518447875977
YNR039C,YEL011W,0,-1.0409948,0.09497525542974472,0.9881188273429871,0.9519519805908203
YBR183W,YKL067W,0,-1.0410006,0.09496621787548065,0.9881188273429871,0.9520520567893982
YJR110W,YGL184C,0,-1.0423006,0.09495718032121658,0.9881188273429871,0.9521521329879761
YJL141C,YLR356W,0,-1.0424837,0.09494815021753311,0.9881188273429871,0.9522522687911987
YPR111W,YKL221W,0,-1.0428826,0.09493912011384964,0.9881188273429871,0.9523523449897766
YDR529C,YJR147W,0,-1.0441815,0.09493009001016617,0.9881188273429871,0.9524524807929993
YAL025C,YNL248C,0,-1.0448635,0.0949210599064827,0.9881188273429871,0.9525525569915771
YGL012W,YDL004W,0,-1.0451459,0.09491202980279922,0.9881188273429871,0.952652633190155
YLR105C,YKL164C,0,-1.0451795,0.09490300714969635,0.9881188273429871,0.9527527689933777
YDR304C,YAR071W,0,-1.0452816,0.09489398449659348,0.9881188273429871,0.9528528451919556
YML029W,YHR044C,0,-1.0453479,0.0948849618434906,0.9881188273429871,0.9529529809951782
YOR386W,YBR006W,0,-1.0454925,0.09487593919038773,0.9881188273429871,0.9530530571937561
YCL033C,YGR143W,0,-1.046301,0.09486691653728485,0.9881188273429871,0.953153133392334
YGL020C,YPL081W,0,-1.0464449,0.09485790133476257,0.9881188273429871,0.9532532691955566
YHR067W,YIL171W,0,-1.0471208,0.0948488861322403,0.9881188273429871,0.9533533453941345
YMR238W,YLR340W,0,-1.0473404,0.09483987092971802,0.9881188273429871,0.9534534811973572
YMR296C,YPL127C,0,-1.0475398,0.09483086317777634,0.9881188273429871,0.9535535573959351
YNL197C,YJL155C,0,-1.0479895,0.09482185542583466,0.9881188273429871,0.9536536335945129
YIL133C,YDL225W,0,-1.0486552,0.09481284767389297,0.9881188273429871,0.9537537693977356
YNL069C,YAR007C,0,-1.0491104,0.0948038399219513,0.9881188273429871,0.9538538455963135
YNL110C,YER095W,0,-1.0494815,0.09479483217000961,0.9881188273429871,0.9539539813995361
YFL053W,YNL021W,0,-1.0504788,0.09478583186864853,0.9881188273429871,0.954054057598114
YMR071C,YDR529C,0,-1.0507765,0.09477683156728745,0.9881188273429871,0.9541541337966919
YLR187W,YHR045W,0,-1.0508982,0.09476783126592636,0.9881188273429871,0.9542542695999146
YPL048W,YOL142W,0,-1.0516917,0.09475883096456528,0.9881188273429871,0.9543543457984924
YHR105W,YBL105C,0,-1.0517607,0.0947498306632042,0.9881188273429871,0.9544544816017151
YEL026W,YLR438C-A,1,-1.0520842,0.09483577311038971,0.9891089200973511,0.9544544816017151
YJL048C,YDL045C,0,-1.0524725,0.09482676535844803,0.9891089200973511,0.954554557800293
YDR194C,YLR203C,1,-1.0532594,0.09491267800331116,0.9900990128517151,0.954554557800293
YEL064C,YMR136W,0,-1.0546201,0.09490367025136948,0.9900990128517151,0.9546546339988708
YHR085W,YDL229W,0,-1.0561757,0.09489466995000839,0.9900990128517151,0.9547547698020935
YGL032C,YGL029W,0,-1.0568136,0.09488566219806671,0.9900990128517151,0.9548548460006714
YMR292W,YNL209W,0,-1.0575516,0.09487666189670563,0.9900990128517151,0.954954981803894
YFR008W,YGR008C,0,-1.0577518,0.09486766159534454,0.9900990128517151,0.9550550580024719
YOR288C,YNR075W,0,-1.058626,0.09485866129398346,0.9900990128517151,0.9551551342010498
YHR041C,YDL192W,0,-1.0593752,0.09484966099262238,0.9900990128517151,0.9552552700042725
YPL132W,YER006W,0,-1.0598392,0.09484066814184189,0.9900990128517151,0.9553553462028503
YGL040C,YDR495C,0,-1.0600543,0.0948316752910614,0.9900990128517151,0.955455482006073
YDL036C,YKL096W-A,0,-1.0606896,0.09482268244028091,0.9900990128517151,0.9555555582046509
YKR008W,YKR057W,0,-1.0609529,0.09481368958950043,0.9900990128517151,0.9556556344032288
YJL164C,YKR009C,0,-1.0610636,0.09480470418930054,0.9900990128517151,0.9557557702064514
YNL012W,YNL134C,0,-1.0612072,0.09479571878910065,0.9900990128517151,0.9558558464050293
YDR171W,YHL024W,0,-1.063501,0.09478673338890076,0.9900990128517151,0.955955982208252
YPR124W,YDR156W,0,-1.0639113,0.09477774798870087,0.9900990128517151,0.9560560584068298
YNL302C,YBR195C,0,-1.0645324,0.09476876258850098,0.9900990128517151,0.9561561346054077
YBL003C,YPR190C,0,-1.0652305,0.09475978463888168,0.9900990128517151,0.9562562704086304
YER144C,YDL195W,0,-1.0661246,0.09475080668926239,0.9900990128517151,0.9563563466072083
YDR076W,YMR170C,0,-1.0667096,0.0947418287396431,0.9900990128517151,0.9564564824104309
YLR286C,YOR217W,0,-1.0683776,0.0947328507900238,0.9900990128517151,0.9565565586090088
YBR083W,YMR019W,0,-1.0694412,0.09472388029098511,0.9900990128517151,0.9566566348075867
YLR424W,YCL025C,0,-1.0702592,0.09471490979194641,0.9900990128517151,0.9567567706108093
YJL206C,YNL209W,0,-1.0713974,0.09470593929290771,0.9900990128517151,0.9568568468093872
YDL236W,YHR079C-A,0,-1.071551,0.09469696879386902,0.9900990128517151,0.9569569826126099
YML042W,YIR039C,0,-1.071638,0.09468800574541092,0.9900990128517151,0.9570570588111877
YOR230W,YNL027W,0,-1.0716456,0.09467903524637222,0.9900990128517151,0.9571571350097656
YBR132C,YBR105C,0,-1.0717418,0.09467007219791412,0.9900990128517151,0.9572572708129883
YER110C,YMR089C,0,-1.0720226,0.09466111660003662,0.9900990128517151,0.9573573470115662
YCR068W,YOR245C,0,-1.0725412,0.09465215355157852,0.9900990128517151,0.9574574828147888
YNL256W,YDR158W,0,-1.0737512,0.09464319795370102,0.9900990128517151,0.9575575590133667
YDR086C,YIL145C,0,-1.0759457,0.09463424235582352,0.9900990128517151,0.9576576352119446
YER073W,YPR036W,0,-1.0772744,0.09462528675794601,0.9900990128517151,0.9577577710151672
YFL014W,YKL189W,0,-1.0782157,0.09461633116006851,0.9900990128517151,0.9578578472137451
YBR294W,YLR028C,0,-1.0784818,0.0946073830127716,0.9900990128517151,0.9579579830169678
YBR120C,YDR038C,0,-1.079877,0.0945984274148941,0.9900990128517151,0.9580580592155457
YIR017C,YKL020C,0,-1.0807244,0.0945894792675972,0.9900990128517151,0.9581581354141235
YBR223C,YMR092C,0,-1.0813717,0.09458053857088089,0.9900990128517151,0.9582582712173462
YBR105C,YHR188C,0,-1.0822634,0.09457159042358398,0.9900990128517151,0.9583583474159241
YFL052W,YOL065C,0,-1.0824724,0.09456264972686768,0.9900990128517151,0.9584584832191467
YJR097W,YHL001W,0,-1.0834857,0.09455370903015137,0.9900990128517151,0.9585585594177246
YKR080W,YOR206W,0,-1.0839776,0.09454476833343506,0.9900990128517151,0.9586586356163025
YPR119W,YPR118W,0,-1.0840088,0.09453582763671875,0.9900990128517151,0.9587587714195251
YPL183W-A,YNL162W,0,-1.0850041,0.09452689439058304,0.9900990128517151,0.958858847618103
YJR063W,YMR308C,0,-1.085265,0.09451796114444733,0.9900990128517151,0.9589589834213257
YGL123W,YBR179C,0,-1.0854737,0.09450902789831161,0.9900990128517151,0.9590590596199036
YML081C-A,YLR264W,0,-1.0855936,0.0945000946521759,0.9900990128517151,0.9591591358184814
YOR162C,YOR070C,0,-1.0862105,0.09449116140604019,0.9900990128517151,0.9592592716217041
YPR108W,YDR226W,0,-1.0879265,0.09448223561048508,0.9900990128517151,0.959359347820282
YER039C,YMR200W,0,-1.0892881,0.09447330981492996,0.9900990128517151,0.9594594836235046
YML019W,YBR282W,0,-1.0893713,0.09446438401937485,0.9900990128517151,0.9595595598220825
YLR388W,YNL188W,0,-1.0917917,0.09445546567440033,0.9900990128517151,0.9596596360206604
YAL005C,YFR001W,0,-1.0919373,0.09444653987884521,0.9900990128517151,0.9597597718238831
YBL061C,YDL171C,0,-1.0925883,0.0944376215338707,0.9900990128517151,0.9598598480224609
YOL080C,YGR172C,0,-1.093153,0.09442870318889618,0.9900990128517151,0.9599599838256836
YLR276C,YDR044W,0,-1.0939629,0.09441979229450226,0.9900990128517151,0.9600600600242615
YPL082C,YOR226C,0,-1.0944419,0.09441087394952774,0.9900990128517151,0.9601601362228394
YLR155C,YGR264C,0,-1.0947642,0.09440196305513382,0.9900990128517151,0.960260272026062
YOL064C,YDR197W,0,-1.0959207,0.0943930521607399,0.9900990128517151,0.9603603482246399
YDL191W,YLL022C,0,-1.0976758,0.09438414126634598,0.9900990128517151,0.9604604840278625
YBR287W,YAL017W,0,-1.0980991,0.09437523782253265,0.9900990128517151,0.9605605602264404
YDL217C,YPR183W,0,-1.0981376,0.09436632692813873,0.9900990128517151,0.9606606364250183
YHR215W,YOR124C,0,-1.0983216,0.09435742348432541,0.9900990128517151,0.960760772228241
YJL048C,YER053C,0,-1.0987221,0.09434852004051208,0.9900990128517151,0.9608608484268188
YJL158C,YMR026C,0,-1.0995334,0.09433962404727936,0.9900990128517151,0.9609609842300415
YGL059W,YGL062W,0,-1.1017703,0.09433072060346603,0.9900990128517151,0.9610610604286194
YLR452C,YKL053C-A,0,-1.1033138,0.0943218246102333,0.9900990128517151,0.9611611366271973
YLR042C,YGL201C,0,-1.104279,0.09431292861700058,0.9900990128517151,0.9612612724304199
YOL038W,YCR012W,0,-1.1044145,0.09430403262376785,0.9900990128517151,0.9613613486289978
YER150W,YDR180W,0,-1.1058061,0.09429514408111572,0.9900990128517151,0.9614614844322205
YLR153C,YHR052W,0,-1.1060306,0.09428625553846359,0.9900990128517151,0.9615615606307983
YNR060W,YDR523C,0,-1.1073439,0.09427736699581146,0.9900990128517151,0.9616616368293762
YOL123W,YDL137W,0,-1.1089895,0.09426847845315933,0.9900990128517151,0.9617617726325989
YNR035C,YER026C,0,-1.1093676,0.0942595899105072,0.9900990128517151,0.9618618488311768
YKL120W,YHR005C-A,0,-1.1124865,0.09425070881843567,0.9900990128517151,0.9619619846343994
YOR064C,YLL055W,0,-1.1130118,0.09424182772636414,0.9900990128517151,0.9620620608329773
YMR146C,YDL184C,0,-1.113955,0.0942329466342926,0.9900990128517151,0.9621621370315552
YDR155C,YNL026W,0,-1.1149975,0.09422406554222107,0.9900990128517151,0.9622622728347778
YOL040C,YAL034W-A,0,-1.1157116,0.09421518445014954,0.9900990128517151,0.9623623490333557
YDR496C,YEL003W,0,-1.1165006,0.0942063108086586,0.9900990128517151,0.9624624848365784
YAL040C,YGL055W,0,-1.1171237,0.09419743716716766,0.9900990128517151,0.9625625610351562
YOL125W,YMR182C,0,-1.1176916,0.09418856352567673,0.9900990128517151,0.9626626372337341
YLR110C,YBR210W,0,-1.1182386,0.09417969733476639,0.9900990128517151,0.9627627730369568
YFL053W,YKL071W,0,-1.1186018,0.09417082369327545,0.9900990128517151,0.9628628492355347
YOR306C,YDR297W,0,-1.119943,0.09416195750236511,0.9900990128517151,0.9629629850387573
YJL178C,YLR325C,0,-1.1206616,0.09415309131145477,0.9900990128517151,0.9630630612373352
YDR342C,YGL166W,0,-1.1207293,0.09414423257112503,0.9900990128517151,0.9631631374359131
YBR155W,YDL040C,0,-1.1210877,0.09413536638021469,0.9900990128517151,0.9632632732391357
YBR251W,YPR080W,0,-1.1219107,0.09412650763988495,0.9900990128517151,0.9633633494377136
YAL003W,YGR229C,0,-1.123123,0.0941176488995552,0.9900990128517151,0.9634634852409363
YEL011W,YJR025C,0,-1.1238401,0.09410879015922546,0.9900990128517151,0.9635635614395142
YIL078W,YKL144C,0,-1.1244148,0.09409993141889572,0.9900990128517151,0.963663637638092
YGR085C,YPR103W,0,-1.1244171,0.09409108012914658,0.9900990128517151,0.9637637734413147
YBR187W,YBL021C,0,-1.1246333,0.09408222883939743,0.9900990128517151,0.9638638496398926
YMR146C,YML028W,0,-1.1247398,0.09407337754964828,0.9900990128517151,0.9639639854431152
YBR092C,YLR300W,0,-1.1278553,0.09406452625989914,0.9900990128517151,0.9640640616416931
YBL090W,YNL327W,0,-1.1280097,0.09405568242073059,0.9900990128517151,0.964164137840271
YCR083W,YAL008W,0,-1.1295036,0.09404683858156204,0.9900990128517151,0.9642642736434937
YPL092W,YGR198W,0,-1.1296238,0.0940379947423935,0.9900990128517151,0.9643643498420715
YJR105W,YBL030C,0,-1.130983,0.09402915090322495,0.9900990128517151,0.9644644856452942
YMR305C,YPR113W,0,-1.1366371,0.0940203070640564,0.9900990128517151,0.9645645618438721
YBR039W,YDR072C,0,-1.1367961,0.09401147067546844,0.9900990128517151,0.96466463804245
YCR028C-A,YPR145W,0,-1.1377743,0.0940026342868805,0.9900990128517151,0.9647647738456726
YGR008C,YLR362W,0,-1.1379234,0.09399379789829254,0.9900990128517151,0.9648648500442505
YOR098C,YLR372W,0,-1.1383075,0.09398496150970459,0.9900990128517151,0.9649649858474731
YKR006C,YDR488C,0,-1.1422539,0.09397613257169724,0.9900990128517151,0.965065062046051
YLR431C,YLL039C,0,-1.1436391,0.09396729618310928,0.9900990128517151,0.9651651382446289
YNL256W,YJR113C,0,-1.1452204,0.09395846724510193,0.9900990128517151,0.9652652740478516
YIL027C,YML106W,0,-1.1472532,0.09394964575767517,0.9900990128517151,0.9653653502464294
YLR155C,YPL283C,0,-1.1484643,0.09394081681966782,0.9900990128517151,0.9654654860496521
YLR014C,YOR293W,0,-1.1494478,0.09393199533224106,0.9900990128517151,0.96556556224823
YGL156W,YNL202W,0,-1.1506965,0.0939231738448143,0.9900990128517151,0.9656656384468079
YNR067C,YOR315W,0,-1.1510795,0.09391435235738754,0.9900990128517151,0.9657657742500305
YPL241C,YHR007C,0,-1.1510856,0.09390553086996078,0.9900990128517151,0.9658658504486084
YDR432W,YER006W,0,-1.154582,0.09389671683311462,0.9900990128517151,0.965965986251831
YDR144C,YER165W,0,-1.1554611,0.09388789534568787,0.9900990128517151,0.9660660624504089
YCL018W,YNL327W,0,-1.1555462,0.0938790813088417,0.9900990128517151,0.9661661386489868
YJL050W,YHR062C,0,-1.1598777,0.09387027472257614,0.9900990128517151,0.9662662744522095
YCR028C,YGR198W,0,-1.1609348,0.09386146068572998,0.9900990128517151,0.9663663506507874
YHR116W,YLR286C,0,-1.1640435,0.09385265409946442,0.9900990128517151,0.96646648645401
YBR187W,YGL211W,0,-1.1643207,0.09384384751319885,0.9900990128517151,0.9665665626525879
YBL003C,YHR107C,0,-1.16575,0.09383504092693329,0.9900990128517151,0.9666666388511658
YPR011C,YLR142W,0,-1.165814,0.09382623434066772,0.9900990128517151,0.9667667746543884
YER185W,YNL134C,0,-1.1662929,0.09381742775440216,0.9900990128517151,0.9668668508529663
YML036W,YFR032C-A,0,-1.1675476,0.0938086286187172,0.9900990128517151,0.966966986656189
YGL120C,YOR187W,0,-1.1675794,0.09379982948303223,0.9900990128517151,0.9670670628547668
YCL010C,YDR503C,0,-1.1704726,0.09379103034734726,0.9900990128517151,0.9671671390533447
YMR312W,YHR010W,0,-1.1705095,0.09378223866224289,0.9900990128517151,0.9672672748565674
YHR215W,YJL104W,0,-1.1706035,0.09377344697713852,0.9900990128517151,0.9673673510551453
YFR045W,YER039C,0,-1.170791,0.09376464784145355,0.9900990128517151,0.9674674868583679
YML106W,YOR317W,0,-1.17125,0.09375585615634918,0.9900990128517151,0.9675675630569458
YLL019C,YBR299W,0,-1.1717843,0.09374707192182541,0.9900990128517151,0.9676676392555237
YEL034W,YDR211W,0,-1.1728362,0.09373828023672104,0.9900990128517151,0.9677677750587463
YNR002C,YCR089W,0,-1.1768616,0.09372949600219727,0.9900990128517151,0.9678678512573242
YPL131W,YMR016C,0,-1.1769724,0.09372071176767349,0.9900990128517151,0.9679679870605469
YHR128W,YPL212C,0,-1.1801937,0.09371192753314972,0.9900990128517151,0.9680680632591248
YER175C,YHR104W,0,-1.1803478,0.09370315074920654,0.9900990128517151,0.9681681394577026
YJR145C,YFR037C,0,-1.1815808,0.09369436651468277,0.9900990128517151,0.9682682752609253
YGL021W,YFL021W,0,-1.1823746,0.0936855897307396,0.9900990128517151,0.9683683514595032
YKR009C,YNR061C,0,-1.1834182,0.09367681294679642,0.9900990128517151,0.9684684872627258
YOL016C,YNL335W,0,-1.1840771,0.09366804361343384,0.9900990128517151,0.9685685634613037
YGL181W,YIL015W,0,-1.1859218,0.09365926682949066,0.9900990128517151,0.9686686396598816
YNL207W,YOL058W,0,-1.1863515,0.09365049749612808,0.9900990128517151,0.9687687754631042
YBR177C,YLL012W,0,-1.1870447,0.0936417281627655,0.9900990128517151,0.9688688516616821
YLR142W,YNL339C,0,-1.1882966,0.09363295882940292,0.9900990128517151,0.9689689874649048
YBR120C,YHR010W,0,-1.1903721,0.09362418949604034,0.9900990128517151,0.9690690636634827
YDR373W,YGL187C,0,-1.1919883,0.09361542761325836,0.9900990128517151,0.9691691398620605
YPL220W,YPL128C,0,-1.1974496,0.09360666573047638,0.9900990128517151,0.9692692756652832
YGR027C,YOR288C,0,-1.1975788,0.0935979038476944,0.9900990128517151,0.9693693518638611
YMR229C,YLR051C,0,-1.1979787,0.09358914196491241,0.9900990128517151,0.9694694876670837
YOL127W,YPL050C,0,-1.1982826,0.09358038753271103,0.9900990128517151,0.9695695638656616
YDR342C,YPR163C,0,-1.1993761,0.09357162564992905,0.9900990128517151,0.9696696400642395
YOR054C,YML128C,0,-1.1995939,0.09356287121772766,0.9900990128517151,0.9697697758674622
YML039W,YGL090W,0,-1.1996263,0.09355412423610687,0.9900990128517151,0.96986985206604
YPL110C,YLR356W,0,-1.201374,0.09354536980390549,0.9900990128517151,0.9699699878692627
YLR373C,YGL008C,0,-1.2021517,0.0935366228222847,0.9900990128517151,0.9700700640678406
YIL076W,YMR145C,0,-1.2024854,0.09352786839008331,0.9900990128517151,0.9701701998710632
YLR209C,YJR047C,0,-1.2040938,0.09351912140846252,0.9900990128517151,0.9702702760696411
YPL152W,YMR251W-A,0,-1.2045403,0.09351038187742233,0.9900990128517151,0.970370352268219
YPR005C,YOR071C,0,-1.2052833,0.09350163489580154,0.9900990128517151,0.9704704880714417
YDR316W,YBL092W,0,-1.2059878,0.09349289536476135,0.9900990128517151,0.9705705642700195
YOR393W,YIL121W,0,-1.2061077,0.09348415583372116,0.9900990128517151,0.9706707000732422
YLR003C,YDR037W,0,-1.2092497,0.09347541630268097,0.9900990128517151,0.9707707762718201
YGR121C,YOR317W,0,-1.2093884,0.09346667677164078,0.9900990128517151,0.970870852470398
YBR196C,YGR186W,0,-1.2106292,0.09345794469118118,0.9900990128517151,0.9709709882736206
YNL175C,YER086W,0,-1.2125767,0.09344921261072159,0.9900990128517151,0.9710710644721985
YOR301W,YMR142C,0,-1.2126756,0.093440480530262,0.9900990128517151,0.9711712002754211
YJR025C,YNL012W,0,-1.2157162,0.0934317484498024,0.9900990128517151,0.971271276473999
YKR065C,YBR210W,0,-1.2158421,0.0934230163693428,0.9900990128517151,0.9713713526725769
YNR001C,YGL207W,0,-1.216772,0.0934142917394638,0.9900990128517151,0.9714714884757996
YNR001C,YHR082C,0,-1.2168262,0.09340556710958481,0.9900990128517151,0.9715715646743774
YMR202W,YIL074C,0,-1.2168978,0.09339684247970581,0.9900990128517151,0.9716717004776001
YER146W,YCR012W,0,-1.2183219,0.09338811784982681,0.9900990128517151,0.971771776676178
YJR121W,YPL094C,0,-1.2213062,0.09337940067052841,0.9900990128517151,0.9718718528747559
YPL162C,YMR297W,0,-1.2224116,0.09337068349123001,0.9900990128517151,0.9719719886779785
YDR180W,YDL181W,0,-1.2229518,0.09336196631193161,0.9900990128517151,0.9720720648765564
YGR105W,YKL164C,0,-1.2237072,0.09335324913263321,0.9900990128517151,0.972172200679779
YDL040C,YMR233W,0,-1.2247738,0.09334453195333481,0.9900990128517151,0.9722722768783569
YNL160W,YNL021W,0,-1.2248887,0.093335822224617,0.9900990128517151,0.9723723530769348
YOR375C,YLR340W,0,-1.2276725,0.0933271124958992,0.9900990128517151,0.9724724888801575
YMR321C,YNL219C,0,-1.229422,0.0933184027671814,0.9900990128517151,0.9725725650787354
YNR032W,YJL153C,0,-1.230335,0.09330969303846359,0.9900990128517151,0.972672700881958
YNL248C,YGL077C,0,-1.2307844,0.09330099076032639,0.9900990128517151,0.9727727770805359
YGL173C,YPR194C,0,-1.2320377,0.09329228103160858,0.9900990128517151,0.9728728532791138
YDL204W,YOR120W,0,-1.2328511,0.09328357875347137,0.9900990128517151,0.9729729890823364
YOL101C,YDL082W,0,-1.2358626,0.09327488392591476,0.9900990128517151,0.9730730652809143
YML126C,YOR369C,0,-1.2365419,0.09326618164777756,0.9900990128517151,0.973173201084137
YOR346W,YGL068W,0,-1.2391646,0.09325748682022095,0.9900990128517151,0.9732732772827148
YJL221C,YDR291W,0,-1.239607,0.09324878454208374,0.9900990128517151,0.9733733534812927
YOL127W,YNR054C,0,-1.2404338,0.09324008971452713,0.9900990128517151,0.9734734892845154
YPR113W,YOL103W,0,-1.2419227,0.09323140233755112,0.9900990128517151,0.9735735654830933
YML063W,YGR195W,0,-1.2440118,0.0932227075099945,0.9900990128517151,0.9736737012863159
YOR085W,YMR038C,0,-1.2445732,0.0932140201330185,0.9900990128517151,0.9737737774848938
YBR286W,YOR036W,0,-1.2468923,0.09320533275604248,0.9900990128517151,0.9738738536834717
YLL032C,YCL074W,0,-1.2469178,0.09319664537906647,0.9900990128517151,0.9739739894866943
YGR158C,YDR225W,0,-1.2474679,0.09318795800209045,0.9900990128517151,0.9740740656852722
YNL072W,YDR432W,0,-1.2485653,0.09317927807569504,0.9900990128517151,0.9741742014884949
YNL075W,YNR021W,0,-1.2521738,0.09317059814929962,0.9900990128517151,0.9742742776870728
YPL274W,YAR050W,0,-1.2567383,0.0931619182229042,0.9900990128517151,0.9743743538856506
YHR160C,YDR085C,0,-1.2570428,0.09315323829650879,0.9900990128517151,0.9744744896888733
YML132W,YNL336W,0,-1.2583065,0.09314455837011337,0.9900990128517151,0.9745745658874512
YDL136W,YIL158W,0,-1.2600296,0.09313588589429855,0.9900990128517151,0.9746747016906738
YER006W,YBL075C,0,-1.2601345,0.09312721341848373,0.9900990128517151,0.9747747778892517
YFL045C,YBL054W,0,-1.2603457,0.09311854094266891,0.9900990128517151,0.9748748540878296
YGR032W,YDL008W,0,-1.265149,0.0931098684668541,0.9900990128517151,0.9749749898910522
YDL245C,YLR359W,0,-1.2656256,0.09310120344161987,0.9900990128517151,0.9750750660896301
YMR033W,YDL061C,0,-1.2658616,0.09309253096580505,0.9900990128517151,0.9751752018928528
YMR282C,YMR116C,0,-1.2660495,0.09308386594057083,0.9900990128517151,0.9752752780914307
YDL229W,YML074C,0,-1.2661575,0.0930752083659172,0.9900990128517151,0.9753753542900085
YEL011W,YMR023C,0,-1.266935,0.09306654334068298,0.9900990128517151,0.9754754900932312
YLR109W,YPL098C,0,-1.2679542,0.09305787831544876,0.9900990128517151,0.9755755662918091
YPL092W,YHR074W,0,-1.2680837,0.09304922074079514,0.9900990128517151,0.9756757020950317
YKL181W,YGR192C,0,-1.2694446,0.09304056316614151,0.9900990128517151,0.9757757782936096
YLR439W,YNL002C,0,-1.2706143,0.09303191304206848,0.9900990128517151,0.9758758544921875
YKL056C,YFR037C,0,-1.2710019,0.09302325546741486,0.9900990128517151,0.9759759902954102
YOL128C,YBR241C,0,-1.2732147,0.09301460534334183,0.9900990128517151,0.976076066493988
YEL054C,YML112W,0,-1.273373,0.0930059552192688,0.9900990128517151,0.9761762022972107
YLR359W,YFR037C,0,-1.2737864,0.09299730509519577,0.9900990128517151,0.9762762784957886
YDR363W,YIL136W,0,-1.2766407,0.09298865497112274,0.9900990128517151,0.9763763546943665
YGL121C,YDR461W,0,-1.277845,0.09298001229763031,0.9900990128517151,0.9764764904975891
YDL205C,YDL208W,0,-1.2806078,0.09297136217355728,0.9900990128517151,0.976576566696167
YGL020C,YML056C,0,-1.2842606,0.09296271950006485,0.9900990128517151,0.9766767024993896
YFL054C,YMR173W,0,-1.2842745,0.09295408427715302,0.9900990128517151,0.9767767786979675
YEL026W,YKR052C,1,-1.2846508,0.09303838759660721,0.9910891056060791,0.9767767786979675
YHR065C,YLR110C,0,-1.2856364,0.09302973747253418,0.9910891056060791,0.9768768548965454
YHR089C,YBL099W,0,-1.2890258,0.09302109479904175,0.9910891056060791,0.9769769906997681
YGR262C,YNL067W,0,-1.2895352,0.09301245212554932,0.9910891056060791,0.977077066898346
YKL163W,YJL171C,0,-1.2896501,0.09300380945205688,0.9910891056060791,0.9771772027015686
YER061C,YDR171W,0,-1.2924463,0.09299516677856445,0.9910891056060791,0.9772772789001465
YDL153C,YLR043C,0,-1.2924672,0.09298653155565262,0.9910891056060791,0.9773773550987244
YNR002C,YDR251W,0,-1.2966329,0.09297789633274078,0.9910891056060791,0.977477490901947
YOR150W,YGR061C,0,-1.2986532,0.09296926110982895,0.9910891056060791,0.9775775671005249
YBL002W,YNL124W,0,-1.3026727,0.09296062588691711,0.9910891056060791,0.9776777029037476
YLL061W,YDL184C,0,-1.3033174,0.09295199066400528,0.9910891056060791,0.9777777791023254
YOR122C,YJL145W,0,-1.3035754,0.09294336289167404,0.9910891056060791,0.9778778553009033
YPR163C,YFR037C,0,-1.3061962,0.0929347351193428,0.9910891056060791,0.977977991104126
YKL085W,YGL250W,0,-1.3090023,0.09292610734701157,0.9910891056060791,0.9780780673027039
YBR182C,YLR120C,0,-1.3091615,0.09291747957468033,0.9910891056060791,0.9781782031059265
YBR139W,YOR317W,0,-1.309578,0.09290885180234909,0.9910891056060791,0.9782782793045044
YHR066W,YDL212W,0,-1.3095824,0.09290023148059845,0.9910891056060791,0.9783783555030823
YHR005C-A,YER117W,0,-1.3109502,0.09289161115884781,0.9910891056060791,0.9784784913063049
YMR307W,YPL139C,0,-1.31122,0.09288299083709717,0.9910891056060791,0.9785785675048828
YMR246W,YML126C,0,-1.313259,0.09287437051534653,0.9910891056060791,0.9786787033081055
YDR158W,YGR134W,0,-1.3134078,0.09286575764417648,0.9910891056060791,0.9787787795066833
YDL226C,YNL209W,0,-1.3137008,0.09285714477300644,0.9910891056060791,0.9788788557052612
YGL120C,YHL013C,0,-1.3154614,0.0928485319018364,0.9910891056060791,0.9789789915084839
YAL029C,YMR006C,0,-1.3162353,0.09283991903066635,0.9910891056060791,0.9790790677070618
YGL135W,YDR394W,0,-1.3174328,0.09283130615949631,0.9910891056060791,0.9791792035102844
YOR384W,YMR256C,0,-1.317616,0.09282270073890686,0.9910891056060791,0.9792792797088623
YBL003C,YER082C,0,-1.3193501,0.09281409531831741,0.9910891056060791,0.9793793559074402
YDL085W,YGL184C,0,-1.3195335,0.09280548989772797,0.9910891056060791,0.9794794917106628
YER148W,YMR309C,0,-1.3200927,0.09279688447713852,0.9910891056060791,0.9795795679092407
YML128C,YLR307W,0,-1.3231424,0.09278828650712967,0.9910891056060791,0.9796797037124634
YNL067W,YOL021C,0,-1.3236305,0.09277968108654022,0.9910891056060791,0.9797797799110413
YLR350W,YOR388C,0,-1.3255548,0.09277108311653137,0.9910891056060791,0.9798798561096191
YJL114W,YDL070W,0,-1.3285137,0.09276248514652252,0.9910891056060791,0.9799799919128418
YGR118W,YKL148C,0,-1.3285321,0.09275389462709427,0.9910891056060791,0.9800800681114197
YDR033W,YMR308C,0,-1.3299643,0.09274529665708542,0.9910891056060791,0.9801802039146423
YGL008C,YPR048W,0,-1.3319956,0.09273670613765717,0.9910891056060791,0.9802802801132202
YOR243C,YLR285W,0,-1.3330007,0.09272811561822891,0.9910891056060791,0.9803803563117981
YNL322C,YNL274C,0,-1.3331935,0.09271952509880066,0.9910891056060791,0.9804804921150208
YER118C,YML026C,0,-1.3355733,0.0927109345793724,0.9910891056060791,0.9805805683135986
YHR052W,YMR308C,0,-1.3401917,0.09270235151052475,0.9910891056060791,0.9806807041168213
YLL038C,YMR056C,0,-1.3417239,0.0926937684416771,0.9910891056060791,0.9807807803153992
YGL123W,YJL184W,0,-1.3423787,0.09268518537282944,0.9910891056060791,0.980880856513977
YGL030W,YBL026W,1,-1.343736,0.09276919066905975,0.9920791983604431,0.980880856513977
YHR021C,YLR163C,0,-1.3446006,0.0927606001496315,0.9920791983604431,0.9809809923171997
YDL133C-A,YER087C-A,0,-1.3453885,0.09275200963020325,0.9920791983604431,0.9810810685157776
YKL143W,YDL229W,0,-1.3498223,0.09274342656135559,0.9920791983604431,0.9811812043190002
YNL088W,YMR116C,0,-1.3505868,0.09273484349250793,0.9920791983604431,0.9812812805175781
YHR010W,YBR202W,0,-1.3507742,0.09272626042366028,0.9920791983604431,0.981381356716156
YLR327C,YER150W,0,-1.355681,0.09271768480539322,0.9920791983604431,0.9814814925193787
YPR160W,YOR070C,0,-1.3568045,0.09270910173654556,0.9920791983604431,0.9815815687179565
YDR429C,YDR245W,0,-1.3571101,0.0927005261182785,0.9920791983604431,0.9816817045211792
YNL112W,YMR321C,0,-1.357636,0.09269195050001144,0.9920791983604431,0.9817817807197571
YCL043C,YGL255W,0,-1.358447,0.09268337488174438,0.9920791983604431,0.981881856918335
YPL104W,YJR094W-A,0,-1.3590008,0.09267480671405792,0.9920791983604431,0.9819819927215576
YGR255C,YMR136W,0,-1.3595343,0.09266623854637146,0.9920791983604431,0.9820820689201355
YKL009W,YFL018C,0,-1.3596002,0.0926576629281044,0.9920791983604431,0.9821822047233582
YDR214W,YHR032W,0,-1.3602036,0.09264909476041794,0.9920791983604431,0.982282280921936
YPR101W,YOL039W,0,-1.3610619,0.09264053404331207,0.9920791983604431,0.9823823571205139
YJL138C,YOR094W,0,-1.3625618,0.09263196587562561,0.9920791983604431,0.9824824929237366
YDR492W,YER098W,0,-1.3673612,0.09262340515851974,0.9920791983604431,0.9825825691223145
YEL026W,YGR075C,1,-1.3694098,0.09270727634429932,0.9930692911148071,0.9825825691223145
YJR145C,YBL022C,0,-1.369923,0.09269870817661285,0.9930692911148071,0.9826827049255371
YHR007C,YPR140W,0,-1.3772756,0.09269014000892639,0.9930692911148071,0.982782781124115
YDL067C,YGL055W,0,-1.3807379,0.09268157184123993,0.9930692911148071,0.9828828573226929
YMR203W,YLR287C-A,0,-1.3808833,0.09267301112413406,0.9930692911148071,0.9829829931259155
YDL022W,YGL255W,0,-1.381477,0.0926644504070282,0.9930692911148071,0.9830830693244934
YML125C,YAL061W,0,-1.3824962,0.09265588968992233,0.9930692911148071,0.9831832051277161
YAL035W,YHL001W,0,-1.3890435,0.09264732897281647,0.9930692911148071,0.983283281326294
YBL068W,YDL084W,0,-1.3915449,0.0926387757062912,0.9930692911148071,0.9833833575248718
YGR144W,YBR026C,0,-1.3935276,0.09263021498918533,0.9930692911148071,0.9834834933280945
YJL125C,YML028W,0,-1.3963113,0.09262166172266006,0.9930692911148071,0.9835835695266724
YEL026W,YIL016W,0,-1.3968812,0.0926131084561348,0.9930692911148071,0.983683705329895
YLR388W,YOR217W,0,-1.3969038,0.09260456264019012,0.9930692911148071,0.9837837815284729
YML125C,YDR171W,0,-1.3985122,0.09259600937366486,0.9930692911148071,0.9838838577270508
YDR090C,YBR052C,0,-1.4008703,0.09258746355772018,0.9930692911148071,0.9839839935302734
YDR073W,YCR012W,0,-1.4015514,0.09257891774177551,0.9930692911148071,0.9840840697288513
YAR015W,YPL093W,0,-1.412024,0.09257037192583084,0.9930692911148071,0.984184205532074
YOR155C,YGL255W,0,-1.4189104,0.09256183356046677,0.9930692911148071,0.9842842817306519
YGR166W,YOR010C,0,-1.421054,0.0925532877445221,0.9930692911148071,0.9843843579292297
YGR220C,YOR315W,0,-1.4270604,0.09254474937915802,0.9930692911148071,0.9844844937324524
YGR183C,YJL117W,0,-1.4274586,0.09253621101379395,0.9930692911148071,0.9845845699310303
YML026C,YER124C,0,-1.4280566,0.09252767264842987,0.9930692911148071,0.9846847057342529
YGL054C,YPL092W,0,-1.4295737,0.09251914173364639,0.9930692911148071,0.9847847819328308
YKL195W,YML024W,0,-1.4362029,0.09251060336828232,0.9930692911148071,0.9848848581314087
YHR007C,YNL138W,0,-1.4400105,0.09250207245349884,0.9930692911148071,0.9849849939346313
YER110C,YFR033C,0,-1.4401213,0.09249354153871536,0.9930692911148071,0.9850850701332092
YGL030W,YAR008W,1,-1.443116,0.09257722645998001,0.9940593838691711,0.9850850701332092
YPR047W,YEL040W,0,-1.4446455,0.09256868809461594,0.9940593838691711,0.9851852059364319
YNL073W,YNL015W,0,-1.4513233,0.09256015717983246,0.9940593838691711,0.9852852821350098
YBR079C,YIL078W,0,-1.4541025,0.09255161881446838,0.9940593838691711,0.9853853583335876
YLR229C,YDL084W,0,-1.4554964,0.0925430878996849,0.9940593838691711,0.9854854941368103
YCL027W,YNR032W,0,-1.4584014,0.09253456443548203,0.9940593838691711,0.9855855703353882
YJR025C,YAL031C,0,-1.4618973,0.09252603352069855,0.9940593838691711,0.9856857061386108
YFR033C,YBL099W,0,-1.4627113,0.09251751005649567,0.9940593838691711,0.9857857823371887
YGR162W,YFL034C-A,0,-1.4639308,0.09250898659229279,0.9940593838691711,0.9858858585357666
YIL078W,YJL109C,0,-1.4659559,0.0925004631280899,0.9940593838691711,0.9859859943389893
YHR007C,YJL102W,0,-1.4683341,0.09249193966388702,0.9940593838691711,0.9860860705375671
YJL048C,YGR088W,0,-1.471527,0.09248341619968414,0.9940593838691711,0.9861862063407898
YBL026W,YNL067W,0,-1.4773568,0.09247490018606186,0.9940593838691711,0.9862862825393677
YMR030W,YNL274C,0,-1.4783534,0.09246638417243958,0.9940593838691711,0.9863863587379456
YFL057C,YOR071C,0,-1.4817414,0.09245786815881729,0.9940593838691711,0.9864864945411682
YLR226W,YPR194C,0,-1.4838635,0.09244935214519501,0.9940593838691711,0.9865865707397461
YBR221C,YDL208W,0,-1.4899975,0.09244084358215332,0.9940593838691711,0.9866867065429688
YKL178C,YPL218W,0,-1.4942048,0.09243233501911163,0.9940593838691711,0.9867867827415466
YKR026C,YOR095C,0,-1.496692,0.09242382645606995,0.9940593838691711,0.9868868589401245
YJL166W,YHR007C,0,-1.5046691,0.09241531789302826,0.9940593838691711,0.9869869947433472
YPR073C,YGL255W,0,-1.5114819,0.09240680932998657,0.9940593838691711,0.987087070941925
YDR454C,YMR142C,0,-1.5135288,0.09239830821752548,0.9940593838691711,0.9871872067451477
YER019C-A,YCR024C-A,0,-1.5164349,0.09238980710506439,0.9940593838691711,0.9872872829437256
YPR108W,YDR155C,0,-1.5298306,0.0923813059926033,0.9940593838691711,0.9873873591423035
YJL033W,YMR142C,0,-1.5347844,0.09237280488014221,0.9940593838691711,0.9874874949455261
YER146W,YGL120C,1,-1.5350085,0.09245630353689194,0.9950494766235352,0.9874874949455261
YMR012W,YJR143C,0,-1.5354939,0.09244779497385025,0.9950494766235352,0.987587571144104
YOR204W,YER112W,1,-1.5384983,0.09253127127885818,0.996039628982544,0.987587571144104
YLR106C,YKL085W,0,-1.5424923,0.0925227627158165,0.996039628982544,0.9876877069473267
YEL026W,YOL102C,1,-1.5459052,0.09260621666908264,0.997029721736908,0.9876877069473267
YLR309C,YEL009C,0,-1.5462471,0.09259770065546036,0.997029721736908,0.9877877831459045
YLR098C,YBR280C,0,-1.5470072,0.09258918464183807,0.997029721736908,0.9878878593444824
YDL103C,YER165W,0,-1.5485493,0.09258067607879639,0.997029721736908,0.9879879951477051
YLR038C,YOR243C,0,-1.5595399,0.0925721675157547,0.997029721736908,0.988088071346283
YOL108C,YGR032W,0,-1.5604993,0.09256365150213242,0.997029721736908,0.9881882071495056
YCR043C,YNL301C,0,-1.5663726,0.09255515038967133,0.997029721736908,0.9882882833480835
YLR369W,YLR048W,0,-1.5675045,0.09254664182662964,0.997029721736908,0.9883883595466614
YGL022W,YJL194W,0,-1.5779067,0.09253813326358795,0.997029721736908,0.988488495349884
YOL107W,YCR079W,0,-1.5827287,0.09252963215112686,0.997029721736908,0.9885885715484619
YKL100C,YGL255W,0,-1.5860931,0.09252113103866577,0.997029721736908,0.9886887073516846
YCR068W,YPR030W,0,-1.5871377,0.09251262992620468,0.997029721736908,0.9887887835502625
YGL206C,YJL191W,0,-1.5945708,0.09250413626432419,0.997029721736908,0.9888888597488403
YBR087W,YDR226W,0,-1.5961624,0.0924956351518631,0.997029721736908,0.988988995552063
YPL256C,YBL030C,0,-1.6028717,0.0924871414899826,0.997029721736908,0.9890890717506409
YGR175C,YNL134C,0,-1.609438,0.09247864782810211,0.997029721736908,0.9891892075538635
YFL052W,YFL055W,0,-1.6118835,0.09247015416622162,0.997029721736908,0.9892892837524414
YBR159W,YBR171W,0,-1.617941,0.09246166795492172,0.997029721736908,0.9893893599510193
YKL109W,YLR386W,0,-1.6203185,0.09245317429304123,0.997029721736908,0.9894894957542419
YGL135W,YNL030W,0,-1.6203982,0.09244468808174133,0.997029721736908,0.9895895719528198
YPL090C,YOL056W,0,-1.6253419,0.09243620187044144,0.997029721736908,0.9896897077560425
YGR144W,YGR209C,0,-1.6262847,0.09242771565914154,0.997029721736908,0.9897897839546204
YML036W,YOR182C,0,-1.628984,0.09241923689842224,0.997029721736908,0.9898898601531982
YJR016C,YGR145W,0,-1.6291618,0.09241075813770294,0.997029721736908,0.9899899959564209
YEL026W,YGL030W,1,-1.6296188,0.09249403327703476,0.998019814491272,0.9899899959564209
YMR171C,YBR067C,0,-1.632814,0.09248554706573486,0.998019814491272,0.9900900721549988
YER150W,YOR036W,0,-1.6349237,0.09247706085443497,0.998019814491272,0.9901902079582214
YAL003W,YGL055W,0,-1.6376379,0.09246858209371567,0.998019814491272,0.9902902841567993
YBL003C,YGR014W,0,-1.6463577,0.09246009588241577,0.998019814491272,0.990390419960022
YJR016C,YJL198W,0,-1.648913,0.09245161712169647,0.998019814491272,0.9904904961585999
YOR099W,YPL237W,0,-1.6577663,0.09244313836097717,0.998019814491272,0.9905905723571777
YCR057C,YPR043W,0,-1.6580062,0.09243465960025787,0.998019814491272,0.9906907081604004
YLR314C,YMR116C,0,-1.6625189,0.09242618829011917,0.998019814491272,0.9907907843589783
YLR105C,YAL038W,0,-1.666298,0.09241771697998047,0.998019814491272,0.9908909201622009
YIL035C,YNL209W,0,-1.6678395,0.09240923821926117,0.998019814491272,0.9909909963607788
YOR061W,YLR048W,0,-1.6706448,0.09240076690912247,0.998019814491272,0.9910910725593567
YER056C-A,YDL229W,0,-1.6716093,0.09239230304956436,0.998019814491272,0.9911912083625793
YBL042C,YEL009C,0,-1.6720543,0.09238383173942566,0.998019814491272,0.9912912845611572
YPR047W,YNL067W,0,-1.6720682,0.09237536787986755,0.998019814491272,0.9913914203643799
YNL302C,YBL018C,0,-1.6808437,0.09236690402030945,0.998019814491272,0.9914914965629578
YGL123W,YBL021C,0,-1.680848,0.09235844016075134,0.998019814491272,0.9915915727615356
YGL208W,YNL134C,0,-1.6831831,0.09234997630119324,0.998019814491272,0.9916917085647583
YGL213C,YDR382W,0,-1.6840073,0.09234151989221573,0.998019814491272,0.9917917847633362
YDR001C,YPL223C,0,-1.7030973,0.09233305603265762,0.998019814491272,0.9918919205665588
YPL160W,YOR310C,0,-1.7067541,0.09232459962368011,0.998019814491272,0.9919919967651367
YDR172W,YMR229C,0,-1.7093655,0.0923161432147026,0.998019814491272,0.9920920729637146
YPR080W,YLR051C,0,-1.7104796,0.0923076942563057,0.998019814491272,0.9921922087669373
YNL067W,YPR144C,0,-1.7121822,0.09229923784732819,0.998019814491272,0.9922922849655151
YLR355C,YGL234W,0,-1.7170312,0.09229078888893127,0.998019814491272,0.9923924207687378
YGR240C,YNL002C,0,-1.7205571,0.09228233993053436,0.998019814491272,0.9924924969673157
YER150W,YKL163W,0,-1.7241546,0.09227389097213745,0.998019814491272,0.9925925731658936
YGR264C,YJL121C,0,-1.7249733,0.09226544946432114,0.998019814491272,0.9926927089691162
YNL197C,YPL231W,0,-1.7277403,0.09225700050592422,0.998019814491272,0.9927927851676941
YEL011W,YKL163W,0,-1.730368,0.09224855899810791,0.998019814491272,0.9928929209709167
YKL103C,YMR311C,0,-1.7644764,0.0922401174902916,0.998019814491272,0.9929929971694946
YNR054C,YFL045C,0,-1.7691636,0.09223167598247528,0.998019814491272,0.9930930733680725
YEL026W,YPR101W,1,-1.7717415,0.09231472760438919,0.999009907245636,0.9930930733680725
YGR027C,YKL154W,0,-1.7788143,0.09230628609657288,0.999009907245636,0.9931932091712952
YPR112C,YHR025W,0,-1.7805642,0.09229784458875656,0.999009907245636,0.993293285369873
YBR296C,YLR287C-A,0,-1.8007572,0.09228939563035965,0.999009907245636,0.9933934211730957
YBL068W,YPL081W,0,-1.8065304,0.09228096157312393,0.999009907245636,0.9934934973716736
YPL211W,YPR166C,0,-1.8080255,0.09227252006530762,0.999009907245636,0.9935935735702515
YGL148W,YDR465C,0,-1.8096853,0.0922640785574913,0.999009907245636,0.9936937093734741
YHR021C,YDL143W,0,-1.811683,0.09225564450025558,0.999009907245636,0.993793785572052
YDL082W,YIL016W,0,-1.8152422,0.09224721044301987,0.999009907245636,0.9938939213752747
YNL302C,YLR073C,0,-1.8176316,0.09223877638578415,0.999009907245636,0.9939939975738525
YBR074W,YLR441C,0,-1.8235828,0.09223034977912903,0.999009907245636,0.9940940737724304
YEL026W,YJL010C,0,-1.8337882,0.09222191572189331,0.999009907245636,0.9941942095756531
YML056C,YPL086C,0,-1.8359382,0.09221348911523819,0.999009907245636,0.994294285774231
YGL099W,YNL209W,0,-1.8487949,0.09220506250858307,0.999009907245636,0.9943944215774536
YDL055C,YDR339C,0,-1.8516139,0.09219663590192795,0.999009907245636,0.9944944977760315
YJL050W,YJL134W,0,-1.8712999,0.09218821674585342,0.999009907245636,0.9945945739746094
YPL131W,YGR076C,0,-1.8719488,0.0921797901391983,0.999009907245636,0.994694709777832
YBR118W,YNL162W,0,-1.8774921,0.09217137098312378,0.999009907245636,0.9947947859764099
YGL030W,YIR021W,1,-1.8924164,0.09225429594516754,1.0,0.9947947859764099
YBR155W,YML073C,0,-1.895464,0.09224586933851242,1.0,0.9948949217796326
YPR080W,YGR159C,0,-1.8971206,0.0922374427318573,1.0,0.9949949979782104
YOR348C,YEL011W,0,-1.8989856,0.09222902357578278,1.0,0.9950950741767883
YGL099W,YDL014W,0,-1.9099106,0.09222059696912766,1.0,0.995195209980011
YBR154C,YDR297W,0,-1.9354925,0.09221217781305313,1.0,0.9952952861785889
YJL190C,YDL103C,0,-1.938655,0.09220375865697861,1.0,0.9953954219818115
YIR012W,YDR224C,0,-1.941891,0.09219534695148468,1.0,0.9954954981803894
YGL103W,YHR065C,0,-1.9456118,0.09218692779541016,1.0,0.9955955743789673
YBR118W,YBR031W,0,-1.9494103,0.09217851608991623,1.0,0.9956957101821899
YPR080W,YOL092W,0,-1.9520241,0.0921701043844223,1.0,0.9957957863807678
YJR067C,YMR194W,0,-1.9559823,0.09216169267892838,1.0,0.9958959221839905
YGR195W,YNL178W,0,-1.9637767,0.09215328097343445,1.0,0.9959959983825684
YPL206C,YGR256W,0,-1.9688781,0.09214487671852112,1.0,0.9960960745811462
YKL216W,YKR059W,0,-1.9734408,0.09213647246360779,1.0,0.9961962103843689
YNL302C,YKL144C,0,-1.9830455,0.09212806820869446,1.0,0.9962962865829468
YJL189W,YJR002W,0,-2.0292692,0.09211966395378113,1.0,0.9963964223861694
YNL096C,YDL208W,0,-2.0709124,0.0921112596988678,1.0,0.9964964985847473
YPR102C,YOR206W,0,-2.0857713,0.09210286289453506,1.0,0.9965965747833252
YGL253W,YCR072C,0,-2.1071534,0.09209446609020233,1.0,0.9966967105865479
YDR465C,YGR162W,0,-2.126746,0.0920860692858696,1.0,0.9967967867851257
YDR233C,YCR072C,0,-2.147585,0.09207767248153687,1.0,0.9968969225883484
YMR194W,YCR072C,0,-2.1511319,0.09206928312778473,1.0,0.9969969987869263
YDR167W,YJL158C,0,-2.186951,0.092060886323452,1.0,0.9970970749855042
YKL144C,YHL001W,0,-2.1876836,0.09205249696969986,1.0,0.9971972107887268
YDL083C,YBL068W,0,-2.1914973,0.09204410761594772,1.0,0.9972972869873047
YJL145W,YMR142C,0,-2.2095933,0.09203571826219559,1.0,0.9973974227905273
YCR071C,YPR132W,0,-2.220947,0.09202733635902405,1.0,0.9974974989891052
YOR095C,YER074W,0,-2.272821,0.09201894700527191,1.0,0.9975975751876831
YOR340C,YGR214W,0,-2.2753263,0.09201056510210037,1.0,0.9976977109909058
YBL028C,YDL084W,0,-2.2990394,0.09200218319892883,1.0,0.9977977871894836
YLR355C,YPL211W,0,-2.3297973,0.09199380874633789,1.0,0.9978979229927063
YOR361C,YNL209W,0,-2.3353693,0.09198542684316635,1.0,0.9979979991912842
YBR048W,YGL029W,0,-2.383613,0.09197705239057541,1.0,0.9980980753898621
YEL054C,YCR087C-A,0,-2.432064,0.09196867793798447,1.0,0.9981982111930847
YPR060C,YPR043W,0,-2.4543529,0.09196030348539352,1.0,0.9982982873916626
YLR448W,YDR101C,0,-2.4706154,0.09195192903280258,1.0,0.9983984231948853
YBR084W,YKL056C,0,-2.5504947,0.09194356203079224,1.0,0.9984984993934631
YEL042W,YGR264C,0,-2.5519314,0.0919351875782013,1.0,0.998598575592041
YEL054C,YPR163C,0,-2.6371913,0.09192682057619095,1.0,0.9986987113952637
YHL033C,YJL148W,0,-2.6719885,0.0919184535741806,1.0,0.9987987875938416
YBR048W,YDL075W,0,-2.683487,0.09191009402275085,1.0,0.9988989233970642
YKL180W,YPL266W,0,-2.7515945,0.09190172702074051,1.0,0.9989989995956421
YEL054C,YLR009W,0,-2.8343034,0.09189336746931076,1.0,0.99909907579422
YDR465C,YOR133W,0,-2.854762,0.09188500791788101,1.0,0.9991992115974426
YKL056C,YOR063W,0,-2.8560615,0.09187664836645126,1.0,0.9992992877960205
YPL090C,YER117W,0,-2.881815,0.09186828881502151,1.0,0.9993994235992432
YFR032C-A,YER131W,0,-2.8822691,0.09185993671417236,1.0,0.999499499797821
YOL040C,YLR340W,0,-2.9521496,0.09185158461332321,1.0,0.9995995759963989
YLL045C,YPL081W,0,-3.0343153,0.09184323251247406,1.0,0.9996997117996216
YKL180W,YNL096C,0,-3.1650064,0.09183488041162491,1.0,0.9997997879981995
YDL082W,YNL301C,0,-3.2523956,0.09182652831077576,1.0,0.9998999238014221
YIL133C,YNL162W,0,-3.5729976,0.0918181836605072,1.0,1.0
