Gene A,Gene B,Label,Score,Precision,Recall,False Positive Rate
YOR195W,YPR192W,0,4.6790614,0.0,0.0,0.00010018032480729744
YML039W,YDR316W-B,1,4.5220056,0.5,0.0009823183063417673,0.00010018032480729744
YDR316W-B,YHR214C-B,1,4.5130773,0.6666666865348816,0.0019646366126835346,0.00010018032480729744
YMR051C,YLR157C-A,0,4.4015846,0.5,0.0019646366126835346,0.00020036064961459488
YLR157C-B,YML039W,1,4.1880307,0.6000000238418579,0.002946954919025302,0.00020036064961459488
YOR142W-B,YGR161C-D,1,4.1560693,0.6666666865348816,0.003929273225367069,0.00020036064961459488
YGR038C-B,YNL054W-B,1,4.06012,0.7142857313156128,0.004911591298878193,0.00020036064961459488
YBR012W-B,YOR343W-B,1,4.049738,0.75,0.005893909838050604,0.00020036064961459488
YDR098C-B,YNL054W-B,1,4.0293813,0.7777777910232544,0.0068762279115617275,0.00020036064961459488
YPR137C-B,YPR158W-B,1,3.9848948,0.800000011920929,0.007858546450734138,0.00020036064961459488
YLR157C-B,YCL019W,1,3.984352,0.8181818127632141,0.008840864524245262,0.00020036064961459488
YOR343W-B,YOR192C-B,1,3.9390879,0.8333333134651184,0.009823182597756386,0.00020036064961459488
YDR261C-D,YCL019W,1,3.9364529,0.8461538553237915,0.01080550067126751,0.00020036064961459488
YML045W,YPR158C-D,1,3.924738,0.8571428656578064,0.011787819676101208,0.00020036064961459488
YGR038C-B,YBL005W-B,1,3.8983183,0.8666666746139526,0.012770137749612331,0.00020036064961459488
YPR137C-B,YGR161C-D,1,3.8976693,0.875,0.013752455823123455,0.00020036064961459488
YOR192C-B,YGR027W-B,1,3.8790808,0.8823529481887817,0.014734773896634579,0.00020036064961459488
YDR261C-D,YNL284C-B,1,3.8709087,0.8888888955116272,0.015717092901468277,0.00020036064961459488
YLR410W-B,YBL100W-B,1,3.858357,0.8947368264198303,0.0166994109749794,0.00020036064961459488
YPL257W-B,YBL100W-B,1,3.8158436,0.8999999761581421,0.017681729048490524,0.00020036064961459488
YDR034C-D,YDR098C-B,1,3.791463,0.9047619104385376,0.018664047122001648,0.00020036064961459488
YBR012W-B,YER160C,1,3.7874193,0.9090909361839294,0.01964636519551277,0.00020036064961459488
YER159C-A,YKR062W,0,3.784131,0.8695651888847351,0.01964636519551277,0.0003005409671459347
YBR012W-B,YGR161C-D,1,3.7800126,0.875,0.020628683269023895,0.0003005409671459347
YOR192C-B,YJR029W,1,3.7578092,0.8799999952316284,0.02161100134253502,0.0003005409671459347
YBR012W-B,YPR137C-B,1,3.7534418,0.8846153616905212,0.022593319416046143,0.0003005409671459347
YJR027W,YDR098C-B,1,3.7449613,0.8888888955116272,0.023575639352202415,0.0003005409671459347
YPR158C-D,YER138C,1,3.7421832,0.8928571343421936,0.02455795742571354,0.0003005409671459347
YNL339C,YPR164W,1,3.7317333,0.8965517282485962,0.025540275499224663,0.0003005409671459347
YPL257W-B,YDR098C-B,1,3.7290812,0.8999999761581421,0.026522593572735786,0.0003005409671459347
YPR158C-D,YMR045C,1,3.7285972,0.9032257795333862,0.02750491164624691,0.0003005409671459347
YDR034C-D,YAR009C,1,3.7210302,0.90625,0.028487229719758034,0.0003005409671459347
YML045W,YDR365W-B,1,3.7200027,0.9090909361839294,0.029469547793269157,0.0003005409671459347
YOR142W-B,YOR192C-B,1,3.7193856,0.9117646813392639,0.03045186586678028,0.0003005409671459347
YDR228C,YPR158C-D,0,3.6954103,0.8857142925262451,0.03045186586678028,0.00040072129922918975
YDR034C-D,YJR029W,1,3.6913228,0.8888888955116272,0.031434185802936554,0.00040072129922918975
YLR410W-B,YAR009C,1,3.673411,0.8918918967247009,0.03241650387644768,0.00040072129922918975
YAR010C,YLR227W-A,0,3.6726117,0.8684210777282715,0.03241650387644768,0.0005009016022086143
YLR157C-B,YBR073W,1,3.641059,0.8717948794364929,0.0333988219499588,0.0005009016022086143
YAR009C,YGR161C-D,1,3.6237936,0.875,0.034381140023469925,0.0005009016022086143
YJR027W,YDR316W-B,1,3.6172752,0.8780487775802612,0.03536345809698105,0.0005009016022086143
YOR192C-B,YDR210C-D,1,3.6137524,0.8809523582458496,0.03634577617049217,0.0005009016022086143
YHR122W,YDR098C-B,0,3.5893645,0.8604651093482971,0.03634577617049217,0.0006010819342918694
YMR078C,YGR161C-D,1,3.5845442,0.8636363744735718,0.037328094244003296,0.0006010819342918694
YMR045C,YNL265C,0,3.5783134,0.8444444537162781,0.037328094244003296,0.0007012622663751245
YDR316W-B,YGR161W-B,1,3.569004,0.8478260636329651,0.03831041231751442,0.0007012622663751245
YDR261W-B,YJL221C,0,3.5610757,0.8297872543334961,0.03831041231751442,0.0008014425984583795
YDR261W-B,YPL164C,1,3.5586715,0.8333333134651184,0.03929273039102554,0.0008014425984583795
YGR161C-D,YGR040W,0,3.5554595,0.8163265585899353,0.03929273039102554,0.0009016229305416346
YDL192W,YNL054W-B,0,3.5548682,0.800000011920929,0.03929273039102554,0.0010018032044172287
YDR210W-B,YLR227W-B,1,3.5528955,0.8039215803146362,0.04027504846453667,0.0010018032044172287
YDR210W-B,YHR214C-B,1,3.5306191,0.807692289352417,0.04125736653804779,0.0010018032044172287
YLR410W-B,YLR227W-B,1,3.5299325,0.8113207817077637,0.042239684611558914,0.0010018032044172287
YMR290C,YBR193C,0,3.5294719,0.7962962985038757,0.042239684611558914,0.0011019835947081447
YEL020W-A,YFL011W,0,3.5252218,0.7818182110786438,0.042239684611558914,0.0012021638685837388
YER190W,YOL103W-B,1,3.5162563,0.7857142686843872,0.04322200268507004,0.0012021638685837388
YJR027W,YDR210W-B,1,3.500545,0.7894737124443054,0.04420432075858116,0.0012021638685837388
YBR073W,YDR034C-D,1,3.48976,0.7931034564971924,0.045186638832092285,0.0012021638685837388
YGL033W,YAR007C,1,3.488649,0.7966101765632629,0.04616895690560341,0.0012021638685837388
YDR098C-B,YHL025W,0,3.48213,0.7833333611488342,0.04616895690560341,0.0013023442588746548
YBR073W,YLR410W-B,1,3.4802246,0.7868852615356445,0.04715127870440483,0.0013023442588746548
YDR210W-A,YOL031C,0,3.475895,0.774193525314331,0.04715127870440483,0.001402524532750249
YER190W,YLR410W-B,1,3.4672432,0.7777777910232544,0.048133596777915955,0.001402524532750249
YFL003C,YNL054W-B,1,3.4616003,0.78125,0.04911591485142708,0.001402524532750249
YLR157C-B,YNL339C,1,3.4522572,0.7846153974533081,0.0500982329249382,0.001402524532750249
YGR161W-A,YOR288C,0,3.4443579,0.7727272510528564,0.0500982329249382,0.0015027049230411649
YDR365W-B,YDL117W,0,3.4407558,0.7611940503120422,0.0500982329249382,0.001602885196916759
YHL009W-A,YPR143W,0,3.4261546,0.75,0.0500982329249382,0.0017030654707923532
YDR503C,YGR161C-C,0,3.4240947,0.739130437374115,0.0500982329249382,0.0018032458610832691
YPR049C,YOL077W-A,0,3.423822,0.7285714149475098,0.0500982329249382,0.0019034261349588633
YOL103W-B,YLR466W,1,3.4234838,0.7323943376541138,0.051080550998449326,0.0019034261349588633
YOR343W-A,YOL128C,0,3.42313,0.7222222089767456,0.051080550998449326,0.0020036064088344574
YMR060C,YHR214C-C,0,3.4193869,0.7123287916183472,0.051080550998449326,0.002103786915540695
YJL113W,YOR343W-B,1,3.4110894,0.7162162065505981,0.05206286907196045,0.002103786915540695
YLR157C-B,YML032C,1,3.410645,0.7200000286102295,0.05304518714547157,0.002103786915540695
YGR038C-B,YFL003C,1,3.3998108,0.7236841917037964,0.0540275052189827,0.002103786915540695
YGR038C-B,YLR227W-B,1,3.390905,0.7272727489471436,0.05500982329249382,0.002103786915540695
YER039C,YGL111W,0,3.3878326,0.7179487347602844,0.05500982329249382,0.0022039671894162893
YDR365W-B,YPL164C,1,3.3847413,0.7215189933776855,0.055992141366004944,0.0022039671894162893
YDR316W-B,YLR263W,1,3.3830428,0.7250000238418579,0.05697445943951607,0.0022039671894162893
YBR073W,YDR365W-B,1,3.3762221,0.7283950448036194,0.05795677751302719,0.0022039671894162893
YML065W,YPR192W,0,3.376069,0.7195122241973877,0.05795677751302719,0.0023041474632918835
YPL257W-B,YLR227W-B,1,3.3708844,0.7228915691375732,0.058939095586538315,0.0023041474632918835
YLR157C-B,YHR167W,1,3.3671293,0.726190447807312,0.05992141366004944,0.0023041474632918835
YPR134W,YBR296C,0,3.3646312,0.7176470756530762,0.05992141366004944,0.0024043277371674776
YDL164C,YGR161C-D,1,3.3645444,0.7209302186965942,0.06090373173356056,0.0024043277371674776
YDR365W-B,YGR296W,1,3.3490615,0.7241379022598267,0.061886049807071686,0.0024043277371674776
YLR275W,YPR192W,0,3.344746,0.7159090638160706,0.061886049807071686,0.0025045080110430717
YOR144C,YDR098C-B,1,3.344366,0.7191011309623718,0.06286837160587311,0.0025045080110430717
YDR316W-B,YOL090W,1,3.3432727,0.7222222089767456,0.06385068595409393,0.0025045080110430717
YDR034C-D,YOR005C,1,3.3425179,0.7252747416496277,0.06483300775289536,0.0025045080110430717
YFL002W-A,YOR005C,1,3.3417206,0.72826087474823,0.06581532210111618,0.0025045080110430717
YOL103W-B,YPL283C,1,3.3367176,0.7311828136444092,0.0667976438999176,0.0025045080110430717
YDR545W,YOR192C-B,1,3.336268,0.7340425252914429,0.06777995824813843,0.0025045080110430717
YDR316W-A,YLR248W,0,3.3351068,0.7263157963752747,0.06777995824813843,0.0026046885177493095
YNL284C-B,YDR545W,1,3.3323002,0.7291666865348816,0.06876228004693985,0.0026046885177493095
YOR141C,YHR079C-A,1,3.328229,0.7319587469100952,0.06974459439516068,0.0026046885177493095
YLR266C,YLR227W-A,0,3.32791,0.7244898080825806,0.06974459439516068,0.0027048687916249037
YDR098C-B,YLR263W,1,3.3243556,0.7272727489471436,0.0707269161939621,0.0027048687916249037
YML045W,YHR214C-B,1,3.323213,0.7300000190734863,0.07170923054218292,0.0027048687916249037
YNL339C,YNL054W-B,1,3.3229527,0.7326732873916626,0.07269155234098434,0.0027048687916249037
YNL339C,YDR098C-B,1,3.3218164,0.7352941036224365,0.07367386668920517,0.0027048687916249037
YBR175W,YPR158C-D,0,3.3217525,0.7281553149223328,0.07367386668920517,0.002805049065500498
YLR157C-B,YLR227W-B,1,3.314949,0.7307692170143127,0.07465618848800659,0.002805049065500498
YDR365W-B,YNL339C,1,3.3119411,0.7333333492279053,0.07563851028680801,0.002805049065500498
YOL103W-B,YLR263W,1,3.3099875,0.7358490824699402,0.07662082463502884,0.002805049065500498
YLR226W,YDR261C-C,0,3.3054228,0.7289719581604004,0.07662082463502884,0.002905229339376092
YNL284C-B,YLR263W,1,3.304677,0.7314814925193787,0.07760314643383026,0.002905229339376092
YOR005C,YNL054W-B,1,3.298298,0.7339449524879456,0.07858546078205109,0.002905229339376092
YDR034C-D,YDR143C,0,3.2952542,0.7272727489471436,0.07858546078205109,0.0030054098460823298
YOR192C-B,YOR005C,1,3.2915468,0.7297297120094299,0.07956778258085251,0.0030054098460823298
YBR207W,YOR343W-A,0,3.2891884,0.7232142686843872,0.07956778258085251,0.003105590119957924
YPR158C-D,YLR466W,1,3.288824,0.7256637215614319,0.08055009692907333,0.003105590119957924
YNL328C,YGR027W-B,0,3.2827568,0.719298243522644,0.08055009692907333,0.003205770393833518
YDR446W,YFL003C,1,3.2773237,0.7217391133308411,0.08153241872787476,0.003205770393833518
YNL250W,YLR329W,1,3.2767115,0.7241379022598267,0.08251473307609558,0.003205770393833518
YMR047C,YDR261W-B,0,3.276538,0.7179487347602844,0.08251473307609558,0.003305950667709112
YDR034C-D,YFL003C,1,3.2705936,0.7203390002250671,0.083497054874897,0.003305950667709112
YGR038C-B,YNL088W,1,3.2698088,0.7226890921592712,0.08447936922311783,0.003305950667709112
YHR167W,YOR192C-B,1,3.2655125,0.7250000238418579,0.08546169102191925,0.003305950667709112
YBR054W,YGL171W,0,3.2590728,0.7190082669258118,0.08546169102191925,0.0034061309415847063
YNL284C-B,YNL088W,1,3.2564507,0.7213114500045776,0.08644400537014008,0.0034061309415847063
YMR167W,YGR109W-B,1,3.2536783,0.7235772609710693,0.0874263271689415,0.0034061309415847063
YLR035C-A,YCR097W,0,3.2535024,0.7177419066429138,0.0874263271689415,0.003506311448290944
YDR200C,YDR034C-C,0,3.2527542,0.7120000123977661,0.0874263271689415,0.0036064917221665382
YOL125W,YDR034C-C,0,3.2430868,0.7063491940498352,0.0874263271689415,0.0037066719960421324
YGR296W,YNL054W-B,1,3.2395887,0.7086614370346069,0.08840864151716232,0.0037066719960421324
YDL164C,YPR137C-B,1,3.2382069,0.7109375,0.08939096331596375,0.0037066719960421324
YOL105C,YNL054W-B,0,3.2368646,0.7054263353347778,0.08939096331596375,0.0038068522699177265
YCL019W,YHR079C-A,1,3.2351866,0.7076923251152039,0.09037327766418457,0.0038068522699177265
YDR034C-D,YHR039C,1,3.232098,0.7099236845970154,0.09135559946298599,0.0038068522699177265
YOR142W-B,YLR263W,1,3.228818,0.7121211886405945,0.09233791381120682,0.0038068522699177265
YGR038C-A,YPL116W,0,3.2274404,0.7067669034004211,0.09233791381120682,0.003907032776623964
YJL113W,YDR210C-D,1,3.22543,0.7089552283287048,0.09332023561000824,0.003907032776623964
YPR164W,YCL019W,1,3.22394,0.7111111283302307,0.09430255740880966,0.003907032776623964
YDR365W-B,YML032C,1,3.2238607,0.7132353186607361,0.09528487175703049,0.003907032776623964
YPR141C,YDR261W-B,0,3.2235537,0.7080292105674744,0.09528487175703049,0.004007212817668915
YBL005W-B,YDL105W,1,3.2203903,0.7101449370384216,0.09626719355583191,0.004007212817668915
YDR034C-D,YOR144C,1,3.2178235,0.7122302055358887,0.09724950790405273,0.004007212817668915
YER058W,YGR038C-B,0,3.2177005,0.7071428298950195,0.09724950790405273,0.004107393324375153
YGL033W,YFL003C,1,3.2103195,0.7092198729515076,0.09823182970285416,0.004107393324375153
YDR034C-D,YLR263W,1,3.2086148,0.7112675905227661,0.09921414405107498,0.004107393324375153
YOR192C-A,YDR350C,0,3.208372,0.7062937021255493,0.09921414405107498,0.00420757383108139
YMR045C,YMR086W,0,3.2079186,0.7013888955116272,0.09921414405107498,0.004307753872126341
YBR293W,YPR192W,0,3.204493,0.6965517401695251,0.09921414405107498,0.004407934378832579
YGR038C-B,YNL312W,1,3.1983352,0.698630154132843,0.1001964658498764,0.004407934378832579
YOR057W,YPR137C-B,0,3.196908,0.6938775777816772,0.1001964658498764,0.004508114419877529
YLR248W,YPL060C-A,0,3.1943617,0.6891891956329346,0.1001964658498764,0.004608294926583767
YER139C,YPR158W-A,0,3.1930194,0.6845637559890747,0.1001964658498764,0.004708475433290005
YPR141C,YML040W,0,3.191566,0.6800000071525574,0.1001964658498764,0.004808655474334955
YOR211C,YFL002W-A,0,3.1833372,0.6754966974258423,0.1001964658498764,0.004908835981041193
YDR098C-B,YMR190C,1,3.1831946,0.6776315569877625,0.10117878019809723,0.004908835981041193
YDR060W,YDL110C,0,3.1805463,0.673202633857727,0.10117878019809723,0.0050090160220861435
YPL257W-B,YGL163C,1,3.1802363,0.6753246784210205,0.10216110199689865,0.0050090160220861435
YIL064W,YLR227W-A,0,3.1779547,0.6709677577018738,0.10216110199689865,0.005109196528792381
YDR034C-D,YNL088W,1,3.1759953,0.6730769276618958,0.10314341634511948,0.005109196528792381
YOR343W-B,YDR180W,1,3.175797,0.675159215927124,0.1041257381439209,0.005109196528792381
YBL078C,YDR060W,0,3.1713815,0.6708860993385315,0.1041257381439209,0.005209377035498619
YOL149W,YDR365W-B,0,3.1690679,0.6666666865348816,0.1041257381439209,0.0053095570765435696
YMR280C,YFR034C,0,3.1673555,0.6625000238418579,0.1041257381439209,0.005409737583249807
YLR272C,YNL118C,0,3.1603813,0.6583850979804993,0.1041257381439209,0.005509917624294758
YGR027W-B,YGL163C,1,3.1578774,0.6604938507080078,0.10510805249214172,0.005509917624294758
YDR213W,YIL171W,0,3.1552734,0.6564416885375977,0.10510805249214172,0.005610098131000996
YGR027W-B,YNL312W,1,3.1483579,0.6585366129875183,0.10609037429094315,0.005610098131000996
YOR368W,YNL054W-B,1,3.147438,0.6606060862541199,0.10707268863916397,0.005610098131000996
YNL284C-B,YGL163C,1,3.146716,0.6626505851745605,0.1080550104379654,0.005610098131000996
YNL250W,YOL103W-B,1,3.1433196,0.6646706461906433,0.10903732478618622,0.005610098131000996
YKL091C,YPL060C-A,0,3.1403341,0.6607142686843872,0.10903732478618622,0.005710278637707233
YML039W,YJL113W,1,3.137323,0.6627218723297119,0.11001964658498764,0.005710278637707233
YDR004W,YOR343W-B,1,3.1369967,0.6647058725357056,0.11100196093320847,0.005710278637707233
YHR079C-A,YBL046W,0,3.12602,0.6608186960220337,0.11100196093320847,0.005810458678752184
YIL167W,YDR034C-C,0,3.1249213,0.6569767594337463,0.11100196093320847,0.005910639185458422
YER146W,YPL060C-A,0,3.1224122,0.6531791687011719,0.11100196093320847,0.0060108196921646595
YMR154C,YIR023W,0,3.117343,0.6494252681732178,0.11100196093320847,0.00611099973320961
YPL283C,YDR210C-D,1,3.1164327,0.6514285802841187,0.11198428273200989,0.00611099973320961
YPR158C-D,YMR190C,1,3.1159067,0.6534090638160706,0.11296660453081131,0.00611099973320961
YFL002W-A,YDR110W,1,3.1144881,0.6553672552108765,0.11394891887903214,0.00611099973320961
YML023C,YNL054W-B,1,3.112167,0.6573033928871155,0.11493124067783356,0.00611099973320961
YGR161C-D,YMR236W,0,3.11193,0.6536312699317932,0.11493124067783356,0.006211180239915848
YNL284C-B,YMR190C,1,3.1118073,0.6555555462837219,0.11591355502605438,0.006211180239915848
YLL033W,YGR027W-B,1,3.1077852,0.6574585437774658,0.1168958768248558,0.006211180239915848
YJL063C,YPR158W-A,0,3.1059942,0.6538461446762085,0.1168958768248558,0.006311360280960798
YMR289W,YPR158W-A,0,3.1046834,0.6502732038497925,0.1168958768248558,0.006411540787667036
YDR170W-A,YLR192C,0,3.102871,0.64673912525177,0.1168958768248558,0.006511721294373274
YGR161W-A,YKR097W,0,3.0987883,0.6432432532310486,0.1168958768248558,0.006611901335418224
YDR478W,YER159C-A,0,3.0964274,0.6397849321365356,0.1168958768248558,0.006712081842124462
YDR347W,YDR261W-B,0,3.0945973,0.6363636255264282,0.1168958768248558,0.006812261883169413
YHR079C-A,YDL132W,0,3.0929103,0.6329787373542786,0.1168958768248558,0.00691244238987565
YPR192W,YPL170W,0,3.0919385,0.6296296119689941,0.1168958768248558,0.007012622896581888
YDR261W-B,YER171W,1,3.0905128,0.6315789222717285,0.11787819117307663,0.007012622896581888
YMR070W,YDR043C,0,3.0873775,0.6282722353935242,0.11787819117307663,0.007112802937626839
YIL019W,YOR267C,0,3.0873303,0.625,0.11787819117307663,0.0072129834443330765
YOR343W-A,YPL231W,0,3.0868564,0.621761679649353,0.11787819117307663,0.007313163485378027
YLR383W,YGR027W-B,1,3.0854092,0.623711347579956,0.11886051297187805,0.007313163485378027
YMR190C,YPR158W-B,1,3.085289,0.6256410479545593,0.11984282732009888,0.007313163485378027
YNL214W,YJL122W,0,3.0849438,0.6224489808082581,0.11984282732009888,0.007413343992084265
YNL250W,YDR034C-D,1,3.0829554,0.624365508556366,0.1208251491189003,0.007413343992084265
YDR147W,YOR341W,0,3.078958,0.6212121248245239,0.1208251491189003,0.0075135244987905025
YDL059C,YGL033W,1,3.0777946,0.623115599155426,0.12180746346712112,0.0075135244987905025
YDR261W-B,YNR026C,0,3.072617,0.6200000047683716,0.12180746346712112,0.007613704539835453
YIL070C,YPL060C-A,0,3.0711374,0.6169154047966003,0.12180746346712112,0.007713885046541691
YDR034C-D,YBR160W,1,3.0706825,0.6188119053840637,0.12278978526592255,0.007713885046541691
YPR164W,YBR136W,1,3.067349,0.6206896305084229,0.12377209961414337,0.007713885046541691
YDR210W-A,YHR043C,0,3.066286,0.6176470518112183,0.12377209961414337,0.007814065553247929
YOL006C,YLR157C-B,1,3.0661879,0.6195122003555298,0.1247544214129448,0.007814065553247929
YDR210W-A,YHR076W,0,3.0651298,0.6165048480033875,0.1247544214129448,0.007914246059954166
YDR365W-B,YOL072W,1,3.065044,0.6183574795722961,0.12573674321174622,0.007914246059954166
YDR098C-B,YKR024C,0,3.0596652,0.6153846383094788,0.12573674321174622,0.00801442563533783
YOR192C-A,YKL176C,0,3.0591831,0.6124401688575745,0.12573674321174622,0.008114606142044067
YBL097W,YPR137C-B,0,3.05798,0.6095238327980042,0.12573674321174622,0.008214786648750305
YDR386W,YLR157C-B,1,3.0540476,0.6113743782043457,0.12671905755996704,0.008214786648750305
YMR192W,YDR034C-C,0,3.053596,0.6084905862808228,0.12671905755996704,0.008314967155456543
YDR261W-B,YKL113C,1,3.0530357,0.6103286147117615,0.12770137190818787,0.008314967155456543
YDR179C,YBR084C-A,0,3.0468144,0.6074766516685486,0.12770137190818787,0.00841514766216278
YER173W,YOR142W-B,1,3.0466104,0.6093023419380188,0.1286836862564087,0.00841514766216278
YDR098C-B,YBR211C,0,3.0449824,0.6064814925193787,0.1286836862564087,0.008515327237546444
YDR330W,YHL009W-A,0,3.0448346,0.6036866307258606,0.1286836862564087,0.008615507744252682
YGR027W-B,YFR038W,1,3.0429745,0.60550457239151,0.1296660155057907,0.008615507744252682
YER173W,YGR161C-D,1,3.0429072,0.6073059439659119,0.13064832985401154,0.008615507744252682
YNL312W,YFL002W-A,1,3.0419698,0.6090909242630005,0.13163064420223236,0.008615507744252682
YGR027W-B,YIL082W-A,1,3.0398273,0.610859751701355,0.13261297345161438,0.008615507744252682
YML023C,YDR261W-B,1,3.038527,0.6126126050949097,0.1335952877998352,0.008615507744252682
YDR098C-A,YJL041W,0,3.0365024,0.6098654866218567,0.1335952877998352,0.00871568825095892
YDR261C-D,YBR160W,1,3.0364094,0.6116071343421936,0.13457760214805603,0.00871568825095892
YER044C-A,YDR446W,1,3.033,0.6133333444595337,0.13555991649627686,0.00871568825095892
YDR118W,YKR075C,0,3.0301633,0.6106194853782654,0.13555991649627686,0.008815868757665157
YOL072W,YGR161C-D,1,3.029523,0.6123347878456116,0.13654224574565887,0.008815868757665157
YNL250W,YDR261W-B,1,3.0292974,0.6140350699424744,0.1375245600938797,0.008815868757665157
YDR515W,YNL054W-B,0,3.0284019,0.6113536953926086,0.1375245600938797,0.008916049264371395
YOR192C-B,YML095C,1,3.0271525,0.613043487071991,0.13850687444210052,0.008916049264371395
YOL103W-B,YHL009W-B,1,3.0253725,0.6147186160087585,0.13948918879032135,0.008916049264371395
YNL250W,YIL132C,1,3.023819,0.6163793206214905,0.14047151803970337,0.008916049264371395
YOL006C,YOR192C-B,1,3.0224848,0.6180257797241211,0.1414538323879242,0.008916049264371395
YGR161W-A,YNL299W,0,3.0211325,0.6153846383094788,0.1414538323879242,0.009016228839755058
YBL057C,YDR098C-A,0,3.0197701,0.6127659678459167,0.1414538323879242,0.009116409346461296
YML023C,YDR210W-B,1,3.0196695,0.6144067645072937,0.14243614673614502,0.009116409346461296
YML128C,YFL002W-A,1,3.0172105,0.6160337328910828,0.14341846108436584,0.009116409346461296
YLR079W,YDR098C-B,0,3.0154996,0.6134454011917114,0.14341846108436584,0.009216589853167534
YDL188C,YDR034C-C,0,3.0139017,0.6108786463737488,0.14341846108436584,0.009316770359873772
YMR291W,YDR261W-B,0,3.012158,0.6083333492279053,0.14341846108436584,0.00941695086658001
YNL039W,YHR014W,0,3.0110188,0.6058091521263123,0.14341846108436584,0.009517130441963673
YJL173C,YHR079C-A,1,3.0108562,0.6074380278587341,0.14440079033374786,0.009517130441963673
YLR007W,YNL054W-B,1,3.0107627,0.6090534925460815,0.1453831046819687,0.009517130441963673
YLR233C,YBR168W,0,3.0076895,0.6065573692321777,0.1453831046819687,0.00961731094866991
YDR261W-B,YMR161W,0,3.0047193,0.6040816307067871,0.1453831046819687,0.009717491455376148
YDR386W,YPR158C-D,1,3.0038548,0.6056910753250122,0.14636541903018951,0.009717491455376148
YHL009W-A,YDR219C,0,3.0029802,0.6032388806343079,0.14636541903018951,0.009817671962082386
YGR156W,YLR128W,0,3.0029202,0.600806474685669,0.14636541903018951,0.009917852468788624
YDR365W-B,YBR279W,1,3.002624,0.6024096608161926,0.14734773337841034,0.009917852468788624
YLR219W,YHL009W-B,1,3.0001488,0.6039999723434448,0.14833006262779236,0.009917852468788624
YOR004W,YPR065W,0,2.999308,0.6015936136245728,0.14833006262779236,0.010018032044172287
YLR035C,YGR027W-B,1,2.9977775,0.60317462682724,0.14931237697601318,0.010018032044172287
YNL137C,YLR157C-A,0,2.9969993,0.6007905006408691,0.14931237697601318,0.010118212550878525
YMR045C,YPL164C,1,2.9955611,0.6023622155189514,0.150294691324234,0.010118212550878525
YPR158C-D,YJR043C,1,2.9937682,0.6039215922355652,0.15127702057361603,0.010118212550878525
YLR399C,YPR158W-B,0,2.9905934,0.6015625,0.15127702057361603,0.010218393057584763
YLR035C,YOR343W-B,1,2.9888525,0.6031128168106079,0.15225933492183685,0.010218393057584763
YML095C,YGR161W-B,1,2.9883265,0.604651153087616,0.15324164927005768,0.010218393057584763
YML023C,YGR161W-B,1,2.987421,0.6061776280403137,0.1542239636182785,0.010218393057584763
YGR027W-B,YJR043C,1,2.9871497,0.607692301273346,0.15520629286766052,0.010218393057584763
YNL243W,YGR027W-A,0,2.9865103,0.6053639650344849,0.15520629286766052,0.010318573564291
YML023C,YGR161C-D,1,2.9854536,0.6068702340126038,0.15618860721588135,0.010318573564291
YNL125C,YDR261W-B,0,2.9851995,0.6045627593994141,0.15618860721588135,0.010418754070997238
YGR274C,YDR098C-B,0,2.9819312,0.6022727489471436,0.15618860721588135,0.010518933646380901
YDR316W-B,YPR018W,1,2.9818687,0.6037735939025879,0.15717092156410217,0.010518933646380901
YPL085W,YGR161C-C,0,2.9806023,0.6015037298202515,0.15717092156410217,0.010619114153087139
YKL091C,YBR267W,0,2.9795995,0.5992509126663208,0.15717092156410217,0.010719294659793377
YLR035C,YOL103W-B,1,2.978712,0.6007462739944458,0.158153235912323,0.010719294659793377
YHL009W-B,YLR074C,0,2.978468,0.5985130071640015,0.158153235912323,0.010819475166499615
YGR161C-D,YOR080W,0,2.9776158,0.5962963104248047,0.158153235912323,0.010919655673205853
YDL025C,YPL126W,0,2.9764614,0.5940959453582764,0.158153235912323,0.011019835248589516
YLR383W,YDR365W-B,1,2.9749675,0.595588207244873,0.15913556516170502,0.011019835248589516
YNL183C,YLR035C-A,0,2.9736686,0.593406617641449,0.15913556516170502,0.011120015755295753
YGR027W-A,YLR423C,0,2.9734182,0.5912408828735352,0.15913556516170502,0.011220196262001991
YLR383W,YDR034C-D,1,2.9709134,0.5927272439002991,0.16011787950992584,0.011220196262001991
YER094C,YLR157C-A,0,2.9692264,0.5905796885490417,0.16011787950992584,0.011320376768708229
YGR027W-A,YDL066W,0,2.9691148,0.588447630405426,0.16011787950992584,0.011420557275414467
YLR336C,YDR034C-D,0,2.9679804,0.5863309502601624,0.16011787950992584,0.011520737782120705
YGL033W,YDR110W,1,2.9677825,0.5878136157989502,0.16110019385814667,0.011520737782120705
YGR038C-A,YNR037C,0,2.9674025,0.5857142806053162,0.16110019385814667,0.011620917357504368
YPR173C,YIL073C,0,2.9665356,0.5836299061775208,0.16110019385814667,0.011721097864210606
YHL009W-A,YOR157C,0,2.966453,0.5815602540969849,0.16110019385814667,0.011821278370916843
YPR158C-D,YJR118C,0,2.9658208,0.5795053243637085,0.16110019385814667,0.011921458877623081
YOL068C,YDR261W-B,1,2.9653955,0.5809859037399292,0.1620825082063675,0.011921458877623081
YFR006W,YLR227W-A,0,2.9605865,0.5789473652839661,0.1620825082063675,0.012021639384329319
YBL009W,YML040W,0,2.9599113,0.5769230723381042,0.1620825082063675,0.012121818959712982
YER171W,YOR192C-B,1,2.9594603,0.5783972144126892,0.1630648374557495,0.012121818959712982
YNL287W,YLR157C-B,0,2.95829,0.5763888955116272,0.1630648374557495,0.01222199946641922
YHR161C,YGR161C-C,0,2.9581423,0.5743944644927979,0.1630648374557495,0.012322179973125458
YNR053C,YPL257W-A,0,2.9567952,0.5724138021469116,0.1630648374557495,0.012422360479831696
YNL330C,YPR137C-B,1,2.955966,0.5738831758499146,0.16404715180397034,0.012422360479831696
YDR034C-D,YER173W,1,2.9551067,0.5753424763679504,0.16502946615219116,0.012422360479831696
YCR039C,YER048W-A,0,2.9549236,0.57337886095047,0.16502946615219116,0.012522540986537933
YDR519W,YDR261W-B,0,2.9513898,0.5714285969734192,0.16502946615219116,0.012622720561921597
YNL125C,YDR098C-B,0,2.9503384,0.5694915056228638,0.16502946615219116,0.012722901068627834
YDR098C-B,YAR007C,1,2.94882,0.5709459185600281,0.166011780500412,0.012722901068627834
YDR004W,YHL009W-B,1,2.948502,0.5723905563354492,0.166994109749794,0.012722901068627834
YBR005W,YOR343W-A,0,2.947744,0.5704697966575623,0.166994109749794,0.012823081575334072
YIL143C,YNL054W-B,1,2.9477124,0.571906328201294,0.16797642409801483,0.012823081575334072
YFR055W,YOR142W-B,1,2.9474778,0.5733333230018616,0.16895873844623566,0.012823081575334072
YDR098C-A,YLR356W,0,2.9469008,0.5714285969734192,0.16895873844623566,0.01292326208204031
YHR171W,YPL283C,0,2.9433775,0.5695364475250244,0.16895873844623566,0.013023442588746548
YLL033W,YGR161W-B,1,2.9430904,0.5709571242332458,0.16994106769561768,0.013023442588746548
YGR161C-D,YGL198W,0,2.942255,0.5690789222717285,0.16994106769561768,0.013123622164130211
YLR383W,YDR210W-B,1,2.9418502,0.5704917907714844,0.1709233820438385,0.013123622164130211
YLR035C,YDR210C-D,1,2.940374,0.5718954205513,0.17190569639205933,0.013123622164130211
YOR288C,YDR316W-B,0,2.9391546,0.5700325965881348,0.17190569639205933,0.013223802670836449
YDR365W-B,YDR484W,0,2.9354444,0.5681818127632141,0.17190569639205933,0.013323983177542686
YGR027W-B,YFR055W,1,2.9352846,0.5695793032646179,0.17288801074028015,0.013323983177542686
YMR045C,YFL002W-A,1,2.9332962,0.5709677338600159,0.17387033998966217,0.013323983177542686
YGR027W-B,YDR440W,1,2.9299479,0.5723472833633423,0.174852654337883,0.013323983177542686
YPR158W-A,YJL186W,0,2.92726,0.5705128312110901,0.174852654337883,0.013424163684248924
YOR343W-A,YOR202W,0,2.92233,0.5686901211738586,0.174852654337883,0.013524344190955162
YER044C-A,YPL143W,0,2.9221396,0.5668789744377136,0.174852654337883,0.013624523766338825
YGR038C-B,YPR003C,0,2.9218044,0.565079391002655,0.174852654337883,0.013724704273045063
YMR170C,YOR341W,0,2.9211636,0.5632911324501038,0.174852654337883,0.0138248847797513
YDR261C-C,YAL015C,0,2.920154,0.5615141987800598,0.174852654337883,0.013925065286457539
YDR465C,YDR261W-B,0,2.9196835,0.5597484111785889,0.174852654337883,0.014025245793163776
YFL002W-A,YPL127C,1,2.9193058,0.5611284971237183,0.17583496868610382,0.014025245793163776
YDR316W-B,YMR106C,1,2.9191203,0.5625,0.17681728303432465,0.014025245793163776
YPR158W-A,YOR060C,0,2.915935,0.5607476830482483,0.17681728303432465,0.01412542536854744
YNL322C,YDR098C-B,0,2.9123878,0.5590062141418457,0.17681728303432465,0.014225605875253677
YGR027W-A,YHR033W,0,2.911673,0.5572755336761475,0.17681728303432465,0.014325786381959915
YPR145W,YDR365W-A,0,2.9112105,0.5555555820465088,0.17681728303432465,0.014425966888666153
YPL257W-A,YLR298C,0,2.9101853,0.5538461804389954,0.17681728303432465,0.01452614739537239
YOL068C,YOR192C-B,1,2.909863,0.5552147030830383,0.17779961228370667,0.01452614739537239
YPR164W,YOR343W-B,1,2.9072757,0.5565749406814575,0.1787819266319275,0.01452614739537239
YDL101C,YGR161W-B,1,2.9045992,0.5579268336296082,0.17976424098014832,0.01452614739537239
YKR046C,YDR365W-B,0,2.9037924,0.5562310218811035,0.17976424098014832,0.014626326970756054
YLR418C,YGR161C-D,1,2.9036412,0.5575757622718811,0.18074655532836914,0.014626326970756054
YGR046W,YDR034C-C,0,2.9033504,0.555891215801239,0.18074655532836914,0.014726507477462292
YNL054W-A,YBR267W,0,2.9025097,0.5542168617248535,0.18074655532836914,0.01482668798416853
YNL054W-A,YDR227W,0,2.9024706,0.5525525808334351,0.18074655532836914,0.014926868490874767
YFL002W-A,YGL163C,1,2.9015498,0.553892195224762,0.18172888457775116,0.014926868490874767
YPR158C-D,YPR164W,1,2.8998327,0.5552238821983337,0.18271119892597198,0.014926868490874767
YGR271C-A,YDR495C,0,2.8993406,0.5535714030265808,0.18271119892597198,0.015027048997581005
YMR118C,YDR316W-B,0,2.895935,0.5519287586212158,0.18271119892597198,0.015127228572964668
YMR118C,YHR052W,0,2.8957262,0.5502958297729492,0.18271119892597198,0.015227409079670906
YDR034C-D,YPL194W,1,2.8946052,0.5516223907470703,0.1836935132741928,0.015227409079670906
YPL022W,YDR316W-B,1,2.8926702,0.5529412031173706,0.18467582762241364,0.015227409079670906
YDR261C-C,YIL038C,0,2.892417,0.5513196587562561,0.18467582762241364,0.015327589586377144
YLR227W-A,YEL044W,0,2.8917956,0.5497075915336609,0.18467582762241364,0.015427770093083382
YPL200W,YNL054W-B,1,2.8908205,0.5510203838348389,0.18565815687179565,0.015427770093083382
YGR109W-B,YHR079C-A,1,2.8870883,0.5523256063461304,0.18664047122001648,0.015427770093083382
YNL284C-B,YFR055W,1,2.8867373,0.5536231994628906,0.1876227855682373,0.015427770093083382
YHR089C,YLR178C,0,2.8864403,0.5520231127738953,0.1876227855682373,0.01552795059978962
YNR032W,YDR365W-A,0,2.8859282,0.5504322648048401,0.1876227855682373,0.015628131106495857
YDR170W-A,YMR041C,0,2.8854842,0.5488505959510803,0.1876227855682373,0.015728311613202095
YDR261C-D,YDL185W,1,2.885426,0.5501432418823242,0.18860511481761932,0.015728311613202095
YDR078C,YOR142W-B,1,2.883459,0.5514285564422607,0.18958742916584015,0.015728311613202095
YML114C,YOL103W-A,0,2.8834152,0.5498575568199158,0.18958742916584015,0.015828492119908333
YGR008C,YPL060C-A,0,2.8833141,0.5482954382896423,0.18958742916584015,0.01592867076396942
YDR365W-B,YDL154W,1,2.8830204,0.5495750904083252,0.19056974351406097,0.01592867076396942
YAR009C,YJR043C,1,2.8821287,0.5508474707603455,0.1915520578622818,0.01592867076396942
YPL200W,YOR142W-B,1,2.8815174,0.5521126985549927,0.19253438711166382,0.01592867076396942
YDL185W,YGR161C-D,1,2.8813539,0.5533707737922668,0.19351670145988464,0.01592867076396942
YDR288W,YOR343W-B,1,2.8812952,0.5546218752861023,0.19449901580810547,0.01592867076396942
YGL183C,YGR161W-B,1,2.880097,0.5558659434318542,0.1954813301563263,0.01592867076396942
YMR175W,YLR045C,0,2.878912,0.5543175339698792,0.1954813301563263,0.01602885127067566
YDR316W-B,YER006W,0,2.8781614,0.5527777671813965,0.1954813301563263,0.016129031777381897
YER044C-A,YDR098C-B,1,2.8780484,0.554016649723053,0.1964636594057083,0.016129031777381897
YPR173C,YMR211W,0,2.8778105,0.5524861812591553,0.1964636594057083,0.016229212284088135
YMR040W,YNL284C-B,0,2.877729,0.5509641766548157,0.1964636594057083,0.016329392790794373
YLR410W-B,YPL121C,1,2.8770351,0.5521978139877319,0.19744597375392914,0.016329392790794373
YDR288W,YOL103W-B,1,2.8766732,0.5534246563911438,0.19842828810214996,0.016329392790794373
YPR158W-B,YMR224C,1,2.8753629,0.5546448230743408,0.1994106024503708,0.016329392790794373
YMR224C,YPR158W-B,1,2.8753629,0.555858314037323,0.2003929316997528,0.016329392790794373
YGL048C,YDR365W-A,0,2.8752775,0.554347813129425,0.2003929316997528,0.01642957329750061
YGR038C-B,YMR224C,1,2.8750339,0.5555555820465088,0.20137524604797363,0.01642957329750061
YJL145W,YBL088C,0,2.8748813,0.5540540814399719,0.20137524604797363,0.016529753804206848
YDR165W,YBR107C,0,2.8746476,0.5525606274604797,0.20137524604797363,0.016629934310913086
YLR157C-B,YMR161W,0,2.874022,0.551075279712677,0.20137524604797363,0.016730114817619324
YBR098W,YNL054W-B,1,2.8725595,0.5522788166999817,0.20235756039619446,0.016730114817619324
YNL284C-B,YOL104C,1,2.8724294,0.5534759163856506,0.20333987474441528,0.016730114817619324
YGL196W,YGR109W-A,0,2.8715563,0.5519999861717224,0.20333987474441528,0.01683029532432556
YBR024W,YGR161C-D,0,2.871354,0.5505319237709045,0.20333987474441528,0.01693047396838665
YDR034C-D,YKR099W,1,2.8710604,0.5517241358757019,0.2043222039937973,0.01693047396838665
YHR079C-B,YFL003C,1,2.8710165,0.5529100298881531,0.20530451834201813,0.01693047396838665
YDR153C,YDR365W-A,0,2.8701077,0.5514512062072754,0.20530451834201813,0.017030654475092888
YGR038C-B,YPR033C,0,2.8685813,0.550000011920929,0.20530451834201813,0.017130834981799126
YOR332W,YDR034C-C,0,2.8675432,0.5485564470291138,0.20530451834201813,0.017231015488505363
YNR027W,YLR227W-A,0,2.867424,0.5471203923225403,0.20530451834201813,0.0173311959952116
YBR012W-B,YBL101W-B,1,2.8673992,0.5483028888702393,0.20628683269023895,0.0173311959952116
YMR133W,YOL068C,1,2.867118,0.5494791865348816,0.20726916193962097,0.0173311959952116
YHR139C,YHR114W,0,2.866444,0.5480519533157349,0.20726916193962097,0.01743137650191784
YLR329W,YLR227W-B,1,2.8659778,0.5492228269577026,0.2082514762878418,0.01743137650191784
YDR365W-B,YMR133W,1,2.8655682,0.5503876209259033,0.20923379063606262,0.01743137650191784
YML061C,YHL009W-B,1,2.8654199,0.5515463948249817,0.21021610498428345,0.01743137650191784
YDR034C-D,YDR113C,1,2.8654013,0.5526992082595825,0.21119843423366547,0.01743137650191784
YJL104W,YDR098C-B,0,2.8650584,0.5512820482254028,0.21119843423366547,0.017531557008624077
YKL010C,YDR098C-B,0,2.8649802,0.549872100353241,0.21119843423366547,0.017631737515330315
YDR446W,YNL054W-B,1,2.8649569,0.5510203838348389,0.2121807485818863,0.017631737515330315
YKL221W,YPR164W,0,2.8647695,0.5496183037757874,0.2121807485818863,0.017731918022036552
YDR034C-D,YGL183C,1,2.8638873,0.5507614016532898,0.21316306293010712,0.017731918022036552
YMR224C,YGR109W-B,1,2.8637338,0.551898717880249,0.21414537727832794,0.017731918022036552
YER044C-A,YLR227W-B,1,2.863577,0.5530303120613098,0.21512770652770996,0.017731918022036552
YHR079C-B,YLR329W,1,2.862503,0.5541561841964722,0.2161100208759308,0.017731918022036552
YBR254C,YOR240W,0,2.8619347,0.552763819694519,0.2161100208759308,0.01783209852874279
YBR231C,YGR272C,0,2.8619342,0.5513784289360046,0.2161100208759308,0.01793227717280388
YDR479C,YML033W,0,2.861857,0.550000011920929,0.2161100208759308,0.018032457679510117
YFR038W,YHR079C-B,1,2.8617177,0.5511221885681152,0.2170923352241516,0.018032457679510117
YHR079C-B,YAR007C,1,2.8616252,0.5522388219833374,0.21807464957237244,0.018032457679510117
YBR100W,YFR038W,1,2.861617,0.5533498525619507,0.21905697882175446,0.018032457679510117
YKL158W,YKL192C,0,2.861462,0.551980197429657,0.21905697882175446,0.018132638186216354
YBR100W,YML095C,1,2.861452,0.5530864000320435,0.22003929316997528,0.018132638186216354
YKL113C,YHR079C-B,1,2.86136,0.5541871786117554,0.2210216075181961,0.018132638186216354
YGR272C,YPR112C,0,2.8611984,0.5528255701065063,0.2210216075181961,0.018232818692922592
YGR109W-A,YBL046W,0,2.8610673,0.5514705777168274,0.2210216075181961,0.01833299919962883
YHR167W,YHR079C-B,1,2.8609662,0.5525672435760498,0.22200392186641693,0.01833299919962883
YBR229C,YCR070W,0,2.8607216,0.5512195229530334,0.22200392186641693,0.018433179706335068
YLR320W,YHR079C-B,1,2.8607025,0.5523114204406738,0.22298625111579895,0.018433179706335068
YNL284C-B,YER044C-A,1,2.8606606,0.553398072719574,0.22396856546401978,0.018433179706335068
YLR135W,YHR079C-B,1,2.8606257,0.5544794201850891,0.2249508798122406,0.018433179706335068
YKL158W,YMR293C,0,2.8606172,0.5531401038169861,0.2249508798122406,0.018533360213041306
YDR228C,YBL101W-A,0,2.860558,0.5518072247505188,0.2249508798122406,0.018633540719747543
YCR058C,YDR175C,0,2.8605032,0.5504807829856873,0.2249508798122406,0.01873372122645378
YKL158W,YNR059W,0,2.8604708,0.5491606593132019,0.2249508798122406,0.01883390173316002
YNL257C,YKL199C,0,2.8603892,0.5478469133377075,0.2249508798122406,0.018934082239866257
YIR013C,YGL229C,0,2.8602695,0.5465393662452698,0.2249508798122406,0.019034260883927345
YBR100W,YLR035C,1,2.8602476,0.5476190447807312,0.22593320906162262,0.019034260883927345
YBR100W,YHL024W,1,2.8602085,0.5486935973167419,0.22691552340984344,0.019034260883927345
YHR044C,YHR039C-B,0,2.8600779,0.5473933815956116,0.22691552340984344,0.019134441390633583
YDL185W,YPR137C-B,1,2.8599029,0.5484633445739746,0.22789783775806427,0.019134441390633583
YBR100W,YHL006C,1,2.8597984,0.5495283007621765,0.2288801521062851,0.019134441390633583
YBL101W-A,YKL035W,0,2.8596911,0.548235297203064,0.2288801521062851,0.01923462189733982
YBR058C,YDR316W-A,0,2.8596244,0.5469483733177185,0.2288801521062851,0.01933480240404606
YOR240W,YJL208C,0,2.8595319,0.5456674695014954,0.2288801521062851,0.019434982910752296
YDR034C-D,YLL036C,0,2.8594933,0.5443925261497498,0.2288801521062851,0.019535163417458534
YKL004W,YGR109W-A,0,2.8592896,0.5431235432624817,0.2288801521062851,0.019635343924164772
YKL120W,YML033W,0,2.8592248,0.5418604612350464,0.2288801521062851,0.01973552443087101
YBR100W,YDL101C,1,2.859116,0.5429234504699707,0.22986248135566711,0.01973552443087101
YGR172C,YML033W,0,2.8590913,0.5416666865348816,0.22986248135566711,0.019835704937577248
YFR024C,YPR118W,0,2.8590164,0.5404157042503357,0.22986248135566711,0.019935885444283485
YHR157W,YHR079C-B,1,2.8589468,0.5414746403694153,0.23084479570388794,0.019935885444283485
YBR090C-A,YJR060W,0,2.8589015,0.540229856967926,0.23084479570388794,0.020036064088344574
YJR015W,YER108C,0,2.858901,0.53899085521698,0.23084479570388794,0.020136244595050812
YCR058C,YDR047W,0,2.8588982,0.5377574563026428,0.23084479570388794,0.02023642510175705
YJL096W,YKL199C,0,2.8587894,0.5365296602249146,0.23084479570388794,0.020336605608463287
YFR024C,YKL184W,0,2.8586912,0.5353075265884399,0.23084479570388794,0.020436786115169525
YHR152W,YHR079C-B,0,2.8586464,0.5340909361839294,0.23084479570388794,0.020536966621875763
YBR100W,YMR224C,1,2.8585877,0.5351473689079285,0.23182711005210876,0.020536966621875763
YBR100W,YPL194W,1,2.8585844,0.5361990928649902,0.2328094244003296,0.020536966621875763
YNL305C,YML033W,0,2.8585644,0.5349887013435364,0.2328094244003296,0.020637147128582
YCL062W,YIL118W,0,2.85854,0.5337837934494019,0.2328094244003296,0.02073732763528824
YPL033C,YHL009W-A,0,2.8584566,0.5325842499732971,0.2328094244003296,0.020837508141994476
YPR158C-D,YBR098W,1,2.8584452,0.5336322784423828,0.2337917536497116,0.020837508141994476
YML128C,YLR467W,1,2.8582382,0.5346755981445312,0.23477406799793243,0.020837508141994476
YJL018W,YBR056W,0,2.8577437,0.5334821343421936,0.23477406799793243,0.020937688648700714
YBR100W,YMR202W,0,2.8576202,0.532293975353241,0.23477406799793243,0.021037867292761803
YGR203W,YLR337W,0,2.8574462,0.5311111211776733,0.23477406799793243,0.02113804779946804
YBR100W,YPR121W,0,2.8574142,0.5299334526062012,0.23477406799793243,0.021238228306174278
YDR098C-B,YOR242C,0,2.8571215,0.528761088848114,0.23477406799793243,0.021338408812880516
YGR027W-B,YOR354C,1,2.8570437,0.5298013091087341,0.23575638234615326,0.021338408812880516
YJL018W,YLR096W,0,2.856822,0.5286343693733215,0.23575638234615326,0.021438589319586754
YMR127C,YOR088W,0,2.856769,0.5274725556373596,0.23575638234615326,0.02153876982629299
YPR158C-D,YLR329W,1,2.8563929,0.5285087823867798,0.23673869669437408,0.02153876982629299
YOR081C,YHL009W-A,0,2.8562346,0.5273522734642029,0.23673869669437408,0.02163895033299923
YDR490C,YOR088W,0,2.8558092,0.5262008905410767,0.23673869669437408,0.021739130839705467
YML128C,YBL005W-B,1,2.8556547,0.5272331237792969,0.2377210259437561,0.021739130839705467
YJL018W,YHR207C,0,2.8555536,0.5260869860649109,0.2377210259437561,0.021839311346411705
YIL082W-A,YDR365W-A,0,2.855225,0.5249457955360413,0.2377210259437561,0.021939491853117943
YGR161W-A,YBL021C,0,2.854971,0.523809552192688,0.2377210259437561,0.02203967049717903
YPL200W,YHL009W-B,1,2.8548875,0.5248380303382874,0.23870334029197693,0.02203967049717903
YBR100W,YJR027W,1,2.8546405,0.5258620977401733,0.23968565464019775,0.02203967049717903
YOL105C,YKL199C,0,2.8545527,0.5247311592102051,0.23968565464019775,0.02213985100388527
YKL087C,YJL021C,0,2.854405,0.5236051678657532,0.23968565464019775,0.022240031510591507
YJL018W,YKL184W,0,2.8542638,0.5224839448928833,0.23968565464019775,0.022340212017297745
YGL033W,YDR180W,1,2.8542113,0.5235042572021484,0.24066796898841858,0.022340212017297745
YCL012W,YHR019C,0,2.853765,0.5223880410194397,0.24066796898841858,0.022440392524003983
YDR365W-B,YFR024C-A,0,2.8535333,0.521276593208313,0.24066796898841858,0.02254057303071022
YIR009W,YOR088W,0,2.8533964,0.5201698541641235,0.24066796898841858,0.022640753537416458
YOR240W,YBR297W,0,2.853353,0.5190678238868713,0.24066796898841858,0.022740934044122696
YHL035C,YCL012W,0,2.8531566,0.5179703831672668,0.24066796898841858,0.022841114550828934
YOR343W-A,YOR077W,0,2.8526096,0.5168776512145996,0.24066796898841858,0.02294129505753517
YML062C,YPR137C-B,1,2.8524742,0.5178947448730469,0.2416502982378006,0.02294129505753517
YGL033W,YHR110W,0,2.8523555,0.5168067216873169,0.2416502982378006,0.02304147556424141
YNL054W-B,YPL121C,1,2.8512459,0.5178197026252747,0.24263261258602142,0.02304147556424141
YDL059C,YHL009W-B,1,2.8508873,0.5188284516334534,0.24361492693424225,0.02304147556424141
YCL062W,YNL035C,0,2.8508391,0.517745316028595,0.24361492693424225,0.023141654208302498
YDR323C,YLR227W-A,0,2.85069,0.5166666507720947,0.24361492693424225,0.023241834715008736
YDR261C-D,YNL210W,1,2.8506403,0.517671525478363,0.24459725618362427,0.023241834715008736
YIL063C,YOR088W,0,2.8499403,0.5165975093841553,0.24459725618362427,0.023342015221714973
YBR100W,YMR001C,1,2.849719,0.5175983309745789,0.2455795705318451,0.023342015221714973
YOL104C,YLR227W-B,1,2.848855,0.5185950398445129,0.24656188488006592,0.023342015221714973
YAR044W,YHR086W,0,2.8483143,0.5175257921218872,0.24656188488006592,0.02344219572842121
YGR027W-B,YNL139C,1,2.8481116,0.5185185074806213,0.24754419922828674,0.02344219572842121
YGR109W-A,YJL065C,0,2.848096,0.5174537897109985,0.24754419922828674,0.02354237623512745
YBR152W,YBR090C-A,0,2.8475866,0.5163934230804443,0.24754419922828674,0.023642556741833687
YKL198C,YLR035C-A,0,2.8469524,0.5153374075889587,0.24754419922828674,0.023742737248539925
YLR304C,YBL101W-A,0,2.8465605,0.5142857432365417,0.24754419922828674,0.023842917755246162
YJL018W,YGL205W,0,2.8460822,0.5132383108139038,0.24754419922828674,0.0239430982619524
YDR135C,YER065C,0,2.8460698,0.5121951103210449,0.24754419922828674,0.024043278768658638
YDR469W,YOR088W,0,2.8458762,0.5111562013626099,0.24754419922828674,0.024143457412719727
YIL067C,YCR058C,0,2.8456755,0.5101214647293091,0.24754419922828674,0.024243637919425964
YGR272C,YOR322C,0,2.8456507,0.5090909004211426,0.24754419922828674,0.024343818426132202
YCL062W,YLR363C,0,2.8455577,0.5080645084381104,0.24754419922828674,0.02444399893283844
YHR112C,YBR090C-A,0,2.8454885,0.5070422291755676,0.24754419922828674,0.024544179439544678
YDL082W,YLR337W,0,2.8451629,0.5060241222381592,0.24754419922828674,0.024644359946250916
YDR316W-B,YER179W,1,2.845152,0.5070140361785889,0.24852652847766876,0.024644359946250916
YNL250W,YFL003C,1,2.8448606,0.5080000162124634,0.2495088428258896,0.024644359946250916
YBR100W,YDL185W,1,2.844696,0.5089820623397827,0.2504911720752716,0.024644359946250916
YGR038C-B,YOL068C,1,2.8443031,0.5099601745605469,0.25147348642349243,0.024644359946250916
YDL059C,YHR079C-B,1,2.8440213,0.5109344124794006,0.25245580077171326,0.024644359946250916
YBR100W,YBL005W-B,1,2.8438582,0.511904776096344,0.2534381151199341,0.024644359946250916
YAR044W,YER069W,0,2.8437557,0.5108910799026489,0.2534381151199341,0.024744540452957153
YPL152W,YOR343C-A,0,2.8437548,0.5098814368247986,0.2534381151199341,0.02484472095966339
YBR290W,YCR029C-A,0,2.8437548,0.5088757276535034,0.2534381151199341,0.02494490146636963
YDL038C,YNL279W,0,2.8437548,0.5078740119934082,0.2534381151199341,0.025045081973075867
YML065W,YLR154W-C,0,2.8437548,0.5068762302398682,0.2534381151199341,0.025145260617136955
YDL020C,YOR343C-A,0,2.8437548,0.5058823823928833,0.2534381151199341,0.025245441123843193
YOL086W-A,YDL149W,0,2.8437548,0.5048923492431641,0.2534381151199341,0.02534562163054943
YJL133C-A,YDL052C,0,2.8437548,0.50390625,0.2534381151199341,0.02544580213725567
YML042W,YJL133C-A,0,2.8437548,0.5029239654541016,0.2534381151199341,0.025545982643961906
YBR100W,YOL103W-B,1,2.8437548,0.5038910508155823,0.2544204294681549,0.025545982643961906
YDR210W-D,YFR055W,1,2.8437548,0.5048543810844421,0.25540274381637573,0.025545982643961906
YER133W,YBR200W-A,0,2.8437548,0.5038759708404541,0.25540274381637573,0.025646163150668144
YDR210W-D,YDR076W,1,2.8437548,0.5048356056213379,0.25638505816459656,0.025646163150668144
YPL103C,YFL035C-A,0,2.8437548,0.5038610100746155,0.25638505816459656,0.025746343657374382
YHR214W-G,YER006W,0,2.8437548,0.5028901696205139,0.25638505816459656,0.02584652416408062
YER148W,YPL189C-A,0,2.8437548,0.5019230842590332,0.25638505816459656,0.025946704670786858
YBR024W,YCL005W-A,0,2.8437548,0.5009596943855286,0.25638505816459656,0.026046885177493095
YDR014W-A,YHR039C,1,2.8437548,0.501915693283081,0.2573673725128174,0.026046885177493095
YPR158C-D,YHR079C-B,1,2.8437548,0.5028680562973022,0.2583497166633606,0.026046885177493095
YJL208C,YCR029C-A,0,2.8437548,0.5019084215164185,0.2583497166633606,0.026147063821554184
YOL086W-A,YMR197C,0,2.8437548,0.5009523630142212,0.2583497166633606,0.026247244328260422
YDR210W-B,YHR079C-B,1,2.8437548,0.5019011497497559,0.2593320310115814,0.026247244328260422
YHR214W-G,YGR223C,0,2.8437548,0.5009487867355347,0.2593320310115814,0.02634742483496666
YJL208C,YOR343C-B,1,2.8437548,0.501893937587738,0.26031434535980225,0.02634742483496666
YCR070W,YDL184C,0,2.8437548,0.5009451508522034,0.26031434535980225,0.026447605341672897
YFL035C-B,YLR148W,0,2.8437548,0.5,0.26031434535980225,0.026547785848379135
YOR110W,YFL035C-A,0,2.8437548,0.4990583658218384,0.26031434535980225,0.026647966355085373
YMR006C,YGL210W-A,0,2.8437548,0.4981203079223633,0.26031434535980225,0.02674814686179161
YBL074C,YGL210W-A,0,2.8437548,0.49718573689460754,0.26031434535980225,0.02684832736849785
YDR014W-A,YFR038W,1,2.8437548,0.4981273412704468,0.26129665970802307,0.02684832736849785
YGR272C,YDL138W,0,2.8437548,0.4971962571144104,0.26129665970802307,0.026948507875204086
YBL078C,YLR312C-B,0,2.8437548,0.4962686598300934,0.26129665970802307,0.027048688381910324
YDL038C,YMR288W,0,2.8437548,0.49534451961517334,0.26129665970802307,0.027148868888616562
YLR172C,YBR200W-A,0,2.8437548,0.4944238066673279,0.26129665970802307,0.02724904753267765
YJR066W,YGL258W-A,0,2.8437548,0.4935064911842346,0.26129665970802307,0.027349228039383888
YDR368W,YOR343C-A,0,2.8437548,0.49259260296821594,0.26129665970802307,0.027449408546090126
YOR396W,YDL033C,0,2.8437548,0.4916820824146271,0.26129665970802307,0.027549589052796364
YBR100W,YKL195W,0,2.8437548,0.49077489972114563,0.26129665970802307,0.0276497695595026
YKL006C-A,YER053C-A,0,2.8437548,0.489871084690094,0.26129665970802307,0.02774995006620884
YGR192C,YNL024C-A,0,2.8437548,0.4889705777168274,0.26129665970802307,0.027850130572915077
YGL134W,YDR210W-D,0,2.8437548,0.4880734086036682,0.26129665970802307,0.027950311079621315
YOR195W,YBR200W-A,0,2.8437548,0.4871794879436493,0.26129665970802307,0.028050491586327553
YDR210W-C,YCL017C,0,2.8437548,0.486288845539093,0.26129665970802307,0.02815067209303379
YKR099C-A,YJL090C,0,2.8437548,0.485401451587677,0.26129665970802307,0.02825085073709488
YDR022C,YJL133C-A,0,2.8437548,0.48451730608940125,0.26129665970802307,0.028351031243801117
YFL035C-B,YER172C,0,2.8437548,0.48363634943962097,0.26129665970802307,0.028451211750507355
YBR004C,YOR396W,0,2.8437548,0.48275861144065857,0.26129665970802307,0.028551392257213593
YBL060W,YKR095W-A,0,2.8437548,0.48188406229019165,0.26129665970802307,0.02865157276391983
YIL117C,YML033W,0,2.8437548,0.4810126721858978,0.26129665970802307,0.028751753270626068
YLR154W-C,YJL174W,0,2.8437548,0.4801444113254547,0.26129665970802307,0.028851933777332306
YGR038C-B,YBL101W-B,1,2.8437548,0.4810810685157776,0.2622789740562439,0.028851933777332306
YFL035C-B,YBR239C,0,2.8437548,0.48021581768989563,0.2622789740562439,0.028952114284038544
YLR135W,YOR343C-B,1,2.8437548,0.48114901781082153,0.2632612884044647,0.028952114284038544
YDR387C,YFL018W-A,0,2.8437548,0.48028674721717834,0.2632612884044647,0.02905229479074478
YCR023C,YJL133C-A,0,2.8437548,0.4794275462627411,0.2632612884044647,0.02915247529745102
YLR274W,YPL189C-A,0,2.8437548,0.47857141494750977,0.2632612884044647,0.029252653941512108
YFL035C-B,YEL060C,0,2.8437548,0.4777183532714844,0.2632612884044647,0.029352834448218346
YJL111W,YKL138C-A,0,2.8437548,0.47686833143234253,0.2632612884044647,0.029453014954924583
YCL005W-A,YPL203W,0,2.8437548,0.47602131962776184,0.2632612884044647,0.02955319546163082
YNL024C-A,YDL201W,0,2.8437548,0.4751773178577423,0.2632612884044647,0.02965337596833706
YML010W,YER053C-A,0,2.8437548,0.47433629631996155,0.2632612884044647,0.029753556475043297
YOR343C-B,YGR275W,0,2.8437548,0.47349822521209717,0.2632612884044647,0.029853736981749535
YDR014W-A,YLR466W,1,2.8437548,0.474426805973053,0.26424360275268555,0.029853736981749535
YHR010W,YBL008W-A,0,2.8437548,0.47359153628349304,0.26424360275268555,0.029953917488455772
YER074W-A,YPL060C-A,0,2.8437548,0.4727592170238495,0.26424360275268555,0.03005409799516201
YOR343C-B,YOR141C,1,2.8437548,0.4736842215061188,0.26522594690322876,0.03005409799516201
YDR210W-D,YHR081W,1,2.8437548,0.4746059477329254,0.2662082612514496,0.03005409799516201
YDL154W,YGL258W-A,0,2.8437548,0.4737762212753296,0.2662082612514496,0.030154278501868248
YDR524C-B,YLR249W,0,2.8437548,0.47294938564300537,0.2662082612514496,0.030254457145929337
YBR215W,YAR070W-A,0,2.8437548,0.47212544083595276,0.2662082612514496,0.030354637652635574
YDR236C,YOR088W,0,2.8437548,0.47130435705184937,0.2662082612514496,0.030454818159341812
YMR268C,YDR210W-C,0,2.8437548,0.4704861044883728,0.2662082612514496,0.03055499866604805
YGR278W,YKR095W-A,0,2.8437548,0.46967071294784546,0.2662082612514496,0.030655179172754288
YDR016C,YJL133C-A,0,2.8437548,0.46885812282562256,0.2662082612514496,0.030755359679460526
YAR066W,YDR210W-D,0,2.8437548,0.4680483639240265,0.2662082612514496,0.030855540186166763
YPL096C-A,YKL181W,0,2.8437548,0.4672413766384125,0.2662082612514496,0.030955720692873
YOR240W,YOR343W-A,0,2.8437548,0.4664371907711029,0.2662082612514496,0.03105590119957924
YDR524C-B,YNR059W,0,2.8437548,0.465635746717453,0.2662082612514496,0.031156081706285477
YHR214W-G,YHR005C,0,2.8437548,0.46483704447746277,0.2662082612514496,0.031256262212991714
YBL030C,YFL035C-A,0,2.8437548,0.4640410840511322,0.2662082612514496,0.03135644271969795
YML045W,YOR343C-B,1,2.8437548,0.46495726704597473,0.2671905755996704,0.03135644271969795
YDL038C,YML130C,0,2.8437548,0.46416381001472473,0.2671905755996704,0.03145662322640419
YDR210W-D,YDL164C,1,2.8437548,0.46507665514945984,0.26817288994789124,0.03145662322640419
YLR007W,YBL101W-B,1,2.8437548,0.4659864008426666,0.26915520429611206,0.03145662322640419
YDR524C-B,YKR088C,0,2.8437548,0.4651952385902405,0.26915520429611206,0.03155680373311043
YDR014W-A,YER138C,1,2.8437548,0.4661017060279846,0.2701375186443329,0.03155680373311043
YDR446W,YOR343C-B,1,2.8437548,0.46700507402420044,0.2711198329925537,0.03155680373311043
YCR071C,YDL134C-A,0,2.8437548,0.46621620655059814,0.2711198329925537,0.031656984239816666
YML081C-A,YCL027C-A,0,2.8437548,0.46543002128601074,0.2711198329925537,0.0317571647465229
YLR134W,YCL048W-A,0,2.8437548,0.46464645862579346,0.2711198329925537,0.03185734152793884
YPL096C-A,YNL098C,0,2.8437548,0.4638655483722687,0.2711198329925537,0.03195752203464508
YPL189C-A,YDR091C,0,2.8437548,0.463087260723114,0.2711198329925537,0.03205770254135132
YGL073W,YJL133C-A,0,2.8437548,0.4623115658760071,0.2711198329925537,0.032157883048057556
YKR099C-A,YLR131C,0,2.8437548,0.4615384638309479,0.2711198329925537,0.032258063554763794
YNL024C-A,YMR135C,0,2.8437548,0.4607679545879364,0.2711198329925537,0.03235824406147003
YGR030C,YKR095W-A,0,2.8437548,0.46000000834465027,0.2711198329925537,0.03245842456817627
YKR099C-A,YBR005W,0,2.8437548,0.4592345952987671,0.2711198329925537,0.03255860507488251
YBR200W-A,YDL247W,0,2.8437548,0.45847177505493164,0.2711198329925537,0.032658785581588745
YPL189C-A,YJL102W,0,2.8437548,0.45771142840385437,0.2711198329925537,0.03275896608829498
YDR085C,YLR312C-B,0,2.8437548,0.45695364475250244,0.2711198329925537,0.03285914659500122
YDR085C,YDR524C-B,0,2.8437548,0.4561983346939087,0.2711198329925537,0.03295932710170746
YCL048W-A,YBL084C,0,2.8437548,0.4554455578327179,0.2711198329925537,0.033059507608413696
YOL086W-A,YDR469W,0,2.8437548,0.4546952247619629,0.2711198329925537,0.033159688115119934
YDL038C,YIL105C,0,2.8437548,0.45394736528396606,0.2711198329925537,0.03325986862182617
YJL133C-A,YGR212W,0,2.8437548,0.4532019793987274,0.2711198329925537,0.03336004912853241
YFR055W,YOR343C-B,1,2.8437548,0.4540983736515045,0.27210214734077454,0.03336004912853241
YBL008W-A,YNL212W,0,2.8437548,0.45335516333580017,0.27210214734077454,0.03346022963523865
YER180C,YDR210W-C,0,2.8437548,0.45261436700820923,0.27210214734077454,0.033560410141944885
YDR487C,YJL133C-A,0,2.8437548,0.4518760144710541,0.27210214734077454,0.03366059064865112
YDR515W,YOR343C-B,0,2.8437548,0.45114007592201233,0.27210214734077454,0.03376077115535736
YAR044W,YKL043W,0,2.8437548,0.4504064917564392,0.27210214734077454,0.0338609479367733
YBL071W-A,YFL018W-A,0,2.8437548,0.4496753215789795,0.27210214734077454,0.03396112844347954
YKL158W,YOR359W,0,2.8437548,0.4489465057849884,0.27210214734077454,0.034061308950185776
YML008C,YFL035C-A,0,2.8437548,0.44822007417678833,0.27210214734077454,0.034161489456892014
YGL249W,YKL138C-A,0,2.8437548,0.4474959671497345,0.27210214734077454,0.03426166996359825
YDL038C,YCR009C,0,2.8437548,0.4467741847038269,0.27210214734077454,0.03436185047030449
YGL210W-A,YFL036W,0,2.8437548,0.44605475664138794,0.27210214734077454,0.03446203097701073
YDR316W-A,YPL189C-A,0,2.8437548,0.4453376233577728,0.27210214734077454,0.034562211483716965
YLR312C-B,YGR035C,0,2.8437548,0.44462278485298157,0.27210214734077454,0.0346623919904232
YDR210W-D,YCR009C,0,2.8437548,0.44391027092933655,0.27210214734077454,0.03476257249712944
YDR014W-A,YLR410W-B,1,2.8437548,0.4447999894618988,0.27308449149131775,0.03476257249712944
YCL031C,YDL134C-A,0,2.8437548,0.44408944249153137,0.27308449149131775,0.03486275300383568
YCL048W-A,YJL063C,0,2.8437548,0.4433811902999878,0.27308449149131775,0.034962933510541916
YGR260W,YLR154W-C,0,2.8437548,0.4426751732826233,0.27308449149131775,0.035063114017248154
YPL177C,YBR200W-A,0,2.8437548,0.44197139143943787,0.27308449149131775,0.03516329452395439
YGL258W-A,YMR217W,0,2.8437548,0.4412698447704315,0.27308449149131775,0.03526347503066063
YOL068C,YOR343C-B,1,2.8437548,0.44215530157089233,0.2740668058395386,0.03526347503066063
YBL101W-B,YHR079C-A,1,2.8437548,0.4430379867553711,0.2750491201877594,0.03526347503066063
YCL062W,YKR072C,0,2.8437548,0.44233807921409607,0.2750491201877594,0.03536365553736687
YDL038C,YOR151C,0,2.8437548,0.44164037704467773,0.2750491201877594,0.035463836044073105
YDR365W-B,YBL101W-B,1,2.8437548,0.4425196945667267,0.2760314345359802,0.035463836044073105
YJL059W,YOR343C-B,0,2.8437548,0.44182389974594116,0.2760314345359802,0.03556401655077934
YGL128C,YCL027C-A,0,2.8437548,0.44113031029701233,0.2760314345359802,0.03566419705748558
YDR014W-A,YMR284W,1,2.8437548,0.44200626015663147,0.27701374888420105,0.03566419705748558
YBL071W-A,YBR089C-A,0,2.8437548,0.44131454825401306,0.27701374888420105,0.03576437756419182
YER053C-A,YPL217C,0,2.8437548,0.44062501192092896,0.27701374888420105,0.03586455434560776
YHR214W-G,YPL121C,0,2.8437548,0.4399375915527344,0.27701374888420105,0.035964734852313995
YNL329C,YFL018W-A,0,2.8437548,0.4392523467540741,0.27701374888420105,0.03606491535902023
YGL210W-A,YGL123W,0,2.8437548,0.43856921792030334,0.27701374888420105,0.03616509586572647
YCL048W-A,YJL046W,0,2.8437548,0.4378882050514221,0.27701374888420105,0.03626527637243271
YOR208W,YBR200W-A,0,2.8437548,0.4372093081474304,0.27701374888420105,0.03636545687913895
YPR134W,YDR524C-B,0,2.8437548,0.43653249740600586,0.27701374888420105,0.036465637385845184
YIR017C,YLR312C-B,0,2.8437548,0.4358578026294708,0.27701374888420105,0.03656581789255142
YFL035C-B,YOR343C-A,0,2.8437548,0.43518519401550293,0.27701374888420105,0.03666599839925766
YPL189C-A,YBL023C,0,2.8437548,0.4345146417617798,0.27701374888420105,0.0367661789059639
YKL138C-A,YLR408C,0,2.8437548,0.4338461458683014,0.27701374888420105,0.036866359412670135
YDR524C-B,YJL102W,0,2.8437548,0.43317973613739014,0.27701374888420105,0.03696653991937637
YHR214W-G,YDR386W,0,2.8437548,0.43251532316207886,0.27701374888420105,0.03706672042608261
YFL018W-A,YFL009W,0,2.8437548,0.4318529963493347,0.27701374888420105,0.03716690093278885
YKR099C-A,YPL123C,0,2.8437548,0.43119266629219055,0.27701374888420105,0.03726708143949509
YPL257W-A,YJL133C-A,0,2.8437548,0.43053436279296875,0.27701374888420105,0.037367261946201324
YFL035C-B,YDR309C,0,2.8437548,0.4298780560493469,0.27701374888420105,0.03746744245290756
YBL008W-A,YLR221C,0,2.8437548,0.4292237460613251,0.27701374888420105,0.0375676229596138
YCL048W-A,YKL222C,0,2.8437548,0.4285714328289032,0.27701374888420105,0.03766780346632004
YNL024C-A,YPL133C,0,2.8437548,0.4279210865497589,0.27701374888420105,0.037767983973026276
YOR088W,YMR165C,0,2.8437548,0.4272727370262146,0.27701374888420105,0.03786816447973251
YER093C,YER108C,0,2.8437548,0.4266263246536255,0.27701374888420105,0.03796834126114845
YHR149C,YBR200W-A,0,2.8437548,0.42598187923431396,0.27701374888420105,0.03806852176785469
YOR295W,YGL210W-A,0,2.8437548,0.42533937096595764,0.27701374888420105,0.03816870227456093
YOL086W-A,YJL056C,0,2.8437548,0.4246987998485565,0.27701374888420105,0.038268882781267166
YPR158W-B,YBL101W-B,1,2.8437548,0.42556390166282654,0.2779960632324219,0.038268882781267166
YBR100W,YDR207C,1,2.8437548,0.4264264404773712,0.2789783775806427,0.038268882781267166
YPL074W,YFL035C-A,0,2.8437548,0.4257871210575104,0.2789783775806427,0.038369063287973404
YFL035C-B,YOR086C,0,2.8437548,0.42514970898628235,0.2789783775806427,0.03846924379467964
YBL040C,YAR070W-A,0,2.8437548,0.42451420426368713,0.2789783775806427,0.03856942430138588
YDR524C-B,YNL246W,0,2.8437548,0.42388060688972473,0.2789783775806427,0.03866960480809212
YLR154W-C,YPL224C,0,2.8437548,0.42324888706207275,0.2789783775806427,0.038769785314798355
YDR014W-A,YHR153C,1,2.8437548,0.4241071343421936,0.2799607217311859,0.038769785314798355
YHR072W-A,YFL035C-A,0,2.8437548,0.4234769642353058,0.2799607217311859,0.03886996582150459
YIL132C,YOR343C-B,1,2.8437548,0.4243323504924774,0.28094303607940674,0.03886996582150459
YOL058W,YLR312C-B,0,2.8437548,0.42370370030403137,0.28094303607940674,0.03897014632821083
YDR160W,YBL008W-A,0,2.8437548,0.42307692766189575,0.28094303607940674,0.03907032683491707
YNL059C,YJL133C-A,0,2.8437548,0.42245200276374817,0.28094303607940674,0.039170507341623306
YKL138C-A,YOR192C,0,2.8437548,0.42182889580726624,0.28094303607940674,0.039270687848329544
YBR288C,YGL258W-A,0,2.8437548,0.4212076663970947,0.28094303607940674,0.03937086835503578
YDR210W-D,YPL127C,1,2.8437548,0.4220588207244873,0.28192535042762756,0.03937086835503578
YNR055C,YAR070W-A,0,2.8437548,0.4214390516281128,0.28192535042762756,0.03947104886174202
YPR175W,YCL048W-A,0,2.8437548,0.42082110047340393,0.28192535042762756,0.03957122936844826
YMR150C,YER053C-A,0,2.8437548,0.4202049672603607,0.28192535042762756,0.039671409875154495
YCL012W,YAL020C,0,2.8437548,0.41959065198898315,0.28192535042762756,0.03977159038186073
YGL070C,YDR524C-B,0,2.8437548,0.41897809505462646,0.28192535042762756,0.03987177088856697
YPR070W,YOR343C-A,0,2.8437548,0.4183673560619354,0.28192535042762756,0.03997194766998291
YPR161C,YAR070W-A,0,2.8437548,0.41775837540626526,0.28192535042762756,0.04007212817668915
YLR157C-B,YLR337W,0,2.8437548,0.41715115308761597,0.28192535042762756,0.040172308683395386
YDR320C-A,YCL027W,0,2.8437548,0.41654571890830994,0.28192535042762756,0.040272489190101624
YMR083W,YLR154W-C,0,2.8437548,0.4159420430660248,0.28192535042762756,0.04037266969680786
YOL086W-A,YCL075W,0,2.8437548,0.4153400957584381,0.28192535042762756,0.0404728502035141
YLR460C,YCL027C-A,0,2.8437548,0.4147398769855499,0.28192535042762756,0.04057303071022034
YBL016W,YLR154W-C,0,2.8437548,0.4141414165496826,0.28192535042762756,0.040673211216926575
YIR007W,YKR095W-A,0,2.8437548,0.4135446548461914,0.28192535042762756,0.04077339172363281
YHR024C,YKR095W-A,0,2.8437548,0.41294965147972107,0.28192535042762756,0.04087357223033905
YGL167C,YGL258W-A,0,2.8437548,0.41235631704330444,0.28192535042762756,0.04097375273704529
YOR343C-B,YDR110W,1,2.8437548,0.41319942474365234,0.2829076647758484,0.04097375273704529
YPR033C,YBL008W-A,0,2.8437548,0.41260746121406555,0.2829076647758484,0.041073933243751526
YMR190C,YBL101W-B,1,2.8437548,0.4134477972984314,0.2838899791240692,0.041073933243751526
YBR136W,YKL138C-A,0,2.8437548,0.41285714507102966,0.2838899791240692,0.041174113750457764
YCL005W-A,YFL018W-A,0,2.8437548,0.41226819157600403,0.2838899791240692,0.041274294257164
YCL048W-A,YJL133W,0,2.8437548,0.4116809070110321,0.2838899791240692,0.04137447476387024
YMR067C,YGL210W-A,0,2.8437548,0.4110952913761139,0.2838899791240692,0.04147465527057648
YAL010C,YER074W-A,0,2.8437548,0.4105113744735718,0.2838899791240692,0.041574835777282715
YDR210W-D,YFR038W,1,2.8437548,0.41134750843048096,0.28487229347229004,0.041574835777282715
YOL086W-A,YLR247C,0,2.8437548,0.4107648730278015,0.28487229347229004,0.04167501628398895
YLR318W,YAR044W,0,2.8437548,0.4101838767528534,0.28487229347229004,0.04177519679069519
YHR035W,YAR070W-A,0,2.8437548,0.4096045196056366,0.28487229347229004,0.04187537729740143
YBL008W-A,YNR073C,0,2.8437548,0.4090268015861511,0.28487229347229004,0.041975557804107666
YPL172C,YCL048W-A,0,2.8437548,0.4084506928920746,0.28487229347229004,0.042075734585523605
YHR214W-G,YKR089C,0,2.8437548,0.40787622332572937,0.28487229347229004,0.04217591509222984
YGL243W,YJL133C-A,0,2.8437548,0.4073033630847931,0.28487229347229004,0.04227609559893608
YOR343C-B,YBL019W,0,2.8437548,0.40673211216926575,0.28487229347229004,0.04237627610564232
YDR079C-A,YCL027C-A,0,2.8437548,0.40616247057914734,0.28487229347229004,0.042476456612348557
YNL024C-A,YGR088W,0,2.8437548,0.4055944085121155,0.28487229347229004,0.042576637119054794
YPL189C-A,YNL002C,0,2.8437548,0.40502792596817017,0.28487229347229004,0.04267681762576103
YCR070W,YOR359W,0,2.8437548,0.4044630527496338,0.28487229347229004,0.04277699813246727
YDR316W-B,YDR113C,1,2.8434863,0.40529248118400574,0.28585460782051086,0.04277699813246727
YKL158W,YOR067C,0,2.8434482,0.40472880005836487,0.28585460782051086,0.04287717863917351
YML062C,YDR316W-B,1,2.8431754,0.4055555462837219,0.2868369221687317,0.04287717863917351
YBR088C,YBL101W-B,1,2.842627,0.4063800275325775,0.2878192663192749,0.04287717863917351
YER044C-A,YNL054W-B,1,2.8425026,0.40720221400260925,0.2888015806674957,0.04287717863917351
YGR038C-B,YNL210W,1,2.8422966,0.4080221354961395,0.28978389501571655,0.04287717863917351
YML062C,YDR210W-B,1,2.8421001,0.40883979201316833,0.2907662093639374,0.04287717863917351
YDR261C-D,YDL059C,1,2.8417163,0.4096551835536957,0.2917485237121582,0.04287717863917351
YER159C-A,YOR149C,0,2.84171,0.40909090638160706,0.2917485237121582,0.042977359145879745
YLR337W,YJL177W,0,2.8413944,0.408528208732605,0.2917485237121582,0.04307753965258598
YCR102C,YER159C-A,0,2.8411684,0.4079670310020447,0.2917485237121582,0.04317772015929222
YCL012W,YOL020W,0,2.8409085,0.40740740299224854,0.2917485237121582,0.04327790066599846
YDL079C,YDR261W-B,0,2.8404813,0.40684932470321655,0.2917485237121582,0.0433780811727047
YHR039C-B,YGR234W,0,2.8400526,0.40629273653030396,0.2917485237121582,0.043478261679410934
YPR033C,YCR058C,0,2.840045,0.4057376980781555,0.2917485237121582,0.04357844218611717
YOR035C,YOR337W,0,2.840026,0.40518417954444885,0.2917485237121582,0.04367862269282341
YGR109W-A,YDR148C,0,2.8398428,0.4046321511268616,0.2917485237121582,0.04377880319952965
YJL173C,YBL101W-B,1,2.8397093,0.40544217824935913,0.29273083806037903,0.04377880319952965
YDL106C,YDR098C-A,0,2.8396645,0.40489131212234497,0.29273083806037903,0.043878983706235886
YCR058C,YBL019W,0,2.8395572,0.4043419361114502,0.29273083806037903,0.04397916421294212
YOR380W,YJL018W,0,2.839139,0.4037940502166748,0.29273083806037903,0.04407934099435806
YDR369C,YBL101W-B,1,2.8389301,0.4046007990837097,0.29371315240859985,0.04407934099435806
YBR090C-A,YIL157C,0,2.8384104,0.40405404567718506,0.29371315240859985,0.0441795215010643
YER108C,YPR108W,0,2.8374329,0.4035087823867798,0.29371315240859985,0.04427970200777054
YJL021C,YNL035C,0,2.8367896,0.4029649496078491,0.29371315240859985,0.044379882514476776
YLR172C,YKL199C,0,2.836763,0.40242260694503784,0.29371315240859985,0.044480063021183014
YER190W,YOR005C,1,2.8366103,0.4032258093357086,0.2946954667568207,0.044480063021183014
YGR240C,YBR090C-A,0,2.8363233,0.4026845693588257,0.2946954667568207,0.04458024352788925
YOR269W,YOR240W,0,2.8362823,0.40214475989341736,0.2946954667568207,0.04468042403459549
YBR100W,YMR167W,1,2.8359413,0.4029451012611389,0.2956778109073639,0.04468042403459549
YOR100C,YCR070W,0,2.8359303,0.4024064242839813,0.2956778109073639,0.04478060454130173
YCL062W,YLR388W,0,2.835844,0.40186914801597595,0.2956778109073639,0.044880785048007965
YFR024C,YHL031C,0,2.8354387,0.4013333320617676,0.2956778109073639,0.0449809655547142
YNL199C,YHR039C-B,0,2.8346405,0.4007989466190338,0.2956778109073639,0.04508114606142044
YML033W,YDR043C,0,2.8346062,0.40026596188545227,0.2956778109073639,0.04518132656812668
YAR044W,YDL117W,0,2.834557,0.39973440766334534,0.2956778109073639,0.045281507074832916
YPL015C,YHR079C-B,1,2.834486,0.40053051710128784,0.2966601252555847,0.045281507074832916
YBR090C-A,YML005W,0,2.8343554,0.4000000059604645,0.2966601252555847,0.045381687581539154
YDR210C-D,YHR079C-A,1,2.8331485,0.4007936418056488,0.29764243960380554,0.045381687581539154
YLR410W-B,YDL185W,1,2.8323226,0.401585191488266,0.29862475395202637,0.045381687581539154
YOR240W,YDR127W,0,2.8317285,0.40105539560317993,0.29862475395202637,0.04548186808824539
YCR063W,YHR039C-B,0,2.8316717,0.4005270004272461,0.29862475395202637,0.04558204859495163
YNL210W,YPR137C-B,1,2.8307838,0.4013157784938812,0.2996070683002472,0.04558204859495163
YPR158W-A,YHR118C,0,2.830555,0.40078842639923096,0.2996070683002472,0.04568222910165787
YDR270W,YCL012W,0,2.8305135,0.4002624750137329,0.2996070683002472,0.045782409608364105
YDR110W,YBL101W-B,1,2.830298,0.401048481464386,0.300589382648468,0.045782409608364105
YOR247W,YPR158W-A,0,2.8295403,0.4005235731601715,0.300589382648468,0.04588259011507034
YJR027W,YCR092C,1,2.8294291,0.40130719542503357,0.30157169699668884,0.04588259011507034
YPL088W,YCR070W,0,2.8293438,0.4007833003997803,0.30157169699668884,0.04598277062177658
YBR090C-A,YDL164C,0,2.8283138,0.4002607464790344,0.30157169699668884,0.04608295112848282
YJL156C,YER159C-A,0,2.8279705,0.3997395932674408,0.30157169699668884,0.04618312790989876
YHR089C,YIL099W,0,2.8274846,0.3992197513580322,0.30157169699668884,0.046283308416604996
YDR316W-B,YPR164W,1,2.8273778,0.4000000059604645,0.30255404114723206,0.046283308416604996
YIR026C,YDR316W-B,0,2.8270955,0.3994812071323395,0.30255404114723206,0.046383488923311234
YML062C,YOR142W-B,1,2.8267593,0.4002590775489807,0.3035363554954529,0.046383488923311234
YGR272C,YJL041W,0,2.8262858,0.3997412621974945,0.3035363554954529,0.04648366943001747
YDR050C,YOR088W,0,2.8261037,0.39922481775283813,0.3035363554954529,0.04658384993672371
YJL018W,YER038C,0,2.8260407,0.3987096846103668,0.3035363554954529,0.04668403044342995
YPR158C-D,YML062C,1,2.8257608,0.3994845449924469,0.3045186698436737,0.04668403044342995
YJL021C,YMR277W,0,2.8255873,0.3989703953266144,0.3045186698436737,0.046784210950136185
YIL150C,YJL167W,0,2.8243265,0.3984575867652893,0.3045186698436737,0.04688439145684242
YIL041W,YCR058C,0,2.8235521,0.3979460895061493,0.3045186698436737,0.04698457196354866
YER179W,YBL101W-B,1,2.8233552,0.3987179398536682,0.30550098419189453,0.04698457196354866
YKL199C,YCL030C,0,2.822947,0.398207426071167,0.30550098419189453,0.0470847524702549
YFR024C,YDL201W,0,2.822878,0.39769822359085083,0.30550098419189453,0.047184932976961136
YDR288W,YPR158W-B,1,2.8224664,0.39846742153167725,0.30648329854011536,0.047184932976961136
YGR280C,YHL021C,0,2.822425,0.3979591727256775,0.30648329854011536,0.047285113483667374
YAR044W,YLR453C,0,2.8221216,0.3974522352218628,0.30648329854011536,0.04738529399037361
YJL097W,YJL021C,0,2.8218713,0.39694657921791077,0.30648329854011536,0.04748547449707985
YOR343W-B,YOR354C,1,2.8211656,0.3977128267288208,0.3074656128883362,0.04748547449707985
YDL222C,YGR161C-C,0,2.8209453,0.3972081243991852,0.3074656128883362,0.04758565500378609
YDR365W-B,YKR099W,1,2.8206654,0.39797210693359375,0.308447927236557,0.04758565500378609
YDR034C-D,YDR019C,0,2.8204327,0.39746835827827454,0.308447927236557,0.047685835510492325
YJR139C,YOR343W-A,0,2.8197026,0.3969658613204956,0.308447927236557,0.04778601601719856
YMR211W,YHR079C-B,0,2.8191233,0.39646464586257935,0.308447927236557,0.0478861965239048
YLR320W,YNL054W-B,1,2.8188357,0.3972257375717163,0.30943024158477783,0.0478861965239048
YDR034C-D,YLR288C,1,2.8177023,0.39798489212989807,0.31041258573532104,0.0478861965239048
YHR039C-B,YKL138C,0,2.81638,0.39748427271842957,0.31041258573532104,0.04798637703061104
YCL062W,YIL009W,0,2.816362,0.39698493480682373,0.31041258573532104,0.048086557537317276
YML062C,YBL101W-B,1,2.815586,0.39774152636528015,0.31139490008354187,0.048086557537317276
YDR320C-A,YDR307W,0,2.8154778,0.39724311232566833,0.31139490008354187,0.048186734318733215
YPL028W,YHR079C-A,0,2.8151665,0.3967459201812744,0.31139490008354187,0.04828691482543945
YMR050C,YNL088W,1,2.814764,0.39750000834465027,0.3123772144317627,0.04828691482543945
YGR038C-A,YOL020W,0,2.8147635,0.39700374007225037,0.3123772144317627,0.04838709533214569
YGR038C-A,YJL162C,0,2.8147445,0.39650872349739075,0.3123772144317627,0.04848727583885193
YGR038C-B,YGR109W-B,1,2.8145943,0.39726027846336365,0.3133595287799835,0.04848727583885193
YML039W,YJR029W,1,2.8143668,0.3980099558830261,0.31434184312820435,0.04848727583885193
YLR035C-A,YDL247W,0,2.814345,0.39751553535461426,0.31434184312820435,0.048587456345558167
YLR341W,YOL147C,0,2.8139148,0.3970223367214203,0.31434184312820435,0.048687636852264404
YGR027W-B,YLR234W,1,2.8132267,0.3977695107460022,0.31532415747642517,0.048687636852264404
YOR192C-B,YLR221C,0,2.811986,0.39727723598480225,0.31532415747642517,0.04878781735897064
YDR210W-B,YAR007C,1,2.8112235,0.39802226424217224,0.316306471824646,0.04878781735897064
YNL284C-B,YLR320W,1,2.8101559,0.3987654447555542,0.3172888159751892,0.04878781735897064
YIR031C,YML033W,0,2.809555,0.3982737362384796,0.3172888159751892,0.04888799786567688
YGR272C,YHR108W,0,2.8092122,0.3977832496166229,0.3172888159751892,0.04898817837238312
YBR280C,YDR034C-D,0,2.8091316,0.39729398488998413,0.3172888159751892,0.049088358879089355
YOL103W-B,YER038C,1,2.8085995,0.39803439378738403,0.31827113032341003,0.049088358879089355
YOR192C-B,YLR288C,1,2.8076787,0.3987730145454407,0.31925344467163086,0.049088358879089355
YAL019W,YER108C,0,2.8072314,0.39828431606292725,0.31925344467163086,0.04918853938579559
YMR106C,YOL034W,1,2.807159,0.39902082085609436,0.3202357590198517,0.04918853938579559
YER032W,YLR157C-A,0,2.8068728,0.39853301644325256,0.3202357590198517,0.04928871989250183
YER159C-A,YCR016W,0,2.8051195,0.3980464041233063,0.3202357590198517,0.04938890039920807
YGR272C,YDR318W,0,2.804669,0.3975609838962555,0.3202357590198517,0.04948908090591431
YER147C,YOR343W-B,1,2.804369,0.3982947766780853,0.3212180733680725,0.04948908090591431
YGR272C,YOR329C,0,2.8040543,0.3978102207183838,0.3212180733680725,0.049589261412620544
YBR136W,YGR161C-D,1,2.8038707,0.3985419273376465,0.32220038771629333,0.049589261412620544
YJL180C,YCR070W,0,2.801816,0.3980582654476166,0.32220038771629333,0.04968944191932678
YLR318W,YDR283C,0,2.8008966,0.3975757658481598,0.32220038771629333,0.04978962242603302
YML082W,YDR261W-B,0,2.8008127,0.3970944285392761,0.32220038771629333,0.04988980293273926
YNL054W-A,YDR002W,0,2.8005557,0.39661428332328796,0.32220038771629333,0.049989983439445496
YPL120W,YCR070W,0,2.8003044,0.39613527059555054,0.32220038771629333,0.05009016394615173
YDL190C,YPR137C-B,0,2.798954,0.39565742015838623,0.32220038771629333,0.05019034445285797
YGR008C,YNR070W,0,2.7989025,0.39518073201179504,0.32220038771629333,0.05029052123427391
YPL195W,YDR261C-C,0,2.798242,0.3947051763534546,0.32220038771629333,0.05039070174098015
YCL062W,YPL023C,0,2.7970347,0.39423078298568726,0.32220038771629333,0.050490882247686386
YBR153W,YGR161C-C,0,2.7951055,0.39375749230384827,0.32220038771629333,0.050591062754392624
YDL115C,YAR066W,0,2.793878,0.3932853639125824,0.32220038771629333,0.05069124326109886
YFR006W,YER108C,0,2.7929258,0.39281436800956726,0.32220038771629333,0.0507914237678051
YHL013C,YBL101W-A,0,2.7925735,0.39234450459480286,0.32220038771629333,0.05089160427451134
YML069W,YML033W,0,2.7922883,0.3918757438659668,0.32220038771629333,0.050991784781217575
YBL080C,YDR316W-B,0,2.792253,0.39140811562538147,0.32220038771629333,0.05109196528792381
YDR040C,YOR073W,0,2.7915807,0.3909415900707245,0.32220038771629333,0.05119214579463005
YGR161W-A,YOR316C,0,2.7909074,0.39047619700431824,0.32220038771629333,0.05129232630133629
YDR034C-D,YLR384C,0,2.7908316,0.39001187682151794,0.32220038771629333,0.051392506808042526
YPL100W,YOR384W,0,2.7904096,0.3895486891269684,0.32220038771629333,0.051492687314748764
YDR365W-B,YGL161C,0,2.7903032,0.38908660411834717,0.32220038771629333,0.051592867821455
YDR004W,YMR050C,1,2.7885847,0.3898104131221771,0.32318270206451416,0.051592867821455
YDR213W,YJR017C,0,2.7865205,0.389349102973938,0.32318270206451416,0.05169304832816124
YMR204C,YNL054W-B,0,2.784124,0.3888888955116272,0.32318270206451416,0.05179322883486748
YLR115W,YOR129C,0,2.7823277,0.38842976093292236,0.32318270206451416,0.051893409341573715
YML023C,YFL002W-A,1,2.7818756,0.3891509473323822,0.324165016412735,0.051893409341573715
YDR098C-A,YHR043C,0,2.7813745,0.38869258761405945,0.324165016412735,0.05199358984827995
YGR272C,YML070W,0,2.7805905,0.38823530077934265,0.324165016412735,0.05209377035498619
YHL009W-B,YGL185C,0,2.7801037,0.3877790868282318,0.324165016412735,0.05219395086169243
YOR192C-B,YKR058W,0,2.7799926,0.38732394576072693,0.324165016412735,0.05229412764310837
YAL005C,YHR079C-B,0,2.7795625,0.386869877576828,0.324165016412735,0.052394308149814606
YDR034C-D,YDR329C,0,2.7770996,0.38641685247421265,0.324165016412735,0.052494488656520844
YGR038C-B,YBR204C,0,2.7769837,0.38596490025520325,0.324165016412735,0.05259466916322708
YOR076C,YNR070W,0,2.7767024,0.3855140209197998,0.324165016412735,0.05269484966993332
YOR192C-A,YBR016W,0,2.7758536,0.38506418466567993,0.324165016412735,0.05279503017663956
YLR135W,YBR012W-B,1,2.7751884,0.38578087091445923,0.3251473605632782,0.05279503017663956
YLR383W,YHR214C-B,1,2.771275,0.3864959180355072,0.326129674911499,0.05279503017663956
YBR045C,YLR405W,0,2.7706547,0.38604649901390076,0.326129674911499,0.052895210683345795
YNL158W,YPR158W-B,0,2.7696424,0.38559815287590027,0.326129674911499,0.05299539119005203
YLR410W-B,YER038C,1,2.7654433,0.3863109052181244,0.32711198925971985,0.05299539119005203
YPL257W-A,YNL279W,0,2.7635393,0.3858632743358612,0.32711198925971985,0.05309557169675827
YDR034C-D,YMR106C,1,2.763279,0.38657405972480774,0.3280943036079407,0.05309557169675827
YNR008W,YGR049W,0,2.762805,0.38612717390060425,0.3280943036079407,0.05319575220346451
YPR018W,YLR329W,1,2.761693,0.3868360221385956,0.3290766179561615,0.05319575220346451
YLR135W,YDR261W-B,1,2.7581754,0.387543261051178,0.3300589323043823,0.05319575220346451
YOR391C,YOR127W,0,2.7580223,0.3870967626571655,0.3300589323043823,0.053295932710170746
YDL101C,YLR227W-B,1,2.7572355,0.3878020644187927,0.33104124665260315,0.053295932710170746
YPL202C,YPR158C-D,0,2.7567105,0.38735631108283997,0.33104124665260315,0.053396113216876984
YDR034C-D,YLR320W,1,2.7551656,0.38805970549583435,0.332023561000824,0.053396113216876984
YDR034C-D,YLR234W,1,2.7546344,0.3887614607810974,0.3330059051513672,0.053396113216876984
YDR210C-D,YOR141C,1,2.7530398,0.3894616365432739,0.333988219499588,0.053396113216876984
YGR017W,YHR072W-A,0,2.752337,0.3890160322189331,0.333988219499588,0.05349629372358322
YLR081W,YBR008C,0,2.750502,0.38857144117355347,0.333988219499588,0.05359647423028946
YOR003W,YGR038C-B,0,2.7497063,0.388127863407135,0.333988219499588,0.0536966547369957
YDR534C,YOR241W,0,2.7481265,0.38768529891967773,0.333988219499588,0.053796835243701935
YMR167W,YDR098C-B,1,2.7470126,0.3883826732635498,0.33497053384780884,0.053796835243701935
YDR316W-B,YPR145W,0,2.7448416,0.3879408538341522,0.33497053384780884,0.05389701575040817
YKL026C,YGR038C-A,0,2.7448387,0.38749998807907104,0.33497053384780884,0.05399719625711441
YPL033C,YKL197C,0,2.7436476,0.38706016540527344,0.33497053384780884,0.05409737676382065
YER126C,YPL004C,0,2.7431154,0.3866213262081146,0.33497053384780884,0.054197557270526886
YDR060W,YBR126C,0,2.7397156,0.3861834704875946,0.33497053384780884,0.054297737777233124
YNL209W,YPL060C-A,0,2.7396398,0.3857465982437134,0.33497053384780884,0.05439791455864906
YCR072C,YPR185W,0,2.737939,0.38531073927879333,0.33497053384780884,0.0544980950653553
YHL009W-B,YKL191W,0,2.7359786,0.3848758339881897,0.33497053384780884,0.05459827557206154
YOR267C,YBR233W-A,0,2.7354188,0.38444194197654724,0.33497053384780884,0.054698456078767776
YNL054W-B,YOR347C,0,2.7332263,0.3840090036392212,0.33497053384780884,0.054798636585474014
YML032C,YFL003C,1,2.7329845,0.3847019076347351,0.33595284819602966,0.054798636585474014
YFL031W,YBR267W,0,2.732647,0.384269654750824,0.33595284819602966,0.05489881709218025
YPR158C-D,YLR249W,0,2.732452,0.38383838534355164,0.33595284819602966,0.05499899759888649
YMR106C,YMR190C,1,2.7320251,0.38452914357185364,0.3369351625442505,0.05499899759888649
YER190W,YLR466W,1,2.7310276,0.3852183520793915,0.3379174768924713,0.05499899759888649
YDR545W,YMR050C,1,2.7302756,0.38590604066848755,0.33889979124069214,0.05499899759888649
YPL253C,YML055W,0,2.7275767,0.3854748606681824,0.33889979124069214,0.05509917810559273
YPL257W-A,YPL126W,0,2.7270718,0.3850446343421936,0.33889979124069214,0.055199358612298965
YGL006W,YJL198W,0,2.726985,0.38461539149284363,0.33889979124069214,0.0552995391190052
YLR157C-B,YCL063W,0,2.726963,0.38418707251548767,0.33889979124069214,0.05539971962571144
YGL206C,YDR098C-B,0,2.7265792,0.3837597370147705,0.33889979124069214,0.05549990013241768
YPL092W,YGR161C-D,0,2.724464,0.38333332538604736,0.33889979124069214,0.05560008063912392
YFL002W-A,YER160C,1,2.723989,0.3840177655220032,0.33988213539123535,0.05560008063912392
YHR214C-C,YFL009W,0,2.7223635,0.38359200954437256,0.33988213539123535,0.055700261145830154
YLR341W,YKR064W,0,2.7202802,0.38316720724105835,0.33988213539123535,0.05580044165253639
YLR337C,YBL054W,0,2.7144318,0.38274335861206055,0.33988213539123535,0.05590062215924263
YDR098C-B,YDL105W,1,2.7140284,0.38342541456222534,0.3408644497394562,0.05590062215924263
YLL033W,YGR109W-B,1,2.7111,0.38410595059394836,0.341846764087677,0.05590062215924263
YER190W,YGR296W,1,2.7100267,0.384784996509552,0.3428290784358978,0.05590062215924263
YER179W,YPR158W-B,1,2.7084317,0.38546255230903625,0.34381139278411865,0.05590062215924263
YFL002W-A,YPR018W,1,2.705912,0.3861386179924011,0.3447937071323395,0.05590062215924263
YNL330C,YHL009W-B,1,2.7008648,0.3868131935596466,0.3457760214805603,0.05590062215924263
YMR133W,YPL283C,1,2.700512,0.3874862790107727,0.34675833582878113,0.05590062215924263
YMR284W,YLR227W-B,1,2.6979256,0.3881579041481018,0.34774067997932434,0.05590062215924263
YOL052C-A,YBR028C,0,2.6974025,0.38773274421691895,0.34774067997932434,0.05600080266594887
YDR386W,YBL005W-B,1,2.691657,0.3884026110172272,0.34872299432754517,0.05600080266594887
YDR365W-B,YOR141C,1,2.6908188,0.3890710473060608,0.349705308675766,0.05600080266594887
YPR164W,YLR432W,0,2.686751,0.38864627480506897,0.349705308675766,0.056100983172655106
YCR102C,YPR192W,0,2.6859112,0.38822245597839355,0.349705308675766,0.05620116367936134
YDR056C,YCL057C-A,0,2.6852684,0.38779956102371216,0.349705308675766,0.05630134418606758
YHR139C,YKL146W,0,2.6850195,0.3873775899410248,0.349705308675766,0.05640152096748352
YFR014C,YML133C,0,2.6841655,0.38695651292800903,0.349705308675766,0.05650170147418976
YGL033W,YHR167W,1,2.682551,0.3876221477985382,0.3506876230239868,0.05650170147418976
YDR261W-B,YNL086W,0,2.6824512,0.387201726436615,0.3506876230239868,0.056601881980895996
YLR035C-A,YBR038W,0,2.6797776,0.3867822289466858,0.3506876230239868,0.056702062487602234
YLR055C,YHL050C,0,2.6791945,0.3863636255264282,0.3506876230239868,0.05680224299430847
YOL084W,YNL299W,0,2.6787262,0.3859459459781647,0.3506876230239868,0.05690242350101471
YGL156W,YEL003W,0,2.6777153,0.38552916049957275,0.3506876230239868,0.05700260400772095
YOR192C-A,YLR249W,0,2.6772795,0.38511326909065247,0.3506876230239868,0.057102784514427185
YOL068C,YFL003C,1,2.6764827,0.3857758641242981,0.35166993737220764,0.057102784514427185
YCR092C,YDR098C-B,1,2.6727967,0.3864370286464691,0.35265225172042847,0.057102784514427185
YLR117C,YPR137C-B,0,2.6703196,0.3860214948654175,0.35265225172042847,0.05720296502113342
YER190W,YML032C,1,2.670085,0.3866809904575348,0.3536345660686493,0.05720296502113342
YCR092C,YPR137C-B,1,2.668467,0.3873390555381775,0.3546169102191925,0.05720296502113342
YDR014W,YDR210W-B,0,2.6671433,0.3869239091873169,0.3546169102191925,0.05730314552783966
YER126C,YDR365W-A,0,2.6616297,0.38650962710380554,0.3546169102191925,0.0574033260345459
YDL164C,YGR296W,1,2.6609402,0.38716578483581543,0.35559922456741333,0.0574033260345459
YDR079C-A,YCL048W,0,2.6605573,0.3867521286010742,0.35559922456741333,0.057503506541252136
YJL035C,YCL068C,0,2.6600227,0.38633936643600464,0.35559922456741333,0.057603687047958374
YGR091W,YDR320C-A,0,2.6597757,0.3859274983406067,0.35559922456741333,0.05770386755466461
YPR158C-D,YBR136W,1,2.6595979,0.3865814805030823,0.35658153891563416,0.05770386755466461
YNR048W,YGR038C-B,0,2.658823,0.3861702084541321,0.35658153891563416,0.05780404806137085
YDR098C-B,YOL030W,0,2.657998,0.3857598304748535,0.35658153891563416,0.05790422856807709
YBL050W,YDR210W-A,0,2.6576576,0.3853503167629242,0.35658153891563416,0.058004409074783325
YHR202W,YNL054W-B,0,2.6559386,0.3849416673183441,0.35658153891563416,0.05810458958148956
YPR192W,YHL003C,0,2.6522946,0.38453391194343567,0.35658153891563416,0.0582047700881958
YOR244W,YDR098C-B,0,2.6494331,0.3841269910335541,0.35658153891563416,0.05830495059490204
YMR290C,YDR210C-D,0,2.6481657,0.38372093439102173,0.35658153891563416,0.05840512737631798
YPR201W,YBR215W,0,2.6478896,0.3833157420158386,0.35658153891563416,0.058505307883024216
YML114C,YDR098C-B,0,2.6464758,0.3829113841056824,0.35658153891563416,0.058605488389730453
YOR144C,YAR066W,0,2.6441627,0.38250789046287537,0.35658153891563416,0.05870566889643669
YGR026W,YDR179C,0,2.6435356,0.3821052610874176,0.35658153891563416,0.05880584940314293
YLR240W,YFL002C,0,2.642397,0.3817034661769867,0.35658153891563416,0.05890602990984917
YJR027W,YHL024W,1,2.6423202,0.38235294818878174,0.357563853263855,0.05890602990984917
YGR162W,YCL057C-A,0,2.6402197,0.3819517195224762,0.357563853263855,0.059006210416555405
YER095W,YOL103W-B,1,2.638132,0.3825995922088623,0.3585461676120758,0.059006210416555405
YGR096W,YFL049W,0,2.6375823,0.3821989595890045,0.3585461676120758,0.05910639092326164
YIL158W,YIL009C-A,0,2.6333222,0.3817991614341736,0.3585461676120758,0.05920657142996788
YBR012W-B,YNL339C,1,2.633274,0.3824451267719269,0.35952848196029663,0.05920657142996788
YOR233W,YNL242W,0,2.6295547,0.3820459246635437,0.35952848196029663,0.05930675193667412
YAR009C,YJL203W,0,2.6289492,0.3816475570201874,0.35952848196029663,0.059406932443380356
YOR192C-A,YMR311C,0,2.6286302,0.3812499940395355,0.35952848196029663,0.059507112950086594
YNL054W-A,YIL069C,0,2.6256018,0.3808532655239105,0.35952848196029663,0.05960729345679283
YPR158W-B,YGR060W,0,2.6254692,0.3804573714733124,0.35952848196029663,0.05970747396349907
YLL035W,YLR240W,0,2.6243072,0.3800623118877411,0.35952848196029663,0.05980765447020531
YPL281C,YFR032C-A,0,2.6238155,0.37966805696487427,0.35952848196029663,0.059907834976911545
YKR079C,YPR173C,0,2.6227326,0.3792746067047119,0.35952848196029663,0.06000801548361778
YDR170W-A,YOR046C,0,2.6219382,0.3788819909095764,0.35952848196029663,0.06010819599032402
YJR097W,YBR176W,0,2.6215043,0.3784901797771454,0.35952848196029663,0.06020837649703026
YGL183C,YDR446W,1,2.6206508,0.3791322410106659,0.36051079630851746,0.06020837649703026
YGL183C,YPL283C,1,2.6204224,0.37977296113967896,0.3614931106567383,0.06020837649703026
YMR118C,YDL014W,0,2.6189637,0.3793814480304718,0.3614931106567383,0.060308557003736496
YLR074C,YJR158W,0,2.6180654,0.3789907395839691,0.3614931106567383,0.060408737510442734
YIL074C,YAR009C,0,2.6171136,0.3786008358001709,0.3614931106567383,0.06050891429185867
YOL023W,YBR193C,0,2.6166687,0.37821170687675476,0.3614931106567383,0.06060909479856491
YOL103W-B,YGL173C,1,2.616437,0.3788501024246216,0.3624754548072815,0.06060909479856491
YHR099W,YOL128C,0,2.6157384,0.3784615397453308,0.3624754548072815,0.06070927530527115
YLR233C,YLR343W,0,2.614575,0.3780737817287445,0.3624754548072815,0.060809455811977386
YNR032C-A,YCL064C,0,2.612887,0.3776867985725403,0.3624754548072815,0.060909636318683624
YJL051W,YPR137C-B,1,2.6116552,0.37832310795783997,0.3634577691555023,0.060909636318683624
YNL243W,YFL002W-A,0,2.6098323,0.3779366612434387,0.3634577691555023,0.06100981682538986
YML045W,YJR027W,1,2.6097684,0.37857142090797424,0.36444008350372314,0.06100981682538986
YDR261C-D,YHR081W,1,2.6086445,0.3792048990726471,0.36542239785194397,0.06100981682538986
YDL033C,YBR012W-B,0,2.6062403,0.3788187503814697,0.36542239785194397,0.0611099973320961
YPR158C-D,YER095W,1,2.6058764,0.37945064902305603,0.3664047122001648,0.0611099973320961
YNL292W,YCR010C,0,2.6038284,0.37906503677368164,0.3664047122001648,0.06121017783880234
YBL054W,YJR098C,0,2.603652,0.37868019938468933,0.3664047122001648,0.061310358345508575
YGR038C-B,YHR081W,1,2.602106,0.37931033968925476,0.3673870265483856,0.061310358345508575
YJR084W,YDR098C-B,0,2.601348,0.37892603874206543,0.3673870265483856,0.06141053885221481
YML072C,YGR161C-C,0,2.598052,0.3785425126552582,0.3673870265483856,0.06151071935892105
YPL033C,YLR205C,0,2.5975394,0.378159761428833,0.3673870265483856,0.06161089986562729
YDR160W,YLR096W,0,2.5961514,0.3777777850627899,0.3673870265483856,0.06171108037233353
YLR085C,YLR035C-A,0,2.5960784,0.3773965835571289,0.3673870265483856,0.061811260879039764
YPL033C,YJL148W,0,2.5957513,0.3770161271095276,0.3673870265483856,0.061911441385746
YEL006W,YCR010C,0,2.5956283,0.37663644552230835,0.3673870265483856,0.06201162189245224
YCL069W,YOL017W,0,2.5943723,0.3762575387954712,0.3673870265483856,0.06211180239915848
YPL015C,YGR296W,1,2.592308,0.37688443064689636,0.36836934089660645,0.06211180239915848
YIR025W,YGR109W-B,1,2.5920172,0.37751004099845886,0.36935165524482727,0.06211180239915848
YML113W,YMR051C,0,2.5904236,0.3771314024925232,0.36935165524482727,0.062211982905864716
YLR413W,YLR324W,0,2.588478,0.3767535090446472,0.36935165524482727,0.06231216341257095
YER138C,YBR098W,1,2.587912,0.37737739086151123,0.3703339993953705,0.06231216341257095
YNL301C,YDR316W-B,0,2.5876493,0.37700000405311584,0.3703339993953705,0.06241234391927719
YDL059C,YJL051W,1,2.5864205,0.3776223659515381,0.3713163137435913,0.06241234391927719
YMR001C,YGR161W-B,1,2.5812554,0.37824350595474243,0.37229862809181213,0.06241234391927719
YGR217W,YKL042W,0,2.5798244,0.37786638736724854,0.37229862809181213,0.06251252442598343
YNL036W,YMR122W-A,0,2.579556,0.3774900436401367,0.37229862809181213,0.06261270493268967
YGR038C-B,YLR005W,1,2.5793319,0.3781094551086426,0.37328094244003296,0.06261270493268967
YNL002C,YER065C,0,2.5783916,0.37773358821868896,0.37328094244003296,0.0627128854393959
YGR027W-B,YNL012W,0,2.5757132,0.37735849618911743,0.37328094244003296,0.06281306594610214
YLR438C-A,YNR075W,0,2.5750918,0.3769841194152832,0.37328094244003296,0.06291324645280838
YJL160C,YIR033W,0,2.5742888,0.37661051750183105,0.37328094244003296,0.06301342695951462
YMR001C,YDR138W,1,2.5709877,0.3772277235984802,0.3742632567882538,0.06301342695951462
YMR001C,YPR158C-D,1,2.5701532,0.3778437077999115,0.3752455711364746,0.06301342695951462
YJL010C,YNL194C,0,2.5695038,0.37747034430503845,0.3752455711364746,0.06311360746622086
YGL131C,YCR008W,0,2.5681067,0.3770977258682251,0.3752455711364746,0.0632137879729271
YCR072C,YIL122W,0,2.566321,0.37672585248947144,0.3752455711364746,0.06331396847963333
YPL153C,YOL059W,0,2.5649161,0.3763546943664551,0.3752455711364746,0.06341414898633957
YLR011W,YDR098C-A,0,2.564777,0.375984251499176,0.3752455711364746,0.0635143294930458
YLR383W,YER190W,1,2.5647683,0.3765978515148163,0.37622788548469543,0.0635143294930458
YDR210W-B,YOR010C,0,2.5631318,0.37622788548469543,0.37622788548469543,0.06361450254917145
YNR012W,YJR095W,0,2.563056,0.37585869431495667,0.37622788548469543,0.06371468305587769
YIL038C,YDR219C,0,2.5617504,0.3754901885986328,0.37622788548469543,0.06381486356258392
YEL059C-A,YFL002W-A,0,2.5594797,0.37512242794036865,0.37622788548469543,0.06391504406929016
YDR031W,YDR227W,0,2.5579844,0.3747553825378418,0.37622788548469543,0.0640152245759964
YOL126C,YGL147C,0,2.5558825,0.37438905239105225,0.37622788548469543,0.06411540508270264
YPR133C,YPR158C-D,0,2.5538478,0.3740234375,0.37622788548469543,0.06421558558940887
YPL120W,YLR157C-A,0,2.553648,0.37365853786468506,0.37622788548469543,0.06431576609611511
YDR365C,YPR061C,0,2.5530062,0.3732943534851074,0.37622788548469543,0.06441594660282135
YOR192C-A,YER140W,0,2.5526266,0.3729308545589447,0.37622788548469543,0.06451612710952759
YJL090C,YPR158W-B,1,2.550928,0.37354084849357605,0.37721022963523865,0.06451612710952759
YDR439W,YOR341W,0,2.5508184,0.3731778562068939,0.37721022963523865,0.06461630761623383
YPR151C,YDL134C,0,2.5493917,0.3728155195713043,0.37721022963523865,0.06471648812294006
YNL284C-B,YLR005W,1,2.5485115,0.37342387437820435,0.3781925439834595,0.06471648812294006
YBR161W,YOR192C-B,0,2.5477214,0.37306201457977295,0.3781925439834595,0.0648166686296463
YAL015C,YMR042W,0,2.5473523,0.37270087003707886,0.3781925439834595,0.06491684913635254
YDR261C-D,YBR228W,1,2.5461888,0.37330755591392517,0.3791748583316803,0.06491684913635254
YJL062W-A,YOR344C,0,2.5451608,0.3729468584060669,0.3791748583316803,0.06501702964305878
YHR079C-A,YPR174C,0,2.545145,0.3725868761539459,0.3791748583316803,0.06511721014976501
YHR167W,YIL082W-A,1,2.5437474,0.3731918931007385,0.3801571726799011,0.06511721014976501
YDL130W-A,YIL127C,0,2.5435228,0.37283235788345337,0.3801571726799011,0.06521739065647125
YJR160C,YDL087C,0,2.5431242,0.3724735379219055,0.3801571726799011,0.06531757116317749
YPL021W,YKR031C,0,2.5430832,0.3721153736114502,0.3801571726799011,0.06541775166988373
YOR214C,YDR484W,0,2.5422215,0.3717579245567322,0.3801571726799011,0.06551793217658997
YNR075W,YEL020W-A,0,2.5411944,0.3714011609554291,0.3801571726799011,0.0656181126832962
YGR161W-A,YPL118W,0,2.5411263,0.3710450530052185,0.3801571726799011,0.06571829319000244
YKL194C,YLR035C-A,0,2.5408182,0.37068966031074524,0.3801571726799011,0.06581847369670868
YKR048C,YGR038C-A,0,2.538764,0.3703349232673645,0.3801571726799011,0.06591865420341492
YGR038C-B,YOR356W,0,2.5380259,0.3699808716773987,0.3801571726799011,0.06601883471012115
YBR088C,YNL210W,1,2.5339956,0.37058261036872864,0.38113948702812195,0.06601883471012115
YJR159W,YDR021W,0,2.5316544,0.37022900581359863,0.38113948702812195,0.06611901521682739
YGR263C,YMR051C,0,2.531021,0.36987608671188354,0.38113948702812195,0.06621919572353363
YMR001C,YDR261W-B,1,2.5300126,0.3704761862754822,0.3821218013763428,0.06621919572353363
YER190W,YFL003C,1,2.5294595,0.3710751533508301,0.3831041157245636,0.06621919572353363
YOL002C,YGL127C,0,2.5283647,0.3707224428653717,0.3831041157245636,0.06631937623023987
YPL193W,YDR452W,0,2.5277786,0.37037035822868347,0.3831041157245636,0.0664195567369461
YOR368W,YPR164W,1,2.5271091,0.3709677457809448,0.3840864300727844,0.0664195567369461
YLR341W,YBR193C,0,2.5261164,0.3706161081790924,0.3840864300727844,0.06651973724365234
YDR076W,YDR098C-B,1,2.525629,0.3712121248245239,0.38506877422332764,0.06651973724365234
YER030W,YCL068C,0,2.5239186,0.3708609342575073,0.38506877422332764,0.06661991775035858
YOR058C,YKL099C,0,2.521824,0.37051039934158325,0.38506877422332764,0.06672009825706482
YDR540C,YMR050C,1,2.520784,0.37110480666160583,0.38605108857154846,0.06672009825706482
YDR279W,YOR346W,0,2.5185428,0.3707547187805176,0.38605108857154846,0.06682027876377106
YNL301C,YLR157C-B,0,2.5178928,0.37040528655052185,0.38605108857154846,0.0669204592704773
YHR141C,YOR132W,0,2.5154376,0.37005650997161865,0.38605108857154846,0.06702063977718353
YHR197W,YGL136C,0,2.513286,0.3697083592414856,0.38605108857154846,0.06712082028388977
YKL040C,YHR014W,0,2.5127087,0.36936089396476746,0.38605108857154846,0.06722100079059601
YNL284C-B,YJL069C,0,2.5123005,0.36901408433914185,0.38605108857154846,0.06732118129730225
YDR264C,YHL009W-A,0,2.5112305,0.36866793036460876,0.38605108857154846,0.06742136180400848
YER044C-A,YGL126W,0,2.5110002,0.3683224022388458,0.38605108857154846,0.06752154231071472
YNL197C,YGR161C-C,0,2.5103507,0.3679775297641754,0.38605108857154846,0.06762172281742096
YEL015W,YCR010C,0,2.508644,0.36763331294059753,0.38605108857154846,0.0677218958735466
YJL076W,YHR079C-A,0,2.5083647,0.3672897219657898,0.38605108857154846,0.06782207638025284
YHL001W,YFL002W-A,0,2.507485,0.3669467866420746,0.38605108857154846,0.06792225688695908
YMR001C,YHR153C,1,2.5072703,0.36753731966018677,0.3870334029197693,0.06792225688695908
YBL013W,YOR151C,0,2.5063562,0.3671947717666626,0.3870334029197693,0.06802243739366531
YIR013C,YLR099C,0,2.5060487,0.36685287952423096,0.3870334029197693,0.06812261790037155
YER044C-A,YGR296W,1,2.5059075,0.367441862821579,0.3880157172679901,0.06812261790037155
YPR158C-D,YGL005C,0,2.5053267,0.3671003580093384,0.3880157172679901,0.06822279840707779
YOR030W,YER074W-A,0,2.5034733,0.3667595088481903,0.3880157172679901,0.06832297891378403
YDR170W-A,YCR042C,0,2.5031033,0.3664192855358124,0.3880157172679901,0.06842315942049026
YJL173C,YLR329W,1,2.5017867,0.36700648069381714,0.38899803161621094,0.06842315942049026
YAR066W,YBL088C,0,2.5009804,0.36666667461395264,0.38899803161621094,0.0685233399271965
YNL254C,YDR013W,0,2.4972534,0.3663274645805359,0.38899803161621094,0.06862352043390274
YOL103W-B,YJL051W,1,2.4971175,0.3669131100177765,0.38998034596443176,0.06862352043390274
YOR328W,YCR047C,0,2.4969187,0.36657431721687317,0.38998034596443176,0.06872370094060898
YJR097W,YGR006W,0,2.496025,0.36623615026474,0.38998034596443176,0.06882388144731522
YOL034W,YOR341W,0,2.495984,0.36589860916137695,0.38998034596443176,0.06892406195402145
YBR012W-A,YLR327C,0,2.495378,0.36556169390678406,0.38998034596443176,0.06902424246072769
YDR320C-A,YLR059C,0,2.4946618,0.3652254045009613,0.38998034596443176,0.06912442296743393
YDL129W,YGL194C,0,2.4946227,0.3648897111415863,0.38998034596443176,0.06922460347414017
YML045W,YML032C,1,2.491901,0.3654729127883911,0.3909626603126526,0.06922460347414017
YPL022W,YFL003C,1,2.4915028,0.36605504155158997,0.3919450044631958,0.06922460347414017
YER190W,YPR018W,1,2.4913516,0.36663612723350525,0.3929273188114166,0.06922460347414017
YDR208W,YLR341W,0,2.4908252,0.3663003742694855,0.3929273188114166,0.0693247839808464
YOL103W-A,YPR061C,0,2.4897418,0.36596524715423584,0.3929273188114166,0.06942496448755264
YDR320C-A,YLL054C,0,2.4891605,0.36563071608543396,0.3929273188114166,0.06952514499425888
YIL082W-A,YHR079C-A,1,2.4886441,0.36621004343032837,0.39390963315963745,0.06952514499425888
YBL067C,YIL082W-A,0,2.4869204,0.36587589979171753,0.39390963315963745,0.06962532550096512
YDR448W,YPL116W,0,2.4844227,0.36554238200187683,0.39390963315963745,0.06972550600767136
YOR368W,YPL121C,1,2.4814029,0.36612021923065186,0.3948919475078583,0.06972550600767136
YMR195W,YER074W-A,0,2.4812307,0.3657870888710022,0.3948919475078583,0.0698256865143776
YDR320C-A,YHR138C,0,2.4805183,0.3654545545578003,0.3948919475078583,0.06992586702108383
YNR075W,YJR096W,0,2.479517,0.36512261629104614,0.3948919475078583,0.07002604752779007
YPR018W,YMR050C,1,2.4773507,0.3656987249851227,0.3958742618560791,0.07002604752779007
YCL035C,YJL050W,0,2.476738,0.36536717414855957,0.3958742618560791,0.07012622803449631
YPR158W-B,YLR005W,1,2.4766903,0.3659420311450958,0.3968565762042999,0.07012622803449631
YER179W,YFL003C,1,2.4760103,0.3665158450603485,0.39783889055252075,0.07012622803449631
YLR014C,YBR018C,0,2.4755192,0.36618444323539734,0.39783889055252075,0.07022640854120255
YML128C,YDR545W,1,2.4732876,0.36675700545310974,0.3988212049007416,0.07022640854120255
YDR545W,YPL164C,1,2.4716167,0.3673285245895386,0.3998035490512848,0.07022640854120255
YCR092C,YGL033W,1,2.470982,0.36789900064468384,0.4007858633995056,0.07022640854120255
YBR228W,YOR005C,1,2.464282,0.3684684634208679,0.40176817774772644,0.07022640854120255
YCR097W,YGR158C,0,2.463766,0.36813682317733765,0.40176817774772644,0.07032658904790878
YGL116W,YFL016C,0,2.463746,0.36780574917793274,0.40176817774772644,0.07042676955461502
YGR289C,YNL323W,0,2.4630466,0.367475301027298,0.40176817774772644,0.07052695006132126
YMR211W,YER044C-A,0,2.4618225,0.3671454191207886,0.40176817774772644,0.0706271305680275
YLR306W,YHR088W,0,2.4613805,0.36681613326072693,0.40176817774772644,0.07072731107473373
YER038C,YPL146C,0,2.4602284,0.36648744344711304,0.40176817774772644,0.07082749158143997
YBL054W,YJL020C,0,2.4584713,0.3661593496799469,0.40176817774772644,0.07092767208814621
YAL035W,YBL100W-A,0,2.4561615,0.3658318519592285,0.40176817774772644,0.07102785259485245
YGR002C,YGR296W,0,2.4558682,0.3655049204826355,0.40176817774772644,0.07112803310155869
YLR318W,YNL286W,0,2.4547892,0.36517858505249023,0.40176817774772644,0.07122821360826492
YBL100W-B,YNL088W,1,2.4530253,0.36574485898017883,0.40275049209594727,0.07122821360826492
YDR076W,YNL284C-B,1,2.4486313,0.36631014943122864,0.4037328064441681,0.07122821360826492
YKR038C,YBR058C-A,0,2.447073,0.3659839630126953,0.4037328064441681,0.07132839411497116
YHR139C,YDR198C,0,2.4462304,0.36565837264060974,0.4037328064441681,0.0714285746216774
YIL082W-A,YIL132C,1,2.444715,0.36622223258018494,0.4047151207923889,0.0714285746216774
YIL091C,YKR034W,0,2.444633,0.36589697003364563,0.4047151207923889,0.07152875512838364
YGL021W,YLR100W,0,2.4444203,0.3655723035335541,0.4047151207923889,0.07162893563508987
YLR341W,YNL129W,0,2.444049,0.3652482330799103,0.4047151207923889,0.07172910869121552
YLR158C,YML130C,0,2.4392743,0.36492469906806946,0.4047151207923889,0.07182928919792175
YIL091C,YBL019W,0,2.4390273,0.3646017611026764,0.4047151207923889,0.07192946970462799
YMR056C,YLR106C,0,2.4376898,0.3642793893814087,0.4047151207923889,0.07202965021133423
YNL250W,YER044C-A,1,2.437529,0.3648409843444824,0.40569743514060974,0.07202965021133423
YBR098W,YFL003C,1,2.4371676,0.36540159583091736,0.40667974948883057,0.07202965021133423
YMR052W,YBL084C,0,2.4366193,0.3650793731212616,0.40667974948883057,0.07212983071804047
YOL052C-A,YML094W,0,2.4365535,0.3647577166557312,0.40667974948883057,0.0722300112247467
YBR098W,YJR029W,1,2.4341745,0.36531689763069153,0.4076620936393738,0.0722300112247467
YMR306W,YLR119W,0,2.432353,0.3649955987930298,0.4076620936393738,0.07233019173145294
YJL062W-A,YEL050C,0,2.4322715,0.3646748661994934,0.4076620936393738,0.07243037223815918
YLR263W,YDR446W,1,2.4318051,0.3652326464653015,0.4086444079875946,0.07243037223815918
YDR261C-D,YLR219W,1,2.4309916,0.3657894730567932,0.40962672233581543,0.07243037223815918
YBR078W,YHL009W-A,0,2.429902,0.3654688894748688,0.40962672233581543,0.07253055274486542
YGR183C,YKR061W,0,2.4291344,0.3651488721370697,0.40962672233581543,0.07263073325157166
YFL034C-A,YLR142W,0,2.428028,0.3648293912410736,0.40962672233581543,0.0727309137582779
YFL002W-A,YHL006C,1,2.4263139,0.36538460850715637,0.41060903668403625,0.0727309137582779
YCR092C,YJR043C,1,2.4261875,0.36593887209892273,0.4115913510322571,0.0727309137582779
YLR219W,YDR098C-B,1,2.4220872,0.3664921522140503,0.4125736653804779,0.0727309137582779
YGR068C,YGR280C,0,2.4217806,0.3661726117134094,0.4125736653804779,0.07283109426498413
YDR076W,YOL103W-B,1,2.4217548,0.36672472953796387,0.41355597972869873,0.07283109426498413
YGL194C,YBR211C,0,2.4212027,0.36640557646751404,0.41355597972869873,0.07293127477169037
YDR005C,YDR534C,0,2.420105,0.3660869598388672,0.41355597972869873,0.0730314552783966
YJL051W,YMR190C,1,2.4196692,0.3666377067565918,0.41453832387924194,0.0730314552783966
YJR113C,YJR120W,0,2.4186778,0.3663194477558136,0.41453832387924194,0.07313163578510284
YDR225W,YER179W,0,2.4134831,0.3660017251968384,0.41453832387924194,0.07323181629180908
YPL164C,YHR153C,1,2.4126,0.36655113101005554,0.41552063822746277,0.07323181629180908
YCR018C,YOR195W,0,2.411848,0.366233766078949,0.41552063822746277,0.07333199679851532
YHR150W,YOR337W,0,2.4113226,0.3659169673919678,0.41552063822746277,0.07343217730522156
YMR118C,YPL081W,0,2.4108925,0.36560070514678955,0.41552063822746277,0.0735323578119278
YDR446W,YPL194W,1,2.4108253,0.36614853143692017,0.4165029525756836,0.0735323578119278
YAR009C,YMR224C,1,2.4101186,0.36669543385505676,0.4174852669239044,0.0735323578119278
YIR025W,YLR329W,1,2.4089618,0.36724138259887695,0.41846758127212524,0.0735323578119278
YNL284C-B,YDR096W,0,2.4074879,0.36692506074905396,0.41846758127212524,0.07363253831863403
YLR234W,YHL024W,1,2.405548,0.3674698770046234,0.41944989562034607,0.07363253831863403
YLR007W,YLR329W,1,2.405047,0.36801376938819885,0.4204322099685669,0.07363253831863403
YML039W,YER171W,1,2.4049096,0.3685567080974579,0.4214145243167877,0.07363253831863403
YMR257C,YHR072W-A,0,2.404448,0.3682403564453125,0.4214145243167877,0.07373271882534027
YPL066W,YLR035C-A,0,2.4028673,0.3679245412349701,0.4214145243167877,0.07383289933204651
YPR164W,YGR109W-B,1,2.4024134,0.3684661388397217,0.42239686846733093,0.07383289933204651
YMR133W,YAR007C,1,2.4014378,0.36900684237480164,0.42337918281555176,0.07383289933204651
YFL002W-A,YIL132C,1,2.3993325,0.3695466220378876,0.4243614971637726,0.07383289933204651
YLL033W,YLR007W,1,2.3964949,0.3700854778289795,0.4253438115119934,0.07383289933204651
YDR261W-B,YHR140W,0,2.3956347,0.369769424200058,0.4253438115119934,0.07393307983875275
YDR325W,YBL019W,0,2.393651,0.36945393681526184,0.4253438115119934,0.07403326034545898
YDR098C-B,YPL269W,0,2.3919964,0.3691389560699463,0.4253438115119934,0.07413344085216522
YHR079C-A,YGR082W,0,2.3917923,0.3688245415687561,0.4253438115119934,0.07423362135887146
YLL016W,YPR181C,0,2.3912969,0.3685106337070465,0.4253438115119934,0.0743338018655777
YER005W,YPL283C,0,2.3904667,0.3681972920894623,0.4253438115119934,0.07443398237228394
YFL002W-A,YIL082W-A,1,2.3904366,0.36873406171798706,0.42632612586021423,0.07443398237228394
YEL019C,YHL006C,1,2.3888931,0.3692699372768402,0.42730844020843506,0.07443398237228394
YGR098C,YPL060C-A,0,2.3878503,0.3689567446708679,0.42730844020843506,0.07453416287899017
YMR284W,YHR079C-A,1,2.3870492,0.3694915175437927,0.4282907545566559,0.07453416287899017
YER074W-A,YAR033W,0,2.3858533,0.3691786527633667,0.4282907545566559,0.07463434338569641
YGL175C,YHR158C,0,2.3849134,0.36886632442474365,0.4282907545566559,0.07473452389240265
YKR045C,YMR122W-A,0,2.3841,0.3685545325279236,0.4282907545566559,0.07483470439910889
YDR288W,YGR296W,1,2.3827395,0.3690878450870514,0.4292730987071991,0.07483470439910889
YCR092C,YCL019W,1,2.3820348,0.36962026357650757,0.4302554130554199,0.07483470439910889
YDL154W,YHL009W-B,1,2.3819318,0.3701517581939697,0.43123772740364075,0.07483470439910889
YKR048C,YPR158W-A,0,2.381493,0.36983993649482727,0.43123772740364075,0.07493488490581512
YNL149C,YMR322C,0,2.3813128,0.3695286214351654,0.43123772740364075,0.07503506541252136
YML039W,YDR078C,1,2.3799157,0.3700588643550873,0.4322200417518616,0.07503506541252136
YLR056W,YPR049C,0,2.378625,0.36974790692329407,0.4322200417518616,0.0751352459192276
YEL065W,YLR223C,0,2.3779864,0.36943745613098145,0.4322200417518616,0.07523542642593384
YMR122W-A,YDR479C,0,2.3773165,0.3691275119781494,0.4322200417518616,0.07533560693264008
YNR038W,YDL160C,0,2.377118,0.36881810426712036,0.4322200417518616,0.07543578743934631
YPR151C,YDR257C,0,2.3753881,0.3685092031955719,0.4322200417518616,0.07553596794605255
YCR092C,YDR171W,0,2.3737507,0.3682008385658264,0.4322200417518616,0.07563614845275879
YGL178W,YLR084C,0,2.3731194,0.3678929805755615,0.4322200417518616,0.07573632895946503
YDR369C,YDR545W,1,2.3696842,0.3684210479259491,0.4332023561000824,0.07573632895946503
YGL183C,YCL019W,1,2.3693151,0.3689482510089874,0.4341846704483032,0.07573632895946503
YFL002W-A,YHR026W,0,2.3669105,0.3686405420303345,0.4341846704483032,0.07583650201559067
YMR307W,YCL068C,0,2.365983,0.3683333396911621,0.4341846704483032,0.0759366825222969
YAL061W,YNL075W,0,2.3648062,0.36802664399147034,0.4341846704483032,0.07603686302900314
YGL135W,YJR095W,0,2.3644557,0.36772045493125916,0.4341846704483032,0.07613704353570938
YEL026W,YDR098C-B,0,2.3629518,0.36741480231285095,0.4341846704483032,0.07623722404241562
YBR291C,YHL024W,0,2.3628197,0.36710962653160095,0.4341846704483032,0.07633740454912186
YLR408C,YPL231W,0,2.3596716,0.36680498719215393,0.4341846704483032,0.0764375850558281
YKL005C,YMR165C,0,2.3595362,0.3665008246898651,0.4341846704483032,0.07653776556253433
YHR207C,YDR534C,0,2.3586464,0.3661971688270569,0.4341846704483032,0.07663794606924057
YMR050C,YGL029W,0,2.3573928,0.36589404940605164,0.4341846704483032,0.07673812657594681
YGR027W-B,YOL007C,0,2.3563771,0.3655914068222046,0.4341846704483032,0.07683830708265305
YLR307W,YIR004W,0,2.3514824,0.36528927087783813,0.4341846704483032,0.07693848758935928
YJL062W-A,YER160C,0,2.347168,0.3649876117706299,0.4341846704483032,0.07703866809606552
YDR386W,YDR545W,1,2.3454819,0.36551153659820557,0.43516698479652405,0.07703866809606552
YAR009C,YMR045C,1,2.3451567,0.3660346269607544,0.4361492991447449,0.07703866809606552
YHR196W,YNR026C,0,2.343955,0.3657331168651581,0.4361492991447449,0.07713884860277176
YHR032W,YBR136W,0,2.3435588,0.36543211340904236,0.4361492991447449,0.077239029109478
YOR096W,YGR008C,0,2.3415508,0.36513158679008484,0.4361492991447449,0.07733920961618423
YHL009W-B,YOR141C,1,2.3410773,0.36565324664115906,0.4371316432952881,0.07733920961618423
YOR315W,YHL047C,0,2.3407345,0.3653530478477478,0.4371316432952881,0.07743939012289047
YIL160C,YPL249C-A,0,2.3404965,0.36505332589149475,0.4371316432952881,0.07753957062959671
YGR088W,YLR061W,0,2.340373,0.3647541105747223,0.4371316432952881,0.07763975113630295
YDR170W-A,YDR436W,0,2.3402781,0.36445537209510803,0.4371316432952881,0.07773993164300919
YGR059W,YBR158W,0,2.3393846,0.364157110452652,0.4371316432952881,0.07784011214971542
YOL090W,YHR079C-A,1,2.3356595,0.3646770119667053,0.4381139576435089,0.07784011214971542
YER190W,YLR288C,1,2.3326006,0.3651960790157318,0.43909627199172974,0.07784011214971542
YER074W-A,YLR259C,0,2.3322425,0.3648979663848877,0.43909627199172974,0.07794029265642166
YMR001C,YHL024W,1,2.3309493,0.3654159903526306,0.44007858633995056,0.07794029265642166
YPL281C,YBR009C,0,2.3294973,0.3651181757450104,0.44007858633995056,0.0780404731631279
YLR157C-B,YGL147C,0,2.3272972,0.36482083797454834,0.44007858633995056,0.07814065366983414
YPL171C,YBR083W,0,2.3249464,0.3645240068435669,0.44007858633995056,0.07824083417654037
YER179W,YPR025C,0,2.3248978,0.36422765254974365,0.44007858633995056,0.07834101468324661
YPL030W,YDL087C,0,2.3244739,0.3639317750930786,0.44007858633995056,0.07844119518995285
YJL062W-A,YKL017C,0,2.3239684,0.3636363744735718,0.44007858633995056,0.07854137569665909
YBR189W,YBR193C,0,2.323093,0.36334145069122314,0.44007858633995056,0.07864155620336533
YLR320W,YPL283C,1,2.322774,0.3638573884963989,0.4410609006881714,0.07864155620336533
YNL250W,YNL088W,1,2.321434,0.36437246203422546,0.4420432150363922,0.07864155620336533
YLL035W,YDR363W-A,0,2.3212953,0.3640776574611664,0.4420432150363922,0.07874173671007156
YOR343W-A,YPR118W,0,2.3210554,0.3637833595275879,0.4420432150363922,0.0788419172167778
YOR253W,YER074W-A,0,2.3144503,0.3634895086288452,0.4420432150363922,0.07894209772348404
YFR037C,YPL121C,0,2.3144479,0.36319613456726074,0.4420432150363922,0.07904227823019028
YOL034W,YPR018W,1,2.3133063,0.3637096881866455,0.44302552938461304,0.07904227823019028
YHR197W,YPL057C,0,2.3121033,0.3634166121482849,0.44302552938461304,0.07914245873689651
YDR437W,YKL173W,0,2.3120885,0.36312398314476013,0.44302552938461304,0.07924263924360275
YDL164C,YMR045C,1,2.3116922,0.3636363744735718,0.44400784373283386,0.07924263924360275
YIL069C,YBR186W,0,2.310954,0.3633440434932709,0.44400784373283386,0.07934281975030899
YHL019C,YML045W,0,2.3090148,0.36305221915245056,0.44400784373283386,0.07944300025701523
YMR050C,YJL115W,0,2.3080792,0.36276084184646606,0.44400784373283386,0.07954318076372147
YDR520C,YGL194C,0,2.3078866,0.36246994137763977,0.44400784373283386,0.0796433612704277
YER044C-A,YBR098W,1,2.3053856,0.36298078298568726,0.4449901878833771,0.0796433612704277
YOR229W,YDR523C,0,2.3051353,0.36269015073776245,0.4449901878833771,0.07974354177713394
YHR172W,YDR501W,0,2.3038578,0.36239999532699585,0.4449901878833771,0.07984372228384018
YIL087C,YFR034C,0,2.3033175,0.36211031675338745,0.4449901878833771,0.07994389533996582
YPR134W,YDR446W,0,2.3015332,0.36182108521461487,0.4449901878833771,0.08004407584667206
YPL249C-A,YBL045C,0,2.2999415,0.3615323305130005,0.4449901878833771,0.0801442563533783
YGL097W,YBR098W,0,2.2996898,0.3612440228462219,0.4449901878833771,0.08024443686008453
YMR055C,YNR038W,0,2.2993217,0.3609561622142792,0.4449901878833771,0.08034461736679077
YGL205W,YJL104W,0,2.298129,0.36066877841949463,0.4449901878833771,0.08044479787349701
YLL033W,YDR446W,1,2.292561,0.3611774146556854,0.4459725022315979,0.08044479787349701
YDR402C,YIL036W,0,2.2855492,0.36089029908180237,0.4459725022315979,0.08054497838020325
YNL218W,YOL078W,0,2.2850947,0.3606036603450775,0.4459725022315979,0.08064515888690948
YDR107C,YLR061W,0,2.283681,0.3603174686431885,0.4459725022315979,0.08074533939361572
YOL123W,YIL168W,0,2.2835264,0.36003172397613525,0.4459725022315979,0.08084551990032196
YDR446W,YAR050W,0,2.283464,0.35974642634391785,0.4459725022315979,0.0809457004070282
YCR086W,YNR070W,0,2.2804713,0.35946160554885864,0.4459725022315979,0.08104588091373444
YHR157W,YJL051W,1,2.2785425,0.359968364238739,0.4469548165798187,0.08104588091373444
YPR168W,YBR018C,0,2.2775435,0.3596837818622589,0.4469548165798187,0.08114606142044067
YDR320C-A,YNL009W,0,2.276904,0.359399676322937,0.4469548165798187,0.08124624192714691
YGL044C,YNL339C,0,2.2759156,0.3591160178184509,0.4469548165798187,0.08134642243385315
YBL066C,YBL088C,0,2.2723403,0.35883280634880066,0.4469548165798187,0.08144660294055939
YGR212W,YBR233W-A,0,2.2717056,0.3585500419139862,0.4469548165798187,0.08154678344726562
YIR013C,YOR119C,0,2.2715821,0.35826772451400757,0.4469548165798187,0.08164696395397186
YLR035C,YBL100W-B,1,2.2685394,0.3587726056575775,0.44793713092803955,0.08164696395397186
YMR006C,YOR094W,0,2.2685218,0.35849055647850037,0.44793713092803955,0.0817471444606781
YAR009C,YLR005W,1,2.2675776,0.3589945137500763,0.4489194452762604,0.0817471444606781
YDR040C,YMR113W,0,2.2675366,0.35871270298957825,0.4489194452762604,0.08184732496738434
YHR157W,YPL227C,0,2.2662454,0.3584313690662384,0.4489194452762604,0.08194750547409058
YNL339C,YHR039C,1,2.2656183,0.3589341640472412,0.4499017596244812,0.08194750547409058
YFL031W,YIL091C,0,2.265079,0.35865309834480286,0.4499017596244812,0.08204768598079681
YBR098W,YHL026C,0,2.2648106,0.35837244987487793,0.4499017596244812,0.08214786648750305
YLR336C,YGL184C,0,2.2640448,0.3580922484397888,0.4499017596244812,0.08224804699420929
YGL205W,YER164W,0,2.262838,0.3578124940395355,0.4499017596244812,0.08234822750091553
YPL116W,YPL046C,0,2.2623692,0.35753318667411804,0.4499017596244812,0.08244840800762177
YPR188C,YER159C,0,2.262176,0.357254296541214,0.4499017596244812,0.082548588514328
YML008C,YIL072W,0,2.261622,0.35697582364082336,0.4499017596244812,0.08264876902103424
YER179W,YKL113C,1,2.2602873,0.3574766218662262,0.450884073972702,0.08264876902103424
YEL019C,YPL283C,1,2.2587047,0.35797664523124695,0.45186641812324524,0.08264876902103424
YMR133W,YDR113C,1,2.257135,0.3584758937358856,0.45284873247146606,0.08264876902103424
YDR320C,YJL025W,0,2.254139,0.3581973612308502,0.45284873247146606,0.08274894952774048
YKL188C,YPL231W,0,2.252915,0.35791924595832825,0.45284873247146606,0.08284913003444672
YDL223C,YDR179C,0,2.2518477,0.3576415777206421,0.45284873247146606,0.08294931054115295
YOR027W,YDR038C,0,2.2516222,0.35736432671546936,0.45284873247146606,0.08304949104785919
YDR477W,YLL035W,0,2.250546,0.35708752274513245,0.45284873247146606,0.08314967155456543
YDL105W,YFL003C,1,2.2503257,0.3575851321220398,0.4538310468196869,0.08314967155456543
YGL196W,YGR035C,0,2.2487016,0.35730859637260437,0.4538310468196869,0.08324985206127167
YPL283C,YOR368W,1,2.24781,0.3578052520751953,0.4548133611679077,0.08324985206127167
YER011W,YKL129C,0,2.2476811,0.357528954744339,0.4548133611679077,0.0833500325679779
YDR320C-A,YEL001C,0,2.247404,0.3572530746459961,0.4548133611679077,0.08345021307468414
YDR034C-D,YIL132C,1,2.2467618,0.3577486574649811,0.45579567551612854,0.08345021307468414
YLR014C,YKR034W,0,2.24577,0.3574730455875397,0.45579567551612854,0.08355039358139038
YDR126W,YBL009W,0,2.245408,0.3571978509426117,0.45579567551612854,0.08365057408809662
YJL101C,YNL002C,0,2.243948,0.35692307353019714,0.45579567551612854,0.08375075459480286
YLR424W,YLR361C,0,2.2436194,0.3566487431526184,0.45579567551612854,0.0838509351015091
YJR120W,YPR071W,0,2.2406898,0.3563748002052307,0.45579567551612854,0.08395111560821533
YGR140W,YCL016C,0,2.2400517,0.35610130429267883,0.45579567551612854,0.08405128866434097
YFR030W,YGR087C,0,2.2400465,0.3558282256126404,0.45579567551612854,0.08415146917104721
YHR039C,YGL183C,1,2.2399707,0.3563218414783478,0.45677798986434937,0.08415146917104721
YLR154C,YPL230W,0,2.2385244,0.3560490012168884,0.45677798986434937,0.08425164967775345
YMR113W,YHR169W,0,2.2381644,0.3557765781879425,0.45677798986434937,0.08435183018445969
YKR079C,YBL075C,0,2.2361379,0.35550457239151,0.45677798986434937,0.08445201069116592
YHR079C-A,YDR036C,0,2.2359948,0.35523301362991333,0.45677798986434937,0.08455219119787216
YER179W,YJL173C,1,2.235877,0.3557251989841461,0.4577603042125702,0.08455219119787216
YJR021C,YLR320W,1,2.2355561,0.3562166392803192,0.458742618560791,0.08455219119787216
YBR231C,YBR009C,0,2.2320032,0.3559451103210449,0.458742618560791,0.0846523717045784
YKL069W,YAR009C,0,2.2302442,0.35567402839660645,0.458742618560791,0.08475255221128464
YJR056C,YCL057C-A,0,2.2299204,0.355403333902359,0.458742618560791,0.08485273271799088
YGR087C,YHR090C,0,2.2290516,0.3551330864429474,0.458742618560791,0.08495291322469711
YER070W,YDR532C,0,2.2272959,0.3548632264137268,0.458742618560791,0.08505309373140335
YHL024W,YJR029W,1,2.2271614,0.35535308718681335,0.45972496271133423,0.08505309373140335
YGR271C-A,YGL141W,0,2.2267294,0.3550834655761719,0.45972496271133423,0.08515327423810959
YKR061W,YDL014W,0,2.2257338,0.3548142611980438,0.45972496271133423,0.08525345474481583
YLR288C,YPL121C,1,2.2254343,0.355303019285202,0.46070727705955505,0.08525345474481583
YNR033W,YLR004C,0,2.224351,0.3550340533256531,0.46070727705955505,0.08535363525152206
YDR406W,YGR234W,0,2.223185,0.35476550459861755,0.46070727705955505,0.0854538157582283
YER044C-A,YIL082W-A,1,2.2224264,0.3552532196044922,0.4616895914077759,0.0854538157582283
YAR009C,YPL164C,1,2.2198925,0.35574018955230713,0.4626719057559967,0.0854538157582283
YIL137C,YDR365W-A,0,2.219801,0.3554717004299164,0.4626719057559967,0.08555399626493454
YLR467W,YPL017C,1,2.2159338,0.3559577763080597,0.46365422010421753,0.08555399626493454
YNL257C,YJR153W,0,2.2147226,0.35568952560424805,0.46365422010421753,0.08565417677164078
YOR374W,YJL050W,0,2.214333,0.35542169213294983,0.46365422010421753,0.08575435727834702
YDR004W,YKL221W,0,2.2140775,0.35515424609184265,0.46365422010421753,0.08585453778505325
YAL010C,YML037C,0,2.2140293,0.3548872172832489,0.46365422010421753,0.08595471829175949
YLR413W,YOR228C,0,2.2128825,0.3546205759048462,0.46365422010421753,0.08605489879846573
YNL164C,YER044C-A,0,2.2124949,0.3543543517589569,0.46365422010421753,0.08615507930517197
YPL033C,YIR006C,0,2.212318,0.35408851504325867,0.46365422010421753,0.0862552598118782
YDR545W,YML061C,1,2.2121868,0.35457271337509155,0.46463653445243835,0.0862552598118782
YMR063W,YAL010C,0,2.211164,0.3543071150779724,0.46463653445243835,0.08635544031858444
YNL041C,YML133C,0,2.210857,0.3540419042110443,0.46463653445243835,0.08645562082529068
YOR016C,YJL108C,0,2.2082043,0.35377711057662964,0.46463653445243835,0.08655580133199692
YBR012W-A,YOL055C,0,2.2052932,0.353512704372406,0.46463653445243835,0.08665598183870316
YDL164C,YLR128W,0,2.204956,0.3532486855983734,0.46463653445243835,0.0867561623454094
YNL246W,YDL247W,0,2.2039137,0.35298508405685425,0.46463653445243835,0.08685634285211563
YPL043W,YLR390W-A,0,2.2036362,0.35272184014320374,0.46463653445243835,0.08695652335882187
YHR196W,YNL063W,0,2.2031426,0.35245901346206665,0.46463653445243835,0.0870567038655281
YBR058C-A,YGR191W,0,2.2013507,0.3521965742111206,0.46463653445243835,0.08715688437223434
YMR050C,YLR097C,0,2.201252,0.3519345223903656,0.46463653445243835,0.08725706487894058
YMR045C,YGR218W,0,2.2009664,0.35167285799980164,0.46463653445243835,0.08735724538564682
YER012W,YPL217C,0,2.2006526,0.3514115810394287,0.46463653445243835,0.08745742589235306
YDR545W,YOR178C,0,2.200614,0.3511506915092468,0.46463653445243835,0.0875576063990593
YKR038C,YER074W-A,0,2.2000155,0.35089021921157837,0.46463653445243835,0.08765778690576553
YPR096C,YAL030W,0,2.199974,0.35063010454177856,0.46463653445243835,0.08775796741247177
YMR207C,YPR174C,0,2.197391,0.3503703773021698,0.46463653445243835,0.08785814791917801
YBR084W,YHR092C,0,2.1965256,0.3501110374927521,0.46463653445243835,0.08795832842588425
YDR276C,YMR316W,0,2.1963005,0.3498520851135254,0.46463653445243835,0.08805850893259048
YML039W,YLR466W,1,2.1959753,0.3503325879573822,0.4656188488006592,0.08805850893259048
YDL030W,YPR141C,0,2.1951609,0.35007384419441223,0.4656188488006592,0.08815868198871613
YLL042C,YPL068C,0,2.1947145,0.3498154878616333,0.4656188488006592,0.08825886249542236
YDR369C,YHR081W,1,2.1946678,0.35029497742652893,0.4666011929512024,0.08825886249542236
YJL062W-A,YIL098C,0,2.1946287,0.3500368595123291,0.4666011929512024,0.0883590430021286
YML045W,YCL019W,1,2.1942682,0.3505154550075531,0.4675835072994232,0.0883590430021286
YER044C-A,YDR110W,1,2.1940584,0.3509933650493622,0.46856582164764404,0.0883590430021286
YBL042C,YGL096W,0,2.1929927,0.35073530673980713,0.46856582164764404,0.08845922350883484
YDR397C,YJR120W,0,2.1926851,0.35047757625579834,0.46856582164764404,0.08855940401554108
YCL045C,YIL037C,0,2.191853,0.350220263004303,0.46856582164764404,0.08865958452224731
YGL194C,YBR240C,0,2.191731,0.34996330738067627,0.46856582164764404,0.08875976502895355
YBR073W,YOR005C,1,2.1911464,0.3504398763179779,0.46954813599586487,0.08875976502895355
YPL193W,YNL059C,0,2.191039,0.3501831591129303,0.46954813599586487,0.08885994553565979
YOR272W,YLR414C,0,2.1909466,0.34992679953575134,0.46954813599586487,0.08896012604236603
YJR027W,YBR098W,1,2.1905136,0.3504023551940918,0.4705304503440857,0.08896012604236603
YGR296W,YPR042C,0,2.1897264,0.35014620423316956,0.4705304503440857,0.08906030654907227
YKL043W,YHL044W,0,2.188592,0.34989044070243835,0.4705304503440857,0.0891604870557785
YHR081W,YHR079C-A,1,2.1833024,0.35036495327949524,0.4715127646923065,0.0891604870557785
YGR035C,YOL001W,0,2.1828215,0.35010939836502075,0.4715127646923065,0.08926066756248474
YBR098W,YBL100W-B,1,2.1825628,0.3505830764770508,0.47249507904052734,0.08926066756248474
YBR054W,YJR041C,0,2.1810684,0.3503277599811554,0.47249507904052734,0.08936084806919098
YBL005W-B,YMR284W,1,2.180881,0.3508005738258362,0.47347739338874817,0.08936084806919098
YAL028W,YJL158C,0,2.1806445,0.3505454659461975,0.47347739338874817,0.08946102857589722
YNR032C-A,YIR017C,0,2.1790028,0.3502906858921051,0.47347739338874817,0.08956120908260345
YMR050C,YAL068C,0,2.178636,0.3500363230705261,0.47347739338874817,0.08966138958930969
YML039W,YOR144C,1,2.1781504,0.3505079746246338,0.4744597375392914,0.08966138958930969
YOR381W,YMR175W,0,2.176124,0.3502538204193115,0.4744597375392914,0.08976157009601593
YDR522C,YHR072W-A,0,2.175074,0.3499999940395355,0.4744597375392914,0.08986175060272217
YAR066W,YPL118W,0,2.1731968,0.34974655508995056,0.4744597375392914,0.0899619311094284
YOL094C,YLR106C,0,2.1728396,0.34949347376823425,0.4744597375392914,0.09006211161613464
YPL021W,YDR427W,0,2.1727805,0.349240779876709,0.4744597375392914,0.09016229212284088
YLL033W,YPL283C,1,2.1726365,0.34971097111701965,0.4754420518875122,0.09016229212284088
YDR288W,YIL082W-A,1,2.1725316,0.3501805067062378,0.47642436623573303,0.09016229212284088
YMR215W,YBR097W,0,2.17139,0.3499278426170349,0.47642436623573303,0.09026247262954712
YNL247W,YEL039C,0,2.1713643,0.34967556595802307,0.47642436623573303,0.09036265313625336
YNL076W,YPR049C,0,2.1711907,0.3494236171245575,0.47642436623573303,0.0904628336429596
YOR298C-A,YGR108W,0,2.1710405,0.34917205572128296,0.47642436623573303,0.09056301414966583
YHR167W,YLR329W,1,2.1698909,0.34964028000831604,0.47740668058395386,0.09056301414966583
YDR265W,YNR075W,0,2.1678326,0.3493889272212982,0.47740668058395386,0.09066319465637207
YGR249W,YBR009C,0,2.1662621,0.34913793206214905,0.47740668058395386,0.09076337516307831
YGR028W,YHR088W,0,2.1659474,0.34888729453086853,0.47740668058395386,0.09086355566978455
YOL084W,YBR301W,0,2.1642175,0.34863701462745667,0.47740668058395386,0.09096373617649078
YDR055W,YJL098W,0,2.1631823,0.34838709235191345,0.47740668058395386,0.09106391668319702
YEL026W,YMR040W,0,2.1629822,0.3481375277042389,0.47740668058395386,0.09116409718990326
YDR055W,YGL111W,0,2.1625743,0.347888320684433,0.47740668058395386,0.0912642776966095
YML087C,YDL114W,0,2.1615493,0.3476394712924957,0.47740668058395386,0.09136445820331573
YDR523C,YER164W,0,2.1610425,0.3473909795284271,0.47740668058395386,0.09146463871002197
YLL010C,YJR120W,0,2.1610389,0.3471428453922272,0.47740668058395386,0.09156481921672821
YJL051W,YGL163C,1,2.1608791,0.34760886430740356,0.4783889949321747,0.09156481921672821
YCL069W,YLR106C,0,2.1602795,0.34736090898513794,0.4783889949321747,0.09166499972343445
YOR077W,YDR243C,0,2.1594338,0.34711334109306335,0.4783889949321747,0.09176518023014069
YLR139C,YML037C,0,2.1589303,0.34686610102653503,0.4783889949321747,0.09186536073684692
YFL061W,YBR087W,0,2.1573577,0.34661921858787537,0.4783889949321747,0.09196554124355316
YIR031C,YDR123C,0,2.154924,0.34637269377708435,0.4783889949321747,0.0920657217502594
YMR133W,YDR325W,0,2.1544328,0.3461264967918396,0.4783889949321747,0.09216590225696564
YML041C,YOR373W,0,2.1544194,0.3458806872367859,0.4783889949321747,0.09226607531309128
YOL006C,YLR320W,1,2.1539807,0.346344918012619,0.4793713092803955,0.09226607531309128
YJL062W-A,YKL032C,0,2.153582,0.34609928727149963,0.4793713092803955,0.09236625581979752
YMR280C,YNL275W,0,2.1530645,0.3458540141582489,0.4793713092803955,0.09246643632650375
YMR175W,YDR320C,0,2.1523345,0.34560906887054443,0.4793713092803955,0.09256661683320999
YLR341W,YCL020W,0,2.1515794,0.3453644812107086,0.4793713092803955,0.09266679733991623
YGR035C,YHL022C,0,2.151062,0.34512022137641907,0.4793713092803955,0.09276697784662247
YGL063W,YDR469W,0,2.1500022,0.34487631916999817,0.4793713092803955,0.0928671583533287
YKL011C,YJL145W,0,2.1496105,0.3446327745914459,0.4793713092803955,0.09296733886003494
YPR052C,YKR034W,0,2.1484365,0.34438955783843994,0.4793713092803955,0.09306751936674118
YOR191W,YBL046W,0,2.147931,0.3441466987133026,0.4793713092803955,0.09316769987344742
YFR042W,YHR139C,0,2.147907,0.34390416741371155,0.4793713092803955,0.09326788038015366
YPL029W,YDL020C,0,2.147583,0.34366196393966675,0.4793713092803955,0.0933680608868599
YFL055W,YGL055W,0,2.14704,0.3434201180934906,0.4793713092803955,0.09346824139356613
YJL153C,YNR038W,0,2.147001,0.3431786298751831,0.4793713092803955,0.09356842190027237
YKL211C,YCL057C-A,0,2.1465788,0.3429374694824219,0.4793713092803955,0.09366860240697861
YER179W,YBR088C,1,2.1454344,0.3433988690376282,0.48035362362861633,0.09366860240697861
YMR105C,YCR047C,0,2.1450284,0.34315788745880127,0.48035362362861633,0.09376878291368484
YER051W,YGL195W,0,2.1433725,0.342917263507843,0.48035362362861633,0.09386896342039108
YMR050C,YDL154W,1,2.1418695,0.3433777093887329,0.48133593797683716,0.09386896342039108
YDR040C,YBR078W,0,2.1411982,0.343137264251709,0.48133593797683716,0.09396914392709732
YHR190W,YOR341W,0,2.1409354,0.34289711713790894,0.48133593797683716,0.09406932443380356
YIL167W,YIL118W,0,2.1408434,0.3426573574542999,0.48133593797683716,0.0941695049405098
YLR306W,YGL029W,0,2.1402378,0.3424178957939148,0.48133593797683716,0.09426968544721603
YOR214C,YPR066W,0,2.139183,0.3421787619590759,0.48133593797683716,0.09436986595392227
YLR383W,YNL339C,1,2.1380777,0.342637836933136,0.48231828212738037,0.09436986595392227
YMR106C,YMR045C,1,2.1377144,0.34309622645378113,0.4833005964756012,0.09436986595392227
YGL033W,YMR106C,1,2.137257,0.3435540199279785,0.484282910823822,0.09436986595392227
YER054C,YDR464W,0,2.1368961,0.3433147668838501,0.484282910823822,0.09447004646062851
YOL069W,YGL063W,0,2.136365,0.34307584166526794,0.484282910823822,0.09457022696733475
YDL231C,YCR028C-A,0,2.1362367,0.34283727407455444,0.484282910823822,0.09467040747404099
YAL043C,YPL231W,0,2.135219,0.3425990343093872,0.484282910823822,0.09477058798074722
YIL138C,YKR060W,0,2.133996,0.34236112236976624,0.484282910823822,0.09487076848745346
YLR306W,YLR117C,0,2.133048,0.34212353825569153,0.484282910823822,0.0949709489941597
YPL231W,YJL216C,0,2.1316233,0.3418862819671631,0.484282910823822,0.09507112950086594
YDR322C-A,YIL091C,0,2.1312337,0.3416493535041809,0.484282910823822,0.09517131000757217
YML061C,YDR446W,1,2.131002,0.34210526943206787,0.48526522517204285,0.09517131000757217
YHR032W,YCL033C,0,2.1309905,0.34186851978302,0.48526522517204285,0.09527149051427841
YER028C,YNL222W,0,2.1306047,0.34163209795951843,0.48526522517204285,0.09537167102098465
YBR215W,YBL100W-A,0,2.130095,0.3413960039615631,0.48526522517204285,0.09547185152769089
YOL034W,YPR164W,1,2.1292415,0.34185081720352173,0.48624753952026367,0.09547185152769089
YOR100C,YHR116W,0,2.1281934,0.34161490201950073,0.48624753952026367,0.09557203203439713
YMR280C,YEL021W,0,2.127778,0.341379314661026,0.48624753952026367,0.09567221254110336
YCR021C,YDR523C,0,2.127635,0.34114402532577515,0.48624753952026367,0.0957723930478096
YIL097W,YBR233W-A,0,2.1276264,0.34090909361839294,0.48624753952026367,0.09587257355451584
YNL059C,YAR066W,0,2.1275802,0.3406744599342346,0.48624753952026367,0.09597275406122208
YOR330C,YIL099W,0,2.1273832,0.34044015407562256,0.48624753952026367,0.09607293456792831
YLL033W,YER190W,1,2.12636,0.3408934772014618,0.4872298538684845,0.09607293456792831
YNR075W,YJL001W,0,2.1248183,0.34065935015678406,0.4872298538684845,0.09617311507463455
YML076C,YHR204W,0,2.1237278,0.3404255211353302,0.4872298538684845,0.09627329558134079
YDL051W,YCL057C-A,0,2.123531,0.340192049741745,0.4872298538684845,0.09637346863746643
YLL033W,YLR376C,1,2.1227264,0.3406442701816559,0.4882121682167053,0.09637346863746643
YBL013W,YOR337W,0,2.122099,0.3404109477996826,0.4882121682167053,0.09647364914417267
YBL054W,YPL249C-A,0,2.12077,0.3401779532432556,0.4882121682167053,0.0965738296508789
YCR107W,YBR299W,0,2.1203966,0.3399452865123749,0.4882121682167053,0.09667401015758514
YBR012W-A,YHL026C,0,2.1200535,0.339712917804718,0.4882121682167053,0.09677419066429138
YOL080C,YGR006W,0,2.1192808,0.3394808769226074,0.4882121682167053,0.09687437117099762
YLR226W,YJR084W,0,2.1184273,0.3392491340637207,0.4882121682167053,0.09697455167770386
YDR078C,YPR164W,1,2.1183128,0.3396998643875122,0.48919451236724854,0.09697455167770386
YGL116W,YGL039W,0,2.118056,0.3394683003425598,0.48919451236724854,0.0970747321844101
YGL250W,YIL132C,1,2.117444,0.33991825580596924,0.49017682671546936,0.0970747321844101
YLR135W,YHR157W,1,2.1170542,0.3403675854206085,0.4911591410636902,0.0970747321844101
YBL005W-A,YOL078W,0,2.1169493,0.3401360511779785,0.4911591410636902,0.09717491269111633
YDR014W,YDR402C,0,2.1151617,0.3399048149585724,0.4911591410636902,0.09727509319782257
YER113C,YCR045C,0,2.1142602,0.3396739065647125,0.4911591410636902,0.09737527370452881
YIL078W,YLR446W,0,2.1130505,0.3394433259963989,0.4911591410636902,0.09747545421123505
YJL051W,YLR343W,0,2.1120634,0.3392130136489868,0.4911591410636902,0.09757563471794128
YDL042C,YCR102C,0,2.11167,0.33898305892944336,0.4911591410636902,0.09767581522464752
YLR035C-A,YCR073C,0,2.111535,0.3387534022331238,0.4911591410636902,0.09777599573135376
YCR102C,YLR061W,0,2.1108332,0.3385240435600281,0.4911591410636902,0.09787617623806
YPL040C,YMR190C,0,2.1080074,0.33829498291015625,0.4911591410636902,0.09797635674476624
YMR009W,YCL057C-A,0,2.1078644,0.3380662500858307,0.4911591410636902,0.09807653725147247
YPL280W,YIL126W,0,2.107862,0.3378378450870514,0.4911591410636902,0.09817671775817871
YGL033W,YMR045C,1,2.106866,0.3382849395275116,0.492141455411911,0.09817671775817871
YMR133W,YDR004W,1,2.1061902,0.33873143792152405,0.49312376976013184,0.09817671775817871
YLR005W,YCL019W,1,2.1060238,0.33917734026908875,0.49410608410835266,0.09817671775817871
YBR004C,YPL230W,0,2.1043634,0.3389487862586975,0.49410608410835266,0.09827689826488495
YOR231W,YKL081W,0,2.1018891,0.33872053027153015,0.49410608410835266,0.09837707877159119
YGL120C,YBL067C,0,2.101799,0.33849260210990906,0.49410608410835266,0.09847725927829742
YNL146W,YHR088W,0,2.1011233,0.33826497197151184,0.49410608410835266,0.09857743978500366
YKL209C,YOR019W,0,2.100495,0.3380376398563385,0.49410608410835266,0.0986776202917099
YKL052C,YER074W-A,0,2.100268,0.33781060576438904,0.49410608410835266,0.09877780079841614
YBL005W-B,YHR153C,1,2.0998058,0.33825504779815674,0.4950883984565735,0.09877780079841614
YMR040W,YOL078W,0,2.0995495,0.3380281627178192,0.4950883984565735,0.09887798130512238
YAR018C,YDR397C,0,2.099506,0.33780160546302795,0.4950883984565735,0.09897816181182861
YGL205W,YNR052C,0,2.0989728,0.33757534623146057,0.4950883984565735,0.09907834231853485
YBL091C,YAR010C,0,2.0986562,0.33734938502311707,0.4950883984565735,0.09917852282524109
YMR175W,YDL042C,0,2.0981793,0.3371237516403198,0.4950883984565735,0.09927870333194733
YDL194W,YNL206C,0,2.098157,0.3368983864784241,0.4950883984565735,0.09937888383865356
YLL038C,YDR096W,0,2.0979996,0.3366733491420746,0.4950883984565735,0.0994790643453598
YDR207C,YPR164W,1,2.0975919,0.33711615204811096,0.4960707128047943,0.0994790643453598
YOR022C,YPL242C,0,2.0973709,0.3368912637233734,0.4960707128047943,0.09957924485206604
YML061C,YIL082W-A,1,2.0966878,0.3373333215713501,0.4970530569553375,0.09957924485206604
YJL057C,YCL027W,0,2.0953,0.3371085822582245,0.4970530569553375,0.09967942535877228
YMR011W,YBR018C,0,2.093566,0.33688414096832275,0.4970530569553375,0.09977960586547852
YFL061W,YDL149W,0,2.0929565,0.3366600275039673,0.4970530569553375,0.09987978637218475
YHR157W,YPL127C,1,2.09089,0.3371010720729828,0.49803537130355835,0.09987978637218475
YJR021C,YPL283C,1,2.0901437,0.33754152059555054,0.4990176856517792,0.09987978637218475
YDR515W,YDR179C,0,2.0887113,0.33731740713119507,0.4990176856517792,0.09997996687889099
YCR072C,YPR003C,0,2.0884862,0.3370935618877411,0.4990176856517792,0.10008014738559723
YHR154W,YDR356W,0,2.0883741,0.336870014667511,0.4990176856517792,0.10018032789230347
YMR059W,YGR065C,0,2.0880232,0.33664679527282715,0.4990176856517792,0.1002805083990097
YGL153W,YDR506C,0,2.0877934,0.3364238440990448,0.4990176856517792,0.10038068890571594
YCL069W,YLR051C,0,2.0876355,0.33620119094848633,0.4990176856517792,0.10048086196184158
YPL195W,YKR092C,0,2.0869095,0.33597883582115173,0.4990176856517792,0.10058104246854782
YIR017C,YNL064C,0,2.08537,0.335756778717041,0.4990176856517792,0.10068122297525406
YNL311C,YMR128W,0,2.0846996,0.3355350196361542,0.4990176856517792,0.1007814034819603
YKL179C,YBR018C,0,2.0837698,0.3353135287761688,0.4990176856517792,0.10088158398866653
YBL004W,YNL242W,0,2.0830653,0.33509233593940735,0.4990176856517792,0.10098176449537277
YGR208W,YNR073C,0,2.0823493,0.33487147092819214,0.4990176856517792,0.10108194500207901
YBR058C-A,YNL245C,0,2.082067,0.33465084433555603,0.4990176856517792,0.10118212550878525
YBL103C,YOR359W,0,2.082027,0.3344305455684662,0.4990176856517792,0.10128230601549149
YFR025C,YOR167C,0,2.0819159,0.33421051502227783,0.4990176856517792,0.10138248652219772
YDR440W,YFR016C,0,2.0816045,0.33399078249931335,0.4990176856517792,0.10148266702890396
YDL214C,YNL075W,0,2.0789392,0.33377134799957275,0.4990176856517792,0.1015828475356102
YHR039C,YGL163C,1,2.0787354,0.33420878648757935,0.5,0.1015828475356102
YNL151C,YMR086W,0,2.0776815,0.3339895009994507,0.5,0.10168302804231644
YML133C,YER053C,0,2.0773392,0.3337704837322235,0.5,0.10178320854902267
YIL085C,YOR100C,0,2.0768857,0.3335517644882202,0.5,0.10188338905572891
YMR050C,YHR166C,0,2.0762253,0.3333333432674408,0.5,0.10198356956243515
YHL024W,YAL047C,0,2.0747547,0.33311519026756287,0.5,0.10208375006914139
YPR164W,YLR329W,1,2.074327,0.3335513472557068,0.5009823441505432,0.10208375006914139
YBL005W-B,YER160C,1,2.0734572,0.33398693799972534,0.5019646286964417,0.10208375006914139
YLR035C,YLR320W,1,2.073341,0.33442193269729614,0.5029469728469849,0.10208375006914139
YGL240W,YDR060W,0,2.0718355,0.33420366048812866,0.5029469728469849,0.10218393057584763
YNL247W,YBR018C,0,2.0717309,0.33398565649986267,0.5029469728469849,0.10228411108255386
YIL160C,YDL060W,0,2.070941,0.33376792073249817,0.5029469728469849,0.1023842915892601
YNR032C-A,YMR116C,0,2.0705094,0.33355048298835754,0.5029469728469849,0.10248447209596634
YPL058C,YLL057C,0,2.0703044,0.3333333432674408,0.5029469728469849,0.10258465260267258
YOR022C,YPL026C,0,2.0696735,0.33311647176742554,0.5029469728469849,0.10268483310937881
YDR078C,YMR050C,1,2.067225,0.3335500657558441,0.5039292573928833,0.10268483310937881
YDR424C,YDR420W,0,2.0667963,0.3333333432674408,0.5039292573928833,0.10278501361608505
YLR085C,YBL013W,0,2.0658195,0.33311688899993896,0.5039292573928833,0.10288519412279129
YGL033W,YDL164C,1,2.0653348,0.3335496485233307,0.5049116015434265,0.10288519412279129
YPL186C,YCR010C,0,2.0650163,0.3333333432674408,0.5049116015434265,0.10298537462949753
YCR092C,YHL006C,1,2.0638516,0.3337653875350952,0.505893886089325,0.10298537462949753
YGL183C,YOR368W,1,2.0631685,0.33419689536094666,0.5068762302398682,0.10298537462949753
YKR045C,YOL121C,0,2.0631452,0.33398059010505676,0.5068762302398682,0.10308555513620377
YPL033C,YGL065C,0,2.0624654,0.33376455307006836,0.5068762302398682,0.10318573564291
YLR310C,YML005W,0,2.0612278,0.33354881405830383,0.5068762302398682,0.10328591614961624
YML039W,YCL019W,1,2.0611086,0.3339793384075165,0.5078585743904114,0.10328591614961624
YPL248C,YBR267W,0,2.060525,0.3337637186050415,0.5078585743904114,0.10338609665632248
YLR438C-A,YGR035C,0,2.0605168,0.3335483968257904,0.5078585743904114,0.10348627716302872
YHR039C,YDR126W,0,2.0582652,0.3333333432674408,0.5078585743904114,0.10358645766973495
YOL132W,YLR274W,0,2.0574932,0.3331185579299927,0.5078585743904114,0.10368663817644119
YIR012W,YIL073C,0,2.0571077,0.33290407061576843,0.5078585743904114,0.10378681868314743
YJL051W,YCR086W,0,2.0561619,0.3326898217201233,0.5078585743904114,0.10388699918985367
YDR170W-A,YLL006W,0,2.0551655,0.332475870847702,0.5078585743904114,0.1039871796965599
YHR001W,YOR113W,0,2.0549467,0.33226221799850464,0.5078585743904114,0.10408736020326614
YER044C-A,YPR018W,1,2.054772,0.3326910734176636,0.5088408589363098,0.10408736020326614
YOL006C,YHR079C-A,1,2.05435,0.33311939239501953,0.509823203086853,0.10408736020326614
YLR266C,YKL099C,0,2.0534358,0.33290570974349976,0.509823203086853,0.10418754070997238
YBR180W,YJR134C,0,2.0523603,0.33269229531288147,0.509823203086853,0.10428772121667862
YBL023C,YER074W-A,0,2.0512807,0.33247917890548706,0.509823203086853,0.10438790172338486
YIR003W,YDR312W,0,2.050924,0.33226633071899414,0.509823203086853,0.1044880822300911
YGL240W,YPR180W,0,2.0506477,0.3320537507534027,0.509823203086853,0.10458825528621674
YOL125W,YPL171C,0,2.049899,0.33184143900871277,0.509823203086853,0.10468843579292297
YDR040C,YOR066W,0,2.0492196,0.3316293954849243,0.509823203086853,0.10478861629962921
YMR297W,YIL150C,0,2.048935,0.33141762018203735,0.509823203086853,0.10488879680633545
YHR136C,YPR047W,0,2.0489252,0.3312061131000519,0.509823203086853,0.10498897731304169
YOR191W,YOL128C,0,2.0477405,0.3309949040412903,0.509823203086853,0.10508915781974792
YBL051C,YKR104W,0,2.0476136,0.3307839334011078,0.509823203086853,0.10518933832645416
YNL041C,YGL155W,0,2.0470052,0.33057326078414917,0.509823203086853,0.1052895188331604
YNL328C,YLL022C,0,2.046746,0.33036282658576965,0.509823203086853,0.10538969933986664
YHL036W,YGL194C,0,2.0457468,0.3301526606082916,0.509823203086853,0.10548987984657288
YNL254C,YIL017C,0,2.0456085,0.3299427926540375,0.509823203086853,0.10559006035327911
YMR175W,YJR045C,0,2.040473,0.3297331631183624,0.509823203086853,0.10569024085998535
YPR151C,YIR026C,0,2.040135,0.32952380180358887,0.509823203086853,0.10579042136669159
YNL250W,YOR368W,1,2.0400858,0.3299492299556732,0.5108054876327515,0.10579042136669159
YBL097W,YGL207W,0,2.040007,0.3297400176525116,0.5108054876327515,0.10589060187339783
YHR034C,YHL022C,0,2.0399547,0.3295310437679291,0.5108054876327515,0.10599078238010406
YKR030W,YER074W-A,0,2.0397582,0.32932236790657043,0.5108054876327515,0.1060909628868103
YAR009C,YER173W,1,2.0371346,0.3297468423843384,0.5117878317832947,0.1060909628868103
YBR040W,YFL029C,0,2.0369506,0.3295382559299469,0.5117878317832947,0.10619114339351654
YBR012W-B,YJL051W,1,2.0368533,0.3299620747566223,0.5127701163291931,0.10619114339351654
YGL045W,YER100W,0,2.033482,0.3297536373138428,0.5127701163291931,0.10629132390022278
YML039W,YKL113C,1,2.032226,0.33017677068710327,0.5137524604797363,0.10629132390022278
YOR119C,YLR132C,0,2.0321882,0.3299684524536133,0.5137524604797363,0.10639150440692902
YHR007C,YJR022W,0,2.0319395,0.3297604024410248,0.5137524604797363,0.10649168491363525
YPR081C,YPL030W,0,2.0315528,0.32955262064933777,0.5137524604797363,0.10659186542034149
YGR208W,YLR158C,0,2.0310764,0.32934507727622986,0.5137524604797363,0.10669204592704773
YGR142W,YJL127C,0,2.0308666,0.3291378319263458,0.5137524604797363,0.10679222643375397
YOR233W,YGR287C,0,2.0297256,0.3289308249950409,0.5137524604797363,0.1068924069404602
YMR050C,YPL017C,1,2.0296679,0.32935261726379395,0.5147347450256348,0.1068924069404602
YNL247W,YNL093W,0,2.028293,0.32914572954177856,0.5147347450256348,0.10699258744716644
YLL032C,YBL064C,0,2.0282207,0.3289391100406647,0.5147347450256348,0.10709276795387268
YGL205W,YFR030W,0,2.0262957,0.32873275876045227,0.5147347450256348,0.10719294846057892
YDR545W,YNL292W,0,2.026268,0.32852664589881897,0.5147347450256348,0.10729312896728516
YLR318W,YIL066C,0,2.0259285,0.32832080125808716,0.5147347450256348,0.1073933094739914
YLR318W,YGL084C,0,2.0258121,0.32811522483825684,0.5147347450256348,0.10749348998069763
YHL024W,YHR216W,0,2.0253763,0.3279098868370056,0.5147347450256348,0.10759367048740387
YBR098W,YOR354C,1,2.0239758,0.32833021879196167,0.515717089176178,0.10759367048740387
YJR117W,YOR315W,0,2.021778,0.328125,0.515717089176178,0.10769385099411011
YDR118W,YLR045C,0,2.01895,0.3279200494289398,0.515717089176178,0.10779403150081635
YDR179C,YHR150W,0,2.0181723,0.32771536707878113,0.515717089176178,0.10789421200752258
YOR214C,YGL232W,0,2.0180616,0.32751092314720154,0.515717089176178,0.10799439251422882
YGR296W,YPL017C,1,2.017312,0.32793018221855164,0.5166994333267212,0.10799439251422882
YBR054W,YER006W,0,2.016538,0.3277258574962616,0.5166994333267212,0.10809457302093506
YDR446W,YPL017C,1,2.0147877,0.32814446091651917,0.5176817178726196,0.10809457302093506
YHR160C,YPR023C,0,2.013024,0.3279402554035187,0.5176817178726196,0.1081947535276413
YKL071W,YJR094W-A,0,2.0108743,0.3277363181114197,0.5176817178726196,0.10829493403434753
YER073W,YJL108C,0,2.0105681,0.3275326192378998,0.5176817178726196,0.10839511454105377
YER039C,YER142C,0,2.0100064,0.32732918858528137,0.5176817178726196,0.10849529504776001
YBR019C,YDR180W,0,2.0093076,0.32712599635124207,0.5176817178726196,0.10859547555446625
YIR013C,YKL164C,0,2.0082116,0.32692307233810425,0.5176817178726196,0.10869564861059189
YOR045W,YHR072W-A,0,2.0081215,0.32672038674354553,0.5176817178726196,0.10879582911729813
YML039W,YJL090C,1,2.0075982,0.3271375596523285,0.5186640620231628,0.10879582911729813
YJR139C,YFL011W,0,2.0057395,0.3269349932670593,0.5186640620231628,0.10889600962400436
YBR068C,YIL037C,0,2.005714,0.32673266530036926,0.5186640620231628,0.1089961901307106
YAR009C,YHL024W,1,2.0038939,0.32714903354644775,0.5196463465690613,0.1089961901307106
YCR024C,YLL018C-A,0,2.002806,0.32694685459136963,0.5196463465690613,0.10909637063741684
YPL043W,YFL053W,0,2.0025384,0.3267449140548706,0.5196463465690613,0.10919655114412308
YGR059W,YIL123W,0,2.0011282,0.3265432119369507,0.5196463465690613,0.10929673165082932
YMR094W,YER111C,0,2.0007052,0.32634177803993225,0.5196463465690613,0.10939691215753555
YBR046C,YDL105W,0,1.9994661,0.32614055275917053,0.5196463465690613,0.10949709266424179
YBR228W,YBR208C,0,1.9993564,0.3259396255016327,0.5196463465690613,0.10959727317094803
YDR079C-A,YEL060C,0,1.9992019,0.32573890686035156,0.5196463465690613,0.10969745367765427
YLR467W,YJL113W,1,1.9981787,0.32615384459495544,0.5206286907196045,0.10969745367765427
YDL076C,YDL214C,0,1.9974016,0.32595324516296387,0.5206286907196045,0.1097976341843605
YIL016W,YDR463W,0,1.9966,0.3257529139518738,0.5206286907196045,0.10989781469106674
YFL008W,YGL063W,0,1.9960091,0.3255528211593628,0.5206286907196045,0.10999799519777298
YNL119W,YLL026W,0,1.9960049,0.3253529667854309,0.5206286907196045,0.11009817570447922
YJL062W-A,YGL092W,0,1.995196,0.3251533806324005,0.5206286907196045,0.11019835621118546
YLR068W,YNL009W,0,1.9945363,0.32495400309562683,0.5206286907196045,0.1102985367178917
YER160C,YGR296W,1,1.9943682,0.32536765933036804,0.5216109752655029,0.1102985367178917
YMR302C,YOL017W,0,1.994002,0.3251684010028839,0.5216109752655029,0.11039871722459793
YNR024W,YPR070W,0,1.992141,0.32496941089630127,0.5216109752655029,0.11049889773130417
YML045W,YDL079C,0,1.9915437,0.32477062940597534,0.5216109752655029,0.1105990782380104
YDL214C,YDR528W,0,1.990803,0.3245721161365509,0.5216109752655029,0.11069925874471664
YKL052C,YCR010C,0,1.9906946,0.32437384128570557,0.5216109752655029,0.11079943925142288
YAL026C,YIL150C,0,1.9903467,0.3241758346557617,0.5216109752655029,0.11089961975812912
YBL039C,YOL027C,0,1.9892626,0.3239780366420746,0.5216109752655029,0.11099980026483536
YNL288W,YAR066W,0,1.988516,0.32378047704696655,0.5216109752655029,0.1110999807715416
YBR009C,YPL242C,0,1.9863459,0.32358318567276,0.5216109752655029,0.11120016127824783
YPL275W,YGR212W,0,1.9857379,0.3233861029148102,0.5216109752655029,0.11130034178495407
YPL257W-A,YER120W,0,1.9853822,0.32318928837776184,0.5216109752655029,0.11140052229166031
YLL011W,YLR319C,0,1.9837245,0.3229927122592926,0.5216109752655029,0.11150070279836655
YIL082W-A,YLR288C,1,1.9826447,0.3234042525291443,0.5225933194160461,0.11150070279836655
YOR130C,YJL122W,0,1.9825302,0.3232077658176422,0.5225933194160461,0.11160088330507278
YDR191W,YBR114W,0,1.9822894,0.3230115473270416,0.5225933194160461,0.11170106381177902
YFL050C,YBL087C,0,1.9816546,0.32281553745269775,0.5225933194160461,0.11180124431848526
YPL033C,YNL220W,0,1.9809774,0.322619765996933,0.5225933194160461,0.1119014248251915
YNR063W,YOR290C,0,1.9807535,0.3224242329597473,0.5225933194160461,0.11200160533189774
YOR278W,YOL017W,0,1.9807534,0.32222893834114075,0.5225933194160461,0.11210178583860397
YJL048C,YHR148W,0,1.9802898,0.32203391194343567,0.5225933194160461,0.11220196634531021
YDR034C-D,YBL105C,0,1.9800866,0.3218390941619873,0.5225933194160461,0.11230214685201645
YBR180W,YHL036W,0,1.9777058,0.32164448499679565,0.5225933194160461,0.11240232735872269
YOR073W,YER142C,0,1.9771415,0.3214501440525055,0.5225933194160461,0.11250250786542892
YGR035C,YAR003W,0,1.9761604,0.32125604152679443,0.5225933194160461,0.11260268837213516
YNL152W,YER044C-A,0,1.9750837,0.3210621476173401,0.5225933194160461,0.1127028688788414
YKR010C,YNL025C,0,1.9740794,0.32086852192878723,0.5225933194160461,0.11280304193496704
YLR068W,YER144C,0,1.9738946,0.3206751048564911,0.5225933194160461,0.11290322244167328
YML042W,YOL077W-A,0,1.9733416,0.32048192620277405,0.5225933194160461,0.11300340294837952
YML039W,YER147C,1,1.9723362,0.32089102268218994,0.5235756635665894,0.11300340294837952
YDL115C,YCR081W,0,1.9703482,0.32069796323776245,0.5235756635665894,0.11310358345508575
YLR054C,YBR265W,0,1.9685138,0.3205051124095917,0.5235756635665894,0.11320376396179199
YIL160C,YBR216C,0,1.9683242,0.3203125,0.5235756635665894,0.11330394446849823
YLR068W,YIL124W,0,1.967364,0.3201201260089874,0.5235756635665894,0.11340412497520447
YOL077W-A,YKL046C,0,1.9671124,0.31992796063423157,0.5235756635665894,0.1135043054819107
YGR121C,YCR106W,0,1.9659742,0.3197360634803772,0.5235756635665894,0.11360448598861694
YMR041C,YOR068C,0,1.963874,0.31954437494277954,0.5235756635665894,0.11370466649532318
YDR188W,YCR028C-A,0,1.9633487,0.3193528950214386,0.5235756635665894,0.11380484700202942
YBR158W,YGR044C,0,1.96283,0.31916168332099915,0.5235756635665894,0.11390502750873566
YBR132C,YGR060W,0,1.9624327,0.3189706802368164,0.5235756635665894,0.1140052080154419
YPR016C,YJR161C,0,1.9611641,0.31877991557121277,0.5235756635665894,0.11410538852214813
YFL061W,YLR286C,0,1.960894,0.31858935952186584,0.5235756635665894,0.11420556902885437
YDR500C,YPL021W,0,1.9608694,0.318399041891098,0.5235756635665894,0.11430574953556061
YIL160C,YOR076C,0,1.9601607,0.3182089626789093,0.5235756635665894,0.11440593004226685
YDR369C,YMR078C,1,1.9595962,0.31861576437950134,0.5245579481124878,0.11440593004226685
YGL240W,YDL205C,0,1.9584782,0.3184257745742798,0.5245579481124878,0.11450611054897308
YLR265C,YLL035W,0,1.9561964,0.31823599338531494,0.5245579481124878,0.11460629105567932
YHL026C,YML088W,0,1.9552983,0.3180464506149292,0.5245579481124878,0.11470647156238556
YKL033W,YOL117W,0,1.9551636,0.31785714626312256,0.5245579481124878,0.1148066520690918
YPR175W,YMR224C,0,1.9549581,0.31766805052757263,0.5245579481124878,0.11490683257579803
YMR309C,YKR100C,0,1.953964,0.3174791932106018,0.5245579481124878,0.11500701308250427
YML045W,YLR376C,1,1.953746,0.31788474321365356,0.525540292263031,0.11500701308250427
YGL250W,YHR214C-B,1,1.9531449,0.31828978657722473,0.5265225768089294,0.11500701308250427
YHR081W,YDR129C,0,1.9531064,0.3181008994579315,0.5265225768089294,0.11510719358921051
YLR142W,YNL279W,0,1.9527482,0.317912220954895,0.5265225768089294,0.11520737409591675
YCR034W,YBR200W,0,1.9527065,0.3177237808704376,0.5265225768089294,0.11530755460262299
YIL010W,YBR040W,0,1.9518207,0.31753554940223694,0.5265225768089294,0.11540773510932922
YDR437W,YDR130C,0,1.9510926,0.31734755635261536,0.5265225768089294,0.11550791561603546
YBL004W,YJL020C,0,1.9492532,0.3171597719192505,0.5265225768089294,0.1156080961227417
YDR507C,YJL056C,0,1.9491676,0.31697219610214233,0.5265225768089294,0.11570827662944794
YMR045C,YGL183C,1,1.947656,0.31737589836120605,0.5275049209594727,0.11570827662944794
YGR277C,YBR018C,0,1.9473518,0.31718841195106506,0.5275049209594727,0.11580845713615417
YML111W,YBR008C,0,1.946957,0.31700119376182556,0.5275049209594727,0.11590863764286041
YOR348C,YDL146W,0,1.9466547,0.3168141543865204,0.5275049209594727,0.11600881814956665
YDR113C,YLR320W,1,1.9463109,0.31721699237823486,0.5284872055053711,0.11600881814956665
YER031C,YMR190C,0,1.9433541,0.31703004240989685,0.5284872055053711,0.11610899865627289
YEL039C,YNR073C,0,1.9428462,0.31684333086013794,0.5284872055053711,0.11620917916297913
YOL017W,YJR077C,0,1.9414595,0.31665685772895813,0.5284872055053711,0.11630935966968536
YER044C-A,YBR228W,1,1.9404849,0.31705883145332336,0.5294695496559143,0.11630935966968536
YML061C,YLR320W,1,1.9400126,0.3174603283405304,0.5304518938064575,0.11630935966968536
YDR253C,YPL253C,0,1.9389743,0.3172737956047058,0.5304518938064575,0.1164095401763916
YOL006C,YNL210W,1,1.9383976,0.3176746964454651,0.531434178352356,0.1164095401763916
YDR261C,YHL022C,0,1.9376932,0.31748825311660767,0.531434178352356,0.11650972068309784
YJL127C,YNR073C,0,1.9366206,0.31730204820632935,0.531434178352356,0.11660990118980408
YER177W,YMR280C,0,1.9364052,0.31711605191230774,0.531434178352356,0.11671008169651031
YDR009W,YMR189W,0,1.9362633,0.31693029403686523,0.531434178352356,0.11681025475263596
YFR005C,YDR257C,0,1.9350489,0.31674474477767944,0.531434178352356,0.1169104352593422
YMR171C,YNL323W,0,1.9348848,0.31655940413475037,0.531434178352356,0.11701061576604843
YDR489W,YBL100W-B,0,1.9326481,0.316374272108078,0.531434178352356,0.11711079627275467
YLR409C,YPL033C,0,1.9324905,0.31618934869766235,0.531434178352356,0.11721097677946091
YMR118C,YNL067W,0,1.9323131,0.3160046637058258,0.531434178352356,0.11731115728616714
YPR022C,YLR453C,0,1.9312268,0.31582018733024597,0.531434178352356,0.11741133779287338
YIL082W-A,YPL127C,1,1.928627,0.31621935963630676,0.5324165225028992,0.11741133779287338
YOL090W,YNL210W,1,1.9286177,0.31661808490753174,0.5333988070487976,0.11741133779287338
YLR007W,YHL024W,1,1.9283559,0.3170163035392761,0.5343811511993408,0.11741133779287338
YMR224C,YGR087C,0,1.9277464,0.31683167815208435,0.5343811511993408,0.11751151829957962
YJR159W,YDL211C,0,1.9264731,0.3166472613811493,0.5343811511993408,0.11761169880628586
YCL066W,YJL183W,0,1.9261613,0.31646305322647095,0.5343811511993408,0.1177118793129921
YLR306W,YJL198W,0,1.923669,0.3162790834903717,0.5343811511993408,0.11781205981969833
YAR009C,YLR234W,1,1.9233346,0.3166763484477997,0.5353634357452393,0.11781205981969833
YMR133W,YJR029W,1,1.923079,0.31707316637039185,0.5363457798957825,0.11781205981969833
YGL033W,YHL050C,0,1.9212208,0.3168891370296478,0.5363457798957825,0.11791224032640457
YOR144C,YPR097W,0,1.9211618,0.3167053461074829,0.5363457798957825,0.11801242083311081
YOR214C,YDL123W,0,1.9200242,0.3165217339992523,0.5363457798957825,0.11811260133981705
YJR137C,YML120C,0,1.9191216,0.31633836030960083,0.5363457798957825,0.11821278184652328
YGL116W,YBR228W,0,1.9185026,0.31615519523620605,0.5363457798957825,0.11831296235322952
YPL033C,YKR093W,0,1.9182428,0.3159722089767456,0.5363457798957825,0.11841314285993576
YMR122W-A,YOL133W,0,1.9174339,0.31578946113586426,0.5363457798957825,0.118513323366642
YDR386W,YLL018C-A,0,1.91689,0.3156069219112396,0.5363457798957825,0.11861350387334824
YER190W,YER160C,1,1.9167074,0.3160023093223572,0.5373281240463257,0.11861350387334824
YDR365C,YIL099W,0,1.9159541,0.3158198595046997,0.5373281240463257,0.11871368438005447
YBR040W,YER068W,0,1.9157046,0.31563761830329895,0.5373281240463257,0.11881386488676071
YDR545W,YKL084W,0,1.9155738,0.3154555857181549,0.5373281240463257,0.11891404539346695
YCR107W,YPL281C,0,1.913865,0.3152737617492676,0.5373281240463257,0.11901422590017319
YGR286C,YDR534C,0,1.9137604,0.31509217619895935,0.5373281240463257,0.11911440640687943
YBR181C,YGR058W,0,1.9130937,0.31491076946258545,0.5373281240463257,0.11921458691358566
YER054C,YBL100W-A,0,1.9128032,0.31472957134246826,0.5373281240463257,0.1193147674202919
YAR066W,YPL108W,0,1.9110731,0.3145485818386078,0.5373281240463257,0.11941494792699814
YLL057C,YDR406W,0,1.910401,0.3143678307533264,0.5373281240463257,0.11951512843370438
YML095C,YPL057C,0,1.904641,0.31418725848197937,0.5373281240463257,0.11961530894041061
YOL104C,YNL312W,1,1.9045941,0.3145809471607208,0.5383104085922241,0.11961530894041061
YDR362C,YPR168W,0,1.9041221,0.31440046429634094,0.5383104085922241,0.11971548944711685
YOR214C,YIL072W,0,1.9032155,0.3142201900482178,0.5383104085922241,0.11981566995382309
YER138C,YNL312W,1,1.9029129,0.3146131932735443,0.5392927527427673,0.11981566995382309
YLR084C,YJL168C,0,1.9015393,0.3144329786300659,0.5392927527427673,0.11991585046052933
YNR020C,YGL175C,0,1.9000181,0.3142530024051666,0.5392927527427673,0.12001603096723557
YNR071C,YDR363W-A,0,1.8989968,0.31407323479652405,0.5392927527427673,0.1201162114739418
YML027W,YCR010C,0,1.8984214,0.3138936460018158,0.5392927527427673,0.12021639198064804
YNL330C,YDL154W,1,1.8972498,0.3142857253551483,0.5402750372886658,0.12021639198064804
YDR443C,YBR208C,0,1.8966273,0.3141062259674072,0.5402750372886658,0.12031657248735428
YPR046W,YBR008C,0,1.8963054,0.31392693519592285,0.5402750372886658,0.12041675299406052
YJR102C,YMR045C,0,1.8958749,0.3137478530406952,0.5402750372886658,0.12051693350076675
YPL249C-A,YDR032C,0,1.895624,0.31356897950172424,0.5402750372886658,0.12061711400747299
YDL114W,YMR165C,0,1.8947121,0.31339031457901,0.5402750372886658,0.12071729451417923
YPL283C,YLR263W,1,1.8933622,0.3137813210487366,0.541257381439209,0.12071729451417923
YOR081C,YHR138C,0,1.8927577,0.3136027455329895,0.541257381439209,0.12081747502088547
YDR050C,YCR010C,0,1.8917519,0.31342434883117676,0.541257381439209,0.12091764807701111
YNR063W,YJL186W,0,1.8916429,0.3132461607456207,0.541257381439209,0.12101782858371735
YOR078W,YDL087C,0,1.8908452,0.3130681812763214,0.541257381439209,0.12111800909042358
YBL010C,YPL115C,0,1.8907826,0.3128904104232788,0.541257381439209,0.12121818959712982
YGL031C,YFL053W,0,1.8903204,0.31271281838417053,0.541257381439209,0.12131837010383606
YMR040W,YPL158C,0,1.8901119,0.31253546476364136,0.541257381439209,0.1214185506105423
YBR040W,YML037C,0,1.8884679,0.3123582899570465,0.541257381439209,0.12151873111724854
YBL003C,YCR028C-A,0,1.8882911,0.312181293964386,0.541257381439209,0.12161891162395477
YLR383W,YDR180W,1,1.8874099,0.3125707805156708,0.5422396659851074,0.12161891162395477
YCL047C,YDR213W,0,1.8859726,0.3123938739299774,0.5422396659851074,0.12171909213066101
YBR098W,YKR081C,0,1.8853143,0.31221720576286316,0.5422396659851074,0.12181927263736725
YLR418C,YHR079C-A,1,1.8850788,0.31260600686073303,0.5432220101356506,0.12181927263736725
YPL021W,YGL150C,0,1.8849694,0.31242936849594116,0.5432220101356506,0.12191945314407349
YPR106W,YML106W,0,1.8848665,0.3122529685497284,0.5432220101356506,0.12201963365077972
YOL072W,YCL019W,1,1.8846537,0.31264108419418335,0.5442042946815491,0.12201963365077972
YMR050C,YIL111W,0,1.8838103,0.31246474385261536,0.5442042946815491,0.12211981415748596
YBR181C,YOL091W,0,1.8836982,0.3122886121273041,0.5442042946815491,0.1222199946641922
YEL005C,YOR246C,0,1.8830847,0.3121126890182495,0.5442042946815491,0.12232017517089844
YPL160W,YLR054C,0,1.8825073,0.3119369447231293,0.5442042946815491,0.12242035567760468
YOR214C,YNL002C,0,1.8809744,0.31176140904426575,0.5442042946815491,0.12252053618431091
YMR204C,YKL173W,0,1.8803928,0.31158605217933655,0.5442042946815491,0.12262071669101715
YDR323C,YOR335C,0,1.8795244,0.31141090393066406,0.5442042946815491,0.12272089719772339
YPL207W,YBR204C,0,1.8783652,0.3112359642982483,0.5442042946815491,0.12282107770442963
YPL233W,YCR009C,0,1.8782687,0.31106120347976685,0.5442042946815491,0.12292125821113586
YJR021C,YER044C-A,1,1.877936,0.31144779920578003,0.5451866388320923,0.12292125821113586
YML102W,YML040W,0,1.8778933,0.31127312779426575,0.5451866388320923,0.1230214387178421
YOR191W,YOR178C,0,1.8776535,0.3110986649990082,0.5451866388320923,0.12312161922454834
YBR057C,YLR413W,0,1.875833,0.31092438101768494,0.5451866388320923,0.12322179973125458
YGL009C,YEL019C,0,1.8751183,0.310750275850296,0.5451866388320923,0.12332198023796082
YMR306W,YDR342C,0,1.8748411,0.3105763792991638,0.5451866388320923,0.12342216074466705
YMR017W,YPR174C,0,1.8746766,0.31040269136428833,0.5451866388320923,0.12352234125137329
YGL093W,YOR019W,0,1.8733072,0.31022918224334717,0.5451866388320923,0.12362252175807953
YCR020C,YIR028W,0,1.8725091,0.31005585193634033,0.5451866388320923,0.12372270226478577
YPR175W,YJL056C,0,1.8724295,0.3098827600479126,0.5451866388320923,0.123822882771492
YLR466W,YKL116C,0,1.8714503,0.3097098171710968,0.5451866388320923,0.12392306327819824
YBL100W-A,YMR197C,0,1.8714454,0.3095370829105377,0.5451866388320923,0.12402324378490448
YFR034C,YDL102W,0,1.8709432,0.30936455726623535,0.5451866388320923,0.12412342429161072
YNL112W,YHR033W,0,1.8698732,0.3091922104358673,0.5451866388320923,0.12422360479831696
YPR164W,YPL015C,1,1.8698419,0.3095768392086029,0.5461689829826355,0.12422360479831696
YDR186C,YLR051C,0,1.869242,0.30940455198287964,0.5461689829826355,0.1243237853050232
YML085C,YJL056C,0,1.8685805,0.3092324733734131,0.5461689829826355,0.12442396581172943
YOL021C,YOL069W,0,1.8683524,0.30906060338020325,0.5461689829826355,0.12452414631843567
YDR261W-B,YOR128C,0,1.8682958,0.30888888239860535,0.5461689829826355,0.1246243268251419
YER044C-A,YPL200W,1,1.8681403,0.3092726171016693,0.5471512675285339,0.1246243268251419
YMR292W,YGL131C,0,1.867376,0.3091009855270386,0.5471512675285339,0.12472450733184814
YDR394W,YFL053W,0,1.8666326,0.30892956256866455,0.5471512675285339,0.12482468783855438
YJR045C,YDR243C,0,1.8660976,0.30875831842422485,0.5471512675285339,0.12492486834526062
YLR207W,YMR162C,0,1.8660582,0.3085872530937195,0.5471512675285339,0.12502504885196686
YBL100W-A,YNR045W,0,1.8658987,0.3084163963794708,0.5471512675285339,0.1251252293586731
YBR060C,YGR287C,0,1.8658369,0.3082457184791565,0.5471512675285339,0.12522540986537933
YMR094W,YLR371W,0,1.8656746,0.3080752193927765,0.5471512675285339,0.12532559037208557
YHL024W,YHR006W,0,1.8653238,0.3079049289226532,0.5471512675285339,0.1254257708787918
YPL281C,YFL002C,0,1.8636433,0.30773481726646423,0.5471512675285339,0.12552595138549805
YML021C,YPR007C,0,1.8629731,0.3075648844242096,0.5471512675285339,0.12562613189220428
YJL051W,YMR284W,1,1.8608369,0.3079470098018646,0.5481336116790771,0.12562613189220428
YJL062W-A,YBL051C,0,1.8594579,0.30777716636657715,0.5481336116790771,0.12572631239891052
YLR383W,YDR369C,1,1.8589755,0.3081587553024292,0.5491158962249756,0.12572631239891052
YHR042W,YJL028W,0,1.8589019,0.3079889714717865,0.5491158962249756,0.12582649290561676
YMR133W,YFL025C,0,1.8581355,0.3078193962574005,0.5491158962249756,0.125926673412323
YHR039C,YLR384C,0,1.8550318,0.30764997005462646,0.5491158962249756,0.12602685391902924
YLR323C,YAR066W,0,1.854263,0.30748075246810913,0.5491158962249756,0.12612703442573547
YPL092W,YEL020W-A,0,1.8541007,0.3073117136955261,0.5491158962249756,0.1262272149324417
YHR183W,YBR131W,0,1.8536954,0.30714285373687744,0.5491158962249756,0.12632739543914795
YGL127C,YPL256C,0,1.8536451,0.3069742023944855,0.5491158962249756,0.1264275759458542
YHR190W,YNL024C,0,1.8531861,0.30680570006370544,0.5491158962249756,0.12652775645256042
YML095C,YOR141C,1,1.8531513,0.30718594789505005,0.5500982403755188,0.12652775645256042
YDR384C,YKL035W,0,1.8524519,0.3070175349712372,0.5500982403755188,0.12662793695926666
YHR032W,YBL042C,0,1.8519999,0.30684930086135864,0.5500982403755188,0.1267281174659729
YOR368W,YDR180W,1,1.8507434,0.3072289228439331,0.5510805249214172,0.1267281174659729
YOR193W,YFR034C,0,1.850691,0.30706074833869934,0.5510805249214172,0.12682829797267914
YHR039C,YHR150W,0,1.8506591,0.3068927824497223,0.5510805249214172,0.12692847847938538
YJR035W,YDR123C,0,1.8505732,0.30672499537467957,0.5510805249214172,0.1270286589860916
YLR451W,YNR071C,0,1.849713,0.30655738711357117,0.5510805249214172,0.12712882459163666
YJR027W,YDR111C,0,1.8492951,0.3063899576663971,0.5510805249214172,0.1272290050983429
YGL250W,YBR098W,1,1.8485671,0.3067685663700104,0.5520628690719604,0.1272290050983429
YPL051W,YGL171W,0,1.8478177,0.3066011965274811,0.5520628690719604,0.12732918560504913
YGL213C,YBL100W-A,0,1.847602,0.3064340353012085,0.5520628690719604,0.12742936611175537
YCR020C,YDL014W,0,1.847411,0.30626702308654785,0.5520628690719604,0.1275295466184616
YPL275W,YML082W,0,1.847053,0.3061002194881439,0.5520628690719604,0.12762972712516785
YFL034C-A,YDL005C,0,1.8468984,0.3059335947036743,0.5520628690719604,0.12772990763187408
YDR478W,YMR171C,0,1.8464974,0.30576714873313904,0.5520628690719604,0.12783008813858032
YGR157W,YCR028C-A,0,1.8464553,0.3056008815765381,0.5520628690719604,0.12793026864528656
YHL013C,YPR184W,0,1.8463308,0.30543479323387146,0.5520628690719604,0.1280304491519928
YNR032W,YNL197C,0,1.8463153,0.30526888370513916,0.5520628690719604,0.12813062965869904
YPL015C,YMR050C,1,1.8459976,0.30564603209495544,0.5530452132225037,0.12813062965869904
YCR043C,YER061C,0,1.8459659,0.3054801821708679,0.5530452132225037,0.12823081016540527
YER127W,YOR339C,0,1.8458984,0.3053145408630371,0.5530452132225037,0.1283309906721115
YDR545W,YOR320C,0,1.8454338,0.30514904856681824,0.5530452132225037,0.12843117117881775
YOL052C-A,YOR045W,0,1.8451014,0.3049837350845337,0.5530452132225037,0.128531351685524
YOR010C,YGR060W,0,1.8448814,0.30481863021850586,0.5530452132225037,0.12863153219223022
YDR213W,YHR042W,0,1.8446518,0.30465367436408997,0.5530452132225037,0.12873171269893646
YPR156C,YNL024C,0,1.8441793,0.3044889271259308,0.5530452132225037,0.1288318932056427
YLR467W,YPL015C,1,1.8434167,0.3048648536205292,0.5540274977684021,0.1288318932056427
YJR160C,YMR251W-A,0,1.8433824,0.30470016598701477,0.5540274977684021,0.12893207371234894
YDR388W,YMR051C,0,1.8426601,0.3045356273651123,0.5540274977684021,0.12903225421905518
YIL158W,YOR250C,0,1.8426533,0.30437129735946655,0.5540274977684021,0.1291324347257614
YDR513W,YIL078W,0,1.8423967,0.30420711636543274,0.5540274977684021,0.12923261523246765
YOR197W,YDL194W,0,1.8422436,0.30404311418533325,0.5540274977684021,0.1293327957391739
YDR074W,YMR122W-A,0,1.8421432,0.3038793206214905,0.5540274977684021,0.12943297624588013
YMR045C,YBR136W,1,1.8419865,0.3042541742324829,0.5550098419189453,0.12943297624588013
YBL075C,YML066C,0,1.8409106,0.3040904104709625,0.5550098419189453,0.12953315675258636
YDR004W,YNL088W,1,1.8392712,0.30446475744247437,0.5559921264648438,0.12953315675258636
YGL120C,YOR191W,0,1.8389763,0.30430108308792114,0.5559921264648438,0.1296333372592926
YDR198C,YMR086W,0,1.8377749,0.30413755774497986,0.5559921264648438,0.12973351776599884
YCR105W,YNL292W,0,1.8374873,0.3039742112159729,0.5559921264648438,0.12983369827270508
YDR210W-B,YLR220W,0,1.837433,0.30381104350090027,0.5559921264648438,0.12993387877941132
YCL064C,YDR225W,0,1.8371581,0.30364805459976196,0.5559921264648438,0.13003405928611755
YMR051C,YNL243W,0,1.8367859,0.303485244512558,0.5559921264648438,0.1301342397928238
YLR336C,YDR495C,0,1.8366599,0.30332261323928833,0.5559921264648438,0.13023442029953003
YGR161C,YLL031C,0,1.836194,0.303160160779953,0.5559921264648438,0.13033460080623627
YER061C,YAR050W,0,1.8358842,0.3029978573322296,0.5559921264648438,0.1304347813129425
YKR075C,YFL024C,0,1.835215,0.30283573269844055,0.5559921264648438,0.13053496181964874
YEL019C,YJL092W,0,1.8351506,0.3026737868785858,0.5559921264648438,0.13063514232635498
YGR161C,YMR214W,0,1.8350927,0.3025120198726654,0.5559921264648438,0.13073532283306122
YAL048C,YPL256C,0,1.8344146,0.3023504316806793,0.5559921264648438,0.13083550333976746
YLR135W,YGR296W,1,1.8341156,0.30272290110588074,0.556974470615387,0.13083550333976746
YLR233C,YNL086W,0,1.8333367,0.30256137251853943,0.556974470615387,0.1309356838464737
YMR118C,YFL049W,0,1.8331848,0.30239999294281006,0.556974470615387,0.13103586435317993
YGR296W,YGR292W,0,1.8310484,0.302238792181015,0.556974470615387,0.13113604485988617
YBR012W-A,YDL104C,0,1.8300582,0.3020777702331543,0.556974470615387,0.1312362253665924
YDL058W,YGL029W,0,1.8298894,0.3019169270992279,0.556974470615387,0.13133640587329865
YHR094C,YBR191W,0,1.82888,0.30175626277923584,0.556974470615387,0.13143658638000488
YLR431C,YER173W,0,1.828677,0.3015957474708557,0.556974470615387,0.13153676688671112
YER112W,YPL021W,0,1.8281866,0.3014354109764099,0.556974470615387,0.13163694739341736
YMR133W,YBR160W,1,1.8280327,0.30180659890174866,0.5579567551612854,0.13163694739341736
YBR152W,YDR011W,0,1.8278077,0.30164632201194763,0.5579567551612854,0.1317371279001236
YHL028W,YDR078C,0,1.8276745,0.30148619413375854,0.5579567551612854,0.13183730840682983
YDR437W,YDR242W,0,1.8262345,0.3013262450695038,0.5579567551612854,0.13193748891353607
YPR201W,YDR156W,0,1.825914,0.30116650462150574,0.5579567551612854,0.1320376694202423
YHR018C,YHR079C-A,0,1.8248172,0.30100688338279724,0.5579567551612854,0.13213784992694855
YEL059C-A,YGR211W,0,1.8247193,0.30084747076034546,0.5579567551612854,0.13223803043365479
YCR008W,YPR003C,0,1.8246096,0.3006882071495056,0.5579567551612854,0.13233821094036102
YFL055W,YPR009W,0,1.824298,0.3005290925502777,0.5579567551612854,0.13243839144706726
YAL015C,YMR247C,0,1.8229867,0.3003701865673065,0.5579567551612854,0.1325385719537735
YOR171C,YNL194C,0,1.8222678,0.30021142959594727,0.5579567551612854,0.13263875246047974
YLR266C,YDR446W,0,1.8213081,0.30005282163619995,0.5579567551612854,0.13273893296718597
YPL022W,YIL082W-A,1,1.8211089,0.30042240023612976,0.5589390993118286,0.13273893296718597
YPR156C,YGR003W,0,1.8210388,0.3002638518810272,0.5589390993118286,0.1328391134738922
YNL139C,YDR510W,0,1.820038,0.300105482339859,0.5589390993118286,0.13293929398059845
YDR440W,YGR247W,0,1.8200047,0.2999472916126251,0.5589390993118286,0.1330394744873047
YFR034C,YPR185W,0,1.8191513,0.2997892498970032,0.5589390993118286,0.13313965499401093
YDL085W,YNL091W,0,1.8185704,0.29963138699531555,0.5589390993118286,0.13323983550071716
YKL046C,YCL010C,0,1.8176805,0.29947367310523987,0.5589390993118286,0.1333400160074234
YPL068C,YCR086W,0,1.8175787,0.2993161380290985,0.5589390993118286,0.13344019651412964
YBR088C,YMR188C,0,1.8168992,0.2991587817668915,0.5589390993118286,0.13354037702083588
YDR101C,YPL046C,0,1.8161815,0.2990015745162964,0.5589390993118286,0.13364055752754211
YLR320W,YMR023C,0,1.8152927,0.2988445460796356,0.5589390993118286,0.13374073803424835
YBR193C,YFR027W,0,1.814551,0.2986876666545868,0.5589390993118286,0.1338409185409546
YGL156W,YHL026C,0,1.8129916,0.2985309660434723,0.5589390993118286,0.13394109904766083
YML039W,YMR224C,1,1.8127257,0.2988987863063812,0.5599214434623718,0.13394109904766083
YER147C,YHR153C,1,1.8126868,0.2992662489414215,0.5609037280082703,0.13394109904766083
YJR095W,YHR090C,0,1.8116218,0.29910948872566223,0.5609037280082703,0.13404127955436707
YDL085W,YOL077C,0,1.8115686,0.2989528775215149,0.5609037280082703,0.1341414600610733
YDR507C,YDR007W,0,1.8110344,0.2987964451313019,0.5609037280082703,0.13424164056777954
YDR011W,YAL058W,0,1.810769,0.2986401617527008,0.5609037280082703,0.13434182107448578
YKR001C,YIL072W,0,1.8106685,0.29848405718803406,0.5609037280082703,0.13444200158119202
YCL040W,YLR384C,0,1.8096308,0.29832810163497925,0.5609037280082703,0.13454218208789825
YPL021W,YKR061W,0,1.8095577,0.29817232489585876,0.5609037280082703,0.1346423625946045
YDL059C,YIL082W-A,1,1.809224,0.2985386252403259,0.5618860721588135,0.1346423625946045
YBL071W-A,YPR185W,0,1.8082916,0.29838287830352783,0.5618860721588135,0.13474254310131073
YDL223C,YIL131C,0,1.807828,0.29822731018066406,0.5618860721588135,0.13484272360801697
YIL084C,YLR284C,0,1.8073586,0.2980719208717346,0.5618860721588135,0.1349429041147232
YAR009C,YHR081W,1,1.8071674,0.2984375059604645,0.5628683567047119,0.1349429041147232
YKL011C,YMR190C,1,1.8069596,0.2988027036190033,0.5638507008552551,0.1349429041147232
YEL048C,YJL121C,0,1.8069485,0.2986472547054291,0.5638507008552551,0.13504308462142944
YDR052C,YLR467W,0,1.8065332,0.2984919250011444,0.5638507008552551,0.13514326512813568
YBR283C,YCL010C,0,1.805842,0.29833680391311646,0.5638507008552551,0.13524344563484192
YIL041W,YHR014W,0,1.8045169,0.29818183183670044,0.5638507008552551,0.13534361124038696
YPL033C,YOL105C,0,1.804194,0.29802700877189636,0.5638507008552551,0.1354437917470932
YDR363W-A,YFR028C,0,1.8037096,0.2978723347187042,0.5638507008552551,0.13554397225379944
YDL166C,YML100W,0,1.8036741,0.2977178394794464,0.5638507008552551,0.13564415276050568
YGL033W,YGL053W,0,1.8030308,0.29756349325180054,0.5638507008552551,0.13574433326721191
YDL193W,YDR402C,0,1.8028132,0.297409325838089,0.5638507008552551,0.13584451377391815
YML032C,YDR446W,1,1.8024198,0.29777318239212036,0.5648329854011536,0.13584451377391815
YLR093C,YGL211W,0,1.802252,0.2976190447807312,0.5648329854011536,0.1359446942806244
YDR247W,YMR233W,0,1.8020395,0.29746508598327637,0.5648329854011536,0.13604487478733063
YDR420W,YMR035W,0,1.8012168,0.29731127619743347,0.5648329854011536,0.13614505529403687
YBR112C,YCL026C-A,0,1.7993174,0.2971576154232025,0.5648329854011536,0.1362452358007431
YER179W,YPL015C,1,1.7990696,0.2975206673145294,0.5658153295516968,0.1362452358007431
YDL194W,YJL041W,0,1.7982875,0.29736706614494324,0.5658153295516968,0.13634541630744934
YGR292W,YDR407C,0,1.7980988,0.297213613986969,0.5658153295516968,0.13644559681415558
YMR223W,YHR092C,0,1.7980658,0.2970603406429291,0.5658153295516968,0.13654577732086182
YLR135W,YBR098W,1,1.7979714,0.2974226772785187,0.5667976140975952,0.13654577732086182
YMR261C,YGL222C,0,1.7975415,0.29726946353912354,0.5667976140975952,0.13664595782756805
YGR296W,YLR466W,1,1.7971455,0.29763129353523254,0.5677799582481384,0.13664595782756805
YOR337W,YFL011W,0,1.7969104,0.2974781394004822,0.5677799582481384,0.1367461383342743
YFL050C,YPL115C,0,1.7965424,0.29732510447502136,0.5677799582481384,0.13684631884098053
YML095C,YMR014W,0,1.7958685,0.2971722483634949,0.5677799582481384,0.13694649934768677
YML061C,YMR190C,1,1.7957541,0.29753339290618896,0.5687623023986816,0.13694649934768677
YNL312W,YGR296W,1,1.7948337,0.2978942096233368,0.5697445869445801,0.13694649934768677
YDL059C,YGL183C,1,1.7947234,0.2982546091079712,0.5707269310951233,0.13694649934768677
YLR135W,YER147C,1,1.7939062,0.2986146807670593,0.5717092156410217,0.13694649934768677
YKR045C,YLL018C-A,0,1.7937729,0.29846152663230896,0.5717092156410217,0.137046679854393
YHL026C,YGL116W,0,1.7935402,0.2983085513114929,0.5717092156410217,0.13714686036109924
YMR190C,YHR153C,1,1.7933196,0.2986680269241333,0.5726915597915649,0.13714686036109924
YCL019W,YPL194W,1,1.7932432,0.29902714490890503,0.5736738443374634,0.13714686036109924
YKL059C,YOR315W,0,1.7929851,0.2988741099834442,0.5736738443374634,0.13724704086780548
YOR032C,YBR103W,0,1.7929631,0.29872122406959534,0.5736738443374634,0.13734722137451172
YBR200W,YJL113W,0,1.7928272,0.2985685169696808,0.5736738443374634,0.13744740188121796
YER039C,YER083C,0,1.7902471,0.2984159290790558,0.5736738443374634,0.1375475823879242
YHR089C,YDL149W,0,1.7896916,0.2982635200023651,0.5736738443374634,0.13764776289463043
YIL153W,YDL049C,0,1.7893244,0.29811128973960876,0.5736738443374634,0.13774794340133667
YOR319W,YOL084W,0,1.788894,0.29795917868614197,0.5736738443374634,0.1378481239080429
YAL010C,YMR098C,0,1.7888573,0.2978072464466095,0.5736738443374634,0.13794830441474915
YGR062C,YGL089C,0,1.7885295,0.29765546321868896,0.5736738443374634,0.13804848492145538
YDR246W,YER086W,0,1.7883459,0.29750382900238037,0.5736738443374634,0.13814866542816162
YLR376C,YPL017C,1,1.7881008,0.2978615164756775,0.5746561884880066,0.13814866542816162
YER063W,YHR090C,0,1.7878786,0.2977099120616913,0.5746561884880066,0.13824884593486786
YOR257W,YFL002C,0,1.7877791,0.2975584864616394,0.5746561884880066,0.1383490264415741
YBR012W-A,YLR090W,0,1.787598,0.29740720987319946,0.5746561884880066,0.13844920694828033
YLL032C,YGL257C,0,1.786415,0.29725611209869385,0.5746561884880066,0.13854938745498657
YJR027W,YBR114W,0,1.7862824,0.2971051335334778,0.5746561884880066,0.1386495679616928
YDR545W,YBR088C,1,1.7845252,0.29746192693710327,0.5756385326385498,0.1386495679616928
YDR097C,YLR433C,0,1.7838038,0.297311007976532,0.5756385326385498,0.13874974846839905
YNL257C,YHR139C,0,1.7837645,0.29716023802757263,0.5756385326385498,0.13884992897510529
YMR316W,YHR193C,0,1.7825261,0.2970096170902252,0.5756385326385498,0.13895010948181152
YBR200W,YOR258W,0,1.7822217,0.29685917496681213,0.5756385326385498,0.13905028998851776
YGR068C,YPR106W,0,1.7808934,0.2967088520526886,0.5756385326385498,0.139150470495224
YLR275W,YOR077W,0,1.7804796,0.2965587079524994,0.5756385326385498,0.13925065100193024
YDL207W,YLR196W,0,1.7795237,0.2964087128639221,0.5756385326385498,0.13935083150863647
YMR001C,YHR157W,1,1.779336,0.29676440358161926,0.5766208171844482,0.13935083150863647
YLR263W,YMR164C,0,1.778391,0.2966144382953644,0.5766208171844482,0.1394510120153427
YJL145W,YMR211W,0,1.7778376,0.2964646518230438,0.5766208171844482,0.13955119252204895
YDR386W,YPL200W,1,1.7769539,0.2968197762966156,0.5776031613349915,0.13955119252204895
YIL082W-A,YOR141C,1,1.7757425,0.2971745729446411,0.5785854458808899,0.13955119252204895
YKL088W,YNL256W,0,1.7752005,0.2970246970653534,0.5785854458808899,0.1396513730287552
YGL205W,YJL052W,0,1.7750521,0.296875,0.5785854458808899,0.13975155353546143
YHR154W,YBR168W,0,1.7748964,0.29672545194625854,0.5785854458808899,0.13985173404216766
YKL194C,YOR255W,0,1.7747884,0.29657602310180664,0.5785854458808899,0.1399519145488739
YNL330C,YER044C-A,1,1.7747413,0.2969300448894501,0.5795677900314331,0.1399519145488739
YDR022C,YKL185W,0,1.7747345,0.29678067564964294,0.5795677900314331,0.14005209505558014
YNR032C-A,YNL167C,0,1.7746308,0.29663148522377014,0.5795677900314331,0.14015227556228638
YCR102C,YNL162W,0,1.7739539,0.2964824140071869,0.5795677900314331,0.14025245606899261
YGR195W,YHR014W,0,1.7732995,0.2963334918022156,0.5795677900314331,0.14035263657569885
YPL200W,YAR007C,1,1.7726377,0.29668673872947693,0.5805500745773315,0.14035263657569885
YLR233C,YGL184C,0,1.7724515,0.2965378761291504,0.5805500745773315,0.1404528170824051
YPL009C,YBL067C,0,1.7721623,0.2963891625404358,0.5805500745773315,0.14055299758911133
YLR237W,YOL077W-A,0,1.7716697,0.29624059796333313,0.5805500745773315,0.14065317809581757
YFR007W,YGL249W,0,1.7709546,0.2960921823978424,0.5805500745773315,0.1407533586025238
YHR172W,YCR097W,0,1.7701919,0.2959439158439636,0.5805500745773315,0.14085353910923004
YOR381W,YDR110W,0,1.7699751,0.2957957983016968,0.5805500745773315,0.14095371961593628
YHR139C,YHL047C,0,1.7670765,0.29564782977104187,0.5805500745773315,0.14105390012264252
YKL092C,YDR168W,0,1.7667173,0.2955000102519989,0.5805500745773315,0.14115408062934875
YPL030W,YGL049C,0,1.7666854,0.2953523099422455,0.5805500745773315,0.141254261136055
YOR065W,YFR032C-A,0,1.7665318,0.2952047884464264,0.5805500745773315,0.14135444164276123
YBL097W,YOR256C,0,1.7653958,0.29505741596221924,0.5805500745773315,0.14145462214946747
YPL187W,YDR361C,0,1.7652748,0.294910192489624,0.5805500745773315,0.1415548026561737
YLR190W,YPR156C,0,1.7652513,0.29476308822631836,0.5805500745773315,0.14165498316287994
YOL006C,YPL121C,1,1.7651953,0.295114666223526,0.5815324187278748,0.14165498316287994
YDL153C,YDR323C,0,1.7651953,0.2949676215648651,0.5815324187278748,0.14175516366958618
YLR313C,YML064C,0,1.7649678,0.29482072591781616,0.5815324187278748,0.14185534417629242
YHR150W,YDL093W,0,1.7641404,0.29467397928237915,0.5815324187278748,0.14195552468299866
YOR195W,YHR150W,0,1.7640564,0.2945273518562317,0.5815324187278748,0.1420557051897049
YNL308C,YCL066W,0,1.7637879,0.29438090324401855,0.5815324187278748,0.14215588569641113
YNR022C,YJL127C,0,1.7637532,0.29423460364341736,0.5815324187278748,0.14225606620311737
YLL005C,YLR313C,0,1.7632341,0.2940884232521057,0.5815324187278748,0.1423562467098236
YOR328W,YJL033W,0,1.7629188,0.293942391872406,0.5815324187278748,0.14245642721652985
YHL002W,YKL143W,0,1.7626818,0.2937965393066406,0.5815324187278748,0.14255660772323608
YNL082W,YJR042W,0,1.7624761,0.2936508059501648,0.5815324187278748,0.14265678822994232
YHR035W,YCR031C,0,1.7609793,0.2935051918029785,0.5815324187278748,0.14275696873664856
YER045C,YBL042C,0,1.7609547,0.29335975646972656,0.5815324187278748,0.1428571492433548
YDR116C,YPR097W,0,1.7608198,0.29321447014808655,0.5815324187278748,0.14295732975006104
YPL202C,YOR113W,0,1.7607597,0.2930693030357361,0.5815324187278748,0.14305751025676727
YHR171W,YML081C-A,0,1.7603753,0.29292428493499756,0.5815324187278748,0.1431576907634735
YIR026C,YGR040W,0,1.7603507,0.29277941584587097,0.5815324187278748,0.14325787127017975
YMR051C,YLR040C,0,1.7602135,0.2926346957683563,0.5815324187278748,0.143358051776886
YPL015C,YJR042W,0,1.7601458,0.2924901247024536,0.5815324187278748,0.14345821738243103
YGL145W,YDR432W,0,1.7595692,0.29234567284584045,0.5815324187278748,0.14355839788913727
YOR298C-A,YOL020W,0,1.7594873,0.29220137000083923,0.5815324187278748,0.1436585783958435
YGL033W,YGR296W,1,1.7592407,0.29255056381225586,0.582514762878418,0.1436585783958435
YDL154W,YJL113W,1,1.7587086,0.29289939999580383,0.5834970474243164,0.1436585783958435
YHR160C,YDR160W,0,1.7580093,0.29275503754615784,0.5834970474243164,0.14375875890254974
YPL193W,YIL005W,0,1.7572308,0.2926108241081238,0.5834970474243164,0.14385893940925598
YMR313C,YKR060W,0,1.756972,0.29246675968170166,0.5834970474243164,0.14395911991596222
YDR490C,YGL175C,0,1.7564999,0.2923228442668915,0.5834970474243164,0.14405930042266846
YHR160C,YLR188W,0,1.7564424,0.29217904806137085,0.5834970474243164,0.1441594809293747
YDR283C,YIL144W,0,1.7560568,0.29203540086746216,0.5834970474243164,0.14425966143608093
YPL237W,YCR089W,0,1.7558707,0.2918919026851654,0.5834970474243164,0.14435984194278717
YHR031C,YAL041W,0,1.7557391,0.2917485237121582,0.5834970474243164,0.1444600224494934
YGL192W,YHR201C,0,1.7554758,0.29160529375076294,0.5834970474243164,0.14456020295619965
YNL134C,YMR217W,0,1.7552893,0.2914622128009796,0.5834970474243164,0.14466038346290588
YOR252W,YBR046C,0,1.7521988,0.2913192808628082,0.5834970474243164,0.14476056396961212
YPL193W,YOR267C,0,1.7514867,0.2911764681339264,0.5834970474243164,0.14486074447631836
YBR083W,YJR161C,0,1.7513018,0.2910338044166565,0.5834970474243164,0.1449609249830246
YCL075W,YMR035W,0,1.7510073,0.29089128971099854,0.5834970474243164,0.14506110548973083
YBR171W,YGL063W,0,1.7504718,0.2907488942146301,0.5834970474243164,0.14516128599643707
YGR060W,YLR453C,0,1.7495543,0.29060664772987366,0.5834970474243164,0.1452614665031433
YDL156W,YMR283C,0,1.749133,0.2904645502567291,0.5834970474243164,0.14536164700984955
YIL069C,YOL100W,0,1.7489654,0.29032257199287415,0.5834970474243164,0.1454618275165558
YPL033C,YDR057W,0,1.7487031,0.2901807427406311,0.5834970474243164,0.14556200802326202
YDR545W,YBR283C,0,1.7472125,0.2900390625,0.5834970474243164,0.14566218852996826
YKR105C,YCL030C,0,1.7464715,0.28989750146865845,0.5834970474243164,0.1457623690366745
YHR157W,YER014W,0,1.7463346,0.28975608944892883,0.5834970474243164,0.14586254954338074
YBL039C,YCR010C,0,1.7461373,0.28961482644081116,0.5834970474243164,0.14596273005008698
YPL017C,YJL013C,0,1.7449598,0.28947368264198303,0.5834970474243164,0.1460629105567932
YPR008W,YDR356W,0,1.7442652,0.28933268785476685,0.5834970474243164,0.14616309106349945
YER148W,YGL125W,0,1.743597,0.2891918122768402,0.5834970474243164,0.1462632715702057
YNL139C,YLR263W,1,1.7434748,0.2895376980304718,0.5844793915748596,0.1462632715702057
YLR341W,YCL061C,0,1.7432857,0.28939688205718994,0.5844793915748596,0.14636345207691193
YBR012W-B,YLR200W,0,1.7405967,0.28925618529319763,0.5844793915748596,0.14646363258361816
YHR196W,YJR099W,0,1.740037,0.28911563754081726,0.5844793915748596,0.1465638130903244
YMR106C,YPR018W,1,1.739584,0.2894608974456787,0.5854616761207581,0.1465638130903244
YBL080C,YML076C,0,1.7392027,0.2893203794956207,0.5854616761207581,0.14666399359703064
YOL084W,YPL072W,0,1.739184,0.2891800105571747,0.5854616761207581,0.14676417410373688
YPR096C,YNL062C,0,1.7389883,0.2890397608280182,0.5854616761207581,0.14686435461044312
YNL250W,YDR363W-A,0,1.7388626,0.28889966011047363,0.5854616761207581,0.14696453511714935
YMR133W,YLR263W,1,1.738848,0.2892441749572754,0.5864440202713013,0.14696453511714935
YOR037W,YBR084C-A,0,1.738283,0.2891041040420532,0.5864440202713013,0.1470647156238556
YCR089W,YIL040W,0,1.7365378,0.288964182138443,0.5864440202713013,0.14716489613056183
YPL015C,YFL003C,1,1.7340869,0.28930819034576416,0.5874263048171997,0.14716489613056183
YDR387C,YMR128W,0,1.7340046,0.28916826844215393,0.5874263048171997,0.14726507663726807
YNL115C,YLL036C,0,1.7339071,0.289028525352478,0.5874263048171997,0.1473652571439743
YDR540C,YPL009C,0,1.7338747,0.2888889014720917,0.5874263048171997,0.14746543765068054
YCR054C,YBL025W,0,1.733481,0.2887493968009949,0.5874263048171997,0.14756561815738678
YNL278W,YDR257C,0,1.7334007,0.28861004114151,0.5874263048171997,0.14766579866409302
YJR084W,YOR078W,0,1.7329711,0.2884708046913147,0.5874263048171997,0.14776597917079926
YER147C,YMR133W,1,1.7326112,0.28881388902664185,0.5884086489677429,0.14776597917079926
YKL178C,YBR135W,0,1.7318764,0.2886747121810913,0.5884086489677429,0.1478661596775055
YNR019W,YJL181W,0,1.731758,0.2885356545448303,0.5884086489677429,0.14796634018421173
YPL111W,YER044C-A,0,1.7309994,0.2883967161178589,0.5884086489677429,0.14806652069091797
YOR068C,YFL053W,0,1.7308322,0.2882579267024994,0.5884086489677429,0.1481667011976242
YFR037C,YLR240W,0,1.7306141,0.28811928629875183,0.5884086489677429,0.14826688170433044
YOR316C,YGR083C,0,1.7303177,0.2879807651042938,0.5884086489677429,0.14836706221103668
YHL015W,YBR298C,0,1.7293748,0.28784239292144775,0.5884086489677429,0.14846724271774292
YNL322C,YOR264W,0,1.7284408,0.28770413994789124,0.5884086489677429,0.14856742322444916
YFR047C,YNR063W,0,1.7281691,0.28756600618362427,0.5884086489677429,0.1486676037311554
YDR369C,YER147C,1,1.7277535,0.2879078686237335,0.5893909335136414,0.1486676037311554
YFR038W,YOL072W,1,1.7275527,0.2882494032382965,0.5903732776641846,0.1486676037311554
YDR120C,YIL065C,0,1.7271086,0.28811120986938477,0.5903732776641846,0.14876778423786163
YOR064C,YOR036W,0,1.7265028,0.28797316551208496,0.5903732776641846,0.14886796474456787
YHR157W,YBR228W,1,1.7262676,0.28831416368484497,0.5913556218147278,0.14886796474456787
YMR001C,YIL132C,1,1.7250427,0.2886548638343811,0.5923379063606262,0.14886796474456787
YBR065C,YCR073C,0,1.7244315,0.2885167598724365,0.5923379063606262,0.1489681452512741
YKL163W,YOR153W,0,1.7242392,0.2883787751197815,0.5923379063606262,0.14906832575798035
YDR138W,YBL100W-B,1,1.724193,0.28871893882751465,0.5933202505111694,0.14906832575798035
YKR079C,YDL025C,0,1.7236542,0.288580983877182,0.5933202505111694,0.14916850626468658
YOR032C,YLR408C,0,1.7232829,0.2884431779384613,0.5933202505111694,0.14926868677139282
YOR360C,YGR154C,0,1.7230371,0.28830549120903015,0.5933202505111694,0.14936886727809906
YDR513W,YHR216W,0,1.7229775,0.28816795349121094,0.5933202505111694,0.1494690477848053
YOL146W,YFL049W,0,1.7228292,0.2880305051803589,0.5933202505111694,0.14956922829151154
YDR288W,YER138C,1,1.7227305,0.2883698642253876,0.5943025350570679,0.14956922829151154
YNL278W,YBR207W,0,1.7217561,0.2882325053215027,0.5943025350570679,0.14966940879821777
YMR236W,YOL140W,0,1.7216079,0.28809523582458496,0.5943025350570679,0.149769589304924
YPL033C,YIR007W,0,1.7215685,0.2879581153392792,0.5943025350570679,0.14986976981163025
YIL039W,YOR221C,0,1.7204434,0.28782111406326294,0.5943025350570679,0.1499699503183365
YGL222C,YPL145C,0,1.7204036,0.28768426179885864,0.5943025350570679,0.15007013082504272
YOR004W,YER048W-A,0,1.7191724,0.2875475287437439,0.5943025350570679,0.15017031133174896
YNL190W,YBR009C,0,1.7186034,0.2874109148979187,0.5943025350570679,0.1502704918384552
YBR060C,YDL165W,0,1.7183666,0.28727445006370544,0.5943025350570679,0.15037067234516144
YDR147W,YLR368W,0,1.7175599,0.28713810443878174,0.5943025350570679,0.15047085285186768
YDR540C,YHR167W,1,1.7167734,0.2874762713909149,0.5952848792076111,0.15047085285186768
YDR523C,YER166W,0,1.7161049,0.287339985370636,0.5952848792076111,0.1505710333585739
YNL056W,YDL114W,0,1.7148534,0.2872037887573242,0.5952848792076111,0.15067121386528015
YPL141C,YGL008C,0,1.7125181,0.2870677411556244,0.5952848792076111,0.1507713943719864
YDR004W,YPL200W,1,1.711615,0.2874053120613098,0.5962671637535095,0.1507713943719864
YCL016C,YLR154C,0,1.7110237,0.2872692942619324,0.5962671637535095,0.15087157487869263
YPL128C,YOR195W,0,1.7104131,0.2871333956718445,0.5962671637535095,0.15097175538539886
YML045W,YPR041W,0,1.7100226,0.28699764609336853,0.5962671637535095,0.1510719358921051
YNL330C,YFL003C,1,1.7097459,0.2873345911502838,0.5972495079040527,0.1510719358921051
YIL107C,YGL194C,0,1.7096831,0.28719887137413025,0.5972495079040527,0.15117211639881134
YOL068C,YLR320W,1,1.7091349,0.2875353991985321,0.598231852054596,0.15117211639881134
YMR211W,YDR315C,0,1.7088886,0.2873997092247009,0.598231852054596,0.15127229690551758
YJL151C,YMR051C,0,1.7086074,0.2872641384601593,0.598231852054596,0.15137247741222382
YER160C,YAR007C,1,1.7075955,0.28760018944740295,0.5992141366004944,0.15137247741222382
YLR320W,YOR060C,0,1.7072706,0.2874646484851837,0.5992141366004944,0.15147265791893005
YDR198C,YKL005C,0,1.707117,0.2873292565345764,0.5992141366004944,0.1515728384256363
YML039W,YER095W,1,1.7067736,0.2876647710800171,0.6001964807510376,0.1515728384256363
YKR099W,YGL127C,1,1.7066451,0.2879999876022339,0.601178765296936,0.1515728384256363
YLR134W,YBR152W,0,1.7064072,0.2878645360469818,0.601178765296936,0.15167300403118134
YNR073C,YFL034C-B,0,1.7060534,0.2877292037010193,0.601178765296936,0.15177318453788757
YJL109C,YLL042C,0,1.7042916,0.2875939905643463,0.601178765296936,0.1518733650445938
YML087C,YLR126C,0,1.7024294,0.2874588966369629,0.601178765296936,0.15197354555130005
YDR160W,YIR023W,0,1.7022972,0.2873239517211914,0.601178765296936,0.1520737260580063
YLL048C,YOL116W,0,1.7000252,0.2871891260147095,0.601178765296936,0.15217390656471252
YOR087W,YDL014W,0,1.6994008,0.2870544195175171,0.601178765296936,0.15227408707141876
YBR291C,YBR280C,0,1.6987156,0.28691983222961426,0.601178765296936,0.152374267578125
YOR032C,YGR189C,0,1.6986421,0.28678539395332336,0.601178765296936,0.15247444808483124
YNL065W,YNR073C,0,1.6979123,0.28665104508399963,0.601178765296936,0.15257462859153748
YLL018C,YCR098C,0,1.6976599,0.28651684522628784,0.601178765296936,0.1526748090982437
YLL042C,YDR538W,0,1.6974617,0.286382794380188,0.601178765296936,0.15277498960494995
YDR138W,YOR141C,1,1.6971034,0.2867165505886078,0.6021611094474792,0.15277498960494995
YJR021C,YPL121C,1,1.6970646,0.2870500087738037,0.6031433939933777,0.15277498960494995
YML045W,YCR027C,0,1.6964846,0.2869158983230591,0.6031433939933777,0.1528751701116562
YPR161C,YLR384C,0,1.696258,0.2867818772792816,0.6031433939933777,0.15297535061836243
YGR174C,YLR385C,0,1.6961101,0.2866480052471161,0.6031433939933777,0.15307553112506866
YEL026W,YFL056C,0,1.6955069,0.2865142226219177,0.6031433939933777,0.1531757116317749
YLR409C,YPL236C,0,1.695225,0.2863805890083313,0.6031433939933777,0.15327589213848114
YGL240W,YLR233C,0,1.6947476,0.2862470746040344,0.6031433939933777,0.15337607264518738
YJL048C,YIL078W,0,1.6930857,0.2861137092113495,0.6031433939933777,0.15347625315189362
YER147C,YMR224C,1,1.6925052,0.286446213722229,0.6041257381439209,0.15347625315189362
YBR248C,YOR391C,0,1.6914952,0.28631284832954407,0.6041257381439209,0.15357643365859985
YER086W,YDR122W,0,1.6913942,0.28617963194847107,0.6041257381439209,0.1536766141653061
YGR284C,YMR280C,0,1.6910411,0.28604650497436523,0.6041257381439209,0.15377679467201233
YJR043C,YJR065C,0,1.6894442,0.28591352701187134,0.6041257381439209,0.15387697517871857
YOR312C,YDL079C,0,1.6888953,0.285780668258667,0.6041257381439209,0.1539771556854248
YHL024W,YDL165W,0,1.6886338,0.2856479287147522,0.6041257381439209,0.15407733619213104
YGL196W,YJL122W,0,1.6886028,0.28551530838012695,0.6041257381439209,0.15417751669883728
YCR031C,YOR113W,0,1.6882378,0.28538283705711365,0.6041257381439209,0.15427769720554352
YCL068C,YNL087W,0,1.6880739,0.2852504551410675,0.6041257381439209,0.15437787771224976
YOR091W,YPL075W,0,1.6868988,0.2851182222366333,0.6041257381439209,0.154478058218956
YMR045C,YDR446W,1,1.6862706,0.2854495048522949,0.6051080822944641,0.154478058218956
YNL233W,YLR155C,0,1.6859411,0.2853172719478607,0.6051080822944641,0.15457823872566223
YML024W,YCL068C,0,1.6856049,0.28518518805503845,0.6051080822944641,0.15467841923236847
YJL090C,YJL162C,0,1.6851988,0.28505322337150574,0.6051080822944641,0.1547785997390747
YMR306W,YLR403W,0,1.6851964,0.2849213778972626,0.6051080822944641,0.15487878024578094
YDR440W,YMR298W,0,1.6847342,0.28478965163230896,0.6051080822944641,0.15497896075248718
YIL097W,YHR169W,0,1.6847087,0.2846580445766449,0.6051080822944641,0.15507914125919342
YDR531W,YKR099W,0,1.6843807,0.2845265567302704,0.6051080822944641,0.15517932176589966
YOR326W,YLR318W,0,1.6843204,0.2843951880931854,0.6051080822944641,0.1552795022726059
YJR160C,YGR274C,0,1.6841222,0.2842639684677124,0.6051080822944641,0.15537968277931213
YOR344C,YJL025W,0,1.6839923,0.28413283824920654,0.6051080822944641,0.15547986328601837
YNL025C,YHL022C,0,1.6838857,0.2840018570423126,0.6051080822944641,0.1555800437927246
YDR179C,YIL129C,0,1.6838249,0.28387096524238586,0.6051080822944641,0.15568022429943085
YLR318W,YPL231W,0,1.683623,0.28374022245407104,0.6051080822944641,0.15578040480613708
YOR068C,YOR372C,0,1.6833664,0.2836095690727234,0.6051080822944641,0.15588058531284332
YEL054C,YGL191W,0,1.6832687,0.28347906470298767,0.6051080822944641,0.15598076581954956
YBR103W,YHR076W,0,1.6823255,0.2833486795425415,0.6051080822944641,0.1560809463262558
YEL019C,YPL194W,1,1.6822249,0.28367817401885986,0.6060903668403625,0.1560809463262558
YHR120W,YPR046W,0,1.6820884,0.2835477888584137,0.6060903668403625,0.15618112683296204
YAL051W,YDR402C,0,1.6819873,0.28341755270957947,0.6060903668403625,0.15628130733966827
YKR105C,YGL179C,0,1.6815953,0.2832874059677124,0.6060903668403625,0.1563814878463745
YGL017W,YGL021W,0,1.681046,0.2831574082374573,0.6060903668403625,0.15648166835308075
YEL019C,YIL082W-A,1,1.6808054,0.2834862470626831,0.6070727109909058,0.15648166835308075
YKR014C,YAL010C,0,1.6804377,0.283356249332428,0.6070727109909058,0.156581848859787
YOR035C,YML081C-A,0,1.6793883,0.2832264006137848,0.6070727109909058,0.15668202936649323
YER174C,YCR073C,0,1.6791347,0.28309664130210876,0.6070727109909058,0.15678220987319946
YJR029W,YLR466W,1,1.6788136,0.28342491388320923,0.6080549955368042,0.15678220987319946
YKL071W,YDR300C,0,1.6782678,0.2832951843738556,0.6080549955368042,0.1568823903799057
YER138C,YLR466W,1,1.6781136,0.283623069524765,0.6090373396873474,0.1568823903799057
YNR012W,YOR002W,0,1.6780436,0.28349336981773376,0.6090373396873474,0.15698257088661194
YDL030W,YBR109C,0,1.6776799,0.28336378931999207,0.6090373396873474,0.15708275139331818
YPL162C,YCL011C,0,1.6770921,0.2832343578338623,0.6090373396873474,0.15718293190002441
YHL015W,YBR132C,0,1.6770333,0.2831050157546997,0.6090373396873474,0.15728311240673065
YBR112C,YGL090W,0,1.6769902,0.28297582268714905,0.6090373396873474,0.1573832929134369
YLR038C,YHR139C,0,1.6769162,0.28284671902656555,0.6090373396873474,0.15748347342014313
YGL196W,YPL281C,0,1.6760803,0.2827177345752716,0.6090373396873474,0.15758365392684937
YJR027W,YBR228W,1,1.6753011,0.2830446660518646,0.6100196242332458,0.15758365392684937
YKR038C,YBR033W,0,1.6751097,0.28291571140289307,0.6100196242332458,0.1576838344335556
YKL091C,YIL130W,0,1.6747564,0.28278687596321106,0.6100196242332458,0.15778401494026184
YER038C,YPL017C,1,1.6742724,0.2831133306026459,0.6110019683837891,0.15778401494026184
YBL103C,YCL020W,0,1.6736282,0.28298452496528625,0.6110019683837891,0.15788419544696808
YMR045C,YLR263W,1,1.6732439,0.28331059217453003,0.6119843125343323,0.15788419544696808
YPL195W,YDR227W,0,1.6727741,0.2831818163394928,0.6119843125343323,0.15798437595367432
YMR094W,YLR019W,0,1.6722476,0.2830531597137451,0.6119843125343323,0.15808455646038055
YBR231C,YKR072C,0,1.6708632,0.282924622297287,0.6119843125343323,0.1581847369670868
YDL112W,YPL046C,0,1.670634,0.282796174287796,0.6119843125343323,0.15828491747379303
YDR440W,YNR007C,0,1.6705772,0.282667875289917,0.6119843125343323,0.15838509798049927
YGR166W,YPL056C,0,1.6691741,0.2825396955013275,0.6119843125343323,0.1584852784872055
YKL058W,YMR063W,0,1.6691629,0.2824116051197052,0.6119843125343323,0.15858545899391174
YLR248W,YPR055W,0,1.6690495,0.28228363394737244,0.6119843125343323,0.15868563950061798
YEL048C,YDR446W,0,1.6689558,0.2821558117866516,0.6119843125343323,0.15878582000732422
YLR320W,YOR119C,0,1.6689116,0.28202807903289795,0.6119843125343323,0.15888600051403046
YHR157W,YDR138W,1,1.6683775,0.2823529541492462,0.6129665970802307,0.15888600051403046
YDR342C,YLR453C,0,1.6677434,0.28222525119781494,0.6129665970802307,0.1589861810207367
YJR002W,YKL042W,0,1.667449,0.28209763765335083,0.6129665970802307,0.15908636152744293
YOR335C,YLR446W,0,1.6670886,0.28197017312049866,0.6129665970802307,0.15918654203414917
YLR035C,YJL113W,1,1.6668776,0.28229448199272156,0.6139489412307739,0.15918654203414917
YCL040W,YAL019W,0,1.6661905,0.2821670472621918,0.6139489412307739,0.1592867225408554
YER126C,YNL158W,0,1.6660601,0.28203970193862915,0.6139489412307739,0.15938690304756165
YLR383W,YPL200W,1,1.6659535,0.28236356377601624,0.6149312257766724,0.15938690304756165
YMR291W,YFL034C-A,0,1.6657494,0.282236248254776,0.6149312257766724,0.15948708355426788
YGR048W,YOR359W,0,1.6652051,0.2821090519428253,0.6149312257766724,0.15958726406097412
YAL005C,YPR174C,0,1.66459,0.2819819748401642,0.6149312257766724,0.15968744456768036
YMR262W,YAR050W,0,1.664498,0.2818550169467926,0.6149312257766724,0.1597876250743866
YNL188W,YCR091W,0,1.6642871,0.28172817826271057,0.6149312257766724,0.15988779067993164
YGL222C,YDL149W,0,1.6642556,0.2816014289855957,0.6149312257766724,0.15998797118663788
YMR133W,YER171W,1,1.6640972,0.28192445635795593,0.6159135699272156,0.15998797118663788
YER179W,YNL139C,1,1.6630726,0.2822471857070923,0.616895854473114,0.15998797118663788
YBR280C,YIL099W,0,1.6628369,0.28212040662765503,0.616895854473114,0.16008815169334412
YNL315C,YDL049C,0,1.6617306,0.28199371695518494,0.616895854473114,0.16018833220005035
YKR038C,YDL030W,0,1.6608669,0.2818671464920044,0.616895854473114,0.1602885127067566
YAR071W,YPR068C,0,1.660839,0.2817406952381134,0.616895854473114,0.16038869321346283
YDL155W,YOR337W,0,1.6600168,0.28161436319351196,0.616895854473114,0.16048887372016907
YPL195W,YGL028C,0,1.6598939,0.2814881205558777,0.616895854473114,0.1605890542268753
YNL091W,YPL121C,0,1.6589818,0.28136199712753296,0.616895854473114,0.16068923473358154
YER071C,YKR092C,0,1.6589395,0.2812359929084778,0.616895854473114,0.16078941524028778
YJL062W-A,YGL160W,0,1.6586488,0.28111010789871216,0.616895854473114,0.16088959574699402
YOR115C,YPL253C,0,1.6577055,0.2809843420982361,0.616895854473114,0.16098977625370026
YMR167W,YOL072W,1,1.657633,0.2813059091567993,0.6178781986236572,0.16098977625370026
YNL093W,YCL027W,0,1.6576188,0.28118014335632324,0.6178781986236572,0.1610899567604065
YMR109W,YDL212W,0,1.6572812,0.2810545265674591,0.6178781986236572,0.16119013726711273
YNL213C,YOL152W,0,1.6563874,0.28092899918556213,0.6178781986236572,0.16129031777381897
YDL059C,YPL127C,1,1.6561874,0.28125,0.6188604831695557,0.16129031777381897
YDR208W,YOR264W,0,1.6560479,0.2811245024204254,0.6188604831695557,0.1613904982805252
YPR007C,YMR026C,0,1.6552827,0.280999094247818,0.6188604831695557,0.16149067878723145
YGR078C,YPL248C,0,1.654687,0.2808738350868225,0.6188604831695557,0.16159085929393768
YER044C-A,YMR284W,1,1.6543666,0.2811942994594574,0.6198428273200989,0.16159085929393768
YMR216C,YLR200W,0,1.6541519,0.2810690402984619,0.6198428273200989,0.16169103980064392
YGL160W,YBR168W,0,1.6540242,0.280943900346756,0.6198428273200989,0.16179122030735016
YEL059C-A,YOL126C,0,1.6537304,0.2808188796043396,0.6198428273200989,0.1618914008140564
YEL003W,YAL011W,0,1.6537104,0.2806939482688904,0.6198428273200989,0.16199158132076263
YOR081C,YBL100W-B,0,1.6531891,0.2805691361427307,0.6198428273200989,0.16209176182746887
YIL069C,YDR019C,0,1.6524123,0.2804444432258606,0.6198428273200989,0.1621919423341751
YBL010C,YOL055C,0,1.6515692,0.28031986951828003,0.6198428273200989,0.16229212284088135
YMR211W,YLR061W,0,1.6514759,0.2801953852176666,0.6198428273200989,0.16239230334758759
YFL052W,YML125C,0,1.6514076,0.2800710201263428,0.6198428273200989,0.16249248385429382
YMR074C,YMR322C,0,1.6510943,0.27994677424430847,0.6198428273200989,0.16259266436100006
YOR290C,YPR068C,0,1.6504784,0.27982261776924133,0.6198428273200989,0.1626928448677063
YBR251W,YKR072C,0,1.6503186,0.27969858050346375,0.6198428273200989,0.16279302537441254
YCL059C,YOL157C,0,1.6503099,0.2795746624469757,0.6198428273200989,0.16289320588111877
YAR009C,YGL250W,1,1.6482242,0.2798937261104584,0.6208251714706421,0.16289320588111877
YBR022W,YBR083W,0,1.6478878,0.27976980805397034,0.6208251714706421,0.162993386387825
YDR244W,YPL226W,0,1.6476833,0.27964600920677185,0.6208251714706421,0.16309356689453125
YDR515W,YGR271C-A,0,1.6473175,0.2795223295688629,0.6208251714706421,0.1631937474012375
YJR109C,YLR357W,0,1.6454266,0.27939876914024353,0.6208251714706421,0.16329392790794373
YER039C,YKR083C,0,1.6443726,0.2792752981185913,0.6208251714706421,0.16339410841464996
YPL200W,YJL208C,1,1.643289,0.27959364652633667,0.6218074560165405,0.16339410841464996
YPR022C,YDR258C,0,1.6429049,0.27947020530700684,0.6218074560165405,0.1634942889213562
YGL136C,YNL191W,0,1.6428902,0.27934685349464417,0.6218074560165405,0.16359446942806244
YBR158W,YPL181W,0,1.6402602,0.27922365069389343,0.6218074560165405,0.16369464993476868
YGL079W,YDL211C,0,1.6395167,0.27910053730010986,0.6218074560165405,0.16379483044147491
YER147C,YDR180W,1,1.6393641,0.2794182598590851,0.6227898001670837,0.16379483044147491
YDL129W,YJL025W,0,1.6385167,0.2792951464653015,0.6227898001670837,0.16389501094818115
YOL096C,YDR312W,0,1.6381527,0.2791721820831299,0.6227898001670837,0.1639951914548874
YJL179W,YCR045C,0,1.638029,0.2790493071079254,0.6227898001670837,0.16409537196159363
YBR033W,YJL216C,0,1.6377273,0.2789265215396881,0.6227898001670837,0.16419555246829987
YER073W,YJR022W,0,1.6374555,0.27880385518074036,0.6227898001670837,0.1642957329750061
YJL164C,YAL003W,0,1.6374162,0.27868130803108215,0.6227898001670837,0.16439591348171234
YJR043C,YOR368W,1,1.6359223,0.2789982557296753,0.6237720847129822,0.16439591348171234
YGL222C,YDL134C,0,1.6353956,0.2788757085800171,0.6237720847129822,0.16449609398841858
YKL032C,YHR185C,0,1.6350363,0.27875328063964844,0.6237720847129822,0.16459627449512482
YBR045C,YDR384C,0,1.6341432,0.27863097190856934,0.6237720847129822,0.16469645500183105
YDL181W,YLR466W,0,1.6331197,0.2785087823867798,0.6237720847129822,0.1647966355085373
YLR376C,YLR466W,1,1.6330395,0.2788250744342804,0.6247544288635254,0.1647966355085373
YAL001C,YHR166C,0,1.6322157,0.27870288491249084,0.6247544288635254,0.16489681601524353
YIL167W,YMR161W,0,1.6318557,0.27858081459999084,0.6247544288635254,0.16499699652194977
YDR040C,YGL053W,0,1.6317297,0.278458833694458,0.6247544288635254,0.165097177028656
YIL040W,YOR315W,0,1.6317179,0.2783369719982147,0.6247544288635254,0.16519735753536224
YNL139C,YOR271C,0,1.6316789,0.278215229511261,0.6247544288635254,0.16529753804206848
YDR381W,YDR489W,0,1.6301265,0.2780935764312744,0.6247544288635254,0.16539771854877472
YKR045C,YOR181W,0,1.6301116,0.2779720425605774,0.6247544288635254,0.16549789905548096
YAR007C,YCL048W,0,1.6298697,0.27785059809684753,0.6247544288635254,0.1655980795621872
YGL208W,YBR142W,0,1.6288873,0.27772924304008484,0.6247544288635254,0.16569826006889343
YBR058C-A,YER053C,0,1.6285704,0.2776080369949341,0.6247544288635254,0.16579844057559967
YKL011C,YKL113C,1,1.6282313,0.27792319655418396,0.6257367134094238,0.16579844057559967
YEL020W-A,YDR175C,0,1.6282271,0.2778020203113556,0.6257367134094238,0.1658986210823059
YNL250W,YJR043C,1,1.6277789,0.2781168222427368,0.626719057559967,0.1658986210823059
YJR029W,YPL121C,1,1.6277604,0.27843138575553894,0.6277014017105103,0.1658986210823059
YLR084C,YBR302C,0,1.627138,0.278310090303421,0.6277014017105103,0.16599880158901215
YBL078C,YHR032W,0,1.6271234,0.27818894386291504,0.6277014017105103,0.16609898209571838
YKL129C,YDL184C,0,1.6270548,0.2780678868293762,0.6277014017105103,0.16619916260242462
YPL012W,YDR288W,0,1.6263742,0.27794691920280457,0.6277014017105103,0.16629934310913086
YPL280W,YBR133C,0,1.6262028,0.27782610058784485,0.6277014017105103,0.1663995236158371
YPR168W,YDR532C,0,1.6241237,0.2777053415775299,0.6277014017105103,0.16649970412254333
YBR012W-B,YNR001C,0,1.6234597,0.2775847017765045,0.6277014017105103,0.16659988462924957
YOR326W,YDR402C,0,1.6228588,0.2774641811847687,0.6277014017105103,0.1667000651359558
YNL014W,YBL064C,0,1.621918,0.27734375,0.6277014017105103,0.16680024564266205
YBR045C,YOL125W,0,1.6215302,0.2772234380245209,0.6277014017105103,0.1669004261493683
YDR365C,YMR293C,0,1.6213377,0.2771032154560089,0.6277014017105103,0.16700060665607452
YJL041W,YLR299W,0,1.6205636,0.2769830822944641,0.6277014017105103,0.16710078716278076
YBL057C,YDR464W,0,1.6204219,0.27686309814453125,0.6277014017105103,0.167200967669487
YFR053C,YJR042W,0,1.6202408,0.27674317359924316,0.6277014017105103,0.16730114817619324
YOR077W,YDR427W,0,1.6199454,0.27662336826324463,0.6277014017105103,0.16740132868289948
YIL158W,YFL053W,0,1.6198739,0.27650368213653564,0.6277014017105103,0.1675015091896057
YDR052C,YCL033C,0,1.6193057,0.2763840854167938,0.6277014017105103,0.16760168969631195
YKL089W,YDR243C,0,1.6191543,0.27626457810401917,0.6277014017105103,0.1677018702030182
YPL268W,YAL048C,0,1.618691,0.27614519000053406,0.6277014017105103,0.16780205070972443
YKR018C,YOR068C,0,1.6182755,0.2760259211063385,0.6277014017105103,0.16790223121643066
YKL197C,YBR193C,0,1.6180578,0.2759067416191101,0.6277014017105103,0.1680024117231369
YMR175W,YDR243C,0,1.6178384,0.2757876515388489,0.6277014017105103,0.16810257732868195
YDR224C,YOR177C,0,1.6166627,0.2756686806678772,0.6277014017105103,0.16820275783538818
YOR278W,YDR312W,0,1.6158899,0.2755497992038727,0.6277014017105103,0.16830293834209442
YPR175W,YDL139C,0,1.6158053,0.2754310369491577,0.6277014017105103,0.16840311884880066
YIL068C,YCR028C-A,0,1.6137902,0.2753123641014099,0.6277014017105103,0.1685032993555069
YPR018W,YBL100W-B,1,1.6131824,0.27562445402145386,0.6286836862564087,0.1685032993555069
YBR176W,YMR011W,0,1.6127741,0.27550581097602844,0.6286836862564087,0.16860347986221313
YJR088C,YOL152W,0,1.612205,0.2753872573375702,0.6286836862564087,0.16870366036891937
YMR167W,YMR050C,1,1.6121436,0.2756989300251007,0.6296660304069519,0.16870366036891937
YDL194W,YPR003C,0,1.6115267,0.27558040618896484,0.6296660304069519,0.1688038408756256
YHR014W,YBR301W,0,1.6105022,0.27546197175979614,0.6296660304069519,0.16890402138233185
YOR048C,YDL240W,0,1.6099753,0.275343656539917,0.6296660304069519,0.16900420188903809
YAL026C,YNL210W,0,1.609815,0.275225430727005,0.6296660304069519,0.16910438239574432
YJL116C,YDR025W,0,1.6092724,0.2751072943210602,0.6296660304069519,0.16920456290245056
YOR233W,YCL033C,0,1.6091706,0.2749892771244049,0.6296660304069519,0.1693047434091568
YOR368W,YDL122W,0,1.6090766,0.2748713493347168,0.6296660304069519,0.16940492391586304
YGL073W,YMR162C,0,1.6086076,0.27475354075431824,0.6296660304069519,0.16950510442256927
YML037C,YDR495C,0,1.6081254,0.27463582158088684,0.6296660304069519,0.1696052849292755
YJL090C,YOR368W,1,1.607218,0.2749464809894562,0.6306483149528503,0.1696052849292755
YLL039C,YER131W,0,1.6065676,0.2748287618160248,0.6306483149528503,0.16970546543598175
YDR033W,YDL044C,0,1.6062394,0.27471116185188293,0.6306483149528503,0.169805645942688
YHL038C,YLR233C,0,1.6060859,0.27459368109703064,0.6306483149528503,0.16990582644939423
YHR153C,YGR198W,0,1.6046869,0.2744762599468231,0.6306483149528503,0.17000600695610046
YJL170C,YCL020W,0,1.6042889,0.27435898780822754,0.6306483149528503,0.1701061874628067
YOL077C,YLL026W,0,1.6041198,0.27424177527427673,0.6306483149528503,0.17020636796951294
YLR336C,YMR164C,0,1.603848,0.2741246819496155,0.6306483149528503,0.17030654847621918
YNL076W,YGR296W,0,1.6036334,0.2740076780319214,0.6306483149528503,0.17040672898292542
YDR039C,YLR011W,0,1.6034111,0.27389079332351685,0.6306483149528503,0.17050690948963165
YIL004C,YIL150C,0,1.6027251,0.27377399802207947,0.6306483149528503,0.1706070899963379
YAL058W,YER065C,0,1.6025637,0.27365729212760925,0.6306483149528503,0.17070727050304413
YBR153W,YER054C,0,1.6016573,0.2735406756401062,0.6306483149528503,0.17080745100975037
YLR226W,YJR132W,0,1.6016058,0.2734241783618927,0.6306483149528503,0.1709076315164566
YNL227C,YBR298C,0,1.6012322,0.27330780029296875,0.6306483149528503,0.17100781202316284
YOR019W,YOR359W,0,1.6006762,0.2731914818286896,0.6306483149528503,0.17110799252986908
YHR171W,YOR077W,0,1.6002434,0.27307528257369995,0.6306483149528503,0.17120817303657532
YOR073W,YDR329C,0,1.6000122,0.2729591727256775,0.6306483149528503,0.17130835354328156
YPL160W,YIL120W,0,1.5989565,0.2728431820869446,0.6306483149528503,0.1714085340499878
YOL126C,YKR024C,0,1.5967818,0.27272728085517883,0.6306483149528503,0.17150871455669403
YOL078W,YOL103W,0,1.5963637,0.27261146903038025,0.6306483149528503,0.17160889506340027
YDL003W,YNL039W,0,1.5962569,0.27249574661254883,0.6306483149528503,0.1717090755701065
YOR056C,YML040W,0,1.5962507,0.27238014340400696,0.6306483149528503,0.17180925607681274
YMR014W,YGR142W,0,1.596201,0.27226462960243225,0.6306483149528503,0.17190943658351898
YHL019C,YER023W,0,1.5960335,0.2721492052078247,0.6306483149528503,0.17200961709022522
YML047C,YJR132W,0,1.5959219,0.2720339000225067,0.6306483149528503,0.17210979759693146
YPL160W,YNL278W,0,1.5954822,0.2719186842441559,0.6306483149528503,0.1722099781036377
YAR014C,YIL087C,0,1.5954431,0.2718035578727722,0.6306483149528503,0.17231015861034393
YLR190W,YPR042C,0,1.5949403,0.2716885209083557,0.6306483149528503,0.17241033911705017
YNL014W,YPL281C,0,1.5943352,0.27157360315322876,0.6306483149528503,0.1725105196237564
YCL016C,YOR151C,0,1.5942861,0.27145877480506897,0.6306483149528503,0.17261070013046265
YGR116W,YER159C,0,1.5942451,0.27134403586387634,0.6306483149528503,0.17271088063716888
YDR097C,YBR296C,0,1.5932134,0.27122941613197327,0.6306483149528503,0.17281106114387512
YAL013W,YHL018W,0,1.5927855,0.27111485600471497,0.6306483149528503,0.17291124165058136
YER124C,YJL069C,0,1.5927061,0.2710004150867462,0.6306483149528503,0.1730114221572876
YIL004C,YBL054W,0,1.5926499,0.27088606357574463,0.6306483149528503,0.17311160266399384
YJR108W,YNL216W,0,1.5926298,0.2707718312740326,0.6306483149528503,0.17321178317070007
YDL098C,YGR154C,0,1.5923648,0.27065765857696533,0.6306483149528503,0.1733119636774063
YPL012W,YNL015W,0,1.5912828,0.2705436050891876,0.6306483149528503,0.17341214418411255
YMR045C,YLR178C,0,1.5912348,0.2704296410083771,0.6306483149528503,0.1735123246908188
YDR503C,YML022W,0,1.5911131,0.2703157961368561,0.6306483149528503,0.17361250519752502
YIL150C,YKR099W,0,1.5910095,0.27020201086997986,0.6306483149528503,0.17371268570423126
YLR310C,YML076C,0,1.5908991,0.2700883448123932,0.6306483149528503,0.1738128662109375
YDL007W,YBL084C,0,1.590814,0.2699747681617737,0.6306483149528503,0.17391304671764374
YOR155C,YEL003W,0,1.5891993,0.26986128091812134,0.6306483149528503,0.17401322722434998
YBL042C,YMR029C,0,1.5882162,0.26974791288375854,0.6306483149528503,0.1741134077310562
YMR118C,YLR110C,0,1.5880241,0.2696346044540405,0.6306483149528503,0.17421358823776245
YML021C,YPR042C,0,1.587701,0.26952141523361206,0.6306483149528503,0.1743137687444687
YDL150W,YDL130W-A,0,1.5864514,0.26940831542015076,0.6306483149528503,0.17441394925117493
YER089C,YIL049W,0,1.5858063,0.2692953050136566,0.6306483149528503,0.17451412975788116
YBR088C,YMR106C,1,1.5844821,0.2696016728878021,0.6316306591033936,0.17451412975788116
YNL142W,YGR292W,0,1.5843997,0.26948869228363037,0.6316306591033936,0.1746143102645874
YPR151C,YMR009W,0,1.5843337,0.2693757712841034,0.6316306591033936,0.17471449077129364
YNR043W,YHR035W,0,1.5833586,0.26926296949386597,0.6316306591033936,0.17481467127799988
YOL039W,YDR096W,0,1.5832531,0.2691502869129181,0.6316306591033936,0.17491485178470612
YMR076C,YDR314C,0,1.5828685,0.269037663936615,0.6316306591033936,0.17501503229141235
YNL328C,YER032W,0,1.5820932,0.26892513036727905,0.6316306591033936,0.1751152127981186
YGL157W,YPL231W,0,1.5817457,0.26881271600723267,0.6316306591033936,0.17521539330482483
YPR131C,YJL033W,0,1.5816417,0.26870036125183105,0.6316306591033936,0.17531557381153107
YKL086W,YER147C,0,1.5811745,0.268588125705719,0.6316306591033936,0.1754157543182373
YNL339C,YLR320W,1,1.5807663,0.2688935399055481,0.632612943649292,0.1754157543182373
YGL240W,YCL011C,0,1.5800897,0.26878130435943604,0.632612943649292,0.17551593482494354
YOR022C,YKL198C,0,1.5798637,0.26866915822029114,0.632612943649292,0.17561611533164978
YLR004C,YNL038W,0,1.5786221,0.2685571312904358,0.632612943649292,0.17571629583835602
YER018C,YPL194W,0,1.5785517,0.2684451937675476,0.632612943649292,0.17581647634506226
YOR073W,YHR134W,0,1.5785394,0.2683333456516266,0.632612943649292,0.1759166568517685
YDR326C,YBR038W,0,1.5778049,0.26822158694267273,0.632612943649292,0.17601683735847473
YJR108W,YPL038W,0,1.5775006,0.26810991764068604,0.632612943649292,0.17611701786518097
YJR102C,YAR019C,0,1.5773633,0.2679983377456665,0.632612943649292,0.1762171983718872
YMR171C,YHR026W,0,1.5770761,0.26788684725761414,0.632612943649292,0.17631736397743225
YBR200W,YOR344C,0,1.5764825,0.2677754759788513,0.632612943649292,0.1764175444841385
YGR026W,YHL028W,0,1.5761861,0.2676641643047333,0.632612943649292,0.17651772499084473
YGL085W,YIL069C,0,1.5755053,0.2675529718399048,0.632612943649292,0.17661790549755096
YGL136C,YMR313C,0,1.5753347,0.26744186878204346,0.632612943649292,0.1767180860042572
YMR051C,YJL100W,0,1.5750452,0.2673308551311493,0.632612943649292,0.17681826651096344
YOR373W,YJR042W,0,1.5745574,0.2672199308872223,0.632612943649292,0.17691844701766968
YBR087W,YPR164W,0,1.5727912,0.26710909605026245,0.632612943649292,0.17701862752437592
YDR485C,YAR050W,0,1.5724136,0.2669983506202698,0.632612943649292,0.17711880803108215
YBR012W-B,YOR354C,1,1.5722204,0.26730212569236755,0.6335952877998352,0.17711880803108215
YOR244W,YML037C,0,1.5720638,0.2671913802623749,0.6335952877998352,0.1772189885377884
YPL135W,YGL029W,0,1.5718188,0.26708075404167175,0.6335952877998352,0.17731916904449463
YDR103W,YFR032C-A,0,1.5717344,0.2669701874256134,0.6335952877998352,0.17741934955120087
YGR091W,YGR096W,0,1.5710685,0.2668597400188446,0.6335952877998352,0.1775195300579071
YOR068C,YLR158C,0,1.5710574,0.26674938201904297,0.6335952877998352,0.17761971056461334
YJL164C,YHR148W,0,1.570645,0.2666391134262085,0.6335952877998352,0.17771989107131958
YPL164C,YIL072W,0,1.5704482,0.2665289342403412,0.6335952877998352,0.17782007157802582
YMR207C,YER011W,0,1.5698484,0.26641884446144104,0.6335952877998352,0.17792025208473206
YBR069C,YOL088C,0,1.5697383,0.26630884408950806,0.6335952877998352,0.1780204325914383
YNL053W,YFL034C-B,0,1.5696181,0.26619893312454224,0.6335952877998352,0.17812061309814453
YBR019C,YHR092C,0,1.5693015,0.2660891115665436,0.6335952877998352,0.17822079360485077
YBL061C,YNL318C,0,1.5690818,0.2659793794155121,0.6335952877998352,0.178320974111557
YGR181W,YNL191W,0,1.5686327,0.26586973667144775,0.6335952877998352,0.17842115461826324
YBL097W,YML118W,0,1.5680473,0.2657601833343506,0.6335952877998352,0.17852133512496948
YGL173C,YBL100W-B,1,1.5674015,0.2660626173019409,0.6345776319503784,0.17852133512496948
YOL058W,YAR066W,0,1.5672816,0.26595306396484375,0.6345776319503784,0.17862151563167572
YDR197W,YMR165C,0,1.5671196,0.26584362983703613,0.6345776319503784,0.17872169613838196
YJL160C,YOR335C,0,1.566621,0.2657342553138733,0.6345776319503784,0.1788218766450882
YOL095C,YHL032C,0,1.5665547,0.265625,0.6345776319503784,0.17892205715179443
YHR205W,YCR105W,0,1.566363,0.26551583409309387,0.6345776319503784,0.17902223765850067
YLR265C,YBR228W,0,1.564462,0.2654067277908325,0.6345776319503784,0.1791224181652069
YGR002C,YHL022C,0,1.5641332,0.2652977406978607,0.6345776319503784,0.17922259867191315
YNR063W,YCL068C,0,1.5638611,0.2651888430118561,0.6345776319503784,0.17932277917861938
YHR184W,YDR334W,0,1.5636197,0.2650800049304962,0.6345776319503784,0.17942295968532562
YLR306W,YMR264W,0,1.5628558,0.2649712860584259,0.6345776319503784,0.17952314019203186
YOR214C,YML010W,0,1.5620887,0.26486265659332275,0.6345776319503784,0.1796233206987381
YPL270W,YDL149W,0,1.561809,0.2647540867328644,0.6345776319503784,0.17972350120544434
YHL036W,YBR055C,0,1.5617877,0.26464563608169556,0.6345776319503784,0.17982368171215057
YPR054W,YKL129C,0,1.561517,0.2645372748374939,0.6345776319503784,0.1799238622188568
YNL308C,YPL060W,0,1.5613742,0.264428973197937,0.6345776319503784,0.18002404272556305
YMR048W,YDR484W,0,1.5613223,0.2643207907676697,0.6345776319503784,0.1801242232322693
YLR035C,YNL210W,1,1.5612489,0.26462167501449585,0.6355599164962769,0.1801242232322693
YDL020C,YLR442C,0,1.560419,0.2645134925842285,0.6355599164962769,0.18022440373897552
YDL012C,YGL205W,0,1.5602757,0.26440539956092834,0.6355599164962769,0.18032458424568176
YOR245C,YER015W,0,1.5590063,0.26429739594459534,0.6355599164962769,0.180424764752388
YHL024W,YJR017C,0,1.5584178,0.2641894519329071,0.6355599164962769,0.18052494525909424
YLL035W,YBR210W,0,1.5583591,0.2640816271305084,0.6355599164962769,0.18062512576580048
YIL008W,YJL221C,0,1.5571113,0.2639738917350769,0.6355599164962769,0.1807253062725067
YIL049W,YOR242C,0,1.5571054,0.26386624574661255,0.6355599164962769,0.18082548677921295
YPL200W,YBR136W,1,1.557102,0.26416632533073425,0.6365422606468201,0.18082548677921295
YOL006C,YJL113W,1,1.5570264,0.26446616649627686,0.6375245451927185,0.18082548677921295
YHR062C,YCR028C-A,0,1.5567008,0.2643584609031677,0.6375245451927185,0.1809256672859192
YML088W,YBR078W,0,1.556471,0.26425081491470337,0.6375245451927185,0.18102584779262543
YPL255W,YOR113W,0,1.5564133,0.2641432583332062,0.6375245451927185,0.18112602829933167
YPL088W,YDR412W,0,1.5556744,0.26403579115867615,0.6375245451927185,0.1812262088060379
YPR032W,YDR101C,0,1.5544538,0.2639284133911133,0.6375245451927185,0.18132638931274414
YHR044C,YMR230W,0,1.5539318,0.2638211250305176,0.6375245451927185,0.18142656981945038
YBR204C,YDR184C,0,1.5528121,0.26371392607688904,0.6375245451927185,0.18152675032615662
YER028C,YDR314C,0,1.5521878,0.26360681653022766,0.6375245451927185,0.18162693083286285
YDL105W,YJR029W,1,1.5518428,0.263905793428421,0.6385068893432617,0.18162693083286285
YOR384W,YNL173C,0,1.5510094,0.26379871368408203,0.6385068893432617,0.1817271113395691
YLR327C,YDR257C,0,1.5508496,0.2636916935443878,0.6385068893432617,0.18182729184627533
YGL089C,YPR148C,0,1.5503656,0.26358476281166077,0.6385068893432617,0.18192747235298157
YLR190W,YNL279W,0,1.5498565,0.2634779214859009,0.6385068893432617,0.1820276528596878
YKL141W,YPL202C,0,1.5497261,0.26337113976478577,0.6385068893432617,0.18212783336639404
YKL221W,YIL157C,0,1.5492878,0.2632644772529602,0.6385068893432617,0.18222801387310028
YHR153C,YOR173W,0,1.5486981,0.2631579041481018,0.6385068893432617,0.18232819437980652
YOR004W,YHR190W,0,1.5484152,0.2630513906478882,0.6385068893432617,0.18242837488651276
YOR307C,YDR406W,0,1.5475302,0.2629449963569641,0.6385068893432617,0.182528555393219
YHR160C,YBL030C,0,1.5461533,0.2628386616706848,0.6385068893432617,0.18262873589992523
YNL056W,YOR214C,0,1.5457453,0.2627324163913727,0.6385068893432617,0.18272891640663147
YMR030W,YNL001W,0,1.545583,0.2626262605190277,0.6385068893432617,0.1828290969133377
YCR047C,YHR016C,0,1.5455222,0.2625201940536499,0.6385068893432617,0.18292927742004395
YOL002C,YCR020C,0,1.5453808,0.26241421699523926,0.6385068893432617,0.18302945792675018
YMR094W,YDR485C,0,1.5445837,0.2623082995414734,0.6385068893432617,0.18312963843345642
YER048W-A,YDR257C,0,1.5444896,0.26220250129699707,0.6385068893432617,0.18322981894016266
YOR140W,YOR262W,0,1.5441892,0.2620967626571655,0.6385068893432617,0.1833299994468689
YDR545W,YER088C,0,1.5439657,0.26199114322662354,0.6385068893432617,0.18343017995357513
YGR065C,YLR388W,0,1.5437689,0.2618855834007263,0.6385068893432617,0.18353036046028137
YHR210C,YGR204W,0,1.5435973,0.26178011298179626,0.6385068893432617,0.1836305409669876
YML072C,YPL242C,0,1.5433766,0.2616747319698334,0.6385068893432617,0.18373072147369385
YMR164C,YLR298C,0,1.543312,0.26156941056251526,0.6385068893432617,0.18383090198040009
YNL312W,YIR025W,1,1.5431265,0.2618664503097534,0.6394891738891602,0.18383090198040009
YML005W,YIL036W,0,1.5429002,0.2617611587047577,0.6394891738891602,0.18393108248710632
YPR017C,YNL336W,0,1.5419492,0.2616559565067291,0.6394891738891602,0.18403126299381256
YKL088W,YGR195W,0,1.5418379,0.26155081391334534,0.6394891738891602,0.1841314435005188
YMR263W,YOL071W,0,1.5418121,0.2614457905292511,0.6394891738891602,0.18423162400722504
YNL151C,YML055W,0,1.5416895,0.26134082674980164,0.6394891738891602,0.18433180451393127
YCR034W,YIR006C,0,1.5414733,0.26123595237731934,0.6394891738891602,0.18443197011947632
YGL018C,YDR023W,0,1.5411255,0.2611311674118042,0.6394891738891602,0.18453215062618256
YDL095W,YDL149W,0,1.541067,0.2610264718532562,0.6394891738891602,0.1846323311328888
YKL108W,YGR098C,0,1.5408849,0.260921835899353,0.6394891738891602,0.18473251163959503
YLR097C,YML018C,0,1.5404218,0.2608173191547394,0.6394891738891602,0.18483269214630127
YMR118C,YKL197C,0,1.5403234,0.2607128620147705,0.6394891738891602,0.1849328726530075
YDR369C,YLR467W,1,1.5398625,0.2610087990760803,0.6404715180397034,0.1849328726530075
YOR119C,YMR128W,0,1.539532,0.26090437173843384,0.6404715180397034,0.18503305315971375
YLL015W,YLR051C,0,1.5387604,0.26080000400543213,0.6404715180397034,0.18513323366641998
YMR063W,YGL084C,0,1.538444,0.2606957256793976,0.6404715180397034,0.18523341417312622
YLL005C,YDR342C,0,1.5383369,0.2605915367603302,0.6404715180397034,0.18533359467983246
YGR140W,YOR039W,0,1.5380925,0.2604874074459076,0.6404715180397034,0.1854337751865387
YPR178W,YNL289W,0,1.5379127,0.26038339734077454,0.6404715180397034,0.18553395569324493
YJR108W,YLR342W,0,1.5377705,0.26027944684028625,0.6404715180397034,0.18563413619995117
YOR245C,YLR081W,0,1.5375128,0.26017558574676514,0.6404715180397034,0.1857343167066574
YDR252W,YGL045W,0,1.5373555,0.2600717842578888,0.6404715180397034,0.18583449721336365
YDR118W,YBL010C,0,1.5371759,0.259968101978302,0.6404715180397034,0.18593467772006989
YMR059W,YPL053C,0,1.5371068,0.25986447930336,0.6404715180397034,0.18603485822677612
YNL257C,YOL052C-A,0,1.5366851,0.25976094603538513,0.6404715180397034,0.18613503873348236
YPR103W,YCR089W,0,1.5366391,0.25965750217437744,0.6404715180397034,0.1862352192401886
YBR132C,YDR227W,0,1.5340844,0.2595541477203369,0.6404715180397034,0.18633539974689484
YMR001C,YNL339C,1,1.532739,0.25984877347946167,0.6414538025856018,0.18633539974689484
YGR217W,YPL236C,0,1.5323504,0.25974541902542114,0.6414538025856018,0.18643558025360107
YDR110W,YNL039W,0,1.532007,0.2596421539783478,0.6414538025856018,0.1865357607603073
YNL339C,YOL090W,1,1.5320052,0.2599363923072815,0.642436146736145,0.1865357607603073
YDR239C,YDL105W,0,1.5319885,0.25983312726020813,0.642436146736145,0.18663594126701355
YPR106W,YMR322C,0,1.5309161,0.25972995162010193,0.642436146736145,0.1867361217737198
YKL148C,YIL056W,0,1.5306977,0.2596268355846405,0.642436146736145,0.18683630228042603
YPR164W,YHR081W,1,1.5305706,0.2599206268787384,0.6434184908866882,0.18683630228042603
YDR235W,YMR243C,0,1.5305388,0.25981754064559937,0.6434184908866882,0.18693648278713226
YDR266C,YNL233W,0,1.530256,0.2597145140171051,0.6434184908866882,0.1870366632938385
YMR006C,YPL224C,0,1.5302554,0.259611576795578,0.6434184908866882,0.18713684380054474
YFR008W,YPL239W,0,1.5298443,0.25950872898101807,0.6434184908866882,0.18723702430725098
YGL211W,YER142C,0,1.5293905,0.2594059407711029,0.6434184908866882,0.18733720481395721
YKR075C,YIR015W,0,1.5284419,0.2593032419681549,0.6434184908866882,0.18743738532066345
YPL012W,YBR028C,0,1.5281919,0.2592006325721741,0.6434184908866882,0.1875375658273697
YKR092C,YIL125W,0,1.5279194,0.2590981125831604,0.6434184908866882,0.18763774633407593
YBR102C,YOR330C,0,1.5277668,0.2589956521987915,0.6434184908866882,0.18773792684078217
YDL042C,YMR201C,0,1.5277492,0.25889328122138977,0.6434184908866882,0.1878381073474884
YLR371W,YDR501W,0,1.5265542,0.2587909996509552,0.6434184908866882,0.18793828785419464
YHL035C,YMR323W,0,1.5260345,0.2586887776851654,0.6434184908866882,0.18803846836090088
YDR077W,YGR172C,0,1.5259857,0.2585866451263428,0.6434184908866882,0.18813864886760712
YBR068C,YBL005W-A,0,1.5258424,0.2584846019744873,0.6434184908866882,0.18823882937431335
YDR440W,YIL126W,0,1.5252987,0.258382648229599,0.6434184908866882,0.1883390098810196
YOR144C,YNR033W,0,1.5248481,0.25828075408935547,0.6434184908866882,0.18843919038772583
YPL108W,YNR038W,0,1.5242047,0.2581789493560791,0.6434184908866882,0.18853937089443207
YBR136W,YFL003C,1,1.5240619,0.2584712505340576,0.6444007754325867,0.18853937089443207
YBL091C,YIR019C,0,1.5238546,0.25836944580078125,0.6444007754325867,0.1886395514011383
YDR545W,YAR007C,1,1.5224367,0.2586614191532135,0.6453831195831299,0.1886395514011383
YHR089C,YKL042W,0,1.5222849,0.25855961441993713,0.6453831195831299,0.18873973190784454
YJR150C,YBR109C,0,1.5216969,0.25845789909362793,0.6453831195831299,0.18883991241455078
YOR258W,YLR276C,0,1.521535,0.2583562731742859,0.6453831195831299,0.18894009292125702
YDL137W,YPR164W,0,1.5212874,0.2582547068595886,0.6453831195831299,0.18904027342796326
YEL021W,YBL088C,0,1.5210868,0.2581532299518585,0.6453831195831299,0.1891404539346695
YJR064W,YCL010C,0,1.5204579,0.2580518424510956,0.6453831195831299,0.18924063444137573
YMR201C,YGR211W,0,1.5200576,0.2579505443572998,0.6453831195831299,0.18934081494808197
YMR118C,YBR302C,0,1.5200542,0.2578493058681488,0.6453831195831299,0.1894409954547882
YDL236W,YNR071C,0,1.5196757,0.2577481269836426,0.6453831195831299,0.18954117596149445
YLL038C,YCL044C,0,1.5193907,0.2576470673084259,0.6453831195831299,0.18964135646820068
YKL025C,YAL003W,0,1.5189451,0.257546067237854,0.6453831195831299,0.18974153697490692
YNL115C,YMR277W,0,1.5186194,0.2574451267719269,0.6453831195831299,0.18984171748161316
YAL047C,YHR052W,0,1.5185572,0.2573443055152893,0.6453831195831299,0.1899418979883194
YBR084W,YFR003C,0,1.5180243,0.2572435438632965,0.6453831195831299,0.19004207849502563
YKR064W,YOR384W,0,1.5179912,0.2571428716182709,0.6453831195831299,0.19014225900173187
YGR256W,YML014W,0,1.5177056,0.25704225897789,0.6453831195831299,0.1902424395084381
YPL190C,YOL027C,0,1.5175263,0.2569417357444763,0.6453831195831299,0.19034262001514435
YNL190W,YER184C,0,1.5172205,0.2568412721157074,0.6453831195831299,0.19044280052185059
YKL059C,YML045W,0,1.5171051,0.256740927696228,0.6453831195831299,0.19054298102855682
YML095C,YMR171C,0,1.5170089,0.25664061307907104,0.6453831195831299,0.19064316153526306
YJR027W,YDL164C,1,1.5166067,0.2569308876991272,0.6463654041290283,0.19064316153526306
YML011C,YLR435W,0,1.5159324,0.2568306028842926,0.6463654041290283,0.1907433420419693
YKR096W,YLR205C,0,1.5151632,0.25673040747642517,0.6463654041290283,0.19084352254867554
YGR061C,YBR149W,0,1.5146446,0.2566302716732025,0.6463654041290283,0.19094370305538177
YDR017C,YPL141C,0,1.5145928,0.256530225276947,0.6463654041290283,0.191043883562088
YBR021W,YLR413W,0,1.5140016,0.2564302384853363,0.6463654041290283,0.19114406406879425
YMR021C,YKR048C,0,1.5139346,0.25633034110069275,0.6463654041290283,0.1912442445755005
YDR471W,YCL044C,0,1.5136102,0.25623053312301636,0.6463654041290283,0.19134442508220673
YKL113C,YHR157W,1,1.5125122,0.25652003288269043,0.6473477482795715,0.19134442508220673
YER190W,YMR167W,1,1.5121555,0.2568093240261078,0.64833003282547,0.19134442508220673
YML045W,YMR284W,1,1.512017,0.25709840655326843,0.6493123769760132,0.19134442508220673
YMR171C,YKL005C,0,1.5117737,0.2569984495639801,0.6493123769760132,0.19144460558891296
YBR160W,YDR225W,0,1.5113982,0.25689855217933655,0.6493123769760132,0.1915447860956192
YDR446W,YOR141C,1,1.5108192,0.25718724727630615,0.6502947211265564,0.1915447860956192
YBL100W-A,YHR148W,0,1.5107945,0.257087379693985,0.6502947211265564,0.19164496660232544
YJL165C,YPL043W,0,1.5107015,0.2569875717163086,0.6502947211265564,0.19174514710903168
YPR186C,YDR147W,0,1.510389,0.25688785314559937,0.6502947211265564,0.19184532761573792
YIL013C,YER029C,0,1.5103346,0.2567881941795349,0.6502947211265564,0.19194550812244415
YLR040C,YLR015W,0,1.5098165,0.2566886246204376,0.6502947211265564,0.1920456886291504
YOL034W,YAR019C,0,1.5095614,0.2565891444683075,0.6502947211265564,0.19214586913585663
YCL027W,YER178W,0,1.509266,0.25648972392082214,0.6502947211265564,0.19224604964256287
YGR296W,YBL002W,0,1.5085393,0.25639039278030396,0.6502947211265564,0.1923462301492691
YEL011W,YAL035W,0,1.5084827,0.25629112124443054,0.6502947211265564,0.19244641065597534
YDR545W,YDR180W,1,1.5078977,0.2565789520740509,0.6512770056724548,0.19244641065597534
YNR063W,YCL040W,0,1.5078747,0.2564796805381775,0.6512770056724548,0.19254659116268158
YOR075W,YLR210W,0,1.5070461,0.25638049840927124,0.6512770056724548,0.19264675676822662
YIL066C,YBL042C,0,1.5069093,0.25628140568733215,0.6512770056724548,0.19274693727493286
YGR159C,YKR037C,0,1.5065073,0.25618237257003784,0.6512770056724548,0.1928471177816391
YKL011C,YLR376C,1,1.5064281,0.2564696669578552,0.652259349822998,0.1928471177816391
YJL113W,YGR123C,0,1.506152,0.2563706636428833,0.652259349822998,0.19294729828834534
YPL157W,YLL016W,0,1.5058123,0.25627171993255615,0.652259349822998,0.19304747879505157
YNL280C,YDL049C,0,1.5056826,0.2561728358268738,0.652259349822998,0.1931476593017578
YLL032C,YBR229C,0,1.5049018,0.25607404112815857,0.652259349822998,0.19324783980846405
YDL209C,YNL111C,0,1.5048136,0.2559753358364105,0.652259349822998,0.1933480203151703
YNL112W,YML110C,0,1.5045999,0.25587669014930725,0.652259349822998,0.19344820082187653
YAL025C,YPR036W,0,1.5043749,0.25577813386917114,0.652259349822998,0.19354838132858276
YBL075C,YKL033W,0,1.5036769,0.2556796371936798,0.652259349822998,0.193648561835289
YDL003W,YIL153W,0,1.5036298,0.25558122992515564,0.652259349822998,0.19374874234199524
YGR280C,YDL220C,0,1.5034384,0.25548288226127625,0.652259349822998,0.19384892284870148
YBR228W,YNL088W,1,1.502886,0.2557692229747772,0.6532416343688965,0.19384892284870148
YNL212W,YML076C,0,1.5024918,0.2556709051132202,0.6532416343688965,0.19394910335540771
YOR244W,YIL115C,0,1.5022932,0.255572646856308,0.6532416343688965,0.19404928386211395
YHR194W,YJL157C,0,1.5014141,0.2554744482040405,0.6532416343688965,0.1941494643688202
YLR007W,YML107C,0,1.501218,0.25537633895874023,0.6532416343688965,0.19424964487552643
YHR202W,YLR405W,0,1.5011106,0.2552783191204071,0.6532416343688965,0.19434982538223267
YJR097W,YCR054C,0,1.5010628,0.25518035888671875,0.6532416343688965,0.1944500058889389
YHR176W,YPR169W,0,1.5004036,0.25508245825767517,0.6532416343688965,0.19455018639564514
YBR098W,YMR195W,0,1.5000204,0.25498467683792114,0.6532416343688965,0.19465036690235138
YOR371C,YLR315W,0,1.5000159,0.2548869252204895,0.6532416343688965,0.19475054740905762
YIL019W,YPR169W,0,1.4997267,0.254789263010025,0.6532416343688965,0.19485072791576385
YOL031C,YER065C,0,1.4983636,0.2546916902065277,0.6532416343688965,0.1949509084224701
YJR075W,YOL018C,0,1.4983082,0.25459417700767517,0.6532416343688965,0.19505108892917633
YHR197W,YPL253C,0,1.4975249,0.2544967532157898,0.6532416343688965,0.19515126943588257
YGR103W,YOR255W,0,1.4973384,0.2543993890285492,0.6532416343688965,0.1952514499425888
YNL339C,YMR284W,1,1.4973203,0.2546845078468323,0.6542239785194397,0.1952514499425888
YDR160W,YGR296W,0,1.4972483,0.2545871436595917,0.6542239785194397,0.19535163044929504
YMR306W,YDL226C,0,1.4964991,0.25448986887931824,0.6542239785194397,0.19545181095600128
YHL028W,YOR141C,0,1.496453,0.2543926537036896,0.6542239785194397,0.19555199146270752
YNL148C,YAL001C,0,1.4964519,0.2542955279350281,0.6542239785194397,0.19565217196941376
YNL075W,YLR390W-A,0,1.4964443,0.25419846177101135,0.6542239785194397,0.19575235247612
YKL188C,YPR120C,0,1.4960984,0.2541014850139618,0.6542239785194397,0.19585253298282623
YKL193C,YBR203W,0,1.4960452,0.254004567861557,0.6542239785194397,0.19595271348953247
YMR001C,YHR167W,1,1.4953719,0.2542889714241028,0.6552062630653381,0.19595271348953247
YAL042W,YKL178C,0,1.4946748,0.2541920840740204,0.6552062630653381,0.1960528939962387
YDR540C,YDR113C,1,1.4938418,0.2544761896133423,0.6561886072158813,0.1960528939962387
YLR441C,YGL136C,0,1.4937624,0.2543792724609375,0.6561886072158813,0.19615307450294495
YLR385C,YDL205C,0,1.4920663,0.2542824447154999,0.6561886072158813,0.19625325500965118
YGL116W,YDR045C,0,1.4918867,0.2541857063770294,0.6561886072158813,0.19635343551635742
YPL006W,YDR165W,0,1.4911782,0.25408899784088135,0.6561886072158813,0.19645361602306366
YMR281W,YKL139W,0,1.4910139,0.2539924085140228,0.6561886072158813,0.1965537965297699
YDR180W,YDL204W,0,1.4909108,0.2538958489894867,0.6561886072158813,0.19665397703647614
YGR223C,YHR186C,0,1.4909021,0.2537993788719177,0.6561886072158813,0.19675415754318237
YBL003C,YNL087W,0,1.4905928,0.2537029981613159,0.6561886072158813,0.1968543380498886
YGL131C,YJL057C,0,1.4900671,0.2536066770553589,0.6561886072158813,0.19695451855659485
YKR094C,YMR101C,0,1.4898945,0.253510445356369,0.6561886072158813,0.1970546990633011
YHR096C,YDR253C,0,1.4897807,0.2534142732620239,0.6561886072158813,0.19715487957000732
YGR086C,YOR078W,0,1.4896505,0.2533181607723236,0.6561886072158813,0.19725506007671356
YDR545W,YJL090C,1,1.4895442,0.25360122323036194,0.6571709513664246,0.19725506007671356
YDL072C,YIL090W,0,1.4894806,0.2535051107406616,0.6571709513664246,0.1973552405834198
YJR007W,YPL283C,0,1.4890898,0.25340908765792847,0.6571709513664246,0.19745542109012604
YKL024C,YDR402C,0,1.4880627,0.2533131241798401,0.6571709513664246,0.19755560159683228
YFR031C-A,YOR028C,0,1.4875388,0.25321725010871887,0.6571709513664246,0.1976557821035385
YFL004W,YGR212W,0,1.4873785,0.2531214654445648,0.6571709513664246,0.19775596261024475
YMR313C,YPL121C,0,1.4871814,0.25302571058273315,0.6571709513664246,0.197856143116951
YJR010C-A,YDL014W,0,1.4858507,0.25293004512786865,0.6571709513664246,0.19795632362365723
YLL048C,YDL239C,0,1.4855386,0.2528344690799713,0.6571709513664246,0.19805650413036346
YMR167W,YDL082W,0,1.4855223,0.25273895263671875,0.6571709513664246,0.1981566846370697
YNL145W,YFR015C,0,1.4854099,0.25264349579811096,0.6571709513664246,0.19825686514377594
YGL079W,YHR033W,0,1.4852132,0.25254812836647034,0.6571709513664246,0.19835704565048218
YGR099W,YEL020W-A,0,1.4850938,0.2524528205394745,0.6571709513664246,0.19845722615718842
YER140W,YCL061C,0,1.4850084,0.2523576021194458,0.6571709513664246,0.19855740666389465
YDR300C,YNL065W,0,1.4836267,0.2522624433040619,0.6571709513664246,0.1986575871706009
YBR245C,YDR386W,0,1.4836184,0.25216734409332275,0.6571709513664246,0.19875776767730713
YPL144W,YOR344C,0,1.483235,0.2520723342895508,0.6571709513664246,0.19885794818401337
YDL017W,YJL133W,0,1.4825428,0.25197741389274597,0.6571709513664246,0.1989581286907196
YJL113W,YDR440W,1,1.4801672,0.2522590458393097,0.658153235912323,0.1989581286907196
YLR204W,YDL194W,0,1.4801625,0.2521640956401825,0.658153235912323,0.19905830919742584
YDR420W,YML067C,0,1.4796879,0.25206923484802246,0.658153235912323,0.19915848970413208
YOR009W,YKL218C,0,1.479657,0.2519744336605072,0.658153235912323,0.19925867021083832
YBR019C,YPR184W,0,1.4789699,0.2518796920776367,0.658153235912323,0.19935885071754456
YER038C,YMR303C,0,1.47816,0.2517850399017334,0.658153235912323,0.1994590312242508
YPL021W,YJR125C,0,1.4781243,0.25169044733047485,0.658153235912323,0.19955921173095703
YLR096W,YDR438W,0,1.4776633,0.25159594416618347,0.658153235912323,0.19965939223766327
YDL209C,YER183C,0,1.4774605,0.25150150060653687,0.658153235912323,0.1997595727443695
YDL020C,YJL058C,0,1.4774104,0.25140711665153503,0.658153235912323,0.19985975325107574
YLR306W,YGL025C,0,1.4771808,0.25131282210350037,0.658153235912323,0.19995993375778198
YDL059C,YKL113C,1,1.4767476,0.25159355998039246,0.6591355800628662,0.19995993375778198
YBR101C,YNL088W,0,1.4761118,0.2514992356300354,0.6591355800628662,0.20006011426448822
YDR540C,YLR413W,0,1.4759399,0.2514050304889679,0.6591355800628662,0.20016029477119446
YOR092W,YGL195W,0,1.4754965,0.2513108551502228,0.6591355800628662,0.2002604752779007
YML130C,YKL081W,0,1.475262,0.2512167692184448,0.6591355800628662,0.20036065578460693
YHL013C,YLR345W,0,1.4745837,0.25112274289131165,0.6591355800628662,0.20046083629131317
YOL078W,YOL031C,0,1.4739498,0.25102880597114563,0.6591355800628662,0.2005610167980194
YBR254C,YLR363C,0,1.4738716,0.2509349286556244,0.6591355800628662,0.20066119730472565
YPL239W,YIL098C,0,1.4733461,0.2508411109447479,0.6591355800628662,0.20076137781143188
YNL330C,YBR098W,1,1.4733192,0.25112107396125793,0.6601178646087646,0.20076137781143188
YFL004W,YGL141W,0,1.4721644,0.25102725625038147,0.6601178646087646,0.20086154341697693
YGL119W,YLR067C,0,1.4719774,0.25093352794647217,0.6601178646087646,0.20096172392368317
YNL233W,YHR042W,0,1.4708972,0.25083985924720764,0.6601178646087646,0.2010619044303894
YOL069W,YLL024C,0,1.470673,0.2507462799549103,0.6601178646087646,0.20116208493709564
YLR307W,YNR046W,0,1.4702618,0.2506527304649353,0.6601178646087646,0.20126226544380188
YEL005C,YAR050W,0,1.470116,0.2505592703819275,0.6601178646087646,0.20136244595050812
YMR224C,YDR288W,1,1.4697107,0.25083860754966736,0.6611002087593079,0.20136244595050812
YJR123W,YIL120W,0,1.4696437,0.25074514746665955,0.6611002087593079,0.20146262645721436
YBL075C,YKL049C,0,1.4689602,0.2506517767906189,0.6611002087593079,0.2015628069639206
YER139C,YHR105W,0,1.4687802,0.250558465719223,0.6611002087593079,0.20166298747062683
YOR322C,YOL123W,0,1.4681376,0.2504652142524719,0.6611002087593079,0.20176316797733307
YLR022C,YPL190C,0,1.467889,0.2503720223903656,0.6611002087593079,0.2018633484840393
YGR033C,YJR129C,0,1.467564,0.25027891993522644,0.6611002087593079,0.20196352899074554
YKL109W,YDL205C,0,1.467433,0.25018587708473206,0.6611002087593079,0.20206370949745178
YML095C,YHR153C,1,1.4673613,0.2504644989967346,0.6620824933052063,0.20206370949745178
YER144C,YMR131C,0,1.467203,0.25037145614624023,0.6620824933052063,0.20216389000415802
YKL129C,YDR407C,0,1.466955,0.250278502702713,0.6620824933052063,0.20226407051086426
YMR015C,YOR256C,0,1.4669217,0.25018560886383057,0.6620824933052063,0.2023642510175705
YMR017W,YMR104C,0,1.4667202,0.2500927746295929,0.6620824933052063,0.20246443152427673
YIR026C,YML130C,0,1.4666337,0.25,0.6620824933052063,0.20256461203098297
YLR098C,YJL183W,0,1.4665952,0.24990729987621307,0.6620824933052063,0.2026647925376892
YMR283C,YER106W,0,1.4662873,0.24981467425823212,0.6620824933052063,0.20276497304439545
YNL088W,YLR013W,0,1.4661711,0.24972212314605713,0.6620824933052063,0.20286515355110168
YPR061C,YHL007C,0,1.4658774,0.24962963163852692,0.6620824933052063,0.20296533405780792
YPL194W,YER096W,0,1.4658226,0.24953721463680267,0.6620824933052063,0.20306551456451416
YDR255C,YDR402C,0,1.465783,0.2494448572397232,0.6620824933052063,0.2031656950712204
YPR081C,YGL243W,0,1.4655616,0.2493525743484497,0.6620824933052063,0.20326587557792664
YOR316C,YOR101W,0,1.4653631,0.24926035106182098,0.6620824933052063,0.20336605608463287
YOR035C,YDR489W,0,1.4653336,0.24916820228099823,0.6620824933052063,0.2034662365913391
YNR022C,YMR153W,0,1.4652658,0.24907612800598145,0.6620824933052063,0.20356641709804535
YEL026W,YMR190C,0,1.4643636,0.24898411333560944,0.6620824933052063,0.2036665976047516
YLR116W,YCR098C,0,1.4635098,0.2488921731710434,0.6620824933052063,0.20376677811145782
YGL246C,YGL175C,0,1.4634894,0.24880029261112213,0.6620824933052063,0.20386695861816406
YPL009C,YLR423C,0,1.4633069,0.24870848655700684,0.6620824933052063,0.2039671391248703
YOL096C,YEL003W,0,1.4627682,0.24861674010753632,0.6620824933052063,0.20406731963157654
YKR088C,YML040W,0,1.4624017,0.24852506816387177,0.6620824933052063,0.20416750013828278
YGR181W,YML043C,0,1.4621571,0.24843347072601318,0.6620824933052063,0.204267680644989
YDR520C,YNL077W,0,1.4620749,0.24834193289279938,0.6620824933052063,0.20436786115169525
YGR007W,YNL012W,0,1.4617838,0.24825045466423035,0.6620824933052063,0.2044680416584015
YHL038C,YDL060W,0,1.4614605,0.24815905094146729,0.6620824933052063,0.20456822216510773
YNL146W,YDL076C,0,1.4609333,0.2480677217245102,0.6620824933052063,0.20466840267181396
YFR042W,YLR272C,0,1.460744,0.24797645211219788,0.6620824933052063,0.2047685831785202
YBR004C,YOR334W,0,1.4601024,0.24788525700569153,0.6620824933052063,0.20486876368522644
YKL188C,YML059C,0,1.4594667,0.24779412150382996,0.6620824933052063,0.20496894419193268
YIR026C,YMR044W,0,1.459388,0.24770304560661316,0.6620824933052063,0.20506912469863892
YLR414C,YBR203W,0,1.4593414,0.24761204421520233,0.6620824933052063,0.20516930520534515
YKL209C,YMR280C,0,1.4589236,0.24752111732959747,0.6620824933052063,0.2052694857120514
YLR398C,YCR098C,0,1.4578294,0.2474302500486374,0.6620824933052063,0.20536966621875763
YDL240W,YPL209C,0,1.4574195,0.24733944237232208,0.6620824933052063,0.20546984672546387
YNR037C,YBL084C,0,1.4569789,0.24724870920181274,0.6620824933052063,0.2055700272321701
YGR035C,YBR188C,0,1.4568712,0.24715805053710938,0.6620824933052063,0.20567020773887634
YIL008W,YPL253C,0,1.4566488,0.24706745147705078,0.6620824933052063,0.20577038824558258
YLR466W,YDR446W,1,1.4563414,0.24734334647655487,0.6630648374557495,0.20577038824558258
YPR056W,YLR315W,0,1.4561881,0.24725274741649628,0.6630648374557495,0.20587056875228882
YHR139C,YBR001C,0,1.4559728,0.24716220796108246,0.6630648374557495,0.20597074925899506
YNL250W,YDL101C,1,1.4552283,0.24743777513504028,0.664047122001648,0.20597074925899506
YGL192W,YHR013C,0,1.4551238,0.24734723567962646,0.664047122001648,0.2060709297657013
YDR225W,YJL090C,0,1.4547325,0.24725677073001862,0.664047122001648,0.20617111027240753
YIL036W,YDR314C,0,1.4538442,0.24716636538505554,0.664047122001648,0.20627129077911377
YOL125W,YGR212W,0,1.4536272,0.24707601964473724,0.664047122001648,0.20637147128582
YGR041W,YLR004C,0,1.4527837,0.24698574841022491,0.664047122001648,0.20647165179252625
YPL021W,YBL093C,0,1.4523317,0.24689553678035736,0.664047122001648,0.20657183229923248
YAR015W,YER102W,0,1.4522563,0.24680539965629578,0.664047122001648,0.20667201280593872
YDR368W,YER124C,0,1.4520288,0.24671532213687897,0.664047122001648,0.20677219331264496
YDL193W,YLR158C,0,1.4520038,0.24662531912326813,0.664047122001648,0.2068723738193512
YIL090W,YJR110W,0,1.4517602,0.24653537571430206,0.664047122001648,0.20697255432605743
YPR175W,YNL015W,0,1.4515046,0.24644549190998077,0.664047122001648,0.20707273483276367
YDL195W,YJR095W,0,1.4506823,0.24635568261146545,0.664047122001648,0.2071729153394699
YBR299W,YLR066W,0,1.4505619,0.2462659329175949,0.664047122001648,0.20727309584617615
YDR386W,YLR376C,1,1.4499953,0.24654042720794678,0.6650294661521912,0.20727309584617615
YFL003C,YIL131C,0,1.4493178,0.24645067751407623,0.6650294661521912,0.20737327635288239
YOR115C,YGR156W,0,1.4492992,0.24636098742485046,0.6650294661521912,0.20747345685958862
YBR012W-B,YLR288C,1,1.4490985,0.24663513898849487,0.6660118103027344,0.20747345685958862
YNL233W,YHR186C,0,1.4488392,0.2465454488992691,0.6660118103027344,0.20757363736629486
YBR161W,YJR109C,0,1.4482349,0.2464558333158493,0.6660118103027344,0.2076738178730011
YDR312W,YMR282C,0,1.448191,0.24636627733707428,0.6660118103027344,0.20777399837970734
YMR204C,YDR186C,0,1.4477416,0.24627679586410522,0.6660118103027344,0.20787417888641357
YOR132W,YPL061W,0,1.4477092,0.24618735909461975,0.6660118103027344,0.2079743593931198
YJR088C,YLL035W,0,1.447646,0.24609799683094025,0.6660118103027344,0.20807453989982605
YJR097W,YGR159C,0,1.4473305,0.2460087090730667,0.6660118103027344,0.2081747204065323
YLR306W,YHR024C,0,1.4452466,0.24591948091983795,0.6660118103027344,0.20827490091323853
YIL144W,YPL061W,0,1.4446746,0.24583031237125397,0.6660118103027344,0.20837508141994476
YDL154W,YKR099W,1,1.4441327,0.2461036592721939,0.6669940948486328,0.20837508141994476
YNL063W,YPR174C,0,1.4439591,0.24601449072360992,0.6669940948486328,0.208475261926651
YPL192C,YDL010W,0,1.4434235,0.2459253966808319,0.6669940948486328,0.20857544243335724
YPR073C,YER044C-A,0,1.4428364,0.24583634734153748,0.6669940948486328,0.20867562294006348
YPL232W,YOR009W,0,1.4416497,0.245747372508049,0.6669940948486328,0.20877580344676971
YIL117C,YKL167C,0,1.4410291,0.24565847218036652,0.6669940948486328,0.20887598395347595
YPR122W,YBR200W,0,1.440636,0.2455696165561676,0.6669940948486328,0.2089761644601822
YLL013C,YGL243W,0,1.4404641,0.24548083543777466,0.6669940948486328,0.20907633006572723
YOR119C,YGR024C,0,1.4402417,0.24539212882518768,0.6669940948486328,0.20917651057243347
YML088W,YJR077C,0,1.440068,0.2453034669160843,0.6669940948486328,0.2092766910791397
YPR106W,YMR009W,0,1.4400312,0.24521487951278687,0.6669940948486328,0.20937687158584595
YMR150C,YLR284C,0,1.4400295,0.24512635171413422,0.6669940948486328,0.20947705209255219
YKL088W,YDR481C,0,1.439289,0.24503789842128754,0.6669940948486328,0.20957723259925842
YDL112W,YJL196C,0,1.4383925,0.24494948983192444,0.6669940948486328,0.20967741310596466
YNL306W,YDR075W,0,1.438381,0.2448611557483673,0.6669940948486328,0.2097775936126709
YDL146W,YLR119W,0,1.4380354,0.24477289617061615,0.6669940948486328,0.20987777411937714
YBR291C,YPL236C,0,1.4376992,0.24468468129634857,0.6669940948486328,0.20997795462608337
YPR140W,YNL111C,0,1.4374543,0.24459654092788696,0.6669940948486328,0.2100781351327896
YCL035C,YDR363W-A,0,1.4374193,0.24450846016407013,0.6669940948486328,0.21017831563949585
YEL003W,YIL085C,0,1.4365264,0.24442043900489807,0.6669940948486328,0.2102784961462021
YER124C,YOR359W,0,1.4357458,0.24433249235153198,0.6669940948486328,0.21037867665290833
YDR381W,YKL108W,0,1.4357109,0.24424460530281067,0.6669940948486328,0.21047885715961456
YKR052C,YNL069C,0,1.4356744,0.24415677785873413,0.6669940948486328,0.2105790376663208
YCR089W,YDL147W,0,1.4355371,0.24406901001930237,0.6669940948486328,0.21067921817302704
YJR159W,YDR156W,0,1.4354614,0.24398131668567657,0.6669940948486328,0.21077939867973328
YLR238W,YDR303C,0,1.4343101,0.24389368295669556,0.6669940948486328,0.21087957918643951
YDR369C,YJR027W,1,1.4333074,0.24416516721248627,0.667976438999176,0.21087957918643951
YFL003C,YML010W,0,1.4330951,0.24407753348350525,0.667976438999176,0.21097975969314575
YFL004W,YDL058W,0,1.4330119,0.243989959359169,0.667976438999176,0.211079940199852
YDR317W,YBL087C,0,1.4325647,0.24390244483947754,0.667976438999176,0.21118012070655823
YFL052W,YHR014W,0,1.4323974,0.24381498992443085,0.667976438999176,0.21128030121326447
YNL254C,YLR315W,0,1.4320672,0.24372759461402893,0.667976438999176,0.2113804817199707
YIL019W,YDR523C,0,1.4315882,0.24364027380943298,0.667976438999176,0.21148066222667694
YER051W,YPR186C,0,1.4312587,0.2435530126094818,0.667976438999176,0.21158084273338318
YIL150C,YHL022C,0,1.4310814,0.24346581101417542,0.667976438999176,0.21168102324008942
YLR466W,YPL140C,0,1.4308525,0.2433786690235138,0.667976438999176,0.21178120374679565
YDR540C,YOR141C,1,1.4307071,0.24364937841892242,0.6689587235450745,0.21178120374679565
YLR219W,YDR440W,1,1.4306434,0.24391987919807434,0.6699410676956177,0.21178120374679565
YNL250W,YDR540C,1,1.4305009,0.24419020116329193,0.6709233522415161,0.21178120374679565
YPL074W,YJR150C,0,1.4293671,0.24410292506217957,0.6709233522415161,0.2118813842535019
YBR227C,YMR192W,0,1.429176,0.24401572346687317,0.6709233522415161,0.21198156476020813
YGR174C,YLR097C,0,1.4286556,0.24392856657505035,0.6709233522415161,0.21208174526691437
YJR015W,YCL075W,0,1.4285978,0.2438414841890335,0.6709233522415161,0.2121819257736206
YGR057C,YOR197W,0,1.4279547,0.24375446140766144,0.6709233522415161,0.21228210628032684
YOR328W,YNR022C,0,1.4273096,0.24366749823093414,0.6709233522415161,0.21238228678703308
YLR222C,YDL098C,0,1.4269229,0.24358059465885162,0.6709233522415161,0.21248246729373932
YLR466W,YDR480W,0,1.4263183,0.24349376559257507,0.6709233522415161,0.21258264780044556
YDR153C,YOL069W,0,1.4262408,0.2434069812297821,0.6709233522415161,0.2126828283071518
YOR004W,YJL159W,0,1.4258695,0.2433202713727951,0.6709233522415161,0.21278300881385803
YOR272W,YIR006C,0,1.4256803,0.24323362112045288,0.6709233522415161,0.21288318932056427
YOR211C,YKL152C,0,1.4246398,0.24314703047275543,0.6709233522415161,0.2129833698272705
YJL051W,YDR468C,0,1.4245452,0.24306049942970276,0.6709233522415161,0.21308355033397675
YBL057C,YER179W,0,1.423383,0.24297402799129486,0.6709233522415161,0.21318373084068298
YDL049C,YLL018C-A,0,1.4232732,0.24288763105869293,0.6709233522415161,0.21328391134738922
YDL193W,YDL049C,0,1.4230855,0.24280127882957458,0.6709233522415161,0.21338409185409546
YER030W,YBR168W,0,1.4228853,0.2427150011062622,0.6709233522415161,0.2134842723608017
YGR003W,YDL014W,0,1.4226743,0.2426287680864334,0.6709233522415161,0.21358445286750793
YDL113C,YMR086W,0,1.4222758,0.24254260957241058,0.6709233522415161,0.21368463337421417
YGR090W,YML081C-A,0,1.4218131,0.24245651066303253,0.6709233522415161,0.2137848138809204
YNR047W,YKR092C,0,1.421783,0.24237047135829926,0.6709233522415161,0.21388499438762665
YIL009W,YDR031W,0,1.4217461,0.24228449165821075,0.6709233522415161,0.21398517489433289
YIL157C,YBL084C,0,1.4201245,0.24219858646392822,0.6709233522415161,0.21408535540103912
YHR157W,YMR165C,0,1.4193621,0.24211272597312927,0.6709233522415161,0.21418553590774536
YJL153C,YNL064C,0,1.4179113,0.2420269250869751,0.6709233522415161,0.2142857164144516
YPL248C,YBL030C,0,1.4178313,0.2419411987066269,0.6709233522415161,0.21438589692115784
YDR244W,YHR116W,0,1.417252,0.24185551702976227,0.6709233522415161,0.21448607742786407
YFL062W,YDR165W,0,1.4167663,0.2417699098587036,0.6709233522415161,0.2145862579345703
YIL056W,YOR210W,0,1.4166081,0.24168436229228973,0.6709233522415161,0.21468643844127655
YLR430W,YDR536W,0,1.4165034,0.24159887433052063,0.6709233522415161,0.2147866189479828
YOR383C,YOR087W,0,1.4164048,0.2415134310722351,0.6709233522415161,0.21488679945468903
YDL154W,YLR263W,1,1.4162472,0.241781547665596,0.6719056963920593,0.21488679945468903
YNL041C,YDR101C,0,1.4158397,0.24169611930847168,0.6719056963920593,0.21498697996139526
YNL139C,YBR035C,0,1.4154499,0.24161073565483093,0.6719056963920593,0.2150871604681015
YKL073W,YDR422C,0,1.4152275,0.24152542650699615,0.6719056963920593,0.21518734097480774
YBL100W-B,YGL055W,0,1.4148449,0.24144016206264496,0.6719056963920593,0.21528752148151398
YPL236C,YGL147C,0,1.4144822,0.24135497212409973,0.6719056963920593,0.21538770198822021
YKR022C,YJL108C,0,1.4138149,0.24126984179019928,0.6719056963920593,0.21548788249492645
YIL087C,YDL209C,0,1.4131747,0.2411847710609436,0.6719056963920593,0.2155880630016327
YER184C,YBR135W,0,1.413122,0.2410997599363327,0.6719056963920593,0.21568824350833893
YML045W,YDR076W,1,1.4130837,0.2413671612739563,0.6728880405426025,0.21568824350833893
YKL108W,YPL236C,0,1.4127053,0.2412821352481842,0.6728880405426025,0.21578842401504517
YDR138W,YHR039C,1,1.4124782,0.2415492981672287,0.673870325088501,0.21578842401504517
YBR152W,YBR126C,0,1.412393,0.2414642721414566,0.673870325088501,0.2158886045217514
YLR320W,YGR103W,0,1.4122636,0.24137930572032928,0.673870325088501,0.21598878502845764
YDR270W,YHR185C,0,1.4121388,0.24129441380500793,0.673870325088501,0.21608896553516388
YKR105C,YHR081W,0,1.412001,0.24120956659317017,0.673870325088501,0.21618914604187012
YBR181C,YKR064W,0,1.4116867,0.24112477898597717,0.673870325088501,0.21628932654857635
YEL048C,YGL064C,0,1.4115793,0.24104005098342896,0.673870325088501,0.2163895070552826
YOR140W,YER032W,0,1.4111184,0.2409553974866867,0.673870325088501,0.21648968756198883
YNL139C,YDR268W,0,1.4107656,0.24087078869342804,0.673870325088501,0.21658986806869507
YLR004C,YDL108W,0,1.4106706,0.24078623950481415,0.673870325088501,0.2166900485754013
YJR064W,YAL028W,0,1.4105153,0.24070174992084503,0.673870325088501,0.21679022908210754
YKL140W,YKL220C,0,1.41034,0.2406173199415207,0.673870325088501,0.21689040958881378
YEL006W,YBR029C,0,1.4096102,0.24053296446800232,0.673870325088501,0.21699059009552002
YEL077C,YAL023C,0,1.4089172,0.24044865369796753,0.673870325088501,0.21709077060222626
YGR026W,YKR095W,0,1.4087893,0.24036440253257751,0.673870325088501,0.2171909511089325
YMR263W,YGL201C,0,1.4086567,0.24028021097183228,0.673870325088501,0.21729111671447754
YDL059C,YAR007C,1,1.4086238,0.24054621160030365,0.6748526692390442,0.21729111671447754
YPL242C,YLR200W,0,1.4084499,0.2404620200395584,0.6748526692390442,0.21739129722118378
YPR201W,YOR372C,0,1.4082682,0.24037788808345795,0.6748526692390442,0.21749147772789001
YLR061W,YDR243C,0,1.4081599,0.24029381573200226,0.6748526692390442,0.21759165823459625
YCR081W,YDL243C,0,1.4081243,0.24020978808403015,0.6748526692390442,0.2176918387413025
YML047C,YHL031C,0,1.407002,0.240125834941864,0.6748526692390442,0.21779201924800873
YLL048C,YIL073C,0,1.4065552,0.24004192650318146,0.6748526692390442,0.21789219975471497
YPL137C,YDL220C,0,1.4061687,0.23995809257030487,0.6748526692390442,0.2179923802614212
YBL061C,YKL178C,0,1.406022,0.23987430334091187,0.6748526692390442,0.21809256076812744
YOR005C,YPL269W,0,1.4053844,0.23979057371616364,0.6748526692390442,0.21819274127483368
YDR219C,YKR024C,0,1.4051054,0.23970690369606018,0.6748526692390442,0.21829292178153992
YDR369C,YPL194W,1,1.4048878,0.2399720996618271,0.6758349537849426,0.21829292178153992
YOR337W,YHR046C,0,1.4046232,0.23988842964172363,0.6758349537849426,0.21839310228824615
YBL035C,YGL185C,0,1.4036399,0.23980480432510376,0.6758349537849426,0.2184932827949524
YNL036W,YAR019C,0,1.4035778,0.23972125351428986,0.6758349537849426,0.21859346330165863
YOL132W,YKR014C,0,1.4034109,0.23963776230812073,0.6758349537849426,0.21869364380836487
YGL145W,YDR315C,0,1.4031917,0.23955431580543518,0.6758349537849426,0.2187938243150711
YPR005C,YOL139C,0,1.4023298,0.2394709289073944,0.6758349537849426,0.21889400482177734
YBL013W,YDR469W,0,1.4019362,0.2393876165151596,0.6758349537849426,0.21899418532848358
YBR060C,YOL060C,0,1.4019238,0.2393043488264084,0.6758349537849426,0.21909436583518982
YER124C,YIL068C,0,1.4018312,0.23922114074230194,0.6758349537849426,0.21919454634189606
YOR077W,YJL180C,0,1.4015864,0.23913799226284027,0.6758349537849426,0.2192947268486023
YDR446W,YML005W,0,1.4012808,0.23905490338802338,0.6758349537849426,0.21939490735530853
YML023C,YJR118C,0,1.4011276,0.23897185921669006,0.6758349537849426,0.21949508786201477
YKL055C,YDL093W,0,1.4009225,0.23888888955116272,0.6758349537849426,0.219595268368721
YML111W,YFR053C,0,1.4005046,0.23880596458911896,0.6758349537849426,0.21969544887542725
YNR008W,YHR033W,0,1.4001808,0.23872311413288116,0.6758349537849426,0.21979562938213348
YER056C,YKL055C,0,1.3998071,0.23864030838012695,0.6758349537849426,0.21989580988883972
YKL155C,YPL108W,0,1.3993635,0.23855756223201752,0.6758349537849426,0.21999599039554596
YOR045W,YCL010C,0,1.3992907,0.23847487568855286,0.6758349537849426,0.2200961709022522
YIR019C,YGL126W,0,1.399221,0.23839223384857178,0.6758349537849426,0.22019635140895844
YDR033W,YIL049W,0,1.3988799,0.23830966651439667,0.6758349537849426,0.22029653191566467
YDR468C,YML043C,0,1.3987088,0.23822714388370514,0.6758349537849426,0.2203967124223709
YBR019C,YBR060C,0,1.3986412,0.2381446808576584,0.6758349537849426,0.22049689292907715
YGL047W,YPL046C,0,1.3985713,0.2380622774362564,0.6758349537849426,0.2205970734357834
YDL109C,YGR286C,0,1.3983703,0.2379799336194992,0.6758349537849426,0.22069725394248962
YNL124W,YMR261C,0,1.39803,0.23789764940738678,0.6758349537849426,0.22079743444919586
YIL065C,YMR131C,0,1.3977687,0.23781540989875793,0.6758349537849426,0.2208976149559021
YJL167W,YNL227C,0,1.397447,0.23773324489593506,0.6758349537849426,0.22099779546260834
YDR320C,YPR068C,0,1.3973917,0.23765112459659576,0.6758349537849426,0.22109797596931458
YBR302C,YER183C,0,1.3972985,0.23756906390190125,0.6758349537849426,0.2211981564760208
YDR406W,YPL189W,0,1.3969924,0.2374870628118515,0.6758349537849426,0.22129833698272705
YBR065C,YDR468C,0,1.3965828,0.23740510642528534,0.6758349537849426,0.2213985174894333
YER173W,YOL072W,1,1.3958998,0.23766815662384033,0.6768172979354858,0.2213985174894333
YNL031C,YBR045C,0,1.3958846,0.23758620023727417,0.6768172979354858,0.22149869799613953
YGL131C,YFL004W,0,1.3947247,0.23750430345535278,0.6768172979354858,0.22159887850284576
YBR012W-B,YLR418C,1,1.3946699,0.2377670556306839,0.6777995824813843,0.22159887850284576
YNR053C,YER088C,0,1.3946425,0.2376851588487625,0.6777995824813843,0.221699059009552
YHR200W,YGR083C,0,1.3936919,0.2376033067703247,0.6777995824813843,0.22179923951625824
YER030W,YLR362W,0,1.393469,0.23752151429653168,0.6777995824813843,0.22189942002296448
YFR041C,YNL210W,0,1.3931379,0.23743978142738342,0.6777995824813843,0.22199960052967072
YOR381W,YKL173W,0,1.3928261,0.23735810816287994,0.6777995824813843,0.22209978103637695
YER171W,YER160C,1,1.392511,0.23762035369873047,0.6787819266319275,0.22209978103637695
YGR009C,YDR450W,0,1.3922817,0.237538680434227,0.6787819266319275,0.2221999615430832
YAR071W,YFR015C,0,1.3922294,0.2374570518732071,0.6787819266319275,0.22230014204978943
YDL069C,YJL069C,0,1.3921092,0.23737546801567078,0.6787819266319275,0.22240032255649567
YPL181W,YNR054C,0,1.3919888,0.23729395866394043,0.6787819266319275,0.2225005030632019
YOL084W,YOL105C,0,1.391797,0.23721249401569366,0.6787819266319275,0.22260068356990814
YGR278W,YNR033W,0,1.39147,0.23713108897209167,0.6787819266319275,0.22270086407661438
YNR032W,YKL081W,0,1.3913754,0.23704974353313446,0.6787819266319275,0.22280104458332062
YDR362C,YHR123W,0,1.3910779,0.23696844279766083,0.6787819266319275,0.22290122509002686
YGR008C,YMR232W,0,1.3907437,0.23688721656799316,0.6787819266319275,0.2230014055967331
YIL096C,YGR287C,0,1.3905385,0.23680603504180908,0.6787819266319275,0.22310158610343933
YBL005W-B,YNL088W,1,1.390157,0.23706749081611633,0.6797642707824707,0.22310158610343933
YHR050W,YDR314C,0,1.3900737,0.23698629438877106,0.6797642707824707,0.22320176661014557
YAL048C,YDR058C,0,1.3899971,0.23690517246723175,0.6797642707824707,0.2233019471168518
YJR064W,YIL056W,0,1.3889239,0.23682409524917603,0.6797642707824707,0.22340212762355804
YGL131C,YGL096W,0,1.3883929,0.23674307763576508,0.6797642707824707,0.22350230813026428
YFR038W,YNL210W,1,1.388328,0.2370041012763977,0.6807465553283691,0.22350230813026428
YPL162C,YPR021C,0,1.3878244,0.23692308366298676,0.6807465553283691,0.22360248863697052
YGL059W,YNL068C,0,1.3877181,0.2368421107530594,0.6807465553283691,0.22370266914367676
YJL173C,YPL121C,1,1.387686,0.23710283637046814,0.6817288994789124,0.22370266914367676
YLR006C,YBL055C,0,1.3873115,0.23702186346054077,0.6817288994789124,0.223802849650383
YKL060C,YIL120W,0,1.3870171,0.23694093525409698,0.6817288994789124,0.22390303015708923
YLR414C,YCL048W,0,1.3869456,0.23686006665229797,0.6817288994789124,0.22400321066379547
YOL059W,YHR092C,0,1.3867011,0.23677925765514374,0.6817288994789124,0.2241033911705017
YHR021C,YGR108W,0,1.3866068,0.23669849336147308,0.6817288994789124,0.22420357167720795
YBL075C,YLR382C,0,1.3865472,0.2366178035736084,0.6817288994789124,0.22430375218391418
YPL022W,YJL177W,0,1.3864399,0.2365371435880661,0.6817288994789124,0.22440393269062042
YPR010C,YDR019C,0,1.3856783,0.23645655810832977,0.6817288994789124,0.22450411319732666
YDR194C,YDR363W-A,0,1.3856202,0.23637601733207703,0.6817288994789124,0.2246042937040329
YAR018C,YER051W,0,1.3856177,0.23629553616046906,0.6817288994789124,0.22470447421073914
YOR214C,YDR036C,0,1.3856064,0.23621511459350586,0.6817288994789124,0.22480465471744537
YCL035C,YBL019W,0,1.385173,0.23613473773002625,0.6817288994789124,0.2249048352241516
YKL026C,YDR301W,0,1.3849702,0.2360544204711914,0.6817288994789124,0.22500501573085785
YNL058C,YML076C,0,1.3846754,0.23597416281700134,0.6817288994789124,0.2251051962375641
YNL339C,YJL208C,1,1.3832297,0.23623386025428772,0.6827111840248108,0.2251051962375641
YJR054W,YDR204W,0,1.3827784,0.23615358769893646,0.6827111840248108,0.22520537674427032
YOR312C,YPL186C,0,1.381905,0.23607337474822998,0.6827111840248108,0.22530555725097656
YMR078C,YNL139C,1,1.3816836,0.23633277416229248,0.683693528175354,0.22530555725097656
YNR032C-A,YGL106W,0,1.3815109,0.2362525463104248,0.683693528175354,0.2254057377576828
YOR032C,YGR292W,0,1.3801824,0.2361723780632019,0.683693528175354,0.22550590336322784
YNL082W,YBR180W,0,1.3800819,0.23609226942062378,0.683693528175354,0.22560608386993408
YMR292W,YHR122W,0,1.3800684,0.23601220548152924,0.683693528175354,0.22570626437664032
YML023C,YEL019C,1,1.3799607,0.2362711876630783,0.6846758127212524,0.22570626437664032
YNL250W,YML062C,1,1.3790076,0.23652999103069305,0.6856581568717957,0.22570626437664032
YDL156W,YER091C,0,1.3790001,0.23644986748695374,0.6856581568717957,0.22580644488334656
YDR186C,YPL230W,0,1.3788656,0.236369788646698,0.6856581568717957,0.2259066253900528
YDL144C,YOL084W,0,1.3786594,0.23628976941108704,0.6856581568717957,0.22600680589675903
YDR500C,YMR164C,0,1.378282,0.23620980978012085,0.6856581568717957,0.22610698640346527
YMR164C,YKL176C,0,1.378194,0.23612990975379944,0.6856581568717957,0.2262071669101715
YDL153C,YCL029C,0,1.378184,0.2360500544309616,0.6856581568717957,0.22630734741687775
YOR026W,YNL325C,0,1.3778895,0.23597024381160736,0.6856581568717957,0.22640752792358398
YDR465C,YLR006C,0,1.3777947,0.23589050769805908,0.6856581568717957,0.22650770843029022
YDR293C,YLR388W,0,1.377412,0.23581081628799438,0.6856581568717957,0.22660788893699646
YMR106C,YDR257C,0,1.377022,0.23573116958141327,0.6856581568717957,0.2267080694437027
YBR228W,YCR042C,0,1.3768457,0.23565158247947693,0.6856581568717957,0.22680824995040894
YOL138C,YNL213C,0,1.3767818,0.23557205498218536,0.6856581568717957,0.22690843045711517
YNL115C,YKL021C,0,1.3764005,0.23549257218837738,0.6856581568717957,0.2270086109638214
YJL137C,YGL008C,0,1.3756611,0.23541314899921417,0.6856581568717957,0.22710879147052765
YLR135W,YPL017C,1,1.3753666,0.23567093908786774,0.6866405010223389,0.22710879147052765
YGL032C,YLR327C,0,1.3748902,0.23559150099754333,0.6866405010223389,0.2272089719772339
YJL059W,YKL114C,0,1.3740901,0.2355121225118637,0.6866405010223389,0.22730915248394012
YGR278W,YBR215W,0,1.3739072,0.23543280363082886,0.6866405010223389,0.22740933299064636
YDR545W,YLR219W,1,1.3737969,0.23569023609161377,0.6876227855682373,0.22740933299064636
YKR052C,YDR299W,0,1.3721663,0.23561090230941772,0.6876227855682373,0.2275095134973526
YGR188C,YMR055C,0,1.3715996,0.23553162813186646,0.6876227855682373,0.22760969400405884
YNL082W,YDL010W,0,1.3711437,0.23545239865779877,0.6876227855682373,0.22770987451076508
YBR180W,YLL053C,0,1.3710662,0.23537322878837585,0.6876227855682373,0.2278100550174713
YPL174C,YDR077W,0,1.3709987,0.23529411852359772,0.6876227855682373,0.22791023552417755
YHR157W,YJL090C,1,1.3707192,0.23555107414722443,0.6886051297187805,0.22791023552417755
YDR141C,YBL031W,0,1.3698796,0.2354719489812851,0.6886051297187805,0.2280104160308838
YBR227C,YGL099W,0,1.3694674,0.23539288341999054,0.6886051297187805,0.22811059653759003
YJL104W,YJR042W,0,1.3692261,0.23531386256217957,0.6886051297187805,0.22821077704429626
YML128C,YAR009C,1,1.3691702,0.23557047545909882,0.689587414264679,0.22821077704429626
YBL063W,YOR312C,0,1.368961,0.23549143970012665,0.689587414264679,0.2283109575510025
YJL113W,YMR224C,1,1.3689352,0.2357478141784668,0.6905697584152222,0.2283109575510025
YBR056W,YIL038C,0,1.3686533,0.23566879332065582,0.6905697584152222,0.22841113805770874
YIL070C,YBL054W,0,1.3685507,0.23558981716632843,0.6905697584152222,0.22851131856441498
YPR168W,YML118W,0,1.3685082,0.23551088571548462,0.6905697584152222,0.22861149907112122
YJL151C,YMR305C,0,1.3680847,0.23543201386928558,0.6905697584152222,0.22871167957782745
YFR047C,YER086W,0,1.3680159,0.23535320162773132,0.6905697584152222,0.2288118600845337
YLR320W,YMR268C,0,1.3677989,0.23527443408966064,0.6905697584152222,0.22891204059123993
YLR383W,YER179W,1,1.367797,0.23553027212619781,0.6915520429611206,0.22891204059123993
YBR056W,YFR032C-A,0,1.367514,0.23545150458812714,0.6915520429611206,0.22901222109794617
YMR201C,YER124C,0,1.3669312,0.23537278175354004,0.6915520429611206,0.2291124016046524
YOR229W,YMR232W,0,1.3668491,0.23529411852359772,0.6915520429611206,0.22921258211135864
YFL055W,YOR259C,0,1.3667845,0.23521549999713898,0.6915520429611206,0.22931276261806488
YER054C,YNR023W,0,1.3665439,0.235136941075325,0.6915520429611206,0.22941294312477112
YOR339C,YBR162W-A,0,1.366481,0.23505842685699463,0.6915520429611206,0.22951312363147736
YLR310C,YNL106C,0,1.3663375,0.23497997224330902,0.6915520429611206,0.2296133041381836
YOL138C,YPL217C,0,1.3662926,0.234901562333107,0.6915520429611206,0.22971348464488983
YIL160C,YGL116W,0,1.3652352,0.23482321202754974,0.6915520429611206,0.22981366515159607
YJL059W,YDR033W,0,1.3652302,0.23474492132663727,0.6915520429611206,0.2299138456583023
YGR159C,YOR362C,0,1.3635317,0.23466666042804718,0.6915520429611206,0.23001402616500854
YJL097W,YIL107C,0,1.3632939,0.23458847403526306,0.6915520429611206,0.23011420667171478
YBR004C,YCR105W,0,1.3632454,0.23451033234596252,0.6915520429611206,0.23021438717842102
YGL226W,YOL017W,0,1.3632386,0.23443223536014557,0.6915520429611206,0.23031456768512726
YOR001W,YHR014W,0,1.3629336,0.2343541979789734,0.6915520429611206,0.2304147481918335
YLR423C,YBL097W,0,1.3628772,0.2342762053012848,0.6915520429611206,0.23051492869853973
YNL186W,YLR315W,0,1.3628745,0.23419827222824097,0.6915520429611206,0.23061510920524597
YGR205W,YHR042W,0,1.3627592,0.23412038385868073,0.6915520429611206,0.2307152897119522
YFL055W,YKL024C,0,1.3621961,0.23404255509376526,0.6915520429611206,0.23081547021865845
YLR035C,YBR098W,1,1.3619133,0.23429711163043976,0.6925343871116638,0.23081547021865845
YML037C,YKL021C,0,1.3617765,0.2342192679643631,0.6925343871116638,0.23091565072536469
YML098W,YGL155W,0,1.3617576,0.2341414839029312,0.6925343871116638,0.23101583123207092
YLR035C,YPL200W,1,1.3613236,0.23439575731754303,0.6935166716575623,0.23101583123207092
YMR264W,YER038C,0,1.3606733,0.23431795835494995,0.6935166716575623,0.23111601173877716
YMR292W,YOR381W,0,1.3605152,0.23424021899700165,0.6935166716575623,0.2312161922454834
YHL024W,YBR158W,0,1.3603044,0.23416252434253693,0.6935166716575623,0.23131637275218964
YBR098W,YOL009C,0,1.360164,0.2340848743915558,0.6935166716575623,0.23141655325889587
YKR105C,YGR054W,0,1.3591975,0.23400729894638062,0.6935166716575623,0.2315167337656021
YIL107C,YJL121C,0,1.3591582,0.23392975330352783,0.6935166716575623,0.23161691427230835
YOR077W,YHR045W,0,1.3588874,0.23385226726531982,0.6935166716575623,0.2317170947790146
YDR452W,YBL042C,0,1.3587314,0.2337748408317566,0.6935166716575623,0.23181727528572083
YPR141C,YGL141W,0,1.3582557,0.23369744420051575,0.6935166716575623,0.23191745579242706
YER109C,YOR210W,0,1.3582238,0.23362012207508087,0.6935166716575623,0.2320176362991333
YGR065C,YOR100C,0,1.3577645,0.23354284465312958,0.6935166716575623,0.23211781680583954
YPL161C,YKR010C,0,1.3573614,0.23346561193466187,0.6935166716575623,0.23221799731254578
YKL025C,YNR046W,0,1.3573102,0.23338842391967773,0.6935166716575623,0.23231817781925201
YGR142W,YDR397C,0,1.3571599,0.23331129550933838,0.6935166716575623,0.23241835832595825
YHR167W,YJR029W,1,1.3569653,0.2335645854473114,0.6944990158081055,0.23241835832595825
YMR100W,YHR169W,0,1.3569471,0.23348745703697205,0.6944990158081055,0.2325185388326645
YPR164W,YGL250W,1,1.3568039,0.23374050855636597,0.6954813599586487,0.2325185388326645
YPL012W,YHR214W,0,1.3564941,0.23366336524486542,0.6954813599586487,0.23261871933937073
YDL049C,YKL183W,0,1.3562257,0.23358628153800964,0.6954813599586487,0.23271889984607697
YDL103C,YHR036W,0,1.3559942,0.23350922763347626,0.6954813599586487,0.2328190803527832
YER126C,YGR121C,0,1.3559142,0.23343224823474884,0.6954813599586487,0.23291926085948944
YJR102C,YLR234W,0,1.3555914,0.233355313539505,0.6954813599586487,0.23301944136619568
YDR315C,YNR038W,0,1.3550916,0.23327842354774475,0.6954813599586487,0.23311962187290192
YNL020C,YPR164W,0,1.3547188,0.23320157825946808,0.6954813599586487,0.23321980237960815
YLR081W,YMR029C,0,1.3533574,0.23312479257583618,0.6954813599586487,0.2333199828863144
YML098W,YPR185W,0,1.3530425,0.23304805159568787,0.6954813599586487,0.23342016339302063
YNL254C,YPL269W,0,1.3530242,0.23297137022018433,0.6954813599586487,0.23352034389972687
YHL019C,YPL256C,0,1.3527244,0.23289473354816437,0.6954813599586487,0.2336205095052719
YBR035C,YLR406C,0,1.3527135,0.23281815648078918,0.6954813599586487,0.23372069001197815
YKL026C,YER102W,0,1.3519872,0.23274162411689758,0.6954813599586487,0.2338208705186844
YHR171W,YGL111W,0,1.3515904,0.23266513645648956,0.6954813599586487,0.23392105102539062
YGL219C,YJL133W,0,1.3510453,0.23258869349956512,0.6954813599586487,0.23402123153209686
YDR437W,YMR211W,0,1.3507847,0.23251231014728546,0.6954813599586487,0.2341214120388031
YBR114W,YMR322C,0,1.3504171,0.23243598639965057,0.6954813599586487,0.23422159254550934
YLR320W,YMR190C,1,1.3501166,0.23268789052963257,0.6964636445045471,0.23422159254550934
YMR070W,YNL292W,0,1.3500525,0.2326115518808365,0.6964636445045471,0.23432177305221558
YPL022W,YOL104C,1,1.3493932,0.23286323249340057,0.6974459886550903,0.23432177305221558
YBR189W,YCR040W,0,1.349196,0.2327868789434433,0.6974459886550903,0.23442195355892181
YGL178W,YIL052C,0,1.3487669,0.2327105849981308,0.6974459886550903,0.23452213406562805
YPL169C,YDR463W,0,1.3475591,0.23263433575630188,0.6974459886550903,0.2346223145723343
YDL209C,YCL044C,0,1.3469893,0.23255814611911774,0.6974459886550903,0.23472249507904053
YNL222W,YGL078C,0,1.3466865,0.23248198628425598,0.6974459886550903,0.23482267558574677
YPL157W,YJR096W,0,1.3462554,0.232405886054039,0.6974459886550903,0.234922856092453
YDR138W,YMR190C,1,1.3462352,0.2326570749282837,0.6984282732009888,0.234922856092453
YDL113C,YAL034W-A,0,1.3462194,0.23258095979690552,0.6984282732009888,0.23502303659915924
YLR378C,YPL249C-A,0,1.3460555,0.23250490427017212,0.6984282732009888,0.23512321710586548
YML098W,YIR009W,0,1.343788,0.2324288934469223,0.6984282732009888,0.23522339761257172
YJR135W-A,YOR056C,0,1.3436269,0.23235294222831726,0.6984282732009888,0.23532357811927795
YMR275C,YPR141C,0,1.3434962,0.2322770357131958,0.6984282732009888,0.2354237586259842
YDR107C,YDL065C,0,1.3432516,0.23220117390155792,0.6984282732009888,0.23552393913269043
YAL005C,YEL059C-A,0,1.3432314,0.23212537169456482,0.6984282732009888,0.23562411963939667
YPL233W,YER183C,0,1.3431715,0.2320496141910553,0.6984282732009888,0.2357243001461029
YJL165C,YJR048W,0,1.3425914,0.23197390139102936,0.6984282732009888,0.23582448065280914
YER091C,YML120C,0,1.3422726,0.231898233294487,0.6984282732009888,0.23592466115951538
YGR065C,YOL072W,0,1.3422325,0.23182262480258942,0.6984282732009888,0.23602484166622162
YHR149C,YDR258C,0,1.342079,0.23174706101417542,0.6984282732009888,0.23612502217292786
YKR099W,YJR065C,0,1.3416494,0.2316715568304062,0.6984282732009888,0.2362252026796341
YDR019C,YML040W,0,1.3414786,0.23159609735012054,0.6984282732009888,0.23632538318634033
YKL198C,YKL145W,0,1.3411437,0.23152068257331848,0.6984282732009888,0.23642556369304657
YBL091C,YNL065W,0,1.340751,0.2314453125,0.6984282732009888,0.2365257441997528
YHR196W,YPL161C,0,1.3403453,0.2313700020313263,0.6984282732009888,0.23662592470645905
YJR089W,YHR186C,0,1.3398129,0.23129473626613617,0.6984282732009888,0.23672610521316528
YOR174W,YER147C,0,1.3397101,0.23121951520442963,0.6984282732009888,0.23682628571987152
YDR385W,YNR073C,0,1.3393365,0.23114433884620667,0.6984282732009888,0.23692646622657776
YDR025W,YPR068C,0,1.3389366,0.23106922209262848,0.6984282732009888,0.237026646733284
YNR043W,YDR033W,0,1.3386742,0.23099415004253387,0.6984282732009888,0.23712682723999023
YOR081C,YDR126W,0,1.3385633,0.23091912269592285,0.6984282732009888,0.23722700774669647
YHR160C,YNL046W,0,1.3381503,0.2308441549539566,0.6984282732009888,0.2373271882534027
YLR210W,YNR070W,0,1.3375914,0.23076923191547394,0.6984282732009888,0.23742736876010895
YGR013W,YHR035W,0,1.3374989,0.23069435358047485,0.6984282732009888,0.23752754926681519
YPL169C,YPR054W,0,1.3365918,0.23061951994895935,0.6984282732009888,0.23762772977352142
YCL026C-A,YPR186C,0,1.3364967,0.23054474592208862,0.6984282732009888,0.23772791028022766
YBR228W,YCL019W,1,1.3364831,0.23079416155815125,0.699410617351532,0.23772791028022766
YGL128C,YML094W,0,1.3362616,0.23071937263011932,0.699410617351532,0.2378280907869339
YBR079C,YDL044C,0,1.3361002,0.23064464330673218,0.699410617351532,0.23792827129364014
YIL091C,YML057W,0,1.3359259,0.23056994378566742,0.699410617351532,0.23802845180034637
YHR157W,YHL024W,1,1.3352021,0.23081903159618378,0.7003929018974304,0.23802845180034637
YPL123C,YIL064W,0,1.334819,0.23074433207511902,0.7003929018974304,0.2381286323070526
YML059C,YHR076W,0,1.3346605,0.23066969215869904,0.7003929018974304,0.23822881281375885
YMR161W,YLR446W,0,1.3343872,0.23059508204460144,0.7003929018974304,0.2383289933204651
YJR021C,YHR157W,1,1.3343672,0.23084384202957153,0.7013752460479736,0.2383289933204651
YKL127W,YNL038W,0,1.3343381,0.23076923191547394,0.7013752460479736,0.23842917382717133
YMR152W,YMR316W,0,1.3338312,0.23069466650485992,0.7013752460479736,0.23852935433387756
YOR080W,YGR087C,0,1.3335065,0.23062016069889069,0.7013752460479736,0.2386295348405838
YKL139W,YLR347C,0,1.3330578,0.23054568469524384,0.7013752460479736,0.23872971534729004
YCR033W,YHR033W,0,1.3323656,0.23047126829624176,0.7013752460479736,0.23882989585399628
YBR254C,YER144C,0,1.3319203,0.23039689660072327,0.7013752460479736,0.23893007636070251
YJL050W,YLR093C,0,1.331709,0.23032258450984955,0.7013752460479736,0.23903025686740875
YDR189W,YKR100C,0,1.3315548,0.23024830222129822,0.7013752460479736,0.239130437374115
YDR040C,YCR069W,0,1.3315448,0.23017407953739166,0.7013752460479736,0.23923061788082123
YCR107W,YLR442C,0,1.3313984,0.2300999015569687,0.7013752460479736,0.23933079838752747
YBR092C,YPL046C,0,1.3312119,0.2300257682800293,0.7013752460479736,0.2394309788942337
YER127W,YOL067C,0,1.3309443,0.22995169460773468,0.7013752460479736,0.23953115940093994
YDR012W,YCR073C,0,1.3307924,0.22987765073776245,0.7013752460479736,0.23963133990764618
YIL120W,YDR038C,0,1.3303167,0.229803666472435,0.7013752460479736,0.23973152041435242
YMR040W,YOL120C,0,1.329814,0.22972972691059113,0.7013752460479736,0.23983170092105865
YDR393W,YPR114W,0,1.32979,0.22965583205223083,0.7013752460479736,0.2399318814277649
YDL046W,YPL038W,0,1.3286494,0.22958199679851532,0.7013752460479736,0.24003206193447113
YGL120C,YDR387C,0,1.328385,0.2295081913471222,0.7013752460479736,0.24013224244117737
YKR059W,YOR003W,0,1.3283516,0.22943444550037384,0.7013752460479736,0.2402324229478836
YKL198C,YMR214W,0,1.3275424,0.22936074435710907,0.7013752460479736,0.24033260345458984
YLR210W,YHR104W,0,1.3275388,0.22928708791732788,0.7013752460479736,0.24043278396129608
YPL270W,YIL019W,0,1.3271772,0.22921347618103027,0.7013752460479736,0.24053296446800232
YPL153C,YPR058W,0,1.3266388,0.22913992404937744,0.7013752460479736,0.24063314497470856
YMR022W,YHR203C,0,1.3266021,0.2290664166212082,0.7013752460479736,0.2407333254814148
YER007W,YPL202C,0,1.3250724,0.22899293899536133,0.7013752460479736,0.24083350598812103
YGL166W,YOR133W,0,1.3240135,0.22891952097415924,0.7013752460479736,0.24093368649482727
YMR224C,YOR141C,1,1.3237267,0.2291666716337204,0.7023575901985168,0.24093368649482727
YNL137C,YLR308W,0,1.3237123,0.22909323871135712,0.7023575901985168,0.2410338670015335
YNR071C,YHR067W,0,1.3231457,0.2290198653936386,0.7023575901985168,0.24113404750823975
YCR018C,YLR178C,0,1.3228265,0.2289465218782425,0.7023575901985168,0.24123422801494598
YGL184C,YDL052C,0,1.322673,0.22887323796749115,0.7023575901985168,0.24133440852165222
YBR152W,YMR297W,0,1.3226215,0.2287999987602234,0.7023575901985168,0.24143458902835846
YHL038C,YEL077C,0,1.3221492,0.2287268042564392,0.7023575901985168,0.2415347695350647
YJR027W,YJL090C,1,1.3219678,0.22897346317768097,0.7033398747444153,0.2415347695350647
YIL106W,YDR325W,0,1.3218442,0.2289002537727356,0.7033398747444153,0.24163495004177094
YNL020C,YDL058W,0,1.3217813,0.228827103972435,0.7033398747444153,0.24173513054847717
YDR339C,YDR466W,0,1.3214478,0.22875399887561798,0.7033398747444153,0.24183529615402222
YDL130W,YDL115C,0,1.3214219,0.22868093848228455,0.7033398747444153,0.24193547666072845
YKL080W,YPL283C,0,1.3212676,0.2286079227924347,0.7033398747444153,0.2420356571674347
YAL013W,YPL269W,0,1.3212293,0.22853495180606842,0.7033398747444153,0.24213583767414093
YOL104C,YOL072W,1,1.3211702,0.2287811040878296,0.7043222188949585,0.24213583767414093
YJL221C,YLL038C,0,1.3205804,0.22870813310146332,0.7043222188949585,0.24223601818084717
YNL062C,YDL005C,0,1.3204232,0.22863520681858063,0.7043222188949585,0.2423361986875534
YKL100C,YGR275W,0,1.3202697,0.22856232523918152,0.7043222188949585,0.24243637919425964
YGL121C,YMR163C,0,1.320241,0.228489488363266,0.7043222188949585,0.24253655970096588
YDR393W,YDL114W,0,1.3201827,0.22841669619083405,0.7043222188949585,0.24263674020767212
YJR043C,YIL082W-A,1,1.3194658,0.2286624163389206,0.7053045034408569,0.24263674020767212
YLR297W,YLR067C,0,1.3193616,0.22858962416648865,0.7053045034408569,0.24273692071437836
YEL003W,YER140W,0,1.3193094,0.2285168617963791,0.7053045034408569,0.2428371012210846
YJL097W,YPL153C,0,1.3193086,0.2284441590309143,0.7053045034408569,0.24293728172779083
YML098W,YPL232W,0,1.3191847,0.2283715009689331,0.7053045034408569,0.24303746223449707
YGR217W,YPL176C,0,1.3188941,0.22829888761043549,0.7053045034408569,0.2431376427412033
YBL054W,YOR332W,0,1.31874,0.22822631895542145,0.7053045034408569,0.24323782324790955
YLR205C,YOR033C,0,1.3187124,0.228153795003891,0.7053045034408569,0.24333800375461578
YGR109C,YKR088C,0,1.3186585,0.22808131575584412,0.7053045034408569,0.24343818426132202
YGL079W,YDL239C,0,1.3183479,0.22800889611244202,0.7053045034408569,0.24353836476802826
YBR019C,YLR459W,0,1.3179791,0.2279365062713623,0.7053045034408569,0.2436385452747345
YIR028W,YIL017C,0,1.3173227,0.22786417603492737,0.7053045034408569,0.24373872578144073
YMR100W,YOR322C,0,1.316775,0.22779187560081482,0.7053045034408569,0.24383890628814697
YOL132W,YDR134C,0,1.3162278,0.22771963477134705,0.7053045034408569,0.2439390867948532
YNL103W,YDR406W,0,1.3160721,0.22764743864536285,0.7053045034408569,0.24403926730155945
YDL102W,YGR003W,0,1.3150827,0.22757527232170105,0.7053045034408569,0.24413944780826569
YGR047C,YLR376C,0,1.314422,0.22750316560268402,0.7053045034408569,0.24423962831497192
YOL069W,YMR130W,0,1.3143967,0.22743110358715057,0.7053045034408569,0.24433980882167816
YCR092C,YBL005W-B,1,1.3141519,0.22767575085163116,0.7062868475914001,0.24433980882167816
YOR319W,YER144C,0,1.3137394,0.22760367393493652,0.7062868475914001,0.2444399893283844
YKL025C,YPR110C,0,1.3136624,0.22753164172172546,0.7062868475914001,0.24454016983509064
YBR228W,YPL164C,1,1.3136586,0.22777602076530457,0.7072691321372986,0.24454016983509064
YNL247W,YMR323W,0,1.3130258,0.2277039885520935,0.7072691321372986,0.24464035034179688
YLR448W,YGL127C,0,1.3129339,0.22763200104236603,0.7072691321372986,0.2447405308485031
YMR292W,YOL001W,0,1.3129144,0.22756004333496094,0.7072691321372986,0.24484071135520935
YJL056C,YPL105C,0,1.3123521,0.22748814523220062,0.7072691321372986,0.2449408918619156
YOR262W,YOL067C,0,1.3121567,0.2274162918329239,0.7072691321372986,0.24504107236862183
YGR292W,YIL049W,0,1.3117017,0.22734448313713074,0.7072691321372986,0.24514125287532806
YIL144W,YKL040C,0,1.3113316,0.22727273404598236,0.7072691321372986,0.2452414333820343
YER118C,YGL059W,0,1.3111724,0.22720101475715637,0.7072691321372986,0.24534161388874054
YGL185C,YBL008W,0,1.3107563,0.22712934017181396,0.7072691321372986,0.24544179439544678
YOR319W,YOR278W,0,1.3106207,0.22705771028995514,0.7072691321372986,0.24554197490215302
YPL235W,YOR077W,0,1.3102664,0.2269861251115799,0.7072691321372986,0.24564215540885925
YML023C,YPL200W,1,1.3100958,0.2272297441959381,0.7082514762878418,0.24564215540885925
YOL065C,YGR055W,0,1.3097961,0.22715815901756287,0.7082514762878418,0.2457423359155655
YNR016C,YAR019C,0,1.3096732,0.2270866185426712,0.7082514762878418,0.24584251642227173
YDR038C,YLR370C,0,1.3086367,0.22701510787010193,0.7082514762878418,0.24594269692897797
YER126C,YLR010C,0,1.3081616,0.22694365680217743,0.7082514762878418,0.2460428774356842
YPR063C,YDR009W,0,1.3076489,0.2268722504377365,0.7082514762878418,0.24614305794239044
YGR296W,YBR228W,1,1.3075824,0.2271154522895813,0.709233820438385,0.24614305794239044
YDR204W,YNL256W,0,1.3070501,0.2270440310239792,0.709233820438385,0.24624323844909668
YOR389W,YJL033W,0,1.3068892,0.22697265446186066,0.709233820438385,0.24634341895580292
YLR413W,YOR262W,0,1.3067371,0.2269013226032257,0.709233820438385,0.24644359946250916
YOR095C,YLR143W,0,1.3065617,0.22683003544807434,0.709233820438385,0.2465437799692154
YMR127C,YPL227C,0,1.3061333,0.22675879299640656,0.709233820438385,0.24664396047592163
YER138C,YDR540C,1,1.3059677,0.22700156271457672,0.7102161049842834,0.24664396047592163
YNR026C,YGL139W,0,1.3058761,0.22693032026290894,0.7102161049842834,0.24674414098262787
YDL126C,YBR233W-A,0,1.3053477,0.22685912251472473,0.7102161049842834,0.2468443214893341
YEL021W,YDR325W,0,1.3052175,0.22678795456886292,0.7102161049842834,0.24694450199604034
YMR190C,YJL208C,1,1.3049532,0.227030411362648,0.7111984491348267,0.24694450199604034
YDR300C,YHR034C,0,1.3049337,0.2269592434167862,0.7111984491348267,0.24704468250274658
YGR218W,YER176W,0,1.3044671,0.22688812017440796,0.7111984491348267,0.24714486300945282
YDR365C,YHR121W,0,1.3042816,0.2268170416355133,0.7111984491348267,0.24724504351615906
YPL116W,YLR200W,0,1.3039595,0.22674600780010223,0.7111984491348267,0.2473452240228653
YNR051C,YOR190W,0,1.3038734,0.22667501866817474,0.7111984491348267,0.24744540452957153
YDL109C,YBR218C,0,1.3038117,0.22660407423973083,0.7111984491348267,0.24754558503627777
YHR172W,YOR315W,0,1.3037356,0.22653315961360931,0.7111984491348267,0.247645765542984
YIR017C,YLR077W,0,1.3035492,0.22646230459213257,0.7111984491348267,0.24774594604969025
YLR135W,YGR071C,0,1.3029135,0.2263914942741394,0.7111984491348267,0.24784612655639648
YBR280C,YCL020W,0,1.3020388,0.22632072865962982,0.7111984491348267,0.24794630706310272
YNL039W,YOL095C,0,1.3019899,0.22624999284744263,0.7111984491348267,0.24804648756980896
YBL103C,YPR041W,0,1.301865,0.2261793166399002,0.7111984491348267,0.2481466680765152
YAL035W,YOR065W,0,1.3013824,0.22610868513584137,0.7111984491348267,0.24824684858322144
YLR135W,YDL059C,1,1.3012682,0.22635029256343842,0.7121807336807251,0.24824684858322144
YBL066C,YML094W,0,1.30123,0.22627964615821838,0.7121807336807251,0.24834702908992767
YJL012C,YDR407C,0,1.3010117,0.22620904445648193,0.7121807336807251,0.2484472095966339
YOR328W,YGL181W,0,1.3008341,0.22613848745822906,0.7121807336807251,0.24854739010334015
YGL173C,YLR223C,0,1.300816,0.22606797516345978,0.7121807336807251,0.2486475706100464
YDR323C,YBR298C,0,1.3001347,0.22599750757217407,0.7121807336807251,0.24874775111675262
YNR022C,YKR097W,0,1.300109,0.22592708468437195,0.7121807336807251,0.24884793162345886
YLR007W,YDR440W,1,1.2998327,0.22616823017597198,0.7131630778312683,0.24884793162345886
YNL210W,YLR005W,1,1.2997686,0.2264092117547989,0.7141453623771667,0.24884793162345886
YLR306W,YGR091W,0,1.299509,0.226338729262352,0.7141453623771667,0.2489481121301651
YMR105C,YKL185W,0,1.2994016,0.22626829147338867,0.7141453623771667,0.24904829263687134
YNL265C,YBR186W,0,1.298962,0.22619788348674774,0.7141453623771667,0.24914847314357758
YLR336C,YGL128C,0,1.298586,0.2261275202035904,0.7141453623771667,0.2492486536502838
YGR284C,YOL080C,0,1.2981175,0.22605721652507782,0.7141453623771667,0.24934883415699005
YDR320C,YKR095W,0,1.2980362,0.22598694264888763,0.7141453623771667,0.2494490146636963
YMR051C,YBL014C,0,1.2976664,0.22591671347618103,0.7141453623771667,0.24954919517040253
YDR345C,YKL096W,0,1.2970456,0.225846529006958,0.7141453623771667,0.24964937567710876
YNL142W,YNL090W,0,1.2964889,0.22577640414237976,0.7141453623771667,0.249749556183815
YLR007W,YOL113W,0,1.2963313,0.2257063090801239,0.7141453623771667,0.24984973669052124
YBL074C,YLR089C,0,1.2957356,0.22563624382019043,0.7141453623771667,0.24994991719722748
YNL210W,YDL105W,1,1.2956364,0.22587651014328003,0.71512770652771,0.24994991719722748
YDR507C,YLR166C,0,1.2954648,0.22580644488334656,0.71512770652771,0.2500500977039337
YER028C,YJL078C,0,1.295311,0.22573643922805786,0.71512770652771,0.25015026330947876
YKL140W,YJR035W,0,1.2950851,0.22566646337509155,0.71512770652771,0.2502504587173462
YKR104W,YPR047W,0,1.2950212,0.22559653222560883,0.71512770652771,0.25035062432289124
YDL139C,YPR066W,0,1.2950162,0.22552664577960968,0.71512770652771,0.25045081973075867
YJL051W,YIL143C,1,1.29483,0.22576649487018585,0.7161099910736084,0.25045081973075867
YGR192C,YKR104W,0,1.2945092,0.2256965935230255,0.7161099910736084,0.2505509853363037
YBL013W,YIL041W,0,1.2944942,0.22562673687934875,0.7161099910736084,0.25065118074417114
YML096W,YLL038C,0,1.2942878,0.22555692493915558,0.7161099910736084,0.2507513463497162
YMR224C,YAR007C,1,1.2939159,0.22579647600650787,0.7170923352241516,0.2507513463497162
YLR383W,YLR135W,1,1.2934023,0.22603586316108704,0.7180746793746948,0.2507513463497162
YBR012W-B,YDR261C,0,1.2931482,0.22596599161624908,0.7180746793746948,0.2508515417575836
YBL027W,YKL042W,0,1.2924389,0.22589616477489471,0.7180746793746948,0.25095170736312866
YJR102C,YNL111C,0,1.2922746,0.22582638263702393,0.7180746793746948,0.2510519027709961
YHL024W,YHL006C,1,1.2918559,0.2260654717683792,0.7190569639205933,0.2510519027709961
YGR046W,YHL040C,0,1.2917447,0.22599567472934723,0.7190569639205933,0.25115206837654114
YLR225C,YNR071C,0,1.2916955,0.22592592239379883,0.7190569639205933,0.25125226378440857
YGL201C,YCR088W,0,1.2915041,0.225856214761734,0.7190569639205933,0.2513524293899536
YOR208W,YBR009C,0,1.2907073,0.22578655183315277,0.7190569639205933,0.25145262479782104
YDR056C,YGR296W,0,1.2905704,0.22571693360805511,0.7190569639205933,0.2515527904033661
YMR316W,YLR361C,0,1.290469,0.22564734518527985,0.7190569639205933,0.2516529858112335
YOR032C,YOR153W,0,1.2895885,0.22557781636714935,0.7190569639205933,0.25175315141677856
YIL171W,YBR082C,0,1.2894932,0.22550831735134125,0.7190569639205933,0.251853346824646
YBR084W,YPL020C,0,1.2893474,0.22543886303901672,0.7190569639205933,0.25195351243019104
YDR517W,YJR153W,0,1.2880415,0.22536945343017578,0.7190569639205933,0.25205370783805847
YCR083W,YOL109W,0,1.2879227,0.22530008852481842,0.7190569639205933,0.2521538734436035
YPL138C,YGL128C,0,1.287848,0.22523076832294464,0.7190569639205933,0.25225406885147095
YNL115C,YHR084W,0,1.2872031,0.22516149282455444,0.7190569639205933,0.252354234457016
YLR225C,YER056C,0,1.2866975,0.22509224712848663,0.7190569639205933,0.2524544298648834
YBR077C,YPL192C,0,1.2865508,0.2250230610370636,0.7190569639205933,0.25255459547042847
YDR540C,YDL101C,1,1.2862432,0.22526121139526367,0.7200393080711365,0.25255459547042847
YEL024W,YOR255W,0,1.2857945,0.22519201040267944,0.7200393080711365,0.2526547908782959
YNL001W,YJL174W,0,1.28557,0.2251228541135788,0.7200393080711365,0.25275495648384094
YLL033W,YML023C,1,1.2855321,0.22536076605319977,0.7210215926170349,0.25275495648384094
YFL052W,YPR097W,0,1.2851975,0.22529159486293793,0.7210215926170349,0.2528551518917084
YER086W,YIR015W,0,1.284842,0.22522245347499847,0.7210215926170349,0.2529553174972534
YCR092C,YML061C,1,1.2848189,0.22546012699604034,0.7220039367675781,0.2529553174972534
YAL005C,YHR136C,0,1.2844218,0.2253909856081009,0.7220039367675781,0.25305551290512085
YJL058C,YLR119W,0,1.284309,0.22532188892364502,0.7220039367675781,0.2531556785106659
YBR239C,YOR039W,0,1.2839078,0.22525283694267273,0.7220039367675781,0.2532558739185333
YER038C,YHR167W,1,1.2839009,0.22549019753932953,0.7229862213134766,0.2532558739185333
YPL020C,YNL292W,0,1.2837161,0.22542113065719604,0.7229862213134766,0.25335603952407837
YPL076W,YBR069C,0,1.2832618,0.22535210847854614,0.7229862213134766,0.2534562349319458
YPL128C,YPL202C,0,1.2832459,0.22528313100337982,0.7229862213134766,0.25355640053749084
YLR343W,YOR270C,0,1.2829843,0.22521419823169708,0.7229862213134766,0.2536565959453583
YMR198W,YAL056W,0,1.282837,0.22514531016349792,0.7229862213134766,0.2537567615509033
YER061C,YGR295C,0,1.2828112,0.22507645189762115,0.7229862213134766,0.25385695695877075
YLR068W,YLR147C,0,1.282143,0.22500763833522797,0.7229862213134766,0.2539571225643158
YGR122W,YBR293W,0,1.281799,0.22493886947631836,0.7229862213134766,0.2540573179721832
YGL192W,YKL178C,0,1.2817866,0.22487014532089233,0.7229862213134766,0.25415748357772827
YER183C,YJL054W,0,1.2814211,0.2248014658689499,0.7229862213134766,0.2542576491832733
YJL057C,YAL019W,0,1.2811475,0.22473283112049103,0.7229862213134766,0.25435784459114075
YBL069W,YDL049C,0,1.2811416,0.22466422617435455,0.7229862213134766,0.2544580101966858
YJR043C,YER114C,0,1.2809786,0.22459566593170166,0.7229862213134766,0.2545582056045532
YPR067W,YNL038W,0,1.2804643,0.22452715039253235,0.7229862213134766,0.25465837121009827
YDR055W,YPL177C,0,1.2800205,0.22445867955684662,0.7229862213134766,0.2547585666179657
YPL141C,YOR174W,0,1.2793636,0.22439023852348328,0.7229862213134766,0.25485873222351074
YBR291C,YDR116C,0,1.2790103,0.2243218570947647,0.7229862213134766,0.2549589276313782
YOR363C,YDR147W,0,1.2784976,0.22425350546836853,0.7229862213134766,0.2550590932369232
YMR271C,YDL146W,0,1.2778975,0.22418519854545593,0.7229862213134766,0.25515928864479065
YER179W,YJL090C,1,1.2778689,0.2244214415550232,0.7239685654640198,0.25515928864479065
YGR224W,YDR489W,0,1.2775341,0.2243531197309494,0.7239685654640198,0.2552594542503357
YJR016C,YGR037C,0,1.2774923,0.2242848426103592,0.7239685654640198,0.2553596496582031
YJL045W,YPL061W,0,1.2771821,0.22421661019325256,0.7239685654640198,0.25545981526374817
YJR094W-A,YBR028C,0,1.2771778,0.22414842247962952,0.7239685654640198,0.2555600106716156
YDR128W,YNL076W,0,1.2771106,0.22408026456832886,0.7239685654640198,0.25566017627716064
YKR003W,YAL011W,0,1.2769858,0.22401215136051178,0.7239685654640198,0.2557603716850281
YEL061C,YIL036W,0,1.2767644,0.22394408285617828,0.7239685654640198,0.2558605372905731
YMR135C,YHR142W,0,1.2766596,0.22387605905532837,0.7239685654640198,0.25596073269844055
YLL048C,YJR098C,0,1.2764747,0.22380807995796204,0.7239685654640198,0.2560608983039856
YGL097W,YEL020W-A,0,1.2758362,0.2237401306629181,0.7239685654640198,0.256161093711853
YIL038C,YPL055C,0,1.2758304,0.22367222607135773,0.7239685654640198,0.25626125931739807
YMR026C,YNL194C,0,1.2756337,0.22360436618328094,0.7239685654640198,0.2563614547252655
YDR224C,YLR377C,0,1.2755306,0.22353655099868774,0.7239685654640198,0.25646162033081055
YKR060W,YGR104C,0,1.2755119,0.22346876561641693,0.7239685654640198,0.256561815738678
YJR143C,YPL040C,0,1.2751023,0.2234010249376297,0.7239685654640198,0.256661981344223
YPL145C,YHL009C,0,1.2750427,0.22333332896232605,0.7239685654640198,0.25676217675209045
YDL229W,YJR014W,0,1.2745405,0.22326567769050598,0.7239685654640198,0.2568623423576355
YOR306C,YOR048C,0,1.274498,0.2231980562210083,0.7239685654640198,0.25696253776550293
YGL160W,YBL084C,0,1.2740892,0.2231304943561554,0.7239685654640198,0.257062703371048
YIL115C,YBR126C,0,1.2739893,0.22306294739246368,0.7239685654640198,0.2571628987789154
YBR091C,YDL049C,0,1.2733265,0.22299546003341675,0.7239685654640198,0.25726306438446045
YOL119C,YBR185C,0,1.2728242,0.2229280024766922,0.7239685654640198,0.2573632597923279
YOR058C,YLL036C,0,1.2727922,0.22286060452461243,0.7239685654640198,0.2574634253978729
YPR173C,YNL214W,0,1.2727275,0.22279322147369385,0.7239685654640198,0.25756362080574036
YPL160W,YOL017W,0,1.2726656,0.22272589802742004,0.7239685654640198,0.2576637864112854
YNL190W,YLR079W,0,1.2717278,0.22265860438346863,0.7239685654640198,0.25776398181915283
YNR024W,YBL101C,0,1.2716371,0.2225913554430008,0.7239685654640198,0.2578641474246979
YDR165W,YJR091C,0,1.2713178,0.22252415120601654,0.7239685654640198,0.2579643428325653
YPL100W,YGR003W,0,1.2708949,0.22245699167251587,0.7239685654640198,0.25806450843811035
YNL101W,YJL138C,0,1.2696222,0.22238986194133759,0.7239685654640198,0.2581647038459778
YJR113C,YKL033W,0,1.269317,0.22232277691364288,0.7239685654640198,0.2582648694515228
YJL045W,YDR060W,0,1.2691177,0.22225573658943176,0.7239685654640198,0.25836506485939026
YIL063C,YPL043W,0,1.2685572,0.22218872606754303,0.7239685654640198,0.2584652304649353
YML062C,YDL247W,0,1.2679677,0.22212176024913788,0.7239685654640198,0.25856542587280273
YML074C,YNL233W,0,1.2666374,0.2220548391342163,0.7239685654640198,0.2586655914783478
YNL210W,YGL173C,1,1.2655104,0.22228915989398956,0.724950909614563,0.2586655914783478
YOR014W,YOL154W,0,1.2649187,0.2222222238779068,0.724950909614563,0.2587657868862152
YLR438C-A,YJR010C-A,0,1.2648166,0.22215533256530762,0.724950909614563,0.25886595249176025
YGL156W,YBR158W,0,1.2644571,0.22208847105503082,0.724950909614563,0.2589661478996277
YMR030W,YGR156W,0,1.2643629,0.2220216542482376,0.724950909614563,0.25906631350517273
YBL004W,YGR104C,0,1.2642406,0.22195488214492798,0.724950909614563,0.25916650891304016
YGR296W,YBL039C,0,1.2639614,0.22188815474510193,0.724950909614563,0.2592666745185852
YHL011C,YOR083W,0,1.2637476,0.22182145714759827,0.724950909614563,0.25936686992645264
YBR175W,YNL254C,0,1.2635385,0.22175480425357819,0.724950909614563,0.2594670355319977
YDR028C,YLR446W,0,1.2631751,0.2216881960630417,0.724950909614563,0.2595672309398651
YPL228W,YDR495C,0,1.2631532,0.22162161767482758,0.724950909614563,0.25966739654541016
YER051W,YDL160C,0,1.2631484,0.22155508399009705,0.724950909614563,0.2597675919532776
YER109C,YOL100W,0,1.2629626,0.2214885950088501,0.724950909614563,0.25986775755882263
YML062C,YLR376C,1,1.2626315,0.22172217071056366,0.7259331941604614,0.25986775755882263
YOR383C,YLR132C,0,1.262585,0.22165566682815552,0.7259331941604614,0.25996795296669006
YNL001W,YPL168W,0,1.2624285,0.22158920764923096,0.7259331941604614,0.2600681185722351
YOR257W,YHR215W,0,1.2619241,0.22152277827262878,0.7259331941604614,0.26016831398010254
YMR116C,YOR113W,0,1.2619143,0.2214563935995102,0.7259331941604614,0.2602684795856476
YLR275W,YDR299W,0,1.2616563,0.22139005362987518,0.7259331941604614,0.260368674993515
YMR001C,YMR224C,1,1.2614145,0.2216232419013977,0.7269155383110046,0.260368674993515
YOR391C,YPR128C,0,1.2613641,0.2215568870306015,0.7269155383110046,0.26046884059906006
YBR280C,YBL084C,0,1.2612867,0.22149057686328888,0.7269155383110046,0.2605690360069275
YJL168C,YML009C,0,1.2611605,0.22142429649829865,0.7269155383110046,0.26066920161247253
YCR063W,YDL108W,0,1.261032,0.221358060836792,0.7269155383110046,0.26076939702033997
YNL339C,YKR099W,1,1.2608298,0.22159090638160706,0.7278978228569031,0.26076939702033997
YOL105C,YDR448W,0,1.2600776,0.2215246707201004,0.7278978228569031,0.260869562625885
YLL057C,YOL031C,0,1.2600629,0.22145846486091614,0.7278978228569031,0.26096975803375244
YFR034C,YGR253C,0,1.2598623,0.22139228880405426,0.7278978228569031,0.2610699236392975
YGL231C,YOR182C,0,1.2595288,0.22132615745067596,0.7278978228569031,0.2611701190471649
YPR052C,YJR150C,0,1.2594442,0.22126007080078125,0.7278978228569031,0.26127028465270996
YDR228C,YDR036C,0,1.2593583,0.22119402885437012,0.7278978228569031,0.2613704800605774
YBR198C,YDR480W,0,1.2592964,0.22112801671028137,0.7278978228569031,0.26147064566612244
YLR186W,YMR316W,0,1.2590674,0.2210620492696762,0.7278978228569031,0.26157084107398987
YLR234W,YER003C,0,1.2588748,0.22099612653255463,0.7278978228569031,0.2616710066795349
YDR397C,YDR434W,0,1.2586129,0.22093023359775543,0.7278978228569031,0.26177120208740234
YDR073W,YML029W,0,1.2584122,0.22086438536643982,0.7278978228569031,0.2618713676929474
YOR328W,YEL013W,0,1.2582504,0.2207985669374466,0.7278978228569031,0.2619715631008148
YOR113W,YER149C,0,1.2579343,0.22073279321193695,0.7278978228569031,0.26207172870635986
YNL076W,YDL092W,0,1.2576127,0.2206670641899109,0.7278978228569031,0.2621719241142273
YOR182C,YCL033C,0,1.2569227,0.22060136497020721,0.7278978228569031,0.26227208971977234
YOR383C,YDR421W,0,1.2569196,0.22053571045398712,0.7278978228569031,0.2623722553253174
YJL189W,YER020W,0,1.2567962,0.2204701006412506,0.7278978228569031,0.2624724507331848
YPL207W,YER096W,0,1.256474,0.2204045206308365,0.7278978228569031,0.26257261633872986
YDR534C,YJL042W,0,1.2564121,0.22033898532390594,0.7278978228569031,0.2626728117465973
YIL031W,YOR236W,0,1.2562821,0.2202734798192978,0.7278978228569031,0.26277297735214233
YGR249W,YDR101C,0,1.2560631,0.22020801901817322,0.7278978228569031,0.26287317276000977
YJR014W,YGL005C,0,1.2560513,0.22014260292053223,0.7278978228569031,0.2629733383655548
YGR065C,YIL127C,0,1.255888,0.22007721662521362,0.7278978228569031,0.26307353377342224
YKL178C,YLR215C,0,1.2558247,0.2200118750333786,0.7278978228569031,0.2631736993789673
YDR202C,YKR034W,0,1.2552925,0.21994657814502716,0.7278978228569031,0.2632738947868347
YGR121C,YLR376C,0,1.2552787,0.2198813110589981,0.7278978228569031,0.26337406039237976
YGL240W,YOL075C,0,1.2551202,0.21981607377529144,0.7278978228569031,0.2634742558002472
YJR035W,YBL047C,0,1.2548054,0.21975089609622955,0.7278978228569031,0.26357442140579224
YAL026C,YPR047W,0,1.2547673,0.21968573331832886,0.7278978228569031,0.26367461681365967
YLR014C,YMR042W,0,1.254052,0.21962063014507294,0.7278978228569031,0.2637747824192047
YNL152W,YDR363W-A,0,1.2538443,0.2195555567741394,0.7278978228569031,0.26387497782707214
YDL239C,YPR058W,0,1.2536868,0.21949052810668945,0.7278978228569031,0.2639751434326172
YLR362W,YHR042W,0,1.2536477,0.2194255292415619,0.7278978228569031,0.2640753388404846
YHR176W,YDR500C,0,1.253092,0.2193605750799179,0.7278978228569031,0.26417550444602966
YOL090W,YDR180W,1,1.2526515,0.21959158778190613,0.7288801670074463,0.26417550444602966
YPL012W,YDR363W,0,1.2524477,0.21952663362026215,0.7288801670074463,0.2642756998538971
YBL005W-A,YOL075C,0,1.2517391,0.21946169435977936,0.7288801670074463,0.26437586545944214
YEL003W,YBR166C,0,1.2517357,0.21939679980278015,0.7288801670074463,0.26447606086730957
YJL062W,YDL240W,0,1.2509961,0.21933194994926453,0.7288801670074463,0.2645762264728546
YHR036W,YPL220W,0,1.250279,0.21926714479923248,0.7288801670074463,0.26467642188072205
YKL005C,YBR089C-A,0,1.2499827,0.21920236945152283,0.7288801670074463,0.2647765874862671
YBL005W-B,YJL208C,1,1.2498915,0.21943296492099762,0.7298624515533447,0.2647765874862671
YDR191W,YNL299W,0,1.2498823,0.21936817467212677,0.7298624515533447,0.2648767828941345
YGL002W,YHR148W,0,1.2498637,0.2193034291267395,0.7298624515533447,0.26497694849967957
YMR175W,YOR328W,0,1.249716,0.21923871338367462,0.7298624515533447,0.265077143907547
YCL069W,YHL047C,0,1.2496096,0.21917404234409332,0.7298624515533447,0.26517730951309204
YNL146W,YLR293C,0,1.2493665,0.2191094011068344,0.7298624515533447,0.2652775049209595
YMR002W,YGR128C,0,1.2490078,0.21904480457305908,0.7298624515533447,0.2653776705265045
YDR265W,YCL010C,0,1.2487494,0.21898025274276733,0.7298624515533447,0.26547786593437195
YAL005C,YIL049W,0,1.2487212,0.21891573071479797,0.7298624515533447,0.265578031539917
YBR098W,YBR034C,0,1.2484095,0.2188512533903122,0.7298624515533447,0.2656782269477844
YJL076W,YER028C,0,1.2475302,0.2187868058681488,0.7298624515533447,0.26577839255332947
YBR239C,YER172C,0,1.247475,0.218722403049469,0.7298624515533447,0.2658785879611969
YMR068W,YIR028W,0,1.2472967,0.21865803003311157,0.7298624515533447,0.26597875356674194
YHR202W,YLR385C,0,1.2468413,0.21859370172023773,0.7298624515533447,0.2660789489746094
YOR336W,YDR182W,0,1.2468095,0.21852941811084747,0.7298624515533447,0.2661791145801544
YNL021W,YDR315C,0,1.246645,0.2184651643037796,0.7298624515533447,0.26627930998802185
YLR376C,YHL024W,1,1.2448508,0.21869488060474396,0.7308447957038879,0.26627930998802185
YCL045C,YKL129C,0,1.244008,0.2186306267976761,0.7308447957038879,0.2663794755935669
YOR130C,YAR050W,0,1.243773,0.2185663878917694,0.7308447957038879,0.2664796710014343
YBR216C,YPL256C,0,1.2426022,0.2185022085905075,0.7308447957038879,0.26657983660697937
YBL005W,YIL150C,0,1.2423604,0.2184380441904068,0.7308447957038879,0.2666800320148468
YMR110C,YKR081C,0,1.2416245,0.21837393939495087,0.7308447957038879,0.26678019762039185
YDR317W,YJL137C,0,1.2412605,0.21830986440181732,0.7308447957038879,0.2668803930282593
YKL101W,YLR377C,0,1.2411746,0.21824581921100616,0.7308447957038879,0.2669805586338043
YDR301W,YPR061C,0,1.2399402,0.2181818187236786,0.7308447957038879,0.26708075404167175
YCR088W,YGR014W,0,1.2396368,0.2181178480386734,0.7308447957038879,0.2671809196472168
YKR079C,YIL038C,0,1.2393208,0.2180539220571518,0.7308447957038879,0.26728111505508423
YER007W,YKR050W,0,1.2392526,0.21799004077911377,0.7308447957038879,0.2673812806606293
YFL061W,YIL096C,0,1.2390083,0.21792618930339813,0.7308447957038879,0.2674814760684967
YDL207W,YOR337W,0,1.238887,0.21786236763000488,0.7308447957038879,0.26758164167404175
YBL006C,YDR096W,0,1.2388347,0.21779859066009521,0.7308447957038879,0.2676818370819092
YDR365C,YOL017W,0,1.238787,0.21773485839366913,0.7308447957038879,0.2677820026874542
YER099C,YOL067C,0,1.2387527,0.21767115592956543,0.7308447957038879,0.26788219809532166
YGL201C,YOR267C,0,1.2386576,0.21760748326778412,0.7308447957038879,0.2679823637008667
YDR506C,YEL034W,0,1.238628,0.2175438553094864,0.7308447957038879,0.26808255910873413
YGR004W,YMR242C,0,1.2380279,0.21748027205467224,0.7308447957038879,0.2681827247142792
YDL181W,YMR063W,0,1.2378343,0.21741671860218048,0.7308447957038879,0.2682829201221466
YGL227W,YLR158C,0,1.2377301,0.2173531949520111,0.7308447957038879,0.26838308572769165
YPR057W,YLL035W,0,1.2377156,0.21728971600532532,0.7308447957038879,0.2684832811355591
YMR201C,YCL020W,0,1.2373186,0.2172262817621231,0.7308447957038879,0.2685834467411041
YLR467W,YNL339C,1,1.2371294,0.21745476126670837,0.7318271398544312,0.2685834467411041
YPL106C,YOR100C,0,1.2367167,0.21739129722118378,0.7318271398544312,0.26868364214897156
YBR217W,YDR128W,0,1.2361659,0.21732789278030396,0.7318271398544312,0.2687838077545166
YMR059W,YPR095C,0,1.2357621,0.21726450324058533,0.7318271398544312,0.26888400316238403
YDR545W,YDL185W,1,1.2355053,0.2174927145242691,0.7328094244003296,0.26888400316238403
YJL116C,YCR027C,0,1.2351757,0.21742932498455048,0.7328094244003296,0.2689841687679291
YNL268W,YER179W,0,1.2349447,0.21736596524715424,0.7328094244003296,0.2690843641757965
YAL005C,YCL030C,0,1.2348343,0.21730265021324158,0.7328094244003296,0.26918452978134155
YBL099W,YBL008W,0,1.2347093,0.2172393649816513,0.7328094244003296,0.269284725189209
YIR009W,YDL149W,0,1.2342328,0.21717612445354462,0.7328094244003296,0.26938489079475403
YEL064C,YLR051C,0,1.2339617,0.2171129286289215,0.7328094244003296,0.26948508620262146
YCR067C,YDR021W,0,1.2334514,0.2170497477054596,0.7328094244003296,0.2695852518081665
YML060W,YLR099C,0,1.2331966,0.21698662638664246,0.7328094244003296,0.26968544721603394
YKR092C,YNL246W,0,1.2331733,0.2169235199689865,0.7328094244003296,0.269785612821579
YBL074C,YNR070W,0,1.2328796,0.21686045825481415,0.7328094244003296,0.2698858082294464
YGR061C,YLR385C,0,1.2324092,0.21679744124412537,0.7328094244003296,0.26998597383499146
YMR017W,YLR035C,0,1.232087,0.21673445403575897,0.7328094244003296,0.2700861692428589
YHR117W,YBR240C,0,1.2319778,0.21667151153087616,0.7328094244003296,0.27018633484840393
YNL139C,YGL127C,1,1.2318877,0.21689894795417786,0.7337917685508728,0.27018633484840393
YGL061C,YGL029W,0,1.2315961,0.21683599054813385,0.7337917685508728,0.27028653025627136
YAR010C,YJL046W,0,1.2308589,0.21677306294441223,0.7337917685508728,0.2703866958618164
YIR003W,YGR030C,0,1.2307256,0.2167101800441742,0.7337917685508728,0.27048689126968384
YDR536W,YJR022W,0,1.2306186,0.21664732694625854,0.7337917685508728,0.2705870568752289
YKR064W,YKR022C,0,1.2305542,0.21658451855182648,0.7337917685508728,0.2706872224807739
YFR006W,YJL113W,0,1.229639,0.2165217399597168,0.7337917685508728,0.27078741788864136
YDR040C,YNL014W,0,1.2295173,0.2164589911699295,0.7337917685508728,0.2708875834941864
YOR255W,YOL020W,0,1.2293391,0.2163962870836258,0.7337917685508728,0.27098777890205383
YNL151C,YJL054W,0,1.2289633,0.21633362770080566,0.7337917685508728,0.2710879445075989
YCR018C,YMR011W,0,1.2286649,0.21627098321914673,0.7337917685508728,0.2711881399154663
YMR311C,YOL148C,0,1.2281102,0.21620839834213257,0.7337917685508728,0.27128830552101135
YDL168W,YNL012W,0,1.2278361,0.2161458283662796,0.7337917685508728,0.2713885009288788
YGR028W,YDL105W,0,1.227647,0.21608330309391022,0.7337917685508728,0.27148866653442383
YJR027W,YDL059C,1,1.2275498,0.21631000936031342,0.7347740530967712,0.27148866653442383
YNL103W,YML060W,0,1.2274178,0.21624746918678284,0.7347740530967712,0.27158886194229126
YJL204C,YCR008W,0,1.2274078,0.21618497371673584,0.7347740530967712,0.2716890275478363
YGR005C,YKL045W,0,1.2272881,0.21612250804901123,0.7347740530967712,0.27178922295570374
YBL061C,YNL214W,0,1.2272654,0.2160600870847702,0.7347740530967712,0.2718893885612488
YOR284W,YBR021W,0,1.2269803,0.21599769592285156,0.7347740530967712,0.2719895839691162
YPR104C,YIL105C,0,1.2268984,0.2159353345632553,0.7347740530967712,0.27208974957466125
YHR157W,YNL071W,0,1.2268833,0.21587301790714264,0.7347740530967712,0.2721899449825287
YIL009C-A,YGR189C,0,1.2267865,0.21581073105335236,0.7347740530967712,0.27229011058807373
YGR059W,YKL052C,0,1.2262322,0.21574848890304565,0.7347740530967712,0.27239030599594116
YCL066W,YGR101W,0,1.2261723,0.21568627655506134,0.7347740530967712,0.2724904716014862
YPL120W,YOL091W,0,1.226095,0.21562409400939941,0.7347740530967712,0.27259066700935364
YER171W,YGL173C,1,1.2260653,0.21585014462471008,0.7357563972473145,0.27259066700935364
YKL140W,YLR398C,0,1.2257452,0.21578796207904816,0.7357563972473145,0.2726908326148987
YDL231C,YDR358W,0,1.2256056,0.21572580933570862,0.7357563972473145,0.2727910280227661
YGR030C,YDR397C,0,1.2252799,0.21566368639469147,0.7357563972473145,0.27289119362831116
YIR019C,YKL149C,0,1.2252175,0.2156016081571579,0.7357563972473145,0.2729913890361786
YLR449W,YKL222C,0,1.225016,0.2155395746231079,0.7357563972473145,0.27309155464172363
YNL059C,YGR212W,0,1.2246689,0.21547755599021912,0.7357563972473145,0.27319175004959106
YGL087C,YKL220C,0,1.2243451,0.2154155820608139,0.7357563972473145,0.2732919156551361
YNL145W,YLR037C,0,1.224025,0.21535365283489227,0.7357563972473145,0.27339211106300354
YDR267C,YPR141C,0,1.2236024,0.21529175341129303,0.7357563972473145,0.2734922766685486
YBL080C,YLR176C,0,1.2235341,0.21522988379001617,0.7357563972473145,0.273592472076416
YPL022W,YNL299W,0,1.2232469,0.2151680588722229,0.7357563972473145,0.27369263768196106
YER183C,YGR193C,0,1.2231067,0.21510626375675201,0.7357563972473145,0.2737928330898285
YDR437W,YJL184W,0,1.2230182,0.21504449844360352,0.7357563972473145,0.27389299869537354
YCL048W,YKL016C,0,1.2220452,0.2149827778339386,0.7357563972473145,0.27399319410324097
YGR097W,YPL121C,0,1.2211589,0.21492108702659607,0.7357563972473145,0.274093359708786
YHR091C,YBL100W-B,0,1.2205613,0.21485944092273712,0.7357563972473145,0.27419355511665344
YLR431C,YJR022W,0,1.220399,0.21479782462120056,0.7357563972473145,0.2742937207221985
YFL024C,YIL068C,0,1.2198948,0.2147362381219864,0.7357563972473145,0.2743939161300659
YJL197W,YKR052C,0,1.2198673,0.2146746963262558,0.7357563972473145,0.27449408173561096
YDR323C,YAR071W,0,1.2197515,0.2146131843328476,0.7357563972473145,0.2745942771434784
YKR059W,YDR484W,0,1.219484,0.21455170214176178,0.7357563972473145,0.27469444274902344
YOR371C,YML133C,0,1.2192405,0.21449026465415955,0.7357563972473145,0.27479463815689087
YLR306W,YDR495C,0,1.2183963,0.2144288569688797,0.7357563972473145,0.2748948037624359
YBR003W,YOR017W,0,1.2182546,0.21436749398708344,0.7357563972473145,0.27499499917030334
YCL068C,YOL027C,0,1.2175677,0.21430614590644836,0.7357563972473145,0.2750951647758484
YMR264W,YOL133W,0,1.2173989,0.21424485743045807,0.7357563972473145,0.2751953601837158
YNL188W,YKL099C,0,1.2172866,0.21418358385562897,0.7357563972473145,0.27529552578926086
YPR101W,YOR258W,0,1.2172266,0.21412235498428345,0.7357563972473145,0.2753957211971283
YOL132W,YER033C,0,1.2170513,0.21406115591526031,0.7357563972473145,0.27549588680267334
YJR043C,YAR007C,1,1.2170254,0.2142857164144516,0.7367386817932129,0.27549588680267334
YLR320W,YDR529C,0,1.2165759,0.21422450244426727,0.7367386817932129,0.27559608221054077
YEL048C,YMR226C,0,1.2159867,0.21416333317756653,0.7367386817932129,0.2756962478160858
YNR011C,YIR031C,0,1.2155076,0.21410219371318817,0.7367386817932129,0.27579644322395325
YER007C-A,YHR202W,0,1.2151277,0.2140410989522934,0.7367386817932129,0.2758966088294983
YLL038C,YBL007C,0,1.2144107,0.213980033993721,0.7367386817932129,0.2759968042373657
YER063W,YDR139C,0,1.2144074,0.213918998837471,0.7367386817932129,0.27609696984291077
YDL051W,YHR016C,0,1.2138834,0.2138579934835434,0.7367386817932129,0.2761971652507782
YDR138W,YFL003C,1,1.213672,0.21408209204673767,0.7377210259437561,0.2761971652507782
YPR079W,YOL067C,0,1.2130381,0.21402108669281006,0.7377210259437561,0.27629733085632324
YMR133W,YMR161W,0,1.2126842,0.21396011114120483,0.7377210259437561,0.2763975262641907
YLR010C,YIL040W,0,1.2124223,0.2138991802930832,0.7377210259437561,0.2764976918697357
YNL188W,YLL006W,0,1.2123779,0.21383826434612274,0.7377210259437561,0.27659788727760315
YNL071W,YIL069C,0,1.2119833,0.21377739310264587,0.7377210259437561,0.2766980528831482
YDL117W,YJL056C,0,1.2116462,0.2137165665626526,0.7377210259437561,0.2767982482910156
YPL116W,YJL158C,0,1.2110729,0.2136557549238205,0.7377210259437561,0.27689841389656067
YDR052C,YJL160C,0,1.2109066,0.21359498798847198,0.7377210259437561,0.2769986093044281
YMR234W,YPL146C,0,1.2108121,0.21353426575660706,0.7377210259437561,0.27709877490997314
YIL069C,YGL155W,0,1.2107679,0.21347355842590332,0.7377210259437561,0.2771989703178406
YBL066C,YGR217W,0,1.2102078,0.21341289579868317,0.7377210259437561,0.2772991359233856
YLR373C,YFR005C,0,1.2102013,0.2133522778749466,0.7377210259437561,0.27739933133125305
YDR323C,YHL036W,0,1.2082982,0.21329167485237122,0.7377210259437561,0.2774994969367981
YGR205W,YNR069C,0,1.2082338,0.21323111653327942,0.7377210259437561,0.2775996923446655
YML115C,YPR133C,0,1.2082274,0.21317058801651,0.7377210259437561,0.27769985795021057
YJR027W,YDR440W,1,1.2075957,0.21339386701583862,0.7387033104896545,0.27769985795021057
YPL074W,YGR186W,0,1.2067426,0.2133333384990692,0.7387033104896545,0.277800053358078
YLR307W,YFR003C,0,1.2064844,0.213272824883461,0.7387033104896545,0.27790021896362305
YBR079C,YGR071C,0,1.2063686,0.21321235597133636,0.7387033104896545,0.2780004143714905
YLR186W,YDR054C,0,1.2061704,0.2131519317626953,0.7387033104896545,0.2781005799770355
YMR133W,YJL110C,0,1.2059122,0.21309152245521545,0.7387033104896545,0.27820077538490295
YKL178C,YMR275C,0,1.2057308,0.21303115785121918,0.7387033104896545,0.278300940990448
YDR253C,YKL197C,0,1.2055465,0.2129708230495453,0.7387033104896545,0.27840113639831543
YFR038W,YPL194W,1,1.2049664,0.21319365501403809,0.7396856546401978,0.27840113639831543
YKR105C,YJR126C,0,1.204436,0.2131333202123642,0.7396856546401978,0.2785013020038605
YJR066W,YJL127C,0,1.2043337,0.2130730003118515,0.7396856546401978,0.2786014974117279
YMR118C,YPL103C,0,1.2043145,0.2130127251148224,0.7396856546401978,0.27870166301727295
YNL072W,YMR009W,0,1.2042761,0.21295249462127686,0.7396856546401978,0.278801828622818
YPR156C,YDR348C,0,1.2039915,0.21289227902889252,0.7396856546401978,0.2789020240306854
YDR510W,YOR171C,0,1.2035257,0.21283210813999176,0.7396856546401978,0.27900218963623047
YJL173C,YOR005C,1,1.2032461,0.21305453777313232,0.740667998790741,0.27900218963623047
YIL009W,YGL238W,0,1.2031299,0.21299435198307037,0.740667998790741,0.2791023850440979
YOR003W,YGL139W,0,1.2029476,0.2129341959953308,0.740667998790741,0.27920255064964294
YLR086W,YLR361C,0,1.2021122,0.21287408471107483,0.740667998790741,0.2793027460575104
YPL281C,YHR086W,0,1.201061,0.21281400322914124,0.740667998790741,0.2794029116630554
YLL013C,YDR406W,0,1.2007306,0.21275395154953003,0.740667998790741,0.27950310707092285
YBR213W,YIL137C,0,1.2005233,0.2126939296722412,0.740667998790741,0.2796032726764679
YLR343W,YBR211C,0,1.2003198,0.21263395249843597,0.740667998790741,0.2797034680843353
YKR105C,YGR129W,0,1.2002239,0.21257400512695312,0.740667998790741,0.27980363368988037
YOL041C,YIL171W,0,1.20009,0.21251408755779266,0.740667998790741,0.2799038290977478
YGR086C,YHR011W,0,1.1998308,0.21245421469211578,0.740667998790741,0.28000399470329285
YBL103C,YJR095W,0,1.1988236,0.2123943716287613,0.740667998790741,0.2801041901111603
YJL110C,YPR164W,0,1.1987723,0.2123345583677292,0.740667998790741,0.2802043557167053
YPR169W,YGR218W,0,1.1980067,0.21227477490901947,0.740667998790741,0.28030455112457275
YJL159W,YKR024C,0,1.1977624,0.21221503615379333,0.740667998790741,0.2804047167301178
YDL214C,YDR466W,0,1.1975049,0.2121553122997284,0.740667998790741,0.28050491213798523
YGR063C,YPR156C,0,1.1973802,0.21209563314914703,0.740667998790741,0.2806050777435303
YJR029W,YLR406C,0,1.1968209,0.21203599870204926,0.740667998790741,0.2807052731513977
YBR088C,YER147C,1,1.1965672,0.212257519364357,0.7416502833366394,0.2807052731513977
YBL018C,YMR156C,0,1.1965009,0.21219787001609802,0.7416502833366394,0.28080543875694275
YMR247C,YCR027C,0,1.1964413,0.21213823556900024,0.7416502833366394,0.2809056341648102
YOR032C,YMR260C,0,1.1963012,0.21207864582538605,0.7416502833366394,0.2810057997703552
YPR148C,YDR501W,0,1.1962799,0.21201910078525543,0.7416502833366394,0.28110599517822266
YJL137C,YAL048C,0,1.1962713,0.211959570646286,0.7416502833366394,0.2812061607837677
YPL101W,YOR250C,0,1.1961645,0.21190008521080017,0.7416502833366394,0.28130635619163513
YCL064C,YNR022C,0,1.1960045,0.21184062957763672,0.7416502833366394,0.2814065217971802
YLR014C,YDR111C,0,1.1954532,0.21178120374679565,0.7416502833366394,0.2815067172050476
YFR008W,YDR071C,0,1.1953205,0.21172182261943817,0.7416502833366394,0.28160688281059265
YFL055W,YDR236C,0,1.1949818,0.21166245639324188,0.7416502833366394,0.2817070782184601
YPR075C,YIL090W,0,1.1949688,0.21160313487052917,0.7416502833366394,0.2818072438240051
YGL127C,YJL208C,1,1.1949534,0.21182404458522797,0.7426326274871826,0.2818072438240051
YLR441C,YCR089W,0,1.1948329,0.21176470816135406,0.7426326274871826,0.28190743923187256
YMR106C,YKL055C,0,1.1948106,0.21170540153980255,0.7426326274871826,0.2820076048374176
YDR244W,YER149C,0,1.1944659,0.21164613962173462,0.7426326274871826,0.28210780024528503
YOR249C,YMR188C,0,1.1937708,0.21158690750598907,0.7426326274871826,0.2822079658508301
YPL249C,YPL209C,0,1.1937414,0.21152770519256592,0.7426326274871826,0.2823081612586975
YLR272C,YJL173C,0,1.1936474,0.21146853268146515,0.7426326274871826,0.28240832686424255
YOL006C,YDR288W,1,1.19342,0.2116890400648117,0.743614912033081,0.28240832686424255
YBR189W,YGR289C,0,1.1932744,0.21162985265254974,0.743614912033081,0.28250852227211
YDR328C,YML096W,0,1.1925724,0.21157070994377136,0.743614912033081,0.28260868787765503
YDL145C,YPR049C,0,1.1921172,0.21151159703731537,0.743614912033081,0.28270888328552246
YGL130W,YIL085C,0,1.1919168,0.21145251393318176,0.743614912033081,0.2828090488910675
YGL064C,YOR189W,0,1.1916882,0.21139346063137054,0.743614912033081,0.28290924429893494
YJL089W,YER005W,0,1.1905911,0.2113344520330429,0.743614912033081,0.28300940990448
YLR204W,YML037C,0,1.1905717,0.21127547323703766,0.743614912033081,0.2831096053123474
YCR105W,YBR215W,0,1.1904758,0.2112165242433548,0.743614912033081,0.28320977091789246
YDR022C,YOR359W,0,1.1903917,0.21115760505199432,0.743614912033081,0.2833099663257599
YML065W,YOR211C,0,1.190334,0.21109871566295624,0.743614912033081,0.28341013193130493
YGR163W,YGL008C,0,1.1894895,0.21103987097740173,0.743614912033081,0.28351032733917236
YOL049W,YNL299W,0,1.1894126,0.21098104119300842,0.743614912033081,0.2836104929447174
YOL069W,YHR142W,0,1.1893865,0.2109222561120987,0.743614912033081,0.28371068835258484
YOL080C,YBR041W,0,1.1891912,0.21086351573467255,0.743614912033081,0.2838108539581299
YJL033W,YPL258C,0,1.1890023,0.2108047902584076,0.743614912033081,0.2839110493659973
YCR102C,YEL001C,0,1.1889279,0.21074610948562622,0.743614912033081,0.28401121497154236
YNR075W,YGR241C,0,1.1887724,0.21068744361400604,0.743614912033081,0.2841114103794098
YDL164C,YDR110W,1,1.1887208,0.21090707182884216,0.7445972561836243,0.2841114103794098
YOR346W,YPR075C,0,1.1881876,0.21084840595722198,0.7445972561836243,0.28421157598495483
YFL026W,YPR106W,0,1.18791,0.2107897698879242,0.7445972561836243,0.28431177139282227
YKR094C,YBR302C,0,1.187486,0.2107311636209488,0.7445972561836243,0.2844119369983673
YHR167W,YDR060W,0,1.1871874,0.21067260205745697,0.7445972561836243,0.28451213240623474
YGR094W,YJR098C,0,1.1871483,0.21061405539512634,0.7445972561836243,0.2846122980117798
YKL101W,YOL100W,0,1.1864073,0.2105555534362793,0.7445972561836243,0.2847124934196472
YBR112C,YDR501W,0,1.186259,0.21049708127975464,0.7445972561836243,0.28481265902519226
YPR049C,YDR221W,0,1.1861613,0.21043863892555237,0.7445972561836243,0.2849128544330597
YNL113W,YGR075C,0,1.1860962,0.21038024127483368,0.7445972561836243,0.28501302003860474
YNR040W,YLR406C,0,1.1858567,0.21032185852527618,0.7445972561836243,0.28511321544647217
YNL134C,YNL209W,0,1.1857511,0.21026352047920227,0.7445972561836243,0.2852133810520172
YNL199C,YER169W,0,1.1855763,0.21020521223545074,0.7445972561836243,0.28531357645988464
YPR041W,YML131W,0,1.185492,0.2101469337940216,0.7445972561836243,0.2854137420654297
YOR381W,YGL092W,0,1.1852385,0.21008868515491486,0.7445972561836243,0.2855139374732971
YOR144C,YNL210W,1,1.1846484,0.21030756831169128,0.7455795407295227,0.2855139374732971
YDR489W,YMR101C,0,1.1846397,0.21024930477142334,0.7455795407295227,0.28561410307884216
YKL209C,YGR274C,0,1.1845161,0.21019108593463898,0.7455795407295227,0.2857142984867096
YJL056C,YNL064C,0,1.1844559,0.210132896900177,0.7455795407295227,0.28581446409225464
YDL209C,YGR209C,0,1.1843204,0.21007472276687622,0.7455795407295227,0.28591465950012207
YDR138W,YIL082W-A,1,1.1842041,0.21029330790042877,0.7465618848800659,0.28591465950012207
YLL036C,YJL058C,0,1.1841841,0.210235133767128,0.7465618848800659,0.2860148251056671
YDR014W,YMR256C,0,1.1836997,0.2101769894361496,0.7465618848800659,0.28611502051353455
YOR190W,YDL132W,0,1.1830002,0.21011888980865479,0.7465618848800659,0.2862151861190796
YKL211C,YOR177C,0,1.1829152,0.21006080508232117,0.7465618848800659,0.286315381526947
YIL111W,YJR095W,0,1.1828139,0.21000276505947113,0.7465618848800659,0.28641554713249207
YKL088W,YOR075W,0,1.1827921,0.20994475483894348,0.7465618848800659,0.2865157425403595
YMR092C,YOR116C,0,1.1825615,0.20988677442073822,0.7465618848800659,0.28661590814590454
YHR120W,YNR049C,0,1.1823193,0.20982882380485535,0.7465618848800659,0.286716103553772
YOL072W,YML078W,0,1.1821706,0.20977090299129486,0.7465618848800659,0.286816269159317
YDR126W,YKL080W,0,1.1815732,0.20971302688121796,0.7465618848800659,0.28691643476486206
YAL028W,YDR077W,0,1.181116,0.20965516567230225,0.7465618848800659,0.2870166301727295
YDL020C,YML076C,0,1.1807272,0.20959734916687012,0.7465618848800659,0.28711679577827454
YDR386W,YMR167W,1,1.1805263,0.20981527864933014,0.7475442290306091,0.28711679577827454
YFR055W,YEL019C,1,1.1803638,0.21003307402133942,0.7485265135765076,0.28711679577827454
YPL140C,YLR066W,0,1.1802993,0.2099751979112625,0.7485265135765076,0.28721699118614197
YOR380W,YPL192C,0,1.1801922,0.209917351603508,0.7485265135765076,0.287317156791687
YDL213C,YPR178W,0,1.1798831,0.20985954999923706,0.7485265135765076,0.28741735219955444
YDR113C,YJR043C,1,1.1795595,0.21007709205150604,0.7495088577270508,0.28741735219955444
YGL104C,YKL176C,0,1.179328,0.21001926064491272,0.7495088577270508,0.2875175178050995
YOL116W,YLR410W,0,1.1787283,0.20996147394180298,0.7495088577270508,0.2876177132129669
YGR280C,YDR482C,0,1.1786877,0.20990371704101562,0.7495088577270508,0.28771787881851196
YOR003W,YLR175W,0,1.1786721,0.20984598994255066,0.7495088577270508,0.2878180742263794
YDR323C,YGL076C,0,1.1783113,0.20978829264640808,0.7495088577270508,0.28791823983192444
YMR204C,YBR149W,0,1.1782472,0.2097306251525879,0.7495088577270508,0.28801843523979187
YER054C,YDL103C,0,1.1781168,0.2096729874610901,0.7495088577270508,0.2881186008453369
YFR047C,YLL035W,0,1.1779172,0.20961537957191467,0.7495088577270508,0.28821879625320435
YNL321W,YFL004W,0,1.1775486,0.20955781638622284,0.7495088577270508,0.2883189618587494
YBL035C,YER032W,0,1.176992,0.2095002681016922,0.7495088577270508,0.2884191572666168
YHL008C,YJL122W,0,1.1768775,0.20944276452064514,0.7495088577270508,0.28851932287216187
YDL192W,YMR307W,0,1.1763053,0.20938529074192047,0.7495088577270508,0.2886195182800293
YBL004W,YKL025C,0,1.175901,0.2093278467655182,0.7495088577270508,0.28871968388557434
YJL170C,YHL050C,0,1.1753898,0.2092704325914383,0.7495088577270508,0.2888198792934418
YGL104C,YGL120C,0,1.1750098,0.2092130482196808,0.7495088577270508,0.2889200448989868
YNL199C,YNL128W,0,1.1747448,0.20915570855140686,0.7495088577270508,0.28902024030685425
YLR431C,YMR198W,0,1.1744436,0.20909838378429413,0.7495088577270508,0.2891204059123993
YGL079W,YNL214W,0,1.1743271,0.20904108881950378,0.7495088577270508,0.2892206013202667
YLL001W,YIL017C,0,1.1741891,0.20898383855819702,0.7495088577270508,0.28932076692581177
YMR002W,YBR158W,0,1.1740737,0.20892661809921265,0.7495088577270508,0.2894209623336792
YLR467W,YIL112W,0,1.1740553,0.20886942744255066,0.7495088577270508,0.28952112793922424
YNL161W,YER082C,0,1.1740367,0.20881226658821106,0.7495088577270508,0.2896213233470917
YOR191W,YBL019W,0,1.1738801,0.20875513553619385,0.7495088577270508,0.2897214889526367
YDR236C,YFR015C,0,1.173741,0.20869803428649902,0.7495088577270508,0.28982168436050415
YLR343W,YER012W,0,1.1736192,0.2086409628391266,0.7495088577270508,0.2899218499660492
YAL053W,YDR206W,0,1.1731759,0.20858392119407654,0.7495088577270508,0.2900220453739166
YKR065C,YLR158C,0,1.1731668,0.20852692425251007,0.7495088577270508,0.29012221097946167
YPR141C,YJR009C,0,1.1731259,0.2084699422121048,0.7495088577270508,0.2902224063873291
YIR004W,YDR314C,0,1.1731184,0.2084130048751831,0.7495088577270508,0.29032257199287415
YBR069C,YKL025C,0,1.172677,0.2083560824394226,0.7495088577270508,0.2904227674007416
YMR118C,YNR048W,0,1.1725141,0.2082992047071457,0.7495088577270508,0.2905229330062866
YPL253C,YPR066W,0,1.1724226,0.20824235677719116,0.7495088577270508,0.29062312841415405
YOR373W,YJR110W,0,1.1723962,0.20818553864955902,0.7495088577270508,0.2907232940196991
YPL019C,YPL051W,0,1.1721941,0.20812875032424927,0.7495088577270508,0.29082348942756653
YGL017W,YOR191W,0,1.1720927,0.2080719918012619,0.7495088577270508,0.2909236550331116
YOL011W,YAR042W,0,1.1715298,0.20801526308059692,0.7495088577270508,0.291023850440979
YDR253C,YML107C,0,1.1710391,0.20795857906341553,0.7495088577270508,0.29112401604652405
YKL011C,YNL323W,0,1.1707083,0.20790190994739532,0.7495088577270508,0.2912242114543915
YNL146W,YKR030W,0,1.1705809,0.2078452706336975,0.7495088577270508,0.2913243770599365
YDR052C,YMR035W,0,1.1703832,0.20778867602348328,0.7495088577270508,0.29142457246780396
YGR028W,YLR002C,0,1.1703742,0.20773209631443024,0.7495088577270508,0.291524738073349
YOL051W,YDR075W,0,1.1703268,0.20767556130886078,0.7495088577270508,0.29162493348121643
YCL061C,YOL023W,0,1.1695938,0.20761904120445251,0.7495088577270508,0.2917250990867615
YDR292C,YDL247W,0,1.1693724,0.20756256580352783,0.7495088577270508,0.2918252944946289
YHR084W,YOR307C,0,1.1689982,0.20750612020492554,0.7495088577270508,0.29192546010017395
YHR143W-A,YLR040C,0,1.1688956,0.20744970440864563,0.7495088577270508,0.2920256555080414
YCR107W,YOR181W,0,1.1673701,0.2073933184146881,0.7495088577270508,0.2921258211135864
YIL136W,YHR153C,0,1.1673203,0.20733696222305298,0.7495088577270508,0.29222601652145386
YBR048W,YER065C,0,1.1672479,0.20728063583374023,0.7495088577270508,0.2923261821269989
YJR054W,YPL137C,0,1.1671028,0.20722433924674988,0.7495088577270508,0.29242637753486633
YHR124W,YML014W,0,1.166354,0.2071680724620819,0.7495088577270508,0.2925265431404114
YHR205W,YDR022C,0,1.1659011,0.20711183547973633,0.7495088577270508,0.2926267385482788
YPR101W,YOR120W,0,1.1657109,0.20705562829971313,0.7495088577270508,0.29272690415382385
YMR290C,YOR069W,0,1.1653372,0.20699945092201233,0.7495088577270508,0.2928270995616913
YHR214W,YNL047C,0,1.1652868,0.2069433182477951,0.7495088577270508,0.29292726516723633
YBR104W,YOL078W,0,1.1651103,0.20688720047473907,0.7495088577270508,0.29302746057510376
YJL115W,YAL062W,0,1.1646332,0.20683111250400543,0.7495088577270508,0.2931276261806488
YLR459W,YBL084C,0,1.1645387,0.20677506923675537,0.7495088577270508,0.29322782158851624
YPL079W,YOR264W,0,1.1643469,0.2067190408706665,0.7495088577270508,0.2933279871940613
YLR320W,YPL127C,1,1.1642613,0.2069339156150818,0.7504911422729492,0.2933279871940613
YLR148W,YNL327W,0,1.1639484,0.20687787234783173,0.7504911422729492,0.2934281826019287
YPL207W,YER048W-A,0,1.1632255,0.20682187378406525,0.7504911422729492,0.29352834820747375
YBR175W,YAL034W-A,0,1.1628109,0.20676590502262115,0.7504911422729492,0.2936285436153412
YAL025C,YLR059C,0,1.1616724,0.20670995116233826,0.7504911422729492,0.29372870922088623
YGR188C,YLR119W,0,1.1614606,0.20665404200553894,0.7504911422729492,0.29382890462875366
YPL013C,YIL072W,0,1.1614506,0.206598162651062,0.7504911422729492,0.2939290702342987
YNL159C,YDR339C,0,1.1610485,0.20654231309890747,0.7504911422729492,0.29402926564216614
YPL187W,YML078W,0,1.1609881,0.20648649334907532,0.7504911422729492,0.2941294312477112
YDR011W,YPL063W,0,1.1609318,0.20643068850040436,0.7504911422729492,0.2942296266555786
YCR005C,YPR041W,0,1.1608406,0.20637492835521698,0.7504911422729492,0.29432979226112366
YCR024C-A,YCR040W,0,1.160408,0.206319198012352,0.7504911422729492,0.2944299876689911
YLL033W,YML062C,1,1.1602783,0.20653347671031952,0.7514734864234924,0.2944299876689911
YCR023C,YML018C,0,1.1601427,0.20647773146629333,0.7514734864234924,0.29453015327453613
YCR054C,YGL226W,0,1.1598622,0.20642201602458954,0.7514734864234924,0.29463034868240356
YLR014C,YCR023C,0,1.1593783,0.20636633038520813,0.7514734864234924,0.2947305142879486
YIL066C,YIL049W,0,1.1592876,0.2063106745481491,0.7514734864234924,0.29483070969581604
YHR181W,YPR184W,0,1.1586895,0.20625504851341248,0.7514734864234924,0.2949308753013611
YER051W,YDL002C,0,1.1585882,0.20619946718215942,0.7514734864234924,0.2950310707092285
YCR072C,YBR030W,0,1.1585262,0.20614390075206757,0.7514734864234924,0.29513123631477356
YMR127C,YDL075W,0,1.1584821,0.2060883641242981,0.7514734864234924,0.2952314019203186
YMR017W,YLR044C,0,1.1584184,0.206032857298851,0.7514734864234924,0.29533159732818604
YER179W,YBR160W,1,1.1581831,0.20624662935733795,0.7524557709693909,0.29533159732818604
YLR190W,YOR332W,0,1.158139,0.20619112253189087,0.7524557709693909,0.2954317629337311
YKL010C,YLR405W,0,1.1576945,0.20613563060760498,0.7524557709693909,0.2955319583415985
YLR414C,YJL207C,0,1.1575708,0.20608016848564148,0.7524557709693909,0.29563212394714355
YHR036W,YPR082C,0,1.1568835,0.20602475106716156,0.7524557709693909,0.295732319355011
YHL011C,YHR011W,0,1.1564053,0.20596934854984283,0.7524557709693909,0.29583248496055603
YDR098C,YOR009W,0,1.1560591,0.2059139758348465,0.7524557709693909,0.29593268036842346
YPL074W,YBL064C,0,1.1556728,0.20585863292217255,0.7524557709693909,0.2960328459739685
YPL203W,YLR413W,0,1.1552382,0.20580333471298218,0.7524557709693909,0.29613304138183594
YMR006C,YPR094W,0,1.1534071,0.205748051404953,0.7524557709693909,0.296233206987381
YAR007C,YKL032C,0,1.1531558,0.20569279789924622,0.7524557709693909,0.2963334023952484
YML061C,YCL019W,1,1.1523279,0.20590603351593018,0.7534381151199341,0.2963334023952484
YDL087C,YLR382C,0,1.1510923,0.2058507800102234,0.7534381151199341,0.29643356800079346
YOL117W,YIL090W,0,1.1510167,0.2057955414056778,0.7534381151199341,0.2965337634086609
YKR099W,YGR296W,1,1.1509353,0.20600858330726624,0.7544204592704773,0.2965337634086609
YNL139C,YIL132C,1,1.1506221,0.20622150599956512,0.7554027438163757,0.2965337634086609
YOL156W,YGL160W,0,1.150591,0.20616622269153595,0.7554027438163757,0.29663392901420593
YGL175C,YLL062C,0,1.1497496,0.20611096918582916,0.7554027438163757,0.29673412442207336
YGR205W,YLR234W,0,1.1488892,0.20605573058128357,0.7554027438163757,0.2968342900276184
YPR096C,YOR273C,0,1.148798,0.20600053668022156,0.7554027438163757,0.29693448543548584
YOR141C,YOR033C,0,1.1487353,0.20594537258148193,0.7554027438163757,0.2970346510410309
YFR031C-A,YML045W,0,1.1486655,0.2058902233839035,0.7554027438163757,0.2971348464488983
YMR268C,YJR073C,0,1.1475606,0.20583511888980865,0.7554027438163757,0.29723501205444336
YMR285C,YCL044C,0,1.1475024,0.2057800441980362,0.7554027438163757,0.2973352074623108
YKL034W,YOL144W,0,1.1473796,0.20572498440742493,0.7554027438163757,0.29743537306785583
YJR158W,YDR043C,0,1.1470737,0.20566996932029724,0.7554027438163757,0.29753556847572327
YBR091C,YDR379W,0,1.1468549,0.20561496913433075,0.7554027438163757,0.2976357340812683
YPL020C,YER096W,0,1.1463733,0.20556001365184784,0.7554027438163757,0.29773592948913574
YPL095C,YOR127W,0,1.1462744,0.20550507307052612,0.7554027438163757,0.2978360950946808
YHR120W,YOR096W,0,1.1456902,0.205450177192688,0.7554027438163757,0.2979362905025482
YDR176W,YMR283C,0,1.1455556,0.20539529621601105,0.7554027438163757,0.29803645610809326
YIL056W,YBR227C,0,1.1449531,0.2053404599428177,0.7554027438163757,0.2981366515159607
YIL120W,YLR233C,0,1.1449354,0.20528563857078552,0.7554027438163757,0.29823681712150574
YIL162W,YHR214W,0,1.1443672,0.20523084700107574,0.7554027438163757,0.29833701252937317
YBR153W,YLR004C,0,1.1440473,0.20517610013484955,0.7554027438163757,0.2984371781349182
YLR299W,YHR090C,0,1.1440198,0.20512136816978455,0.7554027438163757,0.29853737354278564
YPR199C,YJR135C,0,1.1439239,0.20506666600704193,0.7554027438163757,0.2986375391483307
YDR439W,YPL116W,0,1.1438487,0.2050119936466217,0.7554027438163757,0.2987377345561981
YCR016W,YCL044C,0,1.1436037,0.20495735108852386,0.7554027438163757,0.29883790016174316
YOL156W,YLR466W,0,1.143602,0.2049027383327484,0.7554027438163757,0.2989380955696106
YBR291C,YDR462W,0,1.1435452,0.20484815537929535,0.7554027438163757,0.29903826117515564
YJR097W,YML048W,0,1.1435206,0.20479360222816467,0.7554027438163757,0.29913845658302307
YDL192W,YML041C,0,1.1434159,0.20473907887935638,0.7554027438163757,0.2992386221885681
YML023C,YJR043C,1,1.1432725,0.20495076477527618,0.756385087966919,0.2992386221885681
YLR095C,YNL315C,0,1.1430683,0.2048962265253067,0.756385087966919,0.29933881759643555
YGR007W,YKL163W,0,1.142674,0.2048417180776596,0.756385087966919,0.2994389832019806
YPR096C,YPL075W,0,1.1423031,0.2047872394323349,0.756385087966919,0.299539178609848
YAL025C,YHR191C,0,1.1421211,0.20473279058933258,0.756385087966919,0.29963934421539307
YLR115W,YPL105C,0,1.1417637,0.20467835664749146,0.756385087966919,0.2997395396232605
YMR035W,YDR069C,0,1.1415905,0.2046239674091339,0.756385087966919,0.29983970522880554
YLR435W,YDR363W,0,1.1408173,0.20456960797309875,0.756385087966919,0.299939900636673
YIL119C,YHR147C,0,1.1406013,0.204515278339386,0.756385087966919,0.300040066242218
YPL074W,YLR345W,0,1.1404438,0.2044609636068344,0.756385087966919,0.30014026165008545
YNR051C,YJL162C,0,1.1393654,0.20440669357776642,0.756385087966919,0.3002404272556305
YLR307W,YGR245C,0,1.1392723,0.20435243844985962,0.756385087966919,0.3003406226634979
YER173W,YDR536W,0,1.1392319,0.2042982280254364,0.756385087966919,0.30044078826904297
YDL109C,YEL019C,0,1.1391244,0.20424403250217438,0.756385087966919,0.3005409836769104
YHR169W,YOL018C,0,1.1386119,0.20418986678123474,0.756385087966919,0.30064114928245544
YMR171C,YAL068C,0,1.1384972,0.2041357308626175,0.756385087966919,0.3007413446903229
YNL242W,YPL168W,0,1.138375,0.20408163964748383,0.756385087966919,0.3008415102958679
YER031C,YFR005C,0,1.1381826,0.20402756333351135,0.756385087966919,0.30094170570373535
YMR163C,YMR001C,0,1.1380559,0.20397351682186127,0.756385087966919,0.3010418713092804
YOR144C,YDR443C,0,1.1380123,0.20391948521137238,0.756385087966919,0.3011420667171478
YML016C,YPR184W,0,1.1365482,0.20386549830436707,0.756385087966919,0.30124223232269287
YEL013W,YOL077W-A,0,1.1364493,0.20381154119968414,0.756385087966919,0.3013424277305603
YGR057C,YHR183W,0,1.1356505,0.2037576138973236,0.756385087966919,0.30144259333610535
YBL035C,YKL179C,0,1.1354145,0.20370370149612427,0.756385087966919,0.3015427887439728
YNL076W,YHR150W,0,1.1349136,0.2036498337984085,0.756385087966919,0.3016429543495178
YDR259C,YHR021C,0,1.1347631,0.20359598100185394,0.756385087966919,0.30174314975738525
YLR079W,YKL005C,0,1.134681,0.20354215800762177,0.756385087966919,0.3018433153629303
YLR022C,YDR052C,0,1.1340048,0.20348836481571198,0.756385087966919,0.30194351077079773
YML015C,YDR130C,0,1.133982,0.20343461632728577,0.756385087966919,0.3020436763763428
YGR166W,YJL076W,0,1.1330655,0.20338088274002075,0.756385087966919,0.3021438717842102
YDR377W,YNL250W,0,1.1326845,0.20332717895507812,0.756385087966919,0.30224403738975525
YBL061C,YDR488C,0,1.1326653,0.2032734900712967,0.756385087966919,0.3023442327976227
YJL111W,YDR121W,0,1.1322232,0.20321984589099884,0.756385087966919,0.3024443984031677
YEL027W,YPR065W,0,1.1321113,0.20316623151302338,0.756385087966919,0.30254459381103516
YGR278W,YHL028W,0,1.1320941,0.2031126320362091,0.756385087966919,0.3026447594165802
YML019W,YDR007W,0,1.1320426,0.20305907726287842,0.756385087966919,0.30274495482444763
YJR029W,YEL058W,0,1.1317953,0.20300553739070892,0.756385087966919,0.3028451204299927
YOR141C,YDL110C,0,1.1307802,0.20295202732086182,0.756385087966919,0.3029453158378601
YNL323W,YEL001C,0,1.1303455,0.2028985470533371,0.756385087966919,0.30304548144340515
YNL316C,YLR185W,0,1.1297411,0.20284509658813477,0.756385087966919,0.3031456768512726
YDR323C,YKR100C,0,1.1295199,0.20279167592525482,0.756385087966919,0.3032458424568176
YER138C,YPR018W,1,1.129252,0.20300157368183136,0.7573673725128174,0.3032458424568176
YDR440W,YGR041W,0,1.1289303,0.20294813811779022,0.7573673725128174,0.30334600806236267
YKL141W,YBL042C,0,1.1289195,0.20289473235607147,0.7573673725128174,0.3034462034702301
YDL222C,YGR116W,0,1.1277728,0.2028413563966751,0.7573673725128174,0.30354636907577515
YBR110W,YGL121C,0,1.1274074,0.20278801023960114,0.7573673725128174,0.3036465644836426
YPL075W,YBR301W,0,1.1262045,0.20273467898368835,0.7573673725128174,0.3037467300891876
YOL132W,YAL001C,0,1.1256547,0.20268139243125916,0.7573673725128174,0.30384692549705505
YOR096W,YMR190C,0,1.1254294,0.20262812077999115,0.7573673725128174,0.3039470911026001
YNR048W,YOR295W,0,1.1251273,0.20257487893104553,0.7573673725128174,0.30404728651046753
YLR340W,YNR059W,0,1.12499,0.2025216668844223,0.7573673725128174,0.3041474521160126
YMR076C,YNL118C,0,1.1249053,0.20246848464012146,0.7573673725128174,0.30424764752388
YHR139C,YJR009C,0,1.1247576,0.202415332198143,0.7573673725128174,0.30434781312942505
YBR030W,YPR054W,0,1.124667,0.20236220955848694,0.7573673725128174,0.3044480085372925
YOL125W,YDR033W,0,1.1246151,0.20230910181999207,0.7573673725128174,0.3045481741428375
YDR031W,YLR272C,0,1.123673,0.20225603878498077,0.7573673725128174,0.30464836955070496
YOL146W,YJL145W,0,1.1234044,0.20220299065113068,0.7573673725128174,0.30474853515625
YDR440W,YAL015C,0,1.123331,0.20214997231960297,0.7573673725128174,0.30484873056411743
YJL148W,YNL025C,0,1.1232615,0.20209698379039764,0.7573673725128174,0.3049488961696625
YNL093W,YBR024W,0,1.1230695,0.2020440250635147,0.7573673725128174,0.3050490915775299
YOR389W,YMR236W,0,1.1229918,0.20199109613895416,0.7573673725128174,0.30514925718307495
YJL167W,YHR067W,0,1.1226768,0.2019381821155548,0.7573673725128174,0.3052494525909424
YIL044C,YDR363W-A,0,1.1222343,0.20188531279563904,0.7573673725128174,0.3053496181964874
YNR027W,YER183C,0,1.1221342,0.20183245837688446,0.7573673725128174,0.30544981360435486
YDL082W,YML037C,0,1.1215401,0.20177963376045227,0.7573673725128174,0.3055499792098999
YDR308C,YDR356W,0,1.1209338,0.20172683894634247,0.7573673725128174,0.30565017461776733
YLR078C,YMR283C,0,1.1199055,0.20167407393455505,0.7573673725128174,0.3057503402233124
YLR287C-A,YCR094W,0,1.1198018,0.20162133872509003,0.7573673725128174,0.3058505356311798
YKR045C,YPL281C,0,1.1197497,0.2015686333179474,0.7573673725128174,0.30595070123672485
YJL083W,YPL043W,0,1.1197485,0.20151594281196594,0.7573673725128174,0.3060508966445923
YBR050C,YLR066W,0,1.1194979,0.20146328210830688,0.7573673725128174,0.30615106225013733
YKR050W,YKR031C,0,1.1187027,0.20141065120697021,0.7573673725128174,0.30625125765800476
YIR025W,YIL143C,1,1.1185019,0.2016192227602005,0.7583497166633606,0.30625125765800476
YPL017C,YPL194W,1,1.1184589,0.20182767510414124,0.759332001209259,0.30625125765800476
YOL034W,YCR023C,0,1.1183294,0.20177499949932098,0.759332001209259,0.3063514232635498
YDR322W,YGR024C,0,1.1182778,0.20172233879566193,0.759332001209259,0.30645161867141724
YOL034W,YDL164C,1,1.1180699,0.20193059742450714,0.7603143453598022,0.30645161867141724
YCR018C,YCL054W,0,1.1173358,0.20187793672084808,0.7603143453598022,0.3065517842769623
YDR420W,YER102W,0,1.117243,0.20182529091835022,0.7603143453598022,0.3066519796848297
YKL183W,YLL031C,0,1.1164119,0.20177267491817474,0.7603143453598022,0.30675214529037476
YER140W,YHR190W,0,1.1160219,0.20172008872032166,0.7603143453598022,0.3068523406982422
YNL134C,YOL095C,0,1.1155381,0.20166753232479095,0.7603143453598022,0.30695250630378723
YMR079W,YHL022C,0,1.1152204,0.20161500573158264,0.7603143453598022,0.30705270171165466
YER001W,YLR128W,0,1.1148909,0.20156249403953552,0.7603143453598022,0.3071528673171997
YBR104W,YIL007C,0,1.1148463,0.20151002705097198,0.7603143453598022,0.30725306272506714
YPL103C,YCR024C-A,0,1.1147258,0.20145757496356964,0.7603143453598022,0.3073532283306122
YBR160W,YBL031W,0,1.1141996,0.20140515267848969,0.7603143453598022,0.3074534237384796
YJR043C,YER038C,1,1.1141608,0.2016129046678543,0.7612966895103455,0.3074534237384796
YJL197W,YHR113W,0,1.113544,0.20156046748161316,0.7612966895103455,0.30755358934402466
YNL093W,YOR295W,0,1.112972,0.2015080600976944,0.7612966895103455,0.3076537847518921
YDR439W,YOL061W,0,1.1124728,0.20145568251609802,0.7612966895103455,0.30775395035743713
YDR528W,YMR035W,0,1.1124253,0.20140331983566284,0.7612966895103455,0.30785414576530457
YDR259C,YLR234W,0,1.1108909,0.20135100185871124,0.7612966895103455,0.3079543113708496
YDR362C,YBR210W,0,1.1105782,0.20129869878292084,0.7612966895103455,0.30805450677871704
YLR096W,YDL240W,0,1.1102725,0.20124642550945282,0.7612966895103455,0.3081546723842621
YDR325W,YDL058W,0,1.1102146,0.2011941820383072,0.7612966895103455,0.3082548677921295
YLR421C,YGL151W,0,1.1099908,0.20114196836948395,0.7612966895103455,0.30835503339767456
YMR268C,YKL033W,0,1.1099474,0.2010897696018219,0.7612966895103455,0.308455228805542
YPL168W,YML058W,0,1.1099393,0.20103761553764343,0.7612966895103455,0.30855539441108704
YLR175W,YMR197C,0,1.1094481,0.20098547637462616,0.7612966895103455,0.30865558981895447
YNR063W,YML057W,0,1.1093764,0.20093336701393127,0.7612966895103455,0.3087557554244995
YOR043W,YIL073C,0,1.1092921,0.20088128745555878,0.7612966895103455,0.30885595083236694
YJR002W,YMR244C-A,0,1.1083164,0.20082923769950867,0.7612966895103455,0.308956116437912
YMR004W,YJR017C,0,1.108161,0.20077720284461975,0.7612966895103455,0.3090563118457794
YOL154W,YBR203W,0,1.1080201,0.20072519779205322,0.7612966895103455,0.30915647745132446
YPR141C,YBR126C,0,1.1068304,0.20067322254180908,0.7612966895103455,0.3092566728591919
YDL004W,YGL147C,0,1.1059356,0.20062127709388733,0.7612966895103455,0.30935683846473694
YNR024W,YGR184C,0,1.1058289,0.20056936144828796,0.7612966895103455,0.30945703387260437
YJL173C,YIR025W,1,1.1057606,0.20077618956565857,0.7622789740562439,0.30945703387260437
YGL196W,YIL073C,0,1.1052898,0.200724259018898,0.7622789740562439,0.3095571994781494
YLR396C,YBR158W,0,1.1051013,0.20067235827445984,0.7622789740562439,0.30965739488601685
YLR158C,YOR205C,0,1.1050657,0.20062047243118286,0.7622789740562439,0.3097575604915619
YOR361C,YCR028C-A,0,1.1050268,0.20056861639022827,0.7622789740562439,0.3098577558994293
YBR130C,YDL205C,0,1.1047864,0.20051679015159607,0.7622789740562439,0.30995792150497437
YNL251C,YJL010C,0,1.1047064,0.20046499371528625,0.7622789740562439,0.3100581169128418
YNL308C,YGR277C,0,1.1045933,0.20041322708129883,0.7622789740562439,0.31015828251838684
YOR244W,YGR003W,0,1.1044846,0.2003614753484726,0.7622789740562439,0.3102584779262543
YDL150W,YLR345W,0,1.1041069,0.20030975341796875,0.7622789740562439,0.3103586435317993
YNR056C,YPR186C,0,1.1035129,0.2002580612897873,0.7622789740562439,0.31045883893966675
YLL033W,YHL024W,1,1.1029875,0.2004643976688385,0.7632613182067871,0.31045883893966675
YJL083W,YDR380W,0,1.102835,0.20041269063949585,0.7632613182067871,0.3105590045452118
YHR157W,YDR376W,0,1.1026053,0.20036101341247559,0.7632613182067871,0.3106591999530792
YGL207W,YDL240W,0,1.1021845,0.20030935108661652,0.7632613182067871,0.31075936555862427
YPL162C,YLR023C,0,1.1021316,0.20025773346424103,0.7632613182067871,0.3108595609664917
YPL066W,YOR095C,0,1.1018431,0.20020613074302673,0.7632613182067871,0.31095972657203674
YNR053C,YOL121C,0,1.1013093,0.20015455782413483,0.7632613182067871,0.3110599219799042
YIL027C,YNR016C,0,1.1011627,0.2001030147075653,0.7632613182067871,0.3111600875854492
YPL033C,YDL085W,0,1.1000984,0.20005148649215698,0.7632613182067871,0.31126028299331665
YLR038C,YDR441C,0,1.0999725,0.20000000298023224,0.7632613182067871,0.3113604485988617
YDL235C,YDR361C,0,1.0997834,0.1999485343694687,0.7632613182067871,0.3114606440067291
YGR157W,YMR135C,0,1.0996685,0.19989709556102753,0.7632613182067871,0.31156080961227417
YLR431C,YOL059W,0,1.0983719,0.19984567165374756,0.7632613182067871,0.3116609752178192
YFR004W,YEL005C,0,1.098253,0.19979429244995117,0.7632613182067871,0.31176117062568665
YBR295W,YLR406C,0,1.0981784,0.19974292814731598,0.7632613182067871,0.3118613362312317
YOR115C,YLR106C,0,1.0972695,0.19969159364700317,0.7632613182067871,0.3119615316390991
YLR336C,YDL141W,0,1.0972174,0.19964028894901276,0.7632613182067871,0.31206169724464417
YBR073W,YPL164C,1,1.0971026,0.19984588027000427,0.7642436027526855,0.31206169724464417
YLR378C,YBR050C,0,1.0970988,0.19979456067085266,0.7642436027526855,0.3121618926525116
YPL015C,YGL183C,1,1.0970342,0.20000000298023224,0.7652259469032288,0.3121618926525116
YOL051W,YCL010C,0,1.096782,0.19994866847991943,0.7652259469032288,0.31226205825805664
YDR368W,YDR485C,0,1.0967376,0.19989736378192902,0.7652259469032288,0.3123622536659241
YBL060W,YCR102C,0,1.096733,0.1998460739850998,0.7652259469032288,0.3124624192714691
YOL068C,YOL090W,1,1.09659,0.20005129277706146,0.7662082314491272,0.3124624192714691
YGR071C,YER020W,0,1.0963763,0.20000000298023224,0.7662082314491272,0.31256261467933655
YIL099W,YHL017W,0,1.0957766,0.1999487280845642,0.7662082314491272,0.3126627802848816
YMR260C,YDR256C,0,1.0954992,0.19989748299121857,0.7662082314491272,0.312762975692749
YDR343C,YJR050W,0,1.09548,0.1998462677001953,0.7662082314491272,0.31286314129829407
YGL145W,YCL039W,0,1.095176,0.19979508221149445,0.7662082314491272,0.3129633367061615
YAL043C,YDL049C,0,1.094951,0.19974391162395477,0.7662082314491272,0.31306350231170654
YDL059C,YOR144C,1,1.0943434,0.19994880259037018,0.7671905755996704,0.31306350231170654
YNL311C,YKL058W,0,1.0942956,0.1998976171016693,0.7671905755996704,0.313163697719574
YHL002W,YOR190W,0,1.0939853,0.19984646141529083,0.7671905755996704,0.313263863325119
YPL003W,YOR384W,0,1.0937994,0.19979535043239594,0.7671905755996704,0.31336405873298645
YDR085C,YOR100C,0,1.0937603,0.19974423944950104,0.7671905755996704,0.3134642243385315
YMR167W,YLR423C,0,1.0936364,0.19969317317008972,0.7671905755996704,0.3135644197463989
YLR205C,YNL194C,0,1.0934509,0.1996421217918396,0.7671905755996704,0.31366458535194397
YDR477W,YGL029W,0,1.0925219,0.19959110021591187,0.7671905755996704,0.3137647807598114
YNL330C,YOL072W,1,1.0924911,0.19979560375213623,0.7681728601455688,0.3137647807598114
YIL030C,YGL226W,0,1.0921335,0.1997445672750473,0.7681728601455688,0.31386494636535645
YNR053C,YPR165W,0,1.091888,0.19969356060028076,0.7681728601455688,0.3139651417732239
YML039W,YER179W,1,1.091759,0.1998978853225708,0.7691552042961121,0.3139651417732239
YGL240W,YHL035C,0,1.0916352,0.19984686374664307,0.7691552042961121,0.3140653073787689
YER174C,YMR243C,0,1.0914259,0.19979587197303772,0.7691552042961121,0.31416550278663635
YGR224W,YDL164C,0,1.0912266,0.19974489510059357,0.7691552042961121,0.3142656683921814
YJL189W,YDR208W,0,1.091127,0.199693962931633,0.7691552042961121,0.31436586380004883
YPR161C,YOL041C,0,1.0911217,0.19964304566383362,0.7691552042961121,0.31446602940559387
YJR014W,YER123W,0,1.0900006,0.19959214329719543,0.7691552042961121,0.3145662248134613
YJR043C,YOR371C,0,1.0896964,0.19954128563404083,0.7691552042961121,0.31466639041900635
YOR337W,YLR347C,0,1.0896881,0.19949044287204742,0.7691552042961121,0.3147665858268738
YGL115W,YCR028C-A,0,1.0896435,0.1994396299123764,0.7691552042961121,0.3148667514324188
YOR253W,YGR067C,0,1.0895483,0.19938884675502777,0.7691552042961121,0.31496694684028625
YOR269W,YEL065W,0,1.0893149,0.19933807849884033,0.7691552042961121,0.3150671124458313
YJL010C,YOL094C,0,1.0891354,0.19928735494613647,0.7691552042961121,0.31516730785369873
YJL108C,YDL005C,0,1.0888865,0.1992366462945938,0.7691552042961121,0.3152674734592438
YDR208W,YKL099C,0,1.0888469,0.19918595254421234,0.7691552042961121,0.3153676688671112
YGR140W,YML059C,0,1.0886304,0.19913530349731445,0.7691552042961121,0.31546783447265625
YLR418C,YML095C,1,1.0886183,0.19933892786502838,0.7701375484466553,0.31546783447265625
YJR048W,YCR005C,0,1.0879558,0.1992882490158081,0.7701375484466553,0.3155680298805237
YMR004W,YNL212W,0,1.0878263,0.1992376148700714,0.7701375484466553,0.3156681954860687
YBR012W-B,YMR001C,1,1.0876497,0.199441060423851,0.7711198329925537,0.3156681954860687
YNL210W,YJL025W,0,1.0875448,0.19939039647579193,0.7711198329925537,0.31576839089393616
YIL153W,YDL220C,0,1.0873814,0.19933976233005524,0.7711198329925537,0.3158685564994812
YHR214W,YMR053C,0,1.087033,0.19928915798664093,0.7711198329925537,0.31596875190734863
YBR154C,YHR067W,0,1.0869865,0.199238583445549,0.7711198329925537,0.3160689175128937
YOL019W,YIL017C,0,1.0868756,0.1991880238056183,0.7711198329925537,0.3161691129207611
YJL036W,YLR410W,0,1.0867729,0.19913749396800995,0.7711198329925537,0.31626927852630615
YDR078C,YBR098W,1,1.0866678,0.1993405967950821,0.7721021771430969,0.31626927852630615
YOL008W,YNL112W,0,1.0861456,0.19929006695747375,0.7721021771430969,0.3163694739341736
YBR107C,YKL005C,0,1.0861173,0.19923953711986542,0.7721021771430969,0.31646963953971863
YCL016C,YIL049W,0,1.0860577,0.19918905198574066,0.7721021771430969,0.31656983494758606
YPL043W,YPL269W,0,1.0852507,0.1991385817527771,0.7721021771430969,0.3166700005531311
YFL061W,YKL079W,0,1.0846852,0.19908814132213593,0.7721021771430969,0.31677019596099854
YHR108W,YGL153W,0,1.0846839,0.19903773069381714,0.7721021771430969,0.3168703615665436
YIL113W,YGL125W,0,1.0845735,0.19898733496665955,0.7721021771430969,0.316970556974411
YDR528W,YJL073W,0,1.084209,0.19893698394298553,0.7721021771430969,0.31707072257995605
YDL164C,YBR160W,1,1.0841438,0.19913966953754425,0.7730844616889954,0.31707072257995605
YML048W,YBR228W,0,1.0841196,0.19908930361270905,0.7730844616889954,0.3171709179878235
YDR207C,YEL019C,1,1.0839539,0.19929185509681702,0.7740668058395386,0.3171709179878235
YKL107W,YBR207W,0,1.0837158,0.19924145936965942,0.7740668058395386,0.31727108359336853
YDR468C,YML107C,0,1.0826083,0.1991911083459854,0.7740668058395386,0.31737127900123596
YOR208W,YNL191W,0,1.0825458,0.1991407573223114,0.7740668058395386,0.317471444606781
YKL026C,YEL038W,0,1.0825344,0.19909045100212097,0.7740668058395386,0.31757164001464844
YDR501W,YMR285C,0,1.0824106,0.19904015958309174,0.7740668058395386,0.3176718056201935
YPR131C,YFR032C-A,0,1.0823174,0.1989898979663849,0.7740668058395386,0.3177720010280609
YMR313C,YMR188C,0,1.0821829,0.19893966615200043,0.7740668058395386,0.31787216663360596
YPL200W,YGL173C,1,1.0821288,0.19914184510707855,0.775049090385437,0.31787216663360596
YGL210W,YPR061C,0,1.0818589,0.1990915983915329,0.775049090385437,0.3179723620414734
YDL201W,YHR158C,0,1.0817192,0.19904136657714844,0.775049090385437,0.31807252764701843
YAL047C,YDR096W,0,1.0813252,0.19899117946624756,0.775049090385437,0.31817272305488586
YJR135W-A,YOL138C,0,1.0811741,0.19894099235534668,0.775049090385437,0.3182728886604309
YIL097W,YML062C,0,1.0811554,0.19889084994792938,0.775049090385437,0.31837308406829834
YNL318C,YHL001W,0,1.0808794,0.19884072244167328,0.775049090385437,0.3184732496738434
YPL207W,YBR168W,0,1.0801542,0.19879062473773956,0.775049090385437,0.3185734450817108
YGR295C,YDR386W,0,1.0800735,0.19874055683612823,0.775049090385437,0.31867361068725586
YOR234C,YGL127C,0,1.0797198,0.1986905038356781,0.775049090385437,0.3187738060951233
YMR133W,YJL208C,1,1.0796741,0.1988922506570816,0.7760314345359802,0.3187738060951233
YLR363C,YJR050W,0,1.0795145,0.19884218275547028,0.7760314345359802,0.31887397170066833
YAL010C,YDR495C,0,1.079001,0.19879214465618134,0.7760314345359802,0.31897416710853577
YDR362C,YOR141C,0,1.0789279,0.19874213635921478,0.7760314345359802,0.3190743327140808
YHR070W,YDR490C,0,1.0788119,0.19869215786457062,0.7760314345359802,0.31917452812194824
YCR003W,YOL007C,0,1.0786532,0.19864219427108765,0.7760314345359802,0.3192746937274933
YDL168W,YGR207C,0,1.0783556,0.19859226047992706,0.7760314345359802,0.3193748891353607
YML057W,YPL258C,0,1.0780206,0.19854234158992767,0.7760314345359802,0.31947505474090576
YOR073W,YML129C,0,1.0778646,0.19849246740341187,0.7760314345359802,0.3195752501487732
YDL210W,YML067C,0,1.0771257,0.19844260811805725,0.7760314345359802,0.31967541575431824
YBR272C,YBR085W,0,1.0768081,0.19839276373386383,0.7760314345359802,0.3197755813598633
YLR307W,YGR132C,0,1.0766791,0.198342964053154,0.7760314345359802,0.3198757767677307
YLR057W,YBR054W,0,1.076597,0.19829317927360535,0.7760314345359802,0.31997594237327576
YJL047C,YJL062W,0,1.0765774,0.1982434093952179,0.7760314345359802,0.3200761377811432
YCR028C,YFL025C,0,1.0763689,0.19819368422031403,0.7760314345359802,0.32017630338668823
YIL066C,YLR299W,0,1.0759406,0.19814397394657135,0.7760314345359802,0.32027649879455566
YPR169W,YEL016C,0,1.0755229,0.19809427857398987,0.7760314345359802,0.3203766644001007
YBL046W,YLL031C,0,1.0753126,0.19804462790489197,0.7760314345359802,0.32047685980796814
YBR004C,YDL205C,0,1.0751259,0.19799499213695526,0.7760314345359802,0.3205770254135132
YFL050C,YLR347C,0,1.0749631,0.19794537127017975,0.7760314345359802,0.3206772208213806
YJL113W,YER038C,1,1.0745173,0.1981462985277176,0.7770137786865234,0.3206772208213806
YDR536W,YBR237W,0,1.0744648,0.19809666275978088,0.7770137786865234,0.32077738642692566
YMR287C,YBR060C,0,1.0743185,0.19804707169532776,0.7770137786865234,0.3208775818347931
YCL031C,YLR377C,0,1.0731776,0.19799749553203583,0.7770137786865234,0.32097774744033813
YMR056C,YLR058C,0,1.0729315,0.19794794917106628,0.7770137786865234,0.32107794284820557
YDR300C,YPL047W,0,1.0729172,0.19789841771125793,0.7770137786865234,0.3211781084537506
YNL021W,YLR450W,0,1.0728934,0.19784893095493317,0.7770137786865234,0.32127830386161804
YLR292C,YER027C,0,1.0727822,0.1977994441986084,0.7770137786865234,0.3213784694671631
YNL257C,YMR001C,0,1.0726643,0.1977500021457672,0.7770137786865234,0.3214786648750305
YOR156C,YLR092W,0,1.0725366,0.19770057499408722,0.7770137786865234,0.32157883048057556
YDR393W,YHL016C,0,1.0724821,0.19765117764472961,0.7770137786865234,0.321679025888443
YLR418C,YLR234W,1,1.0723327,0.19785161316394806,0.7779960632324219,0.321679025888443
YML123C,YNL323W,0,1.0722624,0.19780220091342926,0.7779960632324219,0.32177919149398804
YGL076C,YMR177W,0,1.0718318,0.19775280356407166,0.7779960632324219,0.32187938690185547
YBR091C,YPL269W,0,1.0717195,0.19770345091819763,0.7779960632324219,0.3219795525074005
YAR071W,YML016C,0,1.0712729,0.1976540982723236,0.7779960632324219,0.32207974791526794
YDR545W,YOR075W,0,1.071263,0.19760479032993317,0.7779960632324219,0.322179913520813
YDL102W,YER155C,0,1.0711612,0.19755549728870392,0.7779960632324219,0.3222801089286804
YDR528W,YLR284C,0,1.0710156,0.19750623404979706,0.7779960632324219,0.32238027453422546
YMR036C,YMR285C,0,1.0708363,0.19745700061321259,0.7779960632324219,0.3224804699420929
YMR004W,YDL104C,0,1.070696,0.1974077820777893,0.7779960632324219,0.32258063554763794
YLR381W,YDR165W,0,1.0700285,0.19735857844352722,0.7779960632324219,0.32268083095550537
YEL024W,YDR485C,0,1.069646,0.19730941951274872,0.7779960632324219,0.3227809965610504
YCR003W,YDR439W,0,1.0693411,0.1972602754831314,0.7779960632324219,0.32288119196891785
YOR116C,YNL318C,0,1.0685194,0.1972111612558365,0.7779960632324219,0.3229813575744629
YEL013W,YIR010W,0,1.0682399,0.19716206192970276,0.7779960632324219,0.3230815529823303
YPL195W,YLR143W,0,1.0681548,0.19711299240589142,0.7779960632324219,0.32318171858787537
YMR292W,YOR022C,0,1.0680416,0.19706395268440247,0.7779960632324219,0.3232819139957428
YHL028W,YCR023C,0,1.0680372,0.1970149278640747,0.7779960632324219,0.32338207960128784
YGL187C,YMR306W,0,1.0680053,0.19696593284606934,0.7779960632324219,0.3234822750091553
YJR010C-A,YOR334W,0,1.067595,0.19691695272922516,0.7779960632324219,0.3235824406147003
YLR352W,YJR056C,0,1.0675939,0.19686800241470337,0.7779960632324219,0.32368263602256775
YHR141C,YLR039C,0,1.0675782,0.19681908190250397,0.7779960632324219,0.3237828016281128
YNL308C,YLR332W,0,1.0675329,0.19677019119262695,0.7779960632324219,0.3238829970359802
YJL139C,YLR096W,0,1.0675321,0.19672131538391113,0.7779960632324219,0.32398316264152527
YML046W,YLR242C,0,1.0674131,0.1966724544763565,0.7779960632324219,0.3240833580493927
YER072W,YPL013C,0,1.0670772,0.19662363827228546,0.7779960632324219,0.32418352365493774
YHR081W,YKR095W,0,1.0669487,0.1965748369693756,0.7779960632324219,0.3242837190628052
YIL008W,YGR295C,0,1.0668938,0.19652605056762695,0.7779960632324219,0.3243838846683502
YDL003W,YPR054W,0,1.0666523,0.19647729396820068,0.7779960632324219,0.32448408007621765
YFR030W,YKR093W,0,1.0665267,0.1964285671710968,0.7779960632324219,0.3245842456817627
YMR001C,YGL157W,0,1.0659916,0.1963798701763153,0.7779960632324219,0.3246844410896301
YLR320W,YNL185C,0,1.0653772,0.196331188082695,0.7779960632324219,0.32478460669517517
YOL137W,YCL066W,0,1.064968,0.1962825208902359,0.7779960632324219,0.3248848021030426
YCR067C,YDR532C,0,1.0644065,0.19623389840126038,0.7779960632324219,0.32498496770858765
YDR111C,YGR068C,0,1.064023,0.19618529081344604,0.7779960632324219,0.3250851631164551
YOR288C,YJL065C,0,1.0638813,0.1961366981267929,0.7779960632324219,0.3251853287220001
YGR224W,YLR215C,0,1.063873,0.19608813524246216,0.7779960632324219,0.32528552412986755
YPR056W,YKR058W,0,1.0638503,0.1960396021604538,0.7779960632324219,0.3253856897354126
YGR200C,YML118W,0,1.0637555,0.19599108397960663,0.7779960632324219,0.32548588514328003
YER051W,YOR048C,0,1.063574,0.19594259560108185,0.7779960632324219,0.3255860507488251
YDR123C,YLR352W,0,1.0631999,0.19589413702487946,0.7779960632324219,0.3256862461566925
YJR043C,YBR136W,1,1.0631747,0.19609297811985016,0.7789784073829651,0.3256862461566925
YIL160C,YKL065C,0,1.062649,0.19604450464248657,0.7789784073829651,0.32578641176223755
YOR373W,YMR053C,0,1.0621389,0.19599604606628418,0.7789784073829651,0.325886607170105
YBR040W,YER023W,0,1.0620565,0.19594761729240417,0.7789784073829651,0.32598677277565
YLR266C,YDL200C,0,1.062017,0.19589920341968536,0.7789784073829651,0.32608696818351746
YIL148W,YJR059W,0,1.0620117,0.19585083425045013,0.7789784073829651,0.3261871337890625
YER015W,YER155C,0,1.0619073,0.1958024650812149,0.7789784073829651,0.32628732919692993
YLL015W,YER114C,0,1.0618461,0.19575414061546326,0.7789784073829651,0.326387494802475
YMR043W,YIL066C,0,1.0616621,0.1957058310508728,0.7789784073829651,0.3264876902103424
YPL178W,YOL055C,0,1.0614917,0.19565753638744354,0.7789784073829651,0.32658785581588745
YAL068C,YDR471W,0,1.0612129,0.19560927152633667,0.7789784073829651,0.3266880512237549
YDR386W,YOR368W,1,1.060123,0.19580765068531036,0.7799606919288635,0.3266880512237549
YDR255C,YDL130W-A,0,1.0589283,0.1957593709230423,0.7799606919288635,0.3267882168292999
YOL084W,YMR109W,0,1.0588456,0.19571112096309662,0.7799606919288635,0.32688841223716736
YOL144W,YDL005C,0,1.0588031,0.19566288590431213,0.7799606919288635,0.3269885778427124
YOL012C,YGR003W,0,1.0581019,0.19561468064785004,0.7799606919288635,0.32708877325057983
YPL111W,YGR099W,0,1.05745,0.19556650519371033,0.7799606919288635,0.3271889388561249
YML025C,YBR267W,0,1.0573822,0.1955183446407318,0.7799606919288635,0.3272891342639923
YHR143W-A,YKR009C,0,1.0572801,0.19547021389007568,0.7799606919288635,0.32738929986953735
YDR345C,YGR211W,0,1.0567842,0.19542209804058075,0.7799606919288635,0.3274894952774048
YER179W,YNL330C,1,1.0567086,0.1956200748682022,0.7809430360794067,0.3274894952774048
YJL116C,YLR237W,0,1.0559816,0.19557195901870728,0.7809430360794067,0.32758966088294983
YKR010C,YNL315C,0,1.0556184,0.19552385807037354,0.7809430360794067,0.32768985629081726
YFR055W,YHL024W,1,1.0555403,0.19572165608406067,0.7819253206253052,0.32768985629081726
YBR297W,YOR127W,0,1.0546896,0.19567355513572693,0.7819253206253052,0.3277900218963623
YMR290C,YMR322C,0,1.0546613,0.1956254541873932,0.7819253206253052,0.32789018750190735
YOL113W,YDR087C,0,1.0546091,0.19557739794254303,0.7819253206253052,0.3279903829097748
YER147C,YER160C,1,1.0536772,0.19577498733997345,0.7829076647758484,0.3279903829097748
YLR263W,YMR303C,0,1.0531542,0.1957269161939621,0.7829076647758484,0.3280905485153198
YDR247W,YKR024C,0,1.0525749,0.19567885994911194,0.7829076647758484,0.32819074392318726
YOR254C,YNR059W,0,1.0524194,0.19563083350658417,0.7829076647758484,0.3282909095287323
YGR026W,YLR139C,0,1.0524089,0.1955828219652176,0.7829076647758484,0.32839110493659973
YNL146W,YIL160C,0,1.0524008,0.1955348402261734,0.7829076647758484,0.3284912705421448
YOR035C,YKR027W,0,1.0523041,0.1954868733882904,0.7829076647758484,0.3285914659500122
YER172C,YPL004C,0,1.0521616,0.1954389363527298,0.7829076647758484,0.32869163155555725
YJR010C-A,YPL121C,0,1.0518541,0.19539102911949158,0.7829076647758484,0.3287918269634247
YGL025C,YOL021C,0,1.0517724,0.19534313678741455,0.7829076647758484,0.3288919925689697
YDR126W,YER012W,0,1.0517504,0.1952952742576599,0.7829076647758484,0.32899218797683716
YML072C,YOL001W,0,1.0517077,0.19524742662906647,0.7829076647758484,0.3290923535823822
YML081C-A,YMR217W,0,1.0516176,0.1951996088027954,0.7829076647758484,0.32919254899024963
YBR297W,YLR442C,0,1.0512371,0.19515180587768555,0.7829076647758484,0.3292927145957947
YMR175W,YIL119C,0,1.0509897,0.19510403275489807,0.7829076647758484,0.3293929100036621
YPR105C,YPL141C,0,1.0509534,0.19505628943443298,0.7829076647758484,0.32949307560920715
YGL128C,YOR320C,0,1.050745,0.1950085610151291,0.7829076647758484,0.3295932710170746
YBL084C,YHR052W,0,1.0506644,0.19496086239814758,0.7829076647758484,0.32969343662261963
YJL110C,YCL016C,0,1.0495067,0.19491317868232727,0.7829076647758484,0.32979363203048706
YNL216W,YNL129W,0,1.0491785,0.19486552476882935,0.7829076647758484,0.3298937976360321
YNL003C,YDR523C,0,1.0483898,0.19481788575649261,0.7829076647758484,0.32999399304389954
YNL167C,YOR336W,0,1.0481129,0.19477027654647827,0.7829076647758484,0.3300941586494446
YPR031W,YHR203C,0,1.047522,0.19472269713878632,0.7829076647758484,0.330194354057312
YGR202C,YGR193C,0,1.0474343,0.19467513263225555,0.7829076647758484,0.33029451966285706
YJL204C,YBR169C,0,1.0474143,0.19462759792804718,0.7829076647758484,0.3303947150707245
YJL059W,YGR094W,0,1.0472867,0.194580078125,0.7829076647758484,0.33049488067626953
YMR167W,YER021W,0,1.0468339,0.1945325881242752,0.7829076647758484,0.33059507608413696
YEL027W,YIR028W,0,1.0467432,0.1944851130247116,0.7829076647758484,0.330695241689682
YPL246C,YHR210C,0,1.0462085,0.1944376677274704,0.7829076647758484,0.33079543709754944
YBR218C,YPL051W,0,1.0460556,0.19439023733139038,0.7829076647758484,0.3308956027030945
YGL028C,YOR198C,0,1.0460422,0.19434283673763275,0.7829076647758484,0.3309957981109619
YML088W,YDR147W,0,1.0451213,0.1942954659461975,0.7829076647758484,0.33109596371650696
YPL058C,YGL035C,0,1.0449318,0.19424811005592346,0.7829076647758484,0.3311961591243744
YDR004W,YEL019C,1,1.0446784,0.1944444477558136,0.7838900089263916,0.3311961591243744
YGR261C,YNL025C,0,1.0444518,0.19439707696437836,0.7838900089263916,0.33129632472991943
YBR097W,YKL220C,0,1.0440152,0.1943497359752655,0.7838900089263916,0.33139652013778687
YBR175W,YNL265C,0,1.0439724,0.19430240988731384,0.7838900089263916,0.3314966857433319
YGL098W,YIL008W,0,1.0435784,0.19425511360168457,0.7838900089263916,0.33159688115119934
YJL008C,YCR097W,0,1.0432546,0.1942078322172165,0.7838900089263916,0.3316970467567444
YCR054C,YNL039W,0,1.0428421,0.1941605806350708,0.7838900089263916,0.3317972421646118
YHR010W,YLR272C,0,1.0427141,0.1941133588552475,0.7838900089263916,0.33189740777015686
YKL157W,YOL157C,0,1.0420932,0.1940661519765854,0.7838900089263916,0.3319976031780243
YPL255W,YNL286W,0,1.0419521,0.19401895999908447,0.7838900089263916,0.33209776878356934
YOL125W,YGL245W,0,1.0419223,0.19397179782390594,0.7838900089263916,0.33219796419143677
YHR129C,YBR008C,0,1.0418007,0.1939246654510498,0.7838900089263916,0.3322981297969818
YKL052C,YER114C,0,1.0416973,0.19387754797935486,0.7838900089263916,0.33239832520484924
YIL113W,YIL082W-A,0,1.0414169,0.1938304603099823,0.7838900089263916,0.3324984908103943
YER062C,YNL217W,0,1.040562,0.19378338754177094,0.7838900089263916,0.3325986862182617
YLR001C,YHL022C,0,1.0402881,0.19373634457588196,0.7838900089263916,0.33269885182380676
YIL173W,YLR426W,0,1.0402861,0.19368931651115417,0.7838900089263916,0.3327990472316742
YMR215W,YLR037C,0,1.0400667,0.19364231824874878,0.7838900089263916,0.33289921283721924
YMR298W,YGR162W,0,1.0396655,0.19359533488750458,0.7838900089263916,0.33299940824508667
YGR035C,YML075C,0,1.0395563,0.19354838132858276,0.7838900089263916,0.3330995738506317
YPR180W,YPL056C,0,1.039432,0.19350145757198334,0.7838900089263916,0.33319976925849915
YBR044C,YDR036C,0,1.039426,0.1934545487165451,0.7838900089263916,0.3332999348640442
YJL122W,YML034W,0,1.0386611,0.19340765476226807,0.7838900089263916,0.3334001302719116
YGL255W,YIL155C,0,1.0381914,0.19336079061031342,0.7838900089263916,0.33350029587745667
YNL132W,YKR089C,0,1.0380758,0.19331395626068115,0.7838900089263916,0.3336004912853241
YKL107W,YOR380W,0,1.0378975,0.19326713681221008,0.7838900089263916,0.33370065689086914
YLR265C,YAL061W,0,1.0374422,0.1932203322649002,0.7838900089263916,0.3338008522987366
YDL043C,YLR223C,0,1.0372802,0.1931735724210739,0.7838900089263916,0.3339010179042816
YOR193W,YOR208W,0,1.0370712,0.19312681257724762,0.7838900089263916,0.33400121331214905
YLR376C,YLR005W,1,1.0370246,0.1933220475912094,0.78487229347229,0.33400121331214905
YGR158C,YDR009W,0,1.0370005,0.19327527284622192,0.78487229347229,0.3341013789176941
YGL223C,YJL028W,0,1.036552,0.19322854280471802,0.78487229347229,0.3342015743255615
YJR109C,YOR339C,0,1.0363421,0.1931818127632141,0.78487229347229,0.33430173993110657
YAL009W,YDL243C,0,1.0359057,0.1931351274251938,0.78487229347229,0.334401935338974
YLR292C,YPL258C,0,1.0356717,0.19308844208717346,0.78487229347229,0.33450210094451904
YBR089C-A,YPL118W,0,1.0350041,0.19304180145263672,0.78487229347229,0.3346022963523865
YMR070W,YBR034C,0,1.0349505,0.19299517571926117,0.78487229347229,0.3347024619579315
YGR256W,YMR016C,0,1.0347135,0.19294856488704681,0.78487229347229,0.33480265736579895
YGR191W,YKL185W,0,1.0347133,0.19290198385715485,0.78487229347229,0.334902822971344
YGR271C-A,YIL073C,0,1.0344472,0.19285541772842407,0.78487229347229,0.3350030183792114
YMR106C,YOR316C,0,1.0340611,0.19280888140201569,0.78487229347229,0.33510318398475647
YML062C,YER173W,1,1.033303,0.19300362467765808,0.7858546376228333,0.33510318398475647
YMR230W,YML102W,0,1.0320563,0.1929570734500885,0.7858546376228333,0.3352033793926239
YLR035C,YDL105W,1,1.0317397,0.19315168261528015,0.7868369221687317,0.3352033793926239
YIL005W,YLR040C,0,1.0315584,0.19310511648654938,0.7868369221687317,0.33530354499816895
YPL135W,YPR124W,0,1.0315458,0.1930585652589798,0.7868369221687317,0.3354037404060364
YMR083W,YIR003W,0,1.031349,0.1930120438337326,0.7868369221687317,0.3355039060115814
YOL078W,YJR001W,0,1.0313454,0.1929655522108078,0.7868369221687317,0.33560410141944885
YNR012W,YKR001C,0,1.0308609,0.1929190754890442,0.7868369221687317,0.3357042670249939
YOR265W,YGR006W,0,1.0304725,0.19287262856960297,0.7868369221687317,0.33580446243286133
YNL327W,YPL258C,0,1.0303978,0.19282619655132294,0.7868369221687317,0.33590462803840637
YBL105C,YPL269W,0,1.0302794,0.1927797794342041,0.7868369221687317,0.3360048234462738
YCR043C,YHR001W-A,0,1.0299852,0.19273339211940765,0.7868369221687317,0.33610498905181885
YLR074C,YML038C,0,1.0299785,0.1926870346069336,0.7868369221687317,0.3362051546573639
YLR307W,YDL231C,0,1.0293095,0.19264069199562073,0.7868369221687317,0.3363053500652313
YLR466W,YGL127C,1,1.0290622,0.19283480942249298,0.7878192663192749,0.3363053500652313
YGR241C,YPL256C,0,1.0285144,0.19278846681118011,0.7878192663192749,0.33640551567077637
YJR075W,YOR264W,0,1.028423,0.19274212419986725,0.7878192663192749,0.3365057110786438
YOR076C,YMR323W,0,1.0284047,0.19269582629203796,0.7878192663192749,0.33660587668418884
YFL052W,YJL216C,0,1.0278912,0.19264952838420868,0.7878192663192749,0.3367060720920563
YDR057W,YOL140W,0,1.0277817,0.19260326027870178,0.7878192663192749,0.3368062376976013
YJR060W,YPR166C,0,1.0274485,0.19255702197551727,0.7878192663192749,0.33690643310546875
YGR286C,YJL025W,0,1.0269916,0.19251079857349396,0.7878192663192749,0.3370065987110138
YDR176W,YIL119C,0,1.0266762,0.19246460497379303,0.7878192663192749,0.3371067941188812
YBR088C,YLR263W,1,1.0265374,0.19265834987163544,0.7888015508651733,0.3371067941188812
YNL001W,YFL029C,0,1.0263346,0.19261214137077332,0.7888015508651733,0.33720695972442627
YLR288C,YMR314W,0,1.0262848,0.1925659477710724,0.7888015508651733,0.3373071551322937
YKR081C,YCR027C,0,1.0258826,0.19251978397369385,0.7888015508651733,0.33740732073783875
YFR038W,YBR168W,0,1.0256815,0.1924736350774765,0.7888015508651733,0.3375075161457062
YGR035C,YDR005C,0,1.02564,0.19242751598358154,0.7888015508651733,0.3376076817512512
YIL173W,YKR009C,0,1.0256314,0.19238141179084778,0.7888015508651733,0.33770787715911865
YDR239C,YNL055C,0,1.025568,0.1923353224992752,0.7888015508651733,0.3378080427646637
YLR399C,YAL056W,0,1.0251896,0.19228927791118622,0.7888015508651733,0.33790823817253113
YKL212W,YPR086W,0,1.0251833,0.19224323332309723,0.7888015508651733,0.33800840377807617
YAL032C,YPL123C,0,1.0247221,0.19219721853733063,0.7888015508651733,0.3381085991859436
YKL011C,YJL051W,1,1.0244877,0.1923905313014984,0.7897838950157166,0.3381085991859436
YGL070C,YDR318W,0,1.0240759,0.19234450161457062,0.7897838950157166,0.33820876479148865
YMR251W-A,YML031W,0,1.0238047,0.19229848682880402,0.7897838950157166,0.3383089601993561
YBR254C,YEL055C,0,1.0237074,0.192252516746521,0.7897838950157166,0.3384091258049011
YBR097W,YMR015C,0,1.0234324,0.19220654666423798,0.7897838950157166,0.33850932121276855
YHR024C,YKL055C,0,1.0234298,0.19216060638427734,0.7897838950157166,0.3386094868183136
YGL206C,YNL220W,0,1.0227163,0.1921146959066391,0.7897838950157166,0.33870968222618103
YJL113W,YHL006C,1,1.0223813,0.19230769574642181,0.790766179561615,0.33870968222618103
YGL009C,YDR011W,0,1.0223235,0.19226175546646118,0.790766179561615,0.3388098478317261
YLR328W,YCL069W,0,1.0217675,0.19221585988998413,0.790766179561615,0.3389100432395935
YDR324C,YJR161C,0,1.0215887,0.19216996431350708,0.790766179561615,0.33901020884513855
YMR223W,YIR028W,0,1.0207206,0.19212409853935242,0.790766179561615,0.339110404253006
YJL051W,YOL072W,1,1.0204898,0.19231687486171722,0.7917485237121582,0.339110404253006
YKL110C,YGL141W,0,1.0203853,0.19227099418640137,0.7917485237121582,0.339210569858551
YPL088W,YPL049C,0,1.0197935,0.1922251433134079,0.7917485237121582,0.33931076526641846
YOR321W,YKL026C,0,1.019386,0.19217930734157562,0.7917485237121582,0.3394109308719635
YOR113W,YIL111W,0,1.0185953,0.19213348627090454,0.7917485237121582,0.33951112627983093
YHR028C,YHL036W,0,1.0182033,0.19208770990371704,0.7917485237121582,0.339611291885376
YKR003W,YIL008W,0,1.0178545,0.19204193353652954,0.7917485237121582,0.3397114872932434
YOL140W,YDL044C,0,1.0177205,0.19199618697166443,0.7917485237121582,0.33981165289878845
YHR124W,YNL024C,0,1.0175791,0.1919504702091217,0.7917485237121582,0.3399118483066559
YBR201W,YOR191W,0,1.0171963,0.19190476834774017,0.7917485237121582,0.3400120139122009
YKR046C,YMR234W,0,1.0168517,0.19185908138751984,0.7917485237121582,0.34011220932006836
YNL090W,YHR202W,0,1.0168347,0.1918134242296219,0.7917485237121582,0.3402123749256134
YLL005C,YGL029W,0,1.0161747,0.19176778197288513,0.7917485237121582,0.34031257033348083
YNL210W,YKL024C,0,1.0161645,0.19172216951847076,0.7917485237121582,0.3404127359390259
YPR175W,YKL035W,0,1.0161612,0.1916765719652176,0.7917485237121582,0.3405129313468933
YPL008W,YDL025C,0,1.0161016,0.1916310042142868,0.7917485237121582,0.34061309695243835
YNL294C,YBR210W,0,1.0156285,0.1915854513645172,0.7917485237121582,0.3407132923603058
YGR062C,YML093W,0,1.0154614,0.19153992831707,0.7917485237121582,0.34081345796585083
YPR037C,YDR101C,0,1.0150917,0.191494420170784,0.7917485237121582,0.34091365337371826
YDR425W,YKL132C,0,1.0149839,0.19144892692565918,0.7917485237121582,0.3410138189792633
YLR337C,YBR068C,0,1.0146022,0.19140346348285675,0.7917485237121582,0.34111401438713074
YJL209W,YGR154C,0,1.0145292,0.1913580298423767,0.7917485237121582,0.3412141799926758
YJR123W,YDR338C,0,1.0139624,0.19131261110305786,0.7917485237121582,0.3413143754005432
YLR288C,YKL112W,0,1.0138004,0.1912672072649002,0.7917485237121582,0.34141454100608826
YDR255C,YOR034C,0,1.0132229,0.19122183322906494,0.7917485237121582,0.3415147364139557
YOL116W,YLR361C,0,1.0132143,0.19117647409439087,0.7917485237121582,0.34161490201950073
YGR048W,YCR016W,0,1.0131421,0.191131129860878,0.7917485237121582,0.34171509742736816
YKL049C,YNL151C,0,1.0127642,0.1910858154296875,0.7917485237121582,0.3418152630329132
YGR061C,YLR216C,0,1.0125479,0.1910405308008194,0.7917485237121582,0.34191545844078064
YNL035C,YHL044W,0,1.0124943,0.1909952610731125,0.7917485237121582,0.3420156240463257
YJL078C,YHR158C,0,1.0122721,0.19095000624656677,0.7917485237121582,0.3421158194541931
YDR511W,YER142C,0,1.0122055,0.19090478122234344,0.7917485237121582,0.34221598505973816
YHR197W,YOR032C,0,1.0118024,0.1908595710992813,0.7917485237121582,0.3423161804676056
YJL091C,YHR092C,0,1.0112202,0.19081439077854156,0.7917485237121582,0.34241634607315063
YJR084W,YIR013C,0,1.0108882,0.190769225358963,0.7917485237121582,0.34251654148101807
YBR110W,YLR119W,0,1.0107456,0.19072408974170685,0.7917485237121582,0.3426167070865631
YOL034W,YDR110W,1,1.0107201,0.1909155398607254,0.7927308678627014,0.3426167070865631
YGR263C,YDL247W,0,1.010697,0.19087038934230804,0.7927308678627014,0.34271690249443054
YKL211C,YMR274C,0,1.0104154,0.19082525372505188,0.7927308678627014,0.3428170680999756
YAL013W,YOL139C,0,1.0099118,0.1907801479101181,0.7927308678627014,0.342917263507843
YKL027W,YDR058C,0,1.0094982,0.19073505699634552,0.7927308678627014,0.34301742911338806
YBL035C,YPL161C,0,1.0088525,0.19068998098373413,0.7927308678627014,0.3431176245212555
YKR067W,YER179W,0,1.0083857,0.19064493477344513,0.7927308678627014,0.34321779012680054
YGR283C,YDR084C,0,1.0079457,0.19059990346431732,0.7927308678627014,0.34331798553466797
YMR106C,YJL216C,0,1.0078725,0.1905549019575119,0.7927308678627014,0.343418151140213
YBR092C,YMR322C,0,1.007668,0.19050991535186768,0.7927308678627014,0.34351834654808044
YOR140W,YMR045C,0,1.0073953,0.19046495854854584,0.7927308678627014,0.3436185121536255
YHR134W,YLR446W,0,1.0066955,0.1904200166463852,0.7927308678627014,0.3437187075614929
YGL116W,YPL227C,0,1.0066863,0.19037508964538574,0.7927308678627014,0.34381887316703796
YML072C,YDR247W,0,1.0066509,0.19033019244670868,0.7927308678627014,0.3439190685749054
YKR095W,YPL233W,0,1.0060954,0.1902853101491928,0.7927308678627014,0.34401923418045044
YDR448W,YOR153W,0,1.005513,0.19024045765399933,0.7927308678627014,0.34411942958831787
YMR050C,YOR141C,1,1.0052565,0.19043129682540894,0.7937131524085999,0.34411942958831787
YPR079W,YBL046W,0,1.0050579,0.19038642942905426,0.7937131524085999,0.3442195951938629
YGR092W,YJR161C,0,1.0048994,0.19034157693386078,0.7937131524085999,0.34431976079940796
YNL214W,YIL115C,0,1.0048592,0.19029675424098969,0.7937131524085999,0.3444199562072754
YBL020W,YPL253C,0,1.0048151,0.19025194644927979,0.7937131524085999,0.34452012181282043
YML047C,YBL025W,0,1.004686,0.19020715355873108,0.7937131524085999,0.34462031722068787
YMR154C,YFR003C,0,1.0044299,0.19016239047050476,0.7937131524085999,0.3447204828262329
YJR097W,YJR137C,0,1.0044215,0.19011764228343964,0.7937131524085999,0.34482067823410034
YML037C,YDR217C,0,1.0043364,0.1900729238986969,0.7937131524085999,0.3449208438396454
YOR201C,YHR021C,0,1.0042583,0.19002822041511536,0.7937131524085999,0.3450210392475128
YML069W,YPL230W,0,1.0039133,0.1899835467338562,0.7937131524085999,0.34512120485305786
YGL079W,YGL127C,0,1.0035112,0.18993888795375824,0.7937131524085999,0.3452214002609253
YIL125W,YDR397C,0,1.0033853,0.18989424407482147,0.7937131524085999,0.34532156586647034
YLR438C-A,YGR159C,0,1.0031724,0.1898496299982071,0.7937131524085999,0.34542176127433777
YCL020W,YLR118C,0,1.0023324,0.1898050308227539,0.7937131524085999,0.3455219268798828
YJR113C,YMR189W,0,1.0020778,0.18976044654846191,0.7937131524085999,0.34562212228775024
YLR222C,YJL159W,0,1.0020319,0.1897158920764923,0.7937131524085999,0.3457222878932953
YBR211C,YJR091C,0,1.0017726,0.1896713674068451,0.7937131524085999,0.3458224833011627
YOR316C,YDL051W,0,1.0016806,0.18962684273719788,0.7937131524085999,0.34592264890670776
YGR217W,YJR042W,0,1.001559,0.18958236277103424,0.7937131524085999,0.3460228443145752
YNL328C,YAL055W,0,1.0014857,0.1895378828048706,0.7937131524085999,0.34612300992012024
YPR122W,YIL111W,0,1.0013363,0.18949343264102936,0.7937131524085999,0.34622320532798767
YDR123C,YIL144W,0,1.0010316,0.1894489973783493,0.7937131524085999,0.3463233709335327
YGR074W,YLR106C,0,1.0006161,0.18940459191799164,0.7937131524085999,0.34642356634140015
YGR152C,YPR025C,0,1.0001531,0.18936020135879517,0.7937131524085999,0.3465237319469452
YOL156W,YGR065C,0,0.99988407,0.18931584060192108,0.7937131524085999,0.3466239273548126
YGL234W,YNL128W,0,0.99983,0.1892714947462082,0.7937131524085999,0.34672409296035767
YGL250W,YIL082W-A,1,0.9997515,0.1894613653421402,0.7946954965591431,0.34672409296035767
YPL117C,YLR008C,0,0.9996611,0.1894170045852661,0.7946954965591431,0.3468242883682251
YOL091W,YGL226W,0,0.99955374,0.18937265872955322,0.7946954965591431,0.34692445397377014
YOR357C,YEL005C,0,0.9995266,0.18932834267616272,0.7946954965591431,0.3470246493816376
YLR332W,YJR108W,0,0.9995087,0.1892840415239334,0.7946954965591431,0.3471248149871826
YNL069C,YPL130W,0,0.99946606,0.1892397701740265,0.7946954965591431,0.34722501039505005
YPL233W,YCL017C,0,0.99884504,0.18919551372528076,0.7946954965591431,0.3473251760005951
YMR071C,YBR188C,0,0.9976635,0.18915127217769623,0.7946954965591431,0.3474253714084625
YOL132W,YOL097C,0,0.9970742,0.18910706043243408,0.7946954965591431,0.34752553701400757
YCR033W,YNR069C,0,0.9967716,0.18906286358833313,0.7946954965591431,0.347625732421875
YPL010W,YNL009W,0,0.9960885,0.18901869654655457,0.7946954965591431,0.34772589802742004
YPR105C,YBR105C,0,0.9958171,0.1889745444059372,0.7946954965591431,0.3478260934352875
YBR289W,YDR338C,0,0.9957702,0.18893040716648102,0.7946954965591431,0.3479262590408325
YOR245C,YOR130C,0,0.9952743,0.18888629972934723,0.7946954965591431,0.34802645444869995
YPR079W,YHR020W,0,0.99489164,0.18884220719337463,0.7946954965591431,0.348126620054245
YBL075C,YAL030W,0,0.9948868,0.18879812955856323,0.7946954965591431,0.3482268154621124
YGL127C,YPL127C,1,0.9947163,0.18898740410804749,0.7956777811050415,0.3482268154621124
YCL026C-A,YOL147C,0,0.9943539,0.1889433115720749,0.7956777811050415,0.34832698106765747
YPL019C,YML015C,0,0.99391633,0.18889924883842468,0.7956777811050415,0.3484271764755249
YBL005W-B,YIL132C,1,0.9937158,0.1890883594751358,0.7966601252555847,0.3484271764755249
YNR075W,YOR110W,0,0.9934876,0.1890442818403244,0.7966601252555847,0.34852734208106995
YJL051W,YNL210W,1,0.9934609,0.18923327326774597,0.7976424098014832,0.34852734208106995
YOL009C,YPR173C,0,0.99316156,0.18918919563293457,0.7976424098014832,0.3486275374889374
YNL331C,YJL026W,0,0.9931578,0.18914511799812317,0.7976424098014832,0.3487277030944824
YJR054W,YDR506C,0,0.9931385,0.18910107016563416,0.7976424098014832,0.34882789850234985
YDR334W,YCL033C,0,0.9929071,0.18905703723430634,0.7976424098014832,0.3489280641078949
YER058W,YPR031W,0,0.9928087,0.1890130341053009,0.7976424098014832,0.34902825951576233
YBR024W,YDL240W,0,0.9924286,0.18896904587745667,0.7976424098014832,0.3491284251213074
YPR140W,YDR244W,0,0.9924197,0.18892508745193481,0.7976424098014832,0.3492286205291748
YMR037C,YHR118C,0,0.992156,0.18888112902641296,0.7976424098014832,0.34932878613471985
YFR032C-A,YML055W,0,0.9916043,0.1888372153043747,0.7976424098014832,0.3494289815425873
YPL153C,YDR002W,0,0.9910404,0.18879330158233643,0.7976424098014832,0.3495291471481323
YMR217W,YNL055C,0,0.9908747,0.18874941766262054,0.7976424098014832,0.34962934255599976
YML131W,YDR386W,0,0.990826,0.18870554864406586,0.7976424098014832,0.3497295081615448
YNL214W,YDL212W,0,0.9906289,0.18866170942783356,0.7976424098014832,0.34982970356941223
YIL019W,YJL204C,0,0.9905466,0.18861788511276245,0.7976424098014832,0.3499298691749573
YOR254C,YNL224C,0,0.9904361,0.18857407569885254,0.7976424098014832,0.3500300645828247
YER140W,YBR176W,0,0.99033177,0.18853029608726501,0.7976424098014832,0.35013023018836975
YMR234W,YDR123C,0,0.9902832,0.18848653137683868,0.7976424098014832,0.3502304255962372
YIR003W,YDR522C,0,0.9902042,0.18844279646873474,0.7976424098014832,0.3503305912017822
YAL003W,YPL236C,0,0.9893204,0.188399076461792,0.7976424098014832,0.35043078660964966
YDR297W,YGL133W,0,0.9886688,0.18835537135601044,0.7976424098014832,0.3505309522151947
YNR019W,YDL159W,0,0.98862505,0.18831168115139008,0.7976424098014832,0.35063114762306213
YLR056W,YIR002C,0,0.98854566,0.1882680207490921,0.7976424098014832,0.3507313132286072
YDR412W,YDR052C,0,0.98830754,0.18822439014911652,0.7976424098014832,0.3508315086364746
YPL018W,YOR202W,0,0.98811364,0.18818075954914093,0.7976424098014832,0.35093167424201965
YBR248C,YLR361C,0,0.987427,0.18813715875148773,0.7976424098014832,0.3510318696498871
YGL064C,YJL065C,0,0.9874263,0.18809358775615692,0.7976424098014832,0.35113203525543213
YBR088C,YOR141C,1,0.98740685,0.1882816106081009,0.7986247539520264,0.35113203525543213
YDL189W,YHL026C,0,0.98707306,0.1882380247116089,0.7986247539520264,0.35123223066329956
YMR021C,YKR092C,0,0.9864902,0.18819443881511688,0.7986247539520264,0.3513323962688446
YPL190C,YBL019W,0,0.98641217,0.18815089762210846,0.7986247539520264,0.35143259167671204
YDL210W,YGR223C,0,0.98637843,0.18810735642910004,0.7986247539520264,0.3515327572822571
YPL230W,YPL137C,0,0.98604083,0.188063845038414,0.7986247539520264,0.3516329526901245
YJR093C,YDR256C,0,0.98556066,0.18802034854888916,0.7986247539520264,0.35173311829566956
YFR038W,YBR228W,1,0.985481,0.18820808827877045,0.7996070981025696,0.35173311829566956
YDL095W,YER114C,0,0.9852457,0.1881645917892456,0.7996070981025696,0.351833313703537
YCL069W,YNL053W,0,0.9849773,0.18812109529972076,0.7996070981025696,0.35193347930908203
YDR236C,YPL045W,0,0.98495,0.1880776286125183,0.7996070981025696,0.35203367471694946
YCR031C,YER060W,0,0.98454964,0.18803419172763824,0.7996070981025696,0.3521338403224945
YLR110C,YAL011W,0,0.9844971,0.18799075484275818,0.7996070981025696,0.35223403573036194
YDR503C,YOR328W,0,0.98448646,0.1879473626613617,0.7996070981025696,0.352334201335907
YBR217W,YNL014W,0,0.9843378,0.1879039704799652,0.7996070981025696,0.3524343967437744
YPL161C,YLR313C,0,0.98317885,0.1878606081008911,0.7996070981025696,0.35253456234931946
YBL057C,YML019W,0,0.98266184,0.1878172606229782,0.7996070981025696,0.3526347279548645
YFR008W,YLL057C,0,0.9820503,0.1877739280462265,0.7996070981025696,0.35273492336273193
YPL204W,YDR536W,0,0.98119676,0.18773062527179718,0.7996070981025696,0.352835088968277
YJR021C,YBR098W,1,0.98092216,0.18791791796684265,0.800589382648468,0.352835088968277
YDR441C,YNL325C,0,0.98069286,0.18787460029125214,0.800589382648468,0.3529352843761444
YNL113W,YFL052W,0,0.98025715,0.18783129751682281,0.800589382648468,0.35303544998168945
YLR448W,YJR161C,0,0.979849,0.18778802454471588,0.800589382648468,0.3531356453895569
YOR227W,YFL034C-A,0,0.97967124,0.18774476647377014,0.800589382648468,0.35323581099510193
YDR331W,YMR071C,0,0.9794713,0.1877015233039856,0.800589382648468,0.35333600640296936
YOR319W,YOR091W,0,0.97937393,0.18765829503536224,0.800589382648468,0.3534361720085144
YDR104C,YOR172W,0,0.9791017,0.18761509656906128,0.800589382648468,0.35353636741638184
YKR052C,YJR088C,0,0.9785496,0.1875719279050827,0.800589382648468,0.3536365330219269
YNL330C,YLR117C,0,0.97800815,0.18752875924110413,0.800589382648468,0.3537367284297943
YDR339C,YIL173W,0,0.9778352,0.18748562037944794,0.800589382648468,0.35383689403533936
YBR058C,YOL119C,0,0.9778342,0.18744249641895294,0.800589382648468,0.3539370894432068
YHR112C,YGL131C,0,0.97746384,0.18739940226078033,0.800589382648468,0.35403725504875183
YGR208W,YDR251W,0,0.97736305,0.18735632300376892,0.800589382648468,0.35413745045661926
YBR040W,YJL184W,0,0.9771651,0.1873132586479187,0.800589382648468,0.3542376160621643
YPL148C,YMR161W,0,0.97702724,0.18727022409439087,0.800589382648468,0.35433781147003174
YMR281W,YLR200W,0,0.97669816,0.18722720444202423,0.800589382648468,0.3544379770755768
YPL265W,YOR315W,0,0.97652984,0.1871841996908188,0.800589382648468,0.3545381724834442
YER127W,YCR106W,0,0.9763772,0.18714120984077454,0.800589382648468,0.35463833808898926
YDR322C-A,YPR005C,0,0.9757823,0.18709824979305267,0.800589382648468,0.3547385334968567
YLR450W,YNR073C,0,0.9756004,0.1870553195476532,0.800589382648468,0.35483869910240173
YDR283C,YDL211C,0,0.9749029,0.18701238930225372,0.800589382648468,0.35493889451026917
YIL070C,YPR188C,0,0.9746984,0.18696948885917664,0.800589382648468,0.3550390601158142
YLR246W,YMR150C,0,0.9745426,0.18692660331726074,0.800589382648468,0.35513925552368164
YOR028C,YDR469W,0,0.97413987,0.18688374757766724,0.800589382648468,0.3552394211292267
YCL016C,YDR003W,0,0.9740865,0.18684089183807373,0.800589382648468,0.3553396165370941
YGL070C,YPL086C,0,0.9736477,0.1867980808019638,0.800589382648468,0.35543978214263916
YPL017C,YMR100W,0,0.97352844,0.18675526976585388,0.800589382648468,0.3555399775505066
YDR191W,YCR048W,0,0.9731209,0.18671248853206635,0.800589382648468,0.35564014315605164
YAL041W,YHR084W,0,0.9731013,0.18666972219944,0.800589382648468,0.35574033856391907
YER039C,YBR251W,0,0.9730044,0.18662697076797485,0.800589382648468,0.3558405041694641
YBL057C,YDL069C,0,0.9727692,0.1865842491388321,0.800589382648468,0.35594069957733154
YBL014C,YNL126W,0,0.97264576,0.18654154241085052,0.800589382648468,0.3560408651828766
YML045W,YGL127C,1,0.9725873,0.18672768771648407,0.8015717267990112,0.3560408651828766
YLR057W,YPL055C,0,0.9723739,0.1866849660873413,0.8015717267990112,0.356141060590744
YKR092C,YMR161W,0,0.97224885,0.18664227426052094,0.8015717267990112,0.35624122619628906
YDL113C,YLR405W,0,0.9722397,0.18659958243370056,0.8015717267990112,0.3563414216041565
YLL067C,YDL058W,0,0.97211754,0.18655692040920258,0.8015717267990112,0.35644158720970154
YAR014C,YHL040C,0,0.971636,0.18651428818702698,0.8015717267990112,0.35654178261756897
YJR150C,YNL038W,0,0.97159046,0.18647167086601257,0.8015717267990112,0.356641948223114
YMR167W,YKL025C,0,0.97147703,0.18642906844615936,0.8015717267990112,0.35674214363098145
YLR448W,YCR023C,0,0.9712757,0.18638648092746735,0.8015717267990112,0.3568423092365265
YDR037W,YNL294C,0,0.9710705,0.18634390830993652,0.8015717267990112,0.3569425046443939
YCR033W,YOR043W,0,0.9706817,0.1863013654947281,0.8015717267990112,0.35704267024993896
YGR068C,YOL009C,0,0.97033405,0.18625883758068085,0.8015717267990112,0.3571428656578064
YKL011C,YLR418C,1,0.9699358,0.18644455075263977,0.8025540113449097,0.3571428656578064
YMR281W,YDL017W,0,0.9698028,0.18640200793743134,0.8025540113449097,0.35724303126335144
YLR439W,YNL053W,0,0.9695012,0.1863594949245453,0.8025540113449097,0.35734322667121887
YLR190W,YGL003C,0,0.9692453,0.18631699681282043,0.8025540113449097,0.3574433922767639
YLR247C,YLR355C,0,0.96912545,0.18627451360225677,0.8025540113449097,0.35754358768463135
YER118C,YMR302C,0,0.96880186,0.1862320452928543,0.8025540113449097,0.3576437532901764
YOR373W,YPL149W,0,0.968697,0.18618960678577423,0.8025540113449097,0.3577439486980438
YCR017C,YOL109W,0,0.9686209,0.18614718317985535,0.8025540113449097,0.35784411430358887
YDR086C,YDL240W,0,0.9683018,0.18610478937625885,0.8025540113449097,0.3579443097114563
YFL005W,YDL212W,0,0.9682913,0.18606239557266235,0.8025540113449097,0.35804447531700134
YDR178W,YKL185W,0,0.96768296,0.18602003157138824,0.8025540113449097,0.3581446707248688
YGR091W,YGR135W,0,0.9672046,0.18597769737243652,0.8025540113449097,0.3582448363304138
YBR058C,YJR089W,0,0.9671646,0.1859353631734848,0.8025540113449097,0.35834503173828125
YGL156W,YDR128W,0,0.9669837,0.18589305877685547,0.8025540113449097,0.3584451973438263
YDR160W,YBR241C,0,0.9664826,0.18585076928138733,0.8025540113449097,0.3585453927516937
YFR005C,YER053C,0,0.9662692,0.18580850958824158,0.8025540113449097,0.35864555835723877
YLR283W,YNR059W,0,0.96607715,0.18576626479625702,0.8025540113449097,0.3587457537651062
YLR381W,YCL020W,0,0.96599686,0.18572403490543365,0.8025540113449097,0.35884591937065125
YHR149C,YOL006C,0,0.96587473,0.18568181991577148,0.8025540113449097,0.3589461147785187
YLR384C,YOL140W,0,0.96564937,0.1856396347284317,0.8025540113449097,0.3590462803840637
YGL084C,YOL067C,0,0.96548533,0.18559744954109192,0.8025540113449097,0.35914647579193115
YPL148C,YMR125W,0,0.9654704,0.18555530905723572,0.8025540113449097,0.3592466413974762
YBL091C,YMR220W,0,0.9652265,0.18551316857337952,0.8025540113449097,0.35934683680534363
YDR214W,YLR158C,0,0.9651677,0.1854710578918457,0.8025540113449097,0.35944700241088867
YBL017C,YLR284C,0,0.9642573,0.18542896211147308,0.8025540113449097,0.3595471978187561
YDL113C,YJR009C,0,0.9642352,0.18538688123226166,0.8025540113449097,0.35964736342430115
YMR156C,YDR036C,0,0.9641416,0.18534483015537262,0.8025540113449097,0.3597475588321686
YOR070C,YBR203W,0,0.96410763,0.18530279397964478,0.8025540113449097,0.3598477244377136
YPL022W,YBR235W,0,0.96395195,0.18526077270507812,0.8025540113449097,0.35994791984558105
YIL126W,YKL149C,0,0.96366584,0.18521876633167267,0.8025540113449097,0.3600480854511261
YPL235W,YDL002C,0,0.96348846,0.1851767897605896,0.8025540113449097,0.36014828085899353
YJL111W,YPL236C,0,0.9629701,0.18513482809066772,0.8025540113449097,0.3602484464645386
YLR451W,YMR281W,0,0.96293604,0.18509288132190704,0.8025540113449097,0.360348641872406
YPL254W,YDL139C,0,0.96279454,0.18505096435546875,0.8025540113449097,0.36044880747795105
YMR078C,YIL143C,1,0.96248853,0.18523550033569336,0.8035363554954529,0.36044880747795105
YBL103C,YML113W,0,0.9623399,0.18519356846809387,0.8035363554954529,0.3605490028858185
YIL009C-A,YAL003W,0,0.96223676,0.18515165150165558,0.8035363554954529,0.3606491684913635
YDR076W,YMR284W,1,0.9611753,0.18533605337142944,0.8045186400413513,0.3606491684913635
YLR007W,YER173W,1,0.9611028,0.18552036583423615,0.8055009841918945,0.3606491684913635
YHR157W,YOL090W,1,0.960621,0.18570458889007568,0.8064833283424377,0.3606491684913635
YLR409C,YGR254W,0,0.95995516,0.18566259741783142,0.8064833283424377,0.36074933409690857
YIR035C,YIR023W,0,0.9593426,0.18562062084674835,0.8064833283424377,0.360849529504776
YDR004W,YIR026C,0,0.95869756,0.18557865917682648,0.8064833283424377,0.36094969511032104
YGL008C,YIL073C,0,0.9586149,0.185536727309227,0.8064833283424377,0.3610498905181885
YDR076W,YIL143C,1,0.95832944,0.18572074174880981,0.8074656128883362,0.3610498905181885
YNR032W,YCL066W,0,0.9583031,0.18567879498004913,0.8074656128883362,0.3611500561237335
YFR037C,YML054C,0,0.95790607,0.18563686311244965,0.8074656128883362,0.36125025153160095
YGR004W,YKL160W,0,0.9578512,0.18559494614601135,0.8074656128883362,0.361350417137146
YOL096C,YJR042W,0,0.9574523,0.18555304408073425,0.8074656128883362,0.3614506125450134
YPL058C,YJR042W,0,0.9572636,0.18551117181777954,0.8074656128883362,0.36155077815055847
YGL155W,YPR082C,0,0.95699793,0.18546931445598602,0.8074656128883362,0.3616509735584259
YBL014C,YML027W,0,0.95686316,0.1854274719953537,0.8074656128883362,0.36175113916397095
YPR042C,YBL046W,0,0.9566052,0.18538565933704376,0.8074656128883362,0.3618513345718384
YBL042C,YJL143W,0,0.95653814,0.18534386157989502,0.8074656128883362,0.3619515001773834
YOR032C,YPR048W,0,0.9564612,0.18530207872390747,0.8074656128883362,0.36205169558525085
YNL072W,YDR018C,0,0.956059,0.18526031076908112,0.8074656128883362,0.3621518611907959
YLR166C,YKR060W,0,0.95552427,0.18521857261657715,0.8074656128883362,0.36225205659866333
YKR099W,YHR081W,1,0.9551735,0.18540211021900177,0.8084479570388794,0.36225205659866333
YFR025C,YKR088C,0,0.95510083,0.1853603571653366,0.8084479570388794,0.3623522222042084
YBL018C,YOR247W,0,0.9549973,0.18531861901283264,0.8084479570388794,0.3624524176120758
YCR083W,YHR215W,0,0.95484626,0.18527689576148987,0.8084479570388794,0.36255258321762085
YAL013W,YLR022C,0,0.95452553,0.18523520231246948,0.8084479570388794,0.3626527786254883
YFR037C,YLR361C,0,0.9543961,0.1851935237646103,0.8084479570388794,0.3627529442310333
YDR329C,YGR212W,0,0.95428324,0.1851518601179123,0.8084479570388794,0.36285313963890076
YKL109W,YNL076W,0,0.9540704,0.1851102113723755,0.8084479570388794,0.3629533052444458
YER095W,YML014W,0,0.9537331,0.18506859242916107,0.8084479570388794,0.36305350065231323
YBR153W,YPL265W,0,0.9537314,0.18502697348594666,0.8084479570388794,0.3631536662578583
YHR112C,YDL031W,0,0.95359766,0.18498538434505463,0.8084479570388794,0.3632538616657257
YPL015C,YOL006C,1,0.953321,0.1851685345172882,0.8094302415847778,0.3632538616657257
YPL018W,YNL229C,0,0.95290995,0.18512693047523499,0.8094302415847778,0.36335402727127075
YMR139W,YLL038C,0,0.9528289,0.18508535623550415,0.8094302415847778,0.3634542226791382
YPR049C,YDR352W,0,0.95277804,0.1850437968969345,0.8094302415847778,0.3635543882846832
YLR175W,YGR133W,0,0.9527499,0.18500225245952606,0.8094302415847778,0.36365458369255066
YJR132W,YIL090W,0,0.9525693,0.1849607229232788,0.8094302415847778,0.3637547492980957
YDR148C,YJL177W,0,0.95253026,0.18491920828819275,0.8094302415847778,0.36385494470596313
YBL035C,YDL008W,0,0.95230085,0.18487772345542908,0.8094302415847778,0.3639551103115082
YJL170C,YJL074C,0,0.95195097,0.1848362535238266,0.8094302415847778,0.3640553057193756
YLR369W,YKL150W,0,0.95178807,0.18479479849338531,0.8094302415847778,0.36415547132492065
YOR193W,YIL138C,0,0.9517038,0.18475335836410522,0.8094302415847778,0.3642556667327881
YLR131C,YJL127C,0,0.95164037,0.18471194803714752,0.8094302415847778,0.36435583233833313
YPL045W,YPL183C,0,0.9514833,0.184670552611351,0.8094302415847778,0.36445602774620056
YMR044W,YFR028C,0,0.95105565,0.1846291720867157,0.8094302415847778,0.3645561933517456
YMR268C,YDR041W,0,0.95067936,0.18458780646324158,0.8094302415847778,0.36465638875961304
YFR014C,YDL205C,0,0.9500412,0.18454647064208984,0.8094302415847778,0.3647565543651581
YOL156W,YKL129C,0,0.95002735,0.1845051497220993,0.8094302415847778,0.3648567497730255
YPR104C,YOR258W,0,0.9499413,0.18446384370326996,0.8094302415847778,0.36495691537857056
YIL131C,YGR125W,0,0.94983983,0.184422567486763,0.8094302415847778,0.365057110786438
YGL246C,YDR236C,0,0.94968575,0.18438129127025604,0.8094302415847778,0.36515727639198303
YOR026W,YKL193C,0,0.9495814,0.18434004485607147,0.8094302415847778,0.36525747179985046
YNL149C,YLR385C,0,0.9493759,0.1842988133430481,0.8094302415847778,0.3653576374053955
YHR128W,YPL040C,0,0.949147,0.1842575967311859,0.8094302415847778,0.36545783281326294
YDR308C,YNR073C,0,0.949018,0.18421640992164612,0.8094302415847778,0.365557998418808
YGL153W,YGL232W,0,0.9489473,0.18417523801326752,0.8094302415847778,0.3656581938266754
YMR244C-A,YJR108W,0,0.9489274,0.1841340810060501,0.8094302415847778,0.36575835943222046
YLR134W,YJL160C,0,0.9489048,0.1840929388999939,0.8094302415847778,0.3658585548400879
YLL023C,YIR028W,0,0.94832337,0.18405182659626007,0.8094302415847778,0.36595872044563293
YOL146W,YOR346W,0,0.94824576,0.18401071429252625,0.8094302415847778,0.36605891585350037
YLL050C,YML076C,0,0.9482377,0.1839696317911148,0.8094302415847778,0.3661590814590454
YNR024W,YCR023C,0,0.9479222,0.18392856419086456,0.8094302415847778,0.36625927686691284
YGL049C,YHR026W,0,0.947652,0.1838875263929367,0.8094302415847778,0.3663594424724579
YOR245C,YPL037C,0,0.9473694,0.18384650349617004,0.8094302415847778,0.3664596378803253
YDR120C,YDL102W,0,0.9470488,0.18380548059940338,0.8094302415847778,0.36655980348587036
YFL052W,YGL168W,0,0.9466133,0.1837645024061203,0.8094302415847778,0.3666599988937378
YMR134W,YBL046W,0,0.94640493,0.18372352421283722,0.8094302415847778,0.36676016449928284
YBR186W,YIL118W,0,0.9460361,0.18368256092071533,0.8094302415847778,0.36686035990715027
YNR043W,YBR089C-A,0,0.9459723,0.18364162743091583,0.8094302415847778,0.3669605255126953
YKL138C,YOL157C,0,0.9458419,0.18360070884227753,0.8094302415847778,0.36706072092056274
YAL030W,YML081W,0,0.9457809,0.1835598200559616,0.8094302415847778,0.3671608865261078
YIL158W,YER129W,0,0.9451619,0.1835189312696457,0.8094302415847778,0.3672610819339752
YNL098C,YGR006W,0,0.9450117,0.18347807228565216,0.8094302415847778,0.36736124753952026
YFR006W,YDR523C,0,0.9445236,0.18343722820281982,0.8094302415847778,0.3674614429473877
YKL014C,YOR346W,0,0.94341654,0.18339639902114868,0.8094302415847778,0.36756160855293274
YMR056C,YBR191W,0,0.94338053,0.18335558474063873,0.8094302415847778,0.36766180396080017
YJR010C-A,YLR343W,0,0.9430398,0.18331480026245117,0.8094302415847778,0.3677619695663452
YPL230W,YDR113C,0,0.9427977,0.1832740157842636,0.8094302415847778,0.36786216497421265
YMR313C,YPL001W,0,0.94270074,0.18323326110839844,0.8094302415847778,0.3679623305797577
YMR029C,YLL010C,0,0.9424952,0.18319253623485565,0.8094302415847778,0.3680625259876251
YEL054C,YHR036W,0,0.94232196,0.18315181136131287,0.8094302415847778,0.36816269159317017
YIL039W,YDL099W,0,0.942096,0.18311111629009247,0.8094302415847778,0.3682628870010376
YER167W,YNL031C,0,0.9420907,0.18307043612003326,0.8094302415847778,0.36836305260658264
YLR008C,YKL069W,0,0.9419879,0.18302977085113525,0.8094302415847778,0.3684632480144501
YMR121C,YIL014W,0,0.94194484,0.18298912048339844,0.8094302415847778,0.3685634136199951
YPL076W,YFR031C-A,0,0.9418328,0.18294848501682281,0.8094302415847778,0.36866360902786255
YJL207C,YOL075C,0,0.94098043,0.18290787935256958,0.8094302415847778,0.3687637746334076
YDR093W,YER015W,0,0.9402384,0.18286728858947754,0.8094302415847778,0.36886394023895264
YLR466W,YGL255W,0,0.9402317,0.1828267127275467,0.8094302415847778,0.36896413564682007
YLR138W,YHR196W,0,0.93976593,0.18278615176677704,0.8094302415847778,0.3690643012523651
YKL092C,YBR166C,0,0.9396323,0.18274562060832977,0.8094302415847778,0.36916449666023254
YPR180W,YOL055C,0,0.9392074,0.1827051043510437,0.8094302415847778,0.3692646622657776
YJL197W,YMR052W,0,0.9388313,0.18266460299491882,0.8094302415847778,0.369364857673645
YOR115C,YOL121C,0,0.93850946,0.18262411653995514,0.8094302415847778,0.36946502327919006
YDR078C,YLR466W,1,0.93842554,0.18280522525310516,0.810412585735321,0.36946502327919006
YLR307W,YOL007C,0,0.9383571,0.18276473879814148,0.810412585735321,0.3695652186870575
YKR049C,YER038C,0,0.9378556,0.1827242523431778,0.810412585735321,0.36966538429260254
YLR174W,YLR332W,0,0.9374844,0.1826837956905365,0.810412585735321,0.36976557970046997
YOR229W,YOL116W,0,0.9371046,0.1826433539390564,0.810412585735321,0.369865745306015
YDL239C,YDR501W,0,0.93703204,0.1826029270887375,0.810412585735321,0.36996594071388245
YLR240W,YDR227W,0,0.9370223,0.18256251513957977,0.810412585735321,0.3700661063194275
YOR337W,YDR390C,0,0.93604636,0.18252211809158325,0.810412585735321,0.3701663017272949
YDR320C,YPR112C,0,0.93602514,0.18248175084590912,0.810412585735321,0.37026646733283997
YDL085W,YDR480W,0,0.93592966,0.18244139850139618,0.810412585735321,0.3703666627407074
YML047C,YMR063W,0,0.9358463,0.18240106105804443,0.810412585735321,0.37046682834625244
YGL129C,YMR059W,0,0.9357947,0.18236073851585388,0.810412585735321,0.3705670237541199
YJL179W,YHR184W,0,0.9353274,0.18232044577598572,0.810412585735321,0.3706671893596649
YNL005C,YKR062W,0,0.9348552,0.18228015303611755,0.810412585735321,0.37076738476753235
YNL049C,YER160C,0,0.9346479,0.18223989009857178,0.810412585735321,0.3708675503730774
YOR361C,YGR206W,0,0.9344743,0.1821996420621872,0.810412585735321,0.3709677457809448
YNR040W,YLR405W,0,0.9343108,0.182159423828125,0.810412585735321,0.37106791138648987
YNL096C,YNL222W,0,0.9336632,0.1821192055940628,0.810412585735321,0.3711681067943573
YPR186C,YPL144W,0,0.93334067,0.182079017162323,0.810412585735321,0.37126827239990234
YCL019W,YNL151C,0,0.93327653,0.1820388287305832,0.810412585735321,0.3713684678077698
YMR022W,YKR024C,0,0.9324531,0.18199867010116577,0.810412585735321,0.3714686334133148
YIR014W,YIR004W,0,0.93233305,0.18195854127407074,0.810412585735321,0.37156882882118225
YML088W,YHL050C,0,0.9322743,0.1819184124469757,0.810412585735321,0.3716689944267273
YJR064W,YKL135C,0,0.9315263,0.18187831342220306,0.810412585735321,0.3717691898345947
YNL293W,YMR044W,0,0.9314182,0.18183821439743042,0.810412585735321,0.37186935544013977
YPL265W,YPR143W,0,0.93107945,0.18179814517498016,0.810412585735321,0.3719695508480072
YDR363W-A,YOL100W,0,0.9305538,0.1817580908536911,0.810412585735321,0.37206971645355225
YNL029C,YPR009W,0,0.9305353,0.18171806633472443,0.810412585735321,0.3721699118614197
YMR167W,YPL057C,0,0.930458,0.18167804181575775,0.810412585735321,0.3722700774669647
YCL045C,YJL044C,0,0.93037033,0.18163804709911346,0.810412585735321,0.37237027287483215
YNL014W,YGR067C,0,0.930128,0.18159806728363037,0.810412585735321,0.3724704384803772
YMR290C,YNL021W,0,0.92982185,0.18155810236930847,0.810412585735321,0.37257063388824463
YPL266W,YBR237W,0,0.92979383,0.18151815235614777,0.810412585735321,0.3726707994937897
YGR030C,YMR131C,0,0.92968917,0.18147821724414825,0.810412585735321,0.3727709949016571
YIL066C,YOL001W,0,0.9295968,0.18143831193447113,0.810412585735321,0.37287116050720215
YLR175W,YDR342C,0,0.9286204,0.1813984215259552,0.810412585735321,0.3729713559150696
YOR128C,YIL017C,0,0.9286028,0.18135854601860046,0.810412585735321,0.3730715215206146
YGR059W,YKL035W,0,0.9285767,0.18131868541240692,0.810412585735321,0.37317171692848206
YAL013W,YLR056W,0,0.9285116,0.18127883970737457,0.810412585735321,0.3732718825340271
YDR186C,YPL140C,0,0.92812896,0.18123900890350342,0.810412585735321,0.37337207794189453
YCL069W,YMR079W,0,0.9281112,0.18119920790195465,0.810412585735321,0.3734722435474396
YOR059C,YJL203W,0,0.92788166,0.18115942180156708,0.810412585735321,0.373572438955307
YLR005W,YIL143C,1,0.92780745,0.18133918941020966,0.8113948702812195,0.373572438955307
YNR019W,YLR055C,0,0.9267394,0.1812993884086609,0.8113948702812195,0.37367260456085205
YLR418C,YPL024W,0,0.9265977,0.18125960230827332,0.8113948702812195,0.3737727999687195
YER038C,YKL216W,0,0.9265448,0.18121983110904694,0.8113948702812195,0.3738729655742645
YBR098W,YLR005W,1,0.9264873,0.18139943480491638,0.8123772144317627,0.3738729655742645
YGL250W,YLR288C,1,0.9258428,0.18157894909381866,0.8133594989776611,0.3738729655742645
YNL056W,YMR231W,0,0.9256103,0.1815391331911087,0.8133594989776611,0.37397316098213196
YGR009C,YJL059W,0,0.9254265,0.18149934709072113,0.8133594989776611,0.374073326587677
YLR323C,YEL060C,0,0.9249615,0.18145956099033356,0.8133594989776611,0.37417352199554443
YLR078C,YCL020W,0,0.92479485,0.18141980469226837,0.8133594989776611,0.3742736876010895
YJR073C,YMR280C,0,0.9247782,0.18138006329536438,0.8133594989776611,0.3743738830089569
YLR035C,YBR103W,0,0.92462325,0.18134033679962158,0.8133594989776611,0.37447404861450195
YMR313C,YOL094C,0,0.9246006,0.18130064010620117,0.8133594989776611,0.3745742440223694
YOR231W,YER014W,0,0.92443806,0.18126094341278076,0.8133594989776611,0.37467440962791443
YGR203W,YGL135W,0,0.92393696,0.18122127652168274,0.8133594989776611,0.37477460503578186
YKR080W,YCR088W,0,0.9238967,0.1811816245317459,0.8133594989776611,0.3748747706413269
YGR163W,YMR076C,0,0.9237073,0.18114198744297028,0.8133594989776611,0.37497496604919434
YNL326C,YPL217C,0,0.9235691,0.18110236525535583,0.8133594989776611,0.3750751316547394
YKL113C,YDR180W,1,0.9234885,0.1812814325094223,0.8143418431282043,0.3750751316547394
YKL088W,YHR201C,0,0.92344105,0.18124179542064667,0.8143418431282043,0.3751753270626068
YER147C,YDR110W,1,0.9233269,0.18142075836658478,0.8153241872787476,0.3751753270626068
YOR229W,YHR065C,0,0.9228916,0.18138112127780914,0.8153241872787476,0.37527549266815186
YNL210W,YPL194W,1,0.92285156,0.1815599799156189,0.816306471824646,0.37527549266815186
YGL240W,YOR167C,0,0.92255527,0.18152031302452087,0.816306471824646,0.3753756880760193
YKL063C,YKR037C,0,0.92218244,0.18148067593574524,0.816306471824646,0.37547585368156433
YJR044C,YNL227C,0,0.9216232,0.1814410537481308,0.816306471824646,0.37557604908943176
YMR261C,YLR286C,0,0.92149055,0.18140144646167755,0.816306471824646,0.3756762146949768
YML095C,YDR077W,0,0.9214344,0.1813618540763855,0.816306471824646,0.37577641010284424
YDL222C,YGR254W,0,0.92106587,0.18132227659225464,0.816306471824646,0.3758765757083893
YKL055C,YDR171W,0,0.9209237,0.18128272891044617,0.816306471824646,0.3759767711162567
YGL128C,YPL045W,0,0.9207248,0.1812431812286377,0.816306471824646,0.37607693672180176
YMR271C,YGL120C,0,0.920555,0.1812036633491516,0.816306471824646,0.3761771321296692
YLR138W,YDR439W,0,0.9199388,0.18116416037082672,0.816306471824646,0.37627729773521423
YNL139C,YOR005C,1,0.9194906,0.18134263157844543,0.8172888159751892,0.37627729773521423
YLR135W,YJL173C,1,0.91894954,0.18152102828025818,0.8182711005210876,0.37627729773521423
YPR134W,YML069W,0,0.91847205,0.1814814805984497,0.8182711005210876,0.37637749314308167
YNL214W,YPL051W,0,0.9182854,0.18144194781780243,0.8182711005210876,0.3764776587486267
YBR036C,YJL127C,0,0.91785145,0.18140244483947754,0.8182711005210876,0.37657785415649414
YJL156C,YLL010C,0,0.91772544,0.18136294186115265,0.8182711005210876,0.3766780197620392
YML061C,YPL164C,1,0.917685,0.18154114484786987,0.8192534446716309,0.3766780197620392
YPL144W,YLR037C,0,0.9174852,0.1815016269683838,0.8192534446716309,0.3767782151699066
YDL164C,YNL210W,1,0.91707116,0.18167972564697266,0.8202357292175293,0.3767782151699066
YKR096W,YGL232W,0,0.9166032,0.18164019286632538,0.8202357292175293,0.37687838077545166
YLR121C,YDR009W,0,0.9165029,0.1816006898880005,0.8202357292175293,0.3769785761833191
YAR018C,YFL002C,0,0.91646045,0.1815612018108368,0.8202357292175293,0.37707874178886414
YOR092W,YNL206C,0,0.9162169,0.18152174353599548,0.8202357292175293,0.3771789073944092
YJL145W,YLR357W,0,0.9161049,0.18148228526115417,0.8202357292175293,0.3772791028022766
YOR037W,YDR180W,0,0.91601586,0.18144285678863525,0.8202357292175293,0.37737926840782166
YDR076W,YLR418C,1,0.91503006,0.18162068724632263,0.8212180733680725,0.37737926840782166
YDR001C,YJL054W,0,0.9150262,0.18158122897148132,0.8212180733680725,0.3774794638156891
YJR098C,YOR103C,0,0.9149178,0.1815418004989624,0.8212180733680725,0.37757962942123413
YOR092W,YML021C,0,0.9147156,0.18150238692760468,0.8212180733680725,0.37767982482910156
YLR336C,YNL217W,0,0.91447943,0.18146298825740814,0.8212180733680725,0.3777799904346466
YLR074C,YDL200C,0,0.9143702,0.1814236044883728,0.8212180733680725,0.37788018584251404
YOR003W,YPL138C,0,0.91434693,0.18138425052165985,0.8212180733680725,0.3779803514480591
YJL044C,YLR158C,0,0.91419923,0.1813448965549469,0.8212180733680725,0.3780805468559265
YGR166W,YER015W,0,0.9139311,0.18130557239055634,0.8212180733680725,0.37818071246147156
YOL080C,YBR073W,0,0.9136851,0.18126626312732697,0.8212180733680725,0.378280907869339
YMR113W,YML001W,0,0.9136208,0.1812269687652588,0.8212180733680725,0.37838107347488403
YER058W,YOR266W,0,0.9127648,0.1811876893043518,0.8212180733680725,0.37848126888275146
YNL244C,YOL095C,0,0.9126924,0.18114842474460602,0.8212180733680725,0.3785814344882965
YOR257W,YCL044C,0,0.91236657,0.18110918998718262,0.8212180733680725,0.37868162989616394
YHR114W,YKL183W,0,0.9122648,0.18106995522975922,0.8212180733680725,0.378781795501709
YNR012W,YAR042W,0,0.9121572,0.1810307502746582,0.8212180733680725,0.3788819909095764
YDL235C,YOL135C,0,0.91202664,0.18099156022071838,0.8212180733680725,0.37898215651512146
YKL107W,YGL047W,0,0.9119881,0.18095238506793976,0.8212180733680725,0.3790823519229889
YNL166C,YHR086W,0,0.911915,0.18091322481632233,0.8212180733680725,0.37918251752853394
YBL060W,YLR466W,0,0.9116616,0.1808740794658661,0.8212180733680725,0.37928271293640137
YNL318C,YNL188W,0,0.9111958,0.18083494901657104,0.8212180733680725,0.3793828785419464
YBR136W,YMR224C,1,0.9111311,0.1810121089220047,0.8222004175186157,0.3793828785419464
YDL150W,YLL052C,0,0.91103673,0.18097297847270966,0.8222004175186157,0.37948307394981384
YGR283C,YIR009W,0,0.91067916,0.1809338480234146,0.8222004175186157,0.3795832395553589
YOL044W,YDR158W,0,0.9102582,0.18089474737644196,0.8222004175186157,0.3796834349632263
YLR205C,YJR095W,0,0.9101163,0.1808556616306305,0.8222004175186157,0.37978360056877136
YAR071W,YEL058W,0,0.90953577,0.18081659078598022,0.8222004175186157,0.3798837959766388
YEL015W,YER159C,0,0.90938544,0.18077753484249115,0.8222004175186157,0.37998396158218384
YDR294C,YDR528W,0,0.90930355,0.18073850870132446,0.8222004175186157,0.38008415699005127
YAL015C,YCR091W,0,0.9093016,0.18069948256015778,0.8222004175186157,0.3801843225955963
YAL053W,YOL115W,0,0.9091965,0.18066048622131348,0.8222004175186157,0.38028451800346375
YAL053W,YLL057C,0,0.9088021,0.18062148988246918,0.8222004175186157,0.3803846836090088
YLR201C,YDR485C,0,0.90841824,0.18058252334594727,0.8222004175186157,0.3804848790168762
YMR026C,YDR113C,0,0.90811324,0.18054357171058655,0.8222004175186157,0.38058504462242126
YPL103C,YPR018W,0,0.90768254,0.18050463497638702,0.8222004175186157,0.3806852400302887
YPR173C,YJR076C,0,0.90763164,0.1804657131433487,0.8222004175186157,0.38078540563583374
YDR074W,YIL090W,0,0.9072004,0.18042682111263275,0.8222004175186157,0.38088560104370117
YBR132C,YLR408C,0,0.9069586,0.1803879290819168,0.8222004175186157,0.3809857666492462
YOR389W,YML121W,0,0.90685034,0.18034906685352325,0.8222004175186157,0.38108596205711365
YGL032C,YJL133W,0,0.9068333,0.1803102046251297,0.8222004175186157,0.3811861276626587
YNL288W,YDR356W,0,0.9065563,0.18027137219905853,0.8222004175186157,0.3812863230705261
YDR186C,YBL024W,0,0.9064993,0.18023255467414856,0.8222004175186157,0.38138648867607117
YGL111W,YNL221C,0,0.9062008,0.18019375205039978,0.8222004175186157,0.3814866840839386
YDL102W,YDL005C,0,0.9061651,0.1801549792289734,0.8222004175186157,0.38158684968948364
YLR135W,YCR097W,0,0.90614104,0.180116206407547,0.8222004175186157,0.3816870450973511
YDR478W,YER033C,0,0.9059799,0.1800774484872818,0.8222004175186157,0.3817872107028961
YJL045W,YDR027C,0,0.9058975,0.180038720369339,0.8222004175186157,0.38188740611076355
YLR438C-A,YBR112C,0,0.9049312,0.18000000715255737,0.8222004175186157,0.3819875717163086
YCR039C,YBL106C,0,0.9046949,0.17996129393577576,0.8222004175186157,0.382087767124176
YML061C,YER171W,1,0.9045085,0.18013757467269897,0.8231827020645142,0.382087767124176
YPL268W,YBL002W,0,0.9040735,0.18009886145591736,0.8231827020645142,0.38218793272972107
YOL146W,YFL004W,0,0.9039606,0.18006016314029694,0.8231827020645142,0.3822881281375885
YNL278W,YIR021W,0,0.9029123,0.1800214797258377,0.8231827020645142,0.38238829374313354
YLR431C,YLR369W,0,0.90282065,0.17998281121253967,0.8231827020645142,0.382488489151001
YPL242C,YOL031C,0,0.90267473,0.17994417250156403,0.8231827020645142,0.382588654756546
YHR101C,YLR286C,0,0.902248,0.17990553379058838,0.8231827020645142,0.38268885016441345
YIL120W,YPR068C,0,0.9019962,0.17986692488193512,0.8231827020645142,0.3827890157699585
YMR198W,YGR156W,0,0.90177417,0.17982833087444305,0.8231827020645142,0.3828892111778259
YML015C,YHR086W,0,0.90155566,0.17978975176811218,0.8231827020645142,0.38298937678337097
YIL103W,YMR207C,0,0.90066475,0.1797511726617813,0.8231827020645142,0.3830895721912384
YLR274W,YJL056C,0,0.89994454,0.17971263825893402,0.8231827020645142,0.38318973779678345
YOR233W,YNL048W,0,0.8997593,0.17967410385608673,0.8231827020645142,0.3832899332046509
YPL036W,YOR254C,0,0.8997003,0.17963558435440063,0.8231827020645142,0.3833900988101959
YOR229W,YMR307W,0,0.89969504,0.17959707975387573,0.8231827020645142,0.38349029421806335
YMR067C,YGR266W,0,0.8992908,0.17955860495567322,0.8231827020645142,0.3835904598236084
YPL079W,YCL020W,0,0.89906406,0.1795201301574707,0.8231827020645142,0.38369065523147583
YDR331W,YHR129C,0,0.89891136,0.17948168516159058,0.8231827020645142,0.3837908208370209
YDR078C,YLR263W,1,0.89804846,0.17965738475322723,0.8241650462150574,0.3837908208370209
YGL249W,YNL066W,0,0.8979785,0.1796189248561859,0.8241650462150574,0.3838910162448883
YDL106C,YJL216C,0,0.8978473,0.1795804798603058,0.8241650462150574,0.38399118185043335
YLL011W,YHR194W,0,0.8974944,0.17954204976558685,0.8241650462150574,0.3840913772583008
YDL059C,YIR025W,1,0.89733726,0.17971758544445038,0.8251473307609558,0.3840913772583008
YBR149W,YDR021W,0,0.89717317,0.17967914044857025,0.8251473307609558,0.3841915428638458
YDR320C,YPL089C,0,0.8970592,0.1796407252550125,0.8251473307609558,0.38429173827171326
YML082W,YDR025W,0,0.8969933,0.17960231006145477,0.8251473307609558,0.3843919038772583
YPL168W,YPR112C,0,0.8967349,0.17956390976905823,0.8251473307609558,0.38449209928512573
YDR141C,YML064C,0,0.8964061,0.17952553927898407,0.8251473307609558,0.3845922648906708
YHR143W,YMR154C,0,0.8963818,0.1794871836900711,0.8251473307609558,0.3846924602985382
YGL130W,YPR055W,0,0.8963089,0.17944884300231934,0.8251473307609558,0.38479262590408325
YJR033C,YDR216W,0,0.89610845,0.17941050231456757,0.8251473307609558,0.3848928213119507
YBL100W-B,YER122C,0,0.8960568,0.17937219142913818,0.8251473307609558,0.3849929869174957
YPL022W,YKL113C,1,0.89591503,0.17954739928245544,0.826129674911499,0.3849929869174957
YMR268C,YPL210C,0,0.89590406,0.17950907349586487,0.826129674911499,0.38509318232536316
YHR019C,YDL200C,0,0.8958564,0.17947076261043549,0.826129674911499,0.3851933479309082
YBL004W,YJL010C,0,0.89573205,0.1794324666261673,0.826129674911499,0.38529351353645325
YER142C,YGL245W,0,0.895366,0.1793942004442215,0.826129674911499,0.3853937089443207
YER087C-A,YKL010C,0,0.8952904,0.1793559342622757,0.826129674911499,0.3854938745498657
YKL048C,YBR213W,0,0.8951684,0.17931769788265228,0.826129674911499,0.38559406995773315
YKL011C,YPL200W,1,0.89506555,0.17949265241622925,0.8271119594573975,0.38559406995773315
YKR094C,YMR026C,0,0.8950539,0.17945438623428345,0.8271119594573975,0.3856942355632782
YKR046C,YDR409W,0,0.89495754,0.17941614985466003,0.8271119594573975,0.38579443097114563
YHR108W,YNL145W,0,0.8944371,0.17937792837619781,0.8271119594573975,0.3858945965766907
YNL142W,YBL067C,0,0.89423764,0.1793397217988968,0.8271119594573975,0.3859947919845581
YDL207W,YJL221C,0,0.89414394,0.17930153012275696,0.8271119594573975,0.38609495759010315
YDL210W,YML009C,0,0.894086,0.17926335334777832,0.8271119594573975,0.3861951529979706
YLR002C,YDR469W,0,0.8931479,0.17922520637512207,0.8271119594573975,0.3862953186035156
YDL214C,YKR061W,0,0.8922759,0.17918705940246582,0.8271119594573975,0.38639551401138306
YMR282C,YER183C,0,0.89185846,0.17914894223213196,0.8271119594573975,0.3864956796169281
YDR268W,YPL231W,0,0.89160323,0.1791108250617981,0.8271119594573975,0.38659587502479553
YLR052W,YAL053W,0,0.8906211,0.17907273769378662,0.8271119594573975,0.3866960406303406
YDR142C,YMR283C,0,0.8901446,0.17903466522693634,0.8271119594573975,0.386796236038208
YGL032C,YOL075C,0,0.8899045,0.17899659276008606,0.8271119594573975,0.38689640164375305
YKL222C,YFR015C,0,0.8895429,0.17895855009555817,0.8271119594573975,0.3869965970516205
YBR112C,YMR288W,0,0.88949144,0.17892052233219147,0.8271119594573975,0.3870967626571655
YOR136W,YOL109W,0,0.8893569,0.17888250946998596,0.8271119594573975,0.38719695806503296
YJR143C,YKL017C,0,0.88926566,0.17884452641010284,0.8271119594573975,0.387297123670578
YKR105C,YBR166C,0,0.88897634,0.17880654335021973,0.8271119594573975,0.38739731907844543
YNL164C,YKL132C,0,0.8888761,0.1787685751914978,0.8271119594573975,0.3874974846839905
YMR043W,YDR097C,0,0.8878907,0.17873063683509827,0.8271119594573975,0.3875976800918579
YFR009W,YIR021W,0,0.8878906,0.17869269847869873,0.8271119594573975,0.38769784569740295
YPR020W,YKR100C,0,0.8878579,0.17865478992462158,0.8271119594573975,0.3877980411052704
YDL113C,YLR060W,0,0.8873652,0.17861688137054443,0.8271119594573975,0.38789820671081543
YBR215W,YGL086W,0,0.88702834,0.17857900261878967,0.8271119594573975,0.38799840211868286
YEL006W,YHL025W,0,0.886881,0.1785411387681961,0.8271119594573975,0.3880985677242279
YFR004W,YGL191W,0,0.8868063,0.17850328981876373,0.8271119594573975,0.38819876313209534
YDR359C,YGR030C,0,0.8867395,0.17846545577049255,0.8271119594573975,0.3882989287376404
YLR190W,YCL039W,0,0.88671577,0.17842763662338257,0.8271119594573975,0.3883991241455078
YLR074C,YKR067W,0,0.8866577,0.17838983237743378,0.8271119594573975,0.38849928975105286
YER114C,YGR133W,0,0.8865113,0.17835204303264618,0.8271119594573975,0.3885994851589203
YGR154C,YIL118W,0,0.8864841,0.17831426858901978,0.8271119594573975,0.38869965076446533
YBR279W,YOR368W,1,0.8864449,0.17848825454711914,0.8280943036079407,0.38869965076446533
YHR018C,YJL133W,0,0.885871,0.17845046520233154,0.8280943036079407,0.38879984617233276
YLR135W,YNL299W,0,0.88579047,0.17841270565986633,0.8280943036079407,0.3889000117778778
YML130C,YDR021W,0,0.885734,0.17837494611740112,0.8280943036079407,0.38900020718574524
YJL065C,YOR264W,0,0.88544947,0.1783372163772583,0.8280943036079407,0.3891003727912903
YBL074C,YOR067C,0,0.8852626,0.17829948663711548,0.8280943036079407,0.3892005681991577
YGL120C,YJR066W,0,0.8851293,0.17826178669929504,0.8280943036079407,0.38930073380470276
YDR507C,YDR206W,0,0.8849775,0.1782241016626358,0.8280943036079407,0.3894009292125702
YNL299W,YOR124C,0,0.88436013,0.17818643152713776,0.8280943036079407,0.38950109481811523
YDR342C,YNR038W,0,0.8842951,0.1781487762928009,0.8280943036079407,0.38960129022598267
YGR231C,YML094W,0,0.883834,0.17811113595962524,0.8280943036079407,0.3897014558315277
YOR144C,YIL143C,1,0.8837387,0.17828474938869476,0.8290766477584839,0.3897014558315277
YNL082W,YNL293W,0,0.8829088,0.1782470941543579,0.8290766477584839,0.38980165123939514
YNL133C,YJR077C,0,0.88251007,0.17820945382118225,0.8290766477584839,0.3899018168449402
YKL125W,YKR093W,0,0.8823038,0.17817184329032898,0.8290766477584839,0.3900020122528076
YHR160C,YOR384W,0,0.8819375,0.1781342327594757,0.8290766477584839,0.39010217785835266
YIL008W,YMR119W,0,0.8819102,0.17809665203094482,0.8290766477584839,0.3902023732662201
YOR081C,YBR231C,0,0.8817651,0.17805907130241394,0.8290766477584839,0.39030253887176514
YDR363W-A,YHL032C,0,0.8816801,0.17802152037620544,0.8290766477584839,0.39040273427963257
YBL075C,YJR001W,0,0.88150454,0.17798396944999695,0.8290766477584839,0.3905028998851776
YKL051W,YIL084C,0,0.8812078,0.17794644832611084,0.8290766477584839,0.39060309529304504
YBR084W,YGR198W,0,0.88065946,0.17790894210338593,0.8290766477584839,0.3907032608985901
YLL033W,YIL082W-A,1,0.8805872,0.1780821979045868,0.8300589323043823,0.3907032608985901
YNL250W,YER171W,1,0.880342,0.1782553791999817,0.8310412764549255,0.3907032608985901
YCR037C,YML061C,0,0.8802321,0.1782178282737732,0.8310412764549255,0.3908034563064575
YIL144W,YBR204C,0,0.88003814,0.1781802922487259,0.8310412764549255,0.39090362191200256
YGR279C,YPL249C-A,0,0.8799882,0.17814277112483978,0.8310412764549255,0.39100381731987
YBR056W,YMR162C,0,0.8798474,0.17810526490211487,0.8310412764549255,0.39110398292541504
YGR007W,YOL109W,0,0.87964046,0.17806777358055115,0.8310412764549255,0.39120417833328247
YIL016W,YPL089C,0,0.87955403,0.17803029716014862,0.8310412764549255,0.3913043439388275
YBL056W,YIR028W,0,0.8792205,0.17799285054206848,0.8310412764549255,0.39140453934669495
YOR167C,YHR150W,0,0.87885535,0.17795540392398834,0.8310412764549255,0.39150470495224
YOR143C,YPL018W,0,0.8786759,0.1779179871082306,0.8310412764549255,0.3916049003601074
YBR060C,YOL119C,0,0.8778808,0.17788057029247284,0.8310412764549255,0.39170506596565247
YNL318C,YJL123C,0,0.87770087,0.17784318327903748,0.8310412764549255,0.3918052613735199
YNL330C,YPL200W,1,0.87740993,0.17801597714424133,0.832023561000824,0.3918052613735199
YLR430W,YER087C-A,0,0.87739843,0.17797856032848358,0.832023561000824,0.39190542697906494
YHR037W,YPL242C,0,0.8769742,0.17794117331504822,0.832023561000824,0.3920056223869324
YOR188W,YPL271W,0,0.8765456,0.17790380120277405,0.832023561000824,0.3921057879924774
YDR017C,YHL032C,0,0.8762367,0.17786644399166107,0.832023561000824,0.39220598340034485
YPL195W,YOR119C,0,0.87618095,0.1778291016817093,0.832023561000824,0.3923061490058899
YOR034C,YDR130C,0,0.8759179,0.1777917742729187,0.832023561000824,0.3924063444137573
YML021C,YDR283C,0,0.87556803,0.1777544617652893,0.832023561000824,0.39250651001930237
YER038C,YDL025C,0,0.8743895,0.1777171641588211,0.832023561000824,0.3926067054271698
YAL015C,YBR286W,0,0.873743,0.1776798814535141,0.832023561000824,0.39270687103271484
YOR335C,YJR153W,0,0.87317204,0.1776426136493683,0.832023561000824,0.3928070664405823
YLR396C,YJL125C,0,0.8731638,0.17760536074638367,0.832023561000824,0.3929072320461273
YHR044C,YCR021C,0,0.872965,0.17756813764572144,0.832023561000824,0.39300742745399475
YDL146W,YIL014W,0,0.8726723,0.1775309145450592,0.832023561000824,0.3931075930595398
YAL023C,YIL153W,0,0.8725967,0.17749370634555817,0.832023561000824,0.3932077884674072
YPL058C,YHR138C,0,0.8725512,0.17745652794837952,0.832023561000824,0.39330795407295227
YNL048W,YER091C,0,0.87246394,0.17741934955120087,0.832023561000824,0.3934081494808197
YIL171W,YDL105W,0,0.8724377,0.1773822009563446,0.832023561000824,0.39350831508636475
YDR201W,YDR501W,0,0.872303,0.17734505236148834,0.832023561000824,0.3936084806919098
YBL055C,YDR541C,0,0.87217844,0.17730793356895447,0.832023561000824,0.3937086760997772
YKL026C,YOR336W,0,0.87206686,0.1772708296775818,0.832023561000824,0.39380884170532227
YJL189W,YBL037W,0,0.8718461,0.1772337257862091,0.832023561000824,0.3939090371131897
YIL126W,YDR022C,0,0.8716826,0.1771966516971588,0.832023561000824,0.39400920271873474
YOL051W,YDL069C,0,0.87133104,0.17715959250926971,0.832023561000824,0.3941093981266022
YFR034C,YMR256C,0,0.8710673,0.1771225482225418,0.832023561000824,0.3942095637321472
YPL266W,YKR086W,0,0.87106025,0.1770855039358139,0.832023561000824,0.39430975914001465
YGL084C,YPR143W,0,0.87042075,0.1770484894514084,0.832023561000824,0.3944099247455597
YGL092W,YDR129C,0,0.87032956,0.17701148986816406,0.832023561000824,0.3945101201534271
YDL042C,YOL064C,0,0.8702271,0.17697450518608093,0.832023561000824,0.39461028575897217
YNL158W,YMR154C,0,0.870095,0.176937535405159,0.832023561000824,0.3947104811668396
YOR383C,YER172C,0,0.8699326,0.17690058052539825,0.832023561000824,0.39481064677238464
YLR345W,YIL049W,0,0.8697877,0.1768636405467987,0.832023561000824,0.3949108421802521
YBL055C,YCR089W,0,0.86955136,0.17682671546936035,0.832023561000824,0.3950110077857971
YPL040C,YDL135C,0,0.86949635,0.17678982019424438,0.832023561000824,0.39511120319366455
YDR463W,YNL216W,0,0.869417,0.17675292491912842,0.832023561000824,0.3952113687992096
YLR064W,YER035W,0,0.8693334,0.17671604454517365,0.832023561000824,0.395311564207077
YGR249W,YHL035C,0,0.8689752,0.17667917907238007,0.832023561000824,0.39541172981262207
YKL113C,YDL164C,1,0.8688223,0.17685088515281677,0.8330059051513672,0.39541172981262207
YPR009W,YLR032W,0,0.8687557,0.176814004778862,0.8330059051513672,0.3955119252204895
YIL037C,YKL145W,0,0.8685088,0.17677715420722961,0.8330059051513672,0.39561209082603455
YBR046C,YER183C,0,0.86848056,0.17674030363559723,0.8330059051513672,0.395712286233902
YMR017W,YJR077C,0,0.8676269,0.17670348286628723,0.8330059051513672,0.395812451839447
YDL130W,YCL051W,0,0.8676054,0.17666666209697723,0.8330059051513672,0.39591264724731445
YOR326W,YDL222C,0,0.86751974,0.17662987112998962,0.8330059051513672,0.3960128128528595
YBR045C,YKL216W,0,0.8673492,0.17659308016300201,0.8330059051513672,0.39611300826072693
YFL008W,YCR102C,0,0.86722934,0.1765563189983368,0.8330059051513672,0.396213173866272
YKR062W,YJL177W,0,0.867075,0.17651957273483276,0.8330059051513672,0.3963133692741394
YKR099W,YNL210W,1,0.86667967,0.1766909509897232,0.8339881896972656,0.3963133692741394
YOL023W,YER060W,0,0.8661479,0.1766541749238968,0.8339881896972656,0.39641353487968445
YOL006C,YPR018W,1,0.8659785,0.17682546377182007,0.8349705338478088,0.39641353487968445
YPR018W,YER035W,0,0.8657554,0.17678868770599365,0.8349705338478088,0.3965137302875519
YJL089W,YAL005C,0,0.86564577,0.17675192654132843,0.8349705338478088,0.3966138958930969
YPR173C,YPR082C,0,0.86548096,0.1767151802778244,0.8349705338478088,0.39671409130096436
YLR345W,YPL130W,0,0.86543787,0.17667844891548157,0.8349705338478088,0.3968142569065094
YKL043W,YIL009C-A,0,0.86469865,0.17664173245429993,0.8349705338478088,0.39691445231437683
YLR441C,YLR234W,0,0.86465174,0.17660503089427948,0.8349705338478088,0.3970146179199219
YPR110C,YPR068C,0,0.86459166,0.17656834423542023,0.8349705338478088,0.3971148133277893
YDL109C,YPL202C,0,0.8645766,0.17653167247772217,0.8349705338478088,0.39721497893333435
YKL092C,YDR022C,0,0.8643717,0.1764950156211853,0.8349705338478088,0.3973151743412018
YPL270W,YNL101W,0,0.864197,0.17645837366580963,0.8349705338478088,0.3974153399467468
YLR214W,YBR210W,0,0.8639219,0.17642174661159515,0.8349705338478088,0.39751553535461426
YJR054W,YJL057C,0,0.86383003,0.17638514935970306,0.8349705338478088,0.3976157009601593
YML129C,YPL175W,0,0.86365646,0.17634855210781097,0.8349705338478088,0.39771589636802673
YGR101W,YGL150C,0,0.8635174,0.17631196975708008,0.8349705338478088,0.3978160619735718
YML037C,YMR012W,0,0.8633888,0.17627540230751038,0.8349705338478088,0.3979162573814392
YJR084W,YDR134C,0,0.86287785,0.17623884975910187,0.8349705338478088,0.39801642298698425
YHR117W,YHR134W,0,0.8622509,0.17620232701301575,0.8349705338478088,0.3981166183948517
YNR030W,YPR068C,0,0.86204535,0.17616580426692963,0.8349705338478088,0.39821678400039673
YDR051C,YGL087C,0,0.8616738,0.1761292964220047,0.8349705338478088,0.39831697940826416
YMR052W,YIR015W,0,0.86159396,0.17609281837940216,0.8349705338478088,0.3984171450138092
YNL336W,YAL059W,0,0.86129177,0.17605634033679962,0.8349705338478088,0.39851734042167664
YKR050W,YDL003W,0,0.8611669,0.17601987719535828,0.8349705338478088,0.3986175060272217
YLR134W,YDR235W,0,0.8610996,0.17598344385623932,0.8349705338478088,0.3987177014350891
YBL006C,YPL116W,0,0.8609119,0.17594701051712036,0.8349705338478088,0.39881786704063416
YHR200W,YBL025W,0,0.8607632,0.1759105920791626,0.8349705338478088,0.3989180624485016
YMR106C,YKL026C,0,0.86057705,0.17587420344352722,0.8349705338478088,0.39901822805404663
YAL042W,YOL069W,0,0.8605252,0.17583781480789185,0.8349705338478088,0.39911842346191406
YGL253W,YLL053C,0,0.860463,0.17580144107341766,0.8349705338478088,0.3992185890674591
YBR073W,YMR284W,1,0.8604549,0.1759718805551529,0.835952877998352,0.3992185890674591
YGL254W,YJR068W,0,0.86042035,0.17593549191951752,0.835952877998352,0.39931878447532654
YMR312W,YDR057W,0,0.8603203,0.17589913308620453,0.835952877998352,0.3994189500808716
YDR531W,YLR201C,0,0.8602228,0.17586277425289154,0.835952877998352,0.399519145488739
YDL031W,YBR168W,0,0.8590653,0.17582644522190094,0.835952877998352,0.39961931109428406
YML047C,YCR091W,0,0.85889125,0.17579013109207153,0.835952877998352,0.3997195065021515
YDL059C,YCL019W,1,0.8587224,0.17596034705638885,0.8369351625442505,0.3997195065021515
YNL251C,YMR215W,0,0.85849166,0.17592401802539825,0.8369351625442505,0.39981967210769653
YPL056C,YOR136W,0,0.8583001,0.17588768899440765,0.8369351625442505,0.39991986751556396
YNL251C,YGR099W,0,0.8582403,0.17585138976573944,0.8369351625442505,0.400020033121109
YIR017C,YGR003W,0,0.8576427,0.17581510543823242,0.8369351625442505,0.40012022852897644
YPL012W,YML127W,0,0.8572519,0.1757788360118866,0.8369351625442505,0.4002203941345215
YOL006C,YLR135W,1,0.8568651,0.1759488433599472,0.8379175066947937,0.4002203941345215
YML065W,YPL051W,0,0.8568268,0.17591255903244019,0.8379175066947937,0.4003205895423889
YKL157W,YJL058C,0,0.8567813,0.17587628960609436,0.8379175066947937,0.40042075514793396
YER087C-A,YBR009C,0,0.85635126,0.17584003508090973,0.8379175066947937,0.4005209505558014
YNR022C,YBR078W,0,0.8559398,0.1758037954568863,0.8379175066947937,0.40062111616134644
YDL159W,YJL162C,0,0.8555968,0.17576757073402405,0.8379175066947937,0.40072131156921387
YDR381W,YPL207W,0,0.8555791,0.175731360912323,0.8379175066947937,0.4008214771747589
YER016W,YMR192W,0,0.8553684,0.17569516599178314,0.8379175066947937,0.40092167258262634
YCL039W,YDL095W,0,0.8550643,0.17565898597240448,0.8379175066947937,0.4010218381881714
YLR214W,YBR188C,0,0.8542477,0.17562280595302582,0.8379175066947937,0.4011220335960388
YGR142W,YJL026W,0,0.85393965,0.17558665573596954,0.8379175066947937,0.40122219920158386
YOR231W,YDR400W,0,0.85382223,0.17555052042007446,0.8379175066947937,0.4013223946094513
YMR198W,YOR094W,0,0.85351026,0.17551440000534058,0.8379175066947937,0.40142256021499634
YNL323W,YMR104C,0,0.85212564,0.17547829449176788,0.8379175066947937,0.40152275562286377
YJR027W,YPL200W,1,0.8518764,0.17564788460731506,0.8388997912406921,0.40152275562286377
YDR531W,YBR040W,0,0.8513583,0.17561176419258118,0.8388997912406921,0.4016229212284088
YDL059C,YNL339C,1,0.85135734,0.17578125,0.8398821353912354,0.4016229212284088
YJL139C,YMR303C,0,0.8512258,0.17574511468410492,0.8398821353912354,0.40172308683395386
YMR052W,YER109C,0,0.85104406,0.17570899426937103,0.8398821353912354,0.4018232822418213
YER139C,YMR037C,0,0.8508915,0.17567290365695953,0.8398821353912354,0.40192344784736633
YDR110W,YDR107C,0,0.8506942,0.17563681304454803,0.8398821353912354,0.40202364325523376
YGL017W,YDL095W,0,0.85063994,0.17560073733329773,0.8398821353912354,0.4021238088607788
YNL139C,YNL312W,1,0.8495317,0.17577001452445984,0.8408644199371338,0.4021238088607788
YML024W,YOL001W,0,0.84936154,0.17573393881320953,0.8408644199371338,0.40222400426864624
YNR043W,YER019W,0,0.84864515,0.17569786310195923,0.8408644199371338,0.4023241698741913
YKL059C,YBR089C-A,0,0.8485002,0.1756618171930313,0.8408644199371338,0.4024243652820587
YJL208C,YLR193C,0,0.84818494,0.1756257712841034,0.8408644199371338,0.40252453088760376
YKR030W,YNL161W,0,0.8477811,0.17558974027633667,0.8408644199371338,0.4026247262954712
YGL096W,YBR179C,0,0.8470576,0.17555373907089233,0.8408644199371338,0.40272489190101624
YOL122C,YDR073W,0,0.84686965,0.175517737865448,0.8408644199371338,0.40282508730888367
YCL016C,YGR049W,0,0.84684134,0.17548175156116486,0.8408644199371338,0.4029252529144287
YPL141C,YLR201C,0,0.84669054,0.1754457950592041,0.8408644199371338,0.40302544832229614
YBR112C,YCR079W,0,0.84639895,0.17540983855724335,0.8408644199371338,0.4031256139278412
YER094C,YIL099W,0,0.84630394,0.1753738969564438,0.8408644199371338,0.4032258093357086
YBR085W,YDR009W,0,0.8460453,0.17533797025680542,0.8408644199371338,0.40332597494125366
YDL064W,YGL206C,0,0.8460188,0.17530207335948944,0.8408644199371338,0.4034261703491211
YDR248C,YEL059C-A,0,0.8460015,0.17526617646217346,0.8408644199371338,0.40352633595466614
YKL026C,YFL034C-B,0,0.84566426,0.17523029446601868,0.8408644199371338,0.40362653136253357
YKL100C,YLR128W,0,0.84564745,0.17519442737102509,0.8408644199371338,0.4037266969680786
YFL008W,YNL164C,0,0.8456304,0.17515859007835388,0.8408644199371338,0.40382689237594604
YGR098C,YBR204C,0,0.8455869,0.17512275278568268,0.8408644199371338,0.4039270579814911
YGL131C,YLR297W,0,0.84452033,0.17508693039417267,0.8408644199371338,0.4040272533893585
YMR116C,YJL221C,0,0.84412515,0.17505112290382385,0.8408644199371338,0.40412741899490356
YDL112W,YKL035W,0,0.8437495,0.17501533031463623,0.8408644199371338,0.404227614402771
YOR049C,YPR020W,0,0.84369195,0.1749795526266098,0.8408644199371338,0.40432778000831604
YIL009W,YPL209C,0,0.8433142,0.17494378983974457,0.8408644199371338,0.40442797541618347
YLR221C,YIL014W,0,0.8430191,0.17490805685520172,0.8408644199371338,0.4045281410217285
YMR243C,YDR169C,0,0.8428911,0.17487232387065887,0.8408644199371338,0.40462833642959595
YLR266C,YPR133C,0,0.8427399,0.17483660578727722,0.8408644199371338,0.404728502035141
YPL221W,YPL032C,0,0.8424575,0.17480090260505676,0.8408644199371338,0.4048286974430084
YLL050C,YIL082W-A,0,0.8423985,0.1747652143239975,0.8408644199371338,0.40492886304855347
YIL078W,YBR097W,0,0.8423723,0.17472954094409943,0.8408644199371338,0.4050290584564209
YPR133C,YJR067C,0,0.842106,0.17469388246536255,0.8408644199371338,0.40512922406196594
YNL065W,YGL208W,0,0.84196305,0.17465823888778687,0.8408644199371338,0.4052294194698334
YPL137C,YPR054W,0,0.8416082,0.17462261021137238,0.8408644199371338,0.4053295850753784
YBL002W,YBR131W,0,0.8415677,0.17458698153495789,0.8408644199371338,0.40542978048324585
YHR172W,YKR029C,0,0.841452,0.17455138266086578,0.8408644199371338,0.4055299460887909
YML007W,YLR096W,0,0.8413226,0.17451579868793488,0.8408644199371338,0.4056301414966583
YDR113C,YJR058C,0,0.8405836,0.17448022961616516,0.8408644199371338,0.40573030710220337
YDL018C,YBL035C,0,0.840352,0.17444467544555664,0.8408644199371338,0.4058305025100708
YML032C,YJL051W,1,0.83964133,0.1746128797531128,0.841846764087677,0.4058305025100708
YLR441C,YDR515W,0,0.83956146,0.17457731068134308,0.841846764087677,0.40593066811561584
YDR051C,YCR094W,0,0.8395419,0.17454175651073456,0.841846764087677,0.4060308635234833
YDR323C,YBR207W,0,0.83935577,0.17450621724128723,0.841846764087677,0.4061310291290283
YKL080W,YNL161W,0,0.8393076,0.1744706779718399,0.841846764087677,0.40623122453689575
YIL127C,YOR242C,0,0.8392824,0.17443516850471497,0.841846764087677,0.4063313901424408
YBR207W,YDL247W,0,0.83911234,0.17439967393875122,0.841846764087677,0.4064315855503082
YGL023C,YJR046W,0,0.83897805,0.17436419427394867,0.841846764087677,0.40653175115585327
YCR088W,YOR096W,0,0.83886296,0.1743287295103073,0.841846764087677,0.4066319465637207
YJL083W,YNL090W,0,0.83882535,0.17429326474666595,0.841846764087677,0.40673211216926575
YML041C,YOR307C,0,0.83861053,0.17425782978534698,0.841846764087677,0.4068323075771332
YPL086C,YBR049C,0,0.8384572,0.1742224097251892,0.841846764087677,0.4069324731826782
YNL082W,YKL176C,0,0.83799374,0.17418698966503143,0.841846764087677,0.40703266859054565
YOR344C,YKL191W,0,0.8373053,0.17415159940719604,0.841846764087677,0.4071328341960907
YGR157W,YER065C,0,0.8372319,0.17411620914936066,0.841846764087677,0.40723302960395813
YOL052C-A,YOR362C,0,0.83722776,0.17408084869384766,0.841846764087677,0.4073331952095032
YBR030W,YDR468C,0,0.83709687,0.17404548823833466,0.841846764087677,0.4074333906173706
YHR184W,YER075C,0,0.8370048,0.17401015758514404,0.841846764087677,0.40753355622291565
YHR149C,YPR061C,0,0.8357854,0.17397482693195343,0.841846764087677,0.4076337516307831
YPR105C,YKL110C,0,0.8355064,0.173939511179924,0.841846764087677,0.4077339172363281
YOL041C,YAL053W,0,0.83547527,0.17390422523021698,0.841846764087677,0.40783411264419556
YBR098W,YNL323W,0,0.8346216,0.17386893928050995,0.841846764087677,0.4079342782497406
YOR004W,YLR023C,0,0.8346014,0.1738336682319641,0.841846764087677,0.40803447365760803
YLL013C,YNL059C,0,0.833562,0.17379841208457947,0.841846764087677,0.4081346392631531
YHR149C,YOR372C,0,0.8335461,0.1737631857395172,0.841846764087677,0.4082348346710205
YDR011W,YOL001W,0,0.8326878,0.17372795939445496,0.841846764087677,0.40833500027656555
YLR266C,YGR200C,0,0.8325421,0.1736927479505539,0.841846764087677,0.408435195684433
YLR172C,YCR039C,0,0.8324809,0.17365755140781403,0.841846764087677,0.408535361289978
YOR027W,YJL098W,0,0.8323354,0.17362236976623535,0.841846764087677,0.40863555669784546
YOR005C,YPL164C,1,0.8322067,0.17378975450992584,0.8428290486335754,0.40863555669784546
YPR161C,YHL026C,0,0.8319201,0.17375455796718597,0.8428290486335754,0.4087357223033905
YBR079C,YPL202C,0,0.83151495,0.1737193763256073,0.8428290486335754,0.40883591771125793
YJL115W,YMR098C,0,0.83148867,0.17368420958518982,0.8428290486335754,0.408936083316803
YMR017W,YNR047W,0,0.8313768,0.17364905774593353,0.8428290486335754,0.4090362787246704
YBR135W,YNL068C,0,0.83126575,0.17361392080783844,0.8428290486335754,0.40913644433021545
YIL056W,YGR287C,0,0.83108574,0.17357879877090454,0.8428290486335754,0.4092366397380829
YLR174W,YKL079W,0,0.83096635,0.17354369163513184,0.8428290486335754,0.40933680534362793
YIL070C,YGR249W,0,0.8307359,0.17350859940052032,0.8428290486335754,0.40943700075149536
YLR135W,YFR038W,1,0.8300905,0.17367570102214813,0.8438113927841187,0.40943700075149536
YHR141C,YKL039W,0,0.82970977,0.17364059388637543,0.8438113927841187,0.4095371663570404
YNL311C,YIL075C,0,0.82913816,0.17360550165176392,0.8438113927841187,0.40963736176490784
YIL096C,YGR023W,0,0.8288856,0.1735704243183136,0.8438113927841187,0.4097375273704529
YJR126C,YLR032W,0,0.8286493,0.17353534698486328,0.8438113927841187,0.4098376929759979
YOR210W,YGR046W,0,0.82855356,0.17350029945373535,0.8438113927841187,0.40993788838386536
YLR135W,YMR105C,0,0.82832515,0.17346526682376862,0.8438113927841187,0.4100380539894104
YBR217W,YMR055C,0,0.828176,0.17343024909496307,0.8438113927841187,0.41013824939727783
YDR440W,YNR016C,0,0.8280817,0.17339523136615753,0.8438113927841187,0.4102384150028229
YPR058W,YDR219C,0,0.82769865,0.17336024343967438,0.8438113927841187,0.4103386104106903
YPL162C,YJR017C,0,0.82732826,0.17332525551319122,0.8438113927841187,0.41043877601623535
YOR367W,YOL072W,0,0.82708734,0.17329029738903046,0.8438113927841187,0.4105389714241028
YDR468C,YKL176C,0,0.8269896,0.1732553392648697,0.8438113927841187,0.4106391370296478
YCR063W,YFL056C,0,0.8268865,0.1732204109430313,0.8438113927841187,0.41073933243751526
YDR156W,YGL150C,0,0.8261603,0.17318548262119293,0.8438113927841187,0.4108394980430603
YOR049C,YER119C,0,0.82608855,0.17315056920051575,0.8438113927841187,0.41093969345092773
YDR065W,YDL007W,0,0.8260735,0.17311568558216095,0.8438113927841187,0.4110398590564728
YMR149W,YDR406W,0,0.82568526,0.17308080196380615,0.8438113927841187,0.4111400544643402
YCL039W,YDR331W,0,0.82554305,0.17304593324661255,0.8438113927841187,0.41124022006988525
YPR112C,YER012W,0,0.8254441,0.17301107943058014,0.8438113927841187,0.4113404154777527
YBR040W,YDL129W,0,0.82455015,0.17297624051570892,0.8438113927841187,0.41144058108329773
YLL067C,YBR086C,0,0.8243637,0.1729414165019989,0.8438113927841187,0.41154077649116516
YGR094W,YOL059W,0,0.8242372,0.17290660738945007,0.8438113927841187,0.4116409420967102
YNL278W,YDL120W,0,0.8240454,0.17287179827690125,0.8438113927841187,0.41174113750457764
YOL029C,YBR208C,0,0.8234386,0.1728370189666748,0.8438113927841187,0.4118413031101227
YGL129C,YFL052W,0,0.823406,0.17280225455760956,0.8438113927841187,0.4119414985179901
YAL053W,YML131W,0,0.8231727,0.1727675050497055,0.8438113927841187,0.41204166412353516
YLL066C,YOR306C,0,0.8231295,0.17273275554180145,0.8438113927841187,0.4121418595314026
YBR136W,YIL033C,0,0.82305646,0.1726980358362198,0.8438113927841187,0.41224202513694763
YKR078W,YNL181W,0,0.8222587,0.17266331613063812,0.8438113927841187,0.41234222054481506
YML023C,YIR026C,0,0.8219155,0.17262861132621765,0.8438113927841187,0.4124423861503601
YER015W,YEL063C,0,0.8214576,0.17259393632411957,0.8438113927841187,0.41254258155822754
YCR023C,YDR198C,0,0.82135195,0.17255926132202148,0.8438113927841187,0.4126427471637726
YKR099W,YOL090W,1,0.8210412,0.17272545397281647,0.8447937369346619,0.4126427471637726
YGR128C,YEL002C,0,0.8209686,0.1726907640695572,0.8447937369346619,0.41274294257164
YHL026C,YDR045C,0,0.82093614,0.1726560890674591,0.8447937369346619,0.41284310817718506
YOR133W,YOR336W,0,0.81993335,0.1726214438676834,0.8447937369346619,0.4129433035850525
YNL227C,YOL075C,0,0.8197988,0.17258679866790771,0.8447937369346619,0.41304346919059753
YOL006C,YDR169C,0,0.81937706,0.1725521683692932,0.8447937369346619,0.41314366459846497
YOR306C,YKL134C,0,0.81917953,0.1725175529718399,0.8447937369346619,0.41324383020401
YAL068C,YML107C,0,0.8189304,0.1724829524755478,0.8447937369346619,0.41334402561187744
YDR060W,YPR068C,0,0.8187263,0.17244836688041687,0.8447937369346619,0.4134441912174225
YMR133W,YPL017C,1,0.81865895,0.17261427640914917,0.8457760214805603,0.4134441912174225
YLR406C,YJL203W,0,0.8185236,0.17257967591285706,0.8457760214805603,0.4135443866252899
YDL210W,YMR211W,0,0.81848484,0.17254509031772614,0.8457760214805603,0.41364455223083496
YLL042C,YLR054C,0,0.8182931,0.1725105196237564,0.8457760214805603,0.4137447476387024
YFR008W,YHR121W,0,0.81818396,0.17247596383094788,0.8457760214805603,0.41384491324424744
YLR134W,YDR018C,0,0.8173116,0.17244142293930054,0.8457760214805603,0.41394510865211487
YHR108W,YCR106W,0,0.817214,0.1724068820476532,0.8457760214805603,0.4140452742576599
YDR273W,YKL002W,0,0.8171071,0.17237237095832825,0.8457760214805603,0.41414546966552734
YDR270W,YLR337C,0,0.8168037,0.1723378747701645,0.8457760214805603,0.4142456352710724
YPL018W,YKL017C,0,0.8167664,0.17230337858200073,0.8457760214805603,0.4143458306789398
YMR130W,YGR014W,0,0.8167376,0.17226891219615936,0.8457760214805603,0.41444599628448486
YKR062W,YPL057C,0,0.81582266,0.172234445810318,0.8457760214805603,0.4145461916923523
YBR084C-A,YOR033C,0,0.8153024,0.17219999432563782,0.8457760214805603,0.41464635729789734
YLR022C,YBL027W,0,0.81522965,0.17216557264328003,0.8457760214805603,0.41474655270576477
YLL011W,YIL093C,0,0.81516516,0.17213115096092224,0.8457760214805603,0.4148467183113098
YKR077W,YGR241C,0,0.81419766,0.17209674417972565,0.8457760214805603,0.41494691371917725
YLR007W,YHR167W,1,0.8139092,0.17226219177246094,0.8467583656311035,0.41494691371917725
YBR228W,YMR284W,1,0.81388885,0.17242757976055145,0.847740650177002,0.41494691371917725
YOR371C,YEL065W,0,0.81365734,0.17239312827587128,0.847740650177002,0.4150470793247223
YLR369W,YPL058C,0,0.8134834,0.1723586916923523,0.847740650177002,0.4151472747325897
YIL148W,YKL220C,0,0.81313723,0.1723242849111557,0.847740650177002,0.41524744033813477
YDR148C,YGL195W,0,0.8127823,0.1722898781299591,0.847740650177002,0.4153476357460022
YER016W,YLR143W,0,0.8127803,0.1722554862499237,0.847740650177002,0.41544780135154724
YHR039C,YIR009W,0,0.8124118,0.1722211092710495,0.847740650177002,0.4155479967594147
YLR336C,YFR015C,0,0.81217766,0.1721867471933365,0.847740650177002,0.4156481623649597
YOR032C,YFR038W,0,0.81198823,0.17215240001678467,0.847740650177002,0.41574835777282715
YOL008W,YKR009C,0,0.81152177,0.17211806774139404,0.847740650177002,0.4158485233783722
YOR360C,YLR126C,0,0.811497,0.1720837503671646,0.847740650177002,0.4159487187862396
YKL055C,YDR073W,0,0.81121045,0.17204944789409637,0.847740650177002,0.41604888439178467
YDR279W,YOL113W,0,0.8107829,0.17201514542102814,0.847740650177002,0.4161490797996521
YML007W,YJL129C,0,0.81056476,0.1719808727502823,0.847740650177002,0.41624924540519714
YLL052C,YMR109W,0,0.8105344,0.17194660007953644,0.847740650177002,0.4163494408130646
YER133W,YHR204W,0,0.8105311,0.17191235721111298,0.847740650177002,0.4164496064186096
YKL222C,YMR303C,0,0.8103925,0.17187811434268951,0.847740650177002,0.41654980182647705
YBR169C,YOR087W,0,0.81016517,0.17184388637542725,0.847740650177002,0.4166499674320221
YER139C,YIR009W,0,0.81011647,0.17180967330932617,0.847740650177002,0.4167501628398895
YDR001C,YOR284W,0,0.80962914,0.1717754751443863,0.847740650177002,0.41685032844543457
YGL096W,YNR045W,0,0.809564,0.1717412918806076,0.847740650177002,0.416950523853302
YOR249C,YBL046W,0,0.809506,0.1717071235179901,0.847740650177002,0.41705068945884705
YIL009W,YML120C,0,0.80946356,0.1716729700565338,0.847740650177002,0.4171508848667145
YKL054C,YPR101W,0,0.80923873,0.17163881659507751,0.847740650177002,0.4172510504722595
YJR048W,YOL060C,0,0.8086382,0.1716046929359436,0.847740650177002,0.41735124588012695
YLR056W,YCR008W,0,0.80834526,0.1715705692768097,0.847740650177002,0.417451411485672
YDR038C,YKR086W,0,0.8079984,0.17153647541999817,0.847740650177002,0.41755160689353943
YJR144W,YDR244W,0,0.80791,0.17150238156318665,0.847740650177002,0.4176517724990845
YKR003W,YHR046C,0,0.8078895,0.17146830260753632,0.847740650177002,0.4177519679069519
YGR122W,YBR121C,0,0.8078539,0.17143425345420837,0.847740650177002,0.41785213351249695
YPR073C,YPR110C,0,0.80764866,0.17140020430088043,0.847740650177002,0.4179523289203644
YHR063C,YPL189W,0,0.8076186,0.17136617004871368,0.847740650177002,0.4180524945259094
YML032C,YIR025W,1,0.80743784,0.17153067886829376,0.8487229943275452,0.4180524945259094
YGL251C,YGR253C,0,0.8073178,0.17149662971496582,0.8487229943275452,0.41815266013145447
YOR132W,YGR211W,0,0.8068924,0.17146259546279907,0.8487229943275452,0.4182528555393219
YDR111C,YML111W,0,0.80655515,0.17142857611179352,0.8487229943275452,0.41835302114486694
YOR293W,YDR301W,0,0.8062805,0.17139457166194916,0.8487229943275452,0.4184532165527344
YEL059C-A,YIL097W,0,0.80613184,0.1713605672121048,0.8487229943275452,0.4185533821582794
YDR303C,YLR333C,0,0.8059777,0.17132659256458282,0.8487229943275452,0.41865357756614685
YGL250W,YGL163C,1,0.80590427,0.171490877866745,0.8497052788734436,0.41865357756614685
YOR293W,YGL047W,0,0.80567276,0.17145688831806183,0.8497052788734436,0.4187537431716919
YPR047W,YOL152W,0,0.8054843,0.17142291367053986,0.8497052788734436,0.4188539385795593
YPL105C,YDL044C,0,0.80526924,0.17138893902301788,0.8497052788734436,0.41895410418510437
YOR348C,YOL023W,0,0.80509007,0.1713549941778183,0.8497052788734436,0.4190542995929718
YLR223C,YGR044C,0,0.80391073,0.1713210493326187,0.8497052788734436,0.41915446519851685
YLR079W,YLR286C,0,0.80335826,0.17128713428974152,0.8497052788734436,0.4192546606063843
YHL038C,YNL275W,0,0.802578,0.17125321924686432,0.8497052788734436,0.4193548262119293
YDL207W,YDR469W,0,0.8023765,0.17121931910514832,0.8497052788734436,0.41945502161979675
YLR277C,YDR171W,0,0.802336,0.1711854338645935,0.8497052788734436,0.4195551872253418
YAL061W,YNL300W,0,0.8020369,0.1711515635251999,0.8497052788734436,0.41965538263320923
YDL127W,YDL044C,0,0.8019879,0.17111770808696747,0.8497052788734436,0.4197555482387543
YJL173C,YOR144C,1,0.80191374,0.17128165066242218,0.8506876230239868,0.4197555482387543
YNL190W,YGL003C,0,0.80180943,0.17124778032302856,0.8506876230239868,0.4198557436466217
YMR070W,YAL030W,0,0.8016628,0.17121392488479614,0.8506876230239868,0.41995590925216675
YDR004W,YDL101C,1,0.80113685,0.1713777482509613,0.85166996717453,0.41995590925216675
YLR098C,YBR024W,0,0.80067676,0.1713438779115677,0.85166996717453,0.4200561046600342
YNL072W,YNL126W,0,0.8005537,0.17131002247333527,0.85166996717453,0.4201562702655792
YDR420W,YBR109C,0,0.8002908,0.17127618193626404,0.85166996717453,0.42025646567344666
YOR188W,YJL025W,0,0.8001499,0.1712423413991928,0.85166996717453,0.4203566312789917
YER153C,YAR019C,0,0.79980814,0.17120853066444397,0.85166996717453,0.42045682668685913
YOR193W,YDL060W,0,0.799698,0.17117473483085632,0.85166996717453,0.4205569922924042
YEL064C,YMR232W,0,0.7991618,0.17114093899726868,0.85166996717453,0.4206571877002716
YML102W,YOR339C,0,0.7985604,0.17110715806484222,0.85166996717453,0.42075735330581665
YPL124W,YGL226W,0,0.79850715,0.17107340693473816,0.85166996717453,0.4208575487136841
YNR008W,YDL093W,0,0.79842436,0.1710396558046341,0.85166996717453,0.4209577143192291
YMR211W,YPL281C,0,0.7982969,0.17100591957569122,0.85166996717453,0.42105790972709656
YMR235C,YGL145W,0,0.79805255,0.17097219824790955,0.85166996717453,0.4211580753326416
YER051W,YJL123C,0,0.7980255,0.17093849182128906,0.85166996717453,0.42125827074050903
YKR078W,YFL034C-A,0,0.7976669,0.17090478539466858,0.85166996717453,0.4213584363460541
YDR381W,YDL010W,0,0.7970649,0.17087110877037048,0.85166996717453,0.4214586317539215
YNL166C,YLR313C,0,0.7966546,0.1708374321460724,0.85166996717453,0.42155879735946655
YOL051W,YMR045C,0,0.7965967,0.17080378532409668,0.85166996717453,0.421658992767334
YEL017C-A,YNL068C,0,0.7964469,0.17077013850212097,0.85166996717453,0.42175915837287903
YMR230W,YOL018C,0,0.79638004,0.17073650658130646,0.85166996717453,0.42185935378074646
YGR159C,YBL056W,0,0.79625726,0.17070288956165314,0.85166996717453,0.4219595193862915
YKL157W,YLR372W,0,0.79620534,0.170669287443161,0.85166996717453,0.42205971479415894
YBL037W,YKL114C,0,0.7960219,0.17063570022583008,0.85166996717453,0.422159880399704
YER138C,YLR263W,1,0.795926,0.1707988977432251,0.8526522517204285,0.422159880399704
YDR439W,YOR307C,0,0.7958468,0.17076529562473297,0.8526522517204285,0.4222600758075714
YNL045W,YGR217W,0,0.79581493,0.17073170840740204,0.8526522517204285,0.42236024141311646
YGL120C,YIL040W,0,0.7956259,0.1706981360912323,0.8526522517204285,0.4224604368209839
YDR381W,YEL019C,0,0.7953677,0.17066456377506256,0.8526522517204285,0.42256060242652893
YML058W,YNL129W,0,0.79408556,0.1706310212612152,0.8526522517204285,0.42266079783439636
YDR515W,YER001W,0,0.7940779,0.17059747874736786,0.8526522517204285,0.4227609634399414
YBR201W,YOR373W,0,0.79351205,0.1705639660358429,0.8526522517204285,0.42286115884780884
YCR068W,YJR102C,0,0.79348147,0.17053045332431793,0.8526522517204285,0.4229613244533539
YLR418C,YFR038W,1,0.793136,0.17069338262081146,0.8536345958709717,0.4229613244533539
YPL237W,YER123W,0,0.7931177,0.1706598550081253,0.8536345958709717,0.4230615198612213
YML087C,YEL059C-A,0,0.79280317,0.17062635719776154,0.8536345958709717,0.42316168546676636
YER126C,YDL211C,0,0.792755,0.17059285938739777,0.8536345958709717,0.4232618808746338
YPL016W,YER083C,0,0.7922494,0.1705593764781952,0.8536345958709717,0.42336204648017883
YIL101C,YLR054C,0,0.7922114,0.1705259084701538,0.8536345958709717,0.42346224188804626
YKR050W,YIL112W,0,0.7920443,0.17049244046211243,0.8536345958709717,0.4235624074935913
YOR298C-A,YML001W,0,0.79194057,0.17045900225639343,0.8536345958709717,0.42366260290145874
YOR257W,YLR411W,0,0.791833,0.17042557895183563,0.8536345958709717,0.4237627685070038
YNL326C,YDR339C,0,0.7914969,0.17039215564727783,0.8536345958709717,0.4238629639148712
YPL141C,YDR051C,0,0.7914008,0.17035874724388123,0.8536345958709717,0.42396312952041626
YGR211W,YNL224C,0,0.7913822,0.170325368642807,0.8536345958709717,0.4240633249282837
YGR277C,YGL240W,0,0.7913368,0.1702919900417328,0.8536345958709717,0.42416349053382874
YJL137C,YDL085W,0,0.79113704,0.17025862634181976,0.8536345958709717,0.42426368594169617
YGR002C,YFR031C-A,0,0.79111326,0.17022526264190674,0.8536345958709717,0.4243638515472412
YPL156C,YPR121W,0,0.7907417,0.1701919287443161,0.8536345958709717,0.42446404695510864
YCR096C,YNL039W,0,0.7906579,0.17015860974788666,0.8536345958709717,0.4245642125606537
YOR262W,YLR361C,0,0.79056615,0.17012529075145721,0.8536345958709717,0.4246644079685211
YGR244C,YMR128W,0,0.7901393,0.17009200155735016,0.8536345958709717,0.42476457357406616
YMR263W,YBL025W,0,0.78881323,0.1700587123632431,0.8536345958709717,0.4248647689819336
YOR288C,YBR208C,0,0.7887824,0.17002543807029724,0.8536345958709717,0.42496493458747864
YPL106C,YPL072W,0,0.7886557,0.16999217867851257,0.8536345958709717,0.42506512999534607
YIL005W,YPL130W,0,0.7883798,0.1699589341878891,0.8536345958709717,0.4251652956008911
YBR084W,YPL017C,0,0.7883205,0.16992568969726562,0.8536345958709717,0.42526549100875854
YDR432W,YGR287C,0,0.78809834,0.16989247500896454,0.8536345958709717,0.4253656566143036
YDL059C,YML023C,1,0.7880049,0.17005473375320435,0.8546168804168701,0.4253656566143036
YMR068W,YNL199C,0,0.788,0.17002150416374207,0.8546168804168701,0.425465852022171
YPR041W,YDR096W,0,0.78798896,0.16998827457427979,0.8546168804168701,0.42556601762771606
YGR256W,YHR026W,0,0.7879747,0.1699550747871399,0.8546168804168701,0.4256662130355835
YDR009W,YGL002W,0,0.78758025,0.169921875,0.8546168804168701,0.42576637864112854
YGL047W,YGR103W,0,0.7874181,0.1698886901140213,0.8546168804168701,0.42586657404899597
YDR235W,YBR236C,0,0.7873538,0.1698555201292038,0.8546168804168701,0.425966739654541
YKR045C,YDR532C,0,0.7873331,0.16982236504554749,0.8546168804168701,0.42606693506240845
YHR089C,YNL210W,0,0.78660953,0.16978922486305237,0.8546168804168701,0.4261671006679535
YOR076C,YLR006C,0,0.78655756,0.16975609958171844,0.8546168804168701,0.42626726627349854
YKL010C,YDL127W,0,0.7864003,0.16972297430038452,0.8546168804168701,0.42636746168136597
YKR013W,YKL032C,0,0.78636515,0.16968987882137299,0.8546168804168701,0.426467627286911
YDL189W,YBR136W,0,0.78611463,0.16965678334236145,0.8546168804168701,0.42656782269477844
YJL123C,YBL018C,0,0.78590775,0.1696237027645111,0.8546168804168701,0.4266679883003235
YKL004W,YNR023W,0,0.78585947,0.16959063708782196,0.8546168804168701,0.4267681837081909
YOL065C,YGL240W,0,0.7857968,0.169557586312294,0.8546168804168701,0.42686834931373596
YLR100W,YBR298C,0,0.78567576,0.16952455043792725,0.8546168804168701,0.4269685447216034
YFR024C-A,YGL171W,0,0.7854915,0.16949152946472168,0.8546168804168701,0.42706871032714844
YNL056W,YDR465C,0,0.7852217,0.1694585084915161,0.8546168804168701,0.42716890573501587
YCR089W,YKL046C,0,0.7852166,0.16942551732063293,0.8546168804168701,0.4272690713405609
YGL002W,YOR359W,0,0.7850639,0.16939252614974976,0.8546168804168701,0.42736926674842834
YGL021W,YHR001W-A,0,0.7850542,0.16935954988002777,0.8546168804168701,0.4274694323539734
YJL116C,YOL091W,0,0.7849804,0.16932658851146698,0.8546168804168701,0.4275696277618408
YGR249W,YDL043C,0,0.78482825,0.16929364204406738,0.8546168804168701,0.42766979336738586
YBR030W,YOR329C,0,0.78474486,0.16926069557666779,0.8546168804168701,0.4277699887752533
YDL110C,YML061C,0,0.78445035,0.16922777891159058,0.8546168804168701,0.42787015438079834
YLR120C,YJL138C,0,0.7843908,0.16919486224651337,0.8546168804168701,0.42797034978866577
YBR058C,YPR143W,0,0.78407365,0.16916196048259735,0.8546168804168701,0.4280705153942108
YFR015C,YJL056C,0,0.7836026,0.16912908852100372,0.8546168804168701,0.42817071080207825
YMR024W,YFL011W,0,0.7835802,0.1690962165594101,0.8546168804168701,0.4282708764076233
YDR121W,YER183C,0,0.78304654,0.16906334459781647,0.8546168804168701,0.4283710718154907
YLR058C,YPR168W,0,0.78263474,0.16903050243854523,0.8546168804168701,0.42847123742103577
YMR078C,YLR263W,1,0.7817479,0.16919191181659698,0.8555992245674133,0.42847123742103577
YPL117C,YHL036W,0,0.7815579,0.16915905475616455,0.8555992245674133,0.4285714328289032
YNL318C,YDR466W,0,0.78146917,0.1691262125968933,0.8555992245674133,0.42867159843444824
YNL243W,YOL128C,0,0.7813971,0.16909338533878326,0.8555992245674133,0.4287717938423157
YBL042C,YOL130W,0,0.7813759,0.16906055808067322,0.8555992245674133,0.4288719594478607
YCR077C,YLR210W,0,0.781198,0.16902774572372437,0.8555992245674133,0.42897215485572815
YDL210W,YHR181W,0,0.78102595,0.1689949482679367,0.8555992245674133,0.4290723204612732
YDR239C,YHL035C,0,0.7807326,0.16896216571331024,0.8555992245674133,0.4291725158691406
YLR449W,YMR026C,0,0.7805854,0.16892939805984497,0.8555992245674133,0.42927268147468567
YMR041C,YBL060W,0,0.7804994,0.1688966453075409,0.8555992245674133,0.4293728768825531
YDR129C,YAL034W-A,0,0.78030753,0.168863907456398,0.8555992245674133,0.42947304248809814
YNL156C,YPL198W,0,0.7802026,0.16883116960525513,0.8555992245674133,0.4295732378959656
YNL064C,YOL076W,0,0.7798529,0.16879844665527344,0.8555992245674133,0.4296734035015106
YPL022W,YML005W,0,0.77967876,0.16876573860645294,0.8555992245674133,0.42977359890937805
YNL090W,YER027C,0,0.7794858,0.16873304545879364,0.8555992245674133,0.4298737645149231
YBR297W,YLR055C,0,0.779334,0.16870036721229553,0.8555992245674133,0.4299739599227905
YKR097W,YPL063W,0,0.77892256,0.16866770386695862,0.8555992245674133,0.43007412552833557
YPL248C,YOR356W,0,0.7786763,0.1686350405216217,0.8555992245674133,0.430174320936203
YKL017C,YOL003C,0,0.7783673,0.16860240697860718,0.8555992245674133,0.43027448654174805
YDR479C,YGL009C,0,0.778334,0.16856977343559265,0.8555992245674133,0.4303746819496155
YHR142W,YER124C,0,0.77822167,0.16853715479373932,0.8555992245674133,0.4304748475551605
YMR288W,YNL214W,0,0.77809787,0.16850455105304718,0.8555992245674133,0.43057504296302795
YGR002C,YNL288W,0,0.77790457,0.16847194731235504,0.8555992245674133,0.430675208568573
YHR084W,YLR001C,0,0.77776986,0.1684393733739853,0.8555992245674133,0.43077540397644043
YDR156W,YKL138C,0,0.77725816,0.16840679943561554,0.8555992245674133,0.4308755695819855
YLR007W,YJR001W,0,0.7769734,0.16837425529956818,0.8555992245674133,0.4309757649898529
YGL076C,YIR033W,0,0.7767631,0.1683417111635208,0.8555992245674133,0.43107593059539795
YGR028W,YOR005C,0,0.7764354,0.16830918192863464,0.8555992245674133,0.4311761260032654
YHR161C,YDR288W,0,0.77622056,0.16827666759490967,0.8555992245674133,0.4312762916088104
YDR076W,YOR005C,1,0.7761147,0.16843731701374054,0.8565815091133118,0.4312762916088104
YGL070C,YMR192W,0,0.7760737,0.16840478777885437,0.8565815091133118,0.43137648701667786
YLR121C,YJR143C,0,0.7757817,0.1683722734451294,0.8565815091133118,0.4314766526222229
YOL032W,YER131W,0,0.7757025,0.1683397740125656,0.8565815091133118,0.43157684803009033
YDR424C,YJL186W,0,0.7755552,0.16830727458000183,0.8565815091133118,0.4316770136356354
YLR413W,YPR183W,0,0.775398,0.16827479004859924,0.8565815091133118,0.4317772090435028
YIL148W,YGR067C,0,0.77520704,0.16824233531951904,0.8565815091133118,0.43187737464904785
YMR059W,YNL038W,0,0.77453154,0.16820988059043884,0.8565815091133118,0.4319775700569153
YIL154C,YER096W,0,0.77402514,0.16817744076251984,0.8565815091133118,0.4320777356624603
YOR125C,YOR063W,0,0.7736196,0.16814500093460083,0.8565815091133118,0.43217793107032776
YPL241C,YFR038W,0,0.7731589,0.1681125909090042,0.8565815091133118,0.4322780966758728
YGL100W,YDL044C,0,0.7730376,0.1680801808834076,0.8565815091133118,0.43237829208374023
YIL019W,YOR158W,0,0.77227354,0.16804780066013336,0.8565815091133118,0.4324784576892853
YPL015C,YPR018W,1,0.772019,0.16820809245109558,0.857563853263855,0.4324784576892853
YDR302W,YKL176C,0,0.77195436,0.16817568242549896,0.857563853263855,0.4325786530971527
YOL029C,YGL171W,0,0.7717496,0.16814330220222473,0.857563853263855,0.43267881870269775
YLR418C,YPL194W,1,0.7712,0.1683034896850586,0.8585461974143982,0.43267881870269775
YCR023C,YKL099C,0,0.77107966,0.16827107965946198,0.8585461974143982,0.4327790141105652
YOR316C,YLR432W,0,0.77093244,0.16823868453502655,0.8585461974143982,0.43287917971611023
YGL018C,YOL068C,0,0.77084386,0.1682063192129135,0.8585461974143982,0.43297937512397766
YML047C,YJL058C,0,0.77055097,0.16817395389080048,0.8585461974143982,0.4330795407295227
YNL294C,YBL031W,0,0.77049875,0.16814158856868744,0.8585461974143982,0.43317973613739014
YHR024C,YIL107C,0,0.7701455,0.1681092530488968,0.8585461974143982,0.4332799017429352
YOR245C,YKL220C,0,0.76989675,0.16807691752910614,0.8585461974143982,0.4333800971508026
YLR083C,YBR022W,0,0.769577,0.16804461181163788,0.8585461974143982,0.43348026275634766
YDR201W,YIR015W,0,0.7694871,0.16801230609416962,0.8585461974143982,0.4335804581642151
YLR078C,YPR168W,0,0.76947594,0.16798001527786255,0.8585461974143982,0.43368062376976013
YLR263W,YKL087C,0,0.7693106,0.16794773936271667,0.8585461974143982,0.43378081917762756
YBR069C,YNR038W,0,0.76914215,0.1679154634475708,0.8585461974143982,0.4338809847831726
YJR097W,YOR293W,0,0.76886714,0.16788321733474731,0.8585461974143982,0.43398118019104004
YMR260C,YPR055W,0,0.7687836,0.16785097122192383,0.8585461974143982,0.4340813457965851
YPL178W,YLR371W,0,0.76853085,0.16781874001026154,0.8585461974143982,0.4341815412044525
YGL053W,YJL177W,0,0.76848024,0.16778652369976044,0.8585461974143982,0.43428170680999756
YDR225W,YIR033W,0,0.7684622,0.16775432229042053,0.8585461974143982,0.434381902217865
YGL178W,YOR181W,0,0.7684547,0.16772212088108063,0.8585461974143982,0.43448206782341003
YLR188W,YKL213C,0,0.76834023,0.1676899492740631,0.8585461974143982,0.4345822334289551
YDR076W,YBR279W,1,0.76827127,0.167849600315094,0.8595284819602966,0.4345822334289551
YFR051C,YDL130W,0,0.7682555,0.16781741380691528,0.8595284819602966,0.4346824288368225
YOR067C,YAL020C,0,0.768007,0.16778524219989777,0.8595284819602966,0.43478259444236755
YER131W,YPL036W,0,0.767681,0.16775307059288025,0.8595284819602966,0.434882789850235
YOR019W,YPL115C,0,0.76757777,0.16772091388702393,0.8595284819602966,0.43498295545578003
YDL226C,YJR134C,0,0.7674923,0.1676887720823288,0.8595284819602966,0.43508315086364746
YDL064W,YCR008W,0,0.76749057,0.16765664517879486,0.8595284819602966,0.4351833164691925
YLR421C,YBL088C,0,0.7674117,0.16762451827526093,0.8595284819602966,0.43528351187705994
YJL196C,YFR028C,0,0.76681453,0.16759242117404938,0.8595284819602966,0.435383677482605
YNL152W,YDR242W,0,0.76668143,0.16756032407283783,0.8595284819602966,0.4354838728904724
YLR014C,YNL311C,0,0.76660496,0.16752824187278748,0.8595284819602966,0.43558403849601746
YNL054W,YER160C,0,0.766598,0.16749617457389832,0.8595284819602966,0.4356842339038849
YLR204W,YOR017W,0,0.7665036,0.16746412217617035,0.8595284819602966,0.43578439950942993
YNL041C,YJR001W,0,0.7662483,0.16743206977844238,0.8595284819602966,0.43588459491729736
YKR010C,YLR154C,0,0.7662,0.1674000322818756,0.8595284819602966,0.4359847605228424
YJR109C,YLR308W,0,0.76619065,0.16736802458763123,0.8595284819602966,0.43608495593070984
YER086W,YDR318W,0,0.76612914,0.16733601689338684,0.8595284819602966,0.4361851215362549
YER140W,YNL292W,0,0.76571745,0.16730400919914246,0.8595284819602966,0.4362853169441223
YLR238W,YBR205W,0,0.76557255,0.16727203130722046,0.8595284819602966,0.43638548254966736
YHR178W,YAR019C,0,0.7654549,0.16724006831645966,0.8595284819602966,0.4364856779575348
YER119C,YLR355C,0,0.7654435,0.16720810532569885,0.8595284819602966,0.43658584356307983
YML082W,YCR031C,0,0.76542187,0.16717615723609924,0.8595284819602966,0.43668603897094727
YLR006C,YJL076W,0,0.7653128,0.16714422404766083,0.8595284819602966,0.4367862045764923
YPL258C,YBR236C,0,0.76506907,0.1671123057603836,0.8595284819602966,0.43688639998435974
YDR004W,YML023C,1,0.76485914,0.16727134585380554,0.8605108261108398,0.43688639998435974
YDR020C,YOL055C,0,0.764696,0.16723939776420593,0.8605108261108398,0.4369865655899048
YJL210W,YJR042W,0,0.7643893,0.1672074794769287,0.8605108261108398,0.4370867609977722
YAR033W,YFL034C-B,0,0.7643275,0.16717557609081268,0.8605108261108398,0.43718692660331726
YHR034C,YCL011C,0,0.76414025,0.16714367270469666,0.8605108261108398,0.4372871220111847
YNL233W,YKL213C,0,0.7640145,0.16711178421974182,0.8605108261108398,0.43738728761672974
YPL160W,YJL012C,0,0.763431,0.16707991063594818,0.8605108261108398,0.43748748302459717
YGR103W,YIL112W,0,0.7633569,0.16704805195331573,0.8605108261108398,0.4375876486301422
YGR224W,YML012W,0,0.7633394,0.16701620817184448,0.8605108261108398,0.43768784403800964
YOR046C,YGR060W,0,0.7632178,0.16698436439037323,0.8605108261108398,0.4377880096435547
YKL054C,YNL173C,0,0.7630791,0.16695255041122437,0.8605108261108398,0.4378882050514221
YIR035C,YOL021C,0,0.76289105,0.1669207364320755,0.8605108261108398,0.43798837065696716
YGL043W,YGR082W,0,0.7628669,0.16688893735408783,0.8605108261108398,0.4380885660648346
YDR110W,YOR141C,1,0.76282305,0.1670476198196411,0.8614931106567383,0.4380885660648346
YKL181W,YGL013C,0,0.7627259,0.16701580584049225,0.8614931106567383,0.43818873167037964
YJR043C,YHR167W,1,0.7627245,0.16717441380023956,0.8624754548072815,0.43818873167037964
YOR371C,YOR149C,0,0.7623737,0.1671425849199295,0.8624754548072815,0.43828892707824707
YGR101W,YIL091C,0,0.76219094,0.16711077094078064,0.8624754548072815,0.4383890926837921
YNL254C,YER031C,0,0.7619871,0.16707897186279297,0.8624754548072815,0.43848928809165955
YER148W,YOR264W,0,0.76152134,0.1670471876859665,0.8624754548072815,0.4385894536972046
YMR060C,YLR406C,0,0.7611346,0.16701540350914001,0.8624754548072815,0.438689649105072
YNL128W,YJR090C,0,0.7610781,0.16698364913463593,0.8624754548072815,0.43878981471061707
YHR143W,YGR227W,0,0.76010144,0.16695189476013184,0.8624754548072815,0.4388900101184845
YGR227W,YLR185W,0,0.7593267,0.16692015528678894,0.8624754548072815,0.43899017572402954
YDR069C,YKR093W,0,0.7592912,0.16688843071460724,0.8624754548072815,0.439090371131897
YML046W,YIL050W,0,0.7592521,0.16685670614242554,0.8624754548072815,0.439190536737442
YCR008W,YIL014W,0,0.7592249,0.16682501137256622,0.8624754548072815,0.43929073214530945
YAL014C,YCL029C,0,0.7586808,0.1667933166027069,0.8624754548072815,0.4393908977508545
YBR005W,YAL012W,0,0.7580651,0.1667616367340088,0.8624754548072815,0.4394910931587219
YLL032C,YDR368W,0,0.75772893,0.16672997176647186,0.8624754548072815,0.43959125876426697
YIL096C,YDR276C,0,0.7576985,0.16669830679893494,0.8624754548072815,0.4396914541721344
YLR369W,YOR329C,0,0.7572739,0.1666666716337204,0.8624754548072815,0.43979161977767944
YHR210C,YDR477W,0,0.75694555,0.16663503646850586,0.8624754548072815,0.4398918151855469
YKL197C,YLR284C,0,0.7554809,0.16660341620445251,0.8624754548072815,0.4399919807910919
YDR076W,YML061C,1,0.7553668,0.16676153242588043,0.8634577393531799,0.4399919807910919
YDR424C,YDR016C,0,0.75482684,0.1667298972606659,0.8634577393531799,0.44009217619895935
YHR032W,YHR133C,0,0.7547698,0.16669827699661255,0.8634577393531799,0.4401923418045044
YGL025C,YPL058C,0,0.7546463,0.1666666716337204,0.8634577393531799,0.4402925372123718
YBL069W,YPL242C,0,0.75453967,0.16663506627082825,0.8634577393531799,0.44039270281791687
YPL016W,YML019W,0,0.75451577,0.16660349071025848,0.8634577393531799,0.4404928982257843
YKL059C,YOR018W,0,0.7543446,0.16657191514968872,0.8634577393531799,0.44059306383132935
YER078C,YDR176W,0,0.7532156,0.16654035449028015,0.8634577393531799,0.4406932592391968
YJR132W,YKR089C,0,0.75305504,0.16650880873203278,0.8634577393531799,0.4407934248447418
YAL007C,YHR001W-A,0,0.7528838,0.1664772778749466,0.8634577393531799,0.44089362025260925
YLR075W,YIR034C,0,0.752758,0.1664457470178604,0.8634577393531799,0.4409937858581543
YDR315C,YER096W,0,0.75241643,0.16641423106193542,0.8634577393531799,0.44109398126602173
YMR289W,YDL014W,0,0.7519676,0.16638273000717163,0.8634577393531799,0.4411941468715668
YMR268C,YOR157C,0,0.75179964,0.16635124385356903,0.8634577393531799,0.4412943422794342
YPL056C,YGL238W,0,0.75164807,0.16631977260112762,0.8634577393531799,0.44139450788497925
YBR091C,YJL183W,0,0.7515902,0.16628830134868622,0.8634577393531799,0.4414947032928467
YGR205W,YCR105W,0,0.7515483,0.1662568598985672,0.8634577393531799,0.4415948688983917
YOL091W,YKL021C,0,0.7515152,0.16622541844844818,0.8634577393531799,0.44169506430625916
YPL173W,YMR058W,0,0.7513625,0.16619399189949036,0.8634577393531799,0.4417952299118042
YIL063C,YNL002C,0,0.7512703,0.16616256535053253,0.8634577393531799,0.44189542531967163
YBL055C,YHR154W,0,0.7510989,0.1661311686038971,0.8634577393531799,0.4419955909252167
YPL265W,YCL064C,0,0.7509464,0.16609977185726166,0.8634577393531799,0.4420957863330841
YGL120C,YMR293C,0,0.75077105,0.16606839001178741,0.8634577393531799,0.44219595193862915
YIR031C,YML016C,0,0.75063264,0.16603702306747437,0.8634577393531799,0.4422961473464966
YJR043C,YIL015W,0,0.75058913,0.1660056710243225,0.8634577393531799,0.4423963129520416
YLR004C,YDR036C,0,0.7501744,0.16597431898117065,0.8634577393531799,0.44249650835990906
YJL168C,YNL229C,0,0.74999857,0.16594298183918,0.8634577393531799,0.4425966739654541
YCR033W,YDL043C,0,0.749826,0.16591165959835052,0.8634577393531799,0.44269683957099915
YMR263W,YGR192C,0,0.7498123,0.16588035225868225,0.8634577393531799,0.4427970349788666
YPL265W,YPL079W,0,0.7490536,0.16584905982017517,0.8634577393531799,0.4428972005844116
YBR264C,YNL024C,0,0.7490108,0.1658177673816681,0.8634577393531799,0.44299739599227905
YPL164C,YDR043C,0,0.7490028,0.1657864898443222,0.8634577393531799,0.4430975615978241
YJR017C,YBL082C,0,0.7490014,0.1657552272081375,0.8634577393531799,0.44319775700569153
YDR300C,YDL159W,0,0.7488884,0.165723979473114,0.8634577393531799,0.4432979226112366
YPL019C,YOR306C,0,0.7483889,0.1656927466392517,0.8634577393531799,0.443398118019104
YNL035C,YNL065W,0,0.74826634,0.1656615138053894,0.8634577393531799,0.44349828362464905
YMR004W,YNL161W,0,0.74796313,0.1656302958726883,0.8634577393531799,0.4435984790325165
YER139C,YER033C,0,0.7476565,0.16559909284114838,0.8634577393531799,0.4436986446380615
YBL106C,YDR538W,0,0.7475904,0.16556790471076965,0.8634577393531799,0.44379884004592896
YLR014C,YNL288W,0,0.7474978,0.16553671658039093,0.8634577393531799,0.443899005651474
YDR252W,YGL070C,0,0.7474707,0.1655055582523346,0.8634577393531799,0.44399920105934143
YJL036W,YER086W,0,0.74656636,0.16547439992427826,0.8634577393531799,0.4440993666648865
YGL226W,YHR092C,0,0.74616504,0.16544325649738312,0.8634577393531799,0.4441995620727539
YHR011W,YJR098C,0,0.74600196,0.16541211307048798,0.8634577393531799,0.44429972767829895
YDR065W,YNL197C,0,0.74597293,0.16538099944591522,0.8634577393531799,0.4443999230861664
YNL083W,YOR033C,0,0.74565506,0.16534988582134247,0.8634577393531799,0.4445000886917114
YDR069C,YOR290C,0,0.7455647,0.1653187870979309,0.8634577393531799,0.44460028409957886
YDL017W,YKL196C,0,0.74547154,0.16528770327568054,0.8634577393531799,0.4447004497051239
YML129C,YPL248C,0,0.74532455,0.16525663435459137,0.8634577393531799,0.44480064511299133
YJR084W,YPR070W,0,0.74492824,0.1652255654335022,0.8634577393531799,0.4449008107185364
YOR091W,YLR135W,0,0.7445865,0.16519451141357422,0.8634577393531799,0.4450010061264038
YPL008W,YOL105C,0,0.7441372,0.16516347229480743,0.8634577393531799,0.44510117173194885
YML113W,YKL185W,0,0.7440647,0.16513244807720184,0.8634577393531799,0.4452013671398163
YGL025C,YOR189W,0,0.74375665,0.16510142385959625,0.8634577393531799,0.44530153274536133
YER139C,YJL167W,0,0.7434522,0.16507042944431305,0.8634577393531799,0.44540172815322876
YNL312W,YPL164C,1,0.74336326,0.16522718966007233,0.8644400835037231,0.44540172815322876
YML129C,YNL151C,0,0.74325,0.16519616544246674,0.8644400835037231,0.4455018937587738
YLR431C,YEL011W,0,0.7432215,0.16516517102718353,0.8644400835037231,0.44560208916664124
YDL180W,YDR292C,0,0.7425854,0.16513417661190033,0.8644400835037231,0.4457022547721863
YMR022W,YLR369W,0,0.7425238,0.16510318219661713,0.8644400835037231,0.4458024501800537
YML059C,YPL211W,0,0.74235964,0.1650722175836563,0.8644400835037231,0.44590261578559875
YNL149C,YLR336C,0,0.7416766,0.1650412529706955,0.8644400835037231,0.4460028111934662
YNL148C,YOR250C,0,0.74133205,0.16501031816005707,0.8644400835037231,0.44610297679901123
YKL052C,YHR107C,0,0.7411647,0.16497938334941864,0.8644400835037231,0.44620317220687866
YBR253W,YMR053C,0,0.74105537,0.1649484485387802,0.8644400835037231,0.4463033378124237
YBR160W,YDR480W,0,0.7403802,0.16491754353046417,0.8644400835037231,0.44640353322029114
YOR389W,YLR357W,0,0.74035305,0.16488663852214813,0.8644400835037231,0.4465036988258362
YPR057W,YBL003C,0,0.74021065,0.1648557484149933,0.8644400835037231,0.4466038942337036
YBR098W,YBR244W,0,0.7401282,0.16482487320899963,0.8644400835037231,0.44670405983924866
YDR012W,YKR098C,0,0.7395717,0.16479401290416718,0.8644400835037231,0.4468042552471161
YMR278W,YML094W,0,0.7394287,0.16476315259933472,0.8644400835037231,0.44690442085266113
YKL088W,YKL080W,0,0.7391907,0.16473230719566345,0.8644400835037231,0.44700461626052856
YJL129C,YER174C,0,0.738496,0.16470147669315338,0.8644400835037231,0.4471047818660736
YER157W,YDL110C,0,0.7378506,0.1646706610918045,0.8644400835037231,0.44720497727394104
YMR216C,YLR398C,0,0.7371267,0.16463984549045563,0.8644400835037231,0.4473051428794861
YJL197W,YDR276C,0,0.7369083,0.16460905969142914,0.8644400835037231,0.4474053382873535
YDR237W,YGR212W,0,0.73643196,0.16457827389240265,0.8644400835037231,0.44750550389289856
YMR080C,YDR011W,0,0.73634446,0.16454748809337616,0.8644400835037231,0.447605699300766
YGL085W,YLR085C,0,0.7362261,0.16451673209667206,0.8644400835037231,0.44770586490631104
YGR157W,YLR399C,0,0.7362143,0.16448597609996796,0.8644400835037231,0.44780606031417847
YDL109C,YMR142C,0,0.73572314,0.16445523500442505,0.8644400835037231,0.4479062259197235
YJL036W,YOR229W,0,0.735488,0.16442450881004333,0.8644400835037231,0.44800642132759094
YHR200W,YOR252W,0,0.7354239,0.16439379751682281,0.8644400835037231,0.448106586933136
YNL212W,YDR316W,0,0.7352891,0.1643630862236023,0.8644400835037231,0.4482067823410034
YER048C,YIL090W,0,0.734679,0.16433240473270416,0.8644400835037231,0.44830694794654846
YFL008W,YNL311C,0,0.7345312,0.16430172324180603,0.8644400835037231,0.4484071433544159
YFR010W,YPL038W,0,0.7344024,0.1642710417509079,0.8644400835037231,0.44850730895996094
YHR108W,YKL140W,0,0.7343753,0.16424039006233215,0.8644400835037231,0.44860750436782837
YGR125W,YML031W,0,0.73431087,0.1642097383737564,0.8644400835037231,0.4487076699733734
YGL016W,YJL025W,0,0.73430514,0.16417910158634186,0.8644400835037231,0.44880786538124084
YHR114W,YDR135C,0,0.7342937,0.1641484797000885,0.8644400835037231,0.4489080309867859
YGL126W,YNR001C,0,0.7341582,0.16411787271499634,0.8644400835037231,0.4490082263946533
YOR009W,YJL092W,0,0.73393005,0.16408726572990417,0.8644400835037231,0.44910839200019836
YHR157W,YLR299W,0,0.7333449,0.1640566736459732,0.8644400835037231,0.4492085874080658
YJL062W,YHR076W,0,0.73305047,0.16402609646320343,0.8644400835037231,0.44930875301361084
YDL109C,YOR221C,0,0.73301506,0.16399553418159485,0.8644400835037231,0.44940894842147827
YLR003C,YDL184C,0,0.7329378,0.16396497189998627,0.8644400835037231,0.4495091140270233
YPL012W,YPL202C,0,0.7329294,0.16393442451953888,0.8644400835037231,0.44960930943489075
YPL270W,YDL146W,0,0.73277074,0.16390389204025269,0.8644400835037231,0.4497094750404358
YNL176C,YPL242C,0,0.73237586,0.16387337446212769,0.8644400835037231,0.4498096704483032
YML042W,YOR295W,0,0.7323396,0.16384285688400269,0.8644400835037231,0.44990983605384827
YML093W,YDR092W,0,0.73231846,0.16381235420703888,0.8644400835037231,0.4500100314617157
YER030W,YKL099C,0,0.73229647,0.16378186643123627,0.8644400835037231,0.45011019706726074
YBR186W,YDR184C,0,0.7322365,0.16375139355659485,0.8644400835037231,0.4502103924751282
YAL058W,YPL063W,0,0.7321498,0.16372093558311462,0.8644400835037231,0.4503105580806732
YDR440W,YIL011W,0,0.7319869,0.1636904776096344,0.8644400835037231,0.45041075348854065
YDL101C,YBR160W,1,0.7318839,0.16384601593017578,0.8654223680496216,0.45041075348854065
YDR057W,YCL063W,0,0.73185647,0.16381554305553436,0.8654223680496216,0.4505109190940857
YJR144W,YCL075W,0,0.73171633,0.16378508508205414,0.8654223680496216,0.4506111145019531
YLR424W,YGL053W,0,0.7307172,0.1637546420097351,0.8654223680496216,0.45071128010749817
YGL119W,YBR023C,0,0.73069817,0.16372421383857727,0.8654223680496216,0.4508114755153656
YMR264W,YDL069C,0,0.7306603,0.16369380056858063,0.8654223680496216,0.45091164112091064
YEL064C,YER028C,0,0.7301211,0.16366338729858398,0.8654223680496216,0.4510118067264557
YDR060W,YML062C,0,0.7301048,0.16363298892974854,0.8654223680496216,0.4511120021343231
YDL109C,YDR148C,0,0.72999907,0.16360260546207428,0.8654223680496216,0.45121216773986816
YDR239C,YGR174C,0,0.7295712,0.16357222199440002,0.8654223680496216,0.4513123631477356
YJL046W,YDR045C,0,0.7292085,0.16354185342788696,0.8654223680496216,0.45141252875328064
YDR362C,YER035W,0,0.72870725,0.1635114997625351,0.8654223680496216,0.45151272416114807
YGL167C,YJR002W,0,0.72868997,0.16348116099834442,0.8654223680496216,0.4516128897666931
YML128C,YER173W,1,0.7285607,0.16363635659217834,0.8664047122001648,0.4516128897666931
YHR080C,YGL032C,0,0.7284519,0.16360600292682648,0.8664047122001648,0.45171308517456055
YPL091W,YNL009W,0,0.7282538,0.1635756641626358,0.8664047122001648,0.4518132507801056
YMR205C,YER123W,0,0.7281775,0.16354534029960632,0.8664047122001648,0.451913446187973
YPL237W,YKL055C,0,0.7279546,0.16351501643657684,0.8664047122001648,0.45201361179351807
YBR272C,YGL229C,0,0.72783417,0.16348470747470856,0.8664047122001648,0.4521138072013855
YIL168W,YPL061W,0,0.7277473,0.16345441341400146,0.8664047122001648,0.45221397280693054
YLL066C,YNL118C,0,0.7276161,0.16342411935329437,0.8664047122001648,0.452314168214798
YDR253C,YPL124W,0,0.72754127,0.16339385509490967,0.8664047122001648,0.452414333820343
YGL038C,YNR026C,0,0.7270918,0.16336359083652496,0.8664047122001648,0.45251452922821045
YNR026C,YFR028C,0,0.72705406,0.16333332657814026,0.8664047122001648,0.4526146948337555
YER007C-A,YGL227W,0,0.7269423,0.16330309212207794,0.8664047122001648,0.4527148902416229
YPL172C,YER065C,0,0.7267404,0.16327285766601562,0.8664047122001648,0.45281505584716797
YKR030W,YOR101W,0,0.72652656,0.1632426381111145,0.8664047122001648,0.4529152512550354
YDL101C,YOL072W,1,0.72642314,0.16339747607707977,0.867387056350708,0.4529152512550354
YDL210W,YDL110C,0,0.72639555,0.16336725652217865,0.867387056350708,0.45301541686058044
YLR288C,YGL049C,0,0.7262886,0.16333703696727753,0.867387056350708,0.4531156122684479
YBR028C,YER153C,0,0.72613096,0.1633068174123764,0.867387056350708,0.4532157778739929
YLR093C,YMR101C,0,0.7259713,0.16327662765979767,0.867387056350708,0.45331597328186035
YPL010W,YJL099W,0,0.72556144,0.16324643790721893,0.867387056350708,0.4534161388874054
YBR133C,YOR336W,0,0.72499806,0.1632162630558014,0.867387056350708,0.4535163342952728
YPR186C,YBR265W,0,0.72476393,0.16318610310554504,0.867387056350708,0.45361649990081787
YLR212C,YPL176C,0,0.7244543,0.1631559431552887,0.867387056350708,0.4537166953086853
YJR084W,YNL088W,0,0.72424495,0.16312581300735474,0.867387056350708,0.45381686091423035
YIL130W,YFL002C,0,0.7235328,0.16309568285942078,0.867387056350708,0.4539170563220978
YKR050W,YGL251C,0,0.72334427,0.16306555271148682,0.867387056350708,0.4540172219276428
YPR057W,YAL021C,0,0.72332066,0.16303545236587524,0.867387056350708,0.45411741733551025
YPL262W,YBL082C,0,0.72324824,0.16300535202026367,0.867387056350708,0.4542175829410553
YML092C,YNL214W,0,0.72320986,0.1629752665758133,0.867387056350708,0.45431777834892273
YDR489W,YML009C,0,0.7231815,0.1629451960325241,0.867387056350708,0.4544179439544678
YOR080W,YGR234W,0,0.72316086,0.16291512548923492,0.867387056350708,0.4545181393623352
YKL222C,YLR192C,0,0.7230369,0.16288506984710693,0.867387056350708,0.45461830496788025
YHR122W,YKL185W,0,0.72172153,0.16285502910614014,0.867387056350708,0.4547185003757477
YMR302C,YKL086W,0,0.7214108,0.16282500326633453,0.867387056350708,0.4548186659812927
YPR019W,YBL009W,0,0.72137415,0.16279499232769012,0.867387056350708,0.45491886138916016
YCR048W,YOL071W,0,0.7212498,0.16276498138904572,0.867387056350708,0.4550190269947052
YJR160C,YML086C,0,0.7211816,0.1627349853515625,0.867387056350708,0.45511922240257263
YLR222C,YHR076W,0,0.7211553,0.16270498931407928,0.867387056350708,0.4552193880081177
YJR135W-A,YDR480W,0,0.7210498,0.16267502307891846,0.867387056350708,0.4553195834159851
YJR135W-A,YNR046W,0,0.72098434,0.16264505684375763,0.867387056350708,0.45541974902153015
YML086C,YML043C,0,0.7207039,0.162615105509758,0.867387056350708,0.4555199444293976
YNL166C,YOL135C,0,0.72038555,0.16258515417575836,0.867387056350708,0.4556201100349426
YKL091C,YDR113C,0,0.71996266,0.16255523264408112,0.867387056350708,0.45572030544281006
YJL197W,YML057W,0,0.7198576,0.16252531111240387,0.867387056350708,0.4558204710483551
YNL212W,YBR302C,0,0.7197532,0.16249540448188782,0.867387056350708,0.45592066645622253
YGL192W,YKL014C,0,0.71918714,0.16246549785137177,0.867387056350708,0.4560208320617676
YIL167W,YBR293W,0,0.7191279,0.1624356210231781,0.867387056350708,0.456121027469635
YPR128C,YER111C,0,0.71898884,0.16240574419498444,0.867387056350708,0.45622119307518005
YFR040W,YGR074W,0,0.71894604,0.16237586736679077,0.867387056350708,0.4563213884830475
YLR022C,YML072C,0,0.71884185,0.1623460203409195,0.867387056350708,0.45642155408859253
YER161C,YDL060W,0,0.71883625,0.16231617331504822,0.867387056350708,0.45652174949645996
YNL312W,YBR160W,1,0.7185088,0.16247013211250305,0.8683693408966064,0.45652174949645996
YDL101C,YPL015C,1,0.7184202,0.1626240313053131,0.8693516850471497,0.45652174949645996
YLR174W,YHR017W,0,0.71806276,0.16259415447711945,0.8693516850471497,0.456621915102005
YOR380W,YKR050W,0,0.71767545,0.16256429255008698,0.8693516850471497,0.45672211050987244
YPL265W,YFR055W,0,0.7174431,0.1625344306230545,0.8693516850471497,0.4568222761154175
YDL100C,YGL206C,0,0.7170987,0.16250458359718323,0.8693516850471497,0.4569224715232849
YNL310C,YDR126W,0,0.71683997,0.16247475147247314,0.8693516850471497,0.45702263712882996
YNL020C,YIL110W,0,0.7166143,0.16244493424892426,0.8693516850471497,0.4571228325366974
YJR075W,YKL045W,0,0.7162293,0.16241511702537537,0.8693516850471497,0.45722299814224243
YDL042C,YER111C,0,0.7161549,0.16238531470298767,0.8693516850471497,0.45732319355010986
YER042W,YGL028C,0,0.71575636,0.16235552728176117,0.8693516850471497,0.4574233591556549
YJL056C,YKL167C,0,0.7157508,0.16232575476169586,0.8693516850471497,0.45752355456352234
YLR263W,YGL023C,0,0.7155223,0.16229598224163055,0.8693516850471497,0.4576237201690674
YPL204W,YGL139W,0,0.7154854,0.16226622462272644,0.8693516850471497,0.4577239155769348
YHR112C,YHR215W,0,0.7154365,0.16223648190498352,0.8693516850471497,0.45782408118247986
YDR182W,YBL088C,0,0.71504414,0.1622067391872406,0.8693516850471497,0.4579242765903473
YLR084C,YHL040C,0,0.7150361,0.16217702627182007,0.8693516850471497,0.45802444219589233
YDL213C,YHR201C,0,0.7149842,0.16214731335639954,0.8693516850471497,0.45812463760375977
YBR251W,YPR120C,0,0.71445024,0.162117600440979,0.8693516850471497,0.4582248032093048
YDL105W,YHR001W,0,0.7144238,0.16208791732788086,0.8693516850471497,0.45832499861717224
YDL180W,YHL026C,0,0.7141906,0.16205823421478271,0.8693516850471497,0.4584251642227173
YPR022C,YKR009C,0,0.7141228,0.16202856600284576,0.8693516850471497,0.4585253596305847
YNR016C,YLR127C,0,0.7141023,0.1619988977909088,0.8693516850471497,0.45862552523612976
YKL096W,YNL225C,0,0.7140931,0.16196925938129425,0.8693516850471497,0.4587257206439972
YCR089W,YJL010C,0,0.71406054,0.1619396209716797,0.8693516850471497,0.45882588624954224
YBR198C,YGL058W,0,0.71383804,0.16190998256206512,0.8693516850471497,0.45892608165740967
YDR350C,YDL184C,0,0.7134837,0.16188037395477295,0.8693516850471497,0.4590262472629547
YEL077C,YBR103W,0,0.7133354,0.16185076534748077,0.8693516850471497,0.45912641286849976
YMR100W,YLR313C,0,0.7130432,0.1618211716413498,0.8693516850471497,0.4592266082763672
YDR311W,YCR067C,0,0.71292,0.16179159283638,0.8693516850471497,0.45932677388191223
YOL051W,YDR060W,0,0.7126131,0.16176201403141022,0.8693516850471497,0.45942696928977966
YLR135W,YDL164C,1,0.7117551,0.16191519796848297,0.8703339695930481,0.45942696928977966
YPR188C,YML034W,0,0.7115871,0.16188561916351318,0.8703339695930481,0.4595271348953247
YDL239C,YBR088C,0,0.7115729,0.1618560403585434,0.8703339695930481,0.45962733030319214
YNL278W,YDL230W,0,0.71109754,0.161826491355896,0.8703339695930481,0.4597274959087372
YER021W,YGL184C,0,0.71107787,0.1617969274520874,0.8703339695930481,0.4598276913166046
YOR156C,YDR080W,0,0.71102357,0.1617673933506012,0.8703339695930481,0.45992785692214966
YMR152W,YDL017W,0,0.7109363,0.161737859249115,0.8703339695930481,0.4600280523300171
YGL018C,YIL093C,0,0.71055526,0.16170834004878998,0.8703339695930481,0.46012821793556213
YFR038W,YDR440W,1,0.71021837,0.16186131536960602,0.8713163137435913,0.46012821793556213
YFR034C,YGR103W,0,0.709972,0.1618317812681198,0.8713163137435913,0.46022841334342957
YOR081C,YEL055C,0,0.70988286,0.1618022620677948,0.8713163137435913,0.4603285789489746
YJL162C,YDR005C,0,0.7098165,0.16177275776863098,0.8713163137435913,0.46042877435684204
YKR088C,YPR184W,0,0.709746,0.16174325346946716,0.8713163137435913,0.4605289399623871
YML077W,YGL211W,0,0.7097183,0.16171376407146454,0.8713163137435913,0.4606291353702545
YDR420W,YNL058C,0,0.7096304,0.1616842895746231,0.8713163137435913,0.46072930097579956
YLR328W,YDR097C,0,0.7095214,0.16165481507778168,0.8713163137435913,0.460829496383667
YPL187W,YLR310C,0,0.7094248,0.16162537038326263,0.8713163137435913,0.46092966198921204
YHR215W,YOR181W,0,0.70927274,0.1615959256887436,0.8713163137435913,0.46102985739707947
YMR247C,YDL243C,0,0.7089184,0.16156648099422455,0.8713163137435913,0.4611300230026245
YER021W,YBL082C,0,0.7083473,0.1615370661020279,0.8713163137435913,0.46123021841049194
YDR004W,YNL222W,0,0.70758826,0.16150765120983124,0.8713163137435913,0.461330384016037
YDR011W,YDR365C,0,0.7071426,0.16147825121879578,0.8713163137435913,0.4614305794239044
YPL193W,YMR063W,0,0.7070415,0.16144885122776031,0.8713163137435913,0.46153074502944946
YLR095C,YGR142W,0,0.70702136,0.16141946613788605,0.8713163137435913,0.4616309404373169
YNL097C,YJR048W,0,0.7069584,0.16139009594917297,0.8713163137435913,0.46173110604286194
YLR155C,YKL018W,0,0.706862,0.1613607406616211,0.8713163137435913,0.46183130145072937
YBR049C,YCR027C,0,0.7068604,0.1613314002752304,0.8713163137435913,0.4619314670562744
YPR070W,YDR358W,0,0.70665157,0.16130205988883972,0.8713163137435913,0.46203166246414185
YBR273C,YKR096W,0,0.7065468,0.16127273440361023,0.8713163137435913,0.4621318280696869
YGL246C,YHR118C,0,0.7065077,0.16124340891838074,0.8713163137435913,0.4622320234775543
YJR093C,YML131W,0,0.7063551,0.16121409833431244,0.8713163137435913,0.46233218908309937
YKR046C,YJR134C,0,0.70635253,0.16118480265140533,0.8713163137435913,0.4624323844909668
YLR048W,YKR062W,0,0.7063512,0.16115552186965942,0.8713163137435913,0.46253255009651184
YBR105C,YDR325W,0,0.70633924,0.1611262559890747,0.8713163137435913,0.4626327455043793
YOR141C,YPL061W,0,0.70629865,0.16109699010849,0.8713163137435913,0.4627329111099243
YPR017C,YPL115C,0,0.70607454,0.16106773912906647,0.8713163137435913,0.46283310651779175
YBR077C,YLR010C,0,0.70581895,0.16103848814964294,0.8713163137435913,0.4629332721233368
YGL181W,YPR042C,0,0.70505357,0.16100925207138062,0.8713163137435913,0.4630334675312042
YBR112C,YNL254C,0,0.7049052,0.16098003089427948,0.8713163137435913,0.46313363313674927
YPL089C,YKR037C,0,0.70388794,0.16095082461833954,0.8713163137435913,0.4632338285446167
YMR001C,YOL090W,1,0.70378095,0.1611030548810959,0.8722985982894897,0.4632338285446167
YJL051W,YPL063W,0,0.7034652,0.16107381880283356,0.8722985982894897,0.46333399415016174
YBR181C,YOR101W,0,0.70338935,0.16104461252689362,0.8722985982894897,0.4634341895580292
YHR197W,YPL225W,0,0.70338696,0.16101540625095367,0.8722985982894897,0.4635343551635742
YGL048C,YLR002C,0,0.703095,0.16098621487617493,0.8722985982894897,0.46363455057144165
YJR086W,YLR406C,0,0.70279366,0.16095703840255737,0.8722985982894897,0.4637347161769867
YEL018W,YER012W,0,0.70268273,0.160927876830101,0.8722985982894897,0.4638349115848541
YCL047C,YDR022C,0,0.7020725,0.16089871525764465,0.8722985982894897,0.46393507719039917
YBR152W,YPL108W,0,0.7019972,0.1608695685863495,0.8722985982894897,0.4640352725982666
YLR367W,YKL188C,0,0.70198196,0.16084042191505432,0.8722985982894897,0.46413543820381165
YMR167W,YGL153W,0,0.70105577,0.16081130504608154,0.8722985982894897,0.4642356336116791
YEL059C-A,YPR094W,0,0.7006711,0.16078218817710876,0.8722985982894897,0.4643357992172241
YHR197W,YMR104C,0,0.7006229,0.160753071308136,0.8722985982894897,0.46443599462509155
YOR334W,YGR116W,0,0.7001394,0.1607239842414856,0.8722985982894897,0.4645361602306366
YML093W,YDR276C,0,0.6998196,0.1606948971748352,0.8722985982894897,0.46463635563850403
YOL008W,YMR072W,0,0.6997038,0.160665825009346,0.8722985982894897,0.4647365212440491
YNL071W,YHR042W,0,0.6994282,0.1606367528438568,0.8722985982894897,0.4648367166519165
YMR052W,YPL258C,0,0.69934165,0.16060771048069,0.8722985982894897,0.46493688225746155
YJR064W,YPL187W,0,0.6992596,0.1605786681175232,0.8722985982894897,0.465037077665329
YIR003W,YHR011W,0,0.6991882,0.16054962575435638,0.8722985982894897,0.465137243270874
YCR054C,YCL063W,0,0.6990281,0.16052061319351196,0.8722985982894897,0.46523743867874146
YJR093C,YPL160W,0,0.69887143,0.16049160063266754,0.8722985982894897,0.4653376042842865
YDR201W,YPR148C,0,0.6987787,0.16046258807182312,0.8722985982894897,0.46543779969215393
YKL028W,YDR485C,0,0.69866455,0.1604336053133011,0.8722985982894897,0.465537965297699
YAL001C,YGL141W,0,0.69860154,0.16040462255477905,0.8722985982894897,0.4656381607055664
YLR266C,YGL090W,0,0.6985991,0.1603756546974182,0.8722985982894897,0.46573832631111145
YGR054W,YPR068C,0,0.6983528,0.16034670174121857,0.8722985982894897,0.4658385217189789
YMR263W,YGL013C,0,0.6978613,0.16031774878501892,0.8722985982894897,0.4659386873245239
YIL011W,YIL097W,0,0.69756997,0.16028881072998047,0.8722985982894897,0.46603888273239136
YFL044C,YFL022C,0,0.6972741,0.1602598875761032,0.8722985982894897,0.4661390483379364
YOL116W,YNL024C,0,0.69722754,0.16023096442222595,0.8722985982894897,0.46623924374580383
YNL036W,YOR246C,0,0.69711185,0.1602020561695099,0.8722985982894897,0.4663394093513489
YHR063C,YJL025W,0,0.6970829,0.16017316281795502,0.8722985982894897,0.4664396047592163
YCR068W,YKL055C,0,0.6969415,0.16014426946640015,0.8722985982894897,0.46653977036476135
YOL149W,YNR045W,0,0.6965136,0.16011540591716766,0.8722985982894897,0.4666399657726288
YPL162C,YKR013W,0,0.6965081,0.160086527466774,0.8722985982894897,0.46674013137817383
YIL090W,YPR025C,0,0.6963053,0.1600576788187027,0.8722985982894897,0.46684032678604126
YJL197W,YML019W,0,0.6961677,0.1600288301706314,0.8722985982894897,0.4669404923915863
YHR206W,YOR307C,0,0.69599295,0.1599999964237213,0.8722985982894897,0.46704068779945374
YNL041C,YFL031W,0,0.69599295,0.1599711775779724,0.8722985982894897,0.4671408534049988
YMR274C,YLR019W,0,0.6951864,0.1599423587322235,0.8722985982894897,0.4672410190105438
YKL014C,YBR236C,0,0.695171,0.1599135547876358,0.8722985982894897,0.46734121441841125
YGR205W,YFR040W,0,0.6951475,0.1598847657442093,0.8722985982894897,0.4674413800239563
YML026C,YNL038W,0,0.69489914,0.15985599160194397,0.8722985982894897,0.46754157543182373
YJR073C,YGR234W,0,0.694769,0.15982721745967865,0.8722985982894897,0.4676417410373688
YKR045C,YML102W,0,0.69444495,0.15979845821857452,0.8722985982894897,0.4677419364452362
YGL121C,YJL072C,0,0.6938707,0.1597696989774704,0.8722985982894897,0.46784210205078125
YPL040C,YHL047C,0,0.6938311,0.15974095463752747,0.8722985982894897,0.4679422974586487
YMR230W,YJR152W,0,0.693634,0.15971222519874573,0.8722985982894897,0.4680424630641937
YDR093W,YPL236C,0,0.693626,0.15968351066112518,0.8722985982894897,0.46814265847206116
YNL183C,YKL154W,0,0.69338614,0.15965479612350464,0.8722985982894897,0.4682428240776062
YGL187C,YDR345C,0,0.6932731,0.1596260964870453,0.8722985982894897,0.46834301948547363
YKL042W,YOR094W,0,0.6932285,0.15959741175174713,0.8722985982894897,0.4684431850910187
YOL006C,YKL113C,1,0.69277024,0.15974843502044678,0.873280942440033,0.4684431850910187
YMR023C,YDL160C,0,0.69273597,0.15971972048282623,0.873280942440033,0.4685433804988861
YNR024W,YLR214W,0,0.6925678,0.15969103574752808,0.873280942440033,0.46864354610443115
YHR188C,YGL127C,0,0.6924587,0.15966235101222992,0.873280942440033,0.4687437415122986
YER142C,YMR237W,0,0.6924433,0.15963368117809296,0.873280942440033,0.46884390711784363
YNL311C,YDR261C,0,0.69182956,0.1596050262451172,0.873280942440033,0.46894410252571106
YBL103C,YKR014C,0,0.69180787,0.15957637131214142,0.873280942440033,0.4690442681312561
YPR021C,YOR190W,0,0.6916841,0.15954773128032684,0.873280942440033,0.46914446353912354
YJL204C,YIL125W,0,0.69149226,0.15951910614967346,0.873280942440033,0.4692446291446686
YKL051W,YGR109C,0,0.6912219,0.15949049592018127,0.873280942440033,0.469344824552536
YOR070C,YBL020W,0,0.6910161,0.1594618856906891,0.873280942440033,0.46944499015808105
YDR288W,YLR288C,1,0.690971,0.15961262583732605,0.8742632865905762,0.46944499015808105
YAR042W,YOL027C,0,0.69080913,0.15958400070667267,0.8742632865905762,0.4695451855659485
YNL031C,YKL134C,0,0.6907988,0.15955539047718048,0.8742632865905762,0.46964535117149353
YML032C,YNL139C,1,0.69002604,0.15970604121685028,0.8752455711364746,0.46964535117149353
YAR015W,YER144C,0,0.6898838,0.1596774160861969,0.8752455711364746,0.46974554657936096
YGL055W,YDR221W,0,0.6898646,0.1596488058567047,0.8752455711364746,0.469845712184906
YML063W,YPR081C,0,0.6898271,0.15962021052837372,0.8752455711364746,0.46994590759277344
YOR368W,YDL105W,1,0.6892823,0.15977072715759277,0.8762279152870178,0.46994590759277344
YPR186C,YBR131W,0,0.68928206,0.15974211692810059,0.8762279152870178,0.4700460731983185
YLL042C,YNR030W,0,0.68874604,0.1597135215997696,0.8762279152870178,0.4701462686061859
YER139C,YMR081C,0,0.6886935,0.1596849262714386,0.8762279152870178,0.47024643421173096
YGL092W,YPL236C,0,0.6884882,0.1596563458442688,0.8762279152870178,0.4703466296195984
YML114C,YGR256W,0,0.6883514,0.1596277803182602,0.8762279152870178,0.47044679522514343
YDR020C,YPL143W,0,0.6879081,0.1595992147922516,0.8762279152870178,0.47054699063301086
YAL023C,YGL219C,0,0.687904,0.15957066416740417,0.8762279152870178,0.4706471562385559
YNR024W,YOL033W,0,0.68758047,0.15954212844371796,0.8762279152870178,0.47074735164642334
YGR183C,YML055W,0,0.68750846,0.15951359272003174,0.8762279152870178,0.4708475172519684
YNR011C,YKR024C,0,0.6873419,0.1594850718975067,0.8762279152870178,0.4709477126598358
YNL311C,YLR201C,0,0.6872884,0.15945656597614288,0.8762279152870178,0.47104787826538086
YER061C,YOR339C,0,0.68719983,0.15942806005477905,0.8762279152870178,0.4711480736732483
YOL051W,YJL056C,0,0.68694973,0.15939956903457642,0.8762279152870178,0.47124823927879333
YER122C,YNL317W,0,0.68670475,0.15937109291553497,0.8762279152870178,0.47134843468666077
YGR224W,YPR095C,0,0.6866983,0.15934261679649353,0.8762279152870178,0.4714486002922058
YOR381W,YDR189W,0,0.6861567,0.15931417047977448,0.8762279152870178,0.47154879570007324
YOR125C,YBR098W,0,0.68559957,0.15928570926189423,0.8762279152870178,0.4716489613056183
YGL128C,YOR312C,0,0.68539774,0.15925727784633636,0.8762279152870178,0.4717491567134857
YMR127C,YBR028C,0,0.68528503,0.1592288464307785,0.8762279152870178,0.47184932231903076
YHR160C,YNL328C,0,0.6851331,0.15920042991638184,0.8762279152870178,0.4719495177268982
YAL062W,YOR354C,0,0.68474746,0.15917201340198517,0.8762279152870178,0.47204968333244324
YJR015W,YDL211C,0,0.684729,0.1591436266899109,0.8762279152870178,0.47214987874031067
YOR077W,YGL055W,0,0.68432564,0.1591152399778366,0.8762279152870178,0.4722500443458557
YMR305C,YPL108W,0,0.6841601,0.15908685326576233,0.8762279152870178,0.47235023975372314
YOR158W,YLR410W,0,0.6841383,0.15905848145484924,0.8762279152870178,0.4724504053592682
YNL212W,YOR118W,0,0.68406856,0.15903012454509735,0.8762279152870178,0.4725506007671356
YPL168W,YDL093W,0,0.68400335,0.15900178253650665,0.8762279152870178,0.47265076637268066
YML092C,YNL300W,0,0.6837484,0.15897344052791595,0.8762279152870178,0.4727509617805481
YNL098C,YKL032C,0,0.68310034,0.15894511342048645,0.8762279152870178,0.47285112738609314
YKL045W,YEL058W,0,0.6829809,0.15891680121421814,0.8762279152870178,0.47295132279396057
YLR419W,YDR108W,0,0.6829407,0.15888848900794983,0.8762279152870178,0.4730514883995056
YDL229W,YDR155C,0,0.68270284,0.1588601917028427,0.8762279152870178,0.47315168380737305
YFR038W,YNL088W,1,0.68221164,0.15900997817516327,0.8772101998329163,0.47315168380737305
YGL128C,YPR103W,0,0.68213993,0.15898166596889496,0.8772101998329163,0.4732518494129181
YCR083W,YBR105C,0,0.6818324,0.15895336866378784,0.8772101998329163,0.4733520448207855
YOR227W,YJL174W,0,0.68166935,0.15892507135868073,0.8772101998329163,0.47345221042633057
YMR037C,YBR162W-A,0,0.68158233,0.158896803855896,0.8772101998329163,0.473552405834198
YKL034W,YDL165W,0,0.68133795,0.15886852145195007,0.8772101998329163,0.47365257143974304
YDL222C,YIL103W,0,0.68131804,0.15884026885032654,0.8772101998329163,0.4737527668476105
YDR190C,YGR287C,0,0.6813093,0.158812016248703,0.8772101998329163,0.4738529324531555
YIL034C,YJR067C,0,0.68099606,0.15878377854824066,0.8772101998329163,0.47395312786102295
YKR001C,YDL052C,0,0.6808347,0.15875555574893951,0.8772101998329163,0.474053293466568
YBR021W,YBR286W,0,0.68063307,0.15872733294963837,0.8772101998329163,0.4741534888744354
YJL196C,YMR231W,0,0.68031234,0.1586991250514984,0.8772101998329163,0.47425365447998047
YER039C,YPL148C,0,0.6799518,0.15867093205451965,0.8772101998329163,0.4743538498878479
YER042W,YDR438W,0,0.67912394,0.1586427390575409,0.8772101998329163,0.47445401549339294
YJL041W,YDL093W,0,0.6790285,0.15861456096172333,0.8772101998329163,0.4745542109012604
YDL210W,YLR229C,0,0.6788424,0.15858639776706696,0.8772101998329163,0.4746543765068054
YDL080C,YPR056W,0,0.6785016,0.15855823457241058,0.8772101998329163,0.47475457191467285
YKL026C,YER063W,0,0.6776855,0.1585300862789154,0.8772101998329163,0.4748547375202179
YER039C,YGR135W,0,0.67741275,0.15850195288658142,0.8772101998329163,0.4749549329280853
YJR013W,YLR315W,0,0.67729443,0.15847381949424744,0.8772101998329163,0.47505509853363037
YIL070C,YBL039C,0,0.6772509,0.15844570100307465,0.8772101998329163,0.4751552939414978
YPL255W,YOL064C,0,0.67724663,0.15841759741306305,0.8772101998329163,0.47525545954704285
YDR020C,YER114C,0,0.6765523,0.15838949382305145,0.8772101998329163,0.4753556549549103
YDL049C,YLL010C,0,0.6764059,0.15836140513420105,0.8772101998329163,0.4754558205604553
YDR145W,YGR060W,0,0.67587566,0.15833333134651184,0.8772101998329163,0.47555598616600037
YGL231C,YLR340W,0,0.6757098,0.15830527245998383,0.8772101998329163,0.4756561815738678
YOR036W,YER016W,0,0.6756466,0.1582772135734558,0.8772101998329163,0.47575634717941284
YNL049C,YJL014W,0,0.67469615,0.1582491546869278,0.8772101998329163,0.4758565425872803
YJR014W,YKR104W,0,0.67455816,0.15822112560272217,0.8772101998329163,0.4759567081928253
YNL015W,YLR446W,0,0.6736469,0.15819309651851654,0.8772101998329163,0.47605690360069275
YDR086C,YNR016C,0,0.6732466,0.1581650674343109,0.8772101998329163,0.4761570692062378
YBR098W,YLR288C,1,0.6729909,0.15831415355205536,0.8781925439834595,0.4761570692062378
YPR079W,YPL204W,0,0.6729617,0.15828612446784973,0.8781925439834595,0.4762572646141052
YDR216W,YOR290C,0,0.67286456,0.1582580953836441,0.8781925439834595,0.47635743021965027
YDR265W,YAR050W,0,0.67284644,0.15823008120059967,0.8781925439834595,0.4764576256275177
YJL019W,YCR016W,0,0.6728464,0.15820208191871643,0.8781925439834595,0.47655779123306274
YGR054W,YPL074W,0,0.6727361,0.15817409753799438,0.8781925439834595,0.4766579866409302
YJL003W,YIL099W,0,0.67265165,0.15814611315727234,0.8781925439834595,0.4767581522464752
YDL141W,YNL058C,0,0.672598,0.1581181436777115,0.8781925439834595,0.47685834765434265
YGL098W,YAL003W,0,0.6720927,0.15809018909931183,0.8781925439834595,0.4769585132598877
YOR141C,YGR082W,0,0.67182356,0.15806223452091217,0.8781925439834595,0.4770587086677551
YMR119W,YDR021W,0,0.67170835,0.1580342948436737,0.8781925439834595,0.47715887427330017
YBR019C,YDR182W,0,0.6716833,0.15800637006759644,0.8781925439834595,0.4772590696811676
YDL193W,YLR196W,0,0.671644,0.15797844529151917,0.8781925439834595,0.47735923528671265
YNL045W,YFL053W,0,0.6715742,0.1579505354166031,0.8781925439834595,0.4774594306945801
YDL232W,YOL060C,0,0.67073,0.157922625541687,0.8781925439834595,0.4775595963001251
YJL197W,YJR068W,0,0.6702684,0.15789473056793213,0.8781925439834595,0.47765979170799255
YPL138C,YLL006W,0,0.66981447,0.15786685049533844,0.8781925439834595,0.4777599573135376
YDR252W,YLR406C,0,0.6691978,0.15783898532390594,0.8781925439834595,0.47786015272140503
YOL149W,YPR110C,0,0.669053,0.15781112015247345,0.8781925439834595,0.4779603183269501
YOR381W,YNL321W,0,0.66896385,0.15778326988220215,0.8781925439834595,0.4780605137348175
YLR265C,YFL056C,0,0.6686682,0.15775541961193085,0.8781925439834595,0.47816067934036255
YLR098C,YJR139C,0,0.66847986,0.15772759914398193,0.8781925439834595,0.47826087474823
YDR247W,YIL008W,0,0.6682061,0.15769976377487183,0.8781925439834595,0.478361040353775
YNL331C,YDR501W,0,0.667915,0.1576719582080841,0.8781925439834595,0.47846123576164246
YBR126C,YOL061W,0,0.6678191,0.1576441526412964,0.8781925439834595,0.4785614013671875
YCR092C,YNR036C,0,0.66751754,0.15761636197566986,0.8781925439834595,0.47866159677505493
YFR041C,YAR010C,0,0.6672492,0.15758857131004333,0.8781925439834595,0.4787617623806
YOR270C,YJL216C,0,0.66704017,0.1575608104467392,0.8781925439834595,0.4788619577884674
YBR205W,YJL160C,0,0.6667241,0.15753303468227386,0.8781925439834595,0.47896212339401245
YFL011W,YJR041C,0,0.6660665,0.15750528872013092,0.8781925439834595,0.4790623188018799
YFL062W,YGL126W,0,0.6657194,0.15747754275798798,0.8781925439834595,0.4791624844074249
YGR249W,YNL326C,0,0.66548777,0.15744981169700623,0.8781925439834595,0.47926267981529236
YGL251C,YNL292W,0,0.6654185,0.15742208063602448,0.8781925439834595,0.4793628454208374
YOL105C,YPR178W,0,0.6653608,0.15739436447620392,0.8781925439834595,0.47946304082870483
YLR263W,YOR034C,0,0.6651445,0.15736666321754456,0.8781925439834595,0.4795632064342499
YGL070C,YER102W,0,0.66469204,0.1573389619588852,0.8781925439834595,0.4796634018421173
YOR269W,YDL174C,0,0.6643896,0.15731127560138702,0.8781925439834595,0.47976356744766235
YPL030W,YKL212W,0,0.6643785,0.15728360414505005,0.8781925439834595,0.4798637628555298
YHL006C,YIL072W,0,0.66422987,0.15725593268871307,0.8781925439834595,0.47996392846107483
YHR096C,YOR037W,0,0.6642184,0.1572282761335373,0.8781925439834595,0.48006412386894226
YOR118W,YFL005W,0,0.6640308,0.1572006344795227,0.8781925439834595,0.4801642894744873
YBR033W,YMR131C,0,0.66402715,0.15717299282550812,0.8781925439834595,0.48026448488235474
YGL145W,YPL004C,0,0.66400933,0.15714536607265472,0.8781925439834595,0.4803646504878998
YJL153C,YMR318C,0,0.66400886,0.15711775422096252,0.8781925439834595,0.4804648458957672
YML026C,YGR074W,0,0.6638638,0.15709014236927032,0.8781925439834595,0.48056501150131226
YML060W,YKL197C,0,0.66380244,0.15706254541873932,0.8781925439834595,0.4806652069091797
YJR035W,YDR182W,0,0.6636245,0.1570349484682083,0.8781925439834595,0.48076537251472473
YJR054W,YLR102C,0,0.6635121,0.1570073813199997,0.8781925439834595,0.48086556792259216
YAL005C,YBL088C,0,0.6634397,0.15697981417179108,0.8781925439834595,0.4809657335281372
YMR281W,YJR056C,0,0.66304594,0.15695224702358246,0.8781925439834595,0.48106592893600464
YAL068C,YJL184W,0,0.6625591,0.15692469477653503,0.8781925439834595,0.4811660945415497
YKR014C,YBR293W,0,0.6623457,0.1568971574306488,0.8781925439834595,0.4812662899494171
YGL018C,YDR279W,0,0.66163486,0.15686962008476257,0.8781925439834595,0.48136645555496216
YDR019C,YML043C,0,0.66142106,0.15684211254119873,0.8781925439834595,0.4814666509628296
YOL122C,YDL141W,0,0.6613475,0.1568145900964737,0.8781925439834595,0.48156681656837463
YNL229C,YDR058C,0,0.66125286,0.15678709745407104,0.8781925439834595,0.48166701197624207
YJR064W,YKL035W,0,0.6608839,0.1567596048116684,0.8781925439834595,0.4817671775817871
YBR299W,YEL046C,0,0.66087157,0.15673211216926575,0.8781925439834595,0.48186737298965454
YCL039W,YBR104W,0,0.6601276,0.15670464932918549,0.8781925439834595,0.4819675385951996
YML023C,YDR479C,0,0.659712,0.15667718648910522,0.8781925439834595,0.482067734003067
YLR238W,YDR003W,0,0.65968055,0.15664972364902496,0.8781925439834595,0.48216789960861206
YMR127C,YOR116C,0,0.65964967,0.1566222906112671,0.8781925439834595,0.4822680950164795
YAL058W,YGL029W,0,0.6593316,0.15659485757350922,0.8781925439834595,0.48236826062202454
YDR236C,YDR315C,0,0.65916705,0.15656742453575134,0.8781925439834595,0.48246845602989197
YML021C,YER088C,0,0.65863097,0.15654000639915466,0.8781925439834595,0.482568621635437
YDL012C,YKR104W,0,0.65848255,0.15651260316371918,0.8781925439834595,0.48266881704330444
YNL250W,YIL143C,1,0.65794396,0.15666024386882782,0.8791748285293579,0.48266881704330444
YHL038C,YMR322C,0,0.6578821,0.15663282573223114,0.8791748285293579,0.4827689826488495
YCR065W,YLR188W,0,0.65772134,0.15660542249679565,0.8791748285293579,0.4828691780567169
YGL155W,YDL005C,0,0.65625376,0.15657801926136017,0.8791748285293579,0.48296934366226196
YCR086W,YPL170W,0,0.65624464,0.15655064582824707,0.8791748285293579,0.4830695390701294
YPL022W,YDR180W,1,0.6562139,0.15669815242290497,0.8801571726799011,0.4830695390701294
YDL109C,YBR265W,0,0.65620875,0.15667074918746948,0.8801571726799011,0.48316970467567444
YDR037W,YPL124W,0,0.65596807,0.1566433608531952,0.8801571726799011,0.48326990008354187
YML082W,YLR089C,0,0.6556138,0.1566159725189209,0.8801571726799011,0.4833700656890869
YBR248C,YDR376W,0,0.65554976,0.1565885990858078,0.8801571726799011,0.48347026109695435
YGL085W,YJL008C,0,0.65511614,0.1565612405538559,0.8801571726799011,0.4835704267024994
YIL157C,YDR329C,0,0.65432215,0.15653389692306519,0.8801571726799011,0.48367059230804443
YER054C,YCR036W,0,0.6536345,0.15650655329227448,0.8801571726799011,0.48377078771591187
YPL270W,YLR003C,0,0.65294653,0.15647922456264496,0.8801571726799011,0.4838709533214569
YNL176C,YOR192C,0,0.6528434,0.15645189583301544,0.8801571726799011,0.48397114872932434
YER095W,YGL163C,1,0.65239054,0.15659916400909424,0.8811395168304443,0.48397114872932434
YPL138C,YGR075C,0,0.65232325,0.15657182037830353,0.8811395168304443,0.4840713143348694
YMR081C,YNL118C,0,0.6519897,0.1565445065498352,0.8811395168304443,0.4841715097427368
YLL048C,YML133C,0,0.65198135,0.15651719272136688,0.8811395168304443,0.48427167534828186
YLR466W,YDR180W,1,0.65178514,0.15666434168815613,0.8821218013763428,0.48427167534828186
YOR326W,YBR136W,0,0.6516975,0.1566370129585266,0.8821218013763428,0.4843718707561493
YML077W,YIL068C,0,0.6513436,0.1566096991300583,0.8821218013763428,0.48447203636169434
YKR045C,YJR153W,0,0.65080285,0.15658238530158997,0.8821218013763428,0.48457223176956177
YLR035C,YLR023C,0,0.65076274,0.15655508637428284,0.8821218013763428,0.4846723973751068
YGR008C,YOR118W,0,0.6506156,0.1565278023481369,0.8821218013763428,0.48477259278297424
YBR097W,YDR096W,0,0.650565,0.15650051832199097,0.8821218013763428,0.4848727583885193
YDR020C,YDR032C,0,0.6504371,0.15647324919700623,0.8821218013763428,0.4849729537963867
YGR028W,YHL011C,0,0.650332,0.15644599497318268,0.8821218013763428,0.48507311940193176
YHR088W,YER100W,0,0.6503258,0.15641874074935913,0.8821218013763428,0.4851733148097992
YOL090W,YLR005W,1,0.65001374,0.15656565129756927,0.883104145526886,0.4851733148097992
YER015W,YOR202W,0,0.64957875,0.15653839707374573,0.883104145526886,0.48527348041534424
YHR196W,YNL322C,0,0.64907706,0.15651114284992218,0.883104145526886,0.48537367582321167
YDR531W,YGL043W,0,0.6490202,0.15648390352725983,0.883104145526886,0.4854738414287567
YDR119W,YLR393W,0,0.6488402,0.15645666420459747,0.883104145526886,0.48557403683662415
YDL161W,YCL045C,0,0.64869493,0.1564294397830963,0.883104145526886,0.4856742024421692
YGR068C,YBR229C,0,0.6485643,0.15640223026275635,0.883104145526886,0.4857743978500366
YLR306W,YNR056C,0,0.6482023,0.15637502074241638,0.883104145526886,0.48587456345558167
YER062C,YCL020W,0,0.6481031,0.1563478261232376,0.883104145526886,0.4859747588634491
YMR139W,YNL061W,0,0.64776355,0.15632064640522003,0.883104145526886,0.48607492446899414
YGL104C,YFL053W,0,0.6476347,0.15629346668720245,0.883104145526886,0.4861751198768616
YDL178W,YOL080C,0,0.6475694,0.15626630187034607,0.883104145526886,0.4862752854824066
YPR134W,YHR050W,0,0.6474723,0.15623913705348969,0.883104145526886,0.48637548089027405
YAR008W,YKL116C,0,0.6460642,0.1562119871377945,0.883104145526886,0.4864756464958191
YPL081W,YDR425W,0,0.64549696,0.1561848521232605,0.883104145526886,0.4865758419036865
YKL110C,YOR228C,0,0.6451145,0.1561577171087265,0.883104145526886,0.48667600750923157
YNL077W,YOR221C,0,0.64502263,0.1561305969953537,0.883104145526886,0.486776202917099
YDR468C,YDR135C,0,0.6449811,0.1561034917831421,0.883104145526886,0.48687636852264404
YGL023C,YER160C,0,0.6446155,0.15607638657093048,0.883104145526886,0.4869765639305115
YIL150C,YNL096C,0,0.6445602,0.15604929625988007,0.883104145526886,0.4870767295360565
YER005W,YLR172C,0,0.6444692,0.15602222084999084,0.883104145526886,0.48717692494392395
YLR134W,YPL047W,0,0.644426,0.15599514544010162,0.883104145526886,0.487277090549469
YNR033W,YML106W,0,0.64409995,0.1559680849313736,0.883104145526886,0.4873772859573364
YPL004C,YPL258C,0,0.64395416,0.15594102442264557,0.883104145526886,0.48747745156288147
YHR142W,YPL038W,0,0.64390373,0.15591397881507874,0.883104145526886,0.4875776469707489
YKL088W,YEL055C,0,0.64385265,0.1558869481086731,0.883104145526886,0.48767781257629395
YNR020C,YER133W,0,0.64370215,0.15585991740226746,0.883104145526886,0.4877780079841614
YPL032C,YPL001W,0,0.6436481,0.155832901597023,0.883104145526886,0.4878781735897064
YNL072W,YGR001C,0,0.64363337,0.15580588579177856,0.883104145526886,0.48797836899757385
YMR204C,YLR332W,0,0.64335257,0.1557788997888565,0.883104145526886,0.4880785346031189
YPL090C,YOR389W,0,0.6433346,0.15575189888477325,0.883104145526886,0.48817873001098633
YDR016C,YBR089C-A,0,0.6433309,0.1557249277830124,0.883104145526886,0.48827889561653137
YIL107C,YOR189W,0,0.64315873,0.15569795668125153,0.883104145526886,0.4883790910243988
YML077W,YDL201W,0,0.6426907,0.15567100048065186,0.883104145526886,0.48847925662994385
YBR251W,YGR003W,0,0.64254844,0.15564404428005219,0.883104145526886,0.4885794520378113
YKR062W,YDR292C,0,0.6423095,0.1556171029806137,0.883104145526886,0.4886796176433563
YLR345W,YOR141C,0,0.6417669,0.15559017658233643,0.883104145526886,0.48877981305122375
YLR014C,YGR091W,0,0.6416589,0.15556325018405914,0.883104145526886,0.4888799786567688
YHR073W,YJR110W,0,0.64149255,0.15553633868694305,0.883104145526886,0.48898017406463623
YDR237W,YDR058C,0,0.6412097,0.15550942718982697,0.883104145526886,0.4890803396701813
YJL076W,YGL250W,0,0.6411012,0.15548253059387207,0.883104145526886,0.4891805350780487
YCL045C,YIL005W,0,0.64103854,0.15545564889907837,0.883104145526886,0.48928070068359375
YGL224C,YER102W,0,0.64038956,0.15542876720428467,0.883104145526886,0.4893808960914612
YMR106C,YER038C,1,0.6402558,0.155574768781662,0.8840864300727844,0.4893808960914612
YDR284C,YIL008W,0,0.63987774,0.1555478721857071,0.8840864300727844,0.4894810616970062
YDL113C,YJL108C,0,0.6395224,0.1555209904909134,0.8840864300727844,0.48958125710487366
YDL166C,YBR073W,0,0.63921213,0.15549412369728088,0.8840864300727844,0.4896814227104187
YGL044C,YDR007W,0,0.6388384,0.15546727180480957,0.8840864300727844,0.48978161811828613
YLR450W,YBR126C,0,0.6388322,0.15544041991233826,0.8840864300727844,0.4898817837238312
YDR397C,YLR390W-A,0,0.63848734,0.15541356801986694,0.8840864300727844,0.4899819791316986
YBR098W,YBR273C,0,0.63844347,0.15538674592971802,0.8840864300727844,0.49008214473724365
YCR069W,YNL058C,0,0.6374683,0.1553599238395691,0.8840864300727844,0.4901823401451111
YMR134W,YDR380W,0,0.63741773,0.15533310174942017,0.8840864300727844,0.49028250575065613
YCR028C,YDR358W,0,0.6372883,0.15530629456043243,0.8840864300727844,0.49038270115852356
YGR099W,YHR142W,0,0.63699377,0.1552795022726059,0.8840864300727844,0.4904828667640686
YFL026W,YDR367W,0,0.6369636,0.15525270998477936,0.8840864300727844,0.49058306217193604
YER007C-A,YGR212W,0,0.6369133,0.155225932598114,0.8840864300727844,0.4906832277774811
YEL021W,YNL292W,0,0.6368251,0.15519917011260986,0.8840864300727844,0.4907834231853485
YGR247W,YDR025W,0,0.63674664,0.1551724076271057,0.8840864300727844,0.49088358879089355
YPL100W,YNL245C,0,0.63671327,0.15514566004276276,0.8840864300727844,0.490983784198761
YNR050C,YPL253C,0,0.63656723,0.155118927359581,0.8840864300727844,0.49108394980430603
YDR367W,YOR262W,0,0.6363084,0.15509219467639923,0.8840864300727844,0.49118414521217346
YGL013C,YIL008W,0,0.63615227,0.15506547689437866,0.8840864300727844,0.4912843108177185
YIL011W,YGR003W,0,0.6353687,0.1550387591123581,0.8840864300727844,0.49138450622558594
YDR362C,YKR087C,0,0.63519084,0.15501205623149872,0.8840864300727844,0.491484671831131
YER099C,YDL164C,0,0.6351146,0.15498536825180054,0.8840864300727844,0.4915848672389984
YDL210W,YDR519W,0,0.63485616,0.15495868027210236,0.8840864300727844,0.49168503284454346
YKR075C,YCL063W,0,0.6348198,0.15493200719356537,0.8840864300727844,0.4917852282524109
YOR143C,YGR195W,0,0.6347884,0.15490533411502838,0.8840864300727844,0.49188539385795593
YOR252W,YGL012W,0,0.6344636,0.1548786759376526,0.8840864300727844,0.491985559463501
YGL044C,YDR182W,0,0.63439757,0.154852032661438,0.8840864300727844,0.4920857548713684
YLR192C,YDR009W,0,0.63413525,0.1548253893852234,0.8840864300727844,0.49218592047691345
YBR082C,YDR324C,0,0.63406664,0.15479876101016998,0.8840864300727844,0.4922861158847809
YMR192W,YLR403W,0,0.63319105,0.15477214753627777,0.8840864300727844,0.4923862814903259
YDL127W,YKL185W,0,0.6331197,0.15474553406238556,0.8840864300727844,0.49248647689819336
YGR203W,YER075C,0,0.6330927,0.15471892058849335,0.8840864300727844,0.4925866425037384
YLR093C,YBL002W,0,0.63299847,0.15469233691692352,0.8840864300727844,0.49268683791160583
YKL032C,YNL132W,0,0.6329068,0.1546657532453537,0.8840864300727844,0.4927870035171509
YNL207W,YJR090C,0,0.63267905,0.15463916957378387,0.8840864300727844,0.4928871989250183
YOR249C,YKL092C,0,0.6326262,0.15461261570453644,0.8840864300727844,0.49298736453056335
YIL138C,YER006W,0,0.6322361,0.1545860469341278,0.8840864300727844,0.4930875599384308
YPL003W,YLR450W,0,0.6319212,0.15455950796604156,0.8840864300727844,0.49318772554397583
YDR103W,YPL230W,0,0.6318363,0.15453296899795532,0.8840864300727844,0.49328792095184326
YML027W,YDR386W,0,0.6318193,0.15450644493103027,0.8840864300727844,0.4933880865573883
YBR162C,YKL164C,0,0.63161457,0.15447992086410522,0.8840864300727844,0.49348828196525574
YAL028W,YOR211C,0,0.63142097,0.15445341169834137,0.8840864300727844,0.4935884475708008
YNR063W,YNL210W,0,0.6312873,0.15442690253257751,0.8840864300727844,0.4936886429786682
YLR135W,YDR138W,1,0.63113165,0.15457196533679962,0.8850687742233276,0.4936886429786682
YGL167C,YNL270C,0,0.6311015,0.15454545617103577,0.8850687742233276,0.49378880858421326
YGR280C,YGR186W,0,0.63095397,0.1545189470052719,0.8850687742233276,0.4938890039920807
YKL059C,YMR052W,0,0.63062996,0.15449245274066925,0.8850687742233276,0.49398916959762573
YNL264C,YGR098C,0,0.6304933,0.15446597337722778,0.8850687742233276,0.49408936500549316
YDR452W,YMR231W,0,0.6298396,0.15443949401378632,0.8850687742233276,0.4941895306110382
YDR334W,YFL036W,0,0.6298257,0.15441302955150604,0.8850687742233276,0.49428972601890564
YPL268W,YMR171C,0,0.6290593,0.15438656508922577,0.8850687742233276,0.4943898916244507
YDR369C,YPL015C,1,0.6286597,0.15453143417835236,0.8860510587692261,0.4943898916244507
YCR065W,YKL010C,0,0.6281816,0.15450496971607208,0.8860510587692261,0.4944900870323181
YGR289C,YBR253W,0,0.6281795,0.1544785052537918,0.8860510587692261,0.49459025263786316
YHR028C,YJR001W,0,0.62816346,0.15445205569267273,0.8860510587692261,0.4946904480457306
YIL126W,YPL148C,0,0.6280714,0.15442560613155365,0.8860510587692261,0.49479061365127563
YNL220W,YDR045C,0,0.62767243,0.15439917147159576,0.8860510587692261,0.49489080905914307
YBR104W,YJL180C,0,0.6273952,0.15437275171279907,0.8860510587692261,0.4949909746646881
YPL016W,YDR045C,0,0.6268698,0.15434633195400238,0.8860510587692261,0.49509117007255554
YCR024C,YGL029W,0,0.62683374,0.15431992709636688,0.8860510587692261,0.4951913356781006
YIL123W,YHR046C,0,0.625898,0.15429353713989258,0.8860510587692261,0.495291531085968
YIR034C,YFL022C,0,0.6255132,0.15426714718341827,0.8860510587692261,0.49539169669151306
YER031C,YJL219W,0,0.625386,0.15424077212810516,0.8860510587692261,0.4954918920993805
YOR174W,YDR329C,0,0.62525254,0.15421439707279205,0.8860510587692261,0.49559205770492554
YGL231C,YGR279C,0,0.6248909,0.15418803691864014,0.8860510587692261,0.49569225311279297
YOR371C,YLL050C,0,0.62435883,0.15416167676448822,0.8860510587692261,0.495792418718338
YML012W,YMR016C,0,0.62430775,0.1541353315114975,0.8860510587692261,0.49589261412620544
YFL024C,YDR261C,0,0.62412757,0.15410900115966797,0.8860510587692261,0.4959927797317505
YJL045W,YER023W,0,0.62395656,0.15408268570899963,0.8860510587692261,0.4960929751396179
YKR027W,YMR068W,0,0.6239527,0.1540563553571701,0.8860510587692261,0.49619314074516296
YNL045W,YOR100C,0,0.6238326,0.15403005480766296,0.8860510587692261,0.4962933361530304
YPL079W,YLL010C,0,0.6232667,0.15400375425815582,0.8860510587692261,0.49639350175857544
YNL250W,YPL164C,1,0.62297446,0.1541481763124466,0.8870334029197693,0.49639350175857544
YOR257W,YBR158W,0,0.6228347,0.15412186086177826,0.8870334029197693,0.49649369716644287
YPL157W,YMR289W,0,0.62273264,0.15409556031227112,0.8870334029197693,0.4965938627719879
YIL023C,YEL011W,0,0.62224007,0.15406927466392517,0.8870334029197693,0.49669405817985535
YPR102C,YHR117W,0,0.6222385,0.15404298901557922,0.8870334029197693,0.4967942237854004
YNL268W,YHR134W,0,0.62216526,0.15401671826839447,0.8870334029197693,0.4968944191932678
YPR133C,YOL076W,0,0.62215865,0.15399044752120972,0.8870334029197693,0.49699458479881287
YOL128C,YLR411W,0,0.6220448,0.15396419167518616,0.8870334029197693,0.4970947802066803
YPL158C,YOL140W,0,0.6219857,0.1539379507303238,0.8870334029197693,0.49719494581222534
YOL011W,YER020W,0,0.62063026,0.15391170978546143,0.8870334029197693,0.4972951412200928
YMR198W,YOR273C,0,0.62056684,0.15388548374176025,0.8870334029197693,0.4973953068256378
YBR070C,YJL116C,0,0.6200826,0.15385925769805908,0.8870334029197693,0.49749550223350525
YJR007W,YNL083W,0,0.62001413,0.1538330465555191,0.8870334029197693,0.4975956678390503
YDR450W,YHR106W,0,0.61989135,0.15380685031414032,0.8870334029197693,0.4976958632469177
YIR025W,YPL164C,1,0.6197635,0.15395095944404602,0.8880156874656677,0.4976958632469177
YBR139W,YML059C,0,0.61957264,0.15392473340034485,0.8880156874656677,0.49779602885246277
YDR345C,YMR121C,0,0.6193222,0.15389853715896606,0.8880156874656677,0.4978962242603302
YDR369C,YBR279W,1,0.61924434,0.1540425568819046,0.8889980316162109,0.4978962242603302
YDR387C,YDR247W,0,0.61886007,0.15401633083820343,0.8889980316162109,0.49799638986587524
YLR014C,YBL056W,0,0.6186613,0.15399013459682465,0.8889980316162109,0.4980965852737427
YMR026C,YGL127C,0,0.61853945,0.15396393835544586,0.8889980316162109,0.4981967508792877
YDR054C,YGR133W,0,0.61836183,0.15393774211406708,0.8889980316162109,0.49829694628715515
YGR008C,YJL073W,0,0.61741996,0.1539115607738495,0.8889980316162109,0.4983971118927002
YER138C,YKR099W,1,0.617334,0.1540554314851761,0.8899803757667542,0.4983971118927002
YOR060C,YKR086W,0,0.6173075,0.1540292352437973,0.8899803757667542,0.4984973073005676
YPR048W,YLR405W,0,0.61657274,0.1540030539035797,0.8899803757667542,0.49859747290611267
YPR169W,YDL067C,0,0.61614376,0.15397688746452332,0.8899803757667542,0.4986976683139801
YHR207C,YDR201W,0,0.61607456,0.15395072102546692,0.8899803757667542,0.49879783391952515
YIL096C,YHL017W,0,0.61600304,0.15392456948757172,0.8899803757667542,0.4988980293273926
YGR163W,YOR363C,0,0.61595,0.1538984179496765,0.8899803757667542,0.4989981949329376
YPL032C,YGL153W,0,0.6151813,0.1538722813129425,0.8899803757667542,0.49909839034080505
YHR011W,YDL033C,0,0.6150186,0.1538461595773697,0.8899803757667542,0.4991985559463501
YGR033C,YKL014C,0,0.61476517,0.15382003784179688,0.8899803757667542,0.49929875135421753
YGR247W,YIL119C,0,0.6142633,0.15379391610622406,0.8899803757667542,0.4993989169597626
YNR048W,YOL091W,0,0.6142018,0.15376782417297363,0.8899803757667542,0.49949911236763
YER127W,YGR096W,0,0.6141168,0.1537417322397232,0.8899803757667542,0.49959927797317505
YLR363C,YBR204C,0,0.6136564,0.15371564030647278,0.8899803757667542,0.4996994733810425
YMR223W,YER056C-A,0,0.6136406,0.15368956327438354,0.8899803757667542,0.4997996389865875
YOR005C,YPL127C,1,0.6130376,0.15383310616016388,0.8909626603126526,0.4997996389865875
YBL105C,YBR210W,0,0.6125798,0.15380701422691345,0.8909626603126526,0.49989983439445496
YDR503C,YPL010W,0,0.61250937,0.15378093719482422,0.8909626603126526,0.5
YER099C,YKR097W,0,0.61247903,0.15375487506389618,0.8909626603126526,0.5001001954078674
YCL055W,YLR239C,0,0.6122499,0.15372881293296814,0.8909626603126526,0.5002003312110901
YPL265W,YBR158W,0,0.61224484,0.1537027657032013,0.8909626603126526,0.5003005266189575
YLR418C,YLR466W,1,0.61206007,0.1538461595773697,0.8919450044631958,0.5003005266189575
YPR180W,YML086C,0,0.61203015,0.15382009744644165,0.8919450044631958,0.500400722026825
YHR157W,YGR009C,0,0.6117576,0.1537940353155136,0.8919450044631958,0.5005009174346924
YBR069C,YEL044W,0,0.6111462,0.15376798808574677,0.8919450044631958,0.500601053237915
YAR042W,YGR161C,0,0.6108953,0.1537419557571411,0.8919450044631958,0.5007012486457825
YMR286W,YDL149W,0,0.6105886,0.15371592342853546,0.8919450044631958,0.5008014440536499
YLR134W,YHR165C,0,0.6102448,0.153689906001091,0.8919450044631958,0.5009016394615173
YBL060W,YGR003W,0,0.6102383,0.15366390347480774,0.8919450044631958,0.50100177526474
YMR162C,YDR103W,0,0.6101756,0.15363790094852448,0.8919450044631958,0.5011019706726074
YBR123C,YDR128W,0,0.6100649,0.1536119133234024,0.8919450044631958,0.5012021660804749
YMR048W,YDL132W,0,0.6099842,0.15358592569828033,0.8919450044631958,0.5013023614883423
YNL142W,YOR346W,0,0.60980725,0.15355995297431946,0.8919450044631958,0.5014024972915649
YNL169C,YDR011W,0,0.6097731,0.15353398025035858,0.8919450044631958,0.5015026926994324
YEL039C,YIR007W,0,0.60961,0.1535080373287201,0.8919450044631958,0.5016028881072998
YNR011C,YDR228C,0,0.6091096,0.1534820795059204,0.8919450044631958,0.5017030835151672
YDR369C,YML032C,1,0.60885054,0.15362514555454254,0.8929272890090942,0.5017030835151672
YOR236W,YGR184C,0,0.60802954,0.15359918773174286,0.8929272890090942,0.5018032193183899
YJL089W,YKL096W,0,0.6077848,0.15357324481010437,0.8929272890090942,0.5019034147262573
YFL050C,YBL102W,0,0.6074963,0.15354730188846588,0.8929272890090942,0.5020036101341248
YDR510W,YLR119W,0,0.6074815,0.1535213589668274,0.8929272890090942,0.5021038055419922
YLR292C,YAL002W,0,0.6072676,0.1534954458475113,0.8929272890090942,0.5022039413452148
YPR118W,YPL242C,0,0.6069852,0.1534695327281952,0.8929272890090942,0.5023041367530823
YNL152W,YKR097W,0,0.60688436,0.1534436196088791,0.8929272890090942,0.5024043321609497
YDR268W,YKL080W,0,0.6068409,0.15341772139072418,0.8929272890090942,0.5025045275688171
YBR227C,YBR204C,0,0.60673237,0.15339183807373047,0.8929272890090942,0.5026046633720398
YAL013W,YKL099C,0,0.60664576,0.15336595475673676,0.8929272890090942,0.5027048587799072
YLR292C,YJL219W,0,0.606636,0.15334008634090424,0.8929272890090942,0.5028050541877747
YJL148W,YDL104C,0,0.606533,0.15331421792507172,0.8929272890090942,0.5029052495956421
YMR183C,YBR248C,0,0.6062399,0.1532883644104004,0.8929272890090942,0.5030053853988647
YOR245C,YAL028W,0,0.60606956,0.15326252579689026,0.8929272890090942,0.5031055808067322
YLR414C,YPL186C,0,0.6060671,0.15323668718338013,0.8929272890090942,0.5032057762145996
YJR002W,YMR119W,0,0.6059903,0.15321084856987,0.8929272890090942,0.503305971622467
YJL115W,YOR341W,0,0.6056105,0.15318503975868225,0.8929272890090942,0.5034061074256897
YFL050C,YER048C,0,0.6053244,0.1531592309474945,0.8929272890090942,0.5035063028335571
YMR275C,YDR437W,0,0.6052746,0.15313342213630676,0.8929272890090942,0.5036064982414246
YCR039C,YMR109W,0,0.60513633,0.1531076282262802,0.8929272890090942,0.503706693649292
YBL005W,YIL130W,0,0.6049743,0.15308184921741486,0.8929272890090942,0.5038068294525146
YML059C,YGR194C,0,0.6048306,0.1530560702085495,0.8929272890090942,0.5039070248603821
YBR156C,YBR068C,0,0.6043904,0.15303030610084534,0.8929272890090942,0.5040072202682495
YGL090W,YKR099W,0,0.60431516,0.15300454199314117,0.8929272890090942,0.5041074156761169
YOL012C,YLR324W,0,0.60409373,0.1529787927865982,0.8929272890090942,0.5042075514793396
YLR148W,YGL173C,0,0.60391414,0.15295305848121643,0.8929272890090942,0.504307746887207
YMR021C,YBR088C,0,0.6039114,0.15292732417583466,0.8929272890090942,0.5044079422950745
YML093W,YER122C,0,0.6034751,0.15290160477161407,0.8929272890090942,0.5045081377029419
YPL153C,YJL003W,0,0.60331136,0.1528758853673935,0.8929272890090942,0.5046082735061646
YML024W,YGL194C,0,0.6030562,0.1528501808643341,0.8929272890090942,0.504708468914032
YLR086W,YNL214W,0,0.60279125,0.15282447636127472,0.8929272890090942,0.5048086643218994
YNL250W,YLR219W,1,0.60241544,0.15296688675880432,0.8939096331596375,0.5048086643218994
YIL023C,YMR006C,0,0.6023498,0.15294118225574493,0.8939096331596375,0.5049088597297668
YOR049C,YPL088W,0,0.60211265,0.15291547775268555,0.8939096331596375,0.5050089955329895
YDR541C,YML075C,0,0.6019697,0.15288978815078735,0.8939096331596375,0.5051091909408569
YBL010C,YGL150C,0,0.60195374,0.15286409854888916,0.8939096331596375,0.5052093863487244
YGR083C,YLR216C,0,0.60186523,0.15283842384815216,0.8939096331596375,0.5053095817565918
YPL135W,YNL036W,0,0.6014633,0.15281276404857635,0.8939096331596375,0.5054097175598145
YPR008W,YMR192W,0,0.60138667,0.15278710424900055,0.8939096331596375,0.5055099129676819
YOR322C,YER063W,0,0.6013036,0.15276145935058594,0.8939096331596375,0.5056101083755493
YMR316W,YBR167C,0,0.60114735,0.15273581445217133,0.8939096331596375,0.5057103037834167
YLR214W,YBR136W,0,0.60099804,0.1527101844549179,0.8939096331596375,0.5058104395866394
YCR071C,YOR177C,0,0.60062414,0.15268456935882568,0.8939096331596375,0.5059106349945068
YLR234W,YOL117W,0,0.6006075,0.15265895426273346,0.8939096331596375,0.5060108304023743
YLR212C,YGL003C,0,0.6005881,0.15263333916664124,0.8939096331596375,0.5061110258102417
YBR279W,YJR029W,1,0.6005511,0.15277545154094696,0.8948919177055359,0.5061110258102417
YAR014C,YJL209W,0,0.6004439,0.15274983644485474,0.8948919177055359,0.5062111616134644
YDR312W,YOL060C,0,0.59983975,0.1527242213487625,0.8948919177055359,0.5063113570213318
YER089C,YKL183W,0,0.59978205,0.15269862115383148,0.8948919177055359,0.5064115524291992
YOR030W,YOR173W,0,0.5997428,0.15267303586006165,0.8948919177055359,0.5065117478370667
YKL008C,YDR516C,0,0.5992203,0.1526474505662918,0.8948919177055359,0.5066118836402893
YKL052C,YLR061W,0,0.5989074,0.15262188017368317,0.8948919177055359,0.5067120790481567
YNL041C,YPL055C,0,0.59877837,0.15259630978107452,0.8948919177055359,0.5068122744560242
YDR201W,YNL289W,0,0.59811515,0.15257075428962708,0.8948919177055359,0.5069124698638916
YMR278W,YKL025C,0,0.5978201,0.15254521369934082,0.8948919177055359,0.5070126056671143
YNL299W,YFR028C,0,0.5974196,0.15251967310905457,0.8948919177055359,0.5071128010749817
YDR013W,YGR295C,0,0.59677535,0.1524941474199295,0.8948919177055359,0.5072129964828491
YPL249C,YBR154C,0,0.596572,0.15246862173080444,0.8948919177055359,0.5073131918907166
YOR035C,YJR058C,0,0.59650064,0.15244311094284058,0.8948919177055359,0.5074133276939392
YBR097W,YBR283C,0,0.5964081,0.1524176001548767,0.8948919177055359,0.5075135231018066
YDL124W,YDR528W,0,0.5963305,0.15239210426807404,0.8948919177055359,0.5076137185096741
YDR121W,YPL115C,0,0.5959029,0.15236662328243256,0.8948919177055359,0.5077139139175415
YOL148C,YGR060W,0,0.59571886,0.15234114229679108,0.8948919177055359,0.5078140497207642
YGR062C,YJR041C,0,0.5957022,0.1523156613111496,0.8948919177055359,0.5079142451286316
YMR201C,YDL193W,0,0.59522545,0.1522902101278305,0.8948919177055359,0.508014440536499
YOL146W,YPR065W,0,0.5951661,0.15226474404335022,0.8948919177055359,0.5081146359443665
YER141W,YGR211W,0,0.59474283,0.15223930776119232,0.8948919177055359,0.5082147717475891
YDL129W,YGL211W,0,0.5945911,0.15221387147903442,0.8948919177055359,0.5083149671554565
YHR178W,YDL044C,0,0.59456474,0.15218843519687653,0.8948919177055359,0.508415162563324
YNR055C,YNR063W,0,0.5943574,0.15216301381587982,0.8948919177055359,0.5085152983665466
YLR095C,YIR014W,0,0.5940248,0.1521376073360443,0.8948919177055359,0.5086154937744141
YNL315C,YJL203W,0,0.59398276,0.1521122008562088,0.8948919177055359,0.5087156891822815
YDL018C,YDR362C,0,0.5935443,0.15208680927753448,0.8948919177055359,0.5088158845901489
YDR044W,YDL214C,0,0.593329,0.15206143260002136,0.8948919177055359,0.5089160203933716
YDR529C,YLR247C,0,0.5933225,0.15203604102134705,0.8948919177055359,0.509016215801239
YPR073C,YJR129C,0,0.5933094,0.15201067924499512,0.8948919177055359,0.5091164112091064
YML065W,YHR203C,0,0.59273165,0.1519853174686432,0.8948919177055359,0.5092166066169739
YCL075W,YGR088W,0,0.59260386,0.15195997059345245,0.8948919177055359,0.5093167424201965
YOR357C,YPR025C,0,0.59254986,0.15193462371826172,0.8948919177055359,0.509416937828064
YHR214W,YNR043W,0,0.5924504,0.15190929174423218,0.8948919177055359,0.5095171332359314
YDL229W,YPR180W,0,0.5921955,0.15188395977020264,0.8948919177055359,0.5096173286437988
YGR047C,YGL238W,0,0.59214556,0.1518586426973343,0.8948919177055359,0.5097174644470215
YNL051W,YOR056C,0,0.59211195,0.15183334052562714,0.8948919177055359,0.5098176598548889
YPL262W,YPR068C,0,0.5917968,0.15180803835391998,0.8948919177055359,0.5099178552627563
YGL168W,YMR101C,0,0.5910028,0.15178273618221283,0.8948919177055359,0.5100180506706238
YJR014W,YPR057W,0,0.5908522,0.15175744891166687,0.8948919177055359,0.5101181864738464
YMR313C,YFL005W,0,0.590778,0.1517321765422821,0.8948919177055359,0.5102183818817139
YJL179W,YDR276C,0,0.5906916,0.15170690417289734,0.8948919177055359,0.5103185772895813
YJL123C,YHR116W,0,0.59046125,0.15168164670467377,0.8948919177055359,0.5104187726974487
YPR180W,YKR030W,0,0.58992827,0.1516564041376114,0.8948919177055359,0.5105189085006714
YPR124W,YNL310C,0,0.5899157,0.151631161570549,0.8948919177055359,0.5106191039085388
YNL327W,YHR001W-A,0,0.5891392,0.15160591900348663,0.8948919177055359,0.5107192993164062
YDR123C,YER006W,0,0.58892894,0.15158070623874664,0.8948919177055359,0.5108194947242737
YGR057C,YER146W,0,0.5887961,0.15155547857284546,0.8948919177055359,0.5109196305274963
YPL085W,YCR031C,0,0.58824265,0.15153026580810547,0.8948919177055359,0.5110198259353638
YKL088W,YGR289C,0,0.5880049,0.15150506794452667,0.8948919177055359,0.5111200213432312
YPR112C,YMR053C,0,0.5879519,0.15147988498210907,0.8948919177055359,0.5112202167510986
YLR424W,YER102W,0,0.5877969,0.15145470201969147,0.8948919177055359,0.5113203525543213
YPL130W,YOR192C,0,0.5877304,0.15142951905727386,0.8948919177055359,0.5114205479621887
YMR199W,YEL017C-A,0,0.5877292,0.15140435099601746,0.8948919177055359,0.5115207433700562
YPL187W,YNL098C,0,0.5876955,0.15137919783592224,0.8948919177055359,0.5116209387779236
YIL136W,YOR260W,0,0.5876914,0.15135404467582703,0.8948919177055359,0.5117210745811462
YHR215W,YHR191C,0,0.58752596,0.151328906416893,0.8948919177055359,0.5118212699890137
YFR044C,YOR045W,0,0.58733475,0.15130376815795898,0.8948919177055359,0.5119214653968811
YGL116W,YJR077C,0,0.58702016,0.15127864480018616,0.8948919177055359,0.5120216608047485
YDR162C,YML106W,0,0.58698964,0.15125352144241333,0.8948919177055359,0.5121217966079712
YPL158C,YER141W,0,0.58634496,0.1512284129858017,0.8948919177055359,0.5122219920158386
YMR275C,YER027C,0,0.5859122,0.15120331943035126,0.8948919177055359,0.512322187423706
YLL006W,YIL098C,0,0.58590436,0.15117822587490082,0.8948919177055359,0.5124223828315735
YIL063C,YDR256C,0,0.5858015,0.15115314722061157,0.8948919177055359,0.5125225186347961
YPR098C,YOR001W,0,0.5855228,0.15112806856632233,0.8948919177055359,0.5126227140426636
YGL185C,YBR179C,0,0.5851528,0.15110300481319427,0.8948919177055359,0.512722909450531
YIL148W,YBR169C,0,0.5851399,0.15107794106006622,0.8948919177055359,0.5128231048583984
YBR291C,YJL136C,0,0.58510804,0.15105289220809937,0.8948919177055359,0.5129232406616211
YAL026C,YDR060W,0,0.58469236,0.1510278582572937,0.8948919177055359,0.5130234360694885
YGL246C,YBR022W,0,0.5842731,0.15100282430648804,0.8948919177055359,0.513123631477356
YHL047C,YKR093W,0,0.58404595,0.15097779035568237,0.8948919177055359,0.5132238268852234
YNL039W,YDR348C,0,0.58360857,0.1509527713060379,0.8948919177055359,0.513323962688446
YOR245C,YOR346W,0,0.58358717,0.15092776715755463,0.8948919177055359,0.5134241580963135
YGR194C,YDR073W,0,0.58333325,0.15090276300907135,0.8948919177055359,0.5135243535041809
YPL135W,YJL123C,0,0.58327484,0.15087777376174927,0.8948919177055359,0.5136245489120483
YHR143W-A,YHR124W,0,0.5829683,0.15085278451442719,0.8948919177055359,0.513724684715271
YER180C,YOL089C,0,0.58261836,0.1508278101682663,0.8948919177055359,0.5138248801231384
YDL129W,YLR166C,0,0.5818727,0.1508028507232666,0.8948919177055359,0.5139250755310059
YDR377W,YJL106W,0,0.5817964,0.1507778912782669,0.8948919177055359,0.5140252709388733
YER144C,YLR118C,0,0.5817659,0.1507529318332672,0.8948919177055359,0.514125406742096
YBR033W,YBR258C,0,0.5816356,0.1507279872894287,0.8948919177055359,0.5142256021499634
YLR135W,YDR004W,1,0.5813446,0.1508684903383255,0.8958742618560791,0.5142256021499634
YPL030W,YDL108W,0,0.5809408,0.1508435308933258,0.8958742618560791,0.5143257975578308
YER109C,YPL271W,0,0.5807979,0.1508185863494873,0.8958742618560791,0.5144259929656982
YJR125C,YER111C,0,0.5806948,0.15079365670681,0.8958742618560791,0.5145261287689209
YHR006W,YBR055C,0,0.5804315,0.1507687270641327,0.8958742618560791,0.5146263241767883
YDL239C,YNL161W,0,0.58038664,0.15074379742145538,0.8958742618560791,0.5147265195846558
YNL308C,YJL013C,0,0.5794054,0.15071888267993927,0.8958742618560791,0.5148267149925232
YBL004W,YLR019W,0,0.5793975,0.15069398283958435,0.8958742618560791,0.5149268507957458
YBL004W,YDR375C,0,0.5791699,0.15066908299922943,0.8958742618560791,0.5150270462036133
YOR014W,YLR126C,0,0.5785878,0.1506441980600357,0.8958742618560791,0.5151272416114807
YIL113W,YOR007C,0,0.57855976,0.15061932802200317,0.8958742618560791,0.5152274370193481
YLR341W,YKL114C,0,0.57841295,0.15059445798397064,0.8958742618560791,0.5153275728225708
YOR073W,YLR223C,0,0.57822335,0.1505695879459381,0.8958742618560791,0.5154277682304382
YDL123W,YGR261C,0,0.57796395,0.15054473280906677,0.8958742618560791,0.5155279636383057
YLR234W,YKL079W,0,0.5778426,0.15051989257335663,0.8958742618560791,0.5156281590461731
YHR080C,YEL026W,0,0.5768732,0.15049505233764648,0.8958742618560791,0.5157282948493958
YJL057C,YNL224C,0,0.5767829,0.15047021210193634,0.8958742618560791,0.5158284902572632
YDR516C,YPR094W,0,0.57668257,0.15044540166854858,0.8958742618560791,0.5159286856651306
YOL156W,YGL250W,0,0.57645804,0.15042059123516083,0.8958742618560791,0.516028881072998
YHL006C,YPR075C,0,0.5763695,0.15039578080177307,0.8958742618560791,0.5161290168762207
YNL240C,YMR221C,0,0.5760931,0.1503709852695465,0.8958742618560791,0.5162292122840881
YKR050W,YML129C,0,0.57573956,0.15034618973731995,0.8958742618560791,0.5163294076919556
YDL007W,YJR129C,0,0.57571566,0.15032140910625458,0.8958742618560791,0.5164295434951782
YML015C,YFR053C,0,0.57491744,0.1502966433763504,0.8958742618560791,0.5165297389030457
YCR054C,YGR212W,0,0.57452786,0.15027187764644623,0.8958742618560791,0.5166299343109131
YJL041W,YDL033C,0,0.57443285,0.15024711191654205,0.8958742618560791,0.5167301297187805
YIL062C,YER001W,0,0.57300824,0.15022237598896027,0.8958742618560791,0.5168302655220032
YLR248W,YNL292W,0,0.5725836,0.15019762516021729,0.8958742618560791,0.5169304609298706
YNL146W,YBL038W,0,0.5720216,0.1501728892326355,0.8958742618560791,0.517030656337738
YOR081C,YDL091C,0,0.571712,0.1501481682062149,0.8958742618560791,0.5171308517456055
YCR068W,YOR144C,0,0.57142353,0.1501234620809555,0.8958742618560791,0.5172309875488281
YKL109W,YKL055C,0,0.5710895,0.1500987559556961,0.8958742618560791,0.5173311829566956
YKR050W,YBR016W,0,0.5706645,0.1500740498304367,0.8958742618560791,0.517431378364563
YDR320C,YFL034C-B,0,0.5704659,0.1500493586063385,0.8958742618560791,0.5175315737724304
YIL156W,YGR096W,0,0.5700212,0.1500246822834015,0.8958742618560791,0.5176317095756531
YLR056W,YLR357W,0,0.5699569,0.15000000596046448,0.8958742618560791,0.5177319049835205
YPL248C,YIR015W,0,0.569647,0.14997532963752747,0.8958742618560791,0.5178321003913879
YER078C,YDR291W,0,0.56939167,0.14995066821575165,0.8958742618560791,0.5179322957992554
YML087C,YLR427W,0,0.56925046,0.14992602169513702,0.8958742618560791,0.518032431602478
YNL330C,YGL005C,0,0.56865704,0.1499013751745224,0.8958742618560791,0.5181326270103455
YNL251C,YDL143W,0,0.5685185,0.14987674355506897,0.8958742618560791,0.5182328224182129
YAL048C,YPL149W,0,0.56851816,0.14985212683677673,0.8958742618560791,0.5183330178260803
YKR079C,YEL013W,0,0.5684543,0.1498274952173233,0.8958742618560791,0.518433153629303
YDR032C,YML076C,0,0.5678774,0.14980289340019226,0.8958742618560791,0.5185333490371704
YMR152W,YCR040W,0,0.5676584,0.14977829158306122,0.8958742618560791,0.5186335444450378
YLR399C,YJL041W,0,0.5674256,0.14975368976593018,0.8958742618560791,0.5187337398529053
YKL132C,YIL072W,0,0.56720954,0.14972910284996033,0.8958742618560791,0.5188338756561279
YHR108W,YMR131C,0,0.5671317,0.14970453083515167,0.8958742618560791,0.5189340710639954
YJL168C,YIL009W,0,0.5667402,0.14967995882034302,0.8958742618560791,0.5190342664718628
YMR268C,YPL079W,0,0.56591713,0.14965540170669556,0.8958742618560791,0.5191344618797302
YJR033C,YLR451W,0,0.5658189,0.1496308445930481,0.8958742618560791,0.5192345976829529
YNL035C,YMR104C,0,0.56581527,0.14960630238056183,0.8958742618560791,0.5193347930908203
YGL196W,YLR377C,0,0.56564975,0.14958176016807556,0.8958742618560791,0.5194349884986877
YMR199W,YMR080C,0,0.5655344,0.1495572328567505,0.8958742618560791,0.5195351839065552
YBL037W,YGL123W,0,0.5654682,0.14953270554542542,0.8958742618560791,0.5196353197097778
YOR032C,YJL203W,0,0.56516296,0.14950819313526154,0.8958742618560791,0.5197355151176453
YER070W,YJR088C,0,0.56459105,0.14948369562625885,0.8958742618560791,0.5198357105255127
YLR139C,YBR211C,0,0.56455326,0.14945919811725616,0.8958742618560791,0.5199359059333801
YLR084C,YFL018C,0,0.5644666,0.14943470060825348,0.8958742618560791,0.5200360417366028
YLR167W,YBL017C,0,0.56427884,0.149410218000412,0.8958742618560791,0.5201362371444702
YOR269W,YKR010C,0,0.56381726,0.1493857502937317,0.8958742618560791,0.5202364325523376
YLR384C,YNL221C,0,0.56376064,0.1493612825870514,0.8958742618560791,0.5203366279602051
YKL109W,YKL188C,0,0.56343067,0.1493368297815323,0.8958742618560791,0.5204367637634277
YNR047W,YKR022C,0,0.56328654,0.14931237697601318,0.8958742618560791,0.5205369591712952
YOR321W,YOL071W,0,0.5631174,0.14928793907165527,0.8958742618560791,0.5206371545791626
YER126C,YGL232W,0,0.56301975,0.14926350116729736,0.8958742618560791,0.52073734998703
YER177W,YCR040W,0,0.5616652,0.14923907816410065,0.8958742618560791,0.5208374857902527
YKL073W,YLR240W,0,0.56153893,0.14921465516090393,0.8958742618560791,0.5209376811981201
YGR245C,YKL099C,0,0.56131685,0.1491902470588684,0.8958742618560791,0.5210378766059875
YJR067C,YER129W,0,0.56128323,0.14916585385799408,0.8958742618560791,0.521138072013855
YER147C,YLR005W,1,0.561172,0.14930498600006104,0.8968566060066223,0.521138072013855
YOR037W,YHR183W,0,0.5609585,0.1492805778980255,0.8968566060066223,0.5212382078170776
YMR092C,YER159C,0,0.5609177,0.14925616979599,0.8968566060066223,0.5213384032249451
YBR079C,YBR293W,0,0.5609048,0.14923177659511566,0.8968566060066223,0.5214385986328125
YLR035C,YHL001W,0,0.56063944,0.14920738339424133,0.8968566060066223,0.5215387940406799
YKR078W,YLR089C,0,0.5605489,0.1491830050945282,0.8968566060066223,0.5216389298439026
YLL033W,YML095C,1,0.56022644,0.1493220031261444,0.8978388905525208,0.5216389298439026
YDR297W,YPL051W,0,0.5600895,0.14929760992527008,0.8978388905525208,0.52173912525177
YGR054W,YPL040C,0,0.5599436,0.14927323162555695,0.8978388905525208,0.5218393206596375
YJL113W,YGL173C,1,0.55963874,0.1494121551513672,0.898821234703064,0.5218393206596375
YIL096C,YOR094W,0,0.55955976,0.14938776195049286,0.898821234703064,0.5219395160675049
YGL070C,YIL091C,0,0.5595552,0.14936336874961853,0.898821234703064,0.5220396518707275
YER167W,YPL075W,0,0.5595368,0.1493389904499054,0.898821234703064,0.522139847278595
YML104C,YKR086W,0,0.5590058,0.14931462705135345,0.898821234703064,0.5222400426864624
YPL068C,YER032W,0,0.5589512,0.1492902636528015,0.898821234703064,0.5223402380943298
YGL023C,YIL068C,0,0.55868256,0.14926590025424957,0.898821234703064,0.5224403738975525
YBR213W,YPR132W,0,0.55852294,0.14924156665802002,0.898821234703064,0.5225405693054199
YHR146W,YOR362C,0,0.55845976,0.14921721816062927,0.898821234703064,0.5226407647132874
YCR047C,YER026C,0,0.5584245,0.14919288456439972,0.898821234703064,0.5227409601211548
YPL268W,YLR292C,0,0.5578555,0.14916856586933136,0.898821234703064,0.5228410959243774
YNL116W,YBR213W,0,0.5573509,0.149144247174263,0.898821234703064,0.5229412913322449
YGL201C,YDR380W,0,0.556854,0.14911994338035583,0.898821234703064,0.5230414867401123
YLR102C,YLR277C,0,0.5567651,0.14909565448760986,0.898821234703064,0.5231416821479797
YLL033W,YOR005C,1,0.5566791,0.14923427999019623,0.8998035192489624,0.5231416821479797
YLR085C,YIL153W,0,0.5561873,0.14920997619628906,0.8998035192489624,0.5232418179512024
YDR225W,YHR092C,0,0.5557637,0.1491856724023819,0.8998035192489624,0.5233420133590698
YDL139C,YER153C,0,0.55550975,0.14916136860847473,0.8998035192489624,0.5234422087669373
YOR047C,YBL025W,0,0.55515516,0.14913709461688995,0.8998035192489624,0.5235424041748047
YDR288W,YDR540C,1,0.55513966,0.14927560091018677,0.9007858633995056,0.5235424041748047
YBR154C,YDR325W,0,0.5550949,0.1492512971162796,0.9007858633995056,0.5236425399780273
YNL299W,YNL064C,0,0.55475926,0.14922700822353363,0.9007858633995056,0.5237427353858948
YBR168W,YPL226W,0,0.554284,0.14920273423194885,0.9007858633995056,0.5238429307937622
YDR481C,YPR021C,0,0.55410624,0.14917846024036407,0.9007858633995056,0.5239431262016296
YMR306W,YKR098C,0,0.55344254,0.1491542011499405,0.9007858633995056,0.5240432620048523
YER072W,YER170W,0,0.5532413,0.1491299420595169,0.9007858633995056,0.5241434574127197
YHR024C,YNL113W,0,0.5531437,0.14910569787025452,0.9007858633995056,0.5242436528205872
YKL157W,YMR220W,0,0.5524703,0.14908145368099213,0.9007858633995056,0.5243438482284546
YNL330C,YJL204C,0,0.55232465,0.14905722439289093,0.9007858633995056,0.5244439840316772
YLR075W,YOR116C,0,0.5522654,0.14903299510478973,0.9007858633995056,0.5245441794395447
YMR041C,YDL008W,0,0.5515538,0.14900878071784973,0.9007858633995056,0.5246443748474121
YHR133C,YIL007C,0,0.55144334,0.14898456633090973,0.9007858633995056,0.5247445106506348
YPR154W,YNL126W,0,0.55128735,0.14896036684513092,0.9007858633995056,0.5248447060585022
YOL132W,YJL028W,0,0.55119824,0.1489361673593521,0.9007858633995056,0.5249449014663696
YOR257W,YKL073W,0,0.55085933,0.1489119827747345,0.9007858633995056,0.5250450968742371
YML125C,YOL154W,0,0.5506934,0.14888781309127808,0.9007858633995056,0.5251452326774597
YNL308C,YAL026C,0,0.5502887,0.14886364340782166,0.9007858633995056,0.5252454280853271
YOR167C,YFL024C,0,0.5501417,0.14883947372436523,0.9007858633995056,0.5253456234931946
YLR306W,YLR426W,0,0.5499205,0.14881531894207,0.9007858633995056,0.525445818901062
YPL015C,YFR016C,0,0.5498236,0.14879117906093597,0.9007858633995056,0.5255459547042847
YNR043W,YMR251W-A,0,0.54981786,0.14876703917980194,0.9007858633995056,0.5256461501121521
YPL193W,YBR198C,0,0.54957354,0.1487428992986679,0.9007858633995056,0.5257463455200195
YDL100C,YPL108W,0,0.54940623,0.14871877431869507,0.9007858633995056,0.525846540927887
YLR424W,YGR275W,0,0.54922616,0.14869466423988342,0.9007858633995056,0.5259466767311096
YDL144C,YJL212C,0,0.54863775,0.14867055416107178,0.9007858633995056,0.526046872138977
YIL051C,YPL221W,0,0.54822624,0.14864645898342133,0.9007858633995056,0.5261470675468445
YDR239C,YDL017W,0,0.5479311,0.14862236380577087,0.9007858633995056,0.5262472629547119
YIR028W,YNL207W,0,0.5476612,0.14859828352928162,0.9007858633995056,0.5263473987579346
YDL150W,YIR031C,0,0.5476178,0.14857420325279236,0.9007858633995056,0.526447594165802
YNR051C,YPL116W,0,0.54715306,0.1485501378774643,0.9007858633995056,0.5265477895736694
YKL080W,YML081W,0,0.54692733,0.14852607250213623,0.9007858633995056,0.5266479849815369
YHR094C,YHR096C,0,0.5469214,0.14850202202796936,0.9007858633995056,0.5267481207847595
YNL076W,YKL010C,0,0.5467759,0.14847798645496368,0.9007858633995056,0.526848316192627
YHR101C,YLR166C,0,0.5466671,0.14845393598079681,0.9007858633995056,0.5269485116004944
YJL094C,YFR027W,0,0.5464328,0.14842991530895233,0.9007858633995056,0.5270487070083618
YMR307W,YPL090C,0,0.54626304,0.14840589463710785,0.9007858633995056,0.5271488428115845
YOL002C,YHR191C,0,0.5461478,0.14838187396526337,0.9007858633995056,0.5272490382194519
YNL093W,YGL133W,0,0.54564923,0.14835786819458008,0.9007858633995056,0.5273492336273193
YGR202C,YLR215C,0,0.5455402,0.14833387732505798,0.9007858633995056,0.5274494290351868
YDL067C,YOR346W,0,0.54544616,0.1483098864555359,0.9007858633995056,0.5275495648384094
YLR174W,YML118W,0,0.54532206,0.1482858955860138,0.9007858633995056,0.5276497602462769
YGR013W,YIL053W,0,0.5452523,0.1482619196176529,0.9007858633995056,0.5277499556541443
YOR371C,YAL043C,0,0.54506016,0.14823795855045319,0.9007858633995056,0.5278501510620117
YML024W,YJL003W,0,0.54481053,0.14821399748325348,0.9007858633995056,0.5279502868652344
YHR141C,YML004C,0,0.5441715,0.14819005131721497,0.9007858633995056,0.5280504822731018
YEL059C-A,YDL058W,0,0.54371834,0.14816610515117645,0.9007858633995056,0.5281506776809692
YGL213C,YPL224C,0,0.5436967,0.14814215898513794,0.9007858633995056,0.5282508730888367
YGL134W,YDR021W,0,0.54364234,0.14811824262142181,0.9007858633995056,0.5283510088920593
YIL127C,YGR193C,0,0.5434872,0.1480943113565445,0.9007858633995056,0.5284512042999268
YDR060W,YBR186W,0,0.5434512,0.14807039499282837,0.9007858633995056,0.5285513997077942
YIL078W,YPL097W,0,0.54344624,0.14804649353027344,0.9007858633995056,0.5286515951156616
YDR347W,YGL171W,0,0.54284334,0.1480225920677185,0.9007858633995056,0.5287517309188843
YMR166C,YPR031W,0,0.5426842,0.14799870550632477,0.9007858633995056,0.5288519263267517
YNL176C,YFR046C,0,0.54241794,0.14797483384609222,0.9007858633995056,0.5289521217346191
YPR165W,YGL055W,0,0.542284,0.1479509472846985,0.9007858633995056,0.5290523171424866
YEL009C,YNL134C,0,0.5421967,0.14792709052562714,0.9007858633995056,0.5291524529457092
YER007W,YBR188C,0,0.5421497,0.1479032188653946,0.9007858633995056,0.5292526483535767
YKR064W,YPR082C,0,0.5420681,0.14787937700748444,0.9007858633995056,0.5293528437614441
YBR039W,YLR079W,0,0.5415274,0.14785553514957428,0.9007858633995056,0.5294530391693115
YDR191W,YPR019W,0,0.5414864,0.14783169329166412,0.9007858633995056,0.5295531749725342
YKR048C,YPR042C,0,0.54143035,0.14780786633491516,0.9007858633995056,0.5296533703804016
YHR184W,YLR216C,0,0.54065394,0.1477840393781662,0.9007858633995056,0.529753565788269
YDR078C,YDL101C,1,0.540524,0.1479213684797287,0.901768147945404,0.529753565788269
YKL069W,YGL250W,0,0.5403882,0.14789754152297974,0.901768147945404,0.5298537611961365
YLR406C,YGR198W,0,0.5403253,0.14787371456623077,0.901768147945404,0.5299538969993591
YNR023W,YOR019W,0,0.54030174,0.147849902510643,0.901768147945404,0.5300540924072266
YHR096C,YBR234C,0,0.5402963,0.14782609045505524,0.901768147945404,0.530154287815094
YBR251W,YDL065C,0,0.54023504,0.14780229330062866,0.901768147945404,0.5302544832229614
YHR094C,YOL122C,0,0.5402086,0.1477784961462021,0.901768147945404,0.5303546190261841
YER029C,YHR084W,0,0.54003054,0.1477547138929367,0.901768147945404,0.5304548144340515
YHR108W,YDL091C,0,0.53927344,0.14773093163967133,0.901768147945404,0.530555009841919
YPL103C,YNL139C,0,0.53924894,0.14770716428756714,0.901768147945404,0.5306552052497864
YFL004W,YIL085C,0,0.53917706,0.14768339693546295,0.901768147945404,0.530755341053009
YJL097W,YOR231W,0,0.5389595,0.14765964448451996,0.901768147945404,0.5308555364608765
YNL111C,YDL195W,0,0.53895164,0.14763589203357697,0.901768147945404,0.5309557318687439
YER073W,YKL081W,0,0.5387762,0.14761215448379517,0.901768147945404,0.5310559272766113
YGL231C,YMR184W,0,0.5387059,0.14758843183517456,0.901768147945404,0.531156063079834
YLR383W,YOR005C,1,0.5384047,0.147725448012352,0.9027504920959473,0.531156063079834
YPL029W,YHL040C,0,0.53833497,0.1477017104625702,0.9027504920959473,0.5312562584877014
YMR271C,YDR367W,0,0.5380523,0.1476779729127884,0.9027504920959473,0.5313564538955688
YOR190W,YPL230W,0,0.53768694,0.1476542353630066,0.9027504920959473,0.5314566493034363
YLR396C,YGR154C,0,0.5372862,0.14763052761554718,0.9027504920959473,0.5315567851066589
YBR264C,YHR136C,0,0.53708935,0.14760680496692657,0.9027504920959473,0.5316569805145264
YMR083W,YGR217W,0,0.53704494,0.14758311212062836,0.9027504920959473,0.5317571759223938
YBR009C,YOR103C,0,0.5366854,0.14755940437316895,0.9027504920959473,0.5318573713302612
YOR259C,YHR076W,0,0.5364854,0.14753572642803192,0.9027504920959473,0.5319575071334839
YLR367W,YLR364W,0,0.53645545,0.1475120335817337,0.9027504920959473,0.5320577025413513
YGR004W,YHR106W,0,0.5358077,0.14748837053775787,0.9027504920959473,0.5321578979492188
YJL003W,YLR368W,0,0.53578234,0.14746469259262085,0.9027504920959473,0.5322580933570862
YOL019W,YDR365C,0,0.53547776,0.1474410444498062,0.9027504920959473,0.5323582291603088
YKL213C,YBR203W,0,0.53541726,0.14741738140583038,0.9027504920959473,0.5324584245681763
YLR237W,YOL109W,0,0.5351977,0.14739374816417694,0.9027504920959473,0.5325586199760437
YOR381W,YOL092W,0,0.53456324,0.1473701149225235,0.9027504920959473,0.5326588153839111
YEL046C,YPL124W,0,0.5343745,0.14734648168087006,0.9027504920959473,0.5327589511871338
YDR098C,YNL106C,0,0.5343348,0.1473228633403778,0.9027504920959473,0.5328591465950012
YKR025W,YLL010C,0,0.53406495,0.14729924499988556,0.9027504920959473,0.5329593420028687
YDL003W,YJL041W,0,0.53385276,0.1472756415605545,0.9027504920959473,0.5330594778060913
YGL126W,YGR212W,0,0.5337258,0.14725203812122345,0.9027504920959473,0.5331596732139587
YLR293C,YAL055W,0,0.5335794,0.1472284495830536,0.9027504920959473,0.5332598686218262
YJL118W,YFL024C,0,0.53300595,0.14720487594604492,0.9027504920959473,0.5333600640296936
YNR041C,YIL158W,0,0.53300273,0.14718128740787506,0.9027504920959473,0.5334601998329163
YMR177W,YDL164C,0,0.53289205,0.1471577286720276,0.9027504920959473,0.5335603952407837
YPR020W,YIR015W,0,0.5327148,0.14713416993618011,0.9027504920959473,0.5336605906486511
YJR123W,YOR205C,0,0.5326751,0.14711061120033264,0.9027504920959473,0.5337607860565186
YER176W,YPR132W,0,0.5326164,0.14708706736564636,0.9027504920959473,0.5338609218597412
YIR006C,YER020W,0,0.5325885,0.14706352353096008,0.9027504920959473,0.5339611172676086
YNL003C,YDR217C,0,0.5322717,0.147039994597435,0.9027504920959473,0.5340613126754761
YOL110W,YLR004C,0,0.53222644,0.1470164805650711,0.9027504920959473,0.5341615080833435
YGL076C,YNL077W,0,0.53175974,0.14699296653270721,0.9027504920959473,0.5342616438865662
YAL053W,YPR120C,0,0.5314523,0.14696945250034332,0.9027504920959473,0.5343618392944336
YOR032C,YDL236W,0,0.53109354,0.14694595336914062,0.9027504920959473,0.534462034702301
YHR067W,YDL240W,0,0.5309162,0.14692246913909912,0.9027504920959473,0.5345622301101685
YPR106W,YMR262W,0,0.5308781,0.14689897000789642,0.9027504920959473,0.5346623659133911
YPL068C,YJR137C,0,0.53033,0.1468755006790161,0.9027504920959473,0.5347625613212585
YPL012W,YLR466W,0,0.53017694,0.1468520313501358,0.9027504920959473,0.534862756729126
YDR200C,YBR097W,0,0.5300809,0.1468285620212555,0.9027504920959473,0.5349629521369934
YLR438C-A,YPL169C,0,0.52992725,0.14680510759353638,0.9027504920959473,0.5350630879402161
YDR127W,YPL186C,0,0.5298467,0.14678166806697845,0.9027504920959473,0.5351632833480835
YGL250W,YHR118C,0,0.52977633,0.14675822854042053,0.9027504920959473,0.5352634787559509
YHR191C,YER020W,0,0.5296632,0.1467347890138626,0.9027504920959473,0.5353636741638184
YBL051C,YJR042W,0,0.5295187,0.14671136438846588,0.9027504920959473,0.535463809967041
YKL011C,YBR029C,0,0.529456,0.14668795466423035,0.9027504920959473,0.5355640053749084
YDR520C,YMR214W,0,0.529359,0.1466645449399948,0.9027504920959473,0.5356642007827759
YHR032W,YGR103W,0,0.5292443,0.14664113521575928,0.9027504920959473,0.5357643961906433
YDR420W,YNL128W,0,0.5292392,0.14661774039268494,0.9027504920959473,0.535864531993866
YNR050C,YPR061C,0,0.5287723,0.1465943604707718,0.9027504920959473,0.5359647274017334
YBR088C,YNL088W,1,0.5287624,0.1467304676771164,0.9037328362464905,0.5359647274017334
YNL181W,YNL123W,0,0.528589,0.14670705795288086,0.9037328362464905,0.5360649228096008
YFR009W,YHR076W,0,0.52853584,0.1466836780309677,0.9037328362464905,0.5361651182174683
YBR015C,YKL033W,0,0.5279336,0.14666028320789337,0.9037328362464905,0.5362652540206909
YNL014W,YMR205C,0,0.5277036,0.14663691818714142,0.9037328362464905,0.5363654494285583
YER126C,YDL184C,0,0.52770233,0.14661355316638947,0.9037328362464905,0.5364656448364258
YEL054C,YLL067C,0,0.5274939,0.1465901881456375,0.9037328362464905,0.5365658402442932
YKR059W,YDL052C,0,0.52732724,0.14656683802604675,0.9037328362464905,0.5366659760475159
YGL097W,YDR326C,0,0.52727693,0.146543487906456,0.9037328362464905,0.5367661714553833
YKL008C,YPL146C,0,0.5271703,0.14652015268802643,0.9037328362464905,0.5368663668632507
YNL090W,YLR221C,0,0.52712274,0.14649681746959686,0.9037328362464905,0.5369665622711182
YGR026W,YJR056C,0,0.5269469,0.1464734971523285,0.9037328362464905,0.5370666980743408
YDR235W,YLR355C,0,0.5256226,0.14645017683506012,0.9037328362464905,0.5371668934822083
YJL097W,YDR027C,0,0.5254424,0.14642687141895294,0.9037328362464905,0.5372670888900757
YDL122W,YJR017C,0,0.5251719,0.14640356600284576,0.9037328362464905,0.5373672842979431
YDR328C,YGL219C,0,0.5251211,0.14638027548789978,0.9037328362464905,0.5374674201011658
YOL006C,YIL143C,1,0.5250453,0.14651606976985931,0.9047151207923889,0.5374674201011658
YER176W,YMR024W,0,0.5250441,0.14649276435375214,0.9047151207923889,0.5375676155090332
YLR242C,YDR406W,0,0.52496487,0.14646945893764496,0.9047151207923889,0.5376678109169006
YOL012C,YHR062C,0,0.52494514,0.14644616842269897,0.9047151207923889,0.5377680063247681
YIR028W,YLR061W,0,0.5249313,0.14642289280891418,0.9047151207923889,0.5378681421279907
YHR103W,YHR073W,0,0.52472395,0.1463996171951294,0.9047151207923889,0.5379683375358582
YDR255C,YLR433C,0,0.5246865,0.1463763564825058,0.9047151207923889,0.5380685329437256
YDR339C,YNL101W,0,0.52462476,0.1463530957698822,0.9047151207923889,0.538168728351593
YHR073W,YPR120C,0,0.52426004,0.1463298350572586,0.9047151207923889,0.5382688641548157
YJR126C,YJL170C,0,0.52374965,0.1463065892457962,0.9047151207923889,0.5383690595626831
YKR072C,YJL013C,0,0.52371407,0.146283358335495,0.9047151207923889,0.5384692549705505
YJL036W,YMR263W,0,0.52364105,0.1462601274251938,0.9047151207923889,0.538569450378418
YER036C,YHL032C,0,0.52357143,0.14623689651489258,0.9047151207923889,0.5386695861816406
YGR274C,YIL015W,0,0.5235522,0.14621368050575256,0.9047151207923889,0.5387697815895081
YDL120W,YNL191W,0,0.5232391,0.14619047939777374,0.9047151207923889,0.5388699769973755
YPR106W,YER025W,0,0.5232214,0.14616727828979492,0.9047151207923889,0.5389701724052429
YLR144C,YMR001C,0,0.5229462,0.1461440771818161,0.9047151207923889,0.5390703082084656
YIR034C,YBR244W,0,0.5228683,0.14612089097499847,0.9047151207923889,0.539170503616333
YMR289W,YDR469W,0,0.52284354,0.14609771966934204,0.9047151207923889,0.5392706990242004
YOR229W,YDR244W,0,0.5224347,0.1460745483636856,0.9047151207923889,0.5393708944320679
YBR231C,YKR089C,0,0.52242404,0.14605137705802917,0.9047151207923889,0.5394710302352905
YPL013C,YKL005C,0,0.5221281,0.14602822065353394,0.9047151207923889,0.539571225643158
YJL153C,YPL004C,0,0.5221058,0.1460050791501999,0.9047151207923889,0.5396714210510254
YOL128C,YGL137W,0,0.5209156,0.14598193764686584,0.9047151207923889,0.5397716164588928
YNL128W,YLR039C,0,0.5206183,0.1459587961435318,0.9047151207923889,0.5398717522621155
YPL012W,YGR057C,0,0.52037257,0.14593566954135895,0.9047151207923889,0.5399719476699829
YJR152W,YFL034C-B,0,0.5202931,0.1459125429391861,0.9047151207923889,0.5400721430778503
YLR431C,YIL063C,0,0.52029043,0.14588943123817444,0.9047151207923889,0.5401723384857178
YMR287C,YMR244C-A,0,0.5190457,0.14586633443832397,0.9047151207923889,0.5402724742889404
YFR055W,YLR263W,1,0.51896894,0.14600157737731934,0.9056974649429321,0.5402724742889404
YOR064C,YCL055W,0,0.51889104,0.14597846567630768,0.9056974649429321,0.5403726696968079
YDR418W,YGL002W,0,0.5188538,0.14595535397529602,0.9056974649429321,0.5404728651046753
YNL020C,YDR435C,0,0.5188155,0.14593225717544556,0.9056974649429321,0.5405730605125427
YDR025W,YML058W,0,0.5186483,0.1459091603755951,0.9056974649429321,0.5406731963157654
YGL093W,YMR029C,0,0.51861393,0.14588607847690582,0.9056974649429321,0.5407733917236328
YDL189W,YLR319C,0,0.51860166,0.14586299657821655,0.9056974649429321,0.5408735871315002
YLR363C,YJR075W,0,0.518327,0.14583992958068848,0.9056974649429321,0.5409737825393677
YDR055W,YHR016C,0,0.5182426,0.1458168625831604,0.9056974649429321,0.5410739183425903
YER007C-A,YGR206W,0,0.51812124,0.14579379558563232,0.9056974649429321,0.5411741137504578
YOR095C,YNR022C,0,0.5181188,0.14577075839042664,0.9056974649429321,0.5412743091583252
YBR091C,YOR320C,0,0.51794285,0.14574770629405975,0.9056974649429321,0.5413744449615479
YCL039W,YCR027C,0,0.5178218,0.14572466909885406,0.9056974649429321,0.5414746403694153
YOR227W,YJL121C,0,0.51778805,0.14570164680480957,0.9056974649429321,0.5415748357772827
YLR409C,YAL026C,0,0.5174212,0.14567862451076508,0.9056974649429321,0.5416750311851501
YPR073C,YOR037W,0,0.5174072,0.14565560221672058,0.9056974649429321,0.5417751669883728
YOR117W,YHR150W,0,0.51726156,0.14563259482383728,0.9056974649429321,0.5418753623962402
YIL010W,YDR113C,0,0.517211,0.14560960233211517,0.9056974649429321,0.5419755578041077
YBR068C,YGR154C,0,0.5169581,0.14558660984039307,0.9056974649429321,0.5420757532119751
YDL124W,YGL106W,0,0.5165489,0.14556363224983215,0.9056974649429321,0.5421758890151978
YDL212W,YBR188C,0,0.51626956,0.14554063975811005,0.9056974649429321,0.5422760844230652
YDR016C,YPL108W,0,0.51621205,0.14551767706871033,0.9056974649429321,0.5423762798309326
YGL090W,YHR019C,0,0.51584685,0.1454947143793106,0.9056974649429321,0.5424764752388
YHR011W,YOR303W,0,0.5155635,0.1454717516899109,0.9056974649429321,0.5425766110420227
YML061C,YFR038W,1,0.51554304,0.14560656249523163,0.9066797494888306,0.5425766110420227
YDR528W,YMR042W,0,0.5150443,0.1455835998058319,0.9066797494888306,0.5426768064498901
YDR393W,YGR241C,0,0.51482123,0.1455606371164322,0.9066797494888306,0.5427770018577576
YGR129W,YLL062C,0,0.5147834,0.14553768932819366,0.9066797494888306,0.542877197265625
YDR313C,YNL207W,0,0.5146521,0.14551474153995514,0.9066797494888306,0.5429773330688477
YLL018C,YER129W,0,0.5143,0.1454918086528778,0.9066797494888306,0.5430775284767151
YJR134C,YEL005C,0,0.51351833,0.14546887576580048,0.9066797494888306,0.5431777238845825
YDR398W,YOR329C,0,0.5135122,0.14544594287872314,0.9066797494888306,0.54327791929245
YPR008W,YML055W,0,0.51342535,0.1454230397939682,0.9066797494888306,0.5433780550956726
YLL024C,YGL086W,0,0.51330674,0.14540012180805206,0.9066797494888306,0.54347825050354
YNR032W,YGR122W,0,0.5130941,0.14537721872329712,0.9066797494888306,0.5435784459114075
YMR071C,YDL105W,0,0.5129665,0.14535433053970337,0.9066797494888306,0.5436786413192749
YAL055W,YGL195W,0,0.51290244,0.14533144235610962,0.9066797494888306,0.5437787771224976
YPL092W,YLR286C,0,0.51278794,0.14530856907367706,0.9066797494888306,0.543878972530365
YOR372C,YHR052W,0,0.5125469,0.1452856957912445,0.9066797494888306,0.5439791679382324
YAL061W,YOR149C,0,0.5122875,0.14526282250881195,0.9066797494888306,0.5440793633460999
YDR443C,YPL228W,0,0.51221675,0.1452399641275406,0.9066797494888306,0.5441794991493225
YPL158C,YIL147C,0,0.5117959,0.14521712064743042,0.9066797494888306,0.5442796945571899
YKR038C,YAL021C,0,0.5117396,0.14519427716732025,0.9066797494888306,0.5443798899650574
YJR075W,YJL158C,0,0.51159835,0.14517143368721008,0.9066797494888306,0.5444800853729248
YLR337C,YIL044C,0,0.5115385,0.1451486051082611,0.9066797494888306,0.5445802211761475
YJR002W,YOR109W,0,0.51142585,0.14512579143047333,0.9066797494888306,0.5446804165840149
YHR153C,YOL123W,0,0.5112239,0.14510297775268555,0.9066797494888306,0.5447806119918823
YDR501W,YBR200W,0,0.51096994,0.14508016407489777,0.9066797494888306,0.5448808073997498
YMR264W,YDR101C,0,0.51095665,0.14505736529827118,0.9066797494888306,0.5449809432029724
YBR112C,YKR064W,0,0.51070845,0.1450345665216446,0.9066797494888306,0.5450811386108398
YDR303C,YOL117W,0,0.5105715,0.1450117826461792,0.9066797494888306,0.5451813340187073
YPR100W,YIL115C,0,0.510501,0.1449889987707138,0.9066797494888306,0.5452815294265747
YMR263W,YKL092C,0,0.5102381,0.1449662297964096,0.9066797494888306,0.5453816652297974
YGR231C,YHR191C,0,0.51016617,0.1449434608221054,0.9066797494888306,0.5454818606376648
YDR326C,YDR168W,0,0.5097936,0.1449207067489624,0.9066797494888306,0.5455820560455322
YDR075W,YLR196W,0,0.50940466,0.1448979526758194,0.9066797494888306,0.5456822514533997
YER167W,YLR044C,0,0.5093461,0.14487521350383759,0.9066797494888306,0.5457823872566223
YML026C,YFR041C,0,0.50905514,0.14485247433185577,0.9066797494888306,0.5458825826644897
YOR373W,YJL026W,0,0.5089708,0.14482975006103516,0.9066797494888306,0.5459827780723572
YGL107C,YDL033C,0,0.5089159,0.14480702579021454,0.9066797494888306,0.5460829734802246
YDR031W,YHR140W,0,0.5088321,0.14478431642055511,0.9066797494888306,0.5461831092834473
YJR048W,YDL164C,0,0.5081081,0.1447616070508957,0.9066797494888306,0.5462833046913147
YDR300C,YPL271W,0,0.5080148,0.14473891258239746,0.9066797494888306,0.5463835000991821
YNL152W,YLR155C,0,0.5077515,0.14471621811389923,0.9066797494888306,0.5464836955070496
YML057W,YGR024C,0,0.5075186,0.144693523645401,0.9066797494888306,0.5465838313102722
YPL169C,YIL112W,0,0.5074365,0.14467084407806396,0.9066797494888306,0.5466840267181396
YHR044C,YNL048W,0,0.5073426,0.14464817941188812,0.9066797494888306,0.5467842221260071
YGR278W,YML007W,0,0.5069719,0.14462551474571228,0.9066797494888306,0.5468844175338745
YLR430W,YOR192C,0,0.5064827,0.14460285007953644,0.9066797494888306,0.5469845533370972
YAL005C,YNL039W,0,0.5064095,0.1445802003145218,0.9066797494888306,0.5470847487449646
YPL022W,YFR038W,1,0.5061047,0.14471417665481567,0.9076620936393738,0.5470847487449646
YDR412W,YDR123C,0,0.50584805,0.14469151198863983,0.9076620936393738,0.547184944152832
YPR031W,YGL229C,0,0.5057653,0.14466886222362518,0.9076620936393738,0.5472851395606995
YIR012W,YFR049W,0,0.5051661,0.14464621245861053,0.9076620936393738,0.5473852753639221
YJR027W,YBR161W,0,0.50512534,0.14462357759475708,0.9076620936393738,0.5474854707717896
YLR240W,YDR038C,0,0.50506973,0.14460094273090363,0.9076620936393738,0.547585666179657
YLR214W,YMR215W,0,0.50463855,0.14457830786705017,0.9076620936393738,0.5476858615875244
YER142C,YDL200C,0,0.5044986,0.1445556879043579,0.9076620936393738,0.5477859973907471
YAR014C,YGR256W,0,0.5039785,0.14453308284282684,0.9076620936393738,0.5478861927986145
YDR259C,YFL002C,0,0.5036443,0.14451047778129578,0.9076620936393738,0.5479863882064819
YHL004W,YPR066W,0,0.50335646,0.1444878876209259,0.9076620936393738,0.5480865836143494
YDR489W,YGL002W,0,0.5032636,0.14446529746055603,0.9076620936393738,0.548186719417572
YER073W,YLR377C,0,0.5030633,0.14444270730018616,0.9076620936393738,0.5482869148254395
YOR371C,YKL100C,0,0.50293267,0.14442013204097748,0.9076620936393738,0.5483871102333069
YOR172W,YAL012W,0,0.5028671,0.1443975567817688,0.9076620936393738,0.5484873056411743
YPR169W,YNL067W,0,0.5027548,0.1443749964237213,0.9076620936393738,0.548587441444397
YHR025W,YBL069W,0,0.50273794,0.14435245096683502,0.9076620936393738,0.5486876368522644
YOL089C,YOR033C,0,0.50262386,0.14432989060878754,0.9076620936393738,0.5487878322601318
YJR105W,YAL043C,0,0.5026063,0.14430736005306244,0.9076620936393738,0.5488880276679993
YDL113C,YOL117W,0,0.5025088,0.14428481459617615,0.9076620936393738,0.5489881634712219
YKR030W,YBL002W,0,0.5024301,0.14426229894161224,0.9076620936393738,0.5490883588790894
YDR060W,YHR106W,0,0.50237334,0.14423976838588715,0.9076620936393738,0.5491885542869568
YPR104C,YPL069C,0,0.5022651,0.14421726763248444,0.9076620936393738,0.5492886900901794
YBR016W,YMR231W,0,0.5019712,0.14419475197792053,0.9076620936393738,0.5493888854980469
YLR239C,YJL127C,0,0.50196517,0.14417225122451782,0.9076620936393738,0.5494890809059143
YML077W,YPL072W,0,0.5016624,0.1441497653722763,0.9076620936393738,0.5495892763137817
YML121W,YOL018C,0,0.50161093,0.1441272795200348,0.9076620936393738,0.5496894121170044
YOR087W,YJL051W,0,0.5012581,0.14410480856895447,0.9076620936393738,0.5497896075248718
YDR265W,YDR043C,0,0.50124943,0.14408233761787415,0.9076620936393738,0.5498898029327393
YLR214W,YIL144W,0,0.5009932,0.14405986666679382,0.9076620936393738,0.5499899983406067
YPL138C,YLR247C,0,0.5009331,0.1440374106168747,0.9076620936393738,0.5500901341438293
YDR398W,YFL009W,0,0.5008344,0.14401496946811676,0.9076620936393738,0.5501903295516968
YDR006C,YBR171W,0,0.500576,0.14399251341819763,0.9076620936393738,0.5502905249595642
YHR035W,YNL154C,0,0.50034726,0.1439700871706009,0.9076620936393738,0.5503907203674316
YMR068W,YDL115C,0,0.50000113,0.14394766092300415,0.9076620936393738,0.5504908561706543
YOR217W,YMR067C,0,0.49974662,0.1439252346754074,0.9076620936393738,0.5505910515785217
YGL181W,YDR311W,0,0.49953374,0.14390282332897186,0.9076620936393738,0.5506912469863892
YMR023C,YDR517W,0,0.49901786,0.14388041198253632,0.9076620936393738,0.5507914423942566
YNL154C,YMR188C,0,0.49888033,0.14385801553726196,0.9076620936393738,0.5508915781974792
YIL062C,YMR072W,0,0.49857438,0.1438356190919876,0.9076620936393738,0.5509917736053467
YKL120W,YGL223C,0,0.4983977,0.14381322264671326,0.9076620936393738,0.5510919690132141
YKL149C,YDL211C,0,0.498315,0.1437908560037613,0.9076620936393738,0.5511921644210815
YER095W,YDR191W,0,0.49830657,0.14376847445964813,0.9076620936393738,0.5512923002243042
YBL057C,YBR126C,0,0.4982739,0.14374610781669617,0.9076620936393738,0.5513924956321716
YER021W,YEL015W,0,0.4981114,0.1437237560749054,0.9076620936393738,0.5514926910400391
YHR170W,YHR117W,0,0.4980172,0.14370140433311462,0.9076620936393738,0.5515928864479065
YBR003W,YMR161W,0,0.4979098,0.14367905259132385,0.9076620936393738,0.5516930222511292
YOR208W,YER124C,0,0.49782664,0.14365671575069427,0.9076620936393738,0.5517932176589966
YDL149W,YOR192C,0,0.49720812,0.1436343789100647,0.9076620936393738,0.551893413066864
YDR099W,YMR207C,0,0.49706197,0.1436120569705963,0.9076620936393738,0.5519936084747314
YER007W,YHR084W,0,0.49688718,0.14358974993228912,0.9076620936393738,0.5520937442779541
YDR121W,YDR206W,0,0.4968252,0.14356742799282074,0.9076620936393738,0.5521939396858215
YNL063W,YPR046W,0,0.4963469,0.14354513585567474,0.9076620936393738,0.552294135093689
YDR531W,YKL045W,0,0.49620646,0.14352282881736755,0.9076620936393738,0.5523943305015564
YNR008W,YDR536W,0,0.49575403,0.14350053668022156,0.9076620936393738,0.552494466304779
YBR161W,YKL024C,0,0.49571908,0.14347825944423676,0.9076620936393738,0.5525946617126465
YDR143C,YGL061C,0,0.4955798,0.14345598220825195,0.9076620936393738,0.5526948571205139
YPL055C,YOL098C,0,0.49553713,0.14343371987342834,0.9076620936393738,0.5527950525283813
YDR425W,YDR418W,0,0.49546182,0.14341145753860474,0.9076620936393738,0.552895188331604
YMR282C,YER020W,0,0.49535868,0.14338919520378113,0.9076620936393738,0.5529953837394714
YJL019W,YJL012C,0,0.4951663,0.1433669477701187,0.9076620936393738,0.5530955791473389
YLR045C,YPL256C,0,0.49504256,0.1433447152376175,0.9076620936393738,0.5531957745552063
YOR124C,YOR039W,0,0.4950007,0.14332248270511627,0.9076620936393738,0.553295910358429
YCR068W,YJR131W,0,0.4945708,0.14330025017261505,0.9076620936393738,0.5533961057662964
YKR062W,YLL057C,0,0.4944909,0.14327803254127502,0.9076620936393738,0.5534963011741638
YDR116C,YCL031C,0,0.49401346,0.143255814909935,0.9076620936393738,0.5535964965820312
YMR017W,YNL247W,0,0.49380544,0.14323361217975616,0.9076620936393738,0.5536966323852539
YKL029C,YDL064W,0,0.4934187,0.14321140944957733,0.9076620936393738,0.5537968277931213
YGR191W,YDL160C,0,0.49310932,0.1431892216205597,0.9076620936393738,0.5538970232009888
YLR097C,YBR214W,0,0.49302182,0.14316703379154205,0.9076620936393738,0.5539972186088562
YPL028W,YGR208W,0,0.4923543,0.14314484596252441,0.9076620936393738,0.5540973544120789
YMR101C,YGL133W,0,0.49228996,0.14312267303466797,0.9076620936393738,0.5541975498199463
YKR045C,YDR338C,0,0.49195394,0.14310051500797272,0.9076620936393738,0.5542977452278137
YML022W,YFL005W,0,0.4918717,0.14307835698127747,0.9076620936393738,0.5543979406356812
YKR072C,YNL268W,0,0.49126887,0.14305619895458221,0.9076620936393738,0.5544980764389038
YFL009W,YMR058W,0,0.4912104,0.14303405582904816,0.9076620936393738,0.5545982718467712
YOL008W,YDL223C,0,0.4911164,0.1430119127035141,0.9076620936393738,0.5546984672546387
YNL058C,YJR088C,0,0.49068192,0.14298978447914124,0.9076620936393738,0.5547986626625061
YDR520C,YKL134C,0,0.49040788,0.14296765625476837,0.9076620936393738,0.5548987984657288
YPR067W,YDR441C,0,0.48963323,0.1429455429315567,0.9076620936393738,0.5549989938735962
YPR102C,YER157W,0,0.48956424,0.14292342960834503,0.9076620936393738,0.5550991892814636
YBL027W,YPL115C,0,0.4893021,0.14290133118629456,0.9076620936393738,0.555199384689331
YCR005C,YCL038C,0,0.48896393,0.14287923276424408,0.9076620936393738,0.5552995204925537
YDR099W,YMR014W,0,0.48858786,0.1428571492433548,0.9076620936393738,0.5553997159004211
YPL100W,YJR060W,0,0.48825085,0.14283506572246552,0.9076620936393738,0.5554999113082886
YLL023C,YBR028C,0,0.48709804,0.14281298220157623,0.9076620936393738,0.555600106716156
YER171W,YOL072W,1,0.48673782,0.14294545352458954,0.9086443781852722,0.555600106716156
YAR014C,YIL062C,0,0.4863786,0.14292335510253906,0.9086443781852722,0.5557002425193787
YDL127W,YNL012W,0,0.48618412,0.14290128648281097,0.9086443781852722,0.5558004379272461
YOL119C,YLR260W,0,0.48617223,0.1428792029619217,0.9086443781852722,0.5559006333351135
YIL019W,YNL046W,0,0.48594952,0.1428571492433548,0.9086443781852722,0.556000828742981
YPL138C,YDR363W-A,0,0.48578945,0.1428350806236267,0.9086443781852722,0.5561009645462036
YLL009C,YDL025C,0,0.48549783,0.14281302690505981,0.9086443781852722,0.556201159954071
YBL103C,YHR115C,0,0.48542583,0.1427909880876541,0.9086443781852722,0.5563013553619385
YJR159W,YDL141W,0,0.48519376,0.1427689492702484,0.9086443781852722,0.5564015507698059
YEL005C,YDR163W,0,0.48498493,0.1427469104528427,0.9086443781852722,0.5565016865730286
YNL233W,YJR086W,0,0.48478743,0.1427248865365982,0.9086443781852722,0.556601881980896
YNR055C,YKL088W,0,0.48463517,0.1427028626203537,0.9086443781852722,0.5567020773887634
YOR278W,YLL031C,0,0.48461798,0.14268085360527039,0.9086443781852722,0.5568022727966309
YMR170C,YPR056W,0,0.4845168,0.14265885949134827,0.9086443781852722,0.5569024085998535
YNL031C,YLR405W,0,0.4841944,0.14263685047626495,0.9086443781852722,0.557002604007721
YER138C,YPL017C,1,0.48411912,0.14276903867721558,0.9096267223358154,0.557002604007721
YML010W,YDL099W,0,0.4835688,0.14274702966213226,0.9096267223358154,0.5571027994155884
YDL210W,YKL211C,0,0.48336697,0.14272503554821014,0.9096267223358154,0.5572029948234558
YJR056C,YGL139W,0,0.48336333,0.14270304143428802,0.9096267223358154,0.5573031306266785
YJL183W,YBR237W,0,0.48320836,0.1426810473203659,0.9096267223358154,0.5574033260345459
YJR048W,YLR131C,0,0.48306376,0.14265906810760498,0.9096267223358154,0.5575035214424133
YLR048W,YGR205W,0,0.48286074,0.14263708889484406,0.9096267223358154,0.557603657245636
YDR487C,YLR371W,0,0.48274076,0.14261512458324432,0.9096267223358154,0.5577038526535034
YIL070C,YLR369W,0,0.48265317,0.1425931602716446,0.9096267223358154,0.5578040480613708
YEL054C,YBL040C,0,0.482323,0.14257121086120605,0.9096267223358154,0.5579042434692383
YLL011W,YOR290C,0,0.48227337,0.14254926145076752,0.9096267223358154,0.5580043792724609
YDR529C,YCR073C,0,0.481814,0.14252732694149017,0.9096267223358154,0.5581045746803284
YML001W,YFR025C,0,0.48178443,0.14250539243221283,0.9096267223358154,0.5582047700881958
YHR044C,YLR242C,0,0.48178118,0.14248345792293549,0.9096267223358154,0.5583049654960632
YLR225C,YGR060W,0,0.4811781,0.14246153831481934,0.9096267223358154,0.5584051012992859
YPR118W,YDR032C,0,0.48111302,0.14243961870670319,0.9096267223358154,0.5585052967071533
YOR358W,YPL090C,0,0.48086578,0.14241771399974823,0.9096267223358154,0.5586054921150208
YKL040C,YPL089C,0,0.48060918,0.14239582419395447,0.9096267223358154,0.5587056875228882
YNL142W,YNL240C,0,0.48036662,0.1423739194869995,0.9096267223358154,0.5588058233261108
YER174C,YER102W,0,0.48013574,0.14235202968120575,0.9096267223358154,0.5589060187339783
YNL164C,YIL110W,0,0.48007298,0.14233015477657318,0.9096267223358154,0.5590062141418457
YDR191W,YGL047W,0,0.4800635,0.1423082798719406,0.9096267223358154,0.5591064095497131
YLR275W,YMR256C,0,0.48002744,0.14228641986846924,0.9096267223358154,0.5592065453529358
YDR283C,YPR184W,0,0.47984475,0.14226455986499786,0.9096267223358154,0.5593067407608032
YPR118W,YOR124C,0,0.47976962,0.1422426998615265,0.9096267223358154,0.5594069361686707
YJL104W,YBR188C,0,0.4796396,0.1422208547592163,0.9096267223358154,0.5595071315765381
YIL087C,YIL126W,0,0.479616,0.14219902455806732,0.9096267223358154,0.5596072673797607
YBR156C,YGL232W,0,0.47926053,0.14217717945575714,0.9096267223358154,0.5597074627876282
YER016W,YER174C,0,0.4792453,0.14215536415576935,0.9096267223358154,0.5598076581954956
YAL026C,YFR038W,0,0.47922993,0.14213353395462036,0.9096267223358154,0.559907853603363
YMR177W,YGR096W,0,0.47905153,0.14211171865463257,0.9096267223358154,0.5600079894065857
YHL035C,YOR242C,0,0.47881648,0.14208991825580597,0.9096267223358154,0.5601081848144531
YHR141C,YKR048C,0,0.47865662,0.14206811785697937,0.9096267223358154,0.5602083802223206
YDR120C,YNL197C,0,0.4786049,0.14204633235931396,0.9096267223358154,0.560308575630188
YJL180C,YOR330C,0,0.47857004,0.14202454686164856,0.9096267223358154,0.5604087114334106
YIL009W,YDR447C,0,0.47852612,0.14200276136398315,0.9096267223358154,0.5605089068412781
YHR197W,YLR154C,0,0.47845352,0.14198099076747894,0.9096267223358154,0.5606091022491455
YDR120C,YHR017W,0,0.47801045,0.14195922017097473,0.9096267223358154,0.5607092976570129
YIL120W,YDL139C,0,0.47758892,0.1419374644756317,0.9096267223358154,0.5608094334602356
YBR241C,YDR142C,0,0.4773689,0.1419157087802887,0.9096267223358154,0.560909628868103
YLR085C,YDR447C,0,0.47697556,0.14189396798610687,0.9096267223358154,0.5610098242759705
YDR056C,YJL044C,0,0.47663313,0.14187222719192505,0.9096267223358154,0.5611100196838379
YDR346C,YDL010W,0,0.47619063,0.14185048639774323,0.9096267223358154,0.5612101554870605
YPR057W,YJR135C,0,0.47618604,0.1418287605047226,0.9096267223358154,0.561310350894928
YLR004C,YML120C,0,0.47616184,0.14180704951286316,0.9096267223358154,0.5614105463027954
YLR239C,YPR156C,0,0.47591695,0.14178533852100372,0.9096267223358154,0.5615107417106628
YDR516C,YBR009C,0,0.47574207,0.1417636275291443,0.9096267223358154,0.5616108775138855
YNL318C,YOR140W,0,0.4756788,0.14174193143844604,0.9096267223358154,0.5617110729217529
YHL002W,YOR348C,0,0.4754051,0.1417202353477478,0.9096267223358154,0.5618112683296204
YGL144C,YOR141C,0,0.47539994,0.14169853925704956,0.9096267223358154,0.5619114637374878
YNL152W,YOR141C,0,0.47534928,0.1416768729686737,0.9096267223358154,0.5620115995407104
YGR007W,YLR067C,0,0.47526917,0.14165519177913666,0.9096267223358154,0.5621117949485779
YDR479C,YJL096W,0,0.47492924,0.1416335254907608,0.9096267223358154,0.5622119903564453
YKL062W,YGL039W,0,0.47482803,0.14161187410354614,0.9096267223358154,0.5623121857643127
YNL292W,YOL042W,0,0.474766,0.1415902078151703,0.9096267223358154,0.5624123215675354
YCR008W,YJL158C,0,0.47470737,0.14156857132911682,0.9096267223358154,0.5625125169754028
YFL052W,YBR283C,0,0.47425732,0.14154693484306335,0.9096267223358154,0.5626127123832703
YOR284W,YPR005C,0,0.4741751,0.1415252983570099,0.9096267223358154,0.5627129077911377
YJL090C,YMR260C,0,0.47415677,0.14150366187095642,0.9096267223358154,0.5628130435943604
YNR043W,YLR193C,0,0.474069,0.14148204028606415,0.9096267223358154,0.5629132390022278
YDL209C,YPL148C,0,0.47371387,0.14146043360233307,0.9096267223358154,0.5630134344100952
YIL019W,YHL011C,0,0.47332448,0.141438826918602,0.9096267223358154,0.5631136298179626
YPR063C,YLR126C,0,0.47322473,0.1414172202348709,0.9096267223358154,0.5632137656211853
YIR034C,YGR207C,0,0.47297847,0.14139562845230103,0.9096267223358154,0.5633139610290527
YGL089C,YPL074W,0,0.47196475,0.14137405157089233,0.9096267223358154,0.5634141564369202
YPL275W,YFL047W,0,0.4718846,0.14135245978832245,0.9096267223358154,0.5635143518447876
YMR100W,YER056C-A,0,0.47159246,0.14133089780807495,0.9096267223358154,0.5636144876480103
YOL019W,YKL120W,0,0.47157484,0.14130932092666626,0.9096267223358154,0.5637146830558777
YNL183C,YEL001C,0,0.47105798,0.14128775894641876,0.9096267223358154,0.5638148784637451
YBR216C,YDL222C,0,0.47075737,0.14126621186733246,0.9096267223358154,0.5639150738716125
YMR177W,YNR001C,0,0.470633,0.14124466478824615,0.9096267223358154,0.5640152096748352
YMR056C,YER112W,0,0.4704079,0.14122311770915985,0.9096267223358154,0.5641154050827026
YJL093C,YGR060W,0,0.47034276,0.14120158553123474,0.9096267223358154,0.5642156004905701
YMR014W,YOR307C,0,0.47027227,0.14118005335330963,0.9096267223358154,0.5643157958984375
YEL032W,YJL148W,0,0.470168,0.14115853607654572,0.9096267223358154,0.5644159317016602
YBR279W,YIL145C,0,0.47016686,0.1411370187997818,0.9096267223358154,0.5645161271095276
YDR208W,YLR262C,0,0.47010174,0.14111551642417908,0.9096267223358154,0.564616322517395
YDR400W,YDL005C,0,0.46960047,0.14109401404857635,0.9096267223358154,0.5647165179252625
YCR020C,YNL181W,0,0.4694024,0.14107251167297363,0.9096267223358154,0.5648166537284851
YBR015C,YBL005W,0,0.46908793,0.1410510241985321,0.9096267223358154,0.5649168491363525
YLL016W,YLR284C,0,0.46874022,0.14102955162525177,0.9096267223358154,0.56501704454422
YFR049W,YPL133C,0,0.4685824,0.14100806415081024,0.9096267223358154,0.5651172399520874
YDR368W,YLR079W,0,0.46853077,0.1409866064786911,0.9096267223358154,0.5652173757553101
YLR298C,YFL047W,0,0.46841308,0.14096513390541077,0.9096267223358154,0.5653175711631775
YPL270W,YML010W,0,0.46813262,0.14094367623329163,0.9096267223358154,0.5654177665710449
YBR161W,YOR308C,0,0.46797526,0.14092223346233368,0.9096267223358154,0.5655179619789124
YLR007W,YDR288W,1,0.46767548,0.1410529464483261,0.9106090664863586,0.5655179619789124
YJL106W,YJL050W,0,0.46677035,0.14103148877620697,0.9106090664863586,0.565618097782135
YMR234W,YHR001W-A,0,0.46574515,0.14101004600524902,0.9106090664863586,0.5657182931900024
YJL076W,YMR237W,0,0.4656909,0.14098858833312988,0.9106090664863586,0.5658184885978699
YML129C,YMR214W,0,0.4656446,0.14096716046333313,0.9106090664863586,0.5659186244010925
YLR085C,YKL017C,0,0.46563736,0.14094571769237518,0.9106090664863586,0.56601881980896
YKL116C,YFR027W,0,0.4654818,0.14092428982257843,0.9106090664863586,0.5661190152168274
YDL113C,YHR210C,0,0.4652828,0.14090287685394287,0.9106090664863586,0.5662192106246948
YDR197W,YLL015W,0,0.4648896,0.1408814638853073,0.9106090664863586,0.5663193464279175
YPL084W,YNL327W,0,0.4646141,0.14086005091667175,0.9106090664863586,0.5664195418357849
YBL064C,YAL044C,0,0.4645204,0.1408386528491974,0.9106090664863586,0.5665197372436523
YGL136C,YLL057C,0,0.46430576,0.14081725478172302,0.9106090664863586,0.5666199326515198
YNL176C,YDR126W,0,0.46401975,0.14079587161540985,0.9106090664863586,0.5667200684547424
YDL122W,YIL155C,0,0.46382654,0.14077448844909668,0.9106090664863586,0.5668202638626099
YHR214W,YML126C,0,0.46341538,0.1407531052827835,0.9106090664863586,0.5669204592704773
YIL063C,YGR158C,0,0.4625744,0.14073173701763153,0.9106090664863586,0.5670206546783447
YDR104C,YGR138C,0,0.46255618,0.14071038365364075,0.9106090664863586,0.5671207904815674
YEL054C,YDR191W,0,0.4622492,0.14068903028964996,0.9106090664863586,0.5672209858894348
YLR260W,YBR162W-A,0,0.46223098,0.14066767692565918,0.9106090664863586,0.5673211812973022
YOR193W,YDR256C,0,0.46202165,0.1406463384628296,0.9106090664863586,0.5674213767051697
YGR088W,YPL126W,0,0.46141264,0.140625,0.9106090664863586,0.5675215125083923
YGL192W,YDL005C,0,0.46135277,0.1406036764383316,0.9106090664863586,0.5676217079162598
YGL167C,YGR123C,0,0.46131516,0.1405823528766632,0.9106090664863586,0.5677219033241272
YMR235C,YDL160C,0,0.46128988,0.1405610293149948,0.9106090664863586,0.5678220987319946
YGR278W,YER178W,0,0.46121925,0.1405397206544876,0.9106090664863586,0.5679222345352173
YER160C,YNR046W,0,0.46067733,0.1405184119939804,0.9106090664863586,0.5680224299430847
YNL268W,YFL009W,0,0.4606395,0.1404971182346344,0.9106090664863586,0.5681226253509521
YNR011C,YOR063W,0,0.46052626,0.1404758244752884,0.9106090664863586,0.5682228207588196
YPR145W,YPL126W,0,0.46046615,0.14045454561710358,0.9106090664863586,0.5683229565620422
YOR256C,YPL175W,0,0.4598562,0.14043326675891876,0.9106090664863586,0.5684231519699097
YPR105C,YNL197C,0,0.4592307,0.14041200280189514,0.9106090664863586,0.5685233473777771
YKL011C,YBR126C,0,0.4589908,0.14039073884487152,0.9106090664863586,0.5686235427856445
YKL141W,YHR187W,0,0.45786437,0.1403694748878479,0.9106090664863586,0.5687236785888672
YHR031C,YBR004C,0,0.4575104,0.14034822583198547,0.9106090664863586,0.5688238739967346
YML126C,YFR040W,0,0.4574847,0.14032697677612305,0.9106090664863586,0.568924069404602
YNR012W,YNL212W,0,0.45711434,0.14030574262142181,0.9106090664863586,0.5690242648124695
YLR288C,YDR023W,0,0.45702738,0.14028450846672058,0.9106090664863586,0.5691244006156921
YGL107C,YLR336C,0,0.4564039,0.14026327431201935,0.9106090664863586,0.5692245960235596
YHR081W,YPL127C,1,0.45639473,0.14039334654808044,0.9115913510322571,0.5692245960235596
YFR053C,YDL006W,0,0.45574632,0.1403721123933792,0.9115913510322571,0.569324791431427
YGL098W,YLR093C,0,0.45490652,0.14035087823867798,0.9115913510322571,0.5694249868392944
YDR488C,YNL181W,0,0.45485634,0.14032965898513794,0.9115913510322571,0.5695251226425171
YDR528W,YGL023C,0,0.45457077,0.1403084397315979,0.9115913510322571,0.5696253180503845
YLR307W,YOR080W,0,0.45429283,0.14028722047805786,0.9115913510322571,0.569725513458252
YHR088W,YJL013C,0,0.45427805,0.14026601612567902,0.9115913510322571,0.5698257088661194
YPL123C,YKR037C,0,0.45423642,0.14024482667446136,0.9115913510322571,0.569925844669342
YPR041W,YLR390W-A,0,0.45375848,0.1402236372232437,0.9115913510322571,0.5700260400772095
YCR043C,YJR016C,0,0.45365417,0.14020244777202606,0.9115913510322571,0.5701262354850769
YBL061C,YBR122C,0,0.4535078,0.1401812732219696,0.9115913510322571,0.5702264308929443
YKR031C,YNL075W,0,0.45332375,0.14016009867191315,0.9115913510322571,0.570326566696167
YJL156C,YOR265W,0,0.45315495,0.1401389241218567,0.9115913510322571,0.5704267621040344
YDR142C,YPL051W,0,0.4530851,0.14011776447296143,0.9115913510322571,0.5705269575119019
YMR263W,YIL113W,0,0.4530092,0.14009661972522736,0.9115913510322571,0.5706271529197693
YPL241C,YBR055C,0,0.4523716,0.1400754749774933,0.9115913510322571,0.5707272887229919
YBL022C,YML120C,0,0.4515231,0.14005433022975922,0.9115913510322571,0.5708274841308594
YIL069C,YEL017C-A,0,0.4511342,0.14003320038318634,0.9115913510322571,0.5709276795387268
YBR087W,YDR051C,0,0.45071352,0.14001207053661346,0.9115913510322571,0.5710278749465942
YKR048C,YLR083C,0,0.45052502,0.13999095559120178,0.9115913510322571,0.5711280107498169
YFR055W,YPR018W,1,0.45042863,0.14012067019939423,0.9125736951828003,0.5711280107498169
YOL009C,YHR031C,0,0.45026654,0.14009952545166016,0.9125736951828003,0.5712282061576843
YGR148C,YKR037C,0,0.45020592,0.14007841050624847,0.9125736951828003,0.5713284015655518
YPL190C,YPL137C,0,0.44974765,0.1400572955608368,0.9125736951828003,0.5714285969734192
YAL005C,YDR188W,0,0.44953686,0.1400361806154251,0.9125736951828003,0.5715287327766418
YPL016W,YMR183C,0,0.4494512,0.14001506567001343,0.9125736951828003,0.5716289281845093
YNL039W,YBR135W,0,0.44887772,0.13999396562576294,0.9125736951828003,0.5717291235923767
YJL100W,YDR434W,0,0.4488775,0.13997288048267365,0.9125736951828003,0.5718293190002441
YNR069C,YNR059W,0,0.44868442,0.13995179533958435,0.9125736951828003,0.5719294548034668
YDR420W,YNR039C,0,0.44860595,0.13993071019649506,0.9125736951828003,0.5720296502113342
YNL090W,YBR158W,0,0.44831544,0.13990963995456696,0.9125736951828003,0.5721298456192017
YMR236W,YGR158C,0,0.44800478,0.13988856971263885,0.9125736951828003,0.5722300410270691
YML128C,YLR383W,1,0.4477516,0.1400180608034134,0.9135559797286987,0.5722300410270691
YGL251C,YDR483W,0,0.4477027,0.1399969905614853,0.9135559797286987,0.5723301768302917
YDL156W,YER087C-A,0,0.4467618,0.1399759203195572,0.9135559797286987,0.5724303722381592
YKR048C,YER099C,0,0.446534,0.1399548500776291,0.9135559797286987,0.5725305676460266
YDR116C,YPL143W,0,0.44629797,0.13993379473686218,0.9135559797286987,0.572630763053894
YPL004C,YOL075C,0,0.4460834,0.13991273939609528,0.9135559797286987,0.5727308988571167
YDR478W,YLR059C,0,0.44592842,0.13989169895648956,0.9135559797286987,0.5728310942649841
YEL021W,YOL103W,0,0.44587255,0.13987065851688385,0.9135559797286987,0.5729312896728516
YBL097W,YNL067W,0,0.4457373,0.13984961807727814,0.9135559797286987,0.573031485080719
YCR018C,YPR110C,0,0.4454196,0.13982859253883362,0.9135559797286987,0.5731316208839417
YMR311C,YNL280C,0,0.44500765,0.1398075819015503,0.9135559797286987,0.5732318162918091
YER124C,YHR201C,0,0.4449731,0.13978655636310577,0.9135559797286987,0.5733320116996765
YMR234W,YLR223C,0,0.4445808,0.13976556062698364,0.9135559797286987,0.573432207107544
YOR360C,YOR117W,0,0.44451743,0.13974454998970032,0.9135559797286987,0.5735323429107666
YER089C,YJR073C,0,0.44439518,0.13972355425357819,0.9135559797286987,0.573632538318634
YMR184W,YER114C,0,0.44436306,0.13970257341861725,0.9135559797286987,0.5737327337265015
YGL156W,YIR002C,0,0.44425613,0.1396815925836563,0.9135559797286987,0.5738328695297241
YGL253W,YDL141W,0,0.44419646,0.13966061174869537,0.9135559797286987,0.5739330649375916
YBR201W,YHR134W,0,0.44414485,0.13963964581489563,0.9135559797286987,0.574033260345459
YPR017C,YFL022C,0,0.44410223,0.1396186798810959,0.9135559797286987,0.5741334557533264
YDL076C,YNL306W,0,0.4434045,0.13959771394729614,0.9135559797286987,0.5742335915565491
YMR001C,YOR141C,1,0.4430212,0.13972684741020203,0.9145383238792419,0.5742335915565491
YPR166C,YGL243W,0,0.4426787,0.13970588147640228,0.9145383238792419,0.5743337869644165
YER071C,YBR070C,0,0.44245708,0.13968491554260254,0.9145383238792419,0.5744339823722839
YPR101W,YOL005C,0,0.44215643,0.139663964509964,0.9145383238792419,0.5745341777801514
YOR009W,YMR208W,0,0.44196704,0.13964301347732544,0.9145383238792419,0.574634313583374
YNL036W,YIL030C,0,0.44128758,0.13962207734584808,0.9145383238792419,0.5747345089912415
YKL006C-A,YPR025C,0,0.44091693,0.13960114121437073,0.9145383238792419,0.5748347043991089
YPR017C,YLR426W,0,0.4408216,0.13958020508289337,0.9145383238792419,0.5749348998069763
YMR047C,YOL149W,0,0.4405864,0.1395592838525772,0.9145383238792419,0.575035035610199
YNR069C,YDL135C,0,0.44025072,0.13953836262226105,0.9145383238792419,0.5751352310180664
YOR253W,YOR141C,0,0.4398603,0.13951745629310608,0.9145383238792419,0.5752354264259338
YDL188C,YCL027W,0,0.43984988,0.1394965499639511,0.9145383238792419,0.5753356218338013
YBR207W,YGL134W,0,0.43941873,0.13947565853595734,0.9145383238792419,0.5754357576370239
YMR298W,YAL003W,0,0.4391964,0.13945476710796356,0.9145383238792419,0.5755359530448914
YKR099W,YGL049C,0,0.43916905,0.1394338756799698,0.9145383238792419,0.5756361484527588
YBR198C,YDR408C,0,0.43897495,0.1394129991531372,0.9145383238792419,0.5757363438606262
YPL084W,YLR363C,0,0.43842712,0.13939212262630463,0.9145383238792419,0.5758364796638489
YHL002W,YML054C,0,0.4382618,0.13937126100063324,0.9145383238792419,0.5759366750717163
YLR135W,YLR234W,1,0.43810436,0.13950008153915405,0.9155206084251404,0.5759366750717163
YBR136W,YLR005W,1,0.43773156,0.13962885737419128,0.9165029525756836,0.5759366750717163
YGR075C,YLR090W,0,0.4377281,0.1396079659461975,0.9165029525756836,0.5760368704795837
YNL137C,YJL078C,0,0.43763566,0.13958707451820374,0.9165029525756836,0.5761370658874512
YER095W,YPL194W,1,0.43738157,0.139715775847435,0.917485237121582,0.5761370658874512
YOR081C,YJL065C,0,0.4372444,0.13969488441944122,0.917485237121582,0.5762372016906738
YCR040W,YGL099W,0,0.43704852,0.13967399299144745,0.917485237121582,0.5763373970985413
YLR014C,YLR092W,0,0.4367854,0.13965311646461487,0.917485237121582,0.5764375925064087
YPL079W,YMR214W,0,0.43649536,0.1396322250366211,0.917485237121582,0.5765377879142761
YLL023C,YBR107C,0,0.4363673,0.1396113634109497,0.917485237121582,0.5766379237174988
YGL155W,YDR198C,0,0.4363449,0.13959050178527832,0.917485237121582,0.5767381191253662
YER179W,YDL164C,1,0.43550625,0.13971906900405884,0.9184675812721252,0.5767381191253662
YOL113W,YPL026C,0,0.43550467,0.13969819247722626,0.9184675812721252,0.5768383145332336
YOR130C,YGL027C,0,0.43539762,0.13967731595039368,0.9184675812721252,0.5769385099411011
YGR046W,YKL081W,0,0.43523479,0.1396564543247223,0.9184675812721252,0.5770386457443237
YDR001C,YPR056W,0,0.43522665,0.1396356076002121,0.9184675812721252,0.5771388411521912
YNL076W,YDL010W,0,0.43442023,0.1396147459745407,0.9184675812721252,0.5772390365600586
YHL016C,YDR142C,0,0.43431365,0.1395939141511917,0.9184675812721252,0.577339231967926
YJL189W,YIR006C,0,0.43426752,0.13957306742668152,0.9184675812721252,0.5774393677711487
YHR129C,YGL189C,0,0.43423173,0.13955223560333252,0.9184675812721252,0.5775395631790161
YMR170C,YIL036W,0,0.43418074,0.13953141868114471,0.9184675812721252,0.5776397585868835
YGR091W,YOL013C,0,0.43415317,0.13951058685779572,0.9184675812721252,0.577739953994751
YDR237W,YOR330C,0,0.4337892,0.1394897848367691,0.9184675812721252,0.5778400897979736
YLR014C,YJL189W,0,0.4336841,0.1394689679145813,0.9184675812721252,0.5779402852058411
YJL156C,YML058W,0,0.4332236,0.1394481658935547,0.9184675812721252,0.5780404806137085
YDL091C,YDL155W,0,0.43303967,0.13942737877368927,0.9184675812721252,0.5781406760215759
YJL125C,YJR001W,0,0.4329273,0.13940659165382385,0.9184675812721252,0.5782408118247986
YDR393W,YJL003W,0,0.43210602,0.13938580453395844,0.9184675812721252,0.578341007232666
YDR349C,YAL028W,0,0.43183887,0.1393650323152542,0.9184675812721252,0.5784412026405334
YMR091C,YPL159C,0,0.43140888,0.13934426009655,0.9184675812721252,0.5785413980484009
YEL020C,YHR146W,0,0.43138546,0.13932350277900696,0.9184675812721252,0.5786415338516235
YBR079C,YAL026C,0,0.4313819,0.13930274546146393,0.9184675812721252,0.578741729259491
YLR014C,YOR037W,0,0.43125322,0.1392819881439209,0.9184675812721252,0.5788419246673584
YDR210W,YNL221C,0,0.43119216,0.13926124572753906,0.9184675812721252,0.5789421200752258
YJL036W,YNL054W,0,0.4311618,0.13924050331115723,0.9184675812721252,0.5790422558784485
YDR120C,YOR256C,0,0.43112713,0.13921977579593658,0.9184675812721252,0.5791424512863159
YHR161C,YMR293C,0,0.4308763,0.13919904828071594,0.9184675812721252,0.5792426466941833
YGR030C,YDR182W,0,0.43075797,0.1391783207654953,0.9184675812721252,0.5793428421020508
YFR006W,YKR037C,0,0.430703,0.13915760815143585,0.9184675812721252,0.5794429779052734
YOR373W,YHR045W,0,0.43044966,0.1391369104385376,0.9184675812721252,0.5795431733131409
YJL179W,YKL046C,0,0.43031597,0.13911619782447815,0.9184675812721252,0.5796433687210083
YAR015W,YBL084C,0,0.4298539,0.1390955001115799,0.9184675812721252,0.5797435641288757
YLR262C,YML038C,0,0.42983702,0.13907481729984283,0.9184675812721252,0.5798436999320984
YLR418C,YDL164C,1,0.42965344,0.13920284807682037,0.9194499254226685,0.5798436999320984
YPL177C,YNR045W,0,0.42959943,0.13918215036392212,0.9194499254226685,0.5799438953399658
YPL016W,YBR078W,0,0.42951572,0.13916146755218506,0.9194499254226685,0.5800440907478333
YDL008W,YOR087W,0,0.42924199,0.1391407698392868,0.9194499254226685,0.5801442861557007
YDR060W,YML116W,0,0.428536,0.13912010192871094,0.9194499254226685,0.5802444219589233
YNL030W,YBR033W,0,0.4282639,0.13909941911697388,0.9194499254226685,0.5803446173667908
YHR141C,YJL013C,0,0.42755377,0.139078751206398,0.9194499254226685,0.5804448127746582
YDL002C,YJL025W,0,0.427449,0.13905808329582214,0.9194499254226685,0.5805450081825256
YNL142W,YPR178W,0,0.42740947,0.13903743028640747,0.9194499254226685,0.5806451439857483
YKR064W,YML130C,0,0.42676595,0.1390167772769928,0.9194499254226685,0.5807453393936157
YOL091W,YML061C,0,0.42671642,0.13899613916873932,0.9194499254226685,0.5808455348014832
YOL008W,YGR092W,0,0.4265836,0.13897550106048584,0.9194499254226685,0.5809457302093506
YBR005W,YER028C,0,0.42636085,0.13895486295223236,0.9194499254226685,0.5810458660125732
YGL107C,YJL184W,0,0.4260944,0.13893423974514008,0.9194499254226685,0.5811460614204407
YOR116C,YNL152W,0,0.4259675,0.13891363143920898,0.9194499254226685,0.5812462568283081
YHR088W,YGR074W,0,0.42594564,0.1388930082321167,0.9194499254226685,0.5813464522361755
YBR070C,YNL217W,0,0.4259187,0.1388723999261856,0.9194499254226685,0.5814465880393982
YDR264C,YDL211C,0,0.4257477,0.1388518065214157,0.9194499254226685,0.5815467834472656
YDL155W,YNR038W,0,0.4254521,0.1388312131166458,0.9194499254226685,0.5816469788551331
YPR018W,YKL021C,0,0.42541456,0.13881061971187592,0.9194499254226685,0.5817471742630005
YOL002C,YER094C,0,0.42538583,0.1387900412082672,0.9194499254226685,0.5818473100662231
YGR280C,YDL122W,0,0.42531097,0.1387694627046585,0.9194499254226685,0.5819475054740906
YJL145W,YLR083C,0,0.42496675,0.1387488842010498,0.9194499254226685,0.582047700881958
YLL066C,YJL050W,0,0.42477357,0.1387283205986023,0.9194499254226685,0.5821478366851807
YGL085W,YLR466W,0,0.4245025,0.13870777189731598,0.9194499254226685,0.5822480320930481
YLR449W,YBR301W,0,0.4239596,0.13868720829486847,0.9194499254226685,0.5823482275009155
YJL136C,YER155C,0,0.4236681,0.13866665959358215,0.9194499254226685,0.582448422908783
YOL064C,YDL066W,0,0.42360058,0.13864612579345703,0.9194499254226685,0.5825485587120056
YDL178W,YAR042W,0,0.423426,0.1386255919933319,0.9194499254226685,0.582648754119873
YDR165W,YOL109W,0,0.42335334,0.1386050581932068,0.9194499254226685,0.5827489495277405
YNL046W,YDR329C,0,0.42311206,0.13858453929424286,0.9194499254226685,0.5828491449356079
YOL149W,YDR469W,0,0.42306736,0.13856402039527893,0.9194499254226685,0.5829492807388306
YIL034C,YNR033W,0,0.42283955,0.1385435163974762,0.9194499254226685,0.583049476146698
YBR216C,YLR388W,0,0.42182937,0.13852301239967346,0.9194499254226685,0.5831496715545654
YNR032W,YDL165W,0,0.42151567,0.13850250840187073,0.9194499254226685,0.5832498669624329
YGR212W,YLR070C,0,0.42147535,0.1384820193052292,0.9194499254226685,0.5833500027656555
YOR217W,YBL050W,0,0.42117473,0.13846154510974884,0.9194499254226685,0.583450198173523
YDR273W,YIL130W,0,0.42099303,0.1384410560131073,0.9194499254226685,0.5835503935813904
YLR014C,YML085C,0,0.42079958,0.13842058181762695,0.9194499254226685,0.5836505889892578
YFL024C,YDR018C,0,0.42053282,0.1384001225233078,0.9194499254226685,0.5837507247924805
YJL118W,YIR033W,0,0.4204632,0.13837966322898865,0.9194499254226685,0.5838509202003479
YOR179C,YER058W,0,0.42033425,0.1383592039346695,0.9194499254226685,0.5839511156082153
YGR231C,YNL113W,0,0.42000538,0.13833875954151154,0.9194499254226685,0.5840513110160828
YBR069C,YGR211W,0,0.4198413,0.13831831514835358,0.9194499254226685,0.5841514468193054
YKR030W,YDR536W,0,0.41954154,0.13829787075519562,0.9194499254226685,0.5842516422271729
YDR519W,YGR090W,0,0.4192983,0.13827744126319885,0.9194499254226685,0.5843518376350403
YGR209C,YBL088C,0,0.4190653,0.1382570117712021,0.9194499254226685,0.5844520330429077
YLR260W,YDR221W,0,0.4186409,0.13823659718036652,0.9194499254226685,0.5845521688461304
YPL012W,YJR125C,0,0.4185145,0.13821618258953094,0.9194499254226685,0.5846523642539978
YMR199W,YGL105W,0,0.41804314,0.13819578289985657,0.9194499254226685,0.5847525596618652
YMR290C,YNR022C,0,0.41791677,0.1381753832101822,0.9194499254226685,0.5848527550697327
YBR189W,YLR467W,0,0.41763148,0.1381549835205078,0.9194499254226685,0.5849528908729553
YNR043W,YBL018C,0,0.41759497,0.13813459873199463,0.9194499254226685,0.5850530862808228
YLR132C,YDR376W,0,0.41739887,0.13811421394348145,0.9194499254226685,0.5851532816886902
YDR075W,YER114C,0,0.4173392,0.13809382915496826,0.9194499254226685,0.5852534770965576
YKL216W,YLR223C,0,0.41731027,0.13807345926761627,0.9194499254226685,0.5853536128997803
YJR058C,YNL135C,0,0.4172111,0.13805310428142548,0.9194499254226685,0.5854538083076477
YDR463W,YPR184W,0,0.41701418,0.1380327343940735,0.9194499254226685,0.5855540037155151
YFR014C,YPL008W,0,0.41679734,0.1380123794078827,0.9194499254226685,0.5856541991233826
YKL029C,YER028C,0,0.41664395,0.1379920393228531,0.9194499254226685,0.5857543349266052
YDR385W,YCR017C,0,0.41653842,0.1379716992378235,0.9194499254226685,0.5858545303344727
YIL027C,YDL069C,0,0.41648442,0.13795135915279388,0.9194499254226685,0.5859547257423401
YJR027W,YMR167W,1,0.41609228,0.13807839155197144,0.9204322099685669,0.5859547257423401
YLR373C,YPL203W,0,0.41552964,0.13805805146694183,0.9204322099685669,0.5860549211502075
YDL229W,YMR243C,0,0.41549757,0.13803771138191223,0.9204322099685669,0.5861550569534302
YCR075C,YLR406C,0,0.41540304,0.13801738619804382,0.9204322099685669,0.5862552523612976
YPL254W,YPL225W,0,0.41509494,0.13799706101417542,0.9204322099685669,0.586355447769165
YFR038W,YMR190C,1,0.41506016,0.1381239891052246,0.9214145541191101,0.586355447769165
YCL020W,YJR135C,0,0.4148602,0.138103649020195,0.9214145541191101,0.5864556431770325
YLR225C,YDR085C,0,0.41442382,0.1380833238363266,0.9214145541191101,0.5865557789802551
YDR359C,YLR357W,0,0.41435915,0.1380629986524582,0.9214145541191101,0.5866559743881226
YOR236W,YOR149C,0,0.4141382,0.13804267346858978,0.9214145541191101,0.58675616979599
YOR119C,YLR071C,0,0.41384473,0.13802236318588257,0.9214145541191101,0.5868563652038574
YDR121W,YNL252C,0,0.41373336,0.13800205290317535,0.9214145541191101,0.5869565010070801
YNL183C,YBL009W,0,0.413567,0.13798175752162933,0.9214145541191101,0.5870566964149475
YOR171C,YJR090C,0,0.4133946,0.1379614621400833,0.9214145541191101,0.5871568918228149
YBR021W,YGL022W,0,0.41335297,0.1379411816596985,0.9214145541191101,0.5872570872306824
YBR291C,YBR273C,0,0.4132563,0.13792090117931366,0.9214145541191101,0.587357223033905
YDL076C,YMR162C,0,0.4132493,0.13790062069892883,0.9214145541191101,0.5874574184417725
YHR028C,YDR011W,0,0.41306064,0.137880340218544,0.9214145541191101,0.5875576138496399
YLR266C,YHR098C,0,0.4129334,0.13786008954048157,0.9214145541191101,0.5876578092575073
YDL168W,YML038C,0,0.41291136,0.13783982396125793,0.9214145541191101,0.58775794506073
YER131W,YDR356W,0,0.4127662,0.1378195732831955,0.9214145541191101,0.5878581404685974
YMR105C,YJL180C,0,0.41265753,0.13779932260513306,0.9214145541191101,0.5879583358764648
YHR184W,YIL033C,0,0.4124909,0.1377790868282318,0.9214145541191101,0.5880585312843323
YDR303C,YDR155C,0,0.41244894,0.13775885105133057,0.9214145541191101,0.5881586670875549
YML101C,YNL087W,0,0.41230834,0.13773861527442932,0.9214145541191101,0.5882588624954224
YCR018C,YCR044C,0,0.41194895,0.13771839439868927,0.9214145541191101,0.5883590579032898
YHR039C,YMR224C,1,0.4118314,0.137844979763031,0.9223968386650085,0.5883590579032898
YIL023C,YFR028C,0,0.41182005,0.13782474398612976,0.9223968386650085,0.5884592533111572
YMR100W,YBR290W,0,0.41165602,0.1378045231103897,0.9223968386650085,0.5885593891143799
YIL123W,YOR341W,0,0.41157323,0.13778430223464966,0.9223968386650085,0.5886595845222473
YNR051C,YNL103W,0,0.41061074,0.1377640813589096,0.9223968386650085,0.5887597799301147
YOR007C,YOR335C,0,0.41048065,0.13774387538433075,0.9223968386650085,0.5888599753379822
YOR076C,YOR028C,0,0.40996704,0.1377236694097519,0.9223968386650085,0.5889601111412048
YFR025C,YMR313C,0,0.40989286,0.13770347833633423,0.9223968386650085,0.5890603065490723
YGR067C,YER123W,0,0.40948504,0.13768328726291656,0.9223968386650085,0.5891605019569397
YML013W,YBL087C,0,0.40911743,0.1376630961894989,0.9223968386650085,0.5892606973648071
YBL074C,YKL079W,0,0.40877408,0.13764292001724243,0.9223968386650085,0.5893608331680298
YIL136W,YLR035C,0,0.40778065,0.13762274384498596,0.9223968386650085,0.5894610285758972
YML021C,YNL197C,0,0.40776372,0.13760258257389069,0.9223968386650085,0.5895612239837646
YDR328C,YGR286C,0,0.40736273,0.1375824213027954,0.9223968386650085,0.5896614193916321
YKL218C,YMR026C,0,0.40702412,0.13756226003170013,0.9223968386650085,0.5897615551948547
YBL017C,YLR450W,0,0.40691417,0.13754211366176605,0.9223968386650085,0.5898617506027222
YNL166C,YNL180C,0,0.40683785,0.13752196729183197,0.9223968386650085,0.5899619460105896
YPR188C,YOR205C,0,0.40672636,0.13750183582305908,0.9223968386650085,0.590062141418457
YPR048W,YLR001C,0,0.40659538,0.1374817043542862,0.9223968386650085,0.5901622772216797
YPL181W,YLR089C,0,0.40642875,0.1374615728855133,0.9223968386650085,0.5902624726295471
YJR099W,YCL063W,0,0.40634766,0.1374414563179016,0.9223968386650085,0.5903626680374146
YMR106C,YCR005C,0,0.40621555,0.13742133975028992,0.9223968386650085,0.5904628038406372
YDR246W,YIL049W,0,0.40621313,0.13740122318267822,0.9223968386650085,0.5905629992485046
YDL165W,YKL040C,0,0.40618014,0.13738112151622772,0.9223968386650085,0.5906631946563721
YDR515W,YOR357C,0,0.40607786,0.13736103475093842,0.9223968386650085,0.5907633900642395
YDR259C,YKR053C,0,0.40601218,0.13734093308448792,0.9223968386650085,0.5908635258674622
YKL063C,YGR211W,0,0.40598166,0.1373208612203598,0.9223968386650085,0.5909637212753296
YGR047C,YGR162W,0,0.40597028,0.1373007744550705,0.9223968386650085,0.591063916683197
YLR304C,YBL010C,0,0.40585142,0.13728070259094238,0.9223968386650085,0.5911641120910645
YIL051C,YLR242C,0,0.4056937,0.13726063072681427,0.9223968386650085,0.5912642478942871
YML113W,YNL103W,0,0.40565288,0.13724057376384735,0.9223968386650085,0.5913644433021545
YPL135W,YKL027W,0,0.40532225,0.13722051680088043,0.9223968386650085,0.591464638710022
YHL020C,YPR055W,0,0.404506,0.1372004747390747,0.9223968386650085,0.5915648341178894
YML082W,YGR188C,0,0.4044311,0.1371804177761078,0.9223968386650085,0.5916649699211121
YHR200W,YLR263W,0,0.40433812,0.13716039061546326,0.9223968386650085,0.5917651653289795
YKL157W,YKL139W,0,0.40432447,0.13714034855365753,0.9223968386650085,0.5918653607368469
YHR020W,YEL061C,0,0.4040516,0.137120321393013,0.9223968386650085,0.5919655561447144
YNL287W,YIL172C,0,0.40364438,0.13710030913352966,0.9223968386650085,0.592065691947937
YMR199W,YPL254W,0,0.4036438,0.13708029687404633,0.9223968386650085,0.5921658873558044
YHR001W,YLR215C,0,0.40334615,0.137060284614563,0.9223968386650085,0.5922660827636719
YOR028C,YLR324W,0,0.4033175,0.13704028725624084,0.9223968386650085,0.5923662781715393
YDR507C,YBR204C,0,0.4033057,0.1370202898979187,0.9223968386650085,0.592466413974762
YLR399C,YLR449W,0,0.40296727,0.13700029253959656,0.9223968386650085,0.5925666093826294
YGR262C,YOR359W,0,0.40296257,0.1369803100824356,0.9223968386650085,0.5926668047904968
YDR127W,YER048W-A,0,0.40292352,0.13696032762527466,0.9223968386650085,0.5927670001983643
YNL180C,YOR363C,0,0.4027545,0.1369403600692749,0.9223968386650085,0.5928671360015869
YDR294C,YNR054C,0,0.4026701,0.13692037761211395,0.9223968386650085,0.5929673314094543
YDL239C,YOR332W,0,0.4025945,0.1369004249572754,0.9223968386650085,0.5930675268173218
YDR500C,YAL020C,0,0.40245327,0.13688047230243683,0.9223968386650085,0.5931677222251892
YMR305C,YLR233C,0,0.40235713,0.13686051964759827,0.9223968386650085,0.5932678580284119
YBL106C,YHR001W-A,0,0.4020625,0.1368405669927597,0.9223968386650085,0.5933680534362793
YNL275W,YOR057W,0,0.4015277,0.13682062923908234,0.9223968386650085,0.5934682488441467
YPL111W,YOL105C,0,0.40138602,0.13680070638656616,0.9223968386650085,0.5935684442520142
YPR018W,YGL055W,0,0.40121812,0.1367807686328888,0.9223968386650085,0.5936685800552368
YOR217W,YHR161C,0,0.4009416,0.13676084578037262,0.9223968386650085,0.5937687754631042
YDR056C,YLR419W,0,0.40092492,0.13674093782901764,0.9223968386650085,0.5938689708709717
YBR235W,YBR073W,0,0.40079954,0.13672102987766266,0.9223968386650085,0.5939691662788391
YDR500C,YPR114W,0,0.4003812,0.13670112192630768,0.9223968386650085,0.5940693020820618
YJL151C,YNL251C,0,0.40010485,0.1366812288761139,0.9223968386650085,0.5941694974899292
YDR057W,YPR188C,0,0.39997417,0.1366613358259201,0.9223968386650085,0.5942696928977966
YFR047C,YCR016W,0,0.39986074,0.13664144277572632,0.9223968386650085,0.5943698883056641
YHR184W,YOR048C,0,0.39978334,0.13662156462669373,0.9223968386650085,0.5944700241088867
YHR083W,YHR128W,0,0.39958698,0.13660168647766113,0.9223968386650085,0.5945702195167542
YLR022C,YDR176W,0,0.3994859,0.13658182322978973,0.9223968386650085,0.5946704149246216
YLR135W,YPL015C,1,0.39929783,0.1367073953151703,0.9233791828155518,0.5946704149246216
YGR099W,YDL112W,0,0.3991169,0.1366875022649765,0.9233791828155518,0.594770610332489
YDL012C,YNL224C,0,0.39876646,0.1366676390171051,0.9233791828155518,0.5948707461357117
YMR163C,YMR256C,0,0.3987127,0.1366477757692337,0.9233791828155518,0.5949709415435791
YKR077W,YBR236C,0,0.39860672,0.1366279125213623,0.9233791828155518,0.5950711369514465
YER160C,YHR081W,1,0.39840168,0.1367533802986145,0.9243614673614502,0.5950711369514465
YHR034C,YPL181W,0,0.39834258,0.1367335021495819,0.9243614673614502,0.595171332359314
YLR212C,YKL006C-A,0,0.39789087,0.1367136389017105,0.9243614673614502,0.5952714681625366
YER095W,YER147C,1,0.39785552,0.13683904707431793,0.9253438115119934,0.5952714681625366
YHR089C,YFR050C,0,0.39772847,0.13681916892528534,0.9253438115119934,0.595371663570404
YLR084C,YLL022C,0,0.3976034,0.13679930567741394,0.9253438115119934,0.5954718589782715
YDL067C,YBR034C,0,0.3974973,0.13677944242954254,0.9253438115119934,0.5955720543861389
YOR110W,YHR032W,0,0.3973697,0.13675957918167114,0.9253438115119934,0.5956721901893616
YMR197C,YHR076W,0,0.39728755,0.13673973083496094,0.9253438115119934,0.595772385597229
YOL096C,YPR183W,0,0.39710194,0.13671988248825073,0.9253438115119934,0.5958725810050964
YHL013C,YNL101W,0,0.39679292,0.13670004904270172,0.9253438115119934,0.5959727764129639
YER113C,YMR188C,0,0.39658406,0.1366802155971527,0.9253438115119934,0.5960729122161865
YDR462W,YIL093C,0,0.39548403,0.1366603821516037,0.9253438115119934,0.596173107624054
YCR005C,YMR119W,0,0.39523485,0.13664056360721588,0.9253438115119934,0.5962733030319214
YNR011C,YGL142C,0,0.39515442,0.13662074506282806,0.9253438115119934,0.5963734984397888
YOL138C,YNL292W,0,0.39499807,0.13660092651844025,0.9253438115119934,0.5964736342430115
YPL228W,YFR028C,0,0.3947088,0.13658112287521362,0.9253438115119934,0.5965738296508789
YGR284C,YDL154W,0,0.39455998,0.136561319231987,0.9253438115119934,0.5966740250587463
YLR086W,YDL235C,0,0.39438248,0.13654153048992157,0.9253438115119934,0.5967742204666138
YNL045W,YDL031W,0,0.3940308,0.13652174174785614,0.9253438115119934,0.5968743562698364
YDR016C,YLR237W,0,0.39401293,0.1365019530057907,0.9253438115119934,0.5969745516777039
YMR297W,YDR280W,0,0.3939153,0.13648217916488647,0.9253438115119934,0.5970747470855713
YCR107W,YDR091C,0,0.3937781,0.13646240532398224,0.9253438115119934,0.5971749424934387
YKR052C,YJR110W,0,0.39367375,0.1364426463842392,0.9253438115119934,0.5972750782966614
YOR312C,YOR048C,0,0.39320427,0.13642288744449615,0.9253438115119934,0.5973752737045288
YIL120W,YNL136W,0,0.39320388,0.1364031285047531,0.9253438115119934,0.5974754691123962
YBR122C,YKR061W,0,0.39315078,0.13638338446617126,0.9253438115119934,0.5975756645202637
YDL003W,YOR174W,0,0.3928629,0.13636364042758942,0.9253438115119934,0.5976758003234863
YIL019W,YLR467W,0,0.39246064,0.13634389638900757,0.9253438115119934,0.5977759957313538
YGL201C,YMR244C-A,0,0.39213824,0.13632416725158691,0.9253438115119934,0.5978761911392212
YBR104W,YKL145W,0,0.39159152,0.13630443811416626,0.9253438115119934,0.5979763865470886
YOR090C,YGR162W,0,0.39139086,0.1362847238779068,0.9253438115119934,0.5980765223503113
YNR047W,YGL232W,0,0.39134616,0.13626500964164734,0.9253438115119934,0.5981767177581787
YPL206C,YOL056W,0,0.3912556,0.13624529540538788,0.9253438115119934,0.5982769131660461
YNL082W,YPL079W,0,0.39124697,0.1362255960702896,0.9253438115119934,0.5983770489692688
YBL105C,YIL090W,0,0.39120868,0.13620589673519135,0.9253438115119934,0.5984772443771362
YDR247W,YDR041W,0,0.3910259,0.13618621230125427,0.9253438115119934,0.5985774397850037
YML027W,YER173W,0,0.39064938,0.1361665278673172,0.9253438115119934,0.5986776351928711
YIR031C,YAL055W,0,0.39060897,0.13614684343338013,0.9253438115119934,0.5987777709960938
YLR320W,YBR044C,0,0.39029777,0.13612717390060425,0.9253438115119934,0.5988779664039612
YMR091C,YHR116W,0,0.390092,0.13610750436782837,0.9253438115119934,0.5989781618118286
YDR500C,YNL058C,0,0.39000213,0.1360878348350525,0.9253438115119934,0.599078357219696
YBR160W,YNL088W,1,0.38999465,0.13621261715888977,0.9263261556625366,0.599078357219696
YDR330W,YLR095C,0,0.389701,0.1361929476261139,0.9263261556625366,0.5991784930229187
YDL210W,YBR268W,0,0.38907987,0.136173278093338,0.9263261556625366,0.5992786884307861
YMR287C,YKR080W,0,0.3887629,0.13615362346172333,0.9263261556625366,0.5993788838386536
YLR110C,YHR084W,0,0.3882881,0.13613396883010864,0.9263261556625366,0.599479079246521
YCL051W,YKL127W,0,0.38824522,0.13611431419849396,0.9263261556625366,0.5995792150497437
YKL052C,YER124C,0,0.38795188,0.13609467446804047,0.9263261556625366,0.5996794104576111
YPL235W,YJL012C,0,0.38768315,0.13607503473758698,0.9263261556625366,0.5997796058654785
YMR105C,YJR075W,0,0.38751507,0.13605540990829468,0.9263261556625366,0.599879801273346
YDR123C,YDR356W,0,0.387303,0.1360357701778412,0.9263261556625366,0.5999799370765686
YDR093W,YOR211C,0,0.38719893,0.13601616024971008,0.9263261556625366,0.600080132484436
YJR123W,YDR018C,0,0.3864079,0.13599653542041779,0.9263261556625366,0.6001803278923035
YNL081C,YDR021W,0,0.3855936,0.13597692549228668,0.9263261556625366,0.6002805233001709
YOL029C,YDR394W,0,0.38523665,0.13595733046531677,0.9263261556625366,0.6003806591033936
YJL123C,YML008C,0,0.38511556,0.13593772053718567,0.9263261556625366,0.600480854511261
YLR205C,YDR287W,0,0.3850367,0.13591812551021576,0.9263261556625366,0.6005810499191284
YOR058C,YDR100W,0,0.38498423,0.13589854538440704,0.9263261556625366,0.6006812453269958
YDR126W,YCR017C,0,0.3845075,0.13587896525859833,0.9263261556625366,0.6007813811302185
YER127W,YLR319C,0,0.38435158,0.1358593851327896,0.9263261556625366,0.6008815765380859
YLR376C,YDR482C,0,0.38425177,0.1358398199081421,0.9263261556625366,0.6009817719459534
YDR027C,YDL104C,0,0.38410255,0.13582025468349457,0.9263261556625366,0.6010819673538208
YGL006W,YDR005C,0,0.38406262,0.13580068945884705,0.9263261556625366,0.6011821031570435
YJL062W,YHR202W,0,0.38401738,0.13578113913536072,0.9263261556625366,0.6012822985649109
YIL069C,YBR038W,0,0.38285363,0.1357615888118744,0.9263261556625366,0.6013824939727783
YDR343C,YBR055C,0,0.38251126,0.13574205338954926,0.9263261556625366,0.6014826893806458
YMR215W,YOR264W,0,0.38247,0.13572250306606293,0.9263261556625366,0.6015828251838684
YER038C,YLR263W,1,0.3822564,0.13584688305854797,0.9273084402084351,0.6015828251838684
YOL121C,YDR194C,0,0.38206577,0.13582733273506165,0.9273084402084351,0.6016830205917358
YEL013W,YDL112W,0,0.38195443,0.1358077973127365,0.9273084402084351,0.6017832159996033
YBR289W,YBR286W,0,0.3816188,0.13578826189041138,0.9273084402084351,0.6018834114074707
YBR045C,YJR102C,0,0.38124502,0.13576872646808624,0.9273084402084351,0.6019835472106934
YFR014C,YIR023W,0,0.38113117,0.1357492059469223,0.9273084402084351,0.6020837426185608
YPL009C,YNL288W,0,0.38069785,0.13572968542575836,0.9273084402084351,0.6021839380264282
YOR293W,YDL193W,0,0.38021517,0.13571017980575562,0.9273084402084351,0.6022841334342957
YBL061C,YJR099W,0,0.379731,0.13569067418575287,0.9273084402084351,0.6023842692375183
YBR156C,YOL110W,0,0.3793576,0.13567116856575012,0.9273084402084351,0.6024844646453857
YLR277C,YAL020C,0,0.37887108,0.13565167784690857,0.9273084402084351,0.6025846600532532
YPL074W,YDR016C,0,0.3783486,0.13563218712806702,0.9273084402084351,0.6026848554611206
YMR183C,YJL101C,0,0.37832052,0.13561269640922546,0.9273084402084351,0.6027849912643433
YOR211C,YNL123W,0,0.37829447,0.1355932205915451,0.9273084402084351,0.6028851866722107
YPL135W,YLL024C,0,0.37823606,0.13557374477386475,0.9273084402084351,0.6029853820800781
YKR065C,YPR105C,0,0.37793925,0.13555428385734558,0.9273084402084351,0.6030855774879456
YDR135C,YGR275W,0,0.3779171,0.13553482294082642,0.9273084402084351,0.6031857132911682
YML098W,YDR380W,0,0.37790093,0.13551536202430725,0.9273084402084351,0.6032859086990356
YHR044C,YGR241C,0,0.3775531,0.13549591600894928,0.9273084402084351,0.6033861041069031
YPR008W,YDR065W,0,0.37748855,0.1354764699935913,0.9273084402084351,0.6034862995147705
YBR040W,YJL019W,0,0.37748668,0.13545702397823334,0.9273084402084351,0.6035864353179932
YNL099C,YIR036C,0,0.37742344,0.13543759286403656,0.9273084402084351,0.6036866307258606
YNL103W,YMR029C,0,0.3771672,0.13541816174983978,0.9273084402084351,0.603786826133728
YER044C,YGL063W,0,0.3768891,0.135398730635643,0.9273084402084351,0.6038870215415955
YBL054W,YOR202W,0,0.3768297,0.13537931442260742,0.9273084402084351,0.6039871573448181
YKR059W,YHR136C,0,0.37659508,0.13535991311073303,0.9273084402084351,0.6040873527526855
YPL174C,YKL028W,0,0.37573963,0.13534049689769745,0.9273084402084351,0.604187548160553
YDR425W,YJR045C,0,0.37541115,0.13532109558582306,0.9273084402084351,0.6042877435684204
YAL025C,YBR130C,0,0.37538645,0.13530170917510986,0.9273084402084351,0.6043878793716431
YPL015C,YHR167W,1,0.37533063,0.1354256272315979,0.9282907843589783,0.6043878793716431
YDL018C,YCR102C,0,0.3750722,0.1354062259197235,0.9282907843589783,0.6044880747795105
YHR083W,YKL033W,0,0.37489212,0.13538682460784912,0.9282907843589783,0.6045882701873779
YGL135W,YDR113C,0,0.37488034,0.13536742329597473,0.9282907843589783,0.6046884655952454
YLR418C,YLR219W,1,0.3748695,0.1354912668466568,0.9292730689048767,0.6046884655952454
YGL128C,YFR050C,0,0.3748483,0.1354718655347824,0.9292730689048767,0.604788601398468
YOR357C,YDL200C,0,0.37482283,0.13545246422290802,0.9292730689048767,0.6048887968063354
YMR232W,YBR211C,0,0.3745462,0.13543307781219482,0.9292730689048767,0.6049889922142029
YER038C,YPL194W,1,0.3745227,0.13555683195590973,0.9302554130554199,0.6049889922142029
YLR327C,YER094C,0,0.3743391,0.13553743064403534,0.9302554130554199,0.6050891876220703
YIL157C,YJR022W,0,0.37433198,0.13551802933216095,0.9302554130554199,0.605189323425293
YDL230W,YIL040W,0,0.37431338,0.13549864292144775,0.9302554130554199,0.6052895188331604
YHL038C,YIR021W,0,0.37405753,0.13547925651073456,0.9302554130554199,0.6053897142410278
YPL232W,YDR097C,0,0.373685,0.13545987010002136,0.9302554130554199,0.6054899096488953
YJL059W,YLL015W,0,0.37364072,0.13544049859046936,0.9302554130554199,0.6055900454521179
YDR293C,YJR002W,0,0.373482,0.13542114198207855,0.9302554130554199,0.6056902408599854
YOL016C,YDR406W,0,0.37335747,0.13540177047252655,0.9302554130554199,0.6057904362678528
YGR129W,YGR005C,0,0.37257233,0.13538241386413574,0.9302554130554199,0.6058906316757202
YHR042W,YOL133W,0,0.3720886,0.13536305725574493,0.9302554130554199,0.6059907674789429
YDL155W,YGL155W,0,0.3716712,0.13534371554851532,0.9302554130554199,0.6060909628868103
YGR166W,YBR083W,0,0.37127715,0.1353243738412857,0.9302554130554199,0.6061911582946777
YBR213W,YMR135C,0,0.3709002,0.13530504703521729,0.9302554130554199,0.6062913537025452
YKL091C,YGR116W,0,0.3702973,0.13528572022914886,0.9302554130554199,0.6063914895057678
YDR495C,YER060W,0,0.3702649,0.13526639342308044,0.9302554130554199,0.6064916849136353
YDR120C,YJR066W,0,0.36976722,0.13524706661701202,0.9302554130554199,0.6065918803215027
YLL066C,YOL002C,0,0.36955673,0.1352277547121048,0.9302554130554199,0.6066920161247253
YDL209C,YNL132W,0,0.3690871,0.13520845770835876,0.9302554130554199,0.6067922115325928
YLR266C,YGR123C,0,0.3689754,0.13518914580345154,0.9302554130554199,0.6068924069404602
YGR040W,YOR045W,0,0.36887607,0.1351698487997055,0.9302554130554199,0.6069926023483276
YGR049W,YKL080W,0,0.36882776,0.13515056669712067,0.9302554130554199,0.6070927381515503
YDR121W,YDL124W,0,0.3683651,0.13513128459453583,0.9302554130554199,0.6071929335594177
YGL096W,YLR357W,0,0.3683183,0.135112002491951,0.9302554130554199,0.6072931289672852
YAR018C,YOR141C,0,0.36805815,0.13509272038936615,0.9302554130554199,0.6073933243751526
YGR122W,YFR044C,0,0.36799031,0.1350734531879425,0.9302554130554199,0.6074934601783752
YJL035C,YOL031C,0,0.3679587,0.13505418598651886,0.9302554130554199,0.6075936555862427
YDR540C,YBR044C,0,0.36769375,0.1350349336862564,0.9302554130554199,0.6076938509941101
YDR116C,YOL056W,0,0.36767244,0.13501568138599396,0.9302554130554199,0.6077940464019775
YOR153W,YPR094W,0,0.367578,0.1349964290857315,0.9302554130554199,0.6078941822052002
YNL123W,YBL047C,0,0.36754608,0.13497719168663025,0.9302554130554199,0.6079943776130676
YHR010W,YKL163W,0,0.3674843,0.134957954287529,0.9302554130554199,0.6080945730209351
YCR107W,YPL053C,0,0.36677256,0.13493873178958893,0.9302554130554199,0.6081947684288025
YHL004W,YJR152W,0,0.36644778,0.13491950929164886,0.9302554130554199,0.6082949042320251
YJL168C,YBL069W,0,0.3664213,0.1349002867937088,0.9302554130554199,0.6083950996398926
YGR157W,YDL136W,0,0.36634547,0.13488106429576874,0.9302554130554199,0.60849529504776
YBR291C,YDL201W,0,0.36555722,0.13486185669898987,0.9302554130554199,0.6085954904556274
YFR055W,YDL105W,1,0.365082,0.1349850445985794,0.9312376976013184,0.6085954904556274
YDL103C,YLR045C,0,0.36501703,0.13496583700180054,0.9312376976013184,0.6086956262588501
YER015W,YHR026W,0,0.36489567,0.13494661450386047,0.9312376976013184,0.6087958216667175
YDL019C,YDR021W,0,0.36482185,0.1349274069070816,0.9312376976013184,0.608896017074585
YOR320C,YER026C,0,0.3646008,0.13490821421146393,0.9312376976013184,0.6089962124824524
YGR120C,YIL101C,0,0.36457574,0.13488902151584625,0.9312376976013184,0.609096348285675
YGR191W,YHL021C,0,0.3643846,0.13486982882022858,0.9312376976013184,0.6091965436935425
YKL059C,YKL034W,0,0.36364192,0.1348506361246109,0.9312376976013184,0.6092967391014099
YOR141C,YJR029W,1,0.36349887,0.1349736899137497,0.9322200417518616,0.6092967391014099
YGR106C,YGL005C,0,0.36347228,0.13495449721813202,0.9322200417518616,0.6093969345092773
YPL076W,YGR261C,0,0.36322224,0.13493530452251434,0.9322200417518616,0.6094970703125
YLL009C,YIL115C,0,0.36313617,0.13491612672805786,0.9322200417518616,0.6095972657203674
YPL058C,YLR288C,0,0.36304986,0.13489694893360138,0.9322200417518616,0.6096974611282349
YDL178W,YJR001W,0,0.3630427,0.1348777711391449,0.9322200417518616,0.6097976565361023
YHR021C,YOR307C,0,0.3629987,0.1348586082458496,0.9322200417518616,0.609897792339325
YOL065C,YOL068C,0,0.3627002,0.13483944535255432,0.9322200417518616,0.6099979877471924
YLR466W,YDR165W,0,0.36264452,0.13482028245925903,0.9322200417518616,0.6100981831550598
YEL021W,YLR372W,0,0.3622859,0.13480113446712494,0.9322200417518616,0.6101983785629272
YLR275W,YFR044C,0,0.36183923,0.13478198647499084,0.9322200417518616,0.6102985143661499
YCL055W,YIL138C,0,0.3611804,0.13476285338401794,0.9322200417518616,0.6103987097740173
YHR167W,YIL143C,1,0.36108786,0.13488569855690002,0.9332023859024048,0.6103987097740173
YPR103W,YDR283C,0,0.36086977,0.13486655056476593,0.9332023859024048,0.6104989051818848
YOR363C,YKL052C,0,0.3607145,0.13484740257263184,0.9332023859024048,0.6105991005897522
YPL268W,YBR023C,0,0.3602863,0.13482826948165894,0.9332023859024048,0.6106992363929749
YKR003W,YLR170C,0,0.36001152,0.13480913639068604,0.9332023859024048,0.6107994318008423
YNL045W,YDR485C,0,0.35995615,0.13479001820087433,0.9332023859024048,0.6108996272087097
YOR188W,YNL038W,0,0.35926077,0.13477088510990143,0.9332023859024048,0.6109998226165771
YLR135W,YER160C,1,0.35892034,0.13489361107349396,0.9341846704483032,0.6109998226165771
YOR144C,YBR104W,0,0.35851824,0.13487449288368225,0.9341846704483032,0.6110999584197998
YDR037W,YJR052W,0,0.35762227,0.13485535979270935,0.9341846704483032,0.6112001538276672
YDR142C,YCL044C,0,0.35754377,0.13483624160289764,0.9341846704483032,0.6113003492355347
YCR054C,YDR346C,0,0.35753703,0.13481712341308594,0.9341846704483032,0.6114005446434021
YOL146W,YLL010C,0,0.35738453,0.13479802012443542,0.9341846704483032,0.6115006804466248
YLR027C,YNL112W,0,0.35708314,0.1347789168357849,0.9341846704483032,0.6116008758544922
YLR226W,YOL095C,0,0.35705113,0.1347598135471344,0.9341846704483032,0.6117010712623596
YDL081C,YOR344C,0,0.3568195,0.13474072515964508,0.9341846704483032,0.611801266670227
YHR172W,YKL185W,0,0.35671848,0.13472163677215576,0.9341846704483032,0.6119014024734497
YGR058W,YDR435C,0,0.35661206,0.13470254838466644,0.9341846704483032,0.6120015978813171
YNR024W,YLR347C,0,0.35621917,0.13468347489833832,0.9341846704483032,0.6121017932891846
YPL066W,YML055W,0,0.3560447,0.1346644014120102,0.9341846704483032,0.612201988697052
YIL075C,YDR256C,0,0.35592547,0.13464532792568207,0.9341846704483032,0.6123021245002747
YDR128W,YDL007W,0,0.35586822,0.13462626934051514,0.9341846704483032,0.6124023199081421
YCR066W,YDR150W,0,0.35576573,0.1346072256565094,0.9341846704483032,0.6125025153160095
YHL002W,YLR248W,0,0.35546207,0.13458816707134247,0.9341846704483032,0.612602710723877
YGL076C,YNL048W,0,0.35545272,0.13456912338733673,0.9341846704483032,0.6127028465270996
YDR126W,YOR362C,0,0.35541844,0.134550079703331,0.9341846704483032,0.612803041934967
YPR173C,YER120W,0,0.35517088,0.13453105092048645,0.9341846704483032,0.6129032373428345
YLR132C,YOL126C,0,0.35502365,0.1345120221376419,0.9341846704483032,0.6130034327507019
YMR302C,YML048W,0,0.3549413,0.13449299335479736,0.9341846704483032,0.6131035685539246
YIL044C,YBL075C,0,0.3548774,0.134473979473114,0.9341846704483032,0.613203763961792
YHR214W,YNL294C,0,0.35467893,0.13445496559143066,0.9341846704483032,0.6133039593696594
YBL069W,YLR139C,0,0.35444236,0.1344359666109085,0.9341846704483032,0.6134041547775269
YGL173C,YHR153C,1,0.35415405,0.13455830514431,0.9351670145988464,0.6134041547775269
YMR056C,YDL010W,0,0.35378048,0.13453929126262665,0.9351670145988464,0.6135042905807495
YPR131C,YJL138C,0,0.35366577,0.1345202773809433,0.9351670145988464,0.6136044859886169
YFR009W,YDR221W,0,0.35366452,0.13450127840042114,0.9351670145988464,0.6137046813964844
YNR020C,YMR311C,0,0.35364372,0.1344822645187378,0.9351670145988464,0.6138048768043518
YAL041W,YJR056C,0,0.35328454,0.13446328043937683,0.9351670145988464,0.6139050126075745
YMR264W,YLL022C,0,0.35294175,0.13444428145885468,0.9351670145988464,0.6140052080154419
YOR076C,YDL120W,0,0.35241687,0.1344252973794937,0.9351670145988464,0.6141054034233093
YLR085C,YDR017C,0,0.35184324,0.13440632820129395,0.9351670145988464,0.6142055988311768
YPL239W,YDR367W,0,0.3514868,0.13438735902309418,0.9351670145988464,0.6143057346343994
YNL190W,YDR489W,0,0.3514769,0.1343683898448944,0.9351670145988464,0.6144059300422668
YGR178C,YDR462W,0,0.35144454,0.13434942066669464,0.9351670145988464,0.6145061254501343
YDR309C,YER096W,0,0.3513764,0.13433046638965607,0.9351670145988464,0.6146063208580017
YJR132W,YNL091W,0,0.35124326,0.1343115121126175,0.9351670145988464,0.6147064566612244
YEL019C,YJR043C,1,0.35095978,0.13443362712860107,0.9361492991447449,0.6147064566612244
YER044C,YGL127C,0,0.35091263,0.1344146728515625,0.9361492991447449,0.6148066520690918
YDL223C,YDL044C,0,0.35035756,0.13439571857452393,0.9361492991447449,0.6149068474769592
YDR097C,YMR217W,0,0.3503253,0.13437676429748535,0.9361492991447449,0.6150069832801819
YDR141C,YMR121C,0,0.35030746,0.13435782492160797,0.9361492991447449,0.6151071786880493
YLR328W,YMR313C,0,0.35002238,0.1343388706445694,0.9361492991447449,0.6152073740959167
YBL061C,YGL179C,0,0.34987134,0.1343199461698532,0.9361492991447449,0.6153075695037842
YPL195W,YPR169W,0,0.34977755,0.13430102169513702,0.9361492991447449,0.6154077053070068
YGR097W,YCR037C,0,0.349758,0.13428209722042084,0.9361492991447449,0.6155079007148743
YOL075C,YKL018W,0,0.3493166,0.13426317274570465,0.9361492991447449,0.6156080961227417
YBR272C,YBR171W,0,0.34870362,0.13424426317214966,0.9361492991447449,0.6157082915306091
YOL113W,YCR042C,0,0.34803802,0.13422535359859467,0.9361492991447449,0.6158084273338318
YMR216C,YGR014W,0,0.34796277,0.13420644402503967,0.9361492991447449,0.6159086227416992
YAL001C,YBR008C,0,0.3478018,0.13418754935264587,0.9361492991447449,0.6160088181495667
YCR102C,YLR132C,0,0.34767056,0.13416865468025208,0.9361492991447449,0.6161090135574341
YKR013W,YMR243C,0,0.34758064,0.13414977490901947,0.9361492991447449,0.6162091493606567
YGR099W,YNL289W,0,0.3473942,0.13413089513778687,0.9361492991447449,0.6163093447685242
YOL065C,YNL152W,0,0.34730318,0.13411201536655426,0.9361492991447449,0.6164095401763916
YJL026W,YML029W,0,0.34694666,0.13409315049648285,0.9361492991447449,0.616509735584259
YKL048C,YMR068W,0,0.34657875,0.13407428562641144,0.9361492991447449,0.6166098713874817
YPL015C,YDR440W,1,0.3465646,0.13419608771800995,0.9371316432952881,0.6166098713874817
YMR098C,YGR074W,0,0.34643218,0.13417720794677734,0.9371316432952881,0.6167100667953491
YFR047C,YHR084W,0,0.3462841,0.13415834307670593,0.9371316432952881,0.6168102622032166
YLR098C,YPL193W,0,0.34609318,0.13413947820663452,0.9371316432952881,0.616910457611084
YNL190W,YFR040W,0,0.3458532,0.1341206282377243,0.9371316432952881,0.6170105934143066
YDL150W,YKR077W,0,0.3458023,0.1341017782688141,0.9371316432952881,0.6171107888221741
YLR460C,YNL145W,0,0.34540802,0.13408292829990387,0.9371316432952881,0.6172109842300415
YJR066W,YIL153W,0,0.345379,0.13406407833099365,0.9371316432952881,0.6173111796379089
YDR330W,YKL016C,0,0.34499255,0.13404524326324463,0.9371316432952881,0.6174113154411316
YDR533C,YDR019C,0,0.34483984,0.1340264081954956,0.9371316432952881,0.617511510848999
YPL280W,YCR005C,0,0.34480768,0.13400758802890778,0.9371316432952881,0.6176117062568665
YIL117C,YDR018C,0,0.34457383,0.13398876786231995,0.9371316432952881,0.6177119016647339
YMR234W,YNL292W,0,0.34448513,0.13396994769573212,0.9371316432952881,0.6178120374679565
YDR409W,YLR340W,0,0.34413788,0.13395114243030548,0.9371316432952881,0.617912232875824
YNR020C,YAL008W,0,0.34402174,0.13393233716487885,0.9371316432952881,0.6180124282836914
YDR317W,YLR134W,0,0.34358713,0.1339135318994522,0.9371316432952881,0.6181126236915588
YJL093C,YLR215C,0,0.34324038,0.13389474153518677,0.9371316432952881,0.6182127594947815
YOL103W,YKR022C,0,0.3428476,0.13387595117092133,0.9371316432952881,0.6183129549026489
YOL009C,YOL058W,0,0.3424985,0.13385716080665588,0.9371316432952881,0.6184131503105164
YIR009W,YDR408C,0,0.3424018,0.13383838534355164,0.9371316432952881,0.6185133457183838
YGL018C,YNR026C,0,0.34238863,0.1338196098804474,0.9371316432952881,0.6186134815216064
YKR052C,YIR007W,0,0.34231937,0.13380083441734314,0.9371316432952881,0.6187136769294739
YOR156C,YCR023C,0,0.34220642,0.13378207385540009,0.9371316432952881,0.6188138723373413
YDL060W,YMR130W,0,0.34219635,0.13376331329345703,0.9371316432952881,0.6189140677452087
YJL013C,YGR162W,0,0.34218943,0.13374456763267517,0.9371316432952881,0.6190142035484314
YPL187W,YIL155C,0,0.34212902,0.1337258219718933,0.9371316432952881,0.6191143989562988
YJL179W,YMR195W,0,0.3418307,0.13370707631111145,0.9371316432952881,0.6192145943641663
YNR032W,YDR343C,0,0.34154248,0.13368834555149078,0.9371316432952881,0.6193147897720337
YJL165C,YMR134W,0,0.34120014,0.13366961479187012,0.9371316432952881,0.6194149255752563
YOL097C,YJR090C,0,0.3409732,0.13365088403224945,0.9371316432952881,0.6195151209831238
YOR217W,YHR114W,0,0.34082586,0.13363216817378998,0.9371316432952881,0.6196153163909912
YDL189W,YNL113W,0,0.3407914,0.1336134523153305,0.9371316432952881,0.6197155117988586
YLR100W,YOR127W,0,0.3407437,0.13359473645687103,0.9371316432952881,0.6198156476020813
YPL237W,YOR344C,0,0.34070253,0.13357603549957275,0.9371316432952881,0.6199158430099487
YNL081C,YGL116W,0,0.34059232,0.13355733454227448,0.9371316432952881,0.6200160384178162
YHR025W,YOR058C,0,0.34014612,0.1335386335849762,0.9371316432952881,0.6201162338256836
YBR058C,YEL011W,0,0.339965,0.1335199475288391,0.9371316432952881,0.6202163696289062
YBL055C,YJR094W-A,0,0.33965576,0.13350126147270203,0.9371316432952881,0.6203165650367737
YML046W,YBR236C,0,0.33961052,0.13348257541656494,0.9371316432952881,0.6204167604446411
YPL068C,YBR083W,0,0.33947417,0.13346390426158905,0.9371316432952881,0.6205169558525085
YFL016C,YDR022C,0,0.33935195,0.13344523310661316,0.9371316432952881,0.6206170916557312
YNL090W,YHR181W,0,0.33915627,0.13342657685279846,0.9371316432952881,0.6207172870635986
YDL056W,YHL011C,0,0.33913422,0.13340792059898376,0.9371316432952881,0.6208174824714661
YHR161C,YIL101C,0,0.33882755,0.13338926434516907,0.9371316432952881,0.6209176778793335
YKR058W,YMR313C,0,0.33866695,0.13337060809135437,0.9371316432952881,0.6210178136825562
YKL181W,YGR023W,0,0.33859983,0.13335196673870087,0.9371316432952881,0.6211180090904236
YBR097W,YLR200W,0,0.3382851,0.13333334028720856,0.9371316432952881,0.621218204498291
YMR101C,YPL170W,0,0.3382731,0.13331469893455505,0.9371316432952881,0.6213183999061584
YHR101C,YGR278W,0,0.33817786,0.13329607248306274,0.9371316432952881,0.6214185357093811
YMR001C,YPL053C,0,0.33809066,0.13327744603157043,0.9371316432952881,0.6215187311172485
YAL041W,YOL060C,0,0.33780345,0.13325883448123932,0.9371316432952881,0.621618926525116
YJL097W,YNR037C,0,0.3377655,0.1332402229309082,0.9371316432952881,0.6217191219329834
YOL122C,YPL266W,0,0.33774173,0.1332216113805771,0.9371316432952881,0.621819257736206
YJL046W,YIR015W,0,0.33770376,0.13320301473140717,0.9371316432952881,0.6219194531440735
YGL250W,YBR136W,1,0.33736798,0.1333240270614624,0.9381139278411865,0.6219194531440735
YNL059C,YCL067C,0,0.33721405,0.1333054155111313,0.9381139278411865,0.6220196485519409
YMR127C,YLR248W,0,0.33715767,0.13328680396080017,0.9381139278411865,0.6221198439598083
YKL080W,YJL212C,0,0.33707324,0.13326820731163025,0.9381139278411865,0.622219979763031
YDL161W,YKL014C,0,0.3370721,0.13324961066246033,0.9381139278411865,0.6223201751708984
YBR043C,YPL003W,0,0.33699435,0.1332310289144516,0.9381139278411865,0.6224203705787659
YOL058W,YDR316W,0,0.33674854,0.13321244716644287,0.9381139278411865,0.6225205659866333
YJR126C,YGR123C,0,0.3366127,0.13319386541843414,0.9381139278411865,0.622620701789856
YDR328C,YNL330C,0,0.33642992,0.13317528367042542,0.9381139278411865,0.6227208971977234
YKR078W,YIL125W,0,0.33639362,0.13315671682357788,0.9381139278411865,0.6228210926055908
YDR004W,YKL116C,0,0.33630413,0.13313814997673035,0.9381139278411865,0.6229212880134583
YBL006C,YLR089C,0,0.33601877,0.133119598031044,0.9381139278411865,0.6230214238166809
YGL129C,YGL254W,0,0.33568576,0.13310104608535767,0.9381139278411865,0.6231216192245483
YMR071C,YKL040C,0,0.33492142,0.13308249413967133,0.9381139278411865,0.6232218146324158
YFL016C,YCL030C,0,0.33485472,0.13306395709514618,0.9381139278411865,0.6233219504356384
YDR361C,YBL031W,0,0.33432338,0.13304542005062103,0.9381139278411865,0.6234221458435059
YDR202C,YGL245W,0,0.33428118,0.1330268830060959,0.9381139278411865,0.6235223412513733
YKL135C,YJL065C,0,0.3342414,0.13300836086273193,0.9381139278411865,0.6236225366592407
YDL141W,YMR303C,0,0.33406836,0.13298983871936798,0.9381139278411865,0.6237226724624634
YDL144C,YHR052W,0,0.33401683,0.13297131657600403,0.9381139278411865,0.6238228678703308
YNL106C,YBR094W,0,0.33382806,0.13295280933380127,0.9381139278411865,0.6239230632781982
YIL030C,YML005W,0,0.33374506,0.1329343020915985,0.9381139278411865,0.6240232586860657
YIL066C,YKL005C,0,0.33366668,0.13291579484939575,0.9381139278411865,0.6241233944892883
YDR265W,YHR021C,0,0.3333627,0.1328973025083542,0.9381139278411865,0.6242235898971558
YDR388W,YKL127W,0,0.33238524,0.13287881016731262,0.9381139278411865,0.6243237853050232
YGL144C,YDR214W,0,0.33222368,0.13286031782627106,0.9381139278411865,0.6244239807128906
YPL221W,YHR086W,0,0.332203,0.13284184038639069,0.9381139278411865,0.6245241165161133
YNL053W,YGR215W,0,0.33184624,0.13282336294651031,0.9381139278411865,0.6246243119239807
YLR355C,YGR266W,0,0.33164716,0.13280490040779114,0.9381139278411865,0.6247245073318481
YDR080W,YEL016C,0,0.33140263,0.13278642296791077,0.9381139278411865,0.6248247027397156
YLL009C,YHL007C,0,0.3313799,0.13276797533035278,0.9381139278411865,0.6249248385429382
YDR367W,YNL317W,0,0.33125442,0.1327495127916336,0.9381139278411865,0.6250250339508057
YDR412W,YER086W,0,0.3311622,0.13273106515407562,0.9381139278411865,0.6251252293586731
YLR306W,YML102W,0,0.33086514,0.13271261751651764,0.9381139278411865,0.6252254247665405
YCR003W,YGR133W,0,0.33076882,0.13269418478012085,0.9381139278411865,0.6253255605697632
YPR102C,YLR237W,0,0.33074093,0.13267573714256287,0.9381139278411865,0.6254257559776306
YGR026W,YDR447C,0,0.33051825,0.13265731930732727,0.9381139278411865,0.625525951385498
YKL101W,YDR430C,0,0.33037737,0.13263888657093048,0.9381139278411865,0.6256261467933655
YOR037W,YOR192C,0,0.33026397,0.13262046873569489,0.9381139278411865,0.6257262825965881
YMR309C,YER155C,0,0.33025002,0.1326020509004593,0.9381139278411865,0.6258264780044556
YHR046C,YGR132C,0,0.32977825,0.1325836479663849,0.9381139278411865,0.625926673412323
YMR139W,YER149C,0,0.32977808,0.13256524503231049,0.9381139278411865,0.6260268688201904
YBR050C,YBR264C,0,0.32904816,0.13254684209823608,0.9381139278411865,0.6261270046234131
YOL128C,YNL075W,0,0.32891843,0.13252845406532288,0.9381139278411865,0.6262272000312805
YJR019C,YBL022C,0,0.32891077,0.13251006603240967,0.9381139278411865,0.626327395439148
YBR185C,YBR211C,0,0.32887203,0.13249167799949646,0.9381139278411865,0.6264275908470154
YKL188C,YDL099W,0,0.32879117,0.13247328996658325,0.9381139278411865,0.626527726650238
YIL154C,YCL017C,0,0.3286073,0.13245491683483124,0.9381139278411865,0.6266279220581055
YBR248C,YML114C,0,0.3285822,0.13243655860424042,0.9381139278411865,0.6267281174659729
YGL229C,YIL062C,0,0.32837343,0.1324181854724884,0.9381139278411865,0.6268283128738403
YER061C,YKL096W,0,0.32826072,0.13239982724189758,0.9381139278411865,0.626928448677063
YNL051W,YBR245C,0,0.32819122,0.13238148391246796,0.9381139278411865,0.6270286440849304
YDR398W,YGL013C,0,0.32758877,0.13236312568187714,0.9381139278411865,0.6271288394927979
YHR143W,YJL091C,0,0.32746232,0.1323447823524475,0.9381139278411865,0.6272290349006653
YGL185C,YHL032C,0,0.3270064,0.13232645392417908,0.9381139278411865,0.6273291707038879
YJL010C,YPR034W,0,0.32694647,0.13230812549591064,0.9381139278411865,0.6274293661117554
YGL231C,YGR060W,0,0.32670385,0.1322897970676422,0.9381139278411865,0.6275295615196228
YCR065W,YMR110C,0,0.32652068,0.13227146863937378,0.9381139278411865,0.6276297569274902
YPL215W,YGR195W,0,0.32645944,0.13225315511226654,0.9381139278411865,0.6277298927307129
YOR032C,YOR347C,0,0.3264225,0.1322348415851593,0.9381139278411865,0.6278300881385803
YHR200W,YDR361C,0,0.32632446,0.13221652805805206,0.9381139278411865,0.6279302835464478
YBR251W,YHR106W,0,0.32626435,0.13219822943210602,0.9381139278411865,0.6280304789543152
YKR052C,YML027W,0,0.32585073,0.13217993080615997,0.9381139278411865,0.6281306147575378
YCL033C,YDL160C,0,0.32537186,0.13216163218021393,0.9381139278411865,0.6282308101654053
YGR033C,YDL240W,0,0.3249851,0.13214334845542908,0.9381139278411865,0.6283310055732727
YIR019C,YNL154C,0,0.32434827,0.13212506473064423,0.9381139278411865,0.6284312009811401
YNL227C,YJL212C,0,0.3243036,0.13210679590702057,0.9381139278411865,0.6285313367843628
YER081W,YHR090C,0,0.3237834,0.1320885270833969,0.9381139278411865,0.6286315321922302
YNL278W,YBR121C,0,0.32349724,0.13207025825977325,0.9381139278411865,0.6287317276000977
YDL101C,YLR216C,0,0.32318825,0.1320519894361496,0.9381139278411865,0.6288319230079651
YMR244C-A,YHL050C,0,0.32310137,0.13203373551368713,0.9381139278411865,0.6289320588111877
YIL070C,YKR064W,0,0.32248694,0.13201548159122467,0.9381139278411865,0.6290322542190552
YEL042W,YOL152W,0,0.32208505,0.1319972425699234,0.9381139278411865,0.6291324496269226
YFL026W,YNL197C,0,0.32187116,0.13197898864746094,0.9381139278411865,0.62923264503479
YFR006W,YGL211W,0,0.3216273,0.13196076452732086,0.9381139278411865,0.6293327808380127
YNL241C,YLR453C,0,0.32149428,0.1319425255060196,0.9381139278411865,0.6294329762458801
YMR154C,YDL075W,0,0.32138157,0.13192430138587952,0.9381139278411865,0.6295331716537476
YKL135C,YML106W,0,0.3210781,0.13190607726573944,0.9381139278411865,0.629633367061615
YBR058C,YDL007W,0,0.3204921,0.13188786804676056,0.9381139278411865,0.6297335028648376
YKL039W,YLL031C,0,0.32039836,0.13186964392662048,0.9381139278411865,0.6298336982727051
YGR055W,YDL174C,0,0.32023358,0.1318514496088028,0.9381139278411865,0.6299338936805725
YBR214W,YPR034W,0,0.3193581,0.1318332403898239,0.9381139278411865,0.6300340890884399
YPL268W,YCL059C,0,0.31932613,0.13181504607200623,0.9381139278411865,0.6301342248916626
YPR181C,YER147C,0,0.31931454,0.13179685175418854,0.9381139278411865,0.63023442029953
YIL111W,YHR052W,0,0.31910288,0.13177867233753204,0.9381139278411865,0.6303346157073975
YBR079C,YIR008C,0,0.3190623,0.13176049292087555,0.9381139278411865,0.6304348111152649
YCR043C,YDR384C,0,0.31898868,0.13174231350421906,0.9381139278411865,0.6305349469184875
YKL181W,YNL315C,0,0.31894928,0.13172413408756256,0.9381139278411865,0.630635142326355
YNL265C,YGR132C,0,0.31841052,0.13170596957206726,0.9381139278411865,0.6307353377342224
YDR503C,YNL142W,0,0.31838208,0.13168780505657196,0.9381139278411865,0.6308355331420898
YGL085W,YOL075C,0,0.31814706,0.13166965544223785,0.9381139278411865,0.6309356689453125
YML063W,YDR165W,0,0.31763846,0.13165150582790375,0.9381139278411865,0.6310358643531799
YML048W,YLR127C,0,0.31747267,0.13163335621356964,0.9381139278411865,0.6311360597610474
YDR204W,YIL093C,0,0.31726652,0.13161522150039673,0.9381139278411865,0.63123619556427
YLR212C,YDR349C,0,0.3170386,0.13159707188606262,0.9381139278411865,0.6313363909721375
YJL129C,YHL032C,0,0.31684422,0.1315789520740509,0.9381139278411865,0.6314365863800049
YNL216W,YJR129C,0,0.31662562,0.131560817360878,0.9381139278411865,0.6315367817878723
YDR324C,YDL184C,0,0.31662348,0.13154269754886627,0.9381139278411865,0.631636917591095
YDR085C,YKL134C,0,0.31578976,0.13152457773685455,0.9381139278411865,0.6317371129989624
YDL056W,YDL017W,0,0.31560305,0.13150647282600403,0.9381139278411865,0.6318373084068298
YEL048C,YPL211W,0,0.3154799,0.1314883679151535,0.9381139278411865,0.6319375038146973
YOR030W,YFL047W,0,0.31547606,0.13147026300430298,0.9381139278411865,0.6320376396179199
YGR217W,YOR079C,0,0.31533605,0.13145217299461365,0.9381139278411865,0.6321378350257874
YJL139C,YHL009C,0,0.31532472,0.13143408298492432,0.9381139278411865,0.6322380304336548
YGR129W,YLL054C,0,0.3152514,0.13141599297523499,0.9381139278411865,0.6323382258415222
YDR441C,YGL155W,0,0.31498653,0.13139790296554565,0.9381139278411865,0.6324383616447449
YHL001W,YER091C,0,0.314951,0.13137982785701752,0.9381139278411865,0.6325385570526123
YDR100W,YDR073W,0,0.3146193,0.13136176764965057,0.9381139278411865,0.6326387524604797
YOR257W,YOR211C,0,0.3145643,0.13134369254112244,0.9381139278411865,0.6327389478683472
YMR318C,YOL140W,0,0.3145308,0.1313256323337555,0.9381139278411865,0.6328390836715698
YPR082C,YNL177C,0,0.31263906,0.13130757212638855,0.9381139278411865,0.6329392790794373
YIL008W,YOL140W,0,0.31218773,0.1312895268201828,0.9381139278411865,0.6330394744873047
YNL293W,YML046W,0,0.31199065,0.13127148151397705,0.9381139278411865,0.6331396698951721
YMR264W,YKL062W,0,0.31192613,0.1312534362077713,0.9381139278411865,0.6332398056983948
YIR019C,YMR142C,0,0.31185803,0.13123540580272675,0.9381139278411865,0.6333400011062622
YMR167W,YNL083W,0,0.3114364,0.131217360496521,0.9381139278411865,0.6334401965141296
YER045C,YKR061W,0,0.31137556,0.13119934499263763,0.9381139278411865,0.6335403919219971
YJR010C-A,YJL051W,0,0.31136587,0.13118131458759308,0.9381139278411865,0.6336405277252197
YNL111C,YKL176C,0,0.311238,0.13116329908370972,0.9381139278411865,0.6337407231330872
YDR202C,YKL024C,0,0.31099826,0.13114528357982635,0.9381139278411865,0.6338409185409546
YGR208W,YLR215C,0,0.31083655,0.1311272829771042,0.9381139278411865,0.633941113948822
YKL120W,YBL054W,0,0.31069535,0.13110928237438202,0.9381139278411865,0.6340412497520447
YNL046W,YLR284C,0,0.31014007,0.13109128177165985,0.9381139278411865,0.6341414451599121
YLR222C,YOL072W,0,0.31002533,0.13107329607009888,0.9381139278411865,0.6342416405677795
YKL071W,YGL121C,0,0.3096358,0.1310553103685379,0.9381139278411865,0.634341835975647
YCR077C,YKL017C,0,0.30952638,0.13103732466697693,0.9381139278411865,0.6344419717788696
YFL036W,YKL185W,0,0.30950642,0.13101933896541595,0.9381139278411865,0.6345421671867371
YKL029C,YER161C,0,0.30933625,0.13100136816501617,0.9381139278411865,0.6346423625946045
YNL086W,YPL148C,0,0.30871964,0.1309833973646164,0.9381139278411865,0.6347425580024719
YIL113W,YIL036W,0,0.30856138,0.1309654414653778,0.9381139278411865,0.6348426938056946
YNL041C,YFL047W,0,0.30842957,0.13094748556613922,0.9381139278411865,0.634942889213562
YLR188W,YDR363W,0,0.30823797,0.13092952966690063,0.9381139278411865,0.6350430846214294
YJL179W,YCR073C,0,0.30817044,0.13091158866882324,0.9381139278411865,0.6351432800292969
YAL032C,YDR276C,0,0.30784002,0.13089364767074585,0.9381139278411865,0.6352434158325195
YDR160W,YML107C,0,0.3078138,0.13087570667266846,0.9381139278411865,0.635343611240387
YLL048C,YPR107C,0,0.3077107,0.13085776567459106,0.9381139278411865,0.6354438066482544
YGR183C,YNL101W,0,0.30768335,0.13083983957767487,0.9381139278411865,0.6355440020561218
YHR133C,YBL088C,0,0.3076655,0.13082191348075867,0.9381139278411865,0.6356441378593445
YML042W,YJR067C,0,0.30747283,0.13080400228500366,0.9381139278411865,0.6357443332672119
YDR507C,YIL008W,0,0.30734953,0.13078609108924866,0.9381139278411865,0.6358445286750793
YBL078C,YIL112W,0,0.30732715,0.13076817989349365,0.9381139278411865,0.6359447240829468
YMR001C,YPL015C,1,0.30717635,0.13088718056678772,0.9390962719917297,0.6359447240829468
YML032C,YDR180W,1,0.30709958,0.1310061663389206,0.9400785565376282,0.6359447240829468
YPL066W,YLR409C,0,0.30630976,0.1309882253408432,0.9400785565376282,0.6360448598861694
YBR088C,YFL002C,0,0.30590498,0.130970299243927,0.9400785565376282,0.6361450552940369
YDR012W,YKL132C,0,0.3058398,0.130952388048172,0.9400785565376282,0.6362452507019043
YAL042W,YIL068C,0,0.30574876,0.1309344619512558,0.9400785565376282,0.6363454461097717
YPL232W,YDR171W,0,0.30554962,0.1309165507555008,0.9400785565376282,0.6364455819129944
YER063W,YDR227W,0,0.30545977,0.1308986395597458,0.9400785565376282,0.6365457773208618
YHR200W,YIL115C,0,0.30532593,0.13088074326515198,0.9400785565376282,0.6366459727287292
YLR216C,YDR386W,0,0.30527,0.13086284697055817,0.9400785565376282,0.6367461681365967
YPL069C,YLR390W-A,0,0.3050375,0.13084495067596436,0.9400785565376282,0.6368463039398193
YLR100W,YDR142C,0,0.304489,0.13082706928253174,0.9400785565376282,0.6369464993476868
YDR127W,YER170W,0,0.30438924,0.13080918788909912,0.9400785565376282,0.6370466947555542
YCR068W,YOR369C,0,0.30415237,0.1307913064956665,0.9400785565376282,0.6371468901634216
YNL293W,YHR102W,0,0.3025912,0.13077344000339508,0.9400785565376282,0.6372470259666443
YLL048C,YDR303C,0,0.3025629,0.13075557351112366,0.9400785565376282,0.6373472213745117
YMR101C,YKL176C,0,0.30236354,0.13073770701885223,0.9400785565376282,0.6374474167823792
YPL174C,YOR039W,0,0.30219662,0.1307198405265808,0.9400785565376282,0.6375476121902466
YER147C,YDL185W,1,0.30204117,0.1308385729789734,0.9410609006881714,0.6375476121902466
YMR002W,YOL005C,0,0.3020409,0.13082070648670197,0.9410609006881714,0.6376477479934692
YOR157C,YDR495C,0,0.3015058,0.13080283999443054,0.9410609006881714,0.6377479434013367
YLR220W,YDL115C,0,0.30148852,0.1307849884033203,0.9410609006881714,0.6378481388092041
YOR198C,YJR067C,0,0.30087566,0.13076713681221008,0.9410609006881714,0.6379483342170715
YPL017C,YNL173C,0,0.3004258,0.13074928522109985,0.9410609006881714,0.6380484700202942
YOR372C,YIL026C,0,0.30003121,0.13073143362998962,0.9410609006881714,0.6381486654281616
YCL055W,YMR014W,0,0.29983145,0.1307135969400406,0.9410609006881714,0.638248860836029
YOR167C,YLR233C,0,0.29980567,0.13069577515125275,0.9410609006881714,0.6383490562438965
YDR326C,YOR271C,0,0.29968607,0.1306779384613037,0.9410609006881714,0.6384491920471191
YJL129C,YPL059W,0,0.29939803,0.13066011667251587,0.9410609006881714,0.6385493874549866
YOR332W,YDR058C,0,0.29895398,0.13064229488372803,0.9410609006881714,0.638649582862854
YDL018C,YMR110C,0,0.29855657,0.13062448799610138,0.9410609006881714,0.6387497782707214
YGR128C,YBL007C,0,0.29826018,0.13060668110847473,0.9410609006881714,0.6388499140739441
YGL106W,YKR024C,0,0.29809067,0.13058887422084808,0.9410609006881714,0.6389501094818115
YGR046W,YNL038W,0,0.2977708,0.13057108223438263,0.9410609006881714,0.639050304889679
YDL141W,YGR227W,0,0.29772437,0.13055329024791718,0.9410609006881714,0.6391505002975464
YKL051W,YKR093W,0,0.2976356,0.13053549826145172,0.9410609006881714,0.639250636100769
YKL062W,YKL101W,0,0.29739654,0.13051770627498627,0.9410609006881714,0.6393508315086365
YPL103C,YDR096W,0,0.2973565,0.130499929189682,0.9410609006881714,0.6394510269165039
YMR274C,YOR236W,0,0.29732883,0.13048215210437775,0.9410609006881714,0.6395511627197266
YML086C,YHR001W-A,0,0.29705948,0.13046438992023468,0.9410609006881714,0.639651358127594
YLR052W,YDL012C,0,0.2969823,0.1304466277360916,0.9410609006881714,0.6397515535354614
YBL021C,YIL109C,0,0.29674947,0.13042886555194855,0.9410609006881714,0.6398517489433289
YEL051W,YER065C,0,0.2963945,0.13041110336780548,0.9410609006881714,0.6399518847465515
YPR112C,YDL049C,0,0.29574463,0.1303933560848236,0.9410609006881714,0.640052080154419
YLR115W,YPL037C,0,0.29559577,0.13037560880184174,0.9410609006881714,0.6401522755622864
YFL039C,YOL072W,0,0.29550937,0.13035787642002106,0.9410609006881714,0.6402524709701538
YER021W,YDL005C,0,0.29507822,0.13034012913703918,0.9410609006881714,0.6403526067733765
YJL164C,YCL063W,0,0.29466105,0.1303224116563797,0.9410609006881714,0.6404528021812439
YJL092W,YLR453C,0,0.29414225,0.13030467927455902,0.9410609006881714,0.6405529975891113
YDL185W,YPL164C,1,0.29403925,0.1304229497909546,0.9420432448387146,0.6405529975891113
YML082W,YHR113W,0,0.2932125,0.1304052174091339,0.9420432448387146,0.6406531929969788
YMR041C,YBL084C,0,0.29317325,0.13038748502731323,0.9420432448387146,0.6407533288002014
YBR216C,YLR090W,0,0.2930693,0.13036976754665375,0.9420432448387146,0.6408535242080688
YOR174W,YNL062C,0,0.29291624,0.13035205006599426,0.9420432448387146,0.6409537196159363
YGR057C,YLR110C,0,0.2928149,0.13033433258533478,0.9420432448387146,0.6410539150238037
YBR043C,YBR135W,0,0.29277113,0.1303166151046753,0.9420432448387146,0.6411540508270264
YDR347W,YOR060C,0,0.2927051,0.130298912525177,0.9420432448387146,0.6412542462348938
YFR044C,YOR196C,0,0.2926712,0.1302812099456787,0.9420432448387146,0.6413544416427612
YDR397C,YGR193C,0,0.29242188,0.1302635222673416,0.9420432448387146,0.6414546370506287
YIR012W,YIL109C,0,0.29219878,0.13024581968784332,0.9420432448387146,0.6415547728538513
YJL090C,YDL004W,0,0.29185873,0.13022813200950623,0.9420432448387146,0.6416549682617188
YNL137C,YNL023C,0,0.29181415,0.13021045923233032,0.9420432448387146,0.6417551636695862
YIL156W,YMR055C,0,0.29180714,0.13019277155399323,0.9420432448387146,0.6418553590774536
YKL222C,YDL232W,0,0.29175913,0.13017509877681732,0.9420432448387146,0.6419554948806763
YPL111W,YHR165C,0,0.29147118,0.1301574409008026,0.9420432448387146,0.6420556902885437
YNL190W,YMR135C,0,0.29140627,0.1301397681236267,0.9420432448387146,0.6421558856964111
YPL239W,YBR131W,0,0.291134,0.130122110247612,0.9420432448387146,0.6422560811042786
YDR194C,YML116W,0,0.29082572,0.13010446727275848,0.9420432448387146,0.6423562169075012
YNR012W,YDR292C,0,0.290533,0.13008680939674377,0.9420432448387146,0.6424564123153687
YDR141C,YKR030W,0,0.2902295,0.13006916642189026,0.9420432448387146,0.6425566077232361
YIL106W,YNL245C,0,0.2898829,0.13005153834819794,0.9420432448387146,0.6426568031311035
YLR010C,YPR041W,0,0.28953284,0.13003389537334442,0.9420432448387146,0.6427569389343262
YFR046C,YGR241C,0,0.28937548,0.1300162672996521,0.9420432448387146,0.6428571343421936
YGL131C,YMR110C,0,0.28924662,0.12999863922595978,0.9420432448387146,0.642957329750061
YDL104C,YNL325C,0,0.28889367,0.12998102605342865,0.9420432448387146,0.6430575251579285
YKL152C,YGR234W,0,0.28880808,0.12996341288089752,0.9420432448387146,0.6431576609611511
YPR095C,YBL016W,0,0.28835404,0.1299457997083664,0.9420432448387146,0.6432578563690186
YGR091W,YFR046C,0,0.28824726,0.12992820143699646,0.9420432448387146,0.643358051776886
YDR248C,YLR045C,0,0.28807557,0.12991058826446533,0.9420432448387146,0.6434582471847534
YFR049W,YBR205W,0,0.28807017,0.1298929899930954,0.9420432448387146,0.6435583829879761
YGR181W,YNL300W,0,0.2879913,0.12987540662288666,0.9420432448387146,0.6436585783958435
YHR025W,YHL040C,0,0.28794342,0.12985782325267792,0.9420432448387146,0.6437587738037109
YPR056W,YDR021W,0,0.2877557,0.12984023988246918,0.9420432448387146,0.6438589692115784
YDR531W,YPR148C,0,0.28748998,0.12982265651226044,0.9420432448387146,0.643959105014801
YOL013C,YLR368W,0,0.28737682,0.1298050880432129,0.9420432448387146,0.6440593004226685
YGL223C,YML072C,0,0.28710824,0.12978751957416534,0.9420432448387146,0.6441594958305359
YML019W,YDR358W,0,0.28698075,0.129769966006279,0.9420432448387146,0.6442596912384033
YDR175C,YGR108W,0,0.28672972,0.12975239753723145,0.9420432448387146,0.644359827041626
YEL004W,YDL092W,0,0.28621566,0.1297348439693451,0.9420432448387146,0.6444600224494934
YMR068W,YHR027C,0,0.2862145,0.12971730530261993,0.9420432448387146,0.6445602178573608
YNL090W,YLR127C,0,0.28601077,0.12969975173473358,0.9420432448387146,0.6446604132652283
YEL021W,YOR273C,0,0.2857853,0.12968221306800842,0.9420432448387146,0.6447605490684509
YJR049C,YDR221W,0,0.2856002,0.12966468930244446,0.9420432448387146,0.6448607444763184
YNL251C,YBL004W,0,0.285528,0.1296471506357193,0.9420432448387146,0.6449609398841858
YKL116C,YBR121C,0,0.28515416,0.12962962687015533,0.9420432448387146,0.6450611352920532
YGR287C,YDR009W,0,0.2851192,0.12961210310459137,0.9420432448387146,0.6451612710952759
YBR054W,YPL053C,0,0.28466645,0.1295945942401886,0.9420432448387146,0.6452614665031433
YER005W,YLR027C,0,0.2846232,0.12957708537578583,0.9420432448387146,0.6453616619110107
YNL035C,YBR298C,0,0.28421375,0.12955957651138306,0.9420432448387146,0.6454618573188782
YCR075C,YOL080C,0,0.2840799,0.12954208254814148,0.9420432448387146,0.6455619931221008
YPL020C,YGR094W,0,0.283949,0.1295245885848999,0.9420432448387146,0.6456621885299683
YKR090W,YGR253C,0,0.28388694,0.12950709462165833,0.9420432448387146,0.6457623839378357
YBR156C,YER023W,0,0.28385943,0.12948960065841675,0.9420432448387146,0.6458625793457031
YOR175C,YJR068W,0,0.28364938,0.12947212159633636,0.9420432448387146,0.6459627151489258
YGL240W,YDR163W,0,0.2835971,0.12945464253425598,0.9420432448387146,0.6460629105567932
YPL074W,YEL017C-A,0,0.28350967,0.1294371783733368,0.9420432448387146,0.6461631059646606
YJR014W,YCR023C,0,0.2835053,0.1294196993112564,0.9420432448387146,0.6462633013725281
YOR125C,YFR028C,0,0.2833373,0.12940223515033722,0.9420432448387146,0.6463634371757507
YDR098C,YGL223C,0,0.28305173,0.12938478589057922,0.9420432448387146,0.6464636325836182
YJR045C,YNR049C,0,0.28282735,0.12936732172966003,0.9420432448387146,0.6465638279914856
YOR130C,YPL148C,0,0.2827959,0.12934987246990204,0.9420432448387146,0.646664023399353
YIL121W,YPR054W,0,0.28268614,0.12933243811130524,0.9420432448387146,0.6467641592025757
YKL014C,YKL212W,0,0.28239682,0.12931498885154724,0.9420432448387146,0.6468643546104431
YOR227W,YCR097W,0,0.28233114,0.12929755449295044,0.9420432448387146,0.6469645500183105
YDR342C,YDL033C,0,0.28208083,0.12928013503551483,0.9420432448387146,0.647064745426178
YKL027W,YFL009W,0,0.28207588,0.12926270067691803,0.9420432448387146,0.6471648812294006
YGL092W,YPL194W,0,0.28186437,0.12924528121948242,0.9420432448387146,0.6472650766372681
YDR080W,YJL116C,0,0.28141874,0.12922786176204681,0.9420432448387146,0.6473652720451355
YDR385W,YKL063C,0,0.28134447,0.1292104572057724,0.9420432448387146,0.6474654674530029
YOL115W,YOL020W,0,0.2812809,0.12919305264949799,0.9420432448387146,0.6475656032562256
YPL148C,YMR088C,0,0.28100675,0.12917564809322357,0.9420432448387146,0.647665798664093
YMR235C,YML102W,0,0.2809652,0.12915824353694916,0.9420432448387146,0.6477659940719604
YLR298C,YPL060W,0,0.28096342,0.12914085388183594,0.9420432448387146,0.6478661298751831
YPR104C,YMR285C,0,0.2808787,0.12912346422672272,0.9420432448387146,0.6479663252830505
YJL164C,YLR433C,0,0.28077796,0.1291060894727707,0.9420432448387146,0.648066520690918
YDR515W,YER094C,0,0.27986813,0.12908869981765747,0.9420432448387146,0.6481667160987854
YDR520C,YDR231C,0,0.2795747,0.12907132506370544,0.9420432448387146,0.6482668519020081
YFR038W,YOR354C,1,0.2792573,0.12918853759765625,0.943025529384613,0.6482668519020081
YJL151C,YNL039W,0,0.27911615,0.12917114794254303,0.943025529384613,0.6483670473098755
YDL130W,YHR191C,0,0.27834904,0.129153773188591,0.943025529384613,0.6484672427177429
YDR045C,YMR161W,0,0.2781451,0.12913639843463898,0.943025529384613,0.6485674381256104
YDR176W,YBR022W,0,0.2777671,0.12911903858184814,0.943025529384613,0.648667573928833
YDL137W,YGR217W,0,0.27768445,0.12910166382789612,0.943025529384613,0.6487677693367004
YJL162C,YOR347C,0,0.27742544,0.12908430397510529,0.943025529384613,0.6488679647445679
YGL125W,YOL030W,0,0.27734378,0.12906695902347565,0.943025529384613,0.6489681601524353
YJL159W,YMR156C,0,0.277336,0.12904959917068481,0.943025529384613,0.649068295955658
YPL058C,YDL008W,0,0.27702248,0.12903225421905518,0.943025529384613,0.6491684913635254
YPL268W,YKR099W,0,0.2769283,0.12901492416858673,0.943025529384613,0.6492686867713928
YPL225W,YAL041W,0,0.27681178,0.1289975792169571,0.943025529384613,0.6493688821792603
YHR157W,YKL218C,0,0.2765035,0.12898024916648865,0.943025529384613,0.6494690179824829
YMR287C,YMR288W,0,0.27646932,0.1289629191160202,0.943025529384613,0.6495692133903503
YER044C,YOR346W,0,0.27622655,0.12894560396671295,0.943025529384613,0.6496694087982178
YDL231C,YHR154W,0,0.276195,0.1289282888174057,0.943025529384613,0.6497696042060852
YDR235W,YLR061W,0,0.2760559,0.12891097366809845,0.943025529384613,0.6498697400093079
YKL063C,YIL014W,0,0.2759941,0.1288936585187912,0.943025529384613,0.6499699354171753
YNL164C,YBR126C,0,0.27554232,0.12887635827064514,0.943025529384613,0.6500701308250427
YGR055W,YDR221W,0,0.2751695,0.12885905802249908,0.943025529384613,0.6501703262329102
YCR033W,YLR064W,0,0.2750419,0.12884177267551422,0.943025529384613,0.6502704620361328
YMR135C,YDL007W,0,0.27503037,0.12882447242736816,0.943025529384613,0.6503706574440002
YDL232W,YOR208W,0,0.27472693,0.1288071870803833,0.943025529384613,0.6504708528518677
YHR201C,YHR204W,0,0.2745053,0.12878991663455963,0.943025529384613,0.6505710482597351
YGR078C,YFR028C,0,0.27396357,0.12877263128757477,0.943025529384613,0.6506711840629578
YBR295W,YDR031W,0,0.27394137,0.1287553608417511,0.943025529384613,0.6507713794708252
YPL179W,YBR214W,0,0.2737434,0.12873810529708862,0.943025529384613,0.6508715748786926
YAR008W,YJR125C,0,0.27326858,0.12872083485126495,0.943025529384613,0.6509717702865601
YJL063C,YHR001W-A,0,0.27260938,0.12870357930660248,0.943025529384613,0.6510719060897827
YHR157W,YFR049W,0,0.27260503,0.12868632376194,0.943025529384613,0.6511721014976501
YDR387C,YKR027W,0,0.27225646,0.12866908311843872,0.943025529384613,0.6512722969055176
YER078C,YLR399C,0,0.2720949,0.12865184247493744,0.943025529384613,0.651372492313385
YOR207C,YGR108W,0,0.27154073,0.12863460183143616,0.943025529384613,0.6514726281166077
YGR074W,YLR333C,0,0.27141434,0.12861736118793488,0.943025529384613,0.6515728235244751
YKR025W,YML072C,0,0.27109212,0.1286001354455948,0.943025529384613,0.6516730189323425
YDR264C,YPL106C,0,0.27103603,0.1285829097032547,0.943025529384613,0.65177321434021
YOR269W,YPL079W,0,0.2709762,0.1285656839609146,0.943025529384613,0.6518733501434326
YDR055W,YLR450W,0,0.27070695,0.12854847311973572,0.943025529384613,0.6519735455513
YCR081W,YEL047C,0,0.27063364,0.12853126227855682,0.943025529384613,0.6520737409591675
YMR311C,YGR108W,0,0.27053463,0.12851405143737793,0.943025529384613,0.6521739363670349
YDR004W,YDR463W,0,0.27043366,0.12849685549736023,0.943025529384613,0.6522740721702576
YPR134W,YOL065C,0,0.26952082,0.12847965955734253,0.943025529384613,0.652374267578125
YDR028C,YER176W,0,0.2691982,0.12846246361732483,0.943025529384613,0.6524744629859924
YIL131C,YOR086C,0,0.26917624,0.12844528257846832,0.943025529384613,0.6525746583938599
YGL064C,YOR373W,0,0.2691074,0.12842808663845062,0.943025529384613,0.6526747941970825
YBR175W,YBL003C,0,0.26899797,0.1284109205007553,0.943025529384613,0.65277498960495
YHR120W,YOL001W,0,0.2689855,0.1283937394618988,0.943025529384613,0.6528751850128174
YPL160W,YOL019W,0,0.2689747,0.1283765733242035,0.943025529384613,0.6529753804206848
YDR177W,YLR262C,0,0.26878905,0.12835940718650818,0.943025529384613,0.6530755162239075
YPL235W,YHR171W,0,0.26874548,0.12834224104881287,0.943025529384613,0.6531757116317749
YJL097W,YMR177W,0,0.26855862,0.12832508981227875,0.943025529384613,0.6532759070396423
YFR041C,YJR076C,0,0.26804924,0.12830793857574463,0.943025529384613,0.6533761024475098
YDR439W,YPR032W,0,0.26791328,0.1282907873392105,0.943025529384613,0.6534762382507324
YJL045W,YDL095W,0,0.26772195,0.12827365100383759,0.943025529384613,0.6535764336585999
YLR126C,YPR071W,0,0.26740384,0.12825651466846466,0.943025529384613,0.6536766290664673
YLR086W,YIL137C,0,0.26733023,0.12823937833309174,0.943025529384613,0.6537768244743347
YCR075C,YDR065W,0,0.2671207,0.12822225689888,0.943025529384613,0.6538769602775574
YML026C,YDR217C,0,0.26679546,0.12820513546466827,0.943025529384613,0.6539771556854248
YLL033W,YDR540C,1,0.2667359,0.1283215433359146,0.9440078735351562,0.6539771556854248
YLR449W,YPL005W,0,0.26616448,0.1283044070005417,0.9440078735351562,0.6540773510932922
YJL165C,YKR018C,0,0.26595184,0.12828727066516876,0.9440078735351562,0.6541775465011597
YDR507C,YMR195W,0,0.26591113,0.12827014923095703,0.9440078735351562,0.6542776823043823
YOR030W,YDR375C,0,0.26545715,0.1282530426979065,0.9440078735351562,0.6543778777122498
YDR440W,YOL030W,0,0.2652516,0.12823592126369476,0.9440078735351562,0.6544780731201172
YBR084C-A,YDR303C,0,0.26509076,0.12821881473064423,0.9440078735351562,0.6545782685279846
YPR009W,YDR288W,0,0.2649935,0.1282017081975937,0.9440078735351562,0.6546784043312073
YIL168W,YDL110C,0,0.2647273,0.12818460166454315,0.9440078735351562,0.6547785997390747
YOR073W,YHL015W,0,0.2646091,0.1281675100326538,0.9440078735351562,0.6548787951469421
YCR018C,YDR175C,0,0.26438594,0.12815041840076447,0.9440078735351562,0.6549789905548096
YGR038W,YOR048C,0,0.2639828,0.12813332676887512,0.9440078735351562,0.6550791263580322
YNL059C,YOR181W,0,0.26384217,0.12811625003814697,0.9440078735351562,0.6551793217658997
YDR217C,YKL040C,0,0.26384103,0.12809917330741882,0.9440078735351562,0.6552795171737671
YBR207W,YHR123W,0,0.26357818,0.12808209657669067,0.9440078735351562,0.6553797125816345
YDL190C,YJL101C,0,0.2635668,0.12806503474712372,0.9440078735351562,0.6554798483848572
YPR101W,YIL090W,0,0.26355028,0.12804797291755676,0.9440078735351562,0.6555800437927246
YPL001W,YDR533C,0,0.26270103,0.1280309110879898,0.9440078735351562,0.655680239200592
YPR131C,YPR183W,0,0.26254714,0.12801384925842285,0.9440078735351562,0.6557803750038147
YBR077C,YCR094W,0,0.26218182,0.1279968023300171,0.9440078735351562,0.6558805704116821
YIL087C,YLR039C,0,0.26204783,0.12797975540161133,0.9440078735351562,0.6559807658195496
YCL011C,YDR348C,0,0.2620384,0.12796272337436676,0.9440078735351562,0.656080961227417
YDL020C,YHR187W,0,0.26185894,0.127945676445961,0.9440078735351562,0.6561810970306396
YJL057C,YAL014C,0,0.26158842,0.12792864441871643,0.9440078735351562,0.6562812924385071
YGL084C,YJL002C,0,0.2606208,0.12791162729263306,0.9440078735351562,0.6563814878463745
YNL023C,YPL072W,0,0.25996354,0.1278945952653885,0.9440078735351562,0.6564816832542419
YER131W,YBL040C,0,0.25982714,0.12787757813930511,0.9440078735351562,0.6565818190574646
YGL111W,YJR104C,0,0.25982475,0.12786056101322174,0.9440078735351562,0.656682014465332
YML027W,YMR260C,0,0.25960147,0.12784355878829956,0.9440078735351562,0.6567822098731995
YMR083W,YML061C,0,0.2595981,0.12782655656337738,0.9440078735351562,0.6568824052810669
YDL130W,YAR071W,0,0.25941196,0.1278095543384552,0.9440078735351562,0.6569825410842896
YOR132W,YLR319C,0,0.2593384,0.12779255211353302,0.9440078735351562,0.657082736492157
YBR065C,YKL077W,0,0.25927216,0.12777556478977203,0.9440078735351562,0.6571829319000244
YFR049W,YOR061W,0,0.2591894,0.12775857746601105,0.9440078735351562,0.6572831273078918
YDR267C,YPL009C,0,0.2591742,0.12774159014225006,0.9440078735351562,0.6573832631111145
YHR011W,YBR302C,0,0.2591657,0.12772461771965027,0.9440078735351562,0.6574834585189819
YFR055W,YGR193C,0,0.25908297,0.12770764529705048,0.9440078735351562,0.6575836539268494
YHR154W,YMR128W,0,0.25894013,0.12769067287445068,0.9440078735351562,0.6576838493347168
YGR135W,YMR044W,0,0.2586944,0.12767371535301208,0.9440078735351562,0.6577839851379395
YNR047W,YMR156C,0,0.2586012,0.1276567429304123,0.9440078735351562,0.6578841805458069
YGL246C,YBR218C,0,0.25851315,0.1276397854089737,0.9440078735351562,0.6579843759536743
YKR042W,YLR299W,0,0.2585078,0.1276228427886963,0.9440078735351562,0.6580845713615417
YNL162W,YPR068C,0,0.25825456,0.12760590016841888,0.9440078735351562,0.6581847071647644
YMR113W,YER119C,0,0.25785998,0.12758895754814148,0.9440078735351562,0.6582849025726318
YNL132W,YDR155C,0,0.257749,0.12757201492786407,0.9440078735351562,0.6583850979804993
YPL268W,YOR133W,0,0.2574949,0.12755508720874786,0.9440078735351562,0.6584852933883667
YKL127W,YHR123W,0,0.25730646,0.12753815948963165,0.9440078735351562,0.6585854291915894
YER060W-A,YMR275C,0,0.25730628,0.12752123177051544,0.9440078735351562,0.6586856245994568
YER056C,YER114C,0,0.2571761,0.12750431895256042,0.9440078735351562,0.6587858200073242
YLR424W,YLR132C,0,0.25684947,0.1274873912334442,0.9440078735351562,0.6588860154151917
YDL072C,YEL064C,0,0.25681013,0.1274704933166504,0.9440078735351562,0.6589861512184143
YNR043W,YKR010C,0,0.25679386,0.12745358049869537,0.9440078735351562,0.6590863466262817
YEL046C,YOR057W,0,0.25665224,0.12743668258190155,0.9440078735351562,0.6591865420341492
YLR172C,YLR361C,0,0.25635737,0.12741978466510773,0.9440078735351562,0.6592867374420166
YKL029C,YNL039W,0,0.2557984,0.1274028867483139,0.9440078735351562,0.6593868732452393
YGR135W,YDR007W,0,0.2551028,0.12738600373268127,0.9440078735351562,0.6594870686531067
YNL206C,YMR205C,0,0.255018,0.12736912071704865,0.9440078735351562,0.6595872640609741
YIL044C,YML129C,0,0.25465506,0.12735223770141602,0.9440078735351562,0.6596874594688416
YNL189W,YDL003W,0,0.25442076,0.12733536958694458,0.9440078735351562,0.6597875952720642
YCL001W,YKL193C,0,0.25420097,0.12731850147247314,0.9440078735351562,0.6598877906799316
YKR092C,YDL164C,0,0.25379407,0.1273016333580017,0.9440078735351562,0.6599879860877991
YGR120C,YLL031C,0,0.2536512,0.12728476524353027,0.9440078735351562,0.6600881814956665
YLR460C,YGL161C,0,0.25329936,0.12726791203022003,0.9440078735351562,0.6601883172988892
YCR044C,YDL066W,0,0.25316894,0.1272510588169098,0.9440078735351562,0.6602885127067566
YDR387C,YGR033C,0,0.25290382,0.12723420560359955,0.9440078735351562,0.660388708114624
YER069W,YGL133W,0,0.25234205,0.1272173672914505,0.9440078735351562,0.6604889035224915
YKL065C,YIR006C,0,0.25229,0.12720052897930145,0.9440078735351562,0.6605890393257141
YKR104W,YGL153W,0,0.25206852,0.1271836906671524,0.9440078735351562,0.6606892347335815
YDR302W,YIL130W,0,0.2519797,0.12716686725616455,0.9440078735351562,0.660789430141449
YBR123C,YDR352W,0,0.251685,0.1271500438451767,0.9440078735351562,0.6608896255493164
YNR008W,YNL046W,0,0.25116608,0.12713322043418884,0.9440078735351562,0.6609897613525391
YGL025C,YIR033W,0,0.25079763,0.127116397023201,0.9440078735351562,0.6610899567604065
YMR170C,YDR506C,0,0.25055313,0.12709958851337433,0.9440078735351562,0.6611901521682739
YBL103C,YHR050W,0,0.25054908,0.12708278000354767,0.9440078735351562,0.6612903475761414
YOR028C,YER088C,0,0.25037315,0.1270659863948822,0.9440078735351562,0.661390483379364
YML023C,YOL090W,1,0.25035173,0.12718138098716736,0.9449901580810547,0.661390483379364
YDR202C,YLR144C,0,0.25034177,0.1271645724773407,0.9449901580810547,0.6614906787872314
YHL028W,YPL038W,0,0.25003374,0.12714776396751404,0.9449901580810547,0.6615908741950989
YDR452W,YLR066W,0,0.24993958,0.12713097035884857,0.9449901580810547,0.6616910696029663
YHR021C,YBL040C,0,0.2496531,0.1271141618490219,0.9449901580810547,0.661791205406189
YIL022W,YKL033W,0,0.24961928,0.12709736824035645,0.9449901580810547,0.6618914008140564
YLR409C,YBR055C,0,0.2496107,0.12708057463169098,0.9449901580810547,0.6619915962219238
YJL157C,YNL245C,0,0.24920383,0.1270637959241867,0.9449901580810547,0.6620917916297913
YFR014C,YBL023C,0,0.2491456,0.12704701721668243,0.9449901580810547,0.6621919274330139
YGR192C,YPL256C,0,0.24898537,0.12703023850917816,0.9449901580810547,0.6622921228408813
YBL050W,YNL077W,0,0.24895933,0.1270134598016739,0.9449901580810547,0.6623923182487488
YIL040W,YAL011W,0,0.24877214,0.1269966959953308,0.9449901580810547,0.6624925136566162
YGL124C,YHR123W,0,0.24872075,0.12697993218898773,0.9449901580810547,0.6625926494598389
YDR255C,YOL068C,0,0.24833724,0.12696318328380585,0.9449901580810547,0.6626928448677063
YPL016W,YJR135C,0,0.24735472,0.12694641947746277,0.9449901580810547,0.6627930402755737
YLR390W-A,YOR205C,0,0.24668154,0.12692967057228088,0.9449901580810547,0.6628932356834412
YLR079W,YLR319C,0,0.24650936,0.126912921667099,0.9449901580810547,0.6629933714866638
YOR116C,YJR054W,0,0.2464048,0.1268961876630783,0.9449901580810547,0.6630935668945312
YDR208W,YKL185W,0,0.24620399,0.12687945365905762,0.9449901580810547,0.6631937623023987
YGR203W,YBR218C,0,0.24616793,0.12686271965503693,0.9449901580810547,0.6632939577102661
YMR091C,YOR066W,0,0.24616227,0.12684598565101624,0.9449901580810547,0.6633940935134888
YDR325W,YER069W,0,0.24576145,0.12682926654815674,0.9449901580810547,0.6634942889213562
YJL100W,YPR070W,0,0.24568436,0.12681254744529724,0.9449901580810547,0.6635944843292236
YLR186W,YCL059C,0,0.2453506,0.12679582834243774,0.9449901580810547,0.6636946797370911
YBL072C,YHR134W,0,0.24514206,0.12677912414073944,0.9449901580810547,0.6637948155403137
YBR199W,YDL002C,0,0.24466315,0.12676241993904114,0.9449901580810547,0.6638950109481812
YGR191W,YLR432W,0,0.2443414,0.12674571573734283,0.9449901580810547,0.6639952063560486
YNL118C,YDR005C,0,0.2442095,0.12672902643680573,0.9449901580810547,0.6640953421592712
YDR116C,YDR242W,0,0.24383819,0.12671232223510742,0.9449901580810547,0.6641955375671387
YNL048W,YLR229C,0,0.2437039,0.1266956478357315,0.9449901580810547,0.6642957329750061
YJL083W,YJL097W,0,0.24331185,0.1266789585351944,0.9449901580810547,0.6643959283828735
YJL118W,YLR421C,0,0.24305607,0.12666228413581848,0.9449901580810547,0.6644960641860962
YJL189W,YDR334W,0,0.24293318,0.12664560973644257,0.9449901580810547,0.6645962595939636
YNL316C,YNL225C,0,0.2420106,0.12662893533706665,0.9449901580810547,0.664696455001831
YLR266C,YPL091W,0,0.24192414,0.12661226093769073,0.9449901580810547,0.6647966504096985
YNL088W,YMR293C,0,0.24121001,0.126595601439476,0.9449901580810547,0.6648967862129211
YKL173W,YDR483W,0,0.24110347,0.1265789419412613,0.9449901580810547,0.6649969816207886
YER073W,YLR256W,0,0.24103583,0.12656229734420776,0.9449901580810547,0.665097177028656
YJR064W,YPR075C,0,0.24060093,0.12654565274715424,0.9449901580810547,0.6651973724365234
YGL187C,YLR337C,0,0.24054842,0.1265290081501007,0.9449901580810547,0.6652975082397461
YML126C,YOR080W,0,0.24014445,0.12651236355304718,0.9449901580810547,0.6653977036476135
YCR034W,YJR046W,0,0.24003536,0.12649573385715485,0.9449901580810547,0.665497899055481
YCR037C,YLR284C,0,0.23997161,0.12647908926010132,0.9449901580810547,0.6655980944633484
YDR235W,YDR051C,0,0.23995538,0.12646247446537018,0.9449901580810547,0.665698230266571
YOR195W,YIL145C,0,0.23983249,0.12644584476947784,0.9449901580810547,0.6657984256744385
YLR418C,YGL077C,0,0.23979987,0.1264292299747467,0.9449901580810547,0.6658986210823059
YKL060C,YHR117W,0,0.23965783,0.12641261518001556,0.9449901580810547,0.6659988164901733
YGR129W,YOL097C,0,0.23929213,0.12639600038528442,0.9449901580810547,0.666098952293396
YER058W,YPR048W,0,0.23923033,0.12637940049171448,0.9449901580810547,0.6661991477012634
YGR038W,YOR246C,0,0.23866075,0.12636280059814453,0.9449901580810547,0.6662993431091309
YHR185C,YGR156W,0,0.23853028,0.12634620070457458,0.9449901580810547,0.6663995385169983
YDR120C,YKR007W,0,0.23781912,0.12632961571216583,0.9449901580810547,0.666499674320221
YOL016C,YLR433C,0,0.23725827,0.12631303071975708,0.9449901580810547,0.6665998697280884
YDR020C,YOR130C,0,0.23719586,0.12629644572734833,0.9449901580810547,0.6667000651359558
YLR174W,YNL003C,0,0.23671694,0.12627986073493958,0.9449901580810547,0.6668002605438232
YLR451W,YKL008C,0,0.2363673,0.12626329064369202,0.9449901580810547,0.6669003963470459
YLR336C,YDL184C,0,0.23630194,0.12624672055244446,0.9449901580810547,0.6670005917549133
YMR014W,YLR133W,0,0.23624551,0.1262301504611969,0.9449901580810547,0.6671007871627808
YOL127W,YNL115C,0,0.2362076,0.12621359527111053,0.9449901580810547,0.6672009825706482
YDR044W,YDL113C,0,0.23611248,0.12619704008102417,0.9449901580810547,0.6673011183738708
YLR362W,YDL134C,0,0.23572093,0.1261804848909378,0.9449901580810547,0.6674013137817383
YDL150W,YGR162W,0,0.23559189,0.12616392970085144,0.9449901580810547,0.6675015091896057
YJR054W,YMR110C,0,0.2355653,0.12614738941192627,0.9449901580810547,0.6676017045974731
YKR042W,YML077W,0,0.23509808,0.1261308491230011,0.9449901580810547,0.6677018404006958
YDR380W,YHR107C,0,0.23504776,0.12611430883407593,0.9449901580810547,0.6678020358085632
YKR018C,YML014W,0,0.23502344,0.12609778344631195,0.9449901580810547,0.6679022312164307
YOL051W,YLR297W,0,0.2349426,0.12608125805854797,0.9449901580810547,0.6680024266242981
YIL126W,YIL015W,0,0.23487335,0.126064732670784,0.9449901580810547,0.6681025624275208
YBR234C,YDL081C,0,0.23483658,0.1260482221841812,0.9449901580810547,0.6682027578353882
YML087C,YML024W,0,0.23463255,0.12603171169757843,0.9449901580810547,0.6683029532432556
YDR443C,YGL076C,0,0.23445912,0.12601520121097565,0.9449901580810547,0.668403148651123
YBR043C,YML065W,0,0.23444554,0.12599869072437286,0.9449901580810547,0.6685032844543457
YDR051C,YML046W,0,0.2343699,0.12598219513893127,0.9449901580810547,0.6686034798622131
YFR006W,YKR018C,0,0.23434806,0.12596569955348969,0.9449901580810547,0.6687036752700806
YGR241C,YPR061C,0,0.2333149,0.1259492039680481,0.9449901580810547,0.668803870677948
YLR097C,YPL075W,0,0.23323457,0.1259327083826065,0.9449901580810547,0.6689040064811707
YOL088C,YGR220C,0,0.23313822,0.1259162276983261,0.9449901580810547,0.6690042018890381
YKL011C,YPL022W,1,0.233082,0.12603062391281128,0.9459725022315979,0.6690042018890381
YDR265W,YBR132C,0,0.2329565,0.1260141283273697,0.9459725022315979,0.6691043972969055
YLR233C,YDR322W,0,0.2328644,0.1259976476430893,0.9459725022315979,0.669204592704773
YBR159W,YLR248W,0,0.23269245,0.1259811669588089,0.9459725022315979,0.6693047285079956
YCL027W,YDR435C,0,0.23268081,0.1259646862745285,0.9459725022315979,0.669404923915863
YOR306C,YBR086C,0,0.2325247,0.1259482055902481,0.9459725022315979,0.6695051193237305
YNL051W,YBR154C,0,0.2320716,0.1259317398071289,0.9459725022315979,0.6696053147315979
YBL061C,YMR236W,0,0.2320457,0.1259152740240097,0.9459725022315979,0.6697054505348206
YER070W,YLR007W,0,0.23204426,0.1258988082408905,0.9459725022315979,0.669805645942688
YIL009W,YLR142W,0,0.23195237,0.1258823573589325,0.9459725022315979,0.6699058413505554
YGR156W,YBR162W-A,0,0.23189038,0.1258659064769745,0.9459725022315979,0.6700060367584229
YPL161C,YOR316C,0,0.23188305,0.12584945559501648,0.9459725022315979,0.6701061725616455
YBR087W,YJL216C,0,0.23180611,0.12583300471305847,0.9459725022315979,0.6702063679695129
YLR347C,YER083C,0,0.23154026,0.12581656873226166,0.9459725022315979,0.6703065633773804
YDR440W,YOR150W,0,0.2313812,0.12580013275146484,0.9459725022315979,0.6704067587852478
YML042W,YBR265W,0,0.23063126,0.12578369677066803,0.9459725022315979,0.6705068945884705
YKR013W,YCR037C,0,0.2302124,0.1257672756910324,0.9459725022315979,0.6706070899963379
YOL068C,YOL072W,1,0.22999427,0.12588143348693848,0.9469547867774963,0.6706070899963379
YPL028W,YDR221W,0,0.22996019,0.12586499750614166,0.9469547867774963,0.6707072854042053
YPL055C,YHR076W,0,0.22978497,0.12584856152534485,0.9469547867774963,0.6708074808120728
YNL180C,YGL029W,0,0.2296449,0.12583214044570923,0.9469547867774963,0.6709076166152954
YPR100W,YDR073W,0,0.22958311,0.1258157193660736,0.9469547867774963,0.6710078120231628
YBR273C,YOL135C,0,0.22871876,0.125799298286438,0.9469547867774963,0.6711080074310303
YPR057W,YLR019W,0,0.2280355,0.12578287720680237,0.9469547867774963,0.6712082028388977
YGR002C,YDR236C,0,0.22773275,0.12576647102832794,0.9469547867774963,0.6713083386421204
YJR159W,YLR448W,0,0.22727507,0.12575006484985352,0.9469547867774963,0.6714085340499878
YDR115W,YIL111W,0,0.22701102,0.1257336586713791,0.9469547867774963,0.6715087294578552
YMR079W,YBR188C,0,0.22696444,0.12571726739406586,0.9469547867774963,0.6716089248657227
YHL028W,YBL004W,0,0.22551817,0.12570087611675262,0.9469547867774963,0.6717090606689453
YPL028W,YDR430C,0,0.22520013,0.1256844848394394,0.9469547867774963,0.6718092560768127
YDR038C,YDR182W,0,0.22519656,0.12566809356212616,0.9469547867774963,0.6719094514846802
YBL010C,YGR211W,0,0.2251314,0.12565171718597412,0.9469547867774963,0.6720096468925476
YBR041W,YIL085C,0,0.22510949,0.12563534080982208,0.9469547867774963,0.6721097826957703
YKL059C,YML101C,0,0.22480062,0.12561897933483124,0.9469547867774963,0.6722099781036377
YIL009W,YDR078C,0,0.22445232,0.1256026029586792,0.9469547867774963,0.6723101735115051
YOR207C,YBR218C,0,0.22369519,0.12558624148368835,0.9469547867774963,0.6724103093147278
YGL167C,YKR097W,0,0.22357672,0.1255698800086975,0.9469547867774963,0.6725105047225952
YLR048W,YJR067C,0,0.22292313,0.12555353343486786,0.9469547867774963,0.6726107001304626
YOR144C,YHR072W,0,0.22251722,0.12553717195987701,0.9469547867774963,0.6727108955383301
YER007W,YOR273C,0,0.22217911,0.12552084028720856,0.9469547867774963,0.6728110313415527
YNL330C,YJR029W,1,0.22178778,0.12563468515872955,0.9479371309280396,0.6728110313415527
YOL032W,YNL036W,0,0.22173181,0.1256183236837387,0.9479371309280396,0.6729112267494202
YGR244C,YIL144W,0,0.22127104,0.12560197710990906,0.9479371309280396,0.6730114221572876
YBL037W,YDR430C,0,0.2212515,0.1255856305360794,0.9479371309280396,0.673111617565155
YKR029C,YMR105C,0,0.22085306,0.12556928396224976,0.9479371309280396,0.6732117533683777
YPL178W,YMR036C,0,0.22082578,0.1255529522895813,0.9479371309280396,0.6733119487762451
YJR043C,YJL208C,1,0.22064859,0.12566670775413513,0.9489194750785828,0.6733119487762451
YHR032W,YDR264C,0,0.2205202,0.12565036118030548,0.9489194750785828,0.6734121441841125
YJR118C,YDR485C,0,0.22047184,0.12563402950763702,0.9489194750785828,0.67351233959198
YHL020C,YMR205C,0,0.21987616,0.12561768293380737,0.9489194750785828,0.6736124753952026
YNL091W,YHR067W,0,0.219669,0.12560135126113892,0.9489194750785828,0.6737126708030701
YDL101C,YGL150C,0,0.21941262,0.12558501958847046,0.9489194750785828,0.6738128662109375
YLR383W,YLR219W,1,0.21913385,0.12569868564605713,0.9499017596244812,0.6738128662109375
YCR043C,YGL049C,0,0.2189245,0.12568235397338867,0.9499017596244812,0.6739130616188049
YLR008C,YER019W,0,0.21868008,0.12566602230072021,0.9499017596244812,0.6740131974220276
YLR430W,YDR313C,0,0.21855299,0.12564969062805176,0.9499017596244812,0.674113392829895
YKR059W,YPL013C,0,0.21791181,0.1256333589553833,0.9499017596244812,0.6742135882377625
YER127W,YDR180W,0,0.21782787,0.12561704218387604,0.9499017596244812,0.6743137836456299
YDR175C,YIL015W,0,0.21755627,0.12560072541236877,0.9499017596244812,0.6744139194488525
YPL092W,YBL021C,0,0.21741498,0.1255844086408615,0.9499017596244812,0.67451411485672
YKL088W,YKL178C,0,0.21718296,0.12556810677051544,0.9499017596244812,0.6746143102645874
YOR253W,YLR225C,0,0.2170918,0.12555180490016937,0.9499017596244812,0.6747145056724548
YNL329C,YDL243C,0,0.21691646,0.1255355030298233,0.9499017596244812,0.6748146414756775
YDL019C,YNR046W,0,0.21562202,0.12551921606063843,0.9499017596244812,0.6749148368835449
YNL241C,YPL024W,0,0.21556038,0.12550291419029236,0.9499017596244812,0.6750150322914124
YLR056W,YGL043W,0,0.21554926,0.12548662722110748,0.9499017596244812,0.6751152276992798
YML075C,YGR076C,0,0.21539892,0.1254703551530838,0.9499017596244812,0.6752153635025024
YMR289W,YGL125W,0,0.21499525,0.12545406818389893,0.9499017596244812,0.6753155589103699
YOR075W,YBR127C,0,0.21496674,0.12543779611587524,0.9499017596244812,0.6754157543182373
YGL201C,YML027W,0,0.2144495,0.12542152404785156,0.9499017596244812,0.6755159497261047
YKL107W,YKL101W,0,0.2141671,0.12540526688098907,0.9499017596244812,0.6756160855293274
YMR022W,YNL293W,0,0.21401545,0.1253890097141266,0.9499017596244812,0.6757162809371948
YIL156W,YCR004C,0,0.2139652,0.1253727525472641,0.9499017596244812,0.6758164763450623
YBR231C,YNL209W,0,0.21395805,0.1253564953804016,0.9499017596244812,0.6759166717529297
YJL063C,YGL058W,0,0.2138544,0.12534025311470032,0.9499017596244812,0.6760168075561523
YNL047C,YML127W,0,0.21360993,0.12532399594783783,0.9499017596244812,0.6761170029640198
YKL157W,YCR024C-A,0,0.21357167,0.12530776858329773,0.9499017596244812,0.6762171983718872
YDR339C,YDL174C,0,0.21348637,0.12529152631759644,0.9499017596244812,0.6763173937797546
YJR045C,YGR029W,0,0.21298867,0.12527529895305634,0.9499017596244812,0.6764175295829773
YDR001C,YNL099C,0,0.21287176,0.12525907158851624,0.9499017596244812,0.6765177249908447
YLR017W,YGR083C,0,0.21286121,0.12524284422397614,0.9499017596244812,0.6766179203987122
YIL039W,YEL020C,0,0.21277621,0.12522663176059723,0.9499017596244812,0.6767181158065796
YPL003W,YDL002C,0,0.21262774,0.12521040439605713,0.9499017596244812,0.6768182516098022
YOR110W,YMR164C,0,0.21224305,0.12519420683383942,0.9499017596244812,0.6769184470176697
YDR142C,YER001W,0,0.21214882,0.1251779943704605,0.9499017596244812,0.6770186424255371
YBR265W,YKR100C,0,0.21201354,0.1251617968082428,0.9499017596244812,0.6771188378334045
YGL048C,YNL118C,0,0.21159893,0.12514559924602509,0.9499017596244812,0.6772189736366272
YOR244W,YMR105C,0,0.21126106,0.12512940168380737,0.9499017596244812,0.6773191690444946
YPR073C,YDL014W,0,0.21112594,0.12511320412158966,0.9499017596244812,0.6774193644523621
YJR015W,YDL117W,0,0.2101682,0.12509702146053314,0.9499017596244812,0.6775195598602295
YKL173W,YDL075W,0,0.20992056,0.12508083879947662,0.9499017596244812,0.6776196956634521
YLR381W,YER153C,0,0.20951313,0.1250646710395813,0.9499017596244812,0.6777198910713196
YNL098C,YDR363W,0,0.2094092,0.12504848837852478,0.9499017596244812,0.677820086479187
YDR099W,YOR322C,0,0.20937821,0.12503232061862946,0.9499017596244812,0.6779202818870544
YKL091C,YBR068C,0,0.20866391,0.12501616775989532,0.9499017596244812,0.6780204176902771
YLR136C,YMR053C,0,0.20843035,0.125,0.9499017596244812,0.6781206130981445
YKL043W,YOR033C,0,0.2083571,0.12498384714126587,0.9499017596244812,0.678220808506012
YOR193W,YPR131C,0,0.20833932,0.12496769428253174,0.9499017596244812,0.6783210039138794
YNL156C,YER069W,0,0.20766988,0.12495154142379761,0.9499017596244812,0.678421139717102
YJL013C,YKR039W,0,0.20762217,0.12493540346622467,0.9499017596244812,0.6785213351249695
YJR086W,YPR120C,0,0.20756394,0.12491925805807114,0.9499017596244812,0.6786215305328369
YBL021C,YPR034W,0,0.2069049,0.1249031275510788,0.9499017596244812,0.6787217259407043
YIR022W,YKL163W,0,0.20678866,0.12488699704408646,0.9499017596244812,0.678821861743927
YDR028C,YOL094C,0,0.20668188,0.12487086653709412,0.9499017596244812,0.6789220571517944
YDL104C,YML067C,0,0.20586976,0.12485474348068237,0.9499017596244812,0.6790222525596619
YLR292C,YOR231W,0,0.20579736,0.12483862787485123,0.9499017596244812,0.6791224479675293
YPR183W,YGL058W,0,0.20549619,0.12482251226902008,0.9499017596244812,0.679222583770752
YOR155C,YML031W,0,0.20537138,0.12480640411376953,0.9499017596244812,0.6793227791786194
YCR047C,YLR347C,0,0.20524266,0.12479029595851898,0.9499017596244812,0.6794229745864868
YIL067C,YGR170W,0,0.20523179,0.12477419525384903,0.9499017596244812,0.6795231699943542
YLR207W,YBR272C,0,0.2050649,0.12475809454917908,0.9499017596244812,0.6796233057975769
YFR030W,YJR089W,0,0.20491612,0.12474200129508972,0.9499017596244812,0.6797235012054443
YPL266W,YDR510W,0,0.20417798,0.12472591549158096,0.9499017596244812,0.6798236966133118
YER140W,YLR435W,0,0.20404732,0.1247098296880722,0.9499017596244812,0.6799238920211792
YBR154C,YDL058W,0,0.20390648,0.12469374388456345,0.9499017596244812,0.6800240278244019
YDR012W,YML091C,0,0.20350815,0.12467766553163528,0.9499017596244812,0.6801242232322693
YLR054C,YJR091C,0,0.20347965,0.12466159462928772,0.9499017596244812,0.6802244186401367
YDR088C,YBL016W,0,0.2034065,0.12464552372694016,0.9499017596244812,0.6803246140480042
YFL018C,YOL140W,0,0.20294882,0.12462946027517319,0.9499017596244812,0.6804247498512268
YDR297W,YPR063C,0,0.20289695,0.12461340427398682,0.9499017596244812,0.6805249452590942
YDL138W,YER183C,0,0.20132461,0.12459734827280045,0.9499017596244812,0.6806251406669617
YBR102C,YBL021C,0,0.20119433,0.12458129227161407,0.9499017596244812,0.6807252764701843
YOR197W,YPL236C,0,0.2009964,0.1245652437210083,0.9499017596244812,0.6808254718780518
YDR381W,YBR286W,0,0.20024809,0.12454920262098312,0.9499017596244812,0.6809256672859192
YMR150C,YBR133C,0,0.19981742,0.12453316152095795,0.9499017596244812,0.6810258626937866
YLR136C,YFL029C,0,0.1997847,0.12451712787151337,0.9499017596244812,0.6811259984970093
YCL035C,YDR480W,0,0.1997093,0.12450109422206879,0.9499017596244812,0.6812261939048767
YJR021C,YLR219W,1,0.1996617,0.12461379915475845,0.9508841037750244,0.6812261939048767
YGL079W,YGR244C,0,0.19914664,0.12459775805473328,0.9508841037750244,0.6813263893127441
YOR269W,YHR046C,0,0.19877568,0.1245817244052887,0.9508841037750244,0.6814265847206116
YLR098C,YFL056C,0,0.1986249,0.12456569075584412,0.9508841037750244,0.6815267205238342
YPR016C,YNL229C,0,0.19787495,0.12454966455698013,0.9508841037750244,0.6816269159317017
YOR096W,YDR113C,0,0.19781953,0.12453364580869675,0.9508841037750244,0.6817271113395691
YOL006C,YMR078C,1,0.19758052,0.12464625388383865,0.9518663883209229,0.6817271113395691
YPL235W,YBR169C,0,0.19718835,0.12463022768497467,0.9518663883209229,0.6818273067474365
YKR096W,YNL280C,0,0.1971829,0.12461419403553009,0.9518663883209229,0.6819274425506592
YGR152C,YGR287C,0,0.19692707,0.1245981752872467,0.9518663883209229,0.6820276379585266
YHR042W,YIL007C,0,0.19661865,0.12458215653896332,0.9518663883209229,0.682127833366394
YGL038C,YLR408C,0,0.19639578,0.12456613779067993,0.9518663883209229,0.6822280287742615
YPR105C,YGR003W,0,0.19614804,0.12455012649297714,0.9518663883209229,0.6823281645774841
YML032C,YNL312W,1,0.19595113,0.12466263771057129,0.9528487324714661,0.6823281645774841
YEL051W,YIL014W,0,0.19540957,0.1246466189622879,0.9528487324714661,0.6824283599853516
YJL044C,YOR128C,0,0.195199,0.12463060766458511,0.9528487324714661,0.682528555393219
YER032W,YLR361C,0,0.19513856,0.12461459636688232,0.9528487324714661,0.6826287508010864
YNL222W,YJL096W,0,0.19504133,0.12459858506917953,0.9528487324714661,0.6827288866043091
YBR216C,YOL144W,0,0.19501756,0.12458258122205734,0.9528487324714661,0.6828290820121765
YBR065C,YHR204W,0,0.19471762,0.12456658482551575,0.9528487324714661,0.682929277420044
YDL232W,YKL100C,0,0.19400966,0.12455058842897415,0.9528487324714661,0.6830294728279114
YGR008C,YBR193C,0,0.19394422,0.12453459948301315,0.9528487324714661,0.683129608631134
YLR274W,YER029C,0,0.19354606,0.12451861053705215,0.9528487324714661,0.6832298040390015
YML032C,YPR018W,1,0.19353542,0.12463098764419556,0.9538310170173645,0.6832298040390015
YIL043C,YHR140W,0,0.19192544,0.12461499124765396,0.9538310170173645,0.6833299994468689
YBL069W,YML046W,0,0.19153589,0.12459900230169296,0.9538310170173645,0.6834301948547363
YDR208W,YJR058C,0,0.19092035,0.12458301335573196,0.9538310170173645,0.683530330657959
YKL026C,YGL040C,0,0.19068873,0.12456703186035156,0.9538310170173645,0.6836305260658264
YOR027W,YOL117W,0,0.19031323,0.12455105036497116,0.9538310170173645,0.6837307214736938
YER015W,YDR331W,0,0.19029734,0.12453507632017136,0.9538310170173645,0.6838309168815613
YDL223C,YCL038C,0,0.19007769,0.12451910972595215,0.9538310170173645,0.6839310526847839
YJL189W,YOR149C,0,0.18995088,0.12450314313173294,0.9538310170173645,0.6840312480926514
YCR043C,YER007C-A,0,0.18946323,0.12448717653751373,0.9538310170173645,0.6841314435005188
YDL127W,YER147C,0,0.18917161,0.12447122484445572,0.9538310170173645,0.6842316389083862
YER095W,YPR018W,1,0.1891549,0.12458343803882599,0.9548133611679077,0.6842316389083862
YNL064C,YOL030W,0,0.18914743,0.12456747144460678,0.9548133611679077,0.6843317747116089
YPR022C,YBL093C,0,0.18889755,0.12455151230096817,0.9548133611679077,0.6844319701194763
YMR072W,YGR244C,0,0.18805003,0.12453555315732956,0.9548133611679077,0.6845321655273438
YPL161C,YKL034W,0,0.18768674,0.12451960146427155,0.9548133611679077,0.6846323609352112
YGL065C,YKL079W,0,0.1876298,0.12450364977121353,0.9548133611679077,0.6847324967384338
YIL144W,YIR023W,0,0.18738057,0.12448770552873611,0.9548133611679077,0.6848326921463013
YKR053C,YDL007W,0,0.1872626,0.1244717612862587,0.9548133611679077,0.6849328875541687
YGL100W,YBR016W,0,0.18725355,0.12445582449436188,0.9548133611679077,0.6850330829620361
YDR162C,YGL123W,0,0.18706371,0.12443989515304565,0.9548133611679077,0.6851332187652588
YBL078C,YDL108W,0,0.18694335,0.12442396581172943,0.9548133611679077,0.6852334141731262
YBR028C,YLR060W,0,0.18687731,0.12440803647041321,0.9548133611679077,0.6853336095809937
YDL145C,YPL253C,0,0.18667285,0.12439211457967758,0.9548133611679077,0.6854338049888611
YNL065W,YIL112W,0,0.18665904,0.12437620013952255,0.9548133611679077,0.6855339407920837
YEL005C,YJR121W,0,0.18632665,0.12436028569936752,0.9548133611679077,0.6856341361999512
YDR315C,YKL092C,0,0.18631,0.12434437870979309,0.9548133611679077,0.6857343316078186
YPR021C,YNR037C,0,0.1862144,0.12432847172021866,0.9548133611679077,0.685834527015686
YPL281C,YIR006C,0,0.18602031,0.12431257218122482,0.9548133611679077,0.6859346628189087
YNL051W,YPR017C,0,0.18589985,0.12429667264223099,0.9548133611679077,0.6860348582267761
YLR027C,YMR262W,0,0.18448669,0.12428078055381775,0.9548133611679077,0.6861350536346436
YDL230W,YLL015W,0,0.1843074,0.12426489591598511,0.9548133611679077,0.686235249042511
YHL019C,YDR143C,0,0.18427952,0.12424901127815247,0.9548133611679077,0.6863353848457336
YNL082W,YJL096W,0,0.18405926,0.12423312664031982,0.9548133611679077,0.6864355802536011
YPL009C,YNL067W,0,0.1837934,0.12421724945306778,0.9548133611679077,0.6865357756614685
YHR117W,YPR118W,0,0.18266895,0.12420137971639633,0.9548133611679077,0.6866359710693359
YKR085C,YBL008W,0,0.18233076,0.12418550997972488,0.9548133611679077,0.6867361068725586
YGL234W,YNL154C,0,0.18141446,0.12416964769363403,0.9548133611679077,0.686836302280426
YNL331C,YJR067C,0,0.18129835,0.12415378540754318,0.9548133611679077,0.6869364976882935
YGL167C,YFR055W,0,0.181252,0.12413793057203293,0.9548133611679077,0.6870366930961609
YDR294C,YOR030W,0,0.18124646,0.12412207573652267,0.9548133611679077,0.6871368288993835
YNL330C,YER171W,1,0.18117237,0.1242339089512825,0.9557957053184509,0.6871368288993835
YNL145W,YMR214W,0,0.1811553,0.12421805411577225,0.9557957053184509,0.687237024307251
YGR068C,YBR044C,0,0.18086354,0.124202199280262,0.9557957053184509,0.6873372197151184
YDR478W,YOR375C,0,0.18075177,0.12418634444475174,0.9557957053184509,0.6874374151229858
YDR338C,YML012W,0,0.18074006,0.12417049705982208,0.9557957053184509,0.6875375509262085
YPR118W,YPL231W,0,0.18052197,0.12415464967489243,0.9557957053184509,0.6876377463340759
YBL060W,YBR237W,0,0.18044278,0.12413880974054337,0.9557957053184509,0.6877379417419434
YMR078C,YPL015C,1,0.1803336,0.12425053864717484,0.9567779898643494,0.6877379417419434
YDL180W,YDR394W,0,0.18027924,0.12423469126224518,0.9567779898643494,0.6878381371498108
YOR092W,YDR212W,0,0.18003435,0.12421885132789612,0.9567779898643494,0.6879382729530334
YLR143W,YGR123C,0,0.1800329,0.12420301139354706,0.9567779898643494,0.6880384683609009
YOL088C,YOR027W,0,0.17997032,0.124187171459198,0.9567779898643494,0.6881386637687683
YML025C,YIL093C,0,0.17993245,0.12417133897542953,0.9567779898643494,0.6882388591766357
YMR318C,YDR091C,0,0.1797871,0.12415551394224167,0.9567779898643494,0.6883389949798584
YMR072W,YDR234W,0,0.17969108,0.1241396889090538,0.9567779898643494,0.6884391903877258
YLR246W,YJL106W,0,0.17960113,0.12412387132644653,0.9567779898643494,0.6885393857955933
YBR207W,YNL233W,0,0.17941993,0.12410805374383926,0.9567779898643494,0.6886395215988159
YIL063C,YLL054C,0,0.17881426,0.12409224361181259,0.9567779898643494,0.6887397170066833
YGL250W,YDR138W,1,0.1773116,0.12420382350683212,0.9577603340148926,0.6887397170066833
YMR278W,YNL009W,0,0.1771768,0.12418799847364426,0.9577603340148926,0.6888399124145508
YIL039W,YJL073W,0,0.17701484,0.12417218834161758,0.9577603340148926,0.6889401078224182
YOR188W,YGL064C,0,0.17679808,0.12415637075901031,0.9577603340148926,0.6890402436256409
YLR008C,YOR262W,0,0.17665298,0.12414056807756424,0.9577603340148926,0.6891404390335083
YPR169W,YBR004C,0,0.17634417,0.12412475794553757,0.9577603340148926,0.6892406344413757
YNR024W,YBL027W,0,0.17591351,0.12410896271467209,0.9577603340148926,0.6893408298492432
YGR040W,YLR432W,0,0.1759072,0.12409316748380661,0.9577603340148926,0.6894409656524658
YPR124W,YDR128W,0,0.17588392,0.12407737225294113,0.9577603340148926,0.6895411610603333
YGR235C,YPL118W,0,0.17558348,0.12406158447265625,0.9577603340148926,0.6896413564682007
YBR267W,YCR063W,0,0.17524526,0.12404580414295197,0.9577603340148926,0.6897415518760681
YDR141C,YOR007C,0,0.17522435,0.12403002381324768,0.9577603340148926,0.6898416876792908
YNL003C,YDR016C,0,0.17474914,0.1240142434835434,0.9577603340148926,0.6899418830871582
YIL019W,YNL252C,0,0.17461845,0.12399847060441971,0.9577603340148926,0.6900420784950256
YDR228C,YIR008C,0,0.1740007,0.12398270517587662,0.9577603340148926,0.6901422739028931
YNL306W,YGR211W,0,0.1733709,0.12396693974733353,0.9577603340148926,0.6902424097061157
YDR224C,YLR040C,0,0.17329682,0.12395118176937103,0.9577603340148926,0.6903426051139832
YNL045W,YGL126W,0,0.17250279,0.12393542379140854,0.9577603340148926,0.6904428005218506
YPR081C,YPL187W,0,0.1721338,0.12391967326402664,0.9577603340148926,0.690542995929718
YJL047C,YGL227W,0,0.1719013,0.12390393018722534,0.9577603340148926,0.6906431317329407
YFR006W,YPR021C,0,0.17164953,0.12388817965984344,0.9577603340148926,0.6907433271408081
YER157W,YOL042W,0,0.17157379,0.12387244403362274,0.9577603340148926,0.6908435225486755
YDR189W,YHR206W,0,0.17149322,0.12385670840740204,0.9577603340148926,0.690943717956543
YOR056C,YJR126C,0,0.17138058,0.12384097278118134,0.9577603340148926,0.6910438537597656
YPR169W,YPR148C,0,0.17117287,0.12382524460554123,0.9577603340148926,0.6911440491676331
YIR031C,YER155C,0,0.17112198,0.12380952388048172,0.9577603340148926,0.6912442445755005
YLR034C,YKL112W,0,0.1707199,0.12379380315542221,0.9577603340148926,0.6913444399833679
YBR046C,YDR043C,0,0.17066932,0.1237780898809433,0.9577603340148926,0.6914445757865906
YPL256C,YBL045C,0,0.1706677,0.12376237660646439,0.9577603340148926,0.691544771194458
YPL187W,YOL009C,0,0.17064017,0.12374667078256607,0.9577603340148926,0.6916449666023254
YBL023C,YNR036C,0,0.17020765,0.12373096495866776,0.9577603340148926,0.6917451620101929
YOR174W,YPR034W,0,0.17003042,0.12371526658535004,0.9577603340148926,0.6918452978134155
YNL154C,YOR247W,0,0.16936155,0.12369956821203232,0.9577603340148926,0.691945493221283
YOR288C,YCR017C,0,0.16920798,0.1236838772892952,0.9577603340148926,0.6920456886291504
YER039C,YLR040C,0,0.16899574,0.12366818636655807,0.9577603340148926,0.6921458840370178
YFL041W,YKR085C,0,0.16866408,0.12365250289440155,0.9577603340148926,0.6922460198402405
YDL235C,YJL065C,0,0.16849966,0.12363682687282562,0.9577603340148926,0.6923462152481079
YER113C,YOR195W,0,0.16842666,0.1236211508512497,0.9577603340148926,0.6924464106559753
YFL026W,YIR033W,0,0.16827011,0.12360547482967377,0.9577603340148926,0.6925466060638428
YBR214W,YGR260W,0,0.16743281,0.12358980625867844,0.9577603340148926,0.6926467418670654
YDR238C,YJR094W-A,0,0.16711101,0.1235741451382637,0.9577603340148926,0.6927469372749329
YLR084C,YDR266C,0,0.16694325,0.12355848401784897,0.9577603340148926,0.6928471326828003
YBR003W,YML077W,0,0.1668783,0.12354283034801483,0.9577603340148926,0.6929473280906677
YNL176C,YCL063W,0,0.16687164,0.1235271766781807,0.9577603340148926,0.6930474638938904
YHL011C,YKL218C,0,0.16649665,0.12351153045892715,0.9577603340148926,0.6931476593017578
YER173W,YPL015C,1,0.16612393,0.12362254410982132,0.958742618560791,0.6931476593017578
YFR051C,YKL084W,0,0.1658315,0.12360689043998718,0.958742618560791,0.6932478547096252
YLR260W,YDL046W,0,0.1646699,0.12359123677015305,0.958742618560791,0.6933480501174927
YJR010C-A,YOR198C,0,0.16448498,0.1235755905508995,0.958742618560791,0.6934481859207153
YML113W,YBL016W,0,0.16411707,0.12355994433164597,0.958742618560791,0.6935483813285828
YPR185W,YML076C,0,0.1639607,0.12354430556297302,0.958742618560791,0.6936485767364502
YKR078W,YPL079W,0,0.16395101,0.12352866679430008,0.958742618560791,0.6937487721443176
YAL014C,YKL024C,0,0.16300912,0.12351303547620773,0.958742618560791,0.6938489079475403
YDL207W,YOL117W,0,0.16281572,0.12349740415811539,0.958742618560791,0.6939491033554077
YFR007W,YER016W,0,0.1627104,0.12348178029060364,0.958742618560791,0.6940492987632751
YNL301C,YDR506C,0,0.162422,0.12346616387367249,0.958742618560791,0.6941494941711426
YDR054C,YBR135W,0,0.16241843,0.12345054745674133,0.958742618560791,0.6942496299743652
YLR390W-A,YPR065W,0,0.16224635,0.12343493103981018,0.958742618560791,0.6943498253822327
YOL051W,YKL056C,0,0.16199058,0.12341932207345963,0.958742618560791,0.6944500207901001
YDR252W,YDR169C,0,0.16158696,0.12340372055768967,0.958742618560791,0.6945502161979675
YLR430W,YCR008W,0,0.16085833,0.12338811904191971,0.958742618560791,0.6946503520011902
YNR011C,YDR027C,0,0.16081357,0.12337251752614975,0.958742618560791,0.6947505474090576
YBR160W,YOR141C,1,0.16075456,0.1234833151102066,0.9597249627113342,0.6947505474090576
YGR245C,YEL047C,0,0.16017112,0.12346771359443665,0.9597249627113342,0.694850742816925
YLR188W,YLR039C,0,0.15886934,0.12345211207866669,0.9597249627113342,0.6949509382247925
YBR112C,YJL143W,0,0.15811285,0.12343651056289673,0.9597249627113342,0.6950510740280151
YBR214W,YML038C,0,0.15793765,0.12342091649770737,0.9597249627113342,0.6951512694358826
YDR110W,YPR103W,0,0.15741712,0.1234053298830986,0.9597249627113342,0.69525146484375
YGR192C,YGR295C,0,0.15738812,0.12338974326848984,0.9597249627113342,0.6953516602516174
YHR196W,YMR131C,0,0.15735126,0.12337416410446167,0.9597249627113342,0.6954517960548401
YGR244C,YCR091W,0,0.15729085,0.1233585849404335,0.9597249627113342,0.6955519914627075
YPR106W,YOR001W,0,0.15720928,0.12334301322698593,0.9597249627113342,0.695652186870575
YNL328C,YFR046C,0,0.1569941,0.12332744151353836,0.9597249627113342,0.6957523822784424
YGR028W,YGR154C,0,0.15693335,0.12331187725067139,0.9597249627113342,0.695852518081665
YKL150W,YLR398C,0,0.15664656,0.12329631298780441,0.9597249627113342,0.6959527134895325
YGL025C,YGR279C,0,0.15653515,0.12328075617551804,0.9597249627113342,0.6960529088973999
YGL099W,YKL079W,0,0.15619946,0.12326520681381226,0.9597249627113342,0.6961531043052673
YKR080W,YDL141W,0,0.15618107,0.12324965000152588,0.9597249627113342,0.69625324010849
YER070W,YGL211W,0,0.15617163,0.1232341080904007,0.9597249627113342,0.6963534355163574
YMR100W,YNL242W,0,0.15597445,0.12321856617927551,0.9597249627113342,0.6964536309242249
YGL043W,YIL093C,0,0.15597422,0.12320302426815033,0.9597249627113342,0.6965538263320923
YER161C,YIL130W,0,0.15536866,0.12318748980760574,0.9597249627113342,0.6966539621353149
YMR023C,YMR305C,0,0.1548047,0.12317196279764175,0.9597249627113342,0.6967541575431824
YGL178W,YNR039C,0,0.15475956,0.12315643578767776,0.9597249627113342,0.6968543529510498
YER014W,YHR009C,0,0.15460902,0.12314091622829437,0.9597249627113342,0.6969544887542725
YGR120C,YMR285C,0,0.1540907,0.12312539666891098,0.9597249627113342,0.6970546841621399
YER124C,YGL150C,0,0.15398604,0.12310987710952759,0.9597249627113342,0.6971548795700073
YNL186W,YML062C,0,0.15351185,0.12309436500072479,0.9597249627113342,0.6972550749778748
YGL085W,YPR061C,0,0.15341431,0.1230788603425026,0.9597249627113342,0.6973552107810974
YKL058W,YOR267C,0,0.15333515,0.1230633556842804,0.9597249627113342,0.6974554061889648
YLR092W,YOR335C,0,0.15294263,0.1230478584766388,0.9597249627113342,0.6975556015968323
YML088W,YOR117W,0,0.1528418,0.12303236126899719,0.9597249627113342,0.6976557970046997
YPL228W,YNR061C,0,0.15278873,0.12301687151193619,0.9597249627113342,0.6977559328079224
YNL056W,YOR120W,0,0.15205775,0.12300138175487518,0.9597249627113342,0.6978561282157898
YML067C,YJR001W,0,0.15204088,0.12298589944839478,0.9597249627113342,0.6979563236236572
YJL076W,YDL155W,0,0.15128195,0.12297042459249496,0.9597249627113342,0.6980565190315247
YMR017W,YFL044C,0,0.15122229,0.12295494228601456,0.9597249627113342,0.6981566548347473
YDR302W,YJL154C,0,0.15094315,0.12293947488069534,0.9597249627113342,0.6982568502426147
YGL250W,YPR065W,0,0.15088613,0.12292400747537613,0.9597249627113342,0.6983570456504822
YOR070C,YCR097W,0,0.1508747,0.12290854007005692,0.9597249627113342,0.6984572410583496
YPL031C,YKL146W,0,0.15086034,0.1228930801153183,0.9597249627113342,0.6985573768615723
YPL202C,YNL325C,0,0.15065335,0.12287762761116028,0.9597249627113342,0.6986575722694397
YPL048W,YJR153W,0,0.1501655,0.12286217510700226,0.9597249627113342,0.6987577676773071
YNL312W,YER036C,0,0.15013841,0.12284672260284424,0.9597249627113342,0.6988579630851746
YHL028W,YGR058W,0,0.1499342,0.12283127754926682,0.9597249627113342,0.6989580988883972
YGR183C,YOL138C,0,0.1498847,0.12281583994626999,0.9597249627113342,0.6990582942962646
YKR025W,YDR129C,0,0.14976057,0.12280040234327316,0.9597249627113342,0.6991584897041321
YBL051C,YPL148C,0,0.14906505,0.12278497219085693,0.9597249627113342,0.6992586851119995
YDL210W,YJL063C,0,0.14899659,0.1227695420384407,0.9597249627113342,0.6993588209152222
YGL127C,YER003C,0,0.14876041,0.12275411188602448,0.9597249627113342,0.6994590163230896
YPR063C,YML062C,0,0.14861993,0.12273869663476944,0.9597249627113342,0.699559211730957
YPR098C,YDR437W,0,0.14856172,0.12272327393293381,0.9597249627113342,0.6996594071388245
YKL028W,YLL015W,0,0.14840436,0.12270785868167877,0.9597249627113342,0.6997595429420471
YNL158W,YHR072W,0,0.14815012,0.12269245088100433,0.9597249627113342,0.6998597383499146
YGR125W,YNR036C,0,0.14681096,0.1226770430803299,0.9597249627113342,0.699959933757782
YBR003W,YDL082W,0,0.14675003,0.12266164273023605,0.9597249627113342,0.7000601291656494
YOR381W,YPL176C,0,0.14673242,0.12264624983072281,0.9597249627113342,0.7001602649688721
YAL019W,YOR250C,0,0.14521414,0.12263084948062897,0.9597249627113342,0.7002604603767395
YPR017C,YPL120W,0,0.14504865,0.12261546403169632,0.9597249627113342,0.7003606557846069
YDR363W,YML075C,0,0.14499012,0.12260007858276367,0.9597249627113342,0.7004608511924744
YGR038W,YJR089W,0,0.14473045,0.12258469313383102,0.9597249627113342,0.700560986995697
YDR330W,YOR372C,0,0.1447012,0.12256931513547897,0.9597249627113342,0.7006611824035645
YGL093W,YDL212W,0,0.14429243,0.12255393713712692,0.9597249627113342,0.7007613778114319
YCR097W,YGR044C,0,0.1442056,0.12253856658935547,0.9597249627113342,0.7008615732192993
YFL039C,YJL047C,0,0.14373025,0.12252320349216461,0.9597249627113342,0.700961709022522
YGL246C,YHR203C,0,0.14341354,0.12250784039497375,0.9597249627113342,0.7010619044303894
YOR269W,YLR201C,0,0.14341319,0.1224924772977829,0.9597249627113342,0.7011620998382568
YKL080W,YMR251W-A,0,0.14339632,0.12247712165117264,0.9597249627113342,0.7012622952461243
YNL051W,YHR032W,0,0.1431663,0.12246177345514297,0.9597249627113342,0.7013624310493469
YMR149W,YDR003W,0,0.1431475,0.12244642525911331,0.9597249627113342,0.7014626264572144
YPL214C,YMR091C,0,0.14270532,0.12243107706308365,0.9597249627113342,0.7015628218650818
YBR119W,YAL030W,0,0.14267743,0.12241573631763458,0.9597249627113342,0.7016630172729492
YER167W,YIL044C,0,0.14264324,0.12240040302276611,0.9597249627113342,0.7017631530761719
YDR524C,YML096W,0,0.14261112,0.12238506972789764,0.9597249627113342,0.7018633484840393
YML110C,YER065C,0,0.14238183,0.12236973643302917,0.9597249627113342,0.7019635438919067
YNL001W,YDR234W,0,0.14174035,0.1223544180393219,0.9597249627113342,0.7020637392997742
YJL110C,YMR072W,0,0.14084196,0.12233909219503403,0.9597249627113342,0.7021638751029968
YML032C,YDL101C,1,0.14070946,0.12244898080825806,0.9607072472572327,0.7021638751029968
YBL016W,YMR104C,0,0.140244,0.12243364751338959,0.9607072472572327,0.7022640705108643
YGR253C,YML094W,0,0.13996331,0.12241832166910172,0.9607072472572327,0.7023642659187317
YBR214W,YDR255C,0,0.13930508,0.12240300327539444,0.9607072472572327,0.7024644613265991
YCL019W,YKR087C,0,0.13918158,0.12238768488168716,0.9607072472572327,0.7025645971298218
YLL066C,YOR197W,0,0.13838792,0.12237237393856049,0.9607072472572327,0.7026647925376892
YFR028C,YKL077W,0,0.13800487,0.12235706299543381,0.9607072472572327,0.7027649879455566
YGR065C,YLR433C,0,0.13799149,0.12234175950288773,0.9607072472572327,0.7028651833534241
YLR460C,YDR113C,0,0.13656545,0.12232645601034164,0.9607072472572327,0.7029653191566467
YPL159C,YNL336W,0,0.13642402,0.12231115251779556,0.9607072472572327,0.7030655145645142
YMR109W,YGL155W,0,0.13640137,0.12229586392641068,0.9607072472572327,0.7031657099723816
YGR152C,YLL009C,0,0.13597369,0.12228056788444519,0.9607072472572327,0.703265905380249
YLR313C,YJR091C,0,0.13588727,0.1222652867436409,0.9607072472572327,0.7033660411834717
YOL002C,YDR276C,0,0.13570549,0.12224999815225601,0.9607072472572327,0.7034662365913391
YJR068W,YGL106W,0,0.1356473,0.12223471701145172,0.9607072472572327,0.7035664319992065
YDL124W,YBR293W,0,0.13536939,0.12221944332122803,0.9607072472572327,0.703666627407074
YCL055W,YGL124C,0,0.13511258,0.12220417708158493,0.9607072472572327,0.7037667632102966
YLR265C,YPL160W,0,0.13498613,0.12218890339136124,0.9607072472572327,0.7038669586181641
YDR393W,YPL004C,0,0.13478784,0.12217364460229874,0.9607072472572327,0.7039671540260315
YKL028W,YHL025W,0,0.1334832,0.12215837836265564,0.9607072472572327,0.7040673494338989
YDR225W,YOR001W,0,0.13322152,0.12214312702417374,0.9607072472572327,0.7041674852371216
YGR013W,YMR311C,0,0.13310538,0.12212787568569183,0.9607072472572327,0.704267680644989
YER095W,YPL015C,1,0.1327548,0.12223748117685318,0.9616895914077759,0.704267680644989
YKR094C,YEL015W,0,0.13265249,0.12222222238779068,0.9616895914077759,0.7043678760528564
YLR134W,YOR335C,0,0.13259467,0.12220696359872818,0.9616895914077759,0.7044680714607239
YBL037W,YDL081C,0,0.13224792,0.12219171226024628,0.9616895914077759,0.7045682072639465
YML032C,YMR284W,1,0.13174449,0.12230125814676285,0.9626718759536743,0.7045682072639465
YNL113W,YIL172C,0,0.13167793,0.12228599935770035,0.9626718759536743,0.704668402671814
YBR077C,YNL321W,0,0.13120039,0.12227074056863785,0.9626718759536743,0.7047685980796814
YOL011W,YGR200C,0,0.13069627,0.12225548923015594,0.9626718759536743,0.7048687934875488
YPL241C,YOR247W,0,0.13037664,0.12224023789167404,0.9626718759536743,0.7049689292907715
YPL081W,YNL245C,0,0.13001822,0.12222499400377274,0.9626718759536743,0.7050691246986389
YOL001W,YKR098C,0,0.13001375,0.12220975011587143,0.9626718759536743,0.7051693201065063
YNL329C,YBR199W,0,0.12994817,0.12219451367855072,0.9626718759536743,0.705269455909729
YKL154W,YGL049C,0,0.12990063,0.12217927724123001,0.9626718759536743,0.7053696513175964
YOR090C,YJL164C,0,0.12980092,0.1221640482544899,0.9626718759536743,0.7054698467254639
YPR028W,YNL064C,0,0.12967914,0.12214881926774979,0.9626718759536743,0.7055700421333313
YKR094C,YMR225C,0,0.12955895,0.12213359773159027,0.9626718759536743,0.705670177936554
YML072C,YGL002W,0,0.12915912,0.12211838364601135,0.9626718759536743,0.7057703733444214
YBR135W,YAL007C,0,0.12827447,0.12210316210985184,0.9626718759536743,0.7058705687522888
YGL054C,YDR464W,0,0.12819785,0.12208795547485352,0.9626718759536743,0.7059707641601562
YDR503C,YBR236C,0,0.12790355,0.1220727488398552,0.9626718759536743,0.7060708999633789
YHR089C,YGL055W,0,0.12740433,0.12205754220485687,0.9626718759536743,0.7061710953712463
YHR025W,YMR068W,0,0.12724888,0.12204234302043915,0.9626718759536743,0.7062712907791138
YBL102W,YGL023C,0,0.12719654,0.12202714383602142,0.9626718759536743,0.7063714861869812
YER060W-A,YGR241C,0,0.12714358,0.1220119521021843,0.9626718759536743,0.7064716219902039
YPL016W,YPL204W,0,0.1270549,0.12199676036834717,0.9626718759536743,0.7065718173980713
YNR051C,YIR012W,0,0.1266341,0.12198157608509064,0.9626718759536743,0.7066720128059387
YDR363W,YNL221C,0,0.12635437,0.1219663992524147,0.9626718759536743,0.7067722082138062
YBR160W,YGL095C,0,0.12628385,0.12195122241973877,0.9626718759536743,0.7068723440170288
YDR368W,YGR041W,0,0.126142,0.12193604558706284,0.9626718759536743,0.7069725394248962
YJL173C,YBR160W,1,0.1259239,0.12204528599977493,0.9636542201042175,0.7069725394248962
YIL044C,YNL047C,0,0.12580568,0.1220301017165184,0.9636542201042175,0.7070727348327637
YOL008W,YOL016C,0,0.12568775,0.12201492488384247,0.9636542201042175,0.7071729302406311
YJR117W,YOL006C,0,0.12566459,0.12199974805116653,0.9636542201042175,0.7072730660438538
YFR006W,YIL137C,0,0.12550995,0.1219845786690712,0.9636542201042175,0.7073732614517212
YER053C,YMR283C,0,0.1249966,0.12196941673755646,0.9636542201042175,0.7074734568595886
YNL003C,YNR054C,0,0.124647796,0.12195425480604172,0.9636542201042175,0.707573652267456
YDR503C,YDR301W,0,0.12458606,0.12193909287452698,0.9636542201042175,0.7076737880706787
YBR159W,YJL184W,0,0.12440565,0.12192393839359283,0.9636542201042175,0.7077739834785461
YLR313C,YHR027C,0,0.12430495,0.12190878391265869,0.9636542201042175,0.7078741788864136
YGL002W,YOR246C,0,0.12413268,0.12189363688230515,0.9636542201042175,0.707974374294281
YBL067C,YDL081C,0,0.12407684,0.1218784973025322,0.9636542201042175,0.7080745100975037
YPL156C,YDL007W,0,0.123785354,0.12186335772275925,0.9636542201042175,0.7081747055053711
YDL123W,YOR356W,0,0.12304465,0.1218482181429863,0.9636542201042175,0.7082749009132385
YDR123C,YKR099W,0,0.12300289,0.12183308601379395,0.9636542201042175,0.708375096321106
YJR126C,YMR053C,0,0.1229869,0.12181795388460159,0.9636542201042175,0.7084752321243286
YGR091W,YBR139W,0,0.122547925,0.12180282920598984,0.9636542201042175,0.708575427532196
YML061C,YPR018W,1,0.12204349,0.12191185355186462,0.9646365642547607,0.708575427532196
YEL009C,YGL153W,0,0.12162611,0.12189672142267227,0.9646365642547607,0.7086756229400635
YBR159W,YIL016W,0,0.12118712,0.12188159674406052,0.9646365642547607,0.7087758183479309
YHL004W,YPL085W,0,0.12066272,0.12186646461486816,0.9646365642547607,0.7088759541511536
YMR035W,YKL135C,0,0.120555066,0.121851347386837,0.9646365642547607,0.708976149559021
YML004C,YKL012W,0,0.12041016,0.12183623015880585,0.9646365642547607,0.7090763449668884
YBR086C,YMR289W,0,0.120297834,0.12182111293077469,0.9646365642547607,0.7091765403747559
YOL020W,YNL245C,0,0.120240055,0.12180600315332413,0.9646365642547607,0.7092766761779785
YNL217W,YCL029C,0,0.12013359,0.12179089337587357,0.9646365642547607,0.709376871585846
YPL154C,YOL021C,0,0.120021656,0.1217757910490036,0.9646365642547607,0.7094770669937134
YIR035C,YER161C,0,0.11992018,0.12176069617271423,0.9646365642547607,0.7095772624015808
YOR221C,YHR001W,0,0.1197145,0.12174560129642487,0.9646365642547607,0.7096773982048035
YGR209C,YPL126W,0,0.119577885,0.1217305064201355,0.9646365642547607,0.7097775936126709
YNL250W,YPL089C,0,0.11953372,0.12171541899442673,0.9646365642547607,0.7098777890205383
YPR132W,YKL176C,0,0.119481385,0.12170033156871796,0.9646365642547607,0.7099779844284058
YIL014W,YLL031C,0,0.11946234,0.12168525159358978,0.9646365642547607,0.7100781202316284
YLR204W,YDL008W,0,0.11919893,0.1216701790690422,0.9646365642547607,0.7101783156394958
YBL051C,YGL135W,0,0.11904049,0.12165510654449463,0.9646365642547607,0.7102785110473633
YPL108W,YER006W,0,0.118851066,0.12164003401994705,0.9646365642547607,0.7103787064552307
YOR371C,YBR146W,0,0.11856878,0.12162496894598007,0.9646365642547607,0.7104788422584534
YBR191W,YPR004C,0,0.11855984,0.12160990387201309,0.9646365642547607,0.7105790376663208
YPR028W,YGR088W,0,0.11840755,0.12159484624862671,0.9646365642547607,0.7106792330741882
YMR052W,YLR128W,0,0.118336216,0.12157979607582092,0.9646365642547607,0.7107794284820557
YDR377W,YCR035C,0,0.11832696,0.12156474590301514,0.9646365642547607,0.7108795642852783
YHR006W,YPR047W,0,0.11815383,0.12154969573020935,0.9646365642547607,0.7109797596931458
YBL051C,YAL020C,0,0.11732685,0.12153465300798416,0.9646365642547607,0.7110799551010132
YDR235W,YPL149W,0,0.11726823,0.12151961028575897,0.9646365642547607,0.7111801505088806
YPL164C,YOR141C,1,0.1170975,0.1216283068060875,0.9656188488006592,0.7111801505088806
YLR313C,YGL160W,0,0.11696749,0.1216132640838623,0.9656188488006592,0.7112802863121033
YER004W,YGL049C,0,0.116448164,0.12159822136163712,0.9656188488006592,0.7113804817199707
YDL185W,YDR324C,0,0.11615957,0.12158317863941193,0.9656188488006592,0.7114806771278381
YER167W,YPR107C,0,0.11557171,0.12156814336776733,0.9656188488006592,0.7115808725357056
YMR262W,YBR203W,0,0.11546914,0.12155310809612274,0.9656188488006592,0.7116810083389282
YDL091C,YNL280C,0,0.115432695,0.12153808027505875,0.9656188488006592,0.7117812037467957
YGR263C,YDL160C,0,0.11541578,0.12152305245399475,0.9656188488006592,0.7118813991546631
YDR120C,YMR149W,0,0.11536576,0.12150803208351135,0.9656188488006592,0.7119815945625305
YBR251W,YPL115C,0,0.115191996,0.12149301916360855,0.9656188488006592,0.7120817303657532
YHR122W,YGL116W,0,0.11515528,0.12147800624370575,0.9656188488006592,0.7121819257736206
YER089C,YDR506C,0,0.1150126,0.12146299332380295,0.9656188488006592,0.712282121181488
YER019W,YPL133C,0,0.114903525,0.12144798785448074,0.9656188488006592,0.7123823165893555
YBR077C,YFL056C,0,0.114524275,0.12143298238515854,0.9656188488006592,0.7124824523925781
YOR167C,YDL165W,0,0.11413558,0.12141798436641693,0.9656188488006592,0.7125826478004456
YDR208W,YOR131C,0,0.11374745,0.12140298634767532,0.9656188488006592,0.712682843208313
YLR336C,YJL097W,0,0.11370361,0.12138799577951431,0.9656188488006592,0.7127830386161804
YLR433C,YBR023C,0,0.11365328,0.1213730126619339,0.9656188488006592,0.7128831744194031
YAL047C,YIR021W,0,0.113495916,0.12135802209377289,0.9656188488006592,0.7129833698272705
YMR288W,YGL067W,0,0.113345325,0.12134304642677307,0.9656188488006592,0.7130835652351379
YFR014C,YNL048W,0,0.1133028,0.12132807075977325,0.9656188488006592,0.7131837010383606
YHR045W,YIL098C,0,0.11289489,0.12131309509277344,0.9656188488006592,0.713283896446228
YFL041W,YMR006C,0,0.11238414,0.12129812687635422,0.9656188488006592,0.7133840918540955
YOL039W,YEL002C,0,0.11222023,0.121283158659935,0.9656188488006592,0.7134842872619629
YGR091W,YBR205W,0,0.11216232,0.12126819789409637,0.9656188488006592,0.7135844230651855
YPL061W,YHR186C,0,0.11205712,0.12125323712825775,0.9656188488006592,0.713684618473053
YNL054W,YDR210W,0,0.11104773,0.12123828381299973,0.9656188488006592,0.7137848138809204
YNL287W,YDR257C,0,0.11096136,0.1212233304977417,0.9656188488006592,0.7138850092887878
YOR182C,YKR060W,0,0.1108253,0.12120838463306427,0.9656188488006592,0.7139851450920105
YDR080W,YNL099C,0,0.110794544,0.12119343876838684,0.9656188488006592,0.7140853404998779
YPR048W,YGR088W,0,0.11049819,0.12117850035429001,0.9656188488006592,0.7141855359077454
YCR003W,YBR089C-A,0,0.10947168,0.12116356194019318,0.9656188488006592,0.7142857313156128
YHL033C,YLR382C,0,0.10929389,0.12114863097667694,0.9656188488006592,0.7143858671188354
YOR046C,YLR258W,0,0.10928786,0.1211337000131607,0.9656188488006592,0.7144860625267029
YBR160W,YOR295W,0,0.108869895,0.12111877650022507,0.9656188488006592,0.7145862579345703
YLR142W,YBL064C,0,0.10884598,0.12110385298728943,0.9656188488006592,0.7146864533424377
YJR159W,YDR288W,0,0.108654454,0.12108893692493439,0.9656188488006592,0.7147865891456604
YHR167W,YAR007C,1,0.108341634,0.12119719386100769,0.9666011929512024,0.7147865891456604
YPL246C,YNL126W,0,0.107927844,0.12118226289749146,0.9666011929512024,0.7148867845535278
YGR026W,YLL031C,0,0.10781735,0.12116734683513641,0.9666011929512024,0.7149869799613953
YHR181W,YOR063W,0,0.10704228,0.12115242332220078,0.9666011929512024,0.7150871753692627
YPR097W,YDR139C,0,0.10702096,0.12113750725984573,0.9666011929512024,0.7151873111724854
YDR224C,YDL065C,0,0.10685626,0.12112259864807129,0.9666011929512024,0.7152875065803528
YPL085W,YGL141W,0,0.10672301,0.12110769003629684,0.9666011929512024,0.7153877019882202
YBR030W,YML004C,0,0.10656476,0.121092788875103,0.9666011929512024,0.7154878973960876
YNL190W,YKL096W,0,0.106372446,0.12107788771390915,0.9666011929512024,0.7155880331993103
YLR022C,YPL262W,0,0.106324166,0.1210629940032959,0.9666011929512024,0.7156882286071777
YPL066W,YLL009C,0,0.10603399,0.12104810029268265,0.9666011929512024,0.7157884240150452
YNL169C,YCR027C,0,0.10591078,0.12103321403265,0.9666011929512024,0.7158886194229126
YFL016C,YPL228W,0,0.10569306,0.12101832777261734,0.9666011929512024,0.7159887552261353
YIR019C,YCL011C,0,0.1055097,0.12100344151258469,0.9666011929512024,0.7160889506340027
YPR019W,YER083C,0,0.105433345,0.12098856270313263,0.9666011929512024,0.7161891460418701
YNL246W,YDL052C,0,0.10531659,0.12097369134426117,0.9666011929512024,0.7162893414497375
YIL130W,YDR430C,0,0.10528374,0.12095881998538971,0.9666011929512024,0.7163894772529602
YDR069C,YMR236W,0,0.10520706,0.12094395607709885,0.9666011929512024,0.7164896726608276
YMR071C,YJR153W,0,0.10486221,0.12092909216880798,0.9666011929512024,0.7165898680686951
YDL165W,YPL226W,0,0.104582906,0.12091422826051712,0.9666011929512024,0.7166900634765625
YLR035C,YOR208W,0,0.104582734,0.12089937180280685,0.9666011929512024,0.7167901992797852
YJL090C,YPL017C,1,0.10450852,0.12100736796855927,0.9675834774971008,0.7167901992797852
YDR424C,YPL226W,0,0.10427233,0.1209925040602684,0.9675834774971008,0.7168903946876526
YOR140W,YDR313C,0,0.10416338,0.12097764760255814,0.9675834774971008,0.71699059009552
YLR189C,YJL026W,0,0.10404303,0.12096279114484787,0.9675834774971008,0.7170907855033875
YHR112C,YER088C,0,0.103944615,0.1209479346871376,0.9675834774971008,0.7171909213066101
YHR114W,YKL216W,0,0.10372422,0.12093308568000793,0.9675834774971008,0.7172911167144775
YLR409C,YLR333C,0,0.103488505,0.12091824412345886,0.9675834774971008,0.717391312122345
YML126C,YBR127C,0,0.10344204,0.12090340256690979,0.9675834774971008,0.7174915075302124
YML031W,YDL033C,0,0.10342849,0.12088856101036072,0.9675834774971008,0.7175916433334351
YOR079C,YOR178C,0,0.10272825,0.12087372690439224,0.9675834774971008,0.7176918387413025
YGR132C,YPL046C,0,0.10233137,0.12085889279842377,0.9675834774971008,0.7177920341491699
YKL179C,YGR075C,0,0.102254994,0.12084406614303589,0.9675834774971008,0.7178922295570374
YDL185W,YDR180W,1,0.10171342,0.12095191329717636,0.968565821647644,0.7178922295570374
YLR007W,YDL191W,0,0.1016334,0.12093707919120789,0.968565821647644,0.71799236536026
YOL138C,YDR046C,0,0.10134056,0.12092224508523941,0.968565821647644,0.7180925607681274
YDR147W,YFL036W,0,0.10125673,0.12090741842985153,0.968565821647644,0.7181927561759949
YLR194C,YGR029W,0,0.1011374,0.12089259177446365,0.968565821647644,0.7182929515838623
YDL020C,YBR302C,0,0.10095622,0.12087777256965637,0.968565821647644,0.718393087387085
YGL119W,YOR172W,0,0.1009264,0.12086295336484909,0.968565821647644,0.7184932827949524
YGL008C,YBR215W,0,0.10030916,0.1208481416106224,0.968565821647644,0.7185934782028198
YCR036W,YBR258C,0,0.10019493,0.12083332985639572,0.968565821647644,0.7186936736106873
YJL104W,YMR293C,0,0.10014492,0.12081852555274963,0.968565821647644,0.7187938094139099
YNL220W,YHR052W,0,0.09972486,0.12080372124910355,0.968565821647644,0.7188940048217773
YKL192C,YDR447C,0,0.099586025,0.12078892439603806,0.968565821647644,0.7189942002296448
YLR432W,YDR257C,0,0.09897049,0.12077412754297256,0.968565821647644,0.7190943956375122
YIL031W,YOR018W,0,0.09881537,0.12075933814048767,0.968565821647644,0.7191945314407349
YNR024W,YHR215W,0,0.09875673,0.12074454873800278,0.968565821647644,0.7192947268486023
YKR095W,YMR177W,0,0.09875387,0.12072976678609848,0.968565821647644,0.7193949222564697
YGL153W,YOL139C,0,0.09863572,0.12071498483419418,0.968565821647644,0.7194951176643372
YML001W,YJL148W,0,0.09804945,0.12070021033287048,0.968565821647644,0.7195952534675598
YOR141C,YLL022C,0,0.097908065,0.12068543583154678,0.968565821647644,0.7196954488754272
YGR088W,YNL245C,0,0.09770766,0.12067066133022308,0.968565821647644,0.7197956442832947
YJL013C,YLR299W,0,0.097628154,0.12065590173006058,0.968565821647644,0.7198958396911621
YDR086C,YNL053W,0,0.09730246,0.12064113467931747,0.968565821647644,0.7199959754943848
YDR202C,YER157W,0,0.09724854,0.12062637507915497,0.968565821647644,0.7200961709022522
YDR188W,YGR029W,0,0.09723108,0.12061162292957306,0.968565821647644,0.7201963663101196
YOR321W,YGR092W,0,0.09691283,0.12059687077999115,0.968565821647644,0.7202965617179871
YGL098W,YLL005C,0,0.09648502,0.12058211863040924,0.968565821647644,0.7203966975212097
YGR163W,YDR421W,0,0.09583056,0.12056737393140793,0.968565821647644,0.7204968929290771
YLR310C,YDL195W,0,0.09575266,0.12055263668298721,0.968565821647644,0.7205970883369446
YPL032C,YER031C,0,0.09532751,0.1205378994345665,0.968565821647644,0.720697283744812
YPL031C,YGR092W,0,0.09530483,0.12052316218614578,0.968565821647644,0.7207974195480347
YMR116C,YOL056W,0,0.09496784,0.12050843238830566,0.968565821647644,0.7208976149559021
YGR277C,YMR121C,0,0.09493595,0.12049371004104614,0.968565821647644,0.7209978103637695
YJR068W,YHR147C,0,0.09489879,0.12047898024320602,0.968565821647644,0.721098005771637
YDR004W,YIR025W,1,0.094721764,0.12058643996715546,0.9695481061935425,0.721098005771637
YPR098C,YER112W,0,0.094462216,0.12057171016931534,0.9695481061935425,0.7211981415748596
YMR139W,YFL004W,0,0.09438968,0.12055698037147522,0.9695481061935425,0.721298336982727
YML063W,YKL146W,0,0.09358773,0.1205422580242157,0.9695481061935425,0.7213985323905945
YGL013C,YPL146C,0,0.09337894,0.12052753567695618,0.9695481061935425,0.7214986681938171
YPL155C,YOL065C,0,0.093331434,0.12051282078027725,0.9695481061935425,0.7215988636016846
YPR100W,YKL011C,0,0.09292263,0.12049810588359833,0.9695481061935425,0.721699059009552
YHR024C,YOL077C,0,0.09289934,0.1204833984375,0.9695481061935425,0.7217992544174194
YER005W,YGL022W,0,0.09272424,0.12046869099140167,0.9695481061935425,0.7218993902206421
YNL330C,YOL009C,0,0.09259769,0.12045399099588394,0.9695481061935425,0.7219995856285095
YHR111W,YGL098W,0,0.09238799,0.12043929100036621,0.9695481061935425,0.722099781036377
YNL134C,YMR282C,0,0.092256725,0.12042459845542908,0.9695481061935425,0.7221999764442444
YBR200W,YDR092W,0,0.091637865,0.12040990591049194,0.9695481061935425,0.722300112247467
YPR008W,YLR083C,0,0.091073215,0.1203952208161354,0.9695481061935425,0.7224003076553345
YKL065C,YPL230W,0,0.09102741,0.12038053572177887,0.9695481061935425,0.7225005030632019
YDR004W,YLR071C,0,0.09081119,0.12036585062742233,0.9695481061935425,0.7226006984710693
YMR043W,YAR008W,0,0.09034254,0.12035117298364639,0.9695481061935425,0.722700834274292
YML007W,YKR067W,0,0.08996722,0.12033650279045105,0.9695481061935425,0.7228010296821594
YBL056W,YDR400W,0,0.08907366,0.1203218325972557,0.9695481061935425,0.7229012250900269
YOR044W,YGL005C,0,0.08906904,0.12030716985464096,0.9695481061935425,0.7230014204978943
YIL016W,YIL117C,0,0.08894372,0.12029250711202621,0.9695481061935425,0.7231015563011169
YBR239C,YDR372C,0,0.088789314,0.12027784436941147,0.9695481061935425,0.7232017517089844
YER058W,YAL015C,0,0.08876343,0.12026318907737732,0.9695481061935425,0.7233019471168518
YDR166C,YER091C,0,0.08850948,0.12024854123592377,0.9695481061935425,0.7234021425247192
YDR244W,YKL077W,0,0.08826233,0.12023388594388962,0.9695481061935425,0.7235022783279419
YMR302C,YDR016C,0,0.08771606,0.12021924555301666,0.9695481061935425,0.7236024737358093
YGL206C,YLR071C,0,0.08750203,0.12020460516214371,0.9695481061935425,0.7237026691436768
YJR117W,YGR116W,0,0.08742756,0.12018996477127075,0.9695481061935425,0.7238028645515442
YKL048C,YDL207W,0,0.08682889,0.1201753318309784,0.9695481061935425,0.7239030003547668
YKL029C,YDR489W,0,0.08666447,0.12016069889068604,0.9695481061935425,0.7240031957626343
YNR030W,YGL257C,0,0.08647138,0.12014607340097427,0.9695481061935425,0.7241033911705017
YER011W,YOL027C,0,0.08646323,0.12013144791126251,0.9695481061935425,0.7242035865783691
YOR284W,YJL170C,0,0.08616406,0.12011682987213135,0.9695481061935425,0.7243037223815918
YLR167W,YJL173C,0,0.085645884,0.12010221183300018,0.9695481061935425,0.7244039177894592
YGR138C,YLR148W,0,0.08539387,0.12008760124444962,0.9695481061935425,0.7245041131973267
YFR041C,YBR001C,0,0.0852873,0.12007299065589905,0.9695481061935425,0.7246043086051941
YIL074C,YGL141W,0,0.085085854,0.12005838751792908,0.9695481061935425,0.7247044444084167
YNR020C,YGR254W,0,0.085030556,0.1200437843799591,0.9695481061935425,0.7248046398162842
YDR443C,YDR092W,0,0.08498009,0.12002918869256973,0.9695481061935425,0.7249048352241516
YBR119W,YCL059C,0,0.08451897,0.12001459300518036,0.9695481061935425,0.725005030632019
YEL054C,YNL265C,0,0.08411627,0.11999999731779099,0.9695481061935425,0.7251051664352417
YJL159W,YJL212C,0,0.0838556,0.11998540908098221,0.9695481061935425,0.7252053618431091
YPL012W,YNL119W,0,0.08366594,0.11997082829475403,0.9695481061935425,0.7253055572509766
YDR346C,YIL123W,0,0.083446026,0.11995624750852585,0.9695481061935425,0.725405752658844
YKL181W,YLR067C,0,0.08335492,0.11994166672229767,0.9695481061935425,0.7255058884620667
YPL068C,YOR207C,0,0.083166316,0.11992709338665009,0.9695481061935425,0.7256060838699341
YKL154W,YBR236C,0,0.08305338,0.1199125275015831,0.9695481061935425,0.7257062792778015
YMR116C,YGL061C,0,0.08300823,0.11989796161651611,0.9695481061935425,0.725806474685669
YLR037C,YAL008W,0,0.082695395,0.11988339573144913,0.9695481061935425,0.7259066104888916
YML012W,YLR099C,0,0.08253738,0.11986883729696274,0.9695481061935425,0.726006805896759
YLR215C,YJL177W,0,0.08207083,0.11985427886247635,0.9695481061935425,0.7261070013046265
YML013W,YJR117W,0,0.08158378,0.11983972787857056,0.9695481061935425,0.7262071967124939
YML025C,YDR130C,0,0.08104708,0.11982517689466476,0.9695481061935425,0.7263073325157166
YER167W,YPL270W,0,0.080952466,0.11981063336133957,0.9695481061935425,0.726407527923584
YGL097W,YDR312W,0,0.08079904,0.11979608982801437,0.9695481061935425,0.7265077233314514
YLR442C,YHR115C,0,0.080368176,0.11978155374526978,0.9695481061935425,0.7266079187393188
YGL079W,YDR456W,0,0.08024983,0.11976701766252518,0.9695481061935425,0.7267080545425415
YHL004W,YDR408C,0,0.07960203,0.11975248903036118,0.9695481061935425,0.7268082499504089
YJR059W,YHL020C,0,0.07954462,0.11973796039819717,0.9695481061935425,0.7269084453582764
YOR049C,YNR049C,0,0.079094164,0.11972343176603317,0.9695481061935425,0.7270086407661438
YNL229C,YOR019W,0,0.07895086,0.11970891803503036,0.9695481061935425,0.7271087765693665
YIL144W,YBR208C,0,0.07857475,0.11969439685344696,0.9695481061935425,0.7272089719772339
YJL090C,YPL127C,1,0.07836504,0.11980114132165909,0.9705304503440857,0.7272089719772339
YDR143C,YJL096W,0,0.078106426,0.11978661268949509,0.9705304503440857,0.7273091673851013
YER100W,YBR016W,0,0.078057826,0.11977209150791168,0.9705304503440857,0.7274093627929688
YDR129C,YOL056W,0,0.07782144,0.11975757777690887,0.9705304503440857,0.7275094985961914
YLL006W,YNL058C,0,0.07770665,0.11974306404590607,0.9705304503440857,0.7276096940040588
YGR101W,YER113C,0,0.076705605,0.11972855031490326,0.9705304503440857,0.7277098894119263
YDR432W,YDL031W,0,0.07617861,0.11971404403448105,0.9705304503440857,0.7278100848197937
YDL060W,YAL051W,0,0.07615323,0.11969953775405884,0.9705304503440857,0.7279102206230164
YMR226C,YPL057C,0,0.07606548,0.11968503892421722,0.9705304503440857,0.7280104160308838
YBR295W,YPL256C,0,0.07503058,0.11967054009437561,0.9705304503440857,0.7281106114387512
YGL038C,YGR104C,0,0.0748787,0.1196560487151146,0.9705304503440857,0.7282108068466187
YDR225W,YAR071W,0,0.07471159,0.11964155733585358,0.9705304503440857,0.7283109426498413
YBR077C,YJR084W,0,0.07465465,0.11962707340717316,0.9705304503440857,0.7284111380577087
YLR071C,YNL173C,0,0.074549444,0.11961258947849274,0.9705304503440857,0.7285113334655762
YNL336W,YML124C,0,0.07449201,0.11959811300039291,0.9705304503440857,0.7286115288734436
YIL137C,YAL019W,0,0.074276954,0.11958363652229309,0.9705304503440857,0.7287116646766663
YOR303W,YOR273C,0,0.07412189,0.11956916004419327,0.9705304503440857,0.7288118600845337
YKR029C,YML130C,0,0.07395962,0.11955469846725464,0.9705304503440857,0.7289120554924011
YNL183C,YLL015W,0,0.07320787,0.11954022943973541,0.9705304503440857,0.7290122509002686
YOR056C,YAL007C,0,0.07297188,0.11952576786279678,0.9705304503440857,0.7291123867034912
YAL009W,YAL020C,0,0.072953954,0.11951131373643875,0.9705304503440857,0.7292125821113586
YGR218W,YHL017W,0,0.07292655,0.11949685215950012,0.9705304503440857,0.7293127775192261
YLR011W,YIL129C,0,0.07254632,0.11948240548372269,0.9705304503440857,0.7294129729270935
YOR344C,YIL099W,0,0.07205294,0.11946795880794525,0.9705304503440857,0.7295131087303162
YPL164C,YPL048W,0,0.071917206,0.11945351213216782,0.9705304503440857,0.7296133041381836
YMR070W,YHR121W,0,0.0715402,0.11943907290697098,0.9705304503440857,0.729713499546051
YGR289C,YLL026W,0,0.07146905,0.11942463368177414,0.9705304503440857,0.7298136353492737
YOR383C,YER056C,0,0.0711112,0.1194102019071579,0.9705304503440857,0.7299138307571411
YGL009C,YEL050C,0,0.07097455,0.11939577013254166,0.9705304503440857,0.7300140261650085
YHR043C,YKL112W,0,0.07076368,0.11938134580850601,0.9705304503440857,0.730114221572876
YGR157W,YPR104C,0,0.07065796,0.11936692148447037,0.9705304503440857,0.7302143573760986
YJL046W,YOR120W,0,0.07059282,0.11935249716043472,0.9705304503440857,0.7303145527839661
YBR112C,YPR032W,0,0.07044743,0.11933808773756027,0.9705304503440857,0.7304147481918335
YPL005W,YIL172C,0,0.070409566,0.11932367086410522,0.9705304503440857,0.7305149435997009
YPR063C,YDR057W,0,0.06983382,0.11930926144123077,0.9705304503440857,0.7306150794029236
YKL087C,YKL113C,0,0.06975363,0.11929485946893692,0.9705304503440857,0.730715274810791
YGL017W,YDR330W,0,0.06946784,0.11928045749664307,0.9705304503440857,0.7308154702186584
YLR247C,YMR192W,0,0.0692337,0.11926605552434921,0.9705304503440857,0.7309156656265259
YDL188C,YPR025C,0,0.069185525,0.11925166100263596,0.9705304503440857,0.7310158014297485
YDL175C,YPR102C,0,0.06891839,0.1192372664809227,0.9705304503440857,0.731115996837616
YNL207W,YGL150C,0,0.06890589,0.11922287940979004,0.9705304503440857,0.7312161922454834
YOR087W,YIL030C,0,0.06889358,0.11920849233865738,0.9705304503440857,0.7313163876533508
YMR205C,YDR279W,0,0.068892755,0.11919411271810532,0.9705304503440857,0.7314165234565735
YLR102C,YDR538W,0,0.06875239,0.11917973309755325,0.9705304503440857,0.7315167188644409
YGL025C,YFL025C,0,0.06860986,0.11916536092758179,0.9705304503440857,0.7316169142723083
YKR059W,YER146W,0,0.06853054,0.11915098875761032,0.9705304503440857,0.7317171096801758
YOL039W,YOL133W,0,0.068454355,0.11913662403821945,0.9705304503440857,0.7318172454833984
YDR041W,YMR233W,0,0.06838469,0.11912225931882858,0.9705304503440857,0.7319174408912659
YNL081C,YEL071W,0,0.067962006,0.11910789459943771,0.9705304503440857,0.7320176362991333
YGL129C,YMR080C,0,0.06788418,0.11909353733062744,0.9705304503440857,0.7321178317070007
YKR083C,YOR181W,0,0.06775267,0.11907918751239777,0.9705304503440857,0.7322179675102234
YPL160W,YPL159C,0,0.06774789,0.11906483769416809,0.9705304503440857,0.7323181629180908
YML114C,YGL185C,0,0.06773499,0.11905048787593842,0.9705304503440857,0.7324183583259583
YGL196W,YDR071C,0,0.067426875,0.11903614550828934,0.9705304503440857,0.7325185537338257
YGR204W,YMR283C,0,0.067289,0.11902180314064026,0.9705304503440857,0.7326186895370483
YIL106W,YOL078W,0,0.06715288,0.11900746822357178,0.9705304503440857,0.7327188849449158
YHR167W,YNL159C,0,0.06699487,0.1189931333065033,0.9705304503440857,0.7328190803527832
YGL251C,YNL199C,0,0.06690133,0.11897880584001541,0.9705304503440857,0.7329192757606506
YER007W,YDR432W,0,0.06656462,0.11896447837352753,0.9705304503440857,0.7330194115638733
YGR106C,YBL023C,0,0.066406526,0.11895015835762024,0.9705304503440857,0.7331196069717407
YBR161W,YAL041W,0,0.06622884,0.11893583834171295,0.9705304503440857,0.7332198023796082
YCR077C,YDR139C,0,0.06599643,0.11892151832580566,0.9705304503440857,0.7333199977874756
YPR121W,YDL174C,0,0.065972164,0.11890720576047897,0.9705304503440857,0.7334201335906982
YKL079W,YNL067W,0,0.06552145,0.11889290064573288,0.9705304503440857,0.7335203289985657
YPL036W,YJR110W,0,0.06505196,0.11887859553098679,0.9705304503440857,0.7336205244064331
YNL326C,YJL221C,0,0.06491566,0.11886429041624069,0.9705304503440857,0.7337207198143005
YML054C,YMR086W,0,0.06444688,0.1188499927520752,0.9705304503440857,0.7338208556175232
YIL044C,YPL075W,0,0.064386144,0.1188357025384903,0.9705304503440857,0.7339210510253906
YBR159W,YBR199W,0,0.0643588,0.1188214048743248,0.9705304503440857,0.7340212464332581
YER167W,YMR220W,0,0.064171955,0.1188071221113205,0.9705304503440857,0.7341214418411255
YDL166C,YFR041C,0,0.06402287,0.1187928318977356,0.9705304503440857,0.7342215776443481
YOR171C,YDR469W,0,0.063586235,0.11877854913473129,0.9705304503440857,0.7343217730522156
YBR022W,YJR052W,0,0.06315255,0.11876427382230759,0.9705304503440857,0.734421968460083
YDL102W,YMR058W,0,0.06305204,0.11874999850988388,0.9705304503440857,0.7345221638679504
YDR219C,YLR070C,0,0.062888086,0.11873573064804077,0.9705304503440857,0.7346222996711731
YKL163W,YER060W,0,0.06277022,0.11872146278619766,0.9705304503440857,0.7347224950790405
YLR367W,YPR169W,0,0.06270881,0.11870719492435455,0.9705304503440857,0.734822690486908
YGR054W,YNL132W,0,0.06264272,0.11869293451309204,0.9705304503440857,0.7349228858947754
YHR018C,YGR104C,0,0.062180832,0.11867868155241013,0.9705304503440857,0.735023021697998
YGL229C,YBR008C,0,0.062031522,0.11866442114114761,0.9705304503440857,0.7351232171058655
YBR079C,YKL112W,0,0.061998487,0.1186501756310463,0.9705304503440857,0.7352234125137329
YKL188C,YJL221C,0,0.061947554,0.11863593012094498,0.9705304503440857,0.7353236079216003
YOL020W,YBR237W,0,0.061783195,0.11862168461084366,0.9705304503440857,0.735423743724823
YMR223W,YOR182C,0,0.061118573,0.11860744655132294,0.9705304503440857,0.7355239391326904
YHR103W,YPR103W,0,0.060603127,0.11859320849180222,0.9705304503440857,0.7356241345405579
YIL157C,YNL217W,0,0.06048718,0.1185789704322815,0.9705304503440857,0.7357243299484253
YPR066W,YGR108W,0,0.060050264,0.11856473982334137,0.9705304503440857,0.735824465751648
YMR004W,YOR266W,0,0.060047954,0.11855051666498184,0.9705304503440857,0.7359246611595154
YEL032W,YBR091C,0,0.059797198,0.11853629350662231,0.9705304503440857,0.7360248565673828
YJR052W,YML120C,0,0.059691817,0.11852207034826279,0.9705304503440857,0.7361250519752502
YHR032W,YLR118C,0,0.059619218,0.11850785464048386,0.9705304503440857,0.7362251877784729
YGL257C,YPR166C,0,0.059345707,0.11849364638328552,0.9705304503440857,0.7363253831863403
YKR065C,YOR233W,0,0.059343696,0.11847943067550659,0.9705304503440857,0.7364255785942078
YDR377W,YJR019C,0,0.058948353,0.11846522986888885,0.9705304503440857,0.7365257740020752
YJL091C,YLR023C,0,0.05883023,0.11845102161169052,0.9705304503440857,0.7366259098052979
YOR375C,YPL164C,0,0.05867219,0.11843682825565338,0.9705304503440857,0.7367261052131653
YBL022C,YNL217W,0,0.058402687,0.11842262744903564,0.9705304503440857,0.7368263006210327
YOR257W,YGR128C,0,0.057729572,0.1184084340929985,0.9705304503440857,0.7369264960289001
YOR198C,YDR009W,0,0.057719395,0.11839424818754196,0.9705304503440857,0.7370266318321228
YLR097C,YIL118W,0,0.057615936,0.11838006228208542,0.9705304503440857,0.7371268272399902
YOR253W,YLR466W,0,0.05753374,0.11836587637662888,0.9705304503440857,0.7372270226478577
YDR202C,YJR134C,0,0.05741355,0.11835169792175293,0.9705304503440857,0.7373272180557251
YKL155C,YGL208W,0,0.05701627,0.11833752691745758,0.9705304503440857,0.7374273538589478
YOR117W,YIL090W,0,0.05685574,0.11832335591316223,0.9705304503440857,0.7375275492668152
YNR020C,YMR217W,0,0.056563854,0.11830918490886688,0.9705304503440857,0.7376277446746826
YJR135C,YBL101C,0,0.056154326,0.11829502135515213,0.9705304503440857,0.7377278804779053
YMR298W,YLR054C,0,0.0558303,0.11828085780143738,0.9705304503440857,0.7378280758857727
YOR009W,YFR034C,0,0.055627733,0.11826670169830322,0.9705304503440857,0.7379282712936401
YHR094C,YML088W,0,0.055464283,0.11825254559516907,0.9705304503440857,0.7380284667015076
YOR371C,YNL185C,0,0.05498743,0.11823838949203491,0.9705304503440857,0.7381286025047302
YBR279W,YFR053C,0,0.054591075,0.11822424083948135,0.9705304503440857,0.7382287979125977
YMR009W,YJR052W,0,0.0544765,0.11821009963750839,0.9705304503440857,0.7383289933204651
YPR155C,YGR123C,0,0.054398775,0.11819595843553543,0.9705304503440857,0.7384291887283325
YNL124W,YLR077W,0,0.054196194,0.11818181723356247,0.9705304503440857,0.7385293245315552
YBR185C,YMR153W,0,0.05366558,0.1181676834821701,0.9705304503440857,0.7386295199394226
YHR183W,YGR037C,0,0.053504825,0.11815354973077774,0.9705304503440857,0.73872971534729
YLR239C,YDL220C,0,0.05343634,0.11813942342996597,0.9705304503440857,0.7388299107551575
YLR060W,YML061C,0,0.05339323,0.1181252971291542,0.9705304503440857,0.7389300465583801
YER015W,YOR045W,0,0.053386852,0.11811117827892303,0.9705304503440857,0.7390302419662476
YOL072W,YAL051W,0,0.053311855,0.11809705942869186,0.9705304503440857,0.739130437374115
YPL258C,YDL135C,0,0.05328819,0.11808294802904129,0.9705304503440857,0.7392306327819824
YDR116C,YHR202W,0,0.053153515,0.11806883662939072,0.9705304503440857,0.7393307685852051
YML123C,YBR029C,0,0.05307336,0.11805472522974014,0.9705304503440857,0.7394309639930725
YNL081C,YOR026W,0,0.053041443,0.11804062128067017,0.9705304503440857,0.7395311594009399
YNL311C,YNL326C,0,0.052509278,0.11802651733160019,0.9705304503440857,0.7396313548088074
YLR324W,YGR041W,0,0.052419424,0.11801242083311081,0.9705304503440857,0.73973149061203
YGR166W,YAL047C,0,0.0521795,0.11799832433462143,0.9705304503440857,0.7398316860198975
YMR004W,YJR117W,0,0.051921487,0.11798423528671265,0.9705304503440857,0.7399318814277649
YOR284W,YLR382C,0,0.051828533,0.11797014623880386,0.9705304503440857,0.7400320768356323
YDR013W,YOR132W,0,0.051825777,0.11795606464147568,0.9705304503440857,0.740132212638855
YML092C,YBL087C,0,0.05160126,0.11794198304414749,0.9705304503440857,0.7402324080467224
YIL051C,YBL008W,0,0.05145839,0.1179279088973999,0.9705304503440857,0.7403326034545898
YLR427W,YDR002W,0,0.050736398,0.11791383475065231,0.9705304503440857,0.7404327988624573
YGR058W,YJL056C,0,0.050006226,0.11789976060390472,0.9705304503440857,0.7405329346656799
YDR279W,YAL058W,0,0.04986556,0.11788569390773773,0.9705304503440857,0.7406331300735474
YKL060C,YJR016C,0,0.049063414,0.11787162721157074,0.9705304503440857,0.7407333254814148
YMR014W,YBR265W,0,0.048474252,0.11785756796598434,0.9705304503440857,0.7408335208892822
YNL058C,YDR348C,0,0.048057735,0.11784350872039795,0.9705304503440857,0.7409336566925049
YEL038W,YDR134C,0,0.047988683,0.11782945692539215,0.9705304503440857,0.7410338521003723
YMR244C-A,YML011C,0,0.04761833,0.11781540513038635,0.9705304503440857,0.7411340475082397
YML104C,YMR166C,0,0.047145545,0.11780136078596115,0.9705304503440857,0.7412342429161072
YHR001W,YAL044C,0,0.04714416,0.11778731644153595,0.9705304503440857,0.7413343787193298
YBR288C,YLR093C,0,0.046972826,0.11777327209711075,0.9705304503440857,0.7414345741271973
YDR421W,YEL047C,0,0.04695812,0.11775923520326614,0.9705304503440857,0.7415347695350647
YBL006C,YGL096W,0,0.04688561,0.11774520576000214,0.9705304503440857,0.7416349649429321
YGR207C,YHL021C,0,0.046765417,0.11773116886615753,0.9705304503440857,0.7417351007461548
YCL047C,YGR104C,0,0.046717793,0.11771714687347412,0.9705304503440857,0.7418352961540222
YMR037C,YMR048W,0,0.046682566,0.11770312488079071,0.9705304503440857,0.7419354915618896
YBL056W,YDL046W,0,0.046644658,0.1176891028881073,0.9705304503440857,0.7420356869697571
YLR057W,YDR456W,0,0.04623854,0.11767508089542389,0.9705304503440857,0.7421358227729797
YEL054C,YLR038C,0,0.046221197,0.11766106635332108,0.9705304503440857,0.7422360181808472
YLR313C,YNR054C,0,0.04574263,0.11764705926179886,0.9705304503440857,0.7423362135887146
YIL062C,YDL126C,0,0.04547192,0.11763305217027664,0.9705304503440857,0.742436408996582
YGR174C,YHL021C,0,0.04495275,0.11761904507875443,0.9705304503440857,0.7425365447998047
YGL059W,YOL094C,0,0.044564888,0.1176050454378128,0.9705304503440857,0.7426367402076721
YER081W,YJR002W,0,0.044496953,0.11759105324745178,0.9705304503440857,0.7427369356155396
YGR163W,YJL065C,0,0.044042572,0.11757705360651016,0.9705304503440857,0.742837131023407
YML074C,YGR181W,0,0.04398693,0.11756306886672974,0.9705304503440857,0.7429372668266296
YIR008C,YMR002W,0,0.04384777,0.11754907667636871,0.9705304503440857,0.7430374622344971
YMR314W,YDR427W,0,0.043704867,0.11753509193658829,0.9705304503440857,0.7431376576423645
YBR121C,YDR288W,0,0.043480456,0.11752111464738846,0.9705304503440857,0.7432378530502319
YLL050C,YBR295W,0,0.04304628,0.11750713735818863,0.9705304503440857,0.7433379888534546
YEL065W,YOR246C,0,0.042494893,0.1174931600689888,0.9705304503440857,0.743438184261322
YKL173W,YDR394W,0,0.04206437,0.11747919023036957,0.9705304503440857,0.7435383796691895
YNR032W,YCR028C,0,0.042009354,0.11746522039175034,0.9705304503440857,0.7436385750770569
YDR093W,YGL219C,0,0.041811377,0.1174512580037117,0.9705304503440857,0.7437387108802795
YPR058W,YKL154W,0,0.04157275,0.11743730306625366,0.9705304503440857,0.743838906288147
YGR028W,YOR019W,0,0.041457713,0.11742334067821503,0.9705304503440857,0.7439391016960144
YER088C,YDR142C,0,0.041404605,0.11740938574075699,0.9705304503440857,0.7440392971038818
YKL110C,YGL039W,0,0.04119125,0.11739543825387955,0.9705304503440857,0.7441394329071045
YKL110C,YLL053C,0,0.04103431,0.1173814907670021,0.9705304503440857,0.7442396283149719
YBR169C,YGR041W,0,0.040798634,0.11736754328012466,0.9705304503440857,0.7443398237228394
YLR210W,YHL020C,0,0.04071763,0.11735360324382782,0.9705304503440857,0.7444400191307068
YMR040W,YER041W,0,0.040621996,0.11733967065811157,0.9705304503440857,0.7445401549339294
YMR060C,YEL001C,0,0.040455803,0.11732573062181473,0.9705304503440857,0.7446403503417969
YGL173C,YGR067C,0,0.040282577,0.11731180548667908,0.9705304503440857,0.7447405457496643
YHR111W,YHR101C,0,0.040059566,0.11729787290096283,0.9705304503440857,0.7448407411575317
YOR362C,YCL044C,0,0.039767265,0.11728394776582718,0.9705304503440857,0.7449408769607544
YKL087C,YNL213C,0,0.039622366,0.11727003008127213,0.9705304503440857,0.7450410723686218
YOR043W,YDR038C,0,0.03956029,0.11725611239671707,0.9705304503440857,0.7451412677764893
YBR039W,YPL053C,0,0.039481685,0.11724219471216202,0.9705304503440857,0.7452414631843567
YDL175C,YCR045C,0,0.03918992,0.11722828447818756,0.9705304503440857,0.7453415989875793
YOL065C,YER173W,0,0.038706094,0.1172143816947937,0.9705304503440857,0.7454417943954468
YPL047W,YGL001C,0,0.03826365,0.11720047146081924,0.9705304503440857,0.7455419898033142
YDR524C,YDL209C,0,0.03811799,0.11718657612800598,0.9705304503440857,0.7456421852111816
YGR005C,YMR309C,0,0.03742546,0.11717267334461212,0.9705304503440857,0.7457423210144043
YER007W,YGL038C,0,0.037136227,0.11715877801179886,0.9705304503440857,0.7458425164222717
YOR080W,YJR022W,0,0.036838204,0.11714489012956619,0.9705304503440857,0.7459427118301392
YLR075W,YCR054C,0,0.036386907,0.11713100224733353,0.9705304503440857,0.7460428476333618
YNL039W,YHL033C,0,0.03635855,0.11711711436510086,0.9705304503440857,0.7461430430412292
YER177W,YIL111W,0,0.035958856,0.11710323393344879,0.9705304503440857,0.7462432384490967
YML061C,YOL068C,1,0.03578092,0.11720786988735199,0.9715127944946289,0.7462432384490967
YPL149W,YPL168W,0,0.03563997,0.11719398200511932,0.9715127944946289,0.7463434338569641
YIR019C,YDL043C,0,0.035511255,0.11718009412288666,0.9715127944946289,0.7464435696601868
YMR011W,YJL078C,0,0.03497763,0.11716621369123459,0.9715127944946289,0.7465437650680542
YDR377W,YNL188W,0,0.034754813,0.11715233325958252,0.9715127944946289,0.7466439604759216
YDR198C,YOR270C,0,0.0347085,0.11713846027851105,0.9715127944946289,0.7467441558837891
YMR026C,YGL207W,0,0.034344956,0.11712458729743958,0.9715127944946289,0.7468442916870117
YDR121W,YNL197C,0,0.0339081,0.1171107143163681,0.9715127944946289,0.7469444870948792
YOR221C,YFL037W,0,0.03268233,0.11709684878587723,0.9715127944946289,0.7470446825027466
YPL036W,YKL212W,0,0.032676622,0.11708299070596695,0.9715127944946289,0.747144877910614
YFR041C,YOL016C,0,0.032545686,0.11706912517547607,0.9715127944946289,0.7472450137138367
YAR071W,YDL126C,0,0.03238091,0.11705527454614639,0.9715127944946289,0.7473452091217041
YJL123C,YPL115C,0,0.03191334,0.11704141646623611,0.9715127944946289,0.7474454045295715
YKL054C,YOR056C,0,0.031673923,0.11702757328748703,0.9715127944946289,0.747545599937439
YJL110C,YLR185W,0,0.031227052,0.11701372265815735,0.9715127944946289,0.7476457357406616
YML013W,YDL004W,0,0.031087875,0.11699987947940826,0.9715127944946289,0.747745931148529
YLR247C,YHR158C,0,0.030856192,0.11698604375123978,0.9715127944946289,0.7478461265563965
YKR013W,YKR083C,0,0.03051418,0.11697220802307129,0.9715127944946289,0.7479463219642639
YML042W,YAL062W,0,0.029937655,0.1169583722949028,0.9715127944946289,0.7480464577674866
YNL051W,YOR034C,0,0.029378444,0.11694454401731491,0.9715127944946289,0.748146653175354
YHR072W,YER120W,0,0.029331863,0.11693071573972702,0.9715127944946289,0.7482468485832214
YNL154C,YDR046C,0,0.028897822,0.11691689491271973,0.9715127944946289,0.7483470439910889
YIL068C,YJL121C,0,0.028873876,0.11690307408571243,0.9715127944946289,0.7484471797943115
YDR256C,YDR058C,0,0.028825074,0.11688925325870514,0.9715127944946289,0.748547375202179
YPL026C,YDR105C,0,0.028667912,0.11687543988227844,0.9715127944946289,0.7486475706100464
YDR019C,YBR245C,0,0.028220445,0.11686163395643234,0.9715127944946289,0.7487477660179138
YJL035C,YMR236W,0,0.028140038,0.11684782803058624,0.9715127944946289,0.7488479018211365
YDL207W,YMR153W,0,0.027936712,0.11683402210474014,0.9715127944946289,0.7489480972290039
YMR313C,YNL207W,0,0.027932897,0.11682022362947464,0.9715127944946289,0.7490482926368713
YPR008W,YPL051W,0,0.027236491,0.11680642515420914,0.9715127944946289,0.7491484880447388
YKR046C,YDR057W,0,0.026608378,0.11679263412952423,0.9715127944946289,0.7492486238479614
YAL041W,YOR173W,0,0.026423663,0.11677884310483932,0.9715127944946289,0.7493488192558289
YLR093C,YDR139C,0,0.026251644,0.11676505208015442,0.9715127944946289,0.7494490146636963
YAL042W,YOL003C,0,0.025876522,0.11675126850605011,0.9715127944946289,0.7495492100715637
YKR053C,YHL017W,0,0.02579102,0.1167374849319458,0.9715127944946289,0.7496493458747864
YDR122W,YER041W,0,0.025599152,0.11672370880842209,0.9715127944946289,0.7497495412826538
YIR035C,YLR352W,0,0.025440007,0.11670993268489838,0.9715127944946289,0.7498497366905212
YBR101C,YKL096W,0,0.025433421,0.11669616401195526,0.9715127944946289,0.7499499320983887
YJR145C,YDL033C,0,0.025317237,0.11668239533901215,0.9715127944946289,0.7500500679016113
YKR065C,YNL062C,0,0.024568528,0.11666863411664963,0.9715127944946289,0.7501502633094788
YJL008C,YKR058W,0,0.02450493,0.11665487289428711,0.9715127944946289,0.7502504587173462
YBR279W,YCL038C,0,0.024080485,0.11664111167192459,0.9715127944946289,0.7503506541252136
YDR128W,YBR056W,0,0.024030298,0.11662735790014267,0.9715127944946289,0.7504507899284363
YOL094C,YIL121W,0,0.023863494,0.11661360412836075,0.9715127944946289,0.7505509853363037
YHR042W,YPL227C,0,0.023784399,0.11659985780715942,0.9715127944946289,0.7506511807441711
YPL214C,YGR274C,0,0.023766682,0.1165861114859581,0.9715127944946289,0.7507513761520386
YLR196W,YOL098C,0,0.023442686,0.11657237261533737,0.9715127944946289,0.7508515119552612
YOR090C,YLR095C,0,0.023302749,0.11655863374471664,0.9715127944946289,0.7509517073631287
YJR045C,YNL055C,0,0.023118079,0.11654489487409592,0.9715127944946289,0.7510519027709961
YNL037C,YLR342W,0,0.022686169,0.11653116345405579,0.9715127944946289,0.7511520981788635
YGR200C,YPL048W,0,0.022637695,0.11651743948459625,0.9715127944946289,0.7512522339820862
YKR065C,YER007W,0,0.022407904,0.11650370806455612,0.9715127944946289,0.7513524293899536
YDR104C,YPL024W,0,0.022298828,0.11648999154567719,0.9715127944946289,0.751452624797821
YIR010W,YOL033W,0,0.022026598,0.11647626757621765,0.9715127944946289,0.7515528202056885
YDR323C,YNL294C,0,0.02192004,0.11646255105733871,0.9715127944946289,0.7516529560089111
YOL148C,YDL110C,0,0.021856695,0.11644884198904037,0.9715127944946289,0.7517531514167786
YHR019C,YDR469W,0,0.021278977,0.11643513292074203,0.9715127944946289,0.751853346824646
YGL067W,YNL315C,0,0.021223798,0.1164214238524437,0.9715127944946289,0.7519535422325134
YHR122W,YPL203W,0,0.021088213,0.11640772223472595,0.9715127944946289,0.7520536780357361
YML042W,YMR220W,0,0.021047026,0.11639402061700821,0.9715127944946289,0.7521538734436035
YPL195W,YJL083W,0,0.020183727,0.11638032644987106,0.9715127944946289,0.752254068851471
YCL055W,YBL075C,0,0.020099968,0.11636663228273392,0.9715127944946289,0.7523542642593384
YOR116C,YBR055C,0,0.019989476,0.11635293811559677,0.9715127944946289,0.752454400062561
YML085C,YDL010W,0,0.019635946,0.11633925139904022,0.9715127944946289,0.7525545954704285
YOR328W,YGL017W,0,0.01924564,0.11632557213306427,0.9715127944946289,0.7526547908782959
YDL166C,YPL079W,0,0.019097447,0.11631189286708832,0.9715127944946289,0.7527549862861633
YNL185C,YKL012W,0,0.018193975,0.11629821360111237,0.9715127944946289,0.752855122089386
YOR369C,YDR352W,0,0.018147886,0.11628454178571701,0.9715127944946289,0.7529553174972534
YLR096W,YDR084C,0,0.017961934,0.11627086997032166,0.9715127944946289,0.7530555129051208
YOR144C,YJL208C,1,0.017472625,0.11637475341558456,0.9724950790405273,0.7530555129051208
YPL100W,YKL026C,0,0.017380193,0.11636107414960861,0.9724950790405273,0.7531557083129883
YGL178W,YLR345W,0,0.017279878,0.11634739488363266,0.9724950790405273,0.7532558441162109
YNL169C,YPL130W,0,0.016979307,0.1163337230682373,0.9724950790405273,0.7533560395240784
YNL299W,YPL069C,0,0.016827837,0.11632005870342255,0.9724950790405273,0.7534562349319458
YOR319W,YAL051W,0,0.01666087,0.11630639433860779,0.9724950790405273,0.7535564303398132
YMR105C,YOL110W,0,0.016494602,0.11629272997379303,0.9724950790405273,0.7536565661430359
YNL031C,YDR297W,0,0.015991807,0.11627907305955887,0.9724950790405273,0.7537567615509033
YNL071W,YJL183W,0,0.015785933,0.11626541614532471,0.9724950790405273,0.7538569569587708
YBR162C,YIL106W,0,0.01569274,0.11625175923109055,0.9724950790405273,0.7539571523666382
YPL212C,YDL230W,0,0.015321776,0.11623810976743698,0.9724950790405273,0.7540572881698608
YCR033W,YDR047W,0,0.015250921,0.11622446775436401,0.9724950790405273,0.7541574835777283
YMR092C,YLL014W,0,0.015212402,0.11621082574129105,0.9724950790405273,0.7542576789855957
YLR220W,YLR147C,0,0.014878377,0.11619718372821808,0.9724950790405273,0.7543578147888184
YML024W,YGL160W,0,0.014376849,0.11618354916572571,0.9724950790405273,0.7544580101966858
YLR109W,YKL155C,0,0.014354363,0.11616991460323334,0.9724950790405273,0.7545582056045532
YIL138C,YBR109C,0,0.0142122805,0.11615628004074097,0.9724950790405273,0.7546584010124207
YPL270W,YNL288W,0,0.013730109,0.1161426529288292,0.9724950790405273,0.7547585368156433
YOL116W,YBR171W,0,0.013481766,0.11612903326749802,0.9724950790405273,0.7548587322235107
YPR028W,YMR063W,0,0.013022423,0.11611541360616684,0.9724950790405273,0.7549589276313782
YBR218C,YGR186W,0,0.012992978,0.11610179394483566,0.9724950790405273,0.7550591230392456
YHL002W,YJL108C,0,0.01267153,0.11608818173408508,0.9724950790405273,0.7551592588424683
YKL109W,YNL270C,0,0.012460619,0.1160745695233345,0.9724950790405273,0.7552594542503357
YLR126C,YDR047W,0,0.01235418,0.11606096476316452,0.9724950790405273,0.7553596496582031
YDL065C,YBL105C,0,0.011945784,0.11604736000299454,0.9724950790405273,0.7554598450660706
YLL052C,YLR258W,0,0.011484027,0.11603375524282455,0.9724950790405273,0.7555599808692932
YJL062W,YBR166C,0,0.011299908,0.11602015793323517,0.9724950790405273,0.7556601762771606
YHL008C,YLR117C,0,0.011234909,0.11600656062364578,0.9724950790405273,0.7557603716850281
YPL023C,YDR489W,0,0.011071458,0.115992970764637,0.9724950790405273,0.7558605670928955
YDR045C,YNL123W,0,0.010191768,0.1159793809056282,0.9724950790405273,0.7559607028961182
YBL020W,YOL157C,0,0.010173172,0.11596579849720001,0.9724950790405273,0.7560608983039856
YPL095C,YBR001C,0,0.009412333,0.11595221608877182,0.9724950790405273,0.756161093711853
YMR083W,YOL096C,0,0.009005338,0.11593863368034363,0.9724950790405273,0.7562612891197205
YLR131C,YGR103W,0,0.008758187,0.11592505872249603,0.9724950790405273,0.7563614249229431
YBR189W,YHL040C,0,0.008431613,0.11591148376464844,0.9724950790405273,0.7564616203308105
YHR120W,YDR002W,0,0.008334577,0.11589791625738144,0.9724950790405273,0.756561815738678
YDL123W,YNR016C,0,0.006481409,0.11588434875011444,0.9724950790405273,0.7566620111465454
YDR510W,YPL143W,0,0.0057472885,0.11587078869342804,0.9724950790405273,0.7567621469497681
YMR105C,YDL098C,0,0.0050049573,0.11585722863674164,0.9724950790405273,0.7568623423576355
YNL251C,YEL001C,0,0.004933536,0.11584366858005524,0.9724950790405273,0.7569625377655029
YAR015W,YLR138W,0,0.0042480975,0.11583011597394943,0.9724950790405273,0.7570627331733704
YPR181C,YER083C,0,0.0039738864,0.11581656336784363,0.9724950790405273,0.757162868976593
YLR439W,YIL112W,0,0.0039310902,0.11580301821231842,0.9724950790405273,0.7572630643844604
YPL242C,YKL002W,0,0.003731534,0.11578947305679321,0.9724950790405273,0.7573632597923279
YFL039C,YGR005C,0,0.0035218298,0.1157759353518486,0.9724950790405273,0.7574634552001953
YPR082C,YGL095C,0,0.003369987,0.11576239764690399,0.9724950790405273,0.757563591003418
YKL185W,YKL196C,0,0.0029980838,0.11574885994195938,0.9724950790405273,0.7576637864112854
YNL115C,YER068W,0,0.0016649961,0.11573532968759537,0.9724950790405273,0.7577639818191528
YMR163C,YPR058W,0,0.0015333891,0.11572179943323135,0.9724950790405273,0.7578641772270203
YOL097C,YKL077W,0,0.00085252523,0.11570827662944794,0.9724950790405273,0.7579643130302429
YOL094C,YBR094W,0,0.0007266253,0.11569475382566452,0.9724950790405273,0.7580645084381104
YNL224C,YER056C-A,0,0.0007212162,0.1156812310218811,0.9724950790405273,0.7581647038459778
YPL170W,YCR042C,0,0.0007112622,0.11566771566867828,0.9724950790405273,0.7582648992538452
YBL020W,YJL069C,0,0.0005620718,0.11565420776605606,0.9724950790405273,0.7583650350570679
YJR064W,YGR195W,0,0.0004723966,0.11564069986343384,0.9724950790405273,0.7584652304649353
YLR247C,YBR290W,0,-4.6640635e-06,0.11562719196081161,0.9724950790405273,0.7585654258728027
YJR043C,YFR055W,1,-0.00024560094,0.11573047190904617,0.9734774231910706,0.7585654258728027
YLR097C,YOR045W,0,-0.00068840384,0.11571695655584335,0.9734774231910706,0.7586656212806702
YAR042W,YGL224C,0,-0.00077049434,0.11570344120264053,0.9734774231910706,0.7587657570838928
YJL208C,YEL018W,0,-0.00088843703,0.11568993330001831,0.9734774231910706,0.7588659524917603
YAL061W,YOL100W,0,-0.00097189844,0.11567643284797668,0.9734774231910706,0.7589661478996277
YNL003C,YDR287W,0,-0.0011198521,0.11566293239593506,0.9734774231910706,0.7590663433074951
YGR101W,YJR029W,0,-0.0011669397,0.11564943194389343,0.9734774231910706,0.7591664791107178
YJL151C,YMR035W,0,-0.0014593452,0.1156359389424324,0.9734774231910706,0.7592666745185852
YIL125W,YLR372W,0,-0.0017513633,0.11562244594097137,0.9734774231910706,0.7593668699264526
YOR189W,YHR003C,0,-0.0018652827,0.11560896039009094,0.9734774231910706,0.7594670653343201
YJR007W,YPL262W,0,-0.0018776059,0.11559547483921051,0.9734774231910706,0.7595672011375427
YKL008C,YGR138C,0,-0.0021905452,0.11558198928833008,0.9734774231910706,0.7596673965454102
YLR007W,YER004W,0,-0.0022529513,0.11556851118803024,0.9734774231910706,0.7597675919532776
YBL091C,YLR188W,0,-0.0026217848,0.115555040538311,0.9734774231910706,0.759867787361145
YNL099C,YDL031W,0,-0.0030000657,0.11554156243801117,0.9734774231910706,0.7599679231643677
YOR227W,YGR048W,0,-0.0030968785,0.11552809178829193,0.9734774231910706,0.7600681185722351
YMR271C,YNL250W,0,-0.0030980408,0.11551462858915329,0.9734774231910706,0.7601683139801025
YJL076W,YGL099W,0,-0.0031379908,0.11550116539001465,0.9734774231910706,0.76026850938797
YPL174C,YDR091C,0,-0.0033103228,0.11548770219087601,0.9734774231910706,0.7603686451911926
YDR320C,YHR026W,0,-0.0036133379,0.11547424644231796,0.9734774231910706,0.7604688405990601
YDR051C,YKL077W,0,-0.0037660897,0.11546079814434052,0.9734774231910706,0.7605690360069275
YMR298W,YHR065C,0,-0.0048754215,0.11544734239578247,0.9734774231910706,0.7606692314147949
YMR166C,YNR046W,0,-0.005709976,0.11543389409780502,0.9734774231910706,0.7607693672180176
YOR308C,YDR101C,0,-0.0058376193,0.11542045325040817,0.9734774231910706,0.760869562625885
YNL330C,YFR055W,1,-0.0062235296,0.11552346497774124,0.974459707736969,0.760869562625885
YDR147W,YPR108W,0,-0.006492108,0.1155100166797638,0.974459707736969,0.7609697580337524
YJR049C,YCR066W,0,-0.0066170096,0.11549656838178635,0.974459707736969,0.7610699534416199
YDR409W,YDR456W,0,-0.0068258345,0.1154831200838089,0.974459707736969,0.7611700892448425
YDR143C,YBL030C,0,-0.006924689,0.11546967923641205,0.974459707736969,0.76127028465271
YCR075C,YDL150W,0,-0.007526487,0.1154562383890152,0.974459707736969,0.7613704800605774
YLR215C,YMR125W,0,-0.00754638,0.11544280499219894,0.974459707736969,0.7614706754684448
YKL127W,YMR322C,0,-0.0075881034,0.11542937159538269,0.974459707736969,0.7615708112716675
YOR027W,YDR348C,0,-0.007592544,0.11541593819856644,0.974459707736969,0.7616710066795349
YLR075W,YGL005C,0,-0.008258894,0.11540251225233078,0.974459707736969,0.7617712020874023
YHR181W,YDR376W,0,-0.008553803,0.11538908630609512,0.974459707736969,0.7618713974952698
YER143W,YJR139C,0,-0.008998364,0.11537566781044006,0.974459707736969,0.7619715332984924
YPR082C,YBR094W,0,-0.0092139095,0.115362249314785,0.974459707736969,0.7620717287063599
YBR181C,YGL023C,0,-0.009353012,0.11534883826971054,0.974459707736969,0.7621719241142273
YNL007C,YNL012W,0,-0.009556621,0.11533542722463608,0.974459707736969,0.7622721195220947
YOR321W,YIL107C,0,-0.009658039,0.11532201617956161,0.974459707736969,0.7623722553253174
YGR192C,YPL140C,0,-0.009659618,0.11530861258506775,0.974459707736969,0.7624724507331848
YMR009W,YLR200W,0,-0.010144591,0.11529520899057388,0.974459707736969,0.7625726461410522
YGL111W,YJL026W,0,-0.010211468,0.11528181284666061,0.974459707736969,0.7626727819442749
YOR208W,YDL143W,0,-0.010271862,0.11526841670274734,0.974459707736969,0.7627729773521423
YLL011W,YJL115W,0,-0.01045306,0.11525502800941467,0.974459707736969,0.7628731727600098
YKL134C,YOR303W,0,-0.010708451,0.115241639316082,0.974459707736969,0.7629733681678772
YDR385W,YLR405W,0,-0.010709912,0.11522825062274933,0.974459707736969,0.7630735039710999
YOR316C,YDR292C,0,-0.011326566,0.11521486937999725,0.974459707736969,0.7631736993789673
YIL018W,YMR119W,0,-0.012226164,0.11520148813724518,0.974459707736969,0.7632738947868347
YHR205W,YGL168W,0,-0.012247577,0.1151881068944931,0.974459707736969,0.7633740901947021
YGR047C,YOR010C,0,-0.012468159,0.11517473310232162,0.974459707736969,0.7634742259979248
YGR284C,YOL011W,0,-0.0130330175,0.11516136676073074,0.974459707736969,0.7635744214057922
YDR334W,YBR237W,0,-0.013286769,0.11514800041913986,0.974459707736969,0.7636746168136597
YPL160W,YMR121C,0,-0.013751522,0.11513463407754898,0.974459707736969,0.7637748122215271
YBR028C,YER065C,0,-0.013794139,0.1151212751865387,0.974459707736969,0.7638749480247498
YPR140W,YGL141W,0,-0.013830572,0.11510791629552841,0.974459707736969,0.7639751434326172
YML025C,YOR070C,0,-0.01397568,0.11509455740451813,0.974459707736969,0.7640753388404846
YPL158C,YER075C,0,-0.014066473,0.11508120596408844,0.974459707736969,0.764175534248352
YJL090C,YER053C,0,-0.014220253,0.11506785452365875,0.974459707736969,0.7642756700515747
YGL145W,YCR009C,0,-0.0143016875,0.11505451053380966,0.974459707736969,0.7643758654594421
YML082W,YDR225W,0,-0.014352918,0.11504116654396057,0.974459707736969,0.7644760608673096
YLR367W,YDR047W,0,-0.014520496,0.11502783000469208,0.974459707736969,0.764576256275177
YKL060C,YMR104C,0,-0.014690667,0.11501449346542358,0.974459707736969,0.7646763920783997
YFL008W,YDR247W,0,-0.014731288,0.11500115692615509,0.974459707736969,0.7647765874862671
YPL178W,YDR342C,0,-0.014920652,0.1149878278374672,0.974459707736969,0.7648767828941345
YDR408C,YKR093W,0,-0.014996886,0.1149744987487793,0.974459707736969,0.764976978302002
YPR110C,YBR109C,0,-0.015182018,0.114961177110672,0.974459707736969,0.7650771141052246
YER131W,YMR134W,0,-0.015522271,0.1149478554725647,0.974459707736969,0.765177309513092
YPR073C,YDR264C,0,-0.016014785,0.114934541285038,0.974459707736969,0.7652775049209595
YMR290C,YPL225W,0,-0.016022295,0.1149212196469307,0.974459707736969,0.7653777003288269
YFR055W,YGR116W,0,-0.016074806,0.11490791290998459,0.974459707736969,0.7654778361320496
YBR248C,YBR288C,0,-0.016106442,0.11489460617303848,0.974459707736969,0.765578031539917
YGR075C,YOR124C,0,-0.01635316,0.11488129943609238,0.974459707736969,0.7656782269477844
YBL102W,YOR262W,0,-0.016837493,0.11486799269914627,0.974459707736969,0.7657784223556519
YJR123W,YGR047C,0,-0.016860336,0.11485469341278076,0.974459707736969,0.7658785581588745
YMR004W,YNL242W,0,-0.016984344,0.11484140157699585,0.974459707736969,0.7659787535667419
YLR096W,YOR153W,0,-0.017433867,0.11482810229063034,0.974459707736969,0.7660789489746094
YGR054W,YOR069W,0,-0.017503023,0.11481481790542603,0.974459707736969,0.7661791443824768
YKL157W,YDR234W,0,-0.017601281,0.11480152606964111,0.974459707736969,0.7662792801856995
YBR159W,YGL137W,0,-0.017626122,0.1147882416844368,0.974459707736969,0.7663794755935669
YBR213W,YKR090W,0,-0.018015265,0.11477496474981308,0.974459707736969,0.7664796710014343
YNL081C,YGL160W,0,-0.019228563,0.11476168781518936,0.974459707736969,0.7665798664093018
YER030W,YBL082C,0,-0.019719452,0.11474841088056564,0.974459707736969,0.7666800022125244
YIL158W,YPL237W,0,-0.019990772,0.11473513394594193,0.974459707736969,0.7667801976203918
YLR014C,YML106W,0,-0.020027459,0.1147218719124794,0.974459707736969,0.7668803930282593
YMR271C,YBL010C,0,-0.0201367,0.11470860242843628,0.974459707736969,0.7669805884361267
YDL190C,YDR012W,0,-0.020467043,0.11469534039497375,0.974459707736969,0.7670807242393494
YGR224W,YLR248W,0,-0.020812213,0.11468207836151123,0.974459707736969,0.7671809196472168
YBL022C,YFL022C,0,-0.02149707,0.1146688237786293,0.974459707736969,0.7672811150550842
YPL207W,YJR117W,0,-0.021666497,0.11465556919574738,0.974459707736969,0.7673813104629517
YLR093C,YDR490C,0,-0.02213493,0.11464232206344604,0.974459707736969,0.7674814462661743
YMR291W,YKL101W,0,-0.022417009,0.11462907493114471,0.974459707736969,0.7675816416740417
YBR077C,YPL204W,0,-0.022495061,0.11461582779884338,0.974459707736969,0.7676818370819092
YOR192C,YEL044W,0,-0.022711188,0.11460258811712265,0.974459707736969,0.7677820324897766
YMR079W,YKL101W,0,-0.02285555,0.11458934843540192,0.974459707736969,0.7678821682929993
YIL075C,YGL044C,0,-0.02304691,0.11457611620426178,0.974459707736969,0.7679823637008667
YNR041C,YHR194W,0,-0.02309522,0.11456288397312164,0.974459707736969,0.7680825591087341
YKL195W,YDR108W,0,-0.023276791,0.1145496517419815,0.974459707736969,0.7681827545166016
YOL068C,YLR229C,0,-0.023388684,0.11453642696142197,0.974459707736969,0.7682828903198242
YDR294C,YNL181W,0,-0.024823159,0.11452320218086243,0.974459707736969,0.7683830857276917
YLR022C,YLR399C,0,-0.024903014,0.11450998485088348,0.974459707736969,0.7684832811355591
YJL137C,YKL021C,0,-0.02565372,0.11449676752090454,0.974459707736969,0.7685834765434265
YMR055C,YML130C,0,-0.02573055,0.1144835576415062,0.974459707736969,0.7686836123466492
YMR264W,YKL110C,0,-0.026259601,0.11447034031152725,0.974459707736969,0.7687838077545166
YOL127W,YDL108W,0,-0.026658803,0.1144571378827095,0.974459707736969,0.768884003162384
YPL013C,YHR216W,0,-0.02710019,0.11444392800331116,0.974459707736969,0.7689841985702515
YPR021C,YMR318C,0,-0.027241364,0.114430733025074,0.974459707736969,0.7690843343734741
YNL243W,YIR036C,0,-0.027484268,0.11441753059625626,0.974459707736969,0.7691845297813416
YCR048W,YGL043W,0,-0.027536064,0.1144043356180191,0.974459707736969,0.769284725189209
YHR089C,YIL090W,0,-0.027627468,0.11439114063978195,0.974459707736969,0.7693849205970764
YCR105W,YML116W,0,-0.028024554,0.1143779531121254,0.974459707736969,0.7694850564002991
YPL003W,YJR161C,0,-0.028069422,0.11436476558446884,0.974459707736969,0.7695852518081665
YML123C,YNL248C,0,-0.028928429,0.11435158550739288,0.974459707736969,0.7696854472160339
YKR064W,YOR172W,0,-0.029756442,0.11433840543031693,0.974459707736969,0.7697856426239014
YPL193W,YLR083C,0,-0.0301909,0.11432522535324097,0.974459707736969,0.769885778427124
YOR090C,YFR025C,0,-0.03087905,0.1143120527267456,0.974459707736969,0.7699859738349915
YPL160W,YHR076W,0,-0.03095989,0.11429888010025024,0.974459707736969,0.7700861692428589
YMR230W,YDR127W,0,-0.03237757,0.11428571492433548,0.974459707736969,0.7701863646507263
YNL331C,YDR425W,0,-0.03253089,0.11427254974842072,0.974459707736969,0.770286500453949
YKL145W,YER164W,0,-0.032699123,0.11425938457250595,0.974459707736969,0.7703866958618164
YKR053C,YOR143C,0,-0.032756805,0.11424622684717178,0.974459707736969,0.7704868912696838
YIL022W,YDR037W,0,-0.032766342,0.11423306912183762,0.974459707736969,0.7705870270729065
YDL129W,YGL133W,0,-0.033844262,0.11421991884708405,0.974459707736969,0.7706872224807739
YLR328W,YDR105C,0,-0.034044027,0.11420676857233047,0.974459707736969,0.7707874178886414
YLR121C,YOL005C,0,-0.034235552,0.1141936257481575,0.974459707736969,0.7708876132965088
YMR314W,YDL141W,0,-0.034293488,0.11418047547340393,0.974459707736969,0.7709877490997314
YOL090W,YGL173C,1,-0.034522146,0.11428242921829224,0.9754420518875122,0.7709877490997314
YDR060W,YDR002W,0,-0.034654364,0.11426927149295807,0.9754420518875122,0.7710879445075989
YLR075W,YPL126W,0,-0.034928575,0.1142561286687851,0.9754420518875122,0.7711881399154663
YJL189W,YJL133W,0,-0.034957603,0.11424297839403152,0.9754420518875122,0.7712883353233337
YLR096W,YDR280W,0,-0.037441105,0.11422984302043915,0.9754420518875122,0.7713884711265564
YHR025W,YKL185W,0,-0.03774485,0.11421670019626617,0.9754420518875122,0.7714886665344238
YGL044C,YJR017C,0,-0.03787206,0.1142035648226738,0.9754420518875122,0.7715888619422913
YOR189W,YPL001W,0,-0.038464278,0.11419042944908142,0.9754420518875122,0.7716890573501587
YNL287W,YNL024C,0,-0.03847131,0.11417730152606964,0.9754420518875122,0.7717891931533813
YDR110W,YBL102W,0,-0.03849846,0.11416417360305786,0.9754420518875122,0.7718893885612488
YPR154W,YDR155C,0,-0.03870161,0.11415105313062668,0.9754420518875122,0.7719895839691162
YLR027C,YBL084C,0,-0.038780004,0.1141379326581955,0.9754420518875122,0.7720897793769836
YDR338C,YNL029C,0,-0.038798064,0.11412481218576431,0.9754420518875122,0.7721899151802063
YJL036W,YOR358W,0,-0.038961068,0.11411169916391373,0.9754420518875122,0.7722901105880737
YDR487C,YOL001W,0,-0.03907466,0.11409858614206314,0.9754420518875122,0.7723903059959412
YOL012C,YGR204W,0,-0.039229408,0.11408548057079315,0.9754420518875122,0.7724905014038086
YIL130W,YNL177C,0,-0.039250687,0.11407237499952316,0.9754420518875122,0.7725906372070312
YIL036W,YDR538W,0,-0.03932944,0.11405926942825317,0.9754420518875122,0.7726908326148987
YFR041C,YHL031C,0,-0.039334685,0.11404617130756378,0.9754420518875122,0.7727910280227661
YDL166C,YDR182W,0,-0.041358143,0.11403307318687439,0.9754420518875122,0.7728912234306335
YNL286W,YNR037C,0,-0.041730702,0.1140199825167656,0.9754420518875122,0.7729913592338562
YER173W,YHR167W,1,-0.04175222,0.1141216978430748,0.9764243364334106,0.7729913592338562
YNR051C,YJR046W,0,-0.04207246,0.1141085997223854,0.9764243364334106,0.7730915546417236
YDL098C,YBR048W,0,-0.042207614,0.11409550160169601,0.9764243364334106,0.7731917500495911
YNL287W,YHR161C,0,-0.04225701,0.11408240348100662,0.9764243364334106,0.7732919454574585
YCR066W,YKL100C,0,-0.04231167,0.11406931281089783,0.9764243364334106,0.7733920812606812
YJR102C,YIL084C,0,-0.04308115,0.11405622214078903,0.9764243364334106,0.7734922766685486
YLR373C,YJR044C,0,-0.04320894,0.11404313892126083,0.9764243364334106,0.773592472076416
YDR328C,YBL018C,0,-0.0435085,0.11403005570173264,0.9764243364334106,0.7736926674842834
YPL262W,YNL245C,0,-0.04426612,0.11401697993278503,0.9764243364334106,0.7737928032875061
YGR068C,YCR017C,0,-0.04429981,0.11400389671325684,0.9764243364334106,0.7738929986953735
YPL210C,YDL141W,0,-0.04579003,0.11399082839488983,0.9764243364334106,0.773993194103241
YDR202C,YCL039W,0,-0.045980334,0.11397775262594223,0.9764243364334106,0.7740933895111084
YPL117C,YDR038C,0,-0.04649198,0.11396468430757523,0.9764243364334106,0.774193525314331
YOR117W,YNL024C,0,-0.046497256,0.11395162343978882,0.9764243364334106,0.7742937207221985
YMR292W,YAL051W,0,-0.04709719,0.11393856257200241,0.9764243364334106,0.7743939161300659
YIL154C,YMR313C,0,-0.047292084,0.113925501704216,0.9764243364334106,0.7744941115379333
YDR235W,YCR036W,0,-0.048027635,0.11391244828701019,0.9764243364334106,0.774594247341156
YDR113C,YJL052W,0,-0.048251987,0.11389939486980438,0.9764243364334106,0.7746944427490234
YHL004W,YDL060W,0,-0.048651457,0.11388634145259857,0.9764243364334106,0.7747946381568909
YDR086C,YGL032C,0,-0.04882443,0.11387329548597336,0.9764243364334106,0.7748948335647583
YOL019W,YOL077C,0,-0.04918395,0.11386024951934814,0.9764243364334106,0.774994969367981
YDR330W,YOR007C,0,-0.049192548,0.11384721100330353,0.9764243364334106,0.7750951647758484
YGR220C,YMR251W-A,0,-0.049262926,0.11383417248725891,0.9764243364334106,0.7751953601837158
YOL125W,YDR130C,0,-0.049394965,0.11382114142179489,0.9764243364334106,0.7752955555915833
YML120C,YJL042W,0,-0.04957047,0.11380810290575027,0.9764243364334106,0.7753956913948059
YOR367W,YDL192W,0,-0.049637645,0.11379507929086685,0.9764243364334106,0.7754958868026733
YLR010C,YMR262W,0,-0.049666375,0.11378204822540283,0.9764243364334106,0.7755960822105408
YDR511W,YOR060C,0,-0.04994884,0.11376902461051941,0.9764243364334106,0.7756962776184082
YBR164C,YKL034W,0,-0.050220057,0.11375600844621658,0.9764243364334106,0.7757964134216309
YAL001C,YDR331W,0,-0.05028808,0.11374299228191376,0.9764243364334106,0.7758966088294983
YKL211C,YPR016C,0,-0.05062896,0.11372997611761093,0.9764243364334106,0.7759968042373657
YMR142C,YLR070C,0,-0.05091238,0.1137169674038887,0.9764243364334106,0.7760969996452332
YDL193W,YDR447C,0,-0.050998032,0.11370395869016647,0.9764243364334106,0.7761971354484558
YOR217W,YJR058C,0,-0.05109465,0.11369094997644424,0.9764243364334106,0.7762973308563232
YDR239C,YEL003W,0,-0.051124096,0.11367794871330261,0.9764243364334106,0.7763975262641907
YGL207W,YNL221C,0,-0.051222026,0.11366495490074158,0.9764243364334106,0.7764977216720581
YER143W,YOR242C,0,-0.051396996,0.11365195363759995,0.9764243364334106,0.7765978574752808
YHR096C,YML076C,0,-0.051625907,0.11363895982503891,0.9764243364334106,0.7766980528831482
YAL026C,YIL124W,0,-0.05183229,0.11362597346305847,0.9764243364334106,0.7767982482910156
YBR229C,YMR311C,0,-0.05246435,0.11361298710107803,0.9764243364334106,0.7768984436988831
YMR274C,YBR149W,0,-0.052728415,0.1136000007390976,0.9764243364334106,0.7769985795021057
YHR020W,YHL031C,0,-0.052796125,0.11358702182769775,0.9764243364334106,0.7770987749099731
YGR240C,YHR018C,0,-0.05309236,0.11357404291629791,0.9764243364334106,0.7771989703178406
YNL031C,YNL049C,0,-0.053327248,0.11356106400489807,0.9764243364334106,0.777299165725708
YER146W,YDL212W,0,-0.053351432,0.11354809254407883,0.9764243364334106,0.7773993015289307
YIL007C,YPL271W,0,-0.05389087,0.11353512108325958,0.9764243364334106,0.7774994969367981
YMR116C,YDR244W,0,-0.05400464,0.11352215707302094,0.9764243364334106,0.7775996923446655
YLR110C,YBR001C,0,-0.054006845,0.11350919306278229,0.9764243364334106,0.777699887752533
YNR055C,YPR032W,0,-0.05447477,0.11349622905254364,0.9764243364334106,0.7778000235557556
YCR075C,YKR080W,0,-0.05472979,0.11348327249288559,0.9764243364334106,0.777900218963623
YGR163W,YBR218C,0,-0.055019632,0.11347031593322754,0.9764243364334106,0.7780004143714905
YKL088W,YDL207W,0,-0.05536212,0.11345736682415009,0.9764243364334106,0.7781006097793579
YNL329C,YBR159W,0,-0.055584714,0.11344441771507263,0.9764243364334106,0.7782007455825806
YNL098C,YHL038C,0,-0.05599515,0.11343147605657578,0.9764243364334106,0.778300940990448
YOR073W,YBL045C,0,-0.056567997,0.11341852694749832,0.9764243364334106,0.7784011363983154
YHL035C,YDL002C,0,-0.056650907,0.11340559273958206,0.9764243364334106,0.7785013318061829
YMR022W,YBR198C,0,-0.05686757,0.1133926510810852,0.9764243364334106,0.7786014676094055
YMR170C,YHR043C,0,-0.05724737,0.11337971687316895,0.9764243364334106,0.778701663017273
YHR107C,YGR080W,0,-0.05732648,0.11336679011583328,0.9764243364334106,0.7788018584251404
YEL047C,YNL224C,0,-0.057471067,0.11335386335849762,0.9764243364334106,0.778901994228363
YJR093C,YPL179W,0,-0.057775915,0.11334093660116196,0.9764243364334106,0.7790021896362305
YJR048W,YJR126C,0,-0.05794184,0.1133280098438263,0.9764243364334106,0.7791023850440979
YDR307W,YDR216W,0,-0.058034763,0.11331509053707123,0.9764243364334106,0.7792025804519653
YBR036C,YLL054C,0,-0.058962077,0.11330217868089676,0.9764243364334106,0.779302716255188
YER177W,YOL119C,0,-0.0591373,0.11328926682472229,0.9764243364334106,0.7794029116630554
YOR363C,YEL044W,0,-0.059147015,0.11327635496854782,0.9764243364334106,0.7795031070709229
YJL110C,YGR121C,0,-0.059413105,0.11326344311237335,0.9764243364334106,0.7796033024787903
YKL048C,YGL096W,0,-0.059543043,0.11325053870677948,0.9764243364334106,0.7797034382820129
YMR251W-A,YGR193C,0,-0.060160294,0.1132376417517662,0.9764243364334106,0.7798036336898804
YPR120C,YOR356W,0,-0.060343415,0.11322473734617233,0.9764243364334106,0.7799038290977478
YNL247W,YML078W,0,-0.060380757,0.11321184784173965,0.9764243364334106,0.7800040245056152
YHR172W,YOR131C,0,-0.060524285,0.11319895088672638,0.9764243364334106,0.7801041603088379
YNL257C,YDL080C,0,-0.06055279,0.1131860613822937,0.9764243364334106,0.7802043557167053
YJL008C,YPR166C,0,-0.060780674,0.11317317187786102,0.9764243364334106,0.7803045511245728
YHR104W,YDR033W,0,-0.060842037,0.11316028982400894,0.9764243364334106,0.7804047465324402
YBL064C,YDL130W-A,0,-0.061160684,0.11314740777015686,0.9764243364334106,0.7805048823356628
YKL028W,YNL133C,0,-0.0612697,0.11313453316688538,0.9764243364334106,0.7806050777435303
YAR015W,YDR206W,0,-0.06130156,0.11312165856361389,0.9764243364334106,0.7807052731513977
YNL154C,YHR052W,0,-0.061931074,0.11310878396034241,0.9764243364334106,0.7808054685592651
YFR025C,YDL002C,0,-0.062115908,0.11309591680765152,0.9764243364334106,0.7809056043624878
YDR016C,YER123W,0,-0.06215018,0.11308304965496063,0.9764243364334106,0.7810057997703552
YKR081C,YJL143W,0,-0.06299341,0.11307018250226974,0.9764243364334106,0.7811059951782227
YIL005W,YGR135W,0,-0.06311187,0.11305732280015945,0.9764243364334106,0.7812061905860901
YBR156C,YOL077C,0,-0.063491106,0.11304447054862976,0.9764243364334106,0.7813063263893127
YCR036W,YDR468C,0,-0.06351417,0.11303161084651947,0.9764243364334106,0.7814065217971802
YNL049C,YIL038C,0,-0.06418854,0.11301875859498978,0.9764243364334106,0.7815067172050476
YLR166C,YER020W,0,-0.0643478,0.11300591379404068,0.9764243364334106,0.781606912612915
YNL206C,YJR125C,0,-0.06502062,0.11299306899309158,0.9764243364334106,0.7817070484161377
YDR450W,YDL134C,0,-0.0655362,0.11298022419214249,0.9764243364334106,0.7818072438240051
YLR058C,YLR417W,0,-0.06591469,0.11296737939119339,0.9764243364334106,0.7819074392318726
YHL019C,YNL099C,0,-0.06603593,0.11295454204082489,0.9764243364334106,0.78200763463974
YPR004C,YGR094W,0,-0.06661236,0.11294171214103699,0.9764243364334106,0.7821077704429626
YKL195W,YMR214W,0,-0.067628115,0.11292888224124908,0.9764243364334106,0.7822079658508301
YKR080W,YMR024W,0,-0.06795013,0.11291605234146118,0.9764243364334106,0.7823081612586975
YLR022C,YLR225C,0,-0.06797683,0.11290322244167328,0.9764243364334106,0.7824083566665649
YMR235C,YER078C,0,-0.068048954,0.11289039999246597,0.9764243364334106,0.7825084924697876
YJR126C,YMR285C,0,-0.06856018,0.11287758499383926,0.9764243364334106,0.782608687877655
YPR122W,YGL039W,0,-0.06871539,0.11286476999521255,0.9764243364334106,0.7827088832855225
YGL038C,YER083C,0,-0.068885684,0.11285195499658585,0.9764243364334106,0.7828090786933899
YPR057W,YOR259C,0,-0.06900942,0.11283913999795914,0.9764243364334106,0.7829092144966125
YKL137W,YJL158C,0,-0.06952894,0.11282633244991302,0.9764243364334106,0.78300940990448
YCL017C,YHR062C,0,-0.069693,0.11281352490186691,0.9764243364334106,0.7831096053123474
YJL173C,YDL164C,1,-0.069793195,0.11291420459747314,0.9774066805839539,0.7831096053123474
YOR063W,YHR158C,0,-0.07013279,0.11290139704942703,0.9774066805839539,0.7832098007202148
YCR034W,YGR132C,0,-0.07047585,0.11288858950138092,0.9774066805839539,0.7833099365234375
YDR121W,YHR190W,0,-0.071118504,0.11287578195333481,0.9774066805839539,0.7834101319313049
YJR022W,YPL118W,0,-0.07114804,0.1128629744052887,0.9774066805839539,0.7835103273391724
YCL064C,YER056C,0,-0.071413666,0.11285017430782318,0.9774066805839539,0.7836105227470398
YDR294C,YKL155C,0,-0.07143828,0.11283738166093826,0.9774066805839539,0.7837106585502625
YOR269W,YMR226C,0,-0.07228327,0.11282458156347275,0.9774066805839539,0.7838108539581299
YJR015W,YKL096W,0,-0.07282609,0.11281178891658783,0.9774066805839539,0.7839110493659973
YKL127W,YGR023W,0,-0.07297373,0.11279900372028351,0.9774066805839539,0.7840112447738647
YML086C,YER149C,0,-0.07348856,0.11278621852397919,0.9774066805839539,0.7841113805770874
YNL137C,YJR152W,0,-0.073708236,0.11277343332767487,0.9774066805839539,0.7842115759849548
YJL035C,YOR143C,0,-0.07380968,0.11276065558195114,0.9774066805839539,0.7843117713928223
YGR254W,YJL014W,0,-0.0742093,0.11274787783622742,0.9774066805839539,0.7844119668006897
YOR335C,YDL184C,0,-0.074750125,0.11273510009050369,0.9774066805839539,0.7845121026039124
YDL141W,YPL108W,0,-0.07552314,0.11272232979536057,0.9774066805839539,0.7846122980117798
YLR007W,YGR123C,0,-0.07562587,0.11270955950021744,0.9774066805839539,0.7847124934196472
YNL054W,YOR270C,0,-0.07667282,0.11269679665565491,0.9774066805839539,0.7848126888275146
YNL158W,YER051W,0,-0.07686877,0.11268403381109238,0.9774066805839539,0.7849128246307373
YBR290W,YPL230W,0,-0.07691467,0.11267127096652985,0.9774066805839539,0.7850130200386047
YBL022C,YDR009W,0,-0.076991916,0.11265851557254791,0.9774066805839539,0.7851132154464722
YKL164C,YOR270C,0,-0.077180326,0.11264576017856598,0.9774066805839539,0.7852134108543396
YLR170C,YDR541C,0,-0.0772461,0.11263301223516464,0.9774066805839539,0.7853135466575623
YPL237W,YOR039W,0,-0.07728806,0.11262025684118271,0.9774066805839539,0.7854137420654297
YLR011W,YGR178C,0,-0.07756445,0.11260751634836197,0.9774066805839539,0.7855139374732971
YMR192W,YNL197C,0,-0.07774395,0.11259476840496063,0.9774066805839539,0.7856141328811646
YPR098C,YHR178W,0,-0.07817608,0.11258203536272049,0.9774066805839539,0.7857142686843872
YKL192C,YPL236C,0,-0.07835215,0.11256929486989975,0.9774066805839539,0.7858144640922546
YJR019C,YNL020C,0,-0.07859954,0.1125565618276596,0.9774066805839539,0.7859146595001221
YPL015C,YOR198C,0,-0.07862705,0.11254382878541946,0.9774066805839539,0.7860148549079895
YPR067W,YER025W,0,-0.07881248,0.11253110319375992,0.9774066805839539,0.7861149907112122
YDR519W,YOL012C,0,-0.079125375,0.11251837760210037,0.9774066805839539,0.7862151861190796
YOR179C,YKL100C,0,-0.07936406,0.11250565201044083,0.9774066805839539,0.786315381526947
YMR004W,YPL015C,0,-0.079485655,0.11249293386936188,0.9774066805839539,0.7864155769348145
YBR103W,YOL033W,0,-0.07991433,0.11248021572828293,0.9774066805839539,0.7865157127380371
YGR277C,YNR039C,0,-0.080254644,0.11246750503778458,0.9774066805839539,0.7866159081459045
YDR056C,YGL008C,0,-0.08042216,0.11245479434728622,0.9774066805839539,0.786716103553772
YGR278W,YLL052C,0,-0.08055335,0.11244208365678787,0.9774066805839539,0.7868162989616394
YDL103C,YGR186W,0,-0.08055729,0.11242938041687012,0.9774066805839539,0.7869164347648621
YIR022W,YER033C,0,-0.08103296,0.11241667717695236,0.9774066805839539,0.7870166301727295
YNL316C,YGL161C,0,-0.0811103,0.1124039739370346,0.9774066805839539,0.7871168255805969
YAL042W,YGR275W,0,-0.08114037,0.11239127814769745,0.9774066805839539,0.7872169613838196
YGL047W,YOR028C,0,-0.081540525,0.11237858235836029,0.9774066805839539,0.787317156791687
YGR241C,YDL212W,0,-0.08166468,0.11236589401960373,0.9774066805839539,0.7874173521995544
YGR092W,YOR120W,0,-0.08177364,0.11235320568084717,0.9774066805839539,0.7875175476074219
YDR093W,YOR246C,0,-0.08181262,0.1123405247926712,0.9774066805839539,0.7876176834106445
YOL056W,YMR088C,0,-0.08196151,0.11232783645391464,0.9774066805839539,0.787717878818512
YDR354W,YIR023W,0,-0.082672626,0.11231516301631927,0.9774066805839539,0.7878180742263794
YBR024W,YLR071C,0,-0.083372355,0.11230248212814331,0.9774066805839539,0.7879182696342468
YMR047C,YOR004W,0,-0.08348319,0.11228980869054794,0.9774066805839539,0.7880184054374695
YDL100C,YOL031C,0,-0.08358359,0.11227713525295258,0.9774066805839539,0.7881186008453369
YGL047W,YOR058C,0,-0.08362901,0.1122644692659378,0.9774066805839539,0.7882187962532043
YKR053C,YML075C,0,-0.08374429,0.11225180327892303,0.9774066805839539,0.7883189916610718
YNR048W,YNL046W,0,-0.08396584,0.11223914474248886,0.9774066805839539,0.7884191274642944
YLR023C,YOR246C,0,-0.084270865,0.11222648620605469,0.9774066805839539,0.7885193228721619
YOL013C,YOR067C,0,-0.08435452,0.11221382766962051,0.9774066805839539,0.7886195182800293
YLR077W,YDR166C,0,-0.08478132,0.11220116913318634,0.9774066805839539,0.7887197136878967
YDR302W,YBR028C,0,-0.084814906,0.11218852549791336,0.9774066805839539,0.7888198494911194
YMR081C,YER041W,0,-0.08516604,0.11217587441205978,0.9774066805839539,0.7889200448989868
YNL023C,YGL078C,0,-0.08529401,0.1121632307767868,0.9774066805839539,0.7890202403068542
YHR018C,YNL115C,0,-0.08550066,0.11215058714151382,0.9774066805839539,0.7891204357147217
YJR044C,YIL064W,0,-0.0859589,0.11213794350624084,0.9774066805839539,0.7892205715179443
YDR148C,YNL135C,0,-0.08645037,0.11212530732154846,0.9774066805839539,0.7893207669258118
YJL090C,YHL032C,0,-0.086931765,0.11211267858743668,0.9774066805839539,0.7894209623336792
YDR270W,YNL046W,0,-0.087187886,0.1121000424027443,0.9774066805839539,0.7895211577415466
YPR081C,YIL075C,0,-0.0874145,0.11208741366863251,0.9774066805839539,0.7896212935447693
YDR210W,YDR348C,0,-0.087511,0.11207479238510132,0.9774066805839539,0.7897214889526367
YGL107C,YJR086W,0,-0.08754569,0.11206217110157013,0.9774066805839539,0.7898216843605042
YNR022C,YMR002W,0,-0.08776581,0.11204954981803894,0.9774066805839539,0.7899218797683716
YOR096W,YLR299W,0,-0.088045925,0.11203693598508835,0.9774066805839539,0.7900220155715942
YFR051C,YDR480W,0,-0.08811134,0.11202432215213776,0.9774066805839539,0.7901222109794617
YOL041C,YMR215W,0,-0.088358015,0.11201170831918716,0.9774066805839539,0.7902224063873291
YGR240C,YER025W,0,-0.08839649,0.11199910193681717,0.9774066805839539,0.7903226017951965
YDR212W,YOR188W,0,-0.08863509,0.11198649555444717,0.9774066805839539,0.7904227375984192
YER148W,YKL112W,0,-0.08895323,0.11197388917207718,0.9774066805839539,0.7905229330062866
YHR083W,YLR238W,0,-0.089221776,0.11196129024028778,0.9774066805839539,0.790623128414154
YNL315C,YNL087W,0,-0.089529335,0.11194869130849838,0.9774066805839539,0.7907233238220215
YNL056W,YPL006W,0,-0.0895457,0.11193609982728958,0.9774066805839539,0.7908234596252441
YKL211C,YHL026C,0,-0.09016025,0.11192350834608078,0.9774066805839539,0.7909236550331116
YDR380W,YJL212C,0,-0.09052825,0.11191092431545258,0.9774066805839539,0.791023850440979
YNL103W,YPL204W,0,-0.09079817,0.11189833283424377,0.9774066805839539,0.7911240458488464
YML025C,YBR044C,0,-0.09140509,0.11188575625419617,0.9774066805839539,0.7912241816520691
YLR226W,YBL099W,0,-0.09215331,0.11187317222356796,0.9774066805839539,0.7913243770599365
YIL129C,YHR003C,0,-0.092384934,0.11186059564352036,0.9774066805839539,0.791424572467804
YGR091W,YBR175W,0,-0.092606544,0.11184801906347275,0.9774066805839539,0.7915247678756714
YGL130W,YKL109W,0,-0.09269333,0.11183544993400574,0.9774066805839539,0.791624903678894
YDR328C,YHL040C,0,-0.09270078,0.11182288080453873,0.9774066805839539,0.7917250990867615
YJL189W,YER016W,0,-0.09291932,0.11181031912565231,0.9774066805839539,0.7918252944946289
YML063W,YIL115C,0,-0.09313011,0.1117977499961853,0.9774066805839539,0.7919254899024963
YBR156C,YNL036W,0,-0.093153805,0.11178519576787949,0.9774066805839539,0.792025625705719
YLR327C,YCR069W,0,-0.09323406,0.11177263408899307,0.9774066805839539,0.7921258211135864
YPL138C,YGL055W,0,-0.09354746,0.11176007986068726,0.9774066805839539,0.7922260165214539
YLL011W,YGR178C,0,-0.093661815,0.11174752563238144,0.9774066805839539,0.7923262119293213
YPR169W,YOL021C,0,-0.0938302,0.11173497885465622,0.9774066805839539,0.792426347732544
YOR130C,YJR035W,0,-0.09397334,0.111722432076931,0.9774066805839539,0.7925265431404114
YNR026C,YKR093W,0,-0.094153255,0.11170989274978638,0.9774066805839539,0.7926267385482788
YGL077C,YER114C,0,-0.09422186,0.11169735342264175,0.9774066805839539,0.7927269339561462
YGL201C,YGL257C,0,-0.094240785,0.11168481409549713,0.9774066805839539,0.7928270697593689
YKL113C,YPR018W,1,-0.09433222,0.11178451031446457,0.9783890247344971,0.7928270697593689
YBL057C,YNL315C,0,-0.095074356,0.11177196353673935,0.9783890247344971,0.7929272651672363
YIL075C,YKR039W,0,-0.09537649,0.11175942420959473,0.9783890247344971,0.7930274605751038
YER073W,YLR239C,0,-0.09567198,0.1117468848824501,0.9783890247344971,0.7931276559829712
YKL028W,YPR019W,0,-0.096015364,0.11173435300588608,0.9783890247344971,0.7932277917861938
YDR236C,YOL094C,0,-0.09687817,0.11172181367874146,0.9783890247344971,0.7933279871940613
YNL054W,YOL098C,0,-0.09736711,0.11170928925275803,0.9783890247344971,0.7934281826019287
YCR043C,YMR233W,0,-0.09775984,0.111696757376194,0.9783890247344971,0.7935283780097961
YER071C,YNL054W,0,-0.09785515,0.11168423295021057,0.9783890247344971,0.7936285138130188
YDR093W,YER060W,0,-0.09798545,0.11167170852422714,0.9783890247344971,0.7937287092208862
YDL161W,YOR063W,0,-0.09811512,0.11165919154882431,0.9783890247344971,0.7938289046287537
YNL189W,YER001W,0,-0.09841746,0.11164667457342148,0.9783890247344971,0.7939291000366211
YLR085C,YLR048W,0,-0.09891567,0.11163416504859924,0.9783890247344971,0.7940292358398438
YDR188W,YNR054C,0,-0.09909201,0.11162165552377701,0.9783890247344971,0.7941294312477112
YNL244C,YKL191W,0,-0.099329054,0.11160914599895477,0.9783890247344971,0.7942296266555786
YDL180W,YJL072C,0,-0.099346876,0.11159663647413254,0.9783890247344971,0.794329822063446
YPR140W,YDR071C,0,-0.099357486,0.1115841343998909,0.9783890247344971,0.7944299578666687
YMR237W,YBR268W,0,-0.099737346,0.11157163977622986,0.9783890247344971,0.7945301532745361
YLR363C,YBL047C,0,-0.10044432,0.11155913770198822,0.9783890247344971,0.7946303486824036
YBR201W,YOR211C,0,-0.1004771,0.11154664307832718,0.9783890247344971,0.794730544090271
YPL198W,YKR087C,0,-0.1007877,0.11153415590524673,0.9783890247344971,0.7948306798934937
YDR224C,YLR110C,0,-0.10109025,0.11152166873216629,0.9783890247344971,0.7949308753013611
YDR145W,YML127W,0,-0.10121834,0.11150918155908585,0.9783890247344971,0.7950310707092285
YNL130C,YIL040W,0,-0.101237744,0.1114966943860054,0.9783890247344971,0.7951312065124512
YBL103C,YDL109C,0,-0.101539195,0.11148421466350555,0.9783890247344971,0.7952314019203186
YAL068C,YDL017W,0,-0.10161808,0.1114717423915863,0.9783890247344971,0.795331597328186
YIR022W,YLR417W,0,-0.101849735,0.11145926266908646,0.9783890247344971,0.7954317927360535
YIL052C,YNL254C,0,-0.1022737,0.1114467978477478,0.9783890247344971,0.7955319285392761
YDR135C,YMR012W,0,-0.102449775,0.11143432557582855,0.9783890247344971,0.7956321239471436
YPR010C,YBR038W,0,-0.10271031,0.1114218607544899,0.9783890247344971,0.795732319355011
YKR007W,YHL007C,0,-0.10294825,0.11140939593315125,0.9783890247344971,0.7958325147628784
YBR234C,YDR135C,0,-0.10304791,0.11139693856239319,0.9783890247344971,0.7959326505661011
YBR171W,YIL127C,0,-0.10398278,0.11138448119163513,0.9783890247344971,0.7960328459739685
YER118C,YLR095C,0,-0.104090214,0.11137202382087708,0.9783890247344971,0.7961330413818359
YHR034C,YHR202W,0,-0.10427475,0.11135957390069962,0.9783890247344971,0.7962332367897034
YPL089C,YDL044C,0,-0.10452783,0.11134712398052216,0.9783890247344971,0.796333372592926
YGL141W,YNL173C,0,-0.10458702,0.1113346740603447,0.9783890247344971,0.7964335680007935
YDR190C,YFL036W,0,-0.10461131,0.11132223159074783,0.9783890247344971,0.7965337634086609
YDR228C,YBL002W,0,-0.10471684,0.11130978912115097,0.9783890247344971,0.7966339588165283
YNL136W,YBR149W,0,-0.105081975,0.1112973541021347,0.9783890247344971,0.796734094619751
YJL165C,YNR045W,0,-0.10565728,0.11128491908311844,0.9783890247344971,0.7968342900276184
YLR449W,YML107C,0,-0.105780184,0.11127248406410217,0.9783890247344971,0.7969344854354858
YPR017C,YDL159W,0,-0.10594565,0.1112600564956665,0.9783890247344971,0.7970346808433533
YBR153W,YDL076C,0,-0.10624021,0.11124762892723083,0.9783890247344971,0.7971348166465759
YGL084C,YIL075C,0,-0.10679096,0.11123520135879517,0.9783890247344971,0.7972350120544434
YNL310C,YJR077C,0,-0.10686374,0.1112227812409401,0.9783890247344971,0.7973352074623108
YOL125W,YBR273C,0,-0.108162105,0.11121036112308502,0.9783890247344971,0.7974354028701782
YBL020W,YDL095W,0,-0.10847896,0.11119794845581055,0.9783890247344971,0.7975355386734009
YDL230W,YDR069C,0,-0.108732164,0.11118553578853607,0.9783890247344971,0.7976357340812683
YOR288C,YGL043W,0,-0.10898495,0.1111731231212616,0.9783890247344971,0.7977359294891357
YDL052C,YLR382C,0,-0.10916373,0.11116071790456772,0.9783890247344971,0.7978361248970032
YJL097W,YER120W,0,-0.10919106,0.11114831268787384,0.9783890247344971,0.7979362607002258
YPL190C,YDR261C,0,-0.109598964,0.11113590747117996,0.9783890247344971,0.7980364561080933
YDR424C,YMR243C,0,-0.10993713,0.11112350970506668,0.9783890247344971,0.7981366515159607
YLR204W,YDR490C,0,-0.10999936,0.1111111119389534,0.9783890247344971,0.7982368469238281
YDR316W,YOL103W,0,-0.11008382,0.11109871417284012,0.9783890247344971,0.7983369827270508
YPL008W,YCR086W,0,-0.11049256,0.11108632385730743,0.9783890247344971,0.7984371781349182
YGR074W,YJL221C,0,-0.11203706,0.11107394099235535,0.9783890247344971,0.7985373735427856
YBL055C,YER072W,0,-0.11216155,0.11106155067682266,0.9783890247344971,0.7986375689506531
YJL102W,YJR017C,0,-0.11229634,0.11104916781187057,0.9783890247344971,0.7987377047538757
YER173W,YGL173C,1,-0.11291748,0.11114827543497086,0.9793713092803955,0.7987377047538757
YHR171W,YMR313C,0,-0.11341378,0.11113588511943817,0.9793713092803955,0.7988379001617432
YBL051C,YGR207C,0,-0.11373511,0.11112349480390549,0.9793713092803955,0.7989380955696106
YMR291W,YOL156W,0,-0.11403021,0.1111111119389534,0.9793713092803955,0.799038290977478
YIL137C,YPL173W,0,-0.11442047,0.11109872907400131,0.9793713092803955,0.7991384267807007
YAR008W,YLR347C,0,-0.114947796,0.11108635365962982,0.9793713092803955,0.7992386221885681
YKR092C,YOR056C,0,-0.11505747,0.11107397824525833,0.9793713092803955,0.7993388175964355
YDR002W,YKR060W,0,-0.11522007,0.11106160283088684,0.9793713092803955,0.799439013004303
YHL008C,YOR086C,0,-0.115552306,0.11104923486709595,0.9793713092803955,0.7995391488075256
YER157W,YJL158C,0,-0.11599678,0.11103686690330505,0.9793713092803955,0.7996393442153931
YPL030W,YNL072W,0,-0.11610842,0.11102449893951416,0.9793713092803955,0.7997395396232605
YJR131W,YNL119W,0,-0.116263,0.11101213842630386,0.9793713092803955,0.7998397350311279
YGR231C,YGR162W,0,-0.116448194,0.11099977791309357,0.9793713092803955,0.7999398708343506
YBL031W,YNR001C,0,-0.116677284,0.11098741739988327,0.9793713092803955,0.800040066242218
YIL106W,YMR289W,0,-0.11730459,0.11097506433725357,0.9793713092803955,0.8001402616500854
YDR346C,YER096W,0,-0.11804876,0.11096271872520447,0.9793713092803955,0.8002404570579529
YPL084W,YDR006C,0,-0.11832464,0.11095036566257477,0.9793713092803955,0.8003405928611755
YJR121W,YER147C,0,-0.11885607,0.11093802005052567,0.9793713092803955,0.800440788269043
YPL138C,YNL315C,0,-0.11892116,0.11092568188905716,0.9793713092803955,0.8005409836769104
YOL096C,YDR096W,0,-0.12013763,0.11091333627700806,0.9793713092803955,0.8006411790847778
YNL054W,YER003C,0,-0.12034345,0.11090099811553955,0.9793713092803955,0.8007413148880005
YBR188C,YHR204W,0,-0.12035495,0.11088866740465164,0.9793713092803955,0.8008415102958679
YPR079W,YJL209W,0,-0.12052232,0.11087633669376373,0.9793713092803955,0.8009417057037354
YJR113C,YML102W,0,-0.120660394,0.11086400598287582,0.9793713092803955,0.8010419011116028
YDL043C,YER146W,0,-0.12087792,0.11085167527198792,0.9793713092803955,0.8011420369148254
YMR080C,YOR141C,0,-0.121266454,0.1108393520116806,0.9793713092803955,0.8012422323226929
YFR055W,YOR354C,1,-0.1220341,0.1109381914138794,0.9803536534309387,0.8012422323226929
YHL015W,YFL029C,0,-0.12234479,0.11092586070299149,0.9803536534309387,0.8013424277305603
YGR017W,YNL272C,0,-0.12362653,0.11091353744268417,0.9803536534309387,0.8014426231384277
YDL192W,YOR278W,0,-0.12379524,0.11090121418237686,0.9803536534309387,0.8015427589416504
YDL004W,YDR280W,0,-0.12436524,0.11088889092206955,0.9803536534309387,0.8016429543495178
YIL070C,YDR145W,0,-0.124483764,0.11087656766176224,0.9803536534309387,0.8017431497573853
YBR229C,YML107C,0,-0.12480378,0.11086425185203552,0.9803536534309387,0.8018433451652527
YPL203W,YBR131W,0,-0.12485123,0.11085193604230881,0.9803536534309387,0.8019434809684753
YLR142W,YEL071W,0,-0.12525022,0.11083962768316269,0.9803536534309387,0.8020436763763428
YCL038C,YGR162W,0,-0.1254521,0.11082731932401657,0.9803536534309387,0.8021438717842102
YOL077C,YAR019C,0,-0.12614936,0.11081501096487045,0.9803536534309387,0.8022440671920776
YDR256C,YNL220W,0,-0.12621564,0.11080271005630493,0.9803536534309387,0.8023442029953003
YDL191W,YKL216W,0,-0.12649423,0.11079040914773941,0.9803536534309387,0.8024443984031677
YBR229C,YDR005C,0,-0.12686032,0.11077810823917389,0.9803536534309387,0.8025445938110352
YGR257C,YOL027C,0,-0.12707698,0.11076581478118896,0.9803536534309387,0.8026447892189026
YPL084W,YGR158C,0,-0.12728137,0.11075352132320404,0.9803536534309387,0.8027449250221252
YDR268W,YJL173C,0,-0.12831241,0.11074123531579971,0.9803536534309387,0.8028451204299927
YBR159W,YOR344C,0,-0.12844625,0.11072894930839539,0.9803536534309387,0.8029453158378601
YHR120W,YNL003C,0,-0.12906161,0.11071666330099106,0.9803536534309387,0.8030455112457275
YER042W,YML061C,0,-0.12994474,0.11070438474416733,0.9803536534309387,0.8031456470489502
YGR263C,YMR205C,0,-0.13088173,0.1106921061873436,0.9803536534309387,0.8032458424568176
YLR310C,YLL050C,0,-0.13093749,0.11067982763051987,0.9803536534309387,0.8033460378646851
YHR013C,YER166W,0,-0.13125962,0.11066755652427673,0.9803536534309387,0.8034461736679077
YKL192C,YLR398C,0,-0.13149619,0.1106552854180336,0.9803536534309387,0.8035463690757751
YDR309C,YGL208W,0,-0.13150045,0.11064301431179047,0.9803536534309387,0.8036465644836426
YJL170C,YOR120W,0,-0.13215345,0.11063075065612793,0.9803536534309387,0.80374675989151
YER021W,YMR220W,0,-0.13225865,0.1106184870004654,0.9803536534309387,0.8038468956947327
YJR131W,YEL001C,0,-0.13227475,0.11060623079538345,0.9803536534309387,0.8039470911026001
YBR065C,YNL252C,0,-0.13282245,0.11059397459030151,0.9803536534309387,0.8040472865104675
YGR055W,YJL001W,0,-0.13307416,0.11058171838521957,0.9803536534309387,0.804147481918335
YER087C-A,YDL200C,0,-0.13348651,0.11056946963071823,0.9803536534309387,0.8042476177215576
YKL209C,YMR072W,0,-0.13379204,0.11055722087621689,0.9803536534309387,0.804347813129425
YDL144C,YDR382W,0,-0.13461012,0.11054497212171555,0.9803536534309387,0.8044480085372925
YGR195W,YDR342C,0,-0.13472843,0.1105327308177948,0.9803536534309387,0.8045482039451599
YER146W,YLR193C,0,-0.13491362,0.11052048951387405,0.9803536534309387,0.8046483397483826
YBL055C,YGL029W,0,-0.13511187,0.11050824820995331,0.9803536534309387,0.80474853515625
YNL310C,YNL071W,0,-0.13530624,0.11049601435661316,0.9803536534309387,0.8048487305641174
YKL028W,YOR065W,0,-0.13535592,0.11048378050327301,0.9803536534309387,0.8049489259719849
YNR022C,YHR190W,0,-0.13590655,0.11047155410051346,0.9803536534309387,0.8050490617752075
YLR266C,YMR251W-A,0,-0.13637528,0.1104593276977539,0.9803536534309387,0.805149257183075
YKR065C,YNL164C,0,-0.1365717,0.11044710129499435,0.9803536534309387,0.8052494525909424
YPL092W,YOL100W,0,-0.1366494,0.1104348823428154,0.9803536534309387,0.8053496479988098
YDR259C,YBR121C,0,-0.13695595,0.11042266339063644,0.9803536534309387,0.8054497838020325
YOR380W,YDR224C,0,-0.13707,0.11041044443845749,0.9803536534309387,0.8055499792098999
YBR014C,YIL075C,0,-0.1383172,0.11039823293685913,0.9803536534309387,0.8056501746177673
YIR036C,YJL174W,0,-0.1393817,0.11038602143526077,0.9803536534309387,0.8057503700256348
YML025C,YBR122C,0,-0.13941991,0.11037380993366241,0.9803536534309387,0.8058505058288574
YLR121C,YDR261C,0,-0.14009714,0.11036160588264465,0.9803536534309387,0.8059507012367249
YNR048W,YML031W,0,-0.14062506,0.11034940183162689,0.9803536534309387,0.8060508966445923
YHR149C,YCR069W,0,-0.1413959,0.11033720523118973,0.9803536534309387,0.8061510920524597
YDR148C,YGL005C,0,-0.14149779,0.11032500863075256,0.9803536534309387,0.8062512278556824
YDL081C,YER149C,0,-0.1415649,0.1103128120303154,0.9803536534309387,0.8063514232635498
YER025W,YPR036W,0,-0.14157212,0.11030061542987823,0.9803536534309387,0.8064516186714172
YLL011W,YIL053W,0,-0.14243788,0.11028842628002167,0.9803536534309387,0.8065518140792847
YDR297W,YIL115C,0,-0.14270687,0.1102762445807457,0.9803536534309387,0.8066519498825073
YKL010C,YGR204W,0,-0.1429177,0.11026406288146973,0.9803536534309387,0.8067521452903748
YOL041C,YOL021C,0,-0.1440019,0.11025188118219376,0.9803536534309387,0.8068523406982422
YJR045C,YDR214W,0,-0.14404178,0.11023969948291779,0.9803536534309387,0.8069525361061096
YOL049W,YGR195W,0,-0.14408988,0.11022752523422241,0.9803536534309387,0.8070526719093323
YDR346C,YDR003W,0,-0.14417464,0.11021535098552704,0.9803536534309387,0.8071528673171997
YGL254W,YML025C,0,-0.14418006,0.11020317673683167,0.9803536534309387,0.8072530627250671
YJL121C,YAL008W,0,-0.14420739,0.11019100993871689,0.9803536534309387,0.8073532581329346
YKR001C,YKR061W,0,-0.1442213,0.11017885059118271,0.9803536534309387,0.8074533939361572
YJR050W,YOR271C,0,-0.14487702,0.11016668379306793,0.9803536534309387,0.8075535893440247
YBL102W,YNL312W,0,-0.14517808,0.11015452444553375,0.9803536534309387,0.8076537847518921
YKR014C,YJR145C,0,-0.14577758,0.11014236509799957,0.9803536534309387,0.8077539801597595
YGR040W,YNL126W,0,-0.14588323,0.11013021320104599,0.9803536534309387,0.8078541159629822
YKR014C,YDR490C,0,-0.14606261,0.11011806130409241,0.9803536534309387,0.8079543113708496
YAL061W,YIL036W,0,-0.14624357,0.11010591685771942,0.9803536534309387,0.808054506778717
YBR162C,YIL130W,0,-0.14690563,0.11009376496076584,0.9803536534309387,0.8081547021865845
YCR088W,YJL044C,0,-0.1469788,0.11008162051439285,0.9803536534309387,0.8082548379898071
YBR091C,YHL001W,0,-0.14729133,0.11006948351860046,0.9803536534309387,0.8083550333976746
YDL155W,YDR350C,0,-0.14748085,0.11005734652280807,0.9803536534309387,0.808455228805542
YER099C,YGR170W,0,-0.14789581,0.11004520952701569,0.9803536534309387,0.8085554242134094
YER095W,YBR279W,1,-0.14819914,0.11014332622289658,0.9813359379768372,0.8085554242134094
YHR108W,YMR237W,0,-0.14899981,0.11013118922710419,0.9813359379768372,0.8086555600166321
YNR020C,YBL066C,0,-0.14923713,0.1101190447807312,0.9813359379768372,0.8087557554244995
YER118C,YBR135W,0,-0.14932448,0.11010690778493881,0.9813359379768372,0.8088559508323669
YOR181W,YGR116W,0,-0.14966786,0.11009477823972702,0.9813359379768372,0.8089561462402344
YGL144C,YBR301W,0,-0.14992535,0.11008264124393463,0.9813359379768372,0.809056282043457
YDR201W,YPL091W,0,-0.15007433,0.11007051914930344,0.9813359379768372,0.8091564774513245
YNL188W,YLR060W,0,-0.15050566,0.11005838960409164,0.9813359379768372,0.8092566728591919
YAL042W,YDL076C,0,-0.15122822,0.11004626750946045,0.9813359379768372,0.8093568682670593
YDL235C,YIR033W,0,-0.15132698,0.11003414541482925,0.9813359379768372,0.809457004070282
YDR326C,YMR152W,0,-0.15188694,0.11002202332019806,0.9813359379768372,0.8095571994781494
YNL209W,YPR067W,0,-0.15216163,0.11000990867614746,0.9813359379768372,0.8096573948860168
YDR293C,YHR027C,0,-0.1527785,0.10999780148267746,0.9813359379768372,0.8097575902938843
YEL017C-A,YHR098C,0,-0.15278316,0.10998568683862686,0.9813359379768372,0.8098577260971069
YGL231C,YMR074C,0,-0.15310925,0.10997357964515686,0.9813359379768372,0.8099579215049744
YIL039W,YIL018W,0,-0.15319228,0.10996147245168686,0.9813359379768372,0.8100581169128418
YPL242C,YOR271C,0,-0.15354943,0.10994937270879745,0.9813359379768372,0.8101583123207092
YBR158W,YML077W,0,-0.15373078,0.10993727296590805,0.9813359379768372,0.8102584481239319
YBR229C,YBL051C,0,-0.15396422,0.10992517322301865,0.9813359379768372,0.8103586435317993
YBL057C,YER026C,0,-0.15419436,0.10991308093070984,0.9813359379768372,0.8104588389396667
YOL123W,YEL064C,0,-0.15427506,0.10990098863840103,0.9813359379768372,0.8105590343475342
YAL059W,YDL093W,0,-0.15500677,0.10988890379667282,0.9813359379768372,0.8106591701507568
YOL069W,YNL199C,0,-0.15686461,0.10987681150436401,0.9813359379768372,0.8107593655586243
YBL054W,YLR003C,0,-0.15723485,0.1098647341132164,0.9813359379768372,0.8108595609664917
YBR283C,YMR188C,0,-0.1580261,0.10985264927148819,0.9813359379768372,0.8109597563743591
YGR090W,YNL213C,0,-0.15938017,0.10984057188034058,0.9813359379768372,0.8110598921775818
YJL129C,YKL079W,0,-0.15975061,0.10982849448919296,0.9813359379768372,0.8111600875854492
YNL308C,YLR052W,0,-0.15992856,0.10981642454862595,0.9813359379768372,0.8112602829933167
YDL191W,YHR037W,0,-0.15996653,0.10980435460805893,0.9813359379768372,0.8113604784011841
YBR085W,YGR262C,0,-0.16015548,0.10979228466749191,0.9813359379768372,0.8114606142044067
YBR091C,YPR103W,0,-0.16029939,0.1097802221775055,0.9813359379768372,0.8115608096122742
YER177W,YHR102W,0,-0.1609827,0.10976815968751907,0.9813359379768372,0.8116610050201416
YMR022W,YMR233W,0,-0.16098797,0.10975609719753265,0.9813359379768372,0.8117611408233643
YER081W,YBL002W,0,-0.16160762,0.10974404215812683,0.9813359379768372,0.8118613362312317
YDL065C,YGL147C,0,-0.16176343,0.10973198711872101,0.9813359379768372,0.8119615316390991
YGR013W,YHR143W,0,-0.16198614,0.10971993207931519,0.9813359379768372,0.8120617270469666
YOL088C,YGL121C,0,-0.1622158,0.10970788449048996,0.9813359379768372,0.8121618628501892
YPL091W,YGL232W,0,-0.16227588,0.10969583690166473,0.9813359379768372,0.8122620582580566
YDR438W,YKL195W,0,-0.16256422,0.1096837967634201,0.9813359379768372,0.8123622536659241
YBR109C,YLR215C,0,-0.1626494,0.10967175662517548,0.9813359379768372,0.8124624490737915
YNR022C,YBR041W,0,-0.16276827,0.10965971648693085,0.9813359379768372,0.8125625848770142
YDL189W,YDR180W,0,-0.16297674,0.10964767634868622,0.9813359379768372,0.8126627802848816
YPL156C,YCR038C,0,-0.16299725,0.10963564366102219,0.9813359379768372,0.812762975692749
YCR077C,YDR142C,0,-0.1632865,0.10962361097335815,0.9813359379768372,0.8128631711006165
YDR503C,YBR241C,0,-0.1642476,0.10961158573627472,0.9813359379768372,0.8129633069038391
YLR093C,YKR037C,0,-0.16502774,0.10959956049919128,0.9813359379768372,0.8130635023117065
YJL190C,YIL124W,0,-0.16522479,0.10958753526210785,0.9813359379768372,0.813163697719574
YER131W,YDR291W,0,-0.16562659,0.10957551747560501,0.9813359379768372,0.8132638931274414
YMR109W,YBR253W,0,-0.16591036,0.10956349968910217,0.9813359379768372,0.8133640289306641
YMR236W,YPL060W,0,-0.16591832,0.10955148935317993,0.9813359379768372,0.8134642243385315
YFR041C,YFR009W,0,-0.16600356,0.1095394715666771,0.9813359379768372,0.8135644197463989
YPL032C,YFL037W,0,-0.16601026,0.10952746123075485,0.9813359379768372,0.8136646151542664
YJL072C,YDR313C,0,-0.16657954,0.10951545834541321,0.9813359379768372,0.813764750957489
YAR008W,YEL042W,0,-0.16674456,0.10950345546007156,0.9813359379768372,0.8138649463653564
YJR105W,YIL138C,0,-0.16674489,0.10949145257472992,0.9813359379768372,0.8139651417732239
YIR036C,YKL163W,0,-0.16698027,0.10947944968938828,0.9813359379768372,0.8140653371810913
YLR439W,YLR388W,0,-0.16739047,0.10946745425462723,0.9813359379768372,0.814165472984314
YDL159W,YBR135W,0,-0.16744903,0.10945545881986618,0.9813359379768372,0.8142656683921814
YNL213C,YNL275W,0,-0.1678313,0.10944347083568573,0.9813359379768372,0.8143658638000488
YJL156C,YML116W,0,-0.16795653,0.10943148285150528,0.9813359379768372,0.8144660592079163
YDR298C,YJR145C,0,-0.16825503,0.10941949486732483,0.9813359379768372,0.8145661950111389
YDR056C,YBR004C,0,-0.16834724,0.10940751433372498,0.9813359379768372,0.8146663904190063
YHL019C,YBL025W,0,-0.16860321,0.10939553380012512,0.9813359379768372,0.8147665858268738
YER007C-A,YGR261C,0,-0.16862065,0.10938355326652527,0.9813359379768372,0.8148667812347412
YHR037W,YBR158W,0,-0.1687086,0.10937158018350601,0.9813359379768372,0.8149669170379639
YGR047C,YKL087C,0,-0.16881588,0.10935960710048676,0.9813359379768372,0.8150671124458313
YOR022C,YIL099W,0,-0.16892627,0.1093476340174675,0.9813359379768372,0.8151673078536987
YBR264C,YFL037W,0,-0.16943192,0.10933566838502884,0.9813359379768372,0.8152675032615662
YLR272C,YGR029W,0,-0.16982993,0.10932370275259018,0.9813359379768372,0.8153676390647888
YJR093C,YMR139W,0,-0.17012915,0.10931174457073212,0.9813359379768372,0.8154678344726562
YDR341C,YJR088C,0,-0.17055461,0.10929977893829346,0.9813359379768372,0.8155680298805237
YGL085W,YMR161W,0,-0.1708802,0.1092878207564354,0.9813359379768372,0.8156682252883911
YPR018W,YER141W,0,-0.17110825,0.10927587002515793,0.9813359379768372,0.8157683610916138
YJL189W,YIL118W,0,-0.1713405,0.10926391929388046,0.9813359379768372,0.8158685564994812
YCR003W,YPL164C,0,-0.17180309,0.109251968562603,0.9813359379768372,0.8159687519073486
YER119C,YIL106W,0,-0.1720959,0.10924002528190613,0.9813359379768372,0.8160689473152161
YBR087W,YML127W,0,-0.17327663,0.10922807455062866,0.9813359379768372,0.8161690831184387
YGL157W,YAL044C,0,-0.17337799,0.10921613872051239,0.9813359379768372,0.8162692785263062
YDR046C,YOR019W,0,-0.17348772,0.10920419543981552,0.9813359379768372,0.8163694739341736
YOR227W,YPL120W,0,-0.17370206,0.10919225960969925,0.9813359379768372,0.816469669342041
YDL017W,YJL096W,0,-0.17370445,0.10918033123016357,0.9813359379768372,0.8165698051452637
YBR110W,YHR104W,0,-0.17391449,0.1091683954000473,0.9813359379768372,0.8166700005531311
YGL031C,YPL049C,0,-0.17451,0.10915646702051163,0.9813359379768372,0.8167701959609985
YOR326W,YHL013C,0,-0.17493892,0.10914454609155655,0.9813359379768372,0.816870391368866
YDR435C,YEL016C,0,-0.1750761,0.10913261771202087,0.9813359379768372,0.8169705271720886
YDR214W,YDR242W,0,-0.17530441,0.1091206967830658,0.9813359379768372,0.817070722579956
YMR235C,YHR201C,0,-0.17545289,0.10910878330469131,0.9813359379768372,0.8171709179878235
YMR152W,YPL105C,0,-0.17550325,0.10909686237573624,0.9813359379768372,0.8172711133956909
YDR528W,YIL072W,0,-0.17555809,0.10908495634794235,0.9813359379768372,0.8173712491989136
YHR205W,YGR275W,0,-0.1756013,0.10907304286956787,0.9813359379768372,0.817471444606781
YDR128W,YDR316W,0,-0.17577082,0.10906113684177399,0.9813359379768372,0.8175716400146484
YPL047W,YLR001C,0,-0.17578226,0.1090492308139801,0.9813359379768372,0.8176718354225159
YDR078C,YOR354C,1,-0.17584601,0.10914647579193115,0.9823182821273804,0.8176718354225159
YGL087C,YBL047C,0,-0.17636675,0.10913456231355667,0.9823182821273804,0.8177719712257385
YBR229C,YIL007C,0,-0.1768398,0.10912265628576279,0.9823182821273804,0.817872166633606
YNL308C,YFR044C,0,-0.1768857,0.1091107502579689,0.9823182821273804,0.8179723620414734
YJL036W,YPL123C,0,-0.17705846,0.10909884423017502,0.9823182821273804,0.8180725574493408
YFR049W,YBR189W,0,-0.17738235,0.10908694565296173,0.9823182821273804,0.8181726932525635
YJR132W,YBR268W,0,-0.17783952,0.10907504707574844,0.9823182821273804,0.8182728886604309
YAL005C,YGL095C,0,-0.17874587,0.10906314849853516,0.9823182821273804,0.8183730840682983
YDL166C,YLR058C,0,-0.17875576,0.10905125737190247,0.9823182821273804,0.8184732794761658
YPL037C,YHR098C,0,-0.17882696,0.10903936624526978,0.9823182821273804,0.8185734152793884
YFR041C,YPR155C,0,-0.1789149,0.10902747511863708,0.9823182821273804,0.8186736106872559
YER173W,YLR427W,0,-0.17943692,0.10901559144258499,0.9823182821273804,0.8187738060951233
YNL244C,YOL031C,0,-0.17990097,0.1090037077665329,0.9823182821273804,0.8188740015029907
YNL111C,YGR181W,0,-0.18010244,0.1089918240904808,0.9823182821273804,0.8189741373062134
YDR246W,YMR226C,0,-0.18019524,0.10897994786500931,0.9823182821273804,0.8190743327140808
YER093C,YMR197C,0,-0.18043154,0.10896807163953781,0.9823182821273804,0.8191745281219482
YMR092C,YJL102W,0,-0.18049368,0.10895620286464691,0.9823182821273804,0.8192747235298157
YNL181W,YBR203W,0,-0.18076956,0.10894432663917542,0.9823182821273804,0.8193748593330383
YER112W,YER086W,0,-0.18080088,0.10893246531486511,0.9823182821273804,0.8194750547409058
YKL026C,YLR426W,0,-0.18133575,0.10892059653997421,0.9823182821273804,0.8195752501487732
YBR065C,YNL066W,0,-0.18210214,0.10890873521566391,0.9823182821273804,0.8196753859519958
YHR018C,YLR361C,0,-0.18216667,0.10889687389135361,0.9823182821273804,0.8197755813598633
YML062C,YNL088W,1,-0.18226051,0.10899390280246735,0.9833005666732788,0.8197755813598633
YML013W,YGL207W,0,-0.18274066,0.10898203402757645,0.9833005666732788,0.8198757767677307
YOL120C,YBR265W,0,-0.18307352,0.10897017270326614,0.9833005666732788,0.8199759721755981
YKL188C,YIL122W,0,-0.18341845,0.10895831137895584,0.9833005666732788,0.8200761079788208
YJR035W,YFL005W,0,-0.18377626,0.10894645005464554,0.9833005666732788,0.8201763033866882
YER015W,YNL216W,0,-0.18441242,0.10893459618091583,0.9833005666732788,0.8202764987945557
YKL134C,YLR136C,0,-0.18461561,0.10892274230718613,0.9833005666732788,0.8203766942024231
YHR207C,YDR375C,0,-0.18509614,0.10891088843345642,0.9833005666732788,0.8204768300056458
YJL165C,YOR181W,0,-0.18524018,0.10889904201030731,0.9833005666732788,0.8205770254135132
YOR217W,YML077W,0,-0.18535525,0.1088871955871582,0.9833005666732788,0.8206772208213806
YLR075W,YKL137W,0,-0.18541119,0.10887535661458969,0.9833005666732788,0.820777416229248
YGR263C,YDR395W,0,-0.18569705,0.10886351019144058,0.9833005666732788,0.8208775520324707
YKL197C,YDR237W,0,-0.18626207,0.10885167121887207,0.9833005666732788,0.8209777474403381
YOR116C,YDR347W,0,-0.1862801,0.10883983969688416,0.9833005666732788,0.8210779428482056
YML005W,YOR018W,0,-0.18648484,0.10882800817489624,0.9833005666732788,0.821178138256073
YOR259C,YPL176C,0,-0.18680868,0.10881617665290833,0.9833005666732788,0.8212782740592957
YGL173C,YAL003W,0,-0.18698645,0.10880434513092041,0.9833005666732788,0.8213784694671631
YPR021C,YPL225W,0,-0.18709525,0.10879252105951309,0.9833005666732788,0.8214786648750305
YHR034C,YOL039W,0,-0.1877276,0.10878069698810577,0.9833005666732788,0.821578860282898
YLL014W,YLL028W,0,-0.18814886,0.10876888036727905,0.9833005666732788,0.8216789960861206
YJR068W,YIL015W,0,-0.18839404,0.10875706374645233,0.9833005666732788,0.821779191493988
YHR044C,YGR207C,0,-0.18895018,0.10874524712562561,0.9833005666732788,0.8218793869018555
YJR123W,YDL098C,0,-0.18898836,0.10873343795537949,0.9833005666732788,0.8219795823097229
YPR134W,YBL101C,0,-0.18923742,0.10872162133455276,0.9833005666732788,0.8220797181129456
YNL169C,YMR042W,0,-0.18940914,0.10870981961488724,0.9833005666732788,0.822179913520813
YPR132W,YIL127C,0,-0.19036087,0.10869801044464111,0.9833005666732788,0.8222801089286804
YNL136W,YAL020C,0,-0.19050395,0.10868620872497559,0.9833005666732788,0.8223803043365479
YOR188W,YDR339C,0,-0.19053411,0.10867441445589066,0.9833005666732788,0.8224804401397705
YOR367W,YBR149W,0,-0.19098419,0.10866261273622513,0.9833005666732788,0.8225806355476379
YDR330W,YMR225C,0,-0.19139633,0.1086508184671402,0.9833005666732788,0.8226808309555054
YDR438W,YOR221C,0,-0.19194409,0.10863902419805527,0.9833005666732788,0.8227810263633728
YDR210W,YNL038W,0,-0.19202459,0.10862723737955093,0.9833005666732788,0.8228811621665955
YGR263C,YGR040W,0,-0.19227067,0.1086154505610466,0.9833005666732788,0.8229813575744629
YBL038W,YDR376W,0,-0.1926778,0.10860366374254227,0.9833005666732788,0.8230815529823303
YNL137C,YGL039W,0,-0.19317451,0.10859188437461853,0.9833005666732788,0.8231817483901978
YGL085W,YHR117W,0,-0.19321239,0.1085801050066948,0.9833005666732788,0.8232818841934204
YDL168W,YBR114W,0,-0.19337457,0.10856833308935165,0.9833005666732788,0.8233820796012878
YBR101C,YCR053W,0,-0.1933834,0.10855655372142792,0.9833005666732788,0.8234822750091553
YDR001C,YDR406W,0,-0.19385248,0.10854478180408478,0.9833005666732788,0.8235824704170227
YEL020C,YER164W,0,-0.1940324,0.10853301733732224,0.9833005666732788,0.8236826062202454
YFR005C,YKL160W,0,-0.19460648,0.1085212454199791,0.9833005666732788,0.8237828016281128
YGL020C,YGL023C,0,-0.19528547,0.10850948840379715,0.9833005666732788,0.8238829970359802
YHR147C,YPL148C,0,-0.1956628,0.1084977239370346,0.9833005666732788,0.8239831924438477
YML095C,YKR007W,0,-0.1956808,0.10848596692085266,0.9833005666732788,0.8240833282470703
YCL011C,YOL115W,0,-0.1960536,0.10847420990467072,0.9833005666732788,0.8241835236549377
YNL156C,YOR192C,0,-0.19628364,0.10846245288848877,0.9833005666732788,0.8242837190628052
YIL090W,YFL022C,0,-0.1964204,0.10845070332288742,0.9833005666732788,0.8243839144706726
YOL092W,YPL207W,0,-0.19643533,0.10843895375728607,0.9833005666732788,0.8244840502738953
YHL019C,YBR302C,0,-0.19653949,0.10842721164226532,0.9833005666732788,0.8245842456817627
YNR049C,YGL065C,0,-0.1967248,0.10841546952724457,0.9833005666732788,0.8246844410896301
YNL063W,YGR135W,0,-0.19684193,0.10840372741222382,0.9833005666732788,0.8247846364974976
YLR134W,YDL005C,0,-0.19696897,0.10839198529720306,0.9833005666732788,0.8248847723007202
YMR282C,YLR406C,0,-0.19772464,0.10838025063276291,0.9833005666732788,0.8249849677085876
YOR132W,YDR200C,0,-0.19906285,0.10836851596832275,0.9833005666732788,0.8250851631164551
YCL051W,YJR096W,0,-0.19913882,0.1083567887544632,0.9833005666732788,0.8251853585243225
YOR380W,YMR287C,0,-0.19922572,0.10834506154060364,0.9833005666732788,0.8252854943275452
YDR078C,YDL185W,1,-0.19932115,0.108441561460495,0.984282910823822,0.8252854943275452
YBL056W,YER014W,0,-0.20053029,0.10842982679605484,0.984282910823822,0.8253856897354126
YOR132W,YIR023W,0,-0.20137885,0.10841809213161469,0.984282910823822,0.82548588514328
YKL060C,YML107C,0,-0.20178977,0.10840636491775513,0.984282910823822,0.8255860805511475
YDR424C,YBR175W,0,-0.20255014,0.10839463770389557,0.984282910823822,0.8256862163543701
YGL073W,YDR019C,0,-0.2035973,0.10838291049003601,0.984282910823822,0.8257864117622375
YFL008W,YOR361C,0,-0.20383978,0.10837119072675705,0.984282910823822,0.825886607170105
YGL100W,YNL053W,0,-0.20450273,0.10835947096347809,0.984282910823822,0.8259868025779724
YGR203W,YIL075C,0,-0.20507514,0.10834775120019913,0.984282910823822,0.8260869383811951
YGL207W,YGR162W,0,-0.20541656,0.10833603888750076,0.984282910823822,0.8261871337890625
YDR239C,YFR055W,0,-0.20594889,0.1083243265748024,0.984282910823822,0.8262873291969299
YLR188W,YNL025C,0,-0.20658875,0.10831261426210403,0.984282910823822,0.8263875246047974
YGR124W,YDR331W,0,-0.2067486,0.10830090939998627,0.984282910823822,0.82648766040802
YDR486C,YER014W,0,-0.20688826,0.1082892045378685,0.984282910823822,0.8265878558158875
YOR337W,YMR190C,0,-0.20745456,0.10827749967575073,0.984282910823822,0.8266880512237549
YJR068W,YLR256W,0,-0.20836818,0.10826580226421356,0.984282910823822,0.8267882466316223
YPL047W,YDR469W,0,-0.20884633,0.10825410485267639,0.984282910823822,0.826888382434845
YCL001W,YOR079C,0,-0.20902795,0.10824240744113922,0.984282910823822,0.8269885778427124
YGR220C,YIL027C,0,-0.20922056,0.10823071748018265,0.984282910823822,0.8270887732505798
YOR334W,YNL191W,0,-0.20939463,0.10821902751922607,0.984282910823822,0.8271889686584473
YJL089W,YML070W,0,-0.20946446,0.1082073450088501,0.984282910823822,0.8272891044616699
YLR058C,YLR233C,0,-0.20985833,0.10819566249847412,0.984282910823822,0.8273892998695374
YNR061C,YJR110W,0,-0.21004689,0.10818397998809814,0.984282910823822,0.8274894952774048
YDR074W,YOR115C,0,-0.21013063,0.10817229747772217,0.984282910823822,0.8275896906852722
YLR120C,YKR007W,0,-0.21156222,0.10816062241792679,0.984282910823822,0.8276898264884949
YOR115C,YDR002W,0,-0.2132324,0.10814894735813141,0.984282910823822,0.8277900218963623
YDL046W,YHL025W,0,-0.21342272,0.10813727974891663,0.984282910823822,0.8278902173042297
YBR110W,YOR070C,0,-0.2138029,0.10812560468912125,0.984282910823822,0.8279903531074524
YNL185C,YMR260C,0,-0.21421313,0.10811393707990646,0.984282910823822,0.8280905485153198
YBR258C,YBR302C,0,-0.21458456,0.10810227692127228,0.984282910823822,0.8281907439231873
YGR086C,YDR019C,0,-0.21475512,0.10809061676263809,0.984282910823822,0.8282909393310547
YBL020W,YDR291W,0,-0.21538004,0.1080789566040039,0.984282910823822,0.8283910751342773
YDL008W,YBR073W,0,-0.21548077,0.10806729644536972,0.984282910823822,0.8284912705421448
YLR427W,YHR046C,0,-0.2156046,0.10805564373731613,0.984282910823822,0.8285914659500122
YCR077C,YEL034W,0,-0.21588379,0.10804399102926254,0.984282910823822,0.8286916613578796
YDL201W,YLR259C,0,-0.21643251,0.10803234577178955,0.984282910823822,0.8287917971611023
YMR230W,YLR288C,0,-0.21644795,0.10802070051431656,0.984282910823822,0.8288919925689697
YDR006C,YER170W,0,-0.21705887,0.10800905525684357,0.984282910823822,0.8289921879768372
YFR051C,YOR236W,0,-0.21727863,0.10799740999937057,0.984282910823822,0.8290923833847046
YJR126C,YNL316C,0,-0.21788758,0.10798577219247818,0.984282910823822,0.8291925191879272
YHR143W,YLR096W,0,-0.21793777,0.10797413438558578,0.984282910823822,0.8292927145957947
YMR092C,YMR188C,0,-0.21825859,0.10796250402927399,0.984282910823822,0.8293929100036621
YGL073W,YBR214W,0,-0.21876752,0.10795087367296219,0.984282910823822,0.8294931054115295
YJL044C,YNL069C,0,-0.21892357,0.10793924331665039,0.984282910823822,0.8295932412147522
YOR158W,YLR181C,0,-0.2189945,0.10792762041091919,0.984282910823822,0.8296934366226196
YLR077W,YOR150W,0,-0.2194221,0.10791599005460739,0.984282910823822,0.8297936320304871
YDL135C,YGR108W,0,-0.21945566,0.10790437459945679,0.984282910823822,0.8298938274383545
YCR033W,YMR121C,0,-0.21962804,0.10789275169372559,0.984282910823822,0.8299939632415771
YGR099W,YML038C,0,-0.2199088,0.10788113623857498,0.984282910823822,0.8300941586494446
YLR263W,YOR131C,0,-0.22058126,0.10786952078342438,0.984282910823822,0.830194354057312
YGR220C,YDR069C,0,-0.22061238,0.10785791277885437,0.984282910823822,0.8302945494651794
YMR130W,YOR221C,0,-0.22088969,0.10784630477428436,0.984282910823822,0.8303946852684021
YGL054C,YML058W,0,-0.22116637,0.10783469676971436,0.984282910823822,0.8304948806762695
YDR519W,YDL153C,0,-0.22173432,0.10782309621572495,0.984282910823822,0.830595076084137
YDR528W,YJL125C,0,-0.22211176,0.10781148821115494,0.984282910823822,0.8306952714920044
YBR280C,YIL062C,0,-0.2221272,0.10779989510774612,0.984282910823822,0.830795407295227
YLR367W,YCL059C,0,-0.22273001,0.10778829455375671,0.984282910823822,0.8308956027030945
YBR227C,YML009C,0,-0.2232388,0.1077767014503479,0.984282910823822,0.8309957981109619
YDL155W,YLR147C,0,-0.22333589,0.10776510834693909,0.984282910823822,0.8310959935188293
YOR374W,YHL044W,0,-0.22333968,0.10775352269411087,0.984282910823822,0.831196129322052
YML021C,YML031W,0,-0.2235825,0.10774193704128265,0.984282910823822,0.8312963247299194
YGR101W,YFR004W,0,-0.22382197,0.10773035138845444,0.984282910823822,0.8313965201377869
YML086C,YML046W,0,-0.22511002,0.10771877318620682,0.984282910823822,0.8314967155456543
YPL241C,YDR462W,0,-0.22521806,0.1077071875333786,0.984282910823822,0.831596851348877
YHR128W,YDR358W,0,-0.22530621,0.10769561678171158,0.984282910823822,0.8316970467567444
YGR184C,YBR166C,0,-0.22575563,0.10768403857946396,0.984282910823822,0.8317972421646118
YOR322C,YDR363W,0,-0.22599623,0.10767246782779694,0.984282910823822,0.8318974375724792
YOR130C,YLL024C,0,-0.22686273,0.10766089707612991,0.984282910823822,0.8319975733757019
YJL116C,YBR054W,0,-0.22707894,0.10764933377504349,0.984282910823822,0.8320977687835693
YHR172W,YLR132C,0,-0.22712642,0.10763777047395706,0.984282910823822,0.8321979641914368
YKL157W,YBR166C,0,-0.22725984,0.10762620717287064,0.984282910823822,0.8322981595993042
YNL142W,YDR246W,0,-0.2274166,0.10761465132236481,0.984282910823822,0.8323982954025269
YDL119C,YOR167C,0,-0.22745991,0.10760309547185898,0.984282910823822,0.8324984908103943
YGR279C,YIR004W,0,-0.22770372,0.10759153962135315,0.984282910823822,0.8325986862182617
YCL050C,YLL053C,0,-0.22775978,0.10757998377084732,0.984282910823822,0.8326988816261292
YIL056W,YGL096W,0,-0.22777733,0.10756843537092209,0.984282910823822,0.8327990174293518
YJL036W,YIL155C,0,-0.22788185,0.10755689442157745,0.984282910823822,0.8328992128372192
YPL183C,YDR155C,0,-0.22840434,0.10754534602165222,0.984282910823822,0.8329994082450867
YLR449W,YFR038W,0,-0.22861734,0.10753380507230759,0.984282910823822,0.8330996036529541
YER073W,YGR083C,0,-0.22877327,0.10752226412296295,0.984282910823822,0.8331997394561768
YMR036C,YBR149W,0,-0.22885439,0.10751073062419891,0.984282910823822,0.8332999348640442
YJR118C,YGR178C,0,-0.22896546,0.10749919712543488,0.984282910823822,0.8334001302719116
YDR377W,YDL005C,0,-0.22959253,0.10748766362667084,0.984282910823822,0.833500325679779
YPL085W,YDR028C,0,-0.22960377,0.1074761375784874,0.984282910823822,0.8336004614830017
YDR394W,YGL189C,0,-0.22975898,0.10746460407972336,0.984282910823822,0.8337006568908691
YLR102C,YPR032W,0,-0.22977719,0.10745308548212051,0.984282910823822,0.8338008522987366
YMR022W,YHL031C,0,-0.23052645,0.10744155943393707,0.984282910823822,0.833901047706604
YMR110C,YIR028W,0,-0.23083615,0.10743004083633423,0.984282910823822,0.8340011835098267
YGL031C,YPR108W,0,-0.23112082,0.10741852223873138,0.984282910823822,0.8341013789176941
YCL017C,YPL048W,0,-0.23169708,0.10740701109170914,0.984282910823822,0.8342015743255615
YNL216W,YHR158C,0,-0.23172227,0.10739549994468689,0.984282910823822,0.834301769733429
YCR079W,YPL060W,0,-0.23188704,0.10738398879766464,0.984282910823822,0.8344019055366516
YGR284C,YFR016C,0,-0.23201677,0.10737248510122299,0.984282910823822,0.834502100944519
YJR015W,YOR347C,0,-0.23220488,0.10736097395420074,0.984282910823822,0.8346022963523865
YJL072C,YML096W,0,-0.23315012,0.10734947770833969,0.984282910823822,0.8347024917602539
YLR035C,YDR477W,0,-0.23318663,0.10733797401189804,0.984282910823822,0.8348026275634766
YBL037W,YHR161C,0,-0.23328197,0.10732647776603699,0.984282910823822,0.834902822971344
YMR139W,YCR037C,0,-0.23477507,0.10731498152017593,0.984282910823822,0.8350030183792114
YNL098C,YPL148C,0,-0.23577121,0.10730349272489548,0.984282910823822,0.8351032137870789
YHR171W,YML009C,0,-0.23606002,0.10729200392961502,0.984282910823822,0.8352033495903015
YMR312W,YCR053W,0,-0.23654673,0.10728051513433456,0.984282910823822,0.835303544998169
YMR086W,YLR133W,0,-0.23703238,0.10726902633905411,0.984282910823822,0.8354037404060364
YGR090W,YKR060W,0,-0.23798764,0.10725754499435425,0.984282910823822,0.8355039358139038
YNL069C,YML016C,0,-0.2383177,0.10724606364965439,0.984282910823822,0.8356040716171265
YKL145W,YDR169C,0,-0.23885095,0.10723458975553513,0.984282910823822,0.8357042670249939
YOR063W,YML078W,0,-0.23904318,0.10722311586141586,0.984282910823822,0.8358044624328613
YJL151C,YIR002C,0,-0.2391679,0.1072116419672966,0.984282910823822,0.8359046578407288
YJR021C,YOR005C,1,-0.23932976,0.10730715841054916,0.9852652549743652,0.8359046578407288
YBL002W,YDL132W,0,-0.23967442,0.1072956770658493,0.9852652549743652,0.8360047936439514
YBR123C,YFR031C-A,0,-0.23989269,0.10728420317173004,0.9852652549743652,0.8361049890518188
YDR252W,YIL068C,0,-0.24017438,0.10727272927761078,0.9852652549743652,0.8362051844596863
YER131W,YMR041C,0,-0.2406232,0.10726125538349152,0.9852652549743652,0.8363053202629089
YKL065C,YLR095C,0,-0.24068847,0.10724978893995285,0.9852652549743652,0.8364055156707764
YJR002W,YDR134C,0,-0.2412138,0.10723832249641418,0.9852652549743652,0.8365057110786438
YKL137W,YLR089C,0,-0.24142563,0.10722685605287552,0.9852652549743652,0.8366059064865112
YHR201C,YBR236C,0,-0.24148378,0.10721538960933685,0.9852652549743652,0.8367060422897339
YGR284C,YDR435C,0,-0.24177295,0.10720393061637878,0.9852652549743652,0.8368062376976013
YLR120C,YMR289W,0,-0.24273875,0.10719247907400131,0.9852652549743652,0.8369064331054688
YHR128W,YER164W,0,-0.24286145,0.10718102008104324,0.9852652549743652,0.8370066285133362
YLR212C,YHR088W,0,-0.24321422,0.10716956853866577,0.9852652549743652,0.8371067643165588
YOR173W,YPL124W,0,-0.24345455,0.1071581169962883,0.9852652549743652,0.8372069597244263
YNL329C,YMR226C,0,-0.24350542,0.10714667290449142,0.9852652549743652,0.8373071551322937
YGR204W,YJL190C,0,-0.24383107,0.10713522881269455,0.9852652549743652,0.8374073505401611
YPL030W,YML046W,0,-0.24446955,0.10712378472089767,0.9852652549743652,0.8375074863433838
YJR044C,YGL005C,0,-0.24455783,0.1071123480796814,0.9852652549743652,0.8376076817512512
YDL130W,YOL148C,0,-0.24532336,0.10710090398788452,0.9852652549743652,0.8377078771591187
YHR196W,YIL115C,0,-0.24594149,0.10708947479724884,0.9852652549743652,0.8378080725669861
YDL019C,YLR035C,0,-0.24597189,0.10707803815603256,0.9852652549743652,0.8379082083702087
YBL103C,YAL061W,0,-0.24603495,0.10706660896539688,0.9852652549743652,0.8380084037780762
YKL051W,YOR076C,0,-0.2463364,0.1070551797747612,0.9852652549743652,0.8381085991859436
YGL253W,YER146W,0,-0.24660921,0.10704375803470612,0.9852652549743652,0.838208794593811
YOL110W,YPR047W,0,-0.24681166,0.10703233629465103,0.9852652549743652,0.8383089303970337
YIL039W,YGL253W,0,-0.24703366,0.10702091455459595,0.9852652549743652,0.8384091258049011
YOR326W,YBL030C,0,-0.2472536,0.10700949281454086,0.9852652549743652,0.8385093212127686
YDL067C,YBR048W,0,-0.24749184,0.10699807852506638,0.9852652549743652,0.838609516620636
YMR135C,YGR048W,0,-0.24753135,0.10698666423559189,0.9852652549743652,0.8387096524238586
YKR065C,YHL040C,0,-0.24786252,0.106975257396698,0.9852652549743652,0.8388098478317261
YOR288C,YDR348C,0,-0.24808216,0.10696385055780411,0.9852652549743652,0.8389100432395935
YPR018W,YLR005W,1,-0.24812424,0.10705907642841339,0.9862475395202637,0.8389100432395935
YDR098C,YHR114W,0,-0.2482163,0.1070476621389389,0.9862475395202637,0.8390102386474609
YFR007W,YER142C,0,-0.24850905,0.10703624784946442,0.9862475395202637,0.8391103744506836
YNR043W,YMR216C,0,-0.24855,0.10702484101057053,0.9862475395202637,0.839210569858551
YNL152W,YOR079C,0,-0.24865848,0.10701342672109604,0.9862475395202637,0.8393107652664185
YGL161C,YMR125W,0,-0.24890459,0.10700202733278275,0.9862475395202637,0.8394109606742859
YLL014W,YDR385W,0,-0.24959096,0.10699062049388885,0.9862475395202637,0.8395110964775085
YGL234W,YJL145W,0,-0.2498762,0.10697922110557556,0.9862475395202637,0.839611291885376
YDR006C,YGR040W,0,-0.2500221,0.10696782171726227,0.9862475395202637,0.8397114872932434
YBL051C,YPL118W,0,-0.25018266,0.10695642977952957,0.9862475395202637,0.8398116827011108
YPL020C,YCL040W,0,-0.25051892,0.10694503784179688,0.9862475395202637,0.8399118185043335
YDR145W,YKL112W,0,-0.25076723,0.10693364590406418,0.9862475395202637,0.8400120139122009
YDR507C,YLR237W,0,-0.25128004,0.10692226141691208,0.9862475395202637,0.8401122093200684
YNR051C,YOL125W,0,-0.25164503,0.10691086947917938,0.9862475395202637,0.8402124047279358
YML013W,YGL150C,0,-0.251692,0.10689949244260788,0.9862475395202637,0.8403125405311584
YOR228C,YJR152W,0,-0.25228807,0.10688810795545578,0.9862475395202637,0.8404127359390259
YBR016W,YDR386W,0,-0.25247598,0.10687673091888428,0.9862475395202637,0.8405129313468933
YER095W,YNL133C,0,-0.2528208,0.10686535388231277,0.9862475395202637,0.8406131267547607
YDR044W,YAL003W,0,-0.25388813,0.10685397684574127,0.9862475395202637,0.8407132625579834
YOR189W,YDL126C,0,-0.2540697,0.10684260725975037,0.9862475395202637,0.8408134579658508
YMR183C,YBL046W,0,-0.25418586,0.10683123767375946,0.9862475395202637,0.8409136533737183
YOR197W,YGL250W,0,-0.25454003,0.10681987553834915,0.9862475395202637,0.8410138487815857
YOR247W,YMR074C,0,-0.25460833,0.10680851340293884,0.9862475395202637,0.8411139845848083
YEL009C,YOR001W,0,-0.25491655,0.10679715126752853,0.9862475395202637,0.8412141799926758
YGR278W,YNL036W,0,-0.2557936,0.10678578913211823,0.9862475395202637,0.8413143754005432
YGR028W,YGR170W,0,-0.25667244,0.10677443444728851,0.9862475395202637,0.8414145708084106
YMR318C,YOL094C,0,-0.25677434,0.1067630797624588,0.9862475395202637,0.8415147066116333
YOL049W,YKL155C,0,-0.25678605,0.10675172507762909,0.9862475395202637,0.8416149020195007
YOR011W,YIL033C,0,-0.2575137,0.10674037784337997,0.9862475395202637,0.8417150974273682
YBR003W,YEL004W,0,-0.25755692,0.10672903060913086,0.9862475395202637,0.8418152928352356
YPL031C,YER075C,0,-0.2578593,0.10671768337488174,0.9862475395202637,0.8419154286384583
YOR192C,YLR356W,0,-0.259515,0.10670634359121323,0.9862475395202637,0.8420156240463257
YOL149W,YLR221C,0,-0.26042345,0.10669500380754471,0.9862475395202637,0.8421158194541931
YPL254W,YPR005C,0,-0.26042348,0.10668367147445679,0.9862475395202637,0.8422160148620605
YJR088C,YKL129C,0,-0.26049978,0.10667233169078827,0.9862475395202637,0.8423161506652832
YGL234W,YMR058W,0,-0.26060086,0.10666099935770035,0.9862475395202637,0.8424163460731506
YGL156W,YKL134C,0,-0.26138896,0.10664966702461243,0.9862475395202637,0.8425165414810181
YIL030C,YNL035C,0,-0.26142812,0.1066383421421051,0.9862475395202637,0.8426167368888855
YNL124W,YHR181W,0,-0.2614661,0.10662701725959778,0.9862475395202637,0.8427168726921082
YGR120C,YHR193C,0,-0.26151666,0.10661569237709045,0.9862475395202637,0.8428170680999756
YPL270W,YBR227C,0,-0.2617186,0.10660437494516373,0.9862475395202637,0.842917263507843
YDL120W,YGR088W,0,-0.26179007,0.106593057513237,0.9862475395202637,0.8430174589157104
YJL089W,YOR125C,0,-0.26273173,0.10658174008131027,0.9862475395202637,0.8431175947189331
YLR034C,YDR057W,0,-0.26278746,0.10657043009996414,0.9862475395202637,0.8432177901268005
YCR024C-A,YLR410W,0,-0.26296344,0.10655912011861801,0.9862475395202637,0.843317985534668
YPR017C,YDR264C,0,-0.2629831,0.10654781013727188,0.9862475395202637,0.8434181809425354
YKL192C,YKL096W,0,-0.26341558,0.10653650015592575,0.9862475395202637,0.8435183167457581
YLR388W,YDL052C,0,-0.26413465,0.10652519762516022,0.9862475395202637,0.8436185121536255
YML061C,YBR279W,1,-0.26417658,0.10661998391151428,0.9872298836708069,0.8436185121536255
YDR051C,YHR116W,0,-0.2642354,0.10660867393016815,0.9872298836708069,0.8437187075614929
YNL310C,YGL054C,0,-0.2647574,0.10659737139940262,0.9872298836708069,0.8438189029693604
YER174C,YKL196C,0,-0.2654124,0.10658606141805649,0.9872298836708069,0.843919038772583
YGR174C,YGR253C,0,-0.2654862,0.10657475888729095,0.9872298836708069,0.8440192341804504
YLL001W,YGL087C,0,-0.26566914,0.10656346380710602,0.9872298836708069,0.8441194295883179
YNL059C,YJL069C,0,-0.2659185,0.10655216127634048,0.9872298836708069,0.8442196249961853
YLR239C,YOR246C,0,-0.2660354,0.10654086619615555,0.9872298836708069,0.844319760799408
YIL085C,YPL224C,0,-0.26618865,0.10652957111597061,0.9872298836708069,0.8444199562072754
YOR380W,YFR047C,0,-0.26678583,0.10651828348636627,0.9872298836708069,0.8445201516151428
YHR149C,YGL187C,0,-0.26711094,0.10650699585676193,0.9872298836708069,0.8446202874183655
YIL131C,YHR148W,0,-0.26719004,0.10649570822715759,0.9872298836708069,0.8447204828262329
YKR049C,YJR139C,0,-0.26881838,0.10648442804813385,0.9872298836708069,0.8448206782341003
YPR021C,YKL017C,0,-0.26919442,0.10647314041852951,0.9872298836708069,0.8449208736419678
YOR189W,YBR236C,0,-0.26931232,0.10646186769008636,0.9872298836708069,0.8450210094451904
YDR126W,YOR247W,0,-0.26938388,0.10645058751106262,0.9872298836708069,0.8451212048530579
YPL092W,YNL062C,0,-0.26954198,0.10643931478261948,0.9872298836708069,0.8452214002609253
YNL166C,YDR050C,0,-0.2709319,0.10642804205417633,0.9872298836708069,0.8453215956687927
YIL148W,YDL093W,0,-0.2710247,0.10641676932573318,0.9872298836708069,0.8454217314720154
YOL013C,YJL143W,0,-0.27154586,0.10640550404787064,0.9872298836708069,0.8455219268798828
YNL116W,YFL025C,0,-0.27157348,0.10639423877000809,0.9872298836708069,0.8456221222877502
YIL062C,YBR162W-A,0,-0.27168077,0.10638298094272614,0.9872298836708069,0.8457223176956177
YGR263C,YJL180C,0,-0.27169442,0.10637171566486359,0.9872298836708069,0.8458224534988403
YBR251W,YPL232W,0,-0.27199483,0.10636045783758163,0.9872298836708069,0.8459226489067078
YGR277C,YML026C,0,-0.2724729,0.10634920746088028,0.9872298836708069,0.8460228443145752
YKR081C,YPL137C,0,-0.2736491,0.10633795708417892,0.9872298836708069,0.8461230397224426
YDR166C,YGL157W,0,-0.27374464,0.10632670670747757,0.9872298836708069,0.8462231755256653
YBR056W,YNR026C,0,-0.27388787,0.10631545633077621,0.9872298836708069,0.8463233709335327
YCR065W,YER094C,0,-0.2741099,0.10630421340465546,0.9872298836708069,0.8464235663414001
YGL234W,YJR132W,0,-0.2744217,0.1062929630279541,0.9872298836708069,0.8465237617492676
YOR156C,YPL220W,0,-0.27473927,0.10628172755241394,0.9872298836708069,0.8466238975524902
YIL085C,YOR080W,0,-0.27512753,0.10627048462629318,0.9872298836708069,0.8467240929603577
YPL235W,YER069W,0,-0.27577597,0.10625924915075302,0.9872298836708069,0.8468242883682251
YBR084W,YLR044C,0,-0.27584672,0.10624802112579346,0.9872298836708069,0.8469244837760925
YJL165C,YPL010W,0,-0.2766395,0.1062367856502533,0.9872298836708069,0.8470246195793152
YKR029C,YKL150W,0,-0.27685142,0.10622555762529373,0.9872298836708069,0.8471248149871826
YGL020C,YEL004W,0,-0.27693918,0.10621432960033417,0.9872298836708069,0.84722501039505
YKR090W,YBR149W,0,-0.27814543,0.1062031090259552,0.9872298836708069,0.8473252058029175
YPL262W,YJR076C,0,-0.27847803,0.10619188845157623,0.9872298836708069,0.8474253416061401
YER143W,YOR205C,0,-0.278772,0.10618066787719727,0.9872298836708069,0.8475255370140076
YJL096W,YCR009C,0,-0.27980512,0.1061694473028183,0.9872298836708069,0.847625732421875
YLR142W,YDR127W,0,-0.2798814,0.10615823417901993,0.9872298836708069,0.8477259278297424
YDL181W,YOR172W,0,-0.28020376,0.10614702105522156,0.9872298836708069,0.8478260636329651
YOL127W,YDL195W,0,-0.28061527,0.10613580793142319,0.9872298836708069,0.8479262590408325
YDL056W,YKL148C,0,-0.28146365,0.10612460225820541,0.9872298836708069,0.8480264544487
YMR205C,YOR284W,0,-0.28364918,0.10611339658498764,0.9872298836708069,0.8481266498565674
YML115C,YLR342W,0,-0.28368998,0.10610219836235046,0.9872298836708069,0.84822678565979
YOR358W,YOR018W,0,-0.28514242,0.10609099268913269,0.9872298836708069,0.8483269810676575
YDL101C,YGR009C,0,-0.28522012,0.10607979446649551,0.9872298836708069,0.8484271764755249
YKL156W,YML075C,0,-0.2854826,0.10606860369443893,0.9872298836708069,0.8485273718833923
YEL011W,YOR065W,0,-0.28557292,0.10605740547180176,0.9872298836708069,0.848627507686615
YNL176C,YEL013W,0,-0.2856821,0.10604621469974518,0.9872298836708069,0.8487277030944824
YNL248C,YEL050C,0,-0.28569758,0.1060350313782692,0.9872298836708069,0.8488278985023499
YJR016C,YDR244W,0,-0.28637666,0.10602384060621262,0.9872298836708069,0.8489280939102173
YKL110C,YJL099W,0,-0.28641433,0.10601265728473663,0.9872298836708069,0.8490282297134399
YMR199W,YDL155W,0,-0.2872449,0.10600147396326065,0.9872298836708069,0.8491284251213074
YNL046W,YIL013C,0,-0.2875799,0.10599029809236526,0.9872298836708069,0.8492286205291748
YMR047C,YIL018W,0,-0.2877281,0.10597912222146988,0.9872298836708069,0.8493288159370422
YDL192W,YCR088W,0,-0.28862673,0.1059679463505745,0.9872298836708069,0.8494289517402649
YNL272C,YBL072C,0,-0.28872722,0.10595677047967911,0.9872298836708069,0.8495291471481323
YNL312W,YDL185W,1,-0.28884053,0.1060510203242302,0.9882121682167053,0.8495291471481323
YKL140W,YMR262W,0,-0.2891,0.10603984445333481,0.9882121682167053,0.8496293425559998
YGL013C,YKL025C,0,-0.28924608,0.10602866858243942,0.9882121682167053,0.8497295379638672
YPR073C,YER127W,0,-0.2893771,0.10601749271154404,0.9882121682167053,0.8498296737670898
YNL142W,YPL031C,0,-0.2894993,0.10600632429122925,0.9882121682167053,0.8499298691749573
YGL047W,YIL107C,0,-0.2896537,0.10599515587091446,0.9882121682167053,0.8500300645828247
YLR360W,YIL041W,0,-0.28985536,0.10598398745059967,0.9882121682167053,0.8501302599906921
YJL151C,YIL026C,0,-0.29036498,0.10597281903028488,0.9882121682167053,0.8502303957939148
YKR029C,YOR347C,0,-0.29048723,0.10596165806055069,0.9882121682167053,0.8503305912017822
YDL153C,YLL050C,0,-0.29070967,0.1059504970908165,0.9882121682167053,0.8504307866096497
YPR131C,YGR241C,0,-0.2911252,0.1059393435716629,0.9882121682167053,0.8505309820175171
YJL074C,YMR208W,0,-0.29151398,0.10592819005250931,0.9882121682167053,0.8506311178207397
YPL177C,YEL071W,0,-0.29218864,0.10591703653335571,0.9882121682167053,0.8507313132286072
YLR246W,YOL147C,0,-0.2922973,0.10590588301420212,0.9882121682167053,0.8508315086364746
YJL118W,YPL106C,0,-0.29247865,0.10589473694562912,0.9882121682167053,0.850931704044342
YJL041W,YAL012W,0,-0.293966,0.10588359087705612,0.9882121682167053,0.8510318398475647
YPR063C,YML018C,0,-0.29422984,0.10587244480848312,0.9882121682167053,0.8511320352554321
YFL026W,YNR038W,0,-0.29423216,0.10586130619049072,0.9882121682167053,0.8512322306632996
YOR332W,YGL099W,0,-0.294241,0.10585016757249832,0.9882121682167053,0.851332426071167
YKL141W,YJL121C,0,-0.29518196,0.10583902895450592,0.9882121682167053,0.8514325618743896
YER144C,YPR021C,0,-0.29522794,0.10582789778709412,0.9882121682167053,0.8515327572822571
YDR246W,YLR424W,0,-0.29565614,0.10581676661968231,0.9882121682167053,0.8516329526901245
YIL052C,YGL210W,0,-0.29607216,0.10580563545227051,0.9882121682167053,0.8517331480979919
YMR236W,YOR136W,0,-0.29630286,0.1057945117354393,0.9882121682167053,0.8518332839012146
YPL254W,YNL113W,0,-0.2966097,0.1057833880186081,0.9882121682167053,0.851933479309082
YGL025C,YDR122W,0,-0.2970168,0.10577226430177689,0.9882121682167053,0.8520336747169495
YDR342C,YNR061C,0,-0.29786968,0.10576114058494568,0.9882121682167053,0.8521338701248169
YOR090C,YJR046W,0,-0.29810262,0.10575002431869507,0.9882121682167053,0.8522340059280396
YOR075W,YER035W,0,-0.29814065,0.10573890805244446,0.9882121682167053,0.852334201335907
YIR007W,YGL061C,0,-0.29816833,0.10572779923677444,0.9882121682167053,0.8524343967437744
YOR272W,YOR247W,0,-0.2983164,0.10571669042110443,0.9882121682167053,0.8525345325469971
YNL130C,YEL002C,0,-0.29877234,0.10570558160543442,0.9882121682167053,0.8526347279548645
YPR199C,YKL141W,0,-0.2989931,0.1056944727897644,0.9882121682167053,0.8527349233627319
YIL125W,YOR069W,0,-0.29973114,0.10568337142467499,0.9882121682167053,0.8528351187705994
YLR138W,YIL027C,0,-0.29980642,0.10567227005958557,0.9882121682167053,0.852935254573822
YNL098C,YPR128C,0,-0.2999817,0.10566116869449615,0.9882121682167053,0.8530354499816895
YNL264C,YGL173C,0,-0.30015242,0.10565007477998734,0.9882121682167053,0.8531356453895569
YPL204W,YDR264C,0,-0.30078444,0.10563898086547852,0.9882121682167053,0.8532358407974243
YPL179W,YJR155W,0,-0.30282617,0.1056278869509697,0.9882121682167053,0.853335976600647
YHL020C,YKL025C,0,-0.3032847,0.10561680048704147,0.9882121682167053,0.8534361720085144
YDR224C,YKL099C,0,-0.3040975,0.10560571402311325,0.9882121682167053,0.8535363674163818
YDR028C,YJR046W,0,-0.30418408,0.10559462755918503,0.9882121682167053,0.8536365628242493
YLR138W,YGL142C,0,-0.3049435,0.1055835410952568,0.9882121682167053,0.8537366986274719
YMR201C,YEL058W,0,-0.30502522,0.10557246208190918,0.9882121682167053,0.8538368940353394
YJR025C,YKR061W,0,-0.305693,0.10556138306856155,0.9882121682167053,0.8539370894432068
YPL195W,YBR154C,0,-0.3059215,0.10555031150579453,0.9882121682167053,0.8540372848510742
YBR264C,YIL111W,0,-0.30603686,0.1055392399430275,0.9882121682167053,0.8541374206542969
YDL060W,YIL090W,0,-0.30641985,0.10552816838026047,0.9882121682167053,0.8542376160621643
YHR080C,YBR119W,0,-0.30644077,0.10551709681749344,0.9882121682167053,0.8543378114700317
YOR003W,YBL064C,0,-0.30726898,0.105506032705307,0.9882121682167053,0.8544380068778992
YGL198W,YNL199C,0,-0.307621,0.10549496859312057,0.9882121682167053,0.8545381426811218
YPL171C,YGL207W,0,-0.30775163,0.10548390448093414,0.9882121682167053,0.8546383380889893
YKL160W,YDR135C,0,-0.3081776,0.10547284781932831,0.9882121682167053,0.8547385334968567
YKR014C,YDL080C,0,-0.30820993,0.10546179115772247,0.9882121682167053,0.8548387289047241
YDL082W,YKR024C,0,-0.30830342,0.10545073449611664,0.9882121682167053,0.8549388647079468
YPR100W,YNR030W,0,-0.30849746,0.1054396778345108,0.9882121682167053,0.8550390601158142
YGL092W,YOL076W,0,-0.30870867,0.10542862862348557,0.9882121682167053,0.8551392555236816
YGL161C,YIL093C,0,-0.30883566,0.10541758686304092,0.9882121682167053,0.8552394509315491
YBR251W,YGL231C,0,-0.30899107,0.10540653765201569,0.9882121682167053,0.8553395867347717
YML129C,YGL232W,0,-0.30901316,0.10539549589157104,0.9882121682167053,0.8554397821426392
YKL008C,YNL055C,0,-0.30962077,0.1053844541311264,0.9882121682167053,0.8555399775505066
YAR042W,YBL040C,0,-0.30987525,0.10537341237068176,0.9882121682167053,0.855640172958374
YER131W,YIL090W,0,-0.31033173,0.10536237806081772,0.9882121682167053,0.8557403087615967
YPR057W,YOL033W,0,-0.31065086,0.10535134375095367,0.9882121682167053,0.8558405041694641
YNL257C,YLR362W,0,-0.31096303,0.10534031689167023,0.9882121682167053,0.8559406995773315
YKR025W,YCL054W,0,-0.31112063,0.10532928258180618,0.9882121682167053,0.856040894985199
YHL019C,YML121W,0,-0.31168234,0.10531825572252274,0.9882121682167053,0.8561410307884216
YDR279W,YBR049C,0,-0.3117172,0.10530723631381989,0.9882121682167053,0.8562412261962891
YHR028C,YAL056W,0,-0.31230295,0.10529620945453644,0.9882121682167053,0.8563414216041565
YGL016W,YHL013C,0,-0.31267756,0.10528519004583359,0.9882121682167053,0.8564416170120239
YDR265W,YHL032C,0,-0.31286418,0.10527417063713074,0.9882121682167053,0.8565417528152466
YMR215W,YDR316W,0,-0.31297278,0.10526315867900848,0.9882121682167053,0.856641948223114
YNL213C,YBR167C,0,-0.3130595,0.10525214672088623,0.9882121682167053,0.8567421436309814
YBR221C,YPR082C,0,-0.3130982,0.10524113476276398,0.9882121682167053,0.8568423390388489
YGL145W,YHR043C,0,-0.31358606,0.10523012280464172,0.9882121682167053,0.8569424748420715
YHR094C,YOL016C,0,-0.31363648,0.10521911829710007,0.9882121682167053,0.857042670249939
YJR033C,YDR252W,0,-0.314066,0.10520811378955841,0.9882121682167053,0.8571428656578064
YJL209W,YDR279W,0,-0.31461352,0.10519711673259735,0.9882121682167053,0.8572430610656738
YOR103C,YHR046C,0,-0.31527412,0.1051861122250557,0.9882121682167053,0.8573431968688965
YBR254C,YDR155C,0,-0.31544858,0.10517511516809464,0.9882121682167053,0.8574433922767639
YGL032C,YGR245C,0,-0.31651318,0.10516412556171417,0.9882121682167053,0.8575435876846313
YDR359C,YER176W,0,-0.31775928,0.10515312850475311,0.9882121682167053,0.8576437830924988
YDR189W,YML077W,0,-0.31800687,0.10514213889837265,0.9882121682167053,0.8577439188957214
YOR356W,YAL020C,0,-0.31807935,0.10513114929199219,0.9882121682167053,0.8578441143035889
YNL031C,YNR020C,0,-0.31985795,0.10512016713619232,0.9882121682167053,0.8579443097114563
YBL106C,YAL007C,0,-0.31995708,0.10510918498039246,0.9882121682167053,0.8580445051193237
YPL157W,YLR355C,0,-0.32023674,0.10509820282459259,0.9882121682167053,0.8581446409225464
YLR409C,YKL018W,0,-0.320634,0.10508722811937332,0.9882121682167053,0.8582448363304138
YNR008W,YMR290C,0,-0.32117462,0.10507624596357346,0.9882121682167053,0.8583450317382812
YML124C,YGL001C,0,-0.32179332,0.10506527125835419,0.9882121682167053,0.8584452271461487
YIL063C,YBR253W,0,-0.3221326,0.10505430400371552,0.9882121682167053,0.8585453629493713
YDR386W,YBL099W,0,-0.3230735,0.10504332929849625,0.9882121682167053,0.8586455583572388
YHR028C,YMR105C,0,-0.32477784,0.10503236949443817,0.9882121682167053,0.8587457537651062
YER072W,YBR142W,0,-0.3248539,0.1050214022397995,0.9882121682167053,0.8588459491729736
YCR088W,YNR052C,0,-0.32537138,0.10501043498516083,0.9882121682167053,0.8589460849761963
YLR398C,YPL256C,0,-0.32600617,0.10499947518110275,0.9882121682167053,0.8590462803840637
YEL051W,YLR193C,0,-0.32678843,0.10498852282762527,0.9882121682167053,0.8591464757919312
YML001W,YDL008W,0,-0.32688582,0.1049775630235672,0.9882121682167053,0.8592466711997986
YML126C,YDL243C,0,-0.32733768,0.10496661067008972,0.9882121682167053,0.8593468070030212
YML093W,YJL122W,0,-0.32749945,0.10495565831661224,0.9882121682167053,0.8594470024108887
YGL210W,YER023W,0,-0.32770026,0.10494471341371536,0.9882121682167053,0.8595471978187561
YOR136W,YML075C,0,-0.3278979,0.10493376106023788,0.9882121682167053,0.8596473932266235
YKR072C,YDR023W,0,-0.32869643,0.1049228236079216,0.9882121682167053,0.8597475290298462
YPL031C,YGR104C,0,-0.32900012,0.10491187870502472,0.9882121682167053,0.8598477244377136
YGR008C,YGL227W,0,-0.3295974,0.10490094125270844,0.9882121682167053,0.859947919845581
YDL117W,YPR036W,0,-0.3299625,0.10489000380039215,0.9882121682167053,0.8600481152534485
YOR016C,YLR147C,0,-0.3301201,0.10487906634807587,0.9882121682167053,0.8601482510566711
YDR073W,YJL042W,0,-0.33015823,0.10486813634634018,0.9882121682167053,0.8602484464645386
YPL178W,YCL033C,0,-0.3310926,0.1048571988940239,0.9882121682167053,0.860348641872406
YHR027C,YDR171W,0,-0.3312872,0.1048462763428688,0.9882121682167053,0.8604488372802734
YOL049W,YOL005C,0,-0.33140963,0.10483534634113312,0.9882121682167053,0.8605489730834961
YNL301C,YMR036C,0,-0.33196437,0.10482442378997803,0.9882121682167053,0.8606491684913635
YDL188C,YKL096W,0,-0.33207834,0.10481350123882294,0.9882121682167053,0.860749363899231
YNL257C,YDR354W,0,-0.3331468,0.10480258613824844,0.9882121682167053,0.8608494997024536
YLR110C,YJL042W,0,-0.33349937,0.10479166358709335,0.9882121682167053,0.860949695110321
YER139C,YIL087C,0,-0.33353472,0.10478074848651886,0.9882121682167053,0.8610498905181885
YOR118W,YOL042W,0,-0.33378232,0.10476984083652496,0.9882121682167053,0.8611500859260559
YCL035C,YMR289W,0,-0.333955,0.10475893318653107,0.9882121682167053,0.8612502217292786
YEL032W,YER173W,0,-0.33453542,0.10474801808595657,0.9882121682167053,0.861350417137146
YGL006W,YLR390W-A,0,-0.33485836,0.10473711788654327,0.9882121682167053,0.8614506125450134
YOR167C,YNL280C,0,-0.33494115,0.10472621023654938,0.9882121682167053,0.8615508079528809
YOR175C,YDR482C,0,-0.33525348,0.10471531003713608,0.9882121682167053,0.8616509437561035
YDL180W,YAL020C,0,-0.33528477,0.10470440983772278,0.9882121682167053,0.861751139163971
YBR088C,YOL068C,1,-0.3354534,0.10479758679866791,0.9891945123672485,0.861751139163971
YIL067C,YGR158C,0,-0.33565688,0.10478667914867401,0.9891945123672485,0.8618513345718384
YOL119C,YDR019C,0,-0.33576226,0.10477577894926071,0.9891945123672485,0.8619515299797058
YOR158W,YER042W,0,-0.33779246,0.10476487874984741,0.9891945123672485,0.8620516657829285
YGR078C,YML085C,0,-0.33884156,0.10475397855043411,0.9891945123672485,0.8621518611907959
YDR438W,YNR052C,0,-0.3393135,0.10474308580160141,0.9891945123672485,0.8622520565986633
YGL058W,YDR047W,0,-0.33938706,0.10473218560218811,0.9891945123672485,0.8623522520065308
YHR073W,YPL144W,0,-0.34008235,0.104721300303936,0.9891945123672485,0.8624523878097534
YLR188W,YGR041W,0,-0.340163,0.1047104075551033,0.9891945123672485,0.8625525832176208
YOR236W,YNL245C,0,-0.34043646,0.1046995222568512,0.9891945123672485,0.8626527786254883
YOR081C,YKR053C,0,-0.34170347,0.10468863695859909,0.9891945123672485,0.8627529740333557
YDR316W,YHR123W,0,-0.341774,0.10467775166034698,0.9891945123672485,0.8628531098365784
YPL164C,YLR005W,1,-0.34258872,0.10477081686258316,0.990176796913147,0.8628531098365784
YOL115W,YJL096W,0,-0.34385663,0.10475992411375046,0.990176796913147,0.8629533052444458
YNR027W,YDL004W,0,-0.34450376,0.10474903881549835,0.990176796913147,0.8630535006523132
YBR104W,YHR052W,0,-0.3451159,0.10473815351724625,0.990176796913147,0.8631536960601807
YPL090C,YMR109W,0,-0.345209,0.10472727566957474,0.990176796913147,0.8632538318634033
YOL122C,YPL053C,0,-0.34568638,0.10471639037132263,0.990176796913147,0.8633540272712708
YDR510W,YKR003W,0,-0.34592187,0.10470551252365112,0.990176796913147,0.8634542226791382
YLR034C,YBR241C,0,-0.34659994,0.10469464212656021,0.990176796913147,0.8635544180870056
YFL062W,YDR182W,0,-0.34708756,0.1046837642788887,0.990176796913147,0.8636545538902283
YOR344C,YLR361C,0,-0.34734458,0.10467289388179779,0.990176796913147,0.8637547492980957
YHR113W,YAL008W,0,-0.3474785,0.10466203093528748,0.990176796913147,0.8638549447059631
YNL142W,YMR166C,0,-0.34914947,0.10465116053819656,0.990176796913147,0.8639551401138306
YMR257C,YKL193C,0,-0.34935808,0.10464029759168625,0.990176796913147,0.8640552759170532
YJR144W,YLR110C,0,-0.34978592,0.10462943464517593,0.990176796913147,0.8641554713249207
YCL047C,YIR033W,0,-0.3499294,0.10461857914924622,0.990176796913147,0.8642556667327881
YOR234C,YOL033W,0,-0.35007322,0.1046077236533165,0.990176796913147,0.8643558621406555
YAL007C,YIL112W,0,-0.3504905,0.10459686815738678,0.990176796913147,0.8644559979438782
YGL104C,YKL059C,0,-0.35077167,0.10458601266145706,0.990176796913147,0.8645561933517456
YLR248W,YHR134W,0,-0.35157442,0.10457516461610794,0.990176796913147,0.864656388759613
YPL161C,YML029W,0,-0.35174108,0.10456431657075882,0.990176796913147,0.8647565841674805
YBL003C,YOR247W,0,-0.3517568,0.1045534685254097,0.990176796913147,0.8648567199707031
YDR044W,YPL075W,0,-0.35197043,0.10454262793064117,0.990176796913147,0.8649569153785706
YNL124W,YML126C,0,-0.3525812,0.10453178733587265,0.990176796913147,0.865057110786438
YDL226C,YNL091W,0,-0.35258442,0.10452094674110413,0.990176796913147,0.8651573061943054
YNL137C,YKL110C,0,-0.35259694,0.1045101061463356,0.990176796913147,0.8652574419975281
YAL056W,YGR262C,0,-0.3526997,0.10449927300214767,0.990176796913147,0.8653576374053955
YNL288W,YOL059W,0,-0.35445035,0.10448843985795975,0.990176796913147,0.8654578328132629
YNR030W,YOR096W,0,-0.3547833,0.10447761416435242,0.990176796913147,0.8655580282211304
YER060W-A,YAR003W,0,-0.3548596,0.10446678102016449,0.990176796913147,0.865658164024353
YOR018W,YEL002C,0,-0.35524535,0.10445595532655716,0.990176796913147,0.8657583594322205
YOR116C,YJL138C,0,-0.35571373,0.10444513708353043,0.990176796913147,0.8658585548400879
YGR188C,YML038C,0,-0.35572565,0.1044343113899231,0.990176796913147,0.8659587502479553
YGL017W,YHR003C,0,-0.3559835,0.10442349314689636,0.990176796913147,0.866058886051178
YAR014C,YOR260W,0,-0.35608262,0.10441268235445023,0.990176796913147,0.8661590814590454
YGL020C,YDR292C,0,-0.3565092,0.10440186411142349,0.990176796913147,0.8662592768669128
YPL022W,YLR136C,0,-0.3567307,0.10439105331897736,0.990176796913147,0.8663594722747803
YGR063C,YDR073W,0,-0.3567711,0.10438024252653122,0.990176796913147,0.8664596080780029
YKL046C,YGL035C,0,-0.35730946,0.10436943173408508,0.990176796913147,0.8665598034858704
YDL051W,YLR287C-A,0,-0.3576342,0.10435862839221954,0.990176796913147,0.8666599988937378
YOL123W,YBL018C,0,-0.35782683,0.104347825050354,0.990176796913147,0.8667601943016052
YIR022W,YMR199W,0,-0.35879636,0.10433702170848846,0.990176796913147,0.8668603301048279
YOR253W,YKR030W,0,-0.3591298,0.10432622581720352,0.990176796913147,0.8669605255126953
YBR191W,YCR042C,0,-0.35951102,0.10431542992591858,0.990176796913147,0.8670607209205627
YOR257W,YJL209W,0,-0.35977602,0.10430463403463364,0.990176796913147,0.8671609163284302
YFR055W,YGL163C,1,-0.36013377,0.10439731180667877,0.9911591410636902,0.8671609163284302
YML077W,YDR139C,0,-0.36045444,0.10438650846481323,0.9911591410636902,0.8672610521316528
YIL004C,YNL036W,0,-0.36135864,0.10437571257352829,0.9911591410636902,0.8673612475395203
YGR224W,YLR001C,0,-0.36184537,0.10436491668224335,0.9911591410636902,0.8674614429473877
YLR186W,YDR023W,0,-0.36330163,0.1043541207909584,0.9911591410636902,0.8675616383552551
YLR034C,YEL038W,0,-0.3639387,0.10434333235025406,0.9911591410636902,0.8676617741584778
YNL310C,YMR088C,0,-0.3643092,0.10433254390954971,0.9911591410636902,0.8677619695663452
YBR288C,YLR008C,0,-0.36551964,0.10432175546884537,0.9911591410636902,0.8678621649742126
YGL130W,YKR013W,0,-0.3665104,0.10431096702814102,0.9911591410636902,0.8679623603820801
YIR007W,YKL012W,0,-0.36671424,0.10430018603801727,0.9911591410636902,0.8680624961853027
YML023C,YIL033C,0,-0.36693615,0.10428940504789352,0.9911591410636902,0.8681626915931702
YLR259C,YLR276C,0,-0.3675614,0.10427862405776978,0.9911591410636902,0.8682628870010376
YNR032W,YGL059W,0,-0.36763757,0.10426785051822662,0.9911591410636902,0.868363082408905
YNL136W,YDL240W,0,-0.36830324,0.10425707697868347,0.9911591410636902,0.8684632182121277
YML101C,YBL069W,0,-0.36879373,0.10424630343914032,0.9911591410636902,0.8685634136199951
YAL053W,YER003C,0,-0.36948395,0.10423553735017776,0.9911591410636902,0.8686636090278625
YOL149W,YBL002W,0,-0.37039202,0.10422477126121521,0.9911591410636902,0.86876380443573
YHR028C,YDR019C,0,-0.37057626,0.10421400517225266,0.9911591410636902,0.8688639402389526
YHR122W,YBR139W,0,-0.37088346,0.1042032390832901,0.9911591410636902,0.8689641356468201
YBR132C,YIL155C,0,-0.37108397,0.10419248044490814,0.9911591410636902,0.8690643310546875
YML059C,YJL096W,0,-0.3713838,0.10418172180652618,0.9911591410636902,0.8691644668579102
YLR048W,YFL004W,0,-0.3721472,0.10417097061872482,0.9911591410636902,0.8692646622657776
YPL246C,YBR131W,0,-0.37263244,0.10416021198034286,0.9911591410636902,0.869364857673645
YPR041W,YBR179C,0,-0.3730108,0.1041494607925415,0.9911591410636902,0.8694650530815125
YMR235C,YDL065C,0,-0.37326908,0.10413871705532074,0.9911591410636902,0.8695651888847351
YOR236W,YHR027C,0,-0.37330914,0.10412796586751938,0.9911591410636902,0.8696653842926025
YHR025W,YML127W,0,-0.3734231,0.10411722213029861,0.9911591410636902,0.86976557970047
YBR200W,YGL161C,0,-0.3737759,0.10410647839307785,0.9911591410636902,0.8698657751083374
YGL167C,YDR127W,0,-0.37469596,0.10409574210643768,0.9911591410636902,0.8699659109115601
YHL006C,YMR079W,0,-0.3748026,0.10408499836921692,0.9911591410636902,0.8700661063194275
YGR062C,YIL124W,0,-0.37531102,0.10407426208257675,0.9911591410636902,0.8701663017272949
YCL035C,YBR023C,0,-0.3755715,0.10406353324651718,0.9911591410636902,0.8702664971351624
YDR393W,YPL118W,0,-0.37560213,0.10405279695987701,0.9911591410636902,0.870366632938385
YLR069C,YHR152W,0,-0.3756438,0.10404206812381744,0.9911591410636902,0.8704668283462524
YMR260C,YOL031C,0,-0.37570333,0.10403134673833847,0.9911591410636902,0.8705670237541199
YML115C,YJL091C,0,-0.37641895,0.1040206179022789,0.9911591410636902,0.8706672191619873
YPL120W,YER141W,0,-0.37668586,0.10400989651679993,0.9911591410636902,0.87076735496521
YIL070C,YNL059C,0,-0.3775208,0.10399917513132095,0.9911591410636902,0.8708675503730774
YKR042W,YHL007C,0,-0.37795508,0.10398845374584198,0.9911591410636902,0.8709677457809448
YDL064W,YHR009C,0,-0.3790146,0.1039777398109436,0.9911591410636902,0.8710679411888123
YOL019W,YLR328W,0,-0.37907887,0.10396702587604523,0.9911591410636902,0.8711680769920349
YHR205W,YDR266C,0,-0.379793,0.10395631939172745,0.9911591410636902,0.8712682723999023
YJL180C,YML120C,0,-0.3798176,0.10394560545682907,0.9911591410636902,0.8713684678077698
YDL181W,YLR015W,0,-0.38040376,0.10393489897251129,0.9911591410636902,0.8714686632156372
YGL097W,YPR104C,0,-0.38053447,0.10392419248819351,0.9911591410636902,0.8715687990188599
YLR222C,YIL070C,0,-0.38069737,0.10391349345445633,0.9911591410636902,0.8716689944267273
YOR266W,YBR149W,0,-0.38121575,0.10390278697013855,0.9911591410636902,0.8717691898345947
YBR162C,YER149C,0,-0.3812443,0.10389209538698196,0.9911591410636902,0.8718693852424622
YJR117W,YJL190C,0,-0.38138288,0.10388139635324478,0.9911591410636902,0.8719695210456848
YOL009C,YDL066W,0,-0.38139433,0.1038707047700882,0.9911591410636902,0.8720697164535522
YPR166C,YBR245C,0,-0.38164866,0.10386001318693161,0.9911591410636902,0.8721699118614197
YIL044C,YLL050C,0,-0.38174254,0.10384932160377502,0.9911591410636902,0.8722701072692871
YDL104C,YDR143C,0,-0.38178486,0.10383863002061844,0.9911591410636902,0.8723702430725098
YDL137W,YAL032C,0,-0.38203073,0.10382794588804245,0.9911591410636902,0.8724704384803772
YPL172C,YOR007C,0,-0.38267726,0.10381726175546646,0.9911591410636902,0.8725706338882446
YFR055W,YDR180W,1,-0.3826899,0.1039094626903534,0.9921414256095886,0.8725706338882446
YML091C,YOR120W,0,-0.38305295,0.1038987785577774,0.9921414256095886,0.8726708292961121
YIR035C,YLL010C,0,-0.383519,0.10388808697462082,0.9921414256095886,0.8727709650993347
YGL229C,YPR061C,0,-0.38546944,0.10387740284204483,0.9921414256095886,0.8728711605072021
YHR072W,YBR302C,0,-0.3861289,0.10386671870946884,0.9921414256095886,0.8729713559150696
YER019W,YPL146C,0,-0.38650453,0.10385604202747345,0.9921414256095886,0.873071551322937
YMR314W,YLR090W,0,-0.38710523,0.10384536534547806,0.9921414256095886,0.8731716871261597
YBR024W,YIL010W,0,-0.38728148,0.10383468866348267,0.9921414256095886,0.8732718825340271
YER042W,YNL136W,0,-0.3885824,0.10382401198148727,0.9921414256095886,0.8733720779418945
YLR449W,YIL027C,0,-0.38866943,0.10381334275007248,0.9921414256095886,0.873472273349762
YML008C,YMR016C,0,-0.3889215,0.10380267351865768,0.9921414256095886,0.8735724091529846
YGR041W,YLR361C,0,-0.38902473,0.10379200428724289,0.9921414256095886,0.873672604560852
YLR340W,YBR001C,0,-0.38903224,0.10378134250640869,0.9921414256095886,0.8737727999687195
YDR362C,YDR041W,0,-0.3890468,0.1037706807255745,0.9921414256095886,0.8738729953765869
YHR027C,YKR039W,0,-0.38943088,0.1037600189447403,0.9921414256095886,0.8739731311798096
YNL317W,YLR356W,0,-0.39006114,0.1037493571639061,0.9921414256095886,0.874073326587677
YLR427W,YJR065C,0,-0.39008325,0.1037387028336525,0.9921414256095886,0.8741735219955444
YER007C-A,YER173W,0,-0.3911277,0.1037280485033989,0.9921414256095886,0.8742737174034119
YOR354C,YIL014W,0,-0.39149404,0.1037173941731453,0.9921414256095886,0.8743738532066345
YNR039C,YLL018C,0,-0.3918035,0.10370674729347229,0.9921414256095886,0.874474048614502
YDR236C,YBL030C,0,-0.39262152,0.10369610041379929,0.9921414256095886,0.8745742440223694
YML012W,YER021W,0,-0.39278042,0.10368545353412628,0.9921414256095886,0.8746744394302368
YGR158C,YFL047W,0,-0.39323598,0.10367480665445328,0.9921414256095886,0.8747745752334595
YDR519W,YMR170C,0,-0.39335668,0.10366416722536087,0.9921414256095886,0.8748747706413269
YOR202W,YHL007C,0,-0.3934455,0.10365352779626846,0.9921414256095886,0.8749749660491943
YEL032W,YJL183W,0,-0.39348358,0.10364289581775665,0.9921414256095886,0.8750751614570618
YJL210W,YPL059W,0,-0.39361632,0.10363225638866425,0.9921414256095886,0.8751752972602844
YDR051C,YER122C,0,-0.39363456,0.10362162441015244,0.9921414256095886,0.8752754926681519
YMR278W,YJR091C,0,-0.39379895,0.10361099988222122,0.9921414256095886,0.8753756880760193
YPL164C,YML120C,0,-0.39392084,0.10360036790370941,0.9921414256095886,0.8754758834838867
YDL064W,YDR021W,0,-0.3939289,0.1035897433757782,0.9921414256095886,0.8755760192871094
YOR371C,YHR115C,0,-0.39427322,0.10357911884784698,0.9921414256095886,0.8756762146949768
YJL209W,YER166W,0,-0.39460444,0.10356850177049637,0.9921414256095886,0.8757764101028442
YNL241C,YJL164C,0,-0.39522886,0.10355787724256516,0.9921414256095886,0.8758766055107117
YMR040W,YOR273C,0,-0.395549,0.10354726016521454,0.9921414256095886,0.8759767413139343
YJL041W,YER180C,0,-0.39633,0.10353665053844452,0.9921414256095886,0.8760769367218018
YGR181W,YHR104W,0,-0.3969956,0.1035260334610939,0.9921414256095886,0.8761771321296692
YNL154C,YDL211C,0,-0.39702642,0.10351542383432388,0.9921414256095886,0.8762773275375366
YGR120C,YMR119W,0,-0.3971244,0.10350481420755386,0.9921414256095886,0.8763774633407593
YBL090W,YOR059C,0,-0.3974188,0.10349421203136444,0.9921414256095886,0.8764776587486267
YPL241C,YIL093C,0,-0.3977508,0.10348360985517502,0.9921414256095886,0.8765778541564941
YJL165C,YHR043C,0,-0.39808643,0.1034730076789856,0.9921414256095886,0.8766780495643616
YDR178W,YNL077W,0,-0.39813626,0.10346240550279617,0.9921414256095886,0.8767781853675842
YOL149W,YDL095W,0,-0.3985051,0.10345181077718735,0.9921414256095886,0.8768783807754517
YLR178C,YBR008C,0,-0.39994347,0.10344121605157852,0.9921414256095886,0.8769785761833191
YHR112C,YLR426W,0,-0.4001029,0.1034306213259697,0.9921414256095886,0.8770787119865417
YNL190W,YPL237W,0,-0.40011722,0.10342002660036087,0.9921414256095886,0.8771789073944092
YOR257W,YHR104W,0,-0.4004953,0.10340943932533264,0.9921414256095886,0.8772791028022766
YHL013C,YLR333C,0,-0.4007163,0.10339885205030441,0.9921414256095886,0.877379298210144
YML038C,YDR155C,0,-0.402066,0.10338827222585678,0.9921414256095886,0.8774794340133667
YNL331C,YOR241W,0,-0.40332496,0.10337768495082855,0.9921414256095886,0.8775796294212341
YDR359C,YOR130C,0,-0.40401238,0.10336710512638092,0.9921414256095886,0.8776798248291016
YML038C,YKL145W,0,-0.40453994,0.10335652530193329,0.9921414256095886,0.877780020236969
YIL078W,YMR215W,0,-0.40465772,0.10334595292806625,0.9921414256095886,0.8778801560401917
YER087C-A,YBL047C,0,-0.40473711,0.10333538055419922,0.9921414256095886,0.8779803514480591
YBL064C,YLR205C,0,-0.40515184,0.10332480818033218,0.9921414256095886,0.8780805468559265
YDR439W,YOL016C,0,-0.4054799,0.10331423580646515,0.9921414256095886,0.878180742263794
YKL008C,YDL046W,0,-0.40558302,0.10330367088317871,0.9921414256095886,0.8782808780670166
YER148W,YNL216W,0,-0.4068972,0.10329310595989227,0.9921414256095886,0.878381073474884
YEL054C,YBR085W,0,-0.40755558,0.10328254103660583,0.9921414256095886,0.8784812688827515
YDR266C,YDR018C,0,-0.40759808,0.1032719835639,0.9921414256095886,0.8785814642906189
YML059C,YDR236C,0,-0.40888315,0.10326142609119415,0.9921414256095886,0.8786816000938416
YNL306W,YPR036W,0,-0.40894777,0.10325086861848831,0.9921414256095886,0.878781795501709
YAR015W,YMR149W,0,-0.40909165,0.10324031114578247,0.9921414256095886,0.8788819909095764
YLR237W,YKL046C,0,-0.40930963,0.10322976112365723,0.9921414256095886,0.8789821863174438
YDR126W,YBL064C,0,-0.41042566,0.10321921110153198,0.9921414256095886,0.8790823221206665
YHR122W,YDR359C,0,-0.4116102,0.10320866852998734,0.9921414256095886,0.8791825175285339
YHR018C,YPL015C,0,-0.41214108,0.10319811850786209,0.9921414256095886,0.8792827129364014
YHR188C,YIL103W,0,-0.4124694,0.10318757593631744,0.9921414256095886,0.8793829083442688
YHR200W,YGR277C,0,-0.4124905,0.1031770333647728,0.9921414256095886,0.8794830441474915
YOL068C,YJR109C,0,-0.41282457,0.10316649824380875,0.9921414256095886,0.8795832395553589
YDL166C,YKL014C,0,-0.41286445,0.1031559631228447,0.9921414256095886,0.8796834349632263
YJL139C,YGL187C,0,-0.41388047,0.10314542800188065,0.9921414256095886,0.8797836303710938
YIR034C,YKR009C,0,-0.41409922,0.1031348928809166,0.9921414256095886,0.8798837661743164
YHL008C,YLL009C,0,-0.4155162,0.10312436521053314,0.9921414256095886,0.8799839615821838
YDR143C,YOR067C,0,-0.41601872,0.10311383008956909,0.9921414256095886,0.8800841569900513
YGR181W,YPL271W,0,-0.4162454,0.10310330986976624,0.9921414256095886,0.8801843523979187
YPL117C,YKL120W,0,-0.4162606,0.10309278219938278,0.9921414256095886,0.8802844882011414
YJL036W,YPR199C,0,-0.41645098,0.10308226197957993,0.9921414256095886,0.8803846836090088
YMR149W,YHL020C,0,-0.41661882,0.10307174175977707,0.9921414256095886,0.8804848790168762
YPR075C,YHR009C,0,-0.4181192,0.10306122153997421,0.9921414256095886,0.8805850744247437
YHR190W,YLR419W,0,-0.41815686,0.10305070877075195,0.9921414256095886,0.8806852102279663
YDL059C,YOR354C,1,-0.4181738,0.10314221680164337,0.9931237697601318,0.8806852102279663
YOR278W,YDR463W,0,-0.4185909,0.10313169658184052,0.9931237697601318,0.8807854056358337
YJL109C,YJL125C,0,-0.41946787,0.10312117636203766,0.9931237697601318,0.8808856010437012
YPL081W,YIL022W,0,-0.42018998,0.1031106561422348,0.9931237697601318,0.8809857964515686
YEL077C,YNL300W,0,-0.42025536,0.10310014337301254,0.9931237697601318,0.8810859322547913
YKR086W,YDR261C,0,-0.42040366,0.10308963060379028,0.9931237697601318,0.8811861276626587
YGL097W,YIL005W,0,-0.42061406,0.10307911783456802,0.9931237697601318,0.8812863230705261
YLR069C,YOR046C,0,-0.4214692,0.10306861251592636,0.9931237697601318,0.8813865184783936
YPL144W,YNL136W,0,-0.4216106,0.1030581071972847,0.9931237697601318,0.8814866542816162
YGL213C,YPL170W,0,-0.4217255,0.10304760187864304,0.9931237697601318,0.8815868496894836
YPR101W,YER025W,0,-0.42253995,0.10303709656000137,0.9931237697601318,0.8816870450973511
YHR018C,YNL173C,0,-0.42351878,0.10302659869194031,0.9931237697601318,0.8817872405052185
YLR057W,YNL096C,0,-0.42359823,0.10301610082387924,0.9931237697601318,0.8818873763084412
YPL204W,YBR205W,0,-0.42365193,0.10300560295581818,0.9931237697601318,0.8819875717163086
YOL039W,YLR368W,0,-0.4240321,0.10299511253833771,0.9931237697601318,0.882087767124176
YBR015C,YML058W,0,-0.42450023,0.10298462212085724,0.9931237697601318,0.8821879625320435
YBL003C,YML125C,0,-0.4246267,0.10297413170337677,0.9931237697601318,0.8822880983352661
YHR083W,YBL105C,0,-0.42572796,0.1029636412858963,0.9931237697601318,0.8823882937431335
YDR162C,YNL250W,0,-0.4257449,0.10295315831899643,0.9931237697601318,0.882488489151001
YKL077W,YDR036C,0,-0.42651355,0.10294267535209656,0.9931237697601318,0.8825886845588684
YPL005W,YAL014C,0,-0.42659014,0.10293219238519669,0.9931237697601318,0.8826888203620911
YOR003W,YBR283C,0,-0.42664444,0.10292171686887741,0.9931237697601318,0.8827890157699585
YCL059C,YFL037W,0,-0.42684877,0.10291124135255814,0.9931237697601318,0.8828892111778259
YLR432W,YER023W,0,-0.42777336,0.10290076583623886,0.9931237697601318,0.8829894065856934
YPR052C,YHR204W,0,-0.42908043,0.10289029031991959,0.9931237697601318,0.883089542388916
YOL092W,YIL022W,0,-0.42914414,0.10287982225418091,0.9931237697601318,0.8831897377967834
YDR153C,YKL140W,0,-0.4295504,0.10286935418844223,0.9931237697601318,0.8832899332046509
YDR510W,YMR244C-A,0,-0.42982912,0.10285888612270355,0.9931237697601318,0.8833901286125183
YNL125C,YER127W,0,-0.43006486,0.10284842550754547,0.9931237697601318,0.883490264415741
YHR171W,YKL052C,0,-0.43117154,0.10283796489238739,0.9931237697601318,0.8835904598236084
YJL046W,YBR109C,0,-0.43125463,0.10282750427722931,0.9931237697601318,0.8836906552314758
YMR292W,YLR328W,0,-0.43187702,0.10281704366207123,0.9931237697601318,0.8837908506393433
YJR104C,YLR100W,0,-0.4319901,0.10280659049749374,0.9931237697601318,0.8838909864425659
YIL136W,YOR044W,0,-0.43254262,0.10279613733291626,0.9931237697601318,0.8839911818504333
YDR078C,YDL044C,0,-0.43271863,0.10278568416833878,0.9931237697601318,0.8840913772583008
YHR114W,YER100W,0,-0.4337778,0.10277523845434189,0.9931237697601318,0.8841915726661682
YKL091C,YJL097W,0,-0.43393654,0.102764792740345,0.9931237697601318,0.8842917084693909
YMR292W,YLR384C,0,-0.43394536,0.10275434702634811,0.9931237697601318,0.8843919038772583
YOR260W,YIL015W,0,-0.43406713,0.10274390131235123,0.9931237697601318,0.8844920992851257
YGR086C,YOL113W,0,-0.43427563,0.10273346304893494,0.9931237697601318,0.8845922946929932
YOR103C,YDL212W,0,-0.4350084,0.10272302478551865,0.9931237697601318,0.8846924304962158
YPR112C,YBL106C,0,-0.4350775,0.10271258652210236,0.9931237697601318,0.8847926259040833
YMR170C,YER035W,0,-0.43539226,0.10270215570926666,0.9931237697601318,0.8848928213119507
YIR022W,YML081W,0,-0.43574947,0.10269172489643097,0.9931237697601318,0.8849930167198181
YFR049W,YJL219W,0,-0.43579042,0.10268129408359528,0.9931237697601318,0.8850931525230408
YML092C,YDR028C,0,-0.4359877,0.10267086327075958,0.9931237697601318,0.8851933479309082
YMR092C,YLR239C,0,-0.4373237,0.10266043990850449,0.9931237697601318,0.8852935433387756
YPR018W,YPL145C,0,-0.43756247,0.10265001654624939,0.9931237697601318,0.8853936791419983
YFR007W,YDR276C,0,-0.43789494,0.1026395931839943,0.9931237697601318,0.8854938745498657
YGR075C,YNL055C,0,-0.43795252,0.1026291772723198,0.9931237697601318,0.8855940699577332
YIL062C,YGL039W,0,-0.43835425,0.1026187539100647,0.9931237697601318,0.8856942653656006
YLR034C,YBR268W,0,-0.43916476,0.1026083454489708,0.9931237697601318,0.8857944011688232
YIL129C,YIR004W,0,-0.4392078,0.1025979295372963,0.9931237697601318,0.8858945965766907
YIL005W,YPL170W,0,-0.4394824,0.10258752107620239,0.9931237697601318,0.8859947919845581
YDR279W,YPR018W,0,-0.4396881,0.10257711261510849,0.9931237697601318,0.8860949873924255
YAL012W,YNL055C,0,-0.44048077,0.10256670415401459,0.9931237697601318,0.8861951231956482
YGR062C,YLR403W,0,-0.44151717,0.10255630314350128,0.9931237697601318,0.8862953186035156
YER143W,YPL164C,0,-0.44166577,0.10254589468240738,0.9931237697601318,0.8863955140113831
YFR051C,YOR320C,0,-0.44177103,0.10253549367189407,0.9931237697601318,0.8864957094192505
YGL133W,YER003C,0,-0.4422735,0.10252510011196136,0.9931237697601318,0.8865958452224731
YDR145W,YPL013C,0,-0.44267517,0.10251470655202866,0.9931237697601318,0.8866960406303406
YDR500C,YNL137C,0,-0.44284678,0.10250430554151535,0.9931237697601318,0.886796236038208
YLR192C,YHR154W,0,-0.442851,0.10249391943216324,0.9931237697601318,0.8868964314460754
YDL019C,YJR118C,0,-0.44289207,0.10248352587223053,0.9931237697601318,0.8869965672492981
YJL044C,YOR249C,0,-0.44321764,0.10247313976287842,0.9931237697601318,0.8870967626571655
YLR274W,YMR184W,0,-0.4433062,0.1024627536535263,0.9931237697601318,0.887196958065033
YPR073C,YPL090C,0,-0.4435985,0.10245237499475479,0.9931237697601318,0.8872971534729004
YDR380W,YOR332W,0,-0.443919,0.10244198888540268,0.9931237697601318,0.887397289276123
YNL154C,YFR028C,0,-0.444422,0.10243161022663116,0.9931237697601318,0.8874974846839905
YIL156W,YOR007C,0,-0.44459724,0.10242123156785965,0.9931237697601318,0.8875976800918579
YLR001C,YNL317W,0,-0.4450419,0.10241086035966873,0.9931237697601318,0.8876978754997253
YLR414C,YKL087C,0,-0.4455213,0.10240048915147781,0.9931237697601318,0.887798011302948
YER005W,YGR132C,0,-0.44555724,0.1023901179432869,0.9931237697601318,0.8878982067108154
YER095W,YNR039C,0,-0.4462657,0.10237974673509598,0.9931237697601318,0.8879984021186829
YPL179W,YDR421W,0,-0.4467289,0.10236938297748566,0.9931237697601318,0.8880985975265503
YNR047W,YML120C,0,-0.447093,0.10235901921987534,0.9931237697601318,0.888198733329773
YER007C-A,YDR210W,0,-0.44746763,0.10234865546226501,0.9931237697601318,0.8882989287376404
YOR265W,YKL027W,0,-0.44787997,0.1023382917046547,0.9931237697601318,0.8883991241455078
YDR190C,YHR121W,0,-0.44788325,0.10232793539762497,0.9931237697601318,0.8884993195533752
YKL110C,YFR004W,0,-0.4479463,0.10231757909059525,0.9931237697601318,0.8885994553565979
YBL080C,YMR184W,0,-0.4488865,0.10230722278356552,0.9931237697601318,0.8886996507644653
YPL118W,YDR427W,0,-0.4493037,0.1022968739271164,0.9931237697601318,0.8887998461723328
YHR149C,YGR055W,0,-0.44962996,0.10228652507066727,0.9931237697601318,0.8889000415802002
YPL015C,YFL056C,0,-0.44968116,0.10227617621421814,0.9931237697601318,0.8890001773834229
YNL209W,YLR237W,0,-0.45058882,0.10226582735776901,0.9931237697601318,0.8891003727912903
YOL128C,YOR101W,0,-0.45065355,0.10225548595190048,0.9931237697601318,0.8892005681991577
YKL048C,YPR122W,0,-0.45084232,0.10224514454603195,0.9931237697601318,0.8893007636070251
YER026C,YLR368W,0,-0.4510355,0.10223480314016342,0.9931237697601318,0.8894008994102478
YJL173C,YBR279W,1,-0.45156294,0.10232558101415634,0.994106113910675,0.8894008994102478
YBR279W,YGR080W,0,-0.45208204,0.10231523960828781,0.994106113910675,0.8895010948181152
YIL067C,YGR024C,0,-0.45235223,0.10230489075183868,0.994106113910675,0.8896012902259827
YPL195W,YMR256C,0,-0.45241785,0.10229454934597015,0.994106113910675,0.8897014856338501
YHR018C,YPL040C,0,-0.45297736,0.10228421539068222,0.994106113910675,0.8898016214370728
YLR131C,YKL077W,0,-0.45327276,0.10227387398481369,0.994106113910675,0.8899018168449402
YBL087C,YNL265C,0,-0.4545107,0.10226354002952576,0.994106113910675,0.8900020122528076
YLR134W,YKL059C,0,-0.45568264,0.10225320607423782,0.994106113910675,0.890102207660675
YBR068C,YHL032C,0,-0.45612752,0.10224287956953049,0.994106113910675,0.8902023434638977
YDL067C,YNL181W,0,-0.45648748,0.10223254561424255,0.994106113910675,0.8903025388717651
YJR117W,YOL068C,0,-0.4567904,0.10222221910953522,0.994106113910675,0.8904027342796326
YPR102C,YNR026C,0,-0.45761335,0.10221190005540848,0.994106113910675,0.8905029296875
YDL019C,YDR093W,0,-0.4586835,0.10220157355070114,0.994106113910675,0.8906030654907227
YPL084W,YML057W,0,-0.45876288,0.1021912544965744,0.994106113910675,0.8907032608985901
YPL232W,YOR259C,0,-0.45925254,0.10218093544244766,0.994106113910675,0.8908034563064575
YMR012W,YOR347C,0,-0.46112978,0.10217062383890152,0.994106113910675,0.890903651714325
YER058W,YDR280W,0,-0.46143442,0.10216030478477478,0.994106113910675,0.8910037875175476
YML126C,YBR055C,0,-0.46187884,0.10214999318122864,0.994106113910675,0.891103982925415
YCL035C,YNL214W,0,-0.46249056,0.1021396815776825,0.994106113910675,0.8912041783332825
YEL009C,YOR132W,0,-0.4634056,0.10212937742471695,0.994106113910675,0.8913043737411499
YGL208W,YNL289W,0,-0.46350884,0.1021190732717514,0.994106113910675,0.8914045095443726
YPR114W,YJR056C,0,-0.46420038,0.10210876911878586,0.994106113910675,0.89150470495224
YHR207C,YER025W,0,-0.46470726,0.10209846496582031,0.994106113910675,0.8916049003601074
YOR045W,YHL033C,0,-0.46497905,0.10208816826343536,0.994106113910675,0.8917050957679749
YPR063C,YBL031W,0,-0.46631265,0.10207787156105042,0.994106113910675,0.8918052315711975
YLR060W,YCR016W,0,-0.46634656,0.10206757485866547,0.994106113910675,0.8919054269790649
YDR276C,YHL050C,0,-0.4673891,0.10205727815628052,0.994106113910675,0.8920056223869324
YBR101C,YGR048W,0,-0.46791404,0.10204698890447617,0.994106113910675,0.8921058177947998
YJR139C,YDL072C,0,-0.46803796,0.10203669965267181,0.994106113910675,0.8922059535980225
YGR121C,YBR245C,0,-0.46833384,0.10202641040086746,0.994106113910675,0.8923061490058899
YGR026W,YPR005C,0,-0.4690162,0.10201612859964371,0.994106113910675,0.8924063444137573
YLR460C,YOR316C,0,-0.4692074,0.10200584679841995,0.994106113910675,0.8925065398216248
YDL190C,YNL133C,0,-0.46953315,0.1019955649971962,0.994106113910675,0.8926066756248474
YGR181W,YGR244C,0,-0.46956295,0.10198528319597244,0.994106113910675,0.8927068710327148
YGR204W,YPR094W,0,-0.4702444,0.10197500884532928,0.994106113910675,0.8928070664405823
YNL115C,YML011C,0,-0.47122276,0.10196473449468613,0.994106113910675,0.8929072618484497
YLR192C,YER178W,0,-0.4719162,0.10195446014404297,0.994106113910675,0.8930073976516724
YER099C,YJR077C,0,-0.4720462,0.10194419324398041,0.994106113910675,0.8931075930595398
YGL047W,YDR510W,0,-0.47207206,0.10193392634391785,0.994106113910675,0.8932077884674072
YDR447C,YDL099W,0,-0.47253895,0.10192365944385529,0.994106113910675,0.8933079838752747
YBR041W,YML054C,0,-0.4729026,0.10191339254379272,0.994106113910675,0.8934081196784973
YGR271C-A,YIL114C,0,-0.47323984,0.10190313309431076,0.994106113910675,0.8935083150863647
YDL235C,YLR039C,0,-0.4736529,0.1018928736448288,0.994106113910675,0.8936085104942322
YEL020C,YLL014W,0,-0.47374636,0.10188261419534683,0.994106113910675,0.8937086462974548
YLR027C,YLR221C,0,-0.47398555,0.10187235474586487,0.994106113910675,0.8938088417053223
YOR132W,YKL089W,0,-0.47642934,0.1018621027469635,0.994106113910675,0.8939090371131897
YIL074C,YLR427W,0,-0.47655857,0.10185185074806213,0.994106113910675,0.8940092325210571
YGL020C,YGR094W,0,-0.47657138,0.10184159874916077,0.994106113910675,0.8941093683242798
YFR024C-A,YGR195W,0,-0.4774512,0.10183135420084,0.994106113910675,0.8942095637321472
YGR215W,YER056C-A,0,-0.47764003,0.10182110965251923,0.994106113910675,0.8943097591400146
YIL148W,YDL052C,0,-0.47850013,0.10181086510419846,0.994106113910675,0.8944099545478821
YCR069W,YOR171C,0,-0.47901404,0.10180062055587769,0.994106113910675,0.8945100903511047
YIL131C,YGL111W,0,-0.47928882,0.10179038345813751,0.994106113910675,0.8946102857589722
YHR136C,YDL117W,0,-0.47944665,0.10178014636039734,0.994106113910675,0.8947104811668396
YNL090W,YDR400W,0,-0.4794618,0.10176990926265717,0.994106113910675,0.894810676574707
YBR167C,YHR158C,0,-0.47954082,0.10175967961549759,0.994106113910675,0.8949108123779297
YPL068C,YBR131W,0,-0.4796914,0.10174944996833801,0.994106113910675,0.8950110077857971
YPL246C,YGL195W,0,-0.4809729,0.10173922032117844,0.994106113910675,0.8951112031936646
YML101C,YPL023C,0,-0.48235768,0.10172899067401886,0.994106113910675,0.895211398601532
YBR035C,YER033C,0,-0.48261964,0.10171876847743988,0.994106113910675,0.8953115344047546
YMR071C,YPL072W,0,-0.48299897,0.1017085462808609,0.994106113910675,0.8954117298126221
YPR008W,YER094C,0,-0.48300207,0.10169832408428192,0.994106113910675,0.8955119252204895
YCR071C,YML120C,0,-0.48355055,0.10168810188770294,0.994106113910675,0.8956121206283569
YEL013W,YOR197W,0,-0.48381162,0.10167788714170456,0.994106113910675,0.8957122564315796
YMR047C,YOL147C,0,-0.4839387,0.10166767239570618,0.994106113910675,0.895812451839447
YLR274W,YLL018C,0,-0.4851266,0.1016574576497078,0.994106113910675,0.8959126472473145
YAR015W,YFR024C-A,0,-0.48535752,0.10164725035429001,0.994106113910675,0.8960128426551819
YDL042C,YLR413W,0,-0.48539072,0.10163703560829163,0.994106113910675,0.8961129784584045
YMR036C,YHR201C,0,-0.4857251,0.10162683576345444,0.994106113910675,0.896213173866272
YMR072W,YGL067W,0,-0.4870417,0.10161662846803665,0.994106113910675,0.8963133692741394
YDL067C,YOR150W,0,-0.48705244,0.10160642862319946,0.994106113910675,0.8964135646820068
YGL238W,YJR121W,0,-0.48741663,0.10159622877836227,0.994106113910675,0.8965137004852295
YGR013W,YJL138C,0,-0.4881736,0.10158602893352509,0.994106113910675,0.8966138958930969
YDR225W,YHR183W,0,-0.4882378,0.1015758290886879,0.994106113910675,0.8967140913009644
YMR302C,YIL050W,0,-0.4886456,0.1015656366944313,0.994106113910675,0.8968142867088318
YNR024W,YHL011C,0,-0.48873234,0.10155544430017471,0.994106113910675,0.8969144225120544
YBR214W,YPL095C,0,-0.48909348,0.10154525190591812,0.994106113910675,0.8970146179199219
YAL030W,YKL183W,0,-0.49035996,0.10153506696224213,0.994106113910675,0.8971148133277893
YJR044C,YGL039W,0,-0.49106443,0.10152488201856613,0.994106113910675,0.8972150087356567
YDR098C,YGR289C,0,-0.49113822,0.10151469707489014,0.994106113910675,0.8973151445388794
YNL189W,YER131W,0,-0.49135768,0.10150451213121414,0.994106113910675,0.8974153399467468
YML110C,YDR322W,0,-0.49137706,0.10149433463811874,0.994106113910675,0.8975155353546143
YDR331W,YLR121C,0,-0.49138796,0.10148415714502335,0.994106113910675,0.8976157307624817
YGL032C,YDL103C,0,-0.49176133,0.10147397965192795,0.994106113910675,0.8977158665657043
YFR055W,YNL025C,0,-0.4920249,0.10146380960941315,0.994106113910675,0.8978160619735718
YLR134W,YMR002W,0,-0.4927776,0.10145363211631775,0.994106113910675,0.8979162573814392
YHR112C,YIL087C,0,-0.4932034,0.10144346207380295,0.994106113910675,0.8980164527893066
YML010W,YDL165W,0,-0.49323153,0.10143329948186874,0.994106113910675,0.8981165885925293
YNR050C,YBL082C,0,-0.4935279,0.10142312943935394,0.994106113910675,0.8982167840003967
YOR367W,YNR047W,0,-0.49412358,0.10141296684741974,0.994106113910675,0.8983169794082642
YLR418C,YFR055W,1,-0.49425954,0.10150300711393356,0.9950883984565735,0.8983169794082642
YGL087C,YPL148C,0,-0.4943509,0.10149283707141876,0.9950883984565735,0.8984171748161316
YNL288W,YDL188C,0,-0.49467993,0.10148266702890396,0.9950883984565735,0.8985173106193542
YKL028W,YML031W,0,-0.49480128,0.10147250443696976,0.9950883984565735,0.8986175060272217
YGL048C,YMR091C,0,-0.49489278,0.10146234184503555,0.9950883984565735,0.8987177014350891
YGL085W,YDR289C,0,-0.49522448,0.10145217925310135,0.9950883984565735,0.8988178968429565
YCL040W,YMR322C,0,-0.4955002,0.10144201666116714,0.9950883984565735,0.8989180326461792
YDR189W,YDR177W,0,-0.49552226,0.10143186151981354,0.9950883984565735,0.8990182280540466
YLR293C,YBL045C,0,-0.49607754,0.10142170637845993,0.9950883984565735,0.8991184234619141
YDR302W,YLR192C,0,-0.49636525,0.10141155123710632,0.9950883984565735,0.8992186188697815
YGL087C,YPL177C,0,-0.4969846,0.10140140354633331,0.9950883984565735,0.8993187546730042
YJL080C,YPL215W,0,-0.4972992,0.1013912484049797,0.9950883984565735,0.8994189500808716
YNL116W,YLR378C,0,-0.4974485,0.10138110816478729,0.9950883984565735,0.899519145488739
YMR044W,YDR541C,0,-0.49770826,0.10137096047401428,0.9950883984565735,0.8996193408966064
YFR049W,YER021W,0,-0.4981714,0.10136081278324127,0.9950883984565735,0.8997194766998291
YBL023C,YGR181W,0,-0.498577,0.10135067254304886,0.9950883984565735,0.8998196721076965
YOR322C,YML085C,0,-0.49863154,0.10134053975343704,0.9950883984565735,0.899919867515564
YOR004W,YDR266C,0,-0.49942917,0.10133039951324463,0.9950883984565735,0.9000200629234314
YGR017W,YGR076C,0,-0.49996626,0.10132026672363281,0.9950883984565735,0.900120198726654
YOL051W,YBR235W,0,-0.50002277,0.101310133934021,0.9950883984565735,0.9002203941345215
YPR081C,YEL015W,0,-0.5009259,0.10130000114440918,0.9950883984565735,0.9003205895423889
YKR030W,YJR058C,0,-0.501013,0.10128986835479736,0.9950883984565735,0.9004207849502563
YDR398W,YOR247W,0,-0.5013657,0.10127974301576614,0.9950883984565735,0.900520920753479
YMR041C,YOR250C,0,-0.5016467,0.10126961767673492,0.9950883984565735,0.9006211161613464
YPL215W,YBL040C,0,-0.5032444,0.1012594997882843,0.9950883984565735,0.9007213115692139
YDR531W,YNL280C,0,-0.5041833,0.10124937444925308,0.9950883984565735,0.9008215069770813
YGR192C,YPL118W,0,-0.5042852,0.10123925656080246,0.9950883984565735,0.900921642780304
YJR015W,YJR067C,0,-0.5045502,0.10122913867235184,0.9950883984565735,0.9010218381881714
YLR355C,YLL022C,0,-0.5047181,0.10121902823448181,0.9950883984565735,0.9011220335960388
YFR041C,YHL044W,0,-0.50481844,0.10120891034603119,0.9950883984565735,0.9012222290039062
YKR013W,YBR046C,0,-0.50553185,0.10119879990816116,0.9950883984565735,0.9013223648071289
YOR348C,YDR027C,0,-0.50566995,0.10118868947029114,0.9950883984565735,0.9014225602149963
YNL049C,YNL151C,0,-0.5058675,0.10117858648300171,0.9950883984565735,0.9015227556228638
YBL027W,YGR245C,0,-0.50591147,0.10116848349571228,0.9950883984565735,0.9016229510307312
YHL013C,YDR279W,0,-0.5060971,0.10115838050842285,0.9950883984565735,0.9017230868339539
YGL229C,YGR194C,0,-0.5063155,0.10114827752113342,0.9950883984565735,0.9018232822418213
YOR167C,YMR076C,0,-0.5064551,0.10113818198442459,0.9950883984565735,0.9019234776496887
YOR092W,YCL011C,0,-0.507391,0.10112807899713516,0.9950883984565735,0.9020236134529114
YOL011W,YOR167C,0,-0.5077745,0.10111799091100693,0.9950883984565735,0.9021238088607788
YGR231C,YER099C,0,-0.50877076,0.1011078953742981,0.9950883984565735,0.9022240042686462
YOR096W,YBL030C,0,-0.5095522,0.10109780728816986,0.9950883984565735,0.9023241996765137
YML024W,YFL041W,0,-0.5096803,0.10108771920204163,0.9950883984565735,0.9024243354797363
YOL019W,YGR063C,0,-0.50973034,0.10107763111591339,0.9950883984565735,0.9025245308876038
YGL077C,YLL010C,0,-0.5101049,0.10106754302978516,0.9950883984565735,0.9026247262954712
YPL084W,YDR166C,0,-0.5112741,0.10105746239423752,0.9950883984565735,0.9027249217033386
YCL050C,YIL129C,0,-0.51231277,0.10104738175868988,0.9950883984565735,0.9028250575065613
YER141W,YGR227W,0,-0.51299906,0.10103730112314224,0.9950883984565735,0.9029252529144287
YHR091C,YGR080W,0,-0.51304,0.1010272279381752,0.9950883984565735,0.9030254483222961
YNL031C,YDR098C,0,-0.51311314,0.10101715475320816,0.9950883984565735,0.9031256437301636
YER033C,YOR136W,0,-0.5132245,0.10100708156824112,0.9950883984565735,0.9032257795333862
YDL232W,YML067C,0,-0.5143169,0.10099700838327408,0.9950883984565735,0.9033259749412537
YBL022C,YOL003C,0,-0.51440513,0.10098694264888763,0.9950883984565735,0.9034261703491211
YIR035C,YGR062C,0,-0.51644254,0.10097687691450119,0.9950883984565735,0.9035263657569885
YMR121C,YMR208W,0,-0.5165094,0.10096681118011475,0.9950883984565735,0.9036265015602112
YNL251C,YJL097W,0,-0.5174692,0.1009567454457283,0.9950883984565735,0.9037266969680786
YOL092W,YBL038W,0,-0.5174747,0.10094668716192245,0.9950883984565735,0.903826892375946
YLR077W,YBR041W,0,-0.5181169,0.10093662887811661,0.9950883984565735,0.9039270877838135
YJL072C,YDL143W,0,-0.51878107,0.10092657059431076,0.9950883984565735,0.9040272235870361
YPL172C,YGL005C,0,-0.5191345,0.10091651976108551,0.9950883984565735,0.9041274189949036
YMR298W,YKL060C,0,-0.5195042,0.10090646147727966,0.9950883984565735,0.904227614402771
YMR047C,YNR052C,0,-0.51968116,0.10089641064405441,0.9950883984565735,0.9043278098106384
YPR023C,YPR075C,0,-0.5216813,0.10088636726140976,0.9950883984565735,0.9044279456138611
YBR199W,YPR021C,0,-0.521811,0.10087631642818451,0.9950883984565735,0.9045281410217285
YDL145C,YML069W,0,-0.5224492,0.10086627304553986,0.9950883984565735,0.904628336429596
YLR100W,YDR091C,0,-0.5230575,0.1008562296628952,0.9950883984565735,0.9047285318374634
YDL239C,YBR244W,0,-0.52485335,0.10084619373083115,0.9950883984565735,0.904828667640686
YMR261C,YPL248C,0,-0.5248898,0.10083615034818649,0.9950883984565735,0.9049288630485535
YBR016W,YDR318W,0,-0.5250381,0.10082611441612244,0.9950883984565735,0.9050290584564209
YOL051W,YPL203W,0,-0.52508533,0.10081608593463898,0.9950883984565735,0.9051292538642883
YLL001W,YHR009C,0,-0.52558815,0.10080605000257492,0.9950883984565735,0.905229389667511
YER177W,YML019W,0,-0.5260185,0.10079602152109146,0.9950883984565735,0.9053295850753784
YLR262C,YFR015C,0,-0.52656317,0.100785993039608,0.9950883984565735,0.9054297804832458
YER078C,YDL052C,0,-0.52707446,0.10077596455812454,0.9950883984565735,0.9055299758911133
YLR430W,YGL198W,0,-0.5281031,0.10076594352722168,0.9950883984565735,0.9056301116943359
YJL157C,YNL064C,0,-0.5281491,0.10075591504573822,0.9950883984565735,0.9057303071022034
YLR109W,YKL087C,0,-0.5282992,0.10074589401483536,0.9950883984565735,0.9058305025100708
YLR367W,YDR088C,0,-0.52905315,0.10073588043451309,0.9950883984565735,0.9059306979179382
YJL170C,YHR009C,0,-0.53009063,0.10072585940361023,0.9950883984565735,0.9060308337211609
YOR116C,YOR172W,0,-0.53146917,0.10071584582328796,0.9950883984565735,0.9061310291290283
YMR083W,YMR110C,0,-0.5318763,0.1007058322429657,0.9950883984565735,0.9062312245368958
YGR083C,YHR052W,0,-0.5324067,0.10069582611322403,0.9950883984565735,0.9063314199447632
YER110C,YOL139C,0,-0.5328071,0.10068581998348236,0.9950883984565735,0.9064315557479858
YOR328W,YLR414C,0,-0.53291476,0.1006758064031601,0.9950883984565735,0.9065317511558533
YFR006W,YGR048W,0,-0.53340733,0.10066580772399902,0.9950883984565735,0.9066319465637207
YGL234W,YPR036W,0,-0.5337685,0.10065580159425735,0.9950883984565735,0.9067321419715881
YMR286W,YIL014W,0,-0.53448355,0.10064580291509628,0.9950883984565735,0.9068322777748108
YGR148C,YML091C,0,-0.5352715,0.10063580423593521,0.9950883984565735,0.9069324731826782
YEL006W,YOR250C,0,-0.535272,0.10062580555677414,0.9950883984565735,0.9070326685905457
YDR531W,YDR238C,0,-0.5360398,0.10061581432819366,0.9950883984565735,0.9071328639984131
YOR066W,YOL120C,0,-0.5362673,0.10060582309961319,0.9950883984565735,0.9072329998016357
YDR006C,YLR118C,0,-0.53634775,0.10059583187103271,0.9950883984565735,0.9073331952095032
YDR204W,YFR044C,0,-0.53654814,0.10058584064245224,0.9950883984565735,0.9074333906173706
YNL173C,YPR184W,0,-0.53722614,0.10057585686445236,0.9950883984565735,0.907533586025238
YJL044C,YLR368W,0,-0.5375236,0.10056586563587189,0.9950883984565735,0.9076337218284607
YJR033C,YPL154C,0,-0.53753483,0.1005558893084526,0.9950883984565735,0.9077339172363281
YHR167W,YMR236W,0,-0.5378727,0.10054590553045273,0.9950883984565735,0.9078341126441956
YDR341C,YBR077C,0,-0.5379374,0.10053592920303345,0.9950883984565735,0.907934308052063
YBR058C,YBR086C,0,-0.53794944,0.10052595287561417,0.9950883984565735,0.9080344438552856
YHR080C,YKR018C,0,-0.5380744,0.10051597654819489,0.9950883984565735,0.9081346392631531
YLR038C,YBL031W,0,-0.5385604,0.1005060002207756,0.9950883984565735,0.9082348346710205
YNL041C,YIL050W,0,-0.5387633,0.10049603134393692,0.9950883984565735,0.9083350300788879
YOR260W,YBR162W-A,0,-0.53889304,0.10048606246709824,0.9950883984565735,0.9084351658821106
YBR044C,YGL049C,0,-0.5393045,0.10047609359025955,0.9950883984565735,0.908535361289978
YBR153W,YHR009C,0,-0.5399806,0.10046613216400146,0.9950883984565735,0.9086355566978455
YPR032W,YNR052C,0,-0.54078233,0.10045617073774338,0.9950883984565735,0.9087357521057129
YKL150W,YDR348C,0,-0.5412017,0.10044620931148529,0.9950883984565735,0.9088358879089355
YKR065C,YAL051W,0,-0.54183614,0.1004362478852272,0.9950883984565735,0.908936083316803
YDL007W,YKL096W,0,-0.5419333,0.10042629390954971,0.9950883984565735,0.9090362787246704
YDR265W,YDR019C,0,-0.54219353,0.10041633993387222,0.9950883984565735,0.9091364741325378
YOL065C,YLR142W,0,-0.5437874,0.10040638595819473,0.9950883984565735,0.9092366099357605
YLR189C,YJL174W,0,-0.5442028,0.10039643198251724,0.9950883984565735,0.9093368053436279
YER021W,YKL193C,0,-0.54469526,0.10038648545742035,0.9950883984565735,0.9094370007514954
YDR516C,YJR088C,0,-0.54510146,0.10037653893232346,0.9950883984565735,0.9095371961593628
YGL121C,YDR214W,0,-0.5456747,0.10036659240722656,0.9950883984565735,0.9096373319625854
YGL093W,YKL006W,0,-0.54620016,0.10035664588212967,0.9950883984565735,0.9097375273704529
YPL249C,YML042W,0,-0.54629564,0.10034670680761337,0.9950883984565735,0.9098377227783203
YIL103W,YDL122W,0,-0.5465399,0.10033676773309708,0.9950883984565735,0.909937858581543
YBR139W,YDR313C,0,-0.5472586,0.10032682865858078,0.9950883984565735,0.9100380539894104
YDR347W,YIR007W,0,-0.54851663,0.10031689703464508,0.9950883984565735,0.9101382493972778
YNL162W,YDR257C,0,-0.5486121,0.10030695796012878,0.9950883984565735,0.9102384448051453
YLR090W,YMR177W,0,-0.54948467,0.10029702633619308,0.9950883984565735,0.9103385806083679
YOR257W,YNL091W,0,-0.5495864,0.10028710216283798,0.9950883984565735,0.9104387760162354
YFR041C,YJR016C,0,-0.55004686,0.10027717053890228,0.9950883984565735,0.9105389714241028
YOR175C,YLR200W,0,-0.55021465,0.10026724636554718,0.9950883984565735,0.9106391668319702
YHR190W,YGR295C,0,-0.55045956,0.10025732219219208,0.9950883984565735,0.9107393026351929
YBR205W,YHL021C,0,-0.5517964,0.10024740546941757,0.9950883984565735,0.9108394980430603
YNL041C,YDR513W,0,-0.5530528,0.10023748129606247,0.9950883984565735,0.9109396934509277
YPL013C,YMR221C,0,-0.55327153,0.10022756457328796,0.9950883984565735,0.9110398888587952
YCR031C,YGR083C,0,-0.5537574,0.10021764785051346,0.9950883984565735,0.9111400246620178
YJL080C,YKL145W,0,-0.5538551,0.10020773857831955,0.9950883984565735,0.9112402200698853
YHR005C,YDR115W,0,-0.5539955,0.10019782185554504,0.9950883984565735,0.9113404154777527
YGR148C,YMR058W,0,-0.55434155,0.10018791258335114,0.9950883984565735,0.9114406108856201
YDR463W,YDR375C,0,-0.5548588,0.10017800331115723,0.9950883984565735,0.9115407466888428
YKL157W,YPR155C,0,-0.55504507,0.10016810148954391,0.9950883984565735,0.9116409420967102
YEL051W,YKL218C,0,-0.5554355,0.1001581996679306,0.9950883984565735,0.9117411375045776
YDL193W,YOR247W,0,-0.55557597,0.10014829784631729,0.9950883984565735,0.9118413329124451
YCR043C,YBR109C,0,-0.55583566,0.10013839602470398,0.9950883984565735,0.9119414687156677
YOL012C,YGL044C,0,-0.5562687,0.10012849420309067,0.9950883984565735,0.9120416641235352
YDL106C,YLL006W,0,-0.55669683,0.10011859983205795,0.9950883984565735,0.9121418595314026
YIL033C,YBR008C,0,-0.5574142,0.10010870546102524,0.9950883984565735,0.91224205493927
YPL232W,YMR116C,0,-0.55797195,0.10009881108999252,0.9950883984565735,0.9123421907424927
YJL183W,YHL031C,0,-0.5597985,0.1000889241695404,0.9950883984565735,0.9124423861503601
YDR294C,YNL005C,0,-0.56126404,0.10007903724908829,0.9950883984565735,0.9125425815582275
YIL107C,YDR436W,0,-0.5613085,0.10006915032863617,0.9950883984565735,0.912642776966095
YNL248C,YLR045C,0,-0.5615407,0.10005926340818405,0.9950883984565735,0.9127429127693176
YLL050C,YML061C,0,-0.5627483,0.10004938393831253,0.9950883984565735,0.9128431081771851
YDR047W,YOL030W,0,-0.56378686,0.10003950446844101,0.9950883984565735,0.9129433035850525
YOR306C,YNL225C,0,-0.5638792,0.10002962499856949,0.9950883984565735,0.9130434989929199
YOR358W,YGR241C,0,-0.56429154,0.10001974552869797,0.9950883984565735,0.9131436347961426
YLR064W,YER133W,0,-0.56435287,0.10000987350940704,0.9950883984565735,0.91324383020401
YER093C,YJL052W,0,-0.56531745,0.10000000149011612,0.9950883984565735,0.9133440256118774
YEL009C,YDR517W,0,-0.56547546,0.0999901294708252,0.9950883984565735,0.9134442210197449
YBR106W,YBR029C,0,-0.56605005,0.09998025745153427,0.9950883984565735,0.9135443568229675
YOR380W,YKL197C,0,-0.5662452,0.09997039288282394,0.9950883984565735,0.913644552230835
YKR027W,YOR043W,0,-0.56725955,0.09996052831411362,0.9950883984565735,0.9137447476387024
YGR057C,YPL154C,0,-0.56875384,0.09995066374540329,0.9950883984565735,0.9138449430465698
YDR462W,YGL191W,0,-0.5689237,0.09994080662727356,0.9950883984565735,0.9139450788497925
YIR008C,YNL133C,0,-0.5694015,0.09993094950914383,0.9950883984565735,0.9140452742576599
YML069W,YLR216C,0,-0.5700826,0.0999210923910141,0.9950883984565735,0.9141454696655273
YBL064C,YNL025C,0,-0.5703326,0.09991123527288437,0.9950883984565735,0.9142456650733948
YOL041C,YOL120C,0,-0.57113886,0.09990137815475464,0.9950883984565735,0.9143458008766174
YBR191W,YIL127C,0,-0.57139784,0.0998915284872055,0.9950883984565735,0.9144459962844849
YDR354W,YOL013C,0,-0.57140946,0.09988167881965637,0.9950883984565735,0.9145461916923523
YHR149C,YDR119W,0,-0.57200557,0.09987182915210724,0.9950883984565735,0.9146463871002197
YKL016C,YOR157C,0,-0.5722351,0.0998619869351387,0.9950883984565735,0.9147465229034424
YDR104C,YOR198C,0,-0.5727956,0.09985214471817017,0.9950883984565735,0.9148467183113098
YOL139C,YKR024C,0,-0.5728084,0.09984230250120163,0.9950883984565735,0.9149469137191772
YCL035C,YGL160W,0,-0.5741123,0.0998324602842331,0.9950883984565735,0.9150471091270447
YNL221C,YGL039W,0,-0.5742344,0.09982262551784515,0.9950883984565735,0.9151472449302673
YGL206C,YMR029C,0,-0.5748181,0.09981279075145721,0.9950883984565735,0.9152474403381348
YBR229C,YDR011W,0,-0.5759404,0.09980295598506927,0.9950883984565735,0.9153476357460022
YKR038C,YPR016C,0,-0.5762535,0.09979312121868134,0.9950883984565735,0.9154478311538696
YBL056W,YDR115W,0,-0.57720196,0.09978329390287399,0.9950883984565735,0.9155479669570923
YHR190W,YDR390C,0,-0.5772499,0.09977346658706665,0.9950883984565735,0.9156481623649597
YDR004W,YOR354C,1,-0.57820094,0.09986212104558945,0.9960707426071167,0.9156481623649597
YMR056C,YJL154C,0,-0.5784433,0.09985228627920151,0.9960707426071167,0.9157483577728271
YLR304C,YML046W,0,-0.57846224,0.09984245896339417,0.9960707426071167,0.9158485531806946
YCR003W,YGR266W,0,-0.57867336,0.09983262419700623,0.9960707426071167,0.9159486889839172
YIL019W,YER025W,0,-0.57916796,0.09982279688119888,0.9960707426071167,0.9160488843917847
YNL336W,YIR006C,0,-0.5792625,0.09981297701597214,0.9960707426071167,0.9161490797996521
YDR074W,YDR316W,0,-0.5812823,0.0998031497001648,0.9960707426071167,0.9162492752075195
YIL121W,YBR049C,0,-0.5813148,0.09979332983493805,0.9960707426071167,0.9163494110107422
YDL004W,YDR407C,0,-0.58213305,0.0997835099697113,0.9960707426071167,0.9164496064186096
YIL056W,YER004W,0,-0.582414,0.09977369010448456,0.9960707426071167,0.916549801826477
YPR134W,YDR171W,0,-0.5829092,0.09976387023925781,0.9960707426071167,0.9166499972343445
YIL126W,YBR127C,0,-0.5831227,0.09975405782461166,0.9960707426071167,0.9167501330375671
YOR143C,YDR510W,0,-0.5837695,0.09974424540996552,0.9960707426071167,0.9168503284454346
YPL105C,YPL115C,0,-0.5837797,0.09973443299531937,0.9960707426071167,0.916950523853302
YHL008C,YCR035C,0,-0.5845201,0.09972462803125381,0.9960707426071167,0.9170507192611694
YLR459W,YPR178W,0,-0.5846605,0.09971482306718826,0.9960707426071167,0.9171508550643921
YLR064W,YDL095W,0,-0.5853448,0.09970501810312271,0.9960707426071167,0.9172510504722595
YLR116W,YLR427W,0,-0.58567524,0.09969521313905716,0.9960707426071167,0.917351245880127
YOL122C,YGL133W,0,-0.5859264,0.09968540817499161,0.9960707426071167,0.9174514412879944
YMR274C,YPL063W,0,-0.58667004,0.09967561066150665,0.9960707426071167,0.917551577091217
YBL050W,YBR199W,0,-0.58702725,0.0996658131480217,0.9960707426071167,0.9176517724990845
YCR036W,YIL114C,0,-0.587769,0.09965602308511734,0.9960707426071167,0.9177519679069519
YHR067W,YIR002C,0,-0.58792096,0.09964622557163239,0.9960707426071167,0.9178521633148193
YPR107C,YML120C,0,-0.5895835,0.09963643550872803,0.9960707426071167,0.917952299118042
YBR119W,YER078C,0,-0.59029603,0.09962664544582367,0.9960707426071167,0.9180524945259094
YLR085C,YDR051C,0,-0.59138215,0.09961685538291931,0.9960707426071167,0.9181526899337769
YHR080C,YER112W,0,-0.5934257,0.09960707277059555,0.9960707426071167,0.9182528257369995
YMR220W,YER086W,0,-0.5936997,0.09959729015827179,0.9960707426071167,0.9183530211448669
YJL041W,YDR234W,0,-0.59391874,0.09958750754594803,0.9960707426071167,0.9184532165527344
YMR116C,YKL045W,0,-0.5942362,0.09957772493362427,0.9960707426071167,0.9185534119606018
YGL129C,YPL246C,0,-0.5942752,0.0995679497718811,0.9960707426071167,0.9186535477638245
YBR154C,YPL234C,0,-0.5944558,0.09955817461013794,0.9960707426071167,0.9187537431716919
YBR205W,YOL147C,0,-0.59503233,0.09954839944839478,0.9960707426071167,0.9188539385795593
YOR075W,YKR085C,0,-0.5961101,0.09953862428665161,0.9960707426071167,0.9189541339874268
YPL012W,YER114C,0,-0.59657025,0.09952885657548904,0.9960707426071167,0.9190542697906494
YMR079W,YHR052W,0,-0.59728986,0.09951908886432648,0.9960707426071167,0.9191544651985168
YOR198C,YEL017C-A,0,-0.59744954,0.09950932115316391,0.9960707426071167,0.9192546606063843
YLR441C,YOL068C,0,-0.59750485,0.09949956089258194,0.9960707426071167,0.9193548560142517
YNL069C,YNL199C,0,-0.5983025,0.09948979318141937,0.9960707426071167,0.9194549918174744
YNL166C,YIL026C,0,-0.5991684,0.0994800329208374,0.9960707426071167,0.9195551872253418
YEL051W,YDR394W,0,-0.5993789,0.09947028011083603,0.9960707426071167,0.9196553826332092
YKR018C,YBR297W,0,-0.5994656,0.09946051985025406,0.9960707426071167,0.9197555780410767
YML007W,YPL015C,0,-0.59963894,0.09945076704025269,0.9960707426071167,0.9198557138442993
YPL095C,YGR178C,0,-0.6001037,0.09944101423025131,0.9960707426071167,0.9199559092521667
YLR293C,YPR114W,0,-0.60064846,0.09943126142024994,0.9960707426071167,0.9200561046600342
YDL064W,YIL034C,0,-0.60202503,0.09942150861024857,0.9960707426071167,0.9201563000679016
YBR146W,YPL028W,0,-0.60403687,0.09941176325082779,0.9960707426071167,0.9202564358711243
YDR324C,YEL034W,0,-0.604155,0.09940201789140701,0.9960707426071167,0.9203566312789917
YKL054C,YDR456W,0,-0.60456765,0.09939227253198624,0.9960707426071167,0.9204568266868591
YJL014W,YKR060W,0,-0.6057158,0.09938253462314606,0.9960707426071167,0.9205570220947266
YBR229C,YAL023C,0,-0.6063155,0.09937279671430588,0.9960707426071167,0.9206571578979492
YPR181C,YDL134C,0,-0.60762966,0.0993630588054657,0.9960707426071167,0.9207573533058167
YIL157C,YDR169C,0,-0.6082057,0.09935332089662552,0.9960707426071167,0.9208575487136841
YGL032C,YOL077C,0,-0.6087668,0.09934359043836594,0.9960707426071167,0.9209577441215515
YNL220W,YOR250C,0,-0.6089926,0.09933385252952576,0.9960707426071167,0.9210578799247742
YMR035W,YDR041W,0,-0.60988796,0.09932412207126617,0.9960707426071167,0.9211580753326416
YML042W,YHR201C,0,-0.61024284,0.09931439906358719,0.9960707426071167,0.921258270740509
YHL025W,YPL145C,0,-0.610904,0.0993046686053276,0.9960707426071167,0.9213584661483765
YDL064W,YPL118W,0,-0.6110494,0.09929494559764862,0.9960707426071167,0.9214586019515991
YDR255C,YBL064C,0,-0.6112242,0.09928522258996964,0.9960707426071167,0.9215587973594666
YNL310C,YMR079W,0,-0.611592,0.09927550703287125,0.9960707426071167,0.921658992767334
YBL072C,YPL145C,0,-0.6118501,0.09926578402519226,0.9960707426071167,0.9217591881752014
YJL179W,YGR063C,0,-0.61261904,0.09925606846809387,0.9960707426071167,0.9218593239784241
YDL191W,YJR076C,0,-0.6130563,0.09924635291099548,0.9960707426071167,0.9219595193862915
YDL106C,YLR120C,0,-0.61338145,0.09923664480447769,0.9960707426071167,0.9220597147941589
YLR239C,YLR059C,0,-0.61347497,0.0992269292473793,0.9960707426071167,0.9221599102020264
YKR058W,YGR194C,0,-0.61403745,0.09921722114086151,0.9960707426071167,0.922260046005249
YJR015W,YJL091C,0,-0.6155647,0.09920751303434372,0.9960707426071167,0.9223602414131165
YNL031C,YGL078C,0,-0.61666167,0.09919780492782593,0.9960707426071167,0.9224604368209839
YJR113C,YNL246W,0,-0.6167104,0.09918810427188873,0.9960707426071167,0.9225606322288513
YHR205W,YMR109W,0,-0.6173862,0.09917840361595154,0.9960707426071167,0.922660768032074
YOR174W,YOR189W,0,-0.6185006,0.09916870296001434,0.9960707426071167,0.9227609634399414
YDR098C,YDR256C,0,-0.6207361,0.09915900975465775,0.9960707426071167,0.9228611588478088
YOL127W,YKL125W,0,-0.622861,0.09914930909872055,0.9960707426071167,0.9229613542556763
YBL022C,YJR126C,0,-0.6231046,0.09913961589336395,0.9960707426071167,0.9230614900588989
YBR221C,YLR382C,0,-0.6233436,0.09912992268800735,0.9960707426071167,0.9231616854667664
YBR091C,YBR191W,0,-0.6259373,0.09912023693323135,0.9960707426071167,0.9232618808746338
YGL185C,YMR208W,0,-0.62717646,0.09911054372787476,0.9960707426071167,0.9233620762825012
YER099C,YIL115C,0,-0.6277621,0.09910085797309875,0.9960707426071167,0.9234622120857239
YNR052C,YAL007C,0,-0.62851954,0.09909117221832275,0.9960707426071167,0.9235624074935913
YOL094C,YGL039W,0,-0.6290739,0.09908149391412735,0.9960707426071167,0.9236626029014587
YPR188C,YBL016W,0,-0.6309972,0.09907181560993195,0.9960707426071167,0.9237627983093262
YHR202W,YMR256C,0,-0.6312071,0.09906213730573654,0.9960707426071167,0.9238629341125488
YML031W,YMR121C,0,-0.6314567,0.09905245900154114,0.9960707426071167,0.9239631295204163
YDR117C,YDL067C,0,-0.63181895,0.09904278069734573,0.9960707426071167,0.9240633249282837
YNL149C,YDR105C,0,-0.63254344,0.09903310984373093,0.9960707426071167,0.9241635203361511
YPR118W,YKL027W,0,-0.6327126,0.09902343899011612,0.9960707426071167,0.9242636561393738
YKL054C,YJR155W,0,-0.63332814,0.09901376813650131,0.9960707426071167,0.9243638515472412
YJR016C,YDR400W,0,-0.6352841,0.0990040972828865,0.9960707426071167,0.9244640469551086
YJL047C,YKL213C,0,-0.6359929,0.0989944338798523,0.9960707426071167,0.9245642423629761
YBR290W,YDR483W,0,-0.636066,0.09898477047681808,0.9960707426071167,0.9246643781661987
YKR046C,YER062C,0,-0.6360686,0.09897510707378387,0.9960707426071167,0.9247645735740662
YDL043C,YBR301W,0,-0.63621795,0.09896545112133026,0.9960707426071167,0.9248647689819336
YGR124W,YDR481C,0,-0.6366868,0.09895579516887665,0.9960707426071167,0.924964964389801
YOR374W,YMR188C,0,-0.6370621,0.09894613921642303,0.9960707426071167,0.9250651001930237
YMR314W,YKL184W,0,-0.63717294,0.09893648326396942,0.9960707426071167,0.9251652956008911
YMR142C,YML078W,0,-0.6378436,0.09892682731151581,0.9960707426071167,0.9252654910087585
YOR197W,YER021W,0,-0.6381289,0.09891717880964279,0.9960707426071167,0.925365686416626
YJL093C,YBR103W,0,-0.6385397,0.09890753030776978,0.9960707426071167,0.9254658222198486
YGL092W,YDL143W,0,-0.6391228,0.09889788180589676,0.9960707426071167,0.9255660176277161
YLR056W,YIL091C,0,-0.63963425,0.09888824075460434,0.9960707426071167,0.9256662130355835
YJR137C,YNL292W,0,-0.63964087,0.09887859225273132,0.9960707426071167,0.9257664084434509
YPR004C,YMR142C,0,-0.6397951,0.0988689512014389,0.9960707426071167,0.9258665442466736
YDR503C,YGL161C,0,-0.640761,0.09885931760072708,0.9960707426071167,0.925966739654541
YGR001C,YGR049W,0,-0.6408619,0.09884967654943466,0.9960707426071167,0.9260669350624084
YDR354W,YGR198W,0,-0.6412102,0.09884004294872284,0.9960707426071167,0.9261671304702759
YGL038C,YKL018W,0,-0.6414327,0.09883040934801102,0.9960707426071167,0.9262672662734985
YDR533C,YGL002W,0,-0.6419966,0.0988207757472992,0.9960707426071167,0.926367461681366
YOL122C,YGR009C,0,-0.6420271,0.09881114959716797,0.9960707426071167,0.9264676570892334
YMR002W,YDR394W,0,-0.6422014,0.09880152344703674,0.9960707426071167,0.926567792892456
YKL192C,YGR088W,0,-0.64222,0.09879189729690552,0.9960707426071167,0.9266679883003235
YIL123W,YOL030W,0,-0.642336,0.09878227114677429,0.9960707426071167,0.9267681837081909
YDL145C,YNL197C,0,-0.64234614,0.09877264499664307,0.9960707426071167,0.9268683791160583
YDL144C,YER078C,0,-0.64250505,0.09876302629709244,0.9960707426071167,0.926968514919281
YOR202W,YBR166C,0,-0.6427291,0.09875340759754181,0.9960707426071167,0.9270687103271484
YMR183C,YCL059C,0,-0.6427601,0.09874378889799118,0.9960707426071167,0.9271689057350159
YJR007W,YPL206C,0,-0.642779,0.09873417764902115,0.9960707426071167,0.9272691011428833
YNL096C,YJL033W,0,-0.6430078,0.09872456640005112,0.9960707426071167,0.927369236946106
YMR134W,YHR165C,0,-0.64313245,0.09871495515108109,0.9960707426071167,0.9274694323539734
YOL110W,YKL138C,0,-0.6432605,0.09870534390211105,0.9960707426071167,0.9275696277618408
YDR380W,YKL039W,0,-0.64348036,0.09869574010372162,0.9960707426071167,0.9276698231697083
YBL039C,YCR016W,0,-0.6436795,0.09868612885475159,0.9960707426071167,0.9277699589729309
YEL009C,YBR135W,0,-0.64375,0.09867652505636215,0.9960707426071167,0.9278701543807983
YHR013C,YGR037C,0,-0.6443585,0.09866692870855331,0.9960707426071167,0.9279703497886658
YHR147C,YOL147C,0,-0.64458907,0.09865732491016388,0.9960707426071167,0.9280705451965332
YJR139C,YDR365C,0,-0.64538497,0.09864772856235504,0.9960707426071167,0.9281706809997559
YDL100C,YLR355C,0,-0.64545536,0.0986381322145462,0.9960707426071167,0.9282708764076233
YJL158C,YLR066W,0,-0.64586264,0.09862853586673737,0.9960707426071167,0.9283710718154907
YNL037C,YNR037C,0,-0.6460345,0.09861894696950912,0.9960707426071167,0.9284712672233582
YEL051W,YBR133C,0,-0.647027,0.09860935807228088,0.9960707426071167,0.9285714030265808
YNL094W,YOL064C,0,-0.6470601,0.09859976917505264,0.9960707426071167,0.9286715984344482
YLR371W,YCL030C,0,-0.6473874,0.0985901802778244,0.9960707426071167,0.9287717938423157
YDR057W,YBL105C,0,-0.6474472,0.09858059138059616,0.9960707426071167,0.9288719892501831
YKR065C,YGR040W,0,-0.6478862,0.09857100993394852,0.9960707426071167,0.9289721250534058
YER144C,YOR250C,0,-0.6481702,0.09856142848730087,0.9960707426071167,0.9290723204612732
YIR036C,YJR077C,0,-0.6493225,0.09855185449123383,0.9960707426071167,0.9291725158691406
YBR004C,YOR007C,0,-0.6495118,0.09854227304458618,0.9960707426071167,0.9292727112770081
YDR120C,YIL114C,0,-0.65001917,0.09853269904851913,0.9960707426071167,0.9293728470802307
YBL061C,YLR064W,0,-0.6508259,0.09852312505245209,0.9960707426071167,0.9294730424880981
YNL069C,YLR299W,0,-0.6516571,0.09851355105638504,0.9960707426071167,0.9295732378959656
YMR234W,YLR340W,0,-0.65213513,0.09850398451089859,0.9960707426071167,0.929673433303833
YNL049C,YOR129C,0,-0.6522889,0.09849441796541214,0.9960707426071167,0.9297735691070557
YLR441C,YGL137W,0,-0.6526161,0.09848485141992569,0.9960707426071167,0.9298737645149231
YDR452W,YJR137C,0,-0.65438926,0.09847528487443924,0.9960707426071167,0.9299739599227905
YLR064W,YML126C,0,-0.65450835,0.09846571832895279,0.9960707426071167,0.930074155330658
YLR109W,YDL091C,0,-0.65517235,0.09845615923404694,0.9960707426071167,0.9301742911338806
YLR212C,YKL196C,0,-0.6554557,0.09844660013914108,0.9960707426071167,0.930274486541748
YPL254W,YOR167C,0,-0.655476,0.09843704849481583,0.9960707426071167,0.9303746819496155
YJL045W,YOR250C,0,-0.65666676,0.09842748939990997,0.9960707426071167,0.9304748773574829
YDR212W,YOR059C,0,-0.6569862,0.09841793775558472,0.9960707426071167,0.9305750131607056
YLR034C,YBR179C,0,-0.65778345,0.09840838611125946,0.9960707426071167,0.930675208568573
YER078C,YDR258C,0,-0.6580325,0.0983988344669342,0.9960707426071167,0.9307754039764404
YNR026C,YJR065C,0,-0.65998995,0.09838929027318954,0.9960707426071167,0.9308755993843079
YDR251W,YGR215W,0,-0.66038907,0.09837973862886429,0.9960707426071167,0.9309757351875305
YJR044C,YLR418C,0,-0.66239077,0.09837019443511963,0.9960707426071167,0.931075930595398
YLR204W,YNL177C,0,-0.6631256,0.09836065769195557,0.9960707426071167,0.9311761260032654
YDL130W,YGR159C,0,-0.6633882,0.09835111349821091,0.9960707426071167,0.9312763214111328
YHR083W,YPL019C,0,-0.66427237,0.09834157675504684,0.9960707426071167,0.9313764572143555
YLR430W,YPL118W,0,-0.6650214,0.09833204001188278,0.9960707426071167,0.9314766526222229
YMR022W,YDL243C,0,-0.66535836,0.09832250326871872,0.9960707426071167,0.9315768480300903
YHR084W,YML061C,0,-0.6664256,0.09831297397613525,0.9960707426071167,0.9316770434379578
YBR185C,YIL036W,0,-0.6672413,0.09830344468355179,0.9960707426071167,0.9317771792411804
YKL192C,YBR293W,0,-0.66892123,0.09829391539096832,0.9960707426071167,0.9318773746490479
YDL019C,YNL305C,0,-0.66925716,0.09828438609838486,0.9960707426071167,0.9319775700569153
YEL046C,YPL177C,0,-0.66940546,0.09827485680580139,0.9960707426071167,0.9320777654647827
YHR167W,YGL002W,0,-0.6694349,0.09826533496379852,0.9960707426071167,0.9321779012680054
YDR110W,YJR121W,0,-0.6704526,0.09825581312179565,0.9960707426071167,0.9322780966758728
YDR529C,YFL009W,0,-0.67122996,0.09824629127979279,0.9960707426071167,0.9323782920837402
YDL145C,YNL173C,0,-0.67250144,0.09823677688837051,0.9960707426071167,0.9324784874916077
YDL181W,YDR434W,0,-0.6726637,0.09822726249694824,0.9960707426071167,0.9325786232948303
YNR050C,YDR236C,0,-0.6736976,0.09821774810552597,0.9960707426071167,0.9326788187026978
YLR109W,YNR030W,0,-0.67434144,0.0982082337141037,0.9960707426071167,0.9327790141105652
YDR293C,YML124C,0,-0.67440397,0.09819871932268143,0.9960707426071167,0.9328792095184326
YHR165C,YDR427W,0,-0.6760149,0.09818921238183975,0.9960707426071167,0.9329793453216553
YML032C,YLR219W,1,-0.6766528,0.0982765331864357,0.9970530271530151,0.9329793453216553
YDL124W,YGL127C,0,-0.67741567,0.09826701879501343,0.9970530271530151,0.9330795407295227
YKL039W,YBR185C,0,-0.67824423,0.09825750440359116,0.9970530271530151,0.9331797361373901
YGL229C,YDR194C,0,-0.67830837,0.09824799001216888,0.9970530271530151,0.9332799315452576
YBR293W,YIR002C,0,-0.6787119,0.09823848307132721,0.9970530271530151,0.9333800673484802
YGR062C,YDR276C,0,-0.67886704,0.09822897613048553,0.9970530271530151,0.9334802627563477
YDR044W,YGL047W,0,-0.6792336,0.09821946918964386,0.9970530271530151,0.9335804581642151
YBL007C,YCR009C,0,-0.6794313,0.09820996969938278,0.9970530271530151,0.9336806535720825
YGR001C,YJL052W,0,-0.6822928,0.09820046275854111,0.9970530271530151,0.9337807893753052
YHR133C,YHR148W,0,-0.68242985,0.09819096326828003,0.9970530271530151,0.9338809847831726
YNL287W,YKL114C,0,-0.6824446,0.09818146377801895,0.9970530271530151,0.93398118019104
YLR058C,YDR023W,0,-0.68330425,0.09817197173833847,0.9970530271530151,0.9340813755989075
YBR146W,YDL058W,0,-0.6833747,0.09816247224807739,0.9970530271530151,0.9341815114021301
YGR028W,YKR087C,0,-0.6852465,0.09815298020839691,0.9970530271530151,0.9342817068099976
YDR204W,YMR256C,0,-0.68632424,0.09814349561929703,0.9970530271530151,0.934381902217865
YML025C,YJR121W,0,-0.6868906,0.09813400357961655,0.9970530271530151,0.9344820380210876
YJL170C,YPR107C,0,-0.68704563,0.09812451899051666,0.9970530271530151,0.9345822334289551
YPL047W,YBR036C,0,-0.6873593,0.09811503440141678,0.9970530271530151,0.9346824288368225
YNL322C,YGR024C,0,-0.6878792,0.0981055498123169,0.9970530271530151,0.9347826242446899
YIL010W,YER120W,0,-0.6885686,0.09809606522321701,0.9970530271530151,0.9348827600479126
YOR158W,YOR167C,0,-0.68858325,0.09808658808469772,0.9970530271530151,0.93498295545578
YOL137W,YNL229C,0,-0.689345,0.09807711094617844,0.9970530271530151,0.9350831508636475
YBR169C,YDR116C,0,-0.68981326,0.09806763380765915,0.9970530271530151,0.9351833462715149
YDR346C,YDR280W,0,-0.69266236,0.09805815666913986,0.9970530271530151,0.9352834820747375
YBR229C,YGL208W,0,-0.6926873,0.09804868698120117,0.9970530271530151,0.935383677482605
YBR003W,YFR044C,0,-0.6927107,0.09803921729326248,0.9970530271530151,0.9354838728904724
YGR211W,YKL005C,0,-0.69302714,0.09802974760532379,0.9970530271530151,0.9355840682983398
YDR071C,YKR093W,0,-0.6938894,0.0980202779173851,0.9970530271530151,0.9356842041015625
YPL040C,YLR297W,0,-0.6946463,0.09801081568002701,0.9970530271530151,0.9357843995094299
YGR028W,YBR086C,0,-0.6955086,0.09800135344266891,0.9970530271530151,0.9358845949172974
YDR148C,YOR150W,0,-0.69556606,0.09799189120531082,0.9970530271530151,0.9359847903251648
YNR030W,YKL040C,0,-0.6956858,0.09798242896795273,0.9970530271530151,0.9360849261283875
YLR450W,YOL071W,0,-0.69638675,0.09797297418117523,0.9970530271530151,0.9361851215362549
YER161C,YIL109C,0,-0.6981485,0.09796351939439774,0.9970530271530151,0.9362853169441223
YDR178W,YKL134C,0,-0.6987257,0.09795406460762024,0.9970530271530151,0.9363855123519897
YDR279W,YPL059W,0,-0.698804,0.09794460982084274,0.9970530271530151,0.9364856481552124
YBR288C,YOL021C,0,-0.69891196,0.09793516248464584,0.9970530271530151,0.9365858435630798
YML021C,YPR020W,0,-0.6997541,0.09792571514844894,0.9970530271530151,0.9366860389709473
YFR049W,YDR347W,0,-0.7000667,0.09791626781225204,0.9970530271530151,0.9367862343788147
YNL263C,YMR036C,0,-0.70007527,0.09790682047605515,0.9970530271530151,0.9368863701820374
YOR086C,YER141W,0,-0.7006261,0.09789737313985825,0.9970530271530151,0.9369865655899048
YKL065C,YMR072W,0,-0.7009264,0.09788793325424194,0.9970530271530151,0.9370867609977722
YOL065C,YKL065C,0,-0.7014244,0.09787849336862564,0.9970530271530151,0.9371869564056396
YMR037C,YIR036C,0,-0.70171285,0.09786906093358994,0.9970530271530151,0.9372870922088623
YIL125W,YML078W,0,-0.7044785,0.09785962104797363,0.9970530271530151,0.9373872876167297
YGR132C,YHR016C,0,-0.7052773,0.09785018861293793,0.9970530271530151,0.9374874830245972
YIL087C,YMR072W,0,-0.70572513,0.09784075617790222,0.9970530271530151,0.9375876784324646
YLR448W,YOR016C,0,-0.7062328,0.09783132374286652,0.9970530271530151,0.9376878142356873
YNL134C,YDR316W,0,-0.7062854,0.09782189875841141,0.9970530271530151,0.9377880096435547
YCL055W,YCL050C,0,-0.70640373,0.0978124663233757,0.9970530271530151,0.9378882050514221
YER058W,YHR016C,0,-0.7076093,0.0978030413389206,0.9970530271530151,0.9379884004592896
YEL039C,YGR088W,0,-0.70814574,0.09779362380504608,0.9970530271530151,0.9380885362625122
YOL041C,YJL002C,0,-0.7088216,0.09778419882059097,0.9970530271530151,0.9381887316703796
YER167W,YHR112C,0,-0.7098192,0.09777478128671646,0.9970530271530151,0.9382889270782471
YHR042W,YBL030C,0,-0.7098922,0.09776536375284195,0.9970530271530151,0.9383891224861145
YHL001W,YFR038W,0,-0.7116266,0.09775594621896744,0.9970530271530151,0.9384892582893372
YKL043W,YFR024C-A,0,-0.7123753,0.09774653613567352,0.9970530271530151,0.9385894536972046
YBR159W,YPL256C,0,-0.71239626,0.09773711860179901,0.9970530271530151,0.938689649105072
YDR120C,YPL001W,0,-0.71245766,0.0977277085185051,0.9970530271530151,0.9387898445129395
YCR017C,YBL101C,0,-0.7124771,0.09771829843521118,0.9970530271530151,0.9388899803161621
YBR288C,YHR187W,0,-0.71284956,0.09770889580249786,0.9970530271530151,0.9389901757240295
YOR046C,YML067C,0,-0.7137501,0.09769949316978455,0.9970530271530151,0.939090371131897
YDL072C,YJL062W,0,-0.7138885,0.09769008308649063,0.9970530271530151,0.9391905665397644
YBR086C,YJR076C,0,-0.7142508,0.09768068790435791,0.9970530271530151,0.9392907023429871
YML069W,YBR109C,0,-0.71543175,0.09767128527164459,0.9970530271530151,0.9393908977508545
YOR257W,YNL123W,0,-0.715467,0.09766189008951187,0.9970530271530151,0.9394910931587219
YKL052C,YDL185W,0,-0.7163025,0.09765249490737915,0.9970530271530151,0.9395912885665894
YJR025C,YLR421C,0,-0.7165795,0.09764309972524643,0.9970530271530151,0.939691424369812
YOR236W,YKL192C,0,-0.7166505,0.09763370454311371,0.9970530271530151,0.9397916197776794
YJL072C,YHR098C,0,-0.7171781,0.09762431681156158,0.9970530271530151,0.9398918151855469
YGR017W,YJR137C,0,-0.7173005,0.09761492908000946,0.9970530271530151,0.9399920105934143
YDR481C,YBR221C,0,-0.71760565,0.09760554134845734,0.9970530271530151,0.940092146396637
YBR191W,YPL225W,0,-0.7177727,0.09759615361690521,0.9970530271530151,0.9401923418045044
YJR073C,YDR347W,0,-0.7179443,0.09758677333593369,0.9970530271530151,0.9402925372123718
YOL039W,YMR221C,0,-0.7185931,0.09757738560438156,0.9970530271530151,0.9403927326202393
YOR125C,YGR170W,0,-0.72061086,0.09756801277399063,0.9970530271530151,0.9404928684234619
YNL125C,YMR198W,0,-0.721067,0.0975586324930191,0.9970530271530151,0.9405930638313293
YDR528W,YNL062C,0,-0.7214199,0.09754925221204758,0.9970530271530151,0.9406932592391968
YHR114W,YMR297W,0,-0.7215851,0.09753987938165665,0.9970530271530151,0.9407934546470642
YJR093C,YNL325C,0,-0.72364765,0.09753050655126572,0.9970530271530151,0.9408935904502869
YIR014W,YHR050W,0,-0.7240784,0.09752114117145538,0.9970530271530151,0.9409937858581543
YHR122W,YOR043W,0,-0.7246823,0.09751176834106445,0.9970530271530151,0.9410939812660217
YMR024W,YPR036W,0,-0.72477615,0.09750240296125412,0.9970530271530151,0.9411941766738892
YAL042W,YDR331W,0,-0.7249899,0.09749303758144379,0.9970530271530151,0.9412943124771118
YGL107C,YNL030W,0,-0.7266399,0.09748367220163345,0.9970530271530151,0.9413945078849792
YBL051C,YAL041W,0,-0.7270192,0.09747431427240372,0.9970530271530151,0.9414947032928467
YML124C,YKL197C,0,-0.72736436,0.09746494889259338,0.9970530271530151,0.9415948987007141
YDL185W,YGL127C,1,-0.7274438,0.0975516065955162,0.9980353713035583,0.9415948987007141
YDL145C,YKL176C,0,-0.7288585,0.09754224121570587,0.9980353713035583,0.9416950345039368
YMR119W,YER083C,0,-0.73012775,0.09753287583589554,0.9980353713035583,0.9417952299118042
YOL123W,YHR183W,0,-0.7306533,0.0975235179066658,0.9980353713035583,0.9418954253196716
YBR077C,YGR121C,0,-0.7306824,0.09751415997743607,0.9980353713035583,0.9419956207275391
YBR057C,YDR129C,0,-0.7308663,0.09750480204820633,0.9980353713035583,0.9420957565307617
YDL223C,YDR204W,0,-0.73150575,0.09749544411897659,0.9980353713035583,0.9421959519386292
YDR084C,YMR074C,0,-0.7318815,0.09748608618974686,0.9980353713035583,0.9422961473464966
YPR185W,YLR136C,0,-0.7323841,0.09747673571109772,0.9980353713035583,0.942396342754364
YNL268W,YCR067C,0,-0.7343217,0.09746738523244858,0.9980353713035583,0.9424964785575867
YOR057W,YER123W,0,-0.7345524,0.09745803475379944,0.9980353713035583,0.9425966739654541
YOR247W,YOL120C,0,-0.7348253,0.0974486842751503,0.9980353713035583,0.9426968693733215
YMR274C,YER164W,0,-0.7353164,0.09743934124708176,0.9980353713035583,0.9427970051765442
YEL020C,YDR158W,0,-0.7361988,0.09742999821901321,0.9980353713035583,0.9428972005844116
YKR003W,YCL001W,0,-0.737535,0.09742065519094467,0.9980353713035583,0.942997395992279
YLR220W,YDL052C,0,-0.73782563,0.09741131216287613,0.9980353713035583,0.9430975914001465
YJL097W,YJL133W,0,-0.73800576,0.09740197658538818,0.9980353713035583,0.9431977272033691
YIL064W,YDR352W,0,-0.7383785,0.09739264100790024,0.9980353713035583,0.9432979226112366
YHR010W,YNL091W,0,-0.7387019,0.09738330543041229,0.9980353713035583,0.943398118019104
YJL063C,YER025W,0,-0.7414191,0.09737396985292435,0.9980353713035583,0.9434983134269714
YNL029C,YER003C,0,-0.7423117,0.097364641726017,0.9980353713035583,0.9435984492301941
YJR113C,YDL082W,0,-0.74274015,0.09735530614852905,0.9980353713035583,0.9436986446380615
YNL301C,YOR094W,0,-0.7427927,0.0973459780216217,0.9980353713035583,0.943798840045929
YLR355C,YEL055C,0,-0.7439091,0.09733665734529495,0.9980353713035583,0.9438990354537964
YOR122C,YOR175C,0,-0.744084,0.0973273292183876,0.9980353713035583,0.943999171257019
YPL019C,YHR072W,0,-0.74420065,0.09731800854206085,0.9980353713035583,0.9440993666648865
YGR124W,YMR030W,0,-0.74574083,0.0973086878657341,0.9980353713035583,0.9441995620727539
YGL054C,YCR004C,0,-0.74613285,0.09729936718940735,0.9980353713035583,0.9442997574806213
YGR023W,YPL132W,0,-0.74729395,0.0972900539636612,0.9980353713035583,0.944399893283844
YDR434W,YGR024C,0,-0.7488158,0.09728073328733444,0.9980353713035583,0.9445000886917114
YCR077C,YJR065C,0,-0.74949825,0.09727142006158829,0.9980353713035583,0.9446002840995789
YDR212W,YLR057W,0,-0.7497595,0.09726210683584213,0.9980353713035583,0.9447004795074463
YPR081C,YDL110C,0,-0.751073,0.09725280106067657,0.9980353713035583,0.944800615310669
YCL051W,YAL023C,0,-0.7519639,0.09724349528551102,0.9980353713035583,0.9449008107185364
YGL232W,YOR120W,0,-0.7519708,0.09723418205976486,0.9980353713035583,0.9450010061264038
YDR418W,YDR088C,0,-0.7524747,0.0972248837351799,0.9980353713035583,0.9451012015342712
YPL022W,YPR107C,0,-0.75292945,0.09721557796001434,0.9980353713035583,0.9452013373374939
YBR221C,YOR329C,0,-0.7575903,0.09720627963542938,0.9980353713035583,0.9453015327453613
YHR186C,YGR082W,0,-0.7586101,0.09719697386026382,0.9980353713035583,0.9454017281532288
YCL011C,YPR036W,0,-0.7599001,0.09718768298625946,0.9980353713035583,0.9455019235610962
YKL080W,YIL155C,0,-0.7610277,0.0971783846616745,0.9980353713035583,0.9456020593643188
YGL087C,YPR037C,0,-0.7611726,0.09716908633708954,0.9980353713035583,0.9457022547721863
YIR003W,YNR037C,0,-0.76122415,0.09715979546308517,0.9980353713035583,0.9458024501800537
YOR321W,YIL063C,0,-0.7626003,0.09715050458908081,0.9980353713035583,0.9459026455879211
YIR034C,YJL094C,0,-0.7638943,0.09714122116565704,0.9980353713035583,0.9460027813911438
YGR245C,YGR037C,0,-0.76389885,0.09713193029165268,0.9980353713035583,0.9461029767990112
YNL081C,YKL194C,0,-0.7641219,0.09712264686822891,0.9980353713035583,0.9462031722068787
YHR025W,YLL050C,0,-0.76431406,0.09711336344480515,0.9980353713035583,0.9463033676147461
YNR055C,YOL059W,0,-0.7645951,0.09710408002138138,0.9980353713035583,0.9464035034179688
YGL105W,YKL016C,0,-0.76496536,0.09709480404853821,0.9980353713035583,0.9465036988258362
YDR231C,YER026C,0,-0.7670275,0.09708552062511444,0.9980353713035583,0.9466038942337036
YBL016W,YGL040C,0,-0.76881033,0.09707624465227127,0.9980353713035583,0.946704089641571
YBR288C,YIL123W,0,-0.7693041,0.0970669686794281,0.9980353713035583,0.9468042254447937
YMR092C,YML098W,0,-0.7693834,0.09705770015716553,0.9980353713035583,0.9469044208526611
YHR111W,YOR316C,0,-0.76950395,0.09704843163490295,0.9980353713035583,0.9470046162605286
YGR260W,YNR001C,0,-0.7706943,0.09703916311264038,0.9980353713035583,0.947104811668396
YLR441C,YJL180C,0,-0.7710346,0.09702989459037781,0.9980353713035583,0.9472049474716187
YDL174C,YBR268W,0,-0.7714939,0.09702062606811523,0.9980353713035583,0.9473051428794861
YLR246W,YDR517W,0,-0.77224076,0.09701136499643326,0.9980353713035583,0.9474053382873535
YJR139C,YMR208W,0,-0.7727776,0.09700210392475128,0.9980353713035583,0.947505533695221
YBL057C,YMR237W,0,-0.7731341,0.0969928428530693,0.9980353713035583,0.9476056694984436
YMR314W,YMR158W,0,-0.7732466,0.09698358178138733,0.9980353713035583,0.947705864906311
YLR265C,YKR030W,0,-0.774647,0.09697432816028595,0.9980353713035583,0.9478060603141785
YLR188W,YMR080C,0,-0.776663,0.09696506708860397,0.9980353713035583,0.9479062557220459
YFR055W,YHR167W,1,-0.7793218,0.09705124795436859,0.9990176558494568,0.9479062557220459
YNL287W,YPR133C,0,-0.7797159,0.09704198688268661,0.9990176558494568,0.9480063915252686
YBL006C,YBL099W,0,-0.7797872,0.09703272581100464,0.9990176558494568,0.948106586933136
YGR017W,YOR372C,0,-0.779891,0.09702347218990326,0.9990176558494568,0.9482067823410034
YGR188C,YIL033C,0,-0.7804625,0.09701421111822128,0.9990176558494568,0.9483069777488708
YER023W,YDL066W,0,-0.78169334,0.0970049574971199,0.9990176558494568,0.9484071135520935
YIL051C,YMR083W,0,-0.7819547,0.09699571132659912,0.9990176558494568,0.9485073089599609
YPL172C,YOR205C,0,-0.78208935,0.09698645770549774,0.9990176558494568,0.9486075043678284
YDR487C,YGR207C,0,-0.78229463,0.09697721153497696,0.9990176558494568,0.9487076997756958
YPL204W,YMR289W,0,-0.78271145,0.09696796536445618,0.9990176558494568,0.9488078355789185
YLR006C,YIL041W,0,-0.78455067,0.0969587191939354,0.9990176558494568,0.9489080309867859
YOR158W,YJR058C,0,-0.785472,0.09694947302341461,0.9990176558494568,0.9490082263946533
YDR372C,YML101C,0,-0.7856209,0.09694023430347443,0.9990176558494568,0.9491084218025208
YDR284C,YLR178C,0,-0.785779,0.09693099558353424,0.9990176558494568,0.9492085576057434
YMR217W,YBR130C,0,-0.78658354,0.09692175686359406,0.9990176558494568,0.9493087530136108
YJL138C,YKR060W,0,-0.78662264,0.09691251814365387,0.9990176558494568,0.9494089484214783
YMR100W,YGR172C,0,-0.7893276,0.09690328687429428,0.9990176558494568,0.9495091438293457
YNL301C,YKL127W,0,-0.79016477,0.09689405560493469,0.9990176558494568,0.9496092796325684
YOR158W,YKR053C,0,-0.7909762,0.0968848243355751,0.9990176558494568,0.9497094750404358
YGR086C,YGL053W,0,-0.79131943,0.09687559306621552,0.9990176558494568,0.9498096704483032
YPL160W,YOL125W,0,-0.7918864,0.09686636924743652,0.9990176558494568,0.9499098658561707
YJR059W,YDR538W,0,-0.7939532,0.09685714542865753,0.9990176558494568,0.9500100016593933
YBR166C,YKL196C,0,-0.79467773,0.09684792160987854,0.9990176558494568,0.9501101970672607
YIR007W,YDR322W,0,-0.7949474,0.09683869779109955,0.9990176558494568,0.9502103924751282
YOR236W,YEL058W,0,-0.7954885,0.09682947397232056,0.9990176558494568,0.9503105878829956
YLR083C,YOR356W,0,-0.7956015,0.09682025760412216,0.9990176558494568,0.9504107236862183
YGL119W,YIL125W,0,-0.7957057,0.09681104123592377,0.9990176558494568,0.9505109190940857
YDR127W,YFR044C,0,-0.7971935,0.09680182486772537,0.9990176558494568,0.9506111145019531
YFR014C,YMR072W,0,-0.7976943,0.09679261595010757,0.9990176558494568,0.9507113099098206
YIL148W,YGL022W,0,-0.7988378,0.09678339958190918,0.9990176558494568,0.9508114457130432
YER061C,YDR115W,0,-0.7993348,0.09677419066429138,0.9990176558494568,0.9509116411209106
YMR091C,YLR023C,0,-0.79948026,0.09676498919725418,0.9990176558494568,0.9510118365287781
YDR347W,YLR256W,0,-0.8003418,0.09675578027963638,0.9990176558494568,0.9511119723320007
YBR201W,YPL137C,0,-0.80048156,0.09674657881259918,0.9990176558494568,0.9512121677398682
YNR032W,YGR023W,0,-0.8041842,0.09673736989498138,0.9990176558494568,0.9513123631477356
YJR123W,YGL120C,0,-0.8046566,0.09672816842794418,0.9990176558494568,0.951412558555603
YBL055C,YPL170W,0,-0.8046974,0.09671897441148758,0.9990176558494568,0.9515126943588257
YPL154C,YGR172C,0,-0.8049934,0.09670977294445038,0.9990176558494568,0.9516128897666931
YBL030C,YER083C,0,-0.8069782,0.09670057892799377,0.9990176558494568,0.9517130851745605
YHL015W,YMR080C,0,-0.8076512,0.09669138491153717,0.9990176558494568,0.951813280582428
YDR248C,YDL174C,0,-0.8079547,0.09668219089508057,0.9990176558494568,0.9519134163856506
YBR127C,YOR356W,0,-0.8082793,0.09667300432920456,0.9990176558494568,0.9520136117935181
YBR199W,YNR037C,0,-0.80868125,0.09666381776332855,0.9990176558494568,0.9521138072013855
YJL089W,YMR170C,0,-0.8087457,0.09665463119745255,0.9990176558494568,0.9522140026092529
YOR253W,YLR056W,0,-0.8107404,0.09664544463157654,0.9990176558494568,0.9523141384124756
YKL080W,YDL005C,0,-0.81171656,0.09663625806570053,0.9990176558494568,0.952414333820343
YML092C,YDR100W,0,-0.8123735,0.09662707895040512,0.9990176558494568,0.9525145292282104
YML007W,YJR137C,0,-0.81292117,0.09661789983510971,0.9990176558494568,0.9526147246360779
YLR304C,YKR085C,0,-0.813069,0.0966087207198143,0.9990176558494568,0.9527148604393005
YJL186W,YHL032C,0,-0.81361115,0.09659954160451889,0.9990176558494568,0.952815055847168
YCR004C,YKL039W,0,-0.81369865,0.09659036993980408,0.9990176558494568,0.9529152512550354
YDR280W,YPL048W,0,-0.81397784,0.09658119827508926,0.9990176558494568,0.9530154466629028
YLR448W,YMR076C,0,-0.81430376,0.09657202661037445,0.9990176558494568,0.9531155824661255
YMR076C,YOR210W,0,-0.8149226,0.09656285494565964,0.9990176558494568,0.9532157778739929
YNR022C,YDR237W,0,-0.81496084,0.09655369073152542,0.9990176558494568,0.9533159732818604
YKR096W,YGR181W,0,-0.81592464,0.09654451906681061,0.9990176558494568,0.9534161686897278
YIL130W,YDL075W,0,-0.8183991,0.09653535485267639,0.9990176558494568,0.9535163044929504
YMR047C,YOR354C,0,-0.81993794,0.09652619808912277,0.9990176558494568,0.9536164999008179
YNL305C,YPR017C,0,-0.81994987,0.09651703387498856,0.9990176558494568,0.9537166953086853
YNL243W,YLR011W,0,-0.8201207,0.09650787711143494,0.9990176558494568,0.9538168907165527
YGL054C,YNL221C,0,-0.8204361,0.09649872034788132,0.9990176558494568,0.9539170265197754
YGR257C,YPR036W,0,-0.82096386,0.0964895635843277,0.9990176558494568,0.9540172219276428
YER095W,YKR080W,0,-0.8212825,0.09648040682077408,0.9990176558494568,0.9541174173355103
YPL203W,YIL036W,0,-0.8214184,0.09647125750780106,0.9990176558494568,0.9542176127433777
YER144C,YER004W,0,-0.8239856,0.09646210819482803,0.9990176558494568,0.9543177485466003
YDR328C,YJR139C,0,-0.8251487,0.09645295888185501,0.9990176558494568,0.9544179439544678
YPL020C,YNR049C,0,-0.8256049,0.09644380956888199,0.9990176558494568,0.9545181393623352
YKL212W,YLR324W,0,-0.8260132,0.09643466770648956,0.9990176558494568,0.9546183347702026
YJR113C,YJL138C,0,-0.82666063,0.09642552584409714,0.9990176558494568,0.9547184705734253
YIL070C,YMR215W,0,-0.8293567,0.09641638398170471,0.9990176558494568,0.9548186659812927
YDR372C,YDR456W,0,-0.8302289,0.09640724211931229,0.9990176558494568,0.9549188613891602
YDL122W,YOL120C,0,-0.83053553,0.09639810770750046,0.9990176558494568,0.9550190567970276
YKR085C,YBR302C,0,-0.83078945,0.09638896584510803,0.9990176558494568,0.9551191926002502
YGR135W,YFL036W,0,-0.83180416,0.0963798314332962,0.9990176558494568,0.9552193880081177
YFR006W,YML031W,0,-0.83243406,0.09637069702148438,0.9990176558494568,0.9553195834159851
YMR142C,YOL119C,0,-0.8328136,0.09636157006025314,0.9990176558494568,0.9554197788238525
YIL023C,YMR205C,0,-0.83345926,0.09635244309902191,0.9990176558494568,0.9555199146270752
YOR182C,YNR046W,0,-0.8337865,0.09634330868721008,0.9990176558494568,0.9556201100349426
YHR017W,YHL031C,0,-0.8346076,0.09633418917655945,0.9990176558494568,0.9557203054428101
YIL123W,YPL220W,0,-0.83464277,0.09632506221532822,0.9990176558494568,0.9558205008506775
YOR375C,YHR065C,0,-0.834828,0.09631594270467758,0.9990176558494568,0.9559206366539001
YNR047W,YHL031C,0,-0.8354502,0.09630681574344635,0.9990176558494568,0.9560208320617676
YER058W,YDR276C,0,-0.8367685,0.09629769623279572,0.9990176558494568,0.956121027469635
YMR080C,YDL226C,0,-0.8370651,0.09628858417272568,0.9990176558494568,0.9562212228775024
YDR368W,YNL322C,0,-0.83950365,0.09627946466207504,0.9990176558494568,0.9563213586807251
YML110C,YDR468C,0,-0.84083414,0.096270352602005,0.9990176558494568,0.9564215540885925
YDR317W,YDR486C,0,-0.84256136,0.09626124054193497,0.9990176558494568,0.95652174949646
YER056C,YNL083W,0,-0.84290755,0.09625212848186493,0.9990176558494568,0.9566219449043274
YDR268W,YER004W,0,-0.8453051,0.09624302387237549,0.9990176558494568,0.95672208070755
YBR280C,YML048W,0,-0.8457005,0.09623391181230545,0.9990176558494568,0.9568222761154175
YOR103C,YOR109W,0,-0.84599614,0.09622480720281601,0.9990176558494568,0.9569224715232849
YBR121C,YLR193C,0,-0.84603465,0.09621570259332657,0.9990176558494568,0.9570226669311523
YLR064W,YDL226C,0,-0.84700465,0.09620660543441772,0.9990176558494568,0.957122802734375
YBR135W,YMR121C,0,-0.8475673,0.09619750082492828,0.9990176558494568,0.9572229981422424
YGR008C,YIL033C,0,-0.84766376,0.09618840366601944,0.9990176558494568,0.9573231935501099
YIL022W,YPR181C,0,-0.8483745,0.0961793065071106,0.9990176558494568,0.9574233889579773
YLR038C,YNL220W,0,-0.8487948,0.09617020934820175,0.9990176558494568,0.9575235247612
YDR041W,YOL120C,0,-0.8488997,0.0961611196398735,0.9990176558494568,0.9576237201690674
YGL250W,YBR160W,1,-0.8500171,0.09624657034873962,1.0,0.9576237201690674
YLR069C,YGR241C,0,-0.85019135,0.09623747318983078,1.0,0.9577239155769348
YOL032W,YIL114C,0,-0.8506988,0.09622837603092194,1.0,0.9578241109848022
YIL022W,YGL095C,0,-0.8530108,0.09621927887201309,1.0,0.9579242467880249
YPR100W,YJL180C,0,-0.85482,0.09621018916368484,1.0,0.9580244421958923
YML021C,YHR010W,0,-0.8562616,0.0962010994553566,1.0,0.9581246376037598
YBL027W,YKL060C,0,-0.85710084,0.09619200974702835,1.0,0.9582248330116272
YLR074C,YOR271C,0,-0.8583455,0.0961829200387001,1.0,0.9583249688148499
YOR086C,YFR024C-A,0,-0.85854447,0.09617383033037186,1.0,0.9584251642227173
YPL145C,YJR001W,0,-0.8589479,0.0961647480726242,1.0,0.9585253596305847
YDL191W,YDR339C,0,-0.8589574,0.09615566581487656,1.0,0.9586255550384521
YMR244C-A,YOR316C,0,-0.85985947,0.0961465835571289,1.0,0.9587256908416748
YOL013C,YDR368W,0,-0.85988224,0.09613750129938126,1.0,0.9588258862495422
YHL019C,YBR054W,0,-0.8604027,0.0961284264922142,1.0,0.9589260816574097
YER086W,YOR247W,0,-0.8608042,0.09611934423446655,1.0,0.9590262174606323
YEL020C,YJR104C,0,-0.86160755,0.0961102694272995,1.0,0.9591264128684998
YKR067W,YDL046W,0,-0.8629643,0.09610120207071304,1.0,0.9592266082763672
YGL238W,YPL075W,0,-0.867499,0.09609212726354599,1.0,0.9593268036842346
YJL151C,YOR175C,0,-0.86834157,0.09608305990695953,1.0,0.9594269394874573
YGL006W,YMR119W,0,-0.8696214,0.09607399255037308,1.0,0.9595271348953247
YGR284C,YPR173C,0,-0.87112296,0.09606492519378662,1.0,0.9596273303031921
YGL020C,YML110C,0,-0.8721818,0.09605585783720016,1.0,0.9597275257110596
YDL092W,YPL048W,0,-0.87322867,0.0960467979311943,1.0,0.9598276615142822
YLR427W,YPL170W,0,-0.8746878,0.09603773802518845,1.0,0.9599278569221497
YOL029C,YER146W,0,-0.8761803,0.09602867811918259,1.0,0.9600280523300171
YER177W,YKR096W,0,-0.8773719,0.09601961821317673,1.0,0.9601282477378845
YKL194C,YDR358W,0,-0.8776945,0.09601056575775146,1.0,0.9602283835411072
YML082W,YIL110W,0,-0.8793824,0.0960015058517456,1.0,0.9603285789489746
YER161C,YBR283C,0,-0.8809917,0.09599245339632034,1.0,0.960428774356842
YPR103W,YPL079W,0,-0.8837781,0.09598340839147568,1.0,0.9605289697647095
YFR051C,YKL091C,0,-0.8851453,0.09597435593605042,1.0,0.9606291055679321
YAL042W,YKL080W,0,-0.8853513,0.09596531093120575,1.0,0.9607293009757996
YPL234C,YPL118W,0,-0.88543904,0.09595626592636108,1.0,0.960829496383667
YML004C,YGL126W,0,-0.88805866,0.09594722092151642,1.0,0.9609296917915344
YFR051C,YDR261C,0,-0.8901739,0.09593817591667175,1.0,0.9610298275947571
YHR083W,YKR087C,0,-0.8944526,0.09592913836240768,1.0,0.9611300230026245
YGL198W,YML015C,0,-0.89462066,0.09592010080814362,1.0,0.9612302184104919
YFR006W,YBR086C,0,-0.89496374,0.09591106325387955,1.0,0.9613304138183594
YHR120W,YKL056C,0,-0.89705884,0.09590202569961548,1.0,0.961430549621582
YDL153C,YPL256C,0,-0.8975979,0.09589298814535141,1.0,0.9615307450294495
YGR124W,YNL286W,0,-0.8990866,0.09588395804166794,1.0,0.9616309404373169
YBR265W,YBR179C,0,-0.89944506,0.09587492793798447,1.0,0.9617311358451843
YPL212C,YHR063C,0,-0.90070903,0.095865897834301,1.0,0.961831271648407
YJL189W,YOR004W,0,-0.9008981,0.09585687518119812,1.0,0.9619314670562744
YLR038C,YNL289W,0,-0.9018996,0.09584784507751465,1.0,0.9620316624641418
YDR516C,YNL083W,0,-0.9026817,0.09583882242441177,1.0,0.9621318578720093
YOR326W,YOL030W,0,-0.904129,0.0958297997713089,1.0,0.9622319936752319
YOR278W,YGL095C,0,-0.9055861,0.09582078456878662,1.0,0.9623321890830994
YGR220C,YLR381W,0,-0.9059956,0.09581176191568375,1.0,0.9624323844909668
YDR265W,YHR176W,0,-0.9067068,0.09580274671316147,1.0,0.9625325798988342
YLL023C,YDR406W,0,-0.9073731,0.09579373151063919,1.0,0.9626327157020569
YKR042W,YLR292C,0,-0.90820026,0.09578471630811691,1.0,0.9627329111099243
YGL161C,YCR024C,0,-0.9090116,0.09577570855617523,1.0,0.9628331065177917
YPL171C,YAL030W,0,-0.9120815,0.09576670080423355,1.0,0.9629333019256592
YDL004W,YPL105C,0,-0.91225135,0.09575769305229187,1.0,0.9630334377288818
YER094C,YGR024C,0,-0.91565084,0.09574868530035019,1.0,0.9631336331367493
YIL087C,YPR021C,0,-0.91606104,0.09573967754840851,1.0,0.9632338285446167
YBR015C,YBR265W,0,-0.91682875,0.09573067724704742,1.0,0.9633340239524841
YOR037W,YGR097W,0,-0.91868496,0.09572167694568634,1.0,0.9634341597557068
YMR009W,YDR516C,0,-0.921034,0.09571267664432526,1.0,0.9635343551635742
YFR047C,YLR132C,0,-0.9211823,0.09570367634296417,1.0,0.9636345505714417
YNR043W,YBR267W,0,-0.92643607,0.09569467604160309,1.0,0.9637347459793091
YIL051C,YML077W,0,-0.9284178,0.0956856831908226,1.0,0.9638348817825317
YFR049W,YJL116C,0,-0.92941725,0.09567669034004211,1.0,0.9639350771903992
YDR334W,YOL064C,0,-0.9308163,0.09566769748926163,1.0,0.9640352725982666
YHR018C,YKL025C,0,-0.930948,0.09565871208906174,1.0,0.964135468006134
YDR158W,YBR130C,0,-0.93202865,0.09564971923828125,1.0,0.9642356038093567
YIL010W,YEL044W,0,-0.9349133,0.09564073383808136,1.0,0.9643357992172241
YHL011C,YPR120C,0,-0.93516016,0.09563174843788147,1.0,0.9644359946250916
YPL203W,YKR030W,0,-0.93544054,0.09562277048826218,1.0,0.964536190032959
YPL207W,YOR133W,0,-0.9361024,0.09561378508806229,1.0,0.9646363258361816
YDR194C,YJL042W,0,-0.9386958,0.095604807138443,1.0,0.9647365212440491
YDL014W,YGL195W,0,-0.9417461,0.0955958291888237,1.0,0.9648367166519165
YMR079W,YBL002W,0,-0.9419421,0.0955868512392044,1.0,0.9649369120597839
YIL044C,YDL230W,0,-0.9426414,0.09557788074016571,1.0,0.9650370478630066
YLR381W,YJR104C,0,-0.9427453,0.09556891024112701,1.0,0.965137243270874
YNL240C,YLR089C,0,-0.94469774,0.09555993974208832,1.0,0.9652374386787415
YNL162W,YDR150W,0,-0.94531393,0.09555096924304962,1.0,0.9653376340866089
YMR083W,YBR199W,0,-0.9458529,0.09554199874401093,1.0,0.9654377698898315
YNL030W,YFR031C-A,0,-0.9523988,0.09553303569555283,1.0,0.965537965297699
YLR448W,YNL064C,0,-0.9555944,0.09552406519651413,1.0,0.9656381607055664
YJR134C,YER025W,0,-0.955762,0.09551510959863663,1.0,0.9657383561134338
YHR165C,YGR132C,0,-0.9569589,0.09550614655017853,1.0,0.9658384919166565
YBR273C,YLR133W,0,-0.95977247,0.09549718350172043,1.0,0.9659386873245239
YIL070C,YKL195W,0,-0.96330845,0.09548822790384293,1.0,0.9660388827323914
YGR101W,YMR260C,0,-0.964597,0.09547927230596542,1.0,0.9661390781402588
YOL019W,YHR045W,0,-0.9689754,0.09547031670808792,1.0,0.9662392139434814
YDL018C,YMR105C,0,-0.96928847,0.09546136856079102,1.0,0.9663394093513489
YGL129C,YJL057C,0,-0.9693185,0.09545241296291351,1.0,0.9664396047592163
YFR053C,YKL145W,0,-0.97113025,0.09544346481561661,1.0,0.9665398001670837
YJR025C,YGL198W,0,-0.97152185,0.0954345166683197,1.0,0.9666399359703064
YLR166C,YOR228C,0,-0.9719994,0.0954255685210228,1.0,0.9667401313781738
YOR045W,YPL072W,0,-0.97549164,0.09541662782430649,1.0,0.9668403267860413
YDR503C,YJL044C,0,-0.9764663,0.09540768712759018,1.0,0.9669405221939087
YGL008C,YER031C,0,-0.97769773,0.09539874643087387,1.0,0.9670406579971313
YNL103W,YLR427W,0,-0.98095644,0.09538980573415756,1.0,0.9671408534049988
YPR063C,YLR229C,0,-0.9827477,0.09538086503744125,1.0,0.9672410488128662
YNL037C,YGR046W,0,-0.9839889,0.09537193179130554,1.0,0.9673411846160889
YPR056W,YNR046W,0,-0.9845334,0.09536299854516983,1.0,0.9674413800239563
YBR171W,YER023W,0,-0.98464715,0.09535406529903412,1.0,0.9675415754318237
YPL010W,YPL210C,0,-0.9884168,0.09534513205289841,1.0,0.9676417708396912
YPR098C,YPL097W,0,-0.9884528,0.09533620625734329,1.0,0.9677419066429138
YPL100W,YDR329C,0,-0.9890317,0.09532728046178818,1.0,0.9678421020507812
YML012W,YLR448W,0,-0.99221087,0.09531835466623306,1.0,0.9679422974586487
YDR354W,YPL225W,0,-0.99678767,0.09530942887067795,1.0,0.9680424928665161
YGL173C,YMR142C,0,-0.9977783,0.09530050307512283,1.0,0.9681426286697388
YMR262W,YNR049C,0,-0.9983393,0.09529158473014832,1.0,0.9682428240776062
YJR067C,YDR251W,0,-0.9985583,0.0952826663851738,1.0,0.9683430194854736
YOR188W,YDL031W,0,-1.0017223,0.09527374804019928,1.0,0.9684432148933411
YGR037C,YKR077W,0,-1.00219,0.09526482969522476,1.0,0.9685433506965637
YKL188C,YLR133W,0,-1.0035018,0.09525591880083084,1.0,0.9686435461044312
YKL100C,YBR171W,0,-1.0045544,0.09524700790643692,1.0,0.9687437415122986
YHL015W,YGR082W,0,-1.0069336,0.095238097012043,1.0,0.968843936920166
YFL022C,YPR097W,0,-1.0076052,0.09522918611764908,1.0,0.9689440727233887
YBR205W,YGR178C,0,-1.007776,0.09522027522325516,1.0,0.9690442681312561
YHR094C,YDR111C,0,-1.0097107,0.09521137177944183,1.0,0.9691444635391235
YGL157W,YBL047C,0,-1.0102024,0.09520246833562851,1.0,0.969244658946991
YDL019C,YIL087C,0,-1.0130601,0.09519356489181519,1.0,0.9693447947502136
YMR220W,YLR100W,0,-1.0142721,0.09518466889858246,1.0,0.969444990158081
YJR123W,YNL062C,0,-1.0152812,0.09517576545476913,1.0,0.9695451855659485
YPL159C,YIR014W,0,-1.0164546,0.09516686946153641,1.0,0.9696453809738159
YOR321W,YJR145C,0,-1.0184017,0.09515797346830368,1.0,0.9697455167770386
YIL154C,YGL161C,0,-1.0198604,0.09514907747507095,1.0,0.969845712184906
YBR265W,YGR253C,0,-1.0199305,0.09514018893241882,1.0,0.9699459075927734
YNR055C,YNL248C,0,-1.0214807,0.0951312929391861,1.0,0.9700461030006409
YDR212W,YDR119W,0,-1.0217644,0.09512240439653397,1.0,0.9701462388038635
YBL050W,YCL050C,0,-1.0230392,0.09511351585388184,1.0,0.970246434211731
YDR513W,YER078C,0,-1.0234989,0.0951046347618103,1.0,0.9703466296195984
YMR261C,YJR104C,0,-1.0240641,0.09509574621915817,1.0,0.9704468250274658
YNL125C,YDR430C,0,-1.025424,0.09508686512708664,1.0,0.9705469608306885
YHR013C,YDR511W,0,-1.0261,0.0950779840350151,1.0,0.9706471562385559
YIL052C,YEL013W,0,-1.0283949,0.09506911039352417,1.0,0.9707473516464233
YLR266C,YOR181W,0,-1.0285819,0.09506022930145264,1.0,0.9708475470542908
YEL009C,YLR276C,0,-1.0296222,0.0950513556599617,1.0,0.9709476828575134
YEL027W,YGL002W,0,-1.029795,0.09504248201847076,1.0,0.9710478782653809
YMR012W,YGR108W,0,-1.0298823,0.09503360837697983,1.0,0.9711480736732483
YGR174C,YDR276C,0,-1.0313148,0.09502473473548889,1.0,0.9712482690811157
YMR290C,YOR241W,0,-1.0325518,0.09501586854457855,1.0,0.9713484048843384
YDL136W,YLR286C,0,-1.0338116,0.09500700235366821,1.0,0.9714486002922058
YML013W,YOR136W,0,-1.0345815,0.09499813616275787,1.0,0.9715487957000732
YDR044W,YOR246C,0,-1.0358536,0.09498926997184753,1.0,0.9716489911079407
YML106W,YHR026W,0,-1.0361344,0.0949804037809372,1.0,0.9717491269111633
YGL187C,YLR144C,0,-1.0376545,0.09497154504060745,1.0,0.9718493223190308
YGL104C,YMR009W,0,-1.0377947,0.09496268630027771,1.0,0.9719495177268982
YLR439W,YGR165W,0,-1.0410724,0.09495382755994797,1.0,0.9720497131347656
YBR205W,YGL087C,0,-1.0411918,0.09494497627019882,1.0,0.9721498489379883
YLR378C,YCL033C,0,-1.0412874,0.09493611752986908,1.0,0.9722500443458557
YDR531W,YIL124W,0,-1.041767,0.09492726624011993,1.0,0.9723502397537231
YPR100W,YHR045W,0,-1.0422345,0.09491841495037079,1.0,0.9724504351615906
YNR050C,YNL115C,0,-1.0431772,0.09490956366062164,1.0,0.9725505709648132
YMR116C,YMR318C,0,-1.0443045,0.0949007198214531,1.0,0.9726507663726807
YGL048C,YGR260W,0,-1.045414,0.09489186853170395,1.0,0.9727509617805481
YBL031W,YNL133C,0,-1.0465062,0.0948830246925354,1.0,0.9728511571884155
YER044C,YMR092C,0,-1.0472435,0.09487418085336685,1.0,0.9729512929916382
YGR231C,YOR167C,0,-1.048169,0.0948653444647789,1.0,0.9730514883995056
YPL172C,YDR316W,0,-1.0497295,0.09485650062561035,1.0,0.973151683807373
YHR001W,YCL044C,0,-1.0509447,0.0948476642370224,1.0,0.9732518792152405
YEL026W,YAL035W,0,-1.0522901,0.09483882784843445,1.0,0.9733520150184631
YKL025C,YFR015C,0,-1.0537848,0.0948299989104271,1.0,0.9734522104263306
YDL076C,YBR149W,0,-1.0538093,0.09482116252183914,1.0,0.973552405834198
YMR022W,YBR022W,0,-1.0566212,0.09481233358383179,1.0,0.9736526012420654
YOR125C,YLR324W,0,-1.0571514,0.09480350464582443,1.0,0.9737527370452881
YJR104C,YJL096W,0,-1.0581328,0.09479467570781708,1.0,0.9738529324531555
YLR239C,YFL036W,0,-1.060035,0.09478584676980972,1.0,0.973953127861023
YPR103W,YPL145C,0,-1.0622214,0.09477702528238297,1.0,0.9740533232688904
YLL050C,YGR188C,0,-1.0624443,0.09476819634437561,1.0,0.974153459072113
YML072C,YOR061W,0,-1.0630311,0.09475937485694885,1.0,0.9742536544799805
YBR283C,YHR203C,0,-1.0677266,0.09475056082010269,1.0,0.9743538498878479
YML115C,YBR023C,0,-1.0681769,0.09474173933267593,1.0,0.9744540452957153
YOR158W,YMR116C,0,-1.0682362,0.09473292529582977,1.0,0.974554181098938
YNL310C,YKR042W,0,-1.0689901,0.09472411125898361,1.0,0.9746543765068054
YDR279W,YML116W,0,-1.070939,0.09471529722213745,1.0,0.9747545719146729
YGR148C,YOR045W,0,-1.0730976,0.09470648318529129,1.0,0.9748547673225403
YOL092W,YAR071W,0,-1.0757693,0.09469767659902573,1.0,0.9749549031257629
YGR038W,YJL044C,0,-1.079413,0.09468886256217957,1.0,0.9750550985336304
YGL231C,YGR223C,0,-1.0812591,0.094680055975914,1.0,0.9751552939414978
YBR214W,YOL116W,0,-1.0824953,0.09467125684022903,1.0,0.9752554893493652
YMR297W,YJL164C,0,-1.0856599,0.09466245025396347,1.0,0.9753556251525879
YOR234C,YGL058W,0,-1.0860894,0.0946536511182785,1.0,0.9754558205604553
YPL215W,YDR100W,0,-1.0865563,0.09464485198259354,1.0,0.9755560159683228
YDR293C,YOR125C,0,-1.0876356,0.09463605284690857,1.0,0.9756561517715454
YEL038W,YKL138C,0,-1.0882438,0.0946272537112236,1.0,0.9757563471794128
YJR007W,YNL005C,0,-1.0899855,0.09461846202611923,1.0,0.9758565425872803
YIR036C,YKL087C,0,-1.0912157,0.09460966289043427,1.0,0.9759567379951477
YJR096W,YJR121W,0,-1.0916334,0.0946008712053299,1.0,0.9760568737983704
YIL075C,YLR427W,0,-1.0916377,0.09459208697080612,1.0,0.9761570692062378
YMR079W,YLR340W,0,-1.09258,0.09458329528570175,1.0,0.9762572646141052
YNL119W,YMR208W,0,-1.094103,0.09457451105117798,1.0,0.9763574600219727
YNL029C,YDL110C,0,-1.0945734,0.09456571936607361,1.0,0.9764575958251953
YNL048W,YDR435C,0,-1.0963902,0.09455693513154984,1.0,0.9765577912330627
YDR158W,YBR215W,0,-1.0983185,0.09454815834760666,1.0,0.9766579866409302
YPL220W,YNL256W,0,-1.0989078,0.09453937411308289,1.0,0.9767581820487976
YER048C,YER072W,0,-1.0997013,0.09453059732913971,1.0,0.9768583178520203
YHR088W,YOR045W,0,-1.1017708,0.09452182054519653,1.0,0.9769585132598877
YPR041W,YNL280C,0,-1.1029364,0.09451304376125336,1.0,0.9770587086677551
YJL020C,YNR052C,0,-1.1080568,0.09450426697731018,1.0,0.9771589040756226
YBL072C,YDL236W,0,-1.1083258,0.0944954976439476,1.0,0.9772590398788452
YBR251W,YGL002W,0,-1.10904,0.09448672831058502,1.0,0.9773592352867126
YDL095W,YPR041W,0,-1.1098176,0.09447795897722244,1.0,0.9774594306945801
YDR088C,YPL143W,0,-1.112027,0.09446918964385986,1.0,0.9775596261024475
YBL040C,YFL005W,0,-1.1126448,0.09446042776107788,1.0,0.9776597619056702
YFR051C,YDL145C,0,-1.1142739,0.0944516584277153,1.0,0.9777599573135376
YJR073C,YOR303W,0,-1.1145941,0.09444289654493332,1.0,0.977860152721405
YJR019C,YAR033W,0,-1.1175869,0.09443413466215134,1.0,0.9779603481292725
YIL039W,YGL245W,0,-1.123938,0.09442538022994995,1.0,0.9780604839324951
YLR460C,YNL322C,0,-1.1250501,0.09441661834716797,1.0,0.9781606793403625
YDL100C,YEL046C,0,-1.1262087,0.09440786391496658,1.0,0.97826087474823
YNR043W,YDR129C,0,-1.1273805,0.0943991094827652,1.0,0.9783610701560974
YMR170C,YGR205W,0,-1.1283307,0.09439035505056381,1.0,0.9784612059593201
YPR004C,YLR045C,0,-1.1284755,0.09438160806894302,1.0,0.9785614013671875
YPR004C,YBL101C,0,-1.133277,0.09437285363674164,1.0,0.9786615967750549
YOR125C,YML072C,0,-1.1334125,0.09436410665512085,1.0,0.9787617921829224
YMR121C,YDR400W,0,-1.1377819,0.09435535967350006,1.0,0.978861927986145
YBR229C,YML085C,0,-1.1394905,0.09434662014245987,1.0,0.9789621233940125
YGR124W,YOR153W,0,-1.1395674,0.09433787316083908,1.0,0.9790623188018799
YDR086C,YDL145C,0,-1.1399935,0.09432913362979889,1.0,0.9791625142097473
YML048W,YOR059C,0,-1.1408472,0.0943203940987587,1.0,0.97926265001297
YML021C,YOR004W,0,-1.1436983,0.0943116545677185,1.0,0.9793628454208374
YMR243C,YLR340W,0,-1.1445283,0.09430291503667831,1.0,0.9794630408287048
YDL119C,YJL020C,0,-1.1449287,0.09429418295621872,1.0,0.9795632362365723
YGL227W,YDR169C,0,-1.1488024,0.09428545087575912,1.0,0.9796633720397949
YDR148C,YER174C,0,-1.1535945,0.09427671879529953,1.0,0.9797635674476624
YNL167C,YGL084C,0,-1.1536739,0.09426798671483994,1.0,0.9798637628555298
YDR529C,YDL134C,0,-1.1537367,0.09425926208496094,1.0,0.9799639582633972
YNL287W,YNL291C,0,-1.1567918,0.09425053000450134,1.0,0.9800640940666199
YPR041W,YKL046C,0,-1.1586199,0.09424180537462234,1.0,0.9801642894744873
YPR140W,YMR195W,0,-1.1598853,0.09423308074474335,1.0,0.9802644848823547
YJR064W,YGR082W,0,-1.160057,0.09422436356544495,1.0,0.9803646802902222
YKL079W,YIL124W,0,-1.1610998,0.09421563893556595,1.0,0.9804648160934448
YIL051C,YPL106C,0,-1.1623627,0.09420692175626755,1.0,0.9805650115013123
YLR439W,YDL144C,0,-1.1635369,0.09419820457696915,1.0,0.9806652069091797
YGL119W,YBL056W,0,-1.1662725,0.09418948739767075,1.0,0.9807654023170471
YPR079W,YKL150W,0,-1.1669757,0.09418077766895294,1.0,0.9808655381202698
YJL151C,YDL143W,0,-1.1670388,0.09417206048965454,1.0,0.9809657335281372
YLR371W,YPL159C,0,-1.1672497,0.09416335076093674,1.0,0.9810659289360046
YOR150W,YML131W,0,-1.1695048,0.09415464103221893,1.0,0.9811661243438721
YMR092C,YGL157W,0,-1.1698033,0.09414593875408173,1.0,0.9812662601470947
YJL002C,YEL058W,0,-1.1704367,0.09413722902536392,1.0,0.9813664555549622
YGL097W,YJR143C,0,-1.1719271,0.09412852674722672,1.0,0.9814666509628296
YBR167C,YGR044C,0,-1.172836,0.09411982446908951,1.0,0.981566846370697
YPR004C,YDR084C,0,-1.1741785,0.0941111221909523,1.0,0.9816669821739197
YIL162W,YDL025C,0,-1.1750528,0.0941024199128151,1.0,0.9817671775817871
YFR049W,YHR194W,0,-1.1768308,0.09409372508525848,1.0,0.9818673729896545
YOR303W,YJL221C,0,-1.1769527,0.09408503025770187,1.0,0.981967568397522
YOR150W,YMR208W,0,-1.1774507,0.09407633543014526,1.0,0.9820677042007446
YJL143W,YDR292C,0,-1.1790248,0.09406764060258865,1.0,0.9821678996086121
YOR047C,YCR053W,0,-1.1822044,0.09405894577503204,1.0,0.9822680950164795
YOR245C,YLR034C,0,-1.184319,0.09405025839805603,1.0,0.9823682904243469
YFL037W,YKL005C,0,-1.1865481,0.09404157102108002,1.0,0.9824684262275696
YCL047C,YFL044C,0,-1.188561,0.094032883644104,1.0,0.982568621635437
YGR026W,YOR303W,0,-1.1903394,0.09402419626712799,1.0,0.9826688170433044
YHR133C,YDR188W,0,-1.1916282,0.09401551634073257,1.0,0.9827690124511719
YPL169C,YPL198W,0,-1.194685,0.09400683641433716,1.0,0.9828691482543945
YJR073C,YGR198W,0,-1.1965175,0.09399815648794174,1.0,0.982969343662262
YER141W,YHR107C,0,-1.1974089,0.09398947656154633,1.0,0.9830695390701294
YER089C,YPL225W,0,-1.1987995,0.09398079663515091,1.0,0.9831697344779968
YIL027C,YGR128C,0,-1.200628,0.09397212415933609,1.0,0.9832698702812195
YFL026W,YOL007C,0,-1.2010076,0.09396345168352127,1.0,0.9833700656890869
YER089C,YDR078C,0,-1.2052759,0.09395477920770645,1.0,0.9834702610969543
YCL050C,YOR270C,0,-1.2062645,0.09394610673189163,1.0,0.9835704565048218
YNL075W,YAL007C,0,-1.2064732,0.09393743425607681,1.0,0.9836705923080444
YKL087C,YHL031C,0,-1.2066342,0.09392876923084259,1.0,0.9837707877159119
YJL136C,YIL110W,0,-1.206959,0.09392010420560837,1.0,0.9838709831237793
YJL159W,YKL039W,0,-1.2069889,0.09391143918037415,1.0,0.983971118927002
YJR123W,YLR229C,0,-1.2127384,0.09390277415513992,1.0,0.9840713143348694
YNL263C,YOR221C,0,-1.2170297,0.0938941165804863,1.0,0.9841715097427368
YOR128C,YGL002W,0,-1.217193,0.09388545900583267,1.0,0.9842717051506042
YDR339C,YML106W,0,-1.2200109,0.09387680143117905,1.0,0.9843718409538269
YOR125C,YDR276C,0,-1.2218025,0.09386814385652542,1.0,0.9844720363616943
YGL187C,YKL058W,0,-1.223867,0.0938594862818718,1.0,0.9845722317695618
YBR005W,YDL193W,0,-1.2247998,0.09385083615779877,1.0,0.9846724271774292
YDR177W,YDL147W,0,-1.226188,0.09384218603372574,1.0,0.9847725629806519
YAL042W,YDR037W,0,-1.2277602,0.09383353590965271,1.0,0.9848727583885193
YIR022W,YMR024W,0,-1.2284557,0.09382488578557968,1.0,0.9849729537963867
YKR024C,YHR052W,0,-1.2317344,0.09381623566150665,1.0,0.9850731492042542
YHR143W,YHR148W,0,-1.2358981,0.09380759298801422,1.0,0.9851732850074768
YMR297W,YKR098C,0,-1.2392926,0.09379895031452179,1.0,0.9852734804153442
YHR005C,YDR347W,0,-1.2406956,0.09379030764102936,1.0,0.9853736758232117
YCL040W,YBR056W,0,-1.2436363,0.09378166496753693,1.0,0.9854738712310791
YOR155C,YFL044C,0,-1.2455896,0.09377302974462509,1.0,0.9855740070343018
YLR175W,YMR125W,0,-1.2457422,0.09376439452171326,1.0,0.9856742024421692
YNL130C,YOR347C,0,-1.2458944,0.09375575929880142,1.0,0.9857743978500366
YJR123W,YMR121C,0,-1.2500718,0.09374712407588959,1.0,0.985874593257904
YDR117C,YKL195W,0,-1.2511528,0.09373848885297775,1.0,0.9859747290611267
YKL035W,YNL317W,0,-1.2546059,0.09372986108064651,1.0,0.9860749244689941
YIL052C,YIL118W,0,-1.2557732,0.09372123330831528,1.0,0.9861751198768616
YNR053C,YLR347C,0,-1.2605749,0.09371260553598404,1.0,0.986275315284729
YPR103W,YMR058W,0,-1.2615881,0.0937039777636528,1.0,0.9863754510879517
YLR345W,YBR036C,0,-1.2641183,0.09369534999132156,1.0,0.9864756464958191
YDR156W,YCR044C,0,-1.2701901,0.09368672966957092,1.0,0.9865758419036865
YCR053W,YJR001W,0,-1.2708818,0.09367810934782028,1.0,0.986676037311554
YLR058C,YPR145W,0,-1.2710453,0.09366948902606964,1.0,0.9867761731147766
YOL027C,YDR261C,0,-1.2741193,0.093660868704319,1.0,0.986876368522644
YBL045C,YGL035C,0,-1.2746814,0.09365225583314896,1.0,0.9869765639305115
YBR054W,YOR347C,0,-1.2783176,0.09364363551139832,1.0,0.9870767593383789
YDR513W,YHR001W,0,-1.2783401,0.09363502264022827,1.0,0.9871768951416016
YMR040W,YJR019C,0,-1.283016,0.09362641721963882,1.0,0.987277090549469
YMR142C,YMR131C,0,-1.2835573,0.09361780434846878,1.0,0.9873772859573364
YML126C,YOR335C,0,-1.2892631,0.09360919892787933,1.0,0.9874774813652039
YOR329C,YPL004C,0,-1.291192,0.09360058605670929,1.0,0.9875776171684265
YCL031C,YDR541C,0,-1.2920938,0.09359198063611984,1.0,0.987677812576294
YPL198W,YMR309C,0,-1.2959921,0.09358338266611099,1.0,0.9877780079841614
YGL076C,YMR125W,0,-1.2997313,0.09357477724552155,1.0,0.9878782033920288
YPR058W,YER094C,0,-1.300322,0.0935661792755127,1.0,0.9879783391952515
YDR189W,YNL055C,0,-1.3004829,0.09355757385492325,1.0,0.9880785346031189
YDR380W,YKL080W,0,-1.30261,0.093548983335495,1.0,0.9881787300109863
YKR046C,YBR024W,0,-1.3048397,0.09354038536548615,1.0,0.9882789254188538
YGL181W,YIL023C,0,-1.3048493,0.0935317873954773,1.0,0.9883790612220764
YBR035C,YMR170C,0,-1.3086911,0.09352319687604904,1.0,0.9884792566299438
YOR253W,YER025W,0,-1.3100673,0.09351460635662079,1.0,0.9885794520378113
YDR044W,YDR486C,0,-1.320716,0.09350601583719254,1.0,0.9886796474456787
YPL086C,YLR249W,0,-1.3224037,0.09349742531776428,1.0,0.9887797832489014
YBR212W,YHL021C,0,-1.322735,0.09348884224891663,1.0,0.9888799786567688
YBR207W,YDR105C,0,-1.3254188,0.09348025918006897,1.0,0.9889801740646362
YOR288C,YNL268W,0,-1.3269589,0.09347167611122131,1.0,0.9890803694725037
YLR075W,YLR150W,0,-1.3270096,0.09346309304237366,1.0,0.9891805052757263
YLR079W,YDL046W,0,-1.3317844,0.093454509973526,1.0,0.9892807006835938
YDR178W,YGR104C,0,-1.3361735,0.09344593435525894,1.0,0.9893808960914612
YNL125C,YNL096C,0,-1.3379583,0.09343735873699188,1.0,0.9894810914993286
YGL129C,YFR050C,0,-1.3383259,0.09342878311872482,1.0,0.9895812273025513
YLR239C,YHR026W,0,-1.3387247,0.09342020750045776,1.0,0.9896814227104187
YDR178W,YDR318W,0,-1.3405486,0.0934116318821907,1.0,0.9897816181182861
YBR070C,YDL236W,0,-1.3471357,0.09340306371450424,1.0,0.9898818135261536
YNL268W,YDR342C,0,-1.3482615,0.09339449554681778,1.0,0.9899819493293762
YDL135C,YGL195W,0,-1.3489121,0.09338592737913132,1.0,0.9900821447372437
YML022W,YDR398W,0,-1.3527722,0.09337735921144485,1.0,0.9901823401451111
YIL022W,YCR036W,0,-1.3632501,0.09336879849433899,1.0,0.9902825355529785
YNR055C,YLR186W,0,-1.364373,0.09336023777723312,1.0,0.9903826713562012
YJL154C,YIR037W,0,-1.3717855,0.09335167706012726,1.0,0.9904828667640686
YER143W,YDL025C,0,-1.3786482,0.09334311634302139,1.0,0.990583062171936
YLR186W,YIL015W,0,-1.3853449,0.09333455562591553,1.0,0.9906832575798035
YDR507C,YOR045W,0,-1.3854674,0.09332600235939026,1.0,0.9907833933830261
YLR249W,YDL143W,0,-1.3935822,0.0933174416422844,1.0,0.9908835887908936
YDL091C,YBR126C,0,-1.3962414,0.09330888837575912,1.0,0.990983784198761
YDL076C,YHR001W-A,0,-1.3967322,0.09330034255981445,1.0,0.9910839796066284
YLL023C,YKL016C,0,-1.3991433,0.09329178929328918,1.0,0.9911841154098511
YER143W,YEL064C,0,-1.3995228,0.09328324347734451,1.0,0.9912843108177185
YLR150W,YDL236W,0,-1.4144026,0.09327469021081924,1.0,0.9913845062255859
YGL115W,YGR082W,0,-1.4172227,0.09326614439487457,1.0,0.9914847016334534
YBR199W,YCR023C,0,-1.4207255,0.0932576060295105,1.0,0.991584837436676
YHR200W,YLR427W,0,-1.4210514,0.09324906021356583,1.0,0.9916850328445435
YNL005C,YOR043W,0,-1.4294797,0.09324052184820175,1.0,0.9917852282524109
YDR084C,YPR108W,0,-1.4306852,0.09323198348283768,1.0,0.9918853640556335
YBL022C,YBR283C,0,-1.431514,0.0932234451174736,1.0,0.991985559463501
YNL263C,YJR121W,0,-1.4334027,0.09321490675210953,1.0,0.9920857548713684
YKL211C,YPL234C,0,-1.441189,0.09320637583732605,1.0,0.9921859502792358
YGL187C,YNL137C,0,-1.4436058,0.09319783747196198,1.0,0.9922860860824585
YMR264W,YDR251W,0,-1.4455082,0.0931893065571785,1.0,0.9923862814903259
YGR284C,YKL080W,0,-1.4465474,0.09318077564239502,1.0,0.9924864768981934
YFR047C,YNL177C,0,-1.4489261,0.09317225217819214,1.0,0.9925866723060608
YJR123W,YER042W,0,-1.4516132,0.09316372126340866,1.0,0.9926868081092834
YEL026W,YLL011W,0,-1.4559752,0.09315519779920578,1.0,0.9927870035171509
YGR082W,YGR253C,0,-1.4565696,0.0931466743350029,1.0,0.9928871989250183
YLR388W,YOR271C,0,-1.4583185,0.09313815087080002,1.0,0.9929873943328857
YOL092W,YML085C,0,-1.4682993,0.09312963485717773,1.0,0.9930875301361084
YJL183W,YPR145W,0,-1.4777238,0.09312111139297485,1.0,0.9931877255439758
YAL030W,YOR136W,0,-1.4817895,0.09311259537935257,1.0,0.9932879209518433
YML026C,YAL035W,0,-1.4829329,0.09310407936573029,1.0,0.9933881163597107
YNR041C,YHR121W,0,-1.492628,0.093095563352108,1.0,0.9934882521629333
YBL091C,YDR418W,0,-1.5026001,0.09308705478906631,1.0,0.9935884475708008
YPL203W,YJR161C,0,-1.5116278,0.09307853877544403,1.0,0.9936886429786682
YOR321W,YGL002W,0,-1.5132765,0.09307003021240234,1.0,0.9937888383865356
YEL054C,YBR079C,0,-1.521124,0.09306152164936066,1.0,0.9938889741897583
YDR297W,YOL123W,0,-1.5233221,0.09305301308631897,1.0,0.9939891695976257
YNL112W,YGL022W,0,-1.524676,0.09304451197385788,1.0,0.9940893650054932
YPL156C,YPL100W,0,-1.5249649,0.09303601086139679,1.0,0.9941895604133606
YNR007C,YLR356W,0,-1.5291148,0.0930275097489357,1.0,0.9942896962165833
YDR224C,YDR120C,0,-1.53205,0.09301900863647461,1.0,0.9943898916244507
YLR327C,YBR126C,0,-1.5460714,0.09301050752401352,1.0,0.9944900870323181
YLL023C,YJR096W,0,-1.5496947,0.09300200641155243,1.0,0.9945902824401855
YHR128W,YNL062C,0,-1.5601171,0.09299351274967194,1.0,0.9946904182434082
YPR098C,YHR037W,0,-1.5634626,0.09298501908779144,1.0,0.9947906136512756
YJR073C,YOL064C,0,-1.5697533,0.09297652542591095,1.0,0.9948908090591431
YKL181W,YJR094W-A,0,-1.5732791,0.09296803921461105,1.0,0.9949910044670105
YBL102W,YMR044W,0,-1.5753496,0.09295954555273056,1.0,0.9950911402702332
YJR145C,YOR007C,0,-1.5841062,0.09295105934143066,1.0,0.9951913356781006
YDR099W,YDR517W,0,-1.6102446,0.09294257313013077,1.0,0.995291531085968
YKL181W,YML085C,0,-1.611133,0.09293408691883087,1.0,0.9953917264938354
YMR286W,YBL099W,0,-1.6114501,0.09292560815811157,1.0,0.9954918622970581
YNL081C,YAL014C,0,-1.6135117,0.09291712194681168,1.0,0.9955920577049255
YCR023C,YFL036W,0,-1.6161677,0.09290864318609238,1.0,0.995692253112793
YGL115W,YNL268W,0,-1.620734,0.09290016442537308,1.0,0.9957924485206604
YPL154C,YDR100W,0,-1.6254588,0.09289168566465378,1.0,0.9958925843238831
YPR081C,YMR139W,0,-1.6359633,0.09288321435451508,1.0,0.9959927797317505
YJL210W,YKL100C,0,-1.6645063,0.09287473559379578,1.0,0.9960929751396179
YCR024C-A,YEL051W,0,-1.6662327,0.09286626428365707,1.0,0.9961931705474854
YOL039W,YOR224C,0,-1.6742501,0.09285779297351837,1.0,0.996293306350708
YJR007W,YPR058W,0,-1.6761565,0.09284932166337967,1.0,0.9963935017585754
YNL291C,YNL252C,0,-1.6825804,0.09284085780382156,1.0,0.9964936971664429
YDL236W,YKL024C,0,-1.6884812,0.09283239394426346,1.0,0.9965938925743103
YKL141W,YMR261C,0,-1.6972135,0.09282392263412476,1.0,0.996694028377533
YGL006W,YHL021C,0,-1.7025592,0.09281546622514725,1.0,0.9967942237854004
YGL185C,YGL238W,0,-1.7051287,0.09280700236558914,1.0,0.9968944191932678
YGR128C,YOR271C,0,-1.717026,0.09279853850603104,1.0,0.9969946146011353
YFL037W,YER006W,0,-1.7171384,0.09279008209705353,1.0,0.9970947504043579
YKL209C,YML008C,0,-1.7223711,0.09278162568807602,1.0,0.9971949458122253
YKL056C,YPL143W,0,-1.7266942,0.09277316927909851,1.0,0.9972951412200928
YNL134C,YIL157C,0,-1.7290162,0.0927647203207016,1.0,0.9973953366279602
YJL148W,YPL226W,0,-1.7294339,0.09275626391172409,1.0,0.9974954724311829
YPL154C,YBL102W,0,-1.7586306,0.09274781495332718,1.0,0.9975956678390503
YGR254W,YBR082C,0,-1.7763536,0.09273936599493027,1.0,0.9976958632469177
YBR041W,YDR175C,0,-1.7924289,0.09273091703653336,1.0,0.9977960586547852
YLR074C,YER146W,0,-1.8052616,0.09272246807813644,1.0,0.9978961944580078
YNL045W,YGL084C,0,-1.8127624,0.09271402657032013,1.0,0.9979963898658752
YIL148W,YML022W,0,-1.8316945,0.09270558506250381,1.0,0.9980965852737427
YFL039C,YIR022W,0,-1.8635291,0.0926971435546875,1.0,0.9981967806816101
YDL134C,YML078W,0,-1.8683866,0.09268870204687119,1.0,0.9982969164848328
YOL092W,YGL040C,0,-1.8761476,0.09268026053905487,1.0,0.9983971118927002
YJR007W,YOR254C,0,-1.9257246,0.09267182648181915,1.0,0.9984973073005676
YIL087C,YPL206C,0,-1.9461583,0.09266339242458344,1.0,0.9985975027084351
YFR049W,YFR053C,0,-1.9908742,0.09265495836734772,1.0,0.9986976385116577
YNL066W,YPL226W,0,-2.0154138,0.092646524310112,1.0,0.9987978339195251
YHL013C,YER006W,0,-2.0402331,0.09263809025287628,1.0,0.9988980293273926
YHR021C,YDR500C,0,-2.0994916,0.09262966364622116,1.0,0.99899822473526
YCR031C,YHL001W,0,-2.1709542,0.09262123703956604,1.0,0.9990983605384827
YJR064W,YER056C-A,0,-2.1774144,0.09261281043291092,1.0,0.9991985559463501
YOL039W,YER056C-A,0,-2.2059383,0.0926043838262558,1.0,0.9992987513542175
YDL082W,YJL190C,0,-2.2300358,0.09259596467018127,1.0,0.999398946762085
YOR091W,YHL011C,0,-2.2891922,0.09258753806352615,1.0,0.9994990825653076
YDR001C,YLR345W,0,-2.3429651,0.09257911890745163,1.0,0.999599277973175
YNL134C,YDL147W,0,-2.3765488,0.0925706997513771,1.0,0.9996994733810425
YOR374W,YPL004C,0,-2.3778615,0.09256228059530258,1.0,0.9997996687889099
YDR178W,YJR121W,0,-2.4350576,0.09255386888980865,1.0,0.9998998045921326
YOR293W,YOL120C,0,-3.0175734,0.09254545718431473,1.0,1.0
