Gene A,Gene B,Label,Score,Precision,Recall,False Positive Rate
YBR066C,YNL209W,0,-1.2630168,0.0,0.0,0.00014224751794245094
YFL014W,YMR117C,0,-1.3134533,0.0,0.0,0.0002844950358849019
YER062C,YNL126W,0,-1.3852633,0.0,0.0,0.0004267425392754376
YLR131C,YLR205C,0,-1.4042655,0.0,0.0,0.0005689900717698038
YHR062C,YBR066C,0,-1.404635,0.0,0.0,0.000711237546056509
YFL014W,YNL106C,0,-1.4060799,0.0,0.0,0.0008534850785508752
YFL011W,YOR317W,0,-1.4181818,0.0,0.0,0.0009957326110452414
YOR317W,YPL253C,0,-1.4633294,0.0,0.0,0.0011379801435396075
YFL014W,YBR276C,0,-1.483176,0.0,0.0,0.0012802275596186519
YGL122C,YER062C,0,-1.5042037,0.0,0.0,0.001422475092113018
YML021C,YER062C,0,-1.5114259,0.0,0.0,0.0015647226246073842
YMR179W,YER062C,0,-1.5210289,0.0,0.0,0.0017069701571017504
YBR066C,YJL183W,0,-1.5437287,0.0,0.0,0.0018492176895961165
YLR205C,YDR464W,0,-1.5523671,0.0,0.0,0.0019914652220904827
YGR056W,YER062C,0,-1.579425,0.0,0.0,0.002133712638169527
YFR053C,YMR201C,0,-1.607634,0.0,0.0,0.002275960287079215
YCR089W,YBR066C,0,-1.6307275,0.0,0.0,0.0024182077031582594
YEL065W,YFR053C,0,-1.6385778,0.0,0.0,0.0025604551192373037
YER062C,YDR398W,0,-1.6391562,0.0,0.0,0.0027027027681469917
YFL014W,YKR061W,0,-1.6585029,0.0,0.0,0.002844950184226036
YBR066C,YOR308C,0,-1.6802586,0.0,0.0,0.002987197833135724
YFL014W,YJL012C,0,-1.7066799,0.0,0.0,0.0031294452492147684
YMR138W,YBR066C,0,-1.7105328,0.0,0.0,0.0032716926652938128
YDR392W,YER062C,0,-1.7125213,0.0,0.0,0.0034139403142035007
YBR066C,YDR212W,0,-1.7128967,0.0,0.0,0.003556187730282545
YOL158C,YAL054C,0,-1.7207335,0.0,0.0,0.003698435379192233
YEL032W,YOR317W,0,-1.7294761,0.0,0.0,0.0038406827952712774
YHR016C,YLR438C-A,0,-1.7642409,0.0,0.0,0.003982930444180965
YLR205C,YBR009C,0,-1.7776158,0.0,0.0,0.00412517786026001
YMR250W,YDL170W,0,-1.793924,0.0,0.0,0.004267425276339054
YFL014W,YPR201W,0,-1.7986273,0.0,0.0,0.0044096726924180984
YLR205C,YPR082C,0,-1.8060082,0.0,0.0,0.00455192057415843
YDR283C,YBR084W,0,-1.809872,0.0,0.0,0.0046941679902374744
YLR205C,YMR227C,0,-1.8112242,0.0,0.0,0.004836415406316519
YFR053C,YML021C,0,-1.8187482,0.0,0.0,0.004978662822395563
YFL011W,YCL054W,0,-1.8268898,0.0,0.0,0.0051209102384746075
YKR061W,YOR088W,0,-1.8278701,0.0,0.0,0.005263158120214939
YDR432W,YMR173W,0,-1.8348862,0.0,0.0,0.0054054055362939835
YER062C,YGR218W,0,-1.837516,0.0,0.0,0.005547652952373028
YDR283C,YOR204W,0,-1.8443786,0.0,0.0,0.005689900368452072
YNL039W,YMR250W,0,-1.8444455,0.0,0.0,0.0058321477845311165
YFL014W,YDR385W,0,-1.8453745,0.0,0.0,0.005974395666271448
YHR020W,YLR141W,0,-1.8454949,0.0,0.0,0.0061166430823504925
YDR163W,YJL113W,0,-1.8456514,0.0,0.0,0.006258890498429537
YIL115C,YFL011W,0,-1.846516,0.0,0.0,0.006401137914508581
YPL174C,YBR066C,0,-1.84755,0.0,0.0,0.0065433853305876255
YDR085C,YDR213W,0,-1.8496243,0.0,0.0,0.006685633212327957
YDL022W,YNL214W,0,-1.8508861,0.0,0.0,0.0068278806284070015
YJR029W,YKL166C,0,-1.8525699,0.0,0.0,0.006970128044486046
YER062C,YPL140C,0,-1.8547515,0.0,0.0,0.00711237546056509
YKR061W,YJR029W,0,-1.857808,0.0,0.0,0.0072546228766441345
YBR066C,YLR192C,0,-1.8664818,0.0,0.0,0.007396870758384466
YJR053W,YER062C,0,-1.8703598,0.0,0.0,0.0075391181744635105
YHR008C,YJL113W,0,-1.8783354,0.0,0.0,0.007681365590542555
YFL014W,YEL027W,0,-1.8797535,0.0,0.0,0.007823613472282887
YFL011W,YNL007C,0,-1.8809004,0.0,0.0,0.00796586088836193
YDR463W,YHR138C,0,-1.8814112,0.0,0.0,0.008108108304440975
YCR058C,YIL034C,0,-1.8818802,0.0,0.0,0.00825035572052002
YBR169C,YOR204W,0,-1.8863832,0.0,0.0,0.008392603136599064
YFL002C,YJL021C,0,-1.8871228,0.0,0.0,0.008534850552678108
YDR018C,YPR082C,0,-1.8976141,0.0,0.0,0.008677097968757153
YAL054C,YDL170W,0,-1.9010838,0.0,0.0,0.008819345384836197
YDR213W,YBR066C,0,-1.9016539,0.0,0.0,0.008961592800915241
YDR503C,YCR058C,0,-1.9017149,0.0,0.0,0.00910384114831686
YKR079C,YLR312C-B,0,-1.9021853,0.0,0.0,0.009246088564395905
YGL122C,YDL022W,0,-1.9026408,0.0,0.0,0.009388335980474949
YCR058C,YDR216W,0,-1.9054197,0.0,0.0,0.009530583396553993
YML098W,YAR010C,0,-1.9081284,0.0,0.0,0.009672830812633038
YBR020W,YHR138C,0,-1.9089626,0.0,0.0,0.009815078228712082
YLR205C,YHR107C,0,-1.9095088,0.0,0.0,0.009957325644791126
YLR312C-B,YOL023W,0,-1.9101971,0.0,0.0,0.01009957306087017
YHR069C,YBR111W-A,0,-1.9106942,0.0,0.0,0.010241820476949215
YMR051C,YCR093W,0,-1.9117948,0.0,0.0,0.01038406789302826
YPL233W,YLR312C-B,0,-1.9125245,0.0,0.0,0.010526316240429878
YNL313C,YJR029W,0,-1.9131886,0.0,0.0,0.010668563656508923
YPL069C,YBR066C,0,-1.9134668,0.0,0.0,0.010810811072587967
YCR058C,YER062C,0,-1.9146804,0.0,0.0,0.010953058488667011
YDL022W,YLR116W,0,-1.9153806,0.0,0.0,0.011095305904746056
YBR100W,YIR026C,1,-1.9179406,0.012658228166401386,0.001422475092113018,0.011095305904746056
YJR029W,YBR080C,0,-1.9186698,0.012500000186264515,0.001422475092113018,0.0112375533208251
YBR100W,YGL158W,1,-1.9210552,0.02469135820865631,0.002844950184226036,0.0112375533208251
YKL200C,YPL151C,0,-1.9214054,0.024390242993831635,0.002844950184226036,0.011379800736904144
YJR029W,YJR049C,0,-1.9218062,0.024096384644508362,0.002844950184226036,0.011522048152983189
YBR066C,YJR108W,0,-1.9237822,0.02380952425301075,0.002844950184226036,0.011664295569062233
YAR010C,YCL033C,0,-1.9238404,0.0235294122248888,0.002844950184226036,0.011806542985141277
YBR015C,YJL021C,0,-1.9287707,0.023255813866853714,0.002844950184226036,0.011948791332542896
YDR115W,YFR005C,0,-1.9299471,0.02298850566148758,0.002844950184226036,0.01209103874862194
YMR051C,YPR182W,0,-1.9322232,0.022727273404598236,0.002844950184226036,0.012233286164700985
YPR135W,YBR090C-A,0,-1.93345,0.02247191034257412,0.002844950184226036,0.01237553358078003
YDR503C,YKL178C,0,-1.9343144,0.02222222276031971,0.002844950184226036,0.012517780996859074
YHL022C,YLR248W,1,-1.9355894,0.032967034727334976,0.004267425276339054,0.012517780996859074
YPL233W,YHR138C,0,-1.9357597,0.032608695328235626,0.004267425276339054,0.012660028412938118
YGR272C,YDR490C,0,-1.937531,0.032258063554763794,0.004267425276339054,0.012802275829017162
YCL003W,YDR308C,0,-1.939774,0.03191489353775978,0.004267425276339054,0.012944523245096207
YDR110W,YLR312C-B,0,-1.9461685,0.031578946858644485,0.004267425276339054,0.013086770661175251
YCR089W,YDL130W-A,0,-1.9484326,0.03125,0.004267425276339054,0.013229018077254295
YCL033C,YMR051C,0,-1.9487832,0.030927835032343864,0.004267425276339054,0.013371266424655914
YBL020W,YCL003W,0,-1.9490266,0.030612245202064514,0.004267425276339054,0.013513513840734959
YOR088W,YIR012W,0,-1.9491826,0.03030303120613098,0.004267425276339054,0.013655761256814003
YOR088W,YLR376C,0,-1.9499998,0.029999999329447746,0.004267425276339054,0.013798008672893047
YLR263W,YLR248W,1,-1.9501809,0.039603959769010544,0.005689900368452072,0.013798008672893047
YNL281W,YLR312C-B,0,-1.9518914,0.03921568766236305,0.005689900368452072,0.013940256088972092
YIL049W,YDR018C,0,-1.9523149,0.03883495181798935,0.005689900368452072,0.014082503505051136
YOR088W,YPL233W,0,-1.952485,0.03846153989434242,0.005689900368452072,0.01422475092113018
YHR079C-B,YOL090W,1,-1.9531709,0.0476190485060215,0.00711237546056509,0.01422475092113018
YER106W,YHR079C-B,1,-1.954793,0.056603774428367615,0.008534850552678108,0.01422475092113018
YGR123C,YBR090C-A,0,-1.9558188,0.05607476457953453,0.008534850552678108,0.014366998337209225
YOR088W,YBR135W,0,-1.9569672,0.0555555559694767,0.008534850552678108,0.014509245753288269
YDR342C,YLR396C,0,-1.9571446,0.055045872926712036,0.008534850552678108,0.014651493169367313
YCR058C,YHR016C,0,-1.9572252,0.05454545468091965,0.008534850552678108,0.014793741516768932
YHR079C-B,YGL158W,1,-1.9575044,0.06306306272745132,0.009957325644791126,0.014793741516768932
YER006W,YJL021C,0,-1.9581828,0.0625,0.009957325644791126,0.014935988932847977
YML045W,YOR100C,0,-1.958728,0.06194690242409706,0.009957325644791126,0.015078236348927021
YKL200C,YDR398W,0,-1.9587821,0.061403509229421616,0.009957325644791126,0.015220483765006065
YER062C,YNL261W,0,-1.9600095,0.06086956337094307,0.009957325644791126,0.01536273118108511
YIL139C,YJL021C,0,-1.9604944,0.06034482643008232,0.009957325644791126,0.015504978597164154
YCR058C,YAL051W,0,-1.9624857,0.05982905998826027,0.009957325644791126,0.015647226944565773
YOR088W,YNL111C,0,-1.9625214,0.05932203307747841,0.009957325644791126,0.015789473429322243
YHR214C-B,YLR115W,0,-1.9625313,0.05882352963089943,0.009957325644791126,0.01593172177672386
YLR115W,YHR016C,0,-1.9630893,0.05833333358168602,0.009957325644791126,0.01607396826148033
YOR088W,YER126C,0,-1.9636441,0.057851240038871765,0.009957325644791126,0.01621621660888195
YCR058C,YPR024W,0,-1.9638145,0.05737704783678055,0.009957325644791126,0.01635846309363842
YOR088W,YIL159W,0,-1.9653517,0.056910570710897446,0.009957325644791126,0.01650071144104004
YBR090C-A,YPR164W,0,-1.9654028,0.05645161122083664,0.009957325644791126,0.01664295792579651
YMR227C,YJL021C,0,-1.9662052,0.0560000017285347,0.009957325644791126,0.016785206273198128
YBR160W,YPL121C,1,-1.966253,0.0634920671582222,0.011379800736904144,0.016785206273198128
YHR079C-B,YBL009W,1,-1.967058,0.07086614519357681,0.012802275829017162,0.016785206273198128
YKL200C,YNL299W,0,-1.967225,0.0703125,0.012802275829017162,0.016927454620599747
YHR079C-B,YJL074C,1,-1.9687597,0.07751937955617905,0.01422475092113018,0.016927454620599747
YKL200C,YLR409C,0,-1.9689158,0.07692307978868484,0.01422475092113018,0.017069701105356216
YHR079C-B,YNL088W,1,-1.9709269,0.08396946638822556,0.015647226944565773,0.017069701105356216
YCL003W,YDR235W,0,-1.9720031,0.0833333358168602,0.015647226944565773,0.017211949452757835
YDR261W-A,YOR208W,0,-1.9736029,0.0827067643404007,0.015647226944565773,0.017354195937514305
YOR088W,YIR002C,0,-1.9742527,0.08208955079317093,0.015647226944565773,0.017496444284915924
YHR079C-B,YJL005W,1,-1.9744828,0.08888889104127884,0.017069701105356216,0.017496444284915924
YBR100W,YIR025W,1,-1.9756013,0.09558823704719543,0.01849217712879181,0.017496444284915924
YIR009W,YFR053C,0,-1.9756508,0.09489051252603531,0.01849217712879181,0.017638690769672394
YBR100W,YJL005W,1,-1.9765526,0.10144927352666855,0.019914651289582253,0.017638690769672394
YJR143C,YBR066C,0,-1.9767545,0.10071942210197449,0.019914651289582253,0.017780939117074013
YBR100W,YJL074C,1,-1.9781135,0.1071428582072258,0.021337127313017845,0.017780939117074013
YHR196W,YML011C,0,-1.9785515,0.10638298094272614,0.021337127313017845,0.017923185601830482
YEL042W,YDR115W,0,-1.9786724,0.10563380271196365,0.021337127313017845,0.0180654339492321
YDR342C,YDR379W,0,-1.9797716,0.10489510744810104,0.021337127313017845,0.01820768229663372
YBL100W-B,YNR008W,0,-1.9801292,0.1041666641831398,0.021337127313017845,0.01834992878139019
YLR227W-A,YDR163W,0,-1.9803153,0.1034482792019844,0.021337127313017845,0.01849217712879181
YLR032W,YGR272C,0,-1.9804479,0.10273972898721695,0.021337127313017845,0.01863442361354828
YHR016C,YMR117C,0,-1.9805262,0.10204081982374191,0.021337127313017845,0.018776671960949898
YHR079C-B,YLR234W,1,-1.9812719,0.10810811072587967,0.02275960147380829,0.018776671960949898
YBL100W-B,YOR168W,0,-1.9813105,0.10738255083560944,0.02275960147380829,0.018918918445706367
YML129C,YCR058C,0,-1.9813286,0.1066666692495346,0.02275960147380829,0.019061166793107986
YHR079C-B,YDL154W,1,-1.981906,0.11258278042078018,0.02418207749724388,0.019061166793107986
YHL022C,YHR079C-B,1,-1.9825107,0.1184210553765297,0.025604551658034325,0.019061166793107986
YBR084W,YOR142W-B,0,-1.9829429,0.11764705926179886,0.025604551658034325,0.019203413277864456
YOR088W,YMR302C,0,-1.9841709,0.11688311398029327,0.025604551658034325,0.019345661625266075
YHR214C-B,YOR148C,0,-1.9842877,0.11612903326749802,0.025604551658034325,0.019487908110022545
YDR361C,YBR090C-A,0,-1.9844111,0.11538461595773697,0.025604551658034325,0.019630156457424164
YGR272C,YER053C,0,-1.9844997,0.1146496832370758,0.025604551658034325,0.019772404804825783
YKL129C,YOR088W,0,-1.9845227,0.1139240488409996,0.025604551658034325,0.019914651289582253
YHR079C-B,YHR152W,1,-1.9851629,0.11949685215950012,0.027027027681469917,0.019914651289582253
YDR324C,YLR312C-B,0,-1.9855372,0.11874999850988388,0.027027027681469917,0.02005689963698387
YBR100W,YCR010C,1,-1.9855678,0.12422360479831696,0.02844950184226036,0.02005689963698387
YHR062C,YDR034C-C,0,-1.9861755,0.12345679104328156,0.02844950184226036,0.02019914612174034
YHL022C,YBR100W,1,-1.9869946,0.12883435189723969,0.029871977865695953,0.02019914612174034
YFL014W,YJL021C,0,-1.9874777,0.12804877758026123,0.029871977865695953,0.02034139446914196
YOR004W,YLR312C-B,0,-1.9876901,0.12727272510528564,0.029871977865695953,0.02048364095389843
YDR034C-D,YGR094W,0,-1.9881927,0.1265060305595398,0.029871977865695953,0.02062588930130005
YCR058C,YDR456W,0,-1.9885927,0.12574850022792816,0.029871977865695953,0.02076813578605652
YKL129C,YLR312C-B,0,-1.9892124,0.125,0.029871977865695953,0.020910384133458138
YOR142W-B,YJL194W,0,-1.9892764,0.12426035851240158,0.029871977865695953,0.021052632480859756
YNL186W,YJL021C,0,-1.9894141,0.12352941185235977,0.029871977865695953,0.021194878965616226
YKR061W,YDR261W-A,0,-1.9899389,0.12280701845884323,0.029871977865695953,0.021337127313017845
YHR079C-B,YPL194W,1,-1.9900304,0.12790697813034058,0.031294453889131546,0.021337127313017845
YER149C,YFL002W-B,0,-1.990541,0.12716762721538544,0.031294453889131546,0.021479373797774315
YNL007C,YJL021C,0,-1.9910077,0.12643678486347198,0.031294453889131546,0.021621622145175934
YML045W,YJR057W,0,-1.991012,0.1257142871618271,0.031294453889131546,0.021763868629932404
YBR084W,YLR410W-A,0,-1.9910678,0.125,0.031294453889131546,0.021906116977334023
YCL060C,YGR278W,0,-1.9912922,0.12429378181695938,0.031294453889131546,0.022048363462090492
YHR174W,YJL021C,0,-1.9913067,0.12359550595283508,0.031294453889131546,0.02219061180949211
YDR261W-A,YMR201C,0,-1.9913989,0.12290503084659576,0.031294453889131546,0.02233285829424858
YBR084W,YPR158C-D,0,-1.9921215,0.12222222238779068,0.031294453889131546,0.0224751066416502
YER062C,YBR182C,0,-1.9922637,0.12154696136713028,0.031294453889131546,0.02261735498905182
YDR018C,YOL045W,0,-1.9922639,0.12087912112474442,0.031294453889131546,0.02275960147380829
YBR100W,YOL090W,1,-1.9923414,0.12568305432796478,0.03271692618727684,0.02275960147380829
YOL103W-B,YDR116C,0,-1.9925581,0.125,0.03271692618727684,0.022901849821209908
YGR231C,YNL054W-B,0,-1.992844,0.12432432174682617,0.03271692618727684,0.023044096305966377
YGR231C,YHL009W-B,0,-1.9929192,0.12365591526031494,0.03271692618727684,0.023186344653367996
YPL244C,YPR158C-D,0,-1.9932353,0.12299465388059616,0.03271692618727684,0.023328591138124466
YDR463W,YDR261W-A,0,-1.9933106,0.12234042584896088,0.03271692618727684,0.023470839485526085
YDR261C-D,YNL232W,0,-1.9935063,0.12169311940670013,0.03271692618727684,0.023613085970282555
YDR034C-C,YER126C,0,-1.9935815,0.12105263024568558,0.03271692618727684,0.023755334317684174
YFL014W,YDL235C,0,-1.9936779,0.12041884660720825,0.03271692618727684,0.023897582665085793
YBR090C-A,YML060W,0,-1.9942167,0.1197916641831398,0.03271692618727684,0.024039829149842262
YDR034C-C,YCR028C-A,0,-1.9943944,0.11917098611593246,0.03271692618727684,0.02418207749724388
YBR090C-A,YOR132W,0,-1.994634,0.11855670064687729,0.03271692618727684,0.02432432398200035
YCL060C,YDR079C-A,0,-1.9946909,0.11794871836900711,0.03271692618727684,0.02446657232940197
YBR100W,YPL121C,1,-1.9948677,0.12244898080825806,0.03413940221071243,0.02446657232940197
YKL125W,YGR272C,0,-1.9950105,0.12182740867137909,0.03413940221071243,0.02460881881415844
YBL046W,YFL002W-B,0,-1.9951771,0.12121212482452393,0.03413940221071243,0.02475106716156006
YDR261W-A,YDL150W,0,-1.9952825,0.12060301750898361,0.03413940221071243,0.02489331364631653
YDR034C-C,YOR272W,0,-1.9955083,0.11999999731779099,0.03413940221071243,0.025035561993718147
YBL007C,YDR261W-A,0,-1.9957641,0.11940298229455948,0.03413940221071243,0.025177808478474617
YHR020W,YDR316W-A,0,-1.9959449,0.11881188303232193,0.03413940221071243,0.025320056825876236
YCR058C,YDL097C,0,-1.995995,0.11822660267353058,0.03413940221071243,0.025462305173277855
YDL115C,YHR079C-B,1,-1.99601,0.12254901975393295,0.035561878234148026,0.025462305173277855
YGR095C,YDR261C-D,0,-1.9961255,0.12195122241973877,0.035561878234148026,0.025604551658034325
YDR261W-A,YBR273C,0,-1.9961255,0.12135922163724899,0.035561878234148026,0.025746800005435944
YDR034C-D,YGL070C,0,-1.9964415,0.12077295035123825,0.035561878234148026,0.025889046490192413
YHL007C,YDR034C-D,0,-1.9964566,0.12019230425357819,0.035561878234148026,0.026031294837594032
YLR430W,YDR261W-A,0,-1.9964718,0.11961722373962402,0.035561878234148026,0.026173541322350502
YDR423C,YBR090C-A,0,-1.9967023,0.1190476194024086,0.035561878234148026,0.02631578966975212
YDR261W-A,YPR008W,0,-1.9969276,0.11848340928554535,0.035561878234148026,0.02645803615450859
YNL283C,YCL003W,0,-1.9969743,0.1179245263338089,0.035561878234148026,0.02660028450191021
YHR079C-B,YJL080C,1,-1.9970409,0.12206573039293289,0.03698435425758362,0.02660028450191021
YPL119C,YDR261W-B,0,-1.9970957,0.1214953288435936,0.03698435425758362,0.02674253284931183
YML045W,YLR337C,0,-1.9973902,0.12093023210763931,0.03698435425758362,0.0268847793340683
YFL014W,YJR029W,0,-1.997543,0.12037037312984467,0.03698435425758362,0.027027027681469917
YLR370C,YLR227W-A,0,-1.9976153,0.11981566995382309,0.03698435425758362,0.027169274166226387
YBR100W,YCR092C,1,-1.9976298,0.12385321408510208,0.03840682655572891,0.027169274166226387
YOL121C,YLR410W-A,0,-1.9976918,0.12328767031431198,0.03840682655572891,0.027311522513628006
YOL103W-B,YGR103W,0,-1.9978138,0.12272727489471436,0.03840682655572891,0.027453768998384476
YNR008W,YDR261W-B,0,-1.9980583,0.12217194586992264,0.03840682655572891,0.027596017345786095
YDR034C-C,YJL014W,0,-1.998364,0.12162162363529205,0.03840682655572891,0.027738263830542564
YLR224W,YPR113W,0,-1.9987403,0.12107623368501663,0.03840682655572891,0.027880512177944183
YDR034C-D,YDR120C,0,-1.9987613,0.1205357164144516,0.03840682655572891,0.028022760525345802
YHR020W,YOL103W-B,0,-1.9988223,0.11999999731779099,0.03840682655572891,0.028165007010102272
YDR280W,YDR034C-D,0,-1.9989446,0.11946902424097061,0.03840682655572891,0.02830725535750389
YNL054W-A,YDR244W,0,-1.9990057,0.1189427301287651,0.03840682655572891,0.02844950184226036
YBL046W,YNL054W-A,0,-1.9991738,0.1184210553765297,0.03840682655572891,0.02859175018966198
YDR379W,YDR261W-A,0,-1.9994642,0.117903932929039,0.03840682655572891,0.02873399667441845
YBL030C,YLR410W-A,0,-1.9994642,0.11739130318164825,0.03840682655572891,0.02887624502182007
YMR250W,YLR396C,0,-2.0003085,0.11688311398029327,0.03840682655572891,0.029018491506576538
YOR060C,YJL021C,0,-2.0003965,0.11637931317090988,0.03840682655572891,0.029160739853978157
YDR463W,YCR058C,0,-2.0007122,0.11587982624769211,0.03840682655572891,0.029302986338734627
YDR258C,YJL021C,0,-2.0007396,0.11538461595773697,0.03840682655572891,0.029445234686136246
YLR227W-A,YNL135C,0,-2.000824,0.11489361524581909,0.03840682655572891,0.029587483033537865
YDR264C,YFL002W-B,0,-2.0008545,0.1144067794084549,0.03840682655572891,0.029729729518294334
YDR261W-A,YMR250W,0,-2.0009155,0.1139240488409996,0.03840682655572891,0.029871977865695953
YOR088W,YGR112W,0,-2.0011475,0.11344537883996964,0.03840682655572891,0.030014224350452423
YBR036C,YDR261W-A,0,-2.0016184,0.11297070980072021,0.03840682655572891,0.030156472697854042
YBR170C,YDR261W-B,0,-2.0017254,0.11249999701976776,0.03840682655572891,0.030298719182610512
YER106W,YBR100W,1,-2.0017776,0.11618257313966751,0.039829302579164505,0.030298719182610512
YMR172W,YCL060C,0,-2.0018172,0.11570248007774353,0.039829302579164505,0.03044096753001213
YOL103W-B,YDR404C,0,-2.001863,0.11522633582353592,0.039829302579164505,0.0305832140147686
YGR161W-A,YNL036W,0,-2.0018783,0.1147540956735611,0.039829302579164505,0.03072546236217022
YOL103W-B,YMR239C,0,-2.0018783,0.11428571492433548,0.039829302579164505,0.03086771070957184
YDR210W-B,YDR331W,0,-2.0020006,0.11382114142179489,0.039829302579164505,0.031009957194328308
YDR034C-D,YDL043C,0,-2.002031,0.11336032301187515,0.039829302579164505,0.031152205541729927
YFL021W,YFL011W,0,-2.0022507,0.11290322244167328,0.039829302579164505,0.031294453889131546
YDR318W,YNL054W-A,0,-2.0023518,0.11244980245828629,0.039829302579164505,0.031436700373888016
YDR264C,YDR261C-D,0,-2.0023518,0.1120000034570694,0.039829302579164505,0.031578946858644485
YDR316W-A,YGL144C,0,-2.0025353,0.11155378818511963,0.039829302579164505,0.031721193343400955
YJR029W,YPL257W-B,0,-2.0025506,0.1111111119389534,0.039829302579164505,0.03186344355344772
YLR060W,YDR365W-B,0,-2.002627,0.11067193746566772,0.039829302579164505,0.03200569003820419
YLR227W-A,YOR100C,0,-2.002627,0.11023622006177902,0.039829302579164505,0.03214793652296066
YOL103W-B,YGR094W,0,-2.0027797,0.10980392247438431,0.039829302579164505,0.03229018673300743
YOR316C,YDR034C-C,0,-2.002795,0.109375,0.039829302579164505,0.0324324332177639
YNL218W,YDR261W-A,0,-2.0028102,0.10894941538572311,0.039829302579164505,0.03257467970252037
YDL223C,YGR218W,0,-2.0028274,0.10852713137865067,0.039829302579164505,0.03271692618727684
YLR060W,YDR034C-C,0,-2.002841,0.10810811072587967,0.039829302579164505,0.03285917639732361
YDR261W-A,YHR073W,0,-2.002902,0.10769230872392654,0.039829302579164505,0.03300142288208008
YHL009W-B,YPL153C,0,-2.0029478,0.1072796955704689,0.039829302579164505,0.03314366936683655
YDR365W-A,YLR313C,0,-2.003024,0.10687022656202316,0.039829302579164505,0.03328591585159302
YGR161W-A,YDL150W,0,-2.0032687,0.10646387934684753,0.039829302579164505,0.033428166061639786
YBL025W,YDR365W-A,0,-2.0032687,0.10606060922145844,0.039829302579164505,0.033570412546396255
YIR004W,YDR261W-B,0,-2.003284,0.10566037893295288,0.039829302579164505,0.033712659031152725
YBL100W-B,YIL159W,0,-2.0034568,0.10526315867900848,0.039829302579164505,0.03385490924119949
YER026C,YDR034C-C,0,-2.003513,0.10486891120672226,0.039829302579164505,0.03399715572595596
YML098W,YLR312C-B,0,-2.003523,0.10447761416435242,0.039829302579164505,0.03413940221071243
YHL009W-B,YDL170W,0,-2.0039105,0.10408922284841537,0.039829302579164505,0.0342816486954689
YOR088W,YDL212W,0,-2.0040479,0.10370370000600815,0.039829302579164505,0.03442389890551567
YDR034C-C,YBR155W,0,-2.004262,0.10332103073596954,0.039829302579164505,0.03456614539027214
YHR079C-B,YLR263W,1,-2.0050094,0.10661764442920685,0.0412517786026001,0.03456614539027214
YDR210W-B,YKR101W,0,-2.0050411,0.10622710734605789,0.0412517786026001,0.03470839187502861
YML028W,YOR088W,0,-2.0051808,0.10583941638469696,0.0412517786026001,0.03485063835978508
YER026C,YHL009W-B,0,-2.0052397,0.10545454174280167,0.0412517786026001,0.03499288856983185
YOR142W-B,YFR005C,0,-2.0052702,0.10507246106863022,0.0412517786026001,0.03513513505458832
YBR100W,YER173W,1,-2.0054636,0.1083032488822937,0.04267425462603569,0.03513513505458832
YBR100W,YPL139C,1,-2.0056298,0.11151079088449478,0.044096726924180984,0.03513513505458832
YGR095C,YCL003W,0,-2.005702,0.1111111119389534,0.044096726924180984,0.03527738153934479
YPL020C,YHL009W-B,0,-2.0057745,0.11071428656578064,0.044096726924180984,0.035419631749391556
YGL178W,YFL002W-B,0,-2.0057898,0.11032028496265411,0.044096726924180984,0.035561878234148026
YPL057C,YCL060C,0,-2.00579,0.10992907732725143,0.044096726924180984,0.035704124718904495
YCL060C,YOR298C-A,0,-2.0058634,0.10954063385725021,0.044096726924180984,0.035846371203660965
YBR100W,YIL132C,1,-2.0061178,0.11267605423927307,0.04551920294761658,0.035846371203660965
YDR365W-B,YDL143W,0,-2.0061567,0.1122807040810585,0.04551920294761658,0.03598862141370773
YER088C,YDR261W-A,0,-2.0062025,0.1118881106376648,0.04551920294761658,0.0361308678984642
YPR056W,YOR142W-B,0,-2.006294,0.11149825900793076,0.04551920294761658,0.03627311438322067
YHR175W,YDR034C-D,0,-2.0063248,0.1111111119389534,0.04551920294761658,0.03641536459326744
YPR034W,YDR210W-B,0,-2.0064163,0.11072664707899094,0.04551920294761658,0.03655761107802391
YNL091W,YOR142W-B,0,-2.0065844,0.11034482717514038,0.04551920294761658,0.03669985756278038
YOR295W,YDR261W-B,0,-2.006653,0.10996563732624054,0.04551920294761658,0.03684210404753685
YNL221C,YDR261C-D,0,-2.006722,0.10958904027938843,0.04551920294761658,0.03698435425758362
YOL103W-B,YGL243W,0,-2.0070353,0.10921501368284225,0.04551920294761658,0.03712660074234009
YNL054W-A,YPR024W,0,-2.0070734,0.10884353518486023,0.04551920294761658,0.03726884722709656
YLR227W-A,YDL235C,0,-2.0070887,0.10847457498311996,0.04551920294761658,0.03741109371185303
YOL097C,YDR365W-A,0,-2.0070963,0.10810811072587967,0.04551920294761658,0.037553343921899796
YBR100W,YOR073W,1,-2.007128,0.1111111119389534,0.04694167897105217,0.037553343921899796
YLR130C,YFL002W-B,0,-2.0071344,0.11073825508356094,0.04694167897105217,0.037695590406656265
YDR342C,YDR034C-D,0,-2.0073788,0.11036789417266846,0.04694167897105217,0.037837836891412735
YDR034C-D,YML019W,0,-2.0073943,0.10999999940395355,0.04694167897105217,0.0379800871014595
YPL257W-B,YDL015C,0,-2.007692,0.10963454842567444,0.04694167897105217,0.03812233358621597
YPR158C-D,YDR115W,0,-2.0082116,0.10927152633666992,0.04694167897105217,0.03826458007097244
YLR410W-A,YJL076W,0,-2.008273,0.10891088843345642,0.04694167897105217,0.03840682655572891
YGR161W-A,YNR023W,0,-2.0082958,0.10855263471603394,0.04694167897105217,0.03854907676577568
YOR142W-B,YJL183W,0,-2.0083187,0.10819672048091888,0.04694167897105217,0.03869132325053215
YDR210W-B,YPL211W,0,-2.0083797,0.10784313827753067,0.04694167897105217,0.03883356973528862
YCL060C,YLR384C,0,-2.0086925,0.1074918583035469,0.04694167897105217,0.03897581622004509
YER161C,YLR312C-B,0,-2.008782,0.1071428582072258,0.04694167897105217,0.03911806643009186
YGR272C,YMR149W,0,-2.0087829,0.10679611563682556,0.04694167897105217,0.03926031291484833
YDR034C-C,YDR419W,0,-2.0087924,0.106451615691185,0.04694167897105217,0.0394025593996048
YGR202C,YLR410W-A,0,-2.008991,0.10610932111740112,0.04694167897105217,0.039544809609651566
YOR088W,YNL298W,0,-2.0090942,0.10576923191547394,0.04694167897105217,0.039687056094408035
YNL054W-B,YMR168C,0,-2.00935,0.10543131083250046,0.04694167897105217,0.039829302579164505
YDR365W-B,YDR244W,0,-2.0093653,0.10509554296731949,0.04694167897105217,0.039971549063920975
YOR168W,YLR410W-A,0,-2.009373,0.10476190596818924,0.04694167897105217,0.04011379927396774
YDR034C-C,YGR239C,0,-2.0099154,0.10443037748336792,0.04694167897105217,0.04025604575872421
YDL022W,YJL157C,0,-2.0099595,0.10410095006227493,0.04694167897105217,0.04039829224348068
YDR261C-D,YGR123C,0,-2.0099995,0.1037735864520073,0.04694167897105217,0.04054053872823715
YDR324C,YLR227W-A,0,-2.010198,0.1034482792019844,0.04694167897105217,0.04068278893828392
YDR423C,YDR365W-A,0,-2.010244,0.10312499850988388,0.04694167897105217,0.04082503542304039
YMR241W,YDR210W-B,0,-2.0103738,0.10280373692512512,0.04694167897105217,0.04096728190779686
YJR029W,YJR068W,0,-2.0105684,0.10248447209596634,0.04694167897105217,0.04110953211784363
YGR161W-A,YPL091W,0,-2.0106258,0.10216718167066574,0.04694167897105217,0.0412517786026001
YPL256C,YJR103W,0,-2.0107863,0.10185185074806213,0.04694167897105217,0.04139402508735657
YCL004W,YJL021C,0,-2.010815,0.10153846442699432,0.04694167897105217,0.04153627157211304
YCR091W,YDR210W-B,0,-2.01126,0.10122699290513992,0.04694167897105217,0.041678521782159805
YCL060C,YFL011W,0,-2.011261,0.10091742873191833,0.04694167897105217,0.041820768266916275
YOR316C,YPL257W-B,0,-2.0113058,0.10060975700616837,0.04694167897105217,0.041963014751672745
YER106W,YOL090W,1,-2.0113256,0.10334346443414688,0.04836415499448776,0.041963014751672745
YDR316W-A,YOR319W,0,-2.0113823,0.10303030163049698,0.04836415499448776,0.04210526496171951
YHL009W-B,YMR045C,0,-2.0114663,0.1027190312743187,0.04836415499448776,0.04224751144647598
YNL054W-B,YHR205W,0,-2.0114892,0.10240963846445084,0.04836415499448776,0.04238975793123245
YHL009W-B,YKL051W,0,-2.0115275,0.10210210084915161,0.04836415499448776,0.04253200441598892
YDR213W,YGR272C,0,-2.0115328,0.10179640352725983,0.04836415499448776,0.04267425462603569
YCL003W,YER008C,0,-2.0115604,0.10149253904819489,0.04836415499448776,0.04281650111079216
YML129C,YMR045C,0,-2.0117557,0.1011904776096344,0.04836415499448776,0.04295874759554863
YHR079C-B,YOR073W,1,-2.0117667,0.10385756939649582,0.04978662729263306,0.04295874759554863
YGR161W-A,YBR182C,0,-2.0120316,0.10355029255151749,0.04978662729263306,0.0431009940803051
YIL082W-A,YGR020C,0,-2.0123649,0.1032448410987854,0.04978662729263306,0.04324324429035187
YOR142W-B,YNL261W,0,-2.012368,0.10294117778539658,0.04978662729263306,0.04338549077510834
YDR210W-B,YGR191W,0,-2.0124211,0.10263929516077042,0.04978662729263306,0.04352773725986481
YDL235C,YDR261W-A,0,-2.012658,0.10233917832374573,0.04978662729263306,0.043669987469911575
YDR120C,YOL103W-B,0,-2.012681,0.10204081982374191,0.04978662729263306,0.043812233954668045
YOL097C,YDR210W-B,0,-2.012742,0.10174418240785599,0.04978662729263306,0.043954480439424515
YLR410W-A,YML060W,0,-2.0128415,0.10144927352666855,0.04978662729263306,0.044096726924180984
YDR182W,YPL257W-B,0,-2.0129333,0.1011560708284378,0.04978662729263306,0.04423897713422775
YLR410W-A,YER149C,0,-2.0130248,0.10086455196142197,0.04978662729263306,0.04438122361898422
YNL054W-B,YCR002C,0,-2.0130324,0.10057470947504044,0.04978662729263306,0.04452347010374069
YDR065W,YLR115W,0,-2.0130546,0.10028653591871262,0.04978662729263306,0.04466571658849716
YDR261W-A,YCR002C,0,-2.0130556,0.10000000149011612,0.04978662729263306,0.04480796679854393
YDR279W,YOL103W-B,0,-2.013086,0.09971509873867035,0.04978662729263306,0.0449502132833004
YBL035C,YDR261W-B,0,-2.0132158,0.09943182021379471,0.04978662729263306,0.04509245976805687
YGR161W-A,YOR132W,0,-2.0132923,0.0991501435637474,0.04978662729263306,0.04523470997810364
YCR058C,YIL031W,0,-2.0134704,0.09887005388736725,0.04978662729263306,0.04537695646286011
YLR205C,YNL054W-B,0,-2.0134757,0.09859155118465424,0.04978662729263306,0.04551920294761658
YOL077W-A,YOL103W-B,0,-2.014087,0.09831460565328598,0.04978662729263306,0.04566144943237305
YPL262W,YNL054W-B,0,-2.014102,0.09803921729326248,0.04978662729263306,0.045803699642419815
YNL221C,YDR365W-A,0,-2.0143428,0.09776536375284195,0.04978662729263306,0.045945946127176285
YBR100W,YHR079C-B,1,-2.0144615,0.10027854889631271,0.05120910331606865,0.045945946127176285
YHR079C-B,YBR098W,1,-2.0144615,0.10277777910232544,0.05263157933950424,0.045945946127176285
YDR210W-B,YOL023W,0,-2.014469,0.10249307751655579,0.05263157933950424,0.046088192611932755
YPR158C-D,YNL209W,0,-2.0148623,0.10220994800329208,0.05263157933950424,0.04623044282197952
YCR081W,YLR410W-A,0,-2.0149884,0.10192837566137314,0.05263157933950424,0.04637268930673599
YDR365W-B,YNL281W,0,-2.015061,0.10164835304021835,0.05263157933950424,0.04651493579149246
YFL002W-B,YJL014W,0,-2.0151143,0.10136986523866653,0.05263157933950424,0.04665718227624893
YGR202C,YFL002W-B,0,-2.0151792,0.10109289735555649,0.05263157933950424,0.0467994324862957
YBR250W,YHR079C-B,1,-2.0152118,0.10354223102331161,0.054054055362939835,0.0467994324862957
YOR142W-B,YGR239C,0,-2.0153244,0.10326086729764938,0.054054055362939835,0.04694167897105217
YJR057W,YOL103W-B,0,-2.0154965,0.10298103094100952,0.054054055362939835,0.04708392545580864
YNL054W-A,YNR072W,0,-2.0155575,0.10270269960165024,0.054054055362939835,0.04722617194056511
YDR034C-C,YIL048W,0,-2.0159051,0.10242587327957153,0.054054055362939835,0.04736842215061188
YML015C,YPL257W-B,0,-2.0159738,0.10215053707361221,0.054054055362939835,0.04751066863536835
YBR112C,YLR410W-A,0,-2.0159853,0.10187667608261108,0.054054055362939835,0.04765291512012482
YLR191W,YPL257W-B,0,-2.0162222,0.10160427540540695,0.054054055362939835,0.047795165330171585
YGR188C,YJL021C,0,-2.0162334,0.10133333504199982,0.054054055362939835,0.047937411814928055
YGR161W-A,YIR004W,0,-2.0162413,0.10106383264064789,0.054054055362939835,0.048079658299684525
YHR214C-B,YPR049C,0,-2.016343,0.10079575330018997,0.054054055362939835,0.048221904784440994
YDR365W-B,YMR138W,0,-2.0165277,0.10052909702062607,0.054054055362939835,0.04836415499448776
YHL009W-B,YMR025W,0,-2.016627,0.10026384890079498,0.054054055362939835,0.04850640147924423
YBR100W,YGR225W,1,-2.0166354,0.102631576359272,0.05547652766108513,0.04850640147924423
YPR042C,YJL021C,0,-2.0168104,0.10236220806837082,0.05547652766108513,0.0486486479640007
YDR365W-B,YER159C,0,-2.0169365,0.10209424048662186,0.05547652766108513,0.04879089444875717
YLR227W-A,YDR393W,0,-2.016967,0.10182767361402512,0.05547652766108513,0.04893314465880394
YDL047W,YPL257W-B,0,-2.0172267,0.1015625,0.05547652766108513,0.04907539114356041
YER126C,YDR365W-A,0,-2.0172384,0.10129870474338531,0.05547652766108513,0.04921763762831688
YDR034C-C,YGR003W,0,-2.0175438,0.10103627294301987,0.05547652766108513,0.04935988783836365
YGR161W-A,YAR003W,0,-2.017609,0.10077519714832306,0.05547652766108513,0.04950213432312012
YDR106W,YDR365W-A,0,-2.0176585,0.1005154624581337,0.05547652766108513,0.04964438080787659
YDR039C,YDR261W-B,0,-2.0178227,0.10025706887245178,0.05547652766108513,0.04978662729263306
YFR053C,YDR034C-C,0,-2.0178304,0.10000000149011612,0.05547652766108513,0.049928877502679825
YBR244W,YDR034C-D,0,-2.017861,0.09974424540996552,0.05547652766108513,0.050071123987436295
YDR261C-D,YDL164C,0,-2.0179107,0.09948979318141937,0.05547652766108513,0.050213370472192764
YDR261W-A,YOL023W,0,-2.0180824,0.09923664480447769,0.05547652766108513,0.050355616956949234
YOR079C,YDR034C-C,0,-2.0181284,0.09898477047681808,0.05547652766108513,0.050497867166996
YDR210W-B,YEL061C,0,-2.0181437,0.09873417764902115,0.05547652766108513,0.05064011365175247
YNL283C,YLR410W-A,0,-2.0181475,0.09848485141992569,0.05547652766108513,0.05078236013650894
YNL054W-A,YFR009W,0,-2.0181742,0.09823677688837051,0.05547652766108513,0.05092461034655571
YNL313C,YGR272C,0,-2.0182264,0.09798994660377502,0.05547652766108513,0.05106685683131218
YER035W,YNL054W-A,0,-2.0183938,0.09774436056613922,0.05547652766108513,0.05120910331606865
YGL089C,YNL182C,0,-2.0184512,0.09749999642372131,0.05547652766108513,0.05135134980082512
YJR103W,YJL113W,0,-2.018558,0.0972568541765213,0.05547652766108513,0.05149360001087189
YKR042W,YGR161W-A,0,-2.0185733,0.09701492637395859,0.05547652766108513,0.05163584649562836
YNR052C,YDR261W-A,0,-2.0186555,0.09677419066429138,0.05547652766108513,0.05177809298038483
YDR034C-D,YGR239C,0,-2.0186918,0.09653465449810028,0.05547652766108513,0.051920343190431595
YER042W,YFL002W-B,0,-2.0188005,0.0962962955236435,0.05547652766108513,0.052062589675188065
YLR410W-A,YOR004W,0,-2.0188751,0.09605911374092102,0.05547652766108513,0.052204836159944534
YNL054W-A,YNL007C,0,-2.018877,0.09582309424877167,0.05547652766108513,0.052347082644701004
YDR306C,YML045W,0,-2.0189738,0.09558823704719543,0.05547652766108513,0.05248933285474777
YLR227W-A,YDR279W,0,-2.0190337,0.09535451978445053,0.05547652766108513,0.05263157933950424
YOL103W-B,YDR501W,0,-2.0191004,0.09512194991111755,0.05547652766108513,0.05277382582426071
YDR034C-D,YLR141W,0,-2.0191483,0.09489051252603531,0.05547652766108513,0.05291607230901718
YPL257W-B,YLR135W,0,-2.0192132,0.0946601927280426,0.05547652766108513,0.05305832251906395
YPR158C-D,YLR116W,0,-2.0192266,0.09443099051713943,0.05547652766108513,0.05320056900382042
YNL139C,YBR090C-A,0,-2.0195148,0.09420289844274521,0.05547652766108513,0.05334281548857689
YBR090C-A,YDR164C,0,-2.0195289,0.09397590160369873,0.05547652766108513,0.05348506569862366
YJR029W,YGL205W,0,-2.0196035,0.09375,0.05547652766108513,0.05362731218338013
YHR176W,YHL009W-B,0,-2.0196412,0.09352517873048782,0.05547652766108513,0.0537695586681366
YDR365W-B,YIL017C,0,-2.0196676,0.0933014377951622,0.05547652766108513,0.053911805152893066
YNL054W-A,YMR162C,0,-2.0198338,0.09307876229286194,0.05547652766108513,0.054054055362939835
YLR103C,YNL054W-A,0,-2.0198474,0.09285714477300644,0.05547652766108513,0.054196301847696304
YHL009W-B,YPL140C,0,-2.0199103,0.0926365777850151,0.05547652766108513,0.054338548332452774
YML045W,YOL103W-B,0,-2.0199294,0.09241706132888794,0.05547652766108513,0.054480794817209244
YCR089W,YDR115W,0,-2.0199594,0.09219858050346375,0.05547652766108513,0.05462304502725601
YNL054W-B,YNL007C,0,-2.0200076,0.09198113530874252,0.05547652766108513,0.05476529151201248
YLR227W-A,YMR302C,0,-2.0200765,0.09176470339298248,0.05547652766108513,0.05490753799676895
YGR161W-A,YER026C,0,-2.0201147,0.09154929220676422,0.05547652766108513,0.05504978820681572
YNL313C,YNL054W-A,0,-2.0202532,0.09133489429950714,0.05547652766108513,0.05519203469157219
YDR210W-B,YOL016C,0,-2.0202885,0.09112149477005005,0.05547652766108513,0.05533428117632866
YDR034C-D,YML034W,0,-2.0204852,0.09090909361839294,0.05547652766108513,0.05547652766108513
YKL178C,YDR261W-A,0,-2.0205395,0.09069767594337463,0.05547652766108513,0.0556187778711319
YDR210W-B,YJL113W,0,-2.0205474,0.09048724174499512,0.05547652766108513,0.05576102435588837
YLR276C,YPR164W,0,-2.0205762,0.0902777761220932,0.05547652766108513,0.055903270840644836
YNL149C,YNL054W-B,0,-2.0206075,0.09006928652524948,0.05547652766108513,0.056045521050691605
YJL090C,YJL021C,0,-2.0206494,0.08986175060272217,0.05547652766108513,0.056187767535448074
YDR211W,YFL002W-B,0,-2.020677,0.08965517580509186,0.05547652766108513,0.056330014020204544
YHR008C,YGR059W,0,-2.0207126,0.08944953978061676,0.05547652766108513,0.056472260504961014
YHR079C-B,YCR092C,1,-2.020776,0.09153318405151367,0.05689900368452072,0.056472260504961014
YGR161W-A,YFL011W,0,-2.0209389,0.09132420271635056,0.05689900368452072,0.05661451071500778
YCR058C,YJL194W,0,-2.0209556,0.09111617505550385,0.05689900368452072,0.05675675719976425
YPL257W-B,YNR008W,0,-2.020976,0.09090909361839294,0.05689900368452072,0.05689900368452072
YKL200C,YDR182W,0,-2.0210335,0.09070295095443726,0.05689900368452072,0.05704125016927719
YNL048W,YBR090C-A,0,-2.021125,0.09049773961305618,0.05689900368452072,0.05718350037932396
YLR227W-A,YIR004W,0,-2.0211365,0.09029345214366913,0.05689900368452072,0.05732574686408043
YGR214W,YDR365W-A,0,-2.021147,0.09009008854627609,0.05689900368452072,0.0574679933488369
YPR023C,YDR261W-B,0,-2.0213978,0.08988764137029648,0.05689900368452072,0.05761024355888367
YJR057W,YDR210W-B,0,-2.0215032,0.08968609571456909,0.05689900368452072,0.05775249004364014
YPL257W-B,YNL106C,0,-2.0215256,0.08948545902967453,0.05689900368452072,0.057894736528396606
YKL049C,YNL054W-A,0,-2.0215538,0.0892857164144516,0.05689900368452072,0.058036983013153076
YDR365W-B,YLR100W,0,-2.0215933,0.0890868604183197,0.05689900368452072,0.058179233223199844
YNL197C,YNL054W-A,0,-2.0217755,0.08888889104127884,0.05689900368452072,0.058321479707956314
YCR058C,YOR144C,0,-2.0218365,0.08869179338216782,0.05689900368452072,0.058463726192712784
YDR210W-B,YDR394W,0,-2.021862,0.08849557489156723,0.05689900368452072,0.058605972677469254
YLR227W-A,YNR008W,0,-2.021875,0.08830022066831589,0.05689900368452072,0.05874822288751602
YBR100W,YLR263W,1,-2.0218775,0.09030836820602417,0.058321479707956314,0.05874822288751602
YHR079C-B,YGR225W,1,-2.0218968,0.0923076942563057,0.05974395573139191,0.05874822288751602
YKR042W,YDR014W-A,0,-2.0221393,0.09210526198148727,0.05974395573139191,0.05889046937227249
YDR147W,YFL002W-B,0,-2.0221393,0.09190371632575989,0.05974395573139191,0.05903271585702896
YDR261C-D,YBR172C,0,-2.0221393,0.09170305728912354,0.05974395573139191,0.05917496606707573
YDR014W-A,YMR268C,0,-2.0221393,0.09150326997041702,0.05974395573139191,0.0593172125518322
YDR306C,YJL021C,0,-2.0221393,0.09130434691905975,0.05974395573139191,0.05945945903658867
YCL060C,YLR224W,0,-2.0221393,0.09110628813505173,0.05974395573139191,0.05960170552134514
YPR158C-D,YDR147W,0,-2.0221393,0.09090909361839294,0.05974395573139191,0.05974395573139191
YDR213W,YDR034C-C,0,-2.0221393,0.09071274101734161,0.05974395573139191,0.059886202216148376
YDR014W-A,YHR165C,0,-2.0221393,0.09051723778247833,0.05974395573139191,0.060028448700904846
YOR142W-B,YGR272C,0,-2.0221393,0.0903225839138031,0.05974395573139191,0.060170695185661316
YDR014W-A,YHR067W,0,-2.0221393,0.09012875705957413,0.05974395573139191,0.060312945395708084
YDR014W-A,YHR073W,0,-2.0221393,0.08993575721979141,0.05974395573139191,0.060455191880464554
YER035W,YDR014W-A,0,-2.0221393,0.08974359184503555,0.05974395573139191,0.060597438365221024
YMR030W,YLR227W-A,0,-2.0221393,0.08955223858356476,0.05974395573139191,0.06073968857526779
YDR014W-A,YMR127C,0,-2.0221393,0.08936170488595963,0.05974395573139191,0.06088193506002426
YDR365W-B,YJL021C,0,-2.0221393,0.08917197585105896,0.05974395573139191,0.06102418154478073
YDR014W-A,YNL130C,0,-2.0221393,0.08898305147886276,0.05974395573139191,0.0611664280295372
YDR014W-A,YKL058W,0,-2.0221393,0.08879492431879044,0.05974395573139191,0.06130867823958397
YDR014W-A,YLR324W,0,-2.0221393,0.08860759437084198,0.05974395573139191,0.06145092472434044
YOL103W-B,YGR272C,0,-2.0221393,0.0884210541844368,0.05974395573139191,0.06159317120909691
YNL048W,YDR014W-A,0,-2.0221393,0.0882352963089943,0.05974395573139191,0.06173542141914368
YDR039C,YBR111W-A,0,-2.0221393,0.08805031329393387,0.05974395573139191,0.061877667903900146
YDR014W-A,YDL024C,0,-2.0221393,0.08786610513925552,0.05974395573139191,0.062019914388656616
YDR034C-D,YER008C,0,-2.0221393,0.08768267184495926,0.05974395573139191,0.062162160873413086
YDR034C-D,YER015W,0,-2.0221393,0.08749999850988388,0.05974395573139191,0.062304411083459854
YDR365W-B,YDR079C-A,0,-2.0221393,0.08731808513402939,0.05974395573139191,0.062446657568216324
YPL257W-B,YOL045W,0,-2.0221393,0.08713693171739578,0.05974395573139191,0.06258890777826309
YDR365W-A,YKL004W,0,-2.0221393,0.08695652335882187,0.05974395573139191,0.06273115426301956
YGR161W-A,YDR147W,0,-2.0221393,0.08677686005830765,0.05974395573139191,0.06287340074777603
YDR014W-A,YER149C,0,-2.0221393,0.08659794181585312,0.05974395573139191,0.0630156472325325
YDR034C-D,YLR320W,0,-2.0221393,0.08641975373029709,0.05974395573139191,0.06315789371728897
YDR014W-A,YFR009W,0,-2.0221393,0.08624230325222015,0.05974395573139191,0.06330014020204544
YDR463W,YDR014W-A,0,-2.0221393,0.08606557548046112,0.05974395573139191,0.06344238668680191
YDR316W-A,YDR213W,0,-2.0221393,0.08588957041501999,0.05974395573139191,0.06358464062213898
YMR030W,YLR410W-A,0,-2.0221393,0.08571428805589676,0.05974395573139191,0.06372688710689545
YLR227W-A,YOL045W,0,-2.0221393,0.08553971350193024,0.05974395573139191,0.06386913359165192
YKL200C,YDR261W-B,0,-2.0221393,0.08536585420370102,0.05974395573139191,0.06401138007640839
YGR161W-A,YCR093W,0,-2.0221393,0.08519269526004791,0.05974395573139191,0.06415362656116486
YMR030W,YPR158C-D,0,-2.0221393,0.08502024412155151,0.05974395573139191,0.06429587304592133
YDR034C-C,YLR312C-B,0,-2.0221393,0.08484848588705063,0.05974395573139191,0.0644381195306778
YDR014W-A,YLR006C,0,-2.0221393,0.08467742055654526,0.05974395573139191,0.06458037346601486
YGR272C,YFL002W-B,0,-2.0221393,0.0845070406794548,0.05974395573139191,0.06472261995077133
YGR272C,YJL012C,0,-2.0221481,0.08433734625577927,0.05974395573139191,0.0648648664355278
YML102W,YCL003W,0,-2.022151,0.08416833728551865,0.05974395573139191,0.06500711292028427
YDR365W-B,YPL020C,0,-2.0222235,0.08399999886751175,0.05974395573139191,0.06514935940504074
YMR179W,YPL257W-B,0,-2.022356,0.08383233845233917,0.05974395573139191,0.06529160588979721
YPR186C,YDR365W-A,0,-2.022547,0.08366534113883972,0.05974395573139191,0.06543385237455368
YOR290C,YDR210W-B,0,-2.0225828,0.0834990069270134,0.05974395573139191,0.06557609885931015
YOR142W-B,YDL004W,0,-2.0227976,0.0833333358168602,0.05974395573139191,0.06571835279464722
YGR161W-A,YNL126W,0,-2.0228598,0.08316832035779953,0.05974395573139191,0.06586059927940369
YDR365W-B,YOR386W,0,-2.0229514,0.0830039530992508,0.05974395573139191,0.06600284576416016
YBR265W,YDR034C-D,0,-2.023015,0.08284023404121399,0.05974395573139191,0.06614509224891663
YDL022W,YLR410W-A,0,-2.023027,0.08267716318368912,0.05974395573139191,0.0662873387336731
YHR079C-B,YBR160W,1,-2.0230281,0.08447936922311783,0.0611664280295372,0.0662873387336731
YIR004W,YDR261W-A,0,-2.0231457,0.08431372791528702,0.0611664280295372,0.06642958521842957
YOR168W,YNL054W-A,0,-2.0232804,0.08414872735738754,0.0611664280295372,0.06657183170318604
YDR261C-D,YLR033W,0,-2.0233064,0.083984375,0.0611664280295372,0.0667140856385231
YOR088W,YDR308C,0,-2.0233178,0.08382066339254379,0.0611664280295372,0.06685633212327957
YNL177C,YNL054W-A,0,-2.0233521,0.08365758508443832,0.0611664280295372,0.06699857860803604
YNL313C,YBR118W,0,-2.0233603,0.08349514752626419,0.0611664280295372,0.06714082509279251
YDR316W-A,YGR239C,0,-2.0233874,0.0833333358168602,0.0611664280295372,0.06728307157754898
YCR058C,YGR072W,0,-2.0235233,0.08317214995622635,0.0611664280295372,0.06742531806230545
YFR055W,YCL003W,0,-2.0237825,0.08301158249378204,0.0611664280295372,0.06756756454706192
YLR396C,YJL021C,0,-2.0238428,0.08285164088010788,0.0611664280295372,0.06770981848239899
YLR227W-A,YDR210W-B,0,-2.023866,0.08269231021404266,0.0611664280295372,0.06785206496715546
YLR227W-A,YJR108W,0,-2.0238945,0.0825335904955864,0.0611664280295372,0.06799431145191193
YHR079C-B,YER173W,1,-2.0239217,0.08429118990898132,0.06258890777826309,0.06799431145191193
YDR034C-D,YOR119C,0,-2.0241141,0.08413001894950867,0.06258890777826309,0.0681365579366684
YOL124C,YKL200C,0,-2.0241382,0.08396946638822556,0.06258890777826309,0.06827880442142487
YDR448W,YFL002W-B,0,-2.024139,0.08380952477455139,0.06258890777826309,0.06842105090618134
YNL054W-A,YGL012W,0,-2.0241542,0.08365018665790558,0.06258890777826309,0.0685632973909378
YHR012W,YFL002W-B,0,-2.0241926,0.08349145948886871,0.06258890777826309,0.06870555132627487
YOR067C,YPL257W-B,0,-2.024206,0.0833333358168602,0.06258890777826309,0.06884779781103134
YDR034C-D,YML015C,0,-2.0242345,0.08317580074071884,0.06258890777826309,0.06899004429578781
YBR100W,YGR247W,1,-2.0242448,0.08490566164255142,0.06401138007640839,0.06899004429578781
YPL153C,YLR312C-B,0,-2.0243218,0.08474576473236084,0.06401138007640839,0.06913229078054428
YGR161W-A,YLR409C,0,-2.0243855,0.08458646386861801,0.06401138007640839,0.06927453726530075
YDR365W-B,YGR003W,0,-2.0244884,0.08442776650190353,0.06401138007640839,0.06941678375005722
YHR079C-B,YLR248W,1,-2.0246868,0.08614232391119003,0.06543385237455368,0.06941678375005722
YHR129C,YDR365W-A,0,-2.024737,0.08598130941390991,0.06543385237455368,0.06955903023481369
YBL046W,YDR365W-A,0,-2.0248628,0.08582089841365814,0.06543385237455368,0.06970127671957016
YGL089C,YKL200C,0,-2.025038,0.08566108345985413,0.06543385237455368,0.06984353065490723
YDR283C,YML073C,0,-2.025087,0.08550185710191727,0.06543385237455368,0.0699857771396637
YMR045C,YER123W,0,-2.0251594,0.08534322679042816,0.06543385237455368,0.07012802362442017
YPR158C-D,YPR041W,0,-2.025199,0.08518518507480621,0.06543385237455368,0.07027027010917664
YML019W,YDR365W-A,0,-2.0252373,0.08502772450447083,0.06543385237455368,0.0704125165939331
YFL002W-B,YKL007W,0,-2.025308,0.084870845079422,0.06543385237455368,0.07055476307868958
YOL103W-B,YPR181C,0,-2.0254893,0.08471454679965973,0.06543385237455368,0.07069700956344604
YMR172W,YGR161W-A,0,-2.0258045,0.08455882221460342,0.06543385237455368,0.07083926349878311
YDR034C-D,YOR100C,0,-2.0259094,0.08440367132425308,0.06543385237455368,0.07098150998353958
YER088C,YOL103W-B,0,-2.0259783,0.0842490866780281,0.06543385237455368,0.07112375646829605
YDL231C,YOR142W-B,0,-2.026026,0.0840950608253479,0.06543385237455368,0.07126600295305252
YOR298C-A,YFL002W-B,0,-2.0260546,0.08394160866737366,0.06543385237455368,0.07140824943780899
YDR316W-A,YPL091W,0,-2.0260968,0.08378870785236359,0.06543385237455368,0.07155049592256546
YDR365W-B,YPR182W,0,-2.0261502,0.08363636583089828,0.06543385237455368,0.07169274240732193
YBR100W,YFL009W,1,-2.0264206,0.08529945462942123,0.06685633212327957,0.07169274240732193
YDR034C-D,YKL117W,0,-2.0265703,0.08514492958784103,0.06685633212327957,0.071834996342659
YDR365W-A,YFL031W,0,-2.0268645,0.084990955889225,0.06685633212327957,0.07197724282741547
YNL054W-A,YFR005C,0,-2.026876,0.08483754843473434,0.06685633212327957,0.07211948931217194
YKL085W,YDR034C-C,0,-2.0270479,0.08468468487262726,0.06685633212327957,0.0722617357969284
YGL127C,YIL082W-A,0,-2.0271757,0.08453237265348434,0.06685633212327957,0.07240398228168488
YNL054W-B,YGL044C,0,-2.027216,0.0843806117773056,0.06685633212327957,0.07254622876644135
YLR227W-A,YDR153C,0,-2.027342,0.08422938734292984,0.06685633212327957,0.07268847525119781
YDR331W,YJL021C,0,-2.0273442,0.08407871425151825,0.06685633212327957,0.07283072918653488
YKL200C,YOL045W,0,-2.0275273,0.08392857015132904,0.06685633212327957,0.07297297567129135
YAL017W,YOL103W-B,0,-2.0275712,0.08377896249294281,0.06685633212327957,0.07311522215604782
YJL021C,YJR082C,0,-2.0276268,0.08362989127635956,0.06685633212327957,0.07325746864080429
YHR079C-B,YIL132C,1,-2.027641,0.08525755256414413,0.06827880442142487,0.07325746864080429
YMR241W,YNL054W-B,0,-2.0276859,0.08510638028383255,0.06827880442142487,0.07339971512556076
YNL222W,YGR161W-A,0,-2.027747,0.08495575189590454,0.06827880442142487,0.07354196161031723
YDR261W-A,YGR003W,0,-2.0277507,0.08480565249919891,0.06827880442142487,0.0736842080950737
YLR382C,YDR034C-C,0,-2.027892,0.08465608209371567,0.06827880442142487,0.07382645457983017
YCR058C,YOR239W,0,-2.0280788,0.0845070406794548,0.06827880442142487,0.07396870851516724
YBR090C-A,YHR042W,0,-2.028317,0.08435852080583572,0.06827880442142487,0.0741109549999237
YDR365W-B,YNL091W,0,-2.0283237,0.08421052992343903,0.06827880442142487,0.07425320148468018
YHR020W,YOR079C,0,-2.0284207,0.08406304568052292,0.06827880442142487,0.07439544796943665
YBR199W,YDR210W-B,0,-2.0286026,0.0839160829782486,0.06827880442142487,0.07453769445419312
YPR057W,YLR312C-B,0,-2.0286508,0.08376963436603546,0.06827880442142487,0.07467994093894958
YOL103W-B,YPL231W,0,-2.0286942,0.08362369239330292,0.06827880442142487,0.07482218742370605
YNL218W,YLR410W-A,0,-2.0287821,0.08347826451063156,0.06827880442142487,0.07496444135904312
YOR004W,YJL021C,0,-2.028799,0.0833333358168602,0.06827880442142487,0.07510668784379959
YKL200C,YPL001W,0,-2.0288417,0.08318890631198883,0.06827880442142487,0.07524893432855606
YER169W,YCR058C,0,-2.029036,0.08304498344659805,0.06827880442142487,0.07539118081331253
YDR034C-D,YGR156W,0,-2.029084,0.08290155231952667,0.06827880442142487,0.075533427298069
YCR058C,YKL125W,0,-2.0291004,0.08275862038135529,0.06827880442142487,0.07567567378282547
YDR316W-A,YJL090C,0,-2.0291796,0.0826161801815033,0.06827880442142487,0.07581792026758194
YLL034C,YCL003W,0,-2.029323,0.0824742242693901,0.06827880442142487,0.075960174202919
YBR265W,YLR227W-A,0,-2.029485,0.08233276009559631,0.06827880442142487,0.07610242068767548
YMR273C,YFL002W-B,0,-2.029485,0.08219178020954132,0.06827880442142487,0.07624466717243195
YOL103W-B,YLR384C,0,-2.0294964,0.08205128461122513,0.06827880442142487,0.07638691365718842
YDR316W-A,YLR135W,0,-2.0295577,0.08191126585006714,0.06827880442142487,0.07652916014194489
YBR244W,YDR261C-D,0,-2.0295691,0.08177172392606735,0.06827880442142487,0.07667140662670135
YJL041W,YFL002W-B,0,-2.0296302,0.08163265138864517,0.06827880442142487,0.07681365311145782
YOR330C,YCL003W,0,-2.030015,0.0814940556883812,0.06827880442142487,0.0769558995962143
YJL111W,YLR312C-B,0,-2.0300398,0.08135592937469482,0.06827880442142487,0.07709815353155136
YLR227W-A,YBR015C,0,-2.030062,0.08121827244758606,0.06827880442142487,0.07724040001630783
YDR210W-B,YER053C,0,-2.0302072,0.0810810774564743,0.06827880442142487,0.0773826465010643
YDR283C,YLR410W-A,0,-2.030291,0.08094435185194016,0.06827880442142487,0.07752489298582077
YEL024W,YDR316W-A,0,-2.0303445,0.08080808073282242,0.06827880442142487,0.07766713947057724
YPR158C-D,YAL051W,0,-2.0304973,0.08067227154970169,0.06827880442142487,0.07780938595533371
YGL122C,YOL103W-B,0,-2.030543,0.08053690940141678,0.06827880442142487,0.07795163244009018
YDR034C-D,YNL107W,0,-2.030566,0.08040200918912888,0.06827880442142487,0.07809388637542725
YOL089C,YFL002W-B,0,-2.0306273,0.08026755601167679,0.06827880442142487,0.07823613286018372
YNL186W,YCL003W,0,-2.0306969,0.08013355731964111,0.06827880442142487,0.07837837934494019
YBR244W,YPR158C-D,0,-2.030734,0.07999999821186066,0.06827880442142487,0.07852062582969666
YPR158C-D,YHR129C,0,-2.030757,0.07986688613891602,0.06827880442142487,0.07866287231445312
YGR161W-A,YML021C,0,-2.0307877,0.07973422110080719,0.06827880442142487,0.0788051187992096
YBR100W,YGL194C,1,-2.0308423,0.08126036822795868,0.06970127671957016,0.0788051187992096
YHL009W-B,YOR319W,0,-2.0310168,0.08112582564353943,0.06970127671957016,0.07894736528396606
YBR049C,YGR272C,0,-2.031054,0.08099173754453659,0.06970127671957016,0.07908961921930313
YDR316W-A,YIL017C,0,-2.031101,0.08085808902978897,0.06970127671957016,0.0792318657040596
YDR121W,YDR261W-B,0,-2.0311086,0.08072488009929657,0.06970127671957016,0.07937411218881607
YPR158C-D,YOR039W,0,-2.0313377,0.08059210330247879,0.06970127671957016,0.07951635867357254
YLR410W-A,YGR112W,0,-2.031521,0.08045977354049683,0.06970127671957016,0.07965860515832901
YPL020C,YDR365W-A,0,-2.0316355,0.08032786846160889,0.06970127671957016,0.07980085164308548
YDR034C-D,YPL140C,0,-2.0316434,0.08019640296697617,0.06970127671957016,0.07994309812784195
YDR365W-B,YNL126W,0,-2.0321095,0.08006536215543747,0.06970127671957016,0.08008535206317902
YBR160W,YGR225W,1,-2.032183,0.08156606554985046,0.07112375646829605,0.08008535206317902
YPR158C-D,YDR394W,0,-2.0324988,0.08143322169780731,0.07112375646829605,0.08022759854793549
YKL200C,YLR115W,0,-2.0326378,0.08130080997943878,0.07112375646829605,0.08036984503269196
YDR365W-B,YMR162C,0,-2.032774,0.08116883039474487,0.07112375646829605,0.08051209151744843
YDR365W-B,YLR216C,0,-2.0328734,0.08103727549314499,0.07112375646829605,0.0806543380022049
YLR459W,YHL009W-B,0,-2.0329802,0.08090614527463913,0.07112375646829605,0.08079658448696136
YMR298W,YDR365W-A,0,-2.0329878,0.08077544718980789,0.07112375646829605,0.08093883097171783
YLR227W-A,YML028W,0,-2.0330567,0.08064515888690948,0.07112375646829605,0.0810810774564743
YOR142W-B,YOR208W,0,-2.0331483,0.0805152952671051,0.07112375646829605,0.08122333139181137
YPR158C-D,YIL017C,0,-2.0331867,0.08038584887981415,0.07112375646829605,0.08136557787656784
YLR370C,YDR365W-A,0,-2.0332172,0.08025681972503662,0.07112375646829605,0.08150782436132431
YDR034C-C,YER028C,0,-2.0332172,0.08012820780277252,0.07112375646829605,0.08165007084608078
YGR048W,YPL257W-B,0,-2.0333853,0.07999999821186066,0.07112375646829605,0.08179231733083725
YHR079C-B,YGL175C,1,-2.0334115,0.08146964758634567,0.07254622876644135,0.08179231733083725
YOR142W-B,YHR008C,0,-2.0334692,0.08133970946073532,0.07254622876644135,0.08193456381559372
YHR129C,YPL257W-B,0,-2.0336068,0.0812101885676384,0.07254622876644135,0.08207681030035019
YDR163W,YDR034C-C,0,-2.033645,0.0810810774564743,0.07254622876644135,0.08221906423568726
YDR316W-A,YDL097C,0,-2.0338514,0.08095238357782364,0.07254622876644135,0.08236131072044373
YOL103W-B,YDR512C,0,-2.0338664,0.08082409203052521,0.07254622876644135,0.0825035572052002
YDR034C-D,YDR265W,0,-2.0339582,0.08069620281457901,0.07254622876644135,0.08264580368995667
YGL071W,YDR365W-A,0,-2.0339658,0.08056872338056564,0.07254622876644135,0.08278805017471313
YDR034C-D,YCL025C,0,-2.033981,0.08044163882732391,0.07254622876644135,0.0829302966594696
YBL100W-B,YGR077C,0,-2.0340269,0.08031496405601501,0.07254622876644135,0.08307254314422607
YHL009W-B,YBR118W,0,-2.0340347,0.08018867671489716,0.07254622876644135,0.08321479707956314
YDR065W,YOR304W,0,-2.034082,0.08006279170513153,0.07254622876644135,0.08335704356431961
YKR042W,YJR029W,0,-2.034095,0.07993730157613754,0.07254622876644135,0.08349929004907608
YNL054W-B,YDL097C,0,-2.0341263,0.07981220632791519,0.07254622876644135,0.08364153653383255
YCL060C,YHL006C,0,-2.0341315,0.07968749850988388,0.07254622876644135,0.08378378301858902
YLR459W,YKL200C,0,-2.034264,0.0795631855726242,0.07254622876644135,0.08392602950334549
YDR211W,YPR158C-D,0,-2.0342867,0.07943925261497498,0.07254622876644135,0.08406827598810196
YGR161W-A,YER126C,0,-2.0343096,0.07931570708751678,0.07254622876644135,0.08421052992343903
YDR318W,YDR261C-D,0,-2.0345006,0.07919254899024963,0.07254622876644135,0.0843527764081955
YOR157C,YGR272C,0,-2.0346103,0.07906977087259293,0.07254622876644135,0.08449502289295197
YDR261C-D,YHR205W,0,-2.034661,0.07894736528396606,0.07254622876644135,0.08463726937770844
YDL188C,YLR410W-A,0,-2.0347297,0.07882534712553024,0.07254622876644135,0.0847795158624649
YPL257W-B,YOL028C,0,-2.0349667,0.07870370149612427,0.07254622876644135,0.08492176234722137
YER026C,YCL003W,0,-2.0349886,0.07858243584632874,0.07254622876644135,0.08506400883197784
YMR051C,YGR183C,0,-2.0350008,0.07846153527498245,0.07254622876644135,0.08520625531673431
YLR227W-A,YPL140C,0,-2.0350583,0.07834101468324661,0.07254622876644135,0.08534850925207138
YNR023W,YDR261W-B,0,-2.035173,0.07822085916996002,0.07254622876644135,0.08549075573682785
YGR231C,YBL100W-B,0,-2.035742,0.07810106873512268,0.07254622876644135,0.08563300222158432
YDR034C-D,YAR003W,0,-2.0359292,0.07798165082931519,0.07254622876644135,0.08577524870634079
YDR034C-D,YGR129W,0,-2.036105,0.07786259800195694,0.07254622876644135,0.08591749519109726
YNL283C,YGR161W-A,0,-2.0362349,0.07774390280246735,0.07254622876644135,0.08605974167585373
YHR114W,YDR034C-C,0,-2.036273,0.077625572681427,0.07254622876644135,0.0862019881606102
YDR261W-A,YLR052W,0,-2.0363038,0.07750760018825531,0.07254622876644135,0.08634424209594727
YMR273C,YMR250W,0,-2.036393,0.07738998532295227,0.07254622876644135,0.08648648858070374
YFL002W-B,YLR368W,0,-2.0364792,0.07727272808551788,0.07254622876644135,0.0866287350654602
YPR158C-D,YDL216C,0,-2.0364869,0.07715582102537155,0.07254622876644135,0.08677098155021667
YLR116W,YLR312C-B,0,-2.0365531,0.07703927159309387,0.07254622876644135,0.08691322803497314
YPR158C-D,YNL273W,0,-2.0365558,0.07692307978868484,0.07254622876644135,0.08705547451972961
YPR158C-D,YGL053W,0,-2.0366933,0.07680723071098328,0.07254622876644135,0.08719772100448608
YLR410W-A,YJR082C,0,-2.036739,0.07669173181056976,0.07254622876644135,0.08733997493982315
YPR158C-D,YGR156W,0,-2.0367773,0.07657657563686371,0.07254622876644135,0.08748222142457962
YIL023C,YJL113W,0,-2.0367935,0.07646176964044571,0.07254622876644135,0.08762446790933609
YNL039W,YPL257W-B,0,-2.0368462,0.07634730637073517,0.07254622876644135,0.08776671439409256
YOL156W,YJL021C,0,-2.0368707,0.07623318582773209,0.07254622876644135,0.08790896087884903
YDR261C-D,YDR464W,0,-2.0369532,0.07611940056085587,0.07254622876644135,0.0880512073636055
YOR088W,YNL126W,0,-2.0370724,0.0760059580206871,0.07254622876644135,0.08819345384836197
YOR127W,YOL103W-B,0,-2.037121,0.0758928582072258,0.07254622876644135,0.08833570778369904
YOL103W-B,YER053C,0,-2.0371516,0.07578008621931076,0.07254622876644135,0.0884779542684555
YJR029W,YGR077C,0,-2.0373921,0.07566765695810318,0.07254622876644135,0.08862020075321198
YNL267W,YPR158C-D,0,-2.0375183,0.07555555552244186,0.07254622876644135,0.08876244723796844
YGR202C,YDR261C-D,0,-2.0375643,0.07544378936290741,0.07254622876644135,0.08890469372272491
YBR049C,YER062C,0,-2.0377517,0.07533235102891922,0.07254622876644135,0.08904694020748138
YDL115C,YBR100W,1,-2.0377758,0.07669616490602493,0.07396870851516724,0.08904694020748138
YPR201W,YKL125W,0,-2.037935,0.07658321410417557,0.07396870851516724,0.08918918669223785
YER169W,YDR210W-B,0,-2.0380304,0.07647059112787247,0.07396870851516724,0.08933143317699432
YHR079C-B,YFL009W,1,-2.03807,0.07782672345638275,0.07539118081331253,0.08933143317699432
YNL106C,YDR365W-A,0,-2.038122,0.07771261036396027,0.07539118081331253,0.08947368711233139
YLR224W,YNL209W,0,-2.038312,0.07759882509708405,0.07539118081331253,0.08961593359708786
YKR042W,YPR158C-D,0,-2.0383818,0.07748538255691528,0.07539118081331253,0.08975818008184433
YHL009W-B,YKL188C,0,-2.0384886,0.07737226039171219,0.07539118081331253,0.0899004265666008
YBR265W,YHL009W-B,0,-2.0384886,0.07725947350263596,0.07539118081331253,0.09004267305135727
YOR279C,YOL103W-B,0,-2.0385191,0.07714701443910599,0.07539118081331253,0.09018491953611374
YHR148W,YCL003W,0,-2.0385494,0.07703488320112228,0.07539118081331253,0.09032716602087021
YKL140W,YJL021C,0,-2.0385988,0.07692307978868484,0.07539118081331253,0.09046941995620728
YDR261W-A,YPR041W,0,-2.03884,0.07681159675121307,0.07539118081331253,0.09061166644096375
YHR016C,YDR365W-A,0,-2.0388858,0.07670043408870697,0.07539118081331253,0.09075391292572021
YOR193W,YOR142W-B,0,-2.038993,0.07658959180116653,0.07539118081331253,0.09089615941047668
YBR244W,YOL103W-B,0,-2.039039,0.07647907733917236,0.07539118081331253,0.09103840589523315
YDR365W-B,YLR205C,0,-2.039161,0.07636887580156326,0.07539118081331253,0.09118065237998962
YGR254W,YDR365W-A,0,-2.039161,0.07625899463891983,0.07539118081331253,0.0913228988647461
YGL158W,YLR248W,1,-2.0391788,0.07758620381355286,0.07681365311145782,0.0913228988647461
YPL045W,YOR088W,0,-2.039213,0.07747489213943481,0.07681365311145782,0.09146515280008316
YNL186W,YNL054W-B,0,-2.0392833,0.07736389338970184,0.07681365311145782,0.09160739928483963
YOL124C,YHL009W-B,0,-2.0392985,0.07725322246551514,0.07681365311145782,0.0917496457695961
YNL154C,YMR045C,0,-2.0396326,0.0771428570151329,0.07681365311145782,0.09189189225435257
YKR035W-A,YCL003W,0,-2.0396352,0.07703281193971634,0.07681365311145782,0.09203413873910904
YBR169C,YBR066C,0,-2.039803,0.07692307978868484,0.07681365311145782,0.09217638522386551
YBR100W,YJL146W,1,-2.0398512,0.07823613286018372,0.07823613286018372,0.09217638522386551
YOR088W,YBL008W,0,-2.0399334,0.078125,0.07823613286018372,0.09231863170862198
YDR283C,YML060W,0,-2.040273,0.07801418751478195,0.07823613286018372,0.09246088564395905
YCR058C,YOR039W,0,-2.0406342,0.07790368050336838,0.07823613286018372,0.09260313212871552
YDR034C-D,YDL004W,0,-2.0409029,0.07779349386692047,0.07823613286018372,0.09274537861347198
YDR034C-D,YKL166C,0,-2.04101,0.07768361270427704,0.07823613286018372,0.09288762509822845
YOR341W,YOL103W-B,0,-2.0410402,0.07757404446601868,0.07823613286018372,0.09302987158298492
YDR261C-D,YPL231W,0,-2.0410557,0.07746478915214539,0.07823613286018372,0.0931721180677414
YDR146C,YDR210W-B,0,-2.0411015,0.07735583931207657,0.07823613286018372,0.09331436455249786
YBR100W,YHR152W,1,-2.0421917,0.07865168899297714,0.07965860515832901,0.09331436455249786
YDR365W-B,YOR058C,0,-2.0426142,0.07854137569665909,0.07965860515832901,0.09345661103725433
YNL091W,YLR205C,0,-2.0426345,0.0784313753247261,0.07965860515832901,0.0935988649725914
YLR410W-A,YBR273C,0,-2.0427058,0.0783216804265976,0.07965860515832901,0.09374111145734787
YGR231C,YNL313C,0,-2.0428605,0.07821229100227356,0.07965860515832901,0.09388335794210434
YLR205C,YGR257C,0,-2.043078,0.078103207051754,0.07965860515832901,0.09402560442686081
YNL054W-B,YOR209C,0,-2.0432253,0.07799442857503891,0.07965860515832901,0.09416785091161728
YHR082C,YDR261W-B,0,-2.0437906,0.0778859555721283,0.07965860515832901,0.09431009739637375
YPL084W,YDR365W-A,0,-2.0439284,0.07777778059244156,0.07965860515832901,0.09445234388113022
YJL146W,YHR079C-B,1,-2.0439918,0.07905686646699905,0.0810810774564743,0.09445234388113022
YAL054C,YJL113W,0,-2.0440688,0.07894736528396606,0.0810810774564743,0.09459459781646729
YOL103W-B,YKL012W,0,-2.0441728,0.07883817702531815,0.0810810774564743,0.09473684430122375
YPL257W-B,YNL299W,0,-2.044356,0.07872927933931351,0.0810810774564743,0.09487909078598022
YHR114W,YDR365W-A,0,-2.0444477,0.07862068712711334,0.0810810774564743,0.0950213372707367
YJL191W,YML091C,0,-2.045026,0.07851240038871765,0.0810810774564743,0.09516358375549316
YFR050C,YDR316W-A,0,-2.0450742,0.07840440422296524,0.0810810774564743,0.09530583024024963
YBR100W,YNL088W,1,-2.0451887,0.07967033237218857,0.0825035572052002,0.09530583024024963
YJL087C,YGR161W-A,0,-2.045227,0.07956103980541229,0.0825035572052002,0.0954480767250061
YFL002W-B,YMR168C,0,-2.0452728,0.07945205271244049,0.0825035572052002,0.09559033066034317
YDR306C,YAL031C,0,-2.0454628,0.07934336364269257,0.0825035572052002,0.09573257714509964
YDR365W-B,YLR117C,0,-2.0458076,0.07923497259616852,0.0825035572052002,0.09587482362985611
YDR265W,YOR088W,0,-2.0459645,0.07912687957286835,0.0825035572052002,0.09601707011461258
YDL223C,YLR214W,0,-2.0459752,0.07901907712221146,0.0825035572052002,0.09615931659936905
YOR116C,YDR034C-C,0,-2.0463274,0.07891156524419785,0.0825035572052002,0.09630156308412552
YGR161W-A,YCL004W,0,-2.0464036,0.07880435138940811,0.0825035572052002,0.09644380956888199
YCL060C,YGR272C,0,-2.046659,0.07869742065668106,0.0825035572052002,0.09658605605363846
YMR247C,YDR261W-B,0,-2.0471065,0.07859078794717789,0.0825035572052002,0.09672830998897552
YML015C,YHL009W-B,0,-2.047706,0.0784844383597374,0.0825035572052002,0.096870556473732
YMR241W,YJL021C,0,-2.048108,0.07837837934494019,0.0825035572052002,0.09701280295848846
YLR319C,YDR034C-C,0,-2.048536,0.07827260345220566,0.0825035572052002,0.09715504944324493
YPL233W,YCL060C,0,-2.0486877,0.07816711813211441,0.0825035572052002,0.0972972959280014
YGL089C,YGR272C,0,-2.0488255,0.07806190848350525,0.0825035572052002,0.09743954241275787
YDR034C-D,YDR393W,0,-2.0491974,0.07795698940753937,0.0825035572052002,0.09758178889751434
YIL106W,YER062C,0,-2.0492563,0.07785234600305557,0.0825035572052002,0.09772404283285141
YHR082C,YDR316W-A,0,-2.050843,0.07774798572063446,0.0825035572052002,0.09786628931760788
YOR088W,YPR164W,0,-2.0509565,0.07764390856027603,0.0825035572052002,0.09800853580236435
YOR245C,YDR034C-C,0,-2.0512276,0.07754010707139969,0.0825035572052002,0.09815078228712082
YDR365W-B,YDR210W-B,0,-2.0515044,0.07743658125400543,0.0825035572052002,0.09829302877187729
YBR100W,YPL194W,1,-2.0515432,0.07866666465997696,0.08392602950334549,0.09829302877187729
YJL087C,YCR058C,0,-2.0531971,0.07856191694736481,0.08392602950334549,0.09843527525663376
YBL052C,YNL054W-B,0,-2.0532758,0.07845744490623474,0.08392602950334549,0.09857752174139023
YML023C,YMR051C,0,-2.0535493,0.07835325598716736,0.08392602950334549,0.0987197756767273
YOR088W,YGR191W,0,-2.0537415,0.07824933528900146,0.08392602950334549,0.09886202216148376
YGR170W,YDR261W-B,0,-2.0541368,0.07814569771289825,0.08392602950334549,0.09900426864624023
YDR034C-D,YNL093W,0,-2.054328,0.07804232835769653,0.08392602950334549,0.0991465151309967
YDL020C,YOR142W-B,0,-2.054806,0.0779392346739769,0.08392602950334549,0.09928876161575317
YPL196W,YLR312C-B,0,-2.054905,0.07783640921115875,0.08392602950334549,0.09943100810050964
YPR164W,YMR015C,0,-2.0549934,0.07773385941982269,0.08392602950334549,0.09957325458526611
YJL157C,YHL009W-B,0,-2.055093,0.07763157784938812,0.08392602950334549,0.09971550852060318
YNL154C,YCL060C,0,-2.0551636,0.07752956449985504,0.08392602950334549,0.09985775500535965
YOR026W,YOR088W,0,-2.0552635,0.07742781937122345,0.08392602950334549,0.10000000149011612
YDR261C-D,YFL002W-B,0,-2.0553799,0.07732634246349335,0.08392602950334549,0.10014224797487259
YKL200C,YOL021C,0,-2.0554113,0.07722513377666473,0.08392602950334549,0.10028449445962906
YPR049C,YPR158C-D,0,-2.0558581,0.07712418586015701,0.08392602950334549,0.10042674094438553
YLR319C,YDR261W-B,0,-2.0558581,0.07702349871397018,0.08392602950334549,0.100568987429142
YBL020W,YBR090C-A,0,-2.0565019,0.07692307978868484,0.08392602950334549,0.10071123391389847
YDR034C-C,YDL197C,0,-2.0567188,0.0768229141831398,0.08392602950334549,0.10085348784923553
YCR058C,YBR172C,0,-2.056757,0.07672301679849625,0.08392602950334549,0.100995734333992
YDL024C,YBR090C-A,0,-2.0570068,0.07662338018417358,0.08392602950334549,0.10113798081874847
YBL100W-B,YHR114W,0,-2.0575562,0.07652399688959122,0.08392602950334549,0.10128022730350494
YHR176W,YPL257W-B,0,-2.0577316,0.07642486691474915,0.08392602950334549,0.10142247378826141
YNL307C,YHR079C-B,1,-2.0579488,0.07761966437101364,0.08534850925207138,0.10142247378826141
YDR261C-D,YIR015W,0,-2.0580707,0.07751937955617905,0.08534850925207138,0.10156472027301788
YDL024C,YPR158C-D,0,-2.0590553,0.07741935551166534,0.08534850925207138,0.10170696675777435
YBR100W,YOR229W,1,-2.0595002,0.07860824465751648,0.08677098155021667,0.10170696675777435
YDR527W,YDR115W,0,-2.0597475,0.07850708067417145,0.08677098155021667,0.10184922069311142
YNL093W,YLR312C-B,0,-2.0601413,0.07840617001056671,0.08677098155021667,0.10199146717786789
YHL009W-B,YDR501W,0,-2.0611925,0.07830552011728287,0.08677098155021667,0.10213371366262436
YKL125W,YDL130W-A,0,-2.0615127,0.07820513099431992,0.08677098155021667,0.10227596014738083
YDR306C,YGL127C,0,-2.0623994,0.07810499519109726,0.08677098155021667,0.1024182066321373
YPR049C,YOL103W-B,0,-2.0624223,0.0780051127076149,0.08677098155021667,0.10256045311689377
YBR100W,YLR234W,1,-2.0627127,0.07918263226747513,0.08819345384836197,0.10256045311689377
YDR384C,YCL060C,0,-2.0628583,0.07908163219690323,0.08819345384836197,0.10270269960165024
YPL257W-B,YOL021C,0,-2.0630956,0.07898089289665222,0.08819345384836197,0.1028449535369873
YDR261C-D,YNL172W,0,-2.0630956,0.07888040691614151,0.08819345384836197,0.10298720002174377
YCR058C,YOR008C,0,-2.0638795,0.0787801742553711,0.08819345384836197,0.10312944650650024
YBR066C,YJR017C,0,-2.0640604,0.07868020236492157,0.08819345384836197,0.10327169299125671
YLR263W,YCR010C,1,-2.0649748,0.07984790951013565,0.08961593359708786,0.10327169299125671
YBL100W-B,YOR334W,0,-2.0653753,0.07974683493375778,0.08961593359708786,0.10341393947601318
YJL194W,YKL200C,0,-2.0656812,0.0796460211277008,0.08961593359708786,0.10355618596076965
YNR023W,YMR250W,0,-2.065699,0.07954545319080353,0.08961593359708786,0.10369843244552612
YDL223C,YML045W,0,-2.0667188,0.07944514602422714,0.08961593359708786,0.10384068638086319
YBR169C,YJL194W,0,-2.0672429,0.07934508472681046,0.08961593359708786,0.10398293286561966
YDR393W,YAL054C,0,-2.0672865,0.07924528419971466,0.08961593359708786,0.10412517935037613
YCR058C,YCL003W,0,-2.0676053,0.07914572954177856,0.08961593359708786,0.1042674258351326
YBR035C,YJL021C,0,-2.0676517,0.07904642075300217,0.08961593359708786,0.10440967231988907
YOR088W,YOR008C,0,-2.0680299,0.07894736528396606,0.08961593359708786,0.10455191880464554
YHR079C-B,YGR247W,1,-2.069182,0.08010012656450272,0.09103840589523315,0.10455191880464554
YBR090C-A,YLR214W,0,-2.0697255,0.07999999821186066,0.09103840589523315,0.10469416528940201
YNL186W,YDR106W,0,-2.0707908,0.07990012317895889,0.09103840589523315,0.10483641177415848
YBR100W,YBL009W,1,-2.07082,0.08104737848043442,0.09246088564395905,0.10483641177415848
YBL100W-B,YPL257W-B,0,-2.0713131,0.08094645291566849,0.09246088564395905,0.10497866570949554
YMR051C,YLR141W,0,-2.0714777,0.08084577322006226,0.09246088564395905,0.10512091219425201
YBR100W,YBR160W,1,-2.0717843,0.08198757469654083,0.09388335794210434,0.10512091219425201
YBL100W-B,YDR120C,0,-2.0721846,0.08188585937023163,0.09388335794210434,0.10526315867900848
YHL022C,YOL090W,1,-2.0724306,0.0830235406756401,0.09530583024024963,0.10526315867900848
YPR135W,YMR045C,0,-2.072571,0.08292078971862793,0.09530583024024963,0.10540540516376495
YBR090C-A,YML091C,0,-2.073085,0.08281829208135605,0.09530583024024963,0.10554765164852142
YCR058C,YHR129C,0,-2.0732634,0.08271604776382446,0.09530583024024963,0.1056898981332779
YCL060C,YGR020C,0,-2.0733724,0.08261405676603317,0.09530583024024963,0.10583214461803436
YHR019C,YLR312C-B,0,-2.0746865,0.08251231163740158,0.09530583024024963,0.10597439855337143
YBL100W-B,YLR310C,0,-2.0748522,0.08241082727909088,0.09530583024024963,0.1061166450381279
YNL111C,YPL131W,0,-2.0750868,0.08230958133935928,0.09530583024024963,0.10625889152288437
YDR432W,YNL111C,0,-2.0751998,0.08220858871936798,0.09530583024024963,0.10640113800764084
YKR042W,YCR058C,0,-2.075306,0.08210784196853638,0.09530583024024963,0.10654338449239731
YNL283C,YLR224W,0,-2.075452,0.08200734108686447,0.09530583024024963,0.10668563097715378
YOR088W,YDR212W,0,-2.0755117,0.08190709352493286,0.09530583024024963,0.10682787746191025
YBL100W-B,YNL221C,0,-2.0761068,0.08180708438158035,0.09530583024024963,0.10697013139724731
YLR216C,YNR072W,0,-2.0764546,0.08170731365680695,0.09530583024024963,0.10711237788200378
YER068W,YKL200C,0,-2.0783129,0.08160779625177383,0.09530583024024963,0.10725462436676025
YNL139C,YOR088W,0,-2.0792725,0.08150851726531982,0.09530583024024963,0.10739687085151672
YMR247C,YJR029W,0,-2.0800295,0.08140947669744492,0.09530583024024963,0.1075391173362732
YDR264C,YJR029W,0,-2.080203,0.0813106819987297,0.09530583024024963,0.10768136382102966
YMR045C,YBR080C,0,-2.0816443,0.081212118268013,0.09530583024024963,0.10782361030578613
YEL054C,YIL082W-A,0,-2.0840442,0.081113800406456,0.09530583024024963,0.1079658642411232
YEL032W,YHR016C,0,-2.0851836,0.08101572096347809,0.09530583024024963,0.10810811072587967
YIL159W,YOR317W,0,-2.0855963,0.08091787248849869,0.09530583024024963,0.10825035721063614
YNL307C,YBR100W,1,-2.0859344,0.08202654123306274,0.09672830998897552,0.10825035721063614
YHR020W,YPL192C,0,-2.0860012,0.08192770928144455,0.09672830998897552,0.10839260369539261
YDR306C,YGL012W,0,-2.0884356,0.08182912319898605,0.09672830998897552,0.10853485018014908
YFR053C,YBR009C,0,-2.0893023,0.08173076808452606,0.09672830998897552,0.10867709666490555
YDL231C,YBR111W-A,0,-2.089492,0.08163265138864517,0.09672830998897552,0.10881934314966202
YOR334W,YDR065W,0,-2.0902245,0.08153477311134338,0.09672830998897552,0.10896158963441849
YHR138C,YDR116C,0,-2.0925555,0.0814371258020401,0.09672830998897552,0.10910384356975555
YHR079C-B,YIR026C,1,-2.0942504,0.08253588527441025,0.09815078228712082,0.10910384356975555
YBL100W-B,YDR392W,0,-2.0959938,0.08243727684020996,0.09815078228712082,0.10924609005451202
YLR459W,YOR088W,0,-2.096205,0.08233889937400818,0.09815078228712082,0.1093883365392685
YER106W,YBR160W,1,-2.0963242,0.08343265950679779,0.09957325458526611,0.1093883365392685
YFR053C,YAR003W,0,-2.0975904,0.0833333358168602,0.09957325458526611,0.10953058302402496
YDR479C,YBR090C-A,0,-2.0980947,0.08323424309492111,0.09957325458526611,0.10967282950878143
YHR214C-B,YNL093W,0,-2.0994391,0.08313538879156113,0.09957325458526611,0.1098150759935379
YNR074C,YGL012W,0,-2.0999384,0.08303677290678024,0.09957325458526611,0.10995732247829437
YDL223C,YLR312C-B,0,-2.1004875,0.08293838798999786,0.09957325458526611,0.11009957641363144
YHR079C-B,YPL121C,1,-2.100506,0.08402366936206818,0.100995734333992,0.11009957641363144
YFL014W,YNL107W,0,-2.1012003,0.08392435312271118,0.100995734333992,0.11024182289838791
YHR079C-B,YGL194C,1,-2.1018238,0.08500590175390244,0.1024182066321373,0.11024182289838791
YDR085C,YLR430W,0,-2.1034212,0.08490566164255142,0.1024182066321373,0.11038406938314438
YDL115C,YPL121C,1,-2.104133,0.085983507335186,0.10384068638086319,0.11038406938314438
YKL178C,YFL021W,0,-2.1041925,0.08588235080242157,0.10384068638086319,0.11052631586790085
YGR059W,YDR263C,0,-2.1057887,0.08578143268823624,0.10384068638086319,0.11066856235265732
YKL200C,YJR108W,0,-2.106231,0.08568075299263,0.10384068638086319,0.11081080883741379
YHR214C-B,YGL044C,0,-2.1064754,0.08558030426502228,0.10384068638086319,0.11095305532217026
YHR214C-B,YMR179W,0,-2.1071727,0.08548009395599365,0.10384068638086319,0.11109530925750732
YFR053C,YGL178W,0,-2.107584,0.08538011461496353,0.10384068638086319,0.1112375557422638
YJR029W,YPL161C,0,-2.1081522,0.08528037369251251,0.10384068638086319,0.11137980222702026
YDR432W,YNL093W,0,-2.108257,0.08518086373806,0.10384068638086319,0.11152204871177673
YLR248W,YPL121C,1,-2.1086617,0.08624708652496338,0.10526315867900848,0.11152204871177673
YOR256C,YKL200C,0,-2.1092472,0.08614668250083923,0.10526315867900848,0.1116642951965332
YPR057W,YJR029W,0,-2.1110957,0.08604650944471359,0.10526315867900848,0.11180654168128967
YBR169C,YNL039W,0,-2.1114268,0.08594657480716705,0.10526315867900848,0.11194878816604614
YDL044C,YHR016C,0,-2.112528,0.08584687113761902,0.10526315867900848,0.11209104210138321
YBR036C,YJL113W,0,-2.1125875,0.08574739098548889,0.10526315867900848,0.11223328858613968
YBR100W,YLR248W,1,-2.1131935,0.0868055522441864,0.10668563097715378,0.11223328858613968
YFL014W,YKL200C,0,-2.1143453,0.08670520037412643,0.10668563097715378,0.11237553507089615
YJR029W,YGL133W,0,-2.1154628,0.08660507947206497,0.10668563097715378,0.11251778155565262
YHR079C-B,YCR010C,1,-2.1157422,0.08765859156847,0.10810811072587967,0.11251778155565262
YBR100W,YGL175C,1,-2.1161387,0.08870967477560043,0.10953058302402496,0.11251778155565262
YBR100W,YDL154W,1,-2.1162727,0.08975834399461746,0.11095305532217026,0.11251778155565262
YLR319C,YMR045C,0,-2.1165502,0.08965517580509186,0.11095305532217026,0.11266002804040909
YDR306C,YIL023C,0,-2.1178086,0.08955223858356476,0.11095305532217026,0.11280227452516556
YGR059W,YLR438C-A,0,-2.118007,0.08944953978061676,0.11095305532217026,0.11294452100992203
YBR100W,YJL080C,1,-2.1181772,0.09049255400896072,0.11237553507089615,0.11294452100992203
YLR224W,YIL034C,0,-2.1186347,0.09038901329040527,0.11237553507089615,0.1130867674946785
YMR045C,YJL012C,0,-2.1200228,0.09028571099042892,0.11237553507089615,0.11322902143001556
YIR012W,YJL113W,0,-2.120484,0.09018264710903168,0.11237553507089615,0.11337126791477203
YBR155W,YMR051C,0,-2.1210082,0.09007981419563293,0.11237553507089615,0.1135135143995285
YJL048C,YGR003W,0,-2.1215782,0.0899772197008133,0.11237553507089615,0.11365576088428497
YML045W,YAL031C,0,-2.1223054,0.08987485617399216,0.11237553507089615,0.11379800736904144
YBL030C,YKL200C,0,-2.122714,0.08977272361516953,0.11237553507089615,0.11394025385379791
YLR216C,YLR205C,0,-2.122932,0.089670829474926,0.11237553507089615,0.11408250033855438
YFL014W,YPR182W,0,-2.1243322,0.08956915885210037,0.11237553507089615,0.11422475427389145
YJR103W,YLR224W,0,-2.1244957,0.08946772664785385,0.11237553507089615,0.11436700075864792
YDR419W,YMR051C,0,-2.124689,0.08936651796102524,0.11237553507089615,0.11450924724340439
YLR312C-B,YJL021C,0,-2.1246898,0.08926554024219513,0.11237553507089615,0.11465149372816086
YMR117C,YOL016C,0,-2.1252854,0.08916478604078293,0.11237553507089615,0.11479374021291733
YBR114W,YPR164W,0,-2.12553,0.08906426280736923,0.11237553507089615,0.1149359866976738
YJR029W,YMR239C,0,-2.1262465,0.08896396309137344,0.11237553507089615,0.11507823318243027
YIL139C,YDR106W,0,-2.1265473,0.08886389434337616,0.11237553507089615,0.11522048711776733
YER068W,YJL113W,0,-2.1277957,0.08876404166221619,0.11237553507089615,0.1153627336025238
YKL178C,YLR092W,0,-2.1278791,0.08866441994905472,0.11237553507089615,0.11550498008728027
YGL158W,YBL009W,1,-2.1281724,0.08968609571456909,0.11379800736904144,0.11550498008728027
YDL024C,YHR205W,0,-2.1310198,0.08958566933870316,0.11379800736904144,0.11564722657203674
YER106W,YBL009W,1,-2.13125,0.0906040295958519,0.11522048711776733,0.11564722657203674
YHR214C-B,YLR430W,0,-2.131388,0.0905027911067009,0.11522048711776733,0.11578947305679321
YOL108C,YLR224W,0,-2.1320584,0.0904017835855484,0.11522048711776733,0.11593171954154968
YDL024C,YAR010C,0,-2.132375,0.09030100703239441,0.11522048711776733,0.11607396602630615
YBL100W-B,YNL182C,0,-2.133173,0.09020044654607773,0.11522048711776733,0.11621621251106262
YPL139C,YHR079C-B,1,-2.1335897,0.09121245890855789,0.11664295941591263,0.11621621251106262
YER120W,YAL054C,0,-2.134493,0.09111110866069794,0.11664295941591263,0.11635846644639969
YBR095C,YER062C,0,-2.134521,0.09100998938083649,0.11664295941591263,0.11650071293115616
YDR432W,YCL033C,0,-2.13602,0.09090909361839294,0.11664295941591263,0.11664295941591263
YIL034C,YLR312C-B,0,-2.1372964,0.09080841392278671,0.11664295941591263,0.1167852059006691
YOR088W,YBL052C,0,-2.138549,0.09070796519517899,0.11664295941591263,0.11692745238542557
YBR100W,YBR250W,1,-2.1390135,0.09171270579099655,0.11806543171405792,0.11692745238542557
YAL051W,YMR051C,0,-2.1393225,0.09161148220300674,0.11806543171405792,0.11706969887018204
YCL033C,YLR055C,0,-2.1393433,0.09151047468185425,0.11806543171405792,0.11721194535493851
YML045W,YDR392W,0,-2.1396797,0.09140969067811966,0.11806543171405792,0.11735419929027557
YDR306C,YDR501W,0,-2.1397436,0.09130913019180298,0.11806543171405792,0.11749644577503204
YIL082W-A,YJR057W,0,-2.1412983,0.0912087932229042,0.11806543171405792,0.11763869225978851
YER062C,YLR100W,0,-2.1417634,0.09110867232084274,0.11806543171405792,0.11778093874454498
YEL054C,YHR067W,0,-2.1419249,0.09100877493619919,0.11806543171405792,0.11792318522930145
YHR079C-B,YIR025W,1,-2.1423526,0.09200438112020493,0.11948791146278381,0.11792318522930145
YPL174C,YLR324W,0,-2.1446145,0.09190371632575989,0.11948791146278381,0.11806543171405792
YBR111W-A,YIL031W,0,-2.1451595,0.09180327504873276,0.11948791146278381,0.11820767819881439
YJL005W,YPL121C,1,-2.1453335,0.0927947610616684,0.12091038376092911,0.11820767819881439
YML045W,YMR179W,0,-2.1469955,0.09269356727600098,0.12091038376092911,0.11834993213415146
YGL089C,YDR039C,0,-2.1481462,0.09259258955717087,0.12091038376092911,0.11849217861890793
YDR449C,YNR008W,0,-2.1481571,0.09249183535575867,0.12091038376092911,0.1186344251036644
YCL003W,YOR239W,0,-2.1501522,0.09239130467176437,0.12091038376092911,0.11877667158842087
YBR169C,YBR276C,0,-2.1505928,0.09229099005460739,0.12091038376092911,0.11891891807317734
YMR045C,YJL014W,0,-2.150714,0.09219089150428772,0.12091038376092911,0.11906116455793381
YMR046C,YLR032W,0,-2.1542645,0.09209100902080536,0.12091038376092911,0.11920341104269028
YJR108W,YCL003W,0,-2.1548314,0.09199134260416031,0.12091038376092911,0.11934566497802734
YMR045C,YGR128C,0,-2.1548762,0.09189189225435257,0.12091038376092911,0.11948791146278381
YOR341W,YOR088W,0,-2.1564043,0.09179265797138214,0.12091038376092911,0.11963015794754028
YPL256C,YDL007W,0,-2.156455,0.09169363230466843,0.12091038376092911,0.11977240443229675
YHR020W,YPR023C,0,-2.1577344,0.09159483015537262,0.12091038376092911,0.11991465091705322
YLR103C,YJL113W,0,-2.1579576,0.09149622917175293,0.12091038376092911,0.12005689740180969
YDR385W,YML011C,0,-2.160455,0.09139785170555115,0.12091038376092911,0.12019914388656616
YMR138W,YMR051C,0,-2.1607647,0.09129967540502548,0.12091038376092911,0.12034139037132263
YJL113W,YBR135W,0,-2.1617613,0.09120171517133713,0.12091038376092911,0.1204836443066597
YCL003W,YML036W,0,-2.162518,0.09110396355390549,0.12091038376092911,0.12062589079141617
YMR046C,YGR254W,0,-2.1629324,0.09100642055273056,0.12091038376092911,0.12076813727617264
YBL030C,YBR111W-A,0,-2.163043,0.09090909361839294,0.12091038376092911,0.12091038376092911
YDR213W,YFL031W,0,-2.163192,0.09081196784973145,0.12091038376092911,0.12105263024568558
YJL087C,YDR018C,0,-2.1632419,0.09071505069732666,0.12091038376092911,0.12119487673044205
YKL008C,YPR046W,0,-2.1640253,0.09061833471059799,0.12091038376092911,0.12133712321519852
YPL174C,YDR216W,0,-2.1645632,0.09052183479070663,0.12091038376092911,0.12147937715053558
YOR298C-A,YMR250W,0,-2.164609,0.0904255285859108,0.12091038376092911,0.12162162363529205
YJL029C,YML045W,0,-2.1648843,0.09032943844795227,0.12091038376092911,0.12176387012004852
YIL082W-A,YNL281W,0,-2.1653423,0.09023354202508926,0.12091038376092911,0.12190611660480499
YJR029W,YBR273C,0,-2.1662548,0.09013785421848297,0.12091038376092911,0.12204836308956146
YNL313C,YKR061W,0,-2.1667817,0.09004237502813339,0.12091038376092911,0.12219060957431793
YHR175W,YLR312C-B,0,-2.1670082,0.08994708955287933,0.12091038376092911,0.1223328560590744
YOR088W,YDL197C,0,-2.167825,0.08985200524330139,0.12091038376092911,0.12247510999441147
YJL113W,YFL031W,0,-2.1681888,0.08975712954998016,0.12091038376092911,0.12261735647916794
YLR214W,YBR182C,0,-2.168264,0.08966244757175446,0.12091038376092911,0.12275960296392441
YOR073W,YGR225W,1,-2.1683772,0.0906217098236084,0.1223328560590744,0.12275960296392441
YHR214C-B,YLR116W,0,-2.1684194,0.09052631258964539,0.1223328560590744,0.12290184944868088
YIL082W-A,YGR077C,0,-2.1707323,0.09043112397193909,0.1223328560590744,0.12304409593343735
YAR010C,YOR304W,0,-2.1725445,0.0903361365199089,0.1223328560590744,0.12318634241819382
YMR046C,YBR065C,0,-2.173423,0.09024134278297424,0.1223328560590744,0.12332858890295029
YBL100W-B,YOR122C,0,-2.1741314,0.0901467502117157,0.1223328560590744,0.12347084283828735
YHL022C,YJL005W,1,-2.1756177,0.09109947830438614,0.12375533580780029,0.12347084283828735
YHR164C,YBR169C,0,-2.1758199,0.09100418537855148,0.12375533580780029,0.12361308932304382
YNL313C,YJR090C,0,-2.176314,0.09090909361839294,0.12375533580780029,0.12375533580780029
YDR065W,YDR453C,0,-2.1767766,0.09081419557332993,0.12375533580780029,0.12389758229255676
YDR432W,YLR092W,0,-2.177148,0.09071949869394302,0.12375533580780029,0.12403982877731323
YLR263W,YJL005W,1,-2.1771758,0.09166666865348816,0.12517781555652618,0.12403982877731323
YER120W,YOR088W,0,-2.1774728,0.09157127887010574,0.12517781555652618,0.1241820752620697
YNL209W,YMR059W,0,-2.177563,0.09147609025239944,0.12517781555652618,0.12432432174682617
YLR115W,YMR051C,0,-2.1792555,0.09138110280036926,0.12517781555652618,0.12446656823158264
YKL053C-A,YGL178W,0,-2.1808887,0.0912863090634346,0.12517781555652618,0.12460882216691971
YAR010C,YDR331W,0,-2.1818516,0.09119170904159546,0.12517781555652618,0.12475106865167618
YOR127W,YHR138C,0,-2.1824298,0.09109731018543243,0.12517781555652618,0.12489331513643265
YHR174W,YJL033W,0,-2.1832826,0.09100310504436493,0.12517781555652618,0.12503556907176971
YAR010C,YER120W,0,-2.184378,0.09090909361839294,0.12517781555652618,0.12517781555652618
YGL089C,YER006W,0,-2.1852984,0.09081527590751648,0.12517781555652618,0.12532006204128265
YDL017W,YDR115W,0,-2.185508,0.09072165191173553,0.12517781555652618,0.12546230852603912
YER161C,YFR053C,0,-2.18571,0.09062822163105011,0.12517781555652618,0.1256045550107956
YIL106W,YJL113W,0,-2.1857197,0.09053497761487961,0.12517781555652618,0.12574680149555206
YDL024C,YLR214W,0,-2.1862211,0.09044193476438522,0.12517781555652618,0.12588904798030853
YMR045C,YLL011W,0,-2.1874971,0.09034907817840576,0.12517781555652618,0.126031294465065
YEL024W,YML045W,0,-2.1875741,0.09025640785694122,0.12517781555652618,0.12617354094982147
YMR045C,YLR176C,0,-2.1877153,0.0901639312505722,0.12517781555652618,0.12631578743457794
YCL003W,YCR093W,0,-2.1881042,0.0900716483592987,0.12517781555652618,0.1264580339193344
YOR317W,YBL008W,0,-2.188118,0.08997955173254013,0.12517781555652618,0.12660028040409088
YDR065W,YOR149C,0,-2.1894615,0.08988764137029648,0.12517781555652618,0.12674252688884735
YML045W,YNL106C,0,-2.1908393,0.08979591727256775,0.12517781555652618,0.12688477337360382
YCR081W,YHR019C,0,-2.1926444,0.08970438688993454,0.12517781555652618,0.1270270198583603
YIL115C,YMR051C,0,-2.1931195,0.08961303532123566,0.12517781555652618,0.12716928124427795
YDR392W,YLR224W,0,-2.1939456,0.0895218700170517,0.12517781555652618,0.12731152772903442
YHR020W,YNL283C,0,-2.1944296,0.08943089097738266,0.12517781555652618,0.1274537742137909
YLR110C,YAR010C,0,-2.198118,0.08934009820222855,0.12517781555652618,0.12759602069854736
YDR039C,YLR092W,0,-2.1995053,0.08924949169158936,0.12517781555652618,0.12773826718330383
YDR302W,YMR051C,0,-2.200167,0.08915907144546509,0.12517781555652618,0.1278805136680603
YML045W,YLR396C,0,-2.200564,0.08906882256269455,0.12517781555652618,0.12802276015281677
YHR214C-B,YPR057W,0,-2.2007186,0.08897876739501953,0.12517781555652618,0.12816500663757324
YMR051C,YOR304W,0,-2.201081,0.08888889104127884,0.12517781555652618,0.1283072531223297
YPL256C,YDR106W,0,-2.202279,0.08879919350147247,0.12517781555652618,0.12844949960708618
YMR298W,YOR317W,0,-2.2039137,0.08870967477560043,0.12517781555652618,0.12859174609184265
YOR229W,YHR079C-B,1,-2.2046783,0.08962739259004593,0.12660028040409088,0.12859174609184265
YDR503C,YMR125W,0,-2.2049923,0.08953722566366196,0.12660028040409088,0.12873399257659912
YLR382C,YGR059W,0,-2.2054965,0.08944723755121231,0.12660028040409088,0.1288762390613556
YHR214C-B,YGL087C,0,-2.2059927,0.08935742825269699,0.12660028040409088,0.12901848554611206
YBR244W,YLR276C,0,-2.2061002,0.0892678052186966,0.12660028040409088,0.12916074693202972
YGR272C,YBR267W,0,-2.2063067,0.08917835354804993,0.12660028040409088,0.1293029934167862
YMR162C,YJL113W,0,-2.206671,0.08908908814191818,0.12660028040409088,0.12944523990154266
YEL027W,YDR115W,0,-2.2098048,0.08900000154972076,0.12660028040409088,0.12958748638629913
YJR143C,YDR065W,0,-2.2099118,0.08891108632087708,0.12660028040409088,0.1297297328710556
YGR089W,YPL231W,0,-2.210261,0.08882235735654831,0.12660028040409088,0.12987197935581207
YDL115C,YLR263W,1,-2.2105815,0.08973080664873123,0.12802276015281677,0.12987197935581207
YDL022W,YOL158C,0,-2.2107594,0.08964143693447113,0.12802276015281677,0.13001422584056854
YBR066C,YDR231C,0,-2.2108033,0.08955223858356476,0.12802276015281677,0.130156472325325
YDL170W,YDR115W,0,-2.2108572,0.08946321904659271,0.12802276015281677,0.13029871881008148
YIL082W-A,YGR129W,0,-2.2110443,0.08937437832355499,0.12802276015281677,0.13044096529483795
YIL082W-A,YBR170C,0,-2.211376,0.0892857164144516,0.12802276015281677,0.13058321177959442
YER106W,YLR248W,1,-2.2118552,0.09018830209970474,0.12944523990154266,0.13058321177959442
YEL065W,YOL077W-A,0,-2.2121656,0.09009900689125061,0.12944523990154266,0.1307254582643509
YIR004W,YMR051C,0,-2.2122223,0.0900098904967308,0.12944523990154266,0.13086770474910736
YER001W,YCL003W,0,-2.2126358,0.08992094546556473,0.12944523990154266,0.13100995123386383
YLR263W,YBR160W,1,-2.2128384,0.090819351375103,0.13086770474910736,0.13100995123386383
YDR018C,YNR052C,0,-2.2130039,0.09072978049516678,0.13086770474910736,0.1311521977186203
YPL069C,YAR010C,0,-2.2135327,0.09064039587974548,0.13086770474910736,0.13129445910453796
YDR065W,YJR057W,0,-2.2150733,0.09055118262767792,0.13086770474910736,0.13143670558929443
YGL158W,YOL090W,1,-2.2164867,0.0914454311132431,0.13229018449783325,0.13143670558929443
YJL080C,YPL121C,1,-2.2171764,0.09233791381120682,0.13371266424655914,0.13143670558929443
YKL178C,YDL105W,0,-2.2172172,0.09224729984998703,0.13371266424655914,0.1315789520740509
YJR029W,YNL147W,0,-2.2177246,0.09215686470270157,0.13371266424655914,0.13172119855880737
YBR066C,YBR199W,0,-2.2202985,0.09206660091876984,0.13371266424655914,0.13186344504356384
YNR008W,YMR051C,0,-2.2204003,0.09197651594877243,0.13371266424655914,0.1320056915283203
YDR065W,YMR125W,0,-2.221449,0.09188660979270935,0.13371266424655914,0.13214793801307678
YML045W,YOR127W,0,-2.2219512,0.091796875,0.13371266424655914,0.13229018449783325
YOR116C,YJL113W,0,-2.2221484,0.09170731902122498,0.13371266424655914,0.13243243098258972
YLR224W,YHR150W,0,-2.2221847,0.09161793440580368,0.13371266424655914,0.1325746774673462
YNL307C,YGL158W,1,-2.2223346,0.09250243753194809,0.13513512909412384,0.1325746774673462
YDR283C,YDR115W,0,-2.2243369,0.09241244941949844,0.13513512909412384,0.13271692395210266
YHR016C,YHR107C,0,-2.2245476,0.09232264012098312,0.13513512909412384,0.13285917043685913
YOR245C,YLR224W,0,-2.2252326,0.09223300963640213,0.13513512909412384,0.1330014169216156
YDR018C,YDL200C,0,-2.2257102,0.09214355051517487,0.13513512909412384,0.13314366340637207
YMR046C,YLR055C,0,-2.2279406,0.09205426275730133,0.13513512909412384,0.13328592479228973
YPR135W,YAL054C,0,-2.228275,0.09196514636278152,0.13513512909412384,0.1334281712770462
YOL088C,YMR051C,0,-2.23043,0.09187620878219604,0.13513512909412384,0.13357041776180267
YHR082C,YLR214W,0,-2.2313812,0.0917874425649643,0.13513512909412384,0.13371266424655914
YMR046C,YBL046W,0,-2.2315323,0.09169884026050568,0.13513512909412384,0.1338549107313156
YDL043C,YMR045C,0,-2.231766,0.09161041676998138,0.13513512909412384,0.13399715721607208
YNL222W,YDR065W,0,-2.2325313,0.09152215719223022,0.13513512909412384,0.13413940370082855
YBL100W-B,YOL051W,0,-2.2325888,0.0914340689778328,0.13513512909412384,0.13428165018558502
YBR111W-A,YER126C,0,-2.2330043,0.09134615212678909,0.13513512909412384,0.1344238966703415
YPR075C,YDR306C,0,-2.2338011,0.09125840663909912,0.13513512909412384,0.13456614315509796
YGL122C,YNR074C,0,-2.2352643,0.09117082506418228,0.13513512909412384,0.13470838963985443
YBR111W-A,YIL159W,0,-2.2362733,0.09108341485261917,0.13513512909412384,0.1348506361246109
YER006W,YLR313C,0,-2.2379467,0.0909961685538292,0.13513512909412384,0.13499288260936737
YMR046C,YLR310C,0,-2.2392602,0.09090909361839294,0.13513512909412384,0.13513512909412384
YNL222W,YMR051C,0,-2.2394712,0.09082218259572983,0.13513512909412384,0.1352773755788803
YGR059W,YOR330C,0,-2.2404258,0.09073543548583984,0.13513512909412384,0.13541963696479797
YPL091W,YMR045C,0,-2.2404883,0.09064885228872299,0.13513512909412384,0.13556188344955444
YHR020W,YDR432W,0,-2.2408264,0.09056244045495987,0.13513512909412384,0.1357041299343109
YPL256C,YLR324W,0,-2.2409308,0.09047619253396988,0.13513512909412384,0.13584637641906738
YAL054C,YGL178W,0,-2.2412152,0.09039010107517242,0.13513512909412384,0.13598862290382385
YHL007C,YML091C,0,-2.2417526,0.0903041809797287,0.13513512909412384,0.13613086938858032
YLR263W,YIR025W,1,-2.241878,0.09116809070110321,0.13655760884284973,0.13613086938858032
YML021C,YBR111W-A,0,-2.2429214,0.09108159691095352,0.13655760884284973,0.1362731158733368
YDR503C,YLR116W,0,-2.2430935,0.09099525958299637,0.13655760884284973,0.13641536235809326
YDR018C,YHR042W,0,-2.2437499,0.09090909361839294,0.13655760884284973,0.13655760884284973
YMR046C,YHR174W,0,-2.2438648,0.09082308411598206,0.13655760884284973,0.1366998553276062
YLR320W,YPR052C,0,-2.2439978,0.0907372385263443,0.13655760884284973,0.13684210181236267
YBL052C,YJL113W,0,-2.2441282,0.09065155684947968,0.13655760884284973,0.13698434829711914
YBR244W,YDL170W,0,-2.244229,0.09056603908538818,0.13655760884284973,0.1371265947818756
YGR059W,YBR111W-A,0,-2.2449398,0.09048067778348923,0.13655760884284973,0.13726884126663208
YJL207C,YBR267W,0,-2.2449582,0.0903954803943634,0.13655760884284973,0.13741110265254974
YMR051C,YDR284C,0,-2.2476192,0.09031043946743011,0.13655760884284973,0.1375533491373062
YBR250W,YBR160W,1,-2.2487156,0.09116541594266891,0.13798008859157562,0.1375533491373062
YKL178C,YDR065W,0,-2.2488775,0.09107980877161026,0.13798008859157562,0.13769559562206268
YPL137C,YMR045C,0,-2.2491152,0.09099437296390533,0.13798008859157562,0.13783784210681915
YNL298W,YDR115W,0,-2.249348,0.09090909361839294,0.13798008859157562,0.13798008859157562
YBL100W-B,YHR069C,0,-2.2497058,0.09082397073507309,0.13798008859157562,0.1381223350763321
YPL217C,YDR018C,0,-2.2498782,0.09073901176452637,0.13798008859157562,0.13826458156108856
YOL051W,YER062C,0,-2.250048,0.09065420925617218,0.13798008859157562,0.13840682804584503
YDR479C,YLR224W,0,-2.250792,0.09056956321001053,0.13798008859157562,0.1385490745306015
YGR272C,YLR221C,0,-2.250854,0.09048507362604141,0.13798008859157562,0.13869132101535797
YPL045W,YDR115W,0,-2.2511537,0.09040074795484543,0.13798008859157562,0.13883356750011444
YHR214C-B,YDR456W,0,-2.2516825,0.09031657129526138,0.13798008859157562,0.1389758139848709
YNR023W,YJL113W,0,-2.25202,0.09023255854845047,0.13798008859157562,0.13911806046962738
YLR224W,YER123W,0,-2.2520206,0.09014870226383209,0.13798008859157562,0.13926030695438385
YDL197C,YDR115W,0,-2.2522736,0.09006499499082565,0.13798008859157562,0.13940255343914032
YPL057C,YBR111W-A,0,-2.2523792,0.08998144418001175,0.13798008859157562,0.13954481482505798
YMR280C,YFL031W,0,-2.256449,0.08989805728197098,0.13798008859157562,0.13968706130981445
YAR010C,YJR031C,0,-2.2585027,0.08981481194496155,0.13798008859157562,0.13982930779457092
YDR297W,YMR051C,0,-2.2618382,0.08973173052072525,0.13798008859157562,0.1399715542793274
YLR052W,YJL113W,0,-2.261896,0.08964879810810089,0.13798008859157562,0.14011380076408386
YER106W,YOR073W,1,-2.2624826,0.09048938006162643,0.13940255343914032,0.14011380076408386
YLR382C,YDL130W-A,0,-2.262695,0.0904059037566185,0.13940255343914032,0.14025604724884033
YNL313C,YLR116W,0,-2.264047,0.0903225839138031,0.13940255343914032,0.1403982937335968
YBL035C,YDR018C,0,-2.2640703,0.09023941308259964,0.13940255343914032,0.14054054021835327
YML028W,YDR115W,0,-2.264748,0.09015639126300812,0.13940255343914032,0.14068278670310974
YLR224W,YOR056C,0,-2.265241,0.09007352590560913,0.13940255343914032,0.1408250331878662
YDL022W,YJL006C,0,-2.2655199,0.08999081701040268,0.13940255343914032,0.14096727967262268
YPL046C,YBR114W,0,-2.2656786,0.08990825712680817,0.13940255343914032,0.14110952615737915
YDR306C,YNL214W,0,-2.2658122,0.08982584625482559,0.13940255343914032,0.14125177264213562
YLR205C,YMR287C,0,-2.266043,0.08974359184503555,0.13940255343914032,0.1413940191268921
YMR023C,YPL231W,0,-2.266267,0.08966147899627686,0.13940255343914032,0.14153628051280975
YBR084W,YML045W,0,-2.2675767,0.0895795226097107,0.13940255343914032,0.14167852699756622
YMR045C,YDR235W,0,-2.2681367,0.08949771523475647,0.13940255343914032,0.1418207734823227
YAR010C,YOR149C,0,-2.2685516,0.08941605687141418,0.13940255343914032,0.14196301996707916
YDR393W,YGL178W,0,-2.2686574,0.08933454751968384,0.13940255343914032,0.14210526645183563
YLR310C,YML045W,0,-2.269195,0.08925318717956543,0.13940255343914032,0.1422475129365921
YOR148C,YLR224W,0,-2.2694669,0.08917197585105896,0.13940255343914032,0.14238975942134857
YPR034W,YBR244W,0,-2.270887,0.08909090608358383,0.13940255343914032,0.14253200590610504
YGL175C,YBR160W,1,-2.2711868,0.08991825580596924,0.1408250331878662,0.14253200590610504
YFR040W,YLL011W,0,-2.2728388,0.08983665704727173,0.1408250331878662,0.1426742523908615
YEL042W,YDR270W,0,-2.2729886,0.08975521475076675,0.1408250331878662,0.14281649887561798
YDR065W,YDR069C,0,-2.273032,0.08967391401529312,0.1408250331878662,0.14295874536037445
YFL011W,YMR045C,0,-2.2745273,0.08959276229143143,0.1408250331878662,0.14310099184513092
YLR191W,YLR224W,0,-2.2771766,0.08951175212860107,0.1408250331878662,0.1432432383298874
YHR214C-B,YGR183C,0,-2.277552,0.08943089097738266,0.1408250331878662,0.14338548481464386
YLR263W,YPL121C,1,-2.277941,0.09025270491838455,0.1422475129365921,0.14338548481464386
YKL178C,YFR040W,0,-2.2782278,0.09017132222652435,0.1422475129365921,0.14352773129940033
YMR138W,YLR224W,0,-2.27824,0.09009008854627609,0.1422475129365921,0.143669992685318
YGL175C,YOL090W,1,-2.2783415,0.09090909361839294,0.143669992685318,0.143669992685318
YHR196W,YCR002C,0,-2.2786531,0.0908273383975029,0.143669992685318,0.14381223917007446
YHR020W,YDL150W,0,-2.27889,0.09074573218822479,0.143669992685318,0.14395448565483093
YDR085C,YDR147W,0,-2.2794585,0.09066427499055862,0.143669992685318,0.1440967321395874
YHL022C,YDL115C,1,-2.2795537,0.0914798229932785,0.1450924575328827,0.1440967321395874
YIL154C,YDR146C,0,-2.2795846,0.09139785170555115,0.1450924575328827,0.14423897862434387
YNL307C,YLR263W,1,-2.2797906,0.0922112837433815,0.14651493728160858,0.14423897862434387
YMR051C,YJR053W,0,-2.279848,0.09212879836559296,0.14651493728160858,0.14438122510910034
YMR046C,YLR110C,0,-2.2801702,0.09204646944999695,0.14651493728160858,0.1445234715938568
YDR359C,YHR016C,0,-2.2804546,0.09196428209543228,0.14651493728160858,0.14466571807861328
YKL081W,YBR111W-A,0,-2.2810142,0.09188225120306015,0.14651493728160858,0.14480796456336975
YKL178C,YDR147W,0,-2.2812421,0.09180035442113876,0.14651493728160858,0.14495021104812622
YHR214C-B,YOR239W,0,-2.2815535,0.09171861410140991,0.14651493728160858,0.1450924575328827
YLR430W,YKL188C,0,-2.2837055,0.0916370078921318,0.14651493728160858,0.14523470401763916
YIL082W-A,YPL084W,0,-2.284228,0.09155555814504623,0.14651493728160858,0.14537695050239563
YBL100W-B,YMR015C,0,-2.2845743,0.09147424250841141,0.14651493728160858,0.1455191969871521
YBL020W,YJL113W,0,-2.2859,0.09139307588338852,0.14651493728160858,0.14566145837306976
YDR213W,YCR002C,0,-2.2860124,0.09131205826997757,0.14651493728160858,0.14580370485782623
YMR046C,YIR015W,0,-2.2861936,0.09123117476701736,0.14651493728160858,0.1459459513425827
YDL223C,YGL044C,0,-2.286404,0.0911504402756691,0.14651493728160858,0.14608819782733917
YNL242W,YDR115W,0,-2.2871437,0.09106984734535217,0.14651493728160858,0.14623044431209564
YPL121C,YOL090W,1,-2.287509,0.09187278896570206,0.14793741703033447,0.14623044431209564
YAR010C,YHR042W,0,-2.2881584,0.09179170429706573,0.14793741703033447,0.1463726907968521
YPL121C,YBL009W,1,-2.289374,0.09259258955717087,0.14935988187789917,0.1463726907968521
YLR234W,YIR026C,1,-2.2913747,0.09339207410812378,0.15078236162662506,0.1463726907968521
YHR020W,YGR048W,0,-2.2914717,0.09330985695123672,0.15078236162662506,0.14651493728160858
YLR224W,YDL135C,0,-2.2932773,0.09322778880596161,0.15078236162662506,0.14665718376636505
YPR008W,YMR051C,0,-2.293874,0.09314586967229843,0.15078236162662506,0.14679943025112152
YHL022C,YBR160W,1,-2.294059,0.0939420536160469,0.15220484137535095,0.14679943025112152
YMR015C,YLR337C,0,-2.2962112,0.09385965019464493,0.15220484137535095,0.146941676735878
YMR268C,YMR051C,0,-2.2966692,0.09377738833427429,0.15220484137535095,0.14708392322063446
YGL243W,YOR317W,0,-2.298229,0.093695268034935,0.15220484137535095,0.14722616970539093
YDL115C,YBR250W,1,-2.2982876,0.09448818862438202,0.15362730622291565,0.14722616970539093
YNR074C,YNL126W,0,-2.298306,0.09440559148788452,0.15362730622291565,0.1473684161901474
YGR040W,YAL017W,0,-2.2986414,0.09432314336299896,0.15362730622291565,0.14751066267490387
YJL146W,YLR263W,1,-2.2992742,0.09511344134807587,0.15504978597164154,0.14751066267490387
YNL135C,YBR111W-A,0,-2.2995622,0.0950305163860321,0.15504978597164154,0.14765290915966034
YNR074C,YNR052C,0,-2.300542,0.09494773298501968,0.15504978597164154,0.147795170545578
YHR214C-B,YOR060C,0,-2.3006792,0.0948650985956192,0.15504978597164154,0.14793741703033447
YNL068C,YMR045C,0,-2.3014715,0.09478260576725006,0.15504978597164154,0.14807966351509094
YOL158C,YPL217C,0,-2.3016055,0.09470026195049286,0.15504978597164154,0.1482219099998474
YPR201W,YDR039C,0,-2.302512,0.0946180522441864,0.15504978597164154,0.14836415648460388
YNL091W,YLR224W,0,-2.3032386,0.09453599154949188,0.15504978597164154,0.14850640296936035
YKL178C,YDR527W,0,-2.3040473,0.0944540724158287,0.15504978597164154,0.14864864945411682
YIL031W,YMR015C,0,-2.304453,0.09437229484319687,0.15504978597164154,0.1487908959388733
YML045W,YPR186C,0,-2.304527,0.09429065883159637,0.15504978597164154,0.14893314242362976
YJR143C,YHR067W,0,-2.305365,0.09420916438102722,0.15504978597164154,0.14907538890838623
YGR048W,YJL012C,0,-2.3056626,0.09412780404090881,0.15504978597164154,0.1492176353931427
YDR065W,YBR172C,0,-2.3071973,0.09404659271240234,0.15504978597164154,0.14935988187789917
YIL139C,YER120W,0,-2.3074663,0.09396551549434662,0.15504978597164154,0.14950212836265564
YHR176W,YDR527W,0,-2.308357,0.09388457983732224,0.15504978597164154,0.1496443748474121
YDR432W,YIR033W,0,-2.3084276,0.0938037857413292,0.15504978597164154,0.14978662133216858
YFL009W,YGR225W,1,-2.3085666,0.09458297491073608,0.15647226572036743,0.14978662133216858
YDR018C,YDL043C,0,-2.309045,0.09450171887874603,0.15647226572036743,0.14992888271808624
YDR258C,YDL105W,0,-2.309473,0.09442060440778732,0.15647226572036743,0.1500711292028427
YDR283C,YHR012W,0,-2.3107724,0.09433962404727936,0.15647226572036743,0.15021337568759918
YPL091W,YDR039C,0,-2.3109324,0.09425878524780273,0.15647226572036743,0.15035562217235565
YCR089W,YER126C,0,-2.3115726,0.09417808055877686,0.15647226572036743,0.15049786865711212
YNL242W,YPR046W,0,-2.3127992,0.09409751743078232,0.15647226572036743,0.1506401151418686
YDR115W,YGR094W,0,-2.3130484,0.09401709586381912,0.15647226572036743,0.15078236162662506
YKL125W,YKL188C,0,-2.3140657,0.09393680840730667,0.15647226572036743,0.15092460811138153
YDR065W,YER126C,0,-2.3141596,0.09385665506124496,0.15647226572036743,0.151066854596138
YER026C,YLR320W,0,-2.3168836,0.0937766432762146,0.15647226572036743,0.15120910108089447
YDR479C,YDR270W,0,-2.3171697,0.09369676560163498,0.15647226572036743,0.15135134756565094
YER106W,YGR247W,1,-2.3175507,0.09446808695793152,0.15789473056793213,0.15135134756565094
YNL313C,YOR005C,0,-2.3176005,0.09438775479793549,0.15789473056793213,0.1514935940504074
YDL223C,YMR051C,0,-2.3182337,0.0943075641989708,0.15789473056793213,0.15163584053516388
YJL207C,YPL211W,0,-2.3183284,0.09422750771045685,0.15789473056793213,0.15177808701992035
YNL111C,YOR058C,0,-2.318617,0.09414758533239365,0.15789473056793213,0.151920348405838
YAL054C,YPL231W,0,-2.3196285,0.09406779706478119,0.15789473056793213,0.15206259489059448
YNL121C,YFR040W,0,-2.3210006,0.09398814290761948,0.15789473056793213,0.15220484137535095
YER026C,YJR031C,0,-2.3210547,0.0939086303114891,0.15789473056793213,0.15234708786010742
YOR341W,YIR002C,0,-2.3221416,0.09382924437522888,0.15789473056793213,0.1524893343448639
YDR306C,YBL025W,0,-2.32293,0.09375,0.15789473056793213,0.15263158082962036
YGR191W,YGR089W,0,-2.3231728,0.09367088973522186,0.15789473056793213,0.15277382731437683
YAR010C,YNL177C,0,-2.3239725,0.09359190613031387,0.15789473056793213,0.1529160737991333
YHR214C-B,YDR270W,0,-2.3256886,0.09351305663585663,0.15789473056793213,0.15305832028388977
YDR069C,YGL178W,0,-2.328029,0.09343434125185013,0.15789473056793213,0.15320056676864624
YMR046C,YLR205C,0,-2.3284254,0.09335575997829437,0.15789473056793213,0.1533428132534027
YOR270C,YDL130W-A,0,-2.3289905,0.09327731281518936,0.15789473056793213,0.15348505973815918
YOL077W-A,YOR208W,0,-2.3291695,0.0931989923119545,0.15789473056793213,0.15362730622291565
YEL032W,YIL034C,0,-2.3291867,0.09312080591917038,0.15789473056793213,0.15376955270767212
YDL200C,YDR115W,0,-2.33037,0.09304274618625641,0.15789473056793213,0.1539117991924286
YHL022C,YLR263W,1,-2.3309739,0.09380234777927399,0.15931721031665802,0.1539117991924286
YAR010C,YNL299W,0,-2.3311255,0.0937238484621048,0.15931721031665802,0.15405406057834625
YGR089W,YDR490C,0,-2.3316157,0.09364548325538635,0.15931721031665802,0.15419630706310272
YNL307C,YER106W,1,-2.3319561,0.09440267086029053,0.1607396900653839,0.15419630706310272
YNR074C,YML036W,0,-2.3335757,0.09432387351989746,0.1607396900653839,0.1543385535478592
YHR174W,YGR089W,0,-2.3341658,0.09424520283937454,0.1607396900653839,0.15448080003261566
YGL233W,YKL053C-A,0,-2.3342092,0.09416666626930237,0.1607396900653839,0.15462304651737213
YNL111C,YEL061C,0,-2.334894,0.09408825635910034,0.1607396900653839,0.1547652930021286
YIL082W-A,YKL008C,0,-2.3359115,0.09400998055934906,0.1607396900653839,0.15490753948688507
YDL200C,YMR051C,0,-2.3363926,0.09393183887004852,0.1607396900653839,0.15504978597164154
YMR162C,YHR016C,0,-2.3368979,0.09385382384061813,0.1607396900653839,0.155192032456398
YFR053C,YNL261W,0,-2.3382614,0.09377593547105789,0.1607396900653839,0.15533427894115448
YNL177C,YMR051C,0,-2.3389351,0.0936981737613678,0.1607396900653839,0.15547652542591095
YER082C,YDL223C,0,-2.3390844,0.09362054616212845,0.1607396900653839,0.15561877191066742
YML115C,YDR115W,0,-2.3396933,0.09354304522275925,0.1607396900653839,0.1557610183954239
YAL017W,YDR079C-A,0,-2.340209,0.09346567094326019,0.1607396900653839,0.15590326488018036
YLR060W,YJL113W,0,-2.3413093,0.09338843077421188,0.1607396900653839,0.15604552626609802
YDR302W,YNL007C,0,-2.3414361,0.09331130981445312,0.1607396900653839,0.1561877727508545
YGR089W,YML008C,0,-2.341624,0.09323432296514511,0.1607396900653839,0.15633001923561096
YGR059W,YIR015W,0,-2.3419363,0.09315746277570724,0.1607396900653839,0.15647226572036743
YHR214C-B,YDR163W,0,-2.3426273,0.09308072179555893,0.1607396900653839,0.1566145122051239
YBR244W,YDR106W,0,-2.3429563,0.09300411492586136,0.1607396900653839,0.15675675868988037
YLR263W,YGR247W,1,-2.3433006,0.09375,0.1621621549129486,0.15675675868988037
YHR020W,YPL137C,0,-2.3438642,0.0936729684472084,0.1621621549129486,0.15689900517463684
YNL313C,YJL006C,0,-2.3442974,0.09359605610370636,0.1621621549129486,0.1570412516593933
YDR270W,YDR464W,0,-2.344321,0.09351927787065506,0.1621621549129486,0.15718349814414978
YIR026C,YOL090W,1,-2.3457549,0.09426229447126389,0.1635846346616745,0.15718349814414978
YER106W,YJL005W,1,-2.3469136,0.09500409662723541,0.1650071144104004,0.15718349814414978
YLR060W,YAR010C,0,-2.3469574,0.09492634981870651,0.1650071144104004,0.15732574462890625
YNL313C,YBR170C,0,-2.346984,0.09484872967004776,0.1650071144104004,0.15746799111366272
YDR306C,YPL161C,0,-2.3474736,0.09477124363183975,0.1650071144104004,0.1576102375984192
YNL313C,YHR205W,0,-2.3480833,0.0946938768029213,0.1650071144104004,0.15775248408317566
YAL054C,YDR263C,0,-2.3480847,0.09461663663387299,0.1650071144104004,0.15789473056793213
YIL082W-A,YGR056W,0,-2.3481224,0.09453953057527542,0.1650071144104004,0.1580369770526886
YDR146C,YML045W,0,-2.3503287,0.09446254372596741,0.1650071144104004,0.15817923843860626
YER120W,YDL130W-A,0,-2.3504333,0.09438567608594894,0.1650071144104004,0.15832148492336273
YKR035W-A,YBR111W-A,0,-2.3512218,0.09430894255638123,0.1650071144104004,0.1584637314081192
YOL158C,YOR026W,0,-2.3513668,0.09423232823610306,0.1650071144104004,0.15860597789287567
YDR213W,YNL121C,0,-2.351652,0.09415584057569504,0.1650071144104004,0.15874822437763214
YML045W,YML019W,0,-2.3521593,0.09407947957515717,0.1650071144104004,0.1588904708623886
YDR018C,YBR036C,0,-2.3524604,0.09400323778390884,0.1650071144104004,0.15903271734714508
YLR224W,YDL105W,0,-2.3525693,0.09392712265253067,0.1650071144104004,0.15917496383190155
YMR280C,YBR095C,0,-2.352909,0.09385113418102264,0.1650071144104004,0.15931721031665802
YKL085W,YIL031W,0,-2.3530908,0.09377526491880417,0.1650071144104004,0.1594594568014145
YDR306C,YCL025C,0,-2.353236,0.09369951486587524,0.1650071144104004,0.15960170328617096
YDR297W,YMR250W,0,-2.3542016,0.09362389147281647,0.1650071144104004,0.15974394977092743
YCR081W,YCL033C,0,-2.3548443,0.09354838728904724,0.1650071144104004,0.1598861962556839
YDR213W,YBR273C,0,-2.3552241,0.09347300231456757,0.1650071144104004,0.16002844274044037
YNL111C,YDR244W,0,-2.3553126,0.09339774399995804,0.1650071144104004,0.16017070412635803
YJL191W,YLR117C,0,-2.3553202,0.09332260489463806,0.1650071144104004,0.1603129506111145
YGL089C,YNL221C,0,-2.35579,0.09324758499860764,0.1650071144104004,0.16045519709587097
YHR020W,YPL196W,0,-2.3558908,0.09317269176244736,0.1650071144104004,0.16059744358062744
YMR023C,YLR205C,0,-2.3570824,0.09309791028499603,0.1650071144104004,0.1607396900653839
YGL205W,YJL041W,0,-2.3578515,0.09302325546741486,0.1650071144104004,0.16088193655014038
YJL157C,YDR039C,0,-2.358144,0.09294871985912323,0.1650071144104004,0.16102418303489685
YLR263W,YOL090W,1,-2.358566,0.09367494285106659,0.16642959415912628,0.16102418303489685
YPL053C,YDR115W,0,-2.3587167,0.09359999746084213,0.16642959415912628,0.16116642951965332
YNL021W,YGR214W,0,-2.358948,0.09352517873048782,0.16642959415912628,0.1613086760044098
YFL011W,YPL211W,0,-2.3595781,0.09345047920942307,0.16642959415912628,0.16145092248916626
YPR135W,YBR111W-A,0,-2.3596432,0.09337589889764786,0.16642959415912628,0.16159316897392273
YCR081W,YJR029W,0,-2.3598704,0.0933014377951622,0.16642959415912628,0.1617354154586792
YGR254W,YPL146C,0,-2.3611224,0.0932270884513855,0.16642959415912628,0.16187766194343567
YCR089W,YDR263C,0,-2.3617013,0.09315286576747894,0.16642959415912628,0.16201990842819214
YGR214W,YIR033W,0,-2.3631642,0.09307876229286194,0.16642959415912628,0.1621621549129486
YDR449C,YPR094W,0,-2.3632138,0.09300477057695389,0.16642959415912628,0.16230441629886627
YKL178C,YBR049C,0,-2.3653762,0.09293089807033539,0.16642959415912628,0.16244666278362274
YFR055W,YPL231W,0,-2.3658116,0.09285714477300644,0.16642959415912628,0.1625889092683792
YDL024C,YHR138C,0,-2.365922,0.09278350323438644,0.16642959415912628,0.16273115575313568
YGR170W,YJR029W,0,-2.3682208,0.092709980905056,0.16642959415912628,0.16287340223789215
YIL023C,YJR029W,0,-2.3683472,0.0926365777850151,0.16642959415912628,0.16301564872264862
YDR120C,YDR306C,0,-2.370825,0.09256329387426376,0.16642959415912628,0.1631578952074051
YFR053C,YNR008W,0,-2.3735013,0.09249012172222137,0.16642959415912628,0.16330014169216156
YPL192C,YOL016C,0,-2.3747256,0.09241706132888794,0.16642959415912628,0.16344238817691803
YDR213W,YDR270W,0,-2.376296,0.09234412014484406,0.16642959415912628,0.1635846346616745
YIL082W-A,YNL261W,0,-2.3769186,0.09227129071950912,0.16642959415912628,0.16372688114643097
YHR020W,YPR113W,0,-2.3772953,0.09219858050346375,0.16642959415912628,0.16386912763118744
YBR118W,YGL205W,0,-2.3780482,0.09212598204612732,0.16642959415912628,0.1640113741159439
YDR385W,YDR258C,0,-2.378467,0.09205350279808044,0.16642959415912628,0.16415362060070038
YMR046C,YHR114W,0,-2.3789299,0.09198113530874252,0.16642959415912628,0.16429588198661804
YLR131C,YML008C,0,-2.3793166,0.09190887957811356,0.16642959415912628,0.1644381284713745
YBR250W,YJL005W,1,-2.380686,0.09262166172266006,0.16785205900669098,0.1644381284713745
YPL131W,YDL170W,0,-2.3831606,0.09254901856184006,0.16785205900669098,0.16458037495613098
YAL054C,YHR107C,0,-2.3838499,0.092476487159729,0.16785205900669098,0.16472262144088745
YMR046C,YLR033W,0,-2.3845584,0.0924040749669075,0.16785205900669098,0.16486486792564392
YPR201W,YBR111W-A,0,-2.3853018,0.09233176708221436,0.16785205900669098,0.1650071144104004
YOL021C,YMR168C,0,-2.3853638,0.09225957840681076,0.16785205900669098,0.16514936089515686
YDR065W,YOR008C,0,-2.3873322,0.09218750149011612,0.16785205900669098,0.16529160737991333
YGR202C,YMR045C,0,-2.3879218,0.09211553633213043,0.16785205900669098,0.1654338538646698
YHR020W,YIL034C,0,-2.388681,0.0920436829328537,0.16785205900669098,0.16557610034942627
YOL060C,YDR115W,0,-2.388693,0.09197194129228592,0.16785205900669098,0.16571834683418274
YER106W,YJL146W,1,-2.3888385,0.09267912805080414,0.16927453875541687,0.16571834683418274
YDR324C,YJR053W,0,-2.389469,0.09260700643062592,0.16927453875541687,0.1658605933189392
YLR060W,YMR051C,0,-2.3896034,0.09253498911857605,0.16927453875541687,0.16600283980369568
YNL313C,YNR052C,0,-2.3897614,0.09246309101581573,0.16927453875541687,0.16614508628845215
YNL307C,YPL121C,1,-2.3903682,0.09316769987344742,0.17069701850414276,0.16614508628845215
YPR030W,YBR010W,0,-2.3917284,0.09309542179107666,0.17069701850414276,0.16628733277320862
YER106W,YHR152W,1,-2.3926814,0.0937984511256218,0.17211948335170746,0.16628733277320862
YGR059W,YDR512C,0,-2.394058,0.0937257930636406,0.17211948335170746,0.16642959415912628
YDR018C,YJL111W,0,-2.3949084,0.09365325421094894,0.17211948335170746,0.16657184064388275
YDL115C,YER106W,1,-2.395191,0.09435421228408813,0.17354196310043335,0.16657184064388275
YBR111W-A,YNL209W,0,-2.3959448,0.09428130090236664,0.17354196310043335,0.16671408712863922
YGL178W,YLR313C,0,-2.3960512,0.0942084938287735,0.17354196310043335,0.1668563336133957
YML060W,YLR043C,0,-2.3962052,0.09413580596446991,0.17354196310043335,0.16699858009815216
YMR270C,YDR018C,0,-2.3962307,0.09406322240829468,0.17354196310043335,0.16714082658290863
YLR224W,YBR079C,0,-2.3972666,0.093990758061409,0.17354196310043335,0.1672830730676651
YDR065W,YOR319W,0,-2.39745,0.09391839802265167,0.17354196310043335,0.16742531955242157
YAL035W,YOR317W,0,-2.397651,0.0938461571931839,0.17354196310043335,0.16756756603717804
YPL137C,YIL017C,0,-2.3977091,0.09377402067184448,0.17354196310043335,0.1677098125219345
YHR129C,YDR079C-A,0,-2.3983748,0.09370199590921402,0.17354196310043335,0.16785205900669098
YBR111W-A,YPL131W,0,-2.3990936,0.09363008290529251,0.17354196310043335,0.16799430549144745
YDR342C,YKR035W-A,0,-2.399282,0.09355828166007996,0.17354196310043335,0.16813655197620392
YNL111C,YLR396C,0,-2.399915,0.09348659217357635,0.17354196310043335,0.1682787984609604
YEL024W,YGR056W,0,-2.3999686,0.09341500699520111,0.17354196310043335,0.16842105984687805
YMR046C,YJL183W,0,-2.400596,0.09334353357553482,0.17354196310043335,0.16856330633163452
YLR033W,YML045W,0,-2.4006398,0.09327217191457748,0.17354196310043335,0.168705552816391
YHR020W,YDR464W,0,-2.4008276,0.0932009145617485,0.17354196310043335,0.16884779930114746
YOL156W,YCR028C-A,0,-2.4021704,0.09312976896762848,0.17354196310043335,0.16899004578590393
YGL158W,YBR160W,1,-2.4027317,0.09382151067256927,0.17496444284915924,0.16899004578590393
YDR213W,YBR015C,0,-2.4036255,0.09375,0.17496444284915924,0.1691322922706604
YLR276C,YDR079C-A,0,-2.4045885,0.09367860108613968,0.17496444284915924,0.16927453875541687
YHR082C,YMR025W,0,-2.4050324,0.09360730648040771,0.17496444284915924,0.16941678524017334
YDR213W,YKL053C-A,0,-2.4050472,0.0935361236333847,0.17496444284915924,0.1695590317249298
YAL054C,YNL036W,0,-2.406255,0.09346504509449005,0.17496444284915924,0.16970127820968628
YOR193W,YPL231W,0,-2.4063208,0.09339407831430435,0.17496444284915924,0.16984352469444275
YOR060C,YCL033C,0,-2.4066715,0.09332321584224701,0.17496444284915924,0.16998577117919922
YOL077W-A,YMR173W,0,-2.4070551,0.09325246512889862,0.17496444284915924,0.1701280176639557
YFR053C,YJL191W,0,-2.4070885,0.09318181872367859,0.17496444284915924,0.17027026414871216
YNL127W,YDL130W-A,0,-2.408923,0.09311127662658691,0.17496444284915924,0.17041251063346863
YMR068W,YDR115W,0,-2.4089353,0.0930408462882042,0.17496444284915924,0.1705547720193863
YMR039C,YDR018C,0,-2.409231,0.09297052025794983,0.17496444284915924,0.17069701850414276
YDR432W,YPL140C,0,-2.4093351,0.09290029853582382,0.17496444284915924,0.17083926498889923
YML045W,YBR267W,0,-2.4098752,0.09283018857240677,0.17496444284915924,0.1709815114736557
YDR018C,YGL087C,0,-2.410291,0.09276018291711807,0.17496444284915924,0.17112375795841217
YER001W,YIR015W,0,-2.4105322,0.09269028156995773,0.17496444284915924,0.17126600444316864
YNL111C,YHR138C,0,-2.4105911,0.09262048453092575,0.17496444284915924,0.1714082509279251
YHR082C,YBR111W-A,0,-2.4126444,0.09255079180002213,0.17496444284915924,0.17155049741268158
YLR263W,YGR225W,1,-2.41274,0.09323308616876602,0.17638690769672394,0.17155049741268158
YPL194W,YBR160W,1,-2.4130254,0.09391435235738754,0.17780938744544983,0.17155049741268158
YDR213W,YBR135W,0,-2.4136455,0.09384384751319885,0.17780938744544983,0.17169274389743805
YNL299W,YOL023W,0,-2.4137251,0.09377344697713852,0.17780938744544983,0.17183499038219452
YDR213W,YMR059W,0,-2.4137812,0.09370315074920654,0.17780938744544983,0.171977236866951
YLR263W,YGL158W,1,-2.4137952,0.09438202530145645,0.17923186719417572,0.171977236866951
YLR205C,YKR025W,0,-2.4145768,0.09431137889623642,0.17923186719417572,0.17211948335170746
YDL022W,YNL111C,0,-2.4145858,0.09424083679914474,0.17923186719417572,0.17226172983646393
YMR092C,YPL131W,0,-2.4146721,0.09417040646076202,0.17923186719417572,0.1724039763212204
YKL178C,YHR066W,0,-2.4148457,0.09410007297992706,0.17923186719417572,0.17254623770713806
YBR020W,YPL087W,0,-2.415362,0.09402985125780106,0.17923186719417572,0.17268848419189453
YLR116W,YML091C,0,-2.4168205,0.0939597338438034,0.17923186719417572,0.172830730676651
YDR106W,YLR055C,0,-2.4174643,0.09388971328735352,0.17923186719417572,0.17297297716140747
YDR018C,YDR258C,0,-2.4180892,0.09381980448961258,0.17923186719417572,0.17311522364616394
YIL082W-A,YLR116W,0,-2.4181478,0.09375,0.17923186719417572,0.1732574701309204
YEL024W,YDR115W,0,-2.418743,0.09368029981851578,0.17923186719417572,0.17339971661567688
YOR005C,YMR015C,0,-2.4190748,0.09361069649457932,0.17923186719417572,0.17354196310043335
YBR160W,YJL005W,1,-2.4201887,0.09428359568119049,0.18065433204174042,0.17354196310043335
YPR201W,YBR267W,0,-2.4205236,0.09421364963054657,0.18065433204174042,0.17368420958518982
YKL125W,YMR015C,0,-2.4209528,0.094143807888031,0.18065433204174042,0.1738264560699463
YFL011W,YLL003W,0,-2.4218044,0.0940740704536438,0.18065433204174042,0.17396870255470276
YGL194C,YBL009W,1,-2.4222386,0.09474463015794754,0.1820768117904663,0.17396870255470276
YDR216W,YDR404C,0,-2.422317,0.09467455744743347,0.1820768117904663,0.17411094903945923
YDR079C-A,YMR117C,0,-2.4231546,0.09460458159446716,0.1820768117904663,0.1742531955242157
YIR009W,YER053C,0,-2.4236841,0.09453471004962921,0.1820768117904663,0.17439544200897217
YPR191W,YNL172W,0,-2.424436,0.09446494281291962,0.1820768117904663,0.17453768849372864
YGR239C,YCR028C-A,0,-2.4244852,0.09439527988433838,0.1820768117904663,0.1746799498796463
YAL017W,YCR093W,0,-2.4247482,0.0943257212638855,0.1820768117904663,0.17482219636440277
YJL157C,YJL113W,0,-2.4250257,0.09425625950098038,0.1820768117904663,0.17496444284915924
YOR295W,YPL131W,0,-2.4252949,0.09418690204620361,0.1820768117904663,0.1751066893339157
YBR250W,YBL009W,1,-2.426834,0.09485293924808502,0.1834992915391922,0.1751066893339157
YNR023W,YML045W,0,-2.427849,0.0947832465171814,0.1834992915391922,0.17524893581867218
YDR085C,YEL061C,0,-2.4279108,0.09471365809440613,0.1834992915391922,0.17539118230342865
YBR112C,YNL126W,0,-2.4282973,0.09464416652917862,0.1834992915391922,0.17553342878818512
YLR263W,YGL194C,1,-2.4292614,0.09530791640281677,0.1849217712879181,0.17553342878818512
YEL042W,YPR046W,0,-2.4307263,0.095238097012043,0.1849217712879181,0.1756756752729416
YBR020W,YDR398W,0,-2.4314353,0.09516837447881699,0.1849217712879181,0.17581792175769806
YDR065W,YDL043C,0,-2.4329603,0.09509875625371933,0.1849217712879181,0.17596016824245453
YBR170C,YLR224W,0,-2.4330275,0.09502924233675003,0.1849217712879181,0.176102414727211
YNL068C,YDR106W,0,-2.4332936,0.09495982527732849,0.1849217712879181,0.17624466121196747
YPL244C,YDR018C,0,-2.433667,0.09489051252603531,0.1849217712879181,0.17638690769672394
YLR214W,YBR010W,0,-2.4339907,0.09482129663228989,0.1849217712879181,0.1765291541814804
YGR077C,YDR115W,0,-2.4343336,0.09475218504667282,0.1849217712879181,0.17667141556739807
YBR244W,YFL014W,0,-2.4347005,0.09468317776918411,0.1849217712879181,0.17681366205215454
YNL130C,YDR258C,0,-2.4353242,0.09461426734924316,0.1849217712879181,0.176955908536911
YHL022C,YER173W,1,-2.435448,0.0952727273106575,0.1863442361354828,0.176955908536911
YGL175C,YBL009W,1,-2.436167,0.09593023359775543,0.18776671588420868,0.176955908536911
YJL207C,YDR146C,0,-2.4367738,0.0958605632185936,0.18776671588420868,0.17709815502166748
YGR089W,YDR129C,0,-2.4370418,0.09579100459814072,0.18776671588420868,0.17724040150642395
YBR169C,YNL106C,0,-2.4377553,0.095721535384655,0.18776671588420868,0.17738264799118042
YNL021W,YAL054C,0,-2.4379416,0.09565217047929764,0.18776671588420868,0.1775248944759369
YML045W,YEL061C,0,-2.4388764,0.09558290988206863,0.18776671588420868,0.17766714096069336
YFR053C,YDR039C,0,-2.4396112,0.09551374614238739,0.18776671588420868,0.17780938744544983
YPL160W,YPR046W,0,-2.4399543,0.0954446867108345,0.18776671588420868,0.1779516339302063
YNL313C,YOL088C,0,-2.4403193,0.09537572413682938,0.18776671588420868,0.17809388041496277
YIL002C,YMR250W,0,-2.4411907,0.09530685842037201,0.18776671588420868,0.17823612689971924
YOL158C,YDR147W,0,-2.441979,0.095238097012043,0.18776671588420868,0.1783783733844757
YEL032W,YCR089W,0,-2.442569,0.09516943246126175,0.18776671588420868,0.17852061986923218
YDR385W,YPR101W,0,-2.4432456,0.09510086476802826,0.18776671588420868,0.17866286635398865
YDR120C,YLR141W,0,-2.4433415,0.09503239393234253,0.18776671588420868,0.1788051277399063
YFR053C,YML091C,0,-2.4434566,0.09496402740478516,0.18776671588420868,0.17894737422466278
YOR270C,YBR169C,0,-2.4441273,0.09489575773477554,0.18776671588420868,0.17908962070941925
YNL242W,YBR111W-A,0,-2.4450107,0.09482758492231369,0.18776671588420868,0.17923186719417572
YPL196W,YDR182W,0,-2.445616,0.0947595089673996,0.18776671588420868,0.1793741136789322
YLR224W,YOR272W,0,-2.4457319,0.09469153732061386,0.18776671588420868,0.17951636016368866
YDR018C,YGR135W,0,-2.445751,0.09462365508079529,0.18776671588420868,0.17965860664844513
YHR175W,YDR079C-A,0,-2.4461172,0.09455587714910507,0.18776671588420868,0.1798008531332016
YCL033C,YGL044C,0,-2.4468713,0.09448818862438202,0.18776671588420868,0.17994309961795807
YNL088W,YPL121C,1,-2.4474814,0.09513590484857559,0.18918919563293457,0.17994309961795807
YMR280C,YBR118W,0,-2.4484794,0.09506790339946747,0.18918919563293457,0.18008534610271454
YPL196W,YNL107W,0,-2.4493454,0.0949999988079071,0.18918919563293457,0.180227592587471
YJL157C,YBL007C,0,-2.449537,0.0949321910738945,0.18918919563293457,0.18036983907222748
YDR324C,YFL031W,0,-2.4505498,0.09486448019742966,0.18918919563293457,0.18051208555698395
YLR320W,YBR114W,0,-2.450624,0.09479686617851257,0.18918919563293457,0.18065433204174042
YDR263C,YPL131W,0,-2.451317,0.09472934156656265,0.18918919563293457,0.18079659342765808
YLR214W,YGL003C,0,-2.4517574,0.09466192126274109,0.18918919563293457,0.18093883991241455
YKR079C,YGL178W,0,-2.4517658,0.09459459781646729,0.18918919563293457,0.18108108639717102
YHL022C,YNL307C,1,-2.4517734,0.095238097012043,0.19061166048049927,0.18108108639717102
YLR052W,YER053C,0,-2.4518578,0.09517045319080353,0.19061166048049927,0.1812233328819275
YIL023C,YOR056C,0,-2.452148,0.09510290622711182,0.19061166048049927,0.18136557936668396
YHR214C-B,YJR108W,0,-2.453646,0.09503546357154846,0.19061166048049927,0.18150782585144043
YGR247W,YBL009W,1,-2.4540484,0.09567682445049286,0.19203414022922516,0.18150782585144043
YKL081W,YOR295W,0,-2.4541132,0.09560906887054443,0.19203414022922516,0.1816500723361969
YPL256C,YOR208W,0,-2.4551456,0.09554140269756317,0.19203414022922516,0.18179231882095337
YDR503C,YJL133W,0,-2.4563344,0.09547383338212967,0.19203414022922516,0.18193456530570984
YEL032W,YIR033W,0,-2.4582946,0.09540636092424393,0.19203414022922516,0.1820768117904663
YOR245C,YDR213W,0,-2.4594653,0.09533898532390594,0.19203414022922516,0.18221905827522278
YDL223C,YGR278W,0,-2.4602385,0.09527169913053513,0.19203414022922516,0.18236130475997925
YKR050W,YNL007C,0,-2.4602609,0.09520450979471207,0.19203414022922516,0.18250355124473572
YDR432W,YPL115C,0,-2.4606402,0.09513741731643677,0.19203414022922516,0.1826457977294922
YJL207C,YML091C,0,-2.4610765,0.09507042169570923,0.19203414022922516,0.18278804421424866
YOL156W,YDR398W,0,-2.4624114,0.09500351548194885,0.19203414022922516,0.18293030560016632
YGL089C,YBL025W,0,-2.4643252,0.09493670612573624,0.19203414022922516,0.1830725520849228
YDR085C,YBL093C,0,-2.4647455,0.09486999362707138,0.19203414022922516,0.18321479856967926
YDR342C,YNL281W,0,-2.4657168,0.09480337053537369,0.19203414022922516,0.18335704505443573
YLR224W,YGL133W,0,-2.4661114,0.09473684430122375,0.19203414022922516,0.1834992915391922
YLR131C,YER006W,0,-2.4664643,0.09467040747404099,0.19203414022922516,0.18364153802394867
YJL074C,YPL121C,1,-2.4667797,0.09530483186244965,0.19345661997795105,0.18364153802394867
YOR298C-A,YOR377W,0,-2.4674404,0.095238097012043,0.19345661997795105,0.18378378450870514
YGR225W,YBL009W,1,-2.4683897,0.09587123990058899,0.19487908482551575,0.18378378450870514
YBR098W,YGR225W,1,-2.4689877,0.09650349617004395,0.19630156457424164,0.18378378450870514
YHR020W,YIL147C,0,-2.4690306,0.09643606096506119,0.19630156457424164,0.1839260309934616
YJL113W,YOR058C,0,-2.4695327,0.0963687151670456,0.19630156457424164,0.18406827747821808
YBR244W,YNL221C,0,-2.4705431,0.09630146622657776,0.19630156457424164,0.18421052396297455
YER042W,YAR010C,0,-2.470728,0.09623430669307709,0.19630156457424164,0.18435277044773102
YNL197C,YDR213W,0,-2.4712944,0.09616724401712418,0.19630156457424164,0.1844950169324875
YDR283C,YEL027W,0,-2.471632,0.09610027819871902,0.19630156457424164,0.18463726341724396
YOR341W,YDL044C,0,-2.4716876,0.09603340178728104,0.19630156457424164,0.18477950990200043
YGL158W,YOR073W,1,-2.472076,0.09666202962398529,0.19772404432296753,0.18477950990200043
YPL069C,YDR244W,0,-2.4726562,0.09659485518932343,0.19772404432296753,0.1849217712879181
YDL130W-A,YML011C,0,-2.4731534,0.09652777761220932,0.19772404432296753,0.18506401777267456
YDR164C,YDR115W,0,-2.4733865,0.09646078944206238,0.19772404432296753,0.18520626425743103
YLR216C,YOL021C,0,-2.473447,0.0963938981294632,0.19772404432296753,0.1853485107421875
YGL233W,YJL157C,0,-2.474052,0.09632709622383118,0.19772404432296753,0.18549075722694397
YOL077W-A,YLR337C,0,-2.4759817,0.09626039117574692,0.19772404432296753,0.18563300371170044
YER106W,YIR026C,1,-2.4760191,0.0968858152627945,0.19914650917053223,0.18563300371170044
YDR106W,YGR183C,0,-2.4781766,0.09681881219148636,0.19914650917053223,0.1857752501964569
YAL054C,YOR157C,0,-2.478336,0.09675189852714539,0.19914650917053223,0.18591749668121338
YDR359C,YFL011W,0,-2.4784951,0.09668508172035217,0.19914650917053223,0.18605974316596985
YGR188C,YJL012C,0,-2.4796474,0.09661835432052612,0.19914650917053223,0.18620198965072632
YHR067W,YPR041W,0,-2.4799995,0.09655172377824783,0.19914650917053223,0.1863442361354828
YGL243W,YOR377W,0,-2.480683,0.0964851826429367,0.19914650917053223,0.18648648262023926
YGR191W,YER062C,0,-2.481465,0.09641873091459274,0.19914650917053223,0.18662872910499573
YOL158C,YGL243W,0,-2.4834785,0.09635237604379654,0.19914650917053223,0.1867709755897522
YGL089C,YGR089W,0,-2.4837205,0.0962861105799675,0.19914650917053223,0.18691322207450867
YDR379W,YLR092W,0,-2.4837806,0.09621993452310562,0.19914650917053223,0.18705548346042633
YBR250W,YOL090W,1,-2.4846737,0.09684065729379654,0.20056898891925812,0.18705548346042633
YIR025W,YPL121C,1,-2.4847164,0.09746053814888,0.201991468667984,0.18705548346042633
YBR050C,YHR164C,0,-2.4853227,0.0973936915397644,0.201991468667984,0.1871977299451828
YNL313C,YLR135W,0,-2.4854982,0.09732693433761597,0.201991468667984,0.18733997642993927
YBR244W,YKL012W,0,-2.4855988,0.09726027399301529,0.201991468667984,0.18748222291469574
YOR229W,YGL158W,1,-2.485667,0.09787816554307938,0.2034139335155487,0.18748222291469574
YER082C,YDL105W,0,-2.4856756,0.09781121462583542,0.2034139335155487,0.1876244693994522
YML028W,YDR244W,0,-2.4861763,0.09774436056613922,0.2034139335155487,0.18776671588420868
YDR018C,YIL034C,0,-2.4863384,0.09767759591341019,0.2034139335155487,0.18790896236896515
YDR501W,YOR004W,0,-2.4868805,0.09761092066764832,0.2034139335155487,0.18805120885372162
YML073C,YHR067W,0,-2.4880188,0.09754433482885361,0.2034139335155487,0.1881934553384781
YPR046W,YBR267W,0,-2.4885004,0.09747784584760666,0.2034139335155487,0.18833570182323456
YLR224W,YOR034C,0,-2.4892461,0.09741144627332687,0.2034139335155487,0.18847794830799103
YNL307C,YGL194C,1,-2.489454,0.0980258658528328,0.2048364132642746,0.18847794830799103
YBR050C,YPR042C,0,-2.4895704,0.09795918315649033,0.2048364132642746,0.1886201947927475
YMR138W,YMR250W,0,-2.4899638,0.09789258986711502,0.2048364132642746,0.18876244127750397
YDR079C-A,YIR012W,0,-2.4901464,0.09782608598470688,0.2048364132642746,0.18890468776226044
YDR432W,YOR279C,0,-2.491356,0.0977596715092659,0.2048364132642746,0.1890469342470169
YKL125W,YOR377W,0,-2.4926054,0.09769335389137268,0.2048364132642746,0.18918919563293457
YHR062C,YNR072W,0,-2.4930017,0.09762711822986603,0.2048364132642746,0.18933144211769104
YNL313C,YML129C,0,-2.4934838,0.09756097197532654,0.2048364132642746,0.1894736886024475
YER106W,YJL074C,1,-2.4938815,0.09817197173833847,0.2062588930130005,0.1894736886024475
YPL132W,YDR069C,0,-2.4941556,0.0981055498123169,0.2062588930130005,0.18961593508720398
YGL175C,YJL080C,1,-2.4956205,0.09871535003185272,0.20768137276172638,0.18961593508720398
YDR342C,YML019W,0,-2.4982855,0.09864864498376846,0.20768137276172638,0.18975818157196045
YHL022C,YIR025W,1,-2.4985683,0.09925726056098938,0.20910383760929108,0.18975818157196045
YPR030W,YMR117C,0,-2.5001915,0.09919027984142303,0.20910383760929108,0.18990042805671692
YDR432W,YDR512C,0,-2.5002081,0.09912339597940445,0.20910383760929108,0.1900426745414734
YDL154W,YBL009W,1,-2.5007613,0.0997304618358612,0.21052631735801697,0.1900426745414734
YBR244W,YJL012C,0,-2.5008557,0.09966330230236053,0.21052631735801697,0.19018492102622986
YBR265W,YLR214W,0,-2.5012023,0.09959623217582703,0.21052631735801697,0.19032716751098633
YNL307C,YIL132C,1,-2.5015705,0.10020174831151962,0.21194879710674286,0.19032716751098633
YHR067W,YBR155W,0,-2.50185,0.10013440996408463,0.21194879710674286,0.1904694139957428
YNL307C,YBR250W,1,-2.502065,0.10073874890804291,0.21337126195430756,0.1904694139957428
YPL137C,YJL113W,0,-2.5039237,0.10067114233970642,0.21337126195430756,0.19061166048049927
YAL054C,YER155C,0,-2.5044444,0.1006036251783371,0.21337126195430756,0.19075390696525574
YMR270C,YDR283C,0,-2.5045884,0.10053618997335434,0.21337126195430756,0.1908961534500122
YER161C,YGL178W,0,-2.50503,0.10046885162591934,0.21337126195430756,0.19103839993476868
YIR002C,YLR224W,0,-2.5060089,0.1004016101360321,0.21337126195430756,0.19118066132068634
YDL223C,YDR212W,0,-2.5069437,0.10033445060253143,0.21337126195430756,0.1913229078054428
YHR164C,YHR174W,0,-2.5078437,0.10026738047599792,0.21337126195430756,0.19146515429019928
YOR298C-A,YBR257W,0,-2.5083964,0.10020039975643158,0.21337126195430756,0.19160740077495575
YDR342C,YDL212W,0,-2.508704,0.1001335084438324,0.21337126195430756,0.19174964725971222
YAR003W,YMR250W,0,-2.5099795,0.10006671398878098,0.21337126195430756,0.1918918937444687
YNL242W,YOL028C,0,-2.510603,0.10000000149011612,0.21337126195430756,0.19203414022922516
YNR052C,YGR059W,0,-2.5113518,0.09993337839841843,0.21337126195430756,0.19217638671398163
YFL021W,YPR046W,0,-2.5114055,0.0998668447136879,0.21337126195430756,0.1923186331987381
YFL009W,YPL121C,1,-2.512594,0.10046573728322983,0.21479374170303345,0.1923186331987381
YGL089C,YLR110C,0,-2.5140646,0.10039893537759781,0.21479374170303345,0.19246087968349457
YDR306C,YPL146C,0,-2.514591,0.10033222287893295,0.21479374170303345,0.19260312616825104
YPL132W,YBR111W-A,0,-2.5156155,0.10026560723781586,0.21479374170303345,0.1927453726530075
YFR040W,YBR118W,0,-2.5167344,0.10019907355308533,0.21479374170303345,0.19288761913776398
YNL209W,YMR227C,0,-2.5175817,0.10013262927532196,0.21479374170303345,0.19302986562252045
YML045W,YDL143W,0,-2.5178192,0.10006626695394516,0.21479374170303345,0.19317211210727692
YHL022C,YFL009W,1,-2.518975,0.10066225379705429,0.21621622145175934,0.19317211210727692
YER028C,YGR094W,0,-2.5199387,0.1005956307053566,0.21621622145175934,0.19331437349319458
YKR061W,YOR100C,0,-2.5199869,0.10052909702062607,0.21621622145175934,0.19345661997795105
YDR393W,YPR030W,0,-2.520889,0.1004626601934433,0.21621622145175934,0.19359886646270752
YER042W,YPL146C,0,-2.5216877,0.1003962978720665,0.21621622145175934,0.193741112947464
YPR135W,YDR479C,0,-2.521954,0.10033003240823746,0.21621622145175934,0.19388335943222046
YJL063C,YMR015C,0,-2.5232737,0.10026384890079498,0.21621622145175934,0.19402560591697693
YDL132W,YPR186C,0,-2.5235722,0.10019776225090027,0.21621622145175934,0.1941678524017334
YHR152W,YGR247W,1,-2.5241926,0.10079051554203033,0.21763868629932404,0.1941678524017334
YOR168W,YOR317W,0,-2.524333,0.10072416067123413,0.21763868629932404,0.19431009888648987
YDR464W,YMR015C,0,-2.5243475,0.10065789520740509,0.21763868629932404,0.19445234537124634
YDL017W,YCR091W,0,-2.525091,0.10059171915054321,0.21763868629932404,0.1945945918560028
YOL090W,YGR225W,1,-2.5257266,0.10118265450000763,0.21906116604804993,0.1945945918560028
YBR098W,YCR010C,1,-2.5262043,0.10177281498908997,0.22048364579677582,0.1945945918560028
YER106W,YLR263W,1,-2.5263436,0.10236220806837082,0.22190611064434052,0.1945945918560028
YIL139C,YMR280C,0,-2.5265687,0.10229507833719254,0.22190611064434052,0.19473683834075928
YHR165C,YPL231W,0,-2.5272899,0.10222804546356201,0.22190611064434052,0.19487908482551575
YER106W,YIR025W,1,-2.5273514,0.10281597822904587,0.2233285903930664,0.19487908482551575
YLL011W,YJR053W,0,-2.528101,0.10274869203567505,0.2233285903930664,0.19502133131027222
YLR430W,YPL153C,0,-2.5295076,0.1026814877986908,0.2233285903930664,0.1951635777950287
YDR194C,YIL002C,0,-2.5299637,0.1026143804192543,0.2233285903930664,0.19530583918094635
YBR098W,YJL080C,1,-2.5301716,0.1032005250453949,0.2247510701417923,0.19530583918094635
YBL030C,YLR216C,0,-2.530732,0.10313315689563751,0.2247510701417923,0.19544808566570282
YOR386W,YOL028C,0,-2.5312488,0.10306588560342789,0.2247510701417923,0.1955903321504593
YKR035W-A,YHR016C,0,-2.5315168,0.10299869626760483,0.2247510701417923,0.19573257863521576
YIL154C,YDR079C-A,0,-2.5315998,0.10293159633874893,0.2247510701417923,0.19587482511997223
YER053C,YHR107C,0,-2.5320578,0.1028645858168602,0.2247510701417923,0.1960170716047287
YFR040W,YDR263C,0,-2.532335,0.10279765725135803,0.2247510701417923,0.19615931808948517
YDR385W,YPL253C,0,-2.5334356,0.10273081809282303,0.2247510701417923,0.19630156457424164
YER173W,YPL121C,1,-2.5337489,0.10331384092569351,0.226173534989357,0.19630156457424164
YDR384C,YHR031C,0,-2.5340593,0.10324675589799881,0.226173534989357,0.1964438110589981
YNL307C,YLR234W,1,-2.5345938,0.10382868349552155,0.22759601473808289,0.1964438110589981
YMR280C,YNL121C,0,-2.5348165,0.10376135259866714,0.22759601473808289,0.19658605754375458
YOR132W,YDR115W,0,-2.5369184,0.10369410365819931,0.22759601473808289,0.19672830402851105
YHR164C,YNL186W,0,-2.5371768,0.10362694412469864,0.22759601473808289,0.19687055051326752
YMR030W,YMR046C,0,-2.537339,0.10355987399816513,0.22759601473808289,0.197012796998024
YGR059W,YBR010W,0,-2.5374095,0.10349288582801819,0.22759601473808289,0.19715504348278046
YOL097C,YDR018C,0,-2.5375345,0.10342598706483841,0.22759601473808289,0.19729728996753693
YDL020C,YBR020W,0,-2.5379832,0.1033591702580452,0.22759601473808289,0.1974395513534546
YER106W,YJL080C,1,-2.538194,0.103938028216362,0.22901849448680878,0.1974395513534546
YOR116C,YOR156C,0,-2.5385869,0.10387096554040909,0.22901849448680878,0.19758179783821106
YOR193W,YDR449C,0,-2.5390115,0.10380399972200394,0.22901849448680878,0.19772404432296753
YNL313C,YCL004W,0,-2.540006,0.10373711585998535,0.22901849448680878,0.197866290807724
YGL122C,YJR103W,0,-2.5406392,0.10367031395435333,0.22901849448680878,0.19800853729248047
YDR194C,YMR168C,0,-2.5407119,0.10360360145568848,0.22901849448680878,0.19815078377723694
YPL256C,YML098W,0,-2.5412157,0.10353697836399078,0.22901849448680878,0.1982930302619934
YGL194C,YOL090W,1,-2.5414786,0.10411310940980911,0.23044097423553467,0.1982930302619934
YER106W,YPL194W,1,-2.5417576,0.10468850284814835,0.23186343908309937,0.1982930302619934
YDL020C,YCR093W,0,-2.542541,0.10462130606174469,0.23186343908309937,0.19843527674674988
YBR084W,YHR001W-A,0,-2.5426219,0.1045541986823082,0.23186343908309937,0.19857752323150635
YGR094W,YML011C,0,-2.542926,0.10448718070983887,0.23186343908309937,0.19871976971626282
YFL014W,YOR319W,0,-2.54335,0.1044202446937561,0.23186343908309937,0.1988620162010193
YDR065W,YJR017C,0,-2.5435464,0.1043533906340599,0.23186343908309937,0.19900426268577576
YPR164W,YDR244W,0,-2.5438254,0.10428662598133087,0.23186343908309937,0.19914650917053223
YMR051C,YLR368W,0,-2.543945,0.104219950735569,0.23186343908309937,0.1992887556552887
YCR089W,YDR453C,0,-2.5441182,0.1041533574461937,0.23186343908309937,0.19943101704120636
YNL307C,YCR010C,1,-2.544296,0.1047254130244255,0.23328591883182526,0.19943101704120636
YJR108W,YOR056C,0,-2.544552,0.1046585813164711,0.23328591883182526,0.19957326352596283
YOL158C,YBR114W,0,-2.546517,0.10459183901548386,0.23328591883182526,0.1997155100107193
YNL307C,YHR152W,1,-2.5472376,0.10516252368688583,0.23470839858055115,0.1997155100107193
YKL012W,YCR028C-A,0,-2.5476098,0.10509554296731949,0.23470839858055115,0.19985775649547577
YDR479C,YGL243W,0,-2.5488598,0.10502864420413971,0.23470839858055115,0.20000000298023224
YOL088C,YPL146C,0,-2.5511692,0.1049618348479271,0.23470839858055115,0.2001422494649887
YDL231C,YML045W,0,-2.5513375,0.10489510744810104,0.23470839858055115,0.20028449594974518
YMR280C,YKR079C,0,-2.5514877,0.10482846200466156,0.23470839858055115,0.20042674243450165
YNR054C,YMR117C,0,-2.5519018,0.10476190596818924,0.23470839858055115,0.20056898891925812
YLR248W,YCR010C,1,-2.5519254,0.10532994568347931,0.23613086342811584,0.20056898891925812
YOR073W,YPL121C,1,-2.5520587,0.10589727014303207,0.23755334317684174,0.20056898891925812
YOR208W,YER053C,0,-2.5524123,0.10583016276359558,0.23755334317684174,0.2007112354040146
YNL130C,YHR129C,0,-2.5527356,0.10576314479112625,0.23755334317684174,0.20085348188877106
YJR103W,YMR125W,0,-2.552931,0.10569620132446289,0.23755334317684174,0.20099572837352753
YGR006W,YPL087W,0,-2.5529828,0.1056293472647667,0.23755334317684174,0.201137974858284
YDR258C,YLR337C,0,-2.5530643,0.10556258261203766,0.23755334317684174,0.20128022134304047
YNL307C,YDL154W,1,-2.553233,0.10612760484218597,0.23897582292556763,0.20128022134304047
YMR068W,YBR020W,0,-2.553864,0.10606060922145844,0.23897582292556763,0.20142246782779694
YDR194C,YDR106W,0,-2.5546541,0.10599368810653687,0.23897582292556763,0.2015647292137146
YGR170W,YOR298C-A,0,-2.5550086,0.10592685639858246,0.23897582292556763,0.20170697569847107
YDR146C,YPR182W,0,-2.55667,0.10586011409759521,0.23897582292556763,0.20184922218322754
YHL022C,YJL074C,1,-2.5570734,0.10642317682504654,0.24039828777313232,0.20184922218322754
YOR156C,YPR191W,0,-2.55791,0.1063561961054802,0.24039828777313232,0.201991468667984
YIL082W-A,YOR239W,0,-2.5580754,0.10628930479288101,0.24039828777313232,0.20213371515274048
YJL133W,YGL205W,0,-2.558843,0.10622250288724899,0.24039828777313232,0.20227596163749695
YCR002C,YHR066W,0,-2.5590253,0.10615577548742294,0.24039828777313232,0.20241820812225342
YNL242W,YLR224W,0,-2.5599267,0.10608913749456406,0.24039828777313232,0.2025604546070099
YOL011W,YJR031C,0,-2.5603683,0.10602258145809174,0.24039828777313232,0.20270270109176636
YPL196W,YOR317W,0,-2.5603998,0.10595611482858658,0.24039828777313232,0.20284494757652283
YBR177C,YGL178W,0,-2.5609026,0.10588972270488739,0.24039828777313232,0.2029871940612793
YKR061W,YDR235W,0,-2.561093,0.10582341998815536,0.24039828777313232,0.20312944054603577
YOL124C,YDR235W,0,-2.5627987,0.1057571992278099,0.24039828777313232,0.20327168703079224
YJL157C,YLR324W,0,-2.563605,0.10569106042385101,0.24039828777313232,0.2034139335155487
YGR040W,YJL033W,0,-2.5637505,0.10562500357627869,0.24039828777313232,0.20355619490146637
YHR152W,YPL121C,1,-2.5650718,0.10618363320827484,0.24182076752185822,0.20355619490146637
YKL081W,YJR057W,0,-2.5653937,0.1061173528432846,0.24182076752185822,0.20369844138622284
YLR214W,YLR043C,0,-2.566032,0.10605115443468094,0.24182076752185822,0.2038406878709793
YKL178C,YLR214W,0,-2.5667317,0.10598503798246384,0.24182076752185822,0.20398293435573578
YKL166C,YBR114W,0,-2.5669835,0.1059190034866333,0.24182076752185822,0.20412518084049225
YOL158C,YLR368W,0,-2.5670283,0.10585305094718933,0.24182076752185822,0.20426742732524872
YFR055W,YGR129W,0,-2.5679264,0.10578718036413193,0.24182076752185822,0.2044096738100052
YEL061C,YFL031W,0,-2.5681167,0.10572139173746109,0.24182076752185822,0.20455192029476166
YHR148W,YCL033C,0,-2.568411,0.10565568506717682,0.24182076752185822,0.20469416677951813
YIR009W,YMR173W,0,-2.568538,0.10559006035327911,0.24182076752185822,0.2048364132642746
YML102W,YPR042C,0,-2.5687735,0.10552451759576797,0.24182076752185822,0.20497865974903107
YLR276C,YCR002C,0,-2.56878,0.1054590567946434,0.24182076752185822,0.20512090623378754
YLR248W,YGR225W,1,-2.5689867,0.10601364076137543,0.2432432472705841,0.20512090623378754
YHR020W,YPL087W,0,-2.5690036,0.10594795644283295,0.2432432472705841,0.205263152718544
YLR263W,YJL080C,1,-2.569309,0.10650154948234558,0.2446657121181488,0.205263152718544
YGL012W,YER006W,0,-2.5698807,0.10643564164638519,0.2446657121181488,0.20540539920330048
YJL029C,YNL111C,0,-2.5700088,0.10636982321739197,0.2446657121181488,0.20554764568805695
YDL223C,YBR036C,0,-2.5700104,0.10630407929420471,0.2446657121181488,0.2056899070739746
YBR015C,YDR501W,0,-2.5705302,0.10623841732740402,0.2446657121181488,0.20583215355873108
YAR010C,YGR094W,0,-2.571273,0.1061728373169899,0.2446657121181488,0.20597440004348755
YKL178C,YPL217C,0,-2.5718005,0.10610733926296234,0.2446657121181488,0.20611664652824402
YMR250W,YER015W,0,-2.5719125,0.10604192316532135,0.2446657121181488,0.2062588930130005
YBR114W,YCR093W,0,-2.572414,0.10597658902406693,0.2446657121181488,0.20640113949775696
YLR092W,YMR117C,0,-2.5724661,0.10591132938861847,0.2446657121181488,0.20654338598251343
YML110C,YNR054C,0,-2.572848,0.10584615170955658,0.2446657121181488,0.2066856324672699
YOL108C,YMR250W,0,-2.5734024,0.10578105598688126,0.2446657121181488,0.20682787895202637
YNR074C,YER053C,0,-2.574284,0.1057160422205925,0.2446657121181488,0.20697012543678284
YML098W,YBR084W,0,-2.5745463,0.10565110296010971,0.2446657121181488,0.2071123719215393
YDR213W,YIR009W,0,-2.5745475,0.10558624565601349,0.2446657121181488,0.20725461840629578
YNL186W,YBR170C,0,-2.5747163,0.10552147030830383,0.2446657121181488,0.20739686489105225
YDL132W,YIR033W,0,-2.5752225,0.10545677691698074,0.2446657121181488,0.20753911137580872
YER169W,YMR015C,0,-2.5761418,0.10539215803146362,0.2446657121181488,0.20768137276172638
YAL054C,YIL048W,0,-2.5774102,0.10532762110233307,0.2446657121181488,0.20782361924648285
YHL022C,YJL080C,1,-2.577442,0.10587514936923981,0.2460881918668747,0.20782361924648285
YIR002C,YDR115W,0,-2.5774715,0.10581039637327194,0.2460881918668747,0.20796586573123932
YEL027W,YBL025W,0,-2.578287,0.10574571788311005,0.2460881918668747,0.2081081122159958
YLR110C,YLR382C,0,-2.5788279,0.10568112134933472,0.2460881918668747,0.20825035870075226
YMR280C,YDL212W,0,-2.5794065,0.10561660677194595,0.2460881918668747,0.20839260518550873
YBR020W,YCL054W,0,-2.5801227,0.10555216670036316,0.2460881918668747,0.2085348516702652
YHR020W,YCL054W,0,-2.5805123,0.10548780858516693,0.2460881918668747,0.20867709815502167
YKL129C,YDR322C-A,0,-2.5807016,0.10542352497577667,0.2460881918668747,0.20881934463977814
YGL089C,YOR149C,0,-2.5810404,0.10535931587219238,0.2460881918668747,0.2089615911245346
YPR046W,YDR398W,0,-2.5811155,0.10529518872499466,0.2460881918668747,0.20910383760929108
YFR055W,YDR527W,0,-2.5814483,0.1052311435341835,0.2460881918668747,0.20924608409404755
YLR116W,YHR001W-A,0,-2.581741,0.10516717284917831,0.2460881918668747,0.20938833057880402
YPR201W,YNL281W,0,-2.5819485,0.10510328412055969,0.2460881918668747,0.20953057706356049
YLR116W,YPR094W,0,-2.5827453,0.10503946244716644,0.2460881918668747,0.20967282354831696
YGL089C,YLR324W,0,-2.5829308,0.10497573018074036,0.2460881918668747,0.20981508493423462
YOL158C,YOR119C,0,-2.5832398,0.10491206496953964,0.2460881918668747,0.2099573314189911
YOR245C,YMR117C,0,-2.583771,0.1048484817147255,0.2460881918668747,0.21009957790374756
YBR098W,YPL121C,1,-2.5844405,0.10539067536592484,0.24751067161560059,0.21009957790374756
YPR016C,YLR313C,0,-2.5846276,0.10532687604427338,0.24751067161560059,0.21024182438850403
YKL053C-A,YIL034C,0,-2.5853555,0.10526315867900848,0.24751067161560059,0.2103840708732605
YLR263W,YFL009W,1,-2.5863822,0.10580410808324814,0.24893313646316528,0.2103840708732605
YGL089C,YOL016C,0,-2.5872355,0.10574018210172653,0.24893313646316528,0.21052631735801697
YML110C,YKL178C,0,-2.5873177,0.1056763306260109,0.24893313646316528,0.21066856384277344
YGL194C,YBR160W,1,-2.5873325,0.10621605068445206,0.25035563111305237,0.21066856384277344
YGR020C,YGR239C,0,-2.588805,0.1061519905924797,0.25035563111305237,0.2108108103275299
YFR040W,YDR453C,0,-2.5889225,0.10608800500631332,0.25035563111305237,0.21095305681228638
YGR159C,YDR235W,0,-2.5907164,0.10602409392595291,0.25035563111305237,0.21109530329704285
YFL011W,YLR092W,0,-2.590973,0.10596026480197906,0.25035563111305237,0.21123754978179932
YJL207C,YNL093W,0,-2.5909808,0.10589651018381119,0.25035563111305237,0.2113797962665558
YHL022C,YDL154W,1,-2.5917156,0.10643415153026581,0.25177809596061707,0.2113797962665558
YCL004W,YLR438C-A,0,-2.592415,0.10637019574642181,0.25177809596061707,0.21152204275131226
YBR244W,YDR263C,0,-2.59286,0.10630630701780319,0.25177809596061707,0.21166428923606873
YNL093W,YLR430W,0,-2.5928807,0.10624250024557114,0.25177809596061707,0.2118065506219864
YCL033C,YOR295W,0,-2.5932517,0.10617876052856445,0.25177809596061707,0.21194879710674286
YGR159C,YOR334W,0,-2.5934365,0.10611511021852493,0.25177809596061707,0.21209104359149933
YNL214W,YFL031W,0,-2.5935552,0.10605152696371078,0.25177809596061707,0.2122332900762558
YJL080C,YJL005W,1,-2.594466,0.10658682882785797,0.25320056080818176,0.2122332900762558
YAL017W,YDR308C,0,-2.594663,0.10652303695678711,0.25320056080818176,0.21237553656101227
YDR065W,YMR239C,0,-2.5947258,0.10645932704210281,0.25320056080818176,0.21251778304576874
YDR503C,YER001W,0,-2.5963643,0.10639569908380508,0.25320056080818176,0.2126600295305252
YLR319C,YDR453C,0,-2.5967352,0.10633213818073273,0.25320056080818176,0.21280227601528168
YDR088C,YHR016C,0,-2.597624,0.10626865923404694,0.25320056080818176,0.21294452250003815
YGR183C,YPL231W,0,-2.5976608,0.10620524734258652,0.25320056080818176,0.21308676898479462
YMR241W,YDR018C,0,-2.598059,0.10614191740751266,0.25320056080818176,0.2132290154695511
YDL115C,YOR073W,1,-2.5986671,0.10667461156845093,0.25462305545806885,0.2132290154695511
YFR053C,YER159C,0,-2.5991676,0.10661108046770096,0.25462305545806885,0.21337126195430756
YER106W,YBR098W,1,-2.5993724,0.1071428582072258,0.25604552030563354,0.21337126195430756
YHR176W,YML091C,0,-2.6005337,0.10707911849021912,0.25604552030563354,0.21351350843906403
YDR436W,YLR116W,0,-2.6006355,0.107015460729599,0.25604552030563354,0.2136557549238205
YER082C,YEL065W,0,-2.6008816,0.10695187002420425,0.25604552030563354,0.21379800140857697
YMR023C,YFR055W,0,-2.601364,0.10688836127519608,0.25604552030563354,0.21394026279449463
YER106W,YDL154W,1,-2.6013691,0.10741839557886124,0.25746798515319824,0.21394026279449463
YIL154C,YGR089W,0,-2.6015708,0.10735468566417694,0.25746798515319824,0.2140825092792511
YIL002C,YML011C,0,-2.6019542,0.10729105025529861,0.25746798515319824,0.21422475576400757
YPL196W,YBR276C,0,-2.6022458,0.10722748935222626,0.25746798515319824,0.21436700224876404
YGL158W,YCR092C,1,-2.6023085,0.10775607079267502,0.2588904798030853,0.21436700224876404
YOR229W,YJL005W,1,-2.602427,0.10828402638435364,0.26031294465065,0.21436700224876404
YDL115C,YGL158W,1,-2.602682,0.10881135612726212,0.2617354094982147,0.21436700224876404
YER106W,YFL009W,1,-2.6030946,0.10933806002140045,0.2631579041481018,0.21436700224876404
YGL158W,YDL154W,1,-2.603824,0.10986414551734924,0.2645803689956665,0.21436700224876404
YDL231C,YNL242W,0,-2.6047578,0.10979928821325302,0.2645803689956665,0.2145092487335205
YOR008C,YOR317W,0,-2.6048732,0.10973451286554337,0.2645803689956665,0.21465149521827698
YBL030C,YDR270W,0,-2.6053436,0.10966981202363968,0.2645803689956665,0.21479374170303345
YDL223C,YEL061C,0,-2.6058266,0.10960518568754196,0.2645803689956665,0.21493598818778992
YKR061W,YLR324W,0,-2.6060443,0.10954063385725021,0.2645803689956665,0.2150782346725464
YDR384C,YJL048C,0,-2.6078203,0.10947616398334503,0.2645803689956665,0.21522048115730286
YDR088C,YMR173W,0,-2.607927,0.10941176116466522,0.2645803689956665,0.21536272764205933
YIL139C,YOR330C,0,-2.608069,0.10934744030237198,0.2645803689956665,0.2155049741268158
YER026C,YJR053W,0,-2.6084726,0.1092831939458847,0.2645803689956665,0.21564722061157227
YLR006C,YML091C,0,-2.6085682,0.1092190220952034,0.2645803689956665,0.21578946709632874
YJL080C,YGL158W,1,-2.6087844,0.10974178463220596,0.2660028338432312,0.21578946709632874
YIR033W,YDL164C,0,-2.6098375,0.10967741906642914,0.2660028338432312,0.2159317284822464
YDR087C,YPL115C,0,-2.6102338,0.10961312800645828,0.2660028338432312,0.21607397496700287
YPL121C,YDL154W,1,-2.6108315,0.11013473570346832,0.2674253284931183,0.21607397496700287
YNL182C,YGR254W,0,-2.611521,0.11007025837898254,0.2674253284931183,0.21621622145175934
YDR283C,YJL012C,0,-2.6117842,0.11000584810972214,0.2674253284931183,0.2163584679365158
YPL217C,YGL205W,0,-2.611955,0.1099415197968483,0.2674253284931183,0.21650071442127228
YKL178C,YJR049C,0,-2.6128457,0.10987726598978043,0.2674253284931183,0.21664296090602875
YHR069C,YEL065W,0,-2.6138136,0.10981308668851852,0.2674253284931183,0.21678520739078522
YBR250W,YFL009W,1,-2.6138916,0.11033274978399277,0.268847793340683,0.21678520739078522
YEL013W,YML091C,0,-2.614144,0.11026837676763535,0.268847793340683,0.2169274538755417
YGR247W,YCR010C,1,-2.6146395,0.11078717559576035,0.2702702581882477,0.2169274538755417
YNL307C,YJL005W,1,-2.6152942,0.1113053634762764,0.27169275283813477,0.2169274538755417
YIL154C,YLR376C,0,-2.6156838,0.11124053597450256,0.27169275283813477,0.21706970036029816
YGL175C,YFL009W,1,-2.6161196,0.11175785958766937,0.27311521768569946,0.21706970036029816
YIR026C,YPL121C,1,-2.6161299,0.11227457970380783,0.27453768253326416,0.21706970036029816
YPR201W,YLR319C,0,-2.6164806,0.11220930516719818,0.27453768253326416,0.21721194684505463
YFR040W,YKL004W,0,-2.6167266,0.1121441051363945,0.27453768253326416,0.2173541933298111
YLR382C,YBR009C,0,-2.617113,0.11207897961139679,0.27453768253326416,0.21749643981456757
YHR042W,YJR082C,0,-2.6174543,0.11201392859220505,0.27453768253326416,0.21763868629932404
YMR239C,YPR182W,0,-2.6176972,0.11194895952939987,0.27453768253326416,0.2177809327840805
YMR241W,YMR015C,0,-2.6177514,0.11188405752182007,0.27453768253326416,0.21792317926883698
YJL048C,YLR214W,0,-2.618017,0.11181923747062683,0.27453768253326416,0.21806544065475464
YGL246C,YKR101W,0,-2.6194773,0.11175448447465897,0.27453768253326416,0.2182076871395111
YLR276C,YNR072W,0,-2.6196377,0.11168981343507767,0.27453768253326416,0.21834993362426758
YOR008C,YGR188C,0,-2.619868,0.11162521690130234,0.27453768253326416,0.21849218010902405
YMR092C,YLR115W,0,-2.6202018,0.11156069487333298,0.27453768253326416,0.21863442659378052
YOR116C,YFL031W,0,-2.6207907,0.11149624735116959,0.27453768253326416,0.218776673078537
YIL154C,YLR092W,0,-2.6212754,0.11143187433481216,0.27453768253326416,0.21891891956329346
YLR224W,YPR008W,0,-2.621438,0.11136756837368011,0.27453768253326416,0.21906116604804993
YCL025C,YGL205W,0,-2.6215527,0.11130334436893463,0.27453768253326416,0.2192034125328064
YIL154C,YMR138W,0,-2.6226315,0.11123919486999512,0.27453768253326416,0.21934565901756287
YIR026C,YER173W,1,-2.6226943,0.11175115406513214,0.27596017718315125,0.21934565901756287
YBR050C,YDL170W,0,-2.62295,0.1116868183016777,0.27596017718315125,0.21948790550231934
YGR159C,YNL261W,0,-2.6232321,0.11162255704402924,0.27596017718315125,0.2196301519870758
YGL194C,YGL158W,1,-2.623259,0.11213341355323792,0.27738264203071594,0.2196301519870758
YDR449C,YPL137C,0,-2.6238644,0.11206896603107452,0.27738264203071594,0.21977239847183228
YFR055W,YBR015C,0,-2.623939,0.1120045930147171,0.27738264203071594,0.21991464495658875
YBL025W,YPR041W,0,-2.6247122,0.11194030195474625,0.27738264203071594,0.2200569063425064
YOL077W-A,YDR394W,0,-2.6248786,0.11187607795000076,0.27738264203071594,0.22019915282726288
YPR201W,YOR330C,0,-2.6252968,0.11181192845106125,0.27738264203071594,0.22034139931201935
YER035W,YOL045W,0,-2.6254098,0.1117478534579277,0.27738264203071594,0.22048364579677582
YGR059W,YDR284C,0,-2.626026,0.11168384552001953,0.27738264203071594,0.2206258922815323
YFR028C,YBR114W,0,-2.626673,0.11161991953849792,0.27738264203071594,0.22076813876628876
YPR057W,YOL121C,0,-2.626846,0.11155606061220169,0.27738264203071594,0.22091038525104523
YGL194C,YLR248W,1,-2.6271365,0.11206403374671936,0.27880510687828064,0.22091038525104523
YDR324C,YLR320W,0,-2.6273186,0.1120000034570694,0.27880510687828064,0.2210526317358017
YKL081W,YPR101W,0,-2.6273377,0.1119360402226448,0.27880510687828064,0.22119487822055817
YGR159C,YPR101W,0,-2.6283789,0.11187214404344559,0.27880510687828064,0.22133712470531464
YPL192C,YKL188C,0,-2.6285021,0.11180832982063293,0.27880510687828064,0.2214793711900711
YBR250W,YLR248W,1,-2.6294003,0.11231470853090286,0.2802276015281677,0.2214793711900711
YDL231C,YLR224W,0,-2.629594,0.11225071549415588,0.2802276015281677,0.22162161767482758
YNL222W,YDR059C,0,-2.6302817,0.11218678951263428,0.2802276015281677,0.22176386415958405
YBR265W,YMR250W,0,-2.6304786,0.11212293803691864,0.2802276015281677,0.22190611064434052
YGR202C,YPR094W,0,-2.6312711,0.11205916106700897,0.2802276015281677,0.22204835712909698
YDR503C,YDL043C,0,-2.631736,0.11199545115232468,0.2802276015281677,0.22219061851501465
YLR052W,YGL012W,0,-2.6320002,0.11193181574344635,0.2802276015281677,0.22233286499977112
YDR463W,YDR432W,0,-2.6320128,0.11186825484037399,0.2802276015281677,0.2224751114845276
YOL089C,YCL033C,0,-2.632058,0.1118047684431076,0.2802276015281677,0.22261735796928406
YDR484W,YCR028C-A,0,-2.632406,0.11174134910106659,0.2802276015281677,0.22275960445404053
YGR002C,YDL130W-A,0,-2.6324184,0.11167800426483154,0.2802276015281677,0.222901850938797
YIL002C,YDL130W-A,0,-2.6330647,0.11161473393440247,0.2802276015281677,0.22304409742355347
YIR025W,YOL090W,1,-2.6341612,0.11211778223514557,0.2816500663757324,0.22304409742355347
YDR065W,YBL052C,0,-2.6349378,0.11205433309078217,0.2816500663757324,0.22318634390830994
YPL069C,YOR298C-A,0,-2.6351764,0.11199095100164413,0.2816500663757324,0.2233285903930664
YFL011W,YGR089W,0,-2.6354444,0.11192764341831207,0.2816500663757324,0.22347083687782288
YCR081W,YDR384C,0,-2.6356585,0.11186441034078598,0.2816500663757324,0.22361308336257935
YLR117C,YDL216C,0,-2.635862,0.11180124431848526,0.2816500663757324,0.22375532984733582
YNR074C,YLR033W,0,-2.6363034,0.11173814535140991,0.2816500663757324,0.22389757633209229
YLR131C,YDR393W,0,-2.6369474,0.11167512834072113,0.2816500663757324,0.22403982281684875
YDR436W,YNL186W,0,-2.6370664,0.11161217838525772,0.2816500663757324,0.22418208420276642
YDR213W,YGR156W,0,-2.63712,0.11154929548501968,0.2816500663757324,0.2243243306875229
YNL218W,YNL209W,0,-2.6381764,0.11148648709058762,0.2816500663757324,0.22446657717227936
YDR106W,YPL178W,0,-2.6381824,0.11142374575138092,0.2816500663757324,0.22460882365703583
YDR270W,YDR258C,0,-2.6386335,0.1113610789179802,0.2816500663757324,0.2247510701417923
YKL053C-A,YJR031C,0,-2.6392019,0.11129847913980484,0.2816500663757324,0.22489331662654877
YLR263W,YBR098W,1,-2.639721,0.1117977499961853,0.2830725610256195,0.22489331662654877
YPL194W,YBL009W,1,-2.639806,0.112296462059021,0.2844950258731842,0.22489331662654877
YNL307C,YGL175C,1,-2.6401622,0.11279461532831192,0.2859174907207489,0.22489331662654877
YGL122C,YNL222W,0,-2.6410325,0.11273135244846344,0.2859174907207489,0.22503556311130524
YBR118W,YDL164C,0,-2.6418657,0.11266816407442093,0.2859174907207489,0.2251778095960617
YGL194C,YGR225W,1,-2.6426334,0.11316526681184769,0.287339985370636,0.2251778095960617
YIL034C,YDR464W,0,-2.6448014,0.11310190707445145,0.287339985370636,0.22532005608081818
YHR152W,YGL194C,1,-2.6450727,0.11359821259975433,0.2887624502182007,0.22532005608081818
YNL197C,YBR169C,0,-2.6460776,0.11353467404842377,0.2887624502182007,0.22546230256557465
YHL006C,YIL017C,0,-2.6461108,0.11347121000289917,0.2887624502182007,0.22560454905033112
YDL044C,YHR042W,0,-2.646845,0.11340782046318054,0.2887624502182007,0.22574679553508759
YPL256C,YMR173W,0,-2.6481571,0.11334449797868729,0.2887624502182007,0.22588904201984406
YLR263W,YLR234W,1,-2.648389,0.1138392835855484,0.2901849150657654,0.22588904201984406
YGL246C,YOR204W,0,-2.649346,0.11377579718828201,0.2901849150657654,0.22603128850460052
YLR234W,YBL009W,1,-2.6496794,0.11426978558301926,0.29160740971565247,0.22603128850460052
YEL065W,YMR025W,0,-2.649681,0.11420612782239914,0.29160740971565247,0.226173534989357
YLR324W,YML091C,0,-2.6502025,0.1141425371170044,0.29160740971565247,0.22631579637527466
YIR026C,YGR247W,1,-2.651149,0.11463550478219986,0.29302987456321716,0.22631579637527466
YDR503C,YJR007W,0,-2.652326,0.11457174271345139,0.29302987456321716,0.22645804286003113
YDR079C-A,YHR073W,0,-2.6523807,0.11450806260108948,0.29302987456321716,0.2266002893447876
YML129C,YFL014W,0,-2.6524565,0.11444444209337234,0.29302987456321716,0.22674253582954407
YGR059W,YFL031W,0,-2.6525993,0.11438089609146118,0.29302987456321716,0.22688478231430054
YBR199W,YGR006W,0,-2.6530168,0.11431742459535599,0.29302987456321716,0.227027028799057
YPR075C,YLR430W,0,-2.6533937,0.11425402015447617,0.29302987456321716,0.22716927528381348
YAL054C,YBR177C,0,-2.6534853,0.11419069021940231,0.29302987456321716,0.22731152176856995
YLR135W,YCR028C-A,0,-2.653653,0.11412742733955383,0.29302987456321716,0.22745376825332642
YJL146W,YPL121C,1,-2.6544309,0.11461794376373291,0.29445233941078186,0.22745376825332642
YJR053W,YIL017C,0,-2.654524,0.1145545095205307,0.29445233941078186,0.22759601473808289
YJL080C,YOL090W,1,-2.6548707,0.1150442510843277,0.29587483406066895,0.22759601473808289
YJL157C,YNL039W,0,-2.655526,0.11498065292835236,0.29587483406066895,0.22773826122283936
YLR234W,YHR152W,1,-2.655735,0.11546961218118668,0.29729729890823364,0.22773826122283936
YNR074C,YLR313C,0,-2.6561387,0.1154058501124382,0.29729729890823364,0.22788050770759583
YPL192C,YPR041W,0,-2.6562233,0.1153421625494957,0.29729729890823364,0.2280227541923523
YEL065W,YMR117C,0,-2.656647,0.11527854204177856,0.29729729890823364,0.22816500067710876
YNL207W,YOL158C,0,-2.657183,0.1152149960398674,0.29729729890823364,0.22830726206302643
YKL049C,YOR377W,0,-2.6572273,0.11515151709318161,0.29729729890823364,0.2284495085477829
YLR216C,YOL077W-A,0,-2.6581132,0.11508810520172119,0.29729729890823364,0.22859175503253937
YHR012W,YPL231W,0,-2.6584458,0.11502476781606674,0.29729729890823364,0.22873400151729584
YJL048C,YNL267W,0,-2.6602423,0.11496149748563766,0.29729729890823364,0.2288762480020523
YOL158C,YCR065W,0,-2.6604517,0.11489829421043396,0.29729729890823364,0.22901849448680878
YGL158W,YJL005W,1,-2.6607382,0.11538461595773697,0.29871976375579834,0.22901849448680878
YOL158C,YML094W,0,-2.6613533,0.11532124876976013,0.29871976375579834,0.22916074097156525
YPR049C,YGL053W,0,-2.6622117,0.11525795608758926,0.29871976375579834,0.22930298745632172
YFL021W,YLR115W,0,-2.6623032,0.11519473046064377,0.29871976375579834,0.22944523394107819
YHR152W,YGR225W,1,-2.6623924,0.11567982286214828,0.3001422584056854,0.22944523394107819
YGL175C,YGL194C,1,-2.6625104,0.11616438627243042,0.3015647232532501,0.22944523394107819
YDR503C,YNL173C,0,-2.6625507,0.11610076576471329,0.3015647232532501,0.22958748042583466
YGL233W,YDL022W,0,-2.662626,0.11603721976280212,0.3015647232532501,0.22972972691059113
YCR010C,YBL009W,1,-2.6627443,0.11652078479528427,0.3029871881008148,0.22972972691059113
YFL014W,YBR079C,0,-2.6643457,0.11645708233118057,0.3029871881008148,0.2298719733953476
YDR194C,YGR188C,0,-2.6644924,0.11639343947172165,0.3029871881008148,0.23001421988010406
YDR146C,YPR113W,0,-2.664725,0.1163298711180687,0.3029871881008148,0.23015646636486053
YIL139C,YGR048W,0,-2.6649833,0.11626637727022171,0.3029871881008148,0.230298712849617
YGR129W,YDR216W,0,-2.6658702,0.1162029430270195,0.3029871881008148,0.23044097423553467
YOR116C,YIL023C,0,-2.6659126,0.11613958328962326,0.3029871881008148,0.23058322072029114
YCR091W,YHR073W,0,-2.6665163,0.11607629060745239,0.3029871881008148,0.2307254672050476
YKR042W,YMR179W,0,-2.6672223,0.1160130724310875,0.3029871881008148,0.23086771368980408
YOL158C,YGL246C,0,-2.6691258,0.11594992130994797,0.3029871881008148,0.23100996017456055
YHR165C,YDR258C,0,-2.6692488,0.11588682979345322,0.3029871881008148,0.23115220665931702
YPR135W,YLR337C,0,-2.669427,0.11582382023334503,0.3029871881008148,0.2312944531440735
YIR033W,YAL059W,0,-2.6699955,0.11576087027788162,0.3029871881008148,0.23143669962882996
YGL175C,YLR248W,1,-2.6712255,0.11624117195606232,0.3044096827507019,0.23143669962882996
YIL139C,YER169W,0,-2.672066,0.11617806553840637,0.3044096827507019,0.23157894611358643
YNL242W,YOR377W,0,-2.6721509,0.1161150261759758,0.3044096827507019,0.2317211925983429
YDR479C,YNR052C,0,-2.6723382,0.1160520613193512,0.3044096827507019,0.23186343908309937
YMR092C,YLR055C,0,-2.672609,0.11598916351795197,0.3044096827507019,0.23200568556785583
YPR201W,YJR082C,0,-2.6727383,0.11592632532119751,0.3044096827507019,0.2321479320526123
YKL053C-A,YGR156W,0,-2.673566,0.11586356163024902,0.3044096827507019,0.23229017853736877
YLR116W,YDL105W,0,-2.6740093,0.11580086499452591,0.3044096827507019,0.23243242502212524
YLR032W,YOR298C-A,0,-2.6740732,0.11573823541402817,0.3044096827507019,0.2325746864080429
YNL313C,YMR250W,0,-2.6746478,0.1156756728887558,0.3044096827507019,0.23271693289279938
YDR106W,YJL111W,0,-2.674777,0.1156131848692894,0.3044096827507019,0.23285917937755585
YOL158C,YHR205W,0,-2.6752336,0.11555075645446777,0.3044096827507019,0.23300142586231232
YDL017W,YDR079C-A,0,-2.675263,0.11548839509487152,0.3044096827507019,0.2331436723470688
YNR074C,YDR404C,0,-2.6755245,0.11542610824108124,0.3044096827507019,0.23328591883182526
YDR423C,YGL044C,0,-2.676084,0.11536388099193573,0.3044096827507019,0.23342816531658173
YML091C,YDR331W,0,-2.6763163,0.1153017207980156,0.3044096827507019,0.2335704118013382
YFL021W,YNL036W,0,-2.6765778,0.11523963510990143,0.3044096827507019,0.23371265828609467
YLR430W,YIR033W,0,-2.6771114,0.11517760902643204,0.3044096827507019,0.23385490477085114
YCL004W,YDR398W,0,-2.6774333,0.11511564999818802,0.3044096827507019,0.2339971512556076
YDR302W,YJL033W,0,-2.6778524,0.11505376547574997,0.3044096827507019,0.23413939774036407
YBR066C,YDR039C,0,-2.6778815,0.1149919405579567,0.3044096827507019,0.23428164422512054
YIL017C,YIR015W,0,-2.6783273,0.1149301826953888,0.3044096827507019,0.23442389070987701
YNL127W,YIL031W,0,-2.6789625,0.11486849188804626,0.3044096827507019,0.23456615209579468
YJR108W,YNL232W,0,-2.679179,0.11480686813592911,0.3044096827507019,0.23470839858055115
YLL011W,YDL170W,0,-2.6793473,0.11474531143903732,0.3044096827507019,0.23485064506530762
YHR174W,YFL011W,0,-2.6795692,0.11468381434679031,0.3044096827507019,0.2349928915500641
YPL194W,YCR092C,1,-2.6798503,0.11515800654888153,0.3058321475982666,0.2349928915500641
YLR221C,YNL214W,0,-2.6807601,0.11509636044502258,0.3058321475982666,0.23513513803482056
YLR131C,YHR175W,0,-2.6815913,0.11503478139638901,0.3058321475982666,0.23527738451957703
YER106W,YGL194C,1,-2.6817567,0.11550801992416382,0.3072546124458313,0.23527738451957703
YMR241W,YLR205C,0,-2.6819308,0.11544628441333771,0.3072546124458313,0.2354196310043335
YPL194W,YOL090W,1,-2.6824775,0.11591880023479462,0.3086771070957184,0.2354196310043335
YHR085W,YHR067W,0,-2.683575,0.11585691571235657,0.3086771070957184,0.23556187748908997
YNL209W,YDL164C,0,-2.6838703,0.1157950907945633,0.3086771070957184,0.23570412397384644
YJL048C,YLR052W,0,-2.685615,0.11573333293199539,0.3086771070957184,0.2358463704586029
YJL183W,YMR059W,0,-2.6861331,0.11567164212465286,0.3086771070957184,0.23598861694335938
YDR106W,YOR295W,0,-2.6865294,0.1156100183725357,0.3086771070957184,0.23613086342811584
YML019W,YGR239C,0,-2.6870003,0.11554845422506332,0.3086771070957184,0.23627310991287231
YGL205W,YOL016C,0,-2.687148,0.11548696458339691,0.3086771070957184,0.23641535639762878
YNL007C,YOR004W,0,-2.687504,0.11542553454637527,0.3086771070957184,0.23655760288238525
YPR075C,YOR148C,0,-2.6888225,0.11536417156457901,0.3086771070957184,0.23669986426830292
YHL022C,YNL088W,1,-2.6889572,0.11583422124385834,0.3100995719432831,0.23669986426830292
YOR279C,YCL025C,0,-2.6889892,0.11577270179986954,0.3100995719432831,0.2368421107530594
YJL207C,YHR031C,0,-2.6890433,0.11571124941110611,0.3100995719432831,0.23698435723781586
YAL017W,YFR005C,0,-2.6891253,0.11564986407756805,0.3100995719432831,0.23712660372257233
YMR138W,YDR385W,0,-2.689212,0.11558854579925537,0.3100995719432831,0.2372688502073288
YDR283C,YNL214W,0,-2.6892903,0.11552729457616806,0.3100995719432831,0.23741109669208527
YNL307C,YGR225W,1,-2.6893485,0.11599576473236084,0.3115220367908478,0.23741109669208527
YJR143C,YMR287C,0,-2.6902218,0.115934357047081,0.3115220367908478,0.23755334317684174
YNL021W,YDR479C,0,-2.6902864,0.11587301641702652,0.3115220367908478,0.2376955896615982
YBR244W,YFR040W,0,-2.6910465,0.11581174284219742,0.3115220367908478,0.23783783614635468
YMR280C,YKL081W,0,-2.6925771,0.11575052887201309,0.3115220367908478,0.23798008263111115
YJL048C,YJL076W,0,-2.6930454,0.11568938195705414,0.3115220367908478,0.23812232911586761
YKR061W,YGL205W,0,-2.6931446,0.11562830209732056,0.3115220367908478,0.23826457560062408
YML073C,YCL025C,0,-2.6931503,0.11556728184223175,0.3115220367908478,0.23840682208538055
YIR026C,YBR160W,1,-2.6936738,0.11603375524282455,0.31294453144073486,0.23840682208538055
YNL135C,YDR244W,0,-2.6939266,0.11597258597612381,0.31294453144073486,0.23854906857013702
YNL121C,YNL111C,0,-2.694104,0.11591148376464844,0.31294453144073486,0.2386913299560547
YML034W,YDR106W,0,-2.6942174,0.11585044860839844,0.31294453144073486,0.23883357644081116
YOL124C,YBL025W,0,-2.6951182,0.11578947305679321,0.31294453144073486,0.23897582292556763
YDR085C,YER123W,0,-2.695121,0.11572856456041336,0.31294453144073486,0.2391180694103241
YNL021W,YDR244W,0,-2.6952083,0.11566771566867828,0.31294453144073486,0.23926031589508057
YLR234W,YBR160W,1,-2.6952333,0.11613242328166962,0.31436699628829956,0.23926031589508057
YGL246C,YNL242W,0,-2.6955583,0.1160714253783226,0.31436699628829956,0.23940256237983704
YIL139C,YLR006C,0,-2.696399,0.11601050198078156,0.31436699628829956,0.2395448088645935
YNL283C,YIR002C,0,-2.6965559,0.11594963073730469,0.31436699628829956,0.23968705534934998
YPR201W,YLR176C,0,-2.6970842,0.11588883399963379,0.31436699628829956,0.23982930183410645
YDR398W,YPL253C,0,-2.6973097,0.11582808941602707,0.31436699628829956,0.23997154831886292
YDR361C,YOR298C-A,0,-2.6977913,0.11576741933822632,0.31436699628829956,0.24011379480361938
YPL167C,YIL002C,0,-2.697911,0.11570680886507034,0.31436699628829956,0.24025604128837585
YHR069C,YLR214W,0,-2.698303,0.11564625799655914,0.31436699628829956,0.24039828777313232
YMR235C,YMR168C,0,-2.69861,0.11558577418327332,0.31436699628829956,0.2405405342578888
YNL182C,YPR182W,0,-2.6987574,0.11552534997463226,0.31436699628829956,0.24068278074264526
YGR257C,YDR263C,0,-2.698891,0.11546499282121658,0.31436699628829956,0.24082504212856293
YOR341W,YGL178W,0,-2.699415,0.11540470272302628,0.31436699628829956,0.2409672886133194
YPR101W,YIR033W,0,-2.699517,0.11534446477890015,0.31436699628829956,0.24110953509807587
YHR082C,YFL002C,0,-2.6997,0.11528430134057999,0.31436699628829956,0.24125178158283234
YGL122C,YIL034C,0,-2.700262,0.115224190056324,0.31436699628829956,0.2413940280675888
YFR040W,YER126C,0,-2.7006385,0.1151641458272934,0.31436699628829956,0.24153627455234528
YHR152W,YOL090W,1,-2.7007074,0.11562500149011612,0.31578946113586426,0.24153627455234528
YER035W,YAR003W,0,-2.7010472,0.11556480824947357,0.31578946113586426,0.24167852103710175
YDR283C,YDR331W,0,-2.7019253,0.1155046820640564,0.31578946113586426,0.24182076752185822
YEL027W,YNL036W,0,-2.701954,0.115444615483284,0.31578946113586426,0.24196301400661469
YLR092W,YDR129C,0,-2.7033432,0.11538461595773697,0.31578946113586426,0.24210526049137115
YML115C,YMR173W,0,-2.7036564,0.11532467603683472,0.31578946113586426,0.24224750697612762
YGR254W,YDR106W,0,-2.7041502,0.11526479572057724,0.31578946113586426,0.2423897534608841
YLR430W,YOR208W,0,-2.7047493,0.11520498245954514,0.31578946113586426,0.24253199994564056
YBR112C,YMR173W,0,-2.704858,0.1151452288031578,0.31578946113586426,0.24267424643039703
YHL022C,YOR229W,1,-2.7054813,0.11560393869876862,0.31721195578575134,0.24267424643039703
YPL132W,YIL031W,0,-2.705908,0.11554404348134995,0.31721195578575134,0.2428165078163147
YIL154C,YOR148C,0,-2.7066734,0.11548420786857605,0.31721195578575134,0.24295875430107117
YKR042W,YER053C,0,-2.7067626,0.11542443186044693,0.31721195578575134,0.24310100078582764
YHR165C,YNL036W,0,-2.7075474,0.11536471545696259,0.31721195578575134,0.2432432472705841
YHR175W,YLR276C,0,-2.7092507,0.11530506610870361,0.31721195578575134,0.24338549375534058
YDL115C,YBL009W,1,-2.7102158,0.11576227098703384,0.31863442063331604,0.24338549375534058
YFR040W,YGL044C,0,-2.710348,0.11570248007774353,0.31863442063331604,0.24352774024009705
YPR191W,YDR235W,0,-2.7105815,0.11564274877309799,0.31863442063331604,0.24366998672485352
YDR213W,YDR422C,0,-2.7110894,0.11558307707309723,0.31863442063331604,0.24381223320960999
YIL154C,YDL024C,0,-2.7111173,0.11552346497774124,0.31863442063331604,0.24395447969436646
YGL175C,YIR026C,1,-2.7112277,0.1159793809056282,0.32005688548088074,0.24395447969436646
YDR432W,YKL140W,0,-2.711394,0.11591962724924088,0.32005688548088074,0.24409672617912292
YFL002C,YOR298C-A,0,-2.7116306,0.11585994064807892,0.32005688548088074,0.2442389726638794
YBR020W,YDR423C,0,-2.7117782,0.11580030620098114,0.32005688548088074,0.24438121914863586
YDL147W,YLR092W,0,-2.7125244,0.11574073880910873,0.32005688548088074,0.24452346563339233
YAL054C,YNR054C,0,-2.7127964,0.1156812310218811,0.32005688548088074,0.2446657121181488
YML080W,YER042W,0,-2.7128494,0.11562179028987885,0.32005688548088074,0.24480795860290527
YHR152W,YBL009W,1,-2.7129853,0.1160760149359703,0.3214793801307678,0.24480795860290527
YKL178C,YLR032W,0,-2.7132585,0.11601642519235611,0.3214793801307678,0.24495021998882294
YDR146C,YFR040W,0,-2.713825,0.11595690250396729,0.3214793801307678,0.2450924664735794
YOR341W,YOR377W,0,-2.714096,0.11589743942022324,0.3214793801307678,0.24523471295833588
YHR020W,YER126C,0,-2.7145817,0.11583802849054337,0.3214793801307678,0.24537695944309235
YHR067W,YJL012C,0,-2.7148902,0.11577869206666946,0.3214793801307678,0.24551920592784882
YMR280C,YPR113W,0,-2.716232,0.11571940779685974,0.3214793801307678,0.24566145241260529
YAL054C,YDL132W,0,-2.7164047,0.1156601831316948,0.3214793801307678,0.24580369889736176
YCL025C,YOL045W,0,-2.7168925,0.11560102552175522,0.3214793801307678,0.24594594538211823
YHR164C,YMR280C,0,-2.7171812,0.11554192006587982,0.3214793801307678,0.2460881918668747
YLR092W,YDR484W,0,-2.7173126,0.1154828816652298,0.3214793801307678,0.24623043835163116
YOR005C,YHR174W,0,-2.7177002,0.11542390286922455,0.3214793801307678,0.24637268483638763
YLR116W,YJL183W,0,-2.7188482,0.11536498367786407,0.3214793801307678,0.2465149313211441
YKL188C,YGR003W,0,-2.7191317,0.11530612409114838,0.3214793801307678,0.24665717780590057
YHR164C,YOL011W,0,-2.7197144,0.11524732410907745,0.3214793801307678,0.24679942429065704
YMR015C,YER015W,0,-2.72004,0.1151885837316513,0.3214793801307678,0.2469416856765747
YPL256C,YBL052C,0,-2.720378,0.11512990295886993,0.3214793801307678,0.24708393216133118
YMR298W,YOR127W,0,-2.7207384,0.11507128179073334,0.3214793801307678,0.24722617864608765
YBR098W,YOL090W,1,-2.7211845,0.1155216321349144,0.3229018449783325,0.24722617864608765
YGR247W,YBR160W,1,-2.721291,0.11597151309251785,0.3243243098258972,0.24722617864608765
YGL194C,YJL074C,1,-2.7219975,0.11642094701528549,0.3257468044757843,0.24722617864608765
YER123W,YNL172W,0,-2.7222235,0.11636178940534592,0.3257468044757843,0.24736842513084412
YMR030W,YBR112C,0,-2.7232287,0.11630269140005112,0.3257468044757843,0.24751067161560059
YFL009W,YGL158W,1,-2.7233198,0.11675126850605011,0.327169269323349,0.24751067161560059
YLR234W,YGR225W,1,-2.7236,0.11719939112663269,0.3285917639732361,0.24751067161560059
YNL127W,YCL033C,0,-2.723787,0.11713995784521103,0.3285917639732361,0.24765291810035706
YJL157C,YML008C,0,-2.7241933,0.11708059161901474,0.3285917639732361,0.24779516458511353
YIL049W,YKL081W,0,-2.724881,0.11702127754688263,0.3285917639732361,0.24793741106987
YGR202C,YIL002C,0,-2.7258322,0.1169620230793953,0.3285917639732361,0.24807965755462646
YKL049C,YDR216W,0,-2.7267296,0.11690283566713333,0.3285917639732361,0.24822190403938293
YNL313C,YOR056C,0,-2.7268863,0.11684370040893555,0.3285917639732361,0.2483641505241394
YNL221C,YML073C,0,-2.7279303,0.11678463220596313,0.3285917639732361,0.24850639700889587
YLL034C,YMR280C,0,-2.728347,0.1167256161570549,0.3285917639732361,0.24864864349365234
YOL090W,YCR010C,1,-2.7283683,0.11717171967029572,0.3300142288208008,0.24864864349365234
YDR079C-A,YDR404C,0,-2.7288394,0.11711256951093674,0.3300142288208008,0.2487908899784088
YCR092C,YPL121C,1,-2.7295637,0.11755802482366562,0.3314366936683655,0.2487908899784088
YFL014W,YPL119C,0,-2.730127,0.1174987405538559,0.3314366936683655,0.24893313646316528
YLR131C,YBR172C,0,-2.7304857,0.11743951588869095,0.3314366936683655,0.24907539784908295
YPR030W,YDR235W,0,-2.7310321,0.11738035082817078,0.3314366936683655,0.24921764433383942
YDR216W,YMR168C,0,-2.7312214,0.11732124537229538,0.3314366936683655,0.2493598908185959
YDR213W,YBR182C,0,-2.7314374,0.11726220697164536,0.3314366936683655,0.24950213730335236
YGL089C,YPL132W,0,-2.731997,0.11720322072505951,0.3314366936683655,0.24964438378810883
YOR319W,YOR100C,0,-2.7321084,0.11714429408311844,0.3314366936683655,0.2497866302728653
YHR148W,YIL002C,0,-2.732972,0.11708542704582214,0.3314366936683655,0.24992887675762177
YGR159C,YJR031C,0,-2.7338254,0.11702661961317062,0.3314366936683655,0.25007113814353943
YDR385W,YPL087W,0,-2.7338426,0.11696787178516388,0.3314366936683655,0.2502133846282959
YGR123C,YGR156W,0,-2.7339368,0.11690918356180191,0.3314366936683655,0.25035563111305237
YDR039C,YMR162C,0,-2.7344956,0.11685055494308472,0.3314366936683655,0.25049787759780884
YIL115C,YGL205W,0,-2.7346823,0.1167919784784317,0.3314366936683655,0.2506401240825653
YPL217C,YGL127C,0,-2.7347562,0.11673346906900406,0.3314366936683655,0.2507823705673218
YPR113W,YLR313C,0,-2.7355206,0.1166750118136406,0.3314366936683655,0.25092461705207825
YNL207W,YOR298C-A,0,-2.7355578,0.1166166141629219,0.3314366936683655,0.2510668635368347
YNL298W,YML008C,0,-2.7357504,0.11655827611684799,0.3314366936683655,0.2512091100215912
YIL154C,YPL132W,0,-2.7357738,0.11649999767541885,0.3314366936683655,0.25135135650634766
YIL154C,YGR072W,0,-2.7366931,0.11644177883863449,0.3314366936683655,0.2514936029911041
YBR250W,YCR010C,1,-2.7371624,0.11688311398029327,0.33285918831825256,0.2514936029911041
YHL022C,YCR010C,1,-2.7382364,0.11732401698827744,0.33428165316581726,0.2514936029911041
YHR148W,YMR287C,0,-2.7386768,0.11726547032594681,0.33428165316581726,0.2516358494758606
YBR050C,YPR135W,0,-2.738857,0.11720698326826096,0.33428165316581726,0.25177809596061707
YEL061C,YDL170W,0,-2.7396462,0.11714855581521988,0.33428165316581726,0.25192034244537354
YKR050W,YOR239W,0,-2.7400553,0.11709018796682358,0.33428165316581726,0.25206258893013
YKL012W,YPL211W,0,-2.7401464,0.11703187227249146,0.33428165316581726,0.2522048354148865
YBR050C,YHR073W,0,-2.740231,0.11697361618280411,0.33428165316581726,0.25234708189964294
YEL032W,YMR302C,0,-2.740332,0.11691541969776154,0.33428165316581726,0.2524893283843994
YJL207C,YER120W,0,-2.7408278,0.11685728281736374,0.33428165316581726,0.2526315748691559
YNL307C,YOR073W,1,-2.740836,0.11729622632265091,0.33570411801338196,0.2526315748691559
YMR059W,YBR276C,0,-2.7412305,0.11723795533180237,0.33570411801338196,0.25277382135391235
YOR290C,YCL033C,0,-2.7413013,0.1171797439455986,0.33570411801338196,0.2529160678386688
YBR020W,YPL153C,0,-2.7415063,0.11712158471345901,0.33570411801338196,0.2530583143234253
YMR241W,YFR053C,0,-2.7415164,0.1170634925365448,0.33570411801338196,0.25320056080818176
YPL194W,YGR225W,1,-2.7417817,0.11750123649835587,0.33712661266326904,0.25320056080818176
YBR049C,YLR092W,0,-2.7422173,0.1174430102109909,0.33712661266326904,0.25334280729293823
YML129C,YMR117C,0,-2.742239,0.11738484352827072,0.33712661266326904,0.2534850537776947
YIL002C,YER015W,0,-2.7424142,0.11732672899961472,0.33712661266326904,0.25362730026245117
YPL244C,YDL170W,0,-2.7427857,0.11726868152618408,0.33712661266326904,0.25376954674720764
YNL021W,YBR118W,0,-2.7436678,0.11721068620681763,0.33712661266326904,0.2539117932319641
YGR247W,YGR225W,1,-2.743753,0.11764705926179886,0.33854907751083374,0.2539117932319641
YNL130C,YBR118W,0,-2.7441957,0.11758892983198166,0.33854907751083374,0.2540540397167206
YMR298W,YPL146C,0,-2.7442033,0.11753086745738983,0.33854907751083374,0.25419631600379944
YKL125W,YER028C,0,-2.745009,0.11747284978628159,0.33854907751083374,0.2543385624885559
YHL022C,YHR152W,1,-2.7453353,0.11790823936462402,0.33997154235839844,0.2543385624885559
YLR234W,YOL090W,1,-2.7461996,0.11834319680929184,0.3413940370082855,0.2543385624885559
YCR089W,YNL214W,0,-2.7464144,0.11828486621379852,0.3413940370082855,0.2544808089733124
YGL205W,YBR257W,0,-2.7466114,0.11822660267353058,0.3413940370082855,0.25462305545806885
YDR448W,YDR087C,0,-2.7466395,0.11816839128732681,0.3413940370082855,0.2547653019428253
YJL080C,YDL154W,1,-2.7466714,0.11860236525535583,0.3428165018558502,0.2547653019428253
YDL235C,YGL053W,0,-2.746921,0.11854402720928192,0.3428165018558502,0.2549075484275818
YIL115C,YIL017C,0,-2.7474174,0.11848574131727219,0.3428165018558502,0.25504979491233826
YKL178C,YIL159W,0,-2.7476442,0.11842751502990723,0.3428165018558502,0.2551920413970947
YBR170C,YLR092W,0,-2.7479117,0.11836934834718704,0.3428165018558502,0.2553342878818512
YLR248W,YIR025W,1,-2.7479386,0.11880216002464294,0.3442389667034149,0.2553342878818512
YKR050W,YCR093W,0,-2.7485173,0.11874386668205261,0.3442389667034149,0.25547653436660767
YOL124C,YDR484W,0,-2.748802,0.11868563294410706,0.3442389667034149,0.25561878085136414
YDL017W,YOR005C,0,-2.749543,0.11862745136022568,0.3442389667034149,0.2557610273361206
YLR032W,YGL178W,0,-2.7498732,0.11856932938098907,0.3442389667034149,0.2559032738208771
YNL173C,YGR218W,0,-2.7499778,0.11851126700639725,0.3442389667034149,0.25604552030563354
YNL139C,YMR117C,0,-2.7500348,0.1184532567858696,0.3442389667034149,0.25618776679039
YLR234W,YJL080C,1,-2.7501009,0.11888454109430313,0.345661461353302,0.25618776679039
YDR168W,YOL156W,0,-2.7506258,0.11882640421390533,0.345661461353302,0.2563300132751465
YJL080C,YCR092C,1,-2.750712,0.11925708502531052,0.3470839262008667,0.2563300132751465
YCR089W,YKL053C-A,0,-2.7510326,0.11919882893562317,0.3470839262008667,0.25647225975990295
YNL173C,YEL032W,0,-2.7511823,0.119140625,0.3470839262008667,0.2566145062446594
YGR188C,YDR045C,0,-2.7511852,0.1190824806690216,0.3470839262008667,0.2567567527294159
YPL167C,YCR093W,0,-2.7514398,0.11902438849210739,0.3470839262008667,0.25689899921417236
YFR050C,YDR263C,0,-2.7515066,0.11896635591983795,0.3470839262008667,0.25704124569892883
YFR040W,YKL051W,0,-2.7516773,0.11890838295221329,0.3470839262008667,0.2571834921836853
YDL223C,YAL059W,0,-2.7518063,0.1188504621386528,0.3470839262008667,0.2573257386684418
YIL139C,YDR324C,0,-2.7518384,0.11879260092973709,0.3470839262008667,0.25746798515319824
YGR048W,YBR155W,0,-2.752249,0.11873479187488556,0.3470839262008667,0.2576102316379547
YDR120C,YIR002C,0,-2.7523677,0.1186770424246788,0.3470839262008667,0.2577524781227112
YDR079C-A,YMR162C,0,-2.7526648,0.11861934512853622,0.3470839262008667,0.25789472460746765
YLR320W,YPR101W,0,-2.753003,0.11856170743703842,0.3470839262008667,0.2580369710922241
YBL103C,YIL017C,0,-2.753371,0.1185041293501854,0.3470839262008667,0.2581792175769806
YML008C,YDR235W,0,-2.7534528,0.11844660341739655,0.3470839262008667,0.25832149386405945
YIR025W,YCR010C,1,-2.75361,0.11887433379888535,0.3485063910484314,0.25832149386405945
YDR283C,YDR106W,0,-2.7536886,0.11881668120622635,0.3485063910484314,0.2584637403488159
YDR322C-A,YML060W,0,-2.7541726,0.11875908821821213,0.3485063910484314,0.2586059868335724
YCL052C,YBR009C,0,-2.7546792,0.11870154738426208,0.3485063910484314,0.25874823331832886
YOR270C,YNL111C,0,-2.7549298,0.11864406615495682,0.3485063910484314,0.2588904798030853
YDR385W,YBR267W,0,-2.7555654,0.11858664453029633,0.3485063910484314,0.2590327262878418
YCR093W,YML060W,0,-2.7573192,0.11852926760911942,0.3485063910484314,0.25917497277259827
YKL178C,YLR043C,0,-2.7577827,0.11847195029258728,0.3485063910484314,0.25931721925735474
YPR034W,YDR432W,0,-2.758289,0.11841469258069992,0.3485063910484314,0.2594594657421112
YGR089W,YDL097C,0,-2.7587888,0.11835748702287674,0.3485063910484314,0.2596017122268677
YIL017C,YNL036W,0,-2.7592218,0.11830034106969833,0.3485063910484314,0.25974395871162415
YDL043C,YPL131W,0,-2.7598696,0.11824323982000351,0.3485063910484314,0.2598862051963806
YBR244W,YOR148C,0,-2.759939,0.11818620562553406,0.3485063910484314,0.2600284516811371
YJL012C,YDL170W,0,-2.759999,0.11812921613454819,0.3485063910484314,0.26017069816589355
YNL093W,YEL065W,0,-2.7603953,0.11807228624820709,0.3485063910484314,0.26031294465065
YAL054C,YPR041W,0,-2.7608626,0.11801541596651077,0.3485063910484314,0.2604551911354065
YDL022W,YLR033W,0,-2.7615552,0.11795859783887863,0.3485063910484314,0.26059743762016296
YMR172W,YPL256C,0,-2.7617042,0.11790183186531067,0.3485063910484314,0.26073968410491943
YJL080C,YBR160W,1,-2.763076,0.11832612007856369,0.3499288856983185,0.26073968410491943
YGR059W,YNL298W,0,-2.7630808,0.11826922744512558,0.3499288856983185,0.2608819305896759
YDR432W,YDR379W,0,-2.7634158,0.11821239441633224,0.3499288856983185,0.2610241770744324
YHR152W,YGL158W,1,-2.7638571,0.11863593012094498,0.3513513505458832,0.2610241770744324
YLR033W,YAL017W,0,-2.7645524,0.1185789704322815,0.3513513505458832,0.26116642355918884
YDR503C,YER015W,0,-2.764945,0.11852207034826279,0.3513513505458832,0.2613086700439453
YGL070C,YOR317W,0,-2.7649689,0.11846522986888885,0.3513513505458832,0.2614509165287018
YKL178C,YJR082C,0,-2.7654326,0.1184084340929985,0.3513513505458832,0.26159316301345825
YBR020W,YNL172W,0,-2.7659404,0.11835169792175293,0.3513513505458832,0.2617354094982147
YKL178C,YPR181C,0,-2.766691,0.11829502135515213,0.3513513505458832,0.2618776559829712
YDR384C,YGR077C,0,-2.7675545,0.11823838949203491,0.3513513505458832,0.26201990246772766
YJL076W,YGR112W,0,-2.7680142,0.11818181723356247,0.3513513505458832,0.26216214895248413
YOR290C,YOR004W,0,-2.7682426,0.1181252971291542,0.3513513505458832,0.2623043954372406
YGR247W,YCR092C,1,-2.7683723,0.11854684352874756,0.3527738153934479,0.2623043954372406
YMR092C,YLR376C,0,-2.769255,0.11849020421504974,0.3527738153934479,0.26244667172431946
YLL011W,YPR181C,0,-2.770214,0.11843361705541611,0.3527738153934479,0.2625889182090759
YEL054C,YOR279C,0,-2.7706788,0.11837708950042725,0.3527738153934479,0.2627311646938324
YDR463W,YMR015C,0,-2.7714453,0.11832061409950256,0.3527738153934479,0.26287341117858887
YLR263W,YPL194W,1,-2.771671,0.11874105781316757,0.35419631004333496,0.26287341117858887
YPL174C,YGR254W,0,-2.7717373,0.11868446320295334,0.35419631004333496,0.26301565766334534
YPL262W,YDR464W,0,-2.7719913,0.11862792074680328,0.35419631004333496,0.2631579041481018
YKL126W,YNL111C,0,-2.7726517,0.11857143044471741,0.35419631004333496,0.2633001506328583
YJR108W,YIL031W,0,-2.7730098,0.11851499229669571,0.35419631004333496,0.26344239711761475
YPR164W,YGR128C,0,-2.773106,0.11845861375331879,0.35419631004333496,0.2635846436023712
YNL093W,YNL186W,0,-2.773732,0.11840227991342545,0.35419631004333496,0.2637268900871277
YBR244W,YPR181C,0,-2.773996,0.11834600567817688,0.35419631004333496,0.26386913657188416
YNL326C,YLR216C,0,-2.7740533,0.11828978359699249,0.35419631004333496,0.2640113830566406
YJL194W,YJL076W,0,-2.7750013,0.11823362112045288,0.35419631004333496,0.2641536295413971
YMR280C,YPR046W,0,-2.7757788,0.11817750334739685,0.35419631004333496,0.26429587602615356
YPR164W,YLR221C,0,-2.7760704,0.1181214451789856,0.35419631004333496,0.26443812251091003
YPR042C,YBR118W,0,-2.7760882,0.11806543171405792,0.35419631004333496,0.2645803689956665
YDR211W,YBR114W,0,-2.7763665,0.11800947785377502,0.35419631004333496,0.264722615480423
YNL130C,YKR079C,0,-2.7767327,0.1179535761475563,0.35419631004333496,0.26486486196517944
YNR052C,YOR298C-A,0,-2.7772753,0.11789772659540176,0.35419631004333496,0.2650071084499359
YGL158W,YER173W,1,-2.7774808,0.118315190076828,0.35561877489089966,0.2650071084499359
YGR006W,YBR276C,0,-2.7775595,0.11825922131538391,0.35561877489089966,0.2651493549346924
YMR068W,YBR065C,0,-2.777643,0.1182033121585846,0.35561877489089966,0.26529160141944885
YCL033C,YPR023C,0,-2.77765,0.11814744770526886,0.35561877489089966,0.2654338479042053
YBR172C,YNL007C,0,-2.7777255,0.1180916354060173,0.35561877489089966,0.2655760943889618
YGL127C,YBR079C,0,-2.777992,0.11803588271141052,0.35561877489089966,0.26571834087371826
YER106W,YCR092C,1,-2.7785816,0.11845210194587708,0.35704123973846436,0.26571834087371826
YER035W,YOR148C,0,-2.7788136,0.11839623004198074,0.35704123973846436,0.26586058735847473
YHR164C,YNL130C,0,-2.7788336,0.118340402841568,0.35704123973846436,0.2660028338432312
YGR123C,YDR263C,0,-2.7792919,0.11828463524580002,0.35704123973846436,0.26614508032798767
YDR059C,YDR302W,0,-2.7798853,0.11822891980409622,0.35704123973846436,0.26628732681274414
YDR503C,YBR020W,0,-2.7803667,0.1181732565164566,0.35704123973846436,0.2664295732975006
YOR245C,YOL077W-A,0,-2.7804058,0.11811764538288116,0.35704123973846436,0.26657184958457947
YML073C,YIL002C,0,-2.7807696,0.1180620864033699,0.35704123973846436,0.26671409606933594
YGL133W,YDL170W,0,-2.780944,0.11800657957792282,0.35704123973846436,0.2668563425540924
YNL130C,YOR058C,0,-2.7810023,0.11795112490653992,0.35704123973846436,0.2669985890388489
YGR214W,YDR422C,0,-2.7810965,0.11789572238922119,0.35704123973846436,0.26714083552360535
YHR085W,YLR141W,0,-2.781435,0.11784037202596664,0.35704123973846436,0.2672830820083618
YLR319C,YHR042W,0,-2.7820377,0.11778507381677628,0.35704123973846436,0.2674253284931183
YLR459W,YNL299W,0,-2.7820938,0.11772982776165009,0.35704123973846436,0.26756757497787476
YER042W,YNL242W,0,-2.7821052,0.11767463386058807,0.35704123973846436,0.2677098214626312
YLR131C,YJL012C,0,-2.7822528,0.11761949211359024,0.35704123973846436,0.2678520679473877
YJL087C,YNL209W,0,-2.7830532,0.11756440252065659,0.35704123973846436,0.26799431443214417
YPR046W,YPR052C,0,-2.783131,0.11750936508178711,0.35704123973846436,0.26813656091690063
YPL091W,YBR009C,0,-2.783601,0.11745437234640121,0.35704123973846436,0.2682788074016571
YDR479C,YCR002C,0,-2.7836583,0.1173994392156601,0.35704123973846436,0.2684210538864136
YPL194W,YCR010C,1,-2.784073,0.11781205981969833,0.35846373438835144,0.2684210538864136
YDL115C,YNL307C,1,-2.784662,0.11822430044412613,0.35988619923591614,0.2684210538864136
YBR015C,YBR020W,0,-2.7846696,0.11816907674074173,0.35988619923591614,0.26856330037117004
YPL192C,YGR020C,0,-2.7848196,0.1181139126420021,0.35988619923591614,0.2687055468559265
YAL059W,YLR313C,0,-2.7853236,0.11805879324674606,0.35988619923591614,0.268847793340683
YKL117W,YJL194W,0,-2.7854095,0.1180037334561348,0.35988619923591614,0.26899003982543945
YNL111C,YIL017C,0,-2.7854264,0.11794871836900711,0.35988619923591614,0.2691322863101959
YCR081W,YDR448W,0,-2.7861369,0.1178937554359436,0.35988619923591614,0.2692745327949524
YNL135C,YMR025W,0,-2.78642,0.11783884465694427,0.35988619923591614,0.26941677927970886
YBR250W,YIR026C,1,-2.7871253,0.11824953556060791,0.36130866408348083,0.26941677927970886
YBR244W,YGL246C,0,-2.7872782,0.11819450557231903,0.36130866408348083,0.26955902576446533
YJL207C,YLR055C,0,-2.787574,0.11813953518867493,0.36130866408348083,0.2697012722492218
YPL167C,YER006W,0,-2.7876022,0.1180846095085144,0.36130866408348083,0.26984351873397827
YBR098W,YGL158W,1,-2.7877593,0.1184944212436676,0.3627311587333679,0.26984351873397827
YGR170W,YLR320W,0,-2.7879748,0.11843938380479813,0.3627311587333679,0.26998576521873474
YER106W,YER173W,1,-2.788411,0.11884865164756775,0.3641536235809326,0.26998576521873474
YGL158W,YCR010C,1,-2.788467,0.11925753951072693,0.3655760884284973,0.26998576521873474
YGR257C,YKR079C,0,-2.7886758,0.11920222640037537,0.3655760884284973,0.2701280117034912
YHL022C,YGL194C,1,-2.789007,0.11961057037115097,0.3669985830783844,0.2701280117034912
YEL054C,YMR039C,0,-2.7892787,0.11955514550209045,0.3669985830783844,0.2702702581882477
YPR030W,YJL076W,0,-2.7893684,0.11949976533651352,0.3669985830783844,0.27041250467300415
YNL283C,YCR028C-A,0,-2.7894127,0.11944444477558136,0.3669985830783844,0.2705547511577606
YGR214W,YNL172W,0,-2.7894454,0.11938916891813278,0.3669985830783844,0.2706970274448395
YEL032W,YML102W,0,-2.7896192,0.11933395266532898,0.3669985830783844,0.27083927392959595
YKL085W,YNL039W,0,-2.7899494,0.11927878111600876,0.3669985830783844,0.2709815204143524
YIL147C,YPL192C,0,-2.7902157,0.11922366172075272,0.3669985830783844,0.2711237668991089
YGR007W,YOL016C,0,-2.7903926,0.11916859447956085,0.3669985830783844,0.27126601338386536
YEL065W,YNL232W,0,-2.790642,0.11911357194185257,0.3669985830783844,0.2714082598686218
YMR201C,YOL016C,0,-2.7910023,0.11905860900878906,0.3669985830783844,0.2715505063533783
YBR244W,YHR150W,0,-2.791057,0.11900369077920914,0.3669985830783844,0.27169275283813477
YKR079C,YER001W,0,-2.7913573,0.11894882470369339,0.3669985830783844,0.27183499932289124
YPL167C,YNL103W,0,-2.7918801,0.11889401078224182,0.3669985830783844,0.2719772458076477
YOR229W,YBL009W,1,-2.7924838,0.11929985880851746,0.3684210479259491,0.2719772458076477
YBR160W,YDL154W,1,-2.7925808,0.11970534175634384,0.3698435425758362,0.2719772458076477
YDL003W,YJR053W,0,-2.7927353,0.11965025216341019,0.3698435425758362,0.2721194922924042
YLR276C,YER001W,0,-2.792944,0.11959521472454071,0.3698435425758362,0.27226173877716064
YHR008C,YDR146C,0,-2.7932508,0.11954022943973541,0.3698435425758362,0.2724039852619171
YFL009W,YBL009W,1,-2.7935503,0.11994485557079315,0.3712660074234009,0.2724039852619171
YOR229W,YBR160W,1,-2.7936866,0.12034910172224045,0.3726884722709656,0.2724039852619171
YMR092C,YAL054C,0,-2.7937424,0.12029384821653366,0.3726884722709656,0.2725462317466736
YDR302W,YNL172W,0,-2.7942538,0.12023863941431046,0.3726884722709656,0.27268847823143005
YGL175C,YIR025W,1,-2.7942667,0.12064220011234283,0.37411096692085266,0.27268847823143005
YHL022C,YOR073W,1,-2.7949271,0.12104539573192596,0.37553343176841736,0.27268847823143005
YDL017W,YPR164W,0,-2.7954369,0.12098991870880127,0.37553343176841736,0.2728307247161865
YIL049W,YML060W,0,-2.7955668,0.12093449383974075,0.37553343176841736,0.272972971200943
YDR503C,YPR094W,0,-2.7957137,0.12087912112474442,0.37553343176841736,0.27311521768569946
YGL205W,YOR377W,0,-2.796547,0.12082380056381226,0.37553343176841736,0.27325746417045593
YML028W,YDR087C,0,-2.7969992,0.12076852470636368,0.37553343176841736,0.2733997106552124
YGR040W,YPR191W,0,-2.7971675,0.12071330845355988,0.37553343176841736,0.27354195713996887
YEL042W,YMR168C,0,-2.7972913,0.12065813690423965,0.37553343176841736,0.27368420362472534
YOL089C,YML008C,0,-2.7984865,0.12060301750898361,0.37553343176841736,0.2738264501094818
YPR041W,YLR092W,0,-2.7990544,0.12054794281721115,0.37553343176841736,0.2739686965942383
YOR229W,YCR010C,1,-2.799178,0.12094933539628983,0.37695589661598206,0.2739686965942383
YDR121W,YJR103W,0,-2.7992868,0.1208941638469696,0.37695589661598206,0.27411094307899475
YKR061W,YFR009W,0,-2.7993681,0.12083903700113297,0.37695589661598206,0.2742531895637512
YGR159C,YPR034W,0,-2.7994983,0.12078395485877991,0.37695589661598206,0.2743954360485077
YLR276C,YDR244W,0,-2.7995532,0.12072893232107162,0.37695589661598206,0.27453768253326416
YDL043C,YOR208W,0,-2.7999556,0.12067395448684692,0.37695589661598206,0.27467992901802063
YMR092C,YLR141W,0,-2.800111,0.1206190288066864,0.37695589661598206,0.2748222053050995
YPR046W,YLR130C,0,-2.8003912,0.12056414783000946,0.37695589661598206,0.27496445178985596
YNR074C,YGL227W,0,-2.8009212,0.1205093190073967,0.37695589661598206,0.2751066982746124
YER106W,YCR010C,1,-2.801376,0.12090908735990524,0.37837839126586914,0.2751066982746124
YGL144C,YGL012W,0,-2.8015597,0.12085415422916412,0.37837839126586914,0.2752489447593689
YPR049C,YOR386W,0,-2.8016112,0.12079927325248718,0.37837839126586914,0.27539119124412537
YPR021C,YMR273C,0,-2.8016279,0.12074443697929382,0.37837839126586914,0.27553343772888184
YPR046W,YHR196W,0,-2.8018243,0.12068965286016464,0.37837839126586914,0.2756756842136383
YBR080C,YDR263C,0,-2.8021495,0.12063492089509964,0.37837839126586914,0.2758179306983948
YDR423C,YER015W,0,-2.8026352,0.12058023363351822,0.37837839126586914,0.27596017718315125
YER053C,YPL140C,0,-2.8030183,0.12052559852600098,0.37837839126586914,0.2761024236679077
YJL048C,YDR359C,0,-2.8032498,0.12047101557254791,0.37837839126586914,0.2762446701526642
YPL256C,YOR119C,0,-2.8037176,0.12041647732257843,0.37837839126586914,0.27638691663742065
YIR002C,YOR056C,0,-2.80419,0.12036199122667313,0.37837839126586914,0.2765291631221771
YLR214W,YGR262C,0,-2.8044732,0.1203075498342514,0.37837839126586914,0.2766714096069336
YLR110C,YLR409C,0,-2.8049114,0.12025316804647446,0.37837839126586914,0.27681365609169006
YIL034C,YIL031W,0,-2.805109,0.1201988235116005,0.37837839126586914,0.27695590257644653
YIL132C,YBR160W,1,-2.8051596,0.12059620767831802,0.37980085611343384,0.27695590257644653
YGR214W,YCR065W,0,-2.8051999,0.1205417588353157,0.37980085611343384,0.277098149061203
YDR449C,YLR176C,0,-2.8055851,0.12048736214637756,0.37980085611343384,0.2772403955459595
YMR273C,YGR089W,0,-2.805792,0.1204330176115036,0.37980085611343384,0.27738264203071594
YJL207C,YBR079C,0,-2.806105,0.12037871778011322,0.37980085611343384,0.2775248885154724
YML080W,YER120W,0,-2.807188,0.12032447010278702,0.37980085611343384,0.2776671350002289
YNL127W,YDL097C,0,-2.8072522,0.1202702671289444,0.37980085611343384,0.27780938148498535
YHR073W,YER028C,0,-2.807327,0.12021611630916595,0.37980085611343384,0.2779516279697418
YOR245C,YLR141W,0,-2.807514,0.12016201764345169,0.37980085611343384,0.2780938744544983
YDR501W,YDL150W,0,-2.8087728,0.12010796368122101,0.37980085611343384,0.27823612093925476
YLR234W,YCR010C,1,-2.8088477,0.12050359696149826,0.38122332096099854,0.27823612093925476
YBL035C,YOR156C,0,-2.8091416,0.12044943869113922,0.38122332096099854,0.27837836742401123
YLR430W,YDR146C,0,-2.809147,0.12039532512426376,0.38122332096099854,0.2785206139087677
YFL009W,YCR092C,1,-2.8093417,0.12079030275344849,0.3826458156108856,0.2785206139087677
YOL156W,YLR384C,0,-2.809499,0.12073608487844467,0.3826458156108856,0.27866286039352417
YLR234W,YJL005W,1,-2.810252,0.1211305484175682,0.3840682804584503,0.27866286039352417
YDR342C,YDL143W,0,-2.8102558,0.12107623368501663,0.3840682804584503,0.27880510687828064
YDL188C,YDR244W,0,-2.8110924,0.12102196365594864,0.3840682804584503,0.2789473831653595
YOL156W,YGR094W,0,-2.8111277,0.12096773833036423,0.3840682804584503,0.27908962965011597
YNR074C,YIL017C,0,-2.8115253,0.12091357260942459,0.3840682804584503,0.27923187613487244
YNL093W,YMR117C,0,-2.8116267,0.12085944414138794,0.3840682804584503,0.2793741226196289
YOR386W,YNL103W,0,-2.81232,0.12080536782741547,0.3840682804584503,0.2795163691043854
YMR173W,YIL159W,0,-2.8134558,0.12075134366750717,0.3840682804584503,0.27965861558914185
YNL307C,YER173W,1,-2.8140368,0.12114439159631729,0.385490745306015,0.27965861558914185
YBR114W,YOL021C,0,-2.8140614,0.12109025567770004,0.385490745306015,0.2798008620738983
YGL178W,YJL012C,0,-2.8142924,0.12103617936372757,0.385490745306015,0.2799431085586548
YPL196W,YKL018W,0,-2.814386,0.12098214030265808,0.385490745306015,0.28008535504341125
YOL097C,YOR317W,0,-2.8144877,0.12092815339565277,0.385490745306015,0.2802276015281677
YIR009W,YDR244W,0,-2.8146834,0.12087421864271164,0.385490745306015,0.2803698480129242
YPL053C,YDR244W,0,-2.814855,0.12082032859325409,0.385490745306015,0.28051209449768066
YGL178W,YDR129C,0,-2.814875,0.12076649069786072,0.385490745306015,0.28065434098243713
YLR234W,YDL154W,1,-2.8151875,0.12115813046693802,0.3869132399559021,0.28065434098243713
YJR090C,YGR112W,0,-2.8155377,0.12110418826341629,0.3869132399559021,0.2807965874671936
YGR185C,YNL172W,0,-2.8160048,0.12105029076337814,0.3869132399559021,0.2809388339519501
YDL022W,YDR322C-A,0,-2.8161004,0.12099643796682358,0.3869132399559021,0.28108108043670654
YGR183C,YJR031C,0,-2.8176582,0.12094264477491379,0.3869132399559021,0.281223326921463
YER026C,YOR295W,0,-2.817701,0.12088888883590698,0.3869132399559021,0.2813655734062195
YPR042C,YOR144C,0,-2.8177364,0.12083518505096436,0.3869132399559021,0.28150781989097595
YBR172C,YLR115W,0,-2.8181365,0.12078152596950531,0.3869132399559021,0.2816500663757324
YLR320W,YOL028C,0,-2.818309,0.12072791904211044,0.3869132399559021,0.2817923128604889
YNL307C,YGR247W,1,-2.819194,0.12111800909042358,0.3883357048034668,0.2817923128604889
YDL003W,YAL031C,0,-2.8192585,0.12106429785490036,0.3883357048034668,0.28193455934524536
YFR050C,YKR101W,0,-2.819373,0.12101063877344131,0.3883357048034668,0.28207680583000183
YML021C,YOR208W,0,-2.819408,0.12095702439546585,0.3883357048034668,0.2822190523147583
YML008C,YNL214W,0,-2.8198884,0.12090345472097397,0.3883357048034668,0.28236129879951477
YOL077W-A,YML023C,0,-2.8200321,0.12084993720054626,0.3883357048034668,0.28250354528427124
YGL233W,YOR341W,0,-2.820059,0.12079645693302155,0.3883357048034668,0.2826457917690277
YGR247W,YOR073W,1,-2.820193,0.1211853176355362,0.3897581696510315,0.2826457917690277
YER169W,YEL065W,0,-2.820275,0.12113174051046371,0.3897581696510315,0.2827880382537842
YER106W,YLR234W,1,-2.8206785,0.12152010947465897,0.3911806643009186,0.2827880382537842
YLR006C,YJL191W,0,-2.8208706,0.12146642804145813,0.3911806643009186,0.28293028473854065
YBR265W,YNR074C,0,-2.8214812,0.12141280621290207,0.3911806643009186,0.2830725610256195
YGL158W,YJL074C,1,-2.8215992,0.12180052697658539,0.3926031291484833,0.2830725610256195
YNL299W,YDL105W,0,-2.8226352,0.12174680083990097,0.3926031291484833,0.283214807510376
YJL157C,YDL197C,0,-2.82293,0.12169311940670013,0.3926031291484833,0.28335705399513245
YDL024C,YMR273C,0,-2.8229659,0.12163949012756348,0.3926031291484833,0.2834993004798889
YCR089W,YGL053W,0,-2.8245764,0.1215859055519104,0.3926031291484833,0.2836415469646454
YKL008C,YDL044C,0,-2.824761,0.1215323656797409,0.3926031291484833,0.28378379344940186
YGR214W,YOR026W,0,-2.8255174,0.12147887051105499,0.3926031291484833,0.2839260399341583
YOR026W,YGL178W,0,-2.8258932,0.12142542749643326,0.3926031291484833,0.2840682864189148
YER106W,YPL139C,1,-2.8262942,0.12181178480386734,0.394025593996048,0.2840682864189148
YLR382C,YIR002C,0,-2.8265297,0.12175824493169785,0.394025593996048,0.28421053290367126
YGR218W,YLR438C-A,0,-2.826623,0.12170474231243134,0.394025593996048,0.28435277938842773
YBL030C,YLR319C,0,-2.8267233,0.121651291847229,0.394025593996048,0.2844950258731842
YHL022C,YBL009W,1,-2.8269656,0.122036874294281,0.39544808864593506,0.2844950258731842
YHR176W,YGR254W,0,-2.8273175,0.12198332697153091,0.39544808864593506,0.2846372723579407
YOL156W,YDR331W,0,-2.8274937,0.1219298243522644,0.39544808864593506,0.28477951884269714
YDR258C,YDL164C,0,-2.8277857,0.12187636643648148,0.39544808864593506,0.2849217653274536
YDR501W,YBR010W,0,-2.8280537,0.12182296067476273,0.39544808864593506,0.2850640118122101
YNL209W,YDR244W,0,-2.8285735,0.12176959961652756,0.39544808864593506,0.28520625829696655
YOR204W,YKR101W,0,-2.828852,0.12171629071235657,0.39544808864593506,0.285348504781723
YHR174W,YDL164C,0,-2.8290255,0.12166301906108856,0.39544808864593506,0.2854907512664795
YGR059W,YNL147W,0,-2.8290312,0.12160979956388474,0.39544808864593506,0.28563299775123596
YER082C,YPR046W,0,-2.8294022,0.12155662477016449,0.39544808864593506,0.28577524423599243
YLR216C,YOR122C,0,-2.8294108,0.12150349467992783,0.39544808864593506,0.2859174907207489
YJL128C,YPR186C,0,-2.8295171,0.12145041674375534,0.39544808864593506,0.28605973720550537
YJL194W,YGL227W,0,-2.8297303,0.12139738351106644,0.39544808864593506,0.28620198369026184
YHR069C,YFR053C,0,-2.8297865,0.12134438753128052,0.39544808864593506,0.2863442301750183
YHL007C,YMR059W,0,-2.8298976,0.12129145115613937,0.39544808864593506,0.2864864766597748
YPL194W,YPL121C,1,-2.8301446,0.12167466431856155,0.39687055349349976,0.2864864766597748
YNL307C,YJL074C,1,-2.8303514,0.12205754220485687,0.39829301834106445,0.2864864766597748
YNL209W,YKL012W,0,-2.830829,0.12200435996055603,0.39829301834106445,0.28662872314453125
YPL167C,YGR183C,0,-2.8315346,0.12195122241973877,0.39829301834106445,0.2867709696292877
YNL106C,YDR244W,0,-2.8323598,0.12189812958240509,0.39829301834106445,0.2869132161140442
YBR098W,YCR092C,1,-2.832447,0.12228024005889893,0.39971551299095154,0.2869132161140442
YCL052C,YML008C,0,-2.8325052,0.12222705781459808,0.39971551299095154,0.28705546259880066
YDL188C,YLR115W,0,-2.832607,0.12217391282320023,0.39971551299095154,0.2871977388858795
YOR056C,YGL178W,0,-2.8327858,0.12212081998586655,0.39971551299095154,0.287339985370636
YOR193W,YNL186W,0,-2.8328378,0.12206776440143585,0.39971551299095154,0.28748223185539246
YNL093W,YBR118W,0,-2.8328748,0.12201476097106934,0.39971551299095154,0.2876244783401489
YNL326C,YPR201W,0,-2.8328927,0.1219618022441864,0.39971551299095154,0.2877667248249054
YHR152W,YIL132C,1,-2.833,0.12234273552894592,0.40113797783851624,0.2877667248249054
YBL030C,YDR147W,0,-2.8330317,0.12228967994451523,0.40113797783851624,0.28790897130966187
YBR079C,YOR317W,0,-2.8330448,0.12223666906356812,0.40113797783851624,0.28805121779441833
YOR116C,YNR072W,0,-2.8331087,0.12218371033668518,0.40113797783851624,0.2881934642791748
YDR283C,YOR193W,0,-2.8331654,0.12213078886270523,0.40113797783851624,0.2883357107639313
YIR026C,YCR092C,1,-2.8337343,0.12251082062721252,0.40256044268608093,0.2883357107639313
YIL154C,YJR057W,0,-2.8337665,0.12245780974626541,0.40256044268608093,0.28847795724868774
YER035W,YDR235W,0,-2.833886,0.12240484356880188,0.40256044268608093,0.2886202037334442
YKR101W,YNL036W,0,-2.834001,0.12235192209482193,0.40256044268608093,0.2887624502182007
YOL156W,YLR320W,0,-2.8341157,0.12229905277490616,0.40256044268608093,0.28890469670295715
YPR049C,YDR453C,0,-2.8350608,0.12224622070789337,0.40256044268608093,0.2890469431877136
YGR040W,YNL126W,0,-2.835429,0.12219343334436417,0.40256044268608093,0.2891891896724701
YHR164C,YPL192C,0,-2.8355043,0.12214069813489914,0.40256044268608093,0.28933143615722656
YNL281W,YOR204W,0,-2.8357415,0.1220880076289177,0.40256044268608093,0.28947368264198303
YAL017W,YHR042W,0,-2.836548,0.12203536182641983,0.40256044268608093,0.2896159291267395
YDL235C,YLR092W,0,-2.8366244,0.12198276072740555,0.40256044268608093,0.28975817561149597
YNL068C,YDR453C,0,-2.8368142,0.12193020433187485,0.40256044268608093,0.28990042209625244
YLR052W,YPL087W,0,-2.838352,0.12187769263982773,0.40256044268608093,0.2900426685810089
YHR152W,YJL005W,1,-2.8388126,0.12225570529699326,0.403982937335968,0.2900426685810089
YGL194C,YOR073W,1,-2.8389945,0.12263339012861252,0.4054054021835327,0.2900426685810089
YJR103W,YER159C,0,-2.8390362,0.1225806474685669,0.4054054021835327,0.2901849150657654
YDR087C,YLR055C,0,-2.8391588,0.12252794206142426,0.4054054021835327,0.29032716155052185
YOR168W,YKL125W,0,-2.8392773,0.1224752888083458,0.4054054021835327,0.2904694080352783
YCR092C,YDL154W,1,-2.83933,0.12285223603248596,0.4068278670310974,0.2904694080352783
YPR016C,YDL044C,0,-2.8395011,0.12279948592185974,0.4068278670310974,0.2906116545200348
YLR382C,YDR464W,0,-2.839759,0.1227467805147171,0.4068278670310974,0.29075390100479126
YGR247W,YOL090W,1,-2.8400142,0.12312312424182892,0.4082503616809845,0.29075390100479126
YGL205W,YGL173C,0,-2.8401892,0.12307032942771912,0.4082503616809845,0.29089614748954773
YGR247W,YNL088W,1,-2.840388,0.12344620376825333,0.4096728265285492,0.29089614748954773
YOL011W,YDR244W,0,-2.8405468,0.12339331954717636,0.4096728265285492,0.2910383939743042
YOR156C,YDR258C,0,-2.841081,0.12334047257900238,0.4096728265285492,0.29118064045906067
YPR135W,YLR052W,0,-2.841247,0.12328767031431198,0.4096728265285492,0.2913229167461395
YGL233W,YPL057C,0,-2.8418767,0.12323492020368576,0.4096728265285492,0.291465163230896
YDL020C,YOR341W,0,-2.8418791,0.12318220734596252,0.4096728265285492,0.29160740971565247
YKR061W,YHR129C,0,-2.8427846,0.12312953919172287,0.4096728265285492,0.29174965620040894
YNL283C,YGR239C,0,-2.8429844,0.1230769231915474,0.4096728265285492,0.2918919026851654
YDL020C,YLR115W,0,-2.8432825,0.1230243518948555,0.4096728265285492,0.2920341491699219
YIL031W,YJR031C,0,-2.8434021,0.12297181785106659,0.4096728265285492,0.29217639565467834
YKL188C,YOL028C,0,-2.8437192,0.12291933596134186,0.4096728265285492,0.2923186421394348
YKL178C,YFL011W,0,-2.8437269,0.12286689132452011,0.4096728265285492,0.2924608886241913
YHL022C,YIR026C,1,-2.8438618,0.12324094027280807,0.4110952913761139,0.2924608886241913
YDL105W,YPR182W,0,-2.8439023,0.12318840622901917,0.4110952913761139,0.29260313510894775
YGL233W,YGL127C,0,-2.8439586,0.12313591688871384,0.4110952913761139,0.2927453815937042
YGL194C,YIR026C,1,-2.8440068,0.12350936979055405,0.412517786026001,0.2927453815937042
YEL054C,YIR015W,0,-2.8441494,0.12345679104328156,0.412517786026001,0.2928876280784607
YDR449C,YCR089W,0,-2.8441713,0.12340425699949265,0.412517786026001,0.29302987456321716
YDR359C,YBR080C,0,-2.8441808,0.12335176765918732,0.412517786026001,0.29317212104797363
YDR085C,YOR270C,0,-2.8441918,0.12329932302236557,0.412517786026001,0.2933143675327301
YDL115C,YGR225W,1,-2.844434,0.12367191165685654,0.4139402508735657,0.2933143675327301
YHR082C,YPR021C,0,-2.8444388,0.12361937016248703,0.4139402508735657,0.2934566140174866
YDL105W,YOR119C,0,-2.8445225,0.1235668808221817,0.4139402508735657,0.29359886050224304
YJL157C,YDR178W,0,-2.8445528,0.12351442873477936,0.4139402508735657,0.2937411069869995
YDR456W,YMR179W,0,-2.8446448,0.12346202880144119,0.4139402508735657,0.293883353471756
YGR202C,YPL167C,0,-2.8453085,0.12340966612100601,0.4139402508735657,0.29402559995651245
YKL129C,YNL007C,0,-2.8457797,0.12335735559463501,0.4139402508735657,0.2941678464412689
YER028C,YHR066W,0,-2.8458016,0.12330508232116699,0.4139402508735657,0.2943100929260254
YGL246C,YMR173W,0,-2.8458896,0.12325286120176315,0.4139402508735657,0.29445233941078186
YMR227C,YJL012C,0,-2.8466668,0.1232006773352623,0.4139402508735657,0.29459458589553833
YHL022C,YPL194W,1,-2.846761,0.1235717311501503,0.41536274552345276,0.29459458589553833
YGL205W,YNL036W,0,-2.8469431,0.12351945787668228,0.41536274552345276,0.2947368323802948
YGL158W,YGR225W,1,-2.8474057,0.12389006465673447,0.41678521037101746,0.2947368323802948
YLR214W,YMR168C,0,-2.8474503,0.12383770197629929,0.41678521037101746,0.29487907886505127
YER088C,YGR056W,0,-2.847757,0.12378538399934769,0.41678521037101746,0.29502132534980774
YLR276C,YIL002C,0,-2.8482654,0.12373311072587967,0.41678521037101746,0.2951635718345642
YDR085C,YBR135W,0,-2.84871,0.12368087470531464,0.41678521037101746,0.2953058183193207
YPL256C,YLR067C,0,-2.849482,0.12362869083881378,0.41678521037101746,0.29544806480407715
YJL087C,YMR173W,0,-2.8499022,0.12357655167579651,0.41678521037101746,0.295590341091156
YGR129W,YKL188C,0,-2.850045,0.12352444976568222,0.41678521037101746,0.2957325875759125
YGL175C,YJL074C,1,-2.8509827,0.12389380484819412,0.41820767521858215,0.2957325875759125
YER042W,YLR313C,0,-2.851516,0.12384162098169327,0.41820767521858215,0.29587483406066895
YDL024C,YAL017W,0,-2.8517387,0.1237894743680954,0.41820767521858215,0.2960170805454254
YJL076W,YHL006C,0,-2.851831,0.12373737245798111,0.41820767521858215,0.2961593270301819
YLR216C,YIL115C,0,-2.8525758,0.1236853152513504,0.41820767521858215,0.29630157351493835
YOR100C,YOR119C,0,-2.8525767,0.12363330274820328,0.41820767521858215,0.2964438199996948
YOR245C,YNL186W,0,-2.8527586,0.12358133494853973,0.41820767521858215,0.2965860664844513
YLL034C,YIL023C,0,-2.8529775,0.12352941185235977,0.41820767521858215,0.29672831296920776
YKL085W,YNL214W,0,-2.8531601,0.12347753345966339,0.41820767521858215,0.29687055945396423
YJL128C,YKR101W,0,-2.8537457,0.12342569231987,0.41820767521858215,0.2970128059387207
YIL139C,YGL003C,0,-2.8537765,0.12337389588356018,0.41820767521858215,0.2971550524234772
YKL178C,YOR034C,0,-2.8540275,0.12332214415073395,0.41820767521858215,0.29729729890823364
YBR118W,YLR115W,0,-2.8541737,0.1232704371213913,0.41820767521858215,0.2974395453929901
YEL054C,YLR032W,0,-2.8542953,0.12321877479553223,0.41820767521858215,0.2975817918777466
YPL174C,YJL157C,0,-2.85477,0.12316715717315674,0.41820767521858215,0.29772403836250305
YPL262W,YBR020W,0,-2.8551538,0.12311557680368423,0.41820767521858215,0.2978662848472595
YPL045W,YGR128C,0,-2.8552554,0.12306404113769531,0.41820767521858215,0.298008531332016
YGL175C,YOR073W,1,-2.8552973,0.12343095988035202,0.41963016986846924,0.298008531332016
YIL132C,YIR026C,1,-2.8553214,0.12379757314920425,0.42105263471603394,0.298008531332016
YMR273C,YHR196W,0,-2.8554842,0.12374582141637802,0.42105263471603394,0.29815077781677246
YAL017W,YLR067C,0,-2.8562624,0.12369410693645477,0.42105263471603394,0.29829302430152893
YOR168W,YIR009W,0,-2.8570487,0.1236424371600151,0.42105263471603394,0.2984352707862854
YHR205W,YPL131W,0,-2.857058,0.12359081208705902,0.42105263471603394,0.29857751727104187
YDR146C,YBL008W,0,-2.8570638,0.12353923171758652,0.42105263471603394,0.29871976375579834
YBR015C,YIL002C,0,-2.8570926,0.1234876960515976,0.42105263471603394,0.2988620102405548
YLR214W,YMR025W,0,-2.8571646,0.12343619763851166,0.42105263471603394,0.2990042567253113
YKL166C,YGL012W,0,-2.857172,0.1233847439289093,0.42105263471603394,0.29914650321006775
YEL032W,YDL097C,0,-2.8573215,0.12333333492279053,0.42105263471603394,0.2992887496948242
YGR048W,YMR250W,0,-2.8578103,0.12328196316957474,0.42105263471603394,0.2994309961795807
YMR092C,YOR341W,0,-2.857911,0.12323064357042313,0.42105263471603394,0.29957324266433716
YNL222W,YFL021W,0,-2.8579981,0.1231793612241745,0.42105263471603394,0.299715518951416
YEL054C,YKR050W,0,-2.8581407,0.12312811613082886,0.42105263471603394,0.2998577654361725
YFL021W,YPR016C,0,-2.8584602,0.1230769231915474,0.42105263471603394,0.30000001192092896
YEL027W,YDL044C,0,-2.8589137,0.12302576750516891,0.42105263471603394,0.3001422584056854
YHR019C,YOR279C,0,-2.8590162,0.12297465652227402,0.42105263471603394,0.3002845048904419
YDR263C,YDR398W,0,-2.8591607,0.1229235902428627,0.42105263471603394,0.30042675137519836
YLR032W,YLR337C,0,-2.86013,0.12287256121635437,0.42105263471603394,0.30056899785995483
YFR055W,YDR069C,0,-2.8606372,0.12282157689332962,0.42105263471603394,0.3007112443447113
YHL022C,YGR247W,1,-2.8613684,0.1231854036450386,0.42247509956359863,0.3007112443447113
YGL158W,YIR026C,1,-2.8615935,0.12354892492294312,0.4238975942134857,0.3007112443447113
YML015C,YML028W,0,-2.8619642,0.12349771708250046,0.4238975942134857,0.3008534908294678
YBR036C,YKR101W,0,-2.862028,0.12344656139612198,0.4238975942134857,0.30099573731422424
YDR265W,YNR074C,0,-2.8621025,0.12339544296264648,0.4238975942134857,0.3011379837989807
YPR164W,YLR141W,0,-2.8623376,0.12334436923265457,0.4238975942134857,0.3012802302837372
YDR384C,YAL051W,0,-2.8631818,0.12329334020614624,0.4238975942134857,0.30142247676849365
YCL025C,YMR247C,0,-2.8633466,0.1232423484325409,0.4238975942134857,0.3015647232532501
YCR010C,YDL154W,1,-2.863746,0.12360479682683945,0.4253200590610504,0.3015647232532501
YNL283C,YGR089W,0,-2.8637831,0.12355371564626694,0.4253200590610504,0.3017069697380066
YLR216C,YGR072W,0,-2.8640354,0.1235026866197586,0.4253200590610504,0.30184921622276306
YJR143C,YNL036W,0,-2.8642385,0.12345169484615326,0.4253200590610504,0.30199146270751953
YMR023C,YBR155W,0,-2.8644698,0.1234007403254509,0.4253200590610504,0.302133709192276
YOR229W,YGR247W,1,-2.865022,0.12376237660646439,0.4267425239086151,0.302133709192276
YDR121W,YDR270W,0,-2.8653862,0.12371134012937546,0.4267425239086151,0.30227595567703247
YDL017W,YPL132W,0,-2.8656232,0.12366034835577011,0.4267425239086151,0.30241820216178894
YMR023C,YPL196W,0,-2.8657923,0.12360939383506775,0.4267425239086151,0.3025604486465454
YBL035C,YOR208W,0,-2.8658025,0.12355848401784897,0.4267425239086151,0.3027026951313019
YHR062C,YFR053C,0,-2.865946,0.12350761890411377,0.4267425239086151,0.30284494161605835
YDL024C,YOR008C,0,-2.8660135,0.12345679104328156,0.4267425239086151,0.3029871881008148
YHR085W,YPR201W,0,-2.8664885,0.12340600788593292,0.4267425239086151,0.3031294345855713
YDR379W,YHR196W,0,-2.8666027,0.12335526198148727,0.4267425239086151,0.30327168107032776
YEL024W,YKL051W,0,-2.8669603,0.12330456078052521,0.4267425239086151,0.30341392755508423
YCR091W,YOR330C,0,-2.867113,0.12325390428304672,0.4267425239086151,0.3035561740398407
YBR015C,YGL053W,0,-2.867243,0.12320328503847122,0.4267425239086151,0.30369842052459717
YOR386W,YBR095C,0,-2.8673239,0.1231527104973793,0.4267425239086151,0.303840696811676
YKL140W,YML091C,0,-2.8673797,0.12310217320919037,0.4267425239086151,0.3039829432964325
YJL048C,YOR298C-A,0,-2.8682196,0.12305168062448502,0.4267425239086151,0.30412518978118896
YLR116W,YPR016C,0,-2.868563,0.12300123274326324,0.4267425239086151,0.30426743626594543
YDR085C,YGL173C,0,-2.8685632,0.12295082211494446,0.4267425239086151,0.3044096827507019
YHR175W,YOL089C,0,-2.8688278,0.12290044873952866,0.4267425239086151,0.3045519292354584
YBR084W,YAL054C,0,-2.869564,0.12285012006759644,0.4267425239086151,0.30469417572021484
YJL191W,YOR239W,0,-2.8697646,0.1227998360991478,0.4267425239086151,0.3048364222049713
YNR052C,YML060W,0,-2.8698838,0.12274958938360214,0.4267425239086151,0.3049786686897278
YDR270W,YGR112W,0,-2.8700004,0.12269938737154007,0.4267425239086151,0.30512091517448425
YPR030W,YJL090C,0,-2.8700457,0.12264922261238098,0.4267425239086151,0.3052631616592407
YDR216W,YOL021C,0,-2.8702552,0.12259910255670547,0.4267425239086151,0.3054054081439972
YIL002C,YMR168C,0,-2.870591,0.12254901975393295,0.4267425239086151,0.30554765462875366
YOL156W,YMR273C,0,-2.870618,0.12249898165464401,0.4267425239086151,0.30568990111351013
YFR055W,YBR065C,0,-2.8706899,0.12244898080825806,0.4267425239086151,0.3058321475982666
YGR077C,YBR182C,0,-2.870742,0.12239901721477509,0.4267425239086151,0.30597439408302307
YNL172W,YHR066W,0,-2.871074,0.12234910577535629,0.4267425239086151,0.30611664056777954
YDR289C,YPR030W,0,-2.8711746,0.12229922413825989,0.4267425239086151,0.306258887052536
YHR175W,YLR105C,0,-2.8716314,0.12224938720464706,0.4267425239086151,0.3064011335372925
YBR020W,YDR484W,0,-2.8725514,0.12219959497451782,0.4267425239086151,0.30654338002204895
YKL140W,YLR214W,0,-2.8727107,0.12214983999729156,0.4267425239086151,0.3066856265068054
YOL077W-A,YDL044C,0,-2.8728878,0.12210012227296829,0.4267425239086151,0.3068278729915619
YKR042W,YPR005C,0,-2.8732483,0.1220504492521286,0.4267425239086151,0.30697011947631836
YJL157C,YOR144C,0,-2.873255,0.1220008134841919,0.4267425239086151,0.30711236596107483
YOR229W,YJL080C,1,-2.8733466,0.12235772609710693,0.4281650185585022,0.30711236596107483
YDR283C,YPL069C,0,-2.8735044,0.12230800837278366,0.4281650185585022,0.3072546124458313
YNL307C,YIR025W,1,-2.8736959,0.12266450375318527,0.4295874834060669,0.3072546124458313
YFR055W,YLR409C,0,-2.8738573,0.12261469662189484,0.4295874834060669,0.30739685893058777
YGR156W,YCR028C-A,0,-2.873926,0.12256493419408798,0.4295874834060669,0.30753910541534424
YGR089W,YAL035W,0,-2.8740954,0.12251521646976471,0.4295874834060669,0.3076813519001007
YIL139C,YNL214W,0,-2.87551,0.12246552854776382,0.4295874834060669,0.3078235983848572
YDL132W,YOR034C,0,-2.8756344,0.12241589277982712,0.4295874834060669,0.30796587467193604
YHR012W,YNL107W,0,-2.8758767,0.1223662868142128,0.4295874834060669,0.3081081211566925
YIL132C,YOL090W,1,-2.8762593,0.12272174656391144,0.4310099482536316,0.3081081211566925
YGR048W,YOR334W,0,-2.8762677,0.12267206609249115,0.4310099482536316,0.308250367641449
YPL057C,YPR049C,0,-2.8764641,0.12262242287397385,0.4310099482536316,0.30839261412620544
YJL033W,YDR039C,0,-2.877486,0.12257281690835953,0.4310099482536316,0.3085348606109619
YHR176W,YLR176C,0,-2.877732,0.1225232481956482,0.4310099482536316,0.3086771070957184
YJL048C,YKR087C,0,-2.8779867,0.12247372418642044,0.4310099482536316,0.30881935358047485
YJL191W,YOL021C,0,-2.878299,0.12242424488067627,0.4310099482536316,0.3089616000652313
YCR028C-A,YFL031W,0,-2.8784482,0.12237479537725449,0.4310099482536316,0.3091038465499878
YBR009C,YML011C,0,-2.87845,0.12232539057731628,0.4310099482536316,0.30924609303474426
YKL049C,YKL081W,0,-2.8786712,0.12227603048086166,0.4310099482536316,0.30938833951950073
YPL196W,YLR130C,0,-2.878851,0.12222670763731003,0.4310099482536316,0.3095305860042572
YGR159C,YNL147W,0,-2.8789718,0.12217742204666138,0.4310099482536316,0.30967283248901367
YPL057C,YML060W,0,-2.8793643,0.12212817370891571,0.4310099482536316,0.30981507897377014
YNL154C,YPL196W,0,-2.8796613,0.12207897007465363,0.4310099482536316,0.3099573254585266
YPR056W,YBR084W,0,-2.879822,0.12202980369329453,0.4310099482536316,0.3100995719432831
YNL186W,YDR231C,0,-2.8800092,0.12198067456483841,0.4310099482536316,0.31024181842803955
YMR179W,YPL087W,0,-2.8801558,0.12193159013986588,0.4310099482536316,0.310384064912796
YOR056C,YML008C,0,-2.8808672,0.12188254296779633,0.4310099482536316,0.3105263113975525
YMR030W,YEL065W,0,-2.8808675,0.12183353304862976,0.4310099482536316,0.31066855788230896
YLL034C,YER001W,0,-2.8809385,0.12178456783294678,0.4310099482536316,0.31081080436706543
YHR164C,YCR028C-A,0,-2.8814642,0.12173563987016678,0.4310099482536316,0.3109530508518219
YMR273C,YJL012C,0,-2.8816988,0.12168674916028976,0.4310099482536316,0.31109529733657837
YPR034W,YPR046W,0,-2.8818853,0.12163789570331573,0.4310099482536316,0.31123754382133484
YBR049C,YBR020W,0,-2.8823593,0.12158908694982529,0.4310099482536316,0.3113797903060913
YCL025C,YOL028C,0,-2.8826296,0.12154031544923782,0.4310099482536316,0.3115220367908478
YDR182W,YMR239C,0,-2.8827002,0.12149158120155334,0.4310099482536316,0.31166428327560425
YDL007W,YPR046W,0,-2.883116,0.12144288420677185,0.4310099482536316,0.3118065297603607
YBR084W,YDL004W,0,-2.883331,0.12139423191547394,0.4310099482536316,0.3119487762451172
YML008C,YIL159W,0,-2.8836765,0.12134561687707901,0.4310099482536316,0.31209105253219604
YMR298W,YKR079C,0,-2.8837554,0.12129703909158707,0.4310099482536316,0.3122332990169525
YLR214W,YLL011W,0,-2.884165,0.12124849855899811,0.4310099482536316,0.312375545501709
YNL221C,YLR055C,0,-2.884342,0.12120000272989273,0.4310099482536316,0.31251779198646545
YJL029C,YPL211W,0,-2.8843725,0.12115153670310974,0.4310099482536316,0.3126600384712219
YBL103C,YKL053C-A,0,-2.8849642,0.12110311537981033,0.4310099482536316,0.3128022849559784
YNL307C,YIR026C,1,-2.8858116,0.12145425379276276,0.4324324429035187,0.3128022849559784
YBR080C,YNL036W,0,-2.886091,0.12140575051307678,0.4324324429035187,0.31294453144073486
YNL326C,YDR258C,0,-2.886258,0.12135728448629379,0.4324324429035187,0.31308677792549133
YDR322C-A,YLR221C,0,-2.8863964,0.12130885571241379,0.4324324429035187,0.3132290244102478
YBR084W,YOR204W,0,-2.8864636,0.12126047164201736,0.4324324429035187,0.3133712708950043
YHR152W,YIR025W,1,-2.8866413,0.1216108426451683,0.4338549077510834,0.3133712708950043
YNL154C,YDR453C,0,-2.8868945,0.12156237661838531,0.4338549077510834,0.31351351737976074
YDR270W,YML115C,0,-2.887161,0.12151394784450531,0.4338549077510834,0.3136557638645172
YBR160W,YIR025W,1,-2.8877413,0.12186379730701447,0.43527737259864807,0.3136557638645172
YDR121W,YLR214W,0,-2.887846,0.1218152865767479,0.43527737259864807,0.3137980103492737
YLL003W,YDR106W,0,-2.8882947,0.12176681309938431,0.43527737259864807,0.31394025683403015
YLR214W,YLR376C,0,-2.8889394,0.1217183768749237,0.43527737259864807,0.3140825033187866
YOR119C,YOL023W,0,-2.889125,0.12166997790336609,0.43527737259864807,0.3142247498035431
YMR030W,YLR110C,0,-2.8893688,0.12162162363529205,0.43527737259864807,0.31436699628829956
YLR131C,YHR148W,0,-2.8897245,0.1215732991695404,0.43527737259864807,0.31450924277305603
YDR302W,YPR024W,0,-2.8900702,0.12152501940727234,0.43527737259864807,0.3146514892578125
YOR229W,YPL121C,1,-2.8900747,0.12187375873327255,0.43669986724853516,0.3146514892578125
YHR114W,YDR324C,0,-2.890168,0.12182539701461792,0.43669986724853516,0.31479373574256897
YKR061W,YDR045C,0,-2.890324,0.12177707254886627,0.43669986724853516,0.31493598222732544
YJL194W,YPR164W,0,-2.8906898,0.12172878533601761,0.43669986724853516,0.3150782287120819
YBR050C,YDR393W,0,-2.890826,0.12168053537607193,0.43669986724853516,0.3152204751968384
YGL122C,YBR084W,0,-2.890893,0.12163233011960983,0.43669986724853516,0.31536272168159485
YGL089C,YDL004W,0,-2.8910253,0.12158416211605072,0.43669986724853516,0.3155049681663513
YIL023C,YDR297W,0,-2.8911593,0.121536023914814,0.43669986724853516,0.3156472146511078
YLR141W,YDL150W,0,-2.8913558,0.12148793041706085,0.43669986724853516,0.31578946113586426
YFL014W,YKL188C,0,-2.8923614,0.1214398741722107,0.43669986724853516,0.3159317076206207
YMR172W,YDR213W,0,-2.8923903,0.12139185518026352,0.43669986724853516,0.3160739541053772
YPR049C,YBR015C,0,-2.8925848,0.12134387344121933,0.43669986724853516,0.31621623039245605
YGL144C,YNL135C,0,-2.8929312,0.12129592895507812,0.43669986724853516,0.3163584768772125
YDR085C,YPR021C,0,-2.893141,0.1212480217218399,0.43669986724853516,0.316500723361969
YDL115C,YHR152W,1,-2.8931634,0.12159494310617447,0.43812233209609985,0.316500723361969
YLR060W,YNL111C,0,-2.8934517,0.12154696136713028,0.43812233209609985,0.31664296984672546
YCR081W,YNL186W,0,-2.8935573,0.12149901688098907,0.43812233209609985,0.31678521633148193
YGR059W,YPR181C,0,-2.8935668,0.12145110219717026,0.43812233209609985,0.3169274628162384
YMR068W,YJR093C,0,-2.8936088,0.12140323221683502,0.43812233209609985,0.3170697093009949
YHL022C,YLR234W,1,-2.8941147,0.1217494085431099,0.43954479694366455,0.3170697093009949
YGL227W,YLL003W,0,-2.8941584,0.12170145660638809,0.43954479694366455,0.31721195578575134
YEL032W,YGR218W,0,-2.894429,0.12165354192256927,0.43954479694366455,0.3173542022705078
YER106W,YGL158W,1,-2.894853,0.12199921160936356,0.44096729159355164,0.3173542022705078
YNL307C,YBL009W,1,-2.8948798,0.12234461307525635,0.44238975644111633,0.3173542022705078
YGR040W,YGR183C,0,-2.8950217,0.12229649722576141,0.44238975644111633,0.3174964487552643
YJL005W,YGR225W,1,-2.895026,0.12264151126146317,0.44381222128868103,0.3174964487552643
YHR164C,YPL161C,0,-2.8950622,0.12259332090616226,0.44381222128868103,0.31763869524002075
YBR098W,YGL194C,1,-2.8953748,0.12293794006109238,0.4452347159385681,0.31763869524002075
YBR098W,YOR073W,1,-2.895809,0.123282290995121,0.4466571807861328,0.31763869524002075
YER161C,YKR061W,0,-2.8959162,0.12323390692472458,0.4466571807861328,0.3177809417247772
YPR201W,YDL212W,0,-2.8964336,0.12318556010723114,0.4466571807861328,0.3179231882095337
YLR131C,YPL132W,0,-2.8971846,0.12313725799322128,0.4466571807861328,0.31806543469429016
YNL121C,YGR089W,0,-2.8985474,0.12308898568153381,0.4466571807861328,0.31820768117904663
YIR025W,YGR225W,1,-2.8985503,0.12343259900808334,0.4480796456336975,0.31820768117904663
YNL103W,YFL031W,0,-2.8985775,0.1233842521905899,0.4480796456336975,0.3183499276638031
YIL154C,YPR041W,0,-2.8987,0.12333594262599945,0.4480796456336975,0.31849217414855957
YOR132W,YDL105W,0,-2.8989756,0.12328767031431198,0.4480796456336975,0.31863442063331604
YGL089C,YPL233W,0,-2.8991005,0.1232394352555275,0.4480796456336975,0.3187766671180725
YPL256C,YLR052W,0,-2.8995278,0.123191237449646,0.4480796456336975,0.318918913602829
YIL106W,YDR297W,0,-2.8997161,0.12314307689666748,0.4480796456336975,0.31906116008758545
YGL205W,YGR072W,0,-2.899761,0.12309496104717255,0.4480796456336975,0.3192034065723419
YMR287C,YFR005C,0,-2.8999116,0.123046875,0.4480796456336975,0.3193456530570984
YOL011W,YPL211W,0,-2.900319,0.12299882620573044,0.4480796456336975,0.31948789954185486
YBR050C,YOL011W,0,-2.9006016,0.12295082211494446,0.4480796456336975,0.31963014602661133
YMR138W,YOR132W,0,-2.900716,0.12290284782648087,0.4480796456336975,0.3197723925113678
YML019W,YNL036W,0,-2.9007628,0.12285491079092026,0.4480796456336975,0.31991463899612427
YNL242W,YDL105W,0,-2.9011045,0.12280701845884323,0.4480796456336975,0.32005688548088074
YGL089C,YDR289C,0,-2.901472,0.12275915592908859,0.4480796456336975,0.3201991319656372
YOR193W,YLR320W,0,-2.9018426,0.12271133810281754,0.4480796456336975,0.32034140825271606
YOR316C,YMR015C,0,-2.9021692,0.12266355007886887,0.4480796456336975,0.32048365473747253
YBR169C,YNL273W,0,-2.9022872,0.12261580675840378,0.4480796456336975,0.320625901222229
YGR257C,YJR031C,0,-2.9028149,0.12256809324026108,0.4480796456336975,0.3207681477069855
YLR263W,YIL132C,1,-2.9035218,0.12290937453508377,0.4495021402835846,0.3207681477069855
YHR008C,YBL025W,0,-2.903814,0.1228615865111351,0.4495021402835846,0.32091039419174194
YEL024W,YBL025W,0,-2.9038637,0.12281383574008942,0.4495021402835846,0.3210526406764984
YOR168W,YDR448W,0,-2.9038694,0.12276612222194672,0.4495021402835846,0.3211948871612549
YER106W,YOR229W,1,-2.9041798,0.12310679256916046,0.4509246051311493,0.3211948871612549
YNL197C,YIR033W,0,-2.9042885,0.12305900454521179,0.4509246051311493,0.32133713364601135
YEL032W,YGL071W,0,-2.9047787,0.12301125377416611,0.4509246051311493,0.3214793801307678
YNL173C,YGL127C,0,-2.9049191,0.12296354025602341,0.4509246051311493,0.3216216266155243
YLR234W,YGL194C,1,-2.905269,0.1233036071062088,0.452347069978714,0.3216216266155243
YCR065W,YPR181C,0,-2.9059634,0.12325581163167953,0.452347069978714,0.32176387310028076
YJL191W,YPR181C,0,-2.9059818,0.12320806086063385,0.452347069978714,0.32190611958503723
YHR175W,YJL076W,0,-2.9059887,0.12316033989191055,0.452347069978714,0.3220483660697937
YPR075C,YBR169C,0,-2.906037,0.12311265617609024,0.452347069978714,0.32219061255455017
YGR225W,YDL154W,1,-2.9060571,0.12345201522111893,0.4537695646286011,0.32219061255455017
YER173W,YBL009W,1,-2.9060915,0.12379110604524612,0.45519202947616577,0.32219061255455017
YKL049C,YNR074C,0,-2.907081,0.12374323606491089,0.45519202947616577,0.32233285903930664
YML021C,YOL016C,0,-2.907428,0.12369540333747864,0.45519202947616577,0.3224751055240631
YOR239W,YBR267W,0,-2.9074488,0.12364760786294937,0.45519202947616577,0.3226173520088196
YDR318W,YHR129C,0,-2.9075677,0.12359984219074249,0.45519202947616577,0.32275959849357605
YOR132W,YOL021C,0,-2.9076824,0.1235521212220192,0.45519202947616577,0.3229018449783325
YJR103W,YDR079C-A,0,-2.9083583,0.12350443750619888,0.45519202947616577,0.323044091463089
YHR164C,YJR057W,0,-2.9086635,0.12345679104328156,0.45519202947616577,0.32318633794784546
YDL004W,YIL031W,0,-2.9092028,0.12340918183326721,0.45519202947616577,0.32332858443260193
YBR160W,YBL009W,1,-2.9094968,0.12374711036682129,0.45661452412605286,0.32332858443260193
YMR250W,YER149C,0,-2.911383,0.12369941920042038,0.45661452412605286,0.3234708309173584
YJL194W,YOR119C,0,-2.9116337,0.12365177273750305,0.45661452412605286,0.32361307740211487
YHR019C,YIL034C,0,-2.9119809,0.12360415607690811,0.45661452412605286,0.32375532388687134
YER106W,YNL088W,1,-2.9119842,0.12394149601459503,0.45803698897361755,0.32375532388687134
YNR074C,YDL200C,0,-2.9119856,0.12389380484819412,0.45803698897361755,0.3238975703716278
YFL002C,YGL012W,0,-2.912217,0.1238461509346962,0.45803698897361755,0.3240398168563843
YNL221C,YLR141W,0,-2.9125302,0.12379854172468185,0.45803698897361755,0.32418206334114075
YLR205C,YDR284C,0,-2.9125507,0.1237509623169899,0.45803698897361755,0.3243243098258972
YDL007W,YGR089W,0,-2.9126666,0.12370342016220093,0.45803698897361755,0.3244665861129761
YBR250W,YLR263W,1,-2.912718,0.12403994053602219,0.45945945382118225,0.3244665861129761
YHR176W,YDL097C,0,-2.9128454,0.12399232387542725,0.45945945382118225,0.32460883259773254
YHR176W,YER123W,0,-2.9131708,0.12394474446773529,0.45945945382118225,0.324751079082489
YML129C,YER001W,0,-2.9132931,0.12389720231294632,0.45945945382118225,0.3248933255672455
YNL232W,YNL126W,0,-2.9135187,0.12384968996047974,0.45945945382118225,0.32503557205200195
YEL027W,YOR279C,0,-2.9135458,0.12380222231149673,0.45945945382118225,0.3251778185367584
YOR168W,YKL053C-A,0,-2.9137886,0.12375479191541672,0.45945945382118225,0.3253200650215149
YBL052C,YDR297W,0,-2.913906,0.12370739132165909,0.45945945382118225,0.32546231150627136
YDL223C,YDL132W,0,-2.9139636,0.12366002798080444,0.45945945382118225,0.32560455799102783
YLR234W,YBR098W,1,-2.9140086,0.12399540841579437,0.46088194847106934,0.32560455799102783
YDR280W,YGR006W,0,-2.9142108,0.12394797056913376,0.46088194847106934,0.3257468044757843
YIR009W,YMR162C,0,-2.9143608,0.12390056997537613,0.46088194847106934,0.32588905096054077
YIL002C,YMR025W,0,-2.914614,0.12385321408510208,0.46088194847106934,0.32603129744529724
YNL283C,YMR068W,0,-2.9146168,0.12380588799715042,0.46088194847106934,0.3261735439300537
YHR174W,YKR101W,0,-2.914717,0.12375859171152115,0.46088194847106934,0.3263157904148102
YMR172W,YBR199W,0,-2.9148076,0.12371134012937546,0.46088194847106934,0.32645803689956665
YDL024C,YOR330C,0,-2.9156253,0.12366412580013275,0.46088194847106934,0.3266002833843231
YCL033C,YIL048W,0,-2.91627,0.12361694127321243,0.46088194847106934,0.3267425298690796
YNL048W,YIR033W,0,-2.916483,0.1235697939991951,0.46088194847106934,0.32688477635383606
YOR073W,YBR160W,1,-2.9166126,0.12390393018722534,0.46230441331863403,0.32688477635383606
YOL011W,YDR039C,0,-2.91665,0.12385670840740204,0.46230441331863403,0.32702702283859253
YLR382C,YMR059W,0,-2.9182851,0.12380952388048172,0.46230441331863403,0.327169269323349
YLL003W,YGL053W,0,-2.9183233,0.12376237660646439,0.46230441331863403,0.32731151580810547
YIL154C,YDL043C,0,-2.9183881,0.12371526658535004,0.46230441331863403,0.32745376229286194
YDR087C,YNR052C,0,-2.9187915,0.12366818636655807,0.46230441331863403,0.3275960087776184
YGL122C,YER109C,0,-2.9188325,0.1236211508512497,0.46230441331863403,0.3277382552623749
YHL022C,YBR098W,1,-2.9190292,0.12395437061786652,0.46372687816619873,0.3277382552623749
YGL175C,YNL088W,1,-2.9191053,0.12428734451532364,0.4651493728160858,0.3277382552623749
YML073C,YPR082C,0,-2.9197803,0.12424012273550034,0.4651493728160858,0.32788050174713135
YPL151C,YDR501W,0,-2.9200723,0.12419293820858002,0.4651493728160858,0.3280227482318878
YPR049C,YPR082C,0,-2.9202945,0.12414578348398209,0.4651493728160858,0.3281649947166443
YDR449C,YLR438C-A,0,-2.9209282,0.12409867346286774,0.4651493728160858,0.32830724120140076
YDR297W,YPL161C,0,-2.920956,0.12405159324407578,0.4651493728160858,0.3284494876861572
YMR025W,YJL041W,0,-2.9213936,0.1240045502781868,0.4651493728160858,0.3285917639732361
YOL158C,YOR132W,0,-2.921593,0.1239575445652008,0.4651493728160858,0.32873401045799255
YNR008W,YHR016C,0,-2.9216702,0.1239105686545372,0.4651493728160858,0.328876256942749
YGR214W,YLR138W,0,-2.922052,0.12386363744735718,0.4651493728160858,0.3290185034275055
YPL020C,YDR270W,0,-2.9220843,0.12381673604249954,0.4651493728160858,0.32916074991226196
YLR234W,YLR248W,1,-2.9221594,0.12414836883544922,0.4665718376636505,0.32916074991226196
YGR159C,YLR016C,0,-2.922169,0.12410140037536621,0.4665718376636505,0.32930299639701843
YLR131C,YDR194C,0,-2.922268,0.12405446171760559,0.4665718376636505,0.3294452428817749
YBR009C,YKL012W,0,-2.92227,0.12400756031274796,0.4665718376636505,0.32958748936653137
YPL057C,YNR074C,0,-2.9222834,0.1239606961607933,0.4665718376636505,0.32972973585128784
YOR270C,YDR258C,0,-2.9227366,0.12391386181116104,0.4665718376636505,0.3298719823360443
YHL022C,YPL139C,1,-2.9232914,0.12424471229314804,0.4679943025112152,0.3298719823360443
YJL074C,YLR248W,1,-2.923292,0.12457530945539474,0.4694167971611023,0.3298719823360443
YDR283C,YCL004W,0,-2.9234,0.12452830374240875,0.4694167971611023,0.3300142288208008
YNL209W,YER149C,0,-2.9235883,0.12448132783174515,0.4694167971611023,0.33015647530555725
YLR430W,YNL126W,0,-2.9239535,0.12443438917398453,0.4694167971611023,0.3302987217903137
YOR341W,YDR088C,0,-2.9240181,0.12438748776912689,0.4694167971611023,0.3304409682750702
YOL077W-A,YHR205W,0,-2.92414,0.12434061616659164,0.4694167971611023,0.33058321475982666
YHL022C,YJL146W,1,-2.9243991,0.12467043101787567,0.470839262008667,0.33058321475982666
YGR112W,YOR100C,0,-2.9245734,0.12462349236011505,0.470839262008667,0.33072546124458313
YHR069C,YBR065C,0,-2.9248092,0.12457659095525742,0.470839262008667,0.3308677077293396
YDL024C,YIL115C,0,-2.9251177,0.12452971935272217,0.470839262008667,0.33100995421409607
YOL011W,YBR182C,0,-2.9257066,0.1244828850030899,0.470839262008667,0.33115220069885254
YER161C,YGL053W,0,-2.9258564,0.12443608790636063,0.470839262008667,0.331294447183609
YDL200C,YJL012C,0,-2.9259899,0.12438932806253433,0.470839262008667,0.3314366936683655
YKR101W,YJL012C,0,-2.926119,0.12434259802103043,0.470839262008667,0.33157894015312195
YDR379W,YBR009C,0,-2.926253,0.1242959052324295,0.470839262008667,0.3317211866378784
YNL313C,YHR196W,0,-2.9263473,0.12424924969673157,0.470839262008667,0.3318634331226349
YNR054C,YKR087C,0,-2.9266315,0.12420262396335602,0.470839262008667,0.33200567960739136
YDR359C,YML023C,0,-2.9270613,0.12415603548288345,0.470839262008667,0.3321479260921478
YGL144C,YOR204W,0,-2.927944,0.12410948425531387,0.470839262008667,0.3322901725769043
YGR077C,YLR438C-A,0,-2.9280045,0.12406297028064728,0.470839262008667,0.33243241906166077
YDL024C,YBL007C,0,-2.9280698,0.12401648610830307,0.470839262008667,0.33257466554641724
YNL221C,YMR117C,0,-2.9283462,0.12397003918886185,0.470839262008667,0.3327169418334961
YPR030W,YHR129C,0,-2.9283686,0.12392362207174301,0.470839262008667,0.33285918831825256
YOR229W,YGR225W,1,-2.9284427,0.12425149977207184,0.4722617268562317,0.33285918831825256
YNL186W,YDR258C,0,-2.9287808,0.12420501559972763,0.4722617268562317,0.33300143480300903
YCR092C,YOL090W,1,-2.9291508,0.1245325356721878,0.4736842215061188,0.33300143480300903
YBR250W,YJL146W,1,-2.9291773,0.12485980987548828,0.47510668635368347,0.33300143480300903
YBR098W,YBL009W,1,-2.9297335,0.12518684566020966,0.47652915120124817,0.33300143480300903
YHL006C,YER006W,0,-2.9300592,0.12514008581638336,0.47652915120124817,0.3331436812877655
YLR191W,YNR074C,0,-2.9303687,0.12509335577487946,0.47652915120124817,0.333285927772522
YPR049C,YGR129W,0,-2.9304235,0.12504665553569794,0.47652915120124817,0.33342817425727844
YPL160W,YDL223C,0,-2.9306781,0.125,0.47652915120124817,0.3335704207420349
YDL003W,YKL081W,0,-2.931167,0.12495337426662445,0.47652915120124817,0.3337126672267914
YLR396C,YKL004W,0,-2.9313204,0.12490678578615189,0.47652915120124817,0.33385491371154785
YHR175W,YGL044C,0,-2.9316547,0.1248602345585823,0.47652915120124817,0.3339971601963043
YOL088C,YMR117C,0,-2.9317393,0.12481371313333511,0.47652915120124817,0.3341394066810608
YBR020W,YGR094W,0,-2.931918,0.1247672289609909,0.47652915120124817,0.33428165316581726
YDL043C,YGL205W,0,-2.9326465,0.12472077459096909,0.47652915120124817,0.33442389965057373
YGL089C,YMR287C,0,-2.93304,0.12467435747385025,0.47652915120124817,0.3345661461353302
YMR068W,YLR055C,0,-2.933223,0.1246279776096344,0.47652915120124817,0.33470839262008667
YBR273C,YNR072W,0,-2.9339452,0.12458162754774094,0.47652915120124817,0.33485063910484314
YPL121C,YCR010C,1,-2.9340847,0.12490706145763397,0.47795164585113525,0.33485063910484314
YOR204W,YBR080C,0,-2.9346628,0.12486064434051514,0.47795164585113525,0.3349928855895996
YAL059W,YDL052C,0,-2.9346979,0.12481426447629929,0.47795164585113525,0.3351351320743561
YJL048C,YJL063C,0,-2.934737,0.12476791441440582,0.47795164585113525,0.33527737855911255
YJR053W,YJL063C,0,-2.9348443,0.12472160160541534,0.47795164585113525,0.335419625043869
YPR034W,YHR042W,0,-2.9352043,0.12467532604932785,0.47795164585113525,0.3355618715286255
YOR005C,YDL216C,0,-2.9354372,0.12462908029556274,0.47795164585113525,0.33570411801338196
YMR127C,YPR042C,0,-2.9354405,0.12458287179470062,0.47795164585113525,0.3358463644981384
YDL044C,YLR337C,0,-2.935899,0.12453669309616089,0.47795164585113525,0.3359886109828949
YEL054C,YFL021W,0,-2.9359,0.12449055165052414,0.47795164585113525,0.33613085746765137
YEL027W,YGR006W,0,-2.9359632,0.12444444745779037,0.47795164585113525,0.33627310395240784
YJL207C,YNL135C,0,-2.9366071,0.124398373067379,0.47795164585113525,0.3364153504371643
YBR084W,YNL135C,0,-2.9366136,0.12435232847929001,0.47795164585113525,0.3365575969219208
YNL218W,YBR020W,0,-2.936941,0.1243063285946846,0.47795164585113525,0.33669984340667725
YOR334W,YPL146C,0,-2.937112,0.12426035851240158,0.47795164585113525,0.3368421196937561
YMR280C,YGL070C,0,-2.9371426,0.12421441823244095,0.47795164585113525,0.3369843661785126
YMR149W,YGR003W,0,-2.9375274,0.1241685152053833,0.47795164585113525,0.33712661266326904
YFR053C,YDR284C,0,-2.9377396,0.12412264198064804,0.47795164585113525,0.3372688591480255
YEL024W,YLR176C,0,-2.9377663,0.12407680600881577,0.47795164585113525,0.337411105632782
YER082C,YGL012W,0,-2.938574,0.12403100728988647,0.47795164585113525,0.33755335211753845
YOL108C,YNR074C,0,-2.9388473,0.12398523837327957,0.47795164585113525,0.3376955986022949
YDR085C,YHR176W,0,-2.939007,0.12393950670957565,0.47795164585113525,0.3378378450870514
YGR159C,YGL012W,0,-2.9394252,0.12389380484819412,0.47795164585113525,0.33798009157180786
YER169W,YHR008C,0,-2.9398077,0.12384814023971558,0.47795164585113525,0.33812233805656433
YGL194C,YPL121C,1,-2.939994,0.12417096644639969,0.47937411069869995,0.33812233805656433
YHL007C,YDR359C,0,-2.940766,0.12412522733211517,0.47937411069869995,0.3382645845413208
YBR118W,YBR172C,0,-2.941243,0.12407952547073364,0.47937411069869995,0.33840683102607727
YML080W,YFR055W,0,-2.9413774,0.1240338608622551,0.47937411069869995,0.33854907751083374
YNL182C,YDL200C,0,-2.9416568,0.12398822605609894,0.47937411069869995,0.3386913239955902
YOR168W,YAL017W,0,-2.9418337,0.12394262850284576,0.47937411069869995,0.3388335704803467
YPR191W,YDR490C,0,-2.9419544,0.12389706075191498,0.47937411069869995,0.33897581696510315
YDR280W,YCL025C,0,-2.9420564,0.12385152280330658,0.47937411069869995,0.3391180634498596
YER120W,YOR100C,0,-2.9422522,0.12380602210760117,0.47937411069869995,0.3392603099346161
YGR247W,YER173W,1,-2.9429817,0.12412779778242111,0.48079657554626465,0.3392603099346161
YCR089W,YGR183C,0,-2.9431627,0.12408223003149033,0.48079657554626465,0.33940255641937256
YMR273C,YML019W,0,-2.9433303,0.12403669953346252,0.48079657554626465,0.33954480290412903
YNL021W,YOL121C,0,-2.9433422,0.12399119883775711,0.48079657554626465,0.3396870493888855
YPR201W,YGR002C,0,-2.9437003,0.12394572794437408,0.48079657554626465,0.33982929587364197
YLR248W,YBR160W,1,-2.943703,0.1242668628692627,0.48221907019615173,0.33982929587364197
YOL158C,YDR059C,0,-2.9437194,0.1242213249206543,0.48221907019615173,0.33997154235839844
YPR075C,YLR276C,0,-2.9438503,0.12417582422494888,0.48221907019615173,0.3401137888431549
YNL107W,YKL140W,0,-2.9439528,0.12413035333156586,0.48221907019615173,0.3402560353279114
YDR283C,YLR376C,0,-2.9441178,0.12408491969108582,0.48221907019615173,0.34039828181266785
YOR073W,YCR010C,1,-2.9441395,0.12440541386604309,0.48364153504371643,0.34039828181266785
YHR148W,YPL192C,0,-2.94442,0.12435991317033768,0.48364153504371643,0.3405405282974243
YPR182W,YJL014W,0,-2.9447708,0.12431444227695465,0.48364153504371643,0.3406827747821808
YER126C,YPL115C,0,-2.9448926,0.12426900863647461,0.48364153504371643,0.34082502126693726
YNR052C,YJR053W,0,-2.9449556,0.12422360479831696,0.48364153504371643,0.3409672975540161
YDR322C-A,YDR087C,0,-2.945061,0.12417823076248169,0.48364153504371643,0.3411095440387726
YLR234W,YOR073W,1,-2.9454854,0.12449799478054047,0.48506399989128113,0.3411095440387726
YEL027W,YMR287C,0,-2.9456604,0.12445255368947983,0.48506399989128113,0.34125179052352905
YEL054C,YJR031C,0,-2.9458168,0.12440714985132217,0.48506399989128113,0.3413940370082855
YDR404C,YIL159W,0,-2.9461648,0.1243617832660675,0.48506399989128113,0.341536283493042
YMR280C,YOR004W,0,-2.9463706,0.12431643903255463,0.48506399989128113,0.34167852997779846
YLR382C,YHR067W,0,-2.9463973,0.12427113950252533,0.48506399989128113,0.34182077646255493
YGL227W,YMR287C,0,-2.946437,0.12422586232423782,0.48506399989128113,0.3419630229473114
YOL156W,YNL172W,0,-2.946444,0.1241806298494339,0.48506399989128113,0.34210526943206787
YFR055W,YMR227C,0,-2.946728,0.12413541972637177,0.48506399989128113,0.34224751591682434
YGR159C,YPL161C,0,-2.9468207,0.12409024685621262,0.48506399989128113,0.3423897624015808
YPL046C,YOR377W,0,-2.9474351,0.12404510378837585,0.48506399989128113,0.3425320088863373
YKR061W,YBL052C,0,-2.9480362,0.12399999797344208,0.48506399989128113,0.34267425537109375
YBR118W,YGL053W,0,-2.9483664,0.12395492196083069,0.48506399989128113,0.3428165018558502
YLR263W,YER173W,1,-2.9485571,0.12427325546741486,0.4864864945411682,0.3428165018558502
YKL126W,YJL157C,0,-2.9486,0.1242281123995781,0.4864864945411682,0.3429587483406067
YGR188C,YDR404C,0,-2.9490836,0.12418300658464432,0.4864864945411682,0.34310099482536316
YIL139C,YGR006W,0,-2.9490902,0.12413793057203293,0.4864864945411682,0.34324324131011963
YJL194W,YNL214W,0,-2.9493227,0.12409289181232452,0.4864864945411682,0.3433854877948761
YLR234W,YCR092C,1,-2.9497116,0.12441059201955795,0.4879089593887329,0.3433854877948761
YDL022W,YKL166C,0,-2.9499717,0.12436547875404358,0.4879089593887329,0.34352773427963257
YKR035W-A,YJR108W,0,-2.951015,0.12432040274143219,0.4879089593887329,0.34366998076438904
YNL222W,YOR204W,0,-2.9515638,0.12427536398172379,0.4879089593887329,0.3438122272491455
YJL074C,YCR010C,1,-2.9516146,0.12459254264831543,0.4893314242362976,0.3438122272491455
YNL173C,YOR156C,0,-2.9523528,0.12454742938280106,0.4893314242362976,0.343954473733902
YGL194C,YGR247W,1,-2.9530053,0.12486428022384644,0.4907539188861847,0.343954473733902
YBR182C,YKL004W,0,-2.953015,0.12481909990310669,0.4907539188861847,0.34409672021865845
YHR069C,YCR089W,0,-2.9533298,0.12477395683526993,0.4907539188861847,0.3442389667034149
YHR082C,YDR404C,0,-2.9534204,0.12472885102033615,0.4907539188861847,0.3443812131881714
YKL129C,YJL063C,0,-2.953492,0.12468377500772476,0.4907539188861847,0.34452345967292786
YPL174C,YOL124C,0,-2.9536526,0.12463872879743576,0.4907539188861847,0.3446657061576843
YNL139C,YNL036W,0,-2.953922,0.12459371984004974,0.4907539188861847,0.3448079526424408
YPL174C,YHR175W,0,-2.9541032,0.12454873323440552,0.4907539188861847,0.34495019912719727
YGL158W,YPL121C,1,-2.954118,0.12486466765403748,0.4921763837337494,0.34495019912719727
YGL194C,YCR010C,1,-2.9544854,0.12518037855625153,0.4935988485813141,0.34495019912719727
YOR026W,YDR258C,0,-2.9548542,0.12513522803783417,0.4935988485813141,0.3450924754142761
YCR091W,YGR003W,0,-2.95493,0.1250901222229004,0.4935988485813141,0.3452347218990326
YHR152W,YBR160W,1,-2.955376,0.12540540099143982,0.49502134323120117,0.3452347218990326
YDR289C,YDR079C-A,0,-2.9554694,0.12536023557186127,0.49502134323120117,0.34537696838378906
YJL048C,YKR061W,0,-2.955608,0.1253150850534439,0.49502134323120117,0.34551921486854553
YLR310C,YKL081W,0,-2.9556382,0.12526997923851013,0.49502134323120117,0.345661461353302
YHR164C,YPL262W,0,-2.9557478,0.12522490322589874,0.49502134323120117,0.34580370783805847
YPL057C,YGR059W,0,-2.9560492,0.12517985701560974,0.49502134323120117,0.34594595432281494
YNL021W,YKL085W,0,-2.9569027,0.12513484060764313,0.49502134323120117,0.3460882008075714
YFR040W,YMR091C,0,-2.9571707,0.1250898689031601,0.49502134323120117,0.3462304472923279
YBR050C,YOL121C,0,-2.9577034,0.12504491209983826,0.49502134323120117,0.34637269377708435
YDR087C,YKL007W,0,-2.9580207,0.125,0.49502134323120117,0.3465149402618408
YGL194C,YNL088W,1,-2.9585593,0.12531417608261108,0.49644380807876587,0.3465149402618408
YJL074C,YIR025W,1,-2.9586308,0.12562814354896545,0.49786627292633057,0.3465149402618408
YHR069C,YDR392W,0,-2.9589443,0.12558306753635406,0.49786627292633057,0.3466571867465973
YOL108C,YHR175W,0,-2.959014,0.12553802132606506,0.49786627292633057,0.34679943323135376
YGR202C,YER028C,0,-2.9592607,0.12549300491809845,0.49786627292633057,0.34694167971611023
YGR257C,YPR164W,0,-2.9593503,0.12544803321361542,0.49786627292633057,0.3470839262008667
YDR087C,YDR116C,0,-2.959382,0.12540307641029358,0.49786627292633057,0.34722617268562317
YKR061W,YDR231C,0,-2.9594913,0.12535816431045532,0.49786627292633057,0.34736841917037964
YPL045W,YBR079C,0,-2.9595654,0.12531328201293945,0.49786627292633057,0.3475106656551361
YMR268C,YPR164W,0,-2.9597225,0.12526842951774597,0.49786627292633057,0.3476529121398926
YJL080C,YPL194W,1,-2.959971,0.12558139860630035,0.49928876757621765,0.3476529121398926
YJR057W,YOR295W,0,-2.959986,0.1255364865064621,0.49928876757621765,0.34779515862464905
YCR065W,YDL150W,0,-2.9602432,0.12549160420894623,0.49928876757621765,0.3479374051094055
YPL001W,YDR069C,0,-2.960275,0.12544675171375275,0.49928876757621765,0.348079651594162
YER001W,YPL161C,0,-2.960501,0.12540192902088165,0.49928876757621765,0.34822189807891846
YHR062C,YNL111C,0,-2.9611053,0.12535713613033295,0.49928876757621765,0.3483641445636749
YDR120C,YOR127W,0,-2.9611108,0.12531238794326782,0.49928876757621765,0.3485063910484314
YDL170W,YJL006C,0,-2.9612248,0.12526766955852509,0.49928876757621765,0.34864863753318787
YDR436W,YKL004W,0,-2.961337,0.12522298097610474,0.49928876757621765,0.34879088401794434
YNL173C,YJL194W,0,-2.9614823,0.12517832219600677,0.49928876757621765,0.3489331305027008
YPR101W,YKL012W,0,-2.9616067,0.1251336932182312,0.49928876757621765,0.3490753769874573
YHL022C,YGL175C,1,-2.9616497,0.12544547021389008,0.5007112622261047,0.3490753769874573
YKL008C,YER028C,0,-2.9621377,0.12540078163146973,0.5007112622261047,0.34921765327453613
YMR280C,YPR021C,0,-2.9622056,0.12535612285137177,0.5007112622261047,0.3493598997592926
YNL088W,YGR225W,1,-2.9624207,0.1256674975156784,0.5021337270736694,0.3493598997592926
YNL307C,YCR092C,1,-2.962433,0.12597864866256714,0.5035561919212341,0.3493598997592926
YFR055W,YGL071W,0,-2.9628222,0.12593382596969604,0.5035561919212341,0.3495021462440491
YPR049C,YLR438C-A,0,-2.9628906,0.12588904798030853,0.5035561919212341,0.34964439272880554
YPR021C,YOL156W,0,-2.9631155,0.1258442997932434,0.5035561919212341,0.349786639213562
YPL069C,YPR201W,0,-2.96393,0.12579956650733948,0.5035561919212341,0.3499288856983185
YDR216W,YER006W,0,-2.9643395,0.12575487792491913,0.5035561919212341,0.35007113218307495
YDL017W,YLL034C,0,-2.9643433,0.12571023404598236,0.5035561919212341,0.3502133786678314
YER008C,YOR056C,0,-2.9647508,0.1256656050682068,0.5035561919212341,0.3503556251525879
YOR341W,YCR002C,0,-2.9649503,0.1256210058927536,0.5035561919212341,0.35049787163734436
YDL231C,YLR214W,0,-2.9654825,0.125576451420784,0.5035561919212341,0.35064011812210083
YDR280W,YKR050W,0,-2.9655917,0.12553191184997559,0.5035561919212341,0.3507823646068573
YPR075C,YGR006W,0,-2.9658158,0.12548741698265076,0.5035561919212341,0.35092461109161377
YDL115C,YGL194C,1,-2.96608,0.125797301530838,0.5049786567687988,0.35092461109161377
YFR050C,YDR270W,0,-2.9660923,0.1257527470588684,0.5049786567687988,0.35106685757637024
YDR384C,YOR132W,0,-2.9664829,0.1257082223892212,0.5049786567687988,0.3512091040611267
YOL158C,YDR393W,0,-2.9665983,0.12566371262073517,0.5049786567687988,0.3513513505458832
YBL020W,YGR239C,0,-2.9670513,0.12561924755573273,0.5049786567687988,0.35149359703063965
YLR263W,YBL009W,1,-2.967455,0.12592855095863342,0.5064011216163635,0.35149359703063965
YPR046W,YOR008C,0,-2.9677107,0.125884011387825,0.5064011216163635,0.3516358435153961
YGR183C,YIL031W,0,-2.9677963,0.12583951652050018,0.5064011216163635,0.3517780900001526
YJL033W,YDR129C,0,-2.96797,0.12579505145549774,0.5064011216163635,0.35192033648490906
YPR049C,YDR479C,0,-2.967981,0.1257506161928177,0.5064011216163635,0.3520625829696655
YOR245C,YDR235W,0,-2.9681532,0.12570621073246002,0.5064011216163635,0.352204829454422
YDR384C,YDR235W,0,-2.9682238,0.12566184997558594,0.5064011216163635,0.35234707593917847
YDR359C,YIL017C,0,-2.9683821,0.12561750411987305,0.5064011216163635,0.35248932242393494
YLR006C,YPL253C,0,-2.9684062,0.12557318806648254,0.5064011216163635,0.3526315689086914
YNL121C,YDR479C,0,-2.969043,0.12552891671657562,0.5064011216163635,0.3527738153934479
YOR073W,YDL154W,1,-2.9690588,0.12583714723587036,0.5078235864639282,0.3527738153934479
YMR241W,YOR334W,0,-2.9692824,0.12579281628131866,0.5078235864639282,0.35291606187820435
YMR030W,YHR175W,0,-2.9694893,0.12574850022792816,0.5078235864639282,0.3530583083629608
YPL091W,YLR176C,0,-2.9697177,0.12570422887802124,0.5078235864639282,0.3532005548477173
YLR263W,YGL175C,1,-2.9697328,0.12601196765899658,0.5092461109161377,0.3532005548477173
YHR008C,YNL126W,0,-2.9698682,0.1259676218032837,0.5092461109161377,0.35334283113479614
YDL020C,YDR527W,0,-2.970155,0.12592332065105438,0.5092461109161377,0.3534850776195526
YPR075C,YJR108W,0,-2.970702,0.12587904930114746,0.5092461109161377,0.3536273241043091
YMR298W,YLL011W,0,-2.97079,0.12583479285240173,0.5092461109161377,0.35376957058906555
YDL024C,YBL020W,0,-2.9713137,0.1257905811071396,0.5092461109161377,0.353911817073822
YPL140C,YML011C,0,-2.9716537,0.12574639916419983,0.5092461109161377,0.3540540635585785
YBR160W,YOL090W,1,-2.971772,0.12605337798595428,0.5106685757637024,0.3540540635585785
YIL075C,YCR028C-A,0,-2.9718482,0.12600912153720856,0.5106685757637024,0.35419631004333496
YKR079C,YPR008W,0,-2.9719307,0.1259649097919464,0.5106685757637024,0.35433855652809143
YPL161C,YPR186C,0,-2.9721937,0.12592072784900665,0.5106685757637024,0.3544808030128479
YJL157C,YBR267W,0,-2.9723186,0.12587657570838928,0.5106685757637024,0.35462304949760437
YKL178C,YML019W,0,-2.9724312,0.1258324533700943,0.5106685757637024,0.35476529598236084
YEL054C,YBR177C,0,-2.9729242,0.1257883608341217,0.5106685757637024,0.3549075424671173
YLR234W,YPL121C,1,-2.9731638,0.12609456479549408,0.5120910406112671,0.3549075424671173
YNL088W,YCR010C,1,-2.973261,0.12640056014060974,0.5135135054588318,0.3549075424671173
YNL130C,YPL137C,0,-2.9741719,0.1263563185930252,0.5135135054588318,0.3550497889518738
YPL053C,YPL231W,0,-2.9741766,0.12631210684776306,0.5135135054588318,0.35519203543663025
YOL097C,YLR319C,0,-2.9744112,0.1262679249048233,0.5135135054588318,0.3553342819213867
YOR116C,YDR279W,0,-2.9745052,0.12622377276420593,0.5135135054588318,0.3554765284061432
YOR229W,YGL194C,1,-2.9746242,0.12652918696403503,0.5149359703063965,0.3554765284061432
YLR320W,YKL008C,0,-2.9748604,0.1264849752187729,0.5149359703063965,0.35561877489089966
YOL090W,YBL009W,1,-2.9754407,0.12679007649421692,0.5163584351539612,0.35561877489089966
YPR021C,YLR116W,0,-2.9759622,0.12674580514431,0.5163584351539612,0.35576102137565613
YLR110C,YMR025W,0,-2.976435,0.12670156359672546,0.5163584351539612,0.3559032678604126
YMR127C,YPL075W,0,-2.976463,0.1266573667526245,0.5163584351539612,0.35604551434516907
YIL048W,YLR092W,0,-2.9767582,0.12661318480968475,0.5163584351539612,0.35618776082992554
YPL139C,YCR010C,1,-2.9772222,0.12691771984100342,0.5177809596061707,0.35618776082992554
YOL088C,YKL008C,0,-2.9772975,0.12687347829341888,0.5177809596061707,0.356330007314682
YLR033W,YCR028C-A,0,-2.9773085,0.12682926654815674,0.5177809596061707,0.3564722537994385
YHR019C,YJL194W,0,-2.9775813,0.12678509950637817,0.5177809596061707,0.35661450028419495
YPR164W,YDR147W,0,-2.9776604,0.1267409473657608,0.5177809596061707,0.3567567467689514
YDR463W,YMR025W,0,-2.9779387,0.12669683992862701,0.5177809596061707,0.3568989932537079
YGL122C,YBL025W,0,-2.9783046,0.12665274739265442,0.5177809596061707,0.35704123973846436
YLR248W,YBL009W,1,-2.9790084,0.1269565224647522,0.5192034244537354,0.35704123973846436
YPR016C,YIL034C,0,-2.979359,0.12691238522529602,0.5192034244537354,0.3571834862232208
YOR316C,YGR188C,0,-2.979446,0.12686826288700104,0.5192034244537354,0.3573257327079773
YDR448W,YNL222W,0,-2.9797475,0.12682418525218964,0.5192034244537354,0.35746800899505615
YPR024W,YLR337C,0,-2.9797573,0.12678013741970062,0.5192034244537354,0.3576102554798126
YBR050C,YCR093W,0,-2.979758,0.1267361044883728,0.5192034244537354,0.3577525019645691
YBR250W,YGL158W,1,-2.9804008,0.12703922390937805,0.5206258893013,0.3577525019645691
YBR169C,YKR085C,0,-2.9805138,0.12699514627456665,0.5206258893013,0.35789474844932556
YHR176W,YPR164W,0,-2.9807112,0.12695109844207764,0.5206258893013,0.35803699493408203
YDR216W,YMR250W,0,-2.981235,0.126907080411911,0.5206258893013,0.3581792414188385
YML073C,YKL166C,0,-2.9815283,0.12686309218406677,0.5206258893013,0.35832148790359497
YPR046W,YER155C,0,-2.9818323,0.12681913375854492,0.5206258893013,0.35846373438835144
YPL069C,YMR173W,0,-2.9819744,0.12677520513534546,0.5206258893013,0.3586059808731079
YIL023C,YAL017W,0,-2.9822521,0.12673130631446838,0.5206258893013,0.3587482273578644
YKR101W,YNL209W,0,-2.9822562,0.1266874372959137,0.5206258893013,0.35889047384262085
YNL222W,YHR008C,0,-2.9827845,0.1266435980796814,0.5206258893013,0.3590327203273773
YPR075C,YIL115C,0,-2.9831512,0.12659978866577148,0.5206258893013,0.3591749668121338
YKL129C,YKR035W-A,0,-2.983241,0.12655602395534515,0.5206258893013,0.35931721329689026
YOL051W,YIL017C,0,-2.9833615,0.12651227414608002,0.5206258893013,0.35945945978164673
YOL124C,YHR012W,0,-2.9834957,0.12646855413913727,0.5206258893013,0.3596017062664032
YER106W,YIL132C,1,-2.983672,0.1267702877521515,0.5220483541488647,0.3596017062664032
YOR377W,YPL112C,0,-2.9842584,0.12672652304172516,0.5220483541488647,0.35974395275115967
YGL089C,YDL147W,0,-2.984679,0.12668277323246002,0.5220483541488647,0.35988619923591614
YPL192C,YGL012W,0,-2.9849303,0.12663906812667847,0.5220483541488647,0.3600284457206726
YLR191W,YJL048C,0,-2.9860563,0.1265953779220581,0.5220483541488647,0.3601706922054291
YOR100C,YBR267W,0,-2.9862945,0.12655171751976013,0.5220483541488647,0.36031293869018555
YMR059W,YMR117C,0,-2.9865139,0.12650810182094574,0.5220483541488647,0.360455185174942
YOR148C,YPL211W,0,-2.9867823,0.12646450102329254,0.5220483541488647,0.3605974316596985
YGL175C,YGR247W,1,-2.9872196,0.1267654150724411,0.5234708189964294,0.3605974316596985
YDR075W,YDR385W,0,-2.9874566,0.12672176957130432,0.5234708189964294,0.36073967814445496
YMR138W,YGR048W,0,-2.9879239,0.12667813897132874,0.5234708189964294,0.3608819246292114
YNL307C,YBR098W,1,-2.9883978,0.12697866559028625,0.5248933434486389,0.3608819246292114
YML028W,YOR127W,0,-2.9886744,0.1269349902868271,0.5248933434486389,0.3610241711139679
YIR026C,YDL154W,1,-2.9891207,0.12723521888256073,0.5263158082962036,0.3610241711139679
YGL133W,YML019W,0,-2.989597,0.1271914690732956,0.5263158082962036,0.36116641759872437
YKL188C,YOR308C,0,-2.9899902,0.12714776396751404,0.5263158082962036,0.36130866408348083
YNL232W,YDR235W,0,-2.9903991,0.12710408866405487,0.5263158082962036,0.3614509105682373
YNR054C,YBL025W,0,-2.990547,0.1270604431629181,0.5263158082962036,0.36159318685531616
YMR162C,YJL014W,0,-2.9913075,0.1270168274641037,0.5263158082962036,0.36173543334007263
YNL007C,YDR398W,0,-2.9914567,0.1269732266664505,0.5263158082962036,0.3618776798248291
YOR073W,YJL005W,1,-2.9916666,0.12727272510528564,0.5277382731437683,0.3618776798248291
YDR463W,YIL017C,0,-2.9919016,0.12722907960414886,0.5277382731437683,0.36201992630958557
YNL130C,YBR015C,0,-2.9919798,0.12718546390533447,0.5277382731437683,0.36216217279434204
YPL139C,YGL194C,1,-2.9922483,0.12748457491397858,0.529160737991333,0.36216217279434204
YHR176W,YIL115C,0,-2.992353,0.1274408996105194,0.529160737991333,0.3623044192790985
YBL052C,YKL053C-A,0,-2.9926493,0.12739725410938263,0.529160737991333,0.362446665763855
YJR143C,YLR438C-A,0,-2.9927526,0.12735365331172943,0.529160737991333,0.36258891224861145
YNL283C,YIL159W,0,-2.993181,0.12731006741523743,0.529160737991333,0.3627311587333679
YDL020C,YBR009C,0,-2.9939504,0.1272665113210678,0.529160737991333,0.3628734052181244
YMR273C,YPR082C,0,-2.994311,0.12722298502922058,0.529160737991333,0.36301565170288086
YPL020C,YBR020W,0,-2.9943278,0.12717948853969574,0.529160737991333,0.36315789818763733
YMR127C,YBR182C,0,-2.9945347,0.1271360218524933,0.529160737991333,0.3633001446723938
YBR170C,YGL012W,0,-2.995446,0.12709258496761322,0.529160737991333,0.36344239115715027
YJR090C,YPR181C,0,-2.9955285,0.12704917788505554,0.529160737991333,0.36358463764190674
YDR385W,YKR079C,0,-2.995594,0.12700580060482025,0.529160737991333,0.3637268841266632
YGR257C,YJL006C,0,-2.995692,0.12696245312690735,0.529160737991333,0.3638691306114197
YPR101W,YIL159W,0,-2.9958146,0.12691913545131683,0.529160737991333,0.36401137709617615
YLR176C,YLR130C,0,-2.9959486,0.1268758475780487,0.529160737991333,0.3641536235809326
YDR501W,YPR024W,0,-2.9960558,0.12683258950710297,0.529160737991333,0.3642958700656891
YBR160W,YCR010C,1,-2.9961257,0.1271301954984665,0.5305832028388977,0.3642958700656891
YOR193W,YDR146C,0,-2.9961948,0.12708687782287598,0.5305832028388977,0.36443811655044556
YNL182C,YBR065C,0,-2.9968317,0.12704358994960785,0.5305832028388977,0.364580363035202
YER026C,YMR127C,0,-2.9971087,0.1270003467798233,0.5305832028388977,0.3647226095199585
YGL194C,YCR092C,1,-2.997349,0.12729747593402863,0.5320056676864624,0.3647226095199585
YLR459W,YKL188C,0,-2.9976425,0.1272541731595993,0.5320056676864624,0.36486485600471497
YDL105W,YDR129C,0,-2.9977317,0.12721088528633118,0.5320056676864624,0.36500710248947144
YBR015C,YDL044C,0,-2.9984984,0.12716762721538544,0.5320056676864624,0.3651493489742279
YPL132W,YBR276C,0,-2.998729,0.12712439894676208,0.5320056676864624,0.3652915954589844
YPR094W,YKR101W,0,-2.998822,0.12708121538162231,0.5320056676864624,0.36543384194374084
YKR101W,YBR080C,0,-2.999115,0.12703804671764374,0.5320056676864624,0.3655760884284973
YIR033W,YPR186C,0,-2.9991314,0.12699490785598755,0.5320056676864624,0.36571836471557617
YLR430W,YIL048W,0,-2.9992254,0.12695179879665375,0.5320056676864624,0.36586061120033264
YDR106W,YOR144C,0,-2.9994674,0.12690871953964233,0.5320056676864624,0.3660028576850891
YPR016C,YDL132W,0,-2.9999945,0.1268656700849533,0.5320056676864624,0.3661451041698456
YOR245C,YGR254W,0,-3.0004628,0.12682265043258667,0.5320056676864624,0.36628735065460205
YIL017C,YLR337C,0,-3.0007522,0.12677966058254242,0.5320056676864624,0.3664295971393585
YDR153C,YBR276C,0,-3.000774,0.12673670053482056,0.5320056676864624,0.366571843624115
YFL009W,YBR160W,1,-3.0009377,0.12703251838684082,0.5334281921386719,0.366571843624115
YMR247C,YIL031W,0,-3.0010364,0.12698949873447418,0.5334281921386719,0.36671409010887146
YMR030W,YDR379W,0,-3.0013812,0.12694650888442993,0.5334281921386719,0.36685633659362793
YDR432W,YMR039C,0,-3.0015361,0.12690354883670807,0.5334281921386719,0.3669985830783844
YMR015C,YDR490C,0,-3.001909,0.1268606185913086,0.5334281921386719,0.36714082956314087
YNL313C,YLL034C,0,-3.0023198,0.1268177181482315,0.5334281921386719,0.36728307604789734
YNL039W,YOR132W,0,-3.0025883,0.1267748475074768,0.5334281921386719,0.3674253225326538
YNL242W,YGR156W,0,-3.0025942,0.1267320066690445,0.5334281921386719,0.3675675690174103
YIL132C,YPL121C,1,-3.0026739,0.1270270198583603,0.5348506569862366,0.3675675690174103
YJR143C,YER042W,0,-3.0030212,0.1269841343164444,0.5348506569862366,0.36770981550216675
YDR121W,YMR068W,0,-3.0031052,0.1269412487745285,0.5348506569862366,0.3678520619869232
YGL194C,YJL005W,1,-3.0032415,0.12723590433597565,0.5362731218338013,0.3678520619869232
YDR324C,YHR165C,0,-3.0035408,0.12719298899173737,0.5362731218338013,0.3679943084716797
YNL021W,YNL242W,0,-3.0036318,0.12715008854866028,0.5362731218338013,0.36813655495643616
YGR247W,YPL121C,1,-3.0036454,0.12744437158107758,0.537695586681366,0.36813655495643616
YNL221C,YNL093W,0,-3.004656,0.1274014115333557,0.537695586681366,0.3682788014411926
YGL003C,YGR188C,0,-3.0047114,0.12735849618911743,0.537695586681366,0.3684210479259491
YGL246C,YOL016C,0,-3.0048747,0.12731559574604034,0.537695586681366,0.36856329441070557
YOR116C,YLR110C,0,-3.004997,0.12727272510528564,0.537695586681366,0.36870554089546204
YML028W,YNL107W,0,-3.0050128,0.12722988426685333,0.537695586681366,0.3688477873802185
YPR021C,YAL017W,0,-3.005195,0.1271870732307434,0.537695586681366,0.368990033864975
YNL039W,YLR337C,0,-3.005873,0.12714429199695587,0.537695586681366,0.36913228034973145
YHR176W,YLR320W,0,-3.0060909,0.12710154056549072,0.537695586681366,0.3692745268344879
YGR170W,YIL017C,0,-3.00631,0.12705881893634796,0.537695586681366,0.3694167733192444
YBL035C,YNL126W,0,-3.0064228,0.1270161271095276,0.537695586681366,0.36955901980400085
YGL233W,YFL031W,0,-3.006663,0.1269734650850296,0.537695586681366,0.3697012662887573
YBR250W,YHR152W,1,-3.0068383,0.12726661562919617,0.5391180515289307,0.3697012662887573
YNL307C,YOL090W,1,-3.0070302,0.1275595873594284,0.5405405163764954,0.3697012662887573
YDR178W,YJR053W,0,-3.0074456,0.12751677632331848,0.5405405163764954,0.3698435425758362
YNL207W,YER015W,0,-3.007498,0.12747399508953094,0.5405405163764954,0.36998578906059265
YBR244W,YIR009W,0,-3.0078318,0.127431258559227,0.5405405163764954,0.3701280355453491
YKL188C,YPL112C,0,-3.0080125,0.12738853693008423,0.5405405163764954,0.3702702820301056
YDL022W,YOR168W,0,-3.0080984,0.12734584510326385,0.5405405163764954,0.37041252851486206
YDR216W,YMR239C,0,-3.0083168,0.12730318307876587,0.5405405163764954,0.37055477499961853
YNL267W,YER028C,0,-3.0084684,0.12726055085659027,0.5405405163764954,0.370697021484375
YOR229W,YLR263W,1,-3.0090754,0.12755273282527924,0.5419630408287048,0.370697021484375
YPL217C,YER053C,0,-3.0091572,0.12751004099845886,0.5419630408287048,0.37083926796913147
YPL194W,YGL158W,1,-3.009374,0.12780193984508514,0.5433855056762695,0.37083926796913147
YDR449C,YER169W,0,-3.0094242,0.1277592033147812,0.5433855056762695,0.37098151445388794
YLR006C,YMR162C,0,-3.009537,0.12771648168563843,0.5433855056762695,0.3711237609386444
YGR156W,YML060W,0,-3.0105937,0.12767378985881805,0.5433855056762695,0.3712660074234009
YER082C,YER001W,0,-3.0110824,0.12763114273548126,0.5433855056762695,0.37140825390815735
YLR324W,YJL014W,0,-3.011184,0.12758851051330566,0.5433855056762695,0.3715505003929138
YDR463W,YCR093W,0,-3.0112317,0.12754590809345245,0.5433855056762695,0.3716927468776703
YPL069C,YJL048C,0,-3.0112698,0.12750333547592163,0.5433855056762695,0.37183499336242676
YDL007W,YBL008W,0,-3.011447,0.1274607926607132,0.5433855056762695,0.3719772398471832
YGR159C,YER120W,0,-3.011839,0.12741827964782715,0.5433855056762695,0.3721194863319397
YLR060W,YDR079C-A,0,-3.0119867,0.1273757964372635,0.5433855056762695,0.37226173281669617
YHR008C,YDL200C,0,-3.0126855,0.12733332812786102,0.5433855056762695,0.37240397930145264
YKR061W,YPR191W,0,-3.012716,0.12729090452194214,0.5433855056762695,0.3725462257862091
YHR175W,YDR484W,0,-3.0127978,0.12724849581718445,0.5433855056762695,0.3726884722709656
YPR113W,YOR119C,0,-3.0128596,0.12720613181591034,0.5433855056762695,0.37283071875572205
YCL025C,YNL036W,0,-3.0128992,0.12716378271579742,0.5433855056762695,0.3729729652404785
YLL003W,YLR092W,0,-3.0131605,0.1271214634180069,0.5433855056762695,0.373115211725235
YKL129C,YLR459W,0,-3.01321,0.12707917392253876,0.5433855056762695,0.37325745820999146
YJL133W,YPR046W,0,-3.0135615,0.127036914229393,0.5433855056762695,0.3733997046947479
YPL091W,YDL164C,0,-3.014238,0.12699468433856964,0.5433855056762695,0.3735419511795044
YCR065W,YPR024W,0,-3.0142643,0.12695246934890747,0.5433855056762695,0.37368419766426086
YHR082C,YDR393W,0,-3.0142667,0.12691029906272888,0.5433855056762695,0.37382644414901733
YHR069C,YHR031C,0,-3.0144207,0.1268681436777115,0.5433855056762695,0.3739687204360962
YER161C,YKL004W,0,-3.01449,0.12682603299617767,0.5433855056762695,0.37411096692085266
YDL007W,YDR147W,0,-3.0148184,0.12678393721580505,0.5433855056762695,0.37425321340560913
YNL207W,YDR393W,0,-3.015147,0.12674187123775482,0.5433855056762695,0.3743954598903656
YPR034W,YDR087C,0,-3.0153496,0.12669983506202698,0.5433855056762695,0.37453770637512207
YOL090W,YDL154W,1,-3.0155056,0.12698939442634583,0.5448079705238342,0.37453770637512207
YDR322C-A,YDR265W,0,-3.0159135,0.1269472986459732,0.5448079705238342,0.37467995285987854
YPR186C,YHR001W-A,0,-3.015963,0.12690523266792297,0.5448079705238342,0.374822199344635
YDL007W,YDR501W,0,-3.0159981,0.12686319649219513,0.5448079705238342,0.3749644458293915
YOR056C,YDL015C,0,-3.0160058,0.12682119011878967,0.5448079705238342,0.37510669231414795
YPR082C,YJR031C,0,-3.0166047,0.1267792135477066,0.5448079705238342,0.3752489387989044
YLR376C,YOL016C,0,-3.0168116,0.12673726677894592,0.5448079705238342,0.3753911852836609
YDR216W,YLR376C,0,-3.0169635,0.12669533491134644,0.5448079705238342,0.37553343176841736
YBL046W,YPR021C,0,-3.0171,0.12665343284606934,0.5448079705238342,0.37567567825317383
YNL121C,YPR101W,0,-3.0171793,0.12661157548427582,0.5448079705238342,0.3758179247379303
YOR193W,YDL212W,0,-3.0177732,0.1265697330236435,0.5448079705238342,0.37596017122268677
YBR276C,YGR112W,0,-3.0180943,0.12652792036533356,0.5448079705238342,0.37610241770744324
YPR016C,YPL153C,0,-3.0186226,0.12648612260818481,0.5448079705238342,0.3762446641921997
YNL130C,YDR422C,0,-3.019241,0.12644436955451965,0.5448079705238342,0.3763869106769562
YNL222W,YDL147W,0,-3.0194294,0.12640264630317688,0.5448079705238342,0.37652915716171265
YIR009W,YOR208W,0,-3.0202425,0.1263609379529953,0.5448079705238342,0.3766714036464691
YDR393W,YBR172C,0,-3.020285,0.1263192594051361,0.5448079705238342,0.3768136501312256
YGR159C,YLR376C,0,-3.0205982,0.1262776106595993,0.5448079705238342,0.37695589661598206
YLR116W,YJR082C,0,-3.0208263,0.1262359917163849,0.5448079705238342,0.3770981431007385
YPR101W,YMR168C,0,-3.0212677,0.12619440257549286,0.5448079705238342,0.377240389585495
YOL011W,YML069W,0,-3.0214012,0.12615282833576202,0.5448079705238342,0.37738263607025146
YPL196W,YIR015W,0,-3.0217593,0.12611129879951477,0.5448079705238342,0.37752488255500793
YJR031C,YDR116C,0,-3.021802,0.1260697841644287,0.5448079705238342,0.3776671290397644
YDR422C,YML008C,0,-3.02192,0.12602829933166504,0.5448079705238342,0.3778093755245209
YER042W,YLR130C,0,-3.0219233,0.12598684430122375,0.5448079705238342,0.37795162200927734
YJR057W,YFL002C,0,-3.0219996,0.12594541907310486,0.5448079705238342,0.3780938684940338
YNL154C,YGR089W,0,-3.0224454,0.12590400874614716,0.5448079705238342,0.37823614478111267
YBR244W,YLR324W,0,-3.022555,0.12586262822151184,0.5448079705238342,0.37837839126586914
YGR202C,YPL192C,0,-3.0226138,0.1258212924003601,0.5448079705238342,0.3785206377506256
YIL139C,YCL052C,0,-3.0228913,0.12577997148036957,0.5448079705238342,0.3786628842353821
YPR034W,YIL017C,0,-3.023523,0.12573868036270142,0.5448079705238342,0.37880513072013855
YIL075C,YML021C,0,-3.024481,0.12569740414619446,0.5448079705238342,0.378947377204895
YNR052C,YKL008C,0,-3.0247183,0.12565617263317108,0.5448079705238342,0.3790896236896515
YOR156C,YDR490C,0,-3.024769,0.1256149560213089,0.5448079705238342,0.37923187017440796
YNL242W,YFR009W,0,-3.0251276,0.1255737692117691,0.5448079705238342,0.37937411665916443
YPL192C,YPL140C,0,-3.025186,0.1255326122045517,0.5448079705238342,0.3795163631439209
YDR361C,YNL126W,0,-3.0254543,0.12549148499965668,0.5448079705238342,0.37965860962867737
YGR247W,YDL154W,1,-3.0254726,0.125777930021286,0.5462304353713989,0.37965860962867737
YLR131C,YPR135W,0,-3.0255451,0.12573674321174622,0.5462304353713989,0.37980085611343384
YBR250W,YGL194C,1,-3.0255466,0.12602292001247406,0.5476529002189636,0.37980085611343384
YGR188C,YNL147W,0,-3.0259035,0.1259816735982895,0.5476529002189636,0.3799431025981903
YOR204W,YGR218W,0,-3.0259795,0.1259404718875885,0.5476529002189636,0.3800853490829468
YMR201C,YGR239C,0,-3.026561,0.1258992850780487,0.5476529002189636,0.38022759556770325
YBR098W,YGL175C,1,-3.0266562,0.12618502974510193,0.5490753650665283,0.38022759556770325
YDR216W,YBR257W,0,-3.0269058,0.12614379823207855,0.5490753650665283,0.3803698420524597
YDL115C,YCR010C,1,-3.0269935,0.12642927467823029,0.5504978895187378,0.3803698420524597
YJL128C,YBR114W,0,-3.0270126,0.12638798356056213,0.5504978895187378,0.3805120885372162
YMR241W,YDR527W,0,-3.0271204,0.12634672224521637,0.5504978895187378,0.38065433502197266
YNL154C,YER035W,0,-3.027528,0.1263054758310318,0.5504978895187378,0.3807965815067291
YJL048C,YIR002C,0,-3.0276155,0.1262642741203308,0.5504978895187378,0.3809388279914856
YLR135W,YLR043C,0,-3.0277283,0.12622308731079102,0.5504978895187378,0.38108107447624207
YOR229W,YDL154W,1,-3.0278242,0.1265079826116562,0.5519203543663025,0.38108107447624207
YBR250W,YJL080C,1,-3.0279057,0.12679269909858704,0.5533428192138672,0.38108107447624207
YBL007C,YDR146C,0,-3.027969,0.1267513781785965,0.5533428192138672,0.38122332096099854
YNR023W,YPR164W,0,-3.0281994,0.12671010196208954,0.5533428192138672,0.381365567445755
YNL126W,YJL012C,0,-3.0283415,0.12666884064674377,0.5533428192138672,0.3815078139305115
YIL031W,YPR181C,0,-3.0284026,0.1266276091337204,0.5533428192138672,0.38165006041526794
YNL186W,YPL112C,0,-3.0284574,0.12658639252185822,0.5533428192138672,0.3817923069000244
YNL267W,YNL036W,0,-3.0285556,0.12654522061347961,0.5533428192138672,0.3819345533847809
YER088C,YGL003C,0,-3.0290031,0.1265040636062622,0.5533428192138672,0.38207679986953735
YKR087C,YFR040W,0,-3.0293052,0.1264629364013672,0.5533428192138672,0.3822190463542938
YEL054C,YOR316C,0,-3.0293944,0.12642183899879456,0.5533428192138672,0.3823613226413727
YOR295W,YCR093W,0,-3.029842,0.1263807713985443,0.5533428192138672,0.38250356912612915
YIL154C,YLR384C,0,-3.0299866,0.12633971869945526,0.5533428192138672,0.3826458156108856
YIL049W,YDR379W,0,-3.0309265,0.1262986958026886,0.5533428192138672,0.3827880620956421
YPR021C,YPL253C,0,-3.0313246,0.12625770270824432,0.5533428192138672,0.38293030858039856
YDL003W,YCR091W,0,-3.031534,0.12621673941612244,0.5533428192138672,0.38307255506515503
YKL129C,YPL151C,0,-3.0316255,0.12617580592632294,0.5533428192138672,0.3832148015499115
YKR061W,YNL232W,0,-3.0317729,0.12613488733768463,0.5533428192138672,0.38335704803466797
YLR276C,YBR035C,0,-3.031935,0.1260939985513687,0.5533428192138672,0.38349929451942444
YFR050C,YOL077W-A,0,-3.031945,0.12605313956737518,0.5533428192138672,0.3836415410041809
YDL003W,YJR017C,0,-3.0319989,0.12601231038570404,0.5533428192138672,0.3837837874889374
YJL207C,YPL233W,0,-3.0324147,0.1259714961051941,0.5533428192138672,0.38392603397369385
YBR020W,YOL023W,0,-3.0324683,0.12593072652816772,0.5533428192138672,0.3840682804584503
YHR082C,YAL035W,0,-3.03259,0.12588997185230255,0.5533428192138672,0.3842105269432068
YOL011W,YBR079C,0,-3.033016,0.12584924697875977,0.5533428192138672,0.38435277342796326
YHL022C,YCR092C,1,-3.0333118,0.12613195180892944,0.5547652840614319,0.38435277342796326
YCR092C,YJL005W,1,-3.0334952,0.1264144778251648,0.5561877489089966,0.38435277342796326
YGL158W,YNL088W,1,-3.0335004,0.12669683992862701,0.5576102137565613,0.38435277342796326
YOR341W,YCR093W,0,-3.0341609,0.12665589153766632,0.5576102137565613,0.3844950199127197
YBR276C,YML008C,0,-3.0343854,0.1266149878501892,0.5576102137565613,0.3846372663974762
YJL090C,YLR313C,0,-3.0344489,0.1265740990638733,0.5576102137565613,0.38477951288223267
YOL124C,YGR040W,0,-3.0345576,0.12653324007987976,0.5576102137565613,0.38492175936698914
YGR156W,YPR182W,0,-3.0345595,0.12649241089820862,0.5576102137565613,0.3850640058517456
YGL122C,YKL007W,0,-3.0347502,0.12645161151885986,0.5576102137565613,0.3852062523365021
YIL075C,YHR196W,0,-3.0347745,0.1264108419418335,0.5576102137565613,0.38534849882125854
YCL004W,YOR204W,0,-3.03487,0.12637008726596832,0.5576102137565613,0.385490745306015
YDL017W,YLR141W,0,-3.0349011,0.12632936239242554,0.5576102137565613,0.3856329917907715
YJR057W,YDR258C,0,-3.0350466,0.12628865242004395,0.5576102137565613,0.38577523827552795
YHR196W,YDL052C,0,-3.0350945,0.12624798715114594,0.5576102137565613,0.3859174847602844
YCR002C,YFL031W,0,-3.035227,0.12620733678340912,0.5576102137565613,0.3860597312450409
YDR456W,YNL299W,0,-3.0353284,0.1261667162179947,0.5576102137565613,0.38620197772979736
YJL080C,YGL194C,1,-3.0354002,0.1264478713274002,0.5590327382087708,0.38620197772979736
YOL097C,YNL299W,0,-3.035453,0.1264072060585022,0.5590327382087708,0.38634422421455383
YMR172W,YPR075C,0,-3.0355155,0.12636655569076538,0.5590327382087708,0.3864865005016327
YDR322C-A,YDR120C,0,-3.035813,0.12632593512535095,0.5590327382087708,0.38662874698638916
YJR049C,YHL006C,0,-3.0358896,0.1262853443622589,0.5590327382087708,0.38677099347114563
YLR384C,YNL172W,0,-3.0359576,0.12624478340148926,0.5590327382087708,0.3869132399559021
YNL126W,YDL052C,0,-3.0364163,0.1262042373418808,0.5590327382087708,0.38705548644065857
YGR089W,YDL170W,0,-3.0367656,0.12616372108459473,0.5590327382087708,0.38719773292541504
YHR062C,YNL007C,0,-3.0368457,0.12612323462963104,0.5590327382087708,0.3873399794101715
YER088C,YBR010W,0,-3.0371902,0.12608277797698975,0.5590327382087708,0.387482225894928
YEL054C,YNL099C,0,-3.0374439,0.12604233622550964,0.5590327382087708,0.38762447237968445
YDL022W,YMR241W,0,-3.037453,0.12600192427635193,0.5590327382087708,0.3877667188644409
YFL002C,YGR188C,0,-3.037707,0.1259615421295166,0.5590327382087708,0.3879089653491974
YBR169C,YBR267W,0,-3.0378501,0.12592117488384247,0.5590327382087708,0.38805121183395386
YIL002C,YLL011W,0,-3.0384202,0.12588085234165192,0.5590327382087708,0.3881934583187103
YDR512C,YJR093C,0,-3.0384848,0.12584054470062256,0.5590327382087708,0.3883357048034668
YNR054C,YDR331W,0,-3.0398002,0.1258002519607544,0.5590327382087708,0.38847795128822327
YGL194C,YER173W,1,-3.040023,0.1260800063610077,0.5604552030563354,0.38847795128822327
YOR100C,YLR130C,0,-3.0400455,0.12603966891765594,0.5604552030563354,0.38862019777297974
YDR392W,YPL137C,0,-3.0401113,0.1259993612766266,0.5604552030563354,0.3887624442577362
YBL030C,YMR127C,0,-3.0404146,0.12595908343791962,0.5604552030563354,0.3889046907424927
YDL003W,YBL025W,0,-3.0405152,0.12591882050037384,0.5604552030563354,0.38904693722724915
YAL031C,YGR089W,0,-3.040745,0.12587858736515045,0.5604552030563354,0.3891891837120056
YNL154C,YNL007C,0,-3.0409577,0.12583838403224945,0.5604552030563354,0.3893314301967621
YML023C,YNL036W,0,-3.0410173,0.12579821050167084,0.5604552030563354,0.38947367668151855
YFL002C,YDL197C,0,-3.0410311,0.1257580667734146,0.5604552030563354,0.389615923166275
YPL139C,YLR263W,1,-3.0416734,0.12603701651096344,0.5618776679039001,0.389615923166275
YHR176W,YPR135W,0,-3.0421853,0.12599681317806244,0.5618776679039001,0.3897581696510315
YDL105W,YJR017C,0,-3.0423343,0.12595663964748383,0.5618776679039001,0.38990041613578796
YCL025C,YMR080C,0,-3.0425007,0.1259164810180664,0.5618776679039001,0.39004266262054443
YIL139C,YPR094W,0,-3.0426981,0.12587635219097137,0.5618776679039001,0.3901849091053009
YPR034W,YGR077C,0,-3.0434928,0.12583625316619873,0.5618776679039001,0.3903271555900574
YOL121C,YNL186W,0,-3.043705,0.12579618394374847,0.5618776679039001,0.39046940207481384
YGR048W,YOL028C,0,-3.0439658,0.1257561296224594,0.5618776679039001,0.3906116783618927
YNL154C,YCR091W,0,-3.0440361,0.12571610510349274,0.5618776679039001,0.39075392484664917
YER026C,YIL017C,0,-3.044224,0.12567611038684845,0.5618776679039001,0.39089617133140564
YPL020C,YKL008C,0,-3.0442464,0.12563613057136536,0.5618776679039001,0.3910384178161621
YPR016C,YPR191W,0,-3.0444486,0.12559618055820465,0.5618776679039001,0.3911806643009186
YGL175C,YDL154W,1,-3.0445669,0.1258741319179535,0.5633001327514648,0.3911806643009186
YML102W,YMR235C,0,-3.0447252,0.125834122300148,0.5633001327514648,0.39132291078567505
YBR098W,YER173W,1,-3.0447428,0.12611182034015656,0.5647225975990295,0.39132291078567505
YNL197C,YHR066W,0,-3.0450056,0.1260717660188675,0.5647225975990295,0.3914651572704315
YGL227W,YLR100W,0,-3.045279,0.12603174149990082,0.5647225975990295,0.391607403755188
YMR030W,YER123W,0,-3.0453403,0.12599174678325653,0.5647225975990295,0.39174965023994446
YOL156W,YIR002C,0,-3.045767,0.12595178186893463,0.5647225975990295,0.3918918967247009
YLR117C,YPL075W,0,-3.0457733,0.12591183185577393,0.5647225975990295,0.3920341432094574
YLR248W,YCR092C,1,-3.0460703,0.1261889636516571,0.566145122051239,0.3920341432094574
YPL046C,YDR129C,0,-3.0463545,0.12614896893501282,0.566145122051239,0.39217638969421387
YDR270W,YML036W,0,-3.0467799,0.12610900402069092,0.566145122051239,0.39231863617897034
YOL011W,YKL008C,0,-3.0468342,0.1260690540075302,0.566145122051239,0.3924608826637268
YGR123C,YDR147W,0,-3.0468433,0.1260291337966919,0.566145122051239,0.3926031291484833
YNL242W,YPL161C,0,-3.0469153,0.12598924338817596,0.566145122051239,0.39274537563323975
YPL139C,YPL121C,1,-3.0469575,0.12626582384109497,0.5675675868988037,0.39274537563323975
YPL057C,YEL054C,0,-3.046972,0.12622587382793427,0.5675675868988037,0.3928876221179962
YDR453C,YPL253C,0,-3.0472703,0.12618595361709595,0.5675675868988037,0.3930298686027527
YEL061C,YLR092W,0,-3.0473044,0.12614606320858002,0.5675675868988037,0.39317211508750916
YJR057W,YGR218W,0,-3.0474765,0.12610618770122528,0.5675675868988037,0.3933143615722656
YBR172C,YDR512C,0,-3.0475905,0.12606635689735413,0.5675675868988037,0.3934566080570221
YPR075C,YNL039W,0,-3.047648,0.12602652609348297,0.5675675868988037,0.39359885454177856
YEL032W,YPL046C,0,-3.0476763,0.1259867399930954,0.5675675868988037,0.39374110102653503
YNL173C,YGL044C,0,-3.0480962,0.12594696879386902,0.5675675868988037,0.3938833475112915
YDL047W,YGL053W,0,-3.0486815,0.12590722739696503,0.5675675868988037,0.394025593996048
YBR036C,YDL216C,0,-3.0489023,0.12586750090122223,0.5675675868988037,0.39416784048080444
YDR194C,YOL156W,0,-3.0491393,0.125827819108963,0.5675675868988037,0.3943100869655609
YJL080C,YBL009W,1,-3.0491838,0.12610340118408203,0.5689900517463684,0.3943100869655609
YLR370C,YBR009C,0,-3.0495172,0.12606365978717804,0.5689900517463684,0.3944523334503174
YKR042W,YCR093W,0,-3.0497792,0.12602394819259644,0.5689900517463684,0.39459457993507385
YDR163W,YLL011W,0,-3.0499616,0.12598425149917603,0.5689900517463684,0.3947368562221527
YJL005W,YCR010C,1,-3.0501363,0.126259446144104,0.5704125165939331,0.3947368562221527
YGR159C,YHR073W,0,-3.0507004,0.1262197047472,0.5704125165939331,0.3948791027069092
YPR034W,YLR324W,0,-3.050838,0.1261799931526184,0.5704125165939331,0.39502134919166565
YPL091W,YDR163W,0,-3.0515194,0.126140296459198,0.5704125165939331,0.3951635956764221
YLR384C,YCR093W,0,-3.052192,0.12610062956809998,0.5704125165939331,0.3953058421611786
YIL139C,YBL008W,0,-3.0522053,0.12606099247932434,0.5704125165939331,0.39544808864593506
YNL135C,YHR073W,0,-3.0528023,0.1260213702917099,0.5704125165939331,0.39559033513069153
YMR059W,YDR235W,0,-3.0529134,0.12598177790641785,0.5704125165939331,0.395732581615448
YGL089C,YML129C,0,-3.0530808,0.12594221532344818,0.5704125165939331,0.39587482810020447
YKL117W,YLR116W,0,-3.0533202,0.1259026676416397,0.5704125165939331,0.39601707458496094
YDR324C,YOL060C,0,-3.0535219,0.12586314976215363,0.5704125165939331,0.3961593210697174
YOR295W,YOR100C,0,-3.0535257,0.12582366168498993,0.5704125165939331,0.3963015675544739
YDL115C,YOL090W,1,-3.0536506,0.1260978728532791,0.5718349814414978,0.3963015675544739
YPL069C,YKL081W,0,-3.053898,0.12605832517147064,0.5718349814414978,0.39644381403923035
YMR270C,YHR019C,0,-3.0539238,0.12601880729198456,0.5718349814414978,0.3965860605239868
YIR009W,YGL178W,0,-3.05432,0.12597931921482086,0.5718349814414978,0.3967283070087433
YNL107W,YPR016C,0,-3.0544784,0.12593984603881836,0.5718349814414978,0.39687055349349976
YGR123C,YGL087C,0,-3.054622,0.12590040266513824,0.5718349814414978,0.3970127999782562
YGL071W,YGR128C,0,-3.054701,0.12586098909378052,0.5718349814414978,0.3971550464630127
YCR081W,YDR289C,0,-3.054925,0.12582159042358398,0.5718349814414978,0.39729729294776917
YKL129C,YER120W,0,-3.0550716,0.12578222155570984,0.5718349814414978,0.39743953943252563
YGR048W,YOR239W,0,-3.0556946,0.12574288249015808,0.5718349814414978,0.3975817859172821
YPR041W,YPL140C,0,-3.0559628,0.12570355832576752,0.5718349814414978,0.3977240324020386
YIL154C,YNL135C,0,-3.0559933,0.12566426396369934,0.5718349814414978,0.39786627888679504
YHR082C,YIL034C,0,-3.056012,0.12562499940395355,0.5718349814414978,0.3980085253715515
YGL178W,YDR212W,0,-3.0560496,0.12558574974536896,0.5718349814414978,0.398150771856308
YGR191W,YDR244W,0,-3.0564542,0.12554652988910675,0.5718349814414978,0.39829301834106445
YOR341W,YMR091C,0,-3.0566099,0.12550733983516693,0.5718349814414978,0.3984352648258209
YBR250W,YCR092C,1,-3.056625,0.12578026950359344,0.5732574462890625,0.3984352648258209
YIL002C,YDR216W,0,-3.0567493,0.12574103474617004,0.5732574462890625,0.3985775113105774
YIL002C,YFL021W,0,-3.0568151,0.12570181488990784,0.5732574462890625,0.39871975779533386
YGL205W,YDL216C,0,-3.0569935,0.12566260993480682,0.5732574462890625,0.3988620340824127
YJR049C,YOR377W,0,-3.057085,0.1256234347820282,0.5732574462890625,0.3990042805671692
YLR006C,YFR040W,0,-3.0571487,0.12558428943157196,0.5732574462890625,0.39914652705192566
YMR030W,YKL081W,0,-3.057422,0.1255451738834381,0.5732574462890625,0.39928877353668213
YCR092C,YIR025W,1,-3.0575612,0.12581750750541687,0.574679970741272,0.39928877353668213
YJL080C,YGR225W,1,-3.0578518,0.1260896623134613,0.5761024355888367,0.39928877353668213
YGL175C,YGL158W,1,-3.0590842,0.1263616532087326,0.5775249004364014,0.39928877353668213
YJL194W,YGL133W,0,-3.05909,0.12632234394550323,0.5775249004364014,0.3994310200214386
YGL178W,YJL014W,0,-3.05947,0.12628304958343506,0.5775249004364014,0.39957326650619507
YMR138W,YML073C,0,-3.059698,0.12624378502368927,0.5775249004364014,0.39971551299095154
YML028W,YJL191W,0,-3.0597808,0.12620453536510468,0.5775249004364014,0.399857759475708
YMR068W,YDR302W,0,-3.0598426,0.12616531550884247,0.5775249004364014,0.4000000059604645
YLR176C,YGR007W,0,-3.0601456,0.12612612545490265,0.5775249004364014,0.40014225244522095
YDR393W,YLR221C,0,-3.060462,0.12608695030212402,0.5775249004364014,0.4002844989299774
YOL011W,YDR129C,0,-3.0609372,0.12604780495166779,0.5775249004364014,0.4004267454147339
YNL209W,YDL216C,0,-3.0617912,0.12600868940353394,0.5775249004364014,0.40056899189949036
YER035W,YCR028C-A,0,-3.0618494,0.12596958875656128,0.5775249004364014,0.4007112383842468
YJR143C,YLR396C,0,-3.0619555,0.125930517911911,0.5775249004364014,0.4008534848690033
YKR042W,YDR087C,0,-3.0630395,0.12589147686958313,0.5775249004364014,0.40099573135375977
YIL147C,YGR188C,0,-3.0636141,0.12585245072841644,0.5775249004364014,0.40113797783851624
YPR021C,YPL153C,0,-3.0637789,0.12581345438957214,0.5775249004364014,0.4012802243232727
YAL017W,YOR149C,0,-3.0638962,0.12577447295188904,0.5775249004364014,0.4014224708080292
YDR322C-A,YNL209W,0,-3.0641773,0.12573552131652832,0.5775249004364014,0.40156471729278564
YDL164C,YGR218W,0,-3.0644147,0.12569659948349,0.5775249004364014,0.4017069637775421
YMR080C,YOL016C,0,-3.0647514,0.12565769255161285,0.5775249004364014,0.4018492102622986
YBR244W,YBL035C,0,-3.065265,0.1256188154220581,0.5775249004364014,0.40199145674705505
YPR201W,YOR067C,0,-3.0652874,0.12557995319366455,0.5775249004364014,0.4021337032318115
YER053C,YBR267W,0,-3.0654266,0.12554112076759338,0.5775249004364014,0.402275949716568
YIL034C,YOR058C,0,-3.0655355,0.1255023181438446,0.5775249004364014,0.40241819620132446
YPL132W,YFL031W,0,-3.0658967,0.12546353042125702,0.5775249004364014,0.40256044268608093
YKL053C-A,YNL036W,0,-3.0660737,0.12542477250099182,0.5775249004364014,0.4027026891708374
YFL009W,YCR010C,1,-3.066212,0.1256948709487915,0.5789473652839661,0.4027026891708374
YPL057C,YJL033W,0,-3.0669234,0.12565606832504272,0.5789473652839661,0.40284493565559387
YBR250W,YDL154W,1,-3.0678556,0.1259259283542633,0.5803698301315308,0.40284493565559387
YGR185C,YDL044C,0,-3.068681,0.12588706612586975,0.5803698301315308,0.40298721194267273
YGL133W,YPR191W,0,-3.0688546,0.12584824860095978,0.5803698301315308,0.4031294584274292
YDR453C,YOR008C,0,-3.0690978,0.1258094310760498,0.5803698301315308,0.40327170491218567
YLR216C,YFL014W,0,-3.0694225,0.1257706582546234,0.5803698301315308,0.40341395139694214
YOR116C,YJL128C,0,-3.0694363,0.12573190033435822,0.5803698301315308,0.4035561978816986
YOR127W,YJR017C,0,-3.0695946,0.1256931573152542,0.5803698301315308,0.4036984443664551
YBL007C,YLL011W,0,-3.0698316,0.1256544440984726,0.5803698301315308,0.40384069085121155
YDL003W,YGR185C,0,-3.0699728,0.12561576068401337,0.5803698301315308,0.403982937335968
YGR048W,YML102W,0,-3.0701015,0.12557710707187653,0.5803698301315308,0.4041251838207245
YDR270W,YGR183C,0,-3.0703187,0.12553846836090088,0.5803698301315308,0.40426743030548096
YFL009W,YOR073W,1,-3.07041,0.12580744922161102,0.5817922949790955,0.40426743030548096
YGR214W,YJR090C,0,-3.0704603,0.1257687509059906,0.5817922949790955,0.4044096767902374
YHR152W,YDL154W,1,-3.0710042,0.12603750824928284,0.5832148194313049,0.4044096767902374
YHR176W,YJR053W,0,-3.0714204,0.12599876523017883,0.5832148194313049,0.4045519232749939
YNL197C,YMR179W,0,-3.0714943,0.1259600669145584,0.5832148194313049,0.40469416975975037
YLR060W,YBR020W,0,-3.0720837,0.125921368598938,0.5832148194313049,0.40483641624450684
YHR069C,YHR012W,0,-3.072583,0.12588271498680115,0.5832148194313049,0.4049786627292633
YDR079C-A,YML008C,0,-3.073026,0.1258440762758255,0.5832148194313049,0.4051209092140198
YOR193W,YDL197C,0,-3.0730946,0.12580546736717224,0.5832148194313049,0.40526315569877625
YGL122C,YDR235W,0,-3.0731695,0.12576687335968018,0.5832148194313049,0.4054054021835327
YDL212W,YDR484W,0,-3.0734582,0.1257283091545105,0.5832148194313049,0.4055476486682892
YAL031C,YPR164W,0,-3.07347,0.12568975985050201,0.5832148194313049,0.40568989515304565
YDR322C-A,YDR394W,0,-3.0736675,0.12565124034881592,0.5832148194313049,0.4058321416378021
YLR313C,YNL214W,0,-3.0736983,0.1256127506494522,0.5832148194313049,0.4059743881225586
YLR430W,YKL049C,0,-3.0738008,0.1255742758512497,0.5832148194313049,0.40611663460731506
YPL174C,YGL127C,0,-3.073848,0.12553583085536957,0.5832148194313049,0.40625888109207153
YHL006C,YJL014W,0,-3.0739548,0.12549740076065063,0.5832148194313049,0.406401127576828
YJR090C,YLL011W,0,-3.0741794,0.1254590004682541,0.5832148194313049,0.4065433740615845
YLR006C,YDR216W,0,-3.074229,0.12542061507701874,0.5832148194313049,0.40668562054634094
YJR068W,YCR028C-A,0,-3.0749497,0.12538225948810577,0.5832148194313049,0.4068278670310974
YER173W,YCR010C,1,-3.0749815,0.12564964592456818,0.5846372842788696,0.4068278670310974
YNL186W,YHR129C,0,-3.0750754,0.12561124563217163,0.5846372842788696,0.4069701135158539
YOL089C,YPL087W,0,-3.0755527,0.12557287514209747,0.5846372842788696,0.40711238980293274
YBR098W,YBR160W,1,-3.0756228,0.1258399486541748,0.5860597491264343,0.40711238980293274
YDR118W,YFR028C,0,-3.0757792,0.12580153346061707,0.5860597491264343,0.4072546362876892
YBL025W,YER028C,0,-3.0758598,0.12576313316822052,0.5860597491264343,0.4073968827724457
YDL147W,YLR337C,0,-3.0762637,0.12572474777698517,0.5860597491264343,0.40753912925720215
YDR075W,YNR072W,0,-3.076442,0.1256863921880722,0.5860597491264343,0.4076813757419586
YLL011W,YLR313C,0,-3.0768125,0.12564806640148163,0.5860597491264343,0.4078236222267151
YGR214W,YDR244W,0,-3.0772521,0.12560975551605225,0.5860597491264343,0.40796586871147156
YDR263C,YJR093C,0,-3.0773125,0.12557147443294525,0.5860597491264343,0.408108115196228
YNL126W,YMR168C,0,-3.0773704,0.12553320825099945,0.5860597491264343,0.4082503616809845
YOL051W,YJL033W,0,-3.077381,0.12549497187137604,0.5860597491264343,0.40839260816574097
YEL024W,YDR385W,0,-3.077713,0.125456765294075,0.5860597491264343,0.40853485465049744
YJL005W,YBL009W,1,-3.0777729,0.1257229894399643,0.587482213973999,0.40853485465049744
YOR290C,YDR087C,0,-3.0781271,0.1256847232580185,0.587482213973999,0.4086771011352539
YHR019C,YDL216C,0,-3.0781853,0.12564648687839508,0.587482213973999,0.4088193476200104
YOL011W,YHR196W,0,-3.07834,0.12560826539993286,0.587482213973999,0.40896159410476685
YPR201W,YDR331W,0,-3.0783446,0.12557008862495422,0.587482213973999,0.4091038405895233
YHR082C,YNR052C,0,-3.0783613,0.12553191184997559,0.587482213973999,0.4092460870742798
YKL053C-A,YKL188C,0,-3.078417,0.12549376487731934,0.587482213973999,0.40938833355903625
YFL011W,YER015W,0,-3.0790825,0.12545564770698547,0.587482213973999,0.4095305800437927
YNL182C,YOR122C,0,-3.0796509,0.1254175454378128,0.587482213973999,0.4096728265285492
YPR135W,YGR123C,0,-3.0796854,0.12537947297096252,0.587482213973999,0.40981507301330566
YPR164W,YNL214W,0,-3.0798817,0.12534143030643463,0.587482213973999,0.40995731949806213
YOL121C,YNL103W,0,-3.0799422,0.12530340254306793,0.587482213973999,0.4100995659828186
YPL132W,YNL039W,0,-3.080116,0.12526538968086243,0.587482213973999,0.4102418124675751
YOR256C,YAL054C,0,-3.0804038,0.1252274066209793,0.587482213973999,0.41038405895233154
YBL020W,YKR101W,0,-3.080802,0.12518945336341858,0.587482213973999,0.410526305437088
YMR138W,YBR276C,0,-3.0816743,0.12515151500701904,0.587482213973999,0.4106685519218445
YLR141W,YOR377W,0,-3.0818775,0.1251136064529419,0.587482213973999,0.41081079840660095
YLR006C,YKR079C,0,-3.082084,0.12507571280002594,0.587482213973999,0.4109530448913574
YHR176W,YPR186C,0,-3.0824306,0.12503784894943237,0.587482213973999,0.4110952913761139
YPL139C,YBR098W,1,-3.0825207,0.12530265748500824,0.5889046788215637,0.4110952913761139
YPR086W,YKR079C,0,-3.0833366,0.1252647489309311,0.5889046788215637,0.41123756766319275
YDR085C,YPR023C,0,-3.0836356,0.12522685527801514,0.5889046788215637,0.4113798141479492
YER126C,YLR396C,0,-3.0838974,0.12518899142742157,0.5889046788215637,0.4115220606327057
YKL166C,YLR032W,0,-3.0839279,0.1251511424779892,0.5889046788215637,0.41166430711746216
YDL007W,YOL045W,0,-3.0839891,0.1251133233308792,0.5889046788215637,0.41180655360221863
YHL022C,YIL132C,1,-3.084143,0.12537764012813568,0.5903271436691284,0.41180655360221863
YKL126W,YPL231W,0,-3.0842102,0.12533977627754211,0.5903271436691284,0.4119488000869751
YHR073W,YNL172W,0,-3.0852392,0.12530192732810974,0.5903271436691284,0.41209104657173157
YNR023W,YKR061W,0,-3.085316,0.12526410818099976,0.5903271436691284,0.41223329305648804
YNL242W,YKR061W,0,-3.0853188,0.12522631883621216,0.5903271436691284,0.4123755395412445
YOR005C,YKL008C,0,-3.08547,0.12518854439258575,0.5903271436691284,0.412517786026001
YGR095C,YNR072W,0,-3.0857747,0.12515078485012054,0.5903271436691284,0.41266003251075745
YBL046W,YKL007W,0,-3.085808,0.12511305510997772,0.5903271436691284,0.4128022789955139
YPL020C,YMR173W,0,-3.0859935,0.1250753402709961,0.5903271436691284,0.4129445254802704
YHR164C,YDR308C,0,-3.0860522,0.12503765523433685,0.5903271436691284,0.41308677196502686
YIL023C,YDR147W,0,-3.0860608,0.125,0.5903271436691284,0.4132290184497833
YCR093W,YBR257W,0,-3.086067,0.12496235966682434,0.5903271436691284,0.4133712649345398
YMR250W,YHR138C,0,-3.0860946,0.12492474168539047,0.5903271436691284,0.41351351141929626
YDR512C,YLR135W,0,-3.0861175,0.12488715350627899,0.5903271436691284,0.41365575790405273
YDR194C,YLR110C,0,-3.086256,0.1248495802283287,0.5903271436691284,0.4137980043888092
YOR122C,YLL011W,0,-3.0876205,0.12481202930212021,0.5903271436691284,0.4139402508735657
YPL146C,YBR035C,0,-3.0877717,0.1247745007276535,0.5903271436691284,0.41408249735832214
YIL139C,YOR193W,0,-3.0879889,0.12473700195550919,0.5903271436691284,0.4142247438430786
YCR091W,YMR125W,0,-3.088669,0.12469951808452606,0.5903271436691284,0.4143669903278351
YGR185C,YPR094W,0,-3.0895035,0.12466206401586533,0.5903271436691284,0.41450923681259155
YHL006C,YDR464W,0,-3.0897682,0.12462462484836578,0.5903271436691284,0.414651483297348
YOL021C,YDL015C,0,-3.089914,0.12458720803260803,0.5903271436691284,0.4147937297821045
YNL242W,YPR191W,0,-3.0900629,0.12454982101917267,0.5903271436691284,0.41493597626686096
YIL115C,YDR079C-A,0,-3.0901008,0.1245124489068985,0.5903271436691284,0.41507822275161743
YDR120C,YDR118W,0,-3.090203,0.12447510659694672,0.5903271436691284,0.4152204692363739
YOL158C,YDL052C,0,-3.090316,0.12443777918815613,0.5903271436691284,0.41536274552345276
YPL160W,YDL164C,0,-3.0903585,0.12440048158168793,0.5903271436691284,0.41550499200820923
YHR129C,YIL017C,0,-3.090491,0.12436319887638092,0.5903271436691284,0.4156472384929657
YBR170C,YOR208W,0,-3.0909088,0.1243259459733963,0.5903271436691284,0.41578948497772217
YLR221C,YCR002C,0,-3.0915616,0.12428870797157288,0.5903271436691284,0.41593173146247864
YJL048C,YPR186C,0,-3.0917127,0.12425149977207184,0.5903271436691284,0.4160739779472351
YPL262W,YBR114W,0,-3.0926144,0.124214306473732,0.5903271436691284,0.4162162244319916
YCL033C,YDR212W,0,-3.0929792,0.12417714297771454,0.5903271436691284,0.41635847091674805
YKL012W,YDR398W,0,-3.0931575,0.12413999438285828,0.5903271436691284,0.4165007174015045
YNL107W,YMR149W,0,-3.093261,0.1241028681397438,0.5903271436691284,0.416642963886261
YML080W,YLR216C,0,-3.093509,0.12406577169895172,0.5903271436691284,0.41678521037101746
YGR231C,YDR147W,0,-3.0935214,0.12402869015932083,0.5903271436691284,0.4169274568557739
YDR121W,YER028C,0,-3.0935295,0.12399163097143173,0.5903271436691284,0.4170697033405304
YNL093W,YOR298C-A,0,-3.0939803,0.12395460158586502,0.5903271436691284,0.41721194982528687
YHR012W,YOR058C,0,-3.0943496,0.1239175871014595,0.5903271436691284,0.41735419631004333
YKL129C,YPL132W,0,-3.0946267,0.12388059496879578,0.5903271436691284,0.4174964427947998
YIL132C,YBL009W,1,-3.0947773,0.12414205074310303,0.5917496681213379,0.4174964427947998
YGR231C,YDR244W,0,-3.0955074,0.12410501390695572,0.5917496681213379,0.4176386892795563
YNL127W,YNL221C,0,-3.0957959,0.1240679994225502,0.5917496681213379,0.41778093576431274
YBL025W,YJR108W,0,-3.096103,0.12403100728988647,0.5917496681213379,0.4179231822490692
YHR148W,YDL003W,0,-3.09646,0.12399403750896454,0.5917496681213379,0.4180654287338257
YBR172C,YJR053W,0,-3.0965166,0.1239570900797844,0.5917496681213379,0.41820767521858215
YKL126W,YGR048W,0,-3.0966458,0.12392016500234604,0.5917496681213379,0.4183499217033386
YJL012C,YNL172W,0,-3.09666,0.12388326227664948,0.5917496681213379,0.4184921681880951
YBR177C,YMR125W,0,-3.0966861,0.1238463819026947,0.5917496681213379,0.41863441467285156
YDR501W,YMR149W,0,-3.0967538,0.12380952388048172,0.5917496681213379,0.41877666115760803
YPR135W,YDR045C,0,-3.0968318,0.12377268821001053,0.5917496681213379,0.4189189076423645
YDR216W,YGR072W,0,-3.0969565,0.12373587489128113,0.5917496681213379,0.41906115412712097
YNL218W,YOR004W,0,-3.0972729,0.12369907647371292,0.5917496681213379,0.41920340061187744
YGL087C,YOR239W,0,-3.0973232,0.1236623078584671,0.5917496681213379,0.4193456470966339
YPL146C,YLR116W,0,-3.0974145,0.12362555414438248,0.5917496681213379,0.41948792338371277
YDL115C,YBR160W,1,-3.0974314,0.12388591468334198,0.5931721329689026,0.41948792338371277
YNR008W,YLR055C,0,-3.097697,0.12384912371635437,0.5931721329689026,0.41963016986846924
YLR234W,YJL074C,1,-3.097697,0.12410926073789597,0.5945945978164673,0.41963016986846924
YDR385W,YGL003C,0,-3.0986397,0.12407242506742477,0.5945945978164673,0.4197724163532257
YBL035C,YEL032W,0,-3.09873,0.12403561174869537,0.5945945978164673,0.4199146628379822
YGR048W,YPL137C,0,-3.0988204,0.12399881333112717,0.5945945978164673,0.42005690932273865
YDL115C,YGL175C,1,-3.0989738,0.1242586001753807,0.596017062664032,0.42005690932273865
YDR289C,YLR116W,0,-3.0990121,0.12422176450490952,0.596017062664032,0.4201991558074951
YCR081W,YKL051W,0,-3.0994985,0.12418494373559952,0.596017062664032,0.4203414022922516
YGR231C,YDR146C,0,-3.0995042,0.12414814531803131,0.596017062664032,0.42048364877700806
YER109C,YPR181C,0,-3.099604,0.12411137670278549,0.596017062664032,0.4206258952617645
YBL030C,YLR117C,0,-3.0997655,0.12407462298870087,0.596017062664032,0.420768141746521
YOR039W,YOR004W,0,-3.0999386,0.12403789162635803,0.596017062664032,0.42091038823127747
YNL135C,YMR068W,0,-3.1004922,0.12400118261575699,0.596017062664032,0.42105263471603394
YBR169C,YPR041W,0,-3.100868,0.12396449595689774,0.596017062664032,0.4211948812007904
YJL048C,YOR319W,0,-3.1009305,0.12392783164978027,0.596017062664032,0.4213371276855469
YMR241W,YPL231W,0,-3.101237,0.1238911896944046,0.596017062664032,0.42147937417030334
YML019W,YGL205W,0,-3.1013584,0.12385457009077072,0.596017062664032,0.4216216206550598
YKL166C,YGL087C,0,-3.101783,0.12381796538829803,0.596017062664032,0.4217638671398163
YMR030W,YPR082C,0,-3.1018524,0.12378139048814774,0.596017062664032,0.42190611362457275
YOR073W,YOL090W,1,-3.10206,0.1240401640534401,0.5974395275115967,0.42190611362457275
YJL133W,YPR030W,0,-3.1025472,0.12400354444980621,0.5974395275115967,0.4220483601093292
YCL004W,YGR077C,0,-3.1028726,0.12396693974733353,0.5974395275115967,0.4221906065940857
YLR131C,YOR157C,0,-3.1029804,0.12393036484718323,0.5974395275115967,0.42233285307884216
YHR152W,YFL009W,1,-3.1032212,0.12418878823518753,0.5988619923591614,0.42233285307884216
YGL246C,YJL090C,0,-3.103394,0.12415216863155365,0.5988619923591614,0.42247509956359863
YPR049C,YDL020C,0,-3.1033957,0.12411556392908096,0.5988619923591614,0.4226173460483551
YIR002C,YFR040W,0,-3.1044652,0.12407898902893066,0.5988619923591614,0.4227595925331116
YMR023C,YGR214W,0,-3.1044903,0.12404242902994156,0.5988619923591614,0.42290183901786804
YPL161C,YGR188C,0,-3.104824,0.12400589138269424,0.5988619923591614,0.4230440855026245
YNL283C,YAR003W,0,-3.1048698,0.12396937608718872,0.5988619923591614,0.423186331987381
YNL173C,YOR341W,0,-3.1049144,0.12393288314342499,0.5988619923591614,0.42332857847213745
YBR020W,YDR164C,0,-3.1050751,0.12389641255140305,0.5988619923591614,0.4234708249568939
YKL058W,YOR100C,0,-3.1052873,0.1238599568605423,0.5988619923591614,0.4236131012439728
YCR081W,YNR072W,0,-3.1055229,0.12382353097200394,0.5988619923591614,0.42375534772872925
YPL057C,YMR235C,0,-3.1057076,0.12378711998462677,0.5988619923591614,0.4238975942134857
YMR270C,YJL012C,0,-3.1057854,0.1237507313489914,0.5988619923591614,0.4240398406982422
YHR082C,YLR192C,0,-3.1059291,0.1237143725156784,0.5988619923591614,0.42418208718299866
YDR393W,YPR041W,0,-3.1059537,0.12367802858352661,0.5988619923591614,0.4243243336677551
YOR060C,YPR191W,0,-3.1060367,0.12364170700311661,0.5988619923591614,0.4244665801525116
YGL144C,YOL021C,0,-3.1060472,0.1236054003238678,0.5988619923591614,0.42460882663726807
YLR234W,YNL088W,1,-3.1068842,0.12386263906955719,0.6002845168113708,0.42460882663726807
YOR386W,YPR164W,0,-3.1072052,0.1238262876868248,0.6002845168113708,0.42475107312202454
YOR270C,YML060W,0,-3.1075032,0.1237899661064148,0.6002845168113708,0.424893319606781
YNL283C,YGR257C,0,-3.1083481,0.12375366687774658,0.6002845168113708,0.4250355660915375
YDR379W,YKR079C,0,-3.108473,0.12371738255023956,0.6002845168113708,0.42517781257629395
YMR280C,YBL007C,0,-3.1084874,0.12368112802505493,0.6002845168113708,0.4253200590610504
YDL200C,YPR016C,0,-3.108624,0.1236448884010315,0.6002845168113708,0.4254623055458069
YER109C,YPR082C,0,-3.108742,0.12360867112874985,0.6002845168113708,0.42560455203056335
YER126C,YHR001W-A,0,-3.1090379,0.12357247620820999,0.6002845168113708,0.4257467985153198
YFR055W,YLR310C,0,-3.1091986,0.12353629618883133,0.6002845168113708,0.4258890450000763
YLR115W,YDR284C,0,-3.109412,0.12350014597177505,0.6002845168113708,0.42603129148483276
YPR049C,YBL052C,0,-3.1095254,0.12346401065587997,0.6002845168113708,0.42617353796958923
YLL034C,YHR175W,0,-3.1096108,0.12342790514230728,0.6002845168113708,0.4263157844543457
YNL106C,YDR398W,0,-3.1096275,0.12339181452989578,0.6002845168113708,0.4264580309391022
YGR048W,YGL044C,0,-3.1096594,0.12335574626922607,0.6002845168113708,0.42660027742385864
YJL146W,YHR152W,1,-3.109851,0.1236119195818901,0.6017069816589355,0.42660027742385864
YNL326C,YER006W,0,-3.109935,0.12357581406831741,0.6017069816589355,0.4267425239086151
YDR322C-A,YOL011W,0,-3.110325,0.12353971600532532,0.6017069816589355,0.4268847703933716
YJL074C,YGR247W,1,-3.110387,0.12379562109708786,0.6031294465065002,0.4268847703933716
YHR082C,YGR089W,0,-3.110666,0.12375948578119278,0.6031294465065002,0.42702701687812805
YLR320W,YLR055C,0,-3.110769,0.12372337281703949,0.6031294465065002,0.4271692633628845
YDR342C,YDR258C,0,-3.110981,0.12368728220462799,0.6031294465065002,0.427311509847641
YLR033W,YHR012W,0,-3.1110022,0.12365121394395828,0.6031294465065002,0.42745375633239746
YMR250W,YDR069C,0,-3.1117928,0.12361516058444977,0.6031294465065002,0.42759600281715393
YPL139C,YJL005W,1,-3.111794,0.12387058883905411,0.6045519113540649,0.42759600281715393
YFR028C,YBR020W,0,-3.1125658,0.12383449822664261,0.6045519113540649,0.4277382791042328
YLR263W,YDL154W,1,-3.1127214,0.12408971786499023,0.6059743762016296,0.4277382791042328
YPR041W,YLR043C,0,-3.1127813,0.12405358254909515,0.6059743762016296,0.42788052558898926
YDR121W,YOR334W,0,-3.1128256,0.12401746958494186,0.6059743762016296,0.4280227720737457
YER008C,YDR045C,0,-3.1129909,0.12398137152194977,0.6059743762016296,0.4281650185585022
YPL020C,YJR017C,0,-3.1131814,0.12394530326128006,0.6059743762016296,0.42830726504325867
YPR021C,YOR295W,0,-3.1133277,0.12390924990177155,0.6059743762016296,0.42844951152801514
YOR386W,YIR002C,0,-3.1133823,0.12387321889400482,0.6059743762016296,0.4285917580127716
YGL122C,YHR174W,0,-3.1134222,0.12383721023797989,0.6059743762016296,0.4287340044975281
YMR080C,YDL216C,0,-3.1134741,0.12380122393369675,0.6059743762016296,0.42887625098228455
YJL157C,YBR015C,0,-3.113663,0.1237652525305748,0.6059743762016296,0.429018497467041
YMR179W,YBR267W,0,-3.113682,0.12372930347919464,0.6059743762016296,0.4291607439517975
YDR146C,YOL156W,0,-3.113729,0.12369337677955627,0.6059743762016296,0.42930299043655396
YMR059W,YML094W,0,-3.1139808,0.1236574724316597,0.6059743762016296,0.4294452369213104
YMR068W,YNL172W,0,-3.1142688,0.12362159043550491,0.6059743762016296,0.4295874834060669
YPR005C,YNL232W,0,-3.1144938,0.12358572334051132,0.6059743762016296,0.42972972989082336
YNL127W,YDR212W,0,-3.1146343,0.12354988604784012,0.6059743762016296,0.42987197637557983
YER035W,YJL191W,0,-3.1146386,0.12351406365633011,0.6059743762016296,0.4300142228603363
YOR116C,YOR005C,0,-3.1150672,0.12347826361656189,0.6059743762016296,0.4301564693450928
YGR185C,YDR116C,0,-3.1151135,0.12344247847795486,0.6059743762016296,0.43029871582984924
YHR175W,YLR221C,0,-3.1151857,0.12340672314167023,0.6059743762016296,0.4304409623146057
YDL115C,YCR092C,1,-3.1153424,0.12366058677434921,0.6073968410491943,0.4304409623146057
YOL158C,YDR088C,0,-3.115411,0.1236247792840004,0.6073968410491943,0.4305832087993622
YNL130C,YDR379W,0,-3.115721,0.12358900159597397,0.6073968410491943,0.43072545528411865
YGR278W,YGR239C,0,-3.1157732,0.12355323880910873,0.6073968410491943,0.4308677017688751
YGR156W,YDR501W,0,-3.1158218,0.12351749837398529,0.6073968410491943,0.4310099482536316
YNL283C,YCR091W,0,-3.1159317,0.12348178029060364,0.6073968410491943,0.43115219473838806
YGL243W,YPL075W,0,-3.1159456,0.12344608455896378,0.6073968410491943,0.43129444122314453
YFR040W,YDR045C,0,-3.1160681,0.12341040372848511,0.6073968410491943,0.431436687707901
YNL135C,YPL146C,0,-3.1160681,0.12337474524974823,0.6073968410491943,0.43157893419265747
YMR268C,YKL188C,0,-3.1161516,0.12333910912275314,0.6073968410491943,0.43172118067741394
YKL117W,YLR214W,0,-3.1162088,0.12330349534749985,0.6073968410491943,0.4318634569644928
YIR025W,YBL009W,1,-3.116474,0.12355658411979675,0.6088193655014038,0.4318634569644928
YBR265W,YGR188C,0,-3.1165502,0.12352092564105988,0.6088193655014038,0.43200570344924927
YMR280C,YJL111W,0,-3.1168406,0.12348528206348419,0.6088193655014038,0.43214794993400574
YFL021W,YNL261W,0,-3.116906,0.1234496682882309,0.6088193655014038,0.4322901964187622
YFR055W,YHR067W,0,-3.1171083,0.1234140694141388,0.6088193655014038,0.4324324429035187
YOR005C,YBR010W,0,-3.117368,0.12337849289178848,0.6088193655014038,0.43257468938827515
YIR009W,YHR031C,0,-3.1174204,0.12334293872117996,0.6088193655014038,0.4327169358730316
YJR049C,YMR250W,0,-3.1177137,0.12330740690231323,0.6088193655014038,0.4328591823577881
YOL011W,YPL146C,0,-3.1179817,0.1232718899846077,0.6088193655014038,0.43300142884254456
YPL194W,YLR248W,1,-3.1181657,0.12352433055639267,0.6102418303489685,0.43300142884254456
YHR164C,YCR091W,0,-3.1186516,0.12348877638578415,0.6102418303489685,0.433143675327301
YDR503C,YHR107C,0,-3.118784,0.12345323711633682,0.6102418303489685,0.4332859218120575
YMR030W,YDR308C,0,-3.1187904,0.12341772019863129,0.6102418303489685,0.43342816829681396
YNL222W,YJL033W,0,-3.1188343,0.12338222563266754,0.6102418303489685,0.43357041478157043
YIL154C,YPR057W,0,-3.1189508,0.12334675341844559,0.6102418303489685,0.4337126612663269
YJL080C,YGR247W,1,-3.1194403,0.12359873205423355,0.6116642951965332,0.4337126612663269
YHR129C,YDR163W,0,-3.1196706,0.12356321513652802,0.6116642951965332,0.4338549077510834
YDL115C,YOR229W,1,-3.1197402,0.12381499260663986,0.6130867600440979,0.4338549077510834
YJL157C,YJR082C,0,-3.1200342,0.12377943843603134,0.6130867600440979,0.43399715423583984
YER109C,YDR244W,0,-3.1200533,0.12374389916658401,0.6130867600440979,0.4341394007205963
YHR012W,YBR114W,0,-3.1202226,0.12370838224887848,0.6130867600440979,0.4342816472053528
YNL135C,YDR392W,0,-3.1202404,0.12367288023233414,0.6130867600440979,0.43442389369010925
YPL001W,YPR181C,0,-3.120421,0.12363740801811218,0.6130867600440979,0.4345661401748657
YDL024C,YPL084W,0,-3.1206093,0.12360195070505142,0.6130867600440979,0.4347083866596222
YLR276C,YNL039W,0,-3.1207514,0.12356651574373245,0.6130867600440979,0.43485063314437866
YFL021W,YML011C,0,-3.1209073,0.12353109568357468,0.6130867600440979,0.43499287962913513
YGR006W,YLR055C,0,-3.12096,0.12349570542573929,0.6130867600440979,0.4351351261138916
YDR448W,YEL032W,0,-3.121148,0.1234603300690651,0.6130867600440979,0.43527737259864807
YER042W,YHR019C,0,-3.1212876,0.1234249696135521,0.6130867600440979,0.43541961908340454
YDR280W,YOR334W,0,-3.12131,0.12338963896036148,0.6130867600440979,0.435561865568161
YPL146C,YGR262C,0,-3.1221035,0.12335432320833206,0.6130867600440979,0.4357041120529175
YJL087C,YPL196W,0,-3.1223373,0.12331902980804443,0.6130867600440979,0.43584635853767395
YHR176W,YJR049C,0,-3.1223977,0.123283751308918,0.6130867600440979,0.4359886348247528
YPR181C,YDL105W,0,-3.1224377,0.12324849516153336,0.6130867600440979,0.4361308813095093
YHR176W,YDR501W,0,-3.122864,0.1232132613658905,0.6130867600440979,0.43627312779426575
YDR361C,YBR080C,0,-3.123143,0.12317804992198944,0.6130867600440979,0.4364153742790222
YFR028C,YER015W,0,-3.1232252,0.12314286082983017,0.6130867600440979,0.4365576207637787
YJL207C,YER109C,0,-3.1232436,0.12310768663883209,0.6130867600440979,0.43669986724853516
YOR334W,YNL126W,0,-3.1233234,0.12307252734899521,0.6130867600440979,0.4368421137332916
YEL061C,YOR377W,0,-3.1236637,0.12303739786148071,0.6130867600440979,0.4369843602180481
YMR039C,YDR270W,0,-3.12373,0.12300228327512741,0.6130867600440979,0.43712660670280457
YIL139C,YNL267W,0,-3.1237364,0.1229671910405159,0.6130867600440979,0.43726885318756104
YHR129C,YJR053W,0,-3.1239665,0.12293211370706558,0.6130867600440979,0.4374110996723175
YHR175W,YLR141W,0,-3.1243365,0.12289706617593765,0.6130867600440979,0.437553346157074
YPR135W,YFR040W,0,-3.124489,0.12286202609539032,0.6130867600440979,0.43769559264183044
YER042W,YNL298W,0,-3.1246715,0.12282701581716537,0.6130867600440979,0.4378378391265869
YLR138W,YLR116W,0,-3.1247485,0.12279202044010162,0.6130867600440979,0.4379800856113434
YLR263W,YJL074C,1,-3.1249053,0.12304186820983887,0.6145092248916626,0.4379800856113434
YDL164C,YGR112W,0,-3.1249678,0.12300683557987213,0.6145092248916626,0.43812233209609985
YNL135C,YBL008W,0,-3.1252162,0.12297181785106659,0.6145092248916626,0.4382645785808563
YJL074C,YGR225W,1,-3.1258483,0.12322139739990234,0.6159317493438721,0.4382645785808563
YOR229W,YGL175C,1,-3.1261525,0.12347084283828735,0.6173542141914368,0.4382645785808563
YML019W,YER028C,0,-3.1264422,0.12343572080135345,0.6173542141914368,0.4384068250656128
YCR089W,YOR156C,0,-3.1265442,0.12340062856674194,0.6173542141914368,0.43854907155036926
YOR058C,YER006W,0,-3.1268547,0.12336555123329163,0.6173542141914368,0.43869131803512573
YGL175C,YPL194W,1,-3.1269433,0.12361466139554977,0.6187766790390015,0.43869131803512573
YPL217C,YOL121C,0,-3.127967,0.12357954680919647,0.6187766790390015,0.4388335645198822
YDL200C,YOR008C,0,-3.128356,0.12354444712400436,0.6187766790390015,0.43897581100463867
YHR175W,YKR061W,0,-3.1289485,0.12350936979055405,0.6187766790390015,0.43911805748939514
YKR101W,YGR006W,0,-3.128954,0.12347431480884552,0.6187766790390015,0.4392603039741516
YLR216C,YDL231C,0,-3.1289642,0.12343927472829819,0.6187766790390015,0.4394025504589081
YMR162C,YMR059W,0,-3.1293523,0.12340425699949265,0.6187766790390015,0.43954479694366455
YLR116W,YML034W,0,-3.129413,0.1233692541718483,0.6187766790390015,0.439687043428421
YNL021W,YCL052C,0,-3.129429,0.12333428114652634,0.6187766790390015,0.4398292899131775
YDR448W,YMR025W,0,-3.1294725,0.12329932302236557,0.6187766790390015,0.43997153639793396
YDL003W,YDR322C-A,0,-3.1296809,0.123264379799366,0.6187766790390015,0.4401138126850128
YOL089C,YPR016C,0,-3.1297657,0.12322945892810822,0.6187766790390015,0.4402560591697693
YOR168W,YDR088C,0,-3.130085,0.12319456040859222,0.6187766790390015,0.44039830565452576
YMR250W,YDR490C,0,-3.13027,0.12315968424081802,0.6187766790390015,0.4405405521392822
YDR342C,YDR116C,0,-3.1304202,0.12312482297420502,0.6187766790390015,0.4406827986240387
YNL267W,YOR341W,0,-3.1305354,0.1230899840593338,0.6187766790390015,0.44082504510879517
YGL246C,YDL015C,0,-3.1309528,0.12305516004562378,0.6187766790390015,0.44096729159355164
YBL007C,YNR072W,0,-3.1315448,0.12302035838365555,0.6187766790390015,0.4411095380783081
YBL007C,YPR191W,0,-3.1319733,0.12298557907342911,0.6187766790390015,0.4412517845630646
YBR080C,YMR162C,0,-3.1320846,0.12295082211494446,0.6187766790390015,0.44139403104782104
YDR422C,YPL153C,0,-3.1322522,0.122916080057621,0.6187766790390015,0.4415362775325775
YNL242W,YDL135C,0,-3.132424,0.12288135290145874,0.6187766790390015,0.441678524017334
YNL173C,YJL012C,0,-3.1328266,0.12284665554761887,0.6187766790390015,0.44182077050209045
YOR116C,YIL034C,0,-3.1332514,0.12281197309494019,0.6187766790390015,0.4419630169868469
YPR008W,YGL178W,0,-3.1333516,0.1227773055434227,0.6187766790390015,0.4421052634716034
YIL075C,YOR056C,0,-3.1337042,0.122742660343647,0.6187766790390015,0.44224750995635986
YKL140W,YER015W,0,-3.1337373,0.1227080374956131,0.6187766790390015,0.44238975644111633
YKR050W,YNL218W,0,-3.1338756,0.12267343699932098,0.6187766790390015,0.4425320029258728
YOR116C,YIL075C,0,-3.1339805,0.12263885140419006,0.6187766790390015,0.4426742494106293
YDR385W,YPL211W,0,-3.1345496,0.12260428071022034,0.6187766790390015,0.44281649589538574
YGL158W,YGR247W,1,-3.134694,0.12285150587558746,0.6201991438865662,0.44281649589538574
YOL158C,YDL188C,0,-3.1348588,0.12281689792871475,0.6201991438865662,0.4429587423801422
YLR192C,YOR308C,0,-3.135008,0.12278231233358383,0.6201991438865662,0.4431009888648987
YDL003W,YMR302C,0,-3.1361034,0.1227477490901947,0.6201991438865662,0.44324323534965515
YKL058W,YFL031W,0,-3.1362574,0.12271320074796677,0.6201991438865662,0.4433854818344116
YBR276C,YLR092W,0,-3.1363976,0.12267867475748062,0.6201991438865662,0.4435277283191681
YBL046W,YBR084W,0,-3.1370823,0.12264416366815567,0.6201991438865662,0.44366997480392456
YHR031C,YKR079C,0,-3.137656,0.12260967493057251,0.6201991438865662,0.44381222128868103
YER042W,YOR156C,0,-3.1377966,0.12257520109415054,0.6201991438865662,0.4439544677734375
YDR331W,YDR484W,0,-3.137922,0.12254074960947037,0.6201991438865662,0.44409671425819397
YDL188C,YDR464W,0,-3.1380284,0.12250632047653198,0.6201991438865662,0.4442389905452728
YIL075C,YNL209W,0,-3.1383426,0.12247191369533539,0.6201991438865662,0.4443812370300293
YDR280W,YMR298W,0,-3.138768,0.12243751436471939,0.6201991438865662,0.44452348351478577
YDR392W,YLR055C,0,-3.1393406,0.12240314483642578,0.6201991438865662,0.44466572999954224
YDR289C,YBR155W,0,-3.139355,0.12236879020929337,0.6201991438865662,0.4448079764842987
YDL216C,YOR304W,0,-3.1395497,0.12233445793390274,0.6201991438865662,0.4449502229690552
YMR092C,YPR016C,0,-3.1400433,0.12230014055967331,0.6201991438865662,0.44509246945381165
YNL197C,YDR479C,0,-3.1402457,0.12226584553718567,0.6201991438865662,0.4452347159385681
YDR379W,YKR085C,0,-3.1403782,0.12223156541585922,0.6201991438865662,0.4453769624233246
YMR092C,YML102W,0,-3.1408522,0.12219730764627457,0.6201991438865662,0.44551920890808105
YHR019C,YGR239C,0,-3.1412356,0.1221630722284317,0.6201991438865662,0.4456614553928375
YJL080C,YER173W,1,-3.141804,0.12240896373987198,0.6216216087341309,0.4456614553928375
YLR234W,YPL194W,1,-3.1420135,0.12265472114086151,0.6230440735816956,0.4456614553928375
YPL217C,YCR091W,0,-3.1426928,0.12262038141489029,0.6230440735816956,0.445803701877594
YPL178W,YOL023W,0,-3.1427667,0.12258606404066086,0.6230440735816956,0.44594594836235046
YJL074C,YJL005W,1,-3.142957,0.1228315606713295,0.624466598033905,0.44594594836235046
YNL135C,YJR090C,0,-3.1429863,0.12279720604419708,0.624466598033905,0.44608819484710693
YER088C,YNR023W,0,-3.1432593,0.12276286631822586,0.624466598033905,0.4462304413318634
YNL093W,YML028W,0,-3.1432703,0.12272854149341583,0.624466598033905,0.4463726878166199
YCR081W,YHR148W,0,-3.1435535,0.1226942390203476,0.624466598033905,0.44651493430137634
YJL128C,YBR155W,0,-3.1437242,0.12265995889902115,0.624466598033905,0.4466571807861328
YDR178W,YFR005C,0,-3.1439464,0.12262570112943649,0.624466598033905,0.4467994272708893
YIL132C,YJL080C,1,-3.1440496,0.12287070602178574,0.6258890628814697,0.4467994272708893
YOR229W,YCR092C,1,-3.1441333,0.12311557680368423,0.6273115277290344,0.4467994272708893
YFR028C,YIL017C,0,-3.144167,0.12308121472597122,0.6273115277290344,0.44694167375564575
YPR049C,YGL087C,0,-3.1444561,0.123046875,0.6273115277290344,0.4470839202404022
YGR188C,YJR017C,0,-3.1450596,0.12301255017518997,0.6273115277290344,0.4472261667251587
YHR152W,YGL175C,1,-3.1451452,0.1232571080327034,0.6287339925765991,0.4472261667251587
YDR423C,YLR135W,0,-3.1460178,0.12322274595499039,0.6287339925765991,0.44736841320991516
YHR175W,YLR430W,0,-3.1460571,0.12318840622901917,0.6287339925765991,0.44751065969467163
YLR110C,YGL071W,0,-3.1464052,0.12315408140420914,0.6287339925765991,0.4476529061794281
YKL085W,YCL033C,0,-3.1464906,0.1231197789311409,0.6287339925765991,0.44779515266418457
YOR193W,YOR298C-A,0,-3.1467938,0.12308549135923386,0.6287339925765991,0.44793739914894104
YDR264C,YLR320W,0,-3.1469219,0.1230512261390686,0.6287339925765991,0.4480796456336975
YER082C,YKR087C,0,-3.146977,0.12301697582006454,0.6287339925765991,0.448221892118454
YLR248W,YGR247W,1,-3.147051,0.1232609897851944,0.6301564574241638,0.448221892118454
YOL156W,YMR235C,0,-3.1471322,0.12322670221328735,0.6301564574241638,0.44836416840553284
YOR005C,YDR279W,0,-3.1474044,0.1231924369931221,0.6301564574241638,0.4485064148902893
YJL128C,YKL081W,0,-3.1475964,0.12315818667411804,0.6301564574241638,0.4486486613750458
YJR049C,YDR079C-A,0,-3.1478906,0.12312395870685577,0.6301564574241638,0.44879090785980225
YLR234W,YGL158W,1,-3.1479342,0.12336760014295578,0.6315789222717285,0.44879090785980225
YIL139C,YLR320W,0,-3.1480253,0.12333333492279053,0.6315789222717285,0.4489331543445587
YOR208W,YBR114W,0,-3.1481712,0.12329908460378647,0.6315789222717285,0.4490754008293152
YEL054C,YER159C,0,-3.148351,0.1232648491859436,0.6315789222717285,0.44921764731407166
YDR503C,YNL242W,0,-3.1486971,0.12323064357042313,0.6315789222717285,0.4493598937988281
YJL146W,YGL158W,1,-3.1492305,0.12347391992807388,0.633001446723938,0.4493598937988281
YBL035C,YDR216W,0,-3.1494477,0.12343966960906982,0.633001446723938,0.4495021402835846
YOR229W,YIR026C,1,-3.1497653,0.12368275225162506,0.6344239115715027,0.4495021402835846
YER035W,YEL061C,0,-3.1500468,0.12364846467971802,0.6344239115715027,0.44964438676834106
YKR025W,YPR005C,0,-3.150483,0.12361419200897217,0.6344239115715027,0.44978663325309753
YLR103C,YPL057C,0,-3.1512127,0.12357994168996811,0.6344239115715027,0.449928879737854
YJL048C,YDL200C,0,-3.1512392,0.12354570627212524,0.6344239115715027,0.4500711262226105
YHR019C,YNL172W,0,-3.151997,0.12351149320602417,0.6344239115715027,0.45021337270736694
YIL139C,YLR191W,0,-3.1524498,0.12347729504108429,0.6344239115715027,0.4503556191921234
YGR095C,YNL126W,0,-3.1528578,0.1234431192278862,0.6344239115715027,0.4504978656768799
YDL115C,YPL194W,1,-3.1532547,0.12368566542863846,0.6358463764190674,0.4504978656768799
YDR258C,YDL097C,0,-3.1533575,0.12365145236253738,0.6358463764190674,0.45064011216163635
YHR152W,YPL194W,1,-3.153386,0.12389380484819412,0.6372688412666321,0.45064011216163635
YPL020C,YDL216C,0,-3.1533988,0.12385955452919006,0.6372688412666321,0.4507823586463928
YDR394W,YPR186C,0,-3.153717,0.1238253191113472,0.6372688412666321,0.4509246051311493
YBR015C,YIL031W,0,-3.1537592,0.12379110604524612,0.6372688412666321,0.45106685161590576
YJL194W,YOR295W,0,-3.153938,0.12375690788030624,0.6372688412666321,0.45120909810066223
YGL012W,YIL017C,0,-3.1545131,0.12372273206710815,0.6372688412666321,0.4513513445854187
YKL117W,YEL065W,0,-3.1548517,0.12368857115507126,0.6372688412666321,0.45149359107017517
YDR264C,YDR302W,0,-3.1549983,0.12365443259477615,0.6372688412666321,0.45163583755493164
YIL132C,YCR010C,1,-3.155103,0.12389624863862991,0.6386913061141968,0.45163583755493164
YOR290C,YGR185C,0,-3.1552236,0.12386206537485123,0.6386913061141968,0.4517780840396881
YOR229W,YOL090W,1,-3.1552994,0.12410369515419006,0.6401137709617615,0.4517780840396881
YIL031W,YAL059W,0,-3.1554215,0.12406948208808899,0.6401137709617615,0.4519203305244446
YLL034C,YIL048W,0,-3.156162,0.12403528392314911,0.6401137709617615,0.45206257700920105
YGR112W,YIL159W,0,-3.1564443,0.12400110065937042,0.6401137709617615,0.4522048234939575
YGR040W,YML073C,0,-3.1564493,0.12396693974733353,0.6401137709617615,0.452347069978714
YJR090C,YLR141W,0,-3.156713,0.12393280118703842,0.6401137709617615,0.45248934626579285
YPL046C,YER126C,0,-3.1569846,0.12389867752790451,0.6401137709617615,0.4526315927505493
YNL127W,YPL161C,0,-3.1571226,0.12386457622051239,0.6401137709617615,0.4527738392353058
YDL200C,YNR054C,0,-3.1572542,0.12383048981428146,0.6401137709617615,0.45291608572006226
YIL132C,YER173W,1,-3.1573312,0.12407152354717255,0.641536295413971,0.45291608572006226
YHR067W,YJR053W,0,-3.1573505,0.12403740733861923,0.641536295413971,0.4530583322048187
YJR057W,YPL075W,0,-3.15749,0.12400329858064651,0.641536295413971,0.4532005786895752
YHR082C,YNL261W,0,-3.1577895,0.12396921217441559,0.641536295413971,0.45334282517433167
YDR318W,YOR168W,0,-3.1578429,0.12393514811992645,0.641536295413971,0.45348507165908813
YML098W,YBR172C,0,-3.1579492,0.12390109896659851,0.641536295413971,0.4536273181438446
YGL122C,YPL057C,0,-3.1586196,0.12386707216501236,0.641536295413971,0.4537695646286011
YDR235W,YBR065C,0,-3.1587977,0.1238330602645874,0.641536295413971,0.45391181111335754
YPL233W,YBR170C,0,-3.1588748,0.12379906326532364,0.641536295413971,0.454054057598114
YLR141W,YDR235W,0,-3.1589835,0.12376509606838226,0.641536295413971,0.4541963040828705
YJL207C,YBR257W,0,-3.1592653,0.12373113632202148,0.641536295413971,0.45433855056762695
YER169W,YML021C,0,-3.1594877,0.1236971989274025,0.641536295413971,0.4544807970523834
YJL133W,YJL194W,0,-3.159488,0.1236632838845253,0.641536295413971,0.4546230435371399
YML021C,YDR079C-A,0,-3.159874,0.1236293837428093,0.641536295413971,0.45476529002189636
YPR034W,YDR484W,0,-3.159885,0.12359550595283508,0.641536295413971,0.45490753650665283
YBR084W,YFR005C,0,-3.160365,0.12356164306402206,0.641536295413971,0.4550497829914093
YLR263W,YOR073W,1,-3.1605022,0.12380170077085495,0.6429587602615356,0.4550497829914093
YMR172W,YCL054W,0,-3.1607063,0.12376780062913895,0.6429587602615356,0.45519202947616577
YDL115C,YIL132C,1,-3.1609838,0.12400766462087631,0.6443812251091003,0.45519202947616577
YCR091W,YHR205W,0,-3.161037,0.12397372722625732,0.6443812251091003,0.45533427596092224
YHR152W,YCR010C,1,-3.1610544,0.12421340495347977,0.645803689956665,0.45533427596092224
YDR512C,YOR330C,0,-3.1611078,0.1241794303059578,0.645803689956665,0.4554765224456787
YNL307C,YPL194W,1,-3.1612484,0.12441892176866531,0.6472261548042297,0.4554765224456787
YKR035W-A,YIR009W,0,-3.161393,0.12438490986824036,0.6472261548042297,0.4556187689304352
YCR092C,YGR225W,1,-3.1615179,0.12462421506643295,0.6486486196517944,0.4556187689304352
YBR098W,YGR247W,1,-3.1616347,0.1248633861541748,0.6500711441040039,0.4556187689304352
YPL256C,YFL002C,0,-3.1616428,0.12482928484678268,0.6500711441040039,0.45576101541519165
YCL033C,YMR125W,0,-3.162284,0.12479519098997116,0.6500711441040039,0.4559032618999481
YLR248W,YOR073W,1,-3.1623843,0.1250341236591339,0.6514936089515686,0.4559032618999481
YER169W,YDR235W,0,-3.162646,0.125,0.6514936089515686,0.4560455083847046
YKL085W,YLR396C,0,-3.1627283,0.12496589124202728,0.6514936089515686,0.45618775486946106
YOR005C,YLR337C,0,-3.1630366,0.12493180483579636,0.6514936089515686,0.45633000135421753
YER169W,YJL048C,0,-3.1630495,0.12489773333072662,0.6514936089515686,0.456472247838974
YNL021W,YCR091W,0,-3.1632738,0.12486368417739868,0.6514936089515686,0.45661452412605286
YER042W,YOR208W,0,-3.163896,0.12482965737581253,0.6514936089515686,0.4567567706108093
YFR050C,YHR031C,0,-3.1639154,0.12479563802480698,0.6514936089515686,0.4568990170955658
YLR103C,YER026C,0,-3.1640203,0.12476164847612381,0.6514936089515686,0.45704126358032227
YLR016C,YDR244W,0,-3.165639,0.12472766637802124,0.6514936089515686,0.45718351006507874
YPL020C,YDR079C-A,0,-3.1661646,0.12469371408224106,0.6514936089515686,0.4573257565498352
YMR298W,YDR039C,0,-3.1662338,0.12465976923704147,0.6514936089515686,0.4574680030345917
YDR118W,YPL211W,0,-3.1663444,0.12462584674358368,0.6514936089515686,0.45761024951934814
YOR148C,YPL075W,0,-3.1666486,0.12459194660186768,0.6514936089515686,0.4577524960041046
YMR179W,YER015W,0,-3.1666524,0.12455806136131287,0.6514936089515686,0.4578947424888611
YNL021W,YDR453C,0,-3.1666553,0.12452419847249985,0.6514936089515686,0.45803698897361755
YLR430W,YFL031W,0,-3.166752,0.12449035048484802,0.6514936089515686,0.458179235458374
YDR121W,YBR169C,0,-3.1668143,0.12445652484893799,0.6514936089515686,0.4583214819431305
YLR382C,YML011C,0,-3.1672142,0.12442271411418915,0.6514936089515686,0.45846372842788696
YOR127W,YPL137C,0,-3.167629,0.1243889182806015,0.6514936089515686,0.45860597491264343
YBL046W,YGR048W,0,-3.1680448,0.12435514479875565,0.6514936089515686,0.4587482213973999
YPL020C,YIL002C,0,-3.1680746,0.12432138621807098,0.6514936089515686,0.45889046788215637
YER088C,YGL111W,0,-3.1682162,0.12428764998912811,0.6514936089515686,0.45903271436691284
YDL235C,YGR188C,0,-3.168247,0.12425393611192703,0.6514936089515686,0.4591749608516693
YOR204W,YLR376C,0,-3.168636,0.12422022968530655,0.6514936089515686,0.4593172073364258
YJL146W,YBL009W,1,-3.169078,0.1244577020406723,0.6529160737991333,0.4593172073364258
YIL132C,YGR225W,1,-3.1692944,0.12469504028558731,0.654338538646698,0.4593172073364258
YNL135C,YDR129C,0,-3.1695182,0.12466124445199966,0.654338538646698,0.45945945382118225
YDR120C,YGL127C,0,-3.169612,0.12462747097015381,0.654338538646698,0.4596017003059387
YML034W,YDL170W,0,-3.1697476,0.12459371984004974,0.654338538646698,0.4597439467906952
YDL200C,YOR144C,0,-3.1698656,0.12455997616052628,0.654338538646698,0.45988619327545166
YOL124C,YDR297W,0,-3.1699917,0.1245262622833252,0.654338538646698,0.46002843976020813
YNL135C,YOR298C-A,0,-3.1703835,0.12449255585670471,0.654338538646698,0.4601706862449646
YHR062C,YDR385W,0,-3.1704168,0.12445887178182602,0.654338538646698,0.46031293272972107
YOR122C,YNL186W,0,-3.170566,0.12442521005868912,0.654338538646698,0.46045517921447754
YGL070C,YMR117C,0,-3.1706154,0.12439156323671341,0.654338538646698,0.460597425699234
YDR120C,YJL090C,0,-3.1709757,0.1243579313158989,0.654338538646698,0.4607396721839905
YPL139C,YBR160W,1,-3.1709902,0.12459459155797958,0.6557610034942627,0.4607396721839905
YER173W,YDL154W,1,-3.1710896,0.12483112514019012,0.6571835279464722,0.4607396721839905
YPL057C,YGL071W,0,-3.17194,0.12479740381240845,0.6571835279464722,0.46088194847106934
YFR028C,YLR313C,0,-3.172166,0.12476370483636856,0.6571835279464722,0.4610241949558258
YOR245C,YKL008C,0,-3.173044,0.12473002076148987,0.6571835279464722,0.4611664414405823
YJL090C,YGL178W,0,-3.1733072,0.12469635903835297,0.6571835279464722,0.46130868792533875
YIR025W,YDL154W,1,-3.1740448,0.12493254244327545,0.6586059927940369,0.46130868792533875
YPL167C,YOR034C,0,-3.1740887,0.12489884346723557,0.6586059927940369,0.4614509344100952
YOL016C,YBR135W,0,-3.174439,0.12486515939235687,0.6586059927940369,0.4615931808948517
YGL227W,YGR007W,0,-3.1745749,0.12483149021863937,0.6586059927940369,0.46173542737960815
YML069W,YKL125W,0,-3.175268,0.12479784339666367,0.6586059927940369,0.4618776738643646
YDR448W,YLR116W,0,-3.1756494,0.12476421147584915,0.6586059927940369,0.4620199203491211
YER106W,YPL121C,1,-3.1757069,0.125,0.6600284576416016,0.4620199203491211
YGR040W,YPL137C,0,-3.1759355,0.1249663308262825,0.6600284576416016,0.46216216683387756
YPL084W,YBR010W,0,-3.1760664,0.1249326840043068,0.6600284576416016,0.46230441331863403
YDR265W,YFL031W,0,-3.1763043,0.12489905953407288,0.6600284576416016,0.4624466598033905
YER106W,YGL175C,1,-3.1764786,0.12513455748558044,0.6614509224891663,0.4624466598033905
YHR082C,YHR031C,0,-3.176605,0.12510088086128235,0.6614509224891663,0.462588906288147
YCR092C,YBR160W,1,-3.176898,0.1253361999988556,0.662873387336731,0.462588906288147
YML028W,YEL061C,0,-3.1769605,0.1253024935722351,0.662873387336731,0.46273115277290344
YDL115C,YJL074C,1,-3.1773922,0.12553763389587402,0.6642958521842957,0.46273115277290344
YKL129C,YDR527W,0,-3.1774538,0.12550389766693115,0.6642958521842957,0.4628733992576599
YJL146W,YBR098W,1,-3.177827,0.12573884427547455,0.6657183766365051,0.4628733992576599
YDR178W,YBR080C,0,-3.1780624,0.1257050782442093,0.6657183766365051,0.4630156457424164
YHR069C,YGL205W,0,-3.178116,0.12567132711410522,0.6657183766365051,0.46315789222717285
YOL051W,YNL209W,0,-3.1782148,0.12563759088516235,0.6657183766365051,0.4633001387119293
YGL127C,YER028C,0,-3.1782823,0.12560386955738068,0.6657183766365051,0.4634423851966858
YER068W,YBR276C,0,-3.1784184,0.1255701631307602,0.6657183766365051,0.46358463168144226
YPL057C,YNR052C,0,-3.178538,0.1255364865064621,0.6657183766365051,0.46372687816619873
YJL146W,YGR225W,1,-3.1785574,0.12577098608016968,0.6671408414840698,0.46372687816619873
YPL132W,YNL281W,0,-3.178609,0.125737264752388,0.6671408414840698,0.4638691246509552
YJL074C,YBR160W,1,-3.179573,0.12597158551216125,0.6685633063316345,0.4638691246509552
YKL049C,YDR297W,0,-3.1795833,0.1259378343820572,0.6685633063316345,0.46401137113571167
YOL088C,YKL188C,0,-3.1798985,0.12590409815311432,0.6685633063316345,0.46415361762046814
YER120W,YLR221C,0,-3.1806142,0.12587037682533264,0.6685633063316345,0.4642958641052246
YPL001W,YHL006C,0,-3.1806247,0.12583668529987335,0.6685633063316345,0.4644381105899811
YDR423C,YDL044C,0,-3.1806924,0.12580299377441406,0.6685633063316345,0.46458035707473755
YBR015C,YHR012W,0,-3.181074,0.12576933205127716,0.6685633063316345,0.464722603559494
YML028W,YDR147W,0,-3.1814451,0.12573568522930145,0.6685633063316345,0.4648648500442505
YOL077W-A,YDR422C,0,-3.1814969,0.12570205330848694,0.6685633063316345,0.46500712633132935
YNL207W,YDR129C,0,-3.1815186,0.1256684511899948,0.6685633063316345,0.4651493728160858
YGR202C,YPL233W,0,-3.1816614,0.12563486397266388,0.6685633063316345,0.4652916193008423
YGL175C,YJL005W,1,-3.1822853,0.1258685141801834,0.6699857711791992,0.4652916193008423
YNR023W,YDR331W,0,-3.1824348,0.1258348971605301,0.6699857711791992,0.46543386578559875
YGR103W,YGL087C,0,-3.1826274,0.12580128014087677,0.6699857711791992,0.4655761122703552
YDR059C,YER001W,0,-3.1829462,0.12576769292354584,0.6699857711791992,0.4657183587551117
YNL173C,YBR170C,0,-3.1834261,0.1257341206073761,0.6699857711791992,0.46586060523986816
YKR035W-A,YLR130C,0,-3.1834915,0.12570056319236755,0.6699857711791992,0.46600285172462463
YOR334W,YBR079C,0,-3.1838758,0.1256670206785202,0.6699857711791992,0.4661450982093811
YKR085C,YDR453C,0,-3.1845849,0.12563350796699524,0.6699857711791992,0.4662873446941376
YPL167C,YJL183W,0,-3.1845934,0.12559999525547028,0.6699857711791992,0.46642959117889404
YNL182C,YNL261W,0,-3.1849253,0.1255665123462677,0.6699857711791992,0.4665718376636505
YOR116C,YER068W,0,-3.1850774,0.12553304433822632,0.6699857711791992,0.466714084148407
YMR239C,YIR015W,0,-3.1852977,0.12549960613250732,0.6699857711791992,0.46685633063316345
YPL020C,YER120W,0,-3.1853824,0.12546616792678833,0.6699857711791992,0.4669985771179199
YHR175W,YDR308C,0,-3.1854923,0.12543275952339172,0.6699857711791992,0.4671408236026764
YNL242W,YGR077C,0,-3.1854994,0.1253993660211563,0.6699857711791992,0.46728307008743286
YGR048W,YIR015W,0,-3.1855276,0.1253659874200821,0.6699857711791992,0.46742531657218933
YDL015C,YNL126W,0,-3.185774,0.12533262372016907,0.6699857711791992,0.4675675630569458
YGR159C,YNR052C,0,-3.1857946,0.12529927492141724,0.6699857711791992,0.46770980954170227
YDR059C,YLR092W,0,-3.1859224,0.1252659559249878,0.6699857711791992,0.46785205602645874
YGR135W,YOR295W,0,-3.1866481,0.12523265182971954,0.6699857711791992,0.4679943025112152
YOR005C,YDR398W,0,-3.1868398,0.1251993626356125,0.6699857711791992,0.4681365489959717
YPR186C,YML011C,0,-3.1868804,0.12516608834266663,0.6699857711791992,0.46827879548072815
YBR250W,YOR229W,1,-3.1870687,0.12539851665496826,0.6714082360267639,0.46827879548072815
YIL031W,YOR209C,0,-3.1871593,0.1253652125597,0.6714082360267639,0.4684210419654846
YGR159C,YDR244W,0,-3.1872613,0.12533192336559296,0.6714082360267639,0.4685632884502411
YBR049C,YNR072W,0,-3.187266,0.1252986490726471,0.6714082360267639,0.46870553493499756
YML019W,YKL188C,0,-3.1873157,0.12526538968086243,0.6714082360267639,0.46884778141975403
YDR280W,YKR101W,0,-3.1876059,0.12523216009140015,0.6714082360267639,0.4689900279045105
YKL053C-A,YPR042C,0,-3.1879141,0.12519894540309906,0.6714082360267639,0.46913230419158936
YIL159W,YJL014W,0,-3.1880012,0.12516574561595917,0.6714082360267639,0.4692745506763458
YOR067C,YER126C,0,-3.1880264,0.12513256072998047,0.6714082360267639,0.4694167971611023
YJL128C,YBR169C,0,-3.1883113,0.12509939074516296,0.6714082360267639,0.46955904364585876
YDR322C-A,YKL004W,0,-3.1886008,0.12506623566150665,0.6714082360267639,0.46970129013061523
YPL046C,YBR172C,0,-3.189341,0.12503311038017273,0.6714082360267639,0.4698435366153717
YHR069C,YOR058C,0,-3.1893895,0.125,0.6714082360267639,0.4699857831001282
YEL042W,YOR290C,0,-3.189572,0.12496690452098846,0.6714082360267639,0.47012802958488464
YPL194W,YDL154W,1,-3.1901107,0.12519851326942444,0.6728307008743286,0.47012802958488464
YNL127W,YDR322C-A,0,-3.190141,0.12516538798809052,0.6728307008743286,0.4702702760696411
YPR056W,YDL024C,0,-3.1902537,0.12513227760791779,0.6728307008743286,0.4704125225543976
YHR176W,YBR020W,0,-3.1904595,0.12509918212890625,0.6728307008743286,0.47055476903915405
YKL125W,YOR295W,0,-3.190565,0.1250661015510559,0.6728307008743286,0.4706970155239105
YNL021W,YER109C,0,-3.1908872,0.12503303587436676,0.6728307008743286,0.470839262008667
YJL029C,YDR318W,0,-3.191466,0.125,0.6728307008743286,0.47098150849342346
YLR216C,YBR015C,0,-3.1916382,0.12496697157621384,0.6728307008743286,0.47112375497817993
YOR270C,YLR313C,0,-3.1917968,0.12493396550416946,0.6728307008743286,0.4712660014629364
YDL115C,YBR098W,1,-3.1936443,0.12516504526138306,0.6742532253265381,0.4712660014629364
YPR164W,YJL154C,0,-3.1937215,0.1251319944858551,0.6742532253265381,0.47140824794769287
YMR023C,YGR191W,0,-3.193875,0.12509897351264954,0.6742532253265381,0.47155049443244934
YBR276C,YER028C,0,-3.1939144,0.12506596744060516,0.6742532253265381,0.4716927409172058
YPL161C,YFL031W,0,-3.1943648,0.12503297626972198,0.6742532253265381,0.4718349874019623
YHR176W,YDR211W,0,-3.1944368,0.125,0.6742532253265381,0.47197723388671875
YGL194C,YFL009W,1,-3.1946437,0.12523068487644196,0.6756756901741028,0.47197723388671875
YEL054C,YJR093C,0,-3.1947503,0.12519767880439758,0.6756756901741028,0.4721194803714752
YLL034C,YLR370C,0,-3.1949346,0.1251646876335144,0.6756756901741028,0.4722617268562317
YBR098W,YIL132C,1,-3.1951892,0.12539514899253845,0.6770981550216675,0.4722617268562317
YOR122C,YPR135W,0,-3.1957586,0.12536212801933289,0.6770981550216675,0.47240397334098816
YNL135C,YOR330C,0,-3.1957965,0.1253291219472885,0.6770981550216675,0.47254621982574463
YHR114W,YHR129C,0,-3.1958573,0.12529613077640533,0.6770981550216675,0.4726884663105011
YDL097C,YLR409C,0,-3.196098,0.12526315450668335,0.6770981550216675,0.47283071279525757
YMR227C,YER015W,0,-3.1962535,0.12523020803928375,0.6770981550216675,0.47297295928001404
YPL132W,YML011C,0,-3.196364,0.12519726157188416,0.6770981550216675,0.4731152057647705
YMR068W,YCR065W,0,-3.1967137,0.12516434490680695,0.6770981550216675,0.47325748205184937
YDR392W,YGR056W,0,-3.1967542,0.12513144314289093,0.6770981550216675,0.47339972853660583
YJR007W,YML011C,0,-3.1968246,0.1250985562801361,0.6770981550216675,0.4735419750213623
YPL160W,YLR438C-A,0,-3.197152,0.12506568431854248,0.6770981550216675,0.4736842215061188
YLL011W,YGR135W,0,-3.1973975,0.12503282725811005,0.6770981550216675,0.47382646799087524
YLL003W,YJR017C,0,-3.1974883,0.125,0.6770981550216675,0.4739687144756317
YDR463W,YGR254W,0,-3.1974995,0.12496718019247055,0.6770981550216675,0.4741109609603882
YOR193W,YDR453C,0,-3.1975741,0.12493438273668289,0.6770981550216675,0.47425320744514465
YOR319W,YPR164W,0,-3.1976798,0.12490160018205643,0.6770981550216675,0.4743954539299011
YNL273W,YNL214W,0,-3.1977103,0.12486883252859116,0.6770981550216675,0.4745377004146576
YNL326C,YDR324C,0,-3.1980414,0.12483608722686768,0.6770981550216675,0.47467994689941406
YDL024C,YDL188C,0,-3.1982272,0.12480335682630539,0.6770981550216675,0.47482219338417053
YLR263W,YHR152W,1,-3.1982934,0.12503276765346527,0.6785206198692322,0.47482219338417053
YCR081W,YEL061C,0,-3.1986284,0.125,0.6785206198692322,0.474964439868927
YGL233W,YPL119C,0,-3.1992984,0.12496725469827652,0.6785206198692322,0.47510668635368347
YNL281W,YHR066W,0,-3.1994061,0.12493452429771423,0.6785206198692322,0.47524893283843994
YBL035C,YJL076W,0,-3.1995347,0.12490180879831314,0.6785206198692322,0.4753911793231964
YMR287C,YMR162C,0,-3.1998327,0.12486910820007324,0.6785206198692322,0.4755334258079529
YIR026C,YGR225W,1,-3.1998787,0.12509813904762268,0.6799430847167969,0.4755334258079529
YIL075C,YNR054C,0,-3.1999424,0.125065416097641,0.6799430847167969,0.47567567229270935
YDL135C,YIL031W,0,-3.2002065,0.1250326931476593,0.6799430847167969,0.4758179187774658
YDR392W,YBR009C,0,-3.2003677,0.125,0.6799430847167969,0.4759601652622223
YGR040W,YPR016C,0,-3.2007544,0.12496732175350189,0.6799430847167969,0.47610241174697876
YDL132W,YJL014W,0,-3.200969,0.12493465840816498,0.6799430847167969,0.47624465823173523
YML091C,YPL112C,0,-3.2012928,0.12490200996398926,0.6799430847167969,0.4763869047164917
YPR075C,YPR135W,0,-3.202298,0.12486938387155533,0.6799430847167969,0.47652915120124817
YDR392W,YER015W,0,-3.2025092,0.12483677268028259,0.6799430847167969,0.47667139768600464
YDR085C,YDL200C,0,-3.2025306,0.12480417639017105,0.6799430847167969,0.4768136441707611
YPL069C,YDR059C,0,-3.2026346,0.1247716024518013,0.6799430847167969,0.4769558906555176
YPR191W,YOR239W,0,-3.2028291,0.12473903596401215,0.6799430847167969,0.47709813714027405
YBR112C,YFR005C,0,-3.2030132,0.12470649927854538,0.6799430847167969,0.4772403836250305
YPL160W,YGR278W,0,-3.2034934,0.12467397004365921,0.6799430847167969,0.4773826599121094
YPR023C,YCR093W,0,-3.2036746,0.12464146316051483,0.6799430847167969,0.47752490639686584
YDR436W,YDR279W,0,-3.203769,0.12460897117853165,0.6799430847167969,0.4776671528816223
YNL068C,YIR033W,0,-3.2042813,0.12457649409770966,0.6799430847167969,0.4778093993663788
YIL132C,YDL154W,1,-3.204636,0.12480458617210388,0.6813655495643616,0.4778093993663788
YMR092C,YGL044C,0,-3.205038,0.1247720792889595,0.6813655495643616,0.47795164585113525
YGR159C,YHR150W,0,-3.2051055,0.12473957985639572,0.6813655495643616,0.4780938923358917
YBL025W,YBR273C,0,-3.2051768,0.12470711022615433,0.6813655495643616,0.4782361388206482
YNL135C,YPL091W,0,-3.2053726,0.12467464804649353,0.6813655495643616,0.47837838530540466
YIL034C,YMR091C,0,-3.2054355,0.12464220821857452,0.6813655495643616,0.47852063179016113
YHR019C,YDR216W,0,-3.2055318,0.12460978329181671,0.6813655495643616,0.4786628782749176
YLR032W,YOR056C,0,-3.2056801,0.12457737326622009,0.6813655495643616,0.4788051247596741
YML110C,YOL089C,0,-3.2058606,0.12454497814178467,0.6813655495643616,0.47894737124443054
YJL029C,YMR025W,0,-3.2059107,0.12451260536909103,0.6813655495643616,0.479089617729187
YHR164C,YNL242W,0,-3.2059586,0.1244802474975586,0.6813655495643616,0.4792318642139435
YOL011W,YDL097C,0,-3.2063262,0.12444791197776794,0.6813655495643616,0.47937411069869995
YGL089C,YNL173C,0,-3.2063658,0.12441558390855789,0.6813655495643616,0.4795163571834564
YLR430W,YBR170C,0,-3.206648,0.12438327819108963,0.6813655495643616,0.4796586036682129
YJR143C,YCL004W,0,-3.2068503,0.12435098737478256,0.6813655495643616,0.47980085015296936
YBL007C,YGL053W,0,-3.206953,0.12431871145963669,0.6813655495643616,0.47994309663772583
YMR298W,YLR115W,0,-3.2071207,0.1242864578962326,0.6813655495643616,0.4800853431224823
YCL025C,YKL166C,0,-3.2072246,0.12425421178340912,0.6813655495643616,0.48022758960723877
YLR192C,YDR163W,0,-3.2073061,0.12422198802232742,0.6813655495643616,0.48036983609199524
YLR138W,YDR118W,0,-3.2081902,0.12418978661298752,0.6813655495643616,0.4805120825767517
YPL132W,YBR036C,0,-3.2084432,0.12415759265422821,0.6813655495643616,0.4806543290615082
YDR079C-A,YLR067C,0,-3.2084506,0.1241254210472107,0.6813655495643616,0.48079657554626465
YOR229W,YER173W,1,-3.208707,0.12435232847929001,0.682788074016571,0.48079657554626465
YDR448W,YDR359C,0,-3.2088068,0.1243201270699501,0.682788074016571,0.4809388220310211
YJL133W,YDL007W,0,-3.208896,0.1242879331111908,0.682788074016571,0.4810810685157776
YBR250W,YOR073W,1,-3.2092185,0.1245146244764328,0.6842105388641357,0.4810810685157776
YHR114W,YDR302W,0,-3.2092764,0.1244824007153511,0.6842105388641357,0.48122331500053406
YJL207C,YIR002C,0,-3.2099113,0.1244501918554306,0.6842105388641357,0.4813655614852905
YNL127W,YPL167C,0,-3.2101388,0.12441800534725189,0.6842105388641357,0.4815078377723694
YHR085W,YGR094W,0,-3.2103684,0.12438582628965378,0.6842105388641357,0.48165008425712585
YGL178W,YAL059W,0,-3.210439,0.12435366958379745,0.6842105388641357,0.4817923307418823
YGR185C,YJL090C,0,-3.210448,0.12432152777910233,0.6842105388641357,0.4819345772266388
YCR089W,YJR082C,0,-3.2110193,0.12428940832614899,0.6842105388641357,0.48207682371139526
YOR168W,YBR095C,0,-3.2115495,0.12425729632377625,0.6842105388641357,0.48221907019615173
YGR006W,YDR394W,0,-3.2119174,0.1242252066731453,0.6842105388641357,0.4823613166809082
YJR103W,YDL200C,0,-3.2122214,0.12419313192367554,0.6842105388641357,0.4825035631656647
YNL039W,YDR284C,0,-3.2123241,0.12416107207536697,0.6842105388641357,0.48264580965042114
YBR098W,YJL005W,1,-3.2126455,0.12438710033893585,0.6856330037117004,0.48264580965042114
YNL130C,YNL267W,0,-3.212649,0.1243550032377243,0.6856330037117004,0.4827880561351776
YIL139C,YGL012W,0,-3.2129517,0.12432292848825455,0.6856330037117004,0.4829303026199341
YPL217C,YLR324W,0,-3.2129786,0.12429086863994598,0.6856330037117004,0.48307254910469055
YPR005C,YML091C,0,-3.2133405,0.12425883114337921,0.6856330037117004,0.483214795589447
YNL273W,YOR377W,0,-3.2135813,0.12422680109739304,0.6856330037117004,0.4833570420742035
YFL009W,YIR026C,1,-3.2135875,0.12445246428251266,0.6870554685592651,0.4833570420742035
YGL194C,YDL154W,1,-3.2138016,0.12467800080776215,0.6884779334068298,0.4833570420742035
YLR384C,YLR135W,0,-3.2138662,0.1246458888053894,0.6884779334068298,0.48349928855895996
YKR079C,YKL007W,0,-3.2138665,0.12461379915475845,0.6884779334068298,0.48364153504371643
YEL054C,YER068W,0,-3.2139833,0.1245817244052887,0.6884779334068298,0.4837837815284729
YPL132W,YBR020W,0,-3.214041,0.12454966455698013,0.6884779334068298,0.48392602801322937
YNL111C,YJL006C,0,-3.214205,0.12451761960983276,0.6884779334068298,0.48406827449798584
YOL028C,YDR284C,0,-3.214713,0.12448559701442719,0.6884779334068298,0.4842105209827423
YIR033W,YNL298W,0,-3.214791,0.1244535893201828,0.6884779334068298,0.4843527674674988
YPL244C,YOR004W,0,-3.215382,0.12442159652709961,0.6884779334068298,0.48449501395225525
YPR042C,YDR045C,0,-3.2154725,0.12438961863517761,0.6884779334068298,0.4846372604370117
YBR276C,YOR304W,0,-3.2157133,0.12435765564441681,0.6884779334068298,0.4847795069217682
YKR087C,YNL126W,0,-3.215739,0.1243257150053978,0.6884779334068298,0.48492175340652466
YGR040W,YOR119C,0,-3.2160017,0.12429378181695938,0.6884779334068298,0.48506399989128113
YFR009W,YPR191W,0,-3.2161849,0.12426187098026276,0.6884779334068298,0.4852062463760376
YNL127W,YBR095C,0,-3.2163136,0.12422998249530792,0.6884779334068298,0.48534849286079407
YBL035C,YKL140W,0,-3.216574,0.12419810146093369,0.6884779334068298,0.48549073934555054
YDR419W,YIR012W,0,-3.2166252,0.12416624277830124,0.6884779334068298,0.4856330156326294
YDR079C-A,YHR150W,0,-3.2169697,0.12413439154624939,0.6884779334068298,0.48577526211738586
YIL034C,YML023C,0,-3.217076,0.12410256266593933,0.6884779334068298,0.48591750860214233
YJL194W,YGR185C,0,-3.2170978,0.12407074868679047,0.6884779334068298,0.4860597550868988
YKL117W,YNL242W,0,-3.2176635,0.12403895705938339,0.6884779334068298,0.4862020015716553
YBR250W,YGR247W,1,-3.2178228,0.12426338344812393,0.6899003982543945,0.4862020015716553
YOL051W,YGR103W,0,-3.2180302,0.12423155456781387,0.6899003982543945,0.48634424805641174
YML102W,YBR079C,0,-3.2183526,0.12419974058866501,0.6899003982543945,0.4864864945411682
YDR280W,YPR024W,0,-3.2190034,0.12416794896125793,0.6899003982543945,0.4866287410259247
YJR103W,YNL214W,0,-3.219072,0.12413616478443146,0.6899003982543945,0.48677098751068115
YBL030C,YGR103W,0,-3.2190769,0.12410440295934677,0.6899003982543945,0.4869132339954376
YPR056W,YGR218W,0,-3.21967,0.12407265603542328,0.6899003982543945,0.4870554804801941
YJL074C,YDL154W,1,-3.219739,0.12429667264223099,0.691322922706604,0.4870554804801941
YER173W,YIR025W,1,-3.219817,0.12452058494091034,0.6927453875541687,0.4870554804801941
YOR060C,YBR079C,0,-3.2200286,0.12448875606060028,0.6927453875541687,0.48719772696495056
YJL074C,YOL090W,1,-3.2207067,0.1247124969959259,0.6941678524017334,0.48719772696495056
YML028W,YEL065W,0,-3.2208068,0.12468063086271286,0.6941678524017334,0.48733997344970703
YGR123C,YMR179W,0,-3.2209084,0.12464878708124161,0.6941678524017334,0.4874822199344635
YNL222W,YAL051W,0,-3.2209918,0.12461695820093155,0.6941678524017334,0.48762446641921997
YPR042C,YDL197C,0,-3.2212732,0.12458514422178268,0.6941678524017334,0.48776671290397644
YIL002C,YKL051W,0,-3.2213485,0.12455334514379501,0.6941678524017334,0.4879089593887329
YGR103W,YGR183C,0,-3.2215402,0.12452156096696854,0.6941678524017334,0.4880512058734894
YIL023C,YHR016C,0,-3.2217624,0.12448979914188385,0.6941678524017334,0.48819345235824585
YHL022C,YGL158W,1,-3.2218058,0.12471308559179306,0.6955903172492981,0.48819345235824585
YOR005C,YJL063C,0,-3.22183,0.12468128651380539,0.6955903172492981,0.4883356988430023
YIR026C,YCR010C,1,-3.2220743,0.12490440905094147,0.6970127820968628,0.4883356988430023
YDR423C,YJR108W,0,-3.2221725,0.12487258017063141,0.6970127820968628,0.4884779453277588
YDR231C,YPL091W,0,-3.222919,0.12484076619148254,0.6970127820968628,0.48862019181251526
YOL156W,YKR087C,0,-3.222994,0.12480896711349487,0.6970127820968628,0.48876243829727173
YHR164C,YBR065C,0,-3.2231019,0.1247771829366684,0.6970127820968628,0.4889046847820282
YOR193W,YPR135W,0,-3.2231781,0.12474542111158371,0.6970127820968628,0.48904693126678467
YOL011W,YDL216C,0,-3.2233965,0.12471366673707962,0.6970127820968628,0.48918917775154114
YKL188C,YNL232W,0,-3.2234957,0.12468193471431732,0.6970127820968628,0.4893314242362976
YER109C,YOR319W,0,-3.2237432,0.12465021759271622,0.6970127820968628,0.4894736707210541
YGL246C,YER015W,0,-3.2237575,0.1246185153722763,0.6970127820968628,0.48961591720581055
YPL217C,YIL048W,0,-3.223837,0.12458682805299759,0.6970127820968628,0.4897581934928894
YGL127C,YLR368W,0,-3.2238433,0.12455516308546066,0.6970127820968628,0.4899004399776459
YGL246C,YJR031C,0,-3.2243907,0.12452350556850433,0.6970127820968628,0.49004268646240234
YDL003W,YDR120C,0,-3.2245078,0.1244918704032898,0.6970127820968628,0.4901849329471588
YDR392W,YML011C,0,-3.2245965,0.12446025013923645,0.6970127820968628,0.4903271794319153
YML098W,YFL002C,0,-3.2248266,0.1244286447763443,0.6970127820968628,0.49046942591667175
YDR163W,YLR409C,0,-3.2248662,0.12439705431461334,0.6970127820968628,0.4906116724014282
YCL033C,YHR107C,0,-3.2250416,0.12436547875404358,0.6970127820968628,0.4907539188861847
YMR270C,YOR132W,0,-3.225396,0.1243339255452156,0.6970127820968628,0.49089616537094116
YDR069C,YGL053W,0,-3.2254066,0.12430238723754883,0.6970127820968628,0.49103841185569763
YPL174C,YIL115C,0,-3.2254145,0.12427085638046265,0.6970127820968628,0.4911806583404541
YPL139C,YGL158W,1,-3.2256045,0.12449289858341217,0.6984353065490723,0.4911806583404541
YBR169C,YJL111W,0,-3.2256458,0.1244613453745842,0.6984353065490723,0.49132290482521057
YBR250W,YBR098W,1,-3.22565,0.12468322366476059,0.699857771396637,0.49132290482521057
YNL222W,YER109C,0,-3.22566,0.12465163320302963,0.699857771396637,0.49146515130996704
YMR092C,YOL016C,0,-3.2258415,0.12462005764245987,0.699857771396637,0.4916073977947235
YCL025C,YEL065W,0,-3.2263439,0.1245885044336319,0.699857771396637,0.49174964427948
YOL077W-A,YDR512C,0,-3.2264063,0.12455695867538452,0.699857771396637,0.49189189076423645
YCR028C-A,YDR490C,0,-3.226559,0.12452543526887894,0.699857771396637,0.4920341372489929
YBR098W,YLR248W,1,-3.2266333,0.12474696338176727,0.7012802362442017,0.4920341372489929
YBR009C,YGR006W,0,-3.226857,0.1247154027223587,0.7012802362442017,0.4921763837337494
YGL246C,YNL177C,0,-3.2269485,0.12468386441469193,0.7012802362442017,0.49231863021850586
YBR112C,YDR512C,0,-3.226955,0.12465234100818634,0.7012802362442017,0.49246087670326233
YKL140W,YIL017C,0,-3.226989,0.12462083250284195,0.7012802362442017,0.4926031231880188
YHL007C,YKL007W,0,-3.227209,0.12458933889865875,0.7012802362442017,0.49274536967277527
YGL144C,YGR048W,0,-3.2272174,0.12455786019563675,0.7012802362442017,0.49288761615753174
YBR049C,YLR430W,0,-3.227256,0.12452639639377594,0.7012802362442017,0.4930298626422882
YNL126W,YBR135W,0,-3.227609,0.12449494749307632,0.7012802362442017,0.4931721091270447
YKL126W,YBR020W,0,-3.2277687,0.1244635209441185,0.7012802362442017,0.49331435561180115
YJL012C,YOL016C,0,-3.228021,0.12443210184574127,0.7012802362442017,0.4934566020965576
YBL007C,YHL006C,0,-3.228418,0.12440070509910583,0.7012802362442017,0.4935988485813141
YKL008C,YLR376C,0,-3.2285616,0.12436932325363159,0.7012802362442017,0.49374109506607056
YOL108C,YOR290C,0,-3.2286758,0.12433795630931854,0.7012802362442017,0.4938833713531494
YPR034W,YGR095C,0,-3.2292325,0.12430660426616669,0.7012802362442017,0.4940256178379059
YLR382C,YDR182W,0,-3.229265,0.12427527457475662,0.7012802362442017,0.49416786432266235
YBR079C,YDR129C,0,-3.229383,0.12424395233392715,0.7012802362442017,0.4943101108074188
YER026C,YOR127W,0,-3.2303007,0.12421264499425888,0.7012802362442017,0.4944523572921753
YNL267W,YKL148C,0,-3.2304728,0.1241813600063324,0.7012802362442017,0.49459460377693176
YMR138W,YDL216C,0,-3.2305002,0.12415008991956711,0.7012802362442017,0.49473685026168823
YMR287C,YJR017C,0,-3.2305138,0.12411883473396301,0.7012802362442017,0.4948790967464447
YKL140W,YGR094W,0,-3.2308872,0.12408759444952011,0.7012802362442017,0.49502134323120117
YPL174C,YER006W,0,-3.2309449,0.1240563690662384,0.7012802362442017,0.49516358971595764
YHR205W,YOL028C,0,-3.2311494,0.12402515858411789,0.7012802362442017,0.4953058362007141
YBR050C,YBL046W,0,-3.2311594,0.12399396300315857,0.7012802362442017,0.4954480826854706
YER042W,YMR080C,0,-3.2313738,0.12396278232336044,0.7012802362442017,0.49559032917022705
YOR330C,YOR272W,0,-3.2314045,0.12393162399530411,0.7012802362442017,0.4957325756549835
YMR270C,YJL183W,0,-3.2315342,0.12390048056840897,0.7012802362442017,0.49587482213974
YPL132W,YDR168W,0,-3.2318034,0.12386934459209442,0.7012802362442017,0.49601706862449646
YJL048C,YNL177C,0,-3.2319436,0.12383823096752167,0.7012802362442017,0.49615931510925293
YIR025W,YJL005W,1,-3.2322257,0.12405826151371002,0.7027027010917664,0.49615931510925293
YJL087C,YOR341W,0,-3.2322524,0.12402711808681488,0.7027027010917664,0.4963015615940094
YOR279C,YOR156C,0,-3.2322776,0.12399598211050034,0.7027027010917664,0.49644380807876587
YHR129C,YBR276C,0,-3.2324135,0.12396486848592758,0.7027027010917664,0.49658605456352234
YNL307C,YBR160W,1,-3.2325656,0.12418464571237564,0.704125165939331,0.49658605456352234
YLL034C,YIR009W,0,-3.2325957,0.1241535022854805,0.704125165939331,0.4967283010482788
YGR170W,YDR146C,0,-3.232612,0.12412236630916595,0.704125165939331,0.4968705475330353
YOL108C,YOL021C,0,-3.23273,0.1240912526845932,0.704125165939331,0.49701279401779175
YIL132C,YLR248W,1,-3.232898,0.12431077659130096,0.7055476307868958,0.49701279401779175
YOR229W,YBR098W,1,-3.233072,0.12453019618988037,0.7069701552391052,0.49701279401779175
YNL222W,YNR072W,0,-3.2334483,0.12449900060892105,0.7069701552391052,0.4971550405025482
YMR030W,YPL253C,0,-3.233657,0.12446781992912292,0.7069701552391052,0.4972972869873047
YBR114W,YOR058C,0,-3.2336693,0.12443665415048599,0.7069701552391052,0.49743953347206116
YDL024C,YMR250W,0,-3.2337735,0.12440550327301025,0.7069701552391052,0.4975817799568176
YML019W,YDL044C,0,-3.2338645,0.1243743747472763,0.7069701552391052,0.4977240264415741
YDR110W,YPR094W,0,-3.234022,0.12434326112270355,0.7069701552391052,0.49786627292633057
YNL242W,YGR020C,0,-3.2345111,0.1243121549487114,0.7069701552391052,0.4980085492134094
YER109C,YDR258C,0,-3.234533,0.12428107112646103,0.7069701552391052,0.4981507956981659
YPR191W,YBR065C,0,-3.2346697,0.12425000220537186,0.7069701552391052,0.49829304218292236
YOR058C,YFR005C,0,-3.235047,0.12421894818544388,0.7069701552391052,0.49843528866767883
YOR005C,YDR297W,0,-3.2354372,0.1241879090666771,0.7069701552391052,0.4985775351524353
YHR174W,YDL007W,0,-3.2355232,0.1241568848490715,0.7069701552391052,0.4987197816371918
YPL146C,YPR082C,0,-3.2355483,0.1241258755326271,0.7069701552391052,0.49886202812194824
YNL121C,YNR072W,0,-3.2356122,0.1240948811173439,0.7069701552391052,0.4990042746067047
YNL154C,YGR257C,0,-3.2359326,0.1240639016032219,0.7069701552391052,0.4991465210914612
YPL194W,YGR247W,1,-3.235963,0.12428250908851624,0.7083926200866699,0.4991465210914612
YGL044C,YDL170W,0,-3.235978,0.12425149977207184,0.7083926200866699,0.49928876757621765
YJL063C,YKL012W,0,-3.2363703,0.12422050535678864,0.7083926200866699,0.4994310140609741
YMR268C,YLR214W,0,-3.2363932,0.12418952584266663,0.7083926200866699,0.4995732605457306
YKL129C,YOR148C,0,-3.2366161,0.12415856122970581,0.7083926200866699,0.49971550703048706
YPL174C,YOR056C,0,-3.2367084,0.12412761896848679,0.7083926200866699,0.49985775351524353
YFR009W,YAR003W,0,-3.236821,0.12409668415784836,0.7083926200866699,0.5
YLR234W,YGL175C,1,-3.2368479,0.12431489676237106,0.7098150849342346,0.5
YGR077C,YPL140C,0,-3.236874,0.12428393214941025,0.7098150849342346,0.5001422762870789
YPL132W,YGR094W,0,-3.2371054,0.12425298988819122,0.7098150849342346,0.5002844929695129
YBR049C,YCL004W,0,-3.237232,0.1242220550775528,0.7098150849342346,0.5004267692565918
YDR289C,YGR103W,0,-3.2372892,0.12419114261865616,0.7098150849342346,0.5005689859390259
YDL044C,YMR302C,0,-3.2375665,0.12416023761034012,0.7098150849342346,0.5007112622261047
YHR164C,YGL205W,0,-3.237883,0.12412935495376587,0.7098150849342346,0.5008534789085388
YBL008W,YKL007W,0,-3.2378957,0.12409847974777222,0.7098150849342346,0.5009957551956177
YIL139C,YDL235C,0,-3.2379968,0.12406762689352036,0.7098150849342346,0.5011379718780518
YOL060C,YPL151C,0,-3.2380886,0.12403678894042969,0.7098150849342346,0.5012802481651306
YHL007C,YJL063C,0,-3.2388036,0.12400596588850021,0.7098150849342346,0.5014224648475647
YBL025W,YJL014W,0,-3.2388952,0.12397515773773193,0.7098150849342346,0.5015647411346436
YDL197C,YOR119C,0,-3.2390316,0.12394436448812485,0.7098150849342346,0.5017069578170776
YER161C,YGR094W,0,-3.239766,0.12391358613967896,0.7098150849342346,0.5018492341041565
YIL139C,YLR368W,0,-3.240001,0.12388282269239426,0.7098150849342346,0.5019914507865906
YER169W,YDR216W,0,-3.2401273,0.12385207414627075,0.7098150849342346,0.5021337270736694
YMR068W,YDR284C,0,-3.240557,0.12382134050130844,0.7098150849342346,0.5022759437561035
YGL233W,YCL025C,0,-3.240566,0.12379062175750732,0.7098150849342346,0.5024182200431824
YIL139C,YKL049C,0,-3.2405992,0.1237599179148674,0.7098150849342346,0.5025604367256165
YNL186W,YIL106W,0,-3.2406685,0.12372923642396927,0.7098150849342346,0.5027027130126953
YLR234W,YFL009W,1,-3.2407663,0.12394645810127258,0.7112375497817993,0.5027027130126953
YDR302W,YJL090C,0,-3.2408564,0.12391573935747147,0.7112375497817993,0.5028449296951294
YDR422C,YCR093W,0,-3.2408636,0.12388503551483154,0.7112375497817993,0.5029872059822083
YKR042W,YGR278W,0,-3.2408884,0.12385434657335281,0.7112375497817993,0.5031294226646423
YBL030C,YGL246C,0,-3.240989,0.12382367253303528,0.7112375497817993,0.5032716989517212
YBR050C,YNL139C,0,-3.241187,0.12379302084445953,0.7112375497817993,0.5034139156341553
YDL020C,YMR162C,0,-3.2412372,0.12376237660646439,0.7112375497817993,0.5035561919212341
YDL200C,YML091C,0,-3.241293,0.12373174726963043,0.7112375497817993,0.5036984086036682
YBR250W,YPL139C,1,-3.2420373,0.12394853681325912,0.712660014629364,0.5036984086036682
YBR177C,YPR041W,0,-3.242092,0.12391788512468338,0.712660014629364,0.5038406848907471
YJL194W,YJR090C,0,-3.242126,0.12388724088668823,0.712660014629364,0.5039829015731812
YBL046W,YKL140W,0,-3.242223,0.12385661154985428,0.712660014629364,0.50412517786026
YLR191W,YOR386W,0,-3.242287,0.12382600456476212,0.712660014629364,0.5042674541473389
YLR006C,YCR028C-A,0,-3.2428353,0.12379540503025055,0.712660014629364,0.504409670829773
YPR075C,YMR287C,0,-3.242847,0.12376482039690018,0.712660014629364,0.5045519471168518
YKL126W,YPL146C,0,-3.2429488,0.1237342581152916,0.712660014629364,0.5046941637992859
YIL002C,YJL041W,0,-3.2432408,0.12370370328426361,0.712660014629364,0.5048364400863647
YGR214W,YDR079C-A,0,-3.2439737,0.12367317080497742,0.712660014629364,0.5049786567687988
YHR031C,YBR079C,0,-3.2446325,0.12364264577627182,0.712660014629364,0.5051209330558777
YIL154C,YGR103W,0,-3.2452176,0.12361213564872742,0.712660014629364,0.5052631497383118
YLR055C,YJL006C,0,-3.2452524,0.1235816478729248,0.712660014629364,0.5054054260253906
YDL020C,YPL119C,0,-3.2454278,0.12355117499828339,0.712660014629364,0.5055476427078247
YML102W,YOR060C,0,-3.2454293,0.12352070957422256,0.712660014629364,0.5056899189949036
YKL129C,YDL003W,0,-3.2454646,0.12349026650190353,0.712660014629364,0.5058321356773376
YDR283C,YPL075W,0,-3.245739,0.1234598308801651,0.712660014629364,0.5059744119644165
YGR225W,YCR010C,1,-3.245967,0.12367577850818634,0.7140824794769287,0.5059744119644165
YPL161C,YMR117C,0,-3.2461596,0.12364532053470612,0.7140824794769287,0.5061166286468506
YER035W,YDR379W,0,-3.2462673,0.12361487001180649,0.7140824794769287,0.5062589049339294
YDR079C-A,YPR024W,0,-3.2465844,0.12358444184064865,0.7140824794769287,0.5064011216163635
YLR032W,YOR308C,0,-3.2468097,0.12355402112007141,0.7140824794769287,0.5065433979034424
YOR073W,YER173W,1,-3.2469454,0.12376968562602997,0.7155050039291382,0.5065433979034424
YDR235W,YCR002C,0,-3.2470305,0.12373923510313034,0.7155050039291382,0.5066856145858765
YGR077C,YPR052C,0,-3.2472842,0.1237088069319725,0.7155050039291382,0.5068278908729553
YOR270C,YJR053W,0,-3.2474844,0.12367838621139526,0.7155050039291382,0.5069701075553894
YNR052C,YIL002C,0,-3.2474892,0.12364798784255981,0.7155050039291382,0.5071123838424683
YMR241W,YOR127W,0,-3.247753,0.12361759692430496,0.7155050039291382,0.5072546005249023
YIR004W,YLR006C,0,-3.247866,0.1235872209072113,0.7155050039291382,0.5073968768119812
YDL017W,YGR020C,0,-3.2481234,0.12355686724185944,0.7155050039291382,0.5075390934944153
YKL126W,YPR041W,0,-3.2485354,0.12352652102708817,0.7155050039291382,0.5076813697814941
YDR265W,YMR068W,0,-3.2487833,0.12349619716405869,0.7155050039291382,0.5078235864639282
YDL170W,YDR212W,0,-3.2488582,0.1234658807516098,0.7155050039291382,0.5079658627510071
YLR409C,YPL253C,0,-3.2488792,0.12343557924032211,0.7155050039291382,0.5081080794334412
YIL002C,YPR042C,0,-3.2494686,0.12340530008077621,0.7155050039291382,0.50825035572052
YKL188C,YPL153C,0,-3.249774,0.12337502837181091,0.7155050039291382,0.5083926320075989
YGR254W,YJL191W,0,-3.250003,0.1233447790145874,0.7155050039291382,0.508534848690033
YOL089C,YIR015W,0,-3.2502086,0.12331453710794449,0.7155050039291382,0.5086771249771118
YOL158C,YGR185C,0,-3.2506602,0.12328431010246277,0.7155050039291382,0.5088193416595459
YDL007W,YPR181C,0,-3.250913,0.12325410544872284,0.7155050039291382,0.5089616179466248
YDR279W,YMR162C,0,-3.2511027,0.12322390824556351,0.7155050039291382,0.5091038346290588
YDR231C,YLR055C,0,-3.2519586,0.12319373339414597,0.7155050039291382,0.5092461109161377
YLR192C,YIL034C,0,-3.2523572,0.12316356599330902,0.7155050039291382,0.5093883275985718
YKL018W,YDR263C,0,-3.2526171,0.12313341349363327,0.7155050039291382,0.5095306038856506
YJL087C,YDL212W,0,-3.2526314,0.12310327589511871,0.7155050039291382,0.5096728205680847
YNL021W,YBR065C,0,-3.2527597,0.12307316064834595,0.7155050039291382,0.5098150968551636
YLR052W,YGR188C,0,-3.2530878,0.12304305285215378,0.7155050039291382,0.5099573135375977
YOR116C,YDR153C,0,-3.2531645,0.1230129599571228,0.7155050039291382,0.5100995898246765
YDR324C,YHR150W,0,-3.2533083,0.12298288196325302,0.7155050039291382,0.5102418065071106
YLR103C,YDR456W,0,-3.2538068,0.12295282632112503,0.7155050039291382,0.5103840827941895
YOL060C,YML021C,0,-3.2540972,0.12292277812957764,0.7155050039291382,0.5105262994766235
YOR157C,YOR272W,0,-3.2541358,0.12289274483919144,0.7155050039291382,0.5106685757637024
YJR007W,YOL023W,0,-3.2543137,0.12286272644996643,0.7155050039291382,0.5108107924461365
YMR091C,YNL172W,0,-3.2544944,0.12283272296190262,0.7155050039291382,0.5109530687332153
YOR319W,YAR003W,0,-3.254744,0.122802734375,0.7155050039291382,0.5110952854156494
YBL103C,YGL111W,0,-3.2550104,0.12277276068925858,0.7155050039291382,0.5112375617027283
YKR025W,YIR015W,0,-3.2550855,0.12274280190467834,0.7155050039291382,0.5113797783851624
YDL235C,YOL060C,0,-3.2552269,0.12271285802125931,0.7155050039291382,0.5115220546722412
YLR138W,YPL132W,0,-3.2555354,0.12268292903900146,0.7155050039291382,0.5116642713546753
YPL153C,YOR119C,0,-3.2556024,0.12265301495790482,0.7155050039291382,0.5118065476417542
YOR116C,YAL017W,0,-3.2557871,0.12262310832738876,0.7155050039291382,0.5119487643241882
YFR009W,YJR053W,0,-3.2559767,0.1225932240486145,0.7155050039291382,0.5120910406112671
YFL021W,YIL034C,0,-3.2564688,0.12256335467100143,0.7155050039291382,0.5122332572937012
YBR118W,YPR008W,0,-3.256488,0.12253349274396896,0.7155050039291382,0.51237553358078
YJR049C,YDR297W,0,-3.2566788,0.12250365316867828,0.7155050039291382,0.5125178098678589
YHR062C,YER026C,0,-3.2567587,0.1224738284945488,0.7155050039291382,0.512660026550293
YDR283C,YNL099C,0,-3.2568035,0.12244401127099991,0.7155050039291382,0.5128023028373718
YDR423C,YDR419W,0,-3.2569177,0.12241421639919281,0.7155050039291382,0.5129445195198059
YNL267W,YIR033W,0,-3.2573678,0.12238442897796631,0.7155050039291382,0.5130867958068848
YJL076W,YDR308C,0,-3.257798,0.122354656457901,0.7155050039291382,0.5132290124893188
YPR034W,YNL232W,0,-3.258117,0.12232490628957748,0.7155050039291382,0.5133712887763977
YIL132C,YGL175C,1,-3.2583163,0.12253829091787338,0.7169274687767029,0.5133712887763977
YJL157C,YPL132W,0,-3.2584503,0.12250851094722748,0.7169274687767029,0.5135135054588318
YJR017C,YBR065C,0,-3.258529,0.12247873842716217,0.7169274687767029,0.5136557817459106
YPR101W,YJR031C,0,-3.2586238,0.12244898080825806,0.7169274687767029,0.5137979984283447
YML102W,YKL058W,0,-3.258752,0.12241923809051514,0.7169274687767029,0.5139402747154236
YPL137C,YGR020C,0,-3.2588017,0.12238951027393341,0.7169274687767029,0.5140824913978577
YLR214W,YBL093C,0,-3.2588067,0.12235979735851288,0.7169274687767029,0.5142247676849365
YAL017W,YHR066W,0,-3.2589123,0.12233009934425354,0.7169274687767029,0.5143669843673706
YKL125W,YDR464W,0,-3.2594447,0.1223004162311554,0.7169274687767029,0.5145092606544495
YNL147W,YOR377W,0,-3.25963,0.12227074056863785,0.7169274687767029,0.5146514773368835
YBR098W,YJL074C,1,-3.2596889,0.12248362600803375,0.7183499336242676,0.5146514773368835
YFR028C,YKR087C,0,-3.2597134,0.12245392799377441,0.7183499336242676,0.5147937536239624
YGR112W,YJL012C,0,-3.2598114,0.12242424488067627,0.7183499336242676,0.5149359703063965
YGR202C,YKL126W,0,-3.2599795,0.12239456921815872,0.7183499336242676,0.5150782465934753
YLR131C,YDL047W,0,-3.26009,0.12236491590738297,0.7183499336242676,0.5152204632759094
YER106W,YBR250W,1,-3.2602623,0.12257751822471619,0.7197723984718323,0.5152204632759094
YFR053C,YDR231C,0,-3.2605946,0.12254783511161804,0.7197723984718323,0.5153627395629883
YPR049C,YPL211W,0,-3.261916,0.1225181594491005,0.7197723984718323,0.5155049562454224
YHR175W,YOL045W,0,-3.2619627,0.12248849868774414,0.7197723984718323,0.5156472325325012
YIR009W,YPR046W,0,-3.262069,0.12245886027812958,0.7197723984718323,0.5157894492149353
YHR175W,YKL007W,0,-3.2620935,0.12242922931909561,0.7197723984718323,0.5159317255020142
YGR048W,YGL111W,0,-3.262245,0.12239961326122284,0.7197723984718323,0.5160739421844482
YGL246C,YCR091W,0,-3.2622557,0.12237001210451126,0.7197723984718323,0.5162162184715271
YDR384C,YDR153C,0,-3.2623546,0.12234042584896088,0.7197723984718323,0.5163584351539612
YPR016C,YMR179W,0,-3.2626514,0.12231085449457169,0.7197723984718323,0.51650071144104
YHR114W,YGL012W,0,-3.2634997,0.12228129804134369,0.7197723984718323,0.5166429877281189
YGR202C,YGR072W,0,-3.2635558,0.12225174903869629,0.7197723984718323,0.516785204410553
YIR026C,YBL009W,1,-3.264015,0.12246377021074295,0.721194863319397,0.516785204410553
YOL089C,YER120W,0,-3.2642667,0.12243419140577316,0.721194863319397,0.5169274806976318
YGR129W,YMR059W,0,-3.2643566,0.12240463495254517,0.721194863319397,0.5170696973800659
YLR006C,YOR272W,0,-3.2645028,0.12237509340047836,0.721194863319397,0.5172119736671448
YDR423C,YJL076W,0,-3.2645967,0.12234555929899216,0.721194863319397,0.5173541903495789
YML023C,YJR017C,0,-3.264836,0.12231604009866714,0.721194863319397,0.5174964666366577
YDR331W,YKL051W,0,-3.2655036,0.12228654325008392,0.721194863319397,0.5176386833190918
YNR054C,YLR396C,0,-3.2657554,0.1222570538520813,0.721194863319397,0.5177809596061707
YOR156C,YNL147W,0,-3.2658274,0.12222757935523987,0.721194863319397,0.5179231762886047
YGR077C,YNL261W,0,-3.2664251,0.12219811975955963,0.721194863319397,0.5180654525756836
YKR079C,YGR135W,0,-3.2664502,0.12216867506504059,0.721194863319397,0.5182076692581177
YNR023W,YGL012W,0,-3.2668943,0.12213924527168274,0.721194863319397,0.5183499455451965
YFL009W,YOL090W,1,-3.2670631,0.12235067784786224,0.7226173281669617,0.5183499455451965
YER082C,YDR484W,0,-3.267155,0.12232121080160141,0.7226173281669617,0.5184921622276306
YLR130C,YOR004W,0,-3.2673495,0.12229176610708237,0.7226173281669617,0.5186344385147095
YMR235C,YDR263C,0,-3.2674305,0.12226233631372452,0.7226173281669617,0.5187766551971436
YEL027W,YML023C,0,-3.2675278,0.12223291397094727,0.7226173281669617,0.5189189314842224
YPR164W,YMR168C,0,-3.2676618,0.1222035139799118,0.7226173281669617,0.5190611481666565
YMR068W,YDR419W,0,-3.2676623,0.12217412143945694,0.7226173281669617,0.5192034244537354
YML069W,YML011C,0,-3.267676,0.12214474380016327,0.7226173281669617,0.5193456411361694
YGL246C,YOR209C,0,-3.2681522,0.12211538106203079,0.7226173281669617,0.5194879174232483
YER001W,YPR113W,0,-3.2682192,0.1220860406756401,0.7226173281669617,0.5196301341056824
YGR170W,YDR479C,0,-3.26824,0.12205670028924942,0.7226173281669617,0.5197724103927612
YML073C,YDL200C,0,-3.2682564,0.12202738225460052,0.7226173281669617,0.5199146270751953
YPR005C,YOR132W,0,-3.2683258,0.12199807912111282,0.7226173281669617,0.5200569033622742
YDR289C,YNL126W,0,-3.2687805,0.12196879088878632,0.7226173281669617,0.5201991200447083
YOR168W,YLR376C,0,-3.268789,0.1219395101070404,0.7226173281669617,0.5203413963317871
YOR193W,YKL117W,0,-3.2696316,0.12191024422645569,0.7226173281669617,0.5204836130142212
YDR302W,YKR101W,0,-3.2696779,0.12188100069761276,0.7226173281669617,0.5206258893013
YER082C,YLR116W,0,-3.2698963,0.12185176461935043,0.7226173281669617,0.5207681655883789
YPL131W,YLR368W,0,-3.2705586,0.1218225434422493,0.7226173281669617,0.520910382270813
YNL182C,YLR337C,0,-3.2706563,0.12179333716630936,0.7226173281669617,0.5210526585578918
YHR175W,YOL028C,0,-3.2707398,0.12176413834095001,0.7226173281669617,0.5211948752403259
YIL132C,YPL194W,1,-3.2708914,0.12197459489107132,0.7240398526191711,0.5211948752403259
YIL023C,YLR092W,0,-3.271004,0.12194537371397018,0.7240398526191711,0.5213371515274048
YMR298W,YNL068C,0,-3.271735,0.12191616743803024,0.7240398526191711,0.5214793682098389
YER008C,YLR337C,0,-3.272024,0.1218869760632515,0.7240398526191711,0.5216216444969177
YOL158C,YPR023C,0,-3.2721255,0.12185779213905334,0.7240398526191711,0.5217638611793518
YIL034C,YGL071W,0,-3.2724288,0.12182862311601639,0.7240398526191711,0.5219061374664307
YGR262C,YML011C,0,-3.272748,0.12179947644472122,0.7240398526191711,0.5220483541488647
YLR216C,YOR026W,0,-3.2728798,0.12177033722400665,0.7240398526191711,0.5221906304359436
YLR116W,YMR149W,0,-3.2730587,0.12174121290445328,0.7240398526191711,0.5223328471183777
YPL146C,YDL044C,0,-3.273194,0.1217120960354805,0.7240398526191711,0.5224751234054565
YPL001W,YBR267W,0,-3.2732608,0.12168300151824951,0.7240398526191711,0.5226173400878906
YLR110C,YHR107C,0,-3.2733655,0.12165392190217972,0.7240398526191711,0.5227596163749695
YPL160W,YIL147C,0,-3.2733886,0.12162484973669052,0.7240398526191711,0.5229018330574036
YPR021C,YOR239W,0,-3.273431,0.12159579247236252,0.7240398526191711,0.5230441093444824
YDR503C,YGL233W,0,-3.2737284,0.1215667575597763,0.7240398526191711,0.5231863260269165
YDR264C,YBR169C,0,-3.2737472,0.12153773009777069,0.7240398526191711,0.5233286023139954
YBR084W,YPL119C,0,-3.2745364,0.12150871008634567,0.7240398526191711,0.5234708189964294
YHR150W,YPL211W,0,-3.274601,0.12147971242666245,0.7240398526191711,0.5236130952835083
YHR082C,YGR123C,0,-3.2748115,0.12145072966814041,0.7240398526191711,0.5237553119659424
YOL088C,YPR094W,0,-3.2748702,0.12142175436019897,0.7240398526191711,0.5238975882530212
YIR033W,YOR039W,0,-3.2750576,0.12139279395341873,0.7240398526191711,0.5240398049354553
YDR342C,YIL034C,0,-3.2751455,0.12136385589838028,0.7240398526191711,0.5241820812225342
YHR062C,YHR175W,0,-3.2751486,0.12133492529392242,0.7240398526191711,0.5243242979049683
YPR056W,YGR094W,0,-3.2756572,0.12130600214004517,0.7240398526191711,0.5244665741920471
YOR245C,YBL025W,0,-3.2756639,0.1212771013379097,0.7240398526191711,0.5246087908744812
YNL068C,YPL253C,0,-3.2759461,0.12124821543693542,0.7240398526191711,0.5247510671615601
YHL006C,YPL178W,0,-3.2759671,0.12121933698654175,0.7240398526191711,0.5248933434486389
YPL119C,YJL090C,0,-3.276015,0.12119047343730927,0.7240398526191711,0.525035560131073
YMR298W,YHR016C,0,-3.2760322,0.12116162478923798,0.7240398526191711,0.5251778364181519
YER068W,YDR423C,0,-3.2765088,0.12113279104232788,0.7240398526191711,0.5253200531005859
YNL281W,YDR216W,0,-3.2766845,0.12110397219657898,0.7240398526191711,0.5254623293876648
YBR250W,YLR234W,1,-3.2767272,0.12131303548812866,0.7254623174667358,0.5254623293876648
YIL075C,YLR135W,0,-3.2769487,0.12128418684005737,0.7254623174667358,0.5256045460700989
YCR065W,YJR053W,0,-3.276951,0.12125535309314728,0.7254623174667358,0.5257468223571777
YDR324C,YDR284C,0,-3.2769706,0.12122652679681778,0.7254623174667358,0.5258890390396118
YLR103C,YGR123C,0,-3.2770557,0.12119771540164948,0.7254623174667358,0.5260313153266907
YNL267W,YJL006C,0,-3.2772636,0.12116892635822296,0.7254623174667358,0.5261735320091248
YNL267W,YLR043C,0,-3.2774394,0.12114014476537704,0.7254623174667358,0.5263158082962036
YHL007C,YPR164W,0,-3.2776833,0.12111137807369232,0.7254623174667358,0.5264580249786377
YBL052C,YOL028C,0,-3.2777302,0.1210826188325882,0.7254623174667358,0.5266003012657166
YNR054C,YER015W,0,-3.277884,0.12105388194322586,0.7254623174667358,0.5267425179481506
YNL149C,YJL183W,0,-3.2783413,0.12102515250444412,0.7254623174667358,0.5268847942352295
YLR214W,YJR082C,0,-3.2789524,0.12099643796682358,0.7254623174667358,0.5270270109176636
YDR075W,YAL054C,0,-3.2792192,0.12096773833036423,0.7254623174667358,0.5271692872047424
YPL045W,YHR066W,0,-3.2792294,0.12093905359506607,0.7254623174667358,0.5273115038871765
YML098W,YCR028C-A,0,-3.279495,0.12091038376092911,0.7254623174667358,0.5274537801742554
YLR319C,YJL076W,0,-3.2795541,0.12088172882795334,0.7254623174667358,0.5275959968566895
YGR094W,YER015W,0,-3.279682,0.12085308134555817,0.7254623174667358,0.5277382731437683
YHR062C,YMR025W,0,-3.2797036,0.12082444876432419,0.7254623174667358,0.5278804898262024
YPL160W,YIL049W,0,-3.279846,0.1207958310842514,0.7254623174667358,0.5280227661132812
YLR430W,YNL147W,0,-3.2799146,0.12076722830533981,0.7254623174667358,0.5281649827957153
YOR148C,YEL061C,0,-3.28006,0.12073863297700882,0.7254623174667358,0.5283072590827942
YNL139C,YDR392W,0,-3.280494,0.12071006000041962,0.7254623174667358,0.5284494757652283
YEL061C,YGR020C,0,-3.2806911,0.12068149447441101,0.7254623174667358,0.5285917520523071
YPL057C,YLR176C,0,-3.2806935,0.1206529438495636,0.7254623174667358,0.5287339687347412
YKR079C,YOR319W,0,-3.2808998,0.12062440812587738,0.7254623174667358,0.5288762450218201
YBL093C,YJL012C,0,-3.2809355,0.12059588730335236,0.7254623174667358,0.5290185213088989
YMR092C,YDR263C,0,-3.2811923,0.12056737393140793,0.7254623174667358,0.529160737991333
YBL052C,YJR053W,0,-3.281439,0.12053888291120529,0.7254623174667358,0.5293030142784119
YLR006C,YIR012W,0,-3.2818692,0.12051039934158325,0.7254623174667358,0.529445230960846
YMR039C,YER006W,0,-3.2820241,0.1204819306731224,0.7254623174667358,0.5295875072479248
YHR129C,YML023C,0,-3.2821534,0.12045346945524216,0.7254623174667358,0.5297297239303589
YDL017W,YBR079C,0,-3.2826548,0.1204250305891037,0.7254623174667358,0.5298720002174377
YGR257C,YBR095C,0,-3.2829344,0.12039659917354584,0.7254623174667358,0.5300142168998718
YOL108C,YGR128C,0,-3.2830846,0.12036818265914917,0.7254623174667358,0.5301564931869507
YER169W,YLL011W,0,-3.2831247,0.1203397810459137,0.7254623174667358,0.5302987098693848
YPL192C,YPL119C,0,-3.2834423,0.12031139433383942,0.7254623174667358,0.5304409861564636
YGR218W,YOR058C,0,-3.2835205,0.12028302252292633,0.7254623174667358,0.5305832028388977
YPL139C,YIL132C,1,-3.2838175,0.12049044668674469,0.7268847823143005,0.5305832028388977
YDR231C,YGR089W,0,-3.2842424,0.12046204507350922,0.7268847823143005,0.5307254791259766
YOR298C-A,YKL007W,0,-3.2844956,0.12043365836143494,0.7268847823143005,0.5308676958084106
YGR056W,YPL140C,0,-3.2850883,0.12040527909994125,0.7268847823143005,0.5310099720954895
YHL006C,YOR330C,0,-3.285199,0.12037691473960876,0.7268847823143005,0.5311521887779236
YLR370C,YOL011W,0,-3.285786,0.12034856528043747,0.7268847823143005,0.5312944650650024
YIL139C,YHR085W,0,-3.2861483,0.12032022327184677,0.7268847823143005,0.5314366817474365
YPR164W,YOR209C,0,-3.2863204,0.12029190361499786,0.7268847823143005,0.5315789580345154
YER120W,YBR170C,0,-3.2863247,0.12026359140872955,0.7268847823143005,0.5317211747169495
YNL127W,YHR001W-A,0,-3.2867203,0.12023529410362244,0.7268847823143005,0.5318634510040283
YNL088W,YCR092C,1,-3.2867293,0.12044224888086319,0.7283072471618652,0.5318634510040283
YDR392W,YIL147C,0,-3.2867897,0.12041392177343369,0.7283072471618652,0.5320056676864624
YOR148C,YPL140C,0,-3.2876673,0.12038560956716537,0.7283072471618652,0.5321479439735413
YGR188C,YPL253C,0,-3.2877257,0.12035731226205826,0.7283072471618652,0.5322901606559753
YDR059C,YOR208W,0,-3.288513,0.12032902240753174,0.7283072471618652,0.5324324369430542
YOR193W,YPR181C,0,-3.2886078,0.12030075490474701,0.7283072471618652,0.5325746536254883
YDL017W,YIL031W,0,-3.288675,0.12027249485254288,0.7283072471618652,0.5327169299125671
YBR010W,YBR273C,0,-3.2888162,0.12024424970149994,0.7283072471618652,0.5328591465950012
YGR183C,YMR125W,0,-3.2888274,0.1202160120010376,0.7283072471618652,0.5330014228820801
YNL177C,YBR172C,0,-3.2889302,0.12018779665231705,0.7283072471618652,0.5331436991691589
YDL135C,YER015W,0,-3.2894201,0.1201595887541771,0.7283072471618652,0.533285915851593
YGR191W,YML008C,0,-3.28991,0.12013139575719833,0.7283072471618652,0.5334281921386719
YBR172C,YFR005C,0,-3.2900128,0.12010321021080017,0.7283072471618652,0.533570408821106
YGL227W,YNL106C,0,-3.2903519,0.1200750470161438,0.7283072471618652,0.5337126851081848
YKL058W,YKL012W,0,-3.2905788,0.12004689127206802,0.7283072471618652,0.5338549017906189
YDR456W,YMR025W,0,-3.2906575,0.12001875042915344,0.7283072471618652,0.5339971780776978
YGR231C,YPR034W,0,-3.2907348,0.11999062448740005,0.7283072471618652,0.5341393947601318
YER109C,YDR147W,0,-3.2907844,0.11996251344680786,0.7283072471618652,0.5342816710472107
YFR028C,YER123W,0,-3.2909505,0.11993440985679626,0.7283072471618652,0.5344238877296448
YNL039W,YOR295W,0,-3.290997,0.11990632116794586,0.7283072471618652,0.5345661640167236
YKL117W,YLR396C,0,-3.2910306,0.11987824738025665,0.7283072471618652,0.5347083806991577
YPL160W,YBR199W,0,-3.2910993,0.11985018849372864,0.7283072471618652,0.5348506569862366
YJR049C,YOR004W,0,-3.2911077,0.11982213705778122,0.7283072471618652,0.5349928736686707
YPR086W,YMR025W,0,-3.2914283,0.119794100522995,0.7283072471618652,0.5351351499557495
YDR456W,YKL166C,0,-3.2916758,0.11976607888936996,0.7283072471618652,0.5352773666381836
YMR127C,YDR331W,0,-3.2918236,0.11973807215690613,0.7283072471618652,0.5354196429252625
YHR174W,YDR182W,0,-3.2918818,0.11971008032560349,0.7283072471618652,0.5355618596076965
YIL034C,YLR221C,0,-3.2922292,0.11968209594488144,0.7283072471618652,0.5357041358947754
YBR049C,YNL182C,0,-3.2927198,0.11965412646532059,0.7283072471618652,0.5358463525772095
YHR148W,YDR302W,0,-3.2928607,0.11962617188692093,0.7283072471618652,0.5359886288642883
YBR112C,YIL048W,0,-3.293124,0.11959822475910187,0.7283072471618652,0.5361308455467224
YEL065W,YOR039W,0,-3.2931907,0.119570292532444,0.7283072471618652,0.5362731218338013
YOL051W,YDL105W,0,-3.2938504,0.11954237520694733,0.7283072471618652,0.5364153385162354
YCL052C,YJR053W,0,-3.294029,0.11951447278261185,0.7283072471618652,0.5365576148033142
YDL003W,YDR419W,0,-3.294356,0.11948657780885696,0.7283072471618652,0.5366998314857483
YOR316C,YGR056W,0,-3.2943873,0.11945870518684387,0.7283072471618652,0.5368421077728271
YDR289C,YPR052C,0,-3.2946522,0.11943084001541138,0.7283072471618652,0.5369843244552612
YOR079C,YOR386W,0,-3.2946918,0.11940298229455948,0.7283072471618652,0.5371266007423401
YBL046W,YGL053W,0,-3.2949252,0.11937514692544937,0.7283072471618652,0.537268877029419
YDL017W,YOR067C,0,-3.295152,0.11934731900691986,0.7283072471618652,0.537411093711853
YBR009C,YLL011W,0,-3.2952406,0.11931950598955154,0.7283072471618652,0.5375533699989319
YPL137C,YPR046W,0,-3.2955883,0.11929170787334442,0.7283072471618652,0.537695586681366
YER161C,YDR069C,0,-3.2956676,0.1192639172077179,0.7283072471618652,0.5378378629684448
YEL065W,YGL044C,0,-3.295699,0.11923614144325256,0.7283072471618652,0.5379800796508789
YGR006W,YBR257W,0,-3.2957141,0.11920838057994843,0.7283072471618652,0.5381223559379578
YNL088W,YIR025W,1,-3.295859,0.11941340565681458,0.7297297120094299,0.5381223559379578
YBR170C,YPR082C,0,-3.2968032,0.11938561499118805,0.7297297120094299,0.5382645726203918
YOR334W,YMR173W,0,-3.2969284,0.11935783922672272,0.7297297120094299,0.5384068489074707
YMR235C,YKL008C,0,-3.297179,0.11933007836341858,0.7297297120094299,0.5385490655899048
YPL153C,YCR002C,0,-3.297207,0.11930232495069504,0.7297297120094299,0.5386913418769836
YMR080C,YMR173W,0,-3.2974765,0.11927458643913269,0.7297297120094299,0.5388335585594177
YEL027W,YDR079C-A,0,-3.2977793,0.11924686282873154,0.7297297120094299,0.5389758348464966
YJL183W,YNL036W,0,-3.2979572,0.11921914666891098,0.7297297120094299,0.5391180515289307
YPR094W,YCL054W,0,-3.297985,0.11919145286083221,0.7297297120094299,0.5392603278160095
YNL186W,YDR423C,0,-3.2980049,0.11916376650333405,0.7297297120094299,0.5394025444984436
YDR146C,YLR105C,0,-3.2983599,0.11913608759641647,0.7297297120094299,0.5395448207855225
YNL135C,YNL107W,0,-3.2983615,0.11910843104124069,0.7297297120094299,0.5396870374679565
YLR263W,YCR092C,1,-3.2986314,0.11931290477514267,0.7311521768569946,0.5396870374679565
YOL156W,YOR144C,0,-3.2988427,0.1192852184176445,0.7311521768569946,0.5398293137550354
YJR103W,YBL052C,0,-3.298947,0.11925753951072693,0.7311521768569946,0.5399715304374695
YER082C,YLR043C,0,-3.2993293,0.11922987550497055,0.7311521768569946,0.5401138067245483
YBR250W,YGL175C,1,-3.2993605,0.11943414062261581,0.7325747013092041,0.5401138067245483
YFR055W,YER155C,0,-3.2993968,0.11940644681453705,0.7325747013092041,0.5402560234069824
YKR087C,YPR046W,0,-3.29943,0.11937876790761948,0.7325747013092041,0.5403982996940613
YMR273C,YKR101W,0,-3.29962,0.1193511039018631,0.7325747013092041,0.5405405163764954
YDR087C,YDR182W,0,-3.3004253,0.11932344734668732,0.7325747013092041,0.5406827926635742
YLR216C,YLR192C,0,-3.3007839,0.11929580569267273,0.7325747013092041,0.5408250093460083
YHR129C,YMR162C,0,-3.301136,0.11926817893981934,0.7325747013092041,0.5409672856330872
YNL283C,YPL151C,0,-3.3011906,0.11924056708812714,0.7325747013092041,0.5411095023155212
YJR068W,YPL131W,0,-3.3019664,0.11921296268701553,0.7325747013092041,0.5412517786026001
YDL164C,YOR308C,0,-3.3019736,0.11918537318706512,0.7325747013092041,0.541394054889679
YBR112C,YDR168W,0,-3.3020155,0.11915779858827591,0.7325747013092041,0.541536271572113
YNL182C,YMR273C,0,-3.302341,0.11913023144006729,0.7325747013092041,0.5416785478591919
YGR156W,YER028C,0,-3.3030336,0.11910267919301987,0.7325747013092041,0.541820764541626
YPR023C,YFL002C,0,-3.3031337,0.11907514184713364,0.7325747013092041,0.5419630408287048
YKL007W,YMR168C,0,-3.3034484,0.1190476194024086,0.7325747013092041,0.5421052575111389
YHR019C,YPL075W,0,-3.3040183,0.11902010440826416,0.7325747013092041,0.5422475337982178
YGR257C,YIR015W,0,-3.304053,0.11899260431528091,0.7325747013092041,0.5423897504806519
YIL049W,YHR174W,0,-3.304075,0.11896511912345886,0.7325747013092041,0.5425320267677307
YIL139C,YLR221C,0,-3.3042438,0.11893764138221741,0.7325747013092041,0.5426742434501648
YEL032W,YDR361C,0,-3.3044202,0.11891018599271774,0.7325747013092041,0.5428165197372437
YDR280W,YDR385W,0,-3.3044558,0.11888273060321808,0.7325747013092041,0.5429587364196777
YPR082C,YDR129C,0,-3.3050478,0.1188552975654602,0.7325747013092041,0.5431010127067566
YDR322C-A,YJL183W,0,-3.30508,0.11882787197828293,0.7325747013092041,0.5432432293891907
YER042W,YPR049C,0,-3.3057191,0.11880046129226685,0.7325747013092041,0.5433855056762695
YDR146C,YMR127C,0,-3.305854,0.11877306550741196,0.7325747013092041,0.5435277223587036
YKL140W,YKR101W,0,-3.3063922,0.11874567717313766,0.7325747013092041,0.5436699986457825
YPL244C,YBR010W,0,-3.3069642,0.11871830374002457,0.7325747013092041,0.5438122153282166
YNL173C,YML015C,0,-3.307174,0.11869094520807266,0.7325747013092041,0.5439544916152954
YOR079C,YNL107W,0,-3.3073962,0.11866359412670135,0.7325747013092041,0.5440967082977295
YGL158W,YIR025W,1,-3.307572,0.11886662244796753,0.7339971661567688,0.5440967082977295
YJR057W,YER123W,0,-3.307652,0.11883924156427383,0.7339971661567688,0.5442389845848083
YGR129W,YOR330C,0,-3.3076708,0.11881188303232193,0.7339971661567688,0.5443812012672424
YHL007C,YJR108W,0,-3.3077354,0.11878453195095062,0.7339971661567688,0.5445234775543213
YLR176C,YER015W,0,-3.3077703,0.11875719577074051,0.7339971661567688,0.5446656942367554
YNL207W,YBR010W,0,-3.308205,0.11872986704111099,0.7339971661567688,0.5448079705238342
YDL097C,YLR221C,0,-3.3082306,0.11870255321264267,0.7339971661567688,0.5449501872062683
YBL020W,YMR273C,0,-3.3082483,0.11867525428533554,0.7339971661567688,0.5450924634933472
YMR273C,YNL281W,0,-3.3084886,0.11864796280860901,0.7339971661567688,0.5452346801757812
YDR087C,YDR297W,0,-3.3085213,0.11862068623304367,0.7339971661567688,0.5453769564628601
YML098W,YCR065W,0,-3.30861,0.11859342455863953,0.7339971661567688,0.545519232749939
YBL035C,YGL173C,0,-3.3087828,0.11856617778539658,0.7339971661567688,0.545661449432373
YDL115C,YDL154W,1,-3.3089015,0.11876866221427917,0.7354196310043335,0.545661449432373
YKR061W,YBR199W,0,-3.3089588,0.11874138563871384,0.7354196310043335,0.5458037257194519
YPL167C,YBR170C,0,-3.3090274,0.11871412396430969,0.7354196310043335,0.545945942401886
YGL194C,YIR025W,1,-3.3095012,0.11891643702983856,0.7368420958518982,0.545945942401886
YLR138W,YLL011W,0,-3.3098876,0.11888914555311203,0.7368420958518982,0.5460882186889648
YPL151C,YHR066W,0,-3.3099923,0.1188618615269661,0.7368420958518982,0.5462304353713989
YNL186W,YJL090C,0,-3.3100202,0.11883459240198135,0.7368420958518982,0.5463727116584778
YGL233W,YBR079C,0,-3.3101494,0.1188073381781578,0.7368420958518982,0.5465149283409119
YER106W,YGR225W,1,-3.3104737,0.11900939792394638,0.7382645606994629,0.5465149283409119
YJR031C,YOR149C,0,-3.3106349,0.11898212134838104,0.7382645606994629,0.5466572046279907
YBR049C,YDR265W,0,-3.3108146,0.1189548447728157,0.7382645606994629,0.5467994213104248
YOL089C,YDR490C,0,-3.3110235,0.11892759054899216,0.7382645606994629,0.5469416975975037
YHR176W,YGR020C,0,-3.3114011,0.1189003437757492,0.7382645606994629,0.5470839142799377
YJL005W,YDL154W,1,-3.311649,0.11910215020179749,0.7396870851516724,0.5470839142799377
YHR008C,YJL076W,0,-3.3117461,0.11907488107681274,0.7396870851516724,0.5472261905670166
YJL191W,YFL002C,0,-3.3118374,0.1190476194024086,0.7396870851516724,0.5473684072494507
YOR229W,YOR073W,1,-3.3119447,0.11924925446510315,0.7411095499992371,0.5473684072494507
YJL076W,YIL159W,0,-3.3121097,0.11922197043895721,0.7411095499992371,0.5475106835365295
YIL075C,YPL233W,0,-3.3122103,0.11919469386339188,0.7411095499992371,0.5476529002189636
YOR148C,YMR025W,0,-3.312278,0.11916743218898773,0.7411095499992371,0.5477951765060425
YPR186C,YJL111W,0,-3.312321,0.11914017796516418,0.7411095499992371,0.5479373931884766
YOR034C,YLR176C,0,-3.3123224,0.11911293864250183,0.7411095499992371,0.5480796694755554
YOR193W,YIR012W,0,-3.3128765,0.11908571422100067,0.7411095499992371,0.5482218861579895
YPL132W,YBL007C,0,-3.312908,0.11905849725008011,0.7411095499992371,0.5483641624450684
YBL030C,YDL097C,0,-3.3130348,0.11903130263090134,0.7411095499992371,0.5485063791275024
YBR098W,YPL194W,1,-3.31307,0.11923252791166306,0.7425320148468018,0.5485063791275024
YPL046C,YDR153C,0,-3.3135254,0.1192052960395813,0.7425320148468018,0.5486486554145813
YER120W,YMR227C,0,-3.313561,0.11917807906866074,0.7425320148468018,0.5487908720970154
YPR113W,YJR082C,0,-3.3139346,0.11915087699890137,0.7425320148468018,0.5489331483840942
YOR245C,YKR079C,0,-3.313987,0.11912368983030319,0.7425320148468018,0.5490753650665283
YOR270C,YLR382C,0,-3.3143506,0.11909651011228561,0.7425320148468018,0.5492176413536072
YOR290C,YKL085W,0,-3.314376,0.11906934529542923,0.7425320148468018,0.5493598580360413
YBR155W,YDR484W,0,-3.314843,0.11904218792915344,0.7425320148468018,0.5495021343231201
YDR265W,YOR308C,0,-3.3150294,0.11901504546403885,0.7425320148468018,0.549644410610199
YBR199W,YPR191W,0,-3.3150396,0.11898791790008545,0.7425320148468018,0.5497866272926331
YOR229W,YLR248W,1,-3.3158154,0.11918869614601135,0.7439544796943665,0.5497866272926331
YPR101W,YBR010W,0,-3.3158562,0.11916153877973557,0.7439544796943665,0.5499289035797119
YFR040W,YHR042W,0,-3.3160014,0.11913439631462097,0.7439544796943665,0.550071120262146
YFL009W,YJL005W,1,-3.3161552,0.11933500319719315,0.7453769445419312,0.550071120262146
YOR208W,YJR082C,0,-3.3162568,0.11930783092975616,0.7453769445419312,0.5502133965492249
YOR079C,YPL140C,0,-3.3163178,0.11928067356348038,0.7453769445419312,0.5503556132316589
YOR193W,YPL192C,0,-3.3168929,0.11925353109836578,0.7453769445419312,0.5504978895187378
YPL069C,YBR020W,0,-3.3169858,0.11922639608383179,0.7453769445419312,0.5506401062011719
YOL089C,YER001W,0,-3.3170984,0.11919926851987839,0.7453769445419312,0.5507823824882507
YLR006C,YMR235C,0,-3.3171957,0.11917216330766678,0.7453769445419312,0.5509245991706848
YNL283C,YJL076W,0,-3.3174706,0.11914506554603577,0.7453769445419312,0.5510668754577637
YPL020C,YEL024W,0,-3.3174884,0.11911798268556595,0.7453769445419312,0.5512090921401978
YJR031C,YLR100W,0,-3.3179033,0.11909090727567673,0.7453769445419312,0.5513513684272766
YHR062C,YNL103W,0,-3.3180268,0.1190638467669487,0.7453769445419312,0.5514935851097107
YPL087W,YGL044C,0,-3.3181412,0.11903680115938187,0.7453769445419312,0.5516358613967896
YPR094W,YMR025W,0,-3.3181894,0.11900976300239563,0.7453769445419312,0.5517780780792236
YER173W,YOL090W,1,-3.3182032,0.11920981109142303,0.7467994093894958,0.5517780780792236
YGR185C,YHL006C,0,-3.3182948,0.11918275058269501,0.7467994093894958,0.5519203543663025
YKL126W,YEL061C,0,-3.319209,0.11915569752454758,0.7467994093894958,0.5520625710487366
YHL022C,YER106W,1,-3.3204613,0.11935557425022125,0.7482219338417053,0.5520625710487366
YBR098W,YIR026C,1,-3.3208983,0.11955535411834717,0.74964439868927,0.5520625710487366
YGR129W,YOR127W,0,-3.3212545,0.11952823400497437,0.74964439868927,0.5522048473358154
YNL068C,YPR046W,0,-3.3212879,0.11950113624334335,0.74964439868927,0.5523470640182495
YML073C,YBR065C,0,-3.3213875,0.11947403848171234,0.74964439868927,0.5524893403053284
YJL133W,YGR254W,0,-3.321792,0.11944696307182312,0.74964439868927,0.5526315569877625
YDR318W,YER123W,0,-3.321912,0.1194198951125145,0.74964439868927,0.5527738332748413
YMR138W,YOL089C,0,-3.3221552,0.11939284205436707,0.74964439868927,0.5529160499572754
YHR176W,YOR330C,0,-3.3221667,0.11936579644680023,0.74964439868927,0.5530583262443542
YDL143W,YGR218W,0,-3.3234046,0.11933876574039459,0.74964439868927,0.5532005429267883
YPL115C,YOR144C,0,-3.3236954,0.11931174993515015,0.74964439868927,0.5533428192138672
YBR050C,YOR004W,0,-3.3237565,0.1192847415804863,0.74964439868927,0.5534850358963013
YMR280C,YMR168C,0,-3.3237755,0.11925774812698364,0.74964439868927,0.5536273121833801
YDR423C,YOR056C,0,-3.3239117,0.11923076957464218,0.74964439868927,0.553769588470459
YJR103W,YNL186W,0,-3.323984,0.11920379847288132,0.74964439868927,0.5539118051528931
YLL034C,YNL222W,0,-3.3241942,0.11917684227228165,0.74964439868927,0.5540540814399719
YKL148C,YLR032W,0,-3.3243315,0.11914990097284317,0.74964439868927,0.554196298122406
YBL035C,YHR107C,0,-3.3243876,0.11912296712398529,0.74964439868927,0.5543385744094849
YGR170W,YLR319C,0,-3.3245215,0.1190960481762886,0.74964439868927,0.554480791091919
YFL021W,YGR089W,0,-3.3245828,0.11906913667917252,0.74964439868927,0.5546230673789978
YGR040W,YOR149C,0,-3.3247278,0.11904224008321762,0.74964439868927,0.5547652840614319
YJR049C,YPR101W,0,-3.325052,0.11901535838842392,0.74964439868927,0.5549075603485107
YHR152W,YLR248W,1,-3.3250868,0.11921426653862,0.7510668635368347,0.5549075603485107
YLR276C,YGL053W,0,-3.3251207,0.1191873624920845,0.7510668635368347,0.5550497770309448
YBR080C,YLR221C,0,-3.3255336,0.11916045844554901,0.7510668635368347,0.5551920533180237
YLR324W,YDL150W,0,-3.3255699,0.11913357675075531,0.7510668635368347,0.5553342700004578
YKL049C,YCR065W,0,-3.3257086,0.1191067025065422,0.7510668635368347,0.5554765462875366
YBR177C,YGR007W,0,-3.3259237,0.1190798357129097,0.7510668635368347,0.5556187629699707
YOL156W,YPL140C,0,-3.3262236,0.11905299127101898,0.7510668635368347,0.5557610392570496
YDL105W,YGL173C,0,-3.3263214,0.11902614682912827,0.7510668635368347,0.5559032559394836
YER082C,YPR024W,0,-3.3263304,0.11899932473897934,0.7510668635368347,0.5560455322265625
YOL077W-A,YDR182W,0,-3.3265955,0.11897251009941101,0.7510668635368347,0.5561877489089966
YML098W,YLR324W,0,-3.3265996,0.11894571036100388,0.7510668635368347,0.5563300251960754
YER161C,YKL049C,0,-3.3268607,0.11891891807317734,0.7510668635368347,0.5564722418785095
YCL052C,YDR297W,0,-3.326951,0.118892140686512,0.7510668635368347,0.5566145181655884
YBL035C,YKL125W,0,-3.3271549,0.11886537820100784,0.7510668635368347,0.5567567348480225
YLR310C,YPR186C,0,-3.3272228,0.11883862316608429,0.7510668635368347,0.5568990111351013
YBL103C,YJL194W,0,-3.327594,0.11881188303232193,0.7510668635368347,0.5570412278175354
YNR054C,YEL061C,0,-3.3276653,0.11878515034914017,0.7510668635368347,0.5571835041046143
YOR229W,YIR025W,1,-3.3277054,0.11898335814476013,0.7524893283843994,0.5571835041046143
YKR087C,YBR114W,0,-3.3278344,0.11895660310983658,0.7524893283843994,0.5573257207870483
YOR319W,YBR135W,0,-3.3278637,0.11892985552549362,0.7524893283843994,0.5574679970741272
YNL207W,YJL128C,0,-3.3279235,0.11890312284231186,0.7524893283843994,0.5576102137565613
YMR172W,YNL182C,0,-3.3279917,0.11887640506029129,0.7524893283843994,0.5577524900436401
YGL144C,YBR015C,0,-3.328387,0.11884969472885132,0.7524893283843994,0.557894766330719
YEL054C,YDL020C,0,-3.3285246,0.11882299929857254,0.7524893283843994,0.5580369830131531
YLR103C,YDR398W,0,-3.3285372,0.11879631876945496,0.7524893283843994,0.5581792593002319
YIL132C,YCR092C,1,-3.3291583,0.11899416148662567,0.7539117932319641,0.5581792593002319
YGR262C,YAR003W,0,-3.3300815,0.1189674511551857,0.7539117932319641,0.558321475982666
YJL063C,YER149C,0,-3.3301811,0.11894075572490692,0.7539117932319641,0.5584637522697449
YBR250W,YNL088W,1,-3.3305764,0.1191384345293045,0.7553342580795288,0.5584637522697449
YCL004W,YPL153C,0,-3.3306954,0.11911170929670334,0.7553342580795288,0.558605968952179
YHR012W,YGR183C,0,-3.3307219,0.11908499896526337,0.7553342580795288,0.5587482452392578
YEL042W,YOR334W,0,-3.3308356,0.11905829608440399,0.7553342580795288,0.5588904619216919
YMR162C,YDL097C,0,-3.3315194,0.11903160810470581,0.7553342580795288,0.5590327382087708
YGL175C,YPL121C,1,-3.332273,0.11922904849052429,0.7567567825317383,0.5590327382087708
YNL261W,YHR066W,0,-3.332432,0.11920233070850372,0.7567567825317383,0.5591749548912048
YPL194W,YOR073W,1,-3.3324869,0.11939964443445206,0.758179247379303,0.5591749548912048
YIL139C,YHR031C,0,-3.3331335,0.1193728968501091,0.758179247379303,0.5593172311782837
YML102W,YDL044C,0,-3.333193,0.11934617161750793,0.758179247379303,0.5594594478607178
YLR176C,YMR080C,0,-3.333248,0.11931945383548737,0.758179247379303,0.5596017241477966
YNL221C,YCL025C,0,-3.3333192,0.11929275095462799,0.758179247379303,0.5597439408302307
YKR101W,YPL084W,0,-3.3333218,0.11926605552434921,0.758179247379303,0.5598862171173096
YDR297W,YDR116C,0,-3.333488,0.11923937499523163,0.758179247379303,0.5600284337997437
YKL049C,YGL111W,0,-3.3335192,0.11921270191669464,0.758179247379303,0.5601707100868225
YNL127W,YOR168W,0,-3.3340635,0.11918604373931885,0.758179247379303,0.5603129267692566
YCL025C,YOR204W,0,-3.3343077,0.11915940046310425,0.758179247379303,0.5604552030563354
YIL034C,YDR263C,0,-3.3345554,0.11913276463747025,0.758179247379303,0.5605974197387695
YPL194W,YJL074C,1,-3.3347616,0.11932960897684097,0.7596017122268677,0.5605974197387695
YML080W,YGL233W,0,-3.3349032,0.11930295079946518,0.7596017122268677,0.5607396960258484
YGR170W,YOL028C,0,-3.33613,0.11927630007266998,0.7596017122268677,0.5608819127082825
YPL045W,YML023C,0,-3.3366013,0.11924966424703598,0.7596017122268677,0.5610241889953613
YJR103W,YLR192C,0,-3.336777,0.11922304332256317,0.7596017122268677,0.5611664056777954
YHL007C,YPR082C,0,-3.3368676,0.11919642984867096,0.7596017122268677,0.5613086819648743
YDR182W,YBR118W,0,-3.3373358,0.11916983127593994,0.7596017122268677,0.5614508986473083
YPR164W,YIR015W,0,-3.3374689,0.11914324015378952,0.7596017122268677,0.5615931749343872
YDR110W,YIL017C,0,-3.3375506,0.11911666393280029,0.7596017122268677,0.5617353916168213
YDL020C,YPR030W,0,-3.3388834,0.11909009516239166,0.7596017122268677,0.5618776679039001
YPL139C,YGR225W,1,-3.3390715,0.11928650736808777,0.7610241770744324,0.5618776679039001
YPR075C,YKR061W,0,-3.33912,0.11925991624593735,0.7610241770744324,0.562019944190979
YCR065W,YGR183C,0,-3.3394725,0.11923334002494812,0.7610241770744324,0.5621621608734131
YLR131C,YDR235W,0,-3.3394897,0.11920677125453949,0.7610241770744324,0.5623044371604919
YGR020C,YGR128C,0,-3.3395464,0.11918021738529205,0.7610241770744324,0.562446653842926
YMR030W,YKR101W,0,-3.3395753,0.11915367841720581,0.7610241770744324,0.5625889301300049
YHR067W,YCR065W,0,-3.339765,0.11912714689970016,0.7610241770744324,0.562731146812439
YGR247W,YJL005W,1,-3.3402221,0.1193232387304306,0.7624466419219971,0.562731146812439
YPR101W,YDL197C,0,-3.340685,0.11929668486118317,0.7624466419219971,0.5628734230995178
YER169W,YJL041W,0,-3.3407376,0.11927013844251633,0.7624466419219971,0.5630156397819519
YBR177C,YHR196W,0,-3.3410144,0.11924360692501068,0.7624466419219971,0.5631579160690308
YML110C,YDR045C,0,-3.3415673,0.11921708285808563,0.7624466419219971,0.5633001327514648
YNL127W,YGL243W,0,-3.3415813,0.11919057369232178,0.7624466419219971,0.5634424090385437
YER161C,YBR118W,0,-3.3415878,0.11916407197713852,0.7624466419219971,0.5635846257209778
YBL052C,YMR168C,0,-3.3417244,0.11913758516311646,0.7624466419219971,0.5637269020080566
YDR264C,YDR385W,0,-3.3420107,0.11911111325025558,0.7624466419219971,0.5638691186904907
YDR322C-A,YOL060C,0,-3.3422153,0.11908464878797531,0.7624466419219971,0.5640113949775696
YOR334W,YPR046W,0,-3.342406,0.11905819922685623,0.7624466419219971,0.5641536116600037
YOR148C,YJL183W,0,-3.342604,0.11903175711631775,0.7624466419219971,0.5642958879470825
YJL207C,YMR201C,0,-3.3433635,0.11900532990694046,0.7624466419219971,0.5644381046295166
YOR386W,YBR079C,0,-3.34417,0.11897891014814377,0.7624466419219971,0.5645803809165955
YCL025C,YNL298W,0,-3.3442643,0.11895250529050827,0.7624466419219971,0.5647225975990295
YOR229W,YLR234W,1,-3.3442953,0.11914799362421036,0.7638691067695618,0.5647225975990295
YKR101W,YOR209C,0,-3.344493,0.11912155896425247,0.7638691067695618,0.5648648738861084
YER042W,YHR069C,0,-3.3445837,0.11909514665603638,0.7638691067695618,0.5650070905685425
YOR341W,YPL131W,0,-3.3446188,0.11906873434782028,0.7638691067695618,0.5651493668556213
YPR182W,YGR094W,0,-3.3448427,0.11904234439134598,0.7638691067695618,0.5652915835380554
YDR379W,YMR287C,0,-3.3450687,0.11901595443487167,0.7638691067695618,0.5654338598251343
YOL121C,YDR284C,0,-3.345137,0.11898958683013916,0.7638691067695618,0.5655760765075684
YGL012W,YPL178W,0,-3.3452218,0.11896322667598724,0.7638691067695618,0.5657183527946472
YBL030C,YAR003W,0,-3.3453338,0.11893687397241592,0.7638691067695618,0.5658605694770813
YLR376C,YPR052C,0,-3.3454564,0.1189105436205864,0.7638691067695618,0.5660028457641602
YDR283C,YDR129C,0,-3.345667,0.11888421326875687,0.7638691067695618,0.566145122051239
YJL146W,YOR073W,1,-3.3456743,0.11907923966646194,0.7652916312217712,0.566145122051239
YOR279C,YLR116W,0,-3.3456838,0.11905288696289062,0.7652916312217712,0.5662873387336731
YPL139C,YGR247W,1,-3.3458507,0.11924778670072556,0.7667140960693359,0.5662873387336731
YDR146C,YFR009W,0,-3.3465743,0.11922141164541245,0.7667140960693359,0.566429615020752
YDL022W,YMR298W,0,-3.346613,0.11919504404067993,0.7667140960693359,0.566571831703186
YHR085W,YBR170C,0,-3.346905,0.11916869133710861,0.7667140960693359,0.5667141079902649
YOR157C,YML094W,0,-3.3469443,0.11914235353469849,0.7667140960693359,0.566856324672699
YHR165C,YPL178W,0,-3.3471882,0.11911602318286896,0.7667140960693359,0.5669986009597778
YMR273C,YDL097C,0,-3.347326,0.11908970028162003,0.7667140960693359,0.5671408176422119
YNL283C,YJR090C,0,-3.3475187,0.11906339973211288,0.7667140960693359,0.5672830939292908
YDR085C,YML129C,0,-3.3480322,0.11903709918260574,0.7667140960693359,0.5674253106117249
YPL194W,YJL005W,1,-3.3480337,0.11923161894083023,0.7681365609169006,0.5674253106117249
YJL146W,YGL175C,1,-3.34804,0.11942604929208755,0.7695590257644653,0.5674253106117249
YKR085C,YOR100C,0,-3.3482563,0.11939968913793564,0.7695590257644653,0.5675675868988037
YOL060C,YHR107C,0,-3.3486118,0.11937334388494492,0.7695590257644653,0.5677098035812378
YNL207W,YOR100C,0,-3.3486383,0.11934701353311539,0.7695590257644653,0.5678520798683167
YPR113W,YOR058C,0,-3.3488548,0.11932069063186646,0.7695590257644653,0.5679942965507507
YKL085W,YOR304W,0,-3.3493912,0.11929437518119812,0.7695590257644653,0.5681365728378296
YKL085W,YML023C,0,-3.3495715,0.11926807463169098,0.7695590257644653,0.5682787895202637
YJL146W,YBR160W,1,-3.349602,0.11946219950914383,0.77098149061203,0.5682787895202637
YNL197C,YPL153C,0,-3.3498733,0.1194358766078949,0.77098149061203,0.5684210658073425
YIL154C,YOR039W,0,-3.350079,0.11940956115722656,0.77098149061203,0.5685632824897766
YNL218W,YNR072W,0,-3.3501623,0.11938326060771942,0.77098149061203,0.5687055587768555
YDR436W,YLR313C,0,-3.3503907,0.11935696750879288,0.77098149061203,0.5688477754592896
YBL035C,YML115C,0,-3.3506677,0.11933068931102753,0.77098149061203,0.5689900517463684
YPR034W,YOR386W,0,-3.350774,0.11930442601442337,0.77098149061203,0.5691322684288025
YKR042W,YPL137C,0,-3.350798,0.11927817016839981,0.77098149061203,0.5692745447158813
YGR257C,YKL058W,0,-3.3508759,0.11925192177295685,0.77098149061203,0.5694167613983154
YPR034W,YDR422C,0,-3.3509972,0.11922569572925568,0.77098149061203,0.5695590376853943
YNL173C,YJR053W,0,-3.3511598,0.1191994696855545,0.77098149061203,0.5697012543678284
YIL139C,YOR004W,0,-3.351239,0.11917326599359512,0.77098149061203,0.5698435306549072
YLR216C,YER159C,0,-3.3513095,0.11914706230163574,0.77098149061203,0.5699857473373413
YDR503C,YOR067C,0,-3.3514569,0.11912088096141815,0.77098149061203,0.5701280236244202
YML069W,YDR398W,0,-3.3519495,0.11909470707178116,0.77098149061203,0.570270299911499
YPL217C,YLR117C,0,-3.3520043,0.11906854063272476,0.77098149061203,0.5704125165939331
YKL140W,YNL273W,0,-3.3524344,0.11904238909482956,0.77098149061203,0.570554792881012
YPR057W,YDL188C,0,-3.3527086,0.11901625245809555,0.77098149061203,0.570697009563446
YNL281W,YDR398W,0,-3.3530574,0.11899012327194214,0.77098149061203,0.5708392858505249
YHR012W,YDR164C,0,-3.3532007,0.11896400153636932,0.77098149061203,0.570981502532959
YER035W,YMR080C,0,-3.3541794,0.1189378947019577,0.77098149061203,0.5711237788200378
YBR112C,YDL200C,0,-3.3542817,0.11891180276870728,0.77098149061203,0.5712659955024719
YPL174C,YBR010W,0,-3.3543031,0.11888571828603745,0.77098149061203,0.5714082717895508
YKL117W,YOR334W,0,-3.3545115,0.11885964870452881,0.77098149061203,0.5715504884719849
YIL132C,YFL009W,1,-3.3546808,0.11905284225940704,0.7724039554595947,0.5715504884719849
YFL009W,YDL154W,1,-3.354741,0.11924594640731812,0.7738264799118042,0.5715504884719849
YPL194W,YER173W,1,-3.3547657,0.11943896859884262,0.7752489447593689,0.5715504884719849
YLR138W,YLR214W,0,-3.355582,0.11941279470920563,0.7752489447593689,0.5716927647590637
YDR393W,YLR192C,0,-3.3556473,0.11938663572072983,0.7752489447593689,0.5718349814414978
YKR025W,YDR302W,0,-3.3557956,0.11936049163341522,0.7752489447593689,0.5719772577285767
YOR341W,YMR250W,0,-3.3559482,0.11933435499668121,0.7752489447593689,0.5721194744110107
YPR082C,YPL075W,0,-3.3559988,0.1193082332611084,0.7752489447593689,0.5722617506980896
YIR033W,YHR001W-A,0,-3.3563826,0.11928211897611618,0.7752489447593689,0.5724039673805237
YML073C,YDL004W,0,-3.3565507,0.11925601959228516,0.7752489447593689,0.5725462436676025
YER173W,YGR225W,1,-3.3565836,0.1194486990571022,0.7766714096069336,0.5725462436676025
YGL122C,YDR118W,0,-3.3568394,0.11942256987094879,0.7766714096069336,0.5726884603500366
YOL077W-A,YMR235C,0,-3.356938,0.11939645558595657,0.7766714096069336,0.5728307366371155
YHR175W,YOR319W,0,-3.3572538,0.11937035620212555,0.7766714096069336,0.5729729533195496
YDL115C,YGR247W,1,-3.3576841,0.11956284195184708,0.7780938744544983,0.5729729533195496
YNL326C,YER001W,0,-3.3576891,0.11953671276569366,0.7780938744544983,0.5731152296066284
YDR324C,YDL147W,0,-3.358106,0.11951059848070145,0.7780938744544983,0.5732574462890625
YBR080C,YKL007W,0,-3.3582947,0.11948449164628983,0.7780938744544983,0.5733997225761414
YNL182C,YKL051W,0,-3.3588398,0.1194583997130394,0.7780938744544983,0.5735419392585754
YHR031C,YDR146C,0,-3.3595643,0.11943231523036957,0.7780938744544983,0.5736842155456543
YBR098W,YHR152W,1,-3.3599708,0.1196245327591896,0.779516339302063,0.5736842155456543
YJR053W,YER155C,0,-3.3601954,0.11959842592477798,0.779516339302063,0.5738264322280884
YGL243W,YMR117C,0,-3.3602507,0.11957233399152756,0.779516339302063,0.5739687085151672
YKL053C-A,YDR147W,0,-3.3602698,0.11954624950885773,0.779516339302063,0.5741109251976013
YGL233W,YHR150W,0,-3.3605745,0.1195201724767685,0.779516339302063,0.5742532014846802
YMR268C,YJR057W,0,-3.360638,0.11949411034584045,0.779516339302063,0.574395477771759
YGR262C,YMR250W,0,-3.3609543,0.11946806311607361,0.779516339302063,0.5745376944541931
YDR479C,YDL052C,0,-3.3611267,0.11944202333688736,0.779516339302063,0.574679970741272
YGR072W,YPL211W,0,-3.3624752,0.1194159984588623,0.779516339302063,0.574822187423706
YOL121C,YOL060C,0,-3.3625877,0.11938998103141785,0.779516339302063,0.5749644637107849
YDR121W,YLR430W,0,-3.3625934,0.11936397105455399,0.779516339302063,0.575106680393219
YDR379W,YDR308C,0,-3.3629315,0.11933797597885132,0.779516339302063,0.5752489566802979
YDL164C,YDR116C,0,-3.3629758,0.11931199580430984,0.779516339302063,0.5753911733627319
YBR015C,YOR127W,0,-3.3631442,0.11928602308034897,0.779516339302063,0.5755334496498108
YNL283C,YDR361C,0,-3.3633373,0.11926006525754929,0.779516339302063,0.5756756663322449
YML021C,YJR017C,0,-3.3639271,0.1192341148853302,0.779516339302063,0.5758179426193237
YAL035W,YFL031W,0,-3.363979,0.11920817941427231,0.779516339302063,0.5759601593017578
YGR006W,YGL205W,0,-3.3644502,0.11918225139379501,0.779516339302063,0.5761024355888367
YGR089W,YDR464W,0,-3.3644946,0.11915633827447891,0.779516339302063,0.5762446522712708
YNL326C,YGR239C,0,-3.3650677,0.11913043260574341,0.779516339302063,0.5763869285583496
YJL183W,YEL061C,0,-3.3650806,0.1191045418381691,0.779516339302063,0.5765291452407837
YER126C,YML008C,0,-3.3651614,0.11907865852117538,0.779516339302063,0.5766714215278625
YHR176W,YMR117C,0,-3.3651822,0.11905279010534286,0.779516339302063,0.5768136382102966
YPR021C,YPL001W,0,-3.3653224,0.11902693659067154,0.779516339302063,0.5769559144973755
YKL053C-A,YJR082C,0,-3.3653286,0.11900108307600021,0.779516339302063,0.5770981311798096
YKL081W,YBR135W,0,-3.366247,0.11897525191307068,0.779516339302063,0.5772404074668884
YDR393W,YIL031W,0,-3.3666246,0.11894942820072174,0.779516339302063,0.5773826241493225
YOR122C,YIL159W,0,-3.3668144,0.1189236119389534,0.779516339302063,0.5775249004364014
YHR019C,YOL060C,0,-3.366832,0.11889781057834625,0.779516339302063,0.5776671171188354
YNL093W,YGL227W,0,-3.3671446,0.1188720166683197,0.779516339302063,0.5778093934059143
YOL089C,YER109C,0,-3.367305,0.11884623765945435,0.779516339302063,0.5779516100883484
YMR127C,YPR041W,0,-3.367318,0.11882046610116959,0.779516339302063,0.5780938863754272
YOR308C,YER015W,0,-3.3673866,0.11879470944404602,0.779516339302063,0.5782361030578613
YOR319W,YMR227C,0,-3.3674648,0.11876896768808365,0.779516339302063,0.5783783793449402
YIL075C,YDR490C,0,-3.367699,0.11874322593212128,0.779516339302063,0.578520655632019
YDL115C,YPL139C,1,-3.3679054,0.11893413960933685,0.7809388041496277,0.578520655632019
YLR103C,YDR153C,0,-3.3685846,0.11890838295221329,0.7809388041496277,0.5786628723144531
YMR172W,YGL243W,0,-3.368629,0.11888263374567032,0.7809388041496277,0.578805148601532
YER109C,YMR080C,0,-3.3686852,0.11885689198970795,0.7809388041496277,0.5789473652839661
YDL017W,YGR040W,0,-3.3689399,0.11883116513490677,0.7809388041496277,0.5790896415710449
YOR377W,YKL004W,0,-3.3693926,0.11880545318126678,0.7809388041496277,0.579231858253479
YPR135W,YOR034C,0,-3.369548,0.1187797486782074,0.7809388041496277,0.5793741345405579
YPL244C,YBR118W,0,-3.369614,0.1187540590763092,0.7809388041496277,0.5795163512229919
YGR185C,YPL115C,0,-3.3696778,0.11872837692499161,0.7809388041496277,0.5796586275100708
YNL039W,YNL209W,0,-3.3697307,0.11870270222425461,0.7809388041496277,0.5798008441925049
YOL156W,YOR149C,0,-3.3698556,0.1186770424246788,0.7809388041496277,0.5799431204795837
YIR002C,YPR191W,0,-3.3702028,0.11865139752626419,0.7809388041496277,0.5800853371620178
YNL242W,YER068W,0,-3.370281,0.11862575262784958,0.7809388041496277,0.5802276134490967
YOR279C,YDR147W,0,-3.3703659,0.11860013008117676,0.7809388041496277,0.5803698301315308
YGR095C,YGR020C,0,-3.3704436,0.11857451498508453,0.7809388041496277,0.5805121064186096
YPR182W,YHR001W-A,0,-3.370525,0.1185489073395729,0.7809388041496277,0.5806543231010437
YML110C,YLR396C,0,-3.3706,0.11852331459522247,0.7809388041496277,0.5807965993881226
YMR235C,YGR156W,0,-3.370832,0.11849773675203323,0.7809388041496277,0.5809388160705566
YJL133W,YDR419W,0,-3.3709896,0.118472158908844,0.7809388041496277,0.5810810923576355
YLR409C,YLR055C,0,-3.3712256,0.11844660341739655,0.7809388041496277,0.5812233090400696
YDR283C,YGR156W,0,-3.3712828,0.1184210553765297,0.7809388041496277,0.5813655853271484
YPL244C,YLR276C,0,-3.3715274,0.11839551478624344,0.7809388041496277,0.5815078020095825
YOR116C,YMR149W,0,-3.3720562,0.11836998909711838,0.7809388041496277,0.5816500782966614
YLR052W,YMR025W,0,-3.372174,0.11834447085857391,0.7809388041496277,0.5817922949790955
YLR319C,YLR116W,0,-3.3722775,0.11831896752119064,0.7809388041496277,0.5819345712661743
YPR082C,YOR144C,0,-3.3724144,0.11829347163438797,0.7809388041496277,0.5820767879486084
YPR201W,YPR082C,0,-3.3724215,0.11826799064874649,0.7809388041496277,0.5822190642356873
YHR012W,YIR012W,0,-3.3725863,0.11824251711368561,0.7809388041496277,0.5823612809181213
YBR169C,YPL146C,0,-3.372742,0.11821705102920532,0.7809388041496277,0.5825035572052002
YFR050C,YBR276C,0,-3.372772,0.11819160729646683,0.7809388041496277,0.582645833492279
YDR359C,YPL233W,0,-3.373048,0.11816616356372833,0.7809388041496277,0.5827880501747131
YPL233W,YKR087C,0,-3.3731525,0.11814073473215103,0.7809388041496277,0.582930326461792
YEL042W,YPR030W,0,-3.3733833,0.11811532080173492,0.7809388041496277,0.5830725431442261
YGR257C,YMR173W,0,-3.373573,0.11808991432189941,0.7809388041496277,0.5832148194313049
YLR248W,YER173W,1,-3.3739035,0.11827956885099411,0.7823613286018372,0.5832148194313049
YIL132C,YJL005W,1,-3.3739612,0.11846914887428284,0.7837837934494019,0.5832148194313049
YDR449C,YDR212W,0,-3.3741944,0.11844368278980255,0.7837837934494019,0.583357036113739
YBL093C,YPL075W,0,-3.37423,0.11841822415590286,0.7837837934494019,0.5834993124008179
YOR270C,YOR341W,0,-3.3743126,0.11839278042316437,0.7837837934494019,0.583641529083252
YGL205W,YDR116C,0,-3.3745902,0.11836734414100647,0.7837837934494019,0.5837838053703308
YIL075C,YDR379W,0,-3.3746922,0.11834192276000977,0.7837837934494019,0.5839260220527649
YML110C,YBR095C,0,-3.37485,0.11831651628017426,0.7837837934494019,0.5840682983398438
YDL007W,YHR129C,0,-3.3748515,0.11829110980033875,0.7837837934494019,0.5842105150222778
YDR322C-A,YGR257C,0,-3.3751523,0.11826572567224503,0.7837837934494019,0.5843527913093567
YBR112C,YDR490C,0,-3.3753068,0.1182403415441513,0.7837837934494019,0.5844950079917908
YPL132W,YLR376C,0,-3.3755367,0.11821497231721878,0.7837837934494019,0.5846372842788696
YDL115C,YLR234W,1,-3.375847,0.11840412020683289,0.7852062582969666,0.5846372842788696
YDR178W,YPL151C,0,-3.3759413,0.11837872862815857,0.7852062582969666,0.5847795009613037
YPL020C,YDL105W,0,-3.3761122,0.11835334450006485,0.7852062582969666,0.5849217772483826
YOR256C,YER109C,0,-3.3762634,0.11832797527313232,0.7852062582969666,0.5850639939308167
YJL087C,YIR002C,0,-3.3763573,0.1183026134967804,0.7852062582969666,0.5852062702178955
YDR087C,YMR247C,0,-3.376416,0.11827726662158966,0.7852062582969666,0.5853484869003296
YOL011W,YDR116C,0,-3.3766272,0.11825192719697952,0.7852062582969666,0.5854907631874084
YHR067W,YDR453C,0,-3.3767066,0.11822660267353058,0.7852062582969666,0.5856329798698425
YER126C,YDR404C,0,-3.3768325,0.11820128560066223,0.7852062582969666,0.5857752561569214
YKR101W,YBR095C,0,-3.377466,0.11817597597837448,0.7852062582969666,0.5859174728393555
YDR280W,YNL281W,0,-3.3777144,0.11815068125724792,0.7852062582969666,0.5860597491264343
YBR250W,YGR225W,1,-3.3777165,0.11833939701318741,0.7866287231445312,0.5860597491264343
YER028C,YNL232W,0,-3.377836,0.11831407994031906,0.7866287231445312,0.5862019658088684
YNL088W,YJL005W,1,-3.377932,0.118502676486969,0.788051187992096,0.5862019658088684
YBR095C,YJL063C,0,-3.378319,0.11847732961177826,0.788051187992096,0.5863442420959473
YPL167C,YGR135W,0,-3.378322,0.11845199763774872,0.788051187992096,0.5864864587783813
YPL233W,YIR002C,0,-3.3787677,0.11842668056488037,0.788051187992096,0.5866287350654602
YOR060C,YDR398W,0,-3.3789003,0.11840137094259262,0.788051187992096,0.5867709517478943
YNL127W,YNL106C,0,-3.3789284,0.11837606877088547,0.788051187992096,0.5869132280349731
YMR287C,YGR183C,0,-3.3790977,0.11835078150033951,0.788051187992096,0.587055504322052
YIL017C,YHR001W-A,0,-3.37946,0.11832550168037415,0.788051187992096,0.5871977210044861
YDL020C,YJL076W,0,-3.379521,0.11830023676156998,0.788051187992096,0.5873399972915649
YPL091W,YDL212W,0,-3.379758,0.1182749792933464,0.788051187992096,0.587482213973999
YOL011W,YOL028C,0,-3.3798077,0.11824973672628403,0.788051187992096,0.5876244902610779
YBL103C,YBR080C,0,-3.3798568,0.11822450160980225,0.788051187992096,0.587766706943512
YMR239C,YDR284C,0,-3.3800576,0.11819927394390106,0.788051187992096,0.5879089832305908
YDL132W,YAL035W,0,-3.3800642,0.11817406117916107,0.788051187992096,0.5880511999130249
YPR016C,YPR082C,0,-3.3801963,0.11814885586500168,0.788051187992096,0.5881934762001038
YGR123C,YER053C,0,-3.3803728,0.11812366545200348,0.788051187992096,0.5883356928825378
YDR168W,YGR257C,0,-3.3804734,0.11809848994016647,0.788051187992096,0.5884779691696167
YHR148W,YBR112C,0,-3.3806703,0.11807331442832947,0.788051187992096,0.5886201858520508
YNR008W,YIL048W,0,-3.380693,0.11804815381765366,0.788051187992096,0.5887624621391296
YIL023C,YHR073W,0,-3.3807442,0.11802300810813904,0.788051187992096,0.5889046788215637
YNR023W,YDR129C,0,-3.3808343,0.11799786984920502,0.788051187992096,0.5890469551086426
YBR250W,YER173W,1,-3.3810575,0.11818569153547287,0.7894737124443054,0.5890469551086426
YML129C,YLR396C,0,-3.381478,0.11816053092479706,0.7894737124443054,0.5891891717910767
YER008C,YOL016C,0,-3.38182,0.11813537776470184,0.7894737124443054,0.5893314480781555
YGR103W,YDR490C,0,-3.3818698,0.11811023950576782,0.7894737124443054,0.5894736647605896
YKL051W,YML036W,0,-3.3820763,0.1180851086974144,0.7894737124443054,0.5896159410476685
YNL182C,YNL222W,0,-3.3824532,0.11805998533964157,0.7894737124443054,0.5897581577301025
YMR239C,YOR144C,0,-3.3824923,0.11803487688302994,0.7894737124443054,0.5899004340171814
YJR143C,YER149C,0,-3.3833706,0.1180097833275795,0.7894737124443054,0.5900426506996155
YMR235C,YLR116W,0,-3.383614,0.11798469722270966,0.7894737124443054,0.5901849269866943
YLR016C,YMR168C,0,-3.3836334,0.11795961856842041,0.7894737124443054,0.5903271436691284
YJL207C,YOR079C,0,-3.3839626,0.11793455481529236,0.7894737124443054,0.5904694199562073
YPR101W,YKL018W,0,-3.3840668,0.1179094985127449,0.7894737124443054,0.5906116366386414
YMR162C,YJL154C,0,-3.3840868,0.11788444966077805,0.7894737124443054,0.5907539129257202
YMR247C,YLR067C,0,-3.3843548,0.11785941570997238,0.7894737124443054,0.5908961296081543
YIL132C,YOR073W,1,-3.3845646,0.11804670840501785,0.7908961772918701,0.5908961296081543
YPL174C,YDR394W,0,-3.3846157,0.1180216521024704,0.7908961772918701,0.5910384058952332
YLR409C,YNL172W,0,-3.3848867,0.11799660325050354,0.7908961772918701,0.591180682182312
YHR129C,YOR119C,0,-3.3850238,0.11797156929969788,0.7908961772918701,0.5913228988647461
YDL003W,YER068W,0,-3.3850381,0.11794654279947281,0.7908961772918701,0.591465175151825
YDL047W,YMR162C,0,-3.3850927,0.11792152374982834,0.7908961772918701,0.591607391834259
YLR459W,YER015W,0,-3.3851156,0.11789651960134506,0.7908961772918701,0.5917496681213379
YDR087C,YOR039W,0,-3.385321,0.11787153035402298,0.7908961772918701,0.591891884803772
YMR025W,YER008C,0,-3.3855603,0.1178465485572815,0.7908961772918701,0.5920341610908508
YDR213W,YGR278W,0,-3.386196,0.1178215742111206,0.7908961772918701,0.5921763777732849
YOR056C,YDR129C,0,-3.3865943,0.11779660731554031,0.7908961772918701,0.5923186540603638
YDL047W,YPL217C,0,-3.3867817,0.11777165532112122,0.7908961772918701,0.5924608707427979
YJR108W,YPL253C,0,-3.3870957,0.11774671822786331,0.7908961772918701,0.5926031470298767
YMR270C,YDR324C,0,-3.387426,0.117721788585186,0.7908961772918701,0.5927453637123108
YJL029C,YPR016C,0,-3.3875363,0.1176968663930893,0.7908961772918701,0.5928876399993896
YFR050C,YDR087C,0,-3.3877451,0.11767195910215378,0.7908961772918701,0.5930298566818237
YDR318W,YPR164W,0,-3.387748,0.11764705926179886,0.7908961772918701,0.5931721329689026
YBL035C,YNL147W,0,-3.3879678,0.11762216687202454,0.7908961772918701,0.5933143496513367
YJR049C,YPR164W,0,-3.3879852,0.11759728938341141,0.7908961772918701,0.5934566259384155
YOR168W,YGR129W,0,-3.3879998,0.11757242679595947,0.7908961772918701,0.5935988426208496
YDR289C,YGR020C,0,-3.3881624,0.11754757165908813,0.7908961772918701,0.5937411189079285
YLR105C,YGR188C,0,-3.3881767,0.1175227239727974,0.7908961772918701,0.5938833355903625
YEL042W,YER161C,0,-3.3883288,0.11749788373708725,0.7908961772918701,0.5940256118774414
YER169W,YOL097C,0,-3.3885205,0.1174730584025383,0.7908961772918701,0.5941678285598755
YNL154C,YOR245C,0,-3.3885381,0.11744824796915054,0.7908961772918701,0.5943101048469543
YNL197C,YNL232W,0,-3.3887112,0.11742344498634338,0.7908961772918701,0.5944523215293884
YDR453C,YDL052C,0,-3.388748,0.11739864945411682,0.7908961772918701,0.5945945978164673
YAL035W,YLR313C,0,-3.3887613,0.11737386882305145,0.7908961772918701,0.5947368144989014
YDL003W,YBR155W,0,-3.3891115,0.11734909564256668,0.7908961772918701,0.5948790907859802
YLR216C,YDR088C,0,-3.3893826,0.1173243299126625,0.7908961772918701,0.5950213074684143
YNL039W,YOR272W,0,-3.3896565,0.11729957908391953,0.7908961772918701,0.5951635837554932
YMR270C,YPL140C,0,-3.3898027,0.11727483570575714,0.7908961772918701,0.595305860042572
YPR113W,YNL036W,0,-3.3901832,0.11725010722875595,0.7908961772918701,0.5954480767250061
YGL122C,YLR100W,0,-3.3904295,0.11722538620233536,0.7908961772918701,0.595590353012085
YDR085C,YDL003W,0,-3.3905172,0.11720067262649536,0.7908961772918701,0.595732569694519
YAL031C,YPR041W,0,-3.3910246,0.11717597395181656,0.7908961772918701,0.5958748459815979
YDR079C-A,YKL058W,0,-3.3910267,0.11715128272771835,0.7908961772918701,0.596017062664032
YJL146W,YCR010C,1,-3.3911078,0.11733726412057877,0.7923186421394348,0.596017062664032
YHR174W,YDR404C,0,-3.391145,0.11731255054473877,0.7923186421394348,0.5961593389511108
YDR318W,YOL121C,0,-3.39147,0.11728785187005997,0.7923186421394348,0.5963015556335449
YOL156W,YLR192C,0,-3.3914711,0.11726316064596176,0.7923186421394348,0.5964438319206238
YNL107W,YDL216C,0,-3.3919973,0.11723847687244415,0.7923186421394348,0.5965860486030579
YDR059C,YMR149W,0,-3.392136,0.11721380800008774,0.7923186421394348,0.5967283248901367
YGL227W,YKL018W,0,-3.3921392,0.11718914657831192,0.7923186421394348,0.5968705415725708
YNL326C,YPR041W,0,-3.3924568,0.1171644926071167,0.7923186421394348,0.5970128178596497
YGR257C,YPR181C,0,-3.392469,0.11713985353708267,0.7923186421394348,0.5971550345420837
YIL023C,YJL076W,0,-3.3926988,0.11711522191762924,0.7923186421394348,0.5972973108291626
YER042W,YBR199W,0,-3.3930013,0.117090605199337,0.7923186421394348,0.5974395275115967
YIR026C,YIR025W,1,-3.3930047,0.11727616935968399,0.7937411069869995,0.5974395275115967
YDL043C,YLR320W,0,-3.3930423,0.11725152283906937,0.7937411069869995,0.5975818037986755
YPL194W,YNL088W,1,-3.3931186,0.1174369752407074,0.7951635718345642,0.5975818037986755
YDL020C,YNR008W,0,-3.3936145,0.11741230636835098,0.7951635718345642,0.5977240204811096
YOR334W,YBL052C,0,-3.393667,0.11738765239715576,0.7951635718345642,0.5978662967681885
YDL235C,YPR186C,0,-3.3937504,0.11736300587654114,0.7951635718345642,0.5980085134506226
YDL188C,YER082C,0,-3.3940232,0.11733837425708771,0.7951635718345642,0.5981507897377014
YDR302W,YLR368W,0,-3.3941839,0.11731374263763428,0.7951635718345642,0.5982930064201355
YER169W,YDR324C,0,-3.3945577,0.11728913336992264,0.7951635718345642,0.5984352827072144
YDR384C,YPL244C,0,-3.3946862,0.117264524102211,0.7951635718345642,0.5985774993896484
YOL108C,YNL139C,0,-3.394904,0.11723992973566055,0.7951635718345642,0.5987197756767273
YML028W,YML091C,0,-3.394984,0.1172153502702713,0.7951635718345642,0.5988619923591614
YLR430W,YDR456W,0,-3.395902,0.11719077825546265,0.7951635718345642,0.5990042686462402
YKL117W,YDR279W,0,-3.3961442,0.11716621369123459,0.7951635718345642,0.5991464853286743
YJL128C,YEL065W,0,-3.396463,0.11714165657758713,0.7951635718345642,0.5992887616157532
YBL030C,YKL007W,0,-3.3967636,0.11711711436510086,0.7951635718345642,0.599431037902832
YJL128C,YPL137C,0,-3.397146,0.11709258705377579,0.7951635718345642,0.5995732545852661
YBR049C,YOL021C,0,-3.3977983,0.11706805974245071,0.7951635718345642,0.599715530872345
YDR265W,YBR095C,0,-3.3978183,0.11704355478286743,0.7951635718345642,0.599857747554779
YNL088W,YBR160W,1,-3.397939,0.11722838878631592,0.7965860366821289,0.599857747554779
YGR040W,YML060W,0,-3.398305,0.11720385402441025,0.7965860366821289,0.6000000238418579
YGR006W,YOR209C,0,-3.3983586,0.11717932671308517,0.7965860366821289,0.600142240524292
YBR084W,YLR192C,0,-3.3985255,0.1171548143029213,0.7965860366821289,0.6002845168113708
YKR061W,YJL090C,0,-3.3986175,0.11713030934333801,0.7965860366821289,0.6004267334938049
YER068W,YDR069C,0,-3.3987148,0.11710581183433533,0.7965860366821289,0.6005690097808838
YFR055W,YPL153C,0,-3.3991268,0.11708132922649384,0.7965860366821289,0.6007112264633179
YHR069C,YHR019C,0,-3.3992279,0.11705685406923294,0.7965860366821289,0.6008535027503967
YOL088C,YKR035W-A,0,-3.3995478,0.11703239381313324,0.7965860366821289,0.6009957194328308
YPR135W,YOL021C,0,-3.3996034,0.11700794100761414,0.7965860366821289,0.6011379957199097
YHR176W,YEL061C,0,-3.399617,0.11698349565267563,0.7965860366821289,0.6012802124023438
YOL089C,YPL192C,0,-3.399622,0.11695906519889832,0.7965860366821289,0.6014224886894226
YNL207W,YPR113W,0,-3.3999312,0.1169346421957016,0.7965860366821289,0.6015647053718567
YDR423C,YPL178W,0,-3.4000828,0.11691022664308548,0.7965860366821289,0.6017069816589355
YNL135C,YGL243W,0,-3.4001145,0.11688582599163055,0.7965860366821289,0.6018491983413696
YGL053W,YKL004W,0,-3.400233,0.11686143279075623,0.7965860366821289,0.6019914746284485
YDL007W,YGL243W,0,-3.4003017,0.11683705449104309,0.7965860366821289,0.6021336913108826
YNL149C,YMR239C,0,-3.400704,0.11681268364191055,0.7965860366821289,0.6022759675979614
YEL042W,YLR067C,0,-3.4007046,0.11678832024335861,0.7965860366821289,0.6024181842803955
YDR163W,YPR052C,0,-3.4010732,0.11676397174596786,0.7965860366821289,0.6025604605674744
YNL149C,YMR127C,0,-3.4010952,0.11673963069915771,0.7965860366821289,0.6027026772499084
YMR080C,YBR267W,0,-3.401343,0.11671529710292816,0.7965860366821289,0.6028449535369873
YIR002C,YDR039C,0,-3.4014792,0.1166909784078598,0.7965860366821289,0.6029871702194214
YHR062C,YPR181C,0,-3.4015365,0.11666666716337204,0.7965860366821289,0.6031294465065002
YOR122C,YMR201C,0,-3.4018636,0.11664236336946487,0.7965860366821289,0.6032716631889343
YKL140W,YLR141W,0,-3.4019992,0.1166180744767189,0.7965860366821289,0.6034139394760132
YGR231C,YPR164W,0,-3.4024584,0.11659379303455353,0.7965860366821289,0.603556215763092
YBR049C,YLR324W,0,-3.4025962,0.11656952649354935,0.7965860366821289,0.6036984324455261
YDL003W,YER082C,0,-3.4026744,0.11654526740312576,0.7965860366821289,0.603840708732605
YNL103W,YPL087W,0,-3.4027026,0.11652101576328278,0.7965860366821289,0.6039829254150391
YGR254W,YNR008W,0,-3.4038076,0.11649677902460098,0.7965860366821289,0.6041252017021179
YGL012W,YLR135W,0,-3.4041688,0.11647254228591919,0.7965860366821289,0.604267418384552
YLR110C,YDR404C,0,-3.4044805,0.11644832789897919,0.7965860366821289,0.6044096946716309
YDR297W,YDR331W,0,-3.4045327,0.11642411351203918,0.7965860366821289,0.6045519113540649
YBL046W,YOR316C,0,-3.4052413,0.11639991402626038,0.7965860366821289,0.6046941876411438
YGL127C,YDL097C,0,-3.405339,0.11637572944164276,0.7965860366821289,0.6048364043235779
YCR089W,YBL093C,0,-3.4054277,0.11635154485702515,0.7965860366821289,0.6049786806106567
YDR168W,YML094W,0,-3.4056737,0.11632737517356873,0.7965860366821289,0.6051208972930908
YDL017W,YER082C,0,-3.4060044,0.1163032203912735,0.7965860366821289,0.6052631735801697
YGR135W,YPL253C,0,-3.4061146,0.11627907305955887,0.7965860366821289,0.6054053902626038
YNL135C,YDL043C,0,-3.4062226,0.11625493317842484,0.7965860366821289,0.6055476665496826
YKL126W,YLR052W,0,-3.4065683,0.1162308007478714,0.7965860366821289,0.6056898832321167
YBL007C,YPL233W,0,-3.4069932,0.11620668321847916,0.7965860366821289,0.6058321595191956
YIL139C,YDL052C,0,-3.407051,0.11618257313966751,0.7965860366821289,0.6059743762016296
YDR359C,YNL172W,0,-3.4076216,0.11615847051143646,0.7965860366821289,0.6061166524887085
YDR258C,YDR164C,0,-3.4082468,0.11613438278436661,0.7965860366821289,0.6062588691711426
YPR135W,YOR144C,0,-3.4082515,0.11611030250787735,0.7965860366821289,0.6064011454582214
YFR050C,YMR273C,0,-3.4086206,0.11608623713254929,0.7965860366821289,0.6065433621406555
YLR320W,YNL298W,0,-3.4091718,0.11606217920780182,0.7965860366821289,0.6066856384277344
YAR003W,YKL007W,0,-3.4092016,0.11603812873363495,0.7965860366821289,0.6068278551101685
YOR039W,YMR168C,0,-3.4092758,0.11601408571004868,0.7965860366821289,0.6069701313972473
YDR453C,YOR039W,0,-3.4092891,0.1159900575876236,0.7965860366821289,0.6071123480796814
YPR024W,YOR119C,0,-3.4095356,0.11596603691577911,0.7965860366821289,0.6072546243667603
YOR204W,YBR065C,0,-3.4100235,0.11594203114509583,0.7965860366821289,0.6073968410491943
YLR006C,YDR069C,0,-3.4101527,0.11591803282499313,0.7965860366821289,0.6075391173362732
YPR186C,YDR308C,0,-3.4101539,0.11589404195547104,0.7965860366821289,0.607681393623352
YHR031C,YIL017C,0,-3.4101884,0.11587005853652954,0.7965860366821289,0.6078236103057861
YML069W,YIL106W,0,-3.410197,0.11584609001874924,0.7965860366821289,0.607965886592865
YNL139C,YBR257W,0,-3.4107792,0.11582212895154953,0.7965860366821289,0.6081081032752991
YPR056W,YGL111W,0,-3.4109466,0.11579818278551102,0.7965860366821289,0.6082503795623779
YIL115C,YNL147W,0,-3.4109998,0.1157742366194725,0.7965860366821289,0.608392596244812
YMR080C,YER006W,0,-3.4112422,0.11575031280517578,0.7965860366821289,0.6085348725318909
YDL024C,YLR276C,0,-3.4113986,0.11572638899087906,0.7965860366821289,0.608677089214325
YMR298W,YBL008W,0,-3.4114318,0.11570248007774353,0.7965860366821289,0.6088193655014038
YDL097C,YDL052C,0,-3.411452,0.1156785786151886,0.7965860366821289,0.6089615821838379
YLR382C,YBR035C,0,-3.4115198,0.11565468460321426,0.7965860366821289,0.6091038584709167
YDR079C-A,YDL212W,0,-3.4116447,0.11563080549240112,0.7965860366821289,0.6092460751533508
YOR193W,YNL261W,0,-3.4120214,0.11560693383216858,0.7965860366821289,0.6093883514404297
YDR280W,YNL021W,0,-3.4120913,0.11558307707309723,0.7965860366821289,0.6095305681228638
YEL024W,YKL140W,0,-3.4124324,0.11555922776460648,0.7965860366821289,0.6096728444099426
YKR061W,YGR006W,0,-3.413222,0.11553538590669632,0.7965860366821289,0.6098150610923767
YNL209W,YBR273C,0,-3.4136562,0.11551155149936676,0.7965860366821289,0.6099573373794556
YEL024W,YIR002C,0,-3.4137447,0.1154877319931984,0.7965860366821289,0.6100995540618896
YLR263W,YNL088W,1,-3.4142563,0.1156700998544693,0.7980085611343384,0.6100995540618896
YDR085C,YFL002C,0,-3.4144323,0.11564625799655914,0.7980085611343384,0.6102418303489685
YIL031W,YBR276C,0,-3.4148915,0.11562242358922958,0.7980085611343384,0.6103840470314026
YHR164C,YOR039W,0,-3.4149554,0.11559859663248062,0.7980085611343384,0.6105263233184814
YJR108W,YNL214W,0,-3.4149559,0.11557478457689285,0.7980085611343384,0.6106685400009155
YPR005C,YJL033W,0,-3.415061,0.11555097997188568,0.7980085611343384,0.6108108162879944
YDL044C,YBR273C,0,-3.4155595,0.1155271828174591,0.7980085611343384,0.6109530329704285
YHR085W,YKL049C,0,-3.4161334,0.11550340056419373,0.7980085611343384,0.6110953092575073
YDL132W,YDL015C,0,-3.4161823,0.11547961831092834,0.7980085611343384,0.6112375259399414
YPR041W,YHR016C,0,-3.4161985,0.11545585840940475,0.7980085611343384,0.6113798022270203
YKL126W,YGR218W,0,-3.4162743,0.11543209850788116,0.7980085611343384,0.6115220189094543
YIR009W,YLL011W,0,-3.416441,0.11540835350751877,0.7980085611343384,0.6116642951965332
YBR049C,YPL115C,0,-3.4165854,0.11538461595773697,0.7980085611343384,0.6118065714836121
YAL031C,YJR053W,0,-3.4167633,0.11536088585853577,0.7980085611343384,0.6119487881660461
YDR087C,YOR132W,0,-3.4172962,0.11533717066049576,0.7980085611343384,0.612091064453125
YJR103W,YDR484W,0,-3.4174626,0.11531346291303635,0.7980085611343384,0.6122332811355591
YPL053C,YML011C,0,-3.4180167,0.11528976261615753,0.7980085611343384,0.6123755574226379
YGL003C,YOR058C,0,-3.4184215,0.11526607722043991,0.7980085611343384,0.612517774105072
YHR062C,YNR023W,0,-3.418483,0.11524239927530289,0.7980085611343384,0.6126600503921509
YPR008W,YDR404C,0,-3.4185188,0.11521872878074646,0.7980085611343384,0.612802267074585
YDR280W,YGR214W,0,-3.4185522,0.11519507318735123,0.7980085611343384,0.6129445433616638
YDR318W,YAL059W,0,-3.4190738,0.11517142504453659,0.7980085611343384,0.6130867600440979
YNL154C,YOL156W,0,-3.419556,0.11514778435230255,0.7980085611343384,0.6132290363311768
YDL097C,YDR263C,0,-3.4196875,0.11512415111064911,0.7980085611343384,0.6133712530136108
YFR055W,YDL164C,0,-3.419887,0.11510053277015686,0.7980085611343384,0.6135135293006897
YOR005C,YKL081W,0,-3.4200609,0.11507692188024521,0.7980085611343384,0.6136557459831238
YLR117C,YDR490C,0,-3.4202578,0.11505332589149475,0.7980085611343384,0.6137980222702026
YIL132C,YIR025W,1,-3.4206293,0.11523477733135223,0.7994310259819031,0.6137980222702026
YEL054C,YDL200C,0,-3.4210198,0.11521115154027939,0.7994310259819031,0.6139402389526367
YOR148C,YML011C,0,-3.4210634,0.11518754065036774,0.7994310259819031,0.6140825152397156
YNL139C,YDL212W,0,-3.42109,0.11516393721103668,0.7994310259819031,0.6142247319221497
YPL137C,YFR005C,0,-3.421104,0.11514034122228622,0.7994310259819031,0.6143670082092285
YOR256C,YLR116W,0,-3.4211247,0.11511675268411636,0.7994310259819031,0.6145092248916626
YEL013W,YDR216W,0,-3.4214337,0.1150931790471077,0.7994310259819031,0.6146515011787415
YML023C,YOL045W,0,-3.4214625,0.11506961286067963,0.7994310259819031,0.6147937178611755
YBR172C,YKL012W,0,-3.4214804,0.11504606157541275,0.7994310259819031,0.6149359941482544
YHR114W,YGR056W,0,-3.421513,0.11502251029014587,0.7994310259819031,0.6150782108306885
YDL235C,YJR049C,0,-3.4216053,0.11499897390604019,0.7994310259819031,0.6152204871177673
YDR088C,YCR093W,0,-3.4224284,0.1149754524230957,0.7994310259819031,0.6153627038002014
YDR322C-A,YIL002C,0,-3.4224925,0.11495193094015121,0.7994310259819031,0.6155049800872803
YDR501W,YLR100W,0,-3.4228356,0.11492842435836792,0.7994310259819031,0.6156471967697144
YML034W,YIR033W,0,-3.4229581,0.11490492522716522,0.7994310259819031,0.6157894730567932
YGL175C,YCR010C,1,-3.4230435,0.11508585512638092,0.8008534908294678,0.6157894730567932
YIL139C,YLR043C,0,-3.4232209,0.11506233364343643,0.8008534908294678,0.6159317493438721
YNL207W,YDR289C,0,-3.4232457,0.11503881961107254,0.8008534908294678,0.6160739660263062
YCR092C,YCR010C,1,-3.4237936,0.1152196153998375,0.8022759556770325,0.6160739660263062
YPR056W,YDR297W,0,-3.4243019,0.11519607901573181,0.8022759556770325,0.616216242313385
YBR015C,YKL166C,0,-3.424567,0.11517255753278732,0.8022759556770325,0.6163584589958191
YNL273W,YDR129C,0,-3.4246662,0.11514904350042343,0.8022759556770325,0.616500735282898
YKR050W,YHR205W,0,-3.4247448,0.11512553691864014,0.8022759556770325,0.616642951965332
YOL077W-A,YGR020C,0,-3.4249947,0.11510203778743744,0.8022759556770325,0.6167852282524109
YBR250W,YJL074C,1,-3.4257436,0.11528259515762329,0.8036984205245972,0.6167852282524109
YDR423C,YOR034C,0,-3.4260347,0.1152590811252594,0.8036984205245972,0.616927444934845
YDR384C,YNL135C,0,-3.4263747,0.11523556709289551,0.8036984205245972,0.6170697212219238
YFR055W,YBL007C,0,-3.4263818,0.11521207541227341,0.8036984205245972,0.6172119379043579
YHR073W,YBL093C,0,-3.4266121,0.1151885837316513,0.8036984205245972,0.6173542141914368
YNR052C,YLR319C,0,-3.4267328,0.1151651069521904,0.8036984205245972,0.6174964308738708
YNL048W,YOR208W,0,-3.4267442,0.11514163762331009,0.8036984205245972,0.6176387071609497
YCL033C,YGR257C,0,-3.4273565,0.11511817574501038,0.8036984205245972,0.6177809238433838
YIL132C,YJL074C,1,-3.4273605,0.11529843509197235,0.8051208853721619,0.6177809238433838
YMR030W,YOL011W,0,-3.4274645,0.11527495086193085,0.8051208853721619,0.6179232001304626
YMR298W,YDR448W,0,-3.4277713,0.11525147408246994,0.8051208853721619,0.6180654168128967
YDR265W,YML028W,0,-3.4278433,0.11522801220417023,0.8051208853721619,0.6182076930999756
YJL012C,YPL140C,0,-3.4283082,0.11520455777645111,0.8051208853721619,0.6183499097824097
YNL222W,YBR155W,0,-3.4286392,0.11518111824989319,0.8051208853721619,0.6184921860694885
YNL283C,YNL267W,0,-3.4288707,0.11515767872333527,0.8051208853721619,0.6186344027519226
YPL139C,YDL154W,1,-3.4292939,0.11533766984939575,0.8065434098243713,0.6186344027519226
YLR016C,YBR276C,0,-3.4295614,0.11531421542167664,0.8065434098243713,0.6187766790390015
YJL146W,YDL154W,1,-3.4297173,0.11549410223960876,0.807965874671936,0.6187766790390015
YDR265W,YOL045W,0,-3.4299679,0.11547062546014786,0.807965874671936,0.6189188957214355
YMR030W,YDR512C,0,-3.430125,0.11544715613126755,0.807965874671936,0.6190611720085144
YJR143C,YDL200C,0,-3.4302444,0.11542369425296783,0.807965874671936,0.6192033886909485
YDR331W,YNL036W,0,-3.4302468,0.11540024727582932,0.807965874671936,0.6193456649780273
YMR172W,YIL048W,0,-3.4305255,0.1153768002986908,0.807965874671936,0.6194878816604614
YDR463W,YLR313C,0,-3.4305599,0.11535336822271347,0.807965874671936,0.6196301579475403
YMR247C,YOR319W,0,-3.430964,0.11532995104789734,0.807965874671936,0.6197723746299744
YHR008C,YNR054C,0,-3.431004,0.11530653387308121,0.807965874671936,0.6199146509170532
YNL173C,YFL002C,0,-3.4311726,0.11528313159942627,0.807965874671936,0.6200569272041321
YDR182W,YDR361C,0,-3.4313405,0.11525973677635193,0.807965874671936,0.6201991438865662
YGR048W,YKL148C,0,-3.4313598,0.11523635685443878,0.807965874671936,0.620341420173645
YDR039C,YOL045W,0,-3.431867,0.11521298438310623,0.807965874671936,0.6204836368560791
YIL002C,YNL214W,0,-3.4324195,0.11518961936235428,0.807965874671936,0.620625913143158
YPL167C,YLR032W,0,-3.432449,0.11516626179218292,0.807965874671936,0.620768129825592
YNL093W,YDR398W,0,-3.4332216,0.11514291167259216,0.807965874671936,0.6209104061126709
YBR112C,YJL006C,0,-3.4333699,0.1151195764541626,0.807965874671936,0.621052622795105
YMR172W,YLR438C-A,0,-3.4334502,0.11509624868631363,0.807965874671936,0.6211948990821838
YDR284C,YER015W,0,-3.4337919,0.11507293581962585,0.807965874671936,0.6213371157646179
YKR050W,YLR116W,0,-3.4342237,0.11504962295293808,0.807965874671936,0.6214793920516968
YDR318W,YOR386W,0,-3.4344046,0.1150263249874115,0.807965874671936,0.6216216087341309
YNL021W,YOR058C,0,-3.4348168,0.11500303447246552,0.807965874671936,0.6217638850212097
YGR159C,YGR007W,0,-3.4349005,0.11497975885868073,0.807965874671936,0.6219061017036438
YNL135C,YLR438C-A,0,-3.4354813,0.11495648324489594,0.807965874671936,0.6220483779907227
YOR005C,YBR155W,0,-3.4358065,0.11493322253227234,0.807965874671936,0.6221905946731567
YGR214W,YGL070C,0,-3.4359057,0.11490997672080994,0.807965874671936,0.6223328709602356
YML080W,YDL188C,0,-3.4361055,0.11488673090934753,0.807965874671936,0.6224750876426697
YLR016C,YOL028C,0,-3.4363263,0.11486349999904633,0.807965874671936,0.6226173639297485
YLR110C,YNL273W,0,-3.4366546,0.11484027653932571,0.807965874671936,0.6227595806121826
YKL008C,YFR009W,0,-3.4369924,0.1148170605301857,0.807965874671936,0.6229018568992615
YPL020C,YGR089W,0,-3.4370005,0.11479385942220688,0.807965874671936,0.6230440735816956
YBR020W,YLR130C,0,-3.437092,0.11477065831422806,0.807965874671936,0.6231863498687744
YPL091W,YPL115C,0,-3.4372308,0.11474747210741043,0.807965874671936,0.6233285665512085
YBR160W,YER173W,1,-3.4375184,0.114926278591156,0.8093883395195007,0.6233285665512085
YLR110C,YDL043C,0,-3.4375894,0.11490307003259659,0.8093883395195007,0.6234708428382874
YNL173C,YPL069C,0,-3.4376662,0.11487986892461777,0.8093883395195007,0.6236130595207214
YMR287C,YBR095C,0,-3.4376905,0.11485668271780014,0.8093883395195007,0.6237553358078003
YBR257W,YNL036W,0,-3.4381258,0.11483350396156311,0.8093883395195007,0.6238975524902344
YMR127C,YHR107C,0,-3.4385264,0.11481033265590668,0.8093883395195007,0.6240398287773132
YDR153C,YPR052C,0,-3.4389992,0.11478716880083084,0.8093883395195007,0.6241821050643921
YDR453C,YML094W,0,-3.4390395,0.1147640198469162,0.8093883395195007,0.6243243217468262
YLL011W,YKL148C,0,-3.4396617,0.11474087834358215,0.8093883395195007,0.624466598033905
YFL002C,YJL063C,0,-3.4398522,0.1147177442908287,0.8093883395195007,0.6246088147163391
YPR049C,YBR095C,0,-3.4399722,0.11469461768865585,0.8093883395195007,0.624751091003418
YMR268C,YNL267W,0,-3.4400756,0.1146715059876442,0.8093883395195007,0.624893307685852
YDR318W,YIR002C,0,-3.440416,0.11464840173721313,0.8093883395195007,0.6250355839729309
YOR060C,YBR135W,0,-3.440592,0.11462530493736267,0.8093883395195007,0.625177800655365
YDR088C,YDR129C,0,-3.4407194,0.1146022155880928,0.8093883395195007,0.6253200769424438
YMR235C,YNL036W,0,-3.4411619,0.11457914113998413,0.8093883395195007,0.6254622936248779
YDL047W,YML073C,0,-3.4412458,0.11455606669187546,0.8093883395195007,0.6256045699119568
YBR265W,YHR066W,0,-3.4413743,0.11453301459550858,0.8093883395195007,0.6257467865943909
YHR067W,YOR067C,0,-3.4415352,0.1145099624991417,0.8093883395195007,0.6258890628814697
YDR422C,YKL012W,0,-3.4415517,0.11448691785335541,0.8093883395195007,0.6260312795639038
YDR118W,YOL021C,0,-3.4416497,0.11446388810873032,0.8093883395195007,0.6261735558509827
YGR185C,YCR002C,0,-3.4418366,0.11444086581468582,0.8093883395195007,0.6263157725334167
YBR112C,YDR147W,0,-3.4420128,0.11441785842180252,0.8093883395195007,0.6264580488204956
YDR385W,YGR156W,0,-3.4425228,0.11439485102891922,0.8093883395195007,0.6266002655029297
YPL091W,YBR276C,0,-3.4425259,0.11437185853719711,0.8093883395195007,0.6267425417900085
YDR079C-A,YOR039W,0,-3.4425404,0.1143488734960556,0.8093883395195007,0.6268847584724426
YOL021C,YGR218W,0,-3.4426925,0.11432589590549469,0.8093883395195007,0.6270270347595215
YFR055W,YDR164C,0,-3.4429662,0.11430293321609497,0.8093883395195007,0.6271692514419556
YHR008C,YML091C,0,-3.4430716,0.11427997797727585,0.8093883395195007,0.6273115277290344
YJL128C,YDR464W,0,-3.4432752,0.11425703018903732,0.8093883395195007,0.6274537444114685
YGR239C,YGR072W,0,-3.443331,0.1142340898513794,0.8093883395195007,0.6275960206985474
YOR148C,YNL130C,0,-3.443838,0.11421115696430206,0.8093883395195007,0.6277382373809814
YMR241W,YPR181C,0,-3.4439862,0.11418823897838593,0.8093883395195007,0.6278805136680603
YNL107W,YOL028C,0,-3.444751,0.11416532844305038,0.8093883395195007,0.6280227303504944
YML015C,YAL031C,0,-3.4449446,0.11414242535829544,0.8093883395195007,0.6281650066375732
YDR280W,YER015W,0,-3.445194,0.11411953717470169,0.8093883395195007,0.6283072829246521
YOR319W,YDL097C,0,-3.4454975,0.11409664899110794,0.8093883395195007,0.6284494996070862
YER120W,YDR235W,0,-3.4457757,0.11407377570867538,0.8093883395195007,0.628591775894165
YNL068C,YML019W,0,-3.4461749,0.11405090987682343,0.8093883395195007,0.6287339925765991
YFR053C,YIL034C,0,-3.446209,0.11402805894613266,0.8093883395195007,0.628876268863678
YNL021W,YHR031C,0,-3.446341,0.1140052080154419,0.8093883395195007,0.6290184855461121
YER001W,YAL051W,0,-3.4464471,0.11398237198591232,0.8093883395195007,0.6291607618331909
YDL017W,YGR188C,0,-3.4464705,0.11395954340696335,0.8093883395195007,0.629302978515625
YDR088C,YNL172W,0,-3.446739,0.11393672227859497,0.8093883395195007,0.6294452548027039
YAL017W,YGL205W,0,-3.4467876,0.11391391605138779,0.8093883395195007,0.6295874714851379
YDR194C,YPR181C,0,-3.4473789,0.1138911098241806,0.8093883395195007,0.6297297477722168
YPL174C,YHR073W,0,-3.4475176,0.11386831849813461,0.8093883395195007,0.6298719644546509
YNL218W,YOR056C,0,-3.4475853,0.11384553462266922,0.8093883395195007,0.6300142407417297
YDL017W,YJL128C,0,-3.4477766,0.11382276564836502,0.8093883395195007,0.6301564574241638
YNL222W,YER008C,0,-3.4478164,0.11379999667406082,0.8093883395195007,0.6302987337112427
YNL207W,YEL061C,0,-3.4483883,0.11377724260091782,0.8093883395195007,0.6304409503936768
YOR270C,YGR003W,0,-3.448541,0.11375449597835541,0.8093883395195007,0.6305832266807556
YDR503C,YDR448W,0,-3.448606,0.1137317642569542,0.8093883395195007,0.6307254433631897
YHR148W,YBR015C,0,-3.4487262,0.11370903253555298,0.8093883395195007,0.6308677196502686
YJR143C,YJL087C,0,-3.4490597,0.11368631571531296,0.8093883395195007,0.6310099363327026
YNL173C,YGR135W,0,-3.4492714,0.11366360634565353,0.8093883395195007,0.6311522126197815
YBR020W,YDL052C,0,-3.4492738,0.11364090442657471,0.8093883395195007,0.6312944293022156
YDR163W,YDL052C,0,-3.4493177,0.11361820995807648,0.8093883395195007,0.6314367055892944
YJR090C,YPR186C,0,-3.4498446,0.11359553039073944,0.8093883395195007,0.6315789222717285
YFR028C,YOR256C,0,-3.450071,0.1135728508234024,0.8093883395195007,0.6317211985588074
YNL091W,YBR079C,0,-3.4508538,0.11355018615722656,0.8093883395195007,0.6318634152412415
YDL017W,YPL112C,0,-3.4509723,0.11352753639221191,0.8093883395195007,0.6320056915283203
YIR009W,YKL012W,0,-3.4514735,0.11350488662719727,0.8093883395195007,0.6321479082107544
YLR110C,YBL052C,0,-3.4514744,0.11348225176334381,0.8093883395195007,0.6322901844978333
YBR098W,YFL009W,1,-3.4515765,0.11365902423858643,0.8108108043670654,0.6322901844978333
YIR026C,YJL005W,1,-3.4516146,0.11383572220802307,0.8122332692146301,0.6322901844978333
YFR009W,YIL159W,0,-3.4517174,0.11381303519010544,0.8122332692146301,0.6324324607849121
YHR031C,YJR007W,0,-3.4521072,0.1137903556227684,0.8122332692146301,0.6325746774673462
YOL028C,YBR257W,0,-3.452142,0.11376768350601196,0.8122332692146301,0.632716953754425
YOR229W,YIL132C,1,-3.4523385,0.11394422501325607,0.8136557340621948,0.632716953754425
YPL132W,YBL025W,0,-3.4523966,0.11392153054475784,0.8136557340621948,0.6328591704368591
YOR245C,YJR057W,0,-3.4526598,0.11389884352684021,0.8136557340621948,0.633001446723938
YML036W,YHR042W,0,-3.4535239,0.11387617141008377,0.8136557340621948,0.6331436634063721
YEL024W,YGL111W,0,-3.4539502,0.11385350674390793,0.8136557340621948,0.6332859396934509
YNL273W,YGL087C,0,-3.453975,0.11383084207773209,0.8136557340621948,0.633428156375885
YIL154C,YOR005C,0,-3.4542944,0.11380819976329803,0.8136557340621948,0.6335704326629639
YOR144C,YNL172W,0,-3.4543695,0.11378555744886398,0.8136557340621948,0.633712649345398
YBR199W,YLR067C,0,-3.4545653,0.11376293003559113,0.8136557340621948,0.6338549256324768
YBR177C,YLR130C,0,-3.455017,0.11374030262231827,0.8136557340621948,0.6339971423149109
YIL139C,YJL014W,0,-3.45519,0.1137176975607872,0.8136557340621948,0.6341394186019897
YPR056W,YER026C,0,-3.4554498,0.11369509249925613,0.8136557340621948,0.6342816352844238
YLL003W,YER123W,0,-3.4558434,0.11367249488830566,0.8136557340621948,0.6344239115715027
YNL021W,YBL035C,0,-3.4558885,0.11364991217851639,0.8136557340621948,0.6345661282539368
YPL262W,YER109C,0,-3.4562318,0.11362733691930771,0.8136557340621948,0.6347084045410156
YKL018W,YLR055C,0,-3.4564402,0.11360476911067963,0.8136557340621948,0.6348506212234497
YLR103C,YPL217C,0,-3.4564679,0.11358220875263214,0.8136557340621948,0.6349928975105286
YIL106W,YOR316C,0,-3.4570625,0.11355965584516525,0.8136557340621948,0.6351351141929626
YJL090C,YDR404C,0,-3.4575398,0.11353711783885956,0.8136557340621948,0.6352773904800415
YIL132C,YGR247W,1,-3.4577057,0.11371304094791412,0.8150782585144043,0.6352773904800415
YKL129C,YDR085C,0,-3.457746,0.11369047313928604,0.8150782585144043,0.6354196071624756
YGR231C,YKR079C,0,-3.4578688,0.11366792023181915,0.8150782585144043,0.6355618834495544
YEL027W,YIR015W,0,-3.4580638,0.11364538222551346,0.8150782585144043,0.6357041001319885
YOR229W,YHR152W,1,-3.4582522,0.11382114142179489,0.816500723361969,0.6357041001319885
YGR056W,YDL097C,0,-3.4587877,0.11379857361316681,0.816500723361969,0.6358463764190674
YMR092C,YMR127C,0,-3.4591265,0.11377601325511932,0.816500723361969,0.6359885931015015
YNL130C,YGR156W,0,-3.4592032,0.11375346779823303,0.816500723361969,0.6361308693885803
YDR501W,YER015W,0,-3.4597175,0.11373092979192734,0.816500723361969,0.6362730860710144
YMR138W,YER109C,0,-3.460055,0.11370839923620224,0.816500723361969,0.6364153623580933
YNL307C,YOR229W,1,-3.4604003,0.11388393491506577,0.8179231882095337,0.6364153623580933
YOR079C,YMR117C,0,-3.460629,0.11386138945817947,0.8179231882095337,0.6365576386451721
YIR002C,YPL087W,0,-3.4609208,0.11383884400129318,0.8179231882095337,0.6366998553276062
YMR280C,YKL148C,0,-3.4611423,0.11381631344556808,0.8179231882095337,0.6368421316146851
YMR149W,YMR227C,0,-3.4615934,0.11379378288984299,0.8179231882095337,0.6369843482971191
YNL091W,YHR012W,0,-3.461629,0.11377126723527908,0.8179231882095337,0.637126624584198
YEL013W,YPR164W,0,-3.4619563,0.11374876648187637,0.8179231882095337,0.6372688412666321
YPR094W,YPL119C,0,-3.4626737,0.11372626572847366,0.8179231882095337,0.6374111175537109
YGR247W,YIR025W,1,-3.4630601,0.1139015257358551,0.8193456530570984,0.6374111175537109
YNL299W,YJL154C,0,-3.4631267,0.1138790026307106,0.8193456530570984,0.637553334236145
YDL044C,YJL063C,0,-3.4634624,0.1138564944267273,0.8193456530570984,0.6376956105232239
YER035W,YDR163W,0,-3.4635904,0.11383399367332458,0.8193456530570984,0.637837827205658
YOR229W,YJL074C,1,-3.463693,0.11400908976793289,0.8207681179046631,0.637837827205658
YOL108C,YGR239C,0,-3.4648926,0.11398656666278839,0.8207681179046631,0.6379801034927368
YOL088C,YMR201C,0,-3.4651177,0.11396405100822449,0.8207681179046631,0.6381223201751709
YDR456W,YPL131W,0,-3.465367,0.11394155025482178,0.8207681179046631,0.6382645964622498
YHR073W,YGL071W,0,-3.465815,0.11391904950141907,0.8207681179046631,0.6384068131446838
YML021C,YJL012C,0,-3.46611,0.11389656364917755,0.8207681179046631,0.6385490894317627
YER109C,YLR117C,0,-3.46654,0.11387408524751663,0.8207681179046631,0.6386913061141968
YPL139C,YIR025W,1,-3.4665658,0.11404893547296524,0.8221905827522278,0.6386913061141968
YPR101W,YDR147W,0,-3.4667552,0.11402643471956253,0.8221905827522278,0.6388335824012756
YDL164C,YBR135W,0,-3.467401,0.11400394141674042,0.8221905827522278,0.6389757990837097
YFR050C,YPL115C,0,-3.467576,0.1139814630150795,0.8221905827522278,0.6391180753707886
YNL186W,YGR094W,0,-3.4680321,0.11395899206399918,0.8221905827522278,0.6392602920532227
YOL121C,YJL063C,0,-3.4681945,0.11393652856349945,0.8221905827522278,0.6394025683403015
YFR028C,YDR231C,0,-3.4683363,0.11391407251358032,0.8221905827522278,0.6395447850227356
YDR085C,YLR370C,0,-3.4687173,0.11389162391424179,0.8221905827522278,0.6396870613098145
YBL025W,YPL075W,0,-3.4687922,0.11386919021606445,0.8221905827522278,0.6398292779922485
YOL108C,YHR148W,0,-3.468802,0.11384675651788712,0.8221905827522278,0.6399715542793274
YNL139C,YOR132W,0,-3.468847,0.11382433772087097,0.8221905827522278,0.6401137709617615
YOR193W,YKR025W,0,-3.4690292,0.11380192637443542,0.8221905827522278,0.6402560472488403
YPL194W,YIR026C,1,-3.4695127,0.1139763742685318,0.8236131072044373,0.6402560472488403
YOR005C,YIL048W,0,-3.4696019,0.11395394802093506,0.8236131072044373,0.6403982639312744
YPR041W,YPL161C,0,-3.4699404,0.11393152177333832,0.8236131072044373,0.6405405402183533
YLR060W,YLR032W,0,-3.4699492,0.11390911042690277,0.8236131072044373,0.6406828165054321
YPR030W,YIL017C,0,-3.4704595,0.11388670653104782,0.8236131072044373,0.6408250331878662
YDL223C,YDR069C,0,-3.4706135,0.11386431008577347,0.8236131072044373,0.6409673094749451
YHR008C,YJL033W,0,-3.4711883,0.11384192109107971,0.8236131072044373,0.6411095261573792
YOR334W,YPR005C,0,-3.4719932,0.11381953954696655,0.8236131072044373,0.641251802444458
YBR250W,YIR025W,1,-3.4721243,0.11399371176958084,0.825035572052002,0.641251802444458
YHR114W,YOR168W,0,-3.4722724,0.11397130787372589,0.825035572052002,0.6413940191268921
YJL080C,YFL009W,1,-3.4724312,0.11414538323879242,0.8264580368995667,0.6413940191268921
YOR039W,YDL130W-A,0,-3.4727566,0.11412296444177628,0.8264580368995667,0.641536295413971
YER161C,YDR182W,0,-3.47278,0.11410055309534073,0.8264580368995667,0.641678512096405
YAR003W,YPL178W,0,-3.4730031,0.11407814919948578,0.8264580368995667,0.6418207883834839
YLR115W,YBR273C,0,-3.4732728,0.11405575275421143,0.8264580368995667,0.641963005065918
YMR030W,YIL034C,0,-3.473338,0.11403336375951767,0.8264580368995667,0.6421052813529968
YMR270C,YDR279W,0,-3.4734278,0.11401098966598511,0.8264580368995667,0.6422474980354309
YDR484W,YML011C,0,-3.4736311,0.11398862302303314,0.8264580368995667,0.6423897743225098
YDR527W,YOR295W,0,-3.4737504,0.11396626383066177,0.8264580368995667,0.6425319910049438
YLR319C,YHR073W,0,-3.4738297,0.113943912088871,0.8264580368995667,0.6426742672920227
YDR182W,YNL209W,0,-3.4739144,0.11392156779766083,0.8264580368995667,0.6428164839744568
YLL003W,YNL147W,0,-3.4741817,0.11389923840761185,0.8264580368995667,0.6429587602615356
YOL097C,YFL014W,0,-3.4742873,0.11387690901756287,0.8264580368995667,0.6431009769439697
YLR382C,YAL051W,0,-3.4742882,0.11385459452867508,0.8264580368995667,0.6432432532310486
YBR250W,YIL132C,1,-3.4743097,0.1140282154083252,0.8278805017471313,0.6432432532310486
YAL017W,YLL011W,0,-3.4745991,0.11400587856769562,0.8278805017471313,0.6433854699134827
YJL128C,YBR172C,0,-3.4747703,0.11398354917764664,0.8278805017471313,0.6435277462005615
YDL231C,YLL003W,0,-3.4749215,0.11396122723817825,0.8278805017471313,0.6436699628829956
YNL207W,YGR112W,0,-3.475969,0.11393892019987106,0.8278805017471313,0.6438122391700745
YLR263W,YIR026C,1,-3.476051,0.11411234736442566,0.829302966594696,0.6438122391700745
YPL178W,YNL214W,0,-3.4760773,0.11409001797437668,0.829302966594696,0.6439544558525085
YKL129C,YHR069C,0,-3.476104,0.1140676960349083,0.829302966594696,0.6440967321395874
YDR211W,YOL077W-A,0,-3.4761071,0.11404538154602051,0.829302966594696,0.6442389488220215
YLR191W,YNL283C,0,-3.476544,0.11402308195829391,0.829302966594696,0.6443812251091003
YMR273C,YHR165C,0,-3.4766424,0.11400078237056732,0.829302966594696,0.6445234417915344
YHL007C,YDR164C,0,-3.4770415,0.11397849768400192,0.829302966594696,0.6446657180786133
YDR527W,YBR035C,0,-3.4776504,0.11395621299743652,0.829302966594696,0.6448079943656921
YJL005W,YOL090W,1,-3.4776611,0.11412937194108963,0.8307254910469055,0.6448079943656921
YKL058W,YNR008W,0,-3.4776943,0.11410707235336304,0.8307254910469055,0.6449502110481262
YOR056C,YML036W,0,-3.4777038,0.11408478021621704,0.8307254910469055,0.6450924873352051
YDR121W,YML019W,0,-3.478111,0.11406250298023224,0.8307254910469055,0.6452347040176392
YGR191W,YKL051W,0,-3.4781997,0.11404022574424744,0.8307254910469055,0.645376980304718
YOR245C,YNL214W,0,-3.478215,0.11401796340942383,0.8307254910469055,0.6455191969871521
YDR379W,YPR181C,0,-3.4784205,0.11399570852518082,0.8307254910469055,0.645661473274231
YMR273C,YMR080C,0,-3.4786708,0.1139734610915184,0.8307254910469055,0.645803689956665
YHR085W,YJR057W,0,-3.4789107,0.11395122110843658,0.8307254910469055,0.6459459662437439
YFL002C,YBR135W,0,-3.4792864,0.11392898857593536,0.8307254910469055,0.646088182926178
YEL027W,YDL043C,0,-3.4798057,0.11390677094459534,0.8307254910469055,0.6462304592132568
YGR123C,YIL147C,0,-3.4812555,0.11388455331325531,0.8307254910469055,0.6463726758956909
YER035W,YNL121C,0,-3.4815257,0.11386235058307648,0.8307254910469055,0.6465149521827698
YLR006C,YPL087W,0,-3.4816697,0.11384015530347824,0.8307254910469055,0.6466571688652039
YOR148C,YIL147C,0,-3.4818745,0.1138179674744606,0.8307254910469055,0.6467994451522827
YER123W,YPL131W,0,-3.48199,0.11379579454660416,0.8307254910469055,0.6469416618347168
YDL147W,YPR186C,0,-3.4823225,0.11377362161874771,0.8307254910469055,0.6470839381217957
YOR127W,YDR302W,0,-3.4824898,0.11375146359205246,0.8307254910469055,0.6472261548042297
YOL045W,YHR001W-A,0,-3.48262,0.11372930556535721,0.8307254910469055,0.6473684310913086
YER088C,YDR331W,0,-3.4827163,0.11370716243982315,0.8307254910469055,0.6475106477737427
YOL097C,YGL087C,0,-3.4828317,0.11368502676486969,0.8307254910469055,0.6476529240608215
YCR091W,YLR130C,0,-3.4835784,0.11366290599107742,0.8307254910469055,0.6477951407432556
YGR156W,YJR007W,0,-3.484179,0.11364078521728516,0.8307254910469055,0.6479374170303345
YGR135W,YER015W,0,-3.4843657,0.11361867934465408,0.8307254910469055,0.6480796337127686
YPL174C,YOR270C,0,-3.484958,0.11359657347202301,0.8307254910469055,0.6482219099998474
YLR117C,YER155C,0,-3.4853313,0.11357448250055313,0.8307254910469055,0.6483641266822815
YPR049C,YLR313C,0,-3.485978,0.11355239897966385,0.8307254910469055,0.6485064029693604
YOL156W,YDR419W,0,-3.4862,0.11353032290935516,0.8307254910469055,0.6486486196517944
YIL049W,YBL008W,0,-3.4866068,0.11350826174020767,0.8307254910469055,0.6487908959388733
YJL191W,YLR409C,0,-3.4866307,0.11348620057106018,0.8307254910469055,0.6489331722259521
YHR008C,YIR015W,0,-3.4875638,0.11346415430307388,0.8307254910469055,0.6490753889083862
YPR030W,YCL052C,0,-3.4877584,0.11344211548566818,0.8307254910469055,0.6492176651954651
YPR056W,YGR123C,0,-3.4877803,0.11342008411884308,0.8307254910469055,0.6493598818778992
YPL046C,YBR135W,0,-3.4878614,0.11339806020259857,0.8307254910469055,0.649502158164978
YAL017W,YDL130W-A,0,-3.487914,0.11337604373693466,0.8307254910469055,0.6496443748474121
YBR155W,YLR396C,0,-3.4884079,0.11335403472185135,0.8307254910469055,0.649786651134491
YDR121W,YPR182W,0,-3.4885032,0.11333204060792923,0.8307254910469055,0.649928867816925
YPR182W,YJR017C,0,-3.4885561,0.11331005394458771,0.8307254910469055,0.6500711441040039
YGL070C,YOR316C,0,-3.488719,0.11328806728124619,0.8307254910469055,0.650213360786438
YNL149C,YAR003W,0,-3.489119,0.11326609551906586,0.8307254910469055,0.6503556370735168
YPR075C,YPL115C,0,-3.4891744,0.11324413120746613,0.8307254910469055,0.6504978537559509
YCL004W,YOR330C,0,-3.4903758,0.11322218179702759,0.8307254910469055,0.6506401300430298
YBR155W,YNL261W,0,-3.4905071,0.11320023238658905,0.8307254910469055,0.6507823467254639
YML080W,YNL111C,0,-3.4906313,0.1131782978773117,0.8307254910469055,0.6509246230125427
YGL127C,YLR141W,0,-3.4911366,0.11315636336803436,0.8307254910469055,0.6510668396949768
YBL030C,YER035W,0,-3.4914443,0.11313444375991821,0.8307254910469055,0.6512091159820557
YHR012W,YLR192C,0,-3.492009,0.11311253160238266,0.8307254910469055,0.6513513326644897
YDR463W,YOR116C,0,-3.4920213,0.1130906268954277,0.8307254910469055,0.6514936089515686
YNL207W,YOL051W,0,-3.4920876,0.11306872963905334,0.8307254910469055,0.6516358256340027
YCR081W,YJL154C,0,-3.4922085,0.11304684728384018,0.8307254910469055,0.6517781019210815
YPL139C,YLR234W,1,-3.4924383,0.11321850121021271,0.8321479558944702,0.6517781019210815
YNL222W,YCL004W,0,-3.4926805,0.11319659650325775,0.8321479558944702,0.6519203186035156
YDL047W,YPL253C,0,-3.4927206,0.1131746917963028,0.8321479558944702,0.6520625948905945
YOR005C,YGL173C,0,-3.492996,0.11315280199050903,0.8321479558944702,0.6522048115730286
YPL084W,YOR298C-A,0,-3.4930673,0.11313091963529587,0.8321479558944702,0.6523470878601074
YGR214W,YAL031C,0,-3.49311,0.1131090521812439,0.8321479558944702,0.6524893045425415
YJL029C,YPR049C,0,-3.4933364,0.11308718472719193,0.8321479558944702,0.6526315808296204
YDR302W,YMR227C,0,-3.493502,0.11306532472372055,0.8321479558944702,0.6527737975120544
YOL108C,YPL087W,0,-3.4935868,0.11304347962141037,0.8321479558944702,0.6529160737991333
YNL121C,YNL209W,0,-3.4937088,0.11302164196968079,0.8321479558944702,0.6530583500862122
YPL069C,YPR024W,0,-3.4938643,0.1129998043179512,0.8321479558944702,0.6532005667686462
YDL007W,YDR361C,0,-3.4942398,0.11297798156738281,0.8321479558944702,0.6533428430557251
YPR049C,YOR168W,0,-3.4942975,0.11295616626739502,0.8321479558944702,0.6534850597381592
YDR490C,YHR042W,0,-3.4943593,0.11293436586856842,0.8321479558944702,0.653627336025238
YHR175W,YAR003W,0,-3.4943876,0.11291256546974182,0.8321479558944702,0.6537695527076721
YHR164C,YML115C,0,-3.4956677,0.11289077252149582,0.8321479558944702,0.653911828994751
YPL001W,YLR409C,0,-3.4972758,0.11286899447441101,0.8321479558944702,0.6540540456771851
YHR067W,YGR188C,0,-3.4975111,0.1128472238779068,0.8321479558944702,0.6541963219642639
YOR256C,YDR244W,0,-3.4977527,0.11282546073198318,0.8321479558944702,0.654338538646698
YHR062C,YHR001W-A,0,-3.4977722,0.11280370503664017,0.8321479558944702,0.6544808149337769
YDL022W,YDL150W,0,-3.4984398,0.11278195679187775,0.8321479558944702,0.6546230316162109
YGR231C,YPR030W,0,-3.4990509,0.11276021599769592,0.8321479558944702,0.6547653079032898
YDR463W,YLR006C,0,-3.4990916,0.1127384826540947,0.8321479558944702,0.6549075245857239
YJR143C,YNL127W,0,-3.4993222,0.11271676421165466,0.8321479558944702,0.6550498008728027
YHR082C,YLR130C,0,-3.4996214,0.11269504576921463,0.8321479558944702,0.6551920175552368
YDR263C,YJR031C,0,-3.4997025,0.11267334222793579,0.8321479558944702,0.6553342938423157
YPR101W,YDR069C,0,-3.4997637,0.11265164613723755,0.8321479558944702,0.6554765105247498
YGR257C,YPR024W,0,-3.4999125,0.1126299574971199,0.8321479558944702,0.6556187868118286
YNL091W,YKL012W,0,-3.500138,0.11260827630758286,0.8321479558944702,0.6557610034942627
YHR069C,YEL032W,0,-3.5002577,0.1125866025686264,0.8321479558944702,0.6559032797813416
YNL218W,YJR049C,0,-3.5003724,0.11256494373083115,0.8321479558944702,0.6560454964637756
YGL122C,YBL103C,0,-3.5010095,0.11254328489303589,0.8321479558944702,0.6561877727508545
YEL027W,YLR438C-A,0,-3.5011375,0.11252164095640182,0.8321479558944702,0.6563299894332886
YOR290C,YDR235W,0,-3.5014534,0.11249999701976776,0.8321479558944702,0.6564722657203674
YOR279C,YLR384C,0,-3.5018923,0.11247836798429489,0.8321479558944702,0.6566144824028015
YML098W,YAL031C,0,-3.5028768,0.11245674639940262,0.8321479558944702,0.6567567586898804
YDR512C,YMR168C,0,-3.5029128,0.11243513226509094,0.8321479558944702,0.6568989753723145
YGR056W,YGR128C,0,-3.5029695,0.11241352558135986,0.8321479558944702,0.6570412516593933
YJR068W,YOR295W,0,-3.5033796,0.11239193379878998,0.8321479558944702,0.6571835279464722
YDR308C,YDR284C,0,-3.5035346,0.11237034201622009,0.8321479558944702,0.6573257446289062
YML091C,YGR003W,0,-3.5036795,0.1123487576842308,0.8321479558944702,0.6574680209159851
YOR168W,YOR386W,0,-3.5037925,0.11232718825340271,0.8321479558944702,0.6576102375984192
YBR276C,YDR235W,0,-3.503863,0.11230562627315521,0.8321479558944702,0.657752513885498
YIL106W,YAL059W,0,-3.5040996,0.11228407174348831,0.8321479558944702,0.6578947305679321
YLR370C,YPR052C,0,-3.504394,0.11226252466440201,0.8321479558944702,0.658037006855011
YOR208W,YLR337C,0,-3.5044053,0.1122409850358963,0.8321479558944702,0.6581792235374451
YPR113W,YDL150W,0,-3.5045393,0.11221945285797119,0.8321479558944702,0.6583214998245239
YOL158C,YJR017C,0,-3.5045424,0.11219792813062668,0.8321479558944702,0.658463716506958
YEL061C,YJR053W,0,-3.5046704,0.11217641085386276,0.8321479558944702,0.6586059927940369
YDR264C,YNL107W,0,-3.5047507,0.11215490847826004,0.8321479558944702,0.658748209476471
YNL127W,YNL273W,0,-3.504938,0.11213341355323792,0.8321479558944702,0.6588904857635498
YDL044C,YMR201C,0,-3.505036,0.11211191862821579,0.8321479558944702,0.6590327024459839
YLR043C,YJL154C,0,-3.5054572,0.11209043860435486,0.8321479558944702,0.6591749787330627
YBR112C,YDR118W,0,-3.5062077,0.11206896603107452,0.8321479558944702,0.6593171954154968
YKR042W,YOR272W,0,-3.5063512,0.11204750090837479,0.8321479558944702,0.6594594717025757
YNL048W,YDR361C,0,-3.5076592,0.11202604323625565,0.8321479558944702,0.6596016883850098
YMR030W,YDL212W,0,-3.5079277,0.1120045930147171,0.8321479558944702,0.6597439646720886
YDR527W,YDR147W,0,-3.5081663,0.11198315769433975,0.8321479558944702,0.6598861813545227
YNL307C,YNL088W,1,-3.5083628,0.11215311288833618,0.8335704207420349,0.6598861813545227
YOR005C,YER068W,0,-3.508497,0.11213164776563644,0.8335704207420349,0.6600284576416016
YGR214W,YNL147W,0,-3.508567,0.1121101975440979,0.8335704207420349,0.6601706743240356
YDR085C,YGL111W,0,-3.5087953,0.11208875477313995,0.8335704207420349,0.6603129506111145
YHR085W,YMR287C,0,-3.5089455,0.1120673194527626,0.8335704207420349,0.6604551672935486
YPR075C,YER026C,0,-3.509417,0.11204589158296585,0.8335704207420349,0.6605974435806274
YOL108C,YNL242W,0,-3.5099056,0.1120244711637497,0.8335704207420349,0.6607396602630615
YFL009W,YGR247W,1,-3.510524,0.11219418793916702,0.8349928855895996,0.6607396602630615
YNL130C,YOR119C,0,-3.5112379,0.11217275261878967,0.8349928855895996,0.6608819365501404
YGR170W,YDR045C,0,-3.5118458,0.11215131729841232,0.8349928855895996,0.6610241532325745
YOR193W,YDR512C,0,-3.5120165,0.11212989687919617,0.8349928855895996,0.6611664295196533
YCL025C,YHR150W,0,-3.5122368,0.11210847645998001,0.8349928855895996,0.6613087058067322
YLR310C,YKR079C,0,-3.5123432,0.11208707094192505,0.8349928855895996,0.6614509224891663
YOR026W,YML036W,0,-3.512357,0.11206567287445068,0.8349928855895996,0.6615931987762451
YAL035W,YPL253C,0,-3.5123851,0.11204428225755692,0.8349928855895996,0.6617354154586792
YBR273C,YMR250W,0,-3.5126321,0.11202289909124374,0.8349928855895996,0.6618776917457581
YHR073W,YBR273C,0,-3.5127466,0.11200152337551117,0.8349928855895996,0.6620199084281921
YNL093W,YER149C,0,-3.51317,0.11198016256093979,0.8349928855895996,0.662162184715271
YJL048C,YKL007W,0,-3.5132372,0.11195880174636841,0.8349928855895996,0.6623044013977051
YPR094W,YMR168C,0,-3.5135515,0.11193745583295822,0.8349928855895996,0.6624466776847839
YLR176C,YLR337C,0,-3.5136945,0.11191610991954803,0.8349928855895996,0.662588894367218
YGR214W,YDL020C,0,-3.5143244,0.11189477890729904,0.8349928855895996,0.6627311706542969
YMR127C,YJL183W,0,-3.514621,0.11187344789505005,0.8349928855895996,0.662873387336731
YLR016C,YDR398W,0,-3.5146422,0.11185213178396225,0.8349928855895996,0.6630156636238098
YPL253C,YNL214W,0,-3.5148895,0.11183082312345505,0.8349928855895996,0.6631578803062439
YDL216C,YNL214W,0,-3.5151289,0.11180952191352844,0.8349928855895996,0.6633001565933228
YLR052W,YBR182C,0,-3.5151527,0.11178822815418243,0.8349928855895996,0.6634423732757568
YDR079C-A,YML115C,0,-3.5152526,0.11176694929599762,0.8349928855895996,0.6635846495628357
YDR331W,YDR045C,0,-3.51532,0.1117456704378128,0.8349928855895996,0.6637268662452698
YPR075C,YGL133W,0,-3.5154746,0.11172439903020859,0.8349928855895996,0.6638691425323486
YOR122C,YMR025W,0,-3.515806,0.11170314252376556,0.8349928855895996,0.6640113592147827
YDR384C,YLR438C-A,0,-3.5159967,0.11168188601732254,0.8349928855895996,0.6641536355018616
YIL132C,YGL158W,1,-3.5161157,0.11185086518526077,0.8364153504371643,0.6641536355018616
YGR048W,YEL065W,0,-3.5162287,0.11182959377765656,0.8364153504371643,0.6642958521842957
YIL049W,YLL003W,0,-3.5166447,0.11180832982063293,0.8364153504371643,0.6644381284713745
YFL009W,YJL074C,1,-3.5172908,0.11197718977928162,0.837837815284729,0.6644381284713745
YDR322C-A,YER149C,0,-3.517354,0.1119559034705162,0.837837815284729,0.6645803451538086
YOR229W,YPL194W,1,-3.5176065,0.11212466657161713,0.8392603397369385,0.6645803451538086
YOL121C,YNL093W,0,-3.5177307,0.11210336536169052,0.8392603397369385,0.6647226214408875
YDL020C,YDR379W,0,-3.5181382,0.11208206415176392,0.8392603397369385,0.6648648381233215
YKL148C,YGR002C,0,-3.5183337,0.1120607778429985,0.8392603397369385,0.6650071144104004
YPR021C,YOR132W,0,-3.5183501,0.11203949898481369,0.8392603397369385,0.6651493310928345
YOR039W,YNR072W,0,-3.5183744,0.11201822757720947,0.8392603397369385,0.6652916073799133
YMR268C,YGR239C,0,-3.51838,0.11199696362018585,0.8392603397369385,0.6654338836669922
YLR430W,YDR484W,0,-3.518613,0.11197570711374283,0.8392603397369385,0.6655761003494263
YDR039C,YJR017C,0,-3.5198743,0.1119544580578804,0.8392603397369385,0.6657183766365051
YJL074C,YIR026C,1,-3.5200398,0.11212293803691864,0.8406828045845032,0.6657183766365051
YKL129C,YPL178W,0,-3.520284,0.11210166662931442,0.8406828045845032,0.6658605933189392
YPL046C,YJL012C,0,-3.5203001,0.1120804101228714,0.8406828045845032,0.6660028696060181
YDR432W,YCR093W,0,-3.5206685,0.11205916106700897,0.8406828045845032,0.6661450862884521
YJL074C,YER173W,1,-3.5209281,0.11222748458385468,0.8421052694320679,0.6661450862884521
YGR188C,YGR278W,0,-3.520985,0.11220621317625046,0.8421052694320679,0.666287362575531
YHR012W,YOR316C,0,-3.5210388,0.11218495666980743,0.8421052694320679,0.6664295792579651
YGL175C,YGR225W,1,-3.5211387,0.11235316097736359,0.8435277342796326,0.6664295792579651
YNL182C,YNL218W,0,-3.5212204,0.11233188211917877,0.8435277342796326,0.666571855545044
YDR153C,YNL126W,0,-3.5213916,0.11231060326099396,0.8435277342796326,0.666714072227478
YDR308C,YPL075W,0,-3.5215256,0.11228933930397034,0.8435277342796326,0.6668563485145569
YOL108C,YNL214W,0,-3.5222428,0.11226808279752731,0.8435277342796326,0.666998565196991
YNL299W,YLR438C-A,0,-3.5222685,0.11224682629108429,0.8435277342796326,0.6671408414840698
YER123W,YDR045C,0,-3.5224545,0.11222558468580246,0.8435277342796326,0.6672830581665039
YKL117W,YAR003W,0,-3.523291,0.11220435053110123,0.8435277342796326,0.6674253344535828
YDR231C,YML021C,0,-3.5233366,0.11218312382698059,0.8435277342796326,0.6675675511360168
YHR019C,YOR157C,0,-3.523432,0.11216190457344055,0.8435277342796326,0.6677098274230957
YLR191W,YOR005C,0,-3.5239387,0.11214069277048111,0.8435277342796326,0.6678520441055298
YOL108C,YDL231C,0,-3.5244944,0.11211949586868286,0.8435277342796326,0.6679943203926086
YAL051W,YFR009W,0,-3.5250604,0.11209829896688461,0.8435277342796326,0.6681365370750427
YJL128C,YMR068W,0,-3.525177,0.11207710951566696,0.8435277342796326,0.6682788133621216
YHR008C,YPR005C,0,-3.5254805,0.1120559349656105,0.8435277342796326,0.6684210300445557
YBR199W,YLR052W,0,-3.5257988,0.11203476041555405,0.8435277342796326,0.6685633063316345
YEL027W,YGR077C,0,-3.5258002,0.11201360076665878,0.8435277342796326,0.6687055230140686
YGR003W,YJL014W,0,-3.5259037,0.11199244856834412,0.8435277342796326,0.6688477993011475
YBR015C,YNL007C,0,-3.5259793,0.11197129637002945,0.8435277342796326,0.6689900159835815
YDR211W,YKL053C-A,0,-3.5260103,0.11195015907287598,0.8435277342796326,0.6691322922706604
YPR034W,YDR359C,0,-3.5260987,0.1119290292263031,0.8435277342796326,0.6692745089530945
YBR098W,YIR025W,1,-3.5262258,0.1120966225862503,0.8449501991271973,0.6692745089530945
YNL307C,YLR248W,1,-3.527198,0.11226414889097214,0.846372663974762,0.6692745089530945
YOR334W,YMR091C,0,-3.5272224,0.11224297434091568,0.846372663974762,0.6694167852401733
YFL009W,YPL194W,1,-3.527252,0.11241041123867035,0.8477951884269714,0.6694167852401733
YIL023C,YNL106C,0,-3.5276034,0.1123892143368721,0.8477951884269714,0.6695590615272522
YLL003W,YBR257W,0,-3.5281332,0.11236802488565445,0.8477951884269714,0.6697012782096863
YOR319W,YML094W,0,-3.5281794,0.1123468428850174,0.8477951884269714,0.6698435544967651
YNL242W,YKR025W,0,-3.5283034,0.11232566833496094,0.8477951884269714,0.6699857711791992
YBR273C,YMR162C,0,-3.5285375,0.11230450123548508,0.8477951884269714,0.6701280474662781
YDR265W,YNR023W,0,-3.5287738,0.11228334903717041,0.8477951884269714,0.6702702641487122
YDR436W,YJL048C,0,-3.5292947,0.11226219683885574,0.8477951884269714,0.670412540435791
YOR386W,YGL003C,0,-3.5293272,0.11224105209112167,0.8477951884269714,0.6705547571182251
YNR054C,YGR056W,0,-3.5294871,0.1122199222445488,0.8477951884269714,0.670697033405304
YCR065W,YGL173C,0,-3.530261,0.11219879239797592,0.8477951884269714,0.670839250087738
YMR162C,YDR484W,0,-3.5306766,0.11217767745256424,0.8477951884269714,0.6709815263748169
YBL025W,YHR150W,0,-3.5307233,0.11215656995773315,0.8477951884269714,0.671123743057251
YPL194W,YIR025W,1,-3.5307548,0.11232361197471619,0.8492176532745361,0.671123743057251
YAL051W,YDR284C,0,-3.5307896,0.11230248212814331,0.8492176532745361,0.6712660193443298
YOR026W,YOR308C,0,-3.530994,0.11228135973215103,0.8492176532745361,0.6714082360267639
YKL126W,YER120W,0,-3.5310023,0.11226024478673935,0.8492176532745361,0.6715505123138428
YDR436W,YAR003W,0,-3.5321987,0.11223914474248886,0.8492176532745361,0.6716927289962769
YML069W,YOR204W,0,-3.5322008,0.11221804469823837,0.8492176532745361,0.6718350052833557
YDL020C,YBR065C,0,-3.5324543,0.11219695210456848,0.8492176532745361,0.6719772219657898
YHR031C,YNL218W,0,-3.5324721,0.11217587441205978,0.8492176532745361,0.6721194982528687
YLR248W,YOL090W,1,-3.5332615,0.11234266310930252,0.8506401181221008,0.6721194982528687
YOR256C,YKR025W,0,-3.5333889,0.11232156306505203,0.8506401181221008,0.6722617149353027
YML129C,YDL212W,0,-3.5333962,0.11230047047138214,0.8506401181221008,0.6724039912223816
YDR212W,YHR001W-A,0,-3.5335002,0.11227938532829285,0.8506401181221008,0.6725462079048157
YBL103C,YPL262W,0,-3.53356,0.11225830763578415,0.8506401181221008,0.6726884841918945
YOR079C,YMR227C,0,-3.5338016,0.11223723739385605,0.8506401181221008,0.6728307008743286
YOL028C,YFR005C,0,-3.5342796,0.11221617460250854,0.8506401181221008,0.6729729771614075
YER120W,YHR205W,0,-3.534294,0.11219511926174164,0.8506401181221008,0.6731151938438416
YCR002C,YBR135W,0,-3.5343487,0.11217407882213593,0.8506401181221008,0.6732574701309204
YLR214W,YNL036W,0,-3.5346642,0.11215303838253021,0.8506401181221008,0.6733996868133545
YHR082C,YNL267W,0,-3.5347884,0.1121320053935051,0.8506401181221008,0.6735419631004333
YGL194C,YPL194W,1,-3.535041,0.11229846626520157,0.8520625829696655,0.6735419631004333
YDR503C,YDR216W,0,-3.5352764,0.11227741092443466,0.8520625829696655,0.6736842393875122
YPR030W,YPR005C,0,-3.53534,0.11225637048482895,0.8520625829696655,0.6738264560699463
YDL188C,YDL043C,0,-3.5354984,0.11223533749580383,0.8520625829696655,0.6739687323570251
YJL080C,YCR010C,1,-3.5357373,0.11240164935588837,0.8534850478172302,0.6739687323570251
YNR052C,YMR239C,0,-3.5357573,0.11238059401512146,0.8534850478172302,0.6741109490394592
YNL135C,YAL031C,0,-3.5358253,0.11235955357551575,0.8534850478172302,0.6742532253265381
YOR079C,YLR313C,0,-3.5363595,0.11233851313591003,0.8534850478172302,0.6743954420089722
YGR040W,YML102W,0,-3.5364187,0.11231748759746552,0.8534850478172302,0.674537718296051
YOR193W,YNL126W,0,-3.5365791,0.112296462059021,0.8534850478172302,0.6746799349784851
YBL046W,YPR164W,0,-3.5366483,0.11227545142173767,0.8534850478172302,0.674822211265564
YKL140W,YDL143W,0,-3.5367813,0.11225444078445435,0.8534850478172302,0.674964427947998
YDL115C,YNL088W,1,-3.5370395,0.11242049932479858,0.8549075126647949,0.674964427947998
YGL111W,YPL161C,0,-3.537653,0.11239947378635406,0.8549075126647949,0.6751067042350769
YHR148W,YLR117C,0,-3.5379906,0.11237845569849014,0.8549075126647949,0.675248920917511
YNL088W,YDL154W,1,-3.5380194,0.11254440248012543,0.8563300371170044,0.675248920917511
YPR056W,YGR089W,0,-3.5381303,0.11252336204051971,0.8563300371170044,0.6753911972045898
YBL046W,YPR094W,0,-3.538204,0.1125023365020752,0.8563300371170044,0.6755334138870239
YDL130W-A,YKL007W,0,-3.53827,0.11248131841421127,0.8563300371170044,0.6756756901741028
YNL283C,YKL049C,0,-3.5383632,0.11246030032634735,0.8563300371170044,0.6758179068565369
YNL106C,YDL097C,0,-3.538379,0.11243929713964462,0.8563300371170044,0.6759601831436157
YPL233W,YCR093W,0,-3.5387921,0.11241830140352249,0.8563300371170044,0.6761023998260498
YHR129C,YPR186C,0,-3.5390446,0.11239731311798096,0.8563300371170044,0.6762446761131287
YKR042W,YDR394W,0,-3.5391324,0.11237633228302002,0.8563300371170044,0.6763868927955627
YOR245C,YOR319W,0,-3.5395372,0.11235535889863968,0.8563300371170044,0.6765291690826416
YDR456W,YDR361C,0,-3.5397122,0.11233439296483994,0.8563300371170044,0.6766713857650757
YKL148C,YOR317W,0,-3.5399692,0.11231343448162079,0.8563300371170044,0.6768136620521545
YLR052W,YBR065C,0,-3.5407207,0.11229248344898224,0.8563300371170044,0.6769558787345886
YPL161C,YGR278W,0,-3.5408962,0.11227153986692429,0.8563300371170044,0.6770981550216675
YDR318W,YML102W,0,-3.5410903,0.11225060373544693,0.8563300371170044,0.6772403717041016
YLR248W,YDL154W,1,-3.541602,0.112416110932827,0.8577525019645691,0.6772403717041016
YBR112C,YGL012W,0,-3.5416653,0.11239515244960785,0.8577525019645691,0.6773826479911804
YDL231C,YIR033W,0,-3.5422404,0.1123742088675499,0.8577525019645691,0.6775248646736145
YPR024W,YDL216C,0,-3.5422738,0.11235327273607254,0.8577525019645691,0.6776671409606934
YEL042W,YGR077C,0,-3.5426075,0.11233233660459518,0.8577525019645691,0.6778094172477722
YDL020C,YIL147C,0,-3.5432103,0.11231141537427902,0.8577525019645691,0.6779516339302063
YKR087C,YPL178W,0,-3.543393,0.11229050159454346,0.8577525019645691,0.6780939102172852
YPR049C,YJL111W,0,-3.5434463,0.11226959526538849,0.8577525019645691,0.6782361268997192
YDR263C,YJR082C,0,-3.5437284,0.11224869638681412,0.8577525019645691,0.6783784031867981
YPL091W,YOL045W,0,-3.5439723,0.11222780495882034,0.8577525019645691,0.6785206198692322
YOR319W,YPL087W,0,-3.5440915,0.11220692098140717,0.8577525019645691,0.678662896156311
YDR449C,YHR008C,0,-3.5441656,0.11218604445457458,0.8577525019645691,0.6788051128387451
YIL017C,YGR072W,0,-3.544204,0.1121651753783226,0.8577525019645691,0.678947389125824
YHR152W,YCR092C,1,-3.5442095,0.11233029514551163,0.8591749668121338,0.678947389125824
YKR042W,YDL150W,0,-3.5443423,0.11230941116809845,0.8591749668121338,0.6790896058082581
YCR065W,YDL015C,0,-3.544439,0.11228852719068527,0.8591749668121338,0.6792318820953369
YCR081W,YNL021W,0,-3.5445178,0.11226765811443329,0.8591749668121338,0.679374098777771
YJR108W,YMR117C,0,-3.5445778,0.1122467964887619,0.8591749668121338,0.6795163750648499
YPL139C,YOL090W,1,-3.545064,0.1124117448925972,0.8605974316596985,0.6795163750648499
YHR008C,YIR033W,0,-3.5453808,0.11239086091518402,0.8605974316596985,0.6796585917472839
YMR091C,YOR100C,0,-3.5457935,0.11236998438835144,0.8605974316596985,0.6798008680343628
YJL074C,YOR073W,1,-3.5465815,0.11253482103347778,0.8620198965072632,0.6798008680343628
YOR204W,YHR073W,0,-3.5468194,0.11251392215490341,0.8620198965072632,0.6799430847167969
YPR016C,YGR056W,0,-3.5471804,0.11249303817749023,0.8620198965072632,0.6800853610038757
YDL231C,YGR103W,0,-3.5471938,0.11247216165065765,0.8620198965072632,0.6802275776863098
YIL034C,YDR422C,0,-3.5479662,0.11245129257440567,0.8620198965072632,0.6803698539733887
YLR191W,YGL227W,0,-3.5480735,0.11243042349815369,0.8620198965072632,0.6805120706558228
YJL074C,YCR092C,1,-3.5484188,0.11259506642818451,0.8634423613548279,0.6805120706558228
YOL097C,YKL117W,0,-3.5486271,0.11257418245077133,0.8634423613548279,0.6806543469429016
YCR081W,YNL222W,0,-3.5489504,0.11255331337451935,0.8634423613548279,0.6807965636253357
YBL103C,YOR295W,0,-3.5491836,0.11253244429826736,0.8634423613548279,0.6809388399124146
YOR116C,YBR009C,0,-3.549565,0.11251158267259598,0.8634423613548279,0.6810810565948486
YOR245C,YDL197C,0,-3.5496995,0.11249073594808578,0.8634423613548279,0.6812233328819275
YNL242W,YBR273C,0,-3.5500073,0.11246988922357559,0.8634423613548279,0.6813655495643616
YPR034W,YDL164C,0,-3.5500367,0.11244905740022659,0.8634423613548279,0.6815078258514404
YKL058W,YBL093C,0,-3.5501292,0.1124282255768776,0.8634423613548279,0.6816500425338745
YDR359C,YBR015C,0,-3.5503669,0.11240740865468979,0.8634423613548279,0.6817923188209534
YDR512C,YPL119C,0,-3.55052,0.11238659173250198,0.8634423613548279,0.6819345951080322
YLR319C,YDR404C,0,-3.5505567,0.11236578971147537,0.8634423613548279,0.6820768117904663
YEL032W,YDR212W,0,-3.5505948,0.11234499514102936,0.8634423613548279,0.6822190880775452
YGR170W,YGR040W,0,-3.5514214,0.11232420057058334,0.8634423613548279,0.6823613047599792
YKL148C,YIR015W,0,-3.5515802,0.11230342090129852,0.8634423613548279,0.6825035810470581
YDR087C,YBR036C,0,-3.5516903,0.1122826486825943,0.8634423613548279,0.6826457977294922
YPR075C,YDR456W,0,-3.5517757,0.11226188391447067,0.8634423613548279,0.682788074016571
YLR135W,YDL052C,0,-3.552102,0.11224112659692764,0.8634423613548279,0.6829302906990051
YPL139C,YPL194W,1,-3.5521271,0.11240524798631668,0.8648648858070374,0.6829302906990051
YDR163W,YDR045C,0,-3.5526173,0.11238447576761246,0.8648648858070374,0.683072566986084
YCR092C,YBL009W,1,-3.552729,0.11254851520061493,0.866287350654602,0.683072566986084
YML110C,YAL051W,0,-3.5531352,0.11252771317958832,0.866287350654602,0.6832147836685181
YOR290C,YOR034C,0,-3.5533395,0.1125069260597229,0.866287350654602,0.6833570599555969
YDL007W,YNL218W,0,-3.5536997,0.11248614639043808,0.866287350654602,0.683499276638031
YNR023W,YLR006C,0,-3.553868,0.11246537417173386,0.866287350654602,0.6836415529251099
YGL003C,YPL178W,0,-3.5543544,0.11244460940361023,0.866287350654602,0.683783769607544
YKR035W-A,YPL115C,0,-3.554413,0.1124238520860672,0.866287350654602,0.6839260458946228
YGL233W,YML015C,0,-3.55454,0.11240310221910477,0.866287350654602,0.6840682625770569
YPL046C,YGR188C,0,-3.5545833,0.11238235980272293,0.866287350654602,0.6842105388641357
YLR324W,YGL053W,0,-3.5548842,0.11236162483692169,0.866287350654602,0.6843527555465698
YHR085W,YPL140C,0,-3.5549617,0.11234089732170105,0.866287350654602,0.6844950318336487
YPR056W,YOL124C,0,-3.5552175,0.112320177257061,0.866287350654602,0.6846372485160828
YDR453C,YNL209W,0,-3.5554955,0.11229946464300156,0.866287350654602,0.6847795248031616
YPR094W,YPL053C,0,-3.555497,0.1122787594795227,0.866287350654602,0.6849217414855957
YPR075C,YGL053W,0,-3.5555375,0.11225806176662445,0.866287350654602,0.6850640177726746
YOL097C,YGR254W,0,-3.5564022,0.11223737895488739,0.866287350654602,0.6852062344551086
YDL047W,YGR128C,0,-3.5569575,0.11221669614315033,0.866287350654602,0.6853485107421875
YOL089C,YDL170W,0,-3.5570717,0.11219602078199387,0.866287350654602,0.6854907274246216
YDR211W,YOR156C,0,-3.557099,0.112175352871418,0.866287350654602,0.6856330037117004
YNR023W,YDL164C,0,-3.5578592,0.11215469241142273,0.866287350654602,0.6857752203941345
YDL007W,YLR055C,0,-3.5578687,0.11213404685258865,0.866287350654602,0.6859174966812134
YJL087C,YOR056C,0,-3.5580707,0.11211340129375458,0.866287350654602,0.6860597729682922
YBR199W,YDR308C,0,-3.558132,0.1120927631855011,0.866287350654602,0.6862019896507263
YPR021C,YER109C,0,-3.5583432,0.11207213997840881,0.866287350654602,0.6863442659378052
YOR334W,YGL133W,0,-3.558364,0.11205151677131653,0.866287350654602,0.6864864826202393
YHR174W,YDR297W,0,-3.5591507,0.11203090846538544,0.866287350654602,0.6866287589073181
YKL008C,YBR118W,0,-3.559378,0.11201030015945435,0.866287350654602,0.6867709755897522
YDR379W,YMR162C,0,-3.559432,0.11198969930410385,0.866287350654602,0.686913251876831
YHL022C,YPL121C,1,-3.5602996,0.11215297132730484,0.8677098155021667,0.686913251876831
YNL197C,YER149C,0,-3.5604744,0.11213235557079315,0.8677098155021667,0.6870554685592651
YPR057W,YLR438C-A,0,-3.5608742,0.11211174726486206,0.8677098155021667,0.687197744846344
YIR002C,YJL014W,0,-3.5618184,0.11209114640951157,0.8677098155021667,0.6873399615287781
YOR156C,YJR082C,0,-3.562009,0.11207055300474167,0.8677098155021667,0.6874822378158569
YPL069C,YBR276C,0,-3.562341,0.11204995959997177,0.8677098155021667,0.687624454498291
YNL307C,YFL009W,1,-3.5624835,0.11221303790807724,0.8691322803497314,0.687624454498291
YPL119C,YGR007W,0,-3.562496,0.11219243705272675,0.8691322803497314,0.6877667307853699
YDL020C,YLR396C,0,-3.5631878,0.11217183619737625,0.8691322803497314,0.687908947467804
YMR149W,YLR438C-A,0,-3.563391,0.11215125024318695,0.8691322803497314,0.6880512237548828
YMR298W,YDR379W,0,-3.563423,0.11213066428899765,0.8691322803497314,0.6881934404373169
YDR527W,YNL036W,0,-3.5641735,0.11211009323596954,0.8691322803497314,0.6883357167243958
YDL135C,YLR221C,0,-3.5642126,0.11208952218294144,0.8691322803497314,0.6884779334068298
YNL172W,YMR302C,0,-3.5642564,0.11206896603107452,0.8691322803497314,0.6886202096939087
YKL117W,YCL025C,0,-3.5645401,0.11204841732978821,0.8691322803497314,0.6887624263763428
YOL088C,YKL166C,0,-3.564565,0.11202786862850189,0.8691322803497314,0.6889047026634216
YJR049C,YKL051W,0,-3.5654309,0.11200733482837677,0.8691322803497314,0.6890469193458557
YBR250W,YPL194W,1,-3.5658004,0.11217008531093597,0.8705547451972961,0.6890469193458557
YKR050W,YOR144C,0,-3.5660594,0.11214952915906906,0.8705547451972961,0.6891891956329346
YHL007C,YDR384C,0,-3.5664475,0.11212898790836334,0.8705547451972961,0.6893314123153687
YGR170W,YJL012C,0,-3.5665178,0.11210844665765762,0.8705547451972961,0.6894736886024475
YMR080C,YER015W,0,-3.5665305,0.1120879128575325,0.8705547451972961,0.6896159052848816
YPL057C,YPR181C,0,-3.5665398,0.11206738650798798,0.8705547451972961,0.6897581815719604
YER161C,YDL200C,0,-3.5666177,0.11204686760902405,0.8705547451972961,0.6899003982543945
YLR324W,YHR066W,0,-3.5671117,0.11202635616064072,0.8705547451972961,0.6900426745414734
YCR093W,YFR005C,0,-3.5675805,0.11200585961341858,0.8705547451972961,0.6901849508285522
YCL004W,YJL090C,0,-3.5679538,0.11198536306619644,0.8705547451972961,0.6903271675109863
YOR073W,YBL009W,1,-3.5680225,0.11214782297611237,0.8719772696495056,0.6903271675109863
YDR075W,YPR135W,0,-3.5682192,0.11212731152772903,0.8719772696495056,0.6904694437980652
YLR384C,YLR130C,0,-3.5685577,0.1121068000793457,0.8719772696495056,0.6906116604804993
YOR239W,YDR490C,0,-3.568751,0.11208630353212357,0.8719772696495056,0.6907539367675781
YGR159C,YDR385W,0,-3.569023,0.11206581443548203,0.8719772696495056,0.6908961534500122
YKR061W,YML034W,0,-3.5692546,0.11204533278942108,0.8719772696495056,0.6910384297370911
YNL182C,YDR302W,0,-3.5693638,0.11202485114336014,0.8719772696495056,0.6911806464195251
YCR081W,YDR163W,0,-3.5698588,0.11200438439846039,0.8719772696495056,0.691322922706604
YER042W,YPR113W,0,-3.570452,0.11198392510414124,0.8719772696495056,0.6914651393890381
YDR059C,YNL039W,0,-3.570687,0.11196347326040268,0.8719772696495056,0.6916074156761169
YMR138W,YOR058C,0,-3.570813,0.11194302141666412,0.8719772696495056,0.691749632358551
YIL154C,YJL048C,0,-3.5708168,0.11192258447408676,0.8719772696495056,0.6918919086456299
YDR075W,YML034W,0,-3.571014,0.11190215498209,0.8719772696495056,0.692034125328064
YOL028C,YGR072W,0,-3.5710485,0.11188173294067383,0.8719772696495056,0.6921764016151428
YDL017W,YBL052C,0,-3.5711439,0.11186131089925766,0.8719772696495056,0.6923186182975769
YNL091W,YOR295W,0,-3.5714314,0.11184090375900269,0.8719772696495056,0.6924608945846558
YDL164C,YPR181C,0,-3.571695,0.11182050406932831,0.8719772696495056,0.6926031112670898
YLR055C,YDR212W,0,-3.5718346,0.11180011183023453,0.8719772696495056,0.6927453875541687
YPR086W,YKL081W,0,-3.5719483,0.11177971959114075,0.8719772696495056,0.6928876042366028
YER109C,YOR008C,0,-3.571954,0.11175934225320816,0.8719772696495056,0.6930298805236816
YOR004W,YOR209C,0,-3.572319,0.11173897236585617,0.8719772696495056,0.6931720972061157
YJL207C,YDR331W,0,-3.5723786,0.11171860992908478,0.8719772696495056,0.6933143734931946
YIL139C,YNL298W,0,-3.5724182,0.11169824749231339,0.8719772696495056,0.6934565901756287
YBR098W,YDL154W,1,-3.572684,0.11186008155345917,0.8733997344970703,0.6934565901756287
YGR095C,YHR001W-A,0,-3.5727732,0.11183971166610718,0.8733997344970703,0.6935988664627075
YDR385W,YDL004W,0,-3.572894,0.11181934177875519,0.8733997344970703,0.6937410831451416
YER028C,YPL161C,0,-3.5732937,0.1117989793419838,0.8733997344970703,0.6938833594322205
YNL221C,YIR015W,0,-3.5734606,0.111778624355793,0.8733997344970703,0.6940255761146545
YOR060C,YBR010W,0,-3.5737813,0.1117582842707634,0.8733997344970703,0.6941678524017334
YKR035W-A,YML015C,0,-3.5739558,0.1117379441857338,0.8733997344970703,0.6943101286888123
YOR204W,YKL058W,0,-3.5743573,0.11171761155128479,0.8733997344970703,0.6944523453712463
YPL139C,YOR229W,1,-3.5752132,0.11187920719385147,0.874822199344635,0.6944523453712463
YMR235C,YOR157C,0,-3.5754762,0.11185885965824127,0.874822199344635,0.6945946216583252
YOR026W,YGL205W,0,-3.5756323,0.11183851957321167,0.874822199344635,0.6947368383407593
YNL182C,YLR324W,0,-3.5757253,0.11181817948818207,0.874822199344635,0.6948791146278381
YDR168W,YOR156C,0,-3.575825,0.11179785430431366,0.874822199344635,0.6950213313102722
YBR010W,YLR130C,0,-3.5759642,0.11177753657102585,0.874822199344635,0.6951636075973511
YPL160W,YOR377W,0,-3.5761158,0.11175722628831863,0.874822199344635,0.6953058242797852
YDR118W,YFR009W,0,-3.5762215,0.11173691600561142,0.874822199344635,0.695448100566864
YNL068C,YOR279C,0,-3.5762515,0.1117166206240654,0.874822199344635,0.6955903172492981
YDR264C,YDR404C,0,-3.5768762,0.11169633269309998,0.874822199344635,0.695732593536377
YDR120C,YGL173C,0,-3.5771482,0.11167605221271515,0.874822199344635,0.695874810218811
YHR069C,YKL018W,0,-3.5777462,0.11165577173233032,0.874822199344635,0.6960170865058899
YOR290C,YLR130C,0,-3.577823,0.11163550615310669,0.874822199344635,0.696159303188324
YLR138W,YGR183C,0,-3.577946,0.11161524802446365,0.874822199344635,0.6963015794754028
YHR008C,YDR163W,0,-3.5780003,0.11159498989582062,0.874822199344635,0.6964437961578369
YMR080C,YGR183C,0,-3.578072,0.11157474666833878,0.874822199344635,0.6965860724449158
YDR318W,YDR289C,0,-3.5782712,0.11155451089143753,0.874822199344635,0.6967282891273499
YOL121C,YHR107C,0,-3.5787175,0.11153427511453629,0.874822199344635,0.6968705654144287
YGR170W,YMR125W,0,-3.5788407,0.11151405423879623,0.874822199344635,0.6970127820968628
YNL173C,YGR156W,0,-3.5790021,0.11149383336305618,0.874822199344635,0.6971550583839417
YOR039W,YFL031W,0,-3.5793817,0.11147362738847733,0.874822199344635,0.6972972750663757
YPL139C,YBL009W,1,-3.5797498,0.11163464933633804,0.8762446641921997,0.6972972750663757
YFR050C,YKL085W,0,-3.579855,0.1116144210100174,0.8762446641921997,0.6974395513534546
YOL060C,YHR165C,0,-3.5799472,0.11159420013427734,0.8762446641921997,0.6975817680358887
YDL043C,YGR218W,0,-3.5800884,0.11157398670911789,0.8762446641921997,0.6977240443229675
YKL129C,YPL053C,0,-3.5801528,0.11155378818511963,0.8762446641921997,0.6978662610054016
YPR056W,YOR208W,0,-3.5802681,0.11153358966112137,0.8762446641921997,0.6980085372924805
YOR245C,YDL235C,0,-3.580692,0.1115133985877037,0.8762446641921997,0.6981507539749146
YNL139C,YDR235W,0,-3.580844,0.11149321496486664,0.8762446641921997,0.6982930302619934
YGL111W,YDR284C,0,-3.5808442,0.11147303879261017,0.8762446641921997,0.6984353065490723
YDR331W,YDR490C,0,-3.5809677,0.1114528700709343,0.8762446641921997,0.6985775232315063
YMR227C,YIR015W,0,-3.581097,0.11143270879983902,0.8762446641921997,0.6987197995185852
YFR050C,YDR318W,0,-3.5814655,0.11141255497932434,0.8762446641921997,0.6988620162010193
YDL004W,YOR295W,0,-3.581642,0.11139240860939026,0.8762446641921997,0.6990042924880981
YKR035W-A,YDL043C,0,-3.5819228,0.11137226223945618,0.8762446641921997,0.6991465091705322
YGR159C,YDL212W,0,-3.5821235,0.11135213077068329,0.8762446641921997,0.6992887854576111
YJR108W,YJL012C,0,-3.5823689,0.111332006752491,0.8762446641921997,0.6994310021400452
YOR334W,YFL002C,0,-3.5823843,0.1113118901848793,0.8762446641921997,0.699573278427124
YMR030W,YGL012W,0,-3.58242,0.1112917810678482,0.8762446641921997,0.6997154951095581
YOL088C,YPL137C,0,-3.58265,0.1112716794013977,0.8762446641921997,0.699857771396637
YJR143C,YIL106W,0,-3.582659,0.1112515777349472,0.8762446641921997,0.699999988079071
YDR359C,YDR512C,0,-3.582852,0.1112314909696579,0.8762446641921997,0.7001422643661499
YGL127C,YNR052C,0,-3.5838387,0.11121141165494919,0.8762446641921997,0.700284481048584
YDR392W,YLL011W,0,-3.5839028,0.11119133234024048,0.8762446641921997,0.7004267573356628
YGL127C,YDR059C,0,-3.5841858,0.11117126792669296,0.8762446641921997,0.7005689740180969
YPL115C,YOR295W,0,-3.5846634,0.11115121096372604,0.8762446641921997,0.7007112503051758
YHR114W,YOR122C,0,-3.5850642,0.11113115400075912,0.8762446641921997,0.7008534669876099
YIL139C,YGL044C,0,-3.5860467,0.1111111119389534,0.8762446641921997,0.7009957432746887
YDL047W,YML094W,0,-3.5861256,0.11109106987714767,0.8762446641921997,0.7011379599571228
YJL080C,YIR025W,1,-3.586167,0.1112513542175293,0.8776671290397644,0.7011379599571228
YHR165C,YOL016C,0,-3.5877306,0.11123129725456238,0.8776671290397644,0.7012802362442017
YIL132C,YNL088W,1,-3.5879223,0.11139149218797684,0.8790895938873291,0.7012802362442017
YML023C,YJL006C,0,-3.5879273,0.11137142032384872,0.8790895938873291,0.7014224529266357
YDL017W,YDL197C,0,-3.5881183,0.11135134845972061,0.8790895938873291,0.7015647292137146
YNL048W,YPR042C,0,-3.58828,0.11133129149675369,0.8790895938873291,0.7017069458961487
YDL004W,YDR216W,0,-3.5883417,0.11131124198436737,0.8790895938873291,0.7018492221832275
YPR030W,YOR034C,0,-3.588657,0.11129119247198105,0.8790895938873291,0.7019914388656616
YHR114W,YIL106W,0,-3.5886776,0.11127115786075592,0.8790895938873291,0.7021337151527405
YML019W,YOL021C,0,-3.5887203,0.11125112324953079,0.8790895938873291,0.7022759318351746
YLL034C,YEL054C,0,-3.58874,0.11123110353946686,0.8790895938873291,0.7024182081222534
YNL048W,YMR227C,0,-3.589511,0.11121108382940292,0.8790895938873291,0.7025604844093323
YOR079C,YOR316C,0,-3.5896628,0.11119107902050018,0.8790895938873291,0.7027027010917664
YMR025W,YDL150W,0,-3.5898898,0.11117107421159744,0.8790895938873291,0.7028449773788452
YDR436W,YPL153C,0,-3.590719,0.1111510768532753,0.8790895938873291,0.7029871940612793
YKR035W-A,YPR101W,0,-3.5910008,0.11113109439611435,0.8790895938873291,0.7031294703483582
YKL085W,YGL133W,0,-3.591162,0.1111111119389534,0.8790895938873291,0.7032716870307922
YMR092C,YPR094W,0,-3.5914724,0.11109113693237305,0.8790895938873291,0.7034139633178711
YOR060C,YKL018W,0,-3.591539,0.11107116937637329,0.8790895938873291,0.7035561800003052
YML102W,YNR023W,0,-3.591726,0.11105120927095413,0.8790895938873291,0.703698456287384
YNL093W,YPL053C,0,-3.5920324,0.11103126406669617,0.8790895938873291,0.7038406729698181
YPL178W,YDR069C,0,-3.5921855,0.1110113188624382,0.8790895938873291,0.703982949256897
YDR512C,YGL053W,0,-3.5925214,0.11099138110876083,0.8790895938873291,0.704125165939331
YHR152W,YJL074C,1,-3.5925689,0.11115101724863052,0.8805121183395386,0.704125165939331
YBR170C,YDR258C,0,-3.592692,0.11113105714321136,0.8805121183395386,0.7042674422264099
YLR319C,YGL243W,0,-3.5930207,0.1111111119389534,0.8805121183395386,0.704409658908844
YIR004W,YDR453C,0,-3.5932138,0.11109116673469543,0.8805121183395386,0.7045519351959229
YFR028C,YBR010W,0,-3.5932148,0.11107123643159866,0.8805121183395386,0.7046941518783569
YDR456W,YGR002C,0,-3.5934327,0.11105130612850189,0.8805121183395386,0.7048364281654358
YNL154C,YPR186C,0,-3.5937235,0.11103139072656631,0.8805121183395386,0.7049786448478699
YLR006C,YPL153C,0,-3.5949361,0.11101147532463074,0.8805121183395386,0.7051209211349487
YPL069C,YER155C,0,-3.5954487,0.11099157482385635,0.8805121183395386,0.7052631378173828
YPR101W,YDR464W,0,-3.595534,0.11097167432308197,0.8805121183395386,0.7054054141044617
YMR235C,YBR276C,0,-3.5957277,0.11095178127288818,0.8805121183395386,0.7055476307868958
YOR148C,YNL091W,0,-3.5959423,0.11093190312385559,0.8805121183395386,0.7056899070739746
YGL127C,YIR004W,0,-3.5959628,0.110912024974823,0.8805121183395386,0.7058321237564087
YMR080C,YCR093W,0,-3.5961795,0.110892154276371,0.8805121183395386,0.7059744000434875
YML080W,YDR379W,0,-3.5965464,0.1108722910284996,0.8805121183395386,0.7061166167259216
YPR056W,YGL127C,0,-3.5969417,0.1108524352312088,0.8805121183395386,0.7062588930130005
YBL007C,YMR239C,0,-3.597031,0.1108325868844986,0.8805121183395386,0.7064011096954346
YPL217C,YJL076W,0,-3.597356,0.11081274598836899,0.8805121183395386,0.7065433859825134
YAL031C,YDR464W,0,-3.5975807,0.11079291254281998,0.8805121183395386,0.7066856622695923
YNL267W,YIR015W,0,-3.597963,0.11077308654785156,0.8805121183395386,0.7068278789520264
YOR079C,YAR003W,0,-3.5981162,0.11075326800346375,0.8805121183395386,0.7069701552391052
YGR214W,YDR479C,0,-3.598429,0.11073344945907593,0.8805121183395386,0.7071123719215393
YIL075C,YKL007W,0,-3.5985577,0.1107136458158493,0.8805121183395386,0.7072546482086182
YNL091W,YCR002C,0,-3.5987585,0.11069384962320328,0.8805121183395386,0.7073968648910522
YDR379W,YBR273C,0,-3.5988514,0.11067405343055725,0.8805121183395386,0.7075391411781311
YNL088W,YBL009W,1,-3.5989711,0.11083303391933441,0.8819345831871033,0.7075391411781311
YDR280W,YKR035W-A,0,-3.5991993,0.11081322282552719,0.8819345831871033,0.7076813578605652
YGL243W,YLR438C-A,0,-3.5995977,0.11079342663288116,0.8819345831871033,0.707823634147644
YDL003W,YLR032W,0,-3.6001823,0.11077363044023514,0.8819345831871033,0.7079658508300781
YMR268C,YLR319C,0,-3.6002007,0.11075384169816971,0.8819345831871033,0.708108127117157
YEL065W,YPL084W,0,-3.600766,0.11073406040668488,0.8819345831871033,0.7082503437995911
YLL003W,YHR073W,0,-3.6009088,0.11071428656578064,0.8819345831871033,0.7083926200866699
YOL051W,YAL059W,0,-3.601057,0.110694520175457,0.8819345831871033,0.708534836769104
YGR170W,YDL020C,0,-3.602084,0.11067476123571396,0.8819345831871033,0.7086771130561829
YPL139C,YJL080C,1,-3.6027634,0.11083348095417023,0.883357048034668,0.7086771130561829
YDL097C,YOR149C,0,-3.6033862,0.11081370711326599,0.883357048034668,0.7088193297386169
YLR006C,YDL147W,0,-3.6034362,0.11079393327236176,0.883357048034668,0.7089616060256958
YDL020C,YGL227W,0,-3.603863,0.11077416688203812,0.883357048034668,0.7091038227081299
YOL121C,YLR384C,0,-3.604052,0.11075441539287567,0.883357048034668,0.7092460989952087
YOR132W,YDR490C,0,-3.6040828,0.11073466390371323,0.883357048034668,0.7093883156776428
YCL033C,YGL227W,0,-3.6040857,0.11071491986513138,0.883357048034668,0.7095305919647217
YNL307C,YJL080C,1,-3.6043608,0.11087343841791153,0.8847795128822327,0.7095305919647217
YOR290C,YIR002C,0,-3.6052244,0.11085367947816849,0.8847795128822327,0.7096728086471558
YOR157C,YDR302W,0,-3.6059961,0.11083392798900604,0.8847795128822327,0.7098150849342346
YNL068C,YJL012C,0,-3.6060545,0.1108141839504242,0.8847795128822327,0.7099573016166687
YLR459W,YIL159W,0,-3.6061056,0.11079443991184235,0.8847795128822327,0.7100995779037476
YPL119C,YFR005C,0,-3.6062791,0.11077471077442169,0.8847795128822327,0.7102417945861816
YHR152W,YJL080C,1,-3.606953,0.11093305051326752,0.8862019777297974,0.7102417945861816
YBL007C,YMR068W,0,-3.6069567,0.11091329902410507,0.8862019777297974,0.7103840708732605
YDL004W,YBR182C,0,-3.6072593,0.11089355498552322,0.8862019777297974,0.7105262875556946
YGR278W,YJR017C,0,-3.6075485,0.11087381839752197,0.8862019777297974,0.7106685638427734
YNL093W,YNR054C,0,-3.6078475,0.11085408926010132,0.8862019777297974,0.7108108401298523
YNL232W,YGR278W,0,-3.607896,0.11083436757326126,0.8862019777297974,0.7109530568122864
YBR112C,YLR310C,0,-3.6080725,0.1108146533370018,0.8862019777297974,0.7110953330993652
YDL003W,YML060W,0,-3.6080973,0.11079494655132294,0.8862019777297974,0.7112375497817993
YGR048W,YDR164C,0,-3.6081147,0.11077524721622467,0.8862019777297974,0.7113798260688782
YOL089C,YGR006W,0,-3.6087792,0.110755555331707,0.8862019777297974,0.7115220427513123
YER042W,YJR007W,0,-3.609214,0.11073587089776993,0.8862019777297974,0.7116643190383911
YOR334W,YLR043C,0,-3.6095545,0.11071618646383286,0.8862019777297974,0.7118065357208252
YHR085W,YMR125W,0,-3.6097505,0.11069651693105698,0.8862019777297974,0.711948812007904
YGR095C,YER015W,0,-3.6100423,0.1106768548488617,0.8862019777297974,0.7120910286903381
YLR234W,YER173W,1,-3.610187,0.11083481460809708,0.8876244425773621,0.7120910286903381
YLR110C,YDL007W,0,-3.6103568,0.11081513017416,0.8876244425773621,0.712233304977417
YDL164C,YLR130C,0,-3.6105206,0.11079545319080353,0.8876244425773621,0.7123755216598511
YBL052C,YAL031C,0,-3.610651,0.11077578365802765,0.8876244425773621,0.7125177979469299
YGR048W,YGR239C,0,-3.611202,0.11075612157583237,0.8876244425773621,0.712660014629364
YPR016C,YHR016C,0,-3.6114678,0.11073646694421768,0.8876244425773621,0.7128022909164429
YML034W,YPL075W,0,-3.6118743,0.1107168197631836,0.8876244425773621,0.712944507598877
YDR085C,YPR041W,0,-3.6119263,0.1106971800327301,0.8876244425773621,0.7130867838859558
YOR316C,YPL153C,0,-3.612032,0.11067754775285721,0.8876244425773621,0.7132290005683899
YBR036C,YHL006C,0,-3.6120594,0.11065791547298431,0.8876244425773621,0.7133712768554688
YFR040W,YPR024W,0,-3.6123748,0.11063829809427261,0.8876244425773621,0.7135134935379028
YBR098W,YNL088W,1,-3.6133406,0.11079595983028412,0.8890469670295715,0.7135134935379028
YLR103C,YPL167C,0,-3.6136777,0.11077632009983063,0.8890469670295715,0.7136557698249817
YJL041W,YLR130C,0,-3.613972,0.11075668781995773,0.8890469670295715,0.7137979865074158
YDR423C,YDR490C,0,-3.6141486,0.11073706299066544,0.8890469670295715,0.7139402627944946
YDR302W,YDR490C,0,-3.6141694,0.11071744561195374,0.8890469670295715,0.7140824794769287
YER109C,YDR153C,0,-3.614384,0.11069783568382263,0.8890469670295715,0.7142247557640076
YIL132C,YGL194C,1,-3.614503,0.11085531860589981,0.8904694318771362,0.7142247557640076
YDR270W,YCL052C,0,-3.6145432,0.11083569377660751,0.8904694318771362,0.7143669724464417
YBL007C,YDL216C,0,-3.614667,0.11081607639789581,0.8904694318771362,0.7145092487335205
YDR342C,YGR183C,0,-3.614882,0.11079645901918411,0.8904694318771362,0.7146514654159546
YJL207C,YPR024W,0,-3.6150954,0.1107768565416336,0.8904694318771362,0.7147937417030334
YHR114W,YBL093C,0,-3.6154563,0.1107572540640831,0.8904694318771362,0.7149360179901123
YLR060W,YLR103C,0,-3.6156135,0.11073765903711319,0.8904694318771362,0.7150782346725464
YKL081W,YML036W,0,-3.6158588,0.11071807891130447,0.8904694318771362,0.7152205109596252
YNL267W,YJL014W,0,-3.6159008,0.11069849878549576,0.8904694318771362,0.7153627276420593
YML023C,YKL007W,0,-3.6159382,0.11067892611026764,0.8904694318771362,0.7155050039291382
YPL046C,YOR060C,0,-3.6159842,0.11065936088562012,0.8904694318771362,0.7156472206115723
YHR165C,YIL034C,0,-3.6160312,0.11063980311155319,0.8904694318771362,0.7157894968986511
YKR042W,YKR085C,0,-3.6162755,0.11062025278806686,0.8904694318771362,0.7159317135810852
YAL017W,YER006W,0,-3.6165984,0.11060070991516113,0.8904694318771362,0.7160739898681641
YKL053C-A,YLR043C,0,-3.6166275,0.1105811670422554,0.8904694318771362,0.7162162065505981
YPR181C,YPR182W,0,-3.6167395,0.11056163907051086,0.8904694318771362,0.716358482837677
YPL137C,YGR072W,0,-3.6168573,0.11054211854934692,0.8904694318771362,0.7165006995201111
YPR008W,YGR077C,0,-3.6171587,0.11052259802818298,0.8904694318771362,0.7166429758071899
YDR178W,YER155C,0,-3.6171777,0.11050309240818024,0.8904694318771362,0.716785192489624
YLR310C,YDR129C,0,-3.6176126,0.11048358678817749,0.8904694318771362,0.7169274687767029
YPL244C,YEL061C,0,-3.6180646,0.11046408861875534,0.8904694318771362,0.717069685459137
YML034W,YPL140C,0,-3.6181896,0.11044459789991379,0.8904694318771362,0.7172119617462158
YGR214W,YOL060C,0,-3.6185353,0.11042512208223343,0.8904694318771362,0.7173541784286499
YLR060W,YOL045W,0,-3.6185608,0.11040564626455307,0.8904694318771362,0.7174964547157288
YHR175W,YDR129C,0,-3.6186612,0.11038617789745331,0.8904694318771362,0.7176386713981628
YER088C,YOR034C,0,-3.6190093,0.11036671698093414,0.8904694318771362,0.7177809476852417
YKL008C,YML019W,0,-3.6192477,0.11034725606441498,0.8904694318771362,0.7179231643676758
YFR050C,YLR006C,0,-3.619418,0.110327810049057,0.8904694318771362,0.7180654406547546
YPL262W,YML091C,0,-3.6197064,0.11030837148427963,0.8904694318771362,0.7182076573371887
YOR295W,YJL154C,0,-3.6199152,0.11028893291950226,0.8904694318771362,0.7183499336242676
YOL021C,YLR396C,0,-3.6201239,0.11026950925588608,0.8904694318771362,0.7184921503067017
YOR334W,YMR287C,0,-3.6203344,0.1102500855922699,0.8904694318771362,0.7186344265937805
YNL242W,YHR001W-A,0,-3.620983,0.11023067682981491,0.8904694318771362,0.7187766432762146
YGR077C,YGL044C,0,-3.6209953,0.11021126806735992,0.8904694318771362,0.7189189195632935
YMR241W,YDR359C,0,-3.62143,0.11019186675548553,0.8904694318771362,0.7190611958503723
YDR436W,YPL233W,0,-3.6217792,0.11017247289419174,0.8904694318771362,0.7192034125328064
YDR153C,YGL087C,0,-3.621802,0.11015308648347855,0.8904694318771362,0.7193456888198853
YFR028C,YMR201C,0,-3.621835,0.11013370752334595,0.8904694318771362,0.7194879055023193
YOL097C,YGR077C,0,-3.6223862,0.11011433601379395,0.8904694318771362,0.7196301817893982
YLR438C-A,YDL212W,0,-3.6226676,0.11009497195482254,0.8904694318771362,0.7197723984718323
YML028W,YOR149C,0,-3.6236675,0.11007560789585114,0.8904694318771362,0.7199146747589111
YDR216W,YIL034C,0,-3.623688,0.11005625873804092,0.8904694318771362,0.7200568914413452
YAL051W,YGL012W,0,-3.6240199,0.11003691703081131,0.8904694318771362,0.7201991677284241
YDR264C,YPL178W,0,-3.6244707,0.1100175753235817,0.8904694318771362,0.7203413844108582
YFL009W,YIR025W,1,-3.624828,0.11017395555973053,0.8918918967247009,0.7203413844108582
YNL221C,YPR046W,0,-3.6251495,0.11015460640192032,0.8918918967247009,0.720483660697937
YDL115C,YJL080C,1,-3.6252396,0.11031090468168259,0.8933143615722656,0.720483660697937
YOL011W,YPL119C,0,-3.6253817,0.11029153317213058,0.8933143615722656,0.7206258773803711
YDR194C,YDL212W,0,-3.625603,0.11027216911315918,0.8933143615722656,0.72076815366745
YGL012W,YJL012C,0,-3.625613,0.11025281250476837,0.8933143615722656,0.720910370349884
YER173W,YJL005W,1,-3.6257064,0.11040898412466049,0.8947368264198303,0.720910370349884
YNL048W,YIL002C,0,-3.625886,0.11038961261510849,0.8947368264198303,0.7210526466369629
YLR191W,YKR101W,0,-3.6259906,0.11037024110555649,0.8947368264198303,0.721194863319397
YIL154C,YIL017C,0,-3.6263158,0.11035087704658508,0.8947368264198303,0.7213371396064758
YIL017C,YPR182W,0,-3.627106,0.11033152043819427,0.8947368264198303,0.7214793562889099
YPL262W,YDR235W,0,-3.6271904,0.11031217128038406,0.8947368264198303,0.7216216325759888
YGR006W,YGL173C,0,-3.6275823,0.11029282957315445,0.8947368264198303,0.7217638492584229
YDL188C,YLR055C,0,-3.6281624,0.11027349531650543,0.8947368264198303,0.7219061255455017
YMR172W,YOL089C,0,-3.6285694,0.11025416105985641,0.8947368264198303,0.7220483422279358
YKR042W,YNL106C,0,-3.6286209,0.11023484170436859,0.8947368264198303,0.7221906185150146
YGL173C,YJL006C,0,-3.6288292,0.11021552234888077,0.8947368264198303,0.7223328351974487
YNL107W,YGR056W,0,-3.6295063,0.11019621789455414,0.8947368264198303,0.7224751114845276
YNL242W,YNR008W,0,-3.6296594,0.11017691344022751,0.8947368264198303,0.7226173281669617
YBR036C,YNL172W,0,-3.6301086,0.11015761643648148,0.8947368264198303,0.7227596044540405
YPL091W,YPL131W,0,-3.630255,0.11013832688331604,0.8947368264198303,0.7229018211364746
YPL211W,YHR107C,0,-3.6304173,0.1101190447807312,0.8947368264198303,0.7230440974235535
YPR049C,YDR484W,0,-3.6307378,0.11009977012872696,0.8947368264198303,0.7231863737106323
YMR268C,YJR090C,0,-3.6308315,0.11008050292730331,0.8947368264198303,0.7233285903930664
YML098W,YBR065C,0,-3.6310704,0.11006124317646027,0.8947368264198303,0.7234708666801453
YML102W,YBR036C,0,-3.6321592,0.11004199087619781,0.8947368264198303,0.7236130833625793
YJR143C,YJL063C,0,-3.632244,0.11002273857593536,0.8947368264198303,0.7237553596496582
YJL029C,YKL148C,0,-3.6323862,0.1100035011768341,0.8947368264198303,0.7238975763320923
YOR334W,YML023C,0,-3.63285,0.10998426377773285,0.8947368264198303,0.7240398526191711
YBL035C,YAL035W,0,-3.6339355,0.10996503382921219,0.8947368264198303,0.7241820693016052
YER042W,YKL148C,0,-3.634024,0.10994581133127213,0.8947368264198303,0.7243243455886841
YGR123C,YBL020W,0,-3.6344748,0.10992659628391266,0.8947368264198303,0.7244665622711182
YDR392W,YNL298W,0,-3.6346362,0.10990738868713379,0.8947368264198303,0.724608838558197
YIL139C,YLL034C,0,-3.6348195,0.10988818854093552,0.8947368264198303,0.7247510552406311
YGR170W,YMR068W,0,-3.6350272,0.10986899584531784,0.8947368264198303,0.72489333152771
YOL089C,YIR009W,0,-3.6354969,0.10984981060028076,0.8947368264198303,0.725035548210144
YOL088C,YMR138W,0,-3.6362627,0.10983062535524368,0.8947368264198303,0.7251778244972229
YMR030W,YDR324C,0,-3.6363075,0.1098114550113678,0.8947368264198303,0.725320041179657
YNL207W,YOR058C,0,-3.6363595,0.10979228466749191,0.8947368264198303,0.7254623174667358
YPR135W,YER149C,0,-3.6365612,0.10977312177419662,0.8947368264198303,0.7256045341491699
YML129C,YOR304W,0,-3.637105,0.10975396633148193,0.8947368264198303,0.7257468104362488
YBL093C,YIR015W,0,-3.6371179,0.10973481833934784,0.8947368264198303,0.7258890271186829
YMR091C,YJR017C,0,-3.6374433,0.10971567779779434,0.8947368264198303,0.7260313034057617
YOR229W,YFL009W,1,-3.6375434,0.10987094789743423,0.896159291267395,0.7260313034057617
YNR023W,YIL048W,0,-3.6376035,0.10985178500413895,0.896159291267395,0.7261735200881958
YHR008C,YDR164C,0,-3.6377976,0.10983263701200485,0.896159291267395,0.7263157963752747
YPR086W,YPR135W,0,-3.6378005,0.10981348901987076,0.896159291267395,0.7264580130577087
YFR050C,YML023C,0,-3.6378894,0.10979435592889786,0.896159291267395,0.7266002893447876
YDR527W,YHR205W,0,-3.6383169,0.10977522283792496,0.896159291267395,0.7267425060272217
YDR279W,YLR067C,0,-3.638356,0.10975609719753265,0.896159291267395,0.7268847823143005
YPL174C,YGR002C,0,-3.6383822,0.10973697900772095,0.896159291267395,0.7270269989967346
YHR114W,YGL071W,0,-3.6386535,0.10971786826848984,0.896159291267395,0.7271692752838135
YPL119C,YBR182C,0,-3.6387112,0.10969876497983932,0.896159291267395,0.7273115515708923
YKR025W,YGR239C,0,-3.6389413,0.10967966914176941,0.896159291267395,0.7274537682533264
YLR138W,YIR009W,0,-3.639538,0.1096605733036995,0.896159291267395,0.7275960445404053
YDL020C,YLR105C,0,-3.6397626,0.10964149236679077,0.896159291267395,0.7277382612228394
YJL080C,YLR248W,1,-3.6402261,0.10979641228914261,0.8975818157196045,0.7277382612228394
YFR009W,YNL209W,0,-3.640855,0.10977731645107269,0.8975818157196045,0.7278805375099182
YNL091W,YPR186C,0,-3.641074,0.10975822061300278,0.8975818157196045,0.7280227541923523
YML021C,YER008C,0,-3.6410978,0.10973913222551346,0.8975818157196045,0.7281650304794312
YDR392W,YDR361C,0,-3.641314,0.10972005128860474,0.8975818157196045,0.7283072471618652
YNL021W,YML102W,0,-3.6414797,0.10970097035169601,0.8975818157196045,0.7284495234489441
YFR050C,YPL146C,0,-3.6415207,0.10968190431594849,0.8975818157196045,0.7285917401313782
YPL151C,YNL172W,0,-3.642165,0.10966284573078156,0.8975818157196045,0.728734016418457
YDL143W,YDR235W,0,-3.6423187,0.10964378714561462,0.8975818157196045,0.7288762331008911
YIL023C,YPL153C,0,-3.642421,0.10962473601102829,0.8975818157196045,0.72901850938797
YLR105C,YLR176C,0,-3.6424487,0.10960569977760315,0.8975818157196045,0.729160726070404
YNL139C,YFL002C,0,-3.6426568,0.10958666354417801,0.8975818157196045,0.7293030023574829
YMR023C,YMR227C,0,-3.6427863,0.10956763476133347,0.8975818157196045,0.729445219039917
YML019W,YPR182W,0,-3.6429348,0.10954861342906952,0.8975818157196045,0.7295874953269958
YNL154C,YBR199W,0,-3.6429894,0.10952959209680557,0.8975818157196045,0.7297297120094299
YOR256C,YGR185C,0,-3.643109,0.10951058566570282,0.8975818157196045,0.7298719882965088
YLR430W,YLR319C,0,-3.64313,0.10949158668518066,0.8975818157196045,0.7300142049789429
YOL097C,YCR002C,0,-3.6431305,0.10947258770465851,0.8975818157196045,0.7301564812660217
YDR085C,YGR191W,0,-3.6438487,0.10945359617471695,0.8975818157196045,0.7302986979484558
YPR016C,YDR129C,0,-3.643916,0.10943461954593658,0.8975818157196045,0.7304409742355347
YOR295W,YAL059W,0,-3.6440935,0.10941564291715622,0.8975818157196045,0.7305831909179688
YNL135C,YPL161C,0,-3.6445773,0.10939667373895645,0.8975818157196045,0.7307254672050476
YPL137C,YCR002C,0,-3.644705,0.10937771201133728,0.8975818157196045,0.7308676838874817
YDR075W,YLR396C,0,-3.645138,0.10935875028371811,0.8975818157196045,0.7310099601745605
YGL175C,YER173W,1,-3.645654,0.10951308161020279,0.8990042805671692,0.7310099601745605
YGL246C,YDR284C,0,-3.6458263,0.10949411243200302,0.8990042805671692,0.7311521768569946
YGL246C,YNL299W,0,-3.6458676,0.10947514325380325,0.8990042805671692,0.7312944531440735
YDL047W,YGR006W,0,-3.6459959,0.10945618152618408,0.8990042805671692,0.7314367294311523
YHR062C,YDL164C,0,-3.646115,0.10943722724914551,0.8990042805671692,0.7315789461135864
YPL217C,YIL147C,0,-3.6462343,0.10941828042268753,0.8990042805671692,0.7317212224006653
YJL146W,YOR229W,1,-3.6466124,0.10957244038581848,0.9004267454147339,0.7317212224006653
YPL233W,YLR105C,0,-3.6478784,0.10955347865819931,0.9004267454147339,0.7318634390830994
YPR056W,YGR156W,0,-3.648153,0.10953452438116074,0.9004267454147339,0.7320057153701782
YOR245C,YOR058C,0,-3.6481783,0.10951557010412216,0.9004267454147339,0.7321479320526123
YEL032W,YJL090C,0,-3.6486819,0.10949662327766418,0.9004267454147339,0.7322902083396912
YOR116C,YER161C,0,-3.648703,0.1094776913523674,0.9004267454147339,0.7324324250221252
YMR241W,YLR337C,0,-3.6491492,0.10945875942707062,0.9004267454147339,0.7325747013092041
YPL001W,YJL090C,0,-3.6492994,0.10943983495235443,0.9004267454147339,0.7327169179916382
YPR008W,YLR384C,0,-3.649676,0.10942091792821884,0.9004267454147339,0.732859194278717
YDL200C,YKL148C,0,-3.6506712,0.10940200835466385,0.9004267454147339,0.7330014109611511
YPR164W,YLR396C,0,-3.6508446,0.10938309878110886,0.9004267454147339,0.73314368724823
YPL217C,YKL049C,0,-3.6509576,0.10936420410871506,0.9004267454147339,0.7332859039306641
YHR069C,YGR002C,0,-3.652136,0.10934530943632126,0.9004267454147339,0.7334281802177429
YLR438C-A,YJL014W,0,-3.6521497,0.10932642221450806,0.9004267454147339,0.733570396900177
YBL035C,YNL149C,0,-3.6522684,0.10930754989385605,0.9004267454147339,0.7337126731872559
YOL088C,YAL035W,0,-3.6523407,0.10928867757320404,0.9004267454147339,0.7338548898696899
YER035W,YDL052C,0,-3.652346,0.10926980525255203,0.9004267454147339,0.7339971661567688
YGR048W,YDL132W,0,-3.6529248,0.10925094783306122,0.9004267454147339,0.7341393828392029
YNL267W,YDR284C,0,-3.6532557,0.109232097864151,0.9004267454147339,0.7342816591262817
YJR057W,YFR005C,0,-3.653671,0.10921324789524078,0.9004267454147339,0.7344238758087158
YAR003W,YGR218W,0,-3.6538703,0.10919441282749176,0.9004267454147339,0.7345661520957947
YMR039C,YHR196W,0,-3.6552653,0.10917557775974274,0.9004267454147339,0.7347083687782288
YNL173C,YDR284C,0,-3.6553729,0.10915675014257431,0.9004267454147339,0.7348506450653076
YNL267W,YMR127C,0,-3.6563025,0.10913792997598648,0.9004267454147339,0.7349928617477417
YMR268C,YGR188C,0,-3.6564767,0.10911911725997925,0.9004267454147339,0.7351351380348206
YDL044C,YPL178W,0,-3.6566877,0.10910031199455261,0.9004267454147339,0.7352773547172546
YNL149C,YOL023W,0,-3.6568925,0.10908150672912598,0.9004267454147339,0.7354196310043335
YDL020C,YER149C,0,-3.657081,0.10906271636486053,0.9004267454147339,0.7355619072914124
YAL031C,YGR183C,0,-3.6576734,0.10904392600059509,0.9004267454147339,0.7357041239738464
YGR020C,YOR058C,0,-3.65783,0.10902514308691025,0.9004267454147339,0.7358464002609253
YHL007C,YBR009C,0,-3.657885,0.1090063750743866,0.9004267454147339,0.7359886169433594
YGL012W,YNL261W,0,-3.6580546,0.10898759961128235,0.9004267454147339,0.7361308932304382
YML034W,YGR185C,0,-3.658332,0.1089688390493393,0.9004267454147339,0.7362731099128723
YLR138W,YMR179W,0,-3.6592512,0.10895008593797684,0.9004267454147339,0.7364153861999512
YGR048W,YGR262C,0,-3.6594422,0.10893134027719498,0.9004267454147339,0.7365576028823853
YBR118W,YPL178W,0,-3.6598723,0.10891259461641312,0.9004267454147339,0.7366998791694641
YKR087C,YDL150W,0,-3.6600416,0.10889385640621185,0.9004267454147339,0.7368420958518982
YHR205W,YOR239W,0,-3.660631,0.10887512564659119,0.9004267454147339,0.736984372138977
YNL221C,YDR422C,0,-3.6607306,0.10885640233755112,0.9004267454147339,0.7371265888214111
YNL036W,YJR082C,0,-3.6609013,0.10883768647909164,0.9004267454147339,0.73726886510849
YDR322C-A,YNL091W,0,-3.661268,0.10881897807121277,0.9004267454147339,0.7374110817909241
YPL174C,YNR052C,0,-3.6615655,0.10880027711391449,0.9004267454147339,0.7375533580780029
YPR135W,YNL273W,0,-3.6620486,0.10878157615661621,0.9004267454147339,0.737695574760437
YBR009C,YLR409C,0,-3.6621344,0.10876289010047913,0.9004267454147339,0.7378378510475159
YMR127C,YMR125W,0,-3.662485,0.10874420404434204,0.9004267454147339,0.73798006772995
YDR324C,YER159C,0,-3.6634207,0.10872552543878555,0.9004267454147339,0.7381223440170288
YLR376C,YDR147W,0,-3.6639318,0.10870685428380966,0.9004267454147339,0.7382645606994629
YGL071W,YMR059W,0,-3.6640165,0.10868818312883377,0.9004267454147339,0.7384068369865417
YIL034C,YOR304W,0,-3.6642048,0.10866952687501907,0.9004267454147339,0.7385490536689758
YIL147C,YOR119C,0,-3.6642563,0.10865087807178497,0.9004267454147339,0.7386913299560547
YDL020C,YBR035C,0,-3.6651123,0.10863222926855087,0.9004267454147339,0.7388335466384888
YOL089C,YPR182W,0,-3.6660616,0.10861358791589737,0.9004267454147339,0.7389758229255676
YFL021W,YJL033W,0,-3.6663792,0.10859495401382446,0.9004267454147339,0.7391180396080017
YBR172C,YBR135W,0,-3.6667697,0.10857632756233215,0.9004267454147339,0.7392603158950806
YDR423C,YDL197C,0,-3.6673713,0.10855770856142044,0.9004267454147339,0.7394025325775146
YFL014W,YDR059C,0,-3.6677139,0.10853909701108932,0.9004267454147339,0.7395448088645935
YOR073W,YCR092C,1,-3.6677895,0.10869192332029343,0.9018492102622986,0.7395448088645935
YFR050C,YER082C,0,-3.667916,0.10867329686880112,0.9018492102622986,0.7396870851516724
YDR178W,YML019W,0,-3.6683776,0.10865467041730881,0.9018492102622986,0.7398293018341064
YOR245C,YLR221C,0,-3.6693509,0.1086360514163971,0.9018492102622986,0.7399715781211853
YMR172W,YLR214W,0,-3.6693752,0.10861743986606598,0.9018492102622986,0.7401137948036194
YGR170W,YLR067C,0,-3.6694586,0.10859883576631546,0.9018492102622986,0.7402560710906982
YDR279W,YOR279C,0,-3.6697385,0.10858023911714554,0.9018492102622986,0.7403982877731323
YJL146W,YOL090W,1,-3.6702092,0.10873287916183472,0.9032716751098633,0.7403982877731323
YOL097C,YKL166C,0,-3.670378,0.108714260160923,0.9032716751098633,0.7405405640602112
YKL125W,YIL147C,0,-3.6704888,0.10869564861059189,0.9032716751098633,0.7406827807426453
YIL154C,YER155C,0,-3.6706111,0.10867705196142197,0.9032716751098633,0.7408250570297241
YMR268C,YPR094W,0,-3.6706388,0.10865845531225204,0.9032716751098633,0.7409672737121582
YOR239W,YOL023W,0,-3.6707532,0.10863986611366272,0.9032716751098633,0.7411095499992371
YJL146W,YGL194C,1,-3.671071,0.10879233479499817,0.904694139957428,0.7411095499992371
YDR419W,YNL232W,0,-3.6711652,0.10877373069524765,0.904694139957428,0.7412517666816711
YER008C,YNL147W,0,-3.6713202,0.10875512659549713,0.904694139957428,0.74139404296875
YMR235C,YOR149C,0,-3.6720173,0.1087365373969078,0.904694139957428,0.7415362596511841
YOR127W,YLR100W,0,-3.6724546,0.10871794819831848,0.904694139957428,0.7416785359382629
YOR148C,YOR239W,0,-3.672755,0.10869936645030975,0.904694139957428,0.741820752620697
YPL046C,YDR423C,0,-3.672919,0.10868079215288162,0.904694139957428,0.7419630289077759
YLR310C,YJL014W,0,-3.6730075,0.10866222530603409,0.904694139957428,0.74210524559021
YNL182C,YDL047W,0,-3.6731722,0.10864366590976715,0.904694139957428,0.7422475218772888
YKL008C,YBR010W,0,-3.6734514,0.10862510651350021,0.904694139957428,0.7423897385597229
YBR118W,YLR368W,0,-3.6737556,0.10860655456781387,0.904694139957428,0.7425320148468018
YEL013W,YNL068C,0,-3.6738412,0.10858801752328873,0.904694139957428,0.7426742315292358
YLR032W,YDR501W,0,-3.674415,0.10856948047876358,0.904694139957428,0.7428165078163147
YHR069C,YMR173W,0,-3.6744506,0.10855095088481903,0.904694139957428,0.7429587244987488
YPR005C,YOR272W,0,-3.6745288,0.10853242129087448,0.904694139957428,0.7431010007858276
YOR290C,YIL147C,0,-3.6745927,0.10851390659809113,0.904694139957428,0.7432432174682617
YDR423C,YPR113W,0,-3.674868,0.10849539190530777,0.904694139957428,0.7433854937553406
YOL108C,YBR035C,0,-3.6749222,0.10847689211368561,0.904694139957428,0.7435277104377747
YNL139C,YGL127C,0,-3.6755378,0.10845839232206345,0.904694139957428,0.7436699867248535
YOL124C,YBR172C,0,-3.6761324,0.10843989998102188,0.904694139957428,0.7438122630119324
YPL001W,YLR115W,0,-3.676608,0.10842141509056091,0.904694139957428,0.7439544796943665
YKL049C,YPR024W,0,-3.6769907,0.10840293020009995,0.904694139957428,0.7440967559814453
YMR039C,YGR123C,0,-3.6773698,0.10838446021080017,0.904694139957428,0.7442389726638794
YER161C,YBR273C,0,-3.6775222,0.1083659902215004,0.904694139957428,0.7443812489509583
YDL147W,YPR181C,0,-3.6779683,0.10834752768278122,0.904694139957428,0.7445234656333923
YLR192C,YKL188C,0,-3.6798518,0.10832907259464264,0.904694139957428,0.7446657419204712
YPR030W,YGR185C,0,-3.6800625,0.10831062495708466,0.904694139957428,0.7448079586029053
YDR449C,YNL298W,0,-3.680216,0.10829218477010727,0.904694139957428,0.7449502348899841
YJL063C,YER155C,0,-3.6803856,0.10827375203371048,0.904694139957428,0.7450924515724182
YDR264C,YKL051W,0,-3.6804183,0.10825531929731369,0.904694139957428,0.7452347278594971
YGR007W,YDR398W,0,-3.6806395,0.1082368940114975,0.904694139957428,0.7453769445419312
YBL046W,YPL153C,0,-3.6808965,0.1082184761762619,0.904694139957428,0.74551922082901
YJR057W,YPR046W,0,-3.681432,0.1082000657916069,0.904694139957428,0.7456614375114441
YMR030W,YOR279C,0,-3.6817696,0.1081816628575325,0.904694139957428,0.745803713798523
YPL057C,YHR019C,0,-3.6819944,0.1081632673740387,0.904694139957428,0.745945930480957
YOR386W,YDR164C,0,-3.682061,0.10814487189054489,0.904694139957428,0.7460882067680359
YKL117W,YPR016C,0,-3.6820955,0.10812649130821228,0.904694139957428,0.74623042345047
YBR050C,YML036W,0,-3.6821609,0.10810811072587967,0.904694139957428,0.7463726997375488
YLR409C,YNL147W,0,-3.6822126,0.10808973759412766,0.904694139957428,0.7465149164199829
YKL117W,YJR057W,0,-3.682509,0.10807136446237564,0.904694139957428,0.7466571927070618
YOL097C,YBL007C,0,-3.6828601,0.10805300623178482,0.904694139957428,0.7467994093894958
YDL022W,YPL211W,0,-3.6830826,0.1080346554517746,0.904694139957428,0.7469416856765747
YMR298W,YJL111W,0,-3.6842537,0.10801630467176437,0.904694139957428,0.7470839023590088
YNL149C,YIL048W,0,-3.6846144,0.10799796134233475,0.904694139957428,0.7472261786460876
YGL070C,YDR163W,0,-3.6847908,0.10797962546348572,0.904694139957428,0.7473683953285217
YNR054C,YDR512C,0,-3.684868,0.10796129703521729,0.904694139957428,0.7475106716156006
YGR056W,YPL253C,0,-3.6856463,0.10794297605752945,0.904694139957428,0.7476528882980347
YOR341W,YNL186W,0,-3.6856902,0.10792465507984161,0.904694139957428,0.7477951645851135
YKL148C,YOR304W,0,-3.6859639,0.10790634900331497,0.904694139957428,0.7479374408721924
YKL129C,YDR263C,0,-3.6865494,0.10788804292678833,0.904694139957428,0.7480796575546265
YHL007C,YDL231C,0,-3.6865747,0.10786974430084229,0.904694139957428,0.7482219338417053
YLR110C,YKL004W,0,-3.687587,0.10785145312547684,0.904694139957428,0.7483641505241394
YGR095C,YBR170C,0,-3.687831,0.10783316195011139,0.904694139957428,0.7485064268112183
YDL007W,YCL052C,0,-3.6889486,0.10781488567590714,0.904694139957428,0.7486486434936523
YKL049C,YDR284C,0,-3.689201,0.10779660940170288,0.904694139957428,0.7487909197807312
YLR370C,YDL143W,0,-3.6894476,0.10777834057807922,0.904694139957428,0.7489331364631653
YOR148C,YLR438C-A,0,-3.689881,0.10776007920503616,0.904694139957428,0.7490754127502441
YCR091W,YPL115C,0,-3.6900296,0.1077418252825737,0.904694139957428,0.7492176294326782
YIR004W,YMR287C,0,-3.6901572,0.10772357881069183,0.904694139957428,0.7493599057197571
YGR185C,YBR035C,0,-3.6904066,0.10770533233880997,0.904694139957428,0.7495021224021912
YOR060C,YDR163W,0,-3.690414,0.1076871007680893,0.904694139957428,0.74964439868927
YDR423C,YPL211W,0,-3.6908545,0.10766886919736862,0.904694139957428,0.7497866153717041
YPR086W,YPR046W,0,-3.6911514,0.10765064507722855,0.904694139957428,0.749928891658783
YMR227C,YJR082C,0,-3.6913445,0.10763242840766907,0.904694139957428,0.750071108341217
YBL035C,YOR330C,0,-3.6918116,0.10761421173810959,0.904694139957428,0.7502133846282959
YNL091W,YGR123C,0,-3.69349,0.1075960099697113,0.904694139957428,0.75035560131073
YDR178W,YML115C,0,-3.6935718,0.10757780820131302,0.904694139957428,0.7504978775978088
YPL217C,YCL052C,0,-3.6938684,0.10755961388349533,0.904694139957428,0.7506400942802429
YNL173C,YKR025W,0,-3.6939723,0.10754142701625824,0.904694139957428,0.7507823705673218
YNL186W,YGR002C,0,-3.6947114,0.10752324759960175,0.904694139957428,0.7509245872497559
YMR162C,YML036W,0,-3.6952112,0.10750506818294525,0.904694139957428,0.7510668635368347
YHR174W,YKL148C,0,-3.6955369,0.10748690366744995,0.904694139957428,0.7512090802192688
YOL011W,YDL004W,0,-3.6955674,0.10746873915195465,0.904694139957428,0.7513513565063477
YML015C,YMR179W,0,-3.6970365,0.10745058208703995,0.904694139957428,0.7514935731887817
YLR310C,YOR330C,0,-3.6971312,0.10743243247270584,0.904694139957428,0.7516358494758606
YIL139C,YJL154C,0,-3.6973946,0.10741429030895233,0.904694139957428,0.7517780661582947
YLL034C,YOR209C,0,-3.697419,0.10739614814519882,0.904694139957428,0.7519203424453735
YMR039C,YGR183C,0,-3.6981707,0.1073780208826065,0.904694139957428,0.7520625591278076
YBR036C,YMR201C,0,-3.6981962,0.10735989362001419,0.904694139957428,0.7522048354148865
YER088C,YOR026W,0,-3.6982687,0.10734177380800247,0.904694139957428,0.7523471117019653
YBL025W,YLR192C,0,-3.6984003,0.10732366144657135,0.904694139957428,0.7524893283843994
YBR265W,YML028W,0,-3.698407,0.10730554908514023,0.904694139957428,0.7526316046714783
YHR085W,YDR512C,0,-3.6987488,0.1072874516248703,0.904694139957428,0.7527738213539124
YDL015C,YOL023W,0,-3.6989324,0.10726935416460037,0.904694139957428,0.7529160976409912
YOR295W,YBR065C,0,-3.698987,0.10725126415491104,0.904694139957428,0.7530583143234253
YEL042W,YGR183C,0,-3.6992395,0.10723318159580231,0.904694139957428,0.7532005906105042
YLR103C,YDR464W,0,-3.6993694,0.10721510648727417,0.904694139957428,0.7533428072929382
YHR205W,YLR100W,0,-3.6997383,0.10719703137874603,0.904694139957428,0.7534850835800171
YHR165C,YGR003W,0,-3.70048,0.10717897117137909,0.904694139957428,0.7536273002624512
YOR073W,YIR025W,1,-3.7005355,0.10732939839363098,0.9061166644096375,0.7536273002624512
YOR148C,YPL178W,0,-3.700618,0.10731132328510284,0.9061166644096375,0.75376957654953
YNR052C,YDR116C,0,-3.7010753,0.10729324817657471,0.9061166644096375,0.7539117932319641
YLR006C,YPR082C,0,-3.7011738,0.10727518051862717,0.9061166644096375,0.754054069519043
YMR241W,YDR289C,0,-3.7013123,0.10725711286067963,0.9061166644096375,0.754196286201477
YNL135C,YKL148C,0,-3.7014716,0.10723906010389328,0.9061166644096375,0.7543385624885559
YMR270C,YBR172C,0,-3.7018416,0.10722100734710693,0.9061166644096375,0.75448077917099
YJL191W,YER126C,0,-3.7023907,0.10720296204090118,0.9061166644096375,0.7546230554580688
YIL002C,YPL053C,0,-3.7024887,0.10718492418527603,0.9061166644096375,0.7547652721405029
YJL080C,YJL074C,1,-3.7026556,0.10733512789011002,0.9075391292572021,0.7547652721405029
YMR030W,YMR092C,0,-3.7027252,0.10731707513332367,0.9075391292572021,0.7549075484275818
YPR086W,YPL146C,0,-3.7028263,0.10729902237653732,0.9075391292572021,0.7550497651100159
YDR231C,YHR196W,0,-3.7031622,0.10728098452091217,0.9075391292572021,0.7551920413970947
YOR157C,YGL012W,0,-3.7031813,0.10726294666528702,0.9075391292572021,0.7553342580795288
YOR157C,YPL075W,0,-3.7033603,0.10724491626024246,0.9075391292572021,0.7554765343666077
YPR056W,YDR385W,0,-3.7034109,0.1072268933057785,0.9075391292572021,0.7556187510490417
YBR265W,YNL207W,0,-3.7034528,0.10720887035131454,0.9075391292572021,0.7557610273361206
YCL004W,YPL151C,0,-3.7035666,0.10719086229801178,0.9075391292572021,0.7559032440185547
YKL129C,YLL034C,0,-3.70357,0.10717285424470901,0.9075391292572021,0.7560455203056335
YKL085W,YDR164C,0,-3.7037828,0.10715485364198685,0.9075391292572021,0.7561877369880676
YJR007W,YDL097C,0,-3.7038388,0.10713686048984528,0.9075391292572021,0.7563300132751465
YIR002C,YPR094W,0,-3.7041266,0.1071188747882843,0.9075391292572021,0.7564722895622253
YGL175C,YCR092C,1,-3.704508,0.10726875811815262,0.9089615941047668,0.7564722895622253
YPR021C,YDL188C,0,-3.704735,0.10725075751543045,0.9089615941047668,0.7566145062446594
YOL097C,YOL089C,0,-3.7048447,0.10723275691270828,0.9089615941047668,0.7567567825317383
YPL167C,YDL044C,0,-3.7049706,0.10721476376056671,0.9089615941047668,0.7568989992141724
YDR289C,YDL197C,0,-3.7050357,0.10719677805900574,0.9089615941047668,0.7570412755012512
YGR077C,YHR107C,0,-3.7053077,0.10717879980802536,0.9089615941047668,0.7571834921836853
YIR026C,YOR073W,1,-3.7055764,0.10732852667570114,0.9103840589523315,0.7571834921836853
YNL091W,YER028C,0,-3.705805,0.10731053352355957,0.9103840589523315,0.7573257684707642
YDR087C,YNL149C,0,-3.7062073,0.107292540371418,0.9103840589523315,0.7574679851531982
YOL097C,YBR095C,0,-3.7062864,0.10727455466985703,0.9103840589523315,0.7576102614402771
YOL108C,YGR072W,0,-3.7071192,0.10725657641887665,0.9103840589523315,0.7577524781227112
YGR257C,YOR157C,0,-3.7075686,0.10723860561847687,0.9103840589523315,0.75789475440979
YGR156W,YKL007W,0,-3.7079773,0.10722064226865768,0.9103840589523315,0.7580369710922241
YPR049C,YML091C,0,-3.7081585,0.1072026789188385,0.9103840589523315,0.758179247379303
YDL115C,YJL005W,1,-3.709348,0.10735220462083817,0.9118065237998962,0.758179247379303
YDR456W,YER126C,0,-3.7095397,0.10733422636985779,0.9118065237998962,0.7583214640617371
YIL115C,YGR020C,0,-3.7096858,0.10731625556945801,0.9118065237998962,0.7584637403488159
YEL013W,YNL218W,0,-3.7097275,0.10729829221963882,0.9118065237998962,0.75860595703125
YHR012W,YDR308C,0,-3.710021,0.10728033632040024,0.9118065237998962,0.7587482333183289
YJR090C,YNL298W,0,-3.7105744,0.10726238042116165,0.9118065237998962,0.7588904500007629
YMR172W,YDR211W,0,-3.7105982,0.10724443942308426,0.9118065237998962,0.7590327262878418
YNL242W,YPR024W,0,-3.7108555,0.10722649842500687,0.9118065237998962,0.7591749429702759
YBR036C,YOR056C,0,-3.7111962,0.10720856487751007,0.9118065237998962,0.7593172192573547
YBL103C,YDR231C,0,-3.7112744,0.10719063878059387,0.9118065237998962,0.7594594359397888
YPL160W,YLR033W,0,-3.712755,0.10717271268367767,0.9118065237998962,0.7596017122268677
YDL043C,YHR165C,0,-3.7127964,0.10715479403734207,0.9118065237998962,0.7597439289093018
YPL244C,YDR147W,0,-3.7135026,0.10713689029216766,0.9118065237998962,0.7598862051963806
YJR108W,YMR168C,0,-3.7135103,0.10711898654699326,0.9118065237998962,0.7600284218788147
YGL012W,YLR324W,0,-3.7136276,0.10710108280181885,0.9118065237998962,0.7601706981658936
YOL097C,YOR122C,0,-3.7142153,0.10708319395780563,0.9118065237998962,0.7603129148483276
YJR049C,YML060W,0,-3.714314,0.10706530511379242,0.9118065237998962,0.7604551911354065
YBR049C,YIL031W,0,-3.714477,0.1070474311709404,0.9118065237998962,0.7605974674224854
YJL048C,YKL051W,0,-3.714921,0.10702955722808838,0.9118065237998962,0.7607396841049194
YLR192C,YBR267W,0,-3.7149713,0.10701168328523636,0.9118065237998962,0.7608819603919983
YMR138W,YGL044C,0,-3.7149937,0.10699382424354553,0.9118065237998962,0.7610241770744324
YOL089C,YPR024W,0,-3.7154617,0.1069759652018547,0.9118065237998962,0.7611664533615112
YDR463W,YNL106C,0,-3.7166908,0.10695812106132507,0.9118065237998962,0.7613086700439453
YKR025W,YGR007W,0,-3.716943,0.10694027692079544,0.9118065237998962,0.7614509463310242
YPR052C,YGR094W,0,-3.7169874,0.10692243278026581,0.9118065237998962,0.7615931630134583
YDR503C,YJR057W,0,-3.7170334,0.10690460354089737,0.9118065237998962,0.7617354393005371
YGL127C,YDR212W,0,-3.7174962,0.10688677430152893,0.9118065237998962,0.7618776559829712
YDL047W,YOR279C,0,-3.7175412,0.10686895996332169,0.9118065237998962,0.76201993227005
YBL052C,YOL156W,0,-3.717687,0.10685113817453384,0.9118065237998962,0.7621621489524841
YPL262W,YLR043C,0,-3.7178414,0.1068333312869072,0.9118065237998962,0.762304425239563
YNL177C,YDR361C,0,-3.7179244,0.10681553184986115,0.9118065237998962,0.7624466419219971
YCL004W,YOR239W,0,-3.7179828,0.1067977324128151,0.9118065237998962,0.7625889182090759
YKR042W,YKL058W,0,-3.7180274,0.10677994042634964,0.9118065237998962,0.76273113489151
YML028W,YOR067C,0,-3.7191355,0.10676215589046478,0.9118065237998962,0.7628734111785889
YDR118W,YJR007W,0,-3.7194688,0.10674437880516052,0.9118065237998962,0.763015627861023
YDR527W,YOR149C,0,-3.7195156,0.10672660917043686,0.9118065237998962,0.7631579041481018
YBR265W,YBL046W,0,-3.719606,0.1067088395357132,0.9118065237998962,0.7633001208305359
YLR110C,YDR422C,0,-3.719698,0.10669107735157013,0.9118065237998962,0.7634423971176147
YDR265W,YOR334W,0,-3.7200522,0.10667332261800766,0.9118065237998962,0.7635846138000488
YOR122C,YOR119C,0,-3.7202132,0.10665557533502579,0.9118065237998962,0.7637268900871277
YML098W,YNL283C,0,-3.7203462,0.10663782805204391,0.9118065237998962,0.7638691067695618
YLR191W,YLR324W,0,-3.7208967,0.10662009567022324,0.9118065237998962,0.7640113830566406
YBR199W,YIR033W,0,-3.7209182,0.10660236328840256,0.9118065237998962,0.7641535997390747
YDR194C,YGR183C,0,-3.721132,0.10658463835716248,0.9118065237998962,0.7642958760261536
YJL146W,YCR092C,1,-3.7213776,0.10673316568136215,0.9132290482521057,0.7642958760261536
YDR212W,YCR028C-A,0,-3.721835,0.10671542584896088,0.9132290482521057,0.7644380927085876
YPR075C,YNL121C,0,-3.7221203,0.1066976934671402,0.9132290482521057,0.7645803689956665
YJL080C,YNL088W,1,-3.7222412,0.10684613138437271,0.9146515130996704,0.7645803689956665
YBR112C,YDL150W,0,-3.7226512,0.10682837665081024,0.9146515130996704,0.7647226452827454
YJL048C,YPR024W,0,-3.7229164,0.10681062936782837,0.9146515130996704,0.7648648619651794
YNL048W,YOL023W,0,-3.7229912,0.1067928895354271,0.9146515130996704,0.7650071382522583
YIL075C,YPL153C,0,-3.7230601,0.10677515715360641,0.9146515130996704,0.7651493549346924
YOL028C,YPL053C,0,-3.7231386,0.10675743222236633,0.9146515130996704,0.7652916312217712
YPL045W,YIR009W,0,-3.7233167,0.10673970729112625,0.9146515130996704,0.7654338479042053
YML060W,YOR209C,0,-3.7235792,0.10672198981046677,0.9146515130996704,0.7655761241912842
YML098W,YDR302W,0,-3.723704,0.10670427978038788,0.9146515130996704,0.7657183408737183
YHR031C,YBR095C,0,-3.7238429,0.10668657720088959,0.9146515130996704,0.7658606171607971
YHL007C,YGR202C,0,-3.7245429,0.1066688820719719,0.9146515130996704,0.7660028338432312
YMR270C,YPR024W,0,-3.7247946,0.1066511869430542,0.9146515130996704,0.7661451101303101
YER026C,YBR199W,0,-3.72488,0.1066334992647171,0.9146515130996704,0.7662873268127441
YDR318W,YMR179W,0,-3.7248976,0.1066158190369606,0.9146515130996704,0.766429603099823
YGR262C,YOL045W,0,-3.725198,0.1065981462597847,0.9146515130996704,0.7665718197822571
YNL139C,YPR057W,0,-3.7257056,0.1065804734826088,0.9146515130996704,0.7667140960693359
YML034W,YKL012W,0,-3.7259934,0.10656280815601349,0.9146515130996704,0.76685631275177
YBL046W,YLR141W,0,-3.7266195,0.10654515027999878,0.9146515130996704,0.7669985890388489
YBL007C,YKL051W,0,-3.7267902,0.10652749985456467,0.9146515130996704,0.767140805721283
YPL151C,YML019W,0,-3.7268007,0.10650985687971115,0.9146515130996704,0.7672830820083618
YOL051W,YGR218W,0,-3.7268603,0.10649221390485764,0.9146515130996704,0.7674252986907959
YEL042W,YBR172C,0,-3.7270758,0.10647457838058472,0.9146515130996704,0.7675675749778748
YBR169C,YDR216W,0,-3.7271755,0.1064569503068924,0.9146515130996704,0.7677097916603088
YGR040W,YJR007W,0,-3.7272508,0.10643932968378067,0.9146515130996704,0.7678520679473877
YML015C,YIR009W,0,-3.7286355,0.10642171651124954,0.9146515130996704,0.7679942846298218
YJL146W,YIR026C,1,-3.7286818,0.10656958818435669,0.9160739779472351,0.7679942846298218
YPL057C,YPL069C,0,-3.7289608,0.10655195266008377,0.9160739779472351,0.7681365609169006
YPL057C,YDR359C,0,-3.7293644,0.10653432458639145,0.9160739779472351,0.7682787775993347
YNL091W,YPR082C,0,-3.7293718,0.10651670396327972,0.9160739779472351,0.7684210538864136
YDL147W,YOR056C,0,-3.7294784,0.1064990907907486,0.9160739779472351,0.7685632705688477
YOR148C,YDR404C,0,-3.7296908,0.10648148506879807,0.9160739779472351,0.7687055468559265
YDR059C,YJL033W,0,-3.7302172,0.10646387934684753,0.9160739779472351,0.7688478231430054
YGR095C,YBR276C,0,-3.7302327,0.1064462810754776,0.9160739779472351,0.7689900398254395
YJL063C,YLR130C,0,-3.7304032,0.10642869025468826,0.9160739779472351,0.7691323161125183
YLR370C,YDR216W,0,-3.730474,0.10641110688447952,0.9160739779472351,0.7692745327949524
YPL139C,YCR092C,1,-3.7307374,0.10655873268842697,0.9174964427947998,0.7692745327949524
YGL233W,YNL103W,0,-3.7307405,0.10654112696647644,0.9174964427947998,0.7694168090820312
YPL020C,YML023C,0,-3.730899,0.1065235361456871,0.9174964427947998,0.7695590257644653
YNL093W,YDL004W,0,-3.7310116,0.10650594532489777,0.9174964427947998,0.7697013020515442
YPR164W,YBR135W,0,-3.7312007,0.10648836195468903,0.9174964427947998,0.7698435187339783
YDR289C,YBR172C,0,-3.7314498,0.10647078603506088,0.9174964427947998,0.7699857950210571
YDR448W,YDL164C,0,-3.7314723,0.10645321011543274,0.9174964427947998,0.7701280117034912
YLR032W,YDR045C,0,-3.7319696,0.10643564164638519,0.9174964427947998,0.7702702879905701
YBL020W,YOR132W,0,-3.7322733,0.10641808062791824,0.9174964427947998,0.7704125046730042
YJR143C,YDL052C,0,-3.7323277,0.10640052706003189,0.9174964427947998,0.770554780960083
YOR386W,YDR456W,0,-3.7323658,0.10638298094272614,0.9174964427947998,0.7706969976425171
YNL326C,YGL087C,0,-3.7324646,0.10636543482542038,0.9174964427947998,0.770839273929596
YER161C,YPR181C,0,-3.7329705,0.10634789615869522,0.9174964427947998,0.77098149061203
YPR021C,YDL015C,0,-3.733012,0.10633036494255066,0.9174964427947998,0.7711237668991089
YKL053C-A,YLR368W,0,-3.73314,0.1063128411769867,0.9174964427947998,0.771265983581543
YOR026W,YOR132W,0,-3.7332358,0.10629531741142273,0.9174964427947998,0.7714082598686218
YCL052C,YLR115W,0,-3.7334268,0.10627780854701996,0.9174964427947998,0.7715504765510559
YGR214W,YFR028C,0,-3.7336593,0.10626029968261719,0.9174964427947998,0.7716927528381348
YGL205W,YDL197C,0,-3.7337961,0.10624279081821442,0.9174964427947998,0.7718349695205688
YGR202C,YHR175W,0,-3.734078,0.10622529685497284,0.9174964427947998,0.7719772458076477
YPL069C,YGR183C,0,-3.7342408,0.10620780289173126,0.9174964427947998,0.7721194624900818
YDL200C,YKL007W,0,-3.7343009,0.10619031637907028,0.9174964427947998,0.7722617387771606
YKL085W,YFR009W,0,-3.734872,0.1061728373169899,0.9174964427947998,0.7724039554595947
YOR157C,YGL243W,0,-3.7348964,0.10615536570549011,0.9174964427947998,0.7725462317466736
YDR079C-A,YPR082C,0,-3.7353394,0.10613789409399033,0.9174964427947998,0.7726884484291077
YKR079C,YOR239W,0,-3.7353814,0.10612043738365173,0.9174964427947998,0.7728307247161865
YOR308C,YDL150W,0,-3.7354937,0.10610298067331314,0.9174964427947998,0.7729730010032654
YOR290C,YDR164C,0,-3.7355607,0.10608552396297455,0.9174964427947998,0.7731152176856995
YNL326C,YMR125W,0,-3.735587,0.10606808215379715,0.9174964427947998,0.7732574939727783
YJR049C,YJL090C,0,-3.7356746,0.10605064034461975,0.9174964427947998,0.7733997106552124
YNL068C,YPL075W,0,-3.735778,0.10603320598602295,0.9174964427947998,0.7735419869422913
YGL111W,YNL147W,0,-3.736305,0.10601577907800674,0.9174964427947998,0.7736842036247253
YOL060C,YGR020C,0,-3.7364495,0.10599835962057114,0.9174964427947998,0.7738264799118042
YHR067W,YKL148C,0,-3.7364647,0.10598094016313553,0.9174964427947998,0.7739686965942383
YPL137C,YNL299W,0,-3.7368784,0.10596352815628052,0.9174964427947998,0.7741109728813171
YOR067C,YGR218W,0,-3.7370465,0.1059461236000061,0.9174964427947998,0.7742531895637512
YPL119C,YLR221C,0,-3.737179,0.10592872649431229,0.9174964427947998,0.7743954658508301
YOR256C,YLR100W,0,-3.7372043,0.10591132938861847,0.9174964427947998,0.7745376825332642
YNL139C,YPL140C,0,-3.7375143,0.10589393973350525,0.9174964427947998,0.774679958820343
YDR146C,YGR002C,0,-3.7378962,0.10587655752897263,0.9174964427947998,0.7748221755027771
YML080W,YDR422C,0,-3.7381046,0.1058591827750206,0.9174964427947998,0.774964451789856
YDR419W,YDR212W,0,-3.7381918,0.10584180802106857,0.9174964427947998,0.77510666847229
YHR085W,YER035W,0,-3.738392,0.10582444816827774,0.9174964427947998,0.7752489447593689
YOL108C,YJL048C,0,-3.738537,0.10580708831548691,0.9174964427947998,0.775391161441803
YGR214W,YIL017C,0,-3.7391422,0.10578973591327667,0.9174964427947998,0.7755334377288818
YKL085W,YPR023C,0,-3.7391632,0.10577238351106644,0.9174964427947998,0.7756756544113159
YML129C,YHR107C,0,-3.7392032,0.1057550385594368,0.9174964427947998,0.7758179306983948
YGR129W,YDR404C,0,-3.7392623,0.10573770850896835,0.9174964427947998,0.7759601473808289
YOR060C,YLR100W,0,-3.7393517,0.10572037100791931,0.9174964427947998,0.7761024236679077
YBL103C,YOR067C,0,-3.739394,0.10570304840803146,0.9174964427947998,0.7762446403503418
YGL087C,YNL147W,0,-3.7394993,0.10568572580814362,0.9174964427947998,0.7763869166374207
YDR463W,YIR009W,0,-3.739736,0.10566841065883636,0.9174964427947998,0.7765291333198547
YNL039W,YML034W,0,-3.7397363,0.10565110296010971,0.9174964427947998,0.7766714096069336
YPL053C,YCR002C,0,-3.7402596,0.10563380271196365,0.9174964427947998,0.7768136262893677
YJL128C,YHR174W,0,-3.740347,0.1056165024638176,0.9174964427947998,0.7769559025764465
YOL088C,YPL001W,0,-3.7404826,0.10559921711683273,0.9174964427947998,0.7770981788635254
YDR075W,YLR032W,0,-3.740639,0.10558193176984787,0.9174964427947998,0.7772403955459595
YMR172W,YDR484W,0,-3.7411287,0.105564646422863,0.9174964427947998,0.7773826718330383
YGR202C,YLR130C,0,-3.741182,0.10554737597703934,0.9174964427947998,0.7775248885154724
YBL035C,YNL182C,0,-3.7412126,0.10553010553121567,0.9174964427947998,0.7776671648025513
YER161C,YKR035W-A,0,-3.741351,0.1055128425359726,0.9174964427947998,0.7778093814849854
YBL093C,YER015W,0,-3.7418437,0.10549558699131012,0.9174964427947998,0.7779516577720642
YGR170W,YNR023W,0,-3.7420855,0.10547833144664764,0.9174964427947998,0.7780938744544983
YDR359C,YNL106C,0,-3.743127,0.10546108335256577,0.9174964427947998,0.7782361507415771
YKL129C,YDR164C,0,-3.7432036,0.10544384270906448,0.9174964427947998,0.7783783674240112
YOR279C,YNR072W,0,-3.7441514,0.1054266095161438,0.9174964427947998,0.7785206437110901
YBR095C,YJL041W,0,-3.744402,0.10540938377380371,0.9174964427947998,0.7786628603935242
YGL122C,YDR464W,0,-3.7444165,0.10539215803146362,0.9174964427947998,0.778805136680603
YOL051W,YOR204W,0,-3.744593,0.10537493973970413,0.9174964427947998,0.7789473533630371
YDL043C,YKL058W,0,-3.7454174,0.10535772889852524,0.9174964427947998,0.779089629650116
YOR168W,YKL008C,0,-3.7457645,0.10534051805734634,0.9174964427947998,0.77923184633255
YPL146C,YDL147W,0,-3.7460558,0.10532331466674805,0.9174964427947998,0.7793741226196289
YLR310C,YDR527W,0,-3.7460837,0.10530611872673035,0.9174964427947998,0.779516339302063
YJL006C,YER155C,0,-3.7466393,0.10528893023729324,0.9174964427947998,0.7796586155891418
YGL233W,YPR024W,0,-3.7475562,0.10527174919843674,0.9174964427947998,0.7798008322715759
YKL140W,YPR113W,0,-3.747793,0.10525456815958023,0.9174964427947998,0.7799431085586548
YML073C,YNL121C,0,-3.7478197,0.10523739457130432,0.9174964427947998,0.7800853252410889
YLR033W,YIL031W,0,-3.748248,0.10522022843360901,0.9174964427947998,0.7802276015281677
YBR049C,YER169W,0,-3.7489588,0.1052030697464943,0.9174964427947998,0.7803698182106018
YER026C,YDR163W,0,-3.7489865,0.10518591105937958,0.9174964427947998,0.7805120944976807
YNL039W,YDR212W,0,-3.7490408,0.10516875982284546,0.9174964427947998,0.7806543111801147
YOR079C,YNL222W,0,-3.7490857,0.10515161603689194,0.9174964427947998,0.7807965874671936
YNL127W,YOL124C,0,-3.749142,0.10513447225093842,0.9174964427947998,0.7809388041496277
YGR129W,YOR034C,0,-3.7491434,0.10511734336614609,0.9174964427947998,0.7810810804367065
YGL122C,YOR272W,0,-3.749208,0.10510021448135376,0.9174964427947998,0.7812233567237854
YKR101W,YLR032W,0,-3.7492206,0.10508308559656143,0.9174964427947998,0.7813655734062195
YJL146W,YLR234W,1,-3.74946,0.10522886365652084,0.9189189076423645,0.7813655734062195
YDR087C,YJL183W,0,-3.7494872,0.10521172732114792,0.9189189076423645,0.7815078496932983
YDR503C,YML129C,0,-3.7496989,0.105194590985775,0.9189189076423645,0.7816500663757324
YER088C,YPR052C,0,-3.7498174,0.10517746955156326,0.9189189076423645,0.7817923426628113
YOR079C,YPL137C,0,-3.7499015,0.10516034811735153,0.9189189076423645,0.7819345593452454
YDR194C,YOR209C,0,-3.750812,0.1051432266831398,0.9189189076423645,0.7820768356323242
YGR112W,YOR119C,0,-3.751695,0.10512612015008926,0.9189189076423645,0.7822190523147583
YPL132W,YOL051W,0,-3.7517178,0.10510901361703873,0.9189189076423645,0.7823613286018372
YBR036C,YKR087C,0,-3.7518547,0.10509191453456879,0.9189189076423645,0.7825035452842712
YLR138W,YGL111W,0,-3.752208,0.10507482290267944,0.9189189076423645,0.7826458215713501
YDR194C,YDL052C,0,-3.752219,0.1050577312707901,0.9189189076423645,0.7827880382537842
YDL235C,YPR191W,0,-3.7523007,0.10504064708948135,0.9189189076423645,0.782930314540863
YNL222W,YMR179W,0,-3.7523212,0.1050235703587532,0.9189189076423645,0.7830725312232971
YGL233W,YPR086W,0,-3.7527134,0.10500650107860565,0.9189189076423645,0.783214807510376
YNL197C,YDL235C,0,-3.7536209,0.1049894392490387,0.9189189076423645,0.7833570241928101
YAL051W,YAL035W,0,-3.753984,0.10497237741947174,0.9189189076423645,0.7834993004798889
YOR330C,YMR201C,0,-3.7540057,0.10495532304048538,0.9189189076423645,0.783641517162323
YBL025W,YOR039W,0,-3.7542915,0.10493826866149902,0.9189189076423645,0.7837837934494019
YNL048W,YDR069C,0,-3.7545788,0.10492122918367386,0.9189189076423645,0.7839260101318359
YGL122C,YJL033W,0,-3.7553356,0.1049041897058487,0.9189189076423645,0.7840682864189148
YLR135W,YPL253C,0,-3.7558558,0.10488715767860413,0.9189189076423645,0.7842105031013489
YNL039W,YBL008W,0,-3.7559595,0.10487013310194016,0.9189189076423645,0.7843527793884277
YER042W,YLR459W,0,-3.7561355,0.10485310852527618,0.9189189076423645,0.7844949960708618
YNL106C,YKL051W,0,-3.7564647,0.10483609139919281,0.9189189076423645,0.7846372723579407
YNR054C,YLR438C-A,0,-3.7564754,0.10481908172369003,0.9189189076423645,0.7847794890403748
YGR231C,YOL021C,0,-3.7566035,0.10480207949876785,0.9189189076423645,0.7849217653274536
YDL004W,YDR147W,0,-3.7566373,0.10478507727384567,0.9189189076423645,0.7850639820098877
YLR191W,YNR008W,0,-3.7569962,0.10476808249950409,0.9189189076423645,0.7852062582969666
YLR115W,YPR008W,0,-3.7571058,0.1047510951757431,0.9189189076423645,0.7853485345840454
YEL024W,YDR116C,0,-3.7574859,0.10473410785198212,0.9189189076423645,0.7854907512664795
YNL307C,YJL146W,1,-3.7579718,0.1048792377114296,0.9203413724899292,0.7854907512664795
YGR257C,YOL045W,0,-3.7580292,0.10486223548650742,0.9203413724899292,0.7856330275535583
YHR150W,YNL261W,0,-3.7586753,0.10484524071216583,0.9203413724899292,0.7857752442359924
YPL139C,YIR026C,1,-3.7589803,0.10499028116464615,0.9217638969421387,0.7857752442359924
YML080W,YBL025W,0,-3.7591555,0.10497327148914337,0.9217638969421387,0.7859175205230713
YML019W,YGR103W,0,-3.75926,0.10495626926422119,0.9217638969421387,0.7860597372055054
YNL222W,YOR334W,0,-3.7593627,0.10493927448987961,0.9217638969421387,0.7862020134925842
YDL004W,YNL298W,0,-3.7593641,0.10492227971553802,0.9217638969421387,0.7863442301750183
YNL103W,YBR079C,0,-3.7595212,0.10490529239177704,0.9217638969421387,0.7864865064620972
YER088C,YDR168W,0,-3.76022,0.10488831251859665,0.9217638969421387,0.7866287231445312
YHR175W,YLR310C,0,-3.760748,0.10487134009599686,0.9217638969421387,0.7867709994316101
YML102W,YDL147W,0,-3.7610881,0.10485436767339706,0.9217638969421387,0.7869132161140442
YGR156W,YNL106C,0,-3.7619257,0.10483740270137787,0.9217638969421387,0.787055492401123
YPL262W,YJL063C,0,-3.7625563,0.10482044517993927,0.9217638969421387,0.7871977090835571
YPR049C,YNL218W,0,-3.7625592,0.10480349510908127,0.9217638969421387,0.787339985370636
YER015W,YOR149C,0,-3.7635667,0.10478654503822327,0.9217638969421387,0.7874822020530701
YML098W,YGL070C,0,-3.7638307,0.10476960241794586,0.9217638969421387,0.7876244783401489
YPR164W,YHR150W,0,-3.7638988,0.10475266724824905,0.9217638969421387,0.787766695022583
YOL045W,YGL044C,0,-3.764209,0.10473573952913284,0.9217638969421387,0.7879089713096619
YAL035W,YOR100C,0,-3.7643511,0.10471881181001663,0.9217638969421387,0.788051187992096
YJR031C,YER155C,0,-3.7643585,0.10470189154148102,0.9217638969421387,0.7881934642791748
YBR049C,YDR512C,0,-3.7646403,0.104684978723526,0.9217638969421387,0.7883356809616089
YPL046C,YDL015C,0,-3.7653599,0.10466806590557098,0.9217638969421387,0.7884779572486877
YER169W,YDR423C,0,-3.765453,0.10465116053819656,0.9217638969421387,0.7886201739311218
YMR268C,YDR045C,0,-3.7663074,0.10463426262140274,0.9217638969421387,0.7887624502182007
YPR021C,YNL149C,0,-3.766546,0.10461737215518951,0.9217638969421387,0.7889046669006348
YJL074C,YBL009W,1,-3.766597,0.10476190596818924,0.9231863617897034,0.7889046669006348
YNL326C,YGR262C,0,-3.7666385,0.10474499315023422,0.9231863617897034,0.7890469431877136
YDR258C,YOR132W,0,-3.767183,0.1047280952334404,0.9231863617897034,0.7891891598701477
YHR085W,YBR049C,0,-3.7674477,0.10471119731664658,0.9231863617897034,0.7893314361572266
YNL103W,YDR045C,0,-3.7685516,0.10469430685043335,0.9231863617897034,0.7894737124443054
YKL148C,YML036W,0,-3.7695103,0.10467741638422012,0.9231863617897034,0.7896159291267395
YBR199W,YDL150W,0,-3.7703087,0.10466054081916809,0.9231863617897034,0.7897582054138184
YNL207W,YIL147C,0,-3.770572,0.10464366525411606,0.9231863617897034,0.7899004220962524
YPR057W,YHR205W,0,-3.770737,0.10462679713964462,0.9231863617897034,0.7900426983833313
YDL115C,YER173W,1,-3.7707796,0.10477111488580704,0.9246088266372681,0.7900426983833313
YNL039W,YOR157C,0,-3.7708573,0.10475423187017441,0.9246088266372681,0.7901849150657654
YLR409C,YML036W,0,-3.7709367,0.10473734885454178,0.9246088266372681,0.7903271913528442
YOR026W,YDL044C,0,-3.7710764,0.10472047328948975,0.9246088266372681,0.7904694080352783
YDR118W,YKR035W-A,0,-3.7715907,0.10470360517501831,0.9246088266372681,0.7906116843223572
YDR392W,YHR107C,0,-3.771826,0.10468674451112747,0.9246088266372681,0.7907539010047913
YIL159W,YJL154C,0,-3.772432,0.10466988384723663,0.9246088266372681,0.7908961772918701
YNL221C,YKR079C,0,-3.7730286,0.10465303808450699,0.9246088266372681,0.7910383939743042
YLR110C,YDR512C,0,-3.7730618,0.10463618487119675,0.9246088266372681,0.7911806702613831
YPL020C,YHR107C,0,-3.7736614,0.1046193465590477,0.9246088266372681,0.7913228869438171
YMR270C,YNL039W,0,-3.7738392,0.10460250824689865,0.9246088266372681,0.791465163230896
YML028W,YKL051W,0,-3.7740023,0.1045856773853302,0.9246088266372681,0.7916073799133301
YPL139C,YJL074C,1,-3.7748733,0.10472972691059113,0.9260312914848328,0.7916073799133301
YOR026W,YPR082C,0,-3.7755754,0.10471288114786148,0.9260312914848328,0.7917496562004089
YKL053C-A,YMR302C,0,-3.7760153,0.10469604283571243,0.9260312914848328,0.791891872882843
YAL059W,YLR438C-A,0,-3.7762117,0.10467921197414398,0.9260312914848328,0.7920341491699219
YPR086W,YKL188C,0,-3.776849,0.10466238111257553,0.9260312914848328,0.792176365852356
YDR264C,YBL020W,0,-3.7768607,0.10464555770158768,0.9260312914848328,0.7923186421394348
YNR052C,YDL015C,0,-3.7771165,0.10462873429059982,0.9260312914848328,0.7924608588218689
YJL029C,YDR264C,0,-3.7772315,0.10461192578077316,0.9260312914848328,0.7926031351089478
YOR272W,YJL154C,0,-3.7777116,0.1045951172709465,0.9260312914848328,0.7927453517913818
YHL022C,YBR250W,1,-3.7777693,0.10473895817995071,0.9274537563323975,0.7927453517913818
YPR094W,YGR278W,0,-3.7779305,0.10472213476896286,0.9274537563323975,0.7928876280784607
YDR385W,YOR377W,0,-3.7783105,0.1047053188085556,0.9274537563323975,0.7930298447608948
YBL103C,YDR088C,0,-3.7785113,0.10468850284814835,0.9274537563323975,0.7931721210479736
YNL197C,YBR065C,0,-3.7791622,0.10467169433832169,0.9274537563323975,0.7933143377304077
YDR178W,YGR077C,0,-3.7795715,0.10465489327907562,0.9274537563323975,0.7934566140174866
YGR185C,YPL084W,0,-3.7810214,0.10463809967041016,0.9274537563323975,0.7935988903045654
YNL267W,YDL164C,0,-3.782173,0.10462130606174469,0.9274537563323975,0.7937411069869995
YDL200C,YGR007W,0,-3.7831519,0.10460452735424042,0.9274537563323975,0.7938833832740784
YNL173C,YDR512C,0,-3.783662,0.10458774119615555,0.9274537563323975,0.7940255999565125
YKL166C,YML115C,0,-3.783747,0.10457096993923187,0.9274537563323975,0.7941678762435913
YDL200C,YML036W,0,-3.783945,0.1045541986823082,0.9274537563323975,0.7943100929260254
YNL326C,YML023C,0,-3.7844856,0.10453743487596512,0.9274537563323975,0.7944523692131042
YCL004W,YPL053C,0,-3.784704,0.10452067852020264,0.9274537563323975,0.7945945858955383
YBR112C,YDL212W,0,-3.7847483,0.10450392961502075,0.9274537563323975,0.7947368621826172
YGR231C,YPR057W,0,-3.7849019,0.10448718070983887,0.9274537563323975,0.7948790788650513
YMR298W,YOR319W,0,-3.7851462,0.10447043925523758,0.9274537563323975,0.7950213551521301
YOR341W,YGR094W,0,-3.785184,0.10445369780063629,0.9274537563323975,0.7951635718345642
YDL143W,YOL028C,0,-3.7860935,0.1044369712471962,0.9274537563323975,0.7953058481216431
YGR135W,YBL008W,0,-3.7872174,0.1044202446937561,0.9274537563323975,0.7954480648040771
YCR081W,YLR032W,0,-3.7879832,0.1044035255908966,0.9274537563323975,0.795590341091156
YKL140W,YJL076W,0,-3.7881846,0.10438680648803711,0.9274537563323975,0.7957325577735901
YLR103C,YHR165C,0,-3.7883298,0.10437009483575821,0.9274537563323975,0.795874834060669
YNL186W,YBL093C,0,-3.7894042,0.1043533906340599,0.9274537563323975,0.796017050743103
YOL023W,YOR149C,0,-3.7900329,0.1043366938829422,0.9274537563323975,0.7961593270301819
YGR185C,YGL243W,0,-3.7902873,0.1043199971318245,0.9274537563323975,0.796301543712616
YOR208W,YPL053C,0,-3.791192,0.10430330783128738,0.9274537563323975,0.7964438199996948
YOR193W,YJR007W,0,-3.7914405,0.10428662598133087,0.9274537563323975,0.7965860366821289
YBL052C,YLR135W,0,-3.7916853,0.10426995158195496,0.9274537563323975,0.7967283129692078
YNL135C,YPL046C,0,-3.7923133,0.10425327718257904,0.9274537563323975,0.7968705296516418
YLL034C,YKL085W,0,-3.7923696,0.10423661023378372,0.9274537563323975,0.7970128059387207
YGL233W,YGR262C,0,-3.7924902,0.104219950735569,0.9274537563323975,0.7971550226211548
YFL009W,YLR248W,1,-3.7926474,0.10436311364173889,0.9288762211799622,0.7971550226211548
YGR077C,YBR273C,0,-3.7931557,0.10434643924236298,0.9288762211799622,0.7972972989082336
YPL045W,YGL087C,0,-3.7932973,0.10432976484298706,0.9288762211799622,0.7974395155906677
YDR289C,YKL018W,0,-3.79363,0.10431309789419174,0.9288762211799622,0.7975817918777466
YOR245C,YML060W,0,-3.7939074,0.10429643839597702,0.9288762211799622,0.7977240681648254
YER068W,YLR396C,0,-3.7939265,0.1042797863483429,0.9288762211799622,0.7978662848472595
YBR049C,YNL283C,0,-3.7940125,0.10426313430070877,0.9288762211799622,0.7980085611343384
YHR152W,YER173W,1,-3.7941568,0.10440613329410553,0.9302987456321716,0.7980085611343384
YDL007W,YBL093C,0,-3.7942731,0.10438946634531021,0.9302987456321716,0.7981507778167725
YHR148W,YDL022W,0,-3.7944648,0.10437280684709549,0.9302987456321716,0.7982930541038513
YDL022W,YOL124C,0,-3.794636,0.10435615479946136,0.9302987456321716,0.7984352707862854
YER123W,YBR135W,0,-3.7946994,0.10433950275182724,0.9302987456321716,0.7985775470733643
YNL091W,YMR273C,0,-3.7952418,0.10432285815477371,0.9302987456321716,0.7987197637557983
YBR244W,YBR199W,0,-3.795243,0.10430622100830078,0.9302987456321716,0.7988620400428772
YMR127C,YJR049C,0,-3.7956703,0.10428958386182785,0.9302987456321716,0.7990042567253113
YKL117W,YPR042C,0,-3.7960937,0.10427296161651611,0.9302987456321716,0.7991465330123901
YOR034C,YJL063C,0,-3.7964618,0.10425633937120438,0.9302987456321716,0.7992887496948242
YPR005C,YHR066W,0,-3.796532,0.10423971712589264,0.9302987456321716,0.7994310259819031
YNL048W,YDR235W,0,-3.7970517,0.1042231097817421,0.9302987456321716,0.7995732426643372
YML021C,YPL161C,0,-3.7973793,0.10420650243759155,0.9302987456321716,0.799715518951416
YDR359C,YBL093C,0,-3.7978165,0.1041899025440216,0.9302987456321716,0.7998577356338501
YJL128C,YJL183W,0,-3.7978408,0.10417330265045166,0.9302987456321716,0.800000011920929
YMR138W,YDL150W,0,-3.797932,0.10415671020746231,0.9302987456321716,0.800142228603363
YHR082C,YPL084W,0,-3.7980435,0.10414012521505356,0.9302987456321716,0.8002845048904419
YKR042W,YIR004W,0,-3.7987516,0.1041235476732254,0.9302987456321716,0.800426721572876
YMR039C,YDR059C,0,-3.7991698,0.10410697013139725,0.9302987456321716,0.8005689978599548
YDR463W,YNL281W,0,-3.7992222,0.10409040004014969,0.9302987456321716,0.8007112145423889
YER120W,YLR033W,0,-3.7999103,0.10407383739948273,0.9302987456321716,0.8008534908294678
YEL042W,YDR404C,0,-3.8002746,0.10405728220939636,0.9302987456321716,0.8009957075119019
YBL103C,YLR376C,0,-3.8003457,0.10404072701931,0.9302987456321716,0.8011379837989807
YPR056W,YBR079C,0,-3.8004677,0.10402417927980423,0.9302987456321716,0.8012802004814148
YDR322C-A,YMR091C,0,-3.8005416,0.10400763154029846,0.9302987456321716,0.8014224767684937
YDR121W,YIL106W,0,-3.8005977,0.10399109870195389,0.9302987456321716,0.8015646934509277
YPR034W,YDR331W,0,-3.800772,0.10397456586360931,0.9302987456321716,0.8017069697380066
YNL093W,YPL253C,0,-3.8010242,0.10395803302526474,0.9302987456321716,0.8018492460250854
YLR110C,YKL081W,0,-3.8014681,0.10394151508808136,0.9302987456321716,0.8019914627075195
YGR129W,YNL261W,0,-3.801768,0.10392499715089798,0.9302987456321716,0.8021337389945984
YIL147C,YML036W,0,-3.8021414,0.1039084866642952,0.9302987456321716,0.8022759556770325
YKR035W-A,YNL121C,0,-3.8026736,0.10389197617769241,0.9302987456321716,0.8024182319641113
YBR276C,YOR149C,0,-3.8032033,0.10387547314167023,0.9302987456321716,0.8025604486465454
YMR247C,YPR046W,0,-3.8036041,0.10385897755622864,0.9302987456321716,0.8027027249336243
YNL221C,YLR105C,0,-3.8036444,0.10384248942136765,0.9302987456321716,0.8028449416160583
YNL139C,YPL075W,0,-3.8038564,0.10382600128650665,0.9302987456321716,0.8029872179031372
YIL017C,YML094W,0,-3.8049824,0.10380952060222626,0.9302987456321716,0.8031294345855713
YER035W,YML098W,0,-3.8056023,0.10379304736852646,0.9302987456321716,0.8032717108726501
YLR430W,YPR181C,0,-3.8056233,0.10377658158540726,0.9302987456321716,0.8034139275550842
YHR148W,YKL126W,0,-3.8060439,0.10376011580228806,0.9302987456321716,0.8035562038421631
YCR092C,YER173W,1,-3.8063786,0.10390228778123856,0.9317212104797363,0.8035562038421631
YKR101W,YJL111W,0,-3.8070862,0.10388580709695816,0.9317212104797363,0.8036984205245972
YMR201C,YPR052C,0,-3.807806,0.10386933386325836,0.9317212104797363,0.803840696811676
YPR005C,YKL188C,0,-3.8081892,0.10385286062955856,0.9317212104797363,0.8039829134941101
YLR105C,YOL156W,0,-3.8082383,0.10383639484643936,0.9317212104797363,0.804125189781189
YHR031C,YGR003W,0,-3.808656,0.10381993651390076,0.9317212104797363,0.804267406463623
YDR302W,YDR512C,0,-3.808762,0.10380348563194275,0.9317212104797363,0.8044096827507019
YML129C,YOL089C,0,-3.8089888,0.10378704220056534,0.9317212104797363,0.804551899433136
YPL262W,YNR052C,0,-3.8090813,0.10377059876918793,0.9317212104797363,0.8046941757202148
YDL003W,YDR279W,0,-3.8091633,0.10375415533781052,0.9317212104797363,0.8048363924026489
YDR118W,YJL194W,0,-3.8092215,0.1037377268075943,0.9317212104797363,0.8049786686897278
YJL041W,YHR150W,0,-3.809786,0.10372129827737808,0.9317212104797363,0.8051208853721619
YMR091C,YHR066W,0,-3.8101478,0.10370487719774246,0.9317212104797363,0.8052631616592407
YOR279C,YPR030W,0,-3.8105757,0.10368845611810684,0.9317212104797363,0.8054053783416748
YPR056W,YKR061W,0,-3.810589,0.10367204993963242,0.9317212104797363,0.8055476546287537
YOR229W,YNL088W,1,-3.8106816,0.10381389409303665,0.933143675327301,0.8055476546287537
YDR085C,YDR110W,0,-3.8108737,0.10379746556282043,0.933143675327301,0.8056898713111877
YPR042C,YGR135W,0,-3.8110635,0.10378104448318481,0.933143675327301,0.8058321475982666
YLR032W,YDL015C,0,-3.811118,0.10376463085412979,0.933143675327301,0.8059744238853455
YLR192C,YML023C,0,-3.811472,0.10374821722507477,0.933143675327301,0.8061166405677795
YDR164C,YJL063C,0,-3.8119276,0.10373181849718094,0.933143675327301,0.8062589168548584
YNL281W,YOR149C,0,-3.8121004,0.10371541231870651,0.933143675327301,0.8064011335372925
YGR231C,YDR120C,0,-3.8127716,0.10369902104139328,0.933143675327301,0.8065434098243713
YPL069C,YGL012W,0,-3.813079,0.10368262976408005,0.933143675327301,0.8066856265068054
YDR422C,YFL031W,0,-3.8135,0.10366624593734741,0.933143675327301,0.8068279027938843
YOR386W,YAL035W,0,-3.8144708,0.10364986211061478,0.933143675327301,0.8069701194763184
YGL070C,YDR490C,0,-3.8156674,0.10363349318504333,0.933143675327301,0.8071123957633972
YDR211W,YGR156W,0,-3.8160813,0.1036171242594719,0.933143675327301,0.8072546124458313
YIL075C,YPL115C,0,-3.8162992,0.10360075533390045,0.933143675327301,0.8073968887329102
YPL121C,YGR225W,1,-3.8167045,0.10374230146408081,0.9345661401748657,0.8073968887329102
YPL174C,YPL075W,0,-3.8171327,0.10372592508792877,0.9345661401748657,0.8075391054153442
YLR060W,YDL147W,0,-3.817548,0.10370954871177673,0.9345661401748657,0.8076813817024231
YJL128C,YDR110W,0,-3.8180797,0.10369317978620529,0.9345661401748657,0.8078235983848572
YPR057W,YOR239W,0,-3.818331,0.10367681831121445,0.9345661401748657,0.807965874671936
YNL154C,YIR009W,0,-3.818574,0.1036604642868042,0.9345661401748657,0.8081080913543701
YDL047W,YIL002C,0,-3.8187823,0.10364411026239395,0.9345661401748657,0.808250367641449
YPL167C,YLR192C,0,-3.8192108,0.1036277636885643,0.9345661401748657,0.8083925843238831
YGR202C,YNR052C,0,-3.8194695,0.10361141711473465,0.9345661401748657,0.8085348606109619
YPL233W,YAL051W,0,-3.8199902,0.1035950779914856,0.9345661401748657,0.808677077293396
YBR112C,YNL099C,0,-3.8201663,0.10357874631881714,0.9345661401748657,0.8088193535804749
YLR130C,YOR377W,0,-3.820227,0.10356242209672928,0.9345661401748657,0.8089615702629089
YBL046W,YLR384C,0,-3.820437,0.10354609787464142,0.9345661401748657,0.8091038465499878
YNL218W,YNL261W,0,-3.820441,0.10352978110313416,0.9345661401748657,0.8092460632324219
YER088C,YNL106C,0,-3.8213067,0.10351347178220749,0.9345661401748657,0.8093883395195007
YNL281W,YDL197C,0,-3.8216865,0.10349716246128082,0.9345661401748657,0.8095305562019348
YJR143C,YBL020W,0,-3.821747,0.10348086059093475,0.9345661401748657,0.8096728324890137
YLR370C,YKR042W,0,-3.821964,0.10346456617116928,0.9345661401748657,0.8098150491714478
YJL076W,YDL015C,0,-3.8220215,0.1034482792019844,0.9345661401748657,0.8099573254585266
YPL139C,YLR248W,1,-3.8221095,0.10358942300081253,0.9359886050224304,0.8099573254585266
YDR164C,YDR116C,0,-3.822328,0.10357311367988586,0.9359886050224304,0.8100996017456055
YMR023C,YNL093W,0,-3.8224728,0.1035568118095398,0.9359886050224304,0.8102418184280396
YGR214W,YDL097C,0,-3.8225224,0.10354051738977432,0.9359886050224304,0.8103840947151184
YOR122C,YHR012W,0,-3.82271,0.10352423042058945,0.9359886050224304,0.8105263113975525
YOR058C,YNL172W,0,-3.822852,0.10350794345140457,0.9359886050224304,0.8106685876846313
YOR272W,YMR125W,0,-3.8230054,0.10349166393280029,0.9359886050224304,0.8108108043670654
YNL207W,YIL049W,0,-3.823055,0.10347539186477661,0.9359886050224304,0.8109530806541443
YJL183W,YLR043C,0,-3.824231,0.10345911979675293,0.9359886050224304,0.8110952973365784
YLR459W,YGL053W,0,-3.82434,0.10344285517930984,0.9359886050224304,0.8112375736236572
YMR039C,YPR046W,0,-3.8243892,0.10342659801244736,0.9359886050224304,0.8113797903060913
YDR211W,YJR049C,0,-3.8246746,0.10341034084558487,0.9359886050224304,0.8115220665931702
YCR065W,YOL016C,0,-3.8259382,0.10339409112930298,0.9359886050224304,0.8116642832756042
YOR148C,YOR334W,0,-3.826244,0.10337784886360168,0.9359886050224304,0.8118065595626831
YNL221C,YNR008W,0,-3.8262837,0.10336160659790039,0.9359886050224304,0.8119487762451172
YJL146W,YJL080C,1,-3.8266315,0.10350243747234344,0.9374110698699951,0.8119487762451172
YDR211W,YHR073W,0,-3.8273048,0.10348618030548096,0.9374110698699951,0.812091052532196
YER068W,YOR157C,0,-3.827706,0.10346993058919907,0.9374110698699951,0.8122332692146301
YDR120C,YDR308C,0,-3.827884,0.10345368832349777,0.9374110698699951,0.812375545501709
YNL048W,YDR404C,0,-3.828335,0.10343745350837708,0.9374110698699951,0.8125177621841431
YML034W,YHR001W-A,0,-3.828379,0.10342121869325638,0.9374110698699951,0.8126600384712219
YDL003W,YGR002C,0,-3.8284066,0.10340499132871628,0.9374110698699951,0.812802255153656
YJL128C,YPR113W,0,-3.828511,0.10338876396417618,0.9374110698699951,0.8129445314407349
YDR118W,YML015C,0,-3.8293035,0.10337255150079727,0.9374110698699951,0.813086748123169
YNL326C,YFL002C,0,-3.830044,0.10335633903741837,0.9374110698699951,0.8132290244102478
YNL173C,YNL261W,0,-3.830119,0.10334012657403946,0.9374110698699951,0.8133712410926819
YDR379W,YDR182W,0,-3.8304725,0.10332392901182175,0.9374110698699951,0.8135135173797607
YGR095C,YLR376C,0,-3.8305676,0.10330773144960403,0.9374110698699951,0.8136557340621948
YFL021W,YHR205W,0,-3.8305926,0.10329153388738632,0.9374110698699951,0.8137980103492737
YOL089C,YOR290C,0,-3.831213,0.1032753512263298,0.9374110698699951,0.8139402270317078
YMR080C,YLR221C,0,-3.8317642,0.10325916856527328,0.9374110698699951,0.8140825033187866
YHR069C,YAL051W,0,-3.8319604,0.10324298590421677,0.9374110698699951,0.8142247796058655
YNL281W,YMR227C,0,-3.831968,0.10322681814432144,0.9374110698699951,0.8143669962882996
YPL233W,YDR422C,0,-3.8326073,0.10321065038442612,0.9374110698699951,0.8145092725753784
YMR039C,YGL071W,0,-3.8326976,0.10319449007511139,0.9374110698699951,0.8146514892578125
YIL106W,YER123W,0,-3.8327124,0.10317832976579666,0.9374110698699951,0.8147937655448914
YMR273C,YOR008C,0,-3.833246,0.10316217690706253,0.9374110698699951,0.8149359822273254
YLR006C,YDL097C,0,-3.8334134,0.103146031498909,0.9374110698699951,0.8150782585144043
YPL151C,YBR273C,0,-3.8339937,0.10312989354133606,0.9374110698699951,0.8152204751968384
YOR039W,YGL178W,0,-3.8340685,0.10311375558376312,0.9374110698699951,0.8153627514839172
YML069W,YBL093C,0,-3.8344076,0.10309762507677078,0.9374110698699951,0.8155049681663513
YPL069C,YOL045W,0,-3.8344855,0.10308149456977844,0.9374110698699951,0.8156472444534302
YHR114W,YMR268C,0,-3.8347468,0.1030653715133667,0.9374110698699951,0.8157894611358643
YBR015C,YMR247C,0,-3.8348293,0.10304925590753555,0.9374110698699951,0.8159317374229431
YDL003W,YJL006C,0,-3.8348489,0.103033147752285,0.9374110698699951,0.8160739541053772
YOL028C,YJL111W,0,-3.835002,0.10301703959703445,0.9374110698699951,0.816216230392456
YHR067W,YPR182W,0,-3.835173,0.1030009388923645,0.9374110698699951,0.8163584470748901
YCL052C,YBR065C,0,-3.835495,0.10298483818769455,0.9374110698699951,0.816500723361969
YGR231C,YJL006C,0,-3.8368485,0.10296875238418579,0.9374110698699951,0.8166429400444031
YGR048W,YPR101W,0,-3.8368702,0.10295266658067703,0.9374110698699951,0.8167852163314819
YPL020C,YOL060C,0,-3.8370693,0.10293658077716827,0.9374110698699951,0.816927433013916
YPL045W,YDR212W,0,-3.837927,0.10292050242424011,0.9374110698699951,0.8170697093009949
YIL115C,YMR162C,0,-3.8379943,0.10290443152189255,0.9374110698699951,0.817211925983429
YHL022C,YGR225W,1,-3.8383305,0.10304449498653412,0.9388335943222046,0.817211925983429
YOR034C,YER149C,0,-3.838368,0.10302840918302536,0.9388335943222046,0.8173542022705078
YDR168W,YGR278W,0,-3.838523,0.1030123308300972,0.9388335943222046,0.8174964189529419
YPL075W,YJR082C,0,-3.838657,0.10299625247716904,0.9388335943222046,0.8176386952400208
YJL076W,YIL048W,0,-3.8392994,0.10298018157482147,0.9388335943222046,0.8177809119224548
YNL154C,YNL173C,0,-3.8401034,0.1029641181230545,0.9388335943222046,0.8179231882095337
YNL048W,YIR004W,0,-3.8402202,0.10294805467128754,0.9388335943222046,0.8180654048919678
YOL051W,YDR464W,0,-3.8404372,0.10293200612068176,0.9388335943222046,0.8182076811790466
YDR464W,YPL161C,0,-3.84045,0.10291595011949539,0.9388335943222046,0.8183499574661255
YPL115C,YNL232W,0,-3.8423269,0.10289990901947021,0.9388335943222046,0.8184921741485596
YGL070C,YDL164C,0,-3.8426993,0.10288386791944504,0.9388335943222046,0.8186344504356384
YCR091W,YER015W,0,-3.8427298,0.10286782681941986,0.9388335943222046,0.8187766671180725
YJL133W,YOR122C,0,-3.8428128,0.10285180062055588,0.9388335943222046,0.8189189434051514
YPR181C,YKL004W,0,-3.8430746,0.1028357744216919,0.9388335943222046,0.8190611600875854
YOR330C,YOR308C,0,-3.8431556,0.10281975567340851,0.9388335943222046,0.8192034363746643
YMR138W,YDR501W,0,-3.8431704,0.10280373692512512,0.9388335943222046,0.8193456530570984
YBL007C,YOR149C,0,-3.843759,0.10278772562742233,0.9388335943222046,0.8194879293441772
YJL111W,YPL140C,0,-3.8437982,0.10277172178030014,0.9388335943222046,0.8196301460266113
YNL221C,YJL076W,0,-3.8442752,0.10275571793317795,0.9388335943222046,0.8197724223136902
YDR289C,YPR101W,0,-3.8442829,0.10273972898721695,0.9388335943222046,0.8199146389961243
YDR110W,YKL085W,0,-3.844884,0.10272373259067535,0.9388335943222046,0.8200569152832031
YLR110C,YBR035C,0,-3.8449564,0.10270775109529495,0.9388335943222046,0.8201991319656372
YDL200C,YOR330C,0,-3.8450062,0.10269176959991455,0.9388335943222046,0.8203414082527161
YHR174W,YDL004W,0,-3.8453739,0.10267579555511475,0.9388335943222046,0.8204836249351501
YMR039C,YKL058W,0,-3.8456306,0.10265982151031494,0.9388335943222046,0.820625901222229
YDR264C,YML019W,0,-3.8457627,0.10264385491609573,0.9388335943222046,0.8207681179046631
YBR172C,YLR067C,0,-3.8459985,0.10262789577245712,0.9388335943222046,0.8209103941917419
YNL298W,YDR116C,0,-3.846533,0.10261193662881851,0.9388335943222046,0.821052610874176
YPL233W,YJR057W,0,-3.8469052,0.1025959923863411,0.9388335943222046,0.8211948871612549
YMR287C,YJR093C,0,-3.8470836,0.10258004069328308,0.9388335943222046,0.821337103843689
YBR036C,YER159C,0,-3.8474743,0.10256410390138626,0.9388335943222046,0.8214793801307678
YNL048W,YEL042W,0,-3.8477533,0.10254816710948944,0.9388335943222046,0.8216215968132019
YDR279W,YDR147W,0,-3.8486745,0.10253223776817322,0.9388335943222046,0.8217638731002808
YGR191W,YPL178W,0,-3.8490455,0.102516308426857,0.9388335943222046,0.8219060897827148
YPL146C,YJL111W,0,-3.8499868,0.10250038653612137,0.9388335943222046,0.8220483660697937
YKL166C,YOR039W,0,-3.8500817,0.10248447209596634,0.9388335943222046,0.8221905827522278
YBR250W,YPL121C,1,-3.8502545,0.10262381285429001,0.9402560591697693,0.8221905827522278
YDL043C,YIL159W,0,-3.8506455,0.10260788351297379,0.9402560591697693,0.8223328590393066
YMR268C,YBL025W,0,-3.8510425,0.10259196162223816,0.9402560591697693,0.8224751353263855
YNL177C,YPL253C,0,-3.851144,0.10257603973150253,0.9402560591697693,0.8226173520088196
YHR148W,YMR127C,0,-3.851258,0.1025601252913475,0.9402560591697693,0.8227596282958984
YNL147W,YPL140C,0,-3.8519142,0.10254421085119247,0.9402560591697693,0.8229018449783325
YBR049C,YBR112C,0,-3.8520517,0.10252831131219864,0.9402560591697693,0.8230441212654114
YER068W,YDR398W,0,-3.8530679,0.1025124043226242,0.9402560591697693,0.8231863379478455
YNL283C,YER120W,0,-3.8532488,0.10249651223421097,0.9402560591697693,0.8233286142349243
YJL128C,YDL235C,0,-3.8535445,0.10248062014579773,0.9402560591697693,0.8234708309173584
YER035W,YOR272W,0,-3.8535812,0.10246473550796509,0.9402560591697693,0.8236131072044373
YPL057C,YOR386W,0,-3.8539143,0.10244885087013245,0.9402560591697693,0.8237553238868713
YDR211W,YIL031W,0,-3.8541543,0.1024329736828804,0.9402560591697693,0.8238976001739502
YPR181C,YLR368W,0,-3.8541687,0.10241710394620895,0.9402560591697693,0.8240398168563843
YDR404C,YBR035C,0,-3.8543265,0.1024012416601181,0.9402560591697693,0.8241820931434631
YPL001W,YOR039W,0,-3.8544457,0.10238537937402725,0.9402560591697693,0.8243243098258972
YJL133W,YHR019C,0,-3.8544881,0.102369524538517,0.9402560591697693,0.8244665861129761
YIR026C,YLR248W,1,-3.854734,0.10250851511955261,0.941678524017334,0.8244665861129761
YML015C,YLR221C,0,-3.854803,0.10249264538288116,0.941678524017334,0.8246088027954102
YPR086W,YGR254W,0,-3.8550937,0.10247678309679031,0.941678524017334,0.824751079082489
YNL177C,YEL061C,0,-3.8559778,0.10246092081069946,0.941678524017334,0.8248932957649231
YGL173C,YHR042W,0,-3.8562157,0.10244506597518921,0.941678524017334,0.825035572052002
YNL093W,YNL107W,0,-3.8575552,0.10242921113967896,0.941678524017334,0.825177788734436
YDR075W,YCL004W,0,-3.8579261,0.1024133637547493,0.941678524017334,0.8253200650215149
YML110C,YDR503C,0,-3.8579514,0.10239752382040024,0.941678524017334,0.825462281703949
YLR234W,YIR025W,1,-3.8581288,0.10253634303808212,0.9431009888648987,0.825462281703949
YGR135W,YKL004W,0,-3.8589423,0.10252048820257187,0.9431009888648987,0.8256045579910278
YPR086W,YGR156W,0,-3.8592734,0.10250464081764221,0.9431009888648987,0.8257467746734619
YOR204W,YJL012C,0,-3.85928,0.10248879343271255,0.9431009888648987,0.8258890509605408
YNL121C,YGL243W,0,-3.8595035,0.1024729534983635,0.9431009888648987,0.8260312676429749
YOR122C,YJL183W,0,-3.859627,0.10245711356401443,0.9431009888648987,0.8261735439300537
YPL262W,YOL051W,0,-3.8597379,0.10244128853082657,0.9431009888648987,0.8263157606124878
YMR039C,YGR188C,0,-3.8598692,0.1024254560470581,0.9431009888648987,0.8264580368995667
YJR007W,YLR368W,0,-3.8599176,0.10240963846445084,0.9431009888648987,0.8266003131866455
YOR239W,YDL212W,0,-3.8600147,0.10239382088184357,0.9431009888648987,0.8267425298690796
YGR214W,YDR512C,0,-3.860772,0.1023780107498169,0.9431009888648987,0.8268848061561584
YHR012W,YCL052C,0,-3.8615124,0.10236220806837082,0.9431009888648987,0.8270270228385925
YGR188C,YLR135W,0,-3.8617256,0.10234640538692474,0.9431009888648987,0.8271692991256714
YLR370C,YJR049C,0,-3.8622167,0.10233061015605927,0.9431009888648987,0.8273115158081055
YOR204W,YDL143W,0,-3.8622322,0.10231481492519379,0.9431009888648987,0.8274537920951843
YDR178W,YLR110C,0,-3.8622372,0.1022990271449089,0.9431009888648987,0.8275960087776184
YJR007W,YOR304W,0,-3.862893,0.10228324681520462,0.9431009888648987,0.8277382850646973
YDL115C,YIR026C,1,-3.8631501,0.10242171585559845,0.9445234537124634,0.8277382850646973
YJL087C,YER155C,0,-3.8631725,0.10240592062473297,0.9445234537124634,0.8278805017471313
YGR156W,YJL041W,0,-3.863849,0.10239013284444809,0.9445234537124634,0.8280227780342102
YDR178W,YKL018W,0,-3.864044,0.10237434506416321,0.9445234537124634,0.8281649947166443
YDL015C,YER028C,0,-3.864194,0.10235856473445892,0.9445234537124634,0.8283072710037231
YDL132W,YKL007W,0,-3.8642254,0.10234278440475464,0.9445234537124634,0.8284494876861572
YKL117W,YPL091W,0,-3.86458,0.10232701152563095,0.9445234537124634,0.8285917639732361
YNL048W,YKR035W-A,0,-3.8649244,0.10231124609708786,0.9445234537124634,0.8287339806556702
YKL125W,YJL033W,0,-3.8649316,0.10229548811912537,0.9445234537124634,0.828876256942749
YMR268C,YGR006W,0,-3.8654559,0.10227973014116287,0.9445234537124634,0.8290184736251831
YLR191W,YBR172C,0,-3.8658416,0.10226397961378098,0.9445234537124634,0.829160749912262
YDL143W,YHR196W,0,-3.8664973,0.10224822908639908,0.9445234537124634,0.829302966594696
YDR265W,YML069W,0,-3.8668332,0.10223248600959778,0.9445234537124634,0.8294452428817749
YML098W,YNL147W,0,-3.8668761,0.10221675038337708,0.9445234537124634,0.829587459564209
YML069W,YPL075W,0,-3.8678627,0.10220101475715637,0.9445234537124634,0.8297297358512878
YGR202C,YDL150W,0,-3.8686283,0.10218528658151627,0.9445234537124634,0.8298719525337219
YPL132W,YLR105C,0,-3.8688161,0.10216956585645676,0.9445234537124634,0.8300142288208008
YNL298W,YOR209C,0,-3.8692896,0.10215384513139725,0.9445234537124634,0.8301564455032349
YGR185C,YLR221C,0,-3.8701975,0.10213813185691833,0.9445234537124634,0.8302987217903137
YJL128C,YNL273W,0,-3.8710773,0.10212242603302002,0.9445234537124634,0.8304409384727478
YLR234W,YGR247W,1,-3.8711267,0.10226049274206161,0.9459459185600281,0.8304409384727478
YMR039C,YOR034C,0,-3.8719387,0.1022447720170021,0.9459459185600281,0.8305832147598267
YDL135C,YHR205W,0,-3.8728306,0.1022290512919426,0.9459459185600281,0.8307254910469055
YDR280W,YJL076W,0,-3.8733442,0.10221333801746368,0.9459459185600281,0.8308677077293396
YPR023C,YNL298W,0,-3.873387,0.10219763219356537,0.9459459185600281,0.8310099840164185
YDR182W,YDL097C,0,-3.8736992,0.10218192636966705,0.9459459185600281,0.8311522006988525
YDR419W,YPL178W,0,-3.8738153,0.10216622799634933,0.9459459185600281,0.8312944769859314
YPL244C,YGL012W,0,-3.875831,0.10215053707361221,0.9459459185600281,0.8314366936683655
YGR077C,YOR377W,0,-3.8758347,0.10213484615087509,0.9459459185600281,0.8315789699554443
YBR015C,YFR005C,0,-3.875907,0.10211916267871857,0.9459459185600281,0.8317211866378784
YMR298W,YDR422C,0,-3.8759215,0.10210348665714264,0.9459459185600281,0.8318634629249573
YJR103W,YAL035W,0,-3.876139,0.10208781063556671,0.9459459185600281,0.8320056796073914
YPR075C,YGL003C,0,-3.8765647,0.10207214206457138,0.9459459185600281,0.8321479558944702
YPR075C,YOR316C,0,-3.876635,0.10205647349357605,0.9459459185600281,0.8322901725769043
YKL085W,YBL052C,0,-3.8768523,0.10204081982374191,0.9459459185600281,0.8324324488639832
YNL107W,YPL001W,0,-3.8774886,0.10202515870332718,0.9459459185600281,0.8325746655464172
YDR392W,YAL035W,0,-3.8779776,0.10200951248407364,0.9459459185600281,0.8327169418334961
YKL148C,YDL197C,0,-3.8784626,0.1019938662648201,0.9459459185600281,0.8328591585159302
YIR009W,YOR060C,0,-3.879301,0.10197822749614716,0.9459459185600281,0.833001434803009
YDR385W,YDR297W,0,-3.8796785,0.10196258872747421,0.9459459185600281,0.8331436514854431
YLR234W,YIL132C,1,-3.8800082,0.10210026055574417,0.9473684430122375,0.8331436514854431
YJL076W,YDL197C,0,-3.880556,0.10208461433649063,0.9473684430122375,0.833285927772522
YNR052C,YDR398W,0,-3.8806355,0.10206896811723709,0.9473684430122375,0.833428144454956
YGL246C,YHR012W,0,-3.8806713,0.10205332189798355,0.9473684430122375,0.8335704207420349
YCR081W,YDR168W,0,-3.8809621,0.1020376905798912,0.9473684430122375,0.833712637424469
YKR042W,YJL063C,0,-3.8811333,0.10202205926179886,0.9473684430122375,0.8338549137115479
YAL031C,YDR088C,0,-3.8811615,0.10200643539428711,0.9473684430122375,0.8339971303939819
YPR075C,YDR422C,0,-3.8831348,0.10199081152677536,0.9473684430122375,0.8341394066810608
YLL034C,YJR093C,0,-3.8832457,0.10197519510984421,0.9473684430122375,0.8342816233634949
YMR080C,YLR100W,0,-3.8833797,0.10195958614349365,0.9473684430122375,0.8344238996505737
YDR211W,YKL058W,0,-3.883655,0.1019439771771431,0.9473684430122375,0.8345661163330078
YDR456W,YPL087W,0,-3.8846707,0.10192837566137314,0.9473684430122375,0.8347083926200867
YNL130C,YML115C,0,-3.8856933,0.10191277414560318,0.9473684430122375,0.8348506689071655
YDL200C,YLR376C,0,-3.8859403,0.10189718753099442,0.9473684430122375,0.8349928855895996
YDL017W,YPR008W,0,-3.8863564,0.10188159346580505,0.9473684430122375,0.8351351618766785
YDR318W,YJL087C,0,-3.8868163,0.10186601430177689,0.9473684430122375,0.8352773785591125
YDL115C,YLR248W,1,-3.8871777,0.10200336575508118,0.9487909078598022,0.8352773785591125
YNL207W,YLL003W,0,-3.8872192,0.10198776423931122,0.9487909078598022,0.8354196548461914
YJL183W,YHR073W,0,-3.8874242,0.10197217762470245,0.9487909078598022,0.8355618715286255
YDR194C,YDL188C,0,-3.887502,0.10195659101009369,0.9487909078598022,0.8357041478157043
YDR463W,YLR060W,0,-3.888806,0.10194100439548492,0.9487909078598022,0.8358463644981384
YEL013W,YAR003W,0,-3.8916996,0.10192542523145676,0.9487909078598022,0.8359886407852173
YHR114W,YDR164C,0,-3.892174,0.10190985351800919,0.9487909078598022,0.8361308574676514
YNL121C,YIR015W,0,-3.8922584,0.10189428925514221,0.9487909078598022,0.8362731337547302
YML073C,YHR066W,0,-3.8926425,0.10187872499227524,0.9487909078598022,0.8364153504371643
YAL051W,YPL053C,0,-3.8929555,0.10186316072940826,0.9487909078598022,0.8365576267242432
YMR025W,YOL023W,0,-3.8930843,0.10184761136770248,0.9487909078598022,0.8366998434066772
YHR067W,YPL151C,0,-3.8932745,0.1018320620059967,0.9487909078598022,0.8368421196937561
YDL022W,YJR103W,0,-3.8934734,0.10181652009487152,0.9487909078598022,0.8369843363761902
YPL140C,YJL154C,0,-3.8939416,0.10180097818374634,0.9487909078598022,0.837126612663269
YDL235C,YHR150W,0,-3.8941808,0.10178544372320175,0.9487909078598022,0.8372688293457031
YNL135C,YBL020W,0,-3.8941998,0.10176990926265717,0.9487909078598022,0.837411105632782
YGL111W,YPL087W,0,-3.8962777,0.10175438225269318,0.9487909078598022,0.8375533223152161
YGR123C,YJL111W,0,-3.896349,0.10173886269330978,0.9487909078598022,0.8376955986022949
YOL051W,YOR127W,0,-3.8966904,0.10172335058450699,0.9487909078598022,0.837837815284729
YDR194C,YDL097C,0,-3.8967116,0.1017078384757042,0.9487909078598022,0.8379800915718079
YDL197C,YDR129C,0,-3.8974504,0.101692333817482,0.9487909078598022,0.8381223082542419
YMR241W,YNR008W,0,-3.89747,0.1016768291592598,0.9487909078598022,0.8382645845413208
YIL031W,YER155C,0,-3.8982408,0.1016613319516182,0.9487909078598022,0.8384068012237549
YDR168W,YNL147W,0,-3.898286,0.10164584219455719,0.9487909078598022,0.8385490775108337
YBR035C,YDR490C,0,-3.898624,0.10163035243749619,0.9487909078598022,0.8386912941932678
YIL049W,YML034W,0,-3.899534,0.10161487013101578,0.9487909078598022,0.8388335704803467
YGR095C,YMR273C,0,-3.9006429,0.10159938782453537,0.9487909078598022,0.8389758467674255
YDR110W,YIL048W,0,-3.900862,0.10158392041921616,0.9487909078598022,0.8391180634498596
YJL146W,YIR025W,1,-3.9008672,0.10172072798013687,0.9502133727073669,0.8391180634498596
YOR168W,YML023C,0,-3.9013116,0.10170523822307587,0.9502133727073669,0.8392603397369385
YPR008W,YJL014W,0,-3.902177,0.10168975591659546,0.9502133727073669,0.8394025564193726
YPL046C,YKL008C,0,-3.9026294,0.10167427361011505,0.9502133727073669,0.8395448327064514
YJL080C,YIR026C,1,-3.9026945,0.101810984313488,0.9516358375549316,0.8395448327064514
YPL139C,YOR073W,1,-3.902861,0.10194765776395798,0.9530583024024963,0.8395448327064514
YMR241W,YOR149C,0,-3.9038503,0.10193214565515518,0.9530583024024963,0.8396870493888855
YFR050C,YLR130C,0,-3.9039376,0.10191664099693298,0.9530583024024963,0.8398293256759644
YFR005C,YJR082C,0,-3.9041407,0.10190114378929138,0.9530583024024963,0.8399715423583984
YDL231C,YML023C,0,-3.9042747,0.10188564658164978,0.9530583024024963,0.8401138186454773
YBR170C,YDR069C,0,-3.9058144,0.10187015682458878,0.9530583024024963,0.8402560353279114
YNL154C,YPL151C,0,-3.905833,0.10185466706752777,0.9530583024024963,0.8403983116149902
YDL017W,YPL045W,0,-3.9061701,0.10183918476104736,0.9530583024024963,0.8405405282974243
YML098W,YGR278W,0,-3.9062312,0.10182370990514755,0.9530583024024963,0.8406828045845032
YOL089C,YNL177C,0,-3.9062636,0.10180823504924774,0.9530583024024963,0.8408250212669373
YPL069C,YPR113W,0,-3.9064586,0.10179276764392853,0.9530583024024963,0.8409672975540161
YNL091W,YPR113W,0,-3.9067805,0.10177730768918991,0.9530583024024963,0.8411095142364502
YPL075W,YNL261W,0,-3.9069912,0.1017618477344513,0.9530583024024963,0.841251790523529
YBR015C,YPR094W,0,-3.9070966,0.10174639523029327,0.9530583024024963,0.8413940072059631
YOR334W,YKL140W,0,-3.9076056,0.10173094272613525,0.9530583024024963,0.841536283493042
YKL166C,YLR221C,0,-3.9082947,0.10171549767255783,0.9530583024024963,0.8416785001754761
YJR108W,YOR209C,0,-3.9084792,0.101700060069561,0.9530583024024963,0.8418207764625549
YEL054C,YOR341W,0,-3.9088733,0.10168462246656418,0.9530583024024963,0.841962993144989
YOR157C,YOR008C,0,-3.9089105,0.10166919231414795,0.9530583024024963,0.8421052694320679
YPL262W,YGR112W,0,-3.9089427,0.10165376961231232,0.9530583024024963,0.842247486114502
YDR121W,YPL119C,0,-3.908983,0.10163834691047668,0.9530583024024963,0.8423897624015808
YNL197C,YOR330C,0,-3.9093928,0.10162293165922165,0.9530583024024963,0.8425319790840149
YOR245C,YER126C,0,-3.909983,0.10160752385854721,0.9530583024024963,0.8426742553710938
YDL135C,YDL150W,0,-3.9103768,0.10159211605787277,0.9530583024024963,0.8428164720535278
YGR056W,YOR330C,0,-3.9118264,0.10157671570777893,0.9530583024024963,0.8429587483406067
YPR016C,YBR135W,0,-3.9122765,0.10156131535768509,0.9530583024024963,0.8431010246276855
YMR179W,YML115C,0,-3.9124446,0.10154592245817184,0.9530583024024963,0.8432432413101196
YGL243W,YNL232W,0,-3.912838,0.1015305370092392,0.9530583024024963,0.8433855175971985
YNL218W,YHR107C,0,-3.9132106,0.10151515156030655,0.9530583024024963,0.8435277342796326
YPL262W,YHR205W,0,-3.913504,0.1014997735619545,0.9530583024024963,0.8436700105667114
YKL058W,YKL051W,0,-3.9135275,0.10148439556360245,0.9530583024024963,0.8438122272491455
YDR359C,YJR049C,0,-3.9137864,0.10146903246641159,0.9530583024024963,0.8439545035362244
YIR009W,YML036W,0,-3.9140246,0.10145366191864014,0.9530583024024963,0.8440967202186584
YBR049C,YHR067W,0,-3.9140794,0.10143830627202988,0.9530583024024963,0.8442389965057373
YOR245C,YNL326C,0,-3.9149745,0.10142295062541962,0.9530583024024963,0.8443812131881714
YDR279W,YDR392W,0,-3.9154432,0.10140759497880936,0.9530583024024963,0.8445234894752502
YNL048W,YHR165C,0,-3.916071,0.10139225423336029,0.9530583024024963,0.8446657061576843
YJL006C,YJL014W,0,-3.9161632,0.10137691348791122,0.9530583024024963,0.8448079824447632
YCL052C,YJL090C,0,-3.9161913,0.10136157274246216,0.9530583024024963,0.8449501991271973
YKL129C,YIL023C,0,-3.9171488,0.10134623944759369,0.9530583024024963,0.8450924754142761
YML015C,YJR090C,0,-3.9176345,0.10133091360330582,0.9530583024024963,0.8452346920967102
YFL002C,YOR209C,0,-3.91785,0.10131558775901794,0.9530583024024963,0.8453769683837891
YOL097C,YPR030W,0,-3.9178865,0.10130026936531067,0.9530583024024963,0.8455191850662231
YMR138W,YPL192C,0,-3.9179204,0.10128495842218399,0.9530583024024963,0.845661461353302
YGR129W,YMR127C,0,-3.9179523,0.10126964747905731,0.9530583024024963,0.8458036780357361
YNL149C,YKR101W,0,-3.9183984,0.10125434398651123,0.9530583024024963,0.8459459543228149
YHR019C,YDR087C,0,-3.918413,0.10123904794454575,0.9530583024024963,0.846088171005249
YPR016C,YHR073W,0,-3.9188282,0.10122375190258026,0.9530583024024963,0.8462304472923279
YMR149W,YBR276C,0,-3.9190848,0.10120845586061478,0.9530583024024963,0.846372663974762
YPL091W,YDR394W,0,-3.9193995,0.10119317471981049,0.9530583024024963,0.8465149402618408
YJL087C,YGR072W,0,-3.9194643,0.1011778935790062,0.9530583024024963,0.8466571569442749
YOR008C,YLR409C,0,-3.9196985,0.1011626124382019,0.9530583024024963,0.8467994332313538
YDL235C,YNR052C,0,-3.9198782,0.10114734619855881,0.9530583024024963,0.8469416499137878
YGR191W,YKL007W,0,-3.9207478,0.10113207250833511,0.9530583024024963,0.8470839262008667
YDR512C,YLR376C,0,-3.9212463,0.10111681371927261,0.9530583024024963,0.8472262024879456
YPR023C,YMR201C,0,-3.9214838,0.10110155493021011,0.9530583024024963,0.8473684191703796
YBR010W,YBR135W,0,-3.9219558,0.10108630359172821,0.9530583024024963,0.8475106954574585
YLR370C,YDR512C,0,-3.9220157,0.10107105225324631,0.9530583024024963,0.8476529121398926
YNL154C,YLR176C,0,-3.9228246,0.101055808365345,0.9530583024024963,0.8477951884269714
YDR512C,YKL058W,0,-3.9228709,0.1010405644774437,0.9530583024024963,0.8479374051094055
YDR464W,YJR007W,0,-3.9229782,0.10102532804012299,0.9530583024024963,0.8480796813964844
YER161C,YGR077C,0,-3.9234755,0.10101009905338287,0.9530583024024963,0.8482218980789185
YDR423C,YOR209C,0,-3.923844,0.10099487751722336,0.9530583024024963,0.8483641743659973
YHR085W,YBL046W,0,-3.9241712,0.10097965598106384,0.9530583024024963,0.8485063910484314
YFL009W,YER173W,1,-3.9242752,0.10111512988805771,0.954480767250061,0.8485063910484314
YLR384C,YNL261W,0,-3.9253855,0.101099893450737,0.954480767250061,0.8486486673355103
YNR023W,YPL115C,0,-3.9258363,0.10108466446399689,0.954480767250061,0.8487908840179443
YML034W,YDL044C,0,-3.9260666,0.10106943547725677,0.954480767250061,0.8489331603050232
YDR280W,YNL121C,0,-3.9266694,0.10105421394109726,0.954480767250061,0.8490753769874573
YDR265W,YIL023C,0,-3.9268048,0.10103899985551834,0.954480767250061,0.8492176532745361
YDR182W,YJL012C,0,-3.9268324,0.10102378576993942,0.954480767250061,0.8493598699569702
YDR423C,YDL216C,0,-3.9276211,0.1010085791349411,0.954480767250061,0.8495021462440491
YJL087C,YOR295W,0,-3.928098,0.10099337995052338,0.954480767250061,0.8496443629264832
YMR201C,YER015W,0,-3.9282224,0.10097818076610565,0.954480767250061,0.849786639213562
YML098W,YLR100W,0,-3.928696,0.10096298158168793,0.954480767250061,0.8499288558959961
YDR194C,YDR289C,0,-3.9295042,0.1009477972984314,0.954480767250061,0.850071132183075
YDR302W,YBR009C,0,-3.929701,0.10093261301517487,0.954480767250061,0.850213348865509
YMR235C,YLR368W,0,-3.9299133,0.10091742873191833,0.954480767250061,0.8503556251525879
YPL057C,YOR149C,0,-3.930511,0.100902259349823,0.954480767250061,0.850497841835022
YJL146W,YJL074C,1,-3.9306898,0.10103743523359299,0.9559032917022705,0.850497841835022
YDR211W,YER120W,0,-3.9307296,0.10102225095033646,0.9559032917022705,0.8506401181221008
YBL103C,YJR007W,0,-3.931145,0.10100706666707993,0.9559032917022705,0.8507823348045349
YOR122C,YBR135W,0,-3.9311702,0.1009918823838234,0.9559032917022705,0.8509246110916138
YOL045W,YGR072W,0,-3.9313323,0.10097670555114746,0.9559032917022705,0.8510668277740479
YHR114W,YGR278W,0,-3.932227,0.10096153616905212,0.9559032917022705,0.8512091040611267
YHR114W,YIR009W,0,-3.932513,0.10094637423753738,0.9559032917022705,0.8513513803482056
YDR280W,YOR386W,0,-3.932872,0.10093121230602264,0.9559032917022705,0.8514935970306396
YGL144C,YLR033W,0,-3.9329562,0.1009160503745079,0.9559032917022705,0.8516358733177185
YLR192C,YNL106C,0,-3.9330156,0.10090090334415436,0.9559032917022705,0.8517780900001526
YLR110C,YNL298W,0,-3.933272,0.10088575631380081,0.9559032917022705,0.8519203662872314
YKL058W,YGL044C,0,-3.9342709,0.10087060928344727,0.9559032917022705,0.8520625829696655
YPL020C,YDL235C,0,-3.9343073,0.10085546970367432,0.9559032917022705,0.8522048592567444
YDR463W,YCL054W,0,-3.9346874,0.10084033757448196,0.9559032917022705,0.8523470759391785
YOL088C,YNL214W,0,-3.934851,0.10082520544528961,0.9559032917022705,0.8524893522262573
YDR322C-A,YDR419W,0,-3.9349923,0.10081008076667786,0.9559032917022705,0.8526315689086914
YAL051W,YBR095C,0,-3.9350536,0.1007949635386467,0.9559032917022705,0.8527738451957703
YPR086W,YDR120C,0,-3.9350991,0.10077984631061554,0.9559032917022705,0.8529160618782043
YNL154C,YER006W,0,-3.9352913,0.10076472908258438,0.9559032917022705,0.8530583381652832
YLR006C,YKL007W,0,-3.935729,0.10074962675571442,0.9559032917022705,0.8532005548477173
YOL051W,YNL106C,0,-3.9359589,0.10073452442884445,0.9559032917022705,0.8533428311347961
YPL084W,YER159C,0,-3.9364872,0.10071942210197449,0.9559032917022705,0.8534850478172302
YBL035C,YFR028C,0,-3.9366457,0.10070432722568512,0.9559032917022705,0.8536273241043091
YEL042W,YOR034C,0,-3.9370859,0.10068923979997635,0.9559032917022705,0.8537695407867432
YJL041W,YLR368W,0,-3.9372447,0.10067415982484818,0.9559032917022705,0.853911817073822
YPL084W,YPL211W,0,-3.937487,0.10065907984972,0.9559032917022705,0.8540540337562561
YIL115C,YMR179W,0,-3.938928,0.10064399987459183,0.9559032917022705,0.854196310043335
YKR085C,YLR115W,0,-3.9391167,0.10062892735004425,0.9559032917022705,0.854338526725769
YNL222W,YIL159W,0,-3.9393523,0.10061386227607727,0.9559032917022705,0.8544808030128479
YBR199W,YMR173W,0,-3.9397342,0.10059880465269089,0.9559032917022705,0.854623019695282
YER068W,YOR272W,0,-3.9398584,0.1005837470293045,0.9559032917022705,0.8547652959823608
YDR297W,YBR079C,0,-3.9407823,0.10056868940591812,0.9559032917022705,0.8549075126647949
YJL146W,YJL005W,1,-3.941482,0.10070327669382095,0.9573257565498352,0.8549075126647949
YCR091W,YGL205W,0,-3.9415026,0.10068821161985397,0.9573257565498352,0.8550497889518738
YBL052C,YPL151C,0,-3.941945,0.100673146545887,0.9573257565498352,0.8551920056343079
YGR231C,YJL041W,0,-3.9435647,0.10065808892250061,0.9573257565498352,0.8553342819213867
YML102W,YOR144C,0,-3.9443781,0.10064303874969482,0.9573257565498352,0.8554765582084656
YBR036C,YDR484W,0,-3.9449759,0.10062798857688904,0.9573257565498352,0.8556187748908997
YMR268C,YER159C,0,-3.9451966,0.10061294585466385,0.9573257565498352,0.8557610511779785
YOR270C,YFL031W,0,-3.9453287,0.10059791058301926,0.9573257565498352,0.8559032678604126
YML080W,YNL107W,0,-3.945389,0.10058287531137466,0.9573257565498352,0.8560455441474915
YMR235C,YLR043C,0,-3.9458926,0.10056784003973007,0.9573257565498352,0.8561877608299255
YJL041W,YML094W,0,-3.9464097,0.10055281966924667,0.9573257565498352,0.8563300371170044
YPL244C,YLR313C,0,-3.9465582,0.10053779184818268,0.9573257565498352,0.8564722537994385
YDR088C,YKL012W,0,-3.946747,0.10052277892827988,0.9573257565498352,0.8566145300865173
YNL221C,YKL049C,0,-3.9469802,0.10050776600837708,0.9573257565498352,0.8567567467689514
YLR110C,YLR368W,0,-3.947498,0.10049276053905487,0.9573257565498352,0.8568990230560303
YPR186C,YBL008W,0,-3.9481938,0.10047775506973267,0.9573257565498352,0.8570412397384644
YBR049C,YNL173C,0,-3.948303,0.10046275705099106,0.9573257565498352,0.8571835160255432
YPR024W,YJL014W,0,-3.9494712,0.10044775903224945,0.9573257565498352,0.8573257327079773
YDR479C,YJL033W,0,-3.9496443,0.10043276846408844,0.9573257565498352,0.8574680089950562
YPR023C,YHR107C,0,-3.9500458,0.10041778534650803,0.9573257565498352,0.8576102256774902
YGL003C,YLR135W,0,-3.9506876,0.10040280222892761,0.9573257565498352,0.8577525019645691
YIL115C,YLR409C,0,-3.9519193,0.1003878265619278,0.9573257565498352,0.8578947186470032
YBL035C,YER123W,0,-3.9520378,0.10037285834550858,0.9573257565498352,0.858036994934082
YLL011W,YBL008W,0,-3.9523537,0.10035789012908936,0.9573257565498352,0.8581792116165161
YNR023W,YBR065C,0,-3.9523947,0.10034292191267014,0.9573257565498352,0.858321487903595
YGL070C,YJL154C,0,-3.952576,0.10032796859741211,0.9573257565498352,0.858463704586029
YOL089C,YNL242W,0,-3.9528222,0.10031301528215408,0.9573257565498352,0.8586059808731079
YGR170W,YBR273C,0,-3.9529402,0.10029806196689606,0.9573257565498352,0.858748197555542
YDR456W,YPR181C,0,-3.9533796,0.10028311610221863,0.9573257565498352,0.8588904738426208
YHR085W,YIL159W,0,-3.9535844,0.1002681776881218,0.9573257565498352,0.8590326905250549
YGL044C,YKL012W,0,-3.9536707,0.10025323927402496,0.9573257565498352,0.8591749668121338
YNL218W,YGL243W,0,-3.9536912,0.10023830831050873,0.9573257565498352,0.8593171834945679
YBR114W,YDR394W,0,-3.9539647,0.10022337734699249,0.9573257565498352,0.8594594597816467
YNL207W,YLR052W,0,-3.9544458,0.10020845383405685,0.9573257565498352,0.8596017360687256
YKL117W,YNL147W,0,-3.954934,0.10019353777170181,0.9573257565498352,0.8597439527511597
YMR023C,YDR512C,0,-3.956085,0.10017862170934677,0.9573257565498352,0.8598862290382385
YMR039C,YDR379W,0,-3.9564748,0.10016371309757233,0.9573257565498352,0.8600284457206726
YJL090C,YAL059W,0,-3.9565332,0.10014881193637848,0.9573257565498352,0.8601707220077515
YOR279C,YKL012W,0,-3.9569848,0.10013391077518463,0.9573257565498352,0.8603129386901855
YOR060C,YHR067W,0,-3.9572394,0.10011900961399078,0.9573257565498352,0.8604552149772644
YJL033W,YHR016C,0,-3.9573865,0.10010412335395813,0.9573257565498352,0.8605974316596985
YGR007W,YBR079C,0,-3.9576418,0.10008922964334488,0.9573257565498352,0.8607397079467773
YER149C,YPL140C,0,-3.9578717,0.10007435083389282,0.9573257565498352,0.8608819246292114
YOR279C,YDR164C,0,-3.9584248,0.10005947202444077,0.9573257565498352,0.8610242009162903
YCR093W,YOR304W,0,-3.95866,0.10004459321498871,0.9573257565498352,0.8611664175987244
YBR010W,YBR079C,0,-3.9591272,0.10002972930669785,0.9573257565498352,0.8613086938858032
YPR023C,YLR100W,0,-3.959236,0.10001485794782639,0.9573257565498352,0.8614509105682373
YJL146W,YER173W,1,-3.9595137,0.10014858841896057,0.9587482213973999,0.8614509105682373
YHR067W,YIL031W,0,-3.9597375,0.10013370960950851,0.9587482213973999,0.8615931868553162
YOR026W,YMR080C,0,-3.9604733,0.10011883825063705,0.9587482213973999,0.8617354035377502
YER088C,YBR177C,0,-3.9605815,0.1001039668917656,0.9587482213973999,0.8618776798248291
YDL015C,YJL006C,0,-3.9633577,0.10008910298347473,0.9587482213973999,0.8620198965072632
YKL117W,YNL135C,0,-3.9637384,0.10007423907518387,0.9587482213973999,0.862162172794342
YHR019C,YCR028C-A,0,-3.9639666,0.1000593826174736,0.9587482213973999,0.8623043894767761
YNL091W,YOR026W,0,-3.9646862,0.10004453361034393,0.9587482213973999,0.862446665763855
YNL232W,YNL036W,0,-3.9654486,0.10002968460321426,0.9587482213973999,0.8625888824462891
YGR170W,YKL126W,0,-3.9659986,0.1000148355960846,0.9587482213973999,0.8627311587333679
YPR086W,YNL222W,0,-3.9664373,0.10000000149011612,0.9587482213973999,0.862873375415802
YOR026W,YOR270C,0,-3.9670475,0.09998516738414764,0.9587482213973999,0.8630156517028809
YOR386W,YDR168W,0,-3.9672282,0.09997033327817917,0.9587482213973999,0.8631578683853149
YOR316C,YDL052C,0,-3.9672985,0.09995550662279129,0.9587482213973999,0.8633001446723938
YNL207W,YLR310C,0,-3.9678268,0.09994068741798401,0.9587482213973999,0.8634423613548279
YDR419W,YIL048W,0,-3.9683518,0.09992586821317673,0.9587482213973999,0.8635846376419067
YPR113W,YPR182W,0,-3.9686573,0.09991105645895004,0.9587482213973999,0.8637269139289856
YAL035W,YOR308C,0,-3.9688084,0.09989625215530396,0.9587482213973999,0.8638691306114197
YGR231C,YGR129W,0,-3.968891,0.09988144785165787,0.9587482213973999,0.8640114068984985
YJL076W,YKL007W,0,-3.9693646,0.09986664354801178,0.9587482213973999,0.8641536235809326
YBL093C,YJR082C,0,-3.9695895,0.09985185414552689,0.9587482213973999,0.8642958998680115
YMR268C,YIR009W,0,-3.970333,0.09983706474304199,0.9587482213973999,0.8644381165504456
YNL121C,YGR056W,0,-3.9705768,0.0998222753405571,0.9587482213973999,0.8645803928375244
YFR050C,YPL069C,0,-3.9710696,0.0998074933886528,0.9587482213973999,0.8647226095199585
YDR456W,YDR392W,0,-3.9714818,0.0997927188873291,0.9587482213973999,0.8648648858070374
YDR289C,YGL071W,0,-3.97206,0.0997779443860054,0.9587482213973999,0.8650071024894714
YIL147C,YGL087C,0,-3.9724603,0.0997631698846817,0.9587482213973999,0.8651493787765503
YMR080C,YBR257W,0,-3.9737725,0.0997484102845192,0.9587482213973999,0.8652915954589844
YPL020C,YLR310C,0,-3.9741802,0.09973365068435669,0.9587482213973999,0.8654338717460632
YDR436W,YOR272W,0,-3.974638,0.09971889108419418,0.9587482213973999,0.8655760884284973
YEL061C,YBR065C,0,-3.9762323,0.09970413893461227,0.9587482213973999,0.8657183647155762
YLR248W,YNL088W,1,-3.9765153,0.0998373031616211,0.9601706862449646,0.8657183647155762
YLR032W,YER155C,0,-3.976559,0.09982253611087799,0.9601706862449646,0.8658605813980103
YDR419W,YJL154C,0,-3.9767878,0.09980777651071548,0.9601706862449646,0.8660028576850891
YDR280W,YPL020C,0,-3.9769337,0.09979302436113358,0.9601706862449646,0.8661450743675232
YDR110W,YGR278W,0,-3.977784,0.09977827221155167,0.9601706862449646,0.866287350654602
YNL222W,YOR149C,0,-3.9781144,0.09976352006196976,0.9601706862449646,0.8664295673370361
YPR057W,YOR316C,0,-3.979216,0.09974878281354904,0.9601706862449646,0.866571843624115
YDL043C,YHR073W,0,-3.980446,0.09973404556512833,0.9601706862449646,0.8667140603065491
YMR138W,YBL103C,0,-3.9808838,0.09971930831670761,0.9601706862449646,0.8668563365936279
YHR069C,YDL004W,0,-3.9814234,0.09970457851886749,0.9601706862449646,0.866998553276062
YGR170W,YDR464W,0,-3.9819138,0.09968985617160797,0.9601706862449646,0.8671408295631409
YOL060C,YDR419W,0,-3.9823592,0.09967513382434845,0.9601706862449646,0.867283046245575
YFR009W,YDR404C,0,-3.9828613,0.09966041892766953,0.9601706862449646,0.8674253225326538
YNL135C,YML036W,0,-3.9832656,0.0996457040309906,0.9601706862449646,0.8675675392150879
YER026C,YLR105C,0,-3.983353,0.09963099658489227,0.9601706862449646,0.8677098155021667
YOR256C,YJL006C,0,-3.9841003,0.09961628913879395,0.9601706862449646,0.8678520917892456
YPL069C,YOR334W,0,-3.9842615,0.09960159659385681,0.9601706862449646,0.8679943084716797
YDR182W,YDR484W,0,-3.984993,0.09958689659833908,0.9601706862449646,0.8681365847587585
YNL039W,YNL261W,0,-3.9850032,0.09957221150398254,0.9601706862449646,0.8682788014411926
YIR026C,YNL088W,1,-3.985176,0.09970501810312271,0.9615931510925293,0.8682788014411926
YNL135C,YGR007W,0,-3.9851816,0.09969031065702438,0.9615931510925293,0.8684210777282715
YJL183W,YFR005C,0,-3.9858809,0.09967561066150665,0.9615931510925293,0.8685632944107056
YBL007C,YMR127C,0,-3.9859076,0.09966091811656952,0.9615931510925293,0.8687055706977844
YNL139C,YDR121W,0,-3.9860218,0.09964622557163239,0.9615931510925293,0.8688477873802185
YDR178W,YLR192C,0,-3.9864008,0.09963154047727585,0.9615931510925293,0.8689900636672974
YJL029C,YIR015W,0,-3.9867342,0.09961685538291931,0.9615931510925293,0.8691322803497314
YIL023C,YPR181C,0,-3.9868596,0.09960217773914337,0.9615931510925293,0.8692745566368103
YHR067W,YAL051W,0,-3.9869,0.09958750754594803,0.9615931510925293,0.8694167733192444
YPL167C,YMR168C,0,-3.9870307,0.09957283735275269,0.9615931510925293,0.8695590496063232
YDR449C,YHR016C,0,-3.987044,0.09955817461013794,0.9615931510925293,0.8697012662887573
YLR310C,YMR125W,0,-3.987335,0.0995435118675232,0.9615931510925293,0.8698435425758362
YNL149C,YER155C,0,-3.9888332,0.09952885657548904,0.9615931510925293,0.8699857592582703
YGR129W,YLR032W,0,-3.989092,0.09951420873403549,0.9615931510925293,0.8701280355453491
YLR033W,YDR398W,0,-3.9907167,0.09949956089258194,0.9615931510925293,0.8702702522277832
YPL045W,YBL025W,0,-3.9908452,0.09948491305112839,0.9615931510925293,0.8704125285148621
YIL023C,YGR191W,0,-3.9915316,0.09947028011083603,0.9615931510925293,0.8705547451972961
YPL053C,YBR135W,0,-3.9931123,0.09945563971996307,0.9615931510925293,0.870697021484375
YKL129C,YKL140W,0,-3.994898,0.09944101423025131,0.9615931510925293,0.8708392381668091
YMR023C,YPL153C,0,-3.9951346,0.09942638874053955,0.9615931510925293,0.8709815144538879
YPR056W,YPR046W,0,-3.9961,0.09941176325082779,0.9615931510925293,0.871123731136322
YBR273C,YPR082C,0,-3.9962442,0.09939714521169662,0.9615931510925293,0.8712660074234009
YDR265W,YLR459W,0,-3.996319,0.09938253462314606,0.9615931510925293,0.871408224105835
YNL091W,YNL261W,0,-3.9965389,0.09936792403459549,0.9615931510925293,0.8715505003929138
YPL053C,YMR201C,0,-3.996621,0.09935332089662552,0.9615931510925293,0.8716927170753479
YPL115C,YJL111W,0,-3.9980662,0.09933872520923615,0.9615931510925293,0.8718349933624268
YDR075W,YDL235C,0,-3.998235,0.09932412207126617,0.9615931510925293,0.8719772696495056
YGR040W,YER068W,0,-3.9982824,0.0993095338344574,0.9615931510925293,0.8721194863319397
YPL046C,YIR004W,0,-3.9991477,0.09929494559764862,0.9615931510925293,0.8722617626190186
YJR007W,YMR250W,0,-4.0002074,0.09928036481142044,0.9615931510925293,0.8724039793014526
YOL021C,YER159C,0,-4.000418,0.09926578402519226,0.9615931510925293,0.8725462555885315
YHR085W,YGR003W,0,-4.000941,0.09925121068954468,0.9615931510925293,0.8726884722709656
YJL146W,YLR248W,1,-4.00152,0.09938344359397888,0.9630156755447388,0.8726884722709656
YJL080C,YOR073W,1,-4.002469,0.0995156317949295,0.9644381403923035,0.8726884722709656
YGR095C,YPR008W,0,-4.0027704,0.09950102865695953,0.9644381403923035,0.8728307485580444
YIL115C,YJR031C,0,-4.003529,0.09948642551898956,0.9644381403923035,0.8729729652404785
YHR150W,YOR144C,0,-4.0043545,0.09947182983160019,0.9644381403923035,0.8731152415275574
YDR264C,YGR020C,0,-4.005348,0.09945724159479141,0.9644381403923035,0.8732574582099915
YFR009W,YIR015W,0,-4.00542,0.09944265335798264,0.9644381403923035,0.8733997344970703
YNL093W,YDR464W,0,-4.0054555,0.09942806512117386,0.9644381403923035,0.8735419511795044
YGL070C,YHR150W,0,-4.0056834,0.09941349178552628,0.9644381403923035,0.8736842274665833
YDR231C,YPR191W,0,-4.005782,0.09939891844987869,0.9644381403923035,0.8738264441490173
YEL042W,YMR173W,0,-4.0060115,0.09938434511423111,0.9644381403923035,0.8739687204360962
YML015C,YPL001W,0,-4.006032,0.09936977922916412,0.9644381403923035,0.8741109371185303
YLR319C,YMR227C,0,-4.0064673,0.09935521334409714,0.9644381403923035,0.8742532134056091
YDL188C,YPR016C,0,-4.0068817,0.09934066236019135,0.9644381403923035,0.8743954300880432
YOR079C,YDL052C,0,-4.0074644,0.09932610392570496,0.9644381403923035,0.8745377063751221
YOR334W,YPR023C,0,-4.0085278,0.09931156039237976,0.9644381403923035,0.8746799230575562
YNL281W,YIL147C,0,-4.0085583,0.09929700940847397,0.9644381403923035,0.874822199344635
YIR009W,YKL018W,0,-4.00869,0.09928247332572937,0.9644381403923035,0.8749644160270691
YOL108C,YBR273C,0,-4.01014,0.09926793724298477,0.9644381403923035,0.875106692314148
YER035W,YNL173C,0,-4.0101404,0.09925340116024017,0.9644381403923035,0.875248908996582
YER161C,YLL003W,0,-4.0103455,0.09923887252807617,0.9644381403923035,0.8753911852836609
YDR527W,YOR008C,0,-4.011354,0.09922435134649277,0.9644381403923035,0.875533401966095
YDL047W,YOL060C,0,-4.0113974,0.09920983016490936,0.9644381403923035,0.8756756782531738
YGR123C,YER015W,0,-4.0116153,0.09919531643390656,0.9644381403923035,0.8758178949356079
YDR436W,YJR082C,0,-4.012648,0.09918081015348434,0.9644381403923035,0.8759601712226868
YNL091W,YJR017C,0,-4.013006,0.09916630387306213,0.9644381403923035,0.8761024475097656
YMR179W,YLR117C,0,-4.013306,0.09915179759263992,0.9644381403923035,0.8762446641921997
YNL182C,YPL112C,0,-4.014487,0.09913729876279831,0.9644381403923035,0.8763869404792786
YAL054C,YPR030W,0,-4.0153527,0.09912280738353729,0.9644381403923035,0.8765291571617126
YGL071W,YDR164C,0,-4.015358,0.09910831600427628,0.9644381403923035,0.8766714334487915
YPL262W,YDR394W,0,-4.015514,0.09909383207559586,0.9644381403923035,0.8768136501312256
YIL106W,YFR009W,0,-4.0156,0.09907934814691544,0.9644381403923035,0.8769559264183044
YJL029C,YDR279W,0,-4.0161085,0.09906487166881561,0.9644381403923035,0.8770981431007385
YDR178W,YDR116C,0,-4.016784,0.09905040264129639,0.9644381403923035,0.8772404193878174
YBR049C,YOL045W,0,-4.0169067,0.09903593361377716,0.9644381403923035,0.8773826360702515
YGL246C,YDR527W,0,-4.0177984,0.09902147203683853,0.9644381403923035,0.8775249123573303
YNL242W,YMR201C,0,-4.0181484,0.0990070104598999,0.9644381403923035,0.8776671290397644
YNL103W,YIL048W,0,-4.0184,0.09899255633354187,0.9644381403923035,0.8778094053268433
YIL023C,YDR153C,0,-4.018544,0.09897810220718384,0.9644381403923035,0.8779516220092773
YCR081W,YBL093C,0,-4.0185723,0.0989636555314064,0.9644381403923035,0.8780938982963562
YDL231C,YDL150W,0,-4.0200324,0.09894920885562897,0.9644381403923035,0.8782361149787903
YDR231C,YLR368W,0,-4.020035,0.09893476963043213,0.9644381403923035,0.8783783912658691
YER169W,YGR262C,0,-4.020515,0.09892033785581589,0.9644381403923035,0.8785206079483032
YBR015C,YDR116C,0,-4.020567,0.09890590608119965,0.9644381403923035,0.8786628842353821
YLR191W,YOR008C,0,-4.022021,0.098891481757164,0.9644381403923035,0.8788051009178162
YOL097C,YML019W,0,-4.022092,0.09887705743312836,0.9644381403923035,0.878947377204895
YGR231C,YDR419W,0,-4.022251,0.09886264055967331,0.9644381403923035,0.8790895938873291
YLR382C,YKL007W,0,-4.0225,0.09884823113679886,0.9644381403923035,0.879231870174408
YNR023W,YNR008W,0,-4.022556,0.09883382171392441,0.9644381403923035,0.879374086856842
YDR436W,YBL052C,0,-4.023027,0.09881941229104996,0.9644381403923035,0.8795163631439209
YPL069C,YNL267W,0,-4.0231595,0.0988050103187561,0.9644381403923035,0.879658579826355
YDR182W,YJR031C,0,-4.023537,0.09879061579704285,0.9644381403923035,0.8798008561134338
YHR019C,YML115C,0,-4.0243697,0.09877622127532959,0.9644381403923035,0.8799430727958679
YOR290C,YPL075W,0,-4.02527,0.09876183420419693,0.9644381403923035,0.8800853490829468
YJL146W,YPL194W,1,-4.025351,0.09889309853315353,0.9658606052398682,0.8800853490829468
YMR138W,YAL031C,0,-4.0256996,0.09887869656085968,0.9658606052398682,0.8802276253700256
YMR241W,YOR386W,0,-4.0262527,0.09886429458856583,0.9658606052398682,0.8803698420524597
YGL111W,YNR023W,0,-4.0264254,0.09884990751743317,0.9658606052398682,0.8805121183395386
YKR101W,YGR278W,0,-4.026937,0.0988355204463005,0.9658606052398682,0.8806543350219727
YHL007C,YPL160W,0,-4.0269427,0.09882113337516785,0.9658606052398682,0.8807966113090515
YHR069C,YDR088C,0,-4.026955,0.09880675375461578,0.9658606052398682,0.8809388279914856
YNR023W,YDR168W,0,-4.027198,0.09879237413406372,0.9658606052398682,0.8810811042785645
YDR512C,YDL147W,0,-4.027655,0.09877800196409225,0.9658606052398682,0.8812233209609985
YEL042W,YLR459W,0,-4.028328,0.09876363724470139,0.9658606052398682,0.8813655972480774
YKR079C,YBR267W,0,-4.0288653,0.09874927252531052,0.9658606052398682,0.8815078139305115
YOR256C,YDR392W,0,-4.0290694,0.09873491525650024,0.9658606052398682,0.8816500902175903
YLR033W,YHR129C,0,-4.029137,0.09872055798768997,0.9658606052398682,0.8817923069000244
YDR264C,YAL035W,0,-4.029374,0.0987062081694603,0.9658606052398682,0.8819345831871033
YGR202C,YBL030C,0,-4.0302105,0.09869185835123062,0.9658606052398682,0.8820767998695374
YPL233W,YGR020C,0,-4.030342,0.09867751598358154,0.9658606052398682,0.8822190761566162
YER026C,YPR024W,0,-4.0305467,0.09866318106651306,0.9658606052398682,0.8823612928390503
YOR026W,YLR016C,0,-4.031237,0.09864884614944458,0.9658606052398682,0.8825035691261292
YHR012W,YPL091W,0,-4.0314727,0.0986345112323761,0.9658606052398682,0.8826457858085632
YLR192C,YBR257W,0,-4.0315905,0.09862019121646881,0.9658606052398682,0.8827880620956421
YHR019C,YDR088C,0,-4.0319266,0.09860586374998093,0.9658606052398682,0.8829302787780762
YLR052W,YAL059W,0,-4.032001,0.09859155118465424,0.9658606052398682,0.883072555065155
YER042W,YDL147W,0,-4.0321045,0.09857723861932755,0.9658606052398682,0.8832147717475891
YLR310C,YKL140W,0,-4.032573,0.09856292605400085,0.9658606052398682,0.883357048034668
YML102W,YJL063C,0,-4.03268,0.09854862093925476,0.9658606052398682,0.883499264717102
YLR103C,YLR191W,0,-4.0327263,0.09853432327508926,0.9658606052398682,0.8836415410041809
YFR005C,YLR100W,0,-4.0329795,0.09852002561092377,0.9658606052398682,0.883783757686615
YDR088C,YML060W,0,-4.033013,0.09850572794675827,0.9658606052398682,0.8839260339736938
YDL115C,YFL009W,1,-4.0341,0.09863649308681488,0.9672830700874329,0.8839260339736938
YJL029C,YJL111W,0,-4.034484,0.09862218797206879,0.9672830700874329,0.8840682506561279
YBR049C,YER123W,0,-4.035555,0.09860789030790329,0.9672830700874329,0.8842105269432068
YBR265W,YPL091W,0,-4.0358896,0.09859359264373779,0.9672830700874329,0.8843528032302856
YLR430W,YGL044C,0,-4.036078,0.0985792949795723,0.9672830700874329,0.8844950199127197
YJR057W,YAR003W,0,-4.0363317,0.098565012216568,0.9672830700874329,0.8846372961997986
YOR239W,YML094W,0,-4.0364647,0.0985507220029831,0.9672830700874329,0.8847795128822327
YPL139C,YFL009W,1,-4.0369296,0.09868135303258896,0.9687055349349976,0.8847795128822327
YMR023C,YDR182W,0,-4.0385914,0.09866705536842346,0.9687055349349976,0.8849217891693115
YLR191W,YOR127W,0,-4.0388465,0.09865275770425797,0.9687055349349976,0.8850640058517456
YJL087C,YER123W,0,-4.0391374,0.09863846749067307,0.9687055349349976,0.8852062821388245
YGR278W,YML036W,0,-4.039184,0.09862418472766876,0.9687055349349976,0.8853484988212585
YLR110C,YML008C,0,-4.040483,0.09860990196466446,0.9687055349349976,0.8854907751083374
YGL144C,YKL012W,0,-4.04077,0.09859562665224075,0.9687055349349976,0.8856329917907715
YLR110C,YDL135C,0,-4.041099,0.09858135133981705,0.9687055349349976,0.8857752680778503
YML080W,YOR148C,0,-4.0414734,0.09856708347797394,0.9687055349349976,0.8859174847602844
YPL139C,YHR152W,1,-4.0426803,0.09869754314422607,0.9701279997825623,0.8859174847602844
YMR127C,YDR045C,0,-4.04303,0.09868326038122177,0.9701279997825623,0.8860597610473633
YNL121C,YKL007W,0,-4.0433655,0.09866898506879807,0.9701279997825623,0.8862019777297974
YBR265W,YOR079C,0,-4.0436945,0.09865470975637436,0.9701279997825623,0.8863442540168762
YLR376C,YOR149C,0,-4.0440927,0.09864044189453125,0.9701279997825623,0.8864864706993103
YNL021W,YPR008W,0,-4.044169,0.09862617403268814,0.9701279997825623,0.8866287469863892
YPL139C,YGL175C,1,-4.0442743,0.09875650703907013,0.9715505242347717,0.8866287469863892
YNL298W,YPR186C,0,-4.0446315,0.09874223172664642,0.9715505242347717,0.8867709636688232
YNL261W,YOR209C,0,-4.0454264,0.09872795641422272,0.9715505242347717,0.8869132399559021
YOL051W,YPL119C,0,-4.0454564,0.09871368855237961,0.9715505242347717,0.8870554566383362
YDL097C,YJL063C,0,-4.0455165,0.0986994206905365,0.9715505242347717,0.887197732925415
YFR005C,YOR304W,0,-4.0456576,0.09868516027927399,0.9715505242347717,0.8873399496078491
YOL088C,YPL151C,0,-4.045954,0.09867090731859207,0.9715505242347717,0.887482225894928
YJL029C,YBR273C,0,-4.0464196,0.09865665435791016,0.9715505242347717,0.8876244425773621
YGR103W,YLR324W,0,-4.047482,0.09864240139722824,0.9715505242347717,0.8877667188644409
YPR041W,YGR007W,0,-4.0475802,0.09862815588712692,0.9715505242347717,0.887908935546875
YER068W,YOL051W,0,-4.0484543,0.0986139178276062,0.9715505242347717,0.8880512118339539
YOR193W,YDR163W,0,-4.048822,0.09859967976808548,0.9715505242347717,0.8881934285163879
YGL070C,YDR284C,0,-4.0491757,0.09858544915914536,0.9715505242347717,0.8883357048034668
YBL052C,YPL112C,0,-4.049834,0.09857122600078583,0.9715505242347717,0.8884779810905457
YOR026W,YDL147W,0,-4.0500946,0.0985569953918457,0.9715505242347717,0.8886201977729797
YDR118W,YDR153C,0,-4.0501,0.09854277968406677,0.9715505242347717,0.8887624740600586
YLR192C,YDR182W,0,-4.050622,0.09852856397628784,0.9715505242347717,0.8889046907424927
YNL326C,YIR009W,0,-4.05122,0.09851434826850891,0.9715505242347717,0.8890469670295715
YER149C,YGL173C,0,-4.0515633,0.09850014746189117,0.9715505242347717,0.8891891837120056
YML034W,YPL091W,0,-4.0516763,0.09848593920469284,0.9715505242347717,0.8893314599990845
YGR095C,YDR168W,0,-4.0520735,0.0984717383980751,0.9715505242347717,0.8894736766815186
YHR085W,YPL112C,0,-4.0527034,0.09845754504203796,0.9715505242347717,0.8896159529685974
YLR384C,YGR278W,0,-4.0535493,0.09844335913658142,0.9715505242347717,0.8897581696510315
YNL121C,YER008C,0,-4.0539727,0.09842916578054428,0.9715505242347717,0.8899004459381104
YIL147C,YBR135W,0,-4.054615,0.09841498732566833,0.9715505242347717,0.8900426626205444
YHR150W,YDR404C,0,-4.0552826,0.09840080887079239,0.9715505242347717,0.8901849389076233
YKR085C,YJL090C,0,-4.0560474,0.09838663041591644,0.9715505242347717,0.8903271555900574
YLR016C,YDL164C,0,-4.056167,0.0983724594116211,0.9715505242347717,0.8904694318771362
YOR168W,YOR008C,0,-4.057123,0.09835829585790634,0.9715505242347717,0.8906116485595703
YBL103C,YNL218W,0,-4.057405,0.09834413230419159,0.9715505242347717,0.8907539248466492
YDR194C,YPL178W,0,-4.0575886,0.09832997620105743,0.9715505242347717,0.8908961415290833
YJL146W,YGR247W,1,-4.0584936,0.09845976531505585,0.9729729890823364,0.8908961415290833
YPL244C,YDR379W,0,-4.0595355,0.0984455943107605,0.9729729890823364,0.8910384178161621
YDR302W,YOR039W,0,-4.0597463,0.09843143075704575,0.9729729890823364,0.8911806344985962
YPR082C,YMR302C,0,-4.0598636,0.098417267203331,0.9729729890823364,0.891322910785675
YDR059C,YBL052C,0,-4.0612116,0.09840311110019684,0.9729729890823364,0.8914651274681091
YLR105C,YDR464W,0,-4.0612893,0.09838895499706268,0.9729729890823364,0.891607403755188
YDL097C,YOR239W,0,-4.0615897,0.09837479889392853,0.9729729890823364,0.8917496204376221
YOR127W,YOR295W,0,-4.061698,0.09836065769195557,0.9729729890823364,0.8918918967247009
YMR149W,YJR017C,0,-4.0618653,0.0983465164899826,0.9729729890823364,0.892034113407135
YDR512C,YMR149W,0,-4.0622973,0.09833237528800964,0.9729729890823364,0.8921763896942139
YHR174W,YAL035W,0,-4.0626845,0.09831824153661728,0.9729729890823364,0.892318606376648
YLR117C,YER149C,0,-4.062931,0.09830410778522491,0.9729729890823364,0.8924608826637268
YMR268C,YJL006C,0,-4.063366,0.09828998148441315,0.9729729890823364,0.8926031589508057
YOR073W,YNL088W,1,-4.0634584,0.09841953963041306,0.9743954539299011,0.8926031589508057
YPR094W,YJL063C,0,-4.0636463,0.0984053984284401,0.9743954539299011,0.8927453756332397
YLR459W,YNL103W,0,-4.063756,0.09839126467704773,0.9743954539299011,0.8928876519203186
YDL135C,YER155C,0,-4.064191,0.09837713837623596,0.9743954539299011,0.8930298686027527
YOR039W,YDL052C,0,-4.0643773,0.0983630120754242,0.9743954539299011,0.8931721448898315
YER028C,YDR284C,0,-4.0658293,0.09834888577461243,0.9743954539299011,0.8933143615722656
YER149C,YDR212W,0,-4.0660524,0.09833476692438126,0.9743954539299011,0.8934566378593445
YLR310C,YDL004W,0,-4.0664554,0.09832065552473068,0.9743954539299011,0.8935988545417786
YJL041W,YBR276C,0,-4.067019,0.09830654412508011,0.9743954539299011,0.8937411308288574
YJL128C,YBR199W,0,-4.0671678,0.09829244017601013,0.9743954539299011,0.8938833475112915
YDL115C,YIR025W,1,-4.0677876,0.09842180460691452,0.9758179187774658,0.8938833475112915
YDR121W,YOL021C,0,-4.0683584,0.09840768575668335,0.9758179187774658,0.8940256237983704
YDL188C,YNL121C,0,-4.0693154,0.09839357435703278,0.9758179187774658,0.8941678404808044
YJL146W,YIL132C,1,-4.0698814,0.09852287173271179,0.9772403836250305,0.8941678404808044
YHR069C,YOR148C,0,-4.070022,0.09850874543190002,0.9772403836250305,0.8943101167678833
YPL178W,YJR082C,0,-4.0702667,0.09849462658166885,0.9772403836250305,0.8944523334503174
YNL173C,YDR398W,0,-4.071514,0.09848050773143768,0.9772403836250305,0.8945946097373962
YEL027W,YPL053C,0,-4.071774,0.09846638888120651,0.9772403836250305,0.8947368264198303
YPR023C,YMR179W,0,-4.0718265,0.09845227748155594,0.9772403836250305,0.8948791027069092
YKR042W,YOR209C,0,-4.071895,0.09843817353248596,0.9772403836250305,0.8950213193893433
YGL246C,YOR319W,0,-4.072958,0.09842406958341599,0.9772403836250305,0.8951635956764221
YNL326C,YAL051W,0,-4.0735908,0.0984099730849266,0.9772403836250305,0.8953058123588562
YNL088W,YER173W,1,-4.0739574,0.09853909909725189,0.9786628484725952,0.8953058123588562
YKL140W,YAL051W,0,-4.074208,0.09852498769760132,0.9786628484725952,0.8954480886459351
YJR068W,YHR205W,0,-4.074422,0.09851088374853134,0.9786628484725952,0.8955903053283691
YLR376C,YKL007W,0,-4.0749755,0.09849677979946136,0.9786628484725952,0.895732581615448
YOR157C,YDL132W,0,-4.07557,0.09848268330097198,0.9786628484725952,0.8958747982978821
YGR006W,YNL298W,0,-4.0767083,0.0984685868024826,0.9786628484725952,0.8960170745849609
YIL048W,YDR308C,0,-4.0772214,0.09845449030399323,0.9786628484725952,0.896159291267395
YPR041W,YGL173C,0,-4.0772896,0.09844040870666504,0.9786628484725952,0.8963015675544739
YPR057W,YBR273C,0,-4.077766,0.09842631965875626,0.9786628484725952,0.896443784236908
YGR202C,YJL041W,0,-4.0778856,0.09841224551200867,0.9786628484725952,0.8965860605239868
YOL088C,YOL023W,0,-4.078108,0.09839817136526108,0.9786628484725952,0.8967283368110657
YDL200C,YJL006C,0,-4.0789957,0.09838409721851349,0.9786628484725952,0.8968705534934998
YFL002C,YNL298W,0,-4.0795503,0.0983700305223465,0.9786628484725952,0.8970128297805786
YGR156W,YIL048W,0,-4.0801,0.0983559712767601,0.9786628484725952,0.8971550464630127
YNL267W,YKR087C,0,-4.0803223,0.0983419120311737,0.9786628484725952,0.8972973227500916
YNL039W,YJR057W,0,-4.080367,0.09832785278558731,0.9786628484725952,0.8974395394325256
YOR148C,YJR068W,0,-4.082077,0.09831380099058151,0.9786628484725952,0.8975818157196045
YDR463W,YJR093C,0,-4.082332,0.09829975664615631,0.9786628484725952,0.8977240324020386
YLR115W,YPL178W,0,-4.0824766,0.09828571230173111,0.9786628484725952,0.8978663086891174
YNL273W,YLR032W,0,-4.082711,0.0982716754078865,0.9786628484725952,0.8980085253715515
YAL031C,YIL048W,0,-4.083581,0.0982576385140419,0.9786628484725952,0.8981508016586304
YDR110W,YHR031C,0,-4.08377,0.0982436090707779,0.9786628484725952,0.8982930183410645
YHR062C,YOR341W,0,-4.0843163,0.09822957962751389,0.9786628484725952,0.8984352946281433
YDR318W,YPL192C,0,-4.0848737,0.09821555763483047,0.9786628484725952,0.8985775113105774
YIL075C,YAL035W,0,-4.084874,0.09820154309272766,0.9786628484725952,0.8987197875976562
YDR153C,YOR149C,0,-4.085074,0.09818752855062485,0.9786628484725952,0.8988620042800903
YBR049C,YMR138W,0,-4.0851297,0.09817351400852203,0.9786628484725952,0.8990042805671692
YNL298W,YGL044C,0,-4.085191,0.09815950691699982,0.9786628484725952,0.8991464972496033
YDL200C,YDR163W,0,-4.085366,0.0981455072760582,0.9786628484725952,0.8992887735366821
YOR290C,YLR105C,0,-4.0854464,0.09813150763511658,0.9786628484725952,0.8994309902191162
YDR432W,YBR079C,0,-4.0875936,0.09811751544475555,0.9786628484725952,0.8995732665061951
YOR319W,YOR330C,0,-4.087654,0.09810352325439453,0.9786628484725952,0.8997154831886292
YLR006C,YCL052C,0,-4.0881863,0.0980895385146141,0.9786628484725952,0.899857759475708
YLR319C,YOR304W,0,-4.0883074,0.09807555377483368,0.9786628484725952,0.8999999761581421
YPL057C,YMR091C,0,-4.089231,0.09806157648563385,0.9786628484725952,0.900142252445221
YJL029C,YOL045W,0,-4.0905843,0.09804759919643402,0.9786628484725952,0.900284469127655
YLR117C,YOR119C,0,-4.0908833,0.09803362935781479,0.9786628484725952,0.9004267454147339
YMR059W,YJR082C,0,-4.0911784,0.09801965951919556,0.9786628484725952,0.900568962097168
YJR049C,YMR091C,0,-4.0914,0.09800569713115692,0.9786628484725952,0.9007112383842468
YER068W,YGR135W,0,-4.091833,0.09799174219369888,0.9786628484725952,0.9008535146713257
YLR370C,YDL097C,0,-4.0932913,0.09797778725624084,0.9786628484725952,0.9009957313537598
YHR114W,YJR049C,0,-4.0933967,0.0979638323187828,0.9786628484725952,0.9011380076408386
YOR008C,YJL006C,0,-4.0935063,0.09794988483190536,0.9786628484725952,0.9012802243232727
YEL013W,YCR002C,0,-4.093919,0.09793594479560852,0.9786628484725952,0.9014225006103516
YDR194C,YKR087C,0,-4.0947165,0.09792200475931168,0.9786628484725952,0.9015647172927856
YPL139C,YER173W,1,-4.095082,0.09805037826299667,0.9800853729248047,0.9015647172927856
YML015C,YLL011W,0,-4.0959277,0.09803642332553864,0.9800853729248047,0.9017069935798645
YLR459W,YGR077C,0,-4.0968323,0.0980224758386612,0.9800853729248047,0.9018492102622986
YOR122C,YMR091C,0,-4.0975866,0.09800853580236435,0.9800853729248047,0.9019914865493774
YER161C,YER159C,0,-4.0976305,0.0979945957660675,0.9800853729248047,0.9021337032318115
YPR008W,YHR107C,0,-4.097668,0.09798066318035126,0.9800853729248047,0.9022759795188904
YKL129C,YBR155W,0,-4.098078,0.09796673059463501,0.9800853729248047,0.9024181962013245
YER026C,YKL007W,0,-4.098608,0.09795279800891876,0.9800853729248047,0.9025604724884033
YDR182W,YPR113W,0,-4.0992174,0.09793888032436371,0.9800853729248047,0.9027026891708374
YNR008W,YDR129C,0,-4.0995436,0.09792495518922806,0.9800853729248047,0.9028449654579163
YHR152W,YOR073W,1,-4.09976,0.09805314987897873,0.9815078377723694,0.9028449654579163
YLR060W,YMR241W,0,-4.1002526,0.09803921729326248,0.9815078377723694,0.9029871821403503
YNL068C,YDL004W,0,-4.1015077,0.09802528470754623,0.9815078377723694,0.9031294584274292
YDR153C,YAR003W,0,-4.101654,0.09801136702299118,0.9815078377723694,0.9032716751098633
YPL174C,YOR060C,0,-4.1017737,0.09799744188785553,0.9815078377723694,0.9034139513969421
YGL122C,YHR069C,0,-4.1030107,0.09798352420330048,0.9815078377723694,0.9035561680793762
YBR170C,YDR163W,0,-4.10324,0.09796961396932602,0.9815078377723694,0.9036984443664551
YNL197C,YHR205W,0,-4.1033173,0.09795570373535156,0.9815078377723694,0.9038406610488892
YOL089C,YKL018W,0,-4.1040654,0.0979418009519577,0.9815078377723694,0.903982937335968
YLR103C,YOL088C,0,-4.104649,0.09792790561914444,0.9815078377723694,0.9041251540184021
YNL154C,YJR082C,0,-4.1050878,0.09791400283575058,0.9815078377723694,0.904267430305481
YNL139C,YIL147C,0,-4.1070957,0.09790011495351791,0.9815078377723694,0.904409646987915
YDR436W,YNL232W,0,-4.107376,0.09788622707128525,0.9815078377723694,0.9045519232749939
YDR379W,YLR319C,0,-4.1080685,0.09787233918905258,0.9815078377723694,0.904694139957428
YDR318W,YNL261W,0,-4.1080728,0.09785845875740051,0.9815078377723694,0.9048364162445068
YFL009W,YNL088W,1,-4.1081185,0.0979863852262497,0.9829303026199341,0.9048364162445068
YNL177C,YGL003C,0,-4.108607,0.09797249734401703,0.9829303026199341,0.9049786925315857
YBL020W,YBL093C,0,-4.1086774,0.09795860201120377,0.9829303026199341,0.9051209092140198
YLR192C,YIL048W,0,-4.1087317,0.0979447215795517,0.9829303026199341,0.9052631855010986
YHR016C,YPL211W,0,-4.110074,0.09793084114789963,0.9829303026199341,0.9054054021835327
YIL106W,YKR087C,0,-4.1122456,0.09791696071624756,0.9829303026199341,0.9055476784706116
YIL115C,YGR007W,0,-4.1127777,0.09790308773517609,0.9829303026199341,0.9056898951530457
YDL188C,YNL177C,0,-4.11411,0.09788922220468521,0.9829303026199341,0.9058321714401245
YJL029C,YPL053C,0,-4.1141977,0.09787535667419434,0.9829303026199341,0.9059743881225586
YNL091W,YBL025W,0,-4.114338,0.09786149114370346,0.9829303026199341,0.9061166644096375
YNL107W,YLR055C,0,-4.114738,0.09784763306379318,0.9829303026199341,0.9062588810920715
YPL244C,YLR191W,0,-4.1149716,0.0978337824344635,0.9829303026199341,0.9064011573791504
YLR384C,YML060W,0,-4.1151724,0.09781993180513382,0.9829303026199341,0.9065433740615845
YMR270C,YDR153C,0,-4.1152587,0.09780608862638474,0.9829303026199341,0.9066856503486633
YHR012W,YDR284C,0,-4.115944,0.09779224544763565,0.9829303026199341,0.9068278670310974
YGL111W,YGR094W,0,-4.116293,0.09777840971946716,0.9829303026199341,0.9069701433181763
YOL088C,YDR110W,0,-4.1167326,0.09776457399129868,0.9829303026199341,0.9071123600006104
YLR060W,YOR005C,0,-4.117164,0.09775074571371078,0.9829303026199341,0.9072546362876892
YDL200C,YDR284C,0,-4.11719,0.0977369174361229,0.9829303026199341,0.9073968529701233
YNL177C,YGR020C,0,-4.1178584,0.0977230966091156,0.9829303026199341,0.9075391292572021
YGR020C,YML094W,0,-4.1197033,0.0977092757821083,0.9829303026199341,0.9076813459396362
YDR394W,YLR067C,0,-4.1199555,0.09769546240568161,0.9829303026199341,0.9078236222267151
YJR090C,YDL143W,0,-4.1205826,0.09768164902925491,0.9829303026199341,0.9079658389091492
YDR503C,YDR284C,0,-4.1208453,0.09766784310340881,0.9829303026199341,0.908108115196228
YGR095C,YIL106W,0,-4.1211925,0.09765404462814331,0.9829303026199341,0.9082503318786621
YPR086W,YLL003W,0,-4.121469,0.09764024615287781,0.9829303026199341,0.908392608165741
YGL127C,YER026C,0,-4.1220045,0.0976264476776123,0.9829303026199341,0.908534824848175
YOL108C,YIL159W,0,-4.1220994,0.0976126566529274,0.9829303026199341,0.9086771011352539
YDR258C,YAL059W,0,-4.124084,0.09759887307882309,0.9829303026199341,0.908819317817688
YNL088W,YOL090W,1,-4.124413,0.09772630780935287,0.9843527674674988,0.908819317817688
YDR059C,YJR049C,0,-4.1250715,0.09771250933408737,0.9843527674674988,0.9089615941047668
YML019W,YIL048W,0,-4.1261406,0.09769871830940247,0.9843527674674988,0.9091038703918457
YDR283C,YJR082C,0,-4.126593,0.09768492728471756,0.9843527674674988,0.9092460870742798
YNL218W,YLR192C,0,-4.127072,0.09767113626003265,0.9843527674674988,0.9093883633613586
YER026C,YIL048W,0,-4.127446,0.09765735268592834,0.9843527674674988,0.9095305800437927
YPL244C,YOR132W,0,-4.128253,0.09764356911182404,0.9843527674674988,0.9096728563308716
YIL023C,YJR090C,0,-4.128844,0.09762980043888092,0.9843527674674988,0.9098150730133057
YBR172C,YLR130C,0,-4.12911,0.09761602431535721,0.9843527674674988,0.9099573493003845
YHR069C,YLR052W,0,-4.1305065,0.09760225564241409,0.9843527674674988,0.9100995659828186
YPR135W,YIR004W,0,-4.1313667,0.09758849442005157,0.9843527674674988,0.9102418422698975
YER026C,YLR192C,0,-4.13143,0.09757473319768906,0.9843527674674988,0.9103840589523315
YLR033W,YLR032W,0,-4.132017,0.09756097197532654,0.9843527674674988,0.9105263352394104
YPL178W,YPL153C,0,-4.1323543,0.09754722565412521,0.9843527674674988,0.9106685519218445
YNL091W,YJR057W,0,-4.1328096,0.09753347188234329,0.9843527674674988,0.9108108282089233
YNL021W,YNL177C,0,-4.133204,0.09751973301172256,0.9843527674674988,0.9109530448913574
YOR116C,YNL186W,0,-4.1333675,0.09750598669052124,0.9843527674674988,0.9110953211784363
YBL020W,YIR012W,0,-4.134177,0.09749224781990051,0.9843527674674988,0.9112375378608704
YJL090C,YMR227C,0,-4.1343703,0.09747851639986038,0.9843527674674988,0.9113798141479492
YKL085W,YHR016C,0,-4.1353145,0.09746479243040085,0.9843527674674988,0.9115220308303833
YNL154C,YNL283C,0,-4.1379356,0.09745106101036072,0.9843527674674988,0.9116643071174622
YNL048W,YDL147W,0,-4.138771,0.09743734449148178,0.9843527674674988,0.9118065237998962
YNL298W,YDR422C,0,-4.1401563,0.09742362052202225,0.9843527674674988,0.9119488000869751
YER008C,YDR394W,0,-4.140171,0.09740991145372391,0.9843527674674988,0.9120910167694092
YEL013W,YOR290C,0,-4.1410394,0.09739620238542557,0.9843527674674988,0.912233293056488
YFR050C,YCL025C,0,-4.142373,0.09738249331712723,0.9843527674674988,0.9123755097389221
YDR463W,YLR376C,0,-4.1424723,0.09736879169940948,0.9843527674674988,0.912517786026001
YML098W,YDR153C,0,-4.1425066,0.09735509008169174,0.9843527674674988,0.9126600027084351
YOR256C,YKL007W,0,-4.1449275,0.0973413959145546,0.9843527674674988,0.9128022789955139
YNL091W,YER161C,0,-4.145695,0.09732770919799805,0.9843527674674988,0.912944495677948
YML069W,YDR212W,0,-4.1457605,0.0973140224814415,0.9843527674674988,0.9130867719650269
YNL173C,YKL085W,0,-4.1467066,0.09730033576488495,0.9843527674674988,0.9132290482521057
YGR185C,YPL087W,0,-4.1467752,0.097286656498909,0.9843527674674988,0.9133712649345398
YGL111W,YPL084W,0,-4.1475787,0.09727298468351364,0.9843527674674988,0.9135135412216187
YJL029C,YLR105C,0,-4.1485276,0.09725931286811829,0.9843527674674988,0.9136557579040527
YDR280W,YKL018W,0,-4.1490273,0.09724564105272293,0.9843527674674988,0.9137980341911316
YEL013W,YML034W,0,-4.149279,0.09723197668790817,0.9843527674674988,0.9139402508735657
YMR172W,YBL052C,0,-4.149564,0.09721831977367401,0.9843527674674988,0.9140825271606445
YDR258C,YLR324W,0,-4.1500125,0.09720466285943985,0.9843527674674988,0.9142247438430786
YBL020W,YBR035C,0,-4.150117,0.09719101339578629,0.9843527674674988,0.9143670201301575
YHR152W,YNL088W,1,-4.15064,0.09731779247522354,0.9857752323150635,0.9143670201301575
YNL139C,YMR091C,0,-4.1511717,0.09730412811040878,0.9857752323150635,0.9145092368125916
YJL087C,YFL002C,0,-4.1512737,0.09729047119617462,0.9857752323150635,0.9146515130996704
YDR384C,YGR103W,0,-4.151795,0.09727681428194046,0.9857752323150635,0.9147937297821045
YGR002C,YOR144C,0,-4.1518207,0.0972631573677063,0.9857752323150635,0.9149360060691833
YML080W,YPR008W,0,-4.1520896,0.09724950790405273,0.9857752323150635,0.9150782227516174
YOR148C,YOL089C,0,-4.1524415,0.09723586589097977,0.9857752323150635,0.9152204990386963
YIL106W,YGR135W,0,-4.152872,0.0972222238779068,0.9857752323150635,0.9153627157211304
YFR009W,YDR398W,0,-4.1534123,0.09720858186483383,0.9857752323150635,0.9155049920082092
YNL222W,YJR057W,0,-4.1542096,0.09719494730234146,0.9857752323150635,0.9156472086906433
YLR370C,YIL048W,0,-4.1560445,0.09718132019042969,0.9857752323150635,0.9157894849777222
YPR023C,YER149C,0,-4.1578264,0.09716769307851791,0.9857752323150635,0.9159317016601562
YHR067W,YPL140C,0,-4.157892,0.09715407341718674,0.9857752323150635,0.9160739779472351
YLR052W,YML115C,0,-4.1581073,0.09714045375585556,0.9857752323150635,0.9162161946296692
YHR085W,YER068W,0,-4.1582947,0.09712684154510498,0.9857752323150635,0.916358470916748
YLR191W,YGR048W,0,-4.1583157,0.0971132293343544,0.9857752323150635,0.9165006875991821
YOR122C,YLR192C,0,-4.159472,0.09709962457418442,0.9857752323150635,0.916642963886261
YLL003W,YER008C,0,-4.160318,0.09708601981401443,0.9857752323150635,0.9167851805686951
YKR085C,YDL164C,0,-4.160987,0.09707242250442505,0.9857752323150635,0.9169274568557739
YPL146C,YMR091C,0,-4.1611433,0.09705882519483566,0.9857752323150635,0.917069673538208
YPR113W,YDL052C,0,-4.162814,0.09704523533582687,0.9857752323150635,0.9172119498252869
YNL154C,YJL029C,0,-4.1636186,0.09703164547681808,0.9857752323150635,0.917354166507721
YDR456W,YKL007W,0,-4.164272,0.09701806306838989,0.9857752323150635,0.9174964427947998
YNL283C,YML019W,0,-4.165377,0.0970044806599617,0.9857752323150635,0.9176387190818787
YHR114W,YLR430W,0,-4.1656575,0.0969909057021141,0.9857752323150635,0.9177809357643127
YOR279C,YAL051W,0,-4.1662455,0.09697733074426651,0.9857752323150635,0.9179232120513916
YML073C,YGL111W,0,-4.166356,0.09696376323699951,0.9857752323150635,0.9180654287338257
YDL235C,YMR302C,0,-4.1664577,0.09695019572973251,0.9857752323150635,0.9182077050209045
YLR192C,YDL150W,0,-4.1671205,0.09693663567304611,0.9857752323150635,0.9183499217033386
YKL126W,YIL075C,0,-4.167911,0.09692307561635971,0.9857752323150635,0.9184921979904175
YPL045W,YGL173C,0,-4.1679974,0.0969095230102539,0.9857752323150635,0.9186344146728516
YPR008W,YEL061C,0,-4.168133,0.0968959704041481,0.9857752323150635,0.9187766909599304
YBR170C,YPR024W,0,-4.1698613,0.0968824252486229,0.9857752323150635,0.9189189076423645
YAL031C,YMR235C,0,-4.170027,0.09686888754367828,0.9857752323150635,0.9190611839294434
YOR026W,YOR239W,0,-4.1721272,0.09685534238815308,0.9857752323150635,0.9192034006118774
YMR247C,YGR002C,0,-4.172675,0.09684181213378906,0.9857752323150635,0.9193456768989563
YIL115C,YJR082C,0,-4.1735897,0.09682828187942505,0.9857752323150635,0.9194878935813904
YDL003W,YLR033W,0,-4.1738405,0.09681475162506104,0.9857752323150635,0.9196301698684692
YGL144C,YPL153C,0,-4.17398,0.09680122882127762,0.9857752323150635,0.9197723865509033
YNL139C,YDL047W,0,-4.1754045,0.0967877060174942,0.9857752323150635,0.9199146628379822
YBL025W,YNL298W,0,-4.1762238,0.09677419066429138,0.9857752323150635,0.9200568795204163
YGL071W,YDR422C,0,-4.177121,0.09676068276166916,0.9857752323150635,0.9201991558074951
YDL004W,YLR067C,0,-4.1773095,0.09674717485904694,0.9857752323150635,0.9203413724899292
YMR030W,YOL023W,0,-4.177313,0.09673366695642471,0.9857752323150635,0.9204836487770081
YMR138W,YJR057W,0,-4.1780486,0.09672016650438309,0.9857752323150635,0.9206258654594421
YLR384C,YDR212W,0,-4.1789026,0.09670667350292206,0.9857752323150635,0.920768141746521
YGL173C,YMR125W,0,-4.179252,0.09669318050146103,0.9857752323150635,0.9209103584289551
YNL298W,YDR398W,0,-4.1798234,0.0966796875,0.9857752323150635,0.9210526347160339
YOR122C,YNL147W,0,-4.1805882,0.09666620194911957,0.9857752323150635,0.921194851398468
YBL052C,YDL150W,0,-4.1820235,0.09665271639823914,0.9857752323150635,0.9213371276855469
YNR052C,YER149C,0,-4.1822224,0.0966392382979393,0.9857752323150635,0.921479344367981
YEL054C,YDR361C,0,-4.182644,0.09662576764822006,0.9857752323150635,0.9216216206550598
YPR016C,YGR112W,0,-4.182903,0.09661229699850082,0.9857752323150635,0.9217638969421387
YHR012W,YPR094W,0,-4.184519,0.09659882634878159,0.9857752323150635,0.9219061136245728
YER068W,YLR192C,0,-4.1851535,0.09658536314964294,0.9857752323150635,0.9220483899116516
YML098W,YMR091C,0,-4.1870246,0.0965719074010849,0.9857752323150635,0.9221906065940857
YDR121W,YLR276C,0,-4.187986,0.09655845165252686,0.9857752323150635,0.9223328828811646
YDL143W,YPL075W,0,-4.1882653,0.09654499590396881,0.9857752323150635,0.9224750995635986
YMR030W,YMR235C,0,-4.1901627,0.09653154760599136,0.9857752323150635,0.9226173758506775
YOR067C,YDR164C,0,-4.190374,0.09651810675859451,0.9857752323150635,0.9227595925331116
YNL221C,YKL004W,0,-4.190534,0.09650466591119766,0.9857752323150635,0.9229018688201904
YPL178W,YNL261W,0,-4.1906705,0.09649122506380081,0.9857752323150635,0.9230440855026245
YPR094W,YGR135W,0,-4.1910377,0.09647779166698456,0.9857752323150635,0.9231863617897034
YNL103W,YGR278W,0,-4.1916847,0.0964643657207489,0.9857752323150635,0.9233285784721375
YDR392W,YBR273C,0,-4.1928353,0.09645093977451324,0.9857752323150635,0.9234708547592163
YJL029C,YBL103C,0,-4.1936073,0.09643751382827759,0.9857752323150635,0.9236130714416504
YPL045W,YGR278W,0,-4.1940155,0.09642410278320312,0.9857752323150635,0.9237553477287292
YBR015C,YOR239W,0,-4.1940336,0.09641068428754807,0.9857752323150635,0.9238975644111633
YML069W,YGR191W,0,-4.194322,0.0963972732424736,0.9857752323150635,0.9240398406982422
YPL244C,YFL002C,0,-4.1944423,0.09638386964797974,0.9857752323150635,0.9241820573806763
YOR122C,YLR368W,0,-4.1953683,0.09637046605348587,0.9857752323150635,0.9243243336677551
YDL143W,YNL106C,0,-4.1957026,0.096357062458992,0.9857752323150635,0.9244665503501892
YDR110W,YDR394W,0,-4.1957126,0.09634366631507874,0.9857752323150635,0.9246088266372681
YPL045W,YJL090C,0,-4.19595,0.09633027762174606,0.9857752323150635,0.9247510433197021
YHL007C,YOR239W,0,-4.196212,0.09631688892841339,0.9857752323150635,0.924893319606781
YDL143W,YDR164C,0,-4.1963115,0.09630350023508072,0.9857752323150635,0.9250355362892151
YNL307C,YPL139C,1,-4.19754,0.09642906486988068,0.9871976971626282,0.9250355362892151
YOR204W,YJL014W,0,-4.199213,0.09641566872596741,0.9871976971626282,0.925177812576294
YML098W,YML102W,0,-4.199877,0.09640228003263474,0.9871976971626282,0.925320029258728
YJL029C,YOR058C,0,-4.2002325,0.09638889133930206,0.9871976971626282,0.9254623055458069
YLR138W,YPR008W,0,-4.20155,0.09637550264596939,0.9871976971626282,0.925604522228241
YJR090C,YDR129C,0,-4.2019796,0.09636212140321732,0.9871976971626282,0.9257467985153198
YPL069C,YPL161C,0,-4.203677,0.09634874016046524,0.9871976971626282,0.9258890748023987
YOR316C,YDR419W,0,-4.20412,0.09633536636829376,0.9871976971626282,0.9260312914848328
YKL018W,YNL232W,0,-4.204943,0.09632200002670288,0.9871976971626282,0.9261735677719116
YLR191W,YGR262C,0,-4.205833,0.096308633685112,0.9871976971626282,0.9263157844543457
YJL014W,YCL054W,0,-4.2070336,0.09629526734352112,0.9871976971626282,0.9264580607414246
YDL004W,YGR020C,0,-4.2070694,0.09628190845251083,0.9871976971626282,0.9266002774238586
YDR404C,YCR002C,0,-4.207224,0.09626854956150055,0.9871976971626282,0.9267425537109375
YMR039C,YPL140C,0,-4.209421,0.09625519812107086,0.9871976971626282,0.9268847703933716
YFR050C,YDL231C,0,-4.2102323,0.09624185413122177,0.9871976971626282,0.9270270466804504
YPL119C,YHR001W-A,0,-4.2103567,0.09622851014137268,0.9871976971626282,0.9271692633628845
YDR265W,YDR212W,0,-4.2111015,0.09621516615152359,0.9871976971626282,0.9273115396499634
YHR152W,YIR026C,1,-4.2126803,0.09634044766426086,0.9886202216148376,0.9273115396499634
YLR016C,YLR368W,0,-4.212953,0.09632709622383118,0.9886202216148376,0.9274537563323975
YMR039C,YPR182W,0,-4.2133937,0.09631374478340149,0.9886202216148376,0.9275960326194763
YCL052C,YOR067C,0,-4.213913,0.0963004007935524,0.9886202216148376,0.9277382493019104
YDR075W,YAL031C,0,-4.2139187,0.09628705680370331,0.9886202216148376,0.9278805255889893
YER088C,YDR422C,0,-4.2147336,0.09627372026443481,0.9886202216148376,0.9280227422714233
YPL045W,YDR379W,0,-4.215385,0.09626039117574692,0.9886202216148376,0.9281650185585022
YDL147W,YHR001W-A,0,-4.2165,0.09624705463647842,0.9886202216148376,0.9283072352409363
YIL049W,YDL235C,0,-4.2175913,0.09623373299837112,0.9886202216148376,0.9284495115280151
YGR231C,YGR218W,0,-4.2176123,0.09622040390968323,0.9886202216148376,0.9285917282104492
YHR129C,YNL298W,0,-4.218727,0.09620708972215652,0.9886202216148376,0.9287340044975281
YDR231C,YJR082C,0,-4.2191386,0.09619376808404922,0.9886202216148376,0.9288762211799622
YML034W,YDR129C,0,-4.2199163,0.09618046134710312,0.9886202216148376,0.929018497467041
YML021C,YGR007W,0,-4.222888,0.09616715461015701,0.9886202216148376,0.9291607141494751
YIL049W,YNL091W,0,-4.222935,0.09615384787321091,0.9886202216148376,0.929302990436554
YDR231C,YER053C,0,-4.2232914,0.0961405485868454,0.9886202216148376,0.929445207118988
YNL221C,YIL147C,0,-4.2241883,0.09612724930047989,0.9886202216148376,0.9295874834060669
YBR199W,YDL015C,0,-4.22484,0.09611395746469498,0.9886202216148376,0.929729700088501
YNR052C,YMR227C,0,-4.2254367,0.09610066562891006,0.9886202216148376,0.9298719763755798
YGR170W,YOL051W,0,-4.225714,0.09608737379312515,0.9886202216148376,0.9300142526626587
YGL144C,YNL273W,0,-4.2274613,0.09607409685850143,0.9886202216148376,0.9301564693450928
YNR023W,YOR239W,0,-4.22905,0.09606081247329712,0.9886202216148376,0.9302987456321716
YBR199W,YDL004W,0,-4.2292094,0.096047542989254,0.9886202216148376,0.9304409623146057
YKL126W,YPL075W,0,-4.229606,0.09603426605463028,0.9886202216148376,0.9305832386016846
YMR030W,YCL004W,0,-4.230478,0.09602099657058716,0.9886202216148376,0.9307254552841187
YPR008W,YPR113W,0,-4.2310157,0.09600773453712463,0.9886202216148376,0.9308677315711975
YOR026W,YMR302C,0,-4.231218,0.09599447250366211,0.9886202216148376,0.9310099482536316
YLR060W,YER149C,0,-4.23157,0.09598121792078018,0.9886202216148376,0.9311522245407104
YBR095C,YGR278W,0,-4.2316556,0.09596796333789825,0.9886202216148376,0.9312944412231445
YPR094W,YOR304W,0,-4.2320037,0.09595471620559692,0.9886202216148376,0.9314367175102234
YIL049W,YER008C,0,-4.2326484,0.0959414690732956,0.9886202216148376,0.9315789341926575
YLR033W,YDR419W,0,-4.233646,0.09592822939157486,0.9886202216148376,0.9317212104797363
YMR201C,YOL023W,0,-4.2337832,0.09591498970985413,0.9886202216148376,0.9318634271621704
YPL119C,YML036W,0,-4.234008,0.09590175002813339,0.9886202216148376,0.9320057034492493
YDR436W,YPL087W,0,-4.234573,0.09588851779699326,0.9886202216148376,0.9321479201316833
YKL126W,YDR182W,0,-4.235467,0.09587529301643372,0.9886202216148376,0.9322901964187622
YEL013W,YNL099C,0,-4.2355647,0.09586206823587418,0.9886202216148376,0.9324324131011963
YNL197C,YNL103W,0,-4.2356296,0.09584885090589523,0.9886202216148376,0.9325746893882751
YBL030C,YDR211W,0,-4.2362165,0.09583563357591629,0.9886202216148376,0.9327169060707092
YGR040W,YMR080C,0,-4.236262,0.09582241624593735,0.9886202216148376,0.9328591823577881
YKR025W,YBL020W,0,-4.2366233,0.095809206366539,0.9886202216148376,0.9330013990402222
YKL188C,YJR082C,0,-4.2372475,0.09579600393772125,0.9886202216148376,0.933143675327301
YBL046W,YMR268C,0,-4.2373533,0.0957828015089035,0.9886202216148376,0.9332858920097351
YKR042W,YML028W,0,-4.2376266,0.09576959908008575,0.9886202216148376,0.933428168296814
YOR256C,YOR034C,0,-4.238812,0.0957564041018486,0.9886202216148376,0.933570384979248
YKL058W,YNL147W,0,-4.2388363,0.09574321657419205,0.9886202216148376,0.9337126612663269
YOR034C,YGR003W,0,-4.2390485,0.09573002904653549,0.9886202216148376,0.933854877948761
YDR153C,YER123W,0,-4.240311,0.09571684151887894,0.9886202216148376,0.9339971542358398
YHR107C,YER155C,0,-4.2407546,0.09570366144180298,0.9886202216148376,0.9341394305229187
YGR095C,YPL053C,0,-4.2409043,0.09569048881530762,0.9886202216148376,0.9342816472053528
YJR068W,YCR002C,0,-4.2418447,0.09567731618881226,0.9886202216148376,0.9344239234924316
YJL074C,YNL088W,1,-4.2427163,0.09580179303884506,0.9900426864624023,0.9344239234924316
YGR202C,YPL262W,0,-4.2437615,0.09578860551118851,0.9900426864624023,0.9345661401748657
YGR129W,YPL053C,0,-4.244189,0.09577542543411255,0.9900426864624023,0.9347084164619446
YJL194W,YDR088C,0,-4.244396,0.09576224535703659,0.9900426864624023,0.9348506331443787
YDR264C,YER008C,0,-4.244722,0.09574907273054123,0.9900426864624023,0.9349929094314575
YOR122C,YPL131W,0,-4.2461667,0.09573590010404587,0.9900426864624023,0.9351351261138916
YKL117W,YPL053C,0,-4.2465453,0.0957227349281311,0.9900426864624023,0.9352774024009705
YKL166C,YOR004W,0,-4.2466717,0.09570956975221634,0.9900426864624023,0.9354196190834045
YMR235C,YPL151C,0,-4.2489543,0.09569641202688217,0.9900426864624023,0.9355618953704834
YJL029C,YJR093C,0,-4.249006,0.095683254301548,0.9900426864624023,0.9357041120529175
YPR008W,YOR239W,0,-4.251692,0.09567010402679443,0.9900426864624023,0.9358463883399963
YOR245C,YBR036C,0,-4.2539115,0.09565695375204086,0.9900426864624023,0.9359886050224304
YLR370C,YHR001W-A,0,-4.2551746,0.09564381092786789,0.9900426864624023,0.9361308813095093
YDL235C,YOR239W,0,-4.2565265,0.09563066810369492,0.9900426864624023,0.9362730979919434
YPL151C,YMR227C,0,-4.2582,0.09561753273010254,0.9900426864624023,0.9364153742790222
YIL106W,YOR149C,0,-4.258202,0.09560439735651016,0.9900426864624023,0.9365575909614563
YPL244C,YOR026W,0,-4.258328,0.09559126198291779,0.9900426864624023,0.9366998672485352
YGR185C,YLR409C,0,-4.2593226,0.0955781415104866,0.9900426864624023,0.9368420839309692
YPR075C,YOR008C,0,-4.2601056,0.09556501358747482,0.9900426864624023,0.9369843602180481
YJL076W,YCL054W,0,-4.2627926,0.09555189311504364,0.9900426864624023,0.9371265769004822
YEL042W,YGL012W,0,-4.2633057,0.09553878009319305,0.9900426864624023,0.937268853187561
YDR168W,YKL148C,0,-4.264982,0.09552566707134247,0.9900426864624023,0.9374110698699951
YKL148C,YJL063C,0,-4.265103,0.09551255404949188,0.9900426864624023,0.937553346157074
YDR110W,YOR319W,0,-4.266797,0.0954994484782219,0.9900426864624023,0.9376955628395081
YJL146W,YNL088W,1,-4.267587,0.09562354534864426,0.991465151309967,0.9376955628395081
YNL091W,YBR199W,0,-4.2682786,0.09561042487621307,0.991465151309967,0.9378378391265869
YMR091C,YOR058C,0,-4.2683187,0.09559731185436249,0.991465151309967,0.937980055809021
YDL143W,YFL002C,0,-4.2701645,0.0955841988325119,0.991465151309967,0.9381223320960999
YDR436W,YBR169C,0,-4.270454,0.09557109326124191,0.991465151309967,0.9382646083831787
YDR118W,YJR068W,0,-4.270965,0.09555799514055252,0.991465151309967,0.9384068250656128
YIL075C,YNL121C,0,-4.2713714,0.09554489701986313,0.991465151309967,0.9385491013526917
YPL262W,YPR024W,0,-4.273448,0.09553179889917374,0.991465151309967,0.9386913180351257
YMR127C,YLR409C,0,-4.273878,0.09551870822906494,0.991465151309967,0.9388335943222046
YER169W,YDL147W,0,-4.275832,0.09550561755895615,0.991465151309967,0.9389758110046387
YLR310C,YGL044C,0,-4.2779384,0.09549253433942795,0.991465151309967,0.9391180872917175
YMR235C,YIR012W,0,-4.278473,0.09547945111989975,0.991465151309967,0.9392603039741516
YEL032W,YMR091C,0,-4.2786784,0.09546637535095215,0.991465151309967,0.9394025802612305
YMR241W,YPL119C,0,-4.2820783,0.09545329958200455,0.991465151309967,0.9395447969436646
YJL033W,YOL021C,0,-4.2825165,0.09544023126363754,0.991465151309967,0.9396870732307434
YNR008W,YOR132W,0,-4.2837453,0.09542716294527054,0.991465151309967,0.9398292899131775
YML110C,YOR256C,0,-4.2844114,0.09541410207748413,0.991465151309967,0.9399715662002563
YEL013W,YMR091C,0,-4.2865214,0.09540104120969772,0.991465151309967,0.9401137828826904
YLR033W,YDR422C,0,-4.286675,0.09538798779249191,0.991465151309967,0.9402560591697693
YBL046W,YLR135W,0,-4.2871985,0.0953749343752861,0.991465151309967,0.9403982758522034
YOR330C,YPR008W,0,-4.288142,0.09536188095808029,0.991465151309967,0.9405405521392822
YLR368W,YHR107C,0,-4.288464,0.09534883499145508,0.991465151309967,0.9406827688217163
YLR138W,YPL075W,0,-4.289372,0.09533579647541046,0.991465151309967,0.9408250451087952
YKR085C,YMR302C,0,-4.2896504,0.09532275795936584,0.991465151309967,0.9409672617912292
YOR079C,YLL003W,0,-4.290094,0.09530971944332123,0.991465151309967,0.9411095380783081
YOR034C,YMR125W,0,-4.2906375,0.09529668837785721,0.991465151309967,0.9412517547607422
YKL058W,YLR100W,0,-4.2908597,0.09528366476297379,0.991465151309967,0.941394031047821
YIR002C,YDR153C,0,-4.2916894,0.09527064114809036,0.991465151309967,0.9415362477302551
YLR110C,YDR284C,0,-4.292396,0.09525761753320694,0.991465151309967,0.941678524017334
YPL045W,YER008C,0,-4.2935395,0.09524460136890411,0.991465151309967,0.9418207406997681
YNR052C,YKL018W,0,-4.2940793,0.09523159265518188,0.991465151309967,0.9419630169868469
YLR033W,YLL011W,0,-4.294717,0.09521857649087906,0.991465151309967,0.942105233669281
YDR359C,YPR008W,0,-4.29602,0.09520557522773743,0.991465151309967,0.9422475099563599
YDL115C,YJL146W,1,-4.299871,0.09532914310693741,0.9928876161575317,0.9422475099563599
YGL111W,YJL041W,0,-4.3000813,0.09531612694263458,0.9928876161575317,0.9423897862434387
YPL045W,YPL151C,0,-4.300797,0.09530311077833176,0.9928876161575317,0.9425320029258728
YDL147W,YOL045W,0,-4.3012385,0.09529010206460953,0.9928876161575317,0.9426742792129517
YPL262W,YDR423C,0,-4.3026657,0.0952770933508873,0.9928876161575317,0.9428164958953857
YDL143W,YNL261W,0,-4.302716,0.09526409208774567,0.9928876161575317,0.9429587721824646
YML069W,YDL007W,0,-4.3035035,0.09525109082460403,0.9928876161575317,0.9431009888648987
YMR138W,YLR221C,0,-4.303802,0.095238097012043,0.9928876161575317,0.9432432651519775
YLL003W,YLR135W,0,-4.30384,0.09522510319948196,0.9928876161575317,0.9433854818344116
YPR075C,YJR049C,0,-4.3039174,0.09521210938692093,0.9928876161575317,0.9435277581214905
YJL128C,YJR049C,0,-4.3045554,0.09519913047552109,0.9928876161575317,0.9436699748039246
YFR050C,YER155C,0,-4.3063526,0.09518614411354065,0.9928876161575317,0.9438122510910034
YBR265W,YKL008C,0,-4.3077865,0.09517316520214081,0.9928876161575317,0.9439544677734375
YOR386W,YER006W,0,-4.30821,0.09516019374132156,0.9928876161575317,0.9440967440605164
YOL089C,YOR034C,0,-4.3088913,0.09514722228050232,0.9928876161575317,0.9442389607429504
YNR052C,YML115C,0,-4.309477,0.09513425081968307,0.9928876161575317,0.9443812370300293
YJR090C,YPR008W,0,-4.3097734,0.09512128680944443,0.9928876161575317,0.9445234537124634
YOL097C,YJL048C,0,-4.309851,0.09510832279920578,0.9928876161575317,0.9446657299995422
YGR254W,YJL183W,0,-4.31264,0.09509536623954773,0.9928876161575317,0.9448079466819763
YER082C,YLR105C,0,-4.3132424,0.09508241713047028,0.9928876161575317,0.9449502229690552
YLR105C,YMR025W,0,-4.314011,0.09506946057081223,0.9928876161575317,0.9450924396514893
YOR079C,YJR093C,0,-4.3154073,0.09505651891231537,0.9928876161575317,0.9452347159385681
YPL146C,YOR304W,0,-4.3159184,0.09504356980323792,0.9928876161575317,0.9453769326210022
YGR231C,YDR453C,0,-4.3169065,0.09503063559532166,0.9928876161575317,0.945519208908081
YNL154C,YJL128C,0,-4.318201,0.0950176939368248,0.9928876161575317,0.9456614255905151
YEL013W,YKL148C,0,-4.3183503,0.09500476717948914,0.9928876161575317,0.945803701877594
YLR033W,YNL147W,0,-4.3201203,0.09499183297157288,0.9928876161575317,0.9459459185600281
YGR231C,YLR138W,0,-4.3201814,0.09497890621423721,0.9928876161575317,0.9460881948471069
YML110C,YJR082C,0,-4.320642,0.09496598690748215,0.9928876161575317,0.946230411529541
YNR023W,YGR129W,0,-4.3208065,0.09495306760072708,0.9928876161575317,0.9463726878166199
YPR056W,YDL150W,0,-4.321263,0.09494015574455261,0.9928876161575317,0.9465149641036987
YPR056W,YNL068C,0,-4.323157,0.09492724388837814,0.9928876161575317,0.9466571807861328
YDR075W,YBR273C,0,-4.3234444,0.09491433203220367,0.9928876161575317,0.9467994570732117
YNR023W,YFR009W,0,-4.324104,0.0949014276266098,0.9928876161575317,0.9469416737556458
YPL084W,YDR398W,0,-4.327048,0.09488852322101593,0.9928876161575317,0.9470839500427246
YBR118W,YJR007W,0,-4.328496,0.09487562626600266,0.9928876161575317,0.9472261667251587
YOR168W,YNL121C,0,-4.3294435,0.09486273676156998,0.9928876161575317,0.9473684430122375
YKR025W,YMR091C,0,-4.329723,0.0948498472571373,0.9928876161575317,0.9475106596946716
YGL246C,YDR398W,0,-4.32973,0.09483695775270462,0.9928876161575317,0.9476529359817505
YKR085C,YGR007W,0,-4.331608,0.09482407569885254,0.9928876161575317,0.9477951526641846
YPR056W,YNL091W,0,-4.332019,0.09481119364500046,0.9928876161575317,0.9479374289512634
YLR103C,YLR376C,0,-4.332333,0.09479831904172897,0.9928876161575317,0.9480796456336975
YGL070C,YNL177C,0,-4.3323646,0.09478544443845749,0.9928876161575317,0.9482219219207764
YDR512C,YGR135W,0,-4.3326726,0.094772569835186,0.9928876161575317,0.9483641386032104
YIR004W,YPL146C,0,-4.332826,0.09475971013307571,0.9928876161575317,0.9485064148902893
YDR153C,YAL059W,0,-4.333428,0.09474684298038483,0.9928876161575317,0.9486486315727234
YOR334W,YML115C,0,-4.3341374,0.09473398327827454,0.9928876161575317,0.9487909078598022
YDR463W,YGL071W,0,-4.3342466,0.09472113102674484,0.9928876161575317,0.9489331245422363
YHR114W,YJR068W,0,-4.3349605,0.09470827877521515,0.9928876161575317,0.9490754008293152
YNL207W,YFR009W,0,-4.335029,0.09469542652368546,0.9928876161575317,0.9492176175117493
YOR067C,YNL298W,0,-4.3357954,0.09468258172273636,0.9928876161575317,0.9493598937988281
YKL129C,YDR168W,0,-4.336778,0.09466974437236786,0.9928876161575317,0.9495021104812622
YDL200C,YJR090C,0,-4.337958,0.09465689957141876,0.9928876161575317,0.9496443867683411
YMR127C,YLL011W,0,-4.3388324,0.09464406967163086,0.9928876161575317,0.9497866034507751
YJL146W,YFL009W,1,-4.34031,0.09476681053638458,0.9943100810050964,0.9497866034507751
YJL012C,YNL099C,0,-4.340527,0.09475396573543549,0.9943100810050964,0.949928879737854
YOR168W,YDR045C,0,-4.3421125,0.09474112093448639,0.9943100810050964,0.9500710964202881
YMR172W,YPL020C,0,-4.345188,0.09472828358411789,0.9943100810050964,0.9502133727073669
YDR059C,YDL223C,0,-4.34635,0.09471544623374939,0.9943100810050964,0.950355589389801
YOR386W,YDR110W,0,-4.3492074,0.09470261633396149,0.9943100810050964,0.9504978656768799
YGR103W,YOL021C,0,-4.3504524,0.09468978643417358,0.9943100810050964,0.9506401419639587
YLR368W,YJL111W,0,-4.3511624,0.09467696398496628,0.9943100810050964,0.9507823586463928
YPR023C,YER159C,0,-4.352781,0.09466414153575897,0.9943100810050964,0.9509246349334717
YGR128C,YGR094W,0,-4.3546004,0.09465131908655167,0.9943100810050964,0.9510668516159058
YOR148C,YOR039W,0,-4.357558,0.09463850408792496,0.9943100810050964,0.9512091279029846
YNL154C,YPL020C,0,-4.361018,0.09462569653987885,0.9943100810050964,0.9513513445854187
YBL020W,YKL008C,0,-4.3613834,0.09461288899183273,0.9943100810050964,0.9514936208724976
YHR012W,YKL058W,0,-4.361892,0.09460008144378662,0.9943100810050964,0.9516358375549316
YML115C,YBL008W,0,-4.362287,0.0945872813463211,0.9943100810050964,0.9517781138420105
YEL027W,YPL262W,0,-4.362541,0.09457448124885559,0.9943100810050964,0.9519203305244446
YER161C,YDR153C,0,-4.3629246,0.09456168860197067,0.9943100810050964,0.9520626068115234
YML015C,YKR025W,0,-4.36322,0.09454889595508575,0.9943100810050964,0.9522048234939575
YOR256C,YJR057W,0,-4.3639455,0.09453611075878143,0.9943100810050964,0.9523470997810364
YIL106W,YBR009C,0,-4.365088,0.09452332556247711,0.9943100810050964,0.9524893164634705
YHR062C,YNL036W,0,-4.3651004,0.09451054781675339,0.9943100810050964,0.9526315927505493
YIR004W,YOR034C,0,-4.365764,0.09449777007102966,0.9943100810050964,0.9527738094329834
YLR033W,YOL051W,0,-4.3661647,0.09448499232530594,0.9943100810050964,0.9529160857200623
YOR008C,YKL051W,0,-4.3671966,0.09447222948074341,0.9943100810050964,0.9530583024024963
YDR279W,YBL008W,0,-4.3674097,0.09445945918560028,0.9943100810050964,0.9532005786895752
YGL044C,YFR005C,0,-4.368008,0.09444669634103775,0.9943100810050964,0.9533427953720093
YGR095C,YAL051W,0,-4.3680983,0.09443393349647522,0.9943100810050964,0.9534850716590881
YKR085C,YOL051W,0,-4.368345,0.09442117810249329,0.9943100810050964,0.9536272883415222
YGR002C,YLR409C,0,-4.3694353,0.09440843015909195,0.9943100810050964,0.9537695646286011
YCL052C,YDL143W,0,-4.371583,0.09439568221569061,0.9943100810050964,0.9539117813110352
YDR075W,YDL020C,0,-4.372799,0.09438293427228928,0.9943100810050964,0.954054057598114
YML019W,YOR039W,0,-4.372866,0.09437019377946854,0.9943100810050964,0.9541962742805481
YPL057C,YBR036C,0,-4.37326,0.0943574532866478,0.9943100810050964,0.954338550567627
YNL207W,YJL111W,0,-4.373265,0.09434471279382706,0.9943100810050964,0.954480767250061
YJL087C,YMR091C,0,-4.373725,0.09433198720216751,0.9943100810050964,0.9546230435371399
YML115C,YLR130C,0,-4.3751435,0.09431925415992737,0.9943100810050964,0.9547653198242188
YHR196W,YNL232W,0,-4.3756094,0.09430652856826782,0.9943100810050964,0.9549075365066528
YDL047W,YDL188C,0,-4.3763576,0.09429381042718887,0.9943100810050964,0.9550498127937317
YDL143W,YFR005C,0,-4.3770747,0.09428109228610992,0.9943100810050964,0.9551920294761658
YOR270C,YBR135W,0,-4.377853,0.09426837414503098,0.9943100810050964,0.9553343057632446
YGR170W,YGL071W,0,-4.378197,0.09425566345453262,0.9943100810050964,0.9554765224456787
YDL143W,YGL044C,0,-4.3788915,0.09424295276403427,0.9943100810050964,0.9556187987327576
YPR086W,YLR368W,0,-4.379639,0.09423024952411652,0.9943100810050964,0.9557610154151917
YDL200C,YHR150W,0,-4.3807607,0.09421754628419876,0.9943100810050964,0.9559032917022705
YPR023C,YDR153C,0,-4.3823457,0.0942048504948616,0.9943100810050964,0.9560455083847046
YKR025W,YMR227C,0,-4.3832335,0.09419215470552444,0.9943100810050964,0.9561877846717834
YOR256C,YOR316C,0,-4.384682,0.09417946636676788,0.9943100810050964,0.9563300013542175
YGR262C,YJL012C,0,-4.385716,0.09416677802801132,0.9943100810050964,0.9564722776412964
YLR376C,YNL261W,0,-4.385967,0.09415409713983536,0.9943100810050964,0.9566144943237305
YDR211W,YLR100W,0,-4.3911986,0.0941414162516594,0.9943100810050964,0.9567567706108093
YOR034C,YOL045W,0,-4.393085,0.09412873536348343,0.9943100810050964,0.9568989872932434
YOR245C,YJR082C,0,-4.3938518,0.09411606192588806,0.9943100810050964,0.9570412635803223
YML080W,YPL112C,0,-4.394192,0.09410339593887329,0.9943100810050964,0.9571834802627563
YIR004W,YOR008C,0,-4.394652,0.09409072250127792,0.9943100810050964,0.9573257565498352
YOR386W,YKL140W,0,-4.3948255,0.09407806396484375,0.9943100810050964,0.9574679732322693
YNL218W,YMR091C,0,-4.396872,0.09406539797782898,0.9943100810050964,0.9576102495193481
YJL128C,YHR008C,0,-4.398713,0.0940527468919754,0.9943100810050964,0.9577524662017822
YIL049W,YNL121C,0,-4.398856,0.09404008835554123,0.9943100810050964,0.9578947424888611
YMR302C,YJR082C,0,-4.4004965,0.09402744472026825,0.9943100810050964,0.9580369591712952
YNL021W,YOR067C,0,-4.4006796,0.09401479363441467,0.9943100810050964,0.958179235458374
YDL188C,YDR297W,0,-4.40111,0.0940021499991417,0.9943100810050964,0.9583214521408081
YDR456W,YLR192C,0,-4.4029536,0.09398951381444931,0.9943100810050964,0.958463728427887
YNL135C,YGL012W,0,-4.403226,0.09397687762975693,0.9943100810050964,0.958605945110321
YGR202C,YDL047W,0,-4.403326,0.09396424144506454,0.9943100810050964,0.9587482213973999
YDR527W,YOL021C,0,-4.405148,0.09395161271095276,0.9943100810050964,0.9588904976844788
YOL089C,YGR002C,0,-4.4057875,0.09393898397684097,0.9943100810050964,0.9590327143669128
YBR199W,YER155C,0,-4.408416,0.09392636269330978,0.9943100810050964,0.9591749906539917
YML098W,YIR004W,0,-4.4105554,0.0939137414097786,0.9943100810050964,0.9593172073364258
YLR409C,YML115C,0,-4.414818,0.093901127576828,0.9943100810050964,0.9594594836235046
YOR067C,YPL119C,0,-4.415523,0.09388851374387741,0.9943100810050964,0.9596017003059387
YNL182C,YNL068C,0,-4.416988,0.09387590736150742,0.9943100810050964,0.9597439765930176
YOR056C,YML060W,0,-4.4181795,0.09386330097913742,0.9943100810050964,0.9598861932754517
YOR341W,YKL004W,0,-4.4225197,0.09385069459676743,0.9943100810050964,0.9600284695625305
YJR068W,YKL004W,0,-4.423715,0.09383809566497803,0.9943100810050964,0.9601706862449646
YNL048W,YOR149C,0,-4.42421,0.09382550418376923,0.9943100810050964,0.9603129625320435
YIL115C,YPR008W,0,-4.4253535,0.09381291270256042,0.9943100810050964,0.9604551792144775
YNL207W,YPL069C,0,-4.425816,0.09380032122135162,0.9943100810050964,0.9605974555015564
YDR153C,YPR041W,0,-4.4267735,0.09378773719072342,0.9943100810050964,0.9607396721839905
YPL178W,YOR272W,0,-4.426883,0.09377515316009521,0.9943100810050964,0.9608819484710693
YOR039W,YKL007W,0,-4.4282584,0.09376257658004761,0.9943100810050964,0.9610241651535034
YDR264C,YDR212W,0,-4.4288297,0.09375,0.9943100810050964,0.9611664414405823
YLR310C,YIL115C,0,-4.4289865,0.09373743087053299,0.9943100810050964,0.9613086581230164
YDR211W,YBL007C,0,-4.429854,0.09372486174106598,0.9943100810050964,0.9614509344100952
YBL046W,YGR003W,0,-4.430985,0.09371229261159897,0.9943100810050964,0.9615931510925293
YDR194C,YDR419W,0,-4.431602,0.09369973093271255,0.9943100810050964,0.9617354273796082
YOR067C,YGR002C,0,-4.4318423,0.09368717670440674,0.9943100810050964,0.9618776440620422
YGL122C,YAL035W,0,-4.433156,0.09367461502552032,0.9943100810050964,0.9620199203491211
YOR039W,YLR130C,0,-4.4335365,0.0936620682477951,0.9943100810050964,0.9621621370315552
YGR156W,YMR149W,0,-4.4343824,0.09364951401948929,0.9943100810050964,0.962304413318634
YLR060W,YMR149W,0,-4.434729,0.09363697469234467,0.9943100810050964,0.9624466300010681
YNL154C,YLL003W,0,-4.435636,0.09362442791461945,0.9943100810050964,0.962588906288147
YMR039C,YMR227C,0,-4.437138,0.09361189603805542,0.9943100810050964,0.962731122970581
YGL144C,YPL233W,0,-4.437652,0.0935993567109108,0.9943100810050964,0.9628733992576599
YJL133W,YOR067C,0,-4.4386296,0.09358682483434677,0.9943100810050964,0.9630156755447388
YDR527W,YDR088C,0,-4.4393096,0.09357430040836334,0.9943100810050964,0.9631578922271729
YLL034C,YOL021C,0,-4.4393926,0.09356176853179932,0.9943100810050964,0.9633001685142517
YOR279C,YKL018W,0,-4.4410443,0.09354925155639648,0.9943100810050964,0.9634423851966858
YDR211W,YGR003W,0,-4.441385,0.09353673458099365,0.9943100810050964,0.9635846614837646
YNL273W,YMR125W,0,-4.44268,0.09352421760559082,0.9943100810050964,0.9637268781661987
YML073C,YER126C,0,-4.4432855,0.09351170808076859,0.9943100810050964,0.9638691544532776
YPL045W,YOR058C,0,-4.4439063,0.09349919855594635,0.9943100810050964,0.9640113711357117
YPR075C,YPR008W,0,-4.4442024,0.09348668903112411,0.9943100810050964,0.9641536474227905
YML080W,YMR227C,0,-4.4462304,0.09347419440746307,0.9943100810050964,0.9642958641052246
YOL108C,YGR002C,0,-4.4482646,0.09346169233322144,0.9943100810050964,0.9644381403923035
YDL231C,YKL007W,0,-4.4486446,0.0934491977095604,0.9943100810050964,0.9645803570747375
YDL047W,YLR100W,0,-4.449451,0.09343670308589935,0.9943100810050964,0.9647226333618164
YNL218W,YOR008C,0,-4.4504533,0.09342421591281891,0.9943100810050964,0.9648648500442505
YPR008W,YCR002C,0,-4.4523726,0.09341173619031906,0.9943100810050964,0.9650071263313293
YLR248W,YJL005W,1,-4.4527354,0.09353286772966385,0.9957325458526611,0.9650071263313293
YOL060C,YOR008C,0,-4.455807,0.09352037310600281,0.9957325458526611,0.9651493430137634
YDR182W,YKL058W,0,-4.455883,0.09350787848234177,0.9957325458526611,0.9652916193008423
YBL052C,YDL143W,0,-4.4571724,0.09349539130926132,0.9957325458526611,0.9654338359832764
YPR086W,YNL039W,0,-4.45986,0.09348290413618088,0.9957325458526611,0.9655761122703552
YGR185C,YHR107C,0,-4.4598985,0.09347042441368103,0.9957325458526611,0.9657183289527893
YML073C,YPL211W,0,-4.459949,0.09345794469118118,0.9957325458526611,0.9658606052398682
YDL047W,YHR150W,0,-4.462031,0.09344546496868134,0.9957325458526611,0.9660028219223022
YHR150W,YJR093C,0,-4.4643207,0.09343299269676208,0.9957325458526611,0.9661450982093811
YDR211W,YGR007W,0,-4.465071,0.09342052787542343,0.9957325458526611,0.9662873148918152
YPL069C,YPL178W,0,-4.467461,0.09340806305408478,0.9957325458526611,0.966429591178894
YBR095C,YOR058C,0,-4.4680395,0.09339559823274612,0.9957325458526611,0.9665718078613281
YCL052C,YDR116C,0,-4.4685903,0.09338314086198807,0.9957325458526611,0.966714084148407
YHR062C,YDR211W,0,-4.469009,0.09337068349123001,0.9957325458526611,0.9668563008308411
YMR235C,YOR056C,0,-4.4690585,0.09335822612047195,0.9957325458526611,0.9669985771179199
YER068W,YJL041W,0,-4.4695582,0.0933457762002945,0.9957325458526611,0.9671408534049988
YER159C,YMR227C,0,-4.470573,0.09333333373069763,0.9957325458526611,0.9672830700874329
YNL103W,YJL154C,0,-4.470694,0.09332089126110077,0.9957325458526611,0.9674253463745117
YJR068W,YHR150W,0,-4.4712596,0.0933084487915039,0.9957325458526611,0.9675675630569458
YNL103W,YBR035C,0,-4.4713435,0.09329601377248764,0.9957325458526611,0.9677098393440247
YLR370C,YCR002C,0,-4.471405,0.09328357875347137,0.9957325458526611,0.9678520560264587
YPL139C,YNL088W,1,-4.471976,0.09340439736843109,0.9971550703048706,0.9678520560264587
YKL166C,YDR045C,0,-4.473011,0.09339195489883423,0.9971550703048706,0.9679943323135376
YPR056W,YPL112C,0,-4.473208,0.09337951242923737,0.9971550703048706,0.9681365489959717
YER026C,YGR135W,0,-4.475084,0.0933670774102211,0.9971550703048706,0.9682788252830505
YLR409C,YJL111W,0,-4.4753695,0.09335464239120483,0.9971550703048706,0.9684210419654846
YOR157C,YDL015C,0,-4.476635,0.09334220737218857,0.9971550703048706,0.9685633182525635
YPR023C,YPR094W,0,-4.476687,0.0933297798037529,0.9971550703048706,0.9687055349349976
YDL004W,YDL143W,0,-4.476746,0.09331735968589783,0.9971550703048706,0.9688478112220764
YLR191W,YLR105C,0,-4.47735,0.09330493956804276,0.9971550703048706,0.9689900279045105
YKL126W,YDR456W,0,-4.477964,0.09329251945018768,0.9971550703048706,0.9691323041915894
YPL046C,YML036W,0,-4.4783397,0.09328010678291321,0.9971550703048706,0.9692745208740234
YNL135C,YGR185C,0,-4.4791255,0.09326769411563873,0.9971550703048706,0.9694167971611023
YDL132W,YDR394W,0,-4.4793935,0.09325528889894485,0.9971550703048706,0.9695590138435364
YOR039W,YPR024W,0,-4.4795513,0.09324288368225098,0.9971550703048706,0.9697012901306152
YGL246C,YDR324C,0,-4.480255,0.0932304859161377,0.9971550703048706,0.9698435068130493
YOR157C,YDR129C,0,-4.484301,0.09321808815002441,0.9971550703048706,0.9699857831001282
YDL043C,YBL008W,0,-4.4854503,0.09320569038391113,0.9971550703048706,0.9701279997825623
YFR009W,YMR125W,0,-4.4863486,0.09319330006837845,0.9971550703048706,0.9702702760696411
YBR036C,YAR003W,0,-4.4867873,0.09318090975284576,0.9971550703048706,0.9704124927520752
YNL207W,YDL235C,0,-4.48684,0.09316852688789368,0.9971550703048706,0.970554769039154
YOL089C,YNR023W,0,-4.4890914,0.09315614402294159,0.9971550703048706,0.9706969857215881
YNL218W,YLR100W,0,-4.4895544,0.0931437686085701,0.9971550703048706,0.970839262008667
YDR153C,YDR484W,0,-4.4906883,0.09313139319419861,0.9971550703048706,0.9709814786911011
YMR268C,YER068W,0,-4.4913535,0.09311902523040771,0.9971550703048706,0.9711237549781799
YDL047W,YNL186W,0,-4.491844,0.09310665726661682,0.9971550703048706,0.9712660312652588
YNL221C,YDR153C,0,-4.494794,0.09309428930282593,0.9971550703048706,0.9714082479476929
YBR015C,YJL014W,0,-4.4955416,0.09308192878961563,0.9971550703048706,0.9715505242347717
YDL188C,YIL048W,0,-4.495939,0.09306956827640533,0.9971550703048706,0.9716927409172058
YOR239W,YJL012C,0,-4.4983335,0.09305721521377563,0.9971550703048706,0.9718350172042847
YHR062C,YDL043C,0,-4.498956,0.09304486215114594,0.9971550703048706,0.9719772338867188
YNR054C,YML094W,0,-4.501033,0.09303251653909683,0.9971550703048706,0.9721195101737976
YKR079C,YOR004W,0,-4.501818,0.09302017092704773,0.9971550703048706,0.9722617268562317
YPR008W,YDR147W,0,-4.5034766,0.09300782531499863,0.9971550703048706,0.9724040031433105
YNR023W,YKR025W,0,-4.506694,0.09299548715353012,0.9971550703048706,0.9725462198257446
YDL047W,YBR095C,0,-4.50689,0.09298315644264221,0.9971550703048706,0.9726884961128235
YML060W,YDR398W,0,-4.5089097,0.0929708257317543,0.9971550703048706,0.9728307127952576
YLR459W,YJL183W,0,-4.5109463,0.0929584950208664,0.9971550703048706,0.9729729890823364
YNL173C,YDR211W,0,-4.5160108,0.09294617176055908,0.9971550703048706,0.9731152057647705
YNL182C,YGL246C,0,-4.5170627,0.09293384850025177,0.9971550703048706,0.9732574820518494
YHR148W,YGL227W,0,-4.519359,0.09292152523994446,0.9971550703048706,0.9733996987342834
YDL143W,YPR008W,0,-4.5195365,0.09290920943021774,0.9971550703048706,0.9735419750213623
YLR110C,YBR009C,0,-4.5203156,0.09289690107107162,0.9971550703048706,0.9736841917037964
YNL139C,YML019W,0,-4.523482,0.0928845927119255,0.9971550703048706,0.9738264679908752
YKL140W,YER008C,0,-4.524505,0.09287228435277939,0.9971550703048706,0.9739686846733093
YGR231C,YBR095C,0,-4.526393,0.09285998344421387,0.9971550703048706,0.9741109609603882
YOR330C,YNL298W,0,-4.527207,0.09284768253564835,0.9971550703048706,0.9742531776428223
YPR086W,YML094W,0,-4.5381427,0.09283538907766342,0.9971550703048706,0.9743954539299011
YNL154C,YDL235C,0,-4.543013,0.0928230956196785,0.9971550703048706,0.9745376706123352
YNL154C,YGL071W,0,-4.544332,0.09281080216169357,0.9971550703048706,0.9746799468994141
YML110C,YGR183C,0,-4.546662,0.09279851615428925,0.9971550703048706,0.9748221635818481
YBR169C,YER053C,0,-4.55092,0.09278623759746552,0.9971550703048706,0.974964439868927
YDR211W,YOR270C,0,-4.5529227,0.09277395159006119,0.9971550703048706,0.9751066565513611
YNL103W,YDL015C,0,-4.553865,0.09276168048381805,0.9971550703048706,0.9752489328384399
YPL045W,YDR121W,0,-4.562649,0.09274940192699432,0.9971550703048706,0.9753912091255188
YJL029C,YJL090C,0,-4.5644584,0.09273713082075119,0.9971550703048706,0.9755334258079529
YER068W,YML115C,0,-4.5675573,0.09272486716508865,0.9971550703048706,0.9756757020950317
YDR110W,YLR396C,0,-4.5683274,0.09271260350942612,0.9971550703048706,0.9758179187774658
YER161C,YGL044C,0,-4.5685143,0.09270034730434418,0.9971550703048706,0.9759601950645447
YKR079C,YDR361C,0,-4.5685267,0.09268808364868164,0.9971550703048706,0.9761024117469788
YEL013W,YJR068W,0,-4.569911,0.0926758348941803,0.9971550703048706,0.9762446880340576
YPL053C,YJR093C,0,-4.5707536,0.09266357868909836,0.9971550703048706,0.9763869047164917
YBR265W,YDR211W,0,-4.571823,0.09265133738517761,0.9971550703048706,0.9765291810035706
YLR033W,YIL115C,0,-4.575993,0.09263908863067627,0.9971550703048706,0.9766713976860046
YPR056W,YOR149C,0,-4.5775833,0.09262684732675552,0.9971550703048706,0.9768136739730835
YOL108C,YJR057W,0,-4.5789714,0.09261461347341537,0.9971550703048706,0.9769558906555176
YNL103W,YJR068W,0,-4.580896,0.09260237962007523,0.9971550703048706,0.9770981669425964
YDR194C,YER159C,0,-4.581289,0.09259014576673508,0.9971550703048706,0.9772403836250305
YFR009W,YGR002C,0,-4.592215,0.09257791936397552,0.9971550703048706,0.9773826599121094
YLR192C,YOR039W,0,-4.596518,0.09256569296121597,0.9971550703048706,0.9775248765945435
YKR079C,YHR066W,0,-4.597804,0.09255347400903702,0.9971550703048706,0.9776671528816223
YIL075C,YJL128C,0,-4.5992107,0.09254125505685806,0.9971550703048706,0.9778093695640564
YNL186W,YBR172C,0,-4.5992694,0.09252903610467911,0.9971550703048706,0.9779516458511353
YAL035W,YLR130C,0,-4.5995736,0.09251682460308075,0.9971550703048706,0.9780938625335693
YOR256C,YOL045W,0,-4.600157,0.09250462055206299,0.9971550703048706,0.9782361388206482
YFR050C,YNR052C,0,-4.601725,0.09249241650104523,0.9971550703048706,0.9783783555030823
YDL231C,YHR205W,0,-4.6049376,0.09248021245002747,0.9971550703048706,0.9785206317901611
YDL143W,YHR205W,0,-4.6071696,0.0924680158495903,0.9971550703048706,0.9786628484725952
YPL160W,YDR385W,0,-4.6081977,0.09245581924915314,0.9971550703048706,0.9788051247596741
YPR041W,YOR004W,0,-4.609595,0.09244362264871597,0.9971550703048706,0.9789473414421082
YDR118W,YDR419W,0,-4.610108,0.0924314334988594,0.9971550703048706,0.979089617729187
YBR036C,YML034W,0,-4.6135044,0.09241925179958344,0.9971550703048706,0.9792318344116211
YDR153C,YER159C,0,-4.6161637,0.09240706264972687,0.9971550703048706,0.9793741106987
YDR422C,YIR015W,0,-4.6199627,0.0923948884010315,0.9971550703048706,0.9795163869857788
YJR007W,YGR128C,0,-4.6201963,0.09238270670175552,0.9971550703048706,0.9796586036682129
YHR148W,YPL217C,0,-4.6216993,0.09237053990364075,0.9971550703048706,0.9798008799552917
YMR039C,YDR110W,0,-4.6225142,0.09235836565494537,0.9971550703048706,0.9799430966377258
YOR270C,YML019W,0,-4.624171,0.0923461988568306,0.9971550703048706,0.9800853729248047
YDR211W,YBR036C,0,-4.624856,0.09233403950929642,0.9971550703048706,0.9802275896072388
YDL143W,YDR045C,0,-4.625014,0.09232187271118164,0.9971550703048706,0.9803698658943176
YKR025W,YJR068W,0,-4.6260643,0.09230972081422806,0.9971550703048706,0.9805120825767517
YDR110W,YAL035W,0,-4.6270123,0.09229756146669388,0.9971550703048706,0.9806543588638306
YCL052C,YGR135W,0,-4.627887,0.09228541702032089,0.9971550703048706,0.9807965755462646
YFR009W,YGR262C,0,-4.6303267,0.09227326512336731,0.9971550703048706,0.9809388518333435
YOR058C,YOR304W,0,-4.630833,0.09226112067699432,0.9971550703048706,0.9810810685157776
YBR049C,YCL052C,0,-4.6346545,0.09224898368120193,0.9971550703048706,0.9812233448028564
YPL084W,YLR368W,0,-4.6348567,0.09223683923482895,0.9971550703048706,0.9813655614852905
YPR016C,YDR361C,0,-4.6369963,0.09222470968961716,0.9971550703048706,0.9815078377723694
YOR026W,YNL039W,0,-4.637253,0.09221257269382477,0.9971550703048706,0.9816500544548035
YGR231C,YMR092C,0,-4.645084,0.09220045059919357,0.9971550703048706,0.9817923307418823
YIR012W,YHR196W,0,-4.6490846,0.09218832105398178,0.9971550703048706,0.9819345474243164
YDR211W,YGL173C,0,-4.6502843,0.09217619895935059,0.9971550703048706,0.9820768237113953
YML015C,YMR080C,0,-4.6544404,0.09216408431529999,0.9971550703048706,0.9822190403938293
YLR060W,YDR385W,0,-4.6563106,0.09215196222066879,0.9971550703048706,0.9823613166809082
YLR324W,YKL188C,0,-4.6622777,0.09213985502719879,0.9971550703048706,0.9825035333633423
YFR009W,YJL041W,0,-4.6660905,0.0921277403831482,0.9971550703048706,0.9826458096504211
YIL048W,YOR149C,0,-4.672958,0.09211564064025879,0.9971550703048706,0.9827880263328552
YKL018W,YIL048W,0,-4.6738863,0.09210353344678879,0.9971550703048706,0.9829303026199341
YML129C,YDR322C-A,0,-4.6753883,0.09209143370389938,0.9971550703048706,0.9830725193023682
YBR265W,YGR095C,0,-4.676767,0.09207934141159058,0.9971550703048706,0.983214795589447
YDR211W,YNL068C,0,-4.678086,0.09206724166870117,0.9971550703048706,0.9833570122718811
YPR086W,YML115C,0,-4.6832857,0.09205515682697296,0.9971550703048706,0.98349928855896
YDR129C,YOR377W,0,-4.6874757,0.09204306453466415,0.9971550703048706,0.9836415648460388
YOR119C,YOR209C,0,-4.688575,0.09203097969293594,0.9971550703048706,0.9837837815284729
YDR456W,YPR113W,0,-4.68967,0.09201890230178833,0.9971550703048706,0.9839260578155518
YLL011W,YPR041W,0,-4.690801,0.09200682491064072,0.9971550703048706,0.9840682744979858
YDR163W,YDR088C,0,-4.694354,0.0919947475194931,0.9971550703048706,0.9842105507850647
YLR370C,YIL049W,0,-4.7017093,0.09198267757892609,0.9971550703048706,0.9843527674674988
YDR289C,YGR002C,0,-4.704961,0.09197061508893967,0.9971550703048706,0.9844950437545776
YER120W,YDR456W,0,-4.70626,0.09195854514837265,0.9971550703048706,0.9846372604370117
YOR270C,YHR107C,0,-4.7080307,0.09194648265838623,0.9971550703048706,0.9847795367240906
YNL091W,YNL121C,0,-4.7099395,0.09193442761898041,0.9971550703048706,0.9849217534065247
YMR172W,YDR110W,0,-4.713368,0.09192237257957458,0.9971550703048706,0.9850640296936035
YGR191W,YGR262C,0,-4.7154984,0.09191031754016876,0.9971550703048706,0.9852062463760376
YHL007C,YMR235C,0,-4.720489,0.09189826995134354,0.9971550703048706,0.9853485226631165
YJL006C,YBR257W,0,-4.721019,0.09188622236251831,0.9971550703048706,0.9854907393455505
YJR007W,YMR080C,0,-4.725695,0.09187418222427368,0.9971550703048706,0.9856330156326294
YPL045W,YDR088C,0,-4.7263656,0.09186214208602905,0.9971550703048706,0.9857752323150635
YJR068W,YLR368W,0,-4.729573,0.09185010194778442,0.9971550703048706,0.9859175086021423
YML129C,YOL023W,0,-4.7303977,0.09183806926012039,0.9971550703048706,0.9860597252845764
YPL244C,YLR032W,0,-4.7335587,0.09182604402303696,0.9971550703048706,0.9862020015716553
YNL154C,YBR010W,0,-4.7349973,0.09181401133537292,0.9971550703048706,0.9863442182540894
YKL018W,YDR212W,0,-4.7356935,0.09180199354887009,0.9971550703048706,0.9864864945411682
YMR080C,YLR409C,0,-4.7439575,0.09178996831178665,0.9971550703048706,0.9866287112236023
YLR060W,YMR235C,0,-4.743994,0.09177795052528381,0.9971550703048706,0.9867709875106812
YDR456W,YJL154C,0,-4.7440453,0.09176594018936157,0.9971550703048706,0.9869132041931152
YLR430W,YNR052C,0,-4.748483,0.09175392985343933,0.9971550703048706,0.9870554804801941
YJL128C,YDR182W,0,-4.7487497,0.09174191951751709,0.9971550703048706,0.9871976971626282
YPL139C,YJL146W,1,-4.756229,0.09186077117919922,0.9985775351524353,0.9871976971626282
YFR050C,YLR100W,0,-4.764943,0.09184875339269638,0.9985775351524353,0.987339973449707
YPR056W,YNL099C,0,-4.7652316,0.09183673560619354,0.9985775351524353,0.9874821901321411
YGR231C,YPL087W,0,-4.765544,0.0918247252702713,0.9985775351524353,0.98762446641922
YMR172W,YLR396C,0,-4.7756095,0.09181271493434906,0.9985775351524353,0.9877667427062988
YNL103W,YGR002C,0,-4.780357,0.09180070459842682,0.9985775351524353,0.9879089593887329
YKL117W,YDL147W,0,-4.7834167,0.09178870171308517,0.9985775351524353,0.9880512356758118
YBL007C,YER155C,0,-4.7842846,0.09177670627832413,0.9985775351524353,0.9881934523582458
YER068W,YJR093C,0,-4.786257,0.09176470339298248,0.9985775351524353,0.9883357286453247
YBL103C,YMR091C,0,-4.7874956,0.09175271540880203,0.9985775351524353,0.9884779453277588
YGL070C,YDL043C,0,-4.7916107,0.09174071997404099,0.9985775351524353,0.9886202216148376
YNL267W,YOR304W,0,-4.795303,0.09172873198986053,0.9985775351524353,0.9887624382972717
YDL047W,YJR007W,0,-4.8001666,0.09171675145626068,0.9985775351524353,0.9889047145843506
YDR121W,YNL232W,0,-4.8004613,0.09170477092266083,0.9985775351524353,0.9890469312667847
YPL020C,YGR002C,0,-4.8011003,0.09169279038906097,0.9985775351524353,0.9891892075538635
YDL004W,YOR209C,0,-4.8022733,0.09168081730604172,0.9985775351524353,0.9893314242362976
YPL020C,YER161C,0,-4.8072248,0.09166884422302246,0.9985775351524353,0.9894737005233765
YPL160W,YNL209W,0,-4.813503,0.0916568711400032,0.9985775351524353,0.9896159172058105
YDR280W,YER126C,0,-4.8187118,0.09164490550756454,0.9985775351524353,0.9897581934928894
YNL197C,YGR002C,0,-4.8190265,0.09163294732570648,0.9985775351524353,0.9899004101753235
YLR191W,YJR082C,0,-4.819217,0.09162098914384842,0.9985775351524353,0.9900426864624023
YHR196W,YOR056C,0,-4.8297057,0.09160903096199036,0.9985775351524353,0.9901849031448364
YPL262W,YIL023C,0,-4.8494873,0.09159708023071289,0.9985775351524353,0.9903271794319153
YOR279C,YPL151C,0,-4.849998,0.09158512949943542,0.9985775351524353,0.9904693961143494
YIL048W,YNL099C,0,-4.8507023,0.09157317876815796,0.9985775351524353,0.9906116724014282
YIL048W,YGR007W,0,-4.853438,0.09156123548746109,0.9985775351524353,0.9907538890838623
YNL091W,YOR039W,0,-4.8538857,0.09154929220676422,0.9985775351524353,0.9908961653709412
YOR168W,YGR103W,0,-4.8578153,0.09153735637664795,0.9985775351524353,0.9910383820533752
YLR138W,YPL244C,0,-4.8612247,0.09152542054653168,0.9985775351524353,0.9911806583404541
YDR211W,YDR398W,0,-4.8640976,0.091513492166996,0.9985775351524353,0.9913228750228882
YOR039W,YJL014W,0,-4.8701696,0.09150156378746033,0.9985775351524353,0.991465151309967
YOR039W,YMR302C,0,-4.8872647,0.09148963540792465,0.9985775351524353,0.9916073679924011
YML129C,YDR484W,0,-4.9044676,0.09147771447896957,0.9985775351524353,0.99174964427948
YOR067C,YPR181C,0,-4.9115195,0.09146580100059509,0.9985775351524353,0.9918919205665588
YDL047W,YBR036C,0,-4.923025,0.09145388007164001,0.9985775351524353,0.9920341372489929
YGR159C,YHR062C,0,-4.927078,0.09144196659326553,0.9985775351524353,0.9921764135360718
YBR036C,YBR199W,0,-4.932304,0.09143006056547165,0.9985775351524353,0.9923186302185059
YGR095C,YBR257W,0,-4.948966,0.09141815453767776,0.9985775351524353,0.9924609065055847
YPL211W,YCL054W,0,-4.949567,0.09140624850988388,0.9985775351524353,0.9926031231880188
YAL035W,YFR005C,0,-4.9690833,0.0913943499326706,0.9985775351524353,0.9927453994750977
YOR270C,YNL121C,0,-4.985084,0.0913824513554573,0.9985775351524353,0.9928876161575317
YDL212W,YDR212W,0,-4.9861903,0.09137056022882462,0.9985775351524353,0.9930298924446106
YNL177C,YOL023W,0,-5.0078716,0.09135866910219193,0.9985775351524353,0.9931721091270447
YPR056W,YDL004W,0,-5.0186315,0.09134677797555923,0.9985775351524353,0.9933143854141235
YGR095C,YLL011W,0,-5.0327067,0.09133489429950714,0.9985775351524353,0.9934566020965576
YDR211W,YDR110W,0,-5.040783,0.09132301062345505,0.9985775351524353,0.9935988783836365
YJL154C,YJL014W,0,-5.05514,0.09131113439798355,0.9985775351524353,0.9937410950660706
YBR084W,YGR123C,0,-5.064819,0.09129925817251205,0.9985775351524353,0.9938833713531494
YFL002C,YJR007W,0,-5.066832,0.09128738939762115,0.9985775351524353,0.9940255880355835
YDR456W,YMR149W,0,-5.069158,0.09127551317214966,0.9985775351524353,0.9941678643226624
YDR280W,YBR257W,0,-5.0706983,0.09126365184783936,0.9985775351524353,0.9943100810050964
YPL217C,YER126C,0,-5.07155,0.09125179052352905,0.9985775351524353,0.9944523572921753
YMR149W,YDR284C,0,-5.096742,0.09123992919921875,0.9985775351524353,0.9945945739746094
YGR231C,YDL007W,0,-5.098118,0.09122806787490845,0.9985775351524353,0.9947368502616882
YML115C,YJR093C,0,-5.1043496,0.09121621400117874,0.9985775351524353,0.9948790669441223
YDL047W,YHR205W,0,-5.110762,0.09120436757802963,0.9985775351524353,0.9950213432312012
YOL124C,YBR155W,0,-5.1419606,0.09119252115488052,0.9985775351524353,0.9951635599136353
YNL154C,YJL014W,0,-5.16242,0.09118067473173141,0.9985775351524353,0.9953058362007141
YDR211W,YHR066W,0,-5.1717725,0.0911688283085823,0.9985775351524353,0.9954480528831482
YHR008C,YHR001W-A,0,-5.178718,0.0911569893360138,0.9985775351524353,0.995590329170227
YIR012W,YAL059W,0,-5.18066,0.09114515781402588,0.9985775351524353,0.9957325458526611
YJL128C,YMR149W,0,-5.183255,0.09113332629203796,0.9985775351524353,0.99587482213974
YPR086W,YPR023C,0,-5.186064,0.09112149477005005,0.9985775351524353,0.9960170984268188
YGR103W,YBR079C,0,-5.19071,0.09110967069864273,0.9985775351524353,0.9961593151092529
YMR149W,YGL173C,0,-5.1979394,0.09109784662723541,0.9985775351524353,0.9963015913963318
YNR054C,YGR128C,0,-5.2176566,0.0910860225558281,0.9985775351524353,0.9964438080787659
YBR155W,YPL211W,0,-5.225558,0.09107420593500137,0.9985775351524353,0.9965860843658447
YML080W,YNL232W,0,-5.291327,0.09106239676475525,0.9985775351524353,0.9967283010482788
YGR231C,YCL052C,0,-5.3093667,0.09105058014392853,0.9985775351524353,0.9968705773353577
YMR091C,YJL111W,0,-5.3355823,0.091038778424263,0.9985775351524353,0.9970127940177917
YDR324C,YOR056C,0,-5.393789,0.09102696925401688,0.9985775351524353,0.9971550703048706
YLR276C,YFL002C,0,-5.4225063,0.09101516753435135,0.9985775351524353,0.9972972869873047
YDR324C,YBR267W,0,-5.4326644,0.09100337326526642,0.9985775351524353,0.9974395632743835
YIR012W,YLR409C,0,-5.488307,0.09099157154560089,0.9985775351524353,0.9975817799568176
YML080W,YOR272W,0,-5.488683,0.09097978472709656,0.9985775351524353,0.9977240562438965
YPR056W,YPL244C,0,-5.508203,0.09096799045801163,0.9985775351524353,0.9978662729263306
YDR194C,YKR085C,0,-5.513988,0.0909562036395073,0.9985775351524353,0.9980085492134094
YGR159C,YOL124C,0,-5.522619,0.09094442427158356,0.9985775351524353,0.9981507658958435
YGR095C,YDR361C,0,-5.5329986,0.09093264490365982,0.9985775351524353,0.9982930421829224
YOL097C,YPL160W,0,-5.5391173,0.09092086553573608,0.9985775351524353,0.9984352588653564
YML080W,YOL124C,0,-5.541759,0.09090909361839294,0.9985775351524353,0.9985775351524353
YNL182C,YOR056C,0,-5.6785474,0.0908973217010498,0.9985775351524353,0.9987197518348694
YGL111W,YGR128C,0,-5.778217,0.09088554978370667,0.9985775351524353,0.9988620281219482
YDR087C,YAL059W,0,-5.7920976,0.09087378531694412,0.9985775351524353,0.9990042448043823
YGR159C,YLR276C,0,-5.9198327,0.09086202085018158,0.9985775351524353,0.9991465210914612
YGL111W,YLR409C,0,-6.0620966,0.09085026383399963,0.9985775351524353,0.9992887377738953
YLL034C,YJL033W,0,-6.1908913,0.09083850681781769,0.9985775351524353,0.9994310140609741
YLR060W,YOL097C,0,-6.1970215,0.09082675725221634,0.9985775351524353,0.9995732307434082
YLL034C,YGR128C,0,-6.1983676,0.09081500768661499,0.9985775351524353,0.9997155070304871
YGR103W,YPL211W,0,-6.4109216,0.09080325812101364,0.9985775351524353,0.9998577237129211
YNL182C,YHR066W,0,-6.8148255,0.09079151600599289,0.9985775351524353,1.0
YBR100W,YBR098W,1,-6.861566,0.09090909361839294,1.0,1.0
