Gene A,Gene B,Label,Score,Precision,Recall,False Positive Rate
YJR092W,YMR032W,1,4.0069165,1.0,0.0009990009712055326,0.0
YJL179W,YOR132W,0,3.7520244,0.5,0.0009990009712055326,0.00010001000191550702
YNL317W,YJL179W,0,3.6216748,0.3333333432674408,0.0009990009712055326,0.00020002000383101404
YDR092W,YPL063W,0,3.6188903,0.25,0.0009990009712055326,0.00030002999119460583
YHR016C,YKL048C,1,3.4040742,0.4000000059604645,0.001998001942411065,0.00030002999119460583
YIL034C,YHR023W,1,3.399931,0.5,0.0029970030300319195,0.00030002999119460583
YLR045C,YJR125C,1,3.30544,0.5714285969734192,0.00399600388482213,0.00030002999119460583
YHL017W,YBR045C,0,3.3028595,0.5,0.00399600388482213,0.0004000400076620281
YGR198W,YLR206W,1,3.2737505,0.5555555820465088,0.004995005205273628,0.0004000400076620281
YPL269W,YBL007C,1,3.2111804,0.6000000238418579,0.005994006060063839,0.0004000400076620281
YCR088W,YCR002C,1,3.1724362,0.6363636255264282,0.00699300691485405,0.0004000400076620281
YLR045C,YHR016C,1,3.12875,0.6666666865348816,0.00799200776964426,0.0004000400076620281
YPL269W,YDL161W,1,3.0805197,0.692307710647583,0.008991008624434471,0.0004000400076620281
YLR324W,YDR002W,0,3.0775213,0.6428571343421936,0.008991008624434471,0.0005000500241294503
YLR039C,YKL040C,0,3.004488,0.6000000238418579,0.008991008624434471,0.0006000599823892117
YJL179W,YGL127C,0,3.0029109,0.5625,0.008991008624434471,0.0007000699988566339
YFL049W,YLR189C,0,2.9912794,0.529411792755127,0.008991008624434471,0.0008000800153240561
YCR009C,YIL140W,1,2.9822178,0.5555555820465088,0.009990010410547256,0.0008000800153240561
YKL048C,YDL222C,1,2.973968,0.5789473652839661,0.010989011265337467,0.0008000800153240561
YCR088W,YNL233W,1,2.9676933,0.6000000238418579,0.011988012120127678,0.0008000800153240561
YHR161C,YHR023W,1,2.9641476,0.6190476417541504,0.012987012974917889,0.0008000800153240561
YPR105C,YLR019W,0,2.955339,0.5909090638160706,0.012987012974917889,0.0009000900317914784
YLR118C,YBR112C,0,2.9540808,0.5652173757553101,0.012987012974917889,0.0010001000482589006
YNL183C,YDR386W,0,2.9495804,0.5416666865348816,0.012987012974917889,0.001100110006518662
YKL129C,YMR032W,1,2.9331834,0.5600000023841858,0.0139860138297081,0.001100110006518662
YNL166C,YLR206W,1,2.9109695,0.5769230723381042,0.01498501468449831,0.001100110006518662
YGR170W,YJL013C,0,2.890447,0.5555555820465088,0.01498501468449831,0.0012001199647784233
YMR032W,YHR023W,1,2.8900988,0.5714285969734192,0.01598401553928852,0.0012001199647784233
YLR337C,YMR032W,1,2.8834665,0.5862069129943848,0.016983017325401306,0.0012001199647784233
YPL242C,YCL014W,1,2.869167,0.6000000238418579,0.017982017248868942,0.0012001199647784233
YPL224C,YKL054C,0,2.8643353,0.5806451439857483,0.017982017248868942,0.0013001300394535065
YNL166C,YCR002C,1,2.8557642,0.59375,0.018981019034981728,0.0013001300394535065
YFR049W,YMR183C,0,2.8534496,0.5757575631141663,0.018981019034981728,0.0014001399977132678
YPL225W,YBL051C,0,2.8493364,0.5588235259056091,0.018981019034981728,0.001500150072388351
YLR045C,YGR241C,1,2.8489196,0.5714285969734192,0.019980020821094513,0.001500150072388351
YNL181W,YPR133C,0,2.846479,0.5555555820465088,0.019980020821094513,0.0016001600306481123
YJR125C,YDR409W,1,2.8448663,0.5675675868988037,0.02097902074456215,0.0016001600306481123
YCL034W,YNL233W,1,2.8391626,0.5789473652839661,0.021978022530674934,0.0016001600306481123
YDR409W,YHR161C,1,2.8361874,0.5897436141967773,0.02297702245414257,0.0016001600306481123
YMR001C,YLR337C,0,2.8318834,0.574999988079071,0.02297702245414257,0.0017001699889078736
YLR193C,YML055W,0,2.8027406,0.5609756112098694,0.02297702245414257,0.0018001800635829568
YJR076C,YDR379W,1,2.7991488,0.5714285969734192,0.023976024240255356,0.0018001800635829568
YIL167W,YML055W,0,2.7929893,0.5581395626068115,0.023976024240255356,0.0019001900218427181
YGR198W,YGR241C,1,2.7854578,0.5681818127632141,0.024975024163722992,0.0019001900218427181
YHR061C,YGL233W,1,2.7552664,0.5777778029441833,0.025974025949835777,0.0019001900218427181
YER031C,YKL039W,0,2.7505023,0.5652173757553101,0.025974025949835777,0.0020002000965178013
YML059C,YKR049C,0,2.7497985,0.5531914830207825,0.025974025949835777,0.002100209938362241
YAL019W,YCL035C,0,2.7484486,0.5416666865348816,0.025974025949835777,0.002200220013037324
YJR125C,YGL233W,1,2.7378373,0.5510203838348389,0.026973027735948563,0.002200220013037324
YJR092W,YGL233W,1,2.7350614,0.5600000023841858,0.0279720276594162,0.002200220013037324
YLR337C,YNL233W,1,2.7310464,0.5686274766921997,0.028971029445528984,0.002200220013037324
YNL045W,YMR274C,0,2.728005,0.557692289352417,0.028971029445528984,0.002300230087712407
YLR215C,YNL041C,0,2.7253845,0.5471698045730591,0.028971029445528984,0.0024002399295568466
YGR080W,YNL233W,1,2.7213995,0.5555555820465088,0.02997002936899662,0.0024002399295568466
YGR266W,YMR225C,0,2.7178743,0.5454545617103577,0.02997002936899662,0.0025002500042319298
YLR045C,YGL233W,1,2.6873622,0.5535714030265808,0.030969031155109406,0.0025002500042319298
YLL006W,YGL151W,0,2.6823883,0.5438596606254578,0.030969031155109406,0.002600260078907013
YLR313C,YNL166C,1,2.6630504,0.5517241358757019,0.03196803107857704,0.002600260078907013
YLR328W,YMR237W,0,2.655842,0.5423728823661804,0.03196803107857704,0.0027002699207514524
YHR061C,YDL161W,1,2.653547,0.550000011920929,0.032967034727334976,0.0027002699207514524
YLR337C,YBR130C,1,2.6480272,0.5573770403862,0.03396603465080261,0.0027002699207514524
YNL020C,YNL233W,1,2.644395,0.5645161271095276,0.03496503457427025,0.0027002699207514524
YFR024C-A,YKL007W,1,2.6386418,0.5714285969734192,0.035964034497737885,0.0027002699207514524
YDL161W,YNL233W,1,2.6342235,0.578125,0.03696303814649582,0.0027002699207514524
YHR016C,YNL233W,1,2.630716,0.5846154093742371,0.037962038069963455,0.0027002699207514524
YML067C,YFR024C-A,0,2.629112,0.5757575631141663,0.037962038069963455,0.0028002799954265356
YPR055W,YBR130C,1,2.6273782,0.5820895433425903,0.03896103799343109,0.0028002799954265356
YDR129C,YNL233W,1,2.622522,0.5882353186607361,0.039960041642189026,0.0028002799954265356
YOR090C,YMR220W,0,2.6224144,0.5797101259231567,0.039960041642189026,0.0029002900701016188
YJL181W,YBR016W,0,2.6117437,0.5714285969734192,0.039960041642189026,0.003000300144776702
YPR171W,YKL007W,1,2.609739,0.577464759349823,0.04095904156565666,0.003000300144776702
YER177W,YDR528W,0,2.6059732,0.5694444179534912,0.04095904156565666,0.0031003099866211414
YPL209C,YDR122W,0,2.6012132,0.5616438388824463,0.04095904156565666,0.0032003200612962246
YDR513W,YDR227W,0,2.599109,0.5540540814399719,0.04095904156565666,0.0033003301359713078
YKL101W,YOR171C,1,2.5950406,0.5600000023841858,0.0419580414891243,0.0033003301359713078
YNL173C,YNL038W,0,2.5903764,0.5526315569877625,0.0419580414891243,0.0034003399778157473
YFR027W,YNL243W,0,2.5874612,0.5454545617103577,0.0419580414891243,0.0035003500524908304
YPL100W,YLR019W,0,2.5865288,0.5384615659713745,0.0419580414891243,0.0036003601271659136
YNL138W,YPL269W,1,2.5831187,0.5443037748336792,0.042957041412591934,0.0036003601271659136
YNL137C,YIL137C,0,2.5773141,0.5375000238418579,0.042957041412591934,0.003700369969010353
YDR386W,YLR093C,0,2.5760787,0.5308641791343689,0.042957041412591934,0.0038003800436854362
YPR055W,YHR023W,1,2.572819,0.5365853905677795,0.04395604506134987,0.0038003800436854362
YGR198W,YKL007W,1,2.5497665,0.5421686768531799,0.044955044984817505,0.0038003800436854362
YDR409W,YBR260C,1,2.5479124,0.5476190447807312,0.04595404490828514,0.0038003800436854362
YLR215C,YDR515W,0,2.5437722,0.5411764979362488,0.04595404490828514,0.0039003901183605194
YLR045C,YDL225W,1,2.5306127,0.5465116500854492,0.046953048557043076,0.0039003901183605194
YMR318C,YOR357C,0,2.5288532,0.540229856967926,0.046953048557043076,0.004000400193035603
YEL040W,YIL034C,1,2.5284598,0.5454545617103577,0.04795204848051071,0.004000400193035603
YFR024C-A,YCL034W,1,2.5272174,0.550561785697937,0.04895104840397835,0.004000400193035603
YIL007C,YIL052C,0,2.5135925,0.5444444417953491,0.04895104840397835,0.004100410267710686
YDR427W,YOR330C,0,2.5125906,0.5384615659713745,0.04895104840397835,0.004200419876724482
YNL051W,YDR023W,0,2.5119324,0.532608687877655,0.04895104840397835,0.004300429951399565
YBL007C,YIR006C,1,2.5081904,0.5376344323158264,0.049950048327445984,0.004300429951399565
YOR008C,YCL014W,1,2.5023868,0.542553186416626,0.05094905197620392,0.004300429951399565
YER008C,YDR409W,1,2.500605,0.5473684072494507,0.051948051899671555,0.004300429951399565
YDR427W,YKL077W,0,2.494961,0.5416666865348816,0.051948051899671555,0.004400440026074648
YOR117W,YHR193C,0,2.4869564,0.5360824465751648,0.051948051899671555,0.004500450100749731
YLR045C,YHR061C,1,2.484257,0.5408163070678711,0.05294705182313919,0.004500450100749731
YCR091W,YOR372C,0,2.4831865,0.5353535413742065,0.05294705182313919,0.004600460175424814
YLR347C,YOL084W,0,2.4798174,0.5299999713897705,0.05294705182313919,0.004700470250099897
YDR513W,YBR094W,0,2.4772563,0.5247524976730347,0.05294705182313919,0.004800479859113693
YIL137C,YGL093W,0,2.4724753,0.5196078419685364,0.05294705182313919,0.004900489933788776
YDR422C,YDR200C,0,2.4672773,0.5145630836486816,0.05294705182313919,0.0050005000084638596
YNL079C,YDR379W,1,2.4608338,0.5192307829856873,0.053946055471897125,0.0050005000084638596
YFR024C-A,YNL166C,1,2.4544032,0.523809552192688,0.05494505539536476,0.0050005000084638596
YPL269W,YCL014W,1,2.4447122,0.5283018946647644,0.0559440553188324,0.0050005000084638596
YOL076W,YER143W,0,2.441723,0.5233644843101501,0.0559440553188324,0.005100510083138943
YPR008W,YCR044C,0,2.4338837,0.5185185074806213,0.0559440553188324,0.005200520157814026
YNL263C,YBL035C,0,2.4299815,0.5137614607810974,0.0559440553188324,0.005300530232489109
YPL100W,YPL176C,0,2.427432,0.5090909004211426,0.0559440553188324,0.005400539841502905
YDR127W,YDR372C,0,2.4258249,0.5045045018196106,0.0559440553188324,0.005500549916177988
YLL018C,YGR120C,0,2.4255202,0.5,0.0559440553188324,0.005600559990853071
YKL101W,YNL166C,1,2.4186072,0.5044247508049011,0.056943055242300034,0.005600559990853071
YER063W,YHL031C,0,2.4176962,0.5,0.056943055242300034,0.005700570065528154
YHR061C,YBL007C,1,2.417246,0.5043478012084961,0.05794205889105797,0.005700570065528154
YJL096W,YLR352W,0,2.4156969,0.5,0.05794205889105797,0.0058005801402032375
YJR125C,YOR109W,1,2.4089916,0.504273533821106,0.058941058814525604,0.0058005801402032375
YPR171W,YLR314C,1,2.4082904,0.508474588394165,0.05994005873799324,0.0058005801402032375
YBR038W,YPL137C,0,2.405227,0.5042017102241516,0.05994005873799324,0.005900590214878321
YJR092W,YGR241C,1,2.4010422,0.5083333253860474,0.060939062386751175,0.005900590214878321
YNL328C,YPL262W,0,2.3996794,0.5041322112083435,0.060939062386751175,0.006000600289553404
YOR109W,YLL021W,1,2.3984935,0.5081967115402222,0.06193806231021881,0.006000600289553404
YJR125C,YNL152W,1,2.3959854,0.5121951103210449,0.06293706595897675,0.006000600289553404
YMR101C,YOR357C,0,2.3910017,0.5080645084381104,0.06293706595897675,0.0061006098985672
YLR045C,YCL014W,1,2.3907244,0.5120000243186951,0.06393606215715408,0.0061006098985672
YGR080W,YCL034W,1,2.3881645,0.5158730149269104,0.06493506580591202,0.0061006098985672
YLR314C,YHR114W,1,2.387355,0.5196850299835205,0.06593406945466995,0.0061006098985672
YDR500C,YOR132W,0,2.3811133,0.515625,0.06593406945466995,0.006200619973242283
YPL140C,YDR517W,0,2.3800924,0.5116279125213623,0.06593406945466995,0.006300630047917366
YLR417W,YLR313C,0,2.3800309,0.5076923370361328,0.06593406945466995,0.006400640122592449
YGR078C,YJL001W,0,2.3796823,0.5038167834281921,0.06593406945466995,0.006500650197267532
YLR085C,YOR157C,0,2.3736668,0.5,0.06593406945466995,0.0066006602719426155
YFR014C,YOL135C,0,2.3721673,0.49624061584472656,0.06593406945466995,0.006700669880956411
YIR006C,YIL095W,1,2.3716476,0.5,0.06693306565284729,0.006700669880956411
YOR329C,YOR171C,1,2.3711526,0.5037037134170532,0.06793206930160522,0.006700669880956411
YOL095C,YCL035C,0,2.3682022,0.5,0.06793206930160522,0.0068006799556314945
YNL045W,YOL076W,0,2.3679636,0.49635037779808044,0.06793206930160522,0.006900690030306578
YKL197C,YOR330C,0,2.365667,0.49275362491607666,0.06793206930160522,0.007000700104981661
YKL129C,YIR006C,1,2.3585055,0.49640288949012756,0.06893106549978256,0.007000700104981661
YBR218C,YLL006W,0,2.3559859,0.4928571283817291,0.06893106549978256,0.007100710179656744
YPR034W,YLR352W,0,2.3555915,0.4893617033958435,0.06893106549978256,0.007200720254331827
YKL101W,YIL034C,1,2.3531613,0.49295774102211,0.0699300691485405,0.007200720254331827
YLR166C,YPR055W,1,2.350551,0.4965035021305084,0.07092907279729843,0.007200720254331827
YER008C,YLR206W,1,2.3501709,0.5,0.07192806899547577,0.007200720254331827
YLR166C,YLR206W,1,2.3428195,0.5034482479095459,0.0729270726442337,0.007200720254331827
YOR122C,YCL034W,1,2.3283188,0.5068492889404297,0.07392607629299164,0.007200720254331827
YLR319C,YLR206W,1,2.3222456,0.5102040767669678,0.07492507249116898,0.007200720254331827
YLR166C,YDR379W,1,2.3210924,0.5135135054588318,0.07592407613992691,0.007200720254331827
YLR206W,YNL233W,1,2.318817,0.5167785286903381,0.07692307978868484,0.007200720254331827
YOR157C,YLR288C,0,2.3163383,0.5133333206176758,0.07692307978868484,0.007300729863345623
YGL067W,YPL010W,0,2.3126147,0.5099337697029114,0.07692307978868484,0.007400739938020706
YMR274C,YNL294C,0,2.3121789,0.5065789222717285,0.07692307978868484,0.007500750012695789
YOR329C,YHR114W,1,2.3085592,0.5098039507865906,0.07792207598686218,0.007500750012695789
YBR054W,YOL095C,0,2.308388,0.5064935088157654,0.07792207598686218,0.0076007600873708725
YGR178C,YLR193C,0,2.3060393,0.5032258033752441,0.07792207598686218,0.007700770162045956
YLL006W,YLR337C,0,2.3052318,0.5,0.07792207598686218,0.007800780236721039
YGL025C,YPR131C,0,2.3042397,0.4968152940273285,0.07792207598686218,0.007900790311396122
YKL101W,YLR045C,1,2.3019392,0.5,0.07892107963562012,0.007900790311396122
YHR016C,YIL095W,1,2.2993834,0.5031446814537048,0.07992008328437805,0.007900790311396122
YCR044C,YDR284C,0,2.2988894,0.5,0.07992008328437805,0.008000800386071205
YMR076C,YCR036W,0,2.2953396,0.4968944191932678,0.07992008328437805,0.008100810460746288
YPL224C,YDR019C,0,2.2940238,0.4938271641731262,0.07992008328437805,0.008200820535421371
YMR192W,YGL219C,0,2.2927902,0.4907975494861603,0.07992008328437805,0.00830082967877388
YML021C,YGL061C,0,2.2921352,0.4878048896789551,0.07992008328437805,0.008400839753448963
YMR232W,YOR383C,0,2.2897632,0.4848484992980957,0.07992008328437805,0.008500849828124046
YDL204W,YHR107C,1,2.2890918,0.4879518151283264,0.08091907948255539,0.008500849828124046
YHR016C,YHR107C,1,2.2884862,0.4910179674625397,0.08191808313131332,0.008500849828124046
YLR429W,YHR114W,1,2.287655,0.494047611951828,0.08291707932949066,0.008500849828124046
YBR038W,YJL058C,0,2.286047,0.4911242723464966,0.08291707932949066,0.00860085990279913
YPR068C,YJL058C,0,2.2832882,0.4882352948188782,0.08291707932949066,0.008700869977474213
YNL079C,YIL034C,1,2.281968,0.4912280738353729,0.0839160829782486,0.008700869977474213
YLR193C,YOR059C,0,2.2813375,0.4883720874786377,0.0839160829782486,0.008800880052149296
YPL198W,YMR149W,0,2.280165,0.48554912209510803,0.0839160829782486,0.008900890126824379
YJR052W,YPL253C,0,2.2773569,0.48275861144065857,0.0839160829782486,0.009000900201499462
YKL149C,YMR262W,0,2.2766507,0.47999998927116394,0.0839160829782486,0.009100910276174545
YMR076C,YGR193C,0,2.2721412,0.47727271914482117,0.0839160829782486,0.009200920350849628
YNL084C,YHR107C,1,2.2693286,0.48022598028182983,0.08491508662700653,0.009200920350849628
YDL113C,YDR045C,0,2.2685597,0.47752809524536133,0.08491508662700653,0.009300930425524712
YKR049C,YKR083C,0,2.2671127,0.4748603403568268,0.08491508662700653,0.009400940500199795
YOR329C,YNL166C,1,2.264191,0.47777777910232544,0.08591408282518387,0.009400940500199795
YPR095C,YNL076W,0,2.2636836,0.4751381278038025,0.08591408282518387,0.009500949643552303
YIL007C,YPR105C,0,2.2633767,0.47252747416496277,0.08591408282518387,0.009600959718227386
YPL224C,YKL063C,0,2.2626185,0.46994534134864807,0.08591408282518387,0.00970096979290247
YPR055W,YER033C,0,2.2509148,0.46739131212234497,0.08591408282518387,0.009800979867577553
YAL028W,YKL079W,0,2.250748,0.4648648500442505,0.08591408282518387,0.009900989942252636
YGL181W,YPR055W,1,2.2501006,0.4677419364452362,0.0869130864739418,0.009900989942252636
YDR386W,YDR303C,0,2.248069,0.46524062752723694,0.0869130864739418,0.010001000016927719
YGR080W,YDR515W,0,2.2474592,0.46276596188545227,0.0869130864739418,0.010101010091602802
YIL106W,YPR034W,0,2.246444,0.460317462682724,0.0869130864739418,0.010201020166277885
YBL091C,YNL118C,0,2.2427568,0.4578947424888611,0.0869130864739418,0.010301030240952969
YDL091C,YPR105C,0,2.242285,0.4554973840713501,0.0869130864739418,0.010401040315628052
YMR158W,YLR352W,0,2.2399156,0.453125,0.0869130864739418,0.010501050390303135
YAL015C,YBR091C,0,2.2376454,0.45077720284461975,0.0869130864739418,0.010601060464978218
YLR429W,YCR002C,1,2.2375793,0.4536082446575165,0.08791209012269974,0.010601060464978218
YDR019C,YKL051W,0,2.2364397,0.4512820541858673,0.08791209012269974,0.010701070539653301
YBL047C,YNL166C,1,2.2344851,0.45408162474632263,0.08891108632087708,0.010701070539653301
YOR109W,YHR114W,1,2.2344263,0.4568527936935425,0.08991008996963501,0.010701070539653301
YDR379W,YHR023W,1,2.2310276,0.4595959484577179,0.09090909361839294,0.010701070539653301
YCL014W,YMR092C,1,2.229194,0.4623115658760071,0.09190808981657028,0.010701070539653301
YOR189W,YDR019C,0,2.2281144,0.46000000834465027,0.09190808981657028,0.01080107968300581
YKL101W,YCR088W,1,2.2278924,0.46268656849861145,0.09290709346532822,0.01080107968300581
YBR102C,YFL039C,1,2.220968,0.4653465449810028,0.09390609711408615,0.01080107968300581
YPR068C,YHR114W,0,2.219897,0.46305418014526367,0.09390609711408615,0.010901089757680893
YLL066C,YLR466W,0,2.2190127,0.46078431606292725,0.09390609711408615,0.011001099832355976
YGR080W,YKL007W,1,2.2186737,0.46341463923454285,0.09490509331226349,0.011001099832355976
YHR107C,YLR206W,1,2.2179477,0.4660194218158722,0.09590409696102142,0.011001099832355976
YNL084C,YER008C,1,2.2121155,0.46859902143478394,0.09690310060977936,0.011001099832355976
YCR035C,YBL047C,0,2.2118084,0.4663461446762085,0.09690310060977936,0.01110110990703106
YNR048W,YJR049C,0,2.209477,0.46411484479904175,0.09690310060977936,0.011201119981706142
YOL116W,YDR303C,0,2.2066262,0.46190476417541504,0.09690310060977936,0.011301130056381226
YCR036W,YLR382C,0,2.2049172,0.4597156345844269,0.09690310060977936,0.011401140131056309
YDR145W,YDL154W,0,2.2025745,0.4575471580028534,0.09690310060977936,0.011501150205731392
YLR118C,YER159C,0,2.2018838,0.4553990662097931,0.09690310060977936,0.011601160280406475
YHR114W,YKL007W,1,2.199124,0.4579439163208008,0.0979020968079567,0.011601160280406475
YIL137C,YGL049C,0,2.199095,0.4558139443397522,0.0979020968079567,0.011701170355081558
YGR080W,YMR125W,0,2.1967423,0.45370370149612427,0.0979020968079567,0.011801180429756641
YDL072C,YNL199C,0,2.196678,0.4516128897666931,0.0979020968079567,0.011901190504431725
YML055W,YDR179C,0,2.196235,0.44954127073287964,0.0979020968079567,0.012001200579106808
YKL129C,YLR200W,0,2.1934798,0.44748857617378235,0.0979020968079567,0.012101209722459316
YPL269W,YNL233W,1,2.1926253,0.44999998807907104,0.09890110045671463,0.012101209722459316
YFR038W,YPL097W,0,2.1910121,0.44796380400657654,0.09890110045671463,0.0122012197971344
YKR093W,YMR001C,0,2.1902888,0.44594594836235046,0.09890110045671463,0.012301229871809483
YDR372C,YHL003C,0,2.1882088,0.4439461827278137,0.09890110045671463,0.012401239946484566
YDR004W,YER155C,0,2.1870673,0.4419642984867096,0.09890110045671463,0.012501250021159649
YOL051W,YJR096W,0,2.1834428,0.4399999976158142,0.09890110045671463,0.012601260095834732
YGR205W,YLR011W,0,2.182614,0.43805310130119324,0.09890110045671463,0.012701270170509815
YJL013C,YPR097W,0,2.181499,0.4361233413219452,0.09890110045671463,0.012801280245184898
YDR145W,YNL233W,0,2.17832,0.43421053886413574,0.09890110045671463,0.012901290319859982
YKL138C,YLR337C,0,2.175094,0.432314395904541,0.09890110045671463,0.013001300394535065
YMR109W,YGL233W,1,2.174445,0.43478259444236755,0.09990009665489197,0.013001300394535065
YNL138W,YPL242C,1,2.17366,0.4372294247150421,0.1008991003036499,0.013001300394535065
YIL068C,YFR024C-A,1,2.173543,0.4396551847457886,0.10189810395240784,0.013001300394535065
YJR092W,YHR114W,1,2.164988,0.44206008315086365,0.10289710015058517,0.013001300394535065
YDR323C,YMR041C,0,2.1617677,0.44017094373703003,0.10289710015058517,0.013101310469210148
YML021C,YER109C,0,2.159966,0.4382978677749634,0.10289710015058517,0.013201320543885231
YKR078W,YIL062C,0,2.1561642,0.43644067645072937,0.10289710015058517,0.01330132968723774
YDR289C,YOR330C,0,2.1557596,0.4345991611480713,0.10289710015058517,0.013401339761912823
YIL137C,YPL063W,0,2.1544044,0.4327731132507324,0.10289710015058517,0.013501349836587906
YMR226C,YOR249C,0,2.1534803,0.43096235394477844,0.10289710015058517,0.013601359911262989
YDR482C,YKL080W,0,2.152721,0.42916667461395264,0.10289710015058517,0.013701369985938072
YBR130C,YGL006W,0,2.1511505,0.4273858964443207,0.10289710015058517,0.013801380060613155
YBR279W,YOR109W,0,2.149976,0.42561984062194824,0.10289710015058517,0.013901390135288239
YDL161W,YNL152W,1,2.1463063,0.4279835522174835,0.10389610379934311,0.013901390135288239
YOR136W,YCL016C,0,2.1436217,0.4262295067310333,0.10389610379934311,0.014001400209963322
YOR193W,YOR383C,0,2.1412652,0.4244897961616516,0.10389610379934311,0.014101410284638405
YNL051W,YOR193W,0,2.1409245,0.42276424169540405,0.10389610379934311,0.014201420359313488
YLR313C,YMR092C,1,2.13667,0.42510122060775757,0.10489510744810104,0.014201420359313488
YPL242C,YJR090C,1,2.1348302,0.42741936445236206,0.10589410364627838,0.014201420359313488
YKL048C,YKL129C,1,2.1336043,0.42971888184547424,0.10689310729503632,0.014201420359313488
YHR205W,YIL120W,0,2.1319592,0.42800000309944153,0.10689310729503632,0.014301430433988571
YOR329C,YDR379W,1,2.1304958,0.4302788972854614,0.10789211094379425,0.014301430433988571
YFR047C,YKL048C,0,2.1292932,0.4285714328289032,0.10789211094379425,0.014401440508663654
YIL033C,YIL173W,0,2.128474,0.4268774688243866,0.10789211094379425,0.014501450583338737
YLR429W,YJR090C,1,2.12619,0.4291338622570038,0.10889110714197159,0.014501450583338737
YNL051W,YOR189W,0,2.126091,0.4274509847164154,0.10889110714197159,0.014601459726691246
YOR171C,YLL050C,1,2.1240046,0.4296875,0.10989011079072952,0.014601459726691246
YPL183C,YKL192C,0,2.1213737,0.4280155599117279,0.10989011079072952,0.01470146980136633
YER007C-A,YKL134C,0,2.1139405,0.42635658383369446,0.10989011079072952,0.014801479876041412
YOL069W,YDL135C,0,2.1115768,0.4247104227542877,0.10989011079072952,0.014901489950716496
YNL079C,YIL095W,1,2.1044223,0.42692306637763977,0.11088911443948746,0.014901489950716496
YHR111W,YNL130C,0,2.1043065,0.4252873659133911,0.11088911443948746,0.015001500025391579
YGR080W,YDL225W,1,2.103104,0.42748090624809265,0.1118881106376648,0.015001500025391579
YOR109W,YCL034W,1,2.1017425,0.42965778708457947,0.11288711428642273,0.015001500025391579
YDR002W,YDR386W,0,2.098915,0.4280303120613098,0.11288711428642273,0.015101510100066662
YJR092W,YPL242C,1,2.0979855,0.43018868565559387,0.11388611048460007,0.015101510100066662
YLR429W,YNL233W,1,2.0948265,0.43233081698417664,0.114885114133358,0.015101510100066662
YLL050C,YCL014W,1,2.0906055,0.4344569146633148,0.11588411778211594,0.015101510100066662
YIL007C,YHR090C,0,2.0902588,0.43283581733703613,0.11588411778211594,0.015201520174741745
YDR227W,YOR249C,0,2.0899577,0.4312267601490021,0.11588411778211594,0.015301530249416828
YPR199C,YDR359C,0,2.0882797,0.4296296238899231,0.11588411778211594,0.015401540324091911
YBL007C,YDR301W,0,2.0853713,0.42804428935050964,0.11588411778211594,0.015501550398766994
YFR027W,YLR181C,0,2.0840504,0.4264705777168274,0.11588411778211594,0.015601560473442078
YML059C,YFR014C,0,2.0812163,0.42490842938423157,0.11588411778211594,0.015701569616794586
YKL101W,YPL269W,1,2.0771754,0.4270072877407074,0.11688311398029327,0.015701569616794586
YLR045C,YHR161C,1,2.0769541,0.4290909171104431,0.11788211762905121,0.015701569616794586
YDR200C,YDR301W,0,2.0765479,0.4275362193584442,0.11788211762905121,0.015801580622792244
YCR107W,YIL014W,0,2.067778,0.42599278688430786,0.11788211762905121,0.015901589766144753
YFR027W,YCR065W,0,2.0675724,0.42446044087409973,0.11788211762905121,0.01600160077214241
YDR098C,YGL061C,0,2.0672333,0.4229390621185303,0.11788211762905121,0.01610160991549492
YOR367W,YDR379W,1,2.0666854,0.42500001192092896,0.11888112127780914,0.01610160991549492
YDR057W,YHR114W,0,2.061773,0.4234875440597534,0.11888112127780914,0.016201620921492577
YCR088W,YBL061C,1,2.0596862,0.42553192377090454,0.11988011747598648,0.016201620921492577
YGL027C,YMR125W,0,2.0587459,0.42402827739715576,0.11988011747598648,0.016301630064845085
YPL075W,YLR263W,0,2.0549347,0.4225352108478546,0.11988011747598648,0.016401641070842743
YNL243W,YPL176C,0,2.0529475,0.42105263471603394,0.11988011747598648,0.01650165021419525
YCR091W,YAL028W,0,2.0528433,0.4195804297924042,0.11988011747598648,0.01660165935754776
YBR119W,YNL240C,0,2.0512273,0.4181184768676758,0.11988011747598648,0.016701670363545418
YDR482C,YBR086C,0,2.0491328,0.4166666567325592,0.11988011747598648,0.016801679506897926
YKR089C,YOR156C,0,2.047847,0.41522490978240967,0.11988011747598648,0.016901690512895584
YPL224C,YKR095W,0,2.0470765,0.4137931168079376,0.11988011747598648,0.017001699656248093
YCR009C,YLR404W,1,2.0446217,0.4158075749874115,0.12087912112474442,0.017001699656248093
YJR076C,YHR061C,1,2.0439525,0.4178082048892975,0.12187812477350235,0.017001699656248093
YGR244C,YIL167W,0,2.0432627,0.4163822531700134,0.12187812477350235,0.01710171066224575
YGR046W,YOR189W,0,2.0415504,0.41496598720550537,0.12187812477350235,0.01720171980559826
YFR024C-A,YDR218C,1,2.0407417,0.41694915294647217,0.12287712097167969,0.01720171980559826
YAL002W,YGR142W,0,2.0386992,0.41554054617881775,0.12287712097167969,0.017301730811595917
YBR060C,YKL134C,0,2.038257,0.4141414165496826,0.12287712097167969,0.017401739954948425
YPL242C,YDL161W,1,2.0380335,0.4161073863506317,0.12387612462043762,0.017401739954948425
YMR076C,YEL044W,0,2.0372064,0.4147157073020935,0.12387612462043762,0.017501750960946083
YOR193W,YHR009C,0,2.0366375,0.41333332657814026,0.12387612462043762,0.01760176010429859
YNL138W,YCL014W,1,2.0365117,0.41528239846229553,0.12487512826919556,0.01760176010429859
YNL056W,YOR227W,0,2.0324225,0.4139072895050049,0.12487512826919556,0.0177017692476511
YPL269W,YHR023W,1,2.0323133,0.41584157943725586,0.1258741319179535,0.0177017692476511
YDL220C,YDL113C,0,2.0311491,0.41447368264198303,0.1258741319179535,0.017801780253648758
YOR329C,YNL233W,1,2.0311272,0.4163934290409088,0.12687312066555023,0.017801780253648758
YDR482C,YDR386W,0,2.0274425,0.41503268480300903,0.12687312066555023,0.017901789397001266
YGR241C,YGL233W,1,2.0269053,0.41693809628486633,0.12787212431430817,0.017901789397001266
YAL007C,YBR272C,0,2.0266335,0.41558441519737244,0.12787212431430817,0.018001800402998924
YDR490C,YER033C,0,2.02642,0.4142394959926605,0.12787212431430817,0.018101809546351433
YNL317W,YLR189C,0,2.0250216,0.41290321946144104,0.12787212431430817,0.01820182055234909
YGL025C,YGL129C,0,2.0236137,0.4115755558013916,0.12787212431430817,0.0183018296957016
YNL298W,YIL034C,1,2.0235512,0.4134615361690521,0.1288711279630661,0.0183018296957016
YAR033W,YOR260W,0,2.022054,0.4121405780315399,0.1288711279630661,0.018401840701699257
YDR023W,YOR086C,0,2.0212233,0.41082802414894104,0.1288711279630661,0.018501849845051765
YGR208W,YJL196C,0,2.0203476,0.4095238149166107,0.1288711279630661,0.018601860851049423
YJR092W,YHR161C,1,2.0198514,0.4113923907279968,0.12987013161182404,0.018601860851049423
YKL129C,YPR055W,1,2.0191638,0.4132492244243622,0.13086913526058197,0.018601860851049423
YLR039C,YMR183C,0,2.0179124,0.41194969415664673,0.13086913526058197,0.018701869994401932
YLR429W,YER008C,1,2.0176623,0.4137931168079376,0.1318681389093399,0.018701869994401932
YCL034W,YMR032W,1,2.016966,0.4156250059604645,0.13286712765693665,0.018701869994401932
YDL113C,YOR341W,0,2.0166433,0.41433021426200867,0.13286712765693665,0.01880188100039959
YKL101W,YBR130C,1,2.0161095,0.4161490797996521,0.13386613130569458,0.01880188100039959
YKL129C,YGL116W,0,2.015246,0.41486069560050964,0.13386613130569458,0.018901890143752098
YPR097W,YCL067C,0,2.0131922,0.4135802388191223,0.13386613130569458,0.019001899287104607
YFL061W,YOR357C,0,2.0042849,0.4123076796531677,0.13386613130569458,0.019101910293102264
YIL153W,YNL066W,0,2.0007036,0.4110429584980011,0.13386613130569458,0.019201919436454773
YIL034C,YIL140W,1,1.9991581,0.4128440320491791,0.13486513495445251,0.019201919436454773
YGR170W,YGR120C,0,1.9983432,0.41158536076545715,0.13486513495445251,0.01930193044245243
YPL130W,YDR175C,0,1.9977014,0.41033434867858887,0.13486513495445251,0.01940193958580494
YOR018W,YNL055C,0,1.9972746,0.40909090638160706,0.13486513495445251,0.019501950591802597
YBL047C,YBL007C,1,1.9961464,0.4108761250972748,0.13586413860321045,0.019501950591802597
YGL025C,YKL138C,0,1.9955723,0.40963855385780334,0.13586413860321045,0.019601959735155106
YPL168W,YHR080C,0,1.9946301,0.40840840339660645,0.13586413860321045,0.019701970741152763
YPL242C,YCL034W,1,1.993756,0.41017964482307434,0.13686314225196838,0.019701970741152763
YLR166C,YBR130C,1,1.9937346,0.4119403064250946,0.13786213099956512,0.019701970741152763
YGR198W,YJR092W,1,1.9927738,0.4136904776096344,0.13886113464832306,0.019701970741152763
YHR114W,YBL007C,1,1.9917538,0.4154302775859833,0.139860138297081,0.019701970741152763
YDL225W,YBL061C,1,1.990731,0.417159765958786,0.14085914194583893,0.019701970741152763
YPR134W,YNL181W,0,1.9898672,0.4159291982650757,0.14085914194583893,0.019801979884505272
YMR072W,YLR352W,0,1.9871883,0.41470587253570557,0.14085914194583893,0.01990199089050293
YBR046C,YBR112C,0,1.9861546,0.4134897291660309,0.14085914194583893,0.020002000033855438
YLR466W,YDL117W,0,1.9858377,0.41228070855140686,0.14085914194583893,0.020102011039853096
YMR232W,YPR120C,0,1.9851172,0.41107872128486633,0.14085914194583893,0.020202020183205605
YPL115C,YMR261C,0,1.9849484,0.4098837077617645,0.14085914194583893,0.020302029326558113
YLR288C,YJL001W,0,1.9825122,0.40869563817977905,0.14085914194583893,0.02040204033255577
YDR375C,YML047C,0,1.9823341,0.40751445293426514,0.14085914194583893,0.02050204947590828
YOL116W,YPL178W,0,1.9822476,0.4063400626182556,0.14085914194583893,0.020602060481905937
YKR085C,YOR132W,0,1.9798822,0.4051724076271057,0.14085914194583893,0.020702069625258446
YOR367W,YKL007W,1,1.9756514,0.406876802444458,0.14185814559459686,0.020702069625258446
YJR092W,YLR206W,1,1.9664416,0.40857142210006714,0.1428571492433548,0.020702069625258446
YPR008W,YLR037C,0,1.96616,0.40740740299224854,0.1428571492433548,0.020802080631256104
YOR068C,YMR105C,0,1.9642011,0.40625,0.1428571492433548,0.020902089774608612
YER063W,YGL219C,0,1.9614298,0.40509915351867676,0.1428571492433548,0.02100210078060627
YNL106C,YLR342W,1,1.9597425,0.4067796468734741,0.14385613799095154,0.02100210078060627
YNL084C,YDR379W,1,1.9590448,0.4084506928920746,0.14485514163970947,0.02100210078060627
YLR052W,YBR005W,0,1.9580145,0.4073033630847931,0.14485514163970947,0.02110210992395878
YIL007C,YIL106W,0,1.9574846,0.40616247057914734,0.14485514163970947,0.021202120929956436
YBR131W,YCL035C,0,1.9565268,0.40502792596817017,0.14485514163970947,0.021302130073308945
YDR513W,YKR095W,0,1.9546158,0.4038997292518616,0.14485514163970947,0.021402141079306602
YLR039C,YFR016C,0,1.9540746,0.4027777910232544,0.14485514163970947,0.02150215022265911
YBR091C,YNL294C,0,1.9531078,0.40166205167770386,0.14485514163970947,0.02160215936601162
YKR089C,YDL220C,0,1.9530839,0.4005524814128876,0.14485514163970947,0.021702170372009277
YGR212W,YKL039W,0,1.9489311,0.39944905042648315,0.14485514163970947,0.021802179515361786
YMR232W,YNL240C,0,1.9472103,0.39835163950920105,0.14485514163970947,0.021902190521359444
YKL052C,YPR148C,0,1.9440398,0.39726027846336365,0.14485514163970947,0.022002199664711952
YFR024C-A,YPL242C,1,1.9429524,0.3989070951938629,0.1458541452884674,0.022002199664711952
YJR117W,YOL096C,0,1.9420469,0.3978201746940613,0.1458541452884674,0.02210221067070961
YLR314C,YCL014W,1,1.9418652,0.39945653080940247,0.14685314893722534,0.02210221067070961
YPL168W,YHR118C,0,1.9394296,0.3983739912509918,0.14685314893722534,0.02220221981406212
YDR160W,YEL051W,0,1.9393907,0.39729729294776917,0.14685314893722534,0.022302230820059776
YKL032C,YIL033C,0,1.9375776,0.3962264060974121,0.14685314893722534,0.022402239963412285
YNL166C,YCL029C,1,1.9366088,0.3978494703769684,0.14785215258598328,0.022402239963412285
YMR192W,YDR517W,0,1.9357443,0.39678284525871277,0.14785215258598328,0.022502250969409943
YLR006C,YPL262W,0,1.9355924,0.3957219123840332,0.14785215258598328,0.02260226011276245
YDR041W,YOL135C,0,1.9336565,0.3946666717529297,0.14785215258598328,0.02270227111876011
YHR088W,YGR253C,0,1.9325477,0.39361703395843506,0.14785215258598328,0.022802280262112617
YPL269W,YBR130C,1,1.9325407,0.395225465297699,0.1488511562347412,0.022802280262112617
YBR260C,YLL021W,1,1.9318948,0.3968254029750824,0.14985014498233795,0.022802280262112617
YNL243W,YNL166C,1,1.9310029,0.3984168767929077,0.1508491486310959,0.022802280262112617
YKL048C,YNL278W,0,1.928319,0.3973684310913086,0.1508491486310959,0.022902289405465126
YHR114W,YLR206W,1,1.9281965,0.39895012974739075,0.15184815227985382,0.022902289405465126
YKR007W,YHR106W,0,1.9268813,0.39790576696395874,0.15184815227985382,0.023002300411462784
YDR080W,YPL040C,0,1.9200692,0.3968668282032013,0.15184815227985382,0.023102309554815292
YKL045W,YMR101C,0,1.9183555,0.3958333432674408,0.15184815227985382,0.02320232056081295
YLR045C,YBR130C,1,1.9167331,0.3974025845527649,0.15284715592861176,0.02320232056081295
YKL033W,YMR048W,0,1.916073,0.39637306332588196,0.15284715592861176,0.02330232970416546
YMR242C,YBR193C,0,1.9160391,0.39534884691238403,0.15284715592861176,0.023402340710163116
YOR027W,YOL095C,0,1.9140891,0.39432990550994873,0.15284715592861176,0.023502349853515625
YAL019W,YER155C,0,1.9139812,0.39331620931625366,0.15284715592861176,0.023602360859513283
YOR191W,YNL250W,0,1.9110239,0.39230769872665405,0.15284715592861176,0.02370237000286579
YLR118C,YOR026W,0,1.9097891,0.3913043439388275,0.15284715592861176,0.02380238100886345
YCL034W,YCR002C,1,1.9095069,0.3928571343421936,0.1538461595773697,0.02380238100886345
YFL005W,YBL007C,1,1.9081721,0.39440202713012695,0.15484514832496643,0.02380238100886345
YAL028W,YPL013C,0,1.9040562,0.39340102672576904,0.15484514832496643,0.023902390152215958
YLR052W,YDL119C,0,1.9034889,0.39240506291389465,0.15484514832496643,0.024002401158213615
YOR018W,YPL013C,0,1.9027228,0.3914141356945038,0.15484514832496643,0.024102410301566124
YNL106C,YBL047C,1,1.9023294,0.39294710755348206,0.15584415197372437,0.024102410301566124
YLR200W,YDL119C,0,1.9019877,0.3919597864151001,0.15584415197372437,0.024202419444918633
YGR205W,YDR217C,0,1.9009511,0.3909774422645569,0.15584415197372437,0.02430243045091629
YOR249C,YDR019C,0,1.8998239,0.38999998569488525,0.15584415197372437,0.0244024395942688
YER008C,YLR337C,1,1.8998116,0.3915211856365204,0.1568431556224823,0.0244024395942688
YAL015C,YGL107C,0,1.8995807,0.3905472755432129,0.1568431556224823,0.024502450600266457
YDL106C,YOR060C,0,1.899425,0.3895781636238098,0.1568431556224823,0.024602459743618965
YBR254C,YOR157C,0,1.898991,0.38861384987831116,0.1568431556224823,0.024702470749616623
YIL007C,YJR035W,0,1.8984013,0.3876543343067169,0.1568431556224823,0.02480247989296913
YCL014W,YCR002C,1,1.8982087,0.3891625702381134,0.15784215927124023,0.02480247989296913
YLR429W,YGR080W,1,1.8980949,0.39066338539123535,0.15884116291999817,0.02480247989296913
YNL106C,YDL161W,1,1.8980091,0.3921568691730499,0.1598401665687561,0.02480247989296913
YKL101W,YMR109W,1,1.8974285,0.39364302158355713,0.16083915531635284,0.02480247989296913
YOR193W,YCR036W,0,1.8972563,0.3926829397678375,0.16083915531635284,0.02490249089896679
YHR161C,YMR109W,1,1.8972198,0.39416059851646423,0.16183815896511078,0.02490249089896679
YJR076C,YDR510W,1,1.8958945,0.3956310749053955,0.1628371626138687,0.02490249089896679
YOR008C,YIL138C,1,1.8957918,0.3970944285392761,0.16383616626262665,0.02490249089896679
YKL002W,YML076C,0,1.8940659,0.39613527059555054,0.16383616626262665,0.025002500042319298
YFL005W,YDL161W,1,1.8934479,0.39759036898612976,0.16483516991138458,0.025002500042319298
YNL250W,YDR200C,0,1.892701,0.39663460850715637,0.16483516991138458,0.025102511048316956
YLR118C,YKL029C,0,1.8913231,0.3956834673881531,0.16483516991138458,0.025202520191669464
YKL114C,YDR179C,0,1.8907118,0.3947368562221527,0.16483516991138458,0.025302529335021973
YFR024C-A,YGR030C,0,1.8896337,0.3937947452068329,0.16483516991138458,0.02540254034101963
YIL014W,YDR041W,0,1.889481,0.3928571343421936,0.16483516991138458,0.02550254948437214
YDL204W,YBR130C,1,1.8883151,0.39429929852485657,0.16583415865898132,0.02550254948437214
YDR244W,YML047C,0,1.88801,0.39336493611335754,0.16583415865898132,0.025602560490369797
YIL138C,YIL095W,1,1.8878114,0.39479905366897583,0.16683316230773926,0.025602560490369797
YER041W,YEL039C,0,1.8874941,0.3938679099082947,0.16683316230773926,0.025702569633722305
YDL225W,YCR002C,1,1.887214,0.3952941298484802,0.1678321659564972,0.025702569633722305
YOR320C,YGR142W,0,1.8865035,0.39436620473861694,0.1678321659564972,0.025802580639719963
YBR065C,YKR085C,0,1.8862529,0.39344263076782227,0.1678321659564972,0.02590258978307247
YPR171W,YHR114W,1,1.8853079,0.39485982060432434,0.16883116960525513,0.02590258978307247
YLR085C,YDR323C,0,1.8850526,0.39393940567970276,0.16883116960525513,0.02600260078907013
YJL020C,YIL159W,1,1.8844385,0.39534884691238403,0.16983017325401306,0.02600260078907013
YNL271C,YMR092C,1,1.8837538,0.39675173163414,0.170829176902771,0.02600260078907013
YNL166C,YDL204W,1,1.8835351,0.39814814925193787,0.17182816565036774,0.02600260078907013
YNL084C,YDR409W,1,1.8831198,0.3995380997657776,0.17282716929912567,0.02600260078907013
YJR046W,YJL173C,0,1.8828781,0.3986175060272217,0.17282716929912567,0.026102609932422638
YGR080W,YNL020C,1,1.8807247,0.4000000059604645,0.1738261729478836,0.026102609932422638
YIL159W,YMR092C,1,1.8770174,0.4013761579990387,0.17482517659664154,0.026102609932422638
YHR103W,YKL040C,0,1.8767549,0.4004576802253723,0.17482517659664154,0.026202620938420296
YHR005C,YBR028C,0,1.8739326,0.3995433747768402,0.17482517659664154,0.026302630081772804
YDR379W,YMR032W,1,1.8736663,0.4009111523628235,0.17582418024539948,0.026302630081772804
YBR130C,YLR039C,0,1.8736035,0.4000000059604645,0.17582418024539948,0.026402641087770462
YLR052W,YPR086W,0,1.873415,0.39909297227859497,0.17582418024539948,0.02650265023112297
YML052W,YDR388W,1,1.8712492,0.40045249462127686,0.1768231838941574,0.02650265023112297
YAR042W,YOL042W,0,1.8707919,0.3995485305786133,0.1768231838941574,0.02660265937447548
YGL028C,YBR016W,0,1.8704184,0.3986486494541168,0.1768231838941574,0.026702670380473137
YMR109W,YIL095W,1,1.8688947,0.4000000059604645,0.17782217264175415,0.026702670380473137
YBR005W,YDL209C,0,1.8688173,0.3991031348705292,0.17782217264175415,0.026802679523825645
YDR057W,YDR438W,0,1.8686092,0.3982102870941162,0.17782217264175415,0.026902690529823303
YGR198W,YHR161C,1,1.8682599,0.3995535671710968,0.17882117629051208,0.026902690529823303
YNL084C,YOR127W,1,1.8673692,0.40089085698127747,0.17982017993927002,0.026902690529823303
YPR055W,YKL007W,1,1.8669267,0.402222216129303,0.18081918358802795,0.026902690529823303
YHR061C,YCR088W,1,1.8660365,0.4035476744174957,0.1818181872367859,0.026902690529823303
YDR377W,YFL049W,0,1.8656497,0.40265485644340515,0.1818181872367859,0.027002699673175812
YDR129C,YCR065W,0,1.8651223,0.40176600217819214,0.1818181872367859,0.02710271067917347
YNL287W,YOR158W,0,1.8637521,0.4008810520172119,0.1818181872367859,0.027202719822525978
YDR148C,YGL087C,0,1.8615448,0.4000000059604645,0.1818181872367859,0.027302730828523636
YNL317W,YKL063C,0,1.8601197,0.39912280440330505,0.1818181872367859,0.027402739971876144
YNL233W,YBR023C,0,1.8579772,0.39824944734573364,0.1818181872367859,0.027502750977873802
YKR027W,YMR313C,0,1.8569973,0.39737990498542786,0.1818181872367859,0.02760276012122631
YGL098W,YBL008W,0,1.8538876,0.3965141475200653,0.1818181872367859,0.02770277112722397
YDR268W,YIL005W,0,1.8531501,0.395652174949646,0.1818181872367859,0.027802780270576477
YKR007W,YOL009C,0,1.8521142,0.39479392766952515,0.1818181872367859,0.027902789413928986
YOR117W,YDR308C,0,1.8521096,0.39393940567970276,0.1818181872367859,0.028002800419926643
YKL054C,YOR330C,0,1.8515993,0.39308854937553406,0.1818181872367859,0.028102809563279152
YNL084C,YLL050C,1,1.8498843,0.3943965435028076,0.18281717598438263,0.028102809563279152
YNL025C,YLR333C,0,1.8479111,0.3935483992099762,0.18281717598438263,0.02820282056927681
YDL003W,YFR047C,0,1.8470564,0.3927038609981537,0.18281717598438263,0.028302829712629318
YLR404W,YIL138C,1,1.8467555,0.39400428533554077,0.18381617963314056,0.028302829712629318
YCR107W,YPL178W,0,1.8467199,0.39316239953041077,0.18381617963314056,0.028402840718626976
YNL286W,YDL093W,0,1.8457253,0.3923240900039673,0.18381617963314056,0.028502849861979485
YPL175W,YKL114C,0,1.8452299,0.3914893567562103,0.18381617963314056,0.028602860867977142
YHR122W,YLR333C,0,1.8452123,0.3906581699848175,0.18381617963314056,0.02870287001132965
YJR035W,YGL093W,0,1.8438361,0.38983049988746643,0.18381617963314056,0.02880288101732731
YER033C,YLR248W,0,1.8431369,0.3890063464641571,0.18381617963314056,0.028902890160679817
YKL141W,YKL149C,0,1.8416364,0.38818565011024475,0.18381617963314056,0.029002901166677475
YLR337C,YOR367W,1,1.834455,0.38947367668151855,0.1848151832818985,0.029002901166677475
YFR024C-A,YLR115W,0,1.8340446,0.3886554539203644,0.1848151832818985,0.029102910310029984
YBL061C,YGL233W,1,1.832727,0.3899371027946472,0.18581418693065643,0.029102910310029984
YDR328C,YKL079W,0,1.832578,0.3891213536262512,0.18581418693065643,0.029202919453382492
YMR261C,YPL225W,0,1.8301299,0.38830897212028503,0.18581418693065643,0.02930293045938015
YML059C,YOR372C,0,1.8297058,0.38749998807907104,0.18581418693065643,0.02940293960273266
YDR204W,YLR333C,0,1.8287977,0.38669440150260925,0.18581418693065643,0.029502950608730316
YGL198W,YDR135C,0,1.8285587,0.3858921229839325,0.18581418693065643,0.029602959752082825
YAL019W,YKR052C,0,1.8283409,0.38509318232536316,0.18581418693065643,0.029702970758080482
YJL174W,YHR193C,0,1.8263048,0.38429751992225647,0.18581418693065643,0.02980297990143299
YLL021W,YGL219C,0,1.8247843,0.3835051655769348,0.18581418693065643,0.02990299090743065
YDR150W,YCL029C,1,1.8243054,0.3847736716270447,0.18681319057941437,0.02990299090743065
YJR076C,YFR024C-A,1,1.8223236,0.3860369622707367,0.1878121942281723,0.02990299090743065
YCR009C,YLR342W,1,1.8221123,0.38729506731033325,0.18881118297576904,0.02990299090743065
YOR122C,YHR023W,1,1.8214587,0.3885480463504791,0.18981018662452698,0.02990299090743065
YLR451W,YBR045C,0,1.8205914,0.3877550959587097,0.18981018662452698,0.030003000050783157
YJR117W,YAL051W,0,1.8197217,0.3869653642177582,0.18981018662452698,0.030103011056780815
YAR033W,YPL176C,0,1.8185287,0.3861788511276245,0.18981018662452698,0.030203020200133324
YOL069W,YLR019W,0,1.8168625,0.38539552688598633,0.18981018662452698,0.03030303120613098
YDR127W,YDR359C,0,1.8165939,0.38461539149284363,0.18981018662452698,0.03040304034948349
YDR422C,YLR060W,0,1.8159599,0.38383838534355164,0.18981018662452698,0.030503049492836
YBR038W,YOR372C,0,1.8159175,0.38306450843811035,0.18981018662452698,0.030603060498833656
YDR379W,YMR092C,1,1.8155075,0.38430583477020264,0.1908091902732849,0.030603060498833656
YML013W,YJL180C,0,1.8154927,0.38353413343429565,0.1908091902732849,0.030703069642186165
YLR185W,YNL190W,0,1.815254,0.382765531539917,0.1908091902732849,0.030803080648183823
YJR076C,YKL129C,1,1.814815,0.3840000033378601,0.19180819392204285,0.030803080648183823
YPL209C,YJR052W,0,1.8137715,0.38323354721069336,0.19180819392204285,0.03090308979153633
YMR032W,YMR109W,1,1.8134629,0.3844621479511261,0.19280719757080078,0.03090308979153633
YFL005W,YOR330C,0,1.8131664,0.3836978077888489,0.19280719757080078,0.03100310079753399
YKR007W,YGR007W,0,1.8129923,0.3829365074634552,0.19280719757080078,0.031103109940886497
YOR189W,YGR174C,0,1.8120716,0.3821782171726227,0.19280719757080078,0.031203120946884155
YDR212W,YBR016W,0,1.8112543,0.3814229369163513,0.19280719757080078,0.031303130090236664
YBR038W,YBL031W,0,1.8109083,0.38067060708999634,0.19280719757080078,0.03140313923358917
YHR005C,YKL087C,0,1.8107467,0.3799212574958801,0.19280719757080078,0.03150315210223198
YBL051C,YLR247C,0,1.8101721,0.3791748583316803,0.19280719757080078,0.03160316124558449
YOR136W,YOL078W,0,1.8099864,0.37843137979507446,0.19280719757080078,0.031703170388936996
YIL106W,YER063W,0,1.8093047,0.37769079208374023,0.19280719757080078,0.031803179532289505
YNL051W,YNL181W,0,1.8078434,0.376953125,0.19280719757080078,0.031903188675642014
YKL150W,YBL014C,0,1.8064713,0.376218318939209,0.19280719757080078,0.03200320154428482
YBR146W,YHL050C,0,1.8047266,0.3754863739013672,0.19280719757080078,0.03210321068763733
YBR085W,YDL076C,0,1.8047125,0.3747572898864746,0.19280719757080078,0.03220321983098984
YIL118W,YNL059C,0,1.8027852,0.3740310072898865,0.19280719757080078,0.032303228974342346
YDR490C,YMR110C,0,1.7979313,0.37330755591392517,0.19280719757080078,0.03240324184298515
YJR090C,YIL095W,1,1.7978367,0.37451738119125366,0.19380620121955872,0.03240324184298515
YDR510W,YJR125C,1,1.7964573,0.3757225573062897,0.19480518996715546,0.03240324184298515
YIL056W,YPL036W,0,1.7958705,0.375,0.19480518996715546,0.03250325098633766
YML101C,YGR007W,0,1.7936306,0.37428024411201477,0.19480518996715546,0.03260326012969017
YER093C,YJR096W,0,1.7932078,0.3735632300376892,0.19480518996715546,0.03270326927304268
YLR092W,YPL178W,0,1.7909002,0.3728489577770233,0.19480518996715546,0.032803282141685486
YBR279W,YKL138C,0,1.7901022,0.3721373975276947,0.19480518996715546,0.032903291285037994
YLR052W,YIL062C,0,1.7898407,0.37142857909202576,0.19480518996715546,0.0330033004283905
YDR176W,YDL134C,0,1.7880981,0.3707224428653717,0.19480518996715546,0.03310330957174301
YGL073W,YKL194C,0,1.7861916,0.37001898884773254,0.19480518996715546,0.03320331871509552
YKL048C,YLL050C,1,1.7848477,0.3712121248245239,0.1958041936159134,0.03320331871509552
YFR014C,YNL181W,0,1.7842488,0.37051039934158325,0.1958041936159134,0.03330333158373833
YPR128C,YJL013C,0,1.783501,0.3698113262653351,0.1958041936159134,0.033403340727090836
YOR316C,YHR024C,0,1.7815242,0.36911487579345703,0.1958041936159134,0.033503349870443344
YKR049C,YKL099C,0,1.7807076,0.3684210479259491,0.1958041936159134,0.03360335901379585
YKL048C,YGR241C,1,1.7794988,0.36960601806640625,0.19680319726467133,0.03360335901379585
YDR422C,YGL105W,0,1.7794671,0.368913859128952,0.19680319726467133,0.03370337188243866
YBL007C,YMR183C,0,1.7794163,0.36822429299354553,0.19680319726467133,0.03380338102579117
YLR429W,YHR016C,1,1.7793772,0.3694029748439789,0.19780220091342926,0.03380338102579117
YNL048W,YGL018C,0,1.77831,0.3687150776386261,0.19780220091342926,0.03390339016914368
YNL094W,YGR241C,1,1.7759515,0.3698884844779968,0.1988012045621872,0.03390339016914368
YBR295W,YDR359C,0,1.7748075,0.36920222640037537,0.1988012045621872,0.034003399312496185
YOR018W,YGR142W,0,1.7727942,0.36851853132247925,0.1988012045621872,0.03410341218113899
YPR171W,YNL020C,1,1.7725514,0.3696857690811157,0.19980019330978394,0.03410341218113899
YNL317W,YML082W,0,1.7718191,0.36900368332862854,0.19980019330978394,0.0342034213244915
YER044C-A,YGR004W,0,1.7707808,0.3683241307735443,0.19980019330978394,0.03430343046784401
YKL101W,YHR023W,1,1.7701545,0.3694852888584137,0.20079919695854187,0.03430343046784401
YER142C,YPR095C,0,1.7686067,0.3688073456287384,0.20079919695854187,0.03440343961119652
YJL089W,YMR153W,0,1.7680547,0.3681318759918213,0.20079919695854187,0.034503448754549026
YBL013W,YPL075W,0,1.7675426,0.36745887994766235,0.20079919695854187,0.034603461623191833
YLR404W,YBR130C,1,1.7669628,0.3686131238937378,0.2017982006072998,0.034603461623191833
YJL174W,YEL051W,0,1.7666693,0.3679417073726654,0.2017982006072998,0.03470347076654434
YNL233W,YMR041C,0,1.7666024,0.3672727346420288,0.2017982006072998,0.03480347990989685
YBR119W,YNL176C,0,1.7641579,0.3666061758995056,0.2017982006072998,0.03490348905324936
YNL025C,YDL093W,0,1.7640531,0.3659420311450958,0.2017982006072998,0.035003501921892166
YNL094W,YOR367W,1,1.763895,0.3670886158943176,0.20279720425605774,0.035003501921892166
YER176W,YPL040C,0,1.7634531,0.3664259910583496,0.20279720425605774,0.035103511065244675
YDR235W,YOR081C,0,1.7632594,0.365765780210495,0.20279720425605774,0.03520352020859718
YKR064W,YPL253C,0,1.7631376,0.365107923746109,0.20279720425605774,0.03530352935194969
YNL106C,YHR114W,1,1.7630794,0.3662477433681488,0.20379620790481567,0.03530352935194969
YHR108W,YPR141C,0,1.7629552,0.3655914068222046,0.20379620790481567,0.0354035384953022
YBR268W,YHR005C,0,1.7622702,0.3649373948574066,0.20379620790481567,0.03550355136394501
YDR434W,YML061C,0,1.7622095,0.3642857074737549,0.20379620790481567,0.035603560507297516
YDR375C,YOL095C,0,1.7615802,0.3636363744735718,0.20379620790481567,0.035703569650650024
YDL225W,YLR206W,1,1.7611365,0.3647686839103699,0.2047952115535736,0.035703569650650024
YDR427W,YPL168W,0,1.7600461,0.3641207814216614,0.2047952115535736,0.03580357879400253
YLR429W,YPR171W,1,1.7598996,0.3652482330799103,0.20579420030117035,0.03580357879400253
YOR193W,YER123W,0,1.7595968,0.3646017611026764,0.20579420030117035,0.03590359166264534
YBL031W,YKR077W,0,1.7560092,0.36395758390426636,0.20579420030117035,0.03600360080599785
YPL269W,YNL243W,1,1.7558618,0.3650793731212616,0.20679320394992828,0.03600360080599785
YOL098C,YDL076C,0,1.7553916,0.36443662643432617,0.20679320394992828,0.03610360994935036
YIL087C,YLR313C,0,1.7548549,0.3637961447238922,0.20679320394992828,0.036203619092702866
YBR060C,YDR200C,0,1.7542834,0.36315789818763733,0.20679320394992828,0.03630363196134567
YFR038W,YDR317W,0,1.7526686,0.3625218868255615,0.20679320394992828,0.03640364110469818
YLR166C,YJR092W,1,1.7523134,0.3636363744735718,0.20779220759868622,0.03640364110469818
YGR178C,YOR357C,0,1.7514957,0.3630017340183258,0.20779220759868622,0.03650365024805069
YER142C,YDR179C,0,1.7495244,0.3623693287372589,0.20779220759868622,0.0366036593914032
YPL141C,YPL262W,0,1.7491034,0.3617391288280487,0.20779220759868622,0.03670366853475571
YNL106C,YPL074W,1,1.7469788,0.3628472089767456,0.20879121124744415,0.03670366853475571
YDR510W,YDL204W,1,1.7464793,0.3639514744281769,0.2097902148962021,0.03670366853475571
YDR039C,YOL095C,0,1.7458967,0.36332181096076965,0.2097902148962021,0.036803681403398514
YIL068C,YCL035C,0,1.7455153,0.36269429326057434,0.2097902148962021,0.03690369054675102
YGL073W,YIL148W,0,1.7435617,0.36206895112991333,0.2097902148962021,0.03700369969010353
YJL096W,YBR301W,0,1.7430594,0.3614457845687866,0.2097902148962021,0.03710370883345604
YPL203W,YDL087C,0,1.7413051,0.36082473397254944,0.2097902148962021,0.037203721702098846
YIL107C,YMR207C,0,1.7388214,0.36020582914352417,0.2097902148962021,0.037303730845451355
YIL007C,YER167W,0,1.7384642,0.3595890402793884,0.2097902148962021,0.037403739988803864
YLR011W,YJL216C,0,1.7344055,0.3589743673801422,0.2097902148962021,0.03750374913215637
YJR102C,YIL005W,0,1.7343948,0.35836178064346313,0.2097902148962021,0.03760376200079918
YDR122W,YOR103C,0,1.7318513,0.3577512800693512,0.2097902148962021,0.03770377114415169
YIL138C,YBR130C,1,1.731212,0.35884353518486023,0.21078920364379883,0.03770377114415169
YJR102C,YOR363C,0,1.7308927,0.3582342863082886,0.21078920364379883,0.037803780287504196
YBR146W,YLR019W,0,1.7307405,0.35762712359428406,0.21078920364379883,0.037903789430856705
YDL204W,YDR379W,1,1.7287202,0.3587140440940857,0.21178820729255676,0.037903789430856705
YDL225W,YCL034W,1,1.7286109,0.35979729890823364,0.2127872109413147,0.037903789430856705
YOL095C,YKL040C,0,1.7275707,0.35919055342674255,0.2127872109413147,0.03800379857420921
YDL247W,YLR044C,0,1.7271221,0.3585858643054962,0.2127872109413147,0.03810381144285202
YPL013C,YDL223C,0,1.7269249,0.35798320174217224,0.2127872109413147,0.03820382058620453
YGL070C,YPR068C,0,1.7268498,0.35738253593444824,0.2127872109413147,0.03830382972955704
YKL063C,YOR132W,0,1.7264181,0.356783926486969,0.2127872109413147,0.038403838872909546
YPL168W,YGL018C,0,1.7241983,0.35618728399276733,0.2127872109413147,0.03850385174155235
YDL220C,YBR094W,0,1.72369,0.35559266805648804,0.2127872109413147,0.03860386088490486
YER177W,YDR289C,0,1.7232299,0.35499998927116394,0.2127872109413147,0.03870387002825737
YPL013C,YER167W,0,1.7219906,0.3544093072414398,0.2127872109413147,0.03880387917160988
YOR132W,YCL054W,0,1.7204583,0.3538205921649933,0.2127872109413147,0.038903892040252686
YMR072W,YML082W,0,1.7200992,0.35323384404182434,0.2127872109413147,0.039003901183605194
YNL166C,YGR241C,1,1.7195381,0.35430464148521423,0.21378621459007263,0.039003901183605194
YDL100C,YDR515W,0,1.7194669,0.35371899604797363,0.21378621459007263,0.0391039103269577
YKL129C,YOR181W,1,1.7194364,0.3547854721546173,0.21478521823883057,0.0391039103269577
YJR076C,YCL014W,1,1.7193086,0.35584843158721924,0.2157842218875885,0.0391039103269577
YDL247W,YHL050C,0,1.7183218,0.3552631437778473,0.2157842218875885,0.03920391947031021
YJL216C,YGR094W,0,1.7179457,0.35467979311943054,0.2157842218875885,0.03930392861366272
YJR109C,YOL084W,0,1.7177329,0.3540983498096466,0.2157842218875885,0.03940394148230553
YPR171W,YDR379W,1,1.7175317,0.35515546798706055,0.21678321063518524,0.03940394148230553
YPL203W,YKR077W,0,1.716579,0.35457515716552734,0.21678321063518524,0.039503950625658035
YOR158W,YNL118C,0,1.716578,0.35399672389030457,0.21678321063518524,0.039603959769010544
YBR046C,YPL133C,0,1.7160656,0.3534201979637146,0.21678321063518524,0.03970396891236305
YCL044C,YGR260W,0,1.7149442,0.35284551978111267,0.21678321063518524,0.03980398178100586
YDR517W,YLR288C,0,1.7137405,0.35227271914482117,0.21678321063518524,0.03990399092435837
YHL035C,YHL021C,0,1.7133358,0.3517017960548401,0.21678321063518524,0.040004000067710876
YLR052W,YBR045C,0,1.7126254,0.35113269090652466,0.21678321063518524,0.040104009211063385
YNL166C,YNL233W,1,1.7113082,0.35218092799186707,0.21778221428394318,0.040104009211063385
YBL056W,YGR266W,0,1.710906,0.3516128957271576,0.21778221428394318,0.04020402207970619
YHR169W,YOR132W,0,1.7097349,0.35104671120643616,0.21778221428394318,0.0403040312230587
YML092C,YLR200W,0,1.7076974,0.350482314825058,0.21778221428394318,0.04040404036641121
YJR125C,YGR241C,1,1.7073851,0.35152488946914673,0.2187812179327011,0.04040404036641121
YDR468C,YOR113W,0,1.7066877,0.3509615361690521,0.2187812179327011,0.04050404950976372
YPL120W,YGL016W,0,1.7042124,0.35040000081062317,0.2187812179327011,0.040604058653116226
YNL214W,YOR253W,0,1.703733,0.3498402535915375,0.2187812179327011,0.04070407152175903
YBL051C,YBR131W,0,1.7029426,0.34928229451179504,0.2187812179327011,0.04080408066511154
YDR261C,YGL198W,0,1.7028546,0.3487261235713959,0.2187812179327011,0.04090408980846405
YFR014C,YER093C,0,1.7024777,0.3481717109680176,0.2187812179327011,0.04100409895181656
YJL013C,YPL176C,0,1.7022591,0.34761905670166016,0.2187812179327011,0.041104111820459366
YDR201W,YOR113W,0,1.7021966,0.3470681309700012,0.2187812179327011,0.041204120963811874
YIL153W,YGL053W,0,1.7015766,0.34651899337768555,0.2187812179327011,0.04130413010716438
YHR118C,YPL097W,0,1.701057,0.34597155451774597,0.2187812179327011,0.04140413925051689
YLR004C,YPL115C,0,1.7008983,0.34542587399482727,0.2187812179327011,0.0415041521191597
YMR063W,YPR120C,0,1.7003415,0.34488189220428467,0.2187812179327011,0.04160416126251221
YNL045W,YGR005C,0,1.6997693,0.34433960914611816,0.2187812179327011,0.041704170405864716
YNL166C,YPL074W,1,1.6980417,0.3453689217567444,0.21978022158145905,0.041704170405864716
YOL012C,YGL045W,0,1.6980319,0.3448275923728943,0.21978022158145905,0.041804179549217224
YDR375C,YPR086W,0,1.6957767,0.3442879617214203,0.21978022158145905,0.04190418869256973
YOR018W,YMR048W,0,1.6952193,0.34375,0.21978022158145905,0.04200420156121254
YDR386W,YOR158W,0,1.6950499,0.3432137370109558,0.21978022158145905,0.04210421070456505
YNL173C,YOR172W,0,1.6944607,0.34267911314964294,0.21978022158145905,0.04220421984791756
YBR086C,YHR024C,0,1.6935141,0.3421461880207062,0.21978022158145905,0.042304228991270065
YGL063W,YIL062C,0,1.6933746,0.34161490201950073,0.21978022158145905,0.04240424185991287
YDR409W,YLL050C,1,1.693061,0.3426356613636017,0.22077922523021698,0.04240424185991287
YGR030C,YJL058C,0,1.6923777,0.34210526943206787,0.22077922523021698,0.04250425100326538
YER040W,YNL081C,0,1.6923392,0.3415765166282654,0.22077922523021698,0.04260426014661789
YKR027W,YGL105W,0,1.6918814,0.3410493731498718,0.22077922523021698,0.0427042692899704
YKR089C,YAL019W,0,1.6909671,0.3405238687992096,0.22077922523021698,0.042804282158613205
YNL183C,YGR142W,0,1.6900511,0.3400000035762787,0.22077922523021698,0.042904291301965714
YDR515W,YLR288C,0,1.6895131,0.3394777178764343,0.22077922523021698,0.04300430044531822
YOR090C,YGL093W,0,1.6892458,0.3389570415019989,0.22077922523021698,0.04310430958867073
YCR009C,YDR409W,1,1.68752,0.33996936678886414,0.22177822887897491,0.04310430958867073
YDR148C,YNL025C,0,1.6875135,0.33944955468177795,0.22177822887897491,0.04320431873202324
YHR016C,YDR510W,1,1.6874851,0.3404580056667328,0.22277721762657166,0.04320431873202324
YGR080W,YIL068C,1,1.6874707,0.3414634168148041,0.2237762212753296,0.04320431873202324
YMR226C,YOL059W,0,1.6861227,0.34094369411468506,0.2237762212753296,0.043304331600666046
YHL031C,YKL051W,0,1.6856947,0.3404255211353302,0.2237762212753296,0.043404340744018555
YOR156C,YLR417W,0,1.6848713,0.3399089574813843,0.2237762212753296,0.04350434988737106
YNL084C,YKL129C,1,1.6846215,0.34090909361839294,0.22477522492408752,0.04350434988737106
YER008C,YDL204W,1,1.6843994,0.34190618991851807,0.22577422857284546,0.04350434988737106
YDR367W,YOR247W,0,1.6843046,0.3413897156715393,0.22577422857284546,0.04360435903072357
YBL008W,YDR386W,0,1.6819906,0.3408748209476471,0.22577422857284546,0.04370437189936638
YLR166C,YIL138C,1,1.6812133,0.34186747670173645,0.2267732322216034,0.04370437189936638
YFR047C,YDR469W,0,1.681011,0.3413533866405487,0.2267732322216034,0.04380438104271889
YGR044C,YDR438W,0,1.6802251,0.3408408463001251,0.2267732322216034,0.043904390186071396
YIL007C,YCR036W,0,1.6792798,0.3403298258781433,0.2267732322216034,0.044004399329423904
YLR319C,YKL007W,1,1.6791275,0.341317355632782,0.22777222096920013,0.044004399329423904
YLR239C,YBR279W,0,1.6790326,0.340807169675827,0.22777222096920013,0.04410441219806671
YBL056W,YDR244W,0,1.6784666,0.34029850363731384,0.22777222096920013,0.04420442134141922
YAR033W,YGL016W,0,1.677682,0.33979135751724243,0.22777222096920013,0.04430443048477173
YNL167C,YDR175C,0,1.6758634,0.3392857015132904,0.22777222096920013,0.04440443962812424
YNL020C,YGL129C,0,1.6757451,0.33878156542778015,0.22777222096920013,0.044504448771476746
YMR232W,YNL233W,0,1.6757336,0.3382789194583893,0.22777222096920013,0.04460446164011955
YER176W,YPR008W,0,1.6746789,0.3377777636051178,0.22777222096920013,0.04470447078347206
YNL263C,YBL008W,0,1.673985,0.3372780978679657,0.22777222096920013,0.04480447992682457
YER008C,YMR092C,1,1.6729543,0.3382570147514343,0.22877122461795807,0.04480447992682457
YPR171W,YOR171C,1,1.6720996,0.33923304080963135,0.229770228266716,0.04480447992682457
YDR122W,YOL029C,0,1.6698523,0.338733434677124,0.229770228266716,0.04490448907017708
YDR407C,YBR112C,0,1.6693908,0.3382352888584137,0.229770228266716,0.045004501938819885
YNL286W,YDL087C,0,1.6690195,0.33773863315582275,0.229770228266716,0.045104511082172394
YLL018C,YHR009C,0,1.6674606,0.3372434079647064,0.229770228266716,0.0452045202255249
YOR008C,YGL233W,1,1.6667734,0.3382137715816498,0.23076923191547394,0.0452045202255249
YOL059W,YMR125W,0,1.6659787,0.33771929144859314,0.23076923191547394,0.04530452936887741
YNL084C,YNL094W,1,1.6659255,0.33868613839149475,0.23176823556423187,0.04530452936887741
YNL243W,YNL233W,1,1.6642314,0.33965015411376953,0.2327672392129898,0.04530452936887741
YLL050C,YHR107C,1,1.6641574,0.34061136841773987,0.23376622796058655,0.04530452936887741
YMR110C,YIL008W,0,1.6634766,0.3401162922382355,0.23376622796058655,0.04540454223752022
YDR510W,YDR233C,1,1.6625437,0.34107401967048645,0.23476523160934448,0.04540454223752022
YJL035C,YJR096W,0,1.6610674,0.34057971835136414,0.23476523160934448,0.045504551380872726
YCR086W,YLR315W,0,1.6605101,0.34008681774139404,0.23476523160934448,0.045604560524225235
YGR266W,YLR067C,0,1.6598264,0.33959537744522095,0.23476523160934448,0.045704569667577744
YDL091C,YLR247C,0,1.6590451,0.3391053378582001,0.23476523160934448,0.04580457881093025
YOR034C,YHR157W,0,1.6588213,0.3386167287826538,0.23476523160934448,0.04590459167957306
YPL203W,YDR021W,0,1.6586783,0.3381294906139374,0.23476523160934448,0.04600460082292557
YGL025C,YKL132C,0,1.6583159,0.33764368295669556,0.23476523160934448,0.046104609966278076
YOL122C,YBR188C,0,1.6575804,0.33715924620628357,0.23476523160934448,0.046204619109630585
YKL101W,YOR109W,1,1.6567142,0.3381088972091675,0.23576423525810242,0.046204619109630585
YLL014W,YJR096W,0,1.6533273,0.3376251757144928,0.23576423525810242,0.04630463197827339
YJR092W,YFR024C-A,1,1.6517023,0.3385714292526245,0.23676323890686035,0.04630463197827339
YOR018W,YKL039W,0,1.6514688,0.3380884528160095,0.23676323890686035,0.0464046411216259
YCL014W,YHR161C,1,1.651413,0.3390313386917114,0.2377622425556183,0.0464046411216259
YMR053C,YCL044C,0,1.6498861,0.33854907751083374,0.2377622425556183,0.04650465026497841
YLR118C,YGL058W,0,1.6492767,0.3380681872367859,0.2377622425556183,0.04660465940833092
YDR098C,YOR109W,0,1.6491973,0.3375886380672455,0.2377622425556183,0.046704672276973724
YDR200C,YMR133W,0,1.6485196,0.3371104896068573,0.2377622425556183,0.04680468142032623
YNL025C,YGR005C,0,1.6470397,0.3366336524486542,0.2377622425556183,0.04690469056367874
YOL098C,YPR034W,0,1.6470176,0.3361581861972809,0.2377622425556183,0.04700469970703125
YDR166C,YBL007C,1,1.6464698,0.3370944857597351,0.23876124620437622,0.04700469970703125
YNL317W,YMR313C,0,1.6461449,0.33661970496177673,0.23876124620437622,0.04710470885038376
YKL045W,YPR199C,0,1.6445272,0.3361462652683258,0.23876124620437622,0.047204721719026566
YGL092W,YCR038C,0,1.6414952,0.3356741666793823,0.23876124620437622,0.047304730862379074
YPL168W,YOR113W,0,1.640863,0.3352033793926239,0.23876124620437622,0.04740474000573158
YPL269W,YOR171C,1,1.6404696,0.3361344635486603,0.23976023495197296,0.04740474000573158
YAL030W,YBR162C,0,1.6403584,0.3356643319129944,0.23976023495197296,0.04750474914908409
YGR055W,YLR093C,0,1.6393512,0.33519554138183594,0.23976023495197296,0.0476047620177269
YDR379W,YFL039C,1,1.6391649,0.3361227214336395,0.2407592386007309,0.0476047620177269
YMR053C,YHR037W,0,1.6388189,0.3356545865535736,0.2407592386007309,0.04770477116107941
YBR109C,YLR019W,0,1.6385978,0.33518776297569275,0.2407592386007309,0.047804780304431915
YDR359C,YKR052C,0,1.638128,0.33472222089767456,0.2407592386007309,0.047904789447784424
YMR041C,YIR031C,0,1.6377215,0.33425796031951904,0.2407592386007309,0.04800480231642723
YNL068C,YHL021C,0,1.6376278,0.3337950110435486,0.2407592386007309,0.04810481145977974
YOR008C,YIR006C,1,1.6374049,0.33471646904945374,0.24175824224948883,0.04810481145977974
YDR148C,YER041W,0,1.6369721,0.3342541456222534,0.24175824224948883,0.04820482060313225
YHL028W,YKR007W,0,1.6360104,0.33379310369491577,0.24175824224948883,0.048304829746484756
YMR053C,YPL224C,0,1.6348045,0.3333333432674408,0.24175824224948883,0.048404838889837265
YDR145W,YKL196C,0,1.634384,0.3328748345375061,0.24175824224948883,0.04850485175848007
YNL138W,YDR379W,1,1.632719,0.33379119634628296,0.24275724589824677,0.04850485175848007
YLR239C,YIL167W,0,1.6310914,0.3333333432674408,0.24275724589824677,0.04860486090183258
YGR212W,YNL167C,0,1.630053,0.33287671208381653,0.24275724589824677,0.04870487004518509
YGR082W,YGL142C,0,1.6298078,0.33242133259773254,0.24275724589824677,0.0488048791885376
YDR188W,YCR035C,0,1.6295023,0.33196720480918884,0.24275724589824677,0.048904892057180405
YGR094W,YLR292C,0,1.6293066,0.3315143287181854,0.24275724589824677,0.04900490120053291
YIL022W,YNL145W,0,1.62925,0.3310626745223999,0.24275724589824677,0.04910491034388542
YPR134W,YKR027W,0,1.6291575,0.3306122422218323,0.24275724589824677,0.04920491948723793
YIL159W,YLR314C,1,1.6289256,0.33152174949645996,0.2437562495470047,0.04920491948723793
YAL015C,YBR218C,0,1.6287241,0.3310719132423401,0.2437562495470047,0.04930492863059044
YKL033W,YLR039C,0,1.6279552,0.3306232988834381,0.2437562495470047,0.049404941499233246
YDR409W,YCR002C,1,1.6273514,0.33152908086776733,0.24475523829460144,0.049404941499233246
YER044C-A,YDL154W,0,1.6251884,0.3310810923576355,0.24475523829460144,0.049504950642585754
YJR117W,YER040W,0,1.6248667,0.3306342661380768,0.24475523829460144,0.04960495978593826
YMR232W,YDR007W,0,1.624826,0.33018869161605835,0.24475523829460144,0.04970496892929077
YER176W,YOL023W,0,1.6238372,0.32974427938461304,0.24475523829460144,0.04980498179793358
YJR076C,YOR329C,1,1.6237402,0.3306451737880707,0.24575424194335938,0.04980498179793358
YDR289C,YOR227W,0,1.623613,0.33020132780075073,0.24575424194335938,0.04990499094128609
YIL098C,YPR180W,0,1.622988,0.3297587037086487,0.24575424194335938,0.050005000084638596
YIL022W,YDR367W,0,1.6225996,0.32931727170944214,0.24575424194335938,0.050105009227991104
YPL210C,YOR158W,0,1.6213719,0.3288770020008087,0.24575424194335938,0.05020502209663391
YDR189W,YJL057C,0,1.6207936,0.3284379243850708,0.24575424194335938,0.05030503123998642
YKL054C,YHR194W,0,1.6206297,0.328000009059906,0.24575424194335938,0.05040504038333893
YNL020C,YIR006C,1,1.6196837,0.32889479398727417,0.2467532455921173,0.05040504038333893
YER041W,YOR249C,0,1.6168091,0.32845744490623474,0.2467532455921173,0.05050504952669144
YBR279W,YBL013W,0,1.6167606,0.32802125811576843,0.2467532455921173,0.050605058670043945
YDR490C,YDL124W,0,1.6163731,0.32758620381355286,0.2467532455921173,0.05070507153868675
YDR261C,YHR193C,0,1.6161406,0.3271523118019104,0.2467532455921173,0.05080508068203926
YNL298W,YHR107C,1,1.6158987,0.32804232835769653,0.24775224924087524,0.05080508068203926
YDL076C,YML047C,0,1.6146754,0.32760897278785706,0.24775224924087524,0.05090508982539177
YOR316C,YCR091W,0,1.6146579,0.3271767795085907,0.24775224924087524,0.05100509896874428
YOR241W,YDR080W,0,1.6144009,0.3267457187175751,0.24775224924087524,0.051105111837387085
YDL091C,YJL186W,0,1.613786,0.3263157904148102,0.24775224924087524,0.051205120980739594
YLR429W,YOR171C,1,1.6129963,0.3272010385990143,0.24875125288963318,0.051205120980739594
YGR204W,YFR047C,0,1.612042,0.32677164673805237,0.24875125288963318,0.0513051301240921
YLR288C,YKL080W,0,1.6096654,0.3263433873653412,0.24875125288963318,0.05140513926744461
YBL007C,YFL039C,1,1.6093903,0.32722511887550354,0.2497502565383911,0.05140513926744461
YKR083C,YDL139C,0,1.6089802,0.32679739594459534,0.2497502565383911,0.05150515213608742
YGL093W,YPL061W,0,1.6085804,0.3263707458972931,0.2497502565383911,0.051605161279439926
YDR002W,YPR105C,0,1.6073494,0.3259452283382416,0.2497502565383911,0.051705170422792435
YML100W,YDR217C,0,1.6069987,0.3255208432674408,0.2497502565383911,0.05180517956614494
YDL220C,YPL215W,0,1.6058662,0.32509753108024597,0.2497502565383911,0.05190518870949745
YGL098W,YBR211C,0,1.6042945,0.3246753215789795,0.2497502565383911,0.05200520157814026
YHR108W,YHR073W,0,1.6033819,0.32425421476364136,0.2497502565383911,0.05210521072149277
YNL106C,YBR102C,1,1.6029973,0.32512953877449036,0.25074926018714905,0.05210521072149277
YGR254W,YDR176W,0,1.6023369,0.3247089385986328,0.25074926018714905,0.052205219864845276
YPR034W,YJL058C,0,1.601831,0.3242894113063812,0.25074926018714905,0.052305229008197784
YKL101W,YER149C,1,1.6015856,0.32516127824783325,0.251748263835907,0.052305229008197784
YIL068C,YBL007C,1,1.6002897,0.3260309398174286,0.2527472674846649,0.052305229008197784
YHR016C,YDR379W,1,1.6002333,0.32689833641052246,0.25374624133110046,0.052305229008197784
YNL045W,YOR260W,0,1.600173,0.32647815346717834,0.25374624133110046,0.05240524187684059
YJR125C,YNL243W,1,1.5994844,0.3273427486419678,0.2547452449798584,0.05240524187684059
YOL051W,YNL055C,0,1.5971677,0.32692307233810425,0.2547452449798584,0.0525052510201931
YLR248W,YGL231C,0,1.5967634,0.3265044689178467,0.2547452449798584,0.05260526016354561
YKL033W,YLR115W,0,1.5955381,0.32608696818351746,0.2547452449798584,0.05270526930689812
YGR078C,YER005W,0,1.5946345,0.3256705105304718,0.2547452449798584,0.052805282175540924
YLR166C,YKL129C,1,1.5940604,0.3265306055545807,0.25574424862861633,0.052805282175540924
YHR202W,YNL317W,0,1.5928185,0.3261146545410156,0.25574424862861633,0.05290529131889343
YML041C,YKL052C,0,1.5910244,0.32569974660873413,0.25574424862861633,0.05300530046224594
YNL106C,YJR090C,1,1.5898986,0.326556533575058,0.25674325227737427,0.05300530046224594
YOR233W,YIL095W,1,1.5885061,0.3274111747741699,0.2577422559261322,0.05300530046224594
YPL198W,YMR035W,0,1.5876311,0.32699620723724365,0.2577422559261322,0.05310530960559845
YFR027W,YLR324W,0,1.5874922,0.32658228278160095,0.2577422559261322,0.05320531874895096
YMR081C,YJR052W,0,1.587453,0.3261694014072418,0.2577422559261322,0.053305331617593765
YCR018C,YBR146W,0,1.5861523,0.32575756311416626,0.2577422559261322,0.053405340760946274
YLR404W,YDR233C,1,1.584893,0.3266078233718872,0.25874125957489014,0.053405340760946274
YAL028W,YKL197C,0,1.5847747,0.32619646191596985,0.25874125957489014,0.05350534990429878
YIL036W,YNL020C,0,1.5847251,0.32578617334365845,0.25874125957489014,0.05360535904765129
YNL298W,YHR114W,1,1.5846853,0.32663315534591675,0.25974026322364807,0.05360535904765129
YGR004W,YLR115W,0,1.5845228,0.32622334361076355,0.25974026322364807,0.0537053719162941
YFR027W,YLR288C,0,1.5834342,0.32581454515457153,0.25974026322364807,0.053805381059646606
YHR149C,YIL033C,0,1.5833867,0.3254067599773407,0.25974026322364807,0.053905390202999115
YGL073W,YCR036W,0,1.5830106,0.32499998807907104,0.25974026322364807,0.054005399346351624
YDR078C,YBR168W,0,1.5827737,0.32459425926208496,0.25974026322364807,0.05410541221499443
YMR041C,YKL052C,0,1.5816437,0.32418951392173767,0.25974026322364807,0.05420542135834694
YOR091W,YOR334W,0,1.5806991,0.32378581166267395,0.25974026322364807,0.05430543050169945
YDL230W,YJL013C,0,1.5798029,0.323383092880249,0.25974026322364807,0.054405439645051956
YNR052C,YPL189W,0,1.5796502,0.3229813575744629,0.25974026322364807,0.054505448788404465
YEL039C,YGL053W,0,1.5790746,0.32258063554763794,0.25974026322364807,0.05460546165704727
YCR086W,YDL123W,0,1.578584,0.32218092679977417,0.25974026322364807,0.05470547080039978
YDR427W,YOR109W,0,1.5784874,0.3217821717262268,0.25974026322364807,0.05480547994375229
YML013W,YDR168W,0,1.5778279,0.3213844299316406,0.25974026322364807,0.0549054890871048
YOR241W,YBR016W,0,1.5766776,0.32098764181137085,0.25974026322364807,0.055005501955747604
YOR087W,YDR028C,0,1.5755142,0.32059186697006226,0.25974026322364807,0.05510551109910011
YKL058W,YLR060W,0,1.5733931,0.32019704580307007,0.25974026322364807,0.05520552024245262
YLR215C,YPL176C,0,1.5733904,0.3198032081127167,0.25974026322364807,0.05530552938580513
YPL105C,YHL031C,0,1.5724082,0.3194103240966797,0.25974026322364807,0.05540554225444794
YOL076W,YGR080W,0,1.5711403,0.3190183937549591,0.25974026322364807,0.055505551397800446
YOR330C,YOR132W,0,1.5705483,0.3186274468898773,0.25974026322364807,0.055605560541152954
YHR122W,YMR153W,0,1.5703733,0.31823745369911194,0.25974026322364807,0.05570556968450546
YOL012C,YPL221W,0,1.5700436,0.31784841418266296,0.25974026322364807,0.05580557882785797
YNL084C,YLR313C,1,1.5697894,0.3186813294887543,0.260739266872406,0.05580557882785797
YPR105C,YHR005C,0,1.5697023,0.31829267740249634,0.260739266872406,0.05590559169650078
YNL079C,YDL222C,1,1.5692792,0.3191230297088623,0.26173827052116394,0.05590559169650078
YIL159W,YLR342W,1,1.5687947,0.3199513256549835,0.2627372741699219,0.05590559169650078
YLR060W,YKL040C,0,1.5677059,0.3195625841617584,0.2627372741699219,0.05600560083985329
YPL171C,YAL059W,0,1.567401,0.31917476654052734,0.2627372741699219,0.056105609983205795
YKL129C,YHR161C,1,1.5659893,0.3199999928474426,0.2637362778186798,0.056105609983205795
YJL057C,YDR463W,0,1.5653646,0.319612592458725,0.2637362778186798,0.056205619126558304
YPL036W,YIL118W,0,1.5650094,0.31922611594200134,0.2637362778186798,0.05630563199520111
YOL116W,YGR142W,0,1.5645893,0.3188405930995941,0.2637362778186798,0.05640564113855362
YNL031C,YBR005W,0,1.5638647,0.3184559643268585,0.2637362778186798,0.05650565028190613
YML057W,YER032W,0,1.5636675,0.31807228922843933,0.2637362778186798,0.056605659425258636
YPR095C,YPR003C,0,1.5623565,0.31768953800201416,0.2637362778186798,0.056705672293901443
YOR171C,YIL034C,1,1.5609112,0.31850960850715637,0.26473525166511536,0.056705672293901443
YHR073W,YLR382C,0,1.5600955,0.31812724471092224,0.26473525166511536,0.05680568143725395
YGL025C,YNL059C,0,1.5598538,0.31774580478668213,0.26473525166511536,0.05690569058060646
YNL318C,YML102W,0,1.5598247,0.31736525893211365,0.26473525166511536,0.05700569972395897
YLR314C,YIL138C,1,1.5581086,0.3181818127632141,0.2657342553138733,0.05700569972395897
YHR061C,YDR166C,1,1.5577463,0.3189964294433594,0.2667332589626312,0.05700569972395897
YDL222C,YMR109W,1,1.5567851,0.31980907917022705,0.26773226261138916,0.05700569972395897
YMR053C,YMR002W,0,1.555909,0.31942787766456604,0.26773226261138916,0.05710570886731148
YKL048C,YOR158W,0,1.5550591,0.31904762983322144,0.26773226261138916,0.057205721735954285
YER007C-A,YIL137C,0,1.5540878,0.3186682462692261,0.26773226261138916,0.05730573087930679
YFR014C,YKL040C,0,1.553874,0.31828978657722473,0.26773226261138916,0.0574057400226593
YNL079C,YLL038C,1,1.5522126,0.31909847259521484,0.2687312662601471,0.0574057400226593
YER008C,YNL194C,1,1.5513071,0.31990522146224976,0.26973026990890503,0.0574057400226593
YBR130C,YHR106W,0,1.5511986,0.3195266127586365,0.26973026990890503,0.05750574916601181
YGL067W,YHR193C,0,1.5511439,0.3191489279270172,0.26973026990890503,0.05760576203465462
YHR165C,YOR136W,0,1.5510004,0.3187721371650696,0.26973026990890503,0.057705771178007126
YGR120C,YMR149W,0,1.55064,0.3183962404727936,0.26973026990890503,0.057805780321359634
YLR337C,YPR188C,1,1.5501149,0.3191990554332733,0.27072927355766296,0.057805780321359634
YIL009W,YML096W,0,1.54871,0.31882351636886597,0.27072927355766296,0.05790578946471214
YBL031W,YHR193C,0,1.5483665,0.31844887137413025,0.27072927355766296,0.05800580233335495
YBL080C,YIL167W,0,1.5472959,0.31807512044906616,0.27072927355766296,0.05810581147670746
YBR119W,YLR299W,0,1.5469875,0.3177022337913513,0.27072927355766296,0.05820582062005997
YOR258W,YGL151W,0,1.5463245,0.3173302114009857,0.27072927355766296,0.058305829763412476
YDR098C,YFL025C,0,1.5460579,0.31695905327796936,0.27072927355766296,0.058405838906764984
YNL250W,YGR099W,0,1.545925,0.31658878922462463,0.27072927355766296,0.05850585177540779
YLR352W,YML076C,0,1.5451994,0.31621935963630676,0.27072927355766296,0.0586058609187603
YHR142W,YNL081C,0,1.5448105,0.3158508241176605,0.27072927355766296,0.05870587006211281
YOR090C,YNL287W,0,1.5446405,0.31548312306404114,0.27072927355766296,0.05880587920546532
YLR299W,YDL076C,0,1.5433843,0.315116286277771,0.27072927355766296,0.058905892074108124
YOR329C,YGL233W,1,1.5413285,0.31591174006462097,0.2717282772064209,0.058905892074108124
YJR049C,YPL161C,0,1.5411828,0.3155452311038971,0.2717282772064209,0.05900590121746063
YIL007C,YPL013C,0,1.5408536,0.31517961621284485,0.2717282772064209,0.05910591036081314
YJR052W,YML082W,0,1.54076,0.31481480598449707,0.2717282772064209,0.05920591950416565
YDR201W,YML127W,0,1.540586,0.31445086002349854,0.2717282772064209,0.059305932372808456
YOR068C,YGR170W,0,1.5391817,0.31408774852752686,0.2717282772064209,0.059405941516160965
YOR109W,YHL035C,0,1.5390236,0.3137255012989044,0.2717282772064209,0.059505950659513474
YJR090C,YBR130C,1,1.5386955,0.3145161271095276,0.27272728085517883,0.059505950659513474
YPL269W,YHR061C,1,1.5386413,0.3153049349784851,0.27372628450393677,0.059505950659513474
YMR158W,YLR093C,0,1.53857,0.31494253873825073,0.27372628450393677,0.05960595980286598
YLR451W,YDR438W,0,1.5376736,0.3145809471607208,0.27372628450393677,0.05970596894621849
YMR275C,YDL018C,0,1.5372977,0.3142201900482178,0.27372628450393677,0.0598059818148613
YER142C,YOR259C,0,1.5370548,0.3138602375984192,0.27372628450393677,0.059905990958213806
YGL142C,YGL087C,0,1.534939,0.31350114941596985,0.27372628450393677,0.060006000101566315
YML052W,YDR218C,1,1.534935,0.3142857253551483,0.2747252881526947,0.060006000101566315
YNL079C,YNL152W,1,1.5345573,0.31506848335266113,0.27572426199913025,0.060006000101566315
YFR047C,YFR038W,0,1.5340292,0.31470924615859985,0.27572426199913025,0.06010600924491882
YDL235C,YIL037C,0,1.5333402,0.31435078382492065,0.27572426199913025,0.06020602211356163
YDL072C,YDR308C,0,1.5332723,0.3139931857585907,0.27572426199913025,0.06030603125691414
YGR235C,YDR359C,0,1.5319016,0.3136363625526428,0.27572426199913025,0.06040604040026665
YKL192C,YGL240W,0,1.5317945,0.3132803738117218,0.27572426199913025,0.060506049543619156
YDL105W,YDR200C,0,1.531512,0.31292515993118286,0.27572426199913025,0.06060606241226196
YOR334W,YGR040W,0,1.5313672,0.3125707805156708,0.27572426199913025,0.06070607155561447
YIL153W,YCR044C,0,1.5313411,0.31221720576286316,0.27572426199913025,0.06080608069896698
YNL025C,YBR268W,0,1.5298734,0.3118644058704376,0.27572426199913025,0.06090608984231949
YGR224W,YNL029C,0,1.5282023,0.31151241064071655,0.27572426199913025,0.061006098985672
YBR211C,YAL030W,0,1.5280567,0.31116122007369995,0.27572426199913025,0.061106111854314804
YNR019W,YNL068C,0,1.5279661,0.31081080436706543,0.27572426199913025,0.06120612099766731
YOR087W,YHR193C,0,1.5277815,0.3104611933231354,0.27572426199913025,0.06130613014101982
YBR065C,YKL039W,0,1.5274037,0.3101123571395874,0.27572426199913025,0.06140613928437233
YEL005C,YLR277C,0,1.5271056,0.3097642958164215,0.27572426199913025,0.06150615215301514
YAL028W,YNL038W,0,1.5266912,0.3094170391559601,0.27572426199913025,0.061606161296367645
YAL015C,YDR399W,0,1.5256603,0.30907055735588074,0.27572426199913025,0.061706170439720154
YGL093W,YOR259C,0,1.5256021,0.3087248206138611,0.27572426199913025,0.06180617958307266
YNL138W,YNL271C,1,1.5251583,0.309497207403183,0.2767232656478882,0.06180617958307266
YPL209C,YBL014C,0,1.5241504,0.3091517984867096,0.2767232656478882,0.06190619245171547
YBR107C,YNR037C,0,1.5238857,0.3088071346282959,0.2767232656478882,0.06200620159506798
YJL216C,YGL064C,0,1.5235006,0.3084632456302643,0.2767232656478882,0.062106210738420486
YOR357C,YNL029C,0,1.5232325,0.30812013149261475,0.2767232656478882,0.062206219881772995
YER033C,YMR207C,0,1.5232079,0.3077777922153473,0.2767232656478882,0.062306229025125504
YKL006C-A,YPL198W,0,1.5222132,0.30743616819381714,0.2767232656478882,0.06240624189376831
YIL106W,YMR072W,0,1.5211313,0.30709534883499146,0.2767232656478882,0.06250625103712082
YLR259C,YOR086C,0,1.5199758,0.30675527453422546,0.2767232656478882,0.06260626018047333
YDR201W,YPR003C,0,1.5198848,0.3064159154891968,0.2767232656478882,0.06270626932382584
YJL013C,YPL040C,0,1.5165454,0.30607736110687256,0.2767232656478882,0.06280627846717834
YGR046W,YLR466W,0,1.5159988,0.30573952198028564,0.2767232656478882,0.06290628761053085
YKR064W,YML092C,0,1.5159087,0.3054024279117584,0.2767232656478882,0.06300630420446396
YLR019W,YFR053C,0,1.5148497,0.3050660789012909,0.2767232656478882,0.06310631334781647
YLR055C,YPL097W,0,1.5146621,0.30473047494888306,0.2767232656478882,0.06320632249116898
YLR404W,YHR107C,1,1.513344,0.3054945170879364,0.2777222692966461,0.06320632249116898
YLR102C,YHR202W,0,1.5133365,0.30515915155410767,0.2777222692966461,0.06330633163452148
YMR192W,YGR046W,0,1.5126983,0.304824560880661,0.2777222692966461,0.06340634077787399
YOR045W,YGL064C,0,1.5122542,0.30449068546295166,0.2777222692966461,0.0635063499212265
YPL120W,YDR165W,0,1.512243,0.304157555103302,0.2777222692966461,0.06360635906457901
YDR409W,YFR024C-A,1,1.5118122,0.3049180209636688,0.27872127294540405,0.06360635906457901
YBL007C,YOR127W,1,1.511519,0.3056768476963043,0.279720276594162,0.06360635906457901
YLR345W,YBR248C,0,1.510705,0.30534350872039795,0.279720276594162,0.06370636820793152
YFR024C-A,YCR002C,1,1.5099989,0.3061002194881439,0.2807192802429199,0.06370636820793152
YDR325W,YIL137C,0,1.5088278,0.30576714873313904,0.2807192802429199,0.06380637735128403
YDR189W,YGR003W,0,1.5084386,0.30543479323387146,0.2807192802429199,0.06390639394521713
YNL031C,YPR055W,0,1.5067239,0.3051031529903412,0.2807192802429199,0.06400640308856964
YOR320C,YBR045C,0,1.506499,0.3047722280025482,0.2807192802429199,0.06410641223192215
YIL156W,YBR146W,0,1.5064397,0.30444204807281494,0.2807192802429199,0.06420642137527466
YNL045W,YDR028C,0,1.5058925,0.3041125535964966,0.2807192802429199,0.06430643051862717
YDR127W,YLR466W,0,1.5058792,0.3037837743759155,0.2807192802429199,0.06440643966197968
YGR253C,YDR259C,0,1.504699,0.3034557104110718,0.2807192802429199,0.06450644880533218
YML057W,YPL254W,0,1.5038686,0.30312836170196533,0.2807192802429199,0.06460645794868469
YGR198W,YDL225W,1,1.5033625,0.3038793206214905,0.28171828389167786,0.06460645794868469
YJR049C,YMR105C,0,1.5025885,0.30355221033096313,0.28171828389167786,0.0647064670920372
YOL032W,YLR023C,0,1.5020993,0.3032258152961731,0.28171828389167786,0.0648064836859703
YDR434W,YDR080W,0,1.5020325,0.302900105714798,0.28171828389167786,0.06490649282932281
YGR224W,YKL002W,0,1.501796,0.30257511138916016,0.28171828389167786,0.06500650197267532
YNL031C,YPL049C,0,1.50153,0.30225080251693726,0.28171828389167786,0.06510651111602783
YDL098C,YJL196C,0,1.5007579,0.30192720890045166,0.28171828389167786,0.06520652025938034
YPL269W,YDL204W,1,1.5007468,0.3026737868785858,0.2827172875404358,0.06520652025938034
YMR076C,YER071C,0,1.5006399,0.3023504316806793,0.2827172875404358,0.06530652940273285
YLR313C,YKL040C,0,1.4981644,0.30202776193618774,0.2827172875404358,0.06540653854608536
YNL079C,YDL204W,1,1.4979326,0.3027718663215637,0.2837162911891937,0.06540653854608536
YDR150W,YIL095W,1,1.4978006,0.30351439118385315,0.28471529483795166,0.06540653854608536
YKL033W,YAL030W,0,1.4968961,0.30319148302078247,0.28471529483795166,0.06550654768943787
YFR049W,YKL099C,0,1.4966979,0.3028692901134491,0.28471529483795166,0.06560656428337097
YML013W,YIL148W,0,1.495013,0.30254778265953064,0.28471529483795166,0.06570657342672348
YHR016C,YDR233C,1,1.4945595,0.3032873868942261,0.2857142984867096,0.06570657342672348
YBR211C,YKL087C,0,1.4932586,0.30296608805656433,0.2857142984867096,0.06580658257007599
YIL022W,YGR138C,0,1.4930428,0.3026455044746399,0.2857142984867096,0.0659065917134285
YKL149C,YLR092W,0,1.4928658,0.302325576543808,0.2857142984867096,0.066006600856781
YPL168W,YPR034W,0,1.4926507,0.302006334066391,0.2857142984867096,0.06610661000013351
YMR192W,YKL014C,0,1.492279,0.3016877770423889,0.2857142984867096,0.06620661914348602
YLR166C,YIL140W,1,1.492241,0.3024235963821411,0.28671327233314514,0.06620661914348602
YIL107C,YKR034W,0,1.4922125,0.30210527777671814,0.28671327233314514,0.06630662828683853
YHR103W,YHR111W,0,1.4921825,0.3017875850200653,0.28671327233314514,0.06640663743019104
YGR253C,YJR050W,0,1.491709,0.3014705777168274,0.28671327233314514,0.06650665402412415
YPR055W,YDR407C,0,1.4908937,0.3011542558670044,0.28671327233314514,0.06660666316747665
YGR253C,YDR057W,0,1.4906569,0.30083855986595154,0.28671327233314514,0.06670667231082916
YPR055W,YLR118C,0,1.4906205,0.3005235493183136,0.28671327233314514,0.06680668145418167
YBR218C,YJR131W,0,1.490513,0.3002091944217682,0.28671327233314514,0.06690669059753418
YMR040W,YOR319W,0,1.4904182,0.2998954951763153,0.28671327233314514,0.06700669974088669
YNL181W,YLR248W,0,1.4894319,0.29958245158195496,0.28671327233314514,0.0671067088842392
YHR061C,YHR023W,1,1.4890864,0.3003128170967102,0.2877122759819031,0.0671067088842392
YLR239C,YOR087W,0,1.487833,0.30000001192092896,0.2877122759819031,0.0672067180275917
YDR189W,YDR019C,0,1.4877731,0.29968783259391785,0.2877122759819031,0.06730672717094421
YDR325W,YMR110C,0,1.4865746,0.29937630891799927,0.2877122759819031,0.06740674376487732
YFL005W,YCL034W,1,1.4865415,0.3001038432121277,0.288711279630661,0.06740674376487732
YKR064W,YCR036W,0,1.486366,0.2997925281524658,0.288711279630661,0.06750675290822983
YDR129C,YIL138C,1,1.4852848,0.30051812529563904,0.28971028327941895,0.06750675290822983
YDR427W,YDR328C,0,1.4852587,0.3002070486545563,0.28971028327941895,0.06760676205158234
YOL126C,YPL021W,0,1.4843727,0.29989659786224365,0.28971028327941895,0.06770677119493484
YOR090C,YDL211C,0,1.4834017,0.29958677291870117,0.28971028327941895,0.06780678033828735
YMR076C,YPR106W,0,1.4832215,0.2992776036262512,0.28971028327941895,0.06790678948163986
YCR088W,YDR233C,1,1.4831403,0.30000001192092896,0.2907092869281769,0.06790678948163986
YNL138W,YIL138C,1,1.4825451,0.3007209002971649,0.2917082905769348,0.06790678948163986
YFL005W,YPR034W,0,1.4823387,0.30041152238845825,0.2917082905769348,0.06800679862499237
YER149C,YDR165W,0,1.4820457,0.30010277032852173,0.2917082905769348,0.06810680776834488
YOR034C,YGL196W,0,1.4805944,0.29979467391967773,0.2917082905769348,0.06820682436227798
YCR009C,YEL040W,1,1.4802622,0.30051282048225403,0.29270729422569275,0.06820682436227798
YGR059W,YLR314C,1,1.4801128,0.3012295067310333,0.2937062978744507,0.06820682436227798
YGR178C,YER143W,0,1.4785662,0.3009212017059326,0.2937062978744507,0.0683068335056305
YNL020C,YLR293C,0,1.4781284,0.30061349272727966,0.2937062978744507,0.068406842648983
YNL106C,YLL050C,1,1.477678,0.3013278841972351,0.2947053015232086,0.068406842648983
YDR468C,YGR224W,0,1.4774332,0.30102041363716125,0.2947053015232086,0.06850685179233551
YKL155C,YKL058W,0,1.4771848,0.30071356892585754,0.2947053015232086,0.06860686093568802
YIL120W,YGL139W,0,1.4757185,0.3004073202610016,0.2947053015232086,0.06870687007904053
YER093C,YBR112C,0,1.474403,0.30010172724723816,0.2947053015232086,0.06880687922239304
YOR109W,YHR107C,1,1.4743254,0.3008130192756653,0.29570430517196655,0.06880687922239304
YGR005C,YCR044C,0,1.4733211,0.3005076050758362,0.29570430517196655,0.06890688836574554
YDR409W,YPL242C,1,1.4732344,0.30121704936027527,0.2967033088207245,0.06890688836574554
YJR153W,YPR007C,0,1.4731321,0.3009118437767029,0.2967033088207245,0.06900689750909805
YBL056W,YCR035C,0,1.4728339,0.300607293844223,0.2967033088207245,0.06910691410303116
YMR286W,YER041W,0,1.4720644,0.3003033399581909,0.2967033088207245,0.06920692324638367
YOR241W,YDL076C,0,1.4719641,0.30000001192092896,0.2967033088207245,0.06930693238973618
YOR018W,YIL107C,0,1.4714704,0.29969727993011475,0.2967033088207245,0.06940694153308868
YPL100W,YKL192C,0,1.4714521,0.2993951737880707,0.2967033088207245,0.06950695067644119
YJR125C,YBR102C,1,1.470858,0.300100713968277,0.2977023124694824,0.06950695067644119
YBR065C,YLR181C,0,1.4707797,0.29979878664016724,0.2977023124694824,0.0696069598197937
YNL243W,YMR032W,1,1.4705949,0.3005025088787079,0.29870128631591797,0.0696069598197937
YNL031C,YDR213W,0,1.4699779,0.30020079016685486,0.29870128631591797,0.06970696896314621
YPL209C,YDR435C,0,1.4685092,0.299899697303772,0.29870128631591797,0.06980697810649872
YPL225W,YER081W,0,1.467191,0.29959920048713684,0.29870128631591797,0.06990698724985123
YAL002W,YKR085C,0,1.4670765,0.29929929971694946,0.29870128631591797,0.07000700384378433
YKL048C,YOR367W,1,1.4667908,0.30000001192092896,0.2997002899646759,0.07000700384378433
YPR171W,YLR342W,1,1.4650714,0.30069929361343384,0.30069929361343384,0.07000700384378433
YDR490C,YHR024C,0,1.4641745,0.30039921402931213,0.30069929361343384,0.07010701298713684
YDR409W,YBL047C,1,1.4623135,0.30109670758247375,0.3016982972621918,0.07010701298713684
YMR063W,YPR055W,0,1.4609294,0.3007968068122864,0.3016982972621918,0.07020702213048935
YJR090C,YDL204W,1,1.4605978,0.3014925420284271,0.3026973009109497,0.07020702213048935
YJL013C,YKL080W,0,1.4600358,0.30119284987449646,0.3026973009109497,0.07030703127384186
YNR059W,YPL063W,0,1.4598544,0.30089375376701355,0.3026973009109497,0.07040704041719437
YNL079C,YDR166C,1,1.459322,0.30158731341362,0.30369630455970764,0.07040704041719437
YNL286W,YBR112C,0,1.4576511,0.3012883961200714,0.30369630455970764,0.07050704956054688
YOR266W,YLR247C,0,1.457221,0.30099010467529297,0.30369630455970764,0.07060705870389938
YBL008W,YOR259C,0,1.4567947,0.3006923794746399,0.30369630455970764,0.07070706784725189
YIR006C,YBR102C,1,1.4567626,0.3013834059238434,0.3046953082084656,0.07070706784725189
YDR407C,YOR195W,0,1.4561954,0.301085889339447,0.3046953082084656,0.0708070769906044
YDR028C,YOR103C,0,1.4552201,0.3007889688014984,0.3046953082084656,0.0709070935845375
YNL167C,YER139C,0,1.4537618,0.30049261450767517,0.3046953082084656,0.07100710272789001
YIL159W,YJL085W,1,1.4534,0.3011811077594757,0.3056943118572235,0.07100710272789001
YNL243W,YOR181W,1,1.4532018,0.3018682301044464,0.30669331550598145,0.07100710272789001
YLR166C,YDR388W,1,1.4531131,0.30255404114723206,0.3076923191547394,0.07100710272789001
YJR035W,YDL119C,0,1.4530532,0.30225712060928345,0.3076923191547394,0.07110711187124252
YBL091C,YLR466W,0,1.4529972,0.3019607961177826,0.3076923191547394,0.07120712101459503
YHR006W,YDR350C,0,1.4512117,0.3016650378704071,0.3076923191547394,0.07130713015794754
YDL124W,YDR087C,0,1.4512019,0.30136987566947937,0.3076923191547394,0.07140713930130005
YOR329C,YBL007C,1,1.4508629,0.3020527958869934,0.3086913228034973,0.07140713930130005
YDR409W,YMR092C,1,1.4508615,0.302734375,0.30969029664993286,0.07140713930130005
YJL181W,YLR352W,0,1.450423,0.30243903398513794,0.30969029664993286,0.07150714844465256
YLR039C,YMR226C,0,1.4498895,0.30214425921440125,0.30969029664993286,0.07160715758800507
YOR191W,YOR177C,0,1.4482273,0.3018500506877899,0.30969029664993286,0.07170717418193817
YLR429W,YPL074W,1,1.4472275,0.3025291860103607,0.3106893002986908,0.07170717418193817
YOR267C,YPR057W,0,1.4471332,0.3022351861000061,0.3106893002986908,0.07180718332529068
YJR131W,YML055W,0,1.446852,0.30194175243377686,0.3106893002986908,0.07190719246864319
YDR200C,YHR080C,0,1.4467533,0.301648885011673,0.3106893002986908,0.0720072016119957
YNL130C,YLR363C,0,1.446235,0.30135658383369446,0.3106893002986908,0.0721072107553482
YDL230W,YLR060W,0,1.4458826,0.3010648488998413,0.3106893002986908,0.07220721989870071
YLR037C,YNR019W,0,1.4445089,0.3007736802101135,0.3106893002986908,0.07230722904205322
YNL250W,YGL129C,0,1.4441283,0.3004830777645111,0.3106893002986908,0.07240723818540573
YFL049W,YBL031W,0,1.4437435,0.30019304156303406,0.3106893002986908,0.07250724732875824
YMR092C,YPL074W,1,1.4432998,0.30086788535118103,0.31168830394744873,0.07250724732875824
YML086C,YIL173W,0,1.4426279,0.3005780279636383,0.31168830394744873,0.07260726392269135
YDR129C,YOR068C,0,1.4420347,0.30028873682022095,0.31168830394744873,0.07270727306604385
YFR050C,YHL050C,0,1.4418473,0.30000001192092896,0.31168830394744873,0.07280728220939636
YDL235C,YBR168W,0,1.4406526,0.29971182346343994,0.31168830394744873,0.07290729135274887
YDR212W,YDR235W,0,1.4394202,0.2994241714477539,0.31168830394744873,0.07300730049610138
YFL011W,YML047C,0,1.4388585,0.2991371154785156,0.31168830394744873,0.07310730963945389
YIL034C,YBL061C,1,1.4387696,0.29980844259262085,0.31268730759620667,0.07310730963945389
YMR059W,YBR149W,0,1.4386103,0.2995215356349945,0.31268730759620667,0.0732073187828064
YGR099W,YGR205W,0,1.4384133,0.29923519492149353,0.31268730759620667,0.0733073279261589
YNL084C,YBL007C,1,1.4346057,0.2999044954776764,0.3136863112449646,0.0733073279261589
YLR166C,YDR409W,1,1.4341571,0.3005725145339966,0.31468531489372253,0.0733073279261589
YBL087C,YAL015C,0,1.4341497,0.3002859950065613,0.31468531489372253,0.07340733706951141
YOR090C,YMR158W,0,1.4341435,0.30000001192092896,0.31468531489372253,0.07350735366344452
YLR284C,YGL105W,0,1.4340601,0.2997145652770996,0.31468531489372253,0.07360736280679703
YPR097W,YPL040C,0,1.4339199,0.29942965507507324,0.31468531489372253,0.07370737195014954
YBR130C,YIL140W,1,1.4336317,0.30009496212005615,0.31568431854248047,0.07370737195014954
YMR226C,YJL083W,0,1.433241,0.2998102605342865,0.31568431854248047,0.07380738109350204
YGR080W,YGR198W,1,1.4327457,0.3004739284515381,0.3166833221912384,0.07380738109350204
YOL009C,YBR065C,0,1.4323014,0.30018940567970276,0.3166833221912384,0.07390739023685455
YLR190W,YEL051W,0,1.4314713,0.299905389547348,0.3166833221912384,0.07400739938020706
YJL162C,YAL028W,0,1.4313543,0.29962193965911865,0.3166833221912384,0.07410740852355957
YDR388W,YMR032W,1,1.4308488,0.300283282995224,0.31768232583999634,0.07410740852355957
YCL044C,YDR438W,0,1.4307634,0.30000001192092896,0.31768232583999634,0.07420741766691208
YJL186W,YNL294C,0,1.4300344,0.2997172474861145,0.31768232583999634,0.07430743426084518
YPR055W,YJR096W,0,1.428885,0.299435019493103,0.31768232583999634,0.07440744340419769
YOR320C,YER123W,0,1.4287094,0.29915332794189453,0.31768232583999634,0.0745074525475502
YIL087C,YDR397C,0,1.4273431,0.298872172832489,0.31768232583999634,0.07460746169090271
YDL161W,YIL140W,1,1.4264303,0.2995305061340332,0.3186813294887543,0.07460746169090271
YCR091W,YDL087C,0,1.4261541,0.299249529838562,0.3186813294887543,0.07470747083425522
YGL194C,YMR183C,0,1.4260929,0.2989690601825714,0.3186813294887543,0.07480747997760773
YKR064W,YNL173C,0,1.4258451,0.2986891269683838,0.3186813294887543,0.07490748912096024
YKL054C,YOR113W,0,1.4257966,0.29840973019599915,0.3186813294887543,0.07500749826431274
YHR154W,YNL246W,0,1.4254808,0.2981308400630951,0.3186813294887543,0.07510750740766525
YNL084C,YLR206W,1,1.4253559,0.2987861931324005,0.3196803331375122,0.07510750740766525
YJR076C,YOR008C,1,1.4253498,0.29944029450416565,0.32067930698394775,0.07510750740766525
YLR319C,YOR109W,1,1.4252396,0.3000932037830353,0.3216783106327057,0.07510750740766525
YPL242C,YIL138C,1,1.4243319,0.300744891166687,0.3226773142814636,0.07510750740766525
YDR381W,YOL059W,0,1.4237859,0.30046510696411133,0.3226773142814636,0.07520752400159836
YDR189W,YOR026W,0,1.4232874,0.3001858592033386,0.3226773142814636,0.07530753314495087
YDR204W,YDR399W,0,1.4229431,0.2999071478843689,0.3226773142814636,0.07540754228830338
YKL079W,YJL083W,0,1.4222062,0.29962894320487976,0.3226773142814636,0.07550755143165588
YGL005C,YDL046W,0,1.4219725,0.2993512451648712,0.3226773142814636,0.07560756057500839
YOR158W,YOL095C,0,1.4219319,0.29907408356666565,0.3226773142814636,0.0757075697183609
YNL199C,YER177W,0,1.4211507,0.2987973988056183,0.3226773142814636,0.07580757886171341
YLR039C,YOR320C,0,1.4211495,0.2985212504863739,0.3226773142814636,0.07590758800506592
YFR024C-A,YOL135C,0,1.4203284,0.2982456088066101,0.3226773142814636,0.07600759714841843
YOL122C,YGL018C,0,1.4196739,0.2979704737663269,0.3226773142814636,0.07610761374235153
YKL045W,YNR059W,0,1.4189208,0.2976958453655243,0.3226773142814636,0.07620762288570404
YMR009W,YBR015C,0,1.4186277,0.29742172360420227,0.3226773142814636,0.07630763202905655
YDR092W,YGL115W,0,1.4183831,0.29714810848236084,0.3226773142814636,0.07640764117240906
YCR036W,YOL051W,0,1.4178371,0.296875,0.3226773142814636,0.07650765031576157
YGR198W,YER008C,1,1.4176255,0.2975206673145294,0.32367631793022156,0.07650765031576157
YEL018W,YML057W,0,1.4172049,0.2972477078437805,0.32367631793022156,0.07660765945911407
YPR055W,YPL074W,1,1.4171376,0.29789185523986816,0.3246753215789795,0.07660765945911407
YNL183C,YLR190W,0,1.4162555,0.2976190447807312,0.3246753215789795,0.07670766860246658
YMR286W,YJR096W,0,1.416182,0.29734674096107483,0.3246753215789795,0.07680767774581909
YDR189W,YHR103W,0,1.4157251,0.29707494378089905,0.3246753215789795,0.0769076943397522
YNL271C,YIL138C,1,1.4154176,0.29771688580513,0.3256743252277374,0.0769076943397522
YEL001C,YHR073W,0,1.415142,0.29744526743888855,0.3256743252277374,0.0770077034831047
YDR386W,YER178W,0,1.4141695,0.2971741259098053,0.3256743252277374,0.07710771262645721
YOR109W,YNL166C,1,1.4138173,0.2978142201900482,0.32667332887649536,0.07710771262645721
YNL020C,YLR432W,0,1.4137763,0.2975432276725769,0.32667332887649536,0.07720772176980972
YGR059W,YIL159W,1,1.4135926,0.29818183183670044,0.3276723325252533,0.07720772176980972
YLL006W,YGR253C,0,1.4128114,0.29791098833084106,0.3276723325252533,0.07730773091316223
YKL197C,YPL006W,0,1.4126705,0.2976406514644623,0.3276723325252533,0.07740774005651474
YER033C,YOR109W,0,1.4126607,0.2973708212375641,0.3276723325252533,0.07750774919986725
YDR510W,YOR181W,1,1.4120692,0.2980072498321533,0.32867133617401123,0.07750774919986725
YHR073W,YCL051W,0,1.4105604,0.29773756861686707,0.32867133617401123,0.07760775834321976
YML133C,YBR094W,0,1.408723,0.297468364238739,0.32867133617401123,0.07770776748657227
YNL138W,YLR313C,1,1.4079206,0.2981029748916626,0.32967033982276917,0.07770776748657227
YJL162C,YKR083C,0,1.4072965,0.29783394932746887,0.32967033982276917,0.07780778408050537
YPL262W,YHL006C,0,1.4066994,0.29756537079811096,0.32967033982276917,0.07790779322385788
YGR129W,YOR195W,0,1.4054134,0.29729729890823364,0.32967033982276917,0.07800780236721039
YNL317W,YKL006W,0,1.4046671,0.2970297038555145,0.32967033982276917,0.0781078115105629
YNL020C,YML052W,1,1.4041969,0.2976618707180023,0.3306693434715271,0.0781078115105629
YGR205W,YMR183C,0,1.4041047,0.29739442467689514,0.3306693434715271,0.0782078206539154
YER063W,YKL060C,0,1.4034063,0.29712745547294617,0.3306693434715271,0.07830782979726791
YFR016C,YDR289C,0,1.4029052,0.2968609929084778,0.3306693434715271,0.07840783894062042
YHR090C,YDR259C,0,1.4026375,0.2965949773788452,0.3306693434715271,0.07850784808397293
YAL015C,YHR154W,0,1.4020145,0.29632946848869324,0.3306693434715271,0.07860785722732544
YIR006C,YKL007W,1,1.4018701,0.296958863735199,0.33166831731796265,0.07860785722732544
YBR054W,YMR207C,0,1.4018059,0.29669347405433655,0.33166831731796265,0.07870787382125854
YNL173C,YMR035W,0,1.401216,0.2964285612106323,0.33166831731796265,0.07880788296461105
YNL298W,YLR337C,1,1.4011685,0.2970561981201172,0.3326673209667206,0.07880788296461105
YCR086W,YDR041W,0,1.4007723,0.2967914342880249,0.3326673209667206,0.07890789210796356
YER123W,YDR301W,0,1.399606,0.2965271472930908,0.3326673209667206,0.07900790125131607
YDR201W,YPL161C,0,1.399517,0.29626333713531494,0.3326673209667206,0.07910791039466858
YMR032W,YBR102C,1,1.399293,0.29688888788223267,0.3336663246154785,0.07910791039466858
YOR177C,YNL118C,0,1.3981447,0.2966252267360687,0.3336663246154785,0.07920791953802109
YOR171C,YGL233W,1,1.3979387,0.29724934697151184,0.33466532826423645,0.07920791953802109
YBL007C,YLR288C,0,1.3979299,0.29698580503463745,0.33466532826423645,0.0793079286813736
YKL150W,YLR288C,0,1.3977177,0.29672276973724365,0.33466532826423645,0.0794079378247261
YPL116W,YDR176W,0,1.3974757,0.29646018147468567,0.33466532826423645,0.07950795441865921
YOL012C,YHR090C,0,1.3972679,0.2961980402469635,0.33466532826423645,0.07960796356201172
YGL181W,YCR002C,1,1.3968484,0.2968197762966156,0.3356643319129944,0.07960796356201172
YNL298W,YCR088W,1,1.3968091,0.29744040966033936,0.3366633355617523,0.07960796356201172
YDR323C,YDL220C,0,1.3966944,0.29717811942100525,0.3366633355617523,0.07970797270536423
YGL067W,YGR004W,0,1.3955574,0.29691630601882935,0.3366633355617523,0.07980798184871674
YNL045W,YMR220W,0,1.3955333,0.29665493965148926,0.3366633355617523,0.07990799099206924
YOL009C,YDR386W,0,1.3951117,0.296394020318985,0.3366633355617523,0.08000800013542175
YGR178C,YPL097W,0,1.3950707,0.2961335778236389,0.3366633355617523,0.08010800927877426
YML057W,YKL099C,0,1.394351,0.29587358236312866,0.3366633355617523,0.08020801842212677
YGR170W,YLR288C,0,1.3937403,0.2956140339374542,0.3366633355617523,0.08030802756547928
YGR120C,YPR141C,0,1.393633,0.295354962348938,0.3366633355617523,0.08040804415941238
YPL209C,YPR007C,0,1.3932165,0.2950963079929352,0.3366633355617523,0.08050805330276489
YJL058C,YCL054W,0,1.3910633,0.2948381304740906,0.3366633355617523,0.0806080624461174
YDR325W,YBR119W,0,1.3903804,0.2945804297924042,0.3366633355617523,0.08070807158946991
YPL169C,YML076C,0,1.3895023,0.2943231463432312,0.3366633355617523,0.08080808073282242
YPR171W,YJR092W,1,1.3892745,0.29493892192840576,0.33766233921051025,0.08080808073282242
YOR193W,YDR301W,0,1.38881,0.2946817874908447,0.33766233921051025,0.08090808987617493
YHR016C,YJL085W,1,1.3882627,0.29529616236686707,0.3386613428592682,0.08090808987617493
YER139C,YKL196C,0,1.38727,0.29503917694091797,0.3386613428592682,0.08100809901952744
YER031C,YOR357C,0,1.3870925,0.2947826087474823,0.3386613428592682,0.08110810816287994
YNL079C,YLR319C,1,1.3870466,0.2953953146934509,0.3396603465080261,0.08110810816287994
YEL051W,YGL127C,0,1.386853,0.2951388955116272,0.3396603465080261,0.08120811730623245
YOL098C,YPR068C,0,1.3868384,0.2948829233646393,0.3396603465080261,0.08130813390016556
YAL048C,YNL063W,0,1.386292,0.2946273684501648,0.3396603465080261,0.08140814304351807
YOR158W,YGL085W,0,1.3860486,0.2943722903728485,0.3396603465080261,0.08150815218687057
YJR120W,YHL025W,0,1.3858719,0.29411765933036804,0.3396603465080261,0.08160816133022308
YCR009C,YHR149C,1,1.3856997,0.29472774267196655,0.34065935015678406,0.08160816133022308
YDR092W,YGR208W,0,1.3851151,0.29447323083877563,0.34065935015678406,0.08170817047357559
YLL066C,YML096W,0,1.383763,0.29421916604042053,0.34065935015678406,0.0818081796169281
YPL203W,YNL317W,0,1.3830059,0.29396551847457886,0.34065935015678406,0.08190818876028061
YER062C,YMR074C,0,1.3822727,0.293712317943573,0.34065935015678406,0.08200819790363312
YOL098C,YPL168W,0,1.3810735,0.29345956444740295,0.34065935015678406,0.08210821449756622
YLR045C,YBL047C,1,1.380816,0.29406705498695374,0.341658353805542,0.08210821449756622
YOL059W,YPL254W,0,1.3807228,0.29381442070007324,0.341658353805542,0.08220822364091873
YPL105C,YDR301W,0,1.3804142,0.29356223344802856,0.341658353805542,0.08230823278427124
YFR016C,YFL049W,0,1.3803542,0.2933104634284973,0.341658353805542,0.08240824192762375
YOR189W,YNL233W,0,1.3799548,0.2930591404438019,0.341658353805542,0.08250825107097626
YML067C,YKR093W,0,1.3798693,0.2928082048892975,0.341658353805542,0.08260826021432877
YOR090C,YER033C,0,1.3798671,0.2925577461719513,0.341658353805542,0.08270826935768127
YML092C,YDR168W,0,1.3798487,0.29230770468711853,0.341658353805542,0.08280827850103378
YHR204W,YNR055C,0,1.379562,0.2920580804347992,0.341658353805542,0.08290828764438629
YBL051C,YCL048W,0,1.3793964,0.2918088734149933,0.341658353805542,0.0830083042383194
YDR150W,YPL058C,0,1.3780973,0.2915601134300232,0.341658353805542,0.0831083133816719
YJR092W,YIL138C,1,1.3780295,0.29216355085372925,0.3426573574542999,0.0831083133816719
YPL116W,YOR109W,0,1.3779945,0.2919148802757263,0.3426573574542999,0.08320832252502441
YKL197C,YER081W,0,1.377501,0.2916666567325592,0.3426573574542999,0.08330833166837692
YNL045W,YLR052W,0,1.3757032,0.2914188504219055,0.3426573574542999,0.08340834081172943
YJR090C,YOR367W,1,1.3753872,0.29202038049697876,0.3436563313007355,0.08340834081172943
YPR105C,YFR025C,0,1.3753533,0.2917726933956146,0.3436563313007355,0.08350834995508194
YPL140C,YHR138C,0,1.3750912,0.2915254235267639,0.3436563313007355,0.08360835909843445
YLR429W,YOR181W,1,1.3743546,0.29212531447410583,0.3446553349494934,0.08360835909843445
YMR225C,YCR044C,0,1.3737416,0.2918781638145447,0.3446553349494934,0.08370836824178696
YOR157C,YCL035C,0,1.3735206,0.29163146018981934,0.3446553349494934,0.08380837738513947
YKL039W,YHL006C,0,1.3730519,0.29138514399528503,0.3446553349494934,0.08390839397907257
YER176W,YKL197C,0,1.3723934,0.29113924503326416,0.3446553349494934,0.08400840312242508
YGR224W,YOR059C,0,1.3713601,0.2908937633037567,0.3446553349494934,0.08410841226577759
YDL225W,YHR023W,1,1.370993,0.29149115085601807,0.34565433859825134,0.08410841226577759
YDR092W,YKR083C,0,1.3703659,0.29124578833580017,0.34565433859825134,0.0842084214091301
YDL113C,YMR237W,0,1.3701881,0.2910008430480957,0.34565433859825134,0.0843084305524826
YBL056W,YMR234W,0,1.3701756,0.29075631499290466,0.34565433859825134,0.08440843969583511
YCL064C,YLR115W,0,1.3700349,0.29051217436790466,0.34565433859825134,0.08450844883918762
YHR161C,YNL094W,1,1.3700325,0.2911073863506317,0.3466533422470093,0.08450844883918762
YDR490C,YDR386W,0,1.3696815,0.29086336493492126,0.3466533422470093,0.08460845798254013
YGL142C,YML061C,0,1.3694603,0.29061976075172424,0.3466533422470093,0.08470846712589264
YMR110C,YNL164C,0,1.3693763,0.29037657380104065,0.3466533422470093,0.08480848371982574
YOR049C,YHR118C,0,1.36884,0.2901337742805481,0.3466533422470093,0.08490849286317825
YBL007C,YHR107C,1,1.3682954,0.29072681069374084,0.3476523458957672,0.08490849286317825
YHR103W,YOR227W,0,1.3681197,0.29048413038253784,0.3476523458957672,0.08500850200653076
YGL067W,YLR058C,0,1.3679562,0.29024186730384827,0.3476523458957672,0.08510851114988327
YDR397C,YNL246W,0,1.3673954,0.28999999165534973,0.3476523458957672,0.08520852029323578
YIL159W,YFL039C,1,1.3673613,0.29059118032455444,0.34865134954452515,0.08520852029323578
YNL025C,YKL080W,0,1.3670828,0.29034942388534546,0.34865134954452515,0.08530852943658829
YBR181C,YOR132W,0,1.3668122,0.2901080548763275,0.34865134954452515,0.0854085385799408
YKL194C,YJL197W,0,1.366795,0.289867103099823,0.34865134954452515,0.0855085477232933
YAL015C,YPL117C,0,1.3663251,0.2896265685558319,0.34865134954452515,0.08560856431722641
YOR358W,YCL048W,0,1.3661261,0.2893863916397095,0.34865134954452515,0.08570857346057892
YBR107C,YBR268W,0,1.3659575,0.28914663195610046,0.34865134954452515,0.08580858260393143
YNL250W,YDR301W,0,1.3656518,0.2889072895050049,0.34865134954452515,0.08590859174728394
YDL154W,YNL081C,0,1.3652973,0.28866833448410034,0.34865134954452515,0.08600860089063644
YHL031C,YDR105C,0,1.363521,0.28842976689338684,0.34865134954452515,0.08610861003398895
YNL056W,YFL049W,0,1.3633873,0.2881915867328644,0.34865134954452515,0.08620861917734146
YNL137C,YHR014W,0,1.3626688,0.28795379400253296,0.34865134954452515,0.08630862832069397
YLR342W,YMR092C,1,1.3618056,0.2885408103466034,0.3496503531932831,0.08630862832069397
YNL233W,YPR003C,0,1.3610066,0.2883031368255615,0.3496503531932831,0.08640863746404648
YPL138C,YOR156C,0,1.3604403,0.2880658507347107,0.3496503531932831,0.08650865405797958
YDR201W,YCL044C,0,1.3602958,0.2878289520740509,0.3496503531932831,0.08660866320133209
YOR090C,YBL014C,0,1.3595979,0.28759244084358215,0.3496503531932831,0.0867086723446846
YOR122C,YDR379W,1,1.3588736,0.28817734122276306,0.350649356842041,0.0867086723446846
YDR325W,YER040W,0,1.3583779,0.28794094920158386,0.350649356842041,0.08680868148803711
YKL054C,YGL018C,0,1.3580172,0.2877049148082733,0.350649356842041,0.08690869063138962
YHR103W,YKR072C,0,1.3579265,0.2874692976474762,0.350649356842041,0.08700869977474213
YGR024C,YKL005C,0,1.357853,0.28723403811454773,0.350649356842041,0.08710870891809464
YDR513W,YPL168W,0,1.357441,0.2869991958141327,0.350649356842041,0.08720871806144714
YGR204W,YHR035W,0,1.3570985,0.2867647111415863,0.350649356842041,0.08730872720479965
YBR094W,YPR141C,0,1.3561693,0.28653061389923096,0.350649356842041,0.08740874379873276
YOR334W,YBR131W,0,1.3555503,0.28629690408706665,0.350649356842041,0.08750875294208527
YNL199C,YGR044C,0,1.355488,0.2860635817050934,0.350649356842041,0.08760876208543777
YKR007W,YCR038C,0,1.355428,0.28583061695098877,0.350649356842041,0.08770877122879028
YKL016C,YCR105W,0,1.3553534,0.2855980396270752,0.350649356842041,0.08780878037214279
YDR092W,YHR201C,0,1.3545272,0.28536584973335266,0.350649356842041,0.0879087895154953
YDR233C,YIL140W,1,1.354243,0.28594639897346497,0.35164836049079895,0.0879087895154953
YDR500C,YJL013C,0,1.3540602,0.2857142984867096,0.35164836049079895,0.08800879865884781
YMR059W,YBR045C,0,1.3539348,0.2854825556278229,0.35164836049079895,0.08810880780220032
YOR329C,YLR337C,1,1.3539093,0.2860615849494934,0.3526473641395569,0.08810880780220032
YDR325W,YNL041C,0,1.3533288,0.28582996129989624,0.3526473641395569,0.08820882439613342
YIL005W,YNR037C,0,1.352445,0.2855986952781677,0.3526473641395569,0.08830883353948593
YPL209C,YEL027W,0,1.3521786,0.28536781668663025,0.3526473641395569,0.08840884268283844
YGL025C,YDR328C,0,1.3518832,0.2851373255252838,0.3526473641395569,0.08850885182619095
YLR248W,YFR038W,0,1.3517531,0.28490719199180603,0.3526473641395569,0.08860886096954346
YDR367W,YLR324W,0,1.3516474,0.2846774160861969,0.3526473641395569,0.08870887011289597
YLL021W,YFL039C,1,1.3512843,0.2852538228034973,0.3536463677883148,0.08870887011289597
YLL021W,YGL233W,1,1.3503368,0.2858293056488037,0.35464534163475037,0.08870887011289597
YOL069W,YHR194W,0,1.3501534,0.28559935092926025,0.35464534163475037,0.08880887925624847
YIL036W,YDR301W,0,1.3501172,0.28536978363990784,0.35464534163475037,0.08890888839960098
YJR052W,YDR438W,0,1.3500552,0.2851405739784241,0.35464534163475037,0.08900889754295349
YBL087C,YDR284C,0,1.3500099,0.28491172194480896,0.35464534163475037,0.0891089141368866
YPR068C,YDR179C,0,1.3498162,0.2846832275390625,0.35464534163475037,0.0892089232802391
YFR024C-A,YLR404W,1,1.3494258,0.28525641560554504,0.3556443452835083,0.0892089232802391
YOR008C,YBR102C,1,1.3489519,0.2858286499977112,0.35664334893226624,0.0892089232802391
YKL048C,YDL161W,1,1.3483093,0.2863999903202057,0.35764235258102417,0.0892089232802391
YOR372C,YPR148C,0,1.3482752,0.2861710488796234,0.35764235258102417,0.08930893242359161
YHR114W,YCL034W,1,1.3471309,0.2867412269115448,0.3586413562297821,0.08930893242359161
YDR129C,YKL007W,1,1.3468494,0.2873104512691498,0.35964035987854004,0.08930893242359161
YDL093W,YMR149W,0,1.3466012,0.2870813310146332,0.35964035987854004,0.08940894156694412
YBR260C,YHR023W,1,1.3465452,0.28764939308166504,0.360639363527298,0.08940894156694412
YJR076C,YMR032W,1,1.346389,0.28821656107902527,0.3616383671760559,0.08940894156694412
YMR313C,YHL015W,0,1.3459866,0.28798726201057434,0.3616383671760559,0.08950895071029663
YPL133C,YNL068C,0,1.345777,0.28775835037231445,0.3616383671760559,0.08960895985364914
YER014W,YPL161C,0,1.345306,0.2875297963619232,0.3616383671760559,0.08970896899700165
YHR204W,YOL051W,0,1.3451054,0.28730159997940063,0.3616383671760559,0.08980897814035416
YMR192W,YOL076W,0,1.3450159,0.2870737612247467,0.3616383671760559,0.08990898728370667
YDR367W,YBR153W,0,1.3449614,0.2868462800979614,0.3616383671760559,0.09000900387763977
YLR429W,YLR337C,1,1.3444859,0.2874109148979187,0.36263737082481384,0.09000900387763977
YGR181W,YPR007C,0,1.3443694,0.287183552980423,0.36263737082481384,0.09010901302099228
YGL025C,YNL221C,0,1.3438736,0.2869565188884735,0.36263737082481384,0.09020902216434479
YMR076C,YLR247C,0,1.3434106,0.2867298722267151,0.36263737082481384,0.0903090313076973
YGR017W,YIL173W,0,1.342431,0.28650355339050293,0.36263737082481384,0.0904090404510498
YFL025C,YGR083C,0,1.3418036,0.2862775921821594,0.36263737082481384,0.09050904959440231
YJR076C,YLR337C,1,1.3414989,0.28684002161026,0.3636363744735718,0.09050904959440231
YML059C,YMR001C,0,1.3401704,0.28661417961120605,0.3636363744735718,0.09060905873775482
YNL020C,YKL129C,1,1.3398094,0.2871754467487335,0.3646353781223297,0.09060905873775482
YDL247W,YGL238W,0,1.3392808,0.28694969415664673,0.3646353781223297,0.09070906788110733
YDR213W,YDR438W,0,1.3386884,0.2867242693901062,0.3646353781223297,0.09080908447504044
YOR156C,YDR039C,0,1.3386663,0.2864992022514343,0.3646353781223297,0.09090909361839294
YBL047C,YGL049C,0,1.3382723,0.2862745225429535,0.3646353781223297,0.09100910276174545
YGL181W,YIL140W,1,1.3381162,0.28683385252952576,0.36563435196876526,0.09100910276174545
YOR250C,YER167W,0,1.3374522,0.2866092324256897,0.36563435196876526,0.09110911190509796
YOR249C,YDL123W,0,1.3369174,0.2863849699497223,0.36563435196876526,0.09120912104845047
YLR248W,YGL049C,0,1.3368418,0.28616106510162354,0.36563435196876526,0.09130913019180298
YDR098C,YPL225W,0,1.3367698,0.28593748807907104,0.36563435196876526,0.09140913933515549
YPR095C,YKL196C,0,1.3359137,0.2857142984867096,0.36563435196876526,0.091509148478508
YIL036W,YGR024C,0,1.3358891,0.285491406917572,0.36563435196876526,0.0916091576218605
YDR468C,YPL161C,0,1.3355469,0.2852689027786255,0.36563435196876526,0.09170917421579361
YNL183C,YLR092W,0,1.3350917,0.2850467264652252,0.36563435196876526,0.09180918335914612
YGR212W,YKL185W,0,1.33496,0.2848249077796936,0.36563435196876526,0.09190919250249863
YDL204W,YOR367W,1,1.3341953,0.285381019115448,0.3666333556175232,0.09190919250249863
YLR167W,YFL005W,0,1.3330328,0.28515928983688354,0.3666333556175232,0.09200920164585114
YNL106C,YNL243W,1,1.3326539,0.2857142984867096,0.36763235926628113,0.09200920164585114
YJL110C,YOL023W,0,1.332372,0.2854926288127899,0.36763235926628113,0.09210921078920364
YNL138W,YOR127W,1,1.3318688,0.28604650497436523,0.36863136291503906,0.09210921078920364
YKL032C,YFR034C,0,1.331671,0.2858249545097351,0.36863136291503906,0.09220921993255615
YLL048C,YBL051C,0,1.3296905,0.28560370206832886,0.36863136291503906,0.09230922907590866
YLR239C,YJL013C,0,1.3262651,0.28538283705711365,0.36863136291503906,0.09240923821926117
YCR036W,YDR176W,0,1.325866,0.2851622998714447,0.36863136291503906,0.09250924736261368
YER062C,YDR023W,0,1.3257616,0.284942090511322,0.36863136291503906,0.09260926395654678
YER142C,YLR039C,0,1.3254383,0.2847222089767456,0.36863136291503906,0.09270927309989929
YGR204W,YDR301W,0,1.3253014,0.28450268507003784,0.36863136291503906,0.0928092822432518
YKL032C,YMR001C,0,1.3238692,0.28428351879119873,0.36863136291503906,0.09290929138660431
YBR279W,YBR169C,0,1.3235888,0.2840646505355835,0.36863136291503906,0.09300930052995682
YDR023W,YGR122W,0,1.3234451,0.2838461399078369,0.36863136291503906,0.09310930967330933
YGR198W,YFL005W,1,1.3214221,0.28439661860466003,0.369630366563797,0.09310930967330933
YMR275C,YHR110W,0,1.3202204,0.2841781973838806,0.369630366563797,0.09320931881666183
YDL154W,YLL021W,0,1.3199973,0.28396010398864746,0.369630366563797,0.09330932796001434
YCR086W,YCL067C,0,1.3195637,0.28374233841896057,0.369630366563797,0.09340934455394745
YOR329C,YBL061C,1,1.3192444,0.28429117798805237,0.37062937021255493,0.09340934455394745
YLL066C,YCR036W,0,1.3190265,0.28407350182533264,0.37062937021255493,0.09350935369729996
YDR287W,YBR162W-A,0,1.3188432,0.2838561534881592,0.37062937021255493,0.09360936284065247
YHR009C,YKR052C,0,1.3183969,0.283639132976532,0.37062937021255493,0.09370937198400497
YNL173C,YOR109W,0,1.3181332,0.28342247009277344,0.37062937021255493,0.09380938112735748
YER062C,YDL211C,0,1.3176856,0.28320610523223877,0.37062937021255493,0.09390939027070999
YML067C,YDR386W,0,1.3176851,0.28299009799957275,0.37062937021255493,0.0940093994140625
YLR200W,YER178W,0,1.317334,0.2827743887901306,0.37062937021255493,0.09410940855741501
YPL133C,YCL067C,0,1.3162143,0.28255903720855713,0.37062937021255493,0.09420941770076752
YGL053W,YOL051W,0,1.3159305,0.2823439836502075,0.37062937021255493,0.09430943429470062
YDL154W,YER005W,0,1.3158476,0.28212928771972656,0.37062937021255493,0.09440944343805313
YLR284C,YKL099C,0,1.3156034,0.2819148898124695,0.37062937021255493,0.09450945258140564
YDL240W,YIL062C,0,1.3152459,0.28170084953308105,0.37062937021255493,0.09460946172475815
YDR075W,YAL015C,0,1.3133287,0.2814871072769165,0.37062937021255493,0.09470947086811066
YOR068C,YMR041C,0,1.3126423,0.2812736928462982,0.37062937021255493,0.09480948001146317
YDL105W,YBR003W,0,1.3122096,0.2810606062412262,0.37062937021255493,0.09490948915481567
YOR156C,YGR244C,0,1.3118975,0.28084784746170044,0.37062937021255493,0.09500949829816818
YNL167C,YGL167C,0,1.3116434,0.28063538670539856,0.37062937021255493,0.09510950744152069
YNR048W,YKR088C,0,1.3115289,0.28042328357696533,0.37062937021255493,0.0952095240354538
YCR009C,YCL014W,1,1.3114514,0.28096675872802734,0.37162837386131287,0.0952095240354538
YDR092W,YAL028W,0,1.3110881,0.2807547152042389,0.37162837386131287,0.0953095331788063
YOR090C,YIR004W,0,1.3110869,0.2805429995059967,0.37162837386131287,0.09540954232215881
YKL051W,YOR001W,0,1.3109605,0.2803315818309784,0.37162837386131287,0.09550955146551132
YHR114W,YDL222C,1,1.3101063,0.28087350726127625,0.3726273775100708,0.09550955146551132
YLL018C,YPL075W,0,1.3095796,0.2806621491909027,0.3726273775100708,0.09560956060886383
YGR254W,YJL127C,0,1.3090765,0.28045111894607544,0.3726273775100708,0.09570956975221634
YNL183C,YNL041C,0,1.3090084,0.28024041652679443,0.3726273775100708,0.09580957889556885
YPR095C,YKL002W,0,1.308913,0.2800300419330597,0.3726273775100708,0.09590958803892136
YPR017C,YOR132W,0,1.3086526,0.27981996536254883,0.3726273775100708,0.09600960463285446
YBL056W,YER063W,0,1.3085753,0.27961018681526184,0.3726273775100708,0.09610961377620697
YLR361C,YFR014C,0,1.3084928,0.2794007360935211,0.3726273775100708,0.09620962291955948
YBL007C,YCR002C,1,1.3081305,0.279940128326416,0.37362638115882874,0.09620962291955948
YLR342W,YNL233W,1,1.307488,0.28047868609428406,0.37462538480758667,0.09620962291955948
YER109C,YNL251C,0,1.3071958,0.280269056558609,0.37462538480758667,0.09630963206291199
YLR426W,YPR034W,0,1.3066696,0.2800597548484802,0.37462538480758667,0.0964096412062645
YBR279W,YOR192C,0,1.3060229,0.2798507511615753,0.37462538480758667,0.096509650349617
YGR080W,YNL106C,1,1.3053904,0.2803877592086792,0.3756243884563446,0.096509650349617
YDL124W,YDL117W,0,1.3050399,0.28017884492874146,0.3756243884563446,0.09660965949296951
YAR033W,YLR347C,0,1.3048642,0.2799702286720276,0.3756243884563446,0.09670966863632202
YGR099W,YDR039C,0,1.3046883,0.2797619104385376,0.3756243884563446,0.09680967777967453
YHR009C,YGL049C,0,1.3046262,0.2795538902282715,0.3756243884563446,0.09690969437360764
YML081W,YBR169C,0,1.3043733,0.27934619784355164,0.3756243884563446,0.09700970351696014
YDR386W,YNL036W,0,1.3041469,0.27913883328437805,0.3756243884563446,0.09710971266031265
YDR323C,YDR513W,0,1.3036956,0.27893173694610596,0.3756243884563446,0.09720972180366516
YHR120W,YBL014C,0,1.303474,0.2787249684333801,0.3756243884563446,0.09730973094701767
YEL019C,YKL114C,0,1.3033913,0.27851852774620056,0.3756243884563446,0.09740974009037018
YAL019W,YOR113W,0,1.3032633,0.2783123552799225,0.3756243884563446,0.09750974923372269
YDR190C,YHR014W,0,1.302697,0.2781065106391907,0.3756243884563446,0.0976097583770752
YAR033W,YPL207W,0,1.3016691,0.27790096402168274,0.3756243884563446,0.0977097675204277
YDL113C,YBR131W,0,1.3013282,0.2776957154273987,0.3756243884563446,0.09780978411436081
YNL142W,YPR071W,0,1.2994878,0.2774907648563385,0.3756243884563446,0.09790979325771332
YGR198W,YLR314C,1,1.2994087,0.2780236005783081,0.37662336230278015,0.09790979325771332
YDR379W,YOR181W,1,1.2992363,0.27855563163757324,0.3776223659515381,0.09790979325771332
YOR177C,YOR358W,0,1.2989995,0.27835050225257874,0.3776223659515381,0.09800980240106583
YPL138C,YOL096C,0,1.2982773,0.2781457006931305,0.3776223659515381,0.09810981154441833
YJR117W,YPR095C,0,1.2981672,0.27794116735458374,0.3776223659515381,0.09820982068777084
YAL019W,YDR005C,0,1.2980931,0.27773696184158325,0.3776223659515381,0.09830982983112335
YPR067W,YGL167C,0,1.2977647,0.27753305435180664,0.3776223659515381,0.09840983897447586
YOR081C,YHR006W,0,1.2958428,0.2773294150829315,0.3776223659515381,0.09850984811782837
YFR027W,YLR019W,0,1.2946489,0.27712610363960266,0.3776223659515381,0.09860985726118088
YHR009C,YOL078W,0,1.2939295,0.2769230902194977,0.3776223659515381,0.09870987385511398
YOR087W,YLR200W,0,1.293178,0.2767203450202942,0.3776223659515381,0.09880988299846649
YOL121C,YKL039W,0,1.2927115,0.27651792764663696,0.3776223659515381,0.098909892141819
YDR381W,YJL035C,0,1.2923402,0.2763157784938812,0.3776223659515381,0.09900990128517151
YPL225W,YGR097W,0,1.2913674,0.27611395716667175,0.3776223659515381,0.09910991042852402
YDR092W,YER123W,0,1.2911524,0.27591240406036377,0.3776223659515381,0.09920991957187653
YGR212W,YHL035C,0,1.2908955,0.27571114897727966,0.3776223659515381,0.09930992871522903
YKL054C,YOR227W,0,1.2908833,0.27551019191741943,0.3776223659515381,0.09940993785858154
YBR038W,YNL145W,0,1.2904308,0.2753095328807831,0.3776223659515381,0.09950995445251465
YLR239C,YNL054W,0,1.2903514,0.2751091718673706,0.3776223659515381,0.09960996359586716
YKL033W,YOR258W,0,1.290122,0.2749090790748596,0.3776223659515381,0.09970997273921967
YJR096W,YHR080C,0,1.2901157,0.2747093141078949,0.3776223659515381,0.09980998188257217
YKL016C,YHR006W,0,1.2894924,0.27450981736183167,0.3776223659515381,0.09990999102592468
YKL129C,YOR367W,1,1.2890894,0.2750362753868103,0.378621369600296,0.09990999102592468
YIL068C,YNL152W,1,1.2889671,0.27556198835372925,0.37962037324905396,0.09990999102592468
YDR490C,YGL087C,0,1.2887914,0.2753623127937317,0.37962037324905396,0.10001000016927719
YDR002W,YNL288W,0,1.2887605,0.275162935256958,0.37962037324905396,0.1001100093126297
YNL059C,YLR075W,0,1.2884539,0.2749638259410858,0.37962037324905396,0.10021001845598221
YKL051W,YGR083C,0,1.2881554,0.2747650146484375,0.37962037324905396,0.10031002759933472
YOR367W,YMR032W,1,1.2872981,0.27528902888298035,0.3806193768978119,0.10031002759933472
YFL011W,YGL058W,0,1.2870908,0.2750902473926544,0.3806193768978119,0.10041004419326782
YER031C,YNL055C,0,1.2853923,0.27489176392555237,0.3806193768978119,0.10051005333662033
YOR158W,YNL029C,0,1.2850564,0.2746935784816742,0.3806193768978119,0.10061006247997284
YML045W,YDR040C,0,1.2845824,0.2744956910610199,0.3806193768978119,0.10071007162332535
YNL054W,YLR288C,0,1.2844142,0.2742980420589447,0.3806193768978119,0.10081008076667786
YNL094W,YIL095W,1,1.28437,0.27482014894485474,0.3816183805465698,0.10081008076667786
YDR009W,YER109C,0,1.2842348,0.2746225595474243,0.3816183805465698,0.10091008991003036
YDL243C,YPR133C,0,1.283906,0.27442529797554016,0.3816183805465698,0.10101009905338287
YKL138C,YAL026C,0,1.2832277,0.2742282748222351,0.3816183805465698,0.10111010819673538
YOL096C,YLL067C,0,1.2831814,0.27403154969215393,0.3816183805465698,0.10121011734008789
YOR192C,YOR260W,0,1.2827632,0.27383512258529663,0.3816183805465698,0.101310133934021
YGR204W,YER123W,0,1.281939,0.2736389636993408,0.3816183805465698,0.1014101430773735
YIL107C,YIL014W,0,1.2812107,0.2734431028366089,0.3816183805465698,0.10151015222072601
YHR114W,YLL021W,1,1.2811692,0.2739627957344055,0.38261738419532776,0.10151015222072601
YBR169C,YOR157C,0,1.2810705,0.27376696467399597,0.38261738419532776,0.10161016136407852
YPR067W,YER005W,0,1.2808876,0.2735714316368103,0.38261738419532776,0.10171017050743103
YGR080W,YDR388W,1,1.2799928,0.2740899324417114,0.3836163878440857,0.10171017050743103
YLR102C,YKR077W,0,1.2798792,0.27389442920684814,0.3836163878440857,0.10181017965078354
YNL173C,YPL021W,0,1.2797409,0.27369922399520874,0.3836163878440857,0.10191018879413605
YGR097W,YIL153W,0,1.2795308,0.2735042870044708,0.3836163878440857,0.10201019793748856
YLR460C,YHL035C,0,1.2794582,0.2733096182346344,0.3836163878440857,0.10211021453142166
YKL110C,YML047C,0,1.279273,0.27311521768569946,0.3836163878440857,0.10221022367477417
YLR347C,YER155C,0,1.2784814,0.2729211151599884,0.3836163878440857,0.10231023281812668
YOR117W,YER044C-A,0,1.2784559,0.27272728085517883,0.3836163878440857,0.10241024196147919
YOR172W,YNL130C,0,1.2784085,0.27253371477127075,0.3836163878440857,0.1025102511048317
YPL171C,YKL005C,0,1.2783933,0.27234041690826416,0.3836163878440857,0.1026102602481842
YGR266W,YIL033C,0,1.2783532,0.27214741706848145,0.3836163878440857,0.10271026939153671
YDR323C,YML127W,0,1.2781581,0.2719546854496002,0.3836163878440857,0.10281027853488922
YNL106C,YHR061C,1,1.2780931,0.2724699079990387,0.38461539149284363,0.10281027853488922
YGL233W,YNL233W,1,1.2780691,0.27298444509506226,0.38561439514160156,0.10281027853488922
YGL063W,YBL100W-B,0,1.2774954,0.2727915048599243,0.38561439514160156,0.10291028767824173
YOR254C,YDR284C,0,1.276819,0.27259886264801025,0.38561439514160156,0.10301030427217484
YDR227W,YPR017C,0,1.2756954,0.2724064886569977,0.38561439514160156,0.10311031341552734
YAL002W,YOR189W,0,1.2755729,0.2722143828868866,0.38561439514160156,0.10321032255887985
YLR045C,YDR510W,1,1.27454,0.27272728085517883,0.3866133987903595,0.10321032255887985
YGR078C,YKR088C,0,1.2741528,0.27253520488739014,0.3866133987903595,0.10331033170223236
YAL028W,YMR195W,0,1.27367,0.2723434269428253,0.3866133987903595,0.10341034084558487
YMR076C,YBR162W-A,0,1.2736106,0.2721518874168396,0.3866133987903595,0.10351034998893738
YLR248W,YOL135C,0,1.2730291,0.27196064591407776,0.3866133987903595,0.10361035913228989
YLL048C,YPR007C,0,1.2718743,0.2717696726322174,0.3866133987903595,0.1037103682756424
YDR148C,YER040W,0,1.2718067,0.27157893776893616,0.3866133987903595,0.1038103774189949
YLR361C,YDR200C,0,1.271606,0.2713885009288788,0.3866133987903595,0.10391039401292801
YCR086W,YLR337C,0,1.2712162,0.2711983323097229,0.3866133987903595,0.10401040315628052
YJR084W,YKL039W,0,1.271086,0.2710084021091461,0.3866133987903595,0.10411041229963303
YPL013C,YNL161W,0,1.270968,0.2708187401294708,0.3866133987903595,0.10421042144298553
YNL106C,YPL242C,1,1.2709,0.2713286578655243,0.38761240243911743,0.10421042144298553
YIL062C,YOR113W,0,1.2705541,0.2711390554904938,0.38761240243911743,0.10431043058633804
YDR361C,YCL044C,0,1.2704843,0.27094972133636475,0.38761240243911743,0.10441043972969055
YDR127W,YNL020C,0,1.270452,0.2707606554031372,0.38761240243911743,0.10451044887304306
YJR125C,YDR388W,1,1.26986,0.27126917243003845,0.388611376285553,0.10451044887304306
YLR045C,YHR023W,1,1.2690473,0.2717770040035248,0.3896103799343109,0.10451044887304306
YER139C,YLL021W,0,1.268273,0.2715877294540405,0.3896103799343109,0.10461045801639557
YLR039C,YFL005W,0,1.2673149,0.27139875292778015,0.3896103799343109,0.10471047461032867
YKL045W,YLR288C,0,1.266253,0.2712100148200989,0.3896103799343109,0.10481048375368118
YDL091C,YOR330C,0,1.2661313,0.2710215449333191,0.3896103799343109,0.10491049289703369
YIL144W,YMR183C,0,1.2655399,0.2708333432674408,0.3896103799343109,0.1050105020403862
YBR279W,YDR057W,0,1.2631121,0.2706453800201416,0.3896103799343109,0.10511051118373871
YIL007C,YGR057C,0,1.2630131,0.2704576849937439,0.3896103799343109,0.10521052032709122
YPL100W,YBL063W,0,1.2628863,0.2702702581882477,0.3896103799343109,0.10531052947044373
YPL175W,YDR005C,0,1.2627102,0.27008309960365295,0.3896103799343109,0.10541053861379623
YOR316C,YLR313C,0,1.2624855,0.26989617943763733,0.3896103799343109,0.10551054775714874
YKR100C,YGL006W,0,1.2624152,0.2697095572948456,0.3896103799343109,0.10561056435108185
YER008C,YBL007C,1,1.2620318,0.2702142298221588,0.39060938358306885,0.10561056435108185
YLL031C,YML076C,0,1.261802,0.27002763748168945,0.39060938358306885,0.10571057349443436
YFR038W,YNL081C,0,1.2611305,0.2698412835597992,0.39060938358306885,0.10581058263778687
YAL056W,YPL161C,0,1.2611152,0.26965516805648804,0.39060938358306885,0.10591059178113937
YOR267C,YGR046W,0,1.2607579,0.26946932077407837,0.39060938358306885,0.10601060092449188
YMR048W,YBL063W,0,1.2606435,0.2692837417125702,0.39060938358306885,0.10611061006784439
YLR019W,YBR045C,0,1.2593559,0.2690984308719635,0.39060938358306885,0.1062106192111969
YKR100C,YDR168W,0,1.259068,0.2689133286476135,0.39060938358306885,0.10631062835454941
YGL104C,YMR072W,0,1.2581745,0.2687285244464874,0.39060938358306885,0.10641063749790192
YLR118C,YKL099C,0,1.2576855,0.26854395866394043,0.39060938358306885,0.10651065409183502
YBL063W,YNR052C,0,1.2568486,0.26835963129997253,0.39060938358306885,0.10661066323518753
YOR319W,YDR438W,0,1.2566869,0.26817557215690613,0.39060938358306885,0.10671067237854004
YKL129C,YHR005C,0,1.2562118,0.2679917812347412,0.39060938358306885,0.10681068152189255
YOR049C,YHR114W,0,1.2561098,0.2678082287311554,0.39060938358306885,0.10691069066524506
YNL051W,YOR045W,0,1.2557125,0.2676249146461487,0.39060938358306885,0.10701069980859756
YGL151W,YGL238W,0,1.2553773,0.26744186878204346,0.39060938358306885,0.10711070895195007
YHR111W,YLR054C,0,1.2549186,0.26725906133651733,0.39060938358306885,0.10721071809530258
YFR024C-A,YCL035C,0,1.2539561,0.2670764923095703,0.39060938358306885,0.10731073468923569
YPR120C,YIL033C,0,1.2539396,0.2668941915035248,0.39060938358306885,0.1074107438325882
YHR016C,YNL020C,1,1.2537196,0.2673942744731903,0.3916083872318268,0.1074107438325882
YKR096W,YJR046W,0,1.2535057,0.26721200346946716,0.3916083872318268,0.1075107529759407
YOR177C,YPL013C,0,1.2533156,0.2670299708843231,0.3916083872318268,0.10761076211929321
YDR246W,YKR095W,0,1.252929,0.26684820652008057,0.3916083872318268,0.10771077126264572
YIL034C,YNL094W,1,1.2523181,0.26734694838523865,0.3926073908805847,0.10771077126264572
YOL055C,YDR422C,0,1.2513938,0.2671651840209961,0.3926073908805847,0.10781078040599823
YMR053C,YER178W,0,1.2501185,0.26698368787765503,0.3926073908805847,0.10791078954935074
YLR054C,YHR114W,0,1.2500203,0.26680243015289307,0.3926073908805847,0.10801079869270325
YLR118C,YPR046W,0,1.249795,0.2666214406490326,0.3926073908805847,0.10811080783605576
YDR098C,YHR073W,0,1.249222,0.2664406895637512,0.3926073908805847,0.10821082442998886
YPL133C,YLR382C,0,1.249028,0.26626017689704895,0.3926073908805847,0.10831083357334137
YML059C,YPR131C,0,1.248101,0.2660799026489258,0.3926073908805847,0.10841084271669388
YLR319C,YMR032W,1,1.248024,0.26657646894454956,0.39360639452934265,0.10841084271669388
YBL056W,YGL006W,0,1.2470598,0.2663962244987488,0.39360639452934265,0.10851085186004639
YIL106W,YDR041W,0,1.2463713,0.2662162184715271,0.39360639452934265,0.1086108610033989
YDR201W,YGL151W,0,1.2457519,0.2660364508628845,0.39360639452934265,0.1087108701467514
YPL248C,YLL057C,0,1.2453502,0.26585695147514343,0.39360639452934265,0.10881087929010391
YDL230W,YHR193C,0,1.2449701,0.26567769050598145,0.39360639452934265,0.10891088843345642
YBL056W,YJR054W,0,1.243733,0.26549863815307617,0.39360639452934265,0.10901089757680893
YDL220C,YCR091W,0,1.2435741,0.2653198540210724,0.39360639452934265,0.10911091417074203
YOL122C,YLR039C,0,1.2431631,0.2651413083076477,0.39360639452934265,0.10921092331409454
YNL251C,YKL099C,0,1.2429014,0.2649630010128021,0.39360639452934265,0.10931093245744705
YJR042W,YNL025C,0,1.2417428,0.26478493213653564,0.39360639452934265,0.10941094160079956
YDR092W,YDR108W,0,1.2412431,0.26460713148117065,0.39360639452934265,0.10951095074415207
YBR046C,YLR102C,0,1.2405449,0.2644295394420624,0.39360639452934265,0.10961095988750458
YFR016C,YOL032W,0,1.2396841,0.2642521858215332,0.39360639452934265,0.10971096903085709
YBR045C,YCR063W,0,1.2395742,0.26407507061958313,0.39360639452934265,0.1098109781742096
YGR005C,YKL192C,0,1.2395349,0.26389819383621216,0.39360639452934265,0.1099109947681427
YPL137C,YDR381W,0,1.2387116,0.2637215554714203,0.39360639452934265,0.11001100391149521
YPL138C,YKL129C,0,1.2375075,0.2635451555252075,0.39360639452934265,0.11011101305484772
YIL087C,YLR189C,0,1.2359817,0.26336899399757385,0.39360639452934265,0.11021102219820023
YGR244C,YDR179C,0,1.2358909,0.2631930410861969,0.39360639452934265,0.11031103134155273
YBR248C,YML061C,0,1.2356439,0.26301735639572144,0.39360639452934265,0.11041104048490524
YMR041C,YCR044C,0,1.2355044,0.2628418803215027,0.39360639452934265,0.11051104962825775
YPR007C,YOR195W,0,1.234936,0.2626666724681854,0.39360639452934265,0.11061105877161026
YMR237W,YGL064C,0,1.2347763,0.2624916732311249,0.39360639452934265,0.11071106791496277
YJR102C,YPL178W,0,1.2343707,0.26231691241264343,0.39360639452934265,0.11081108450889587
YIL052C,YDL087C,0,1.2336624,0.2621423900127411,0.39360639452934265,0.11091109365224838
YBR038W,YER032W,0,1.2335806,0.26196807622909546,0.39360639452934265,0.11101110279560089
YOR034C,YPR095C,0,1.2326324,0.2617940306663513,0.39360639452934265,0.1111111119389534
YPR055W,YGL115W,0,1.23256,0.2616201937198639,0.39360639452934265,0.11121112108230591
YDR437W,YDR301W,0,1.2324417,0.26144659519195557,0.39360639452934265,0.11131113022565842
YNL106C,YNL084C,1,1.2323498,0.26193633675575256,0.3946053981781006,0.11131113022565842
YML057W,YER159C,0,1.2322583,0.2617627680301666,0.3946053981781006,0.11141113936901093
YGR212W,YJR084W,0,1.2320344,0.2615894079208374,0.3946053981781006,0.11151114851236343
YDL135C,YOR358W,0,1.2317593,0.2614162862300873,0.3946053981781006,0.11161115765571594
YER041W,YGR266W,0,1.231162,0.26124337315559387,0.3946053981781006,0.11171117424964905
YLL050C,YDR309C,1,1.2306356,0.26173165440559387,0.3956044018268585,0.11171117424964905
YDR160W,YDL018C,0,1.230174,0.26155877113342285,0.3956044018268585,0.11181118339300156
YDL106C,YGL195W,0,1.2299547,0.26138612627983093,0.3956044018268585,0.11191119253635406
YDR377W,YGL049C,0,1.2296543,0.2612137198448181,0.3956044018268585,0.11201120167970657
YKL101W,YBL061C,1,1.2292545,0.26170071959495544,0.39660340547561646,0.11201120167970657
YOR249C,YKL079W,0,1.2288519,0.2615283131599426,0.39660340547561646,0.11211121082305908
YGL063W,YBR180W,0,1.2285175,0.2613561451435089,0.39660340547561646,0.11221121996641159
YHR118C,YHR190W,0,1.2283547,0.2611842155456543,0.39660340547561646,0.1123112291097641
YML004C,YAL026C,0,1.228011,0.2610124945640564,0.39660340547561646,0.11241123825311661
YHR146W,YBR086C,0,1.2278974,0.2608410120010376,0.39660340547561646,0.11251125484704971
YNL076W,YHR020W,0,1.2278407,0.2606697380542755,0.39660340547561646,0.11261126399040222
YIL153W,YPR100W,0,1.2278345,0.26049870252609253,0.39660340547561646,0.11271127313375473
YIL034C,YMR092C,1,1.227508,0.2609836161136627,0.3976024091243744,0.11271127313375473
YCR024C,YPL178W,0,1.22719,0.26081258058547974,0.3976024091243744,0.11281128227710724
YLR093C,YPR097W,0,1.2269154,0.26064178347587585,0.3976024091243744,0.11291129142045975
YIL123W,YLR263W,0,1.2262747,0.2604711949825287,0.3976024091243744,0.11301130056381226
YOR018W,YDR150W,0,1.2255762,0.2603008449077606,0.3976024091243744,0.11311130970716476
YML107C,YOL116W,0,1.2254683,0.26013073325157166,0.3976024091243744,0.11321131885051727
YDL093W,YPL224C,0,1.2252991,0.259960800409317,0.3976024091243744,0.11331132799386978
YBR162W-A,YER071C,0,1.2247138,0.25979113578796387,0.3976024091243744,0.11341134458780289
YPL225W,YGL127C,0,1.2246938,0.25962164998054504,0.3976024091243744,0.1135113537311554
YJR049C,YDL113C,0,1.2242717,0.2594524025917053,0.3976024091243744,0.1136113628745079
YBR130C,YKR007W,0,1.2241119,0.2592833936214447,0.3976024091243744,0.11371137201786041
YDR386W,YKL058W,0,1.2239071,0.2591145932674408,0.3976024091243744,0.11381138116121292
YLR102C,YBR211C,0,1.2237017,0.2589460015296936,0.3976024091243744,0.11391139030456543
YDR127W,YHR037W,0,1.2232213,0.2587776184082031,0.3976024091243744,0.11401139944791794
YJL045W,YDR386W,0,1.2226067,0.25860947370529175,0.3976024091243744,0.11411140859127045
YGR057C,YAL059W,0,1.2225044,0.2584415674209595,0.3976024091243744,0.11421141773462296
YDL175C,YHL006C,0,1.2221723,0.2582738399505615,0.3976024091243744,0.11431143432855606
YOR171C,YOR367W,1,1.221825,0.2587548494338989,0.3986014127731323,0.11431143432855606
YLL018C,YOR117W,0,1.221808,0.25858718156814575,0.3986014127731323,0.11441144347190857
YIL167W,YHR080C,0,1.2207847,0.2584196925163269,0.3986014127731323,0.11451145261526108
YGR193C,YDR528W,0,1.2207253,0.25825244188308716,0.3986014127731323,0.11461146175861359
YEL048C,YER023W,0,1.2202435,0.25808537006378174,0.3986014127731323,0.1147114709019661
YML133C,YGL195W,0,1.219698,0.2579185664653778,0.3986014127731323,0.1148114800453186
YGL243W,YDR427W,0,1.2196798,0.2577519416809082,0.3986014127731323,0.11491148918867111
YFR024C-A,YBR146W,0,1.2193557,0.2575855255126953,0.3986014127731323,0.11501149833202362
YGL005C,YBR301W,0,1.2193273,0.2574193477630615,0.3986014127731323,0.11511150747537613
YER149C,YML047C,0,1.21844,0.25725337862968445,0.3986014127731323,0.11521152406930923
YLR093C,YDR057W,0,1.2182487,0.2570876181125641,0.3986014127731323,0.11531153321266174
YHR204W,YER062C,0,1.218002,0.2569220960140228,0.3986014127731323,0.11541154235601425
YDR041W,YPR180W,0,1.2178477,0.2567567527294159,0.3986014127731323,0.11551155149936676
YAR042W,YJL058C,0,1.2159835,0.25659164786338806,0.3986014127731323,0.11561156064271927
YGL126W,YLR313C,0,1.2151856,0.25642672181129456,0.3986014127731323,0.11571156978607178
YPL242C,YBR130C,1,1.2148204,0.2569043040275574,0.39960038661956787,0.11571156978607178
YMR232W,YAL015C,0,1.2143962,0.25673940777778625,0.39960038661956787,0.11581157892942429
YGL063W,YMR205C,0,1.2141509,0.25657472014427185,0.39960038661956787,0.1159115880727768
YNL094W,YNL156C,0,1.2135917,0.25641027092933655,0.39960038661956787,0.1160116046667099
YOR090C,YMR318C,0,1.2132776,0.25624600052833557,0.39960038661956787,0.11611161381006241
YHR185C,YDR108W,0,1.2131047,0.2560819387435913,0.39960038661956787,0.11621162295341492
YFL061W,YLR039C,0,1.2129757,0.25591811537742615,0.39960038661956787,0.11631163209676743
YFR024C-A,YGR170W,0,1.2120686,0.2557544708251953,0.39960038661956787,0.11641164124011993
YNL167C,YER063W,0,1.2115841,0.2555910646915436,0.39960038661956787,0.11651165038347244
YOR241W,YPR155C,0,1.2100651,0.25542783737182617,0.39960038661956787,0.11661165952682495
YMR261C,YBL035C,0,1.2078987,0.25526484847068787,0.39960038661956787,0.11671166867017746
YOR087W,YMR232W,0,1.207833,0.2551020383834839,0.39960038661956787,0.11681167781352997
YKL016C,YDR028C,0,1.2076329,0.254939466714859,0.39960038661956787,0.11691169440746307
YKL069W,YER081W,0,1.207529,0.25477707386016846,0.39960038661956787,0.11701170355081558
YOR264W,YKL079W,0,1.206979,0.2546148896217346,0.39960038661956787,0.11711171269416809
YAL002W,YNL118C,0,1.2068337,0.2544529139995575,0.39960038661956787,0.1172117218375206
YIL159W,YHR023W,1,1.2067173,0.2549268901348114,0.4005993902683258,0.1172117218375206
YCR009C,YCR088W,1,1.2066882,0.25540024042129517,0.40159839391708374,0.1172117218375206
YDR150W,YNR033W,0,1.206665,0.2552380859851837,0.40159839391708374,0.11731173098087311
YNL094W,YHR023W,1,1.2063518,0.2557106614112854,0.4025973975658417,0.11731173098087311
YIR019C,YOL078W,0,1.2061305,0.25554850697517395,0.4025973975658417,0.11741174012422562
YML023C,YHR108W,0,1.205827,0.2553865611553192,0.4025973975658417,0.11751174926757812
YNL286W,YOR068C,0,1.2057775,0.2552248239517212,0.4025973975658417,0.11761175841093063
YNL145W,YMR183C,0,1.2056656,0.2550632953643799,0.4025973975658417,0.11771176755428314
YDL124W,YAL026C,0,1.2052816,0.2549019753932953,0.4025973975658417,0.11781178414821625
YML057W,YDR259C,0,1.2049954,0.254740834236145,0.4025973975658417,0.11791179329156876
YKL048C,YLL038C,1,1.204995,0.25521162152290344,0.4035964012145996,0.11791179329156876
YIL036W,YDR289C,0,1.2049797,0.25505051016807556,0.4035964012145996,0.11801180243492126
YLR019W,YLR247C,0,1.2049592,0.254889577627182,0.4035964012145996,0.11811181157827377
YER040W,YDR407C,0,1.2046463,0.25472888350486755,0.4035964012145996,0.11821182072162628
YOR027W,YNL287W,0,1.2046456,0.2545683681964874,0.4035964012145996,0.11831182986497879
YNL094W,YCR002C,1,1.2041835,0.255037784576416,0.40459540486335754,0.11831182986497879
YDR057W,YHR193C,0,1.2040896,0.2548772692680359,0.40459540486335754,0.1184118390083313
YNL111C,YBL047C,0,1.2036195,0.25471699237823486,0.40459540486335754,0.11851184815168381
YLR102C,YMR237W,0,1.202749,0.25455689430236816,0.40459540486335754,0.11861186474561691
YPL105C,YER177W,0,1.2023494,0.2543969750404358,0.40459540486335754,0.11871187388896942
YOR227W,YML076C,0,1.2023029,0.2542372941970825,0.40459540486335754,0.11881188303232193
YNL243W,YML082W,0,1.2022676,0.2540777921676636,0.40459540486335754,0.11891189217567444
YOR329C,YIL138C,1,1.202135,0.2545454502105713,0.4055944085121155,0.11891189217567444
YIL007C,YER178W,0,1.2017486,0.25438597798347473,0.4055944085121155,0.11901190131902695
YIL022W,YOR156C,0,1.2014878,0.2542266845703125,0.4055944085121155,0.11911191046237946
YER100W,YMR118C,0,1.2008893,0.2540675699710846,0.4055944085121155,0.11921191960573196
YER063W,YCL016C,0,1.2005605,0.2539086937904358,0.4055944085121155,0.11931192874908447
YCL068C,YNR037C,0,1.2000328,0.2537499964237213,0.4055944085121155,0.11941193789243698
YOR156C,YKR072C,0,1.19945,0.25359150767326355,0.4055944085121155,0.11951195448637009
YOL069W,YLR260W,0,1.199419,0.2534331977367401,0.4055944085121155,0.1196119636297226
YLR085C,YBR119W,0,1.1981559,0.2532750964164734,0.4055944085121155,0.1197119727730751
YJR123W,YDL113C,0,1.1977915,0.2531172037124634,0.4055944085121155,0.11981198191642761
YMR274C,YIL037C,0,1.1970817,0.2529594898223877,0.4055944085121155,0.11991199105978012
YKR078W,YHR096C,0,1.1969738,0.2528019845485687,0.4055944085121155,0.12001200020313263
YNL103W,YCL035C,0,1.1968315,0.25264468789100647,0.4055944085121155,0.12011200934648514
YGL246C,YKR088C,0,1.1952622,0.25248757004737854,0.4055944085121155,0.12021201848983765
YOR018W,YPR034W,0,1.1949999,0.25233063101768494,0.4055944085121155,0.12031202763319016
YDR377W,YDR323C,0,1.1948885,0.25217390060424805,0.4055944085121155,0.12041204422712326
YLR118C,YER041W,0,1.1946036,0.25201737880706787,0.4055944085121155,0.12051205337047577
YBL056W,YDR080W,0,1.1943623,0.251861035823822,0.4055944085121155,0.12061206251382828
YNL123W,YJL216C,0,1.1941217,0.2517049014568329,0.4055944085121155,0.12071207165718079
YER109C,YOR195W,0,1.1939933,0.2515489459037781,0.4055944085121155,0.1208120808005333
YOR372C,YPL135W,0,1.1937035,0.25139319896698,0.4055944085121155,0.1209120899438858
YDR289C,YBR049C,0,1.1929224,0.2512376308441162,0.4055944085121155,0.12101209908723831
YGR254W,YJL098W,0,1.1925538,0.25108224153518677,0.4055944085121155,0.12111210823059082
YDR145W,YIL087C,0,1.1922758,0.25092706084251404,0.4055944085121155,0.12121212482452393
YFL005W,YBR130C,1,1.1920402,0.251389741897583,0.4065934121608734,0.12121212482452393
YOR192C,YOL042W,0,1.1917073,0.2512345612049103,0.4065934121608734,0.12131213396787643
YHR061C,YLR337C,1,1.1911316,0.25169649720191956,0.40759241580963135,0.12131213396787643
YOR019W,YKL079W,0,1.1911159,0.2515413165092468,0.40759241580963135,0.12141214311122894
YFR047C,YDR289C,0,1.190619,0.2513863146305084,0.40759241580963135,0.12151215225458145
YBR046C,YPR046W,0,1.1900613,0.25123152136802673,0.40759241580963135,0.12161216139793396
YOR045W,YKL079W,0,1.1895924,0.25107693672180176,0.40759241580963135,0.12171217054128647
YOR090C,YNL247W,0,1.1891564,0.2509225010871887,0.40759241580963135,0.12181217968463898
YOR019W,YML031W,0,1.1888399,0.2507682740688324,0.40759241580963135,0.12191218882799149
YGR235C,YHL050C,0,1.1882294,0.2506142556667328,0.40759241580963135,0.122012197971344
YLR085C,YDL124W,0,1.1882033,0.2504604160785675,0.40759241580963135,0.1221122145652771
YHR201C,YPL010W,0,1.1874471,0.25030675530433655,0.40759241580963135,0.12221222370862961
YHL017W,YPR161C,0,1.1871077,0.2501532733440399,0.40759241580963135,0.12231223285198212
YNL084C,YIR006C,1,1.1870673,0.250612735748291,0.4085914194583893,0.12231223285198212
YOR087W,YLR102C,0,1.1857895,0.2504592835903168,0.4085914194583893,0.12241224199533463
YNL214W,YHR133C,0,1.1854199,0.25030601024627686,0.4085914194583893,0.12251225113868713
YLR260W,YNL216W,0,1.1853356,0.25015291571617126,0.4085914194583893,0.12261226028203964
YOR002W,YDR025W,0,1.1853145,0.25,0.4085914194583893,0.12271226942539215
YFL025C,YER028C,0,1.1852285,0.24984727799892426,0.4085914194583893,0.12281227856874466
YJR050W,YNL118C,0,1.1845427,0.24969474971294403,0.4085914194583893,0.12291228771209717
YGR142W,YMR002W,0,1.1844282,0.24954240024089813,0.4085914194583893,0.12301230430603027
YGL076C,YER063W,0,1.1842868,0.24939024448394775,0.4085914194583893,0.12311231344938278
YIR019C,YBR168W,0,1.1839004,0.2492382675409317,0.4085914194583893,0.12321232259273529
YDR235W,YGR040W,0,1.1835086,0.24908648431301117,0.4085914194583893,0.1233123317360878
YDL161W,YCR088W,1,1.1834794,0.24954351782798767,0.4095904231071472,0.1233123317360878
YGL027C,YMR183C,0,1.1834028,0.24939173460006714,0.4095904231071472,0.12341234087944031
YIL106W,YGR097W,0,1.1832957,0.24924011528491974,0.4095904231071472,0.12351235002279282
YIR004W,YER139C,0,1.1823039,0.24908870458602905,0.4095904231071472,0.12361235916614532
YBR119W,YBR016W,0,1.1821274,0.2489374577999115,0.4095904231071472,0.12371236830949783
YOL122C,YDR468C,0,1.1817222,0.24878640472888947,0.4095904231071472,0.12381238490343094
YPR134W,YHR149C,0,1.1815445,0.24863553047180176,0.4095904231071472,0.12391239404678345
YGR046W,YLR360W,0,1.1810453,0.24848484992980957,0.4095904231071472,0.12401240319013596
YJL085W,YNL152W,1,1.1810368,0.24894003570079803,0.41058939695358276,0.12401240319013596
YIL030C,YPR068C,0,1.1810207,0.24878934025764465,0.41058939695358276,0.12411241233348846
YCL017C,YDR098C,0,1.1795245,0.2486388385295868,0.41058939695358276,0.12421242147684097
YKR064W,YKL080W,0,1.1793032,0.24848851561546326,0.41058939695358276,0.12431243062019348
YIL009W,YDR168W,0,1.1784494,0.24833837151527405,0.41058939695358276,0.12441243976354599
YNL079C,YJR090C,1,1.1783365,0.24879227578639984,0.4115884006023407,0.12441243976354599
YDR515W,YDR105C,0,1.1782386,0.24864213168621063,0.4115884006023407,0.1245124489068985
YNL250W,YPL076W,0,1.1781212,0.24849216639995575,0.4115884006023407,0.12461245805025101
YKR031C,YFR053C,0,1.1780368,0.2483423799276352,0.4115884006023407,0.12471247464418411
YPL100W,YIL062C,0,1.1778717,0.24819277226924896,0.4115884006023407,0.12481248378753662
YLR190W,YBL091C,0,1.1771948,0.24804334342479706,0.4115884006023407,0.12491249293088913
YKL051W,YBR191W,0,1.1768026,0.24789410829544067,0.4115884006023407,0.12501250207424164
YOR195W,YOR059C,0,1.1763811,0.24774503707885742,0.4115884006023407,0.12511251866817474
YNL243W,YPR175W,0,1.1761554,0.2475961595773697,0.4115884006023407,0.12521252036094666
YHR205W,YHR014W,0,1.1754749,0.2474474459886551,0.4115884006023407,0.12531253695487976
YGR059W,YOR008C,1,1.1753478,0.2478991597890854,0.41258740425109863,0.12531253695487976
YFR024C-A,YNL094W,1,1.175263,0.2483503371477127,0.41358640789985657,0.12531253695487976
YPR067W,YLR352W,0,1.1747439,0.24820144474506378,0.41358640789985657,0.12541253864765167
YMR286W,YBR218C,0,1.1746507,0.24805273115634918,0.41358640789985657,0.12551255524158478
YBR254C,YLR360W,0,1.172735,0.2479041963815689,0.41358640789985657,0.1256125569343567
YDR235W,YKL129C,0,1.1718563,0.24775584042072296,0.41358640789985657,0.1257125735282898
YDR367W,YPL100W,0,1.171725,0.24760764837265015,0.41358640789985657,0.1258125752210617
YCR018C,YPR105C,0,1.1715965,0.24745965003967285,0.41358640789985657,0.1259125918149948
YNL243W,YCR036W,0,1.17146,0.24731183052062988,0.41358640789985657,0.12601260840892792
YAR042W,YDR057W,0,1.1714084,0.24716417491436005,0.41358640789985657,0.12611261010169983
YIL137C,YFR053C,0,1.1713545,0.24701671302318573,0.41358640789985657,0.12621262669563293
YDR204W,YNL216W,0,1.1712468,0.24686941504478455,0.41358640789985657,0.12631262838840485
YGR004W,YOR330C,0,1.1710083,0.2467222958803177,0.41358640789985657,0.12641264498233795
YKL006W,YHR106W,0,1.1705873,0.24657534062862396,0.41358640789985657,0.12651264667510986
YGL027C,YDR246W,0,1.1705546,0.24642856419086456,0.41358640789985657,0.12661266326904297
YHR016C,YDR309C,1,1.1704397,0.24687686562538147,0.4145854115486145,0.12661266326904297
YKL048C,YKL196C,0,1.1702201,0.24673008918762207,0.4145854115486145,0.12671266496181488
YDL225W,YHR107C,1,1.1700726,0.24717766046524048,0.41558441519737244,0.12671266496181488
YDR150W,YGR057C,0,1.1698694,0.24703088402748108,0.41558441519737244,0.12681268155574799
YKR007W,YOR372C,0,1.1692661,0.2468842715024948,0.41558441519737244,0.1269126981496811
YIL137C,YKL051W,0,1.1692067,0.24673783779144287,0.41558441519737244,0.127012699842453
YIL147C,YER015W,0,1.1691344,0.24659158289432526,0.41558441519737244,0.1271127164363861
YER040W,YKL051W,0,1.168453,0.24644549190998077,0.41558441519737244,0.12721271812915802
YDL117W,YML047C,0,1.1684251,0.24629957973957062,0.41558441519737244,0.12731273472309113
YNL138W,YNL020C,1,1.167054,0.24674555659294128,0.41658341884613037,0.12731273472309113
YBR038W,YKL016C,0,1.1666871,0.24659964442253113,0.41658341884613037,0.12741273641586304
YPR171W,YBR130C,1,1.1665266,0.24704492092132568,0.4175824224948883,0.12741273641586304
YIL159W,YDR166C,1,1.1650128,0.24748966097831726,0.41858142614364624,0.12741273641586304
YMR220W,YIL153W,0,1.1648827,0.24734356999397278,0.41858142614364624,0.12751275300979614
YLR248W,YNL214W,0,1.164624,0.24719764292240143,0.41858142614364624,0.12761275470256805
YBR130C,YLR417W,0,1.1644967,0.2470518797636032,0.41858142614364624,0.12771277129650116
YGR205W,YDR227W,0,1.1644931,0.2469063103199005,0.41858142614364624,0.12781278789043427
YGR099W,YNL031C,0,1.1641645,0.24676088988780975,0.41858142614364624,0.12791278958320618
YNL031C,YHR149C,0,1.16339,0.24661566317081451,0.41858142614364624,0.12801280617713928
YHR006W,YGR253C,0,1.1632001,0.2464705854654312,0.41858142614364624,0.1281128078699112
YOL135C,YPL010W,0,1.1630232,0.24632568657398224,0.41858142614364624,0.1282128244638443
YDR129C,YGL233W,1,1.1621722,0.2467685043811798,0.4195804297924042,0.1282128244638443
YOR065W,YLR200W,0,1.1609488,0.24662360548973083,0.4195804297924042,0.1283128261566162
YOR316C,YDR308C,0,1.1607866,0.246478870511055,0.4195804297924042,0.12841284275054932
YMR192W,YHR201C,0,1.1606753,0.24633431434631348,0.4195804297924042,0.12851284444332123
YLR442C,YOR358W,0,1.1604575,0.2461899220943451,0.4195804297924042,0.12861286103725433
YGL181W,YKL129C,1,1.1604207,0.24663151800632477,0.4205794334411621,0.12861286103725433
YJR102C,YPL161C,0,1.1603105,0.24648712575435638,0.4205794334411621,0.12871287763118744
YPL133C,YLR360W,0,1.1602705,0.24634289741516113,0.4205794334411621,0.12881287932395935
YLR429W,YNL243W,1,1.1597271,0.24678362905979156,0.42157840728759766,0.12881287932395935
YDR427W,YBR218C,0,1.1583122,0.24663938581943512,0.42157840728759766,0.12891289591789246
YHR150W,YKL032C,0,1.158148,0.246495321393013,0.42157840728759766,0.12901289761066437
YJL127C,YKR088C,0,1.1579539,0.2463514357805252,0.42157840728759766,0.12911291420459747
YBR169C,YLR115W,0,1.1571481,0.24620769917964935,0.42157840728759766,0.12921291589736938
YCR044C,YDR019C,0,1.1570833,0.24606414139270782,0.42157840728759766,0.1293129324913025
YLR039C,YGL064C,0,1.156882,0.24592074751853943,0.42157840728759766,0.1294129341840744
YJR035W,YLR337C,0,1.1568145,0.24577751755714417,0.42157840728759766,0.1295129507780075
YGL005C,YPL049C,0,1.1555617,0.24563445150852203,0.42157840728759766,0.1296129673719406
YER044C-A,YBL014C,0,1.1555455,0.24549156427383423,0.42157840728759766,0.12971296906471252
YLR319C,YHR107C,1,1.1554298,0.2459302395582199,0.4225774109363556,0.12971296906471252
YOL122C,YML016C,0,1.1553147,0.2457873374223709,0.4225774109363556,0.12981298565864563
YDL189W,YBL007C,0,1.1548486,0.24564459919929504,0.4225774109363556,0.12991298735141754
YCR031C,YGR266W,0,1.1547816,0.2455020248889923,0.4225774109363556,0.13001300394535065
YLR352W,YBL072C,0,1.1540008,0.2453596293926239,0.4225774109363556,0.13011300563812256
YER143W,YDL018C,0,1.1537338,0.24521739780902863,0.4225774109363556,0.13021302223205566
YOL020W,YNL243W,0,1.1532388,0.2450753152370453,0.4225774109363556,0.13031302392482758
YPL138C,YGL189C,0,1.153227,0.24493341147899628,0.4225774109363556,0.13041304051876068
YPR008W,YPL145C,0,1.1525658,0.2447916716337204,0.4225774109363556,0.1305130571126938
YKL080W,YNL216W,0,1.1521403,0.24465008080005646,0.4225774109363556,0.1306130588054657
YNL243W,YER014W,0,1.1517688,0.24450866878032684,0.4225774109363556,0.1307130753993988
YDL243C,YBL047C,0,1.1515334,0.24436742067337036,0.4225774109363556,0.13081307709217072
YNL317W,YBL025W,0,1.1509697,0.24422632157802582,0.4225774109363556,0.13091309368610382
YLR059C,YJL216C,0,1.150807,0.2440854012966156,0.4225774109363556,0.13101309537887573
YBR114W,YGL107C,0,1.1507626,0.24394463002681732,0.4225774109363556,0.13111311197280884
YDR377W,YJL035C,0,1.1507381,0.24380403757095337,0.4225774109363556,0.13121312856674194
YGR244C,YGL151W,0,1.1507279,0.24366359412670135,0.4225774109363556,0.13131313025951385
YBL014C,YOR113W,0,1.1507258,0.24352331459522247,0.4225774109363556,0.13141314685344696
YGR198W,YER149C,1,1.1507157,0.24395857751369476,0.4235764145851135,0.13141314685344696
YLR337C,YNL152W,1,1.1506702,0.24439333379268646,0.42457541823387146,0.13141314685344696
YLR206W,YMR032W,1,1.1506097,0.24482758343219757,0.4255744218826294,0.13141314685344696
YJR035W,YIL033C,0,1.1502752,0.24468696117401123,0.4255744218826294,0.13151314854621887
YCL034W,YBR102C,1,1.1498227,0.2451205551624298,0.42657342553138733,0.13151314854621887
YLR258W,YKR095W,0,1.1495184,0.24497991800308228,0.42657342553138733,0.13161316514015198
YOR329C,YFL039C,1,1.1492739,0.24541284143924713,0.42757242918014526,0.13161316514015198
YOR267C,YLL006W,0,1.1491938,0.2452722042798996,0.42757242918014526,0.1317131668329239
YGL092W,YIL173W,0,1.1491265,0.2451317310333252,0.42757242918014526,0.131813183426857
YDR395W,YML047C,0,1.149078,0.24499140679836273,0.42757242918014526,0.1319131851196289
YKL052C,YDR386W,0,1.1487501,0.2448512613773346,0.42757242918014526,0.132013201713562
YPL224C,YBL051C,0,1.1485705,0.2447112649679184,0.42757242918014526,0.13211321830749512
YPL138C,YGR142W,0,1.146564,0.24457143247127533,0.42757242918014526,0.13221322000026703
YOL055C,YHR149C,0,1.1460209,0.2444317489862442,0.42757242918014526,0.13231323659420013
YML004C,YMR091C,0,1.1459038,0.2442922443151474,0.42757242918014526,0.13241323828697205
YHR023W,YCR002C,1,1.1457658,0.2447233349084854,0.4285714328289032,0.13241323828697205
YGR170W,YJR131W,0,1.1456807,0.24458381533622742,0.4285714328289032,0.13251325488090515
YJL162C,YDR350C,0,1.144134,0.24444444477558136,0.4285714328289032,0.13261325657367706
YNL166C,YBR130C,1,1.1440818,0.2448747158050537,0.42957043647766113,0.13261325657367706
YFR050C,YBR301W,0,1.1440804,0.24473534524440765,0.42957043647766113,0.13271327316761017
YFR010W,YOR086C,0,1.1436524,0.24459613859653473,0.42957043647766113,0.13281327486038208
YLR313C,YGL233W,1,1.1435859,0.24502559006214142,0.43056944012641907,0.13281327486038208
YGR080W,YFL039C,1,1.1432474,0.2454545497894287,0.431568443775177,0.13281327486038208
YLL066C,YGR040W,0,1.1421509,0.24531516432762146,0.431568443775177,0.13291329145431519
YPR037C,YFR016C,0,1.1409844,0.24517594277858734,0.431568443775177,0.1330133080482483
YML086C,YMR156C,0,1.1405694,0.24503687024116516,0.431568443775177,0.1331133097410202
YDR004W,YPL013C,0,1.1404114,0.2448979616165161,0.431568443775177,0.1332133263349533
YDL093W,YOR026W,0,1.1400247,0.244759202003479,0.431568443775177,0.13331332802772522
YJR120W,YLR011W,0,1.139693,0.24462060630321503,0.431568443775177,0.13341334462165833
YDR235W,YOR136W,0,1.1395551,0.24448217451572418,0.431568443775177,0.13351334631443024
YNL161W,YLR068W,0,1.1395264,0.24434389173984528,0.431568443775177,0.13361336290836334
YMR053C,YHR033W,0,1.1388173,0.2442057728767395,0.431568443775177,0.13371336460113525
YER038C,YJL003W,0,1.137612,0.24406780302524567,0.431568443775177,0.13381338119506836
YOR156C,YLR360W,0,1.1373954,0.24392998218536377,0.431568443775177,0.13391339778900146
YML059C,YDR381W,0,1.1372969,0.243792325258255,0.431568443775177,0.13401339948177338
YKR034W,YEL051W,0,1.1369612,0.24365481734275818,0.431568443775177,0.13411341607570648
YLR284C,YAL019W,0,1.1369107,0.24351747334003448,0.431568443775177,0.1342134177684784
YOR316C,YDR359C,0,1.1367999,0.24338027834892273,0.431568443775177,0.1343134343624115
YOR049C,YMR074C,0,1.1356664,0.2432432472705841,0.431568443775177,0.1344134360551834
YLR367W,YMR035W,0,1.1354178,0.24310636520385742,0.431568443775177,0.13451345264911652
YPL021W,YNR052C,0,1.1351686,0.24296963214874268,0.431568443775177,0.13461345434188843
YDR075W,YLL016W,0,1.1344445,0.24283304810523987,0.431568443775177,0.13471347093582153
YNL233W,YIL095W,1,1.1338841,0.24325843155384064,0.43256744742393494,0.13471347093582153
YPL058C,YKL196C,0,1.1336242,0.24312184751033783,0.43256744742393494,0.13481348752975464
YER023W,YGL115W,0,1.1332686,0.24298541247844696,0.43256744742393494,0.13491348922252655
YJR076C,YOR109W,1,1.1327443,0.24340997636318207,0.4335664212703705,0.13491348922252655
YOR233W,YBL007C,1,1.132333,0.24383407831192017,0.4345654249191284,0.13491348922252655
YJR076C,YPR055W,1,1.1318969,0.24425770342350006,0.43556442856788635,0.13491348922252655
YIL098C,YBR109C,0,1.1317891,0.24412094056606293,0.43556442856788635,0.13501350581645966
YHR088W,YOR110W,0,1.1315362,0.24398432672023773,0.43556442856788635,0.13511350750923157
YGR059W,YNL233W,1,1.1312695,0.24440716207027435,0.4365634322166443,0.13511350750923157
YNL137C,YPR086W,0,1.1308365,0.24427054822444916,0.4365634322166443,0.13521352410316467
YHL038C,YLR044C,0,1.1307924,0.2441340833902359,0.4365634322166443,0.13531352579593658
YGR205W,YDR243C,0,1.1304771,0.24399776756763458,0.4365634322166443,0.1354135423898697
YDL113C,YGR030C,0,1.1298486,0.2438616007566452,0.4365634322166443,0.1355135440826416
YLL006W,YER123W,0,1.1297717,0.24372559785842896,0.4365634322166443,0.1356135606765747
YOR258W,YPL063W,0,1.129099,0.24358974397182465,0.4365634322166443,0.1357135772705078
YHR114W,YJR096W,0,1.1287155,0.24345403909683228,0.4365634322166443,0.13581357896327972
YER060W-A,YLL057C,0,1.128287,0.24331848323345184,0.4365634322166443,0.13591359555721283
YGL189C,YFL056C,0,1.1280456,0.24318307638168335,0.4365634322166443,0.13601359724998474
YMR261C,YHR106W,0,1.1279739,0.243047833442688,0.4365634322166443,0.13611361384391785
YBR107C,YLR007W,0,1.1278393,0.24291272461414337,0.4365634322166443,0.13621361553668976
YML052W,YKL129C,1,1.1275802,0.2433333396911621,0.4375624358654022,0.13621361553668976
YJL085W,YMR109W,1,1.1271594,0.24375346302986145,0.43856143951416016,0.13621361553668976
YML011C,YEL048C,0,1.1267313,0.2436182051897049,0.43856143951416016,0.13631363213062286
YGR004W,YOR026W,0,1.1266617,0.24348308145999908,0.43856143951416016,0.13641364872455597
YNL199C,YKL150W,0,1.1257216,0.2433481216430664,0.43856143951416016,0.13651365041732788
YLR313C,YKL129C,1,1.1254587,0.24376730620861053,0.4395604431629181,0.13651365041732788
YAR009C,YDR188W,0,1.1251056,0.24363233149051666,0.4395604431629181,0.136613667011261
YHL038C,YLL031C,0,1.1249993,0.24349750578403473,0.4395604431629181,0.1367136687040329
YML041C,YGL151W,0,1.1244661,0.24336282908916473,0.4395604431629181,0.136813685297966
YGR046W,YHR149C,0,1.124378,0.24322830140590668,0.4395604431629181,0.13691368699073792
YBL063W,YMR156C,0,1.1231465,0.24309392273426056,0.4395604431629181,0.13701370358467102
YLR360W,YFR040W,0,1.1221282,0.24295969307422638,0.4395604431629181,0.13711370527744293
YOL122C,YHR157W,0,1.1216713,0.24282561242580414,0.4395604431629181,0.13721372187137604
YJL058C,YER071C,0,1.1214671,0.24269166588783264,0.4395604431629181,0.13731373846530914
YFR024C-A,YHR161C,1,1.1212097,0.24310915172100067,0.440559446811676,0.13731373846530914
YJR102C,YIL007C,0,1.1210134,0.24297520518302917,0.440559446811676,0.13741374015808105
YOR380W,YMR153W,0,1.1209607,0.24284140765666962,0.440559446811676,0.13751375675201416
YDR175C,YHR142W,0,1.1197288,0.242707759141922,0.440559446811676,0.13761375844478607
YNL031C,YHR146W,0,1.11956,0.24257425963878632,0.440559446811676,0.13771377503871918
YGL196W,YIL014W,0,1.1190002,0.24244089424610138,0.440559446811676,0.1378137767314911
YPL001W,YHR193C,0,1.1184683,0.24230769276618958,0.440559446811676,0.1379137933254242
YLR052W,YCR065W,0,1.1179876,0.24217462539672852,0.440559446811676,0.1380137950181961
YER008C,YLR404W,1,1.1178988,0.24259056150913239,0.44155845046043396,0.1380137950181961
YJL110C,YBL047C,0,1.1177073,0.24245749413967133,0.44155845046043396,0.1381138116121292
YKR095W,YGL219C,0,1.1174014,0.242324560880661,0.44155845046043396,0.13821382820606232
YNL138W,YCR088W,1,1.1172922,0.2427397221326828,0.4425574541091919,0.13821382820606232
YDL235C,YOR264W,0,1.1171513,0.24260678887367249,0.4425574541091919,0.13831382989883423
YDR009W,YHR154W,0,1.1171257,0.2424740046262741,0.4425574541091919,0.13841384649276733
YHL038C,YNR038W,0,1.1166432,0.24234135448932648,0.4425574541091919,0.13851384818553925
YJL057C,YDR135C,0,1.1165606,0.24220885336399078,0.4425574541091919,0.13861386477947235
YKL033W,YHR113W,0,1.116338,0.24207650125026703,0.4425574541091919,0.13871386647224426
YBL038W,YFR038W,0,1.1161709,0.2419442981481552,0.4425574541091919,0.13881388306617737
YMR226C,YOL061W,0,1.1159809,0.24181222915649414,0.4425574541091919,0.13891388475894928
YOR193W,YHL028W,0,1.1158926,0.241680309176445,0.4425574541091919,0.13901390135288239
YML057W,YLR409C,0,1.1158385,0.24154852330684662,0.4425574541091919,0.1391139179468155
YPL221W,YHR114W,0,1.1157795,0.24141688644886017,0.4425574541091919,0.1392139196395874
YJL013C,YFR040W,0,1.1152266,0.24128539860248566,0.4425574541091919,0.1393139362335205
YDR300C,YPR174C,0,1.1150795,0.24115405976772308,0.4425574541091919,0.13941393792629242
YHR108W,YKL132C,0,1.1149489,0.24102285504341125,0.4425574541091919,0.13951395452022552
YOR367W,YBR130C,1,1.1146486,0.24143555760383606,0.44355645775794983,0.13951395452022552
YDR500C,YMR220W,0,1.1134083,0.24130435287952423,0.44355645775794983,0.13961395621299744
YIL153W,YOR132W,0,1.1125968,0.24117328226566315,0.44355645775794983,0.13971397280693054
YCL051W,YFR040W,0,1.1120417,0.2410423457622528,0.44355645775794983,0.13981397449970245
YGL098W,YJR117W,0,1.1118791,0.2409115582704544,0.44355645775794983,0.13991399109363556
YKR049C,YBR060C,0,1.1116571,0.24078090488910675,0.44355645775794983,0.14001400768756866
YLL018C,YFL025C,0,1.1113303,0.24065040051937103,0.44355645775794983,0.14011400938034058
YJR153W,YBR272C,0,1.1107416,0.24052004516124725,0.44355645775794983,0.14021402597427368
YPR055W,YCR002C,1,1.1098275,0.24093124270439148,0.4445554316043854,0.14021402597427368
YKL054C,YHR133C,0,1.1096728,0.2408008724451065,0.4445554316043854,0.1403140276670456
YPL203W,YGL092W,0,1.1088579,0.24067063629627228,0.4445554316043854,0.1404140442609787
YIL038C,YGR142W,0,1.1083586,0.2405405342578888,0.4445554316043854,0.1405140459537506
YOR117W,YCR036W,0,1.1083454,0.24041059613227844,0.4445554316043854,0.14061406254768372
YBL008W,YMR074C,0,1.1081858,0.24028077721595764,0.4445554316043854,0.14071406424045563
YPL234C,YDR122W,0,1.1077704,0.24015110731124878,0.4445554316043854,0.14081408083438873
YFL005W,YCR088W,1,1.1076679,0.24056094884872437,0.4455544352531433,0.14081408083438873
YOR027W,YBR212W,0,1.1075389,0.2404312640428543,0.4455544352531433,0.14091409742832184
YBR046C,YPL161C,0,1.107157,0.2403017282485962,0.4455544352531433,0.14101409912109375
YEL019C,YKR007W,0,1.1068876,0.24017232656478882,0.4455544352531433,0.14111411571502686
YCR065W,YKL087C,0,1.1062626,0.2400430589914322,0.4455544352531433,0.14121411740779877
YNL271C,YGR241C,1,1.106087,0.2404518574476242,0.44655343890190125,0.14121411740779877
YOR068C,YDR372C,0,1.10605,0.24032257497310638,0.44655343890190125,0.14131413400173187
YDL093W,YML061C,0,1.1060367,0.2401934415102005,0.44655343890190125,0.14141413569450378
YPR055W,YDR464W,0,1.1054984,0.24006444215774536,0.44655343890190125,0.1415141522884369
YPL176C,YKL134C,0,1.1051567,0.23993559181690216,0.44655343890190125,0.1416141539812088
YPR003C,YOR358W,0,1.1050088,0.2398068606853485,0.44655343890190125,0.1417141705751419
YGL167C,YDL106C,0,1.104878,0.2396782785654068,0.44655343890190125,0.141814187169075
YGL167C,YDR087C,0,1.104852,0.23954984545707703,0.44655343890190125,0.14191418886184692
YFR016C,YAL051W,0,1.1045685,0.2394215315580368,0.44655343890190125,0.14201420545578003
YJR120W,YOL116W,0,1.1044261,0.23929336667060852,0.44655343890190125,0.14211420714855194
YML067C,YDR367W,0,1.1044189,0.23916533589363098,0.44655343890190125,0.14221422374248505
YER159C,YGL151W,0,1.1037123,0.2390374392271042,0.44655343890190125,0.14231422543525696
YBR218C,YGR142W,0,1.1035678,0.23890967667102814,0.44655343890190125,0.14241424202919006
YLL026W,YNL020C,0,1.1034976,0.23878204822540283,0.44655343890190125,0.14251425862312317
YJL174W,YGR004W,0,1.1030214,0.23865456879138947,0.44655343890190125,0.14261426031589508
YER014W,YJR153W,0,1.1029227,0.23852720856666565,0.44655343890190125,0.14271427690982819
YPR067W,YDR217C,0,1.1023793,0.23839999735355377,0.44655343890190125,0.1428142786026001
YKL026C,YKL063C,0,1.1022571,0.23827292025089264,0.44655343890190125,0.1429142951965332
YKL052C,YHL031C,0,1.1020482,0.23814597725868225,0.44655343890190125,0.14301429688930511
YPL013C,YDR179C,0,1.1014829,0.2380191683769226,0.44655343890190125,0.14311431348323822
YGR235C,YDR108W,0,1.1009254,0.2378924936056137,0.44655343890190125,0.14321431517601013
YOR334W,YOR081C,0,1.1006532,0.23776595294475555,0.44655343890190125,0.14331433176994324
YOR266W,YOR330C,0,1.1006,0.23763954639434814,0.44655343890190125,0.14341434836387634
YJR102C,YLR181C,0,1.1000359,0.23751328885555267,0.44655343890190125,0.14351435005664825
YKL033W,YBL091C,0,1.0999662,0.23738715052604675,0.44655343890190125,0.14361436665058136
YBL056W,YDR204W,0,1.099904,0.23726114630699158,0.44655343890190125,0.14371436834335327
YDR268W,YKR077W,0,1.0997939,0.23713527619838715,0.44655343890190125,0.14381438493728638
YOR192C,YJL196C,0,1.0991962,0.23700954020023346,0.44655343890190125,0.1439143866300583
YDR189W,YGL049C,0,1.0991006,0.23688393831253052,0.44655343890190125,0.1440144032239914
YNL288W,YKL114C,0,1.098766,0.23675847053527832,0.44655343890190125,0.1441144049167633
YDR350C,YKR034W,0,1.0987178,0.23663313686847687,0.44655343890190125,0.1442144215106964
YDR359C,YMR074C,0,1.0982716,0.23650793731212616,0.44655343890190125,0.14431443810462952
YOL122C,YML055W,0,1.0978508,0.2363828718662262,0.44655343890190125,0.14441443979740143
YML100W,YDL211C,0,1.0973096,0.23625792562961578,0.44655343890190125,0.14451445639133453
YHR016C,YHR061C,1,1.0968943,0.2366613894701004,0.4475524425506592,0.14451445639133453
YFR024C-A,YIL138C,1,1.0965402,0.2370644211769104,0.4485514461994171,0.14451445639133453
YGL142C,YLR150W,0,1.0962011,0.23693931102752686,0.4485514461994171,0.14461445808410645
YNL094W,YMR032W,1,1.0955926,0.2373417764902115,0.44955044984817505,0.14461445808410645
YNL328C,YPR105C,0,1.0953289,0.23721665143966675,0.44955044984817505,0.14471447467803955
YJR117W,YGR193C,0,1.0949326,0.23709167540073395,0.44955044984817505,0.14481447637081146
YML092C,YGR004W,0,1.0948949,0.2369668185710907,0.44955044984817505,0.14491449296474457
YGR244C,YGR266W,0,1.0945867,0.2368421107530594,0.44955044984817505,0.14501449465751648
YIL147C,YAL028W,0,1.094038,0.23671752214431763,0.44955044984817505,0.14511451125144958
YAL028W,YPL117C,0,1.0939839,0.23659305274486542,0.44955044984817505,0.1452145278453827
YHR103W,YHL021C,0,1.0939591,0.23646873235702515,0.44955044984817505,0.1453145295381546
YHL038C,YGL144C,0,1.093557,0.23634453117847443,0.44955044984817505,0.1454145461320877
YIL156W,YBR107C,0,1.0927016,0.23622047901153564,0.44955044984817505,0.14551454782485962
YLR417W,YDR025W,0,1.0924153,0.23609653115272522,0.44955044984817505,0.14561456441879272
YBL061C,YNL094W,1,1.0918795,0.23649711906909943,0.450549453496933,0.14561456441879272
YDR471W,YHR114W,0,1.091563,0.236373171210289,0.450549453496933,0.14571456611156464
YJL020C,YKL007W,1,1.0906821,0.23677317798137665,0.4515484571456909,0.14571456611156464
YNL328C,YGL231C,0,1.0903901,0.23664921522140503,0.4515484571456909,0.14581458270549774
YNL167C,YJL083W,0,1.0899673,0.23652538657188416,0.4515484571456909,0.14591458439826965
YJL162C,YPL156C,0,1.0898371,0.23640167713165283,0.4515484571456909,0.14601460099220276
YGL025C,YIL144W,0,1.0889904,0.23627810180187225,0.4515484571456909,0.14611461758613586
YPR128C,YMR207C,0,1.0889621,0.23615464568138123,0.4515484571456909,0.14621461927890778
YOR264W,YGR007W,0,1.0889608,0.23603133857250214,0.4515484571456909,0.14631463587284088
YML004C,YHL006C,0,1.0883105,0.2359081357717514,0.4515484571456909,0.1464146375656128
YMR274C,YML061C,0,1.0874267,0.2357850819826126,0.4515484571456909,0.1465146541595459
YPL138C,YNL317W,0,1.0871923,0.23566214740276337,0.4515484571456909,0.1466146558523178
YOR264W,YBR188C,0,1.0870656,0.23553934693336487,0.4515484571456909,0.14671467244625092
YLR404W,YNL152W,1,1.0869954,0.23593750596046448,0.45254746079444885,0.14671467244625092
YNL145W,YMR274C,0,1.0868305,0.2358146756887436,0.45254746079444885,0.14681467413902283
YFL011W,YPL168W,0,1.0864108,0.23569199442863464,0.45254746079444885,0.14691469073295593
YLR234W,YCR021C,0,1.0858476,0.23556941747665405,0.45254746079444885,0.14701470732688904
YCR031C,YDR284C,0,1.08584,0.2354469895362854,0.45254746079444885,0.14711470901966095
YFR027W,YPR095C,0,1.0850956,0.2353246808052063,0.45254746079444885,0.14721472561359406
YIL137C,YBL051C,0,1.0850097,0.23520249128341675,0.45254746079444885,0.14731472730636597
YLR037C,YDR438W,0,1.0842811,0.23508043587207794,0.45254746079444885,0.14741474390029907
YKR095W,YKL114C,0,1.0841103,0.2349584996700287,0.45254746079444885,0.14751474559307098
YGR235C,YNL294C,0,1.0837836,0.23483669757843018,0.45254746079444885,0.1476147621870041
YHL031C,YDL076C,0,1.0829699,0.2347150295972824,0.45254746079444885,0.1477147787809372
YMR205C,YGL219C,0,1.0828929,0.2345934808254242,0.45254746079444885,0.1478147804737091
YOR132W,YDR168W,0,1.0828798,0.23447205126285553,0.45254746079444885,0.1479147970676422
YDL098C,YLL016W,0,1.082742,0.2343507558107376,0.45254746079444885,0.14801479876041412
YHL017W,YEL039C,0,1.0816333,0.23422957956790924,0.45254746079444885,0.14811481535434723
YEL018W,YDR284C,0,1.0813801,0.23410852253437042,0.45254746079444885,0.14821481704711914
YLL018C,YGL005C,0,1.0813158,0.23398759961128235,0.45254746079444885,0.14831483364105225
YGL181W,YGR241C,1,1.0809346,0.23438306152820587,0.4535464644432068,0.14831483364105225
YJL098W,YAL030W,0,1.0795572,0.2342621237039566,0.4535464644432068,0.14841483533382416
YLR189C,YIL062C,0,1.0794983,0.2341413050889969,0.4535464644432068,0.14851485192775726
YBR218C,YLR263W,0,1.0791036,0.23402062058448792,0.4535464644432068,0.14861486852169037
YLR411W,YNR024W,0,1.0784843,0.2339000552892685,0.4535464644432068,0.14871487021446228
YMR220W,YDR025W,0,1.0779943,0.23377960920333862,0.4535464644432068,0.14881488680839539
YHR185C,YNR030W,0,1.0777521,0.2336592823266983,0.4535464644432068,0.1489148885011673
YOR233W,YCR088W,1,1.076267,0.23405349254608154,0.4545454680919647,0.1489148885011673
YPL242C,YNL094W,1,1.0760396,0.23444730043411255,0.45554444193840027,0.1489148885011673
YBL035C,YGL093W,0,1.0759858,0.2343268245458603,0.45554444193840027,0.1490149050951004
YKR053C,YJR120W,0,1.0759515,0.23420646786689758,0.45554444193840027,0.14911490678787231
YBR054W,YMR041C,0,1.0750631,0.23408624529838562,0.45554444193840027,0.14921492338180542
YOR250C,YHR214W,0,1.0749073,0.2339661419391632,0.45554444193840027,0.14931492507457733
YBR043C,YMR226C,0,1.0744402,0.23384615778923035,0.45554444193840027,0.14941494166851044
YIL098C,YCR044C,0,1.0737367,0.23372629284858704,0.45554444193840027,0.14951495826244354
YDR122W,YKL134C,0,1.0736375,0.23360656201839447,0.45554444193840027,0.14961495995521545
YDR092W,YCR038C,0,1.0732496,0.23348695039749146,0.45554444193840027,0.14971497654914856
YGL073W,YGR165W,0,1.0731947,0.233367457985878,0.45554444193840027,0.14981497824192047
YIL154C,YHR024C,0,1.0729626,0.23324808478355408,0.45554444193840027,0.14991499483585358
YFR010W,YHL050C,0,1.0725484,0.23312883079051971,0.45554444193840027,0.1500149965286255
YIR026C,YBR045C,0,1.0721054,0.2330097109079361,0.45554444193840027,0.1501150131225586
YHR122W,YDL119C,0,1.0717349,0.23289071023464203,0.45554444193840027,0.1502150148153305
YJL057C,YML061C,0,1.0714979,0.2327718287706375,0.45554444193840027,0.1503150314092636
YDR427W,YNL094W,0,1.0714129,0.23265306651592255,0.45554444193840027,0.15041504800319672
YMR234W,YGL151W,0,1.0707575,0.23253442347049713,0.45554444193840027,0.15051504969596863
YIL107C,YDL087C,0,1.0701733,0.23241589963436127,0.45554444193840027,0.15061506628990173
YLR007W,YPL097W,0,1.0700758,0.23229750990867615,0.45554444193840027,0.15071506798267365
YGR078C,YHR009C,0,1.0694501,0.23217922449111938,0.45554444193840027,0.15081508457660675
YOR081C,YKR049C,0,1.0691942,0.23206107318401337,0.45554444193840027,0.15091508626937866
YGR174C,YNL063W,0,1.068994,0.2319430261850357,0.45554444193840027,0.15101510286331177
YKL058W,YDR301W,0,1.068982,0.2318251132965088,0.45554444193840027,0.15111510455608368
YKL150W,YJL083W,0,1.0689344,0.23170731961727142,0.45554444193840027,0.15121512115001678
YCL029C,YDR175C,0,1.0685313,0.2315896451473236,0.45554444193840027,0.1513151377439499
YNR019W,YNL094W,0,1.0684565,0.23147207498550415,0.45554444193840027,0.1514151394367218
YKR027W,YDR289C,0,1.068424,0.23135463893413544,0.45554444193840027,0.1515151560306549
YJR046W,YKR083C,0,1.0678285,0.23123732209205627,0.45554444193840027,0.15161515772342682
YLR220W,YPL179W,0,1.067615,0.23112012445926666,0.45554444193840027,0.15171517431735992
YBR189W,YLL057C,0,1.0675998,0.2310030460357666,0.45554444193840027,0.15181517601013184
YAR033W,YMR274C,0,1.0674226,0.2308860719203949,0.45554444193840027,0.15191519260406494
YDR204W,YKL032C,0,1.0667078,0.23076923191547394,0.45554444193840027,0.15201519429683685
YFL049W,YDR108W,0,1.0664904,0.23065251111984253,0.45554444193840027,0.15211521089076996
YNL054W,YPL010W,0,1.0664737,0.23053589463233948,0.45554444193840027,0.15221522748470306
YGR260W,YDL076C,0,1.0662566,0.23041939735412598,0.45554444193840027,0.15231522917747498
YPR131C,YGR044C,0,1.0658412,0.23030303418636322,0.45554444193840027,0.15241524577140808
YGR205W,YLL006W,0,1.0657504,0.23018677532672882,0.45554444193840027,0.15251524746418
YOR320C,YOR172W,0,1.0647935,0.23007063567638397,0.45554444193840027,0.1526152640581131
YDR435C,YDR301W,0,1.0645597,0.22995461523532867,0.45554444193840027,0.152715265750885
YCR086W,YLR189C,0,1.0641173,0.22983871400356293,0.45554444193840027,0.15281528234481812
YGL098W,YHR090C,0,1.0636419,0.22972291707992554,0.45554444193840027,0.15291529893875122
YBR248C,YHR080C,0,1.0634253,0.2296072542667389,0.45554444193840027,0.15301530063152313
YHR205W,YMR153W,0,1.0629959,0.2294916957616806,0.45554444193840027,0.15311531722545624
YCR009C,YLR319C,1,1.0627143,0.22987927496433258,0.4565434455871582,0.15311531722545624
YFR014C,YPR141C,0,1.0625782,0.2297637015581131,0.4565434455871582,0.15321531891822815
YPL004C,YLR150W,0,1.0625663,0.22964824736118317,0.4565434455871582,0.15331533551216125
YCR107W,YLR323C,0,1.0623336,0.2295328974723816,0.4565434455871582,0.15341533720493317
YPL018W,YLR323C,0,1.0620701,0.22941766679286957,0.4565434455871582,0.15351535379886627
YOR101W,YDL076C,0,1.061473,0.2293025553226471,0.4565434455871582,0.15361535549163818
YKL079W,YNR033W,0,1.0614166,0.22918756306171417,0.4565434455871582,0.1537153720855713
YLL067C,YLR247C,0,1.0603065,0.2290726751089096,0.4565434455871582,0.1538153886795044
YIL154C,YIL148W,0,1.0602486,0.2289579212665558,0.4565434455871582,0.1539153903722763
YHL050C,YIL062C,0,1.0599324,0.22884327173233032,0.4565434455871582,0.1540154069662094
YJL096W,YJR049C,0,1.0591768,0.22872872650623322,0.4565434455871582,0.15411540865898132
YMR041C,YDL139C,0,1.059119,0.22861430048942566,0.4565434455871582,0.15421542525291443
YDR350C,YML096W,0,1.0590681,0.22849999368190765,0.4565434455871582,0.15431542694568634
YLR037C,YNL176C,0,1.0579901,0.2283858060836792,0.4565434455871582,0.15441544353961945
YDR482C,YGR055W,0,1.0579402,0.2282717227935791,0.4565434455871582,0.15451544523239136
YKL110C,YIL130W,0,1.0579224,0.22815775871276855,0.4565434455871582,0.15461546182632446
YIL147C,YLR196W,0,1.0578604,0.22804391384124756,0.4565434455871582,0.15471547842025757
YAL007C,YPR134W,0,1.0575687,0.22793017327785492,0.4565434455871582,0.15481548011302948
YLR417W,YMR195W,0,1.0572331,0.22781655192375183,0.4565434455871582,0.15491549670696259
YLR102C,YPR148C,0,1.0565116,0.2277030348777771,0.4565434455871582,0.1550154983997345
YLL026W,YIL005W,0,1.0563102,0.22758963704109192,0.4565434455871582,0.1551155149936676
YER100W,YDR284C,0,1.0561306,0.2274763584136963,0.4565434455871582,0.15521551668643951
YGL144C,YKL040C,0,1.0560123,0.22736318409442902,0.4565434455871582,0.15531553328037262
YMR243C,YLR194C,0,1.0555124,0.2272501289844513,0.4565434455871582,0.15541553497314453
YDR422C,YJL003W,0,1.0554532,0.22713717818260193,0.4565434455871582,0.15551555156707764
YGL063W,YER014W,0,1.0553277,0.22702434659004211,0.4565434455871582,0.15561556816101074
YAL019W,YKL002W,0,1.05423,0.22691161930561066,0.4565434455871582,0.15571556985378265
YNL199C,YBL063W,0,1.0532908,0.22679901123046875,0.4565434455871582,0.15581558644771576
YIL154C,YMR225C,0,1.0522962,0.2266865074634552,0.4565434455871582,0.15591558814048767
YLR193C,YBR045C,0,1.0513598,0.2265741229057312,0.4565434455871582,0.15601560473442078
YHR108W,YOR027W,0,1.0501446,0.22646184265613556,0.4565434455871582,0.1561156064271927
YFR034C,YCL039W,0,1.0499964,0.22634968161582947,0.4565434455871582,0.1562156230211258
YJL026W,YPL161C,0,1.0498106,0.22623762488365173,0.4565434455871582,0.1563156247138977
YDR323C,YGR097W,0,1.0495644,0.22612568736076355,0.4565434455871582,0.1564156413078308
YIL013C,YJR035W,0,1.0495138,0.22601385414600372,0.4565434455871582,0.15651565790176392
YMR041C,YPL207W,0,1.0491347,0.22590212523937225,0.4565434455871582,0.15661565959453583
YBL080C,YJL174W,0,1.049053,0.22579051554203033,0.4565434455871582,0.15671567618846893
YMR205C,YOR086C,0,1.0489341,0.22567901015281677,0.4565434455871582,0.15681567788124084
YIL137C,YPL193W,0,1.0486231,0.22556762397289276,0.4565434455871582,0.15691569447517395
YKR064W,YMR125W,0,1.0484688,0.2254563421010971,0.4565434455871582,0.15701569616794586
YER062C,YDR025W,0,1.0483379,0.2253451645374298,0.4565434455871582,0.15711571276187897
YLR193C,YOR019W,0,1.0478911,0.22523410618305206,0.4565434455871582,0.15721571445465088
YBR069C,YKR027W,0,1.0476699,0.22512315213680267,0.4565434455871582,0.15731573104858398
YLR259C,YIL062C,0,1.0465021,0.22501230239868164,0.4565434455871582,0.1574157476425171
YML100W,YIL137C,0,1.046088,0.22490157186985016,0.4565434455871582,0.157515749335289
YLR239C,YDR023W,0,1.0459957,0.22479094564914703,0.4565434455871582,0.1576157659292221
YPR154W,YLR313C,0,1.0456192,0.22468043863773346,0.4565434455871582,0.15771576762199402
YPR169W,YKL077W,0,1.0455098,0.22457002103328705,0.4565434455871582,0.15781578421592712
YDR148C,YIL173W,0,1.0452962,0.2244597226381302,0.4565434455871582,0.15791578590869904
YML120C,YDR463W,0,1.0452955,0.22434952855110168,0.4565434455871582,0.15801580250263214
YCR045C,YDR002W,0,1.0448337,0.22423945367336273,0.4565434455871582,0.15811580419540405
YER008C,YLR342W,1,1.0447397,0.22461991012096405,0.45754244923591614,0.15811580419540405
YLR215C,YNL118C,0,1.0444217,0.2245098054409027,0.45754244923591614,0.15821582078933716
YHR139C,YHL050C,0,1.0443934,0.22439980506896973,0.45754244923591614,0.15831583738327026
YMR286W,YDL175C,0,1.0439622,0.2242899090051651,0.45754244923591614,0.15841583907604218
YLR345W,YBL031W,0,1.0439568,0.22418013215065002,0.45754244923591614,0.15851585566997528
YLR085C,YIL062C,0,1.0437609,0.2240704447031021,0.45754244923591614,0.1586158573627472
YLR417W,YBL051C,0,1.0426419,0.22396087646484375,0.45754244923591614,0.1587158739566803
YER008C,YER149C,1,1.0421137,0.22434017062187195,0.4585414528846741,0.1587158739566803
YJR109C,YDR244W,0,1.0418918,0.2242305874824524,0.4585414528846741,0.1588158756494522
YHR118C,YDL117W,0,1.0415943,0.22412109375,0.4585414528846741,0.15891589224338531
YPL130W,YKL155C,0,1.0411944,0.22401171922683716,0.4585414528846741,0.15901590883731842
YDR166C,YFL039C,1,1.0410701,0.22439023852348328,0.459540456533432,0.15901590883731842
YBR268W,YJL001W,0,1.0404254,0.22428083419799805,0.459540456533432,0.15911591053009033
YOR156C,YJL001W,0,1.0403879,0.22417153418064117,0.459540456533432,0.15921592712402344
YOR117W,YCR106W,0,1.0400865,0.22406235337257385,0.459540456533432,0.15931592881679535
YAL019W,YOR081C,0,1.0396378,0.2239532619714737,0.459540456533432,0.15941594541072845
YDL235C,YOR316C,0,1.0393745,0.2238442748785019,0.459540456533432,0.15951594710350037
YCL068C,YPR068C,0,1.0393381,0.22373540699481964,0.459540456533432,0.15961596369743347
YBR109C,YDL119C,0,1.0391765,0.22362664341926575,0.459540456533432,0.15971596539020538
YGR178C,YDR515W,0,1.0388615,0.2235179841518402,0.459540456533432,0.1598159819841385
YML057W,YNR038W,0,1.0388612,0.22340942919254303,0.459540456533432,0.1599159985780716
YJL186W,YGR097W,0,1.0380024,0.223300963640213,0.459540456533432,0.1600160002708435
YKL054C,YFR025C,0,1.0379963,0.22319263219833374,0.459540456533432,0.1601160168647766
YGL126W,YLL024C,0,1.0379121,0.22308439016342163,0.459540456533432,0.16021601855754852
YPL225W,YJR108W,0,1.0367757,0.22297625243663788,0.459540456533432,0.16031603515148163
YNL271C,YLR337C,1,1.0366215,0.22335271537303925,0.46053946018218994,0.16031603515148163
YKL101W,YNL152W,1,1.0356679,0.22372882068157196,0.4615384638309479,0.16031603515148163
YDL225W,YDR409W,1,1.0355961,0.22410455346107483,0.4625374674797058,0.16031603515148163
YHR210C,YPR008W,0,1.0355027,0.2239961326122284,0.4625374674797058,0.16041603684425354
YBR109C,YLR288C,0,1.0354028,0.22388781607151031,0.4625374674797058,0.16051605343818665
YGR120C,YPR057W,0,1.0353503,0.2237796038389206,0.4625374674797058,0.16061605513095856
YGR080W,YHR161C,1,1.0349708,0.22415459156036377,0.46353647112846375,0.16061605513095856
YOR002W,YOL059W,0,1.0349464,0.22404634952545166,0.46353647112846375,0.16071607172489166
YLR215C,YMR118C,0,1.0348196,0.2239382266998291,0.46353647112846375,0.16081608831882477
YML023C,YDL134C,0,1.0339036,0.2238301932811737,0.46353647112846375,0.16091609001159668
YOR156C,YGL151W,0,1.0338975,0.22372227907180786,0.46353647112846375,0.16101610660552979
YPL001W,YLR299W,0,1.0335974,0.22361445426940918,0.46353647112846375,0.1611161082983017
YER100W,YBL007C,0,1.0332785,0.22350674867630005,0.46353647112846375,0.1612161248922348
YLR324W,YLR052W,0,1.0330837,0.22339913249015808,0.46353647112846375,0.1613161265850067
YLL006W,YFR034C,0,1.0330774,0.22329162061214447,0.46353647112846375,0.16141614317893982
YGR004W,YDR200C,0,1.0324649,0.2231842279434204,0.46353647112846375,0.16151614487171173
YOR008C,YIL140W,1,1.0324076,0.22355769574642181,0.4645354747772217,0.16151614487171173
YMR220W,YER139C,0,1.0320491,0.22345025837421417,0.4645354747772217,0.16161616146564484
YOR372C,YFR050C,0,1.0320028,0.22334294021129608,0.4645354747772217,0.16171617805957794
YPR095C,YNR019W,0,1.0318518,0.22323571145534515,0.4645354747772217,0.16181617975234985
YLR299W,YER081W,0,1.0313951,0.22312860190868378,0.4645354747772217,0.16191619634628296
YMR053C,YBL025W,0,1.0308999,0.22302158176898956,0.4645354747772217,0.16201619803905487
YML092C,YGL016W,0,1.0308928,0.2229146659374237,0.4645354747772217,0.16211621463298798
YKL026C,YCL048W,0,1.0305945,0.2228078544139862,0.4645354747772217,0.1622162163257599
YPR120C,YHR194W,0,1.0303888,0.22270114719867706,0.4645354747772217,0.162316232919693
YHR114W,YBR102C,1,1.0300679,0.22307324409484863,0.4655344784259796,0.162316232919693
YOR122C,YNL106C,1,1.0299897,0.22344498336315155,0.46653345227241516,0.162316232919693
YLR220W,YBR112C,0,1.0296197,0.22333811223506927,0.46653345227241516,0.1624162346124649
YLR193C,YGL085W,0,1.029592,0.22323136031627655,0.46653345227241516,0.162516251206398
YOL061W,YMR035W,0,1.0293623,0.223124697804451,0.46653345227241516,0.16261626780033112
YNL271C,YCL029C,1,1.029276,0.2234957069158554,0.4675324559211731,0.16261626780033112
YJL110C,YPR120C,0,1.0290748,0.22338901460170746,0.4675324559211731,0.16271626949310303
YBR153W,YCL035C,0,1.0288045,0.22328244149684906,0.4675324559211731,0.16281628608703613
YPL116W,YPR068C,0,1.0283594,0.22317597270011902,0.4675324559211731,0.16291628777980804
YPL133C,YPR071W,0,1.0282896,0.22306959331035614,0.4675324559211731,0.16301630437374115
YNL045W,YDL154W,0,1.0281429,0.22296331822872162,0.4675324559211731,0.16311630606651306
YKR093W,YOL135C,0,1.0277048,0.22285714745521545,0.4675324559211731,0.16321632266044617
YPL207W,YGR057C,0,1.0275521,0.22275106608867645,0.4675324559211731,0.16331632435321808
YHR035W,YDR227W,0,1.0272532,0.222645103931427,0.4675324559211731,0.16341634094715118
YMR063W,YHL011C,0,1.0272,0.22253923118114471,0.4675324559211731,0.1635163575410843
YJR049C,YGR120C,0,1.0267465,0.22243346273899078,0.4675324559211731,0.1636163592338562
YGL018C,YPR133C,0,1.026277,0.22232778370380402,0.4675324559211731,0.1637163758277893
YJL059W,YGL087C,0,1.0257555,0.2222222238779068,0.4675324559211731,0.16381637752056122
YGL142C,YKL052C,0,1.0255265,0.22211675345897675,0.4675324559211731,0.16391639411449432
YER167W,YER081W,0,1.0255263,0.22201138734817505,0.4675324559211731,0.16401639580726624
YNL094W,YDR019C,0,1.0254667,0.22190611064434052,0.4675324559211731,0.16411641240119934
YIL159W,YOR109W,1,1.0254039,0.22227488458156586,0.46853145956993103,0.16411641240119934
YBR130C,YKR077W,0,1.0253179,0.22216959297657013,0.46853145956993103,0.16421642899513245
YOR177C,YPR199C,0,1.0251768,0.22206439077854156,0.46853145956993103,0.16431643068790436
YBR046C,YDR375C,0,1.0248648,0.22195929288864136,0.46853145956993103,0.16441644728183746
YPL130W,YCL035C,0,1.0243664,0.2218542993068695,0.46853145956993103,0.16451644897460938
YER177W,YMR133W,0,1.0240775,0.221749410033226,0.46853145956993103,0.16461646556854248
YHR185C,YDL123W,0,1.0240722,0.22164461016654968,0.46853145956993103,0.1647164672613144
YGR235C,YDR469W,0,1.0236624,0.2215399146080017,0.46853145956993103,0.1648164838552475
YHL038C,YJL173C,0,1.0236268,0.2214353233575821,0.46853145956993103,0.1649164855480194
YPR055W,YDR218C,1,1.0235896,0.2218027412891388,0.46953046321868896,0.1649164855480194
YLR319C,YBR130C,1,1.0235626,0.22216981649398804,0.4705294668674469,0.1649164855480194
YPL269W,YDR510W,1,1.0230854,0.22253653407096863,0.47152847051620483,0.1649164855480194
YDR145W,YKL040C,0,1.0228877,0.22243167459964752,0.47152847051620483,0.16501650214195251
YGL189C,YER023W,0,1.0227959,0.22232688963413239,0.47152847051620483,0.16511651873588562
YBR046C,YPR007C,0,1.0217181,0.2222222238779068,0.47152847051620483,0.16521652042865753
YHL038C,YKL080W,0,1.0212301,0.22211764752864838,0.47152847051620483,0.16531653702259064
YOL020W,YBR119W,0,1.0210048,0.2220131754875183,0.47152847051620483,0.16541653871536255
YOL029C,YOR113W,0,1.0205548,0.2219087928533554,0.47152847051620483,0.16551655530929565
YDL124W,YOR253W,0,1.0204337,0.22180451452732086,0.47152847051620483,0.16561655700206757
YDL072C,YLR150W,0,1.0203352,0.22170032560825348,0.47152847051620483,0.16571657359600067
YOR011W,YGL238W,0,1.0201919,0.22159624099731445,0.47152847051620483,0.16581657528877258
YDR328C,YNL038W,0,1.019892,0.22149226069450378,0.47152847051620483,0.1659165918827057
YIL098C,YPR141C,0,1.0195209,0.22138836979866028,0.47152847051620483,0.1660166084766388
YBR279W,YGL018C,0,1.0194222,0.22128456830978394,0.47152847051620483,0.1661166101694107
YDL154W,YHR114W,0,1.0182526,0.22118088603019714,0.47152847051620483,0.1662166267633438
YGR080W,YLR189C,0,1.0178859,0.22107727825641632,0.47152847051620483,0.16631662845611572
YPL126W,YKR049C,0,1.0174624,0.22097378969192505,0.47152847051620483,0.16641664505004883
YGL073W,YFR016C,0,1.0161574,0.22087037563323975,0.47152847051620483,0.16651664674282074
YER063W,YJR049C,0,1.0160737,0.2207670658826828,0.47152847051620483,0.16661666333675385
YGR099W,YNL029C,0,1.0159816,0.2206638604402542,0.47152847051620483,0.16671666502952576
YNL020C,YKL081W,0,1.0155714,0.22056074440479279,0.47152847051620483,0.16681668162345886
YDR129C,YNL106C,1,1.0140879,0.22092479467391968,0.47252747416496277,0.16681668162345886
YER142C,YDL124W,0,1.013628,0.22082166373729706,0.47252747416496277,0.16691669821739197
YPL269W,YNL152W,1,1.0134099,0.22118525207042694,0.4735264778137207,0.16691669821739197
YMR158W,YFL011W,0,1.0131509,0.22108209133148193,0.4735264778137207,0.16701669991016388
YML076C,YDL149W,0,1.0131027,0.2209790199995041,0.4735264778137207,0.16711671650409698
YNL298W,YIR006C,1,1.0127847,0.2213420271873474,0.47452548146247864,0.16711671650409698
YDR246W,YLR260W,0,1.012616,0.22123894095420837,0.47452548146247864,0.1672167181968689
YPL100W,YCL051W,0,1.0123198,0.2211359441280365,0.47452548146247864,0.167316734790802
YDR439W,YIL137C,0,1.011202,0.2210330367088318,0.47452548146247864,0.1674167364835739
YBR130C,YEL032W,0,1.0111623,0.22093023359775543,0.47452548146247864,0.16751675307750702
YFR010W,YDL093W,0,1.0101519,0.22082751989364624,0.47452548146247864,0.16761675477027893
YMR091C,YKR052C,0,1.0099885,0.2207249104976654,0.47452548146247864,0.16771677136421204
YMR262W,YPL010W,0,1.0094593,0.22062239050865173,0.47452548146247864,0.16781678795814514
YGL104C,YGL226W,0,1.0094485,0.22051995992660522,0.47452548146247864,0.16791678965091705
YER142C,YDR092W,0,1.0090815,0.22041763365268707,0.47452548146247864,0.16801680624485016
YNL145W,YML096W,0,1.0087374,0.22031539678573608,0.47452548146247864,0.16811680793762207
YCR009C,YNL152W,1,1.0086783,0.22067686915397644,0.4755244851112366,0.16811680793762207
YKL129C,YPL210C,0,1.0074866,0.22057460248470306,0.4755244851112366,0.16821682453155518
YLR011W,YNL118C,0,1.0074663,0.22047244012355804,0.4755244851112366,0.1683168262243271
YIL036W,YKL048C,0,1.0072198,0.2203703671693802,0.4755244851112366,0.1684168428182602
YLR313C,YDR379W,1,1.0069988,0.22073113918304443,0.4765234887599945,0.1684168428182602
YML076C,YDR179C,0,1.0066987,0.22062905132770538,0.4765234887599945,0.1685168445110321
YOR158W,YLR189C,0,1.0065411,0.2205270528793335,0.4765234887599945,0.1686168611049652
YBL038W,YOR132W,0,1.0063946,0.22042514383792877,0.4765234887599945,0.16871687769889832
YMR261C,YGL171W,0,1.0061882,0.2203233242034912,0.4765234887599945,0.16881687939167023
YDL135C,YDR057W,0,1.0058327,0.220221608877182,0.4765234887599945,0.16891689598560333
YBR043C,YER071C,0,1.0057876,0.22011998295783997,0.4765234887599945,0.16901689767837524
YDL204W,YLL021W,1,1.0054553,0.22047971189022064,0.47752249240875244,0.16901689767837524
YBL007C,YGL240W,0,1.0053285,0.2203780561685562,0.47752249240875244,0.16911691427230835
YHR148W,YGL194C,0,1.0047721,0.22027650475502014,0.47752249240875244,0.16921691596508026
YCR009C,YNL020C,1,1.0039542,0.22063565254211426,0.478521466255188,0.16921691596508026
YPR017C,YDR438W,0,1.0033689,0.2205340713262558,0.478521466255188,0.16931693255901337
YNL183C,YGL087C,0,1.0031793,0.2204325795173645,0.478521466255188,0.16941693425178528
YDR323C,YAL028W,0,1.0031712,0.22033119201660156,0.478521466255188,0.16951695084571838
YLL014W,YDL117W,0,1.0031145,0.2202298790216446,0.478521466255188,0.1696169674396515
YCR009C,YNL271C,1,1.0026484,0.22058823704719543,0.4795204699039459,0.1696169674396515
YJL020C,YKL129C,1,1.0024946,0.22094625234603882,0.48051947355270386,0.1696169674396515
YLR045C,YIR006C,1,1.002259,0.22130395472049713,0.4815184772014618,0.1696169674396515
YOL095C,YPR086W,0,1.0021478,0.22120238840579987,0.4815184772014618,0.1697169691324234
YLR006C,YHL025W,0,1.001854,0.22110091149806976,0.4815184772014618,0.1698169857263565
YNL243W,YIR006C,1,1.0017416,0.2214580476284027,0.4825174808502197,0.1698169857263565
YML107C,YPL189W,0,1.0013208,0.2213565558195114,0.4825174808502197,0.16991698741912842
YDR407C,YHR118C,0,1.0012863,0.22125515341758728,0.4825174808502197,0.17001700401306152
YIL014W,YDL223C,0,1.0009133,0.2211538404226303,0.4825174808502197,0.17011700570583344
YGL098W,YHR110W,0,0.9996839,0.2210526317358017,0.4825174808502197,0.17021702229976654
YGR055W,YHL021C,0,0.9996727,0.22095151245594025,0.4825174808502197,0.17031703889369965
YNL286W,YLR313C,0,0.9994361,0.22085048258304596,0.4825174808502197,0.17041704058647156
YDR148C,YGL073W,0,0.9991928,0.22074954211711884,0.4825174808502197,0.17051705718040466
YFR024C-A,YOR127W,1,0.9991887,0.22110553085803986,0.48351648449897766,0.17051705718040466
YDL106C,YOR048C,0,0.99884135,0.22100456058979034,0.48351648449897766,0.17061705887317657
YNR048W,YMR226C,0,0.9970916,0.2209036946296692,0.48351648449897766,0.17071707546710968
YJR084W,YJR123W,0,0.9969935,0.2208029180765152,0.48351648449897766,0.1708170771598816
YDL189W,YJR046W,0,0.99634427,0.22070223093032837,0.48351648449897766,0.1709170937538147
YPR086W,YHR080C,0,0.99623615,0.2206016480922699,0.48351648449897766,0.1710170954465866
YMR040W,YGR003W,0,0.99603206,0.2205011397600174,0.48351648449897766,0.17111711204051971
YKL045W,YLR247C,0,0.996025,0.22040073573589325,0.48351648449897766,0.17121712863445282
YOR157C,YBL072C,0,0.99582857,0.22030040621757507,0.48351648449897766,0.17131713032722473
YJL085W,YMR032W,1,0.9957259,0.2206551432609558,0.4845154881477356,0.17131713032722473
YDR256C,YBR043C,0,0.99514097,0.22055479884147644,0.4845154881477356,0.17141714692115784
YFR010W,YML127W,0,0.99506193,0.22045454382896423,0.4845154881477356,0.17151714861392975
YPL115C,YPL248C,0,0.9948234,0.2203543782234192,0.4845154881477356,0.17161716520786285
YDR490C,YPR134W,0,0.99480385,0.2202543169260025,0.4845154881477356,0.17171716690063477
YKL062W,YNL094W,0,0.9947726,0.22015433013439178,0.4845154881477356,0.17181718349456787
YNR024W,YBR272C,0,0.99464947,0.22005444765090942,0.4845154881477356,0.17191718518733978
YLR360W,YGR266W,0,0.9944896,0.21995465457439423,0.4845154881477356,0.1720172017812729
YJR120W,YDR019C,0,0.9938336,0.219854936003685,0.4845154881477356,0.172117218375206
YEL006W,YOR195W,0,0.9933917,0.21975532174110413,0.4845154881477356,0.1722172200679779
YHR001W-A,YER081W,0,0.99288803,0.21965579688549042,0.4845154881477356,0.172317236661911
YDR092W,YPL253C,0,0.99255544,0.21955636143684387,0.4845154881477356,0.17241723835468292
YJL186W,YLL021W,0,0.99242324,0.2194570153951645,0.4845154881477356,0.17251725494861603
YDR201W,YFL056C,0,0.9921747,0.21935775876045227,0.4845154881477356,0.17261725664138794
YDR078C,YOL052C-A,0,0.99213713,0.21925859153270721,0.4845154881477356,0.17271727323532104
YHR006W,YOR060C,0,0.9920431,0.21915951371192932,0.4845154881477356,0.17281727492809296
YOR334W,YOR113W,0,0.99182934,0.2190605252981186,0.4845154881477356,0.17291729152202606
YML041C,YJR052W,0,0.9912936,0.21896162629127502,0.4845154881477356,0.17301730811595917
YJR108W,YKL039W,0,0.9907369,0.21886281669139862,0.4845154881477356,0.17311730980873108
YPR180W,YPL006W,0,0.9907151,0.21876409649848938,0.4845154881477356,0.17321732640266418
YDR002W,YPR180W,0,0.989981,0.2186654657125473,0.4845154881477356,0.1733173280954361
YJL186W,YGL139W,0,0.98992354,0.2185669243335724,0.4845154881477356,0.1734173446893692
YEL001C,YKL039W,0,0.9894722,0.21846847236156464,0.4845154881477356,0.1735173463821411
YIL075C,YCL044C,0,0.9892058,0.21837010979652405,0.4845154881477356,0.17361736297607422
YBR086C,YGL226W,0,0.98905665,0.21827182173728943,0.4845154881477356,0.17371736466884613
YHR073W,YOR254C,0,0.98900026,0.21817363798618317,0.4845154881477356,0.17381738126277924
YPL145C,YLR292C,0,0.98878056,0.21807554364204407,0.4845154881477356,0.17391739785671234
YCL048W,YGR142W,0,0.9886411,0.21797752380371094,0.4845154881477356,0.17401739954948425
YPR055W,YER063W,0,0.98730856,0.21787960827350616,0.4845154881477356,0.17411741614341736
YBR086C,YCR106W,0,0.98698944,0.21778176724910736,0.4845154881477356,0.17421741783618927
YDL160C,YDR178W,0,0.9869397,0.21768401563167572,0.4845154881477356,0.17431743443012238
YMR261C,YNL247W,0,0.98628753,0.21758636832237244,0.4845154881477356,0.1744174361228943
YDR190C,YKR031C,0,0.9855378,0.21748879551887512,0.4845154881477356,0.1745174527168274
YNL020C,YLL021W,1,0.98469144,0.2178395390510559,0.48551449179649353,0.1745174527168274
YDR409W,YDR218C,1,0.9845968,0.21818996965885162,0.48651349544525146,0.1745174527168274
YDL220C,YLL067C,0,0.9845781,0.21809224784374237,0.48651349544525146,0.1746174544095993
YJL096W,YDR437W,0,0.9845306,0.21799463033676147,0.48651349544525146,0.1747174710035324
YDR040C,YOL051W,0,0.9845272,0.21789708733558655,0.48651349544525146,0.17481748759746552
YOL126C,YER167W,0,0.9845093,0.21779964864253998,0.48651349544525146,0.17491748929023743
YOL096C,YPL063W,0,0.9841712,0.21770228445529938,0.48651349544525146,0.17501750588417053
YDR435C,YJL083W,0,0.98387367,0.21760500967502594,0.48651349544525146,0.17511750757694244
YAR042W,YDR110W,0,0.98315746,0.21750780940055847,0.48651349544525146,0.17521752417087555
YLR345W,YDL211C,0,0.98282814,0.21741071343421936,0.48651349544525146,0.17531752586364746
YGR007W,YJR118C,0,0.9827841,0.21731369197368622,0.48651349544525146,0.17541754245758057
YNL271C,YDL161W,1,0.9821966,0.21766279637813568,0.4875124990940094,0.17541754245758057
YDR145W,YGR260W,0,0.98195654,0.21756576001644135,0.4875124990940094,0.17551755905151367
YFR016C,YAR009C,0,0.9818496,0.21746881306171417,0.4875124990940094,0.17561756074428558
YLL024C,YNL054W,0,0.98161376,0.21737194061279297,0.4875124990940094,0.1757175773382187
YGR082W,YCR065W,0,0.9810451,0.21727515757083893,0.4875124990940094,0.1758175790309906
YPL036W,YDR135C,0,0.9809746,0.21717846393585205,0.4875124990940094,0.1759175956249237
YMR076C,YML107C,0,0.9800273,0.21708184480667114,0.4875124990940094,0.17601759731769562
YKL069W,YNL023C,0,0.97997415,0.2169853299856186,0.4875124990940094,0.17611761391162872
YDL247W,YDL119C,0,0.97983235,0.216888889670372,0.4875124990940094,0.17621761560440063
YPL126W,YMR153W,0,0.9795096,0.2167925387620926,0.4875124990940094,0.17631763219833374
YGL189C,YER167W,0,0.97908175,0.21669627726078033,0.4875124990940094,0.17641764879226685
YCL044C,YNL161W,0,0.9785298,0.21660009026527405,0.4875124990940094,0.17651765048503876
YOR087W,YLR248W,0,0.97837883,0.21650399267673492,0.4875124990940094,0.17661766707897186
YCR091W,YPL224C,0,0.9782132,0.21640798449516296,0.4875124990940094,0.17671766877174377
YOR027W,YLL016W,0,0.9782035,0.21631205081939697,0.4875124990940094,0.17681768536567688
YMR192W,YLR324W,0,0.9773537,0.21621622145175934,0.4875124990940094,0.1769176870584488
YBR109C,YLL014W,0,0.97700596,0.21612046658992767,0.4875124990940094,0.1770177036523819
YCR107W,YLR367W,0,0.97663397,0.21602478623390198,0.4875124990940094,0.1771177053451538
YOL135C,YCL048W,0,0.9762914,0.21592921018600464,0.4875124990940094,0.17721772193908691
YHR090C,YPL161C,0,0.9762643,0.21583370864391327,0.4875124990940094,0.17731773853302002
YPR114W,YNL278W,0,0.9757901,0.21573828160762787,0.4875124990940094,0.17741774022579193
YGL142C,YEL051W,0,0.97532564,0.21564295887947083,0.4875124990940094,0.17751775681972504
YPR173C,YIL087C,0,0.97516817,0.21554769575595856,0.4875124990940094,0.17761775851249695
YNL045W,YGL231C,0,0.9750577,0.21545253694057465,0.4875124990940094,0.17771777510643005
YBL007C,YJL085W,1,0.97492117,0.2157987654209137,0.48851150274276733,0.17771777510643005
YKR078W,YAL030W,0,0.97482353,0.2157035768032074,0.48851150274276733,0.17781777679920197
YJR102C,YAL059W,0,0.97462565,0.21560846269130707,0.48851150274276733,0.17791779339313507
YDR201W,YER177W,0,0.9741271,0.2155134379863739,0.48851150274276733,0.17801779508590698
YNL263C,YMR234W,0,0.97411746,0.2154185026884079,0.48851150274276733,0.1781178116798401
YJR132W,YLL016W,0,0.97349566,0.21532364189624786,0.48851150274276733,0.1782178282737732
YDL243C,YLR260W,0,0.9733268,0.215228870511055,0.48851150274276733,0.1783178299665451
YOR122C,YLL021W,1,0.97326815,0.21557413041591644,0.4895104765892029,0.1783178299665451
YER102W,YPR174C,0,0.9731061,0.21547932922840118,0.4895104765892029,0.1784178465604782
YBL061C,YOR367W,1,0.97238773,0.2158241719007492,0.4905094802379608,0.1784178465604782
YAR033W,YGR244C,0,0.971916,0.21572935581207275,0.4905094802379608,0.17851784825325012
YHR103W,YDR422C,0,0.9719071,0.21563461422920227,0.4905094802379608,0.17861786484718323
YAL015C,YJR035W,0,0.97126806,0.21553994715213776,0.4905094802379608,0.17871786653995514
YGL129C,YPL006W,0,0.9711303,0.2154453694820404,0.4905094802379608,0.17881788313388824
YPL137C,YDL223C,0,0.9703825,0.21535088121891022,0.4905094802379608,0.17891788482666016
YDR160W,YLR337C,0,0.96932036,0.215256467461586,0.4905094802379608,0.17901790142059326
YOR267C,YDR372C,0,0.9686915,0.21516214311122894,0.4905094802379608,0.17911791801452637
YIL036W,YIL033C,0,0.96860176,0.21506789326667786,0.4905094802379608,0.17921791970729828
YFR038W,YKL005C,0,0.96839315,0.21497373282909393,0.4905094802379608,0.17931793630123138
YPR120C,YKL087C,0,0.9678882,0.21487964689731598,0.4905094802379608,0.1794179379940033
YHR154W,YDR168W,0,0.9677768,0.2147856503725052,0.4905094802379608,0.1795179545879364
YBR119W,YOR250C,0,0.9669642,0.21469174325466156,0.4905094802379608,0.1796179562807083
YLR131C,YOR258W,0,0.9665417,0.2145978957414627,0.4905094802379608,0.17971797287464142
YBR211C,YOR320C,0,0.9658333,0.2145041525363922,0.4905094802379608,0.17981797456741333
YKL039W,YDR303C,0,0.9655006,0.21441048383712769,0.4905094802379608,0.17991799116134644
YOR247W,YER023W,0,0.9648966,0.21431688964366913,0.4905094802379608,0.18001800775527954
YNL250W,YKR100C,0,0.9646545,0.21422338485717773,0.4905094802379608,0.18011800944805145
YML021C,YNL063W,0,0.96377665,0.2141299545764923,0.4905094802379608,0.18021802604198456
YDL247W,YKL005C,0,0.9635424,0.21403661370277405,0.4905094802379608,0.18031802773475647
YML004C,YKL099C,0,0.96340996,0.21394336223602295,0.4905094802379608,0.18041804432868958
YGR080W,YMR092C,1,0.9633289,0.2142857164144516,0.49150848388671875,0.18041804432868958
YMR063W,YBR016W,0,0.9628571,0.21419242024421692,0.49150848388671875,0.1805180460214615
YMR286W,YGR040W,0,0.9625288,0.2140992134809494,0.49150848388671875,0.1806180626153946
YGL053W,YBR168W,0,0.96241885,0.21400609612464905,0.49150848388671875,0.1807180792093277
YBR029C,YBR107C,0,0.9623339,0.21391303837299347,0.49150848388671875,0.1808180809020996
YOL122C,YBL031W,0,0.96215457,0.21382008492946625,0.49150848388671875,0.18091809749603271
YDL161W,YDL204W,1,0.962004,0.21416160464286804,0.4925074875354767,0.18091809749603271
YLR258W,YPL178W,0,0.96162456,0.21406860649585724,0.4925074875354767,0.18101809918880463
YML041C,YDR427W,0,0.9604531,0.2139756977558136,0.4925074875354767,0.18111811578273773
YKR096W,YLR263W,0,0.96043783,0.21388286352157593,0.4925074875354767,0.18121811747550964
YHR009C,YKL155C,0,0.9597111,0.21379011869430542,0.4925074875354767,0.18131813406944275
YML059C,YNL123W,0,0.9595793,0.21369744837284088,0.4925074875354767,0.18141813576221466
YBR211C,YDR545W,0,0.9594775,0.2136048525571823,0.4925074875354767,0.18151815235614777
YDR268W,YEL032W,0,0.95941055,0.2135123461484909,0.4925074875354767,0.18161816895008087
YOR334W,YIL062C,0,0.959167,0.21341991424560547,0.4925074875354767,0.18171817064285278
YGL243W,YCR091W,0,0.9590655,0.213327556848526,0.4925074875354767,0.1818181872367859
YGL093W,YDR381W,0,0.95878,0.2132352888584137,0.4925074875354767,0.1819181889295578
YOR018W,YKL192C,0,0.9577686,0.21314311027526855,0.4925074875354767,0.1820182055234909
YHR090C,YGR044C,0,0.95775735,0.2130509912967682,0.4925074875354767,0.18211820721626282
YOR241W,YKL005C,0,0.9567105,0.21295896172523499,0.4925074875354767,0.18221822381019592
YOR227W,YPR120C,0,0.9566434,0.21286700665950775,0.4925074875354767,0.18231822550296783
YNL181W,YKL063C,0,0.95659816,0.21277514100074768,0.4925074875354767,0.18241824209690094
YLL066C,YLR258W,0,0.95651317,0.21268334984779358,0.4925074875354767,0.18251825869083405
YOR264W,YLR115W,0,0.95650786,0.21259163320064545,0.4925074875354767,0.18261826038360596
YBR038W,YOR253W,0,0.956463,0.21250000596046448,0.4925074875354767,0.18271827697753906
YPR106W,YDR261C,0,0.9563898,0.21240843832492828,0.4925074875354767,0.18281827867031097
YDR189W,YEL019C,0,0.95634705,0.21231697499752045,0.4925074875354767,0.18291829526424408
YOR363C,YGR007W,0,0.9560674,0.21222557127475739,0.4925074875354767,0.183018296957016
YFR024C-A,YJL003W,0,0.95569867,0.2121342569589615,0.4925074875354767,0.1831183135509491
YLR194C,YDR002W,0,0.95556694,0.21204301714897156,0.4925074875354767,0.183218315243721
YDR244W,YAL026C,0,0.95527786,0.2119518518447876,0.4925074875354767,0.1833183318376541
YOR264W,YDL106C,0,0.95508665,0.2118607610464096,0.4925074875354767,0.18341834843158722
YDR482C,YJL167W,0,0.9549281,0.21176975965499878,0.4925074875354767,0.18351835012435913
YOR192C,YCR106W,0,0.9548766,0.21167883276939392,0.4925074875354767,0.18361836671829224
YLR466W,YMR183C,0,0.95458317,0.21158798038959503,0.4925074875354767,0.18371836841106415
YDL124W,YPL178W,0,0.9538817,0.2114972174167633,0.4925074875354767,0.18381838500499725
YDR427W,YGR007W,0,0.95332956,0.21140651404857635,0.4925074875354767,0.18391838669776917
YMR195W,YPL021W,0,0.9527474,0.21131590008735657,0.4925074875354767,0.18401840329170227
YKL058W,YGR142W,0,0.952648,0.21122536063194275,0.4925074875354767,0.18411840498447418
YMR234W,YNL181W,0,0.9526037,0.2111349105834961,0.4925074875354767,0.1842184215784073
YDR201W,YFL026W,0,0.9519046,0.2110445201396942,0.4925074875354767,0.1843184381723404
YJR073C,YHL028W,0,0.9518441,0.2109542191028595,0.4925074875354767,0.1844184398651123
YKR064W,YJR052W,0,0.9516561,0.21086399257183075,0.4925074875354767,0.1845184564590454
YHL038C,YLR058C,0,0.95048493,0.21077384054660797,0.4925074875354767,0.18461845815181732
YOR260W,YDR257C,0,0.9504811,0.21068376302719116,0.4925074875354767,0.18471847474575043
YOR018W,YDR381W,0,0.9503754,0.21059376001358032,0.4925074875354767,0.18481847643852234
YEL005C,YGR170W,0,0.9497645,0.21050384640693665,0.4925074875354767,0.18491849303245544
YER063W,YBR101C,0,0.94962525,0.21041399240493774,0.4925074875354767,0.18501849472522736
YDR381W,YPR180W,0,0.9496123,0.210324227809906,0.4925074875354767,0.18511851131916046
YLR337C,YNL094W,1,0.94948524,0.21066097915172577,0.4935064911842346,0.18511851131916046
YGL067W,YPL175W,0,0.94901514,0.21057118475437164,0.4935064911842346,0.18521852791309357
YPR071W,YMR153W,0,0.9481178,0.2104814648628235,0.4935064911842346,0.18531852960586548
YLR037C,YFR053C,0,0.948096,0.2103918194770813,0.4935064911842346,0.18541854619979858
YKR096W,YFL011W,0,0.94798344,0.21030226349830627,0.4935064911842346,0.1855185478925705
YDL076C,YPL254W,0,0.9479402,0.21021276712417603,0.4935064911842346,0.1856185644865036
YGL005C,YKL048C,0,0.94773525,0.21012334525585175,0.4935064911842346,0.1857185661792755
YJR090C,YIL140W,1,0.94755596,0.21045918762683868,0.49450549483299255,0.1857185661792755
YIL056W,YKL058W,0,0.947471,0.21036973595619202,0.49450549483299255,0.18581858277320862
YGR198W,YBL007C,1,0.9474055,0.21070517599582672,0.4955044984817505,0.18581858277320862
YDL105W,YDR257C,0,0.94724387,0.21061570942401886,0.4955044984817505,0.18591858446598053
YMR286W,YOL011W,0,0.94719404,0.21052631735801697,0.4955044984817505,0.18601860105991364
YLR058C,YLL021W,0,0.94717073,0.21043699979782104,0.4955044984817505,0.18611861765384674
YIL014W,YLR248W,0,0.9470444,0.2103477567434311,0.4955044984817505,0.18621861934661865
YJL054W,YML082W,0,0.94682837,0.2102585881948471,0.4955044984817505,0.18631863594055176
YIL014W,YPL221W,0,0.946689,0.2101694941520691,0.4955044984817505,0.18641863763332367
YLR284C,YDR301W,0,0.94638366,0.21008047461509705,0.4955044984817505,0.18651865422725677
YOL076W,YKL080W,0,0.94622344,0.20999152958393097,0.4955044984817505,0.1866186559200287
YFR016C,YMR262W,0,0.9461233,0.20990265905857086,0.4955044984817505,0.1867186725139618
YPL224C,YOR129C,0,0.9457512,0.20981387794017792,0.4955044984817505,0.1868186891078949
YNL031C,YDR469W,0,0.9454942,0.20972515642642975,0.4955044984817505,0.1869186908006668
YGL115W,YNL176C,0,0.9454249,0.20963652431964874,0.4955044984817505,0.18701870739459991
YMR105C,YPR057W,0,0.94516814,0.2095479518175125,0.4955044984817505,0.18711870908737183
YFR014C,YDL154W,0,0.9451626,0.20945945382118225,0.4955044984817505,0.18721872568130493
YBR109C,YFR034C,0,0.9450812,0.20937104523181915,0.4955044984817505,0.18731872737407684
YAR009C,YGR057C,0,0.94485277,0.20928269624710083,0.4955044984817505,0.18741874396800995
YDR129C,YDR233C,1,0.94468766,0.20961619913578033,0.4965035021305084,0.18741874396800995
YNL054W,YHR118C,0,0.94466156,0.20952782034873962,0.4965035021305084,0.18751874566078186
YDR166C,YBR130C,1,0.9436401,0.2098609358072281,0.49750250577926636,0.18751874566078186
YLR167W,YIL053W,0,0.9433919,0.20977254211902618,0.49750250577926636,0.18761876225471497
YKR093W,YHL003C,0,0.94324094,0.20968420803546906,0.49750250577926636,0.18771877884864807
YER100W,YNL130C,0,0.9431587,0.2095959633588791,0.49750250577926636,0.18781878054141998
YGR080W,YGL181W,1,0.94296026,0.2099284827709198,0.4985015094280243,0.18781878054141998
YBL080C,YJR054W,0,0.94286126,0.20984020829200745,0.4985015094280243,0.1879187971353531
YOR247W,YHL026C,0,0.94242394,0.20975199341773987,0.4985015094280243,0.188018798828125
YDL247W,YDR397C,0,0.94242185,0.20966386795043945,0.4985015094280243,0.1881188154220581
YBR049C,YLR460C,0,0.9420319,0.2095758020877838,0.4985015094280243,0.18821881711483002
YHR108W,YER033C,0,0.94200015,0.20948782563209534,0.4985015094280243,0.18831883370876312
YDR217C,YDR284C,0,0.94189674,0.20939990878105164,0.4985015094280243,0.18841883540153503
YKL132C,YLR060W,0,0.9412358,0.2093120813369751,0.4985015094280243,0.18851885199546814
YGR142W,YKR095W,0,0.9411867,0.20922431349754333,0.4985015094280243,0.18861886858940125
YOL023W,YGL018C,0,0.941121,0.20913663506507874,0.4985015094280243,0.18871887028217316
YNL031C,YKR089C,0,0.94089836,0.2090490162372589,0.4985015094280243,0.18881888687610626
YPL171C,YKL099C,0,0.94024473,0.20896147191524506,0.4985015094280243,0.18891888856887817
YNL190W,YHR037W,0,0.9402146,0.20887400209903717,0.4985015094280243,0.18901890516281128
YGL092W,YHL035C,0,0.9401632,0.20878660678863525,0.4985015094280243,0.1891189068555832
YOR122C,YPL242C,1,0.9400262,0.20911751687526703,0.4995005130767822,0.1891189068555832
YBL056W,YDR437W,0,0.9380314,0.20903010666370392,0.4995005130767822,0.1892189234495163
YDR434W,YMR262W,0,0.9374532,0.20894275605678558,0.4995005130767822,0.1893189251422882
YMR215W,YOR079C,0,0.93705493,0.20885546505451202,0.4995005130767822,0.1894189417362213
YPL001W,YAL015C,0,0.9362592,0.20876826345920563,0.4995005130767822,0.18951895833015442
YPR171W,YBL061C,1,0.9360564,0.20909850299358368,0.5004994869232178,0.18951895833015442
YNL051W,YBR162W-A,0,0.9345379,0.2090112566947937,0.5004994869232178,0.18961896002292633
YNL271C,YOR127W,1,0.93433416,0.2093411237001419,0.5014985203742981,0.18961896002292633
YNL025C,YPR017C,0,0.9339362,0.20925386250019073,0.5014985203742981,0.18971897661685944
YNR059W,YLR150W,0,0.93385834,0.20916666090488434,0.5014985203742981,0.18981897830963135
YER179W,YKR085C,0,0.93366027,0.2090795487165451,0.5014985203742981,0.18991899490356445
YLR277C,YML101C,0,0.9335976,0.20899251103401184,0.5014985203742981,0.19001899659633636
YGR078C,YDL105W,0,0.9332704,0.20890553295612335,0.5014985203742981,0.19011901319026947
YBR046C,YIR031C,0,0.9326681,0.20881862938404083,0.5014985203742981,0.19021901488304138
YIL130W,YKL077W,0,0.932625,0.20873181521892548,0.5014985203742981,0.1903190314769745
YGL005C,YHR214W,0,0.93231195,0.2086450606584549,0.5014985203742981,0.1904190480709076
YKR085C,YER155C,0,0.93224245,0.2085583657026291,0.5014985203742981,0.1905190497636795
YMR261C,YER109C,0,0.9321224,0.20847176015377045,0.5014985203742981,0.1906190663576126
YPL242C,YDR388W,1,0.9320069,0.2088003307580948,0.5024974942207336,0.1906190663576126
YOR034C,YGR044C,0,0.931817,0.20871369540691376,0.5024974942207336,0.19071906805038452
YPR037C,YLR382C,0,0.9316372,0.2086271196603775,0.5024974942207336,0.19081908464431763
YDR213W,YIL173W,0,0.93162113,0.2085406333208084,0.5024974942207336,0.19091908633708954
YGR205W,YOR195W,0,0.9311036,0.2084542065858841,0.5024974942207336,0.19101910293102264
YPL135W,YGL240W,0,0.93050784,0.20836785435676575,0.5024974942207336,0.19111910462379456
YOR132W,YIL173W,0,0.9304941,0.20828157663345337,0.5024974942207336,0.19121912121772766
YKR089C,YDL211C,0,0.930317,0.20819535851478577,0.5024974942207336,0.19131913781166077
YBL007C,YPL074W,1,0.9302091,0.2085229605436325,0.503496527671814,0.19131913781166077
YPL004C,YHL025W,0,0.93001026,0.2084367275238037,0.503496527671814,0.19141913950443268
YJR118C,YGR211W,0,0.92954427,0.2083505541086197,0.503496527671814,0.19151915609836578
YBL080C,YCR024C,0,0.9285142,0.20826447010040283,0.503496527671814,0.1916191577911377
YFR016C,YMR105C,0,0.92831725,0.20817844569683075,0.503496527671814,0.1917191743850708
YDR406W,YMR133W,0,0.92756534,0.20809248089790344,0.503496527671814,0.1918191760778427
YPL234C,YCR091W,0,0.92752,0.2080066055059433,0.503496527671814,0.19191919267177582
YMR192W,YER167W,0,0.9273363,0.20792078971862793,0.503496527671814,0.19201920926570892
YDR160W,YBR146W,0,0.9270899,0.20783504843711853,0.503496527671814,0.19211921095848083
YOR250C,YDR217C,0,0.92690307,0.2077493816614151,0.503496527671814,0.19221922755241394
YOR016C,YDR308C,0,0.9267902,0.20766378939151764,0.503496527671814,0.19231922924518585
YBR211C,YGL045W,0,0.9266047,0.20757825672626495,0.503496527671814,0.19241924583911896
YOR252W,YPL248C,0,0.9265605,0.20749279856681824,0.503496527671814,0.19251924753189087
YKL014C,YGL167C,0,0.926054,0.2074074000120163,0.503496527671814,0.19261926412582397
YDL105W,YBR016W,0,0.92564934,0.20732209086418152,0.503496527671814,0.1927192658185959
YBR260C,YIL138C,1,0.9255358,0.20764802396297455,0.5044955015182495,0.1927192658185959
YJL174W,YBR119W,0,0.9255181,0.20756268501281738,0.5044955015182495,0.192819282412529
YPR003C,YPL207W,0,0.9254418,0.207477405667305,0.5044955015182495,0.1929192990064621
YDR145W,YKR007W,0,0.9253872,0.20739220082759857,0.5044955015182495,0.193019300699234
YML081W,YLR189C,0,0.92488253,0.20730705559253693,0.5044955015182495,0.19311931729316711
YHR146W,YJL083W,0,0.9247016,0.20722199976444244,0.5044955015182495,0.19321931898593903
YDL091C,YLR347C,0,0.92464364,0.20713700354099274,0.5044955015182495,0.19331933557987213
YDL106C,YJL058C,0,0.9241962,0.2070520669221878,0.5044955015182495,0.19341933727264404
YNL045W,YDL139C,0,0.9241124,0.20696721971035004,0.5044955015182495,0.19351935386657715
YNL145W,YHR024C,0,0.9236609,0.20688243210315704,0.5044955015182495,0.19361935555934906
YNL142W,YPL233W,0,0.9235439,0.20679770410060883,0.5044955015182495,0.19371937215328217
YOR241W,YHR024C,0,0.9233816,0.20671305060386658,0.5044955015182495,0.19381938874721527
YPR180W,YBR060C,0,0.92328244,0.2066284716129303,0.5044955015182495,0.19391939043998718
YGL073W,YBL087C,0,0.9232327,0.2065439671278,0.5044955015182495,0.1940194070339203
YDR377W,YLR361C,0,0.92285687,0.20645952224731445,0.5044955015182495,0.1941194087266922
YLR215C,YIL030C,0,0.9226528,0.2063751518726349,0.5044955015182495,0.1942194253206253
YNL111C,YPL233W,0,0.9225238,0.2062908560037613,0.5044955015182495,0.19431942701339722
YJR117W,YMR125W,0,0.9224053,0.20620661973953247,0.5044955015182495,0.19441944360733032
YKL048C,YLR342W,1,0.9220239,0.2065306156873703,0.5054945349693298,0.19441944360733032
YLR429W,YDL204W,1,0.921614,0.20685434341430664,0.5064935088157654,0.19441944360733032
YIL098C,YMR225C,0,0.92151964,0.20676998794078827,0.5064935088157654,0.19451944530010223
YBR279W,YDR105C,0,0.92141604,0.20668569207191467,0.5064935088157654,0.19461946189403534
YGR266W,YKL048C,0,0.9213515,0.20660147070884705,0.5064935088157654,0.19471947848796844
YIR004W,YKL051W,0,0.92107284,0.2065173089504242,0.5064935088157654,0.19481948018074036
YER149C,YOR319W,0,0.92069036,0.2064332216978073,0.5064935088157654,0.19491949677467346
YML045W,YOR026W,0,0.92047054,0.2063492089509964,0.5064935088157654,0.19501949846744537
YBR078W,YML013W,0,0.9203505,0.20626525580883026,0.5064935088157654,0.19511951506137848
YDR435C,YJL001W,0,0.9203345,0.2061813771724701,0.5064935088157654,0.1952195167541504
YGL005C,YHR001W-A,0,0.919696,0.2060975581407547,0.5064935088157654,0.1953195333480835
YFL011W,YGL105W,0,0.91956663,0.20601381361484528,0.5064935088157654,0.1954195350408554
YLL024C,YIR019C,0,0.9193807,0.20593014359474182,0.5064935088157654,0.1955195516347885
YHR204W,YDR430C,0,0.9191065,0.20584653317928314,0.5064935088157654,0.19561956822872162
YMR234W,YLR037C,0,0.9187963,0.20576298236846924,0.5064935088157654,0.19571956992149353
YML057W,YPR133C,0,0.91837144,0.2056795060634613,0.5064935088157654,0.19581958651542664
YPR171W,YNL271C,1,0.91810673,0.2060016244649887,0.5074924826622009,0.19581958651542664
YJR131W,YIL008W,0,0.91788405,0.2059181183576584,0.5074924826622009,0.19591958820819855
YGL181W,YDL161W,1,0.91689456,0.20623986423015594,0.5084915161132812,0.19591958820819855
YIL034C,YDR309C,1,0.9168189,0.2065613567829132,0.5094904899597168,0.19591958820819855
YMR234W,YNL216W,0,0.91668147,0.20647773146629333,0.5094904899597168,0.19601960480213165
YHR185C,YPL141C,0,0.91650385,0.20639416575431824,0.5094904899597168,0.19611960649490356
YDR075W,YDL223C,0,0.9164672,0.2063106745481491,0.5094904899597168,0.19621962308883667
YER041W,YGR044C,0,0.9159322,0.20622725784778595,0.5094904899597168,0.19631962478160858
YHR114W,YDR233C,1,0.9152547,0.20654809474945068,0.5104895234107971,0.19631962478160858
YLR006C,YGR005C,0,0.9152418,0.20646464824676514,0.5104895234107971,0.1964196413755417
YDR468C,YPL130W,0,0.9151652,0.20638126134872437,0.5104895234107971,0.1965196579694748
YHR113W,YPR057W,0,0.91449964,0.20629793405532837,0.5104895234107971,0.1966196596622467
YNL288W,YDR257C,0,0.91393083,0.20621469616889954,0.5104895234107971,0.1967196762561798
YDR127W,YDR057W,0,0.9138444,0.20613150298595428,0.5104895234107971,0.19681967794895172
YGL058W,YPL006W,0,0.9136761,0.206048384308815,0.5104895234107971,0.19691969454288483
YHL031C,YDR188W,0,0.91365594,0.2059653401374817,0.5104895234107971,0.19701969623565674
YOR329C,YOR367W,1,0.91345066,0.2062852531671524,0.5114884972572327,0.19701969623565674
YCL029C,YFR038W,0,0.9129014,0.2062021791934967,0.5114884972572327,0.19711971282958984
YMR262W,YOR001W,0,0.91282946,0.20611916482448578,0.5114884972572327,0.19721971452236176
YBR101C,YKR031C,0,0.912334,0.20603621006011963,0.5114884972572327,0.19731973111629486
YPR154W,YFL005W,0,0.9121372,0.20595334470272064,0.5114884972572327,0.19741974771022797
YDR150W,YJL085W,1,0.91209954,0.20627261698246002,0.512487530708313,0.19741974771022797
YFR024C-A,YER032W,0,0.9120588,0.20618970692157745,0.512487530708313,0.19751974940299988
YMR105C,YJL216C,0,0.9113286,0.20610687136650085,0.512487530708313,0.19761976599693298
YGL181W,YIL034C,1,0.91126025,0.20642569661140442,0.5134865045547485,0.19761976599693298
YOR258W,YER032W,0,0.9111528,0.20634283125400543,0.5134865045547485,0.1977197676897049
YBL007C,YAR009C,0,0.9110008,0.20626002550125122,0.5134865045547485,0.197819784283638
YNL328C,YKL048C,0,0.91081196,0.20617729425430298,0.5134865045547485,0.1979197859764099
YGR004W,YBR146W,0,0.910654,0.2060946226119995,0.5134865045547485,0.19801980257034302
YDR469W,YPL176C,0,0.9106058,0.20601202547550201,0.5134865045547485,0.19811981916427612
YNL286W,YGL093W,0,0.9101082,0.2059294879436493,0.5134865045547485,0.19821982085704803
YNL020C,YER044C-A,0,0.90978724,0.20584701001644135,0.5134865045547485,0.19831983745098114
YDR490C,YGL073W,0,0.9094668,0.20576460659503937,0.5134865045547485,0.19841983914375305
YCL064C,YDR359C,0,0.9089201,0.20568227767944336,0.5134865045547485,0.19851985573768616
YJL054W,YDR463W,0,0.90822154,0.20559999346733093,0.5134865045547485,0.19861985743045807
YHR001W-A,YDR273W,0,0.90717894,0.20551779866218567,0.5134865045547485,0.19871987402439117
YLR143W,YPL161C,0,0.9068803,0.205435648560524,0.5134865045547485,0.19881987571716309
YDR213W,YIL038C,0,0.9066194,0.20535357296466827,0.5134865045547485,0.1989198923110962
YKL185W,YGL018C,0,0.9064786,0.20527157187461853,0.5134865045547485,0.1990199089050293
YGL144C,YLR060W,0,0.90641814,0.20518961548805237,0.5134865045547485,0.1991199105978012
YDR273W,YBR089C-A,0,0.9062494,0.20510774850845337,0.5134865045547485,0.19921992719173431
YBR114W,YJR084W,0,0.9058637,0.20502592623233795,0.5134865045547485,0.19931992888450623
YDR343C,YKL048C,0,0.9056163,0.2049441784620285,0.5134865045547485,0.19941994547843933
YPR114W,YMR001C,0,0.9049911,0.20486249029636383,0.5134865045547485,0.19951994717121124
YDL012C,YNL063W,0,0.9049307,0.20478087663650513,0.5134865045547485,0.19961996376514435
YKL185W,YOR193W,0,0.9047983,0.2046993225812912,0.5134865045547485,0.19971996545791626
YNL152W,YBR102C,1,0.9041317,0.20501592755317688,0.5144855380058289,0.19971996545791626
YAR042W,YDR386W,0,0.90324336,0.20493434369564056,0.5144855380058289,0.19981998205184937
YKL058W,YKR083C,0,0.9023022,0.20485281944274902,0.5144855380058289,0.19991999864578247
YMR274C,YMR261C,0,0.90198845,0.20477136969566345,0.5144855380058289,0.20002000033855438
YBR046C,YGR005C,0,0.9017936,0.20468997955322266,0.5144855380058289,0.2001200169324875
YLR426W,YKL138C,0,0.9016284,0.20460866391658783,0.5144855380058289,0.2002200186252594
YGL104C,YIL148W,0,0.9014499,0.20452740788459778,0.5144855380058289,0.2003200352191925
YKL191W,YNR019W,0,0.90110624,0.2044462114572525,0.5144855380058289,0.20042003691196442
YMR041C,YMR262W,0,0.9003077,0.204365074634552,0.5144855380058289,0.20052005350589752
YIL052C,YPL076W,0,0.9002794,0.20428401231765747,0.5144855380058289,0.20062005519866943
YER041W,YBL063W,0,0.9001318,0.20420300960540771,0.5144855380058289,0.20072007179260254
YOR132W,YOR259C,0,0.899834,0.20412208139896393,0.5144855380058289,0.20082008838653564
YHR108W,YDR188W,0,0.89956754,0.20404119789600372,0.5144855380058289,0.20092009007930756
YHR114W,YCL029C,1,0.89936626,0.20435643196105957,0.5154845118522644,0.20092009007930756
YKL048C,YCL029C,1,0.89875853,0.20467141270637512,0.5164835453033447,0.20092009007930756
YNL246W,YGR138C,0,0.8986854,0.20459042489528656,0.5164835453033447,0.20102010667324066
YPL209C,YOL042W,0,0.8985071,0.20450949668884277,0.5164835453033447,0.20112010836601257
YER033C,YKL114C,0,0.89835286,0.20442862808704376,0.5164835453033447,0.20122012495994568
YOR258W,YKL134C,0,0.8982376,0.20434781908988953,0.5164835453033447,0.2013201266527176
YBR279W,YPL178W,0,0.89780086,0.20426708459854126,0.5164835453033447,0.2014201432466507
YBR065C,YHR118C,0,0.8974242,0.20418640971183777,0.5164835453033447,0.2015201449394226
YDL098C,YOL055C,0,0.89742124,0.20410580933094025,0.5164835453033447,0.2016201615333557
YMR262W,YLR017W,0,0.89715046,0.2040252536535263,0.5164835453033447,0.20172017812728882
YDR292C,YPL178W,0,0.8960008,0.20394477248191833,0.5164835453033447,0.20182017982006073
YPL242C,YBL047C,1,0.8958872,0.20425868034362793,0.5174825191497803,0.20182017982006073
YCR031C,YLR361C,0,0.8958291,0.20417816936969757,0.5174825191497803,0.20192019641399384
YJR120W,YKR064W,0,0.89549977,0.204097718000412,0.5174825191497803,0.20202019810676575
YBR038W,YLR258W,0,0.8954851,0.20401732623577118,0.5174825191497803,0.20212021470069885
YDR439W,YKL005C,0,0.8951906,0.20393700897693634,0.5174825191497803,0.20222021639347076
YBR028C,YOR259C,0,0.89516276,0.20385675132274628,0.5174825191497803,0.20232023298740387
YER149C,YMR226C,0,0.8945618,0.203776553273201,0.5174825191497803,0.20242023468017578
YPL115C,YHR146W,0,0.89392966,0.20369641482830048,0.5174825191497803,0.2025202512741089
YKL048C,YPL242C,1,0.89338005,0.20400942862033844,0.5184814929962158,0.2025202512741089
YOL076W,YMR101C,0,0.89311135,0.20392927527427673,0.5184814929962158,0.202620267868042
YDR189W,YHR106W,0,0.89272195,0.2038491815328598,0.5184814929962158,0.2027202695608139
YPL115C,YJR153W,0,0.8925547,0.20376914739608765,0.5184814929962158,0.202820286154747
YNL166C,YER149C,1,0.89238423,0.20408163964748383,0.5194805264472961,0.202820286154747
YPR008W,YNR052C,0,0.89207464,0.20400157570838928,0.5194805264472961,0.20292028784751892
YCR091W,YOR253W,0,0.89162844,0.20392157137393951,0.5194805264472961,0.20302030444145203
YGR007W,YBR049C,0,0.8916037,0.20384162664413452,0.5194805264472961,0.20312030613422394
YER063W,YIL043C,0,0.8908161,0.2037617564201355,0.5194805264472961,0.20322032272815704
YLR319C,YJR092W,1,0.8907936,0.20407363772392273,0.5204795002937317,0.20322032272815704
YOR334W,YDR257C,0,0.8905205,0.20399373769760132,0.5204795002937317,0.20332033932209015
YOR048C,YLL053C,0,0.8888151,0.20391389727592468,0.5204795002937317,0.20342034101486206
YGR170W,YDL087C,0,0.88851494,0.20383411645889282,0.5204795002937317,0.20352035760879517
YIL036W,YMR001C,0,0.8884509,0.20375439524650574,0.5204795002937317,0.20362035930156708
YNL041C,YNL055C,0,0.88818616,0.20367474853992462,0.5204795002937317,0.20372037589550018
YML023C,YMR230W,0,0.8879179,0.20359516143798828,0.5204795002937317,0.2038203775882721
YGR129W,YMR074C,0,0.8874101,0.20351561903953552,0.5204795002937317,0.2039203941822052
YDL100C,YDR284C,0,0.88674706,0.20343615114688873,0.5204795002937317,0.2040203958749771
YGR044C,YPL010W,0,0.88671464,0.2033567577600479,0.5204795002937317,0.20412041246891022
YPL120W,YLL016W,0,0.88619596,0.20327740907669067,0.5204795002937317,0.20422042906284332
YBR119W,YKL197C,0,0.88615566,0.2031981348991394,0.5204795002937317,0.20432043075561523
YAL030W,YDR395W,0,0.8858748,0.20311890542507172,0.5204795002937317,0.20442044734954834
YKL185W,YJL174W,0,0.8854595,0.20303975045681,0.5204795002937317,0.20452044904232025
YPL140C,YHR073W,0,0.88534766,0.20296065509319305,0.5204795002937317,0.20462046563625336
YLR249W,YJR054W,0,0.88525766,0.2028816193342209,0.5204795002937317,0.20472046732902527
YER044C-A,YOR032C,0,0.8850448,0.2028026431798935,0.5204795002937317,0.20482048392295837
YBR109C,YFR050C,0,0.88499707,0.20272374153137207,0.5204795002937317,0.20492048561573029
YMR261C,YIL018W,0,0.88494366,0.20264488458633423,0.5204795002937317,0.2050205022096634
YML086C,YLR054C,0,0.8847328,0.20256610214710236,0.5204795002937317,0.2051205188035965
YJR117W,YJL003W,0,0.8844104,0.20248736441135406,0.5204795002937317,0.2052205204963684
YGR235C,YML098W,0,0.8841244,0.20240870118141174,0.5204795002937317,0.2053205370903015
YML101C,YMR275C,0,0.88374174,0.2023300975561142,0.5204795002937317,0.20542053878307343
YOL011W,YOR048C,0,0.8831906,0.20225155353546143,0.5204795002937317,0.20552055537700653
YOL069W,YMR158W,0,0.8831139,0.20217306911945343,0.5204795002937317,0.20562055706977844
YDL145C,YGR044C,0,0.88272804,0.2020946443080902,0.5204795002937317,0.20572057366371155
YJR153W,YDR308C,0,0.88253325,0.20201627910137177,0.5204795002937317,0.20582057535648346
YNL076W,YKL063C,0,0.8818169,0.2019379884004593,0.5204795002937317,0.20592059195041656
YKR064W,YNL038W,0,0.8817278,0.2018597424030304,0.5204795002937317,0.20602060854434967
YGR217W,YAR009C,0,0.8817186,0.20178157091140747,0.5204795002937317,0.20612061023712158
YAL015C,YBR049C,0,0.88158894,0.20170344412326813,0.5204795002937317,0.2062206268310547
YGL093W,YDL117W,0,0.8810842,0.20162539184093475,0.5204795002937317,0.2063206285238266
YLR006C,YJL026W,0,0.8809957,0.20154738426208496,0.5204795002937317,0.2064206451177597
YOR316C,YDL134C,0,0.88091606,0.20146945118904114,0.5204795002937317,0.20652064681053162
YJR132W,YGR080W,0,0.8808223,0.2013915777206421,0.5204795002937317,0.20662066340446472
YJL094C,YBR112C,0,0.88068837,0.20131374895572662,0.5204795002937317,0.20672066509723663
YLR426W,YER062C,0,0.8802309,0.20123599469661713,0.5204795002937317,0.20682068169116974
YAL048C,YLR293C,0,0.8801759,0.2011583000421524,0.5204795002937317,0.20692069828510284
YGL005C,YBR295W,0,0.8800666,0.20108066499233246,0.5204795002937317,0.20702069997787476
YBL013W,YAR009C,0,0.87987906,0.2010030895471573,0.5204795002937317,0.20712071657180786
YGR193C,YOL096C,0,0.8793103,0.2009255737066269,0.5204795002937317,0.20722071826457977
YOL009C,YPL097W,0,0.87840384,0.20084811747074127,0.5204795002937317,0.20732073485851288
YOR363C,YAL007C,0,0.87822735,0.20077070593833923,0.5204795002937317,0.2074207365512848
YDR098C,YGL238W,0,0.8778555,0.20069336891174316,0.5204795002937317,0.2075207531452179
YDR361C,YDR040C,0,0.87722284,0.20061609148979187,0.5204795002937317,0.2076207548379898
YBR107C,YLR263W,0,0.87679416,0.20053887367248535,0.5204795002937317,0.2077207714319229
YGR059W,YJR090C,1,0.8765563,0.20084647834300995,0.521478533744812,0.2077207714319229
YOR049C,YLR315W,0,0.87597376,0.20076923072338104,0.521478533744812,0.20782078802585602
YLR319C,YJL085W,1,0.8757336,0.20107650756835938,0.5224775075912476,0.20782078802585602
YGR212W,YKL129C,0,0.87562054,0.20099923014640808,0.5224775075912476,0.20792078971862793
YER109C,YPR057W,0,0.8753088,0.20092201232910156,0.5224775075912476,0.20802080631256104
YMR081C,YDR078C,0,0.8744703,0.20084485411643982,0.5224775075912476,0.20812080800533295
YER143W,YBR180W,0,0.87436026,0.20076775550842285,0.5224775075912476,0.20822082459926605
YNL243W,YKL007W,1,0.8743114,0.20107443630695343,0.5234765410423279,0.20822082459926605
YLR193C,YKL040C,0,0.8742936,0.20099730789661407,0.5234765410423279,0.20832082629203796
YOR048C,YPL006W,0,0.8740392,0.2009202390909195,0.5234765410423279,0.20842084288597107
YPL133C,YBR295W,0,0.8739818,0.2008432298898697,0.5234765410423279,0.20852085947990417
YNL243W,YBL061C,1,0.8736374,0.20114941895008087,0.5244755148887634,0.20852085947990417
YPR154W,YDR200C,0,0.87363726,0.20107237994670868,0.5244755148887634,0.2086208611726761
YML013W,YBR089C-A,0,0.8735766,0.20099540054798126,0.5244755148887634,0.2087208777666092
YLR259C,YPR105C,0,0.8732861,0.20091848075389862,0.5244755148887634,0.2088208794593811
YMR192W,YKL048C,0,0.87220395,0.20084162056446075,0.5244755148887634,0.2089208960533142
YCL044C,YBR193C,0,0.87196213,0.20076481997966766,0.5244755148887634,0.20902089774608612
YML133C,YHR158C,0,0.8718876,0.20068807899951935,0.5244755148887634,0.20912091434001923
YHR006W,YPL130W,0,0.87079215,0.20061138272285461,0.5244755148887634,0.20922091603279114
YBL035C,YGR142W,0,0.8705959,0.20053476095199585,0.5244755148887634,0.20932093262672424
YCR045C,YLR263W,0,0.8700793,0.20045818388462067,0.5244755148887634,0.20942094922065735
YBL100W-B,YDR289C,0,0.8696421,0.20038168132305145,0.5244755148887634,0.20952095091342926
YPL175W,YNL123W,0,0.86909586,0.20030522346496582,0.5244755148887634,0.20962096750736237
YOR171C,YOR181W,1,0.86893535,0.2006102204322815,0.5254745483398438,0.20962096750736237
YJR092W,YLL038C,1,0.86836624,0.20091497898101807,0.5264735221862793,0.20962096750736237
YHR204W,YPL006W,0,0.86829597,0.20083841681480408,0.5264735221862793,0.20972096920013428
YIL119C,YPL203W,0,0.86818236,0.20076189935207367,0.5264735221862793,0.20982098579406738
YGR235C,YKR077W,0,0.86809427,0.20068545639514923,0.5264735221862793,0.2099209874868393
YMR076C,YLR023C,0,0.8673815,0.20060905814170837,0.5264735221862793,0.2100210040807724
YNL181W,YPL010W,0,0.8671358,0.2005327194929123,0.5264735221862793,0.2101210057735443
YNL194C,YDL076C,0,0.86682075,0.200456440448761,0.5264735221862793,0.21022102236747742
YHR114W,YCL014W,1,0.866417,0.20076045393943787,0.5274725556373596,0.21022102236747742
YLR006C,YPL075W,0,0.8660407,0.20068414509296417,0.5274725556373596,0.21032103896141052
YJL020C,YBR260C,1,0.8658758,0.20098784565925598,0.5284715294837952,0.21032103896141052
YEL039C,YFR034C,0,0.8656282,0.2009115070104599,0.5284715294837952,0.21042104065418243
YPL115C,YJL013C,0,0.86518955,0.2008352279663086,0.5284715294837952,0.21052105724811554
YPL239W,YDL117W,0,0.8649187,0.20075900852680206,0.5284715294837952,0.21062105894088745
YDR175C,YOR078W,0,0.8648238,0.2006828486919403,0.5284715294837952,0.21072107553482056
YNR019W,YDR259C,0,0.8647385,0.20060674846172333,0.5284715294837952,0.21082107722759247
YHR205W,YPL006W,0,0.8645452,0.20053070783615112,0.5284715294837952,0.21092109382152557
YPL013C,YBL051C,0,0.86453193,0.2004547119140625,0.5284715294837952,0.21102109551429749
YPR114W,YDR135C,0,0.8642371,0.20037879049777985,0.5284715294837952,0.2111211121082306
YLR093C,YKL197C,0,0.86362064,0.20030291378498077,0.5284715294837952,0.2112211287021637
YLR429W,YLL050C,1,0.8632917,0.2006056010723114,0.5294705033302307,0.2112211287021637
YMR009W,YLR247C,0,0.8632044,0.20052969455718994,0.5294705033302307,0.2113211303949356
YMR053C,YPR007C,0,0.8629367,0.20045386254787445,0.5294705033302307,0.2114211469888687
YCR088W,YHR161C,1,0.86180735,0.20075614750385284,0.530469536781311,0.2114211469888687
YPR106W,YJL196C,0,0.8617334,0.20068027079105377,0.530469536781311,0.21152114868164062
YDR129C,YLL067C,0,0.8613556,0.20060445368289948,0.530469536781311,0.21162116527557373
YMR275C,YNL036W,0,0.86124516,0.20052869617938995,0.530469536781311,0.21172116696834564
YNL286W,YPL178W,0,0.86099845,0.2004529982805252,0.530469536781311,0.21182118356227875
YCR045C,YDR259C,0,0.86078715,0.20037735998630524,0.530469536781311,0.21192118525505066
YNL056W,YKR007W,0,0.8607743,0.20030176639556885,0.530469536781311,0.21202120184898376
YOR117W,YLR055C,0,0.86027884,0.20022624731063843,0.530469536781311,0.21212121844291687
YPR171W,YNL194C,1,0.8599636,0.20052769780158997,0.5314685106277466,0.21212121844291687
YLR411W,YJL196C,0,0.85957974,0.20045214891433716,0.5314685106277466,0.21222122013568878
YMR081C,YHR118C,0,0.85956675,0.20037664473056793,0.5314685106277466,0.2123212367296219
YPR133C,YDR168W,0,0.85819465,0.20030120015144348,0.5314685106277466,0.2124212384223938
YKR085C,YLR460C,0,0.858162,0.2002258151769638,0.5314685106277466,0.2125212550163269
YIL075C,YBL008W,0,0.8579375,0.2001504898071289,0.5314685106277466,0.21262125670909882
YKL048C,YBL007C,1,0.85776705,0.2004512995481491,0.5324675440788269,0.21262125670909882
YML101C,YGL196W,0,0.85764116,0.20037594437599182,0.5324675440788269,0.21272127330303192
YDR325W,YDR439W,0,0.85754967,0.20030063390731812,0.5324675440788269,0.21282127499580383
YNL038W,YPL097W,0,0.85674065,0.20022539794445038,0.5324675440788269,0.21292129158973694
YBL038W,YLR189C,0,0.8560421,0.20015020668506622,0.5324675440788269,0.21302130818367004
YOR177C,YAL056W,0,0.8559242,0.20007507503032684,0.5324675440788269,0.21312130987644196
YJR092W,YBR102C,1,0.8544763,0.20037522912025452,0.5334665179252625,0.21312130987644196
YDR235W,YGR208W,0,0.85433227,0.20030006766319275,0.5334665179252625,0.21322132647037506
YIL056W,YNL233W,0,0.85419744,0.20022496581077576,0.5334665179252625,0.21332132816314697
YDR323C,YLR039C,0,0.8536815,0.20014992356300354,0.5334665179252625,0.21342134475708008
YDR515W,YDR381W,0,0.8534083,0.2000749409198761,0.5334665179252625,0.213521346449852
YNL094W,YJR050W,0,0.85316885,0.20000000298023224,0.5334665179252625,0.2136213630437851
YAL019W,YKR072C,0,0.85280937,0.19992512464523315,0.5334665179252625,0.213721364736557
YDL003W,YOL135C,0,0.85242015,0.19985030591487885,0.5334665179252625,0.2138213813304901
YIL056W,YKL077W,0,0.85191387,0.19977553188800812,0.5334665179252625,0.21392139792442322
YNL137C,YJL216C,0,0.85189086,0.19970081746578217,0.5334665179252625,0.21402139961719513
YER149C,YKL054C,0,0.85170645,0.199626162648201,0.5334665179252625,0.21412141621112823
YPR095C,YDR261C,0,0.8511058,0.1995515674352646,0.5334665179252625,0.21422141790390015
YCR024C,YKL155C,0,0.85107225,0.19947703182697296,0.5334665179252625,0.21432143449783325
YDL243C,YMR002W,0,0.8509495,0.19940254092216492,0.5334665179252625,0.21442143619060516
YOR334W,YCL067C,0,0.85046595,0.19932810962200165,0.5334665179252625,0.21452145278453827
YLR223C,YKL002W,0,0.85012275,0.19925373792648315,0.5334665179252625,0.21462146937847137
YJL181W,YDR040C,0,0.8498567,0.19917941093444824,0.5334665179252625,0.2147214710712433
YOR334W,YBR146W,0,0.8495825,0.1991051435470581,0.5334665179252625,0.2148214876651764
YPR180W,YGL240W,0,0.84936637,0.19903093576431274,0.5334665179252625,0.2149214893579483
YJL162C,YPL203W,0,0.8492814,0.19895678758621216,0.5334665179252625,0.2150215059518814
YIL007C,YER081W,0,0.84927154,0.19888268411159515,0.5334665179252625,0.21512150764465332
YNL056W,YER142C,0,0.8489992,0.19880864024162292,0.5334665179252625,0.21522152423858643
YPL120W,YLR384C,0,0.84891385,0.19873464107513428,0.5334665179252625,0.21532152593135834
YOR004W,YDR439W,0,0.84865654,0.1986607164144516,0.5334665179252625,0.21542154252529144
YCR091W,YML076C,0,0.8484814,0.1985868364572525,0.5334665179252625,0.21552155911922455
YNL263C,YPR175W,0,0.8475193,0.19851301610469818,0.5334665179252625,0.21562156081199646
YJL078C,YHR110W,0,0.8472635,0.19843924045562744,0.5334665179252625,0.21572157740592957
YKR053C,YGL087C,0,0.8458827,0.19836552441120148,0.5334665179252625,0.21582157909870148
YEL019C,YER123W,0,0.84542096,0.1982918679714203,0.5334665179252625,0.21592159569263458
YNL286W,YPL207W,0,0.84525186,0.19821825623512268,0.5334665179252625,0.2160215973854065
YDR233C,YDR218C,1,0.8448414,0.19851577281951904,0.5344655513763428,0.2160215973854065
YDR028C,YJR096W,0,0.843993,0.19844213128089905,0.5344655513763428,0.2161216139793396
YPR154W,YOR262W,0,0.84379536,0.19836856424808502,0.5344655513763428,0.2162216156721115
YGL027C,YKL087C,0,0.8437212,0.19829502701759338,0.5344655513763428,0.21632163226604462
YDR227W,YKR088C,0,0.84323376,0.19822156429290771,0.5344655513763428,0.21642164885997772
YDR235W,YLR293C,0,0.842586,0.19814814627170563,0.5344655513763428,0.21652165055274963
YFL011W,YDR273W,0,0.84199595,0.19807478785514832,0.5344655513763428,0.21662166714668274
YPR180W,YNL081C,0,0.8419375,0.19800147414207458,0.5344655513763428,0.21672166883945465
YGL104C,YER007C-A,0,0.84186727,0.19792823493480682,0.5344655513763428,0.21682168543338776
YHR204W,YBL025W,0,0.841589,0.19785502552986145,0.5344655513763428,0.21692168712615967
YBR162W-A,YMR226C,0,0.8415319,0.19778189063072205,0.5344655513763428,0.21702170372009277
YKL002W,YKL196C,0,0.8411736,0.19770880043506622,0.5344655513763428,0.21712170541286469
YLR004C,YJR108W,0,0.84111494,0.19763575494289398,0.5344655513763428,0.2172217220067978
YLR315W,YLR363C,0,0.841075,0.1975627839565277,0.5344655513763428,0.2173217386007309
YKR088C,YER032W,0,0.8409182,0.19748984277248383,0.5344655513763428,0.2174217402935028
YGL027C,YDL102W,0,0.8408479,0.1974169760942459,0.5344655513763428,0.2175217568874359
YDR510W,YHR161C,1,0.84047216,0.19771301746368408,0.5354645252227783,0.2175217568874359
YPR134W,YLR382C,0,0.84036916,0.19764012098312378,0.5354645252227783,0.21762175858020782
YHR035W,YLR247C,0,0.84002745,0.19756726920604706,0.5354645252227783,0.21772177517414093
YDR129C,YCR088W,1,0.8398474,0.19786293804645538,0.5364635586738586,0.21772177517414093
YDL098C,YDR289C,0,0.8395587,0.19779005646705627,0.5364635586738586,0.21782177686691284
YPL013C,YOR330C,0,0.8391273,0.19771723449230194,0.5364635586738586,0.21792179346084595
YEL005C,YBL087C,0,0.83829755,0.1976444572210312,0.5364635586738586,0.21802179515361786
YDR471W,YLR367W,0,0.8382776,0.1975717395544052,0.5364635586738586,0.21812181174755096
YOR358W,YCL035C,0,0.8382041,0.197499081492424,0.5364635586738586,0.21822182834148407
YCL051W,YPL224C,0,0.83783007,0.1974264681339264,0.5364635586738586,0.21832183003425598
YOR177C,YBR109C,0,0.837815,0.19735391438007355,0.5364635586738586,0.2184218466281891
YLR426W,YOR259C,0,0.8377644,0.19728140532970428,0.5364635586738586,0.218521848320961
YDR427W,YJL003W,0,0.8372602,0.1972089558839798,0.5364635586738586,0.2186218649148941
YGL061C,YAL051W,0,0.8364007,0.19713656604290009,0.5364635586738586,0.21872186660766602
YNL084C,YLL038C,1,0.83635896,0.19743119180202484,0.5374625325202942,0.21872186660766602
YBL008W,YLR200W,0,0.83602995,0.19735877215862274,0.5374625325202942,0.21882188320159912
YJL096W,YLR193C,0,0.83581644,0.19728639721870422,0.5374625325202942,0.21892188489437103
YLR194C,YJR118C,0,0.83563316,0.19721408188343048,0.5374625325202942,0.21902190148830414
YER178W,YIL018W,0,0.8354545,0.19714181125164032,0.5374625325202942,0.21912191808223724
YGR296W,YGL049C,0,0.83520806,0.19706960022449493,0.5374625325202942,0.21922191977500916
YLR442C,YDR108W,0,0.83514696,0.19699743390083313,0.5374625325202942,0.21932193636894226
YLR426W,YOR241W,0,0.83476907,0.1969253271818161,0.5374625325202942,0.21942193806171417
YLR067C,YOR335C,0,0.83470774,0.19685328006744385,0.5374625325202942,0.21952195465564728
YBL080C,YKL129C,0,0.83469254,0.19678127765655518,0.5374625325202942,0.2196219563484192
YOR241W,YJL180C,0,0.83458775,0.19670931994915009,0.5374625325202942,0.2197219729423523
YLR382C,YOL116W,0,0.83448535,0.19663742184638977,0.5374625325202942,0.2198219895362854
YDR166C,YDR233C,1,0.83440167,0.19693094491958618,0.5384615659713745,0.2198219895362854
YGL105W,YPL097W,0,0.83402365,0.19685901701450348,0.5384615659713745,0.2199219912290573
YPR008W,YOR259C,0,0.8339011,0.19678714871406555,0.5384615659713745,0.22002200782299042
YOR127W,YNL233W,1,0.8336517,0.19708029925823212,0.5394605398178101,0.22002200782299042
YGR046W,YJL216C,0,0.8333411,0.1970083862543106,0.5394605398178101,0.22012200951576233
YLR185W,YGR178C,0,0.83296967,0.19693654775619507,0.5394605398178101,0.22022202610969543
YDR372C,YGR044C,0,0.8326052,0.1968647539615631,0.5394605398178101,0.22032202780246735
YHR035W,YMR081C,0,0.832488,0.19679300487041473,0.5394605398178101,0.22042204439640045
YMR110C,YDR057W,0,0.83227605,0.19672131538391113,0.5394605398178101,0.22052204608917236
YCL044C,YOL051W,0,0.8317377,0.1966496706008911,0.5394605398178101,0.22062206268310547
YJL045W,YBR094W,0,0.83159214,0.19657808542251587,0.5394605398178101,0.22072207927703857
YNL164C,YDR273W,0,0.83072835,0.1965065449476242,0.5394605398178101,0.22082208096981049
YML045W,YDL235C,0,0.8307267,0.19643506407737732,0.5394605398178101,0.2209220975637436
YDR243C,YFR050C,0,0.83067906,0.1963636428117752,0.5394605398178101,0.2210220992565155
YFR050C,YER102W,0,0.8306144,0.19629225134849548,0.5394605398178101,0.2211221158504486
YOR018W,YHR106W,0,0.8304652,0.19622093439102173,0.5394605398178101,0.22122211754322052
YGR046W,YLR067C,0,0.8303776,0.19614966213703156,0.5394605398178101,0.22132213413715363
YOR068C,YNL059C,0,0.8295393,0.19607843458652496,0.5394605398178101,0.22142213582992554
YAR042W,YKR085C,0,0.8294567,0.19600726664066315,0.5394605398178101,0.22152215242385864
YLR417W,YOR059C,0,0.8293603,0.1959361433982849,0.5394605398178101,0.22162216901779175
YOR045W,YOL154W,0,0.8280955,0.19586506485939026,0.5394605398178101,0.22172217071056366
YKR093W,YDR160W,0,0.8276697,0.19579406082630157,0.5394605398178101,0.22182218730449677
YDL160C,YDL134C,0,0.82760274,0.19572308659553528,0.5394605398178101,0.22192218899726868
YNL318C,YJL179W,0,0.8275844,0.19565217196941376,0.5394605398178101,0.22202220559120178
YFL056C,YOR068C,0,0.8274833,0.195581316947937,0.5394605398178101,0.2221222072839737
YGR055W,YHR096C,0,0.8274031,0.19551050662994385,0.5394605398178101,0.2222222238779068
YPR068C,YIL167W,0,0.8272335,0.19543974101543427,0.5394605398178101,0.2223222255706787
YDL240W,YKR085C,0,0.8270702,0.19536903500556946,0.5394605398178101,0.22242224216461182
YFR038W,YKR052C,0,0.82639295,0.19529837369918823,0.5394605398178101,0.22252225875854492
YJR132W,YDL093W,0,0.8261868,0.19522777199745178,0.5394605398178101,0.22262226045131683
YBR054W,YIL014W,0,0.8261855,0.1951572149991989,0.5394605398178101,0.22272227704524994
YHR205W,YLR215C,0,0.82613164,0.19508670270442963,0.5394605398178101,0.22282227873802185
YPL138C,YKL138C,0,0.8255418,0.19501625001430511,0.5394605398178101,0.22292229533195496
YKL150W,YER155C,0,0.82547003,0.19494584202766418,0.5394605398178101,0.22302229702472687
YJL096W,YGR142W,0,0.8254275,0.19487549364566803,0.5394605398178101,0.22312231361865997
YGL189C,YPL176C,0,0.82501405,0.19480518996715546,0.5394605398178101,0.22322231531143188
YOR249C,YKL114C,0,0.8248707,0.19473494589328766,0.5394605398178101,0.223322331905365
YNL243W,YHR037W,0,0.8234543,0.19466474652290344,0.5394605398178101,0.2234223484992981
YLR247C,YDL119C,0,0.82327205,0.1945945918560028,0.5394605398178101,0.22352235019207
YMR110C,YLR466W,0,0.82322264,0.19452449679374695,0.5394605398178101,0.2236223667860031
YDR188W,YNL288W,0,0.82319206,0.19445444643497467,0.5394605398178101,0.22372236847877502
YOR171C,YHR061C,1,0.8230428,0.19474442303180695,0.5404595136642456,0.22372236847877502
YDR175C,YNL180C,0,0.822927,0.19467434287071228,0.5404595136642456,0.22382238507270813
YPL242C,YER149C,1,0.8228296,0.19496402144432068,0.5414585471153259,0.22382238507270813
YMR205C,YMR074C,0,0.82281595,0.19489392638206482,0.5414585471153259,0.22392238676548004
YPL175W,YJR052W,0,0.8228002,0.19482386112213135,0.5414585471153259,0.22402240335941315
YBR268W,YBL025W,0,0.822319,0.19475385546684265,0.5414585471153259,0.22412240505218506
YGL098W,YOR320C,0,0.82215667,0.19468390941619873,0.5414585471153259,0.22422242164611816
YHR061C,YNL152W,1,0.82162875,0.19497306644916534,0.5424575209617615,0.22422242164611816
YDR268W,YDR412W,0,0.8213156,0.19490309059619904,0.5424575209617615,0.22432243824005127
YPL004C,YJR052W,0,0.82030565,0.1948331594467163,0.5424575209617615,0.22442243993282318
YPL176C,YGR253C,0,0.8202634,0.19476327300071716,0.5424575209617615,0.2245224565267563
YMR158W,YCR044C,0,0.8201527,0.1946934312582016,0.5424575209617615,0.2246224582195282
YMR232W,YCL067C,0,0.81998175,0.1946236491203308,0.5424575209617615,0.2247224748134613
YLR324W,YLR055C,0,0.8194379,0.1945539265871048,0.5424575209617615,0.22482247650623322
YNL318C,YOL126C,0,0.8193131,0.19448423385620117,0.5424575209617615,0.22492249310016632
YMR220W,YBR146W,0,0.81922513,0.19441460072994232,0.5424575209617615,0.22502250969409943
YCR086W,YGL085W,0,0.81896347,0.19434502720832825,0.5424575209617615,0.22512251138687134
YDR213W,YML092C,0,0.8184436,0.19427549839019775,0.5424575209617615,0.22522252798080444
YNL054W,YLR054C,0,0.81821495,0.19420601427555084,0.5424575209617615,0.22532252967357635
YLR426W,YFR014C,0,0.8180438,0.1941365748643875,0.5424575209617615,0.22542254626750946
YHR113W,YMR074C,0,0.81783015,0.19406719505786896,0.5424575209617615,0.22552254796028137
YBR109C,YJL208C,0,0.81777304,0.19399785995483398,0.5424575209617615,0.22562256455421448
YCL051W,YDR175C,0,0.81759006,0.1939285695552826,0.5424575209617615,0.2257225662469864
YML041C,YGR099W,0,0.8172216,0.19385933876037598,0.5424575209617615,0.2258225828409195
YDL225W,YDR150W,1,0.81697637,0.1941470354795456,0.5434565544128418,0.2258225828409195
YBR162W-A,YBR168W,0,0.8168586,0.1940777748823166,0.5434565544128418,0.2259225994348526
YIL106W,YKL134C,0,0.81650037,0.19400855898857117,0.5434565544128418,0.2260226011276245
YJR049C,YDR261C,0,0.8164165,0.19393938779830933,0.5434565544128418,0.22612261772155762
YMR063W,YOR330C,0,0.8164124,0.19387027621269226,0.5434565544128418,0.22622261941432953
YNL214W,YLR150W,0,0.8162698,0.19380120933055878,0.5434565544128418,0.22632263600826263
YGR120C,YGR040W,0,0.81626743,0.19373218715190887,0.5434565544128418,0.22642263770103455
YKR078W,YLR260W,0,0.81615436,0.19366322457790375,0.5434565544128418,0.22652265429496765
YLR333C,YGL045W,0,0.81608415,0.1935943067073822,0.5434565544128418,0.22662265598773956
YOR158W,YJR054W,0,0.81602716,0.19352543354034424,0.5434565544128418,0.22672267258167267
YFR024C-A,YOL009C,0,0.8157971,0.19345661997795105,0.5434565544128418,0.22682268917560577
YPL100W,YNL156C,0,0.81520975,0.19338783621788025,0.5434565544128418,0.22692269086837769
YEL006W,YKR095W,0,0.81519926,0.19331911206245422,0.5434565544128418,0.2270227074623108
YDR490C,YDR516C,0,0.8141251,0.19325044751167297,0.5434565544128418,0.2271227091550827
YKL080W,YDR284C,0,0.8137282,0.1931818127632141,0.5434565544128418,0.2272227257490158
YER167W,YHR193C,0,0.81343395,0.19311323761940002,0.5434565544128418,0.22732272744178772
YHR035W,YNL243W,0,0.81298167,0.19304470717906952,0.5434565544128418,0.22742274403572083
YKR088C,YDR168W,0,0.81294113,0.1929762363433838,0.5434565544128418,0.22752274572849274
YFR010W,YNL048W,0,0.8128517,0.19290779531002045,0.5434565544128418,0.22762276232242584
YBL056W,YPL203W,0,0.81189346,0.19283941388130188,0.5434565544128418,0.22772277891635895
YPL215W,YFR038W,0,0.8118798,0.1927710771560669,0.5434565544128418,0.22782278060913086
YBR114W,YPL004C,0,0.8117643,0.19270280003547668,0.5434565544128418,0.22792279720306396
YGR057C,YMR262W,0,0.8114912,0.19263456761837006,0.5434565544128418,0.22802279889583588
YNL286W,YOR341W,0,0.8110856,0.19256636500358582,0.5434565544128418,0.22812281548976898
YOR250C,YBR028C,0,0.81069094,0.19249823689460754,0.5434565544128418,0.2282228171825409
YNL133C,YKL063C,0,0.8105419,0.19243013858795166,0.5434565544128418,0.228322833776474
YNL243W,YDR002W,0,0.81013507,0.19236209988594055,0.5434565544128418,0.2284228354692459
YNL183C,YJL216C,0,0.8099523,0.19229409098625183,0.5434565544128418,0.22852285206317902
YDL098C,YDR189W,0,0.8096654,0.19222614169120789,0.5434565544128418,0.22862286865711212
YKR075C,YPR199C,0,0.8094184,0.19215825200080872,0.5434565544128418,0.22872287034988403
YIL030C,YLR019W,0,0.80882436,0.19209039211273193,0.5434565544128418,0.22882288694381714
YER155C,YLR001C,0,0.8086496,0.19202259182929993,0.5434565544128418,0.22892288863658905
YCL068C,YJL026W,0,0.8078248,0.1919548362493515,0.5434565544128418,0.22902290523052216
YGR235C,YDL154W,0,0.80774784,0.19188712537288666,0.5434565544128418,0.22912290692329407
YDR108W,YBR121C,0,0.8074009,0.1918194591999054,0.5434565544128418,0.22922292351722717
YDR028C,YKL039W,0,0.80731493,0.1917518526315689,0.5434565544128418,0.22932292520999908
YML045W,YKL051W,0,0.8073021,0.191684290766716,0.5434565544128418,0.2294229418039322
YML092C,YDR292C,0,0.80652875,0.19161677360534668,0.5434565544128418,0.2295229583978653
YDR377W,YER176W,0,0.80615264,0.19154930114746094,0.5434565544128418,0.2296229600906372
YOL096C,YFR034C,0,0.8060435,0.19148187339305878,0.5434565544128418,0.2297229766845703
YLR360W,YLR382C,0,0.80601984,0.1914144903421402,0.5434565544128418,0.22982297837734222
YOR068C,YOL132W,0,0.8057247,0.1913471668958664,0.5434565544128418,0.22992299497127533
YFR027W,YER071C,0,0.8057211,0.19127988815307617,0.5434565544128418,0.23002299666404724
YGL196W,YDR517W,0,0.8056554,0.19121265411376953,0.5434565544128418,0.23012301325798035
YNL199C,YOL132W,0,0.80525994,0.19114546477794647,0.5434565544128418,0.23022301495075226
YDR409W,YPR188C,1,0.8049115,0.19142957031726837,0.5444555282592773,0.23022301495075226
YNL243W,YCR016W,0,0.8039633,0.19136236608028412,0.5444555282592773,0.23032303154468536
YOR086C,YCL035C,0,0.8037127,0.19129519164562225,0.5444555282592773,0.23042304813861847
YDL243C,YOR253W,0,0.80362886,0.19122807681560516,0.5444555282592773,0.23052304983139038
YEL019C,YDR204W,0,0.8035982,0.19116099178791046,0.5444555282592773,0.2306230664253235
YJL162C,YGL045W,0,0.80347496,0.19109396636486053,0.5444555282592773,0.2307230681180954
YIL137C,YKR052C,0,0.8033187,0.1910269856452942,0.5444555282592773,0.2308230847120285
YHL028W,YLR193C,0,0.8032494,0.19096004962921143,0.5444555282592773,0.23092308640480042
YMR318C,YHR113W,0,0.80323845,0.19089317321777344,0.5444555282592773,0.23102310299873352
YLR277C,YKL192C,0,0.8028354,0.19082632660865784,0.5444555282592773,0.23112311959266663
YOR068C,YKL079W,0,0.80280894,0.190759539604187,0.5444555282592773,0.23122312128543854
YOR011W,YBR301W,0,0.802803,0.19069279730319977,0.5444555282592773,0.23132313787937164
YLR234W,YFR014C,0,0.8024657,0.1906260997056961,0.5444555282592773,0.23142313957214355
YNL142W,YKL150W,0,0.8021112,0.19055944681167603,0.5444555282592773,0.23152315616607666
YPL210C,YML055W,0,0.802015,0.19049283862113953,0.5444555282592773,0.23162315785884857
YER143W,YNL048W,0,0.8018505,0.1904262751340866,0.5444555282592773,0.23172317445278168
YER093C,YCL039W,0,0.80141634,0.19035975635051727,0.5444555282592773,0.2318231761455536
YNL059C,YIL153W,0,0.800531,0.1902932971715927,0.5444555282592773,0.2319231927394867
YMR074C,YGR083C,0,0.80047244,0.19022688269615173,0.5444555282592773,0.2320232093334198
YDR145W,YIL154C,0,0.8000544,0.19016049802303314,0.5444555282592773,0.2321232110261917
YNL183C,YKR085C,0,0.7999947,0.19009417295455933,0.5444555282592773,0.23222322762012482
YDL135C,YDR188W,0,0.7998087,0.1900278925895691,0.5444555282592773,0.23232322931289673
YOL126C,YIL038C,0,0.7997778,0.18996165692806244,0.5444555282592773,0.23242324590682983
YKL026C,YDL087C,0,0.7996774,0.18989546597003937,0.5444555282592773,0.23252324759960175
YJL003W,YEL051W,0,0.7994403,0.18982933461666107,0.5444555282592773,0.23262326419353485
YKL149C,YPL262W,0,0.7993159,0.18976323306560516,0.5444555282592773,0.23272326588630676
YDR160W,YGL085W,0,0.7993087,0.18969717621803284,0.5444555282592773,0.23282328248023987
YOL144W,YJL058C,0,0.7992974,0.18963117897510529,0.5444555282592773,0.23292329907417297
YER060W-A,YLR260W,0,0.79841137,0.18956521153450012,0.5444555282592773,0.23302330076694489
YGR103W,YDR284C,0,0.7980322,0.18949930369853973,0.5444555282592773,0.233123317360878
YPR095C,YKL077W,0,0.7977217,0.18943344056606293,0.5444555282592773,0.2332233190536499
YNL137C,YNL068C,0,0.7976101,0.1893676221370697,0.5444555282592773,0.233323335647583
YFR030W,YHL021C,0,0.7972967,0.18930183351039886,0.5444555282592773,0.23342333734035492
YER063W,YOR113W,0,0.7962163,0.1892361044883728,0.5444555282592773,0.23352335393428802
YPR148C,YLL053C,0,0.7953487,0.18917042016983032,0.5444555282592773,0.23362335562705994
YPR199C,YPL075W,0,0.7950999,0.18910479545593262,0.5444555282592773,0.23372337222099304
YOR122C,YNL194C,1,0.79431,0.1893860548734665,0.5454545617103577,0.23372337222099304
YDR439W,YGL238W,0,0.794236,0.1893203854560852,0.5454545617103577,0.23382338881492615
YIL156W,YPL169C,0,0.7935576,0.1892547607421875,0.5454545617103577,0.23392339050769806
YAR009C,YLR382C,0,0.79354894,0.18918919563293457,0.5454545617103577,0.23402340710163116
YER093C,YMR195W,0,0.79349715,0.18912366032600403,0.5454545617103577,0.23412340879440308
YML086C,YLL006W,0,0.79295546,0.18905816972255707,0.5454545617103577,0.23422342538833618
YKL033W,YPL254W,0,0.7927881,0.1889927238225937,0.5454545617103577,0.2343234270811081
YFR025C,YNL055C,0,0.7926163,0.18892733752727509,0.5454545617103577,0.2344234436750412
YDR201W,YLR067C,0,0.79249257,0.18886198103427887,0.5454545617103577,0.2345234453678131
YOL126C,YGR170W,0,0.7924486,0.18879668414592743,0.5454545617103577,0.23462346196174622
YHR113W,YIR019C,0,0.7911025,0.18873141705989838,0.5454545617103577,0.23472347855567932
YKR053C,YBR268W,0,0.7908965,0.1886662095785141,0.5454545617103577,0.23482348024845123
YIL034C,YLR206W,1,0.7908729,0.1889464557170868,0.5464535355567932,0.23482348024845123
YHR169W,YKR049C,0,0.7908275,0.18888121843338013,0.5464535355567932,0.23492349684238434
YJR084W,YER176W,0,0.7903163,0.18881601095199585,0.5464535355567932,0.23502349853515625
YDR289C,YPR100W,0,0.7902428,0.18875086307525635,0.5464535355567932,0.23512351512908936
YOR090C,YDR135C,0,0.78958243,0.18868575990200043,0.5464535355567932,0.23522351682186127
YHR204W,YJR035W,0,0.7893454,0.1886206865310669,0.5464535355567932,0.23532353341579437
YNL166C,YNL152W,1,0.7891481,0.18890038132667542,0.5474525690078735,0.23532353341579437
YNL054W,YDR176W,0,0.7890877,0.1888352930545807,0.5474525690078735,0.23542353510856628
YIL156W,YBR268W,0,0.78888303,0.18877023458480835,0.5474525690078735,0.2355235517024994
YGR120C,YCL067C,0,0.7887451,0.1887052357196808,0.5474525690078735,0.2356235682964325
YLR017W,YGR040W,0,0.78864723,0.1886402815580368,0.5474525690078735,0.2357235699892044
YOR091W,YOL009C,0,0.7880855,0.1885753571987152,0.5474525690078735,0.2358235865831375
YHR120W,YNL048W,0,0.7873696,0.1885104924440384,0.5474525690078735,0.23592358827590942
YNL271C,YOR181W,1,0.7873207,0.18878954648971558,0.5484515428543091,0.23592358827590942
YLR045C,YNL194C,1,0.7869788,0.18906840682029724,0.5494505763053894,0.23592358827590942
YMR158W,YPL221W,0,0.78687453,0.18900343775749207,0.5494505763053894,0.23602360486984253
YER007C-A,YBR131W,0,0.7865829,0.18893851339817047,0.5494505763053894,0.23612360656261444
YOL078W,YNL288W,0,0.7864378,0.18887363374233246,0.5494505763053894,0.23622362315654755
YLL038C,YKL129C,1,0.7857606,0.1891520768404007,0.550449550151825,0.23622362315654755
YNL103W,YOR156C,0,0.78502715,0.1890871673822403,0.550449550151825,0.23632363975048065
YDL161W,YDR218C,1,0.7845791,0.18936535716056824,0.5514485239982605,0.23632363975048065
YNL173C,YBL005W,0,0.7838033,0.18930041790008545,0.5514485239982605,0.23642364144325256
YKR100C,YBR109C,0,0.78371936,0.18923552334308624,0.5514485239982605,0.23652365803718567
YIL098C,YHR154W,0,0.78270817,0.18917065858840942,0.5514485239982605,0.23662365972995758
YJR102C,YER179W,0,0.78259075,0.18910585343837738,0.5514485239982605,0.23672367632389069
YJR123W,YIL087C,0,0.7825875,0.18904109299182892,0.5514485239982605,0.2368236780166626
YKL129C,YDR343C,0,0.7825131,0.18897637724876404,0.5514485239982605,0.2369236946105957
YDR381W,YIL062C,0,0.78208286,0.18891170620918274,0.5514485239982605,0.23702369630336761
YKL006C-A,YPL145C,0,0.78203744,0.18884707987308502,0.5514485239982605,0.23712371289730072
YLR363C,YMR133W,0,0.78183705,0.1887824833393097,0.5514485239982605,0.23722372949123383
YCR045C,YNL167C,0,0.7817177,0.18871794641017914,0.5514485239982605,0.23732373118400574
YPR017C,YPL058C,0,0.78171086,0.18865345418453217,0.5514485239982605,0.23742374777793884
YPL133C,YML061C,0,0.78141433,0.18858899176120758,0.5514485239982605,0.23752374947071075
YBR043C,YLR193C,0,0.78136855,0.18852458894252777,0.5514485239982605,0.23762376606464386
YKR100C,YPR105C,0,0.7812473,0.18846023082733154,0.5514485239982605,0.23772376775741577
YDL091C,YJL098W,0,0.7801806,0.1883959025144577,0.5514485239982605,0.23782378435134888
YDL243C,YLR299W,0,0.78014714,0.18833163380622864,0.5514485239982605,0.2379237860441208
YDR160W,YML076C,0,0.77988094,0.18826739490032196,0.5514485239982605,0.2380238026380539
YOR177C,YPR034W,0,0.7789857,0.18820320069789886,0.5514485239982605,0.238123819231987
YDL220C,YBL091C,0,0.7788643,0.18813906610012054,0.5514485239982605,0.2382238209247589
YGL063W,YGR083C,0,0.7782894,0.1880749613046646,0.5514485239982605,0.23832383751869202
YIL036W,YKL134C,0,0.7773853,0.18801090121269226,0.5514485239982605,0.23842383921146393
YNL286W,YLR260W,0,0.77676076,0.1879468858242035,0.5514485239982605,0.23852385580539703
YBR114W,YBR208C,0,0.77608436,0.1878829151391983,0.5514485239982605,0.23862385749816895
YPL207W,YPL193W,0,0.77588135,0.1878189891576767,0.5514485239982605,0.23872387409210205
YLR166C,YBL007C,1,0.7750043,0.18809524178504944,0.5524475574493408,0.23872387409210205
YDR004W,YMR041C,0,0.77493507,0.18803128600120544,0.5524475574493408,0.23882387578487396
YKR096W,YNL181W,0,0.7748154,0.18796737492084503,0.5524475574493408,0.23892389237880707
YPL207W,YDR227W,0,0.77468926,0.187903493642807,0.5524475574493408,0.23902390897274017
YPL189W,YPL006W,0,0.77431196,0.18783967196941376,0.5524475574493408,0.23912391066551208
YKL141W,YGL045W,0,0.7741092,0.1877758949995041,0.5524475574493408,0.2392239272594452
YFL005W,YNL180C,0,0.7725019,0.1877121478319168,0.5524475574493408,0.2393239289522171
YHR001W-A,YKR095W,0,0.7723512,0.1876484602689743,0.5524475574493408,0.2394239455461502
YAL048C,YBR101C,0,0.7722113,0.1875848025083542,0.5524475574493408,0.23952394723892212
YOR363C,YBR268W,0,0.77220005,0.18752118945121765,0.5524475574493408,0.23962396383285522
YIL106W,YKL138C,0,0.772095,0.1874576210975647,0.5524475574493408,0.23972396552562714
YIL036W,YPR095C,0,0.7719833,0.18739409744739532,0.5524475574493408,0.23982398211956024
YHL017W,YKR099W,0,0.7712645,0.18733061850070953,0.5524475574493408,0.23992399871349335
YER044C-A,YLR363C,0,0.771264,0.18726718425750732,0.5524475574493408,0.24002400040626526
YLL050C,YNL233W,1,0.771155,0.18754231929779053,0.5534465312957764,0.24002400040626526
YKL087C,YDL211C,0,0.7709762,0.18747885525226593,0.5534465312957764,0.24012401700019836
YIL013C,YFL056C,0,0.7704212,0.18741542100906372,0.5534465312957764,0.24022401869297028
YEL051W,YMR118C,0,0.7688567,0.1873520463705063,0.5534465312957764,0.24032403528690338
YNR048W,YLR234W,0,0.7684733,0.18728870153427124,0.5534465312957764,0.2404240369796753
YDR023W,YKL063C,0,0.76805496,0.18722541630268097,0.5534465312957764,0.2405240535736084
YPR008W,YOR195W,0,0.7679149,0.18716216087341309,0.5534465312957764,0.2406240552663803
YPR154W,YAL056W,0,0.76772517,0.18709895014762878,0.5534465312957764,0.24072407186031342
YLR037C,YHR001W-A,0,0.7669353,0.18703578412532806,0.5534465312957764,0.24082408845424652
YLR102C,YLR288C,0,0.7664374,0.18697266280651093,0.5534465312957764,0.24092409014701843
YDR041W,YDR438W,0,0.7661425,0.18690958619117737,0.5534465312957764,0.24102410674095154
YJL174W,YCR091W,0,0.7659942,0.1868465393781662,0.5534465312957764,0.24112410843372345
YMR192W,YDR303C,0,0.7659061,0.1867835521697998,0.5534465312957764,0.24122412502765656
YMR055C,YCL035C,0,0.7658276,0.1867205947637558,0.5534465312957764,0.24132412672042847
YHR161C,YDR233C,1,0.7655303,0.18699461221694946,0.5544455647468567,0.24132412672042847
YBR254C,YOR158W,0,0.76542634,0.18693162500858307,0.5544455647468567,0.24142414331436157
YBL063W,YOR103C,0,0.76523334,0.18686868250370026,0.5544455647468567,0.24152414500713348
YML023C,YAR009C,0,0.7647802,0.18680578470230103,0.5544455647468567,0.2416241616010666
YDR023W,YGR129W,0,0.7647508,0.18674293160438538,0.5544455647468567,0.2417241781949997
YBR279W,YFL005W,0,0.76454765,0.1866801232099533,0.5544455647468567,0.2418241798877716
YLR131C,YOR019W,0,0.76441634,0.18661734461784363,0.5544455647468567,0.2419241964817047
YGL142C,YKL132C,0,0.7643475,0.18655462563037872,0.5544455647468567,0.24202419817447662
YDL145C,YJR054W,0,0.7641786,0.1864919364452362,0.5544455647468567,0.24212421476840973
YLR417W,YMR009W,0,0.764147,0.18642929196357727,0.5544455647468567,0.24222421646118164
YLR115W,YPL145C,0,0.76383895,0.18636669218540192,0.5544455647468567,0.24232423305511475
YDL204W,YIR006C,1,0.7638082,0.18663981556892395,0.5554445385932922,0.24232423305511475
YDL091C,YPL097W,0,0.76325816,0.1865771859884262,0.5554445385932922,0.24242424964904785
YER033C,YBL038W,0,0.7632572,0.18651458621025085,0.5554445385932922,0.24252425134181976
YGR024C,YJR120W,0,0.76298016,0.18645204603672028,0.5554445385932922,0.24262426793575287
YEL032W,YPL221W,0,0.76284164,0.18638953566551208,0.5554445385932922,0.24272426962852478
YDR256C,YDR145W,0,0.76276815,0.18632708489894867,0.5554445385932922,0.24282428622245789
YHL003C,YDR301W,0,0.7624447,0.18626466393470764,0.5554445385932922,0.2429242879152298
YLR342W,YLR206W,1,0.7615978,0.18653717637062073,0.5564435720443726,0.2429242879152298
YDR435C,YOR113W,0,0.7612286,0.1864747256040573,0.5564435720443726,0.2430243045091629
YOR018W,YJR150C,0,0.7611168,0.18641231954097748,0.5564435720443726,0.24312430620193481
YCL051W,YLR337C,0,0.7610953,0.18634994328022003,0.5564435720443726,0.24322432279586792
YJR102C,YDR021W,0,0.7609567,0.18628762662410736,0.5564435720443726,0.24332433938980103
YBL091C,YPL040C,0,0.76056033,0.18622533977031708,0.5564435720443726,0.24342434108257294
YBR046C,YDR160W,0,0.7603224,0.18616309762001038,0.5564435720443726,0.24352435767650604
YGR080W,YGR040W,0,0.7601964,0.18610090017318726,0.5564435720443726,0.24362435936927795
YOR009W,YKL196C,0,0.75979954,0.18603874742984772,0.5564435720443726,0.24372437596321106
YFR016C,YBR295W,0,0.7595899,0.18597662448883057,0.5564435720443726,0.24382437765598297
YOR252W,YCR036W,0,0.75953245,0.185914546251297,0.5564435720443726,0.24392439424991608
YLR052W,YOR110W,0,0.75906485,0.185852512717247,0.5564435720443726,0.244024395942688
YFL005W,YBR260C,1,0.75900924,0.18612408638000488,0.5574425458908081,0.244024395942688
YKR077W,YNL156C,0,0.7587304,0.1860620230436325,0.5574425458908081,0.2441244125366211
YDL134C,YPL040C,0,0.758486,0.1860000044107437,0.5574425458908081,0.2442244291305542
YJR153W,YOR253W,0,0.75835884,0.1859380155801773,0.5574425458908081,0.2443244308233261
YBR107C,YHL021C,0,0.75834733,0.18587608635425568,0.5574425458908081,0.24442444741725922
YJR108W,YNL278W,0,0.75834316,0.18581418693065643,0.5574425458908081,0.24452444911003113
YKL032C,YLR115W,0,0.75817716,0.18575233221054077,0.5574425458908081,0.24462446570396423
YPR131C,YKL039W,0,0.7579743,0.1856905221939087,0.5574425458908081,0.24472446739673615
YGR024C,YDR040C,0,0.7579664,0.185628741979599,0.5574425458908081,0.24482448399066925
YHR139C,YDR190C,0,0.7578854,0.1855670064687729,0.5574425458908081,0.24492448568344116
YMR076C,YPL262W,0,0.7573527,0.18550531566143036,0.5574425458908081,0.24502450227737427
YOR079C,YIL062C,0,0.75676507,0.1854436695575714,0.5574425458908081,0.24512451887130737
YPL262W,YCL039W,0,0.7564283,0.18538205325603485,0.5574425458908081,0.24522452056407928
YDR328C,YBR060C,0,0.75608224,0.18532049655914307,0.5574425458908081,0.2453245371580124
YML127W,YOL096C,0,0.75585216,0.18525896966457367,0.5574425458908081,0.2454245388507843
YIL148W,YBR193C,0,0.75567406,0.18519747257232666,0.5574425458908081,0.2455245554447174
YPL049C,YMR091C,0,0.7552342,0.18513603508472443,0.5574425458908081,0.24562455713748932
YCR018C,YBR045C,0,0.7551444,0.18507462739944458,0.5574425458908081,0.24572457373142242
YMR048W,YKL192C,0,0.7549307,0.18501326441764832,0.5574425458908081,0.24582457542419434
YNR055C,YNL081C,0,0.7545996,0.18495194613933563,0.5574425458908081,0.24592459201812744
YLR284C,YNL094W,0,0.7544984,0.18489065766334534,0.5574425458908081,0.24602460861206055
YGR212W,YIL030C,0,0.75447583,0.18482941389083862,0.5574425458908081,0.24612461030483246
YPL221W,YFR038W,0,0.75434774,0.1847682148218155,0.5574425458908081,0.24622462689876556
YDR276C,YOR009W,0,0.75352937,0.18470704555511475,0.5574425458908081,0.24632462859153748
YNL094W,YGL233W,1,0.7530945,0.18497683107852936,0.5584415793418884,0.24632462859153748
YJR052W,YOR271C,0,0.75298005,0.18491564691066742,0.5584415793418884,0.24642464518547058
YHL028W,YOR227W,0,0.75241256,0.18485449254512787,0.5584415793418884,0.2465246468782425
YDR200C,YGR260W,0,0.75234234,0.1847933828830719,0.5584415793418884,0.2466246634721756
YLR185W,YPL105C,0,0.75079614,0.1847323179244995,0.5584415793418884,0.2467246651649475
YLR093C,YOL059W,0,0.74995005,0.1846712976694107,0.5584415793418884,0.24682468175888062
YCL014W,YIL140W,1,0.74988586,0.18494056165218353,0.559440553188324,0.24682468175888062
YKL129C,YNL288W,0,0.7496871,0.18487949669361115,0.559440553188324,0.24692469835281372
YDR328C,YGR040W,0,0.7492649,0.18481847643852234,0.559440553188324,0.24702470004558563
YDR100W,YDR057W,0,0.7492069,0.18475750088691711,0.559440553188324,0.24712471663951874
YKR096W,YPR155C,0,0.74914676,0.18469657003879547,0.559440553188324,0.24722471833229065
YGR254W,YGL116W,0,0.7482659,0.18463566899299622,0.559440553188324,0.24732473492622375
YDR178W,YFL005W,0,0.7481802,0.18457481265068054,0.559440553188324,0.24742473661899567
YGR244C,YFL011W,0,0.74780643,0.18451400101184845,0.559440553188324,0.24752475321292877
YKL185W,YHL021C,0,0.7473262,0.18445323407649994,0.559440553188324,0.24762476980686188
YLR215C,YDR243C,0,0.747307,0.18439249694347382,0.559440553188324,0.2477247714996338
YDR510W,YBL061C,1,0.74723375,0.18466095626354218,0.5604395866394043,0.2477247714996338
YIL144W,YKL077W,0,0.7467999,0.18460020422935486,0.5604395866394043,0.2478247880935669
YMR286W,YLR426W,0,0.7466389,0.18453946709632874,0.5604395866394043,0.2479247897863388
YLR345W,YJL127C,0,0.7464121,0.1844787895679474,0.5604395866394043,0.2480248063802719
YPL004C,YER093C,0,0.74603754,0.18441814184188843,0.5604395866394043,0.24812480807304382
YPL198W,YLR328W,0,0.7457606,0.18435753881931305,0.5604395866394043,0.24822482466697693
YPL242C,YNL233W,1,0.7454113,0.18462549149990082,0.5614385604858398,0.24822482466697693
YKL101W,YOR367W,1,0.7446452,0.18489326536655426,0.5624375343322754,0.24822482466697693
YLR150W,YDR438W,0,0.74435717,0.18483257293701172,0.5624375343322754,0.24832482635974884
YOR363C,YKR052C,0,0.7441062,0.18477191030979156,0.5624375343322754,0.24842484295368195
YJR125C,YJL085W,1,0.74408394,0.18503937125205994,0.5634365677833557,0.24842484295368195
YHR061C,YPL074W,1,0.7437088,0.18530665338039398,0.5644355416297913,0.24842484295368195
YLL066C,YML076C,0,0.7436589,0.18524590134620667,0.5644355416297913,0.24852485954761505
YIL007C,YLR292C,0,0.74358547,0.18518517911434174,0.5644355416297913,0.24862486124038696
YDR323C,YPL100W,0,0.74353105,0.1851245015859604,0.5644355416297913,0.24872487783432007
YOR266W,YHL050C,0,0.7428565,0.18506386876106262,0.5644355416297913,0.24882487952709198
YGR181W,YNL145W,0,0.7426933,0.18500328063964844,0.5644355416297913,0.24892489612102509
YOL009C,YDR437W,0,0.7420712,0.18494272232055664,0.5644355416297913,0.249024897813797
YBR003W,YGL219C,0,0.74193394,0.18488219380378723,0.5644355416297913,0.2491249144077301
YNL094W,YJR096W,0,0.74143004,0.1848217248916626,0.5644355416297913,0.24922491610050201
YDR469W,YDR317W,0,0.74133724,0.18476128578186035,0.5644355416297913,0.24932493269443512
YIR019C,YPR148C,0,0.7412966,0.1847008764743805,0.5644355416297913,0.24942494928836823
YGR059W,YBL061C,1,0.7410857,0.18496732413768768,0.5654345750808716,0.24942494928836823
YNL137C,YAL030W,0,0.7409575,0.18490689992904663,0.5654345750808716,0.24952495098114014
YJL013C,YNR037C,0,0.7407729,0.18484650552272797,0.5654345750808716,0.24962496757507324
YDL243C,YMR242C,0,0.7406331,0.18478615581989288,0.5654345750808716,0.24972496926784515
YJR117W,YJR096W,0,0.7406145,0.18472585082054138,0.5654345750808716,0.24982498586177826
YGL063W,YKR077W,0,0.74029464,0.18466557562351227,0.5654345750808716,0.24992498755455017
YCR107W,YBR089C-A,0,0.7401305,0.18460534512996674,0.5654345750808716,0.2500250041484833
YDL117W,YHR193C,0,0.7401193,0.18454515933990479,0.5654345750808716,0.2501250207424164
YHR024C,YGL053W,0,0.7397339,0.18448500335216522,0.5654345750808716,0.2502250373363495
YHR214W,YPL117C,0,0.7389461,0.18442489206790924,0.5654345750808716,0.2503250241279602
YDR004W,YGL027C,0,0.73843473,0.18436482548713684,0.5654345750808716,0.2504250407218933
YDR323C,YIL043C,0,0.7383999,0.18430478870868683,0.5654345750808716,0.2505250573158264
YIL053W,YDL117W,0,0.7382435,0.1842447966337204,0.5654345750808716,0.2506250739097595
YHL017W,YGL058W,0,0.73811036,0.18418483436107635,0.5654345750808716,0.25072506070137024
YLL026W,YFL061W,0,0.73784876,0.1841249167919159,0.5654345750808716,0.25082507729530334
YLR085C,YKL150W,0,0.7375977,0.184065043926239,0.5654345750808716,0.25092509388923645
YCR088W,YDR218C,1,0.7371122,0.1843302994966507,0.5664335489273071,0.25092509388923645
YDL135C,YDR122W,0,0.7371002,0.18427039682865143,0.5664335489273071,0.25102511048316956
YDR407C,YGR253C,0,0.7369058,0.18421052396297455,0.5664335489273071,0.25112512707710266
YNL048W,YDR438W,0,0.7365538,0.18415069580078125,0.5664335489273071,0.2512251138687134
YKL048C,YCL014W,1,0.73641974,0.18441557884216309,0.5674325823783875,0.2512251138687134
YOL009C,YLL021W,0,0.73637575,0.1843557357788086,0.5674325823783875,0.2513251304626465
YLL050C,YJL085W,1,0.7363657,0.18462038040161133,0.568431556224823,0.2513251304626465
YNL328C,YDR007W,0,0.7361186,0.18456049263477325,0.568431556224823,0.2514251470565796
YOR266W,YMR313C,0,0.73599774,0.18450064957141876,0.568431556224823,0.2515251636505127
YOR136W,YIL069C,0,0.7355566,0.18444083631038666,0.568431556224823,0.2516251504421234
YDR039C,YDL093W,0,0.73514587,0.18438108265399933,0.568431556224823,0.2517251670360565
YLL006W,YPR057W,0,0.73514044,0.1843213438987732,0.568431556224823,0.2518251836299896
YER063W,YNL054W,0,0.7337743,0.18426166474819183,0.568431556224823,0.25192520022392273
YDR325W,YIL033C,0,0.7329833,0.18420200049877167,0.568431556224823,0.25202521681785583
YPL215W,YER155C,0,0.7320337,0.18414239585399628,0.568431556224823,0.25212520360946655
YER014W,YJL069C,0,0.7319492,0.18408282101154327,0.568431556224823,0.25222522020339966
YDR201W,YER178W,0,0.73174244,0.18402329087257385,0.568431556224823,0.25232523679733276
YPR017C,YNL181W,0,0.73161227,0.18396379053592682,0.568431556224823,0.25242525339126587
YDL113C,YLR384C,0,0.7315683,0.18390433490276337,0.568431556224823,0.2525252401828766
YKL032C,YBL091C,0,0.7315379,0.1838449090719223,0.568431556224823,0.2526252567768097
YKR079C,YKL060C,0,0.73117924,0.18378552794456482,0.568431556224823,0.2527252733707428
YDR039C,YMR125W,0,0.73095256,0.18372619152069092,0.568431556224823,0.2528252899646759
YPR017C,YPR007C,0,0.7309016,0.1836668848991394,0.568431556224823,0.252925306558609
YPR131C,YDR257C,0,0.73067933,0.18360760807991028,0.568431556224823,0.2530252933502197
YDR002W,YDR317W,0,0.729976,0.18354839086532593,0.568431556224823,0.25312530994415283
YBL008W,YPR141C,0,0.729767,0.18348920345306396,0.568431556224823,0.25322532653808594
YMR232W,YIL137C,0,0.72878015,0.1834300458431244,0.568431556224823,0.25332534313201904
YGL096W,YIR031C,0,0.7277152,0.1833709329366684,0.568431556224823,0.25342532992362976
YAR033W,YEL044W,0,0.7275864,0.1833118498325348,0.568431556224823,0.25352534651756287
YBR114W,YBR149W,0,0.72746605,0.18325281143188477,0.568431556224823,0.25362536311149597
YHR106W,YHR133C,0,0.72729295,0.18319381773471832,0.568431556224823,0.2537253797054291
YDR437W,YJL197W,0,0.72705954,0.18313485383987427,0.568431556224823,0.2538253962993622
YNL025C,YNL294C,0,0.7267701,0.1830759346485138,0.568431556224823,0.2539253830909729
YOR091W,YER142C,0,0.726653,0.1830170452594757,0.568431556224823,0.254025399684906
YDL091C,YKL077W,0,0.7264692,0.1829582005739212,0.568431556224823,0.2541254162788391
YAL048C,YDR438W,0,0.72633,0.1828993856906891,0.568431556224823,0.2542254328727722
YEL005C,YNL251C,0,0.72620153,0.18284061551094055,0.568431556224823,0.25432541966438293
YJL058C,YBR131W,0,0.7260708,0.1827818751335144,0.568431556224823,0.25442543625831604
YOR193W,YMR072W,0,0.7260079,0.18272317945957184,0.568431556224823,0.25452545285224915
YML061C,YGR142W,0,0.7259564,0.18266452848911285,0.568431556224823,0.25462546944618225
YHL017W,YLR442C,0,0.72575164,0.18260590732097626,0.568431556224823,0.25472548604011536
YAL002W,YDR080W,0,0.72564375,0.18254731595516205,0.568431556224823,0.2548254728317261
YOR363C,YDR005C,0,0.72505987,0.18248876929283142,0.568431556224823,0.2549254894256592
YDR301W,YIL130W,0,0.7247954,0.18243026733398438,0.568431556224823,0.2550255060195923
YKL048C,YBR094W,0,0.72475857,0.18237179517745972,0.568431556224823,0.2551255226135254
YHR158C,YLR363C,0,0.7246822,0.18231336772441864,0.568431556224823,0.2552255094051361
YDR150W,YCL034W,1,0.7245068,0.1825752705335617,0.5694305896759033,0.2552255094051361
YNR019W,YBR060C,0,0.723967,0.18251681327819824,0.5694305896759033,0.2553255259990692
YOR018W,YGL064C,0,0.72388935,0.18245838582515717,0.5694305896759033,0.2554255425930023
YDR243C,YER129W,0,0.723543,0.18240000307559967,0.5694305896759033,0.2555255591869354
YDR188W,YLR288C,0,0.72344154,0.18234165012836456,0.5694305896759033,0.25562557578086853
YER100W,YMR009W,0,0.7233932,0.18228334188461304,0.5694305896759033,0.25572556257247925
YBR162W-A,YGR083C,0,0.72314876,0.1822250634431839,0.5694305896759033,0.25582557916641235
YBL056W,YML086C,0,0.7229813,0.18216682970523834,0.5694305896759033,0.25592559576034546
YER008C,YOR181W,1,0.7229591,0.18242812156677246,0.5704295635223389,0.25592559576034546
YHR201C,YNR019W,0,0.72274804,0.18236984312534332,0.5704295635223389,0.25602561235427856
YLR390W-A,YIL148W,0,0.722305,0.18231162428855896,0.5704295635223389,0.2561255991458893
YER155C,YKL063C,0,0.7218787,0.18225343525409698,0.5704295635223389,0.2562256157398224
YGR080W,YBR102C,1,0.7214445,0.18251435458660126,0.5714285969734192,0.2562256157398224
YNL263C,YNL076W,0,0.72134167,0.1824561357498169,0.5714285969734192,0.2563256323337555
YAL002W,YJR050W,0,0.72117513,0.1823979616165161,0.5714285969734192,0.2564256489276886
YLR206W,YMR092C,1,0.721132,0.1826585978269577,0.5724275708198547,0.2564256489276886
YML011C,YGL107C,0,0.7209096,0.18260037899017334,0.5724275708198547,0.2565256655216217
YFR016C,YER093C,0,0.7206294,0.18254220485687256,0.5724275708198547,0.2566256523132324
YLR342W,YBL061C,1,0.7205989,0.18280254304409027,0.5734265446662903,0.2566256523132324
YBR085W,YBL038W,0,0.72056484,0.1827443540096283,0.5734265446662903,0.2567256689071655
YLR324W,YOL059W,0,0.7205486,0.18268617987632751,0.5734265446662903,0.25682568550109863
YOR117W,YBR086C,0,0.7204819,0.1826280653476715,0.5734265446662903,0.25692570209503174
YPL141C,YLR363C,0,0.72006816,0.1825699806213379,0.5734265446662903,0.25702568888664246
YGL144C,YPL021W,0,0.7199557,0.18251192569732666,0.5734265446662903,0.25712570548057556
YLR333C,YGR138C,0,0.71974146,0.182453915476799,0.5734265446662903,0.25722572207450867
YIR019C,YDR092W,0,0.7196431,0.18239593505859375,0.5734265446662903,0.2573257386684418
YFL005W,YHR061C,1,0.7193498,0.18265564739704132,0.5744255781173706,0.2573257386684418
YIL118W,YDL139C,0,0.7191519,0.18259765207767487,0.5744255781173706,0.2574257552623749
YDR439W,YML013W,0,0.71889246,0.1825396865606308,0.5744255781173706,0.2575257420539856
YDR427W,YLR260W,0,0.7182588,0.18248175084590912,0.5744255781173706,0.2576257586479187
YIL009W,YLR263W,0,0.7181756,0.18242385983467102,0.5744255781173706,0.2577257752418518
YHR161C,YPL074W,1,0.7181199,0.18268315494060516,0.5754245519638062,0.2577257752418518
YPL056C,YKL063C,0,0.71800387,0.18262523412704468,0.5754245519638062,0.2578257918357849
YIL106W,YPR175W,0,0.71790737,0.18256735801696777,0.5754245519638062,0.25792577862739563
YLR085C,YNR030W,0,0.7178561,0.18250951170921326,0.5754245519638062,0.25802579522132874
YJL020C,YBL061C,1,0.71764576,0.18276844918727875,0.5764235854148865,0.25802579522132874
YHR016C,YBL061C,1,0.71707255,0.1830272376537323,0.577422559261322,0.25802579522132874
YDR129C,YLR404W,1,0.71698815,0.18328584730625153,0.5784215927124023,0.25802579522132874
YNL076W,YPR097W,0,0.7167374,0.18322785198688507,0.5784215927124023,0.25812581181526184
YOR060C,YIL123W,0,0.7165414,0.183169886469841,0.5784215927124023,0.25822582840919495
YOL023W,YPR071W,0,0.716399,0.18311195075511932,0.5784215927124023,0.25832584500312805
YOR191W,YFR049W,0,0.71632725,0.18305405974388123,0.5784215927124023,0.25842583179473877
YCL044C,YER060W,0,0.7156131,0.1829962134361267,0.5784215927124023,0.2585258483886719
YPL209C,YEL019C,0,0.7155848,0.1829383820295334,0.5784215927124023,0.258625864982605
YOR177C,YDR323C,0,0.7155667,0.18288061022758484,0.5784215927124023,0.2587258815765381
YEL006W,YKL006W,0,0.71554536,0.18282285332679749,0.5784215927124023,0.2588258683681488
YPL171C,YKR095W,0,0.71513164,0.1827651560306549,0.5784215927124023,0.2589258849620819
YDR463W,YDL123W,0,0.71487635,0.18270747363567352,0.5784215927124023,0.259025901556015
YBR254C,YGL144C,0,0.7147822,0.18264983594417572,0.5784215927124023,0.2591259181499481
YKR089C,YHR118C,0,0.71466684,0.1825922429561615,0.5784215927124023,0.2592259347438812
YJR035W,YHL031C,0,0.71427673,0.18253467977046967,0.5784215927124023,0.25932592153549194
YOR101W,YML047C,0,0.7142363,0.18247714638710022,0.5784215927124023,0.25942593812942505
YJR090C,YDR218C,1,0.71413934,0.18273471295833588,0.5794205665588379,0.25942593812942505
YLR313C,YPR188C,1,0.713996,0.1829921305179596,0.5804196000099182,0.25942593812942505
YDL235C,YOR032C,0,0.71329516,0.18293450772762299,0.5804196000099182,0.25952595472335815
YOR101W,YAL026C,0,0.7131451,0.18287692964076996,0.5804196000099182,0.25962597131729126
YDR004W,YML004C,0,0.71290994,0.18281938135623932,0.5804196000099182,0.259725958108902
YGR138C,YOR110W,0,0.7127902,0.18276187777519226,0.5804196000099182,0.2598259747028351
YBR218C,YBR049C,0,0.71262103,0.1827044039964676,0.5804196000099182,0.2599259912967682
YCR091W,YER139C,0,0.7120718,0.1826469600200653,0.5804196000099182,0.2600260078907013
YIL106W,YNL025C,0,0.7119673,0.1825895607471466,0.5804196000099182,0.2601260244846344
YGL073W,YHL050C,0,0.7116098,0.1825322061777115,0.5804196000099182,0.2602260112762451
YPR055W,YLR175W,0,0.71137327,0.18247488141059875,0.5804196000099182,0.2603260278701782
YGL093W,YDR300C,0,0.71090406,0.1824175864458084,0.5804196000099182,0.26042604446411133
YJL181W,YNL156C,0,0.7108625,0.18236032128334045,0.5804196000099182,0.26052606105804443
YML059C,YDR464W,0,0.71062297,0.18230310082435608,0.5804196000099182,0.26062604784965515
YBR038W,YGR296W,0,0.7105607,0.18224592506885529,0.5804196000099182,0.26072606444358826
YPR055W,YGR174C,0,0.7100872,0.18218877911567688,0.5804196000099182,0.26082608103752136
YDR303C,YMR177W,0,0.7098108,0.18213166296482086,0.5804196000099182,0.26092609763145447
YOR363C,YJL045W,0,0.709807,0.18207459151744843,0.5804196000099182,0.2610261142253876
YCL068C,YOL059W,0,0.70974565,0.18201754987239838,0.5804196000099182,0.2611261010169983
YER100W,YGR120C,0,0.70939523,0.18196053802967072,0.5804196000099182,0.2612261176109314
YER008C,YIR006C,1,0.709372,0.18221665918827057,0.5814185738563538,0.2612261176109314
YJL110C,YNL038W,0,0.70920557,0.18215961754322052,0.5814185738563538,0.2613261342048645
YNL023C,YDR438W,0,0.7083471,0.18210263550281525,0.5814185738563538,0.2614261507987976
YML100W,YIL156W,0,0.70782137,0.18204566836357117,0.5814185738563538,0.2615261673927307
YHR009C,YMR183C,0,0.7077038,0.18198874592781067,0.5814185738563538,0.26162615418434143
YLL024C,YDR217C,0,0.70710677,0.18193185329437256,0.5814185738563538,0.26172617077827454
YML023C,YKR052C,0,0.7067091,0.18187500536441803,0.5814185738563538,0.26182618737220764
YBR101C,YDR284C,0,0.70662713,0.1818181872367859,0.5814185738563538,0.26192620396614075
YNL183C,YGR004W,0,0.70660967,0.18176139891147614,0.5814185738563538,0.26202619075775146
YBR119W,YDR246W,0,0.7061307,0.18170465528964996,0.5814185738563538,0.26212620735168457
YGR224W,YMR207C,0,0.7061151,0.18164794147014618,0.5814185738563538,0.2622262239456177
YBR109C,YGL058W,0,0.7060265,0.18159125745296478,0.5814185738563538,0.2623262405395508
YDR045C,YBL047C,0,0.7055836,0.18153461813926697,0.5814185738563538,0.2624262571334839
YOR195W,YDL139C,0,0.70423716,0.18147802352905273,0.5814185738563538,0.2625262439250946
YDR002W,YGL115W,0,0.7039797,0.1814214438199997,0.5814185738563538,0.2626262605190277
YGL058W,YPL175W,0,0.70372933,0.18136490881443024,0.5814185738563538,0.2627262771129608
YKL145W,YNL123W,0,0.7036619,0.18130841851234436,0.5814185738563538,0.2628262937068939
YGL243W,YGR044C,0,0.7035882,0.18125194311141968,0.5814185738563538,0.26292628049850464
YER149C,YDR218C,1,0.7032704,0.18150684237480164,0.5824176073074341,0.26292628049850464
YLR102C,YGR202C,0,0.70289963,0.18145035207271576,0.5824176073074341,0.26302629709243774
YLR315W,YBR049C,0,0.70284957,0.18139390647411346,0.5824176073074341,0.26312631368637085
YJL162C,YDR384C,0,0.70275694,0.18133747577667236,0.5824176073074341,0.26322633028030396
YAL007C,YOR011W,0,0.7027124,0.18128108978271484,0.5824176073074341,0.26332634687423706
YPL004C,YOR011W,0,0.70234734,0.1812247484922409,0.5824176073074341,0.2634263336658478
YGR099W,YAL051W,0,0.7012649,0.18116842210292816,0.5824176073074341,0.2635263502597809
YOR049C,YDL220C,0,0.7009152,0.181112140417099,0.5824176073074341,0.263626366853714
YJR050W,YLR260W,0,0.7006251,0.18105590343475342,0.5824176073074341,0.2637263834476471
YNL025C,YDR007W,0,0.7004009,0.18099969625473022,0.5824176073074341,0.2638263702392578
YKL069W,YPR174C,0,0.6997573,0.18094351887702942,0.5824176073074341,0.2639263868331909
YER044C-A,YHR214W,0,0.699671,0.180887371301651,0.5824176073074341,0.264026403427124
YOR008C,YKL129C,1,0.69963616,0.1811414361000061,0.5834165811538696,0.264026403427124
YBL072C,YDR438W,0,0.6995412,0.1810852736234665,0.5834165811538696,0.26412642002105713
YNR019W,YKR083C,0,0.69953537,0.18102914094924927,0.5834165811538696,0.26422643661499023
YER100W,YDR045C,0,0.6991092,0.18097303807735443,0.5834165811538696,0.26432642340660095
YCL068C,YMR205C,0,0.6990157,0.18091697990894318,0.5834165811538696,0.26442644000053406
YIL107C,YLL006W,0,0.69895345,0.1808609515428543,0.5834165811538696,0.26452645659446716
YLR293C,YKL039W,0,0.6978086,0.18080495297908783,0.5834165811538696,0.26462647318840027
YFR040W,YNR071C,0,0.6976324,0.18074899911880493,0.5834165811538696,0.264726459980011
YCR045C,YNL031C,0,0.69760597,0.18069307506084442,0.5834165811538696,0.2648264765739441
YPL105C,YGL092W,0,0.6973313,0.1806371808052063,0.5834165811538696,0.2649264931678772
YHR035W,YJL196C,0,0.6973014,0.18058131635189056,0.5834165811538696,0.2650265097618103
YFL005W,YPL253C,0,0.6969921,0.1805254966020584,0.5834165811538696,0.2651265263557434
YDR516C,YGL105W,0,0.6967398,0.18046972155570984,0.5834165811538696,0.2652265131473541
YDR007W,YHR073W,0,0.69655335,0.18041396141052246,0.5834165811538696,0.26532652974128723
YPL141C,YLR260W,0,0.6964945,0.18035824596881866,0.5834165811538696,0.26542654633522034
YJL054W,YNR033W,0,0.69643706,0.18030256032943726,0.5834165811538696,0.26552656292915344
YIL106W,YGR007W,0,0.69639844,0.18024691939353943,0.5834165811538696,0.26562654972076416
YJL085W,YIL138C,1,0.6957929,0.1804998517036438,0.5844155550003052,0.26562654972076416
YML011C,YDL105W,0,0.6948898,0.1804441660642624,0.5844155550003052,0.26572656631469727
YJL094C,YAL026C,0,0.6948417,0.18038852512836456,0.5844155550003052,0.26582658290863037
YGL116W,YGR044C,0,0.6945222,0.18033292889595032,0.5844155550003052,0.2659265995025635
YPL141C,YMR262W,0,0.69445884,0.18027734756469727,0.5844155550003052,0.2660266160964966
YJR123W,YBL031W,0,0.6944059,0.1802218109369278,0.5844155550003052,0.2661266028881073
YDL106C,YKL006W,0,0.6943232,0.1801663041114807,0.5844155550003052,0.2662266194820404
YCR107W,YDR213W,0,0.6940313,0.1801108419895172,0.5844155550003052,0.2663266360759735
YMR232W,YPR100W,0,0.69388837,0.1800553947687149,0.5844155550003052,0.2664266526699066
YJL013C,YNL065W,0,0.6933535,0.18000000715255737,0.5844155550003052,0.26652663946151733
YDL113C,YPL168W,0,0.693244,0.17994463443756104,0.5844155550003052,0.26662665605545044
YDL003W,YPL075W,0,0.693125,0.17988929152488708,0.5844155550003052,0.26672667264938354
YBL035C,YLR054C,0,0.6928518,0.17983399331569672,0.5844155550003052,0.26682668924331665
YML041C,YLR409C,0,0.6926686,0.17977873980998993,0.5844155550003052,0.26692670583724976
YML041C,YBR254C,0,0.6918487,0.17972350120544434,0.5844155550003052,0.2670266926288605
YLR007W,YOR001W,0,0.6917861,0.17966830730438232,0.5844155550003052,0.2671267092227936
YPR114W,YHL006C,0,0.69174856,0.1796131432056427,0.5844155550003052,0.2672267258167267
YOR247W,YGL093W,0,0.690932,0.17955800890922546,0.5844155550003052,0.2673267424106598
YLR258W,YGL240W,0,0.69067603,0.1795029193162918,0.5844155550003052,0.2674267292022705
YJL078C,YBR218C,0,0.6906052,0.17944785952568054,0.5844155550003052,0.2675267457962036
YNL294C,YML031W,0,0.69032955,0.17939282953739166,0.5844155550003052,0.2676267623901367
YKL141W,YJL078C,0,0.6902499,0.17933782935142517,0.5844155550003052,0.2677267789840698
YHR001W-A,YER060W,0,0.689982,0.17928287386894226,0.5844155550003052,0.26782679557800293
YLR085C,YDL220C,0,0.6892505,0.17922794818878174,0.5844155550003052,0.26792678236961365
YDL145C,YML096W,0,0.6887859,0.1791730523109436,0.5844155550003052,0.26802679896354675
YML081W,YMR313C,0,0.68815845,0.17911818623542786,0.5844155550003052,0.26812681555747986
YNL020C,YGR241C,1,0.6878844,0.17936944961547852,0.5854145884513855,0.26812681555747986
YOR016C,YOR117W,0,0.6878485,0.17931456863880157,0.5854145884513855,0.26822683215141296
YGR212W,YDR178W,0,0.68771166,0.17925971746444702,0.5854145884513855,0.2683268189430237
YNL166C,YMR032W,1,0.68764526,0.179510697722435,0.586413562297821,0.2683268189430237
YJL174W,YPR120C,0,0.6876252,0.17945581674575806,0.586413562297821,0.2684268355369568
YKL002W,YFR034C,0,0.68754226,0.1794009804725647,0.586413562297821,0.2685268521308899
YOR081C,YHR001W-A,0,0.68735,0.17934615910053253,0.586413562297821,0.268626868724823
YNL214W,YDR395W,0,0.6872079,0.17929138243198395,0.586413562297821,0.2687268853187561
YOR334W,YOL076W,0,0.686958,0.17923663556575775,0.586413562297821,0.2688268721103668
YJL096W,YGL107C,0,0.6868878,0.17918193340301514,0.586413562297821,0.2689268887042999
YPR100W,YLR247C,0,0.68669575,0.17912724614143372,0.586413562297821,0.26902690529823303
YDR189W,YDR323C,0,0.6864967,0.17907260358333588,0.586413562297821,0.26912692189216614
YHR158C,YFR030W,0,0.6858534,0.17901799082756042,0.586413562297821,0.26922690868377686
YIL147C,YBL063W,0,0.68568957,0.17896340787410736,0.586413562297821,0.26932692527770996
YOR018W,YDL031W,0,0.6856281,0.17890886962413788,0.586413562297821,0.26942694187164307
YNL317W,YLR175W,0,0.6856235,0.17885436117649078,0.586413562297821,0.26952695846557617
YKL141W,YML055W,0,0.685301,0.17879988253116608,0.586413562297821,0.2696269750595093
YJL059W,YDR528W,0,0.685293,0.17874543368816376,0.586413562297821,0.26972696185112
YGL196W,YIL153W,0,0.68513834,0.17869101464748383,0.586413562297821,0.2698269784450531
YBR189W,YBL047C,0,0.6850763,0.17863664031028748,0.586413562297821,0.2699269950389862
YDR129C,YBR102C,1,0.685004,0.1788865178823471,0.5874125957489014,0.2699269950389862
YDR098C,YDR309C,0,0.6844509,0.17883211374282837,0.5874125957489014,0.2700270116329193
YGR080W,YDR122W,0,0.6843154,0.17877773940563202,0.5874125957489014,0.27012699842453003
YGR129W,YHL021C,0,0.6841739,0.17872340977191925,0.5874125957489014,0.27022701501846313
YCR105W,YDR284C,0,0.68415314,0.17866909503936768,0.5874125957489014,0.27032703161239624
YOR329C,YIL034C,1,0.6839148,0.17891858518123627,0.5884115695953369,0.27032703161239624
YEL024W,YHR157W,0,0.6838943,0.1788642555475235,0.5884115695953369,0.27042704820632935
YNL246W,YDR080W,0,0.68368083,0.17880995571613312,0.5884115695953369,0.27052706480026245
YBR086C,YLR328W,0,0.6836458,0.17875568568706512,0.5884115695953369,0.27062705159187317
YOR091W,YLR328W,0,0.6835397,0.1787014603614807,0.5884115695953369,0.2707270681858063
YLL067C,YLR189C,0,0.68344104,0.1786472499370575,0.5884115695953369,0.2708270847797394
YPL105C,YLR258W,0,0.6833786,0.17859308421611786,0.5884115695953369,0.2709271013736725
YOR191W,YER038C,0,0.6833232,0.1785389482975006,0.5884115695953369,0.2710270881652832
YDL135C,YKR079C,0,0.68313366,0.17848484218120575,0.5884115695953369,0.2711271047592163
YLL031C,YBL051C,0,0.68292606,0.17843078076839447,0.5884115695953369,0.2712271213531494
YML067C,YDR300C,0,0.6827094,0.17837673425674438,0.5884115695953369,0.2713271379470825
YNL056W,YLR001C,0,0.68268484,0.17832273244857788,0.5884115695953369,0.2714271545410156
YKR078W,YCR035C,0,0.6825798,0.17826876044273376,0.5884115695953369,0.27152714133262634
YGL194C,YJL197W,0,0.68250114,0.17821483314037323,0.5884115695953369,0.27162715792655945
YDR516C,YDR150W,0,0.68202096,0.1781609207391739,0.5884115695953369,0.27172717452049255
YBR149W,YPL254W,0,0.681699,0.17810705304145813,0.5884115695953369,0.27182719111442566
YNL138W,YNL243W,1,0.6810474,0.17835550010204315,0.5894106030464172,0.27182719111442566
YML133C,YOR330C,0,0.68065786,0.178301602602005,0.5894106030464172,0.2719271779060364
YDR235W,YOR011W,0,0.67921394,0.17824773490428925,0.5894106030464172,0.2720271944999695
YDR359C,YBR045C,0,0.67919457,0.17819389700889587,0.5894106030464172,0.2721272110939026
YPL058C,YKR095W,0,0.67913646,0.17814010381698608,0.5894106030464172,0.2722272276878357
YIL013C,YML086C,0,0.67901784,0.1780863255262375,0.5894106030464172,0.2723272442817688
YDR471W,YCR063W,0,0.6789685,0.17803259193897247,0.5894106030464172,0.2724272310733795
YHR113W,YAL028W,0,0.67880416,0.17797888815402985,0.5894106030464172,0.2725272476673126
YCR031C,YBR078W,0,0.6786746,0.1779252141714096,0.5894106030464172,0.2726272642612457
YAL015C,YHR157W,0,0.67860675,0.17787156999111176,0.5894106030464172,0.27272728085517883
YDL031W,YDL076C,0,0.6784856,0.1778179556131363,0.5894106030464172,0.27282729744911194
YNL263C,YKR034W,0,0.67824,0.1777643859386444,0.5894106030464172,0.27292728424072266
YBR029C,YER143W,0,0.678144,0.17771084606647491,0.5894106030464172,0.27302730083465576
YGL093W,YCL067C,0,0.67803806,0.1776573359966278,0.5894106030464172,0.27312731742858887
YMR286W,YGL243W,0,0.67798144,0.1776038557291031,0.5894106030464172,0.273227334022522
YBL031W,YCR021C,0,0.6773774,0.17755040526390076,0.5894106030464172,0.2733273208141327
YOL154W,YIL148W,0,0.67735374,0.1774969846010208,0.5894106030464172,0.2734273374080658
YDR129C,YMR074C,0,0.67709726,0.17744360864162445,0.5894106030464172,0.2735273540019989
YIL147C,YKL114C,0,0.6770433,0.17739026248455048,0.5894106030464172,0.273627370595932
YDR148C,YBR180W,0,0.67665344,0.1773369461297989,0.5894106030464172,0.2737273871898651
YFR031C-A,YNL243W,0,0.6758718,0.1772836595773697,0.5894106030464172,0.27382737398147583
YHR113W,YDR439W,0,0.67539054,0.17723040282726288,0.5894106030464172,0.27392739057540894
YOR119C,YJR035W,0,0.6748186,0.17717717587947845,0.5894106030464172,0.27402740716934204
YKL033W,YHR005C,0,0.67428946,0.1771239936351776,0.5894106030464172,0.27412742376327515
YIL156W,YGR193C,0,0.6737223,0.17707082629203796,0.5894106030464172,0.27422741055488586
YFL005W,YGR044C,0,0.6736422,0.1770177036523819,0.5894106030464172,0.27432742714881897
YNL318C,YOR236W,0,0.67333907,0.17696461081504822,0.5894106030464172,0.2744274437427521
YKL052C,YOR019W,0,0.67327315,0.17691154778003693,0.5894106030464172,0.2745274603366852
YLR023C,YHR190W,0,0.67325634,0.17685851454734802,0.5894106030464172,0.2746274769306183
YIL036W,YHR214W,0,0.6732455,0.1768055111169815,0.5894106030464172,0.274727463722229
YDR377W,YDR028C,0,0.67319417,0.17675255239009857,0.5894106030464172,0.2748274803161621
YJL110C,YLR360W,0,0.67298675,0.17669960856437683,0.5894106030464172,0.2749274969100952
YGR178C,YDL134C,0,0.67280775,0.17664670944213867,0.5894106030464172,0.2750275135040283
YHL028W,YBR065C,0,0.6723723,0.1765938401222229,0.5894106030464172,0.27512750029563904
YDL113C,YPR180W,0,0.67183703,0.17654100060462952,0.5894106030464172,0.27522751688957214
YNL045W,YGL111W,0,0.6718149,0.17648819088935852,0.5894106030464172,0.27532753348350525
YPL063W,YOR113W,0,0.6717773,0.1764354109764099,0.5894106030464172,0.27542755007743835
YGL115W,YPR141C,0,0.6716842,0.1763826608657837,0.5894106030464172,0.27552756667137146
YDR122W,YPL097W,0,0.6711976,0.17632994055747986,0.5894106030464172,0.2756275534629822
YJR092W,YPR055W,1,0.6711566,0.17657603323459625,0.5904095768928528,0.2756275534629822
YOR011W,YKR049C,0,0.67072767,0.17652329802513123,0.5904095768928528,0.2757275700569153
YDR397C,YGR030C,0,0.67067975,0.1764705926179886,0.5904095768928528,0.2758275866508484
YNL133C,YBR208C,0,0.6703649,0.17641791701316833,0.5904095768928528,0.2759276032447815
YJR092W,YNL271C,1,0.67023176,0.17666368186473846,0.5914086103439331,0.2759276032447815
YER028C,YBR268W,0,0.6698267,0.17661097645759583,0.5914086103439331,0.2760275900363922
YML101C,YDR057W,0,0.6697868,0.17655830085277557,0.5914086103439331,0.2761276066303253
YOR087W,YDR005C,0,0.6697262,0.1765056699514389,0.5914086103439331,0.2762276232242584
YPL105C,YLR037C,0,0.669215,0.17645305395126343,0.5914086103439331,0.27632763981819153
YIL019W,YOL116W,0,0.6691666,0.17640048265457153,0.5914086103439331,0.27642765641212463
YML101C,YOR259C,0,0.6688063,0.17634792625904083,0.5914086103439331,0.27652764320373535
YOR090C,YGL063W,0,0.66879594,0.1762954145669937,0.5914086103439331,0.27662765979766846
YEL019C,YMR035W,0,0.6681773,0.17624293267726898,0.5914086103439331,0.27672767639160156
YMR220W,YOR019W,0,0.66810656,0.17619048058986664,0.5914086103439331,0.27682769298553467
YLR248W,YOL116W,0,0.66773236,0.17613805830478668,0.5914086103439331,0.2769276797771454
YHR158C,YPL018W,0,0.66770285,0.1760856658220291,0.5914086103439331,0.2770276963710785
YJR035W,YMR035W,0,0.6675673,0.17603330314159393,0.5914086103439331,0.2771277129650116
YNL045W,YMR035W,0,0.667435,0.17598097026348114,0.5914086103439331,0.2772277295589447
YDR108W,YDR019C,0,0.6673474,0.17592868208885193,0.5914086103439331,0.2773277461528778
YCL001W,YHR157W,0,0.6673234,0.1758764088153839,0.5914086103439331,0.2774277329444885
YOR034C,YBR254C,0,0.6669498,0.17582418024539948,0.5914086103439331,0.27752774953842163
YGR032W,YIL138C,1,0.6668655,0.17606888711452484,0.5924075841903687,0.27752774953842163
YDR464W,YML076C,0,0.6667786,0.17601662874221802,0.5924075841903687,0.27762776613235474
YER142C,YDR005C,0,0.6667455,0.1759643852710724,0.5924075841903687,0.27772778272628784
YOR049C,YPL021W,0,0.666494,0.17591218650341034,0.5924075841903687,0.27782776951789856
YOR266W,YPR017C,0,0.66640127,0.17586001753807068,0.5924075841903687,0.27792778611183167
YML052W,YBL061C,1,0.66591686,0.1761043518781662,0.593406617641449,0.27792778611183167
YOR172W,YNR030W,0,0.6658444,0.17605216801166534,0.593406617641449,0.27802780270576477
YOL011W,YDR110W,0,0.6655063,0.17599999904632568,0.593406617641449,0.2781278192996979
YDR463W,YML055W,0,0.66536784,0.1759478598833084,0.593406617641449,0.278227835893631
YML045W,YDR246W,0,0.6653259,0.17589576542377472,0.593406617641449,0.2783278226852417
YBR049C,YDR359C,0,0.6651812,0.17584370076656342,0.593406617641449,0.2784278392791748
YGR235C,YKL077W,0,0.6647696,0.1757916510105133,0.593406617641449,0.2785278558731079
YCL048W,YNR030W,0,0.66472393,0.17573964595794678,0.593406617641449,0.278627872467041
YDR427W,YER015W,0,0.6645199,0.17568767070770264,0.593406617641449,0.27872785925865173
YCL014W,YOR181W,1,0.6642286,0.1759313941001892,0.5944055914878845,0.27872785925865173
YPL189W,YGL049C,0,0.66413575,0.17587940394878387,0.5944055914878845,0.27882787585258484
YOR019W,YDL117W,0,0.6639125,0.17582742869853973,0.5944055914878845,0.27892789244651794
YNL054W,YMR205C,0,0.66300863,0.17577548325061798,0.5944055914878845,0.27902790904045105
YLR333C,YLL006W,0,0.66222477,0.17572356760501862,0.5944055914878845,0.27912792563438416
YJL059W,YPL100W,0,0.66218567,0.17567168176174164,0.5944055914878845,0.2792279124259949
YOR330C,YDR168W,0,0.6621,0.17561984062194824,0.5944055914878845,0.279327929019928
YGL116W,YLR189C,0,0.66195303,0.17556801438331604,0.5944055914878845,0.2794279456138611
YER005W,YLL014W,0,0.6617581,0.17551621794700623,0.5944055914878845,0.2795279622077942
YMR232W,YBR112C,0,0.6614089,0.17546446621418,0.5944055914878845,0.2796279489994049
YDR178W,YIR019C,0,0.660854,0.17541272938251495,0.5944055914878845,0.279727965593338
YOL144W,YKL145W,0,0.6608531,0.1753610372543335,0.5944055914878845,0.2798279821872711
YFR024C-A,YKL040C,0,0.66085064,0.17530937492847443,0.5944055914878845,0.2799279987812042
YDR212W,YDR273W,0,0.66083145,0.17525772750377655,0.5944055914878845,0.28002801537513733
YER062C,YKR027W,0,0.6607566,0.17520612478256226,0.5944055914878845,0.28012800216674805
YDR309C,YOR181W,1,0.6606816,0.1754489243030548,0.5954046249389648,0.28012800216674805
YGL098W,YJL180C,0,0.66035575,0.17539729177951813,0.5954046249389648,0.28022801876068115
YBR107C,YFL011W,0,0.6601862,0.17534568905830383,0.5954046249389648,0.28032803535461426
YCR105W,YPR068C,0,0.6601019,0.17529411613941193,0.5954046249389648,0.28042805194854736
YLR017W,YCL048W,0,0.6597756,0.1752425730228424,0.5954046249389648,0.2805280387401581
YGR078C,YLR328W,0,0.65958744,0.17519105970859528,0.5954046249389648,0.2806280553340912
YGR244C,YBR089C-A,0,0.65926373,0.17513957619667053,0.5954046249389648,0.2807280719280243
YER041W,YBR003W,0,0.65908897,0.17508813738822937,0.5954046249389648,0.2808280885219574
YKL192C,YGL127C,0,0.6590684,0.1750367134809494,0.5954046249389648,0.2809281051158905
YGL028C,YHR122W,0,0.65905935,0.17498531937599182,0.5954046249389648,0.2810280919075012
YDL222C,YPR188C,1,0.65900505,0.17522747814655304,0.5964035987854004,0.2810280919075012
YNL051W,YHL038C,0,0.65872484,0.17517605423927307,0.5964035987854004,0.2811281085014343
YPL207W,YPL225W,0,0.6584391,0.17512467503547668,0.5964035987854004,0.28122812509536743
YGL181W,YBR102C,1,0.6583881,0.1753665655851364,0.5974025726318359,0.28122812509536743
YBR130C,YBR101C,0,0.6581885,0.17531515657901764,0.5974025726318359,0.28132814168930054
YKL026C,YIL030C,0,0.65814954,0.17526377737522125,0.5974025726318359,0.28142812848091125
YNR019W,YOL135C,0,0.65814036,0.17521242797374725,0.5974025726318359,0.28152814507484436
YLR429W,YDR166C,1,0.658104,0.1754540055990219,0.5984016060829163,0.28152814507484436
YOR045W,YLR059C,0,0.65734214,0.17540264129638672,0.5984016060829163,0.28162816166877747
YMR053C,YDR078C,0,0.6572941,0.17535129189491272,0.5984016060829163,0.28172817826271057
YLR118C,YHR154W,0,0.6571543,0.1752999722957611,0.5984016060829163,0.2818281948566437
YNL199C,YLL067C,0,0.6570744,0.17524868249893188,0.5984016060829163,0.2819281816482544
YIL156W,YDR437W,0,0.65697366,0.17519742250442505,0.5984016060829163,0.2820281982421875
YGL025C,YIL173W,0,0.6569378,0.1751461923122406,0.5984016060829163,0.2821282148361206
YLR234W,YDR025W,0,0.6566873,0.17509500682353973,0.5984016060829163,0.2822282314300537
YKL033W,YBR094W,0,0.65661865,0.17504383623600006,0.5984016060829163,0.28232821822166443
YHR016C,YDR218C,1,0.6564593,0.17528483271598816,0.5994005799293518,0.28232821822166443
YOR367W,YGL233W,1,0.6561588,0.1755256950855255,0.6003996133804321,0.28232821822166443
YBR029C,YHR120W,0,0.6558854,0.17547444999217987,0.6003996133804321,0.28242823481559753
YCR031C,YAL011W,0,0.6558536,0.17542323470115662,0.6003996133804321,0.28252825140953064
YHR016C,YNL298W,1,0.6556168,0.17566384375095367,0.6013985872268677,0.28252825140953064
YML004C,YOR032C,0,0.65509397,0.17561259865760803,0.6013985872268677,0.28262826800346375
YPL001W,YGL115W,0,0.6544982,0.17556138336658478,0.6013985872268677,0.28272828459739685
YCR105W,YDR023W,0,0.65412015,0.1755101978778839,0.6013985872268677,0.28282827138900757
YJL059W,YHR193C,0,0.6539387,0.17545905709266663,0.6013985872268677,0.2829282879829407
YDR273W,YGL129C,0,0.65301865,0.17540793120861053,0.6013985872268677,0.2830283045768738
YLR056W,YDL119C,0,0.65294546,0.17535683512687683,0.6013985872268677,0.2831283211708069
YDR235W,YOL121C,0,0.6528997,0.17530576884746552,0.6013985872268677,0.2832283079624176
YGR235C,YIL038C,0,0.65286595,0.1752547323703766,0.6013985872268677,0.2833283245563507
YOR264W,YEL039C,0,0.6527888,0.17520372569561005,0.6013985872268677,0.2834283411502838
YPL130W,YDR176W,0,0.6525927,0.1751527488231659,0.6013985872268677,0.2835283577442169
YLR194C,YIL069C,0,0.65241975,0.17510180175304413,0.6013985872268677,0.28362837433815
YKR100C,YGL219C,0,0.65240335,0.17505088448524475,0.6013985872268677,0.28372836112976074
YGL104C,YBR191W,0,0.65207726,0.17499999701976776,0.6013985872268677,0.28382837772369385
YER062C,YEL027W,0,0.651979,0.17494913935661316,0.6013985872268677,0.28392839431762695
YMR041C,YJL212C,0,0.6517302,0.17489831149578094,0.6013985872268677,0.28402841091156006
YOR247W,YGR122W,0,0.6516033,0.17484751343727112,0.6013985872268677,0.28412842750549316
YMR072W,YDL102W,0,0.65150607,0.17479674518108368,0.6013985872268677,0.2842284142971039
YDR490C,YOL052C-A,0,0.65145606,0.17474600672721863,0.6013985872268677,0.284328430891037
YJL078C,YLR260W,0,0.65110826,0.17469529807567596,0.6013985872268677,0.2844284474849701
YPL262W,YLR067C,0,0.6509474,0.1746446192264557,0.6013985872268677,0.2845284640789032
YIL037C,YDR381W,0,0.65093493,0.1745939701795578,0.6013985872268677,0.2846284508705139
YGL028C,YBR193C,0,0.6507847,0.1745433509349823,0.6013985872268677,0.284728467464447
YOL069W,YLR006C,0,0.65051466,0.174492746591568,0.6013985872268677,0.2848284840583801
YDL247W,YPL176C,0,0.65022975,0.17444218695163727,0.6013985872268677,0.28492850065231323
YGR017W,YHL035C,0,0.64928955,0.17439165711402893,0.6013985872268677,0.28502851724624634
YER178W,YDL087C,0,0.64893687,0.17434115707874298,0.6013985872268677,0.28512850403785706
YDR439W,YOL059W,0,0.64890724,0.17429067194461823,0.6013985872268677,0.28522852063179016
YOR177C,YOR019W,0,0.64849585,0.17424023151397705,0.6013985872268677,0.28532853722572327
YOL144W,YDR178W,0,0.64849406,0.17418982088565826,0.6013985872268677,0.28542855381965637
YKL014C,YNL161W,0,0.6481033,0.17413942515850067,0.6013985872268677,0.2855285406112671
YGR205W,YMR072W,0,0.64771783,0.17408907413482666,0.6013985872268677,0.2856285572052002
YMR215W,YGR122W,0,0.64745474,0.17403873801231384,0.6013985872268677,0.2857285737991333
YJR117W,YIL153W,0,0.64729685,0.1739884465932846,0.6013985872268677,0.2858285903930664
YKL155C,YPL179W,0,0.6458246,0.17393817007541656,0.6013985872268677,0.2859286069869995
YHR009C,YML057W,0,0.6455024,0.1738879233598709,0.6013985872268677,0.28602859377861023
YGR205W,YDR395W,0,0.6451439,0.17383770644664764,0.6013985872268677,0.28612861037254333
YHR103W,YBR180W,0,0.6450975,0.17378753423690796,0.6013985872268677,0.28622862696647644
YDL209C,YPL076W,0,0.6450278,0.17373737692832947,0.6013985872268677,0.28632864356040955
YBL035C,YLR337C,0,0.64481556,0.17368724942207336,0.6013985872268677,0.28642863035202026
YGR120C,YLR328W,0,0.64476013,0.17363715171813965,0.6013985872268677,0.28652864694595337
YBR211C,YPR141C,0,0.644484,0.17358708381652832,0.6013985872268677,0.2866286635398865
YNL243W,YOL055C,0,0.6441479,0.17353704571723938,0.6013985872268677,0.2867286801338196
YPL242C,YNL152W,1,0.6434193,0.17377521097660065,0.602397620677948,0.2867286801338196
YMR234W,YOR009W,0,0.64328367,0.1737251579761505,0.602397620677948,0.2868286967277527
YHR108W,YNL286W,0,0.64324945,0.17367511987686157,0.602397620677948,0.2869286835193634
YNL056W,YHR103W,0,0.64289904,0.17362511157989502,0.602397620677948,0.2870287001132965
YJR073C,YDR045C,0,0.64284587,0.17357513308525085,0.602397620677948,0.2871287167072296
YML011C,YIL087C,0,0.6427168,0.17352518439292908,0.602397620677948,0.2872287333011627
YOL126C,YDR350C,0,0.64260155,0.1734752655029297,0.602397620677948,0.28732872009277344
YIL106W,YDR150W,0,0.6423872,0.1734253615140915,0.602397620677948,0.28742873668670654
YBR107C,YDR217C,0,0.64217573,0.17337550222873688,0.602397620677948,0.28752875328063965
YKR095W,YNR037C,0,0.6419069,0.17332567274570465,0.602397620677948,0.28762876987457275
YLR039C,YDR365C,0,0.6413824,0.17327585816383362,0.602397620677948,0.28772878646850586
YIL159W,YDR218C,1,0.64112765,0.17351335287094116,0.6033965945243835,0.28772878646850586
YOR109W,YNL152W,1,0.6411161,0.17375071346759796,0.6043956279754639,0.28772878646850586
YFL005W,YOR171C,1,0.64101446,0.17398793995380402,0.6053946018218994,0.28772878646850586
YBR114W,YLR259C,0,0.6402873,0.17393800616264343,0.6053946018218994,0.2878287732601166
YBL080C,YJL173C,0,0.64004064,0.17388808727264404,0.6053946018218994,0.2879287898540497
YNL166C,YNL194C,1,0.63976496,0.174125075340271,0.6063936352729797,0.2879287898540497
YMR048W,YGR129W,0,0.63974625,0.1740751415491104,0.6063936352729797,0.2880288064479828
YML052W,YOR181W,1,0.639599,0.17431192100048065,0.6073926091194153,0.2880288064479828
YIL087C,YDR105C,0,0.6385722,0.17426197230815887,0.6073926091194153,0.2881288230419159
YKL110C,YIL087C,0,0.63850623,0.1742120385169983,0.6073926091194153,0.2882288098335266
YDL189W,YKR031C,0,0.63818765,0.1741621345281601,0.6073926091194153,0.2883288264274597
YDR545W,YGL018C,0,0.6380865,0.1741122603416443,0.6073926091194153,0.2884288430213928
YHR111W,YNL062C,0,0.6377892,0.17406241595745087,0.6073926091194153,0.2885288596153259
YNL079C,YGL181W,1,0.63764507,0.17429879307746887,0.6083915829658508,0.2885288596153259
YDR343C,YOR258W,0,0.63733953,0.17424893379211426,0.6083915829658508,0.28862887620925903
YNL243W,YOR048C,0,0.6372241,0.17419908940792084,0.6083915829658508,0.28872886300086975
YHR201C,YJR052W,0,0.6371501,0.1741492748260498,0.6083915829658508,0.28882887959480286
YML023C,YPR007C,0,0.63710535,0.17409949004650116,0.6083915829658508,0.28892889618873596
YDR435C,YPR133C,0,0.6368778,0.1740497350692749,0.6083915829658508,0.28902891278266907
YLR417W,YGL195W,0,0.6368608,0.17399999499320984,0.6083915829658508,0.2891288995742798
YPL120W,YNL020C,0,0.63676864,0.17395029962062836,0.6083915829658508,0.2892289161682129
YOR363C,YGL195W,0,0.63613623,0.17390063405036926,0.6083915829658508,0.289328932762146
YER014W,YPR017C,0,0.6357873,0.17385098338127136,0.6083915829658508,0.2894289493560791
YNL318C,YLR288C,0,0.6357219,0.17380136251449585,0.6083915829658508,0.2895289659500122
YDR189W,YDR303C,0,0.63560325,0.17375178635120392,0.6083915829658508,0.2896289527416229
YBR188C,YEL044W,0,0.6352961,0.17370222508907318,0.6083915829658508,0.28972896933555603
YDR150W,YGR260W,0,0.6352821,0.17365269362926483,0.6083915829658508,0.28982898592948914
YDL247W,YLR292C,0,0.634402,0.17360319197177887,0.6083915829658508,0.28992900252342224
YIL034C,YFL039C,1,0.6343098,0.17383870482444763,0.6093906164169312,0.28992900252342224
YIL022W,YFR038W,0,0.634271,0.17378917336463928,0.6093906164169312,0.29002898931503296
YKL185W,YER071C,0,0.6342224,0.17373967170715332,0.6093906164169312,0.29012900590896606
YDR217C,YHL015W,0,0.6341794,0.17369019985198975,0.6093906164169312,0.29022902250289917
YER093C,YPR068C,0,0.6339752,0.17364075779914856,0.6093906164169312,0.2903290390968323
YDR289C,YJL069C,0,0.63344604,0.17359134554862976,0.6093906164169312,0.2904290556907654
YLR215C,YMR220W,0,0.63329947,0.17354196310043335,0.6093906164169312,0.2905290424823761
YPL146C,YNL041C,0,0.633244,0.17349261045455933,0.6093906164169312,0.2906290590763092
YNL079C,YIL140W,1,0.6328298,0.1737276017665863,0.6103895902633667,0.2906290590763092
YCR107W,YNL288W,0,0.63204986,0.1736782193183899,0.6103895902633667,0.2907290756702423
YHR009C,YOR132W,0,0.63190407,0.17362886667251587,0.6103895902633667,0.2908290922641754
YGR097W,YGR129W,0,0.6317354,0.17357954382896423,0.6103895902633667,0.29092907905578613
YLL067C,YMR133W,0,0.6300093,0.17353025078773499,0.6103895902633667,0.29102909564971924
YML016C,YER060W-A,0,0.62997574,0.17348097264766693,0.6103895902633667,0.29112911224365234
YOR019W,YDR179C,0,0.6297647,0.17343173921108246,0.6103895902633667,0.29122912883758545
YMR158W,YKL114C,0,0.62969846,0.17338252067565918,0.6103895902633667,0.29132914543151855
YHL031C,YJR052W,0,0.6293276,0.1733333319425583,0.6103895902633667,0.2914291322231293
YBL063W,YIL005W,0,0.6289959,0.17328417301177979,0.6103895902633667,0.2915291488170624
YDR127W,YNL288W,0,0.6289869,0.17323504388332367,0.6103895902633667,0.2916291654109955
YLR417W,YHR001W-A,0,0.6289707,0.17318594455718994,0.6103895902633667,0.2917291820049286
YJL162C,YIL033C,0,0.62892467,0.1731368601322174,0.6103895902633667,0.2918291687965393
YDR328C,YPL097W,0,0.62891823,0.17308782041072845,0.6103895902633667,0.2919291853904724
YPL115C,YLR247C,0,0.6286149,0.1730387955904007,0.6103895902633667,0.2920292019844055
YGR046W,YBR015C,0,0.6284923,0.17298980057239532,0.6103895902633667,0.2921292185783386
YOR157C,YGL171W,0,0.6284396,0.17294085025787354,0.6103895902633667,0.29222923517227173
YDR482C,YPL138C,0,0.6281578,0.17289189994335175,0.6103895902633667,0.29232922196388245
YOR016C,YOR253W,0,0.6281379,0.17284299433231354,0.6103895902633667,0.29242923855781555
YOR380W,YJL026W,0,0.62769675,0.17279411852359772,0.6103895902633667,0.29252925515174866
YCR031C,YLL021W,0,0.62764114,0.1727452576160431,0.6103895902633667,0.29262927174568176
YIL007C,YBR208C,0,0.62763435,0.17269644141197205,0.6103895902633667,0.2927292585372925
YIL018W,YMR237W,0,0.62759924,0.1726476401090622,0.6103895902633667,0.2928292751312256
YLR429W,YML052W,1,0.62727624,0.1728813499212265,0.611388623714447,0.2928292751312256
YER062C,YML076C,0,0.627121,0.17283253371715546,0.611388623714447,0.2929292917251587
YLR411W,YJR123W,0,0.6270728,0.1727837324142456,0.611388623714447,0.2930293083190918
YLL026W,YOL032W,0,0.62700975,0.17273497581481934,0.611388623714447,0.2931293249130249
YPR128C,YLR409C,0,0.6265588,0.17268623411655426,0.611388623714447,0.2932293117046356
YDR075W,YHR014W,0,0.62650067,0.17263752222061157,0.611388623714447,0.2933293282985687
YHR158C,YCR106W,0,0.6258837,0.17258882522583008,0.611388623714447,0.29342934489250183
YDR002W,YOR011W,0,0.62584424,0.17254017293453217,0.611388623714447,0.29352936148643494
YER100W,YDR273W,0,0.62575483,0.17249155044555664,0.611388623714447,0.29362934827804565
YER109C,YJL069C,0,0.6251319,0.1724429428577423,0.611388623714447,0.29372936487197876
YLL021W,YGL064C,0,0.62449217,0.17239436507225037,0.611388623714447,0.29382938146591187
YIL159W,YLL038C,1,0.6243301,0.17262743413448334,0.6123875975608826,0.29382938146591187
YOL078W,YLL067C,0,0.6243005,0.172578826546669,0.6123875975608826,0.29392939805984497
YJR076C,YHR107C,1,0.6240813,0.17281170189380646,0.6133866310119629,0.29392939805984497
YHR204W,YNL020C,0,0.62376887,0.17276307940483093,0.6133866310119629,0.2940294146537781
YLR277C,YBR086C,0,0.623589,0.1727144867181778,0.6133866310119629,0.2941294014453888
YCL051W,YJL094C,0,0.62346786,0.17266592383384705,0.6133866310119629,0.2942294180393219
YPL198W,YNL287W,0,0.6233998,0.1726173758506775,0.6133866310119629,0.294329434633255
YBR254C,YLR007W,0,0.62322825,0.17256885766983032,0.6133866310119629,0.2944294512271881
YGL087C,YKL155C,0,0.62310517,0.17252036929130554,0.6133866310119629,0.2945294678211212
YAL007C,YER071C,0,0.6227693,0.17247191071510315,0.6133866310119629,0.29462945461273193
YHR205W,YDR500C,0,0.62272114,0.17242348194122314,0.6133866310119629,0.29472947120666504
YJL026W,YHR114W,0,0.6220102,0.17237506806850433,0.6133866310119629,0.29482948780059814
YOL032W,YJL026W,0,0.62176836,0.1723266839981079,0.6133866310119629,0.29492950439453125
YGL073W,YHR114W,0,0.62136096,0.17227834463119507,0.6133866310119629,0.29502949118614197
YLL031C,YLR001C,0,0.6213053,0.17223002016544342,0.6133866310119629,0.2951295077800751
YOR260W,YDR438W,0,0.62093574,0.17218171060085297,0.6133866310119629,0.2952295243740082
YBR005W,YDR517W,0,0.6202777,0.1721334457397461,0.6133866310119629,0.2953295409679413
YJL183W,YDL100C,0,0.6202133,0.17208519577980042,0.6133866310119629,0.2954295575618744
YDR308C,YHL035C,0,0.6192904,0.17203699052333832,0.6133866310119629,0.2955295443534851
YGR082W,YHR185C,0,0.6192673,0.17198880016803741,0.6133866310119629,0.2956295609474182
YNL156C,YOR059C,0,0.6192299,0.1719406396150589,0.6133866310119629,0.2957295775413513
YNL137C,YDL119C,0,0.61908627,0.17189249396324158,0.6133866310119629,0.2958295941352844
YBR085W,YNL287W,0,0.61905426,0.17184439301490784,0.6133866310119629,0.29592958092689514
YGR059W,YIR006C,1,0.61868745,0.17207610607147217,0.6143856048583984,0.29592958092689514
YKL069W,YGL045W,0,0.6186416,0.17202797532081604,0.6143856048583984,0.29602959752082825
YIL019W,YER142C,0,0.6186014,0.1719798594713211,0.6143856048583984,0.29612961411476135
YNL298W,YDR409W,1,0.6183893,0.17221134901046753,0.6153846383094788,0.29612961411476135
YDL124W,YLR460C,0,0.6181985,0.1721632182598114,0.6153846383094788,0.29622963070869446
YLR284C,YGL116W,0,0.618095,0.17211511731147766,0.6153846383094788,0.29632964730262756
YGL018C,YGR245C,0,0.61775583,0.1720670461654663,0.6153846383094788,0.2964296340942383
YLR039C,YCL039W,0,0.6177432,0.17201898992061615,0.6153846383094788,0.2965296506881714
YBR109C,YCL039W,0,0.6174398,0.17197096347808838,0.6153846383094788,0.2966296672821045
YLR426W,YMR234W,0,0.61694086,0.171922966837883,0.6153846383094788,0.2967296838760376
YML101C,YPL137C,0,0.616906,0.171875,0.6153846383094788,0.2968296706676483
YBR268W,YML016C,0,0.6167547,0.1718270629644394,0.6153846383094788,0.2969296872615814
YEL019C,YLR328W,0,0.61674196,0.17177914083003998,0.6153846383094788,0.2970297038555145
YGL142C,YBR112C,0,0.61618644,0.17173124849796295,0.6153846383094788,0.29712972044944763
YOR177C,YLR189C,0,0.6159826,0.1716833859682083,0.6153846383094788,0.29722973704338074
YFL025C,YCR036W,0,0.61568385,0.17163555324077606,0.6153846383094788,0.29732972383499146
YDR422C,YNL164C,0,0.61472404,0.1715877503156662,0.6153846383094788,0.29742974042892456
YHR122W,YNL240C,0,0.6146528,0.17153996229171753,0.6153846383094788,0.29752975702285767
YHR111W,YDR246W,0,0.6143474,0.17149220407009125,0.6153846383094788,0.29762977361679077
YLR039C,YJL026W,0,0.61410385,0.17144447565078735,0.6153846383094788,0.2977297604084015
YOR241W,YOR129C,0,0.6140694,0.17139677703380585,0.6153846383094788,0.2978297770023346
YEL027W,YOR110W,0,0.6140317,0.17134909331798553,0.6153846383094788,0.2979297935962677
YKL045W,YDR441C,0,0.61400855,0.1713014394044876,0.6153846383094788,0.2980298101902008
YCR045C,YER139C,0,0.6138911,0.17125381529331207,0.6153846383094788,0.2981298267841339
YNL142W,YLR259C,0,0.6133702,0.17120622098445892,0.6153846383094788,0.29822981357574463
YBR119W,YJL196C,0,0.6132739,0.17115865647792816,0.6153846383094788,0.29832983016967773
YPR188C,YDR435C,0,0.6122772,0.1711111068725586,0.6153846383094788,0.29842984676361084
YBR119W,YGL231C,0,0.6117684,0.1710635870695114,0.6153846383094788,0.29852986335754395
YDR178W,YDR528W,0,0.61172,0.17101609706878662,0.6153846383094788,0.29862985014915466
YGL195W,YDL149W,0,0.6117112,0.17096863687038422,0.6153846383094788,0.29872986674308777
YHR103W,YMR035W,0,0.61158437,0.170921191573143,0.6153846383094788,0.2988298833370209
YCL068C,YLR451W,0,0.6112978,0.17087379097938538,0.6153846383094788,0.298929899930954
YKL052C,YLR363C,0,0.61073536,0.17082640528678894,0.6153846383094788,0.2990299165248871
YGL129C,YOR086C,0,0.6105352,0.1707790344953537,0.6153846383094788,0.2991299033164978
YCR065W,YKL079W,0,0.61044306,0.17073170840740204,0.6153846383094788,0.2992299199104309
YPR133C,YNL176C,0,0.61033136,0.17068439722061157,0.6153846383094788,0.299329936504364
YIL118W,YOR372C,0,0.6101458,0.1706371158361435,0.6153846383094788,0.2994299530982971
YOL126C,YLR361C,0,0.610024,0.1705898642539978,0.6153846383094788,0.29952993988990784
YCL029C,YOR266W,0,0.60999453,0.1705426424741745,0.6153846383094788,0.29962995648384094
YOR252W,YLL057C,0,0.6098147,0.1704954355955124,0.6153846383094788,0.29972997307777405
YFL056C,YPL207W,0,0.6097645,0.17044825851917267,0.6153846383094788,0.29982998967170715
YOR090C,YOR363C,0,0.60949236,0.17040111124515533,0.6153846383094788,0.29993000626564026
YHL038C,YLR092W,0,0.60934025,0.1703539788722992,0.6153846383094788,0.300029993057251
YDL154W,YFR025C,0,0.60923916,0.17030689120292664,0.6153846383094788,0.3001300096511841
YDR175C,YIL043C,0,0.608754,0.17025981843471527,0.6153846383094788,0.3002300262451172
YNL328C,YOR019W,0,0.6083534,0.1702127605676651,0.6153846383094788,0.3003300428390503
YHR096C,YHR214W,0,0.60831386,0.1701657474040985,0.6153846383094788,0.300430029630661
YDR430C,YML013W,0,0.6080626,0.17011874914169312,0.6153846383094788,0.3005300462245941
YGR059W,YLR166C,1,0.60794,0.17034786939620972,0.6163836121559143,0.3005300462245941
YGR060W,YAL051W,0,0.60690224,0.17030085623264313,0.6163836121559143,0.3006300628185272
YML102W,YLR313C,0,0.60684234,0.17025385797023773,0.6163836121559143,0.3007300794124603
YDR500C,YLL053C,0,0.6068329,0.17020688951015472,0.6163836121559143,0.30083009600639343
YDR122W,YIR004W,0,0.60659987,0.1701599508523941,0.6163836121559143,0.30093008279800415
YOL098C,YHR090C,0,0.6063233,0.17011304199695587,0.6163836121559143,0.30103009939193726
YMR053C,YNR030W,0,0.60615665,0.17006614804267883,0.6163836121559143,0.30113011598587036
YDR002W,YPL097W,0,0.60601836,0.17001928389072418,0.6163836121559143,0.30123013257980347
YDR372C,YBR003W,0,0.6059676,0.16997244954109192,0.6163836121559143,0.3013301193714142
YOL069W,YJR035W,0,0.60579896,0.16992564499378204,0.6163836121559143,0.3014301359653473
YOL098C,YLR360W,0,0.60560983,0.16987885534763336,0.6163836121559143,0.3015301525592804
YGR030C,YNR037C,0,0.60471255,0.16983209550380707,0.6163836121559143,0.3016301691532135
YMR274C,YCL039W,0,0.60432,0.16978536546230316,0.6163836121559143,0.3017301857471466
YHL028W,YIL154C,0,0.60349125,0.16973865032196045,0.6163836121559143,0.3018301725387573
YLR337C,YHR107C,1,0.60346246,0.16996699571609497,0.6173826456069946,0.3018301725387573
YBR054W,YLR466W,0,0.6030385,0.16992026567459106,0.6173826456069946,0.30193018913269043
YDL204W,YKL129C,1,0.6024758,0.17014843225479126,0.6183816194534302,0.30193018913269043
YBR279W,YJR035W,0,0.6021015,0.17010167241096497,0.6183816194534302,0.30203020572662354
YOR034C,YNL246W,0,0.6019037,0.17005494236946106,0.6183816194534302,0.30213022232055664
YLR037C,YBR168W,0,0.60188526,0.17000824213027954,0.6183816194534302,0.30223020911216736
YDR372C,YBR015C,0,0.60180026,0.16996155679225922,0.6183816194534302,0.30233022570610046
YDL087C,YMR091C,0,0.60134244,0.16991490125656128,0.6183816194534302,0.30243024230003357
YPL224C,YBR254C,0,0.6009163,0.16986827552318573,0.6183816194534302,0.3025302588939667
YPL242C,YOR367W,1,0.60091186,0.1700960248708725,0.6193805932998657,0.3025302588939667
YFL005W,YDR150W,1,0.6006278,0.17032364010810852,0.620379626750946,0.3025302588939667
YNL138W,YDR166C,1,0.6003577,0.170551136136055,0.6213786005973816,0.3025302588939667
YFR040W,YLR288C,0,0.6001381,0.1705043911933899,0.6213786005973816,0.3026302754878998
YOR026W,YDL149W,0,0.5999266,0.170457661151886,0.6213786005973816,0.3027302622795105
YDR204W,YLR409C,0,0.59985894,0.17041096091270447,0.6213786005973816,0.3028302788734436
YMR175W,YBR065C,0,0.5996117,0.17036429047584534,0.6213786005973816,0.3029302954673767
YGL144C,YLR323C,0,0.59948534,0.1703176349401474,0.6213786005973816,0.3030303120613098
YGR283C,YER038C,0,0.59945434,0.17027100920677185,0.6213786005973816,0.30313029885292053
YJR076C,YJR092W,1,0.59915245,0.1704980880022049,0.6223776340484619,0.30313029885292053
YBR169C,YLR337C,0,0.59914476,0.17045143246650696,0.6223776340484619,0.30323031544685364
YBR029C,YOR129C,0,0.5989495,0.1704048067331314,0.6223776340484619,0.30333033204078674
YGL181W,YHR114W,1,0.59883577,0.17063166201114655,0.6233766078948975,0.30333033204078674
YDR528W,YMR230W,0,0.59874946,0.1705850213766098,0.6233766078948975,0.30343034863471985
YPL036W,YDR168W,0,0.59864515,0.17053839564323425,0.6233766078948975,0.30353036522865295
YIL147C,YFR049W,0,0.5980881,0.1704917997121811,0.6233766078948975,0.30363035202026367
YBR085W,YIL011W,0,0.5979699,0.17044523358345032,0.6233766078948975,0.3037303686141968
YPL173W,YHR157W,0,0.5977802,0.17039868235588074,0.6233766078948975,0.3038303852081299
YNR038W,YIL173W,0,0.5975409,0.17035217583179474,0.6233766078948975,0.303930401802063
YIR031C,YJR096W,0,0.5973821,0.17030568420886993,0.6233766078948975,0.3040303885936737
YGL115W,YPL097W,0,0.59710705,0.17025920748710632,0.6233766078948975,0.3041304051876068
YPL203W,YML013W,0,0.59674025,0.1702127605676651,0.6233766078948975,0.3042304217815399
YML120C,YMR072W,0,0.5964064,0.17016634345054626,0.6233766078948975,0.304330438375473
YPL100W,YNL251C,0,0.59609765,0.17011995613574982,0.6233766078948975,0.30443045496940613
YDR021W,YHL006C,0,0.59605604,0.17007358372211456,0.6233766078948975,0.30453044176101685
YGR254W,YOR272W,0,0.5950932,0.1700272411108017,0.6233766078948975,0.30463045835494995
YKL132C,YGR260W,0,0.59505755,0.16998092830181122,0.6233766078948975,0.30473047494888306
YNL020C,YHR107C,1,0.59476954,0.1702069789171219,0.6243756413459778,0.30473047494888306
YDR078C,YLR189C,0,0.59443134,0.17016063630580902,0.6243756413459778,0.30483049154281616
YPR173C,YBL080C,0,0.5944135,0.17011432349681854,0.6243756413459778,0.3049304783344269
YGR120C,YGL192W,0,0.5937293,0.17006802558898926,0.6243756413459778,0.30503049492836
YCL001W,YPL135W,0,0.593265,0.17002175748348236,0.6243756413459778,0.3051305115222931
YBL080C,YKL029C,0,0.5924359,0.16997551918029785,0.6243756413459778,0.3052305281162262
YLR102C,YML076C,0,0.5921702,0.16992931067943573,0.6243756413459778,0.3053305447101593
YDR246W,YDL117W,0,0.592153,0.1698831170797348,0.6243756413459778,0.30543053150177
YBR101C,YDR165W,0,0.5921368,0.16983695328235626,0.6243756413459778,0.3055305480957031
YOR156C,YGR080W,0,0.5918353,0.1697908192873001,0.6243756413459778,0.30563056468963623
YMR015C,YHR139C,0,0.591479,0.16974470019340515,0.6243756413459778,0.30573058128356934
YER093C,YJL173C,0,0.5911743,0.16969861090183258,0.6243756413459778,0.30583059787750244
YOR081C,YBR218C,0,0.5909866,0.1696525514125824,0.6243756413459778,0.30593058466911316
YCR086W,YNR019W,0,0.5909498,0.1696065068244934,0.6243756413459778,0.30603060126304626
YFL005W,YJL003W,0,0.5907188,0.1695604920387268,0.6243756413459778,0.30613061785697937
YHR185C,YMR205C,0,0.59024537,0.1695145070552826,0.6243756413459778,0.3062306344509125
YHR073W,YKL006C-A,0,0.58990544,0.16946855187416077,0.6243756413459778,0.3063306212425232
YPL239W,YML076C,0,0.5898539,0.16942261159420013,0.6243756413459778,0.3064306378364563
YCL034W,YGR241C,1,0.589506,0.1696476936340332,0.6253746151924133,0.3064306378364563
YOR272W,YGR040W,0,0.58946675,0.16960173845291138,0.6253746151924133,0.3065306544303894
YKL145W,YBR060C,0,0.58885014,0.16955579817295074,0.6253746151924133,0.3066306710243225
YNL181W,YMR177W,0,0.58806604,0.1695098876953125,0.6253746151924133,0.3067306876182556
YJR118C,YPR141C,0,0.58799833,0.16946399211883545,0.6253746151924133,0.30683067440986633
YGL233W,YOR181W,1,0.5877496,0.16968876123428345,0.6263736486434937,0.30683067440986633
YOR193W,YBR101C,0,0.5875602,0.1696428507566452,0.6263736486434937,0.30693069100379944
YOR172W,YLR432W,0,0.5873669,0.16959697008132935,0.6263736486434937,0.30703070759773254
YPR034W,YMR001C,0,0.5871572,0.16955110430717468,0.6263736486434937,0.30713072419166565
YNL133C,YKL134C,0,0.5869926,0.1695052683353424,0.6263736486434937,0.30723071098327637
YDL240W,YIL107C,0,0.5869878,0.16945946216583252,0.6263736486434937,0.3073307275772095
YNL263C,YER139C,0,0.5867229,0.16941367089748383,0.6263736486434937,0.3074307441711426
YBL013W,YEL051W,0,0.5861965,0.16936790943145752,0.6263736486434937,0.3075307607650757
YIL030C,YNL161W,0,0.585781,0.1693221777677536,0.6263736486434937,0.3076307773590088
YKL048C,YIL173W,0,0.5853532,0.16927646100521088,0.6263736486434937,0.3077307641506195
YGL045W,YNR055C,0,0.58526605,0.16923077404499054,0.6263736486434937,0.3078307807445526
YDR437W,YBL091C,0,0.5850554,0.1691851019859314,0.6263736486434937,0.3079307973384857
YDR127W,YNL161W,0,0.5848325,0.16913945972919464,0.6263736486434937,0.3080308139324188
YEL005C,YPR046W,0,0.5848146,0.16909384727478027,0.6263736486434937,0.30813080072402954
YLR409C,YGL127C,0,0.58473223,0.1690482646226883,0.6263736486434937,0.30823081731796265
YNL318C,YNL123W,0,0.58468544,0.1690026968717575,0.6263736486434937,0.30833083391189575
YPR131C,YLR248W,0,0.5846236,0.1689571589231491,0.6263736486434937,0.30843085050582886
YML011C,YAL030W,0,0.5843467,0.1689116358757019,0.6263736486434937,0.30853086709976196
YDR435C,YFL025C,0,0.58419675,0.1688661426305771,0.6263736486434937,0.3086308538913727
YNL250W,YDL098C,0,0.584137,0.16882067918777466,0.6263736486434937,0.3087308704853058
YOR264W,YJL096W,0,0.58399445,0.16877523064613342,0.6263736486434937,0.3088308870792389
YLR190W,YBR028C,0,0.5838886,0.16872981190681458,0.6263736486434937,0.308930903673172
YCR044C,YHL050C,0,0.5837545,0.16868442296981812,0.6263736486434937,0.3090308904647827
YDL209C,YBR193C,0,0.5835015,0.16863904893398285,0.6263736486434937,0.3091309070587158
YFL025C,YDR002W,0,0.58329165,0.16859370470046997,0.6263736486434937,0.3092309236526489
YJR076C,YBR260C,1,0.5830991,0.1688172072172165,0.6273726224899292,0.3092309236526489
YDL003W,YDR040C,0,0.5823777,0.16877183318138123,0.6273726224899292,0.30933094024658203
YNL199C,YPL061W,0,0.58139116,0.16872648894786835,0.6273726224899292,0.30943095684051514
YNL250W,YER005W,0,0.58089316,0.16868117451667786,0.6273726224899292,0.30953094363212585
YLL018C,YIL153W,0,0.5803093,0.16863587498664856,0.6273726224899292,0.30963096022605896
YJR092W,YML052W,1,0.58004856,0.16885906457901,0.6283716559410095,0.30963096022605896
YOR110W,YHL035C,0,0.57998776,0.16881373524665833,0.6283716559410095,0.30973097681999207
YML045W,YDR435C,0,0.5799423,0.16876845061779022,0.6283716559410095,0.30983099341392517
YLR337C,YMR092C,1,0.5799374,0.16899141669273376,0.6293706297874451,0.30983099341392517
YOR193W,YDR276C,0,0.57993615,0.16894610226154327,0.6293706297874451,0.3099309802055359
YJR050W,YKL099C,0,0.57946706,0.16890080273151398,0.6293706297874451,0.310030996799469
YOR233W,YDL204W,1,0.57891196,0.1691235601902008,0.6303696036338806,0.310030996799469
YBR029C,YML076C,0,0.57863694,0.16907824575901031,0.6303696036338806,0.3101310133934021
YOR004W,YLR313C,0,0.57737494,0.16903294622898102,0.6303696036338806,0.3102310299873352
YPL209C,YML100W,0,0.57557756,0.1689876765012741,0.6303696036338806,0.3103310465812683
YNL054W,YML081W,0,0.5752739,0.1689424365758896,0.6303696036338806,0.31043103337287903
YFR031C-A,YMR262W,0,0.57465476,0.16889721155166626,0.6303696036338806,0.31053104996681213
YJR125C,YNL298W,1,0.5743753,0.16911961138248444,0.6313686370849609,0.31053104996681213
YDR375C,YDR434W,0,0.5743206,0.16907437145709991,0.6313686370849609,0.31063106656074524
YAR009C,YOL078W,0,0.57375836,0.1690291464328766,0.6313686370849609,0.31073108315467834
YOR127W,YMR109W,1,0.5734773,0.16925133764743805,0.6323676109313965,0.31073108315467834
YKL048C,YIR006C,1,0.573463,0.16947340965270996,0.6333666443824768,0.31073108315467834
YDL220C,YLR299W,0,0.57307774,0.16942811012268066,0.6333666443824768,0.31083106994628906
YEL044W,YGR260W,0,0.57294506,0.16938285529613495,0.6333666443824768,0.31093108654022217
YPL171C,YGL016W,0,0.57290465,0.16933760046958923,0.6333666443824768,0.3110311031341553
YFL005W,YFL039C,1,0.57227236,0.16955941915512085,0.6343656182289124,0.3110311031341553
YJR102C,YOL098C,0,0.5715392,0.16951414942741394,0.6343656182289124,0.3111311197280884
YGR059W,YLR313C,1,0.5714934,0.16973578929901123,0.6353646516799927,0.3111311197280884
YDR430C,YIL167W,0,0.57080954,0.16969050467014313,0.6353646516799927,0.3112311363220215
YMR158W,YML076C,0,0.57079524,0.16964523494243622,0.6353646516799927,0.3113311231136322
YDR148C,YDR057W,0,0.5707723,0.1695999950170517,0.6353646516799927,0.3114311397075653
YOR032C,YNR033W,0,0.57065195,0.16955478489398956,0.6353646516799927,0.3115311563014984
YIR019C,YDR303C,0,0.57036823,0.16950958967208862,0.6353646516799927,0.3116311728954315
YPL215W,YNL123W,0,0.56963605,0.16946442425251007,0.6353646516799927,0.31173115968704224
YBR153W,YMR118C,0,0.5694557,0.1694192886352539,0.6353646516799927,0.31183117628097534
YDL134C,YNL081C,0,0.56941825,0.16937416791915894,0.6353646516799927,0.31193119287490845
YLL021W,YNL152W,1,0.5692282,0.16959531605243683,0.6363636255264282,0.31193119287490845
YGL243W,YGR055W,0,0.56869835,0.16955018043518066,0.6363636255264282,0.31203120946884155
YNL243W,YHR107C,1,0.5686023,0.16977114975452423,0.6373626589775085,0.31203120946884155
YDR367W,YML061C,0,0.5685454,0.16972598433494568,0.6373626589775085,0.31213122606277466
YNL318C,YDR398W,0,0.56813735,0.16968084871768951,0.6373626589775085,0.3122312128543854
YDR328C,YBR188C,0,0.56810075,0.16963572800159454,0.6373626589775085,0.3123312294483185
YJR123W,YMR183C,0,0.56806916,0.16959063708782196,0.6373626589775085,0.3124312460422516
YGR212W,YGL231C,0,0.56689364,0.16954557597637177,0.6373626589775085,0.3125312626361847
YLL018C,YGR193C,0,0.56685185,0.16950052976608276,0.6373626589775085,0.3126312494277954
YDR375C,YLR460C,0,0.56636757,0.16945551335811615,0.6373626589775085,0.3127312660217285
YPR100W,YGL085W,0,0.5662923,0.16941051185131073,0.6373626589775085,0.3128312826156616
YGL189C,YMR183C,0,0.56625247,0.1693655401468277,0.6373626589775085,0.3129312992095947
YOR267C,YAL026C,0,0.56616694,0.16932059824466705,0.6373626589775085,0.31303131580352783
YER007C-A,YJL026W,0,0.5660558,0.1692756712436676,0.6373626589775085,0.31313130259513855
YOR018W,YGL098W,0,0.5660152,0.16923077404499054,0.6373626589775085,0.31323131918907166
YBR065C,YPL248C,0,0.56593287,0.16918589174747467,0.6373626589775085,0.31333133578300476
YPL076W,YKL081W,0,0.56585985,0.1691410392522812,0.6373626589775085,0.31343135237693787
YBR119W,YCR106W,0,0.56576234,0.1690962165594101,0.6373626589775085,0.3135313391685486
YNR048W,YBL072C,0,0.5657449,0.1690514087677002,0.6373626589775085,0.3136313557624817
YGR080W,YLR319C,1,0.5652432,0.1692715287208557,0.6383616328239441,0.3136313557624817
YMR286W,YKL196C,0,0.5651378,0.16922669112682343,0.6383616328239441,0.3137313723564148
YJR102C,YCR106W,0,0.56509274,0.16918188333511353,0.6383616328239441,0.3138313889503479
YDR092W,YDL117W,0,0.5647833,0.169137105345726,0.6383616328239441,0.313931405544281
YHR154W,YHR024C,0,0.56384677,0.1690923571586609,0.6383616328239441,0.3140313923358917
YDR343C,YDR301W,0,0.5637811,0.16904762387275696,0.6383616328239441,0.31413140892982483
YFL056C,YNL081C,0,0.56370157,0.16900290548801422,0.6383616328239441,0.31423142552375793
YML098W,YOR158W,0,0.5636793,0.16895821690559387,0.6383616328239441,0.31433144211769104
YPL063W,YPL233W,0,0.5636544,0.1689135581254959,0.6383616328239441,0.31443142890930176
YMR192W,YDR028C,0,0.56358576,0.16886892914772034,0.6383616328239441,0.31453144550323486
YJL089W,YGL064C,0,0.56353873,0.16882430016994476,0.6383616328239441,0.31463146209716797
YDR129C,YHR149C,1,0.56296664,0.16904383897781372,0.6393606662750244,0.31463146209716797
YPL224C,YMR226C,0,0.5629516,0.16899921000003815,0.6393606662750244,0.3147314786911011
YKL006C-A,YFR038W,0,0.5629023,0.16895459592342377,0.6393606662750244,0.3148314952850342
YHR111W,YER081W,0,0.56261057,0.16890999674797058,0.6393606662750244,0.3149314820766449
YDR375C,YBR109C,0,0.56245905,0.16886544227600098,0.6393606662750244,0.315031498670578
YPL175W,YGL085W,0,0.56238323,0.16882088780403137,0.6393606662750244,0.3151315152645111
YJR084W,YIL087C,0,0.5623067,0.16877637803554535,0.6393606662750244,0.3152315318584442
YOR358W,YDR045C,0,0.5617104,0.16873186826705933,0.6393606662750244,0.31533151865005493
YHR185C,YER014W,0,0.5613768,0.16868740320205688,0.6393606662750244,0.31543153524398804
YKL048C,YHR061C,1,0.5605396,0.16890645027160645,0.64035964012146,0.31543153524398804
YDL098C,YLR234W,0,0.5601675,0.16886195540428162,0.64035964012146,0.31553155183792114
YLR193C,YER038C,0,0.560126,0.16881749033927917,0.64035964012146,0.31563156843185425
YKL033W,YOL061W,0,0.5599091,0.16877304017543793,0.64035964012146,0.31573158502578735
YOR090C,YBR218C,0,0.55982405,0.16872861981391907,0.64035964012146,0.31583157181739807
YGR174C,YBL008W,0,0.5597052,0.1686842143535614,0.64035964012146,0.3159315884113312
YLR189C,YPL161C,0,0.5595932,0.16863983869552612,0.64035964012146,0.3160316050052643
YNR052C,YLR067C,0,0.5595172,0.16859547793865204,0.64035964012146,0.3161316215991974
YJR042W,YBR212W,0,0.558817,0.16855114698410034,0.64035964012146,0.3162316083908081
YGL189C,YLR181C,0,0.5581874,0.16850683093070984,0.64035964012146,0.3163316249847412
YLR006C,YMR275C,0,0.55726534,0.16846254467964172,0.64035964012146,0.3164316415786743
YBL072C,YIL173W,0,0.5568872,0.168418288230896,0.64035964012146,0.3165316581726074
YDL154W,YOL032W,0,0.55688125,0.16837404668331146,0.64035964012146,0.3166316747665405
YBR146W,YJR054W,0,0.5566622,0.16832983493804932,0.64035964012146,0.31673166155815125
YKR096W,YKL197C,0,0.55634063,0.16828563809394836,0.64035964012146,0.31683167815208435
YOR233W,YHR023W,1,0.5562976,0.16850394010543823,0.6413586139678955,0.31683167815208435
YPL120W,YLR131C,0,0.5562754,0.1684597283601761,0.6413586139678955,0.31693169474601746
YBL038W,YNL094W,0,0.5558303,0.16841553151607513,0.6413586139678955,0.31703171133995056
YAR042W,YPR174C,0,0.55507606,0.16837136447429657,0.6413586139678955,0.31713172793388367
YOR233W,YDL222C,1,0.554864,0.16858941316604614,0.6423576474189758,0.31713172793388367
YPR055W,YOR181W,1,0.5546018,0.16880734264850616,0.6433566212654114,0.31713172793388367
YKL063C,YKL081W,0,0.55443984,0.16876310110092163,0.6433566212654114,0.3172317147254944
YOR117W,YBR107C,0,0.55419993,0.16871888935565948,0.6433566212654114,0.3173317313194275
YPL120W,YLL024C,0,0.5540461,0.16867469251155853,0.6433566212654114,0.3174317479133606
YKR093W,YHR111W,0,0.55402935,0.16863052546977997,0.6433566212654114,0.3175317645072937
YDR243C,YKL077W,0,0.5539539,0.1685863882303238,0.6433566212654114,0.3176317512989044
YGL142C,YOR341W,0,0.55384415,0.1685422658920288,0.6433566212654114,0.3177317678928375
YER044C-A,YLR247C,0,0.55362386,0.1684981733560562,0.6433566212654114,0.31783178448677063
YAL030W,YPL221W,0,0.55336446,0.1684540957212448,0.6433566212654114,0.31793180108070374
YIL075C,YBL031W,0,0.55329067,0.1684100478887558,0.6433566212654114,0.31803181767463684
YOR266W,YGL116W,0,0.55292165,0.16836601495742798,0.6433566212654114,0.31813180446624756
YDR213W,YDR412W,0,0.55278903,0.16832201182842255,0.6433566212654114,0.31823182106018066
YPL215W,YGL064C,0,0.5525302,0.1682780236005783,0.6433566212654114,0.31833183765411377
YIL148W,YOR109W,0,0.55215013,0.16823406517505646,0.6433566212654114,0.3184318542480469
YJR035W,YKR034W,0,0.5519419,0.1681901216506958,0.6433566212654114,0.3185318410396576
YGR193C,YHR014W,0,0.551597,0.16814620792865753,0.6433566212654114,0.3186318576335907
YDR372C,YDR100W,0,0.5512118,0.16810232400894165,0.6433566212654114,0.3187318742275238
YHL038C,YIR019C,0,0.5510662,0.16805845499038696,0.6433566212654114,0.3188318908214569
YDR175C,YGR097W,0,0.55101806,0.16801461577415466,0.6433566212654114,0.31893190741539
YJR046W,YIL018W,0,0.55091715,0.16797079145908356,0.6433566212654114,0.31903189420700073
YBR153W,YKL029C,0,0.5505693,0.16792698204517365,0.6433566212654114,0.31913191080093384
YPR131C,YGR208W,0,0.55051047,0.16788321733474731,0.6433566212654114,0.31923192739486694
YOR334W,YLR037C,0,0.5504499,0.16783945262432098,0.6433566212654114,0.31933194398880005
YGR082W,YNL025C,0,0.5496926,0.16779573261737823,0.6433566212654114,0.31943193078041077
YER033C,YOR009W,0,0.5495164,0.16775201261043549,0.6433566212654114,0.31953194737434387
YDL105W,YLL057C,0,0.5492799,0.16770833730697632,0.6433566212654114,0.319631963968277
YJL054W,YFR053C,0,0.54901356,0.16766467690467834,0.6433566212654114,0.3197319805622101
YML133C,YGR165W,0,0.54899657,0.16762103140354156,0.6433566212654114,0.3198319971561432
YMR110C,YML082W,0,0.54892343,0.16757741570472717,0.6433566212654114,0.3199319839477539
YPR188C,YDL018C,0,0.5480017,0.16753381490707397,0.6433566212654114,0.320032000541687
YNL271C,YNL152W,1,0.54768986,0.16775032877922058,0.6443556547164917,0.320032000541687
YMR318C,YML101C,0,0.5476091,0.1677067130804062,0.6443556547164917,0.3201320171356201
YIL159W,YGL181W,1,0.54748374,0.16792306303977966,0.6453546285629272,0.3201320171356201
YNL328C,YPR155C,0,0.5469393,0.16787941753864288,0.6453546285629272,0.3202320337295532
YLL066C,YBR212W,0,0.5467604,0.1678358018398285,0.6453546285629272,0.32033202052116394
YHR016C,YNL094W,1,0.5467434,0.16805194318294525,0.6463536620140076,0.32033202052116394
YGR032W,YLL038C,1,0.5466215,0.16826798021793365,0.6473526358604431,0.32033202052116394
YEL048C,YCL048W,0,0.5462783,0.1682243049144745,0.6473526358604431,0.32043203711509705
YJR132W,YEL027W,0,0.54619235,0.1681806445121765,0.6473526358604431,0.32053205370903015
YDR150W,YKL007W,1,0.5461647,0.1683964729309082,0.6483516693115234,0.32053205370903015
YBR114W,YKL150W,0,0.54612464,0.16835278272628784,0.6483516693115234,0.32063207030296326
YJL012C,YBR153W,0,0.5458179,0.16830912232398987,0.6483516693115234,0.32073208689689636
YCL051W,YPL189W,0,0.5452323,0.16826549172401428,0.6483516693115234,0.3208320736885071
YMR261C,YHR037W,0,0.5452061,0.1682218760251999,0.6483516693115234,0.3209320902824402
YEL019C,YNL278W,0,0.54490525,0.16817829012870789,0.6483516693115234,0.3210321068763733
YGR204W,YOR158W,0,0.5446329,0.16813471913337708,0.6483516693115234,0.3211321234703064
YBR038W,YPL203W,0,0.5443725,0.16809116303920746,0.6483516693115234,0.3212321102619171
YML101C,YNL181W,0,0.5443081,0.16804763674736023,0.6483516693115234,0.3213321268558502
YKL058W,YOR158W,0,0.54406846,0.1680041402578354,0.6483516693115234,0.3214321434497833
YDL135C,YOL011W,0,0.5439736,0.16796065866947174,0.6483516693115234,0.32153216004371643
YDL189W,YNL048W,0,0.54377055,0.16791720688343048,0.6483516693115234,0.32163217663764954
YGL189C,YGR080W,0,0.543386,0.16787376999855042,0.6483516693115234,0.32173216342926025
YPR175W,YPR199C,0,0.54322153,0.16783036291599274,0.6483516693115234,0.32183218002319336
YOR011W,YDR359C,0,0.54320663,0.16778697073459625,0.6483516693115234,0.32193219661712646
YNL079C,YGR032W,1,0.5431933,0.16800206899642944,0.649350643157959,0.32193219661712646
YHL031C,YLR093C,0,0.5427073,0.16795866191387177,0.649350643157959,0.32203221321105957
YKR027W,YPL183C,0,0.5422141,0.16791526973247528,0.649350643157959,0.3221322000026703
YMR215W,YBL005W,0,0.5419123,0.16787190735340118,0.649350643157959,0.3222322165966034
YLR006C,YLR451W,0,0.5418004,0.16782855987548828,0.649350643157959,0.3223322331905365
YKL099C,YNL055C,0,0.54171246,0.16778524219989777,0.649350643157959,0.3224322497844696
YGR097W,YKL099C,0,0.5413864,0.16774193942546844,0.649350643157959,0.3225322663784027
YIL053W,YMR149W,0,0.5411863,0.16769865155220032,0.649350643157959,0.3226322531700134
YJR117W,YKR095W,0,0.54111606,0.16765540838241577,0.649350643157959,0.32273226976394653
YOR177C,YMR153W,0,0.54104376,0.16761216521263123,0.649350643157959,0.32283228635787964
YIL087C,YGR161C,0,0.5403548,0.16756896674633026,0.649350643157959,0.32293230295181274
YGL243W,YIR031C,0,0.53958774,0.1675257682800293,0.649350643157959,0.32303228974342346
YDL113C,YML016C,0,0.5391567,0.16748261451721191,0.649350643157959,0.32313230633735657
YLR284C,YKR085C,0,0.53816015,0.16743946075439453,0.649350643157959,0.3232323229312897
YHL003C,YER038C,0,0.5380773,0.16739633679389954,0.649350643157959,0.3233323395252228
YGR024C,YDR244W,0,0.538015,0.16735324263572693,0.649350643157959,0.3234323561191559
YHR157W,YJR054W,0,0.5378115,0.16731016337871552,0.649350643157959,0.3235323429107666
YNL298W,YLR404W,1,0.5376348,0.16752444207668304,0.6503496766090393,0.3235323429107666
YGR178C,YGL167C,0,0.53744334,0.16748134791851044,0.6503496766090393,0.3236323595046997
YDR028C,YAL026C,0,0.53721255,0.16743826866149902,0.6503496766090393,0.3237323760986328
YGL195W,YOR059C,0,0.5369666,0.16739521920681,0.6503496766090393,0.3238323926925659
YNL054W,YDR317W,0,0.5369583,0.16735218465328217,0.6503496766090393,0.32393237948417664
YGL087C,YGR296W,0,0.5369529,0.16730917990207672,0.6503496766090393,0.32403239607810974
YLR390W-A,YOR319W,0,0.53683347,0.16726619005203247,0.6503496766090393,0.32413241267204285
YIL053W,YMR001C,0,0.5367083,0.16722321510314941,0.6503496766090393,0.32423242926597595
YER014W,YNL066W,0,0.5366008,0.16718026995658875,0.6503496766090393,0.32433244585990906
YBR043C,YDR289C,0,0.53654605,0.16713735461235046,0.6503496766090393,0.3244324326515198
YBR114W,YGL151W,0,0.5363507,0.16709445416927338,0.6503496766090393,0.3245324492454529
YKL141W,YNL318C,0,0.53622407,0.16705158352851868,0.6503496766090393,0.324632465839386
YMR081C,YER032W,0,0.5362149,0.16700872778892517,0.6503496766090393,0.3247324824333191
YER123W,YGL240W,0,0.5360052,0.16696588695049286,0.6503496766090393,0.3248324692249298
YOR383C,YLR092W,0,0.5356468,0.16692307591438293,0.6503496766090393,0.3249324858188629
YOL122C,YLR466W,0,0.5352115,0.1668802797794342,0.6503496766090393,0.325032502412796
YLL018C,YLR263W,0,0.5343906,0.16683751344680786,0.6503496766090393,0.3251325190067291
YLR347C,YGR253C,0,0.534134,0.1667947769165039,0.6503496766090393,0.32523253560066223
YKR093W,YGR046W,0,0.53400356,0.16675205528736115,0.6503496766090393,0.32533252239227295
YBL007C,YDR397C,0,0.53393203,0.16670934855937958,0.6503496766090393,0.32543253898620605
YDR257C,YBL025W,0,0.5326811,0.1666666716337204,0.6503496766090393,0.32553255558013916
YIL068C,YGL233W,1,0.5326728,0.16687995195388794,0.6513486504554749,0.32553255558013916
YNL103W,YNL318C,0,0.532564,0.16683726012706757,0.6513486504554749,0.32563257217407227
YDR323C,YGR044C,0,0.5320018,0.1667945832014084,0.6513486504554749,0.325732558965683
YKL029C,YBR028C,0,0.53180593,0.1667519211769104,0.6513486504554749,0.3258325755596161
YOR060C,YNL081C,0,0.5316774,0.1667092889547348,0.6513486504554749,0.3259325921535492
YCL044C,YFR025C,0,0.5315433,0.1666666716337204,0.6513486504554749,0.3260326087474823
YGL195W,YGL238W,0,0.53122574,0.1666240692138672,0.6513486504554749,0.3261326253414154
YPL115C,YDR002W,0,0.5311846,0.16658149659633636,0.6513486504554749,0.3262326121330261
YLR093C,YEL044W,0,0.5308357,0.16653895378112793,0.6513486504554749,0.32633262872695923
YOR363C,YER129W,0,0.5305034,0.1664964258670807,0.6513486504554749,0.32643264532089233
YBR149W,YLR263W,0,0.53005517,0.16645391285419464,0.6513486504554749,0.32653266191482544
YDR075W,YDR122W,0,0.5300165,0.16641142964363098,0.6513486504554749,0.32663264870643616
YCR005C,YCR063W,0,0.5296925,0.1663689762353897,0.6513486504554749,0.32673266530036926
YHR185C,YCL035C,0,0.529575,0.16632653772830963,0.6513486504554749,0.32683268189430237
YJR132W,YGR245C,0,0.52948636,0.16628411412239075,0.6513486504554749,0.3269326984882355
YLR315W,YOR271C,0,0.5294592,0.16624172031879425,0.6513486504554749,0.3270327150821686
YCL068C,YER159C,0,0.52931994,0.16619934141635895,0.6513486504554749,0.3271327018737793
YLR411W,YDR227W,0,0.52897865,0.16615697741508484,0.6513486504554749,0.3272327184677124
YJL054W,YPR148C,0,0.5287294,0.16611464321613312,0.6513486504554749,0.3273327350616455
YOR189W,YHR139C,0,0.52809,0.16607233881950378,0.6513486504554749,0.3274327516555786
YAL015C,YGR217W,0,0.52800816,0.16603004932403564,0.6513486504554749,0.32753273844718933
YDR308C,YDR244W,0,0.52800405,0.1659877747297287,0.6513486504554749,0.32763275504112244
YOR247W,YGL171W,0,0.527615,0.16594552993774414,0.6513486504554749,0.32773277163505554
YLR234W,YOL061W,0,0.52755255,0.16590331494808197,0.6513486504554749,0.32783278822898865
YKR007W,YPR068C,0,0.5274222,0.1658610999584198,0.6513486504554749,0.32793280482292175
YNL286W,YHR001W-A,0,0.52674335,0.16581891477108002,0.6513486504554749,0.32803279161453247
YER007C-A,YOL023W,0,0.5263715,0.16577675938606262,0.6513486504554749,0.3281328082084656
YMR232W,YFL005W,0,0.5257012,0.16573461890220642,0.6513486504554749,0.3282328248023987
YNL271C,YER149C,1,0.5255823,0.16594663262367249,0.6523476243019104,0.3282328248023987
YIL037C,YBR060C,0,0.5254491,0.1659044772386551,0.6523476243019104,0.3283328413963318
YKL197C,YFR049W,0,0.52544004,0.1658623367547989,0.6523476243019104,0.3284328579902649
YIL014W,YOR009W,0,0.5253998,0.16582021117210388,0.6523476243019104,0.3285328447818756
YLR166C,YFL039C,1,0.5245736,0.16603198647499084,0.6533466577529907,0.3285328447818756
YPL138C,YDR201W,0,0.5245478,0.16598984599113464,0.6533466577529907,0.3286328613758087
YCR091W,YER123W,0,0.5241756,0.16594773530960083,0.6533466577529907,0.3287328779697418
YLR377C,YDR301W,0,0.5241074,0.16590562462806702,0.6533466577529907,0.3288328945636749
YIL036W,YBR146W,0,0.5240382,0.16586355865001678,0.6533466577529907,0.32893288135528564
YKL155C,YGR044C,0,0.5239439,0.16582150757312775,0.6533466577529907,0.32903289794921875
YLR131C,YGL151W,0,0.52367216,0.1657794713973999,0.6533466577529907,0.32913291454315186
YIL022W,YNL176C,0,0.5232857,0.16573745012283325,0.6533466577529907,0.32923293113708496
YPR106W,YBR023C,0,0.5229984,0.165695458650589,0.6533466577529907,0.32933294773101807
YDR175C,YDR437W,0,0.52296776,0.16565349698066711,0.6533466577529907,0.3294329345226288
YDR150W,YLR115W,0,0.5226186,0.16561155021190643,0.6533466577529907,0.3295329511165619
YDR398W,YHR150W,0,0.52245706,0.16556961834430695,0.6533466577529907,0.329632967710495
YML041C,YEL039C,0,0.52239525,0.16552771627902985,0.6533466577529907,0.3297329843044281
YLR360W,YHR001W-A,0,0.52235097,0.16548582911491394,0.6533466577529907,0.3298329710960388
YOR060C,YDR257C,0,0.5221723,0.16544397175312042,0.6533466577529907,0.3299329876899719
YFR024C-A,YDR388W,1,0.52213514,0.16565503180027008,0.6543456315994263,0.3299329876899719
YKR093W,YDL087C,0,0.5220638,0.16561314463615417,0.6543456315994263,0.33003300428390503
YFL061W,YNL181W,0,0.5220048,0.16557128727436066,0.6543456315994263,0.33013302087783813
YBR114W,YDL211C,0,0.5216479,0.16552944481372833,0.6543456315994263,0.33023303747177124
YLL016W,YIL130W,0,0.5213451,0.1654876172542572,0.6543456315994263,0.33033302426338196
YDR039C,YDR227W,0,0.52120775,0.16544581949710846,0.6543456315994263,0.33043304085731506
YFL056C,YGR083C,0,0.52108556,0.1654040366411209,0.6543456315994263,0.33053305745124817
YDL220C,YDR412W,0,0.52094483,0.16536228358745575,0.6543456315994263,0.3306330740451813
YDL160C,YHL021C,0,0.5209382,0.16532054543495178,0.6543456315994263,0.330733060836792
YIL013C,YHR120W,0,0.5208869,0.165278822183609,0.6543456315994263,0.3308330774307251
YLR223C,YMR237W,0,0.5206486,0.16523712873458862,0.6543456315994263,0.3309330940246582
YOR329C,YLR342W,1,0.52022636,0.1654476672410965,0.6553446650505066,0.3309330940246582
YGR097W,YGL151W,0,0.5199349,0.16540594398975372,0.6553446650505066,0.3310331106185913
YDR323C,YJL181W,0,0.5198205,0.16536425054073334,0.6553446650505066,0.3311331272125244
YOL098C,YLR189C,0,0.5197797,0.16532258689403534,0.6553446650505066,0.33123311400413513
YCL001W,YKR052C,0,0.5193119,0.16528092324733734,0.6553446650505066,0.33133313059806824
YGR170W,YKL058W,0,0.51859236,0.16523928940296173,0.6553446650505066,0.33143314719200134
YMR275C,YLR067C,0,0.5184832,0.1651976853609085,0.6553446650505066,0.33153316378593445
YLR377C,YDR361C,0,0.51833963,0.16515609622001648,0.6553446650505066,0.33163315057754517
YFR024C,YBR045C,0,0.51768035,0.16511452198028564,0.6553446650505066,0.33173316717147827
YDR189W,YDR028C,0,0.51729554,0.1650729775428772,0.6553446650505066,0.3318331837654114
YLR313C,YDR218C,1,0.51641154,0.16528302431106567,0.6563436388969421,0.3318331837654114
YDR092W,YHL011C,0,0.51639277,0.16524145007133484,0.6563436388969421,0.3319332003593445
YML031W,YHL050C,0,0.5161677,0.1651999056339264,0.6563436388969421,0.3320332169532776
YCL044C,YCR038C,0,0.515883,0.16515837609767914,0.6563436388969421,0.3321332037448883
YPR034W,YGL240W,0,0.5158162,0.16511686146259308,0.6563436388969421,0.3322332203388214
YNL221C,YKL099C,0,0.5156383,0.1650753766298294,0.6563436388969421,0.3323332369327545
YER179W,YKR095W,0,0.5153623,0.16503390669822693,0.6563436388969421,0.3324332535266876
YML133C,YBR193C,0,0.5153491,0.16499246656894684,0.6563436388969421,0.33253324031829834
YFL005W,YPR148C,0,0.51533157,0.16495104134082794,0.6563436388969421,0.33263325691223145
YER179W,YKL132C,0,0.5152332,0.16490964591503143,0.6563436388969421,0.33273327350616455
YOL051W,YER060W,0,0.51509,0.16486825048923492,0.6563436388969421,0.33283329010009766
YOR011W,YOR048C,0,0.5150073,0.164826899766922,0.6563436388969421,0.33293330669403076
YPL105C,YER143W,0,0.5146894,0.16478554904460907,0.6563436388969421,0.3330332934856415
YGR193C,YDR350C,0,0.5146305,0.16474422812461853,0.6563436388969421,0.3331333100795746
YDR217C,YKL058W,0,0.5145351,0.16470293700695038,0.6563436388969421,0.3332333266735077
YBR162W-A,YDR301W,0,0.5145182,0.16466166079044342,0.6563436388969421,0.3333333432674408
YHR185C,YIL167W,0,0.51446736,0.16462039947509766,0.6563436388969421,0.3334333300590515
YFR024C,YCR002C,1,0.51436245,0.16482965648174286,0.6573426723480225,0.3334333300590515
YNL145W,YHL006C,0,0.51403815,0.1647883802652359,0.6573426723480225,0.3335333466529846
YJL127C,YJR049C,0,0.51365167,0.16474711894989014,0.6573426723480225,0.3336333632469177
YJR102C,YDR399W,0,0.5134162,0.16470588743686676,0.6573426723480225,0.33373337984085083
YDR308C,YNL194C,0,0.5132461,0.16466467082500458,0.6573426723480225,0.33383339643478394
YAL030W,YGR017W,0,0.51310426,0.1646234691143036,0.6573426723480225,0.33393338322639465
YNL079C,YFL005W,1,0.5130669,0.16483241319656372,0.658341646194458,0.33393338322639465
YPL179W,YLL014W,0,0.5126634,0.16479119658470154,0.658341646194458,0.33403339982032776
YDR469W,YGR040W,0,0.5123405,0.16474999487400055,0.658341646194458,0.33413341641426086
YNL167C,YOL084W,0,0.5120752,0.16470882296562195,0.658341646194458,0.33423343300819397
YNL123W,YMR177W,0,0.5120244,0.16466766595840454,0.658341646194458,0.3343334197998047
YLR185W,YHR073W,0,0.5112702,0.16462652385234833,0.658341646194458,0.3344334363937378
YGL061C,YLR093C,0,0.51105845,0.1645854115486145,0.658341646194458,0.3345334529876709
YKR089C,YCR106W,0,0.5110461,0.16454431414604187,0.658341646194458,0.334633469581604
YLR442C,YLL021W,0,0.5107748,0.16450324654579163,0.658341646194458,0.3347334861755371
YJL054W,YJL216C,0,0.5107246,0.16446219384670258,0.658341646194458,0.3348334729671478
YAL051W,YNL216W,0,0.51027006,0.16442115604877472,0.658341646194458,0.33493348956108093
YGL063W,YHR090C,0,0.5100445,0.16438014805316925,0.658341646194458,0.33503350615501404
YHL050C,YPL117C,0,0.50989264,0.16433915495872498,0.658341646194458,0.33513352274894714
YGL064C,YNL118C,0,0.50987315,0.1642981767654419,0.658341646194458,0.33523350954055786
YOL076W,YML081W,0,0.50907433,0.1642572283744812,0.658341646194458,0.33533352613449097
YDR280W,YPL176C,0,0.50902486,0.1642162948846817,0.658341646194458,0.3354335427284241
YKL005C,YPL178W,0,0.5086641,0.1641753911972046,0.658341646194458,0.3355335593223572
YPR161C,YNL130C,0,0.50858414,0.16413450241088867,0.658341646194458,0.3356335759162903
YDR002W,YGR138C,0,0.5084661,0.16409362852573395,0.658341646194458,0.335733562707901
YOR380W,YBL038W,0,0.5084292,0.16405276954174042,0.658341646194458,0.3358335793018341
YNL094W,YMR092C,1,0.507976,0.16426081955432892,0.6593406796455383,0.3358335793018341
YOR233W,YDR409W,1,0.5079397,0.16446878015995026,0.6603396534919739,0.3358335793018341
YFL049W,YBL005W,0,0.507936,0.16442786157131195,0.6603396534919739,0.3359335958957672
YDR145W,YNL094W,0,0.50785154,0.16438697278499603,0.6603396534919739,0.3360336124897003
YOR103C,YGL016W,0,0.5076442,0.1643460988998413,0.6603396534919739,0.33613359928131104
YHR024C,YLR313C,0,0.50762856,0.16430523991584778,0.6603396534919739,0.33623361587524414
YML057W,YMR177W,0,0.50749826,0.16426441073417664,0.6603396534919739,0.33633363246917725
YIL120W,YER167W,0,0.5072468,0.1642235964536667,0.6603396534919739,0.33643364906311035
YIL064W,YFR030W,0,0.50722986,0.16418281197547913,0.6603396534919739,0.33653366565704346
YLR248W,YML055W,0,0.5072243,0.16414204239845276,0.6603396534919739,0.3366336524486542
YNL138W,YGL181W,1,0.5072052,0.16434955596923828,0.6613386869430542,0.3366336524486542
YDR243C,YDL134C,0,0.50705105,0.16430875658988953,0.6613386869430542,0.3367336690425873
YGL194C,YPL156C,0,0.5061303,0.16426798701286316,0.6613386869430542,0.3368336856365204
YOR136W,YOR060C,0,0.50579077,0.16422723233699799,0.6613386869430542,0.3369337022304535
YOR247W,YIL137C,0,0.50571245,0.1641865074634552,0.6613386869430542,0.3370336890220642
YLL021W,YMR153W,0,0.5056577,0.1641457974910736,0.6613386869430542,0.3371337056159973
YKR093W,YGL070C,0,0.5053968,0.1641051024198532,0.6613386869430542,0.3372337222099304
YLR313C,YJL085W,1,0.5045802,0.16431227326393127,0.6623376607894897,0.3372337222099304
YML098W,YIL173W,0,0.50451833,0.16427156329154968,0.6623376607894897,0.3373337388038635
YDL243C,YOR260W,0,0.50437915,0.16423086822032928,0.6623376607894897,0.33743375539779663
YNL294C,YKL005C,0,0.50433576,0.16419018805027008,0.6623376607894897,0.33753374218940735
YCR005C,YOR335C,0,0.5040112,0.16414953768253326,0.6623376607894897,0.33763375878334045
YDR145W,YER143W,0,0.50381213,0.16410891711711884,0.6623376607894897,0.33773377537727356
YPL234C,YDR005C,0,0.5037822,0.1640682965517044,0.6623376607894897,0.33783379197120667
YNL138W,YML052W,1,0.5037457,0.16427510976791382,0.6633366346359253,0.33783379197120667
YGL104C,YCL067C,0,0.5036308,0.1642344743013382,0.6633366346359253,0.3379337787628174
YJR118C,YLR115W,0,0.50359225,0.16419386863708496,0.6633366346359253,0.3380337953567505
YOR334W,YDL093W,0,0.5033446,0.16415327787399292,0.6633366346359253,0.3381338119506836
YBR189W,YKL077W,0,0.5027675,0.16411270201206207,0.6633366346359253,0.3382338285446167
YJL174W,YOL121C,0,0.5027341,0.1640721559524536,0.6633366346359253,0.3383338451385498
YLR239C,YLR060W,0,0.5027178,0.16403162479400635,0.6633366346359253,0.3384338319301605
YIL036W,YDR517W,0,0.501388,0.16399110853672028,0.6633366346359253,0.33853384852409363
YOL078W,YPL175W,0,0.50114053,0.1639506220817566,0.6633366346359253,0.33863386511802673
YLR007W,YER129W,0,0.50091195,0.1639101505279541,0.6633366346359253,0.33873388171195984
YFL056C,YDR165W,0,0.5004585,0.1638696938753128,0.6633366346359253,0.33883386850357056
YPR173C,YIL144W,0,0.5004457,0.1638292670249939,0.6633366346359253,0.33893388509750366
YGL005C,YIL033C,0,0.50030065,0.16378885507583618,0.6633366346359253,0.33903390169143677
YNL130C,YEL051W,0,0.5002162,0.16374845802783966,0.6633366346359253,0.3391339182853699
YNL247W,YNR030W,0,0.5001163,0.16370809078216553,0.6633366346359253,0.339233934879303
YDR204W,YDR244W,0,0.4999768,0.1636677384376526,0.6633366346359253,0.3393339216709137
YPL120W,YMR133W,0,0.49991387,0.16362740099430084,0.6633366346359253,0.3394339382648468
YOR109W,YDR233C,1,0.49980992,0.16383345425128937,0.6643356680870056,0.3394339382648468
YBR114W,YPL135W,0,0.49956912,0.16379310190677643,0.6643356680870056,0.3395339548587799
YER149C,YGL231C,0,0.4995644,0.16375276446342468,0.6643356680870056,0.339633971452713
YLL016W,YDL135C,0,0.49944788,0.16371245682239532,0.6643356680870056,0.3397339880466461
YMR205C,YHL035C,0,0.49942404,0.16367216408252716,0.6643356680870056,0.33983397483825684
YDL091C,YPR131C,0,0.49917364,0.1636318862438202,0.6643356680870056,0.33993399143218994
YER143W,YLR067C,0,0.4990126,0.1635916382074356,0.6643356680870056,0.34003400802612305
YJR027W,YKR077W,0,0.49896032,0.16355140507221222,0.6643356680870056,0.34013402462005615
YJL059W,YAR042W,0,0.49885064,0.16351118683815002,0.6643356680870056,0.34023401141166687
YBL091C,YNL029C,0,0.49855047,0.16347099840641022,0.6643356680870056,0.3403340280056
YNL194C,YPR086W,0,0.49791372,0.1634308248758316,0.6643356680870056,0.3404340445995331
YHL011C,YBR180W,0,0.4976099,0.16339066624641418,0.6643356680870056,0.3405340611934662
YLL050C,YDL204W,1,0.49740583,0.16359616816043854,0.6653346419334412,0.3405340611934662
YLR277C,YOR357C,0,0.49675936,0.16355599462985992,0.6653346419334412,0.3406340777873993
YGR017W,YDR080W,0,0.49630207,0.1635158360004425,0.6653346419334412,0.34073406457901
YLL024C,YKL039W,0,0.4961186,0.16347569227218628,0.6653346419334412,0.3408340811729431
YKL194C,YGL018C,0,0.49609166,0.16343557834625244,0.6653346419334412,0.3409340977668762
YLR314C,YLR313C,1,0.49595374,0.1636408269405365,0.6663336753845215,0.3409340977668762
YNL031C,YML076C,0,0.49575502,0.16360068321228027,0.6663336753845215,0.3410341143608093
YMR074C,YCL067C,0,0.49560362,0.16356056928634644,0.6663336753845215,0.34113410115242004
YMR220W,YOR172W,0,0.49526238,0.1635204702615738,0.6663336753845215,0.34123411774635315
YLR102C,YGL070C,0,0.49502963,0.16348038613796234,0.6663336753845215,0.34133413434028625
YGL167C,YPR120C,0,0.49497753,0.16344033181667328,0.6663336753845215,0.34143415093421936
YER062C,YDR471W,0,0.4947458,0.1634002923965454,0.6663336753845215,0.34153416752815247
YMR009W,YDL102W,0,0.49462718,0.16336026787757874,0.6663336753845215,0.3416341543197632
YGL087C,YOL059W,0,0.49455702,0.16332027316093445,0.6663336753845215,0.3417341709136963
YHR020W,YGL064C,0,0.49436992,0.16328029334545135,0.6663336753845215,0.3418341875076294
YJL212C,YDR469W,0,0.49416208,0.16324032843112946,0.6663336753845215,0.3419342041015625
YKL033W,YNR059W,0,0.49406844,0.16320039331912994,0.6663336753845215,0.3420341908931732
YML041C,YOR002W,0,0.49397874,0.16316047310829163,0.6663336753845215,0.3421342074871063
YHR210C,YKR049C,0,0.49397618,0.1631205677986145,0.6663336753845215,0.34223422408103943
YBR029C,YOL116W,0,0.49382693,0.16308067739009857,0.6663336753845215,0.34233424067497253
YAR042W,YML031W,0,0.49376792,0.16304081678390503,0.6663336753845215,0.34243425726890564
YPR169W,YMR133W,0,0.49303514,0.16300097107887268,0.6663336753845215,0.34253424406051636
YLR206W,YNL094W,1,0.49273628,0.16320547461509705,0.667332649230957,0.34253424406051636
YDR256C,YER109C,0,0.4926738,0.1631656140089035,0.667332649230957,0.34263426065444946
YOR129C,YBR146W,0,0.49253678,0.16312576830387115,0.667332649230957,0.34273427724838257
YGL116W,YGL105W,0,0.49238604,0.1630859375,0.667332649230957,0.3428342938423157
YGL226W,YDR005C,0,0.49190098,0.16304613649845123,0.667332649230957,0.3429342806339264
YDL100C,YDR175C,0,0.49171293,0.16300635039806366,0.667332649230957,0.3430342972278595
YNL111C,YDR284C,0,0.49131244,0.16296657919883728,0.667332649230957,0.3431343138217926
YFL061W,YDR039C,0,0.491162,0.1629268229007721,0.667332649230957,0.3432343304157257
YIL062C,YER081W,0,0.49114627,0.1628870964050293,0.667332649230957,0.3433343470096588
YCL017C,YDL211C,0,0.4911294,0.1628473848104477,0.667332649230957,0.34343433380126953
YJL054W,YLR085C,0,0.49092215,0.16280770301818848,0.667332649230957,0.34353435039520264
YDL106C,YDL087C,0,0.49077666,0.16276803612709045,0.667332649230957,0.34363436698913574
YGL096W,YIL167W,0,0.49075276,0.16272838413715363,0.667332649230957,0.34373438358306885
YER028C,YNL181W,0,0.49007684,0.162688747048378,0.667332649230957,0.34383437037467957
YHR103W,YHL003C,0,0.48987907,0.16264913976192474,0.667332649230957,0.34393438696861267
YNL084C,YNL194C,1,0.48970497,0.16285297274589539,0.6683316826820374,0.34393438696861267
YNL318C,YMR242C,0,0.48876828,0.16281333565711975,0.6683316826820374,0.3440344035625458
YCL016C,YDR179C,0,0.48872417,0.1627737283706665,0.6683316826820374,0.3441344201564789
YPR034W,YDR105C,0,0.4882936,0.16273412108421326,0.6683316826820374,0.344234436750412
YKR077W,YOR110W,0,0.48820567,0.1626945585012436,0.6683316826820374,0.3443344235420227
YPR134W,YHR154W,0,0.4880234,0.16265499591827393,0.6683316826820374,0.3444344401359558
YHR108W,YJL083W,0,0.4879257,0.16261546313762665,0.6683316826820374,0.3445344567298889
YPL001W,YER044C-A,0,0.48780328,0.16257594525814056,0.6683316826820374,0.344634473323822
YIL098C,YLL057C,0,0.48755568,0.16253644227981567,0.6683316826820374,0.34473446011543274
YGL167C,YGL115W,0,0.48729342,0.16249696910381317,0.6683316826820374,0.34483447670936584
YMR205C,YDR407C,0,0.487073,0.16245751082897186,0.6683316826820374,0.34493449330329895
YKR083C,YLR067C,0,0.48702395,0.16241806745529175,0.6683316826820374,0.34503450989723206
YDL149W,YPR141C,0,0.48696625,0.16237863898277283,0.6683316826820374,0.34513452649116516
YHR205W,YBR091C,0,0.48692405,0.1623392403125763,0.6683316826820374,0.3452345132827759
YOL144W,YHR090C,0,0.48691398,0.16229985654354095,0.6683316826820374,0.345334529876709
YEL019C,YOL055C,0,0.4864202,0.1622604876756668,0.6683316826820374,0.3454345464706421
YMR261C,YHR020W,0,0.4863807,0.16222114861011505,0.6683316826820374,0.3455345630645752
YER102W,YOR086C,0,0.48624003,0.1621818244457245,0.6683316826820374,0.3456345498561859
YBR078W,YML047C,0,0.4860248,0.16214251518249512,0.6683316826820374,0.345734566450119
YML067C,YLR039C,0,0.48588604,0.16210322082042694,0.6683316826820374,0.3458345830440521
YER005W,YBR149W,0,0.48585075,0.16206395626068115,0.6683316826820374,0.34593459963798523
YMR237W,YNL065W,0,0.4857853,0.16202470660209656,0.6683316826820374,0.34603461623191833
YNL271C,YIR006C,1,0.48556578,0.162227600812912,0.6693306565284729,0.34603461623191833
YKL069W,YDR178W,0,0.48517007,0.1621883362531662,0.6693306565284729,0.34613460302352905
YML107C,YKL185W,0,0.48453385,0.1621490865945816,0.6693306565284729,0.34623461961746216
YHR009C,YIL153W,0,0.4841736,0.1621098518371582,0.6693306565284729,0.34633463621139526
YER014W,YHR096C,0,0.4841087,0.162070631980896,0.6693306565284729,0.34643465280532837
YHR108W,YDR435C,0,0.48404533,0.16203144192695618,0.6693306565284729,0.3465346395969391
YGR103W,YNL045W,0,0.48394316,0.16199226677417755,0.6693306565284729,0.3466346561908722
YHR113W,YMR149W,0,0.48393536,0.16195310652256012,0.6693306565284729,0.3467346727848053
YLR239C,YER014W,0,0.4837971,0.16191396117210388,0.6693306565284729,0.3468346893787384
YGL167C,YCR035C,0,0.48373806,0.16187484562397003,0.6693306565284729,0.3469347059726715
YLR167W,YGR138C,0,0.48373288,0.16183574497699738,0.6693306565284729,0.3470346927642822
YMR234W,YHR214W,0,0.48327938,0.1617966741323471,0.6693306565284729,0.34713470935821533
YNL145W,YPL115C,0,0.4830467,0.16175760328769684,0.6693306565284729,0.34723472595214844
YAL007C,YER129W,0,0.48304206,0.16171856224536896,0.6693306565284729,0.34733474254608154
YJR046W,YER129W,0,0.4830226,0.16167953610420227,0.6693306565284729,0.34743472933769226
YMR105C,YOR009W,0,0.48222548,0.16164052486419678,0.6693306565284729,0.34753474593162537
YKL006C-A,YOR103C,0,0.4821841,0.16160154342651367,0.6693306565284729,0.34763476252555847
YOR380W,YOR009W,0,0.4819553,0.16156257688999176,0.6693306565284729,0.3477347791194916
YFR024C-A,YOL116W,0,0.48192865,0.16152362525463104,0.6693306565284729,0.3478347957134247
YML052W,YPR055W,1,0.48183614,0.161725714802742,0.6703296899795532,0.3478347957134247
YAL048C,YGL107C,0,0.48182532,0.1616867482662201,0.6703296899795532,0.3479347825050354
YBR114W,YAL030W,0,0.4815958,0.16164779663085938,0.6703296899795532,0.3480347990989685
YLR037C,YBL005W,0,0.4815108,0.16160885989665985,0.6703296899795532,0.3481348156929016
YPL215W,YBR005W,0,0.48133236,0.16156995296478271,0.6703296899795532,0.3482348322868347
YPR037C,YLR352W,0,0.4812419,0.16153106093406677,0.6703296899795532,0.34833481907844543
YPL209C,YJL180C,0,0.48121068,0.16149218380451202,0.6703296899795532,0.34843483567237854
YKL045W,YLR019W,0,0.4809957,0.16145332157611847,0.6703296899795532,0.34853485226631165
YNL106C,YLL038C,1,0.48095614,0.16165503859519958,0.6713286638259888,0.34853485226631165
YIL147C,YOL116W,0,0.48072296,0.16161616146564484,0.6713286638259888,0.34863486886024475
YOR027W,YGR005C,0,0.48066092,0.16157729923725128,0.6713286638259888,0.34873488545417786
YBL087C,YOR172W,0,0.48052055,0.16153846681118011,0.6713286638259888,0.3488348722457886
YJL096W,YJR027W,0,0.48041207,0.16149963438510895,0.6713286638259888,0.3489348888397217
YIR019C,YPL224C,0,0.48038793,0.16146083176136017,0.6713286638259888,0.3490349054336548
YLR377C,YLR068W,0,0.48031908,0.16142204403877258,0.6713286638259888,0.3491349220275879
YNL286W,YGL240W,0,0.48010668,0.16138328611850739,0.6713286638259888,0.3492349088191986
YOR319W,YJR054W,0,0.4796826,0.16134454309940338,0.6713286638259888,0.3493349254131317
YOR158W,YCR038C,0,0.47959533,0.16130581498146057,0.6713286638259888,0.3494349420070648
YMR101C,YCL001W,0,0.47958976,0.16126710176467896,0.6713286638259888,0.3495349586009979
YHR014W,YML047C,0,0.47886717,0.16122840344905853,0.6713286638259888,0.34963497519493103
YHR139C,YMR183C,0,0.47879884,0.1611897349357605,0.6713286638259888,0.34973496198654175
YNL045W,YDL100C,0,0.47869807,0.16115108132362366,0.6713286638259888,0.34983497858047485
YLR360W,YGR097W,0,0.47835553,0.161112442612648,0.6713286638259888,0.34993499517440796
YDR464W,YNL164C,0,0.47818238,0.16107381880283356,0.6713286638259888,0.35003501176834106
YBR086C,YIL043C,0,0.47817737,0.1610352247953415,0.6713286638259888,0.35013502836227417
YKL069W,YJL069C,0,0.4781167,0.16099664568901062,0.6713286638259888,0.3502350151538849
YGR059W,YCL034W,1,0.4781078,0.16119760274887085,0.6723276972770691,0.3502350151538849
YDL018C,YLR001C,0,0.4777726,0.16115900874137878,0.6723276972770691,0.350335031747818
YGR017W,YDL031W,0,0.47737443,0.16112041473388672,0.6723276972770691,0.3504350483417511
YER127W,YDR438W,0,0.47723827,0.16108185052871704,0.6723276972770691,0.3505350649356842
YFL061W,YBR169C,0,0.47713476,0.16104331612586975,0.6723276972770691,0.3506350517272949
YCR031C,YHR090C,0,0.47686154,0.16100478172302246,0.6723276972770691,0.350735068321228
YKR053C,YPL156C,0,0.47670156,0.16096627712249756,0.6723276972770691,0.35083508491516113
YOL154W,YOR060C,0,0.47623593,0.16092778742313385,0.6723276972770691,0.35093510150909424
YDR377W,YDL209C,0,0.4760455,0.16088931262493134,0.6723276972770691,0.35103511810302734
YKL054C,YJR050W,0,0.4755963,0.1608508676290512,0.6723276972770691,0.35113510489463806
YNL167C,YGR060W,0,0.47541228,0.16081242263317108,0.6723276972770691,0.35123512148857117
YFL061W,YOR110W,0,0.47452503,0.16077400743961334,0.6723276972770691,0.3513351380825043
YOR264W,YDR007W,0,0.47402477,0.1607356071472168,0.6723276972770691,0.3514351546764374
YIL159W,YLL050C,1,0.47381896,0.16093601286411285,0.6733266711235046,0.3514351546764374
YKL033W,YKL080W,0,0.47347945,0.16089758276939392,0.6733266711235046,0.3515351414680481
YMR072W,YPL097W,0,0.47340924,0.16085918247699738,0.6733266711235046,0.3516351580619812
YML011C,YGL104C,0,0.47327566,0.16082081198692322,0.6733266711235046,0.3517351746559143
YHL031C,YBR015C,0,0.47314474,0.16078244149684906,0.6733266711235046,0.3518351912498474
YDR367W,YBL013W,0,0.47307906,0.1607441008090973,0.6733266711235046,0.3519352078437805
YLR007W,YLR299W,0,0.472973,0.1607057750225067,0.6733266711235046,0.35203519463539124
YDR160W,YKL006W,0,0.4727674,0.16066746413707733,0.6733266711235046,0.35213521122932434
YHR165C,YDR406W,0,0.47271526,0.16062916815280914,0.6733266711235046,0.35223522782325745
YDL098C,YBR272C,0,0.47242633,0.16059090197086334,0.6733266711235046,0.35233524441719055
YDR438W,YER015W,0,0.47239414,0.16055265069007874,0.6733266711235046,0.35243523120880127
YLR037C,YJL197W,0,0.4721986,0.16051441431045532,0.6733266711235046,0.3525352478027344
YOL069W,YGL167C,0,0.4706996,0.1604761928319931,0.6733266711235046,0.3526352643966675
YLL053C,YER167W,0,0.4705922,0.16043798625469208,0.6733266711235046,0.3527352809906006
YMR041C,YHR114W,0,0.4705336,0.16039980947971344,0.6733266711235046,0.3528352975845337
YCR016W,YDR289C,0,0.47049764,0.160361647605896,0.6733266711235046,0.3529352843761444
YLR429W,YKL048C,1,0.47040975,0.16056136786937714,0.6743256449699402,0.3529352843761444
YDR235W,YMR313C,0,0.4702231,0.1605231910943985,0.6743256449699402,0.3530353009700775
YAL048C,YHR146W,0,0.46992007,0.16048501431941986,0.6743256449699402,0.3531353175640106
YLR249W,YLR019W,0,0.4697109,0.1604468673467636,0.6743256449699402,0.3532353341579437
YGL063W,YER005W,0,0.46967357,0.16040875017642975,0.6743256449699402,0.35333532094955444
YBR046C,YLR143W,0,0.46954146,0.1603706330060959,0.6743256449699402,0.35343533754348755
YPL169C,YMR055C,0,0.4692811,0.1603325456380844,0.6743256449699402,0.35353535413742065
YHR154W,YHR138C,0,0.46901143,0.16029447317123413,0.6743256449699402,0.35363537073135376
YEL020W-A,YDR317W,0,0.46882534,0.16025641560554504,0.6743256449699402,0.35373538732528687
YLR215C,YPL013C,0,0.4688016,0.16021837294101715,0.6743256449699402,0.3538353741168976
YKR078W,YFR034C,0,0.46832472,0.16018034517765045,0.6743256449699402,0.3539353907108307
YCL017C,YCL029C,0,0.4680474,0.16014234721660614,0.6743256449699402,0.3540354073047638
YKL043W,YDR168W,0,0.4679848,0.16010436415672302,0.6743256449699402,0.3541354238986969
YGR003W,YML061C,0,0.4678436,0.1600663959980011,0.6743256449699402,0.3542354106903076
YHR103W,YGR208W,0,0.46761334,0.16002844274044037,0.6743256449699402,0.3543354272842407
YDR045C,YGR260W,0,0.46760717,0.15999051928520203,0.6743256449699402,0.35443544387817383
YDR469W,YPL189W,0,0.4675366,0.15995261073112488,0.6743256449699402,0.35453546047210693
YPR037C,YBR212W,0,0.46731204,0.15991471707820892,0.6743256449699402,0.35463547706604004
YKL058W,YPL063W,0,0.46711978,0.15987683832645416,0.6743256449699402,0.35473546385765076
YNL221C,YBL100W-B,0,0.46710873,0.1598389744758606,0.6743256449699402,0.35483548045158386
YPL001W,YLR092W,0,0.4663802,0.15980114042758942,0.6743256449699402,0.35493549704551697
YIL019W,YER060W-A,0,0.46635357,0.15976330637931824,0.6743256449699402,0.3550355136394501
YGR017W,YDR019C,0,0.46620533,0.15972550213336945,0.6743256449699402,0.3551355004310608
YER072W,YJL208C,0,0.4661844,0.15968772768974304,0.6743256449699402,0.3552355170249939
YJL167W,YHR079C-B,0,0.4656809,0.15964995324611664,0.6743256449699402,0.355335533618927
YOR122C,YNL243W,1,0.46553624,0.1598486602306366,0.6753246784210205,0.355335533618927
YNL138W,YLL050C,1,0.46548218,0.1600472778081894,0.676323652267456,0.355335533618927
YIL098C,YDR284C,0,0.4654603,0.1600094586610794,0.676323652267456,0.3554355502128601
YDR100W,YNR059W,0,0.46523428,0.15997163951396942,0.676323652267456,0.3555355668067932
YEL019C,YMR262W,0,0.4651426,0.15993385016918182,0.676323652267456,0.35563555359840393
YDL003W,YPL006W,0,0.46500868,0.15989607572555542,0.676323652267456,0.35573557019233704
YKR052C,YBR301W,0,0.4648221,0.1598583161830902,0.676323652267456,0.35583558678627014
YOR078W,YGL085W,0,0.4647618,0.1598205864429474,0.676323652267456,0.35593560338020325
YKL026C,YDL235C,0,0.46467206,0.15978287160396576,0.676323652267456,0.35603559017181396
YLR411W,YBL031W,0,0.46388766,0.15974515676498413,0.676323652267456,0.35613560676574707
YGR174C,YGR030C,0,0.46384245,0.1597074717283249,0.676323652267456,0.3562356233596802
YDR308C,YNR071C,0,0.4632382,0.15966981649398804,0.676323652267456,0.3563356399536133
YHR061C,YCL014W,1,0.46306872,0.15986795723438263,0.6773226857185364,0.3563356399536133
YGR120C,YMR207C,0,0.46305814,0.1598302721977234,0.6773226857185364,0.3564356565475464
YEL051W,YDR301W,0,0.46291244,0.15979260206222534,0.6773226857185364,0.3565356433391571
YHR006W,YLR093C,0,0.4628259,0.1597549468278885,0.6773226857185364,0.3566356599330902
YJR049C,YNL055C,0,0.46257284,0.15971732139587402,0.6773226857185364,0.3567356765270233
YJL054W,YDR108W,0,0.46218947,0.15967969596385956,0.6773226857185364,0.3568356931209564
YFL005W,YFR024C-A,1,0.46216026,0.15987755358219147,0.6783216595649719,0.3568356931209564
YDL240W,YDR261C,0,0.4618665,0.159839928150177,0.6783216595649719,0.35693567991256714
YNL051W,YAL048C,0,0.46144935,0.15980230271816254,0.6783216595649719,0.35703569650650024
YDL230W,YPR057W,0,0.4612378,0.15976470708847046,0.6783216595649719,0.35713571310043335
YCL029C,YAL028W,0,0.46119517,0.15972712635993958,0.6783216595649719,0.35723572969436646
YLR193C,YBR131W,0,0.46051985,0.15968956053256989,0.6783216595649719,0.35733574628829956
YKR089C,YER109C,0,0.4604413,0.1596520096063614,0.6783216595649719,0.3574357330799103
YPR034W,YDR273W,0,0.4603915,0.1596144735813141,0.6783216595649719,0.3575357496738434
YLR426W,YBR101C,0,0.46033016,0.15957696735858917,0.6783216595649719,0.3576357662677765
YKL197C,YOR060C,0,0.45967877,0.15953947603702545,0.6783216595649719,0.3577357828617096
YCR024C,YMR207C,0,0.45957157,0.15950199961662292,0.6783216595649719,0.3578357696533203
YKL062W,YKR027W,0,0.45912144,0.1594645380973816,0.6783216595649719,0.3579357862472534
YER142C,YGL171W,0,0.45899034,0.15942709147930145,0.6783216595649719,0.3580358028411865
YDR004W,YER178W,0,0.45875967,0.1593896746635437,0.6783216595649719,0.35813581943511963
YEL006W,YPL018W,0,0.458375,0.15935225784778595,0.6783216595649719,0.35823583602905273
YMR175W,YIL167W,0,0.45836455,0.15931487083435059,0.6783216595649719,0.35833582282066345
YDR045C,YCR106W,0,0.4582881,0.15927749872207642,0.6783216595649719,0.35843583941459656
YAR033W,YKL054C,0,0.45795995,0.15924015641212463,0.6783216595649719,0.35853585600852966
YFR024C,YPL021W,0,0.45793056,0.15920281410217285,0.6783216595649719,0.35863587260246277
YFR024C,YNR055C,0,0.4574459,0.15916550159454346,0.6783216595649719,0.3587358593940735
YOR016C,YLR324W,0,0.4570969,0.15912818908691406,0.6783216595649719,0.3588358759880066
YJL026W,YDL211C,0,0.4570234,0.15909090638160706,0.6783216595649719,0.3589358925819397
YHL028W,YLL006W,0,0.45669907,0.15905363857746124,0.6783216595649719,0.3590359091758728
YNL190W,YMR177W,0,0.4562198,0.15901640057563782,0.6783216595649719,0.3591359257698059
YGL061C,YDR080W,0,0.45621684,0.1589791625738144,0.6783216595649719,0.3592359125614166
YNL103W,YPR003C,0,0.45611697,0.15894195437431335,0.6783216595649719,0.35933592915534973
YIL013C,YOR048C,0,0.4551678,0.15890474617481232,0.6783216595649719,0.35943594574928284
YDR189W,YOR110W,0,0.4547971,0.15886756777763367,0.6783216595649719,0.35953596234321594
YOR329C,YDR166C,1,0.4545706,0.15906432271003723,0.6793206930160522,0.35953596234321594
YOL011W,YDR437W,0,0.45388585,0.1590271294116974,0.6793206930160522,0.35963594913482666
YHR185C,YDR127W,0,0.45388246,0.15898995101451874,0.6793206930160522,0.35973596572875977
YGR059W,YGR032W,1,0.4535225,0.15918654203414917,0.6803196668624878,0.35973596572875977
YPL169C,YCR065W,0,0.45338738,0.15914933383464813,0.6803196668624878,0.35983598232269287
YMR101C,YNL023C,0,0.45306358,0.15911215543746948,0.6803196668624878,0.359935998916626
YJL089W,YCR024C,0,0.45284802,0.15907497704029083,0.6803196668624878,0.3600360155105591
YDL012C,YDL102W,0,0.4526052,0.15903782844543457,0.6803196668624878,0.3601360023021698
YOR334W,YOR048C,0,0.45259464,0.1590006947517395,0.6803196668624878,0.3602360188961029
YGL104C,YEL001C,0,0.45252377,0.15896359086036682,0.6803196668624878,0.360336035490036
YFL049W,YGL064C,0,0.4522975,0.15892648696899414,0.6803196668624878,0.3604360520839691
YJL168C,YPR141C,0,0.4517703,0.15888941287994385,0.6803196668624878,0.36053603887557983
YDL230W,YIL148W,0,0.4516148,0.15885233879089355,0.6803196668624878,0.36063605546951294
YDR325W,YBR212W,0,0.45152867,0.15881529450416565,0.6803196668624878,0.36073607206344604
YPL058C,YJR108W,0,0.451487,0.15877826511859894,0.6803196668624878,0.36083608865737915
YDR150W,YDR464W,0,0.4512879,0.15874126553535461,0.6803196668624878,0.36093610525131226
YIL037C,YGR040W,0,0.45102873,0.1587042659521103,0.6803196668624878,0.361036092042923
YER028C,YEL032W,0,0.45093903,0.15866728127002716,0.6803196668624878,0.3611361086368561
YLR093C,YBL091C,0,0.45090643,0.15863032639026642,0.6803196668624878,0.3612361252307892
YOL078W,YMR177W,0,0.4504684,0.15859338641166687,0.6803196668624878,0.3613361418247223
YPL133C,YGR161C,0,0.4504061,0.15855646133422852,0.6803196668624878,0.3614361584186554
YIL038C,YGL058W,0,0.45035017,0.15851955115795135,0.6803196668624878,0.3615361452102661
YBL008W,YJL173C,0,0.45022035,0.1584826558828354,0.6803196668624878,0.3616361618041992
YNL025C,YBL005W,0,0.45012972,0.1584457904100418,0.6803196668624878,0.3617361783981323
YMR234W,YPL117C,0,0.4500251,0.15840892493724823,0.6803196668624878,0.36183619499206543
YPL120W,YLR118C,0,0.44994736,0.15837208926677704,0.6803196668624878,0.36193618178367615
YML061C,YDL102W,0,0.44978738,0.15833526849746704,0.6803196668624878,0.36203619837760925
YLR258W,YPR017C,0,0.4496525,0.15829846262931824,0.6803196668624878,0.36213621497154236
YGR211W,YDR179C,0,0.44960612,0.15826167166233063,0.6803196668624878,0.36223623156547546
YER176W,YMR225C,0,0.44945958,0.1582249104976654,0.6803196668624878,0.36233624815940857
YOL032W,YIL137C,0,0.44927996,0.15818814933300018,0.6803196668624878,0.3624362349510193
YOR156C,YHR080C,0,0.44920772,0.15815141797065735,0.6803196668624878,0.3625362515449524
YER123W,YOR335C,0,0.44872296,0.1581147015094757,0.6803196668624878,0.3626362681388855
YBR091C,YJL196C,0,0.44868785,0.15807799994945526,0.6803196668624878,0.3627362847328186
YDR021W,YGL045W,0,0.44849074,0.158041313290596,0.6803196668624878,0.3628362715244293
YHR106W,YMR035W,0,0.4483648,0.15800464153289795,0.6803196668624878,0.3629362881183624
YDR375C,YPR097W,0,0.4477666,0.15796798467636108,0.6803196668624878,0.36303630471229553
YGL045W,YPL254W,0,0.44658142,0.1579313576221466,0.6803196668624878,0.36313632130622864
YPL239W,YDR437W,0,0.4465484,0.15789473056793213,0.6803196668624878,0.36323633790016174
YNL137C,YIL118W,0,0.44648767,0.15785813331604004,0.6803196668624878,0.36333632469177246
YKL101W,YML052W,1,0.44647354,0.15805330872535706,0.6813187003135681,0.36333632469177246
YNL045W,YDL018C,0,0.44643614,0.15801668167114258,0.6813187003135681,0.36343634128570557
YHR185C,YCR065W,0,0.44636732,0.1579800844192505,0.6813187003135681,0.36353635787963867
YNL271C,YDR166C,1,0.44616964,0.15817508101463318,0.6823176741600037,0.36353635787963867
YBR005W,YMR195W,0,0.4461306,0.1581384539604187,0.6823176741600037,0.3636363744735718
YNL243W,YGL226W,0,0.44605643,0.1581018567085266,0.6823176741600037,0.3637363612651825
YLR404W,YHR149C,1,0.44588494,0.15829668939113617,0.683316707611084,0.3637363612651825
YDR160W,YLR007W,0,0.44546485,0.1582600623369217,0.683316707611084,0.3638363778591156
YOL012C,YGR208W,0,0.4454419,0.1582234501838684,0.683316707611084,0.3639363944530487
YPL193W,YPR046W,0,0.4453019,0.1581868678331375,0.683316707611084,0.3640364110469818
YKR089C,YBR189W,0,0.44487143,0.15815028548240662,0.683316707611084,0.3641364276409149
YDR325W,YJR120W,0,0.44486618,0.1581137329339981,0.683316707611084,0.36423641443252563
YOR195W,YHR133C,0,0.44476599,0.1580771952867508,0.683316707611084,0.36433643102645874
YGL028C,YKL114C,0,0.44442528,0.15804067254066467,0.683316707611084,0.36443644762039185
YJL174W,YDR386W,0,0.44433713,0.15800416469573975,0.683316707611084,0.36453646421432495
YDR268W,YGL061C,0,0.44416907,0.157967671751976,0.683316707611084,0.36463645100593567
YOL154W,YAL007C,0,0.44381088,0.15793119370937347,0.683316707611084,0.3647364675998688
YJL057C,YFR040W,0,0.44379985,0.15789473056793213,0.683316707611084,0.3648364841938019
YOR109W,YBR191W,0,0.44355178,0.15785829722881317,0.683316707611084,0.364936500787735
YLR442C,YCR038C,0,0.44322306,0.1578218787908554,0.683316707611084,0.3650365173816681
YKL129C,YLR150W,0,0.44236785,0.15778546035289764,0.683316707611084,0.3651365041732788
YBR162W-A,YJL003W,0,0.44236258,0.15774907171726227,0.683316707611084,0.3652365207672119
YOR090C,YGL053W,0,0.4415949,0.15771269798278809,0.683316707611084,0.365336537361145
YDR437W,YER032W,0,0.44149622,0.1576763540506363,0.683316707611084,0.3654365539550781
YLR058C,YML076C,0,0.4411596,0.1576400101184845,0.683316707611084,0.36553654074668884
YFL025C,YBR146W,0,0.44115615,0.1576036810874939,0.683316707611084,0.36563655734062195
YEL040W,YBR260C,1,0.44077098,0.15779773890972137,0.6843156814575195,0.36563655734062195
YDR469W,YNL081C,0,0.4407332,0.15776139497756958,0.6843156814575195,0.36573657393455505
YGR004W,YFR025C,0,0.44059938,0.15772508084774017,0.6843156814575195,0.36583659052848816
YEL020W-A,YHR157W,0,0.44049686,0.15768876671791077,0.6843156814575195,0.36593660712242126
YIL014W,YBR003W,0,0.43964037,0.15765246748924255,0.6843156814575195,0.366036593914032
YML052W,YHR161C,1,0.43897104,0.15784630179405212,0.6853147149085999,0.366036593914032
YHR061C,YIL138C,1,0.43891996,0.15804003179073334,0.6863136887550354,0.366036593914032
YDR122W,YML061C,0,0.43886012,0.15800367295742035,0.6863136887550354,0.3661366105079651
YJR153W,YKL138C,0,0.4386741,0.15796734392642975,0.6863136887550354,0.3662366271018982
YHR214W,YOR172W,0,0.43863595,0.15793102979660034,0.6863136887550354,0.3663366436958313
YCR086W,YLL021W,0,0.43854064,0.15789473056793213,0.6863136887550354,0.366436630487442
YNL036W,YGL049C,0,0.4380474,0.1578584611415863,0.6863136887550354,0.3665366470813751
YER041W,YOL012C,0,0.43794614,0.15782219171524048,0.6863136887550354,0.3666366636753082
YPR199C,YGL107C,0,0.4376107,0.15778593719005585,0.6863136887550354,0.36673668026924133
YJL020C,YHR016C,1,0.4374979,0.1579793393611908,0.687312662601471,0.36673668026924133
YMR262W,YDR200C,0,0.43743432,0.15794306993484497,0.687312662601471,0.36683669686317444
YGL093W,YHL006C,0,0.43735874,0.15790681540966034,0.687312662601471,0.36693668365478516
YKR093W,YDR328C,0,0.4371149,0.1578705757856369,0.687312662601471,0.36703670024871826
YKL016C,YBR211C,0,0.43700293,0.15783436596393585,0.687312662601471,0.36713671684265137
YOR119C,YEL039C,0,0.4363613,0.157798171043396,0.687312662601471,0.3672367334365845
YGR202C,YPL006W,0,0.43613964,0.15776197612285614,0.687312662601471,0.3673367202281952
YPR175W,YCR038C,0,0.4359694,0.15772581100463867,0.687312662601471,0.3674367368221283
YNL051W,YKL032C,0,0.43551648,0.1576896607875824,0.687312662601471,0.3675367534160614
YMR158W,YLL057C,0,0.43543494,0.15765352547168732,0.687312662601471,0.3676367700099945
YBR279W,YLR220W,0,0.43524045,0.15761740505695343,0.687312662601471,0.3677367866039276
YMR274C,YBR169C,0,0.43494105,0.15758131444454193,0.687312662601471,0.36783677339553833
YDL243C,YIL096C,0,0.43493265,0.15754522383213043,0.687312662601471,0.36793678998947144
YFR024C,YOL132W,0,0.43477345,0.15750916302204132,0.687312662601471,0.36803680658340454
YPL036W,YKL054C,0,0.43469462,0.1574731022119522,0.687312662601471,0.36813682317733765
YGR060W,YDR301W,0,0.4345907,0.15743707120418549,0.687312662601471,0.36823680996894836
YPR161C,YMR226C,0,0.4345181,0.15740105509757996,0.687312662601471,0.36833682656288147
YHR158C,YJL001W,0,0.43444577,0.15736505389213562,0.687312662601471,0.3684368431568146
YHR120W,YLR115W,0,0.4342066,0.15732906758785248,0.687312662601471,0.3685368597507477
YNL036W,YGL105W,0,0.43406516,0.15729309618473053,0.687312662601471,0.3686368763446808
YPR174C,YHR157W,0,0.4339462,0.15725713968276978,0.687312662601471,0.3687368631362915
YAL002W,YAR042W,0,0.43362105,0.1572212129831314,0.687312662601471,0.3688368797302246
YOR009W,YPL117C,0,0.4334652,0.15718528628349304,0.687312662601471,0.3689368963241577
YGR193C,YPL006W,0,0.43325645,0.15714938938617706,0.687312662601471,0.3690369129180908
YMR040W,YOR259C,0,0.43324193,0.15711349248886108,0.687312662601471,0.36913689970970154
YJL013C,YHL015W,0,0.43316996,0.1570776253938675,0.687312662601471,0.36923691630363464
YER008C,YBL047C,1,0.43259713,0.15727002918720245,0.6883116960525513,0.36923691630363464
YDR098C,YGR122W,0,0.4325874,0.15723413228988647,0.6883116960525513,0.36933693289756775
YER179W,YCL044C,0,0.4323896,0.15719826519489288,0.6883116960525513,0.36943694949150085
YPR128C,YIL144W,0,0.43231487,0.15716241300106049,0.6883116960525513,0.36953696608543396
YGR283C,YGR122W,0,0.43214327,0.1571265608072281,0.6883116960525513,0.3696369528770447
YPL210C,YNR052C,0,0.43201405,0.15709073841571808,0.6883116960525513,0.3697369694709778
YNL103W,YDR276C,0,0.43196616,0.15705493092536926,0.6883116960525513,0.3698369860649109
YNR055C,YER032W,0,0.4317552,0.15701913833618164,0.6883116960525513,0.369937002658844
YHR111W,YDR300C,0,0.43127418,0.1569833606481552,0.6883116960525513,0.3700369894504547
YDR439W,YCR024C,0,0.43065986,0.15694761276245117,0.6883116960525513,0.3701370060443878
YJR102C,YGL045W,0,0.43047786,0.15691186487674713,0.6883116960525513,0.3702370226383209
YFR047C,YER072W,0,0.43033367,0.15687613189220428,0.6883116960525513,0.37033703923225403
YJL012C,YBL014C,0,0.43006936,0.15684042870998383,0.6883116960525513,0.37043705582618713
YOR250C,YDR087C,0,0.42974588,0.15680474042892456,0.6883116960525513,0.37053704261779785
YGL098W,YPL100W,0,0.42962903,0.1567690521478653,0.6883116960525513,0.37063705921173096
YFR014C,YGL240W,0,0.42949706,0.15673339366912842,0.6883116960525513,0.37073707580566406
YLR006C,YPR133C,0,0.4293707,0.15669775009155273,0.6883116960525513,0.37083709239959717
YNL138W,YOR122C,1,0.42931014,0.15688949823379517,0.6893106698989868,0.37083709239959717
YIL119C,YLR363C,0,0.42925927,0.1568538248538971,0.6893106698989868,0.3709370791912079
YOR032C,YPL117C,0,0.42924762,0.1568181812763214,0.6893106698989868,0.371037095785141
YHL038C,YER127W,0,0.42921156,0.15678255259990692,0.6893106698989868,0.3711371123790741
YIL056W,YBL007C,0,0.42914283,0.15674693882465363,0.6893106698989868,0.3712371289730072
YLR044C,YFR050C,0,0.42894828,0.15671133995056152,0.6893106698989868,0.3713371455669403
YHR006W,YDL102W,0,0.4288259,0.15667575597763062,0.6893106698989868,0.371437132358551
YKL110C,YNL036W,0,0.42880872,0.1566401869058609,0.6893106698989868,0.37153714895248413
YNL056W,YMR035W,0,0.42875433,0.15660463273525238,0.6893106698989868,0.37163716554641724
YBL047C,YKL007W,1,0.42867607,0.15679600834846497,0.6903097033500671,0.37163716554641724
YER100W,YGR055W,0,0.42834032,0.15676043927669525,0.6903097033500671,0.37173718214035034
YIL120W,YPL248C,0,0.428334,0.15672488510608673,0.6903097033500671,0.37183716893196106
YPR161C,YDL139C,0,0.4282379,0.1566893458366394,0.6903097033500671,0.37193718552589417
YLR249W,YER129W,0,0.427727,0.15665382146835327,0.6903097033500671,0.37203720211982727
YPL138C,YDR430C,0,0.4276961,0.15661831200122833,0.6903097033500671,0.3721372187137604
YHR214W,YBL100W-B,0,0.4273759,0.1565828174352646,0.6903097033500671,0.3722372353076935
YHR149C,YOR181W,1,0.42661422,0.1567738950252533,0.6913086771965027,0.3722372353076935
YDR127W,YML098W,0,0.42652658,0.15673838555812836,0.6913086771965027,0.3723372220993042
YJL021C,YLR345W,0,0.42629737,0.1567029058933258,0.6913086771965027,0.3724372386932373
YOR193W,YJL216C,0,0.42577714,0.15666742622852325,0.6913086771965027,0.3725372552871704
YIL107C,YGL231C,0,0.4256793,0.1566319614648819,0.6913086771965027,0.3726372718811035
YDR200C,YGL194C,0,0.42566943,0.15659651160240173,0.6913086771965027,0.3727372884750366
YEL005C,YPL117C,0,0.42548186,0.15656109154224396,0.6913086771965027,0.37283727526664734
YIL056W,YLR384C,0,0.42524597,0.15652567148208618,0.6913086771965027,0.37293729186058044
YLR247C,YMR074C,0,0.4245058,0.1564902812242508,0.6913086771965027,0.37303730845451355
YKL155C,YER108C,0,0.4239924,0.1564548909664154,0.6913086771965027,0.37313732504844666
YPL280W,YPL225W,0,0.42367446,0.1564195305109024,0.6913086771965027,0.3732373118400574
YOR250C,YPR100W,0,0.42355108,0.1563841849565506,0.6913086771965027,0.3733373284339905
YHR024C,YMR183C,0,0.42302275,0.15634885430335999,0.6913086771965027,0.3734373450279236
YHR006W,YMR220W,0,0.42249697,0.15631352365016937,0.6913086771965027,0.3735373616218567
YJR042W,YOL126C,0,0.42244023,0.15627822279930115,0.6913086771965027,0.3736373782157898
YPL141C,YHR110W,0,0.42243737,0.15624293684959412,0.6913086771965027,0.3737373650074005
YLR011W,YER155C,0,0.42241248,0.15620768070220947,0.6913086771965027,0.3738373816013336
YOL020W,YOL042W,0,0.42176595,0.15617242455482483,0.6913086771965027,0.3739373981952667
YPR188C,YOR181W,1,0.42131278,0.15636281669139862,0.692307710647583,0.3739373981952667
YDR165W,YGL240W,0,0.42121264,0.15632754564285278,0.692307710647583,0.37403741478919983
YLR220W,YCR044C,0,0.42110193,0.15629228949546814,0.692307710647583,0.37413740158081055
YBR119W,YGL240W,0,0.4209896,0.1562570482492447,0.692307710647583,0.37423741817474365
YGL231C,YEL006W,0,0.4206341,0.15622182190418243,0.692307710647583,0.37433743476867676
YJL181W,YOR192C,0,0.4200418,0.15618661046028137,0.692307710647583,0.37443745136260986
YOR002W,YPL183C,0,0.41980332,0.1561514139175415,0.692307710647583,0.37453746795654297
YML023C,YDR471W,0,0.41971916,0.15611624717712402,0.692307710647583,0.3746374547481537
YDR080W,YER071C,0,0.4197149,0.15608108043670654,0.692307710647583,0.3747374713420868
YFR038W,YDL087C,0,0.4194116,0.15604592859745026,0.692307710647583,0.3748374879360199
YLR258W,YLR052W,0,0.41928935,0.15601080656051636,0.692307710647583,0.374937504529953
YML016C,YIL123W,0,0.4190706,0.15597569942474365,0.692307710647583,0.3750374913215637
YHR120W,YNL118C,0,0.41898,0.15594059228897095,0.692307710647583,0.3751375079154968
YCL029C,YPL043W,0,0.41850108,0.15590551495552063,0.692307710647583,0.37523752450942993
YJL174W,YPL221W,0,0.41848385,0.1558704525232315,0.692307710647583,0.37533754110336304
YDR350C,YDR464W,0,0.4183436,0.15583539009094238,0.692307710647583,0.37543755769729614
YCR036W,YJL180C,0,0.41815507,0.15580035746097565,0.692307710647583,0.37553754448890686
YNL180C,YOR060C,0,0.4175393,0.1557653397321701,0.692307710647583,0.37563756108283997
YDR367W,YEL019C,0,0.41703314,0.15573033690452576,0.692307710647583,0.37573757767677307
YGR211W,YHR080C,0,0.41667792,0.1556953489780426,0.692307710647583,0.3758375942707062
YHR035W,YLR223C,0,0.41665444,0.15566037595272064,0.692307710647583,0.3759375810623169
YLR337C,YFL039C,1,0.41624627,0.15584999322891235,0.6933066844940186,0.3759375810623169
YDR545W,YGL219C,0,0.41620958,0.155814990401268,0.6933066844940186,0.37603759765625
YPL141C,YER015W,0,0.41620368,0.15578001737594604,0.6933066844940186,0.3761376142501831
YGL070C,YGL240W,0,0.41599354,0.15574505925178528,0.6933066844940186,0.3762376308441162
YPL105C,YDL175C,0,0.41583022,0.1557101160287857,0.6933066844940186,0.3763376474380493
YBL100W-B,YOR048C,0,0.41537452,0.15567518770694733,0.6933066844940186,0.37643763422966003
YMR055C,YPL176C,0,0.41535455,0.15564027428627014,0.6933066844940186,0.37653765082359314
YGR254W,YBR114W,0,0.41520134,0.15560537576675415,0.6933066844940186,0.37663766741752625
YPR188C,YDL100C,0,0.41518635,0.15557050704956055,0.6933066844940186,0.37673768401145935
YGR212W,YKR031C,0,0.4151112,0.15553563833236694,0.6933066844940186,0.37683767080307007
YKR053C,YIL053W,0,0.41509664,0.15550078451633453,0.6933066844940186,0.3769376873970032
YOR156C,YCR065W,0,0.41497293,0.15546594560146332,0.6933066844940186,0.3770377039909363
YJR102C,YHR014W,0,0.41476616,0.1554311364889145,0.6933066844940186,0.3771377205848694
YBL007C,YNL233W,1,0.4147169,0.1556202471256256,0.6943057179450989,0.3771377205848694
YDR129C,YOR329C,1,0.41435647,0.15580926835536957,0.6953046917915344,0.3771377205848694
YOL069W,YMR153W,0,0.41430724,0.15577439963817596,0.6953046917915344,0.3772377371788025
YJL127C,YNL194C,0,0.4140598,0.15573954582214355,0.6953046917915344,0.3773377239704132
YJR049C,YBR208C,0,0.4139035,0.15570469200611115,0.6953046917915344,0.3774377405643463
YAL002W,YGR170W,0,0.4131831,0.15566986799240112,0.6953046917915344,0.3775377571582794
YGL189C,YHL050C,0,0.41312155,0.1556350588798523,0.6953046917915344,0.3776377737522125
YCL016C,YDR135C,0,0.41296214,0.15560026466846466,0.6953046917915344,0.37773776054382324
YGR204W,YJR153W,0,0.41217002,0.15556548535823822,0.6953046917915344,0.37783777713775635
YDL093W,YBL100W-B,0,0.41212684,0.15553072094917297,0.6953046917915344,0.37793779373168945
YHR009C,YOR110W,0,0.4117789,0.15549597144126892,0.6953046917915344,0.37803781032562256
YPR097W,YER015W,0,0.4116937,0.15546125173568726,0.6953046917915344,0.37813782691955566
YIL144W,YJL197W,0,0.4116668,0.1554265320301056,0.6953046917915344,0.3782378137111664
YOR266W,YCL001W,0,0.41156015,0.15539182722568512,0.6953046917915344,0.3783378303050995
YHL038C,YKL058W,0,0.41147757,0.15535713732242584,0.6953046917915344,0.3784378468990326
YOR247W,YPR046W,0,0.41087732,0.15532247722148895,0.6953046917915344,0.3785378634929657
YKL032C,YGR040W,0,0.41056597,0.15528781712055206,0.6953046917915344,0.3786378502845764
YPL234C,YDR430C,0,0.4104488,0.15525317192077637,0.6953046917915344,0.3787378668785095
YOR241W,YPL075W,0,0.41008782,0.15521855652332306,0.6953046917915344,0.3788378834724426
YNL298W,YHR023W,1,0.40971044,0.1554069072008133,0.6963037252426147,0.3788378834724426
YHR185C,YMR275C,0,0.4097093,0.1553722620010376,0.6963037252426147,0.37893790006637573
YBL056W,YGR204W,0,0.40956265,0.1553376466035843,0.6963037252426147,0.37903791666030884
YOL009C,YBR208C,0,0.40930262,0.15530303120613098,0.6963037252426147,0.37913790345191956
YIL154C,YKL138C,0,0.40911573,0.15526843070983887,0.6963037252426147,0.37923792004585266
YNL240C,YLL014W,0,0.40845293,0.15523386001586914,0.6963037252426147,0.37933793663978577
YDR407C,YHR001W-A,0,0.408437,0.15519928932189941,0.6963037252426147,0.37943795323371887
YCR036W,YLR068W,0,0.40809247,0.15516473352909088,0.6963037252426147,0.3795379400253296
YHR035W,YNL173C,0,0.4080339,0.15513020753860474,0.6963037252426147,0.3796379566192627
YKL016C,YGR122W,0,0.4080283,0.1550956815481186,0.6963037252426147,0.3797379732131958
YPR106W,YDR160W,0,0.40743,0.15506118535995483,0.6963037252426147,0.3798379898071289
YJR102C,YHL035C,0,0.40727136,0.15502668917179108,0.6963037252426147,0.379938006401062
YCL039W,YBR193C,0,0.40705192,0.1549922227859497,0.6963037252426147,0.38003799319267273
YJR150C,YEL051W,0,0.40689707,0.15495775640010834,0.6963037252426147,0.38013800978660583
YIL118W,YDR439W,0,0.4068485,0.15492331981658936,0.6963037252426147,0.38023802638053894
YHR185C,YGR217W,0,0.40665394,0.15488888323307037,0.6963037252426147,0.38033804297447205
YOR273C,YDL046W,0,0.406532,0.15485447645187378,0.6963037252426147,0.38043802976608276
YNL271C,YDR379W,1,0.40642962,0.15504220128059387,0.6973026990890503,0.38043802976608276
YDR350C,YLR451W,0,0.40630823,0.15500777959823608,0.6973026990890503,0.38053804636001587
YLR313C,YLL038C,1,0.40626463,0.15519538521766663,0.6983016729354858,0.38053804636001587
YIL147C,YHR020W,0,0.40563583,0.15516093373298645,0.6983016729354858,0.380638062953949
YGR055W,YDR407C,0,0.40554798,0.15512649714946747,0.6983016729354858,0.3807380795478821
YBR279W,YHR009C,0,0.40535164,0.15509207546710968,0.6983016729354858,0.3808380961418152
YML101C,YLR055C,0,0.40476668,0.15505766868591309,0.6983016729354858,0.3809380829334259
YOL126C,YGL195W,0,0.4045434,0.15502329170703888,0.6983016729354858,0.381038099527359
YJL186W,YJL094C,0,0.4044361,0.15498891472816467,0.6983016729354858,0.3811381161212921
YHL025W,YDL087C,0,0.40433857,0.15495455265045166,0.6983016729354858,0.3812381327152252
YHR108W,YDR212W,0,0.40339977,0.15492020547389984,0.6983016729354858,0.38133811950683594
YGL067W,YHR114W,0,0.40315852,0.1548858880996704,0.6983016729354858,0.38143813610076904
YKR007W,YBL038W,0,0.40312845,0.15485157072544098,0.6983016729354858,0.38153815269470215
YKL110C,YOR113W,0,0.402978,0.15481728315353394,0.6983016729354858,0.38163816928863525
YLR220W,YEL006W,0,0.4027174,0.1547829955816269,0.6983016729354858,0.38173818588256836
YFR024C,YER129W,0,0.4026685,0.15474872291088104,0.6983016729354858,0.3818381726741791
YEL051W,YKR083C,0,0.40251213,0.15471448004245758,0.6983016729354858,0.3819381892681122
YOR380W,YNL024C,0,0.4024196,0.15468023717403412,0.6983016729354858,0.3820382058620453
YNL251C,YOR330C,0,0.40230146,0.15464602410793304,0.6983016729354858,0.3821382224559784
YOR049C,YBR089C-A,0,0.40213534,0.15461181104183197,0.6983016729354858,0.3822382092475891
YMR243C,YIL062C,0,0.40143922,0.15457762777805328,0.6983016729354858,0.3823382258415222
YPL171C,YGL171W,0,0.40133715,0.1545434445142746,0.6983016729354858,0.3824382424354553
YML004C,YDL102W,0,0.4011654,0.1545092910528183,0.6983016729354858,0.3825382590293884
YKL043W,YHR138C,0,0.40115386,0.154475137591362,0.6983016729354858,0.38263827562332153
YKL145W,YOR110W,0,0.4005069,0.1544410139322281,0.6983016729354858,0.38273826241493225
YMR220W,YCR018C,0,0.40047377,0.15440689027309418,0.6983016729354858,0.38283827900886536
YGR253C,YBL047C,0,0.40046898,0.15437279641628265,0.6983016729354858,0.38293829560279846
YHR037W,YEL044W,0,0.4004039,0.15433870255947113,0.6983016729354858,0.38303831219673157
YOR117W,YDR005C,0,0.40012103,0.154304638504982,0.6983016729354858,0.3831382989883423
YGL070C,YNL181W,0,0.3995793,0.15427057445049286,0.6983016729354858,0.3832383155822754
YPL105C,YMR091C,0,0.39957634,0.1542365401983261,0.6983016729354858,0.3833383321762085
YKL101W,YLL038C,1,0.39899176,0.15442311763763428,0.6993007063865662,0.3833383321762085
YCL017C,YJL167W,0,0.39875823,0.15438905358314514,0.6993007063865662,0.3834383487701416
YNL059C,YLR001C,0,0.39862996,0.1543550193309784,0.6993007063865662,0.3835383653640747
YLL018C,YPL061W,0,0.3974036,0.15432098507881165,0.6993007063865662,0.3836383521556854
YDR213W,YGR003W,0,0.3968515,0.15428698062896729,0.6993007063865662,0.38373836874961853
YOR266W,YPR199C,0,0.3966966,0.15425297617912292,0.6993007063865662,0.38383838534355164
YML061C,YOR157C,0,0.3966105,0.15421898663043976,0.6993007063865662,0.38393840193748474
YNR024W,YPL049C,0,0.39595687,0.15418502688407898,0.6993007063865662,0.38403841853141785
YDL113C,YGR040W,0,0.39578456,0.1541510671377182,0.6993007063865662,0.38413840532302856
YLR377C,YBR279W,0,0.3956677,0.15411712229251862,0.6993007063865662,0.38423842191696167
YKR079C,YDL145C,0,0.39556134,0.15408320724964142,0.6993007063865662,0.3843384385108948
YKL132C,YER167W,0,0.3953298,0.15404929220676422,0.6993007063865662,0.3844384551048279
YDL161W,YNL194C,1,0.3953279,0.15423542261123657,0.7002996802330017,0.3844384551048279
YOR329C,YPR188C,1,0.39519864,0.15442146360874176,0.701298713684082,0.3844384551048279
YPR007C,YBL025W,0,0.39474487,0.15438750386238098,0.701298713684082,0.3845384418964386
YGR005C,YNL216W,0,0.39473423,0.1543535590171814,0.701298713684082,0.3846384584903717
YCR107W,YPL100W,0,0.3942537,0.154319629073143,0.701298713684082,0.3847384750843048
YIL036W,YOR032C,0,0.3938965,0.1542857140302658,0.701298713684082,0.3848384916782379
YKL194C,YKL196C,0,0.39385575,0.1542518138885498,0.701298713684082,0.384938508272171
YDR256C,YOR156C,0,0.3938539,0.154217928647995,0.701298713684082,0.38503849506378174
YGL231C,YMR002W,0,0.3935417,0.15418405830860138,0.701298713684082,0.38513851165771484
YDR007W,YPL097W,0,0.39345333,0.15415020287036896,0.701298713684082,0.38523852825164795
YLR083C,YOR079C,0,0.39342824,0.15411636233329773,0.701298713684082,0.38533854484558105
YIL106W,YNL059C,0,0.39264187,0.1540825217962265,0.701298713684082,0.3854385316371918
YPL140C,YNL161W,0,0.39251202,0.15404871106147766,0.701298713684082,0.3855385482311249
YAL015C,YJR027W,0,0.39245883,0.15401491522789001,0.701298713684082,0.385638564825058
YML133C,YDL134C,0,0.39209697,0.15398113429546356,0.701298713684082,0.3857385814189911
YMR175W,YLR323C,0,0.3918342,0.1539473682641983,0.701298713684082,0.3858385980129242
YOR320C,YMR183C,0,0.39158824,0.15391361713409424,0.701298713684082,0.3859385848045349
YGL243W,YLR055C,0,0.3910139,0.15387988090515137,0.701298713684082,0.386038601398468
YML057W,YBR248C,0,0.39077526,0.1538461595773697,0.701298713684082,0.3861386179924011
YMR192W,YNR053C,0,0.3904507,0.153812438249588,0.701298713684082,0.38623863458633423
YEL027W,YPL018W,0,0.38966906,0.15377874672412872,0.701298713684082,0.38633862137794495
YGL189C,YML055W,0,0.3895377,0.15374507009983063,0.701298713684082,0.38643863797187805
YKL129C,YDR395W,0,0.3890748,0.15371140837669373,0.701298713684082,0.38653865456581116
YCL068C,YDR303C,0,0.38891608,0.15367776155471802,0.701298713684082,0.38663867115974426
YDL240W,YGR040W,0,0.38847357,0.1536441296339035,0.701298713684082,0.38673868775367737
YML011C,YDL149W,0,0.38775766,0.153610497713089,0.701298713684082,0.3868386745452881
YML041C,YFR016C,0,0.38771853,0.15357689559459686,0.701298713684082,0.3869386911392212
YLR361C,YGL045W,0,0.38761282,0.15354330837726593,0.701298713684082,0.3870387077331543
YMR101C,YPR057W,0,0.38729072,0.1535097360610962,0.701298713684082,0.3871387243270874
YJL167W,YKL052C,0,0.38654995,0.15347616374492645,0.701298713684082,0.3872387111186981
YDR166C,YDR388W,1,0.3859181,0.15366120636463165,0.7022976875305176,0.3872387111186981
YIL036W,YAL007C,0,0.38575885,0.15362761914730072,0.7022976875305176,0.3873387277126312
YOL121C,YDR397C,0,0.38550264,0.15359406173229218,0.7022976875305176,0.38743874430656433
YBR162W-A,YML055W,0,0.38544258,0.15356050431728363,0.7022976875305176,0.38753876090049744
YHL050C,YGL240W,0,0.38524538,0.15352697670459747,0.7022976875305176,0.38763877749443054
YAL026C,YGL240W,0,0.3851894,0.15349344909191132,0.7022976875305176,0.38773876428604126
YER063W,YGL192W,0,0.38482076,0.15345993638038635,0.7022976875305176,0.38783878087997437
YOL020W,YDL087C,0,0.38480592,0.15342645347118378,0.7022976875305176,0.38793879747390747
YGR059W,YIL034C,1,0.38407165,0.1536111682653427,0.7032967209815979,0.38793879747390747
YBR043C,YLR384C,0,0.38399187,0.15357765555381775,0.7032967209815979,0.3880388140678406
YBL061C,YPL074W,1,0.38379973,0.15376226603984833,0.7042956948280334,0.3880388140678406
YLR319C,YBL047C,1,0.38372698,0.15394680202007294,0.7052947282791138,0.3880388140678406
YNL138W,YDR150W,1,0.38351348,0.1541312336921692,0.7062937021255493,0.3880388140678406
YGL006W,YJL001W,0,0.3834891,0.15409764647483826,0.7062937021255493,0.3881388008594513
YPR175W,YBL005W,0,0.38328665,0.15406405925750732,0.7062937021255493,0.3882388174533844
YJR108W,YKR095W,0,0.38301653,0.15403050184249878,0.7062937021255493,0.3883388340473175
YJR090C,YLR404W,1,0.3828085,0.1542147696018219,0.7072927355766296,0.3883388340473175
YIL159W,YDR510W,1,0.38270545,0.15439894795417786,0.7082917094230652,0.3883388340473175
YGL151W,YER015W,0,0.3825424,0.15436534583568573,0.7082917094230652,0.3884388506412506
YDL160C,YJL212C,0,0.38239336,0.1543317437171936,0.7082917094230652,0.3885388672351837
YCR045C,YNL029C,0,0.38181567,0.15429815649986267,0.7082917094230652,0.38863885402679443
YCL048W,YBL091C,0,0.38155848,0.15426458418369293,0.7082917094230652,0.38873887062072754
YLR085C,YEL048C,0,0.38108546,0.1542310267686844,0.7082917094230652,0.38883888721466064
YML045W,YDL102W,0,0.380628,0.15419748425483704,0.7082917094230652,0.38893890380859375
YGL063W,YPL021W,0,0.38045165,0.15416394174098969,0.7082917094230652,0.38903889060020447
YFL061W,YOL116W,0,0.38014513,0.15413042902946472,0.7082917094230652,0.3891389071941376
YKL145W,YCR063W,0,0.38012293,0.15409693121910095,0.7082917094230652,0.3892389237880707
YPR154W,YHR037W,0,0.37967238,0.15406344830989838,0.7082917094230652,0.3893389403820038
YHR210C,YPL161C,0,0.3796591,0.154029980301857,0.7082917094230652,0.3894389569759369
YLL066C,YGL061C,0,0.3794341,0.1539965271949768,0.7082917094230652,0.3895389437675476
YDR100W,YMR262W,0,0.37902457,0.1539630889892578,0.7082917094230652,0.3896389603614807
YDR168W,YPL161C,0,0.37888724,0.15392965078353882,0.7082917094230652,0.3897389769554138
YDR040C,YPL173W,0,0.37876242,0.1538962423801422,0.7082917094230652,0.3898389935493469
YIL159W,YGR241C,1,0.3783899,0.1540798544883728,0.7092906832695007,0.3898389935493469
YML120C,YCL051W,0,0.3783787,0.154046431183815,0.7092906832695007,0.38993898034095764
YNL214W,YDR317W,0,0.37825832,0.1540130078792572,0.7092906832695007,0.39003899693489075
YER031C,YDL220C,0,0.3779586,0.1539796143770218,0.7092906832695007,0.39013901352882385
YJL096W,YJL196C,0,0.37788075,0.15394622087478638,0.7092906832695007,0.39023903012275696
YOR091W,YOR192C,0,0.37781864,0.15391285717487335,0.7092906832695007,0.39033904671669006
YPL168W,YGL049C,0,0.37774476,0.15387949347496033,0.7092906832695007,0.3904390335083008
YJL054W,YNR019W,0,0.37769294,0.1538461595773697,0.7092906832695007,0.3905390501022339
YIL068C,YPL074W,1,0.377529,0.1540294587612152,0.710289716720581,0.3905390501022339
YDL123W,YJL083W,0,0.3771776,0.15399609506130219,0.710289716720581,0.390639066696167
YDL175C,YOR264W,0,0.37703985,0.15396276116371155,0.710289716720581,0.3907390832901001
YBR054W,YIL096C,0,0.3766105,0.1539294272661209,0.710289716720581,0.3908390700817108
YPL209C,YHR148W,0,0.3764748,0.15389610826969147,0.710289716720581,0.3909390866756439
YNL062C,YKL077W,0,0.37642878,0.15386280417442322,0.710289716720581,0.391039103269577
YNL167C,YHL021C,0,0.37637013,0.15382951498031616,0.710289716720581,0.39113911986351013
YHR120W,YBR090C-A,0,0.37631434,0.1537962406873703,0.710289716720581,0.39123913645744324
YER007C-A,YNL036W,0,0.3761496,0.15376298129558563,0.710289716720581,0.39133912324905396
YIL119C,YDR204W,0,0.37565324,0.15372973680496216,0.710289716720581,0.39143913984298706
YBL080C,YER028C,0,0.37510738,0.15369649231433868,0.710289716720581,0.39153915643692017
YHR035W,YCL067C,0,0.3745336,0.1536632776260376,0.710289716720581,0.39163917303085327
YPR095C,YDR039C,0,0.37444466,0.1536300778388977,0.710289716720581,0.391739159822464
YER056C,YGR120C,0,0.37432918,0.153596892952919,0.710289716720581,0.3918391764163971
YER102W,YHL050C,0,0.37420675,0.1535637080669403,0.710289716720581,0.3919391930103302
YCL051W,YPL130W,0,0.37420583,0.153530552983284,0.710289716720581,0.3920392096042633
YGL070C,YLR092W,0,0.37407416,0.15349741280078888,0.710289716720581,0.3921392261981964
YKL149C,YNL161W,0,0.37393737,0.15346427261829376,0.710289716720581,0.39223921298980713
YCR024C,YNL278W,0,0.37345123,0.15343116223812103,0.710289716720581,0.39233922958374023
YGR181W,YOR109W,0,0.37288254,0.1533980518579483,0.710289716720581,0.39243924617767334
YGR235C,YBR086C,0,0.37278834,0.15336497128009796,0.710289716720581,0.39253926277160645
YCL029C,YDR023W,0,0.37225616,0.15333189070224762,0.710289716720581,0.39263924956321716
YPL239W,YFR030W,0,0.3721957,0.15329883992671967,0.710289716720581,0.39273926615715027
YBR272C,YIR031C,0,0.37204343,0.1532657891511917,0.710289716720581,0.3928392827510834
YOR192C,YBR119W,0,0.37162286,0.15323275327682495,0.710289716720581,0.3929392993450165
YPL168W,YCR035C,0,0.37153864,0.15319974720478058,0.710289716720581,0.3930393159389496
YNL263C,YGL198W,0,0.37126356,0.1531667411327362,0.710289716720581,0.3931393027305603
YPR173C,YDR516C,0,0.37122387,0.15313374996185303,0.710289716720581,0.3932393193244934
YGR060W,YPR068C,0,0.3711175,0.15310077369213104,0.710289716720581,0.3933393359184265
YJR041C,YMR262W,0,0.37107742,0.15306781232357025,0.710289716720581,0.3934393525123596
YDR057W,YKL099C,0,0.37085393,0.15303486585617065,0.710289716720581,0.39353933930397034
YJR048W,YLR288C,0,0.37055737,0.15300193428993225,0.710289716720581,0.39363935589790344
YNL167C,YIL068C,0,0.3704759,0.15296901762485504,0.710289716720581,0.39373937249183655
YDL230W,YNL068C,0,0.36975527,0.15293611586093903,0.710289716720581,0.39383938908576965
YMR110C,YHR037W,0,0.36954054,0.1529032289981842,0.710289716720581,0.39393940567970276
YJR118C,YGL231C,0,0.369291,0.15287035703659058,0.710289716720581,0.3940393924713135
YPL141C,YDR023W,0,0.36927393,0.15283748507499695,0.710289716720581,0.3941394090652466
YIL147C,YPL100W,0,0.36924785,0.1528046429157257,0.710289716720581,0.3942394256591797
YLR347C,YIL053W,0,0.3688712,0.15277181565761566,0.710289716720581,0.3943394422531128
YBR003W,YNR030W,0,0.36871922,0.15273898839950562,0.710289716720581,0.3944394290447235
YAR033W,YOR117W,0,0.36866713,0.15270619094371796,0.710289716720581,0.3945394456386566
YFR024C-A,YJL001W,0,0.3683981,0.1526733934879303,0.710289716720581,0.3946394622325897
YPL168W,YAL026C,0,0.36838865,0.15264061093330383,0.710289716720581,0.3947394788265228
YLL057C,YBR121C,0,0.36834937,0.15260785818099976,0.710289716720581,0.39483949542045593
YGR235C,YAL011W,0,0.36825925,0.15257510542869568,0.710289716720581,0.39493948221206665
YNL190W,YHR111W,0,0.36825755,0.1525423675775528,0.710289716720581,0.39503949880599976
YKL048C,YJR092W,1,0.36813465,0.15272414684295654,0.7112886905670166,0.39503949880599976
YLR075W,YNR059W,0,0.3681323,0.15269139409065247,0.7112886905670166,0.39513951539993286
YGR174C,YPR133C,0,0.3679761,0.15265865623950958,0.7112886905670166,0.39523953199386597
YHR035W,YIL053W,0,0.36746496,0.1526259332895279,0.7112886905670166,0.3953395485877991
YDR178W,YPR057W,0,0.36731875,0.1525932252407074,0.7112886905670166,0.3954395353794098
YOR372C,YOR357C,0,0.36692822,0.1525605320930481,0.7112886905670166,0.3955395519733429
YKL069W,YDR091C,0,0.36686933,0.15252785384655,0.7112886905670166,0.395639568567276
YOR227W,YCR063W,0,0.36608708,0.15249517560005188,0.7112886905670166,0.3957395851612091
YMR118C,YNL118C,0,0.36592555,0.15246252715587616,0.7112886905670166,0.3958395719528198
YBR180W,YMR131C,0,0.36578652,0.15242989361286163,0.7112886905670166,0.39593958854675293
YOL020W,YLR345W,0,0.36569557,0.1523972600698471,0.7112886905670166,0.39603960514068604
YDL091C,YAL056W,0,0.36565802,0.15236464142799377,0.7112886905670166,0.39613962173461914
YGL076C,YHL050C,0,0.36547515,0.15233205258846283,0.7112886905670166,0.39623963832855225
YML107C,YJR035W,0,0.3653022,0.15229946374893188,0.7112886905670166,0.39633962512016296
YJR118C,YGL194C,0,0.3652619,0.15226688981056213,0.7112886905670166,0.39643964171409607
YNL183C,YFR024C-A,0,0.36503497,0.15223434567451477,0.7112886905670166,0.3965396583080292
YGL073W,YKL026C,0,0.3648808,0.1522018015384674,0.7112886905670166,0.3966396749019623
YDR490C,YML061C,0,0.36457324,0.15216927230358124,0.7112886905670166,0.396739661693573
YPL141C,YOR136W,0,0.36451477,0.15213675796985626,0.7112886905670166,0.3968396782875061
YJL179W,YMR207C,0,0.3644969,0.15210425853729248,0.7112886905670166,0.3969396948814392
YDR375C,YDL093W,0,0.36445853,0.1520717591047287,0.7112886905670166,0.3970397114753723
YBR114W,YKR052C,0,0.3643967,0.1520392894744873,0.7112886905670166,0.3971397280693054
YNL250W,YKL029C,0,0.36428863,0.1520068347454071,0.7112886905670166,0.39723971486091614
YOR087W,YLR223C,0,0.36377624,0.1519743800163269,0.7112886905670166,0.39733973145484924
YPR067W,YPL233W,0,0.36362192,0.1519419550895691,0.7112886905670166,0.39743974804878235
YGR235C,YER108C,0,0.36313438,0.15190953016281128,0.7112886905670166,0.39753976464271545
YOR136W,YGL061C,0,0.36265078,0.15187713503837585,0.7112886905670166,0.39763975143432617
YAL002W,YNR030W,0,0.36243808,0.15184473991394043,0.7112886905670166,0.3977397680282593
YIR019C,YBL031W,0,0.36239794,0.1518123596906662,0.7112886905670166,0.3978397846221924
YMR274C,YHR005C,0,0.36221325,0.15178000926971436,0.7112886905670166,0.3979398012161255
YKL194C,YNL055C,0,0.362212,0.1517476588487625,0.7112886905670166,0.3980398178100586
YKR049C,YNL118C,0,0.36149567,0.15171532332897186,0.7112886905670166,0.3981398046016693
YNR048W,YPL145C,0,0.36145955,0.1516830027103424,0.7112886905670166,0.3982398211956024
YDR190C,YGR142W,0,0.36137074,0.15165069699287415,0.7112886905670166,0.3983398377895355
YKR079C,YER155C,0,0.36137003,0.15161839127540588,0.7112886905670166,0.39843985438346863
YDR287W,YLR259C,0,0.3610809,0.15158611536026,0.7112886905670166,0.39853984117507935
YPL141C,YDR280W,0,0.36103648,0.15155385434627533,0.7112886905670166,0.39863985776901245
YER062C,YPR008W,0,0.36082825,0.15152159333229065,0.7112886905670166,0.39873987436294556
YER179W,YDR435C,0,0.36079592,0.15148936212062836,0.7112886905670166,0.39883989095687866
YCL051W,YPL233W,0,0.36079425,0.15145713090896606,0.7112886905670166,0.39893990755081177
YNL263C,YLR361C,0,0.36045983,0.15142492949962616,0.7112886905670166,0.3990398943424225
YLR185W,YNL243W,0,0.36043674,0.15139272809028625,0.7112886905670166,0.3991399109363556
YGL018C,YBR301W,0,0.36016077,0.15136054158210754,0.7112886905670166,0.3992399275302887
YLR382C,YDL123W,0,0.3600614,0.15132836997509003,0.7112886905670166,0.3993399441242218
YEL005C,YJR084W,0,0.359649,0.1512962132692337,0.7112886905670166,0.3994399309158325
YLR324W,YML076C,0,0.3593988,0.15126407146453857,0.7112886905670166,0.3995399475097656
YJL167W,YDR300C,0,0.35923085,0.15123194456100464,0.7112886905670166,0.39963996410369873
YBR169C,YPL117C,0,0.35917112,0.1511998325586319,0.7112886905670166,0.39973998069763184
YIL106W,YOL052C-A,0,0.35908908,0.15116773545742035,0.7112886905670166,0.39983999729156494
YDR041W,YCR063W,0,0.35897928,0.1511356383562088,0.7112886905670166,0.39993998408317566
YPL168W,YBR208C,0,0.3588949,0.15110357105731964,0.7112886905670166,0.40004000067710876
YNL045W,YLR007W,0,0.35885975,0.15107150375843048,0.7112886905670166,0.40014001727104187
YIL137C,YLR249W,0,0.3586203,0.15103945136070251,0.7112886905670166,0.400240033864975
YLR319C,YCR088W,1,0.35828817,0.15121951699256897,0.7122877240180969,0.400240033864975
YER177W,YLR249W,0,0.3582847,0.1511874496936798,0.7122877240180969,0.4003400206565857
YJL094C,YDL018C,0,0.3582587,0.15115539729595184,0.7122877240180969,0.4004400372505188
YML081W,YFR040W,0,0.358168,0.15112335979938507,0.7122877240180969,0.4005400538444519
YGR046W,YDR178W,0,0.35805306,0.1510913372039795,0.7122877240180969,0.400640070438385
YML045W,YGR080W,0,0.3574025,0.1510593146085739,0.7122877240180969,0.4007400870323181
YDR212W,YLR054C,0,0.35734397,0.15102732181549072,0.7122877240180969,0.40084007382392883
YDL003W,YHR108W,0,0.3570736,0.15099534392356873,0.7122877240180969,0.40094009041786194
YMR053C,YER149C,0,0.35703823,0.15096336603164673,0.7122877240180969,0.40104010701179504
YLR360W,YOR009W,0,0.35679516,0.15093141794204712,0.7122877240180969,0.40114012360572815
YBL056W,YMR105C,0,0.35675502,0.1508994698524475,0.7122877240180969,0.40124011039733887
YGR170W,YKL081W,0,0.35671335,0.1508675366640091,0.7122877240180969,0.401340126991272
YFL005W,YIL130W,0,0.3564539,0.15083561837673187,0.7122877240180969,0.4014401435852051
YDR328C,YBL047C,0,0.35639578,0.15080372989177704,0.7122877240180969,0.4015401601791382
YOL011W,YML016C,0,0.35609996,0.150771826505661,0.7122877240180969,0.4016401767730713
YGL142C,YOR011W,0,0.3560449,0.15073995292186737,0.7122877240180969,0.401740163564682
YKL141W,YMR072W,0,0.35586375,0.15070809423923492,0.7122877240180969,0.4018401801586151
YKL191W,YDR439W,0,0.35557857,0.15067625045776367,0.7122877240180969,0.4019401967525482
YPL179W,YGL016W,0,0.35552335,0.15064440667629242,0.7122877240180969,0.4020402133464813
YLR361C,YCR038C,0,0.355103,0.15061259269714355,0.7122877240180969,0.40214020013809204
YDR201W,YNL068C,0,0.35484654,0.1505807787179947,0.7122877240180969,0.40224021673202515
YBL051C,YDR019C,0,0.35465276,0.15054897964000702,0.7122877240180969,0.40234023332595825
YNL024C,YPL161C,0,0.3544501,0.15051721036434174,0.7122877240180969,0.40244024991989136
YML013W,YML031W,0,0.3542708,0.15048544108867645,0.7122877240180969,0.40254026651382446
YAL007C,YFR049W,0,0.35418478,0.15045368671417236,0.7122877240180969,0.4026402533054352
YGR204W,YOR192C,0,0.35415876,0.15042194724082947,0.7122877240180969,0.4027402698993683
YGL073W,YMR131C,0,0.3540934,0.15039020776748657,0.7122877240180969,0.4028402864933014
YDR515W,YOR060C,0,0.3540528,0.15035849809646606,0.7122877240180969,0.4029403030872345
YDR437W,YBR131W,0,0.3536218,0.15032680332660675,0.7122877240180969,0.4030402898788452
YOR193W,YMR205C,0,0.35358807,0.15029510855674744,0.7122877240180969,0.4031403064727783
YML059C,YBL100W-B,0,0.35343146,0.15026342868804932,0.7122877240180969,0.4032403230667114
YOR254C,YGL151W,0,0.35317612,0.15023177862167358,0.7122877240180969,0.40334033966064453
YGL061C,YLL057C,0,0.353073,0.15020012855529785,0.7122877240180969,0.40344035625457764
YGR059W,YNL152W,1,0.3530302,0.15037910640239716,0.7132866978645325,0.40344035625457764
YPR003C,YKR100C,0,0.3523302,0.15034744143486023,0.7132866978645325,0.40354034304618835
YLR259C,YDL102W,0,0.35215783,0.1503157913684845,0.7132866978645325,0.40364035964012146
YMR225C,YKL080W,0,0.35204268,0.15028415620326996,0.7132866978645325,0.40374037623405457
YGR208W,YPR086W,0,0.35160786,0.15025252103805542,0.7132866978645325,0.40384039282798767
YNL020C,YMR092C,1,0.3514729,0.1504313051700592,0.7142857313156128,0.40384039282798767
YOL122C,YEL032W,0,0.3513646,0.15039967000484467,0.7142857313156128,0.4039403796195984
YDR287W,YKL110C,0,0.35064977,0.15036803483963013,0.7142857313156128,0.4040403962135315
YBR218C,YBL091C,0,0.3504843,0.15033641457557678,0.7142857313156128,0.4041404128074646
YDR482C,YBR107C,0,0.34996176,0.15030480921268463,0.7142857313156128,0.4042404294013977
YPR008W,YIL043C,0,0.3496385,0.15027321875095367,0.7142857313156128,0.4043404459953308
YAR042W,YBL013W,0,0.3494945,0.1502416431903839,0.7142857313156128,0.40444043278694153
YDL175C,YDR005C,0,0.34944195,0.15021008253097534,0.7142857313156128,0.40454044938087463
YDR178W,YDR463W,0,0.34929433,0.15017853677272797,0.7142857313156128,0.40464046597480774
YBL013W,YDL093W,0,0.34909776,0.1501469910144806,0.7142857313156128,0.40474048256874084
YOR091W,YJL167W,0,0.34858662,0.1501154750585556,0.7142857313156128,0.40484046936035156
YNR071C,YKL196C,0,0.34835237,0.15008395910263062,0.7142857313156128,0.40494048595428467
YMR215W,YLL021W,0,0.3481712,0.15005247294902802,0.7142857313156128,0.4050405025482178
YJL167W,YGL087C,0,0.34802586,0.15002098679542542,0.7142857313156128,0.4051405191421509
YBR038W,YDR098C,0,0.3479859,0.149989515542984,0.7142857313156128,0.405240535736084
YNL194C,YIL095W,1,0.3475609,0.150167778134346,0.7152847051620483,0.405240535736084
YJR132W,YOR060C,0,0.3470835,0.1501362919807434,0.7152847051620483,0.4053405225276947
YCL068C,YDR045C,0,0.34698528,0.150104820728302,0.7152847051620483,0.4054405391216278
YAL002W,YOR026W,0,0.34685367,0.1500733643770218,0.7152847051620483,0.4055405557155609
YHR120W,YHR114W,0,0.34656265,0.15004190802574158,0.7152847051620483,0.405640572309494
YBL072C,YBL005W,0,0.34651434,0.15001048147678375,0.7152847051620483,0.4057405889034271
YDL106C,YPL156C,0,0.34629774,0.14997905492782593,0.7152847051620483,0.40584057569503784
YGR165W,YOR048C,0,0.34614384,0.1499476432800293,0.7152847051620483,0.40594059228897095
YCR045C,YOR103C,0,0.34599113,0.14991624653339386,0.7152847051620483,0.40604060888290405
YPR161C,YNL194C,0,0.34567595,0.14988486468791962,0.7152847051620483,0.40614062547683716
YPR095C,YJR035W,0,0.34552833,0.14985349774360657,0.7152847051620483,0.4062406122684479
YOR207C,YNL161W,0,0.3454622,0.1498221457004547,0.7152847051620483,0.406340628862381
YGL246C,YOL069W,0,0.34507143,0.14979079365730286,0.7152847051620483,0.4064406454563141
YIL037C,YPL049C,0,0.3450225,0.1497594714164734,0.7152847051620483,0.4065406620502472
YJL174W,YLR352W,0,0.34499246,0.14972814917564392,0.7152847051620483,0.4066406786441803
YLR194C,YIL062C,0,0.3449413,0.14969684183597565,0.7152847051620483,0.406740665435791
YCR018C,YDR040C,0,0.3448816,0.14966554939746857,0.7152847051620483,0.4068406820297241
YML045W,YDR078C,0,0.34475917,0.14963427186012268,0.7152847051620483,0.4069406986236572
YDR178W,YIL068C,0,0.34424034,0.149603009223938,0.7152847051620483,0.40704071521759033
YOR129C,YMR074C,0,0.34409928,0.1495717614889145,0.7152847051620483,0.40714070200920105
YKR007W,YNL076W,0,0.3440854,0.149540513753891,0.7152847051620483,0.40724071860313416
YBL007C,YML057W,0,0.34401274,0.14950929582118988,0.7152847051620483,0.40734073519706726
YDR377W,YLR313C,0,0.3436579,0.14947807788848877,0.7152847051620483,0.40744075179100037
YNL328C,YER179W,0,0.34362906,0.14944687485694885,0.7152847051620483,0.40754076838493347
YFL005W,YHR114W,1,0.34353036,0.14962437748908997,0.7162837386131287,0.40754076838493347
YKR079C,YIL123W,0,0.34338078,0.14959315955638885,0.7162837386131287,0.4076407551765442
YLR293C,YBL063W,0,0.34331542,0.14956195652484894,0.7162837386131287,0.4077407717704773
YMR076C,YGR078C,0,0.34327036,0.14953076839447021,0.7162837386131287,0.4078407883644104
YLR384C,YBR028C,0,0.3432205,0.1494995802640915,0.7162837386131287,0.4079408049583435
YGL098W,YOR009W,0,0.3431657,0.14946842193603516,0.7162837386131287,0.4080407917499542
YPL058C,YBR003W,0,0.3430027,0.14943726360797882,0.7162837386131287,0.40814080834388733
YPL058C,YEL006W,0,0.34287053,0.14940612018108368,0.7162837386131287,0.40824082493782043
YGL058W,YKL079W,0,0.34245425,0.14937500655651093,0.7162837386131287,0.40834084153175354
YOR019W,YFR038W,0,0.34201893,0.14934389293193817,0.7162837386131287,0.40844085812568665
YOL023W,YNL133C,0,0.34181967,0.14931277930736542,0.7162837386131287,0.40854084491729736
YGL092W,YHR150W,0,0.34181905,0.14928169548511505,0.7162837386131287,0.40864086151123047
YIL005W,YDL046W,0,0.34147477,0.14925062656402588,0.7162837386131287,0.4087408781051636
YPR105C,YLR460C,0,0.34143472,0.1492195576429367,0.7162837386131287,0.4088408946990967
YFR010W,YOR129C,0,0.34142405,0.14918851852416992,0.7162837386131287,0.4089408814907074
YGL231C,YDL018C,0,0.34124604,0.14915747940540314,0.7162837386131287,0.4090408980846405
YOR087W,YJR035W,0,0.34119937,0.14912645518779755,0.7162837386131287,0.4091409146785736
YGR004W,YDR041W,0,0.34116012,0.14909544587135315,0.7162837386131287,0.4092409312725067
YLL016W,YEL039C,0,0.340604,0.14906445145606995,0.7162837386131287,0.4093409478664398
YGR161C,YKL032C,0,0.34049356,0.14903347194194794,0.7162837386131287,0.40944093465805054
YDR075W,YGL167C,0,0.34038016,0.14900249242782593,0.7162837386131287,0.40954095125198364
YER179W,YJR084W,0,0.34020823,0.1489715427160263,0.7162837386131287,0.40964096784591675
YDR287W,YFR038W,0,0.34019268,0.14894059300422668,0.7162837386131287,0.40974098443984985
YLR429W,YJL020C,1,0.3401563,0.1491173356771469,0.7172827124595642,0.40974098443984985
YBL080C,YEL018W,0,0.34005874,0.1490863859653473,0.7172827124595642,0.40984097123146057
YPL105C,YDR437W,0,0.3399114,0.14905542135238647,0.7172827124595642,0.4099409878253937
YDR510W,YBL047C,1,0.3398896,0.14923204481601715,0.7182817459106445,0.4099409878253937
YML045W,YBR188C,0,0.33983988,0.14920108020305634,0.7182817459106445,0.4100410044193268
YLR075W,YGL226W,0,0.33980748,0.1491701304912567,0.7182817459106445,0.4101410210132599
YER179W,YHR142W,0,0.33973604,0.1491391807794571,0.7182817459106445,0.410241037607193
YCL029C,YML061C,0,0.33937663,0.14910826086997986,0.7182817459106445,0.4103410243988037
YOR027W,YDL247W,0,0.338773,0.14907734096050262,0.7182817459106445,0.4104410409927368
YLR319C,YDR309C,1,0.33837956,0.1492537260055542,0.7192807197570801,0.4104410409927368
YNL142W,YNL173C,0,0.3381975,0.14922279119491577,0.7192807197570801,0.4105410575866699
YCR018C,YHR133C,0,0.33763033,0.14919187128543854,0.7192807197570801,0.410641074180603
YGR059W,YDR409W,1,0.33757755,0.14936813712120056,0.7202796936035156,0.410641074180603
YDR189W,YDR227W,0,0.33715883,0.14933720231056213,0.7202796936035156,0.41074106097221375
YDR078C,YNL194C,0,0.33710527,0.1493062674999237,0.7202796936035156,0.41084107756614685
YMR318C,YDR359C,0,0.33707052,0.14927536249160767,0.7202796936035156,0.41094109416007996
YDR039C,YBR015C,0,0.33706218,0.14924445748329163,0.7202796936035156,0.41104111075401306
YKR064W,YJL058C,0,0.33689284,0.14921358227729797,0.7202796936035156,0.41114112734794617
YPL133C,YKL134C,0,0.33684167,0.14918270707130432,0.7202796936035156,0.4112411141395569
YDR289C,YIL008W,0,0.33670747,0.14915184676647186,0.7202796936035156,0.41134113073349
YDR175C,YJR046W,0,0.3365959,0.1491209864616394,0.7202796936035156,0.4114411473274231
YCR035C,YPR199C,0,0.3365434,0.14909015595912933,0.7202796936035156,0.4115411639213562
YGL028C,YDR256C,0,0.33630478,0.14905934035778046,0.7202796936035156,0.4116411507129669
YML107C,YPR067W,0,0.3360188,0.14902852475643158,0.7202796936035156,0.4117411673069
YHR185C,YER044C-A,0,0.33563197,0.1489977240562439,0.7202796936035156,0.41184118390083313
YKL045W,YGR224W,0,0.3355742,0.1489669382572174,0.7202796936035156,0.41194120049476624
YLR102C,YER139C,0,0.3354742,0.1489361673593521,0.7202796936035156,0.41204121708869934
YDL230W,YBR181C,0,0.3352651,0.148905411362648,0.7202796936035156,0.41214120388031006
YDL222C,YPR055W,1,0.33511415,0.14908114075660706,0.721278727054596,0.41214120388031006
YIL030C,YMR242C,0,0.3341123,0.14905036985874176,0.721278727054596,0.41224122047424316
YLR315W,YHR096C,0,0.33390105,0.14901961386203766,0.721278727054596,0.41234123706817627
YLR194C,YKL052C,0,0.3338591,0.14898885786533356,0.721278727054596,0.4124412536621094
YGL167C,YDR045C,0,0.33320713,0.14895811676979065,0.721278727054596,0.4125412404537201
YML076C,YGL129C,0,0.33319676,0.14892739057540894,0.721278727054596,0.4126412570476532
YNL194C,YKL007W,1,0.33310637,0.14910291135311127,0.7222777009010315,0.4126412570476532
YDR287W,YHR088W,0,0.33282578,0.14907217025756836,0.7222777009010315,0.4127412736415863
YDR289C,YDR087C,0,0.33272228,0.14904142916202545,0.7222777009010315,0.4128412902355194
YAL015C,YHR113W,0,0.33264476,0.14901071786880493,0.7222777009010315,0.4129413068294525
YPR017C,YGR097W,0,0.3325107,0.1489800065755844,0.7222777009010315,0.41304129362106323
YOR090C,YDR397C,0,0.33201766,0.14894932508468628,0.7222777009010315,0.41314131021499634
YDR388W,YPL074W,1,0.33179435,0.1491246074438095,0.7232767343521118,0.41314131021499634
YDL235C,YDR412W,0,0.33170584,0.14909391105175018,0.7232767343521118,0.41324132680892944
YIL148W,YPL061W,0,0.33156505,0.14906321465969086,0.7232767343521118,0.41334134340286255
YML101C,YHR033W,0,0.3312664,0.14903251826763153,0.7232767343521118,0.41344133019447327
YER007C-A,YPR128C,0,0.33107376,0.1490018516778946,0.7232767343521118,0.41354134678840637
YDL209C,YGL219C,0,0.33067682,0.14897119998931885,0.7232767343521118,0.4136413633823395
YOR249C,YCL064C,0,0.3298915,0.1489405483007431,0.7232767343521118,0.4137413799762726
YGR060W,YGL127C,0,0.32968795,0.14890991151332855,0.7232767343521118,0.4138413965702057
YOR117W,YHR024C,0,0.32945785,0.1488792896270752,0.7232767343521118,0.4139413833618164
YKL045W,YLR390W-A,0,0.32886177,0.14884868264198303,0.7232767343521118,0.4140413999557495
YDR367W,YDR135C,0,0.32867193,0.14881809055805206,0.7232767343521118,0.4141414165496826
YIL062C,YLR337C,0,0.3279651,0.1487874984741211,0.7232767343521118,0.4142414331436157
YGL061C,YKL099C,0,0.32750615,0.1487569361925125,0.7232767343521118,0.41434141993522644
YGR046W,YGR193C,0,0.32750607,0.14872637391090393,0.7232767343521118,0.41444143652915955
YOL132W,YLR323C,0,0.32736856,0.14869582653045654,0.7232767343521118,0.41454145312309265
YOL144W,YMR261C,0,0.3273661,0.14866529405117035,0.7232767343521118,0.41464146971702576
YLR390W-A,YGR003W,0,0.32733458,0.14863477647304535,0.7232767343521118,0.41474148631095886
YNL221C,YOR250C,0,0.32722595,0.14860427379608154,0.7232767343521118,0.4148414731025696
YPR161C,YLR260W,0,0.3270805,0.14857377111911774,0.7232767343521118,0.4149414896965027
YOR117W,YHR033W,0,0.32686847,0.14854329824447632,0.7232767343521118,0.4150415062904358
YJL110C,YPL145C,0,0.32673007,0.1485128253698349,0.7232767343521118,0.4151415228843689
YCR044C,YPL117C,0,0.3264841,0.14848236739635468,0.7232767343521118,0.4152415096759796
YDR407C,YER127W,0,0.32632115,0.14845192432403564,0.7232767343521118,0.4153415262699127
YIL014W,YKR095W,0,0.32627437,0.1484214812517166,0.7232767343521118,0.4154415428638458
YCR045C,YBR005W,0,0.3260962,0.14839106798171997,0.7232767343521118,0.41554155945777893
YGR030C,YKL196C,0,0.3260643,0.14836065471172333,0.7232767343521118,0.41564157605171204
YOR227W,YJL058C,0,0.32606035,0.14833025634288788,0.7232767343521118,0.41574156284332275
YIL052C,YKL063C,0,0.32590008,0.14829987287521362,0.7232767343521118,0.41584157943725586
YAL028W,YPL076W,0,0.32586274,0.14826950430870056,0.7232767343521118,0.41594159603118896
YLR315W,YMR215W,0,0.32573766,0.1482391506433487,0.7232767343521118,0.41604161262512207
YKR079C,YER081W,0,0.3255302,0.14820879697799683,0.7232767343521118,0.4161415994167328
YJL174W,YKL079W,0,0.32547215,0.14817847311496735,0.7232767343521118,0.4162416160106659
YIL120W,YHR001W-A,0,0.32527798,0.14814814925193787,0.7232767343521118,0.416341632604599
YPL176C,YBR149W,0,0.32505202,0.14811784029006958,0.7232767343521118,0.4164416491985321
YBR279W,YGL058W,0,0.3247912,0.1480875462293625,0.7232767343521118,0.4165416657924652
YER008C,YPR188C,1,0.3247763,0.14826175570487976,0.7242757081985474,0.4165416657924652
YIL030C,YDR430C,0,0.32468766,0.14823144674301147,0.7242757081985474,0.4166416525840759
YDR150W,YLR382C,0,0.32430208,0.1482011377811432,0.7242757081985474,0.41674166917800903
YPL169C,YER100W,0,0.32412273,0.1481708586215973,0.7242757081985474,0.41684168577194214
YPR131C,YER159C,0,0.32402584,0.1481405794620514,0.7242757081985474,0.41694170236587524
YIL107C,YCR058C,0,0.3237267,0.1481103152036667,0.7242757081985474,0.41704171895980835
YPL169C,YMR074C,0,0.32294428,0.14808006584644318,0.7242757081985474,0.41714170575141907
YJR118C,YBL051C,0,0.3227626,0.14804983139038086,0.7242757081985474,0.4172417223453522
YDR517W,YOR259C,0,0.32251242,0.14801959693431854,0.7242757081985474,0.4173417389392853
YKL048C,YOR127W,1,0.32247585,0.14819350838661194,0.7252747416496277,0.4173417389392853
YDL134C,YCL039W,0,0.3221808,0.14816325902938843,0.7252747416496277,0.4174417555332184
YHR033W,YOL051W,0,0.32183948,0.1481330394744873,0.7252747416496277,0.4175417423248291
YPL105C,YNL318C,0,0.32160228,0.14810281991958618,0.7252747416496277,0.4176417589187622
YHR165C,YKL197C,0,0.3214339,0.14807261526584625,0.7252747416496277,0.4177417755126953
YBR085W,YEL051W,0,0.32120234,0.14804241061210632,0.7252747416496277,0.4178417921066284
YLL024C,YOR117W,0,0.32118845,0.14801223576068878,0.7252747416496277,0.4179418087005615
YHL035C,YGL127C,0,0.3211835,0.14798206090927124,0.7252747416496277,0.41804179549217224
YDR471W,YLR006C,0,0.3209508,0.1479519009590149,0.7252747416496277,0.41814181208610535
YNR019W,YER109C,0,0.32035762,0.14792175590991974,0.7252747416496277,0.41824182868003845
YCR024C,YDL102W,0,0.32004523,0.14789162576198578,0.7252747416496277,0.41834184527397156
YLL024C,YHR202W,0,0.31970406,0.147861510515213,0.7252747416496277,0.4184418320655823
YGL061C,YOR026W,0,0.31969327,0.14783139526844025,0.7252747416496277,0.4185418486595154
YOR367W,YCL034W,1,0.31967273,0.14800488948822021,0.7262737154960632,0.4185418486595154
YGR205W,YGR283C,0,0.3195864,0.14797475934028625,0.7262737154960632,0.4186418652534485
YPL100W,YLR409C,0,0.31951365,0.1479446440935135,0.7262737154960632,0.4187418818473816
YMR286W,YDL145C,0,0.31930715,0.14791454374790192,0.7262737154960632,0.4188418984413147
YDL098C,YOR132W,0,0.31929135,0.14788445830345154,0.7262737154960632,0.4189418852329254
YDR328C,YNR055C,0,0.31869346,0.14785438776016235,0.7262737154960632,0.4190419018268585
YAL048C,YER005W,0,0.31865084,0.14782431721687317,0.7262737154960632,0.4191419184207916
YBR060C,YHL015W,0,0.31855333,0.14779426157474518,0.7262737154960632,0.41924193501472473
YLL066C,YNR024W,0,0.3184916,0.14776422083377838,0.7262737154960632,0.41934192180633545
YKL062W,YOR119C,0,0.31808817,0.14773419499397278,0.7262737154960632,0.41944193840026855
YFR047C,YJL021C,0,0.3171448,0.14770418405532837,0.7262737154960632,0.41954195499420166
YCR045C,YHR103W,0,0.3171304,0.14767418801784515,0.7262737154960632,0.41964197158813477
YMR226C,YPR046W,0,0.31688905,0.14764419198036194,0.7262737154960632,0.41974198818206787
YKL043W,YPL097W,0,0.316564,0.14761421084403992,0.7262737154960632,0.4198419749736786
YNL031C,YPL235W,0,0.3163286,0.1475842446088791,0.7262737154960632,0.4199419915676117
YGR245C,YNL063W,0,0.31624123,0.14755429327487946,0.7262737154960632,0.4200420081615448
YOR252W,YEL048C,0,0.31612268,0.14752435684204102,0.7262737154960632,0.4201420247554779
YHR006W,YIL153W,0,0.3159572,0.14749442040920258,0.7262737154960632,0.4202420115470886
YLR193C,YPL215W,0,0.3159563,0.14746449887752533,0.7262737154960632,0.42034202814102173
YDL154W,YJL196C,0,0.31519693,0.14743459224700928,0.7262737154960632,0.42044204473495483
YIL098C,YBL100W-B,0,0.3150295,0.14740470051765442,0.7262737154960632,0.42054206132888794
YDR039C,YOR026W,0,0.31498915,0.14737482368946075,0.7262737154960632,0.42064207792282104
YIL156W,YBL031W,0,0.31472808,0.1473449468612671,0.7262737154960632,0.42074206471443176
YHR139C,YLR384C,0,0.3146705,0.1473150998353958,0.7262737154960632,0.42084208130836487
YNL286W,YER040W,0,0.3146301,0.14728525280952454,0.7262737154960632,0.420942097902298
YGR099W,YML102W,0,0.31372118,0.14725542068481445,0.7262737154960632,0.4210421144962311
YNL214W,YMR050C,0,0.31353104,0.14722560346126556,0.7262737154960632,0.4211421012878418
YLR293C,YDL012C,0,0.31310627,0.14719578623771667,0.7262737154960632,0.4212421178817749
YBL007C,YNL130C,0,0.31249607,0.14716599881649017,0.7262737154960632,0.421342134475708
YOR191W,YER129W,0,0.3124896,0.14713621139526367,0.7262737154960632,0.4214421510696411
YOR049C,YNL176C,0,0.31248704,0.14710643887519836,0.7262737154960632,0.4215421676635742
YMR234W,YKR099W,0,0.3124247,0.14707668125629425,0.7262737154960632,0.42164215445518494
YIL064W,YDR122W,0,0.3120637,0.14704692363739014,0.7262737154960632,0.42174217104911804
YBR038W,YKL138C,0,0.31204712,0.1470171958208084,0.7262737154960632,0.42184218764305115
YOL009C,YLR061W,0,0.31167164,0.14698746800422668,0.7262737154960632,0.42194220423698425
YNL031C,YGL240W,0,0.31156522,0.14695775508880615,0.7262737154960632,0.42204219102859497
YNL328C,YGR205W,0,0.31142777,0.14692805707454681,0.7262737154960632,0.4221422076225281
YHR139C,YMR156C,0,0.3112063,0.14689835906028748,0.7262737154960632,0.4222422242164612
YDR075W,YDL124W,0,0.31114894,0.14686869084835052,0.7262737154960632,0.4223422408103943
YHR111W,YDR188W,0,0.31111166,0.14683902263641357,0.7262737154960632,0.4224422574043274
YOL132W,YFR053C,0,0.3103023,0.14680936932563782,0.7262737154960632,0.4225422441959381
YDL230W,YPL178W,0,0.31029367,0.14677973091602325,0.7262737154960632,0.4226422607898712
YIL068C,YOR367W,1,0.3102361,0.14695195853710175,0.7272727489471436,0.4226422607898712
YPL176C,YCR106W,0,0.3100806,0.146922305226326,0.7272727489471436,0.4227422773838043
YNR048W,YBL014C,0,0.30994773,0.14689265191555023,0.7272727489471436,0.4228422939777374
YDL105W,YGR030C,0,0.30965343,0.14686302840709686,0.7272727489471436,0.42294228076934814
YOL126C,YIL120W,0,0.30941117,0.1468334048986435,0.7272727489471436,0.42304229736328125
YPL224C,YML016C,0,0.3094055,0.14680379629135132,0.7272727489471436,0.42314231395721436
YOR113W,YHL021C,0,0.30932894,0.14677418768405914,0.7272727489471436,0.42324233055114746
YHR202W,YJR131W,0,0.30902728,0.14674460887908936,0.7272727489471436,0.42334234714508057
YBR248C,YJR054W,0,0.3084435,0.14671503007411957,0.7272727489471436,0.4234423339366913
YBR038W,YCR005C,0,0.30833757,0.14668546617031097,0.7272727489471436,0.4235423505306244
YHR205W,YDR300C,0,0.30800474,0.14665591716766357,0.7272727489471436,0.4236423671245575
YLR167W,YOR227W,0,0.3080043,0.14662638306617737,0.7272727489471436,0.4237423837184906
YOR254C,YKL005C,0,0.3078367,0.14659686386585236,0.7272727489471436,0.4238423705101013
YNL024C,YDR040C,0,0.30766487,0.14656734466552734,0.7272727489471436,0.4239423871040344
YOR192C,YBR212W,0,0.30758274,0.14653784036636353,0.7272727489471436,0.42404240369796753
YKL069W,YLR411W,0,0.3069317,0.1465083509683609,0.7272727489471436,0.42414242029190063
YLR258W,YDR261C,0,0.3068524,0.14647887647151947,0.7272727489471436,0.42424243688583374
YKL063C,YER108C,0,0.30682608,0.14644940197467804,0.7272727489471436,0.42434242367744446
YMR207C,YGL151W,0,0.30659163,0.146419957280159,0.7272727489471436,0.42444244027137756
YDR398W,YDR005C,0,0.30638382,0.14639051258563995,0.7272727489471436,0.42454245686531067
YLR011W,YLR328W,0,0.3058964,0.1463610827922821,0.7272727489471436,0.4246424734592438
YNL023C,YKL192C,0,0.30564094,0.14633165299892426,0.7272727489471436,0.4247424602508545
YLR092W,YBR149W,0,0.30542046,0.1463022530078888,0.7272727489471436,0.4248424768447876
YDR122W,YJL001W,0,0.30526733,0.14627285301685333,0.7272727489471436,0.4249424934387207
YKL141W,YBR094W,0,0.30490643,0.14624346792697906,0.7272727489471436,0.4250425100326538
YMR234W,YKL194C,0,0.30438137,0.146214097738266,0.7272727489471436,0.4251425266265869
YGL028C,YHR202W,0,0.3043539,0.1461847424507141,0.7272727489471436,0.42524251341819763
YDR287W,YKR052C,0,0.3043362,0.14615538716316223,0.7272727489471436,0.42534253001213074
YGR080W,YJL089W,0,0.30357546,0.14612604677677155,0.7272727489471436,0.42544254660606384
YHR202W,YPL253C,0,0.30356127,0.14609673619270325,0.7272727489471436,0.42554256319999695
YDR166C,YOR127W,1,0.30343705,0.1462680548429489,0.7282717227935791,0.42554256319999695
YIL030C,YMR118C,0,0.30333588,0.14623871445655823,0.7282717227935791,0.42564254999160767
YDR328C,YHR157W,0,0.3031308,0.14620938897132874,0.7282717227935791,0.42574256658554077
YDR160W,YGL107C,0,0.3027121,0.14618006348609924,0.7282717227935791,0.4258425831794739
YBR023C,YGR129W,0,0.3026976,0.14615076780319214,0.7282717227935791,0.425942599773407
YPL169C,YDR178W,0,0.30262327,0.14612147212028503,0.7282717227935791,0.4260426163673401
YHR033W,YOL061W,0,0.30235094,0.14609219133853912,0.7282717227935791,0.4261426031589508
YHR033W,YER060W,0,0.30224538,0.1460629105567932,0.7282717227935791,0.4262426197528839
YPR003C,YKL081W,0,0.30221176,0.1460336595773697,0.7282717227935791,0.426342636346817
YIL087C,YNR071C,0,0.30182105,0.14600440859794617,0.7282717227935791,0.4264426529407501
YNL051W,YGR082W,0,0.30154258,0.14597517251968384,0.7282717227935791,0.42654263973236084
YER062C,YBR119W,0,0.30113202,0.1459459513425827,0.7282717227935791,0.42664265632629395
YMR118C,YJL069C,0,0.30108246,0.14591673016548157,0.7282717227935791,0.42674267292022705
YGL231C,YPR068C,0,0.3009031,0.14588753879070282,0.7282717227935791,0.42684268951416016
YLR083C,YPR148C,0,0.3004579,0.14585834741592407,0.7282717227935791,0.42694270610809326
YNL250W,YGR245C,0,0.3002638,0.14582917094230652,0.7282717227935791,0.427042692899704
YPL105C,YBR107C,0,0.29963392,0.14579999446868896,0.7282717227935791,0.4271427094936371
YOR250C,YGR040W,0,0.2991408,0.1457708477973938,0.7282717227935791,0.4272427260875702
YLL014W,YDR317W,0,0.29909444,0.14574170112609863,0.7282717227935791,0.4273427426815033
YHR205W,YOR132W,0,0.29858616,0.14571256935596466,0.7282717227935791,0.427442729473114
YHR035W,YIL069C,0,0.29775512,0.14568345248699188,0.7282717227935791,0.4275427460670471
YJL127C,YLR017W,0,0.29771423,0.1456543505191803,0.7282717227935791,0.4276427626609802
YHR111W,YKR083C,0,0.2976256,0.1456252485513687,0.7282717227935791,0.42774277925491333
YOR319W,YOR026W,0,0.297177,0.14559616148471832,0.7282717227935791,0.42784279584884644
YKL016C,YHR154W,0,0.29683357,0.14556708931922913,0.7282717227935791,0.42794278264045715
YIL009W,YMR183C,0,0.29639155,0.14553803205490112,0.7282717227935791,0.42804279923439026
YOL154W,YMR274C,0,0.29635364,0.14550897479057312,0.7282717227935791,0.42814281582832336
YJL186W,YBL025W,0,0.29587084,0.1454799473285675,0.7282717227935791,0.42824283242225647
YOR250C,YDR412W,0,0.29495066,0.1454509198665619,0.7282717227935791,0.4283428490161896
YHR118C,YGL058W,0,0.29490608,0.14542190730571747,0.7282717227935791,0.4284428358078003
YPL133C,YPL175W,0,0.2948079,0.14539289474487305,0.7282717227935791,0.4285428524017334
YMR053C,YML016C,0,0.29474178,0.145363911986351,0.7282717227935791,0.4286428689956665
YER149C,YLR175W,0,0.29471588,0.14533492922782898,0.7282717227935791,0.4287428855895996
YDR463W,YGL198W,0,0.2944304,0.14530596137046814,0.7282717227935791,0.4288428723812103
YDL124W,YDR105C,0,0.2943696,0.1452770084142685,0.7282717227935791,0.42894288897514343
YNR071C,YDL149W,0,0.2937668,0.14524805545806885,0.7282717227935791,0.42904290556907654
YGR165W,YDL209C,0,0.29374912,0.1452191174030304,0.7282717227935791,0.42914292216300964
YGL139W,YER081W,0,0.29347825,0.14519019424915314,0.7282717227935791,0.42924293875694275
YGL196W,YMR055C,0,0.29345092,0.14516128599643707,0.7282717227935791,0.42934292554855347
YPR173C,YDR381W,0,0.29316223,0.1451323926448822,0.7282717227935791,0.4294429421424866
YOL121C,YDR301W,0,0.29311967,0.14510349929332733,0.7282717227935791,0.4295429587364197
YLR006C,YPL183C,0,0.29311043,0.14507462084293365,0.7282717227935791,0.4296429753303528
YJL174W,YLR367W,0,0.29287055,0.14504575729370117,0.7282717227935791,0.4297429621219635
YHR185C,YMR035W,0,0.29284006,0.14501690864562988,0.7282717227935791,0.4298429787158966
YPL116W,YIL037C,0,0.29253992,0.1449880599975586,0.7282717227935791,0.4299429953098297
YPL126W,YLR288C,0,0.29202697,0.1449592411518097,0.7282717227935791,0.4300430119037628
YEL018W,YBR248C,0,0.29198483,0.1449304223060608,0.7282717227935791,0.4301430284976959
YNL214W,YKL081W,0,0.291585,0.1449016034603119,0.7282717227935791,0.43024301528930664
YLR039C,YEL024W,0,0.29117462,0.14487281441688538,0.7282717227935791,0.43034303188323975
YPL043W,YMR237W,0,0.29081762,0.14484402537345886,0.7282717227935791,0.43044304847717285
YDR441C,YLR377C,0,0.29011223,0.14481525123119354,0.7282717227935791,0.43054306507110596
YMR041C,YHR079C-B,0,0.29011017,0.14478649199008942,0.7282717227935791,0.4306430518627167
YPR174C,YNR052C,0,0.28959078,0.14475774765014648,0.7282717227935791,0.4307430684566498
YOL020W,YMR048W,0,0.2891562,0.14472900331020355,0.7282717227935791,0.4308430850505829
YDR439W,YNL180C,0,0.28888106,0.14470027387142181,0.7282717227935791,0.430943101644516
YPR095C,YDR273W,0,0.28864118,0.14467155933380127,0.7282717227935791,0.4310431182384491
YDL175C,YPL126W,0,0.28851783,0.14464285969734192,0.7282717227935791,0.4311431050300598
YLR319C,YJL021C,1,0.2884852,0.14481253921985626,0.7292707562446594,0.4311431050300598
YCL044C,YBR112C,0,0.28815982,0.14478380978107452,0.7292707562446594,0.4312431216239929
YPL242C,YIL140W,1,0.2878972,0.1449533998966217,0.730269730091095,0.4312431216239929
YMR074C,YDR257C,0,0.2878288,0.14492465555667877,0.730269730091095,0.431343138217926
YGR059W,YDR150W,1,0.2875815,0.1450941562652588,0.7312687039375305,0.431343138217926
YLR248W,YBR023C,0,0.28742918,0.14506539702415466,0.7312687039375305,0.43144315481185913
YLR426W,YLR189C,0,0.28742042,0.14503665268421173,0.7312687039375305,0.43154314160346985
YLR337W,YDR218C,1,0.28730816,0.145206019282341,0.7322677373886108,0.43154314160346985
YCL029C,YLR206W,1,0.28722638,0.1453753262758255,0.7332667112350464,0.43154314160346985
YGL028C,YBR218C,0,0.28713506,0.145346537232399,0.7332667112350464,0.43164315819740295
YHL025W,YER167W,0,0.28712088,0.14531776309013367,0.7332667112350464,0.43174317479133606
YJL173C,YMR322C,0,0.28707147,0.14528898894786835,0.7332667112350464,0.43184319138526917
YHR148W,YDL220C,0,0.28686696,0.14526024460792542,0.7332667112350464,0.43194320797920227
YIL075C,YJR150C,0,0.2866247,0.14523150026798248,0.7332667112350464,0.432043194770813
YDR323C,YLR247C,0,0.28623146,0.14520277082920074,0.7332667112350464,0.4321432113647461
YOR335C,YDR135C,0,0.2860644,0.1451740562915802,0.7332667112350464,0.4322432279586792
YOL084W,YKL080W,0,0.2859544,0.14514534175395966,0.7332667112350464,0.4323432445526123
YDR377W,YBR218C,0,0.28577042,0.1451166421175003,0.7332667112350464,0.432443231344223
YLR284C,YBL008W,0,0.2856972,0.14508795738220215,0.7332667112350464,0.43254324793815613
YOL059W,YDR303C,0,0.2849405,0.14505928754806519,0.7332667112350464,0.43264326453208923
YNL051W,YGL104C,0,0.28488773,0.14503063261508942,0.7332667112350464,0.43274328112602234
YOR207C,YLR347C,0,0.2846543,0.14500197768211365,0.7332667112350464,0.43284329771995544
YDR145W,YOR026W,0,0.28453454,0.14497333765029907,0.7332667112350464,0.43294328451156616
YDR002W,YPL063W,0,0.2844821,0.1449447125196457,0.7332667112350464,0.43304330110549927
YPL262W,YNL041C,0,0.2843102,0.1449160873889923,0.7332667112350464,0.4331433176994324
YER100W,YHR158C,0,0.2838981,0.14488749206066132,0.7332667112350464,0.4332433342933655
YGR283C,YER155C,0,0.28375232,0.14485889673233032,0.7332667112350464,0.4333433210849762
YLR004C,YDR438W,0,0.2836683,0.14483030140399933,0.7332667112350464,0.4334433376789093
YML092C,YBR023C,0,0.28305367,0.14480173587799072,0.7332667112350464,0.4335433542728424
YJR120W,YKR034W,0,0.28187782,0.14477317035198212,0.7332667112350464,0.4336433708667755
YJR117W,YNL054W,0,0.28169906,0.1447446197271347,0.7332667112350464,0.4337433874607086
YKL014C,YBR181C,0,0.281673,0.1447160840034485,0.7332667112350464,0.43384337425231934
YBR029C,YBL025W,0,0.2813642,0.14468756318092346,0.7332667112350464,0.43394339084625244
YFR027W,YDR005C,0,0.2813366,0.14465904235839844,0.7332667112350464,0.43404340744018555
YMR232W,YCL016C,0,0.28110895,0.1446305364370346,0.7332667112350464,0.43414342403411865
YCL051W,YBR131W,0,0.28090578,0.14460204541683197,0.7332667112350464,0.43424341082572937
YKL149C,YJL045W,0,0.28068495,0.14457356929779053,0.7332667112350464,0.4343434274196625
YDR145W,YLL067C,0,0.28060454,0.14454509317874908,0.7332667112350464,0.4344434440135956
YCR018C,YMR035W,0,0.27978608,0.14451663196086884,0.7332667112350464,0.4345434606075287
YAR033W,YMR226C,0,0.27974924,0.14448818564414978,0.7332667112350464,0.4346434772014618
YFR024C-A,YER159C,0,0.27941638,0.14445975422859192,0.7332667112350464,0.4347434639930725
YGL070C,YDR135C,0,0.2792719,0.14443132281303406,0.7332667112350464,0.4348434805870056
YHR210C,YEL024W,0,0.27926219,0.1444029062986374,0.7332667112350464,0.4349434971809387
YNL190W,YNL133C,0,0.27926028,0.14437450468540192,0.7332667112350464,0.4350435137748718
YMR009W,YLR299W,0,0.27864215,0.14434611797332764,0.7332667112350464,0.43514350056648254
YBL038W,YIR004W,0,0.2783668,0.14431773126125336,0.7332667112350464,0.43524351716041565
YGR198W,YJL021C,1,0.27812016,0.1444859504699707,0.7342657446861267,0.43524351716041565
YNL250W,YDL160C,0,0.2779941,0.14445754885673523,0.7342657446861267,0.43534353375434875
YMR076C,YLR102C,0,0.2779838,0.14442916214466095,0.7342657446861267,0.43544355034828186
YCR105W,YOR048C,0,0.2768826,0.14440079033374786,0.7342657446861267,0.43554356694221497
YAL007C,YNL065W,0,0.27615878,0.14437241852283478,0.7342657446861267,0.4356435537338257
YLR299W,YNL029C,0,0.2753759,0.14434407651424408,0.7342657446861267,0.4357435703277588
YMR234W,YIL098C,0,0.27501565,0.14431573450565338,0.7342657446861267,0.4358435869216919
YOL012C,YEL032W,0,0.27484122,0.14428739249706268,0.7342657446861267,0.435943603515625
YPR007C,YEL044W,0,0.27476895,0.14425908029079437,0.7342657446861267,0.4360435903072357
YKL062W,YHR110W,0,0.274753,0.14423076808452606,0.7342657446861267,0.4361436069011688
YGL028C,YKL185W,0,0.27469873,0.14420247077941895,0.7342657446861267,0.43624362349510193
YML101C,YJL173C,0,0.2743574,0.14417418837547302,0.7342657446861267,0.43634364008903503
YIL118W,YNL173C,0,0.2741745,0.1441459059715271,0.7342657446861267,0.43644365668296814
YPL280W,YDR399W,0,0.27410796,0.14411765336990356,0.7342657446861267,0.43654364347457886
YLR324W,YBR078W,0,0.27405393,0.14408940076828003,0.7342657446861267,0.43664366006851196
YER062C,YGR193C,0,0.27390325,0.1440611481666565,0.7342657446861267,0.43674367666244507
YDR244W,YDL031W,0,0.27365422,0.14403292536735535,0.7342657446861267,0.4368436932563782
YMR063W,YIL120W,0,0.27345583,0.1440047025680542,0.7342657446861267,0.4369436800479889
YAL048C,YDR439W,0,0.27331346,0.14397649466991425,0.7342657446861267,0.437043696641922
YDR308C,YML013W,0,0.27318656,0.14394830167293549,0.7342657446861267,0.4371437132358551
YOL154W,YPL117C,0,0.27312192,0.14392010867595673,0.7342657446861267,0.4372437298297882
YIL154C,YDR343C,0,0.27309233,0.14389193058013916,0.7342657446861267,0.4373437464237213
YOL144W,YPR007C,0,0.2725596,0.1438637673854828,0.7342657446861267,0.43744373321533203
YLR045C,YLR404W,1,0.27255243,0.1440313160419464,0.7352647185325623,0.43744373321533203
YKL062W,YGL058W,0,0.2723876,0.14400313794612885,0.7352647185325623,0.43754374980926514
YLR347C,YJL026W,0,0.27237493,0.14397495985031128,0.7352647185325623,0.43764376640319824
YMR158W,YDR284C,0,0.2721421,0.1439467966556549,0.7352647185325623,0.43774378299713135
YGR212W,YOL135C,0,0.27168584,0.14391864836215973,0.7352647185325623,0.43784376978874207
YOR262W,YOL059W,0,0.27159044,0.14389051496982574,0.7352647185325623,0.43794378638267517
YCL044C,YDL123W,0,0.2714431,0.14386239647865295,0.7352647185325623,0.4380438029766083
YNL194C,YNL317W,0,0.27140695,0.14383427798748016,0.7352647185325623,0.4381438195705414
YGL063W,YLR384C,0,0.27114832,0.14380617439746857,0.7352647185325623,0.4382438361644745
YPR161C,YPL207W,0,0.27066046,0.14377808570861816,0.7352647185325623,0.4383438229560852
YER102W,YOR357C,0,0.27060783,0.14374999701976776,0.7352647185325623,0.4384438395500183
YNL183C,YGR078C,0,0.27053788,0.14372192323207855,0.7352647185325623,0.4385438561439514
YDR545W,YGL167C,0,0.2705307,0.14369386434555054,0.7352647185325623,0.4386438727378845
YGL070C,YMR009W,0,0.27037573,0.14366582036018372,0.7352647185325623,0.43874385952949524
YDR150W,YHR118C,0,0.2699296,0.1436377763748169,0.7352647185325623,0.43884387612342834
YDR287W,YOR048C,0,0.26981243,0.14360976219177246,0.7352647185325623,0.43894389271736145
YCR065W,YMR242C,0,0.26867187,0.14358173310756683,0.7352647185325623,0.43904390931129456
YFR024C,YGR165W,0,0.26852384,0.1435537338256836,0.7352647185325623,0.43914392590522766
YKL043W,YOR157C,0,0.26817912,0.14352573454380035,0.7352647185325623,0.4392439126968384
YGR181W,YFR016C,0,0.26807332,0.1434977650642395,0.7352647185325623,0.4393439292907715
YLR093C,YOR001W,0,0.26783815,0.14346978068351746,0.7352647185325623,0.4394439458847046
YGR254W,YLR004C,0,0.26776385,0.1434418261051178,0.7352647185325623,0.4395439624786377
YKL026C,YOR207C,0,0.26771683,0.14341387152671814,0.7352647185325623,0.4396439790725708
YLR277C,YOL069W,0,0.26770437,0.14338593184947968,0.7352647185325623,0.4397439658641815
YCL029C,YMR215W,0,0.26766226,0.1433580070734024,0.7352647185325623,0.4398439824581146
YKR034W,YGL219C,0,0.2674361,0.14333008229732513,0.7352647185325623,0.43994399905204773
YJL208C,YNL055C,0,0.26668757,0.14330218732357025,0.7352647185325623,0.44004401564598083
YJL098W,YGL198W,0,0.26640674,0.14327427744865417,0.7352647185325623,0.44014400243759155
YDR482C,YJR046W,0,0.26638576,0.14324639737606049,0.7352647185325623,0.44024401903152466
YOR316C,YJR123W,0,0.2663312,0.143218532204628,0.7352647185325623,0.44034403562545776
YER007C-A,YLR292C,0,0.26630414,0.1431906670331955,0.7352647185325623,0.44044405221939087
YCL016C,YIL069C,0,0.26573223,0.143162801861763,0.7352647185325623,0.440544068813324
YHL017W,YPL224C,0,0.26564643,0.1431349664926529,0.7352647185325623,0.4406440556049347
YDL113C,YHR214W,0,0.26563993,0.14310713112354279,0.7352647185325623,0.4407440721988678
YGR254W,YDR308C,0,0.26549006,0.14307931065559387,0.7352647185325623,0.4408440887928009
YLR382C,YPL173W,0,0.26542145,0.14305150508880615,0.7352647185325623,0.440944105386734
YPR055W,YHR079C-B,0,0.2651742,0.14302371442317963,0.7352647185325623,0.4410440921783447
YKL033W,YIL173W,0,0.26505408,0.1429959237575531,0.7352647185325623,0.44114410877227783
YPR161C,YPL010W,0,0.26493055,0.14296814799308777,0.7352647185325623,0.44124412536621094
YOR316C,YDL102W,0,0.26489556,0.14294037222862244,0.7352647185325623,0.44134414196014404
YOR380W,YNL130C,0,0.26486316,0.1429126262664795,0.7352647185325623,0.44144415855407715
YOR026W,YDL134C,0,0.2646926,0.14288488030433655,0.7352647185325623,0.44154414534568787
YPR180W,YPR174C,0,0.26397154,0.1428571492433548,0.7352647185325623,0.44164416193962097
YGL064C,YPR141C,0,0.2638979,0.14282941818237305,0.7352647185325623,0.4417441785335541
YDL235C,YOR319W,0,0.26388055,0.1428017020225525,0.7352647185325623,0.4418441951274872
YER100W,YNL251C,0,0.2638376,0.14277400076389313,0.7352647185325623,0.4419441819190979
YMR262W,YPL061W,0,0.2631331,0.14274631440639496,0.7352647185325623,0.442044198513031
YMR053C,YBL005W,0,0.2630958,0.1427186280488968,0.7352647185325623,0.4421442151069641
YJL181W,YJL013C,0,0.2629919,0.142690971493721,0.7352647185325623,0.4422442317008972
YNR038W,YDR273W,0,0.26220757,0.14266330003738403,0.7352647185325623,0.4423442482948303
YDR545W,YPL049C,0,0.2619351,0.14263565838336945,0.7352647185325623,0.44244423508644104
YBR069C,YDR098C,0,0.26192316,0.14260801672935486,0.7352647185325623,0.44254425168037415
YLR382C,YKR099W,0,0.26146314,0.14258038997650146,0.7352647185325623,0.44264426827430725
YLL026W,YHL026C,0,0.26132774,0.14255277812480927,0.7352647185325623,0.44274428486824036
YDR280W,YCR024C,0,0.26119778,0.14252518117427826,0.7352647185325623,0.4428442716598511
YBR043C,YDR303C,0,0.26105928,0.14249758422374725,0.7352647185325623,0.4429442882537842
YER031C,YOL122C,0,0.2609233,0.14247000217437744,0.7352647185325623,0.4430443048477173
YLR342W,YBR102C,1,0.2609163,0.14263595640659332,0.7362637519836426,0.4430443048477173
YLR150W,YBR100W,0,0.26065707,0.14260835945606232,0.7362637519836426,0.4431443214416504
YFL056C,YDR175C,0,0.26059014,0.1425807774066925,0.7362637519836426,0.4432443380355835
YGR024C,YJL069C,0,0.25997835,0.1425531953573227,0.7362637519836426,0.4433443248271942
YGL063W,YMR322C,0,0.25993565,0.14252562820911407,0.7362637519836426,0.4434443414211273
YOR262W,YPL063W,0,0.25942576,0.14249806106090546,0.7362637519836426,0.4435443580150604
YGR165W,YHR020W,0,0.25940582,0.14247052371501923,0.7362637519836426,0.44364437460899353
YKL051W,YLR260W,0,0.25871384,0.142442986369133,0.7362637519836426,0.44374436140060425
YJL045W,YBL051C,0,0.25865355,0.14241546392440796,0.7362637519836426,0.44384437799453735
YDL100C,YIL009W,0,0.25838274,0.14238794147968292,0.7362637519836426,0.44394439458847046
YDR422C,YDR268W,0,0.25766444,0.14236043393611908,0.7362637519836426,0.44404441118240356
YIL056W,YLR055C,0,0.25701222,0.14233294129371643,0.7362637519836426,0.44414442777633667
YPL021W,YKL196C,0,0.2566069,0.14230546355247498,0.7362637519836426,0.4442444145679474
YCL016C,YGL198W,0,0.2561319,0.14227798581123352,0.7362637519836426,0.4443444311618805
YER044C-A,YDR463W,0,0.25610092,0.14225053787231445,0.7362637519836426,0.4444444477558136
YIL030C,YPL198W,0,0.25604528,0.1422230750322342,0.7362637519836426,0.4445444643497467
YDR166C,YHR149C,1,0.25583053,0.14238858222961426,0.7372627258300781,0.4445444643497467
YDR367W,YOL135C,0,0.25581887,0.1423611044883728,0.7372627258300781,0.4446444511413574
YDR075W,YIL137C,0,0.25548112,0.14233365654945374,0.7372627258300781,0.4447444677352905
YGL144C,YJL035C,0,0.25543416,0.14230620861053467,0.7372627258300781,0.44484448432922363
YMR009W,YIL096C,0,0.25541207,0.1422787755727768,0.7372627258300781,0.44494450092315674
YPR154W,YCL048W,0,0.25501278,0.14225134253501892,0.7372627258300781,0.44504451751708984
YGR005C,YEL024W,0,0.25472826,0.14222393929958344,0.7372627258300781,0.44514450430870056
YEL001C,YLR054C,0,0.25464904,0.14219653606414795,0.7372627258300781,0.44524452090263367
YDR256C,YGR030C,0,0.25446522,0.14216913282871246,0.7372627258300781,0.4453445374965668
YCR021C,YCR038C,0,0.25430542,0.14214175939559937,0.7372627258300781,0.4454445540904999
YKL145W,YMR177W,0,0.25402886,0.14211438596248627,0.7372627258300781,0.4455445408821106
YOR330C,YBR188C,0,0.25383526,0.14208702743053436,0.7372627258300781,0.4456445574760437
YJL021C,YDL113C,0,0.2537099,0.14205966889858246,0.7372627258300781,0.4457445740699768
YPL171C,YHR122W,0,0.2530922,0.14203232526779175,0.7372627258300781,0.4458445906639099
YBR112C,YOL051W,0,0.2528767,0.14200499653816223,0.7372627258300781,0.445944607257843
YIL037C,YLR382C,0,0.25261173,0.1419776827096939,0.7372627258300781,0.44604459404945374
YPR100W,YCR044C,0,0.25252497,0.14195036888122559,0.7372627258300781,0.44614461064338684
YPL224C,YNL173C,0,0.2522301,0.14192306995391846,0.7372627258300781,0.44624462723731995
YBL091C,YNL063W,0,0.25167757,0.14189578592777252,0.7372627258300781,0.44634464383125305
YOR383C,YDR004W,0,0.25159383,0.14186851680278778,0.7372627258300781,0.44644463062286377
YER142C,YER044C-A,0,0.25136146,0.14184124767780304,0.7372627258300781,0.4465446472167969
YNL294C,YDR395W,0,0.25069022,0.1418139934539795,0.7372627258300781,0.44664466381073
YMR040W,YER123W,0,0.25018024,0.14178673923015594,0.7372627258300781,0.4467446804046631
YLR190W,YKL032C,0,0.2501682,0.14175951480865479,0.7372627258300781,0.4468446969985962
YBR049C,YCL012W,0,0.2496205,0.14173229038715363,0.7372627258300781,0.4469446837902069
YBL080C,YBL008W,0,0.2493751,0.14170506596565247,0.7372627258300781,0.44704470038414
YOL135C,YKL114C,0,0.24899042,0.1416778713464737,0.7372627258300781,0.4471447169780731
YMR234W,YER072W,0,0.24873862,0.14165067672729492,0.7372627258300781,0.4472447335720062
YDR386W,YLR061W,0,0.24842659,0.14162348210811615,0.7372627258300781,0.44734472036361694
YMR048W,YER108C,0,0.24816045,0.14159631729125977,0.7372627258300781,0.44744473695755005
YOR320C,YHR157W,0,0.2480697,0.14156915247440338,0.7372627258300781,0.44754475355148315
YKR053C,YNL278W,0,0.2477954,0.1415420025587082,0.7372627258300781,0.44764477014541626
YML081W,YER040W,0,0.24773967,0.1415148675441742,0.7372627258300781,0.44774478673934937
YDR325W,YGL096W,0,0.24739769,0.1414877325296402,0.7372627258300781,0.4478447735309601
YML076C,YOR271C,0,0.24736035,0.1414606124162674,0.7372627258300781,0.4479447901248932
YDR300C,YGR138C,0,0.24712154,0.1414334923028946,0.7372627258300781,0.4480448067188263
YLR239C,YKL192C,0,0.24695629,0.14140640199184418,0.7372627258300781,0.4481448233127594
YPR034W,YKR099W,0,0.24677551,0.14137931168079376,0.7372627258300781,0.4482448101043701
YML011C,YIL154C,0,0.24661493,0.14135223627090454,0.7372627258300781,0.4483448266983032
YLR342W,YPR188C,1,0.24659508,0.14151665568351746,0.7382617592811584,0.4483448266983032
YOL122C,YPL178W,0,0.24635574,0.14148956537246704,0.7382617592811584,0.44844484329223633
YDR075W,YOR266W,0,0.24607325,0.14146247506141663,0.7382617592811584,0.44854485988616943
YKL080W,YHR193C,0,0.24592635,0.1414353996515274,0.7382617592811584,0.44864487648010254
YHR009C,YBR109C,0,0.24581769,0.14140833914279938,0.7382617592811584,0.44874486327171326
YMR313C,YOL116W,0,0.24580196,0.14138129353523254,0.7382617592811584,0.44884487986564636
YDL175C,YIL118W,0,0.245377,0.1413542479276657,0.7382617592811584,0.44894489645957947
YMR205C,YOR113W,0,0.24528015,0.14132721722126007,0.7382617592811584,0.4490449130535126
YCR045C,YGR120C,0,0.2452254,0.14130018651485443,0.7382617592811584,0.4491448998451233
YFR038W,YJL069C,0,0.2449786,0.14127318561077118,0.7382617592811584,0.4492449164390564
YDR145W,YNL183C,0,0.24491206,0.14124618470668793,0.7382617592811584,0.4493449330329895
YGL092W,YHR037W,0,0.24479023,0.14121918380260468,0.7382617592811584,0.4494449496269226
YOL011W,YHR197W,0,0.24465218,0.14119219779968262,0.7382617592811584,0.4495449662208557
YJR052W,YLR058C,0,0.24458995,0.14116522669792175,0.7382617592811584,0.44964495301246643
YIL009W,YNL130C,0,0.2442891,0.14113827049732208,0.7382617592811584,0.44974496960639954
YOR320C,YOR271C,0,0.2440837,0.1411113291978836,0.7382617592811584,0.44984498620033264
YJL183W,YDL175C,0,0.24369985,0.14108438789844513,0.7382617592811584,0.44994500279426575
YGR174C,YFR025C,0,0.24338543,0.14105744659900665,0.7382617592811584,0.45004501938819885
YBR054W,YFR025C,0,0.24319899,0.14103053510189056,0.7382617592811584,0.45014500617980957
YGL181W,YFR024C-A,1,0.24292776,0.1411944329738617,0.739260733127594,0.45014500617980957
YGR170W,YGL058W,0,0.2429187,0.14116749167442322,0.739260733127594,0.4502450227737427
YOR081C,YBR188C,0,0.242917,0.14114056527614594,0.739260733127594,0.4503450393676758
YIL008W,YDR168W,0,0.24274635,0.14111365377902985,0.739260733127594,0.4504450559616089
YOR258W,YGR260W,0,0.242158,0.14108674228191376,0.739260733127594,0.4505450427532196
YGL243W,YGL226W,0,0.2417537,0.14105986058712006,0.739260733127594,0.4506450593471527
YAL002W,YDL076C,0,0.24174988,0.14103296399116516,0.739260733127594,0.4507450759410858
YHL017W,YJL045W,0,0.2412251,0.14100609719753265,0.739260733127594,0.4508450925350189
YOL098C,YJR150C,0,0.24084228,0.14097923040390015,0.739260733127594,0.450945109128952
YCL029C,YDR218C,1,0.24061263,0.1411428600549698,0.7402597665786743,0.450945109128952
YLR239C,YKR027W,0,0.24059072,0.1411159783601761,0.7402597665786743,0.45104509592056274
YJL162C,YDL117W,0,0.2405662,0.14108911156654358,0.7402597665786743,0.45114511251449585
YHL028W,YPL140C,0,0.24056298,0.14106224477291107,0.7402597665786743,0.45124512910842896
YNL103W,YDR212W,0,0.23983073,0.14103540778160095,0.7402597665786743,0.45134514570236206
YKL192C,YLR175W,0,0.23969921,0.14100855588912964,0.7402597665786743,0.4514451324939728
YEL019C,YPL183C,0,0.23924369,0.1409817337989807,0.7402597665786743,0.4515451490879059
YKL033W,YNL247W,0,0.23861885,0.1409549117088318,0.7402597665786743,0.451645165681839
YOR233W,YJR090C,1,0.23828295,0.14111830294132233,0.7412587404251099,0.451645165681839
YCR091W,YNL094W,0,0.23825777,0.1410914659500122,0.7412587404251099,0.4517451822757721
YLL038C,YLL021W,1,0.23806435,0.1412547528743744,0.7422577142715454,0.4517451822757721
YCR018C,YBR162C,0,0.23800826,0.14122790098190308,0.7422577142715454,0.4518451988697052
YLL021W,YHR023W,1,0.23713839,0.1413911134004593,0.7432567477226257,0.4518451988697052
YLL006W,YPL235W,0,0.23704281,0.14136424660682678,0.7432567477226257,0.4519451856613159
YNR048W,YDL175C,0,0.23699886,0.14133737981319427,0.7432567477226257,0.452045202255249
YFL011W,YLR190W,0,0.23688132,0.14131054282188416,0.7432567477226257,0.45214521884918213
YFR024C-A,YKR049C,0,0.23659328,0.14128370583057404,0.7432567477226257,0.45224523544311523
YJR117W,YLR044C,0,0.23595253,0.1412568837404251,0.7432567477226257,0.45234522223472595
YMR274C,YKL192C,0,0.23568764,0.14123006165027618,0.7432567477226257,0.45244523882865906
YHR185C,YGL025C,0,0.2355988,0.14120326936244965,0.7432567477226257,0.45254525542259216
YOR236W,YDL012C,0,0.23550707,0.1411764770746231,0.7432567477226257,0.45264527201652527
YGR103W,YNR019W,0,0.23534629,0.14114968478679657,0.7432567477226257,0.4527452886104584
YDR434W,YIL062C,0,0.23475549,0.14112290740013123,0.7432567477226257,0.4528452754020691
YER062C,YDL018C,0,0.23467577,0.14109614491462708,0.7432567477226257,0.4529452919960022
YCL029C,YHR161C,1,0.23454937,0.14125899970531464,0.7442557215690613,0.4529452919960022
YOR068C,YBR085W,0,0.2345264,0.1412322223186493,0.7442557215690613,0.4530453085899353
YNL287W,YBL072C,0,0.2340762,0.14120545983314514,0.7442557215690613,0.4531453251838684
YDL230W,YPL097W,0,0.23372847,0.141178697347641,0.7442557215690613,0.4532453119754791
YKL185W,YER139C,0,0.23329516,0.14115194976329803,0.7442557215690613,0.45334532856941223
YGR204W,YCL039W,0,0.23317678,0.14112521708011627,0.7442557215690613,0.45344534516334534
YDR510W,YNL194C,1,0.23296711,0.1412878781557083,0.7452547550201416,0.45344534516334534
YPL043W,YDL139C,0,0.23296684,0.14126113057136536,0.7452547550201416,0.45354536175727844
YML107C,YOR253W,0,0.23278071,0.1412343829870224,0.7452547550201416,0.45364537835121155
YHR088W,YGR122W,0,0.23276225,0.14120765030384064,0.7452547550201416,0.45374536514282227
YHR009C,YJR027W,0,0.2323176,0.14118091762065887,0.7452547550201416,0.45384538173675537
YPR175W,YML102W,0,0.23213315,0.1411542147397995,0.7452547550201416,0.4539453983306885
YDR127W,YLR167W,0,0.23191172,0.14112751185894012,0.7452547550201416,0.4540454149246216
YML107C,YDR468C,0,0.23188832,0.14110080897808075,0.7452547550201416,0.4541454017162323
YLR058C,YKL063C,0,0.23160361,0.14107413589954376,0.7452547550201416,0.4542454183101654
YPL141C,YCL051W,0,0.23126853,0.14104746282100677,0.7452547550201416,0.4543454349040985
YIL098C,YML081W,0,0.2312608,0.1410207897424698,0.7452547550201416,0.4544454514980316
YLR404W,YNL194C,1,0.23058864,0.14118313789367676,0.7462537288665771,0.4544454514980316
YLR404W,YOR181W,1,0.23031098,0.14134542644023895,0.7472527623176575,0.4544454514980316
YDR009W,YHR079C-B,0,0.2297906,0.14131872355937958,0.7472527623176575,0.4545454680919647
YPR154W,YPR161C,0,0.22968414,0.1412920355796814,0.7472527623176575,0.45464545488357544
YDR021W,YHR157W,0,0.22951047,0.14126534759998322,0.7472527623176575,0.45474547147750854
YFL026W,YPL040C,0,0.22943014,0.14123867452144623,0.7472527623176575,0.45484548807144165
YHR149C,YHR014W,0,0.22932377,0.14121200144290924,0.7472527623176575,0.45494550466537476
YER179W,YMR072W,0,0.22844383,0.14118535816669464,0.7472527623176575,0.4550454914569855
YFL056C,YJL197W,0,0.22827402,0.14115871489048004,0.7472527623176575,0.4551455080509186
YHR122W,YKL060C,0,0.2282672,0.14113207161426544,0.7472527623176575,0.4552455246448517
YAR042W,YML059C,0,0.228141,0.14110545814037323,0.7472527623176575,0.4553455412387848
YDL160C,YDR129C,0,0.22795784,0.14107884466648102,0.7472527623176575,0.4554455578327179
YMR072W,YHL050C,0,0.22791931,0.1410522311925888,0.7472527623176575,0.4555455446243286
YIL107C,YEL006W,0,0.22750327,0.14102564752101898,0.7472527623176575,0.4556455612182617
YDL240W,YHR080C,0,0.22727226,0.14099906384944916,0.7472527623176575,0.4557455778121948
YGR212W,YPR110C,0,0.22726095,0.14097248017787933,0.7472527623176575,0.45584559440612793
YLR019W,YGR122W,0,0.22691844,0.1409459263086319,0.7472527623176575,0.45594558119773865
YIL120W,YLL053C,0,0.2264559,0.14091937243938446,0.7472527623176575,0.45604559779167175
YPR188C,YJL173C,0,0.22621787,0.14089281857013702,0.7472527623176575,0.45614561438560486
YGR078C,YGL240W,0,0.22608262,0.14086629450321198,0.7472527623176575,0.45624563097953796
YIL147C,YDR303C,0,0.22585276,0.14083977043628693,0.7472527623176575,0.45634564757347107
YOL055C,YOL084W,0,0.22557119,0.14081324636936188,0.7472527623176575,0.4564456343650818
YLL026W,YBR212W,0,0.22486967,0.14078675210475922,0.7472527623176575,0.4565456509590149
YLR277C,YBR078W,0,0.2247052,0.14076025784015656,0.7472527623176575,0.456645667552948
YDR317W,YIL062C,0,0.22468498,0.1407337784767151,0.7472527623176575,0.4567456841468811
YGR204W,YLR189C,0,0.2243897,0.14070729911327362,0.7472527623176575,0.4568456709384918
YPL137C,YKL006C-A,0,0.2242763,0.14068083465099335,0.7472527623176575,0.4569456875324249
YNL243W,YCR002C,1,0.22422418,0.14084242284297943,0.748251736164093,0.4569456875324249
YNL094W,YAL051W,0,0.22387339,0.14081594347953796,0.748251736164093,0.45704570412635803
YLR196W,YGR120C,0,0.22386375,0.1407894790172577,0.748251736164093,0.45714572072029114
YMR230W,YGR003W,0,0.22382265,0.14076301455497742,0.748251736164093,0.45724573731422424
YOR117W,YBR248C,0,0.22372878,0.14073656499385834,0.748251736164093,0.45734572410583496
YDR217C,YDR259C,0,0.22357328,0.14071013033390045,0.748251736164093,0.45744574069976807
YOR068C,YPL063W,0,0.22356513,0.14068369567394257,0.748251736164093,0.45754575729370117
YML092C,YDR021W,0,0.22315311,0.14065727591514587,0.748251736164093,0.4576457738876343
YDR422C,YJL168C,0,0.22315118,0.14063087105751038,0.748251736164093,0.457745760679245
YDR482C,YLR377C,0,0.22312376,0.14060446619987488,0.748251736164093,0.4578457772731781
YBR109C,YGL061C,0,0.2230935,0.14057807624340057,0.748251736164093,0.4579457938671112
YFR010W,YGR245C,0,0.22295076,0.14055170118808746,0.748251736164093,0.4580458104610443
YPL036W,YFL026W,0,0.22282621,0.14052532613277435,0.748251736164093,0.4581458270549774
YHR103W,YGR129W,0,0.22271596,0.14049896597862244,0.748251736164093,0.45824581384658813
YBR260C,YCR002C,1,0.2222307,0.14066016674041748,0.7492507696151733,0.45824581384658813
YPR173C,YDL100C,0,0.22209328,0.14063379168510437,0.7492507696151733,0.45834583044052124
YLR442C,YGR244C,0,0.22190364,0.14060741662979126,0.7492507696151733,0.45844584703445435
YKL129C,YGL240W,0,0.22168897,0.14058107137680054,0.7492507696151733,0.45854586362838745
YDR165W,YCR005C,0,0.22165678,0.14055472612380981,0.7492507696151733,0.45864585041999817
YOR264W,YIR004W,0,0.2215155,0.1405283808708191,0.7492507696151733,0.4587458670139313
YGL098W,YER109C,0,0.22142078,0.14050206542015076,0.7492507696151733,0.4588458836078644
YLR342W,YOR367W,1,0.22136283,0.1406630426645279,0.7502497434616089,0.4588458836078644
YJL162C,YOR241W,0,0.22132994,0.14063669741153717,0.7502497434616089,0.4589459002017975
YOR383C,YDR040C,0,0.22129592,0.14061036705970764,0.7502497434616089,0.4590459167957306
YIL037C,YJR123W,0,0.22128338,0.1405840516090393,0.7502497434616089,0.4591459035873413
YLR193C,YER023W,0,0.22125444,0.14055773615837097,0.7502497434616089,0.4592459201812744
YDR212W,YDR309C,0,0.22029495,0.14053143560886383,0.7502497434616089,0.4593459367752075
YJL183W,YKL114C,0,0.21916628,0.14050514996051788,0.7502497434616089,0.4594459533691406
YPR037C,YPL075W,0,0.21866849,0.14047886431217194,0.7502497434616089,0.45954594016075134
YPR173C,YLR011W,0,0.2186465,0.14045259356498718,0.7502497434616089,0.45964595675468445
YMR205C,YHR120W,0,0.2185558,0.14042632281780243,0.7502497434616089,0.45974597334861755
YLR223C,YPR046W,0,0.21839076,0.14040008187294006,0.7502497434616089,0.45984598994255066
YKL045W,YPL116W,0,0.21834645,0.1403738260269165,0.7502497434616089,0.45994600653648376
YDR213W,YCL051W,0,0.21759942,0.14034759998321533,0.7502497434616089,0.4600459933280945
YMR215W,YBR023C,0,0.21756345,0.14032137393951416,0.7502497434616089,0.4601460099220276
YJR150C,YPL076W,0,0.21710144,0.14029516279697418,0.7502497434616089,0.4602460265159607
YOL020W,YNL278W,0,0.2170636,0.1402689516544342,0.7502497434616089,0.4603460431098938
YGR055W,YPL117C,0,0.21680968,0.1402427703142166,0.7502497434616089,0.4604460299015045
YBL080C,YLR277C,0,0.21679874,0.14021657407283783,0.7502497434616089,0.4605460464954376
YPR106W,YLR363C,0,0.21673986,0.14019040763378143,0.7502497434616089,0.4606460630893707
YEL001C,YPR057W,0,0.21645844,0.14016424119472504,0.7502497434616089,0.46074607968330383
YGL092W,YOR259C,0,0.21625058,0.14013808965682983,0.7502497434616089,0.46084609627723694
YHR103W,YFL005W,0,0.21600652,0.14011193811893463,0.7502497434616089,0.46094608306884766
YNL038W,YBR301W,0,0.21549249,0.14008580148220062,0.7502497434616089,0.46104609966278076
YKL058W,YML031W,0,0.2154309,0.1400596797466278,0.7502497434616089,0.46114611625671387
YOR049C,YDR528W,0,0.2151921,0.140033558011055,0.7502497434616089,0.461246132850647
YML076C,YGL064C,0,0.21518072,0.14000745117664337,0.7502497434616089,0.4613461494445801
YOL096C,YHR149C,0,0.21510708,0.13998135924339294,0.7502497434616089,0.4614461362361908
YNL145W,YOR113W,0,0.21503721,0.13995526731014252,0.7502497434616089,0.4615461528301239
YNL328C,YJR042W,0,0.215032,0.13992919027805328,0.7502497434616089,0.461646169424057
YDR189W,YIL167W,0,0.21496372,0.13990312814712524,0.7502497434616089,0.4617461860179901
YJR042W,YHR157W,0,0.21473514,0.1398770660161972,0.7502497434616089,0.46184617280960083
YML100W,YOR059C,0,0.21442084,0.13985101878643036,0.7502497434616089,0.46194618940353394
YGL058W,YGL219C,0,0.21439224,0.1398249864578247,0.7502497434616089,0.46204620599746704
YNL094W,YHR133C,0,0.21430074,0.13979895412921906,0.7502497434616089,0.46214622259140015
YDR284C,YHR080C,0,0.21407717,0.1397729367017746,0.7502497434616089,0.46224623918533325
YGL093W,YLL057C,0,0.21359749,0.13974693417549133,0.7502497434616089,0.46234622597694397
YFL039C,YKL007W,1,0.213553,0.13990697264671326,0.7512487769126892,0.46234622597694397
YHR035W,YHR157W,0,0.21349293,0.1398809552192688,0.7512487769126892,0.4624462425708771
YGL098W,YPR071W,0,0.21342644,0.13985493779182434,0.7512487769126892,0.4625462591648102
YLR004C,YAL030W,0,0.21329486,0.13982893526554108,0.7512487769126892,0.4626462757587433
YEL048C,YHR133C,0,0.21318495,0.1398029327392578,0.7512487769126892,0.462746262550354
YBR109C,YHR190W,0,0.21300867,0.13977694511413574,0.7512487769126892,0.4628462791442871
YLR409C,YDL076C,0,0.21282136,0.13975097239017487,0.7512487769126892,0.4629462957382202
YGL096W,YNL081C,0,0.21262194,0.13972501456737518,0.7512487769126892,0.4630463123321533
YKL051W,YCR063W,0,0.21209349,0.1396990567445755,0.7512487769126892,0.4631463289260864
YDL091C,YOL122C,0,0.21156877,0.13967309892177582,0.7512487769126892,0.46324631571769714
YOL122C,YGL093W,0,0.21133232,0.13964717090129852,0.7512487769126892,0.46334633231163025
YPR007C,YGL105W,0,0.21111873,0.13962124288082123,0.7512487769126892,0.46344634890556335
YPR169W,YHR079C-B,0,0.21087375,0.13959531486034393,0.7512487769126892,0.46354636549949646
YML011C,YGR120C,0,0.21063955,0.13956941664218903,0.7512487769126892,0.4636463522911072
YLL006W,YLR435W,0,0.21063347,0.13954351842403412,0.7512487769126892,0.4637463688850403
YDL105W,YJL098W,0,0.21059999,0.1395176202058792,0.7512487769126892,0.4638463854789734
YIL064W,YER108C,0,0.21051256,0.1394917517900467,0.7512487769126892,0.4639464020729065
YBR212W,YOR254C,0,0.21044303,0.13946586847305298,0.7512487769126892,0.4640464186668396
YGL025C,YMR040W,0,0.21035653,0.13944001495838165,0.7512487769126892,0.4641464054584503
YJR076C,YLR337W,1,0.2100457,0.13959956169128418,0.7522477507591248,0.4641464054584503
YPR003C,YDL119C,0,0.20963672,0.13957367837429047,0.7522477507591248,0.4642464220523834
YML086C,YDR176W,0,0.20947468,0.13954780995845795,0.7522477507591248,0.46434643864631653
YLR239C,YMR081C,0,0.20891194,0.13952195644378662,0.7522477507591248,0.46444645524024963
YDR372C,YLR292C,0,0.20884344,0.1394961029291153,0.7522477507591248,0.46454644203186035
YNR071C,YLR323C,0,0.20879465,0.13947027921676636,0.7522477507591248,0.46464645862579346
YOR372C,YOR129C,0,0.20865089,0.13944444060325623,0.7522477507591248,0.46474647521972656
YJL162C,YGR204W,0,0.20821755,0.13941863179206848,0.7522477507591248,0.46484649181365967
YIL053W,YDR386W,0,0.20781857,0.13939282298088074,0.7522477507591248,0.4649465084075928
YEL040W,YDL161W,1,0.20754836,0.13955210149288177,0.7532467246055603,0.4649465084075928
YIL137C,YGL096W,0,0.20750603,0.13952627778053284,0.7532467246055603,0.4650464951992035
YER179W,YDL119C,0,0.20719919,0.1395004689693451,0.7532467246055603,0.4651465117931366
YKL062W,YFR053C,0,0.20677751,0.13947466015815735,0.7532467246055603,0.4652465283870697
YGL016W,YKR031C,0,0.2065394,0.1394488662481308,0.7532467246055603,0.4653465449810028
YER033C,YDR273W,0,0.20652512,0.13942307233810425,0.7532467246055603,0.4654465317726135
YDR372C,YGL198W,0,0.2060575,0.13939730823040009,0.7532467246055603,0.46554654836654663
YPL171C,YGR178C,0,0.20593451,0.13937152922153473,0.7532467246055603,0.46564656496047974
YER143W,YJR054W,0,0.2042296,0.13934578001499176,0.7532467246055603,0.46574658155441284
YDR463W,YDL211C,0,0.20394102,0.1393200308084488,0.7532467246055603,0.46584659814834595
YJL127C,YBR149W,0,0.2037014,0.13929429650306702,0.7532467246055603,0.46594658493995667
YER041W,YNL142W,0,0.20369448,0.13926856219768524,0.7532467246055603,0.46604660153388977
YDL018C,YCL001W,0,0.20352283,0.13924284279346466,0.7532467246055603,0.4661466181278229
YFR024C,YLL038C,1,0.20348898,0.13940177857875824,0.7542457580566406,0.4661466181278229
YDR388W,YDR218C,1,0.20300904,0.13956063985824585,0.7552447319030762,0.4661466181278229
YOR119C,YMR040W,0,0.20263198,0.13953489065170288,0.7552447319030762,0.466246634721756
YGL231C,YPL161C,0,0.20251215,0.1395091414451599,0.7552447319030762,0.4663466215133667
YHR079C-B,YDL134C,0,0.20249191,0.13948339223861694,0.7552447319030762,0.4664466381072998
YDR350C,YKL032C,0,0.20192753,0.13945765793323517,0.7552447319030762,0.4665466547012329
YIL022W,YDL018C,0,0.20182617,0.1394319385290146,0.7552447319030762,0.466646671295166
YGR235C,YOR207C,0,0.20164989,0.1394062340259552,0.7552447319030762,0.4667466878890991
YER149C,YDR388W,1,0.20120166,0.1395649015903473,0.7562437653541565,0.4667466878890991
YML011C,YDR301W,0,0.20116709,0.13953916728496552,0.7562437653541565,0.46684667468070984
YDL113C,YGR224W,0,0.20088062,0.13951344788074493,0.7562437653541565,0.46694669127464294
YPR057W,YNL251C,0,0.20072314,0.13948774337768555,0.7562437653541565,0.46704670786857605
YOL011W,YBL100W-B,0,0.20046718,0.13946205377578735,0.7562437653541565,0.46714672446250916
YPL209C,YAL011W,0,0.20044312,0.13943636417388916,0.7562437653541565,0.4672467112541199
YHR009C,YGR253C,0,0.20023644,0.13941067457199097,0.7562437653541565,0.467346727848053
YLR324W,YKR072C,0,0.20017506,0.13938501477241516,0.7562437653541565,0.4674467444419861
YDL240W,YEL006W,0,0.19989717,0.13935935497283936,0.7562437653541565,0.4675467610359192
YLL038C,YGR241C,1,0.19978677,0.13951776921749115,0.757242739200592,0.4675467610359192
YKR093W,YPL262W,0,0.19943526,0.13949207961559296,0.757242739200592,0.4676467776298523
YBL056W,YOR011W,0,0.1989122,0.13946641981601715,0.757242739200592,0.467746764421463
YBR078W,YDR308C,0,0.19885573,0.13944076001644135,0.757242739200592,0.4678467810153961
YMR318C,YER038C,0,0.19859654,0.13941511511802673,0.757242739200592,0.4679467976093292
YLR313C,YLR342W,1,0.19826792,0.1395733654499054,0.7582417726516724,0.4679467976093292
YPR055W,YDR361C,0,0.19822466,0.1395477056503296,0.7582417726516724,0.46804681420326233
YGR283C,YDR284C,0,0.19810328,0.13952206075191498,0.7582417726516724,0.46814680099487305
YER014W,YPL137C,0,0.19794926,0.13949641585350037,0.7582417726516724,0.46824681758880615
YBL080C,YMR177W,0,0.19770712,0.13947078585624695,0.7582417726516724,0.46834683418273926
YMR175W,YNL180C,0,0.1975394,0.13944515585899353,0.7582417726516724,0.46844685077667236
YDR150W,YLR143W,0,0.19744685,0.1394195407629013,0.7582417726516724,0.46854686737060547
YIL087C,YEL051W,0,0.19721404,0.13939394056797028,0.7582417726516724,0.4686468541622162
YDL240W,YBR301W,0,0.19708687,0.13936834037303925,0.7582417726516724,0.4687468707561493
YER033C,YKL058W,0,0.19673601,0.1393427550792694,0.7582417726516724,0.4688468873500824
YHR205W,YJR131W,0,0.19661425,0.13931718468666077,0.7582417726516724,0.4689469039440155
YKL149C,YFL026W,0,0.19658884,0.13929161429405212,0.7582417726516724,0.4690468907356262
YJR049C,YML127W,0,0.19654384,0.13926605880260468,0.7582417726516724,0.4691469073295593
YER063W,YOR363C,0,0.19646753,0.13924050331115723,0.7582417726516724,0.46924692392349243
YJR118C,YGL226W,0,0.1964124,0.13921496272087097,0.7582417726516724,0.46934694051742554
YJL078C,YKL051W,0,0.19626452,0.1391894370317459,0.7582417726516724,0.46944695711135864
YKR075C,YOL012C,0,0.19614479,0.13916391134262085,0.7582417726516724,0.46954694390296936
YAR033W,YLR220W,0,0.19578493,0.13913840055465698,0.7582417726516724,0.46964696049690247
YLR319C,YFR024C-A,1,0.19574866,0.13929618895053864,0.7592407464981079,0.46964696049690247
YOR171C,YNL152W,1,0.19557065,0.1394539177417755,0.7602397799491882,0.46964696049690247
YOR273C,YLR092W,0,0.19536121,0.13942836225032806,0.7602397799491882,0.46974697709083557
YPL169C,YMR274C,0,0.19529103,0.1394028216600418,0.7602397799491882,0.4698469936847687
YMR059W,YNL029C,0,0.19507247,0.13937729597091675,0.7602397799491882,0.4699469804763794
YLR059C,YEL024W,0,0.19504109,0.1393517702817917,0.7602397799491882,0.4700469970703125
YIL147C,YDR190C,0,0.19498493,0.13932625949382782,0.7602397799491882,0.4701470136642456
YML092C,YLR466W,0,0.19497463,0.13930074870586395,0.7602397799491882,0.4702470302581787
YKR078W,YLR377C,0,0.19492099,0.13927525281906128,0.7602397799491882,0.4703470468521118
YOR380W,YLR259C,0,0.1949013,0.1392497718334198,0.7602397799491882,0.47044703364372253
YLR460C,YML082W,0,0.19469967,0.13922429084777832,0.7602397799491882,0.47054705023765564
YDR087C,YMR035W,0,0.19462717,0.13919882476329803,0.7602397799491882,0.47064706683158875
YDR213W,YEL044W,0,0.19460374,0.13917337357997894,0.7602397799491882,0.47074708342552185
YKL033W,YBR090C-A,0,0.19404139,0.13914792239665985,0.7602397799491882,0.47084707021713257
YOR195W,YHR157W,0,0.19402808,0.13912248611450195,0.7602397799491882,0.4709470868110657
YLL066C,YPR133C,0,0.19395174,0.13909704983234406,0.7602397799491882,0.4710471034049988
YHL025W,YDL134C,0,0.19389127,0.13907164335250854,0.7602397799491882,0.4711471199989319
YBR279W,YLR061W,0,0.19369571,0.13904622197151184,0.7602397799491882,0.471247136592865
YGL196W,YGL116W,0,0.19366162,0.13902083039283752,0.7602397799491882,0.4713471233844757
YOR252W,YIL123W,0,0.19337206,0.1389954388141632,0.7602397799491882,0.4714471399784088
YBR005W,YNR019W,0,0.19309501,0.1389700472354889,0.7602397799491882,0.4715471565723419
YDR028C,YNL164C,0,0.19264852,0.13894467055797577,0.7602397799491882,0.471647173166275
YML098W,YCR031C,0,0.19262291,0.13891930878162384,0.7602397799491882,0.47174715995788574
YHL031C,YLR328W,0,0.19246608,0.1388939619064331,0.7602397799491882,0.47184717655181885
YCL039W,YCL035C,0,0.19159126,0.13886861503124237,0.7602397799491882,0.47194719314575195
YML081W,YHL003C,0,0.1914806,0.13884328305721283,0.7602397799491882,0.47204720973968506
YML096W,YCL039W,0,0.19101992,0.1388179510831833,0.7602397799491882,0.47214722633361816
YDL081C,YIL037C,0,0.19085898,0.13879263401031494,0.7602397799491882,0.4722472131252289
YOL076W,YDR515W,0,0.190308,0.1387673169374466,0.7602397799491882,0.472347229719162
YER008C,YJL021C,1,0.19019231,0.13892434537410736,0.7612387537956238,0.472347229719162
YGL194C,YGL219C,0,0.18898502,0.13889901340007782,0.7612387537956238,0.4724472463130951
YGR235C,YIL030C,0,0.18888822,0.13887369632720947,0.7612387537956238,0.4725472629070282
YJR132W,YPL058C,0,0.18883441,0.13884839415550232,0.7612387537956238,0.4726472795009613
YPL133C,YER032W,0,0.18858883,0.13882310688495636,0.7612387537956238,0.472747266292572
YHR005C,YDR437W,0,0.18841168,0.1387978196144104,0.7612387537956238,0.4728472828865051
YDR528W,YOR271C,0,0.1883993,0.13877253234386444,0.7612387537956238,0.47294729948043823
YML021C,YPL178W,0,0.18825592,0.13874727487564087,0.7612387537956238,0.47304731607437134
YCL068C,YHR001W-A,0,0.18803227,0.1387220025062561,0.7612387537956238,0.47314730286598206
YOR091W,YHL006C,0,0.1878427,0.13869675993919373,0.7612387537956238,0.47324731945991516
YFR024C,YNL059C,0,0.18783717,0.13867151737213135,0.7612387537956238,0.47334733605384827
YBR043C,YDR515W,0,0.18776093,0.13864628970623016,0.7612387537956238,0.47344735264778137
YCR016W,YLR363C,0,0.187664,0.13862106204032898,0.7612387537956238,0.4735473692417145
YOL020W,YHR037W,0,0.18761098,0.138595849275589,0.7612387537956238,0.4736473560333252
YPR106W,YCR091W,0,0.18747531,0.1385706514120102,0.7612387537956238,0.4737473726272583
YBR086C,YOR026W,0,0.18723726,0.1385454535484314,0.7612387537956238,0.4738473892211914
YKL045W,YDL081C,0,0.1869124,0.1385202705860138,0.7612387537956238,0.4739474058151245
YMR274C,YLR143W,0,0.1865143,0.1384950876235962,0.7612387537956238,0.47404739260673523
YOR271C,YBL047C,0,0.18647161,0.13846991956233978,0.7612387537956238,0.47414740920066833
YDR080W,YPR086W,0,0.18641691,0.13844476640224457,0.7612387537956238,0.47424742579460144
YDR040C,YDR057W,0,0.18613413,0.13841961324214935,0.7612387537956238,0.47434744238853455
YHR103W,YBL047C,0,0.18562712,0.13839447498321533,0.7612387537956238,0.47444745898246765
YGR283C,YIL137C,0,0.18524913,0.1383693516254425,0.7612387537956238,0.47454744577407837
YBR101C,YPL215W,0,0.18518442,0.13834422826766968,0.7612387537956238,0.4746474623680115
YOR018W,YDL123W,0,0.18493465,0.13831911981105804,0.7612387537956238,0.4747474789619446
YPR131C,YDR384C,0,0.18400231,0.1382940113544464,0.7612387537956238,0.4748474955558777
YAR033W,YJR117W,0,0.18399212,0.13826891779899597,0.7612387537956238,0.4749474823474884
YBR162W-A,YKR064W,0,0.18369311,0.13824382424354553,0.7612387537956238,0.4750474989414215
YKL155C,YER129W,0,0.18358962,0.13821876049041748,0.7612387537956238,0.4751475155353546
YOR002W,YBR085W,0,0.18342626,0.13819368183612823,0.7612387537956238,0.4752475321292877
YDL145C,YNL063W,0,0.18323836,0.13816863298416138,0.7612387537956238,0.4753475487232208
YOR009W,YGL085W,0,0.18319544,0.13814358413219452,0.7612387537956238,0.47544753551483154
YLR337W,YLL050C,1,0.1831258,0.13829980790615082,0.7622377872467041,0.47544753551483154
YKL194C,YBR162W-A,0,0.18294539,0.13827474415302277,0.7622377872467041,0.47554755210876465
YDR273W,YCL012W,0,0.1828851,0.13824968039989471,0.7622377872467041,0.47564756870269775
YIL075C,YBR034C,0,0.18270989,0.13822463154792786,0.7622377872467041,0.47574758529663086
YDR235W,YBR162W-A,0,0.1827096,0.1381995975971222,0.7622377872467041,0.4758475720882416
YOR334W,YGL240W,0,0.18198794,0.13817457854747772,0.7622377872467041,0.4759475886821747
YIL022W,YDR204W,0,0.18188778,0.13814955949783325,0.7622377872467041,0.4760476052761078
YLR118C,YOL011W,0,0.18184602,0.13812454044818878,0.7622377872467041,0.4761476218700409
YBL047C,YNL194C,1,0.18169758,0.13828054070472717,0.7632367610931396,0.4761476218700409
YMR053C,YML082W,0,0.18112484,0.1382555216550827,0.7632367610931396,0.476247638463974
YMR149W,YCR038C,0,0.18073548,0.13823050260543823,0.7632367610931396,0.4763476252555847
YOR383C,YOR158W,0,0.18065614,0.13820549845695496,0.7632367610931396,0.4764476418495178
YOL096C,YJR108W,0,0.18052529,0.13818050920963287,0.7632367610931396,0.4765476584434509
YER044C-A,YOR335C,0,0.1805075,0.1381555199623108,0.7632367610931396,0.47664767503738403
YDR204W,YHR024C,0,0.18024209,0.1381305307149887,0.7632367610931396,0.47674766182899475
YPR003C,YMR105C,0,0.18023223,0.138105571269989,0.7632367610931396,0.47684767842292786
YHL003C,YOR271C,0,0.1801259,0.13808061182498932,0.7632367610931396,0.47694769501686096
YAR009C,YLR067C,0,0.18007371,0.13805565237998962,0.7632367610931396,0.47704771161079407
YOR079C,YLR019W,0,0.179852,0.13803070783615112,0.7632367610931396,0.4771477282047272
YJR046W,YER155C,0,0.17976795,0.13800577819347382,0.7632367610931396,0.4772477149963379
YIL138C,YLL038C,1,0.17947988,0.13816146552562714,0.7642357349395752,0.4772477149963379
YGR181W,YCR024C,0,0.17872246,0.13813650608062744,0.7642357349395752,0.477347731590271
YNL221C,YPL117C,0,0.17832923,0.13811157643795013,0.7642357349395752,0.4774477481842041
YPL116W,YJL021C,0,0.17793778,0.13808664679527283,0.7642357349395752,0.4775477647781372
YOR034C,YNL318C,0,0.17764789,0.13806171715259552,0.7642357349395752,0.4776477515697479
YDR471W,YLR143W,0,0.17763342,0.1380368024110794,0.7642357349395752,0.47774776816368103
YOL132W,YPR199C,0,0.17754795,0.1380119025707245,0.7642357349395752,0.47784778475761414
YMR232W,YML081W,0,0.17743146,0.13798701763153076,0.7642357349395752,0.47794780135154724
YLR258W,YBR043C,0,0.1771419,0.13796213269233704,0.7642357349395752,0.47804781794548035
YGR254W,YDR261C,0,0.17642947,0.1379372477531433,0.7642357349395752,0.47814780473709106
YOR380W,YDR178W,0,0.17637497,0.13791237771511078,0.7642357349395752,0.47824782133102417
YJR132W,YPR175W,0,0.17635319,0.13788752257823944,0.7642357349395752,0.4783478379249573
YBR029C,YIR019C,0,0.17622057,0.1378626823425293,0.7642357349395752,0.4784478545188904
YJL183W,YGR205W,0,0.17619434,0.13783784210681915,0.7642357349395752,0.4785478413105011
YKL191W,YDR359C,0,0.17615823,0.137813001871109,0.7642357349395752,0.4786478579044342
YLR284C,YMR242C,0,0.17581722,0.13778819143772125,0.7642357349395752,0.4787478744983673
YFR047C,YMR048W,0,0.17563403,0.1377633661031723,0.7642357349395752,0.4788478910923004
YAL015C,YCL001W,0,0.17547347,0.13773857057094574,0.7642357349395752,0.4789479076862335
YOR045W,YOR258W,0,0.17547058,0.13771377503871918,0.7642357349395752,0.47904789447784424
YNL103W,YBR268W,0,0.17544134,0.13768897950649261,0.7642357349395752,0.47914791107177734
YGL061C,YHR080C,0,0.17536834,0.13766421377658844,0.7642357349395752,0.47924792766571045
YPL138C,YIL038C,0,0.1752334,0.13763943314552307,0.7642357349395752,0.47934794425964355
YDR100W,YLR075W,0,0.17504404,0.1376146823167801,0.7642357349395752,0.4794479310512543
YHR120W,YOR158W,0,0.17504144,0.1375899314880371,0.7642357349395752,0.4795479476451874
YIL056W,YLR052W,0,0.17496121,0.13756518065929413,0.7642357349395752,0.4796479642391205
YOR264W,YDR528W,0,0.17481646,0.13754045963287354,0.7642357349395752,0.4797479808330536
YJR048W,YJL058C,0,0.17478754,0.13751572370529175,0.7642357349395752,0.4798479974269867
YGL126W,YDR105C,0,0.17458665,0.13749101758003235,0.7642357349395752,0.4799479842185974
YDR407C,YDR087C,0,0.17458633,0.13746631145477295,0.7642357349395752,0.4800480008125305
YLR019W,YKR095W,0,0.17426306,0.13744160532951355,0.7642357349395752,0.4801480174064636
YOR172W,YLR143W,0,0.17415832,0.13741691410541534,0.7642357349395752,0.48024803400039673
YFL025C,YIR004W,0,0.17408587,0.13739223778247833,0.7642357349395752,0.48034802079200745
YAL019W,YGL092W,0,0.17381702,0.13736757636070251,0.7642357349395752,0.48044803738594055
YDR009W,YGL092W,0,0.17378782,0.1373429149389267,0.7642357349395752,0.48054805397987366
YHR139C,YLR056W,0,0.17364022,0.13731825351715088,0.7642357349395752,0.48064807057380676
YDR127W,YDR430C,0,0.17333606,0.13729360699653625,0.7642357349395752,0.48074808716773987
YLR215C,YAR009C,0,0.1730783,0.13726897537708282,0.7642357349395752,0.4808480739593506
YDR381W,YHR138C,0,0.17301057,0.1372443437576294,0.7642357349395752,0.4809480905532837
YDR166C,YLL038C,1,0.17250341,0.1373991072177887,0.7652347683906555,0.4809480905532837
YNL240C,YEL044W,0,0.17239028,0.13737446069717407,0.7652347683906555,0.4810481071472168
YPL248C,YPL135W,0,0.17238933,0.13734982907772064,0.7652347683906555,0.4811481237411499
YPR037C,YCL039W,0,0.17225498,0.1373252123594284,0.7652347683906555,0.4812481105327606
YNL133C,YLR460C,0,0.17223233,0.13730059564113617,0.7652347683906555,0.4813481271266937
YDL091C,YNL278W,0,0.17213532,0.13727597892284393,0.7652347683906555,0.48144814372062683
YFR024C-A,YKR079C,0,0.1720604,0.13725139200687408,0.7652347683906555,0.48154816031455994
YNL190W,YER023W,0,0.17205834,0.13722680509090424,0.7652347683906555,0.48164817690849304
YOL135C,YMR183C,0,0.17195638,0.1372022181749344,0.7652347683906555,0.48174816370010376
YBR162W-A,YNL251C,0,0.171795,0.13717764616012573,0.7652347683906555,0.48184818029403687
YER072W,YGL171W,0,0.17164625,0.13715308904647827,0.7652347683906555,0.48194819688796997
YDR386W,YDL117W,0,0.17154834,0.1371285319328308,0.7652347683906555,0.4820482134819031
YLR258W,YDR422C,0,0.1715193,0.13710398972034454,0.7652347683906555,0.4821482002735138
YNL164C,YOR001W,0,0.17145287,0.13707946240901947,0.7652347683906555,0.4822482168674469
YGR046W,YOR254C,0,0.17109951,0.1370549350976944,0.7652347683906555,0.48234823346138
YKR093W,YHR194W,0,0.17099476,0.13703040778636932,0.7652347683906555,0.4824482500553131
YMR286W,YPL224C,0,0.1706619,0.13700589537620544,0.7652347683906555,0.4825482666492462
YJL045W,YNL156C,0,0.17007445,0.13698139786720276,0.7652347683906555,0.48264825344085693
YDR517W,YBL100W-B,0,0.1699701,0.13695691525936127,0.7652347683906555,0.48274827003479004
YBR091C,YDR301W,0,0.16976942,0.13693243265151978,0.7652347683906555,0.48284828662872314
YNL103W,YGR174C,0,0.16968529,0.13690795004367828,0.7652347683906555,0.48294830322265625
YPR128C,YOR172W,0,0.1693363,0.13688348233699799,0.7652347683906555,0.48304829001426697
YOL009C,YHL026C,0,0.1691877,0.13685902953147888,0.7652347683906555,0.4831483066082001
YMR059W,YGR040W,0,0.16916937,0.13683457672595978,0.7652347683906555,0.4832483232021332
YPL235W,YKL005C,0,0.16916893,0.13681013882160187,0.7652347683906555,0.4833483397960663
YHR108W,YIL052C,0,0.16908853,0.13678571581840515,0.7652347683906555,0.4834483563899994
YGL005C,YIL038C,0,0.16868925,0.13676129281520844,0.7652347683906555,0.4835483431816101
YBR114W,YLR167W,0,0.16820738,0.1367368847131729,0.7652347683906555,0.4836483597755432
YPR037C,YOR065W,0,0.16804063,0.1367124766111374,0.7652347683906555,0.4837483763694763
YPR071W,YOR273C,0,0.16778433,0.13668808341026306,0.7652347683906555,0.4838483929634094
YJL089W,YBL038W,0,0.16753817,0.13666369020938873,0.7652347683906555,0.48394840955734253
YLL016W,YMR131C,0,0.16733085,0.1366393119096756,0.7652347683906555,0.48404839634895325
YDR308C,YAL026C,0,0.1672535,0.13661494851112366,0.7652347683906555,0.48414841294288635
YJR153W,YHR079C-B,0,0.16710402,0.13659058511257172,0.7652347683906555,0.48424842953681946
YKR079C,YGL198W,0,0.16610189,0.13656623661518097,0.7652347683906555,0.48434844613075256
YER179W,YDR028C,0,0.16604158,0.13654188811779022,0.7652347683906555,0.4844484329223633
YAL019W,YDR188W,0,0.16563155,0.13651755452156067,0.7652347683906555,0.4845484495162964
YDR129C,YFL005W,1,0.16559541,0.13667142391204834,0.7662337422370911,0.4845484495162964
YOR119C,YNL063W,0,0.16555752,0.1366470754146576,0.7662337422370911,0.4846484661102295
YIL014W,YLR352W,0,0.16471547,0.13662272691726685,0.7662337422370911,0.4847484827041626
YOL055C,YJL035C,0,0.16436547,0.1365983933210373,0.7662337422370911,0.4848484992980957
YJR109C,YLL018C-A,0,0.16432428,0.13657407462596893,0.7662337422370911,0.4849484860897064
YOR171C,YCL029C,1,0.16428213,0.13672779500484467,0.7672327756881714,0.4849484860897064
YGR174C,YLR313C,0,0.16427317,0.13670344650745392,0.7672327756881714,0.4850485026836395
YBR130C,YLR150W,0,0.16419369,0.13667912781238556,0.7672327756881714,0.48514851927757263
YDL189W,YFL011W,0,0.16393079,0.1366548091173172,0.7672327756881714,0.48524853587150574
YDL230W,YDR435C,0,0.1631006,0.13663049042224884,0.7672327756881714,0.48534852266311646
YPL004C,YHL015W,0,0.16290304,0.13660618662834167,0.7672327756881714,0.48544853925704956
YAL056W,YDR217C,0,0.16289702,0.1365818977355957,0.7672327756881714,0.48554855585098267
YPR199C,YOR001W,0,0.16253129,0.13655760884284973,0.7672327756881714,0.48564857244491577
YOR233W,YCL012W,1,0.16178532,0.13671110570430756,0.7682317495346069,0.48564857244491577
YML045W,YNL081C,0,0.16158575,0.13668681681156158,0.7682317495346069,0.4857485890388489
YOR081C,YGL016W,0,0.16148338,0.13666251301765442,0.7682317495346069,0.4858485758304596
YLR075W,YJR050W,0,0.16118002,0.13663823902606964,0.7682317495346069,0.4859485924243927
YHR107C,YCL029C,1,0.16117647,0.13679161667823792,0.7692307829856873,0.4859485924243927
YGR165W,YPL173W,0,0.16084284,0.13676731288433075,0.7692307829856873,0.4860486090183258
YDR528W,YER139C,0,0.16082689,0.13674302399158478,0.7692307829856873,0.4861486256122589
YDR325W,YBR146W,0,0.16076778,0.13671875,0.7692307829856873,0.48624861240386963
YDR367W,YKR031C,0,0.1607086,0.13669447600841522,0.7692307829856873,0.48634862899780273
YIL075C,YER093C,0,0.1605103,0.13667021691799164,0.7692307829856873,0.48644864559173584
YLR333C,YOL051W,0,0.16038555,0.13664595782756805,0.7692307829856873,0.48654866218566895
YNL251C,YPR141C,0,0.16011916,0.13662171363830566,0.7692307829856873,0.48664867877960205
YPR034W,YPL076W,0,0.15985632,0.13659748435020447,0.7692307829856873,0.48674866557121277
YOL098C,YGR178C,0,0.159396,0.13657325506210327,0.7692307829856873,0.4868486821651459
YDR372C,YHR138C,0,0.1590066,0.13654904067516327,0.7692307829856873,0.486948698759079
YIL019W,YML101C,0,0.15897131,0.13652482628822327,0.7692307829856873,0.4870487153530121
YKL134C,YGR142W,0,0.15887907,0.13650062680244446,0.7692307829856873,0.4871487021446228
YCL012W,YNR055C,0,0.15882334,0.13647642731666565,0.7692307829856873,0.4872487187385559
YGL181W,YOR367W,1,0.15879776,0.13662944734096527,0.7702297568321228,0.4872487187385559
YLR220W,YPL063W,0,0.15859425,0.13660524785518646,0.7702297568321228,0.487348735332489
YMR234W,YDR395W,0,0.15836783,0.13658104836940765,0.7702297568321228,0.4874487519264221
YDR110W,YLR323C,0,0.1582621,0.13655684888362885,0.7702297568321228,0.4875487685203552
YLR023C,YMR050C,0,0.15806064,0.13653267920017242,0.7702297568321228,0.48764875531196594
YDR437W,YHR114W,0,0.15791054,0.1365084946155548,0.7702297568321228,0.48774877190589905
YIL064W,YDL243C,0,0.15688412,0.13648433983325958,0.7702297568321228,0.48784878849983215
YLR239C,YGL087C,0,0.15652594,0.13646017014980316,0.7702297568321228,0.48794880509376526
YOL076W,YPL221W,0,0.1563888,0.13643603026866913,0.7702297568321228,0.488048791885376
YIL119C,YOR019W,0,0.15605226,0.1364118903875351,0.7702297568321228,0.4881488084793091
YDR325W,YPR068C,0,0.1559086,0.13638776540756226,0.7702297568321228,0.4882488250732422
YHL003C,YDR190C,0,0.15578459,0.13636364042758942,0.7702297568321228,0.4883488416671753
YFR024C,YLR342W,1,0.15568186,0.13651636242866516,0.7712287902832031,0.4883488416671753
YPR134W,YKL063C,0,0.15562193,0.13649222254753113,0.7712287902832031,0.4884488582611084
YLL026W,YCL054W,0,0.15538502,0.1364680975675583,0.7712287902832031,0.4885488450527191
YLR333C,YKL006W,0,0.15520829,0.13644397258758545,0.7712287902832031,0.4886488616466522
YBR107C,YER129W,0,0.15516257,0.1364198625087738,0.7712287902832031,0.4887488782405853
YDL003W,YPL171C,0,0.15511122,0.13639575242996216,0.7712287902832031,0.48884889483451843
YHR158C,YDR343C,0,0.15507507,0.1363716721534729,0.7712287902832031,0.48894888162612915
YNL103W,YHR090C,0,0.1547494,0.13634757697582245,0.7712287902832031,0.48904889822006226
YIL019W,YBR211C,0,0.15430644,0.1363234966993332,0.7712287902832031,0.48914891481399536
YOL069W,YDR439W,0,0.15425223,0.13629943132400513,0.7712287902832031,0.48924893140792847
YEL051W,YLR055C,0,0.15413807,0.13627538084983826,0.7712287902832031,0.4893489480018616
YER005W,YPL049C,0,0.15410605,0.1362513303756714,0.7712287902832031,0.4894489347934723
YOR380W,YCL001W,0,0.15402585,0.13622727990150452,0.7712287902832031,0.4895489513874054
YBR260C,YNL194C,1,0.15400606,0.136379674077034,0.7722277641296387,0.4895489513874054
YCR091W,YER143W,0,0.15383166,0.13635562360286713,0.7722277641296387,0.4896489679813385
YJL098W,YDR244W,0,0.15370362,0.13633157312870026,0.7722277641296387,0.4897489845752716
YFL025C,YCR035C,0,0.15329143,0.1363075226545334,0.7722277641296387,0.4898489713668823
YLR193C,YIL037C,0,0.15314844,0.1362835019826889,0.7722277641296387,0.48994898796081543
YOR189W,YNL130C,0,0.1527747,0.13625948131084442,0.7722277641296387,0.49004900455474854
YLR223C,YKL192C,0,0.1526304,0.13623546063899994,0.7722277641296387,0.49014902114868164
YGR296W,YHR106W,0,0.15225442,0.13621145486831665,0.7722277641296387,0.49024903774261475
YDL204W,YDR388W,1,0.15215963,0.13636364042758942,0.773226797580719,0.49024903774261475
YLR361C,YML061C,0,0.15198591,0.13633961975574493,0.773226797580719,0.49034902453422546
YML092C,YBR212W,0,0.15188374,0.13631559908390045,0.773226797580719,0.49044904112815857
YPR188C,YBL014C,0,0.15102267,0.13629159331321716,0.773226797580719,0.4905490577220917
YML021C,YIL068C,0,0.15085484,0.13626760244369507,0.773226797580719,0.4906490743160248
YBL100W-B,YIL167W,0,0.15066682,0.13624362647533417,0.773226797580719,0.4907490611076355
YMR076C,YDL175C,0,0.15059114,0.13621963560581207,0.773226797580719,0.4908490777015686
YDR098C,YJR096W,0,0.15057221,0.13619567453861237,0.773226797580719,0.4909490942955017
YMR009W,YGL045W,0,0.15056886,0.13617171347141266,0.773226797580719,0.4910491108894348
YJR131W,YMR183C,0,0.15046258,0.13614775240421295,0.773226797580719,0.4911491274833679
YNL216W,YHL006C,0,0.1504326,0.13612380623817444,0.773226797580719,0.49124911427497864
YOR068C,YHR037W,0,0.15023687,0.13609987497329712,0.773226797580719,0.49134913086891174
YDR004W,YER040W,0,0.15016393,0.1360759437084198,0.773226797580719,0.49144914746284485
YDR227W,YOR103C,0,0.1499964,0.13605202734470367,0.773226797580719,0.49154916405677795
YMR081C,YIL038C,0,0.14980185,0.13602812588214874,0.773226797580719,0.49164915084838867
YHR005C,YKR099W,0,0.14935897,0.1360042244195938,0.773226797580719,0.4917491674423218
YIL030C,YNL294C,0,0.1493181,0.13598032295703888,0.773226797580719,0.4918491840362549
YPL221W,YER178W,0,0.14930779,0.13595643639564514,0.773226797580719,0.491949200630188
YOR078W,YDL087C,0,0.14927968,0.1359325647354126,0.773226797580719,0.4920492172241211
YML011C,YIL148W,0,0.1492384,0.13590869307518005,0.773226797580719,0.4921492040157318
YIL119C,YDR105C,0,0.14919029,0.1358848363161087,0.773226797580719,0.4922492206096649
YDR345C,YDR500C,0,0.14913976,0.13586097955703735,0.773226797580719,0.492349237203598
YHL003C,YIR026C,0,0.14912778,0.1358371376991272,0.773226797580719,0.49244925379753113
YPL133C,YML047C,0,0.14908245,0.13581329584121704,0.773226797580719,0.49254924058914185
YJR050W,YER032W,0,0.14907487,0.13578946888446808,0.773226797580719,0.49264925718307495
YPL183C,YOR059C,0,0.14901264,0.1357656568288803,0.773226797580719,0.49274927377700806
YJL021C,YOR078W,0,0.14881915,0.13574184477329254,0.773226797580719,0.49284929037094116
YML061C,YOL059W,0,0.14856008,0.13571804761886597,0.773226797580719,0.49294930696487427
YIL056W,YDL134C,0,0.14845386,0.1356942504644394,0.773226797580719,0.493049293756485
YDR516C,YHR149C,0,0.14832082,0.135670468211174,0.773226797580719,0.4931493103504181
YHR146W,YGL027C,0,0.14803693,0.13564668595790863,0.773226797580719,0.4932493269443512
YBR109C,YPL076W,0,0.14787969,0.13562291860580444,0.773226797580719,0.4933493435382843
YLR006C,YDR176W,0,0.14786223,0.13559916615486145,0.773226797580719,0.493449330329895
YOL154W,YFR053C,0,0.14748192,0.13557541370391846,0.773226797580719,0.4935493469238281
YDR482C,YBR162C,0,0.14711083,0.13555166125297546,0.773226797580719,0.49364936351776123
YMR156C,YBL047C,0,0.14710855,0.13552792370319366,0.773226797580719,0.49374938011169434
YOR002W,YER071C,0,0.1467286,0.13550420105457306,0.773226797580719,0.49384939670562744
YHR114W,YOR259C,0,0.14656198,0.13548047840595245,0.773226797580719,0.49394938349723816
YPR188C,YFR038W,0,0.14625052,0.13545677065849304,0.773226797580719,0.49404940009117126
YLL026W,YMR041C,0,0.14622909,0.13543307781219482,0.773226797580719,0.49414941668510437
YIL137C,YGR245C,0,0.14620586,0.1354093700647354,0.773226797580719,0.4942494332790375
YKL129C,YAL068C,0,0.14617628,0.1353856921195984,0.773226797580719,0.4943494200706482
YPR037C,YJR150C,0,0.14615467,0.13536201417446136,0.773226797580719,0.4944494366645813
YOR032C,YCL064C,0,0.14593613,0.13533835113048553,0.773226797580719,0.4945494532585144
YDL240W,YPL115C,0,0.14572541,0.1353146880865097,0.773226797580719,0.4946494698524475
YDL072C,YBL047C,0,0.14543428,0.13529103994369507,0.773226797580719,0.4947494864463806
YER081W,YDR284C,0,0.14531714,0.13526739180088043,0.773226797580719,0.49484947323799133
YKL185W,YLR411W,0,0.14529821,0.135243758559227,0.773226797580719,0.49494948983192444
YLR377C,YKR085C,0,0.14528629,0.13522012531757355,0.773226797580719,0.49504950642585754
YLR167W,YOR363C,0,0.14486259,0.1351965069770813,0.773226797580719,0.49514952301979065
YJR046W,YNR033W,0,0.14438105,0.13517288863658905,0.773226797580719,0.49524953961372375
YPR067W,YNL111C,0,0.14426714,0.1351493000984192,0.773226797580719,0.4953495264053345
YOR271C,YLR292C,0,0.1441319,0.13512569665908813,0.773226797580719,0.4954495429992676
YPL169C,YGR283C,0,0.14369307,0.13510210812091827,0.773226797580719,0.4955495595932007
YHR037W,YNL130C,0,0.14349261,0.1350785344839096,0.773226797580719,0.4956495761871338
YMR059W,YDR041W,0,0.14341806,0.13505496084690094,0.773226797580719,0.4957495629787445
YGL005C,YDR430C,0,0.14338386,0.13503140211105347,0.773226797580719,0.4958495795726776
YBR046C,YMR040W,0,0.14331672,0.135007843375206,0.773226797580719,0.4959495961666107
YBR054W,YJR049C,0,0.14329821,0.13498429954051971,0.773226797580719,0.4960496127605438
YJR042W,YMR074C,0,0.14293839,0.13496077060699463,0.773226797580719,0.49614962935447693
YDL240W,YOR157C,0,0.14256668,0.13493724167346954,0.773226797580719,0.49624961614608765
YDL113C,YBR045C,0,0.14203909,0.13491371273994446,0.773226797580719,0.49634963274002075
YBL007C,YLR367W,0,0.14201671,0.13489019870758057,0.773226797580719,0.49644964933395386
YBR191W,YBL047C,0,0.14193697,0.13486669957637787,0.773226797580719,0.49654966592788696
YML004C,YDR108W,0,0.14161265,0.13484320044517517,0.773226797580719,0.4966496527194977
YBR091C,YMR002W,0,0.14137828,0.13481971621513367,0.773226797580719,0.4967496693134308
YBL005W,YNR033W,0,0.14123784,0.13479623198509216,0.773226797580719,0.4968496859073639
YHR088W,YGL093W,0,0.14108229,0.13477276265621185,0.773226797580719,0.496949702501297
YOR011W,YNL065W,0,0.14088213,0.13474930822849274,0.773226797580719,0.4970497190952301
YMR274C,YML031W,0,0.1407863,0.13472585380077362,0.773226797580719,0.4971497058868408
YBR107C,YML096W,0,0.1407448,0.1347023993730545,0.773226797580719,0.4972497224807739
YOR002W,YBR065C,0,0.14061975,0.13467895984649658,0.773226797580719,0.49734973907470703
YCL044C,YPL021W,0,0.14053093,0.13465553522109985,0.773226797580719,0.49744975566864014
YBR180W,YLR299W,0,0.14029199,0.13463211059570312,0.773226797580719,0.49754974246025085
YDL204W,YKL007W,1,0.14015506,0.134782612323761,0.7742257714271545,0.49754974246025085
YDR200C,YOR110W,0,0.13958706,0.13475917279720306,0.7742257714271545,0.49764975905418396
YLL026W,YCL039W,0,0.1392849,0.13473574817180634,0.7742257714271545,0.49774977564811707
YLR059C,YJL196C,0,0.13923775,0.1347123235464096,0.7742257714271545,0.49784979224205017
YGR205W,YOR254C,0,0.13894539,0.13468891382217407,0.7742257714271545,0.4979498088359833
YJR117W,YHR197W,0,0.13888231,0.13466550409793854,0.7742257714271545,0.498049795627594
YKL063C,YKR031C,0,0.13823709,0.1346421092748642,0.7742257714271545,0.4981498122215271
YLR352W,YGL078C,0,0.13817662,0.13461872935295105,0.7742257714271545,0.4982498288154602
YLR215C,YGL167C,0,0.13805577,0.1345953494310379,0.7742257714271545,0.4983498454093933
YBR180W,YGL111W,0,0.13793387,0.13457196950912476,0.7742257714271545,0.49844983220100403
YOR273C,YDR021W,0,0.13762066,0.1345486044883728,0.7742257714271545,0.49854984879493713
YDL105W,YJL212C,0,0.13731661,0.13452525436878204,0.7742257714271545,0.49864986538887024
YML045W,YDR287W,0,0.13729912,0.13450190424919128,0.7742257714271545,0.49874988198280334
YDL204W,YLL038C,1,0.13656025,0.13465209305286407,0.7752248048782349,0.49874988198280334
YIL013C,YDR437W,0,0.13627675,0.13462872803211212,0.7752248048782349,0.49884989857673645
YMR242C,YER060W,0,0.13611743,0.13460537791252136,0.7752248048782349,0.49894988536834717
YDR091C,YBR100W,0,0.13611636,0.1345820277929306,0.7752248048782349,0.4990499019622803
YBL056W,YGL243W,0,0.13578844,0.13455869257450104,0.7752248048782349,0.4991499185562134
YHL031C,YGL096W,0,0.13572049,0.13453537225723267,0.7752248048782349,0.4992499351501465
YMR220W,YNL294C,0,0.13532904,0.1345120519399643,0.7752248048782349,0.4993499219417572
YOL122C,YMR275C,0,0.13522992,0.13448873162269592,0.7752248048782349,0.4994499385356903
YIL013C,YPL145C,0,0.13513081,0.13446542620658875,0.7752248048782349,0.4995499551296234
YJL054W,YPR143W,0,0.13459545,0.13444213569164276,0.7752248048782349,0.4996499717235565
YLR085C,YLR345W,0,0.1343567,0.13441884517669678,0.7752248048782349,0.4997499883174896
YGL104C,YGL085W,0,0.13428833,0.134395569562912,0.7752248048782349,0.49984997510910034
YLR284C,YER007C-A,0,0.1339904,0.1343722939491272,0.7752248048782349,0.49994999170303345
YPR008W,YBR131W,0,0.13361207,0.1343490332365036,0.7752248048782349,0.5000500082969666
YDR273W,YDL211C,0,0.13341145,0.13432577252388,0.7752248048782349,0.5001500248908997
YNR038W,YHR079C-B,0,0.1332317,0.1343025267124176,0.7752248048782349,0.5002500414848328
YLR220W,YKL155C,0,0.13298228,0.1342792809009552,0.7752248048782349,0.5003500580787659
YOL121C,YCR036W,0,0.13289365,0.134256049990654,0.7752248048782349,0.500450074672699
YLR150W,YLR313C,0,0.13203028,0.13423283398151398,0.7752248048782349,0.5005500316619873
YJR027W,YJL026W,0,0.13198584,0.13420961797237396,0.7752248048782349,0.5006500482559204
YBR211C,YPR131C,0,0.13196275,0.13418640196323395,0.7752248048782349,0.5007500648498535
YMR041C,YJL216C,0,0.13163272,0.13416321575641632,0.7752248048782349,0.5008500814437866
YPR100W,YFR034C,0,0.13120525,0.1341400146484375,0.7752248048782349,0.5009500980377197
YLR059C,YOL116W,0,0.13105287,0.13411682844161987,0.7752248048782349,0.5010501146316528
YLL024C,YBL051C,0,0.13099658,0.13409365713596344,0.7752248048782349,0.5011501312255859
YCL017C,YKL032C,0,0.13065341,0.134070485830307,0.7752248048782349,0.501250147819519
YAL015C,YPR003C,0,0.130546,0.13404732942581177,0.7752248048782349,0.5013501644134521
YLL048C,YNL041C,0,0.13052884,0.13402417302131653,0.7752248048782349,0.5014501214027405
YKL026C,YBR003W,0,0.13039824,0.13400103151798248,0.7752248048782349,0.5015501379966736
YDL235C,YLR131C,0,0.13018207,0.13397790491580963,0.7752248048782349,0.5016501545906067
YCR009C,YIL034C,1,0.13007541,0.1341273933649063,0.7762237787246704,0.5016501545906067
YMR158W,YDR176W,0,0.12999925,0.13410425186157227,0.7762237787246704,0.5017501711845398
YHR201C,YDR430C,0,0.12996423,0.13408111035823822,0.7762237787246704,0.5018501877784729
YFL005W,YOL121C,0,0.12953424,0.13405796885490417,0.7762237787246704,0.501950204372406
YGL104C,YMR158W,0,0.12932844,0.13403484225273132,0.7762237787246704,0.5020502209663391
YPL043W,YPL193W,0,0.12926674,0.13401173055171967,0.7762237787246704,0.5021502375602722
YHR009C,YDR317W,0,0.12876152,0.133988618850708,0.7762237787246704,0.5022502541542053
YLL006W,YOR358W,0,0.12873605,0.13396552205085754,0.7762237787246704,0.5023502111434937
YKL069W,YJL021C,0,0.128714,0.13394242525100708,0.7762237787246704,0.5024502277374268
YOL126C,YGR080W,0,0.12860873,0.1339193433523178,0.7762237787246704,0.5025502443313599
YBR208C,YIL062C,0,0.12858856,0.13389626145362854,0.7762237787246704,0.502650260925293
YKR096W,YHR210C,0,0.12858148,0.13387319445610046,0.7762237787246704,0.5027502775192261
YDR361C,YHR139C,0,0.12820624,0.1338501274585724,0.7762237787246704,0.5028502941131592
YMR059W,YLR460C,0,0.12817876,0.1338270753622055,0.7762237787246704,0.5029503107070923
YBR218C,YJR054W,0,0.12771852,0.13380402326583862,0.7762237787246704,0.5030503273010254
YKL155C,YPL145C,0,0.12736423,0.13378098607063293,0.7762237787246704,0.5031503438949585
YGL070C,YKR034W,0,0.12717664,0.13375796377658844,0.7762237787246704,0.5032503008842468
YLR058C,YGL198W,0,0.12714598,0.13373494148254395,0.7762237787246704,0.5033503174781799
YLR417W,YBL014C,0,0.12713152,0.13371191918849945,0.7762237787246704,0.503450334072113
YGR138C,YNL081C,0,0.12687686,0.13368892669677734,0.7762237787246704,0.5035503506660461
YBL038W,YOR110W,0,0.12663315,0.13366591930389404,0.7762237787246704,0.5036503672599792
YOR252W,YPR174C,0,0.1265204,0.13364292681217194,0.7762237787246704,0.5037503838539124
YKL014C,YML102W,0,0.12639502,0.13361994922161102,0.7762237787246704,0.5038504004478455
YDR325W,YLR061W,0,0.12603763,0.1335969716310501,0.7762237787246704,0.5039504170417786
YOR065W,YGL027C,0,0.12549874,0.1335740089416504,0.7762237787246704,0.5040504336357117
YGL070C,YJL179W,0,0.1253028,0.13355104625225067,0.7762237787246704,0.504150390625
YDR545W,YNL161W,0,0.12524432,0.13352809846401215,0.7762237787246704,0.5042504072189331
YPL120W,YJR027W,0,0.12504691,0.13350515067577362,0.7762237787246704,0.5043504238128662
YPL209C,YDR309C,0,0.12486162,0.1334822177886963,0.7762237787246704,0.5044504404067993
YFL026W,YHR024C,0,0.12468339,0.13345928490161896,0.7762237787246704,0.5045504570007324
YHR185C,YIL030C,0,0.12465236,0.13343636691570282,0.7762237787246704,0.5046504735946655
YML004C,YDR122W,0,0.12459486,0.13341346383094788,0.7762237787246704,0.5047504901885986
YOL020W,YIL153W,0,0.12438715,0.13339056074619293,0.7762237787246704,0.5048505067825317
YDR287W,YHR006W,0,0.124028586,0.133367657661438,0.7762237787246704,0.5049505233764648
YGR178C,YPL040C,0,0.12398595,0.13334476947784424,0.7762237787246704,0.5050504803657532
YFR024C,YDR308C,0,0.12396941,0.13332189619541168,0.7762237787246704,0.5051504969596863
YDR234W,YLR466W,0,0.1234493,0.13329902291297913,0.7762237787246704,0.5052505135536194
YPR046W,YGL151W,0,0.123351745,0.13327616453170776,0.7762237787246704,0.5053505301475525
YGR082W,YFL049W,0,0.12332826,0.1332533061504364,0.7762237787246704,0.5054505467414856
YER177W,YOL144W,0,0.12311762,0.13323044776916504,0.7762237787246704,0.5055505633354187
YLR411W,YDR019C,0,0.122060694,0.13320761919021606,0.7762237787246704,0.5056505799293518
YLR061W,YER108C,0,0.12186999,0.1331847757101059,0.7762237787246704,0.5057505965232849
YPR110C,YGR046W,0,0.121755876,0.13316194713115692,0.7762237787246704,0.505850613117218
YHR204W,YPL221W,0,0.12150214,0.13313913345336914,0.7762237787246704,0.5059505701065063
YPR128C,YKL005C,0,0.121491544,0.13311631977558136,0.7762237787246704,0.5060505867004395
YOR019W,YNL066W,0,0.12131936,0.13309352099895477,0.7762237787246704,0.5061506032943726
YGR212W,YOR195W,0,0.121314324,0.13307073712348938,0.7762237787246704,0.5062506198883057
YNL051W,YLR363C,0,0.12120522,0.1330479383468628,0.7762237787246704,0.5063506364822388
YGR178C,YER159C,0,0.12105291,0.1330251693725586,0.7762237787246704,0.5064506530761719
YCR088W,YLL038C,1,0.12095695,0.13317357003688812,0.777222752571106,0.5064506530761719
YNR033W,YBR100W,0,0.120696835,0.13315077126026154,0.777222752571106,0.506550669670105
YHR120W,YGL016W,0,0.12067207,0.13312798738479614,0.777222752571106,0.5066506862640381
YLL048C,YDR439W,0,0.12047274,0.13310521841049194,0.777222752571106,0.5067507028579712
YLR429W,YDR388W,1,0.1199925,0.13325349986553192,0.7782217860221863,0.5067507028579712
YDR397C,YHL026C,0,0.11989892,0.13323071599006653,0.7782217860221863,0.5068506598472595
YDR213W,YNL062C,0,0.11928301,0.13320793211460114,0.7782217860221863,0.5069506764411926
YGL061C,YDR359C,0,0.1190448,0.13318516314029694,0.7782217860221863,0.5070506930351257
YBR248C,YJL003W,0,0.118899725,0.13316239416599274,0.7782217860221863,0.5071507096290588
YDR243C,YOR195W,0,0.11864289,0.13313964009284973,0.7782217860221863,0.5072507262229919
YNL190W,YCL054W,0,0.11836355,0.13311688601970673,0.7782217860221863,0.507350742816925
YKL026C,YGR122W,0,0.11785548,0.13309414684772491,0.7782217860221863,0.5074507594108582
YJR132W,YNL181W,0,0.11763921,0.1330714076757431,0.7782217860221863,0.5075507760047913
YJL054W,YLR001C,0,0.11695764,0.13304868340492249,0.7782217860221863,0.5076507925987244
YHR165C,YLL067C,0,0.116810046,0.13302595913410187,0.7782217860221863,0.5077507495880127
YAL015C,YGL219C,0,0.11665668,0.13300324976444244,0.7782217860221863,0.5078507661819458
YJL045W,YDR087C,0,0.1159916,0.13298054039478302,0.7782217860221863,0.5079507827758789
YNL317W,YIL009W,0,0.11589711,0.1329578459262848,0.7782217860221863,0.508050799369812
YGR260W,YDL211C,0,0.11588519,0.13293515145778656,0.7782217860221863,0.5081508159637451
YKR093W,YFR038W,0,0.11553883,0.13291247189044952,0.7782217860221863,0.5082508325576782
YDL160C,YDR468C,0,0.11535206,0.1328897923231125,0.7782217860221863,0.5083508491516113
YGL246C,YKR083C,0,0.11518099,0.13286712765693665,0.7782217860221863,0.5084508657455444
YDR482C,YJL057C,0,0.11508026,0.132844477891922,0.7782217860221863,0.5085508823394775
YFL056C,YKL132C,0,0.11507743,0.13282182812690735,0.7782217860221863,0.5086508393287659
YBR119W,YBR090C-A,0,0.11497753,0.1327991783618927,0.7782217860221863,0.508750855922699
YDR516C,YPL193W,0,0.11480241,0.13277654349803925,0.7782217860221863,0.5088508725166321
YNL079C,YOR367W,1,0.11469596,0.13292433321475983,0.7792207598686218,0.5088508725166321
YMR243C,YLR061W,0,0.11465325,0.13290168344974518,0.7792207598686218,0.5089508891105652
YGR235C,YPR106W,0,0.11441638,0.13287904858589172,0.7792207598686218,0.5090509057044983
YNR019W,YNL063W,0,0.113992,0.13285641372203827,0.7792207598686218,0.5091509222984314
YBR131W,YLR247C,0,0.11384832,0.132833793759346,0.7792207598686218,0.5092509388923645
YIL148W,YEL006W,0,0.11377495,0.13281117379665375,0.7792207598686218,0.5093509554862976
YLL016W,YMR050C,0,0.113157265,0.1327885538339615,0.7792207598686218,0.5094509720802307
YMR076C,YKL138C,0,0.113138564,0.1327659636735916,0.7792207598686218,0.509550929069519
YDL240W,YGR024C,0,0.11308812,0.13274335861206055,0.7792207598686218,0.5096509456634521
YNL183C,YFR053C,0,0.112621985,0.13272078335285187,0.7792207598686218,0.5097509622573853
YER031C,YJL167W,0,0.11255831,0.132698193192482,0.7792207598686218,0.5098509788513184
YBR043C,YDR301W,0,0.112350844,0.13267561793327332,0.7792207598686218,0.5099509954452515
YDR002W,YMR035W,0,0.11192558,0.13265305757522583,0.7792207598686218,0.5100510120391846
YPL210C,YKL114C,0,0.111461334,0.13263051211833954,0.7792207598686218,0.5101510286331177
YNL051W,YDR188W,0,0.1114436,0.13260795176029205,0.7792207598686218,0.5102510452270508
YGR055W,YDR057W,0,0.11133724,0.13258542120456696,0.7792207598686218,0.5103510618209839
YLR293C,YPL179W,0,0.11115686,0.13256287574768066,0.7792207598686218,0.5104510188102722
YKL191W,YPR003C,0,0.111147694,0.13254036009311676,0.7792207598686218,0.5105510354042053
YEL018W,YCL039W,0,0.11085402,0.13251784443855286,0.7792207598686218,0.5106510519981384
YJL208C,YPR086W,0,0.110600345,0.13249532878398895,0.7792207598686218,0.5107510685920715
YER005W,YHR157W,0,0.11024628,0.13247282803058624,0.7792207598686218,0.5108510851860046
YEL024W,YEL051W,0,0.10959857,0.13245032727718353,0.7792207598686218,0.5109511017799377
YER179W,YNL194C,0,0.10955962,0.13242784142494202,0.7792207598686218,0.5110511183738708
YIL107C,YOR009W,0,0.10925572,0.1324053704738617,0.7792207598686218,0.511151134967804
YNL138W,YBL047C,1,0.108856805,0.1325526088476181,0.7802197933197021,0.511151134967804
YJL035C,YNL161W,0,0.10861241,0.1325301229953766,0.7802197933197021,0.5112511515617371
YIL053W,YBR094W,0,0.108598605,0.13250763714313507,0.7802197933197021,0.5113511085510254
YDR213W,YIL087C,0,0.108445756,0.13248515129089355,0.7802197933197021,0.5114511251449585
YMR230W,YPL156C,0,0.108394496,0.13246268033981323,0.7802197933197021,0.5115511417388916
YPL169C,YBR091C,0,0.108235665,0.1324402242898941,0.7802197933197021,0.5116511583328247
YOR380W,YPL234C,0,0.10788864,0.13241776823997498,0.7802197933197021,0.5117511749267578
YOR045W,YDR204W,0,0.10782969,0.13239532709121704,0.7802197933197021,0.5118511915206909
YMR175W,YMR158W,0,0.107687384,0.1323728859424591,0.7802197933197021,0.511951208114624
YOL023W,YDL149W,0,0.10742553,0.13235044479370117,0.7802197933197021,0.5120512247085571
YGL139W,YPL253C,0,0.1073946,0.13232801854610443,0.7802197933197021,0.5121512413024902
YHR146W,YLR023C,0,0.10710265,0.13230560719966888,0.7802197933197021,0.5122511982917786
YOL029C,YKL099C,0,0.10689729,0.13228319585323334,0.7802197933197021,0.5123512148857117
YDL247W,YIL038C,0,0.10673116,0.13226079940795898,0.7802197933197021,0.5124512314796448
YIL119C,YER044C-A,0,0.10627226,0.13223840296268463,0.7802197933197021,0.5125512480735779
YGR253C,YPL189W,0,0.106202945,0.13221602141857147,0.7802197933197021,0.512651264667511
YMR015C,YJL058C,0,0.10611592,0.1321936398744583,0.7802197933197021,0.5127512812614441
YFL056C,YPR057W,0,0.105309084,0.13217125833034515,0.7802197933197021,0.5128512978553772
YML057W,YBR015C,0,0.105306074,0.13214890658855438,0.7802197933197021,0.5129513144493103
YER072W,YJL212C,0,0.10500065,0.13212653994560242,0.7802197933197021,0.5130513310432434
YDR129C,YGR198W,1,0.10479946,0.1322733461856842,0.7812187671661377,0.5130513310432434
YBR101C,YGR044C,0,0.10452487,0.13225097954273224,0.7812187671661377,0.5131512880325317
YDR122W,YER060W,0,0.10438862,0.13222861289978027,0.7812187671661377,0.5132513046264648
YNL103W,YPL176C,0,0.104313254,0.1322062611579895,0.7812187671661377,0.513351321220398
YOR032C,YBL051C,0,0.104225256,0.13218390941619873,0.7812187671661377,0.513451337814331
YMR015C,YJL197W,0,0.104078375,0.13216157257556915,0.7812187671661377,0.5135513544082642
YER014W,YMR262W,0,0.10342374,0.13213923573493958,0.7812187671661377,0.5136513710021973
YLR324W,YHL026C,0,0.102841176,0.1321169137954712,0.7812187671661377,0.5137513875961304
YHR158C,YPL021W,0,0.10249417,0.1320945918560028,0.7812187671661377,0.5138514041900635
YJL162C,YBR029C,0,0.10181526,0.13207228481769562,0.7812187671661377,0.5139514207839966
YLL066C,YML016C,0,0.10175493,0.13204997777938843,0.7812187671661377,0.5140513777732849
YNR032C-A,YCR107W,0,0.101480536,0.13202768564224243,0.7812187671661377,0.514151394367218
YKL048C,YKR034W,0,0.10136233,0.13200540840625763,0.7812187671661377,0.5142514109611511
YHR185C,YBR034C,0,0.10109546,0.13198311626911163,0.7812187671661377,0.5143514275550842
YBR086C,YDR384C,0,0.10056628,0.13196085393428802,0.7812187671661377,0.5144514441490173
YPR068C,YPR046W,0,0.10021017,0.13193859159946442,0.7812187671661377,0.5145514607429504
YNL133C,YDR080W,0,0.10020318,0.1319163292646408,0.7812187671661377,0.5146514773368835
YDR023W,YLR382C,0,0.10013216,0.1318940818309784,0.7812187671661377,0.5147514939308167
YPR131C,YPL076W,0,0.09913886,0.13187183439731598,0.7812187671661377,0.5148515105247498
YHR201C,YLR333C,0,0.099066265,0.13184960186481476,0.7812187671661377,0.5149514675140381
YNL038W,YDL134C,0,0.09884269,0.13182738423347473,0.7812187671661377,0.5150514841079712
YHR194W,YGR296W,0,0.09811877,0.1318051517009735,0.7812187671661377,0.5151515007019043
YLR004C,YGL078C,0,0.09801627,0.13178294897079468,0.7812187671661377,0.5152515172958374
YPR106W,YIL011W,0,0.09752817,0.13176074624061584,0.7812187671661377,0.5153515338897705
YOL132W,YMR205C,0,0.09744535,0.131738543510437,0.7812187671661377,0.5154515504837036
YDL081C,YFR050C,0,0.09725767,0.13171635568141937,0.7812187671661377,0.5155515670776367
YJL110C,YHR111W,0,0.09721916,0.13169416785240173,0.7812187671661377,0.5156515836715698
YLR451W,YER060W,0,0.097120374,0.1316719949245453,0.7812187671661377,0.5157516002655029
YOL029C,YBR193C,0,0.096645765,0.13164983689785004,0.7812187671661377,0.5158515572547913
YNL164C,YKR083C,0,0.09656783,0.13162767887115479,0.7812187671661377,0.5159515738487244
YGL142C,YOR380W,0,0.09624076,0.13160552084445953,0.7812187671661377,0.5160515904426575
YLR085C,YBR208C,0,0.09612032,0.13158337771892548,0.7812187671661377,0.5161516070365906
YDR528W,YMR118C,0,0.09610619,0.13156123459339142,0.7812187671661377,0.5162516236305237
YPR010C,YBR100W,0,0.09608539,0.13153910636901855,0.7812187671661377,0.5163516402244568
YBR146W,YER108C,0,0.09578986,0.13151699304580688,0.7812187671661377,0.5164516568183899
YJL110C,YDR023W,0,0.095378436,0.13149486482143402,0.7812187671661377,0.516551673412323
YML102W,YGR094W,0,0.09524063,0.13147276639938354,0.7812187671661377,0.5166516900062561
YDR261C,YKR099W,0,0.09485688,0.13145066797733307,0.7812187671661377,0.5167516469955444
YDR435C,YOR253W,0,0.094168894,0.1314285695552826,0.7812187671661377,0.5168516635894775
YNR024W,YOR026W,0,0.09397703,0.1314064860343933,0.7812187671661377,0.5169516801834106
YPL209C,YDL102W,0,0.09362405,0.13138440251350403,0.7812187671661377,0.5170516967773438
YHR154W,YPR120C,0,0.09328272,0.13136233389377594,0.7812187671661377,0.5171517133712769
YBR114W,YAL028W,0,0.09323252,0.13134028017520905,0.7812187671661377,0.51725172996521
YDL175C,YGR244C,0,0.09293895,0.13131822645664215,0.7812187671661377,0.5173517465591431
YDR375C,YHR210C,0,0.09253269,0.13129617273807526,0.7812187671661377,0.5174517631530762
YBR189W,YNR052C,0,0.092516154,0.13127413392066956,0.7812187671661377,0.5175517797470093
YOR191W,YLR001C,0,0.0924616,0.13125209510326385,0.7812187671661377,0.5176517367362976
YOL135C,YHR037W,0,0.09244919,0.13123007118701935,0.7812187671661377,0.5177517533302307
YLR234W,YOR059C,0,0.092261896,0.13120804727077484,0.7812187671661377,0.5178517699241638
YGR059W,YLR337C,1,0.0922415,0.13135379552841187,0.782217800617218,0.5178517699241638
YMR175W,YMR101C,0,0.09222386,0.13133177161216736,0.782217800617218,0.5179517865180969
YAL068C,YDR179C,0,0.09169616,0.13130974769592285,0.782217800617218,0.51805180311203
YIL053W,YHR118C,0,0.091591604,0.13128772377967834,0.782217800617218,0.5181518197059631
YMR313C,YPL006W,0,0.091503985,0.13126571476459503,0.782217800617218,0.5182518362998962
YPL061W,YOR259C,0,0.091231786,0.1312437206506729,0.782217800617218,0.5183518528938293
YJL180C,YLL006W,0,0.091180526,0.1312217265367508,0.782217800617218,0.5184518694877625
YER063W,YOR068C,0,0.09099985,0.13119973242282867,0.782217800617218,0.5185518264770508
YJL212C,YPR180W,0,0.0909226,0.13117775321006775,0.782217800617218,0.5186518430709839
YML061C,YGL105W,0,0.090783365,0.13115577399730682,0.782217800617218,0.518751859664917
YJR132W,YCR016W,0,0.09052312,0.1311338096857071,0.782217800617218,0.5188518762588501
YBR090C-A,YNR071C,0,0.09048969,0.13111186027526855,0.782217800617218,0.5189518928527832
YOR193W,YMR237W,0,0.09038792,0.13108991086483002,0.782217800617218,0.5190519094467163
YCR058C,YLR019W,0,0.09035932,0.13106796145439148,0.782217800617218,0.5191519260406494
YGR097W,YLR093C,0,0.09030799,0.13104602694511414,0.782217800617218,0.5192519426345825
YOR266W,YDR057W,0,0.089759514,0.1310240924358368,0.782217800617218,0.5193519592285156
YLR258W,YDL123W,0,0.08954634,0.13100217282772064,0.782217800617218,0.519451916217804
YHL025W,YDR168W,0,0.08933755,0.13098026812076569,0.782217800617218,0.5195519328117371
YIL153W,YLR019W,0,0.08919578,0.13095834851264954,0.782217800617218,0.5196519494056702
YJR118C,YPR155C,0,0.089013465,0.13093645870685577,0.782217800617218,0.5197519659996033
YDL123W,YOR059C,0,0.0889944,0.130914568901062,0.782217800617218,0.5198519825935364
YOL069W,YCL039W,0,0.08876904,0.13089267909526825,0.782217800617218,0.5199519991874695
YDR039C,YDR087C,0,0.08847694,0.13087080419063568,0.782217800617218,0.5200520157814026
YGR202C,YOR026W,0,0.08829651,0.1308489292860031,0.782217800617218,0.5201520323753357
YHR138C,YLR068W,0,0.087701194,0.13082706928253174,0.782217800617218,0.5202520489692688
YJR046W,YIL062C,0,0.08746026,0.13080520927906036,0.782217800617218,0.5203520059585571
YGR212W,YIL008W,0,0.08729268,0.13078336417675018,0.782217800617218,0.5204520225524902
YPL001W,YER102W,0,0.08711908,0.13076151907444,0.782217800617218,0.5205520391464233
YJR076C,YGR059W,1,0.08672569,0.13090665638446808,0.7832167744636536,0.5205520391464233
YOR253W,YER159C,0,0.08665328,0.1308848112821579,0.7832167744636536,0.5206520557403564
YNR048W,YPL215W,0,0.08654826,0.13086296617984772,0.7832167744636536,0.5207520723342896
YLR200W,YGL198W,0,0.08631597,0.13084112107753754,0.7832167744636536,0.5208520889282227
YER044C-A,YDL113C,0,0.08594627,0.13081929087638855,0.7832167744636536,0.5209521055221558
YJR132W,YLR017W,0,0.08564267,0.13079746067523956,0.7832167744636536,0.5210521221160889
YDR280W,YNL181W,0,0.085228376,0.13077564537525177,0.7832167744636536,0.521152138710022
YLR451W,YNL288W,0,0.08487062,0.13075383007526398,0.7832167744636536,0.5212520956993103
YDR007W,YAL056W,0,0.08451586,0.13073202967643738,0.7832167744636536,0.5213521122932434
YIL030C,YLR466W,0,0.08451041,0.13071024417877197,0.7832167744636536,0.5214521288871765
YBR054W,YLL024C,0,0.08417717,0.13068844377994537,0.7832167744636536,0.5215521454811096
YHR139C,YHR080C,0,0.08353185,0.13066667318344116,0.7832167744636536,0.5216521620750427
YGR138C,YBR100W,0,0.08286163,0.13064488768577576,0.7832167744636536,0.5217521786689758
YER033C,YJR046W,0,0.08258455,0.13062313199043274,0.7832167744636536,0.5218521952629089
YJL162C,YJL078C,0,0.08240105,0.13060136139392853,0.7832167744636536,0.521952211856842
YLR185W,YCL067C,0,0.081904314,0.1305796205997467,0.7832167744636536,0.5220522284507751
YGL098W,YHL025W,0,0.081654064,0.1305578649044037,0.7832167744636536,0.5221521854400635
YML011C,YJL180C,0,0.08114188,0.13053612411022186,0.7832167744636536,0.5222522020339966
YLL016W,YBR131W,0,0.08088333,0.13051439821720123,0.7832167744636536,0.5223522186279297
YGR193C,YBR295W,0,0.080777705,0.1304926723241806,0.7832167744636536,0.5224522352218628
YDR500C,YER109C,0,0.08063465,0.13047096133232117,0.7832167744636536,0.5225522518157959
YHL017W,YNL029C,0,0.08062074,0.13044925034046173,0.7832167744636536,0.522652268409729
YDR439W,YPL178W,0,0.08056768,0.1304275542497635,0.7832167744636536,0.5227522850036621
YBR038W,YCL016C,0,0.08006063,0.13040585815906525,0.7832167744636536,0.5228523015975952
YPL234C,YNL059C,0,0.07987375,0.130384162068367,0.7832167744636536,0.5229523181915283
YML092C,YBL008W,0,0.0798179,0.13036248087882996,0.7832167744636536,0.5230523347854614
YLR223C,YPR095C,0,0.079574816,0.1303408145904541,0.7832167744636536,0.5231522917747498
YHR205W,YDR301W,0,0.079464965,0.13031914830207825,0.7832167744636536,0.5232523083686829
YDR148C,YGL018C,0,0.07921431,0.1302974969148636,0.7832167744636536,0.523352324962616
YHR165C,YMR220W,0,0.07903345,0.13027584552764893,0.7832167744636536,0.5234523415565491
YAL019W,YGR030C,0,0.078872666,0.13025419414043427,0.7832167744636536,0.5235523581504822
YPR188C,YER041W,0,0.07818302,0.1302325576543808,0.7832167744636536,0.5236523747444153
YER031C,YDR273W,0,0.07816755,0.13021092116832733,0.7832167744636536,0.5237523913383484
YER142C,YBR149W,0,0.07808419,0.13018929958343506,0.7832167744636536,0.5238524079322815
YMR001C,YBL014C,0,0.07801481,0.13016769289970398,0.7832167744636536,0.5239524245262146
YER007C-A,YDR545W,0,0.077569164,0.1301460862159729,0.7832167744636536,0.5240523815155029
YHR079C-B,YNL063W,0,0.0775624,0.13012447953224182,0.7832167744636536,0.524152398109436
YBR090C-A,YPL097W,0,0.077415615,0.13010288774967194,0.7832167744636536,0.5242524147033691
YIL137C,YMR118C,0,0.07735444,0.13008129596710205,0.7832167744636536,0.5243524312973022
YBR279W,YMR226C,0,0.07730011,0.13005971908569336,0.7832167744636536,0.5244524478912354
YOR250C,YKL197C,0,0.077151254,0.13003814220428467,0.7832167744636536,0.5245524644851685
YPR017C,YJL173C,0,0.0771286,0.13001658022403717,0.7832167744636536,0.5246524810791016
YPL010W,YBR301W,0,0.077049054,0.12999503314495087,0.7832167744636536,0.5247524976730347
YNL111C,YNL055C,0,0.076618366,0.12997347116470337,0.7832167744636536,0.5248525142669678
YJL057C,YKR089C,0,0.07624373,0.12995192408561707,0.7832167744636536,0.5249524712562561
YMR274C,YDL243C,0,0.07621535,0.12993039190769196,0.7832167744636536,0.5250524878501892
YGR193C,YOR247W,0,0.07595428,0.12990885972976685,0.7832167744636536,0.5251525044441223
YMR118C,YBR100W,0,0.07584542,0.12988734245300293,0.7832167744636536,0.5252525210380554
YLR011W,YPL239W,0,0.075648494,0.129865825176239,0.7832167744636536,0.5253525376319885
YLR194C,YHR190W,0,0.07533837,0.1298443228006363,0.7832167744636536,0.5254525542259216
YOR372C,YFR025C,0,0.07532754,0.12982282042503357,0.7832167744636536,0.5255525708198547
YNL020C,YDL204W,1,0.0752305,0.1299668848514557,0.7842158079147339,0.5255525708198547
YHR133C,YPL006W,0,0.07520642,0.12994536757469177,0.7842158079147339,0.5256525874137878
YPR017C,YLR328W,0,0.074837565,0.12992386519908905,0.7842158079147339,0.525752604007721
YLL031C,YOR272W,0,0.07480004,0.12990236282348633,0.7842158079147339,0.5258525609970093
YPL001W,YFR050C,0,0.074552305,0.1298808753490448,0.7842158079147339,0.5259525775909424
YMR243C,YOR259C,0,0.074374266,0.12985938787460327,0.7842158079147339,0.5260525941848755
YOL061W,YGL045W,0,0.0739626,0.12983791530132294,0.7842158079147339,0.5261526107788086
YHR214W,YPR086W,0,0.073613666,0.1298164427280426,0.7842158079147339,0.5262526273727417
YLR007W,YHR020W,0,0.07359816,0.12979497015476227,0.7842158079147339,0.5263526439666748
YGL126W,YML031W,0,0.0735163,0.12977351248264313,0.7842158079147339,0.5264526605606079
YGL005C,YOL012C,0,0.07338754,0.12975206971168518,0.7842158079147339,0.526552677154541
YJR073C,YOR110W,0,0.07304551,0.12973062694072723,0.7842158079147339,0.5266526937484741
YLR426W,YOR034C,0,0.07301077,0.1297091841697693,0.7842158079147339,0.5267526507377625
YBL035C,YBR121C,0,0.072963946,0.12968775629997253,0.7842158079147339,0.5268526673316956
YIR006C,YFL039C,1,0.07294103,0.12983152270317078,0.7852147817611694,0.5268526673316956
YGR005C,YER005W,0,0.07288516,0.12981007993221283,0.7852147817611694,0.5269526839256287
YPR169W,YNL246W,0,0.07278899,0.12978863716125488,0.7852147817611694,0.5270527005195618
YDR108W,YNL094W,0,0.07271075,0.12976720929145813,0.7852147817611694,0.5271527171134949
YFR050C,YMR226C,0,0.07252749,0.12974579632282257,0.7852147817611694,0.527252733707428
YGR057C,YIR026C,0,0.07188822,0.129724383354187,0.7852147817611694,0.5273527503013611
YMR081C,YDL113C,0,0.07142557,0.12970297038555145,0.7852147817611694,0.5274527668952942
YDR148C,YIL147C,0,0.07142291,0.1296815723180771,0.7852147817611694,0.5275527834892273
YDR212W,YNL221C,0,0.071359955,0.12966017425060272,0.7852147817611694,0.5276527404785156
YBL013W,YBR003W,0,0.07115448,0.12963879108428955,0.7852147817611694,0.5277527570724487
YJL003W,YHR014W,0,0.07110564,0.12961740791797638,0.7852147817611694,0.5278527736663818
YPL141C,YGL226W,0,0.07099403,0.1295960396528244,0.7852147817611694,0.5279527902603149
YKR079C,YFR049W,0,0.070965745,0.12957467138767242,0.7852147817611694,0.528052806854248
YGL058W,YGR003W,0,0.07081695,0.12955331802368164,0.7852147817611694,0.5281528234481812
YGR059W,YGR198W,1,0.0705988,0.1296967715024948,0.7862138152122498,0.5281528234481812
YEL051W,YLR263W,0,0.06989176,0.12967540323734283,0.7862138152122498,0.5282528400421143
YPL161C,YIL123W,0,0.069488905,0.12965403497219086,0.7862138152122498,0.5283528566360474
YLR413W,YGR083C,0,0.06933016,0.12963268160820007,0.7862138152122498,0.5284528732299805
YMR059W,YBR094W,0,0.06924982,0.1296113282442093,0.7862138152122498,0.5285528302192688
YFR010W,YDR468C,0,0.068812475,0.1295899897813797,0.7862138152122498,0.5286528468132019
YKL006C-A,YKR072C,0,0.06873109,0.1295686513185501,0.7862138152122498,0.528752863407135
YDL240W,YLR061W,0,0.06855861,0.1295473277568817,0.7862138152122498,0.5288528800010681
YKL197C,YGR260W,0,0.06848728,0.12952600419521332,0.7862138152122498,0.5289528965950012
YER100W,YJL013C,0,0.068480395,0.12950469553470612,0.7862138152122498,0.5290529131889343
YOR334W,YBR254C,0,0.068040736,0.1294833868741989,0.7862138152122498,0.5291529297828674
YKL087C,YGL194C,0,0.06775532,0.1294620782136917,0.7862138152122498,0.5292529463768005
YBL080C,YOR027W,0,0.06775116,0.1294407844543457,0.7862138152122498,0.5293529629707336
YMR220W,YAL068C,0,0.06773596,0.1294195055961609,0.7862138152122498,0.529452919960022
YDR316W-B,YCL067C,0,0.06751822,0.12939822673797607,0.7862138152122498,0.5295529365539551
YDR350C,YAL056W,0,0.06699877,0.12937694787979126,0.7862138152122498,0.5296529531478882
YLR337W,YER008C,1,0.066417746,0.12952005863189697,0.7872127890586853,0.5296529531478882
YLL066C,YGL231C,0,0.06614399,0.12949876487255096,0.7872127890586853,0.5297529697418213
YBR038W,YOR011W,0,0.066046685,0.12947748601436615,0.7872127890586853,0.5298529863357544
YFL005W,YDL222C,1,0.06573891,0.1296205073595047,0.7882117629051208,0.5298529863357544
YGR129W,YHR194W,0,0.06567494,0.1295992136001587,0.7882117629051208,0.5299530029296875
YKL191W,YKL114C,0,0.06466328,0.12957793474197388,0.7882117629051208,0.5300530195236206
YOR189W,YPR161C,0,0.06434416,0.12955665588378906,0.7882117629051208,0.5301530361175537
YGR217W,YDL018C,0,0.06414146,0.12953537702560425,0.7882117629051208,0.5302530527114868
YOR233W,YDR388W,1,0.06408059,0.12967826426029205,0.7892107963562012,0.5302530527114868
YBR065C,YDR100W,0,0.06341605,0.12965698540210724,0.7892107963562012,0.5303530097007751
YNL045W,YPL076W,0,0.06338079,0.12963570654392242,0.7892107963562012,0.5304530262947083
YOL121C,YPL145C,0,0.06327638,0.1296144425868988,0.7892107963562012,0.5305530428886414
YNL142W,YKR034W,0,0.06282624,0.12959317862987518,0.7892107963562012,0.5306530594825745
YML133C,YPR174C,0,0.06272699,0.12957191467285156,0.7892107963562012,0.5307530760765076
YAL011W,YGL107C,0,0.0624668,0.12955066561698914,0.7892107963562012,0.5308530926704407
YIL075C,YER102W,0,0.062433317,0.1295294314622879,0.7892107963562012,0.5309531092643738
YDR300C,YHR080C,0,0.06205482,0.12950819730758667,0.7892107963562012,0.5310531258583069
YPL137C,YGL151W,0,0.061962076,0.12948696315288544,0.7892107963562012,0.53115314245224
YDR078C,YGL085W,0,0.061902918,0.1294657438993454,0.7892107963562012,0.5312530994415283
YPR106W,YPR169W,0,0.06165383,0.12944453954696655,0.7892107963562012,0.5313531160354614
YFR030W,YBR149W,0,0.061631396,0.1294233351945877,0.7892107963562012,0.5314531326293945
YBR065C,YNL278W,0,0.061623566,0.12940213084220886,0.7892107963562012,0.5315531492233276
YAR009C,YGL061C,0,0.06151571,0.1293809413909912,0.7892107963562012,0.5316531658172607
YJL183W,YOR048C,0,0.061434336,0.12935975193977356,0.7892107963562012,0.5317531824111938
YJR084W,YHR014W,0,0.06120134,0.1293385773897171,0.7892107963562012,0.531853199005127
YHL031C,YDR406W,0,0.06057492,0.12931740283966064,0.7892107963562012,0.5319532155990601
YPL280W,YMR050C,0,0.060514316,0.1292962282896042,0.7892107963562012,0.5320532321929932
YBL087C,YLR292C,0,0.060376942,0.12927508354187012,0.7892107963562012,0.5321531891822815
YDR178W,YCL012W,0,0.060058326,0.12925392389297485,0.7892107963562012,0.5322532057762146
YLR215C,YBR301W,0,0.05960747,0.12923277914524078,0.7892107963562012,0.5323532223701477
YDL105W,YBR301W,0,0.05941514,0.1292116492986679,0.7892107963562012,0.5324532389640808
YNL166C,YCL012W,1,0.059277408,0.12935404479503632,0.7902097702026367,0.5324532389640808
YOR157C,YOL059W,0,0.05884599,0.12933290004730225,0.7902097702026367,0.5325532555580139
YPL141C,YKL054C,0,0.058839217,0.12931175529956818,0.7902097702026367,0.532653272151947
YML016C,YNL278W,0,0.058709905,0.1292906105518341,0.7902097702026367,0.5327532887458801
YPL235W,YCL067C,0,0.058659956,0.12926949560642242,0.7902097702026367,0.5328533053398132
YFR024C,YDR471W,0,0.0585948,0.12924836575984955,0.7902097702026367,0.5329533219337463
YGL028C,YFR049W,0,0.05802542,0.12922725081443787,0.7902097702026367,0.5330532789230347
YDR213W,YHR148W,0,0.0577486,0.12920613586902618,0.7902097702026367,0.5331532955169678
YNL294C,YGR083C,0,0.05769009,0.1291850358247757,0.7902097702026367,0.5332533121109009
YLR227W-A,YGL070C,0,0.056928128,0.1291639506816864,0.7902097702026367,0.533353328704834
YDR367W,YMR156C,0,0.056746654,0.1291428506374359,0.7902097702026367,0.5334533452987671
YKL045W,YJR048W,0,0.05653286,0.1291217803955078,0.7902097702026367,0.5335533618927002
YPR169W,YLR067C,0,0.056318656,0.12910069525241852,0.7902097702026367,0.5336533784866333
YPL137C,YJL098W,0,0.05557715,0.1290796399116516,0.7902097702026367,0.5337533950805664
YDR129C,YGR211W,0,0.05516184,0.1290585696697235,0.7902097702026367,0.5338534116744995
YMR118C,YDR257C,0,0.055156045,0.1290375143289566,0.7902097702026367,0.5339533686637878
YHR139C,YCR021C,0,0.05515603,0.1290164738893509,0.7902097702026367,0.534053385257721
YBL100W-B,YPL221W,0,0.055016205,0.12899543344974518,0.7902097702026367,0.534153401851654
YNL199C,YGR211W,0,0.05490105,0.12897440791130066,0.7902097702026367,0.5342534184455872
YCR058C,YBR149W,0,0.054577507,0.12895336747169495,0.7902097702026367,0.5343534350395203
YDR276C,YLL057C,0,0.054564692,0.12893235683441162,0.7902097702026367,0.5344534516334534
YER062C,YPL100W,0,0.053918406,0.1289113461971283,0.7902097702026367,0.5345534682273865
YDR204W,YGR097W,0,0.05367378,0.12889033555984497,0.7902097702026367,0.5346534848213196
YIL018W,YKL114C,0,0.053441584,0.12886933982372284,0.7902097702026367,0.5347535014152527
YML004C,YGR080W,0,0.053147413,0.1288483440876007,0.7902097702026367,0.534853458404541
YGR057C,YLR413W,0,0.052923568,0.12882736325263977,0.7902097702026367,0.5349534749984741
YGL025C,YER038C,0,0.052772112,0.12880638241767883,0.7902097702026367,0.5350534915924072
YGR181W,YDL124W,0,0.05264727,0.1287854164838791,0.7902097702026367,0.5351535081863403
YJR118C,YER015W,0,0.052588932,0.12876445055007935,0.7902097702026367,0.5352535247802734
YER177W,YFR040W,0,0.052147724,0.1287434846162796,0.7902097702026367,0.5353535413742065
YJR035W,YPL156C,0,0.051589467,0.12872253358364105,0.7902097702026367,0.5354535579681396
YLR404W,YLL038C,1,0.05158633,0.12886430323123932,0.791208803653717,0.5354535579681396
YNL056W,YCR065W,0,0.0514689,0.12884333729743958,0.791208803653717,0.5355535745620728
YOL069W,YIL148W,0,0.05145251,0.12882238626480103,0.791208803653717,0.5356535911560059
YGL098W,YKR075C,0,0.050785027,0.12880143523216248,0.791208803653717,0.5357535481452942
YJR042W,YJL089W,0,0.05077163,0.12878048419952393,0.791208803653717,0.5358535647392273
YOR049C,YDL106C,0,0.05065529,0.12875954806804657,0.791208803653717,0.5359535813331604
YLR367W,YJL026W,0,0.05058361,0.1287386268377304,0.791208803653717,0.5360535979270935
YHR122W,YGL016W,0,0.050295226,0.12871770560741425,0.791208803653717,0.5361536145210266
YML067C,YBR029C,0,0.05007077,0.12869678437709808,0.791208803653717,0.5362536311149597
YNL103W,YKL039W,0,0.04998102,0.12867587804794312,0.791208803653717,0.5363536477088928
YBR046C,YIL075C,0,0.049590155,0.12865497171878815,0.791208803653717,0.5364536643028259
YHR165C,YML059C,0,0.04948946,0.12863408029079437,0.791208803653717,0.536553680896759
YKL132C,YKR077W,0,0.049448267,0.1286131888628006,0.791208803653717,0.5366536378860474
YDR217C,YCL012W,0,0.049256288,0.12859229743480682,0.791208803653717,0.5367536544799805
YJL021C,YPR175W,0,0.04915773,0.12857143580913544,0.791208803653717,0.5368536710739136
YOR241W,YCR021C,0,0.04908839,0.12855055928230286,0.791208803653717,0.5369536876678467
YOL023W,YFR053C,0,0.04895752,0.12852969765663147,0.791208803653717,0.5370537042617798
YER056C,YOR250C,0,0.04875741,0.12850883603096008,0.791208803653717,0.5371537208557129
YDR002W,YAL026C,0,0.04869836,0.1284879893064499,0.791208803653717,0.537253737449646
YDR434W,YNR052C,0,0.04854443,0.1284671574831009,0.791208803653717,0.5373537540435791
YLR384C,YOR113W,0,0.048379287,0.1284463256597519,0.791208803653717,0.5374537706375122
YNL142W,YKL051W,0,0.048178248,0.1284254938364029,0.791208803653717,0.5375537276268005
YDR422C,YIL118W,0,0.048099063,0.1284046620130539,0.791208803653717,0.5376537442207336
YOR236W,YOL061W,0,0.04795122,0.12838385999202728,0.791208803653717,0.5377537608146667
YGL025C,YNR030W,0,0.047573097,0.12836304306983948,0.791208803653717,0.5378537774085999
YNL020C,YLR404W,1,0.047299705,0.12850429117679596,0.7922077775001526,0.5378537774085999
YLL038C,YLR206W,1,0.047164403,0.12864549458026886,0.7932068109512329,0.5378537774085999
YDL124W,YPR133C,0,0.046925507,0.12862466275691986,0.7932068109512329,0.537953794002533
YKL033W,YDR528W,0,0.046803147,0.12860381603240967,0.7932068109512329,0.5380538105964661
YBL007C,YDL018C,0,0.04678455,0.12858299911022186,0.7932068109512329,0.5381538271903992
YOR032C,YLL053C,0,0.046756424,0.12856218218803406,0.7932068109512329,0.5382538437843323
YPL169C,YLR007W,0,0.04669688,0.12854136526584625,0.7932068109512329,0.5383538603782654
YML011C,YML082W,0,0.046640016,0.12852056324481964,0.7932068109512329,0.5384538173675537
YML098W,YDR372C,0,0.04663872,0.12849976122379303,0.7932068109512329,0.5385538339614868
YDR259C,YDR365W-A,0,0.04645633,0.12847895920276642,0.7932068109512329,0.5386538505554199
YHR214W,YOL012C,0,0.046303757,0.128458172082901,0.7932068109512329,0.538753867149353
YLR223C,YPR008W,0,0.045989327,0.12843739986419678,0.7932068109512329,0.5388538837432861
YDR287W,YOL076W,0,0.04587529,0.12841662764549255,0.7932068109512329,0.5389539003372192
YML045W,YBR094W,0,0.045562416,0.12839585542678833,0.7932068109512329,0.5390539169311523
YDR256C,YKL081W,0,0.04550814,0.1283750981092453,0.7932068109512329,0.5391539335250854
YHR090C,YBR180W,0,0.045443594,0.12835435569286346,0.7932068109512329,0.5392539501190186
YGL104C,YNL031C,0,0.045416012,0.12833359837532043,0.7932068109512329,0.5393539071083069
YDR233C,YMR109W,1,0.045333244,0.12847447395324707,0.7942057847976685,0.5393539071083069
YGR103W,YPL225W,0,0.04496806,0.12845370173454285,0.7942057847976685,0.53945392370224
YMR205C,YLL006W,0,0.044917315,0.128432959318161,0.7942057847976685,0.5395539402961731
YLR377C,YCR044C,0,0.04476232,0.12841221690177917,0.7942057847976685,0.5396539568901062
YDL081C,YLR328W,0,0.044347994,0.12839147448539734,0.7942057847976685,0.5397539734840393
YDL235C,YCL044C,0,0.043884397,0.1283707469701767,0.7942057847976685,0.5398539900779724
YGL076C,YPL001W,0,0.04386045,0.12835001945495605,0.7942057847976685,0.5399540066719055
YER028C,YHR079C-B,0,0.043829262,0.1283292919397354,0.7942057847976685,0.5400540232658386
YNL221C,YML031W,0,0.043368287,0.12830857932567596,0.7942057847976685,0.5401540398597717
YFL025C,YJR123W,0,0.043237872,0.1282878816127777,0.7942057847976685,0.5402539968490601
YBR169C,YDR005C,0,0.04316815,0.12826718389987946,0.7942057847976685,0.5403540134429932
YHR006W,YBR109C,0,0.04311835,0.1282464861869812,0.7942057847976685,0.5404540300369263
YBR091C,YDR259C,0,0.042798035,0.12822580337524414,0.7942057847976685,0.5405540466308594
YLR194C,YGL171W,0,0.04272174,0.12820513546466827,0.7942057847976685,0.5406540632247925
YNL137C,YMR156C,0,0.04268831,0.1281844526529312,0.7942057847976685,0.5407540798187256
YGR202C,YDL223C,0,0.042596854,0.12816378474235535,0.7942057847976685,0.5408540964126587
YNR019W,YJL069C,0,0.042096816,0.12814313173294067,0.7942057847976685,0.5409541130065918
YMR076C,YCR058C,0,0.04207612,0.128122478723526,0.7942057847976685,0.5410541296005249
YPL100W,YPL175W,0,0.041986503,0.12810184061527252,0.7942057847976685,0.5411540865898132
YPL215W,YOL103W-A,0,0.041971125,0.12808120250701904,0.7942057847976685,0.5412541031837463
YIL154C,YHL050C,0,0.041841798,0.12806056439876556,0.7942057847976685,0.5413541197776794
YNL221C,YNL041C,0,0.041346557,0.12803994119167328,0.7942057847976685,0.5414541363716125
YIL118W,YDL145C,0,0.040973514,0.128019317984581,0.7942057847976685,0.5415541529655457
YKL014C,YBR212W,0,0.040932648,0.1279987096786499,0.7942057847976685,0.5416541695594788
YGL126W,YDR246W,0,0.040411606,0.1279781013727188,0.7942057847976685,0.5417541861534119
YKL110C,YDR350C,0,0.040212482,0.1279575079679489,0.7942057847976685,0.541854202747345
YJL212C,YBR094W,0,0.04005093,0.12793691456317902,0.7942057847976685,0.5419542193412781
YDL100C,YLL067C,0,0.039972305,0.1279163360595703,0.7942057847976685,0.5420541763305664
YGR205W,YNL025C,0,0.039887004,0.1278957575559616,0.7942057847976685,0.5421541929244995
YGL189C,YMR101C,0,0.03970795,0.1278751790523529,0.7942057847976685,0.5422542095184326
YDL243C,YGL053W,0,0.039621502,0.1278546154499054,0.7942057847976685,0.5423542261123657
YIL087C,YCR018C,0,0.0393987,0.12783405184745789,0.7942057847976685,0.5424542427062988
YDL113C,YBR090C-A,0,0.03914535,0.12781350314617157,0.7942057847976685,0.5425542593002319
YLR277C,YNL063W,0,0.038613714,0.12779295444488525,0.7942057847976685,0.542654275894165
YNL233W,YPL058C,0,0.038592257,0.12777242064476013,0.7942057847976685,0.5427542924880981
YLR345W,YMR225C,0,0.03854312,0.127751886844635,0.7942057847976685,0.5428543090820312
YBR279W,YBR091C,0,0.038468257,0.12773136794567108,0.7942057847976685,0.5429542660713196
YIL056W,YHL003C,0,0.0383764,0.12771084904670715,0.7942057847976685,0.5430542826652527
YML059C,YPL176C,0,0.03786294,0.12769033014774323,0.7942057847976685,0.5431542992591858
YMR322C,YLR299W,0,0.037443854,0.1276698261499405,0.7942057847976685,0.5432543158531189
YKL029C,YHR150W,0,0.037194453,0.12764932215213776,0.7942057847976685,0.543354332447052
YPL234C,YMR177W,0,0.036910772,0.12762883305549622,0.7942057847976685,0.5434543490409851
YGL142C,YLR006C,0,0.036863737,0.12760834395885468,0.7942057847976685,0.5435543656349182
YIL037C,YHL025W,0,0.03681744,0.12758786976337433,0.7942057847976685,0.5436543822288513
YJR123W,YHL021C,0,0.036814325,0.12756739556789398,0.7942057847976685,0.5437543988227844
YLR185W,YMR215W,0,0.03628186,0.12754692137241364,0.7942057847976685,0.5438543558120728
YBR085W,YPL254W,0,0.03620687,0.12752646207809448,0.7942057847976685,0.5439543724060059
YPR134W,YAL051W,0,0.0359516,0.12750601768493652,0.7942057847976685,0.544054388999939
YJL212C,YGL049C,0,0.03594532,0.12748557329177856,0.7942057847976685,0.5441544055938721
YBR114W,YMR041C,0,0.035902612,0.1274651288986206,0.7942057847976685,0.5442544221878052
YDR004W,YKL134C,0,0.03541868,0.12744469940662384,0.7942057847976685,0.5443544387817383
YER100W,YPL058C,0,0.03535872,0.12742426991462708,0.7942057847976685,0.5444544553756714
YNL250W,YLR367W,0,0.03535673,0.1274038404226303,0.7942057847976685,0.5445544719696045
YLR131C,YIL008W,0,0.035330907,0.12738342583179474,0.7942057847976685,0.5446544885635376
YNL221C,YOL051W,0,0.03489811,0.12736302614212036,0.7942057847976685,0.5447545051574707
YDR435C,YER155C,0,0.03489431,0.12734262645244598,0.7942057847976685,0.544854462146759
YOL144W,YIL018W,0,0.034662023,0.1273222267627716,0.7942057847976685,0.5449544787406921
YKR078W,YER038C,0,0.034654282,0.12730184197425842,0.7942057847976685,0.5450544953346252
YHL038C,YNR071C,0,0.034347333,0.12728145718574524,0.7942057847976685,0.5451545119285583
YGL144C,YBR191W,0,0.034300007,0.12726108729839325,0.7942057847976685,0.5452545285224915
YBR029C,YER033C,0,0.03418062,0.12724071741104126,0.7942057847976685,0.5453545451164246
YDR098C-A,YHR090C,0,0.033849686,0.12722036242485046,0.7942057847976685,0.5454545617103577
YDR289C,YHR157W,0,0.03370645,0.12720000743865967,0.7942057847976685,0.5455545783042908
YGR082W,YLR347C,0,0.03357833,0.12717965245246887,0.7942057847976685,0.5456545948982239
YMR041C,YDR438W,0,0.033559024,0.12715931236743927,0.7942057847976685,0.5457545518875122
YGL063W,YDR276C,0,0.033376127,0.12713897228240967,0.7942057847976685,0.5458545684814453
YOR117W,YEL006W,0,0.033351995,0.12711864709854126,0.7942057847976685,0.5459545850753784
YPR037C,YDR005C,0,0.03331522,0.12709832191467285,0.7942057847976685,0.5460546016693115
YJL078C,YLR215C,0,0.033220746,0.12707801163196564,0.7942057847976685,0.5461546182632446
YKL052C,YDR303C,0,0.033194922,0.12705770134925842,0.7942057847976685,0.5462546348571777
YOR119C,YKL132C,0,0.03287608,0.1270373910665512,0.7942057847976685,0.5463546514511108
YBR091C,YNL054W-A,0,0.0327527,0.1270170956850052,0.7942057847976685,0.546454668045044
YDR168W,YBL005W,0,0.032342494,0.12699680030345917,0.7942057847976685,0.546554684638977
YGL067W,YOL012C,0,0.032012157,0.12697651982307434,0.7942057847976685,0.5466546416282654
YAL048C,YOR383C,0,0.03179574,0.12695623934268951,0.7942057847976685,0.5467546582221985
YOR191W,YDR377W,0,0.031674482,0.12693597376346588,0.7942057847976685,0.5468546748161316
YMR242C,YKL063C,0,0.031666793,0.12691570818424225,0.7942057847976685,0.5469546914100647
YPR110C,YCL012W,0,0.031556062,0.1268954575061798,0.7942057847976685,0.5470547080039978
YDR367W,YPL234C,0,0.031410314,0.12687520682811737,0.7942057847976685,0.5471547245979309
YDR210C-D,YGR283C,0,0.03126947,0.12685495615005493,0.7942057847976685,0.547254741191864
YPL176C,YJL216C,0,0.030987004,0.1268347203731537,0.7942057847976685,0.5473547577857971
YDL222C,YDR309C,1,0.030926729,0.12697400152683258,0.7952048182487488,0.5473547577857971
YHL011C,YNR052C,0,0.030638227,0.12695375084877014,0.7952048182487488,0.5474547743797302
YOL061W,YIL167W,0,0.030623535,0.1269335001707077,0.7952048182487488,0.5475547313690186
YNL054W-A,YEL027W,0,0.030553536,0.12691326439380646,0.7952048182487488,0.5476547479629517
YLR181C,YHR005C,0,0.030442828,0.1268930286169052,0.7952048182487488,0.5477547645568848
YKL014C,YHR193C,0,0.030416245,0.12687280774116516,0.7952048182487488,0.5478547811508179
YCR024C,YGR142W,0,0.030401321,0.1268525868654251,0.7952048182487488,0.547954797744751
YLR118C,YLR260W,0,0.030062465,0.12683238089084625,0.7952048182487488,0.5480548143386841
YBR153W,YOL144W,0,0.029840821,0.1268121749162674,0.7952048182487488,0.5481548309326172
YLL014W,YIL123W,0,0.029739017,0.12679196894168854,0.7952048182487488,0.5482548475265503
YKR100C,YGR260W,0,0.029584939,0.12677177786827087,0.7952048182487488,0.5483548641204834
YOL132W,YGR003W,0,0.029485831,0.1267515867948532,0.7952048182487488,0.5484548211097717
YBR180W,YER127W,0,0.029199997,0.12673141062259674,0.7952048182487488,0.5485548377037048
YNL048W,YGL085W,0,0.028943805,0.12671123445034027,0.7952048182487488,0.5486548542976379
YNL056W,YFR025C,0,0.027652489,0.126691073179245,0.7952048182487488,0.548754870891571
YKL062W,YPR017C,0,0.02734431,0.12667091190814972,0.7952048182487488,0.5488548874855042
YMR015C,YDL093W,0,0.026934633,0.12665075063705444,0.7952048182487488,0.5489549040794373
YER060W-A,YDR200C,0,0.026285836,0.12663060426712036,0.7952048182487488,0.5490549206733704
YKL026C,YPR057W,0,0.0262547,0.12661047279834747,0.7952048182487488,0.5491549372673035
YGR174C,YNL068C,0,0.02544398,0.1265903264284134,0.7952048182487488,0.5492549538612366
YEL040W,YJL085W,1,0.025343837,0.12672920525074005,0.7962037920951843,0.5492549538612366
YGR046W,YOR019W,0,0.02437901,0.12670905888080597,0.7962037920951843,0.5493549108505249
YJL110C,YDL123W,0,0.024253609,0.12668892741203308,0.7962037920951843,0.549454927444458
YJL059W,YJR052W,0,0.024217138,0.126668781042099,0.7962037920951843,0.5495549440383911
YOR266W,YMR237W,0,0.02381059,0.1266486644744873,0.7962037920951843,0.5496549606323242
YML102W,YDL018C,0,0.023755753,0.12662853300571442,0.7962037920951843,0.5497549772262573
YOR034C,YPL221W,0,0.023311606,0.12660841643810272,0.7962037920951843,0.5498549938201904
YMR048W,YNL194C,0,0.023192296,0.12658831477165222,0.7962037920951843,0.5499550104141235
YIL154C,YPL173W,0,0.023115652,0.12656821310520172,0.7962037920951843,0.5500550270080566
YCL068C,YGL105W,0,0.022889202,0.12654811143875122,0.7962037920951843,0.5501550436019897
YPL043W,YGR017W,0,0.022773122,0.12652802467346191,0.7962037920951843,0.5502550005912781
YDL209C,YKL081W,0,0.022742936,0.1265079379081726,0.7962037920951843,0.5503550171852112
YIL159W,YHR149C,1,0.022513146,0.12664656341075897,0.7972028255462646,0.5503550171852112
YLR227W-A,YDR280W,0,0.022481276,0.12662646174430847,0.7972028255462646,0.5504550337791443
YBR188C,YIL033C,0,0.022387573,0.12660637497901917,0.7972028255462646,0.5505550503730774
YBR169C,YLR007W,0,0.022244418,0.12658628821372986,0.7972028255462646,0.5506550669670105
YLR313C,YCL012W,1,0.022150451,0.12672482430934906,0.7982017993927002,0.5506550669670105
YKL194C,YDR471W,0,0.021879071,0.12670472264289856,0.7982017993927002,0.5507550835609436
YLR085C,YDL230W,0,0.021803403,0.12668463587760925,0.7982017993927002,0.5508551001548767
YOR117W,YHR150W,0,0.021788059,0.12666454911231995,0.7982017993927002,0.5509551167488098
YDR261C,YLR017W,0,0.02169315,0.12664447724819183,0.7982017993927002,0.5510551333427429
YML102W,YOR113W,0,0.021547666,0.12662440538406372,0.7982017993927002,0.5511550903320312
YJR132W,YGL078C,0,0.021373006,0.1266043484210968,0.7982017993927002,0.5512551069259644
YDR412W,YMR118C,0,0.0210768,0.1265842765569687,0.7982017993927002,0.5513551235198975
YJL174W,YNL288W,0,0.020669596,0.12656423449516296,0.7982017993927002,0.5514551401138306
YHR107C,YOR367W,1,0.02059411,0.12670256197452545,0.7992007732391357,0.5514551401138306
YOR367W,YDR309C,1,0.020115176,0.12684085965156555,0.8001998066902161,0.5514551401138306
YHR009C,YER149C,0,0.019791642,0.12682077288627625,0.8001998066902161,0.5515551567077637
YMR118C,YOR109W,0,0.019751394,0.12680070102214813,0.8001998066902161,0.5516551733016968
YNL240C,YBR100W,0,0.019628005,0.12678062915802002,0.8001998066902161,0.5517551898956299
YBR114W,YFL061W,0,0.01961186,0.1267605572938919,0.8001998066902161,0.551855206489563
YML059C,YLR435W,0,0.019535387,0.126740500330925,0.8001998066902161,0.5519552230834961
YKL110C,YIL173W,0,0.019530362,0.12672045826911926,0.8001998066902161,0.5520551800727844
YGR057C,YPL018W,0,0.019333871,0.12670041620731354,0.8001998066902161,0.5521551966667175
YPL138C,YLR007W,0,0.019112283,0.1266803741455078,0.8001998066902161,0.5522552132606506
YDR098C-A,YPL234C,0,0.019009622,0.12666034698486328,0.8001998066902161,0.5523552298545837
YPR008W,YLR093C,0,0.018978292,0.12664031982421875,0.8001998066902161,0.5524552464485168
YML067C,YEL027W,0,0.01868753,0.12662029266357422,0.8001998066902161,0.55255526304245
YLL024C,YDR328C,0,0.018555412,0.12660028040409088,0.8001998066902161,0.5526552796363831
YJL183W,YJL026W,0,0.018341953,0.12658028304576874,0.8001998066902161,0.5527552962303162
YLR234W,YCR024C,0,0.017955868,0.1265602707862854,0.8001998066902161,0.5528553128242493
YCL016C,YNL054W-A,0,0.0176586,0.12654028832912445,0.8001998066902161,0.5529552698135376
YGL092W,YOR330C,0,0.017627748,0.1265202909708023,0.8001998066902161,0.5530552864074707
YGL067W,YGR174C,0,0.017355854,0.12650030851364136,0.8001998066902161,0.5531553030014038
YPR161C,YFR040W,0,0.017328957,0.1264803409576416,0.8001998066902161,0.5532553195953369
YJL110C,YLR417W,0,0.017003128,0.12646037340164185,0.8001998066902161,0.55335533618927
YJL186W,YNL173C,0,0.016844014,0.1264404058456421,0.8001998066902161,0.5534553527832031
YPR171W,YCL012W,1,0.016742276,0.12657828629016876,0.8011987805366516,0.5534553527832031
YKL048C,YOR109W,1,0.016674118,0.12671610713005066,0.8021978139877319,0.5534553527832031
YKL149C,YDR412W,0,0.016420761,0.1266961246728897,0.8021978139877319,0.5535553693771362
YCR107W,YJL013C,0,0.016403029,0.12667612731456757,0.8021978139877319,0.5536553859710693
YJL045W,YMR177W,0,0.01632977,0.12665614485740662,0.8021978139877319,0.5537554025650024
YJL174W,YGR260W,0,0.016263822,0.12663617730140686,0.8021978139877319,0.5538553595542908
YFR016C,YDR227W,0,0.016181046,0.1266162097454071,0.8021978139877319,0.5539553761482239
YML061C,YPL210C,0,0.015970731,0.12659624218940735,0.8021978139877319,0.554055392742157
YKL194C,YCR091W,0,0.015416304,0.1265762895345688,0.8021978139877319,0.5541554093360901
YGR181W,YLL014W,0,0.015399197,0.12655633687973022,0.8021978139877319,0.5542554259300232
YBR107C,YBR003W,0,0.015234495,0.12653639912605286,0.8021978139877319,0.5543554425239563
YDR175C,YBR100W,0,0.015008273,0.1265164613723755,0.8021978139877319,0.5544554591178894
YBR046C,YKL134C,0,0.014638932,0.12649653851985931,0.8021978139877319,0.5545554757118225
YML092C,YNL164C,0,0.014202857,0.12647661566734314,0.8021978139877319,0.5546554923057556
YPR106W,YPR174C,0,0.014179761,0.12645669281482697,0.8021978139877319,0.554755449295044
YOR207C,YDR227W,0,0.014115686,0.12643678486347198,0.8021978139877319,0.554855465888977
YOR171C,YDL222C,1,0.013945876,0.12657430768013,0.8031967878341675,0.554855465888977
YDR150W,YLR360W,0,0.013890032,0.12655438482761383,0.8031967878341675,0.5549554824829102
YGR120C,YNR038W,0,0.013407892,0.12653446197509766,0.8031967878341675,0.5550554990768433
YER123W,YNL054W-A,0,0.013387078,0.12651455402374268,0.8031967878341675,0.5551555156707764
YHR205W,YHR001W-A,0,0.013368154,0.1264946460723877,0.8031967878341675,0.5552555322647095
YLR194C,YBR131W,0,0.013323674,0.1264747530221939,0.8031967878341675,0.5553555488586426
YDR515W,YML031W,0,0.013025189,0.12645485997200012,0.8031967878341675,0.5554555654525757
YFR047C,YHR006W,0,0.0129591655,0.12643496692180634,0.8031967878341675,0.5555555820465088
YHR079C-B,YER071C,0,0.012814349,0.12641508877277374,0.8031967878341675,0.5556555390357971
YMR040W,YDL154W,0,0.012639793,0.12639522552490234,0.8031967878341675,0.5557555556297302
YPR188C,YHR023W,1,0.01223659,0.12653253972530365,0.8041958212852478,0.5557555556297302
YMR009W,YDR412W,0,0.012205625,0.12651264667510986,0.8041958212852478,0.5558555722236633
YKL048C,YCL012W,1,0.0119811725,0.1266499012708664,0.8051947951316833,0.5558555722236633
YAL015C,YBR101C,0,0.011891553,0.1266300082206726,0.8051947951316833,0.5559555888175964
YGR212W,YNL054W-A,0,0.0118521545,0.12661011517047882,0.8051947951316833,0.5560556054115295
YBR078W,YBR162C,0,0.011842014,0.12659023702144623,0.8051947951316833,0.5561556220054626
YPR188C,YDR463W,0,0.011699701,0.12657035887241364,0.8051947951316833,0.5562556385993958
YDR412W,YGR161C-D,0,0.010761986,0.12655048072338104,0.8051947951316833,0.5563556551933289
YOR060C,YLR466W,0,0.01069081,0.12653061747550964,0.8051947951316833,0.556455671787262
YMR220W,YML127W,0,0.010620693,0.12651075422763824,0.8051947951316833,0.5565556287765503
YDR098C-A,YCR038C,0,0.0100599695,0.12649089097976685,0.8051947951316833,0.5566556453704834
YNL056W,YBL025W,0,0.009693557,0.12647104263305664,0.8051947951316833,0.5567556619644165
YCL012W,YPL040C,0,0.008840846,0.12645120918750763,0.8051947951316833,0.5568556785583496
YOL135C,YFR034C,0,0.008472184,0.12643137574195862,0.8051947951316833,0.5569556951522827
YGR181W,YOL023W,0,0.00812907,0.1264115422964096,0.8051947951316833,0.5570557117462158
YJL021C,YFR016C,0,0.008124648,0.1263917237520218,0.8051947951316833,0.5571557283401489
YPR158W-B,YGL192W,0,0.008050421,0.12637190520763397,0.8051947951316833,0.557255744934082
YKR078W,YLR075W,0,0.007868657,0.12635208666324615,0.8051947951316833,0.5573557615280151
YDR108W,YDL134C,0,0.0075522643,0.12633228302001953,0.8051947951316833,0.5574557185173035
YGL142C,YOR110W,0,0.0073922016,0.1263124942779541,0.8051947951316833,0.5575557351112366
YOR330C,YGL111W,0,0.0072534773,0.12629270553588867,0.8051947951316833,0.5576557517051697
YMR234W,YDR469W,0,0.0072167683,0.12627291679382324,0.8051947951316833,0.5577557682991028
YDR175C,YLL006W,0,0.006967688,0.1262531280517578,0.8051947951316833,0.5578557848930359
YDR041W,YDR406W,0,0.006885128,0.12623335421085358,0.8051947951316833,0.557955801486969
YCR018C,YPR169W,0,0.006795125,0.12621359527111053,0.8051947951316833,0.5580558180809021
YPR128C,YAR009C,0,0.0067546535,0.1261938363313675,0.8051947951316833,0.5581558346748352
YIL159W,YDR309C,1,0.0063807163,0.12633061408996582,0.8061938285827637,0.5581558346748352
YLR058C,YKL192C,0,0.00626825,0.12631084024906158,0.8061938285827637,0.5582558512687683
YFR024C,YIL095W,1,0.0061632376,0.12644757330417633,0.8071928024291992,0.5582558512687683
YPR071W,YKL138C-A,0,0.0061632376,0.1264277845621109,0.8071928024291992,0.5583558082580566
YDR280W,YKL138C-A,0,0.0061632376,0.12640801072120667,0.8071928024291992,0.5584558248519897
YHR122W,YBR200W-A,0,0.0061632376,0.12638823688030243,0.8071928024291992,0.5585558414459229
YGR174C,YKL138C-A,0,0.0061632376,0.1263684630393982,0.8071928024291992,0.558655858039856
YFL035C-B,YDL076C,0,0.0061632376,0.12634870409965515,0.8071928024291992,0.5587558746337891
YML021C,YBR200W-A,0,0.0061632376,0.1263289600610733,0.8071928024291992,0.5588558912277222
YKR095W-A,YPL010W,0,0.0061632376,0.12630920112133026,0.8071928024291992,0.5589559078216553
YJL133C-A,YGR083C,0,0.0061632376,0.1262894719839096,0.8071928024291992,0.5590559244155884
YDL134C-A,YER143W,0,0.0061632376,0.12626972794532776,0.8071928024291992,0.5591559410095215
YDL134C-A,YNL161W,0,0.0061632376,0.1262499988079071,0.8071928024291992,0.5592558979988098
YCL005W-A,YOR109W,0,0.0061632376,0.12623026967048645,0.8071928024291992,0.5593559145927429
YFL035C-B,YBR086C,0,0.0061632376,0.126210555434227,0.8071928024291992,0.559455931186676
YDL134C-A,YPL235W,0,0.0061632376,0.12619084119796753,0.8071928024291992,0.5595559477806091
YLR345W,YFL035C-A,0,0.0061632376,0.12617114186286926,0.8071928024291992,0.5596559643745422
YML021C,YJL021C,0,0.0061632376,0.126151442527771,0.8071928024291992,0.5597559809684753
YNL054W,YDR210W-C,0,0.0061632376,0.12613175809383392,0.8071928024291992,0.5598559975624084
YHL031C,YDR210W-C,0,0.0061632376,0.12611205875873566,0.8071928024291992,0.5599560141563416
YKR096W,YFL018W-A,0,0.0061632376,0.12609238922595978,0.8071928024291992,0.5600560307502747
YDR210W-C,YHR170W,0,0.0061632376,0.1260727047920227,0.8071928024291992,0.560155987739563
YBR200W-A,YIL005W,0,0.0061632376,0.12605303525924683,0.8071928024291992,0.5602560043334961
YFR024C,YOR110W,0,0.0061632376,0.12603338062763214,0.8071928024291992,0.5603560209274292
YHR079C-B,YCL039W,0,0.0061632376,0.12601372599601746,0.8071928024291992,0.5604560375213623
YGL092W,YHR079C-B,0,0.0061632376,0.12599407136440277,0.8071928024291992,0.5605560541152954
YJL021C,YDL134C-A,0,0.0061632376,0.12597443163394928,0.8071928024291992,0.5606560707092285
YDR210W-C,YBR191W,0,0.0061632376,0.1259547919034958,0.8071928024291992,0.5607560873031616
YFL035C-B,YPL040C,0,0.0061632376,0.1259351670742035,0.8071928024291992,0.5608561038970947
YLR312C-B,YIL095W,1,0.0061632376,0.12607137858867645,0.8081918358802795,0.5608561038970947
YPL137C,YKR095W-A,0,0.0061632376,0.12605172395706177,0.8081918358802795,0.5609561204910278
YCL005W-A,YJR118C,0,0.0061632376,0.12603209912776947,0.8081918358802795,0.5610560774803162
YFL035C-B,YDL220C,0,0.0061632376,0.12601245939731598,0.8081918358802795,0.5611560940742493
YBR016W,YER053C-A,0,0.0061632376,0.12599283456802368,0.8081918358802795,0.5612561106681824
YCL005W-A,YER028C,0,0.0061632376,0.12597320973873138,0.8081918358802795,0.5613561272621155
YJL179W,YOL086W-A,0,0.0061632376,0.12595359981060028,0.8081918358802795,0.5614561438560486
YPR010C,YOL086W-A,0,0.0061632376,0.12593400478363037,0.8081918358802795,0.5615561604499817
YMR002W,YFL018W-A,0,0.0061632376,0.12591439485549927,0.8081918358802795,0.5616561770439148
YNR048W,YFL018W-A,0,0.0061632376,0.12589479982852936,0.8081918358802795,0.5617561936378479
YPL207W,YKR095W-A,0,0.0061632376,0.12587521970272064,0.8081918358802795,0.561856210231781
YMR234W,YOR343C-A,0,0.0061632376,0.12585562467575073,0.8081918358802795,0.5619561672210693
YCL005W-A,YOL086W-A,0,0.0061632376,0.1258360594511032,0.8081918358802795,0.5620561838150024
YDL223C,YFL035C-A,0,0.0061632376,0.1258164793252945,0.8081918358802795,0.5621562004089355
YPL100W,YOL086W-A,0,0.0061632376,0.12579691410064697,0.8081918358802795,0.5622562170028687
YFR024C,YIR006C,1,0.0061632376,0.12593284249305725,0.8091908097267151,0.5622562170028687
YPL146C,YOR343C-A,0,0.0061632376,0.12591326236724854,0.8091908097267151,0.5623562335968018
YMR050C,YHR079C-B,0,0.0061632376,0.125893697142601,0.8091908097267151,0.5624562501907349
YJR120W,YHR079C-B,0,0.0061632376,0.1258741319179535,0.8091908097267151,0.562556266784668
YLR131C,YOR343C-A,0,0.0061632376,0.12585456669330597,0.8091908097267151,0.5626562833786011
YJL133C-A,YLR019W,0,0.0061632376,0.12583501636981964,0.8091908097267151,0.5627562999725342
YJR076C,YLR312C-B,1,0.0061632376,0.12597079575061798,0.8101897835731506,0.5627562999725342
YGL092W,YCL012W,0,0.0061632376,0.12595123052597046,0.8101897835731506,0.5628562569618225
YOR253W,YFL035C-A,0,0.0061632376,0.12593168020248413,0.8101897835731506,0.5629562735557556
YKL138C-A,YML082W,0,0.0061632376,0.1259121298789978,0.8101897835731506,0.5630562901496887
YJL133C-A,YFL018W-A,0,0.0061632376,0.12589257955551147,0.8101897835731506,0.5631563067436218
YIR006C,YCL012W,1,0.0061632376,0.12602825462818146,0.811188817024231,0.5631563067436218
YBR200W-A,YGR094W,0,0.0061632376,0.12600868940353394,0.811188817024231,0.5632563233375549
YDR210W-C,YLR054C,0,0.0061632376,0.1259891390800476,0.811188817024231,0.563356339931488
YDL240W,YLR154W-C,0,0.0061632376,0.12596958875656128,0.811188817024231,0.5634563565254211
YEL039C,YOR343C-A,0,0.0061632376,0.12595005333423615,0.811188817024231,0.5635563731193542
YBR233W-A,YCL001W,0,0.0061632376,0.125930517911911,0.811188817024231,0.5636563897132874
YDR098C,YKL138C-A,0,0.0061632376,0.12591099739074707,0.811188817024231,0.5637563467025757
YOR171C,YLR312C-B,1,0.0061632376,0.12604650855064392,0.8121877908706665,0.5637563467025757
YDL134C-A,YML057W,0,0.0061632376,0.1260269731283188,0.8121877908706665,0.5638563632965088
YJR090C,YCL012W,1,0.0061632376,0.12616242468357086,0.8131868243217468,0.5638563632965088
YGR046W,YFL018W-A,0,0.0061632376,0.12614287436008453,0.8131868243217468,0.5639563798904419
YJL021C,YGL233W,1,0.0061632376,0.12627828121185303,0.8141857981681824,0.5639563798904419
YOL086W-A,YPL049C,0,0.0061632376,0.1262587159872055,0.8141857981681824,0.564056396484375
YIL034C,YLR312C-B,1,0.0061632376,0.12639404833316803,0.8151848316192627,0.564056396484375
YDL134C-A,YMR131C,0,0.0061632376,0.1263744831085205,0.8151848316192627,0.5641564130783081
YNL294C,YFL035C-A,0,0.0061632376,0.1263549029827118,0.8151848316192627,0.5642564296722412
YLR426W,YKR095W-A,0,0.0061632376,0.12633535265922546,0.8151848316192627,0.5643564462661743
YKL138C-A,YBR100W,0,0.0061632376,0.12631578743457794,0.8151848316192627,0.5644564628601074
YJL059W,YFL018W-A,0,0.0061632376,0.1262962371110916,0.8151848316192627,0.5645564794540405
YFL035C-B,YNL024C,0,0.0061632376,0.12627670168876648,0.8151848316192627,0.5646564364433289
YPR158W-B,YKR095W-A,0,0.0061632376,0.12625715136528015,0.8151848316192627,0.564756453037262
YFR024C,YFR024C-A,1,0.0061632376,0.12639231979846954,0.8161838054656982,0.564756453037262
YDR515W,YER053C-A,0,0.0061632376,0.12637276947498322,0.8161838054656982,0.5648564696311951
YOR091W,YDL134C-A,0,0.0061632376,0.12635323405265808,0.8161838054656982,0.5649564862251282
YJL133C-A,YLR248W,0,0.0061632376,0.12633369863033295,0.8161838054656982,0.5650565028190613
YLR337W,YIR006C,1,0.0061632376,0.12646876275539398,0.8171828389167786,0.5650565028190613
YDR386W,YFL035C-A,0,0.0061632376,0.12644921243190765,0.8171828389167786,0.5651565194129944
YLR227W-A,YJL021C,0,0.0061632376,0.12642967700958252,0.8171828389167786,0.5652565360069275
YER063W,YFL035C-A,0,0.0061632376,0.12641014158725739,0.8171828389167786,0.5653565526008606
YGL107C,YOR343C-A,0,0.0061632376,0.12639060616493225,0.8171828389167786,0.5654565691947937
YGR080W,YLR312C-B,1,0.0061632376,0.12652556598186493,0.8181818127632141,0.5654565691947937
YOR329C,YLR312C-B,1,0.0061632376,0.12666048109531403,0.8191808462142944,0.5654565691947937
YPR128C,YOR343C-A,0,0.0061632376,0.1266409307718277,0.8191808462142944,0.565556526184082
YDR407C,YFL035C-A,0,0.0061632376,0.12662136554718018,0.8191808462142944,0.5656565427780151
YGR005C,YDR210W-C,0,0.0061632376,0.12660181522369385,0.8191808462142944,0.5657565593719482
YKR095W-A,YER060W-A,0,0.0061632376,0.1265822798013687,0.8191808462142944,0.5658565759658813
YDR510W,YLR312C-B,1,0.0061632376,0.12671709060668945,0.82017982006073,0.5658565759658813
YLL014W,YER053C-A,0,0.0061632376,0.12669752538204193,0.82017982006073,0.5659565925598145
YBR200W-A,YKL077W,0,0.0061632376,0.1266779750585556,0.82017982006073,0.5660566091537476
YOR101W,YDR210W-C,0,0.0061632376,0.12665843963623047,0.82017982006073,0.5661566257476807
YIL156W,YOL086W-A,0,0.0061632376,0.12663890421390533,0.82017982006073,0.5662566423416138
YKL032C,YOL086W-A,0,0.0061632376,0.1266193687915802,0.82017982006073,0.5663566589355469
YHR118C,YER053C-A,0,0.0061632376,0.12659984827041626,0.82017982006073,0.5664566159248352
YJR132W,YCL005W-A,0,0.0061632376,0.12658032774925232,0.82017982006073,0.5665566325187683
YLR154W-C,YOL052C-A,0,0.0061632376,0.12656080722808838,0.82017982006073,0.5666566491127014
YLR154W-C,YPL173W,0,0.0061632376,0.12654130160808563,0.82017982006073,0.5667566657066345
YDR243C,YCL012W,0,0.0061632376,0.12652181088924408,0.82017982006073,0.5668566823005676
YGL233W,YCL012W,1,0.0061632376,0.1266563981771469,0.8211787939071655,0.5668566823005676
YHR210C,YKR095W-A,0,0.0061632376,0.12663687765598297,0.8211787939071655,0.5669566988945007
YLR337C,YLR312C-B,1,0.0061632376,0.12677140533924103,0.8221778273582458,0.5669566988945007
YML098W,YKR095W-A,0,0.0061632376,0.1267518848180771,0.8221778273582458,0.5670567154884338
YCL005W-A,YJR052W,0,0.0061632376,0.12673236429691315,0.8221778273582458,0.5671567320823669
YMR175W,YBR100W,0,0.0061632376,0.1267128586769104,0.8221778273582458,0.5672567486763
YPL061W,YFL018W-A,0,0.0061632376,0.12669335305690765,0.8221778273582458,0.5673567652702332
YFR024C,YPL242C,1,0.0061632376,0.12682776153087616,0.8231768012046814,0.5673567652702332
YKL138C-A,YLR323C,0,0.0061632376,0.1268082559108734,0.8231768012046814,0.5674567222595215
YPL074W,YCL012W,1,0.0061632376,0.12694260478019714,0.8241758346557617,0.5674567222595215
YOL103W-A,YHR079C-B,0,0.0061632376,0.1269230842590332,0.8241758346557617,0.5675567388534546
YOL098C,YKR095W-A,0,0.0061632376,0.12690354883670807,0.8241758346557617,0.5676567554473877
YDR409W,YCL012W,1,0.0061632376,0.12703783810138702,0.8251748085021973,0.5676567554473877
YIL030C,YOL086W-A,0,0.0061632376,0.1270183026790619,0.8251748085021973,0.5677567720413208
YMR053C,YFL018W-A,0,0.0061632376,0.12699876725673676,0.8251748085021973,0.5678567886352539
YBR200W-A,YPL161C,0,0.0061632376,0.12697924673557281,0.8251748085021973,0.567956805229187
YMR192W,YLR154W-C,0,0.0061632376,0.12695972621440887,0.8251748085021973,0.5680568218231201
YCL005W-A,YJL127C,0,0.0061632376,0.12694022059440613,0.8251748085021973,0.5681568384170532
YFL035C-B,YNL036W,0,0.0061632376,0.12692071497440338,0.8251748085021973,0.5682568550109863
YJR120W,YBR200W-A,0,0.0061632376,0.12690120935440063,0.8251748085021973,0.5683568120002747
YBR200W-A,YNL133C,0,0.0061632376,0.12688171863555908,0.8251748085021973,0.5684568285942078
YHR079C-B,YDR244W,0,0.0061632376,0.12686222791671753,0.8251748085021973,0.5685568451881409
YFL035C-B,YDR039C,0,0.0061632376,0.12684275209903717,0.8251748085021973,0.568656861782074
YKL191W,YBR200W-A,0,0.0061632376,0.1268232762813568,0.8251748085021973,0.5687568783760071
YDR210W-C,YKL060C,0,0.0061632376,0.12680380046367645,0.8251748085021973,0.5688568949699402
YIL096C,YLR154W-C,0,0.0061632376,0.1267843395471573,0.8251748085021973,0.5689569115638733
YGR005C,YER053C-A,0,0.0061632376,0.12676489353179932,0.8251748085021973,0.5690569281578064
YFL035C-B,YPL224C,0,0.0061632376,0.12674543261528015,0.8251748085021973,0.5691569447517395
YCR009C,YJL021C,1,0.0061632376,0.12687940895557404,0.8261738419532776,0.5691569447517395
YPR171W,YLR312C-B,1,0.0061632376,0.12701334059238434,0.8271728157997131,0.5691569447517395
YKL138C-A,YLR067C,0,0.0061632376,0.12699386477470398,0.8271728157997131,0.5692569017410278
YLR154W-C,YOR158W,0,0.0061632376,0.12697438895702362,0.8271728157997131,0.5693569183349609
YCL005W-A,YBR301W,0,0.0061632376,0.12695492804050446,0.8271728157997131,0.569456934928894
YBR043C,YER053C-A,0,0.0061632376,0.1269354522228241,0.8271728157997131,0.5695569515228271
YLL018C-A,YBR090C-A,0,0.0061632376,0.12691600620746613,0.8271728157997131,0.5696569681167603
YJL167W,YKL138C-A,0,0.0061632376,0.12689654529094696,0.8271728157997131,0.5697569847106934
YKL138C-A,YJR131W,0,0.0061632376,0.12687711417675018,0.8271728157997131,0.5698570013046265
YKR085C,YDR210W-C,0,0.0061632376,0.1268576681613922,0.8271728157997131,0.5699570178985596
YDL134C-A,YKL052C,0,0.0061632376,0.12683823704719543,0.8271728157997131,0.5700570344924927
YFL035C-B,YMR050C,0,0.0061632376,0.12681880593299866,0.8271728157997131,0.570156991481781
YJL133C-A,YDR292C,0,0.0061632376,0.12679938971996307,0.8271728157997131,0.5702570080757141
YFL035C-B,YNL133C,0,0.0061632376,0.1267799735069275,0.8271728157997131,0.5703570246696472
YMR318C,YKL138C-A,0,0.0061632376,0.1267605572938919,0.8271728157997131,0.5704570412635803
YLR337W,YPL074W,1,0.0061632376,0.12689423561096191,0.8281718492507935,0.5704570412635803
YPR199C,YOR343C-A,0,0.0061632376,0.12687480449676514,0.8281718492507935,0.5705570578575134
YBL014C,YOR343C-A,0,0.0061632376,0.12685538828372955,0.8281718492507935,0.5706570744514465
YOL023W,YLR154W-C,0,0.0061632376,0.12683598697185516,0.8281718492507935,0.5707570910453796
YLR460C,YOR343C-A,0,0.0061632376,0.12681658565998077,0.8281718492507935,0.5708571076393127
YJL133C-A,YLR260W,0,0.0061632376,0.12679718434810638,0.8281718492507935,0.5709571242332458
YBR200W-A,YER167W,0,0.0061632376,0.1267777979373932,0.8281718492507935,0.5710570812225342
YJR090C,YJL021C,1,0.0061632376,0.12691131234169006,0.829170823097229,0.5710570812225342
YFL035C-B,YLR352W,0,0.0061632376,0.12689191102981567,0.829170823097229,0.5711570978164673
YBR015C,YER053C-A,0,0.0061632376,0.12687250971794128,0.829170823097229,0.5712571144104004
YDR323C,YCL005W-A,0,0.0061632376,0.1268531233072281,0.829170823097229,0.5713571310043335
YKR095W-A,YOL095C,0,0.0061632376,0.1268337368965149,0.829170823097229,0.5714571475982666
YBL008W,YBR100W,0,0.0061632376,0.1268143653869629,0.829170823097229,0.5715571641921997
YJL133C-A,YNR059W,0,0.0061632376,0.1267949938774109,0.829170823097229,0.5716571807861328
YLR131C,YDR210W-C,0,0.0061632376,0.1267756223678589,0.829170823097229,0.5717571973800659
YLR247C,YFL018W-A,0,0.0061632376,0.12675626575946808,0.829170823097229,0.571857213973999
YIL098C,YKL138C-A,0,0.0061632376,0.12673690915107727,0.829170823097229,0.5719571709632874
YPR010C,YOR343C-A,0,0.0061632376,0.12671755254268646,0.829170823097229,0.5720571875572205
YBR049C,YOR343C-A,0,0.0061632376,0.12669821083545685,0.829170823097229,0.5721572041511536
YOL086W-A,YDL076C,0,0.0061632376,0.12667888402938843,0.829170823097229,0.5722572207450867
YPL004C,YOR343C-A,0,0.0061632376,0.1266595423221588,0.829170823097229,0.5723572373390198
YOR129C,YLR154W-C,0,0.0061632376,0.1266402155160904,0.829170823097229,0.5724572539329529
YBR200W-A,YMR015C,0,0.0061632376,0.12662090361118317,0.829170823097229,0.572557270526886
YFL035C-B,YMR118C,0,0.0061632376,0.12660159170627594,0.829170823097229,0.5726572871208191
YHR035W,YER053C-A,0,0.0061632376,0.1265822798013687,0.829170823097229,0.5727573037147522
YDL134C-A,YKL063C,0,0.0061632376,0.12656298279762268,0.829170823097229,0.5728572607040405
YFL035C-B,YGL226W,0,0.0061632376,0.12654368579387665,0.829170823097229,0.5729572772979736
YOL132W,YKR095W-A,0,0.0061632376,0.12652438879013062,0.829170823097229,0.5730572938919067
YJL012C,YKL138C-A,0,0.0061632376,0.12650510668754578,0.829170823097229,0.5731573104858398
YPR067W,YDR210W-C,0,0.0061632376,0.12648582458496094,0.829170823097229,0.573257327079773
YLR258W,YKR095W-A,0,0.0061632376,0.1264665573835373,0.829170823097229,0.573357343673706
YDR213W,YKR095W-A,0,0.0061632376,0.12644729018211365,0.829170823097229,0.5734573602676392
YFL035C-B,YLR061W,0,0.0061632376,0.12642802298069,0.829170823097229,0.5735573768615723
YHL050C,YER053C-A,0,0.0061632376,0.12640877068042755,0.829170823097229,0.5736573934555054
YFL018W-A,YML082W,0,0.0061632376,0.1263895183801651,0.829170823097229,0.5737573504447937
YDR316W-B,YFL018W-A,0,0.0061632376,0.12637028098106384,0.829170823097229,0.5738573670387268
YDR323C,YFL035C-A,0,0.0061632376,0.12635104358196259,0.829170823097229,0.5739573836326599
YDR004W,YLR154W-C,0,0.0061632376,0.12633180618286133,0.829170823097229,0.574057400226593
YOL132W,YDR210W-C,0,0.0061632376,0.12631258368492126,0.829170823097229,0.5741574168205261
YIL007C,YJL133C-A,0,0.0061632376,0.1262933611869812,0.829170823097229,0.5742574334144592
YLR154W-C,YOR110W,0,0.0061632376,0.12627415359020233,0.829170823097229,0.5743574500083923
YOR267C,YFL035C-A,0,0.0061632376,0.12625494599342346,0.829170823097229,0.5744574666023254
YLR154W-C,YHR194W,0,0.0061632376,0.1262357383966446,0.829170823097229,0.5745574831962585
YOR343C-A,YBR028C,0,0.0061632376,0.12621654570102692,0.829170823097229,0.5746574401855469
YLR411W,YFL035C-A,0,0.0061632376,0.12619735300540924,0.829170823097229,0.57475745677948
YOL020W,YOL086W-A,0,0.0061632376,0.12617817521095276,0.829170823097229,0.5748574733734131
YBR200W-A,YML086C,0,0.0061632376,0.12615899741649628,0.829170823097229,0.5749574899673462
YFL035C-B,YMR220W,0,0.0061632376,0.1261398196220398,0.829170823097229,0.5750575065612793
YDL003W,YLR154W-C,0,0.0061632376,0.1261206567287445,0.829170823097229,0.5751575231552124
YDR261C,YFL018W-A,0,0.0061632376,0.12610149383544922,0.829170823097229,0.5752575397491455
YIL068C,YLR312C-B,1,0.0061632376,0.126234233379364,0.8301698565483093,0.5752575397491455
YNL221C,YDR210W-C,0,0.0061632376,0.12621507048606873,0.8301698565483093,0.5753575563430786
YFL035C-B,YLR323C,0,0.0061632376,0.12619589269161224,0.8301698565483093,0.5754575729370117
YBR200W-A,YOR253W,0,0.0061632376,0.12617674469947815,0.8301698565483093,0.5755575299263
YFL035C-B,YKR085C,0,0.0061632376,0.12615758180618286,0.8301698565483093,0.5756575465202332
YNL286W,YDR210W-C,0,0.0061632376,0.12613843381404877,0.8301698565483093,0.5757575631141663
YER053C-A,YBR149W,0,0.0061632376,0.12611928582191467,0.8301698565483093,0.5758575797080994
YML023C,YDL134C-A,0,0.0061632376,0.12610015273094177,0.8301698565483093,0.5759575963020325
YKL138C-A,YNL164C,0,0.0061632376,0.12608101963996887,0.8301698565483093,0.5760576128959656
YFR024C,YML133C,0,0.0061632376,0.12606188654899597,0.8301698565483093,0.5761576294898987
YOR078W,YFL035C-A,0,0.0061632376,0.12604276835918427,0.8301698565483093,0.5762576460838318
YLR337W,YGL233W,1,0.0061632376,0.12617531418800354,0.8311688303947449,0.5762576460838318
YBR200W-A,YDL106C,0,0.0061632376,0.12615618109703064,0.8311688303947449,0.5763576626777649
YLR312C-B,YCR002C,1,0.0061632376,0.12628865242004395,0.8321678042411804,0.5763576626777649
YFR024C,YJR090C,1,0.0061632376,0.12642109394073486,0.8331668376922607,0.5763576626777649
YOL121C,YJL133C-A,0,0.0061632376,0.12640194594860077,0.8331668376922607,0.5764576196670532
YKL138C-A,YNL181W,0,0.0061632376,0.12638278305530548,0.8331668376922607,0.5765576362609863
YER053C-A,YMR183C,0,0.0061632376,0.1263636350631714,0.8331668376922607,0.5766576528549194
YPL115C,YBR200W-A,0,0.0061632376,0.1263444870710373,0.8331668376922607,0.5767576694488525
YHR169W,YDR210W-C,0,0.0061632376,0.1263253539800644,0.8331668376922607,0.5768576860427856
YCL005W-A,YLR056W,0,0.0061632376,0.1263062208890915,0.8331668376922607,0.5769577026367188
YPL100W,YJL133C-A,0,0.0061632376,0.12628710269927979,0.8331668376922607,0.5770577192306519
YBR200W-A,YBL051C,0,0.0061632376,0.12626798450946808,0.8331668376922607,0.577157735824585
YIL037C,YOL086W-A,0,0.0061632376,0.12624886631965637,0.8331668376922607,0.5772577524185181
YGL073W,YCL005W-A,0,0.0061632376,0.12622976303100586,0.8331668376922607,0.5773577094078064
YPL138C,YFL018W-A,0,0.0061632376,0.12621065974235535,0.8331668376922607,0.5774577260017395
YLR337W,YPL242C,1,0.0061632376,0.12634286284446716,0.8341658115386963,0.5774577260017395
YML067C,YFL035C-A,0,0.0061632376,0.12632374465465546,0.8341658115386963,0.5775577425956726
YJL057C,YDR210W-C,0,0.0061632376,0.12630464136600494,0.8341658115386963,0.5776577591896057
YLR154W-C,YKR052C,0,0.0061632376,0.12628553807735443,0.8341658115386963,0.5777577757835388
YCR045C,YFL035C-B,0,0.0061632376,0.1262664496898651,0.8341658115386963,0.5778577923774719
YDR463W,YER053C-A,0,0.0061632376,0.1262473613023758,0.8341658115386963,0.577957808971405
YPR158W-B,YJL021C,0,0.0061632376,0.12622827291488647,0.8341658115386963,0.5780578255653381
YMR232W,YCL005W-A,0,0.0061632376,0.12620918452739716,0.8341658115386963,0.5781578421592712
YPR095C,YFL035C-A,0,0.0061632376,0.12619011104106903,0.8341658115386963,0.5782577991485596
YFR024C,YER093C,0,0.0061632376,0.1261710524559021,0.8341658115386963,0.5783578157424927
YAL002W,YBR200W-A,0,0.0061632376,0.12615199387073517,0.8341658115386963,0.5784578323364258
YDL134C-A,YPR105C,0,0.0061632376,0.12613293528556824,0.8341658115386963,0.5785578489303589
YGR032W,YLR312C-B,1,0.0061632376,0.12626491487026215,0.8351648449897766,0.5785578489303589
YHL028W,YKR095W-A,0,0.0061632376,0.12624584138393402,0.8351648449897766,0.578657865524292
YNR038W,YOL086W-A,0,0.0061632376,0.1262267827987671,0.8351648449897766,0.5787578821182251
YHR165C,YCL005W-A,0,0.0061632376,0.12620772421360016,0.8351648449897766,0.5788578987121582
YLR037C,YLR154W-C,0,0.0061632376,0.12618868052959442,0.8351648449897766,0.5789579153060913
YBL047C,YCL012W,1,0.0061632376,0.12632055580615997,0.8361638188362122,0.5789579153060913
YLR007W,YER053C-A,0,0.0061632376,0.12630149722099304,0.8361638188362122,0.5790579319000244
YDR023W,YDR210W-C,0,0.0061632376,0.1262824386358261,0.8361638188362122,0.5791578888893127
YGR120C,YDR210W-C,0,0.0061632376,0.12626339495182037,0.8361638188362122,0.5792579054832458
YDR256C,YLR154W-C,0,0.0061632376,0.12624435126781464,0.8361638188362122,0.579357922077179
YMR076C,YFL018W-A,0,0.0061632376,0.1262253075838089,0.8361638188362122,0.5794579386711121
YKL006W,YER053C-A,0,0.0061632376,0.12620627880096436,0.8361638188362122,0.5795579552650452
YAL011W,YKR095W-A,0,0.0061632376,0.1261872500181198,0.8361638188362122,0.5796579718589783
YLR001C,YOL086W-A,0,0.0061632376,0.12616822123527527,0.8361638188362122,0.5797579884529114
YHR185C,YFL018W-A,0,0.0061632376,0.12614920735359192,0.8361638188362122,0.5798580050468445
YCR036W,YFL018W-A,0,0.0061632376,0.12613019347190857,0.8361638188362122,0.5799580216407776
YDL134C-A,YGL018C,0,0.0061632376,0.1261111944913864,0.8361638188362122,0.5800579786300659
YKL138C-A,YLR150W,0,0.0061632376,0.12609219551086426,0.8361638188362122,0.580157995223999
YJR049C,YKR095W-A,0,0.0061632376,0.1260731965303421,0.8361638188362122,0.5802580118179321
YHR146W,YFL018W-A,0,0.0061632376,0.12605421245098114,0.8361638188362122,0.5803580284118652
YLR215C,YDL134C-A,0,0.0061632376,0.12603522837162018,0.8361638188362122,0.5804580450057983
YFL035C-B,YLR075W,0,0.0061632376,0.1260162591934204,0.8361638188362122,0.5805580615997314
YLR154W-C,YNL036W,0,0.0061632376,0.12599729001522064,0.8361638188362122,0.5806580781936646
YKR075C,YKL138C-A,0,0.0061632376,0.12597832083702087,0.8361638188362122,0.5807580947875977
YJL133C-A,YMR101C,0,0.0061632376,0.1259593665599823,0.8361638188362122,0.5808581113815308
YHR146W,YLR154W-C,0,0.0061632376,0.12594041228294373,0.8361638188362122,0.5809580683708191
YLR154W-C,YDR234W,0,0.0061632376,0.12592147290706635,0.8361638188362122,0.5810580849647522
YFL035C-B,YLR190W,0,0.0061632376,0.12590253353118896,0.8361638188362122,0.5811581015586853
YKL138C-A,YJL168C,0,0.0061632376,0.12588359415531158,0.8361638188362122,0.5812581181526184
YFL018W-A,YDL149W,0,0.0061632376,0.1258646547794342,0.8361638188362122,0.5813581347465515
YFL035C-B,YDR438W,0,0.0061632376,0.12584573030471802,0.8361638188362122,0.5814581513404846
YKR096W,YDR210W-C,0,0.0061632376,0.12582682073116302,0.8361638188362122,0.5815581679344177
YKR078W,YOR343C-A,0,0.0061632376,0.12580791115760803,0.8361638188362122,0.5816581845283508
YKR095W-A,YJR046W,0,0.0061632376,0.12578900158405304,0.8361638188362122,0.5817582011222839
YOR227W,YFL018W-A,0,0.0061632376,0.12577009201049805,0.8361638188362122,0.5818581581115723
YDR210W-C,YDR040C,0,0.0061632376,0.12575119733810425,0.8361638188362122,0.5819581747055054
YML107C,YLR154W-C,0,0.0061632376,0.12573231756687164,0.8361638188362122,0.5820581912994385
YDR040C,YOR343C-A,0,0.0061632376,0.12571342289447784,0.8361638188362122,0.5821582078933716
YKL138C-A,YDR257C,0,0.0061632376,0.12569454312324524,0.8361638188362122,0.5822582244873047
YGR204W,YFL035C-A,0,0.0061632376,0.12567567825317383,0.8361638188362122,0.5823582410812378
YNL024C,YFL018W-A,0,0.0061632376,0.12565681338310242,0.8361638188362122,0.5824582576751709
YLR045C,YLR312C-B,1,0.0061632376,0.12578804790973663,0.8371628522872925,0.5824582576751709
YPL141C,YDR210W-C,0,0.0061632376,0.12576916813850403,0.8371628522872925,0.582558274269104
YJL180C,YER053C-A,0,0.0061632376,0.12575030326843262,0.8371628522872925,0.5826582908630371
YKL138C-A,YLR260W,0,0.0061632376,0.1257314383983612,0.8371628522872925,0.5827582478523254
YDL222C,YLR312C-B,1,0.0061632376,0.12586258351802826,0.838161826133728,0.5827582478523254
YJL133C-A,YJL058C,0,0.0061632376,0.12584370374679565,0.838161826133728,0.5828582644462585
YGL196W,YFL018W-A,0,0.0061632376,0.12582483887672424,0.838161826133728,0.5829582810401917
YML045W,YFL035C-A,0,0.0061632376,0.12580597400665283,0.838161826133728,0.5830582976341248
YOL078W,YFL035C-A,0,0.0061632376,0.12578710913658142,0.838161826133728,0.5831583142280579
YDL134C-A,YKL029C,0,0.0061632376,0.12576824426651,0.838161826133728,0.583258330821991
YML100W,YKL138C-A,0,0.0061632376,0.1257493942975998,0.838161826133728,0.5833583474159241
YFR024C,YML052W,1,0.0061632376,0.1258804202079773,0.8391608595848083,0.5833583474159241
YOR119C,YER053C-A,0,0.0061632376,0.12586155533790588,0.8391608595848083,0.5834583640098572
YCL005W-A,YOR158W,0,0.0061632376,0.12584269046783447,0.8391608595848083,0.5835583806037903
YCL005W-A,YKR052C,0,0.0061632376,0.12582384049892426,0.8391608595848083,0.5836583375930786
YFL035C-B,YPL115C,0,0.0061632376,0.12580500543117523,0.8391608595848083,0.5837583541870117
YDL247W,YBR200W-A,0,0.0061632376,0.1257861703634262,0.8391608595848083,0.5838583707809448
YDL134C-A,YOR032C,0,0.0061632376,0.12576733529567719,0.8391608595848083,0.5839583873748779
YDR217C,YLR154W-C,0,0.0061632376,0.12574850022792816,0.8391608595848083,0.584058403968811
YLR390W-A,YCL005W-A,0,0.0061632376,0.12572968006134033,0.8391608595848083,0.5841584205627441
YFL035C-B,YOR132W,0,0.0061632376,0.1257108598947525,0.8391608595848083,0.5842584371566772
YHR111W,YKR095W-A,0,0.0061632376,0.12569205462932587,0.8391608595848083,0.5843584537506104
YDL134C-A,YML031W,0,0.0061632376,0.12567324936389923,0.8391608595848083,0.5844584703445435
YAR042W,YOL086W-A,0,0.0061632376,0.1256544440984726,0.8391608595848083,0.5845584273338318
YFL035C-B,YJL186W,0,0.0061632376,0.12563565373420715,0.8391608595848083,0.5846584439277649
YFL035C-B,YNL054W-A,0,0.0061632376,0.1256168633699417,0.8391608595848083,0.584758460521698
YNL054W-A,YML076C,0,0.0060627777,0.12559808790683746,0.8391608595848083,0.5848584771156311
YLR313C,YOR367W,1,0.006042445,0.1257288157939911,0.8401598334312439,0.5848584771156311
YOL020W,YPR174C,0,0.0054796506,0.12571001052856445,0.8401598334312439,0.5849584937095642
YBR193C,YNR033W,0,0.0054609478,0.125691220164299,0.8401598334312439,0.5850585103034973
YLR413W,YKL060C,0,0.0052680094,0.12567244470119476,0.8401598334312439,0.5851585268974304
YJL059W,YIL064W,0,0.00525593,0.12565366923809052,0.8401598334312439,0.5852585434913635
YLR001C,YGR040W,0,0.0050742347,0.12563489377498627,0.8401598334312439,0.5853585600852966
YMR261C,YHR157W,0,0.0049069915,0.1256161332130432,0.8401598334312439,0.585458517074585
YNL233W,YDR469W,0,0.0048564617,0.12559737265110016,0.8401598334312439,0.5855585336685181
YMR215W,YNL024C,0,0.004715318,0.1255786120891571,0.8401598334312439,0.5856585502624512
YDR328C,YJL001W,0,0.004627699,0.12555986642837524,0.8401598334312439,0.5857585668563843
YLR234W,YHR214C-C,0,0.004623452,0.12554112076759338,0.8401598334312439,0.5858585834503174
YIL036W,YCR058C,0,0.004029019,0.12552239000797272,0.8401598334312439,0.5859586000442505
YJL212C,YLR017W,0,0.0037344936,0.12550365924835205,0.8401598334312439,0.5860586166381836
YMR110C,YOR001W,0,0.0036734883,0.12548492848873138,0.8401598334312439,0.5861586332321167
YOL121C,YER071C,0,0.0034501683,0.1254662126302719,0.8401598334312439,0.5862586498260498
YLR234W,YKL081W,0,0.0030357037,0.12544749677181244,0.8401598334312439,0.5863586068153381
YOR335C,YPL006W,0,0.0030327234,0.12542878091335297,0.8401598334312439,0.5864586234092712
YGL006W,YDR021W,0,0.0028306935,0.1254100799560547,0.8401598334312439,0.5865586400032043
YDR004W,YLR011W,0,0.0028248522,0.1253913789987564,0.8401598334312439,0.5866586565971375
YLR277C,YMR101C,0,0.00219726,0.12537269294261932,0.8401598334312439,0.5867586731910706
YLR227W-A,YBL013W,0,0.0018832181,0.12535400688648224,0.8401598334312439,0.5868586897850037
YDR323C,YCR016W,0,0.0012676362,0.12533532083034515,0.8401598334312439,0.5869587063789368
YMR158W,YHR079C-B,0,0.000851525,0.12531664967536926,0.8401598334312439,0.5870587229728699
YBR208C,YDR303C,0,0.0006941054,0.12529797852039337,0.8401598334312439,0.587158739566803
YNL056W,YGR181W,0,0.0006405134,0.12527930736541748,0.8401598334312439,0.5872586965560913
YDL175C,YCL039W,0,0.00047188066,0.12526065111160278,0.8401598334312439,0.5873587131500244
YDR482C,YLR352W,0,5.410798e-05,0.12524199485778809,0.8401598334312439,0.5874587297439575
YBR089C-A,YBR191W,0,-0.00026888214,0.12522335350513458,0.8401598334312439,0.5875587463378906
YAL015C,YOR273C,0,-0.00040133856,0.12520469725131989,0.8401598334312439,0.5876587629318237
YMR063W,YLR059C,0,-0.0006310176,0.12518607079982758,0.8401598334312439,0.5877587795257568
YPR106W,YOL103W-A,0,-0.00065921806,0.12516742944717407,0.8401598334312439,0.5878587961196899
YCR106W,YMR237W,0,-0.00081607513,0.12514880299568176,0.8401598334312439,0.587958812713623
YBL007C,YBR003W,0,-0.00094824843,0.12513019144535065,0.8401598334312439,0.5880588293075562
YER179W,YHR001W-A,0,-0.0010584053,0.12511157989501953,0.8401598334312439,0.5881587862968445
YHR035W,YGR208W,0,-0.0012235101,0.12509296834468842,0.8401598334312439,0.5882588028907776
YLR102C,YJR096W,0,-0.0012400094,0.1250743567943573,0.8401598334312439,0.5883588194847107
YFL005W,YOR358W,0,-0.0012551602,0.12505576014518738,0.8401598334312439,0.5884588360786438
YJR048W,YCR065W,0,-0.0012863036,0.12503716349601746,0.8401598334312439,0.5885588526725769
YML067C,YLR004C,0,-0.0013709087,0.12501858174800873,0.8401598334312439,0.58865886926651
YDR129C,YGL195W,0,-0.0017895903,0.125,0.8401598334312439,0.5887588858604431
YPL126W,YIL120W,0,-0.001883788,0.12498142570257187,0.8401598334312439,0.5888589024543762
YGR174C,YDR276C,0,-0.0023104157,0.12496285140514374,0.8401598334312439,0.5889589190483093
YJL045W,YDR517W,0,-0.002592871,0.1249442845582962,0.8401598334312439,0.5890589356422424
YIL030C,YDR045C,0,-0.0033713784,0.12492572516202927,0.8401598334312439,0.5891588926315308
YOR334W,YKR075C,0,-0.0033918377,0.12490717321634293,0.8401598334312439,0.5892589092254639
YBR029C,YNL020C,0,-0.0034142788,0.12488862127065659,0.8401598334312439,0.589358925819397
YPL001W,YPL239W,0,-0.0034498926,0.12487008422613144,0.8401598334312439,0.5894589424133301
YFR025C,YKL087C,0,-0.0034508165,0.12485154718160629,0.8401598334312439,0.5895589590072632
YLR426W,YDR287W,0,-0.0035608187,0.12483301013708115,0.8401598334312439,0.5896589756011963
YFR047C,YBL038W,0,-0.0040814336,0.1248144879937172,0.8401598334312439,0.5897589921951294
YOR236W,YDL093W,0,-0.0042926427,0.12479596585035324,0.8401598334312439,0.5898590087890625
YGL006W,YDR365W-A,0,-0.004548384,0.12477745115756989,0.8401598334312439,0.5899590253829956
YHR088W,YFR030W,0,-0.0046593156,0.12475893646478653,0.8401598334312439,0.5900589823722839
YOL096C,YDR005C,0,-0.005071109,0.12474043667316437,0.8401598334312439,0.590158998966217
YGR181W,YMR040W,0,-0.00521799,0.1247219368815422,0.8401598334312439,0.5902590155601501
YIL052C,YPR003C,0,-0.0059678312,0.12470343708992004,0.8401598334312439,0.5903590321540833
YIL036W,YER023W,0,-0.006363796,0.12468495219945908,0.8401598334312439,0.5904590487480164
YMR009W,YCR005C,0,-0.006503431,0.12466646730899811,0.8401598334312439,0.5905590653419495
YOR091W,YGR217W,0,-0.006548168,0.12464798986911774,0.8401598334312439,0.5906590819358826
YEL019C,YDR438W,0,-0.0066372063,0.12462951987981796,0.8401598334312439,0.5907590985298157
YLR011W,YDR168W,0,-0.0066881683,0.12461104989051819,0.8401598334312439,0.5908591151237488
YLR342W,YDL222C,1,-0.007209871,0.12474074214696884,0.8411588668823242,0.5908591151237488
YLL021W,YLR175W,0,-0.0072367843,0.12472226470708847,0.8411588668823242,0.5909590721130371
YKL063C,YPL063W,0,-0.007286882,0.1247037947177887,0.8411588668823242,0.5910590887069702
YOR156C,YDR110W,0,-0.007288849,0.12468532472848892,0.8411588668823242,0.5911591053009033
YFR047C,YNL156C,0,-0.0074163508,0.12466686218976974,0.8411588668823242,0.5912591218948364
YLR404W,YCL012W,1,-0.0075976904,0.12479645013809204,0.8421578407287598,0.5912591218948364
YOR045W,YDR098C-A,0,-0.0075991433,0.12477797269821167,0.8421578407287598,0.5913591384887695
YOR207C,YOR129C,0,-0.007886222,0.12475951015949249,0.8421578407287598,0.5914591550827026
YIL022W,YNL246W,0,-0.008043459,0.12474104762077332,0.8421578407287598,0.5915591716766357
YPL138C,YPR037C,0,-0.008089421,0.12472259253263474,0.8421578407287598,0.5916591882705688
YEL024W,YDR365W-A,0,-0.008235818,0.12470414489507675,0.8421578407287598,0.591759204864502
YNL251C,YPL233W,0,-0.00841411,0.12468569725751877,0.8421578407287598,0.5918591618537903
YOL103W-A,YKR083C,0,-0.008773236,0.12466725707054138,0.8421578407287598,0.5919591784477234
YML061C,YHR020W,0,-0.0089354385,0.12464882433414459,0.8421578407287598,0.5920591950416565
YJR041C,YNR055C,0,-0.009083031,0.1246303990483284,0.8421578407287598,0.5921592116355896
YNL054W-A,YDL119C,0,-0.009099705,0.12461197376251221,0.8421578407287598,0.5922592282295227
YAL007C,YML092C,0,-0.00937747,0.12459355592727661,0.8421578407287598,0.5923592448234558
YBR279W,YKL006W,0,-0.009566879,0.12457514554262161,0.8421578407287598,0.5924592614173889
YKL026C,YML086C,0,-0.009805655,0.12455673515796661,0.8421578407287598,0.592559278011322
YOR002W,YOR129C,0,-0.009897886,0.12453833967447281,0.8421578407287598,0.5926592946052551
YKL026C,YLR323C,0,-0.01006165,0.124519944190979,0.8421578407287598,0.5927592515945435
YGL243W,YDR160W,0,-0.010242568,0.1245015487074852,0.8421578407287598,0.5928592681884766
YMR232W,YJL186W,0,-0.010320952,0.12448316812515259,0.8421578407287598,0.5929592847824097
YDR528W,YBR045C,0,-0.010578265,0.12446478754281998,0.8421578407287598,0.5930593013763428
YOL144W,YJL167W,0,-0.011425441,0.12444641441106796,0.8421578407287598,0.5931593179702759
YOR101W,YLL021W,0,-0.011492347,0.12442804127931595,0.8421578407287598,0.593259334564209
YOR334W,YCR105W,0,-0.011769701,0.12440968304872513,0.8421578407287598,0.5933593511581421
YOR136W,YHL031C,0,-0.011864638,0.12439132481813431,0.8421578407287598,0.5934593677520752
YER177W,YER028C,0,-0.012333835,0.12437297403812408,0.8421578407287598,0.5935593843460083
YOR241W,YIL038C,0,-0.012675529,0.12435462325811386,0.8421578407287598,0.5936593413352966
YLR143W,YDL123W,0,-0.012734136,0.12433627992868423,0.8421578407287598,0.5937593579292297
YER072W,YMR050C,0,-0.01283182,0.1243179440498352,0.8421578407287598,0.5938593745231628
YPR188C,YDR309C,1,-0.01287516,0.1244470626115799,0.8431568145751953,0.5938593745231628
YLR102C,YOL126C,0,-0.0129037555,0.12442871928215027,0.8431568145751953,0.593959391117096
YDL175C,YPR188C,0,-0.013013737,0.12441037595272064,0.8431568145751953,0.594059407711029
YOR011W,YDR261C,0,-0.0131108165,0.12439204007387161,0.8431568145751953,0.5941594243049622
YDR309C,YLR019W,0,-0.01339162,0.12437371164560318,0.8431568145751953,0.5942594408988953
YJL181W,YOR086C,0,-0.013452617,0.12435538321733475,0.8431568145751953,0.5943594574928284
YDR145W,YDR246W,0,-0.013477081,0.12433706223964691,0.8431568145751953,0.5944594740867615
YPR017C,YBL072C,0,-0.013571283,0.12431874871253967,0.8431568145751953,0.5945594310760498
YPL171C,YDR287W,0,-0.013671761,0.12430044263601303,0.8431568145751953,0.5946594476699829
YOL144W,YMR177W,0,-0.013721695,0.12428213655948639,0.8431568145751953,0.594759464263916
YGR204W,YDR365W-A,0,-0.013972046,0.12426383793354034,0.8431568145751953,0.5948594808578491
YGR170W,YNL123W,0,-0.014753228,0.1242455467581749,0.8431568145751953,0.5949594974517822
YBR090C-A,YOR086C,0,-0.014836101,0.12422726303339005,0.8431568145751953,0.5950595140457153
YGR161W-A,YMR177W,0,-0.0150165465,0.1242089793086052,0.8431568145751953,0.5951595306396484
YBR029C,YLR194C,0,-0.015498618,0.12419070303440094,0.8431568145751953,0.5952595472335815
YCR107W,YIL130W,0,-0.01602204,0.12417242676019669,0.8431568145751953,0.5953595638275146
YGL070C,YLR360W,0,-0.01616866,0.12415416538715363,0.8431568145751953,0.595459520816803
YLR143W,YKR034W,0,-0.016296139,0.12413590401411057,0.8431568145751953,0.5955595374107361
YDR023W,YOR249C,0,-0.01664271,0.1241176500916481,0.8431568145751953,0.5956595540046692
YDR129C,YGR296W,0,-0.016688487,0.12409939616918564,0.8431568145751953,0.5957595705986023
YOL078W,YCL048W,0,-0.016816253,0.12408114969730377,0.8431568145751953,0.5958595871925354
YPL063W,YDR359C,0,-0.016834272,0.1240629106760025,0.8431568145751953,0.5959596037864685
YDL175C,YMR183C,0,-0.01703939,0.12404467910528183,0.8431568145751953,0.5960596203804016
YGL061C,YNL111C,0,-0.017200744,0.12402644753456116,0.8431568145751953,0.5961596369743347
YLR239C,YNL036W,0,-0.017470485,0.12400823086500168,0.8431568145751953,0.5962596535682678
YJR153W,YGL151W,0,-0.017476952,0.1239900067448616,0.8431568145751953,0.5963596105575562
YNL284C-B,YGR109W-A,0,-0.017605899,0.12397179752588272,0.8431568145751953,0.5964596271514893
YOR260W,YCR018C,0,-0.018041983,0.12395358830690384,0.8431568145751953,0.5965596437454224
YGL104C,YEL027W,0,-0.01806332,0.12393538653850555,0.8431568145751953,0.5966596603393555
YDR439W,YDR098C-B,0,-0.018158114,0.12391719222068787,0.8431568145751953,0.5967596769332886
YNL094W,YIL123W,0,-0.018338243,0.12389900535345078,0.8431568145751953,0.5968596935272217
YGR024C,YPR158W-B,0,-0.018784812,0.12388081848621368,0.8431568145751953,0.5969597101211548
YPR158W-B,YMR262W,0,-0.018937489,0.12386263906955719,0.8431568145751953,0.5970597267150879
YHR214C-C,YHR133C,0,-0.018963663,0.1238444596529007,0.8431568145751953,0.597159743309021
YLL048C,YLR007W,0,-0.019072793,0.1238262876868248,0.8431568145751953,0.5972597002983093
YJL035C,YPL145C,0,-0.019147469,0.1238081231713295,0.8431568145751953,0.5973597168922424
YOR002W,YMR225C,0,-0.019156834,0.1237899661064148,0.8431568145751953,0.5974597334861755
YOR177C,YDR528W,0,-0.01930832,0.12377181649208069,0.8431568145751953,0.5975597500801086
YLR324W,YMR118C,0,-0.019344984,0.12375366687774658,0.8431568145751953,0.5976597666740417
YNL294C,YJL208C,0,-0.019558696,0.12373552471399307,0.8431568145751953,0.5977597832679749
YLR342W,YML052W,1,-0.019579625,0.12386397272348404,0.8441558480262756,0.5977597832679749
YBR090C-A,YBR212W,0,-0.019950097,0.12384581565856934,0.8441558480262756,0.597859799861908
YNR032C-A,YDR316W-B,0,-0.019980555,0.12382766604423523,0.8441558480262756,0.5979598164558411
YJR041C,YJL089W,0,-0.020072227,0.12380952388048172,0.8441558480262756,0.5980598330497742
YGL087C,YDR098C-B,0,-0.02020217,0.12379138916730881,0.8441558480262756,0.5981597900390625
YOR247W,YJL180C,0,-0.020242115,0.1237732544541359,0.8441558480262756,0.5982598066329956
YDR098C-A,YGR109W-A,0,-0.020293145,0.12375512719154358,0.8441558480262756,0.5983598232269287
YCR107W,YER155C,0,-0.020295737,0.12373700737953186,0.8441558480262756,0.5984598398208618
YOL009C,YGR165W,0,-0.020312293,0.12371888756752014,0.8441558480262756,0.5985598564147949
YML061C,YCR021C,0,-0.020432038,0.12370077520608902,0.8441558480262756,0.598659873008728
YPL210C,YDR179C,0,-0.020445881,0.1236826702952385,0.8441558480262756,0.5987598896026611
YBR295W,YDR406W,0,-0.021086631,0.12366456538438797,0.8441558480262756,0.5988599061965942
YKL194C,YLR193C,0,-0.02117793,0.12364647537469864,0.8441558480262756,0.5989599227905273
YDR098C-B,YPL156C,0,-0.021378731,0.12362838536500931,0.8441558480262756,0.5990598797798157
YJL096W,YMR035W,0,-0.021627853,0.12361029535531998,0.8441558480262756,0.5991598963737488
YDR200C,YHR157W,0,-0.021817958,0.12359222024679184,0.8441558480262756,0.5992599129676819
YDR098C-A,YGR224W,0,-0.021957299,0.1235741451382637,0.8441558480262756,0.599359929561615
YKL132C,YOR359W,0,-0.022170758,0.12355607748031616,0.8441558480262756,0.5994599461555481
YOR136W,YBR060C,0,-0.02218323,0.12353800982236862,0.8441558480262756,0.5995599627494812
YDR435C,YDR438W,0,-0.022317095,0.12351994961500168,0.8441558480262756,0.5996599793434143
YBR091C,YDR316W-B,0,-0.022426633,0.12350189685821533,0.8441558480262756,0.5997599959373474
YDR217C,YML076C,0,-0.022462597,0.12348385155200958,0.8441558480262756,0.5998600125312805
YHR111W,YGL058W,0,-0.022507345,0.12346580624580383,0.8441558480262756,0.5999599695205688
YFR047C,YIL120W,0,-0.022555875,0.12344776839017868,0.8441558480262756,0.600059986114502
YOL103W-A,YDR021W,0,-0.022627668,0.12342973798513412,0.8441558480262756,0.6001600027084351
YGL246C,YMR072W,0,-0.02299965,0.12341171503067017,0.8441558480262756,0.6002600193023682
YCL017C,YIL096C,0,-0.023168197,0.12339369207620621,0.8441558480262756,0.6003600358963013
YKR088C,YPL145C,0,-0.023628814,0.12337567657232285,0.8441558480262756,0.6004600524902344
YGR060W,YMR226C,0,-0.023752308,0.12335766106843948,0.8441558480262756,0.6005600690841675
YOL032W,YDR045C,0,-0.023986882,0.12333966046571732,0.8441558480262756,0.6006600856781006
YDR468C,YGR003W,0,-0.024013927,0.12332165986299515,0.8441558480262756,0.6007601022720337
YDR098C-B,YMR035W,0,-0.024243308,0.12330365926027298,0.8441558480262756,0.600860059261322
YDR057W,YPL018W,0,-0.024266688,0.123285673558712,0.8441558480262756,0.6009600758552551
YKL048C,YDR365W-A,0,-0.024459539,0.12326768785715103,0.8441558480262756,0.6010600924491882
YLR227W-A,YLL057C,0,-0.025076685,0.12324970960617065,0.8441558480262756,0.6011601090431213
YNL068C,YPL010W,0,-0.025216756,0.12323173135519028,0.8441558480262756,0.6012601256370544
YDL123W,YNL065W,0,-0.025751898,0.1232137680053711,0.8441558480262756,0.6013601422309875
YIL153W,YNL054W-A,0,-0.025889127,0.12319580465555191,0.8441558480262756,0.6014601588249207
YOL095C,YOR001W,0,-0.026194958,0.12317784130573273,0.8441558480262756,0.6015601754188538
YAL002W,YOL116W,0,-0.02622529,0.12315989285707474,0.8441558480262756,0.6016601920127869
YPR037C,YHR214C-C,0,-0.02632231,0.12314194440841675,0.8441558480262756,0.6017601490020752
YDL240W,YLR299W,0,-0.026498718,0.12312399595975876,0.8441558480262756,0.6018601655960083
YLR234W,YPL018W,0,-0.026661268,0.12310606241226196,0.8441558480262756,0.6019601821899414
YHR214C-C,YGR224W,0,-0.026757037,0.12308812886476517,0.8441558480262756,0.6020601987838745
YLR315W,YPR141C,0,-0.026762044,0.12307020276784897,0.8441558480262756,0.6021602153778076
YKL185W,YAL019W,0,-0.026867053,0.12305227667093277,0.8441558480262756,0.6022602319717407
YJL096W,YGR109W-A,0,-0.026974184,0.12303436547517776,0.8441558480262756,0.6023602485656738
YKL138C,YCR106W,0,-0.027029773,0.12301645427942276,0.8441558480262756,0.6024602651596069
YLR460C,YML047C,0,-0.027258014,0.12299854308366776,0.8441558480262756,0.60256028175354
YDR098C-A,YGR260W,0,-0.027329026,0.12298064678907394,0.8441558480262756,0.6026602387428284
YHL003C,YPL179W,0,-0.02741765,0.12296275049448013,0.8441558480262756,0.6027602553367615
YNL062C,YBR131W,0,-0.027502274,0.12294485419988632,0.8441558480262756,0.6028602719306946
YLR227W-A,YLR258W,0,-0.0276679,0.1229269728064537,0.8441558480262756,0.6029602885246277
YHL017W,YJR046W,0,-0.027818227,0.12290909141302109,0.8441558480262756,0.6030603051185608
YFR024C-A,YPL056C,0,-0.02782098,0.12289121747016907,0.8441558480262756,0.6031603217124939
YMR050C,YNL287W,0,-0.027915062,0.12287334352731705,0.8441558480262756,0.603260338306427
YIL036W,YHR108W,0,-0.02827624,0.12285548448562622,0.8441558480262756,0.6033603549003601
YIL056W,YER109C,0,-0.028673058,0.1228376254439354,0.8441558480262756,0.6034603714942932
YIL013C,YOL029C,0,-0.028714893,0.12281976640224457,0.8441558480262756,0.6035603284835815
YGR057C,YDR190C,0,-0.028754702,0.12280191481113434,0.8441558480262756,0.6036603450775146
YJR131W,YCR021C,0,-0.028798526,0.1227840781211853,0.8441558480262756,0.6037603616714478
YMR059W,YOR241W,0,-0.028842902,0.12276623398065567,0.8441558480262756,0.6038603782653809
YHR214C-C,YOL095C,0,-0.028954646,0.12274840474128723,0.8441558480262756,0.603960394859314
YOR241W,YIL144W,0,-0.02900664,0.12273057550191879,0.8441558480262756,0.6040604114532471
YER023W,YBL072C,0,-0.029141193,0.12271275371313095,0.8441558480262756,0.6041604280471802
YER023W,YDL123W,0,-0.02921736,0.12269493192434311,0.8441558480262756,0.6042604446411133
YAL019W,YPR106W,0,-0.029265454,0.12267711758613586,0.8441558480262756,0.6043604612350464
YAR033W,YGL198W,0,-0.029391846,0.12265931069850922,0.8441558480262756,0.6044604182243347
YOL144W,YDR176W,0,-0.02951884,0.12264151126146317,0.8441558480262756,0.6045604348182678
YDR098C-A,YLR001C,0,-0.029620415,0.12262371182441711,0.8441558480262756,0.6046604514122009
YLR227W-A,YKR031C,0,-0.02970185,0.12260591983795166,0.8441558480262756,0.604760468006134
YLR058C,YBR193C,0,-0.0299189,0.1225881353020668,0.8441558480262756,0.6048604846000671
YDR256C,YKL132C,0,-0.030030986,0.12257035076618195,0.8441558480262756,0.6049605011940002
YDR188W,YML031W,0,-0.030208101,0.12255257368087769,0.8441558480262756,0.6050605177879333
YGL067W,YGL142C,0,-0.030395607,0.12253480404615402,0.8441558480262756,0.6051605343818665
YGR007W,YMR118C,0,-0.030576771,0.12251703441143036,0.8441558480262756,0.6052605509757996
YLR007W,YMR149W,0,-0.030638417,0.12249927222728729,0.8441558480262756,0.6053605079650879
YDR316W-B,YLL014W,0,-0.03083372,0.12248151749372482,0.8441558480262756,0.605460524559021
YPR128C,YDR098C-B,0,-0.03117635,0.12246377021074295,0.8441558480262756,0.6055605411529541
YAL028W,YDR316W-B,0,-0.031222029,0.12244602292776108,0.8441558480262756,0.6056605577468872
YDR108W,YLR200W,0,-0.031472303,0.1224282830953598,0.8441558480262756,0.6057605743408203
YLR220W,YLR189C,0,-0.03150905,0.12241054326295853,0.8441558480262756,0.6058605909347534
YDR316W-B,YLR288C,0,-0.031664647,0.12239281833171844,0.8441558480262756,0.6059606075286865
YDR375C,YPR199C,0,-0.032136224,0.12237509340047836,0.8441558480262756,0.6060606241226196
YDR190C,YDR261C,0,-0.032378174,0.12235736846923828,0.8441558480262756,0.6061606407165527
YKR031C,YMR001C,0,-0.03240844,0.1223396584391594,0.8441558480262756,0.6062605977058411
YMR286W,YIL062C,0,-0.033020318,0.1223219484090805,0.8441558480262756,0.6063606142997742
YDR399W,YBR149W,0,-0.03306008,0.12230423837900162,0.8441558480262756,0.6064606308937073
YBR169C,YLR299W,0,-0.03325907,0.12228654325008392,0.8441558480262756,0.6065606474876404
YOR027W,YDR078C,0,-0.03348232,0.12226884812116623,0.8441558480262756,0.6066606640815735
YGR235C,YMR232W,0,-0.03360734,0.12225116044282913,0.8441558480262756,0.6067606806755066
YDR463W,YOR019W,0,-0.033623554,0.12223347276449203,0.8441558480262756,0.6068606972694397
YDR210C-D,YNL278W,0,-0.034236364,0.12221579253673553,0.8441558480262756,0.6069607138633728
YGL098W,YNL132W,0,-0.0342981,0.12219811975955963,0.8441558480262756,0.6070607304573059
YER060W-A,YLR299W,0,-0.034606837,0.12218045443296432,0.8441558480262756,0.6071606874465942
YOR260W,YFR034C,0,-0.035069972,0.12216278910636902,0.8441558480262756,0.6072607040405273
YIL087C,YLR384C,0,-0.035408475,0.12214513123035431,0.8441558480262756,0.6073607206344604
YGR024C,YDR259C,0,-0.035513915,0.1221274733543396,0.8441558480262756,0.6074607372283936
YNR071C,YGR208W,0,-0.03555604,0.12210982292890549,0.8441558480262756,0.6075607538223267
YDL098C,YPL120W,0,-0.035587393,0.12209217995405197,0.8441558480262756,0.6076607704162598
YPR154W,YOR119C,0,-0.035601787,0.12207454442977905,0.8441558480262756,0.6077607870101929
YDR398W,YEL044W,0,-0.035862,0.12205690890550613,0.8441558480262756,0.607860803604126
YAL048C,YNL145W,0,-0.03594727,0.12203928083181381,0.8441558480262756,0.6079608201980591
YFR050C,YDR045C,0,-0.036079057,0.12202166020870209,0.8441558480262756,0.6080607771873474
YOL103W-A,YDL145C,0,-0.036214337,0.12200403958559036,0.8441558480262756,0.6081607937812805
YMR232W,YGR109W-A,0,-0.03637372,0.12198642641305923,0.8441558480262756,0.6082608103752136
YDR434W,YNL094W,0,-0.036680907,0.1219688206911087,0.8441558480262756,0.6083608269691467
YDR367W,YGR060W,0,-0.03669975,0.12195122241973877,0.8441558480262756,0.6084608435630798
YIL056W,YFR049W,0,-0.036793545,0.12193362414836884,0.8441558480262756,0.6085608601570129
YBR119W,YGR017W,0,-0.036858365,0.1219160258769989,0.8441558480262756,0.608660876750946
YEL018W,YAR009C,0,-0.036972225,0.12189844250679016,0.8441558480262756,0.6087608933448792
YKL081W,YPL006W,0,-0.037030347,0.12188085913658142,0.8441558480262756,0.6088609099388123
YLR363C,YJR050W,0,-0.037052743,0.12186328321695328,0.8441558480262756,0.6089608669281006
YNL133C,YDR365W-A,0,-0.037091255,0.12184570729732513,0.8441558480262756,0.6090608835220337
YDR098C-A,YJL180C,0,-0.03710325,0.12182814627885818,0.8441558480262756,0.6091609001159668
YAL019W,YOR032C,0,-0.037246346,0.12181057780981064,0.8441558480262756,0.6092609167098999
YER062C,YGR097W,0,-0.03806079,0.12179302424192429,0.8441558480262756,0.609360933303833
YOR171C,YCL012W,1,-0.0383588,0.12191958725452423,0.8451548218727112,0.609360933303833
YDL003W,YDR227W,0,-0.03853026,0.12190201878547668,0.8451548218727112,0.6094609498977661
YIL147C,YPR169W,0,-0.03906299,0.12188445776700974,0.8451548218727112,0.6095609664916992
YDR175C,YGL198W,0,-0.039100774,0.12186689674854279,0.8451548218727112,0.6096609830856323
YJR102C,YBR162C,0,-0.039416775,0.12184934318065643,0.8451548218727112,0.6097609996795654
YDR343C,YHL035C,0,-0.03964547,0.12183179706335068,0.8451548218727112,0.6098609566688538
YKR077W,YNL066W,0,-0.039663717,0.12181425839662552,0.8451548218727112,0.6099609732627869
YLL067C,YLR328W,0,-0.039664157,0.12179671972990036,0.8451548218727112,0.61006098985672
YJR102C,YBR100W,0,-0.04007575,0.1217791885137558,0.8451548218727112,0.6101610064506531
YLR227W-A,YNL068C,0,-0.04009725,0.12176165729761124,0.8451548218727112,0.6102610230445862
YCR024C,YML102W,0,-0.04036545,0.12174413353204727,0.8451548218727112,0.6103610396385193
YNL271C,YDR309C,1,-0.04085467,0.1218705028295517,0.8461538553237915,0.6103610396385193
YGR046W,YAL059W,0,-0.040901653,0.12185297161340714,0.8461538553237915,0.6104610562324524
YJL057C,YLR328W,0,-0.04092941,0.12183544039726257,0.8461538553237915,0.6105610728263855
YBR119W,YOR335C,0,-0.04102575,0.12181791663169861,0.8461538553237915,0.6106610894203186
YBR038W,YDR343C,0,-0.041061476,0.12180040031671524,0.8461538553237915,0.6107610464096069
YGR174C,YOR103C,0,-0.04120834,0.12178289145231247,0.8461538553237915,0.61086106300354
YEL005C,YIL147C,0,-0.041386582,0.1217653825879097,0.8461538553237915,0.6109610795974731
YDR129C,YNL271C,1,-0.04143905,0.12189161777496338,0.847152829170227,0.6109610795974731
YAL015C,YLR017W,0,-0.04145003,0.12187410145998001,0.847152829170227,0.6110610961914062
YNL183C,YPL175W,0,-0.041477516,0.12185658514499664,0.847152829170227,0.6111611127853394
YDR098C-A,YNL288W,0,-0.041789256,0.12183908373117447,0.847152829170227,0.6112611293792725
YCL014W,YJL021C,1,-0.04182396,0.12196523696184158,0.8481518626213074,0.6112611293792725
YOR260W,YLR181C,0,-0.041840687,0.12194771319627762,0.8481518626213074,0.6113611459732056
YCR107W,YER167W,0,-0.041931413,0.12193020433187485,0.8481518626213074,0.6114611625671387
YJL054W,YLR223C,0,-0.041934356,0.12191269546747208,0.8481518626213074,0.6115611791610718
YDR091C,YGL167C,0,-0.042214796,0.1218951866030693,0.8481518626213074,0.6116611957550049
YDL081C,YOR193W,0,-0.042298563,0.12187769263982773,0.8481518626213074,0.6117611527442932
YKR007W,YHR142W,0,-0.042417623,0.12186019867658615,0.8481518626213074,0.6118611693382263
YLR324W,YLR068W,0,-0.04273074,0.12184271216392517,0.8481518626213074,0.6119611859321594
YLR227W-A,YGR208W,0,-0.042809226,0.12182522565126419,0.8481518626213074,0.6120612025260925
YCR107W,YKL132C,0,-0.04318022,0.12180774658918381,0.8481518626213074,0.6121612191200256
YML045W,YNL145W,0,-0.04335455,0.12179027497768402,0.8481518626213074,0.6122612357139587
YIL036W,YDR234W,0,-0.043432042,0.12177280336618423,0.8481518626213074,0.6123612523078918
YLL018C,YDR365W-A,0,-0.043577455,0.12175533920526505,0.8481518626213074,0.612461268901825
YER044C-A,YPL183C,0,-0.04378496,0.12173788249492645,0.8481518626213074,0.6125612854957581
YOR272W,YGR138C,0,-0.044016965,0.12172043323516846,0.8481518626213074,0.6126612424850464
YFL056C,YHR158C,0,-0.044023074,0.12170298397541046,0.8481518626213074,0.6127612590789795
YPL100W,YIL009W,0,-0.04409179,0.12168553471565247,0.8481518626213074,0.6128612756729126
YDR188W,YER081W,0,-0.044286728,0.12166810035705566,0.8481518626213074,0.6129612922668457
YNL284C-B,YDR129C,0,-0.044323333,0.12165066599845886,0.8481518626213074,0.6130613088607788
YDR398W,YDR316W-B,0,-0.04478489,0.12163323909044266,0.8481518626213074,0.6131613254547119
YML023C,YOR048C,0,-0.04480932,0.12161581218242645,0.8481518626213074,0.613261342048645
YGR004W,YDR316W-B,0,-0.04488354,0.12159839272499084,0.8481518626213074,0.6133613586425781
YDR510W,YER149C,1,-0.044910826,0.1217241883277893,0.8491508364677429,0.6133613586425781
YDR435C,YKL129C,0,-0.045038678,0.1217067614197731,0.8491508364677429,0.6134613752365112
YER102W,YJL035C,0,-0.045218118,0.1216893345117569,0.8491508364677429,0.6135613322257996
YOR090C,YGR109W-A,0,-0.045251615,0.12167191505432129,0.8491508364677429,0.6136613488197327
YIL043C,YOR158W,0,-0.045298018,0.12165450304746628,0.8491508364677429,0.6137613654136658
YML120C,YER155C,0,-0.04577776,0.12163709104061127,0.8491508364677429,0.6138613820075989
YAL007C,YDL149W,0,-0.04584273,0.12161968648433685,0.8491508364677429,0.613961398601532
YDR098C-A,YML107C,0,-0.04611831,0.12160228937864304,0.8491508364677429,0.6140614151954651
YDR545W,YDR009W,0,-0.0463336,0.12158489227294922,0.8491508364677429,0.6141614317893982
YDL204W,YJL021C,1,-0.046337597,0.12171052396297455,0.8501498699188232,0.6141614317893982
YLR037C,YMR242C,0,-0.046406277,0.12169311940670013,0.8501498699188232,0.6142614483833313
YHR108W,YPR067W,0,-0.046706416,0.12167572230100632,0.8501498699188232,0.6143614649772644
YFR047C,YOR001W,0,-0.046890564,0.1216583251953125,0.8501498699188232,0.6144614219665527
YLR223C,YLR466W,0,-0.047282293,0.12164093554019928,0.8501498699188232,0.6145614385604858
YMR055C,YOR110W,0,-0.047506325,0.12162355333566666,0.8501498699188232,0.614661455154419
YML011C,YGR122W,0,-0.04763095,0.12160617113113403,0.8501498699188232,0.614761471748352
YLL026W,YCR035C,0,-0.04766474,0.121588796377182,0.8501498699188232,0.6148614883422852
YBR054W,YKL060C,0,-0.047818244,0.12157142907381058,0.8501498699188232,0.6149615049362183
YAL007C,YGR030C,0,-0.04782895,0.12155406177043915,0.8501498699188232,0.6150615215301514
YJL021C,YNL142W,0,-0.04787688,0.12153670191764832,0.8501498699188232,0.6151615381240845
YFR031C-A,YBR162W-A,0,-0.048254006,0.12151934951543808,0.8501498699188232,0.6152615547180176
YAL028W,YDR098C-B,0,-0.04840509,0.12150199711322784,0.8501498699188232,0.6153615117073059
YGL096W,YBR045C,0,-0.048518382,0.1214846521615982,0.8501498699188232,0.615461528301239
YLR227W-A,YNL048W,0,-0.048751682,0.12146731466054916,0.8501498699188232,0.6155615448951721
YPL133C,YJL026W,0,-0.04880909,0.12144997715950012,0.8501498699188232,0.6156615614891052
YDL072C,YPL215W,0,-0.049057223,0.12143264710903168,0.8501498699188232,0.6157615780830383
YJL021C,YDR284C,0,-0.049356267,0.12141532450914383,0.8501498699188232,0.6158615946769714
YGL167C,YCR058C,0,-0.049386203,0.12139800190925598,0.8501498699188232,0.6159616112709045
YNL251C,YJL001W,0,-0.04962177,0.12138068675994873,0.8501498699188232,0.6160616278648376
YAR009C,YJL196C,0,-0.04978448,0.12136337906122208,0.8501498699188232,0.6161616444587708
YDR028C,YMR002W,0,-0.049820654,0.12134607136249542,0.8501498699188232,0.6162616014480591
YER063W,YMR040W,0,-0.04986938,0.12132877111434937,0.8501498699188232,0.6163616180419922
YLR234W,YGR161C-D,0,-0.050177746,0.1213114783167839,0.8501498699188232,0.6164616346359253
YGL025C,YHR146W,0,-0.050676398,0.12129418551921844,0.8501498699188232,0.6165616512298584
YML100W,YFR027W,0,-0.050751105,0.12127690017223358,0.8501498699188232,0.6166616678237915
YLR006C,YMR156C,0,-0.050825663,0.12125961482524872,0.8501498699188232,0.6167616844177246
YNL106C,YDR510W,1,-0.05085344,0.12138481438159943,0.8511488437652588,0.6167616844177246
YHR108W,YDL113C,0,-0.051055767,0.12136752158403397,0.8511488437652588,0.6168617010116577
YKL149C,YDL076C,0,-0.051099256,0.1213502362370491,0.8511488437652588,0.6169617176055908
YPL137C,YNL164C,0,-0.05115577,0.12133295089006424,0.8511488437652588,0.6170617341995239
YOL055C,YKL006W,0,-0.051222526,0.12131568044424057,0.8511488437652588,0.6171616911888123
YHR190W,YKR031C,0,-0.05179338,0.1212984025478363,0.8511488437652588,0.6172617077827454
YCR058C,YJL179W,0,-0.05204685,0.12128113955259323,0.8511488437652588,0.6173617243766785
YOL098C,YNL156C,0,-0.05292634,0.12126387655735016,0.8511488437652588,0.6174617409706116
YLR083C,YDL098C,0,-0.053083695,0.12124662101268768,0.8511488437652588,0.6175617575645447
YLR167W,YGL061C,0,-0.053160883,0.12122936546802521,0.8511488437652588,0.6176617741584778
YGR078C,YFL011W,0,-0.053184025,0.12121212482452393,0.8511488437652588,0.6177617907524109
YBR279W,YNL054W-A,0,-0.053333737,0.12119487673044205,0.8511488437652588,0.617861807346344
YPL210C,YPR133C,0,-0.05354712,0.12117764353752136,0.8511488437652588,0.6179618239402771
YOL103W-A,YOL078W,0,-0.05358413,0.12116041034460068,0.8511488437652588,0.6180617809295654
YOR087W,YLR409C,0,-0.05360277,0.12114318460226059,0.8511488437652588,0.6181617975234985
YIL019W,YIL098C,0,-0.05377776,0.1211259588599205,0.8511488437652588,0.6182618141174316
YJL021C,YJL035C,0,-0.054033972,0.12110874056816101,0.8511488437652588,0.6183618307113647
YNL048W,YGL045W,0,-0.054118454,0.12109152972698212,0.8511488437652588,0.6184618473052979
YER031C,YKL045W,0,-0.054308318,0.12107431888580322,0.8511488437652588,0.618561863899231
YOR157C,YNL054W-A,0,-0.054428943,0.12105711549520493,0.8511488437652588,0.6186618804931641
YMR230W,YGL105W,0,-0.054773964,0.12103991955518723,0.8511488437652588,0.6187618970870972
YPL242C,YBL061C,1,-0.055002585,0.12116477638483047,0.8521478772163391,0.6187618970870972
YDR365W-A,YDR384C,0,-0.05507274,0.12114756554365158,0.8521478772163391,0.6188619136810303
YAL068C,YJL196C,0,-0.055245295,0.12113036215305328,0.8521478772163391,0.6189618706703186
YNL284C-B,YDR303C,0,-0.055338554,0.12111315876245499,0.8521478772163391,0.6190618872642517
YCL012W,YPL145C,0,-0.05541709,0.12109597027301788,0.8521478772163391,0.6191619038581848
YPR134W,YGL078C,0,-0.055577278,0.12107878178358078,0.8521478772163391,0.6192619204521179
YLR435W,YOR113W,0,-0.05572874,0.12106159329414368,0.8521478772163391,0.619361937046051
YFL005W,YER023W,0,-0.05599381,0.12104441970586777,0.8521478772163391,0.6194619536399841
YJR049C,YJL035C,0,-0.05625789,0.12102723866701126,0.8521478772163391,0.6195619702339172
YDR412W,YOR059C,0,-0.05670128,0.12101007252931595,0.8521478772163391,0.6196619868278503
YJR092W,YJL021C,1,-0.05676493,0.12113475054502487,0.8531468510627747,0.6196619868278503
YHL028W,YNL063W,0,-0.056793667,0.12111756950616837,0.8531468510627747,0.6197620034217834
YNL328C,YOR060C,0,-0.05749605,0.12110039591789246,0.8531468510627747,0.6198619604110718
YDR398W,YER123W,0,-0.05764796,0.12108322978019714,0.8531468510627747,0.6199619770050049
YJR109C,YOR060C,0,-0.057955317,0.12106606364250183,0.8531468510627747,0.620061993598938
YJR048W,YDR244W,0,-0.058120713,0.12104890495538712,0.8531468510627747,0.6201620101928711
YIL022W,YGR109W-A,0,-0.05833079,0.1210317462682724,0.8531468510627747,0.6202620267868042
YOL103W-A,YLR061W,0,-0.05851382,0.12101459503173828,0.8531468510627747,0.6203620433807373
YCR044C,YBL005W,0,-0.05899425,0.12099745124578476,0.8531468510627747,0.6204620599746704
YJL179W,YOR195W,0,-0.059060596,0.12098030745983124,0.8531468510627747,0.6205620765686035
YOR380W,YMR232W,0,-0.059358172,0.12096317112445831,0.8531468510627747,0.6206620931625366
YDR434W,YOR157C,0,-0.05988168,0.12094604223966599,0.8531468510627747,0.620762050151825
YOR236W,YHR033W,0,-0.059898235,0.12092891335487366,0.8531468510627747,0.6208620667457581
YPL013C,YEL044W,0,-0.060050227,0.12091179192066193,0.8531468510627747,0.6209620833396912
YDL240W,YBR191W,0,-0.0600845,0.12089467793703079,0.8531468510627747,0.6210620999336243
YNL056W,YKR034W,0,-0.06011585,0.12087756395339966,0.8531468510627747,0.6211621165275574
YPL126W,YOR026W,0,-0.060211204,0.12086045742034912,0.8531468510627747,0.6212621331214905
YBL080C,YFR014C,0,-0.060323223,0.12084335833787918,0.8531468510627747,0.6213621497154236
YPL116W,YBR091C,0,-0.060323916,0.12082625925540924,0.8531468510627747,0.6214621663093567
YLR409C,YEL044W,0,-0.06044183,0.1208091676235199,0.8531468510627747,0.6215621829032898
YDR004W,YER108C,0,-0.06079118,0.12079207599163055,0.8531468510627747,0.6216621398925781
YNL094W,YCL012W,1,-0.061112724,0.12091641873121262,0.8541458249092102,0.6216621398925781
YNL025C,YOR383C,0,-0.061504684,0.12089931964874268,0.8541458249092102,0.6217621564865112
YGL018C,YDR098C-B,0,-0.061877504,0.12088222801685333,0.8541458249092102,0.6218621730804443
YHR149C,YIR006C,1,-0.06259208,0.12100650370121002,0.8551448583602905,0.6218621730804443
YML076C,YGR208W,0,-0.06264051,0.12098939716815948,0.8551448583602905,0.6219621896743774
YDL240W,YDR100W,0,-0.062678404,0.12097229808568954,0.8551448583602905,0.6220622062683105
YGR007W,YBL091C,0,-0.06311709,0.1209552064538002,0.8551448583602905,0.6221622228622437
YJL013C,YER060W-A,0,-0.06312453,0.12093811482191086,0.8551448583602905,0.6222622394561768
YIL144W,YER081W,0,-0.063166395,0.12092103064060211,0.8551448583602905,0.6223622560501099
YNL318C,YLR413W,0,-0.063333444,0.12090395390987396,0.8551448583602905,0.622462272644043
YMR050C,YLR260W,0,-0.0634607,0.12088687717914581,0.8551448583602905,0.6225622296333313
YJR118C,YNL240C,0,-0.06370098,0.12086980789899826,0.8551448583602905,0.6226622462272644
YDR004W,YGR138C,0,-0.06392958,0.1208527460694313,0.8551448583602905,0.6227622628211975
YDR098C-A,YJL208C,0,-0.06398202,0.12083568423986435,0.8551448583602905,0.6228622794151306
YMR232W,YJL216C,0,-0.06405339,0.12081862986087799,0.8551448583602905,0.6229622960090637
YDL018C,YDL149W,0,-0.0641105,0.12080158293247223,0.8551448583602905,0.6230623126029968
YJL127C,YNL294C,0,-0.06421202,0.12078453600406647,0.8551448583602905,0.6231623291969299
YLR004C,YLL006W,0,-0.064285025,0.1207674965262413,0.8551448583602905,0.623262345790863
YGR161W-A,YDR176W,0,-0.06453919,0.12075045704841614,0.8551448583602905,0.6233623623847961
YDL113C,YOR157C,0,-0.064548194,0.12073342502117157,0.8551448583602905,0.6234623193740845
YEL020W-A,YKR093W,0,-0.06477504,0.1207164004445076,0.8551448583602905,0.6235623359680176
YDR316W-B,YJR050W,0,-0.064806625,0.12069937586784363,0.8551448583602905,0.6236623525619507
YMR048W,YDR160W,0,-0.064871445,0.12068236619234085,0.8551448583602905,0.6237623691558838
YFL005W,YHR023W,1,-0.064879134,0.12080631405115128,0.8561438322067261,0.6237623691558838
YDR150W,YLR313C,1,-0.06491539,0.12093023210763931,0.8571428656578064,0.6237623691558838
YIL030C,YDR165W,0,-0.06492444,0.12091319262981415,0.8571428656578064,0.6238623857498169
YHL011C,YDL119C,0,-0.065068595,0.12089615315198898,0.8571428656578064,0.62396240234375
YBR181C,YLR260W,0,-0.06509178,0.12087912112474442,0.8571428656578064,0.6240624189376831
YPL004C,YKL138C,0,-0.06511963,0.12086209654808044,0.8571428656578064,0.6241624355316162
YDL247W,YCR058C,0,-0.06512337,0.12084507197141647,0.8571428656578064,0.6242624521255493
YDR210C-D,YDR438W,0,-0.065474935,0.1208280548453331,0.8571428656578064,0.6243624091148376
YBR005W,YER108C,0,-0.065693386,0.12081103771924973,0.8571428656578064,0.6244624257087708
YPL126W,YDR316W-B,0,-0.06577651,0.12079402804374695,0.8571428656578064,0.6245624423027039
YKL016C,YIL120W,0,-0.06590401,0.12077702581882477,0.8571428656578064,0.624662458896637
YNL025C,YER108C,0,-0.06593519,0.12076003104448318,0.8571428656578064,0.6247624754905701
YDR098C-A,YBR301W,0,-0.06600287,0.1207430362701416,0.8571428656578064,0.6248624920845032
YLR017W,YER071C,0,-0.06607369,0.12072604149580002,0.8571428656578064,0.6249625086784363
YHL038C,YKL032C,0,-0.066453665,0.12070906162261963,0.8571428656578064,0.6250625252723694
YCR045C,YER081W,0,-0.06661597,0.12069208174943924,0.8571428656578064,0.6251625418663025
YNL328C,YDR243C,0,-0.066662624,0.12067510187625885,0.8571428656578064,0.6252624988555908
YIL013C,YNL068C,0,-0.06671693,0.12065813690423965,0.8571428656578064,0.6253625154495239
YLR227W-A,YGL098W,0,-0.066720605,0.12064117193222046,0.8571428656578064,0.625462532043457
YGL096W,YFR053C,0,-0.06679972,0.12062420696020126,0.8571428656578064,0.6255625486373901
YDR435C,YNL023C,0,-0.06685872,0.12060725688934326,0.8571428656578064,0.6256625652313232
YLR052W,YCR021C,0,-0.06695249,0.12059029936790466,0.8571428656578064,0.6257625818252563
YDR427W,YHR214C-C,0,-0.066952825,0.12057335674762726,0.8571428656578064,0.6258625984191895
YER102W,YGR083C,0,-0.06754609,0.12055641412734985,0.8571428656578064,0.6259626150131226
YNL054W-A,YOR086C,0,-0.06773141,0.12053947895765305,0.8571428656578064,0.6260626316070557
YCR038C,YBL025W,0,-0.0679634,0.12052254378795624,0.8571428656578064,0.626162588596344
YMR105C,YML086C,0,-0.068105586,0.12050561606884003,0.8571428656578064,0.6262626051902771
YGL111W,YCR063W,0,-0.06811653,0.12048869580030441,0.8571428656578064,0.6263626217842102
YER179W,YPR158W-B,0,-0.06812113,0.1204717755317688,0.8571428656578064,0.6264626383781433
YOL078W,YCR005C,0,-0.06812649,0.12045486271381378,0.8571428656578064,0.6265626549720764
YMR059W,YGR161C-D,0,-0.068341754,0.12043795734643936,0.8571428656578064,0.6266626715660095
YLR044C,YMR050C,0,-0.06851927,0.12042105197906494,0.8571428656578064,0.6267626881599426
YHR113W,YHR080C,0,-0.0688493,0.12040415406227112,0.8571428656578064,0.6268627047538757
YBR005W,YJR050W,0,-0.06898858,0.1203872561454773,0.8571428656578064,0.6269627213478088
YAL059W,YJL216C,0,-0.06905147,0.12037037312984467,0.8571428656578064,0.6270626783370972
YPL169C,YDL046W,0,-0.0690897,0.12035348266363144,0.8571428656578064,0.6271626949310303
YNL054W-A,YBR146W,0,-0.06942804,0.1203366070985794,0.8571428656578064,0.6272627115249634
YIL137C,YKR088C,0,-0.06943489,0.12031973153352737,0.8571428656578064,0.6273627281188965
YDR210C-D,YDL145C,0,-0.06953656,0.12030286341905594,0.8571428656578064,0.6274627447128296
YDL189W,YML031W,0,-0.06961913,0.1202859953045845,0.8571428656578064,0.6275627613067627
YPL137C,YPR046W,0,-0.07032041,0.12026913464069366,0.8571428656578064,0.6276627779006958
YHR210C,YLR150W,0,-0.07046943,0.12025227397680283,0.8571428656578064,0.6277627944946289
YMR133W,YHL026C,0,-0.07071582,0.12023542821407318,0.8571428656578064,0.627862811088562
YJL021C,YNL123W,0,-0.070988156,0.12021858245134354,0.8571428656578064,0.6279627680778503
YOR068C,YIL069C,0,-0.071677215,0.12020173668861389,0.8571428656578064,0.6280627846717834
YMR072W,YPL117C,0,-0.07199258,0.12018489837646484,0.8571428656578064,0.6281628012657166
YEL018W,YPL036W,0,-0.07211626,0.12016806751489639,0.8571428656578064,0.6282628178596497
YLR382C,YNL038W,0,-0.072185285,0.12015123665332794,0.8571428656578064,0.6283628344535828
YGR032W,YDL222C,1,-0.07226125,0.12027443200349808,0.8581418395042419,0.6283628344535828
YBR130C,YCL012W,1,-0.072300114,0.12039759010076523,0.8591408729553223,0.6283628344535828
YKR053C,YHL021C,0,-0.072370954,0.12038073688745499,0.8591408729553223,0.6284628510475159
YNL250W,YDR365W-A,0,-0.07287872,0.12036389112472534,0.8591408729553223,0.628562867641449
YGL073W,YLR190W,0,-0.07306657,0.1203470453619957,0.8591408729553223,0.6286628842353821
YOL121C,YMR105C,0,-0.073112555,0.12033020704984665,0.8591408729553223,0.6287629008293152
YGL076C,YHR122W,0,-0.073250346,0.1203133761882782,0.8591408729553223,0.6288628578186035
YGR161W-A,YDR045C,0,-0.073606305,0.12029654532670975,0.8591408729553223,0.6289628744125366
YMR230W,YLL021W,0,-0.073818944,0.1202797219157219,0.8591408729553223,0.6290628910064697
YLR150W,YBR094W,0,-0.07418685,0.12026289850473404,0.8591408729553223,0.6291629076004028
YLL024C,YGL096W,0,-0.07467455,0.12024608254432678,0.8591408729553223,0.6292629241943359
YDR261C,YHL006C,0,-0.075034596,0.12022927403450012,0.8591408729553223,0.629362940788269
YBR043C,YPL036W,0,-0.07538847,0.12021246552467346,0.8591408729553223,0.6294629573822021
YDL098C,YDR365W-A,0,-0.07574405,0.1201956644654274,0.8591408729553223,0.6295629739761353
YOL020W,YCL016C,0,-0.07575426,0.12017887085676193,0.8591408729553223,0.6296629905700684
YBR054W,YGL016W,0,-0.076287635,0.12016207724809647,0.8591408729553223,0.6297629475593567
YEL048C,YOL012C,0,-0.07639952,0.1201452910900116,0.8591408729553223,0.6298629641532898
YML098W,YDR528W,0,-0.07644115,0.12012851238250732,0.8591408729553223,0.6299629807472229
YGR109W-A,YML096W,0,-0.07675622,0.12011173367500305,0.8591408729553223,0.630062997341156
YDR434W,YDR365W-A,0,-0.07683066,0.12009496241807938,0.8591408729553223,0.6301630139350891
YHR161C,YNL194C,1,-0.077003434,0.12021781504154205,0.8601398468017578,0.6301630139350891
YDR309C,YGL233W,1,-0.0772442,0.12034063786268234,0.8611388802528381,0.6301630139350891
YNL263C,YER178W,0,-0.077329,0.12032384425401688,0.8611388802528381,0.6302630305290222
YGR224W,YER060W,0,-0.07766702,0.12030705064535141,0.8611388802528381,0.6303630471229553
YDR210C-D,YBR043C,0,-0.077808544,0.12029025703668594,0.8611388802528381,0.6304630637168884
YOL103W-A,YDR300C,0,-0.07797892,0.12027347832918167,0.8611388802528381,0.6305630803108215
YBL047C,YPR188C,1,-0.07798081,0.1203962042927742,0.8621378540992737,0.6305630803108215
YGR120C,YDR365W-A,0,-0.077982515,0.12037941068410873,0.8621378540992737,0.6306630373001099
YJL045W,YNL111C,0,-0.07809001,0.12036262452602386,0.8621378540992737,0.630763053894043
YJR109C,YGL087C,0,-0.07834774,0.120345838367939,0.8621378540992737,0.6308630704879761
YJL180C,YGR044C,0,-0.078383364,0.12032905966043472,0.8621378540992737,0.6309630870819092
YHR202W,YIL008W,0,-0.07839853,0.12031228095293045,0.8621378540992737,0.6310631036758423
YER008C,YEL040W,1,-0.07846944,0.12043490260839462,0.863136887550354,0.6310631036758423
YJR131W,YDL139C,0,-0.07863025,0.12041811645030975,0.863136887550354,0.6311631202697754
YAR033W,YOR359W,0,-0.078907125,0.12040133774280548,0.863136887550354,0.6312631368637085
YLR377C,YOL059W,0,-0.07920153,0.12038455903530121,0.863136887550354,0.6313631534576416
YAR042W,YGR161W-A,0,-0.079961196,0.12036778777837753,0.863136887550354,0.6314631700515747
YER023W,YAL051W,0,-0.07997132,0.12035102397203445,0.863136887550354,0.631563127040863
YLR234W,YKR052C,0,-0.07998486,0.12033426016569138,0.863136887550354,0.6316631436347961
YDR490C,YOR011W,0,-0.08000033,0.1203175038099289,0.863136887550354,0.6317631602287292
YJL174W,YLR075W,0,-0.08004622,0.12030075490474701,0.863136887550354,0.6318631768226624
YLL016W,YPL145C,0,-0.080198266,0.12028400599956512,0.863136887550354,0.6319631934165955
YMR274C,YDL134C,0,-0.08039225,0.12026725709438324,0.863136887550354,0.6320632100105286
YNL054W-A,YNR030W,0,-0.08042579,0.12025052309036255,0.863136887550354,0.6321632266044617
YPR071W,YGR083C,0,-0.08112601,0.12023378908634186,0.863136887550354,0.6322632431983948
YIL075C,YOR136W,0,-0.08122079,0.12021705508232117,0.863136887550354,0.6323632597923279
YDR422C,YLL057C,0,-0.08123709,0.12020033597946167,0.863136887550354,0.6324632167816162
YBR090C-A,YIL008W,0,-0.081489496,0.12018361687660217,0.863136887550354,0.6325632333755493
YKR096W,YIL011W,0,-0.08149605,0.12016689777374268,0.863136887550354,0.6326632499694824
YCL051W,YHL003C,0,-0.08183988,0.12015018612146378,0.863136887550354,0.6327632665634155
YHR202W,YKR052C,0,-0.08193322,0.12013348191976547,0.863136887550354,0.6328632831573486
YGR198W,YPL242C,1,-0.08199919,0.12025580555200577,0.8641358613967896,0.6328632831573486
YGL067W,YJL069C,0,-0.082067795,0.12023908644914627,0.8641358613967896,0.6329632997512817
YER149C,YLR055C,0,-0.082109414,0.12022237479686737,0.8641358613967896,0.6330633163452148
YKL006C-A,YDR412W,0,-0.082327046,0.12020567059516907,0.8641358613967896,0.633163332939148
YKR096W,YPL235W,0,-0.08267449,0.12018896639347076,0.8641358613967896,0.633263349533081
YPL183C,YDR397C,0,-0.08273276,0.12017226964235306,0.8641358613967896,0.6333633661270142
YER028C,YLR360W,0,-0.08284553,0.12015558034181595,0.8641358613967896,0.6334633231163025
YOR380W,YDR292C,0,-0.082962714,0.12013889104127884,0.8641358613967896,0.6335633397102356
YBR295W,YMR153W,0,-0.082974754,0.12012220174074173,0.8641358613967896,0.6336633563041687
YCL016C,YLR011W,0,-0.08327136,0.12010552734136581,0.8641358613967896,0.6337633728981018
YKL029C,YOL029C,0,-0.08332092,0.1200888529419899,0.8641358613967896,0.6338633894920349
YOL012C,YER129W,0,-0.083364405,0.12007217854261398,0.8641358613967896,0.633963406085968
YPR134W,YNL054W-A,0,-0.08338409,0.12005551904439926,0.8641358613967896,0.6340634226799011
YLR085C,YBR090C-A,0,-0.0837485,0.12003885954618454,0.8641358613967896,0.6341634392738342
YNL243W,YMR035W,0,-0.08375177,0.12002220004796982,0.8641358613967896,0.6342634558677673
YIL144W,YER060W-A,0,-0.08386587,0.1200055480003357,0.8641358613967896,0.6343634128570557
YPR148C,YHR080C,0,-0.08389769,0.11998890340328217,0.8641358613967896,0.6344634294509888
YIL154C,YLR323C,0,-0.08391509,0.11997225880622864,0.8641358613967896,0.6345634460449219
YDR098C-B,YLR019W,0,-0.08393655,0.1199556216597557,0.8641358613967896,0.634663462638855
YNR032C-A,YHR214W,0,-0.08404863,0.11993899196386337,0.8641358613967896,0.6347634792327881
YMR234W,YHR214C-C,0,-0.084242545,0.11992236226797104,0.8641358613967896,0.6348634958267212
YHR210C,YIL167W,0,-0.08447519,0.1199057400226593,0.8641358613967896,0.6349635124206543
YGL092W,YKL005C,0,-0.084593326,0.11988911777734756,0.8641358613967896,0.6350635290145874
YER056C,YAL056W,0,-0.08513162,0.11987250298261642,0.8641358613967896,0.6351635456085205
YOR004W,YDR430C,0,-0.08536438,0.11985589563846588,0.8641358613967896,0.6352635025978088
YPR034W,YNR030W,0,-0.08545347,0.11983928829431534,0.8641358613967896,0.6353635191917419
YMR274C,YDR316W-B,0,-0.08563229,0.11982268840074539,0.8641358613967896,0.635463535785675
YDL113C,YOL032W,0,-0.08579921,0.11980609595775604,0.8641358613967896,0.6355635523796082
YOR207C,YOR358W,0,-0.085916154,0.1197895035147667,0.8641358613967896,0.6356635689735413
YMR110C,YPL076W,0,-0.08598415,0.11977291852235794,0.8641358613967896,0.6357635855674744
YNL250W,YKL058W,0,-0.0859991,0.11975633352994919,0.8641358613967896,0.6358636021614075
YMR215W,YGL192W,0,-0.08613256,0.11973975598812103,0.8641358613967896,0.6359636187553406
YPR199C,YNR052C,0,-0.086177014,0.11972318589687347,0.8641358613967896,0.6360636353492737
YDL100C,YHR139C,0,-0.08639533,0.11970661580562592,0.8641358613967896,0.636163592338562
YGL073W,YHR149C,0,-0.08708662,0.11969005316495895,0.8641358613967896,0.6362636089324951
YML098W,YBR090C-A,0,-0.08725647,0.11967349052429199,0.8641358613967896,0.6363636255264282
YOR091W,YOL011W,0,-0.08745762,0.11965693533420563,0.8641358613967896,0.6364636421203613
YGR165W,YMR183C,0,-0.08771255,0.11964038759469986,0.8641358613967896,0.6365636587142944
YBR189W,YNL041C,0,-0.08775658,0.11962383985519409,0.8641358613967896,0.6366636753082275
YOR191W,YKL054C,0,-0.08836973,0.11960729956626892,0.8641358613967896,0.6367636919021606
YOR380W,YNR038W,0,-0.08888473,0.11959076672792435,0.8641358613967896,0.6368637084960938
YDR513W,YMR156C,0,-0.088962294,0.11957423388957977,0.8641358613967896,0.6369637250900269
YHR214C-C,YHR114W,0,-0.089200854,0.1195577085018158,0.8641358613967896,0.6370636820793152
YBR046C,YDR422C,0,-0.08924686,0.11954118311405182,0.8641358613967896,0.6371636986732483
YGR078C,YAL007C,0,-0.08934887,0.11952466517686844,0.8641358613967896,0.6372637152671814
YJL057C,YBR188C,0,-0.08961164,0.11950815469026566,0.8641358613967896,0.6373637318611145
YDL160C,YCR036W,0,-0.089761026,0.11949164420366287,0.8641358613967896,0.6374637484550476
YBL080C,YBL056W,0,-0.08983826,0.11947514116764069,0.8641358613967896,0.6375637650489807
YOR002W,YNR071C,0,-0.08993282,0.1194586381316185,0.8641358613967896,0.6376637816429138
YDL031W,YLR337C,0,-0.09023396,0.11944214254617691,0.8641358613967896,0.6377637982368469
YJL181W,YCR035C,0,-0.09069586,0.11942565441131592,0.8641358613967896,0.63786381483078
YPL215W,YDL243C,0,-0.09095647,0.11940916627645493,0.8641358613967896,0.6379637718200684
YJL057C,YKL132C,0,-0.091085255,0.11939268559217453,0.8641358613967896,0.6380637884140015
YLR131C,YEL019C,0,-0.09118464,0.11937620490789413,0.8641358613967896,0.6381638050079346
YGR217W,YIL053W,0,-0.09142594,0.11935973167419434,0.8641358613967896,0.6382638216018677
YPR161C,YBR023C,0,-0.09170357,0.11934326589107513,0.8641358613967896,0.6383638381958008
YPR158W-B,YDR300C,0,-0.09212218,0.11932680010795593,0.8641358613967896,0.6384638547897339
YKR100C,YPL049C,0,-0.09227342,0.11931034177541733,0.8641358613967896,0.638563871383667
YER109C,YHL015W,0,-0.09228266,0.11929389089345932,0.8641358613967896,0.6386638879776001
YDR201W,YMR074C,0,-0.09242863,0.11927744001150131,0.8641358613967896,0.6387639045715332
YIL075C,YOL121C,0,-0.09298428,0.1192609965801239,0.8641358613967896,0.6388638615608215
YDR210C-D,YOL069W,0,-0.09306622,0.11924455314874649,0.8641358613967896,0.6389638781547546
YER102W,YDR438W,0,-0.09321823,0.11922811716794968,0.8641358613967896,0.6390638947486877
YDL091C,YBR208C,0,-0.09324157,0.11921168863773346,0.8641358613967896,0.6391639113426208
YKL191W,YNL132W,0,-0.09325857,0.11919526010751724,0.8641358613967896,0.639263927936554
YGR235C,YPR180W,0,-0.09334362,0.11917883902788162,0.8641358613967896,0.6393639445304871
YGL067W,YNL054W-A,0,-0.09338261,0.119162417948246,0.8641358613967896,0.6394639611244202
YCR009C,YBR260C,1,-0.093518265,0.11928374320268631,0.8651348948478699,0.6394639611244202
YPL133C,YKL006C-A,0,-0.09363886,0.11926732212305069,0.8651348948478699,0.6395639777183533
YDR212W,YLR413W,0,-0.09363986,0.11925089359283447,0.8651348948478699,0.6396639943122864
YOR068C,YGL240W,0,-0.09403211,0.11923447251319885,0.8651348948478699,0.6397639513015747
YGL070C,YML061C,0,-0.09407871,0.11921805888414383,0.8651348948478699,0.6398639678955078
YGL115W,YMR177W,0,-0.09412745,0.1192016527056694,0.8651348948478699,0.6399639844894409
YKL194C,YLR061W,0,-0.094217904,0.11918524652719498,0.8651348948478699,0.640064001083374
YPR017C,YFR034C,0,-0.094488025,0.11916884779930115,0.8651348948478699,0.6401640176773071
YGL076C,YDR515W,0,-0.09463725,0.11915244907140732,0.8651348948478699,0.6402640342712402
YML013W,YGL139W,0,-0.09472718,0.11913605779409409,0.8651348948478699,0.6403640508651733
YOL084W,YKR085C,0,-0.095155254,0.11911966651678085,0.8651348948478699,0.6404640674591064
YPR158W-B,YKR072C,0,-0.09516556,0.11910329014062881,0.8651348948478699,0.6405640840530396
YCR063W,YNL278W,0,-0.09518845,0.11908690631389618,0.8651348948478699,0.6406640410423279
YIL013C,YJL026W,0,-0.095268704,0.11907053738832474,0.8651348948478699,0.640764057636261
YNL284C-B,YHR001W-A,0,-0.095728114,0.1190541684627533,0.8651348948478699,0.6408640742301941
YGR161W-A,YBR003W,0,-0.09636217,0.11903779953718185,0.8651348948478699,0.6409640908241272
YNL328C,YEL020W-A,0,-0.0965004,0.11902143806219101,0.8651348948478699,0.6410641074180603
YOR079C,YJR096W,0,-0.09675937,0.11900508403778076,0.8651348948478699,0.6411641240119934
YNR059W,YGR161C-D,0,-0.09716185,0.11898873001337051,0.8651348948478699,0.6412641406059265
YPL171C,YHR158C,0,-0.09716528,0.11897238343954086,0.8651348948478699,0.6413641571998596
YML067C,YOR341W,0,-0.0974142,0.11895604431629181,0.8651348948478699,0.6414641737937927
YOR065W,YDR517W,0,-0.09766537,0.11893970519304276,0.8651348948478699,0.641564130783081
YOR087W,YIR019C,0,-0.09783984,0.1189233735203743,0.8651348948478699,0.6416641473770142
YCR045C,YNL180C,0,-0.09814827,0.11890704184770584,0.8651348948478699,0.6417641639709473
YNL025C,YCL064C,0,-0.09867842,0.11889071762561798,0.8651348948478699,0.6418641805648804
YBR034C,YDR365W-A,0,-0.09920851,0.11887440085411072,0.8651348948478699,0.6419641971588135
YER139C,YDR365W-A,0,-0.09927991,0.11885808408260345,0.8651348948478699,0.6420642137527466
YPR158W-B,YKL005C,0,-0.09959582,0.11884177476167679,0.8651348948478699,0.6421642303466797
YGR082W,YLL067C,0,-0.099717334,0.11882546544075012,0.8651348948478699,0.6422642469406128
YKL191W,YJL173C,0,-0.100028805,0.11880916357040405,0.8651348948478699,0.6423642635345459
YBR043C,YER028C,0,-0.100333296,0.11879286915063858,0.8651348948478699,0.6424642205238342
YDL230W,YLR328W,0,-0.10039482,0.11877657473087311,0.8651348948478699,0.6425642371177673
YER177W,YGR044C,0,-0.10078854,0.11876028776168823,0.8651348948478699,0.6426642537117004
YDR145W,YDL117W,0,-0.10079674,0.11874400079250336,0.8651348948478699,0.6427642703056335
YCR058C,YLR017W,0,-0.100816526,0.11872772127389908,0.8651348948478699,0.6428642868995667
YGR059W,YLL050C,1,-0.10119012,0.1188485249876976,0.8661338686943054,0.6428642868995667
YDR098C-B,YGL198W,0,-0.101287775,0.11883223801851273,0.8661338686943054,0.6429643034934998
YNL221C,YMR091C,0,-0.101344384,0.11881595104932785,0.8661338686943054,0.6430643200874329
YGR161W-A,YGL111W,0,-0.10137063,0.11879967153072357,0.8661338686943054,0.643164336681366
YJR102C,YPR155C,0,-0.10165601,0.1187833920121193,0.8661338686943054,0.6432643532752991
YNL138W,YCL012W,1,-0.10168953,0.11890410631895065,0.867132842540741,0.6432643532752991
YLR314C,YER149C,1,-0.10197009,0.11902479082345963,0.8681318759918213,0.6432643532752991
YOL121C,YLR466W,0,-0.10208197,0.11900848895311356,0.8681318759918213,0.6433643102645874
YLR083C,YNL288W,0,-0.10264351,0.11899219453334808,0.8681318759918213,0.6434643268585205
YFL005W,YDL093W,0,-0.1026529,0.11897590011358261,0.8681318759918213,0.6435643434524536
YDR441C,YLL024C,0,-0.10270978,0.11895961314439774,0.8681318759918213,0.6436643600463867
YDR176W,YLR060W,0,-0.102807246,0.11894333362579346,0.8681318759918213,0.6437643766403198
YDL160C,YML047C,0,-0.10301469,0.11892705410718918,0.8681318759918213,0.6438643932342529
YKL110C,YDL124W,0,-0.103025146,0.1189107820391655,0.8681318759918213,0.643964409828186
YDR256C,YGL195W,0,-0.10304535,0.11889450997114182,0.8681318759918213,0.6440644264221191
YKL194C,YDL189W,0,-0.10319976,0.11887824535369873,0.8681318759918213,0.6441644430160522
YDR350C,YKL192C,0,-0.10325179,0.11886198818683624,0.8681318759918213,0.6442644000053406
YLR052W,YOL061W,0,-0.10337902,0.11884573101997375,0.8681318759918213,0.6443644165992737
YNL183C,YGR161C-D,0,-0.10402478,0.11882948130369186,0.8681318759918213,0.6444644331932068
YBR114W,YHR146W,0,-0.104032926,0.11881323158740997,0.8681318759918213,0.6445644497871399
YNL263C,YBL091C,0,-0.1040838,0.11879698932170868,0.8681318759918213,0.644664466381073
YGL076C,YPL036W,0,-0.10418809,0.11878075450658798,0.8681318759918213,0.6447644829750061
YKL006C-A,YPL207W,0,-0.10428233,0.11876451969146729,0.8681318759918213,0.6448644995689392
YPL215W,YOR341W,0,-0.104424156,0.11874829232692719,0.8681318759918213,0.6449645161628723
YNL183C,YNR071C,0,-0.104651816,0.11873206496238708,0.8681318759918213,0.6450645327568054
YDR098C-A,YHL025W,0,-0.10484599,0.11871584504842758,0.8681318759918213,0.6451644897460938
YBL005W,YGR083C,0,-0.10485005,0.11869963258504868,0.8681318759918213,0.6452645063400269
YLR131C,YHR106W,0,-0.10619734,0.11868342012166977,0.8681318759918213,0.64536452293396
YGR082W,YGR057C,0,-0.10620937,0.11866721510887146,0.8681318759918213,0.6454645395278931
YHR122W,YBR100W,0,-0.10636383,0.11865101009607315,0.8681318759918213,0.6455645561218262
YBL007C,YJL094C,0,-0.106374234,0.11863481253385544,0.8681318759918213,0.6456645727157593
YEL027W,YHR014W,0,-0.106440626,0.11861861497163773,0.8681318759918213,0.6457645893096924
YOR191W,YJR027W,0,-0.10648551,0.11860243231058121,0.8681318759918213,0.6458646059036255
YNL284C-B,YHR204W,0,-0.10657076,0.11858624219894409,0.8681318759918213,0.6459646224975586
YPR071W,YPL168W,0,-0.10696333,0.11857006698846817,0.8681318759918213,0.6460645794868469
YDR098C-A,YGL111W,0,-0.10698238,0.11855389177799225,0.8681318759918213,0.64616459608078
YGR109W-A,YNR024W,0,-0.107036404,0.11853771656751633,0.8681318759918213,0.6462646126747131
YLR319C,YML052W,1,-0.10725437,0.11865793913602829,0.8691308498382568,0.6462646126747131
YPR134W,YMR195W,0,-0.10733759,0.11864175647497177,0.8691308498382568,0.6463646292686462
YMR215W,YML092C,0,-0.10746721,0.11862558126449585,0.8691308498382568,0.6464646458625793
YDR316W-B,YGL064C,0,-0.107571885,0.11860940605401993,0.8691308498382568,0.6465646624565125
YML081W,YLL067C,0,-0.10768805,0.1185932382941246,0.8691308498382568,0.6466646790504456
YLL066C,YJL196C,0,-0.108107165,0.11857707798480988,0.8691308498382568,0.6467646956443787
YML098W,YDL046W,0,-0.10812484,0.11856091767549515,0.8691308498382568,0.6468647122383118
YFR025C,YDL119C,0,-0.108135246,0.11854475736618042,0.8691308498382568,0.6469646692276001
YJL179W,YDR110W,0,-0.10813557,0.11852861195802689,0.8691308498382568,0.6470646858215332
YOR380W,YBR100W,0,-0.1081699,0.11851246654987335,0.8691308498382568,0.6471647024154663
YGR161W-A,YKR031C,0,-0.10825204,0.11849632114171982,0.8691308498382568,0.6472647190093994
YOR189W,YIL068C,0,-0.10825647,0.11848018318414688,0.8691308498382568,0.6473647356033325
YNL054W,YDR292C,0,-0.108353145,0.11846405267715454,0.8691308498382568,0.6474647521972656
YFL061W,YJL212C,0,-0.10847143,0.1184479221701622,0.8691308498382568,0.6475647687911987
YBR085W,YLR181C,0,-0.108523086,0.11843179911375046,0.8691308498382568,0.6476647853851318
YKL191W,YDR430C,0,-0.1085414,0.11841568350791931,0.8691308498382568,0.6477648019790649
YAR042W,YHR138C,0,-0.10861844,0.11839956790208817,0.8691308498382568,0.6478647589683533
YHR148W,YLR234W,0,-0.10863522,0.11838345229625702,0.8691308498382568,0.6479647755622864
YGR254W,YGR161W-A,0,-0.10864072,0.11836734414100647,0.8691308498382568,0.6480647921562195
YDR075W,YJR118C,0,-0.10883906,0.11835124343633652,0.8691308498382568,0.6481648087501526
YKR053C,YHR157W,0,-0.10898166,0.11833515018224716,0.8691308498382568,0.6482648253440857
YJL208C,YBL025W,0,-0.109106444,0.1183190569281578,0.8691308498382568,0.6483648419380188
YML120C,YBL063W,0,-0.10941978,0.11830296367406845,0.8691308498382568,0.6484648585319519
YIR019C,YHR194W,0,-0.10947676,0.11828687787055969,0.8691308498382568,0.648564875125885
YGR161W-A,YDR464W,0,-0.10955016,0.11827079951763153,0.8691308498382568,0.6486648917198181
YGL181W,YHR161C,1,-0.10983526,0.11839064955711365,0.8701298832893372,0.6486648917198181
YKR077W,YDR098C-B,0,-0.109882645,0.11837455630302429,0.8701298832893372,0.6487648487091064
YFL056C,YBL063W,0,-0.10990066,0.11835847049951553,0.8701298832893372,0.6488648653030396
YGR057C,YGR005C,0,-0.1099342,0.11834239214658737,0.8701298832893372,0.6489648818969727
YLR234W,YBR168W,0,-0.1101911,0.11832631379365921,0.8701298832893372,0.6490648984909058
YGL139W,YDR108W,0,-0.11020856,0.11831024289131165,0.8701298832893372,0.6491649150848389
YGR080W,YDR233C,1,-0.11023817,0.1184299886226654,0.8711288571357727,0.6491649150848389
YGR017W,YBR028C,0,-0.11040643,0.11841390281915665,0.8711288571357727,0.649264931678772
YDR500C,YKL005C,0,-0.11054509,0.11839782446622849,0.8711288571357727,0.6493649482727051
YPL141C,YCL012W,0,-0.11059261,0.11838175356388092,0.8711288571357727,0.6494649648666382
YFR024C,YGL045W,0,-0.110643834,0.11836568266153336,0.8711288571357727,0.6495649814605713
YDR201W,YGL061C,0,-0.11114585,0.11834961920976639,0.8711288571357727,0.6496649384498596
YIR019C,YOR009W,0,-0.11175931,0.11833356320858002,0.8711288571357727,0.6497649550437927
YLR059C,YOR335C,0,-0.11186158,0.11831749975681305,0.8711288571357727,0.6498649716377258
YGR254W,YCL029C,0,-0.11208143,0.11830145120620728,0.8711288571357727,0.6499649882316589
YGR055W,YOR241W,0,-0.11211134,0.1182854026556015,0.8711288571357727,0.650065004825592
YMR205C,YBR181C,0,-0.11229631,0.11826936155557632,0.8711288571357727,0.6501650214195251
YBR054W,YKL110C,0,-0.112374075,0.11825332045555115,0.8711288571357727,0.6502650380134583
YHR107C,YJL021C,1,-0.11254259,0.11837287992238998,0.872127890586853,0.6502650380134583
YFR050C,YLR190W,0,-0.113827504,0.11835683137178421,0.872127890586853,0.6503650546073914
YEL006W,YDL145C,0,-0.114275016,0.11834079027175903,0.872127890586853,0.6504650712013245
YGR161W-A,YPL043W,0,-0.11436435,0.11832474917173386,0.872127890586853,0.6505650281906128
YER023W,YLR092W,0,-0.114385754,0.11830871552228928,0.872127890586853,0.6506650447845459
YGR161W-A,YMR322C,0,-0.11480031,0.1182926818728447,0.872127890586853,0.650765061378479
YIL096C,YLR007W,0,-0.115043916,0.11827665567398071,0.872127890586853,0.6508650779724121
YGR005C,YPL145C,0,-0.11506781,0.11826063692569733,0.872127890586853,0.6509650945663452
YLR429W,YLR319C,1,-0.11523234,0.11838006228208542,0.8731268644332886,0.6509650945663452
YHR122W,YDL102W,0,-0.11526739,0.11836402863264084,0.8731268644332886,0.6510651111602783
YIL153W,YDR057W,0,-0.115309425,0.11834800243377686,0.8731268644332886,0.6511651277542114
YJL127C,YOR359W,0,-0.11555382,0.11833197623491287,0.8731268644332886,0.6512651443481445
YBR181C,YOR227W,0,-0.115564294,0.11831595748662949,0.8731268644332886,0.6513651609420776
YPR097W,YLR075W,0,-0.115579404,0.1182999461889267,0.8731268644332886,0.651465117931366
YDR210C-D,YKL077W,0,-0.11584881,0.11828393489122391,0.8731268644332886,0.6515651345252991
YHR202W,YPL049C,0,-0.11603708,0.11826793104410172,0.8731268644332886,0.6516651511192322
YLR442C,YGR217W,0,-0.11655427,0.11825192719697952,0.8731268644332886,0.6517651677131653
YLR258W,YMR072W,0,-0.11678432,0.11823593080043793,0.8731268644332886,0.6518651843070984
YAL019W,YGR161W-A,0,-0.11739993,0.11821993440389633,0.8731268644332886,0.6519652009010315
YIL107C,YER123W,0,-0.11741817,0.11820394545793533,0.8731268644332886,0.6520652174949646
YLL066C,YOR249C,0,-0.117460154,0.11818796396255493,0.8731268644332886,0.6521652340888977
YBR023C,YMR153W,0,-0.11787967,0.11817198246717453,0.8731268644332886,0.6522652506828308
YBR162W-A,YOR027W,0,-0.11792987,0.11815600842237473,0.8731268644332886,0.6523652076721191
YIL022W,YIL037C,0,-0.11795743,0.11814003437757492,0.8731268644332886,0.6524652242660522
YNL045W,YPL254W,0,-0.11810709,0.11812406778335571,0.8731268644332886,0.6525652408599854
YDR178W,YGR224W,0,-0.11824351,0.1181081086397171,0.8731268644332886,0.6526652574539185
YGR161W-A,YPR133C,0,-0.118529454,0.11809214949607849,0.8731268644332886,0.6527652740478516
YBR233W-A,YER014W,0,-0.1187199,0.11807619780302048,0.8731268644332886,0.6528652906417847
YNL132W,YNL041C,0,-0.11875337,0.11806024610996246,0.8731268644332886,0.6529653072357178
YHR214C-C,YMR237W,0,-0.11935596,0.11804430186748505,0.8731268644332886,0.6530653238296509
YNL054W-A,YDL211C,0,-0.11960576,0.11802835762500763,0.8731268644332886,0.653165340423584
YGR217W,YHR006W,0,-0.11968745,0.11801242083311081,0.8731268644332886,0.6532652974128723
YNR024W,YHR005C,0,-0.11970986,0.11799649149179459,0.8731268644332886,0.6533653140068054
YBL047C,YCR002C,1,-0.11993423,0.11811555176973343,0.8741258978843689,0.6533653140068054
YML101C,YLR337C,0,-0.11993583,0.11809960752725601,0.8741258978843689,0.6534653306007385
YAL002W,YLL031C,0,-0.120012626,0.11808367073535919,0.8741258978843689,0.6535653471946716
YHL003C,YNL054W-A,0,-0.120120294,0.11806773394346237,0.8741258978843689,0.6536653637886047
YPL013C,YMR207C,0,-0.12034466,0.11805180460214615,0.8741258978843689,0.6537653803825378
YDR108W,YMR242C,0,-0.120485686,0.11803588271141052,0.8741258978843689,0.653865396976471
YPL105C,YHR154W,0,-0.12103284,0.1180199608206749,0.8741258978843689,0.653965413570404
YDL072C,YOR227W,0,-0.12104292,0.11800404638051987,0.8741258978843689,0.6540654301643372
YMR215W,YMR133W,0,-0.121707164,0.11798813194036484,0.8741258978843689,0.6541653871536255
YLR227W-A,YOR191W,0,-0.12179717,0.1179722249507904,0.8741258978843689,0.6542654037475586
YCL017C,YLR083C,0,-0.12190158,0.11795632541179657,0.8741258978843689,0.6543654203414917
YMR226C,YOL051W,0,-0.12199417,0.11794042587280273,0.8741258978843689,0.6544654369354248
YLR227W-A,YHL031C,0,-0.122097984,0.1179245263338089,0.8741258978843689,0.6545654535293579
YPR128C,YGR003W,0,-0.122128315,0.11790863424539566,0.8741258978843689,0.654665470123291
YHR204W,YDR002W,0,-0.122226976,0.11789274960756302,0.8741258978843689,0.6547654867172241
YGR099W,YBR069C,0,-0.12225079,0.11787687242031097,0.8741258978843689,0.6548655033111572
YLR092W,YHR133C,0,-0.12253587,0.11786098778247833,0.8741258978843689,0.6549655199050903
YER031C,YPR158W-B,0,-0.12255924,0.11784511804580688,0.8741258978843689,0.6550654768943787
YDL243C,YPL021W,0,-0.12292496,0.11782924830913544,0.8741258978843689,0.6551654934883118
YDR430C,YGL049C,0,-0.12321253,0.11781338602304459,0.8741258978843689,0.6552655100822449
YBR169C,YPL179W,0,-0.12341761,0.11779752373695374,0.8741258978843689,0.655365526676178
YFR031C-A,YOR259C,0,-0.12343765,0.11778166890144348,0.8741258978843689,0.6554655432701111
YPL133C,YML133C,0,-0.123693176,0.11776581406593323,0.8741258978843689,0.6555655598640442
YOR236W,YGR129W,0,-0.12384603,0.11774996668100357,0.8741258978843689,0.6556655764579773
YLR167W,YER108C,0,-0.12435574,0.11773411929607391,0.8741258978843689,0.6557655930519104
YCR058C,YLR054C,0,-0.12482617,0.11771828681230545,0.8741258978843689,0.6558656096458435
YOR195W,YHR020W,0,-0.124953695,0.11770244687795639,0.8741258978843689,0.6559656262397766
YDR210C-D,YOR192C,0,-0.12499032,0.11768661439418793,0.8741258978843689,0.6560655832290649
YBR272C,YJL196C,0,-0.12560819,0.11767078936100006,0.8741258978843689,0.656165599822998
YMR118C,YCL067C,0,-0.12566821,0.11765497177839279,0.8741258978843689,0.6562656164169312
YMR110C,YPL179W,0,-0.12577225,0.11763914674520493,0.8741258978843689,0.6563656330108643
YDR098C-B,YJL083W,0,-0.12595734,0.11762333661317825,0.8741258978843689,0.6564656496047974
YNL031C,YFR040W,0,-0.12611991,0.11760752648115158,0.8741258978843689,0.6565656661987305
YOL029C,YDR365W-A,0,-0.12621844,0.1175917237997055,0.8741258978843689,0.6566656827926636
YAL068C,YGR129W,0,-0.12642924,0.11757592111825943,0.8741258978843689,0.6567656993865967
YCR018C,YHR005C,0,-0.1267298,0.11756012588739395,0.8741258978843689,0.6568657159805298
YLR409C,YGR161C-D,0,-0.12673382,0.11754433065652847,0.8741258978843689,0.6569656729698181
YGR078C,YCL012W,0,-0.12759307,0.11752854287624359,0.8741258978843689,0.6570656895637512
YOR129C,YKL138C,0,-0.12773487,0.11751275509595871,0.8741258978843689,0.6571657061576843
YDR441C,YGR044C,0,-0.12807268,0.11749698221683502,0.8741258978843689,0.6572657227516174
YGL098W,YJL127C,0,-0.12833121,0.11748120188713074,0.8741258978843689,0.6573657393455505
YDR100W,YDR021W,0,-0.12833574,0.11746542900800705,0.8741258978843689,0.6574657559394836
YHR035W,YPL140C,0,-0.1284907,0.11744966357946396,0.8741258978843689,0.6575657725334167
YLR363C,YNR059W,0,-0.12859233,0.11743389815092087,0.8741258978843689,0.6576657891273499
YDR213W,YLR196W,0,-0.12898804,0.11741814017295837,0.8741258978843689,0.657765805721283
YHR193C,YBR121C,0,-0.1290971,0.11740238964557648,0.8741258978843689,0.6578657627105713
YGR174C,YDR175C,0,-0.12913185,0.11738663911819458,0.8741258978843689,0.6579657793045044
YDR268W,YMR050C,0,-0.12928833,0.11737088859081268,0.8741258978843689,0.6580657958984375
YNL181W,YDL046W,0,-0.1293084,0.11735515296459198,0.8741258978843689,0.6581658124923706
YKR049C,YCL067C,0,-0.12967883,0.11733940988779068,0.8741258978843689,0.6582658290863037
YCL064C,YGR161C-D,0,-0.12973069,0.11732368171215057,0.8741258978843689,0.6583658456802368
YKL029C,YPR034W,0,-0.12978925,0.11730795353651047,0.8741258978843689,0.6584658622741699
YHR161C,YCL012W,1,-0.1298045,0.11742627620697021,0.8751248717308044,0.6584658622741699
YGR161C-D,YJR096W,0,-0.1300179,0.11741053313016891,0.8751248717308044,0.658565878868103
YDL247W,YDR528W,0,-0.13057946,0.11739479750394821,0.8751248717308044,0.6586658954620361
YJL167W,YDR175C,0,-0.13079682,0.1173790693283081,0.8751248717308044,0.6587658524513245
YDR464W,YOR260W,0,-0.1308358,0.117363341152668,0.8751248717308044,0.6588658690452576
YDR350C,YLR056W,0,-0.13107793,0.11734762042760849,0.8751248717308044,0.6589658856391907
YIL022W,YER023W,0,-0.13114356,0.11733190715312958,0.8751248717308044,0.6590659022331238
YEL044W,YJL197W,0,-0.13117886,0.11731619387865067,0.8751248717308044,0.6591659188270569
YJR090C,YHR149C,1,-0.131258,0.11743438988924026,0.8761239051818848,0.6591659188270569
YLR234W,YJR054W,0,-0.13129407,0.11741866171360016,0.8761239051818848,0.65926593542099
YDL189W,YPL262W,0,-0.13130274,0.11740294843912125,0.8761239051818848,0.6593659520149231
YGL115W,YMR225C,0,-0.13143134,0.11738722771406174,0.8761239051818848,0.6594659686088562
YDR468C,YPL058C,0,-0.1318431,0.11737152189016342,0.8761239051818848,0.6595659852027893
YNR019W,YJR131W,0,-0.1320923,0.1173558160662651,0.8761239051818848,0.6596659421920776
YDR148C,YIL098C,0,-0.1330714,0.11734011024236679,0.8761239051818848,0.6597659587860107
YIL014W,YOR195W,0,-0.13374935,0.11732441186904907,0.8761239051818848,0.6598659753799438
YAL048C,YNL062C,0,-0.13395855,0.11730872094631195,0.8761239051818848,0.659965991973877
YHR165C,YJR052W,0,-0.13426112,0.11729303002357483,0.8761239051818848,0.6600660085678101
YER060W-A,YBL091C,0,-0.13431998,0.1172773465514183,0.8761239051818848,0.6601660251617432
YNL133C,YJR052W,0,-0.13433585,0.11726166307926178,0.8761239051818848,0.6602660417556763
YDR427W,YDR028C,0,-0.13468191,0.11724598705768585,0.8761239051818848,0.6603660583496094
YDR244W,YGR208W,0,-0.1347686,0.11723031848669052,0.8761239051818848,0.6604660749435425
YBR189W,YGR178C,0,-0.13497841,0.11721464991569519,0.8761239051818848,0.6605660319328308
YIL013C,YGR094W,0,-0.13499573,0.11719898134469986,0.8761239051818848,0.6606660485267639
YOR191W,YLR426W,0,-0.13516754,0.11718332767486572,0.8761239051818848,0.660766065120697
YJL127C,YIL120W,0,-0.13537323,0.11716766655445099,0.8761239051818848,0.6608660817146301
YLR324W,YBR101C,0,-0.13543616,0.11715202033519745,0.8761239051818848,0.6609660983085632
YEL040W,YIL095W,1,-0.1356362,0.11726993322372437,0.8771228790283203,0.6609660983085632
YPL058C,YBR112C,0,-0.13566904,0.11725427210330963,0.8771228790283203,0.6610661149024963
YJR132W,YGR060W,0,-0.13624118,0.1172386184334755,0.8771228790283203,0.6611661314964294
YGR161W-A,YGR138C,0,-0.13631517,0.11722296476364136,0.8771228790283203,0.6612661480903625
YCL017C,YKR085C,0,-0.13639249,0.11720731854438782,0.8771228790283203,0.6613661646842957
YHR108W,YKR007W,0,-0.13658527,0.11719167232513428,0.8771228790283203,0.661466121673584
YDR233C,YIR006C,1,-0.13659619,0.11730948835611343,0.8781218528747559,0.661466121673584
YML041C,YOR316C,0,-0.13660173,0.1172938346862793,0.8781218528747559,0.6615661382675171
YHL003C,YER127W,0,-0.13664259,0.11727818846702576,0.8781218528747559,0.6616661548614502
YJL020C,YCL012W,1,-0.13669708,0.11739594489336014,0.8791208863258362,0.6616661548614502
YOR018W,YGR161W-A,0,-0.13676171,0.1173802837729454,0.8791208863258362,0.6617661714553833
YDR375C,YBR100W,0,-0.1368006,0.11736463010311127,0.8791208863258362,0.6618661880493164
YEL032W,YIL009W,0,-0.13723116,0.11734897643327713,0.8791208863258362,0.6619662046432495
YJL096W,YDL100C,0,-0.1372422,0.11733333021402359,0.8791208863258362,0.6620662212371826
YDR377W,YMR313C,0,-0.13801123,0.11731769144535065,0.8791208863258362,0.6621662378311157
YPL234C,YDR176W,0,-0.13840668,0.1173020526766777,0.8791208863258362,0.6622662544250488
YER014W,YMR105C,0,-0.13864495,0.11728642135858536,0.8791208863258362,0.6623662114143372
YLR194C,YBR034C,0,-0.13866949,0.11727079004049301,0.8791208863258362,0.6624662280082703
YBL087C,YBL100W-B,0,-0.13885504,0.11725516617298126,0.8791208863258362,0.6625662446022034
YER056C,YBR268W,0,-0.1393435,0.11723954230546951,0.8791208863258362,0.6626662611961365
YGL144C,YDR098C-B,0,-0.13934638,0.11722392588853836,0.8791208863258362,0.6627662777900696
YER102W,YNL156C,0,-0.13949656,0.11720830947160721,0.8791208863258362,0.6628662943840027
YLR006C,YIL068C,0,-0.13963808,0.11719270050525665,0.8791208863258362,0.6629663109779358
YGL092W,YDR243C,0,-0.13965096,0.1171770989894867,0.8791208863258362,0.6630663275718689
YNL045W,YDR365W-A,0,-0.13979627,0.11716149747371674,0.8791208863258362,0.663166344165802
YMR243C,YER167W,0,-0.1398236,0.11714590340852737,0.8791208863258362,0.6632663011550903
YLL018C,YDR009W,0,-0.14012863,0.11713030934333801,0.8791208863258362,0.6633663177490234
YDR217C,YPL006W,0,-0.14013325,0.11711472272872925,0.8791208863258362,0.6634663343429565
YDL113C,YKL150W,0,-0.14026861,0.11709913611412048,0.8791208863258362,0.6635663509368896
YKR049C,YHR194W,0,-0.14068736,0.11708355695009232,0.8791208863258362,0.6636663675308228
YDR098C-B,YCR063W,0,-0.14071007,0.11706797778606415,0.8791208863258362,0.6637663841247559
YEL020W-A,YDR108W,0,-0.14071289,0.11705240607261658,0.8791208863258362,0.663866400718689
YGR109W-A,YKL005C,0,-0.14123929,0.1170368418097496,0.8791208863258362,0.6639664173126221
YER109C,YCL012W,0,-0.14146529,0.11702127754688263,0.8791208863258362,0.6640664339065552
YML059C,YDR165W,0,-0.14153667,0.11700572073459625,0.8791208863258362,0.6641663908958435
YKL043W,YPL235W,0,-0.1417226,0.11699016392230988,0.8791208863258362,0.6642664074897766
YOR079C,YDR098C-B,0,-0.14190844,0.1169746145606041,0.8791208863258362,0.6643664240837097
YLR337W,YIL138C,1,-0.14198445,0.11709196865558624,0.8801198601722717,0.6643664240837097
YOR267C,YJR048W,0,-0.14216879,0.11707641184329987,0.8801198601722717,0.6644664406776428
YJL183W,YDR005C,0,-0.14256683,0.11706085503101349,0.8801198601722717,0.6645664572715759
YDL093W,YLL057C,0,-0.142578,0.11704530566930771,0.8801198601722717,0.664666473865509
YNL051W,YPL004C,0,-0.14261809,0.11702975630760193,0.8801198601722717,0.6647664904594421
YKR100C,YCR058C,0,-0.14263798,0.11701421439647675,0.8801198601722717,0.6648665070533752
YNL062C,YBR188C,0,-0.14268172,0.11699867248535156,0.8801198601722717,0.6649665236473083
YDR328C,YER093C,0,-0.14341664,0.11698313802480698,0.8801198601722717,0.6650664806365967
YCL068C,YGR260W,0,-0.14362139,0.11696760356426239,0.8801198601722717,0.6651664972305298
YOL042W,YDR528W,0,-0.14412895,0.1169520765542984,0.8801198601722717,0.6652665138244629
YGL076C,YBR119W,0,-0.14424054,0.11693655699491501,0.8801198601722717,0.665366530418396
YLL024C,YHR088W,0,-0.14439237,0.11692103743553162,0.8801198601722717,0.6654665470123291
YGL171W,YOR330C,0,-0.14448431,0.11690551787614822,0.8801198601722717,0.6655665636062622
YKL014C,YMR125W,0,-0.14449862,0.11689000576734543,0.8801198601722717,0.6656665802001953
YDR292C,YOR001W,0,-0.14453873,0.11687450110912323,0.8801198601722717,0.6657665967941284
YDL093W,YPR169W,0,-0.14460255,0.11685899645090103,0.8801198601722717,0.6658666133880615
YDL243C,YFR025C,0,-0.14499469,0.11684349924325943,0.8801198601722717,0.6659665703773499
YKL043W,YFR025C,0,-0.14551044,0.11682800948619843,0.8801198601722717,0.666066586971283
YGL142C,YAR042W,0,-0.14564854,0.11681251972913742,0.8801198601722717,0.6661666035652161
YFR024C,YCL014W,1,-0.14570066,0.11692960560321808,0.881118893623352,0.6661666035652161
YCR016W,YNR019W,0,-0.14590228,0.11691410094499588,0.881118893623352,0.6662666201591492
YDR365W-A,YLR384C,0,-0.14659463,0.11689861118793488,0.881118893623352,0.6663666367530823
YDR441C,YDR273W,0,-0.14660695,0.11688311398029327,0.881118893623352,0.6664666533470154
YHR210C,YOL059W,0,-0.14688349,0.11686763167381287,0.881118893623352,0.6665666699409485
YOR065W,YPL117C,0,-0.14694849,0.11685214936733246,0.881118893623352,0.6666666865348816
YLR315W,YKL110C,0,-0.14697564,0.11683666706085205,0.881118893623352,0.6667667031288147
YEL019C,YIL144W,0,-0.14721432,0.11682119220495224,0.881118893623352,0.666866660118103
YPR133C,YKR095W,0,-0.14742401,0.11680572479963303,0.881118893623352,0.6669666767120361
YKL141W,YML041C,0,-0.14790623,0.11679025739431381,0.881118893623352,0.6670666933059692
YHR185C,YBR208C,0,-0.14797284,0.1167747899889946,0.881118893623352,0.6671667098999023
YKL045W,YIL153W,0,-0.14846344,0.11675933003425598,0.881118893623352,0.6672667264938354
YOR260W,YML031W,0,-0.1485874,0.11674387753009796,0.881118893623352,0.6673667430877686
YNL328C,YPR173C,0,-0.14861138,0.11672842502593994,0.881118893623352,0.6674667596817017
YPL234C,YDR438W,0,-0.14872454,0.11671297997236252,0.881118893623352,0.6675667762756348
YAR009C,YDR515W,0,-0.14875092,0.11669754236936569,0.881118893623352,0.6676667928695679
YGR161W-A,YDR517W,0,-0.14963263,0.11668209731578827,0.881118893623352,0.6677667498588562
YHR139C,YCL048W,0,-0.14973554,0.11666666716337204,0.881118893623352,0.6678667664527893
YER044C-A,YOL116W,0,-0.15022105,0.11665123701095581,0.881118893623352,0.6679667830467224
YFR024C-A,YHR149C,1,-0.15031338,0.11676804721355438,0.8821178674697876,0.6679667830467224
YPL234C,YHR014W,0,-0.15063962,0.11675260961055756,0.8821178674697876,0.6680667996406555
YPR106W,YGL171W,0,-0.15123954,0.11673717945814133,0.8821178674697876,0.6681668162345886
YMR220W,YNR053C,0,-0.15153047,0.1167217418551445,0.8821178674697876,0.6682668328285217
YLR390W-A,YIL033C,0,-0.15163721,0.11670631915330887,0.8821178674697876,0.6683668494224548
YNL031C,YBL087C,0,-0.15171094,0.11669089645147324,0.8821178674697876,0.6684668660163879
YDR092W,YDR098C-B,0,-0.15209278,0.1166754737496376,0.8821178674697876,0.668566882610321
YNL167C,YBR168W,0,-0.15222523,0.11666005849838257,0.8821178674697876,0.6686668395996094
YJL021C,YCL012W,1,-0.15261266,0.11677674949169159,0.8831169009208679,0.6686668395996094
YER033C,YKL029C,0,-0.15296085,0.11676132678985596,0.8831169009208679,0.6687668561935425
YOR189W,YGR161W-A,0,-0.15303487,0.11674590408802032,0.8831169009208679,0.6688668727874756
YOR189W,YHR146W,0,-0.15355222,0.11673048883676529,0.8831169009208679,0.6689668893814087
YKR096W,YDR381W,0,-0.1536107,0.11671508103609085,0.8831169009208679,0.6690669059753418
YJL021C,YDL124W,0,-0.15362257,0.11669967323541641,0.8831169009208679,0.6691669225692749
YEL005C,YOR060C,0,-0.15379052,0.11668426543474197,0.8831169009208679,0.669266939163208
YDR361C,YKL192C,0,-0.15385488,0.11666886508464813,0.8831169009208679,0.6693669557571411
YLR417W,YHR214C-C,0,-0.15387453,0.11665347218513489,0.8831169009208679,0.6694669723510742
YBR119W,YCR058C,0,-0.15433097,0.11663807928562164,0.8831169009208679,0.6695669293403625
YIL037C,YHR120W,0,-0.15441835,0.116622693836689,0.8831169009208679,0.6696669459342957
YOR045W,YGL231C,0,-0.15484387,0.11660730838775635,0.8831169009208679,0.6697669625282288
YGR178C,YPR037C,0,-0.15494338,0.1165919303894043,0.8831169009208679,0.6698669791221619
YPL036W,YBR023C,0,-0.15507396,0.11657655239105225,0.8831169009208679,0.669966995716095
YDR210C-D,YER102W,0,-0.1557068,0.11656118184328079,0.8831169009208679,0.6700670123100281
YOR018W,YOR004W,0,-0.1561559,0.11654581129550934,0.8831169009208679,0.6701670289039612
YNL183C,YER060W,0,-0.15673819,0.11653044819831848,0.8831169009208679,0.6702670454978943
YML011C,YOR079C,0,-0.15713704,0.11651509255170822,0.8831169009208679,0.6703670620918274
YER179W,YNR055C,0,-0.15728584,0.11649973690509796,0.8831169009208679,0.6704670190811157
YPL280W,YLR451W,0,-0.15773493,0.1164843887090683,0.8831169009208679,0.6705670356750488
YIL036W,YOR273C,0,-0.15815178,0.11646904051303864,0.8831169009208679,0.6706670522689819
YLR185W,YGL126W,0,-0.1582644,0.11645369231700897,0.8831169009208679,0.670767068862915
YBR069C,YDR317W,0,-0.15859896,0.1164383590221405,0.8831169009208679,0.6708670854568481
YOR119C,YGR193C,0,-0.15860981,0.11642301827669144,0.8831169009208679,0.6709671020507812
YHR090C,YKL051W,0,-0.15891196,0.11640769243240356,0.8831169009208679,0.6710671186447144
YLR426W,YBR094W,0,-0.15916084,0.11639236658811569,0.8831169009208679,0.6711671352386475
YNL054W-A,YDL117W,0,-0.15928733,0.11637704074382782,0.8831169009208679,0.6712671518325806
YNL284C-B,YOR359W,0,-0.15946366,0.11636172235012054,0.8831169009208679,0.6713671088218689
YML107C,YCL012W,0,-0.16010413,0.11634640395641327,0.8831169009208679,0.671467125415802
YML067C,YLR466W,0,-0.16016553,0.11633109301328659,0.8831169009208679,0.6715671420097351
YOR250C,YDR350C,0,-0.16022678,0.11631578952074051,0.8831169009208679,0.6716671586036682
YML098W,YOR081C,0,-0.16032797,0.11630048602819443,0.8831169009208679,0.6717671751976013
YDL161W,YCL012W,1,-0.16038546,0.11641672998666763,0.8841158747673035,0.6717671751976013
YGR212W,YLR313C,0,-0.16046047,0.11640141904354095,0.8841158747673035,0.6718671917915344
YFL005W,YEL040W,1,-0.16051134,0.11651762574911118,0.8851149082183838,0.6718671917915344
YGL189C,YMR009W,0,-0.16081071,0.1165022999048233,0.8851149082183838,0.6719672083854675
YOL023W,YGR161C,0,-0.16097382,0.11648698151111603,0.8851149082183838,0.6720672249794006
YKR095W,YIL123W,0,-0.1610901,0.11647167056798935,0.8851149082183838,0.6721672415733337
YDR002W,YHR079C-B,0,-0.16114095,0.11645635962486267,0.8851149082183838,0.6722671985626221
YNL137C,YJL058C,0,-0.16128817,0.11644105613231659,0.8851149082183838,0.6723672151565552
YPR154W,YNL284C-B,0,-0.16130936,0.11642575263977051,0.8851149082183838,0.6724672317504883
YGR161W-A,YOR157C,0,-0.16136566,0.11641045659780502,0.8851149082183838,0.6725672483444214
YNL284C-B,YNL161W,0,-0.16174215,0.11639516800642014,0.8851149082183838,0.6726672649383545
YOR177C,YBR090C-A,0,-0.16178635,0.11637987941503525,0.8851149082183838,0.6727672815322876
YDR375C,YDR190C,0,-0.16195133,0.11636459082365036,0.8851149082183838,0.6728672981262207
YLR227W-A,YPL141C,0,-0.16211012,0.11634930968284607,0.8851149082183838,0.6729673147201538
YLR337W,YDR379W,1,-0.16251001,0.11646533757448196,0.8861138820648193,0.6729673147201538
YGR283C,YKL052C,0,-0.1625483,0.11645004898309708,0.8861138820648193,0.6730673313140869
YML107C,YJL183W,0,-0.16268143,0.11643476039171219,0.8861138820648193,0.6731672883033752
YKL194C,YOR129C,0,-0.16292523,0.1164194792509079,0.8861138820648193,0.6732673048973083
YKR075C,YKL058W,0,-0.16296908,0.11640419811010361,0.8861138820648193,0.6733673214912415
YMR101C,YHR142W,0,-0.16339982,0.11638892441987991,0.8861138820648193,0.6734673380851746
YPL105C,YPR174C,0,-0.16370332,0.11637365818023682,0.8861138820648193,0.6735673546791077
YPR114W,YNR055C,0,-0.16390221,0.11635839194059372,0.8861138820648193,0.6736673712730408
YBL007C,YNL054W-A,0,-0.16446905,0.11634312570095062,0.8861138820648193,0.6737673878669739
YKL043W,YPL248C,0,-0.16455698,0.11632786691188812,0.8861138820648193,0.673867404460907
YOR241W,YLR220W,0,-0.16489694,0.11631261557340622,0.8861138820648193,0.6739674210548401
YJR027W,YMR262W,0,-0.16492297,0.11629736423492432,0.8861138820648193,0.6740673780441284
YLR118C,YIL120W,0,-0.16539362,0.11628212034702301,0.8861138820648193,0.6741673946380615
YDR256C,YBR107C,0,-0.16559534,0.1162668764591217,0.8861138820648193,0.6742674112319946
YLL038C,YHR161C,1,-0.16562462,0.11638270318508148,0.8871129155158997,0.6742674112319946
YLR248W,YMR195W,0,-0.16568983,0.11636745184659958,0.8871129155158997,0.6743674278259277
YOL084W,YKL099C,0,-0.16573949,0.11635220050811768,0.8871129155158997,0.6744674444198608
YDR098C-B,YKL196C,0,-0.16600296,0.11633695662021637,0.8871129155158997,0.674567461013794
YMR055C,YJL001W,0,-0.1664146,0.11632172018289566,0.8871129155158997,0.674667477607727
YCR002C,YPL074W,1,-0.16650108,0.11643745750188828,0.8881118893623352,0.674667477607727
YLR384C,YER032W,0,-0.16693807,0.11642221361398697,0.8881118893623352,0.6747674942016602
YDR316W-B,YPL049C,0,-0.16739684,0.11640696972608566,0.8881118893623352,0.6748675107955933
YOR177C,YDR080W,0,-0.16748743,0.11639172583818436,0.8881118893623352,0.6749674677848816
YKL014C,YPL234C,0,-0.16759078,0.11637648940086365,0.8881118893623352,0.6750674843788147
YGR244C,YCR024C,0,-0.167933,0.11636125296354294,0.8881118893623352,0.6751675009727478
YLR167W,YHL050C,0,-0.16815197,0.11634603142738342,0.8881118893623352,0.6752675175666809
YCL068C,YDR289C,0,-0.16835476,0.11633080244064331,0.8881118893623352,0.675367534160614
YIL068C,YNL094W,1,-0.16886137,0.11644642055034637,0.8891108632087708,0.675367534160614
YER028C,YDR078C,0,-0.16890718,0.11643119156360626,0.8891108632087708,0.6754675507545471
YKL138C,YDR110W,0,-0.16893181,0.11641595512628555,0.8891108632087708,0.6755675673484802
YOL126C,YBR268W,0,-0.168955,0.11640073359012604,0.8891108632087708,0.6756675839424133
YEL020W-A,YPR057W,0,-0.16901644,0.11638551205396652,0.8891108632087708,0.6757676005363464
YBR029C,YPR057W,0,-0.16907346,0.116370290517807,0.8891108632087708,0.6758675575256348
YER176W,YHR073W,0,-0.16956821,0.11635507643222809,0.8891108632087708,0.6759675741195679
YHR037W,YJL003W,0,-0.16963822,0.11633986979722977,0.8891108632087708,0.676067590713501
YMR040W,YLL006W,0,-0.16999537,0.11632466316223145,0.8891108632087708,0.6761676073074341
YFR047C,YJR108W,0,-0.17016487,0.11630946397781372,0.8891108632087708,0.6762676239013672
YDR280W,YJL098W,0,-0.1701678,0.116294264793396,0.8891108632087708,0.6763676404953003
YBR254C,YDR273W,0,-0.17023131,0.11627907305955887,0.8891108632087708,0.6764676570892334
YDR350C,YHR020W,0,-0.17041552,0.11626388132572174,0.8891108632087708,0.6765676736831665
YIL069C,YNL118C,0,-0.1706481,0.11624869704246521,0.8891108632087708,0.6766676902770996
YKL002W,YCR063W,0,-0.17086095,0.11623351275920868,0.8891108632087708,0.6767676472663879
YOR156C,YHL011C,0,-0.17098148,0.11621833592653275,0.8891108632087708,0.676867663860321
YMR175W,YJL078C,0,-0.17113192,0.11620315909385681,0.8891108632087708,0.6769676804542542
YJL012C,YPR143W,0,-0.17141838,0.11618798971176147,0.8891108632087708,0.6770676970481873
YDR463W,YIL154C,0,-0.17176056,0.11617282032966614,0.8891108632087708,0.6771677136421204
YFR034C,YAL026C,0,-0.17181963,0.1161576583981514,0.8891108632087708,0.6772677302360535
YMR076C,YLR413W,0,-0.17184284,0.11614250391721725,0.8891108632087708,0.6773677468299866
YMR001C,YNL066W,0,-0.17220081,0.11612734943628311,0.8891108632087708,0.6774677634239197
YFR024C,YNL243W,1,-0.17246304,0.1162426620721817,0.8901098966598511,0.6774677634239197
YGR030C,YGR083C,0,-0.17249605,0.11622750014066696,0.8901098966598511,0.6775677800178528
YDR189W,YLR215C,0,-0.17256013,0.11621233820915222,0.8901098966598511,0.6776677370071411
YPR114W,YLR292C,0,-0.17273667,0.11619718372821808,0.8901098966598511,0.6777677536010742
YPL224C,YPR174C,0,-0.17289606,0.11618202924728394,0.8901098966598511,0.6778677701950073
YLR315W,YNL216W,0,-0.17293912,0.11616688221693039,0.8901098966598511,0.6779677867889404
YOL132W,YHR096C,0,-0.17322321,0.11615174263715744,0.8901098966598511,0.6780678033828735
YDL106C,YOR136W,0,-0.17327972,0.11613660305738449,0.8901098966598511,0.6781678199768066
YNL180C,YJL058C,0,-0.17345306,0.11612146347761154,0.8901098966598511,0.6782678365707397
YHR146W,YIL033C,0,-0.17345315,0.11610633134841919,0.8901098966598511,0.6783678531646729
YNR024W,YPR120C,0,-0.1736272,0.11609120666980743,0.8901098966598511,0.678467869758606
YDR210C-D,YOL009C,0,-0.17373556,0.11607608199119568,0.8901098966598511,0.6785678863525391
YEL020W-A,YPL120W,0,-0.17395435,0.11606096476316452,0.8901098966598511,0.6786678433418274
YML133C,YDR284C,0,-0.17412648,0.11604584753513336,0.8901098966598511,0.6787678599357605
YGL171W,YDR244W,0,-0.17440441,0.1160307303071022,0.8901098966598511,0.6788678765296936
YFR024C,YBR212W,0,-0.1745003,0.11601562798023224,0.8901098966598511,0.6789678931236267
YNL024C,YMR035W,0,-0.17453237,0.11600051820278168,0.8901098966598511,0.6790679097175598
YLR059C,YHR111W,0,-0.17456621,0.11598542332649231,0.8901098966598511,0.6791679263114929
YLR451W,YGL226W,0,-0.17457777,0.11597032099962234,0.8901098966598511,0.679267942905426
YJL110C,YJL098W,0,-0.1746425,0.11595523357391357,0.8901098966598511,0.6793679594993591
YBL063W,YDR098C-B,0,-0.17527223,0.1159401461482048,0.8901098966598511,0.6794679760932922
YDR515W,YGR129W,0,-0.17533079,0.11592505872249603,0.8901098966598511,0.6795679330825806
YEL020W-A,YBR085W,0,-0.17587881,0.11590997874736786,0.8901098966598511,0.6796679496765137
YOR260W,YGL127C,0,-0.17618623,0.11589489877223969,0.8901098966598511,0.6797679662704468
YFR024C,YHR107C,1,-0.1761961,0.11600988358259201,0.8911088705062866,0.6797679662704468
YGL144C,YNL118C,0,-0.17623474,0.11599479615688324,0.8911088705062866,0.6798679828643799
YLR288C,YDR292C,0,-0.17626934,0.11597971618175507,0.8911088705062866,0.679967999458313
YGR055W,YCR058C,0,-0.17633605,0.11596463620662689,0.8911088705062866,0.6800680160522461
YMR318C,YER060W-A,0,-0.17648427,0.11594956368207932,0.8911088705062866,0.6801680326461792
YHR197W,YGL192W,0,-0.1768094,0.11593449115753174,0.8911088705062866,0.6802680492401123
YBR015C,YKL040C,0,-0.17737949,0.11591942608356476,0.8911088705062866,0.6803680658340454
YPR175W,YGR283C,0,-0.17770812,0.11590436846017838,0.8911088705062866,0.6804680228233337
YDR201W,YIL018W,0,-0.17806551,0.11588931083679199,0.8911088705062866,0.6805680394172668
YGL151W,YER071C,0,-0.17870127,0.11587425321340561,0.8911088705062866,0.6806680560112
YNL181W,YDL102W,0,-0.17871422,0.11585920304059982,0.8911088705062866,0.6807680726051331
YDR528W,YCL044C,0,-0.17872775,0.11584415286779404,0.8911088705062866,0.6808680891990662
YLL048C,YMR261C,0,-0.17879787,0.11582911014556885,0.8911088705062866,0.6809681057929993
YGR253C,YLL057C,0,-0.17883243,0.11581407487392426,0.8911088705062866,0.6810681223869324
YLR367W,YCR058C,0,-0.1789591,0.11579903960227966,0.8911088705062866,0.6811681389808655
YOR004W,YGL064C,0,-0.17919117,0.11578401178121567,0.8911088705062866,0.6812681555747986
YPR158W-B,YPR008W,0,-0.17928216,0.11576898396015167,0.8911088705062866,0.6813681125640869
YNR038W,YDR365W-A,0,-0.17941329,0.11575395613908768,0.8911088705062866,0.68146812915802
YJL021C,YJL208C,0,-0.17948948,0.11573893576860428,0.8911088705062866,0.6815681457519531
YML101C,YDR328C,0,-0.1797292,0.11572392284870148,0.8911088705062866,0.6816681623458862
YNL284C-B,YOR034C,0,-0.18021336,0.11570890992879868,0.8911088705062866,0.6817681789398193
YJL089W,YDL087C,0,-0.18021676,0.11569390445947647,0.8911088705062866,0.6818681955337524
YER177W,YPL189W,0,-0.18023661,0.11567889899015427,0.8911088705062866,0.6819682121276855
YKL185W,YOL084W,0,-0.18028222,0.11566390097141266,0.8911088705062866,0.6820682287216187
YHR185C,YAR009C,0,-0.18052618,0.11564890295267105,0.8911088705062866,0.6821682453155518
YJL021C,YKL007W,1,-0.18116724,0.11576354503631592,0.8921079039573669,0.6821682453155518
YML081W,YBR301W,0,-0.18122132,0.11574853956699371,0.8921079039573669,0.6822682023048401
YGL142C,YNL054W-A,0,-0.18159375,0.1157335415482521,0.8921079039573669,0.6823682188987732
YMR015C,YBR193C,0,-0.18215787,0.1157185435295105,0.8921079039573669,0.6824682354927063
YDR098C,YMR322C,0,-0.18240604,0.11570355296134949,0.8921079039573669,0.6825682520866394
YLR215C,YGR161W-A,0,-0.18243328,0.11568856239318848,0.8921079039573669,0.6826682686805725
YML101C,YDR464W,0,-0.1829458,0.11567357182502747,0.8921079039573669,0.6827682852745056
YKL032C,YHL006C,0,-0.18406458,0.11565859615802765,0.8921079039573669,0.6828683018684387
YGL196W,YNL081C,0,-0.18488684,0.11564361304044724,0.8921079039573669,0.6829683184623718
YDL209C,YLR001C,0,-0.18500175,0.11562864482402802,0.8921079039573669,0.6830683350563049
YIL098C,YKR077W,0,-0.18521488,0.1156136691570282,0.8921079039573669,0.6831682920455933
YPL242C,YML052W,1,-0.18535903,0.11572815477848053,0.8931068778038025,0.6831682920455933
YOR103C,YKR072C,0,-0.18540281,0.11571317911148071,0.8931068778038025,0.6832683086395264
YOR233W,YJL085W,1,-0.18564545,0.11582762002944946,0.8941059112548828,0.6832683086395264
YAL056W,YJL216C,0,-0.18598136,0.11581262946128845,0.8941059112548828,0.6833683252334595
YAR033W,YLR189C,0,-0.18605815,0.11579764634370804,0.8941059112548828,0.6834683418273926
YJR042W,YBR094W,0,-0.18654057,0.11578266322612762,0.8941059112548828,0.6835683584213257
YKL110C,YHR073W,0,-0.18662943,0.11576768755912781,0.8941059112548828,0.6836683750152588
YGR109W-A,YGR122W,0,-0.18699569,0.11575271934270859,0.8941059112548828,0.6837683916091919
YLR248W,YPL145C,0,-0.18701345,0.11573774367570877,0.8941059112548828,0.683868408203125
YDL240W,YBR153W,0,-0.18704952,0.11572278290987015,0.8941059112548828,0.6839684247970581
YAR042W,YJL045W,0,-0.18715379,0.11570782214403152,0.8941059112548828,0.6840683817863464
YKL048C,YDR234W,0,-0.18719628,0.1156928613781929,0.8941059112548828,0.6841683983802795
YLL066C,YDL100C,0,-0.1875323,0.11567790806293488,0.8941059112548828,0.6842684149742126
YLR060W,YKR095W,0,-0.18760374,0.11566296219825745,0.8941059112548828,0.6843684315681458
YLR200W,YIL123W,0,-0.18797348,0.11564801633358002,0.8941059112548828,0.6844684481620789
YLR227W-A,YHR170W,0,-0.18804187,0.11563307791948318,0.8941059112548828,0.684568464756012
YLL026W,YFR014C,0,-0.18830594,0.11561813950538635,0.8941059112548828,0.6846684813499451
YOL020W,YFR025C,0,-0.18878888,0.11560320109128952,0.8941059112548828,0.6847684979438782
YMR205C,YKR085C,0,-0.18887573,0.11558827012777328,0.8941059112548828,0.6848685145378113
YOR079C,YFR053C,0,-0.1888954,0.11557334661483765,0.8941059112548828,0.6849684715270996
YFL061W,YOL029C,0,-0.18922096,0.11555842310190201,0.8941059112548828,0.6850684881210327
YNL145W,YAL059W,0,-0.18950221,0.11554350703954697,0.8941059112548828,0.6851685047149658
YDL154W,YDR234W,0,-0.18957321,0.11552859097719193,0.8941059112548828,0.6852685213088989
YDR217C,YNR052C,0,-0.18979126,0.11551368236541748,0.8941059112548828,0.685368537902832
YDL098C,YKR049C,0,-0.18998954,0.11549877375364304,0.8941059112548828,0.6854685544967651
YPL126W,YPL117C,0,-0.19025101,0.11548387259244919,0.8941059112548828,0.6855685710906982
YOR253W,YJL179W,0,-0.19037363,0.11546897143125534,0.8941059112548828,0.6856685876846313
YNL133C,YDR412W,0,-0.1905664,0.11545407772064209,0.8941059112548828,0.6857686042785645
YDR325W,YOR048C,0,-0.19096528,0.11543918401002884,0.8941059112548828,0.6858685612678528
YDR210C-D,YJR054W,0,-0.19099928,0.11542429774999619,0.8941059112548828,0.6859685778617859
YPL043W,YDR328C,0,-0.19101818,0.11540941148996353,0.8941059112548828,0.686068594455719
YLR258W,YHR006W,0,-0.19180465,0.11539453268051147,0.8941059112548828,0.6861686110496521
YHR103W,YPR134W,0,-0.19188392,0.11537965387105942,0.8941059112548828,0.6862686276435852
YER060W-A,YBL025W,0,-0.19236617,0.11536478251218796,0.8941059112548828,0.6863686442375183
YML081W,YCR035C,0,-0.19241334,0.1153499186038971,0.8941059112548828,0.6864686608314514
YML059C,YGL226W,0,-0.19313213,0.11533505469560623,0.8941059112548828,0.6865686774253845
YAR042W,YJL098W,0,-0.1933265,0.11532019078731537,0.8941059112548828,0.6866686940193176
YPR199C,YGL192W,0,-0.19351947,0.1153053343296051,0.8941059112548828,0.686768651008606
YOR068C,YPL233W,0,-0.19359133,0.11529047787189484,0.8941059112548828,0.6868686676025391
YOR016C,YBR208C,0,-0.19457524,0.11527562886476517,0.8941059112548828,0.6869686841964722
YIL036W,YHR204W,0,-0.19483623,0.1152607873082161,0.8941059112548828,0.6870687007904053
YCL017C,YGR161W-A,0,-0.1949426,0.11524594575166702,0.8941059112548828,0.6871687173843384
YBR091C,YPR095C,0,-0.19503854,0.11523110419511795,0.8941059112548828,0.6872687339782715
YOR079C,YGL127C,0,-0.19507903,0.11521627008914948,0.8941059112548828,0.6873687505722046
YDR323C,YDR213W,0,-0.19526964,0.1152014434337616,0.8941059112548828,0.6874687671661377
YIL119C,YPR037C,0,-0.19553465,0.11518661677837372,0.8941059112548828,0.6875687837600708
YIL120W,YOR260W,0,-0.19564004,0.11517179012298584,0.8941059112548828,0.6876687407493591
YDR407C,YER060W,0,-0.1958709,0.11515697091817856,0.8941059112548828,0.6877687573432922
YNL145W,YLR007W,0,-0.19587295,0.11514215916395187,0.8941059112548828,0.6878687739372253
YLR006C,YLR075W,0,-0.19588223,0.11512734740972519,0.8941059112548828,0.6879687905311584
YGR059W,YOR367W,1,-0.19591576,0.1152411550283432,0.8951048851013184,0.6879687905311584
YPL248C,YCL039W,0,-0.19661212,0.11522633582353592,0.8951048851013184,0.6880688071250916
YMR041C,YBR016W,0,-0.1973787,0.11521152406930923,0.8951048851013184,0.6881688237190247
YPL049C,YGL219C,0,-0.19743577,0.11519671231508255,0.8951048851013184,0.6882688403129578
YGR224W,YDR179C,0,-0.19777393,0.11518190056085587,0.8951048851013184,0.6883688569068909
YGR161W-A,YJL212C,0,-0.19792196,0.11516709625720978,0.8951048851013184,0.688468873500824
YDR469W,YEL044W,0,-0.19870335,0.11515229195356369,0.8951048851013184,0.6885688304901123
YOR252W,YJL012C,0,-0.19883229,0.1151374951004982,0.8951048851013184,0.6886688470840454
YLL024C,YGR003W,0,-0.19922066,0.1151227056980133,0.8951048851013184,0.6887688636779785
YHR201C,YNL036W,0,-0.19929197,0.11510791629552841,0.8951048851013184,0.6888688802719116
YLR059C,YLR361C,0,-0.19949615,0.11509312689304352,0.8951048851013184,0.6889688968658447
YDR204W,YER060W-A,0,-0.19959787,0.11507834494113922,0.8951048851013184,0.6890689134597778
YDR268W,YGL144C,0,-0.19990753,0.11506357043981552,0.8951048851013184,0.6891689300537109
YDL209C,YER060W,0,-0.19992022,0.11504879593849182,0.8951048851013184,0.689268946647644
YLR083C,YAL011W,0,-0.19997755,0.11503402143716812,0.8951048851013184,0.6893689632415771
YKL045W,YBR003W,0,-0.1999987,0.11501925438642502,0.8951048851013184,0.6894689202308655
YFL025C,YML016C,0,-0.20001966,0.11500449478626251,0.8951048851013184,0.6895689368247986
YFR031C-A,YBR003W,0,-0.20010307,0.1149897351861,0.8951048851013184,0.6896689534187317
YIL138C,YCL012W,1,-0.20010394,0.11510329693555832,0.8961039185523987,0.6896689534187317
YDR009W,YDR023W,0,-0.20030515,0.11508852988481522,0.8961039185523987,0.6897689700126648
YPL116W,YOR034C,0,-0.20086725,0.11507376283407211,0.8961039185523987,0.6898689866065979
YDR111C,YLR382C,0,-0.20122702,0.1150590032339096,0.8961039185523987,0.689969003200531
YLR328W,YOR341W,0,-0.20132238,0.1150442510843277,0.8961039185523987,0.6900690197944641
YMR050C,YPL135W,0,-0.2018669,0.11502949148416519,0.8961039185523987,0.6901690363883972
YDL124W,YCL064C,0,-0.2023582,0.11501474678516388,0.8961039185523987,0.6902690529823303
YOR252W,YNL190W,0,-0.2024766,0.11500000208616257,0.8961039185523987,0.6903690099716187
YNR032C-A,YEL039C,0,-0.20260468,0.11498525738716125,0.8961039185523987,0.6904690265655518
YHR108W,YLR083C,0,-0.20286934,0.11497052013874054,0.8961039185523987,0.6905690431594849
YGL028C,YLR044C,0,-0.20300072,0.11495578289031982,0.8961039185523987,0.690669059753418
YFR050C,YBR146W,0,-0.20304582,0.1149410530924797,0.8961039185523987,0.6907690763473511
YDR372C,YML055W,0,-0.20326316,0.11492633074522018,0.8961039185523987,0.6908690929412842
YGL073W,YIL068C,0,-0.20331092,0.11491160839796066,0.8961039185523987,0.6909691095352173
YOR004W,YNL065W,0,-0.20352328,0.11489688605070114,0.8961039185523987,0.6910691261291504
YDR129C,YER100W,0,-0.20359823,0.11488217115402222,0.8961039185523987,0.6911691427230835
YLR337W,YKL129C,1,-0.20381045,0.11499551683664322,0.8971028923988342,0.6911691427230835
YLR007W,YDR200C,0,-0.20409255,0.1149807944893837,0.8971028923988342,0.6912690997123718
YNL023C,YCL067C,0,-0.20410047,0.11496607214212418,0.8971028923988342,0.6913691163063049
YDR098C-A,YLR143W,0,-0.20442677,0.11495135724544525,0.8971028923988342,0.691469132900238
YNL045W,YMR015C,0,-0.2048814,0.11493664234876633,0.8971028923988342,0.6915691494941711
YNL106C,YCL029C,1,-0.20545284,0.11504991352558136,0.8981019258499146,0.6915691494941711
YLR083C,YGR109W-A,0,-0.2054588,0.11503519117832184,0.8981019258499146,0.6916691660881042
YKR096W,YDR111C,0,-0.2058413,0.11502046883106232,0.8981019258499146,0.6917691826820374
YDR078C,YCR018C,0,-0.20608288,0.11500575393438339,0.8981019258499146,0.6918691992759705
YDR210C-D,YLR324W,0,-0.20619884,0.11499104648828506,0.8981019258499146,0.6919692158699036
YDL189W,YDR309C,0,-0.20620312,0.11497633904218674,0.8981019258499146,0.6920692324638367
YOR249C,YHR079C-B,0,-0.20645955,0.114961639046669,0.8981019258499146,0.692169189453125
YML100W,YLL018C,0,-0.20669654,0.11494693905115128,0.8981019258499146,0.6922692060470581
YLR337W,YCR088W,1,-0.20669742,0.11506008356809616,0.8991008996963501,0.6922692060470581
YJR109C,YDR105C,0,-0.20673308,0.11504537612199783,0.8991008996963501,0.6923692226409912
YKL069W,YNR059W,0,-0.2070207,0.1150306761264801,0.8991008996963501,0.6924692392349243
YDR301W,YBR100W,0,-0.20731881,0.11501597613096237,0.8991008996963501,0.6925692558288574
YLL018C-A,YHR005C,0,-0.20759484,0.11500127613544464,0.8991008996963501,0.6926692724227905
YHR103W,YJR054W,0,-0.20781302,0.11498658359050751,0.8991008996963501,0.6927692890167236
YPR110C,YDR397C,0,-0.20797494,0.11497189849615097,0.8991008996963501,0.6928693056106567
YLR426W,YLR006C,0,-0.20821096,0.11495721340179443,0.8991008996963501,0.6929693222045898
YNL079C,YCL012W,1,-0.20886575,0.11507024616003036,0.9000998735427856,0.6929693222045898
YLR227W-A,YPL097W,0,-0.20897353,0.11505554616451263,0.9000998735427856,0.6930692791938782
YPL141C,YKL132C,0,-0.20979807,0.1150408610701561,0.9000998735427856,0.6931692957878113
YOL121C,YDR105C,0,-0.2100084,0.11502616852521896,0.9000998735427856,0.6932693123817444
YLR333C,YLR017W,0,-0.21002497,0.11501149088144302,0.9000998735427856,0.6933693289756775
YNL103W,YOR267C,0,-0.21065158,0.11499680578708649,0.9000998735427856,0.6934693455696106
YLR045C,YML052W,1,-0.21079986,0.11510974913835526,0.901098906993866,0.6934693455696106
YLL050C,YCL012W,1,-0.21106386,0.11522266268730164,0.9020978808403015,0.6934693455696106
YNL294C,YGR040W,0,-0.21122554,0.1152079626917839,0.9020978808403015,0.6935693621635437
YNL328C,YER031C,0,-0.21144892,0.11519326269626617,0.9020978808403015,0.6936693787574768
YPR106W,YDL087C,0,-0.21145073,0.11517857015132904,0.9020978808403015,0.6937693953514099
YPL116W,YJL045W,0,-0.211635,0.1151638850569725,0.9020978808403015,0.693869411945343
YOR273C,YNL123W,0,-0.21183865,0.11514919996261597,0.9020978808403015,0.6939693689346313
YDR345C,YFR016C,0,-0.21207462,0.11513451486825943,0.9020978808403015,0.6940693855285645
YGL093W,YER060W,0,-0.21208262,0.11511983722448349,0.9020978808403015,0.6941694021224976
YOL126C,YGL016W,0,-0.21216132,0.11510515958070755,0.9020978808403015,0.6942694187164307
YPL203W,YIL043C,0,-0.21223402,0.11509048938751221,0.9020978808403015,0.6943694353103638
YBL038W,YBR248C,0,-0.21230935,0.11507582664489746,0.9020978808403015,0.6944694519042969
YML107C,YLR143W,0,-0.21256351,0.11506116390228271,0.9020978808403015,0.69456946849823
YPR100W,YPL221W,0,-0.21258065,0.11504650115966797,0.9020978808403015,0.6946694850921631
YLR194C,YDR179C,0,-0.2126947,0.11503184586763382,0.9020978808403015,0.6947695016860962
YNL251C,YDR244W,0,-0.21280584,0.11501719802618027,0.9020978808403015,0.6948694586753845
YBL063W,YPL178W,0,-0.21297377,0.11500255018472672,0.9020978808403015,0.6949694752693176
YDL135C,YAL068C,0,-0.21311617,0.11498790234327316,0.9020978808403015,0.6950694918632507
YLR384C,YHL050C,0,-0.21327347,0.11497326195240021,0.9020978808403015,0.6951695084571838
YOL084W,YGL027C,0,-0.21367818,0.11495862156152725,0.9020978808403015,0.6952695250511169
YFR010W,YNL194C,0,-0.2137764,0.1149439886212349,0.9020978808403015,0.69536954164505
YPL043W,YDR268W,0,-0.21384758,0.11492936313152313,0.9020978808403015,0.6954695582389832
YBR091C,YOL042W,0,-0.21391565,0.11491473764181137,0.9020978808403015,0.6955695748329163
YJL012C,YML047C,0,-0.21399611,0.11490011215209961,0.9020978808403015,0.6956695914268494
YBL091C,YMR177W,0,-0.21406282,0.11488549411296844,0.9020978808403015,0.6957695484161377
YJL110C,YER060W-A,0,-0.21412784,0.11487088352441788,0.9020978808403015,0.6958695650100708
YKL006W,YDL211C,0,-0.21426076,0.11485627293586731,0.9020978808403015,0.6959695816040039
YER179W,YER033C,0,-0.21464014,0.11484166234731674,0.9020978808403015,0.696069598197937
YPR100W,YCL039W,0,-0.2147216,0.11482705920934677,0.9020978808403015,0.6961696147918701
YLL026W,YKL138C,0,-0.21510178,0.1148124635219574,0.9020978808403015,0.6962696313858032
YML098W,YPR003C,0,-0.2159124,0.11479786783456802,0.9020978808403015,0.6963696479797363
YER109C,YNL066W,0,-0.2159187,0.11478327214717865,0.9020978808403015,0.6964696645736694
YPR067W,YDR098C-B,0,-0.21594274,0.11476868391036987,0.9020978808403015,0.6965696811676025
YGL181W,YML052W,1,-0.21660729,0.11488118022680283,0.9030969142913818,0.6965696811676025
YDR372C,YHR214W,0,-0.21669382,0.11486658453941345,0.9030969142913818,0.6966696381568909
YLR277C,YJL021C,0,-0.2170984,0.11485198885202408,0.9030969142913818,0.696769654750824
YGR059W,YFL005W,1,-0.21715549,0.11496443301439285,0.9040958881378174,0.696769654750824
YIL144W,YAL026C,0,-0.21737339,0.11494982987642288,0.9040958881378174,0.6968696713447571
YGR103W,YDR098C-B,0,-0.21749206,0.11493522673845291,0.9040958881378174,0.6969696879386902
YDR397C,YPL063W,0,-0.21767968,0.11492063850164413,0.9040958881378174,0.6970697045326233
YCR058C,YBR112C,0,-0.21774833,0.11490604281425476,0.9040958881378174,0.6971697211265564
YHL017W,YML092C,0,-0.21785648,0.11489145457744598,0.9040958881378174,0.6972697377204895
YCR016W,YML047C,0,-0.21798809,0.1148768737912178,0.9040958881378174,0.6973697543144226
YGR078C,YLR451W,0,-0.21806338,0.11486229300498962,0.9040958881378174,0.6974697709083557
YKL063C,YCR063W,0,-0.21822318,0.11484771221876144,0.9040958881378174,0.697569727897644
YLL048C,YOL084W,0,-0.21897599,0.11483314633369446,0.9040958881378174,0.6976697444915771
YBR107C,YNL278W,0,-0.21911561,0.11481857299804688,0.9040958881378174,0.6977697610855103
YDR430C,YBL008W,0,-0.21922873,0.11480400711297989,0.9040958881378174,0.6978697776794434
YPR188C,YOR367W,1,-0.2192874,0.11491628736257553,0.9050949215888977,0.6978697776794434
YOL122C,YLR023C,0,-0.21948558,0.11490171402692795,0.9050949215888977,0.6979697942733765
YHR210C,YGL093W,0,-0.21963358,0.11488714069128036,0.9050949215888977,0.6980698108673096
YDR007W,YGL192W,0,-0.21993244,0.11487257480621338,0.9050949215888977,0.6981698274612427
YNR059W,YHR133C,0,-0.2200142,0.11485800892114639,0.9050949215888977,0.6982698440551758
YDR375C,YOR207C,0,-0.22020899,0.11484345048666,0.9050949215888977,0.6983698606491089
YMR274C,YPR057W,0,-0.2203047,0.11482889950275421,0.9050949215888977,0.6984698176383972
YML133C,YDR464W,0,-0.22030744,0.11481434851884842,0.9050949215888977,0.6985698342323303
YIL022W,YLR315W,0,-0.22068752,0.11479979753494263,0.9050949215888977,0.6986698508262634
YCR058C,YKL138C,0,-0.22086398,0.11478525400161743,0.9050949215888977,0.6987698674201965
YIL036W,YER178W,0,-0.2209003,0.11477071046829224,0.9050949215888977,0.6988698840141296
YOL055C,YHL028W,0,-0.2212307,0.11475617438554764,0.9050949215888977,0.6989699006080627
YJR118C,YKL060C,0,-0.22138008,0.11474163830280304,0.9050949215888977,0.6990699172019958
YIL068C,YNL298W,1,-0.22141324,0.11485373973846436,0.9060938954353333,0.6990699172019958
YPR188C,YNL054W-A,0,-0.2215006,0.11483919620513916,0.9060938954353333,0.699169933795929
YBL056W,YLR055C,0,-0.22159141,0.11482466012239456,0.9060938954353333,0.6992699503898621
YDL240W,YML096W,0,-0.2216824,0.11481012403964996,0.9060938954353333,0.6993699073791504
YCR058C,YGL129C,0,-0.22170243,0.11479559540748596,0.9060938954353333,0.6994699239730835
YGR109W-A,YDR188W,0,-0.22225659,0.11478106677532196,0.9060938954353333,0.6995699405670166
YMR059W,YOR081C,0,-0.2224665,0.11476654559373856,0.9060938954353333,0.6996699571609497
YJL110C,YLR085C,0,-0.22250643,0.11475202441215515,0.9060938954353333,0.6997699737548828
YGR032W,YLR404W,1,-0.22260447,0.11486400663852692,0.9070929288864136,0.6997699737548828
YPL036W,YDL093W,0,-0.22267938,0.11484947800636292,0.9070929288864136,0.6998699903488159
YMR318C,YCR038C,0,-0.22323054,0.11483495682477951,0.9070929288864136,0.699970006942749
YIL022W,YGL087C,0,-0.22356036,0.1148204356431961,0.9070929288864136,0.7000700235366821
YGR193C,YIL018W,0,-0.22356653,0.1148059144616127,0.9070929288864136,0.7001700401306152
YEL006W,YNL130C,0,-0.22364949,0.1147914007306099,0.9070929288864136,0.7002700567245483
YDR165W,YPL178W,0,-0.22407912,0.11477689445018768,0.9070929288864136,0.7003700137138367
YNL123W,YER167W,0,-0.22415355,0.11476238816976547,0.9070929288864136,0.7004700303077698
YAR009C,YKR052C,0,-0.22415633,0.11474788188934326,0.9070929288864136,0.7005700469017029
YLR059C,YGR161C-D,0,-0.22433908,0.11473338305950165,0.9070929288864136,0.700670063495636
YML021C,YMR041C,0,-0.22439504,0.11471889168024063,0.9070929288864136,0.7007700800895691
YOR262W,YDR028C,0,-0.22499466,0.11470439285039902,0.9070929288864136,0.7008700966835022
YHR088W,YCL039W,0,-0.22521068,0.1146899089217186,0.9070929288864136,0.7009701132774353
YAL056W,YBR146W,0,-0.22524625,0.11467542499303818,0.9070929288864136,0.7010701298713684
YIL033C,YKL039W,0,-0.22526914,0.11466094106435776,0.9070929288864136,0.7011701464653015
YGR254W,YPL141C,0,-0.2258655,0.11464646458625793,0.9070929288864136,0.7012701034545898
YML067C,YOR320C,0,-0.22604574,0.11463198810815811,0.9070929288864136,0.701370120048523
YLR413W,YDR257C,0,-0.22622569,0.11461751908063889,0.9070929288864136,0.701470136642456
YHR139C,YBR146W,0,-0.22626495,0.11460305750370026,0.9070929288864136,0.7015701532363892
YJL078C,YPL173W,0,-0.2268144,0.11458858847618103,0.9070929288864136,0.7016701698303223
YDR256C,YBL025W,0,-0.22761527,0.114574134349823,0.9070929288864136,0.7017701864242554
YNL118C,YDR284C,0,-0.22762252,0.11455968022346497,0.9070929288864136,0.7018702030181885
YGL189C,YCR058C,0,-0.2276558,0.11454522609710693,0.9070929288864136,0.7019702196121216
YHR110W,YPL239W,0,-0.2279003,0.1145307794213295,0.9070929288864136,0.7020702362060547
YPL207W,YKL032C,0,-0.22833821,0.11451633274555206,0.9070929288864136,0.702170193195343
YJL186W,YCR021C,0,-0.22872466,0.11450189352035522,0.9070929288864136,0.7022702097892761
YDR110W,YBR301W,0,-0.22877243,0.11448745429515839,0.9070929288864136,0.7023702263832092
YDR246W,YNL111C,0,-0.2289476,0.11447302252054214,0.9070929288864136,0.7024702429771423
YBL007C,YHR020W,0,-0.22924703,0.1144585907459259,0.9070929288864136,0.7025702595710754
YIL013C,YPL036W,0,-0.22958156,0.11444416642189026,0.9070929288864136,0.7026702761650085
YPR133C,YML082W,0,-0.22977558,0.11442974209785461,0.9070929288864136,0.7027702927589417
YLR239C,YER015W,0,-0.22984757,0.11441532522439957,0.9070929288864136,0.7028703093528748
YDR323C,YER023W,0,-0.22993031,0.11440090835094452,0.9070929288864136,0.7029703259468079
YDR468C,YCL064C,0,-0.23075503,0.11438649892807007,0.9070929288864136,0.7030702829360962
YPR158W-B,YBR181C,0,-0.23094758,0.11437208950519562,0.9070929288864136,0.7031702995300293
YHR079C-B,YDL012C,0,-0.23105755,0.11435768008232117,0.9070929288864136,0.7032703161239624
YGL243W,YER032W,0,-0.23148993,0.11434327811002731,0.9070929288864136,0.7033703327178955
YGL116W,YKR072C,0,-0.23157965,0.11432888358831406,0.9070929288864136,0.7034703493118286
YCL064C,YGR260W,0,-0.23166028,0.1143144890666008,0.9070929288864136,0.7035703659057617
YML098W,YHR005C,0,-0.23170564,0.11430010199546814,0.9070929288864136,0.7036703824996948
YOR101W,YNR019W,0,-0.2317706,0.11428571492433548,0.9070929288864136,0.7037703990936279
YLR361C,YDR407C,0,-0.23238395,0.11427132785320282,0.9070929288864136,0.703870415687561
YMR226C,YMR237W,0,-0.23330864,0.11425695568323135,0.9070929288864136,0.7039703726768494
YDL235C,YPL117C,0,-0.23344235,0.11424257606267929,0.9070929288864136,0.7040703892707825
YDR244W,YMR074C,0,-0.23349383,0.11422820389270782,0.9070929288864136,0.7041704058647156
YIL009W,YLR352W,0,-0.23406258,0.11421383917331696,0.9070929288864136,0.7042704224586487
YKL006C-A,YBR248C,0,-0.23425221,0.11419947445392609,0.9070929288864136,0.7043704390525818
YPL179W,YIL062C,0,-0.23464234,0.11418510973453522,0.9070929288864136,0.7044704556465149
YCR058C,YDR080W,0,-0.2349242,0.11417075246572495,0.9070929288864136,0.704570472240448
YGL073W,YPL156C,0,-0.23495278,0.11415640264749527,0.9070929288864136,0.7046704888343811
YNL318C,YHR079C-B,0,-0.23528722,0.114142045378685,0.9070929288864136,0.7047705054283142
YOR136W,YDR397C,0,-0.2353648,0.11412770301103592,0.9070929288864136,0.7048704624176025
YBR091C,YOL078W,0,-0.23591119,0.11411336064338684,0.9070929288864136,0.7049704790115356
YMR286W,YER071C,0,-0.23593652,0.11409901827573776,0.9070929288864136,0.7050704956054688
YNL176C,YNR053C,0,-0.23601371,0.11408468335866928,0.9070929288864136,0.7051705121994019
YBR254C,YBR218C,0,-0.23601821,0.1140703484416008,0.9070929288864136,0.705270528793335
YDR227W,YDR397C,0,-0.23604733,0.11405602097511292,0.9070929288864136,0.7053705453872681
YDR280W,YER129W,0,-0.23703325,0.11404170095920563,0.9070929288864136,0.7054705619812012
YFR024C,YCR088W,1,-0.23705333,0.11415296047925949,0.9080919027328491,0.7054705619812012
YPR128C,YDL093W,0,-0.23732938,0.11413862556219101,0.9080919027328491,0.7055705785751343
YLR023C,YCL064C,0,-0.23748231,0.11412429064512253,0.9080919027328491,0.7056705951690674
YLR258W,YEL027W,0,-0.23812735,0.11410997062921524,0.9080919027328491,0.7057705521583557
YLR194C,YDR464W,0,-0.23827925,0.11409564316272736,0.9080919027328491,0.7058705687522888
YPL210C,YNL180C,0,-0.23839338,0.11408132314682007,0.9080919027328491,0.7059705853462219
YGR254W,YLR435W,0,-0.23856501,0.11406701058149338,0.9080919027328491,0.706070601940155
YBR054W,YDR365W-A,0,-0.23865397,0.11405269801616669,0.9080919027328491,0.7061706185340881
YGR103W,YHR154W,0,-0.23868817,0.11403838545084,0.9080919027328491,0.7062706351280212
YDR087C,YGL049C,0,-0.2389056,0.1140240877866745,0.9080919027328491,0.7063706517219543
YOR207C,YGL144C,0,-0.23937382,0.1140097826719284,0.9080919027328491,0.7064706683158875
YEL018W,YPL145C,0,-0.2394521,0.11399548500776291,0.9080919027328491,0.7065706849098206
YLR426W,YOR272W,0,-0.23948854,0.11398119479417801,0.9080919027328491,0.7066706418991089
YGL126W,YPL248C,0,-0.24006131,0.11396689713001251,0.9080919027328491,0.706770658493042
YGR254W,YOR266W,0,-0.24058074,0.11395261436700821,0.9080919027328491,0.7068706750869751
YIL008W,YPL235W,0,-0.24084811,0.1139383316040039,0.9080919027328491,0.7069706916809082
YLR190W,YCR063W,0,-0.24122056,0.1139240488409996,0.9080919027328491,0.7070707082748413
YML081W,YNL240C,0,-0.24129078,0.1139097735285759,0.9080919027328491,0.7071707248687744
YDR004W,YPR106W,0,-0.24130091,0.11389549821615219,0.9080919027328491,0.7072707414627075
YER109C,YDR397C,0,-0.24156184,0.11388123035430908,0.9080919027328491,0.7073707580566406
YLR044C,YDR023W,0,-0.24160032,0.11386696994304657,0.9080919027328491,0.7074707746505737
YCR058C,YPL117C,0,-0.24162008,0.11385270208120346,0.9080919027328491,0.7075707316398621
YPR017C,YPR174C,0,-0.24206792,0.11383844912052155,0.9080919027328491,0.7076707482337952
YER100W,YOL144W,0,-0.24239478,0.11382418870925903,0.9080919027328491,0.7077707648277283
YLL067C,YDR135C,0,-0.24253228,0.11380994319915771,0.9080919027328491,0.7078707814216614
YNL079C,YHR149C,1,-0.2428025,0.11392088234424591,0.9090909361839294,0.7078707814216614
YNL103W,YPL001W,0,-0.24286424,0.1139066219329834,0.9090909361839294,0.7079707980155945
YLR052W,YKL132C,0,-0.2431148,0.11389236897230148,0.9090909361839294,0.7080708146095276
YNL056W,YML081W,0,-0.24326092,0.11387811601161957,0.9090909361839294,0.7081708312034607
YKL048C,YDL102W,0,-0.2434085,0.11386386305093765,0.9090909361839294,0.7082708477973938
YER060W-A,YLR466W,0,-0.24353004,0.11384961754083633,0.9090909361839294,0.7083708643913269
YJL012C,YPL203W,0,-0.24367258,0.11383537948131561,0.9090909361839294,0.7084708213806152
YDR204W,YOL061W,0,-0.24373752,0.11382114142179489,0.9090909361839294,0.7085708379745483
YPR128C,YMR131C,0,-0.24387598,0.11380690336227417,0.9090909361839294,0.7086708545684814
YNR059W,YDR257C,0,-0.24405709,0.11379267275333405,0.9090909361839294,0.7087708711624146
YKR100C,YHR106W,0,-0.24436472,0.11377844214439392,0.9090909361839294,0.7088708877563477
YGR266W,YLR328W,0,-0.24459581,0.1137642189860344,0.9090909361839294,0.7089709043502808
YPL234C,YDL105W,0,-0.24460423,0.11375000327825546,0.9090909361839294,0.7090709209442139
YJR109C,YMR149W,0,-0.2450808,0.11373578011989594,0.9090909361839294,0.709170937538147
YFR024C,YNL194C,1,-0.24590933,0.1138465404510498,0.910089910030365,0.709170937538147
YIL154C,YPL018W,0,-0.24607186,0.11383230984210968,0.910089910030365,0.7092709541320801
YOR264W,YMR001C,0,-0.24667701,0.11381809413433075,0.910089910030365,0.7093709111213684
YNL286W,YGL078C,0,-0.24688599,0.11380387097597122,0.910089910030365,0.7094709277153015
YPL130W,YOL103W-A,0,-0.2469203,0.11378965526819229,0.910089910030365,0.7095709443092346
YLR083C,YDR365C,0,-0.24698387,0.11377544701099396,0.910089910030365,0.7096709609031677
YNL214W,YPL178W,0,-0.24761106,0.11376123875379562,0.910089910030365,0.7097709774971008
YDR482C,YDL134C,0,-0.24765807,0.11374703794717789,0.910089910030365,0.7098709940910339
YHR148W,YNR055C,0,-0.24801353,0.11373283714056015,0.910089910030365,0.709971010684967
YGR080W,YDL102W,0,-0.24825127,0.11371863633394241,0.910089910030365,0.7100710272789001
YOL032W,YBR301W,0,-0.24835826,0.11370444297790527,0.910089910030365,0.7101710438728333
YLR367W,YNL054W-A,0,-0.24845842,0.11369024962186813,0.910089910030365,0.7102710008621216
YGL085W,YOR341W,0,-0.24857046,0.11367606371641159,0.910089910030365,0.7103710174560547
YDR292C,YMR091C,0,-0.24885327,0.11366188526153564,0.910089910030365,0.7104710340499878
YHR139C,YMR091C,0,-0.24891345,0.1136477068066597,0.910089910030365,0.7105710506439209
YFL025C,YHR148W,0,-0.24915525,0.11363352835178375,0.910089910030365,0.710671067237854
YJR035W,YDR234W,0,-0.24942711,0.1136193573474884,0.910089910030365,0.7107710838317871
YJL094C,YNL068C,0,-0.24987653,0.11360518634319305,0.910089910030365,0.7108711004257202
YKR077W,YNL036W,0,-0.25025558,0.1135910227894783,0.910089910030365,0.7109711170196533
YPL004C,YNR055C,0,-0.25073674,0.11357685923576355,0.910089910030365,0.7110711336135864
YLL016W,YCR024C,0,-0.25076437,0.1135627031326294,0.910089910030365,0.7111710906028748
YDR148C,YCL001W,0,-0.2512875,0.11354854702949524,0.910089910030365,0.7112711071968079
YOL098C,YCL054W,0,-0.25166827,0.11353439837694168,0.910089910030365,0.711371123790741
YNL145W,YJR150C,0,-0.25213188,0.11352024972438812,0.910089910030365,0.7114711403846741
YNL318C,YKR034W,0,-0.25285104,0.11350610852241516,0.910089910030365,0.7115711569786072
YGL139W,YPR141C,0,-0.25292203,0.1134919673204422,0.910089910030365,0.7116711735725403
YDR201W,YKR075C,0,-0.25296515,0.11347782611846924,0.910089910030365,0.7117711901664734
YPL207W,YNL055C,0,-0.25305432,0.11346369236707687,0.910089910030365,0.7118712067604065
YGR080W,YDL222C,1,-0.25316963,0.11357409507036209,0.9110888838768005,0.7118712067604065
YOR065W,YPL049C,0,-0.25357476,0.11355995386838913,0.9110888838768005,0.7119712233543396
YGR235C,YDR361C,0,-0.2537335,0.11354582011699677,0.9110888838768005,0.7120711803436279
YPR161C,YPL198W,0,-0.25389263,0.1135316789150238,0.9110888838768005,0.712171196937561
YDR098C-B,YMR183C,0,-0.25390765,0.11351755261421204,0.9110888838768005,0.7122712135314941
YGL181W,YLR342W,1,-0.25429514,0.11362788081169128,0.9120879173278809,0.7122712135314941
YJL026W,YIL009W,0,-0.25494006,0.11361373960971832,0.9120879173278809,0.7123712301254272
YBR153W,YIL147C,0,-0.25501317,0.11359959840774536,0.9120879173278809,0.7124712467193604
YKR085C,YDR165W,0,-0.25501585,0.1135854721069336,0.9120879173278809,0.7125712633132935
YHR185C,YNL233W,0,-0.25512174,0.11357133835554123,0.9120879173278809,0.7126712799072266
YIL009W,YOR113W,0,-0.25522712,0.11355721205472946,0.9120879173278809,0.7127712965011597
YOR027W,YBR015C,0,-0.25536504,0.11354309320449829,0.9120879173278809,0.7128713130950928
YKL014C,YDL175C,0,-0.25584897,0.11352897435426712,0.9120879173278809,0.7129712700843811
YOR319W,YDR300C,0,-0.25584975,0.11351485550403595,0.9120879173278809,0.7130712866783142
YJR109C,YNR071C,0,-0.2561126,0.11350074410438538,0.9120879173278809,0.7131713032722473
YJR108W,YCR106W,0,-0.25659603,0.1134866401553154,0.9120879173278809,0.7132713198661804
YJL183W,YHR120W,0,-0.2566585,0.11347253620624542,0.9120879173278809,0.7133713364601135
YDR434W,YLR093C,0,-0.25676367,0.11345843225717545,0.9120879173278809,0.7134713530540466
YDR098C-A,YOR320C,0,-0.25703818,0.11344433575868607,0.9120879173278809,0.7135713696479797
YCL001W,YJL083W,0,-0.25709775,0.11343023926019669,0.9120879173278809,0.7136713862419128
YAR009C,YLR143W,0,-0.25723055,0.1134161502122879,0.9120879173278809,0.713771402835846
YOR129C,YOR271C,0,-0.25737068,0.11340206116437912,0.9120879173278809,0.7138713598251343
YBR114W,YOR119C,0,-0.2576957,0.11338797956705093,0.9120879173278809,0.7139713764190674
YGR161W-A,YLL067C,0,-0.25775316,0.11337389796972275,0.9120879173278809,0.7140713930130005
YDR441C,YJR027W,0,-0.25782216,0.11335982382297516,0.9120879173278809,0.7141714096069336
YNL328C,YDR412W,0,-0.2578855,0.11334574967622757,0.9120879173278809,0.7142714262008667
YGR217W,YJL083W,0,-0.25931767,0.11333167552947998,0.9120879173278809,0.7143714427947998
YNL263C,YPL004C,0,-0.2594024,0.11331760883331299,0.9120879173278809,0.7144714593887329
YKL141W,YJL167W,0,-0.259528,0.11330354958772659,0.9120879173278809,0.714571475982666
YLR011W,YJL069C,0,-0.26030338,0.1132894903421402,0.9120879173278809,0.7146714925765991
YML045W,YDL145C,0,-0.26040775,0.1132754310965538,0.9120879173278809,0.7147714495658875
YOR009W,YDL102W,0,-0.26046526,0.113261379301548,0.9120879173278809,0.7148714661598206
YDR210C-D,YHR020W,0,-0.26051474,0.1132473349571228,0.9120879173278809,0.7149714827537537
YMR081C,YBL038W,0,-0.26077396,0.1132332906126976,0.9120879173278809,0.7150714993476868
YPL105C,YKR075C,0,-0.2612026,0.1132192462682724,0.9120879173278809,0.7151715159416199
YBR189W,YBL100W-B,0,-0.26147985,0.1132052093744278,0.9120879173278809,0.715271532535553
YPL248C,YLL053C,0,-0.26153767,0.11319117248058319,0.9120879173278809,0.7153715491294861
YDR350C,YGR266W,0,-0.2615486,0.11317714303731918,0.9120879173278809,0.7154715657234192
YBL008W,YBR188C,0,-0.26158345,0.11316311359405518,0.9120879173278809,0.7155715823173523
YLR166C,YLL050C,1,-0.26172784,0.1132730171084404,0.9130868911743164,0.7155715823173523
YER041W,YBL005W,0,-0.262249,0.1132589802145958,0.9130868911743164,0.7156715393066406
YDL145C,YOR271C,0,-0.26235288,0.11324495077133179,0.9130868911743164,0.7157715559005737
YML011C,YNL036W,0,-0.26247352,0.11323092132806778,0.9130868911743164,0.7158715724945068
YDR100W,YGL027C,0,-0.26248002,0.11321689933538437,0.9130868911743164,0.7159715890884399
YDR268W,YOR086C,0,-0.2632473,0.11320286989212036,0.9130868911743164,0.716071605682373
YBR279W,YKR099W,0,-0.26337066,0.11318885535001755,0.9130868911743164,0.7161716222763062
YHR154W,YDR021W,0,-0.26340804,0.11317484080791473,0.9130868911743164,0.7162716388702393
YIL022W,YOR002W,0,-0.26352257,0.11316082626581192,0.9130868911743164,0.7163716554641724
YOR008C,YLR337W,1,-0.26377848,0.11327061057090759,0.9140859246253967,0.7163716554641724
YOR341W,YGR161C-D,0,-0.2641065,0.11325658857822418,0.9140859246253967,0.7164716720581055
YNL025C,YJL094C,0,-0.2641538,0.11324257403612137,0.9140859246253967,0.7165716290473938
YIR026C,YIL123W,0,-0.26443872,0.11322855949401855,0.9140859246253967,0.7166716456413269
YDL081C,YML086C,0,-0.26458988,0.11321455240249634,0.9140859246253967,0.71677166223526
YJR046W,YKR088C,0,-0.2648329,0.11320054531097412,0.9140859246253967,0.7168716788291931
YNL328C,YCR038C,0,-0.264928,0.1131865382194519,0.9140859246253967,0.7169716954231262
YLR102C,YCL001W,0,-0.26513574,0.11317253857851028,0.9140859246253967,0.7170717120170593
YPL262W,YMR118C,0,-0.26526484,0.11315854638814926,0.9140859246253967,0.7171717286109924
YPL100W,YBR295W,0,-0.265624,0.11314455419778824,0.9140859246253967,0.7172717452049255
YLR150W,YGR260W,0,-0.2662179,0.11313056200742722,0.9140859246253967,0.7173717617988586
YMR262W,YLR092W,0,-0.2663805,0.11311657726764679,0.9140859246253967,0.717471718788147
YPL141C,YPL168W,0,-0.26639506,0.11310259252786636,0.9140859246253967,0.7175717353820801
YNL318C,YGL231C,0,-0.26645157,0.11308861523866653,0.9140859246253967,0.7176717519760132
YDL247W,YDR365W-A,0,-0.26652923,0.1130746379494667,0.9140859246253967,0.7177717685699463
YOR241W,YMR177W,0,-0.26670915,0.11306066811084747,0.9140859246253967,0.7178717851638794
YHR158C,YPL179W,0,-0.2672194,0.11304669827222824,0.9140859246253967,0.7179718017578125
YPR003C,YGR170W,0,-0.2673465,0.1130327358841896,0.9140859246253967,0.7180718183517456
YML059C,YNR024W,0,-0.26746365,0.11301877349615097,0.9140859246253967,0.7181718349456787
YDL189W,YCL012W,0,-0.2676212,0.11300481855869293,0.9140859246253967,0.7182718515396118
YGR161W-A,YOR156C,0,-0.26779947,0.1129908636212349,0.9140859246253967,0.7183718085289001
YHR009C,YHR190W,0,-0.2678493,0.11297690868377686,0.9140859246253967,0.7184718251228333
YJL021C,YNL094W,1,-0.2681556,0.11308641731739044,0.9150848984718323,0.7184718251228333
YLR227W-A,YDL211C,0,-0.26835334,0.1130724623799324,0.9150848984718323,0.7185718417167664
YDR091C,YGL078C,0,-0.26871896,0.11305850744247437,0.9150848984718323,0.7186718583106995
YGR060W,YLR220W,0,-0.2687688,0.11304455250501633,0.9150848984718323,0.7187718749046326
YHR024C,YLR150W,0,-0.2688603,0.11303060501813889,0.9150848984718323,0.7188718914985657
YNL221C,YHR139C,0,-0.26900727,0.11301665753126144,0.9150848984718323,0.7189719080924988
YIL053W,YNL246W,0,-0.2690998,0.1130027174949646,0.9150848984718323,0.7190719246864319
YJL054W,YBL038W,0,-0.2693259,0.11298877745866776,0.9150848984718323,0.719171941280365
YHR113W,YMR156C,0,-0.26937717,0.11297483742237091,0.9150848984718323,0.7192718982696533
YML107C,YDR129C,0,-0.27017546,0.11296090483665466,0.9150848984718323,0.7193719148635864
YLR337W,YDR388W,1,-0.27024055,0.1130702868103981,0.9160839319229126,0.7193719148635864
YMR243C,YOR068C,0,-0.27026284,0.11305634677410126,0.9160839319229126,0.7194719314575195
YOR262W,YDR399W,0,-0.27076423,0.11304240673780441,0.9160839319229126,0.7195719480514526
YHR146W,YDL135C,0,-0.27108848,0.11302847415208817,0.9160839319229126,0.7196719646453857
YGR007W,YPL176C,0,-0.27135164,0.11301454156637192,0.9160839319229126,0.7197719812393188
YNL145W,YGR296W,0,-0.2716717,0.11300061643123627,0.9160839319229126,0.719871997833252
YGR204W,YDL046W,0,-0.2721854,0.11298669129610062,0.9160839319229126,0.7199720144271851
YLR426W,YDR021W,0,-0.27258933,0.11297277361154556,0.9160839319229126,0.7200720310211182
YIL147C,YLR352W,0,-0.27267197,0.11295885592699051,0.9160839319229126,0.7201719880104065
YKR075C,YJR084W,0,-0.2727666,0.11294494569301605,0.9160839319229126,0.7202720046043396
YOR019W,YLL067C,0,-0.27283323,0.1129310354590416,0.9160839319229126,0.7203720211982727
YAL056W,YKL005C,0,-0.27293462,0.11291712522506714,0.9160839319229126,0.7204720377922058
YGR178C,YNL142W,0,-0.2730497,0.11290322244167328,0.9160839319229126,0.7205720543861389
YER031C,YNL029C,0,-0.27342162,0.11288932710886002,0.9160839319229126,0.720672070980072
YJR073C,YOR247W,0,-0.27361852,0.11287543177604675,0.9160839319229126,0.7207720875740051
YKL129C,YJL021C,1,-0.27383706,0.11298461258411407,0.9170829057693481,0.7207720875740051
YLR360W,YKL196C,0,-0.27387068,0.11297070980072021,0.9170829057693481,0.7208721041679382
YLR429W,YLR337W,1,-0.27432704,0.11307986080646515,0.9180819392204285,0.7208721041679382
YNL284C-B,YOR272W,0,-0.27437717,0.1130659431219101,0.9180819392204285,0.7209721207618713
YEL048C,YDR350C,0,-0.27438912,0.11305203288793564,0.9180819392204285,0.7210720777511597
YOL076W,YPL056C,0,-0.2753985,0.11303813010454178,0.9180819392204285,0.7211720943450928
YKR034W,YML076C,0,-0.2756806,0.11302422732114792,0.9180819392204285,0.7212721109390259
YDR201W,YLL016W,0,-0.2761556,0.11301033198833466,0.9180819392204285,0.721372127532959
YOR193W,YHR146W,0,-0.27625546,0.11299643665552139,0.9180819392204285,0.7214721441268921
YLL057C,YBR149W,0,-0.27656174,0.11298254132270813,0.9180819392204285,0.7215721607208252
YLR333C,YBL100W-B,0,-0.2766412,0.11296865344047546,0.9180819392204285,0.7216721773147583
YDL081C,YDR434W,0,-0.276941,0.1129547655582428,0.9180819392204285,0.7217721939086914
YDL081C,YDL139C,0,-0.2772787,0.11294088512659073,0.9180819392204285,0.7218722105026245
YDL160C,YGR170W,0,-0.27766746,0.11292701214551926,0.9180819392204285,0.7219721674919128
YLR194C,YOR048C,0,-0.2781642,0.11291313171386719,0.9180819392204285,0.722072184085846
YEL018W,YMR232W,0,-0.27825767,0.11289926618337631,0.9180819392204285,0.722172200679779
YOR156C,YNR038W,0,-0.27835375,0.11288539320230484,0.9180819392204285,0.7222722172737122
YGR094W,YHR193C,0,-0.27854863,0.11287152767181396,0.9180819392204285,0.7223722338676453
YML076C,YBR301W,0,-0.278593,0.11285766959190369,0.9180819392204285,0.7224722504615784
YHR033W,YGL198W,0,-0.278824,0.11284381151199341,0.9180819392204285,0.7225722670555115
YBR005W,YBL100W-B,0,-0.27939618,0.11282995343208313,0.9180819392204285,0.7226722836494446
YOR090C,YMR059W,0,-0.2796325,0.11281610280275345,0.9180819392204285,0.7227723002433777
YJL012C,YHR020W,0,-0.28023398,0.11280225962400436,0.9180819392204285,0.7228723168373108
YDR316W-B,YLR196W,0,-0.28027055,0.11278841644525528,0.9180819392204285,0.7229722738265991
YER007C-A,YER129W,0,-0.2806028,0.1127745732665062,0.9180819392204285,0.7230722904205322
YHR170W,YLR263W,0,-0.2808832,0.11276073753833771,0.9180819392204285,0.7231723070144653
YOR156C,YIL069C,0,-0.28106466,0.11274690181016922,0.9180819392204285,0.7232723236083984
YKL062W,YDR471W,0,-0.2811802,0.11273307353258133,0.9180819392204285,0.7233723402023315
YNL190W,YFR050C,0,-0.28125405,0.11271924525499344,0.9180819392204285,0.7234723567962646
YJL196C,YBR191W,0,-0.2815116,0.11270541697740555,0.9180819392204285,0.7235723733901978
YER005W,YCR005C,0,-0.2820873,0.11269160360097885,0.9180819392204285,0.7236723899841309
YEL018W,YBR189W,0,-0.28228176,0.11267778277397156,0.9180819392204285,0.723772406578064
YDR441C,YOR048C,0,-0.28234357,0.11266396939754486,0.9180819392204285,0.7238723635673523
YCR016W,YNR030W,0,-0.28265038,0.11265015602111816,0.9180819392204285,0.7239723801612854
YDL124W,YPL221W,0,-0.28275332,0.11263635009527206,0.9180819392204285,0.7240723967552185
YJL059W,YPL224C,0,-0.2829462,0.11262255162000656,0.9180819392204285,0.7241724133491516
YKL016C,YJL001W,0,-0.2830339,0.11260874569416046,0.9180819392204285,0.7242724299430847
YJR042W,YJL167W,0,-0.28311267,0.11259495466947556,0.9180819392204285,0.7243724465370178
YPR003C,YMR050C,0,-0.28376752,0.11258115619421005,0.9180819392204285,0.7244724631309509
YOL069W,YOR236W,0,-0.28392488,0.11256737262010574,0.9180819392204285,0.724572479724884
YBR295W,YEL027W,0,-0.28397173,0.11255358159542084,0.9180819392204285,0.7246724963188171
YER014W,YNL240C,0,-0.2841743,0.11253979802131653,0.9180819392204285,0.7247724533081055
YBL061C,YJL021C,1,-0.28420216,0.11264846473932266,0.919080913066864,0.7247724533081055
YBR162W-A,YIL008W,0,-0.28431207,0.11263467371463776,0.919080913066864,0.7248724699020386
YDL072C,YNL240C,0,-0.28443238,0.11262088268995285,0.919080913066864,0.7249724864959717
YHR122W,YKR007W,0,-0.28462446,0.11260709911584854,0.919080913066864,0.7250725030899048
YBL035C,YKL132C,0,-0.28474483,0.11259331554174423,0.919080913066864,0.7251725196838379
YDR108W,YNL240C,0,-0.28487214,0.11257953941822052,0.919080913066864,0.725272536277771
YNR071C,YMR237W,0,-0.28494638,0.11256576329469681,0.919080913066864,0.7253725528717041
YEL048C,YNL048W,0,-0.28577137,0.11255199462175369,0.919080913066864,0.7254725694656372
YPR148C,YIR026C,0,-0.28597295,0.11253822594881058,0.919080913066864,0.7255725860595703
YNL054W-A,YLR466W,0,-0.28634962,0.11252446472644806,0.919080913066864,0.7256725430488586
YGR181W,YJR096W,0,-0.28672624,0.11251070350408554,0.919080913066864,0.7257725596427917
YIL075C,YDR200C,0,-0.28723532,0.11249694228172302,0.919080913066864,0.7258725762367249
YLR315W,YJL180C,0,-0.2872801,0.1124831885099411,0.919080913066864,0.725972592830658
YML021C,YKL194C,0,-0.28733766,0.11246943473815918,0.919080913066864,0.7260726094245911
YDR309C,YGR241C,1,-0.28740433,0.11257792264223099,0.9200799465179443,0.7260726094245911
YGR178C,YBR162C,0,-0.28745717,0.11256416887044907,0.9200799465179443,0.7261726260185242
YCR058C,YLR200W,0,-0.28755644,0.11255040764808655,0.9200799465179443,0.7262726426124573
YDR482C,YPL171C,0,-0.28776437,0.11253665387630463,0.9200799465179443,0.7263726592063904
YIL087C,YMR050C,0,-0.288344,0.1125229075551033,0.9200799465179443,0.7264726758003235
YBR268W,YPL021W,0,-0.28851104,0.11250916123390198,0.9200799465179443,0.7265726327896118
YLR258W,YER108C,0,-0.28886995,0.11249542236328125,0.9200799465179443,0.7266726493835449
YPR128C,YKR072C,0,-0.2891929,0.11248168349266052,0.9200799465179443,0.726772665977478
YDR345C,YOR189W,0,-0.2892802,0.1124679446220398,0.9200799465179443,0.7268726825714111
YJL183W,YOR335C,0,-0.28934377,0.11245421320199966,0.9200799465179443,0.7269726991653442
YDR039C,YCR016W,0,-0.29006693,0.11244048178195953,0.9200799465179443,0.7270727157592773
YJL212C,YDR365W-A,0,-0.2901814,0.1124267578125,0.9200799465179443,0.7271727323532104
YKL033W,YNL023C,0,-0.29023403,0.11241303384304047,0.9200799465179443,0.7272727489471436
YJL021C,YAL015C,0,-0.2906978,0.11239931732416153,0.9200799465179443,0.7273727655410767
YOR018W,YNL278W,0,-0.29129803,0.11238560080528259,0.9200799465179443,0.727472722530365
YML100W,YBR045C,0,-0.29140067,0.11237189173698425,0.9200799465179443,0.7275727391242981
YKL029C,YCL012W,0,-0.29342583,0.11235818266868591,0.9200799465179443,0.7276727557182312
YGL104C,YGL107C,0,-0.2936979,0.11234447360038757,0.9200799465179443,0.7277727723121643
YNL243W,YER149C,1,-0.29460925,0.11245273798704147,0.9210789203643799,0.7277727723121643
YNL284C-B,YLR460C,0,-0.29492056,0.11243902146816254,0.9210789203643799,0.7278727889060974
YDR325W,YPR046W,0,-0.29552114,0.1124253123998642,0.9210789203643799,0.7279728055000305
YJR118C,YIL130W,0,-0.29566285,0.11241160333156586,0.9210789203643799,0.7280728220939636
YIL011W,YER071C,0,-0.29566702,0.11239790171384811,0.9210789203643799,0.7281728386878967
YPR161C,YEL044W,0,-0.2956838,0.11238420009613037,0.9210789203643799,0.7282728552818298
YLR313C,YDR166C,1,-0.2957894,0.1124923825263977,0.9220778942108154,0.7282728552818298
YHR088W,YNL142W,0,-0.29582426,0.11247867345809937,0.9220778942108154,0.7283728122711182
YPL117C,YCL054W,0,-0.2960462,0.11246497184038162,0.9220778942108154,0.7284728288650513
YLR360W,YHL011C,0,-0.29606572,0.11245127022266388,0.9220778942108154,0.7285728454589844
YBR211C,YBR069C,0,-0.29619926,0.11243756860494614,0.9220778942108154,0.7286728620529175
YER056C,YGR080W,0,-0.29624528,0.11242387443780899,0.9220778942108154,0.7287728786468506
YPL198W,YLL014W,0,-0.296433,0.11241018027067184,0.9220778942108154,0.7288728952407837
YIL069C,YHR110W,0,-0.29732305,0.1123964935541153,0.9220778942108154,0.7289729118347168
YDR021W,YCL001W,0,-0.2974514,0.11238280683755875,0.9220778942108154,0.7290729284286499
YLR185W,YPL178W,0,-0.298186,0.1123691275715828,0.9220778942108154,0.729172945022583
YIL062C,YPR086W,0,-0.29887423,0.11235544830560684,0.9220778942108154,0.7292729020118713
YGR082W,YGR055W,0,-0.29946473,0.11234176903963089,0.9220778942108154,0.7293729186058044
YPR180W,YDR045C,0,-0.29952344,0.11232809722423553,0.9220778942108154,0.7294729351997375
YER108C,YLR247C,0,-0.29964152,0.11231443285942078,0.9220778942108154,0.7295729517936707
YPL036W,YKL114C,0,-0.29994088,0.11230076849460602,0.9220778942108154,0.7296729683876038
YEL019C,YLR435W,0,-0.30003613,0.11228710412979126,0.9220778942108154,0.7297729849815369
YDL160C,YFR038W,0,-0.30013478,0.1122734472155571,0.9220778942108154,0.72987300157547
YOL098C,YER102W,0,-0.30151024,0.11225979030132294,0.9220778942108154,0.7299730181694031
YLR319C,YCL014W,1,-0.30157217,0.11236774921417236,0.9230769276618958,0.7299730181694031
YPL242C,YCL029C,1,-0.30169848,0.1124756783246994,0.9240759015083313,0.7299730181694031
YLR337W,YBR130C,1,-0.3017732,0.11258358508348465,0.9250749349594116,0.7299730181694031
YBR193C,YJL208C,0,-0.30194283,0.1125698983669281,0.9250749349594116,0.7300730347633362
YBR054W,YDR430C,0,-0.30209965,0.11255621910095215,0.9250749349594116,0.7301729917526245
YKL006C-A,YKL006W,0,-0.30223334,0.1125425398349762,0.9250749349594116,0.7302730083465576
YIL056W,YMR262W,0,-0.30223536,0.11252886056900024,0.9250749349594116,0.7303730249404907
YFR010W,YPL176C,0,-0.302484,0.11251518875360489,0.9250749349594116,0.7304730415344238
YMR175W,YML016C,0,-0.30256185,0.11250151693820953,0.9250749349594116,0.7305730581283569
YDR004W,YOR272W,0,-0.30281174,0.11248785257339478,0.9250749349594116,0.73067307472229
YGL246C,YNL059C,0,-0.30303657,0.11247418820858002,0.9250749349594116,0.7307730913162231
YBR101C,YGL070C,0,-0.3035869,0.11246053129434586,0.9250749349594116,0.7308731079101562
YGR005C,YEL027W,0,-0.30387247,0.1124468743801117,0.9250749349594116,0.7309731245040894
YJL013C,YOR260W,0,-0.3041144,0.11243321746587753,0.9250749349594116,0.7310730814933777
YMR175W,YMR050C,0,-0.3041263,0.11241956800222397,0.9250749349594116,0.7311730980873108
YNL167C,YIL009W,0,-0.30420518,0.112405925989151,0.9250749349594116,0.7312731146812439
YDR189W,YJR048W,0,-0.30440438,0.11239228397607803,0.9250749349594116,0.731373131275177
YKL039W,YFR030W,0,-0.30461225,0.11237864196300507,0.9250749349594116,0.7314731478691101
YKL062W,YPL115C,0,-0.30554897,0.1123650074005127,0.9250749349594116,0.7315731644630432
YFR047C,YDL209C,0,-0.3059332,0.11235137283802032,0.9250749349594116,0.7316731810569763
YHR154W,YHL026C,0,-0.30645743,0.11233773827552795,0.9250749349594116,0.7317731976509094
YOL122C,YCL051W,0,-0.30682918,0.11232411116361618,0.9250749349594116,0.7318732142448425
YAL056W,YHR157W,0,-0.30685046,0.112310491502285,0.9250749349594116,0.7319731712341309
YDL209C,YKL063C,0,-0.30694374,0.11229687184095383,0.9250749349594116,0.732073187828064
YGR055W,YNL066W,0,-0.30699497,0.11228325217962265,0.9250749349594116,0.7321732044219971
YGL058W,YJL208C,0,-0.30701417,0.11226963996887207,0.9250749349594116,0.7322732210159302
YDL100C,YNR053C,0,-0.30731818,0.11225602775812149,0.9250749349594116,0.7323732376098633
YOL020W,YBR248C,0,-0.3078086,0.11224242299795151,0.9250749349594116,0.7324732542037964
YHR035W,YLR234W,0,-0.3083834,0.11222881823778152,0.9250749349594116,0.7325732707977295
YLR223C,YDR135C,0,-0.30867305,0.11221522092819214,0.9250749349594116,0.7326732873916626
YDR129C,YFR024C,1,-0.30920255,0.11232279241085052,0.9260739088058472,0.7326732873916626
YHR205W,YLR337C,0,-0.30935562,0.11230918020009995,0.9260739088058472,0.7327733039855957
YFR024C,YIL123W,0,-0.3093636,0.11229557543992996,0.9260739088058472,0.732873260974884
YGR024C,YHR194W,0,-0.3094358,0.11228197813034058,0.9260739088058472,0.7329732775688171
YDR397C,YDL211C,0,-0.3095575,0.11226838082075119,0.9260739088058472,0.7330732941627502
YLL024C,YBR101C,0,-0.31021267,0.1122547835111618,0.9260739088058472,0.7331733107566833
YOR087W,YLL006W,0,-0.3105259,0.11224119365215302,0.9260739088058472,0.7332733273506165
YLR284C,YGL196W,0,-0.3106621,0.11222760379314423,0.9260739088058472,0.7333733439445496
YOR132W,YBR089C-A,0,-0.3109451,0.11221402138471603,0.9260739088058472,0.7334733605384827
YPL141C,YHL050C,0,-0.31099916,0.11220043897628784,0.9260739088058472,0.7335733771324158
YMR015C,YMR101C,0,-0.3110195,0.11218685656785965,0.9260739088058472,0.7336733937263489
YPR055W,YJL021C,1,-0.31107858,0.1122942864894867,0.9270729422569275,0.7336733937263489
YNL045W,YDR040C,0,-0.3111479,0.1122807040810585,0.9270729422569275,0.7337733507156372
YBR065C,YEL051W,0,-0.31127316,0.11226712167263031,0.9270729422569275,0.7338733673095703
YML016C,YHR194W,0,-0.3114255,0.11225353926420212,0.9270729422569275,0.7339733839035034
YAL002W,YCL051W,0,-0.3132306,0.11223996430635452,0.9270729422569275,0.7340734004974365
YPR055W,YHR139C,0,-0.31346574,0.11222638934850693,0.9270729422569275,0.7341734170913696
YKL006C-A,YDL209C,0,-0.31368184,0.11221281439065933,0.9270729422569275,0.7342734336853027
YKR064W,YKR099W,0,-0.31384063,0.11219924688339233,0.9270729422569275,0.7343734502792358
YOR329C,YJL021C,1,-0.31473702,0.11230657994747162,0.928071916103363,0.7343734502792358
YOR262W,YNL251C,0,-0.3148251,0.11229300498962402,0.928071916103363,0.734473466873169
YOR002W,YKL005C,0,-0.31499887,0.11227943003177643,0.928071916103363,0.734573483467102
YLL066C,YPL239W,0,-0.3160119,0.11226586252450943,0.928071916103363,0.7346734404563904
YJR042W,YGR296W,0,-0.3160518,0.11225229501724243,0.928071916103363,0.7347734570503235
YDR098C,YJL094C,0,-0.31606972,0.11223873496055603,0.928071916103363,0.7348734736442566
YPL234C,YFR049W,0,-0.3161369,0.11222517490386963,0.928071916103363,0.7349734902381897
YMR226C,YOR079C,0,-0.3164749,0.11221162229776382,0.928071916103363,0.7350735068321228
YLL048C,YDR165W,0,-0.3165889,0.11219806969165802,0.928071916103363,0.7351735234260559
YCR105W,YDL145C,0,-0.31666696,0.11218451708555222,0.928071916103363,0.735273540019989
YPR067W,YEL044W,0,-0.31755027,0.11217097193002701,0.928071916103363,0.7353735566139221
YIL075C,YML076C,0,-0.31857237,0.1121574342250824,0.928071916103363,0.7354735732078552
YNL190W,YBR078W,0,-0.31934404,0.11214388906955719,0.928071916103363,0.7355735301971436
YDR398W,YNL214W,0,-0.31938136,0.11213035881519318,0.928071916103363,0.7356735467910767
YLR185W,YLR044C,0,-0.31960356,0.11211682111024857,0.928071916103363,0.7357735633850098
YPL058C,YNR059W,0,-0.32002118,0.11210329085588455,0.928071916103363,0.7358735799789429
YDR188W,YDL031W,0,-0.32006252,0.11208976805210114,0.928071916103363,0.735973596572876
YBR169C,YNL288W,0,-0.3200696,0.11207624524831772,0.928071916103363,0.7360736131668091
YML023C,YJL069C,0,-0.32049188,0.1120627298951149,0.928071916103363,0.7361736297607422
YEL048C,YLR200W,0,-0.32054797,0.11204920709133148,0.928071916103363,0.7362736463546753
YML098W,YJL196C,0,-0.32055318,0.11203569918870926,0.928071916103363,0.7363736629486084
YPR067W,YCR016W,0,-0.3208524,0.11202218383550644,0.928071916103363,0.7364736199378967
YIL120W,YKR095W,0,-0.32137248,0.11200868338346481,0.928071916103363,0.7365736365318298
YML076C,YDL123W,0,-0.32182682,0.11199517548084259,0.928071916103363,0.7366736531257629
YMR261C,YFR025C,0,-0.32199615,0.11198167502880096,0.928071916103363,0.736773669719696
YDR350C,YGL167C,0,-0.322252,0.11196818202733994,0.928071916103363,0.7368736863136292
YIL167W,YNL063W,0,-0.32258165,0.1119546890258789,0.928071916103363,0.7369737029075623
YOL042W,YDL243C,0,-0.32265604,0.11194119602441788,0.928071916103363,0.7370737195014954
YGL189C,YPL235W,0,-0.32269588,0.11192771047353745,0.928071916103363,0.7371737360954285
YGR283C,YLL006W,0,-0.3228444,0.11191422492265701,0.928071916103363,0.7372737526893616
YIL038C,YMR091C,0,-0.32300496,0.11190074682235718,0.928071916103363,0.7373737096786499
YHR079C-B,YLR115W,0,-0.3230125,0.11188726872205734,0.928071916103363,0.737473726272583
YKL079W,YLR435W,0,-0.32323498,0.1118737980723381,0.928071916103363,0.7375737428665161
YGL027C,YPL233W,0,-0.3236989,0.11186032742261887,0.928071916103363,0.7376737594604492
YDR463W,YPL049C,0,-0.32385114,0.11184685677289963,0.928071916103363,0.7377737760543823
YPL061W,YDR234W,0,-0.32415932,0.11183339357376099,0.928071916103363,0.7378737926483154
YPL001W,YBR131W,0,-0.32437676,0.11181993037462234,0.928071916103363,0.7379738092422485
YNL243W,YPL061W,0,-0.32454583,0.1118064746260643,0.928071916103363,0.7380738258361816
YPR110C,YKR099W,0,-0.32454878,0.11179301887750626,0.928071916103363,0.7381738424301147
YPL224C,YHR170W,0,-0.3245852,0.11177957057952881,0.928071916103363,0.7382737994194031
YDR441C,YNL286W,0,-0.32464316,0.11176612228155136,0.928071916103363,0.7383738160133362
YOR032C,YNR059W,0,-0.32594615,0.11175267398357391,0.928071916103363,0.7384738326072693
YJR046W,YLL053C,0,-0.3269387,0.11173923313617706,0.928071916103363,0.7385738492012024
YNL133C,YMR091C,0,-0.32733184,0.11172579973936081,0.928071916103363,0.7386738657951355
YGL243W,YJR046W,0,-0.32746443,0.11171235889196396,0.928071916103363,0.7387738823890686
YGR205W,YNL294C,0,-0.32776803,0.1116989329457283,0.928071916103363,0.7388738989830017
YDR004W,YJR048W,0,-0.32787806,0.11168549954891205,0.928071916103363,0.7389739155769348
YPL043W,YER060W,0,-0.32826984,0.11167207360267639,0.928071916103363,0.7390739321708679
YHR154W,YGR245C,0,-0.32857972,0.11165865510702133,0.928071916103363,0.7391738891601562
YPL126W,YJL216C,0,-0.32862175,0.11164523661136627,0.928071916103363,0.7392739057540894
YJL020C,YFL039C,1,-0.32879764,0.1117519810795784,0.9290709495544434,0.7392739057540894
YMR275C,YBR060C,0,-0.3292175,0.11173855513334274,0.9290709495544434,0.7393739223480225
YLR055C,YBL014C,0,-0.33012348,0.11172512918710709,0.9290709495544434,0.7394739389419556
YFR024C,YBL005W,0,-0.3303606,0.11171171069145203,0.9290709495544434,0.7395739555358887
YOR049C,YKR079C,0,-0.3304143,0.11169829219579697,0.9290709495544434,0.7396739721298218
YOR264W,YOL076W,0,-0.33076146,0.1116848811507225,0.9290709495544434,0.7397739887237549
YER056C,YOR059C,0,-0.3313828,0.11167147010564804,0.9290709495544434,0.739874005317688
YGR165W,YKL029C,0,-0.33147466,0.11165805906057358,0.9290709495544434,0.7399740219116211
YPR134W,YLR092W,0,-0.33157426,0.11164465546607971,0.9290709495544434,0.7400739789009094
YNR032C-A,YOL121C,0,-0.3315907,0.11163125932216644,0.9290709495544434,0.7401739954948425
YDR398W,YEL032W,0,-0.3317483,0.11161785572767258,0.9290709495544434,0.7402740120887756
YBR005W,YLR143W,0,-0.33192518,0.1116044670343399,0.9290709495544434,0.7403740286827087
YBR114W,YGL198W,0,-0.3322807,0.11159107089042664,0.9290709495544434,0.7404740452766418
YFR024C,YOR260W,0,-0.3324549,0.11157768219709396,0.9290709495544434,0.740574061870575
YJR076C,YML052W,1,-0.33260155,0.11168426275253296,0.9300699234008789,0.740574061870575
YLR345W,YJR123W,0,-0.3329705,0.11167086660861969,0.9300699234008789,0.7406740784645081
YHR161C,YFL039C,1,-0.33312416,0.1117774024605751,0.9310689568519592,0.7406740784645081
YDR300C,YLR092W,0,-0.33318323,0.11176399886608124,0.9310689568519592,0.7407740950584412
YOR109W,YER060W,0,-0.33323878,0.11175060272216797,0.9310689568519592,0.7408741116523743
YJL096W,YGL092W,0,-0.3333552,0.1117371991276741,0.9310689568519592,0.7409740686416626
YBR114W,YPR128C,0,-0.3335616,0.11172381043434143,0.9310689568519592,0.7410740852355957
YJL098W,YGL231C,0,-0.3337986,0.11171041429042816,0.9310689568519592,0.7411741018295288
YPR158W-B,YKL077W,0,-0.33402836,0.11169702559709549,0.9310689568519592,0.7412741184234619
YPR034W,YBL025W,0,-0.3340773,0.11168364435434341,0.9310689568519592,0.741374135017395
YEL048C,YIL123W,0,-0.3340882,0.11167026311159134,0.9310689568519592,0.7414741516113281
YAL007C,YKR052C,0,-0.3342741,0.11165688186883926,0.9310689568519592,0.7415741682052612
YLL018C-A,YMR091C,0,-0.33429042,0.11164350807666779,0.9310689568519592,0.7416741847991943
YJL020C,YDL222C,1,-0.3347936,0.11174990981817245,0.9320679306983948,0.7416741847991943
YFR024C,YJL020C,1,-0.33488414,0.11185628920793533,0.9330669045448303,0.7416741847991943
YHR169W,YBR005W,0,-0.33499765,0.11184289306402206,0.9330669045448303,0.7417742013931274
YHR146W,YGR080W,0,-0.33500224,0.11182950437068939,0.9330669045448303,0.7418741583824158
YER038C,YDR025W,0,-0.33503115,0.11181611567735672,0.9330669045448303,0.7419741749763489
YFR024C,YKL129C,1,-0.33507562,0.11192243546247482,0.9340659379959106,0.7419741749763489
YLR131C,YIL014W,0,-0.33519366,0.11190903931856155,0.9340659379959106,0.742074191570282
YNL132W,YBR060C,0,-0.33532643,0.11189564317464828,0.9340659379959106,0.7421742081642151
YDR256C,YPL207W,0,-0.33653116,0.11188225448131561,0.9340659379959106,0.7422742247581482
YFL011W,YBR003W,0,-0.33730483,0.11186886578798294,0.9340659379959106,0.7423742413520813
YDR160W,YER127W,0,-0.33742285,0.11185548454523087,0.9340659379959106,0.7424742579460144
YPL215W,YER129W,0,-0.33780572,0.11184210330247879,0.9340659379959106,0.7425742745399475
YDL189W,YOL029C,0,-0.3387466,0.11182872951030731,0.9340659379959106,0.7426742911338806
YPL140C,YPR169W,0,-0.33890155,0.11181535571813583,0.9340659379959106,0.742774248123169
YBR180W,YDL031W,0,-0.33892584,0.11180198192596436,0.9340659379959106,0.742874264717102
YBR054W,YBR003W,0,-0.33894318,0.11178861558437347,0.9340659379959106,0.7429742813110352
YGL005C,YKL134C,0,-0.33989948,0.11177525669336319,0.9340659379959106,0.7430742979049683
YGL076C,YER038C,0,-0.34022206,0.11176189035177231,0.9340659379959106,0.7431743144989014
YGL246C,YPL137C,0,-0.34040806,0.11174853891134262,0.9340659379959106,0.7432743310928345
YNL251C,YGL151W,0,-0.34049988,0.11173518002033234,0.9340659379959106,0.7433743476867676
YEL048C,YOR109W,0,-0.34120792,0.11172182857990265,0.9340659379959106,0.7434743642807007
YBL080C,YIL087C,0,-0.34139478,0.11170848459005356,0.9340659379959106,0.7435743808746338
YDR513W,YPR106W,0,-0.34174615,0.11169514060020447,0.9340659379959106,0.7436743378639221
YLR345W,YJL026W,0,-0.3425182,0.11168179661035538,0.9340659379959106,0.7437743544578552
YIL056W,YIL120W,0,-0.34269118,0.11166846007108688,0.9340659379959106,0.7438743710517883
YDR435C,YDL243C,0,-0.3427139,0.11165512353181839,0.9340659379959106,0.7439743876457214
YFL005W,YDR005C,0,-0.34279558,0.1116417944431305,0.9340659379959106,0.7440744042396545
YDR092W,YDR078C,0,-0.3429377,0.1116284653544426,0.9340659379959106,0.7441744208335876
YHR205W,YPR055W,0,-0.34342855,0.1116151362657547,0.9340659379959106,0.7442744374275208
YJR052W,YGR211W,0,-0.34343714,0.1116018146276474,0.9340659379959106,0.7443744540214539
YCR107W,YEL044W,0,-0.3434671,0.1115884929895401,0.9340659379959106,0.744474470615387
YNL194C,YNL247W,0,-0.34368327,0.1115751788020134,0.9340659379959106,0.7445744872093201
YAL011W,YLR150W,0,-0.3438045,0.1115618646144867,0.9340659379959106,0.7446744441986084
YLR102C,YNL066W,0,-0.3442013,0.11154855787754059,0.9340659379959106,0.7447744607925415
YML045W,YHR154W,0,-0.344275,0.11153525114059448,0.9340659379959106,0.7448744773864746
YGR217W,YOR086C,0,-0.34433097,0.11152194440364838,0.9340659379959106,0.7449744939804077
YOL011W,YAL051W,0,-0.34436685,0.11150864511728287,0.9340659379959106,0.7450745105743408
YBR181C,YLR068W,0,-0.34484226,0.11149534583091736,0.9340659379959106,0.7451745271682739
YMR275C,YNL251C,0,-0.3449387,0.11148205399513245,0.9340659379959106,0.745274543762207
YLR404W,YDL204W,1,-0.34578517,0.11158798635005951,0.9350649118423462,0.745274543762207
YMR055C,YDR365W-A,0,-0.34579685,0.1115746796131134,0.9350649118423462,0.7453745603561401
YCR018C,YNL247W,0,-0.3458496,0.1115613803267479,0.9350649118423462,0.7454745769500732
YCR105W,YLR248W,0,-0.34604502,0.11154808849096298,0.9350649118423462,0.7455745339393616
YBR233W-A,YLL053C,0,-0.3461361,0.11153479665517807,0.9350649118423462,0.7456745505332947
YDR256C,YMR274C,0,-0.34614092,0.11152150481939316,0.9350649118423462,0.7457745671272278
YLR004C,YPR143W,0,-0.3464895,0.11150822043418884,0.9350649118423462,0.7458745837211609
YGR003W,YHR193C,0,-0.346897,0.11149493604898453,0.9350649118423462,0.745974600315094
YDR111C,YHR079C-B,0,-0.34708136,0.11148165911436081,0.9350649118423462,0.7460746169090271
YJL020C,YDR233C,1,-0.34711665,0.11158747225999832,0.9360639452934265,0.7460746169090271
YLR337W,YPR055W,1,-0.34719604,0.11169326305389404,0.9370629191398621,0.7460746169090271
YFR024C,YHR214W,0,-0.34724212,0.11167996376752853,0.9370629191398621,0.7461746335029602
YJL054W,YHR020W,0,-0.34735024,0.11166666448116302,0.9370629191398621,0.7462746500968933
YHR197W,YBR212W,0,-0.34753314,0.11165337264537811,0.9370629191398621,0.7463746666908264
YGL192W,YOL052C-A,0,-0.3476141,0.1116400882601738,0.9370629191398621,0.7464746236801147
YFR014C,YGR057C,0,-0.3479984,0.11162679642438889,0.9370629191398621,0.7465746402740479
YHR146W,YNR024W,0,-0.34896567,0.11161351948976517,0.9370629191398621,0.746674656867981
YBR086C,YDR040C,0,-0.34934214,0.11160023510456085,0.9370629191398621,0.7467746734619141
YOL055C,YDR165W,0,-0.3494527,0.11158695816993713,0.9370629191398621,0.7468746900558472
YLR185W,YAL048C,0,-0.34986603,0.11157368868589401,0.9370629191398621,0.7469747066497803
YFR027W,YNL054W-A,0,-0.3511328,0.11156041920185089,0.9370629191398621,0.7470747232437134
YKL141W,YPL075W,0,-0.35131595,0.11154714971780777,0.9370629191398621,0.7471747398376465
YLR017W,YDL145C,0,-0.351439,0.11153388768434525,0.9370629191398621,0.7472747564315796
YCR105W,YCL001W,0,-0.35219634,0.11152062565088272,0.9370629191398621,0.7473747134208679
YOR207C,YKR034W,0,-0.35256034,0.1115073710680008,0.9370629191398621,0.747474730014801
YHR120W,YER139C,0,-0.35260648,0.11149411648511887,0.9370629191398621,0.7475747466087341
YDR500C,YOR068C,0,-0.35306168,0.11148086190223694,0.9370629191398621,0.7476747632026672
YGR217W,YLR068W,0,-0.35355848,0.11146761476993561,0.9370629191398621,0.7477747797966003
YER127W,YIL123W,0,-0.35371646,0.11145437508821487,0.9370629191398621,0.7478747963905334
YDL081C,YML045W,0,-0.35381794,0.11144112795591354,0.9370629191398621,0.7479748129844666
YHR120W,YGL115W,0,-0.35412878,0.11142789572477341,0.9370629191398621,0.7480748295783997
YNL137C,YMR040W,0,-0.35433722,0.11141465604305267,0.9370629191398621,0.7481748461723328
YGR198W,YLR319C,1,-0.35443652,0.1115201935172081,0.9380619525909424,0.7481748461723328
YNL199C,YDR323C,0,-0.3547684,0.11150694638490677,0.9380619525909424,0.7482748031616211
YMR175W,YIL056W,0,-0.35487604,0.11149370670318604,0.9380619525909424,0.7483748197555542
YLR333C,YOR330C,0,-0.355053,0.1114804670214653,0.9380619525909424,0.7484748363494873
YOR334W,YPL040C,0,-0.3557478,0.11146723479032516,0.9380619525909424,0.7485748529434204
YJL183W,YPR148C,0,-0.3562339,0.11145400255918503,0.9380619525909424,0.7486748695373535
YMR053C,YIL030C,0,-0.35633612,0.11144077777862549,0.9380619525909424,0.7487748861312866
YPR128C,YMR055C,0,-0.35667884,0.11142755299806595,0.9380619525909424,0.7488749027252197
YOR192C,YMR262W,0,-0.35669664,0.111414335668087,0.9380619525909424,0.7489749193191528
YGR244C,YOR078W,0,-0.35669822,0.11140111833810806,0.9380619525909424,0.7490749359130859
YNR032C-A,YDL087C,0,-0.35696712,0.11138790100812912,0.9380619525909424,0.7491748929023743
YLR181C,YDL102W,0,-0.3571315,0.11137469112873077,0.9380619525909424,0.7492749094963074
YDR482C,YKL132C,0,-0.3574546,0.11136148124933243,0.9380619525909424,0.7493749260902405
YGR103W,YDR176W,0,-0.3579915,0.11134827136993408,0.9380619525909424,0.7494749426841736
YBR189W,YDR234W,0,-0.35854477,0.11133506894111633,0.9380619525909424,0.7495749592781067
YIL156W,YFR049W,0,-0.35859615,0.11132187396287918,0.9380619525909424,0.7496749758720398
YHR210C,YDL135C,0,-0.35901174,0.11130867898464203,0.9380619525909424,0.7497749924659729
YLR039C,YNR033W,0,-0.35953316,0.11129548400640488,0.9380619525909424,0.749875009059906
YLR248W,YNL246W,0,-0.35981965,0.11128229647874832,0.9380619525909424,0.7499750256538391
YNL031C,YPR158W-B,0,-0.36022007,0.11126910895109177,0.9380619525909424,0.7500749826431274
YFL025C,YIL018W,0,-0.36044782,0.11125592142343521,0.9380619525909424,0.7501749992370605
YPR143W,YPL018W,0,-0.3605647,0.11124274134635925,0.9380619525909424,0.7502750158309937
YPR037C,YGR120C,0,-0.36076617,0.11122956871986389,0.9380619525909424,0.7503750324249268
YGR059W,YDR510W,1,-0.36101717,0.11133483052253723,0.9390609264373779,0.7503750324249268
YGR217W,YLR143W,0,-0.36154902,0.11132165044546127,0.9390609264373779,0.7504750490188599
YDR190C,YNL240C,0,-0.3616325,0.11130846291780472,0.9390609264373779,0.750575065612793
YMR243C,YGL049C,0,-0.36204618,0.11129529029130936,0.9390609264373779,0.7506750822067261
YGR099W,YGR208W,0,-0.3620572,0.1112821102142334,0.9390609264373779,0.7507750988006592
YPR003C,YDL124W,0,-0.36258864,0.11126893758773804,0.9390609264373779,0.7508751153945923
YGR103W,YGL025C,0,-0.3626435,0.11125577241182327,0.9390609264373779,0.7509750723838806
YBR038W,YER014W,0,-0.3629381,0.11124260723590851,0.9390609264373779,0.7510750889778137
YOL116W,YCL054W,0,-0.3630049,0.11122944205999374,0.9390609264373779,0.7511751055717468
YPL207W,YOR078W,0,-0.36307335,0.11121627688407898,0.9390609264373779,0.7512751221656799
YIL036W,YNL111C,0,-0.3632385,0.11120312660932541,0.9390609264373779,0.751375138759613
YBR003W,YHL025W,0,-0.36352438,0.11118996888399124,0.9390609264373779,0.7514751553535461
YGR078C,YNR071C,0,-0.36431402,0.11117681860923767,0.9390609264373779,0.7515751719474792
YDL105W,YER038C,0,-0.36437142,0.1111636683344841,0.9390609264373779,0.7516751885414124
YGR060W,YLR093C,0,-0.36510044,0.11115052551031113,0.9390609264373779,0.7517752051353455
YMR053C,YGL246C,0,-0.36532593,0.11113738268613815,0.9390609264373779,0.7518751621246338
YDL235C,YLR411W,0,-0.36580038,0.11112424731254578,0.9390609264373779,0.7519751787185669
YDR100W,YNL062C,0,-0.36697933,0.1111111119389534,0.9390609264373779,0.7520751953125
YPL146C,YDR200C,0,-0.36725217,0.11109797656536102,0.9390609264373779,0.7521752119064331
YDL220C,YLR196W,0,-0.36725864,0.11108484864234924,0.9390609264373779,0.7522752285003662
YOR087W,YLR083C,0,-0.36774898,0.11107172071933746,0.9390609264373779,0.7523752450942993
YER028C,YNL240C,0,-0.3679702,0.11105860024690628,0.9390609264373779,0.7524752616882324
YER040W,YLR058C,0,-0.3684406,0.1110454797744751,0.9390609264373779,0.7525752782821655
YJL057C,YHL026C,0,-0.3686533,0.11103236675262451,0.9390609264373779,0.7526752948760986
YNL216W,YNL161W,0,-0.36957747,0.11101925373077393,0.9390609264373779,0.752775251865387
YDL160C,YDL117W,0,-0.3699175,0.11100614070892334,0.9390609264373779,0.7528752684593201
YOL144W,YOR341W,0,-0.3702158,0.11099303513765335,0.9390609264373779,0.7529752850532532
YGL139W,YMR313C,0,-0.3704883,0.11097992956638336,0.9390609264373779,0.7530753016471863
YDR108W,YGR060W,0,-0.371033,0.11096683144569397,0.9390609264373779,0.7531753182411194
YML120C,YML061C,0,-0.37143016,0.11095373332500458,0.9390609264373779,0.7532753348350525
YOL126C,YDR406W,0,-0.3721779,0.11094063520431519,0.9390609264373779,0.7533753514289856
YLR102C,YGR217W,0,-0.37244052,0.11092754453420639,0.9390609264373779,0.7534753680229187
YPL215W,YMR131C,0,-0.3730523,0.1109144538640976,0.9390609264373779,0.7535753846168518
YJR123W,YER081W,0,-0.37441552,0.1109013706445694,0.9390609264373779,0.7536753416061401
YOR363C,YJL127C,0,-0.37480158,0.1108882874250412,0.9390609264373779,0.7537753582000732
YOR002W,YHR088W,0,-0.3750201,0.110875204205513,0.9390609264373779,0.7538753747940063
YER056C,YKL114C,0,-0.37586066,0.1108621284365654,0.9390609264373779,0.7539753913879395
YEL048C,YER060W-A,0,-0.37588906,0.1108490601181984,0.9390609264373779,0.7540754079818726
YFL025C,YPL254W,0,-0.3762703,0.1108359843492508,0.9390609264373779,0.7541754245758057
YGL061C,YPL210C,0,-0.37639877,0.11082291603088379,0.9390609264373779,0.7542754411697388
YGR138C,YLR054C,0,-0.37646455,0.11080985516309738,0.9390609264373779,0.7543754577636719
YNL233W,YOR009W,0,-0.37657797,0.11079679429531097,0.9390609264373779,0.754475474357605
YPR008W,YKR072C,0,-0.37681508,0.11078373342752457,0.9390609264373779,0.7545754313468933
YPR154W,YJR150C,0,-0.37709218,0.11077068001031876,0.9390609264373779,0.7546754479408264
YML133C,YPL179W,0,-0.3777079,0.11075762659311295,0.9390609264373779,0.7547754645347595
YBR233W-A,YIL106W,0,-0.37778735,0.11074458062648773,0.9390609264373779,0.7548754811286926
YOR119C,YML016C,0,-0.37786943,0.11073153465986252,0.9390609264373779,0.7549754977226257
YDR464W,YGR120C,0,-0.3779047,0.1107184886932373,0.9390609264373779,0.7550755143165588
YOR008C,YML052W,1,-0.3780161,0.11082322150468826,0.9400599598884583,0.7550755143165588
YPR003C,YLR061W,0,-0.37806225,0.11081017553806305,0.9400599598884583,0.7551755309104919
YGL087C,YPL135W,0,-0.37834513,0.11079712957143784,0.9400599598884583,0.755275547504425
YPR010C,YKL032C,0,-0.37956783,0.11078408360481262,0.9400599598884583,0.7553755640983582
YML011C,YDR087C,0,-0.37970135,0.110771045088768,0.9400599598884583,0.7554755210876465
YBR153W,YDR039C,0,-0.38032892,0.11075800657272339,0.9400599598884583,0.7555755376815796
YDR212W,YFL011W,0,-0.3805272,0.11074496805667877,0.9400599598884583,0.7556755542755127
YFR016C,YPL156C,0,-0.38053876,0.11073193699121475,0.9400599598884583,0.7557755708694458
YLR220W,YFR034C,0,-0.38078788,0.11071890592575073,0.9400599598884583,0.7558755874633789
YPR003C,YOR341W,0,-0.38140464,0.11070588231086731,0.9400599598884583,0.755975604057312
YLR324W,YML096W,0,-0.38144773,0.11069285869598389,0.9400599598884583,0.7560756206512451
YOR247W,YMR040W,0,-0.38290486,0.11067984253168106,0.9400599598884583,0.7561756372451782
YDR212W,YAL011W,0,-0.38341063,0.11066682636737823,0.9400599598884583,0.7562756538391113
YKR085C,YOR358W,0,-0.3835925,0.11065381020307541,0.9400599598884583,0.7563756108283997
YNL145W,YPL239W,0,-0.38377386,0.11064080148935318,0.9400599598884583,0.7564756274223328
YPR110C,YML092C,0,-0.38383964,0.11062779277563095,0.9400599598884583,0.7565756440162659
YDL018C,YNL246W,0,-0.38415542,0.11061479151248932,0.9400599598884583,0.756675660610199
YBR295W,YER038C,0,-0.38425082,0.11060179024934769,0.9400599598884583,0.7567756772041321
YCR016W,YGR030C,0,-0.38487786,0.11058878898620605,0.9400599598884583,0.7568756937980652
YDR261C,YEL006W,0,-0.3849543,0.11057579517364502,0.9400599598884583,0.7569757103919983
YBL056W,YNL221C,0,-0.3849833,0.11056280136108398,0.9400599598884583,0.7570757269859314
YGL063W,YOR117W,0,-0.38502043,0.11054981499910355,0.9400599598884583,0.7571757435798645
YDR175C,YNL173C,0,-0.38599518,0.11053682863712311,0.9400599598884583,0.7572757005691528
YOR049C,YNL246W,0,-0.3860292,0.11052384227514267,0.9400599598884583,0.7573757171630859
YDR212W,YDR009W,0,-0.38604426,0.11051086336374283,0.9400599598884583,0.757475733757019
YLR185W,YHR202W,0,-0.3867835,0.11049788445234299,0.9400599598884583,0.7575757503509521
YCL016C,YKL060C,0,-0.3869708,0.11048491299152374,0.9400599598884583,0.7576757669448853
YDL072C,YDR343C,0,-0.38697368,0.1104719415307045,0.9400599598884583,0.7577757835388184
YDL175C,YIL030C,0,-0.3871679,0.11045897752046585,0.9400599598884583,0.7578758001327515
YMR149W,YCL067C,0,-0.38719016,0.1104460060596466,0.9400599598884583,0.7579758167266846
YKR096W,YLR055C,0,-0.38738325,0.11043304949998856,0.9400599598884583,0.7580758333206177
YDR009W,YGL096W,0,-0.3874811,0.11042008548974991,0.9400599598884583,0.758175790309906
YMR110C,YBR023C,0,-0.38750064,0.11040713638067245,0.9400599598884583,0.7582758069038391
YJL174W,YIL068C,0,-0.38824415,0.1103941798210144,0.9400599598884583,0.7583758234977722
YLR360W,YGL116W,0,-0.3882968,0.11038123071193695,0.9400599598884583,0.7584758400917053
YPR105C,YLR249W,0,-0.38837522,0.1103682816028595,0.9400599598884583,0.7585758566856384
YJL167W,YDR021W,0,-0.38849556,0.11035533994436264,0.9400599598884583,0.7586758732795715
YOR191W,YBR091C,0,-0.38856092,0.11034239828586578,0.9400599598884583,0.7587758898735046
YNL240C,YLR058C,0,-0.38861477,0.11032946407794952,0.9400599598884583,0.7588759064674377
YJL057C,YGL096W,0,-0.3887034,0.11031652987003326,0.9400599598884583,0.7589759230613708
YGR198W,YOR367W,1,-0.3888104,0.11042081564664841,0.9410589337348938,0.7589759230613708
YLR432W,YPR068C,0,-0.3889719,0.11040787398815155,0.9410589337348938,0.7590758800506592
YBR114W,YPR141C,0,-0.38964376,0.11039493978023529,0.9410589337348938,0.7591758966445923
YJR117W,YGL192W,0,-0.38965273,0.11038199812173843,0.9410589337348938,0.7592759132385254
YOR316C,YDR021W,0,-0.3897284,0.11036907136440277,0.9410589337348938,0.7593759298324585
YFL026W,YGL053W,0,-0.3907851,0.11035613715648651,0.9410589337348938,0.7594759464263916
YIL019W,YCL001W,0,-0.39093634,0.11034321039915085,0.9410589337348938,0.7595759630203247
YML101C,YLR143W,0,-0.3912405,0.11033029109239578,0.9410589337348938,0.7596759796142578
YDL243C,YHR001W-A,0,-0.39129227,0.11031736433506012,0.9410589337348938,0.7597759962081909
YER023W,YGR245C,0,-0.39167398,0.11030445247888565,0.9410589337348938,0.759876012802124
YNL137C,YHR202W,0,-0.39212766,0.11029153317213058,0.9410589337348938,0.7599759697914124
YGL092W,YIL011W,0,-0.392635,0.11027862131595612,0.9410589337348938,0.7600759863853455
YJL212C,YMR131C,0,-0.39282864,0.11026571691036224,0.9410589337348938,0.7601760029792786
YMR274C,YIL130W,0,-0.39311332,0.11025281250476837,0.9410589337348938,0.7602760195732117
YFL026W,YBR212W,0,-0.39410508,0.1102399080991745,0.9410589337348938,0.7603760361671448
YMR195W,YGR040W,0,-0.3941146,0.11022700369358063,0.9410589337348938,0.7604760527610779
YAL056W,YER143W,0,-0.39435405,0.11021410673856735,0.9410589337348938,0.760576069355011
YLR083C,YJL208C,0,-0.3944592,0.11020121723413467,0.9410589337348938,0.7606760859489441
YML011C,YDR127W,0,-0.3946056,0.110188327729702,0.9410589337348938,0.7607761025428772
YGL126W,YBR086C,0,-0.39483064,0.11017543822526932,0.9410589337348938,0.7608760595321655
YIL069C,YNR037C,0,-0.395143,0.11016255617141724,0.9410589337348938,0.7609760761260986
YIL106W,YOR101W,0,-0.39520732,0.11014967411756516,0.9410589337348938,0.7610760927200317
YOL023W,YMR050C,0,-0.3952917,0.11013679206371307,0.9410589337348938,0.7611761093139648
YGR057C,YNL029C,0,-0.39600804,0.11012391746044159,0.9410589337348938,0.761276125907898
YBR069C,YKL054C,0,-0.39636165,0.1101110428571701,0.9410589337348938,0.761376142501831
YIL052C,YEL048C,0,-0.39647064,0.11009817570447922,0.9410589337348938,0.7614761590957642
YEL019C,YDL209C,0,-0.39655936,0.11008530855178833,0.9410589337348938,0.7615761756896973
YBR233W-A,YPL224C,0,-0.3969952,0.11007244884967804,0.9410589337348938,0.7616761922836304
YIL107C,YBL100W-B,0,-0.39742935,0.11005958914756775,0.9410589337348938,0.7617761492729187
YPR114W,YMR275C,0,-0.39752424,0.11004672944545746,0.9410589337348938,0.7618761658668518
YEL039C,YER149C,0,-0.39765346,0.11003387719392776,0.9410589337348938,0.7619761824607849
YOR119C,YDR261C,0,-0.3980732,0.11002102494239807,0.9410589337348938,0.762076199054718
YCL029C,YBL056W,0,-0.39900592,0.11000817269086838,0.9410589337348938,0.7621762156486511
YMR053C,YHR138C,0,-0.39903206,0.10999532788991928,0.9410589337348938,0.7622762322425842
YBL100W-B,YLR460C,0,-0.39911458,0.10998249053955078,0.9410589337348938,0.7623762488365173
YIL106W,YDR111C,0,-0.3994836,0.10996964573860168,0.9410589337348938,0.7624762654304504
YLR347C,YPL193W,0,-0.39953816,0.10995680838823318,0.9410589337348938,0.7625762820243835
YGR005C,YGL111W,0,-0.39976135,0.10994397848844528,0.9410589337348938,0.7626762390136719
YIR004W,YDR464W,0,-0.39982975,0.10993114858865738,0.9410589337348938,0.762776255607605
YLR118C,YOR259C,0,-0.39985368,0.10991831868886948,0.9410589337348938,0.7628762722015381
YCR016W,YGR017W,0,-0.39993972,0.10990549623966217,0.9410589337348938,0.7629762887954712
YDR188W,YLR175W,0,-0.3999592,0.10989267379045486,0.9410589337348938,0.7630763053894043
YFL061W,YJR123W,0,-0.4006313,0.10987985879182816,0.9410589337348938,0.7631763219833374
YJL012C,YMR177W,0,-0.4008224,0.10986703634262085,0.9410589337348938,0.7632763385772705
YCR045C,YCR016W,0,-0.401506,0.10985422879457474,0.9410589337348938,0.7633763551712036
YHR103W,YOR359W,0,-0.4015604,0.10984142124652863,0.9410589337348938,0.7634763717651367
YLR429W,YFL005W,1,-0.40221712,0.10994520038366318,0.9420579671859741,0.7634763717651367
YKL129C,YMR040W,0,-0.40237582,0.10993238538503647,0.9420579671859741,0.763576328754425
YJR109C,YDR463W,0,-0.4024913,0.10991957038640976,0.9420579671859741,0.7636763453483582
YKR093W,YGL107C,0,-0.40277827,0.10990676283836365,0.9420579671859741,0.7637763619422913
YML081W,YPL193W,0,-0.4032069,0.10989395529031754,0.9420579671859741,0.7638763785362244
YGL061C,YBR193C,0,-0.4033176,0.10988114774227142,0.9420579671859741,0.7639763951301575
YMR055C,YDR176W,0,-0.4034812,0.10986834764480591,0.9420579671859741,0.7640764117240906
YLL038C,YOR127W,1,-0.40358192,0.1099720373749733,0.9430569410324097,0.7640764117240906
YHR201C,YGR057C,0,-0.40415663,0.10995922982692719,0.9430569410324097,0.7641764283180237
YDR023W,YNL130C,0,-0.40443054,0.10994642227888107,0.9430569410324097,0.7642764449119568
YML021C,YGL189C,0,-0.40502164,0.10993362218141556,0.9430569410324097,0.7643764615058899
YPL058C,YDR284C,0,-0.405187,0.10992082208395004,0.9430569410324097,0.7644764184951782
YNL056W,YEL006W,0,-0.4059758,0.10990802198648453,0.9430569410324097,0.7645764350891113
YDR317W,YER015W,0,-0.40644282,0.10989522933959961,0.9430569410324097,0.7646764516830444
YLR284C,YEL019C,0,-0.4071649,0.10988243669271469,0.9430569410324097,0.7647764682769775
YKL197C,YML055W,0,-0.40731794,0.10986964404582977,0.9430569410324097,0.7648764848709106
YDR398W,YIL137C,0,-0.40765235,0.10985685884952545,0.9430569410324097,0.7649765014648438
YMR261C,YPL224C,0,-0.40813714,0.10984407365322113,0.9430569410324097,0.7650765180587769
YDR280W,YGR260W,0,-0.408161,0.1098312959074974,0.9430569410324097,0.76517653465271
YPL018W,YHR106W,0,-0.4083265,0.10981851816177368,0.9430569410324097,0.7652765512466431
YBR114W,YJL127C,0,-0.40868685,0.10980574786663055,0.9430569410324097,0.7653765082359314
YLR390W-A,YPL140C,0,-0.40903682,0.10979297757148743,0.9430569410324097,0.7654765248298645
YJL045W,YOR103C,0,-0.40929225,0.1097802072763443,0.9430569410324097,0.7655765414237976
YBR233W-A,YBR043C,0,-0.41018772,0.10976744443178177,0.9430569410324097,0.7656765580177307
YER177W,YEL039C,0,-0.41023147,0.10975468158721924,0.9430569410324097,0.7657765746116638
YOR252W,YBL031W,0,-0.41030127,0.10974191874265671,0.9430569410324097,0.7658765912055969
YDL230W,YPL234C,0,-0.41043594,0.10972916334867477,0.9430569410324097,0.76597660779953
YBR114W,YHR088W,0,-0.41055715,0.10971640795469284,0.9430569410324097,0.7660766243934631
YMR040W,YOR011W,0,-0.4105819,0.1097036600112915,0.9430569410324097,0.7661766409873962
YLR131C,YOL122C,0,-0.41071424,0.10969091206789017,0.9430569410324097,0.7662765979766846
YLL026W,YAL007C,0,-0.41074175,0.10967817157506943,0.9430569410324097,0.7663766145706177
YKL194C,YBR181C,0,-0.41079897,0.10966543108224869,0.9430569410324097,0.7664766311645508
YGR174C,YOL012C,0,-0.4111332,0.10965269058942795,0.9430569410324097,0.7665766477584839
YBR233W-A,YKL002W,0,-0.41167566,0.10963995009660721,0.9430569410324097,0.766676664352417
YDR256C,YHR073W,0,-0.4124511,0.10962722450494766,0.9430569410324097,0.7667766809463501
YBR233W-A,YLR058C,0,-0.41256535,0.10961449146270752,0.9430569410324097,0.7668766975402832
YDR091C,YCR038C,0,-0.4131192,0.10960176587104797,0.9430569410324097,0.7669767141342163
YOR034C,YPR055W,0,-0.41342926,0.10958904027938843,0.9430569410324097,0.7670767307281494
YLR460C,YGL078C,0,-0.41366595,0.10957632213830948,0.9430569410324097,0.7671767473220825
YHR108W,YPR133C,0,-0.41375417,0.10956360399723053,0.9430569410324097,0.7672767043113708
YOL029C,YIL018W,0,-0.41390336,0.10955088585615158,0.9430569410324097,0.767376720905304
YPR097W,YGR161C,0,-0.4146499,0.10953817516565323,0.9430569410324097,0.7674767374992371
YDR212W,YIL075C,0,-0.41515112,0.10952546447515488,0.9430569410324097,0.7675767540931702
YNL142W,YGR060W,0,-0.41524056,0.10951276123523712,0.9430569410324097,0.7676767706871033
YLR052W,YJL098W,0,-0.41572198,0.10950005799531937,0.9430569410324097,0.7677767872810364
YBR130C,YJL127C,0,-0.4162579,0.10948735475540161,0.9430569410324097,0.7678768038749695
YBL080C,YOR049C,0,-0.4163107,0.10947465896606445,0.9430569410324097,0.7679768204689026
YMR059W,YGL107C,0,-0.41681278,0.1094619631767273,0.9430569410324097,0.7680768370628357
YDL240W,YPL018W,0,-0.41683853,0.10944927483797073,0.9430569410324097,0.768176794052124
YNR032C-A,YLR315W,0,-0.41699606,0.10943658649921417,0.9430569410324097,0.7682768106460571
YKR053C,YNR019W,0,-0.4197167,0.10942389816045761,0.9430569410324097,0.7683768272399902
YJL167W,YGL078C,0,-0.41998485,0.10941121727228165,0.9430569410324097,0.7684768438339233
YGR003W,YDR176W,0,-0.42002556,0.10939853638410568,0.9430569410324097,0.7685768604278564
YDR435C,YOR254C,0,-0.42034048,0.10938586294651031,0.9430569410324097,0.7686768770217896
YDR345C,YBR181C,0,-0.42039648,0.10937318950891495,0.9430569410324097,0.7687768936157227
YDR406W,YGL129C,0,-0.42082465,0.10936051607131958,0.9430569410324097,0.7688769102096558
YLR044C,YNL132W,0,-0.42104173,0.10934785008430481,0.9430569410324097,0.7689769268035889
YKL016C,YER177W,0,-0.42106032,0.10933518409729004,0.9430569410324097,0.7690768837928772
YNL318C,YDR517W,0,-0.4218443,0.10932252556085587,0.9430569410324097,0.7691769003868103
YOR262W,YPL224C,0,-0.42244673,0.10930986702442169,0.9430569410324097,0.7692769169807434
YBR233W-A,YGL064C,0,-0.42311236,0.10929720848798752,0.9430569410324097,0.7693769335746765
YDR075W,YDR078C,0,-0.42376208,0.10928455740213394,0.9430569410324097,0.7694769501686096
YKL043W,YKL039W,0,-0.42399085,0.10927190631628036,0.9430569410324097,0.7695769667625427
YGR080W,YEL024W,0,-0.42454776,0.10925926268100739,0.9430569410324097,0.7696769833564758
YOL032W,YOR079C,0,-0.4245994,0.10924661159515381,0.9430569410324097,0.7697769999504089
YDR345C,YIL062C,0,-0.4253485,0.10923397541046143,0.9430569410324097,0.769877016544342
YJL094C,YIL123W,0,-0.42577782,0.10922133177518845,0.9430569410324097,0.7699769735336304
YGL098W,YOR103C,0,-0.42675954,0.10920870304107666,0.9430569410324097,0.7700769901275635
YFR047C,YKR053C,0,-0.42730877,0.10919606685638428,0.9430569410324097,0.7701770067214966
YKL069W,YBR094W,0,-0.42734638,0.10918343812227249,0.9430569410324097,0.7702770233154297
YLR181C,YNL054W-A,0,-0.42747623,0.1091708093881607,0.9430569410324097,0.7703770399093628
YOR262W,YLL067C,0,-0.42780554,0.10915818810462952,0.9430569410324097,0.7704770565032959
YBR149W,YCL054W,0,-0.4283166,0.10914556682109833,0.9430569410324097,0.770577073097229
YMR110C,YOL061W,0,-0.42843837,0.10913294553756714,0.9430569410324097,0.7706770896911621
YDR292C,YBR191W,0,-0.42904985,0.10912033170461655,0.9430569410324097,0.7707771062850952
YAL002W,YHR014W,0,-0.42924243,0.10910771787166595,0.9430569410324097,0.7708770632743835
YOL098C,YML098W,0,-0.4292652,0.10909511148929596,0.9430569410324097,0.7709770798683167
YNR038W,YML055W,0,-0.42926717,0.10908250510692596,0.9430569410324097,0.7710770964622498
YDL098C,YLR189C,0,-0.42947713,0.10906989872455597,0.9430569410324097,0.7711771130561829
YOR264W,YMR177W,0,-0.42963976,0.10905729979276657,0.9430569410324097,0.771277129650116
YDR434W,YPL178W,0,-0.42988715,0.10904470086097717,0.9430569410324097,0.7713771462440491
YAL059W,YPL056C,0,-0.43023983,0.10903210937976837,0.9430569410324097,0.7714771628379822
YPR131C,YKL032C,0,-0.43027967,0.10901951789855957,0.9430569410324097,0.7715771794319153
YMR105C,YDR105C,0,-0.43115628,0.10900692641735077,0.9430569410324097,0.7716771960258484
YDR439W,YNL164C,0,-0.43126896,0.10899434238672256,0.9430569410324097,0.7717771530151367
YLR223C,YGR003W,0,-0.43142048,0.10898175835609436,0.9430569410324097,0.7718771696090698
YBR114W,YNL133C,0,-0.43177894,0.10896918177604675,0.9430569410324097,0.7719771862030029
YDR091C,YOL076W,0,-0.43189722,0.10895660519599915,0.9430569410324097,0.772077202796936
YAL026C,YIL173W,0,-0.43208438,0.10894402861595154,0.9430569410324097,0.7721772193908691
YJL069C,YHL021C,0,-0.43219876,0.10893145948648453,0.9430569410324097,0.7722772359848022
YDR325W,YPL193W,0,-0.43256062,0.10891889035701752,0.9430569410324097,0.7723772525787354
YLR227W-A,YIL022W,0,-0.432771,0.1089063212275505,0.9430569410324097,0.7724772691726685
YAL019W,YDL211C,0,-0.43317682,0.10889375954866409,0.9430569410324097,0.7725772857666016
YPL116W,YJR132W,0,-0.4335099,0.10888119786977768,0.9430569410324097,0.7726772427558899
YFR050C,YKL081W,0,-0.43364134,0.10886864364147186,0.9430569410324097,0.772777259349823
YNL056W,YDR381W,0,-0.43370074,0.10885608941316605,0.9430569410324097,0.7728772759437561
YBL100W-B,YLR323C,0,-0.4343239,0.10884353518486023,0.9430569410324097,0.7729772925376892
YOL055C,YHR201C,0,-0.43436247,0.10883098840713501,0.9430569410324097,0.7730773091316223
YGL070C,YJL083W,0,-0.43506497,0.10881844162940979,0.9430569410324097,0.7731773257255554
YEL018W,YGL064C,0,-0.43508613,0.10880590230226517,0.9430569410324097,0.7732773423194885
YBR101C,YJR050W,0,-0.43517166,0.10879336297512054,0.9430569410324097,0.7733773589134216
YDR091C,YDR175C,0,-0.43518388,0.10878082364797592,0.9430569410324097,0.7734773755073547
YOR060C,YOL051W,0,-0.43522054,0.1087682917714119,0.9430569410324097,0.7735773324966431
YIL075C,YDR217C,0,-0.43522185,0.10875575989484787,0.9430569410324097,0.7736773490905762
YDL091C,YOL052C-A,0,-0.43554264,0.10874323546886444,0.9430569410324097,0.7737773656845093
YOR260W,YNL029C,0,-0.4357694,0.10873070359230042,0.9430569410324097,0.7738773822784424
YLR083C,YDL240W,0,-0.43582228,0.10871818661689758,0.9430569410324097,0.7739773988723755
YHR122W,YDR437W,0,-0.43586242,0.10870566219091415,0.9430569410324097,0.7740774154663086
YNL048W,YHR194W,0,-0.4359436,0.10869315266609192,0.9430569410324097,0.7741774320602417
YEL048C,YDR292C,0,-0.43608683,0.10868063569068909,0.9430569410324097,0.7742774486541748
YIL037C,YJR048W,0,-0.43629694,0.10866812616586685,0.9430569410324097,0.7743774652481079
YAL011W,YDR045C,0,-0.43631357,0.10865561664104462,0.9430569410324097,0.7744774222373962
YPL018W,YHL006C,0,-0.4365588,0.10864311456680298,0.9430569410324097,0.7745774388313293
YAL007C,YLR023C,0,-0.43673292,0.10863061249256134,0.9430569410324097,0.7746774554252625
YLR234W,YLR175W,0,-0.43709502,0.1086181104183197,0.9430569410324097,0.7747774720191956
YIL107C,YDR188W,0,-0.43718106,0.10860561579465866,0.9430569410324097,0.7748774886131287
YGR078C,YPR037C,0,-0.4372514,0.10859312117099762,0.9430569410324097,0.7749775052070618
YPL043W,YHR139C,0,-0.43765855,0.10858063399791718,0.9430569410324097,0.7750775218009949
YJR120W,YGR161W-A,0,-0.43786877,0.10856813937425613,0.9430569410324097,0.775177538394928
YJL045W,YBR028C,0,-0.43868244,0.10855565965175629,0.9430569410324097,0.7752775549888611
YHR214C-C,YNL063W,0,-0.439134,0.10854317247867584,0.9430569410324097,0.7753775119781494
YBR233W-A,YNL065W,0,-0.43962744,0.10853070020675659,0.9430569410324097,0.7754775285720825
YDR108W,YNL024C,0,-0.4397881,0.10851822048425674,0.9430569410324097,0.7755775451660156
YPR173C,YBR121C,0,-0.43986338,0.1085057482123375,0.9430569410324097,0.7756775617599487
YBR233W-A,YMR063W,0,-0.43991563,0.10849327594041824,0.9430569410324097,0.7757775783538818
YDR188W,YDL211C,0,-0.43995178,0.10848081111907959,0.9430569410324097,0.7758775949478149
YDR361C,YPL189W,0,-0.44134378,0.10846834629774094,0.9430569410324097,0.775977611541748
YNL183C,YLL006W,0,-0.44163412,0.10845588147640228,0.9430569410324097,0.7760776281356812
YDL240W,YMR274C,0,-0.44290566,0.10844342410564423,0.9430569410324097,0.7761776447296143
YAL059W,YIL123W,0,-0.44305027,0.10843096673488617,0.9430569410324097,0.7762776017189026
YLR185W,YHR080C,0,-0.4430575,0.10841851681470871,0.9430569410324097,0.7763776183128357
YML041C,YBR211C,0,-0.44309166,0.10840606689453125,0.9430569410324097,0.7764776349067688
YGL076C,YEL039C,0,-0.4431259,0.10839361697435379,0.9430569410324097,0.7765776515007019
YIL038C,YGR260W,0,-0.44371182,0.10838117450475693,0.9430569410324097,0.776677668094635
YPL126W,YIL107C,0,-0.4438537,0.10836873203516006,0.9430569410324097,0.7767776846885681
YKL145W,YNR071C,0,-0.4440604,0.1083562895655632,0.9430569410324097,0.7768777012825012
YGL045W,YNL123W,0,-0.44408736,0.10834385454654694,0.9430569410324097,0.7769777178764343
YGR060W,YMR131C,0,-0.4447931,0.10833141952753067,0.9430569410324097,0.7770777344703674
YMR105C,YDL139C,0,-0.44569218,0.108318991959095,0.9430569410324097,0.7771776914596558
YDR175C,YDL209C,0,-0.44570345,0.10830656439065933,0.9430569410324097,0.7772777080535889
YNL054W,YPL179W,0,-0.44586048,0.10829413682222366,0.9430569410324097,0.777377724647522
YML023C,YMR001C,0,-0.4463892,0.10828171670436859,0.9430569410324097,0.7774777412414551
YML101C,YLR175W,0,-0.446773,0.10826929658651352,0.9430569410324097,0.7775777578353882
YIL075C,YGL061C,0,-0.4473313,0.10825688391923904,0.9430569410324097,0.7776777744293213
YKR079C,YDR365C,0,-0.44797972,0.10824446380138397,0.9430569410324097,0.7777777910232544
YGL053W,YKL051W,0,-0.44823292,0.1082320585846901,0.9430569410324097,0.7778778076171875
YKL110C,YGL171W,0,-0.44853717,0.10821964591741562,0.9430569410324097,0.7779778242111206
YOR266W,YER178W,0,-0.44886798,0.10820724070072174,0.9430569410324097,0.7780777812004089
YKL069W,YKL145W,0,-0.4496877,0.10819484293460846,0.9430569410324097,0.778177797794342
YBR054W,YLR277C,0,-0.44977272,0.10818244516849518,0.9430569410324097,0.7782778143882751
YLL026W,YDR009W,0,-0.45027274,0.1081700474023819,0.9430569410324097,0.7783778309822083
YIL022W,YOL061W,0,-0.45053804,0.10815765708684921,0.9430569410324097,0.7784778475761414
YNL181W,YNL130C,0,-0.45150876,0.10814525932073593,0.9430569410324097,0.7785778641700745
YCR044C,YJL035C,0,-0.45168322,0.10813287645578384,0.9430569410324097,0.7786778807640076
YDR078C,YDR395W,0,-0.45283353,0.10812049359083176,0.9430569410324097,0.7787778973579407
YDR439W,YHR096C,0,-0.45302594,0.10810811072587967,0.9430569410324097,0.7788779139518738
YDL012C,YGR044C,0,-0.45308512,0.10809572786092758,0.9430569410324097,0.7789778709411621
YPL179W,YHR138C,0,-0.4532882,0.10808335244655609,0.9430569410324097,0.7790778875350952
YNL183C,YMR015C,0,-0.45379117,0.1080709770321846,0.9430569410324097,0.7791779041290283
YLR451W,YLR023C,0,-0.45392954,0.10805860906839371,0.9430569410324097,0.7792779207229614
YLR143W,YER127W,0,-0.45409495,0.10804624110460281,0.9430569410324097,0.7793779373168945
YGR057C,YPL075W,0,-0.4540998,0.10803387314081192,0.9430569410324097,0.7794779539108276
YPL140C,YBL072C,0,-0.45423687,0.10802151262760162,0.9430569410324097,0.7795779705047607
YKL026C,YBR085W,0,-0.45430794,0.10800915211439133,0.9430569410324097,0.7796779870986938
YLR194C,YPR134W,0,-0.4548038,0.10799679905176163,0.9430569410324097,0.779778003692627
YOR264W,YDR280W,0,-0.45532435,0.10798444598913193,0.9430569410324097,0.7798779606819153
YIL056W,YOR258W,0,-0.45664725,0.10797209292650223,0.9430569410324097,0.7799779772758484
YIL011W,YNR037C,0,-0.45667323,0.10795974731445312,0.9430569410324097,0.7800779938697815
YJL012C,YKL149C,0,-0.45706856,0.10794740170240402,0.9430569410324097,0.7801780104637146
YPR131C,YOR060C,0,-0.45772815,0.10793505609035492,0.9430569410324097,0.7802780270576477
YJL180C,YDL102W,0,-0.457955,0.10792271792888641,0.9430569410324097,0.7803780436515808
YPR161C,YER038C,0,-0.45833737,0.10791037976741791,0.9430569410324097,0.7804780602455139
YHR205W,YDR179C,0,-0.4586723,0.10789804905653,0.9430569410324097,0.780578076839447
YBR034C,YGR260W,0,-0.4587131,0.10788571089506149,0.9430569410324097,0.7806780934333801
YDR377W,YLR056W,0,-0.458759,0.10787338763475418,0.9430569410324097,0.7807780504226685
YOR247W,YIL118W,0,-0.45899853,0.10786105692386627,0.9430569410324097,0.7808780670166016
YOR262W,YIL038C,0,-0.46041358,0.10784874111413956,0.9430569410324097,0.7809780836105347
YHL017W,YNL036W,0,-0.460492,0.10783641785383224,0.9430569410324097,0.7810781002044678
YKL069W,YDR468C,0,-0.4612207,0.10782410204410553,0.9430569410324097,0.7811781167984009
YDR343C,YPR100W,0,-0.46130723,0.10781178623437881,0.9430569410324097,0.781278133392334
YDR471W,YMR101C,0,-0.46202236,0.1077994778752327,0.9430569410324097,0.7813781499862671
YJL179W,YLL014W,0,-0.46260786,0.10778716951608658,0.9430569410324097,0.7814781665802002
YCL001W,YGL151W,0,-0.46308595,0.10777486115694046,0.9430569410324097,0.7815781831741333
YML045W,YGL116W,0,-0.46310222,0.10776256024837494,0.9430569410324097,0.7816781401634216
YMR053C,YBR295W,0,-0.46341765,0.10775025933980942,0.9430569410324097,0.7817781567573547
YBR295W,YGL226W,0,-0.46369106,0.1077379584312439,0.9430569410324097,0.7818781733512878
YOL012C,YAL030W,0,-0.46460703,0.10772566497325897,0.9430569410324097,0.781978189945221
YDR325W,YAL019W,0,-0.46475315,0.10771337151527405,0.9430569410324097,0.782078206539154
YPR175W,YDR438W,0,-0.46527302,0.10770108550786972,0.9430569410324097,0.7821782231330872
YIR004W,YLR435W,0,-0.46550268,0.1076887995004654,0.9430569410324097,0.7822782397270203
YLR004C,YNL278W,0,-0.46556628,0.10767651349306107,0.9430569410324097,0.7823782563209534
YMR234W,YOR004W,0,-0.4656356,0.10766423493623734,0.9430569410324097,0.7824782729148865
YGL058W,YOR019W,0,-0.46641666,0.1076519563794136,0.9430569410324097,0.7825782299041748
YML086C,YIR031C,0,-0.46703327,0.10763967782258987,0.9430569410324097,0.7826782464981079
YHR142W,YPL253C,0,-0.46723396,0.10762740671634674,0.9430569410324097,0.782778263092041
YMR286W,YKL138C,0,-0.46760952,0.10761513561010361,0.9430569410324097,0.7828782796859741
YDR129C,YJL180C,0,-0.46767074,0.10760287195444107,0.9430569410324097,0.7829782962799072
YGL144C,YNR052C,0,-0.4677902,0.10759060829877853,0.9430569410324097,0.7830783128738403
YPL224C,YLL057C,0,-0.46782482,0.107578344643116,0.9430569410324097,0.7831783294677734
YAL048C,YAR042W,0,-0.46807623,0.10756608843803406,0.9430569410324097,0.7832783460617065
YOR016C,YLL018C,0,-0.4686398,0.10755383223295212,0.9430569410324097,0.7833783626556396
YJL183W,YJR109C,0,-0.46865323,0.10754158347845078,0.9430569410324097,0.783478319644928
YAR009C,YOR247W,0,-0.46942157,0.10752933472394943,0.9430569410324097,0.7835783362388611
YBR049C,YPL235W,0,-0.46984172,0.10751708596944809,0.9430569410324097,0.7836783528327942
YBR054W,YFR040W,0,-0.4705242,0.10750483721494675,0.9430569410324097,0.7837783694267273
YBR233W-A,YLR417W,0,-0.4710063,0.107492595911026,0.9430569410324097,0.7838783860206604
YDR189W,YIL053W,0,-0.47184557,0.10748036205768585,0.9430569410324097,0.7839784026145935
YKR093W,YLR248W,0,-0.47185898,0.1074681207537651,0.9430569410324097,0.7840784192085266
YNL132W,YER032W,0,-0.4719277,0.10745589435100555,0.9430569410324097,0.7841784358024597
YER100W,YHR020W,0,-0.4721607,0.1074436604976654,0.9430569410324097,0.7842784523963928
YJR076C,YDR233C,1,-0.47233158,0.10754523426294327,0.9440559148788452,0.7842784523963928
YDR176W,YBR034C,0,-0.47280926,0.10753300040960312,0.9440559148788452,0.7843784093856812
YPR175W,YAL028W,0,-0.47287425,0.10752076655626297,0.9440559148788452,0.7844784259796143
YMR232W,YHL015W,0,-0.47290128,0.10750853270292282,0.9440559148788452,0.7845784425735474
YNL240C,YDR359C,0,-0.47316366,0.10749630630016327,0.9440559148788452,0.7846784591674805
YKL129C,YNL062C,0,-0.4736416,0.10748407989740372,0.9440559148788452,0.7847784757614136
YCL001W,YNR030W,0,-0.47450504,0.10747185349464417,0.9440559148788452,0.7848784923553467
YMR015C,YDR434W,0,-0.47456357,0.10745963454246521,0.9440559148788452,0.7849785089492798
YPL215W,YHR110W,0,-0.47462434,0.10744741559028625,0.9440559148788452,0.7850785255432129
YIL019W,YNL145W,0,-0.47486335,0.1074351966381073,0.9440559148788452,0.785178542137146
YER056C,YGR161W-A,0,-0.47487715,0.10742298513650894,0.9440559148788452,0.7852784991264343
YFL061W,YGL111W,0,-0.47517893,0.10741077363491058,0.9440559148788452,0.7853785157203674
YER155C,YDR045C,0,-0.475406,0.10739856958389282,0.9440559148788452,0.7854785323143005
YBL051C,YML031W,0,-0.47581667,0.10738636553287506,0.9440559148788452,0.7855785489082336
YOR002W,YPL280W,0,-0.4759287,0.1073741614818573,0.9440559148788452,0.7856785655021667
YMR286W,YPL001W,0,-0.47605497,0.10736196488142014,0.9440559148788452,0.7857785820960999
YMR048W,YDR075W,0,-0.4762751,0.10734976828098297,0.9440559148788452,0.785878598690033
YJL110C,YLR167W,0,-0.4762928,0.1073375716805458,0.9440559148788452,0.7859786152839661
YOR171C,YER149C,1,-0.4764768,0.10743895173072815,0.9450549483299255,0.7859786152839661
YDR091C,YPL203W,0,-0.4766671,0.10742675513029099,0.9450549483299255,0.7860786318778992
YNL199C,YDL093W,0,-0.4766962,0.10741455852985382,0.9450549483299255,0.7861785888671875
YBR233W-A,YNL041C,0,-0.47707814,0.10740236192941666,0.9450549483299255,0.7862786054611206
YER038C,YLR075W,0,-0.47735867,0.10739017277956009,0.9450549483299255,0.7863786220550537
YDR469W,YOR341W,0,-0.47746646,0.10737797617912292,0.9450549483299255,0.7864786386489868
YOR330C,YOR110W,0,-0.47755164,0.10736579447984695,0.9450549483299255,0.7865786552429199
YDR007W,YPR097W,0,-0.4778294,0.10735360532999039,0.9450549483299255,0.786678671836853
YER179W,YOR086C,0,-0.47812843,0.10734143108129501,0.9450549483299255,0.7867786884307861
YNL271C,YML052W,1,-0.47814503,0.107442706823349,0.9460539221763611,0.7867786884307861
YBR233W-A,YDR092W,0,-0.47830406,0.10743051767349243,0.9460539221763611,0.7868787050247192
YDR427W,YIL123W,0,-0.47867852,0.10741832852363586,0.9460539221763611,0.7869787216186523
YPL280W,YDR244W,0,-0.47871104,0.1074061468243599,0.9460539221763611,0.7870786786079407
YBR029C,YJR041C,0,-0.4788171,0.10739396512508392,0.9460539221763611,0.7871786952018738
YDR129C,YDR150W,1,-0.47887152,0.10749518126249313,0.9470529556274414,0.7871786952018738
YGL063W,YKR075C,0,-0.47887945,0.10748299211263657,0.9470529556274414,0.7872787117958069
YAL019W,YNL247W,0,-0.4789401,0.1074708104133606,0.9470529556274414,0.78737872838974
YPL280W,YKL040C,0,-0.47898936,0.10745862871408463,0.9470529556274414,0.7874787449836731
YDR148C,YKL132C,0,-0.47907805,0.10744644701480865,0.9470529556274414,0.7875787615776062
YPR010C,YCR063W,0,-0.4791197,0.10743427276611328,0.9470529556274414,0.7876787781715393
YJR042W,YOL051W,0,-0.47924477,0.10742209851741791,0.9470529556274414,0.7877787947654724
YMR074C,YDL046W,0,-0.47931078,0.10740992426872253,0.9470529556274414,0.7878788113594055
YLL066C,YDL119C,0,-0.47943744,0.10739775747060776,0.9470529556274414,0.7879787683486938
YDL240W,YNL023C,0,-0.47951183,0.10738559067249298,0.9470529556274414,0.788078784942627
YDR256C,YKR072C,0,-0.48037475,0.1073734313249588,0.9470529556274414,0.7881788015365601
YHR005C,YMR207C,0,-0.48050067,0.10736127197742462,0.9470529556274414,0.7882788181304932
YAL048C,YNL221C,0,-0.48055786,0.10734911262989044,0.9470529556274414,0.7883788347244263
YDR377W,YPR086W,0,-0.48102325,0.10733695328235626,0.9470529556274414,0.7884788513183594
YDR235W,YIL056W,0,-0.48139018,0.10732480138540268,0.9470529556274414,0.7885788679122925
YOL144W,YGR129W,0,-0.48141903,0.1073126569390297,0.9470529556274414,0.7886788845062256
YPL280W,YGL027C,0,-0.4819427,0.10730051249265671,0.9470529556274414,0.7887789011001587
YHL017W,YNL025C,0,-0.48196054,0.10728836804628372,0.9470529556274414,0.788878858089447
YDL240W,YIR019C,0,-0.48197308,0.10727622359991074,0.9470529556274414,0.7889788746833801
YBL035C,YIL167W,0,-0.4819858,0.10726408660411835,0.9470529556274414,0.7890788912773132
YNL063W,YIL011W,0,-0.482663,0.10725194960832596,0.9470529556274414,0.7891789078712463
YLR115W,YEL027W,0,-0.48279426,0.10723982006311417,0.9470529556274414,0.7892789244651794
YDR200C,YDR087C,0,-0.48333132,0.10722769051790237,0.9470529556274414,0.7893789410591125
YJL045W,YLR092W,0,-0.48361325,0.10721556097269058,0.9470529556274414,0.7894789576530457
YBR085W,YOR026W,0,-0.48391548,0.10720343887805939,0.9470529556274414,0.7895789742469788
YKR089C,YHR110W,0,-0.48404402,0.10719131678342819,0.9470529556274414,0.7896789908409119
YOR119C,YBR208C,0,-0.4843784,0.107179194688797,0.9470529556274414,0.789779007434845
YIL148W,YCL067C,0,-0.48439595,0.1071670800447464,0.9470529556274414,0.7898789644241333
YOL098C,YCR018C,0,-0.4845367,0.1071549654006958,0.9470529556274414,0.7899789810180664
YKR079C,YCR018C,0,-0.4848796,0.1071428582072258,0.9470529556274414,0.7900789976119995
YIL069C,YER060W,0,-0.48520947,0.1071307510137558,0.9470529556274414,0.7901790142059326
YKR093W,YGL196W,0,-0.48530686,0.1071186438202858,0.9470529556274414,0.7902790307998657
YDR256C,YCL001W,0,-0.4854161,0.10710654407739639,0.9470529556274414,0.7903790473937988
YML045W,YHR197W,0,-0.485456,0.10709444433450699,0.9470529556274414,0.7904790639877319
YGR109W-A,YHL021C,0,-0.48656526,0.10708234459161758,0.9470529556274414,0.790579080581665
YML100W,YGL070C,0,-0.48662937,0.10707025229930878,0.9470529556274414,0.7906790971755981
YDR235W,YCR005C,0,-0.4866532,0.10705816000699997,0.9470529556274414,0.7907790541648865
YCR105W,YMR322C,0,-0.48695126,0.10704606771469116,0.9470529556274414,0.7908790707588196
YFR038W,YGR083C,0,-0.48697907,0.10703398287296295,0.9470529556274414,0.7909790873527527
YDR176W,YDR025W,0,-0.4873492,0.10702189803123474,0.9470529556274414,0.7910791039466858
YDR256C,YHR009C,0,-0.4875235,0.10700982064008713,0.9470529556274414,0.7911791205406189
YHR033W,YPL061W,0,-0.48777768,0.10699774324893951,0.9470529556274414,0.791279137134552
YMR232W,YDR309C,0,-0.48796427,0.1069856658577919,0.9470529556274414,0.7913791537284851
YKL132C,YJL197W,0,-0.48843673,0.10697359591722488,0.9470529556274414,0.7914791703224182
YKR078W,YBR112C,0,-0.48884332,0.10696152597665787,0.9470529556274414,0.7915791869163513
YHR148W,YOL051W,0,-0.48970675,0.10694945603609085,0.9470529556274414,0.7916791439056396
YPR173C,YPL207W,0,-0.48984337,0.10693739354610443,0.9470529556274414,0.7917791604995728
YMR040W,YKL134C,0,-0.49060374,0.10692533105611801,0.9470529556274414,0.7918791770935059
YNL103W,YER056C,0,-0.4906162,0.10691327601671219,0.9470529556274414,0.791979193687439
YDR176W,YKL006W,0,-0.49079838,0.10690122097730637,0.9470529556274414,0.7920792102813721
YEL001C,YNL036W,0,-0.49088284,0.10688916593790054,0.9470529556274414,0.7921792268753052
YDR040C,YPL233W,0,-0.4910095,0.10687711089849472,0.9470529556274414,0.7922792434692383
YOR316C,YPL043W,0,-0.4913171,0.1068650633096695,0.9470529556274414,0.7923792600631714
YGR007W,YGL238W,0,-0.4913774,0.10685302317142487,0.9470529556274414,0.7924792766571045
YBR078W,YGR283C,0,-0.49220878,0.10684097558259964,0.9470529556274414,0.7925792336463928
YCR105W,YGR057C,0,-0.49252993,0.10682893544435501,0.9470529556274414,0.7926792502403259
YIL068C,YNL271C,1,-0.4925992,0.10692957788705826,0.948051929473877,0.7926792502403259
YFL005W,YPR188C,1,-0.49283853,0.10703019052743912,0.9490509629249573,0.7926792502403259
YJL186W,YPL146C,0,-0.492903,0.1070181354880333,0.9490509629249573,0.792779266834259
YPR008W,YJL168C,0,-0.4930312,0.10700608044862747,0.9490509629249573,0.7928792834281921
YGL073W,YKL029C,0,-0.49308515,0.10699403285980225,0.9490509629249573,0.7929793000221252
YJR041C,YDR204W,0,-0.49329835,0.10698198527097702,0.9490509629249573,0.7930793166160583
YDR308C,YMR040W,0,-0.493448,0.1069699376821518,0.9490509629249573,0.7931793332099915
YNL263C,YNL176C,0,-0.49453887,0.10695789009332657,0.9490509629249573,0.7932793498039246
YKL043W,YOR227W,0,-0.49511558,0.10694584995508194,0.9490509629249573,0.7933793663978577
YIL052C,YOR357C,0,-0.4951371,0.10693381726741791,0.9490509629249573,0.793479323387146
YNR032C-A,YER023W,0,-0.49529973,0.10692177712917328,0.9490509629249573,0.7935793399810791
YOR192C,YKL077W,0,-0.49537843,0.10690974444150925,0.9490509629249573,0.7936793565750122
YMR192W,YNL190W,0,-0.4953922,0.10689771920442581,0.9490509629249573,0.7937793731689453
YHR148W,YPL193W,0,-0.4955507,0.10688568651676178,0.9490509629249573,0.7938793897628784
YPR154W,YLR196W,0,-0.49589366,0.10687366127967834,0.9490509629249573,0.7939794063568115
YOR262W,YNR048W,0,-0.49589917,0.1068616434931755,0.9490509629249573,0.7940794229507446
YDL220C,YEL051W,0,-0.4960239,0.10684962570667267,0.9490509629249573,0.7941794395446777
YGR057C,YGL053W,0,-0.4960428,0.10683760792016983,0.9490509629249573,0.7942794561386108
YOL132W,YHL025W,0,-0.4965644,0.10682559013366699,0.9490509629249573,0.7943794131278992
YLR023C,YPL063W,0,-0.49705097,0.10681357979774475,0.9490509629249573,0.7944794297218323
YOR156C,YPL021W,0,-0.49711153,0.1068015769124031,0.9490509629249573,0.7945794463157654
YLR085C,YDR280W,0,-0.49742976,0.10678956657648087,0.9490509629249573,0.7946794629096985
YDR398W,YJR150C,0,-0.49807832,0.10677756369113922,0.9490509629249573,0.7947794795036316
YOR316C,YCL068C,0,-0.4981452,0.10676556825637817,0.9490509629249573,0.7948794960975647
YLR023C,YJR054W,0,-0.49827015,0.10675356537103653,0.9490509629249573,0.7949795126914978
YGL246C,YBR162W-A,0,-0.5003078,0.10674156993627548,0.9490509629249573,0.7950795292854309
YML023C,YOR341W,0,-0.500516,0.10672958195209503,0.9490509629249573,0.795179545879364
YBR054W,YOR252W,0,-0.5006084,0.10671759396791458,0.9490509629249573,0.7952795028686523
YPL116W,YMR234W,0,-0.5008223,0.10670560598373413,0.9490509629249573,0.7953795194625854
YPR007C,YNL247W,0,-0.50113773,0.10669361799955368,0.9490509629249573,0.7954795360565186
YIL075C,YPL043W,0,-0.50133264,0.10668163746595383,0.9490509629249573,0.7955795526504517
YNL318C,YIL087C,0,-0.5015447,0.10666966438293457,0.9490509629249573,0.7956795692443848
YGL028C,YNR030W,0,-0.50162876,0.10665768384933472,0.9490509629249573,0.7957795858383179
YGR193C,YNR053C,0,-0.50269693,0.10664571076631546,0.9490509629249573,0.795879602432251
YDL100C,YBR121C,0,-0.50293577,0.1066337376832962,0.9490509629249573,0.7959796190261841
YPL013C,YHR110W,0,-0.50294083,0.10662177205085754,0.9490509629249573,0.7960796356201172
YIR004W,YPR007C,0,-0.50343895,0.10660980641841888,0.9490509629249573,0.7961795926094055
YOL020W,YAL007C,0,-0.5045913,0.10659784823656082,0.9490509629249573,0.7962796092033386
YIL008W,YNR030W,0,-0.5046273,0.10658588260412216,0.9490509629249573,0.7963796257972717
YDR287W,YCR044C,0,-0.5048474,0.1065739318728447,0.9490509629249573,0.7964796423912048
YBR015C,YDL031W,0,-0.5050547,0.10656197369098663,0.9490509629249573,0.7965796589851379
YIL130W,YGL129C,0,-0.5052149,0.10655002295970917,0.9490509629249573,0.796679675579071
YMR105C,YFR040W,0,-0.50648814,0.1065380722284317,0.9490509629249573,0.7967796921730042
YOR236W,YNL240C,0,-0.5067201,0.10652612894773483,0.9490509629249573,0.7968797087669373
YJL058C,YBR301W,0,-0.50674707,0.10651418566703796,0.9490509629249573,0.7969797253608704
YOL011W,YKL043W,0,-0.5068425,0.1065022423863411,0.9490509629249573,0.7970796823501587
YDR129C,YGL181W,1,-0.50686204,0.10660240054130554,0.9500499367713928,0.7970796823501587
YNL250W,YGL111W,0,-0.50732446,0.10659044981002808,0.9500499367713928,0.7971796989440918
YPR055W,YPR174C,0,-0.50860095,0.10657850652933121,0.9500499367713928,0.7972797155380249
YHL015W,YLR067C,0,-0.509297,0.10656656324863434,0.9500499367713928,0.797379732131958
YKL052C,YCL054W,0,-0.5094204,0.10655461996793747,0.9500499367713928,0.7974797487258911
YPL168W,YLR435W,0,-0.5095612,0.1065426841378212,0.9500499367713928,0.7975797653198242
YPL141C,YLR413W,0,-0.5096108,0.10653074830770493,0.9500499367713928,0.7976797819137573
YDR468C,YLR413W,0,-0.5097178,0.10651881992816925,0.9500499367713928,0.7977797985076904
YNR032C-A,YGL093W,0,-0.50999254,0.10650688409805298,0.9500499367713928,0.7978798151016235
YOL078W,YCL001W,0,-0.5101661,0.1064949631690979,0.9500499367713928,0.7979797720909119
YOL132W,YBL025W,0,-0.5105205,0.10648303478956223,0.9500499367713928,0.798079788684845
YJR073C,YOL121C,0,-0.5108394,0.10647111386060715,0.9500499367713928,0.7981798052787781
YDR078C,YHR150W,0,-0.51142216,0.10645919293165207,0.9500499367713928,0.7982798218727112
YLR361C,YLR249W,0,-0.5118272,0.10644727945327759,0.9500499367713928,0.7983798384666443
YIL014W,YLR432W,0,-0.5121612,0.1064353659749031,0.9500499367713928,0.7984798550605774
YLR194C,YGL111W,0,-0.51232904,0.10642345249652863,0.9500499367713928,0.7985798716545105
YMR081C,YHL003C,0,-0.5125008,0.10641154646873474,0.9500499367713928,0.7986798882484436
YHR033W,YGL226W,0,-0.51251644,0.10639964044094086,0.9500499367713928,0.7987799048423767
YLR052W,YKR083C,0,-0.5126578,0.10638774186372757,0.9500499367713928,0.798879861831665
YMR234W,YER179W,0,-0.5127993,0.10637583583593369,0.9500499367713928,0.7989798784255981
YPL209C,YER176W,0,-0.51299274,0.106363944709301,0.9500499367713928,0.7990798950195312
YOL122C,YAL007C,0,-0.5132435,0.10635204613208771,0.9500499367713928,0.7991799116134644
YDR471W,YDR515W,0,-0.5138056,0.10634015500545502,0.9500499367713928,0.7992799282073975
YDL119C,YER060W,0,-0.5140548,0.10632826387882233,0.9500499367713928,0.7993799448013306
YMR055C,YCR018C,0,-0.5140739,0.10631638020277023,0.9500499367713928,0.7994799613952637
YLR315W,YIL137C,0,-0.5142134,0.10630449652671814,0.9500499367713928,0.7995799779891968
YLR377C,YML101C,0,-0.5144047,0.10629261285066605,0.9500499367713928,0.7996799945831299
YFR031C-A,YLR067C,0,-0.51450855,0.10628073662519455,0.9500499367713928,0.7997799515724182
YFL026W,YLR435W,0,-0.5147176,0.10626886039972305,0.9500499367713928,0.7998799681663513
YDR545W,YDR469W,0,-0.5151428,0.10625698417425156,0.9500499367713928,0.7999799847602844
YJL054W,YMR050C,0,-0.51537126,0.10624511539936066,0.9500499367713928,0.8000800013542175
YPR154W,YER179W,0,-0.5153885,0.10623324662446976,0.9500499367713928,0.8001800179481506
YBR043C,YGR161C,0,-0.5154287,0.10622137784957886,0.9500499367713928,0.8002800345420837
YDR515W,YMR205C,0,-0.5155116,0.10620951652526855,0.9500499367713928,0.8003800511360168
YMR318C,YKR088C,0,-0.51555777,0.10619765520095825,0.9500499367713928,0.80048006772995
YLR052W,YJL208C,0,-0.5157523,0.10618579387664795,0.9500499367713928,0.8005800843238831
YIL075C,YDR381W,0,-0.51595503,0.10617394000291824,0.9500499367713928,0.8006800413131714
YDR007W,YOR086C,0,-0.51628065,0.10616208612918854,0.9500499367713928,0.8007800579071045
YHR214W,YBR191W,0,-0.51658,0.10615023970603943,0.9500499367713928,0.8008800745010376
YAL028W,YMR040W,0,-0.51664156,0.10613839328289032,0.9500499367713928,0.8009800910949707
YER093C,YPL254W,0,-0.5167107,0.10612654685974121,0.9500499367713928,0.8010801076889038
YOR359W,YPL010W,0,-0.51750934,0.1061147078871727,0.9500499367713928,0.8011801242828369
YIL119C,YCL001W,0,-0.51751274,0.10610286891460419,0.9500499367713928,0.80128014087677
YGR059W,YDL204W,1,-0.51757,0.10620258748531342,0.9510489702224731,0.80128014087677
YBL013W,YDR045C,0,-0.51846784,0.1061907410621643,0.9510489702224731,0.8013801574707031
YER072W,YER143W,0,-0.51849246,0.1061788946390152,0.9510489702224731,0.8014801740646362
YNL180C,YLL057C,0,-0.5186307,0.10616705566644669,0.9510489702224731,0.8015801310539246
YMR081C,YKL054C,0,-0.51886374,0.10615521669387817,0.9510489702224731,0.8016801476478577
YGR260W,YGL198W,0,-0.5189087,0.10614338517189026,0.9510489702224731,0.8017801642417908
YOR254C,YDR395W,0,-0.5191345,0.10613154619932175,0.9510489702224731,0.8018801808357239
YPR143W,YLR039C,0,-0.51932436,0.10611972212791443,0.9510489702224731,0.801980197429657
YHR194W,YBR162C,0,-0.5198777,0.10610789060592651,0.9510489702224731,0.8020802140235901
YGL246C,YFR040W,0,-0.5208492,0.1060960665345192,0.9510489702224731,0.8021802306175232
YKR100C,YKL087C,0,-0.5221436,0.10608424246311188,0.9510489702224731,0.8022802472114563
YOR236W,YIL144W,0,-0.5222706,0.10607242584228516,0.9510489702224731,0.8023802638053894
YHR122W,YAL056W,0,-0.5223629,0.10606060922145844,0.9510489702224731,0.8024802207946777
YIL064W,YOR249C,0,-0.52267265,0.10604879260063171,0.9510489702224731,0.8025802373886108
YHR009C,YMR101C,0,-0.52268535,0.10603697597980499,0.9510489702224731,0.802680253982544
YDL003W,YHR197W,0,-0.5233219,0.10602516680955887,0.9510489702224731,0.802780270576477
YML067C,YMR149W,0,-0.5233515,0.10601336508989334,0.9510489702224731,0.8028802871704102
YGL096W,YDR040C,0,-0.52352756,0.10600155591964722,0.9510489702224731,0.8029803037643433
YJL162C,YAL068C,0,-0.52355534,0.10598975419998169,0.9510489702224731,0.8030803203582764
YAL048C,YLR223C,0,-0.52366513,0.10597795993089676,0.9510489702224731,0.8031803369522095
YGR060W,YER129W,0,-0.52369624,0.10596616566181183,0.9510489702224731,0.8032803535461426
YNL164C,YHL015W,0,-0.5237556,0.1059543713927269,0.9510489702224731,0.8033803105354309
YDR323C,YOR254C,0,-0.5242958,0.10594257712364197,0.9510489702224731,0.803480327129364
YEL018W,YPR131C,0,-0.5245001,0.10593079030513763,0.9510489702224731,0.8035803437232971
YEL018W,YLR215C,0,-0.5247188,0.1059190034866333,0.9510489702224731,0.8036803603172302
YDR280W,YKR095W,0,-0.52485245,0.10590721666812897,0.9510489702224731,0.8037803769111633
YMR242C,YLR001C,0,-0.5249114,0.10589543730020523,0.9510489702224731,0.8038803935050964
YMR002W,YBR028C,0,-0.5255987,0.1058836579322815,0.9510489702224731,0.8039804100990295
YNL317W,YML102W,0,-0.52590966,0.10587188601493835,0.9510489702224731,0.8040804266929626
YMR220W,YFL026W,0,-0.52610904,0.10586011409759521,0.9510489702224731,0.8041804432868958
YEL001C,YOR081C,0,-0.526914,0.10584834218025208,0.9510489702224731,0.8042804002761841
YKL191W,YLR435W,0,-0.52702916,0.10583657771348953,0.9510489702224731,0.8043804168701172
YLR277C,YDR276C,0,-0.5271206,0.10582481324672699,0.9510489702224731,0.8044804334640503
YML059C,YMR230W,0,-0.52724344,0.10581304877996445,0.9510489702224731,0.8045804500579834
YJR073C,YBR188C,0,-0.5276297,0.1058012917637825,0.9510489702224731,0.8046804666519165
YPL115C,YLR150W,0,-0.5278404,0.10578953474760056,0.9510489702224731,0.8047804832458496
YHR033W,YOR335C,0,-0.52799517,0.10577777773141861,0.9510489702224731,0.8048804998397827
YDR210C-D,YPL225W,0,-0.5282354,0.10576602816581726,0.9510489702224731,0.8049805164337158
YMR318C,YDR441C,0,-0.5289124,0.10575427860021591,0.9510489702224731,0.8050805330276489
YDL003W,YGR017W,0,-0.5293632,0.10574252903461456,0.9510489702224731,0.8051804900169373
YOR273C,YNL278W,0,-0.52943784,0.10573078691959381,0.9510489702224731,0.8052805066108704
YNL137C,YJR096W,0,-0.5296119,0.10571904480457306,0.9510489702224731,0.8053805232048035
YLR083C,YHL021C,0,-0.52989143,0.10570730268955231,0.9510489702224731,0.8054805397987366
YNL271C,YCR002C,1,-0.53065956,0.10580659657716751,0.9520479440689087,0.8054805397987366
YNL243W,YHR149C,1,-0.53072554,0.10590586066246033,0.953046977519989,0.8054805397987366
YGR211W,YMR118C,0,-0.5307875,0.10589410364627838,0.953046977519989,0.8055805563926697
YBR295W,YIL008W,0,-0.5319712,0.10588235408067703,0.953046977519989,0.8056805729866028
YML098W,YEL032W,0,-0.53199303,0.10587060451507568,0.953046977519989,0.8057805895805359
YLR293C,YHR005C,0,-0.5325351,0.10585885494947433,0.953046977519989,0.805880606174469
YDL247W,YKR064W,0,-0.5325463,0.10584711283445358,0.953046977519989,0.8059806227684021
YIL144W,YDR412W,0,-0.5326517,0.10583537071943283,0.953046977519989,0.8060805797576904
YGR204W,YBR119W,0,-0.5327825,0.10582362860441208,0.953046977519989,0.8061805963516235
YKR100C,YBL063W,0,-0.532805,0.10581188648939133,0.953046977519989,0.8062806129455566
YBR029C,YKL155C,0,-0.53319705,0.10580015182495117,0.953046977519989,0.8063806295394897
YML100W,YPL117C,0,-0.53324896,0.10578842461109161,0.953046977519989,0.8064806461334229
YHR108W,YBR043C,0,-0.53408325,0.10577668994665146,0.953046977519989,0.806580662727356
YKL110C,YLR259C,0,-0.534393,0.1057649701833725,0.953046977519989,0.8066806793212891
YDL247W,YDL145C,0,-0.5344168,0.10575324296951294,0.953046977519989,0.8067806959152222
YCL029C,YBR168W,0,-0.5346412,0.10574152320623398,0.953046977519989,0.8068807125091553
YOR002W,YKL006C-A,0,-0.5347994,0.10572980344295502,0.953046977519989,0.8069806694984436
YJR042W,YBR181C,0,-0.534824,0.10571808367967606,0.953046977519989,0.8070806860923767
YDR213W,YDR045C,0,-0.53505474,0.10570637136697769,0.953046977519989,0.8071807026863098
YCR035C,YLR143W,0,-0.5351177,0.10569465905427933,0.953046977519989,0.8072807192802429
YGL126W,YBR162C,0,-0.5352184,0.10568295419216156,0.953046977519989,0.807380735874176
YDR399W,YBR015C,0,-0.53550446,0.1056712418794632,0.953046977519989,0.8074807524681091
YNL190W,YOR359W,0,-0.53554326,0.10565954446792603,0.953046977519989,0.8075807690620422
YGL073W,YBR193C,0,-0.53563327,0.10564783960580826,0.953046977519989,0.8076807856559753
YGR211W,YLR363C,0,-0.53578115,0.10563614219427109,0.953046977519989,0.8077808022499084
YHR205W,YLL014W,0,-0.53583556,0.10562444478273392,0.953046977519989,0.8078807592391968
YHR009C,YDR234W,0,-0.53662926,0.10561275482177734,0.953046977519989,0.8079807758331299
YIL036W,YOR009W,0,-0.5367475,0.10560106486082077,0.953046977519989,0.808080792427063
YKL132C,YER038C,0,-0.5367775,0.1055893748998642,0.953046977519989,0.8081808090209961
YJR102C,YGR245C,0,-0.53688806,0.10557769238948822,0.953046977519989,0.8082808256149292
YBR301W,YGL111W,0,-0.53779536,0.10556600987911224,0.953046977519989,0.8083808422088623
YBL035C,YPL036W,0,-0.5399069,0.10555432736873627,0.953046977519989,0.8084808588027954
YJL110C,YDR300C,0,-0.5399795,0.10554264485836029,0.953046977519989,0.8085808753967285
YER014W,YLR092W,0,-0.5403589,0.10553096979856491,0.953046977519989,0.8086808919906616
YDR212W,YNL111C,0,-0.54075676,0.10551930218935013,0.953046977519989,0.80878084897995
YDL209C,YKL077W,0,-0.5411548,0.10550763458013535,0.953046977519989,0.8088808655738831
YHR185C,YGL192W,0,-0.5413294,0.10549596697092056,0.953046977519989,0.8089808821678162
YCR018C,YCL054W,0,-0.54137444,0.10548429936170578,0.953046977519989,0.8090808987617493
YGL028C,YDR406W,0,-0.54159534,0.1054726392030716,0.953046977519989,0.8091809153556824
YPL203W,YOR272W,0,-0.54162616,0.10546097904443741,0.953046977519989,0.8092809319496155
YDL087C,YOR335C,0,-0.54178846,0.10544931888580322,0.953046977519989,0.8093809485435486
YJR120W,YIL087C,0,-0.54216284,0.10543766617774963,0.953046977519989,0.8094809651374817
YJL054W,YDR430C,0,-0.5423681,0.10542601346969604,0.953046977519989,0.8095809817314148
YER028C,YGL005C,0,-0.542456,0.10541436821222305,0.953046977519989,0.8096809387207031
YJL183W,YHR202W,0,-0.54258513,0.10540271550416946,0.953046977519989,0.8097809553146362
YKL043W,YML016C,0,-0.5425859,0.10539107024669647,0.953046977519989,0.8098809719085693
YHR122W,YPR180W,0,-0.542665,0.10537943243980408,0.953046977519989,0.8099809885025024
YIL019W,YGL058W,0,-0.5427067,0.10536779463291168,0.953046977519989,0.8100810050964355
YMR274C,YLR075W,0,-0.54288155,0.10535615682601929,0.953046977519989,0.8101810216903687
YHR165C,YER149C,0,-0.5433046,0.10534452646970749,0.953046977519989,0.8102810382843018
YHR033W,YDR301W,0,-0.5436066,0.1053328886628151,0.953046977519989,0.8103810548782349
YOR272W,YLR075W,0,-0.54393107,0.10532126575708389,0.953046977519989,0.810481071472168
YJL127C,YBR295W,0,-0.5440547,0.1053096354007721,0.953046977519989,0.8105810284614563
YMR041C,YDR007W,0,-0.5451172,0.1052980124950409,0.953046977519989,0.8106810450553894
YBR181C,YLR056W,0,-0.5454571,0.10528638958930969,0.953046977519989,0.8107810616493225
YBR181C,YLR067C,0,-0.5462124,0.10527477413415909,0.953046977519989,0.8108810782432556
YBL007C,YNL142W,0,-0.54634106,0.10526315867900848,0.953046977519989,0.8109810948371887
YCL034W,YDR309C,1,-0.5466163,0.10536187142133713,0.9540459513664246,0.8109810948371887
YDR234W,YIL167W,0,-0.54705477,0.10535024851560593,0.9540459513664246,0.8110811114311218
YDL072C,YBR005W,0,-0.5474158,0.10533862560987473,0.9540459513664246,0.8111811280250549
YGR082W,YHR088W,0,-0.5478968,0.10532701015472412,0.9540459513664246,0.811281144618988
YNL263C,YBR003W,0,-0.54795957,0.10531539469957352,0.9540459513664246,0.8113811612129211
YBR130C,YBR131W,0,-0.54814386,0.10530377924442291,0.9540459513664246,0.8114811778068542
YOR250C,YNL111C,0,-0.5487041,0.1052921712398529,0.9540459513664246,0.8115811347961426
YCR107W,YMR110C,0,-0.5487304,0.1052805632352829,0.9540459513664246,0.8116811513900757
YMR081C,YPL135W,0,-0.5492298,0.10526896268129349,0.9540459513664246,0.8117811679840088
YLR200W,YHL026C,0,-0.5492405,0.10525735467672348,0.9540459513664246,0.8118811845779419
YMR101C,YCR005C,0,-0.5499241,0.10524575412273407,0.9540459513664246,0.811981201171875
YDR108W,YLL006W,0,-0.5501716,0.10523416101932526,0.9540459513664246,0.8120812177658081
YKR034W,YPL235W,0,-0.5514659,0.10522256791591644,0.9540459513664246,0.8121812343597412
YDR189W,YHR170W,0,-0.551842,0.10521097481250763,0.9540459513664246,0.8122812509536743
YLL066C,YGL105W,0,-0.5522137,0.10519938170909882,0.9540459513664246,0.8123812675476074
YPL013C,YOR109W,0,-0.55233926,0.1051877960562706,0.9540459513664246,0.8124812245368958
YJR049C,YOR060C,0,-0.55316055,0.10517621040344238,0.9540459513664246,0.8125812411308289
YDR276C,YPR097W,0,-0.55471855,0.10516463220119476,0.9540459513664246,0.812681257724762
YML041C,YLR004C,0,-0.55526555,0.10515304654836655,0.9540459513664246,0.8127812743186951
YKL138C,YML096W,0,-0.55543786,0.10514147579669952,0.9540459513664246,0.8128812909126282
YGR244C,YDR234W,0,-0.55554646,0.1051298975944519,0.9540459513664246,0.8129813075065613
YGL096W,YBL100W-B,0,-0.55574435,0.10511832684278488,0.9540459513664246,0.8130813241004944
YIL075C,YDR268W,0,-0.5561908,0.10510675609111786,0.9540459513664246,0.8131813406944275
YNL137C,YOL126C,0,-0.5565605,0.10509519279003143,0.9540459513664246,0.8132813572883606
YDR430C,YHR096C,0,-0.5566451,0.10508362948894501,0.9540459513664246,0.8133813142776489
YOR045W,YPR086W,0,-0.5571217,0.10507206618785858,0.9540459513664246,0.813481330871582
YNL190W,YDR092W,0,-0.55747634,0.10506050288677216,0.9540459513664246,0.8135813474655151
YCR107W,YDL230W,0,-0.5576941,0.10504894703626633,0.9540459513664246,0.8136813640594482
YIR019C,YIL008W,0,-0.55809647,0.1050373986363411,0.9540459513664246,0.8137813806533813
YPR110C,YMR242C,0,-0.5581942,0.10502584278583527,0.9540459513664246,0.8138813972473145
YKL033W,YGL058W,0,-0.55826604,0.10501429438591003,0.9540459513664246,0.8139814138412476
YGL189C,YOR195W,0,-0.5585482,0.1050027459859848,0.9540459513664246,0.8140814304351807
YKL132C,YOL061W,0,-0.5587108,0.10499120503664017,0.9540459513664246,0.8141814470291138
YOL042W,YDL113C,0,-0.5603103,0.10497966408729553,0.9540459513664246,0.8142814040184021
YJL167W,YDL046W,0,-0.5609374,0.1049681231379509,0.9540459513664246,0.8143814206123352
YMR053C,YPR169W,0,-0.5619319,0.10495658963918686,0.9540459513664246,0.8144814372062683
YIL068C,YER008C,1,-0.56216395,0.10505494475364685,0.9550449848175049,0.8144814372062683
YOL078W,YDR135C,0,-0.5622349,0.10504340380430222,0.9550449848175049,0.8145814538002014
YHL017W,YMR156C,0,-0.56270707,0.10503186285495758,0.9550449848175049,0.8146814703941345
YIL075C,YDL135C,0,-0.5629287,0.10502032190561295,0.9550449848175049,0.8147814869880676
YLR333C,YCR018C,0,-0.563018,0.10500878840684891,0.9550449848175049,0.8148815035820007
YJR048W,YDL124W,0,-0.56306535,0.10499725490808487,0.9550449848175049,0.8149815201759338
YJR123W,YGR094W,0,-0.5637576,0.10498572140932083,0.9550449848175049,0.8150815367698669
YIL013C,YJL083W,0,-0.5642971,0.10497419536113739,0.9550449848175049,0.8151814937591553
YKL155C,YPR174C,0,-0.564411,0.10496266931295395,0.9550449848175049,0.8152815103530884
YLR185W,YNL221C,0,-0.5652133,0.1049511507153511,0.9550449848175049,0.8153815269470215
YHR185C,YMR230W,0,-0.56565267,0.10493962466716766,0.9550449848175049,0.8154815435409546
YMR242C,YNL246W,0,-0.56612235,0.10492810606956482,0.9550449848175049,0.8155815601348877
YDL072C,YPL239W,0,-0.5663016,0.10491659492254257,0.9550449848175049,0.8156815767288208
YNL020C,YFL011W,0,-0.566817,0.10490508377552032,0.9550449848175049,0.8157815933227539
YNL145W,YIR026C,0,-0.56687015,0.10489357262849808,0.9550449848175049,0.815881609916687
YEL001C,YCL051W,0,-0.56693035,0.10488206148147583,0.9550449848175049,0.8159816265106201
YAL048C,YOR101W,0,-0.5683928,0.10487055778503418,0.9550449848175049,0.8160815834999084
YJL096W,YDR039C,0,-0.5684187,0.10485905408859253,0.9550449848175049,0.8161816000938416
YCR045C,YLR007W,0,-0.56863564,0.10484755784273148,0.9550449848175049,0.8162816166877747
YDL081C,YIL119C,0,-0.5688426,0.10483605414628983,0.9550449848175049,0.8163816332817078
YML076C,YNL066W,0,-0.569057,0.10482455790042877,0.9550449848175049,0.8164816498756409
YIL156W,YGL139W,0,-0.56911343,0.10481306910514832,0.9550449848175049,0.816581666469574
YER177W,YGL144C,0,-0.5692906,0.10480158030986786,0.9550449848175049,0.8166816830635071
YOR081C,YGR097W,0,-0.57008046,0.1047900915145874,0.9550449848175049,0.8167816996574402
YLR006C,YBR254C,0,-0.5701398,0.10477860271930695,0.9550449848175049,0.8168817162513733
YPL056C,YBR208C,0,-0.5702383,0.10476712137460709,0.9550449848175049,0.8169816732406616
YNL054W,YLR384C,0,-0.57067734,0.10475564002990723,0.9550449848175049,0.8170816898345947
YGL070C,YLR068W,0,-0.57067865,0.10474416613578796,0.9550449848175049,0.8171817064285278
YLR223C,YNL287W,0,-0.57090837,0.1047326922416687,0.9550449848175049,0.8172817230224609
YLL016W,YJR123W,0,-0.571091,0.10472121834754944,0.9550449848175049,0.817381739616394
YMR286W,YGL226W,0,-0.5716438,0.10470974445343018,0.9550449848175049,0.8174817562103271
YPR154W,YPL248C,0,-0.57171804,0.10469827800989151,0.9550449848175049,0.8175817728042603
YMR063W,YHR138C,0,-0.57172537,0.10468681901693344,0.9550449848175049,0.8176817893981934
YPL145C,YMR118C,0,-0.57195884,0.10467535257339478,0.9550449848175049,0.8177818059921265
YNL023C,YCL039W,0,-0.5721279,0.1046638935804367,0.9550449848175049,0.8178817629814148
YBR153W,YDR406W,0,-0.5724347,0.10465243458747864,0.9550449848175049,0.8179817795753479
YDR002W,YOR110W,0,-0.5725876,0.10464098304510117,0.9550449848175049,0.818081796169281
YOR172W,YDL211C,0,-0.5728871,0.1046295315027237,0.9550449848175049,0.8181818127632141
YDL124W,YDR100W,0,-0.57304156,0.10461807996034622,0.9550449848175049,0.8182818293571472
YIR004W,YNL048W,0,-0.5733192,0.10460662841796875,0.9550449848175049,0.8183818459510803
YOL055C,YMR131C,0,-0.57336074,0.10459518432617188,0.9550449848175049,0.8184818625450134
YBR054W,YKL087C,0,-0.5734324,0.104583740234375,0.9550449848175049,0.8185818791389465
YGR202C,YOR078W,0,-0.5735717,0.10457230359315872,0.9550449848175049,0.8186818957328796
YBR015C,YDL046W,0,-0.5742316,0.10456086695194244,0.9550449848175049,0.818781852722168
YIL053W,YCL067C,0,-0.5742535,0.10454943031072617,0.9550449848175049,0.8188818693161011
YKL185W,YER063W,0,-0.5746434,0.10453800112009048,0.9550449848175049,0.8189818859100342
YDR301W,YBR162C,0,-0.57490724,0.1045265719294548,0.9550449848175049,0.8190819025039673
YDR150W,YHR023W,1,-0.575929,0.10462446510791779,0.9560439586639404,0.8190819025039673
YDR176W,YOR271C,0,-0.5761754,0.10461302846670151,0.9560439586639404,0.8191819190979004
YBR101C,YGR283C,0,-0.57625717,0.10460159927606583,0.9560439586639404,0.8192819356918335
YNR032C-A,YDR309C,0,-0.5765098,0.10459016263484955,0.9560439586639404,0.8193819522857666
YPR071W,YLR175W,0,-0.5770716,0.10457873344421387,0.9560439586639404,0.8194819688796997
YNL263C,YKL087C,0,-0.57754105,0.10456730425357819,0.9560439586639404,0.8195819854736328
YDR148C,YIL069C,0,-0.5783055,0.1045558825135231,0.9560439586639404,0.8196819424629211
YLR011W,YPR199C,0,-0.5783943,0.10454446077346802,0.9560439586639404,0.8197819590568542
YPL203W,YPL146C,0,-0.5786021,0.10453303903341293,0.9560439586639404,0.8198819756507874
YJR120W,YDR087C,0,-0.57881486,0.10452162474393845,0.9560439586639404,0.8199819922447205
YKL006C-A,YBL100W-B,0,-0.57907164,0.10451021045446396,0.9560439586639404,0.8200820088386536
YOR267C,YFL061W,0,-0.57921076,0.10449879616498947,0.9560439586639404,0.8201820254325867
YLL018C-A,YHR202W,0,-0.579241,0.10448738932609558,0.9560439586639404,0.8202820420265198
YBR146W,YGL226W,0,-0.5795775,0.10447598248720169,0.9560439586639404,0.8203820586204529
YDR057W,YLR328W,0,-0.58011156,0.1044645756483078,0.9560439586639404,0.820482075214386
YLL067C,YLR384C,0,-0.58054954,0.1044531762599945,0.9560439586639404,0.8205820322036743
YGR253C,YNR055C,0,-0.58062816,0.10444177687168121,0.9560439586639404,0.8206820487976074
YFL049W,YER149C,0,-0.58083946,0.10443037748336792,0.9560439586639404,0.8207820653915405
YNL062C,YLR435W,0,-0.5808739,0.10441898554563522,0.9560439586639404,0.8208820819854736
YPR175W,YMR133W,0,-0.58095175,0.10440759360790253,0.9560439586639404,0.8209820985794067
YIL009W,YDR244W,0,-0.5818708,0.10439620167016983,0.9560439586639404,0.8210821151733398
YBR046C,YBR034C,0,-0.5820027,0.10438481718301773,0.9560439586639404,0.821182131767273
YNR037C,YNL278W,0,-0.58205885,0.10437343269586563,0.9560439586639404,0.821282148361206
YNL167C,YEL005C,0,-0.582735,0.10436204820871353,0.9560439586639404,0.8213821649551392
YBR268W,YMR207C,0,-0.58474076,0.10435067117214203,0.9560439586639404,0.8214821219444275
YPR175W,YAL026C,0,-0.5851967,0.10433929413557053,0.9560439586639404,0.8215821385383606
YMR110C,YGR138C,0,-0.5857634,0.10432791709899902,0.9560439586639404,0.8216821551322937
YNL023C,YLR189C,0,-0.5863259,0.10431654751300812,0.9560439586639404,0.8217821717262268
YOR016C,YKR100C,0,-0.5872889,0.10430517792701721,0.9560439586639404,0.8218821883201599
YGR217W,YDR372C,0,-0.5874827,0.1042938083410263,0.9560439586639404,0.821982204914093
YDR292C,YNR030W,0,-0.58793837,0.104282446205616,0.9560439586639404,0.8220822215080261
YKR053C,YHL006C,0,-0.5884714,0.10427108407020569,0.9560439586639404,0.8221822381019592
YDR235W,YLR007W,0,-0.58853084,0.10425972193479538,0.9560439586639404,0.8222822546958923
YOR252W,YDR273W,0,-0.58863574,0.10424836724996567,0.9560439586639404,0.8223822116851807
YPR133C,YLR435W,0,-0.58984864,0.10423701256513596,0.9560439586639404,0.8224822282791138
YLL048C,YDR135C,0,-0.58987063,0.10422565788030624,0.9560439586639404,0.8225822448730469
YOR262W,YCL016C,0,-0.5899353,0.10421431064605713,0.9560439586639404,0.82268226146698
YDR268W,YLR056W,0,-0.59052074,0.10420296341180801,0.9560439586639404,0.8227822780609131
YLR284C,YDR039C,0,-0.5909683,0.1041916161775589,0.9560439586639404,0.8228822946548462
YDR145W,YCL001W,0,-0.5920437,0.10418027639389038,0.9560439586639404,0.8229823112487793
YCR016W,YMR050C,0,-0.5923447,0.10416893661022186,0.9560439586639404,0.8230823278427124
YOL154W,YIL013C,0,-0.5926148,0.10415759682655334,0.9560439586639404,0.8231823444366455
YMR230W,YNL029C,0,-0.5928584,0.10414626449346542,0.9560439586639404,0.8232823014259338
YIL052C,YDR412W,0,-0.59289527,0.1041349321603775,0.9560439586639404,0.8233823180198669
YMR274C,YBR168W,0,-0.59414667,0.10412359982728958,0.9560439586639404,0.8234823346138
YLR363C,YLR189C,0,-0.59420973,0.10411227494478226,0.9560439586639404,0.8235823512077332
YOR207C,YHR080C,0,-0.59435165,0.10410095006227493,0.9560439586639404,0.8236823678016663
YKL194C,YML016C,0,-0.5944168,0.10408962517976761,0.9560439586639404,0.8237823843955994
YOL121C,YPR046W,0,-0.594458,0.10407830029726028,0.9560439586639404,0.8238824009895325
YIL014W,YIL018W,0,-0.59454244,0.10406698286533356,0.9560439586639404,0.8239824175834656
YPL116W,YKL006C-A,0,-0.59639996,0.10405567288398743,0.9560439586639404,0.8240824341773987
YJL054W,YLR384C,0,-0.5967393,0.1040443554520607,0.9560439586639404,0.824182391166687
YHR146W,YKR099W,0,-0.59745085,0.10403304547071457,0.9560439586639404,0.8242824077606201
YDR441C,YBR089C-A,0,-0.59750706,0.10402173548936844,0.9560439586639404,0.8243824243545532
YGR094W,YCL067C,0,-0.59769565,0.1040104329586029,0.9560439586639404,0.8244824409484863
YGL167C,YML102W,0,-0.5979257,0.10399913042783737,0.9560439586639404,0.8245824575424194
YIL147C,YJL035C,0,-0.59816986,0.10398782789707184,0.9560439586639404,0.8246824741363525
YOR001W,YPL254W,0,-0.59825283,0.1039765328168869,0.9560439586639404,0.8247824907302856
YER072W,YPR086W,0,-0.5992755,0.10396523773670197,0.9560439586639404,0.8248825073242188
YML045W,YCL001W,0,-0.599479,0.10395394265651703,0.9560439586639404,0.8249825239181519
YCR031C,YML061C,0,-0.6004146,0.10394265502691269,0.9560439586639404,0.8250824809074402
YHL011C,YIL123W,0,-0.6007164,0.10393136739730835,0.9560439586639404,0.8251824975013733
YKL016C,YDR039C,0,-0.6007473,0.10392007976770401,0.9560439586639404,0.8252825140953064
YLR215C,YDR019C,0,-0.6010786,0.10390879213809967,0.9560439586639404,0.8253825306892395
YOR241W,YJR054W,0,-0.60266334,0.10389751195907593,0.9560439586639404,0.8254825472831726
YDR025W,YDR110W,0,-0.60323244,0.10388623178005219,0.9560439586639404,0.8255825638771057
YAR033W,YDR039C,0,-0.6032591,0.10387495905160904,0.9560439586639404,0.8256825804710388
YKR064W,YCL068C,0,-0.6032892,0.1038636863231659,0.9560439586639404,0.8257825970649719
YGL087C,YKL099C,0,-0.603449,0.10385241359472275,0.9560439586639404,0.825882613658905
YOR192C,YDR025W,0,-0.6040232,0.1038411483168602,0.9560439586639404,0.8259825706481934
YIL009W,YGL198W,0,-0.60580415,0.10382988303899765,0.9560439586639404,0.8260825872421265
YLR006C,YLR409C,0,-0.6058833,0.1038186177611351,0.9560439586639404,0.8261826038360596
YKL063C,YNR055C,0,-0.60591835,0.10380735248327255,0.9560439586639404,0.8262826204299927
YIL156W,YHL015W,0,-0.60622275,0.1037960946559906,0.9560439586639404,0.8263826370239258
YML127W,YHR197W,0,-0.60711515,0.10378483682870865,0.9560439586639404,0.8264826536178589
YHR158C,YDR160W,0,-0.607149,0.1037735864520073,0.9560439586639404,0.826582670211792
YMR318C,YER062C,0,-0.60780096,0.10376233607530594,0.9560439586639404,0.8266826868057251
YLR185W,YMR002W,0,-0.6088897,0.10375108569860458,0.9560439586639404,0.8267827033996582
YCR024C,YGL016W,0,-0.60891896,0.10373983532190323,0.9560439586639404,0.8268826603889465
YBR091C,YPL161C,0,-0.60941887,0.10372859239578247,0.9560439586639404,0.8269826769828796
YBR233W-A,YKL045W,0,-0.61002266,0.10371734946966171,0.9560439586639404,0.8270826935768127
YLL048C,YLR175W,0,-0.6100654,0.10370611399412155,0.9560439586639404,0.8271827101707458
YJL181W,YER007C-A,0,-0.6100995,0.10369487851858139,0.9560439586639404,0.827282726764679
YKL029C,YBR295W,0,-0.6102964,0.10368364304304123,0.9560439586639404,0.8273827433586121
YOL154W,YPL179W,0,-0.61034983,0.10367240756750107,0.9560439586639404,0.8274827599525452
YDL189W,YHR020W,0,-0.6107757,0.1036611795425415,0.9560439586639404,0.8275827765464783
YOR172W,YGL171W,0,-0.610984,0.10364995151758194,0.9560439586639404,0.8276827931404114
YCL029C,YLL018C,0,-0.6119934,0.10363872349262238,0.9560439586639404,0.8277827501296997
YDL081C,YLR056W,0,-0.6122977,0.10362750291824341,0.9560439586639404,0.8278827667236328
YDR201W,YML031W,0,-0.6123499,0.10361628234386444,0.9560439586639404,0.8279827833175659
YDR427W,YOR103C,0,-0.6130767,0.10360506922006607,0.9560439586639404,0.828082799911499
YNL020C,YGR057C,0,-0.61415774,0.1035938486456871,0.9560439586639404,0.8281828165054321
YDR057W,YMR035W,0,-0.6142354,0.10358263552188873,0.9560439586639404,0.8282828330993652
YMR275C,YFR034C,0,-0.61425227,0.10357142984867096,0.9560439586639404,0.8283828496932983
YDR160W,YHL011C,0,-0.6143256,0.10356022417545319,0.9560439586639404,0.8284828662872314
YJL110C,YGR296W,0,-0.61470884,0.10354901850223541,0.9560439586639404,0.8285828828811646
YJL094C,YMR149W,0,-0.61592424,0.10353781282901764,0.9560439586639404,0.8286828398704529
YPR173C,YLR004C,0,-0.61629283,0.10352661460638046,0.9560439586639404,0.828782856464386
YER028C,YMR105C,0,-0.6169065,0.10351541638374329,0.9560439586639404,0.8288828730583191
YPL115C,YKL155C,0,-0.6172813,0.10350421816110611,0.9560439586639404,0.8289828896522522
YHR169W,YIL167W,0,-0.6174447,0.10349302738904953,0.9560439586639404,0.8290829062461853
YPL137C,YLR367W,0,-0.6174798,0.10348183661699295,0.9560439586639404,0.8291829228401184
YNL183C,YPL234C,0,-0.6175876,0.10347064584493637,0.9560439586639404,0.8292829394340515
YLL018C-A,YPL049C,0,-0.6180745,0.10345946252346039,0.9560439586639404,0.8293829560279846
YDR212W,YDR434W,0,-0.6183563,0.1034482792019844,0.9560439586639404,0.8294829726219177
YFR047C,YGR003W,0,-0.6183659,0.10343709588050842,0.9560439586639404,0.829582929611206
YGR129W,YOR001W,0,-0.61900127,0.10342591255903244,0.9560439586639404,0.8296829462051392
YNL194C,YCL034W,1,-0.6192281,0.10352279990911484,0.957042932510376,0.8296829462051392
YJL089W,YIL018W,0,-0.61948436,0.10351161658763885,0.957042932510376,0.8297829627990723
YDR292C,YLR189C,0,-0.6196414,0.10350043326616287,0.957042932510376,0.8298829793930054
YDR045C,YHR193C,0,-0.6198255,0.10348924994468689,0.957042932510376,0.8299829959869385
YHR033W,YDL113C,0,-0.6202818,0.1034780740737915,0.957042932510376,0.8300830125808716
YBR089C-A,YMR118C,0,-0.62075204,0.10346689820289612,0.957042932510376,0.8301830291748047
YJL181W,YGL078C,0,-0.62085384,0.10345572233200073,0.957042932510376,0.8302830457687378
YIL013C,YOL098C,0,-0.62102956,0.10344455391168594,0.957042932510376,0.8303830623626709
YIL013C,YNR024W,0,-0.6219391,0.10343338549137115,0.957042932510376,0.8304830193519592
YHR150W,YGL105W,0,-0.6224393,0.10342221707105637,0.957042932510376,0.8305830359458923
YHR149C,YBR102C,1,-0.62258184,0.1035190001130104,0.9580419659614563,0.8305830359458923
YGR046W,YNR048W,0,-0.62281966,0.10350782424211502,0.9580419659614563,0.8306830525398254
YHR149C,YGL194C,0,-0.6228583,0.10349665582180023,0.9580419659614563,0.8307830691337585
YIL120W,YOR259C,0,-0.62311345,0.10348548740148544,0.9580419659614563,0.8308830857276917
YMR081C,YOR158W,0,-0.62340873,0.10347431898117065,0.9580419659614563,0.8309831023216248
YGR217W,YNL111C,0,-0.6235433,0.10346315801143646,0.9580419659614563,0.8310831189155579
YOL144W,YBR131W,0,-0.6236203,0.10345199704170227,0.9580419659614563,0.831183135509491
YDL098C,YPR133C,0,-0.6238052,0.10344083607196808,0.9580419659614563,0.8312831521034241
YGR032W,YHR114W,1,-0.6238218,0.10353752970695496,0.9590409398078918,0.8312831521034241
YKL129C,YHR157W,0,-0.6246968,0.10352636873722076,0.9590409398078918,0.8313831090927124
YER142C,YIR031C,0,-0.6251344,0.10351520031690598,0.9590409398078918,0.8314831256866455
YIL052C,YPL063W,0,-0.6253999,0.10350404679775238,0.9590409398078918,0.8315831422805786
YMR002W,YPL117C,0,-0.6257884,0.10349288582801819,0.9590409398078918,0.8316831588745117
YPL120W,YFR053C,0,-0.6260879,0.1034817323088646,0.9590409398078918,0.8317831754684448
YNL142W,YDR217C,0,-0.6262167,0.103470578789711,0.9590409398078918,0.8318831920623779
YKR100C,YHL006C,0,-0.6274299,0.1034594252705574,0.9590409398078918,0.831983208656311
YOR189W,YGL171W,0,-0.627904,0.1034482792019844,0.9590409398078918,0.8320832252502441
YGL078C,YCL067C,0,-0.6294197,0.10343713313341141,0.9590409398078918,0.8321832418441772
YLR175W,YER129W,0,-0.6297615,0.10342598706483841,0.9590409398078918,0.8322831988334656
YDR464W,YFR038W,0,-0.6314882,0.10341484099626541,0.9590409398078918,0.8323832154273987
YER149C,YLR001C,0,-0.63202626,0.10340370237827301,0.9590409398078918,0.8324832320213318
YOR189W,YOR119C,0,-0.6325515,0.1033925712108612,0.9590409398078918,0.8325832486152649
YGL116W,YER060W,0,-0.63257676,0.1033814325928688,0.9590409398078918,0.832683265209198
YDR345C,YIL087C,0,-0.6326307,0.103370301425457,0.9590409398078918,0.8327832818031311
YDR398W,YDR276C,0,-0.63311064,0.1033591702580452,0.9590409398078918,0.8328832983970642
YGL006W,YPR100W,0,-0.6337734,0.10334804654121399,0.9590409398078918,0.8329833149909973
YDR325W,YOL042W,0,-0.6337808,0.10333692282438278,0.9590409398078918,0.8330833315849304
YIR031C,YDR087C,0,-0.6340714,0.10332579910755157,0.9590409398078918,0.8331832885742188
YBL013W,YKL099C,0,-0.6341463,0.10331468284130096,0.9590409398078918,0.8332833051681519
YDR328C,YAL059W,0,-0.636449,0.10330355912446976,0.9590409398078918,0.833383321762085
YKL141W,YDR367W,0,-0.63654965,0.10329245030879974,0.9590409398078918,0.8334833383560181
YHR096C,YBL025W,0,-0.63716954,0.10328133404254913,0.9590409398078918,0.8335833549499512
YFR040W,YLR220W,0,-0.6374204,0.10327022522687912,0.9590409398078918,0.8336833715438843
YGR178C,YEL027W,0,-0.6379313,0.1032591164112091,0.9590409398078918,0.8337833881378174
YNL081C,YBR121C,0,-0.638435,0.10324800759553909,0.9590409398078918,0.8338834047317505
YBR038W,YDR150W,0,-0.63897413,0.10323690623044968,0.9590409398078918,0.8339834213256836
YCR086W,YLR234W,0,-0.6392647,0.10322580486536026,0.9590409398078918,0.8340834379196167
YDL220C,YHL006C,0,-0.6392743,0.10321471095085144,0.9590409398078918,0.834183394908905
YDR212W,YFR014C,0,-0.6396436,0.10320360958576202,0.9590409398078918,0.8342834115028381
YDL247W,YIL096C,0,-0.64024955,0.1031925156712532,0.9590409398078918,0.8343834280967712
YDR375C,YJL026W,0,-0.64063376,0.10318142920732498,0.9590409398078918,0.8344834446907043
YDR244W,YBR028C,0,-0.641348,0.10317033529281616,0.9590409398078918,0.8345834612846375
YHR073W,YCL054W,0,-0.64161927,0.10315924882888794,0.9590409398078918,0.8346834778785706
YML100W,YLR150W,0,-0.6416996,0.10314816981554031,0.9590409398078918,0.8347834944725037
YPL001W,YJL069C,0,-0.64205974,0.10313708335161209,0.9590409398078918,0.8348835110664368
YPL175W,YDL149W,0,-0.64222854,0.10312600433826447,0.9590409398078918,0.8349835276603699
YAL048C,YJR054W,0,-0.6433156,0.10311493277549744,0.9590409398078918,0.8350834846496582
YPL138C,YLR194C,0,-0.64497364,0.10310385376214981,0.9590409398078918,0.8351835012435913
YBR114W,YFR038W,0,-0.6454048,0.10309278219938278,0.9590409398078918,0.8352835178375244
YOL098C,YLR004C,0,-0.64546716,0.10308171063661575,0.9590409398078918,0.8353835344314575
YER072W,YIL008W,0,-0.64619714,0.10307064652442932,0.9590409398078918,0.8354835510253906
YGR193C,YGL096W,0,-0.64659005,0.10305958241224289,0.9590409398078918,0.8355835676193237
YCL016C,YBR168W,0,-0.646689,0.10304851830005646,0.9590409398078918,0.8356835842132568
YBR233W-A,YFR010W,0,-0.646915,0.10303746163845062,0.9590409398078918,0.8357836008071899
YDR213W,YMR002W,0,-0.64699614,0.10302639752626419,0.9590409398078918,0.835883617401123
YKL129C,YDR309C,1,-0.6471053,0.10312265157699585,0.9600399732589722,0.835883617401123
YFR016C,YPL175W,0,-0.6478563,0.10311158746480942,0.9600399732589722,0.8359835743904114
YNL221C,YKR100C,0,-0.6478648,0.10310052335262299,0.9600399732589722,0.8360835909843445
YPR134W,YBR085W,0,-0.64796734,0.10308946669101715,0.9600399732589722,0.8361836075782776
YLR390W-A,YHL021C,0,-0.6482573,0.10307841002941132,0.9600399732589722,0.8362836241722107
YER056C,YDR150W,0,-0.6483969,0.10306735336780548,0.9600399732589722,0.8363836407661438
YML031W,YGR208W,0,-0.6488447,0.10305629670619965,0.9600399732589722,0.8364836573600769
YDR435C,YML016C,0,-0.6491207,0.10304524749517441,0.9600399732589722,0.83658367395401
YDR398W,YDR160W,0,-0.6492789,0.10303419828414917,0.9600399732589722,0.8366836905479431
YGR094W,YJR096W,0,-0.64970934,0.10302315652370453,0.9600399732589722,0.8367837071418762
YHR148W,YDR384C,0,-0.64976996,0.10301211476325989,0.9600399732589722,0.8368836641311646
YLR367W,YDR384C,0,-0.65050036,0.10300107300281525,0.9600399732589722,0.8369836807250977
YGL073W,YHR148W,0,-0.65098506,0.1029900312423706,0.9600399732589722,0.8370836973190308
YDR212W,YLL026W,0,-0.65106374,0.10297899693250656,0.9600399732589722,0.8371837139129639
YLR017W,YGL045W,0,-0.65145844,0.10296796262264252,0.9600399732589722,0.837283730506897
YDL135C,YNR059W,0,-0.6514599,0.10295692831277847,0.9600399732589722,0.8373837471008301
YJR041C,YDR300C,0,-0.6515132,0.10294590145349503,0.9600399732589722,0.8374837636947632
YHR197W,YKL155C,0,-0.6516569,0.10293487459421158,0.9600399732589722,0.8375837802886963
YLR011W,YDR365C,0,-0.65170866,0.10292384773492813,0.9600399732589722,0.8376837968826294
YGR142W,YOR271C,0,-0.65297496,0.10291282832622528,0.9600399732589722,0.8377837538719177
YPL145C,YDR438W,0,-0.6531125,0.10290180891752243,0.9600399732589722,0.8378837704658508
YKR099W,YIR026C,0,-0.65316767,0.10289078950881958,0.9600399732589722,0.8379837870597839
YER093C,YOR271C,0,-0.65338045,0.10287977755069733,0.9600399732589722,0.838083803653717
YLL026W,YDL031W,0,-0.65442675,0.10286876559257507,0.9600399732589722,0.8381838202476501
YNL137C,YNL036W,0,-0.6548131,0.10285775363445282,0.9600399732589722,0.8382838368415833
YDL012C,YMR131C,0,-0.6550096,0.10284674912691116,0.9600399732589722,0.8383838534355164
YML023C,YAL056W,0,-0.65518767,0.1028357446193695,0.9600399732589722,0.8384838700294495
YPL146C,YHL050C,0,-0.65553206,0.10282474011182785,0.9600399732589722,0.8385838866233826
YPL100W,YLR328W,0,-0.65554243,0.1028137356042862,0.9600399732589722,0.8386838436126709
YIL075C,YBR029C,0,-0.65599895,0.10280273854732513,0.9600399732589722,0.838783860206604
YLR426W,YPL058C,0,-0.6560984,0.10279174149036407,0.9600399732589722,0.8388838768005371
YBL035C,YAL068C,0,-0.6569671,0.10278075188398361,0.9600399732589722,0.8389838933944702
YJL012C,YAL051W,0,-0.65759605,0.10276975482702255,0.9600399732589722,0.8390839099884033
YDR256C,YGL226W,0,-0.6581792,0.10275876522064209,0.9600399732589722,0.8391839265823364
YDR323C,YER167W,0,-0.65853673,0.10274778306484222,0.9600399732589722,0.8392839431762695
YKL033W,YIL069C,0,-0.65961987,0.10273679345846176,0.9600399732589722,0.8393839597702026
YOR247W,YGR296W,0,-0.6598975,0.10272581875324249,0.9600399732589722,0.8394839763641357
YDR434W,YCL067C,0,-0.66006887,0.10271483659744263,0.9600399732589722,0.8395839333534241
YEL040W,YBL007C,1,-0.6603982,0.10281073302030563,0.9610389471054077,0.8395839333534241
YGR244C,YMR050C,0,-0.66176707,0.10279974341392517,0.9610389471054077,0.8396839499473572
YOL135C,YHL026C,0,-0.6620933,0.1027887612581253,0.9610389471054077,0.8397839665412903
YCL017C,YIL062C,0,-0.66372526,0.10277777910232544,0.9610389471054077,0.8398839831352234
YOL122C,YOR136W,0,-0.6639882,0.10276679694652557,0.9610389471054077,0.8399839997291565
YLR167W,YGR055W,0,-0.6640366,0.1027558222413063,0.9610389471054077,0.8400840163230896
YPL234C,YPL018W,0,-0.66493535,0.10274484753608704,0.9610389471054077,0.8401840329170227
YMR175W,YGR283C,0,-0.6651464,0.10273387283086777,0.9610389471054077,0.8402840495109558
YHL017W,YDR145W,0,-0.6662738,0.1027229055762291,0.9610389471054077,0.8403840661048889
YPR071W,YMR242C,0,-0.66709507,0.10271193832159042,0.9610389471054077,0.8404840230941772
YHR148W,YDR179C,0,-0.6673041,0.10270097106695175,0.9610389471054077,0.8405840396881104
YJR132W,YPR143W,0,-0.6673774,0.10269001126289368,0.9610389471054077,0.8406840562820435
YDR528W,YDR395W,0,-0.6674288,0.1026790514588356,0.9610389471054077,0.8407840728759766
YHR169W,YIL120W,0,-0.6675703,0.10266809165477753,0.9610389471054077,0.8408840894699097
YNL130C,YCR106W,0,-0.6676111,0.10265713185071945,0.9610389471054077,0.8409841060638428
YJL094C,YEL027W,0,-0.66810715,0.10264617949724197,0.9610389471054077,0.8410841226577759
YPR097W,YJL197W,0,-0.6681138,0.1026352271437645,0.9610389471054077,0.841184139251709
YMR318C,YDR406W,0,-0.6681488,0.10262428224086761,0.9610389471054077,0.8412841558456421
YBR034C,YHL035C,0,-0.6683189,0.10261332988739014,0.9610389471054077,0.8413841128349304
YOR252W,YMR274C,0,-0.668794,0.10260239243507385,0.9610389471054077,0.8414841294288635
YIL075C,YPL175W,0,-0.6694938,0.10259144753217697,0.9610389471054077,0.8415841460227966
YLR390W-A,YLL053C,0,-0.66970754,0.10258051007986069,0.9610389471054077,0.8416841626167297
YBR069C,YGR174C,0,-0.66978675,0.1025695726275444,0.9610389471054077,0.8417841792106628
YFL011W,YPL156C,0,-0.6701846,0.10255863517522812,0.9610389471054077,0.841884195804596
YDR513W,YIL123W,0,-0.67098325,0.10254770517349243,0.9610389471054077,0.841984212398529
YFR034C,YBL072C,0,-0.6712212,0.10253677517175674,0.9610389471054077,0.8420842289924622
YGR024C,YOL052C-A,0,-0.6718657,0.10252584517002106,0.9610389471054077,0.8421842455863953
YHR016C,YLR206W,1,-0.6722618,0.10262148082256317,0.962037980556488,0.8421842455863953
YCL068C,YJL208C,0,-0.67312276,0.10261055082082748,0.962037980556488,0.8422842025756836
YMR055C,YJL208C,0,-0.6732861,0.1025996133685112,0.962037980556488,0.8423842191696167
YFR031C-A,YKL194C,0,-0.6738067,0.10258868336677551,0.962037980556488,0.8424842357635498
YKL026C,YIL064W,0,-0.6742972,0.10257776081562042,0.962037980556488,0.8425842523574829
YDR078C,YPL178W,0,-0.6745307,0.10256683081388474,0.962037980556488,0.842684268951416
YOL126C,YPR034W,0,-0.67495817,0.10255590826272964,0.962037980556488,0.8427842855453491
YOL061W,YDR200C,0,-0.6751582,0.10254499316215515,0.962037980556488,0.8428843021392822
YJL020C,YLR342W,1,-0.6757875,0.1026405468583107,0.9630369544029236,0.8428843021392822
YPR161C,YLR293C,0,-0.6761013,0.10262961685657501,0.9630369544029236,0.8429843187332153
YOR016C,YNL247W,0,-0.6761872,0.10261869430541992,0.9630369544029236,0.8430843353271484
YGR193C,YDL031W,0,-0.6765292,0.10260777175426483,0.9630369544029236,0.8431842923164368
YIR026C,YCR063W,0,-0.6767178,0.10259684920310974,0.9630369544029236,0.8432843089103699
YMR158W,YOR103C,0,-0.6769665,0.10258593410253525,0.9630369544029236,0.843384325504303
YER072W,YNL038W,0,-0.67893595,0.10257501900196075,0.9630369544029236,0.8434843420982361
YER100W,YBR060C,0,-0.6794334,0.10256410390138626,0.9630369544029236,0.8435843586921692
YFL061W,YFR034C,0,-0.6794779,0.10255318880081177,0.9630369544029236,0.8436843752861023
YCR035C,YPL145C,0,-0.68038535,0.10254228115081787,0.9630369544029236,0.8437843918800354
YJR048W,YDR343C,0,-0.6807289,0.10253137350082397,0.9630369544029236,0.8438844084739685
YCL064C,YKL077W,0,-0.6808412,0.10252047330141068,0.9630369544029236,0.8439844250679016
YHL003C,YDR384C,0,-0.6812466,0.10250957310199738,0.9630369544029236,0.8440843820571899
YNR019W,YPL061W,0,-0.6814248,0.10249867290258408,0.9630369544029236,0.844184398651123
YGL139W,YIR026C,0,-0.68150145,0.10248777270317078,0.9630369544029236,0.8442844152450562
YGR032W,YMR092C,1,-0.6817424,0.10258318483829498,0.9640359878540039,0.8442844152450562
YCL051W,YPL198W,0,-0.68215096,0.10257227718830109,0.9640359878540039,0.8443844318389893
YMR001C,YKL196C,0,-0.68226546,0.10256137698888779,0.9640359878540039,0.8444844484329224
YDR545W,YKL196C,0,-0.6823327,0.10255047678947449,0.9640359878540039,0.8445844650268555
YGR017W,YGR044C,0,-0.6828379,0.10253958404064178,0.9640359878540039,0.8446844816207886
YBR233W-A,YDR087C,0,-0.68290573,0.10252868384122849,0.9640359878540039,0.8447844982147217
YMR262W,YBL047C,0,-0.6833516,0.10251779109239578,0.9640359878540039,0.8448845148086548
YGL085W,YLR292C,0,-0.6835601,0.10250690579414368,0.9640359878540039,0.8449844717979431
YCL016C,YPL145C,0,-0.68363506,0.10249602049589157,0.9640359878540039,0.8450844883918762
YJL020C,YLR206W,1,-0.68365884,0.10259133577346802,0.9650349617004395,0.8450844883918762
YDR500C,YLR263W,0,-0.68419766,0.10258044302463531,0.9650349617004395,0.8451845049858093
YEL020W-A,YNL123W,0,-0.68443394,0.10256955027580261,0.9650349617004395,0.8452845215797424
YHR214W,YDR384C,0,-0.6844878,0.10255865752696991,0.9650349617004395,0.8453845381736755
YNR038W,YDR261C,0,-0.68501776,0.1025477722287178,0.9650349617004395,0.8454845547676086
YJL174W,YDR273W,0,-0.68552643,0.1025368869304657,0.9650349617004395,0.8455845713615417
YHR005C,YCL001W,0,-0.6866637,0.10252600163221359,0.9650349617004395,0.8456845879554749
YHL011C,YLR409C,0,-0.686969,0.10251512378454208,0.9650349617004395,0.845784604549408
YLL014W,YLR175W,0,-0.68768036,0.10250424593687057,0.9650349617004395,0.8458845615386963
YPL235W,YJL197W,0,-0.6879738,0.10249336808919907,0.9650349617004395,0.8459845781326294
YBR181C,YMR091C,0,-0.6886342,0.10248249769210815,0.9650349617004395,0.8460845947265625
YIL087C,YHR106W,0,-0.68910784,0.10247162729501724,0.9650349617004395,0.8461846113204956
YGL006W,YNL294C,0,-0.6893503,0.10246075689792633,0.9650349617004395,0.8462846279144287
YDL189W,YOR009W,0,-0.68965536,0.10244988650083542,0.9650349617004395,0.8463846445083618
YLR167W,YPL058C,0,-0.68979925,0.1024390235543251,0.9650349617004395,0.8464846611022949
YNR032C-A,YOR380W,0,-0.6898313,0.10242816060781479,0.9650349617004395,0.846584677696228
YOR191W,YDL175C,0,-0.6899759,0.10241730511188507,0.9650349617004395,0.8466846942901611
YDR098C,YOR119C,0,-0.69050497,0.10240644216537476,0.9650349617004395,0.8467846512794495
YIL053W,YJL083W,0,-0.6910996,0.10239559412002563,0.9650349617004395,0.8468846678733826
YJR048W,YJR046W,0,-0.69123167,0.10238473862409592,0.9650349617004395,0.8469846844673157
YNR019W,YHR110W,0,-0.6912387,0.1023738905787468,0.9650349617004395,0.8470847010612488
YML067C,YNR048W,0,-0.69129103,0.10236304253339767,0.9650349617004395,0.8471847176551819
YLL024C,YDR430C,0,-0.6915749,0.10235219448804855,0.9650349617004395,0.847284734249115
YML021C,YGL078C,0,-0.6915981,0.10234134644269943,0.9650349617004395,0.8473847508430481
YLR234W,YLR352W,0,-0.6917451,0.10233050584793091,0.9650349617004395,0.8474847674369812
YJL054W,YOR004W,0,-0.69183177,0.10231967270374298,0.9650349617004395,0.8475847840309143
YCR044C,YDR110W,0,-0.6919382,0.10230883210897446,0.9650349617004395,0.8476847410202026
YOR262W,YOR109W,0,-0.692675,0.10229799896478653,0.9650349617004395,0.8477847576141357
YKR075C,YIL011W,0,-0.6932848,0.1022871658205986,0.9650349617004395,0.8478847742080688
YKR093W,YMR243C,0,-0.69403356,0.10227634012699127,0.9650349617004395,0.847984790802002
YDR500C,YDR372C,0,-0.69425696,0.10226550698280334,0.9650349617004395,0.8480848073959351
YER033C,YOR359W,0,-0.6944357,0.10225468128919601,0.9650349617004395,0.8481848239898682
YLR315W,YLR067C,0,-0.6946977,0.10224386304616928,0.9650349617004395,0.8482848405838013
YDR441C,YLL018C,0,-0.6947816,0.10223303735256195,0.9650349617004395,0.8483848571777344
YML004C,YJL003W,0,-0.6947842,0.10222221910953522,0.9650349617004395,0.8484848737716675
YJR123W,YNR071C,0,-0.6957897,0.10221140831708908,0.9650349617004395,0.8485848307609558
YBR208C,YBR023C,0,-0.69594485,0.10220059007406235,0.9650349617004395,0.8486848473548889
YGL085W,YMR177W,0,-0.6960742,0.10218977928161621,0.9650349617004395,0.848784863948822
YCR016W,YLR413W,0,-0.6968392,0.10217896848917007,0.9650349617004395,0.8488848805427551
YNL145W,YGL078C,0,-0.6968867,0.10216816514730453,0.9650349617004395,0.8489848971366882
YDR075W,YDR517W,0,-0.6969069,0.102157361805439,0.9650349617004395,0.8490849137306213
YGR055W,YBL038W,0,-0.6970337,0.10214655846357346,0.9650349617004395,0.8491849303245544
YLR390W-A,YHR146W,0,-0.69717646,0.10213575512170792,0.9650349617004395,0.8492849469184875
YJL183W,YJL208C,0,-0.6972142,0.10212495923042297,0.9650349617004395,0.8493849635124207
YPL146C,YLR288C,0,-0.69722706,0.10211416333913803,0.9650349617004395,0.849484920501709
YGR017W,YCR021C,0,-0.6975977,0.10210337489843369,0.9650349617004395,0.8495849370956421
YJR108W,YPL006W,0,-0.6976332,0.10209257900714874,0.9650349617004395,0.8496849536895752
YDR025W,YKR095W,0,-0.6981038,0.1020817905664444,0.9650349617004395,0.8497849702835083
YLR102C,YKR079C,0,-0.69811136,0.10207100957632065,0.9650349617004395,0.8498849868774414
YPR174C,YHR106W,0,-0.6992356,0.1020602211356163,0.9650349617004395,0.8499850034713745
YER093C,YGL058W,0,-0.69970775,0.10204944014549255,0.9650349617004395,0.8500850200653076
YLR044C,YER127W,0,-0.7004588,0.1020386591553688,0.9650349617004395,0.8501850366592407
YHR170W,YGR083C,0,-0.70056766,0.10202788561582565,0.9650349617004395,0.8502850532531738
YFL049W,YPR169W,0,-0.7006498,0.1020171120762825,0.9650349617004395,0.8503850102424622
YGL139W,YNL164C,0,-0.7012953,0.10200633853673935,0.9650349617004395,0.8504850268363953
YBR005W,YMR262W,0,-0.70174307,0.1019955649971962,0.9650349617004395,0.8505850434303284
YDR325W,YJR042W,0,-0.70252687,0.10198479890823364,0.9650349617004395,0.8506850600242615
YNL287W,YIR026C,0,-0.7028933,0.10197403281927109,0.9650349617004395,0.8507850766181946
YDR464W,YDR412W,0,-0.7030014,0.10196326673030853,0.9650349617004395,0.8508850932121277
YLR190W,YDR438W,0,-0.7041906,0.10195250809192657,0.9650349617004395,0.8509851098060608
YDR516C,YER143W,0,-0.70477486,0.10194174945354462,0.9650349617004395,0.8510851263999939
YGR178C,YCR016W,0,-0.70510393,0.10193099081516266,0.9650349617004395,0.851185142993927
YCL051W,YLR333C,0,-0.7053654,0.1019202396273613,0.9650349617004395,0.8512850999832153
YBR069C,YDR246W,0,-0.7056867,0.10190948098897934,0.9650349617004395,0.8513851165771484
YPL207W,YPL117C,0,-0.70588887,0.10189873725175858,0.9650349617004395,0.8514851331710815
YOR207C,YDR284C,0,-0.70631063,0.10188798606395721,0.9650349617004395,0.8515851497650146
YLR247C,YGL078C,0,-0.70650405,0.10187724232673645,0.9650349617004395,0.8516851663589478
YGR103W,YDR150W,0,-0.7068307,0.10186649858951569,0.9650349617004395,0.8517851829528809
YNR071C,YJL168C,0,-0.7077396,0.10185575485229492,0.9650349617004395,0.851885199546814
YPL179W,YDR303C,0,-0.7078224,0.10184501856565475,0.9650349617004395,0.8519852161407471
YLL018C-A,YBR121C,0,-0.70828,0.10183428227901459,0.9650349617004395,0.8520852327346802
YAL002W,YPR161C,0,-0.708455,0.10182354599237442,0.9650349617004395,0.8521851897239685
YPL146C,YPL168W,0,-0.7088092,0.10181281715631485,0.9650349617004395,0.8522852063179016
YOR129C,YLR175W,0,-0.7090299,0.10180208832025528,0.9650349617004395,0.8523852229118347
YNL181W,YGL078C,0,-0.709091,0.10179135948419571,0.9650349617004395,0.8524852395057678
YPR067W,YIR031C,0,-0.70937437,0.10178063064813614,0.9650349617004395,0.8525852560997009
YNL062C,YIL148W,0,-0.7094764,0.10176990926265717,0.9650349617004395,0.852685272693634
YAL056W,YIL096C,0,-0.7100481,0.10175918787717819,0.9650349617004395,0.8527852892875671
YMR286W,YML120C,0,-0.7101142,0.10174847394227982,0.9650349617004395,0.8528853058815002
YNL251C,YGL116W,0,-0.7102134,0.10173776000738144,0.9650349617004395,0.8529853224754333
YBL031W,YDR190C,0,-0.71063596,0.10172704607248306,0.9650349617004395,0.8530852794647217
YGL171W,YOR009W,0,-0.711513,0.10171633213758469,0.9650349617004395,0.8531852960586548
YDR377W,YPL135W,0,-0.71152306,0.1017056256532669,0.9650349617004395,0.8532853126525879
YER038C,YER159C,0,-0.71219677,0.10169491171836853,0.9650349617004395,0.853385329246521
YOR090C,YEL005C,0,-0.712466,0.10168421268463135,0.9650349617004395,0.8534853458404541
YPR106W,YDR111C,0,-0.7125744,0.10167350620031357,0.9650349617004395,0.8535853624343872
YNL103W,YGL219C,0,-0.71341366,0.10166280716657639,0.9650349617004395,0.8536853790283203
YPL138C,YDR398W,0,-0.71429676,0.1016521081328392,0.9650349617004395,0.8537853956222534
YLR333C,YGL116W,0,-0.71497256,0.10164141654968262,0.9650349617004395,0.8538854122161865
YBR046C,YFR010W,0,-0.715005,0.10163071751594543,0.9650349617004395,0.8539853692054749
YGR060W,YIL043C,0,-0.7151174,0.10162002593278885,0.9650349617004395,0.854085385799408
YGL127C,YDL102W,0,-0.7153687,0.10160934180021286,0.9650349617004395,0.8541854023933411
YKL014C,YOL144W,0,-0.7154618,0.10159865021705627,0.9650349617004395,0.8542854189872742
YLL018C-A,YMR226C,0,-0.7162018,0.10158796608448029,0.9650349617004395,0.8543854355812073
YDR441C,YDL135C,0,-0.71659994,0.1015772894024849,0.9650349617004395,0.8544854521751404
YMR225C,YHR193C,0,-0.71745795,0.1015666052699089,0.9650349617004395,0.8545854687690735
YIL118W,YNL246W,0,-0.71753764,0.10155592858791351,0.9650349617004395,0.8546854853630066
YLL006W,YGR245C,0,-0.71788764,0.10154525190591812,0.9650349617004395,0.8547855019569397
YPL133C,YJL035C,0,-0.7179817,0.10153458267450333,0.9650349617004395,0.854885458946228
YLR248W,YFR053C,0,-0.7181036,0.10152390599250793,0.9650349617004395,0.8549854755401611
YIL098C,YDR234W,0,-0.7185615,0.10151324421167374,0.9650349617004395,0.8550854921340942
YFR031C-A,YOL132W,0,-0.7186827,0.10150257498025894,0.9650349617004395,0.8551855087280273
YIL075C,YHR122W,0,-0.71887195,0.10149191319942474,0.9650349617004395,0.8552855253219604
YGR005C,YDR234W,0,-0.71902436,0.10148125141859055,0.9650349617004395,0.8553855419158936
YDL081C,YDR227W,0,-0.7190997,0.10147058963775635,0.9650349617004395,0.8554855585098267
YIL037C,YLR175W,0,-0.7193403,0.10145992785692215,0.9650349617004395,0.8555855751037598
YEL051W,YOR001W,0,-0.7195805,0.10144927352666855,0.9650349617004395,0.8556855916976929
YPL018W,YJL216C,0,-0.7204992,0.10143861919641495,0.9650349617004395,0.855785608291626
YGL246C,YJR049C,0,-0.7209108,0.10142797231674194,0.9650349617004395,0.8558855652809143
YDR025W,YDR244W,0,-0.72171354,0.10141732543706894,0.9650349617004395,0.8559855818748474
YOR101W,YPL043W,0,-0.72182685,0.10140667855739594,0.9650349617004395,0.8560855984687805
YDR464W,YCL001W,0,-0.7224082,0.10139603167772293,0.9650349617004395,0.8561856150627136
YDR111C,YMR101C,0,-0.7229578,0.10138539224863052,0.9650349617004395,0.8562856316566467
YER062C,YMR009W,0,-0.7231486,0.10137475281953812,0.9650349617004395,0.8563856482505798
YDL189W,YGR208W,0,-0.7239893,0.10136411339044571,0.9650349617004395,0.8564856648445129
YPL146C,YOR011W,0,-0.7241159,0.1013534814119339,0.9650349617004395,0.856585681438446
YMR175W,YHR024C,0,-0.7242508,0.10134284198284149,0.9650349617004395,0.8566856980323792
YNL094W,YDR309C,1,-0.72462755,0.10143711417913437,0.9660339951515198,0.8566856980323792
YFR027W,YGR161C,0,-0.7247396,0.10142647475004196,0.9660339951515198,0.8567856550216675
YLL018C,YHL011C,0,-0.7249788,0.10141583532094955,0.9660339951515198,0.8568856716156006
YLR234W,YPL058C,0,-0.7250859,0.10140520334243774,0.9660339951515198,0.8569856882095337
YBR101C,YKL051W,0,-0.72509766,0.10139457136392593,0.9660339951515198,0.8570857048034668
YFR025C,YPL145C,0,-0.7254415,0.10138393938541412,0.9660339951515198,0.8571857213973999
YOR233W,YDR166C,1,-0.72627205,0.10147814452648163,0.9670329689979553,0.8571857213973999
YHR149C,YHR023W,1,-0.7263263,0.10157232731580734,0.9680319428443909,0.8571857213973999
YBR233W-A,YDR325W,0,-0.72792464,0.10156168043613434,0.9680319428443909,0.857285737991333
YPR143W,YOR001W,0,-0.728779,0.10155104100704193,0.9680319428443909,0.8573857545852661
YDR243C,YLR435W,0,-0.7287833,0.10154039412736893,0.9680319428443909,0.8574857711791992
YBR181C,YDR244W,0,-0.7288403,0.10152975469827652,0.9680319428443909,0.8575857877731323
YMR318C,YPL225W,0,-0.7289897,0.10151912271976471,0.9680319428443909,0.8576857447624207
YOL095C,YBR162C,0,-0.7294591,0.1015084832906723,0.9680319428443909,0.8577857613563538
YPL215W,YEL024W,0,-0.7305915,0.10149785131216049,0.9680319428443909,0.8578857779502869
YOR264W,YLL018C-A,0,-0.73065466,0.10148721933364868,0.9680319428443909,0.85798579454422
YGL025C,YIL119C,0,-0.7307133,0.10147659480571747,0.9680319428443909,0.8580858111381531
YGL243W,YIL096C,0,-0.73081464,0.10146597027778625,0.9680319428443909,0.8581858277320862
YLR384C,YGL192W,0,-0.7315816,0.10145534574985504,0.9680319428443909,0.8582858443260193
YMR243C,YHR001W-A,0,-0.73165184,0.10144472122192383,0.9680319428443909,0.8583858609199524
YLR258W,YGR094W,0,-0.7324328,0.10143410414457321,0.9680319428443909,0.8584858775138855
YLR277C,YEL024W,0,-0.7324713,0.1014234870672226,0.9680319428443909,0.8585858345031738
YOR207C,YBR089C-A,0,-0.7326841,0.10141286998987198,0.9680319428443909,0.8586858510971069
YOL154W,YLR215C,0,-0.73282987,0.10140226036310196,0.9680319428443909,0.85878586769104
YPL215W,YNR037C,0,-0.7340759,0.10139165073633194,0.9680319428443909,0.8588858842849731
YML021C,YKL110C,0,-0.7342939,0.10138104110956192,0.9680319428443909,0.8589859008789062
YDL098C,YHR139C,0,-0.73440427,0.1013704389333725,0.9680319428443909,0.8590859174728394
YNL142W,YNL247W,0,-0.73494995,0.10135982930660248,0.9680319428443909,0.8591859340667725
YGR060W,YPL063W,0,-0.73499113,0.10134923458099365,0.9680319428443909,0.8592859506607056
YKL033W,YMR215W,0,-0.7355574,0.10133863240480423,0.9680319428443909,0.8593859672546387
YKL048C,YBR162C,0,-0.73583555,0.1013280376791954,0.9680319428443909,0.859485924243927
YML120C,YNR030W,0,-0.73660415,0.10131744295358658,0.9680319428443909,0.8595859408378601
YBR153W,YNL190W,0,-0.7366482,0.10130684822797775,0.9680319428443909,0.8596859574317932
YFR050C,YLR011W,0,-0.7368217,0.10129626095294952,0.9680319428443909,0.8597859740257263
YIL038C,YMR035W,0,-0.7369948,0.1012856662273407,0.9680319428443909,0.8598859906196594
YNL167C,YPR134W,0,-0.73716015,0.10127508640289307,0.9680319428443909,0.8599860072135925
YDR148C,YER028C,0,-0.73763067,0.10126449912786484,0.9680319428443909,0.8600860238075256
YHR006W,YGR283C,0,-0.7376714,0.1012539193034172,0.9680319428443909,0.8601860404014587
YLL006W,YLR413W,0,-0.737744,0.10124333947896957,0.9680319428443909,0.8602860569953918
YLR181C,YNR053C,0,-0.73797387,0.10123275965452194,0.9680319428443909,0.8603860139846802
YOL011W,YOR259C,0,-0.73840064,0.10122218728065491,0.9680319428443909,0.8604860305786133
YIL022W,YMR274C,0,-0.73922014,0.10121161490678787,0.9680319428443909,0.8605860471725464
YDL081C,YNL233W,0,-0.739497,0.10120104253292084,0.9680319428443909,0.8606860637664795
YKR093W,YLR056W,0,-0.7398049,0.1011904776096344,0.9680319428443909,0.8607860803604126
YPL183C,YOR078W,0,-0.74039394,0.10117991268634796,0.9680319428443909,0.8608860969543457
YDR148C,YCR024C,0,-0.741003,0.10116934776306152,0.9680319428443909,0.8609861135482788
YML045W,YJR117W,0,-0.7414919,0.10115878283977509,0.9680319428443909,0.8610861301422119
YDR256C,YBR208C,0,-0.74191654,0.10114822536706924,0.9680319428443909,0.861186146736145
YDR148C,YFR047C,0,-0.7421923,0.1011376678943634,0.9680319428443909,0.8612861037254333
YER007C-A,YLR451W,0,-0.7428719,0.10112711042165756,0.9680319428443909,0.8613861203193665
YLR413W,YER060W,0,-0.7434297,0.10111656039953232,0.9680319428443909,0.8614861369132996
YDR129C,YJL020C,1,-0.7458641,0.1012103483080864,0.9690309762954712,0.8614861369132996
YKL026C,YPL280W,0,-0.74593055,0.10119979083538055,0.9690309762954712,0.8615861535072327
YPL126W,YPL140C,0,-0.7462685,0.10118923336267471,0.9690309762954712,0.8616861701011658
YDR345C,YGR142W,0,-0.7462997,0.10117867588996887,0.9690309762954712,0.8617861866950989
YHL028W,YIR019C,0,-0.7464138,0.10116812586784363,0.9690309762954712,0.861886203289032
YPL171C,YPL040C,0,-0.7468589,0.10115757584571838,0.9690309762954712,0.8619862198829651
YBR023C,YMR195W,0,-0.7469711,0.10114702582359314,0.9690309762954712,0.8620862364768982
YPL234C,YCR038C,0,-0.747145,0.10113648325204849,0.9690309762954712,0.8621861934661865
YJL183W,YGL093W,0,-0.7475398,0.10112594068050385,0.9690309762954712,0.8622862100601196
YMR177W,YPR141C,0,-0.74858946,0.1011153981089592,0.9690309762954712,0.8623862266540527
YKL006W,YNL066W,0,-0.74868894,0.10110485553741455,0.9690309762954712,0.8624862432479858
YIL107C,YHR033W,0,-0.74871165,0.1010943204164505,0.9690309762954712,0.862586259841919
YER040W,YCR021C,0,-0.748911,0.10108378529548645,0.9690309762954712,0.862686276435852
YGR030C,YLR075W,0,-0.75025934,0.1010732501745224,0.9690309762954712,0.8627862930297852
YBR069C,YDR009W,0,-0.7513278,0.10106272250413895,0.9690309762954712,0.8628863096237183
YDR309C,YOR132W,0,-0.7514517,0.1010521948337555,0.9690309762954712,0.8629863262176514
YOR383C,YGL167C,0,-0.7518795,0.10104166716337204,0.9690309762954712,0.8630862832069397
YDR482C,YGR138C,0,-0.7519166,0.10103113949298859,0.9690309762954712,0.8631862998008728
YER072W,YHL025W,0,-0.7525731,0.10102061927318573,0.9690309762954712,0.8632863163948059
YGL027C,YIR031C,0,-0.7527978,0.10101009905338287,0.9690309762954712,0.863386332988739
YDR500C,YGL192W,0,-0.75297236,0.10099958628416061,0.9690309762954712,0.8634863495826721
YLL018C-A,YNL048W,0,-0.7533053,0.10098906606435776,0.9690309762954712,0.8635863661766052
YIL120W,YMR195W,0,-0.7533284,0.1009785532951355,0.9690309762954712,0.8636863827705383
YAL048C,YNL066W,0,-0.7540998,0.10096804052591324,0.9690309762954712,0.8637863993644714
YGR057C,YDR176W,0,-0.7552979,0.10095753520727158,0.9690309762954712,0.8638864159584045
YOL020W,YOL098C,0,-0.75531435,0.10094702988862991,0.9690309762954712,0.8639863729476929
YGR055W,YJL035C,0,-0.75541574,0.10093652456998825,0.9690309762954712,0.864086389541626
YDR002W,YNL038W,0,-0.75544816,0.10092601925134659,0.9690309762954712,0.8641864061355591
YJL110C,YKL069W,0,-0.75618124,0.10091552138328552,0.9690309762954712,0.8642864227294922
YOR207C,YKR072C,0,-0.756242,0.10090502351522446,0.9690309762954712,0.8643864393234253
YBR112C,YGL226W,0,-0.75628835,0.10089452564716339,0.9690309762954712,0.8644864559173584
YHR033W,YGR208W,0,-0.7565597,0.10088403522968292,0.9690309762954712,0.8645864725112915
YOR272W,YGR083C,0,-0.7568292,0.10087354481220245,0.9690309762954712,0.8646864891052246
YNL132W,YAL068C,0,-0.7575008,0.10086305439472198,0.9690309762954712,0.8647865056991577
YDR361C,YIR031C,0,-0.75784457,0.10085257142782211,0.9690309762954712,0.864886462688446
YDL247W,YDR464W,0,-0.7583041,0.10084208101034164,0.9690309762954712,0.8649864792823792
YHR088W,YNL029C,0,-0.7585377,0.10083159804344177,0.9690309762954712,0.8650864958763123
YGR235C,YLR175W,0,-0.7588046,0.1008211225271225,0.9690309762954712,0.8651865124702454
YJR048W,YJL208C,0,-0.7590112,0.10081063956022263,0.9690309762954712,0.8652865290641785
YOL098C,YJL173C,0,-0.7590681,0.10080016404390335,0.9690309762954712,0.8653865456581116
YHR158C,YHR020W,0,-0.7597309,0.10078969597816467,0.9690309762954712,0.8654865622520447
YHR165C,YMR059W,0,-0.75973815,0.1007792204618454,0.9690309762954712,0.8655865788459778
YGR055W,YDR430C,0,-0.7601196,0.10076875239610672,0.9690309762954712,0.8656865954399109
YJR108W,YCL054W,0,-0.76063234,0.10075828433036804,0.9690309762954712,0.8657865524291992
YLR234W,YKL063C,0,-0.76112956,0.10074781626462936,0.9690309762954712,0.8658865690231323
YPL280W,YBR109C,0,-0.76150554,0.10073735564947128,0.9690309762954712,0.8659865856170654
YBL013W,YMR072W,0,-0.76196235,0.1007268950343132,0.9690309762954712,0.8660866022109985
YMR158W,YKL032C,0,-0.7619699,0.10071643441915512,0.9690309762954712,0.8661866188049316
YIR019C,YMR242C,0,-0.762273,0.10070598125457764,0.9690309762954712,0.8662866353988647
YOR078W,YER032W,0,-0.7623056,0.10069552809000015,0.9690309762954712,0.8663866519927979
YPL262W,YNL062C,0,-0.7623344,0.10068507492542267,0.9690309762954712,0.866486668586731
YLR093C,YKR049C,0,-0.7628926,0.10067462176084518,0.9690309762954712,0.8665866851806641
YDR235W,YMR050C,0,-0.7638201,0.1006641760468483,0.9690309762954712,0.8666866421699524
YEL001C,YOR319W,0,-0.76433647,0.10065373033285141,0.9690309762954712,0.8667866587638855
YDL003W,YIL011W,0,-0.7646696,0.10064328461885452,0.9690309762954712,0.8668866753578186
YOR273C,YKL114C,0,-0.76525915,0.10063284635543823,0.9690309762954712,0.8669866919517517
YKL062W,YDR515W,0,-0.7654223,0.10062240809202194,0.9690309762954712,0.8670867085456848
YJR109C,YJL069C,0,-0.76558566,0.10061196982860565,0.9690309762954712,0.8671867251396179
YML107C,YDL145C,0,-0.76565844,0.10060153156518936,0.9690309762954712,0.867286741733551
YER155C,YLR249W,0,-0.7659605,0.10059110075235367,0.9690309762954712,0.8673867583274841
YNR032C-A,YMR105C,0,-0.76664555,0.10058066993951797,0.9690309762954712,0.8674867749214172
YDR287W,YDR100W,0,-0.7667475,0.10057024657726288,0.9690309762954712,0.8675867319107056
YDR201W,YIL030C,0,-0.7670896,0.10055981576442719,0.9690309762954712,0.8676867485046387
YJL013C,YGL111W,0,-0.7675011,0.10054939240217209,0.9690309762954712,0.8677867650985718
YJR035W,YKL058W,0,-0.7675421,0.10053896903991699,0.9690309762954712,0.8678867816925049
YNL025C,YDR040C,0,-0.768043,0.10052855312824249,0.9690309762954712,0.867986798286438
YOR004W,YGL139W,0,-0.7681727,0.100518137216568,0.9690309762954712,0.8680868148803711
YOR045W,YAL007C,0,-0.76846945,0.1005077213048935,0.9690309762954712,0.8681868314743042
YOL132W,YEL048C,0,-0.76853245,0.100497305393219,0.9690309762954712,0.8682868480682373
YDR243C,YEL006W,0,-0.7685595,0.10048689693212509,0.9690309762954712,0.8683868646621704
YDL081C,YOR359W,0,-0.76936895,0.10047648847103119,0.9690309762954712,0.8684868216514587
YBR153W,YNL288W,0,-0.7697969,0.10046608000993729,0.9690309762954712,0.8685868382453918
YOR189W,YDR384C,0,-0.7698275,0.10045567154884338,0.9690309762954712,0.868686854839325
YBR218C,YNL164C,0,-0.7706105,0.10044527053833008,0.9690309762954712,0.8687868714332581
YCR016W,YHR154W,0,-0.77103305,0.10043486952781677,0.9690309762954712,0.8688868880271912
YOR380W,YER044C-A,0,-0.7713445,0.10042447596788406,0.9690309762954712,0.8689869046211243
YJL057C,YPR155C,0,-0.77167314,0.10041407495737076,0.9690309762954712,0.8690869212150574
YDR377W,YBR153W,0,-0.7718452,0.10040368139743805,0.9690309762954712,0.8691869378089905
YJR132W,YNR037C,0,-0.77197415,0.10039329528808594,0.9690309762954712,0.8692869544029236
YIL013C,YLR347C,0,-0.77207,0.10038290172815323,0.9690309762954712,0.8693869113922119
YAL059W,YIL005W,0,-0.7723896,0.10037251561880112,0.9690309762954712,0.869486927986145
YDR328C,YER149C,0,-0.77324677,0.100362129509449,0.9690309762954712,0.8695869445800781
YJR120W,YDR513W,0,-0.77327496,0.10035175085067749,0.9690309762954712,0.8696869611740112
YLR220W,YPL239W,0,-0.7733635,0.10034136474132538,0.9690309762954712,0.8697869777679443
YDR515W,YLR017W,0,-0.7736432,0.10033098608255386,0.9690309762954712,0.8698869943618774
YNL138W,YOR329C,1,-0.7739503,0.10042403638362885,0.9700299501419067,0.8698869943618774
YHR110W,YPL061W,0,-0.7754611,0.10041365027427673,0.9700299501419067,0.8699870109558105
YDR361C,YER060W-A,0,-0.77558947,0.10040326416492462,0.9700299501419067,0.8700870275497437
YDR127W,YDL223C,0,-0.7772417,0.1003928855061531,0.9700299501419067,0.8701870441436768
YMR055C,YKL145W,0,-0.7773492,0.10038250684738159,0.9700299501419067,0.8702870011329651
YMR059W,YGR296W,0,-0.7773928,0.10037212818861008,0.9700299501419067,0.8703870177268982
YPR106W,YIL068C,0,-0.7774983,0.10036175698041916,0.9700299501419067,0.8704870343208313
YKL026C,YDL223C,0,-0.77816546,0.10035138577222824,0.9700299501419067,0.8705870509147644
YNL233W,YNL111C,0,-0.7785668,0.10034101456403732,0.9700299501419067,0.8706870675086975
YDR280W,YML031W,0,-0.7786425,0.1003306433558464,0.9700299501419067,0.8707870841026306
YDR287W,YNR033W,0,-0.77878,0.10032027959823608,0.9700299501419067,0.8708871006965637
YBR054W,YBR189W,0,-0.77892286,0.10030991584062576,0.9700299501419067,0.8709871172904968
YCL051W,YEL032W,0,-0.7790209,0.10029955953359604,0.9700299501419067,0.8710871338844299
YER040W,YPL193W,0,-0.7793166,0.10028919577598572,0.9700299501419067,0.8711870908737183
YPR037C,YLR333C,0,-0.7793297,0.100278839468956,0.9700299501419067,0.8712871074676514
YER031C,YDR464W,0,-0.77980775,0.10026848316192627,0.9700299501419067,0.8713871240615845
YGL192W,YBL025W,0,-0.7798286,0.10025813430547714,0.9700299501419067,0.8714871406555176
YOR233W,YML052W,1,-0.7801381,0.10035102069377899,0.9710289835929871,0.8714871406555176
YKL043W,YGR245C,0,-0.7807583,0.10034066438674927,0.9710289835929871,0.8715871572494507
YCL068C,YMR035W,0,-0.78077275,0.10033030807971954,0.9710289835929871,0.8716871738433838
YOL069W,YGR283C,0,-0.781221,0.10031995177268982,0.9710289835929871,0.8717871904373169
YIL064W,YNL133C,0,-0.7813965,0.1003095954656601,0.9710289835929871,0.87188720703125
YLR150W,YLR435W,0,-0.78145707,0.10029924660921097,0.9710289835929871,0.8719872236251831
YKL014C,YPL189W,0,-0.78548825,0.10028889775276184,0.9710289835929871,0.8720871806144714
YLR293C,YHR214W,0,-0.78549474,0.10027854889631271,0.9710289835929871,0.8721871972084045
YEL018W,YHR073W,0,-0.78626144,0.10026820749044418,0.9710289835929871,0.8722872138023376
YJR041C,YCR024C,0,-0.78640556,0.10025786608457565,0.9710289835929871,0.8723872303962708
YNL328C,YCL054W,0,-0.7865545,0.10024752467870712,0.9710289835929871,0.8724872469902039
YDL209C,YDR303C,0,-0.78661823,0.10023718327283859,0.9710289835929871,0.872587263584137
YEL020W-A,YJL179W,0,-0.78702855,0.10022684931755066,0.9710289835929871,0.8726872801780701
YJR048W,YKL192C,0,-0.78737205,0.10021651536226273,0.9710289835929871,0.8727872967720032
YPR110C,YKR093W,0,-0.78746974,0.10020618885755539,0.9710289835929871,0.8728873133659363
YIL156W,YGL167C,0,-0.78863186,0.10019585490226746,0.9710289835929871,0.8729872703552246
YOL154W,YLR377C,0,-0.7888229,0.10018552839756012,0.9710289835929871,0.8730872869491577
YNL183C,YGR103W,0,-0.7890669,0.10017520189285278,0.9710289835929871,0.8731873035430908
YNR048W,YPR161C,0,-0.7892695,0.10016488283872604,0.9710289835929871,0.8732873201370239
YBR085W,YNL123W,0,-0.79046786,0.10015455633401871,0.9710289835929871,0.873387336730957
YNL173C,YLR068W,0,-0.79092944,0.10014423727989197,0.9710289835929871,0.8734873533248901
YBR114W,YOR001W,0,-0.7913223,0.10013392567634583,0.9710289835929871,0.8735873699188232
YHR146W,YHR197W,0,-0.7918995,0.10012360662221909,0.9710289835929871,0.8736873865127563
YJL054W,YOR271C,0,-0.7920951,0.10011329501867294,0.9710289835929871,0.8737874031066895
YGR055W,YIL123W,0,-0.7922222,0.1001029834151268,0.9710289835929871,0.8738873600959778
YLR004C,YDR261C,0,-0.7923318,0.10009267926216125,0.9710289835929871,0.8739873766899109
YMR050C,YAL051W,0,-0.79239863,0.10008237510919571,0.9710289835929871,0.874087393283844
YCR031C,YDR300C,0,-0.79249877,0.10007207095623016,0.9710289835929871,0.8741874098777771
YCL064C,YMR002W,0,-0.7929755,0.10006176680326462,0.9710289835929871,0.8742874264717102
YDR328C,YKL081W,0,-0.79314685,0.10005147010087967,0.9710289835929871,0.8743874430656433
YGL076C,YNR038W,0,-0.7932461,0.10004116594791412,0.9710289835929871,0.8744874596595764
YER100W,YMR149W,0,-0.79347247,0.10003087669610977,0.9710289835929871,0.8745874762535095
YGR205W,YPL156C,0,-0.79387194,0.10002057999372482,0.9710289835929871,0.8746874928474426
YOL020W,YHL028W,0,-0.7940068,0.10001029074192047,0.9710289835929871,0.874787449836731
YKL141W,YKL002W,0,-0.79429036,0.10000000149011612,0.9710289835929871,0.8748874664306641
YNL176C,YGL078C,0,-0.7947381,0.09998971223831177,0.9710289835929871,0.8749874830245972
YLR083C,YGL198W,0,-0.7957131,0.09997943043708801,0.9710289835929871,0.8750874996185303
YLR417W,YGL085W,0,-0.79575324,0.09996914863586426,0.9710289835929871,0.8751875162124634
YHR169W,YPL063W,0,-0.796744,0.0999588668346405,0.9710289835929871,0.8752875328063965
YLR220W,YDR025W,0,-0.79681164,0.09994858503341675,0.9710289835929871,0.8753875494003296
YHR158C,YJL212C,0,-0.79722095,0.09993831068277359,0.9710289835929871,0.8754875659942627
YLR083C,YJR041C,0,-0.79742146,0.09992803633213043,0.9710289835929871,0.8755875825881958
YBR189W,YCL068C,0,-0.7985588,0.09991776198148727,0.9710289835929871,0.8756875395774841
YPL138C,YGL246C,0,-0.7991264,0.09990749508142471,0.9710289835929871,0.8757875561714172
YMR205C,YLR056W,0,-0.79972154,0.09989722818136215,0.9710289835929871,0.8758875727653503
YGR208W,YPL135W,0,-0.80027455,0.09988696128129959,0.9710289835929871,0.8759875893592834
YPR169W,YDR301W,0,-0.8008478,0.09987669438123703,0.9710289835929871,0.8760876059532166
YOR363C,YEL006W,0,-0.80149,0.09986643493175507,0.9710289835929871,0.8761876225471497
YPR114W,YDR361C,0,-0.8016334,0.0998561754822731,0.9710289835929871,0.8762876391410828
YHL011C,YDR292C,0,-0.8017275,0.09984591603279114,0.9710289835929871,0.8763876557350159
YLR390W-A,YGL167C,0,-0.80175805,0.09983566403388977,0.9710289835929871,0.876487672328949
YPL001W,YDR039C,0,-0.80201346,0.0998254045844078,0.9710289835929871,0.8765876293182373
YNL056W,YJL212C,0,-0.8023609,0.09981516003608704,0.9710289835929871,0.8766876459121704
YOL121C,YOR001W,0,-0.80279297,0.09980490803718567,0.9710289835929871,0.8767876625061035
YIL106W,YFR034C,0,-0.80288786,0.0997946634888649,0.9710289835929871,0.8768876791000366
YNL214W,YGL111W,0,-0.80351025,0.09978441894054413,0.9710289835929871,0.8769876956939697
YPR148C,YKR099W,0,-0.80374086,0.09977417439222336,0.9710289835929871,0.8770877122879028
YOR090C,YDR111C,0,-0.80431074,0.09976392984390259,0.9710289835929871,0.8771877288818359
YDL240W,YOL055C,0,-0.8056042,0.09975369274616241,0.9710289835929871,0.877287745475769
YBR085W,YPL198W,0,-0.80605966,0.09974345564842224,0.9710289835929871,0.8773877620697021
YGL070C,YBR208C,0,-0.8063603,0.09973322600126266,0.9710289835929871,0.8774877190589905
YOR091W,YNL056W,0,-0.8064735,0.09972298890352249,0.9710289835929871,0.8775877356529236
YDR399W,YBR023C,0,-0.8065393,0.09971275925636292,0.9710289835929871,0.8776877522468567
YKL185W,YPR128C,0,-0.8068102,0.09970253705978394,0.9710289835929871,0.8777877688407898
YBL087C,YAL019W,0,-0.8071889,0.09969230741262436,0.9710289835929871,0.8778877854347229
YOR334W,YIL119C,0,-0.80734235,0.09968208521604538,0.9710289835929871,0.877987802028656
YOR049C,YDR395W,0,-0.80791396,0.0996718630194664,0.9710289835929871,0.8780878186225891
YLR324W,YPL056C,0,-0.80805516,0.09966164082288742,0.9710289835929871,0.8781878352165222
YMR001C,YPL006W,0,-0.8080955,0.09965142607688904,0.9710289835929871,0.8782878518104553
YPL198W,YNL161W,0,-0.8083698,0.09964121133089066,0.9710289835929871,0.8783878684043884
YDR345C,YEL020W-A,0,-0.80848926,0.09963099658489227,0.9710289835929871,0.8784878253936768
YDL124W,YIR026C,0,-0.8087342,0.09962078183889389,0.9710289835929871,0.8785878419876099
YPR110C,YAL068C,0,-0.8089437,0.0996105745434761,0.9710289835929871,0.878687858581543
YCR091W,YJL058C,0,-0.8093377,0.09960036724805832,0.9710289835929871,0.8787878751754761
YDR292C,YIR026C,0,-0.809553,0.09959016740322113,0.9710289835929871,0.8788878917694092
YER040W,YOL078W,0,-0.80987036,0.09957996010780334,0.9710289835929871,0.8789879083633423
YPL207W,YKL058W,0,-0.81067,0.09956976026296616,0.9710289835929871,0.8790879249572754
YPL183C,YDL031W,0,-0.81090385,0.09955956041812897,0.9710289835929871,0.8791879415512085
YOR195W,YNR053C,0,-0.8110298,0.09954936802387238,0.9710289835929871,0.8792879581451416
YKL048C,YHR149C,1,-0.8115774,0.0996415764093399,0.9720279574394226,0.8792879581451416
YER072W,YKL134C,0,-0.8117803,0.09963137656450272,0.9720279574394226,0.8793879151344299
YNL137C,YDR375C,0,-0.8117982,0.09962117671966553,0.9720279574394226,0.879487931728363
YDR361C,YNL038W,0,-0.81241786,0.09961097687482834,0.9720279574394226,0.8795879483222961
YJR084W,YOR272W,0,-0.8126597,0.09960077702999115,0.9720279574394226,0.8796879649162292
YDR375C,YDR078C,0,-0.81279576,0.09959058463573456,0.9720279574394226,0.8797879815101624
YDR292C,YOR271C,0,-0.8133177,0.09958039224147797,0.9720279574394226,0.8798879981040955
YJL012C,YBL013W,0,-0.81342715,0.09957019984722137,0.9720279574394226,0.8799880146980286
YFR031C-A,YOR260W,0,-0.8137953,0.09956001490354538,0.9720279574394226,0.8800880312919617
YKL026C,YOL121C,0,-0.8144901,0.09954982250928879,0.9720279574394226,0.8801880478858948
YDR111C,YDR150W,0,-0.8146352,0.09953964501619339,0.9720279574394226,0.8802880048751831
YPL234C,YHR096C,0,-0.81488264,0.0995294600725174,0.9720279574394226,0.8803880214691162
YDL124W,YMR237W,0,-0.8160698,0.099519282579422,0.9720279574394226,0.8804880380630493
YFR040W,YLR384C,0,-0.8167602,0.0995091050863266,0.9720279574394226,0.8805880546569824
YGR205W,YIL148W,0,-0.8168516,0.0994989275932312,0.9720279574394226,0.8806880712509155
YDR397C,YGL049C,0,-0.81686735,0.0994887501001358,0.9720279574394226,0.8807880878448486
YOR341W,YBR149W,0,-0.81701285,0.099478580057621,0.9720279574394226,0.8808881044387817
YIL119C,YFR050C,0,-0.8182662,0.0994684100151062,0.9720279574394226,0.8809881210327148
YPR174C,YCR038C,0,-0.8182692,0.099458247423172,0.9720279574394226,0.881088137626648
YMR318C,YPL198W,0,-0.8190008,0.0994480773806572,0.9720279574394226,0.8811880946159363
YBR272C,YCR063W,0,-0.8191199,0.09943791478872299,0.9720279574394226,0.8812881112098694
YBR181C,YGR296W,0,-0.81927234,0.09942775219678879,0.9720279574394226,0.8813881278038025
YLR258W,YLR411W,0,-0.8195008,0.09941759705543518,0.9720279574394226,0.8814881443977356
YDR287W,YML081W,0,-0.8199464,0.09940743446350098,0.9720279574394226,0.8815881609916687
YNL062C,YGL115W,0,-0.81995547,0.09939727932214737,0.9720279574394226,0.8816881775856018
YIL013C,YLR004C,0,-0.82053405,0.09938713163137436,0.9720279574394226,0.8817881941795349
YNL180C,YEL027W,0,-0.82132244,0.09937697649002075,0.9720279574394226,0.881888210773468
YMR175W,YKL043W,0,-0.82154167,0.09936682879924774,0.9720279574394226,0.8819882273674011
YLR059C,YBR015C,0,-0.82185996,0.09935668110847473,0.9720279574394226,0.8820881843566895
YJL167W,YDR243C,0,-0.8234099,0.09934654086828232,0.9720279574394226,0.8821882009506226
YDR009W,YPL233W,0,-0.8237042,0.09933639317750931,0.9720279574394226,0.8822882175445557
YMR192W,YNR071C,0,-0.8244247,0.0993262529373169,0.9720279574394226,0.8823882341384888
YMR192W,YPL058C,0,-0.82484204,0.09931612014770508,0.9720279574394226,0.8824882507324219
YPR175W,YBR121C,0,-0.82518023,0.09930597990751266,0.9720279574394226,0.882588267326355
YLR313C,YCL014W,1,-0.8255169,0.09939789772033691,0.9730269908905029,0.882588267326355
YLR442C,YNL142W,0,-0.8261127,0.0993877574801445,0.9730269908905029,0.8826882839202881
YPL138C,YOR172W,0,-0.8271266,0.09937761723995209,0.9730269908905029,0.8827883005142212
YOL116W,YPL156C,0,-0.82984155,0.09936747699975967,0.9730269908905029,0.8828883171081543
YOL122C,YKL110C,0,-0.83009887,0.09935733675956726,0.9730269908905029,0.8829882740974426
YBR254C,YLR435W,0,-0.8313589,0.09934720396995544,0.9730269908905029,0.8830882906913757
YMR092C,YNL194C,1,-0.83136874,0.09943906217813492,0.9740259647369385,0.8830882906913757
YMR050C,YPR133C,0,-0.8314478,0.0994289219379425,0.9740259647369385,0.8831883072853088
YLR196W,YBL025W,0,-0.8319965,0.09941878169775009,0.9740259647369385,0.8832883238792419
YIL013C,YKL043W,0,-0.83332026,0.09940864890813828,0.9740259647369385,0.883388340473175
YLR059C,YMR220W,0,-0.8334402,0.09939850866794586,0.9740259647369385,0.8834883570671082
YPL141C,YNL132W,0,-0.8344362,0.09938837587833405,0.9740259647369385,0.8835883736610413
YEL006W,YLR328W,0,-0.8350353,0.09937825053930283,0.9740259647369385,0.8836883902549744
YDR375C,YHR148W,0,-0.8356329,0.09936811774969101,0.9740259647369385,0.8837884068489075
YJL179W,YGL111W,0,-0.835633,0.09935799241065979,0.9740259647369385,0.8838883638381958
YIL148W,YDR080W,0,-0.8357535,0.09934786707162857,0.9740259647369385,0.8839883804321289
YJL054W,YGR103W,0,-0.83630776,0.09933774918317795,0.9740259647369385,0.884088397026062
YBL087C,YHR096C,0,-0.8366042,0.09932763129472733,0.9740259647369385,0.8841884136199951
YHR088W,YIL053W,0,-0.8366749,0.0993175134062767,0.9740259647369385,0.8842884302139282
YDL091C,YJL089W,0,-0.8366963,0.09930739551782608,0.9740259647369385,0.8843884468078613
YDR276C,YLR068W,0,-0.837106,0.09929727762937546,0.9740259647369385,0.8844884634017944
YNL263C,YIL011W,0,-0.83744127,0.09928716719150543,0.9740259647369385,0.8845884799957275
YKL014C,YKL087C,0,-0.83749753,0.0992770567536354,0.9740259647369385,0.8846884965896606
YGR097W,YLR413W,0,-0.83807725,0.09926695376634598,0.9740259647369385,0.884788453578949
YNL038W,YDR395W,0,-0.8382134,0.09925684332847595,0.9740259647369385,0.8848884701728821
YMR050C,YBR094W,0,-0.8388069,0.09924674034118652,0.9740259647369385,0.8849884867668152
YPL137C,YBR043C,0,-0.839307,0.09923664480447769,0.9740259647369385,0.8850885033607483
YDR287W,YMR009W,0,-0.8404432,0.09922654181718826,0.9740259647369385,0.8851885199546814
YDR129C,YLR175W,0,-0.8408987,0.09921644628047943,0.9740259647369385,0.8852885365486145
YDR463W,YJL094C,0,-0.84231764,0.0992063507437706,0.9740259647369385,0.8853885531425476
YJL098W,YCR021C,0,-0.8429338,0.09919625520706177,0.9740259647369385,0.8854885697364807
YPL280W,YEL044W,0,-0.84298944,0.09918616712093353,0.9740259647369385,0.8855885863304138
YBR005W,YMR105C,0,-0.84327453,0.0991760790348053,0.9740259647369385,0.8856885433197021
YER143W,YNL278W,0,-0.84351856,0.09916599094867706,0.9740259647369385,0.8857885599136353
YPL235W,YLR055C,0,-0.8447472,0.09915590286254883,0.9740259647369385,0.8858885765075684
YLR193C,YNL063W,0,-0.84477025,0.09914582222700119,0.9740259647369385,0.8859885931015015
YBR054W,YJL003W,0,-0.84480524,0.09913574159145355,0.9740259647369385,0.8860886096954346
YIL075C,YHR110W,0,-0.84500057,0.09912566095590591,0.9740259647369385,0.8861886262893677
YPR007C,YBR191W,0,-0.84521383,0.09911558032035828,0.9740259647369385,0.8862886428833008
YGR103W,YHL050C,0,-0.8453377,0.09910550713539124,0.9740259647369385,0.8863886594772339
YDR375C,YLR293C,0,-0.84576744,0.0990954339504242,0.9740259647369385,0.886488676071167
YIL068C,YOR172W,0,-0.84675616,0.09908536821603775,0.9740259647369385,0.8865886330604553
YBR091C,YPL198W,0,-0.84799814,0.09907529503107071,0.9740259647369385,0.8866886496543884
YOR065W,YKL032C,0,-0.8481023,0.09906522929668427,0.9740259647369385,0.8867886662483215
YDR377W,YJR117W,0,-0.8489736,0.09905516356229782,0.9740259647369385,0.8868886828422546
YGR161C,YKL196C,0,-0.84960175,0.09904510527849197,0.9740259647369385,0.8869886994361877
YDR463W,YER149C,0,-0.8497067,0.09903503954410553,0.9740259647369385,0.8870887160301208
YNL145W,YLR061W,0,-0.8502433,0.09902498126029968,0.9740259647369385,0.887188732624054
YBR162W-A,YML081W,0,-0.8506075,0.09901493042707443,0.9740259647369385,0.8872887492179871
YOL096C,YBR003W,0,-0.85075814,0.09900487214326859,0.9740259647369385,0.8873887658119202
YDR212W,YNL068C,0,-0.85079294,0.09899482131004333,0.9740259647369385,0.8874887228012085
YNL190W,YDR009W,0,-0.8509532,0.09898477047681808,0.9740259647369385,0.8875887393951416
YER127W,YDL087C,0,-0.85114217,0.09897472709417343,0.9740259647369385,0.8876887559890747
YMR055C,YPR017C,0,-0.8512852,0.09896467626094818,0.9740259647369385,0.8877887725830078
YOR087W,YLR249W,0,-0.85157114,0.09895463287830353,0.9740259647369385,0.8878887891769409
YMR243C,YMR041C,0,-0.8522447,0.09894458949565887,0.9740259647369385,0.887988805770874
YPR155C,YGR208W,0,-0.8531832,0.09893455356359482,0.9740259647369385,0.8880888223648071
YLL066C,YNL065W,0,-0.8534462,0.09892451018095016,0.9740259647369385,0.8881888389587402
YJR041C,YEL039C,0,-0.85381836,0.09891447424888611,0.9740259647369385,0.8882888555526733
YER142C,YJL069C,0,-0.85424984,0.09890444576740265,0.9740259647369385,0.8883888125419617
YPR110C,YJR123W,0,-0.8553331,0.09889440983533859,0.9740259647369385,0.8884888291358948
YLR333C,YMR001C,0,-0.8558108,0.09888438135385513,0.9740259647369385,0.8885888457298279
YPR188C,YDR233C,1,-0.8558425,0.0989757627248764,0.9750249981880188,0.8885888457298279
YOL020W,YGR178C,0,-0.8558974,0.09896572679281235,0.9750249981880188,0.888688862323761
YER142C,YMR050C,0,-0.8561868,0.09895569086074829,0.9750249981880188,0.8887888789176941
YJR109C,YJR054W,0,-0.85634726,0.09894566237926483,0.9750249981880188,0.8888888955116272
YCR105W,YDR021W,0,-0.85671765,0.09893563389778137,0.9750249981880188,0.8889889121055603
YIL075C,YPR128C,0,-0.8579976,0.09892560541629791,0.9750249981880188,0.8890889286994934
YAR009C,YBR169C,0,-0.858446,0.09891557693481445,0.9750249981880188,0.8891889452934265
YFL061W,YBR101C,0,-0.8589788,0.09890555590391159,0.9750249981880188,0.8892889022827148
YOL084W,YER123W,0,-0.8596458,0.09889553487300873,0.9750249981880188,0.889388918876648
YAL002W,YFL026W,0,-0.85982406,0.09888551384210587,0.9750249981880188,0.889488935470581
YBR005W,YGR097W,0,-0.8603383,0.098875492811203,0.9750249981880188,0.8895889520645142
YBR038W,YKR034W,0,-0.86066866,0.09886547923088074,0.9750249981880188,0.8896889686584473
YPL138C,YJL078C,0,-0.8607806,0.09885546565055847,0.9750249981880188,0.8897889852523804
YBR003W,YMR225C,0,-0.8615428,0.0988454520702362,0.9750249981880188,0.8898890018463135
YPR173C,YJL012C,0,-0.86349154,0.09883544594049454,0.9750249981880188,0.8899890184402466
YDR517W,YDR300C,0,-0.86358154,0.09882543236017227,0.9750249981880188,0.8900890350341797
YPL280W,YKR088C,0,-0.8648237,0.0988154262304306,0.9750249981880188,0.890188992023468
YLR333C,YJL069C,0,-0.86580116,0.09880542755126953,0.9750249981880188,0.8902890086174011
YBR069C,YGR253C,0,-0.86638063,0.09879542142152786,0.9750249981880188,0.8903890252113342
YDR025W,YJR096W,0,-0.86645335,0.09878542274236679,0.9750249981880188,0.8904890418052673
YJL173C,YGL116W,0,-0.8677639,0.09877542406320572,0.9750249981880188,0.8905890583992004
YPR128C,YDR381W,0,-0.86824656,0.09876543283462524,0.9750249981880188,0.8906890749931335
YNL024C,YOR335C,0,-0.8684298,0.09875544160604477,0.9750249981880188,0.8907890915870667
YGL246C,YDL117W,0,-0.8687482,0.0987454503774643,0.9750249981880188,0.8908891081809998
YCR045C,YOR236W,0,-0.8691624,0.09873545914888382,0.9750249981880188,0.8909891247749329
YDL209C,YBR049C,0,-0.8710677,0.09872546792030334,0.9750249981880188,0.8910890817642212
YCR031C,YDR464W,0,-0.8712805,0.09871548414230347,0.9750249981880188,0.8911890983581543
YHR120W,YEL051W,0,-0.8723921,0.09870550036430359,0.9750249981880188,0.8912891149520874
YLR017W,YBR301W,0,-0.8730119,0.09869551658630371,0.9750249981880188,0.8913891315460205
YDR098C,YKL043W,0,-0.87343323,0.09868554025888443,0.9750249981880188,0.8914891481399536
YIL056W,YPL239W,0,-0.8738231,0.09867556393146515,0.9750249981880188,0.8915891647338867
YLR239C,YNR030W,0,-0.874445,0.09866558760404587,0.9750249981880188,0.8916891813278198
YPL130W,YBR191W,0,-0.8745993,0.09865561872720718,0.9750249981880188,0.8917891979217529
YDR435C,YDR516C,0,-0.87611914,0.0986456423997879,0.9750249981880188,0.891889214515686
YDR110W,YGL129C,0,-0.8766474,0.09863567352294922,0.9750249981880188,0.8919891715049744
YFR038W,YIL018W,0,-0.87667775,0.09862570464611053,0.9750249981880188,0.8920891880989075
YER149C,YCR021C,0,-0.8768461,0.09861574321985245,0.9750249981880188,0.8921892046928406
YKR072C,YOL052C-A,0,-0.8773181,0.09860578179359436,0.9750249981880188,0.8922892212867737
YGL028C,YDL134C,0,-0.8773888,0.09859582036733627,0.9750249981880188,0.8923892378807068
YIL096C,YOR357C,0,-0.87822413,0.09858585894107819,0.9750249981880188,0.8924892544746399
YIL056W,YOR358W,0,-0.8783657,0.0985759049654007,0.9750249981880188,0.892589271068573
YML059C,YER127W,0,-0.8784819,0.09856594353914261,0.9750249981880188,0.8926892876625061
YGL246C,YOR260W,0,-0.87960213,0.09855598956346512,0.9750249981880188,0.8927893042564392
YGL139W,YNR053C,0,-0.8798614,0.09854604303836823,0.9750249981880188,0.8928892612457275
YDR233C,YMR032W,1,-0.87997454,0.09863705188035965,0.9760239720344543,0.8928892612457275
YCR016W,YJL179W,0,-0.88019496,0.09862709790468216,0.9760239720344543,0.8929892778396606
YIL120W,YDR343C,0,-0.88034904,0.09861713647842407,0.9760239720344543,0.8930892944335938
YLL067C,YNL164C,0,-0.88050896,0.09860718250274658,0.9760239720344543,0.8931893110275269
YML120C,YOR227W,0,-0.8816206,0.09859723597764969,0.9760239720344543,0.89328932762146
YGR202C,YOR363C,0,-0.882018,0.0985872820019722,0.9760239720344543,0.8933893442153931
YJR150C,YIL038C,0,-0.8821115,0.0985773354768753,0.9760239720344543,0.8934893608093262
YKL054C,YHR170W,0,-0.8824607,0.09856739640235901,0.9760239720344543,0.8935893774032593
YNL025C,YGL192W,0,-0.88254577,0.09855744987726212,0.9760239720344543,0.8936893939971924
YIL009W,YKR034W,0,-0.88325495,0.09854751080274582,0.9760239720344543,0.8937893509864807
YGR244C,YIL123W,0,-0.8833296,0.09853757172822952,0.9760239720344543,0.8938893675804138
YOR136W,YLR367W,0,-0.88446534,0.09852763265371323,0.9760239720344543,0.8939893841743469
YML041C,YNL288W,0,-0.8852989,0.09851769357919693,0.9760239720344543,0.89408940076828
YBR085W,YKL150W,0,-0.88542324,0.09850776195526123,0.9760239720344543,0.8941894173622131
YHR214W,YHR149C,0,-0.88559777,0.09849783033132553,0.9760239720344543,0.8942894339561462
YGR283C,YBL051C,0,-0.8867821,0.09848790615797043,0.9760239720344543,0.8943894505500793
YJR123W,YPL135W,0,-0.8887713,0.09847797453403473,0.9760239720344543,0.8944894671440125
YMR195W,YDL031W,0,-0.88884014,0.09846805036067963,0.9760239720344543,0.8945894837379456
YGL126W,YBR003W,0,-0.8895614,0.09845812618732452,0.9760239720344543,0.8946894407272339
YER177W,YDL012C,0,-0.88969976,0.09844820946455002,0.9760239720344543,0.894789457321167
YDR377W,YAL030W,0,-0.889964,0.09843828529119492,0.9760239720344543,0.8948894739151001
YDR023W,YLR333C,0,-0.89006454,0.09842836856842041,0.9760239720344543,0.8949894905090332
YJL174W,YJL196C,0,-0.8917164,0.0984184518456459,0.9760239720344543,0.8950895071029663
YGL096W,YKL087C,0,-0.8919373,0.098408542573452,0.9760239720344543,0.8951895236968994
YNL328C,YHR020W,0,-0.8923977,0.09839863330125809,0.9760239720344543,0.8952895402908325
YPL146C,YPL061W,0,-0.8930655,0.09838872402906418,0.9760239720344543,0.8953895568847656
YCL048W,YOR341W,0,-0.8930755,0.09837881475687027,0.9760239720344543,0.8954895734786987
YGR165W,YPR155C,0,-0.89311415,0.09836890548467636,0.9760239720344543,0.8955895304679871
YOL121C,YLR181C,0,-0.89327246,0.09835900366306305,0.9760239720344543,0.8956895470619202
YML100W,YGR244C,0,-0.8945123,0.09834910184144974,0.9760239720344543,0.8957895636558533
YER072W,YIR019C,0,-0.8945342,0.09833920747041702,0.9760239720344543,0.8958895802497864
YGL142C,YDR040C,0,-0.89608777,0.09832930564880371,0.9760239720344543,0.8959895968437195
YGR283C,YOR001W,0,-0.89773774,0.098319411277771,0.9760239720344543,0.8960896134376526
YNL142W,YOR011W,0,-0.8991613,0.09830951690673828,0.9760239720344543,0.8961896300315857
YML101C,YNL240C,0,-0.89920807,0.09829962998628616,0.9760239720344543,0.8962896466255188
YPL043W,YHR133C,0,-0.90090007,0.09828973561525345,0.9760239720344543,0.8963896632194519
YDR287W,YHR113W,0,-0.9021536,0.09827984869480133,0.9760239720344543,0.8964896202087402
YHR139C,YLL057C,0,-0.9023193,0.09826996922492981,0.9760239720344543,0.8965896368026733
YOL135C,YOR009W,0,-0.90247166,0.09826008230447769,0.9760239720344543,0.8966896533966064
YPL183C,YDR179C,0,-0.90261805,0.09825020283460617,0.9760239720344543,0.8967896699905396
YGL126W,YHL050C,0,-0.9026547,0.09824032336473465,0.9760239720344543,0.8968896865844727
YNL221C,YEL044W,0,-0.9027489,0.09823044389486313,0.9760239720344543,0.8969897031784058
YNL023C,YCR005C,0,-0.9029476,0.0982205718755722,0.9760239720344543,0.8970897197723389
YER149C,YER060W,0,-0.90316933,0.09821069240570068,0.9760239720344543,0.897189736366272
YLR367W,YDR437W,0,-0.9031709,0.09820082783699036,0.9760239720344543,0.8972897529602051
YDR087C,YER060W,0,-0.9036053,0.09819095581769943,0.9760239720344543,0.8973897099494934
YBR248C,YGR211W,0,-0.9037808,0.09818108379840851,0.9760239720344543,0.8974897265434265
YML102W,YDR301W,0,-0.90401924,0.09817121922969818,0.9760239720344543,0.8975897431373596
YFR047C,YJL035C,0,-0.90426964,0.09816135466098785,0.9760239720344543,0.8976897597312927
YPL239W,YIL008W,0,-0.90477675,0.09815149754285812,0.9760239720344543,0.8977897763252258
YNL056W,YNL221C,0,-0.9052983,0.0981416404247284,0.9760239720344543,0.8978897929191589
YOR009W,YNR053C,0,-0.9053943,0.09813178330659866,0.9760239720344543,0.897989809513092
YLR223C,YDR308C,0,-0.90601593,0.09812192618846893,0.9760239720344543,0.8980898261070251
YGR055W,YLR075W,0,-0.9061598,0.0981120690703392,0.9760239720344543,0.8981898427009583
YKL191W,YGR204W,0,-0.9062735,0.09810221940279007,0.9760239720344543,0.8982897996902466
YPL141C,YOR079C,0,-0.9068484,0.09809236973524094,0.9760239720344543,0.8983898162841797
YPR008W,YCR021C,0,-0.90699905,0.0980825200676918,0.9760239720344543,0.8984898328781128
YMR232W,YLR175W,0,-0.9070257,0.09807267785072327,0.9760239720344543,0.8985898494720459
YJR120W,YER102W,0,-0.90756625,0.09806283563375473,0.9760239720344543,0.898689866065979
YML041C,YFR030W,0,-0.9077663,0.0980529934167862,0.9760239720344543,0.8987898826599121
YGR055W,YCR106W,0,-0.9079636,0.09804315119981766,0.9760239720344543,0.8988898992538452
YNL221C,YIL087C,0,-0.9085856,0.09803331643342972,0.9760239720344543,0.8989899158477783
YFR031C-A,YML081W,0,-0.90870494,0.09802347421646118,0.9760239720344543,0.8990899324417114
YGL246C,YER005W,0,-0.90882987,0.09801364690065384,0.9760239720344543,0.8991898894309998
YHR169W,YNR055C,0,-0.9088585,0.0980038121342659,0.9760239720344543,0.8992899060249329
YDR345C,YPR057W,0,-0.91050774,0.09799398481845856,0.9760239720344543,0.899389922618866
YML098W,YLR367W,0,-0.91073304,0.09798415750265121,0.9760239720344543,0.8994899392127991
YBR101C,YPR155C,0,-0.91196054,0.09797433018684387,0.9760239720344543,0.8995899558067322
YBL051C,YLR409C,0,-0.9126856,0.09796450287103653,0.9760239720344543,0.8996899724006653
YIL019W,YBR131W,0,-0.9133462,0.09795468300580978,0.9760239720344543,0.8997899889945984
YHL003C,YDL046W,0,-0.91337496,0.09794486314058304,0.9760239720344543,0.8998900055885315
YJL173C,YMR001C,0,-0.91354114,0.09793504327535629,0.9760239720344543,0.8999900221824646
YDR441C,YKL051W,0,-0.9136447,0.09792523086071014,0.9760239720344543,0.9000900387763977
YDR468C,YDR434W,0,-0.9140395,0.0979154109954834,0.9760239720344543,0.900189995765686
YEL024W,YBL005W,0,-0.9142216,0.09790559858083725,0.9760239720344543,0.9002900123596191
YIL038C,YMR230W,0,-0.91565496,0.0978957936167717,0.9760239720344543,0.9003900289535522
YOR081C,YGL061C,0,-0.9166574,0.09788598120212555,0.9760239720344543,0.9004900455474854
YIL147C,YLR361C,0,-0.91693723,0.09787617623806,0.9760239720344543,0.9005900621414185
YKL052C,YMR131C,0,-0.9173474,0.09786637127399445,0.9760239720344543,0.9006900787353516
YIR004W,YJL208C,0,-0.9179376,0.09785657376050949,0.9760239720344543,0.9007900953292847
YJL173C,YMR050C,0,-0.9180073,0.09784676879644394,0.9760239720344543,0.9008901119232178
YDR045C,YIL011W,0,-0.91915876,0.09783697128295898,0.9760239720344543,0.9009901285171509
YKL185W,YOR078W,0,-0.91957825,0.09782717376947403,0.9760239720344543,0.9010900855064392
YEL020W-A,YHR103W,0,-0.92035526,0.09781738370656967,0.9760239720344543,0.9011901021003723
YEL040W,YLL038C,1,-0.9208785,0.09790769964456558,0.9770230054855347,0.9011901021003723
YMR076C,YBL038W,0,-0.92134845,0.09789789468050003,0.9770230054855347,0.9012901186943054
YML127W,YPL193W,0,-0.92181784,0.09788809716701508,0.9770230054855347,0.9013901352882385
YBR085W,YPL043W,0,-0.92266166,0.09787829965353012,0.9770230054855347,0.9014901518821716
YOR018W,YER072W,0,-0.92282504,0.09786850959062576,0.9770230054855347,0.9015901684761047
YGR174C,YDL223C,0,-0.92319745,0.09785871207714081,0.9770230054855347,0.9016901850700378
YLR215C,YPL043W,0,-0.9232472,0.09784892201423645,0.9770230054855347,0.901790201663971
YDR091C,YBL091C,0,-0.9239308,0.09783913195133209,0.9770230054855347,0.901890218257904
YKR075C,YKL155C,0,-0.92398757,0.09782934933900833,0.9770230054855347,0.9019901752471924
YOR158W,YHR138C,0,-0.9254025,0.09781956672668457,0.9770230054855347,0.9020901918411255
YER056C,YLL066C,0,-0.92598987,0.09780978411436081,0.9770230054855347,0.9021902084350586
YDR309C,YDL209C,0,-0.92641985,0.09780000150203705,0.9770230054855347,0.9022902250289917
YOR207C,YOR236W,0,-0.9264659,0.09779021888971329,0.9770230054855347,0.9023902416229248
YJL054W,YGL045W,0,-0.9269499,0.09778044372797012,0.9770230054855347,0.9024902582168579
YJL183W,YAR042W,0,-0.9278442,0.09777066856622696,0.9770230054855347,0.902590274810791
YDL100C,YNL065W,0,-0.92790073,0.0977608934044838,0.9770230054855347,0.9026902914047241
YOR383C,YGL115W,0,-0.92810386,0.09775112569332123,0.9770230054855347,0.9027903079986572
YLR166C,YDR309C,1,-0.928175,0.0978412926197052,0.9780219793319702,0.9027903079986572
YIL019W,YDR100W,0,-0.9296074,0.09783151745796204,0.9780219793319702,0.9028902649879456
YNL294C,YBL025W,0,-0.9304794,0.09782174229621887,0.9780219793319702,0.9029902815818787
YHR142W,YOR103C,0,-0.93054885,0.09781196713447571,0.9780219793319702,0.9030902981758118
YGR129W,YPL018W,0,-0.9305798,0.09780219942331314,0.9780219793319702,0.9031903147697449
YER102W,YIL008W,0,-0.93098307,0.09779243171215057,0.9780219793319702,0.903290331363678
YDR441C,YDL209C,0,-0.93184215,0.097782664000988,0.9780219793319702,0.9033903479576111
YOR087W,YKL006W,0,-0.93273294,0.09777289628982544,0.9780219793319702,0.9034903645515442
YGR283C,YDR395W,0,-0.93283224,0.09776312857866287,0.9780219793319702,0.9035903811454773
YNL294C,YDR040C,0,-0.93301636,0.0977533683180809,0.9780219793319702,0.9036903977394104
YFL025C,YDL209C,0,-0.9332686,0.09774360805749893,0.9780219793319702,0.9037903547286987
YNL137C,YHR138C,0,-0.9340846,0.09773385524749756,0.9780219793319702,0.9038903713226318
YJR042W,YLR215C,0,-0.934249,0.09772409498691559,0.9780219793319702,0.9039903879165649
YML120C,YDR273W,0,-0.9348771,0.09771434217691422,0.9780219793319702,0.904090404510498
YGL104C,YLR345W,0,-0.9360549,0.09770458936691284,0.9780219793319702,0.9041904211044312
YJR042W,YDR528W,0,-0.93793017,0.09769484400749207,0.9780219793319702,0.9042904376983643
YDR188W,YKL087C,0,-0.93818593,0.09768509119749069,0.9780219793319702,0.9043904542922974
YEL005C,YHR190W,0,-0.9389923,0.09767534583806992,0.9780219793319702,0.9044904708862305
YFL011W,YJR054W,0,-0.9390426,0.09766560047864914,0.9780219793319702,0.9045904874801636
YMR015C,YJL216C,0,-0.93943435,0.09765586256980896,0.9780219793319702,0.9046904444694519
YML004C,YKL192C,0,-0.9400595,0.09764611721038818,0.9780219793319702,0.904790461063385
YDR148C,YLR345W,0,-0.94042593,0.097636379301548,0.9780219793319702,0.9048904776573181
YNR032C-A,YMR226C,0,-0.94052255,0.09762664884328842,0.9780219793319702,0.9049904942512512
YJL098W,YHR194W,0,-0.94092745,0.09761691093444824,0.9780219793319702,0.9050905108451843
YOL098C,YHL026C,0,-0.9411473,0.09760718047618866,0.9780219793319702,0.9051905274391174
YJL098W,YKL155C,0,-0.9413155,0.09759745001792908,0.9780219793319702,0.9052905440330505
YDR490C,YML082W,0,-0.94202656,0.0975877195596695,0.9780219793319702,0.9053905606269836
YPL141C,YDL189W,0,-0.9425475,0.09757798910140991,0.9780219793319702,0.9054905772209167
YPL215W,YPL207W,0,-0.94368094,0.09756826609373093,0.9780219793319702,0.9055905342102051
YNL233W,YCR031C,0,-0.9437715,0.09755854308605194,0.9780219793319702,0.9056905508041382
YJL054W,YGL105W,0,-0.9444435,0.09754882752895355,0.9780219793319702,0.9057905673980713
YIL013C,YNL194C,0,-0.94447416,0.09753910452127457,0.9780219793319702,0.9058905839920044
YGL126W,YFL025C,0,-0.94473934,0.09752938896417618,0.9780219793319702,0.9059906005859375
YDR430C,YPL235W,0,-0.9447526,0.09751967340707779,0.9780219793319702,0.9060906171798706
YGR120C,YHR138C,0,-0.9449079,0.0975099578499794,0.9780219793319702,0.9061906337738037
YAL056W,YNL066W,0,-0.94536096,0.09750024974346161,0.9780219793319702,0.9062906503677368
YCR086W,YJL098W,0,-0.9453711,0.09749054163694382,0.9780219793319702,0.9063906669616699
YKR007W,YMR015C,0,-0.9455285,0.09748083353042603,0.9780219793319702,0.9064906239509583
YGR017W,YLL014W,0,-0.9457155,0.09747112542390823,0.9780219793319702,0.9065906405448914
YPR169W,YMR074C,0,-0.946035,0.09746142476797104,0.9780219793319702,0.9066906571388245
YDR217C,YML082W,0,-0.94612163,0.09745172411203384,0.9780219793319702,0.9067906737327576
YPR161C,YJR109C,0,-0.9476451,0.09744202345609665,0.9780219793319702,0.9068906903266907
YNL194C,YDR273W,0,-0.947952,0.09743232280015945,0.9780219793319702,0.9069907069206238
YNL024C,YOR357C,0,-0.94824195,0.09742262959480286,0.9780219793319702,0.9070907235145569
YKL069W,YKL063C,0,-0.94826525,0.09741293638944626,0.9780219793319702,0.90719074010849
YIL056W,YOR241W,0,-0.94860566,0.09740324318408966,0.9780219793319702,0.9072907567024231
YJR102C,YHR139C,0,-0.94869274,0.09739354997873306,0.9780219793319702,0.9073907136917114
YNL132W,YBR034C,0,-0.9489656,0.09738386422395706,0.9780219793319702,0.9074907302856445
YER031C,YKR075C,0,-0.94899267,0.09737417846918106,0.9780219793319702,0.9075907468795776
YDR515W,YJR150C,0,-0.94946676,0.09736449271440506,0.9780219793319702,0.9076907634735107
YPL043W,YOR019W,0,-0.9504654,0.09735481441020966,0.9780219793319702,0.9077907800674438
YPR034W,YOL061W,0,-0.95077664,0.09734513610601425,0.9780219793319702,0.907890796661377
YJR117W,YHR149C,0,-0.95101714,0.09733545780181885,0.9780219793319702,0.9079908132553101
YNL054W,YGL070C,0,-0.95138097,0.09732577949762344,0.9780219793319702,0.9080908298492432
YMR081C,YPL146C,0,-0.95207125,0.09731610119342804,0.9780219793319702,0.9081908464431763
YLR319C,YER008C,1,-0.9525544,0.0974058210849762,0.9790209531784058,0.9081908464431763
YLR083C,YDR381W,0,-0.95294404,0.09739614278078079,0.9790209531784058,0.9082908034324646
YLR185W,YKR085C,0,-0.9530539,0.09738646447658539,0.9790209531784058,0.9083908200263977
YOR065W,YBR272C,0,-0.9531413,0.09737678617238998,0.9790209531784058,0.9084908366203308
YGR217W,YKR034W,0,-0.95372957,0.09736711531877518,0.9790209531784058,0.9085908532142639
YDR108W,YIL011W,0,-0.9549467,0.09735744446516037,0.9790209531784058,0.908690869808197
YEL005C,YMR059W,0,-0.955122,0.09734777361154556,0.9790209531784058,0.9087908864021301
YGR055W,YLR060W,0,-0.95543426,0.09733810275793076,0.9790209531784058,0.9088909029960632
YLR181C,YCR021C,0,-0.9558999,0.09732843190431595,0.9790209531784058,0.9089909195899963
YOR091W,YJL180C,0,-0.9571115,0.09731876850128174,0.9790209531784058,0.9090909361839294
YOR262W,YGL078C,0,-0.9575451,0.09730910509824753,0.9790209531784058,0.9091908931732178
YDR190C,YDR045C,0,-0.9586825,0.09729944169521332,0.9790209531784058,0.9092909097671509
YMR110C,YLR432W,0,-0.9599726,0.0972897857427597,0.9790209531784058,0.909390926361084
YNL287W,YNL066W,0,-0.96003646,0.09728012979030609,0.9790209531784058,0.9094909429550171
YCR031C,YLR060W,0,-0.9600846,0.09727047383785248,0.9790209531784058,0.9095909595489502
YOR383C,YKR100C,0,-0.96038777,0.09726081788539886,0.9790209531784058,0.9096909761428833
YJL110C,YDL081C,0,-0.9605624,0.09725116938352585,0.9790209531784058,0.9097909927368164
YLR239C,YHR138C,0,-0.9613746,0.09724151343107224,0.9790209531784058,0.9098910093307495
YDR150W,YDL046W,0,-0.961379,0.09723186492919922,0.9790209531784058,0.9099910259246826
YLL024C,YER032W,0,-0.9647375,0.0972222238779068,0.9790209531784058,0.910090982913971
YMR175W,YIL038C,0,-0.9649057,0.09721257537603378,0.9790209531784058,0.910190999507904
YER142C,YNL318C,0,-0.96526855,0.09720293432474136,0.9790209531784058,0.9102910161018372
YPR128C,YBR212W,0,-0.96629184,0.09719329327344894,0.9790209531784058,0.9103910326957703
YOL132W,YMR149W,0,-0.96671325,0.09718365967273712,0.9790209531784058,0.9104910492897034
YOR078W,YHL026C,0,-0.9684017,0.0971740186214447,0.9790209531784058,0.9105910658836365
YNL199C,YHL003C,0,-0.9695063,0.09716438502073288,0.9790209531784058,0.9106910824775696
YIL068C,YJR108W,0,-0.9700977,0.09715475142002106,0.9790209531784058,0.9107910990715027
YBL038W,YOR358W,0,-0.9703328,0.09714512526988983,0.9790209531784058,0.9108911156654358
YJL057C,YMR322C,0,-0.97178817,0.09713549166917801,0.9790209531784058,0.9109910726547241
YML086C,YOR319W,0,-0.9717882,0.09712586551904678,0.9790209531784058,0.9110910892486572
YLL018C,YBR089C-A,0,-0.97183156,0.09711623936891556,0.9790209531784058,0.9111911058425903
YBR114W,YDR091C,0,-0.9721,0.09710662066936493,0.9790209531784058,0.9112911224365234
YPL043W,YIL167W,0,-0.9729766,0.0970969945192337,0.9790209531784058,0.9113911390304565
YDL098C,YJL168C,0,-0.97299725,0.09708737581968307,0.9790209531784058,0.9114911556243896
YHR149C,YDR309C,1,-0.9733071,0.09717682003974915,0.9800199866294861,0.9114911556243896
YOR383C,YBR107C,0,-0.9747554,0.09716719388961792,0.9800199866294861,0.9115911722183228
YMR040W,YFR025C,0,-0.9750851,0.09715757519006729,0.9800199866294861,0.9116911888122559
YDR517W,YLR017W,0,-0.97604007,0.09714794903993607,0.9800199866294861,0.911791205406189
YOR262W,YDR528W,0,-0.97634363,0.09713833034038544,0.9800199866294861,0.9118911623954773
YDR217C,YDR087C,0,-0.9766573,0.09712871164083481,0.9800199866294861,0.9119911789894104
YBR016W,YGR122W,0,-0.9770986,0.09711910039186478,0.9800199866294861,0.9120911955833435
YER149C,YHR107C,1,-0.97743374,0.09720847010612488,0.9810189604759216,0.9120911955833435
YIL043C,YNL029C,0,-0.9784562,0.09719885140657425,0.9810189604759216,0.9121912121772766
YGR142W,YIL018W,0,-0.979663,0.09718923270702362,0.9810189604759216,0.9122912287712097
YLR181C,YDR021W,0,-0.9798017,0.09717961400747299,0.9810189604759216,0.9123912453651428
YIL030C,YBR208C,0,-0.980164,0.09716999530792236,0.9810189604759216,0.9124912619590759
YDL145C,YHR020W,0,-0.980228,0.09716038405895233,0.9810189604759216,0.912591278553009
YBR168W,YCR005C,0,-0.98078257,0.0971507728099823,0.9810189604759216,0.9126912951469421
YJL110C,YER127W,0,-0.980912,0.09714116156101227,0.9810189604759216,0.9127912521362305
YBR091C,YDL012C,0,-0.98168343,0.09713155031204224,0.9810189604759216,0.9128912687301636
YPL115C,YOR101W,0,-0.9819842,0.0971219465136528,0.9810189604759216,0.9129912853240967
YDR280W,YML127W,0,-0.98200166,0.09711234271526337,0.9810189604759216,0.9130913019180298
YIL144W,YGR129W,0,-0.9820933,0.09710273891687393,0.9810189604759216,0.9131913185119629
YPR128C,YHR006W,0,-0.98232174,0.0970931351184845,0.9810189604759216,0.913291335105896
YPL225W,YOR079C,0,-0.98280036,0.09708353877067566,0.9810189604759216,0.9133913516998291
YBR078W,YPL130W,0,-0.9836603,0.09707394242286682,0.9810189604759216,0.9134913682937622
YDR019C,YOR001W,0,-0.9845148,0.09706434607505798,0.9810189604759216,0.9135913848876953
YLR367W,YCR038C,0,-0.98458046,0.09705475717782974,0.9810189604759216,0.9136913418769836
YOL098C,YEL006W,0,-0.9847697,0.0970451608300209,0.9810189604759216,0.9137913584709167
YIL075C,YDR317W,0,-0.9851806,0.09703557193279266,0.9810189604759216,0.9138913750648499
YDR256C,YOR264W,0,-0.9853222,0.09702598303556442,0.9810189604759216,0.913991391658783
YGL028C,YOR383C,0,-0.98544115,0.09701640158891678,0.9810189604759216,0.9140914082527161
YGR024C,YOR320C,0,-0.9862084,0.09700681269168854,0.9810189604759216,0.9141914248466492
YKR089C,YOR271C,0,-0.9873014,0.0969972312450409,0.9810189604759216,0.9142914414405823
YLR083C,YMR156C,0,-0.98731524,0.09698765724897385,0.9810189604759216,0.9143914580345154
YBR268W,YGL171W,0,-0.98743683,0.0969780758023262,0.9810189604759216,0.9144914746284485
YIL053W,YPL013C,0,-0.9883671,0.09696850180625916,0.9810189604759216,0.9145914316177368
YLR345W,YJL089W,0,-0.9886227,0.09695892781019211,0.9810189604759216,0.9146914482116699
YLR258W,YGL096W,0,-0.98875815,0.09694935381412506,0.9810189604759216,0.914791464805603
YLR409C,YLR247C,0,-0.9890891,0.09693977981805801,0.9810189604759216,0.9148914813995361
YHR201C,YKR031C,0,-0.990277,0.09693021327257156,0.9810189604759216,0.9149914979934692
YJL173C,YCL054W,0,-0.9904797,0.09692064672708511,0.9810189604759216,0.9150915145874023
YKR053C,YGR004W,0,-0.99075866,0.09691108018159866,0.9810189604759216,0.9151915311813354
YIL056W,YDR021W,0,-0.9912751,0.09690152108669281,0.9810189604759216,0.9152915477752686
YDL235C,YGR030C,0,-0.99257714,0.09689196199178696,0.9810189604759216,0.9153915643692017
YCR016W,YFR040W,0,-0.9926359,0.0968824028968811,0.9810189604759216,0.91549152135849
YOR027W,YNL065W,0,-0.99321735,0.09687284380197525,0.9810189604759216,0.9155915379524231
YHR088W,YJR108W,0,-0.9935085,0.0968632847070694,0.9810189604759216,0.9156915545463562
YMR275C,YOR359W,0,-0.9937543,0.09685373306274414,0.9810189604759216,0.9157915711402893
YDR280W,YOR260W,0,-0.99491316,0.09684418141841888,0.9810189604759216,0.9158915877342224
YGL028C,YGL016W,0,-0.9959329,0.09683462977409363,0.9810189604759216,0.9159916043281555
YCR016W,YER015W,0,-0.996167,0.09682508558034897,0.9810189604759216,0.9160916209220886
YML133C,YER005W,0,-0.99780184,0.09681554138660431,0.9810189604759216,0.9161916375160217
YOR001W,YCR063W,0,-0.9980049,0.09680599719285965,0.9810189604759216,0.9162916541099548
YOL122C,YPL004C,0,-0.99850184,0.09679645299911499,0.9810189604759216,0.9163916110992432
YPL138C,YDR280W,0,-0.9989428,0.09678690880537033,0.9810189604759216,0.9164916276931763
YKR085C,YHR020W,0,-0.9989757,0.09677737206220627,0.9810189604759216,0.9165916442871094
YLR223C,YKR034W,0,-0.9995811,0.0967678353190422,0.9810189604759216,0.9166916608810425
YOR252W,YGR007W,0,-1.0002183,0.09675829857587814,0.9810189604759216,0.9167916774749756
YDR490C,YHR150W,0,-1.0018048,0.09674876928329468,0.9810189604759216,0.9168916940689087
YLR426W,YPL056C,0,-1.0024128,0.09673923999071121,0.9810189604759216,0.9169917106628418
YGR283C,YPL117C,0,-1.0028056,0.09672971069812775,0.9810189604759216,0.9170917272567749
YGR032W,YDR388W,1,-1.0028743,0.09681867063045502,0.982017993927002,0.9170917272567749
YOL121C,YDR386W,0,-1.0037047,0.09680914133787155,0.982017993927002,0.917191743850708
YLL018C-A,YKL006W,0,-1.0041765,0.09679960459470749,0.982017993927002,0.9172917008399963
YHR037W,YBR162C,0,-1.0043515,0.09679007530212402,0.982017993927002,0.9173917174339294
YFR040W,YHR193C,0,-1.0052588,0.09678054600954056,0.982017993927002,0.9174917340278625
YGR032W,YOR367W,1,-1.0055481,0.09686946123838425,0.9830169677734375,0.9174917340278625
YGL181W,YDL222C,1,-1.0057971,0.09695836156606674,0.9840160012245178,0.9174917340278625
YOL126C,YIL107C,0,-1.005814,0.09694881737232208,0.9840160012245178,0.9175917506217957
YML133C,YNL062C,0,-1.0068253,0.09693928062915802,0.9840160012245178,0.9176917672157288
YNL103W,YDR165W,0,-1.0073159,0.09692973643541336,0.9840160012245178,0.9177917838096619
YCR031C,YNL130C,0,-1.0073622,0.0969201996922493,0.9840160012245178,0.917891800403595
YHL011C,YGL058W,0,-1.0083245,0.09691066294908524,0.9840160012245178,0.9179918169975281
YLR206W,YDR309C,1,-1.0088694,0.09699951112270355,0.9850149750709534,0.9179918169975281
YER102W,YKR083C,0,-1.0096012,0.09698996692895889,0.9850149750709534,0.9180918335914612
YBR168W,YBL091C,0,-1.010271,0.09698043018579483,0.9850149750709534,0.9181917905807495
YKL014C,YLR382C,0,-1.0104419,0.09697088599205017,0.9850149750709534,0.9182918071746826
YPL043W,YHR118C,0,-1.0105308,0.0969613566994667,0.9850149750709534,0.9183918237686157
YMR243C,YOR156C,0,-1.0127906,0.09695181995630264,0.9850149750709534,0.9184918403625488
YER007C-A,YNR053C,0,-1.0135579,0.09694228321313858,0.9850149750709534,0.9185918569564819
YDR309C,YEL024W,0,-1.0142146,0.09693275392055511,0.9850149750709534,0.918691873550415
YML101C,YPR155C,0,-1.0145137,0.09692322462797165,0.9850149750709534,0.9187918901443481
YDR398W,YPR034W,0,-1.0148698,0.09691370278596878,0.9850149750709534,0.9188919067382812
YFR031C-A,YJL162C,0,-1.0151868,0.09690417349338531,0.9850149750709534,0.9189919233322144
YML120C,YMR274C,0,-1.0159366,0.09689465165138245,0.9850149750709534,0.9190918803215027
YHR205W,YPL116W,0,-1.0161114,0.09688512980937958,0.9850149750709534,0.9191918969154358
YOR101W,YBR169C,0,-1.0163126,0.0968756154179573,0.9850149750709534,0.9192919135093689
YML092C,YDR268W,0,-1.0163467,0.09686609357595444,0.9850149750709534,0.919391930103302
YAL059W,YDL117W,0,-1.0177861,0.09685657918453217,0.9850149750709534,0.9194919466972351
YLR260W,YGR094W,0,-1.0179625,0.0968470647931099,0.9850149750709534,0.9195919632911682
YGR094W,YML082W,0,-1.0187565,0.09683755785226822,0.9850149750709534,0.9196919798851013
YIL156W,YNL145W,0,-1.0191134,0.09682804346084595,0.9850149750709534,0.9197919964790344
YLL048C,YMR286W,0,-1.019149,0.09681853652000427,0.9850149750709534,0.9198920130729675
YOL121C,YCR035C,0,-1.0191835,0.0968090295791626,0.9850149750709534,0.9199919700622559
YDL230W,YIL033C,0,-1.0214858,0.09679953008890152,0.9850149750709534,0.920091986656189
YDR287W,YJL003W,0,-1.0216527,0.09679002314805984,0.9850149750709534,0.9201920032501221
YPR173C,YAL051W,0,-1.0219169,0.09678052365779877,0.9850149750709534,0.9202920198440552
YKL052C,YEL027W,0,-1.0224727,0.09677102416753769,0.9850149750709534,0.9203920364379883
YPR175W,YMR055C,0,-1.0228667,0.09676153212785721,0.9850149750709534,0.9204920530319214
YNL173C,YKR079C,0,-1.0228937,0.09675203263759613,0.9850149750709534,0.9205920696258545
YFR040W,YLR292C,0,-1.0244312,0.09674254059791565,0.9850149750709534,0.9206920862197876
YGR235C,YLL031C,0,-1.0248011,0.09673304855823517,0.9850149750709534,0.9207921028137207
YKL063C,YDR135C,0,-1.025311,0.09672356396913528,0.9850149750709534,0.920892059803009
YKL141W,YHR113W,0,-1.0256926,0.0967140719294548,0.9850149750709534,0.9209920763969421
YPL043W,YPL254W,0,-1.0257131,0.09670458734035492,0.9850149750709534,0.9210920929908752
YKR064W,YGR138C,0,-1.0258822,0.09669510275125504,0.9850149750709534,0.9211921095848083
YLL024C,YPL235W,0,-1.025989,0.09668562561273575,0.9850149750709534,0.9212921261787415
YGR030C,YNL123W,0,-1.027672,0.09667614102363586,0.9850149750709534,0.9213921427726746
YIL007C,YNL278W,0,-1.0277605,0.09666666388511658,0.9850149750709534,0.9214921593666077
YLR277C,YHR210C,0,-1.0278215,0.09665718674659729,0.9850149750709534,0.9215921759605408
YPR110C,YPL140C,0,-1.028291,0.0966477170586586,0.9850149750709534,0.9216921925544739
YGR060W,YLR061W,0,-1.0290521,0.09663824737071991,0.9850149750709534,0.9217921495437622
YLR315W,YDR434W,0,-1.0303098,0.09662877023220062,0.9850149750709534,0.9218921661376953
YDL072C,YJL057C,0,-1.0308042,0.09661930054426193,0.9850149750709534,0.9219921827316284
YPL168W,YDR365C,0,-1.0309237,0.09660983830690384,0.9850149750709534,0.9220921993255615
YIL107C,YLR007W,0,-1.0311168,0.09660036861896515,0.9850149750709534,0.9221922159194946
YBR034C,YPR086W,0,-1.0313157,0.09659090638160706,0.9850149750709534,0.9222922325134277
YMR313C,YDL223C,0,-1.0350953,0.09658144414424896,0.9850149750709534,0.9223922491073608
YIL075C,YOR260W,0,-1.0354203,0.09657198935747147,0.9850149750709534,0.922492265701294
YNL190W,YER033C,0,-1.0355774,0.09656252712011337,0.9850149750709534,0.922592282295227
YHR073W,YKR034W,0,-1.0356833,0.09655307233333588,0.9850149750709534,0.9226922988891602
YOL061W,YCR005C,0,-1.03656,0.09654361754655838,0.9850149750709534,0.9227922558784485
YDR217C,YNL240C,0,-1.0372764,0.09653417021036148,0.9850149750709534,0.9228922724723816
YHR148W,YPL135W,0,-1.037545,0.09652471542358398,0.9850149750709534,0.9229922890663147
YBR162C,YOR259C,0,-1.0378408,0.09651526808738708,0.9850149750709534,0.9230923056602478
YDR025W,YLR067C,0,-1.0387622,0.09650582075119019,0.9850149750709534,0.9231923222541809
YNL062C,YNL287W,0,-1.0390761,0.09649638086557388,0.9850149750709534,0.923292338848114
YOR045W,YCR016W,0,-1.0405378,0.09648693352937698,0.9850149750709534,0.9233923554420471
YNL056W,YGL231C,0,-1.0417888,0.09647749364376068,0.9850149750709534,0.9234923720359802
YDR407C,YCL054W,0,-1.0419418,0.09646805375814438,0.9850149750709534,0.9235923886299133
YPR188C,YGR060W,0,-1.0435504,0.09645862132310867,0.9850149750709534,0.9236923456192017
YDR398W,YDR328C,0,-1.0439898,0.09644918143749237,0.9850149750709534,0.9237923622131348
YMR050C,YGL105W,0,-1.0441182,0.09643974900245667,0.9850149750709534,0.9238923788070679
YKL149C,YPL175W,0,-1.0442569,0.09643031656742096,0.9850149750709534,0.923992395401001
YDR441C,YDR200C,0,-1.0445888,0.09642089158296585,0.9850149750709534,0.9240924119949341
YBR069C,YBR254C,0,-1.04655,0.09641145914793015,0.9850149750709534,0.9241924285888672
YLR093C,YNL024C,0,-1.0486422,0.09640203416347504,0.9850149750709534,0.9242924451828003
YBR254C,YER139C,0,-1.0496429,0.09639260917901993,0.9850149750709534,0.9243924617767334
YMR318C,YPL145C,0,-1.0509855,0.09638318419456482,0.9850149750709534,0.9244924783706665
YMR156C,YGL111W,0,-1.0511732,0.09637376666069031,0.9850149750709534,0.9245924353599548
YOR156C,YDR179C,0,-1.0514894,0.0963643491268158,0.9850149750709534,0.9246924519538879
YLR058C,YGR260W,0,-1.0517089,0.09635493159294128,0.9850149750709534,0.924792468547821
YIL068C,YLR367W,0,-1.0519161,0.09634551405906677,0.9850149750709534,0.9248924851417542
YMR059W,YGL195W,0,-1.0529084,0.09633610397577286,0.9850149750709534,0.9249925017356873
YDR021W,YER081W,0,-1.0532646,0.09632668644189835,0.9850149750709534,0.9250925183296204
YLR194C,YOL012C,0,-1.0533534,0.09631728380918503,0.9850149750709534,0.9251925349235535
YOR260W,YFR038W,0,-1.0534067,0.09630787372589111,0.9850149750709534,0.9252925515174866
YBR295W,YLL057C,0,-1.0534974,0.0962984636425972,0.9850149750709534,0.9253925681114197
YKL185W,YFR034C,0,-1.0536029,0.09628906100988388,0.9850149750709534,0.925492525100708
YKR078W,YPR143W,0,-1.0550203,0.09627965837717056,0.9850149750709534,0.9255925416946411
YLR442C,YHR133C,0,-1.0555526,0.09627026319503784,0.9850149750709534,0.9256925582885742
YPR114W,YER127W,0,-1.0560882,0.09626086056232452,0.9850149750709534,0.9257925748825073
YDR328C,YKL060C,0,-1.0565782,0.0962514653801918,0.9850149750709534,0.9258925914764404
YPL215W,YMR158W,0,-1.0592115,0.09624207019805908,0.9850149750709534,0.9259926080703735
YDR367W,YPR037C,0,-1.0599258,0.09623267501592636,0.9850149750709534,0.9260926246643066
YIL075C,YER032W,0,-1.06002,0.09622328728437424,0.9850149750709534,0.9261926412582397
YOR262W,YLL014W,0,-1.0608892,0.09621389210224152,0.9850149750709534,0.9262926578521729
YHR201C,YOR341W,0,-1.0613792,0.09620450437068939,0.9850149750709534,0.9263926148414612
YAL068C,YPR133C,0,-1.0621108,0.09619512408971786,0.9850149750709534,0.9264926314353943
YOR136W,YLR460C,0,-1.0622145,0.09618573635816574,0.9850149750709534,0.9265926480293274
YDR148C,YBR188C,0,-1.0624621,0.09617635607719421,0.9850149750709534,0.9266926646232605
YIL019W,YLR175W,0,-1.0625914,0.09616697579622269,0.9850149750709534,0.9267926812171936
YJR048W,YMR225C,0,-1.0630574,0.09615759551525116,0.9850149750709534,0.9268926978111267
YBR015C,YKR052C,0,-1.0639923,0.09614822268486023,0.9850149750709534,0.9269927144050598
YOR004W,YAL028W,0,-1.06697,0.0961388424038887,0.9850149750709534,0.9270927309989929
YOR252W,YBR189W,0,-1.066997,0.09612946957349777,0.9850149750709534,0.927192747592926
YBR054W,YOL122C,0,-1.0674018,0.09612010419368744,0.9850149750709534,0.9272927045822144
YDL145C,YJR108W,0,-1.0674504,0.09611073136329651,0.9850149750709534,0.9273927211761475
YHR148W,YMR183C,0,-1.0679277,0.09610136598348618,0.9850149750709534,0.9274927377700806
YAL019W,YIL008W,0,-1.068655,0.09609200060367584,0.9850149750709534,0.9275927543640137
YOR032C,YBR121C,0,-1.0692718,0.09608263522386551,0.9850149750709534,0.9276927709579468
YOR119C,YDR078C,0,-1.0696269,0.09607326984405518,0.9850149750709534,0.9277927875518799
YIL056W,YDR009W,0,-1.0698751,0.09606391191482544,0.9850149750709534,0.927892804145813
YJL096W,YPR169W,0,-1.0702273,0.0960545539855957,0.9850149750709534,0.9279928207397461
YJL212C,YER060W-A,0,-1.0734615,0.09604519605636597,0.9850149750709534,0.9280928373336792
YER072W,YHR133C,0,-1.0740762,0.09603584557771683,0.9850149750709534,0.9281927943229675
YER041W,YHR146W,0,-1.074115,0.09602648764848709,0.9850149750709534,0.9282928109169006
YBR268W,YHL026C,0,-1.0748161,0.09601713716983795,0.9850149750709534,0.9283928275108337
YPR055W,YNL111C,0,-1.0758352,0.09600778669118881,0.9850149750709534,0.9284928441047668
YLR196W,YGR005C,0,-1.0771182,0.09599844366312027,0.9850149750709534,0.9285928606987
YJL110C,YAL048C,0,-1.0771774,0.09598909318447113,0.9850149750709534,0.9286928772926331
YHR202W,YMR177W,0,-1.0778065,0.09597975015640259,0.9850149750709534,0.9287928938865662
YGR024C,YDL031W,0,-1.0782948,0.09597040712833405,0.9850149750709534,0.9288929104804993
YDR345C,YNL233W,0,-1.080122,0.0959610715508461,0.9850149750709534,0.9289929270744324
YEL048C,YIL033C,0,-1.080265,0.09595172852277756,0.9850149750709534,0.9290928840637207
YPL130W,YGR245C,0,-1.0811466,0.09594239294528961,0.9850149750709534,0.9291929006576538
YDR256C,YOR065W,0,-1.0818489,0.09593305736780167,0.9850149750709534,0.9292929172515869
YJL035C,YFR034C,0,-1.0827063,0.09592372924089432,0.9850149750709534,0.92939293384552
YNL221C,YIL148W,0,-1.0834382,0.09591439366340637,0.9850149750709534,0.9294929504394531
YGR266W,YPR017C,0,-1.0846941,0.09590506553649902,0.9850149750709534,0.9295929670333862
YJL012C,YJL045W,0,-1.085712,0.09589573740959167,0.9850149750709534,0.9296929836273193
YBR153W,YDR516C,0,-1.0865946,0.09588641673326492,0.9850149750709534,0.9297930002212524
YIL019W,YNL066W,0,-1.0871818,0.09587708860635757,0.9850149750709534,0.9298930168151855
YBR107C,YIR026C,0,-1.0873585,0.09586776793003082,0.9850149750709534,0.9299929738044739
YIL130W,YOL052C-A,0,-1.088496,0.09585844725370407,0.9850149750709534,0.930092990398407
YDR441C,YML133C,0,-1.0890838,0.09584912657737732,0.9850149750709534,0.9301930069923401
YLR377C,YDR078C,0,-1.0904472,0.09583981335163116,0.9850149750709534,0.9302930235862732
YOR207C,YLR092W,0,-1.0911685,0.09583050012588501,0.9850149750709534,0.9303930401802063
YGL067W,YMR081C,0,-1.0932138,0.09582118690013885,0.9850149750709534,0.9304930567741394
YCR016W,YLR432W,0,-1.0932571,0.0958118736743927,0.9850149750709534,0.9305930733680725
YFL061W,YOR271C,0,-1.0938424,0.09580256789922714,0.9850149750709534,0.9306930899620056
YOL144W,YGL116W,0,-1.0948817,0.09579325467348099,0.9850149750709534,0.9307931065559387
YLR017W,YAL051W,0,-1.0971832,0.09578394889831543,0.9850149750709534,0.930893063545227
YGL058W,YOR335C,0,-1.0977168,0.09577465057373047,0.9850149750709534,0.9309930801391602
YCR018C,YMR156C,0,-1.0978651,0.09576534479856491,0.9850149750709534,0.9310930967330933
YDL145C,YMR242C,0,-1.0979605,0.09575604647397995,0.9850149750709534,0.9311931133270264
YLR220W,YNL024C,0,-1.0981009,0.09574674814939499,0.9850149750709534,0.9312931299209595
YER100W,YNL066W,0,-1.0981153,0.09573744982481003,0.9850149750709534,0.9313931465148926
YGL096W,YGL111W,0,-1.098468,0.09572815895080566,0.9850149750709534,0.9314931631088257
YJL183W,YKL063C,0,-1.0992296,0.0957188606262207,0.9850149750709534,0.9315931797027588
YLR347C,YDR178W,0,-1.1012332,0.09570956975221634,0.9850149750709534,0.9316931962966919
YGL076C,YOR009W,0,-1.1016006,0.09570027887821198,0.9850149750709534,0.9317931532859802
YGR103W,YKR089C,0,-1.102008,0.09569099545478821,0.9850149750709534,0.9318931698799133
YMR002W,YKL087C,0,-1.10238,0.09568170458078384,0.9850149750709534,0.9319931864738464
YNL317W,YIR026C,0,-1.1034582,0.09567242115736008,0.9850149750709534,0.9320932030677795
YBR254C,YER167W,0,-1.1044123,0.0956631451845169,0.9850149750709534,0.9321932196617126
YEL040W,YBR130C,1,-1.1044754,0.09575087577104568,0.9860140085220337,0.9321932196617126
YJL012C,YNR019W,0,-1.1054127,0.09574158489704132,0.9860140085220337,0.9322932362556458
YJR084W,YLL057C,0,-1.1073757,0.09573230147361755,0.9860140085220337,0.9323932528495789
YEL027W,YNL055C,0,-1.1074722,0.09572301059961319,0.9860140085220337,0.932493269443512
YJL035C,YER167W,0,-1.1085702,0.09571373462677002,0.9860140085220337,0.9325932860374451
YLR075W,YMR091C,0,-1.1090293,0.09570445120334625,0.9860140085220337,0.9326932430267334
YDL124W,YOR260W,0,-1.1096954,0.09569517523050308,0.9860140085220337,0.9327932596206665
YPR110C,YDR200C,0,-1.1098254,0.09568589180707932,0.9860140085220337,0.9328932762145996
YDR406W,YBR023C,0,-1.1115544,0.09567661583423615,0.9860140085220337,0.9329932928085327
YDL135C,YIL018W,0,-1.1117775,0.09566734731197357,0.9860140085220337,0.9330933094024658
YML127W,YNR024W,0,-1.1126518,0.0956580713391304,0.9860140085220337,0.9331933259963989
YDR435C,YCR005C,0,-1.1134676,0.09564880281686783,0.9860140085220337,0.933293342590332
YDL149W,YJL069C,0,-1.113926,0.09563953429460526,0.9860140085220337,0.9333933591842651
YGL171W,YOR086C,0,-1.1162951,0.09563026577234268,0.9860140085220337,0.9334933757781982
YIL098C,YMR074C,0,-1.1174994,0.0956210047006607,0.9860140085220337,0.9335933327674866
YLR277C,YER159C,0,-1.1186866,0.09561174362897873,0.9860140085220337,0.9336933493614197
YOR359W,YGR044C,0,-1.1192893,0.09560248255729675,0.9860140085220337,0.9337933659553528
YKL006C-A,YMR050C,0,-1.119596,0.09559322148561478,0.9860140085220337,0.9338933825492859
YML133C,YGL171W,0,-1.1219244,0.0955839604139328,0.9860140085220337,0.933993399143219
YDR075W,YOL076W,0,-1.1257697,0.09557470679283142,0.9860140085220337,0.9340934157371521
YGL098W,YOL126C,0,-1.1259913,0.09556545317173004,0.9860140085220337,0.9341934323310852
YDR148C,YKL192C,0,-1.1260431,0.09555619955062866,0.9860140085220337,0.9342934489250183
YGR217W,YIR004W,0,-1.1261978,0.09554695338010788,0.9860140085220337,0.9343934655189514
YPL021W,YHR020W,0,-1.1277875,0.0955376997590065,0.9860140085220337,0.9344934225082397
YOR383C,YFR050C,0,-1.1284074,0.09552845358848572,0.9860140085220337,0.9345934391021729
YLR102C,YHR169W,0,-1.1291983,0.09551920741796494,0.9860140085220337,0.934693455696106
YKL029C,YLR190W,0,-1.1293973,0.09550996869802475,0.9860140085220337,0.9347934722900391
YDR406W,YDR365C,0,-1.1300519,0.09550072252750397,0.9860140085220337,0.9348934888839722
YER176W,YHR149C,0,-1.1317564,0.09549148380756378,0.9860140085220337,0.9349935054779053
YNL243W,YLL016W,0,-1.1322442,0.0954822450876236,0.9860140085220337,0.9350935220718384
YKL150W,YIL033C,0,-1.1329762,0.09547301381826401,0.9860140085220337,0.9351935386657715
YLR058C,YCL039W,0,-1.13326,0.09546377509832382,0.9860140085220337,0.9352935552597046
YPR008W,YDR365C,0,-1.1341189,0.09545454382896423,0.9860140085220337,0.9353935122489929
YHR154W,YLL067C,0,-1.1376752,0.09544531255960464,0.9860140085220337,0.935493528842926
YPL262W,YDR276C,0,-1.138547,0.09543608874082565,0.9860140085220337,0.9355935454368591
YMR009W,YMR050C,0,-1.1387974,0.09542685747146606,0.9860140085220337,0.9356935620307922
YOR266W,YHR113W,0,-1.1390736,0.09541763365268707,0.9860140085220337,0.9357935786247253
YHR204W,YMR131C,0,-1.1395077,0.09540840983390808,0.9860140085220337,0.9358935952186584
YHR149C,YNL152W,1,-1.1397395,0.09549584239721298,0.9870129823684692,0.9358935952186584
YBR119W,YER060W,0,-1.1397682,0.0954866111278534,0.9870129823684692,0.9359936118125916
YPR154W,YHR139C,0,-1.1413078,0.0954773873090744,0.9870129823684692,0.9360936284065247
YLR347C,YBR034C,0,-1.1413862,0.09546816349029541,0.9870129823684692,0.9361936450004578
YML133C,YEL048C,0,-1.1413928,0.09545893967151642,0.9870129823684692,0.9362936019897461
YPR034W,YDR365C,0,-1.1415641,0.09544971585273743,0.9870129823684692,0.9363936185836792
YNR038W,YDL211C,0,-1.141611,0.09544049203395844,0.9870129823684692,0.9364936351776123
YOL154W,YDR007W,0,-1.1417371,0.09543127566576004,0.9870129823684692,0.9365936517715454
YDL189W,YNL024C,0,-1.142102,0.09542205929756165,0.9870129823684692,0.9366936683654785
YOR078W,YOR026W,0,-1.143405,0.09541284292936325,0.9870129823684692,0.9367936849594116
YHR033W,YPL135W,0,-1.1443232,0.09540363401174545,0.9870129823684692,0.9368937015533447
YJR027W,YMR275C,0,-1.1443374,0.09539441764354706,0.9870129823684692,0.9369937181472778
YDR430C,YBR168W,0,-1.1446763,0.09538520872592926,0.9870129823684692,0.9370937347412109
YKR096W,YPR128C,0,-1.145472,0.09537599980831146,0.9870129823684692,0.9371936917304993
YGR202C,YCL064C,0,-1.1459854,0.09536679834127426,0.9870129823684692,0.9372937083244324
YBR034C,YKL005C,0,-1.1470163,0.09535758942365646,0.9870129823684692,0.9373937249183655
YGR005C,YGL016W,0,-1.1477048,0.09534838795661926,0.9870129823684692,0.9374937415122986
YGR078C,YIL096C,0,-1.1492224,0.09533918648958206,0.9870129823684692,0.9375937581062317
YOL154W,YGR266W,0,-1.1496733,0.09532998502254486,0.9870129823684692,0.9376937747001648
YLR409C,YGL107C,0,-1.1500473,0.09532079100608826,0.9870129823684692,0.9377937912940979
YJL212C,YMR002W,0,-1.1503273,0.09531159698963165,0.9870129823684692,0.937893807888031
YBR060C,YJL003W,0,-1.1506094,0.09530240297317505,0.9870129823684692,0.9379938244819641
YBR169C,YLR384C,0,-1.1509027,0.09529320895671844,0.9870129823684692,0.9380937814712524
YMR076C,YOR009W,0,-1.1524379,0.09528402239084244,0.9870129823684692,0.9381937980651855
YGR103W,YMR242C,0,-1.1526331,0.09527482837438583,0.9870129823684692,0.9382938146591187
YMR105C,YDR040C,0,-1.153204,0.09526564180850983,0.9870129823684692,0.9383938312530518
YNL247W,YML082W,0,-1.1537011,0.09525646269321442,0.9870129823684692,0.9384938478469849
YGL139W,YNL156C,0,-1.1560469,0.09524727612733841,0.9870129823684692,0.938593864440918
YOL023W,YHL015W,0,-1.1560711,0.095238097012043,0.9870129823684692,0.9386938810348511
YGL098W,YDL012C,0,-1.1566186,0.09522891789674759,0.9870129823684692,0.9387938976287842
YIR019C,YOR004W,0,-1.1570394,0.09521973878145218,0.9870129823684692,0.9388939142227173
YLR085C,YDR384C,0,-1.1574284,0.09521055966615677,0.9870129823684692,0.9389938712120056
YFR047C,YMR105C,0,-1.157618,0.09520138800144196,0.9870129823684692,0.9390938878059387
YPL138C,YNL247W,0,-1.1578773,0.09519221633672714,0.9870129823684692,0.9391939043998718
YPL207W,YBL072C,0,-1.1583335,0.09518304467201233,0.9870129823684692,0.9392939209938049
YPL183C,YLR055C,0,-1.1584809,0.09517387300729752,0.9870129823684692,0.939393937587738
YEL020W-A,YOR065W,0,-1.1586285,0.0951647087931633,0.9870129823684692,0.9394939541816711
YPR143W,YKL054C,0,-1.1608801,0.09515554457902908,0.9870129823684692,0.9395939707756042
YGR254W,YJL057C,0,-1.1614792,0.09514638036489487,0.9870129823684692,0.9396939873695374
YBR029C,YBR023C,0,-1.1629956,0.09513721615076065,0.9870129823684692,0.9397940039634705
YDL003W,YOR065W,0,-1.1635151,0.09512805938720703,0.9870129823684692,0.9398939609527588
YDR160W,YLR196W,0,-1.1653233,0.09511889517307281,0.9870129823684692,0.9399939775466919
YNL194C,YHR133C,0,-1.1675649,0.0951097384095192,0.9870129823684692,0.940093994140625
YMR243C,YKL138C,0,-1.1679344,0.09510058909654617,0.9870129823684692,0.9401940107345581
YGL070C,YOL051W,0,-1.1697216,0.09509143233299255,0.9870129823684692,0.9402940273284912
YCL048W,YDL031W,0,-1.170521,0.09508228302001953,0.9870129823684692,0.9403940439224243
YCL017C,YGL070C,0,-1.1707196,0.09507313370704651,0.9870129823684692,0.9404940605163574
YGL139W,YDR105C,0,-1.1718849,0.09506398439407349,0.9870129823684692,0.9405940771102905
YBR078W,YNL133C,0,-1.1735699,0.09505484253168106,0.9870129823684692,0.9406940937042236
YGR202C,YOL052C-A,0,-1.1744039,0.09504569321870804,0.9870129823684692,0.940794050693512
YKL110C,YGR005C,0,-1.1754607,0.09503655135631561,0.9870129823684692,0.9408940672874451
YBL080C,YDR075W,0,-1.1768298,0.09502740949392319,0.9870129823684692,0.9409940838813782
YLR411W,YGL167C,0,-1.1769255,0.09501827508211136,0.9870129823684692,0.9410941004753113
YPR143W,YHR202W,0,-1.1786363,0.09500913321971893,0.9870129823684692,0.9411941170692444
YDL145C,YEL024W,0,-1.1794344,0.0949999988079071,0.9870129823684692,0.9412941336631775
YJL174W,YJR153W,0,-1.1797972,0.09499086439609528,0.9870129823684692,0.9413941502571106
YDR343C,YBR248C,0,-1.1821837,0.09498173743486404,0.9870129823684692,0.9414941668510437
YER062C,YPL156C,0,-1.1822581,0.09497260302305222,0.9870129823684692,0.9415941834449768
YEL048C,YLR367W,0,-1.1828468,0.09496347606182098,0.9870129823684692,0.9416941404342651
YHR020W,YCL035C,0,-1.1834954,0.09495434910058975,0.9870129823684692,0.9417941570281982
YGR007W,YDR110W,0,-1.1834958,0.09494522213935852,0.9870129823684692,0.9418941736221313
YIL043C,YKL079W,0,-1.1848042,0.09493610262870789,0.9870129823684692,0.9419941902160645
YLR367W,YNL142W,0,-1.1852112,0.09492697566747665,0.9870129823684692,0.9420942068099976
YGL016W,YNL066W,0,-1.1863537,0.09491785615682602,0.9870129823684692,0.9421942234039307
YGL078C,YNL066W,0,-1.1870528,0.09490874409675598,0.9870129823684692,0.9422942399978638
YNR059W,YLR435W,0,-1.1877706,0.09489962458610535,0.9870129823684692,0.9423942565917969
YJR048W,YOR004W,0,-1.1879945,0.09489051252603531,0.9870129823684692,0.94249427318573
YJL180C,YIR026C,0,-1.1881881,0.09488140046596527,0.9870129823684692,0.9425942301750183
YBR189W,YDR078C,0,-1.1882863,0.09487228840589523,0.9870129823684692,0.9426942467689514
YGL070C,YPL183C,0,-1.188364,0.0948631763458252,0.9870129823684692,0.9427942633628845
YLL048C,YDR025W,0,-1.1892328,0.09485407173633575,0.9870129823684692,0.9428942799568176
YNL194C,YBR015C,0,-1.189559,0.09484496712684631,0.9870129823684692,0.9429942965507507
YNL286W,YMR055C,0,-1.1902682,0.09483586251735687,0.9870129823684692,0.9430943131446838
YLR277C,YGL171W,0,-1.1920741,0.09482675790786743,0.9870129823684692,0.9431943297386169
YPL140C,YMR131C,0,-1.1929188,0.09481766074895859,0.9870129823684692,0.94329434633255
YEL018W,YHR170W,0,-1.1932529,0.09480855613946915,0.9870129823684692,0.9433943629264832
YDR235W,YGR138C,0,-1.1945026,0.0947994589805603,0.9870129823684692,0.9434943199157715
YDR178W,YPL018W,0,-1.1949272,0.09479036927223206,0.9870129823684692,0.9435943365097046
YNL246W,YOR086C,0,-1.1952684,0.09478127211332321,0.9870129823684692,0.9436943531036377
YHR150W,YKR034W,0,-1.1975431,0.09477218240499496,0.9870129823684692,0.9437943696975708
YJL012C,YOR358W,0,-1.1976054,0.09476309269666672,0.9870129823684692,0.9438943862915039
YLR085C,YOL154W,0,-1.1984131,0.09475400298833847,0.9870129823684692,0.943994402885437
YAL007C,YDR280W,0,-1.1998532,0.09474492073059082,0.9870129823684692,0.9440944194793701
YDR009W,YLR075W,0,-1.2002215,0.09473583102226257,0.9870129823684692,0.9441944360733032
YDR234W,YJL069C,0,-1.2008555,0.09472674876451492,0.9870129823684692,0.9442944526672363
YPL207W,YML055W,0,-1.2014439,0.09471766650676727,0.9870129823684692,0.9443944096565247
YPR175W,YLR333C,0,-1.2016611,0.09470859169960022,0.9870129823684692,0.9444944262504578
YPR143W,YGR004W,0,-1.2021992,0.09469950944185257,0.9870129823684692,0.9445944428443909
YCL016C,YLL053C,0,-1.2025864,0.09469043463468552,0.9870129823684692,0.944694459438324
YPL043W,YIL038C,0,-1.2040439,0.09468135982751846,0.9870129823684692,0.9447944760322571
YOL023W,YDR397C,0,-1.2058883,0.09467228502035141,0.9870129823684692,0.9448944926261902
YDR212W,YNR037C,0,-1.2090585,0.09466321766376495,0.9870129823684692,0.9449945092201233
YLR223C,YLR167W,0,-1.2107582,0.0946541503071785,0.9870129823684692,0.9450945258140564
YNL054W,YHR020W,0,-1.2121775,0.09464508295059204,0.9870129823684692,0.9451945424079895
YLR167W,YBL063W,0,-1.2126985,0.09463601559400558,0.9870129823684692,0.9452945590019226
YDR145W,YMR149W,0,-1.214924,0.09462694823741913,0.9870129823684692,0.9453945159912109
YIL069C,YJL212C,0,-1.2155085,0.09461788833141327,0.9870129823684692,0.945494532585144
YPR143W,YMR009W,0,-1.2164419,0.09460882842540741,0.9870129823684692,0.9455945491790771
YBL031W,YPL175W,0,-1.2177587,0.09459976851940155,0.9870129823684692,0.9456945657730103
YFR031C-A,YGR030C,0,-1.219627,0.09459071606397629,0.9870129823684692,0.9457945823669434
YJL098W,YHR149C,0,-1.2207129,0.09458165615797043,0.9870129823684692,0.9458945989608765
YDR377W,YHR009C,0,-1.2210228,0.09457260370254517,0.9870129823684692,0.9459946155548096
YML067C,YER167W,0,-1.2212406,0.0945635512471199,0.9870129823684692,0.9460946321487427
YPR110C,YNL221C,0,-1.2215106,0.09455450624227524,0.9870129823684692,0.9461946487426758
YOL154W,YKR079C,0,-1.2216904,0.09454545378684998,0.9870129823684692,0.9462946057319641
YLR215C,YJL069C,0,-1.2218255,0.09453640878200531,0.9870129823684692,0.9463946223258972
YCL051W,YHR142W,0,-1.2219372,0.09452736377716064,0.9870129823684692,0.9464946389198303
YCR086W,YKR079C,0,-1.222034,0.09451831877231598,0.9870129823684692,0.9465946555137634
YOL126C,YMR002W,0,-1.2240056,0.09450928121805191,0.9870129823684692,0.9466946721076965
YHR148W,YNL181W,0,-1.2255796,0.09450023621320724,0.9870129823684692,0.9467946887016296
YDR234W,YEL044W,0,-1.2266246,0.09449119865894318,0.9870129823684692,0.9468947052955627
YGR217W,YMR242C,0,-1.2278831,0.0944821685552597,0.9870129823684692,0.9469947218894958
YNL263C,YKR007W,0,-1.2284715,0.09447313100099564,0.9870129823684692,0.947094738483429
YLR333C,YPL189W,0,-1.2288048,0.09446410089731216,0.9870129823684692,0.9471946954727173
YDR091C,YDR204W,0,-1.2292483,0.0944550633430481,0.9870129823684692,0.9472947120666504
YIL013C,YKL185W,0,-1.2305248,0.09444604068994522,0.9870129823684692,0.9473947286605835
YML101C,YOR207C,0,-1.2308314,0.09443701058626175,0.9870129823684692,0.9474947452545166
YOR359W,YNR055C,0,-1.2318383,0.09442798793315887,0.9870129823684692,0.9475947618484497
YML086C,YEL024W,0,-1.2326107,0.0944189578294754,0.9870129823684692,0.9476947784423828
YMR286W,YNR024W,0,-1.2338419,0.09440993517637253,0.9870129823684692,0.9477947950363159
YDL230W,YMR175W,0,-1.2355899,0.09440091997385025,0.9870129823684692,0.947894811630249
YPL239W,YOR001W,0,-1.2371902,0.09439189732074738,0.9870129823684692,0.9479948282241821
YKR093W,YBR069C,0,-1.2386869,0.0943828821182251,0.9870129823684692,0.9480947852134705
YPL168W,YIL018W,0,-1.239145,0.09437386691570282,0.9870129823684692,0.9481948018074036
YLR194C,YIL053W,0,-1.239466,0.09436485171318054,0.9870129823684692,0.9482948184013367
YOR016C,YEL024W,0,-1.241936,0.09435583651065826,0.9870129823684692,0.9483948349952698
YJL167W,YOR004W,0,-1.2442737,0.09434682875871658,0.9870129823684692,0.9484948515892029
YNL190W,YGL093W,0,-1.2449889,0.0943378210067749,0.9870129823684692,0.948594868183136
YOR011W,YML082W,0,-1.2463591,0.09432881325483322,0.9870129823684692,0.9486948847770691
YDR441C,YLR200W,0,-1.2476412,0.09431980550289154,0.9870129823684692,0.9487949013710022
YML004C,YGR244C,0,-1.2477807,0.09431080520153046,0.9870129823684692,0.9488949179649353
YOR001W,YHL035C,0,-1.2488356,0.09430180490016937,0.9870129823684692,0.9489948749542236
YDR323C,YIL130W,0,-1.2494113,0.09429280459880829,0.9870129823684692,0.9490948915481567
YML021C,YHL011C,0,-1.2502502,0.0942838042974472,0.9870129823684692,0.9491949081420898
YPL140C,YOR271C,0,-1.2517896,0.09427481144666672,0.9870129823684692,0.949294924736023
YOR380W,YPL145C,0,-1.2532253,0.09426581114530563,0.9870129823684692,0.949394941329956
YGL006W,YHR106W,0,-1.254808,0.09425681829452515,0.9870129823684692,0.9494949579238892
YJR117W,YDR276C,0,-1.2558705,0.09424783289432526,0.9870129823684692,0.9495949745178223
YDR075W,YNL216W,0,-1.2562367,0.09423884004354477,0.9870129823684692,0.9496949911117554
YFL005W,YJL212C,0,-1.2572166,0.09422985464334488,0.9870129823684692,0.9497950077056885
YMR261C,YOR004W,0,-1.2586883,0.09422086924314499,0.9870129823684692,0.9498949646949768
YMR175W,YNL145W,0,-1.259433,0.0942118838429451,0.9870129823684692,0.9499949812889099
YIL019W,YML055W,0,-1.2611455,0.09420289844274521,0.9870129823684692,0.950094997882843
YPR133C,YDR087C,0,-1.2617811,0.09419392049312592,0.9870129823684692,0.9501950144767761
YLL048C,YNR032C-A,0,-1.2622681,0.09418493509292603,0.9870129823684692,0.9502950310707092
YFR031C-A,YNL056W,0,-1.2628379,0.09417595714330673,0.9870129823684692,0.9503950476646423
YLR059C,YDR276C,0,-1.2631435,0.09416698664426804,0.9870129823684692,0.9504950642585754
YDR345C,YDL135C,0,-1.2638702,0.09415800869464874,0.9870129823684692,0.9505950808525085
YIL118W,YNR024W,0,-1.2643884,0.09414903819561005,0.9870129823684692,0.9506950974464417
YHR204W,YLR299W,0,-1.2647085,0.09414006769657135,0.9870129823684692,0.95079505443573
YJL094C,YLR196W,0,-1.2651882,0.09413109719753265,0.9870129823684692,0.9508950710296631
YMR243C,YPL210C,0,-1.2662269,0.09412212669849396,0.9870129823684692,0.9509950876235962
YMR110C,YGR245C,0,-1.266848,0.09411316365003586,0.9870129823684692,0.9510951042175293
YPR134W,YBR212W,0,-1.2672899,0.09410420060157776,0.9870129823684692,0.9511951208114624
YIR026C,YNL216W,0,-1.2694231,0.09409523755311966,0.9870129823684692,0.9512951374053955
YIL014W,YGR245C,0,-1.2706103,0.09408627450466156,0.9870129823684692,0.9513951539993286
YHR149C,YLR249W,0,-1.2716426,0.09407731890678406,0.9870129823684692,0.9514951705932617
YGR212W,YDR025W,0,-1.2721735,0.09406836330890656,0.9870129823684692,0.9515951871871948
YIL064W,YDR234W,0,-1.2731866,0.09405940771102905,0.9870129823684692,0.9516951441764832
YOR004W,YML086C,0,-1.2733774,0.09405045211315155,0.9870129823684692,0.9517951607704163
YOR068C,YER102W,0,-1.273884,0.09404149651527405,0.9870129823684692,0.9518951773643494
YER062C,YHR138C,0,-1.27592,0.09403254836797714,0.9870129823684692,0.9519951939582825
YOR272W,YBR146W,0,-1.275979,0.09402360022068024,0.9870129823684692,0.9520952105522156
YNL142W,YGR245C,0,-1.2760084,0.09401465207338333,0.9870129823684692,0.9521952271461487
YOR262W,YNR071C,0,-1.2762223,0.09400571137666702,0.9870129823684692,0.9522952437400818
YEL032W,YIL008W,0,-1.2762557,0.09399676322937012,0.9870129823684692,0.9523952603340149
YBR091C,YDL209C,0,-1.2767003,0.09398782253265381,0.9870129823684692,0.952495276927948
YDR345C,YPR155C,0,-1.2809875,0.0939788818359375,0.9870129823684692,0.9525952339172363
YIL075C,YHR194W,0,-1.2812226,0.09396994113922119,0.9870129823684692,0.9526952505111694
YHR146W,YKL040C,0,-1.2823384,0.09396100789308548,0.9870129823684692,0.9527952671051025
YBR114W,YKL110C,0,-1.2827158,0.09395207464694977,0.9870129823684692,0.9528952836990356
YLR083C,YLR215C,0,-1.2834268,0.09394314140081406,0.9870129823684692,0.9529953002929688
YML067C,YOL052C-A,0,-1.2839913,0.09393420815467834,0.9870129823684692,0.9530953168869019
YDR178W,YPR003C,0,-1.2844694,0.09392527490854263,0.9870129823684692,0.953195333480835
YJL012C,YDL012C,0,-1.2856075,0.09391634911298752,0.9870129823684692,0.9532953500747681
YLR037C,YHR170W,0,-1.2864871,0.0939074233174324,0.9870129823684692,0.9533953666687012
YGL098W,YKL087C,0,-1.2876202,0.09389849752187729,0.9870129823684692,0.9534953236579895
YAL068C,YLR409C,0,-1.2877363,0.09388957172632217,0.9870129823684692,0.9535953402519226
YOR252W,YMR118C,0,-1.2878973,0.09388065338134766,0.9870129823684692,0.9536953568458557
YNL142W,YDR365C,0,-1.288083,0.09387173503637314,0.9870129823684692,0.9537953734397888
YML100W,YMR175W,0,-1.2900095,0.09386281669139862,0.9870129823684692,0.9538953900337219
YCL068C,YNL132W,0,-1.2911588,0.0938538983464241,0.9870129823684692,0.953995406627655
YMR055C,YBL091C,0,-1.291846,0.09384498745203018,0.9870129823684692,0.9540954232215881
YIL120W,YIL043C,0,-1.2931306,0.09383606910705566,0.9870129823684692,0.9541954398155212
YJL173C,YBR146W,0,-1.2934873,0.09382715821266174,0.9870129823684692,0.9542954564094543
YFL005W,YNL221C,0,-1.2940395,0.09381824731826782,0.9870129823684692,0.9543954133987427
YDR292C,YMR153W,0,-1.2949878,0.0938093438744545,0.9870129823684692,0.9544954299926758
YJR041C,YCR044C,0,-1.2960408,0.09380044043064117,0.9870129823684692,0.9545954465866089
YDR098C,YOR335C,0,-1.2961487,0.09379152953624725,0.9870129823684692,0.954695463180542
YCR021C,YLL057C,0,-1.2962552,0.09378262609243393,0.9870129823684692,0.9547954797744751
YCL051W,YPL043W,0,-1.2963765,0.0937737300992012,0.9870129823684692,0.9548954963684082
YDL003W,YKL062W,0,-1.2970593,0.09376482665538788,0.9870129823684692,0.9549955129623413
YDR100W,YNL194C,0,-1.2988815,0.09375593066215515,0.9870129823684692,0.9550955295562744
YGR181W,YOR001W,0,-1.2993143,0.09374703466892242,0.9870129823684692,0.9551955461502075
YNR038W,YMR125W,0,-1.3027148,0.0937381386756897,0.9870129823684692,0.9552955031394958
YER100W,YPL135W,0,-1.3042778,0.09372925013303757,0.9870129823684692,0.955395519733429
YKL063C,YGR245C,0,-1.3058106,0.09372035413980484,0.9870129823684692,0.9554955363273621
YGL167C,YER060W,0,-1.3064616,0.09371146559715271,0.9870129823684692,0.9555955529212952
YKR007W,YMR131C,0,-1.3071089,0.09370257705450058,0.9870129823684692,0.9556955695152283
YCR016W,YOL052C-A,0,-1.3073807,0.09369369596242905,0.9870129823684692,0.9557955861091614
YJR109C,YNL023C,0,-1.3091128,0.09368480741977692,0.9870129823684692,0.9558956027030945
YLR247C,YHL015W,0,-1.3105977,0.09367592632770538,0.9870129823684692,0.9559956192970276
YHR103W,YHR197W,0,-1.3113999,0.09366704523563385,0.9870129823684692,0.9560956358909607
YPR120C,YIL008W,0,-1.3118292,0.09365816414356232,0.9870129823684692,0.956195592880249
YOR016C,YGR260W,0,-1.3120298,0.09364929050207138,0.9870129823684692,0.9562956094741821
YLR193C,YHL011C,0,-1.3155698,0.09364041686058044,0.9870129823684692,0.9563956260681152
YHR088W,YJL180C,0,-1.3172631,0.09363153576850891,0.9870129823684692,0.9564956426620483
YML052W,YPL074W,1,-1.3173969,0.09371742606163025,0.9880120158195496,0.9564956426620483
YGR103W,YOR068C,0,-1.3176777,0.09370854496955872,0.9880120158195496,0.9565956592559814
YLR258W,YKL060C,0,-1.3182502,0.09369967132806778,0.9880120158195496,0.9566956758499146
YKR052C,YCL054W,0,-1.3192974,0.09369079023599625,0.9880120158195496,0.9567956924438477
YGR181W,YDL046W,0,-1.3193069,0.09368191659450531,0.9880120158195496,0.9568957090377808
YDR471W,YDR545W,0,-1.3194382,0.09367304295301437,0.9880120158195496,0.9569957256317139
YOR101W,YDR309C,0,-1.3203062,0.09366416931152344,0.9880120158195496,0.9570956826210022
YJL098W,YJL003W,0,-1.320945,0.0936553031206131,0.9880120158195496,0.9571956992149353
YJR092W,YHR149C,1,-1.3232827,0.09374112635850906,0.9890109896659851,0.9571956992149353
YBR189W,YOR078W,0,-1.3236046,0.09373224526643753,0.9890109896659851,0.9572957158088684
YGL196W,YMR322C,0,-1.3239813,0.0937233716249466,0.9890109896659851,0.9573957324028015
YKR089C,YOR110W,0,-1.3268164,0.09371450543403625,0.9890109896659851,0.9574957489967346
YPL183C,YLR181C,0,-1.3284769,0.09370563179254532,0.9890109896659851,0.9575957655906677
YKL185W,YCR035C,0,-1.3289845,0.09369676560163498,0.9890109896659851,0.9576957821846008
YJR073C,YDR041W,0,-1.3299489,0.09368789941072464,0.9890109896659851,0.9577957987785339
YDR377W,YHR037W,0,-1.330817,0.0936790332198143,0.9890109896659851,0.957895815372467
YIL096C,YNL317W,0,-1.3308542,0.09367016702890396,0.9890109896659851,0.9579957723617554
YNL240C,YPL135W,0,-1.3316734,0.09366130828857422,0.9890109896659851,0.9580957889556885
YPR010C,YEL051W,0,-1.3338155,0.09365244209766388,0.9890109896659851,0.9581958055496216
YKR034W,YKL032C,0,-1.3358209,0.09364358335733414,0.9890109896659851,0.9582958221435547
YBL014C,YMR177W,0,-1.336165,0.09363473206758499,0.9890109896659851,0.9583958387374878
YDR412W,YOR048C,0,-1.3373398,0.09362587332725525,0.9890109896659851,0.9584958553314209
YIL011W,YOR001W,0,-1.3381623,0.0936170220375061,0.9890109896659851,0.958595871925354
YLR185W,YGR217W,0,-1.3383415,0.09360817074775696,0.9890109896659851,0.9586958885192871
YGL196W,YMR131C,0,-1.3394241,0.09359931945800781,0.9890109896659851,0.9587959051132202
YJL183W,YIL011W,0,-1.3399259,0.09359046816825867,0.9890109896659851,0.9588958621025085
YHR148W,YML082W,0,-1.342208,0.09358162432909012,0.9890109896659851,0.9589958786964417
YLR223C,YLR200W,0,-1.3424625,0.09357278048992157,0.9890109896659851,0.9590958952903748
YLR361C,YHL011C,0,-1.3428814,0.09356393665075302,0.9890109896659851,0.9591959118843079
YER100W,YDR007W,0,-1.342896,0.09355509281158447,0.9890109896659851,0.959295928478241
YDL204W,YNL194C,1,-1.3434368,0.09364074468612671,0.9900099635124207,0.959295928478241
YNL247W,YMR156C,0,-1.3439968,0.09363190084695816,0.9900099635124207,0.9593959450721741
YKL014C,YNL142W,0,-1.3457754,0.09362304955720901,0.9900099635124207,0.9594959616661072
YLR083C,YHR080C,0,-1.3458223,0.09361420571804047,0.9900099635124207,0.9595959782600403
YJL026W,YMR183C,0,-1.3458705,0.09360536187887192,0.9900099635124207,0.9596959948539734
YMR110C,YPL145C,0,-1.3490424,0.09359652549028397,0.9900099635124207,0.9597959518432617
YPL036W,YJL212C,0,-1.3499101,0.09358768165111542,0.9900099635124207,0.9598959684371948
YKR027W,YIL011W,0,-1.3525708,0.09357884526252747,0.9900099635124207,0.9599959850311279
YCR021C,YHL021C,0,-1.3532073,0.09357000887393951,0.9900099635124207,0.960096001625061
YHL003C,YPR169W,0,-1.3545213,0.09356117993593216,0.9900099635124207,0.9601960182189941
YDR513W,YHR096C,0,-1.3559744,0.09355234354734421,0.9900099635124207,0.9602960348129272
YKL191W,YNL111C,0,-1.3569353,0.09354351460933685,0.9900099635124207,0.9603960514068604
YKL033W,YIL014W,0,-1.3569592,0.0935346856713295,0.9900099635124207,0.9604960680007935
YBL080C,YLR384C,0,-1.3621286,0.09352585673332214,0.9900099635124207,0.9605960845947266
YPR169W,YAL026C,0,-1.3625319,0.09351703524589539,0.9900099635124207,0.9606960415840149
YKL063C,YHL026C,0,-1.3630192,0.09350820630788803,0.9900099635124207,0.960796058177948
YLR175W,YLR189C,0,-1.3632758,0.09349938482046127,0.9900099635124207,0.9608960747718811
YKL043W,YPL210C,0,-1.3632774,0.09349056333303452,0.9900099635124207,0.9609960913658142
YDR178W,YDR041W,0,-1.3641329,0.09348174929618835,0.9900099635124207,0.9610961079597473
YDL124W,YGR044C,0,-1.3669248,0.0934729278087616,0.9900099635124207,0.9611961245536804
YMR195W,YBR162C,0,-1.36815,0.09346411377191544,0.9900099635124207,0.9612961411476135
YOR065W,YDL113C,0,-1.3682886,0.09345529973506927,0.9900099635124207,0.9613961577415466
YOR191W,YPL234C,0,-1.3683574,0.09344648569822311,0.9900099635124207,0.9614961743354797
YOR264W,YBR162C,0,-1.3686204,0.09343767911195755,0.9900099635124207,0.9615961313247681
YGR174C,YLR347C,0,-1.3686819,0.09342886507511139,0.9900099635124207,0.9616961479187012
YPR114W,YGL226W,0,-1.3709509,0.09342005848884583,0.9900099635124207,0.9617961645126343
YKL141W,YOR158W,0,-1.3723607,0.09341125190258026,0.9900099635124207,0.9618961811065674
YLR061W,YLR413W,0,-1.3726466,0.0934024527668953,0.9900099635124207,0.9619961977005005
YNL183C,YER062C,0,-1.3739593,0.09339364618062973,0.9900099635124207,0.9620962142944336
YOL154W,YDR280W,0,-1.374428,0.09338484704494476,0.9900099635124207,0.9621962308883667
YBR060C,YHR170W,0,-1.3747427,0.0933760479092598,0.9900099635124207,0.9622962474822998
YPR199C,YGR245C,0,-1.3748276,0.09336724877357483,0.9900099635124207,0.9623962640762329
YDR111C,YDL123W,0,-1.3755541,0.09335845708847046,0.9900099635124207,0.9624962210655212
YPL209C,YGR208W,0,-1.3775531,0.09334965795278549,0.9900099635124207,0.9625962376594543
YKL110C,YGL139W,0,-1.3815777,0.09334086626768112,0.9900099635124207,0.9626962542533875
YMR009W,YCL001W,0,-1.3829681,0.09333207458257675,0.9900099635124207,0.9627962708473206
YDR345C,YGL167C,0,-1.3846496,0.09332329034805298,0.9900099635124207,0.9628962874412537
YNL156C,YMR131C,0,-1.3862048,0.09331449866294861,0.9900099635124207,0.9629963040351868
YJR118C,YBR003W,0,-1.3866392,0.09330571442842484,0.9900099635124207,0.9630963206291199
YHR170W,YLL014W,0,-1.3881142,0.09329693019390106,0.9900099635124207,0.963196337223053
YHR165C,YGL171W,0,-1.3885708,0.09328814595937729,0.9900099635124207,0.9632963538169861
YOR129C,YGR161C,0,-1.389445,0.09327936917543411,0.9900099635124207,0.9633963108062744
YOR158W,YDR384C,0,-1.3902855,0.09327058494091034,0.9900099635124207,0.9634963274002075
YLR432W,YGL096W,0,-1.3917775,0.09326180815696716,0.9900099635124207,0.9635963439941406
YEL024W,YFR053C,0,-1.3919244,0.09325303137302399,0.9900099635124207,0.9636963605880737
YOR049C,YJL058C,0,-1.3919357,0.09324426203966141,0.9900099635124207,0.9637963771820068
YOR065W,YLR150W,0,-1.3946505,0.09323548525571823,0.9900099635124207,0.9638963937759399
YLR460C,YMR177W,0,-1.3956821,0.09322671592235565,0.9900099635124207,0.963996410369873
YLR083C,YHR138C,0,-1.3964766,0.09321794658899307,0.9900099635124207,0.9640964269638062
YBR189W,YER041W,0,-1.3967673,0.0932091772556305,0.9900099635124207,0.9641964435577393
YPL117C,YDR087C,0,-1.3973702,0.09320041537284851,0.9900099635124207,0.9642964005470276
YLR239C,YCR016W,0,-1.3978524,0.09319164603948593,0.9900099635124207,0.9643964171409607
YDL175C,YFR034C,0,-1.3984549,0.09318288415670395,0.9900099635124207,0.9644964337348938
YPL234C,YNL065W,0,-1.3986733,0.09317412227392197,0.9900099635124207,0.9645964503288269
YML100W,YJL180C,0,-1.4000438,0.09316536784172058,0.9900099635124207,0.96469646692276
YER005W,YGL116W,0,-1.4000931,0.0931566059589386,0.9900099635124207,0.9647964835166931
YIR026C,YBR162C,0,-1.404994,0.09314785152673721,0.9900099635124207,0.9648965001106262
YOR272W,YPL040C,0,-1.4072791,0.09313909709453583,0.9900099635124207,0.9649965167045593
YCL016C,YGL194C,0,-1.4076066,0.09313034266233444,0.9900099635124207,0.9650965332984924
YHR108W,YHR139C,0,-1.408525,0.09312159568071365,0.9900099635124207,0.9651964902877808
YNL194C,YMR242C,0,-1.4105681,0.09311284124851227,0.9900099635124207,0.9652965068817139
YDR381W,YMR131C,0,-1.4109957,0.09310409426689148,0.9900099635124207,0.965396523475647
YDR399W,YLR292C,0,-1.4113417,0.09309534728527069,0.9900099635124207,0.9654965400695801
YGL139W,YKL005C,0,-1.4115326,0.0930866077542305,0.9900099635124207,0.9655965566635132
YHR149C,YDL117W,0,-1.4159145,0.09307786077260971,0.9900099635124207,0.9656965732574463
YPL280W,YDR292C,0,-1.4179244,0.09306912124156952,0.9900099635124207,0.9657965898513794
YEL024W,YJL168C,0,-1.4184458,0.09306038171052933,0.9900099635124207,0.9658966064453125
YNL132W,YER159C,0,-1.4201701,0.09305164217948914,0.9900099635124207,0.9659966230392456
YJL012C,YMR002W,0,-1.4211738,0.09304291009902954,0.9900099635124207,0.9660965800285339
YGL067W,YNR059W,0,-1.421809,0.09303417056798935,0.9900099635124207,0.966196596622467
YBR295W,YLR001C,0,-1.42311,0.09302543848752975,0.9900099635124207,0.9662966132164001
YIL068C,YBR060C,0,-1.4243093,0.09301670640707016,0.9900099635124207,0.9663966298103333
YHR201C,YER060W-A,0,-1.4253339,0.09300797432661057,0.9900099635124207,0.9664966464042664
YOL011W,YGR161C,0,-1.4272342,0.09299924969673157,0.9900099635124207,0.9665966629981995
YML120C,YGL096W,0,-1.4276924,0.09299052506685257,0.9900099635124207,0.9666966795921326
YMR059W,YGR283C,0,-1.4283342,0.09298180043697357,0.9900099635124207,0.9667966961860657
YDR528W,YCL039W,0,-1.4289396,0.09297307580709457,0.9900099635124207,0.9668967127799988
YPR173C,YBR060C,0,-1.4299686,0.09296435117721558,0.9900099635124207,0.9669967293739319
YDR244W,YHL026C,0,-1.4300371,0.09295563399791718,0.9900099635124207,0.9670966863632202
YJR123W,YDR078C,0,-1.4301866,0.09294691681861877,0.9900099635124207,0.9671967029571533
YOR253W,YGR094W,0,-1.430619,0.09293819963932037,0.9900099635124207,0.9672967195510864
YPR143W,YFR030W,0,-1.4306644,0.09292948246002197,0.9900099635124207,0.9673967361450195
YJL173C,YOR341W,0,-1.4342449,0.09292076528072357,0.9900099635124207,0.9674967527389526
YER072W,YMR091C,0,-1.4345934,0.09291205555200577,0.9900099635124207,0.9675967693328857
YLR223C,YHR149C,0,-1.4347823,0.09290334582328796,0.9900099635124207,0.9676967859268188
YHR006W,YBR162C,0,-1.4352347,0.09289463609457016,0.9900099635124207,0.967796802520752
YDR441C,YER178W,0,-1.4355835,0.09288593381643295,0.9900099635124207,0.9678968191146851
YNR032C-A,YER060W,0,-1.4357587,0.09287722408771515,0.9900099635124207,0.9679967761039734
YML120C,YDR190C,0,-1.4388905,0.09286852180957794,0.9900099635124207,0.9680967926979065
YOL078W,YOR359W,0,-1.4400105,0.09285981953144073,0.9900099635124207,0.9681968092918396
YDR399W,YDL031W,0,-1.4416982,0.09285111725330353,0.9900099635124207,0.9682968258857727
YOL084W,YDR234W,0,-1.4416983,0.09284242242574692,0.9900099635124207,0.9683968424797058
YAL002W,YOR260W,0,-1.442256,0.09283372014760971,0.9900099635124207,0.9684968590736389
YDR500C,YDR406W,0,-1.4424676,0.0928250253200531,0.9900099635124207,0.968596875667572
YJL012C,YBR279W,0,-1.4430549,0.09281633049249649,0.9900099635124207,0.9686968922615051
YNL318C,YGL061C,0,-1.443398,0.09280764311552048,0.9900099635124207,0.9687969088554382
YDR309C,YKR052C,0,-1.4467609,0.09279894828796387,0.9900099635124207,0.9688968658447266
YCR005C,YCL035C,0,-1.4484366,0.09279026091098785,0.9900099635124207,0.9689968824386597
YDR165W,YIL008W,0,-1.4496684,0.09278157353401184,0.9900099635124207,0.9690968990325928
YGR170W,YHR170W,0,-1.4515909,0.09277288615703583,0.9900099635124207,0.9691969156265259
YEL040W,YNL166C,1,-1.4525878,0.09285780787467957,0.991008996963501,0.9691969156265259
YMR322C,YDL223C,0,-1.4531492,0.09284912049770355,0.991008996963501,0.969296932220459
YML086C,YLR175W,0,-1.4532043,0.09284043312072754,0.991008996963501,0.9693969488143921
YEL018W,YKL014C,0,-1.4546453,0.09283174574375153,0.991008996963501,0.9694969654083252
YCL017C,YKL051W,0,-1.4549608,0.09282305836677551,0.991008996963501,0.9695969820022583
YFR016C,YOR001W,0,-1.455961,0.0928143709897995,0.991008996963501,0.9696969985961914
YJL098W,YMR074C,0,-1.4571984,0.09280569106340408,0.991008996963501,0.9697969555854797
YHR149C,YLR115W,0,-1.4635997,0.09279700368642807,0.991008996963501,0.9698969721794128
YPR100W,YCL001W,0,-1.4642951,0.09278832376003265,0.991008996963501,0.969996988773346
YOR233W,YDR309C,1,-1.4672953,0.09287317842245102,0.9920079708099365,0.969996988773346
YKL029C,YGR094W,0,-1.4690981,0.092864491045475,0.9920079708099365,0.970097005367279
YKL141W,YHL003C,0,-1.4708302,0.09285580366849899,0.9920079708099365,0.9701970219612122
YJR123W,YGL111W,0,-1.4714813,0.09284712374210358,0.9920079708099365,0.9702970385551453
YFR016C,YLR056W,0,-1.4724648,0.09283844381570816,0.9920079708099365,0.9703970551490784
YOR262W,YGL104C,0,-1.4724807,0.09282976388931274,0.9920079708099365,0.9704970717430115
YOL126C,YER081W,0,-1.47555,0.09282109141349792,0.9920079708099365,0.9705970883369446
YOR009W,YGR094W,0,-1.4758523,0.09281241148710251,0.9920079708099365,0.9706970453262329
YHR149C,YMR032W,1,-1.4822826,0.0928971990942955,0.9930070042610168,0.9706970453262329
YNL023C,YDL087C,0,-1.4833071,0.09288851171731949,0.9930070042610168,0.970797061920166
YKL081W,YBR168W,0,-1.4839952,0.09287983924150467,0.9930070042610168,0.9708970785140991
YKL045W,YEL048C,0,-1.4854925,0.09287115931510925,0.9930070042610168,0.9709970951080322
YLR196W,YPL189W,0,-1.4923903,0.09286247938871384,0.9930070042610168,0.9710971117019653
YIL156W,YNL132W,0,-1.4931557,0.09285380691289902,0.9930070042610168,0.9711971282958984
YGL067W,YDR435C,0,-1.4936703,0.0928451344370842,0.9930070042610168,0.9712971448898315
YDR256C,YLR131C,0,-1.494225,0.09283646196126938,0.9930070042610168,0.9713971614837646
YLR382C,YMR230W,0,-1.4950647,0.09282778948545456,0.9930070042610168,0.9714971780776978
YLL018C-A,YHL011C,0,-1.4951923,0.09281912446022034,0.9930070042610168,0.9715971350669861
YDR345C,YFR030W,0,-1.4953966,0.09281045943498611,0.9930070042610168,0.9716971516609192
YIL056W,YLR215C,0,-1.5002985,0.09280179440975189,0.9930070042610168,0.9717971682548523
YHR033W,YJL208C,0,-1.5011759,0.09279312938451767,0.9930070042610168,0.9718971848487854
YMR234W,YGL116W,0,-1.5038738,0.09278446435928345,0.9930070042610168,0.9719972014427185
YMR076C,YNL111C,0,-1.5069534,0.09277580678462982,0.9930070042610168,0.9720972180366516
YPR188C,YJL167W,0,-1.5082278,0.0927671492099762,0.9930070042610168,0.9721972346305847
YOL042W,YGR003W,0,-1.5088706,0.09275849163532257,0.9930070042610168,0.9722972512245178
YGL096W,YHR037W,0,-1.511725,0.09274983406066895,0.9930070042610168,0.9723972678184509
YIR004W,YGL111W,0,-1.5163822,0.09274118393659592,0.9930070042610168,0.9724972248077393
YOR078W,YIL011W,0,-1.5183363,0.09273253381252289,0.9930070042610168,0.9725972414016724
YDR091C,YLR413W,0,-1.5188335,0.09272388368844986,0.9930070042610168,0.9726972579956055
YDR007W,YGR044C,0,-1.5218546,0.09271523356437683,0.9930070042610168,0.9727972745895386
YKL063C,YGL078C,0,-1.5218568,0.0927065834403038,0.9930070042610168,0.9728972911834717
YBR189W,YKL029C,0,-1.5225866,0.09269794076681137,0.9930070042610168,0.9729973077774048
YNR032C-A,YGL238W,0,-1.5244203,0.09268929809331894,0.9930070042610168,0.9730973243713379
YAL007C,YPL189W,0,-1.5269351,0.09268065541982651,0.9930070042610168,0.973197340965271
YPL207W,YBR015C,0,-1.5269499,0.09267201274633408,0.9930070042610168,0.9732973575592041
YGL027C,YDR045C,0,-1.5274038,0.09266337007284164,0.9930070042610168,0.9733973145484924
YML120C,YEL001C,0,-1.5292821,0.09265473484992981,0.9930070042610168,0.9734973311424255
YLR432W,YJR096W,0,-1.5301526,0.09264609962701797,0.9930070042610168,0.9735973477363586
YKL062W,YLR367W,0,-1.5308181,0.09263746440410614,0.9930070042610168,0.9736973643302917
YOR272W,YKL005C,0,-1.5318471,0.0926288291811943,0.9930070042610168,0.9737973809242249
YLR220W,YOR001W,0,-1.5323273,0.09262020140886307,0.9930070042610168,0.973897397518158
YOR091W,YBR301W,0,-1.5352128,0.09261157363653183,0.9930070042610168,0.9739974141120911
YJR046W,YNL111C,0,-1.5356523,0.09260294586420059,0.9930070042610168,0.9740974307060242
YMR175W,YLR411W,0,-1.5361816,0.09259431809186935,0.9930070042610168,0.9741974472999573
YGL058W,YPR199C,0,-1.5381355,0.09258569031953812,0.9930070042610168,0.9742974042892456
YDR471W,YPR133C,0,-1.5480016,0.09257706999778748,0.9930070042610168,0.9743974208831787
YMR243C,YGL226W,0,-1.5481493,0.09256844967603683,0.9930070042610168,0.9744974374771118
YDR100W,YGL139W,0,-1.5533462,0.0925598293542862,0.9930070042610168,0.9745974540710449
YPL056C,YIL009W,0,-1.5551572,0.09255120903253555,0.9930070042610168,0.974697470664978
YPL225W,YNR053C,0,-1.5552188,0.09254259616136551,0.9930070042610168,0.9747974872589111
YDR280W,YIL118W,0,-1.5555077,0.09253397583961487,0.9930070042610168,0.9748975038528442
YDR500C,YER159C,0,-1.556997,0.09252536296844482,0.9930070042610168,0.9749975204467773
YDL230W,YHR037W,0,-1.5572064,0.09251675009727478,0.9930070042610168,0.9750975370407104
YGR161C,YHR005C,0,-1.5580846,0.09250814467668533,0.9930070042610168,0.9751974940299988
YPL115C,YOR335C,0,-1.5592747,0.09249953180551529,0.9930070042610168,0.9752975106239319
YOL042W,YDR007W,0,-1.5615772,0.09249092638492584,0.9930070042610168,0.975397527217865
YOR032C,YDL145C,0,-1.5631045,0.0924823209643364,0.9930070042610168,0.9754975438117981
YPL198W,YER127W,0,-1.5663773,0.09247371554374695,0.9930070042610168,0.9755975604057312
YDR045C,YNL123W,0,-1.5681659,0.0924651175737381,0.9930070042610168,0.9756975769996643
YDR256C,YMR091C,0,-1.5692945,0.09245651215314865,0.9930070042610168,0.9757975935935974
YKL062W,YDR300C,0,-1.5701768,0.0924479141831398,0.9930070042610168,0.9758976101875305
YDR091C,YNL054W,0,-1.5718093,0.09243931621313095,0.9930070042610168,0.9759976267814636
YGR007W,YNL065W,0,-1.5732644,0.0924307256937027,0.9930070042610168,0.976097583770752
YIL052C,YDR365C,0,-1.5736179,0.09242212772369385,0.9930070042610168,0.9761976003646851
YDR021W,YMR207C,0,-1.5743854,0.0924135372042656,0.9930070042610168,0.9762976169586182
YOR193W,YDR365C,0,-1.5794063,0.09240494668483734,0.9930070042610168,0.9763976335525513
YDL247W,YKL051W,0,-1.5804695,0.09239635616540909,0.9930070042610168,0.9764976501464844
YJR041C,YGL096W,0,-1.5814383,0.09238776564598083,0.9930070042610168,0.9765976667404175
YPL198W,YIL008W,0,-1.5845147,0.09237918257713318,0.9930070042610168,0.9766976833343506
YDR178W,YER038C,0,-1.5861702,0.09237059950828552,0.9930070042610168,0.9767976999282837
YDL209C,YCL054W,0,-1.5898454,0.09236201643943787,0.9930070042610168,0.9768977165222168
YOR241W,YIL096C,0,-1.5976152,0.09235343337059021,0.9930070042610168,0.9769976735115051
YFR024C-A,YBR069C,0,-1.5990216,0.09234485030174255,0.9930070042610168,0.9770976901054382
YOR049C,YLR143W,0,-1.600122,0.0923362746834755,0.9930070042610168,0.9771977066993713
YBL038W,YGR060W,0,-1.6006361,0.09232769906520844,0.9930070042610168,0.9772977232933044
YLR319C,YHR149C,1,-1.6028632,0.09241200238466263,0.9940059781074524,0.9772977232933044
YPR110C,YIL069C,0,-1.6029664,0.09240341931581497,0.9940059781074524,0.9773977398872375
YGL246C,YNL054W,0,-1.6099384,0.09239483624696732,0.9940059781074524,0.9774977564811707
YPL140C,YHL026C,0,-1.6099521,0.09238626062870026,0.9940059781074524,0.9775977730751038
YGR082W,YJR048W,0,-1.610129,0.0923776775598526,0.9940059781074524,0.9776977896690369
YER044C-A,YBR191W,0,-1.6124613,0.09236910194158554,0.9940059781074524,0.97779780626297
YHR169W,YGR030C,0,-1.613914,0.09236053377389908,0.9940059781074524,0.9778977632522583
YER081W,YML082W,0,-1.6188965,0.09235195815563202,0.9940059781074524,0.9779977798461914
YIL119C,YOL029C,0,-1.6190293,0.09234338998794556,0.9940059781074524,0.9780977964401245
YKL191W,YGL129C,0,-1.6193434,0.0923348218202591,0.9940059781074524,0.9781978130340576
YLR023C,YLR056W,0,-1.6224594,0.09232625365257263,0.9940059781074524,0.9782978296279907
YPR173C,YML081W,0,-1.6235569,0.09231768548488617,0.9940059781074524,0.9783978462219238
YMR175W,YBR121C,0,-1.6238923,0.09230911731719971,0.9940059781074524,0.9784978628158569
YOR065W,YPL145C,0,-1.6251942,0.09230055660009384,0.9940059781074524,0.97859787940979
YLR175W,YGL226W,0,-1.6277835,0.09229199588298798,0.9940059781074524,0.9786978960037231
YJL183W,YFR053C,0,-1.634268,0.09228343516588211,0.9940059781074524,0.9787978529930115
YOR252W,YKL052C,0,-1.6356161,0.09227487444877625,0.9940059781074524,0.9788978695869446
YGR103W,YFL011W,0,-1.6366435,0.09226632118225098,0.9940059781074524,0.9789978861808777
YHR149C,YPL021W,0,-1.6401033,0.09225776791572571,0.9940059781074524,0.9790979027748108
YGR078C,YOR271C,0,-1.641262,0.09224921464920044,0.9940059781074524,0.9791979193687439
YER177W,YKR049C,0,-1.6431415,0.09224066138267517,0.9940059781074524,0.979297935962677
YMR230W,YJL179W,0,-1.6458997,0.0922321081161499,0.9940059781074524,0.9793979525566101
YHR165C,YOR101W,0,-1.6476026,0.09222356230020523,0.9940059781074524,0.9794979691505432
YHR165C,YAL011W,0,-1.6477978,0.09221501648426056,0.9940059781074524,0.9795979857444763
YAL011W,YDL102W,0,-1.6504942,0.09220647066831589,0.9940059781074524,0.9796979427337646
YGL087C,YDL031W,0,-1.6512032,0.09219792485237122,0.9940059781074524,0.9797979593276978
YLL053C,YGL238W,0,-1.6524339,0.09218937903642654,0.9940059781074524,0.9798979759216309
YLR377C,YHR138C,0,-1.6548306,0.09218084067106247,0.9940059781074524,0.979997992515564
YOR252W,YLR384C,0,-1.656436,0.0921723023056984,0.9940059781074524,0.9800980091094971
YGL006W,YBR023C,0,-1.657221,0.09216376394033432,0.9940059781074524,0.9801980257034302
YLL018C,YHR096C,0,-1.6573238,0.09215522557497025,0.9940059781074524,0.9802980422973633
YPL169C,YHR210C,0,-1.6581079,0.09214669466018677,0.9940059781074524,0.9803980588912964
YKL006C-A,YBR112C,0,-1.6591107,0.09213816374540329,0.9940059781074524,0.9804980754852295
YKL141W,YOR383C,0,-1.6592381,0.09212963283061981,0.9940059781074524,0.9805980324745178
YEL048C,YIL107C,0,-1.6617392,0.09212110191583633,0.9940059781074524,0.9806980490684509
YGR032W,YBL061C,1,-1.6710703,0.09220514446496964,0.9950050115585327,0.9806980490684509
YOR019W,YHR170W,0,-1.6713715,0.09219661355018616,0.9950050115585327,0.980798065662384
YMR215W,YAL056W,0,-1.6728306,0.09218807518482208,0.9950050115585327,0.9808980822563171
YAL059W,YGL238W,0,-1.6756928,0.0921795442700386,0.9950050115585327,0.9809980988502502
YPR131C,YHR150W,0,-1.677005,0.09217101335525513,0.9950050115585327,0.9810981154441833
YDL189W,YOR241W,0,-1.6782651,0.09216248989105225,0.9950050115585327,0.9811981320381165
YDR398W,YPR133C,0,-1.679395,0.09215395897626877,0.9950050115585327,0.9812981486320496
YOR252W,YIL009W,0,-1.6804572,0.09214543551206589,0.9950050115585327,0.9813981652259827
YGL006W,YER005W,0,-1.6821669,0.092136912047863,0.9950050115585327,0.981498122215271
YMR242C,YPR100W,0,-1.6848593,0.09212838858366013,0.9950050115585327,0.9815981388092041
YIL096C,YLR435W,0,-1.6853417,0.09211986511945724,0.9950050115585327,0.9816981554031372
YDR345C,YBR049C,0,-1.6871455,0.09211134910583496,0.9950050115585327,0.9817981719970703
YDL209C,YGL116W,0,-1.6899438,0.09210283309221268,0.9950050115585327,0.9818981885910034
YBR189W,YOL023W,0,-1.6912353,0.0920943170785904,0.9950050115585327,0.9819982051849365
YLR413W,YDL149W,0,-1.6953868,0.09208580106496811,0.9950050115585327,0.9820982217788696
YEL040W,YNL194C,1,-1.6996858,0.09216973185539246,0.9960039854049683,0.9820982217788696
YOR091W,YOR341W,0,-1.7001265,0.09216121584177017,0.9960039854049683,0.9821982383728027
YDR377W,YEL024W,0,-1.7009996,0.09215269237756729,0.9960039854049683,0.9822982549667358
YIL056W,YDR317W,0,-1.7034158,0.09214417636394501,0.9960039854049683,0.9823982119560242
YBR248C,YBR191W,0,-1.7041235,0.09213566035032272,0.9960039854049683,0.9824982285499573
YGR165W,YIL087C,0,-1.7059274,0.09212715178728104,0.9960039854049683,0.9825982451438904
YGL067W,YOL132W,0,-1.7059617,0.09211863577365875,0.9960039854049683,0.9826982617378235
YMR050C,YER159C,0,-1.7098423,0.09211012721061707,0.9960039854049683,0.9827982783317566
YOR004W,YLR001C,0,-1.7109182,0.09210161864757538,0.9960039854049683,0.9828982949256897
YNL298W,YDR309C,1,-1.7112688,0.09218548238277435,0.9970030188560486,0.9828982949256897
YKL062W,YNL190W,0,-1.7123532,0.09217696636915207,0.9970030188560486,0.9829983115196228
YAL059W,YNR071C,0,-1.7132125,0.09216845035552979,0.9970030188560486,0.9830983281135559
YJL098W,YCR024C,0,-1.7134959,0.0921599417924881,0.9970030188560486,0.983198344707489
YBR034C,YHL015W,0,-1.7142177,0.09215143322944641,0.9970030188560486,0.9832983016967773
YOR262W,YNR053C,0,-1.7144247,0.09214292466640472,0.9970030188560486,0.9833983182907104
YAL019W,YBR034C,0,-1.7181647,0.09213441610336304,0.9970030188560486,0.9834983348846436
YDL081C,YDR365C,0,-1.7223657,0.09212591499090195,0.9970030188560486,0.9835983514785767
YER041W,YPL198W,0,-1.7231337,0.09211740642786026,0.9970030188560486,0.9836983680725098
YLR167W,YGR174C,0,-1.7251348,0.09210890531539917,0.9970030188560486,0.9837983846664429
YDR309C,YLR248W,0,-1.727437,0.09210040420293808,0.9970030188560486,0.983898401260376
YER100W,YKR075C,0,-1.7315111,0.09209191054105759,0.9970030188560486,0.9839984178543091
YBL080C,YMR081C,0,-1.7351449,0.0920834094285965,0.9970030188560486,0.9840984344482422
YLL018C,YDR075W,0,-1.7351859,0.092074915766716,0.9970030188560486,0.9841983914375305
YOR004W,YJL179W,0,-1.7359285,0.09206642210483551,0.9970030188560486,0.9842984080314636
YGL246C,YCR021C,0,-1.7362045,0.09205792844295502,0.9970030188560486,0.9843984246253967
YNL111C,YDL211C,0,-1.7363312,0.09204943478107452,0.9970030188560486,0.9844984412193298
YJR123W,YER127W,0,-1.7371328,0.09204094856977463,0.9970030188560486,0.9845984578132629
YML120C,YPL262W,0,-1.7372785,0.09203246235847473,0.9970030188560486,0.984698474407196
YBL072C,YMR133W,0,-1.7377374,0.09202397614717484,0.9970030188560486,0.9847984910011292
YKL062W,YLR056W,0,-1.7380502,0.09201548993587494,0.9970030188560486,0.9848985075950623
YDL098C,YPR161C,0,-1.7383397,0.09200700372457504,0.9970030188560486,0.9849985241889954
YER056C,YDL209C,0,-1.7403121,0.09199852496385574,0.9970030188560486,0.9850984811782837
YKL141W,YCR005C,0,-1.7482288,0.09199004620313644,0.9970030188560486,0.9851984977722168
YDR078C,YIL009W,0,-1.7519993,0.09198156744241714,0.9970030188560486,0.9852985143661499
YNL233W,YOR004W,0,-1.7527294,0.09197308868169785,0.9970030188560486,0.985398530960083
YPL043W,YDR025W,0,-1.7604941,0.09196461737155914,0.9970030188560486,0.9854985475540161
YOR262W,YGR138C,0,-1.7635112,0.09195613861083984,0.9970030188560486,0.9855985641479492
YLR220W,YDR190C,0,-1.763868,0.09194766730070114,0.9970030188560486,0.9856985807418823
YML100W,YLR175W,0,-1.7650344,0.09193919599056244,0.9970030188560486,0.9857985973358154
YGL076C,YER033C,0,-1.7694972,0.09193073213100433,0.9970030188560486,0.9858986139297485
YIL098C,YBR034C,0,-1.7700456,0.09192226082086563,0.9970030188560486,0.9859985709190369
YBR054W,YDR343C,0,-1.7743477,0.09191379696130753,0.9970030188560486,0.98609858751297
YHR148W,YDR399W,0,-1.7775319,0.09190533310174942,0.9970030188560486,0.9861986041069031
YJR109C,YGR161C,0,-1.780566,0.09189686924219131,0.9970030188560486,0.9862986207008362
YGR283C,YNL216W,0,-1.7848752,0.09188840538263321,0.9970030188560486,0.9863986372947693
YBR295W,YPR174C,0,-1.7856561,0.0918799489736557,0.9970030188560486,0.9864986538887024
YGL076C,YCL064C,0,-1.7862031,0.09187149256467819,0.9970030188560486,0.9865986704826355
YKL026C,YER102W,0,-1.786571,0.09186303615570068,0.9970030188560486,0.9866986870765686
YGR174C,YMR105C,0,-1.7928834,0.09185457974672318,0.9970030188560486,0.9867987036705017
YPR110C,YKL150W,0,-1.7932948,0.09184612333774567,0.9970030188560486,0.98689866065979
YML100W,YLR409C,0,-1.7937493,0.09183767437934875,0.9970030188560486,0.9869986772537231
YNL263C,YML120C,0,-1.7973675,0.09182922542095184,0.9970030188560486,0.9870986938476562
YDR148C,YLR384C,0,-1.8015652,0.09182077646255493,0.9970030188560486,0.9871987104415894
YIL009W,YIL008W,0,-1.804897,0.09181232750415802,0.9970030188560486,0.9872987270355225
YCR105W,YOR156C,0,-1.8092587,0.09180387854576111,0.9970030188560486,0.9873987436294556
YLR083C,YFR040W,0,-1.8161262,0.0917954370379448,0.9970030188560486,0.9874987602233887
YBL087C,YPL146C,0,-1.8180428,0.09178699553012848,0.9970030188560486,0.9875987768173218
YHR148W,YIL009W,0,-1.821191,0.09177855402231216,0.9970030188560486,0.9876987934112549
YGR094W,YNL065W,0,-1.822269,0.09177011251449585,0.9970030188560486,0.9877987504005432
YDR441C,YFL025C,0,-1.8273461,0.09176167845726013,0.9970030188560486,0.9878987669944763
YML023C,YER176W,0,-1.8273667,0.09175324440002441,0.9970030188560486,0.9879987835884094
YJR131W,YOR359W,0,-1.8358566,0.0917448028922081,0.9970030188560486,0.9880988001823425
YDL209C,YPR169W,0,-1.8391672,0.09173637628555298,0.9970030188560486,0.9881988167762756
YJR048W,YNL123W,0,-1.8412156,0.09172794222831726,0.9970030188560486,0.9882988333702087
YMR015C,YOR026W,0,-1.8415676,0.09171950817108154,0.9970030188560486,0.9883988499641418
YHL003C,YPR199C,0,-1.8488042,0.09171108156442642,0.9970030188560486,0.988498866558075
YIL019W,YLR181C,0,-1.8504311,0.0917026549577713,0.9970030188560486,0.9885988831520081
YPR114W,YNL065W,0,-1.850863,0.09169422835111618,0.9970030188560486,0.9886988401412964
YFR031C-A,YOL023W,0,-1.8562217,0.09168580919504166,0.9970030188560486,0.9887988567352295
YGL076C,YDR395W,0,-1.8575127,0.09167738258838654,0.9970030188560486,0.9888988733291626
YLR150W,YNR053C,0,-1.8611648,0.09166896343231201,0.9970030188560486,0.9889988899230957
YHR169W,YLL014W,0,-1.8625777,0.09166054427623749,0.9970030188560486,0.9890989065170288
YIL107C,YJR054W,0,-1.8679955,0.09165212512016296,0.9970030188560486,0.9891989231109619
YNL183C,YGL078C,0,-1.8774912,0.09164371341466904,0.9970030188560486,0.989298939704895
YNL142W,YPL061W,0,-1.8780739,0.09163529425859451,0.9970030188560486,0.9893989562988281
YLR223C,YBR085W,0,-1.8818179,0.09162688255310059,0.9970030188560486,0.9894989728927612
YOR252W,YNR038W,0,-1.8871937,0.09161847084760666,0.9970030188560486,0.9895989894866943
YLR293C,YIL069C,0,-1.8917713,0.09161005914211273,0.9970030188560486,0.9896989464759827
YMR040W,YKL081W,0,-1.8990612,0.0916016548871994,0.9970030188560486,0.9897989630699158
YMR243C,YDR178W,0,-1.9045215,0.09159324318170547,0.9970030188560486,0.9898989796638489
YPR110C,YDR406W,0,-1.9162003,0.09158483892679214,0.9970030188560486,0.989998996257782
YIL069C,YGR208W,0,-1.9185574,0.09157643467187881,0.9970030188560486,0.9900990128517151
YJR073C,YPR010C,0,-1.9367018,0.09156803041696548,0.9970030188560486,0.9901990294456482
YGL226W,YDR365C,0,-1.9379212,0.09155963361263275,0.9970030188560486,0.9902990460395813
YKL014C,YPR169W,0,-1.9440929,0.09155123680830002,0.9970030188560486,0.9903990626335144
YCL017C,YIL087C,0,-1.9486045,0.09154283255338669,0.9970030188560486,0.9904990792274475
YHR169W,YAL059W,0,-1.9486489,0.09153444319963455,0.9970030188560486,0.9905990362167358
YBR016W,YMR072W,0,-1.9501351,0.09152604639530182,0.9970030188560486,0.990699052810669
YOR101W,YHL031C,0,-1.9573643,0.09151764959096909,0.9970030188560486,0.990799069404602
YDR148C,YLR413W,0,-1.9633846,0.09150926023721695,0.9970030188560486,0.9908990859985352
YDR430C,YKL043W,0,-1.9678528,0.09150087088346481,0.9970030188560486,0.9909991025924683
YKL141W,YDL031W,0,-1.9694257,0.09149248152971268,0.9970030188560486,0.9910991191864014
YIL056W,YGR138C,0,-1.9733062,0.09148409217596054,0.9970030188560486,0.9911991357803345
YPR173C,YMR243C,0,-1.9882685,0.091475710272789,0.9970030188560486,0.9912991523742676
YDR345C,YHR142W,0,-1.9982198,0.09146732836961746,0.9970030188560486,0.9913991689682007
YGL067W,YDR377W,0,-2.00015,0.09145894646644592,0.9970030188560486,0.991499125957489
YKL026C,YGL198W,0,-2.0059872,0.09145056456327438,0.9970030188560486,0.9915991425514221
YHR202W,YBR162C,0,-2.0151591,0.09144218266010284,0.9970030188560486,0.9916991591453552
YIL064W,YOR086C,0,-2.0195088,0.0914338082075119,0.9970030188560486,0.9917991757392883
YDR345C,YDR078C,0,-2.024223,0.09142543375492096,0.9970030188560486,0.9918991923332214
YCL051W,YNL066W,0,-2.0259204,0.09141705930233002,0.9970030188560486,0.9919992089271545
YBR085W,YHL011C,0,-2.0302775,0.09140868484973907,0.9970030188560486,0.9920992255210876
YPR199C,YHR170W,0,-2.0353582,0.09140031039714813,0.9970030188560486,0.9921992421150208
YLR220W,YOR359W,0,-2.0425677,0.09139194339513779,0.9970030188560486,0.9922992587089539
YIL148W,YBR034C,0,-2.0467703,0.09138357639312744,0.9970030188560486,0.9923992156982422
YBR168W,YOR341W,0,-2.0573018,0.0913752093911171,0.9970030188560486,0.9924992322921753
YNL247W,YHL026C,0,-2.062156,0.09136684238910675,0.9970030188560486,0.9925992488861084
YBR101C,YLR056W,0,-2.0681183,0.0913584753870964,0.9970030188560486,0.9926992654800415
YGL087C,YBR034C,0,-2.068731,0.09135011583566666,0.9970030188560486,0.9927992820739746
YEL024W,YEL027W,0,-2.0733378,0.09134175628423691,0.9970030188560486,0.9928992986679077
YBL087C,YDR365C,0,-2.0887153,0.09133339673280716,0.9970030188560486,0.9929993152618408
YDR399W,YGL129C,0,-2.0888498,0.09132503718137741,0.9970030188560486,0.9930993318557739
YJL012C,YLR258W,0,-2.0888765,0.09131667762994766,0.9970030188560486,0.993199348449707
YLR345W,YHR001W-A,0,-2.0943773,0.09130832552909851,0.9970030188560486,0.9932993054389954
YPR037C,YNL065W,0,-2.096649,0.09129997342824936,0.9970030188560486,0.9933993220329285
YHR088W,YPR169W,0,-2.098726,0.09129162132740021,0.9970030188560486,0.9934993386268616
YFR031C-A,YJR096W,0,-2.0990427,0.09128326922655106,0.9970030188560486,0.9935993552207947
YOR045W,YNR053C,0,-2.106969,0.0912749245762825,0.9970030188560486,0.9936993718147278
YGR103W,YMR175W,0,-2.1117146,0.09126657247543335,0.9970030188560486,0.9937993884086609
YEL001C,YPL156C,0,-2.1151998,0.0912582278251648,0.9970030188560486,0.993899405002594
YOL154W,YDL134C,0,-2.1344693,0.09124988317489624,0.9970030188560486,0.9939994215965271
YLR167W,YNR037C,0,-2.1394339,0.09124154597520828,0.9970030188560486,0.9940994381904602
YPL004C,YDR513W,0,-2.1421738,0.09123320132493973,0.9970030188560486,0.9941993951797485
YHR088W,YLR432W,0,-2.1462336,0.09122486412525177,0.9970030188560486,0.9942994117736816
YGR211W,YCL035C,0,-2.1462576,0.09121652692556381,0.9970030188560486,0.9943994283676147
YGL171W,YGL226W,0,-2.1528115,0.09120818972587585,0.9970030188560486,0.9944994449615479
YGR078C,YIR026C,0,-2.158672,0.0911998525261879,0.9970030188560486,0.994599461555481
YDR343C,YBR015C,0,-2.1587596,0.09119152277708054,0.9970030188560486,0.9946994781494141
YIL038C,YLR175W,0,-2.1599333,0.09118318557739258,0.9970030188560486,0.9947994947433472
YHR122W,YDR111C,0,-2.1629858,0.09117485582828522,0.9970030188560486,0.9948995113372803
YDR345C,YHR037W,0,-2.170745,0.09116652607917786,0.9970030188560486,0.9949995279312134
YFR031C-A,YER159C,0,-2.1756177,0.09115820378065109,0.9970030188560486,0.9950994849205017
YDR256C,YCR005C,0,-2.1867259,0.09114987403154373,0.9970030188560486,0.9951995015144348
YIL068C,YHR149C,1,-2.1933167,0.09123287349939346,0.9980019927024841,0.9951995015144348
YKL026C,YML004C,0,-2.2035818,0.0912245437502861,0.9980019927024841,0.9952995181083679
YGL139W,YER159C,0,-2.2119858,0.09121621400117874,0.9980019927024841,0.995399534702301
YIL064W,YNL287W,0,-2.2141073,0.09120789170265198,0.9980019927024841,0.9954995512962341
YOR359W,YOL061W,0,-2.2190354,0.09119956195354462,0.9980019927024841,0.9955995678901672
YDR377W,YKL150W,0,-2.2356339,0.09119123965501785,0.9980019927024841,0.9956995844841003
YPR143W,YLR384C,0,-2.244805,0.09118290990591049,0.9980019927024841,0.9957996010780334
YOR049C,YMR215W,0,-2.2689135,0.09117459505796432,0.9980019927024841,0.9958996176719666
YGL076C,YBR169C,0,-2.2738945,0.09116627275943756,0.9980019927024841,0.9959995746612549
YPL133C,YAL059W,0,-2.284986,0.0911579504609108,0.9980019927024841,0.996099591255188
YGL096W,YCL054W,0,-2.3048632,0.09114963561296463,0.9980019927024841,0.9961996078491211
YHR120W,YPR046W,0,-2.3348691,0.09114132076501846,0.9980019927024841,0.9962996244430542
YIL019W,YPR155C,0,-2.337503,0.0911330059170723,0.9980019927024841,0.9963996410369873
YKL191W,YDL046W,0,-2.3383243,0.09112469106912613,0.9980019927024841,0.9964996576309204
YDL209C,YLR466W,0,-2.3393185,0.09111638367176056,0.9980019927024841,0.9965996742248535
YKL141W,YOR335C,0,-2.3410919,0.09110806882381439,0.9980019927024841,0.9966996908187866
YEL040W,YHR149C,1,-2.3489804,0.09119095653295517,0.9990010261535645,0.9966996908187866
YKL026C,YBR162C,0,-2.3681827,0.091182641685009,0.9990010261535645,0.9967997074127197
YOR032C,YLR432W,0,-2.382609,0.09117432683706284,0.9990010261535645,0.9968996644020081
YDR212W,YGR174C,0,-2.3883717,0.09116601198911667,0.9990010261535645,0.9969996809959412
YDR178W,YGL096W,0,-2.410031,0.0911577045917511,0.9990010261535645,0.9970996975898743
YDR280W,YPL013C,0,-2.4216466,0.09114939719438553,0.9990010261535645,0.9971997141838074
YLR044C,YOR032C,0,-2.4319746,0.09114108979701996,0.9990010261535645,0.9972997307777405
YOR049C,YOR272W,0,-2.4399707,0.09113278239965439,0.9990010261535645,0.9973997473716736
YGL078C,YML082W,0,-2.4475832,0.09112447500228882,0.9990010261535645,0.9974997639656067
YML100W,YKL026C,0,-2.4857643,0.09111617505550385,0.9990010261535645,0.9975997805595398
YOR252W,YOR383C,0,-2.49459,0.09110787510871887,0.9990010261535645,0.9976997971534729
YLR194C,YHR150W,0,-2.5175498,0.0910995751619339,0.9990010261535645,0.9977997541427612
YDR545W,YNL111C,0,-2.5436962,0.09109127521514893,0.9990010261535645,0.9978997707366943
YOL096C,YCL054W,0,-2.5465043,0.09108297526836395,0.9990010261535645,0.9979997873306274
YPR143W,YDR019C,0,-2.5560255,0.09107468277215958,0.9990010261535645,0.9980998039245605
YGR032W,YDR233C,1,-2.55625,0.0911574512720108,1.0,0.9980998039245605
YHR169W,YMR158W,0,-2.5594695,0.09114915132522583,1.0,0.9981998205184937
YPR143W,YMR158W,0,-2.6076705,0.09114085137844086,1.0,0.9982998371124268
YPL146C,YGR283C,0,-2.609894,0.09113255888223648,1.0,0.9983998537063599
YKL141W,YJL012C,0,-2.6277988,0.09112425893545151,1.0,0.998499870300293
YOR004W,YDR300C,0,-2.6318066,0.09111596643924713,1.0,0.9985998868942261
YKL062W,YNL132W,0,-2.666927,0.09110767394304276,1.0,0.9986998438835144
YGR161C,YER060W,0,-2.715667,0.09109938144683838,1.0,0.9987998604774475
YKL150W,YGL171W,0,-2.7707074,0.091091088950634,1.0,0.9988998770713806
YNL137C,YDR178W,0,-2.802578,0.09108280390501022,1.0,0.9989998936653137
YLR060W,YNL065W,0,-2.8171847,0.09107451885938644,1.0,0.9990999102592468
YOR101W,YDR343C,0,-2.867689,0.09106622636318207,1.0,0.9991999268531799
YML120C,YKL006W,0,-2.8886542,0.09105794876813889,1.0,0.999299943447113
YHR197W,YGR161C,0,-2.9375522,0.0910496637225151,1.0,0.9993999600410461
YPR110C,YOR341W,0,-2.9638789,0.09104138612747192,1.0,0.9994999766349792
YBR169C,YPR010C,0,-2.9905114,0.09103310108184814,1.0,0.9995999336242676
YOR065W,YLR409C,0,-3.0840538,0.09102482348680496,1.0,0.9996999502182007
YGR174C,YLR249W,0,-3.0947373,0.09101654589176178,1.0,0.9997999668121338
YKL141W,YDR513W,0,-3.1946344,0.0910082757472992,1.0,0.9998999834060669
YKL026C,YBR149W,0,-4.021938,0.09099999815225601,1.0,1.0
