Gene A,Gene B,Label,Score,Precision,Recall,False Positive Rate
YJL050W,YGR158C,1,4.8277903,1.0,0.0009970089886337519,0.0
YKL082C,YNL110C,0,4.5708427,0.5,0.0009970089886337519,0.00010003001079894602
YOL124C,YDL148C,0,4.5569453,0.3333333432674408,0.0009970089886337519,0.00020006002159789205
YMR269W,YOR294W,0,4.4871364,0.25,0.0009970089886337519,0.00030009003239683807
YIL038C,YJL050W,1,4.1659193,0.4000000059604645,0.0019940179772675037,0.00030009003239683807
YOR145C,YLL008W,0,4.1329994,0.3333333432674408,0.0019940179772675037,0.0004001200431957841
YGL050W,YGR145W,0,4.054683,0.2857142984867096,0.0019940179772675037,0.0005001500248908997
YNR024W,YGR158C,1,3.8800976,0.375,0.0029910269659012556,0.0005001500248908997
YNR024W,YOR001W,1,3.831757,0.4444444477558136,0.0039880359545350075,0.0005001500248908997
YNR024W,YGR195W,1,3.742715,0.5,0.004985044710338116,0.0005001500248908997
YNL001W,YNR024W,1,3.7111857,0.5454545617103577,0.005982053931802511,0.0005001500248908997
YGR145W,YNR015W,0,3.7012713,0.5,0.005982053931802511,0.0006001800647936761
YER049W,YNR024W,1,3.6380155,0.5384615659713745,0.006979062687605619,0.0006001800647936761
YLL034C,YLR129W,0,3.633273,0.5,0.006979062687605619,0.0007002100464887917
YFR001W,YFL023W,0,3.48946,0.46666666865348816,0.006979062687605619,0.0008002400863915682
YNR024W,YIL038C,1,3.4883857,0.5,0.007976071909070015,0.0008002400863915682
YOR076C,YJL050W,1,3.4580274,0.529411792755127,0.008973080664873123,0.0008002400863915682
YKL144C,YKR026C,0,3.4301355,0.5,0.008973080664873123,0.0009002700680866838
YGR072W,YIL035C,0,3.3991456,0.4736842215061188,0.008973080664873123,0.0010003000497817993
YLL008W,YML080W,0,3.3598945,0.44999998807907104,0.008973080664873123,0.0011003301478922367
YER049W,YHR081W,1,3.33042,0.4761904776096344,0.009970089420676231,0.0011003301478922367
YOL142W,YFL023W,0,3.3215647,0.4545454680919647,0.009970089420676231,0.0012003601295873523
YKL082C,YLR330W,0,3.3078604,0.43478259444236755,0.009970089420676231,0.0013003901112824678
YNL232W,YOR340C,0,3.2811546,0.4166666567325592,0.009970089420676231,0.0014004200929775834
YHR069C,YOR001W,1,3.2353728,0.4399999976158142,0.010967099107801914,0.0014004200929775834
YLL034C,YJR063W,0,3.2337046,0.42307692766189575,0.010967099107801914,0.0015004501910880208
YOL139C,YOL115W,1,3.2309756,0.4444444477558136,0.011964107863605022,0.0015004501910880208
YER112W,YNR024W,1,3.224331,0.4642857015132904,0.01296111661940813,0.0015004501910880208
YOR310C,YGR085C,0,3.2041786,0.4482758641242981,0.01296111661940813,0.0016004801727831364
YGL122C,YJL050W,1,3.1941957,0.46666666865348816,0.013958125375211239,0.0016004801727831364
YMR093W,YOR355W,0,3.1692653,0.4516128897666931,0.013958125375211239,0.001700510154478252
YJR070C,YOR287C,0,3.080326,0.4375,0.013958125375211239,0.0018005401361733675
YLL004W,YNL282W,0,3.0691648,0.42424243688583374,0.013958125375211239,0.001900570117868483
YNL299W,YIL079C,1,3.06852,0.44117647409439087,0.014955134131014347,0.001900570117868483
YDL074C,YGR072W,0,3.0582786,0.4285714328289032,0.014955134131014347,0.0020006000995635986
YDR280W,YDR206W,1,3.0548944,0.4444444477558136,0.01595214381814003,0.0020006000995635986
YDR416W,YKL172W,0,3.0523088,0.4324324429035187,0.01595214381814003,0.002100630197674036
YER049W,YJL050W,1,3.0480742,0.44736841320991516,0.016949152573943138,0.002100630197674036
YDR527W,YOL124C,0,2.995583,0.43589743971824646,0.016949152573943138,0.0022006602957844734
YIL002C,YFR001W,0,2.9923804,0.42500001192092896,0.016949152573943138,0.002300690161064267
YBL028C,YDR429C,0,2.9716544,0.4146341383457184,0.016949152573943138,0.0024007202591747046
YIL128W,YJR063W,0,2.967914,0.4047619104385376,0.016949152573943138,0.0025007501244544983
YER049W,YIL038C,1,2.9553347,0.41860464215278625,0.017946161329746246,0.0025007501244544983
YOL139C,YMR125W,1,2.9472926,0.4318181872367859,0.018943170085549355,0.0025007501244544983
YFR001W,YOL040C,0,2.9047046,0.42222222685813904,0.018943170085549355,0.0026007802225649357
YGR195W,YOL142W,1,2.9009018,0.43478259444236755,0.019940178841352463,0.0026007802225649357
YPR190C,YDR449C,0,2.8935866,0.42553192377090454,0.019940178841352463,0.002700810320675373
YPL112C,YML080W,0,2.875894,0.4166666567325592,0.019940178841352463,0.002800840185955167
YNR024W,YJL050W,1,2.8637743,0.4285714328289032,0.02093718759715557,0.002800840185955167
YNL299W,YNL118C,1,2.8636212,0.4399999976158142,0.02193419821560383,0.002800840185955167
YGR251W,YPR163C,0,2.8369904,0.4313725531101227,0.02193419821560383,0.002900870284065604
YOR206W,YPR163C,0,2.8074033,0.42307692766189575,0.02193419821560383,0.0030009003821760416
YOR076C,YNR024W,1,2.792046,0.43396225571632385,0.022931206971406937,0.0030009003821760416
YGR056W,YIL035C,0,2.7804103,0.42592594027519226,0.022931206971406937,0.0031009302474558353
YNL110C,YOR355W,0,2.7672462,0.41818180680274963,0.022931206971406937,0.0032009603455662727
YOR304W,YFL013C,0,2.7637043,0.4107142984867096,0.022931206971406937,0.0033009902108460665
YDR206W,YJL050W,1,2.7437463,0.42105263471603394,0.023928215727210045,0.0033009902108460665
YEL015W,YJL050W,1,2.7377717,0.43103447556495667,0.024925224483013153,0.0033009902108460665
YDR460W,YMR032W,0,2.731373,0.4237288236618042,0.024925224483013153,0.003401020308956504
YHR069C,YHR081W,1,2.7148042,0.4333333373069763,0.02592223323881626,0.003401020308956504
YGL050W,YLR309C,0,2.7056684,0.4262295067310333,0.02592223323881626,0.0035010504070669413
YGR072W,YKL113C,1,2.704565,0.4354838728904724,0.02691924199461937,0.0035010504070669413
YML080W,YER002W,0,2.6988986,0.4285714328289032,0.02691924199461937,0.003601080272346735
YNL232W,YNR024W,1,2.6978314,0.4375,0.027916250750422478,0.003601080272346735
YDR206W,YOR001W,1,2.6925917,0.446153849363327,0.028913259506225586,0.003601080272346735
YOL021C,YOL123W,1,2.6797934,0.4545454680919647,0.029910268262028694,0.003601080272346735
YDR064W,YKL082C,0,2.678754,0.447761207818985,0.029910268262028694,0.0037011103704571724
YDR172W,YJL050W,1,2.671324,0.45588234066963196,0.03090727888047695,0.0037011103704571724
YDR280W,YEL015W,1,2.6479633,0.4637681245803833,0.03190428763628006,0.0037011103704571724
YNL299W,YGL097W,1,2.6449916,0.4714285731315613,0.03290129452943802,0.0037011103704571724
YHR069C,YKL144C,0,2.6394007,0.4647887349128723,0.03290129452943802,0.003801140235736966
YKR056W,YCL024W,0,2.6331537,0.4583333432674408,0.03290129452943802,0.0039011703338474035
YJL187C,YNL182C,0,2.6315901,0.45205479860305786,0.03290129452943802,0.004001200199127197
YNL001W,YKL113C,1,2.6303363,0.45945945382118225,0.033898305147886276,0.004001200199127197
YOL010W,YLR073C,0,2.6294355,0.4533333480358124,0.033898305147886276,0.004101230297237635
YIL061C,YKL172W,0,2.6195772,0.44736841320991516,0.033898305147886276,0.004201260395348072
YKL009W,YNR024W,1,2.6061692,0.4545454680919647,0.034895315766334534,0.004201260395348072
YER151C,YHR085W,0,2.5918784,0.44871795177459717,0.034895315766334534,0.0043012904934585094
YOL070C,YGR072W,0,2.590905,0.4430379867553711,0.034895315766334534,0.004401320591568947
YPL011C,YMR239C,0,2.5844436,0.4375,0.034895315766334534,0.004501350224018097
YHR081W,YGR158C,1,2.576651,0.4444444477558136,0.03589232265949249,0.004501350224018097
YOL139C,YHR069C,1,2.5734363,0.45121949911117554,0.03688933327794075,0.004501350224018097
YNR024W,YCR035C,1,2.5517979,0.45783132314682007,0.03788634017109871,0.004501350224018097
YKR036C,YDR083W,0,2.5348828,0.4523809552192688,0.03788634017109871,0.004601380322128534
YDR064W,YNR003C,0,2.528386,0.4470588266849518,0.03788634017109871,0.004701410420238972
YNL299W,YDL175C,1,2.5000823,0.45348837971687317,0.03888335078954697,0.004701410420238972
YNL001W,YGL097W,1,2.5000687,0.4597701132297516,0.039880357682704926,0.004701410420238972
YKL113C,YNL112W,1,2.490209,0.46590909361839294,0.04087736830115318,0.004701410420238972
YHR069C,YBR141C,0,2.486845,0.4606741666793823,0.04087736830115318,0.004801440518349409
YLL008W,YBL068W,0,2.484086,0.4555555582046509,0.04087736830115318,0.0049014706164598465
YNL251C,YOL123W,1,2.4806697,0.4615384638309479,0.04187437519431114,0.0049014706164598465
YLR182W,YBR271W,0,2.4757512,0.45652174949645996,0.04187437519431114,0.005001500248908997
YDR460W,YFR001W,0,2.47191,0.4516128897666931,0.04187437519431114,0.005101530347019434
YOL115W,YKL149C,1,2.4717016,0.457446813583374,0.0428713858127594,0.005101530347019434
YGL083W,YOR145C,0,2.4616256,0.4526315927505493,0.0428713858127594,0.005201560445129871
YOL115W,YNR024W,1,2.4564033,0.4583333432674408,0.04386839643120766,0.005201560445129871
YLL004W,YBR276C,0,2.4517877,0.4536082446575165,0.04386839643120766,0.005301590543240309
YOR001W,YGL122C,1,2.4455764,0.4591836631298065,0.044865403324365616,0.005301590543240309
YIL038C,YGR158C,1,2.4369054,0.46464645862579346,0.04586241394281387,0.005301590543240309
YOR001W,YNL112W,1,2.4277627,0.4699999988079071,0.04685942083597183,0.005301590543240309
YNL001W,YMR125W,1,2.4246342,0.4752475321292877,0.04785643145442009,0.005301590543240309
YOR359W,YDR280W,1,2.422805,0.4803921580314636,0.04885343834757805,0.005301590543240309
YEL015W,YGR072W,1,2.4142137,0.48543688654899597,0.049850448966026306,0.005301590543240309
YKR008W,YDR364C,0,2.4087887,0.48076921701431274,0.049850448966026306,0.005401620641350746
YHR061C,YBR271W,0,2.4021332,0.4761904776096344,0.049850448966026306,0.005501650273799896
YNL299W,YKL149C,1,2.3966231,0.4811320900917053,0.050847455859184265,0.005501650273799896
YKL009W,YIL038C,1,2.3964295,0.4859813153743744,0.05184446647763252,0.005501650273799896
YOL115W,YNL112W,1,2.3938794,0.49074074625968933,0.05284147709608078,0.005501650273799896
YOR106W,YMR093W,0,2.3936427,0.4862385392189026,0.05284147709608078,0.005601680371910334
YOR359W,YGR158C,1,2.3881664,0.4909090995788574,0.05383848398923874,0.005601680371910334
YKL205W,YER137C,0,2.3795989,0.4864864945411682,0.05383848398923874,0.005701710470020771
YKL009W,YGR195W,1,2.3723302,0.4910714328289032,0.054835494607686996,0.005701710470020771
YOR359W,YNR024W,1,2.3699107,0.4955752193927765,0.055832501500844955,0.005701710470020771
YKL113C,YHR069C,1,2.361834,0.5,0.05682951211929321,0.005701710470020771
YPL110C,YLR073C,0,2.3501458,0.4956521689891815,0.05682951211929321,0.005801740568131208
YOL054W,YLR073C,0,2.3443823,0.4913793206214905,0.05682951211929321,0.005901770666241646
YPL011C,YJR063W,0,2.3346968,0.4871794879436493,0.05682951211929321,0.006001800764352083
YGR072W,YKL009W,1,2.3339252,0.49152541160583496,0.05782651901245117,0.006001800764352083
YBR155W,YLR033W,0,2.320994,0.48739495873451233,0.05782651901245117,0.006101830396801233
YJL011C,YMR032W,0,2.3082786,0.4833333194255829,0.05782651901245117,0.006201860494911671
YGR081C,YMR213W,0,2.307722,0.4793388545513153,0.05782651901245117,0.006301890593022108
YLR321C,YGL216W,0,2.299992,0.4754098355770111,0.05782651901245117,0.0064019206911325455
YJL112W,YNR015W,0,2.299111,0.47154471278190613,0.05782651901245117,0.006501950789242983
YKL078W,YML071C,0,2.2972894,0.4677419364452362,0.05782651901245117,0.006601980421692133
YIL020C,YDR364C,0,2.2962694,0.46399998664855957,0.05782651901245117,0.00670201051980257
YNL153C,YKL144C,0,2.289578,0.460317462682724,0.05782651901245117,0.006802040617913008
YMR218C,YOR340C,0,2.2855241,0.4566929042339325,0.05782651901245117,0.006902070716023445
YLR197W,YDR211W,0,2.2816486,0.453125,0.05782651901245117,0.0070021008141338825
YOL123W,YNL112W,1,2.2738278,0.45736435055732727,0.05882352963089943,0.0070021008141338825
YNR024W,YNL112W,1,2.260325,0.4615384638309479,0.05982053652405739,0.0070021008141338825
YOR025W,YFL023W,0,2.2601204,0.4580152630805969,0.05982053652405739,0.007102130446583033
YOL139C,YER146W,1,2.2564344,0.46212121844291687,0.060817547142505646,0.007102130446583033
YDR083W,YLR088W,0,2.2381172,0.45864662528038025,0.060817547142505646,0.00720216054469347
YML071C,YJR063W,0,2.2303624,0.4552238881587982,0.060817547142505646,0.007302190642803907
YIL061C,YNL110C,0,2.2271383,0.45185184478759766,0.060817547142505646,0.007402220740914345
YOR076C,YER049W,1,2.2216012,0.45588234066963196,0.0618145577609539,0.007402220740914345
YLL008W,YGR285C,0,2.2192934,0.45255473256111145,0.0618145577609539,0.007502250839024782
YGR229C,YOR294W,0,2.2183788,0.4492753744125366,0.0618145577609539,0.007602280471473932
YJR031C,YKR044W,0,2.2164989,0.4460431635379791,0.0618145577609539,0.00770231056958437
YPR144C,YOR038C,0,2.2130673,0.44285714626312256,0.0618145577609539,0.007802340667694807
YBR238C,YFL023W,0,2.2046335,0.43971630930900574,0.0618145577609539,0.007902370765805244
YMR287C,YNR024W,1,2.2025204,0.44366195797920227,0.06281156837940216,0.007902370765805244
YNL282W,YPR060C,0,2.2017643,0.440559446811676,0.06281156837940216,0.008002400398254395
YML073C,YMR239C,0,2.1983733,0.4375,0.06281156837940216,0.00810243096202612
YOL145C,YKL172W,0,2.1921384,0.43448275327682495,0.06281156837940216,0.00820246059447527
YNL299W,YNR024W,1,2.1839728,0.4383561611175537,0.06380857527256012,0.00820246059447527
YDL111C,YNR024W,1,2.1833026,0.442176878452301,0.06480558216571808,0.00820246059447527
YIL128W,YJR032W,0,2.1827555,0.43918919563293457,0.06480558216571808,0.008302491158246994
YNL001W,YOL139C,1,2.1782494,0.4429530203342438,0.06580258905887604,0.008302491158246994
YNL299W,YOR001W,1,2.1766233,0.4466666579246521,0.0667996034026146,0.008302491158246994
YNL112W,YGR158C,1,2.1729693,0.4503311216831207,0.06779661029577255,0.008302491158246994
YOL142W,YLL034C,0,2.1722832,0.44736841320991516,0.06779661029577255,0.008402520790696144
YLR182W,YGL113W,0,2.1597967,0.4444444477558136,0.06779661029577255,0.008502550423145294
YJL209W,YOL115W,1,2.1572127,0.44805195927619934,0.06879361718893051,0.008502550423145294
YMR227C,YIL020C,0,2.151141,0.44516128301620483,0.06879361718893051,0.008602580986917019
YGR145W,YOR038C,0,2.1479354,0.4423076808452606,0.06879361718893051,0.008702610619366169
YMR227C,YMR239C,0,2.1457624,0.4394904375076294,0.06879361718893051,0.008802641183137894
YMR269W,YBR141C,0,2.1453204,0.43670886754989624,0.06879361718893051,0.008902670815587044
YLR033W,YFL023W,0,2.1374688,0.43396225571632385,0.06879361718893051,0.009002700448036194
YIL080W,YBL052C,0,2.1365943,0.4312500059604645,0.06879361718893051,0.009102731011807919
YER049W,YER112W,1,2.1328802,0.43478259444236755,0.06979063153266907,0.009102731011807919
YNR024W,YNL118C,1,2.13271,0.4382716119289398,0.07078763842582703,0.009102731011807919
YJL209W,YDR172W,1,2.131303,0.44171780347824097,0.07178464531898499,0.009102731011807919
YNL232W,YHR081W,1,2.128975,0.4451219439506531,0.07278165221214294,0.009102731011807919
YGR095C,YHR069C,1,2.1257563,0.4484848380088806,0.0737786665558815,0.009102731011807919
YGL203C,YDL074C,0,2.1228619,0.4457831382751465,0.0737786665558815,0.009202760644257069
YBR261C,YGL050W,0,2.1188264,0.443113774061203,0.0737786665558815,0.009302791208028793
YJL208C,YIL079C,1,2.1185613,0.4464285671710968,0.07477567344903946,0.009302791208028793
YOR038C,YDR140W,0,2.1170554,0.44378697872161865,0.07477567344903946,0.009402820840477943
YNL299W,YGR072W,1,2.1136637,0.4470588266849518,0.07577268034219742,0.009402820840477943
YOR304W,YMR078C,0,2.109919,0.4444444477558136,0.07577268034219742,0.009502850472927094
YOR001W,YBL026W,1,2.1060147,0.447674423456192,0.07676968723535538,0.009502850472927094
YDR172W,YBR257W,0,2.1053576,0.4450867176055908,0.07676968723535538,0.009602881036698818
YBR202W,YHR069C,0,2.1037889,0.44252872467041016,0.07676968723535538,0.009702910669147968
YLR182W,YBL028C,0,2.0994272,0.4399999976158142,0.07676968723535538,0.009802941232919693
YHR082C,YNR015W,0,2.0960834,0.4375,0.07676968723535538,0.009902970865368843
YPR190C,YDR416W,0,2.0937035,0.4350282549858093,0.07676968723535538,0.010003000497817993
YJL209W,YOL142W,1,2.0936923,0.43820226192474365,0.07776670157909393,0.010003000497817993
YBL068W,YNL182C,0,2.0892515,0.4357541799545288,0.07776670157909393,0.010103031061589718
YJR092W,YML109W,0,2.0875769,0.4333333373069763,0.07776670157909393,0.010203060694038868
YHR077C,YKL205W,0,2.0815632,0.4309392273426056,0.07776670157909393,0.010303091257810593
YMR227C,YMR032W,0,2.07755,0.4285714328289032,0.07776670157909393,0.010403120890259743
YLR009W,YGR118W,0,2.0753033,0.4262295067310333,0.07776670157909393,0.010503150522708893
YKL082C,YKL186C,0,2.07295,0.42391303181648254,0.07776670157909393,0.010603181086480618
YPR144C,YLR264W,0,2.0703545,0.4216216206550598,0.07776670157909393,0.010703210718929768
YOL124C,YGR214W,0,2.0672622,0.4193548262119293,0.07776670157909393,0.010803241282701492
YGL094C,YML006C,0,2.0667105,0.4171122908592224,0.07776670157909393,0.010903270915150642
YHR085W,YEL029C,0,2.0649853,0.41489362716674805,0.07776670157909393,0.011003300547599792
YIL142W,YOL028C,0,2.0638323,0.4126984179019928,0.07776670157909393,0.011103331111371517
YJL209W,YNR024W,1,2.063685,0.41578948497772217,0.07876370847225189,0.011103331111371517
YOR159C,YMR239C,0,2.0631623,0.41361257433891296,0.07876370847225189,0.011203360743820667
YDR083W,YIL021W,0,2.062598,0.4114583432674408,0.07876370847225189,0.011303391307592392
YGL014W,YGL097W,1,2.0519145,0.41450777649879456,0.07976071536540985,0.011303391307592392
YGR072W,YLR316C,0,2.0497575,0.41237112879753113,0.07976071536540985,0.011403420940041542
YGL014W,YOR038C,0,2.0446658,0.41025641560554504,0.07976071536540985,0.011503450572490692
YNL001W,YER146W,1,2.0435827,0.41326531767845154,0.08075772970914841,0.011503450572490692
YNL271C,YNR003C,0,2.039846,0.4111675024032593,0.08075772970914841,0.011603481136262417
YGR095C,YKR068C,0,2.0380597,0.40909090638160706,0.08075772970914841,0.011703510768711567
YDR064W,YLL034C,0,2.0363305,0.4070351719856262,0.08075772970914841,0.011803541332483292
YGR072W,YNL118C,1,2.0351884,0.4099999964237213,0.08175473660230637,0.011803541332483292
YDR512C,YGR095C,0,2.0275664,0.4079602062702179,0.08175473660230637,0.011903570964932442
YNL299W,YEL015W,1,2.0251079,0.4108910858631134,0.08275174349546432,0.011903570964932442
YKL203C,YBL034C,0,2.0187635,0.4088670015335083,0.08275174349546432,0.012003601528704166
YCL014W,YGL216W,0,2.0168016,0.406862735748291,0.08275174349546432,0.012103631161153316
YER165W,YLR073C,0,2.0165963,0.40487805008888245,0.08275174349546432,0.012203660793602467
YFR001W,YBR141C,0,2.0144224,0.40291261672973633,0.08275174349546432,0.012303691357374191
YNL163C,YMR061W,0,2.012302,0.40096619725227356,0.08275174349546432,0.012403720989823341
YGR095C,YBL026W,1,2.007847,0.4038461446762085,0.08374875038862228,0.012403720989823341
YKL149C,YGR158C,1,2.0063317,0.4066985547542572,0.08474576473236084,0.012403720989823341
YNR024W,YLR398C,1,2.0051055,0.4095238149166107,0.0857427716255188,0.012403720989823341
YKR056W,YGR185C,0,2.0042572,0.40758293867111206,0.0857427716255188,0.012503751553595066
YKL009W,YOR001W,1,2.004216,0.4103773534297943,0.08673977851867676,0.012503751553595066
YNL299W,YDL111C,1,2.00183,0.4131455421447754,0.08773679286241531,0.012503751553595066
YNL299W,YHR077C,1,1.9941711,0.41588786244392395,0.08873379975557327,0.012503751553595066
YOL021C,YJL050W,1,1.9933057,0.41860464215278625,0.08973080664873123,0.012503751553595066
YIL128W,YDR167W,0,1.9920778,0.4166666567325592,0.08973080664873123,0.012603781186044216
YJL124C,YKL172W,0,1.9865232,0.41474655270576477,0.08973080664873123,0.012703810818493366
YNL182C,YDR496C,0,1.9850764,0.4128440320491791,0.08973080664873123,0.012803841382265091
YOR145C,YLR404W,0,1.9833493,0.4109589159488678,0.08973080664873123,0.012903871014714241
YIL095W,YGR095C,0,1.9794247,0.40909090638160706,0.08973080664873123,0.013003901578485966
YOR304W,YJR006W,0,1.976713,0.4072398245334625,0.08973080664873123,0.013103931210935116
YDR167W,YLL008W,0,1.9721057,0.4054054021835327,0.08973080664873123,0.013203960843384266
YDL074C,YPL093W,0,1.969017,0.4035874307155609,0.08973080664873123,0.01330399140715599
YGR143W,YGR070W,0,1.965224,0.4017857015132904,0.08973080664873123,0.01340402103960514
YOR076C,YNL118C,1,1.9631882,0.40444445610046387,0.09072781354188919,0.01340402103960514
YNL299W,YLR363C,1,1.9626341,0.40707963705062866,0.09172482788562775,0.01340402103960514
YBR261C,YHR119W,0,1.9608746,0.40528634190559387,0.09172482788562775,0.013504051603376865
YOR359W,YGL122C,1,1.9604204,0.40789473056793213,0.0927218347787857,0.013504051603376865
YJR055W,YJR063W,0,1.9599731,0.40611353516578674,0.0927218347787857,0.013604081235826015
YER049W,YDR172W,1,1.9587395,0.40869563817977905,0.09371884167194366,0.013604081235826015
YBR271W,YER165W,0,1.95491,0.40692639350891113,0.09371884167194366,0.013704110868275166
YDR449C,YJL095W,0,1.9508,0.4051724076271057,0.09371884167194366,0.01380414143204689
YKR056W,YMR093W,0,1.9467366,0.4034334719181061,0.09371884167194366,0.01390417106449604
YKR056W,YER002W,0,1.9437399,0.4017094075679779,0.09371884167194366,0.014004201628267765
YNL110C,YJR063W,0,1.9412732,0.4000000059604645,0.09371884167194366,0.014104231260716915
YNR031C,YDR449C,0,1.9377785,0.39830508828163147,0.09371884167194366,0.014204260893166065
YNL112W,YGR195W,1,1.9336767,0.40084388852119446,0.09471585601568222,0.014204260893166065
YIL038C,YIL079C,1,1.9305553,0.40336135029792786,0.09571286290884018,0.014204260893166065
YHR119W,YGR271W,0,1.9303188,0.40167364478111267,0.09571286290884018,0.01430429145693779
YBR276C,YMR075W,0,1.9227023,0.4000000059604645,0.09571286290884018,0.01440432108938694
YGL180W,YKL172W,0,1.9223034,0.39834025502204895,0.09571286290884018,0.014504351653158665
YLR314C,YER115C,0,1.918694,0.39669421315193176,0.09571286290884018,0.014604381285607815
YEL015W,YLR363C,1,1.9133015,0.3991769552230835,0.09670986980199814,0.014604381285607815
YIL140W,YMR075W,0,1.9064212,0.39754098653793335,0.09670986980199814,0.014704410918056965
YLL008W,YOR098C,0,1.8998896,0.3959183692932129,0.09670986980199814,0.01480444148182869
YNL001W,YLR363C,1,1.8973954,0.3983739912509918,0.0977068766951561,0.01480444148182869
YOR076C,YIL079C,1,1.891614,0.40080970525741577,0.09870389103889465,0.01480444148182869
YKL082C,YLR088W,0,1.8915784,0.39919355511665344,0.09870389103889465,0.01490447111427784
YKR019C,YJR006W,0,1.8901109,0.39759036898612976,0.09870389103889465,0.015004501678049564
YEL015W,YOL021C,1,1.8854735,0.4000000059604645,0.09970089793205261,0.015004501678049564
YKL041W,YNL107W,0,1.8852371,0.39840638637542725,0.09970089793205261,0.015104531310498714
YJL208C,YHR081W,1,1.8818089,0.4007936418056488,0.10069790482521057,0.015104531310498714
YER049W,YNL001W,1,1.8798,0.40316206216812134,0.10169491171836853,0.015104531310498714
YLR219W,YNL182C,0,1.8782207,0.4015747904777527,0.10169491171836853,0.015204560942947865
YPL083C,YGR246C,0,1.8749526,0.4000000059604645,0.10169491171836853,0.01530459150671959
YPL213W,YML080W,0,1.8724055,0.3984375,0.10169491171836853,0.01540462113916874
YGL162W,YOR074C,0,1.8701504,0.3968871533870697,0.10169491171836853,0.015504651702940464
YJL208C,YGR158C,1,1.8659534,0.39922481775283813,0.10269192606210709,0.015504651702940464
YLR208W,YBL112C,0,1.8621608,0.39768341183662415,0.10269192606210709,0.015604681335389614
YGL097W,YOL142W,1,1.8575435,0.4000000059604645,0.10368893295526505,0.015604681335389614
YGL203C,YFL001W,0,1.8568938,0.39846742153167725,0.10368893295526505,0.01570471189916134
YOL115W,YJR022W,1,1.8559802,0.4007633626461029,0.104685939848423,0.01570471189916134
YJR055W,YGR246C,0,1.8555039,0.39923954010009766,0.104685939848423,0.01580474153161049
YOL139C,YDR172W,1,1.8552585,0.4015151560306549,0.10568295419216156,0.01580474153161049
YLL002W,YNR015W,0,1.8518094,0.4000000059604645,0.10568295419216156,0.01590477116405964
YIL020C,YDR449C,0,1.8357462,0.39849624037742615,0.10568295419216156,0.01600480079650879
YBR274W,YIL079C,0,1.8345437,0.39700374007225037,0.10568295419216156,0.01610483229160309
YDR414C,YNL050C,0,1.8301909,0.3955223858356476,0.10568295419216156,0.01620486192405224
YOL142W,YKR026C,0,1.8290101,0.39405205845832825,0.10568295419216156,0.01630489155650139
YER049W,YIL079C,1,1.8250291,0.39629629254341125,0.10667996108531952,0.01630489155650139
YGR113W,YHR058C,0,1.8249128,0.3948339521884918,0.10667996108531952,0.01640492118895054
YKL009W,YER165W,0,1.8226832,0.39338234066963196,0.10667996108531952,0.01650495082139969
YOR206W,YFR001W,0,1.8226182,0.3919413983821869,0.10667996108531952,0.016604982316493988
YGR177C,YJR063W,0,1.8123224,0.3905109465122223,0.10667996108531952,0.016705011948943138
YDR280W,YHR077C,1,1.8115568,0.3927272856235504,0.10767696797847748,0.016705011948943138
YNL299W,YDR378C,1,1.8088837,0.3949275314807892,0.10867397487163544,0.016705011948943138
YJL209W,YMR125W,1,1.8068974,0.3971119225025177,0.10967098921537399,0.016705011948943138
YFR001W,YGL233W,0,1.8050169,0.3956834673881531,0.10967098921537399,0.016805041581392288
YOR359W,YNL118C,1,1.7988408,0.3978494703769684,0.11066799610853195,0.016805041581392288
YGR195W,YIL079C,1,1.7912538,0.4000000059604645,0.11166500300168991,0.016805041581392288
YMR269W,YMR304W,0,1.7808971,0.3985764980316162,0.11166500300168991,0.01690507121384144
YMR125W,YNL112W,1,1.7795675,0.40070921182632446,0.11266201734542847,0.01690507121384144
YLR270W,YOR001W,1,1.778944,0.40282684564590454,0.11365902423858643,0.01690507121384144
YHR077C,YOL149W,1,1.7775009,0.40492957830429077,0.11465603113174438,0.01690507121384144
YOL010W,YOR353C,0,1.777124,0.4035087823867798,0.11465603113174438,0.01700510084629059
YEL015W,YNR024W,1,1.7755508,0.4055944085121155,0.11565303802490234,0.01700510084629059
YNL163C,YDR146C,0,1.7746292,0.40418118238449097,0.11565303802490234,0.017105132341384888
YMR287C,YGL122C,1,1.7716663,0.40625,0.1166500523686409,0.017105132341384888
YNL001W,YOL115W,1,1.7711695,0.40830451250076294,0.11764705926179886,0.017105132341384888
YER112W,YJL050W,1,1.7704508,0.41034483909606934,0.11864406615495682,0.017105132341384888
YGR216C,YLR316C,0,1.7696296,0.40893471240997314,0.11864406615495682,0.017205161973834038
YDR280W,YGL122C,1,1.7667345,0.4109589159488678,0.11964107304811478,0.017205161973834038
YHR077C,YIL079C,1,1.7609589,0.41296929121017456,0.12063808739185333,0.017205161973834038
YIL061C,YCR057C,0,1.7591069,0.4115646183490753,0.12063808739185333,0.017305191606283188
YOR304W,YJL176C,0,1.756391,0.41016948223114014,0.12063808739185333,0.017405221238732338
YDR351W,YDR449C,0,1.7525955,0.40878379344940186,0.12063808739185333,0.017505250871181488
YGR251W,YML097C,0,1.7508589,0.40740740299224854,0.12063808739185333,0.017605282366275787
YGR095C,YIL079C,1,1.7475387,0.4093959629535675,0.12163509428501129,0.017605282366275787
YDR206W,YNL112W,1,1.7473247,0.41137123107910156,0.12263210117816925,0.017605282366275787
YNL107W,YKR044W,0,1.7470437,0.4099999964237213,0.12263210117816925,0.017705311998724937
YHR066W,YLL043W,0,1.7451074,0.4086378812789917,0.12263210117816925,0.017805341631174088
YOR274W,YMR093W,0,1.7418975,0.40728476643562317,0.12263210117816925,0.017905371263623238
YOL141W,YDL148C,0,1.7400271,0.40594059228897095,0.12263210117816925,0.018005400896072388
YOL115W,YGL122C,1,1.7396853,0.40789473056793213,0.1236291155219078,0.018005400896072388
YER146W,YOL149W,1,1.7368798,0.4098360538482666,0.12462612241506577,0.018005400896072388
YPL029W,YOL142W,1,1.7354624,0.4117647111415863,0.12562313675880432,0.018005400896072388
YOL021C,YLR363C,1,1.7321182,0.4136807918548584,0.12662014365196228,0.018005400896072388
YKL149C,YJL208C,1,1.7309968,0.41558441519737244,0.12761715054512024,0.018005400896072388
YJR055W,YMR270C,0,1.7304423,0.4142394959926605,0.12761715054512024,0.018105432391166687
YCL024W,YGL163C,0,1.7284343,0.41290321946144104,0.12761715054512024,0.018205462023615837
YMR137C,YBR074W,0,1.7284255,0.4115755558013916,0.12761715054512024,0.018305491656064987
YMR125W,YGR195W,1,1.7283403,0.4134615361690521,0.1286141574382782,0.018305491656064987
YDR206W,YLR398C,1,1.7281592,0.415335476398468,0.12961116433143616,0.018305491656064987
YGR072W,YCR027C,1,1.7265646,0.41719746589660645,0.13060817122459412,0.018305491656064987
YOR001W,YNL118C,1,1.7265283,0.41904762387275696,0.13160517811775208,0.018305491656064987
YLR363C,YCR027C,1,1.724649,0.4208860695362091,0.13260219991207123,0.018305491656064987
YPL151C,YMR093W,0,1.7199199,0.4195583462715149,0.13260219991207123,0.018405521288514137
YJL071W,YLR073C,0,1.7170652,0.4182389974594116,0.13260219991207123,0.018505550920963287
YNL299W,YNR052C,1,1.7131377,0.42006269097328186,0.1335992068052292,0.018505550920963287
YNL261W,YKL166C,0,1.7124443,0.41874998807907104,0.1335992068052292,0.018605582416057587
YOL142W,YLL002W,0,1.7076821,0.41744548082351685,0.1335992068052292,0.018705612048506737
YOL102C,YGR246C,0,1.7046168,0.4161490797996521,0.1335992068052292,0.018805641680955887
YGL050W,YOR338W,0,1.7039996,0.41486069560050964,0.1335992068052292,0.018905671313405037
YBR261C,YOR294W,0,1.7036653,0.4135802388191223,0.1335992068052292,0.019005700945854187
YGL050W,YLR073C,0,1.6923032,0.4123076796531677,0.1335992068052292,0.019105732440948486
YKL082C,YGR276C,0,1.6858933,0.4110429584980011,0.1335992068052292,0.019205762073397636
YER138C,YBR192W,0,1.6855048,0.4097859263420105,0.1335992068052292,0.019305791705846786
YOR076C,YKL113C,1,1.6853718,0.41158536076545715,0.13459621369838715,0.019305791705846786
YGL107C,YNL072W,1,1.6839917,0.4133738577365875,0.1355932205915451,0.019305791705846786
YIL046W,YGR276C,0,1.6777904,0.4121212065219879,0.1355932205915451,0.019405821338295937
YDR144C,YBR141C,0,1.675475,0.4108761250972748,0.1355932205915451,0.019505850970745087
YBL028C,YGR012W,0,1.6728885,0.40963855385780334,0.1355932205915451,0.019605882465839386
YJR032W,YML109W,0,1.672374,0.40840840339660645,0.1355932205915451,0.019705912098288536
YJR055W,YKR056W,0,1.6713059,0.4071856141090393,0.1355932205915451,0.019805941730737686
YHR069C,YKL022C,0,1.6640501,0.40597015619277954,0.1355932205915451,0.019905971363186836
YGL244W,YBR095C,0,1.6613111,0.4047619104385376,0.1355932205915451,0.020006000995635986
YDR351W,YHR077C,0,1.658125,0.4035608172416687,0.1355932205915451,0.020106032490730286
YBR271W,YDR109C,0,1.6575961,0.40236687660217285,0.1355932205915451,0.020206062123179436
YDL121C,YPR163C,0,1.6511605,0.4011799395084381,0.1355932205915451,0.020306091755628586
YDL074C,YDR364C,0,1.650952,0.4000000059604645,0.1355932205915451,0.020406121388077736
YOL021C,YNL251C,1,1.6488872,0.401759535074234,0.13659022748470306,0.020406121388077736
YLR401C,YMR032W,0,1.6475863,0.40058478713035583,0.13659022748470306,0.020506151020526886
YCR035C,YHR081W,1,1.6396059,0.4023323655128479,0.13758723437786102,0.020506151020526886
YBR202W,YJR063W,0,1.6388676,0.4011628031730652,0.13758723437786102,0.020606182515621185
YBL028C,YOL028C,0,1.6373572,0.4000000059604645,0.13758723437786102,0.020706212148070335
YJR006W,YOL090W,0,1.6335378,0.3988439440727234,0.13758723437786102,0.020806241780519485
YDR378C,YOL149W,1,1.6328496,0.4005763828754425,0.13858424127101898,0.020806241780519485
YBR275C,YDL148C,0,1.6310496,0.39942529797554016,0.13858424127101898,0.020906271412968636
YLL004W,YIL079C,0,1.6306858,0.3982807993888855,0.13858424127101898,0.021006301045417786
YBR081C,YBL028C,0,1.6294421,0.39714285731315613,0.13858424127101898,0.021106332540512085
YGL071W,YMR308C,0,1.626131,0.3960113823413849,0.13858424127101898,0.021206362172961235
YHR069C,YNL147W,1,1.6259704,0.39772728085517883,0.13958126306533813,0.021206362172961235
YHR061C,YNL282W,0,1.6237128,0.3966005742549896,0.13958126306533813,0.021306391805410385
YOL112W,YJL178C,0,1.6206566,0.395480215549469,0.13958126306533813,0.021406421437859535
YER112W,YOL115W,1,1.6187127,0.3971830904483795,0.1405782699584961,0.021406421437859535
YKR008W,YBR276C,0,1.6183164,0.39606741070747375,0.1405782699584961,0.021506451070308685
YBR172C,YGR118W,0,1.617582,0.3949579894542694,0.1405782699584961,0.021606482565402985
YBL028C,YDR262W,0,1.6174624,0.3938547372817993,0.1405782699584961,0.021706512197852135
YDR405W,YPL276W,0,1.6141008,0.3927576541900635,0.1405782699584961,0.021806541830301285
YGR095C,YLR363C,1,1.6134964,0.39444443583488464,0.14157527685165405,0.021806541830301285
YPR189W,YOL021C,1,1.6115848,0.39612188935279846,0.142572283744812,0.021806541830301285
YMR160W,YDR364C,0,1.6087885,0.39502763748168945,0.142572283744812,0.021906571462750435
YMR125W,YCR027C,1,1.608134,0.39669421315193176,0.14356929063796997,0.021906571462750435
YOL145C,YNR003C,0,1.605679,0.3956044018268585,0.14356929063796997,0.022006601095199585
YDR449C,YBR238C,0,1.6031756,0.3945205509662628,0.14356929063796997,0.022106632590293884
YMR146C,YDR449C,0,1.6008581,0.39344263076782227,0.14356929063796997,0.022206662222743034
YDR280W,YMR125W,1,1.6001585,0.3950953781604767,0.14456629753112793,0.022206662222743034
YOR279C,YBR257W,0,1.5993813,0.39402174949645996,0.14456629753112793,0.022306691855192184
YMR080C,YNL118C,1,1.5980402,0.39566394686698914,0.1455633044242859,0.022306691855192184
YOR076C,YKL149C,1,1.5951233,0.39729729294776917,0.14656032621860504,0.022306691855192184
YNL118C,YGL122C,1,1.5868979,0.3989218473434448,0.147557333111763,0.022306691855192184
YPL139C,YOR340C,0,1.5857843,0.3978494703769684,0.147557333111763,0.022406721487641335
YHR069C,YOR275C,0,1.5857264,0.39678284525871277,0.147557333111763,0.022506751120090485
YNL232W,YOL123W,1,1.5853245,0.39839571714401245,0.14855434000492096,0.022506751120090485
YGL213C,YIL079C,1,1.5812268,0.4000000059604645,0.14955134689807892,0.022506751120090485
YIL142W,YKL078W,0,1.5809482,0.3989361822605133,0.14955134689807892,0.022606782615184784
YBR261C,YMR137C,0,1.5807134,0.3978779911994934,0.14955134689807892,0.022706812247633934
YJR006W,YGL050W,0,1.5792484,0.3968254029750824,0.14955134689807892,0.022806841880083084
YLR129W,YBR141C,0,1.5769329,0.3957783579826355,0.14955134689807892,0.022906871512532234
YOR304C-A,YBR155W,0,1.5761838,0.3947368562221527,0.14955134689807892,0.023006901144981384
YHR069C,YJL208C,1,1.5722399,0.3963254690170288,0.15054835379123688,0.023006901144981384
YHR069C,YLR033W,0,1.5714905,0.39528796076774597,0.15054835379123688,0.023106932640075684
YMR078C,YGL071W,0,1.5708156,0.3942558765411377,0.15054835379123688,0.023206962272524834
YOR038C,YGR072W,0,1.5693574,0.3932291567325592,0.15054835379123688,0.023306991904973984
YGL050W,YGR229C,0,1.5689628,0.3922078013420105,0.15054835379123688,0.023407021537423134
YJR022W,YGR158C,1,1.5663892,0.393782377243042,0.15154536068439484,0.023407021537423134
YOL142W,YHR061C,0,1.5663321,0.3927648663520813,0.15154536068439484,0.023507053032517433
YGL172W,YGR134W,0,1.5647192,0.39175257086753845,0.15154536068439484,0.023607082664966583
YOL145C,YMR049C,0,1.5644877,0.39074549078941345,0.15154536068439484,0.023707112297415733
YGL107C,YNR024W,1,1.563546,0.39230769872665405,0.1525423675775528,0.023707112297415733
YGL014W,YHR081W,1,1.5610468,0.39386188983917236,0.15353937447071075,0.023707112297415733
YDR280W,YDR172W,1,1.5576309,0.39540815353393555,0.1545363962650299,0.023707112297415733
YJL187C,YJR101W,0,1.5565488,0.39440202713012695,0.1545363962650299,0.023807141929864883
YGR251W,YDR310C,0,1.5510795,0.39340102672576904,0.1545363962650299,0.023907171562314034
YHR061C,YMR246W,0,1.550617,0.39240506291389465,0.1545363962650299,0.024007203057408333
YML071C,YCR057C,0,1.5469244,0.3914141356945038,0.1545363962650299,0.024107232689857483
YMR005W,YOR194C,0,1.5464255,0.39042821526527405,0.1545363962650299,0.024207262322306633
YER049W,YOL021C,1,1.5456921,0.3919597864151001,0.15553340315818787,0.024207262322306633
YNL147W,YOL142W,1,1.5439143,0.3934836983680725,0.15653041005134583,0.024207262322306633
YNL008C,YCR057C,0,1.5415819,0.39250001311302185,0.15653041005134583,0.024307291954755783
YOR076C,YGL213C,1,1.5414143,0.39401495456695557,0.15752741694450378,0.024307291954755783
YOL010W,YDR496C,0,1.5373294,0.39303481578826904,0.15752741694450378,0.024407321587204933
YDR026C,YER115C,0,1.5341415,0.3920595645904541,0.15752741694450378,0.024507353082299232
YDL175C,YDR172W,1,1.5330975,0.3935643434524536,0.15852442383766174,0.024507353082299232
YPL112C,YLL012W,0,1.5329832,0.39259257912635803,0.15852442383766174,0.024607382714748383
YOR310C,YBR141C,0,1.5320166,0.39162561297416687,0.15852442383766174,0.024707412347197533
YIL079C,YMR075W,0,1.5242777,0.39066338539123535,0.15852442383766174,0.024807441979646683
YOL115W,YHR081W,1,1.5175552,0.3921568691730499,0.1595214307308197,0.024807441979646683
YMR123W,YOL054W,0,1.5153649,0.3911980390548706,0.1595214307308197,0.024907471612095833
YDR146C,YER145C,0,1.5146538,0.39024388790130615,0.1595214307308197,0.025007503107190132
YJR082C,YGL174W,0,1.50986,0.38929441571235657,0.1595214307308197,0.025107532739639282
YBR275C,YMR269W,0,1.5089126,0.3883495032787323,0.1595214307308197,0.025207562372088432
YGR195W,YOL149W,1,1.5087554,0.38983049988746643,0.16051843762397766,0.025207562372088432
YLR305C,YNL290W,0,1.5079968,0.3888888955116272,0.16051843762397766,0.025307592004537582
YGR113W,YBL026W,0,1.5022448,0.3879518210887909,0.16051843762397766,0.025407621636986732
YGL071W,YMR213W,0,1.5004942,0.38701921701431274,0.16051843762397766,0.025507653132081032
YMR032W,YMR137C,0,1.4992061,0.38609111309051514,0.16051843762397766,0.025607682764530182
YHR164C,YFL001W,0,1.4956198,0.3851674497127533,0.16051843762397766,0.025707712396979332
YMR287C,YOL149W,1,1.4932542,0.38663485646247864,0.16151545941829681,0.025707712396979332
YGR095C,YNL118C,1,1.4931488,0.3880952298641205,0.16251246631145477,0.025707712396979332
YGL244W,YMR075W,0,1.4930989,0.3871733844280243,0.16251246631145477,0.025807742029428482
YPL139C,YFL013C,0,1.4912639,0.3862559199333191,0.16251246631145477,0.025907771661877632
YOL139C,YGR072W,1,1.4908689,0.38770684599876404,0.16350947320461273,0.025907771661877632
YNL172W,YLR129W,0,1.4894979,0.38679245114326477,0.16350947320461273,0.02600780315697193
YLR321C,YGL071W,0,1.4884019,0.38588234782218933,0.16350947320461273,0.02610783278942108
YER013W,YGL174W,0,1.4842021,0.3849765360355377,0.16350947320461273,0.02620786242187023
YCR057C,YIL080W,0,1.4840257,0.38407495617866516,0.16350947320461273,0.02630789205431938
YOL124C,YGL203C,0,1.4837508,0.38317757844924927,0.16350947320461273,0.026407921686768532
YOL115W,YDR378C,1,1.4778032,0.38461539149284363,0.1645064800977707,0.026407921686768532
YKL009W,YLR363C,1,1.4759436,0.38604649901390076,0.16550348699092865,0.026407921686768532
YMR077C,YJR053W,0,1.4758677,0.38515082001686096,0.16550348699092865,0.02650795318186283
YER112W,YHR077C,1,1.4758551,0.38657405972480774,0.1665004938840866,0.02650795318186283
YOR359W,YDL111C,1,1.4730568,0.3879907727241516,0.16749750077724457,0.02650795318186283
YGR081C,YKL144C,0,1.4725778,0.3870967626571655,0.16749750077724457,0.02660798281431198
YNR003C,YPL096W,0,1.4724598,0.38620689511299133,0.16749750077724457,0.02670801244676113
YOL070C,YBL028C,0,1.4721665,0.38532111048698425,0.16749750077724457,0.02680804207921028
YJL124C,YOL149W,1,1.470821,0.3867276906967163,0.16849452257156372,0.02680804207921028
YNL112W,YIL038C,1,1.4685298,0.388127863407135,0.16949152946472168,0.02680804207921028
YGR081C,YMR218C,0,1.4620342,0.38724374771118164,0.16949152946472168,0.02690807171165943
YDR499W,YIL079C,0,1.4585094,0.3863636255264282,0.16949152946472168,0.02700810320675373
YDR206W,YMR125W,1,1.4584513,0.3877550959587097,0.17048853635787964,0.02700810320675373
YDR280W,YOL021C,1,1.4522023,0.3891402781009674,0.1714855432510376,0.02700810320675373
YGL010W,YML080W,0,1.4509704,0.3882618546485901,0.1714855432510376,0.02710813283920288
YJR005W,YML006C,0,1.4496202,0.38738739490509033,0.1714855432510376,0.02720816247165203
YAL033W,YHR079C,0,1.4463117,0.38651683926582336,0.1714855432510376,0.02730819210410118
YLL013C,YOR001W,1,1.444479,0.38789236545562744,0.17248255014419556,0.02730819210410118
YNL160W,YNL274C,0,1.4425079,0.3870246112346649,0.17248255014419556,0.02740822173655033
YGL050W,YJL081C,0,1.4403107,0.3861607015132904,0.17248255014419556,0.02750825323164463
YKL078W,YLR291C,0,1.4384749,0.3853006660938263,0.17248255014419556,0.02760828286409378
YER049W,YJL209W,1,1.4337403,0.3866666555404663,0.17347955703735352,0.02760828286409378
YJL124C,YOR001W,1,1.433295,0.3880265951156616,0.17447656393051147,0.02760828286409378
YER049W,YLR285W,0,1.4298431,0.38716813921928406,0.17447656393051147,0.02770831249654293
YJL050W,YOL149W,1,1.4297621,0.3885209858417511,0.17547358572483063,0.02770831249654293
YLL002W,YIL080W,0,1.4293581,0.3876652121543884,0.17547358572483063,0.02780834212899208
YMR049C,YMR032W,0,1.427821,0.3868131935596466,0.17547358572483063,0.02790837176144123
YER049W,YEL015W,1,1.410283,0.3881579041481018,0.1764705926179886,0.02790837176144123
YHR012W,YDR240C,0,1.4082692,0.3873085379600525,0.1764705926179886,0.02800840325653553
YLR183C,YBR010W,0,1.4067395,0.38646286725997925,0.1764705926179886,0.02810843288898468
YKL205W,YGR027C,0,1.4061573,0.38562092185020447,0.1764705926179886,0.02820846252143383
YMR269W,YGR271W,0,1.4060682,0.384782612323761,0.1764705926179886,0.02830849215388298
YNL267W,YJR031C,0,1.4055743,0.3839479386806488,0.1764705926179886,0.02840852178633213
YFR001W,YLL017W,0,1.3999608,0.38311687111854553,0.1764705926179886,0.02850855328142643
YPR189W,YDR206W,1,1.3994426,0.3844492435455322,0.17746759951114655,0.02850855328142643
YGR252W,YFL023W,0,1.3992989,0.3836206793785095,0.17746759951114655,0.02860858291387558
YKL113C,YIL079C,1,1.3979236,0.38494622707366943,0.1784646064043045,0.02860858291387558
YBR202W,YNL110C,0,1.3964552,0.3841201663017273,0.1784646064043045,0.02870861254632473
YMR269W,YBL068W,0,1.3945365,0.3832976520061493,0.1784646064043045,0.02880864217877388
YPL064C,YFR001W,0,1.3930855,0.38247862458229065,0.1784646064043045,0.02890867181122303
YHR012W,YMR075W,0,1.3930231,0.38166311383247375,0.1784646064043045,0.02900870330631733
YLR183C,YJR130C,0,1.3925612,0.38085106015205383,0.1784646064043045,0.02910873293876648
YOL010W,YER151C,0,1.3922334,0.3800424635410309,0.1784646064043045,0.02920876257121563
YMR301C,YNL182C,0,1.3918433,0.3792372941970825,0.1784646064043045,0.02930879220366478
YNL299W,YOL021C,1,1.3917978,0.38054966926574707,0.17946161329746246,0.02930879220366478
YER022W,YBR061C,0,1.3891497,0.37974682450294495,0.17946161329746246,0.02940882183611393
YMR123W,YNL267W,0,1.3875563,0.378947377204895,0.17946161329746246,0.02950885333120823
YJL141C,YGR070W,0,1.3864113,0.3781512677669525,0.17946161329746246,0.02960888296365738
YDL175C,YBL026W,1,1.3847448,0.37945494055747986,0.18045862019062042,0.02960888296365738
YDL111C,YMR287C,1,1.3820093,0.38075312972068787,0.18145562708377838,0.02960888296365738
YPR137W,YJR112W,0,1.38099,0.37995824217796326,0.18145562708377838,0.02970891259610653
YJL030W,YJL081C,0,1.3798094,0.3791666626930237,0.18145562708377838,0.02980894222855568
YMR168C,YDR419W,0,1.3768576,0.37837839126586914,0.18145562708377838,0.02990897186100483
YGR195W,YER146W,1,1.3767126,0.37966805696487427,0.18245264887809753,0.02990897186100483
YGR134W,YPL093W,0,1.3730378,0.3788819909095764,0.18245264887809753,0.03000900335609913
YLR353W,YKL186C,0,1.3706723,0.3780991733074188,0.18245264887809753,0.03010903298854828
YJR112W,YBR141C,0,1.3647575,0.3773195743560791,0.18245264887809753,0.03020906262099743
YNL112W,YGL122C,1,1.3629435,0.3786008358001709,0.1834496557712555,0.03020906262099743
YMR054W,YNR003C,0,1.3575885,0.3778234124183655,0.1834496557712555,0.03030909225344658
YNL251C,YGL097W,1,1.3565397,0.3790983557701111,0.18444666266441345,0.03030909225344658
YNL172W,YJL176C,0,1.3541803,0.37832310795783997,0.18444666266441345,0.03040912188589573
YJL024C,YNL182C,0,1.352566,0.37755101919174194,0.18444666266441345,0.03050915338099003
YKR008W,YOL054W,0,1.3517836,0.376782089471817,0.18444666266441345,0.03060918301343918
YHR081W,YOL142W,1,1.3505645,0.37804877758026123,0.1854436695575714,0.03060918301343918
YOL093W,YAR035W,0,1.3498831,0.37728193402290344,0.1854436695575714,0.03070921264588833
YHR041C,YLR073C,0,1.3481011,0.37651821970939636,0.1854436695575714,0.03080924227833748
YOR310C,YPL139C,0,1.3425686,0.3757575750350952,0.1854436695575714,0.03090927191078663
YCR035C,YGR158C,1,1.3419465,0.3770161271095276,0.18644067645072937,0.03090927191078663
YPR144C,YIL108W,0,1.341327,0.3762575387954712,0.18644067645072937,0.031009303405880928
YMR125W,YNL118C,1,1.3412418,0.37751004099845886,0.18743768334388733,0.031009303405880928
YGR056W,YNL175C,0,1.34115,0.3767535090446472,0.18743768334388733,0.031109333038330078
YNR024W,YGL173C,1,1.3409736,0.3779999911785126,0.1884346902370453,0.031109333038330078
YOL139C,YCR093W,1,1.3407866,0.3792415261268616,0.18943171203136444,0.031109333038330078
YHR069C,YPR091C,0,1.3384235,0.3784860670566559,0.18943171203136444,0.031209362670779228
YJL200C,YIL020C,0,1.3380759,0.37773358821868896,0.18943171203136444,0.03130939230322838
YKL149C,YPL029W,1,1.3376441,0.3789682686328888,0.1904287189245224,0.03130939230322838
YKR056W,YLR440C,0,1.3367369,0.37821781635284424,0.1904287189245224,0.03140942379832268
YPR189W,YNL112W,1,1.3351703,0.3794466257095337,0.19142572581768036,0.03140942379832268
YJR055W,YLL043W,0,1.3347377,0.3786982297897339,0.19142572581768036,0.03150945156812668
YPR144C,YJL187C,0,1.3343506,0.3779527544975281,0.19142572581768036,0.03160948306322098
YOR359W,YMR080C,1,1.3339175,0.3791748583316803,0.19242273271083832,0.03160948306322098
YOL142W,YLL061W,0,1.3306383,0.37843137979507446,0.19242273271083832,0.03170951455831528
YJL011C,YHR082C,0,1.3293006,0.37769079208374023,0.19242273271083832,0.03180954232811928
YOR287C,YNL273W,0,1.3291619,0.376953125,0.19242273271083832,0.03190957382321358
YGR285C,YCR057C,0,1.3287479,0.376218318939209,0.19242273271083832,0.03200960159301758
YML112W,YFL001W,0,1.3285575,0.3754863739013672,0.19242273271083832,0.03210963308811188
YKL078W,YIL095W,0,1.3285246,0.3747572898864746,0.19242273271083832,0.03220966458320618
YNL112W,YER146W,1,1.325444,0.3759689927101135,0.19341973960399628,0.03220966458320618
YLR182W,YMR077C,0,1.3237919,0.37524178624153137,0.19341973960399628,0.03230969235301018
YIL061C,YLR224W,0,1.3236239,0.37451738119125366,0.19341973960399628,0.03240972384810448
YMR137C,YKR044W,0,1.3224556,0.373795747756958,0.19341973960399628,0.03250975161790848
YPR187W,YHR119W,0,1.321844,0.3730769157409668,0.19341973960399628,0.03260978311300278
YLR344W,YMR239C,0,1.3214172,0.37236085534095764,0.19341973960399628,0.032709814608097076
YMR234W,YPR189W,1,1.3180811,0.3735632300376892,0.19441674649715424,0.032709814608097076
YHR081W,YOL149W,1,1.3180279,0.3747609853744507,0.1954137533903122,0.032709814608097076
YGR095C,YPL011C,0,1.3147671,0.37404578924179077,0.1954137533903122,0.03280984237790108
YPL139C,YCR057C,0,1.3135308,0.3733333349227905,0.1954137533903122,0.03290987387299538
YDR172W,YJR006W,1,1.3104936,0.37452471256256104,0.19641076028347015,0.03290987387299538
YNL121C,YNL284C,0,1.3104254,0.37381404638290405,0.19641076028347015,0.03300990164279938
YOR304W,YLR401C,0,1.310034,0.37310606241226196,0.19641076028347015,0.03310993313789368
YBL028C,YIL079C,0,1.3083645,0.37240076065063477,0.19641076028347015,0.033209964632987976
YKL082C,YOR085W,0,1.3069751,0.3716981112957001,0.19641076028347015,0.03330999240279198
YOR209C,YIL079C,0,1.3058832,0.3709981143474579,0.19641076028347015,0.033410023897886276
YKL113C,YOL115W,1,1.3047458,0.3721804618835449,0.1974077820777893,0.033410023897886276
YNL304W,YJL006C,0,1.3032159,0.37148216366767883,0.1974077820777893,0.03351005166769028
YGR081C,YNL267W,0,1.3025546,0.37078651785850525,0.1974077820777893,0.033610083162784576
YPR163C,YPL093W,0,1.3021944,0.3700934648513794,0.1974077820777893,0.033710114657878876
YLR228C,YJL081C,0,1.2976457,0.3694029748439789,0.1974077820777893,0.03381014242768288
YBR155W,YJR032W,0,1.2938147,0.3687150776386261,0.1974077820777893,0.033910173922777176
YJL071W,YER115C,0,1.2935715,0.36802974343299866,0.1974077820777893,0.03401020169258118
YLR183C,YOR275C,0,1.2931306,0.36734694242477417,0.1974077820777893,0.034110233187675476
YLR009W,YOR098C,0,1.2920814,0.36666667461395264,0.1974077820777893,0.034210264682769775
YOR291W,YBR276C,0,1.2919109,0.36598891019821167,0.1974077820777893,0.034310292452573776
YJR057W,YMR033W,0,1.2916436,0.36531364917755127,0.1974077820777893,0.034410323947668076
YLL013C,YHR081W,1,1.2899417,0.3664824962615967,0.19840478897094727,0.034410323947668076
YHR069C,YLR363C,1,1.2872479,0.36764705181121826,0.19940179586410522,0.034410323947668076
YNL251C,YNR024W,1,1.2865669,0.3688073456287384,0.20039880275726318,0.034410323947668076
YNL232W,YKL149C,1,1.283337,0.3699633777141571,0.20139580965042114,0.034410323947668076
YLL013C,YJL050W,1,1.2826605,0.37111517786979675,0.2023928165435791,0.034410323947668076
YOL052C,YOR038C,0,1.279084,0.37043794989585876,0.2023928165435791,0.034510351717472076
YDR332W,YNL175C,0,1.2757915,0.36976319551467896,0.2023928165435791,0.034610383212566376
YPR072W,YDR172W,1,1.2735455,0.37090909481048584,0.20338982343673706,0.034610383212566376
YHR069C,YGL122C,1,1.2730967,0.37205082178115845,0.2043868452310562,0.034610383212566376
YMR098C,YJR006W,1,1.2724942,0.37318840622901917,0.20538385212421417,0.034610383212566376
YNL251C,YNL112W,1,1.2703246,0.3743218779563904,0.20638085901737213,0.034610383212566376
YNL172W,YBR061C,0,1.2679243,0.37364619970321655,0.20638085901737213,0.034710414707660675
YMR080C,YKL149C,1,1.2673119,0.3747747838497162,0.2073778659105301,0.034710414707660675
YGR251W,YBR187W,0,1.2670051,0.3741007149219513,0.2073778659105301,0.034810442477464676
YIL020C,YBR141C,0,1.2663893,0.3734290897846222,0.2073778659105301,0.034910473972558975
YOR311C,YDL148C,0,1.2656841,0.3727598488330841,0.2073778659105301,0.035010501742362976
YOR287C,YGR179C,0,1.2650003,0.3720930218696594,0.2073778659105301,0.035110533237457275
YDR059C,YMR090W,0,1.2624516,0.37142857909202576,0.2073778659105301,0.035210564732551575
YPR144C,YIL002C,0,1.2606071,0.3707664906978607,0.2073778659105301,0.035310592502355576
YMR065W,YMR075W,0,1.2595453,0.3701067566871643,0.2073778659105301,0.035410623997449875
YLR183C,YKL168C,0,1.2571659,0.3694493770599365,0.2073778659105301,0.035510651767253876
YJL011C,YHR119W,0,1.2544415,0.368794322013855,0.2073778659105301,0.035610683262348175
YHR069C,YLR264W,0,1.2534223,0.3681415915489197,0.2073778659105301,0.035710714757442474
YDR364C,YBR061C,0,1.2525046,0.3674911558628082,0.2073778659105301,0.035810742527246475
YOR159C,YDR140W,0,1.252435,0.366843044757843,0.2073778659105301,0.035910774022340775
YGR095C,YKL189W,0,1.2516494,0.3661971688270569,0.2073778659105301,0.036010801792144775
YOL045W,YMR075W,0,1.2500737,0.365553617477417,0.2073778659105301,0.036110833287239075
YGL112C,YPR162C,0,1.2491916,0.3649122714996338,0.2073778659105301,0.036210864782333374
YKL149C,YNL118C,1,1.2482228,0.36602452397346497,0.20837487280368805,0.036210864782333374
YLL008W,YEL040W,0,1.2457451,0.36538460850715637,0.20837487280368805,0.036310892552137375
YMR019W,YKL020C,0,1.2404405,0.36474695801734924,0.20837487280368805,0.036410924047231674
YBR238C,YMR308C,0,1.2400546,0.3641115128993988,0.20837487280368805,0.036510951817035675
YGR113W,YNL175C,0,1.2391813,0.36347827315330505,0.20837487280368805,0.036610983312129974
YCR060W,YJR031C,0,1.2381586,0.3628472089767456,0.20837487280368805,0.036711014807224274
YLR268W,YMR213W,0,1.2363589,0.36221837997436523,0.20837487280368805,0.036811042577028275
YBL076C,YJL130C,0,1.2326983,0.3615916967391968,0.20837487280368805,0.036911074072122574
YBR150C,YBR061C,0,1.2326496,0.3609671890735626,0.20837487280368805,0.037011101841926575
YDR206W,YOL021C,1,1.2320812,0.36206895112991333,0.209371879696846,0.037011101841926575
YBL011W,YJL006C,0,1.2306157,0.3614457845687866,0.209371879696846,0.037111133337020874
YMR005W,YER019C-A,0,1.2295831,0.36082473397254944,0.209371879696846,0.03721116483211517
YNL175C,YOR098C,0,1.2295266,0.36020582914352417,0.209371879696846,0.037311192601919174
YOR359W,YKL113C,1,1.2275683,0.36130136251449585,0.21036888659000397,0.037311192601919174
YKL009W,YBR141C,0,1.2266195,0.36068376898765564,0.21036888659000397,0.037411224097013474
YMR078C,YLR285W,0,1.2237563,0.36006826162338257,0.21036888659000397,0.037511251866817474
YNL147W,YJL140W,1,1.2233703,0.36115843057632446,0.21136590838432312,0.037511251866817474
YJL209W,YGL097W,1,1.2189012,0.3622449040412903,0.21236291527748108,0.037511251866817474
YKR071C,YKR008W,0,1.2142382,0.3616298735141754,0.21236291527748108,0.037611283361911774
YPR189W,YLR309C,0,1.2130852,0.3610169589519501,0.21236291527748108,0.03771131485700607
YOR359W,YNL251C,1,1.2128897,0.3620981276035309,0.21335992217063904,0.03771131485700607
YNR024W,YNR052C,1,1.2096194,0.3631756901741028,0.214356929063797,0.03771131485700607
YMR061W,YOR025W,0,1.2073413,0.36256325244903564,0.214356929063797,0.037811342626810074
YOR076C,YMR125W,1,1.2070866,0.3636363744735718,0.21535393595695496,0.037811342626810074
YDR460W,YOL054W,0,1.2057879,0.3630252182483673,0.21535393595695496,0.03791137412190437
YDL084W,YLL034C,0,1.2043813,0.3624161183834076,0.21535393595695496,0.038011401891708374
YLR264W,YNR015W,0,1.2039897,0.36180904507637024,0.21535393595695496,0.03811143338680267
YGR095C,YKL009W,1,1.2034979,0.3628762662410736,0.21635094285011292,0.03811143338680267
YPL002C,YIL020C,0,1.2026792,0.36227044463157654,0.21635094285011292,0.03821146488189697
YHR069C,YCL052C,0,1.2015615,0.3616666793823242,0.21635094285011292,0.038311492651700974
YJL024C,YDR211W,0,1.2012591,0.3610648810863495,0.21635094285011292,0.03841152414679527
YDR240C,YKL124W,0,1.201174,0.3604651093482971,0.21635094285011292,0.038511551916599274
YJL006C,YER002W,0,1.1992362,0.3598673343658447,0.21635094285011292,0.03861158341169357
YOL070C,YLR380W,0,1.1991358,0.3592715263366699,0.21635094285011292,0.03871161490678787
YIL020C,YMR179W,0,1.1963624,0.3586776852607727,0.21635094285011292,0.03881164267659187
YLR401C,YOR089C,0,1.1961496,0.3580858111381531,0.21635094285011292,0.03891167417168617
YOL139C,YKL113C,1,1.1954513,0.35914331674575806,0.21734794974327087,0.03891167417168617
YJL209W,YHR081W,1,1.1937445,0.36019736528396606,0.21834497153759003,0.03891167417168617
YPL112C,YJL095W,0,1.192571,0.35960590839385986,0.21834497153759003,0.03901170194149017
YGL122C,YLR316C,0,1.1925135,0.35901638865470886,0.21834497153759003,0.03911173343658447
YML099C,YKL015W,0,1.192191,0.35842880606651306,0.21834497153759003,0.03921176493167877
YNL232W,YMR125W,1,1.1891615,0.35947713255882263,0.21934197843074799,0.03921176493167877
YEL040W,YMR300C,0,1.1875741,0.35889071226119995,0.21934197843074799,0.03931179270148277
YGR285C,YMR301C,0,1.1870592,0.3583061993122101,0.21934197843074799,0.03941182419657707
YBR275C,YDR211W,0,1.186003,0.35772356390953064,0.21934197843074799,0.03951185196638107
YDR451C,YLR213C,0,1.1843445,0.3571428656578064,0.21934197843074799,0.03961188346147537
YDR167W,YGL019W,0,1.1818432,0.3565640151500702,0.21934197843074799,0.03971191495656967
YOR311C,YIL047C,0,1.1792278,0.3559870421886444,0.21934197843074799,0.03981194272637367
YBR261C,YIL020C,0,1.1749663,0.35541194677352905,0.21934197843074799,0.03991197422146797
YNL298W,YER137C,0,1.1726575,0.35483869910240173,0.21934197843074799,0.04001200199127197
YDL175C,YNL118C,1,1.1721317,0.3558776080608368,0.22033898532390594,0.04001200199127197
YJL085W,YJR140C,0,1.1701968,0.3553054630756378,0.22033898532390594,0.04011203348636627
YMR234W,YKL009W,1,1.1700032,0.35634028911590576,0.2213359922170639,0.04011203348636627
YNL001W,YDL165W,1,1.1696897,0.35737180709838867,0.22233299911022186,0.04011203348636627
YHR066W,YCR052W,0,1.1676855,0.35679998993873596,0.22233299911022186,0.04021206498146057
YNL236W,YJL085W,0,1.1668073,0.3562300205230713,0.22233299911022186,0.04031209275126457
YDR416W,YMR213W,0,1.1657293,0.35566186904907227,0.22233299911022186,0.04041212424635887
YMR125W,YOL142W,1,1.1592305,0.35668790340423584,0.22333000600337982,0.04041212424635887
YIL143C,YIL046W,0,1.1569984,0.3561208248138428,0.22333000600337982,0.04051215201616287
YDR449C,YPL093W,0,1.1561124,0.35555556416511536,0.22333000600337982,0.04061218351125717
YGR251W,YOL028C,0,1.1552243,0.3549920618534088,0.22333000600337982,0.04071221500635147
YDR144C,YPL122C,0,1.1526955,0.3544303774833679,0.22333000600337982,0.04081224277615547
YDR285W,YIL079C,0,1.1523365,0.3538704514503479,0.22333000600337982,0.04091227427124977
YGL222C,YGR195W,1,1.1491569,0.3548896014690399,0.22432701289653778,0.04091227427124977
YOL123W,YNL118C,1,1.1478794,0.3559055030345917,0.22532403469085693,0.04091227427124977
YOR038C,YLR073C,0,1.1453891,0.3553459048271179,0.22532403469085693,0.04101230204105377
YMR049C,YML071C,0,1.14347,0.35478806495666504,0.22532403469085693,0.04111233353614807
YDR083W,YNL238W,0,1.1422806,0.35423198342323303,0.22532403469085693,0.04121236503124237
YNL147W,YHR081W,1,1.1394788,0.3552425801753998,0.2263210415840149,0.04121236503124237
YBR195C,YBR278W,0,1.1393865,0.35468751192092896,0.2263210415840149,0.04131239280104637
YLR009W,YNL016W,0,1.1383759,0.3541341722011566,0.2263210415840149,0.04141242429614067
YIL177C,YJR063W,0,1.1369324,0.35358256101608276,0.2263210415840149,0.04151245206594467
YGL014W,YOL021C,1,1.1361558,0.3545878827571869,0.22731804847717285,0.04151245206594467
YOR106W,YBR141C,0,1.1342708,0.35403725504875183,0.22731804847717285,0.04161248356103897
YOL142W,YER165W,0,1.1342413,0.35348838567733765,0.22731804847717285,0.04171251505613327
YBR278W,YLL003W,0,1.1340495,0.3529411852359772,0.22731804847717285,0.04181254282593727
YOR359W,YGL014W,1,1.1315871,0.35394126176834106,0.2283150553703308,0.04181254282593727
YNL072W,YHR069C,1,1.130889,0.354938268661499,0.22931206226348877,0.04181254282593727
YJR006W,YJL050W,1,1.1303589,0.35593220591545105,0.23030906915664673,0.04181254282593727
YMR240C,YER115C,0,1.1292304,0.35538461804389954,0.23030906915664673,0.04191257432103157
YHR069C,YJR021C,0,1.1274712,0.35483869910240173,0.23030906915664673,0.04201260209083557
YMR123W,YOL108C,0,1.1272659,0.35429447889328003,0.23030906915664673,0.04211263358592987
YDR083W,YLR440C,0,1.1272357,0.35375192761421204,0.23030906915664673,0.04221266508102417
YIL002C,YJR082C,0,1.1271201,0.35321101546287537,0.23030906915664673,0.04231269285082817
YIL020C,YLR350W,0,1.1260759,0.35267174243927,0.23030906915664673,0.04241272434592247
YPL029W,YJL050W,1,1.123328,0.353658527135849,0.2313060760498047,0.04241272434592247
YNL050C,YBL052C,0,1.1217556,0.35312023758888245,0.2313060760498047,0.04251275211572647
YML036W,YKR026C,0,1.1159706,0.3525835871696472,0.2313060760498047,0.04261278361082077
YIL020C,YMR137C,0,1.1120503,0.3520485460758209,0.2313060760498047,0.04271281510591507
YNR024W,YNL147W,1,1.1117688,0.3530302941799164,0.23230309784412384,0.04271281510591507
YMR301C,YKL022C,0,1.1077842,0.3524962067604065,0.23230309784412384,0.04281284287571907
YJR082C,YOR324C,0,1.1077033,0.35196375846862793,0.23230309784412384,0.04291287437081337
YIL079C,YGR089W,0,1.1074985,0.3514328896999359,0.23230309784412384,0.04301290214061737
YMR049C,YCL014W,0,1.1054537,0.35090360045433044,0.23230309784412384,0.04311293363571167
YGL094C,YNL267W,0,1.1045777,0.3503759503364563,0.23230309784412384,0.04321296513080597
YGR072W,YJR043C,1,1.1041691,0.3513513505458832,0.2333001047372818,0.04321296513080597
YPR189W,YHR077C,1,1.102993,0.35232383012771606,0.23429711163043976,0.04321296513080597
YKL009W,YOL021C,1,1.1024488,0.35329341888427734,0.23529411852359772,0.04321296513080597
YER168C,YJR031C,0,1.1008385,0.3527653217315674,0.23529411852359772,0.04331299290060997
YOL139C,YGL173C,1,1.0979149,0.35373133420944214,0.23629112541675568,0.04331299290060997
YJR006W,YJL208C,1,1.0978986,0.3546944856643677,0.23728813230991364,0.04331299290060997
YDL175C,YNR052C,1,1.0962019,0.355654776096344,0.2382851392030716,0.04331299290060997
YCR027C,YOL149W,1,1.0960567,0.3566121757030487,0.23928214609622955,0.04331299290060997
YOR359W,YCR093W,1,1.0953176,0.357566773891449,0.2402791678905487,0.04331299290060997
YNL110C,YPL093W,0,1.0937744,0.3570370376110077,0.2402791678905487,0.04341302439570427
YAL033W,YGR264C,0,1.0935131,0.35650888085365295,0.2402791678905487,0.04351305216550827
YJL087C,YPL112C,0,1.0933353,0.3559822738170624,0.2402791678905487,0.04361308366060257
YKL149C,YHR077C,1,1.0921732,0.3569321632385254,0.24127617478370667,0.04361308366060257
YKR002W,YDL039C,0,1.0917943,0.35640648007392883,0.24127617478370667,0.04371311515569687
YGL241W,YJR031C,0,1.0907562,0.35588234663009644,0.24127617478370667,0.04381314292550087
YMR080C,YDR378C,1,1.0901034,0.3568281829357147,0.24227318167686462,0.04381314292550087
YMR168C,YOL124C,0,1.0899913,0.35630497336387634,0.24227318167686462,0.04391317442059517
YKL020C,YJR032W,0,1.0893071,0.3557833135128021,0.24227318167686462,0.04401320219039917
YML006C,YPL129W,0,1.086044,0.3552631437778473,0.24227318167686462,0.04411323368549347
YOR106W,YJL030W,0,1.0853996,0.3547445237636566,0.24227318167686462,0.04421326518058777
YHR069C,YKR002W,0,1.0821214,0.3542273938655853,0.24227318167686462,0.04431329295039177
YLR182W,YML071C,0,1.0813751,0.3537117838859558,0.24227318167686462,0.04441332444548607
YGR246C,YHR058C,0,1.0804274,0.3531976640224457,0.24227318167686462,0.04451335221529007
YOL139C,YJR043C,1,1.0793327,0.3541364371776581,0.24327018857002258,0.04451335221529007
YBR172C,YLR316C,0,1.0764304,0.3536231815814972,0.24327018857002258,0.04461338371038437
YNL299W,YJL208C,1,1.0761632,0.3545586168766022,0.24426719546318054,0.04461338371038437
YMR234W,YNL112W,1,1.0755885,0.3554913401603699,0.2452642023563385,0.04461338371038437
YKL186C,YBR257W,0,1.0751047,0.3549783527851105,0.2452642023563385,0.04471341520547867
YHR056C,YDR527W,0,1.0740533,0.35446685552597046,0.2452642023563385,0.04481344297528267
YGR271W,YHR085W,0,1.0689294,0.35395684838294983,0.2452642023563385,0.04491347447037697
YGR177C,YGR034W,0,1.0688412,0.3534482717514038,0.2452642023563385,0.04501350224018097
YKL009W,YNL118C,1,1.0674025,0.3543758988380432,0.24626120924949646,0.04501350224018097
YGR195W,YCR027C,1,1.0653334,0.3553008735179901,0.2472582310438156,0.04501350224018097
YLR425W,YMR227C,0,1.065149,0.3547925651073456,0.2472582310438156,0.04511353373527527
YBR247C,YGR113W,0,1.0647681,0.35428571701049805,0.2472582310438156,0.04521356523036957
YJL187C,YJL006C,0,1.064515,0.3537802994251251,0.2472582310438156,0.04531359300017357
YMR234W,YLL013C,1,1.0635442,0.35470086336135864,0.24825523793697357,0.04531359300017357
YGL083W,YER117W,0,1.0629584,0.35419631004333496,0.24825523793697357,0.04541362449526787
YDL175C,YNL112W,1,1.062056,0.3551136255264282,0.24925224483013153,0.04541362449526787
YGL083W,YIL079C,0,1.0600584,0.3546099364757538,0.24925224483013153,0.04551365226507187
YIL159W,YMR239C,0,1.0597509,0.35410764813423157,0.24925224483013153,0.04561368376016617
YEL043W,YLR285W,0,1.0594575,0.35360679030418396,0.24925224483013153,0.04571371525526047
YDR172W,YBL026W,1,1.0585115,0.354519784450531,0.2502492666244507,0.04571371525526047
YGR095C,YMR287C,1,1.0585071,0.3554301857948303,0.25124627351760864,0.04571371525526047
YGL178W,YNL016W,1,1.0580597,0.3563380241394043,0.2522432804107666,0.04571371525526047
YDR151C,YOL123W,1,1.0574195,0.3572433292865753,0.25324028730392456,0.04571371525526047
YFL013C,YBR281C,0,1.0552499,0.3567415773868561,0.25324028730392456,0.04581374302506447
YHR119W,YNL078W,0,1.0509815,0.35624122619628906,0.25324028730392456,0.04591377452015877
YLL008W,YDR310C,0,1.050909,0.35574230551719666,0.25324028730392456,0.04601380228996277
YLR183C,YMR269W,0,1.0503856,0.3552447557449341,0.25324028730392456,0.04611383378505707
YNL282W,YGL233W,0,1.0488478,0.35474860668182373,0.25324028730392456,0.04621386528015137
YNL072W,YNL118C,1,1.0472413,0.35564854741096497,0.2542372941970825,0.04621386528015137
YOR106W,YDR211W,0,1.0449706,0.3551532030105591,0.2542372941970825,0.04631389304995537
YOL066C,YIL095W,0,1.0426054,0.3546592593193054,0.2542372941970825,0.04641392454504967
YML099C,YMR180C,0,1.041033,0.3541666567325592,0.2542372941970825,0.04651395604014397
YGR095C,YNL251C,1,1.0403738,0.35506242513656616,0.2552343010902405,0.04651395604014397
YDL084W,YIL020C,0,1.0402706,0.3545706272125244,0.2552343010902405,0.04661398380994797
YNL172W,YJR063W,0,1.0399071,0.3540802299976349,0.2552343010902405,0.04671401530504227
YBR271W,YOL102C,0,1.0383554,0.3535911738872528,0.2552343010902405,0.04681404307484627
YOR145C,YDL179W,0,1.0372926,0.3531034588813782,0.2552343010902405,0.04691407456994057
YKR056W,YIL095W,0,1.0368687,0.352617084980011,0.2552343010902405,0.047014106065034866
YDR064W,YDR496C,0,1.0368552,0.35213205218315125,0.2552343010902405,0.04711413383483887
YIL132C,YKL015W,0,1.035741,0.35164836049079895,0.2552343010902405,0.047214165329933167
YDL111C,YGR158C,1,1.0351007,0.35253772139549255,0.25623130798339844,0.047214165329933167
YKL149C,YCR027C,1,1.0305073,0.35342466831207275,0.2572283148765564,0.047214165329933167
YNR010W,YMR308C,0,1.0303414,0.3529411852359772,0.2572283148765564,0.04731419309973717
YOL139C,YLR363C,1,1.0293579,0.3538251221179962,0.25822532176971436,0.04731419309973717
YMR005W,YPR152C,0,1.028763,0.3533424139022827,0.25822532176971436,0.04741422459483147
YNL232W,YMR287C,1,1.0262194,0.35422343015670776,0.2592223286628723,0.04741422459483147
YLR425W,YER162C,0,1.025424,0.35374149680137634,0.2592223286628723,0.047514256089925766
YNL102W,YBR172C,0,1.0253887,0.35326087474823,0.2592223286628723,0.04761428385972977
YOR301W,YFR029W,0,1.0253031,0.3527815341949463,0.2592223286628723,0.047714315354824066
YFR013W,YNR072W,0,1.0239825,0.35230353474617004,0.2592223286628723,0.04781434312462807
YIL061C,YOL026C,0,1.0235832,0.3518267869949341,0.2592223286628723,0.047914374619722366
YCL014W,YKL175W,0,1.0219293,0.3513513505458832,0.2592223286628723,0.048014406114816666
YNR057C,YOR294W,0,1.0211923,0.35087719559669495,0.2592223286628723,0.048114433884620667
YIL108W,YLR401C,0,1.0208553,0.3504043221473694,0.2592223286628723,0.048214465379714966
YGL236C,YMR229C,0,1.0202738,0.3499327003955841,0.2592223286628723,0.04831449314951897
YDR499W,YDR332W,0,1.0168636,0.3494623601436615,0.2592223286628723,0.048414524644613266
YMR098C,YIL038C,1,1.0147655,0.35033556818962097,0.2602193355560303,0.048414524644613266
YDL175C,YOL142W,1,1.0145009,0.3512064218521118,0.26121634244918823,0.048414524644613266
YCR077C,YJL050W,1,1.0144768,0.3520749807357788,0.2622133493423462,0.048414524644613266
YNL147W,YIL038C,1,1.0141304,0.3529411852359772,0.26321035623550415,0.048414524644613266
YLR398C,YCR035C,1,1.0125937,0.3538050651550293,0.2642073631286621,0.048414524644613266
YKL166C,YPL244C,0,1.0122974,0.35333332419395447,0.2642073631286621,0.048514556139707565
YDR083W,YDR138W,0,1.0120444,0.3528628349304199,0.2642073631286621,0.048614583909511566
YER049W,YDR306C,0,1.0114346,0.35239362716674805,0.2642073631286621,0.048714615404605865
YMR234W,YIL079C,1,1.0101038,0.35325366258621216,0.26520439982414246,0.048714615404605865
YPL139C,YLL043W,0,1.0100614,0.3527851402759552,0.26520439982414246,0.048814643174409866
YLR270W,YJL050W,1,1.0088646,0.35364237427711487,0.2662014067173004,0.048814643174409866
YOR206W,YIL143C,0,1.0088024,0.3531745970249176,0.2662014067173004,0.048914674669504166
YEL015W,YIL079C,1,1.0054456,0.3540290594100952,0.2671984136104584,0.048914674669504166
YJL124C,YIL079C,1,1.0038439,0.35488125681877136,0.26819542050361633,0.048914674669504166
YOR279C,YLR088W,0,1.0036374,0.3544136881828308,0.26819542050361633,0.049014706164598465
YOR001W,YMR098C,1,1.0031035,0.3552631437778473,0.2691924273967743,0.049014706164598465
YCL036W,YDR416W,0,1.0012863,0.35479632019996643,0.2691924273967743,0.049114733934402466
YKL009W,YKL149C,1,0.99902344,0.35564303398132324,0.27018943428993225,0.049114733934402466
YJL200C,YPL093W,0,0.9963317,0.3551769256591797,0.27018943428993225,0.049214765429496765
YJL124C,YDL175C,1,0.99524164,0.3560209572315216,0.2711864411830902,0.049214765429496765
YJL128C,YNL182C,0,0.99284387,0.35555556416511536,0.2711864411830902,0.049314793199300766
YKL203C,YER168C,0,0.9925375,0.355091392993927,0.2711864411830902,0.049414824694395065
YMR080C,YOL139C,1,0.9921868,0.35593220591545105,0.27218344807624817,0.049414824694395065
YBR202W,YOL090W,0,0.9907496,0.35546875,0.27218344807624817,0.049514856189489365
YER049W,YOL123W,1,0.99063087,0.35630688071250916,0.27318045496940613,0.049514856189489365
YBR247C,YNL095C,0,0.9899862,0.3558441698551178,0.27318045496940613,0.049614883959293365
YJL209W,YKL009W,1,0.9865775,0.35667964816093445,0.2741774618625641,0.049614883959293365
YDL111C,YOL021C,1,0.9836432,0.3575129508972168,0.27517446875572205,0.049614883959293365
YMR239C,YPL093W,0,0.98346007,0.35705044865608215,0.27517446875572205,0.049714915454387665
YKL103C,YOR215C,0,0.9827218,0.356589138507843,0.27517446875572205,0.049814943224191666
YOL066C,YKL205W,0,0.98224425,0.3561290204524994,0.27517446875572205,0.049914974719285965
YOL139C,YKL149C,1,0.981889,0.3569587767124176,0.27617147564888,0.049914974719285965
YBL026W,YOL149W,1,0.97973704,0.3577863574028015,0.27716848254203796,0.049914974719285965
YGR229C,YMR075W,0,0.9785154,0.357326477766037,0.27716848254203796,0.050015006214380264
YOL021C,YKL149C,1,0.9779897,0.35815146565437317,0.2781654894351959,0.050015006214380264
YFR001W,YMR075W,0,0.9764904,0.35769230127334595,0.2781654894351959,0.050115033984184265
YLR033W,YNL238W,0,0.9761114,0.35723432898521423,0.2781654894351959,0.050215065479278564
YMR234W,YNR052C,1,0.9760573,0.35805627703666687,0.27916252613067627,0.050215065479278564
YER125W,YNL182C,0,0.97373116,0.3575989902019501,0.27916252613067627,0.050315093249082565
YBR247C,YLR033W,0,0.9727435,0.3571428656578064,0.27916252613067627,0.050415124744176865
YGL178W,YHR077C,1,0.97180736,0.3579617738723755,0.28015953302383423,0.050415124744176865
YJL209W,YJR043C,1,0.9711622,0.35877862572669983,0.2811565399169922,0.050415124744176865
YDL160C,YGL097W,1,0.9705334,0.35959339141845703,0.28215354681015015,0.050415124744176865
YDR378C,YOL010W,0,0.968647,0.35913705825805664,0.28215354681015015,0.050515156239271164
YGR095C,YOR194C,0,0.96721923,0.35868188738822937,0.28215354681015015,0.050615184009075165
YLR285W,YIL140W,0,0.9670894,0.35822784900665283,0.28215354681015015,0.050715215504169464
YJR092W,YBR261C,0,0.96691465,0.3577749729156494,0.28215354681015015,0.050815243273973465
YLR197W,YGR072W,0,0.96634686,0.35732322931289673,0.28215354681015015,0.050915274769067764
YGR251W,YEL037C,0,0.9657855,0.35687264800071716,0.28215354681015015,0.051015306264162064
YJR026W,YKR026C,0,0.9648994,0.35642316937446594,0.28215354681015015,0.051115334033966064
YKL113C,YLR270W,1,0.96382344,0.3572326898574829,0.2831505537033081,0.051115334033966064
YDR285W,YPL208W,0,0.9614043,0.356783926486969,0.2831505537033081,0.051215365529060364
YNL153C,YLR224W,0,0.96124625,0.3563362658023834,0.2831505537033081,0.051315393298864365
YER013W,YMR049C,0,0.9610262,0.3558897376060486,0.2831505537033081,0.051415424793958664
YBL028C,YGL190C,0,0.9607129,0.3554443120956421,0.2831505537033081,0.05151545628905296
YER008C,YPR152C,0,0.96010303,0.35499998927116394,0.2831505537033081,0.051615484058856964
YHR077C,YIL038C,1,0.96000004,0.35580524802207947,0.28414756059646606,0.051615484058856964
YOR147W,YDR337W,0,0.95984995,0.35536161065101624,0.28414756059646606,0.05171551555395126
YOR287C,YDR310C,0,0.9596518,0.35491904616355896,0.28414756059646606,0.051815543323755264
YDR205W,YPL139C,0,0.9591495,0.3544776141643524,0.28414756059646606,0.051915574818849564
YCR014C,YOR340C,0,0.95818126,0.35403725504875183,0.28414756059646606,0.05201560631394386
YGL172W,YLL012W,0,0.9562485,0.353598028421402,0.28414756059646606,0.052115634083747864
YGL178W,YER146W,1,0.95305467,0.3543989956378937,0.285144567489624,0.052115634083747864
YJL124C,YGR195W,1,0.95201313,0.3551980257034302,0.286141574382782,0.052115634083747864
YKL061W,YLR033W,0,0.95145464,0.35475894808769226,0.286141574382782,0.05221566557884216
YGR095C,YJL140W,1,0.9477321,0.35555556416511536,0.28713858127593994,0.05221566557884216
YJL140W,YGR095C,1,0.9477321,0.3563501834869385,0.2881355881690979,0.05221566557884216
YPR189W,YOR001W,1,0.9469298,0.3571428656578064,0.28913259506225586,0.05221566557884216
YKL022C,YJR112W,0,0.9455092,0.35670357942581177,0.28913259506225586,0.052315693348646164
YJR022W,YGR195W,1,0.94512045,0.3574938476085663,0.2901296019554138,0.052315693348646164
YOL070C,YJL124C,0,0.944222,0.3570552170276642,0.2901296019554138,0.05241572484374046
YGL107C,YJL050W,1,0.94374406,0.3578431308269501,0.2911266088485718,0.05241572484374046
YDR146C,YGR285C,0,0.9430773,0.3574051260948181,0.2911266088485718,0.05251575633883476
YDR144C,YLR005W,0,0.94219303,0.3569682240486145,0.2911266088485718,0.05261578410863876
YNL102W,YBR274W,0,0.94124043,0.35653236508369446,0.2911266088485718,0.05271581560373306
YBR128C,YIR032C,0,0.9407685,0.356097549200058,0.2911266088485718,0.052815843373537064
YOL082W,YJL066C,0,0.9368682,0.35566383600234985,0.2911266088485718,0.05291587486863136
YKL093W,YNR015W,0,0.9367163,0.3552311360836029,0.2911266088485718,0.05301590636372566
YOL021C,YJR022W,1,0.9364438,0.35601457953453064,0.29212361574172974,0.05301590636372566
YMR301C,YMR240C,0,0.936347,0.3555825352668762,0.29212361574172974,0.05311593413352966
YJL011C,YMR194W,0,0.9355118,0.355151504278183,0.29212361574172974,0.05321596562862396
YDR211W,YGR271W,0,0.93523145,0.3547215461730957,0.29212361574172974,0.05331599339842796
YDR414C,YDR072C,0,0.9331639,0.354292631149292,0.29212361574172974,0.05341602489352226
YPL259C,YKL172W,0,0.93234205,0.35386472940444946,0.29212361574172974,0.05351605638861656
YDR460W,YLL004W,0,0.92963433,0.3534378707408905,0.29212361574172974,0.05361608415842056
YNL282W,YBL068W,0,0.9284713,0.3530120551586151,0.29212361574172974,0.05371611565351486
YNL102W,YDR083W,0,0.9275603,0.3525872528553009,0.29212361574172974,0.05381614342331886
YDL107W,YHR066W,0,0.9271085,0.3521634638309479,0.29212361574172974,0.05391617491841316
YNL153C,YOL070C,0,0.9260013,0.35174068808555603,0.29212361574172974,0.05401620641350746
YOR304C-A,YJR112W,0,0.9257333,0.35131895542144775,0.29212361574172974,0.05411623418331146
YBR202W,YLR383W,0,0.9249439,0.35089820623397827,0.29212361574172974,0.05421626567840576
YDL102W,YNL112W,1,0.92474115,0.3516746461391449,0.2931206524372101,0.05421626567840576
YNL262W,YKL172W,0,0.9234941,0.35125449299812317,0.2931206524372101,0.05431629344820976
YFL045C,YPL093W,0,0.92266583,0.35083532333374023,0.2931206524372101,0.05441632494330406
YIL139C,YLR088W,0,0.92195725,0.3504171669483185,0.2931206524372101,0.05451635643839836
YLL034C,YJL071W,0,0.92155933,0.3499999940395355,0.2931206524372101,0.05461638420820236
YIL128W,YDR081C,0,0.92140174,0.34958383440971375,0.2931206524372101,0.05471641570329666
YPL083C,YNL050C,0,0.92104125,0.34916865825653076,0.2931206524372101,0.05481644347310066
YOL123W,YJL208C,1,0.9206319,0.349940687417984,0.29411765933036804,0.05481644347310066
YMR032W,YMR160W,0,0.9145992,0.3495260775089264,0.29411765933036804,0.05491647496819496
YNL282W,YDL074C,0,0.91376615,0.3491124212741852,0.29411765933036804,0.05501650646328926
YNL153C,YDR034C,0,0.9133724,0.34869977831840515,0.29411765933036804,0.05511653423309326
YJR043C,YLR363C,1,0.9129307,0.3494687080383301,0.295114666223526,0.05511653423309326
YOR194C,YLR073C,0,0.9101387,0.349056601524353,0.295114666223526,0.05521656572818756
YHR069C,YER146W,1,0.9093702,0.34982332587242126,0.29611167311668396,0.05521656572818756
YLR197W,YPL112C,0,0.90909094,0.3494117558002472,0.29611167311668396,0.05531659349799156
YGR171C,YPR083W,0,0.9080625,0.3490011692047119,0.29611167311668396,0.05541662499308586
YDL074C,YML109W,0,0.90681434,0.34859153628349304,0.29611167311668396,0.05551665648818016
YKL013C,YPL196W,0,0.90637594,0.34818288683891296,0.29611167311668396,0.05561668425798416
YIL095W,YPR190C,0,0.9057479,0.3477751612663269,0.29611167311668396,0.05571671575307846
YBR002C,YML071C,0,0.9054116,0.34736841917037964,0.29611167311668396,0.05581674352288246
YCR077C,YDR206W,1,0.9038505,0.34813085198402405,0.2971086800098419,0.05581674352288246
YGR081C,YGR134W,0,0.9021799,0.3477246165275574,0.2971086800098419,0.05591677501797676
YGL158W,YNL110C,0,0.8999887,0.3473193347454071,0.2971086800098419,0.05601680651307106
YBR155W,YMR143W,0,0.8998214,0.34691500663757324,0.2971086800098419,0.05611683428287506
YHR069C,YMR115W,0,0.899001,0.3465116322040558,0.2971086800098419,0.05621686577796936
YNL050C,YPL093W,0,0.8988322,0.34610918164253235,0.2971086800098419,0.05631689354777336
YBR261C,YLR129W,0,0.8984727,0.34570765495300293,0.2971086800098419,0.05641692504286766
YOR304W,YPL050C,0,0.89631593,0.3453070819377899,0.2971086800098419,0.05651695653796196
YOR145C,YPL180W,0,0.8925411,0.34490740299224854,0.2971086800098419,0.05661698430776596
YMR234W,YOL139C,1,0.8923424,0.34566473960876465,0.2981056869029999,0.05661698430776596
YNL251C,YJL124C,1,0.89173186,0.3464203178882599,0.29910269379615784,0.05661698430776596
YOL021C,YIL079C,1,0.8910454,0.34717416763305664,0.3000997006893158,0.05661698430776596
YCR077C,YDL160C,1,0.8895166,0.3479262590408325,0.30109670758247375,0.05661698430776596
YMR080C,YDR172W,1,0.88855994,0.3486766517162323,0.3020937144756317,0.05661698430776596
YOR297C,YIL079C,0,0.88803095,0.3482758700847626,0.3020937144756317,0.05671701580286026
YGR264C,YDL083C,0,0.88776016,0.34787601232528687,0.3020937144756317,0.05681704357266426
YOR076C,YNL147W,1,0.8873192,0.3486238420009613,0.3030907213687897,0.05681704357266426
YIL061C,YEL029C,0,0.8867004,0.3482245206832886,0.3030907213687897,0.05691707506775856
YJL087C,YLR425W,0,0.8856349,0.3478260934352875,0.3030907213687897,0.05701710656285286
YBR155W,YAL040C,0,0.882841,0.347428560256958,0.3030907213687897,0.05711713433265686
YBR271W,YJR101W,0,0.882644,0.34703195095062256,0.3030907213687897,0.05721716582775116
YKR055W,YDR527W,0,0.88258743,0.34663626551628113,0.3030907213687897,0.05731719359755516
YFR013W,YGL203C,0,0.88121104,0.34624144434928894,0.3030907213687897,0.05741722509264946
YJR082C,YIR032C,0,0.87927127,0.34584754705429077,0.3030907213687897,0.05751725658774376
YPR189W,YMR287C,1,0.8791989,0.34659090638160706,0.30408772826194763,0.05751725658774376
YDL102W,YNL288W,1,0.87910944,0.34733256697654724,0.3050847351551056,0.05751725658774376
YDL061C,YGR095C,0,0.8788131,0.3469387888908386,0.3050847351551056,0.05761728435754776
YDR144C,YMR172W,0,0.8784329,0.34654587507247925,0.3050847351551056,0.05771731585264206
YBR095C,YHR079C,0,0.8764598,0.3461538553237915,0.3050847351551056,0.05781734362244606
YGL158W,YMR239C,0,0.8748777,0.345762699842453,0.3050847351551056,0.05791737511754036
YGL107C,YHR081W,1,0.87466705,0.3465011417865753,0.30608174204826355,0.05791737511754036
YDR473C,YJR112W,0,0.8742153,0.3461104929447174,0.30608174204826355,0.05801740661263466
YJL030W,YIL047C,0,0.870685,0.34572070837020874,0.30608174204826355,0.05811743438243866
YGR134W,YJL006C,0,0.8704671,0.3453318476676941,0.30608174204826355,0.05821746587753296
YFL048C,YPL188W,0,0.87041783,0.3449438214302063,0.30608174204826355,0.05831749364733696
YHR066W,YLR394W,0,0.8700955,0.34455668926239014,0.30608174204826355,0.05841752514243126
YOR145C,YOL090W,0,0.8698977,0.34417039155960083,0.30608174204826355,0.05851755663752556
YNL095C,YDR415C,0,0.8694817,0.34378498792648315,0.30608174204826355,0.05861758440732956
YNL001W,YPR072W,1,0.8665982,0.3445190191268921,0.3070787489414215,0.05861758440732956
YKL149C,YHR081W,1,0.8653467,0.3452514111995697,0.30807578563690186,0.05861758440732956
YDR026C,YHR069C,0,0.86520755,0.3448660671710968,0.30807578563690186,0.05871761590242386
YNL110C,YJR101W,0,0.8649649,0.34448161721229553,0.30807578563690186,0.05881764367222786
YLR291C,YIL047C,0,0.86340404,0.3440980017185211,0.30807578563690186,0.05891767516732216
YIL135C,YDL039C,0,0.8620358,0.34371525049209595,0.30807578563690186,0.05901770666241646
YPR189W,YHR081W,1,0.8605593,0.3444444537162781,0.3090727925300598,0.05901770666241646
YGL244W,YKR044W,0,0.8595728,0.3440621495246887,0.3090727925300598,0.05911773443222046
YGR085C,YDR416W,0,0.85892653,0.3436807096004486,0.3090727925300598,0.05921776592731476
YLR009W,YMR228W,0,0.85852766,0.34330010414123535,0.3090727925300598,0.05931779369711876
YJL029C,YPL129W,0,0.8580401,0.34292036294937134,0.3090727925300598,0.05941782519221306
YAL022C,YEL062W,0,0.8573742,0.3425414264202118,0.3090727925300598,0.05951785668730736
YJR006W,YCL014W,0,0.856719,0.3421633541584015,0.3090727925300598,0.05961788445711136
YNL271C,YGL113W,0,0.85644567,0.34178611636161804,0.3090727925300598,0.05971791595220566
YPL029W,YGR158C,1,0.85620594,0.34251102805137634,0.3100697994232178,0.05971791595220566
YDR254W,YMR229C,0,0.85444,0.3421342074871063,0.3100697994232178,0.05981794372200966
YDL102W,YCR035C,1,0.8537077,0.34285715222358704,0.31106680631637573,0.05981794372200966
YPL122C,YLR389C,0,0.85295624,0.34248077869415283,0.31106680631637573,0.05991797521710396
YKL009W,YJR043C,1,0.85230786,0.34320175647735596,0.3120638132095337,0.05991797521710396
YPL122C,YDL047W,0,0.8513481,0.34282585978507996,0.3120638132095337,0.06001800671219826
YGR095C,YCR035C,1,0.8500506,0.3435448706150055,0.31306082010269165,0.06001800671219826
YJL124C,YHR081W,1,0.8498807,0.3442623019218445,0.3140578269958496,0.06001800671219826
YGR216C,YCR057C,0,0.84984744,0.34388646483421326,0.3140578269958496,0.06011803448200226
YOR359W,YOL149W,1,0.84952044,0.34460195899009705,0.31505483388900757,0.06011803448200226
YFR029W,YJL095W,0,0.84832805,0.34422656893730164,0.31505483388900757,0.06021806597709656
YLR107W,YJR053W,0,0.8475615,0.3438520133495331,0.31505483388900757,0.06031809374690056
YMR125W,YDR378C,1,0.8470261,0.344565212726593,0.3160518407821655,0.06031809374690056
YDR172W,YJL140W,1,0.84682846,0.3452768623828888,0.3170488476753235,0.06031809374690056
YGR072W,YOL149W,1,0.84664816,0.3459869921207428,0.31804585456848145,0.06031809374690056
YBR182C,YLR020C,0,0.8458481,0.34561213850975037,0.31804585456848145,0.06041812524199486
YGL213C,YJL050W,1,0.8453268,0.34632036089897156,0.3190428614616394,0.06041812524199486
YJR092W,YPL050C,0,0.8445399,0.34594595432281494,0.3190428614616394,0.06051815673708916
YLR398C,YER146W,1,0.84414566,0.3466522693634033,0.32003986835479736,0.06051815673708916
YGL178W,YHR081W,1,0.8440542,0.3473570644855499,0.3210368752479553,0.06051815673708916
YNL147W,YGR158C,1,0.8440227,0.34806033968925476,0.32203391194343567,0.06051815673708916
YOL141W,YOR349W,0,0.84277076,0.34768569469451904,0.32203391194343567,0.06061818450689316
YHR077C,YDL039C,0,0.84245676,0.3473118245601654,0.32203391194343567,0.06071821600198746
YJL024C,YMR308C,0,0.8421028,0.3469387888908386,0.32203391194343567,0.06081824377179146
YMR210W,YJR063W,0,0.8395575,0.3465665280818939,0.32203391194343567,0.06091827526688576
YJL030W,YMR301C,0,0.83849597,0.3461950719356537,0.32203391194343567,0.06101830676198006
YJR092W,YGL050W,0,0.83834213,0.3458244204521179,0.32203391194343567,0.06111833453178406
YAL021C,YIL079C,1,0.83796716,0.34652405977249146,0.32303091883659363,0.06111833453178406
YLR452C,YLR386W,0,0.83756465,0.3461538553237915,0.32303091883659363,0.06121836602687836
YGL083W,YER138C,0,0.8354778,0.34578442573547363,0.32303091883659363,0.06131839379668236
YOR148C,YLR330W,0,0.83525246,0.34541577100753784,0.32303091883659363,0.06141842529177666
YMR321C,YLR401C,0,0.83518165,0.3450479209423065,0.32303091883659363,0.061518456786870956
YDR383C,YLR182W,0,0.8348695,0.3446808457374573,0.32303091883659363,0.06161848455667496
YLR026C,YLL012W,0,0.83435506,0.3443145453929901,0.32303091883659363,0.06171851605176926
YNL016W,YOR001W,1,0.8342097,0.3450106084346771,0.3240279257297516,0.06171851605176926
YJR082C,YLL043W,0,0.83356106,0.3446447551250458,0.3240279257297516,0.06181854382157326
YNL085W,YOL141W,0,0.831983,0.3442796468734741,0.3240279257297516,0.06191857531666756
YPL042C,YDR140W,0,0.8317627,0.34391534328460693,0.3240279257297516,0.062018606811761856
YNL095C,YPR137W,0,0.8297248,0.34355178475379944,0.3240279257297516,0.06211863458156586
YGL122C,YOL102C,0,0.8288219,0.3431890308856964,0.3240279257297516,0.062218666076660156
YOR283W,YGR239C,0,0.82839143,0.3428269922733307,0.3240279257297516,0.06231869384646416
YMR032W,YJR031C,0,0.8278991,0.34246575832366943,0.3240279257297516,0.062418725341558456
YMR032W,YLL012W,0,0.82782364,0.34210526943206787,0.3240279257297516,0.06251875311136246
YNL050C,YMR270C,0,0.82763237,0.341745525598526,0.3240279257297516,0.06261878460645676
YGR072W,YNR052C,1,0.82755446,0.3424369692802429,0.32502493262290955,0.06261878460645676
YGR229C,YMR115W,0,0.8272982,0.3420776426792145,0.32502493262290955,0.06271881610155106
YGR072W,YGL122C,1,0.8271529,0.34276729822158813,0.3260219395160675,0.06271881610155106
YOL038W,YMR075W,0,0.82632005,0.3424083888530731,0.3260219395160675,0.06281884759664536
YGR179C,YNR003C,0,0.8255006,0.3420501947402954,0.3260219395160675,0.06291887909173965
YJR107W,YKL186C,0,0.8253796,0.3416927754878998,0.3260219395160675,0.06301890313625336
YJR092W,YPL151C,0,0.82515544,0.34133613109588623,0.3260219395160675,0.06311893463134766
YNL314W,YGR258C,0,0.8248592,0.34098020195961,0.3260219395160675,0.06321896612644196
YLL013C,YGL097W,1,0.82402205,0.34166666865348816,0.32701894640922546,0.06321896612644196
YGR072W,YPR072W,1,0.8233628,0.3423517048358917,0.3280159533023834,0.06321896612644196
YGL169W,YKL022C,0,0.8228986,0.34199583530426025,0.3280159533023834,0.06331899762153625
YLL013C,YIL038C,1,0.821315,0.34267911314964294,0.3290129601955414,0.06331899762153625
YJL011C,YBR074W,0,0.8211817,0.3423236608505249,0.3290129601955414,0.06341902911663055
YLL034C,YLL012W,0,0.82050115,0.34196892380714417,0.3290129601955414,0.06351905316114426
YKL020C,YCL024W,0,0.8194518,0.34161490201950073,0.3290129601955414,0.06361908465623856
YOR287C,YCR014C,0,0.8179387,0.341261625289917,0.3290129601955414,0.06371911615133286
YJR092W,YOR349W,0,0.817364,0.34090909361839294,0.3290129601955414,0.06381914764642715
YMR049C,YDL061C,0,0.8157946,0.3405572772026062,0.3290129601955414,0.06391917914152145
YKL174C,YLL034C,0,0.8148171,0.34020617604255676,0.3290129601955414,0.06401920318603516
YLR025W,YLR026C,0,0.81452996,0.339855819940567,0.3290129601955414,0.06411923468112946
YOR359W,YJR091C,1,0.81431353,0.3405349850654602,0.33000996708869934,0.06411923468112946
YDL170W,YFL023W,0,0.8136078,0.3401849865913391,0.33000996708869934,0.06421926617622375
YOL139C,YDR206W,1,0.8133942,0.3408624231815338,0.3310069739818573,0.06421926617622375
YKR002W,YMR075W,0,0.8131765,0.34051281213760376,0.3310069739818573,0.06431929767131805
YDR429C,YOL040C,0,0.8129462,0.3401639461517334,0.3310069739818573,0.06441932916641235
YJL140W,YMR065W,0,0.81069434,0.33981576561927795,0.3310069739818573,0.06451935321092606
YOL021C,YLR398C,1,0.8095628,0.34049078822135925,0.33200398087501526,0.06451935321092606
YKL009W,YGL097W,1,0.80949503,0.3411644399166107,0.3330009877681732,0.06451935321092606
YNR003C,YER130C,0,0.80893487,0.34081631898880005,0.3330009877681732,0.06461938470602036
YMR112C,YIR032C,0,0.8084527,0.3404689133167267,0.3330009877681732,0.06471941620111465
YNL299W,YJL140W,1,0.804914,0.3411405384540558,0.3339979946613312,0.06471941620111465
YGL225W,YNR003C,0,0.8047176,0.3407934904098511,0.3339979946613312,0.06481944769620895
YHR047C,YMR213W,0,0.8044285,0.34044715762138367,0.3339979946613312,0.06491947919130325
YER049W,YLR026C,0,0.80260813,0.3401015102863312,0.3339979946613312,0.06501950323581696
YPR144C,YDR332W,0,0.79913247,0.339756578207016,0.3339979946613312,0.06511953473091125
YEL037C,YBR141C,0,0.79544866,0.3394123613834381,0.3339979946613312,0.06521956622600555
YLR129W,YLR325C,0,0.7948066,0.33906883001327515,0.3339979946613312,0.06531959772109985
YMR146C,YGR095C,0,0.7946204,0.3387259840965271,0.3339979946613312,0.06541962921619415
YBR066C,YKL172W,0,0.793899,0.33838382363319397,0.3339979946613312,0.06551965326070786
YOR206W,YIL046W,0,0.7933385,0.33804237842559814,0.3339979946613312,0.06561968475580215
YKL009W,YOL123W,1,0.79138565,0.33870968222618103,0.33499500155448914,0.06561968475580215
YLR268W,YJL085W,0,0.7912675,0.33836859464645386,0.33499500155448914,0.06571971625089645
YDL165W,YER112W,1,0.79052913,0.33903419971466064,0.3359920382499695,0.06571971625089645
YHR069C,YMR020W,0,0.7893461,0.3386934697628021,0.3359920382499695,0.06581974774599075
YLR425W,YBR276C,0,0.7890316,0.3383534252643585,0.3359920382499695,0.06591977924108505
YNL288W,YJL050W,1,0.7885494,0.3390170633792877,0.33698904514312744,0.06591977924108505
YBR095C,YIL079C,0,0.7857573,0.3386773467063904,0.33698904514312744,0.06601980328559875
YER049W,YGL173C,1,0.78421056,0.33933934569358826,0.3379860520362854,0.06601980328559875
YMR203W,YNL110C,0,0.7809999,0.33899998664855957,0.3379860520362854,0.06611983478069305
YCR060W,YJR032W,0,0.77834475,0.3386613428592682,0.3379860520362854,0.06621986627578735
YER022W,YJL006C,0,0.7772748,0.33832335472106934,0.3379860520362854,0.06631989777088165
YGR077C,YGR239C,0,0.7770508,0.3379860520362854,0.3379860520362854,0.06641992926597595
YLR314C,YNR067C,0,0.7767725,0.337649405002594,0.3379860520362854,0.06651995331048965
YNR024W,YDR151C,1,0.7765976,0.3383084535598755,0.33898305892944336,0.06651995331048965
YER138C,YER145C,0,0.7764372,0.33797216415405273,0.33898305892944336,0.06661998480558395
YGL178W,YOL115W,1,0.77617776,0.3386296033859253,0.3399800658226013,0.06661998480558395
YOL093W,YDR281C,0,0.77562773,0.3382936418056488,0.3399800658226013,0.06672001630067825
YGR177C,YEL029C,0,0.77539194,0.33795836567878723,0.3399800658226013,0.06682004779577255
YIL128W,YDL059C,0,0.77518016,0.3376237750053406,0.3399800658226013,0.06692007929086685
YOL139C,YNR052C,1,0.77517223,0.3382789194583893,0.3409770727157593,0.06692007929086685
YER049W,YJL208C,1,0.77386415,0.3389328122138977,0.34197407960891724,0.06692007929086685
YBL028C,YKL203C,0,0.7738099,0.33859822154045105,0.34197407960891724,0.06702010333538055
YMR078C,YNL304W,0,0.7731984,0.3382642865180969,0.34197407960891724,0.06712013483047485
YOL139C,YKL009W,1,0.77309537,0.33891624212265015,0.3429710865020752,0.06712013483047485
YLL019C,YMR308C,0,0.7728497,0.3385826647281647,0.3429710865020752,0.06722016632556915
YNL008C,YBR141C,0,0.7717517,0.33824974298477173,0.3429710865020752,0.06732019782066345
YNL072W,YPL029W,1,0.7708743,0.33889979124069214,0.34396809339523315,0.06732019782066345
YLR398C,YIL038C,1,0.77005917,0.33954858779907227,0.3449651002883911,0.06732019782066345
YPR189W,YOL142W,1,0.7694759,0.34019607305526733,0.3459621071815491,0.06732019782066345
YHR069C,YCR093W,1,0.7687548,0.3408423066139221,0.34695911407470703,0.06732019782066345
YNL102W,YGL236C,0,0.7686856,0.3405088186264038,0.34695911407470703,0.06742022931575775
YJL191W,YDL083C,0,0.7671672,0.34017595648765564,0.34695911407470703,0.06752025336027145
YOL040C,YML109W,0,0.7667178,0.33984375,0.34695911407470703,0.06762028485536575
YOR359W,YIL038C,1,0.76617074,0.3404878079891205,0.347956120967865,0.06762028485536575
YLR228C,YER154W,0,0.76597273,0.3401559591293335,0.347956120967865,0.06772031635046005
YDL111C,YER068W,1,0.7652035,0.34079843759536743,0.34895312786102295,0.06772031635046005
YOR304W,YER002W,0,0.7644112,0.3404669165611267,0.34895312786102295,0.06782034784555435
YOR324C,YBR276C,0,0.76355433,0.3401360511779785,0.34895312786102295,0.06792037934064865
YGR056W,YJL004C,0,0.76292753,0.33980581164360046,0.34895312786102295,0.06802040338516235
YCL036W,YDR404C,0,0.76223105,0.33947622776031494,0.34895312786102295,0.06812043488025665
YML052W,YLR316C,0,0.7618675,0.33914729952812195,0.34895312786102295,0.06822046637535095
YLR228C,YMR032W,0,0.76123667,0.3388189673423767,0.34895312786102295,0.06832049787044525
YNL178W,YJR026W,0,0.76079834,0.338491290807724,0.34895312786102295,0.06842052936553955
YNL314W,YJR032W,0,0.7603287,0.33816424012184143,0.34895312786102295,0.06852055341005325
YOR145C,YGR027C,0,0.75980914,0.3378378450870514,0.34895312786102295,0.06862058490514755
YJL030W,YER104W,0,0.7594253,0.3375120460987091,0.34895312786102295,0.06872061640024185
YDL171C,YEL062W,0,0.75899,0.33718690276145935,0.34895312786102295,0.06882064789533615
YNL282W,YNL258C,0,0.7589805,0.33686235547065735,0.34895312786102295,0.06892067939043045
YDR454C,YBL052C,0,0.7575192,0.3365384638309479,0.34895312786102295,0.06902070343494415
YLR187W,YGL169W,0,0.75750196,0.33621516823768616,0.34895312786102295,0.06912073493003845
YKL015W,YDR444W,0,0.7570164,0.33589252829551697,0.34895312786102295,0.06922076642513275
YPR111W,YNL192W,0,0.7565037,0.33557048439979553,0.34895312786102295,0.06932079792022705
YLR024C,YGL148W,0,0.7544389,0.33524903655052185,0.34895312786102295,0.06942082941532135
YLR187W,YBR141C,0,0.75412077,0.3349282443523407,0.34895312786102295,0.06952085345983505
YKR057W,YPL082C,0,0.7538277,0.3346080183982849,0.34895312786102295,0.06962088495492935
YCL014W,YPR198W,0,0.75366414,0.33428844809532166,0.34895312786102295,0.06972091645002365
YGL112C,YMR032W,0,0.7532458,0.33396947383880615,0.34895312786102295,0.06982094794511795
YCR087C-A,YDR140W,0,0.7531589,0.3336510956287384,0.34895312786102295,0.06992097944021225
YPL083C,YDL111C,0,0.75291115,0.3333333432674408,0.34895312786102295,0.07002100348472595
YMR234W,YEL015W,1,0.75175226,0.3339676558971405,0.3499501347541809,0.07002100348472595
YML071C,YKL166C,0,0.7513972,0.3336502015590668,0.3499501347541809,0.07012103497982025
YBL026W,YLR363C,1,0.7500351,0.3342829942703247,0.35094717144966125,0.07012103497982025
YKL172W,YDR062W,0,0.7455976,0.33396583795547485,0.35094717144966125,0.07022106647491455
YDR064W,YML071C,0,0.7451717,0.33364927768707275,0.35094717144966125,0.07032109797000885
YPL151C,YGR089W,0,0.743894,0.3333333432674408,0.35094717144966125,0.07042112946510315
YOL136C,YBL034C,0,0.74340564,0.3330179750919342,0.35094717144966125,0.07052115350961685
YNL236W,YBR074W,0,0.7414762,0.33270320296287537,0.35094717144966125,0.07062118500471115
YOL057W,YNR057C,0,0.74128056,0.33238905668258667,0.35094717144966125,0.07072121649980545
YEL053C,YCR057C,0,0.74107933,0.33207547664642334,0.35094717144966125,0.07082124799489975
YDL160C,YGL014W,1,0.74090743,0.33270499110221863,0.3519441783428192,0.07082124799489975
YDR090C,YLR353W,0,0.7397357,0.3323917090892792,0.3519441783428192,0.07092127948999405
YDR034C,YDR170C,0,0.7394489,0.3320790231227875,0.3519441783428192,0.07102130353450775
YOL115W,YER068W,1,0.7377401,0.3327067792415619,0.3529411852359772,0.07102130353450775
YMR093W,YLR088W,0,0.73733747,0.3323943614959717,0.3529411852359772,0.07112133502960205
YGL158W,YNL121C,0,0.7331549,0.3320825397968292,0.3529411852359772,0.07122136652469635
YGR264C,YOR123C,0,0.7329294,0.3317713141441345,0.3529411852359772,0.07132139801979065
YNL267W,YLR344W,0,0.7313139,0.3314606845378876,0.3529411852359772,0.07142142951488495
YOR159C,YDR245W,0,0.7296493,0.331150621175766,0.3529411852359772,0.07152145355939865
YDR229W,YJR053W,0,0.729326,0.3308411240577698,0.3529411852359772,0.07162148505449295
YMR049C,YCR014C,0,0.7291627,0.3305322229862213,0.3529411852359772,0.07172151654958725
YGR095C,YIL038C,1,0.7284658,0.33115673065185547,0.35393819212913513,0.07172151654958725
YOL010W,YLL034C,0,0.72843087,0.3308480978012085,0.35393819212913513,0.07182154804468155
YLR129W,YOR239W,0,0.72747386,0.3305400311946869,0.35393819212913513,0.07192157953977585
YOR076C,YER112W,1,0.725786,0.33116278052330017,0.3549351990222931,0.07192157953977585
YDR473C,YJL176C,0,0.724861,0.33085501194000244,0.3549351990222931,0.07202160358428955
YMR176W,YNL262W,0,0.7229474,0.3305478096008301,0.3549351990222931,0.07212163507938385
YGL180W,YNL223W,0,0.72278535,0.3302411735057831,0.3549351990222931,0.07222166657447815
YMR078C,YDR170C,0,0.722664,0.32993513345718384,0.3549351990222931,0.07232169806957245
YLL034C,YGL004C,0,0.7208393,0.3296296298503876,0.3549351990222931,0.07242172956466675
YCL036W,YGR252W,0,0.7207441,0.3293246924877167,0.3549351990222931,0.07252175360918045
YER151C,YJR082C,0,0.7199894,0.32902032136917114,0.3549351990222931,0.07262178510427475
YMR061W,YOR098C,0,0.7196715,0.328716516494751,0.3549351990222931,0.07272181659936905
YNL147W,YER146W,1,0.718199,0.3293357789516449,0.35593220591545105,0.07272181659936905
YGL094C,YOR353C,0,0.71813893,0.3290322721004486,0.35593220591545105,0.07282184809446335
YKL078W,YLL019C,0,0.71777,0.3287292718887329,0.35593220591545105,0.07292187958955765
YLR129W,YNL304W,0,0.7173642,0.32842686772346497,0.35593220591545105,0.07302190363407135
YLR187W,YBR061C,0,0.71715176,0.328125,0.35593220591545105,0.07312193512916565
YDL175C,YGL122C,1,0.7168053,0.32874196767807007,0.356929212808609,0.07312193512916565
YGL220W,YFL001W,0,0.71597445,0.3284403681755066,0.356929212808609,0.07322196662425995
YKR026C,YER104W,0,0.7158227,0.3281393349170685,0.356929212808609,0.07332199811935425
YGR255C,YPR060C,0,0.7157264,0.32783883810043335,0.356929212808609,0.07342202961444855
YPL151C,YGL203C,0,0.7149653,0.3275388777256012,0.356929212808609,0.07352205365896225
YJL029C,YBR281C,0,0.71284837,0.3272394835948944,0.356929212808609,0.07362208515405655
YNL163C,YBR010W,0,0.71282756,0.3269406259059906,0.356929212808609,0.07372211664915085
YHL012W,YKR028W,0,0.71205676,0.32664233446121216,0.356929212808609,0.07382214814424515
YAL033W,YLR183C,0,0.7106302,0.3263445794582367,0.356929212808609,0.07392217963933945
YJL117W,YIL047C,0,0.7090932,0.3260473608970642,0.356929212808609,0.07402220368385315
YMR065W,YJR063W,0,0.7090019,0.3257506787776947,0.356929212808609,0.07412223517894745
YHR077C,YGL122C,1,0.7079549,0.32636362314224243,0.35792621970176697,0.07412223517894745
YOR074C,YGL226C-A,0,0.7073698,0.3260672092437744,0.35792621970176697,0.07422226667404175
YCL014W,YDR281C,0,0.70715886,0.3257713317871094,0.35792621970176697,0.07432229816913605
YGL083W,YNL107W,0,0.7068598,0.3254759609699249,0.35792621970176697,0.07442232966423035
YGL107C,YER112W,1,0.7061225,0.32608696818351746,0.3589232265949249,0.07442232966423035
YOL057W,YNL172W,0,0.70556605,0.3257918655872345,0.3589232265949249,0.07452235370874405
YOR076C,YPL029W,1,0.7055305,0.3264014422893524,0.3599202334880829,0.07452235370874405
YOR232W,YMR239C,0,0.70214474,0.32610660791397095,0.3599202334880829,0.07462238520383835
YKL041W,YJR031C,0,0.7016576,0.32581228017807007,0.3599202334880829,0.07472241669893265
YMR080C,YOL115W,1,0.70036113,0.3264201879501343,0.36091724038124084,0.07472241669893265
YLR183C,YMR097C,0,0.70006585,0.3261261284351349,0.36091724038124084,0.07482244819402695
YGL107C,YMR098C,1,0.69969964,0.32673266530036926,0.3619142472743988,0.07482244819402695
YHR077C,YJL208C,1,0.6989516,0.3273381292819977,0.36291125416755676,0.07482244819402695
YEL043W,YOL090W,0,0.697585,0.3270440399646759,0.36291125416755676,0.07492247968912125
YNR067C,YHR079C,0,0.6975583,0.3267504572868347,0.36291125416755676,0.07502250373363495
YDR419W,YLR321C,0,0.6973356,0.3264574110507965,0.36291125416755676,0.07512253522872925
YGR056W,YPR163C,0,0.69673204,0.3261648714542389,0.36291125416755676,0.07522256672382355
YHR061C,YMR300C,0,0.6964256,0.32587286829948425,0.36291125416755676,0.07532259821891785
YCL014W,YOR299W,0,0.69485635,0.3255814015865326,0.36291125416755676,0.07542262971401215
YKR103W,YHR061C,0,0.6946917,0.3252904415130615,0.36291125416755676,0.07552265375852585
YMR080C,YKL113C,1,0.69378984,0.3258928656578064,0.3639082610607147,0.07552265375852585
YJL066C,YNL110C,0,0.6934148,0.32560214400291443,0.3639082610607147,0.07562268525362015
YIL139C,YKL175W,0,0.6930241,0.32531192898750305,0.3639082610607147,0.07572271674871445
YIL061C,YBL089W,0,0.6927116,0.32502225041389465,0.3639082610607147,0.07582274824380875
YGL014W,YOL139C,1,0.69222736,0.3256227672100067,0.36490529775619507,0.07582274824380875
YJL029C,YER002W,0,0.69161403,0.3253333270549774,0.36490529775619507,0.07592277973890305
YDR245W,YJR026W,0,0.690902,0.3250443935394287,0.36490529775619507,0.07602280378341675
YPR189W,YMR172W,0,0.6896087,0.324755996465683,0.36490529775619507,0.07612283527851105
YNL251C,YCR027C,1,0.6895788,0.32535460591316223,0.365902304649353,0.07612283527851105
YKL149C,YOL123W,1,0.6895006,0.3259521722793579,0.366899311542511,0.07612283527851105
YBR081C,YGL122C,0,0.68939996,0.3256637156009674,0.366899311542511,0.07622286677360535
YOR001W,YJL140W,1,0.68747574,0.32625994086265564,0.36789631843566895,0.07622286677360535
YNL050C,YBL068W,0,0.68607193,0.32597172260284424,0.36789631843566895,0.07632289826869965
YJL006C,YGR276C,0,0.6846739,0.3256840109825134,0.36789631843566895,0.07642292976379395
YPR189W,YNR031C,0,0.68397,0.3253968358039856,0.36789631843566895,0.07652295380830765
YKR008W,YPR171W,0,0.68364346,0.32511013746261597,0.36789631843566895,0.07662298530340195
YBR247C,YCL034W,0,0.6831449,0.32482394576072693,0.36789631843566895,0.07672301679849625
YJL024C,YBR095C,0,0.68175125,0.3245382606983185,0.36789631843566895,0.07682304829359055
YJL225C,YNL163C,0,0.68166804,0.3242530822753906,0.36789631843566895,0.07692307978868484
YKL113C,YLR363C,1,0.6814628,0.3248463571071625,0.3688933253288269,0.07692307978868484
YDL111C,YMR137C,0,0.6808021,0.3245614171028137,0.3688933253288269,0.07702310383319855
YOR001W,YGL213C,1,0.6806696,0.3251533806324005,0.36989033222198486,0.07702310383319855
YJR092W,YFR001W,0,0.6765752,0.32486864924430847,0.36989033222198486,0.07712313532829285
YKL074C,YOR355W,0,0.67546177,0.324584424495697,0.36989033222198486,0.07722316682338715
YEL043W,YDR146C,0,0.67495036,0.32430070638656616,0.36989033222198486,0.07732319831848145
YNL102W,YEL022W,0,0.67471683,0.3240174651145935,0.36989033222198486,0.07742322981357574
YNL110C,YMR176W,0,0.67403555,0.32373473048210144,0.36989033222198486,0.07752325385808945
YDR206W,YNL016W,1,0.6738316,0.3243243098258972,0.3708873391151428,0.07752325385808945
YNL223W,YNR035C,0,0.67342687,0.32404181361198425,0.3708873391151428,0.07762328535318375
YIR025W,YHR058C,0,0.6723393,0.3237597942352295,0.3708873391151428,0.07772331684827805
YDR240C,YER002W,0,0.6717562,0.32347825169563293,0.3708873391151428,0.07782334834337234
YDL202W,YIL079C,0,0.6705093,0.32319721579551697,0.3708873391151428,0.07792337983846664
YBR096W,YDR140W,0,0.6692834,0.3229166567325592,0.3708873391151428,0.07802340388298035
YMR078C,YOR089C,0,0.66919893,0.32263660430908203,0.3708873391151428,0.07812343537807465
YKL186C,YJR140C,0,0.66580766,0.32235702872276306,0.3708873391151428,0.07822346687316895
YLR183C,YIL132C,0,0.66343254,0.3220779299736023,0.3708873391151428,0.07832349836826324
YLL002W,YNL107W,0,0.66172713,0.32179930806159973,0.3708873391151428,0.07842352986335754
YNL231C,YGL113W,0,0.6602198,0.32152116298675537,0.3708873391151428,0.07852355390787125
YPR194C,YML109W,0,0.6597082,0.3212435245513916,0.3708873391151428,0.07862358540296555
YDL111C,YJL208C,1,0.6573142,0.3218291699886322,0.3718843460083008,0.07862358540296555
YGL148W,YBR141C,0,0.65701467,0.32155171036720276,0.3718843460083008,0.07872361689805984
YBR155W,YFR036W,0,0.6558131,0.3212747573852539,0.3718843460083008,0.07882364839315414
YPR189W,YIL079C,1,0.65556276,0.32185885310173035,0.37288135290145874,0.07882364839315414
YJR107W,YGR036C,0,0.65501666,0.3215821087360382,0.37288135290145874,0.07892367988824844
YOL145C,YBL112C,0,0.6544876,0.3213058412075043,0.37288135290145874,0.07902370393276215
YHR047C,YER137C,0,0.6541603,0.32103005051612854,0.37288135290145874,0.07912373542785645
YOR287C,YOL004W,0,0.6536509,0.3207547068595886,0.37288135290145874,0.07922376692295074
YGR264C,YDR496C,0,0.6529551,0.3204798698425293,0.37288135290145874,0.07932379841804504
YNL072W,YIL079C,1,0.6523365,0.3210616409778595,0.3738783597946167,0.07932379841804504
YGL241W,YGL190C,0,0.65201235,0.3207869827747345,0.3738783597946167,0.07942382991313934
YKL082C,YIL132C,0,0.6508558,0.3205128312110901,0.3738783597946167,0.07952385395765305
YAL021C,YLR363C,1,0.6500937,0.3210930824279785,0.37487536668777466,0.07952385395765305
YPL064C,YJR140C,0,0.64728105,0.32081910967826843,0.37487536668777466,0.07962388545274734
YDR414C,YBR129C,0,0.64704657,0.32054561376571655,0.37487536668777466,0.07972391694784164
YNL110C,YJR140C,0,0.64700305,0.3202725648880005,0.37487536668777466,0.07982394844293594
YIL128W,YPL150W,0,0.6462383,0.3199999928474426,0.37487536668777466,0.07992397993803024
YCR014C,YNR013C,0,0.6451397,0.31972789764404297,0.37487536668777466,0.08002400398254395
YGL213C,YOL142W,1,0.64486796,0.32030585408210754,0.3758723735809326,0.08002400398254395
YER049W,YJR070C,0,0.64424133,0.3200339674949646,0.3758723735809326,0.08012403547763824
YJR130C,YMR304W,0,0.64400667,0.3197624981403351,0.3758723735809326,0.08022406697273254
YJR055W,YAL016W,0,0.6435355,0.31949153542518616,0.3758723735809326,0.08032409846782684
YLR401C,YER104W,0,0.6433712,0.31922098994255066,0.3758723735809326,0.08042412996292114
YML051W,YJL213W,0,0.64295995,0.31895092129707336,0.3758723735809326,0.08052415400743484
YOL021C,YLR438C-A,1,0.6425895,0.3195266127586365,0.3768693804740906,0.08052415400743484
YJR043C,YNL147W,1,0.6422242,0.3201013505458832,0.37786638736724854,0.08052415400743484
YJR107W,YOR145C,0,0.64138055,0.3198312222957611,0.37786638736724854,0.08062418550252914
YKR056W,YFR036W,0,0.64088595,0.31956154108047485,0.37786638736724854,0.08072421699762344
YNL147W,YNR015W,0,0.640632,0.3192923367023468,0.37786638736724854,0.08082424849271774
YOR076C,YOL139C,1,0.63981605,0.31986531615257263,0.3788634240627289,0.08082424849271774
YKL067W,YIR039C,0,0.6395673,0.3195962905883789,0.3788634240627289,0.08092427998781204
YMR176W,YGL169W,0,0.63841325,0.3193277418613434,0.3788634240627289,0.08102430403232574
YDR414C,YOR340C,0,0.63838434,0.3190596103668213,0.3788634240627289,0.08112433552742004
YDR151C,YCR027C,1,0.6377073,0.31963086128234863,0.37986043095588684,0.08112433552742004
YPR137W,YMR228W,0,0.63734114,0.31936293840408325,0.37986043095588684,0.08122436702251434
YHR066W,YLR153C,0,0.63707286,0.3190954625606537,0.37986043095588684,0.08132439851760864
YHR085W,YNL175C,0,0.6360791,0.3188284635543823,0.37986043095588684,0.08142443001270294
YLR129W,YDR389W,0,0.63513005,0.3185618817806244,0.37986043095588684,0.08152445405721664
YER055C,YOR294W,0,0.63457096,0.31829574704170227,0.37986043095588684,0.08162448555231094
YLR363C,YJL208C,1,0.6338512,0.31886476278305054,0.3808574378490448,0.08162448555231094
YML051W,YDR138W,0,0.6335584,0.31859883666038513,0.3808574378490448,0.08172451704740524
YFR013W,YCL014W,0,0.6333637,0.31833332777023315,0.3808574378490448,0.08182454854249954
YMR089C,YOR145C,0,0.63318276,0.318068265914917,0.3808574378490448,0.08192458003759384
YJL050W,YJL140W,1,0.6294496,0.31863561272621155,0.38185444474220276,0.08192458003759384
YNL095C,YPL273W,0,0.6288322,0.3183707296848297,0.38185444474220276,0.08202460408210754
YMR146C,YJR112W,0,0.62715757,0.3181063234806061,0.38185444474220276,0.08212463557720184
YBR278W,YMR077C,0,0.62703115,0.3178423345088959,0.38185444474220276,0.08222466707229614
YIL159W,YBR281C,0,0.6262337,0.3175787627696991,0.38185444474220276,0.08232469856739044
YLR009W,YBL113C,0,0.6245651,0.3173156678676605,0.38185444474220276,0.08242473006248474
YFR018C,YKL172W,0,0.6243714,0.3170529901981354,0.38185444474220276,0.08252475410699844
YPL139C,YJR032W,0,0.62387174,0.31679072976112366,0.38185444474220276,0.08262478560209274
YNL107W,YBL079W,0,0.6233282,0.31652891635894775,0.38185444474220276,0.08272481709718704
YPR080W,YKL082C,0,0.6230755,0.31626754999160767,0.38185444474220276,0.08282484859228134
YLR268W,YGR072W,0,0.62191623,0.316006600856781,0.38185444474220276,0.08292488008737564
YLL004W,YJL124C,0,0.6217362,0.31574609875679016,0.38185444474220276,0.08302490413188934
YKL174C,YBR257W,0,0.6215465,0.31548598408699036,0.38185444474220276,0.08312493562698364
YNL008C,YIL047C,0,0.62047017,0.31522634625434875,0.38185444474220276,0.08322496712207794
YPR083W,YJL149W,0,0.6202657,0.3149670958518982,0.38185444474220276,0.08332499861717224
YDR082W,YAL033W,0,0.62021995,0.31470829248428345,0.38185444474220276,0.08342503011226654
YDR473C,YKL186C,0,0.6191755,0.31444990634918213,0.38185444474220276,0.08352505415678024
YOR287C,YJL082W,0,0.6189065,0.3141919672489166,0.38185444474220276,0.08362508565187454
YGR171C,YKL003C,0,0.61828285,0.31393441557884216,0.38185444474220276,0.08372511714696884
YNL118C,YGL173C,1,0.6182138,0.31449630856513977,0.3828514516353607,0.08372511714696884
YLR305C,YBL034C,0,0.6177709,0.314238965511322,0.3828514516353607,0.08382514864206314
YMR077C,YKR068C,0,0.6171142,0.3139820098876953,0.3828514516353607,0.08392518013715744
YDR499W,YDL227C,0,0.6169417,0.3137255012989044,0.3828514516353607,0.08402520418167114
YLR197W,YJL071W,0,0.61654186,0.31346938014030457,0.3828514516353607,0.08412523567676544
YDR064W,YPL122C,0,0.6162504,0.3132137060165405,0.3828514516353607,0.08422526717185974
YLR363C,YNR052C,1,0.6160058,0.31377342343330383,0.3838484585285187,0.08422526717185974
YJL178C,YBR257W,0,0.61528176,0.3135179281234741,0.3838484585285187,0.08432529866695404
YNL153C,YJR006W,0,0.61384714,0.31326282024383545,0.3838484585285187,0.08442533016204834
YNL251C,YLR398C,1,0.6137224,0.31382113695144653,0.38484546542167664,0.08442533016204834
YDR206W,YIL079C,1,0.610937,0.314378559589386,0.3858424723148346,0.08442533016204834
YNL232W,YPR137W,0,0.6105787,0.31412336230278015,0.3858424723148346,0.08452535420656204
YPR144C,YLR270W,0,0.6103295,0.31386861205101013,0.3858424723148346,0.08462538570165634
YJR082C,YOR279C,0,0.60854095,0.31361424922943115,0.3858424723148346,0.08472541719675064
YDR151C,YKL172W,0,0.60721475,0.313360333442688,0.3858424723148346,0.08482544869184494
YHR077C,YCR093W,1,0.6069626,0.31391584873199463,0.38683947920799255,0.08482544869184494
YLR264W,YLR325C,0,0.6067266,0.3136620819568634,0.38683947920799255,0.08492548018693924
YOR297C,YKL166C,0,0.60523444,0.3134087324142456,0.38683947920799255,0.08502550423145294
YJL024C,YJR140C,0,0.6048207,0.31315577030181885,0.38683947920799255,0.08512553572654724
YDL028C,YNL307C,0,0.6041213,0.3129032254219055,0.38683947920799255,0.08522556722164154
YBR247C,YPL131W,0,0.6040443,0.3126510977745056,0.38683947920799255,0.08532559871673584
YKR036C,YNL262W,0,0.6022452,0.31239935755729675,0.38683947920799255,0.08542563021183014
YLR329W,YKL186C,0,0.601562,0.3121480345726013,0.38683947920799255,0.08552565425634384
YNL232W,YJL209W,1,0.6008576,0.31270095705986023,0.3878364861011505,0.08552565425634384
YNL107W,YGR185C,0,0.600129,0.3124498128890991,0.3878364861011505,0.08562568575143814
YOL141W,YNL110C,0,0.59818596,0.31219902634620667,0.3878364861011505,0.08572571724653244
YDL170W,YLR026C,0,0.5965104,0.31194868683815,0.3878364861011505,0.08582574874162674
YJR078W,YLL043W,0,0.5963862,0.31169870495796204,0.3878364861011505,0.08592578023672104
YDR527W,YLL033W,0,0.5963307,0.31144917011260986,0.3878364861011505,0.08602580428123474
YLR213C,YMR229C,0,0.59611356,0.31119999289512634,0.3878364861011505,0.08612583577632904
YMR176W,YML006C,0,0.59568506,0.31095123291015625,0.3878364861011505,0.08622586727142334
YGL158W,YPL244C,0,0.5956272,0.3107028901576996,0.3878364861011505,0.08632589876651764
YPR083W,YLR088W,0,0.595502,0.3104549050331116,0.3878364861011505,0.08642593026161194
YBL068W,YMR304W,0,0.5943588,0.310207337141037,0.3878364861011505,0.08652595430612564
YNL299W,YOR076C,1,0.59396636,0.31075698137283325,0.38883349299430847,0.08652595430612564
YOR353C,YOR340C,0,0.5936799,0.3105095624923706,0.38883349299430847,0.08662598580121994
YOR283W,YLR025W,0,0.59350926,0.310262531042099,0.38883349299430847,0.08672601729631424
YKL022C,YJR031C,0,0.5933581,0.31001588702201843,0.38883349299430847,0.08682604879140854
YGR180C,YDR218C,0,0.59297156,0.3097696602344513,0.38883349299430847,0.08692608028650284
YOR145C,YPL188W,0,0.592383,0.3095238208770752,0.38883349299430847,0.08702610433101654
YNR015W,YKR069W,0,0.5910598,0.30927833914756775,0.38883349299430847,0.08712613582611084
YLR314C,YGL169W,0,0.5908482,0.30903327465057373,0.38883349299430847,0.08722616732120514
YPR187W,YML099C,0,0.58960843,0.30878859758377075,0.38883349299430847,0.08732619881629944
YOL142W,YDL077C,0,0.5894069,0.3085443079471588,0.38883349299430847,0.08742623031139374
YOR279C,YLR213C,0,0.5890714,0.3083004057407379,0.38883349299430847,0.08752625435590744
YDR280W,YDL111C,1,0.5885263,0.30884677171707153,0.38983049988746643,0.08752625435590744
YKL208W,YGR195W,1,0.5884861,0.3093922734260559,0.3908275067806244,0.08752625435590744
YNL267W,YLR278C,0,0.58833396,0.30914825201034546,0.3908275067806244,0.08762628585100174
YCR077C,YOL139C,1,0.5877261,0.3096926808357239,0.39182451367378235,0.08762628585100174
YDL179W,YGR199W,0,0.58612746,0.30944880843162537,0.39182451367378235,0.08772631734609604
YJR032W,YNR044W,0,0.58564353,0.3092053532600403,0.39182451367378235,0.08782634884119034
YPR162C,YIL020C,0,0.5850878,0.30896225571632385,0.39182451367378235,0.08792638033628464
YLR033W,YBR074W,0,0.5847788,0.30871954560279846,0.39182451367378235,0.08802640438079834
YPL180W,YGL203C,0,0.5845308,0.3084772229194641,0.39182451367378235,0.08812643587589264
YNL032W,YJL213W,0,0.5827986,0.3082352876663208,0.39182451367378235,0.08822646737098694
YCL036W,YGR112W,0,0.58255875,0.30799373984336853,0.39182451367378235,0.08832649886608124
YCL014W,YAL024C,0,0.5824792,0.3077525496482849,0.39182451367378235,0.08842653036117554
YJR070C,YJR005W,0,0.5824004,0.30751174688339233,0.39182451367378235,0.08852655440568924
YGR264C,YKL074C,0,0.58114237,0.3072713017463684,0.39182451367378235,0.08862658590078354
YOR355W,YDR109C,0,0.580983,0.3070312440395355,0.39182451367378235,0.08872661739587784
YJR070C,YJL024C,0,0.5808354,0.3067915737628937,0.39182451367378235,0.08882664889097214
YNR067C,YDR081C,0,0.58061385,0.3065522611141205,0.39182451367378235,0.08892668038606644
YGL172W,YMR137C,0,0.5802421,0.30631333589553833,0.39182451367378235,0.08902670443058014
YNR067C,YJR112W,0,0.57958996,0.30607476830482483,0.39182451367378235,0.08912673592567444
YPL127C,YER162C,0,0.579527,0.30583658814430237,0.39182451367378235,0.08922676742076874
YGR089W,YDR173C,0,0.5778659,0.30559876561164856,0.39182451367378235,0.08932679891586304
YGR072W,YGL173C,1,0.5767928,0.3061383068561554,0.3928215205669403,0.08932679891586304
YOL070C,YKR068C,0,0.5767903,0.3059006333351135,0.3928215205669403,0.08942683041095734
YNL102W,YKL203C,0,0.5766799,0.3056633174419403,0.3928215205669403,0.08952685445547104
YJL071W,YMR179W,0,0.57638264,0.30542635917663574,0.3928215205669403,0.08962688595056534
YLR020C,YLR440C,0,0.57625103,0.3051897883415222,0.3928215205669403,0.08972691744565964
YOL057W,YDR416W,0,0.5754503,0.30495357513427734,0.3928215205669403,0.08982694894075394
YOL066C,YPL093W,0,0.57532096,0.3047177195549011,0.3928215205669403,0.08992698043584824
YLR425W,YJR031C,0,0.57443964,0.30448222160339355,0.3928215205669403,0.09002700448036194
YOL123W,YJR022W,1,0.57219285,0.3050193190574646,0.39381855726242065,0.09002700448036194
YOL123W,YJR006W,1,0.57126546,0.3055555522441864,0.3948155641555786,0.09002700448036194
YNL001W,YNL016W,1,0.5703052,0.30609098076820374,0.3958125710487366,0.09002700448036194
YLL002W,YGR084C,0,0.56942546,0.3058551549911499,0.3958125710487366,0.09012703597545624
YEL036C,YEL040W,0,0.5693977,0.3056197166442871,0.3958125710487366,0.09022706747055054
YOL070C,YGR276C,0,0.5680935,0.3053846061229706,0.3958125710487366,0.09032709896564484
YOL142W,YOR098C,0,0.5676805,0.3051498830318451,0.3958125710487366,0.09042713046073914
YAL033W,YOR216C,0,0.5665835,0.30491551756858826,0.3958125710487366,0.09052715450525284
YIL038C,YDR378C,1,0.56615466,0.3054489493370056,0.39680957794189453,0.09052715450525284
YKR068C,YLR088W,0,0.56605464,0.3052147328853607,0.39680957794189453,0.09062718600034714
YLL013C,YNL118C,1,0.5657443,0.3057471215724945,0.3978065848350525,0.09062718600034714
YNL147W,YCR027C,1,0.56506836,0.30627870559692383,0.39880359172821045,0.09062718600034714
YDR196C,YKL172W,0,0.5649643,0.3060443699359894,0.39880359172821045,0.09072721749544144
YMR080C,YNL251C,1,0.5640217,0.30657491087913513,0.3998005986213684,0.09072721749544144
YPL200W,YPL180W,0,0.563875,0.3063407242298126,0.3998005986213684,0.09082724899053574
YOR054C,YDR245W,0,0.5634339,0.3061068654060364,0.3998005986213684,0.09092728048563004
YOL090W,YGR072W,0,0.5628338,0.3058733642101288,0.3998005986213684,0.09102730453014374
YKL113C,YGL122C,1,0.56140935,0.30640244483947754,0.40079760551452637,0.09102730453014374
YEL015W,YGL097W,1,0.5597017,0.30693069100379944,0.4017946124076843,0.09102730453014374
YOL123W,YGR195W,1,0.5588461,0.30745813250541687,0.4027916193008423,0.09102730453014374
YER112W,YKL009W,1,0.55880773,0.3079847991466522,0.40378862619400024,0.09102730453014374
YNL102W,YLR026C,0,0.55786717,0.30775076150894165,0.40378862619400024,0.09112733602523804
YJR005W,YLR309C,0,0.55786705,0.30751708149909973,0.40378862619400024,0.09122736752033234
YGR195W,YHR081W,1,0.55740345,0.3080424964427948,0.4047856330871582,0.09122736752033234
YCR060W,YLR033W,0,0.5554727,0.30780893564224243,0.4047856330871582,0.09132739901542664
YER013W,YJL178C,0,0.5552435,0.3075757622718811,0.4047856330871582,0.09142743051052094
YOR038C,YKR069W,0,0.55131984,0.30734291672706604,0.4047856330871582,0.09152745455503464
YOR219C,YGR134W,0,0.55096984,0.30711042881011963,0.4047856330871582,0.09162748605012894
YIL139C,YLR025W,0,0.5506323,0.30687829852104187,0.4047856330871582,0.09172751754522324
YIL061C,YFR036W,0,0.54848397,0.30664652585983276,0.4047856330871582,0.09182754904031754
YPL029W,YMR098C,1,0.548183,0.3071698248386383,0.40578263998031616,0.09182754904031754
YNL073W,YOL124C,0,0.54774004,0.30693817138671875,0.40578263998031616,0.09192758053541183
YNL163C,YNL258C,0,0.5468639,0.30670684576034546,0.40578263998031616,0.09202760457992554
YNL016W,YDL175C,1,0.54559666,0.3072289228439331,0.4067796468734741,0.09202760457992554
YLL013C,YOL149W,1,0.5455259,0.3077501952648163,0.40777668356895447,0.09202760457992554
YGL178W,YNR024W,1,0.5445725,0.308270663022995,0.4087736904621124,0.09202760457992554
YDR034C,YMR270C,0,0.54444146,0.3080390691757202,0.4087736904621124,0.09212763607501984
YJL214W,YHR085W,0,0.54441214,0.3078078031539917,0.4087736904621124,0.09222766757011414
YNL072W,YOL021C,1,0.54242396,0.3083270788192749,0.4097706973552704,0.09222766757011414
YGR085C,YJL029C,0,0.5416393,0.3080959618091583,0.4097706973552704,0.09232769906520844
YHR061C,YOR089C,0,0.54152745,0.307865172624588,0.4097706973552704,0.09242773056030273
YLR197W,YJL024C,0,0.5413231,0.30763474106788635,0.4097706973552704,0.09252775460481644
YOL139C,YER112W,1,0.54120755,0.30815258622169495,0.41076770424842834,0.09252775460481644
YOL141W,YDL047W,0,0.5407716,0.30792227387428284,0.41076770424842834,0.09262778609991074
YDR144C,YDR140W,0,0.5388367,0.3076923191547394,0.41076770424842834,0.09272781759500504
YNL271C,YOL054W,0,0.538832,0.3074626922607422,0.41076770424842834,0.09282784909009933
YDR310C,YKL074C,0,0.5380357,0.30723339319229126,0.41076770424842834,0.09292788058519363
YKL166C,YKL015W,0,0.5362532,0.30700448155403137,0.41076770424842834,0.09302791208028793
YER008C,YBL112C,0,0.5354413,0.30677586793899536,0.41076770424842834,0.09312793612480164
YMR228W,YJL206C,0,0.5353888,0.306547611951828,0.41076770424842834,0.09322796761989594
YLL004W,YHR168W,0,0.53487617,0.3063197135925293,0.41076770424842834,0.09332799911499023
YPL276W,YKR006C,0,0.53431034,0.30609211325645447,0.41076770424842834,0.09342803061008453
YLR285W,YGR239C,0,0.5340588,0.3058648705482483,0.41076770424842834,0.09352806210517883
YLR029C,YLL043W,0,0.5328963,0.30563798546791077,0.41076770424842834,0.09362808614969254
YOR216C,YER137C,0,0.5326016,0.3054114282131195,0.41076770424842834,0.09372811764478683
YDR473C,YNR044W,0,0.53237855,0.3051851987838745,0.41076770424842834,0.09382814913988113
YGR056W,YGL148W,0,0.53062695,0.3049592971801758,0.41076770424842834,0.09392818063497543
YMR098C,YJR022W,1,0.5302017,0.3054733872413635,0.4117647111415863,0.09392818063497543
YLL045C,YGL014W,0,0.5293975,0.30524760484695435,0.4117647111415863,0.09402821213006973
YKL061W,YML006C,0,0.5280797,0.30502215027809143,0.4117647111415863,0.09412823617458344
YHR085W,YML039W,0,0.5274045,0.30479705333709717,0.4117647111415863,0.09422826766967773
YGR251W,YDL061C,0,0.5272295,0.30457228422164917,0.4117647111415863,0.09432829916477203
YDR527W,YOR085W,0,0.5236859,0.30434781312942505,0.4117647111415863,0.09442833065986633
YBR247C,YDL179W,0,0.5236827,0.3041236996650696,0.4117647111415863,0.09452836215496063
YNL282W,YML099C,0,0.52352613,0.3038999140262604,0.4117647111415863,0.09462838619947433
YBL028C,YCL034W,0,0.5225191,0.30367645621299744,0.4117647111415863,0.09472841769456863
YOL010W,YEL056W,0,0.5205727,0.30345335602760315,0.4117647111415863,0.09482844918966293
YOR304C-A,YDR140W,0,0.52037567,0.30323055386543274,0.4117647111415863,0.09492848068475723
YOR159C,YNL110C,0,0.5202006,0.3030080795288086,0.4117647111415863,0.09502851217985153
YML080W,YGL220W,0,0.5199632,0.3027859330177307,0.4117647111415863,0.09512853622436523
YLL012W,YJL176C,0,0.5174172,0.3025641143321991,0.4117647111415863,0.09522856771945953
YPR125W,YPL093W,0,0.5171724,0.30234259366989136,0.4117647111415863,0.09532859921455383
YML080W,YMR159C,0,0.5163896,0.30212143063545227,0.4117647111415863,0.09542863070964813
YER151C,YGL060W,0,0.51630443,0.30190059542655945,0.4117647111415863,0.09552866220474243
YIL079C,YLR213C,0,0.51609874,0.3016800582408905,0.4117647111415863,0.09562868624925613
YGL107C,YGR072W,1,0.5149996,0.30218976736068726,0.41276171803474426,0.09562868624925613
YLR145W,YMR075W,0,0.51393956,0.30196937918663025,0.41276171803474426,0.09572871774435043
YLL002W,YHR085W,0,0.51368964,0.30174925923347473,0.41276171803474426,0.09582874923944473
YNL299W,YER035W,1,0.51315475,0.30225783586502075,0.4137587249279022,0.09582874923944473
YNL080C,YER137C,0,0.5129793,0.3020378351211548,0.4137587249279022,0.09592878073453903
YKR020W,YGR258C,0,0.5123178,0.30181819200515747,0.4137587249279022,0.09602881222963333
YPL127C,YLR005W,0,0.5119946,0.30159884691238403,0.4137587249279022,0.09612883627414703
YDL059C,YER162C,0,0.510656,0.3013797998428345,0.4137587249279022,0.09622886776924133
YDR206W,YGR158C,1,0.50999427,0.30188679695129395,0.4147557318210602,0.09622886776924133
YJL200C,YLR033W,0,0.5070336,0.30166786909103394,0.4147557318210602,0.09632889926433563
YDL070W,YDR062W,0,0.507025,0.3014492690563202,0.4147557318210602,0.09642893075942993
YMR078C,YPL096W,0,0.5058895,0.3012309968471527,0.4147557318210602,0.09652896225452423
YJR092W,YBL112C,0,0.50562817,0.3010130226612091,0.4147557318210602,0.09662898629903793
YNL153C,YJL085W,0,0.50383085,0.30079537630081177,0.4147557318210602,0.09672901779413223
YJL071W,YDR138W,0,0.50363123,0.3005780279636383,0.4147557318210602,0.09682904928922653
YPR189W,YOR324C,0,0.5030321,0.3003610074520111,0.4147557318210602,0.09692908078432083
YGL107C,YIL079C,1,0.5030159,0.3008657991886139,0.41575273871421814,0.09692908078432083
YKL009W,YDL175C,1,0.5025855,0.30136987566947937,0.4167497456073761,0.09692908078432083
YML112W,YDR364C,0,0.50258267,0.3011527359485626,0.4167497456073761,0.09702911227941513
YMR234W,YMR287C,1,0.5013217,0.3016558587551117,0.41774675250053406,0.09702911227941513
YNL147W,YDR378C,1,0.4993999,0.30215826630592346,0.418743759393692,0.09702911227941513
YGR288W,YGR072W,0,0.4991483,0.30194103717803955,0.418743759393692,0.09712913632392883
YLR244C,YPR137W,0,0.49876314,0.3017241358757019,0.418743759393692,0.09722916781902313
YLR325C,YER137C,0,0.49868083,0.30150753259658813,0.418743759393692,0.09732919931411743
YDR351W,YOL093W,0,0.49864537,0.30129125714302063,0.418743759393692,0.09742923080921173
YJL171C,YKL144C,0,0.49829102,0.301075279712677,0.418743759393692,0.09752926230430603
YJL194W,YOR243C,0,0.49826056,0.30085960030555725,0.418743759393692,0.09762928634881973
YNL016W,YJR091C,1,0.4978745,0.3013600707054138,0.41974076628685,0.09762928634881973
YNL314W,YGR222W,0,0.4971677,0.30114448070526123,0.41974076628685,0.09772931784391403
YOR287C,YJL006C,0,0.49696004,0.3009292483329773,0.41974076628685,0.09782934933900833
YOL145C,YEL029C,0,0.4966166,0.30071428418159485,0.41974076628685,0.09792938083410263
YJL134W,YKR068C,0,0.49649543,0.30049964785575867,0.41974076628685,0.09802941232919693
YHR047C,YDR332W,0,0.4941978,0.30028530955314636,0.41974076628685,0.09812943637371063
YGR216C,YKR002W,0,0.49388045,0.30007126927375793,0.41974076628685,0.09822946786880493
YNL072W,YDR172W,1,0.49364412,0.3005698025226593,0.42073777318000793,0.09822946786880493
YOL045W,YKR020W,0,0.49243498,0.3003558814525604,0.42073777318000793,0.09832949936389923
YNR031C,YOL043C,0,0.49234468,0.3001422584056854,0.42073777318000793,0.09842953085899353
YNL261W,YJR063W,0,0.4921912,0.2999289333820343,0.42073777318000793,0.09852956235408783
YPL139C,YDR262W,0,0.49187797,0.29971590638160706,0.42073777318000793,0.09862958639860153
YPL127C,YLR164W,0,0.49119872,0.2995032072067261,0.42073777318000793,0.09872961789369583
YJR092W,YML112W,0,0.49055332,0.2992907762527466,0.42073777318000793,0.09882964938879013
YNL267W,YMR304W,0,0.49022883,0.29907867312431335,0.42073777318000793,0.09892968088388443
YLR029C,YBL026W,0,0.48961592,0.298866868019104,0.42073777318000793,0.09902971237897873
YPL122C,YLR224W,0,0.48878568,0.29865533113479614,0.42073777318000793,0.09912973642349243
YLL034C,YGL163C,0,0.48842776,0.29844412207603455,0.42073777318000793,0.09922976791858673
YGL213C,YNL118C,1,0.48807293,0.29893994331359863,0.4217348098754883,0.09922976791858673
YER049W,YNL147W,1,0.48769724,0.299435019493103,0.42273181676864624,0.09922976791858673
YJL124C,YKL144C,0,0.48707187,0.29922372102737427,0.42273181676864624,0.09932979941368103
YHR069C,YDR378C,1,0.4868939,0.29971790313720703,0.4237288236618042,0.09932979941368103
YER008C,YOL102C,0,0.48494256,0.29950669407844543,0.4237288236618042,0.09942983090877533
YIL134W,YMR229C,0,0.48453736,0.2992957830429077,0.4237288236618042,0.09952986240386963
YNR044W,YMR213W,0,0.48319435,0.2990851402282715,0.4237288236618042,0.09962988644838333
YNL072W,YGR158C,1,0.48188782,0.29957807064056396,0.42472583055496216,0.09962988644838333
YIR011C,YPR083W,0,0.48163337,0.2993675470352173,0.42472583055496216,0.09972991794347763
YGL213C,YCR027C,1,0.48159677,0.29985955357551575,0.4257228374481201,0.09972991794347763
YLR024C,YGL220W,0,0.48140466,0.29964911937713623,0.4257228374481201,0.09982994943857193
YPL029W,YNL118C,1,0.477134,0.30014026165008545,0.4267198443412781,0.09982994943857193
YEL030W,YGR222W,0,0.47627783,0.2999299168586731,0.4267198443412781,0.09992998093366623
YLL034C,YDR389W,0,0.47549653,0.299719899892807,0.4267198443412781,0.10003001242876053
YKL186C,YBR074W,0,0.4748909,0.2995101511478424,0.4267198443412781,0.10013003647327423
YGL178W,YJL208C,1,0.47328424,0.30000001192092896,0.42771685123443604,0.10013003647327423
YOL038W,YOR338W,0,0.47256672,0.2997903525829315,0.42771685123443604,0.10023006796836853
YMR013C,YBR141C,0,0.47212887,0.29958099126815796,0.42771685123443604,0.10033009946346283
YJR026W,YKR028W,0,0.47205782,0.29937195777893066,0.42771685123443604,0.10043013095855713
YLR020C,YML109W,0,0.47069103,0.29916319251060486,0.42771685123443604,0.10053016245365143
YPR189W,YDL036C,0,0.4706276,0.29895469546318054,0.42771685123443604,0.10063018649816513
YPL139C,YBL068W,0,0.4704014,0.2987465262413025,0.42771685123443604,0.10073021799325943
YDR081C,YLR330W,0,0.4700725,0.2985386252403259,0.42771685123443604,0.10083024948835373
YKR054C,YJL130C,0,0.46996164,0.29833102226257324,0.42771685123443604,0.10093028098344803
YMR234W,YNL251C,1,0.4682427,0.2988186180591583,0.428713858127594,0.10093028098344803
YER049W,YMR080C,1,0.4682169,0.2993055582046509,0.42971086502075195,0.10093028098344803
YDR460W,YLL002W,0,0.4674365,0.29909783601760864,0.42971086502075195,0.10103031247854233
YGL097W,YDL102W,1,0.46723711,0.29958391189575195,0.4307078719139099,0.10103031247854233
YDR167W,YKL203C,0,0.46553773,0.29937630891799927,0.4307078719139099,0.10113033652305603
YGL113W,YOR008C,0,0.4646243,0.29916897416114807,0.4307078719139099,0.10123036801815033
YLR025W,YGR089W,0,0.46460456,0.29896193742752075,0.4307078719139099,0.10133039951324463
YGL225W,YJL213W,0,0.46457595,0.2987551987171173,0.4307078719139099,0.10143043100833893
YGR239C,YKL003C,0,0.46408242,0.29854872822761536,0.4307078719139099,0.10153046250343323
YJR043C,YGR195W,1,0.46389812,0.29903313517570496,0.43170487880706787,0.10153046250343323
YCR060W,YKL189W,0,0.4619243,0.29882678389549255,0.43170487880706787,0.10163048654794693
YGR252W,YKL172W,0,0.4607911,0.29862070083618164,0.43170487880706787,0.10173051804304123
YPR111W,YMR180C,0,0.46053863,0.2984148859977722,0.43170487880706787,0.10183054953813553
YJR101W,YKL015W,0,0.46013284,0.29820936918258667,0.43170487880706787,0.10193058103322983
YBR195C,YMR240C,0,0.45926952,0.2980041205883026,0.43170487880706787,0.10203061252832413
YOR378W,YNL309W,0,0.45891315,0.29779917001724243,0.43170487880706787,0.10213063657283783
YDL047W,YOR353C,0,0.45794415,0.29759448766708374,0.43170487880706787,0.10223066806793213
YBR247C,YOL038W,0,0.4579205,0.2973901033401489,0.43170487880706787,0.10233069956302643
YOL021C,YDR404C,1,0.45724845,0.2978723347187042,0.43270188570022583,0.10233069956302643
YPR204W,YLR429W,0,0.45585126,0.2976680397987366,0.43270188570022583,0.10243073105812073
YGL162W,YER017C,0,0.45346904,0.2974640130996704,0.43270188570022583,0.10253076255321503
YIL142W,YAL040C,0,0.45333058,0.2972602844238281,0.43270188570022583,0.10263078659772873
YDL160C,YKL113C,1,0.4518633,0.29774126410484314,0.4336988925933838,0.10263078659772873
YNL251C,YHR081W,1,0.45164895,0.298221617937088,0.43469589948654175,0.10263078659772873
YMR246W,YER137C,0,0.45155782,0.2980177700519562,0.43469589948654175,0.10273081809282303
YPR024W,YNR003C,0,0.4496119,0.2978142201900482,0.43469589948654175,0.10283084958791733
YHR069C,YGL213C,1,0.44896412,0.29829350113868713,0.4356929063796997,0.10283084958791733
YOR054C,YIL079C,0,0.44819105,0.29809004068374634,0.4356929063796997,0.10293088108301163
YDL165W,YGR072W,1,0.44771743,0.2985685169696808,0.43668994307518005,0.10293088108301163
YIL108W,YPR190C,0,0.44768828,0.29836511611938477,0.43668994307518005,0.10303091257810593
YKR028W,YNR010W,0,0.44763994,0.2981620132923126,0.43668994307518005,0.10313093662261963
YGL083W,YNL085W,0,0.44654965,0.29795917868614197,0.43668994307518005,0.10323096811771393
YDL111C,YOL093W,0,0.44648528,0.2977566421031952,0.43668994307518005,0.10333099961280823
YML080W,YLL061W,0,0.44605476,0.2975543439388275,0.43668994307518005,0.10343103110790253
YJR112W,YGR239C,0,0.44600123,0.2973523437976837,0.43668994307518005,0.10353106260299683
YIL021W,YDL074C,0,0.44561547,0.2971506118774414,0.43668994307518005,0.10363108664751053
YGR264C,YLL045C,0,0.44552886,0.2969491481781006,0.43668994307518005,0.10373111814260483
YEL062W,YLR389C,0,0.44461805,0.29674795269966125,0.43668994307518005,0.10383114963769913
YIL134W,YBL068W,0,0.44461548,0.2965470552444458,0.43668994307518005,0.10393118113279343
YJR043C,YIL038C,1,0.44380015,0.2970229983329773,0.437686949968338,0.10393118113279343
YJL225C,YNL238W,0,0.44358653,0.296822190284729,0.437686949968338,0.10403121262788773
YKL090W,YHR059W,0,0.443411,0.2966216206550598,0.437686949968338,0.10413123667240143
YKR103W,YNL102W,0,0.44271463,0.2964213490486145,0.437686949968338,0.10423126816749573
YOR074C,YDR146C,0,0.44222105,0.2962213158607483,0.437686949968338,0.10433129966259003
YJR083C,YJL081C,0,0.44215107,0.29602158069610596,0.437686949968338,0.10443133115768433
YEL043W,YDL077C,0,0.44000334,0.2958221137523651,0.437686949968338,0.10453136265277863
YER049W,YLR398C,1,0.43954897,0.29629629850387573,0.43868395686149597,0.10453136265277863
YGR199W,YDR444W,0,0.43938017,0.29609689116477966,0.43868395686149597,0.10463138669729233
YLR289W,YBL028C,0,0.43857187,0.29589778184890747,0.43868395686149597,0.10473141819238663
YDR351W,YPL188W,0,0.43827277,0.2956989109516144,0.43868395686149597,0.10483144968748093
YMR234W,YDR206W,1,0.437737,0.2961719334125519,0.43968096375465393,0.10483144968748093
YKL090W,YIL020C,0,0.43752855,0.29597315192222595,0.43968096375465393,0.10493148118257523
YOL102C,YMR186W,0,0.4373951,0.2957746386528015,0.43968096375465393,0.10503151267766953
YDL036C,YMR227C,0,0.43672967,0.29557639360427856,0.43968096375465393,0.10513153672218323
YJR138W,YPL122C,0,0.43580562,0.2953784465789795,0.43968096375465393,0.10523156821727753
YLR291C,YIL140W,0,0.43382883,0.29518070816993713,0.43968096375465393,0.10533159971237183
YBR202W,YKR002W,0,0.43361986,0.29498326778411865,0.43968096375465393,0.10543163120746613
YOR084W,YGL071W,0,0.43353248,0.29478609561920166,0.43968096375465393,0.10553166270256042
YER171W,YMR270C,0,0.4334103,0.29458919167518616,0.43968096375465393,0.10563168674707413
YKR056W,YJL082W,0,0.43324435,0.29439252614974976,0.43968096375465393,0.10573171824216843
YIR011C,YJR140C,0,0.43224496,0.29419612884521484,0.43968096375465393,0.10583174973726273
YNR003C,YOR327C,0,0.43189597,0.2939999997615814,0.43968096375465393,0.10593178123235703
YGL172W,YKR102W,0,0.4318664,0.2938041388988495,0.43968096375465393,0.10603181272745132
YBR271W,YHR082C,0,0.42992002,0.29360851645469666,0.43968096375465393,0.10613183677196503
YDR414C,YFL001W,0,0.4297033,0.2934131622314453,0.43968096375465393,0.10623186826705933
YNL288W,YNL118C,1,0.4294389,0.29388296604156494,0.4406779706478119,0.10623186826705933
YDR206W,YDR378C,1,0.42778903,0.2943521738052368,0.44167497754096985,0.10623186826705933
YNL163C,YNL290W,0,0.42684215,0.2941567003726959,0.44167497754096985,0.10633189976215363
YOL123W,YOL149W,1,0.42476982,0.29462507367134094,0.4426719844341278,0.10633189976215363
YDR512C,YKL103C,0,0.42412382,0.2944297194480896,0.4426719844341278,0.10643193125724792
YNL299W,YJR091C,1,0.4239447,0.29489728808403015,0.44366899132728577,0.10643193125724792
YLR009W,YMR078C,0,0.42319113,0.2947019934654236,0.44366899132728577,0.10653196275234222
YGR072W,YJL124C,1,0.42312658,0.29516875743865967,0.4446659982204437,0.10653196275234222
YDR403W,YNR072W,0,0.4219219,0.29497355222702026,0.4446659982204437,0.10663198679685593
YPR189W,YER112W,1,0.42053378,0.2954395115375519,0.4456630051136017,0.10663198679685593
YNL223W,YDR245W,0,0.41921675,0.29524439573287964,0.4456630051136017,0.10673201829195023
YMR093W,YBR230C,0,0.41878378,0.2950495183467865,0.4456630051136017,0.10683204978704453
YOR076C,YPR189W,1,0.4176522,0.2955145239830017,0.44666001200675964,0.10683204978704453
YPL064C,YLR309C,0,0.41760927,0.29531970620155334,0.44666001200675964,0.10693208128213882
YLL013C,YNL112W,1,0.41535914,0.2957839369773865,0.4476570188999176,0.10693208128213882
YER049W,YPL029W,1,0.41491055,0.29624754190444946,0.44865402579307556,0.10693208128213882
YGL172W,YOR145C,0,0.41361737,0.29605263471603394,0.44865402579307556,0.10703211277723312
YJR107W,YNL110C,0,0.4130696,0.2958579957485199,0.44865402579307556,0.10713213682174683
YMR080C,YIL079C,1,0.41297096,0.2963206171989441,0.4496510326862335,0.10713213682174683
YLR440C,YKR002W,0,0.41136584,0.2961260676383972,0.4496510326862335,0.10723216831684113
YML097C,YNR072W,0,0.41082454,0.29593175649642944,0.4496510326862335,0.10733219981193542
YDR082W,YGL112C,0,0.41032314,0.29573771357536316,0.4496510326862335,0.10743223130702972
YCL024W,YJR005W,0,0.40972334,0.295543909072876,0.4496510326862335,0.10753226280212402
YKR036C,YPL139C,0,0.40960985,0.2953503727912903,0.4496510326862335,0.10763228684663773
YJL071W,YGL190C,0,0.40893883,0.2951570749282837,0.4496510326862335,0.10773231834173203
YPR111W,YIL094C,0,0.40782502,0.2949640154838562,0.4496510326862335,0.10783234983682632
YKL020C,YOR340C,0,0.40744236,0.2947712540626526,0.4496510326862335,0.10793238133192062
YJR112W,YML056C,0,0.40710014,0.2945787012577057,0.4496510326862335,0.10803241282701492
YLR353W,YER171W,0,0.4068655,0.2943864166736603,0.4496510326862335,0.10813243687152863
YMR146C,YOL112W,0,0.40622523,0.29419440031051636,0.4496510326862335,0.10823246836662292
YBL028C,YDR470C,0,0.40590763,0.29400262236595154,0.4496510326862335,0.10833249986171722
YGR271W,YNL298W,0,0.4048438,0.2938110828399658,0.4496510326862335,0.10843253135681152
YGR288W,YOL141W,0,0.40402567,0.2936197817325592,0.4496510326862335,0.10853256285190582
YMR032W,YOL158C,0,0.40284562,0.2934287488460541,0.4496510326862335,0.10863258689641953
YER022W,YJL225C,0,0.40266666,0.29323798418045044,0.4496510326862335,0.10873261839151382
YHR047C,YNL230C,0,0.40241492,0.2930474281311035,0.4496510326862335,0.10883264988660812
YPL131W,YOR294W,0,0.40193224,0.2928571403026581,0.4496510326862335,0.10893268138170242
YIL159W,YGL169W,0,0.40186206,0.29266709089279175,0.4496510326862335,0.10903271287679672
YJR006W,YGR229C,0,0.40158844,0.2924773097038269,0.4496510326862335,0.10913273692131042
YDR064W,YBR238C,0,0.4008526,0.2922877371311188,0.4496510326862335,0.10923276841640472
YGR288W,YNR015W,0,0.40084192,0.29209843277931213,0.4496510326862335,0.10933279991149902
YPL151C,YMR227C,0,0.4002195,0.291909396648407,0.4496510326862335,0.10943283140659332
YPL139C,YMR137C,0,0.39959633,0.29172056913375854,0.4496510326862335,0.10953286290168762
YJL191W,YPL112C,0,0.39905196,0.2915320098400116,0.4496510326862335,0.10963288694620132
YNL085W,YER190W,0,0.39882115,0.29134365916252136,0.4496510326862335,0.10973291844129562
YDR457W,YDR472W,0,0.39656064,0.2911555767059326,0.4496510326862335,0.10983294993638992
YDR405W,YLR404W,0,0.3957546,0.290967732667923,0.4496510326862335,0.10993298143148422
YDR383C,YLR050C,0,0.3947094,0.29078012704849243,0.4496510326862335,0.11003301292657852
YCR077C,YOR001W,1,0.39461938,0.29123711585998535,0.45064806938171387,0.11003301292657852
YGL213C,YNL147W,1,0.39460137,0.2916935086250305,0.4516450762748718,0.11003301292657852
YOR159C,YDR034C,0,0.3944775,0.2915057837963104,0.4516450762748718,0.11013303697109222
YNL232W,YMR098C,1,0.39381388,0.2919614017009735,0.4526420831680298,0.11013303697109222
YGR216C,YJL140W,0,0.3936619,0.2917737662792206,0.4526420831680298,0.11023306846618652
YJR055W,YLL033W,0,0.39340258,0.29158636927604675,0.4526420831680298,0.11033309996128082
YHR030C,YBL079W,0,0.39319515,0.2913992404937744,0.4526420831680298,0.11043313145637512
YOL136C,YKR068C,0,0.39275035,0.2912123203277588,0.4526420831680298,0.11053316295146942
YLL061W,YLR316C,0,0.39265966,0.29102563858032227,0.4526420831680298,0.11063318699598312
YNL112W,YDR378C,1,0.3922481,0.29147982597351074,0.45363909006118774,0.11063318699598312
YER049W,YGR239C,0,0.3922152,0.291293203830719,0.45363909006118774,0.11073321849107742
YER112W,YJL208C,1,0.39211488,0.2917466461658478,0.4546360969543457,0.11073321849107742
YMR046C,YER145C,0,0.3919329,0.2915601134300232,0.4546360969543457,0.11083324998617172
YOR283W,YJL130C,0,0.3917325,0.2913737893104553,0.4546360969543457,0.11093328148126602
YBR129C,YLL012W,0,0.3900859,0.29118773341178894,0.4546360969543457,0.11103331297636032
YCR077C,YNR052C,1,0.39002544,0.2916400730609894,0.45563310384750366,0.11103331297636032
YDL179W,YKL020C,0,0.3894933,0.2914540767669678,0.45563310384750366,0.11113333702087402
YKR036C,YLR285W,0,0.38840523,0.29126831889152527,0.45563310384750366,0.11123336851596832
YKL090W,YDR405W,0,0.38818407,0.29108279943466187,0.45563310384750366,0.11133340001106262
YAL021C,YGR158C,1,0.38721037,0.29153406620025635,0.4566301107406616,0.11133340001106262
YOR159C,YJR101W,0,0.38687956,0.2913486063480377,0.4566301107406616,0.11143343150615692
YBR260C,YKL186C,0,0.38539737,0.2911633849143982,0.4566301107406616,0.11153346300125122
YJL178C,YBR281C,0,0.38496616,0.29097840189933777,0.4566301107406616,0.11163348704576492
YJL011C,YMR115W,0,0.3843994,0.29079365730285645,0.4566301107406616,0.11173351854085922
YNR024W,YOL149W,1,0.3843204,0.29124364256858826,0.4576271176338196,0.11173351854085922
YNL102W,YOR074C,0,0.3838924,0.2910589873790741,0.4576271176338196,0.11183355003595352
YMR080C,YOL149W,1,0.3837988,0.2915082275867462,0.45862412452697754,0.11183355003595352
YMR117C,YHR119W,0,0.3836816,0.29132363200187683,0.45862412452697754,0.11193358153104782
YER101C,YDR159W,0,0.38278165,0.29113924503326416,0.45862412452697754,0.11203361302614212
YNL102W,YGR229C,0,0.382015,0.2909550964832306,0.45862412452697754,0.11213363707065582
YHR211W,YJL081C,0,0.38030243,0.2907711863517761,0.45862412452697754,0.11223366856575012
YML097C,YPL259C,0,0.37988633,0.29058748483657837,0.45862412452697754,0.11233370006084442
YNL001W,YMR098C,1,0.3794641,0.29103535413742065,0.4596211314201355,0.11233370006084442
YER013W,YNL121C,0,0.37754792,0.29085174202919006,0.4596211314201355,0.11243373155593872
YLL008W,YGR032W,0,0.37684977,0.2906683385372162,0.4596211314201355,0.11253376305103302
YLR073C,YDR281C,0,0.37641525,0.2904852032661438,0.4596211314201355,0.11263378709554672
YDL111C,YJR140C,0,0.3759994,0.2903022766113281,0.4596211314201355,0.11273381859064102
YMR234W,YNL118C,1,0.37546962,0.2907488942146301,0.46061813831329346,0.11273381859064102
YGL172W,YOL142W,0,0.3751601,0.29056602716445923,0.46061813831329346,0.11283385008573532
YDL217C,YCL014W,0,0.37430307,0.29038339853286743,0.46061813831329346,0.11293388158082962
YPR187W,YPR190C,0,0.37401047,0.29020100831985474,0.46061813831329346,0.11303391307592392
YDL036C,YPR119W,0,0.37397462,0.29001882672309875,0.46061813831329346,0.11313393712043762
YDR254W,YJR032W,0,0.37338525,0.2898368835449219,0.46061813831329346,0.11323396861553192
YKR101W,YKR102W,0,0.37297893,0.2896551787853241,0.46061813831329346,0.11333400011062622
YHR012W,YIL061C,0,0.37287515,0.28947368264198303,0.46061813831329346,0.11343403160572052
YDR419W,YLL012W,0,0.37217513,0.28929242491722107,0.46061813831329346,0.11353406310081482
YOR054C,YPL122C,0,0.3708311,0.2891113758087158,0.46061813831329346,0.11363408714532852
YOR159C,YOR301W,0,0.3701479,0.28893059492111206,0.46061813831329346,0.11373411864042282
YDR207C,YGR239C,0,0.36993793,0.2887499928474426,0.46061813831329346,0.11383415013551712
YGL068W,YPL093W,0,0.36854872,0.2885696291923523,0.46061813831329346,0.11393418163061142
YIL083C,YJR034W,0,0.36820233,0.28838950395584106,0.46061813831329346,0.11403421312570572
YOR274W,YMR300C,0,0.36769593,0.28820961713790894,0.46061813831329346,0.11413423717021942
YBR172C,YDL225W,0,0.36721927,0.2880299389362335,0.46061813831329346,0.11423426866531372
YNL230C,YKL015W,0,0.36718234,0.2878504693508148,0.46061813831329346,0.11433430016040802
YLR025W,YJL178C,0,0.36677122,0.2876712381839752,0.46061813831329346,0.11443433165550232
YIL128W,YMR240C,0,0.36619335,0.28749221563339233,0.46061813831329346,0.11453436315059662
YIL061C,YMR308C,0,0.3658567,0.28731343150138855,0.46061813831329346,0.11463438719511032
YNL304W,YGL148W,0,0.3658024,0.2871348559856415,0.46061813831329346,0.11473441869020462
YER112W,YNL118C,1,0.36556673,0.28757762908935547,0.4616151452064514,0.11473441869020462
YER151C,YDR389W,0,0.3653733,0.28739914298057556,0.4616151452064514,0.11483445018529892
YNL147W,YLR363C,1,0.36499715,0.28784120082855225,0.4626121520996094,0.11483445018529892
YOR074C,YMR159C,0,0.36332542,0.2876627445220947,0.4626121520996094,0.11493448168039322
YPR190C,YDR389W,0,0.3631125,0.2874844968318939,0.4626121520996094,0.11503451317548752
YKL013C,YFR001W,0,0.36243418,0.2873064875602722,0.4626121520996094,0.11513453722000122
YLL003W,YOL093W,0,0.3618275,0.2871287167072296,0.4626121520996094,0.11523456871509552
YPL180W,YBR080C,0,0.36127722,0.2869511544704437,0.4626121520996094,0.11533460021018982
YNL110C,YGL241W,0,0.3598882,0.28677380084991455,0.4626121520996094,0.11543463170528412
YDR083W,YDR508C,0,0.35968494,0.2865966558456421,0.4626121520996094,0.11553466320037842
YNR015W,YDR081C,0,0.35856646,0.28641974925994873,0.4626121520996094,0.11563468724489212
YJL087C,YOR338W,0,0.35754678,0.2862430512905121,0.4626121520996094,0.11573471873998642
YGR056W,YER138C,0,0.35754105,0.28606659173965454,0.4626121520996094,0.11583475023508072
YLR440C,YGR271W,0,0.35689932,0.2858903408050537,0.4626121520996094,0.11593478173017502
YGL107C,YNR052C,1,0.35607225,0.28633004426956177,0.46360915899276733,0.11593478173017502
YHR069C,YDR262W,0,0.35576388,0.2861538529396057,0.46360915899276733,0.11603481322526932
YJL071W,YJR053W,0,0.35543874,0.28597787022590637,0.46360915899276733,0.11613483726978302
YJR078W,YGR276C,0,0.35535863,0.28580209612846375,0.46360915899276733,0.11623486876487732
YGR095C,YDR206W,1,0.35527742,0.2862407863140106,0.4646061956882477,0.11623486876487732
YJL208C,YDR378C,1,0.35492864,0.2866789400577545,0.46560320258140564,0.11623486876487732
YGL014W,YOR393W,0,0.35490513,0.2865030765533447,0.46560320258140564,0.11633490025997162
YFR021W,YGL212W,0,0.35440987,0.28632739186286926,0.46560320258140564,0.11643493175506592
YGR285C,YMR137C,0,0.3543904,0.2861519753932953,0.46560320258140564,0.11653496325016022
YDR167W,YHR051W,0,0.3542543,0.28597673773765564,0.46560320258140564,0.11663498729467392
YGR113W,YNL282W,0,0.35290363,0.2858017086982727,0.46560320258140564,0.11673501878976822
YGR179C,YDR138W,0,0.35211372,0.28562691807746887,0.46560320258140564,0.11683505028486252
YOR359W,YER146W,1,0.35198414,0.2860635817050934,0.4666002094745636,0.11683505028486252
YDL047W,YNR015W,0,0.3504832,0.28588882088661194,0.4666002094745636,0.11693508177995682
YLL027W,YNL290W,0,0.3502798,0.2857142984867096,0.4666002094745636,0.11703511327505112
YDR144C,YOR279C,0,0.34953362,0.2855399549007416,0.4666002094745636,0.11713513731956482
YPL064C,YIL094C,0,0.34866172,0.28536584973335266,0.4666002094745636,0.11723516881465912
YDR280W,YJL124C,1,0.34860826,0.28580135107040405,0.46759721636772156,0.11723516881465912
YDR211W,YIL159W,0,0.3481331,0.2856272757053375,0.46759721636772156,0.11733520030975342
YER165W,YOR038C,0,0.3476674,0.2854534387588501,0.46759721636772156,0.11743523180484772
YMR203W,YHR059W,0,0.34709316,0.2852798104286194,0.46759721636772156,0.11753526329994202
YOR054C,YJL155C,0,0.34677684,0.2851063907146454,0.46759721636772156,0.11763528734445572
YCL036W,YOL040C,0,0.34633327,0.2849331796169281,0.46759721636772156,0.11773531883955002
YOL070C,YMR032W,0,0.3461664,0.28476017713546753,0.46759721636772156,0.11783535033464432
YBR150C,YIL079C,0,0.34419477,0.28458738327026367,0.46759721636772156,0.11793538182973862
YNL102W,YDR245W,0,0.34416652,0.28441479802131653,0.46759721636772156,0.11803541332483292
YLR219W,YJL124C,0,0.34397668,0.2842424213886261,0.46759721636772156,0.11813543736934662
YEL036C,YOR038C,0,0.34324822,0.2840702533721924,0.46759721636772156,0.11823546886444092
YOR359W,YPL029W,1,0.34274855,0.28450363874435425,0.4685942232608795,0.11823546886444092
YGR144W,YNR044W,0,0.34239072,0.2843315303325653,0.4685942232608795,0.11833550035953522
YER055C,YNL095C,0,0.33981448,0.2841596007347107,0.4685942232608795,0.11843553185462952
YGL209W,YLL002W,0,0.33923015,0.2839879095554352,0.4685942232608795,0.11853556334972382
YIL079C,YPL188W,0,0.33921337,0.2838164269924164,0.4685942232608795,0.11863558739423752
YOR123C,YPL093W,0,0.33901113,0.2836451530456543,0.4685942232608795,0.11873561888933182
YNL232W,YJR006W,1,0.33885366,0.2840771973133087,0.4695912301540375,0.11873561888933182
YOR147W,YDR416W,0,0.33850634,0.283905953168869,0.4695912301540375,0.11883565038442612
YKR055W,YDR364C,0,0.33823952,0.2837349474430084,0.4695912301540375,0.11893568187952042
YHR214C-B,YDR337W,0,0.33667874,0.28356412053108215,0.4695912301540375,0.11903571337461472
YDL170W,YML109W,0,0.3365553,0.2833935022354126,0.4695912301540375,0.11913573741912842
YDL133C-A,YLR325C,0,0.33609653,0.28322309255599976,0.4695912301540375,0.11923576891422272
YMR227C,YKL064W,0,0.3349487,0.28305289149284363,0.4695912301540375,0.11933580040931702
YPL213W,YER002W,0,0.3346572,0.2828828692436218,0.4695912301540375,0.11943583190441132
YOL129W,YBL068W,0,0.33442676,0.2827130854129791,0.4695912301540375,0.11953586339950562
YJL114W,YOL141W,0,0.33411705,0.28254348039627075,0.4695912301540375,0.11963588744401932
YGR145W,YBR222C,0,0.3338402,0.2823741137981415,0.4695912301540375,0.11973591893911362
YGR179C,YDR404C,0,0.3337829,0.28220492601394653,0.4695912301540375,0.11983595043420792
YKL186C,YNR015W,0,0.33342317,0.2820359170436859,0.4695912301540375,0.11993598192930222
YKR019C,YMR246W,0,0.3331207,0.2818671464920044,0.4695912301540375,0.12003601342439651
YGL019W,YDL225W,0,0.3329454,0.2816985547542572,0.4695912301540375,0.12013603746891022
YJL112W,YOL102C,0,0.33268037,0.2815301716327667,0.4695912301540375,0.12023606896400452
YBR261C,YKR101W,0,0.33254427,0.28136199712753296,0.4695912301540375,0.12033610045909882
YOL123W,YOL142W,1,0.3325266,0.2817910313606262,0.47058823704719543,0.12033610045909882
YAL021C,YOR001W,1,0.33237162,0.2822195589542389,0.4715852439403534,0.12033610045909882
YDL171C,YOR204W,0,0.33233237,0.28205129504203796,0.4715852439403534,0.12043613195419312
YPL083C,YDR364C,0,0.3320099,0.281883180141449,0.4715852439403534,0.12053616344928741
YOR076C,YMR080C,1,0.33149344,0.2823109030723572,0.47258225083351135,0.12053616344928741
YER008C,YOL124C,0,0.33115014,0.28214284777641296,0.47258225083351135,0.12063618749380112
YNL117W,YDR059C,0,0.3309392,0.28197500109672546,0.47258225083351135,0.12073621898889542
YMR315W,YMR090W,0,0.33077675,0.2818073630332947,0.47258225083351135,0.12083625048398972
YDR499W,YBR282W,0,0.3302071,0.2816399335861206,0.47258225083351135,0.12093628197908401
YGR072W,YNL147W,1,0.329987,0.2820664942264557,0.4735792577266693,0.12093628197908401
YDL246C,YDR473C,0,0.3296854,0.2818991243839264,0.4735792577266693,0.12103631347417831
YNL153C,YBR095C,0,0.32942107,0.28173190355300903,0.4735792577266693,0.12113633751869202
YDR254W,YIL142W,0,0.32917905,0.2815649211406708,0.4735792577266693,0.12123636901378632
YMR077C,YLR047C,0,0.32909825,0.28139811754226685,0.4735792577266693,0.12133640050888062
YLR270W,YOL149W,1,0.32864213,0.2818235754966736,0.47457626461982727,0.12133640050888062
YBR129C,YNR015W,0,0.3273688,0.28165680170059204,0.47457626461982727,0.12143643200397491
YKL166C,YOR311C,0,0.32729256,0.2814902365207672,0.47457626461982727,0.12153646349906921
YBL034C,YGR276C,0,0.32597113,0.2813238799571991,0.47457626461982727,0.12163648754358292
YEL037C,YER145C,0,0.3257693,0.2811577022075653,0.47457626461982727,0.12173651903867722
YEL029C,YIL048W,0,0.32552272,0.28099173307418823,0.47457626461982727,0.12183655053377151
YBR010W,YGR027C,0,0.32549578,0.28082597255706787,0.47457626461982727,0.12193658202886581
YMR218C,YLR383W,0,0.3241098,0.28066039085388184,0.47457626461982727,0.12203661352396011
YNL232W,YMR080C,1,0.32380614,0.281084269285202,0.47557327151298523,0.12203661352396011
YJR036C,YGR239C,0,0.3229239,0.2809187173843384,0.47557327151298523,0.12213663756847382
YPL131W,YDR449C,0,0.3228702,0.28075337409973145,0.47557327151298523,0.12223666906356812
YDR090C,YOL112W,0,0.3227415,0.2805882394313812,0.47557327151298523,0.12233670055866241
YDR310C,YLR344W,0,0.3220874,0.28042328357696533,0.47557327151298523,0.12243673205375671
YCR077C,YDL111C,1,0.32195142,0.2808460593223572,0.4765702784061432,0.12243673205375671
YBL005W-B,YMR075W,0,0.32189715,0.28068116307258606,0.4765702784061432,0.12253676354885101
YLR080W,YBR276C,0,0.32050565,0.28051644563674927,0.4765702784061432,0.12263678759336472
YMR160W,YDR416W,0,0.32031843,0.2803519070148468,0.4765702784061432,0.12273681908845901
YGL107C,YLL013C,1,0.3202096,0.28077372908592224,0.47756728529930115,0.12273681908845901
YIL002C,YEL040W,0,0.31930333,0.28060925006866455,0.47756728529930115,0.12283685058355331
YDR067C,YPL244C,0,0.3187114,0.2804449796676636,0.47756728529930115,0.12293688207864761
YGR229C,YDR229W,0,0.31871113,0.28028085827827454,0.47756728529930115,0.12303691357374191
YGL203C,YPL244C,0,0.3184163,0.2801169455051422,0.47756728529930115,0.12313693761825562
YKL119C,YKR044W,0,0.3172143,0.2799532413482666,0.47756728529930115,0.12323696911334991
YER049W,YMR194W,0,0.31565246,0.2797897160053253,0.47756728529930115,0.12333700060844421
YPR189W,YOL149W,1,0.31556457,0.2802101671695709,0.4785642921924591,0.12333700060844421
YOR001W,YJR091C,1,0.3133038,0.28063011169433594,0.47956132888793945,0.12333700060844421
YIL079C,YGR155W,0,0.31272286,0.2804664671421051,0.47956132888793945,0.12343703210353851
YDR062W,YLR088W,0,0.31234714,0.280303031206131,0.47956132888793945,0.12353706359863281
YKL009W,YOL054W,0,0.31203806,0.2801397740840912,0.47956132888793945,0.12363708764314651
YGR271W,YOR327C,0,0.3117368,0.2799767255783081,0.47956132888793945,0.12373711913824081
YHR077C,YBL026W,1,0.31167555,0.2803955674171448,0.4805583357810974,0.12373711913824081
YJL141C,YGR095C,0,0.3113012,0.2802325487136841,0.4805583357810974,0.12383715063333511
YDL160C,YER112W,1,0.31104732,0.280650794506073,0.48155534267425537,0.12383715063333511
YLR208W,YOR377W,0,0.3098058,0.2804878056049347,0.48155534267425537,0.12393718212842941
YGR056W,YDR140W,0,0.30964094,0.2803250253200531,0.48155534267425537,0.12403721362352371
YPR072W,YOL142W,1,0.30963063,0.28074246644973755,0.48255234956741333,0.12403721362352371
YMR234W,YDR378C,1,0.30891928,0.2811594307422638,0.4835493564605713,0.12403721362352371
YKR054C,YDR146C,0,0.30863982,0.28099653124809265,0.4835493564605713,0.12413723766803741
YOR292C,YEL056W,0,0.3086204,0.28083381056785583,0.4835493564605713,0.12423726916313171
YOR145C,YER055C,0,0.30795205,0.28067129850387573,0.4835493564605713,0.12433730065822601
YBR257W,YLR088W,0,0.30742657,0.28050896525382996,0.4835493564605713,0.12443733215332031
YLL003W,YKL175W,0,0.30725998,0.2803468108177185,0.4835493564605713,0.12453736364841461
YOR145C,YMR240C,0,0.30639827,0.28018486499786377,0.4835493564605713,0.12463738769292831
YBR118W,YDL111C,0,0.30619073,0.28002309799194336,0.4835493564605713,0.12473741918802261
YDL165W,YMR098C,1,0.30616224,0.28043854236602783,0.48454636335372925,0.12473741918802261
YJR006W,YHR077C,1,0.3059098,0.2808535099029541,0.4855433702468872,0.12473741918802261
YBR115C,YKR044W,0,0.30549625,0.28069165349006653,0.4855433702468872,0.12483745068311691
YGL213C,YOL149W,1,0.30546907,0.28110599517822266,0.48654037714004517,0.12483745068311691
YNL070W,YBR031W,0,0.30446786,0.28094416856765747,0.48654037714004517,0.12493748217821121
YNL121C,YHR079C,0,0.3041538,0.2807825207710266,0.48654037714004517,0.12503750622272491
YBR271W,YMR193W,0,0.30284718,0.2806210517883301,0.48654037714004517,0.1251375377178192
YMR300C,YJR130C,0,0.3020928,0.28045976161956787,0.48654037714004517,0.1252375692129135
YKL090W,YMR025W,0,0.30074984,0.2802986800670624,0.48654037714004517,0.1253376007080078
YLR404W,YPL096W,0,0.3005462,0.2801377773284912,0.48654037714004517,0.1254376322031021
YDL036C,YBR261C,0,0.29973984,0.27997705340385437,0.48654037714004517,0.1255376636981964
YER017C,YML080W,0,0.29897338,0.27981650829315186,0.48654037714004517,0.1256376951932907
YDR281C,YDL083C,0,0.2985196,0.27965617179870605,0.48654037714004517,0.125737726688385
YGR081C,YFR045W,0,0.2972909,0.2794959843158722,0.48654037714004517,0.1258377581834793
YLR191W,YLL004W,0,0.29700446,0.27933600544929504,0.48654037714004517,0.12593777477741241
YLL041C,YOR145C,0,0.29691863,0.2791762053966522,0.48654037714004517,0.1260378062725067
YKR008W,YKL174C,0,0.29643235,0.2790165841579437,0.48654037714004517,0.126137837767601
YOR025W,YJL117W,0,0.2959072,0.27885714173316956,0.48654037714004517,0.1262378692626953
YCL036W,YGL019W,0,0.29554224,0.2786978781223297,0.48654037714004517,0.1263379007577896
YCL032W,YOR294W,0,0.29476172,0.2785388231277466,0.48654037714004517,0.1264379322528839
YDR389W,YPL011C,0,0.29258817,0.2783799171447754,0.48654037714004517,0.1265379637479782
YDR167W,YMR065W,0,0.29257476,0.2782212197780609,0.48654037714004517,0.1266379952430725
YJR022W,YLR363C,1,0.29223913,0.2786324918270111,0.4875373840332031,0.1266379952430725
YGR199W,YNL110C,0,0.29169914,0.27847379446029663,0.4875373840332031,0.1267380267381668
YGR020C,YIR032C,0,0.29144213,0.27831530570983887,0.4875373840332031,0.1268380582332611
YBR195C,YEL030W,0,0.29137778,0.27815699577331543,0.4875373840332031,0.1269380748271942
YDR030C,YBR260C,0,0.29067343,0.2779988646507263,0.4875373840332031,0.1270381063222885
YKL078W,YLL027W,0,0.2903883,0.27784091234207153,0.4875373840332031,0.1271381378173828
YHR061C,YMR240C,0,0.28993717,0.2776831388473511,0.4875373840332031,0.1272381693124771
YGR113W,YLL027W,0,0.28976852,0.27752554416656494,0.4875373840332031,0.1273382008075714
YOL052C,YJL053W,0,0.28911787,0.27736812829971313,0.4875373840332031,0.1274382323026657
YDR369C,YGR239C,0,0.28896832,0.27721089124679565,0.4875373840332031,0.12753826379776
YGR239C,YML109W,0,0.28873616,0.2770538330078125,0.4875373840332031,0.1276382952928543
YKL172W,YAL029C,0,0.28839067,0.27689695358276367,0.4875373840332031,0.1277383267879486
YNL314W,YMR089C,0,0.28822792,0.2767402231693268,0.4875373840332031,0.1278383582830429
YGL180W,YGR072W,0,0.28759357,0.2765837013721466,0.4875373840332031,0.127938374876976
YOR301W,YPL213W,0,0.28737766,0.27642735838890076,0.4875373840332031,0.1280384063720703
YML052W,YPL065W,0,0.2871186,0.27627119421958923,0.4875373840332031,0.1281384378671646
YKL161C,YDR140W,0,0.28694743,0.27611517906188965,0.4875373840332031,0.1282384693622589
YDR449C,YNL192W,0,0.28679997,0.2759593725204468,0.4875373840332031,0.1283385008573532
YKL082C,YDR229W,0,0.28568858,0.27580371499061584,0.4875373840332031,0.1284385323524475
YJR053W,YNL239W,0,0.28562164,0.2756482660770416,0.4875373840332031,0.1285385638475418
YML071C,YKR068C,0,0.28492743,0.27549296617507935,0.4875373840332031,0.1286385953426361
YHR164C,YJL124C,0,0.2849243,0.2753378450870514,0.4875373840332031,0.1287386268377304
YDR378C,YNR052C,1,0.28361225,0.2757456302642822,0.4885343909263611,0.1287386268377304
YKL090W,YMR065W,0,0.28353393,0.27559053897857666,0.4885343909263611,0.1288386583328247
YDL160C,YJL208C,1,0.28288913,0.27599775791168213,0.48953139781951904,0.1288386583328247
YDR429C,YJL128C,0,0.28260958,0.27584269642829895,0.48953139781951904,0.1289386749267578
YGL178W,YJL050W,1,0.2823295,0.2762492895126343,0.490528404712677,0.1289386749267578
YJL134W,YMR213W,0,0.28208348,0.2760942876338959,0.490528404712677,0.1290387064218521
YMR241W,YOR393W,0,0.2807426,0.2759394347667694,0.490528404712677,0.1291387379169464
YOR304W,YGR169C,0,0.28067327,0.27578476071357727,0.490528404712677,0.1292387694120407
YOR292C,YOR377W,0,0.2799502,0.27563026547431946,0.490528404712677,0.129338800907135
YEL015W,YKL009W,1,0.27949387,0.2760358452796936,0.49152541160583496,0.129338800907135
YGR036C,YDR373W,0,0.27940944,0.2758813798427582,0.49152541160583496,0.1294388324022293
YGR251W,YJR036C,0,0.27892265,0.2757270634174347,0.49152541160583496,0.1295388638973236
YLR305C,YNR013C,0,0.27847695,0.2755729556083679,0.49152541160583496,0.1296388953924179
YNL236W,YJL200C,0,0.27793467,0.2754189968109131,0.49152541160583496,0.1297389268875122
YOL010W,YOR349W,0,0.27786916,0.2752652168273926,0.49152541160583496,0.1298389583826065
YJL155C,YGL051W,0,0.27773678,0.2751116156578064,0.49152541160583496,0.1299389749765396
YNL281W,YDL047W,0,0.27723095,0.27495816349983215,0.49152541160583496,0.1300390064716339
YPR111W,YJL029C,0,0.27636537,0.2748049199581146,0.49152541160583496,0.1301390379667282
YJL209W,YGL213C,1,0.27632368,0.2752089202404022,0.4925224184989929,0.1301390379667282
YMR123W,YLL017W,0,0.27588034,0.2750556766986847,0.4925224184989929,0.1302390694618225
YDR076W,YPL259C,0,0.27457136,0.2749026119709015,0.4925224184989929,0.1303391009569168
YIL061C,YLR005W,0,0.27399212,0.2747497260570526,0.4925224184989929,0.1304391324520111
YAL022C,YKL015W,0,0.27389023,0.2745969891548157,0.4925224184989929,0.1305391639471054
YGL019W,YLR316C,0,0.27374873,0.27444443106651306,0.4925224184989929,0.1306391954421997
YDR245W,YDR159W,0,0.27366155,0.2742920517921448,0.4925224184989929,0.130739226937294
YJL085W,YHR058C,0,0.27365524,0.2741398513317108,0.4925224184989929,0.1308392584323883
YLR329W,YDR207C,0,0.27286586,0.2739877998828888,0.4925224184989929,0.1309392750263214
YOL028C,YKL189W,0,0.2728037,0.2738359272480011,0.4925224184989929,0.1310393065214157
YBR002C,YEL062W,0,0.27276015,0.27368420362472534,0.4925224184989929,0.13113933801651
YNR021W,YNL052W,0,0.2720533,0.2735326588153839,0.4925224184989929,0.1312393695116043
YGR134W,YDL225W,0,0.27180767,0.2733812928199768,0.4925224184989929,0.1313394010066986
YDL036C,YMR321C,0,0.27176815,0.27323007583618164,0.4925224184989929,0.1314394325017929
YJL050W,YCR093W,1,0.2706259,0.27363184094429016,0.49351945519447327,0.1314394325017929
YLR009W,YMR065W,0,0.27035314,0.2734806537628174,0.49351945519447327,0.1315394639968872
YGL014W,YDL165W,1,0.26982465,0.27388182282447815,0.4945164620876312,0.1315394639968872
YJR091C,YJL050W,1,0.26904073,0.2742825746536255,0.4955134689807892,0.1315394639968872
YFR013W,YMR273C,0,0.26872545,0.27413126826286316,0.4955134689807892,0.1316394954919815
YDR494W,YGR095C,0,0.26850903,0.27398014068603516,0.4955134689807892,0.1317395269870758
YMR200W,YGL113W,0,0.2683839,0.2738291919231415,0.4955134689807892,0.1318395584821701
YER022W,YDR164C,0,0.2675197,0.27367842197418213,0.4955134689807892,0.1319395750761032
YOL124C,YFL048C,0,0.266966,0.2735278010368347,0.4955134689807892,0.1320396065711975
YLR228C,YJL176C,0,0.26694003,0.27337732911109924,0.4955134689807892,0.1321396380662918
YJR147W,YML052W,0,0.26683688,0.2732270359992981,0.4955134689807892,0.1322396695613861
YDR414C,YOL107W,0,0.26572216,0.2730769217014313,0.4955134689807892,0.1323397010564804
YGL107C,YER049W,1,0.2655698,0.27347612380981445,0.49651047587394714,0.1323397010564804
YMR321C,YMR075W,0,0.26459524,0.27332600951194763,0.49651047587394714,0.1324397325515747
YML006C,YHR156C,0,0.26456356,0.27317607402801514,0.49651047587394714,0.132539764046669
YML099C,YJR083C,0,0.2645064,0.27302631735801697,0.49651047587394714,0.1326397955417633
YMR194W,YDR195W,0,0.26382184,0.27287670969963074,0.49651047587394714,0.1327398270368576
YNR024W,YER068W,1,0.26362702,0.2732749283313751,0.4975074827671051,0.1327398270368576
YLL003W,YGR145W,0,0.26236942,0.2731253504753113,0.4975074827671051,0.1328398585319519
YKL090W,YDL170W,0,0.26074916,0.2729759216308594,0.4975074827671051,0.132939875125885
YGL203C,YKL206C,0,0.26062575,0.2728266716003418,0.4975074827671051,0.1330399066209793
YDR473C,YJR032W,0,0.2604462,0.27267760038375854,0.4975074827671051,0.1331399381160736
YOL124C,YFL017W-A,0,0.25923532,0.27252867817878723,0.4975074827671051,0.1332399696111679
YAL054C,YLR316C,0,0.2577805,0.27237990498542786,0.4975074827671051,0.1333400011062622
YNL072W,YOL123W,1,0.25760925,0.27277687191963196,0.49850448966026306,0.1333400011062622
YCL036W,YDR245W,0,0.2573362,0.27262812852859497,0.49850448966026306,0.1334400326013565
YOR359W,YNL016W,1,0.25693065,0.2730245292186737,0.499501496553421,0.1334400326013565
YFL033C,YGL163C,0,0.25596833,0.2728758156299591,0.499501496553421,0.1335400640964508
YDR383C,YLR009W,0,0.25589803,0.27272728085517883,0.499501496553421,0.1336400955915451
YLR438C-A,YGR158C,1,0.2556647,0.27312296628952026,0.5004985332489014,0.1336400955915451
YLR363C,YJL140W,1,0.25539622,0.2735182046890259,0.5014955401420593,0.1336400955915451
YPL167C,YML039W,0,0.25481048,0.27336955070495605,0.5014955401420593,0.1337401270866394
YOR274W,YLR197W,0,0.2544663,0.27322107553482056,0.5014955401420593,0.1338401585817337
YNL153C,YIL134W,0,0.25413382,0.273072749376297,0.5014955401420593,0.1339401751756668
YGL178W,YDL175C,1,0.25404757,0.27346718311309814,0.5024925470352173,0.1339401751756668
YNL050C,YJL206C,0,0.25383702,0.273318886756897,0.5024925470352173,0.1340402066707611
YLR028C,YGR143W,0,0.2538035,0.27317073941230774,0.5024925470352173,0.1341402381658554
YDL036C,YBR061C,0,0.25376776,0.27302274107933044,0.5024925470352173,0.1342402696609497
YGL107C,YDR172W,1,0.25286353,0.27341634035110474,0.5034895539283752,0.1342402696609497
YMR098C,YGL122C,1,0.25245833,0.2738095223903656,0.5044865608215332,0.1342402696609497
YKL182W,YDL225W,0,0.25239453,0.27366143465042114,0.5044865608215332,0.134340301156044
YDR254W,YNL107W,0,0.2507782,0.273513525724411,0.5044865608215332,0.1344403326511383
YNR021W,YOL136C,0,0.25040856,0.27336573600769043,0.5044865608215332,0.1345403641462326
YKL113C,YPL029W,1,0.2497158,0.2737581133842468,0.5054835677146912,0.1345403641462326
YDR262W,YPL208W,0,0.24938107,0.27361035346984863,0.5054835677146912,0.1346403956413269
YGR264C,YGL180W,0,0.24937326,0.27346277236938477,0.5054835677146912,0.1347404271364212
YKL061W,YMR239C,0,0.24877441,0.2733153700828552,0.5054835677146912,0.1348404586315155
YMR234W,YAL021C,1,0.24872947,0.2737068831920624,0.5064805746078491,0.1348404586315155
YJL024C,YAL040C,0,0.24808672,0.2735595107078552,0.5064805746078491,0.1349404752254486
YDL036C,YDR373W,0,0.24792096,0.2734122574329376,0.5064805746078491,0.1350405067205429
YPL276W,YFR019W,0,0.24726999,0.27326518297195435,0.5064805746078491,0.1351405382156372
YCL036W,YPR194C,0,0.24590063,0.2731182873249054,0.5064805746078491,0.1352405697107315
YML006C,YPL244C,0,0.24524945,0.272971510887146,0.5064805746078491,0.1353406012058258
YNL001W,YCR093W,1,0.24422663,0.2733619809150696,0.5074775815010071,0.1353406012058258
YOR355W,YDL077C,0,0.2433615,0.27321523427963257,0.5074775815010071,0.1354406327009201
YHR085W,YHR135C,0,0.24048007,0.2730686664581299,0.5074775815010071,0.1355406641960144
YPR135W,YJL206C,0,0.24000621,0.27292224764823914,0.5074775815010071,0.1356406956911087
YGL178W,YGR158C,1,0.23978442,0.27331188321113586,0.508474588394165,0.1356406956911087
YDR414C,YLR182W,0,0.23949394,0.2731654942035675,0.508474588394165,0.135740727186203
YNL251C,YER146W,1,0.23949221,0.27355459332466125,0.509471595287323,0.135740727186203
YJL053W,YOR098C,0,0.23887289,0.2734082341194153,0.509471595287323,0.1358407586812973
YGL169W,YGR134W,0,0.23854834,0.27326202392578125,0.509471595287323,0.1359407752752304
YHR211W,YCL024W,0,0.23755437,0.27311599254608154,0.509471595287323,0.1360408067703247
YDL208W,YNL175C,0,0.23749107,0.2729700803756714,0.509471595287323,0.136140838265419
YLR314C,YPR187W,0,0.23706058,0.27282434701919556,0.509471595287323,0.1362408697605133
YOR206W,YJL130C,0,0.2369777,0.27267876267433167,0.509471595287323,0.1363409012556076
YJL208C,YER146W,1,0.23664457,0.2730666697025299,0.510468602180481,0.1363409012556076
YGR179C,YJL128C,0,0.2363117,0.2729211151599884,0.510468602180481,0.1364409327507019
YOR317W,YFR052W,0,0.23580456,0.27277570962905884,0.510468602180481,0.1365409642457962
YPR189W,YJL208C,1,0.23558801,0.27316293120384216,0.5114656090736389,0.1365409642457962
YJL200C,YHR077C,0,0.23504102,0.273017555475235,0.5114656090736389,0.1366409957408905
YEL015W,YOL149W,1,0.23498586,0.27340424060821533,0.5124626159667969,0.1366409957408905
YIL128W,YDR285W,0,0.2349785,0.27325889468193054,0.5124626159667969,0.1367410272359848
YBR260C,YHR058C,0,0.2348685,0.2731136977672577,0.5124626159667969,0.1368410587310791
YDR131C,YPL208W,0,0.23376071,0.27296867966651917,0.5124626159667969,0.1369410753250122
YCR027C,YGR158C,1,0.23327473,0.27335456013679504,0.5134596228599548,0.1369410753250122
YER098W,YNL084C,0,0.23280501,0.2732095420360565,0.5134596228599548,0.1370411068201065
YDL028C,YLL008W,0,0.23174995,0.27306467294692993,0.5134596228599548,0.1371411383152008
YMR112C,YNL110C,0,0.23126641,0.27291998267173767,0.5134596228599548,0.1372411698102951
YLR228C,YKL189W,0,0.23094863,0.27277541160583496,0.5134596228599548,0.1373412013053894
YOR287C,YDR170C,0,0.2307666,0.2726310193538666,0.5134596228599548,0.1374412328004837
YNL072W,YGR072W,1,0.23005465,0.2730158865451813,0.5144566297531128,0.1374412328004837
YIL134W,YGR179C,0,0.22998455,0.2728714942932129,0.5144566297531128,0.137541264295578
YDL035C,YJR140C,0,0.22918713,0.27272728085517883,0.5144566297531128,0.1376412957906723
YDR172W,YJR043C,1,0.2290718,0.2731114625930786,0.5154536366462708,0.1376412957906723
YMR093W,YIL035C,0,0.2290526,0.27296727895736694,0.5154536366462708,0.1377413272857666
YJL140W,YGL174W,0,0.22861537,0.2728232145309448,0.5154536366462708,0.1378413587808609
YNL085W,YOL010W,0,0.22829524,0.27267932891845703,0.5154536366462708,0.137941375374794
YDR254W,YPR119W,0,0.22755337,0.2725355923175812,0.5154536366462708,0.1380414068698883
YPR072W,YLR009W,0,0.22748291,0.27239200472831726,0.5154536366462708,0.1381414383649826
YJL225C,YOR279C,0,0.22703916,0.2722485661506653,0.5154536366462708,0.1382414698600769
YIL061C,YCL014W,0,0.22663361,0.27210527658462524,0.5154536366462708,0.1383415013551712
YDR410C,YGR271W,0,0.22601444,0.27196213603019714,0.5154536366462708,0.1384415328502655
YDR263C,YPL007C,0,0.2257387,0.271819144487381,0.5154536366462708,0.1385415643453598
YPL200W,YMR301C,0,0.2241193,0.27167630195617676,0.5154536366462708,0.1386415958404541
YNL032W,YBR276C,0,0.22349417,0.2715336084365845,0.5154536366462708,0.1387416273355484
YJR031C,YDR508C,0,0.22323644,0.2713910639286041,0.5154536366462708,0.1388416588306427
YPR190C,YPL273W,0,0.2231304,0.2712486982345581,0.5154536366462708,0.1389416754245758
YOR298W,YJR053W,0,0.22307342,0.27110645174980164,0.5154536366462708,0.1390417069196701
YGR229C,YER190W,0,0.22298372,0.2709643542766571,0.5154536366462708,0.1391417384147644
YOR145C,YKL210W,0,0.22238696,0.2708224058151245,0.5154536366462708,0.1392417699098587
YDR030C,YDR451C,0,0.22151378,0.27068063616752625,0.5154536366462708,0.139341801404953
YOR168W,YOR239W,0,0.22102892,0.27053898572921753,0.5154536366462708,0.1394418329000473
YMR227C,YJR130C,0,0.21946478,0.27039748430252075,0.5154536366462708,0.1395418643951416
YNL072W,YMR125W,1,0.21928027,0.2707788944244385,0.5164506435394287,0.1395418643951416
YDR499W,YGL051W,0,0.2187388,0.2706374228000641,0.5164506435394287,0.1396418958902359
YJL112W,YJL149W,0,0.21770638,0.27049607038497925,0.5164506435394287,0.1397419273853302
YDR167W,YJR021C,0,0.21745044,0.27035489678382874,0.5164506435394287,0.1398419588804245
YFR013W,YBR020W,0,0.21686018,0.27021387219429016,0.5164506435394287,0.1399419754743576
YLR182W,YIL047C,0,0.21659237,0.2700729966163635,0.5164506435394287,0.1400420069694519
YDR151C,YNL112W,1,0.2155172,0.2704533636569977,0.5174476504325867,0.1400420069694519
YPL083C,YJL124C,0,0.21501684,0.27031248807907104,0.5174476504325867,0.1401420384645462
YJR028W,YMR229C,0,0.21426287,0.27017179131507874,0.5174476504325867,0.1402420699596405
YFL001W,YJL176C,0,0.21299261,0.270031213760376,0.5174476504325867,0.1403421014547348
YGL203C,YBL079W,0,0.21223086,0.26989078521728516,0.5174476504325867,0.1404421329498291
YGL107C,YDL175C,1,0.2120502,0.2702702581882477,0.5184446573257446,0.1404421329498291
YKL175W,YIR032C,0,0.21173298,0.27012985944747925,0.5184446573257446,0.1405421644449234
YMR078C,YLR329W,0,0.21122804,0.26998960971832275,0.5184446573257446,0.1406421959400177
YDR371W,YLR401C,0,0.21005398,0.2698495090007782,0.5184446573257446,0.140742227435112
YER151C,YPL065W,0,0.21000513,0.2697095572948456,0.5184446573257446,0.1408422589302063
YHL012W,YDR476C,0,0.20969471,0.2695697247982025,0.5184446573257446,0.1409422755241394
YLR438C-A,YNR052C,1,0.20893472,0.26994818449020386,0.5194416642189026,0.1409422755241394
YNL050C,YBR129C,0,0.2087507,0.2698083817958832,0.5194416642189026,0.1410423070192337
YER008C,YJR057W,0,0.20829087,0.26966872811317444,0.5194416642189026,0.141142338514328
YCL036W,YMR089C,0,0.20568696,0.26952922344207764,0.5194416642189026,0.1412423700094223
YPR162C,YLR088W,0,0.20502508,0.2693898677825928,0.5194416642189026,0.1413424015045166
YMR172W,YGR084C,0,0.20438337,0.26925063133239746,0.5194416642189026,0.1414424329996109
YER013W,YJR057W,0,0.20412862,0.2691115736961365,0.5194416642189026,0.1415424644947052
YNL288W,YLR363C,1,0.20337778,0.2694889008998871,0.5204386711120605,0.1415424644947052
YNL299W,YLR438C-A,1,0.2029565,0.26986584067344666,0.5214356780052185,0.1415424644947052
YLR359W,YJR026W,0,0.20217359,0.2697266638278961,0.5214356780052185,0.1416424959897995
YGR145W,YIL006W,0,0.20208639,0.2695876359939575,0.5214356780052185,0.1417425274848938
YOL145C,YDR444W,0,0.20192787,0.26944872736930847,0.5214356780052185,0.1418425589799881
YML036W,YOR327C,0,0.20148438,0.26930999755859375,0.5214356780052185,0.1419425755739212
YBR195C,YGL241W,0,0.2013331,0.2691713869571686,0.5214356780052185,0.1420426070690155
YJL011C,YPL150W,0,0.20129815,0.26903292536735535,0.5214356780052185,0.1421426385641098
YGL186C,YFR029W,0,0.20112532,0.26889461278915405,0.5214356780052185,0.1422426700592041
YJL030W,YLR440C,0,0.2005527,0.2687564194202423,0.5214356780052185,0.1423427015542984
YOL028C,YJL085W,0,0.20045674,0.2686183750629425,0.5214356780052185,0.1424427330493927
YLR305C,YLR386W,0,0.19887996,0.26848047971725464,0.5214356780052185,0.142542764544487
YPL083C,YDR260C,0,0.19826853,0.2683427333831787,0.5214356780052185,0.1426427960395813
YOL123W,YNL147W,1,0.19806176,0.2687179446220398,0.5224326848983765,0.1426427960395813
YDR030C,YBR271W,0,0.19805372,0.26858022809028625,0.5224326848983765,0.1427428275346756
YIL159W,YOL004W,0,0.19789615,0.26844263076782227,0.5224326848983765,0.1428428590297699
YCR035C,YCR093W,1,0.19602096,0.2688172161579132,0.5234296917915344,0.1428428590297699
YMR080C,YPR072W,1,0.19557914,0.2691914141178131,0.5244266986846924,0.1428428590297699
YKR019C,YKL174C,0,0.19542217,0.26905369758605957,0.5244266986846924,0.142942875623703
YDR144C,YKL015W,0,0.19528782,0.26891615986824036,0.5244266986846924,0.1430429071187973
YNR067C,YER165W,0,0.19495457,0.2687787413597107,0.5244266986846924,0.1431429386138916
YOR001W,YNL288W,1,0.1945216,0.2691521942615509,0.5254237055778503,0.1431429386138916
YOR298W,YLR386W,0,0.19413543,0.26901480555534363,0.5254237055778503,0.1432429701089859
YNL239W,YMR229C,0,0.1931617,0.2688775658607483,0.5254237055778503,0.1433430016040802
YOR323C,YBL011W,0,0.19290045,0.2687404453754425,0.5254237055778503,0.1434430330991745
YDR306C,YFR036W,0,0.19119379,0.26860347390174866,0.5254237055778503,0.1435430645942688
YPR167C,YHR060W,0,0.19096172,0.26846662163734436,0.5254237055778503,0.1436430960893631
YPL240C,YBL085W,0,0.1907028,0.2683299481868744,0.5254237055778503,0.1437431275844574
YMR287C,YJR006W,1,0.19037268,0.26870229840278625,0.5264207124710083,0.1437431275844574
YOR359W,YDR404C,1,0.18995035,0.2690742611885071,0.5274177193641663,0.1437431275844574
YBR155W,YLR016C,0,0.18929505,0.26893746852874756,0.5274177193641663,0.1438431590795517
YJL191W,YPR119W,0,0.18803862,0.2688008248806,0.5274177193641663,0.1439431756734848
YOL070C,YDL111C,0,0.18766734,0.26866430044174194,0.5274177193641663,0.1440432071685791
YJR057W,YLR219W,0,0.18765447,0.26852792501449585,0.5274177193641663,0.1441432386636734
YML097C,YML109W,0,0.1853059,0.2683916687965393,0.5274177193641663,0.1442432701587677
YKL078W,YGR238C,0,0.18515435,0.2682555913925171,0.5274177193641663,0.144343301653862
YGL209W,YGR084C,0,0.18453458,0.26811960339546204,0.5274177193641663,0.1444433331489563
YKL041W,YPL065W,0,0.18434614,0.2679837942123413,0.5274177193641663,0.1445433646440506
YFR029W,YCL014W,0,0.18337691,0.26784810423851013,0.5274177193641663,0.1446433961391449
YGR252W,YOR216C,0,0.18292117,0.2677125632762909,0.5274177193641663,0.1447434276342392
YOR388C,YKL007W,0,0.18240887,0.2675771415233612,0.5274177193641663,0.1448434591293335
YJL130C,YGL216W,0,0.18167573,0.26744186878204346,0.5274177193641663,0.1449434757232666
YOR301W,YNL238W,0,0.18137538,0.26730671525001526,0.5274177193641663,0.1450435072183609
YKL038W,YOR340C,0,0.18127474,0.267171710729599,0.5274177193641663,0.1451435387134552
YAL016W,YKL082C,0,0.18089172,0.2670368552207947,0.5274177193641663,0.1452435702085495
YMR227C,YLR390W,0,0.1804137,0.2669021189212799,0.5274177193641663,0.1453436017036438
YHR077C,YJL140W,1,0.18034732,0.26727181673049927,0.5284147262573242,0.1453436017036438
YJL087C,YDR403W,0,0.18024823,0.2671371102333069,0.5284147262573242,0.1454436331987381
YIL139C,YOR338W,0,0.18022898,0.26700252294540405,0.5284147262573242,0.1455436646938324
YOL004W,YBR141C,0,0.18000105,0.26686808466911316,0.5284147262573242,0.1456436961889267
YLR452C,YIL135C,0,0.17872134,0.2667337656021118,0.5284147262573242,0.145743727684021
YOR054C,YML080W,0,0.1779666,0.2665995955467224,0.5284147262573242,0.1458437591791153
YOL123W,YDR404C,1,0.17787471,0.26696833968162537,0.529411792755127,0.1458437591791153
YBR271W,YKL130C,0,0.17783532,0.26683416962623596,0.529411792755127,0.1459437757730484
YJR092W,YMR284W,0,0.17721093,0.2667001485824585,0.529411792755127,0.1460438072681427
YOR324C,YMR160W,0,0.17676201,0.26656627655029297,0.529411792755127,0.146143838763237
YPL042C,YPL112C,0,0.17645344,0.266432523727417,0.529411792755127,0.1462438702583313
YGR285C,YBL068W,0,0.17597172,0.26629889011383057,0.529411792755127,0.1463439017534256
YIL128W,YLR401C,0,0.17561278,0.2661654055118561,0.529411792755127,0.1464439332485199
YDR170C,YDR151C,0,0.17529997,0.26603206992149353,0.529411792755127,0.1465439647436142
YLR020C,YBR115C,0,0.17520285,0.26589885354042053,0.529411792755127,0.1466439962387085
YCR077C,YDL165W,1,0.1751923,0.26626625657081604,0.5304087996482849,0.1466439962387085
YLR103C,YJR028W,0,0.17440513,0.26613306999206543,0.5304087996482849,0.1467440277338028
YNL016W,YKL149C,1,0.17363879,0.26649999618530273,0.5314058065414429,0.1467440277338028
YBR195C,YNL314W,0,0.17320651,0.2663668096065521,0.5314058065414429,0.1468440592288971
YKL041W,YOR377W,0,0.17230946,0.26623377203941345,0.5314058065414429,0.1469440758228302
YLR285W,YLR224W,0,0.17126012,0.26610085368156433,0.5314058065414429,0.1470441073179245
YCR077C,YPR189W,1,0.17116395,0.26646706461906433,0.5324028134346008,0.1470441073179245
YOL070C,YGR089W,0,0.17104685,0.2663341760635376,0.5324028134346008,0.1471441388130188
YJR119C,YHR058C,0,0.17073768,0.2662014067173004,0.5324028134346008,0.1472441703081131
YMR077C,YJL006C,0,0.17035797,0.2660687565803528,0.5324028134346008,0.1473442018032074
YJR057W,YLR165C,0,0.17009038,0.2659362554550171,0.5324028134346008,0.1474442332983017
YER117W,YLR073C,0,0.16834557,0.26580387353897095,0.5324028134346008,0.147544264793396
YDR473C,YIL139C,0,0.16827479,0.26567164063453674,0.5324028134346008,0.1476442962884903
YDR211W,YJL053W,0,0.16709614,0.2655395269393921,0.5324028134346008,0.1477443277835846
YML112W,YNL107W,0,0.16600719,0.2654075622558594,0.5324028134346008,0.1478443592786789
YLR005W,YBL113C,0,0.1660029,0.2652757167816162,0.5324028134346008,0.147944375872612
YDR457W,YDL148C,0,0.16593367,0.2651439905166626,0.5324028134346008,0.1480444073677063
YDR172W,YFR001W,0,0.16461915,0.2650124132633209,0.5324028134346008,0.1481444388628006
YOR001W,YNL147W,1,0.16431999,0.2653769850730896,0.5333998203277588,0.1481444388628006
YML097C,YPL252C,0,0.16357732,0.2652454078197479,0.5333998203277588,0.1482444703578949
YLR203C,YDL107W,0,0.16354233,0.2651139795780182,0.5333998203277588,0.1483445018529892
YDR404C,YOL149W,1,0.16290095,0.2654779553413391,0.5343968272209167,0.1483445018529892
YOL038W,YKL203C,0,0.16268635,0.2653465270996094,0.5343968272209167,0.1484445333480835
YOR291W,YMR025W,0,0.16182229,0.2652152478694916,0.5343968272209167,0.1485445648431778
YMR077C,YPR190C,0,0.16142288,0.26508408784866333,0.5343968272209167,0.1486445963382721
YDR378C,YER068W,1,0.16129658,0.26544734835624695,0.5353938341140747,0.1486445963382721
YGR264C,YGL244W,0,0.16088477,0.2653162181377411,0.5353938341140747,0.1487446278333664
YJL192C,YDL170W,0,0.16084915,0.2651851773262024,0.5353938341140747,0.1488446593284607
YPL122C,YGL190C,0,0.16052863,0.26505428552627563,0.5353938341140747,0.148944690823555
YKR036C,YKL013C,0,0.16051644,0.2649235427379608,0.5353938341140747,0.1490447074174881
YLL003W,YNL281W,0,0.16012609,0.26479288935661316,0.5353938341140747,0.1491447389125824
YOR084W,YMR193W,0,0.1597836,0.26466238498687744,0.5353938341140747,0.1492447704076767
YGL097W,YIL038C,1,0.159484,0.2650246322154999,0.5363908410072327,0.1492447704076767
YNR004W,YOR123C,0,0.158963,0.26489412784576416,0.5363908410072327,0.149344801902771
YPR111W,YGL094C,0,0.15773058,0.2647637724876404,0.5363908410072327,0.1494448333978653
YNL032W,YBR129C,0,0.15636313,0.26463353633880615,0.5363908410072327,0.1495448648929596
YLR383W,YJL004C,0,0.15592092,0.26450344920158386,0.5363908410072327,0.1496448963880539
YLR219W,YBL026W,0,0.1558488,0.26437345147132874,0.5363908410072327,0.1497449278831482
YOL141W,YBR081C,0,0.15420249,0.26424360275268555,0.5363908410072327,0.1498449593782425
YMR146C,YLR305C,0,0.1535852,0.2641139030456543,0.5363908410072327,0.1499449908733368
YDR414C,YOL093W,0,0.15355858,0.2639842927455902,0.5363908410072327,0.1500450074672699
YDR205W,YGL113W,0,0.15275252,0.26385483145713806,0.5363908410072327,0.1501450389623642
YLR206W,YGL014W,0,0.15266138,0.26372548937797546,0.5363908410072327,0.1502450704574585
YDR383C,YMR213W,0,0.15226471,0.2635962665081024,0.5363908410072327,0.1503451019525528
YMR241W,YKL009W,0,0.15166044,0.2634671926498413,0.5363908410072327,0.1504451334476471
YKL041W,YHR041C,0,0.15058345,0.26333823800086975,0.5363908410072327,0.1505451649427414
YMR168C,YDR416W,0,0.15021986,0.26320940256118774,0.5363908410072327,0.1506451964378357
YNL273W,YKR026C,0,0.15008152,0.2630806863307953,0.5363908410072327,0.15074522793293
YDR512C,YOL108C,0,0.1497713,0.2629520893096924,0.5363908410072327,0.1508452594280243
YMR234W,YKL113C,1,0.1496383,0.2633121609687805,0.5373878479003906,0.1508452594280243
YNR017W,YDL083C,0,0.1490651,0.26318359375,0.5373878479003906,0.1509452909231186
YDL061C,YDL074C,0,0.1488123,0.26305514574050903,0.5373878479003906,0.1510453075170517
YGL122C,YER068W,1,0.14863968,0.2634146213531494,0.5383848547935486,0.1510453075170517
YDR419W,YIL159W,0,0.14862245,0.26328620314598083,0.5383848547935486,0.151145339012146
YKL103C,YBR230C,0,0.14844525,0.2631579041481018,0.5383848547935486,0.1512453705072403
YJR083C,YER190W,0,0.14791805,0.26302972435951233,0.5383848547935486,0.1513454020023346
YGR113W,YPL122C,0,0.14770502,0.2629016637802124,0.5383848547935486,0.1514454334974289
YGL225W,YGR034W,0,0.14762127,0.262773722410202,0.5383848547935486,0.1515454649925232
YBR247C,YLR329W,0,0.14761314,0.2626459002494812,0.5383848547935486,0.1516454964876175
YNR067C,YPL180W,0,0.146911,0.2625182271003723,0.5383848547935486,0.1517455279827118
YDL202W,YDL148C,0,0.1467889,0.262390673160553,0.5383848547935486,0.1518455594778061
YNL271C,YMR270C,0,0.14625728,0.2622632384300232,0.5383848547935486,0.1519455909729004
YGR258C,YKL064W,0,0.1459488,0.26213592290878296,0.5383848547935486,0.1520456075668335
YLR029C,YHR069C,0,0.14449605,0.2620087265968323,0.5383848547935486,0.1521456390619278
YOR243C,YLR264W,0,0.14417884,0.26188167929649353,0.5383848547935486,0.1522456705570221
YHR056C,YER154W,0,0.14367762,0.26175472140312195,0.5383848547935486,0.1523457020521164
YNL070W,YJR031C,0,0.1433605,0.2616279125213623,0.5383848547935486,0.1524457335472107
YOR243C,YDR140W,0,0.14296624,0.2615012228488922,0.5383848547935486,0.152545765042305
YOR076C,YJR043C,1,0.14268935,0.26185867190361023,0.5393818616867065,0.152545765042305
YER151C,YKR068C,0,0.14267072,0.26173198223114014,0.5393818616867065,0.1526457965373993
YNR018W,YIL159W,0,0.14217672,0.2616054117679596,0.5393818616867065,0.1527458280324936
YJL209W,YDR378C,1,0.14157826,0.26196229457855225,0.5403788685798645,0.1527458280324936
YLR389C,YEL029C,0,0.14150864,0.2618357539176941,0.5403788685798645,0.1528458595275879
YOL102C,YJL149W,0,0.14142743,0.2617093324661255,0.5403788685798645,0.1529458910226822
YNL271C,YOL141W,0,0.1406863,0.26158300042152405,0.5403788685798645,0.1530459076166153
YPL119C,YER115C,0,0.14044243,0.26145681738853455,0.5403788685798645,0.1531459391117096
YHL012W,YIL080W,0,0.13856083,0.2613307535648346,0.5403788685798645,0.1532459706068039
YJL187C,YKR020W,0,0.13808894,0.2612048089504242,0.5403788685798645,0.1533460021018982
YDL039C,YPR163C,0,0.13781449,0.26107898354530334,0.5403788685798645,0.1534460335969925
YOL040C,YKR026C,0,0.13745064,0.26095330715179443,0.5403788685798645,0.1535460650920868
YHR030C,YOR378W,0,0.13707116,0.2608277201652527,0.5403788685798645,0.1536460965871811
YCR093W,YDL215C,0,0.13650548,0.2607022523880005,0.5403788685798645,0.1537461280822754
YFL066C,YCR052W,0,0.13624838,0.26057693362236023,0.5403788685798645,0.1538461595773697
YJL114W,YLR187W,0,0.13595745,0.26045170426368713,0.5403788685798645,0.153946191072464
YGL170C,YCL052C,0,0.13550317,0.260326623916626,0.5403788685798645,0.1540462076663971
YBR278W,YDL215C,0,0.13438249,0.260201632976532,0.5403788685798645,0.1541462391614914
YDR492W,YLR404W,0,0.13388327,0.26007676124572754,0.5403788685798645,0.1542462706565857
YLR020C,YMR075W,0,0.13388014,0.25995203852653503,0.5403788685798645,0.15434630215168
YPR042C,YDR206W,1,0.13355526,0.26030680537223816,0.5413758754730225,0.15434630215168
YJL200C,YGL148W,0,0.13351297,0.26018208265304565,0.5413758754730225,0.1544463336467743
YIL132C,YDR470C,0,0.13323367,0.2600574791431427,0.5413758754730225,0.1545463651418686
YDR415C,YML036W,0,0.1327585,0.2599329948425293,0.5413758754730225,0.1546463966369629
YPL029W,YGL122C,1,0.13229966,0.2602870762348175,0.5423728823661804,0.1546463966369629
YKL208W,YLR363C,1,0.1314606,0.26064082980155945,0.5433698892593384,0.1546463966369629
YGL097W,YCR035C,1,0.13087705,0.2609942555427551,0.5443668961524963,0.1546463966369629
YFR018C,YIL079C,0,0.13039422,0.260869562625885,0.5443668961524963,0.1547464281320572
YOR279C,YOR311C,0,0.12910864,0.26074498891830444,0.5443668961524963,0.1548464596271515
YHR132C,YEL029C,0,0.12875879,0.2606205344200134,0.5443668961524963,0.1549464911222458
YDR280W,YNL147W,1,0.12784037,0.2609732747077942,0.5453639030456543,0.1549464911222458
YDR473C,YPL083C,0,0.1263808,0.2608488202095032,0.5453639030456543,0.1550465077161789
YHR041C,YGL071W,0,0.12622395,0.2607244849205017,0.5453639030456543,0.1551465392112732
YBR170C,YKL124W,0,0.12594545,0.2606002986431122,0.5453639030456543,0.1552465707063675
YJL225C,YGL050W,0,0.12542912,0.2604762017726898,0.5453639030456543,0.1553466022014618
YCR077C,YNL112W,1,0.1254245,0.2608281672000885,0.5463609099388123,0.1553466022014618
YER165W,YJR032W,0,0.12513268,0.2607041001319885,0.5463609099388123,0.1554466336965561
YIL134W,YDR172W,0,0.124669425,0.2605801224708557,0.5463609099388123,0.1555466651916504
YMR203W,YGR034W,0,0.12453688,0.26045626401901245,0.5463609099388123,0.1556466966867447
YGR271W,YER190W,0,0.12406715,0.26033255457878113,0.5463609099388123,0.155746728181839
YGR036C,YGL148W,0,0.12377935,0.26020893454551697,0.5463609099388123,0.1558467596769333
YPR162C,YOR194C,0,0.12362244,0.26008543372154236,0.5463609099388123,0.1559467911720276
YGR268C,YMR301C,0,0.12273074,0.2599620521068573,0.5463609099388123,0.1560468077659607
YMR227C,YER017C,0,0.122493304,0.2598387897014618,0.5463609099388123,0.156146839261055
YER013W,YLR141W,0,0.12242075,0.25971564650535583,0.5463609099388123,0.1562468707561493
YDR137W,YPL208W,0,0.12116023,0.25959262251853943,0.5463609099388123,0.1563469022512436
YDL246C,YER125W,0,0.1210899,0.2594696879386902,0.5463609099388123,0.1564469337463379
YDR280W,YLR136C,1,0.12089408,0.2598201632499695,0.5473579168319702,0.1564469337463379
YLR289W,YPL050C,0,0.11965331,0.2596972584724426,0.5473579168319702,0.1565469652414322
YBR002C,YAL029C,0,0.11930629,0.2595744729042053,0.5473579168319702,0.1566469967365265
YNL010W,YLR264W,0,0.11904349,0.25945180654525757,0.5473579168319702,0.1567470282316208
YPR011C,YLR228C,0,0.11807098,0.259329229593277,0.5473579168319702,0.1568470597267151
YCR060W,YDR211W,0,0.11751681,0.2592068016529083,0.5473579168319702,0.1569470912218094
YPL082C,YNL016W,0,0.11731618,0.25908446311950684,0.5473579168319702,0.1570471078157425
YPR002W,YML006C,0,0.11615289,0.2589622735977173,0.5473579168319702,0.1571471393108368
YGL172W,YLR047C,0,0.11596831,0.2588401734828949,0.5473579168319702,0.1572471708059311
YAL021C,YNL016W,1,0.115721844,0.2591894567012787,0.5483549237251282,0.1572471708059311
YPR189W,YLR105C,0,0.114260815,0.2590673565864563,0.5483549237251282,0.1573472023010254
YGL158W,YDR140W,0,0.11391107,0.25894537568092346,0.5483549237251282,0.1574472337961197
YLL013C,YKL113C,1,0.11360466,0.2592941224575043,0.5493519306182861,0.1574472337961197
YJR138W,YJR032W,0,0.11294188,0.25917214155197144,0.5493519306182861,0.157547265291214
YGL014W,YGL213C,1,0.1123203,0.25952044129371643,0.5503489375114441,0.157547265291214
YPR144C,YOR148C,0,0.11219204,0.259398490190506,0.5503489375114441,0.1576472967863083
YDR454C,YHR077C,0,0.11151824,0.2592766582965851,0.5503489375114441,0.1577473282814026
YER112W,YGR195W,1,0.11126927,0.2596244215965271,0.551345944404602,0.1577473282814026
YIL002C,YER162C,0,0.111127265,0.2595025897026062,0.551345944404602,0.1578473597764969
YPL167C,YDL148C,0,0.10992002,0.25938087701797485,0.551345944404602,0.1579473912715912
YHR077C,YIL133C,0,0.109077655,0.25925925374031067,0.551345944404602,0.1580474078655243
YJL191W,YJR026W,0,0.108519666,0.2591377794742584,0.551345944404602,0.1581474393606186
YDR460W,YOR338W,0,0.10829469,0.25901639461517334,0.551345944404602,0.1582474708557129
YHR074W,YMR075W,0,0.10803103,0.2588951289653778,0.551345944404602,0.1583475023508072
YAL021C,YOL142W,1,0.10789775,0.2592419385910034,0.55234295129776,0.1583475023508072
YDL217C,YNL073W,0,0.1076721,0.2591206729412079,0.55234295129776,0.1584475338459015
YNL084C,YPL112C,0,0.10755766,0.2589995265007019,0.55234295129776,0.1585475653409958
YLR208W,YPR138C,0,0.10748234,0.2588784992694855,0.55234295129776,0.1586475968360901
YIL139C,YFR001W,0,0.106056385,0.2587575912475586,0.55234295129776,0.1587476283311844
YJL225C,YNL110C,0,0.10561035,0.25863680243492126,0.55234295129776,0.1588476598262787
YHR119W,YMR273C,0,0.10541608,0.2585161030292511,0.55234295129776,0.15894769132137299
YNL172W,YKR102W,0,0.10517787,0.2583955228328705,0.55234295129776,0.1590477079153061
YHR047C,YOR126C,0,0.10419861,0.2582750618457794,0.55234295129776,0.1591477394104004
YCR014C,YDR470C,0,0.10362307,0.2581547200679779,0.55234295129776,0.1592477709054947
YJL187C,YAR027W,0,0.103532545,0.25803446769714355,0.55234295129776,0.159347802400589
YNL118C,YJR091C,1,0.103392564,0.25837987661361694,0.553339958190918,0.159347802400589
YJL030W,YLR130C,0,0.10334889,0.258259654045105,0.553339958190918,0.1594478338956833
YMR273C,YBR281C,0,0.101595275,0.2581395208835602,0.553339958190918,0.1595478653907776
YIL021W,YPR152C,0,0.100580834,0.2580195367336273,0.553339958190918,0.1596478968858719
YGR251W,YNL092W,0,0.10047471,0.2578996419906616,0.553339958190918,0.1597479283809662
YMR019W,YJR026W,0,0.100473545,0.2577798366546631,0.553339958190918,0.15984795987606049
YFR029W,YPR152C,0,0.09862127,0.2576601803302765,0.553339958190918,0.15994799137115479
YDL111C,YNL147W,1,0.09833943,0.25800463557243347,0.5543369650840759,0.15994799137115479
YBR020W,YJR130C,0,0.097711585,0.2578849792480469,0.5543369650840759,0.1600480079650879
YDR034C,YNL102W,0,0.0966183,0.25776541233062744,0.5543369650840759,0.1601480394601822
YEL031W,YIL047C,0,0.09622782,0.25764596462249756,0.5543369650840759,0.1602480709552765
YER168C,YJL130C,0,0.09567665,0.2575266361236572,0.5543369650840759,0.1603481024503708
YDR083W,YGL220W,0,0.09286397,0.25740739703178406,0.5543369650840759,0.1604481339454651
YOL123W,YIL038C,1,0.092588805,0.2577510476112366,0.5553339719772339,0.1604481339454651
YOR243C,YOR324C,0,0.092402674,0.2576318085193634,0.5553339719772339,0.1605481654405594
YFR029W,YEL036C,0,0.08980235,0.2575127184391022,0.5553339719772339,0.1606481969356537
YER125W,YGL244W,0,0.088935666,0.2573937177658081,0.5553339719772339,0.16074822843074799
YMR038C,YOL101C,0,0.08693687,0.2572748363018036,0.5553339719772339,0.16084825992584229
YGL112C,YCR057C,0,0.085735835,0.25715604424476624,0.5553339719772339,0.16094829142093658
YGL203C,YHR109W,0,0.08411708,0.25703737139701843,0.5553339719772339,0.1610483080148697
YOR206W,YNL298W,0,0.08272647,0.2569188177585602,0.5553339719772339,0.161148339509964
YKL082C,YBR096W,0,0.082673885,0.2568003833293915,0.5553339719772339,0.1612483710050583
YCL036W,YJR127C,0,0.08259448,0.25668203830718994,0.5553339719772339,0.1613484025001526
YGR264C,YJL191W,0,0.08257935,0.25656378269195557,0.5553339719772339,0.1614484339952469
YLL034C,YDR138W,0,0.082292,0.25644567608833313,0.5553339719772339,0.1615484654903412
YGR010W,YFL057C,0,0.08208125,0.25632765889167786,0.5553339719772339,0.16164849698543549
YDR137W,YKL130C,0,0.08198642,0.25620976090431213,0.5553339719772339,0.16174852848052979
YJL209W,YPL029W,1,0.08142058,0.25655171275138855,0.5563309788703918,0.16174852848052979
YMR234W,YJL208C,1,0.08138185,0.2568933963775635,0.5573280453681946,0.16174852848052979
YAL016W,YGL203C,0,0.08091005,0.2567753791809082,0.5573280453681946,0.16184855997562408
YOR261C,YOR089C,0,0.080771916,0.2566574811935425,0.5573280453681946,0.16194859147071838
YPL131W,YOR098C,0,0.08030891,0.2565397024154663,0.5573280453681946,0.1620486080646515
YJL004C,YDR508C,0,0.080117606,0.2564220130443573,0.5573280453681946,0.1621486395597458
YIR018W,YJR063W,0,0.07966428,0.25630444288253784,0.5573280453681946,0.1622486710548401
YHR209W,YGR095C,0,0.07955908,0.25618699193000793,0.5573280453681946,0.1623487025499344
YMR087W,YPR190C,0,0.07890808,0.2560696303844452,0.5573280453681946,0.1624487340450287
YEL040W,YPL208W,0,0.07834058,0.255952388048172,0.5573280453681946,0.16254876554012299
YNL110C,YLR163C,0,0.07799763,0.25583523511886597,0.5573280453681946,0.16264879703521729
YDR460W,YKR008W,0,0.077987395,0.2557182013988495,0.5573280453681946,0.16274882853031158
YBR118W,YGR113W,0,0.077734955,0.25560128688812256,0.5573280453681946,0.16284886002540588
YLR425W,YGR222W,0,0.07759603,0.2554844617843628,0.5573280453681946,0.16294889152050018
YEL012W,YDR170C,0,0.07756106,0.2553677558898926,0.5573280453681946,0.1630489081144333
YOR159C,YKL020C,0,0.07733562,0.2552511394023895,0.5573280453681946,0.1631489396095276
YCR057C,YDR240C,0,0.07626287,0.255134642124176,0.5573280453681946,0.1632489711046219
YOR274W,YJR082C,0,0.075227715,0.2550182342529297,0.5573280453681946,0.1633490025997162
YDR498C,YER002W,0,0.073431216,0.2549019753932953,0.5573280453681946,0.16344903409481049
YJR138W,YPL167C,0,0.0734277,0.25478577613830566,0.5573280453681946,0.16354906558990479
YDR499W,YGR214W,0,0.0716392,0.2546696960926056,0.5573280453681946,0.16364909708499908
YMR319C,YLR042C,0,0.070989154,0.25455373525619507,0.5573280453681946,0.16374912858009338
YNR024W,YDL102W,1,0.070853345,0.254893034696579,0.5583250522613525,0.16374912858009338
YGL172W,YDR034C,0,0.07077747,0.25477707386016846,0.5583250522613525,0.16384916007518768
YOR310C,YDR472W,0,0.07055696,0.2546612024307251,0.5583250522613525,0.16394919157028198
YLR395C,YBR141C,0,0.070221044,0.2545454502105713,0.5583250522613525,0.1640492081642151
YBL112C,YNL107W,0,0.07011079,0.25442981719970703,0.5583250522613525,0.1641492396593094
YPL273W,YOL108C,0,0.06921127,0.25431427359580994,0.5583250522613525,0.1642492711544037
YDR404C,YNR052C,1,0.06869998,0.254652738571167,0.5593220591545105,0.1642492711544037
YDR419W,YCR002C,0,0.06852885,0.2545371949672699,0.5593220591545105,0.16434930264949799
YIL177C,YPR152C,0,0.06816461,0.25442177057266235,0.5593220591545105,0.16444933414459229
YEL069C,YFR036W,0,0.06784438,0.254306435585022,0.5593220591545105,0.16454936563968658
YOR378W,YOL136C,0,0.06751635,0.25419121980667114,0.5593220591545105,0.16464939713478088
YIL170W,YBR115C,0,0.06703224,0.2540760934352875,0.5593220591545105,0.16474942862987518
YGL068W,YMR229C,0,0.066956036,0.25396105647087097,0.5593220591545105,0.16484946012496948
YLR289W,YNL050C,0,0.06615918,0.2538461685180664,0.5593220591545105,0.16494949162006378
YIL139C,YMR272C,0,0.06560492,0.2537313401699066,0.5593220591545105,0.1650495082139969
YOR291W,YKL210W,0,0.06487488,0.2536166310310364,0.5593220591545105,0.1651495397090912
YLR244C,YML071C,0,0.06461858,0.2535020411014557,0.5593220591545105,0.16524957120418549
YGL169W,YKR068C,0,0.06438332,0.25338754057884216,0.5593220591545105,0.16534960269927979
YJL011C,YOL151W,0,0.06234484,0.2532731294631958,0.5593220591545105,0.16544963419437408
YGL178W,YKL149C,1,0.062071495,0.25361010432243347,0.5603190660476685,0.16544963419437408
YDR378C,YGR271W,0,0.06174802,0.2534957230091095,0.5603190660476685,0.16554966568946838
YMR032W,YHL027W,0,0.061657704,0.2533814311027527,0.5603190660476685,0.16564969718456268
YAL033W,YIL132C,0,0.061253972,0.25326722860336304,0.5603190660476685,0.16574972867965698
YGL050W,YOR180C,0,0.060360007,0.25315314531326294,0.5603190660476685,0.16584976017475128
YJR057W,YDR034C,0,0.05977332,0.2530391812324524,0.5603190660476685,0.16594979166984558
YDR205W,YMR172W,0,0.059726335,0.252925306558609,0.5603190660476685,0.1660498082637787
YDL121C,YFL013C,0,0.059673093,0.2528115212917328,0.5603190660476685,0.16614983975887299
YIL035C,YBR074W,0,0.059585728,0.2526978552341461,0.5603190660476685,0.16624987125396729
YDL028C,YCL004W,0,0.05910086,0.2525842785835266,0.5603190660476685,0.16634990274906158
YJR082C,YLR160C,0,0.058977403,0.25247079133987427,0.5603190660476685,0.16644993424415588
YOL123W,YCR093W,1,0.05850371,0.2528064548969269,0.5613160729408264,0.16644993424415588
YDR081C,YGR089W,0,0.05843728,0.2526929974555969,0.5613160729408264,0.16654996573925018
YFR036W,YLR316C,0,0.058043264,0.25257962942123413,0.5613160729408264,0.16664999723434448
YMR005W,YKR028W,0,0.057917587,0.2524663805961609,0.5613160729408264,0.16675002872943878
YIL020C,YML006C,0,0.057606988,0.2523531913757324,0.5613160729408264,0.16685006022453308
YOR159C,YDR378C,0,0.057311572,0.2522401511669159,0.5613160729408264,0.16695009171962738
YLR163C,YER171W,0,0.05695968,0.25212717056274414,0.5613160729408264,0.16705010831356049
YKL208W,YGL122C,1,0.056537516,0.2524619400501251,0.5623130798339844,0.16705010831356049
YGL014W,YKL203C,0,0.05641254,0.25234898924827576,0.5623130798339844,0.16715013980865479
YNL072W,YNL001W,1,0.05607564,0.2526833713054657,0.5633100867271423,0.16715013980865479
YMR093W,YGL169W,0,0.056058966,0.25257042050361633,0.5633100867271423,0.16725017130374908
YNL016W,YNL080C,0,0.055810414,0.25245755910873413,0.5633100867271423,0.16735020279884338
YOR206W,YPL180W,0,0.055537768,0.2523447871208191,0.5633100867271423,0.16745023429393768
YDR460W,YOL043C,0,0.05549822,0.2522321343421936,0.5633100867271423,0.16755026578903198
YDL111C,YKL208W,1,0.05525393,0.25256583094596863,0.5643070936203003,0.16755026578903198
YHR211W,YIL061C,0,0.053334765,0.25245317816734314,0.5643070936203003,0.16765029728412628
YNL299W,YDR206W,1,0.052565627,0.25278645753860474,0.5653041005134583,0.16765029728412628
YOR212W,YJL024C,0,0.05177451,0.25267380475997925,0.5653041005134583,0.16775032877922058
YKL208W,YOL115W,1,0.051668398,0.2530066668987274,0.5663011074066162,0.16775032877922058
YPR043W,YML109W,0,0.051394157,0.2528940439224243,0.5663011074066162,0.16785036027431488
YPR144C,YBR010W,0,0.05135759,0.252781480550766,0.5663011074066162,0.16795039176940918
YGR081C,YDL121C,0,0.051167034,0.2526690363883972,0.5663011074066162,0.16805040836334229
YLL008W,YNR072W,0,0.050811537,0.2525566816329956,0.5663011074066162,0.16815043985843658
YBR276C,YDL225W,0,0.05030649,0.25244444608688354,0.5663011074066162,0.16825047135353088
YIL139C,YJL071W,0,0.04993341,0.25233229994773865,0.5663011074066162,0.16835050284862518
YOR071C,YJL213W,0,0.049215965,0.2522202432155609,0.5663011074066162,0.16845053434371948
YNL112W,YCR093W,1,0.048969887,0.2525521516799927,0.5672981142997742,0.16845053434371948
YGR081C,YEL029C,0,0.048966594,0.25244009494781494,0.5672981142997742,0.16855056583881378
YGL112C,YIL177C,0,0.048878007,0.25232815742492676,0.5672981142997742,0.16865059733390808
YOR076C,YNL232W,1,0.0487931,0.2526595890522003,0.5682951211929321,0.16865059733390808
YKL041W,YLR163C,0,0.048686735,0.25254762172698975,0.5682951211929321,0.16875062882900238
YLR107W,YKL203C,0,0.048013203,0.2524357736110687,0.5682951211929321,0.16885066032409668
YIL061C,YIL133C,0,0.04796853,0.25232404470443726,0.5682951211929321,0.16895069181919098
YML032C,YPL011C,0,0.047519945,0.25221237540245056,0.5682951211929321,0.16905070841312408
YOL082W,YKL119C,0,0.04686176,0.2521008551120758,0.5682951211929321,0.16915073990821838
YDR172W,YJL208C,1,0.045740344,0.2524314820766449,0.5692921280860901,0.16915073990821838
YHR030C,YML097C,0,0.045716785,0.25231993198394775,0.5692921280860901,0.16925077140331268
YOR317W,YDR173C,0,0.04520563,0.2522084712982178,0.5692921280860901,0.16935080289840698
YJR107W,YMR229C,0,0.04469403,0.25209712982177734,0.5692921280860901,0.16945083439350128
YBR274W,YDR415C,0,0.044336908,0.2519858777523041,0.5692921280860901,0.16955086588859558
YBL052C,YDR404C,0,0.044014566,0.251874715089798,0.5692921280860901,0.16965089738368988
YER145C,YNL121C,0,0.043329336,0.2517636716365814,0.5692921280860901,0.16975092887878418
YGL014W,YJR043C,1,0.04278057,0.25209343433380127,0.570289134979248,0.16975092887878418
YKL074C,YBR061C,0,0.042591415,0.2519823908805847,0.570289134979248,0.16985096037387848
YMR315W,YBR155W,0,0.04195892,0.2518714368343353,0.570289134979248,0.16995099186897278
YDR211W,YNL092W,0,0.041588716,0.2517605721950531,0.570289134979248,0.17005100846290588
YER022W,YOL104C,0,0.04114344,0.25164979696273804,0.570289134979248,0.17015103995800018
YKL020C,YBL068W,0,0.040814735,0.2515391409397125,0.570289134979248,0.17025107145309448
YJR070C,YLR329W,0,0.040803604,0.2514285743236542,0.570289134979248,0.17035110294818878
YDR076W,YLR042C,0,0.04041157,0.251318097114563,0.570289134979248,0.17045113444328308
YEL031W,YBR257W,0,0.03967332,0.25120773911476135,0.570289134979248,0.17055116593837738
YNL284C,YLR389C,0,0.038470842,0.2510974407196045,0.570289134979248,0.17065119743347168
YNR006W,YPR190C,0,0.038425066,0.2509872615337372,0.570289134979248,0.17075122892856598
YFR029W,YDR205W,0,0.03804671,0.2508772015571594,0.570289134979248,0.17085126042366028
YGR072W,YMR099C,0,0.03775903,0.25076720118522644,0.570289134979248,0.17095129191875458
YHR156C,YPR060C,0,0.036209665,0.250657320022583,0.570289134979248,0.17105130851268768
YER055C,YDR496C,0,0.03555297,0.25054752826690674,0.570289134979248,0.17115134000778198
YCL036W,YBR274W,0,0.035054483,0.25043782591819763,0.570289134979248,0.17125137150287628
YDL059C,YJR133W,0,0.034697555,0.2503282129764557,0.570289134979248,0.17135140299797058
YKR002W,YGL203C,0,0.034552537,0.2502187192440033,0.570289134979248,0.17145143449306488
YKL172W,YML039W,0,0.034347907,0.25010931491851807,0.570289134979248,0.17155146598815918
YLR314C,YHR156C,0,0.033723004,0.25,0.570289134979248,0.17165149748325348
YNL072W,YAL021C,1,0.033364363,0.2503276467323303,0.571286141872406,0.17165149748325348
YJR053W,YNR060W,0,0.032553576,0.25021833181381226,0.571286141872406,0.17175152897834778
YCR077C,YLR363C,1,0.032526694,0.2505456209182739,0.572283148765564,0.17175152897834778
YPR042C,YMR098C,1,0.031923495,0.2508726119995117,0.5732801556587219,0.17175152897834778
YDL133C-A,YKL078W,0,0.031892106,0.2507631778717041,0.5732801556587219,0.17185156047344208
YDL175C,YJL140W,1,0.031864546,0.25108981132507324,0.5742771625518799,0.17185156047344208
YJL187C,YBR182C,0,0.031268477,0.250980406999588,0.5742771625518799,0.17195159196853638
YER185W,YJL178C,0,0.031138085,0.25087109208106995,0.5742771625518799,0.17205160856246948
YLR285W,YBR276C,0,0.030577064,0.25076186656951904,0.5742771625518799,0.17215164005756378
YGL170C,YBL026W,0,0.02974385,0.2506527304649353,0.5742771625518799,0.17225167155265808
YDR030C,YDR195W,0,0.029590547,0.2505437135696411,0.5742771625518799,0.17235170304775238
YHR211W,YJR101W,0,0.029191054,0.2504347860813141,0.5742771625518799,0.17245173454284668
YER008C,YKL186C,0,0.028918847,0.2503259479999542,0.5742771625518799,0.17255176603794098
YPR137W,YNL175C,0,0.028831102,0.2502171993255615,0.5742771625518799,0.17265179753303528
YLR270W,YDR172W,1,0.028386913,0.2505427598953247,0.5752741694450378,0.17265179753303528
YKL117W,YNL284C,0,0.027883038,0.2504340410232544,0.5752741694450378,0.17275182902812958
YGR072W,YDR151C,1,0.027867638,0.25075921416282654,0.5762711763381958,0.17275182902812958
YDL160C,YKL149C,1,0.0269605,0.2510841190814972,0.5772681832313538,0.17275182902812958
YKL166C,YOR098C,0,0.026843525,0.25097528100013733,0.5772681832313538,0.17285186052322388
YKR002W,YJL124C,0,0.02671694,0.250866562128067,0.5772681832313538,0.17295189201831818
YLL012W,YER190W,0,0.026650399,0.2507579028606415,0.5772681832313538,0.17305190861225128
YKL013C,YOL108C,0,0.025572412,0.2506493628025055,0.5772681832313538,0.17315194010734558
YKL013C,YJL006C,0,0.025086686,0.2505408823490143,0.5772681832313538,0.17325197160243988
YJL011C,YNL261W,0,0.025045887,0.2504325211048126,0.5772681832313538,0.17335200309753418
YER098W,YMR270C,0,0.024485163,0.2503242492675781,0.5772681832313538,0.17345203459262848
YAL022C,YBL028C,0,0.024169348,0.2502160668373108,0.5772681832313538,0.17355206608772278
YDR404C,YFL023W,0,0.023934297,0.250108003616333,0.5772681832313538,0.17365209758281708
YAL024C,YER162C,0,0.023857497,0.25,0.5772681832313538,0.17375212907791138
YMR005W,YML052W,0,0.022657715,0.24989210069179535,0.5772681832313538,0.17385216057300568
YOR038C,YKL189W,0,0.022333987,0.24978429079055786,0.5772681832313538,0.17395219206809998
YOR388C,YDR090C,0,0.021663718,0.24967658519744873,0.5772681832313538,0.17405220866203308
YJR021C,YCL008C,0,0.021018304,0.24956896901130676,0.5772681832313538,0.17415224015712738
YDR383C,YNL131W,0,0.020453975,0.24946144223213196,0.5772681832313538,0.17425227165222168
YFL013C,YER002W,0,0.02040404,0.24935400485992432,0.5772681832313538,0.17435230314731598
YGL113W,YPL096W,0,0.019843198,0.24924665689468384,0.5772681832313538,0.17445233464241028
YMR005W,YIL170W,0,0.01875864,0.24913941323757172,0.5772681832313538,0.17455236613750458
YNL282W,YHR135C,0,0.01874946,0.24903225898742676,0.5772681832313538,0.17465239763259888
YMR077C,YPL011C,0,0.018527232,0.24892519414424896,0.5772681832313538,0.17475242912769318
YOR168W,YPR001W,0,0.018066175,0.24881821870803833,0.5772681832313538,0.17485246062278748
YKL009W,YJR022W,1,0.017896198,0.2491408884525299,0.5782651901245117,0.17485246062278748
YMR287C,YOR001W,1,0.017843895,0.24946328997612,0.5792621970176697,0.17485246062278748
YDR151C,YGL213C,1,0.017794289,0.2497854083776474,0.5802592039108276,0.17485246062278748
YJL187C,YPL163C,0,0.017437316,0.24967825412750244,0.5802592039108276,0.17495249211788177
YPR189W,YPR042C,1,0.017386489,0.25,0.5812562108039856,0.17495249211788177
YGL236C,YBR155W,0,0.01685416,0.24989284574985504,0.5812562108039856,0.17505250871181488
YOR038C,YJR130C,0,0.01643075,0.24978578090667725,0.5812562108039856,0.17515254020690918
YNL001W,YJL124C,1,0.016069256,0.250107079744339,0.5822532176971436,0.17515254020690918
YDL111C,YMR098C,1,0.015249617,0.25042808055877686,0.5832502245903015,0.17515254020690918
YJL166W,YDL061C,0,0.0150110945,0.2503209114074707,0.5832502245903015,0.17525257170200348
YDL179W,YER017C,0,0.014258809,0.2502138614654541,0.5832502245903015,0.17535260319709778
YDL059C,YCL014W,0,0.01413276,0.2501068711280823,0.5832502245903015,0.17545263469219208
YLR429W,YPL096W,0,0.013762079,0.25,0.5832502245903015,0.17555266618728638
YOL141W,YPL110C,0,0.01346945,0.2498932033777237,0.5832502245903015,0.17565269768238068
YLR073C,YBR192W,0,0.01345896,0.24978651106357574,0.5832502245903015,0.17575272917747498
YNL001W,YAL021C,1,0.012891874,0.25010669231414795,0.5842472314834595,0.17575272917747498
YOR138C,YGR246C,0,0.01281669,0.25,0.5842472314834595,0.17585276067256927
YDL036C,YJL176C,0,0.012664452,0.2498933970928192,0.5842472314834595,0.17595279216766357
YFL045C,YML056C,0,0.012338795,0.2497868686914444,0.5842472314834595,0.17605280876159668
YMR013C,YPL188W,0,0.01229123,0.24968044459819794,0.5842472314834595,0.17615284025669098
YLR429W,YOR194C,0,0.011597179,0.24957410991191864,0.5842472314834595,0.17625287175178528
YBL112C,YOR294W,0,0.011346608,0.2494678646326065,0.5842472314834595,0.17635290324687958
YDR034C,YOL104C,0,0.009367265,0.24936170876026154,0.5842472314834595,0.17645293474197388
YPR083W,YJR032W,0,0.009171702,0.24925564229488373,0.5842472314834595,0.17655296623706818
YOR206W,YLR386W,0,0.008951038,0.24914966523647308,0.5842472314834595,0.17665299773216248
YDR310C,YGL030W,0,0.008779533,0.2490437775850296,0.5842472314834595,0.17675302922725677
YOR274W,YLR386W,0,0.00858473,0.24893797934055328,0.5842472314834595,0.17685306072235107
YDL107W,YIR032C,0,0.0082376525,0.24883227050304413,0.5842472314834595,0.17695309221744537
YJL144W,YML128C,0,0.0074465945,0.24872665107250214,0.5842472314834595,0.17705310881137848
YEL037C,YJR053W,0,0.0072570294,0.2486211359500885,0.5842472314834595,0.17715314030647278
YJR127C,YMR087W,0,0.007188283,0.24851569533348083,0.5842472314834595,0.17725317180156708
YHR069C,YGR225W,0,0.0068836734,0.24841034412384033,0.5842472314834595,0.17735320329666138
YNL032W,YNL092W,0,0.0068620667,0.248305082321167,0.5842472314834595,0.17745323479175568
YDR173C,YMR075W,0,0.0068524405,0.24819990992546082,0.5842472314834595,0.17755326628684998
YCL074W,YOR324C,0,0.0064425245,0.248094841837883,0.5842472314834595,0.17765329778194427
YIL080W,YLR309C,0,0.006142445,0.24798984825611115,0.5842472314834595,0.17775332927703857
YER046W,YJR063W,0,0.0052175,0.24788494408130646,0.5842472314834595,0.17785336077213287
YCR035C,YGL213C,1,0.0044651106,0.24820296466350555,0.5852442383766174,0.17785336077213287
YNL008C,YER125W,0,0.0042300373,0.24809806048870087,0.5852442383766174,0.17795339226722717
YBR275C,YMR143W,0,0.003513299,0.24799324572086334,0.5852442383766174,0.17805340886116028
YOL141W,YNL008C,0,0.0034812167,0.24788852035999298,0.5852442383766174,0.17815344035625458
YMR065W,YER090W,0,0.001328446,0.2477838695049286,0.5852442383766174,0.17825347185134888
YMR077C,YPR119W,0,0.0012417734,0.24767932295799255,0.5852442383766174,0.17835350334644318
YJR101W,YGR239C,0,0.0010920838,0.24757486581802368,0.5852442383766174,0.17845353484153748
YBR129C,YDR140W,0,0.0003137663,0.24747048318386078,0.5852442383766174,0.17855356633663177
YNL118C,YJR022W,1,7.606298e-05,0.24778760969638824,0.5862413048744202,0.17855356633663177
YGR169C,YGL169W,0,-0.0004509464,0.24768324196338654,0.5862413048744202,0.17865359783172607
YMR287C,YJL140W,1,-0.0006897673,0.24799999594688416,0.5872383117675781,0.17865359783172607
YLR264W,YAL029C,0,-0.00072775036,0.24789562821388245,0.5872383117675781,0.17875362932682037
YOR274W,YBR020W,0,-0.0021284744,0.2477913349866867,0.5872383117675781,0.17885366082191467
YMR025W,YMR229C,0,-0.0025095716,0.24768713116645813,0.5872383117675781,0.17895369231700897
YML097C,YJL191W,0,-0.0040653497,0.24758301675319672,0.5872383117675781,0.17905370891094208
YDR499W,YLR024C,0,-0.0041382685,0.24747899174690247,0.5872383117675781,0.17915374040603638
YGR239C,YGL190C,0,-0.004513599,0.24737505614757538,0.5872383117675781,0.17925377190113068
YGR072W,YJR091C,1,-0.0045513585,0.24769102036952972,0.5882353186607361,0.17925377190113068
YDR172W,YBR281C,0,-0.0056479424,0.24758706986904144,0.5882353186607361,0.17935380339622498
YPL127C,YGR084C,0,-0.0057848915,0.24748322367668152,0.5882353186607361,0.17945383489131927
YJL087C,YKR103W,0,-0.006375782,0.24737945199012756,0.5882353186607361,0.17955386638641357
YOL054W,YNR044W,0,-0.006851442,0.24727576971054077,0.5882353186607361,0.17965389788150787
YJR028W,YGR171C,0,-0.0068995208,0.24717217683792114,0.5882353186607361,0.17975392937660217
YGL162W,YKL166C,0,-0.007697709,0.24706867337226868,0.5882353186607361,0.17985396087169647
YBR129C,YBL089W,0,-0.007920481,0.24696525931358337,0.5882353186607361,0.17995399236679077
YOL045W,YBL112C,0,-0.008057728,0.24686191976070404,0.5882353186607361,0.18005400896072388
YGL236C,YGL174W,0,-0.0084107,0.24675868451595306,0.5882353186607361,0.18015404045581818
YPR189W,YLR088W,0,-0.008437447,0.24665552377700806,0.5882353186607361,0.18025407195091248
YBR261C,YOL040C,0,-0.008809075,0.24655243754386902,0.5882353186607361,0.18035410344600677
YJR112W,YLR330W,0,-0.008860089,0.24644945561885834,0.5882353186607361,0.18045413494110107
YPL276W,YLR130C,0,-0.009085439,0.24634654819965363,0.5882353186607361,0.18055416643619537
YOL107W,YOL028C,0,-0.010103799,0.24624374508857727,0.5882353186607361,0.18065419793128967
YOL142W,YHL027W,0,-0.01056277,0.24614101648330688,0.5882353186607361,0.18075422942638397
YGR252W,YGL216W,0,-0.01082927,0.24603836238384247,0.5882353186607361,0.18085426092147827
YGL107C,YOL149W,1,-0.010897189,0.2463526427745819,0.589232325553894,0.18085426092147827
YFR031C,YHR119W,0,-0.01116129,0.2462500035762787,0.589232325553894,0.18095429241657257
YNL271C,YKR057W,0,-0.0111714825,0.24614743888378143,0.589232325553894,0.18105430901050568
YMR239C,YHR168W,0,-0.011718534,0.24604496359825134,0.589232325553894,0.18115434050559998
YNL304W,YLR016C,0,-0.012195952,0.24594257771968842,0.589232325553894,0.18125437200069427
YGL014W,YGR095C,1,-0.013137184,0.24625623226165771,0.590229332447052,0.18125437200069427
YCL036W,YJL081C,0,-0.0133685395,0.2461538463830948,0.590229332447052,0.18135440349578857
YOR206W,YNL147W,0,-0.013482556,0.24605153501033783,0.590229332447052,0.18145443499088287
YPL139C,YMR025W,0,-0.013967462,0.24594931304454803,0.590229332447052,0.18155446648597717
YLR398C,YJL140W,1,-0.014253743,0.24626246094703674,0.59122633934021,0.18155446648597717
YMR301C,YBR093C,0,-0.01453986,0.24616023898124695,0.59122633934021,0.18165449798107147
YBL076C,YGR246C,0,-0.01462882,0.24605809152126312,0.59122633934021,0.18175452947616577
YMR046C,YHR135C,0,-0.014979996,0.24595603346824646,0.59122633934021,0.18185456097126007
YJL200C,YML132W,0,-0.015140809,0.24585406482219696,0.59122633934021,0.18195459246635437
YKL082C,YKR006C,0,-0.015203081,0.24575217068195343,0.59122633934021,0.18205460906028748
YNL153C,YML099C,0,-0.015907757,0.24565036594867706,0.59122633934021,0.18215464055538177
YGL169W,YDR403W,0,-0.016048044,0.24554865062236786,0.59122633934021,0.18225467205047607
YDL111C,YGL178W,1,-0.016489446,0.24586093425750732,0.5922233462333679,0.18225467205047607
YMR227C,YER190W,0,-0.016688801,0.24575920403003693,0.5922233462333679,0.18235470354557037
YOR297C,YNL107W,0,-0.016727626,0.2456575632095337,0.5922233462333679,0.18245473504066467
YNL232W,YBL026W,1,-0.017100088,0.24596941471099854,0.5932203531265259,0.18245473504066467
YPR182W,YIR025W,0,-0.01747752,0.2458677738904953,0.5932203531265259,0.18255476653575897
YJR149W,YKL095W,0,-0.017504908,0.24576620757579803,0.5932203531265259,0.18265479803085327
YPL200W,YGR177C,0,-0.017580882,0.24566474556922913,0.5932203531265259,0.18275482952594757
YJL114W,YOL124C,0,-0.018095292,0.2455633580684662,0.5932203531265259,0.18285486102104187
YMR146C,YLL019C,0,-0.018880539,0.24546204507350922,0.5932203531265259,0.18295489251613617
YBL112C,YLR278C,0,-0.019126572,0.2453608214855194,0.5932203531265259,0.18305490911006927
YOR251C,YDR416W,0,-0.019341007,0.24525968730449677,0.5932203531265259,0.18315494060516357
YJR055W,YNL121C,0,-0.021010518,0.2451586276292801,0.5932203531265259,0.18325497210025787
YKL093W,YML109W,0,-0.02105672,0.24505765736103058,0.5932203531265259,0.18335500359535217
YDR451C,YCL004W,0,-0.021423705,0.24495677649974823,0.5932203531265259,0.18345503509044647
YML112W,YAL031C,0,-0.022048958,0.24485597014427185,0.5932203531265259,0.18355506658554077
YDR196C,YBR257W,0,-0.022064127,0.24475523829460144,0.5932203531265259,0.18365509808063507
YDR454C,YGL233W,0,-0.022795163,0.2446546107530594,0.5932203531265259,0.18375512957572937
YMR194W,YPL129W,0,-0.023189627,0.2445540428161621,0.5932203531265259,0.18385516107082367
YDL039C,YGR185C,0,-0.023641586,0.2444535791873932,0.5932203531265259,0.18395519256591797
YLR208W,YKL009W,0,-0.023682378,0.24435319006443024,0.5932203531265259,0.18405520915985107
YMR137C,YDR170C,0,-0.02475854,0.24425287544727325,0.5932203531265259,0.18415524065494537
YJR022W,YHR077C,1,-0.02505973,0.24456298351287842,0.5942173600196838,0.18415524065494537
YHR069C,YOR261C,0,-0.025119819,0.24446266889572144,0.5942173600196838,0.18425527215003967
YOR145C,YGR155W,0,-0.025331162,0.24436244368553162,0.5942173600196838,0.18435530364513397
YOL139C,YCR027C,1,-0.025332548,0.24467213451862335,0.5952143669128418,0.18435530364513397
YJL087C,YGR199W,0,-0.026065573,0.24457189440727234,0.5952143669128418,0.18445533514022827
YLR244C,YBR115C,0,-0.026567318,0.2444717437028885,0.5952143669128418,0.18455536663532257
YBR172C,YHR079C,0,-0.026898827,0.2443716675043106,0.5952143669128418,0.18465539813041687
YOL010W,YHR175W,0,-0.02718471,0.2442716807126999,0.5952143669128418,0.18475542962551117
YGL237C,YGL050W,0,-0.027270943,0.24417178332805634,0.5952143669128418,0.18485546112060547
YNR003C,YIL042C,0,-0.027275778,0.24407196044921875,0.5952143669128418,0.18495549261569977
YBR274W,YOR148C,0,-0.027757518,0.24397221207618713,0.5952143669128418,0.18505550920963287
YMR117C,YKL203C,0,-0.028198328,0.24387255311012268,0.5952143669128418,0.18515554070472717
YDR378C,YCR027C,1,-0.02907744,0.2441813051700592,0.5962113738059998,0.18515554070472717
YNL016W,YNL288W,1,-0.029230982,0.24448978900909424,0.5972083806991577,0.18515554070472717
YCR014C,YDR081C,0,-0.03147299,0.24439004063606262,0.5972083806991577,0.18525557219982147
YOR243C,YER019C-A,0,-0.032059535,0.24429038166999817,0.5972083806991577,0.18535560369491577
YIL035C,YOR353C,0,-0.032424062,0.2441907823085785,0.5972083806991577,0.18545563519001007
YKL009W,YPL082C,0,-0.032810517,0.24409127235412598,0.5972083806991577,0.18555566668510437
YOR310C,YHR109W,0,-0.033029966,0.24399185180664062,0.5972083806991577,0.18565569818019867
YOR283W,YOR168W,0,-0.03327391,0.24389250576496124,0.5972083806991577,0.18575572967529297
YNR057C,YDR138W,0,-0.03358808,0.24379324913024902,0.5972083806991577,0.18585576117038727
YPR135W,YCL024W,0,-0.0337146,0.24369406700134277,0.5972083806991577,0.18595579266548157
YPL112C,YBL079W,0,-0.034544818,0.2435949593782425,0.5972083806991577,0.18605582416057587
YGL169W,YER171W,0,-0.034935027,0.24349594116210938,0.5972083806991577,0.18615584075450897
YKL041W,YIL108W,0,-0.03517992,0.24339699745178223,0.5972083806991577,0.18625587224960327
YMR186W,YNR015W,0,-0.036153562,0.24329812824726105,0.5972083806991577,0.18635590374469757
YOR274W,YHR119W,0,-0.036228493,0.24319934844970703,0.5972083806991577,0.18645593523979187
YGL170C,YPL180W,0,-0.036915947,0.24310064315795898,0.5972083806991577,0.18655596673488617
YIL002C,YJL030W,0,-0.037190326,0.2430020272731781,0.5972083806991577,0.18665599822998047
YNL251C,YDR172W,1,-0.037265666,0.24330900609493256,0.5982053875923157,0.18665599822998047
YJL187C,YKL015W,0,-0.03735829,0.24321037530899048,0.5982053875923157,0.18675602972507477
YMR005W,YPL131W,0,-0.03765247,0.24311183393001556,0.5982053875923157,0.18685606122016907
YIL047C,YOR085W,0,-0.03775636,0.24301336705684662,0.5982053875923157,0.18695609271526337
YGL112C,YKR020W,0,-0.038459808,0.24291497468948364,0.5982053875923157,0.18705612421035767
YDR453C,YKL205W,0,-0.03895595,0.24281667172908783,0.5982053875923157,0.18715614080429077
YBR128C,YCL032W,0,-0.03939218,0.24271844327449799,0.5982053875923157,0.18725617229938507
YPL110C,YDR170C,0,-0.040211827,0.2426203042268753,0.5982053875923157,0.18735620379447937
YLR009W,YOR138C,0,-0.04026244,0.2425222247838974,0.5982053875923157,0.18745623528957367
YOL124C,YOR085W,0,-0.04038944,0.24242424964904785,0.5982053875923157,0.18755626678466797
YFL057C,YMR301C,0,-0.04087273,0.24232633411884308,0.5982053875923157,0.18765629827976227
YBL098W,YGL113W,0,-0.041140758,0.24222850799560547,0.5982053875923157,0.18775632977485657
YNR057C,YPL273W,0,-0.04141193,0.24213075637817383,0.5982053875923157,0.18785636126995087
YPR187W,YMR159C,0,-0.04178918,0.24203307926654816,0.5982053875923157,0.18795639276504517
YDR196C,YLR026C,0,-0.041877694,0.24193547666072845,0.5982053875923157,0.18805642426013947
YER035W,YGR195W,1,-0.042119868,0.2422410249710083,0.5992023944854736,0.18805642426013947
YLR129W,YHR058C,0,-0.04264139,0.2421434372663498,0.5992023944854736,0.18815644085407257
YGR216C,YDL170W,0,-0.042897947,0.24204590916633606,0.5992023944854736,0.18825647234916687
YNR021W,YJL213W,0,-0.044056997,0.2419484704732895,0.5992023944854736,0.18835650384426117
YNR003C,YMR193W,0,-0.044418253,0.2418511062860489,0.5992023944854736,0.18845653533935547
YOL057W,YIL095W,0,-0.045357592,0.24175381660461426,0.5992023944854736,0.18855656683444977
YDR492W,YOR324C,0,-0.045437664,0.2416566163301468,0.5992023944854736,0.18865659832954407
YIR025W,YNR072W,0,-0.045440517,0.2415594905614853,0.5992023944854736,0.18875662982463837
YLL029W,YGL019W,0,-0.045625895,0.24146243929862976,0.5992023944854736,0.18885666131973267
YOR349W,YDL039C,0,-0.046233244,0.2413654625415802,0.5992023944854736,0.18895669281482697
YPL002C,YOR299W,0,-0.046507306,0.2412685602903366,0.5992023944854736,0.18905672430992126
YDR405W,YBR182C,0,-0.046589144,0.24117174744606018,0.5992023944854736,0.18915674090385437
YOR298W,YBL034C,0,-0.047083095,0.24107500910758972,0.5992023944854736,0.18925677239894867
YDL036C,YMR032W,0,-0.048541717,0.24097834527492523,0.5992023944854736,0.18935680389404297
YML056C,YDR508C,0,-0.04878693,0.2408817708492279,0.5992023944854736,0.18945683538913727
YCL024W,YLR141W,0,-0.04902988,0.24078525602817535,0.5992023944854736,0.18955686688423157
YIL095W,YPL096W,0,-0.049153067,0.24068883061408997,0.5992023944854736,0.18965689837932587
YOL141W,YPR060C,0,-0.049170308,0.24059247970581055,0.5992023944854736,0.18975692987442017
YLR005W,YOR294W,0,-0.04982101,0.2404962033033371,0.5992023944854736,0.18985696136951447
YJR028W,YOR099W,0,-0.05074627,0.24040000140666962,0.5992023944854736,0.18995699286460876
YJR043C,YGL122C,1,-0.051268734,0.24070371687412262,0.6001994013786316,0.18995699286460876
YER049W,YCR093W,1,-0.052315347,0.24100719392299652,0.6011964082717896,0.18995699286460876
YCL024W,YBR238C,0,-0.05298458,0.24091090261936188,0.6011964082717896,0.19005702435970306
YOR239W,YBR192W,0,-0.05319228,0.2408147007226944,0.6011964082717896,0.19015704095363617
YJR138W,YCL004W,0,-0.05361121,0.2407185584306717,0.6011964082717896,0.19025707244873047
YGL226C-A,YPL218W,0,-0.05405716,0.24062250554561615,0.6011964082717896,0.19035710394382477
YGR034W,YLL043W,0,-0.05435572,0.24052652716636658,0.6011964082717896,0.19045713543891907
YLR129W,YLR389C,0,-0.0548257,0.24043062329292297,0.6011964082717896,0.19055716693401337
YPR026W,YBR061C,0,-0.05488757,0.24033479392528534,0.6011964082717896,0.19065719842910767
YLR197W,YKL038W,0,-0.0549903,0.24023903906345367,0.6011964082717896,0.19075722992420197
YNL016W,YGR158C,1,-0.055543646,0.24054162204265594,0.6021934151649475,0.19075722992420197
YHR132C,YGL244W,0,-0.055779397,0.24044586718082428,0.6021934151649475,0.19085726141929626
YDL111C,YOL149W,1,-0.0562352,0.2407481074333191,0.6031904220581055,0.19085726141929626
YOR237W,YDR353W,0,-0.057097778,0.24065235257148743,0.6031904220581055,0.19095729291439056
YGL180W,YEL053C,0,-0.057303995,0.24055665731430054,0.6031904220581055,0.19105732440948486
YNL232W,YER112W,1,-0.057405222,0.2408585101366043,0.6041874289512634,0.19105732440948486
YMR270C,YGL019W,0,-0.057625316,0.24076281487941742,0.6041874289512634,0.19115734100341797
YMR039C,YNL290W,0,-0.057724394,0.2406671941280365,0.6041874289512634,0.19125737249851227
YDR064W,YHR041C,0,-0.057753667,0.24057166278362274,0.6041874289512634,0.19135740399360657
YOR297C,YBR192W,0,-0.058883823,0.24047619104385376,0.6041874289512634,0.19145743548870087
YNL230C,YFL023W,0,-0.059110753,0.24038080871105194,0.6041874289512634,0.19155746698379517
YBR115C,YDR392W,0,-0.05998624,0.2402854859828949,0.6041874289512634,0.19165749847888947
YLR107W,YDR285W,0,-0.060270585,0.24019025266170502,0.6041874289512634,0.19175752997398376
YDL028C,YGL203C,0,-0.06060648,0.2400950938463211,0.6041874289512634,0.19185756146907806
YLR353W,YBR115C,0,-0.061184704,0.23999999463558197,0.6041874289512634,0.19195759296417236
YJR005W,YLR016C,0,-0.0612774,0.23990498483181,0.6041874289512634,0.19205762445926666
YJL178C,YDR138W,0,-0.062415726,0.239810049533844,0.6041874289512634,0.19215764105319977
YNL288W,YJR022W,1,-0.06283535,0.24011075496673584,0.6051844358444214,0.19215764105319977
YJR036C,YER017C,0,-0.06291945,0.24001581966876984,0.6051844358444214,0.19225767254829407
YGR095C,YGL122C,1,-0.06292512,0.2403162121772766,0.6061814427375793,0.19225767254829407
YMR227C,YLR145W,0,-0.06302438,0.24022126197814941,0.6061814427375793,0.19235770404338837
YJL087C,YIL042C,0,-0.06335322,0.24012638628482819,0.6061814427375793,0.19245773553848267
YLR447C,YPL007C,0,-0.06339885,0.24003158509731293,0.6061814427375793,0.19255776703357697
YOR279C,YJL071W,0,-0.06396738,0.23993685841560364,0.6061814427375793,0.19265779852867126
YCR014C,YNR035C,0,-0.06440479,0.23984220623970032,0.6061814427375793,0.19275783002376556
YGR113W,YGR246C,0,-0.064537324,0.23974762856960297,0.6061814427375793,0.19285786151885986
YKR101W,YPR152C,0,-0.065897845,0.23965314030647278,0.6061814427375793,0.19295789301395416
YOL070C,YNL281W,0,-0.06592111,0.23955871164798737,0.6061814427375793,0.19305792450904846
YOR243C,YOR216C,0,-0.06604191,0.23946435749530792,0.6061814427375793,0.19315794110298157
YCR035C,YJR091C,1,-0.06610541,0.2397637814283371,0.6071784496307373,0.19315794110298157
YMR269W,YCL008C,0,-0.06709387,0.23966942727565765,0.6071784496307373,0.19325797259807587
YJL187C,YOL054W,0,-0.067211814,0.23957513272762299,0.6071784496307373,0.19335800409317017
YNR067C,YER145C,0,-0.06740118,0.23948092758655548,0.6071784496307373,0.19345803558826447
YLR228C,YDR403W,0,-0.06809858,0.23938679695129395,0.6071784496307373,0.19355806708335876
YER154W,YER074W,0,-0.06815054,0.23929272592067719,0.6071784496307373,0.19365809857845306
YBR195C,YNR006W,0,-0.0690333,0.2391987442970276,0.6071784496307373,0.19375813007354736
YKL166C,YGR171C,0,-0.069240995,0.23910482227802277,0.6071784496307373,0.19385816156864166
YNR017W,YOR393W,0,-0.069599055,0.2390109896659851,0.6071784496307373,0.19395819306373596
YGR081C,YBR276C,0,-0.07002383,0.23891721665859222,0.6071784496307373,0.19405822455883026
YMR065W,YKR068C,0,-0.07076022,0.2388235330581665,0.6071784496307373,0.19415824115276337
YPR171W,YIL083C,0,-0.07095533,0.23872990906238556,0.6071784496307373,0.19425827264785767
YOL057W,YOR317W,0,-0.07147012,0.23863635957241058,0.6071784496307373,0.19435830414295197
YJR092W,YBR238C,0,-0.07171635,0.23854288458824158,0.6071784496307373,0.19445833563804626
YOL038W,YOR089C,0,-0.071754016,0.23844948410987854,0.6071784496307373,0.19455836713314056
YBL058W,YDL170W,0,-0.07211483,0.23835615813732147,0.6071784496307373,0.19465839862823486
YDR512C,YEL030W,0,-0.07243696,0.23826290667057037,0.6071784496307373,0.19475843012332916
YMR241W,YMR159C,0,-0.07339197,0.23816972970962524,0.6071784496307373,0.19485846161842346
YPR042C,YJL050W,1,-0.07366718,0.23846755921840668,0.6081754565238953,0.19485846161842346
YGR251W,YER130C,0,-0.07469558,0.23837436735630035,0.6081754565238953,0.19495849311351776
YDR026C,YLR440C,0,-0.0749766,0.23828125,0.6081754565238953,0.19505852460861206
YOR304C-A,YLR264W,0,-0.07518454,0.23818820714950562,0.6081754565238953,0.19515854120254517
YLR183C,YML071C,0,-0.07532245,0.2380952388048172,0.6081754565238953,0.19525857269763947
YPR187W,YGL216W,0,-0.07586835,0.23800234496593475,0.6081754565238953,0.19535860419273376
YLR129W,YKL064W,0,-0.076466,0.23790951073169708,0.6081754565238953,0.19545863568782806
YGR179C,YCL052C,0,-0.07715786,0.23781676590442657,0.6081754565238953,0.19555866718292236
YLR452C,YDL061C,0,-0.07727919,0.23772408068180084,0.6081754565238953,0.19565869867801666
YNL307C,YDR195W,0,-0.077670105,0.23763146996498108,0.6081754565238953,0.19575873017311096
YCR057C,YCL004W,0,-0.07832018,0.23753893375396729,0.6081754565238953,0.19585876166820526
YJR091C,YNR052C,1,-0.0790649,0.23783573508262634,0.6091724634170532,0.19585876166820526
YJR055W,YJL178C,0,-0.07950762,0.23774318397045135,0.6091724634170532,0.19595879316329956
YKL067W,YPR127W,0,-0.079541035,0.23765072226524353,0.6091724634170532,0.19605882465839386
YGR056W,YNR010W,0,-0.080017656,0.23755832016468048,0.6091724634170532,0.19615884125232697
YGR185C,YGL103W,0,-0.0800953,0.2374659925699234,0.6091724634170532,0.19625887274742126
YGR012W,YDR262W,0,-0.08064998,0.2373737394809723,0.6091724634170532,0.19635890424251556
YLR305C,YJR101W,0,-0.08075123,0.23728154599666595,0.6091724634170532,0.19645893573760986
YLR009W,YKL094W,0,-0.08112431,0.23718944191932678,0.6091724634170532,0.19655896723270416
YER022W,YIL047C,0,-0.08204474,0.23709739744663239,0.6091724634170532,0.19665899872779846
YLR291C,YOR251C,0,-0.08226158,0.23700542747974396,0.6091724634170532,0.19675903022289276
YDR026C,YPR083W,0,-0.082491644,0.2369135320186615,0.6091724634170532,0.19685906171798706
YKL020C,YBL085W,0,-0.08250921,0.236821711063385,0.6091724634170532,0.19695909321308136
YJL114W,YLR440C,0,-0.08260269,0.2367299497127533,0.6091724634170532,0.19705912470817566
YIL061C,YMR295C,0,-0.08315518,0.23663826286792755,0.6091724634170532,0.19715914130210876
YER138C,YGL174W,0,-0.084365465,0.23654665052890778,0.6091724634170532,0.19725917279720306
YNL223W,YLR187W,0,-0.084365495,0.23645511269569397,0.6091724634170532,0.19735920429229736
YPR137W,YIL035C,0,-0.08506869,0.23636363446712494,0.6091724634170532,0.19745923578739166
YMR125W,YLR398C,1,-0.085424624,0.23665893077850342,0.6101694703102112,0.19745923578739166
YCR057C,YOL158C,0,-0.085650966,0.2365674525499344,0.6101694703102112,0.19755926728248596
YDL202W,YMR046C,0,-0.08638116,0.23647604882717133,0.6101694703102112,0.19765929877758026
YDL165W,YIL079C,1,-0.0865035,0.23677095770835876,0.6111664772033691,0.19765929877758026
YGL112C,YOR251C,0,-0.08688329,0.2366795390844345,0.6111664772033691,0.19775933027267456
YJR140C,YOR098C,0,-0.08719823,0.23658819496631622,0.6111664772033691,0.19785936176776886
YKL190W,YBR271W,0,-0.08720002,0.2364969104528427,0.6111664772033691,0.19795939326286316
YLL045C,YDR081C,0,-0.087659016,0.23640570044517517,0.6111664772033691,0.19805942475795746
YJL200C,YNL070W,0,-0.087974,0.2363145649433136,0.6111664772033691,0.19815944135189056
YLR305C,YMR308C,0,-0.08850141,0.236223503947258,0.6111664772033691,0.19825947284698486
YOR209C,YDR416W,0,-0.08869498,0.23613251745700836,0.6111664772033691,0.19835950434207916
YBR247C,YDR530C,0,-0.08873529,0.2360415905714035,0.6111664772033691,0.19845953583717346
YBR247C,YOR215C,0,-0.08878674,0.23595073819160461,0.6111664772033691,0.19855956733226776
YLR213C,YDL225W,0,-0.08885804,0.2358599454164505,0.6111664772033691,0.19865959882736206
YFR013W,YJL149W,0,-0.08898295,0.23576922714710236,0.6111664772033691,0.19875963032245636
YER013W,YLR208W,0,-0.089220606,0.23567858338356018,0.6111664772033691,0.19885966181755066
YOR159C,YGL174W,0,-0.08943331,0.23558801412582397,0.6111664772033691,0.19895969331264496
YBR155W,YPL099C,0,-0.08980941,0.23549750447273254,0.6111664772033691,0.19905972480773926
YLR033W,YOR162C,0,-0.09108213,0.23540706932544708,0.6111664772033691,0.19915974140167236
YCR030C,YOR168W,0,-0.092230625,0.2353166937828064,0.6111664772033691,0.19925977289676666
YNL223W,YDR262W,0,-0.092258826,0.23522640764713287,0.6111664772033691,0.19935980439186096
YOR304W,YNL262W,0,-0.0928768,0.23513616621494293,0.6111664772033691,0.19945983588695526
YGR145W,YJL206C,0,-0.09296027,0.23504601418972015,0.6111664772033691,0.19955986738204956
YIL046W,YKR101W,0,-0.0935804,0.23495592176914215,0.6111664772033691,0.19965989887714386
YNL044W,YBR276C,0,-0.09402253,0.23486590385437012,0.6111664772033691,0.19975993037223816
YJL176C,YIR032C,0,-0.094271906,0.23477594554424286,0.6111664772033691,0.19985996186733246
YPL196W,YDR081C,0,-0.09456629,0.23468606173992157,0.6111664772033691,0.19995999336242676
YDL217C,YMR137C,0,-0.09488896,0.23459625244140625,0.6111664772033691,0.20006002485752106
YNL001W,YEL015W,1,-0.09522677,0.23488906025886536,0.6121634840965271,0.20006002485752106
YOL038W,YMR032W,0,-0.09552445,0.23479923605918884,0.6121634840965271,0.20016004145145416
YFL001W,YNL259C,0,-0.096651495,0.2347094863653183,0.6121634840965271,0.20026007294654846
YMR218C,YOL108C,0,-0.0969272,0.23461979627609253,0.6121634840965271,0.20036010444164276
YHR002W,YNL309W,0,-0.09719349,0.23453018069267273,0.6121634840965271,0.20046013593673706
YJL225C,YCL014W,0,-0.0973357,0.2344406247138977,0.6121634840965271,0.20056016743183136
YOL082W,YNR021W,0,-0.09748078,0.23435114324092865,0.6121634840965271,0.20066019892692566
YKL038W,YBL098W,0,-0.09764142,0.23426173627376556,0.6121634840965271,0.20076023042201996
YER098W,YOL066C,0,-0.09813146,0.23417238891124725,0.6121634840965271,0.20086026191711426
YIL142W,YIR032C,0,-0.09879708,0.2340831160545349,0.6121634840965271,0.20096029341220856
YGL158W,YDR062W,0,-0.0992238,0.23399390280246735,0.6121634840965271,0.20106032490730286
YKL149C,YGL122C,1,-0.09954766,0.23428571224212646,0.6131604909896851,0.20106032490730286
YMR078C,YLR270W,0,-0.101356335,0.2341964989900589,0.6131604909896851,0.20116034150123596
YGL162W,YBR281C,0,-0.101722375,0.2341073453426361,0.6131604909896851,0.20126037299633026
YNL131W,YKL009W,0,-0.102500275,0.2340182662010193,0.6131604909896851,0.20136040449142456
YMR269W,YGL019W,0,-0.10251326,0.23392924666404724,0.6131604909896851,0.20146043598651886
YGR145W,YDR226W,0,-0.10294501,0.23384030163288116,0.6131604909896851,0.20156046748161316
YJR006W,YMR193W,0,-0.103259586,0.23375143110752106,0.6131604909896851,0.20166049897670746
YMR013C,YGL113W,0,-0.10512485,0.23366262018680573,0.6131604909896851,0.20176053047180176
YFL001W,YNL092W,0,-0.10529605,0.23357386887073517,0.6131604909896851,0.20186056196689606
YIL170W,YBR026C,0,-0.10566276,0.23348519206047058,0.6131604909896851,0.20196059346199036
YOR287C,YDL202W,0,-0.106106974,0.23339658975601196,0.6131604909896851,0.20206062495708466
YNL084C,YGL050W,0,-0.10641999,0.23330804705619812,0.6131604909896851,0.20216064155101776
YNL008C,YML109W,0,-0.10670755,0.23321956396102905,0.6131604909896851,0.20226067304611206
YDR196C,YDR332W,0,-0.10874742,0.23313115537166595,0.6131604909896851,0.20236070454120636
YKL217W,YLR047C,0,-0.10894176,0.23304282128810883,0.6131604909896851,0.20246073603630066
YLL002W,YEL030W,0,-0.10927347,0.23295454680919647,0.6131604909896851,0.20256076753139496
YNL251C,YPL029W,1,-0.10938687,0.23324498534202576,0.614157497882843,0.20256076753139496
YKR071C,YPR024W,0,-0.10960857,0.2331566959619522,0.614157497882843,0.20266079902648926
YHR156C,YDL047W,0,-0.10966234,0.23306848108768463,0.614157497882843,0.20276083052158356
YNL262W,YHR058C,0,-0.10985356,0.23298032581806183,0.614157497882843,0.20286086201667786
YKR008W,YPR091C,0,-0.11041876,0.232892245054245,0.614157497882843,0.20296089351177216
YMR013C,YJL200C,0,-0.11088725,0.23280423879623413,0.614157497882843,0.20306092500686646
YPL029W,YLR398C,1,-0.11097485,0.23309406638145447,0.6151545643806458,0.20306092500686646
YDR405W,YER185W,0,-0.11097706,0.2330060452222824,0.6151545643806458,0.20316094160079956
YOL021C,YJL208C,1,-0.11164215,0.23329558968544006,0.6161515712738037,0.20316094160079956
YAL060W,YDL029W,0,-0.112416185,0.2332075536251068,0.6161515712738037,0.20326097309589386
YGR229C,YBR093C,0,-0.11256874,0.23311957716941833,0.6161515712738037,0.20336100459098816
YPR190C,YNL239W,0,-0.11337078,0.23303167521953583,0.6161515712738037,0.20346103608608246
YGR095C,YFL021W,0,-0.1133833,0.2329438328742981,0.6161515712738037,0.20356106758117676
YLR440C,YGL030W,0,-0.113580994,0.23285606503486633,0.6161515712738037,0.20366109907627106
YOR025W,YOR085W,0,-0.1139733,0.23276835680007935,0.6161515712738037,0.20376113057136536
YGL178W,YDR172W,1,-0.11508667,0.23305723071098328,0.6171485781669617,0.20376113057136536
YDR473C,YNR035C,0,-0.115287684,0.2329695075750351,0.6171485781669617,0.20386116206645966
YGL014W,YPR042C,1,-0.11552294,0.23325808346271515,0.6181455850601196,0.20386116206645966
YKL093W,YHL034C,0,-0.11617687,0.23317036032676697,0.6181455850601196,0.20396119356155396
YGR081C,YAL029C,0,-0.11855604,0.23308271169662476,0.6181455850601196,0.20406122505664825
YNL117W,YFR001W,0,-0.11859764,0.23299510776996613,0.6181455850601196,0.20416124165058136
YKR019C,YBR276C,0,-0.11862657,0.23290759325027466,0.6181455850601196,0.20426127314567566
YGL014W,YLL027W,0,-0.11894411,0.23282012343406677,0.6181455850601196,0.20436130464076996
YPR137W,YDR240C,0,-0.11910246,0.23273272812366486,0.6181455850601196,0.20446133613586426
YPR125W,YJL006C,0,-0.11936136,0.2326454073190689,0.6181455850601196,0.20456136763095856
YBR261C,YOR162C,0,-0.11976909,0.23255814611911774,0.6181455850601196,0.20466139912605286
YOR168W,YJL085W,0,-0.11996066,0.23247094452381134,0.6181455850601196,0.20476143062114716
YKL208W,YMR125W,1,-0.120036736,0.23275862634181976,0.6191425919532776,0.20476143062114716
YMR182C,YLR107W,0,-0.120852,0.23267140984535217,0.6191425919532776,0.20486146211624146
YOL052C,YPL011C,0,-0.12090903,0.23258426785469055,0.6191425919532776,0.20496149361133575
YPL244C,YHR109W,0,-0.12152348,0.2324971854686737,0.6191425919532776,0.20506152510643005
YGL122C,YGL169W,0,-0.121629804,0.23241017758846283,0.6191425919532776,0.20516154170036316
YLR183C,YIL083C,0,-0.121686906,0.23232322931289673,0.6191425919532776,0.20526157319545746
YMR019W,YDR222W,0,-0.12187549,0.2322363555431366,0.6191425919532776,0.20536160469055176
YNL288W,YJR091C,1,-0.12189952,0.2325233668088913,0.6201395988464355,0.20536160469055176
YDR172W,YBR042C,0,-0.12288519,0.23243647813796997,0.6201395988464355,0.20546163618564606
YKL203C,YNR072W,0,-0.123167016,0.23234964907169342,0.6201395988464355,0.20556166768074036
YDR404C,YJL050W,1,-0.12385027,0.23263630270957947,0.6211366057395935,0.20556166768074036
YDR034C,YIL061C,0,-0.12387207,0.23254945874214172,0.6211366057395935,0.20566169917583466
YER168C,YIL133C,0,-0.1238902,0.23246268928050995,0.6211366057395935,0.20576173067092896
YKR036C,YMR020W,0,-0.124832906,0.23237597942352295,0.6211366057395935,0.20586176216602325
YDR076W,YAL017W,0,-0.12493674,0.23228932917118073,0.6211366057395935,0.20596179366111755
YER137C,YOR008C,0,-0.1256494,0.23220275342464447,0.6211366057395935,0.20606182515621185
YOR054C,YIL021W,0,-0.12593812,0.232116237282753,0.6211366057395935,0.20616184175014496
YBR260C,YGR085C,0,-0.12656349,0.23202979564666748,0.6211366057395935,0.20626187324523926
YLR136C,YDR172W,1,-0.12740433,0.23231570422649384,0.6221336126327515,0.20626187324523926
YDR378C,YPR187W,0,-0.12774393,0.23222924768924713,0.6221336126327515,0.20636190474033356
YER112W,YNL112W,1,-0.12804516,0.232514888048172,0.6231306195259094,0.20636190474033356
YER017C,YNR003C,0,-0.12967262,0.2324284166097641,0.6231306195259094,0.20646193623542786
YMR176W,YMR308C,0,-0.12972546,0.23234200477600098,0.6231306195259094,0.20656196773052216
YJL029C,YDR081C,0,-0.12973824,0.23225566744804382,0.6231306195259094,0.20666199922561646
YJR119C,YPR152C,0,-0.12989874,0.23216938972473145,0.6231306195259094,0.20676203072071075
YMR033W,YJL004C,0,-0.1304422,0.23208317160606384,0.6231306195259094,0.20686206221580505
YPL082C,YOL136C,0,-0.13149893,0.2319970279932022,0.6231306195259094,0.20696209371089935
YFL038C,YLR404W,0,-0.13193348,0.23191094398498535,0.6231306195259094,0.20706212520599365
YOR323C,YMR239C,0,-0.1322606,0.23182491958141327,0.6231306195259094,0.20716214179992676
YPR127W,YBR026C,0,-0.13228422,0.23173896968364716,0.6231306195259094,0.20726217329502106
YJL194W,YGL122C,0,-0.13282984,0.23165307939052582,0.6231306195259094,0.20736220479011536
YOL038W,YDR310C,0,-0.13283631,0.23156724870204926,0.6231306195259094,0.20746223628520966
YOR147W,YNL078W,0,-0.13352567,0.23148147761821747,0.6231306195259094,0.20756226778030396
YGL019W,YEL029C,0,-0.13356614,0.23139578104019165,0.6231306195259094,0.20766229927539825
YJL225C,YPL259C,0,-0.13382304,0.2313101440668106,0.6231306195259094,0.20776233077049255
YEL069C,YHR082C,0,-0.13384755,0.23122456669807434,0.6231306195259094,0.20786236226558685
YPL099C,YLR073C,0,-0.13386011,0.23113904893398285,0.6231306195259094,0.20796239376068115
YBR066C,YDR415C,0,-0.13420928,0.23105360567569733,0.6231306195259094,0.20806242525577545
YKR071C,YBR141C,0,-0.13427234,0.23096822202205658,0.6231306195259094,0.20816244184970856
YPL082C,YER019C-A,0,-0.13459301,0.2308828979730606,0.6231306195259094,0.20826247334480286
YOR232W,YHR085W,0,-0.13473213,0.2307976335287094,0.6231306195259094,0.20836250483989716
YIR018W,YER002W,0,-0.13508329,0.23071244359016418,0.6231306195259094,0.20846253633499146
YOR001W,YOR173W,1,-0.13537383,0.23099631071090698,0.6241276264190674,0.20846253633499146
YOL057W,YHR119W,0,-0.13560039,0.23091110587120056,0.6241276264190674,0.20856256783008575
YML056C,YLR309C,0,-0.13627341,0.23082596063613892,0.6241276264190674,0.20866259932518005
YDL202W,YIL047C,0,-0.13644159,0.23074087500572205,0.6241276264190674,0.20876263082027435
YHR077C,YBL113C,0,-0.13652995,0.23065586388111115,0.6241276264190674,0.20886266231536865
YPL112C,YDR337W,0,-0.1367476,0.23057089745998383,0.6241276264190674,0.20896269381046295
YEL070W,YNL121C,0,-0.13681248,0.23048600554466248,0.6241276264190674,0.20906272530555725
YCL004W,YMR239C,0,-0.13724712,0.2304011732339859,0.6241276264190674,0.20916274189949036
YNR006W,YHR059W,0,-0.13802686,0.2303164154291153,0.6241276264190674,0.20926277339458466
YMR287C,YER068W,1,-0.13809857,0.23059947788715363,0.6251246333122253,0.20926277339458466
YNR067C,YDR164C,0,-0.1385411,0.23051470518112183,0.6251246333122253,0.20936280488967896
YOL141W,YGL004C,0,-0.1389727,0.2304299920797348,0.6251246333122253,0.20946283638477325
YPR024W,YJL011C,0,-0.14000604,0.23034533858299255,0.6251246333122253,0.20956286787986755
YJL141C,YPL252C,0,-0.14016873,0.23026074469089508,0.6251246333122253,0.20966289937496185
YDR138W,YLR026C,0,-0.14058551,0.23017621040344238,0.6251246333122253,0.20976293087005615
YKR020W,YLR268W,0,-0.14148413,0.23009173572063446,0.6251246333122253,0.20986296236515045
YBR118W,YKL074C,0,-0.14166227,0.2300073355436325,0.6251246333122253,0.20996299386024475
YDR026C,YBL005W-B,0,-0.14212497,0.22992299497127533,0.6251246333122253,0.21006302535533905
YNL102W,YDR131C,0,-0.14230722,0.22983871400356293,0.6251246333122253,0.21016304194927216
YLR305C,YGL233W,0,-0.14403984,0.2297544926404953,0.6251246333122253,0.21026307344436646
YNL223W,YNL274C,0,-0.1441323,0.22967033088207245,0.6251246333122253,0.21036310493946075
YDR240C,YDR449C,0,-0.14499265,0.22958622872829437,0.6251246333122253,0.21046313643455505
YPR083W,YCR026C,0,-0.14579687,0.22950220108032227,0.6251246333122253,0.21056316792964935
YDR518W,YPL200W,0,-0.14593107,0.22941821813583374,0.6251246333122253,0.21066319942474365
YER117W,YJL117W,0,-0.14607935,0.22933430969715118,0.6251246333122253,0.21076323091983795
YNR031C,YIL035C,0,-0.1462582,0.2292504608631134,0.6251246333122253,0.21086326241493225
YCR093W,YBR275C,0,-0.14690375,0.2291666716337204,0.6251246333122253,0.21096329391002655
YLL012W,YGR222W,0,-0.14733768,0.22908294200897217,0.6251246333122253,0.21106332540512085
YGR056W,YDL128W,0,-0.14739731,0.2289992719888687,0.6251246333122253,0.21116334199905396
YLR329W,YOR038C,0,-0.14761919,0.22891566157341003,0.6251246333122253,0.21126337349414825
YGL186C,YPL167C,0,-0.14782779,0.22883211076259613,0.6251246333122253,0.21136340498924255
YCR077C,YJL209W,1,-0.14802879,0.22911345958709717,0.6261216402053833,0.21136340498924255
YJR138W,YKL124W,0,-0.14882052,0.22902990877628326,0.6261216402053833,0.21146343648433685
YER112W,YLR270W,1,-0.14901203,0.22931097447872162,0.6271186470985413,0.21146343648433685
YJR151C,YER022W,0,-0.14922902,0.22922740876674652,0.6271186470985413,0.21156346797943115
YOL045W,YIL006W,0,-0.14987296,0.2291439026594162,0.6271186470985413,0.21166349947452545
YEL052W,YJL103C,0,-0.15039162,0.22906045615673065,0.6271186470985413,0.21176353096961975
YHR030C,YKR056W,0,-0.15065548,0.22897706925868988,0.6271186470985413,0.21186356246471405
YBR118W,YLR394W,0,-0.15076658,0.22889374196529388,0.6271186470985413,0.21196359395980835
YLR047C,YER019C-A,0,-0.15116864,0.22881047427654266,0.6271186470985413,0.21206362545490265
YER049W,YIL177C,0,-0.15121499,0.22872726619243622,0.6271186470985413,0.21216364204883575
YBR118W,YGR072W,0,-0.15147705,0.22864413261413574,0.6271186470985413,0.21226367354393005
YDL165W,YNL288W,1,-0.15161023,0.22892442345619202,0.6281156539916992,0.21226367354393005
YKL041W,YNL259C,0,-0.15213877,0.22884126007556915,0.6281156539916992,0.21236370503902435
YGR246C,YDR229W,0,-0.15259773,0.22875817120075226,0.6281156539916992,0.21246373653411865
YDL111C,YPR152C,0,-0.15357351,0.22867514193058014,0.6281156539916992,0.21256376802921295
YJL112W,YOR204W,0,-0.15377332,0.2285921573638916,0.6281156539916992,0.21266379952430725
YGL051W,YBR141C,0,-0.15393561,0.22850924730300903,0.6281156539916992,0.21276383101940155
YJL194W,YNR044W,0,-0.15408558,0.22842639684677124,0.6281156539916992,0.21286386251449585
YGR214W,YDR364C,0,-0.15427943,0.22834360599517822,0.6281156539916992,0.21296389400959015
YDL217C,YDR332W,0,-0.15429735,0.22826087474822998,0.6281156539916992,0.21306392550468445
YGL186C,YGR177C,0,-0.15440151,0.2281782031059265,0.6281156539916992,0.21316394209861755
YDR245W,YLR386W,0,-0.1551995,0.22809557616710663,0.6281156539916992,0.21326397359371185
YOR106W,YOL112W,0,-0.15528575,0.2280130237340927,0.6281156539916992,0.21336400508880615
YKR002W,YLR224W,0,-0.1553055,0.22793053090572357,0.6281156539916992,0.21346403658390045
YKR008W,YML052W,0,-0.15542993,0.2278480976819992,0.6281156539916992,0.21356406807899475
YDR131C,YDL225W,0,-0.15638985,0.22776572406291962,0.6281156539916992,0.21366409957408905
YKR068C,YGL051W,0,-0.15653697,0.2276834100484848,0.6281156539916992,0.21376413106918335
YKR044W,YER002W,0,-0.1571351,0.22760115563869476,0.6281156539916992,0.21386416256427765
YGL113W,YBR192W,0,-0.15727147,0.2275189608335495,0.6281156539916992,0.21396419405937195
YLR329W,YNR013C,0,-0.15795156,0.227436825633049,0.6281156539916992,0.21406422555446625
YGL169W,YFL017W-A,0,-0.15800104,0.2273547500371933,0.6281156539916992,0.21416424214839935
YMR005W,YBL085W,0,-0.15822902,0.22727273404598236,0.6281156539916992,0.21426427364349365
YGR221C,YNL110C,0,-0.15881076,0.227190762758255,0.6281156539916992,0.21436430513858795
YBR230C,YLR145W,0,-0.15888041,0.22710886597633362,0.6281156539916992,0.21446433663368225
YKL149C,YLR438C-A,1,-0.15889096,0.22738738358020782,0.6291126608848572,0.21446433663368225
YDL165W,YJL050W,1,-0.15899357,0.2276657074689865,0.6301096677780151,0.21446433663368225
YOL057W,YNR072W,0,-0.15961552,0.22758372128009796,0.6301096677780151,0.21456436812877655
YLR103C,YJR053W,0,-0.16040307,0.2275017946958542,0.6301096677780151,0.21466439962387085
YJL178C,YHR039C-A,0,-0.16060217,0.22741994261741638,0.6301096677780151,0.21476443111896515
YHR030C,YDR164C,0,-0.16081756,0.22733813524246216,0.6301096677780151,0.21486446261405945
YMR097C,YDR138W,0,-0.16106987,0.2272563874721527,0.6301096677780151,0.21496449410915375
YIL128W,YDL121C,0,-0.16111818,0.22717469930648804,0.6301096677780151,0.21506452560424805
YMR046C,YGL220W,0,-0.16118014,0.22709307074546814,0.6301096677780151,0.21516454219818115
YAL060W,YMR173W,0,-0.16219,0.22701148688793182,0.6301096677780151,0.21526457369327545
YLR191W,YJL176C,0,-0.16274682,0.22692997753620148,0.6301096677780151,0.21536460518836975
YJL209W,YJR022W,1,-0.1633895,0.2272074669599533,0.6311066746711731,0.21536460518836975
YDR364C,YMR240C,0,-0.1636352,0.22712594270706177,0.6311066746711731,0.21546463668346405
YFL010W-A,YHL027W,0,-0.16459689,0.227044478058815,0.6311066746711731,0.21556466817855835
YNL050C,YGR020C,0,-0.16479966,0.226963073015213,0.6311066746711731,0.21566469967365265
YDR240C,YLR389C,0,-0.16512105,0.2268817275762558,0.6311066746711731,0.21576473116874695
YKL190W,YER104W,0,-0.16641206,0.22680042684078217,0.6311066746711731,0.21586476266384125
YPR072W,YDL102W,1,-0.16703506,0.22707736492156982,0.632103681564331,0.21586476266384125
YNL273W,YPR080W,0,-0.1674141,0.2269960641860962,0.632103681564331,0.21596479415893555
YOR304W,YGR085C,0,-0.16747415,0.22691482305526733,0.632103681564331,0.21606482565402985
YMR077C,YNL182C,0,-0.16772434,0.22683362662792206,0.632103681564331,0.21616484224796295
YNL102W,YKR102W,0,-0.16789344,0.22675250470638275,0.632103681564331,0.21626487374305725
YGL256W,YHR077C,0,-0.16795674,0.22667142748832703,0.632103681564331,0.21636490523815155
YLR130C,YOR353C,0,-0.16848579,0.22659042477607727,0.632103681564331,0.21646493673324585
YNL271C,YGL174W,0,-0.16928202,0.2265094667673111,0.632103681564331,0.21656496822834015
YBL076C,YOR085W,0,-0.17002001,0.2264285683631897,0.632103681564331,0.21666499972343445
YJR043C,YNL112W,1,-0.17002809,0.22670474648475647,0.633100688457489,0.21666499972343445
YHR069C,YAL054C,0,-0.1700525,0.22662383317947388,0.633100688457489,0.21676503121852875
YDR067C,YEL053C,0,-0.17017671,0.22654299437999725,0.633100688457489,0.21686506271362305
YGR095C,YOL123W,1,-0.17038521,0.22681882977485657,0.634097695350647,0.21686506271362305
YMR049C,YOL104C,0,-0.17086318,0.22673796117305756,0.634097695350647,0.21696509420871735
YBR247C,YCR093W,0,-0.17088792,0.22665716707706451,0.634097695350647,0.21706512570381165
YDR414C,YNL172W,0,-0.17124361,0.22657641768455505,0.634097695350647,0.21716514229774475
YNL262W,YMR034C,0,-0.17145842,0.22649572789669037,0.634097695350647,0.21726517379283905
YGR258C,YPR152C,0,-0.17156589,0.22641509771347046,0.634097695350647,0.21736520528793335
YBR155W,YNL122C,0,-0.1720646,0.22633451223373413,0.634097695350647,0.21746523678302765
YPR011C,YLR182W,0,-0.17224425,0.22625400125980377,0.634097695350647,0.21756526827812195
YNL153C,YOL107W,0,-0.17233528,0.226173534989357,0.634097695350647,0.21766529977321625
YMR049C,YBR187W,0,-0.1725566,0.2260931432247162,0.634097695350647,0.21776533126831055
YDR351W,YDL024C,0,-0.17260641,0.22601279616355896,0.634097695350647,0.21786536276340485
YLR130C,YDR444W,0,-0.17276065,0.2259325087070465,0.634097695350647,0.21796539425849915
YOR212W,YHR156C,0,-0.17395824,0.22585226595401764,0.634097695350647,0.21806542575359344
YJL128C,YER137C,0,-0.17397782,0.22577209770679474,0.634097695350647,0.21816544234752655
YBR247C,YHR209W,0,-0.17405725,0.22569197416305542,0.634097695350647,0.21826547384262085
YPR035W,YGR255C,0,-0.17427886,0.22561192512512207,0.634097695350647,0.21836550533771515
YJL124C,YJR006W,1,-0.17459816,0.2258865237236023,0.6350947022438049,0.21836550533771515
YCR026C,YIL047C,0,-0.17471999,0.22580644488334656,0.6350947022438049,0.21846553683280945
YJL200C,YJL085W,0,-0.17510933,0.2257264405488968,0.6350947022438049,0.21856556832790375
YER171W,YNL284C,0,-0.17577292,0.2256464809179306,0.6350947022438049,0.21866559982299805
YOL139C,YJR022W,1,-0.17622632,0.2259206771850586,0.6360917091369629,0.21866559982299805
YJL213W,YEL056W,0,-0.17677008,0.2258407026529312,0.6360917091369629,0.21876563131809235
YJL200C,YER046W,0,-0.17708924,0.2257607877254486,0.6360917091369629,0.21886566281318665
YLR182W,YJL030W,0,-0.1777273,0.22568093240261078,0.6360917091369629,0.21896569430828094
YGL014W,YIL095W,0,-0.17826146,0.22560113668441772,0.6360917091369629,0.21906572580337524
YDL227C,YMR115W,0,-0.1791834,0.22552138566970825,0.6360917091369629,0.21916574239730835
YMR013C,YGL186C,0,-0.17926109,0.22544169425964355,0.6360917091369629,0.21926577389240265
YOR274W,YGL212W,0,-0.17935687,0.22536206245422363,0.6360917091369629,0.21936580538749695
YJL030W,YOR275C,0,-0.17938286,0.2252824902534485,0.6360917091369629,0.21946583688259125
YLR452C,YIL139C,0,-0.17946857,0.22520296275615692,0.6360917091369629,0.21956586837768555
YPL252C,YOR327C,0,-0.18021166,0.22512349486351013,0.6360917091369629,0.21966589987277985
YDR151C,YMR098C,1,-0.18047372,0.22539682686328888,0.6370887160301208,0.21966589987277985
YOR038C,YKL074C,0,-0.18050247,0.2253173440694809,0.6370887160301208,0.21976593136787415
YKR008W,YDR218C,0,-0.1808877,0.2252379208803177,0.6370887160301208,0.21986596286296844
YDR164C,YOR138C,0,-0.18112698,0.22515855729579926,0.6370887160301208,0.21996599435806274
YAR035W,YPL065W,0,-0.18130761,0.2250792533159256,0.6370887160301208,0.22006602585315704
YDR082W,YKR071C,0,-0.18139881,0.22499999403953552,0.6370887160301208,0.22016604244709015
YMR272C,YKR102W,0,-0.18141961,0.22492080926895142,0.6370887160301208,0.22026607394218445
YJR082C,YIL046W,0,-0.18167387,0.2248416543006897,0.6370887160301208,0.22036610543727875
YEL036C,YNL309W,0,-0.18195586,0.22476257383823395,0.6370887160301208,0.22046613693237305
YOR355W,YER190W,0,-0.183186,0.22468353807926178,0.6370887160301208,0.22056616842746735
YJR149W,YGL183C,0,-0.18348145,0.22460457682609558,0.6370887160301208,0.22066619992256165
YLL003W,YDR373W,0,-0.18421924,0.22452564537525177,0.6370887160301208,0.22076623141765594
YPR190C,YJR040W,0,-0.18452212,0.22444678843021393,0.6370887160301208,0.22086626291275024
YBR274W,YLR163C,0,-0.18489781,0.22436797618865967,0.6370887160301208,0.22096629440784454
YPR135W,YLR353W,0,-0.18541825,0.22428922355175018,0.6370887160301208,0.22106632590293884
YBL113C,YOR162C,0,-0.18546969,0.22421053051948547,0.6370887160301208,0.22116634249687195
YNR017W,YOL040C,0,-0.18549368,0.22413188219070435,0.6370887160301208,0.22126637399196625
YMR049C,YBL079W,0,-0.18593702,0.224053293466568,0.6370887160301208,0.22136640548706055
YLR383W,YKR101W,0,-0.18651992,0.22397476434707642,0.6370887160301208,0.22146643698215485
YGL244W,YOR215C,0,-0.18653148,0.22389627993106842,0.6370887160301208,0.22156646847724915
YDR196C,YEL041W,0,-0.18653199,0.2238178700208664,0.6370887160301208,0.22166649997234344
YDR172W,YKL130C,0,-0.18766317,0.22373948991298676,0.6370887160301208,0.22176653146743774
YBL112C,YJR028W,0,-0.18891026,0.22366118431091309,0.6370887160301208,0.22186656296253204
YLR401C,YDR403W,0,-0.18966913,0.223582923412323,0.6370887160301208,0.22196659445762634
YLR386W,YJL081C,0,-0.18989721,0.22350472211837769,0.6370887160301208,0.22206662595272064
YOR291W,YDR306C,0,-0.18991861,0.22342658042907715,0.6370887160301208,0.22216664254665375
YER185W,YDL024C,0,-0.19102299,0.2233484834432602,0.6370887160301208,0.22226667404174805
YOL165C,YPL002C,0,-0.19192988,0.223270446062088,0.6370887160301208,0.22236670553684235
YKR071C,YIL139C,0,-0.19241528,0.22319245338439941,0.6370887160301208,0.22246673703193665
YCR077C,YMR287C,1,-0.19260672,0.22346368432044983,0.6380857229232788,0.22246673703193665
YDR454C,YMR075W,0,-0.19281697,0.22338569164276123,0.6380857229232788,0.22256676852703094
YER050C,YPL002C,0,-0.1928607,0.2233077436685562,0.6380857229232788,0.22266680002212524
YMR137C,YHR059W,0,-0.19297063,0.22322985529899597,0.6380857229232788,0.22276683151721954
YKL022C,YHR082C,0,-0.19403774,0.2231520265340805,0.6380857229232788,0.22286686301231384
YLR404W,YPR152C,0,-0.19416714,0.22307424247264862,0.6380857229232788,0.22296689450740814
YMR049C,YNL178W,0,-0.19447583,0.2229965180158615,0.6380857229232788,0.22306692600250244
YLL008W,YBR080C,0,-0.19536532,0.22291883826255798,0.6380857229232788,0.22316695749759674
YDL040C,YML039W,0,-0.19716868,0.22284123301506042,0.6380857229232788,0.22326697409152985
YLR182W,YOR204W,0,-0.19759744,0.22276365756988525,0.6380857229232788,0.22336700558662415
YBL112C,YPR091C,0,-0.19798633,0.22268615663051605,0.6380857229232788,0.22346703708171844
YLR383W,YJL155C,0,-0.19828752,0.22260870039463043,0.6380857229232788,0.22356706857681274
YMR301C,YLR213C,0,-0.1983256,0.2225312888622284,0.6380857229232788,0.22366710007190704
YMR300C,YJR112W,0,-0.19835353,0.22245395183563232,0.6380857229232788,0.22376713156700134
YDR473C,YPL093W,0,-0.1987103,0.22237664461135864,0.6380857229232788,0.22386716306209564
YKL093W,YMR065W,0,-0.19875371,0.22229941189289093,0.6380857229232788,0.22396719455718994
YBR155W,YMR250W,0,-0.19923937,0.2222222238779068,0.6380857229232788,0.22406722605228424
YOL141W,YDL028C,0,-0.19979945,0.22214509546756744,0.6380857229232788,0.22416725754737854
YMR146C,YHR074W,0,-0.19988638,0.22206801176071167,0.6380857229232788,0.22426727414131165
YOR168W,YIL177C,0,-0.20006934,0.22199098765850067,0.6380857229232788,0.22436730563640594
YHR059W,YLL027W,0,-0.2003625,0.22191400825977325,0.6380857229232788,0.22446733713150024
YLR191W,YCR052W,0,-0.20067608,0.2218370884656906,0.6380857229232788,0.22456736862659454
YEL043W,YGR034W,0,-0.20092103,0.22176022827625275,0.6380857229232788,0.22466740012168884
YDL111C,YFR036W,0,-0.20112267,0.22168341279029846,0.6380857229232788,0.22476743161678314
YLR316C,YNL078W,0,-0.20116477,0.22160664200782776,0.6380857229232788,0.22486746311187744
YDR512C,YBR271W,0,-0.20117322,0.22152994573116302,0.6380857229232788,0.22496749460697174
YGL222C,YDR151C,1,-0.20173346,0.2217993140220642,0.6390827298164368,0.22496749460697174
YEL069C,YDR146C,0,-0.202627,0.2217225879430771,0.6390827298164368,0.22506752610206604
YCL014W,YBL026W,0,-0.20265898,0.22164592146873474,0.6390827298164368,0.22516755759716034
YLR305C,YGL183C,0,-0.20426789,0.22156929969787598,0.6390827298164368,0.22526757419109344
YPR042C,YNR024W,1,-0.20496339,0.22183828055858612,0.6400797367095947,0.22526757419109344
YDR034C,YOR338W,0,-0.20519786,0.22176165878772736,0.6400797367095947,0.22536760568618774
YNL147W,YLR380W,0,-0.20546824,0.22168508172035217,0.6400797367095947,0.22546763718128204
YMR321C,YDR281C,0,-0.20572728,0.22160856425762177,0.6400797367095947,0.22556766867637634
YKL130C,YDR364C,0,-0.20582715,0.22153209149837494,0.6400797367095947,0.22566770017147064
YLR278C,YDL040C,0,-0.20589781,0.2214556783437729,0.6400797367095947,0.22576773166656494
YER087W,YGL113W,0,-0.20629612,0.22137930989265442,0.6400797367095947,0.22586776316165924
YDR451C,YJL053W,0,-0.20637059,0.22130300104618073,0.6400797367095947,0.22596779465675354
YMR049C,YPL042C,0,-0.20648435,0.2212267369031906,0.6400797367095947,0.22606782615184784
YIL135C,YDR497C,0,-0.20655191,0.22115053236484528,0.6400797367095947,0.22616785764694214
YJR004C,YAL029C,0,-0.20655742,0.22107438743114471,0.6400797367095947,0.22626787424087524
YBL112C,YPL112C,0,-0.20684925,0.22099827229976654,0.6400797367095947,0.22636790573596954
YGR134W,YOR085W,0,-0.20751697,0.22092223167419434,0.6400797367095947,0.22646793723106384
YGR144W,YAR035W,0,-0.20767331,0.2208462357521057,0.6400797367095947,0.22656796872615814
YEL043W,YIL135C,0,-0.20771152,0.22077028453350067,0.6400797367095947,0.22666800022125244
YPR024W,YML097C,0,-0.20781443,0.2206943929195404,0.6400797367095947,0.22676803171634674
YDR499W,YJL082W,0,-0.20798698,0.22061856091022491,0.6400797367095947,0.22686806321144104
YNL073W,YPL082C,0,-0.20814228,0.220542773604393,0.6400797367095947,0.22696809470653534
YOR145C,YCL025C,0,-0.20871198,0.22046703100204468,0.6400797367095947,0.22706812620162964
YMR013C,YOR251C,0,-0.20877081,0.22039134800434113,0.6400797367095947,0.22716815769672394
YDL024C,YOL004W,0,-0.2089315,0.22031572461128235,0.6400797367095947,0.22726817429065704
YBR066C,YMR319C,0,-0.20911169,0.22024013102054596,0.6400797367095947,0.22736820578575134
YJR138W,YDR496C,0,-0.2092601,0.22016461193561554,0.6400797367095947,0.22746823728084564
YMR234W,YGL173C,1,-0.20942444,0.22043195366859436,0.6410767436027527,0.22746823728084564
YHR077C,YLR330W,0,-0.20970032,0.22035640478134155,0.6410767436027527,0.22756826877593994
YDL102W,YGR195W,1,-0.2100968,0.22062350809574127,0.6420737504959106,0.22756826877593994
YIL142W,YDR229W,0,-0.21035436,0.22054794430732727,0.6420737504959106,0.22766830027103424
YKL020C,YMR087W,0,-0.21040165,0.22047244012355804,0.6420737504959106,0.22776833176612854
YIR018W,YDL097C,0,-0.21152787,0.2203969955444336,0.6420737504959106,0.22786836326122284
YDR151C,YGL004C,0,-0.21169573,0.22032158076763153,0.6420737504959106,0.22796839475631714
YIL134W,YDR364C,0,-0.21208906,0.22024624049663544,0.6420737504959106,0.22806842625141144
YNR015W,YOR222W,0,-0.21217084,0.22017094492912292,0.6420737504959106,0.22816845774650574
YMR227C,YGR012W,0,-0.21316421,0.220095694065094,0.6420737504959106,0.22826847434043884
YOL107W,YML080W,0,-0.2131972,0.22002050280570984,0.6420737504959106,0.22836850583553314
YGL212W,YDR240C,0,-0.21329516,0.21994535624980927,0.6420737504959106,0.22846853733062744
YLR264W,YNL298W,0,-0.2141673,0.21987026929855347,0.6420737504959106,0.22856856882572174
YKR019C,YIL046W,0,-0.21423528,0.21979522705078125,0.6420737504959106,0.22866860032081604
YNL314W,YNL147W,0,-0.2145797,0.21972022950649261,0.6420737504959106,0.22876863181591034
YDR138W,YCL032W,0,-0.21463284,0.21964529156684875,0.6420737504959106,0.22886866331100464
YDR383C,YMR020W,0,-0.2146523,0.21957039833068848,0.6420737504959106,0.22896869480609894
YOR054C,YPR083W,0,-0.21610364,0.21949556469917297,0.6420737504959106,0.22906872630119324
YMR234W,YJR091C,1,-0.21610397,0.21976150572299957,0.6430708169937134,0.22906872630119324
YDR414C,YNR004W,0,-0.2162328,0.21968664228916168,0.6430708169937134,0.22916875779628754
YNR028W,YOR340C,0,-0.21684837,0.21961185336112976,0.6430708169937134,0.22926877439022064
YNL016W,YGL213C,1,-0.21685109,0.2198774665594101,0.6440678238868713,0.22926877439022064
YPL273W,YMR308C,0,-0.21713907,0.2198026478290558,0.6440678238868713,0.22936880588531494
YCR077C,YGL178W,1,-0.21720493,0.22006802260875702,0.6450648307800293,0.22936880588531494
YKL168C,YIL035C,0,-0.2177346,0.2199932038784027,0.6450648307800293,0.22946883738040924
YOR212W,YOR145C,0,-0.21793023,0.21991842985153198,0.6450648307800293,0.22956886887550354
YPL276W,YLL033W,0,-0.2185049,0.21984370052814484,0.6450648307800293,0.22966890037059784
YGL107C,YPL029W,1,-0.21892813,0.22010870277881622,0.6460618376731873,0.22966890037059784
YLL004W,YHR059W,0,-0.21902224,0.22003395855426788,0.6460618376731873,0.22976893186569214
YMR019W,YMR238W,0,-0.21988532,0.21995927393436432,0.6460618376731873,0.22986896336078644
YMR146C,YAL024C,0,-0.22101042,0.21988463401794434,0.6460618376731873,0.22996899485588074
YOR283W,YJR133W,0,-0.2222555,0.21981003880500793,0.6460618376731873,0.23006902635097504
YNL261W,YKR019C,0,-0.22247607,0.2197355031967163,0.6460618376731873,0.23016905784606934
YKL090W,YOR194C,0,-0.22290206,0.21966101229190826,0.6460618376731873,0.23026907444000244
YKL174C,YDL077C,0,-0.22318438,0.219586580991745,0.6460618376731873,0.23036910593509674
YKL022C,YLR026C,0,-0.22327852,0.2195121943950653,0.6460618376731873,0.23046913743019104
YMR168C,YOR222W,0,-0.22354952,0.2194378525018692,0.6460618376731873,0.23056916892528534
YJL029C,YJL149W,0,-0.22376034,0.21936357021331787,0.6460618376731873,0.23066920042037964
YBR271W,YFL033C,0,-0.22380891,0.21928934752941132,0.6460618376731873,0.23076923191547394
YDR170C,YOL028C,0,-0.22382852,0.21921515464782715,0.6460618376731873,0.23086926341056824
YLR165C,YLR329W,0,-0.22382945,0.21914102137088776,0.6460618376731873,0.23096929490566254
YIL006W,YCL034W,0,-0.22383106,0.21906693279743195,0.6460618376731873,0.23106932640075684
YNL299W,YGL107C,1,-0.22419727,0.21933086216449738,0.6470588445663452,0.23106932640075684
YLR270W,YGR195W,1,-0.2242729,0.21959459781646729,0.6480558514595032,0.23106932640075684
YER168C,YHR058C,0,-0.22437361,0.2195204347372055,0.6480558514595032,0.23116935789585114
YGL212W,YDR337W,0,-0.22443369,0.2194463163614273,0.6480558514595032,0.23126937448978424
YLR228C,YNL290W,0,-0.22481659,0.21937225759029388,0.6480558514595032,0.23136940598487854
YBR261C,YOR353C,0,-0.22538668,0.21929824352264404,0.6480558514595032,0.23146943747997284
YGR070W,YKR026C,0,-0.22556311,0.21922428905963898,0.6480558514595032,0.23156946897506714
YDL246C,YBL089W,0,-0.22559747,0.2191503643989563,0.6480558514595032,0.23166950047016144
YJR032W,YKL168C,0,-0.22573644,0.2190765142440796,0.6480558514595032,0.23176953196525574
YDL084W,YDR496C,0,-0.22616994,0.21900269389152527,0.6480558514595032,0.23186956346035004
YLR203C,YOR084W,0,-0.22628465,0.21892893314361572,0.6480558514595032,0.23196959495544434
YKL009W,YCR087C-A,0,-0.22712108,0.21885521709918976,0.6480558514595032,0.23206962645053864
YPL094C,YKL166C,0,-0.2272898,0.21878156065940857,0.6480558514595032,0.23216965794563293
YEL069C,YBR141C,0,-0.22778672,0.21870793402194977,0.6480558514595032,0.23226967453956604
YJR119C,YER104W,0,-0.22823939,0.21863438189029694,0.6480558514595032,0.23236970603466034
YCL036W,YFL054C,0,-0.22879821,0.2185608595609665,0.6480558514595032,0.23246973752975464
YBL052C,YMR159C,0,-0.22902566,0.21848739683628082,0.6480558514595032,0.23256976902484894
YOR145C,YKR006C,0,-0.22970107,0.21841397881507874,0.6480558514595032,0.23266980051994324
YOR145C,YPR043W,0,-0.22991183,0.21834060549736023,0.6480558514595032,0.23276983201503754
YMR315W,YOL107W,0,-0.23014933,0.2182672917842865,0.6480558514595032,0.23286986351013184
YNL271C,YGR112W,0,-0.23178706,0.21819402277469635,0.6480558514595032,0.23296989500522614
YPR137W,YCR026C,0,-0.23184487,0.21812079846858978,0.6480558514595032,0.23306992650032043
YDR411C,YDR364C,0,-0.23216859,0.218047633767128,0.6480558514595032,0.23316995799541473
YDR429C,YFL013C,0,-0.23257214,0.21797451376914978,0.6480558514595032,0.23326997458934784
YDR151C,YER068W,1,-0.23262772,0.21823666989803314,0.6490528583526611,0.23326997458934784
YLR136C,YMR125W,1,-0.23292124,0.21849866211414337,0.6500498652458191,0.23326997458934784
YHR047C,YER017C,0,-0.23318076,0.2184254676103592,0.6500498652458191,0.23337000608444214
YOL093W,YOR393W,0,-0.23371431,0.2183523178100586,0.6500498652458191,0.23347003757953644
YJR053W,YMR229C,0,-0.23479316,0.21827921271324158,0.6500498652458191,0.23357006907463074
YFL066C,YDR429C,0,-0.23541039,0.21820615231990814,0.6500498652458191,0.23367010056972504
YJR082C,YMR194W,0,-0.23590645,0.21813315153121948,0.6500498652458191,0.23377013206481934
YLR264W,YJL117W,0,-0.23603547,0.2180601954460144,0.6500498652458191,0.23387016355991364
YDR207C,YNR028W,0,-0.23617312,0.2179872989654541,0.6500498652458191,0.23397019505500793
YBL011W,YJL081C,0,-0.23718643,0.2179144322872162,0.6500498652458191,0.23407022655010223
YNL072W,YDR378C,1,-0.2372284,0.2181757390499115,0.651046872138977,0.23407022655010223
YKL208W,YAL021C,1,-0.23742121,0.21843686699867249,0.652043879032135,0.23407022655010223
YJR091C,YCR093W,1,-0.23799014,0.21869783103466034,0.653040885925293,0.23407022655010223
YPR119W,YML056C,0,-0.23885363,0.21862483024597168,0.653040885925293,0.23417025804519653
YIL132C,YLR145W,0,-0.23998296,0.2185518890619278,0.653040885925293,0.23427027463912964
YOR310C,YML099C,0,-0.24057084,0.2184789925813675,0.653040885925293,0.23437030613422394
YOR388C,YOR294W,0,-0.24068111,0.21840614080429077,0.653040885925293,0.23447033762931824
YLR314C,YJL140W,0,-0.24074203,0.21833333373069763,0.653040885925293,0.23457036912441254
YOR377W,YIR032C,0,-0.24125642,0.21826058626174927,0.653040885925293,0.23467040061950684
YPR042C,YOL021C,1,-0.24187526,0.21852098405361176,0.6540378928184509,0.23467040061950684
YDL202W,YER171W,0,-0.2420722,0.2184482216835022,0.6540378928184509,0.23477043211460114
YDL175C,YJR091C,1,-0.24252927,0.21870839595794678,0.6550348997116089,0.23477043211460114
YBL076C,YKL074C,0,-0.24307269,0.21863560378551483,0.6550348997116089,0.23487046360969543
YMR179W,YML109W,0,-0.24333298,0.21856287121772766,0.6550348997116089,0.23497049510478973
YAL021C,YDL175C,1,-0.24340898,0.21882274746894836,0.6560319066047668,0.23497049510478973
YDR137W,YKL015W,0,-0.24486274,0.21875,0.6560319066047668,0.23507052659988403
YBR182C,YPL180W,0,-0.24494097,0.21867729723453522,0.6560319066047668,0.23517055809497833
YPL131W,YNL107W,0,-0.24515852,0.2186046540737152,0.6560319066047668,0.23527057468891144
YDR280W,YBL026W,1,-0.24582532,0.21886415779590607,0.6570289134979248,0.23527057468891144
YPL083C,YMR300C,0,-0.24603587,0.21879149973392487,0.6570289134979248,0.23537060618400574
YJR101W,YOR162C,0,-0.24630222,0.21871888637542725,0.6570289134979248,0.23547063767910004
YMR089C,YPR035W,0,-0.246321,0.2186463177204132,0.6570289134979248,0.23557066917419434
YMR046C,YIL177C,0,-0.2463693,0.21857379376888275,0.6570289134979248,0.23567070066928864
YPR072W,YPL029W,1,-0.24641582,0.21883289515972137,0.6580259203910828,0.23567070066928864
YNL231C,YBR257W,0,-0.24678633,0.21876035630702972,0.6580259203910828,0.23577073216438293
YIL061C,YBL068W,0,-0.24705258,0.21868787705898285,0.6580259203910828,0.23587076365947723
YGR134W,YMR240C,0,-0.2472091,0.21861544251441956,0.6580259203910828,0.23597079515457153
YHR214C-B,YEL062W,0,-0.24769047,0.21854305267333984,0.6580259203910828,0.23607082664966583
YJL004C,YGR171C,0,-0.24782762,0.2184707075357437,0.6580259203910828,0.23617085814476013
YGR056W,YLL061W,0,-0.2482355,0.21839840710163116,0.6580259203910828,0.23627087473869324
YDL074C,YMR065W,0,-0.2485143,0.2183261662721634,0.6580259203910828,0.23637090623378754
YBR287W,YPR060C,0,-0.24862537,0.2182539701461792,0.6580259203910828,0.23647093772888184
YHR005C-A,YOR327C,0,-0.24880666,0.2181818187236786,0.6580259203910828,0.23657096922397614
YNL314W,YKL130C,0,-0.24922624,0.21810971200466156,0.6580259203910828,0.23667100071907043
YMR203W,YPL007C,0,-0.24940452,0.2180376648902893,0.6580259203910828,0.23677103221416473
YNL072W,YLR398C,1,-0.24962923,0.2182959020137787,0.6590229272842407,0.23677103221416473
YKL113C,YCR093W,1,-0.24979457,0.21855397522449493,0.6600199341773987,0.23677103221416473
YDL227C,YGR134W,0,-0.24994189,0.2184818536043167,0.6600199341773987,0.23687106370925903
YJR021C,YMR077C,0,-0.2502275,0.21840976178646088,0.6600199341773987,0.23697109520435333
YML073C,YMR065W,0,-0.25054955,0.21833772957324982,0.6600199341773987,0.23707112669944763
YDR373W,YDL148C,0,-0.25137255,0.21826574206352234,0.6600199341773987,0.23717115819454193
YLR219W,YDR240C,0,-0.25139594,0.21819379925727844,0.6600199341773987,0.23727117478847504
YMR033W,YDL225W,0,-0.25140867,0.21812191605567932,0.6600199341773987,0.23737120628356934
YMR301C,YLR088W,0,-0.2515256,0.2180500626564026,0.6600199341773987,0.23747123777866364
YJR149W,YDL015C,0,-0.25153947,0.21797826886177063,0.6600199341773987,0.23757126927375793
YJR091C,YHR081W,1,-0.25170538,0.21823568642139435,0.6610169410705566,0.23757126927375793
YOR159C,YAL024C,0,-0.2521132,0.21816386282444,0.6610169410705566,0.23767130076885223
YNR072W,YGL071W,0,-0.25322527,0.21809209883213043,0.6610169410705566,0.23777133226394653
YLR425W,YMR033W,0,-0.25375953,0.21802039444446564,0.6610169410705566,0.23787136375904083
YDL047W,YDR151C,0,-0.25399238,0.21794871985912323,0.6610169410705566,0.23797139525413513
YDL160C,YOR359W,1,-0.25403407,0.21820572018623352,0.6620139479637146,0.23797139525413513
YKR054C,YKR068C,0,-0.25429708,0.21813403069972992,0.6620139479637146,0.23807142674922943
YPL180W,YKL201C,0,-0.25451478,0.2180624008178711,0.6620139479637146,0.23817145824432373
YKL020C,YCR026C,0,-0.25499108,0.21799080073833466,0.6620139479637146,0.23827147483825684
YIL006W,YPR125W,0,-0.25505504,0.217919260263443,0.6620139479637146,0.23837150633335114
YPR035W,YML036W,0,-0.2568342,0.2178477644920349,0.6620139479637146,0.23847153782844543
YBL112C,YDR476C,0,-0.25734925,0.2177763134241104,0.6620139479637146,0.23857156932353973
YLR183C,YMR039C,0,-0.25747123,0.2177049219608307,0.6620139479637146,0.23867160081863403
YPL134C,YIL006W,0,-0.2575552,0.21763356029987335,0.6620139479637146,0.23877163231372833
YPL119C,YDR457W,0,-0.25756156,0.2175622582435608,0.6620139479637146,0.23887166380882263
YGR177C,YNR010W,0,-0.2578222,0.21749098598957062,0.6620139479637146,0.23897169530391693
YDR026C,YEL056W,0,-0.25825697,0.21741977334022522,0.6620139479637146,0.23907172679901123
YLR270W,YCR035C,1,-0.25954646,0.21767593920230865,0.6630109548568726,0.23907172679901123
YDR411C,YNR003C,0,-0.25996953,0.21760471165180206,0.6630109548568726,0.23917175829410553
YNL163C,YJL206C,0,-0.26041004,0.21753352880477905,0.6630109548568726,0.23927177488803864
YNL118C,YLR438C-A,1,-0.26090813,0.2177894115447998,0.6640079617500305,0.23927177488803864
YJR055W,YEL036C,0,-0.26166612,0.2177182137966156,0.6640079617500305,0.23937180638313293
YDR164C,YNL121C,0,-0.2619184,0.21764706075191498,0.6640079617500305,0.23947183787822723
YMR020W,YJL004C,0,-0.26197168,0.21757595241069794,0.6640079617500305,0.23957186937332153
YNL299W,YPR042C,1,-0.26207754,0.21783147752285004,0.6650049686431885,0.23957186937332153
YMR321C,YGL216W,0,-0.26358137,0.217760369181633,0.6650049686431885,0.23967190086841583
YKL090W,YIL002C,0,-0.26370612,0.21768929064273834,0.6650049686431885,0.23977193236351013
YER049W,YBR182C,0,-0.26377016,0.21761827170848846,0.6650049686431885,0.23987196385860443
YJL187C,YLR401C,0,-0.264344,0.21754729747772217,0.6650049686431885,0.23997199535369873
YMR276W,YNR017W,0,-0.2645458,0.21747636795043945,0.6650049686431885,0.24007202684879303
YOL021C,YJR091C,1,-0.26480657,0.21773141622543335,0.6660019755363464,0.24007202684879303
YNR072W,YJL149W,0,-0.265033,0.21766047179698944,0.6660019755363464,0.24017205834388733
YJR006W,YJL149W,0,-0.2655355,0.2175895720720291,0.6660019755363464,0.24027207493782043
YDR429C,YIL047C,0,-0.26571387,0.21751871705055237,0.6660019755363464,0.24037210643291473
YMR269W,YMR203W,0,-0.26643187,0.2174479216337204,0.6660019755363464,0.24047213792800903
YOR297C,YFL001W,0,-0.26656526,0.21737715601921082,0.6660019755363464,0.24057216942310333
YOL142W,YLR359W,0,-0.2671487,0.21730643510818481,0.6660019755363464,0.24067220091819763
YLR153C,YMR239C,0,-0.26734924,0.2172357738018036,0.6660019755363464,0.24077223241329193
YIL108W,YGL259W,0,-0.26740354,0.21716514229774475,0.6660019755363464,0.24087226390838623
YFL066C,YDR138W,0,-0.26766333,0.2170945703983307,0.6660019755363464,0.24097229540348053
YMR117C,YJR036C,0,-0.26907033,0.2170240432024002,0.6660019755363464,0.24107232689857483
YBR150C,YDR205W,0,-0.2690833,0.2169535607099533,0.6660019755363464,0.24117235839366913
YIL020C,YBR243C,0,-0.26955667,0.21688312292099,0.6660019755363464,0.24127237498760223
YOL040C,YMR304W,0,-0.26977545,0.21681272983551025,0.6660019755363464,0.24137240648269653
YGL236C,YDR332W,0,-0.2698195,0.2167423814535141,0.6660019755363464,0.24147243797779083
YLR183C,YOR148C,0,-0.27017233,0.21667207777500153,0.6660019755363464,0.24157246947288513
YNL223W,YPL099C,0,-0.27040604,0.21660181879997253,0.6660019755363464,0.24167250096797943
YJL053W,YLR309C,0,-0.27053612,0.21653160452842712,0.6660019755363464,0.24177253246307373
YCR014C,YLR130C,0,-0.27062747,0.2164614349603653,0.6660019755363464,0.24187256395816803
YLL008W,YGL010W,0,-0.27062923,0.21639132499694824,0.6660019755363464,0.24197259545326233
YIL140W,YOR393W,0,-0.2708036,0.21632124483585358,0.6660019755363464,0.24207262694835663
YIL177C,YPL065W,0,-0.2708467,0.2162512093782425,0.6660019755363464,0.24217265844345093
YPR162C,YGL203C,0,-0.27088577,0.21618123352527618,0.6660019755363464,0.24227267503738403
YER017C,YJL134W,0,-0.27111593,0.21611128747463226,0.6660019755363464,0.24237270653247833
YKL113C,YJR043C,1,-0.27114302,0.2163648158311844,0.6669989824295044,0.24237270653247833
YHR005C-A,YER190W,0,-0.2714865,0.21629485487937927,0.6669989824295044,0.24247273802757263
YIL021W,YOR148C,0,-0.27174318,0.21622495353221893,0.6669989824295044,0.24257276952266693
YKL217W,YBR006W,0,-0.27176166,0.21615508198738098,0.6669989824295044,0.24267280101776123
YDR310C,YJL117W,0,-0.27176595,0.2160852700471878,0.6669989824295044,0.24277283251285553
YDR159W,YLR050C,0,-0.2722526,0.2160155028104782,0.6669989824295044,0.24287286400794983
YOR251C,YBL034C,0,-0.27249458,0.215945765376091,0.6669989824295044,0.24297289550304413
YDR151C,YGL097W,1,-0.27270246,0.21619877219200134,0.6679959893226624,0.24297289550304413
YOL102C,YDR281C,0,-0.27300128,0.21612903475761414,0.6679959893226624,0.24307292699813843
YPL119C,YGR077C,0,-0.27328363,0.2160593420267105,0.6679959893226624,0.24317295849323273
YER151C,YLL003W,0,-0.27365884,0.21598967909812927,0.6679959893226624,0.24327297508716583
YGL170C,YIL006W,0,-0.27411896,0.2159200757741928,0.6679959893226624,0.24337300658226013
YIL002C,YML097C,0,-0.27507076,0.21585051715373993,0.6679959893226624,0.24347303807735443
YER019C-A,YHR051W,0,-0.27517968,0.21578100323677063,0.6679959893226624,0.24357306957244873
YGR255C,YLR050C,0,-0.27519745,0.21571151912212372,0.6679959893226624,0.24367310106754303
YMR061W,YKL186C,0,-0.27546158,0.21564209461212158,0.6679959893226624,0.24377313256263733
YPR091C,YJL128C,0,-0.2756808,0.21557271480560303,0.6679959893226624,0.24387316405773163
YLL013C,YLR398C,1,-0.27580568,0.21582502126693726,0.6689929962158203,0.24387316405773163
YJL085W,YKR028W,0,-0.2759616,0.2157556265592575,0.6689929962158203,0.24397319555282593
YDL160C,YLR398C,1,-0.27619812,0.21600770950317383,0.6699900031089783,0.24397319555282593
YNL288W,YLR438C-A,1,-0.2764858,0.2162596434354782,0.6709870100021362,0.24397319555282593
YPL110C,YPR125W,0,-0.2772095,0.2161901742219925,0.6709870100021362,0.24407322704792023
YPL200W,YLR316C,0,-0.2775828,0.21612074971199036,0.6709870100021362,0.24417325854301453
YIL021W,YIL177C,0,-0.27765226,0.2160513699054718,0.6709870100021362,0.24427327513694763
YBR081C,YNL259C,0,-0.277721,0.21598203480243683,0.6709870100021362,0.24437330663204193
YJL124C,YDL208W,0,-0.27772304,0.21591272950172424,0.6709870100021362,0.24447333812713623
YBR261C,YNL052W,0,-0.2777469,0.21584348380565643,0.6709870100021362,0.24457336962223053
YGL225W,YFL021W,0,-0.27826044,0.2157742828130722,0.6709870100021362,0.24467340111732483
YOL010W,YDR076W,0,-0.2784186,0.21570512652397156,0.6709870100021362,0.24477343261241913
YMR315W,YBR118W,0,-0.2785934,0.2156360149383545,0.6709870100021362,0.24487346410751343
YBR247C,YFR021W,0,-0.27893165,0.215566948056221,0.6709870100021362,0.24497349560260773
YHR214C-B,YBL098W,0,-0.279179,0.2154979258775711,0.6709870100021362,0.24507352709770203
YLL003W,YOR226C,0,-0.27941483,0.2154289335012436,0.6709870100021362,0.24517355859279633
YLR363C,YCR093W,1,-0.2794913,0.21568000316619873,0.671984076499939,0.24517355859279633
YMR176W,YGR276C,0,-0.28056663,0.21561101078987122,0.671984076499939,0.24527357518672943
YMR276W,YIL047C,0,-0.2813327,0.2155420482158661,0.671984076499939,0.24537360668182373
YIL108W,YOR283W,0,-0.28141195,0.21547314524650574,0.671984076499939,0.24547363817691803
YIL177C,YOR294W,0,-0.2817072,0.21540428698062897,0.671984076499939,0.24557366967201233
YMR136W,YKR068C,0,-0.28236878,0.21533545851707458,0.671984076499939,0.24567370116710663
YDR332W,YKL124W,0,-0.2825042,0.21526668965816498,0.671984076499939,0.24577373266220093
YPL064C,YLR183C,0,-0.2829259,0.21519795060157776,0.671984076499939,0.24587376415729523
YDR498C,YNL238W,0,-0.28303078,0.21512927114963531,0.671984076499939,0.24597379565238953
YMR168C,YGR239C,0,-0.28307155,0.21506062150001526,0.671984076499939,0.24607382714748383
YBR042C,YOR340C,0,-0.28360897,0.21499203145503998,0.671984076499939,0.24617385864257812
YDR281C,YMR075W,0,-0.2842874,0.21492347121238708,0.671984076499939,0.24627387523651123
YKL126W,YLR285W,0,-0.28533724,0.21485495567321777,0.671984076499939,0.24637390673160553
YMR137C,YKR068C,0,-0.28567657,0.21478648483753204,0.671984076499939,0.24647393822669983
YBL058W,YDR140W,0,-0.28619164,0.2147180587053299,0.671984076499939,0.24657396972179413
YNL309W,YMR137C,0,-0.28725007,0.21464967727661133,0.671984076499939,0.24667400121688843
YOL045W,YJL095W,0,-0.287352,0.21458134055137634,0.671984076499939,0.24677403271198273
YLR244C,YHR135C,0,-0.28749266,0.21451304852962494,0.671984076499939,0.24687406420707703
YDR079W,YIL080W,0,-0.28806597,0.21444480121135712,0.671984076499939,0.24697409570217133
YBL026W,YMR246W,0,-0.2880981,0.21437658369541168,0.671984076499939,0.24707412719726562
YDR518W,YER138C,0,-0.28817824,0.21430842578411102,0.671984076499939,0.24717415869235992
YPR043W,YLR350W,0,-0.28879604,0.21424031257629395,0.671984076499939,0.24727417528629303
YDR067C,YJL081C,0,-0.28936535,0.21417222917079926,0.671984076499939,0.24737420678138733
YPL150W,YOL093W,0,-0.2901083,0.21410419046878815,0.671984076499939,0.24747423827648163
YBR187W,YLL033W,0,-0.29028857,0.21403619647026062,0.671984076499939,0.24757426977157593
YGL173C,YOL142W,1,-0.2904218,0.2142857164144516,0.6729810833930969,0.24757426977157593
YLR394W,YMR308C,0,-0.2906669,0.21421770751476288,0.6729810833930969,0.24767430126667023
YBR294W,YGR089W,0,-0.29078084,0.21414974331855774,0.6729810833930969,0.24777433276176453
YPL050C,YJL128C,0,-0.29174772,0.21408182382583618,0.6729810833930969,0.24787436425685883
YGL170C,YDL028C,0,-0.29178345,0.2140139490365982,0.6729810833930969,0.24797439575195312
YPL213W,YJR010W,0,-0.29186764,0.2139461189508438,0.6729810833930969,0.24807442724704742
YOR025W,YMR270C,0,-0.29191205,0.213878333568573,0.6729810833930969,0.24817445874214172
YNR021W,YGL236C,0,-0.29215008,0.21381057798862457,0.6729810833930969,0.24827447533607483
YJL087C,YOR351C,0,-0.29242587,0.21374288201332092,0.6729810833930969,0.24837450683116913
YLL029W,YLR309C,0,-0.29242954,0.21367521584033966,0.6729810833930969,0.24847453832626343
YAL054C,YFL001W,0,-0.29258063,0.21360759437084198,0.6729810833930969,0.24857456982135773
YKL090W,YNR018W,0,-0.29335755,0.21354001760482788,0.6729810833930969,0.24867460131645203
YDR137W,YMR273C,0,-0.2940739,0.21347248554229736,0.6729810833930969,0.24877463281154633
YIL108W,YOR294W,0,-0.29431504,0.21340499818325043,0.6729810833930969,0.24887466430664062
YLR295C,YMR112C,0,-0.2947473,0.21333754062652588,0.6729810833930969,0.24897469580173492
YGR056W,YOL028C,0,-0.29480156,0.2132701426744461,0.6729810833930969,0.24907472729682922
YBR150C,YPL129W,0,-0.29512894,0.21320277452468872,0.6729810833930969,0.24917475879192352
YOL045W,YGR036C,0,-0.29545638,0.2131354659795761,0.6729810833930969,0.24927477538585663
YPR171W,YLR073C,0,-0.29606357,0.2130681872367859,0.6729810833930969,0.24937480688095093
YJL029C,YJL130C,0,-0.29671112,0.21300095319747925,0.6729810833930969,0.24947483837604523
YIR011C,YPR030W,0,-0.2971527,0.212933748960495,0.6729810833930969,0.24957486987113953
YLR206W,YGL050W,0,-0.29723504,0.21286660432815552,0.6729810833930969,0.24967490136623383
YNL112W,YJR006W,1,-0.29755014,0.21311475336551666,0.6739780902862549,0.24967490136623383
YMR241W,YGR134W,0,-0.29842642,0.213047593832016,0.6739780902862549,0.24977493286132812
YCL074W,YLR316C,0,-0.2994775,0.2129804641008377,0.6739780902862549,0.24987496435642242
YJR101W,YOR123C,0,-0.2994788,0.212913379073143,0.6739780902862549,0.24997499585151672
YKL113C,YPR072W,1,-0.2997582,0.21316121518611908,0.6749750971794128,0.24997499585151672
YMR218C,YDR131C,0,-0.2997865,0.21309411525726318,0.6749750971794128,0.25007501244544983
YCR093W,YBR260C,0,-0.3008085,0.21302706003189087,0.6749750971794128,0.2501750588417053
YHR214C-B,YBR074W,0,-0.30143794,0.21296004951000214,0.6749750971794128,0.2502750754356384
YJR004C,YLL003W,0,-0.30167338,0.21289308369159698,0.6749750971794128,0.2503751218318939
YPR135W,YNR067C,0,-0.30192488,0.21282616257667542,0.6749750971794128,0.250475138425827
YDL061C,YDR332W,0,-0.30252364,0.21275927126407623,0.6749750971794128,0.2505751848220825
YDL215C,YLR028C,0,-0.30276355,0.21269242465496063,0.6749750971794128,0.2506752014160156
YBR195C,YML071C,0,-0.3029424,0.2126256227493286,0.6749750971794128,0.25077521800994873
YNL236W,YER019C-A,0,-0.3035799,0.21255886554718018,0.6749750971794128,0.2508752644062042
YDR082W,YDL227C,0,-0.30392364,0.21249215304851532,0.6749750971794128,0.25097528100013733
YKL067W,YPR160W,0,-0.30395922,0.21242548525333405,0.6749750971794128,0.2510753273963928
YIL061C,YJR083C,0,-0.30401447,0.21235884726047516,0.6749750971794128,0.2511753439903259
YDR453C,YAL038W,0,-0.30422127,0.21229225397109985,0.6749750971794128,0.2512753903865814
YJL114W,YMR213W,0,-0.30446187,0.21222570538520813,0.6749750971794128,0.2513754069805145
YJR101W,YOR098C,0,-0.3045666,0.2121592015028,0.6749750971794128,0.25147545337677
YDR067C,YOR180C,0,-0.30462217,0.21209272742271423,0.6749750971794128,0.2515754699707031
YNL178W,YLR321C,0,-0.30516955,0.21202631294727325,0.6749750971794128,0.2516755163669586
YIR018W,YLR213C,0,-0.3058068,0.21195992827415466,0.6749750971794128,0.2517755329608917
YGL083W,YHR058C,0,-0.3059981,0.21189358830451965,0.6749750971794128,0.25187554955482483
YBR120C,YBL068W,0,-0.3067043,0.21182727813720703,0.6749750971794128,0.2519755959510803
YOL123W,YDR378C,1,-0.3070403,0.21207381784915924,0.6759721040725708,0.2519755959510803
YCR077C,YKL009W,1,-0.30713654,0.21232019364833832,0.6769691109657288,0.2519755959510803
YNL085W,YDR131C,0,-0.30742323,0.21225382387638092,0.6769691109657288,0.2520756125450134
YEL031W,YNR015W,0,-0.30758128,0.2121874988079071,0.6769691109657288,0.2521756589412689
YDR164C,YER104W,0,-0.30799952,0.21212121844291687,0.6769691109657288,0.252275675535202
YDR167W,YDL055C,0,-0.3080844,0.21205496788024902,0.6769691109657288,0.2523757219314575
YOL112W,YLR291C,0,-0.30817777,0.21198876202106476,0.6769691109657288,0.2524757385253906
YJR026W,YDR353W,0,-0.30847138,0.21192260086536407,0.6769691109657288,0.2525757849216461
YDL217C,YDL148C,0,-0.30893978,0.21185646951198578,0.6769691109657288,0.2526758015155792
YDR378C,YGR158C,1,-0.30894265,0.21210230886936188,0.6779661178588867,0.2526758015155792
YIL002C,YER050C,0,-0.3094858,0.21203617751598358,0.6779661178588867,0.25277581810951233
YBL085W,YPL093W,0,-0.30970028,0.21197007596492767,0.6779661178588867,0.2528758645057678
YNL309W,YEL062W,0,-0.31007603,0.21190401911735535,0.6779661178588867,0.2529758810997009
YNL072W,YJR022W,1,-0.3101529,0.21214953064918518,0.6789631247520447,0.2529758810997009
YAR035W,YIL035C,0,-0.31032336,0.21208345890045166,0.6789631247520447,0.2530759274959564
YGR264C,YLR088W,0,-0.3105315,0.21201743185520172,0.6789631247520447,0.2531759440898895
YER022W,YDL024C,0,-0.3106935,0.21195144951343536,0.6789631247520447,0.253275990486145
YGL014W,YOL111C,0,-0.3109858,0.2118854969739914,0.6789631247520447,0.2533760070800781
YPL083C,YBL034C,0,-0.3110043,0.211819589138031,0.6789631247520447,0.2534760534763336
YJR082C,YGL169W,0,-0.31140432,0.2117537260055542,0.6789631247520447,0.2535760700702667
YNR004W,YPL093W,0,-0.31163526,0.21168790757656097,0.6789631247520447,0.2536761164665222
YLR314C,YJL095W,0,-0.31165484,0.21162211894989014,0.6789631247520447,0.2537761330604553
YDR512C,YFL017W-A,0,-0.31171113,0.21155638992786407,0.6789631247520447,0.2538761496543884
YPR144C,YMR065W,0,-0.31213456,0.2114906758069992,0.6789631247520447,0.2539761960506439
YNL202W,YLR309C,0,-0.31287774,0.2114250212907791,0.6789631247520447,0.254076212644577
YIR011C,YDR205W,0,-0.3130702,0.2113594114780426,0.6789631247520447,0.2541762590408325
YOL028C,YOR204W,0,-0.31319118,0.21129383146762848,0.6789631247520447,0.2542762756347656
YLR153C,YMR075W,0,-0.3134348,0.21122828125953674,0.6789631247520447,0.2543763220310211
YJR053W,YGL190C,0,-0.31365165,0.21116279065608978,0.6789631247520447,0.2544763386249542
YER022W,YLR380W,0,-0.31378958,0.2110973298549652,0.6789631247520447,0.2545763850212097
YOL054W,YNR010W,0,-0.3138189,0.21103191375732422,0.6789631247520447,0.2546764016151428
YLR105C,YNL172W,0,-0.31406787,0.2109665423631668,0.6789631247520447,0.2547764182090759
YMR218C,YJL178C,0,-0.31407332,0.2109012007713318,0.6789631247520447,0.2548764646053314
YDL121C,YBR074W,0,-0.31500286,0.21083591878414154,0.6789631247520447,0.2549764811992645
YKL174C,YMR046C,0,-0.31541896,0.21077066659927368,0.6789631247520447,0.25507652759552
YPR035W,YNL032W,0,-0.3155633,0.2107054442167282,0.6789631247520447,0.2551765441894531
YNL147W,YML049C,0,-0.31655052,0.21064026653766632,0.6789631247520447,0.2552765905857086
YGL222C,YDL175C,1,-0.31665647,0.21088434755802155,0.6799601316452026,0.2552765905857086
YGL094C,YJL117W,0,-0.31686905,0.21081916987895966,0.6799601316452026,0.2553766071796417
YDL061C,YGR072W,0,-0.31709182,0.21075402200222015,0.6799601316452026,0.2554766535758972
YAL017W,YNR013C,0,-0.31719118,0.21068890392780304,0.6799601316452026,0.2555766701698303
YAL022C,YDR081C,0,-0.31728917,0.2106238454580307,0.6799601316452026,0.2556767165660858
YOR054C,YOR283W,0,-0.31761345,0.21055881679058075,0.6799601316452026,0.2557767331600189
YBR202W,YLR028C,0,-0.31786165,0.21049383282661438,0.6799601316452026,0.255876749753952
YLR285W,YOR353C,0,-0.3179139,0.2104288786649704,0.6799601316452026,0.2559767961502075
YER049W,YDL128W,0,-0.31804648,0.21036396920681,0.6799601316452026,0.2560768127441406
YKR071C,YIL170W,0,-0.31871414,0.21029910445213318,0.6799601316452026,0.2561768591403961
YKL208W,YIL079C,1,-0.3188193,0.21054254472255707,0.6809571385383606,0.2561768591403961
YMR300C,YDR281C,0,-0.31935838,0.21047766506671906,0.6809571385383606,0.2562768757343292
YMR146C,YOR054C,0,-0.31986463,0.21041281521320343,0.6809571385383606,0.2563769221305847
YPL029W,YOL149W,1,-0.32016066,0.21065598726272583,0.6819541454315186,0.2563769221305847
YDR383C,YOR287C,0,-0.32039645,0.2105911374092102,0.6819541454315186,0.2564769387245178
YMR146C,YJR140C,0,-0.3213618,0.21052631735801697,0.6819541454315186,0.2565769851207733
YNL072W,YDR206W,1,-0.32184368,0.21076923608779907,0.6829511523246765,0.2565769851207733
YNL261W,YDR207C,0,-0.32236838,0.21070440113544464,0.6829511523246765,0.2566770017147064
YKR036C,YDR062W,0,-0.32246745,0.2106396108865738,0.6829511523246765,0.2567770183086395
YGL083W,YHR079C,0,-0.32291803,0.21057485044002533,0.6829511523246765,0.256877064704895
YBL113C,YHR057C,0,-0.32320556,0.21051013469696045,0.6829511523246765,0.2569770812988281
YGL107C,YNL288W,1,-0.32379228,0.2107526808977127,0.6839481592178345,0.2569770812988281
YHR109W,YDR392W,0,-0.32411188,0.21068796515464783,0.6839481592178345,0.2570771276950836
YDR090C,YHR119W,0,-0.32434556,0.21062327921390533,0.6839481592178345,0.2571771442890167
YDR151C,YJR022W,1,-0.3245478,0.2108655571937561,0.6849451661109924,0.2571771442890167
YMR228W,YOL136C,0,-0.3245592,0.21080085635185242,0.6849451661109924,0.2572771906852722
YER125W,YCL014W,0,-0.3246543,0.2107362002134323,0.6849451661109924,0.2573772072792053
YGR052W,YHR119W,0,-0.32497656,0.2106715738773346,0.6849451661109924,0.2574772536754608
YDL111C,YJR043C,1,-0.32501227,0.2109135538339615,0.6859421730041504,0.2574772536754608
YDR451C,YDR392W,0,-0.32546347,0.21084891259670258,0.6859421730041504,0.2575772702693939
YJL124C,YPL113C,0,-0.3255653,0.21078431606292725,0.6859421730041504,0.2576773166656494
YDR079W,YHR058C,0,-0.32577023,0.2107197493314743,0.6859421730041504,0.2577773332595825
YEL015W,YLR438C-A,1,-0.32577893,0.21096141636371613,0.6869391798973083,0.2577773332595825
YEL036C,YDL074C,0,-0.32600075,0.21089684963226318,0.6869391798973083,0.2578773498535156
YPR113W,YJR147W,0,-0.32627124,0.21083231270313263,0.6869391798973083,0.2579773962497711
YDL028C,YMR025W,0,-0.32647902,0.21076782047748566,0.6869391798973083,0.2580774128437042
YMR093W,YPL104W,0,-0.32666126,0.21070335805416107,0.6869391798973083,0.2581774592399597
YMR087W,YLR268W,0,-0.3267046,0.21063895523548126,0.6869391798973083,0.2582774758338928
YML097C,YFR033C,0,-0.32727396,0.21057456731796265,0.6869391798973083,0.2583775222301483
YIL095W,YGL050W,0,-0.3275396,0.2105102390050888,0.6869391798973083,0.2584775388240814
YPR001W,YOR355W,0,-0.32768464,0.21044594049453735,0.6869391798973083,0.2585775852203369
YDR229W,YKL015W,0,-0.32880285,0.21038168668746948,0.6869391798973083,0.25867760181427
YGL209W,YNL070W,0,-0.32911974,0.210317462682724,0.6869391798973083,0.2587776184082031
YDR512C,YBL026W,0,-0.32923713,0.2102532833814621,0.6869391798973083,0.2588776648044586
YKL113C,YLR136C,1,-0.32968536,0.21049420535564423,0.6879361867904663,0.2588776648044586
YLR228C,YLR047C,0,-0.33136573,0.21043001115322113,0.6879361867904663,0.2589776813983917
YGR169C,YLR047C,0,-0.33176288,0.21036584675312042,0.6879361867904663,0.2590777277946472
YHR156C,YOR261C,0,-0.33189112,0.2103017419576645,0.6879361867904663,0.2591777443885803
YGR177C,YGL190C,0,-0.33191907,0.21023766696453094,0.6879361867904663,0.2592777907848358
YGR252W,YML109W,0,-0.33202395,0.2101736217737198,0.6879361867904663,0.2593778073787689
YDL111C,YKR069W,0,-0.3324691,0.2101096212863922,0.6879361867904663,0.2594778537750244
YHL012W,YLR219W,0,-0.33307275,0.21004566550254822,0.6879361867904663,0.2595778703689575
YGL094C,YDR222W,0,-0.33314186,0.2099817395210266,0.6879361867904663,0.259677916765213
YLL008W,YFL017W-A,0,-0.3333575,0.2099178582429886,0.6879361867904663,0.2597779333591461
YLR270W,YER146W,1,-0.33340073,0.21015815436840057,0.6889331936836243,0.2597779333591461
YOR025W,YLR016C,0,-0.33357286,0.21009425818920135,0.6889331936836243,0.2598779499530792
YLR383W,YHL027W,0,-0.33379424,0.21003039181232452,0.6889331936836243,0.2599779963493347
YFL045C,YJR063W,0,-0.33383274,0.20996657013893127,0.6889331936836243,0.2600780129432678
YGR281W,YGR095C,0,-0.33387232,0.2099027931690216,0.6889331936836243,0.2601780593395233
YMR049C,YLR025W,0,-0.3342178,0.20983904600143433,0.6889331936836243,0.2602780759334564
YDL140C,YOR294W,0,-0.33467993,0.20977534353733063,0.6889331936836243,0.2603781223297119
YBR172C,YJL103C,0,-0.33500913,0.2097116857767105,0.6889331936836243,0.260478138923645
YPR162C,YHR077C,0,-0.3352143,0.20964805781841278,0.6889331936836243,0.2605781853199005
YOL045W,YBR002C,0,-0.33652687,0.20958447456359863,0.6889331936836243,0.2606782019138336
YEL022W,YEL043W,0,-0.33660874,0.20952092111110687,0.6889331936836243,0.2607782483100891
YGL060W,YMR229C,0,-0.33706036,0.2094574123620987,0.6889331936836243,0.2608782649040222
YHR077C,YDR404C,1,-0.33718023,0.209696963429451,0.6899302005767822,0.2608782649040222
YJL124C,YHR077C,1,-0.3373655,0.20993638038635254,0.6909272074699402,0.2608782649040222
YDL202W,YJR063W,0,-0.3374665,0.2098727971315384,0.6909272074699402,0.2609782814979553
YMR234W,YPR042C,1,-0.33777243,0.21011202037334442,0.6919242143630981,0.2609782814979553
YOR054C,YBL052C,0,-0.33803254,0.21004842221736908,0.6919242143630981,0.2610783278942108
YLR438C-A,YIL079C,1,-0.33825707,0.2102874368429184,0.6929212212562561,0.2610783278942108
YNL251C,YDL175C,1,-0.33950555,0.21052631735801697,0.6939182281494141,0.2610783278942108
YBR002C,YNL304W,0,-0.33988297,0.21046265959739685,0.6939182281494141,0.2611783444881439
YAL016W,YMR075W,0,-0.34077275,0.21039903163909912,0.6939182281494141,0.2612783908843994
YMR098C,YHR077C,1,-0.34139264,0.2106376588344574,0.694915235042572,0.2612783908843994
YER046W,YDL148C,0,-0.34184885,0.21057401597499847,0.694915235042572,0.2613784074783325
YJL130C,YJR026W,0,-0.34319732,0.21051041781902313,0.694915235042572,0.261478453874588
YOL057W,YKL174C,0,-0.343647,0.21044686436653137,0.694915235042572,0.2615784704685211
YOR071C,YGR020C,0,-0.3439985,0.210383340716362,0.694915235042572,0.2616785168647766
YDR518W,YMR078C,0,-0.3440095,0.2103198617696762,0.694915235042572,0.2617785334587097
YPL134C,YML039W,0,-0.3451417,0.2102564126253128,0.694915235042572,0.2618785500526428
YLL012W,YGR214W,0,-0.34538257,0.21019300818443298,0.694915235042572,0.2619785964488983
YGR169C,YDL028C,0,-0.345438,0.21012963354587555,0.694915235042572,0.2620786130428314
YPL180W,YJL117W,0,-0.3463487,0.2100663036108017,0.694915235042572,0.2621786594390869
YBR182C,YDR416W,0,-0.34685123,0.21000301837921143,0.694915235042572,0.26227867603302
YHR164C,YGL019W,0,-0.34699953,0.20993976294994354,0.694915235042572,0.2623787224292755
YIL020C,YLR160C,0,-0.34705538,0.20987653732299805,0.694915235042572,0.2624787390232086
YKL190W,YMR065W,0,-0.34753752,0.20981337130069733,0.694915235042572,0.2625787854194641
YIR011C,YNL175C,0,-0.34756625,0.2097502201795578,0.694915235042572,0.2626788020133972
YFR021W,YBL052C,0,-0.3482433,0.20968712866306305,0.694915235042572,0.2627788484096527
YHR029C,YKL003C,0,-0.34863362,0.20962406694889069,0.694915235042572,0.2628788650035858
YBR195C,YKL210W,0,-0.34878293,0.2095610350370407,0.694915235042572,0.2629788815975189
YCL014W,YNL202W,0,-0.34963882,0.20949804782867432,0.694915235042572,0.2630789279937744
YER098W,YML052W,0,-0.34983605,0.2094350904226303,0.694915235042572,0.2631789445877075
YLR228C,YMR210W,0,-0.34992772,0.20937217772006989,0.694915235042572,0.263278990983963
YDR304C,YBR115C,0,-0.35019252,0.20930930972099304,0.694915235042572,0.2633790075778961
YPL151C,YLR025W,0,-0.35089374,0.2092464715242386,0.694915235042572,0.2634790539741516
YDL107W,YLL041C,0,-0.3509516,0.2091836780309677,0.694915235042572,0.2635790705680847
YJL124C,YPL029W,1,-0.3515063,0.20942094922065735,0.69591224193573,0.2635790705680847
YGR271W,YDR444W,0,-0.35185274,0.2093581259250641,0.69591224193573,0.2636791169643402
YAL021C,YMR125W,1,-0.3519004,0.2095952033996582,0.6969092488288879,0.2636791169643402
YMR238W,YMR172W,0,-0.35197395,0.20953238010406494,0.6969092488288879,0.2637791335582733
YGR113W,YAR031W,0,-0.3520016,0.20946958661079407,0.6969092488288879,0.2638791501522064
YOL057W,YHR135C,0,-0.3532153,0.20940683782100677,0.6969092488288879,0.2639791965484619
YHR061C,YDR497C,0,-0.3534319,0.20934411883354187,0.6969092488288879,0.264079213142395
YDR378C,YGR264C,0,-0.353836,0.20928144454956055,0.6969092488288879,0.2641792595386505
YPL127C,YLR312W-A,0,-0.3549826,0.2092188000679016,0.6969092488288879,0.2642792761325836
YPR125W,YJL206C,0,-0.3550607,0.20915620028972626,0.6969092488288879,0.2643793225288391
YDR499W,YLL017W,0,-0.3554275,0.2090936303138733,0.6969092488288879,0.2644793391227722
YOR304W,YLR024C,0,-0.35555923,0.2090311050415039,0.6969092488288879,0.2645793855190277
YOR074C,YDR498C,0,-0.35568154,0.2089686095714569,0.6969092488288879,0.2646794021129608
YBL112C,YNL027W,0,-0.3562196,0.2089061588048935,0.6969092488288879,0.2647794485092163
YGR225W,YGR179C,0,-0.35627195,0.20884373784065247,0.6969092488288879,0.2648794651031494
YKL009W,YLL027W,0,-0.35660106,0.20878136157989502,0.6969092488288879,0.2649794816970825
YBR125C,YKL166C,0,-0.35667235,0.20871901512145996,0.6969092488288879,0.265079528093338
YGR238C,YEL029C,0,-0.3568377,0.20865671336650848,0.6969092488288879,0.2651795446872711
YGR251W,YBR020W,0,-0.35710445,0.2085944563150406,0.6969092488288879,0.2652795910835266
YNL288W,YGL122C,1,-0.35710722,0.2088305503129959,0.6979062557220459,0.2652795910835266
YLR080W,YMR075W,0,-0.35740975,0.20876826345920563,0.6979062557220459,0.2653796076774597
YDR410C,YJR130C,0,-0.35836077,0.20870602130889893,0.6979062557220459,0.2654796540737152
YGL209W,YMR099C,0,-0.35883695,0.2086438089609146,0.6979062557220459,0.2655796706676483
YFR013W,YJL178C,0,-0.35900408,0.20858164131641388,0.6979062557220459,0.2656797170639038
YPR162C,YBL085W,0,-0.35914978,0.20851951837539673,0.6979062557220459,0.2657797336578369
YBL005W-B,YHR058C,0,-0.35948116,0.20845741033554077,0.6979062557220459,0.26587975025177
YKR054C,YFR031C,0,-0.35997656,0.2083953619003296,0.6979062557220459,0.2659797966480255
YGR085C,YMR270C,0,-0.36008692,0.2083333283662796,0.6979062557220459,0.2660798132419586
YIL038C,YNR052C,1,-0.36014724,0.20856887102127075,0.6989032626152039,0.2660798132419586
YLL013C,YNL147W,1,-0.360421,0.20880427956581116,0.6999002695083618,0.2660798132419586
YPL147W,YMR304W,0,-0.36056468,0.2087422013282776,0.6999002695083618,0.2661798596382141
YLR136C,YOR001W,1,-0.36115617,0.20897740125656128,0.7008973360061646,0.2661798596382141
YDL165W,YDL175C,1,-0.36123297,0.20921248197555542,0.7018943428993225,0.2661798596382141
YBR202W,YBL076C,0,-0.36149275,0.20915032923221588,0.7018943428993225,0.2662798762321472
YMR270C,YMR159C,0,-0.36179098,0.20908820629119873,0.7018943428993225,0.2663799226284027
YHR214C-B,YLR163C,0,-0.36179245,0.20902612805366516,0.7018943428993225,0.2664799392223358
YDL111C,YLR197W,0,-0.36227566,0.20896407961845398,0.7018943428993225,0.2665799856185913
YNR021W,YNR057C,0,-0.3622806,0.20890207588672638,0.7018943428993225,0.2666800022125244
YDR144C,YIL170W,0,-0.36258012,0.20884010195732117,0.7018943428993225,0.2667800486087799
YAR027W,YDR364C,0,-0.36267793,0.20877817273139954,0.7018943428993225,0.266880065202713
YER098W,YDR170C,0,-0.36269754,0.2087162733078003,0.7018943428993225,0.2669800817966461
YDR470C,YOR351C,0,-0.3632937,0.20865441858768463,0.7018943428993225,0.2670801281929016
YGR258C,YPL252C,0,-0.3637025,0.20859259366989136,0.7018943428993225,0.2671801447868347
YGR288W,YNL262W,0,-0.36444986,0.20853079855442047,0.7018943428993225,0.2672801911830902
YDL198C,YOL090W,0,-0.36459237,0.20846904814243317,0.7018943428993225,0.2673802077770233
YBR067C,YDL022W,0,-0.3647635,0.20840734243392944,0.7018943428993225,0.2674802541732788
YDL227C,YGR271W,0,-0.36583596,0.2083456665277481,0.7018943428993225,0.2675802707672119
YDL170W,YGL190C,0,-0.3674116,0.20828402042388916,0.7018943428993225,0.2676803171634674
YHR211W,YHR119W,0,-0.36742082,0.2082224190235138,0.7018943428993225,0.2677803337574005
YFR013W,YJR026W,0,-0.3677721,0.20816084742546082,0.7018943428993225,0.2678803503513336
YDL227C,YDL140C,0,-0.3681318,0.20809932053089142,0.7018943428993225,0.2679803967475891
YMR093W,YKL206C,0,-0.3681485,0.2080378234386444,0.7018943428993225,0.2680804133415222
YDR492W,YOR123C,0,-0.36826557,0.20797637104988098,0.7018943428993225,0.2681804597377777
YOR324C,YHL027W,0,-0.36875218,0.20791494846343994,0.7018943428993225,0.2682804763317108
YGR012W,YJL206C,0,-0.36901385,0.2078535556793213,0.7018943428993225,0.2683805227279663
YOL145C,YCL004W,0,-0.36909366,0.20779220759868622,0.7018943428993225,0.2684805393218994
YGL097W,YGL173C,1,-0.3694153,0.2080259621143341,0.7028913497924805,0.2684805393218994
YBR125C,YAL040C,0,-0.36977768,0.20796459913253784,0.7028913497924805,0.2685805857181549
YNL118C,YER068W,1,-0.37061787,0.2081981748342514,0.7038883566856384,0.2685805857181549
YDR151C,YNR052C,1,-0.3708729,0.20843160152435303,0.7048853635787964,0.2685805857181549
YBR282W,YKL206C,0,-0.372209,0.208370178937912,0.7048853635787964,0.268680602312088
YHL012W,YBR080C,0,-0.3723032,0.20830878615379333,0.7048853635787964,0.2687806487083435
YDL107W,YDR389W,0,-0.37242794,0.20824742317199707,0.7048853635787964,0.2688806653022766
YDR254W,YNL080C,0,-0.37253428,0.2081861048936844,0.7048853635787964,0.2689806818962097
YNL032W,YGL148W,0,-0.37286064,0.2081248164176941,0.7048853635787964,0.2690807282924652
YOR287C,YDL227C,0,-0.3731076,0.20806357264518738,0.7048853635787964,0.2691807448863983
YOR283W,YDR076W,0,-0.373775,0.20800235867500305,0.7048853635787964,0.2692807912826538
YBR260C,YHR109W,0,-0.3740553,0.2079411745071411,0.7048853635787964,0.2693808078765869
YHR030C,YHR041C,0,-0.3742509,0.20788003504276276,0.7048853635787964,0.2694808542728424
YKL090W,YJR127C,0,-0.37426856,0.2078189253807068,0.7048853635787964,0.2695808708667755
YDR414C,YJR082C,0,-0.3744498,0.2077578604221344,0.7048853635787964,0.269680917263031
YML030W,YLR073C,0,-0.37477422,0.2076968252658844,0.7048853635787964,0.2697809338569641
YGR288W,YIR018W,0,-0.3748769,0.20763583481311798,0.7048853635787964,0.2698809504508972
YLL013C,YCR027C,1,-0.37493372,0.20786847174167633,0.7058823704719543,0.2698809504508972
YNL102W,YDR508C,0,-0.37580597,0.20780745148658752,0.7058823704719543,0.2699809968471527
YLL034C,YJL171C,0,-0.37606424,0.2077464759349823,0.7058823704719543,0.2700810134410858
YCR030C,YMR308C,0,-0.37609422,0.20768554508686066,0.7058823704719543,0.2701810598373413
YOL136C,YJR053W,0,-0.37628976,0.2076246291399002,0.7058823704719543,0.2702810764312744
YDR378C,YPL096W,0,-0.37631738,0.20756375789642334,0.7058823704719543,0.2703811228275299
YPL129W,YGR276C,0,-0.37636888,0.20750293135643005,0.7058823704719543,0.270481139421463
YOR338W,YNL259C,0,-0.37685964,0.20744213461875916,0.7058823704719543,0.2705811858177185
YEL037C,YDR499W,0,-0.3778381,0.20738136768341064,0.7058823704719543,0.2706812024116516
YDR499W,YLR005W,0,-0.37812695,0.20732064545154572,0.7058823704719543,0.2707812488079071
YDR254W,YDR240C,0,-0.37885308,0.20725995302200317,0.7058823704719543,0.2708812654018402
YPL188W,YLL033W,0,-0.37896603,0.20719929039478302,0.7058823704719543,0.2709812819957733
YGL186C,YEL062W,0,-0.37907046,0.20713867247104645,0.7058823704719543,0.2710813283920288
YLR080W,YDR453C,0,-0.37920868,0.20707809925079346,0.7058823704719543,0.2711813449859619
YKL009W,YMR098C,1,-0.37953675,0.20730994641780853,0.7068793773651123,0.2711813449859619
YDR310C,YKL001C,0,-0.38048875,0.20724934339523315,0.7068793773651123,0.2712813913822174
YHR109W,YLR316C,0,-0.3805023,0.20718878507614136,0.7068793773651123,0.2713814079761505
YNL072W,YJR043C,1,-0.38067982,0.20742039382457733,0.7078763842582703,0.2713814079761505
YGL233W,YBR281C,0,-0.38090092,0.20735980570316315,0.7078763842582703,0.271481454372406
YLL029W,YOR025W,0,-0.3811975,0.20729927718639374,0.7078763842582703,0.2715814709663391
YPL151C,YMR075W,0,-0.38131428,0.20723876357078552,0.7078763842582703,0.2716815173625946
YOR074C,YOR279C,0,-0.38163942,0.2071782946586609,0.7078763842582703,0.2717815339565277
YHR061C,YPL163C,0,-0.38228747,0.20711785554885864,0.7078763842582703,0.2718815505504608
YLL017W,YML109W,0,-0.3828536,0.20705744624137878,0.7078763842582703,0.2719815969467163
YPL082C,YNL122C,0,-0.38309982,0.2069970816373825,0.7078763842582703,0.2720816135406494
YNR018W,YNR003C,0,-0.38343474,0.20693674683570862,0.7078763842582703,0.2721816599369049
YLR398C,YDR378C,1,-0.38348445,0.2071678340435028,0.7088733911514282,0.2721816599369049
YLL033W,YGL190C,0,-0.38404384,0.20710748434066772,0.7088733911514282,0.272281676530838
YJL024C,YKL201C,0,-0.38411182,0.20704717934131622,0.7088733911514282,0.2723817229270935
YNR018W,YML080W,0,-0.3843102,0.2069869041442871,0.7088733911514282,0.2724817395210266
YJL029C,YBR276C,0,-0.38501298,0.20692665874958038,0.7088733911514282,0.2725817859172821
YKR057W,YGR185C,0,-0.38510272,0.20686645805835724,0.7088733911514282,0.2726818025112152
YOR071C,YJL140W,0,-0.3851996,0.20680628716945648,0.7088733911514282,0.2727818489074707
YJR149W,YOR378W,0,-0.38599002,0.2067461460828781,0.7088733911514282,0.2728818655014038
YHR047C,YFR001W,0,-0.38599277,0.20668604969978333,0.7088733911514282,0.2729818820953369
YLR314C,YOR219C,0,-0.38612747,0.20662598311901093,0.7088733911514282,0.2730819284915924
YDR494W,YNL219C,0,-0.38648963,0.2065659463405609,0.7088733911514282,0.2731819450855255
YLR005W,YPL104W,0,-0.3872254,0.20650595426559448,0.7088733911514282,0.273281991481781
YOL136C,YPL050C,0,-0.38723737,0.20644599199295044,0.7088733911514282,0.2733820080757141
YLR183C,YOR098C,0,-0.3876477,0.20638605952262878,0.7088733911514282,0.2734820544719696
YPR135W,YIL046W,0,-0.3879131,0.2063261717557907,0.7088733911514282,0.2735820710659027
YLL013C,YAL021C,1,-0.38838756,0.20655642449855804,0.7098703980445862,0.2735820710659027
YOL066C,YOR279C,0,-0.38859618,0.20649652183055878,0.7098703980445862,0.2736821174621582
YPL042C,YPL252C,0,-0.38893515,0.2064366489648819,0.7098703980445862,0.2737821340560913
YMR005W,YLR050C,0,-0.38913572,0.2063768059015274,0.7098703980445862,0.2738821506500244
YMR241W,YPL127C,0,-0.38948214,0.2063170075416565,0.7098703980445862,0.2739821970462799
YOL093W,YMR272C,0,-0.389798,0.20625723898410797,0.7098703980445862,0.274082213640213
YMR114C,YLR213C,0,-0.3898846,0.20619751513004303,0.7098703980445862,0.2741822600364685
YOR126C,YOR351C,0,-0.39023066,0.20613780617713928,0.7098703980445862,0.2742822766304016
YOR275C,YOR180C,0,-0.39040828,0.20607814192771912,0.7098703980445862,0.2743823230266571
YLR305C,YGL014W,0,-0.39100063,0.20601852238178253,0.7098703980445862,0.2744823396205902
YMR146C,YMR087W,0,-0.39200678,0.20595891773700714,0.7098703980445862,0.2745823860168457
YPL029W,YHR077C,1,-0.39218077,0.20618854463100433,0.7108674049377441,0.2745823860168457
YMR228W,YLR187W,0,-0.39227474,0.20612893998622894,0.7108674049377441,0.2746824026107788
YMR179W,YNL070W,0,-0.3924504,0.20606936514377594,0.7108674049377441,0.2747824490070343
YIL002C,YGR281W,0,-0.39271957,0.20600982010364532,0.7108674049377441,0.2748824656009674
YDR461W,YGL190C,0,-0.39296886,0.2059503197669983,0.7108674049377441,0.2749824821949005
YKL009W,YPL029W,1,-0.39346558,0.20617961883544922,0.7118644118309021,0.2749824821949005
YMR019W,YGR169C,0,-0.3937345,0.2061200886964798,0.7118644118309021,0.275082528591156
YLR401C,YOR285W,0,-0.39391,0.20606060326099396,0.7118644118309021,0.2751825451850891
YOR243C,YMR020W,0,-0.39397466,0.2060011476278305,0.7118644118309021,0.2752825915813446
YEL015W,YOL142W,1,-0.39469448,0.20623016357421875,0.7128614187240601,0.2752825915813446
YIL002C,YBL058W,0,-0.39500323,0.2061707079410553,0.7128614187240601,0.2753826081752777
YLL002W,YDL197C,0,-0.39531866,0.20611126720905304,0.7128614187240601,0.2754826545715332
YKL208W,YDR404C,1,-0.3957469,0.20634005963802338,0.713858425617218,0.2754826545715332
YDL036C,YKL206C,0,-0.3958321,0.20628060400485992,0.713858425617218,0.2755826711654663
YPR204W,YPL131W,0,-0.39597794,0.20622119307518005,0.713858425617218,0.2756827175617218
YLR291C,YDR403W,0,-0.396056,0.20616182684898376,0.713858425617218,0.2757827341556549
YGL186C,YLR107W,0,-0.3962854,0.20610247552394867,0.713858425617218,0.275882750749588
YDR473C,YGL190C,0,-0.39632586,0.20604316890239716,0.713858425617218,0.2759827971458435
YER138C,YDR364C,0,-0.39635172,0.20598389208316803,0.713858425617218,0.2760828137397766
YPR024W,YDR451C,0,-0.39636815,0.2059246450662613,0.713858425617218,0.2761828601360321
YLR209C,YGR072W,0,-0.39660925,0.20586544275283813,0.713858425617218,0.2762828767299652
YBL011W,YEL070W,0,-0.39686042,0.20580627024173737,0.713858425617218,0.2763829231262207
YDR083W,YDL171C,0,-0.39710137,0.20574712753295898,0.713858425617218,0.2764829397201538
YJL024C,YOR355W,0,-0.39816022,0.205688014626503,0.713858425617218,0.2765829861164093
YMR241W,YOL104C,0,-0.39830783,0.20562894642353058,0.713858425617218,0.2766830027103424
YLR289W,YOL112W,0,-0.39855984,0.20556990802288055,0.713858425617218,0.2767830491065979
YJL214W,YNL298W,0,-0.39961863,0.2055109143257141,0.713858425617218,0.276883065700531
YER150W,YLR047C,0,-0.39986855,0.20545193552970886,0.713858425617218,0.2769830822944641
YPL276W,YJR149W,0,-0.400065,0.2053930014371872,0.713858425617218,0.2770831286907196
YDL078C,YPR083W,0,-0.400151,0.20533409714698792,0.713858425617218,0.2771831452846527
YKR103W,YGL014W,0,-0.40053087,0.20527522265911102,0.713858425617218,0.2772831916809082
YGR175C,YLR383W,0,-0.4009488,0.2052163928747177,0.713858425617218,0.2773832082748413
YIL083C,YHR085W,0,-0.40109074,0.2051575928926468,0.713858425617218,0.2774832546710968
YKR054C,YIL142W,0,-0.4011773,0.20509882271289825,0.713858425617218,0.2775832712650299
YDL121C,YOL107W,0,-0.4018705,0.2050400972366333,0.713858425617218,0.2776833176612854
YDL111C,YCR093W,1,-0.40215537,0.20526768267154694,0.714855432510376,0.2776833176612854
YGR032W,YDR173C,0,-0.4027522,0.2052089273929596,0.714855432510376,0.2777833342552185
YKR019C,YLR088W,0,-0.4031574,0.20515021681785583,0.714855432510376,0.2778833508491516
YLR291C,YOR162C,0,-0.4034117,0.20509153604507446,0.714855432510376,0.2779833972454071
YPL112C,YOR025W,0,-0.40363258,0.20503288507461548,0.714855432510376,0.2780834138393402
YLR447C,YBR128C,0,-0.40393353,0.20497426390647888,0.714855432510376,0.2781834602355957
YIL002C,YCR026C,0,-0.40397003,0.20491568744182587,0.714855432510376,0.2782834768295288
YDL197C,YJL124C,0,-0.4042697,0.20485714077949524,0.714855432510376,0.2783835232257843
YDR351W,YPL273W,0,-0.4044876,0.204798623919487,0.714855432510376,0.2784835398197174
YIL046W,YCL004W,0,-0.40484923,0.20474015176296234,0.714855432510376,0.2785835862159729
YER151C,YMR115W,0,-0.40521982,0.20468169450759888,0.714855432510376,0.278683602809906
YGR288W,YJL030W,0,-0.4056366,0.204623281955719,0.714855432510376,0.2787836492061615
YKR002W,YEL056W,0,-0.4057865,0.2045649141073227,0.714855432510376,0.2788836658000946
YLL003W,YJR103W,0,-0.4060367,0.20450656116008759,0.714855432510376,0.2789836823940277
YOR378W,YIL047C,0,-0.40687013,0.20444825291633606,0.714855432510376,0.2790837287902832
YJL112W,YNL267W,0,-0.40694678,0.20438995957374573,0.714855432510376,0.2791837453842163
YBL058W,YBL005W-B,0,-0.40722412,0.20433172583580017,0.714855432510376,0.2792837917804718
YDL246C,YGR285C,0,-0.4073173,0.2042735069990158,0.714855432510376,0.2793838083744049
YKR008W,YNR044W,0,-0.4076562,0.20421531796455383,0.714855432510376,0.2794838547706604
YJR151C,YJL030W,0,-0.40799618,0.20415717363357544,0.714855432510376,0.2795838713645935
YJL209W,YGL173C,1,-0.40861163,0.2043837159872055,0.7158524394035339,0.2795838713645935
YGL186C,YKR008W,0,-0.4087932,0.20432555675506592,0.7158524394035339,0.279683917760849
YDL245C,YNL147W,0,-0.40898842,0.20426742732524872,0.7158524394035339,0.2797839343547821
YGL148W,YER115C,0,-0.40908304,0.2042093276977539,0.7158524394035339,0.2798839509487152
YGR034W,YJR140C,0,-0.40910625,0.20415125787258148,0.7158524394035339,0.2799839973449707
YDR371W,YDR146C,0,-0.40922263,0.20409323275089264,0.7158524394035339,0.2800840139389038
YGR095C,YNR072W,0,-0.409876,0.20403523743152618,0.7158524394035339,0.2801840603351593
YDR137W,YPR137W,0,-0.41025546,0.20397727191448212,0.7158524394035339,0.2802840769290924
YOR126C,YLR425W,0,-0.41107386,0.20391933619976044,0.7158524394035339,0.2803841233253479
YER154W,YLR197W,0,-0.41108367,0.20386144518852234,0.7158524394035339,0.280484139919281
YLR163C,YGL169W,0,-0.4114492,0.20380356907844543,0.7158524394035339,0.2805841863155365
YNL072W,YDL102W,1,-0.4123604,0.20402951538562775,0.7168494462966919,0.2805841863155365
YLR165C,YLL027W,0,-0.41260254,0.20397162437438965,0.7168494462966919,0.2806842029094696
YER055C,YDR499W,0,-0.4134926,0.20391377806663513,0.7168494462966919,0.2807842493057251
YPL129W,YMR115W,0,-0.4139675,0.203855961561203,0.7168494462966919,0.2808842658996582
YGR105W,YKL074C,0,-0.414015,0.20379818975925446,0.7168494462966919,0.2809842824935913
YHR085W,YMR115W,0,-0.414178,0.2037404328584671,0.7168494462966919,0.2810843288898468
YOR377W,YPR190C,0,-0.41470072,0.20368272066116333,0.7168494462966919,0.2811843454837799
YCL024W,YBR187W,0,-0.41530547,0.20362503826618195,0.7168494462966919,0.2812843918800354
YKL130C,YNL230C,0,-0.41563085,0.20356738567352295,0.7168494462966919,0.2813844084739685
YDL245C,YHR079C,0,-0.41609693,0.20350976288318634,0.7168494462966919,0.281484454870224
YLR309C,YFL021W,0,-0.41659886,0.2034521847963333,0.7168494462966919,0.2815844714641571
YPR072W,YJR006W,1,-0.4166304,0.20367750525474548,0.7178464531898499,0.2815844714641571
YPL244C,YDR444W,0,-0.41725412,0.20361991226673126,0.7178464531898499,0.2816845178604126
YKR066C,YMR229C,0,-0.4178264,0.20356233417987823,0.7178464531898499,0.2817845344543457
YOL066C,YGR012W,0,-0.41791695,0.2035048007965088,0.7178464531898499,0.2818845510482788
YER168C,YGR276C,0,-0.41884795,0.20344729721546173,0.7178464531898499,0.2819845974445343
YLL004W,YKL001C,0,-0.41893896,0.20338982343673706,0.7178464531898499,0.2820846140384674
YLR425W,YLR394W,0,-0.41922337,0.20333239436149597,0.7178464531898499,0.2821846604347229
YOL107W,YFL001W,0,-0.41927886,0.20327498018741608,0.7178464531898499,0.282284677028656
YPL150W,YAL016W,0,-0.4196797,0.20321761071681976,0.7178464531898499,0.2823847234249115
YDR144C,YDL246C,0,-0.42000473,0.20316027104854584,0.7178464531898499,0.2824847400188446
YPR030W,YDR260C,0,-0.42073295,0.2031029611825943,0.7178464531898499,0.2825847864151001
YML049C,YPL007C,0,-0.42079055,0.20304568111896515,0.7178464531898499,0.2826848030090332
YGR034W,YEL062W,0,-0.42121625,0.20298844575881958,0.7178464531898499,0.2827848494052887
YDL217C,YIL006W,0,-0.421228,0.2029312252998352,0.7178464531898499,0.2828848659992218
YGR177C,YBL098W,0,-0.42270613,0.2028740495443344,0.7178464531898499,0.2829848825931549
YBL005W-B,YPL188W,0,-0.42322326,0.202816903591156,0.7178464531898499,0.2830849289894104
YLR107W,YLL043W,0,-0.4237333,0.2027597874403,0.7178464531898499,0.2831849455833435
YDL022W,YML128C,0,-0.42394465,0.20270270109176636,0.7178464531898499,0.283284991979599
YBR182C,YML006C,0,-0.42411342,0.20264564454555511,0.7178464531898499,0.2833850085735321
YBL058W,YDR229W,0,-0.42420748,0.20258863270282745,0.7178464531898499,0.2834850549697876
YJR053W,YBR192W,0,-0.42431796,0.20253165066242218,0.7178464531898499,0.2835850715637207
YDR090C,YKL144C,0,-0.42451906,0.2024746835231781,0.7178464531898499,0.2836851179599762
YBL089W,YFR036W,0,-0.42485553,0.2024177610874176,0.7178464531898499,0.2837851345539093
YPR204W,YMR054W,0,-0.42516935,0.20236088335514069,0.7178464531898499,0.2838851511478424
YOR176W,YMR239C,0,-0.42574832,0.20230402052402496,0.7178464531898499,0.2839851975440979
YOR310C,YNR044W,0,-0.42601675,0.20224718749523163,0.7178464531898499,0.284085214138031
YJR055W,YNL231C,0,-0.42614028,0.20219039916992188,0.7178464531898499,0.2841852605342865
YLL034C,YLR025W,0,-0.4265763,0.20213362574577332,0.7178464531898499,0.2842852771282196
YDL160C,YGL178W,1,-0.42663574,0.20235756039619446,0.7188434600830078,0.2842852771282196
YBR081C,YJL194W,0,-0.42692506,0.2023007869720459,0.7188434600830078,0.2843853235244751
YOR323C,YDR498C,0,-0.42740825,0.20224404335021973,0.7188434600830078,0.2844853401184082
YNL006W,YDR229W,0,-0.4280668,0.20218732953071594,0.7188434600830078,0.2845853865146637
YNL283C,YDR140W,0,-0.42809415,0.20213064551353455,0.7188434600830078,0.2846854031085968
YNL283C,YEL029C,0,-0.42811495,0.20207399129867554,0.7188434600830078,0.2847854495048523
YBR020W,YDL208W,0,-0.42852208,0.20201736688613892,0.7188434600830078,0.2848854660987854
YGR252W,YJL004C,0,-0.42854157,0.20196078717708588,0.7188434600830078,0.2849854826927185
YLR289W,YDR337W,0,-0.42879584,0.20190422236919403,0.7188434600830078,0.285085529088974
YOR145C,YLR151C,0,-0.42924654,0.20184770226478577,0.7188434600830078,0.2851855456829071
YKL007W,YCL024W,0,-0.42970848,0.2017912119626999,0.7188434600830078,0.2852855920791626
YGL122C,YGR171C,0,-0.43001834,0.2017347514629364,0.7188434600830078,0.2853856086730957
YGR271W,YDL083C,0,-0.43055013,0.2016783207654953,0.7188434600830078,0.2854856550693512
YGR264C,YNR006W,0,-0.43097836,0.2016219198703766,0.7188434600830078,0.2855856716632843
YDR419W,YGR020C,0,-0.43099275,0.20156556367874146,0.7188434600830078,0.2856857180595398
YMR287C,YLR363C,1,-0.43134755,0.20178870856761932,0.7198404669761658,0.2856857180595398
YDR064W,YIL140W,0,-0.43148613,0.2017323225736618,0.7198404669761658,0.2857857346534729
YPL134C,YML097C,0,-0.4323376,0.20167598128318787,0.7198404669761658,0.285885751247406
YEL062W,YGR239C,0,-0.43236884,0.20161965489387512,0.7198404669761658,0.2859857976436615
YJL214W,YIL132C,0,-0.43264577,0.20156337320804596,0.7198404669761658,0.2860858142375946
YGL209W,YER137C,0,-0.43312937,0.20150712132453918,0.7198404669761658,0.2861858606338501
YMR117C,YDR174W,0,-0.43323755,0.2014508992433548,0.7198404669761658,0.2862858772277832
YNL147W,YJL208C,1,-0.43352985,0.20167364180088043,0.7208374738693237,0.2862858772277832
YBR274W,YBR276C,0,-0.43395707,0.20161740481853485,0.7208374738693237,0.2863859236240387
YLR136C,YOL021C,1,-0.43441296,0.20183998346328735,0.7218344807624817,0.2863859236240387
YDR414C,YJL140W,0,-0.43442953,0.20178371667861938,0.7218344807624817,0.2864859402179718
YGR034W,YNR072W,0,-0.43510398,0.201727494597435,0.7218344807624817,0.2865859866142273
YJR078W,YOR340C,0,-0.43583572,0.201671302318573,0.7218344807624817,0.2866860032081604
YDR411C,YIL047C,0,-0.4359033,0.20161515474319458,0.7218344807624817,0.2867860496044159
YNL131W,YDL022W,0,-0.43615627,0.20155902206897736,0.7218344807624817,0.286886066198349
YJL060W,YKL095W,0,-0.4362954,0.20150291919708252,0.7218344807624817,0.2869860827922821
YDR137W,YLR047C,0,-0.43639943,0.20144686102867126,0.7218344807624817,0.2870861291885376
YJR004C,YPL167C,0,-0.43656105,0.2013908177614212,0.7218344807624817,0.2871861457824707
YGR012W,YDR211W,0,-0.43670255,0.20133481919765472,0.7218344807624817,0.2872861921787262
YJR021C,YOL043C,0,-0.4384148,0.20127885043621063,0.7218344807624817,0.2873862087726593
YPR137W,YLL033W,0,-0.43954086,0.20122289657592773,0.7218344807624817,0.2874862551689148
YDR151C,YCR035C,1,-0.43976516,0.2014448493719101,0.7228314876556396,0.2874862551689148
YLR244C,YER190W,0,-0.43985718,0.2013888955116272,0.7228314876556396,0.2875862717628479
YOR283W,YOR275C,0,-0.43995428,0.2013329565525055,0.7228314876556396,0.2876863181591034
YJR055W,YHR214C-B,0,-0.44036168,0.20127706229686737,0.7228314876556396,0.2877863347530365
YDL217C,YKL144C,0,-0.44053096,0.20122119784355164,0.7228314876556396,0.2878863513469696
YNR017W,YDR416W,0,-0.44093126,0.20116537809371948,0.7228314876556396,0.2879863977432251
YBR281C,YFL017W-A,0,-0.4412695,0.20110957324504852,0.7228314876556396,0.2880864143371582
YGR282C,YML080W,0,-0.44134378,0.20105379819869995,0.7228314876556396,0.2881864607334137
YNL127W,YLR145W,0,-0.4421803,0.20099805295467377,0.7228314876556396,0.2882864773273468
YKL126W,YDR263C,0,-0.44284964,0.20094235241413116,0.7228314876556396,0.2883865237236023
YOR313C,YOR294W,0,-0.44305128,0.20088666677474976,0.7228314876556396,0.2884865403175354
YLL019C,YNL290W,0,-0.44349015,0.20083102583885193,0.7228314876556396,0.2885865867137909
YFR013W,YGR199W,0,-0.4436654,0.2007754147052765,0.7228314876556396,0.288686603307724
YJL053W,YDR416W,0,-0.445283,0.20071981847286224,0.7228314876556396,0.2887866497039795
YMR301C,YDR173C,0,-0.4455856,0.20066426694393158,0.7228314876556396,0.2888866662979126
YLR219W,YKL206C,0,-0.44572735,0.2006087452173233,0.7228314876556396,0.2889866828918457
YBR202W,YDR062W,0,-0.44586948,0.20055325329303741,0.7228314876556396,0.2890867292881012
YJR005W,YAL029C,0,-0.44684002,0.2004977911710739,0.7228314876556396,0.2891867458820343
YKR019C,YOR216C,0,-0.44687623,0.2004423588514328,0.7228314876556396,0.2892867922782898
YGR288W,YHR085W,0,-0.44712397,0.20038695633411407,0.7228314876556396,0.2893868088722229
YJL114W,YDR026C,0,-0.44742382,0.20033158361911774,0.7228314876556396,0.2894868552684784
YMR146C,YKR002W,0,-0.44748956,0.2002762407064438,0.7228314876556396,0.2895868718624115
YKL113C,YER068W,1,-0.4476914,0.200497105717659,0.7238284945487976,0.2895868718624115
YDL165W,YDR172W,1,-0.44841802,0.20071783661842346,0.7248255014419556,0.2895868718624115
YNL016W,YPL029W,1,-0.44852483,0.20093844830989838,0.7258225083351135,0.2895868718624115
YKL171W,YPR160W,0,-0.44922882,0.20088300108909607,0.7258225083351135,0.289686918258667
YGR258C,YCL052C,0,-0.44943383,0.20082758367061615,0.7258225083351135,0.2897869348526001
YJR138W,YDR451C,0,-0.44958383,0.20077219605445862,0.7258225083351135,0.2898869514465332
YDR059C,YJR130C,0,-0.44985598,0.20071685314178467,0.7258225083351135,0.2899869978427887
YOL021C,YBL026W,1,-0.45033726,0.2009371519088745,0.7268195152282715,0.2899869978427887
YMR180C,YDR170C,0,-0.45049167,0.20088177919387817,0.7268195152282715,0.2900870144367218
YLR183C,YNL335W,0,-0.4505337,0.20082645118236542,0.7268195152282715,0.2901870608329773
YGL162W,YOR232W,0,-0.45079452,0.20077113807201385,0.7268195152282715,0.2902870774269104
YML097C,YLL017W,0,-0.4510479,0.20071585476398468,0.7268195152282715,0.2903871238231659
YNL202W,YMR075W,0,-0.45107237,0.2006606161594391,0.7268195152282715,0.290487140417099
YCR011C,YOR313C,0,-0.45131522,0.2006053924560547,0.7268195152282715,0.2905871868133545
YAL024C,YIL079C,0,-0.45166957,0.20055021345615387,0.7268195152282715,0.2906872034072876
YOR355W,YOR313C,0,-0.4517628,0.20049504935741425,0.7268195152282715,0.2907872498035431
YPL150W,YNL236W,0,-0.4519468,0.2004399299621582,0.7268195152282715,0.2908872663974762
YGL174W,YBR173C,0,-0.4522015,0.20038482546806335,0.7268195152282715,0.2909872829914093
YDR306C,YLR316C,0,-0.45232898,0.2003297656774521,0.7268195152282715,0.2910873293876648
YGL170C,YKL003C,0,-0.45237613,0.20027472078800201,0.7268195152282715,0.2911873459815979
YNL006W,YBR238C,0,-0.45265666,0.20021972060203552,0.7268195152282715,0.2912873923778534
YMR218C,YFL021W,0,-0.4529132,0.20016475021839142,0.7268195152282715,0.2913874089717865
YGL237C,YGL113W,0,-0.45299596,0.2001097947359085,0.7268195152282715,0.291487455368042
YHR209W,YOR351C,0,-0.45322114,0.20005488395690918,0.7268195152282715,0.2915874719619751
YER098W,YGL259W,0,-0.45376804,0.20000000298023224,0.7268195152282715,0.2916875183582306
YER013W,YOR353C,0,-0.45382065,0.19994515180587769,0.7268195152282715,0.2917875349521637
YEL030W,YLR309C,0,-0.45401698,0.19989031553268433,0.7268195152282715,0.2918875515460968
YJR055W,YJR151C,0,-0.45443052,0.19983552396297455,0.7268195152282715,0.2919875979423523
YDL217C,YOR215C,0,-0.4547735,0.19978076219558716,0.7268195152282715,0.2920876145362854
YKR103W,YJL029C,0,-0.45520884,0.19972603023052216,0.7268195152282715,0.2921876609325409
YDL179W,YDR164C,0,-0.45542943,0.19967132806777954,0.7268195152282715,0.292287677526474
YGL112C,YOR219C,0,-0.4555577,0.19961665570735931,0.7268195152282715,0.2923877239227295
YJL187C,YMR194W,0,-0.45568645,0.19956199824810028,0.7268195152282715,0.2924877405166626
YPL200W,YDL208W,0,-0.45616016,0.19950738549232483,0.7268195152282715,0.2925877869129181
YLR395C,YOL104C,0,-0.4562341,0.19945280253887177,0.7268195152282715,0.2926878035068512
YJL200C,YKL175W,0,-0.45663008,0.1993982493877411,0.7268195152282715,0.2927878499031067
YNL084C,YJL095W,0,-0.45740584,0.1993437260389328,0.7268195152282715,0.2928878664970398
YOR145C,YDR173C,0,-0.4575798,0.1992892324924469,0.7268195152282715,0.2929878830909729
YIL061C,YBL041W,0,-0.4576612,0.1992347687482834,0.7268195152282715,0.2930879294872284
YPL064C,YGL226C-A,0,-0.45798734,0.19918033480644226,0.7268195152282715,0.2931879460811615
YIL038C,YCR093W,1,-0.45845258,0.19939906895160675,0.7278165221214294,0.2931879460811615
YJR091C,YIL038C,1,-0.45908314,0.19961769878864288,0.7288135886192322,0.2931879460811615
YEL070W,YLR321C,0,-0.45910424,0.19956320524215698,0.7288135886192322,0.293287992477417
YNL283C,YMR273C,0,-0.4595055,0.19950872659683228,0.7288135886192322,0.2933880090713501
YLR289W,YDR403W,0,-0.45955944,0.19945429265499115,0.7288135886192322,0.2934880554676056
YJL114W,YNL107W,0,-0.45962033,0.1993998885154724,0.7288135886192322,0.2935880720615387
YOL057W,YGR155W,0,-0.459867,0.19934551417827606,0.7288135886192322,0.2936881184577942
YMR169C,YML006C,0,-0.46072128,0.1992911696434021,0.7288135886192322,0.2937881350517273
YCR060W,YAL039C,0,-0.46131834,0.19923685491085052,0.7288135886192322,0.2938881516456604
YGR281W,YJR103W,0,-0.4614449,0.19918255507946014,0.7288135886192322,0.2939881980419159
YML099C,YNL219C,0,-0.4617457,0.19912829995155334,0.7288135886192322,0.294088214635849
YFR001W,YDL035C,0,-0.46228495,0.19907407462596893,0.7288135886192322,0.2941882610321045
YKR054C,YLR165C,0,-0.4625969,0.1990198791027069,0.7288135886192322,0.2942882776260376
YBR059C,YLR278C,0,-0.46359405,0.19896569848060608,0.7288135886192322,0.2943883240222931
YBR118W,YOR355W,0,-0.4636362,0.19891156256198883,0.7288135886192322,0.2944883406162262
YMR025W,YMR046C,0,-0.4638204,0.19885745644569397,0.7288135886192322,0.2945883870124817
YPL180W,YCR052W,0,-0.46448034,0.1988033652305603,0.7288135886192322,0.2946884036064148
YKL007W,YIR018W,0,-0.464542,0.19874931871891022,0.7288135886192322,0.2947884500026703
YNL238W,YDR369C,0,-0.4645854,0.19869530200958252,0.7288135886192322,0.2948884665966034
YGL026C,YGL113W,0,-0.46686208,0.19864130020141602,0.7288135886192322,0.2949884831905365
YCR060W,YPR137W,0,-0.46706748,0.1985873430967331,0.7288135886192322,0.295088529586792
YMR115W,YER137C,0,-0.46728247,0.19853340089321136,0.7288135886192322,0.2951885461807251
YDR296W,YGR238C,0,-0.46744186,0.19847950339317322,0.7288135886192322,0.2952885925769806
YCL024W,YJL206C,0,-0.46814662,0.19842562079429626,0.7288135886192322,0.2953886091709137
YER035W,YIL079C,1,-0.46825212,0.19864314794540405,0.7298105955123901,0.2953886091709137
YDL202W,YOR025W,0,-0.46830243,0.1985892504453659,0.7298105955123901,0.2954886555671692
YCR093W,YOR377W,0,-0.46856958,0.19853539764881134,0.7298105955123901,0.2955886721611023
YJR119C,YAL016W,0,-0.46888238,0.19848155975341797,0.7298105955123901,0.2956887185573578
YKL093W,YMR276W,0,-0.46968544,0.19842775166034698,0.7298105955123901,0.2957887351512909
YDR233C,YJL079C,0,-0.46974218,0.19837398827075958,0.7298105955123901,0.295888751745224
YMR194W,YGR084C,0,-0.4702022,0.19832023978233337,0.7298105955123901,0.2959887981414795
YHR041C,YOR098C,0,-0.47038585,0.19826652109622955,0.7298105955123901,0.2960888147354126
YOL107W,YJR031C,0,-0.47041258,0.19821283221244812,0.7298105955123901,0.2961888611316681
YDR371W,YDL077C,0,-0.47057512,0.19815917313098907,0.7298105955123901,0.2962888777256012
YMR194W,YPL050C,0,-0.47118106,0.19810554385185242,0.7298105955123901,0.2963889241218567
YDR414C,YDR170C,0,-0.47169864,0.19805194437503815,0.7298105955123901,0.2964889407157898
YOR274W,YER017C,0,-0.4717177,0.19799837470054626,0.7298105955123901,0.2965889871120453
YLR383W,YNL202W,0,-0.47173947,0.19794483482837677,0.7298105955123901,0.2966890037059784
YLL003W,YJL095W,0,-0.47239703,0.19789132475852966,0.7298105955123901,0.2967890501022339
YMR179W,YMR159C,0,-0.47256595,0.19783784449100494,0.7298105955123901,0.296889066696167
YDR263C,YOL043C,0,-0.47353023,0.19778437912464142,0.7298105955123901,0.2969890832901001
YHR066W,YMR193W,0,-0.47361678,0.19773095846176147,0.7298105955123901,0.2970891296863556
YDR167W,YHR057C,0,-0.4747349,0.19767755270004272,0.7298105955123901,0.2971891462802887
YOR340C,YNL092W,0,-0.4752433,0.19762419164180756,0.7298105955123901,0.2972891926765442
YDR371W,YNL309W,0,-0.47532538,0.19757084548473358,0.7298105955123901,0.2973892092704773
YLR285W,YPR152C,0,-0.47557858,0.1975175440311432,0.7298105955123901,0.2974892556667328
YOR304W,YHR214C-B,0,-0.4756279,0.197464257478714,0.7298105955123901,0.2975892722606659
YAL060W,YPR160W,0,-0.47563398,0.19741100072860718,0.7298105955123901,0.2976893186569214
YMR284W,YNL182C,0,-0.4760385,0.19735777378082275,0.7298105955123901,0.2977893352508545
YMR210W,YMR099C,0,-0.47629267,0.19730457663536072,0.7298105955123901,0.29788938164711
YFR001W,YOR215C,0,-0.47702113,0.19725140929222107,0.7298105955123901,0.2979893982410431
YCL018W,YNL274C,0,-0.47720292,0.1971982717514038,0.7298105955123901,0.2980894148349762
YBL011W,YDL097C,0,-0.47798917,0.19714516401290894,0.7298105955123901,0.2981894612312317
YOR359W,YNL288W,1,-0.47811842,0.19736133515834808,0.7308076024055481,0.2981894612312317
YEL070W,YNL052W,0,-0.4785564,0.19730821251869202,0.7308076024055481,0.2982894778251648
YLR383W,YDR146C,0,-0.47889537,0.19725511968135834,0.7308076024055481,0.2983895242214203
YPL213W,YMR114C,0,-0.47985774,0.19720204174518585,0.7308076024055481,0.2984895408153534
YHR030C,YKL082C,0,-0.4801669,0.19714900851249695,0.7308076024055481,0.2985895872116089
YNL288W,YGR195W,1,-0.4803316,0.19736488163471222,0.731804609298706,0.2985895872116089
YDR530C,YDR472W,0,-0.48153675,0.19731183350086212,0.731804609298706,0.298689603805542
YOR038C,YGL060W,0,-0.48155552,0.19725880026817322,0.731804609298706,0.2987896502017975
YER175C,YBR037C,0,-0.48200807,0.1972057968378067,0.731804609298706,0.2988896667957306
YDL179W,YGL051W,0,-0.4822569,0.19715283811092377,0.731804609298706,0.2989896833896637
YDL246C,YJL081C,0,-0.48233056,0.19709989428520203,0.731804609298706,0.2990897297859192
YGR012W,YLR278C,0,-0.48285264,0.19704698026180267,0.731804609298706,0.2991897463798523
YPR135W,YDL215C,0,-0.4835388,0.1969940960407257,0.731804609298706,0.2992897927761078
YNL050C,YGR268C,0,-0.4837647,0.19694124162197113,0.731804609298706,0.2993898093700409
YOL057W,YOR206W,0,-0.48401648,0.19688841700553894,0.731804609298706,0.2994898557662964
YHR029C,YOL107W,0,-0.48422542,0.19683560729026794,0.731804609298706,0.2995898723602295
YKL161C,YKL206C,0,-0.48448128,0.19678284227848053,0.731804609298706,0.299689918756485
YHL012W,YJR133W,0,-0.48486012,0.1967300921678543,0.731804609298706,0.2997899353504181
YDR389W,YDL097C,0,-0.48491028,0.19667738676071167,0.731804609298706,0.2998899817466736
YMR097C,YBR222C,0,-0.48527128,0.19662469625473022,0.731804609298706,0.2999899983406067
YJR127C,YLR073C,0,-0.48547724,0.19657203555107117,0.731804609298706,0.3000900149345398
YKL009W,YOR222W,0,-0.48575506,0.1965194046497345,0.731804609298706,0.3001900613307953
YBR059C,YBR128C,0,-0.48605308,0.19646680355072021,0.731804609298706,0.3002900779247284
YPR135W,YPR198W,0,-0.48651022,0.19641423225402832,0.731804609298706,0.3003901243209839
YOL045W,YJL225C,0,-0.4867171,0.1963616907596588,0.731804609298706,0.300490140914917
YDR530C,YPR001W,0,-0.48738763,0.1963091790676117,0.731804609298706,0.3005901873111725
YER049W,YNL178W,0,-0.48800993,0.19625668227672577,0.731804609298706,0.3006902039051056
YDL084W,YFR031C,0,-0.48843446,0.19620423018932343,0.731804609298706,0.3007902503013611
YLR401C,YJL171C,0,-0.48900342,0.19615179300308228,0.731804609298706,0.3008902668952942
YPR198W,YPL093W,0,-0.48997757,0.1960993856191635,0.731804609298706,0.3009902834892273
YGR225W,YPR160W,0,-0.49054807,0.19604700803756714,0.731804609298706,0.3010903298854828
YOR301W,YBR042C,0,-0.49087757,0.19599466025829315,0.731804609298706,0.3011903464794159
YHR060W,YAR035W,0,-0.49099323,0.19594234228134155,0.731804609298706,0.3012903928756714
YPR189W,YJR091C,1,-0.49118716,0.19615691900253296,0.732801616191864,0.3012903928756714
YDL111C,YJL124C,1,-0.49139977,0.196371391415596,0.733798623085022,0.3012903928756714
YDR090C,YJL200C,0,-0.4917162,0.19631901383399963,0.733798623085022,0.3013904094696045
YLR136C,YMR287C,1,-0.49195942,0.19653333723545074,0.7347956299781799,0.3013904094696045
YJR082C,YLR330W,0,-0.49198407,0.19648094475269318,0.7347956299781799,0.30149045586586
YGR252W,YOR162C,0,-0.49251166,0.1964285671710968,0.7347956299781799,0.3015904724597931
YAL021C,YDL102W,1,-0.49255702,0.1966426819562912,0.7357926368713379,0.3015904724597931
YPR042C,YOL142W,1,-0.49286377,0.19685669243335724,0.7367896437644958,0.3015904724597931
YKR055W,YLR386W,0,-0.4936989,0.1968042552471161,0.7367896437644958,0.3016905188560486
YLL004W,YOR393W,0,-0.49372697,0.19675186276435852,0.7367896437644958,0.3017905354499817
YMR114C,YMR075W,0,-0.493761,0.19669950008392334,0.7367896437644958,0.3018905818462372
YNL072W,YMR080C,1,-0.4946592,0.19691325724124908,0.7377866506576538,0.3018905818462372
YGL237C,YKR044W,0,-0.49523777,0.19686086475849152,0.7377866506576538,0.3019905984401703
YJL114W,YGR169C,0,-0.49541768,0.19680851697921753,0.7377866506576538,0.3020906150341034
YCL036W,YGR027C,0,-0.49576426,0.19675618410110474,0.7377866506576538,0.3021906614303589
YNR031C,YHR214C-B,0,-0.49590144,0.19670388102531433,0.7377866506576538,0.302290678024292
YHR209W,YJL141C,0,-0.49625957,0.1966516077518463,0.7377866506576538,0.3023907244205475
YJL192C,YNL092W,0,-0.49677032,0.19659936428070068,0.7377866506576538,0.3024907410144806
YMR182C,YPR163C,0,-0.49694702,0.19654715061187744,0.7377866506576538,0.3025907874107361
YPL134C,YNL273W,0,-0.49714983,0.1964949518442154,0.7377866506576538,0.3026908040046692
YKL074C,YMR304W,0,-0.49737668,0.19644279778003693,0.7377866506576538,0.3027908504009247
YMR123W,YOL104C,0,-0.49768916,0.19639065861701965,0.7377866506576538,0.3028908669948578
YDR405W,YGR134W,0,-0.49799645,0.19633854925632477,0.7377866506576538,0.3029908835887909
YKR054C,YJL225C,0,-0.4988016,0.19628646969795227,0.7377866506576538,0.3030909299850464
YDR146C,YML056C,0,-0.49963236,0.19623441994190216,0.7377866506576538,0.3031909465789795
YKR036C,YFL038C,0,-0.4998144,0.19618239998817444,0.7377866506576538,0.303290992975235
YLR447C,YMR087W,0,-0.49993956,0.1961303949356079,0.7377866506576538,0.3033910095691681
YGL169W,YBR093C,0,-0.5001992,0.19607843458652496,0.7377866506576538,0.3034910559654236
YGL180W,YPL007C,0,-0.5004276,0.1960264891386032,0.7377866506576538,0.3035910725593567
YMR089C,YNR031C,0,-0.5011673,0.19597457349300385,0.7377866506576538,0.3036911189556122
YGR144W,YOR355W,0,-0.50242203,0.19592268764972687,0.7377866506576538,0.3037911355495453
YPL276W,YGL051W,0,-0.50244373,0.19587083160877228,0.7377866506576538,0.3038911819458008
YML006C,YKL094W,0,-0.50246066,0.19581900537014008,0.7377866506576538,0.3039911985397339
YOR159C,YLR024C,0,-0.50305146,0.19576719403266907,0.7377866506576538,0.304091215133667
YDR378C,YKL166C,0,-0.5033062,0.19571541249752045,0.7377866506576538,0.3041912615299225
YOR243C,YCR014C,0,-0.5033983,0.1956636756658554,0.7377866506576538,0.3042912781238556
YPR135W,YKL182W,0,-0.5036648,0.19561195373535156,0.7377866506576538,0.3043913245201111
YNR044W,YHR058C,0,-0.50367886,0.1955602467060089,0.7377866506576538,0.3044913411140442
YKL217W,YOR219C,0,-0.50374055,0.19550858438014984,0.7377866506576538,0.3045913875102997
YDR499W,YCR026C,0,-0.5038692,0.19545695185661316,0.7377866506576538,0.3046914041042328
YHL012W,YGL203C,0,-0.5048251,0.19540533423423767,0.7377866506576538,0.3047914505004883
YBR261C,YGL030W,0,-0.5049421,0.19535374641418457,0.7377866506576538,0.3048914670944214
YNL271C,YJL214W,0,-0.5050073,0.19530218839645386,0.7377866506576538,0.3049914836883545
YNL231C,YBR020W,0,-0.50555503,0.19525066018104553,0.7377866506576538,0.30509153008461
YBL011W,YDR444W,0,-0.50656605,0.1951991617679596,0.7377866506576538,0.3051915466785431
YKL161C,YOR294W,0,-0.50662994,0.19514767825603485,0.7377866506576538,0.3052915930747986
YDL133C-A,YGR145W,0,-0.50670695,0.1950962245464325,0.7377866506576538,0.3053916096687317
YKL090W,YMR229C,0,-0.5068607,0.19504480063915253,0.7377866506576538,0.3054916560649872
YLR209C,YLR073C,0,-0.50718534,0.19499340653419495,0.7377866506576538,0.3055916726589203
YIL135C,YDR496C,0,-0.5072942,0.19494204223155975,0.7377866506576538,0.3056917190551758
YEL043W,YKL124W,0,-0.50746137,0.19489070773124695,0.7377866506576538,0.3057917356491089
YNL231C,YMR032W,0,-0.50757974,0.19483938813209534,0.7377866506576538,0.3058917820453644
YPR072W,YJL140W,1,-0.507741,0.19505132734775543,0.7387836575508118,0.3058917820453644
YER154W,YKL166C,0,-0.5078682,0.19499999284744263,0.7387836575508118,0.3059917986392975
YKR055W,YDR444W,0,-0.50801545,0.1949487030506134,0.7387836575508118,0.3060918152332306
YPR024W,YKL095W,0,-0.5083803,0.19489742815494537,0.7387836575508118,0.3061918616294861
YJL200C,YNL192W,0,-0.5094832,0.19484616816043854,0.7387836575508118,0.3062918782234192
YGL173C,YER146W,1,-0.5095134,0.19505783915519714,0.7397806644439697,0.3062918782234192
YKR019C,YJL079C,0,-0.50959843,0.1950065642595291,0.7397806644439697,0.3063919246196747
YNR021W,YFR001W,0,-0.5097481,0.19495533406734467,0.7397806644439697,0.3064919412136078
YER087W,YKL085W,0,-0.5101843,0.1949041187763214,0.7397806644439697,0.3065919876098633
YDR131C,YBL113C,0,-0.51041895,0.19485294818878174,0.7397806644439697,0.3066920042037964
YMR117C,YDR369C,0,-0.5107638,0.19480179250240326,0.7397806644439697,0.3067920506000519
YJR082C,YHR039C-A,0,-0.5110651,0.19475065171718597,0.7397806644439697,0.306892067193985
YJL011C,YGR281W,0,-0.51112586,0.19469955563545227,0.7397806644439697,0.3069920837879181
YDL107W,YJL128C,0,-0.5112775,0.19464847445487976,0.7397806644439697,0.3070921301841736
YMR234W,YGL213C,1,-0.5122279,0.19485968351364136,0.7407776713371277,0.3070921301841736
YBR020W,YPR137W,0,-0.51322114,0.19480860233306885,0.7407776713371277,0.3071921467781067
YOR145C,YCR046C,0,-0.51326126,0.19475753605365753,0.7407776713371277,0.3072921931743622
YJR006W,YLR363C,1,-0.51359457,0.1949685513973236,0.7417746782302856,0.3072921931743622
YER112W,YNL288W,1,-0.513695,0.19517946243286133,0.7427716851234436,0.3072921931743622
YCR077C,YLR398C,1,-0.51378757,0.1953902542591095,0.7437686920166016,0.3072921931743622
YER008C,YMR123W,0,-0.5142054,0.19533909857273102,0.7437686920166016,0.3073922097682953
YOL004W,YGL216W,0,-0.5159121,0.19528795778751373,0.7437686920166016,0.3074922561645508
YPR001W,YCL034W,0,-0.5162662,0.19523684680461884,0.7437686920166016,0.3075922727584839
YPR198W,YOR294W,0,-0.5165157,0.19518576562404633,0.7437686920166016,0.3076923191547394
YLR291C,YNL290W,0,-0.5169199,0.1951347142457962,0.7437686920166016,0.3077923357486725
YDR082W,YPL213W,0,-0.5170787,0.19508367776870728,0.7437686920166016,0.307892382144928
YPL139C,YNL178W,0,-0.51734525,0.19503268599510193,0.7437686920166016,0.3079923987388611
YBR042C,YBR074W,0,-0.5175397,0.19498170912265778,0.7437686920166016,0.3080924153327942
YPR011C,YER017C,0,-0.51769894,0.194930762052536,0.7437686920166016,0.3081924617290497
YPL042C,YDL070W,0,-0.5177402,0.19487982988357544,0.7437686920166016,0.3082924783229828
YLR183C,YEL029C,0,-0.5180629,0.19482894241809845,0.7437686920166016,0.3083925247192383
YGR195W,YCR093W,1,-0.5182707,0.19503916800022125,0.7447656989097595,0.3083925247192383
YDR218C,YOR098C,0,-0.51833,0.19498825073242188,0.7447656989097595,0.3084925413131714
YGL162W,YBR238C,0,-0.5188738,0.19493736326694489,0.7447656989097595,0.3085925877094269
YOL004W,YJL095W,0,-0.5193044,0.19488650560379028,0.7447656989097595,0.30869260430336
YDR079W,YDR473C,0,-0.5196946,0.19483567774295807,0.7447656989097595,0.3087926506996155
YDR492W,YLR353W,0,-0.5199048,0.19478487968444824,0.7447656989097595,0.3088926672935486
YDL059C,YHR168W,0,-0.52004176,0.1947340965270996,0.7447656989097595,0.3089926838874817
YOR054C,YHR059W,0,-0.52014655,0.19468334317207336,0.7447656989097595,0.3090927302837372
YGR085C,YKL096W-A,0,-0.5217141,0.1946326196193695,0.7447656989097595,0.3091927468776703
YJL024C,YDL083C,0,-0.52172387,0.19458192586898804,0.7447656989097595,0.3092927932739258
YOL028C,YCR002C,0,-0.5217372,0.19453124701976776,0.7447656989097595,0.3093928098678589
YMR218C,YKL130C,0,-0.5219416,0.19448059797286987,0.7447656989097595,0.3094928562641144
YDL160C,YNR052C,1,-0.52204686,0.1946902722120285,0.7457627058029175,0.3094928562641144
YDR173C,YJL082W,0,-0.52205724,0.19463960826396942,0.7457627058029175,0.3095928728580475
YGR288W,YLR224W,0,-0.52238894,0.19458897411823273,0.7457627058029175,0.309692919254303
YPL094C,YHR168W,0,-0.52239835,0.19453835487365723,0.7457627058029175,0.3097929358482361
YJL011C,YHR057C,0,-0.52308923,0.1944877803325653,0.7457627058029175,0.3098929822444916
YKL007W,YLR025W,0,-0.5231098,0.19443722069263458,0.7457627058029175,0.3099929988384247
YOR323C,YNL102W,0,-0.5231318,0.19438669085502625,0.7457627058029175,0.3100930154323578
YDR072C,YGL071W,0,-0.5232041,0.1943361908197403,0.7457627058029175,0.3101930618286133
YBR052C,YGR072W,0,-0.52420574,0.19428572058677673,0.7457627058029175,0.3102930784225464
YBR260C,YML052W,0,-0.5242694,0.19423526525497437,0.7457627058029175,0.3103931248188019
YAL054C,YKL082C,0,-0.5253221,0.19418483972549438,0.7457627058029175,0.310493141412735
YGR199W,YBL098W,0,-0.52551866,0.1941344439983368,0.7457627058029175,0.3105931878089905
YBR278W,YDR109C,0,-0.5257049,0.1940840631723404,0.7457627058029175,0.3106932044029236
YBR223C,YMR087W,0,-0.52573645,0.19403372704982758,0.7457627058029175,0.3107932507991791
YOR145C,YBR042C,0,-0.5259201,0.19398340582847595,0.7457627058029175,0.3108932673931122
YER154W,YPL273W,0,-0.5262085,0.19393311440944672,0.7457627058029175,0.3109932839870453
YER008C,YJR151C,0,-0.5266096,0.19388283789157867,0.7457627058029175,0.3110933303833008
YML051W,YDR457W,0,-0.52666175,0.1938326060771942,0.7457627058029175,0.3111933469772339
YBL005W-B,YOL155C,0,-0.5268584,0.19378238916397095,0.7457627058029175,0.3112933933734894
YLR020C,YER046W,0,-0.5270931,0.19373218715190887,0.7457627058029175,0.3113934099674225
YDL142C,YBL028C,0,-0.5275361,0.19368202984333038,0.7457627058029175,0.311493456363678
YIL134W,YPL011C,0,-0.5276187,0.19363188743591309,0.7457627058029175,0.3115934729576111
YBR115C,YLR026C,0,-0.528477,0.19358177483081818,0.7457627058029175,0.3116935193538666
YGL180W,YGL122C,0,-0.52873224,0.19353169202804565,0.7457627058029175,0.3117935359477997
YDR170C,YHR156C,0,-0.529761,0.19348163902759552,0.7457627058029175,0.3118935823440552
YOL112W,YPL131W,0,-0.5300476,0.19343160092830658,0.7457627058029175,0.3119935989379883
YHR002W,YJR140C,0,-0.5300957,0.19338159263134003,0.7457627058029175,0.3120936155319214
YBR261C,YOR180C,0,-0.53009814,0.19333161413669586,0.7457627058029175,0.3121936619281769
YDL107W,YHL012W,0,-0.5303973,0.1932816505432129,0.7457627058029175,0.31229367852211
YDR064W,YHR135C,0,-0.530399,0.1932317167520523,0.7457627058029175,0.3123937249183655
YHR214C-B,YGL062W,0,-0.5304309,0.1931818127632141,0.7457627058029175,0.3124937415122986
YGR169C,YLR350W,0,-0.5306832,0.1931319385766983,0.7457627058029175,0.3125937879085541
YDR082W,YMR210W,0,-0.5312888,0.1930820792913437,0.7457627058029175,0.3126938045024872
YLR270W,YGL097W,1,-0.5316975,0.1932903230190277,0.7467597126960754,0.3126938045024872
YGR258C,YLR285W,0,-0.5317056,0.1932404488325119,0.7467597126960754,0.3127938508987427
YLR425W,YGR105W,0,-0.53221077,0.19319060444831848,0.7467597126960754,0.3128938674926758
YBL098W,YDR508C,0,-0.5324503,0.19314078986644745,0.7467597126960754,0.3129938840866089
YJR005W,YIL177C,0,-0.532577,0.1930910050868988,0.7467597126960754,0.3130939304828644
YFL057C,YDL070W,0,-0.53288454,0.19304123520851135,0.7467597126960754,0.3131939470767975
YLR305C,YLR213C,0,-0.532906,0.1929914951324463,0.7467597126960754,0.313293993473053
YOR274W,YCR014C,0,-0.5330067,0.1929417848587036,0.7467597126960754,0.3133940100669861
YKL208W,YDL102W,1,-0.53304684,0.1931496262550354,0.7477567195892334,0.3133940100669861
YNL085W,YNL032W,0,-0.53388387,0.19309990108013153,0.7477567195892334,0.3134940564632416
YMR123W,YDR404C,0,-0.53481054,0.19305019080638885,0.7477567195892334,0.3135940730571747
YKR056W,YJR034W,0,-0.5351361,0.19300051033496857,0.7477567195892334,0.3136941194534302
YPL180W,YFL010W-A,0,-0.5351878,0.19295085966587067,0.7477567195892334,0.3137941360473633
YGR095C,YGL173C,1,-0.535212,0.19315843284130096,0.7487537264823914,0.3137941360473633
YOR212W,YEL030W,0,-0.5362533,0.19310876727104187,0.7487537264823914,0.3138941824436188
YER138C,YGR072W,0,-0.5363802,0.19305913150310516,0.7487537264823914,0.3139941990375519
YPL167C,YHR082C,0,-0.5363844,0.19300951063632965,0.7487537264823914,0.314094215631485
YLR191W,YJR057W,0,-0.5364467,0.19295991957187653,0.7487537264823914,0.3141942620277405
YMR049C,YDR405W,0,-0.53656864,0.1929103583097458,0.7487537264823914,0.3142942786216736
YJL187C,YOR099W,0,-0.53665,0.19286081194877625,0.7487537264823914,0.3143943250179291
YLR228C,YPR137W,0,-0.5369083,0.1928112953901291,0.7487537264823914,0.3144943416118622
YPR194C,YMR159C,0,-0.53704226,0.19276180863380432,0.7487537264823914,0.3145943880081177
YKR036C,YBR287W,0,-0.5371796,0.19271233677864075,0.7487537264823914,0.3146944046020508
YNR028W,YPL065W,0,-0.5385307,0.19266290962696075,0.7487537264823914,0.3147944509983063
YDR144C,YBR115C,0,-0.53857076,0.19261349737644196,0.7487537264823914,0.3148944675922394
YEL070W,YDR138W,0,-0.5387007,0.19256410002708435,0.7487537264823914,0.3149944841861725
YMR284W,YER017C,0,-0.5391161,0.19251473248004913,0.7487537264823914,0.315094530582428
YOR212W,YDL074C,0,-0.5393303,0.1924654096364975,0.7487537264823914,0.3151945471763611
YOL158C,YMR300C,0,-0.5395542,0.19241608679294586,0.7487537264823914,0.3152945935726166
YKL009W,YEL036C,0,-0.5403144,0.1923668086528778,0.7487537264823914,0.3153946101665497
YDL102W,YER146W,1,-0.5406853,0.19257362186908722,0.7497507333755493,0.3153946101665497
YMR234W,YNL288W,1,-0.5408498,0.19278033077716827,0.7507477402687073,0.3153946101665497
YJL209W,YJR091C,1,-0.5411805,0.19298695027828217,0.7517447471618652,0.3153946101665497
YLR191W,YOR310C,0,-0.5415532,0.19293756783008575,0.7517447471618652,0.3154946565628052
YGL158W,YKL074C,0,-0.54179335,0.19288820028305054,0.7517447471618652,0.3155946731567383
YGL162W,YDR304C,0,-0.54219913,0.1928388774394989,0.7517447471618652,0.3156947195529938
YBL113C,YLR033W,0,-0.5430603,0.19278956949710846,0.7517447471618652,0.3157947361469269
YHR004C,YPL087W,0,-0.5432758,0.1927402913570404,0.7517447471618652,0.3158947825431824
YPR187W,YMR176W,0,-0.5437331,0.19269102811813354,0.7517447471618652,0.3159947991371155
YGR032W,YJL081C,0,-0.54395795,0.19264179468154907,0.7517447471618652,0.3160948157310486
YKL208W,YJR043C,1,-0.54455507,0.19284802675247192,0.7527417540550232,0.3160948157310486
YCR035C,YER068W,1,-0.54496986,0.19305413961410522,0.7537387609481812,0.3160948157310486
YJL112W,YKR006C,0,-0.545102,0.19300484657287598,0.7537387609481812,0.3161948621273041
YNL127W,YKL124W,0,-0.5453931,0.19295558333396912,0.7537387609481812,0.3162948787212372
YGR095C,YER112W,1,-0.546048,0.1931615173816681,0.7547357678413391,0.3162948787212372
YGL241W,YKR069W,0,-0.54616857,0.19311223924160004,0.7547357678413391,0.3163949251174927
YLR208W,YOR340C,0,-0.5462519,0.19306299090385437,0.7547357678413391,0.3164949417114258
YNL016W,YOR085W,0,-0.546942,0.1930137723684311,0.7547357678413391,0.3165949881076813
YFR013W,YMR180C,0,-0.54776025,0.192964568734169,0.7547357678413391,0.3166950047016144
YNL299W,YMR287C,1,-0.5487269,0.1931702345609665,0.7557327747344971,0.3166950047016144
YOL112W,YFL057C,0,-0.5490339,0.1931210160255432,0.7557327747344971,0.3167950510978699
YBR195C,YBR260C,0,-0.5490983,0.19307182729244232,0.7557327747344971,0.316895067691803
YLL013C,YLR438C-A,1,-0.54917496,0.19327731430530548,0.756729781627655,0.316895067691803
YLL004W,YMR272C,0,-0.54994774,0.1932281106710434,0.756729781627655,0.3169950842857361
YHR211W,YOR378W,0,-0.550372,0.1931789219379425,0.756729781627655,0.3170951306819916
YPL082C,YBR115C,0,-0.55053645,0.1931297779083252,0.756729781627655,0.3171951472759247
YER050C,YJL071W,0,-0.55068374,0.19308063387870789,0.756729781627655,0.3172951936721802
YDR067C,YPL213W,0,-0.5509301,0.19303153455257416,0.756729781627655,0.3173952102661133
YDR373W,YLL043W,0,-0.55098885,0.19298245012760162,0.756729781627655,0.3174952566623688
YIL132C,YLR350W,0,-0.5510867,0.19293339550495148,0.756729781627655,0.3175952732563019
YCL074W,YDR419W,0,-0.5512416,0.19288437068462372,0.756729781627655,0.3176953196525574
YGR081C,YKL190W,0,-0.5513263,0.19283536076545715,0.756729781627655,0.3177953362464905
YDL107W,YGR070W,0,-0.5518189,0.19278638064861298,0.756729781627655,0.31789538264274597
YOL111C,YGR271W,0,-0.55345255,0.1927374303340912,0.756729781627655,0.3179953992366791
YNL084C,YKL201C,0,-0.5536091,0.1926884949207306,0.756729781627655,0.3180954158306122
YOL142W,YGR077C,0,-0.5536298,0.19263958930969238,0.756729781627655,0.3181954622268677
YIL061C,YBR128C,0,-0.55366486,0.19259071350097656,0.756729781627655,0.3182954788208008
YPR137W,YOR148C,0,-0.5537431,0.19254185259342194,0.756729781627655,0.3183955252170563
YHR060W,YLR050C,0,-0.55391085,0.1924930214881897,0.756729781627655,0.3184955418109894
YLR026C,YNL298W,0,-0.554147,0.19244422018527985,0.756729781627655,0.3185955882072449
YJR127C,YJR140C,0,-0.55459696,0.1923954337835312,0.756729781627655,0.318695604801178
YJL155C,YKL172W,0,-0.55504155,0.19234667718410492,0.756729781627655,0.31879565119743347
YDR167W,YJR101W,0,-0.5554583,0.19229795038700104,0.756729781627655,0.3188956677913666
YDR167W,YJR040W,0,-0.5556528,0.19224923849105835,0.756729781627655,0.3189956843852997
YER087W,YML052W,0,-0.555677,0.19220055639743805,0.756729781627655,0.3190957307815552
YGL180W,YGL183C,0,-0.5556835,0.19215190410614014,0.756729781627655,0.3191957473754883
YFR013W,YER117W,0,-0.5561597,0.19210326671600342,0.756729781627655,0.3192957937717438
YNL251C,YJR043C,1,-0.55619717,0.19230769574642181,0.7577268481254578,0.3192957937717438
YGL237C,YLR401C,0,-0.5563669,0.1922590434551239,0.7577268481254578,0.3193958103656769
YHR109W,YDR081C,0,-0.556373,0.19221042096614838,0.7577268481254578,0.3194958567619324
YDR419W,YMR087W,0,-0.55651534,0.19216181337833405,0.7577268481254578,0.3195958733558655
YLR321C,YGR214W,0,-0.5565242,0.1921132504940033,0.7577268481254578,0.31969591975212097
YNL131W,YKL041W,0,-0.55775076,0.19206470251083374,0.7577268481254578,0.3197959363460541
YPR144C,YMR008C,0,-0.55793047,0.19201616942882538,0.7577268481254578,0.31989598274230957
YJL194W,YKL061W,0,-0.55895686,0.1919676661491394,0.7577268481254578,0.3199959993362427
YOR388C,YJR112W,0,-0.5590612,0.19191919267177582,0.7577268481254578,0.3200960159301758
YBR120C,YKL085W,0,-0.55930406,0.19187073409557343,0.7577268481254578,0.3201960623264313
YJL178C,YMR239C,0,-0.55932254,0.19182230532169342,0.7577268481254578,0.3202960789203644
YCL008C,YGL256W,0,-0.55981797,0.1917739063501358,0.7577268481254578,0.3203961253166199
YBR020W,YDR281C,0,-0.56000805,0.19172553718090057,0.7577268481254578,0.320496141910553
YKL130C,YNR018W,0,-0.56008905,0.19167716801166534,0.7577268481254578,0.32059618830680847
YAL022C,YNL281W,0,-0.5601178,0.1916288435459137,0.7577268481254578,0.3206962049007416
YGL236C,YLR050C,0,-0.56045085,0.19158053398132324,0.7577268481254578,0.32079625129699707
YGL183C,YHR059W,0,-0.5609142,0.19153225421905518,0.7577268481254578,0.3208962678909302
YOR349W,YNR010W,0,-0.56120586,0.1914840042591095,0.7577268481254578,0.3209962844848633
YNL160W,YAR027W,0,-0.5612751,0.191435769200325,0.7577268481254578,0.3210963308811188
YER101C,YJR130C,0,-0.5613042,0.19138756394386292,0.7577268481254578,0.3211963474750519
YOR222W,YGL220W,0,-0.5617237,0.191339373588562,0.7577268481254578,0.3212963938713074
YER154W,YER002W,0,-0.56189233,0.1912912130355835,0.7577268481254578,0.3213964104652405
YLR157C,YGR179C,0,-0.56195414,0.19124308228492737,0.7577268481254578,0.32149645686149597
YOR279C,YML030W,0,-0.5620825,0.19119496643543243,0.7577268481254578,0.3215964734554291
YDL128W,YMR075W,0,-0.5623893,0.1911468803882599,0.7577268481254578,0.32169651985168457
YHR061C,YNL078W,0,-0.5632569,0.19109882414340973,0.7577268481254578,0.3217965364456177
YNL290W,YGL163C,0,-0.56327593,0.19105078279972076,0.7577268481254578,0.32189658284187317
YIL170W,YKL201C,0,-0.56349945,0.1910027712583542,0.7577268481254578,0.3219965994358063
YOR313C,YPL208W,0,-0.56352246,0.1909547746181488,0.7577268481254578,0.3220966160297394
YER175C,YBL079W,0,-0.5635562,0.1909068077802658,0.7577268481254578,0.3221966624259949
YNL262W,YMR273C,0,-0.5641607,0.1908588707447052,0.7577268481254578,0.322296679019928
YGL213C,YJR006W,1,-0.56434417,0.19106201827526093,0.7587238550186157,0.322296679019928
YLL019C,YJR032W,0,-0.56516427,0.19101405143737793,0.7587238550186157,0.32239672541618347
YDL245C,YHR082C,0,-0.56524473,0.19096612930297852,0.7587238550186157,0.3224967420101166
YJL005W,YGL241W,0,-0.565656,0.1909182071685791,0.7587238550186157,0.32259678840637207
YJR119C,YNL070W,0,-0.5656963,0.19087032973766327,0.7587238550186157,0.3226968050003052
YOR291W,YIR018W,0,-0.5659165,0.19082246720790863,0.7587238550186157,0.32279685139656067
YIR011C,YML030W,0,-0.56652796,0.19077463448047638,0.7587238550186157,0.3228968679904938
YER138C,YLR163C,0,-0.5669517,0.19072681665420532,0.7587238550186157,0.3229968845844269
YPL122C,YBL098W,0,-0.5670236,0.19067902863025665,0.7587238550186157,0.3230969309806824
YOL086C,YNL273W,0,-0.5671791,0.19063125550746918,0.7587238550186157,0.3231969475746155
YJL087C,YAL022C,0,-0.5672246,0.19058352708816528,0.7587238550186157,0.32329699397087097
YNL314W,YCL024W,0,-0.56733286,0.1905357986688614,0.7587238550186157,0.3233970105648041
YMR112C,YKL205W,0,-0.5676592,0.19048811495304108,0.7587238550186157,0.32349705696105957
YPR091C,YDR140W,0,-0.5676758,0.19044044613838196,0.7587238550186157,0.3235970735549927
YBR081C,YOR393W,0,-0.56784135,0.19039279222488403,0.7587238550186157,0.32369711995124817
YEL052W,YKL038W,0,-0.5682341,0.1903451681137085,0.7587238550186157,0.3237971365451813
YKR020W,YLR224W,0,-0.5687371,0.19029757380485535,0.7587238550186157,0.32389718294143677
YDR263C,YER115C,0,-0.56914616,0.1902499943971634,0.7587238550186157,0.3239971995353699
YLR452C,YDL217C,0,-0.5692078,0.19020244479179382,0.7587238550186157,0.324097216129303
YJR055W,YDL140C,0,-0.5692307,0.19015492498874664,0.7587238550186157,0.32419726252555847
YDL036C,YGL148W,0,-0.5695816,0.19010742008686066,0.7587238550186157,0.3242972791194916
YDL059C,YNL239W,0,-0.5699415,0.19005994498729706,0.7587238550186157,0.32439732551574707
YJL225C,YPR135W,0,-0.57008594,0.19001248478889465,0.7587238550186157,0.3244973421096802
YDR512C,YGR036C,0,-0.57010055,0.18996505439281464,0.7587238550186157,0.32459738850593567
YJR004C,YBR118W,0,-0.5701075,0.1899176388978958,0.7587238550186157,0.3246974050998688
YIR011C,YNL238W,0,-0.57035506,0.18987025320529938,0.7587238550186157,0.32479745149612427
YBR006W,YNL147W,0,-0.5704411,0.18982289731502533,0.7587238550186157,0.3248974680900574
YLL003W,YHR041C,0,-0.5706074,0.18977555632591248,0.7587238550186157,0.3249974846839905
YAL054C,YKR102W,0,-0.5710124,0.189728245139122,0.7587238550186157,0.32509753108024597
YGR167W,YOR279C,0,-0.57126385,0.18968096375465393,0.7587238550186157,0.3251975476741791
YAR027W,YMR179W,0,-0.57183766,0.18963369727134705,0.7587238550186157,0.32529759407043457
YIL143C,YHR168W,0,-0.5720807,0.18958644568920135,0.7587238550186157,0.3253976106643677
YGR144W,YPL042C,0,-0.57238156,0.18953922390937805,0.7587238550186157,0.32549765706062317
YLR386W,YDR369C,0,-0.5724564,0.18949203193187714,0.7587238550186157,0.3255976736545563
YEL012W,YDR444W,0,-0.57249385,0.18944485485553741,0.7587238550186157,0.32569772005081177
YPL042C,YNL192W,0,-0.57299507,0.18939770758152008,0.7587238550186157,0.3257977366447449
YPR182W,YOR123C,0,-0.5731818,0.18935059010982513,0.7587238550186157,0.32589778304100037
YDR146C,YDR218C,0,-0.5733896,0.18930348753929138,0.7587238550186157,0.32599779963493347
YNL127W,YNL236W,0,-0.57365304,0.18925639986991882,0.7587238550186157,0.3260978162288666
YDL246C,YDR496C,0,-0.5738466,0.18920934200286865,0.7587238550186157,0.32619786262512207
YOL066C,YDR260C,0,-0.5748557,0.18916231393814087,0.7587238550186157,0.3262978792190552
YNL131W,YNR017W,0,-0.57514435,0.18911530077457428,0.7587238550186157,0.32639792561531067
YPR198W,YNL182C,0,-0.5751602,0.18906831741333008,0.7587238550186157,0.3264979422092438
YER103W,YFL014W,0,-0.5753951,0.18902136385440826,0.7587238550186157,0.32659798860549927
YLR228C,YJR021C,0,-0.5760287,0.18897442519664764,0.7587238550186157,0.3266980051994324
YGL186C,YDR262W,0,-0.57653546,0.18892750144004822,0.7587238550186157,0.32679805159568787
YOR219C,YJL176C,0,-0.57677823,0.18888062238693237,0.7587238550186157,0.32689806818962097
YHR109W,YGL113W,0,-0.576937,0.18883374333381653,0.7587238550186157,0.3269980847835541
YOR237W,YIL132C,0,-0.57759047,0.18878689408302307,0.7587238550186157,0.32709813117980957
YJL103C,YFL013C,0,-0.5784003,0.188740074634552,0.7587238550186157,0.3271981477737427
YLR020C,YKR068C,0,-0.5784571,0.18869328498840332,0.7587238550186157,0.32729819416999817
YLR309C,YDR404C,0,-0.57858485,0.18864651024341583,0.7587238550186157,0.3273982107639313
YKL144C,YNR013C,0,-0.5799967,0.18859975039958954,0.7587238550186157,0.32749825716018677
YLR314C,YGR020C,0,-0.580053,0.18855302035808563,0.7587238550186157,0.3275982737541199
YMR203W,YJL213W,0,-0.58030385,0.1885063201189041,0.7587238550186157,0.32769832015037537
YOR239W,YOR393W,0,-0.5803487,0.1884596347808838,0.7587238550186157,0.32779833674430847
YNL172W,YER145C,0,-0.5804017,0.18841297924518585,0.7587238550186157,0.32789838314056396
YEL043W,YDL216C,0,-0.58135545,0.1883663386106491,0.7587238550186157,0.32799839973449707
YNR017W,YMR304W,0,-0.5815849,0.18831972777843475,0.7587238550186157,0.3280984163284302
YNR067C,YKR069W,0,-0.58206767,0.1882731318473816,0.7587238550186157,0.32819846272468567
YOR148C,YNL070W,0,-0.58223695,0.18822656571865082,0.7587238550186157,0.3282984793186188
YJL030W,YNL258C,0,-0.5824737,0.18818001449108124,0.7587238550186157,0.32839852571487427
YPR011C,YGL019W,0,-0.5828851,0.18813349306583405,0.7587238550186157,0.3284985423088074
YBR118W,YDR072C,0,-0.582929,0.18808700144290924,0.7587238550186157,0.32859858870506287
YNL079C,YJR083C,0,-0.58293235,0.18804052472114563,0.7587238550186157,0.32869860529899597
YNL102W,YFL021W,0,-0.58309156,0.1879940778017044,0.7587238550186157,0.32879865169525146
YGL107C,YKL009W,1,-0.58336854,0.1881946176290512,0.7597208619117737,0.32879865169525146
YLL003W,YHR004C,0,-0.58363754,0.1881481409072876,0.7597208619117737,0.32889866828918457
YPL151C,YBR294W,0,-0.58390224,0.18810170888900757,0.7597208619117737,0.3289986848831177
YPL147W,YKR006C,0,-0.58394057,0.18805527687072754,0.7597208619117737,0.32909873127937317
YPL007C,YLR224W,0,-0.5850176,0.1880088895559311,0.7597208619117737,0.3291987478733063
YBR059C,YIL035C,0,-0.58558923,0.18796250224113464,0.7597208619117737,0.32929879426956177
YGR264C,YMR304W,0,-0.5856694,0.18791615962982178,0.7597208619117737,0.3293988108634949
YKL009W,YMR039C,0,-0.58603925,0.1878698170185089,0.7597208619117737,0.32949885725975037
YNL112W,YJR022W,1,-0.5861215,0.18806999921798706,0.7607178688049316,0.32949885725975037
YDL039C,YGL030W,0,-0.58616924,0.1880236566066742,0.7607178688049316,0.32959887385368347
YJR021C,YHR168W,0,-0.5862747,0.18797732889652252,0.7607178688049316,0.32969892024993896
YKL041W,YLR329W,0,-0.58657885,0.18793103098869324,0.7607178688049316,0.32979893684387207
YNR021W,YBR238C,0,-0.58678275,0.18788476288318634,0.7607178688049316,0.32989898324012756
YBL085W,YNR035C,0,-0.5868675,0.18783850967884064,0.7607178688049316,0.32999899983406067
YNL102W,YIL133C,0,-0.58691895,0.18779227137565613,0.7607178688049316,0.3300990164279938
YDR196C,YMR301C,0,-0.58692896,0.187746062874794,0.7607178688049316,0.33019906282424927
YOR226C,YGR143W,0,-0.5869662,0.18769988417625427,0.7607178688049316,0.3302990794181824
YCR077C,YER049W,1,-0.58712554,0.187899649143219,0.7617148756980896,0.3302990794181824
YGL068W,YHR005C-A,0,-0.5872518,0.18785345554351807,0.7617148756980896,0.33039912581443787
YEL031W,YNL175C,0,-0.5875091,0.18780727684497833,0.7617148756980896,0.33049914240837097
YGL026C,YDR416W,0,-0.5876482,0.187761127948761,0.7617148756980896,0.33059918880462646
YER050C,YKR019C,0,-0.58797896,0.18771499395370483,0.7617148756980896,0.33069920539855957
YPL180W,YIL021W,0,-0.588036,0.18766887485980988,0.7617148756980896,0.33079925179481506
YBR260C,YOL155C,0,-0.58808315,0.1876227855682373,0.7617148756980896,0.33089926838874817
YBR020W,YER055C,0,-0.588151,0.18757672607898712,0.7617148756980896,0.3309992849826813
YGR225W,YGR089W,0,-0.5882166,0.18753068149089813,0.7617148756980896,0.33109933137893677
YNL297C,YOL040C,0,-0.5887585,0.18748466670513153,0.7617148756980896,0.3311993479728699
YIR011C,YJL060W,0,-0.5890262,0.18743866682052612,0.7617148756980896,0.33129939436912537
YLR203C,YPL188W,0,-0.5890569,0.1873926967382431,0.7617148756980896,0.33139941096305847
YCL004W,YIL048W,0,-0.5890843,0.18734674155712128,0.7617148756980896,0.33149945735931396
YBR155W,YOL052C,0,-0.58909786,0.18730081617832184,0.7617148756980896,0.33159947395324707
YOR106W,YHR074W,0,-0.5892235,0.1872549057006836,0.7617148756980896,0.33169952034950256
YNL314W,YDL121C,0,-0.59040827,0.18720901012420654,0.7617148756980896,0.33179953694343567
YOR216C,YGR112W,0,-0.59082925,0.18716315925121307,0.7617148756980896,0.33189958333969116
YLR295C,YKL078W,0,-0.5909805,0.1871173083782196,0.7617148756980896,0.33199959993362427
YKR057W,YJL024C,0,-0.5910403,0.18707150220870972,0.7617148756980896,0.3320996165275574
YLR183C,YMR020W,0,-0.59114385,0.18702571094036102,0.7617148756980896,0.33219966292381287
YKL009W,YJR006W,1,-0.5911576,0.18722467124462128,0.7627118825912476,0.33219966292381287
YFR029W,YOR274W,0,-0.59123653,0.1871788650751114,0.7627118825912476,0.33229967951774597
YOL129W,YJR053W,0,-0.59137285,0.1871330738067627,0.7627118825912476,0.33239972591400146
YLL027W,YNR072W,0,-0.59142596,0.1870873123407364,0.7627118825912476,0.33249974250793457
YLL017W,YNL121C,0,-0.59188884,0.18704156577587128,0.7627118825912476,0.33259978890419006
YER165W,YEL029C,0,-0.59194547,0.18699584901332855,0.7627118825912476,0.33269980549812317
YPR042C,YGL097W,1,-0.5919573,0.18719452619552612,0.7637088894844055,0.33269980549812317
YMR078C,YPL110C,0,-0.592096,0.1871487945318222,0.7637088894844055,0.33279985189437866
YBR261C,YLR016C,0,-0.59222764,0.18710307776927948,0.7637088894844055,0.33289986848831177
YLR452C,YNL102W,0,-0.5928619,0.18705739080905914,0.7637088894844055,0.3329998850822449
YMR168C,YNL236W,0,-0.5934821,0.18701171875,0.7637088894844055,0.33309993147850037
YGL083W,YDR494W,0,-0.59349275,0.18696607649326324,0.7637088894844055,0.33319994807243347
YNL314W,YGR070W,0,-0.59412855,0.18692044913768768,0.7637088894844055,0.33329999446868896
YBL005W-B,YDR285W,0,-0.59438914,0.1868748515844345,0.7637088894844055,0.33340001106262207
YMR061W,YMR034C,0,-0.59472466,0.18682926893234253,0.7637088894844055,0.33350005745887756
YKL090W,YCL004W,0,-0.5949094,0.18678371608257294,0.7637088894844055,0.33360007405281067
YPR072W,YNL307C,0,-0.5951119,0.18673817813396454,0.7637088894844055,0.33370012044906616
YER055C,YGL244W,0,-0.5951473,0.18669266998767853,0.7637088894844055,0.33380013704299927
YKL074C,YGL169W,0,-0.5959141,0.1866471767425537,0.7637088894844055,0.33390018343925476
YJR028W,YJL004C,0,-0.59597296,0.1866016983985901,0.7637088894844055,0.33400020003318787
YDR405W,YOR194C,0,-0.5960883,0.18655626475811005,0.7637088894844055,0.33410021662712097
YPR011C,YOR378W,0,-0.5961333,0.18651083111763,0.7637088894844055,0.33420026302337646
YJL141C,YBL068W,0,-0.5961386,0.18646542727947235,0.7637088894844055,0.33430027961730957
YJL225C,YPL180W,0,-0.59629506,0.18642005324363708,0.7637088894844055,0.33440032601356506
YOL158C,YDL047W,0,-0.5963037,0.186374694108963,0.7637088894844055,0.33450034260749817
YAR027W,YNR002C,0,-0.59653366,0.18632936477661133,0.7637088894844055,0.33460038900375366
YDR451C,YHR168W,0,-0.5969547,0.18628405034542084,0.7637088894844055,0.33470040559768677
YOL066C,YPR138C,0,-0.59700865,0.18623875081539154,0.7637088894844055,0.33480045199394226
YHR060W,YJR101W,0,-0.598407,0.18619348108768463,0.7637088894844055,0.33490046858787537
YMR117C,YER087W,0,-0.5996314,0.1861482411623001,0.7637088894844055,0.33500051498413086
YMR227C,YCL032W,0,-0.5998507,0.18610301613807678,0.7637088894844055,0.33510053157806396
YBR081C,YDR240C,0,-0.60011363,0.18605780601501465,0.7637088894844055,0.33520054817199707
YJL087C,YCR002C,0,-0.6014798,0.1860126256942749,0.7637088894844055,0.33530059456825256
YHR002W,YBR010W,0,-0.6015712,0.18596747517585754,0.7637088894844055,0.33540061116218567
YMR179W,YBL034C,0,-0.6015855,0.18592232465744019,0.7637088894844055,0.33550065755844116
YMR276W,YEL029C,0,-0.6036745,0.1858772188425064,0.7637088894844055,0.33560067415237427
YCR030C,YKR068C,0,-0.6038374,0.18583211302757263,0.7637088894844055,0.33570072054862976
YHR211W,YJL117W,0,-0.60405755,0.18578705191612244,0.7637088894844055,0.33580073714256287
YHR119W,YOR349W,0,-0.6045991,0.18574199080467224,0.7637088894844055,0.33590078353881836
YNR017W,YEL040W,0,-0.6052082,0.18569697439670563,0.7637088894844055,0.33600080013275146
YIL020C,YCR011C,0,-0.60536563,0.185651957988739,0.7637088894844055,0.33610081672668457
YGL222C,YPL029W,1,-0.6055829,0.18584927916526794,0.7647058963775635,0.33610081672668457
YDR494W,YPL113C,0,-0.60566556,0.18580426275730133,0.7647058963775635,0.33620086312294006
YLR447C,YKL172W,0,-0.60607,0.1857592612504959,0.7647058963775635,0.33630087971687317
YMR319C,YBL113C,0,-0.6065631,0.18571428954601288,0.7647058963775635,0.33640092611312866
YLR033W,YIR005W,0,-0.60662955,0.18566933274269104,0.7647058963775635,0.33650094270706177
YOL165C,YKL103C,0,-0.606686,0.1856243908405304,0.7647058963775635,0.33660098910331726
YNL073W,YJR028W,0,-0.60677904,0.18557947874069214,0.7647058963775635,0.33670100569725037
YDR090C,YGR239C,0,-0.6069052,0.18553459644317627,0.7647058963775635,0.33680105209350586
YDL024C,YIR038C,0,-0.60716677,0.1854897290468216,0.7647058963775635,0.33690106868743896
YDL084W,YGL183C,0,-0.6072172,0.1854448765516281,0.7647058963775635,0.33700111508369446
YER090W,YDR416W,0,-0.60730803,0.18540005385875702,0.7647058963775635,0.33710113167762756
YGR112W,YJR103W,0,-0.6075052,0.18535524606704712,0.7647058963775635,0.33720114827156067
YPR200C,YKL205W,0,-0.6076864,0.1853104680776596,0.7647058963775635,0.33730119466781616
YCR026C,YNL259C,0,-0.60778594,0.1852657049894333,0.7647058963775635,0.33740121126174927
YKR056W,YGR070W,0,-0.6089996,0.18522095680236816,0.7647058963775635,0.33750125765800476
YLR386W,YAR035W,0,-0.60924196,0.18517623841762543,0.7647058963775635,0.33760127425193787
YLL003W,YGR185C,0,-0.60938036,0.18513154983520508,0.7647058963775635,0.33770132064819336
YHR069C,YDR404C,1,-0.6096184,0.1853281855583191,0.7657029032707214,0.33770132064819336
YOR388C,YJL206C,0,-0.6097549,0.18528346717357635,0.7657029032707214,0.33780133724212646
YJR091C,YDR404C,1,-0.6127019,0.18547998368740082,0.7666999101638794,0.33780133724212646
YML109W,YAL039C,0,-0.61284554,0.1854352504014969,0.7666999101638794,0.33790138363838196
YMR020W,YDR389W,0,-0.61290336,0.18539054691791534,0.7666999101638794,0.33800140023231506
YDR383C,YNL182C,0,-0.613048,0.1853458732366562,0.7666999101638794,0.33810141682624817
YPR011C,YCL008C,0,-0.6131248,0.18530119955539703,0.7666999101638794,0.33820146322250366
YFR001W,YLR042C,0,-0.61356884,0.18525657057762146,0.7666999101638794,0.33830147981643677
YPR189W,YGL222C,1,-0.61364245,0.18545278906822205,0.7676969170570374,0.33830147981643677
YOL057W,YOR138C,0,-0.61378527,0.18540814518928528,0.7676969170570374,0.33840152621269226
YLR029C,YMR179W,0,-0.61401147,0.1853635013103485,0.7676969170570374,0.33850154280662537
YLR009W,YDR410C,0,-0.61451805,0.18531888723373413,0.7676969170570374,0.33860158920288086
YDL246C,YBR271W,0,-0.6152188,0.18527430295944214,0.7676969170570374,0.33870160579681396
YDR405W,YDL028C,0,-0.615819,0.18522973358631134,0.7676969170570374,0.33880165219306946
YPR189W,YLR136C,1,-0.61615217,0.18542568385601044,0.7686939239501953,0.33880165219306946
YIR018W,YJR083C,0,-0.6163803,0.18538109958171844,0.7686939239501953,0.33890166878700256
YGR036C,YGR034W,0,-0.6168407,0.18533654510974884,0.7686939239501953,0.33900171518325806
YDL028C,YKL210W,0,-0.61716485,0.18529199063777924,0.7686939239501953,0.33910173177719116
YOR298W,YOR393W,0,-0.61734784,0.1852474808692932,0.7686939239501953,0.33920174837112427
YOL086C,YCL018W,0,-0.6178037,0.18520298600196838,0.7686939239501953,0.33930179476737976
YOR076C,YLR363C,1,-0.61811554,0.1853986531496048,0.7696909308433533,0.33930179476737976
YBR278W,YLR394W,0,-0.61825275,0.18535414338111877,0.7696909308433533,0.33940181136131287
YOR222W,YIL048W,0,-0.61843383,0.18530964851379395,0.7696909308433533,0.33950185775756836
YBL026W,YDR378C,1,-0.61847985,0.18550516664981842,0.7706879377365112,0.33950185775756836
YOR071C,YMR228W,0,-0.6188164,0.1854606568813324,0.7706879377365112,0.33960187435150146
YOR324C,YDL077C,0,-0.61895543,0.18541616201400757,0.7706879377365112,0.33970192074775696
YJR091C,YCR027C,1,-0.619233,0.1856115162372589,0.7716849446296692,0.33970192074775696
YHR211W,YJL060W,0,-0.6194651,0.1855670064687729,0.7716849446296692,0.33980193734169006
YBR020W,YML099C,0,-0.61955094,0.18552252650260925,0.7716849446296692,0.33990198373794556
YDR405W,YFL054C,0,-0.6197022,0.185478076338768,0.7716849446296692,0.34000200033187866
YBR187W,YLR350W,0,-0.6201492,0.18543364107608795,0.7716849446296692,0.34010201692581177
YDR137W,YMR020W,0,-0.620373,0.1853892207145691,0.7716849446296692,0.34020206332206726
YNL304W,YLR359W,0,-0.6205232,0.18534483015537262,0.7716849446296692,0.34030207991600037
YGL183C,YFR019W,0,-0.62054765,0.18530045449733734,0.7716849446296692,0.34040212631225586
YPR171W,YGR177C,0,-0.6205724,0.18525610864162445,0.7716849446296692,0.34050214290618896
YGL162W,YPR159W,0,-0.6206436,0.18521177768707275,0.7716849446296692,0.34060218930244446
YGR214W,YML132W,0,-0.62071073,0.18516746163368225,0.7716849446296692,0.34070220589637756
YPR189W,YNL147W,1,-0.62074614,0.18536235392093658,0.7726819515228271,0.34070220589637756
YGR084C,YLL043W,0,-0.62076575,0.1853180229663849,0.7726819515228271,0.34080225229263306
YDR254W,YLR208W,0,-0.62131315,0.18527372181415558,0.7726819515228271,0.34090226888656616
YOR301W,YDR229W,0,-0.6215166,0.18522945046424866,0.7726819515228271,0.34100231528282166
YPR024W,YNL192W,0,-0.6217481,0.18518517911434174,0.7726819515228271,0.34110233187675476
YGR177C,YKL061W,0,-0.62192214,0.1851409524679184,0.7726819515228271,0.34120234847068787
YCL074W,YGR179C,0,-0.6220584,0.18509672582149506,0.7726819515228271,0.34130239486694336
YOL066C,YOR098C,0,-0.62266,0.1850525289773941,0.7726819515228271,0.34140241146087646
YOL026C,YPR006C,0,-0.6227964,0.18500836193561554,0.7726819515228271,0.34150245785713196
YLR197W,YBR222C,0,-0.6230029,0.18496419489383698,0.7726819515228271,0.34160247445106506
YOR291W,YJR005W,0,-0.6235661,0.184920072555542,0.7726819515228271,0.34170252084732056
YHR211W,YLR047C,0,-0.6236669,0.184875950217247,0.7726819515228271,0.34180253744125366
YDR383C,YKR066C,0,-0.6238219,0.18483185768127441,0.7726819515228271,0.34190258383750916
YMR123W,YDR167W,0,-0.6238406,0.1847877949476242,0.7726819515228271,0.34200260043144226
YDR196C,YJL141C,0,-0.6249082,0.1847437471151352,0.7726819515228271,0.34210261702537537
YNR010W,YCL034W,0,-0.62548906,0.18469971418380737,0.7726819515228271,0.34220266342163086
YPR200C,YDL039C,0,-0.62557125,0.18465571105480194,0.7726819515228271,0.34230268001556396
YHR132C,YOR378W,0,-0.6255791,0.1846117228269577,0.7726819515228271,0.34240272641181946
YGR112W,YLR350W,0,-0.6258926,0.18456774950027466,0.7726819515228271,0.34250274300575256
YCR077C,YDR280W,1,-0.62609935,0.1847619116306305,0.7736789584159851,0.34250274300575256
YKL190W,YOR138C,0,-0.62610346,0.18471792340278625,0.7736789584159851,0.34260278940200806
YGR288W,YJL206C,0,-0.62644637,0.1846739649772644,0.7736789584159851,0.34270280599594116
YOL070C,YPL110C,0,-0.62673205,0.18463002145290375,0.7736789584159851,0.34280285239219666
YOR209C,YKL061W,0,-0.6273346,0.18458610773086548,0.7736789584159851,0.34290286898612976
YPL127C,YER046W,0,-0.6275835,0.1845422089099884,0.7736789584159851,0.34300291538238525
YIL006W,YFL001W,0,-0.6277498,0.18449833989143372,0.7736789584159851,0.34310293197631836
YEL012W,YNL232W,0,-0.62806445,0.18445448577404022,0.7736789584159851,0.34320294857025146
YOR340C,YNL239W,0,-0.62816393,0.18441064655780792,0.7736789584159851,0.34330299496650696
YLR028C,YDL225W,0,-0.6283576,0.184366837143898,0.7736789584159851,0.34340301156044006
YER087W,YPL078C,0,-0.6284392,0.1843230426311493,0.7736789584159851,0.34350305795669556
YBR129C,YOR204W,0,-0.62851,0.18427926301956177,0.7736789584159851,0.34360307455062866
YLR033W,YLR130C,0,-0.6287762,0.18423551321029663,0.7736789584159851,0.34370312094688416
YLR080W,YGL244W,0,-0.62889457,0.18419179320335388,0.7736789584159851,0.34380313754081726
YNL271C,YEL030W,0,-0.6289848,0.18414807319641113,0.7736789584159851,0.34390318393707275
YKL149C,YCR093W,1,-0.62909603,0.1843416392803192,0.7746759653091431,0.34390318393707275
YBR247C,YDR423C,0,-0.6293061,0.18429791927337646,0.7746759653091431,0.34400320053100586
YMR137C,YGL220W,0,-0.62965846,0.1842542141675949,0.7746759653091431,0.34410321712493896
YOR251C,YNL092W,0,-0.62987983,0.18421052396297455,0.7746759653091431,0.34420326352119446
YER013W,YDL107W,0,-0.6299058,0.18416686356067657,0.7746759653091431,0.34430328011512756
YNL251C,YOL149W,1,-0.6301317,0.18436019122600555,0.775672972202301,0.34430328011512756
YKL161C,YOR338W,0,-0.63034827,0.1843165159225464,0.775672972202301,0.34440332651138306
YNR067C,YBR115C,0,-0.6306095,0.1842728555202484,0.775672972202301,0.34450334310531616
YPR189W,YIL042C,0,-0.6306592,0.18422922492027283,0.775672972202301,0.34460338950157166
YGR052W,YGR258C,0,-0.6307716,0.18418560922145844,0.775672972202301,0.34470340609550476
YOR071C,YLR043C,0,-0.6307857,0.18414200842380524,0.775672972202301,0.34480345249176025
YAL063C,YJR140C,0,-0.6308154,0.18409843742847443,0.775672972202301,0.34490346908569336
YGR036C,YCR026C,0,-0.6309345,0.1840548813343048,0.775672972202301,0.34500351548194885
YKL217W,YHR069C,0,-0.6310145,0.18401135504245758,0.775672972202301,0.34510353207588196
YGR268C,YBL098W,0,-0.631307,0.18396784365177155,0.775672972202301,0.34520354866981506
YEL069C,YGL183C,0,-0.63135964,0.1839243471622467,0.775672972202301,0.34530359506607056
YGR020C,YLR187W,0,-0.6319261,0.18388088047504425,0.775672972202301,0.34540361166000366
YNL258C,YLR213C,0,-0.63216376,0.183837428689003,0.775672972202301,0.34550365805625916
YOR297C,YOR313C,0,-0.6321648,0.18379400670528412,0.775672972202301,0.34560367465019226
YLR163C,YLR073C,0,-0.6325449,0.18375058472156525,0.775672972202301,0.34570372104644775
YOR283W,YLR389C,0,-0.63292074,0.18370720744132996,0.775672972202301,0.34580373764038086
YGR252W,YOL136C,0,-0.63306624,0.18366383016109467,0.775672972202301,0.34590378403663635
YKR019C,YKR026C,0,-0.633348,0.18362048268318176,0.775672972202301,0.34600380063056946
YPR189W,YCR093W,1,-0.63350445,0.18381312489509583,0.776669979095459,0.34600380063056946
YLR314C,YDR173C,0,-0.63355064,0.18376976251602173,0.776669979095459,0.34610381722450256
YPL274W,YBR010W,0,-0.6342125,0.18372641503810883,0.776669979095459,0.34620386362075806
YHR059W,YKL124W,0,-0.6342411,0.1836830973625183,0.776669979095459,0.34630388021469116
YLR136C,YCR027C,1,-0.6347182,0.18387553095817566,0.7776669859886169,0.34630388021469116
YPL064C,YNL032W,0,-0.6348149,0.18383219838142395,0.7776669859886169,0.34640392661094666
YMR284W,YGL010W,0,-0.6358287,0.18378888070583344,0.7776669859886169,0.34650394320487976
YOL045W,YKR102W,0,-0.636397,0.1837455779314041,0.7776669859886169,0.34660398960113525
YPL167C,YIL140W,0,-0.636715,0.18370230495929718,0.7776669859886169,0.34670400619506836
YDL140C,YHR119W,0,-0.6369158,0.18365904688835144,0.7776669859886169,0.34680405259132385
YDR415C,YJL117W,0,-0.6370999,0.1836158186197281,0.7776669859886169,0.34690406918525696
YOR074C,YGL148W,0,-0.63724506,0.18357260525226593,0.7776669859886169,0.34700411558151245
YHR066W,YDR492W,0,-0.6375876,0.18352940678596497,0.7776669859886169,0.34710413217544556
YPL007C,YJR031C,0,-0.63786334,0.1834862381219864,0.7776669859886169,0.34720414876937866
YLR024C,YLR026C,0,-0.6380133,0.183443084359169,0.7776669859886169,0.34730419516563416
YNR006W,YLR348C,0,-0.6384413,0.183399960398674,0.7776669859886169,0.34740421175956726
YLL034C,YHR057C,0,-0.63864434,0.18335683643817902,0.7776669859886169,0.34750425815582275
YJR147W,YPL119C,0,-0.63876855,0.1833137422800064,0.7776669859886169,0.34760427474975586
YMR176W,YAL031C,0,-0.6393313,0.1832706779241562,0.7776669859886169,0.34770432114601135
YNR006W,YGL030W,0,-0.63971776,0.18322762846946716,0.7776669859886169,0.34780433773994446
YNL223W,YBL026W,0,-0.6404381,0.18318459391593933,0.7776669859886169,0.34790438413619995
YLR440C,YBL098W,0,-0.640798,0.1831415891647339,0.7776669859886169,0.34800440073013306
YMR241W,YJL194W,0,-0.6408123,0.18309858441352844,0.7776669859886169,0.34810441732406616
YNR067C,YNL107W,0,-0.64092255,0.18305562436580658,0.7776669859886169,0.34820446372032166
YLL041C,YJL176C,0,-0.6410982,0.18301266431808472,0.7776669859886169,0.34830448031425476
YFL038C,YKL020C,0,-0.64124376,0.18296973407268524,0.7776669859886169,0.34840452671051025
YPL122C,YLR209C,0,-0.6414157,0.18292683362960815,0.7776669859886169,0.34850454330444336
YBR059C,YOR025W,0,-0.6415138,0.18288393318653107,0.7776669859886169,0.34860458970069885
YNL314W,YBL076C,0,-0.6420902,0.18284106254577637,0.7776669859886169,0.34870460629463196
YGR199W,YDR140W,0,-0.6423418,0.18279822170734406,0.7776669859886169,0.34880465269088745
YCL024W,YDL070W,0,-0.64283925,0.18275539577007294,0.7776669859886169,0.34890466928482056
YJR149W,YCL052C,0,-0.64285654,0.182712584733963,0.7776669859886169,0.34900471568107605
YPL083C,YOR222W,0,-0.6432783,0.18266978859901428,0.7776669859886169,0.34910473227500916
YKL078W,YLR359W,0,-0.64411455,0.18262702226638794,0.7776669859886169,0.34920474886894226
YFR029W,YJL130C,0,-0.6444203,0.1825842708349228,0.7776669859886169,0.34930479526519775
YEL022W,YFL021W,0,-0.64463824,0.18254153430461884,0.7776669859886169,0.34940481185913086
YJL071W,YMR273C,0,-0.6448631,0.18249882757663727,0.7776669859886169,0.34950485825538635
YDR173C,YGL060W,0,-0.6448794,0.1824561357498169,0.7776669859886169,0.34960487484931946
YHR005C-A,YKL201C,0,-0.64500463,0.1824134737253189,0.7776669859886169,0.34970492124557495
YKL020C,YBL089W,0,-0.6457372,0.18237082660198212,0.7776669859886169,0.34980493783950806
YLR080W,YLR088W,0,-0.6457727,0.18232819437980652,0.7776669859886169,0.34990498423576355
YGR171C,YOR098C,0,-0.64579093,0.18228557705879211,0.7776669859886169,0.35000500082969666
YLL008W,YLR209C,0,-0.6460264,0.1822429895401001,0.7776669859886169,0.35010501742362976
YJL191W,YHR059W,0,-0.6460627,0.18220041692256927,0.7776669859886169,0.35020506381988525
YIL108W,YMR054W,0,-0.64650744,0.18215787410736084,0.7776669859886169,0.35030508041381836
YJL112W,YHR005C-A,0,-0.6469938,0.1821153461933136,0.7776669859886169,0.35040512681007385
YDR371W,YJL130C,0,-0.64730835,0.18207283318042755,0.7776669859886169,0.35050514340400696
YDL202W,YER168C,0,-0.6473614,0.1820303350687027,0.7776669859886169,0.35060518980026245
YPL134C,YBR271W,0,-0.64813006,0.18198786675930023,0.7776669859886169,0.35070520639419556
YGL241W,YMR200W,0,-0.64840186,0.18194541335105896,0.7776669859886169,0.35080525279045105
YBL068W,YNR060W,0,-0.64941704,0.18190298974514008,0.7776669859886169,0.35090526938438416
YDL202W,YNL259C,0,-0.6497713,0.1818605661392212,0.7776669859886169,0.35100531578063965
YNL297C,YLL017W,0,-0.65045536,0.1818181872367859,0.7776669859886169,0.35110533237457275
YCR077C,YGR195W,1,-0.65061116,0.18200886249542236,0.7786639928817749,0.35110533237457275
YFR036W,YML109W,0,-0.65064263,0.18196645379066467,0.7786639928817749,0.35120534896850586
YLR268W,YOL108C,0,-0.6510302,0.18192405998706818,0.7786639928817749,0.35130539536476135
YDR414C,YLR380W,0,-0.6510844,0.18188169598579407,0.7786639928817749,0.35140541195869446
YGR238C,YKL117W,0,-0.65145874,0.18183934688568115,0.7786639928817749,0.35150545835494995
YJL005W,YMR250W,0,-0.6518066,0.18179702758789062,0.7786639928817749,0.35160547494888306
YOR323C,YJL030W,0,-0.6519606,0.1817547082901001,0.7786639928817749,0.35170552134513855
YLR105C,YJR006W,0,-0.6520881,0.18171241879463196,0.7786639928817749,0.35180553793907166
YJR127C,YML080W,0,-0.65249604,0.1816701591014862,0.7786639928817749,0.35190558433532715
YMR319C,YDR508C,0,-0.6525477,0.18162791430950165,0.7786639928817749,0.35200560092926025
YGL014W,YMR193W,0,-0.65262175,0.18158568441867828,0.7786639928817749,0.35210561752319336
YGR238C,YHR085W,0,-0.6527535,0.1815434694290161,0.7786639928817749,0.35220566391944885
YEL069C,YOR311C,0,-0.6529446,0.18150128424167633,0.7786639928817749,0.35230568051338196
YJR021C,YHR209W,0,-0.6531404,0.18145911395549774,0.7786639928817749,0.35240572690963745
YDL111C,YGL173C,1,-0.6532189,0.18164923787117004,0.7796609997749329,0.35240572690963745
YNL314W,YFR036W,0,-0.6532597,0.18160705268383026,0.7796609997749329,0.35250574350357056
YPR042C,YOL115W,1,-0.65334225,0.1817970722913742,0.7806580066680908,0.35250574350357056
YLR020C,YEL053C,0,-0.65368277,0.18175487220287323,0.7806580066680908,0.35260578989982605
YLR047C,YDR159W,0,-0.6541866,0.18171268701553345,0.7806580066680908,0.35270580649375916
YBL112C,YNR067C,0,-0.65487707,0.18167053163051605,0.7806580066680908,0.35280585289001465
YIL134W,YIL048W,0,-0.65568286,0.18162839114665985,0.7806580066680908,0.35290586948394775
YDL246C,YGR036C,0,-0.656124,0.18158626556396484,0.7806580066680908,0.35300591588020325
YCL004W,YKL189W,0,-0.6578748,0.18154416978359222,0.7806580066680908,0.35310593247413635
YPL122C,YGL259W,0,-0.65935457,0.1815020889043808,0.7806580066680908,0.35320594906806946
YIL134W,YNL267W,0,-0.6599064,0.18146002292633057,0.7806580066680908,0.35330599546432495
YHL034C,YDR364C,0,-0.6601694,0.18141798675060272,0.7806580066680908,0.35340601205825806
YDR067C,YGL220W,0,-0.66042,0.18137595057487488,0.7806580066680908,0.35350605845451355
YIL170W,YDR140W,0,-0.660589,0.18133394420146942,0.7806580066680908,0.35360607504844666
YJR057W,YER019C-A,0,-0.6607801,0.18129196763038635,0.7806580066680908,0.35370612144470215
YDR383C,YER098W,0,-0.6611923,0.18125000596046448,0.7806580066680908,0.35380613803863525
YGL209W,YNR044W,0,-0.6613765,0.1812080591917038,0.7806580066680908,0.35390618443489075
YPL064C,YDL047W,0,-0.6615305,0.1811661273241043,0.7806580066680908,0.35400620102882385
YOR292C,YOR222W,0,-0.6616549,0.1811242252588272,0.7806580066680908,0.35410621762275696
YNL070W,YNL259C,0,-0.6618612,0.1810823380947113,0.7806580066680908,0.35420626401901245
YHR077C,YPR083W,0,-0.6619702,0.1810404658317566,0.7806580066680908,0.35430628061294556
YGL030W,YER115C,0,-0.66261095,0.18099860846996307,0.7806580066680908,0.35440632700920105
YIL139C,YLR047C,0,-0.6633398,0.18095678091049194,0.7806580066680908,0.35450634360313416
YKR002W,YJL079C,0,-0.66351867,0.180914968252182,0.7806580066680908,0.35460638999938965
YLR289W,YLR305C,0,-0.6641587,0.18087318539619446,0.7806580066680908,0.35470640659332275
YPL104W,YDR138W,0,-0.66428816,0.1808314025402069,0.7806580066680908,0.35480645298957825
YKL093W,YDR233C,0,-0.6643788,0.18078964948654175,0.7806580066680908,0.35490646958351135
YGL236C,YBR238C,0,-0.66522795,0.18074792623519897,0.7806580066680908,0.35500651597976685
YMR115W,YJR133W,0,-0.6658704,0.1807062029838562,0.7806580066680908,0.35510653257369995
YGL112C,YGR155W,0,-0.66672605,0.18066450953483582,0.7806580066680908,0.35520654916763306
YKL090W,YFL017W-A,0,-0.6667662,0.18062283098697662,0.7806580066680908,0.35530659556388855
YBR059C,YGR216C,0,-0.66690296,0.18058118224143982,0.7806580066680908,0.35540661215782166
YER138C,YJR103W,0,-0.6670407,0.1805395483970642,0.7806580066680908,0.35550665855407715
YJR138W,YKL175W,0,-0.6672032,0.1804979294538498,0.7806580066680908,0.35560667514801025
YIL143C,YPL180W,0,-0.66739714,0.18045632541179657,0.7806580066680908,0.35570672154426575
YDR067C,YGR229C,0,-0.6680126,0.18041475117206573,0.7806580066680908,0.35580673813819885
YPL007C,YOR085W,0,-0.668061,0.1803731918334961,0.7806580066680908,0.35590678453445435
YDL217C,YJL149W,0,-0.66832876,0.18033164739608765,0.7806580066680908,0.35600680112838745
YNL095C,YHR057C,0,-0.6684009,0.1802901178598404,0.7806580066680908,0.35610681772232056
YLR394W,YDR392W,0,-0.6697075,0.18024861812591553,0.7806580066680908,0.35620686411857605
YOR098C,YLR164W,0,-0.6697571,0.18020713329315186,0.7806580066680908,0.35630688071250916
YOR187W,YJR053W,0,-0.6698218,0.18016566336154938,0.7806580066680908,0.35640692710876465
YDR026C,YBR118W,0,-0.67035395,0.1801242232322693,0.7806580066680908,0.35650694370269775
YDL029W,YDR389W,0,-0.67059124,0.1800827980041504,0.7806580066680908,0.35660699009895325
YKL170W,YPL122C,0,-0.67062116,0.1800413876771927,0.7806580066680908,0.35670700669288635
YML006C,YDL097C,0,-0.6706445,0.18000000715255737,0.7806580066680908,0.35680705308914185
YDR473C,YHR156C,0,-0.6712396,0.17995862662792206,0.7806580066680908,0.35690706968307495
YGR105W,YPR043W,0,-0.671327,0.17991727590560913,0.7806580066680908,0.35700711607933044
YIL080W,YOL026C,0,-0.6714426,0.1798759549856186,0.7806580066680908,0.35710713267326355
YNL223W,YNL192W,0,-0.67158806,0.17983463406562805,0.7806580066680908,0.35720714926719666
YGL172W,YLR429W,0,-0.6716719,0.1797933429479599,0.7806580066680908,0.35730719566345215
YBR260C,YBR278W,0,-0.67232054,0.17975206673145294,0.7806580066680908,0.35740721225738525
YGL122C,YOR162C,0,-0.67241526,0.17971080541610718,0.7806580066680908,0.35750725865364075
YBL112C,YMR269W,0,-0.67304313,0.1796695739030838,0.7806580066680908,0.35760727524757385
YGL107C,YNL001W,1,-0.6732214,0.1798577606678009,0.7816550135612488,0.35760727524757385
YNL307C,YKL124W,0,-0.6735885,0.17981651425361633,0.7816550135612488,0.35770732164382935
YBR155W,YJL171C,0,-0.67391694,0.17977528274059296,0.7816550135612488,0.35780733823776245
YLR390W,YJR101W,0,-0.67401123,0.17973406612873077,0.7816550135612488,0.35790738463401794
YCR035C,YOL149W,1,-0.6741238,0.17992207407951355,0.7826520204544067,0.35790738463401794
YBR037C,YIR032C,0,-0.6745454,0.17988084256649017,0.7826520204544067,0.35800740122795105
YIL143C,YMR025W,0,-0.6752753,0.17983964085578918,0.7826520204544067,0.35810741782188416
YIR025W,YNL236W,0,-0.6753546,0.1797984391450882,0.7826520204544067,0.35820746421813965
YJR006W,YGR195W,1,-0.675959,0.17998625338077545,0.7836490273475647,0.35820746421813965
YGL097W,YDR378C,1,-0.67638034,0.18017399311065674,0.7846460342407227,0.35820746421813965
YNL274C,YGR143W,0,-0.67690617,0.18013274669647217,0.7846460342407227,0.35830748081207275
YDR146C,YOL104C,0,-0.6769354,0.18009153008460999,0.7846460342407227,0.35840752720832825
YCR093W,YOL149W,1,-0.677033,0.18027910590171814,0.7856430411338806,0.35840752720832825
YJR070C,YKL094W,0,-0.67715734,0.18023787438869476,0.7856430411338806,0.35850754380226135
YGL173C,YJL140W,1,-0.67732304,0.18042533099651337,0.7866401076316833,0.35850754380226135
YOR076C,YNL288W,1,-0.677441,0.180612713098526,0.7876371145248413,0.35850754380226135
YOL038W,YGR246C,0,-0.6776097,0.18057142198085785,0.7876371145248413,0.35860759019851685
YJL114W,YMR200W,0,-0.67823684,0.18053016066551208,0.7876371145248413,0.35870760679244995
YPR189W,YLR438C-A,1,-0.6784589,0.18071739375591278,0.7886341214179993,0.35870760679244995
YPL064C,YOR085W,0,-0.6785139,0.18067610263824463,0.7886341214179993,0.35880765318870544
YBR042C,YLR088W,0,-0.67929435,0.18063484132289886,0.7886341214179993,0.35890766978263855
YEL036C,YBR074W,0,-0.67954206,0.1805936098098755,0.7886341214179993,0.35900771617889404
YOR292C,YNL262W,0,-0.6804121,0.1805523782968521,0.7886341214179993,0.35910773277282715
YHR132C,YDR476C,0,-0.6805234,0.18051117658615112,0.7886341214179993,0.35920774936676025
YEL030W,YNL258C,0,-0.6805738,0.18047000467777252,0.7886341214179993,0.35930779576301575
YJR107W,YLR264W,0,-0.6810603,0.18042883276939392,0.7886341214179993,0.35940781235694885
YOR126C,YDR389W,0,-0.6811632,0.1803876906633377,0.7886341214179993,0.35950785875320435
YDR296W,YNL202W,0,-0.6815777,0.1803465634584427,0.7886341214179993,0.35960787534713745
YJR043C,YGL173C,1,-0.6816873,0.18053339421749115,0.7896311283111572,0.35960787534713745
YDR263C,YOL104C,0,-0.68258524,0.18049225211143494,0.7896311283111572,0.35970792174339294
YDR389W,YOR232W,0,-0.6826126,0.18045112490653992,0.7896311283111572,0.35980793833732605
YNL267W,YMR143W,0,-0.68280035,0.18041002750396729,0.7896311283111572,0.35990798473358154
YKL117W,YFL033C,0,-0.6838362,0.18036893010139465,0.7896311283111572,0.36000800132751465
YJR005W,YDL070W,0,-0.6839191,0.1803278625011444,0.7896311283111572,0.36010801792144775
YPR042C,YDL102W,1,-0.6845578,0.18051445484161377,0.7906281352043152,0.36010801792144775
YML036W,YNL121C,0,-0.68466145,0.18047337234020233,0.7906281352043152,0.36020806431770325
YLR073C,YNL284C,0,-0.6848541,0.1804323047399521,0.7906281352043152,0.36030808091163635
YDL061C,YKL130C,0,-0.6850161,0.18039126694202423,0.7906281352043152,0.36040812730789185
YGR052W,YOR251C,0,-0.68559843,0.18035024404525757,0.7906281352043152,0.36050814390182495
YBR006W,YGL170C,0,-0.68620527,0.1803092360496521,0.7906281352043152,0.36060819029808044
YJL225C,YMR097C,0,-0.68643606,0.18026824295520782,0.7906281352043152,0.36070820689201355
YJL124C,YPL188W,0,-0.68659735,0.18022727966308594,0.7906281352043152,0.36080825328826904
YDL217C,YBL034C,0,-0.68677783,0.18018631637096405,0.7906281352043152,0.36090826988220215
YML097C,YOR209C,0,-0.6869506,0.18014538288116455,0.7906281352043152,0.36100831627845764
YOR304C-A,YNL122C,0,-0.6882329,0.18010447919368744,0.7906281352043152,0.36110833287239075
YBR202W,YIR011C,0,-0.68845314,0.18006357550621033,0.7906281352043152,0.36120834946632385
YLR016C,YLR050C,0,-0.68864036,0.1800227016210556,0.7906281352043152,0.36130839586257935
YGR288W,YNL267W,0,-0.688746,0.17998184263706207,0.7906281352043152,0.36140841245651245
YBR261C,YPL099C,0,-0.6891533,0.17994099855422974,0.7906281352043152,0.36150845885276794
YCR030C,YNL314W,0,-0.68921417,0.1799001842737198,0.7906281352043152,0.36160847544670105
YHR132C,YCR014C,0,-0.6897654,0.17985938489437103,0.7906281352043152,0.36170852184295654
YOR283W,YKL094W,0,-0.68994814,0.17981860041618347,0.7906281352043152,0.36180853843688965
YPR030W,YMR304W,0,-0.6899691,0.1797778308391571,0.7906281352043152,0.36190858483314514
YCR077C,YJL124C,1,-0.6904448,0.17996373772621155,0.7916251420974731,0.36190858483314514
YLL008W,YML128C,0,-0.69063085,0.179922953248024,0.7916251420974731,0.36200860142707825
YJR119C,YOR204W,0,-0.6910503,0.1798821985721588,0.7916251420974731,0.36210861802101135
YLR080W,YDR429C,0,-0.691435,0.17984144389629364,0.7916251420974731,0.36220866441726685
YIL142W,YDR233C,0,-0.69184625,0.17980071902275085,0.7916251420974731,0.36230868101119995
YNL273W,YOL040C,0,-0.69213736,0.17976002395153046,0.7916251420974731,0.36240872740745544
YNL072W,YLR438C-A,1,-0.6922643,0.1799456775188446,0.7926221489906311,0.36240872740745544
YNL032W,YDL021W,0,-0.69243765,0.17990495264530182,0.7926221489906311,0.36250874400138855
YPR189W,YLR270W,1,-0.6924756,0.1800905019044876,0.7936191558837891,0.36250874400138855
YGR143W,YDR081C,0,-0.6927322,0.18004976212978363,0.7936191558837891,0.36260879039764404
YMR115W,YMR159C,0,-0.6928252,0.18000905215740204,0.7936191558837891,0.36270880699157715
YNR018W,YOR311C,0,-0.69300795,0.17996834218502045,0.7936191558837891,0.36280885338783264
YDR218C,YGR134W,0,-0.6934105,0.17992766201496124,0.7936191558837891,0.36290886998176575
YLR438C-A,YCR027C,1,-0.6944093,0.18011298775672913,0.794616162776947,0.36290886998176575
YMR089C,YPL134C,0,-0.6944289,0.18007229268550873,0.794616162776947,0.36300891637802124
YDL133C-A,YOR216C,0,-0.694685,0.18003162741661072,0.794616162776947,0.36310893297195435
YML051W,YAL063C,0,-0.6949198,0.1799909621477127,0.794616162776947,0.36320894956588745
YPR196W,YDR451C,0,-0.69510394,0.17995032668113708,0.794616162776947,0.36330899596214294
YEL036C,YCL034W,0,-0.69558597,0.17990970611572266,0.794616162776947,0.36340901255607605
YBL079W,YFL021W,0,-0.6957207,0.17986910045146942,0.794616162776947,0.36350905895233154
YMR273C,YJL206C,0,-0.6958692,0.17982852458953857,0.794616162776947,0.36360907554626465
YLL003W,YGR229C,0,-0.69598216,0.17978794872760773,0.794616162776947,0.36370912194252014
YDR138W,YNL080C,0,-0.6962736,0.17974740266799927,0.794616162776947,0.36380913853645325
YOR226C,YLR145W,0,-0.6967216,0.179706871509552,0.794616162776947,0.36390918493270874
YJR043C,YER068W,1,-0.6973637,0.17989179491996765,0.795613169670105,0.36390918493270874
YBR031W,YDR337W,0,-0.69780827,0.1798512488603592,0.795613169670105,0.36400920152664185
YJR028W,YMR238W,0,-0.6979314,0.17981073260307312,0.795613169670105,0.36410921812057495
YDL070W,YBR173C,0,-0.6979776,0.17977021634578705,0.795613169670105,0.36420926451683044
YNL121C,YDL035C,0,-0.6981214,0.17972972989082336,0.795613169670105,0.36430928111076355
YJL114W,YPL240C,0,-0.6983951,0.17968925833702087,0.795613169670105,0.36440932750701904
YJR005W,YGL183C,0,-0.69865215,0.17964880168437958,0.795613169670105,0.36450934410095215
YBR294W,YGL220W,0,-0.69945645,0.17960837483406067,0.795613169670105,0.36460939049720764
YDL111C,YJR006W,1,-0.6995808,0.17979298532009125,0.7966101765632629,0.36460939049720764
YNR004W,YGR255C,0,-0.7001632,0.17975252866744995,0.7966101765632629,0.36470940709114075
YGL237C,YKL168C,0,-0.7003066,0.17971210181713104,0.7966101765632629,0.36480945348739624
YJL112W,YPR137W,0,-0.70049417,0.17967168986797333,0.7966101765632629,0.36490947008132935
YFR031C,YGR239C,0,-0.70049477,0.1796312928199768,0.7966101765632629,0.36500951647758484
YDR405W,YPL183W-A,0,-0.7009557,0.17959092557430267,0.7966101765632629,0.36510953307151794
YLL045C,YLR224W,0,-0.7013651,0.17955055832862854,0.7966101765632629,0.36520954966545105
YMR038C,YAL029C,0,-0.7014648,0.1795102208852768,0.7966101765632629,0.36530959606170654
YOL082W,YHR059W,0,-0.70194113,0.17946989834308624,0.7966101765632629,0.36540961265563965
YHR056C,YGR180C,0,-0.70194954,0.17942959070205688,0.7966101765632629,0.36550965905189514
YPR196W,YNL122C,0,-0.7020652,0.17938931286334991,0.7966101765632629,0.36560967564582825
YMR182C,YOR239W,0,-0.7021317,0.17934904992580414,0.7966101765632629,0.36570972204208374
YDR030C,YKR002W,0,-0.7026041,0.17930880188941956,0.7966101765632629,0.36580973863601685
YHR056C,YLR197W,0,-0.70325494,0.17926856875419617,0.7966101765632629,0.36590978503227234
YMR049C,YNL138W,0,-0.70394206,0.17922835052013397,0.7966101765632629,0.36600980162620544
YMR112C,YMR176W,0,-0.7042243,0.17918816208839417,0.7966101765632629,0.36610981822013855
YPL134C,YGR255C,0,-0.7048073,0.17914798855781555,0.7966101765632629,0.36620986461639404
YJR040W,YNR013C,0,-0.7054002,0.17910782992839813,0.7966101765632629,0.36630988121032715
YNL288W,YNL147W,1,-0.70555127,0.17929179966449738,0.7976071834564209,0.36630988121032715
YOL086C,YLL017W,0,-0.705655,0.17925162613391876,0.7976071834564209,0.36640992760658264
YLL002W,YAL022C,0,-0.70574576,0.17921146750450134,0.7976071834564209,0.36650994420051575
YMR168C,YHR004C,0,-0.7059082,0.1791713386774063,0.7976071834564209,0.36660999059677124
YOR304W,YKL180W,0,-0.70657724,0.17913120985031128,0.7976071834564209,0.36671000719070435
YER013W,YCR002C,0,-0.7066989,0.17909111082553864,0.7976071834564209,0.36681005358695984
YOL112W,YNL290W,0,-0.7071216,0.17905102670192719,0.7976071834564209,0.36691007018089294
YLR165C,YNL239W,0,-0.70716494,0.17901095747947693,0.7976071834564209,0.36701011657714844
YGL200C,YOR020C,0,-0.7071935,0.17897091805934906,0.7976071834564209,0.36711013317108154
YGL162W,YLR182W,0,-0.7072337,0.17893089354038239,0.7976071834564209,0.36721014976501465
YBL112C,YLR270W,0,-0.7073115,0.1788908839225769,0.7976071834564209,0.36731019616127014
YDR076W,YKR006C,0,-0.70748997,0.17885088920593262,0.7976071834564209,0.36741021275520325
YKL208W,YOL021C,1,-0.7075591,0.17903442680835724,0.7986041903495789,0.36741021275520325
YDL215C,YML039W,0,-0.70801127,0.17899441719055176,0.7986041903495789,0.36751025915145874
YJL079C,YIL079C,0,-0.70801145,0.17895442247390747,0.7986041903495789,0.36761027574539185
YDL111C,YJR091C,1,-0.70805883,0.17913781106472015,0.7996011972427368,0.36761027574539185
YPR091C,YDL035C,0,-0.70830417,0.17909781634807587,0.7996011972427368,0.36771032214164734
YJL178C,YDR222W,0,-0.7087592,0.17905782163143158,0.7996011972427368,0.36781033873558044
YGL097W,YBL026W,1,-0.7088144,0.17924107611179352,0.8005982041358948,0.36781033873558044
YNL309W,YKL189W,0,-0.70951474,0.17920106649398804,0.8005982041358948,0.36791038513183594
YJL225C,YNL080C,0,-0.71002966,0.17916108667850494,0.8005982041358948,0.36801040172576904
YOR194C,YGR214W,0,-0.71015304,0.17912112176418304,0.8005982041358948,0.36811041831970215
YGL256W,YOL093W,0,-0.7104131,0.17908117175102234,0.8005982041358948,0.36821046471595764
YDL245C,YPR135W,0,-0.71096385,0.17904125154018402,0.8005982041358948,0.36831048130989075
YJL114W,YBR002C,0,-0.7110816,0.1790013313293457,0.8005982041358948,0.36841052770614624
YER017C,YOR377W,0,-0.7111999,0.17896144092082977,0.8005982041358948,0.36851054430007935
YLL013C,YOL123W,1,-0.71124786,0.17914438247680664,0.8015952110290527,0.36851054430007935
YMR218C,YOL155C,0,-0.7115067,0.17910447716712952,0.8015952110290527,0.36861059069633484
YDL171C,YGR089W,0,-0.7116245,0.1790645867586136,0.8015952110290527,0.36871060729026794
YAL038W,YDL148C,0,-0.71180797,0.17902471125125885,0.8015952110290527,0.36881065368652344
YGR113W,YGR077C,0,-0.71196187,0.1789848655462265,0.8015952110290527,0.36891067028045654
YFL066C,YCR011C,0,-0.7121066,0.17894501984119415,0.8015952110290527,0.36901071667671204
YNL258C,YNL298W,0,-0.71276194,0.1789052039384842,0.8015952110290527,0.36911073327064514
YLR404W,YMR038C,0,-0.712948,0.17886540293693542,0.8015952110290527,0.36921074986457825
YLR447C,YIL132C,0,-0.7134706,0.17882561683654785,0.8015952110290527,0.36931079626083374
YKL182W,YHL034C,0,-0.71352684,0.17878586053848267,0.8015952110290527,0.36941081285476685
YGR288W,YLR321C,0,-0.713703,0.17874610424041748,0.8015952110290527,0.36951085925102234
YER087W,YPL093W,0,-0.7141973,0.17870637774467468,0.8015952110290527,0.36961087584495544
YKR020W,YLR141W,0,-0.7142639,0.17866666615009308,0.8015952110290527,0.36971092224121094
YFL057C,YOL101C,0,-0.71428984,0.17862696945667267,0.8015952110290527,0.36981093883514404
YJR149W,YOL054W,0,-0.71450484,0.17858728766441345,0.8015952110290527,0.36991098523139954
YMR097C,YIL006W,0,-0.71661705,0.17854763567447662,0.8015952110290527,0.37001100182533264
YNL122C,YPR152C,0,-0.7166454,0.178507998585701,0.8015952110290527,0.37011101841926575
YGL010W,YNL080C,0,-0.71682733,0.17846836149692535,0.8015952110290527,0.37021106481552124
YNL102W,YBR192W,0,-0.71703905,0.1784287542104721,0.8015952110290527,0.37031108140945435
YGL170C,YDR131C,0,-0.71704423,0.17838917672634125,0.8015952110290527,0.37041112780570984
YKL130C,YNR028W,0,-0.7171298,0.1783495992422104,0.8015952110290527,0.37051114439964294
YMR097C,YMR295C,0,-0.71766937,0.17831005156040192,0.8015952110290527,0.37061119079589844
YER046W,YKL095W,0,-0.71808344,0.17827050387859344,0.8015952110290527,0.37071120738983154
YPR042C,YIL038C,1,-0.71900237,0.17845267057418823,0.8025922179222107,0.37071120738983154
YBR067C,YER052C,0,-0.7192574,0.17841312289237976,0.8025922179222107,0.37081125378608704
YCR093W,YGR084C,0,-0.7192728,0.17837359011173248,0.8025922179222107,0.37091127038002014
YHL012W,YER154W,0,-0.72051394,0.1783340722322464,0.8025922179222107,0.37101131677627563
YPR204W,YDR444W,0,-0.72081274,0.1782945692539215,0.8025922179222107,0.37111133337020874
YDR492W,YGR084C,0,-0.7213343,0.178255096077919,0.8025922179222107,0.37121134996414185
YDR419W,YMR228W,0,-0.721562,0.1782156229019165,0.8025922179222107,0.37131139636039734
YCR077C,YJR043C,1,-0.72187144,0.1783975213766098,0.8035892248153687,0.37131139636039734
YGL203C,YGR214W,0,-0.72220516,0.1783580482006073,0.8035892248153687,0.37141141295433044
YMR025W,YBR257W,0,-0.7222164,0.178318589925766,0.8035892248153687,0.37151145935058594
YGL212W,YKL168C,0,-0.7225349,0.17827914655208588,0.8035892248153687,0.37161147594451904
YGR268C,YGR070W,0,-0.72318244,0.17823971807956696,0.8035892248153687,0.37171152234077454
YEL053C,YGR084C,0,-0.7235575,0.17820030450820923,0.8035892248153687,0.37181153893470764
YKR019C,YDR083W,0,-0.72420037,0.1781609207391739,0.8035892248153687,0.37191158533096313
YLR314C,YOL155C,0,-0.72424793,0.17812155187129974,0.8035892248153687,0.37201160192489624
YPR135W,YGR179C,0,-0.7244619,0.1780821979045868,0.8035892248153687,0.37211164832115173
YJR034W,YPL065W,0,-0.72485137,0.17804285883903503,0.8035892248153687,0.37221166491508484
YPL252C,YPL196W,0,-0.72501236,0.17800353467464447,0.8035892248153687,0.37231168150901794
YLR208W,YOL043C,0,-0.7251913,0.1779642254114151,0.8035892248153687,0.37241172790527344
YJL114W,YNR074C,0,-0.72622097,0.17792494595050812,0.8035892248153687,0.37251174449920654
YDR527W,YLR028C,0,-0.7262807,0.17788568139076233,0.8035892248153687,0.37261179089546204
YGR169C,YLR130C,0,-0.72643673,0.17784643173217773,0.8035892248153687,0.37271180748939514
YPR035W,YJL192C,0,-0.7270223,0.17780719697475433,0.8035892248153687,0.37281185388565063
YJR043C,YCR035C,1,-0.72707814,0.17798852920532227,0.8045862317085266,0.37281185388565063
YHL012W,YLR301W,0,-0.7271575,0.17794927954673767,0.8045862317085266,0.37291187047958374
YGL186C,YKL203C,0,-0.72735274,0.17791005969047546,0.8045862317085266,0.37301191687583923
YNR004W,YMR296C,0,-0.72738975,0.17787083983421326,0.8045862317085266,0.37311193346977234
YPL252C,YHR039C-A,0,-0.7275484,0.17783164978027344,0.8045862317085266,0.37321195006370544
YOL142W,YFL014W,0,-0.72800434,0.17779245972633362,0.8045862317085266,0.37331199645996094
YBR202W,YFL033C,0,-0.72806096,0.1777532994747162,0.8045862317085266,0.37341201305389404
YMR077C,YPL112C,0,-0.7281554,0.17771415412425995,0.8045862317085266,0.37351205945014954
YLL003W,YPL027W,0,-0.7282943,0.1776750385761261,0.8045862317085266,0.37361207604408264
YBR282W,YOR382W,0,-0.72842026,0.17763592302799225,0.8045862317085266,0.37371212244033813
YBR020W,YPL099C,0,-0.72893804,0.1775968372821808,0.8045862317085266,0.37381213903427124
YFR031C,YMR097C,0,-0.7294876,0.17755775153636932,0.8045862317085266,0.37391218543052673
YEL015W,YMR098C,1,-0.72951055,0.17773866653442383,0.8055832386016846,0.37391218543052673
YGR144W,YFR031C,0,-0.7301688,0.17769958078861237,0.8055832386016846,0.37401220202445984
YOR071C,YMR143W,0,-0.73042893,0.1776605099439621,0.8055832386016846,0.37411224842071533
YGL083W,YPL147W,0,-0.7305717,0.17762145400047302,0.8055832386016846,0.37421226501464844
YKL168C,YBR010W,0,-0.73058414,0.17758241295814514,0.8055832386016846,0.37431228160858154
YML036W,YPR043W,0,-0.7305892,0.17754340171813965,0.8055832386016846,0.37441232800483704
YJL060W,YBL091C-A,0,-0.7309611,0.17750439047813416,0.8055832386016846,0.37451234459877014
YKL041W,YPR171W,0,-0.73137254,0.17746540904045105,0.8055832386016846,0.37461239099502563
YBR223C,YLR033W,0,-0.7315798,0.17742644250392914,0.8055832386016846,0.37471240758895874
YOL052C,YBR096W,0,-0.73200417,0.17738749086856842,0.8055832386016846,0.37481245398521423
YGR246C,YKR102W,0,-0.73236185,0.1773485541343689,0.8055832386016846,0.37491247057914734
YGL083W,YKR057W,0,-0.7329561,0.17730963230133057,0.8055832386016846,0.37501251697540283
YDL215C,YJR032W,0,-0.733106,0.17727072536945343,0.8055832386016846,0.37511253356933594
YMR319C,YJL128C,0,-0.73411626,0.17723184823989868,0.8055832386016846,0.37521255016326904
YLR305C,YDR369C,0,-0.73434716,0.17719298601150513,0.8055832386016846,0.37531259655952454
YDL021W,YNL182C,0,-0.7345197,0.17715413868427277,0.8055832386016846,0.37541261315345764
YNL027W,YPL050C,0,-0.7348575,0.1771153062582016,0.8055832386016846,0.37551265954971313
YER154W,YNL010W,0,-0.73548484,0.17707648873329163,0.8055832386016846,0.37561267614364624
YOR388C,YHR119W,0,-0.7358686,0.17703768610954285,0.8055832386016846,0.37571272253990173
YMR112C,YNL230C,0,-0.73588735,0.17699889838695526,0.8055832386016846,0.37581273913383484
YFR036W,YDR392W,0,-0.73607606,0.17696014046669006,0.8055832386016846,0.37591278553009033
YJR028W,YLL033W,0,-0.736691,0.17692139744758606,0.8055832386016846,0.37601280212402344
YMR038C,YBL085W,0,-0.7369494,0.17688266932964325,0.8055832386016846,0.37611284852027893
YGR052W,YLR163C,0,-0.7371392,0.17684394121170044,0.8055832386016846,0.37621286511421204
YDR205W,YPL096W,0,-0.73742765,0.1768052577972412,0.8055832386016846,0.37631288170814514
YAL054C,YGL163C,0,-0.737466,0.17676657438278198,0.8055832386016846,0.37641292810440063
YKR019C,YIL080W,0,-0.73765844,0.17672790586948395,0.8055832386016846,0.37651294469833374
YLL061W,YBL034C,0,-0.7382549,0.1766892671585083,0.8055832386016846,0.37661299109458923
YBL113C,YBR257W,0,-0.7382707,0.17665062844753265,0.8055832386016846,0.37671300768852234
YJL034W,YOL028C,0,-0.7382747,0.1766120195388794,0.8055832386016846,0.37681305408477783
YPR113W,YLR208W,0,-0.7382937,0.17657342553138733,0.8055832386016846,0.37691307067871094
YCL018W,YAL016W,0,-0.73861194,0.17653484642505646,0.8055832386016846,0.37701311707496643
YBR006W,YGR179C,0,-0.73866373,0.17649628221988678,0.8055832386016846,0.37711313366889954
YAR035W,YMR273C,0,-0.73900557,0.1764577478170395,0.8055832386016846,0.37721315026283264
YNL232W,YJL206C,0,-0.7391,0.1764192134141922,0.8055832386016846,0.37731319665908813
YER138C,YER104W,0,-0.7391162,0.1763807088136673,0.8055832386016846,0.37741321325302124
YKR035W-A,YGR089W,0,-0.73924994,0.1763422042131424,0.8055832386016846,0.37751325964927673
YPL131W,YML097C,0,-0.73940265,0.17630372941493988,0.8055832386016846,0.37761327624320984
YGR036C,YLR251W,0,-0.7397185,0.17626526951789856,0.8055832386016846,0.37771332263946533
YPL273W,YNR060W,0,-0.7403154,0.17622682452201843,0.8055832386016846,0.37781333923339844
YMR117C,YKL205W,0,-0.7405685,0.1761883944272995,0.8055832386016846,0.37791338562965393
YOR279C,YIL170W,0,-0.7411183,0.17614999413490295,0.8055832386016846,0.37801340222358704
YDR499W,YNL044W,0,-0.7422597,0.1761115938425064,0.8055832386016846,0.37811344861984253
YEL043W,YHR057C,0,-0.7425969,0.17607322335243225,0.8055832386016846,0.37821346521377563
YAL024C,YKL095W,0,-0.7431507,0.1760348528623581,0.8055832386016846,0.37831348180770874
YKL001C,YLR050C,0,-0.74337775,0.17599651217460632,0.8055832386016846,0.37841352820396423
YFR029W,YBR010W,0,-0.7435571,0.17595818638801575,0.8055832386016846,0.37851354479789734
YBR230C,YMR304W,0,-0.7435714,0.17591987550258636,0.8055832386016846,0.37861359119415283
YDL160C,YER146W,1,-0.7441387,0.1760992556810379,0.8065802454948425,0.37861359119415283
YJR051W,YOR338W,0,-0.74426794,0.17606092989444733,0.8065802454948425,0.37871360778808594
YPR187W,YPL096W,0,-0.744403,0.17602263391017914,0.8065802454948425,0.37881365418434143
YDR067C,YML071C,0,-0.74464226,0.17598433792591095,0.8065802454948425,0.37891367077827454
YDL045W-A,YMR308C,0,-0.7451202,0.17594605684280396,0.8065802454948425,0.37901371717453003
YNL102W,YOL038W,0,-0.7453512,0.17590780556201935,0.8065802454948425,0.37911373376846313
YGL237C,YLR209C,0,-0.7463107,0.17586956918239594,0.8065802454948425,0.37921375036239624
YJL005W,YNR035C,0,-0.74700433,0.17583134770393372,0.8065802454948425,0.37931379675865173
YDL045W-A,YDR337W,0,-0.747228,0.1757931262254715,0.8065802454948425,0.37941381335258484
YLR380W,YLL017W,0,-0.7472969,0.17575494945049286,0.8065802454948425,0.37951385974884033
YJL114W,YHR039C-A,0,-0.7474659,0.17571677267551422,0.8065802454948425,0.37961387634277344
YKL119C,YBR222C,0,-0.7474843,0.17567861080169678,0.8065802454948425,0.37971392273902893
YBR129C,YOR393W,0,-0.7477222,0.17564046382904053,0.8065802454948425,0.37981393933296204
YPL065W,YNL078W,0,-0.7477945,0.17560234665870667,0.8065802454948425,0.37991398572921753
YHR074W,YNR057C,0,-0.7479483,0.1755642294883728,0.8065802454948425,0.38001400232315063
YGR036C,YML099C,0,-0.7479961,0.17552614212036133,0.8065802454948425,0.38011404871940613
YFL038C,YIL159W,0,-0.7482426,0.17548806965351105,0.8065802454948425,0.38021406531333923
YBR182C,YDR059C,0,-0.7488113,0.17545001208782196,0.8065802454948425,0.38031408190727234
YGR095C,YCR002C,0,-0.7488554,0.17541196942329407,0.8065802454948425,0.38041412830352783
YMR125W,YOR173W,1,-0.74886143,0.17559072375297546,0.8075772523880005,0.38041412830352783
YGL019W,YDR470C,0,-0.74950397,0.17555266618728638,0.8075772523880005,0.38051414489746094
YLR305C,YOR304C-A,0,-0.7496061,0.17551462352275848,0.8075772523880005,0.38061419129371643
YBR129C,YPL065W,0,-0.7498888,0.17547659575939178,0.8075772523880005,0.38071420788764954
YBL026W,YCR093W,1,-0.7502625,0.17565518617630005,0.8085742592811584,0.38071420788764954
YGR032W,YOR219C,0,-0.75061446,0.17561714351177216,0.8085742592811584,0.38081425428390503
YJR119C,YMR099C,0,-0.7508492,0.17557913064956665,0.8085742592811584,0.38091427087783813
YMR005W,YGR020C,0,-0.7508726,0.17554113268852234,0.8085742592811584,0.38101431727409363
YGR012W,YDR444W,0,-0.751186,0.17550313472747803,0.8085742592811584,0.38111433386802673
YOR212W,YDR167W,0,-0.75122666,0.1754651665687561,0.8085742592811584,0.38121435046195984
YMR169C,YPL196W,0,-0.75165397,0.17542721331119537,0.8085742592811584,0.38131439685821533
YOL070C,YJR103W,0,-0.7518863,0.17538927495479584,0.8085742592811584,0.38141441345214844
YEL069C,YDR512C,0,-0.752433,0.1753513514995575,0.8085742592811584,0.38151445984840393
YDR263C,YLR316C,0,-0.75273347,0.17531344294548035,0.8085742592811584,0.38161447644233704
YGL236C,YER002W,0,-0.75323904,0.1752755492925644,0.8085742592811584,0.38171452283859253
YBR196C,YDR218C,0,-0.75365007,0.17523768544197083,0.8085742592811584,0.38181453943252563
YJR051W,YJL006C,0,-0.7541038,0.17519982159137726,0.8085742592811584,0.38191458582878113
YDR164C,YPL096W,0,-0.7552968,0.17516198754310608,0.8085742592811584,0.38201460242271423
YOR382W,YBR095C,0,-0.7554161,0.1751241683959961,0.8085742592811584,0.3821146488189697
YDR530C,YHR066W,0,-0.75599563,0.1750863492488861,0.8085742592811584,0.38221466541290283
YOR206W,YKR103W,0,-0.75673807,0.1750485599040985,0.8085742592811584,0.38231468200683594
YHR047C,YOR204W,0,-0.7567817,0.1750107854604721,0.8085742592811584,0.38241472840309143
YPR035W,YCL008C,0,-0.75733733,0.1749730259180069,0.8085742592811584,0.38251474499702454
YHR059W,YDL083C,0,-0.75748414,0.17493529617786407,0.8085742592811584,0.38261479139328003
YEL062W,YOR393W,0,-0.7577026,0.17489756643772125,0.8085742592811584,0.38271480798721313
YJL187C,YDR453C,0,-0.7585352,0.17485985159873962,0.8085742592811584,0.38281485438346863
YOR388C,YKR066C,0,-0.7588403,0.17482216656208038,0.8085742592811584,0.38291487097740173
YMR145C,YGL220W,0,-0.75911933,0.17478448152542114,0.8085742592811584,0.3830149173736572
YHR030C,YGR081C,0,-0.7594432,0.1747468262910843,0.8085742592811584,0.38311493396759033
YMR186W,YLR344W,0,-0.7596273,0.17470917105674744,0.8085742592811584,0.38321495056152344
YNL304W,YLL061W,0,-0.7599149,0.17467154562473297,0.8085742592811584,0.38331499695777893
YMR182C,YJR010W,0,-0.7599181,0.1746339350938797,0.8085742592811584,0.38341501355171204
YBR275C,YGL030W,0,-0.76001227,0.17459633946418762,0.8085742592811584,0.38351505994796753
YDR332W,YKL095W,0,-0.7601522,0.17455875873565674,0.8085742592811584,0.38361507654190063
YER185W,YDL202W,0,-0.76017374,0.17452119290828705,0.8085742592811584,0.38371512293815613
YDR423C,YJR140C,0,-0.7602139,0.17448364198207855,0.8085742592811584,0.38381513953208923
YAL024C,YEL070W,0,-0.7602166,0.17444612085819244,0.8085742592811584,0.3839151859283447
YJL095W,YCL034W,0,-0.7602947,0.17440859973430634,0.8085742592811584,0.38401520252227783
YGL170C,YKR019C,0,-0.7605295,0.17437110841274261,0.8085742592811584,0.3841152489185333
YGR251W,YFR052W,0,-0.7607559,0.1743336170911789,0.8085742592811584,0.38421526551246643
YMR117C,YGR118W,0,-0.7608205,0.17429615557193756,0.8085742592811584,0.38431528210639954
YPR196W,YIL177C,0,-0.7608667,0.17425870895385742,0.8085742592811584,0.38441532850265503
YLR047C,YNR010W,0,-0.7612232,0.17422126233577728,0.8085742592811584,0.38451534509658813
YER101C,YML039W,0,-0.7616319,0.17418384552001953,0.8085742592811584,0.38461539149284363
YHL012W,YBR172C,0,-0.7619566,0.17414644360542297,0.8085742592811584,0.38471540808677673
YJR040W,YMR034C,0,-0.76207775,0.1741090565919876,0.8085742592811584,0.3848154544830322
YGL213C,YCR093W,1,-0.7624098,0.17428632080554962,0.8095712661743164,0.3848154544830322
YBR066C,YNL016W,0,-0.76278543,0.17424893379211426,0.8095712661743164,0.38491547107696533
YLR157C,YCR002C,0,-0.76301813,0.1742115467786789,0.8095712661743164,0.3850155174732208
YPL127C,YGR032W,0,-0.7635486,0.17417417466640472,0.8095712661743164,0.38511553406715393
YPR189W,YGL233W,0,-0.76388776,0.17413681745529175,0.8095712661743164,0.38521555066108704
YMR146C,YHR132C,0,-0.7640796,0.17409949004650116,0.8095712661743164,0.38531559705734253
YLL045C,YGL169W,0,-0.76443166,0.17406216263771057,0.8095712661743164,0.38541561365127563
YGR288W,YDR410C,0,-0.76481473,0.17402486503124237,0.8095712661743164,0.38551566004753113
YPL113C,YBR115C,0,-0.76610684,0.17398756742477417,0.8095712661743164,0.38561567664146423
YHR209W,YLR251W,0,-0.7664112,0.17395029962062836,0.8095712661743164,0.3857157230377197
YGR225W,YGL256W,0,-0.76663184,0.17391304671764374,0.8095712661743164,0.38581573963165283
YNL072W,YER112W,1,-0.76675487,0.1740899384021759,0.8105682730674744,0.38581573963165283
YOL057W,YKL217W,0,-0.76698714,0.1740526705980301,0.8105682730674744,0.3859157860279083
YML071C,YLL033W,0,-0.7676984,0.17401541769504547,0.8105682730674744,0.38601580262184143
YDR260C,YJL082W,0,-0.7679007,0.17397817969322205,0.8105682730674744,0.3861158490180969
YEL036C,YKL061W,0,-0.76790845,0.17394095659255981,0.8105682730674744,0.38621586561203003
YJL141C,YBR010W,0,-0.7679372,0.17390374839305878,0.8105682730674744,0.38631588220596313
YGL026C,YPL139C,0,-0.76801026,0.17386655509471893,0.8105682730674744,0.38641592860221863
YNL121C,YDR403W,0,-0.7682615,0.17382937669754028,0.8105682730674744,0.38651594519615173
YDL107W,YPL002C,0,-0.7690114,0.17379221320152283,0.8105682730674744,0.3866159915924072
YNL006W,YBL026W,0,-0.76926476,0.17375507950782776,0.8105682730674744,0.38671600818634033
YKR071C,YIL094C,0,-0.76941454,0.1737179458141327,0.8105682730674744,0.3868160545825958
YGR112W,YER190W,0,-0.76942766,0.17368084192276,0.8105682730674744,0.38691607117652893
YNL172W,YAL033W,0,-0.7698392,0.17364373803138733,0.8105682730674744,0.3870161175727844
YNL073W,YJR026W,0,-0.76986414,0.17360666394233704,0.8105682730674744,0.38711613416671753
YCR060W,YNL273W,0,-0.77004325,0.17356960475444794,0.8105682730674744,0.38721615076065063
YBR129C,YKL124W,0,-0.7709999,0.17353254556655884,0.8105682730674744,0.38731619715690613
YGL241W,YLR389C,0,-0.7710006,0.17349551618099213,0.8105682730674744,0.38741621375083923
YPL119C,YLR348C,0,-0.7711151,0.1734585016965866,0.8105682730674744,0.3875162601470947
YKL126W,YKL144C,0,-0.77126837,0.17342150211334229,0.8105682730674744,0.38761627674102783
YOR292C,YOL062C,0,-0.77134186,0.17338451743125916,0.8105682730674744,0.3877163231372833
YOR310C,YBR222C,0,-0.77159214,0.17334754765033722,0.8105682730674744,0.38781633973121643
YKL103C,YCL018W,0,-0.77159345,0.17331059277057648,0.8105682730674744,0.3879163861274719
YBR294W,YGR072W,0,-0.772152,0.17327365279197693,0.8105682730674744,0.38801640272140503
YPR011C,YAR031W,0,-0.7724508,0.17323674261569977,0.8105682730674744,0.3881164491176605
YER125W,YHR060W,0,-0.7724842,0.1731998324394226,0.8105682730674744,0.38821646571159363
YDR072C,YNR021W,0,-0.7725924,0.17316293716430664,0.8105682730674744,0.38831648230552673
YML051W,YEL036C,0,-0.7726411,0.17312607169151306,0.8105682730674744,0.3884165287017822
YPL050C,YMR308C,0,-0.7727634,0.17308920621871948,0.8105682730674744,0.38851654529571533
YDR064W,YPR119W,0,-0.77294034,0.1730523556470871,0.8105682730674744,0.3886165916919708
YJR005W,YDR369C,0,-0.77342236,0.1730155348777771,0.8105682730674744,0.38871660828590393
YJR021C,YDR457W,0,-0.7736125,0.1729787290096283,0.8105682730674744,0.3888166546821594
YKR036C,YOR215C,0,-0.77398074,0.1729419231414795,0.8105682730674744,0.38891667127609253
YNL117W,YMR099C,0,-0.7740866,0.17290514707565308,0.8105682730674744,0.389016717672348
YMR284W,YEL062W,0,-0.7742832,0.17286838591098785,0.8105682730674744,0.38911673426628113
YER162C,YMR136W,0,-0.7743534,0.17283163964748383,0.8105682730674744,0.38921675086021423
YJR028W,YOR393W,0,-0.774443,0.1727948933839798,0.8105682730674744,0.3893167972564697
YLR305C,YCL018W,0,-0.7745939,0.17275817692279816,0.8105682730674744,0.38941681385040283
YMR117C,YGL241W,0,-0.77484095,0.1727214753627777,0.8105682730674744,0.3895168602466583
YCL014W,YML030W,0,-0.7752082,0.17268478870391846,0.8105682730674744,0.38961687684059143
YKR055W,YOL040C,0,-0.7752218,0.1726481169462204,0.8105682730674744,0.3897169232368469
YBR261C,YLL019C,0,-0.77593064,0.17261146008968353,0.8105682730674744,0.38981693983078003
YLR295C,YGR238C,0,-0.775999,0.17257481813430786,0.8105682730674744,0.3899169862270355
YBR287W,YHR119W,0,-0.77616554,0.17253820598125458,0.8105682730674744,0.39001700282096863
YOL045W,YPL259C,0,-0.7765039,0.1725015938282013,0.8105682730674744,0.3901170492172241
YHR164C,YCR057C,0,-0.77663755,0.1724649965763092,0.8105682730674744,0.3902170658111572
YER017C,YJL085W,0,-0.7766587,0.1724284142255783,0.8105682730674744,0.39031708240509033
YMR284W,YLR440C,0,-0.7772848,0.1723918616771698,0.8105682730674744,0.3904171288013458
YKL013C,YAR035W,0,-0.7774197,0.1723553091287613,0.8105682730674744,0.39051714539527893
YJR004C,YBR095C,0,-0.77748585,0.17231878638267517,0.8105682730674744,0.3906171917915344
YNL153C,YBR125C,0,-0.7775893,0.17228226363658905,0.8105682730674744,0.39071720838546753
YMR296C,YKL015W,0,-0.77771676,0.17224575579166412,0.8105682730674744,0.390817254781723
YMR077C,YDR404C,0,-0.77780443,0.17220927774906158,0.8105682730674744,0.39091727137565613
YEL070W,YJR133W,0,-0.7779814,0.17217281460762024,0.8105682730674744,0.3910173177719116
YGR118W,YBR192W,0,-0.7779979,0.1721363514661789,0.8105682730674744,0.3911173343658447
YDR030C,YKL124W,0,-0.778281,0.17209991812705994,0.8105682730674744,0.39121735095977783
YCL024W,YKL094W,0,-0.77852917,0.17206348478794098,0.8105682730674744,0.3913173973560333
YGL158W,YPR011C,0,-0.77858526,0.1720270812511444,0.8105682730674744,0.39141741394996643
YLR157C,YLR394W,0,-0.7792053,0.17199069261550903,0.8105682730674744,0.3915174603462219
YIL002C,YDR508C,0,-0.7794777,0.17195431888103485,0.8105682730674744,0.39161747694015503
YNL118C,YNL147W,1,-0.77982026,0.17212940752506256,0.8115652799606323,0.39161747694015503
YHR059W,YOR098C,0,-0.7798524,0.17209301888942719,0.8115652799606323,0.3917175233364105
YOL010W,YLR047C,0,-0.7800087,0.172056645154953,0.8115652799606323,0.39181753993034363
YEL040W,YDR218C,0,-0.7804855,0.17202028632164001,0.8115652799606323,0.3919175863265991
YKR057W,YIL021W,0,-0.78066885,0.17198394238948822,0.8115652799606323,0.3920176029205322
YNL273W,YLL061W,0,-0.7807579,0.17194761335849762,0.8115652799606323,0.3921176493167877
YOR297C,YOL040C,0,-0.7816868,0.1719112992286682,0.8115652799606323,0.3922176659107208
YDR030C,YMR176W,0,-0.7821803,0.171875,0.8115652799606323,0.39231768250465393
YGR281W,YGL233W,0,-0.7821994,0.17183871567249298,0.8115652799606323,0.3924177289009094
YDR076W,YCR012W,0,-0.7826355,0.17180244624614716,0.8115652799606323,0.39251774549484253
YNL107W,YOR215C,0,-0.78267324,0.17176619172096252,0.8115652799606323,0.392617791891098
YIL095W,YDR497C,0,-0.783057,0.1717299520969391,0.8115652799606323,0.39271780848503113
YOL070C,YHR211W,0,-0.784125,0.17169374227523804,0.8115652799606323,0.3928178548812866
YNL262W,YDL097C,0,-0.78444546,0.171657532453537,0.8115652799606323,0.3929178714752197
YJL124C,YCR093W,1,-0.78466845,0.17183217406272888,0.8125622868537903,0.3929178714752197
YOR173W,YCR093W,1,-0.7855255,0.1720067411661148,0.8135592937469482,0.3929178714752197
YIL128W,YLR390W,0,-0.785588,0.17197050154209137,0.8135592937469482,0.3930179178714752
YLR353W,YNL121C,0,-0.7856132,0.17193426191806793,0.8135592937469482,0.3931179344654083
YHR179W,YBR037C,0,-0.7856754,0.1718980371952057,0.8135592937469482,0.39321795105934143
YCR052W,YLR160C,0,-0.78592455,0.17186184227466583,0.8135592937469482,0.3933179974555969
YML049C,YDR497C,0,-0.78652394,0.17182564735412598,0.8135592937469482,0.39341801404953003
YBR080C,YER002W,0,-0.78660995,0.17178946733474731,0.8135592937469482,0.3935180604457855
YLR136C,YJR043C,1,-0.7867274,0.17196379601955414,0.814556360244751,0.3935180604457855
YER185W,YMR025W,0,-0.7869563,0.17192761600017548,0.814556360244751,0.39361807703971863
YOL045W,YDR218C,0,-0.78708136,0.17189143598079681,0.814556360244751,0.3937181234359741
YOR071C,YKL171W,0,-0.7873678,0.17185528576374054,0.814556360244751,0.3938181400299072
YNL032W,YOL004W,0,-0.78745866,0.17181913554668427,0.814556360244751,0.3939181864261627
YOR297C,YKL186C,0,-0.787912,0.17178301513195038,0.814556360244751,0.3940182030200958
YDR079W,YDR285W,0,-0.78798217,0.1717468947172165,0.814556360244751,0.3941182494163513
YCL036W,YNL274C,0,-0.7880502,0.171710804104805,0.814556360244751,0.3942182660102844
YOL082W,YGL203C,0,-0.7884441,0.1716747283935547,0.814556360244751,0.39431828260421753
YGR032W,YPL167C,0,-0.7887707,0.17163865268230438,0.814556360244751,0.394418329000473
YGR225W,YDL170W,0,-0.78899026,0.17160260677337646,0.814556360244751,0.39451834559440613
YEL012W,YKL161C,0,-0.78909314,0.17156657576560974,0.814556360244751,0.3946183919906616
YDL217C,YMR210W,0,-0.7891193,0.17153054475784302,0.814556360244751,0.3947184085845947
YGL010W,YGL060W,0,-0.7891314,0.17149454355239868,0.814556360244751,0.3948184549808502
YDL208W,YDR332W,0,-0.7893665,0.17145855724811554,0.814556360244751,0.3949184715747833
YKL090W,YNR028W,0,-0.7897821,0.1714225709438324,0.814556360244751,0.3950185179710388
YPR072W,YJL095W,0,-0.789972,0.17138661444187164,0.814556360244751,0.3951185345649719
YGL186C,YGL226C-A,0,-0.7904141,0.17135067284107208,0.814556360244751,0.39521855115890503
YGL222C,YDL102W,1,-0.7908451,0.17152443528175354,0.8155533671379089,0.39521855115890503
YPR026W,YKR020W,0,-0.79133767,0.1714884638786316,0.8155533671379089,0.3953185975551605
YDR285W,YJL134W,0,-0.79149026,0.17145252227783203,0.8155533671379089,0.39541861414909363
YAR002C-A,YOL093W,0,-0.7926049,0.17141659557819366,0.8155533671379089,0.3955186605453491
YJL114W,YLR047C,0,-0.7929943,0.1713806837797165,0.8155533671379089,0.3956186771392822
YKR054C,YOR292C,0,-0.79358375,0.1713447868824005,0.8155533671379089,0.3957187235355377
YNL192W,YJL085W,0,-0.7936492,0.17130890488624573,0.8155533671379089,0.3958187401294708
YBR120C,YLR033W,0,-0.79379433,0.17127303779125214,0.8155533671379089,0.3959187865257263
YJR107W,YNL147W,0,-0.7940909,0.17123717069625854,0.8155533671379089,0.3960188031196594
YPL122C,YLR300W,0,-0.7942686,0.17120133340358734,0.8155533671379089,0.3961188495159149
YDL165W,YGL222C,1,-0.79434687,0.17137476801872253,0.8165503740310669,0.3961188495159149
YLR026C,YDR081C,0,-0.7943776,0.17133891582489014,0.8165503740310669,0.396218866109848
YLL003W,YDL245C,0,-0.79534113,0.17130307853221893,0.8165503740310669,0.39631888270378113
YEL022W,YLR209C,0,-0.7954179,0.17126725614070892,0.8165503740310669,0.3964189291000366
YHR214C-B,YIR018W,0,-0.7958775,0.1712314486503601,0.8165503740310669,0.3965189456939697
YBR081C,YLR206W,0,-0.79612,0.17119565606117249,0.8165503740310669,0.3966189920902252
YHR012W,YPR162C,0,-0.79633164,0.17115987837314606,0.8165503740310669,0.3967190086841583
YHR132C,YPL252C,0,-0.79642785,0.17112411558628082,0.8165503740310669,0.3968190550804138
YDR285W,YFR036W,0,-0.7966825,0.17108836770057678,0.8165503740310669,0.3969190716743469
YDL216C,YFL021W,0,-0.79687333,0.17105263471603394,0.8165503740310669,0.3970191180706024
YER101C,YDR131C,0,-0.79699934,0.17101691663265228,0.8165503740310669,0.3971191346645355
YNL288W,YOL149W,1,-0.7970016,0.17118997871875763,0.8175473809242249,0.3971191346645355
YDL028C,YPR200C,0,-0.79783267,0.17115424573421478,0.8175473809242249,0.39721915125846863
YEL052W,YCL004W,0,-0.798026,0.17111852765083313,0.8175473809242249,0.3973191976547241
YDR137W,YPL180W,0,-0.7982421,0.17108282446861267,0.8175473809242249,0.3974192142486572
YDR026C,YNL273W,0,-0.79864943,0.1710471361875534,0.8175473809242249,0.3975192606449127
YOR378W,YCL004W,0,-0.79866797,0.17101147770881653,0.8175473809242249,0.3976192772388458
YGR199W,YGL220W,0,-0.79947364,0.17097581923007965,0.8175473809242249,0.3977193236351013
YNL274C,YGR089W,0,-0.79979265,0.17094017565250397,0.8175473809242249,0.3978193402290344
YIL079C,YJR026W,0,-0.80009216,0.17090454697608948,0.8175473809242249,0.3979193866252899
YKR035W-A,YML109W,0,-0.800414,0.17086893320083618,0.8175473809242249,0.398019403219223
YDR473C,YBR276C,0,-0.8005868,0.17083333432674408,0.8175473809242249,0.3981194496154785
YMR168C,YPL129W,0,-0.80098426,0.17079775035381317,0.8175473809242249,0.3982194662094116
YNR006W,YKL186C,0,-0.8010149,0.17076218128204346,0.8175473809242249,0.3983194828033447
YPL119C,YGR271W,0,-0.8012111,0.17072662711143494,0.8175473809242249,0.3984195291996002
YER049W,YNL026W,0,-0.8013727,0.1706910878419876,0.8175473809242249,0.3985195457935333
YLR157C,YGR255C,0,-0.8015522,0.17065556347370148,0.8175473809242249,0.3986195921897888
YLR182W,YNR021W,0,-0.8023505,0.17062005400657654,0.8175473809242249,0.3987196087837219
YNL153C,YEL056W,0,-0.80320024,0.1705845594406128,0.8175473809242249,0.3988196551799774
YCL036W,YKL119C,0,-0.8035941,0.17054907977581024,0.8175473809242249,0.3989196717739105
YDL078C,YJL206C,0,-0.80467737,0.17051361501216888,0.8175473809242249,0.399019718170166
YLR187W,YOL108C,0,-0.8050287,0.17047816514968872,0.8175473809242249,0.3991197347640991
YPR026W,YGR222W,0,-0.8052136,0.17044273018836975,0.8175473809242249,0.3992197513580322
YDL111C,YGR195W,1,-0.80556506,0.17061512172222137,0.8185443878173828,0.3992197513580322
YPR135W,YDR062W,0,-0.805602,0.1705796867609024,0.8185443878173828,0.3993197977542877
YDR131C,YMR227C,0,-0.80563426,0.17054425179958344,0.8185443878173828,0.3994198143482208
YGL083W,YDR429C,0,-0.8071047,0.17050883173942566,0.8185443878173828,0.3995198607444763
YGR180C,YGL236C,0,-0.80714333,0.17047342658042908,0.8185443878173828,0.3996198773384094
YBR271W,YBR096W,0,-0.80772966,0.1704380363225937,0.8185443878173828,0.3997199237346649
YLR206W,YOR098C,0,-0.8078464,0.1704026609659195,0.8185443878173828,0.399819940328598
YJL140W,YDR140W,0,-0.8080037,0.1703673005104065,0.8185443878173828,0.3999199867248535
YIL042C,YLR164W,0,-0.8080139,0.1703319549560547,0.8185443878173828,0.4000200033187866
YFL048C,YIL177C,0,-0.8081014,0.17029662430286407,0.8185443878173828,0.4001200497150421
YBR222C,YOL054W,0,-0.8084632,0.17026130855083466,0.8185443878173828,0.4002200663089752
YOR237W,YDL083C,0,-0.8086756,0.17022600769996643,0.8185443878173828,0.4003200829029083
YMR308C,YLR088W,0,-0.808976,0.1701907068490982,0.8185443878173828,0.4004201292991638
YFR021W,YMR061W,0,-0.8097163,0.17015543580055237,0.8185443878173828,0.4005201458930969
YJL172W,YDR218C,0,-0.8107347,0.17012017965316772,0.8185443878173828,0.4006201922893524
YKL170W,YLL027W,0,-0.81089526,0.17008493840694427,0.8185443878173828,0.4007202088832855
YGL203C,YMR160W,0,-0.81109965,0.17004971206188202,0.8185443878173828,0.400820255279541
YDR415C,YDL208W,0,-0.8121393,0.17001450061798096,0.8185443878173828,0.4009202718734741
YMR146C,YDR337W,0,-0.8123791,0.1699792891740799,0.8185443878173828,0.4010203182697296
YNL223W,YOR279C,0,-0.81259567,0.16994410753250122,0.8185443878173828,0.4011203348636627
YOL141W,YDL128W,0,-0.8127285,0.16990894079208374,0.8185443878173828,0.4012203514575958
YDR140W,YKL003C,0,-0.81290394,0.16987378895282745,0.8185443878173828,0.4013203978538513
YJR092W,YGR143W,0,-0.8135768,0.16983863711357117,0.8185443878173828,0.4014204144477844
YDL171C,YPL129W,0,-0.8136169,0.16980351507663727,0.8185443878173828,0.4015204608440399
YDL160C,YAL021C,1,-0.8136575,0.1699751913547516,0.8195413947105408,0.4015204608440399
YER125W,YEL036C,0,-0.8137192,0.1699400395154953,0.8195413947105408,0.401620477437973
YLR264W,YDR207C,0,-0.8146008,0.1699049174785614,0.8195413947105408,0.4017205238342285
YCL074W,YML049C,0,-0.81540227,0.1698698103427887,0.8195413947105408,0.4018205404281616
YDR306C,YEL041W,0,-0.81541777,0.16983471810817719,0.8195413947105408,0.4019205868244171
YPL139C,YAL029C,0,-0.815518,0.16979962587356567,0.8195413947105408,0.4020206034183502
YPL150W,YGR077C,0,-0.81571054,0.16976456344127655,0.8195413947105408,0.4021206498146057
YBL005W-B,YBR172C,0,-0.81658864,0.16972950100898743,0.8195413947105408,0.4022206664085388
YKL090W,YFR033C,0,-0.81820846,0.1696944683790207,0.8195413947105408,0.4023206830024719
YJR070C,YLR141W,0,-0.8183056,0.16965943574905396,0.8195413947105408,0.4024207293987274
YGL107C,YKL208W,1,-0.8184451,0.169830784201622,0.8205384016036987,0.4024207293987274
YDL121C,YKL161C,0,-0.818663,0.16979575157165527,0.8205384016036987,0.4025207459926605
YNL271C,YGL170C,0,-0.8186804,0.16976071894168854,0.8205384016036987,0.402620792388916
YMR176W,YBR222C,0,-0.81869954,0.1697257161140442,0.8205384016036987,0.4027208089828491
YNL232W,YDR378C,1,-0.81917185,0.1698969006538391,0.8215354084968567,0.4027208089828491
YNL147W,YPR190C,0,-0.81930184,0.16986188292503357,0.8215354084968567,0.4028208553791046
YGR285C,YDR337W,0,-0.8193511,0.16982688009738922,0.8215354084968567,0.4029208719730377
YOR378W,YPL147W,0,-0.82011855,0.16979187726974487,0.8215354084968567,0.4030209183692932
YOR099W,YJL085W,0,-0.8201443,0.1697569042444229,0.8215354084968567,0.4031209349632263
YOR204W,YLR325C,0,-0.82094514,0.16972193121910095,0.8215354084968567,0.4032209515571594
YKL208W,YDR151C,1,-0.82148445,0.16989292204380035,0.8225324153900146,0.4032209515571594
YCL074W,YHR211W,0,-0.8215767,0.1698579341173172,0.8225324153900146,0.4033209979534149
YOL066C,YPL131W,0,-0.82185113,0.16982297599315643,0.8225324153900146,0.403421014547348
YDR369C,YBL068W,0,-0.8219098,0.16978801786899567,0.8225324153900146,0.4035210609436035
YNR021W,YML039W,0,-0.8219476,0.1697530895471573,0.8225324153900146,0.4036210775375366
YLR080W,YJR112W,0,-0.8224295,0.1697181612253189,0.8225324153900146,0.4037211239337921
YLR182W,YNL178W,0,-0.8225934,0.16968326270580292,0.8225324153900146,0.4038211405277252
YPR204W,YOR145C,0,-0.8228904,0.16964836418628693,0.8225324153900146,0.4039211869239807
YIL170W,YGR070W,0,-0.8229974,0.16961348056793213,0.8225324153900146,0.4040212035179138
YOR168W,YBL011W,0,-0.82300895,0.16957862675189972,0.8225324153900146,0.4041212499141693
YFL066C,YJL134W,0,-0.8230512,0.1695437729358673,0.8225324153900146,0.4042212665081024
YJL140W,YNR052C,1,-0.8240858,0.16971440613269806,0.8235294222831726,0.4042212665081024
YDL070W,YLR309C,0,-0.8256833,0.16967953741550446,0.8235294222831726,0.4043212831020355
YLL029W,YLR073C,0,-0.8258668,0.16964468359947205,0.8235294222831726,0.404421329498291
YEL069C,YOR237W,0,-0.8260107,0.16960985958576202,0.8235294222831726,0.4045213460922241
YMR005W,YFL021W,0,-0.82629025,0.169575035572052,0.8235294222831726,0.4046213924884796
YER150W,YDR499W,0,-0.8264412,0.16954022645950317,0.8235294222831726,0.4047214090824127
YGR288W,YOR230W,0,-0.8265405,0.16950543224811554,0.8235294222831726,0.4048214554786682
YOL026C,YLR130C,0,-0.8265637,0.1694706678390503,0.8235294222831726,0.4049214720726013
YOL102C,YGL148W,0,-0.8270069,0.16943590342998505,0.8235294222831726,0.4050215184688568
YDR211W,YPL104W,0,-0.8271906,0.169401153922081,0.8235294222831726,0.4051215350627899
YCR030C,YEL040W,0,-0.8273301,0.16936641931533813,0.8235294222831726,0.405221551656723
YDR206W,YGL222C,1,-0.8275392,0.16953669488430023,0.8245264291763306,0.405221551656723
YMR112C,YDR229W,0,-0.82755244,0.16950194537639618,0.8245264291763306,0.4053215980529785
YOL142W,YPL147W,0,-0.82756674,0.16946721076965332,0.8245264291763306,0.4054216146469116
YOL052C,YLR278C,0,-0.82811934,0.16943249106407166,0.8245264291763306,0.4055216610431671
YGR113W,YBR287W,0,-0.82817435,0.16939778625965118,0.8245264291763306,0.4056216776371002
YDR306C,YJL200C,0,-0.828214,0.1693630963563919,0.8245264291763306,0.4057217240333557
YPR171W,YLL033W,0,-0.8282224,0.16932842135429382,0.8245264291763306,0.4058217406272888
YMR117C,YMR200W,0,-0.82832724,0.16929376125335693,0.8245264291763306,0.4059217870235443
YDR131C,YPL065W,0,-0.8284809,0.16925910115242004,0.8245264291763306,0.4060218036174774
YEL022W,YLR389C,0,-0.82863843,0.16922447085380554,0.8245264291763306,0.4061218500137329
YDL171C,YOR148C,0,-0.8290038,0.16918985545635223,0.8245264291763306,0.406221866607666
YOR159C,YJR083C,0,-0.82910925,0.16915524005889893,0.8245264291763306,0.4063218832015991
YBL041W,YCL032W,0,-0.82941103,0.169120654463768,0.8245264291763306,0.4064219295978546
YJR092W,YLR452C,0,-0.82948065,0.16908608376979828,0.8245264291763306,0.4065219461917877
YJR138W,YDR518W,0,-0.82952625,0.16905151307582855,0.8245264291763306,0.4066219925880432
YOR283W,YGL169W,0,-0.82969123,0.16901695728302002,0.8245264291763306,0.4067220091819763
YJL030W,YKL165C,0,-0.8302367,0.16898243129253387,0.8245264291763306,0.4068220555782318
YJL166W,YBL092W,0,-0.8303091,0.16894790530204773,0.8245264291763306,0.4069220721721649
YNL079C,YHR119W,0,-0.8310836,0.16891339421272278,0.8245264291763306,0.4070221185684204
YPR035W,YDL225W,0,-0.8317783,0.16887889802455902,0.8245264291763306,0.4071221351623535
YDR404C,YGR158C,1,-0.83260775,0.16904859244823456,0.8255234360694885,0.4071221351623535
YOL141W,YLR300W,0,-0.83274794,0.1690140813589096,0.8255234360694885,0.4072221517562866
YGR145W,YFR019W,0,-0.8328614,0.16897958517074585,0.8255234360694885,0.4073221981525421
YOR159C,YNL304W,0,-0.8328944,0.16894511878490448,0.8255234360694885,0.4074222147464752
YOR275C,YIL079C,0,-0.83309805,0.1689106523990631,0.8255234360694885,0.4075222611427307
YGR034W,YGR077C,0,-0.83397466,0.16887620091438293,0.8255234360694885,0.4076222777366638
YEL022W,YER074W,0,-0.83406216,0.16884176433086395,0.8255234360694885,0.4077223241329193
YIL006W,YJL214W,0,-0.83452165,0.16880734264850616,0.8255234360694885,0.4078223407268524
YMR180C,YBR257W,0,-0.8345352,0.16877293586730957,0.8255234360694885,0.4079223871231079
YDR067C,YPL083C,0,-0.83455753,0.16873854398727417,0.8255234360694885,0.408022403717041
YNL050C,YDL077C,0,-0.8348814,0.16870415210723877,0.8255234360694885,0.4081224501132965
YCR014C,YLR300W,0,-0.8352455,0.16866979002952576,0.8255234360694885,0.4082224667072296
YMR182C,YDR405W,0,-0.835373,0.16863544285297394,0.8255234360694885,0.4083224833011627
YOR148C,YBL085W,0,-0.83676255,0.16860109567642212,0.8255234360694885,0.4084225296974182
YHR004C,YDR229W,0,-0.83697724,0.1685667783021927,0.8255234360694885,0.4085225462913513
YOR176W,YLR219W,0,-0.83720344,0.16853246092796326,0.8255234360694885,0.4086225926876068
YHR039C-A,YKR026C,0,-0.8373532,0.1684981733560562,0.8255234360694885,0.4087226092815399
YFL033C,YJR031C,0,-0.8376877,0.16846388578414917,0.8255234360694885,0.4088226556777954
YLR386W,YDL015C,0,-0.8377671,0.16842961311340332,0.8255234360694885,0.4089226722717285
YLR033W,YPR127W,0,-0.8379575,0.16839537024497986,0.8255234360694885,0.409022718667984
YNL008C,YMR034C,0,-0.83796704,0.1683611273765564,0.8255234360694885,0.4091227352619171
YBR128C,YJR083C,0,-0.8382429,0.16832689940929413,0.8255234360694885,0.4092227816581726
YHR074W,YLL043W,0,-0.83831465,0.16829268634319305,0.8255234360694885,0.4093227982521057
YNL016W,YDR109C,0,-0.8384036,0.16825848817825317,0.8255234360694885,0.4094228148460388
YGL083W,YPR125W,0,-0.83863235,0.1682243049144745,0.8255234360694885,0.4095228612422943
YOR297C,YAL039C,0,-0.83929783,0.1681901216506958,0.8255234360694885,0.4096228778362274
YKL082C,YEL030W,0,-0.83957815,0.1681559681892395,0.8255234360694885,0.4097229242324829
YDL107W,YDR410C,0,-0.8399128,0.1681218296289444,0.8255234360694885,0.409822940826416
YOR388C,YMR182C,0,-0.8399556,0.1680876910686493,0.8255234360694885,0.4099229872226715
YCR030C,YLR005W,0,-0.8400372,0.16805358231067657,0.8255234360694885,0.4100230038166046
YBR002C,YCL052C,0,-0.84005326,0.16801947355270386,0.8255234360694885,0.4101230502128601
YDR170C,YNL192W,0,-0.8401065,0.16798539459705353,0.8255234360694885,0.4102230668067932
YDR206W,YJR022W,1,-0.8404623,0.16815416514873505,0.8265204429626465,0.4102230668067932
YGL158W,YJL214W,0,-0.84091383,0.16812005639076233,0.8265204429626465,0.4103230834007263
YPL113C,YCR026C,0,-0.8409608,0.1680859625339508,0.8265204429626465,0.4104231297969818
YHR061C,YML030W,0,-0.8410133,0.16805189847946167,0.8265204429626465,0.4105231463909149
YDL047W,YGR070W,0,-0.84128904,0.16801783442497253,0.8265204429626465,0.4106231927871704
YNR031C,YDR233C,0,-0.8416129,0.1679837852716446,0.8265204429626465,0.4107232093811035
YPL200W,YDL128W,0,-0.84194124,0.16794975101947784,0.8265204429626465,0.410823255777359
YHR041C,YHR039C-A,0,-0.8420873,0.1679157316684723,0.8265204429626465,0.4109232723712921
YPR149W,YKR069W,0,-0.84215695,0.16788172721862793,0.8265204429626465,0.4110233187675476
YIR025W,YGR285C,0,-0.84223604,0.16784773766994476,0.8265204429626465,0.4111233353614807
YER125W,YNR028W,0,-0.8422462,0.1678137630224228,0.8265204429626465,0.4112233817577362
YDR146C,YNL026W,0,-0.84231615,0.167779803276062,0.8265204429626465,0.4113233983516693
YDR131C,YOR226C,0,-0.8425472,0.16774585843086243,0.8265204429626465,0.4114234149456024
YNL073W,YJL004C,0,-0.8431409,0.16771191358566284,0.8265204429626465,0.4115234613418579
YJR043C,YOR173W,1,-0.843269,0.16788025200366974,0.8275174498558044,0.4115234613418579
YGL244W,YPL167C,0,-0.8433658,0.16784630715847015,0.8275174498558044,0.411623477935791
YBR260C,YLL045C,0,-0.84440434,0.16781237721443176,0.8275174498558044,0.4117235243320465
YDR492W,YOR338W,0,-0.8444969,0.16777844727039337,0.8275174498558044,0.4118235409259796
YLR197W,YFR018C,0,-0.8446912,0.16774454712867737,0.8275174498558044,0.4119235873222351
YLL029W,YBL079W,0,-0.84516585,0.16771064698696136,0.8275174498558044,0.4120236039161682
YLR182W,YNL078W,0,-0.8455794,0.16767676174640656,0.8275174498558044,0.4121236503124237
YDR064W,YAL040C,0,-0.84569234,0.16764290630817413,0.8275174498558044,0.4122236669063568
YDR034C,YDR218C,0,-0.8457632,0.1676090508699417,0.8275174498558044,0.4123236835002899
YEL030W,YNL238W,0,-0.8465321,0.16757521033287048,0.8275174498558044,0.4124237298965454
YLR390W,YER190W,0,-0.84682703,0.16754138469696045,0.8275174498558044,0.4125237464904785
YKR008W,YMR193W,0,-0.84731853,0.1675075739622116,0.8275174498558044,0.412623792886734
YDL028C,YDR211W,0,-0.8476018,0.16747376322746277,0.8275174498558044,0.4127238094806671
YEL022W,YAL029C,0,-0.84765494,0.16743998229503632,0.8275174498558044,0.4128238558769226
YER013W,YFL021W,0,-0.848205,0.16740621626377106,0.8275174498558044,0.4129238724708557
YNL117W,YOR025W,0,-0.8486725,0.1673724502325058,0.8275174498558044,0.4130239188671112
YMR194W,YPL098C,0,-0.84906435,0.16733871400356293,0.8275174498558044,0.4131239354610443
YKR019C,YDR451C,0,-0.850639,0.16730497777462006,0.8275174498558044,0.4132239818572998
YLR447C,YDR457W,0,-0.85101414,0.16727125644683838,0.8275174498558044,0.4133239984512329
YPL213W,YPL119C,0,-0.8511418,0.1672375649213791,0.8275174498558044,0.413424015045166
YBR031W,YOR123C,0,-0.8512434,0.1672038733959198,0.8275174498558044,0.4135240614414215
YLL034C,YGL183C,0,-0.8512688,0.1671701967716217,0.8275174498558044,0.4136240780353546
YER098W,YGR070W,0,-0.85136366,0.1671365350484848,0.8275174498558044,0.4137241244316101
YKR071C,YGR113W,0,-0.85154724,0.1671028733253479,0.8275174498558044,0.4138241410255432
YKL180W,YNL078W,0,-0.85159373,0.1670692414045334,0.8275174498558044,0.4139241874217987
YBR294W,YDR527W,0,-0.8517709,0.16703562438488007,0.8275174498558044,0.4140242040157318
YEL043W,YLL061W,0,-0.8524753,0.16700200736522675,0.8275174498558044,0.4141242504119873
YGL112C,YIL108W,0,-0.852575,0.1669684201478958,0.8275174498558044,0.4142242670059204
YLR157C,YDR285W,0,-0.8525891,0.16693483293056488,0.8275174498558044,0.4143242835998535
YPL147W,YDR332W,0,-0.8527803,0.16690126061439514,0.8275174498558044,0.414424329996109
YJR051W,YOL054W,0,-0.8529291,0.1668677181005478,0.8275174498558044,0.4145243465900421
YJR107W,YCL004W,0,-0.8532975,0.16683417558670044,0.8275174498558044,0.4146243929862976
YOR076C,YDL165W,1,-0.85360634,0.1670016050338745,0.8285144567489624,0.4146243929862976
YGR034W,YJL085W,0,-0.8537183,0.16696804761886597,0.8285144567489624,0.4147244095802307
YDL179W,YDL054C,0,-0.8538407,0.16693450510501862,0.8285144567489624,0.4148244559764862
YKL165C,YPR152C,0,-0.8542844,0.16690097749233246,0.8285144567489624,0.4149244725704193
YMR039C,YGR084C,0,-0.85432494,0.1668674647808075,0.8285144567489624,0.4150245189666748
YOR378W,YNL335W,0,-0.8546679,0.16683396697044373,0.8285144567489624,0.4151245355606079
YML049C,YBR031W,0,-0.8550259,0.16680048406124115,0.8285144567489624,0.4152245819568634
YIL128W,YPL259C,0,-0.85503423,0.16676700115203857,0.8285144567489624,0.4153245985507965
YBR260C,YIL080W,0,-0.8556162,0.1667335480451584,0.8285144567489624,0.4154246151447296
YJR036C,YGR276C,0,-0.8566531,0.1667000949382782,0.8285144567489624,0.4155246615409851
YHR211W,YOR298W,0,-0.8570791,0.1666666716337204,0.8285144567489624,0.4156246781349182
YAL022C,YLR163C,0,-0.85720146,0.1666332483291626,0.8285144567489624,0.4157247245311737
YPR196W,YMR241W,0,-0.8576511,0.166599839925766,0.8285144567489624,0.4158247411251068
YGL174W,YLR164W,0,-0.8576686,0.16656644642353058,0.8285144567489624,0.4159247875213623
YMR194W,YFL048C,0,-0.8577298,0.16653306782245636,0.8285144567489624,0.4160248041152954
YJR055W,YPL151C,0,-0.8577418,0.16649970412254333,0.8285144567489624,0.4161248505115509
YCL024W,YAL024C,0,-0.85814166,0.1664663404226303,0.8285144567489624,0.416224867105484
YDR454C,YBL011W,0,-0.8584604,0.16643300652503967,0.8285144567489624,0.4163248836994171
YCL074W,YJL011C,0,-0.8586442,0.16639967262744904,0.8285144567489624,0.4164249300956726
YHR079C,YHR057C,0,-0.859473,0.1663663685321808,0.8285144567489624,0.4165249466896057
YCR030C,YGL014W,0,-0.85966915,0.16633306443691254,0.8285144567489624,0.4166249930858612
YPR035W,YNL309W,0,-0.8603587,0.16629977524280548,0.8285144567489624,0.4167250096797943
YNL236W,YMR034C,0,-0.86087096,0.16626650094985962,0.8285144567489624,0.4168250560760498
YNL223W,YJR063W,0,-0.8610908,0.16623324155807495,0.8285144567489624,0.4169250726699829
YHR002W,YKL009W,0,-0.86145175,0.16619999706745148,0.8285144567489624,0.4170251190662384
YOR054C,YOR194C,0,-0.8614843,0.1661667674779892,0.8285144567489624,0.4171251356601715
YNL110C,YDL070W,0,-0.86264503,0.1661335527896881,0.8285144567489624,0.417225182056427
YNL307C,YBR072W,0,-0.86272746,0.16610033810138702,0.8285144567489624,0.4173251986503601
YIL170W,YOR020C,0,-0.86304027,0.16606715321540833,0.8285144567489624,0.4174252152442932
YOR216C,YJR101W,0,-0.8631423,0.16603396832942963,0.8285144567489624,0.4175252616405487
YAL063C,YNR067C,0,-0.8631865,0.16600079834461212,0.8285144567489624,0.4176252782344818
YKR057W,YKL074C,0,-0.8632258,0.1659676432609558,0.8285144567489624,0.4177253246307373
YPR135W,YOL054W,0,-0.8636377,0.1659345030784607,0.8285144567489624,0.4178253412246704
YDR144C,YPL163C,0,-0.86383164,0.16590137779712677,0.8285144567489624,0.4179253876209259
YDL206W,YBL076C,0,-0.8640025,0.16586826741695404,0.8285144567489624,0.418025404214859
YDR423C,YLR429W,0,-0.8644923,0.1658351570367813,0.8285144567489624,0.4181254506111145
YNL261W,YBR170C,0,-0.864556,0.16580207645893097,0.8285144567489624,0.4182254672050476
YGR264C,YPR187W,0,-0.86498725,0.16576899588108063,0.8285144567489624,0.4183254837989807
YNL131W,YLR219W,0,-0.86516994,0.16573594510555267,0.8285144567489624,0.4184255301952362
YJR149W,YNL138W,0,-0.8654367,0.16570289433002472,0.8285144567489624,0.4185255467891693
YIL108W,YMR065W,0,-0.8657313,0.16566985845565796,0.8285144567489624,0.4186255931854248
YPR187W,YOR008C,0,-0.8658033,0.1656368374824524,0.8285144567489624,0.4187256097793579
YOR089C,YJR130C,0,-0.86590755,0.16560383141040802,0.8285144567489624,0.4188256561756134
YNL288W,YDR404C,1,-0.8660948,0.16577006876468658,0.8295114636421204,0.4188256561756134
YGR144W,YDR059C,0,-0.8663415,0.16573704779148102,0.8295114636421204,0.4189256727695465
YOL066C,YLR042C,0,-0.8665974,0.16570404171943665,0.8295114636421204,0.419025719165802
YDR146C,YDR392W,0,-0.86711943,0.16567105054855347,0.8295114636421204,0.4191257357597351
YMR112C,YLR047C,0,-0.8672346,0.1656380593776703,0.8295114636421204,0.4192257821559906
YBR118W,YHR209W,0,-0.8677423,0.1656050980091095,0.8295114636421204,0.4193257987499237
YDL055C,YLR440C,0,-0.8677487,0.1655721366405487,0.8295114636421204,0.4194258153438568
YDR079W,YLR033W,0,-0.8686699,0.1655391901731491,0.8295114636421204,0.4195258617401123
YMR168C,YIL048W,0,-0.8687662,0.1655062735080719,0.8295114636421204,0.4196258783340454
YKR066C,YBR128C,0,-0.8693295,0.1654733419418335,0.8295114636421204,0.4197259247303009
YGR225W,YNR072W,0,-0.8700011,0.16544044017791748,0.8295114636421204,0.419825941324234
YPL134C,YDR403W,0,-0.8700406,0.16540755331516266,0.8295114636421204,0.4199259877204895
YDR499W,YNR035C,0,-0.87010604,0.16537468135356903,0.8295114636421204,0.4200260043144226
YMR137C,YNL219C,0,-0.87131584,0.1653418093919754,0.8295114636421204,0.4201260507106781
YOR251C,YNL230C,0,-0.8716736,0.16530896723270416,0.8295114636421204,0.4202260673046112
YDR144C,YLR278C,0,-0.8722102,0.16527612507343292,0.8295114636421204,0.4203260838985443
YPR042C,YOL123W,1,-0.87233025,0.16544190049171448,0.8305084705352783,0.4203260838985443
YBR223C,YOR148C,0,-0.8724099,0.16540905833244324,0.8305084705352783,0.4204261302947998
YLR394W,YGR255C,0,-0.8724625,0.165376216173172,0.8305084705352783,0.4205261468887329
YDR530C,YNR004W,0,-0.8725162,0.16534338891506195,0.8305084705352783,0.4206261932849884
YPR024W,YBR192W,0,-0.8726594,0.1653105765581131,0.8305084705352783,0.4207262098789215
YDR067C,YNL122C,0,-0.8729292,0.16527777910232544,0.8305084705352783,0.420826256275177
YCR014C,YHR174W,0,-0.8729365,0.16524499654769897,0.8305084705352783,0.4209262728691101
YPL259C,YLR344W,0,-0.874012,0.1652122139930725,0.8305084705352783,0.4210263192653656
YLR325C,YLR316C,0,-0.87436444,0.16517946124076843,0.8305084705352783,0.4211263358592987
YGL083W,YCL014W,0,-0.8746942,0.16514670848846436,0.8305084705352783,0.4212263822555542
YOR025W,YMR136W,0,-0.8749501,0.16511397063732147,0.8305084705352783,0.4213263988494873
YDR067C,YNL050C,0,-0.8755162,0.16508124768733978,0.8305084705352783,0.4214264154434204
YLR305C,YGR105W,0,-0.8755605,0.1650485396385193,0.8305084705352783,0.4215264618396759
YOR071C,YDR034C,0,-0.87560976,0.16501584649085999,0.8305084705352783,0.421626478433609
YDR383C,YPL011C,0,-0.87642634,0.16498316824436188,0.8305084705352783,0.4217265248298645
YJR021C,YFL033C,0,-0.8764938,0.16495048999786377,0.8305084705352783,0.4218265414237976
YLR289W,YMR033W,0,-0.87651074,0.16491784155368805,0.8305084705352783,0.4219265878200531
YJL087C,YLR141W,0,-0.87651753,0.16488519310951233,0.8305084705352783,0.4220266044139862
YDR498C,YFR036W,0,-0.87688327,0.1648525595664978,0.8305084705352783,0.4221266508102417
YEL053C,YOR204W,0,-0.87689316,0.16481994092464447,0.8305084705352783,0.4222266674041748
YJL004C,YOL026C,0,-0.87690115,0.16478733718395233,0.8305084705352783,0.4223266839981079
YER017C,YJL206C,0,-0.87695384,0.1647547483444214,0.8305084705352783,0.4224267303943634
YGR167W,YER101C,0,-0.8770058,0.16472217440605164,0.8305084705352783,0.4225267469882965
YAL054C,YKL206C,0,-0.8773252,0.16468960046768188,0.8305084705352783,0.422626793384552
YGR225W,YMR097C,0,-0.8773391,0.16465704143047333,0.8305084705352783,0.4227268099784851
YDL061C,YMR033W,0,-0.8782235,0.16462451219558716,0.8305084705352783,0.4228268563747406
YML032C,YLL033W,0,-0.87892497,0.164591982960701,0.8305084705352783,0.4229268729686737
YDR405W,YNR010W,0,-0.8789964,0.164559468626976,0.8305084705352783,0.4230269193649292
YFL010W-A,YFR052W,0,-0.87944335,0.16452695429325104,0.8305084705352783,0.4231269359588623
YPR189W,YJR022W,1,-0.8794817,0.16469193994998932,0.8315054774284363,0.4231269359588623
YBL091C-A,YNR035C,0,-0.87993276,0.16465942561626434,0.8315054774284363,0.4232269823551178
YGR169C,YJL213W,0,-0.8802238,0.16462692618370056,0.8315054774284363,0.4233269989490509
YBL058W,YCL052C,0,-0.88026917,0.16459444165229797,0.8315054774284363,0.423427015542984
YGR177C,YKL189W,0,-0.88072217,0.16456195712089539,0.8315054774284363,0.4235270619392395
YCL018W,YER130C,0,-0.88096756,0.164529487490654,0.8315054774284363,0.4236270785331726
YBR274W,YFL066C,0,-0.8813064,0.16449704766273499,0.8315054774284363,0.4237271249294281
YER162C,YKR002W,0,-0.88131076,0.16446460783481598,0.8315054774284363,0.4238271415233612
YCL018W,YDR369C,0,-0.881561,0.16443218290805817,0.8315054774284363,0.4239271879196167
YLL013C,YNL288W,1,-0.88174224,0.16459688544273376,0.8325024843215942,0.4239271879196167
YDR527W,YMR090W,0,-0.88175166,0.16456444561481476,0.8325024843215942,0.4240272045135498
YOL052C,YPL129W,0,-0.88176477,0.16453202068805695,0.8325024843215942,0.4241272509098053
YBR118W,YBR037C,0,-0.8819283,0.16449961066246033,0.8325024843215942,0.4242272675037384
YMR241W,YGL183C,0,-0.88243276,0.1644672006368637,0.8325024843215942,0.4243272840976715
YKL020C,YHR168W,0,-0.8825614,0.16443482041358948,0.8325024843215942,0.424427330493927
YMR078C,YDR195W,0,-0.8827755,0.16440244019031525,0.8325024843215942,0.4245273470878601
YPR024W,YDR030C,0,-0.8831668,0.1643700748682022,0.8325024843215942,0.4246273934841156
YPR072W,YMR061W,0,-0.88397086,0.16433772444725037,0.8325024843215942,0.4247274100780487
YJL004C,YMR145C,0,-0.8839907,0.16430538892745972,0.8325024843215942,0.4248274564743042
YLR191W,YDR454C,0,-0.88402,0.16427306830883026,0.8325024843215942,0.4249274730682373
YBL026W,YLR438C-A,1,-0.88411236,0.1644374579191208,0.8334994912147522,0.4249274730682373
YDR167W,YIL108W,0,-0.8842317,0.16440510749816895,0.8334994912147522,0.4250275194644928
YMR123W,YAL033W,0,-0.8844487,0.1643727868795395,0.8334994912147522,0.4251275360584259
YDR205W,YPL104W,0,-0.88556814,0.16434048116207123,0.8334994912147522,0.4252275824546814
YHR074W,YMR033W,0,-0.88577294,0.16430817544460297,0.8334994912147522,0.4253275990486145
YCR077C,YER035W,1,-0.88634425,0.16447238624095917,0.8344964981079102,0.4253275990486145
YGR288W,YML052W,0,-0.8870497,0.1644400805234909,0.8344964981079102,0.4254276156425476
YOL082W,YGL256W,0,-0.887277,0.16440777480602264,0.8344964981079102,0.4255276620388031
YJR036C,YLR024C,0,-0.88751614,0.16437548398971558,0.8344964981079102,0.4256276786327362
YKL074C,YLR251W,0,-0.8877538,0.1643432229757309,0.8344964981079102,0.4257277250289917
YPR144C,YBR037C,0,-0.8883265,0.16431094706058502,0.8344964981079102,0.4258277416229248
YNL008C,YLR429W,0,-0.88837904,0.16427870094776154,0.8344964981079102,0.4259277880191803
YLR105C,YDR378C,0,-0.8885019,0.16424646973609924,0.8344964981079102,0.4260278046131134
YMR038C,YIL080W,0,-0.88885856,0.16421423852443695,0.8344964981079102,0.4261278510093689
YGR036C,YHR079C,0,-0.8890456,0.16418203711509705,0.8344964981079102,0.426227867603302
YGL233W,YGR143W,0,-0.8894032,0.16414983570575714,0.8344964981079102,0.4263278841972351
YDR449C,YMR159C,0,-0.8894212,0.16411764919757843,0.8344964981079102,0.4264279305934906
YJR051W,YER046W,0,-0.88987327,0.1640854775905609,0.8344964981079102,0.4265279471874237
YKL174C,YLR028C,0,-0.8899008,0.1640533059835434,0.8344964981079102,0.4266279935836792
YMR046C,YJL149W,0,-0.8903216,0.16402116417884827,0.8344964981079102,0.4267280101776123
YNL307C,YGL051W,0,-0.89040697,0.16398902237415314,0.8344964981079102,0.4268280565738678
YOR138C,YMR300C,0,-0.8906703,0.1639569103717804,0.8344964981079102,0.4269280731678009
YGR252W,YML128C,0,-0.8910304,0.16392479836940765,0.8344964981079102,0.4270281195640564
YJL087C,YER052C,0,-0.8912393,0.1638927012681961,0.8344964981079102,0.4271281361579895
YNL261W,YMR114C,0,-0.8914356,0.16386060416698456,0.8344964981079102,0.427228182554245
YPL180W,YGL220W,0,-0.8917054,0.1638285368680954,0.8344964981079102,0.4273281991481781
YDR337W,YGR134W,0,-0.89181435,0.16379648447036743,0.8344964981079102,0.4274282157421112
YDL036C,YDR281C,0,-0.8923683,0.16376443207263947,0.8344964981079102,0.4275282621383667
YJR151C,YOR126C,0,-0.89237434,0.1637323945760727,0.8344964981079102,0.4276282787322998
YNL258C,YER090W,0,-0.8926217,0.16370037198066711,0.8344964981079102,0.4277283251285553
YLR029C,YHR079C,0,-0.8933847,0.16366836428642273,0.8344964981079102,0.4278283417224884
YBL011W,YMR159C,0,-0.8934789,0.16363635659217834,0.8344964981079102,0.4279283881187439
YDR174W,YLR047C,0,-0.89367855,0.16360437870025635,0.8344964981079102,0.428028404712677
YKL190W,YGL014W,0,-0.8937017,0.16357240080833435,0.8344964981079102,0.4281284511089325
YGL172W,YPL131W,0,-0.8937719,0.16354045271873474,0.8344964981079102,0.4282284677028656
YDR415C,YDR369C,0,-0.89421403,0.16350850462913513,0.8344964981079102,0.4283284842967987
YBR247C,YNL079C,0,-0.8943484,0.16347655653953552,0.8344964981079102,0.4284285306930542
YNL026W,YJR133W,0,-0.8946507,0.1634446382522583,0.8344964981079102,0.4285285472869873
YEL031W,YML109W,0,-0.89487344,0.16341273486614227,0.8344964981079102,0.4286285936832428
YIL159W,YLR164W,0,-0.89521253,0.16338083148002625,0.8344964981079102,0.4287286102771759
YDR079W,YGR271W,0,-0.89565635,0.1633489429950714,0.8344964981079102,0.4288286566734314
YGR052W,YJL141C,0,-0.89587295,0.16331706941127777,0.8344964981079102,0.4289286732673645
YDR067C,YML112W,0,-0.8960619,0.16328521072864532,0.8344964981079102,0.42902871966362
YBR223C,YMR008C,0,-0.89646286,0.16325336694717407,0.8344964981079102,0.4291287362575531
YBR020W,YMR061W,0,-0.896496,0.16322152316570282,0.8344964981079102,0.4292287826538086
YMR019W,YMR203W,0,-0.8966911,0.16318970918655396,0.8344964981079102,0.4293287992477417
YDR206W,YJL140W,1,-0.89680207,0.163352832198143,0.8354935050010681,0.4293287992477417
YNL261W,YLR429W,0,-0.89700925,0.16332098841667175,0.8354935050010681,0.4294288158416748
YIL079C,YPR030W,0,-0.89710784,0.1632891595363617,0.8354935050010681,0.4295288622379303
YPL094C,YEL029C,0,-0.8971931,0.16325736045837402,0.8354935050010681,0.4296288788318634
YOL151W,YLR145W,0,-0.89733565,0.16322556138038635,0.8354935050010681,0.4297289252281189
YGR052W,YGR222W,0,-0.8974978,0.16319376230239868,0.8354935050010681,0.429828941822052
YGR282C,YDR457W,0,-0.8976126,0.1631619930267334,0.8354935050010681,0.4299289882183075
YPR001W,YKL095W,0,-0.89797056,0.1631302386522293,0.8354935050010681,0.4300290048122406
YNL314W,YNL239W,0,-0.8986426,0.16309848427772522,0.8354935050010681,0.4301290512084961
YMR089C,YDR423C,0,-0.8986635,0.16306674480438232,0.8354935050010681,0.4302290678024292
YMR194W,YPL011C,0,-0.8990145,0.16303502023220062,0.8354935050010681,0.4303290843963623
YPL276W,YJR133W,0,-0.89938307,0.16300331056118011,0.8354935050010681,0.4304291307926178
YCR077C,YLR438C-A,1,-0.8997797,0.1631660759449005,0.8364905118942261,0.4304291307926178
YIL088C,YGL014W,0,-0.8999404,0.1631343513727188,0.8364905118942261,0.4305291473865509
YMR089C,YBR223C,0,-0.8999947,0.1631026417016983,0.8364905118942261,0.4306291937828064
YOR323C,YNR060W,0,-0.9004612,0.163070946931839,0.8364905118942261,0.4307292103767395
YJL114W,YDL227C,0,-0.90047824,0.16303925216197968,0.8364905118942261,0.430829256772995
YBR182C,YOR194C,0,-0.9005456,0.16300757229328156,0.8364905118942261,0.4309292733669281
YDR263C,YLR429W,0,-0.90075934,0.16297590732574463,0.8364905118942261,0.4310293197631836
YLR141W,YOR085W,0,-0.9007913,0.1629442572593689,0.8364905118942261,0.4311293363571167
YEL040W,YOL107W,0,-0.9008231,0.16291262209415436,0.8364905118942261,0.4312293827533722
YOL158C,YNL080C,0,-0.90086347,0.16288098692893982,0.8364905118942261,0.4313293993473053
YGR264C,YMR097C,0,-0.90096974,0.16284938156604767,0.8364905118942261,0.4314294159412384
YBL034C,YMR304W,0,-0.90267336,0.16281777620315552,0.8364905118942261,0.4315294623374939
YGL062W,YJR133W,0,-0.9027295,0.16278618574142456,0.8364905118942261,0.431629478931427
YGR288W,YNL271C,0,-0.90288067,0.1627546101808548,0.8364905118942261,0.4317295253276825
YOR237W,YLR227W-B,0,-0.9034349,0.16272303462028503,0.8364905118942261,0.4318295419216156
YNL016W,YLR316C,0,-0.90380526,0.16269148886203766,0.8364905118942261,0.4319295883178711
YDR059C,YNR017W,0,-0.90397215,0.16265994310379028,0.8364905118942261,0.4320296049118042
YJR078W,YMR229C,0,-0.9039963,0.1626284122467041,0.8364905118942261,0.4321296513080597
YBL091C-A,YNL078W,0,-0.9041935,0.1625968962907791,0.8364905118942261,0.4322296679019928
YBR260C,YML049C,0,-0.9042114,0.16256539523601532,0.8364905118942261,0.4323296844959259
YJL060W,YDR444W,0,-0.9043856,0.16253389418125153,0.8364905118942261,0.4324297308921814
YLR289W,YLR348C,0,-0.9045497,0.16250242292881012,0.8364905118942261,0.4325297474861145
YIL139C,YLR389C,0,-0.90467435,0.1624709516763687,0.8364905118942261,0.43262979388237
YML030W,YNR028W,0,-0.90468264,0.1624394953250885,0.8364905118942261,0.4327298104763031
YOR304C-A,YJL124C,0,-0.9049343,0.16240805387496948,0.8364905118942261,0.4328298568725586
YDR419W,YIL083C,0,-0.90550435,0.16237662732601166,0.8364905118942261,0.4329298734664917
YDL246C,YOR275C,0,-0.9055736,0.16234520077705383,0.8364905118942261,0.4330299198627472
YEL052W,YFL023W,0,-0.90567917,0.1623137891292572,0.8364905118942261,0.4331299364566803
YBR247C,YMR176W,0,-0.9059867,0.16228239238262177,0.8364905118942261,0.4332299828529358
YBL041W,YGR179C,0,-0.90625507,0.16225101053714752,0.8364905118942261,0.4333299994468689
YDL107W,YAR035W,0,-0.9064456,0.16221964359283447,0.8364905118942261,0.433430016040802
YMR228W,YNR060W,0,-0.9064776,0.16218829154968262,0.8364905118942261,0.4335300624370575
YBL005W-B,YMR078C,0,-0.9065294,0.16215693950653076,0.8364905118942261,0.4336300790309906
YGR175C,YPL110C,0,-0.90656936,0.1621256023645401,0.8364905118942261,0.4337301254272461
YNL172W,YPR163C,0,-0.9069981,0.16209428012371063,0.8364905118942261,0.4338301420211792
YLR047C,YBR282W,0,-0.9071424,0.16206297278404236,0.8364905118942261,0.4339301884174347
YPR111W,YGL183C,0,-0.9075001,0.16203166544437408,0.8364905118942261,0.4340302050113678
YFL033C,YBL098W,0,-0.9076728,0.1620003879070282,0.8364905118942261,0.4341302514076233
YNL231C,YMR213W,0,-0.90767634,0.1619691103696823,0.8364905118942261,0.4342302680015564
YLL029W,YLR026C,0,-0.9083325,0.16193784773349762,0.8364905118942261,0.4343302845954895
YPR200C,YDR496C,0,-0.908335,0.16190659999847412,0.8364905118942261,0.434430330991745
YDR262W,YLR213C,0,-0.90844667,0.16187536716461182,0.8364905118942261,0.4345303475856781
YNL261W,YLR113W,0,-0.9085278,0.1618441343307495,0.8364905118942261,0.4346303939819336
YDL111C,YDL165W,1,-0.90883756,0.16200578212738037,0.837487518787384,0.4346303939819336
YLR107W,YPL007C,0,-0.9095484,0.16197454929351807,0.837487518787384,0.4347304105758667
YKR068C,YPR138C,0,-0.90959024,0.16194331645965576,0.837487518787384,0.4348304569721222
YDR064W,YOR353C,0,-0.90989685,0.16191209852695465,0.837487518787384,0.4349304735660553
YML052W,YNL122C,0,-0.910315,0.16188089549541473,0.837487518787384,0.4350305199623108
YJL141C,YJL081C,0,-0.91081333,0.161849707365036,0.837487518787384,0.4351305365562439
YDL227C,YKR102W,0,-0.91222477,0.16181853413581848,0.837487518787384,0.4352305829524994
YOL129W,YNL335W,0,-0.9122838,0.16178736090660095,0.837487518787384,0.4353305995464325
YPL276W,YFR018C,0,-0.91323584,0.1617562174797058,0.837487518787384,0.4354306161403656
YKL217W,YOR230W,0,-0.9134624,0.16172507405281067,0.837487518787384,0.4355306625366211
YNL262W,YMR304W,0,-0.913733,0.16169393062591553,0.837487518787384,0.4356306791305542
YPR113W,YML056C,0,-0.9143425,0.16166281700134277,0.837487518787384,0.4357307255268097
YLR203C,YBR118W,0,-0.91441894,0.16163170337677002,0.837487518787384,0.4358307421207428
YLR429W,YAR031W,0,-0.9145874,0.16160061955451965,0.837487518787384,0.4359307885169983
YNL267W,YGL183C,0,-0.91473883,0.1615695357322693,0.837487518787384,0.4360308051109314
YNL107W,YNR006W,0,-0.9148092,0.16153846681118011,0.837487518787384,0.4361308515071869
YGL068W,YDR131C,0,-0.91533536,0.16150739789009094,0.837487518787384,0.43623086810112
YOL139C,YAL021C,1,-0.91554093,0.1616685837507248,0.838484525680542,0.43623086810112
YCL032W,YPL065W,0,-0.9155505,0.16163751482963562,0.838484525680542,0.4363308846950531
YDR449C,YGR143W,0,-0.9158081,0.16160646080970764,0.838484525680542,0.4364309310913086
YPR189W,YPL127C,0,-0.9161154,0.16157540678977966,0.838484525680542,0.4365309476852417
YBR125C,YLR309C,0,-0.9166084,0.16154436767101288,0.838484525680542,0.4366309940814972
YHR211W,YNR035C,0,-0.9171624,0.1615133434534073,0.838484525680542,0.4367310106754303
YLR312W-A,YLR129W,0,-0.9175476,0.1614823341369629,0.838484525680542,0.4368310570716858
YPL200W,YLR268W,0,-0.91760683,0.1614513397216797,0.838484525680542,0.4369310736656189
YIL140W,YNL122C,0,-0.91790944,0.16142034530639648,0.838484525680542,0.4370311200618744
YBR074W,YMR143W,0,-0.9179731,0.16138936579227448,0.838484525680542,0.4371311366558075
YMR176W,YGL148W,0,-0.91811556,0.16135840117931366,0.838484525680542,0.437231183052063
YDL215C,YCL034W,0,-0.9190583,0.16132745146751404,0.838484525680542,0.4373311996459961
YMR284W,YDL179W,0,-0.91971165,0.1612965166568756,0.838484525680542,0.4374312162399292
YGL158W,YGR288W,0,-0.9199066,0.16126558184623718,0.838484525680542,0.4375312626361847
YBR081C,YKL186C,0,-0.92001057,0.16123466193675995,0.838484525680542,0.4376312792301178
YDR170C,YDR373W,0,-0.92006886,0.1612037569284439,0.838484525680542,0.4377313256263733
YBR223C,YLR163C,0,-0.92062837,0.16117286682128906,0.838484525680542,0.4378313422203064
YDR457W,YDR373W,0,-0.9206816,0.16114197671413422,0.838484525680542,0.4379313886165619
YPL200W,YMR136W,0,-0.9209373,0.16111111640930176,0.838484525680542,0.438031405210495
YNR006W,YBR031W,0,-0.92142075,0.1610802561044693,0.838484525680542,0.4381314516067505
YBR202W,YPR138C,0,-0.921584,0.16104941070079803,0.838484525680542,0.4382314682006836
YDR174W,YDL128W,0,-0.9220303,0.16101856529712677,0.838484525680542,0.4383314847946167
YDR429C,YDL070W,0,-0.92209244,0.1609877496957779,0.838484525680542,0.4384315311908722
YBR059C,YNR067C,0,-0.9221933,0.16095693409442902,0.838484525680542,0.4385315477848053
YNL016W,YJR043C,1,-0.92226064,0.16111749410629272,0.8394815325737,0.4385315477848053
YJL114W,YBL034C,0,-0.9223856,0.16108666360378265,0.8394815325737,0.4386315941810608
YBL005W-B,YPL274W,0,-0.92243886,0.16105584800243378,0.8394815325737,0.4387316107749939
YER151C,YMR203W,0,-0.9228083,0.1610250473022461,0.8394815325737,0.4388316571712494
YDL133C-A,YNL138W,0,-0.92293924,0.1609942615032196,0.8394815325737,0.4389316737651825
YMR117C,YAR035W,0,-0.9233075,0.1609634906053543,0.8394815325737,0.439031720161438
YBR037C,YDR173C,0,-0.9238955,0.160932719707489,0.8394815325737,0.4391317367553711
YBR183W,YDL133C-A,0,-0.9241607,0.1609019637107849,0.8394815325737,0.4392317831516266
YJR070C,YJL128C,0,-0.9242523,0.160871222615242,0.8394815325737,0.4393317997455597
YJR053W,YFL021W,0,-0.92451966,0.1608404964208603,0.8394815325737,0.4394318163394928
YER008C,YLR153C,0,-0.92515814,0.16080978512763977,0.8394815325737,0.4395318627357483
YFL017W-A,YER104W,0,-0.925524,0.16077907383441925,0.8394815325737,0.4396318793296814
YIL002C,YMR039C,0,-0.9255284,0.16074837744235992,0.8394815325737,0.4397319257259369
YGR056W,YMR203W,0,-0.9256183,0.1607176959514618,0.8394815325737,0.43983194231987
YEL015W,YER035W,1,-0.9256938,0.16087786853313446,0.8404785394668579,0.43983194231987
YDL197C,YJL176C,0,-0.9259645,0.16084717214107513,0.8404785394668579,0.4399319887161255
YMR039C,YPR127W,0,-0.926128,0.1608164757490158,0.8404785394668579,0.4400320053100586
YIL002C,YMR296C,0,-0.92623186,0.16078580915927887,0.8404785394668579,0.4401320517063141
YDR206W,YNL147W,1,-0.92655915,0.1609458476305008,0.8414755463600159,0.4401320517063141
YEL070W,YDL077C,0,-0.9267448,0.16091515123844147,0.8414755463600159,0.4402320683002472
YNL016W,YBL026W,1,-0.9267986,0.16107510030269623,0.8424725532531738,0.4402320683002472
YJL024C,YCR002C,0,-0.9269935,0.1610444039106369,0.8424725532531738,0.4403320848941803
YEL022W,YMR321C,0,-0.9272407,0.16101372241973877,0.8424725532531738,0.4404321312904358
YLR187W,YBR074W,0,-0.92731726,0.16098304092884064,0.8424725532531738,0.4405321478843689
YDR167W,YDL061C,0,-0.92745936,0.1609523743391037,0.8424725532531738,0.4406321942806244
YOL043C,YOL054W,0,-0.9277901,0.16092172265052795,0.8424725532531738,0.4407322108745575
YCL025C,YNL122C,0,-0.92854536,0.1608910858631134,0.8424725532531738,0.440832257270813
YJR092W,YAL022C,0,-0.9288013,0.16086046397686005,0.8424725532531738,0.4409322738647461
YKR019C,YGR070W,0,-0.92918223,0.1608298420906067,0.8424725532531738,0.4410323202610016
YPL064C,YDR410C,0,-0.92944837,0.16079923510551453,0.8424725532531738,0.4411323368549347
YDR281C,YOR311C,0,-0.9295558,0.16076864302158356,0.8424725532531738,0.4412323832511902
YBR150C,YPL119C,0,-0.92959416,0.16073806583881378,0.8424725532531738,0.4413323998451233
YDR240C,YCL057W,0,-0.92981595,0.160707488656044,0.8424725532531738,0.4414324164390564
YDR296W,YGL183C,0,-0.9304976,0.16067694127559662,0.8424725532531738,0.4415324628353119
YGL203C,YNR002C,0,-0.9306034,0.16064639389514923,0.8424725532531738,0.441632479429245
YDL028C,YDL045W-A,0,-0.930979,0.16061584651470184,0.8424725532531738,0.4417325258255005
YDR067C,YIL035C,0,-0.93107384,0.16058532893657684,0.8424725532531738,0.4418325424194336
YDR473C,YKL022C,0,-0.931074,0.16055481135845184,0.8424725532531738,0.4419325888156891
YOL145C,YOL104C,0,-0.9317125,0.16052430868148804,0.8424725532531738,0.4420326054096222
YGR012W,YOR194C,0,-0.93196476,0.16049382090568542,0.8424725532531738,0.4421326518058777
YMR039C,YJR140C,0,-0.9321016,0.160463348031044,0.8424725532531738,0.4422326683998108
YDL022W,YGR255C,0,-0.93247855,0.16043289005756378,0.8424725532531738,0.4423326849937439
YPL139C,YIL048W,0,-0.9327636,0.16040243208408356,0.8424725532531738,0.4424327313899994
YLR187W,YML039W,0,-0.9332354,0.16037198901176453,0.8424725532531738,0.4425327479839325
YDR378C,YHR156C,0,-0.93331087,0.1603415608406067,0.8424725532531738,0.442632794380188
YPR011C,YPR035W,0,-0.93453026,0.16031113266944885,0.8424725532531738,0.4427328109741211
YGL172W,YDR229W,0,-0.9352044,0.1602807343006134,0.8424725532531738,0.4428328573703766
YDL061C,YJR053W,0,-0.935727,0.16025033593177795,0.8424725532531738,0.4429328739643097
YJL004C,YMR304W,0,-0.935873,0.1602199524641037,0.8424725532531738,0.4430329203605652
YMR218C,YPR159W,0,-0.93625605,0.16018956899642944,0.8424725532531738,0.4431329369544983
YOR279C,YNR002C,0,-0.93639195,0.16015921533107758,0.8424725532531738,0.4432329833507538
YDR527W,YPL113C,0,-0.9364555,0.1601288616657257,0.8424725532531738,0.4433329999446869
YLR005W,YHR174W,0,-0.9367061,0.16009852290153503,0.8424725532531738,0.44343301653862
YNL070W,YDR470C,0,-0.9370281,0.16006819903850555,0.8424725532531738,0.4435330629348755
YDL045W-A,YIL020C,0,-0.9371884,0.16003787517547607,0.8424725532531738,0.4436330795288086
YMR136W,YDR218C,0,-0.9374005,0.16000758111476898,0.8424725532531738,0.4437331259250641
YPL119C,YKL022C,0,-0.9375254,0.1599772870540619,0.8424725532531738,0.4438331425189972
YOR378W,YIR032C,0,-0.9387609,0.1599469929933548,0.8424725532531738,0.4439331889152527
YDR383C,YOR317W,0,-0.93882126,0.1599167287349701,0.8424725532531738,0.4440332055091858
YKL182W,YMR034C,0,-0.9393401,0.1598864644765854,0.8424725532531738,0.4441332519054413
YJR010W,YER137C-A,0,-0.93954074,0.15985623002052307,0.8424725532531738,0.4442332684993744
YDR285W,YIL133C,0,-0.93959194,0.15982599556446075,0.8424725532531738,0.4443332850933075
YML049C,YER046W,0,-0.9396317,0.15979576110839844,0.8424725532531738,0.444433331489563
YGR288W,YNR013C,0,-0.93981165,0.1597655564546585,0.8424725532531738,0.4445333480834961
YOL010W,YOL104C,0,-0.94039935,0.15973535180091858,0.8424725532531738,0.4446333944797516
YER050C,YPL083C,0,-0.9405822,0.15970516204833984,0.8424725532531738,0.4447334110736847
YGL014W,YLR270W,1,-0.9414659,0.15986394882202148,0.8434696197509766,0.4447334110736847
YMR270C,YCR012W,0,-0.9415787,0.15983374416828156,0.8434696197509766,0.4448334574699402
YOR304C-A,YIL170W,0,-0.94211614,0.15980355441570282,0.8434696197509766,0.4449334740638733
YOR310C,YCL004W,0,-0.9423779,0.15977336466312408,0.8434696197509766,0.4450335204601288
YLR295C,YNL110C,0,-0.94243395,0.15974320471286774,0.8434696197509766,0.4451335370540619
YLR301W,YJL149W,0,-0.94267565,0.1597130447626114,0.8434696197509766,0.4452335834503174
YDR254W,YNL223W,0,-0.94284385,0.15968289971351624,0.8434696197509766,0.4453336000442505
YEL040W,YDR262W,0,-0.94284844,0.15965276956558228,0.8434696197509766,0.4454336166381836
YKL041W,YDR218C,0,-0.9431006,0.15962263941764832,0.8434696197509766,0.4455336630344391
YDR206W,YLR136C,1,-0.94375813,0.15978117287158966,0.8444666266441345,0.4455336630344391
YCL074W,YDR131C,0,-0.94419795,0.1597510427236557,0.8444666266441345,0.4456336796283722
YDR429C,YOR275C,0,-0.94441,0.15972091257572174,0.8444666266441345,0.4457337260246277
YMR117C,YFR045W,0,-0.9446012,0.15969079732894897,0.8444666266441345,0.4458337426185608
YDL216C,YER137C,0,-0.94508547,0.1596606969833374,0.8444666266441345,0.4459337890148163
YGL014W,YIL132C,0,-0.9459334,0.15963061153888702,0.8444666266441345,0.4460338056087494
YLR316C,YPL096W,0,-0.9460159,0.15960052609443665,0.8444666266441345,0.4461338520050049
YHR209W,YLR268W,0,-0.9464034,0.15957045555114746,0.8444666266441345,0.446233868598938
YLR080W,YGR036C,0,-0.9469286,0.15954039990901947,0.8444666266441345,0.4463339149951935
YJR010W,YKL094W,0,-0.94791454,0.15951035916805267,0.8444666266441345,0.4464339315891266
YDL059C,YJR112W,0,-0.9484436,0.15948031842708588,0.8444666266441345,0.4465339481830597
YLR145W,YBL092W,0,-0.94864583,0.15945030748844147,0.8444666266441345,0.4466339945793152
YER117W,YDR207C,0,-0.94868004,0.15942029654979706,0.8444666266441345,0.4467340111732483
YPL029W,YIL038C,1,-0.9490644,0.15957847237586975,0.8454636335372925,0.4467340111732483
YMR117C,YHR082C,0,-0.94923353,0.15954844653606415,0.8454636335372925,0.4468340575695038
YHR175W,YPR083W,0,-0.94929665,0.15951843559741974,0.8454636335372925,0.4469340741634369
YJL114W,YDR062W,0,-0.94948536,0.15948843955993652,0.8454636335372925,0.4470341205596924
YCL008C,YNL304W,0,-0.94956523,0.1594584435224533,0.8454636335372925,0.4471341371536255
YKL144C,YDR226W,0,-0.9495964,0.1594284623861313,0.8454636335372925,0.447234183549881
YIL134W,YLR305C,0,-0.9501119,0.15939849615097046,0.8454636335372925,0.4473342001438141
YLR295C,YKR035W-A,0,-0.9501176,0.15936854481697083,0.8454636335372925,0.4474342167377472
YBR129C,YGL051W,0,-0.9505181,0.1593385934829712,0.8454636335372925,0.4475342631340027
YEL029C,YER052C,0,-0.9507117,0.15930865705013275,0.8454636335372925,0.4476342797279358
YHR047C,YKL074C,0,-0.9512472,0.1592787355184555,0.8454636335372925,0.4477343261241913
YPR137W,YOR351C,0,-0.95144516,0.15924882888793945,0.8454636335372925,0.4478343427181244
YMR300C,YLR350W,0,-0.9515799,0.1592189222574234,0.8454636335372925,0.4479343891143799
YPL094C,YJL191W,0,-0.9516582,0.15918903052806854,0.8454636335372925,0.448034405708313
YFR033C,YOL054W,0,-0.9516643,0.15915915369987488,0.8454636335372925,0.4481344521045685
YER185W,YGR285C,0,-0.9518379,0.1591292917728424,0.8454636335372925,0.4482344686985016
YHL012W,YKL161C,0,-0.95209706,0.15909942984580994,0.8454636335372925,0.4483345150947571
YPL082C,YNL070W,0,-0.9525789,0.15906959772109985,0.8454636335372925,0.4484345316886902
YPR167C,YJR034W,0,-0.95331347,0.15903976559638977,0.8454636335372925,0.4485345482826233
YKR066C,YNR015W,0,-0.9534829,0.1590099334716797,0.8454636335372925,0.4486345946788788
YDR351W,YAR027W,0,-0.9539319,0.158980131149292,0.8454636335372925,0.4487346112728119
YCR035C,YDR404C,1,-0.954255,0.1591377705335617,0.8464606404304504,0.4487346112728119
YOR291W,YLR080W,0,-0.9551561,0.15910795331001282,0.8464606404304504,0.4488346576690674
YLR278C,YBR074W,0,-0.9555223,0.15907813608646393,0.8464606404304504,0.4489346742630005
YPL083C,YKR035W-A,0,-0.9560226,0.15904833376407623,0.8464606404304504,0.449034720659256
YDR411C,YGL148W,0,-0.956321,0.15901854634284973,0.8464606404304504,0.4491347372531891
YNL001W,YER035W,1,-0.9564531,0.1591760367155075,0.8474576473236084,0.4491347372531891
YOR323C,YGL094C,0,-0.95746475,0.1591462343931198,0.8474576473236084,0.4492347836494446
YDR371W,YBR080C,0,-0.9578892,0.15911643207073212,0.8474576473236084,0.4493348002433777
YDR082W,YPR125W,0,-0.9579346,0.1590866595506668,0.8474576473236084,0.4494348168373108
YHR214C-B,YBR172C,0,-0.95802695,0.1590568870306015,0.8474576473236084,0.4495348632335663
YJR036C,YOR020C,0,-0.95860285,0.1590271294116974,0.8474576473236084,0.4496348798274994
YPL276W,YJR140C,0,-0.9586252,0.15899738669395447,0.8474576473236084,0.4497349262237549
YDL246C,YJL141C,0,-0.9586781,0.15896764397621155,0.8474576473236084,0.449834942817688
YDR090C,YKL041W,0,-0.9587133,0.15893791615962982,0.8474576473236084,0.4499349892139435
YNL138W,YPL011C,0,-0.9590527,0.1589082032442093,0.8474576473236084,0.4500350058078766
YBR275C,YKR002W,0,-0.959062,0.15887850522994995,0.8474576473236084,0.4501350522041321
YBL005W-B,YMR008C,0,-0.9592095,0.1588488072156906,0.8474576473236084,0.4502350687980652
YJR119C,YGR285C,0,-0.95937335,0.15881913900375366,0.8474576473236084,0.4503351151943207
YDL054C,YPL082C,0,-0.9597192,0.1587894707918167,0.8474576473236084,0.4504351317882538
YGL107C,YLR363C,1,-0.9602426,0.15894658863544464,0.8484546542167664,0.4504351317882538
YPL213W,YDR454C,0,-0.96031475,0.1589169055223465,0.8484546542167664,0.4505351483821869
YGL051W,YGR276C,0,-0.96040565,0.15888722240924835,0.8484546542167664,0.4506351947784424
YER137C-A,YIL083C,0,-0.96050036,0.1588575690984726,0.8484546542167664,0.4507352113723755
YNL117W,YDR389W,0,-0.96066105,0.15882791578769684,0.8484546542167664,0.450835257768631
YKR066C,YGL256W,0,-0.96081996,0.15879827737808228,0.8484546542167664,0.4509352743625641
YOR001W,YER035W,1,-0.9609241,0.15895523130893707,0.8494516611099243,0.4509352743625641
YAL063C,YPL065W,0,-0.9610752,0.15892557799816132,0.8494516611099243,0.4510353207588196
YHR004C,YFR036W,0,-0.96145046,0.15889593958854675,0.8494516611099243,0.4511353373527527
YOR378W,YDR429C,0,-0.9618708,0.1588663011789322,0.8494516611099243,0.4512353837490082
YLR047C,YDL097C,0,-0.96189946,0.15883669257164001,0.8494516611099243,0.4513354003429413
YNL282W,YLR042C,0,-0.9623198,0.15880708396434784,0.8494516611099243,0.4514354169368744
YJR021C,YPL208W,0,-0.9624942,0.15877749025821686,0.8494516611099243,0.4515354633331299
YDR530C,YEL029C,0,-0.9627125,0.15874789655208588,0.8494516611099243,0.451635479927063
YPL151C,YAL024C,0,-0.9627285,0.15871833264827728,0.8494516611099243,0.4517355263233185
YEL043W,YLR300W,0,-0.9628856,0.1586887687444687,0.8494516611099243,0.4518355429172516
YDR371W,YOR239W,0,-0.9632034,0.1586592197418213,0.8494516611099243,0.4519355893135071
YKR103W,YMR194W,0,-0.9632562,0.1586296707391739,0.8494516611099243,0.4520356059074402
YML071C,YMR295C,0,-0.96394897,0.15860015153884888,0.8494516611099243,0.4521356523036957
YGL158W,YPL042C,0,-0.9640538,0.15857063233852386,0.8494516611099243,0.4522356688976288
YMR061W,YOL026C,0,-0.9646249,0.15854112803936005,0.8494516611099243,0.4523357152938843
YML071C,YDL097C,0,-0.9646782,0.15851162374019623,0.8494516611099243,0.4524357318878174
YMR019W,YKL041W,0,-0.9654228,0.1584821492433548,0.8494516611099243,0.4525357484817505
YOL115W,YCR093W,1,-0.96621305,0.15863864123821259,0.8504486680030823,0.4525357484817505
YKR056W,YLR390W,0,-0.9664299,0.15860915184020996,0.8504486680030823,0.452635794878006
YFR013W,YBL079W,0,-0.96664834,0.15857966244220734,0.8504486680030823,0.4527358114719391
YDR383C,YER046W,0,-0.9666553,0.1585501879453659,0.8504486680030823,0.4528358578681946
YDR082W,YDR410C,0,-0.9673326,0.15852072834968567,0.8504486680030823,0.4529358744621277
YPL104W,YOL090W,0,-0.9674274,0.15849126875400543,0.8504486680030823,0.4530359208583832
YOL052C,YNL274C,0,-0.9674965,0.1584618240594864,0.8504486680030823,0.4531359374523163
YHR066W,YAL017W,0,-0.967734,0.15843239426612854,0.8504486680030823,0.4532359838485718
YPR189W,YPR001W,0,-0.96798533,0.1584029644727707,0.8504486680030823,0.4533360004425049
YGR271W,YLR160C,0,-0.9683905,0.15837356448173523,0.8504486680030823,0.453436017036438
YIL035C,YGR185C,0,-0.96843046,0.15834416449069977,0.8504486680030823,0.4535360634326935
YKR071C,YBR052C,0,-0.9689712,0.1583147794008255,0.8504486680030823,0.4536360800266266
YFR021W,YDR404C,0,-0.96936774,0.15828539431095123,0.8504486680030823,0.4537361264228821
YGL236C,YML049C,0,-0.96960366,0.15825602412223816,0.8504486680030823,0.4538361430168152
YGL158W,YMR099C,0,-0.96962345,0.15822666883468628,0.8504486680030823,0.4539361894130707
YDR146C,YMR176W,0,-0.969664,0.1581973284482956,0.8504486680030823,0.4540362060070038
YBR150C,YDR081C,0,-0.97014713,0.1581680029630661,0.8504486680030823,0.4541362524032593
YIL095W,YMR034C,0,-0.97021896,0.1581386774778366,0.8504486680030823,0.4542362689971924
YOR301W,YMR321C,0,-0.9706908,0.1581093668937683,0.8504486680030823,0.4543363153934479
YBR155W,YDR497C,0,-0.9716251,0.1580800563097,0.8504486680030823,0.454436331987381
YIL139C,YLR330W,0,-0.9718101,0.1580507755279541,0.8504486680030823,0.4545363485813141
YOR148C,YNL219C,0,-0.9722576,0.1580214947462082,0.8504486680030823,0.4546363949775696
YDR151C,YHR077C,1,-0.9723679,0.1581774353981018,0.8514456748962402,0.4546363949775696
YKL182W,YGL169W,0,-0.97241306,0.1581481546163559,0.8514456748962402,0.4547364115715027
YDR371W,YOL004W,0,-0.97259504,0.15811887383460999,0.8514456748962402,0.4548364579677582
YEL069C,YJR070C,0,-0.97280204,0.15808959305286407,0.8514456748962402,0.4549364745616913
YGR109W-B,YDL227C,0,-0.9728545,0.15806034207344055,0.8514456748962402,0.4550365209579468
YOR388C,YER171W,0,-0.97334135,0.15803109109401703,0.8514456748962402,0.4551365375518799
YIL020C,YMR300C,0,-0.9733811,0.1580018550157547,0.8514456748962402,0.4552365839481354
YMR284W,YFL033C,0,-0.9734099,0.15797261893749237,0.8514456748962402,0.4553366005420685
YPL064C,YER087W,0,-0.97346294,0.15794341266155243,0.8514456748962402,0.4554366171360016
YNL153C,YPL065W,0,-0.9736186,0.1579142063856125,0.8514456748962402,0.4555366635322571
YNL153C,YDL111C,0,-0.9741808,0.15788500010967255,0.8514456748962402,0.4556366801261902
YGL014W,YNL016W,1,-0.97443724,0.15804067254066467,0.8524426817893982,0.4556366801261902
YOL107W,YPL208W,0,-0.97459453,0.15801145136356354,0.8524426817893982,0.4557367265224457
YDR419W,YNL026W,0,-0.9746615,0.1579822599887848,0.8524426817893982,0.4558367431163788
YKL208W,YNR052C,1,-0.9750637,0.15813781321048737,0.8534396886825562,0.4558367431163788
YNL178W,YAR035W,0,-0.97543764,0.15810860693454742,0.8534396886825562,0.4559367895126343
YGL233W,YJR034W,0,-0.9756253,0.15807941555976868,0.8534396886825562,0.4560368061065674
YLL013C,YDL102W,1,-0.9760702,0.1582348644733429,0.8544366955757141,0.4560368061065674
YFL014W,YLR073C,0,-0.9762529,0.15820564329624176,0.8544366955757141,0.4561368525028229
YJR028W,YGL212W,0,-0.9781416,0.158176451921463,0.8544366955757141,0.456236869096756
YDR174W,YNL262W,0,-0.97892356,0.15814726054668427,0.8544366955757141,0.4563369154930115
YMR054W,YOL102C,0,-0.979091,0.1581180840730667,0.8544366955757141,0.4564369320869446
YKR020W,YMR300C,0,-0.9795198,0.15808890759944916,0.8544366955757141,0.4565369486808777
YOL066C,YBR223C,0,-0.9795244,0.158059760928154,0.8544366955757141,0.4566369950771332
YDL179W,YMR077C,0,-0.98008347,0.15803061425685883,0.8544366955757141,0.4567370116710663
YNR017W,YGL183C,0,-0.98045236,0.15800146758556366,0.8544366955757141,0.4568370580673218
YDR473C,YPL065W,0,-0.9806052,0.15797235071659088,0.8544366955757141,0.4569370746612549
YDR164C,YBR115C,0,-0.98063016,0.1579432338476181,0.8544366955757141,0.4570371210575104
YKL078W,YHL034C,0,-0.9810266,0.15791413187980652,0.8544366955757141,0.4571371376514435
YGL186C,YOR123C,0,-0.981046,0.15788504481315613,0.8544366955757141,0.457237184047699
YER087W,YBR031W,0,-0.98114944,0.15785595774650574,0.8544366955757141,0.4573372006416321
YBL041W,YNL052W,0,-0.981228,0.15782688558101654,0.8544366955757141,0.4574372172355652
YML032C,YJL187C,0,-0.9815093,0.15779782831668854,0.8544366955757141,0.4575372636318207
YIL139C,YOL040C,0,-0.9815437,0.15776877105236053,0.8544366955757141,0.4576372802257538
YOR147W,YFL001W,0,-0.9817436,0.15773974359035492,0.8544366955757141,0.4577373266220093
YOR076C,YPR042C,1,-0.9818305,0.15789473056793213,0.8554337024688721,0.4577373266220093
YNL163C,YNR035C,0,-0.9818927,0.15786568820476532,0.8554337024688721,0.4578373432159424
YJL194W,YNL283C,0,-0.98275626,0.1578366458415985,0.8554337024688721,0.4579373896121979
YGL209W,YGR175C,0,-0.9827618,0.1578076183795929,0.8554337024688721,0.458037406206131
YGL050W,YMR272C,0,-0.9830444,0.15777859091758728,0.8554337024688721,0.4581374526023865
YDR419W,YER154W,0,-0.98310465,0.15774959325790405,0.8554337024688721,0.4582374691963196
YER035W,YJL208C,1,-0.98320293,0.15790441632270813,0.85643070936203,0.4582374691963196
YGR225W,YDR306C,0,-0.98339295,0.15787538886070251,0.85643070936203,0.4583375155925751
YEL053C,YDL170W,0,-0.9844083,0.1578463762998581,0.85643070936203,0.4584375321865082
YMR005W,YKL094W,0,-0.98487914,0.15781737864017487,0.85643070936203,0.4585375487804413
YGR027C,YPL208W,0,-0.9853195,0.15778839588165283,0.85643070936203,0.4586375951766968
YJL206C,YDL148C,0,-0.9855981,0.1577594131231308,0.85643070936203,0.4587376117706299
YPL150W,YDR451C,0,-0.9860512,0.15773044526576996,0.85643070936203,0.4588376581668854
YLR187W,YDR470C,0,-0.9863333,0.1577014923095703,0.85643070936203,0.4589376747608185
YKL180W,YER145C,0,-0.986592,0.15767253935337067,0.85643070936203,0.459037721157074
YBL005W-B,YDL021W,0,-0.98676604,0.15764360129833221,0.85643070936203,0.4591377377510071
YLR285W,YPL196W,0,-0.98703367,0.15761467814445496,0.85643070936203,0.4592377841472626
YBR006W,YOR279C,0,-0.9871583,0.1575857698917389,0.85643070936203,0.4593378007411957
YDR285W,YLR410W-B,0,-0.9871922,0.15755686163902283,0.85643070936203,0.4594378173351288
YCL074W,YGR258C,0,-0.98732114,0.15752796828746796,0.85643070936203,0.4595378637313843
YNL080C,YLR325C,0,-0.9873637,0.15749908983707428,0.85643070936203,0.4596378803253174
YJL209W,YER035W,1,-0.9874636,0.15765352547168732,0.857427716255188,0.4596378803253174
YOL010W,YDR518W,0,-0.98750734,0.15762463212013245,0.857427716255188,0.4597379267215729
YNL232W,YER068W,1,-0.9875238,0.15777899324893951,0.858424723148346,0.4597379267215729
YLL002W,YGL225W,0,-0.987648,0.15775008499622345,0.858424723148346,0.459837943315506
YGL148W,YOR180C,0,-0.98777264,0.15772119164466858,0.858424723148346,0.4599379897117615
YPL213W,YGL183C,0,-0.9879324,0.1576923131942749,0.858424723148346,0.4600380063056946
YJR021C,YLR380W,0,-0.9880021,0.15766343474388123,0.858424723148346,0.4601380527019501
YEL069C,YLR251W,0,-0.9880765,0.15763457119464874,0.858424723148346,0.4602380692958832
YGL222C,YGR158C,1,-0.98910403,0.15778875350952148,0.8594217300415039,0.4602380692958832
YGR109W-B,YDL061C,0,-0.9893971,0.157759889960289,0.8594217300415039,0.46033811569213867
YCL025C,YOR351C,0,-0.9896729,0.15773101150989532,0.8594217300415039,0.4604381322860718
YLR157C,YDR392W,0,-0.9900853,0.15770216286182404,0.8594217300415039,0.4605381488800049
YMR146C,YCL052C,0,-0.99016774,0.15767331421375275,0.8594217300415039,0.4606381952762604
YGL186C,YDR369C,0,-0.99036956,0.15764448046684265,0.8594217300415039,0.4607382118701935
YKL175W,YDR403W,0,-0.99038464,0.15761564671993256,0.8594217300415039,0.460838258266449
YMR300C,YNL290W,0,-0.9905243,0.15758684277534485,0.8594217300415039,0.4609382748603821
YBR282W,YLL012W,0,-0.99062383,0.15755803883075714,0.8594217300415039,0.4610383212566376
YDR263C,YDR281C,0,-0.9907965,0.15752923488616943,0.8594217300415039,0.4611383378505707
YOL145C,YKL067W,0,-0.99083614,0.1575004607439041,0.8594217300415039,0.46123838424682617
YJR107W,YDL179W,0,-0.9911543,0.1574716866016388,0.8594217300415039,0.4613384008407593
YMR241W,YOR297C,0,-0.9912765,0.15744292736053467,0.8594217300415039,0.4614384174346924
YPL167C,YJL128C,0,-0.99138284,0.15741416811943054,0.8594217300415039,0.4615384638309479
YOR076C,YDR206W,1,-0.9915198,0.15756800770759583,0.8604187369346619,0.4615384638309479
YJR119C,YGR177C,0,-0.99194807,0.1575392484664917,0.8604187369346619,0.461638480424881
YJR147W,YHL034C,0,-0.9919889,0.15751048922538757,0.8604187369346619,0.4617385268211365
YHR030C,YCL008C,0,-0.9923593,0.15748174488544464,0.8604187369346619,0.4618385434150696
YLL051C,YNL282W,0,-0.992604,0.1574530154466629,0.8604187369346619,0.4619385898113251
YIL143C,YOR261C,0,-0.99283445,0.15742430090904236,0.8604187369346619,0.4620386064052582
YDR079W,YDR205W,0,-0.9928471,0.15739558637142181,0.8604187369346619,0.46213865280151367
YOR106W,YDR173C,0,-0.9937297,0.15736688673496246,0.8604187369346619,0.4622386693954468
YLR244C,YNL262W,0,-0.9938625,0.1573382019996643,0.8604187369346619,0.46233871579170227
YGR177C,YGL163C,0,-0.99428326,0.15730951726436615,0.8604187369346619,0.4624387323856354
YOR232W,YOR338W,0,-0.99439085,0.1572808474302292,0.8604187369346619,0.4625387489795685
YGL186C,YDR205W,0,-0.9946009,0.15725219249725342,0.8604187369346619,0.462638795375824
YDL133C-A,YDR389W,0,-0.9946677,0.15722353756427765,0.8604187369346619,0.4627388119697571
YKL217W,YER175C,0,-0.99470425,0.15719489753246307,0.8604187369346619,0.4628388583660126
YOR304W,YMR034C,0,-0.9949401,0.1571662724018097,0.8604187369346619,0.4629388749599457
YBR125C,YKR102W,0,-0.9953064,0.1571376621723175,0.8604187369346619,0.46303892135620117
YIL140W,YLR050C,0,-0.99542594,0.15710905194282532,0.8604187369346619,0.4631389379501343
YJL134W,YDR240C,0,-0.9955244,0.15708045661449432,0.8604187369346619,0.46323898434638977
YOR142W-B,YBR067C,0,-0.9957018,0.15705186128616333,0.8604187369346619,0.4633390009403229
YBR067C,YHR057C,0,-0.9965451,0.15702329576015472,0.8604187369346619,0.463439017534256
YLL013C,YPL029W,1,-0.996999,0.1571766436100006,0.8614157438278198,0.463439017534256
YLL034C,YJL079C,0,-0.9973768,0.15714804828166962,0.8614157438278198,0.4635390639305115
YGR180C,YDR146C,0,-0.9984919,0.157119482755661,0.8614157438278198,0.4636390805244446
YJL140W,YKL180W,0,-0.9985448,0.1570909023284912,0.8614157438278198,0.4637391269207001
YBR170C,YER137C,0,-0.99859875,0.1570623517036438,0.8614157438278198,0.4638391435146332
YOR076C,YCR093W,1,-0.9986061,0.15721555054187775,0.8624127507209778,0.4638391435146332
YDL171C,YMR176W,0,-0.99887884,0.15718698501586914,0.8624127507209778,0.46393918991088867
YAL021C,YLR136C,1,-0.99902546,0.15734010934829712,0.8634097576141357,0.46393918991088867
YDL061C,YBR096W,0,-0.999931,0.15731152892112732,0.8634097576141357,0.4640392065048218
YER137C-A,YPL050C,0,-1.0001326,0.1572829633951187,0.8634097576141357,0.46413925290107727
YMR089C,YDL142C,0,-1.0002047,0.1572543978691101,0.8634097576141357,0.4642392694950104
YHR214C-B,YLR410W-B,0,-1.0002627,0.1572258472442627,0.8634097576141357,0.46433931589126587
YCL074W,YOL165C,0,-1.0003762,0.15719731152057648,0.8634097576141357,0.464439332485199
YGL180W,YLR325C,0,-1.000404,0.15716879069805145,0.8634097576141357,0.4645393490791321
YDR494W,YPL065W,0,-1.0006198,0.15714026987552643,0.8634097576141357,0.4646393954753876
YEL012W,YIL042C,0,-1.0008923,0.1571117490530014,0.8634097576141357,0.4647394120693207
YDR196C,YPR152C,0,-1.001257,0.15708325803279877,0.8634097576141357,0.46483945846557617
YPR194C,YMR308C,0,-1.0016775,0.15705476701259613,0.8634097576141357,0.4649394750595093
YOL043C,YER090W,0,-1.0017338,0.1570262908935547,0.8634097576141357,0.46503952145576477
YMR276W,YHR109W,0,-1.0018992,0.15699782967567444,0.8634097576141357,0.4651395380496979
YBL058W,YER087W,0,-1.0020815,0.1569693684577942,0.8634097576141357,0.46523958444595337
YDR196C,YER087W,0,-1.0034298,0.15694092214107513,0.8634097576141357,0.4653396010398865
YLR043C,YGL169W,0,-1.0035529,0.15691249072551727,0.8634097576141357,0.4654396176338196
YMR284W,YDL022W,0,-1.003713,0.1568840593099594,0.8634097576141357,0.4655396640300751
YKR055W,YJR103W,0,-1.0037993,0.15685564279556274,0.8634097576141357,0.4656396806240082
YKL208W,YDR378C,1,-1.0039104,0.1570083349943161,0.8644067645072937,0.4656396806240082
YPL096W,YCR002C,0,-1.0040948,0.15697990357875824,0.8644067645072937,0.46573972702026367
YDR083W,YIL006W,0,-1.0051216,0.15695148706436157,0.8644067645072937,0.4658397436141968
YLR380W,YDR207C,0,-1.0054957,0.1569230705499649,0.8644067645072937,0.46593979001045227
YDL142C,YLR213C,0,-1.0060009,0.15689468383789062,0.8644067645072937,0.4660398066043854
YGR281W,YBR020W,0,-1.0061857,0.15686629712581635,0.8644067645072937,0.46613985300064087
YER035W,YHR077C,1,-1.0062462,0.15701881051063538,0.8654037714004517,0.46613985300064087
YDR210C-C,YDR131C,0,-1.0062658,0.1569904088973999,0.8654037714004517,0.466239869594574
YDR082W,YDR205W,0,-1.0062817,0.15696202218532562,0.8654037714004517,0.46633991599082947
YOR226C,YEL056W,0,-1.0064541,0.15693365037441254,0.8654037714004517,0.4664399325847626
YAL016W,YGR229C,0,-1.006596,0.15690527856349945,0.8654037714004517,0.4665399491786957
YPR026W,YLR073C,0,-1.0069064,0.15687692165374756,0.8654037714004517,0.46663999557495117
YNL283C,YER137C-A,0,-1.0071988,0.15684857964515686,0.8654037714004517,0.4667400121688843
YAL016W,YNL092W,0,-1.0073059,0.15682023763656616,0.8654037714004517,0.46684005856513977
YLR329W,YLR394W,0,-1.0074561,0.15679191052913666,0.8654037714004517,0.4669400751590729
YGL241W,YLR153C,0,-1.0076187,0.15676358342170715,0.8654037714004517,0.46704012155532837
YHR056C,YDR364C,0,-1.0080932,0.15673528611660004,0.8654037714004517,0.4671401381492615
YMR319C,YGL148W,0,-1.0081738,0.15670698881149292,0.8654037714004517,0.46724018454551697
YLR383W,YOL004W,0,-1.0083374,0.156678706407547,0.8654037714004517,0.4673402011394501
YML099C,YMR272C,0,-1.0083643,0.15665042400360107,0.8654037714004517,0.4674402177333832
YGR180C,YOR261C,0,-1.0083845,0.15662215650081635,0.8654037714004517,0.46754026412963867
YIL159W,YPR159W,0,-1.0084136,0.1565939038991928,0.8654037714004517,0.4676402807235718
YPL274W,YJL128C,0,-1.0084456,0.15656565129756927,0.8654037714004517,0.46774032711982727
YOR251C,YJL085W,0,-1.008517,0.15653742849826813,0.8654037714004517,0.4678403437137604
YNL230C,YDR281C,0,-1.0091195,0.1565091907978058,0.8654037714004517,0.46794039011001587
YLR206W,YIL046W,0,-1.0091738,0.15648098289966583,0.8654037714004517,0.468040406703949
YNL147W,YFL017W-A,0,-1.0094053,0.15645277500152588,0.8654037714004517,0.46814045310020447
YDR233C,YNL262W,0,-1.0102677,0.15642458200454712,0.8654037714004517,0.4682404696941376
YOR126C,YDR499W,0,-1.0109338,0.15639638900756836,0.8654037714004517,0.46834051609039307
YDR174W,YGL051W,0,-1.0109468,0.156368225812912,0.8654037714004517,0.46844053268432617
YDR034C,YKR006C,0,-1.0113136,0.15634006261825562,0.8654037714004517,0.4685405492782593
YJL214W,YDL208W,0,-1.0113136,0.15631189942359924,0.8654037714004517,0.46864059567451477
YKL201C,YOR353C,0,-1.011567,0.15628376603126526,0.8654037714004517,0.4687406122684479
YOL103W-B,YOR148C,0,-1.011871,0.15625563263893127,0.8654037714004517,0.46884065866470337
YDL070W,YPR133W-A,0,-1.0120491,0.1562274992465973,0.8654037714004517,0.4689406752586365
YKL078W,YLR043C,0,-1.0122654,0.1561993807554245,0.8654037714004517,0.46904072165489197
YNL163C,YOL158C,0,-1.012325,0.1561712920665741,0.8654037714004517,0.4691407382488251
YNL131W,YOR279C,0,-1.0124379,0.1561431884765625,0.8654037714004517,0.46924078464508057
YMR180C,YML036W,0,-1.0126184,0.1561151146888733,0.8654037714004517,0.46934080123901367
YDL024C,YIL079C,0,-1.0128074,0.15608704090118408,0.8654037714004517,0.4694408178329468
YGR225W,YDL059C,0,-1.0128664,0.15605896711349487,0.8654037714004517,0.46954086422920227
YDR254W,YHR214C-B,0,-1.0129002,0.15603092312812805,0.8654037714004517,0.4696408808231354
YHR069C,YOR173W,1,-1.013167,0.15618260204792023,0.8664007782936096,0.4696408808231354
YJR083C,YGL174W,0,-1.0132787,0.1561545431613922,0.8664007782936096,0.46974092721939087
YER112W,YDL102W,1,-1.0141586,0.15630614757537842,0.8673977851867676,0.46974092721939087
YKL038W,YKL206C,0,-1.0143448,0.1562780737876892,0.8673977851867676,0.469840943813324
YDR131C,YOR294W,0,-1.0143846,0.15625,0.8673977851867676,0.46994099020957947
YJR127C,YEL041W,0,-1.0149529,0.15622194111347198,0.8673977851867676,0.4700410068035126
YHR132C,YDL225W,0,-1.0149902,0.15619389712810516,0.8673977851867676,0.47014105319976807
YKR057W,YDL140C,0,-1.0150183,0.15616585314273834,0.8673977851867676,0.47024106979370117
YPR111W,YML128C,0,-1.0151284,0.1561378389596939,0.8673977851867676,0.47034111618995667
YDR449C,YDR222W,0,-1.0151726,0.15610980987548828,0.8673977851867676,0.47044113278388977
YJR006W,YMR099C,0,-1.0156257,0.15608181059360504,0.8673977851867676,0.4705411493778229
YIR025W,YJL095W,0,-1.0156391,0.1560538113117218,0.8673977851867676,0.47064119577407837
YJL081C,YLR042C,0,-1.0157602,0.15602582693099976,0.8673977851867676,0.4707412123680115
YHR079C,YIR032C,0,-1.0159318,0.1559978425502777,0.8673977851867676,0.47084125876426697
YBR275C,YDL061C,0,-1.0161096,0.15596988797187805,0.8673977851867676,0.4709412753582001
YNL284C-A,YNR057C,0,-1.0167352,0.1559419184923172,0.8673977851867676,0.47104132175445557
YLR425W,YGR084C,0,-1.0168252,0.15591397881507874,0.8673977851867676,0.47114133834838867
YLR153C,YDL047W,0,-1.0170566,0.15588603913784027,0.8673977851867676,0.47124138474464417
YDL059C,YMR186W,0,-1.0171702,0.155858114361763,0.8673977851867676,0.47134140133857727
YOL045W,YMR308C,0,-1.017224,0.15583020448684692,0.8673977851867676,0.4714414179325104
YGR155W,YEL029C,0,-1.0173953,0.15580229461193085,0.8673977851867676,0.47154146432876587
YOL112W,YOR216C,0,-1.0174713,0.15577439963817596,0.8673977851867676,0.471641480922699
YOR274W,YBR150C,0,-1.0176942,0.15574650466442108,0.8673977851867676,0.47174152731895447
YBL098W,YMR304W,0,-1.0177469,0.1557186394929886,0.8673977851867676,0.4718415439128876
YOR388C,YOL038W,0,-1.0178165,0.1556907594203949,0.8673977851867676,0.47194159030914307
YMR182C,YJR053W,0,-1.0179744,0.1556629091501236,0.8673977851867676,0.47204160690307617
YHR030C,YNL117W,0,-1.0179777,0.1556350588798523,0.8673977851867676,0.47214165329933167
YGR285C,YJL053W,0,-1.0180178,0.1556072235107422,0.8673977851867676,0.47224166989326477
YDR164C,YDL078C,0,-1.018061,0.15557940304279327,0.8673977851867676,0.47234171628952026
YHR211W,YDL022W,0,-1.0183935,0.15555158257484436,0.8673977851867676,0.47244173288345337
YKR071C,YGL037C,0,-1.0185958,0.15552377700805664,0.8673977851867676,0.4725417494773865
YPL134C,YNR018W,0,-1.0187402,0.15549597144126892,0.8673977851867676,0.47264179587364197
YKL210W,YDR207C,0,-1.0190268,0.1554681956768036,0.8673977851867676,0.4727418124675751
YKR019C,YNL259C,0,-1.0191541,0.15544041991233826,0.8673977851867676,0.47284185886383057
YLR395C,YKR103W,0,-1.0200292,0.15541264414787292,0.8673977851867676,0.47294187545776367
YMR033W,YPR001W,0,-1.0201845,0.1553848832845688,0.8673977851867676,0.47304192185401917
YDR281C,YML056C,0,-1.0202938,0.15535713732242584,0.8673977851867676,0.47314193844795227
YGL212W,YNR044W,0,-1.020622,0.1553294062614441,0.8673977851867676,0.47324198484420776
YPR001W,YPL196W,0,-1.0209635,0.15530167520046234,0.8673977851867676,0.47334200143814087
YDR476C,YKL144C,0,-1.0210848,0.15527395904064178,0.8673977851867676,0.473442018032074
YKL126W,YEL022W,0,-1.021093,0.15524625778198242,0.8673977851867676,0.47354206442832947
YCL036W,YPR163C,0,-1.0211279,0.15521855652332306,0.8673977851867676,0.4736420810222626
YDR460W,YNL236W,0,-1.0213771,0.1551908701658249,0.8673977851867676,0.47374212741851807
YEL012W,YDL024C,0,-1.0213771,0.15516318380832672,0.8673977851867676,0.47384214401245117
YAL063C,YHR156C,0,-1.0214752,0.15513552725315094,0.8673977851867676,0.47394219040870667
YOR343W-B,YHR079C,0,-1.0216277,0.15510785579681396,0.8673977851867676,0.47404220700263977
YLR141W,YDR470C,0,-1.021637,0.15508021414279938,0.8673977851867676,0.47414225339889526
YDL245C,YPL104W,0,-1.0219171,0.1550525724887848,0.8673977851867676,0.47424226999282837
YDL024C,YKL003C,0,-1.0219624,0.1550249457359314,0.8673977851867676,0.47434231638908386
YIL095W,YOL158C,0,-1.0225469,0.1549973338842392,0.8673977851867676,0.47444233298301697
YJR119C,YML056C,0,-1.0225564,0.154969722032547,0.8673977851867676,0.4745423495769501
YMR182C,YNR031C,0,-1.0226022,0.154942125082016,0.8673977851867676,0.47464239597320557
YPL078C,YGL226C-A,0,-1.0228688,0.15491452813148499,0.8673977851867676,0.47474241256713867
YDR205W,YGR070W,0,-1.0233169,0.15488694608211517,0.8673977851867676,0.47484245896339417
YKL007W,YPL223C,0,-1.0234733,0.15485937893390656,0.8673977851867676,0.47494247555732727
YMR008C,YCR014C,0,-1.0234805,0.15483182668685913,0.8673977851867676,0.47504252195358276
YLR163C,YHR085W,0,-1.0241206,0.1548042744398117,0.8673977851867676,0.47514253854751587
YBL076C,YLL043W,0,-1.0243877,0.15477673709392548,0.8673977851867676,0.47524258494377136
YGR034W,YDR240C,0,-1.024666,0.15474919974803925,0.8673977851867676,0.47534260153770447
YLR105C,YOR226C,0,-1.0246725,0.1547216773033142,0.8673977851867676,0.4754426181316376
YNL131W,YDR076W,0,-1.0248592,0.15469416975975037,0.8673977851867676,0.47554266452789307
YDR067C,YGR258C,0,-1.0248976,0.15466666221618652,0.8673977851867676,0.47564268112182617
YMR228W,YFL048C,0,-1.0253092,0.15463916957378387,0.8673977851867676,0.47574272751808167
YJL214W,YOL054W,0,-1.0256758,0.15461169183254242,0.8673977851867676,0.47584274411201477
YPL276W,YJL166W,0,-1.0257711,0.15458422899246216,0.8673977851867676,0.47594279050827026
YLR359W,YDL170W,0,-1.0262042,0.1545567661523819,0.8673977851867676,0.47604280710220337
YLR208W,YPL200W,0,-1.0266042,0.15452930331230164,0.8673977851867676,0.47614285349845886
YJL124C,YPR127W,0,-1.0270661,0.15450187027454376,0.8673977851867676,0.47624287009239197
YDR403W,YOR338W,0,-1.0271393,0.1544744372367859,0.8673977851867676,0.47634291648864746
YMR097C,YPL082C,0,-1.0272834,0.15444700419902802,0.8673977851867676,0.47644293308258057
YJR147W,YCL043C,0,-1.027338,0.15441960096359253,0.8673977851867676,0.47654294967651367
YDR064W,YPL112C,0,-1.027409,0.15439219772815704,0.8673977851867676,0.47664299607276917
YBR196C,YGR032W,0,-1.027562,0.15436479449272156,0.8673977851867676,0.47674301266670227
YKR102W,YGL190C,0,-1.027827,0.15433740615844727,0.8673977851867676,0.47684305906295776
YOR145C,YJL079C,0,-1.02799,0.15431003272533417,0.8673977851867676,0.47694307565689087
YPL002C,YMR296C,0,-1.0280112,0.15428267419338226,0.8673977851867676,0.47704312205314636
YOR142W-B,YML052W,0,-1.0281662,0.15425531566143036,0.8673977851867676,0.47714313864707947
YLR452C,YCR002C,0,-1.0287808,0.15422797203063965,0.8673977851867676,0.47724318504333496
YPR035W,YMR172W,0,-1.0290091,0.15420064330101013,0.8673977851867676,0.47734320163726807
YOL093W,YKL003C,0,-1.0290899,0.15417331457138062,0.8673977851867676,0.47744321823120117
YJR151C,YLR429W,0,-1.0291023,0.1541460007429123,0.8673977851867676,0.47754326462745667
YOL026C,YMR301C,0,-1.0292432,0.15411868691444397,0.8673977851867676,0.47764328122138977
YLL041C,YOL124C,0,-1.0294732,0.15409138798713684,0.8673977851867676,0.47774332761764526
YCL036W,YOL101C,0,-1.0297108,0.1540641039609909,0.8673977851867676,0.47784334421157837
YGL225W,YJL214W,0,-1.0298239,0.15403681993484497,0.8673977851867676,0.47794339060783386
YBL005W-B,YMR034C,0,-1.0300472,0.15400956571102142,0.8673977851867676,0.47804340720176697
YDL171C,YPR083W,0,-1.0303266,0.15398229658603668,0.8673977851867676,0.47814345359802246
YGR109W-B,YGL225W,0,-1.0304033,0.15395505726337433,0.8673977851867676,0.47824347019195557
YNR006W,YOR215C,0,-1.0308233,0.15392781794071198,0.8673977851867676,0.47834351658821106
YGL170C,YIL083C,0,-1.0309025,0.15390057861804962,0.8673977851867676,0.47844353318214417
YDR174W,YLR329W,0,-1.0313284,0.15387336909770966,0.8673977851867676,0.47854354977607727
YHR056C,YJL144W,0,-1.0315753,0.1538461595773697,0.8673977851867676,0.47864359617233276
YOL045W,YBR260C,0,-1.0317378,0.15381895005702972,0.8673977851867676,0.47874361276626587
YGR112W,YKR069W,0,-1.0317856,0.15379175543785095,0.8673977851867676,0.47884365916252136
YGR081C,YLR164W,0,-1.0318125,0.15376457571983337,0.8673977851867676,0.47894367575645447
YPR162C,YKL189W,0,-1.0324169,0.153737410902977,0.8673977851867676,0.47904372215270996
YFR045W,YAL024C,0,-1.0328188,0.1537102460861206,0.8673977851867676,0.47914373874664307
YCR077C,YLR270W,1,-1.0328605,0.15385974943637848,0.8683947920799255,0.47914373874664307
YBR002C,YGR238C,0,-1.0328975,0.1538325697183609,0.8683947920799255,0.47924378514289856
YMR182C,YDR205W,0,-1.0333798,0.15380540490150452,0.8683947920799255,0.47934380173683167
YJR004C,YJR040W,0,-1.0338415,0.15377825498580933,0.8683947920799255,0.47944381833076477
YLR113W,YJL176C,0,-1.0341184,0.15375110507011414,0.8683947920799255,0.47954386472702026
YNR004W,YDR457W,0,-1.0341718,0.15372397005558014,0.8683947920799255,0.47964388132095337
YLR244C,YBR052C,0,-1.0343732,0.15369683504104614,0.8683947920799255,0.47974392771720886
YML051W,YNR067C,0,-1.0343872,0.15366972982883453,0.8683947920799255,0.47984394431114197
YPR011C,YER115C,0,-1.0357822,0.15364262461662292,0.8683947920799255,0.47994399070739746
YHR214C-B,YLR141W,0,-1.035812,0.15361551940441132,0.8683947920799255,0.48004400730133057
YKR066C,YIL159W,0,-1.0359577,0.1535884290933609,0.8683947920799255,0.48014405369758606
YMR093W,YDL198C,0,-1.0361439,0.15356135368347168,0.8683947920799255,0.48024407029151917
YLR410W-B,YNL262W,0,-1.0368602,0.15353427827358246,0.8683947920799255,0.48034411668777466
YBR128C,YCR046C,0,-1.0380818,0.15350723266601562,0.8683947920799255,0.48044413328170776
YNL008C,YIL143C,0,-1.0381459,0.1534801721572876,0.8683947920799255,0.48054414987564087
YMR123W,YMR193W,0,-1.0382148,0.15345314145088196,0.8683947920799255,0.48064419627189636
YIL006W,YNL080C,0,-1.0384481,0.15342611074447632,0.8683947920799255,0.48074421286582947
YKL189W,YPL096W,0,-1.0385008,0.15339908003807068,0.8683947920799255,0.48084425926208496
YIL135C,YOR232W,0,-1.0385793,0.15337207913398743,0.8683947920799255,0.48094427585601807
YDR229W,YDR140W,0,-1.038899,0.15334506332874298,0.8683947920799255,0.48104432225227356
YPL122C,YLL040C,0,-1.0389588,0.15331807732582092,0.8683947920799255,0.48114433884620667
YJL191W,YIR032C,0,-1.039303,0.15329109132289886,0.8683947920799255,0.48124438524246216
YLR256W-A,YJR026W,0,-1.0398234,0.153264120221138,0.8683947920799255,0.48134440183639526
YAR035W,YPL208W,0,-1.0400169,0.15323716402053833,0.8683947920799255,0.48144441843032837
YDL133C-A,YMR097C,0,-1.0400487,0.15321020781993866,0.8683947920799255,0.48154446482658386
YOR243C,YGR238C,0,-1.040294,0.153183251619339,0.8683947920799255,0.48164448142051697
YIL135C,YCR026C,0,-1.0403703,0.1531563252210617,0.8683947920799255,0.48174452781677246
YPL180W,YLR390W,0,-1.0405065,0.15312939882278442,0.8683947920799255,0.48184454441070557
YMR186W,YKL189W,0,-1.0407797,0.15310247242450714,0.8683947920799255,0.48194459080696106
YDR144C,YJR127C,0,-1.0408205,0.15307557582855225,0.8683947920799255,0.48204460740089417
YJR005W,YDR081C,0,-1.0412685,0.15304867923259735,0.8683947920799255,0.48214465379714966
YDR476C,YJR130C,0,-1.0413592,0.15302178263664246,0.8683947920799255,0.48224467039108276
YBR223C,YDL225W,0,-1.0414886,0.15299490094184875,0.8683947920799255,0.48234471678733826
YMR039C,YGL212W,0,-1.0417949,0.15296803414821625,0.8683947920799255,0.48244473338127136
YDL198C,YNR013C,0,-1.041847,0.15294118225574493,0.8683947920799255,0.48254474997520447
YLR105C,YMR020W,0,-1.041895,0.15291433036327362,0.8683947920799255,0.48264479637145996
YLL003W,YNR044W,0,-1.0420355,0.1528874784708023,0.8683947920799255,0.48274481296539307
YGR161W-B,YDR444W,0,-1.0420731,0.15286065638065338,0.8683947920799255,0.48284485936164856
YEL040W,YPR198W,0,-1.0421742,0.15283383429050446,0.8683947920799255,0.48294487595558167
YHR056C,YPL099C,0,-1.042317,0.15280701220035553,0.8683947920799255,0.48304492235183716
YPR091C,YER019C-A,0,-1.0424554,0.152780219912529,0.8683947920799255,0.48314493894577026
YAL021C,YGL173C,1,-1.0427731,0.15292879939079285,0.8693917989730835,0.48314493894577026
YDR172W,YGL226C-A,0,-1.0430317,0.15290197730064392,0.8693917989730835,0.48324498534202576
YIL143C,YML112W,0,-1.0431038,0.1528751701116562,0.8693917989730835,0.48334500193595886
YPR159W,YER002W,0,-1.0432726,0.15284837782382965,0.8693917989730835,0.48344504833221436
YOR301W,YNR004W,0,-1.0434899,0.1528215855360031,0.8693917989730835,0.48354506492614746
YOR194C,YFR052W,0,-1.0438931,0.15279480814933777,0.8693917989730835,0.48364508152008057
YGL158W,YDL208W,0,-1.0441784,0.15276804566383362,0.8693917989730835,0.48374512791633606
YNL016W,YGL148W,0,-1.0444771,0.15274128317832947,0.8693917989730835,0.48384514451026917
YOR283W,YPR162C,0,-1.0445436,0.1527145355939865,0.8693917989730835,0.48394519090652466
YCL036W,YPR137W,0,-1.0448444,0.15268780291080475,0.8693917989730835,0.48404520750045776
YPR190C,YGR143W,0,-1.0452049,0.15266107022762299,0.8693917989730835,0.48414525389671326
YBR096W,YLR309C,0,-1.0454578,0.15263433754444122,0.8693917989730835,0.48424527049064636
YHR004C,YDR403W,0,-1.0456558,0.15260763466358185,0.8693917989730835,0.48434531688690186
YHR074W,YOR340C,0,-1.0458312,0.15258093178272247,0.8693917989730835,0.48444533348083496
YKR020W,YPL027W,0,-1.0465695,0.1525542289018631,0.8693917989730835,0.48454535007476807
YHR059W,YPR159W,0,-1.0466796,0.1525275558233261,0.8693917989730835,0.48464539647102356
YER145C,YGL051W,0,-1.0467402,0.15250086784362793,0.8693917989730835,0.48474541306495667
YLL003W,YGR171C,0,-1.0468284,0.15247420966625214,0.8693917989730835,0.48484545946121216
YOR261C,YLR224W,0,-1.046848,0.15244755148887634,0.8693917989730835,0.48494547605514526
YEL040W,YMR229C,0,-1.0468632,0.15242090821266174,0.8693917989730835,0.48504552245140076
YDL121C,YDR403W,0,-1.0470543,0.15239426493644714,0.8693917989730835,0.48514553904533386
YPR182W,YHR211W,0,-1.0473517,0.15236763656139374,0.8693917989730835,0.48524558544158936
YPR042C,YGL173C,1,-1.047395,0.1525157243013382,0.8703888058662415,0.48524558544158936
YDR411C,YNL267W,0,-1.0476612,0.1524890810251236,0.8703888058662415,0.48534560203552246
YCL036W,YIL133C,0,-1.048792,0.1524624526500702,0.8703888058662415,0.48544564843177795
YDR173C,YLR164W,0,-1.0488733,0.15243582427501678,0.8703888058662415,0.48554566502571106
YLR452C,YKL161C,0,-1.0494845,0.15240921080112457,0.8703888058662415,0.48564568161964417
YOR274W,YGR169C,0,-1.049546,0.15238261222839355,0.8703888058662415,0.48574572801589966
YMR200W,YJR133W,0,-1.0497391,0.15235601365566254,0.8703888058662415,0.48584574460983276
YPR011C,YIL139C,0,-1.0498612,0.1523294299840927,0.8703888058662415,0.48594579100608826
YKR056W,YLR164W,0,-1.0499458,0.15230286121368408,0.8703888058662415,0.48604580760002136
YGR282C,YPR030W,0,-1.0502309,0.15227629244327545,0.8703888058662415,0.48614585399627686
YJL187C,YFL045C,0,-1.0504591,0.15224973857402802,0.8703888058662415,0.48624587059020996
YNL085W,YHL012W,0,-1.0505869,0.15222318470478058,0.8703888058662415,0.48634591698646545
YGL178W,YGL222C,1,-1.0509944,0.15237098932266235,0.8713858127593994,0.48634591698646545
YNL284C-A,YER162C,0,-1.0510774,0.15234443545341492,0.8713858127593994,0.48644593358039856
YDR076W,YIL095W,0,-1.0512487,0.15231788158416748,0.8713858127593994,0.48654595017433167
YNR057C,YPL065W,0,-1.0519553,0.15229134261608124,0.8713858127593994,0.48664599657058716
YLR452C,YFL033C,0,-1.0522022,0.152264803647995,0.8713858127593994,0.48674601316452026
YJR026W,YAL029C,0,-1.0527476,0.15223827958106995,0.8713858127593994,0.48684605956077576
YLR447C,YOL102C,0,-1.0527551,0.1522117704153061,0.8713858127593994,0.48694607615470886
YOR142W-A,YDR195W,0,-1.0535066,0.15218527615070343,0.8713858127593994,0.48704612255096436
YDR492W,YPR200C,0,-1.0535845,0.15215876698493958,0.8713858127593994,0.48714613914489746
YIL140W,YMR246W,0,-1.0539161,0.1521322876214981,0.8713858127593994,0.48724618554115295
YLR157C,YFR045W,0,-1.0539774,0.15210580825805664,0.8713858127593994,0.48734620213508606
YPR042C,YIL079C,1,-1.0540018,0.15225334465503693,0.8723828792572021,0.48734620213508606
YKL009W,YDR076W,0,-1.0541844,0.15222686529159546,0.8723828792572021,0.48744624853134155
YOR343W-B,YMR200W,0,-1.0546976,0.152200385928154,0.8723828792572021,0.48754626512527466
YGL094C,YDR146C,0,-1.0550777,0.15217390656471252,0.8723828792572021,0.48764628171920776
YMR020W,YLR353W,0,-1.0551676,0.15214745700359344,0.8723828792572021,0.48774632811546326
YOR226C,YDR472W,0,-1.0557407,0.15212100744247437,0.8723828792572021,0.48784634470939636
YBR002C,YDL047W,0,-1.0559062,0.15209455788135529,0.8723828792572021,0.48794639110565186
YGL122C,YGR214W,0,-1.0561593,0.1520681232213974,0.8723828792572021,0.48804640769958496
YNL283C,YLR113W,0,-1.0566334,0.1520417034626007,0.8723828792572021,0.48814645409584045
YOL103W-B,YJL029C,0,-1.0566366,0.15201528370380402,0.8723828792572021,0.48824647068977356
YGR167W,YKL182W,0,-1.0569979,0.15198887884616852,0.8723828792572021,0.48834651708602905
YMR112C,YDL171C,0,-1.0570436,0.1519624888896942,0.8723828792572021,0.48844653367996216
YNL202W,YCL034W,0,-1.0572767,0.1519360989332199,0.8723828792572021,0.48854655027389526
YHR029C,YNL309W,0,-1.0573386,0.1519097238779068,0.8723828792572021,0.48864659667015076
YCR011C,YHR109W,0,-1.0576391,0.1518833488225937,0.8723828792572021,0.48874661326408386
YGR268C,YNL092W,0,-1.0578239,0.15185698866844177,0.8723828792572021,0.48884665966033936
YNL223W,YJR083C,0,-1.0579768,0.15183064341545105,0.8723828792572021,0.48894667625427246
YAL024C,YLR209C,0,-1.0582072,0.15180429816246033,0.8723828792572021,0.48904672265052795
YAL024C,YGR034W,0,-1.0583549,0.1517779678106308,0.8723828792572021,0.48914673924446106
YPL196W,YMR239C,0,-1.0586629,0.15175165235996246,0.8723828792572021,0.48924678564071655
YDL142C,YPL050C,0,-1.0591022,0.15172533690929413,0.8723828792572021,0.48934680223464966
YKR008W,YBR170C,0,-1.0594802,0.151699036359787,0.8723828792572021,0.48944684863090515
YIL170W,YOR311C,0,-1.0596654,0.15167273581027985,0.8723828792572021,0.48954686522483826
YGR143W,YJR031C,0,-1.0597239,0.1516464501619339,0.8723828792572021,0.48964688181877136
YOR230W,YBR010W,0,-1.0599705,0.15162016451358795,0.8723828792572021,0.48974692821502686
YLR107W,YPL252C,0,-1.0600706,0.1515939086675644,0.8723828792572021,0.48984694480895996
YDL197C,YFL010W-A,0,-1.0600764,0.15156763792037964,0.8723828792572021,0.48994699120521545
YLL002W,YIL094C,0,-1.0602643,0.15154139697551727,0.8723828792572021,0.49004700779914856
YGL172W,YHR039C-A,0,-1.0604569,0.1515151560306549,0.8723828792572021,0.49014705419540405
YMR061W,YDL083C,0,-1.0605763,0.15148891508579254,0.8723828792572021,0.49024707078933716
YGR052W,YLR009W,0,-1.0605881,0.15146270394325256,0.8723828792572021,0.49034711718559265
YPL163C,YLR024C,0,-1.0608838,0.1514364778995514,0.8723828792572021,0.49044713377952576
YKR054C,YMR203W,0,-1.06117,0.1514102816581726,0.8723828792572021,0.49054715037345886
YGR032W,YFL048C,0,-1.0612606,0.15138408541679382,0.8723828792572021,0.49064719676971436
YML051W,YOR311C,0,-1.0614643,0.15135788917541504,0.8723828792572021,0.49074721336364746
YGR268C,YPL098C,0,-1.0614707,0.15133172273635864,0.8723828792572021,0.49084725975990295
YDR079W,YDL206W,0,-1.061545,0.15130555629730225,0.8723828792572021,0.49094727635383606
YKL038W,YDR207C,0,-1.0620095,0.15127938985824585,0.8723828792572021,0.49104732275009155
YLR395C,YKL182W,0,-1.0631255,0.15125323832035065,0.8723828792572021,0.49114733934402466
YOL104C,YPR160W,0,-1.0632834,0.15122710168361664,0.8723828792572021,0.49124738574028015
YLR410W-A,YOR204W,0,-1.0634735,0.15120096504688263,0.8723828792572021,0.49134740233421326
YER008C,YGL060W,0,-1.0636853,0.15117484331130981,0.8723828792572021,0.49144744873046875
YGR225W,YLR383W,0,-1.0637808,0.1511487364768982,0.8723828792572021,0.49154746532440186
YPL252C,YGL019W,0,-1.0639728,0.15112262964248657,0.8723828792572021,0.49164748191833496
YLR183C,YIL139C,0,-1.0640808,0.15109652280807495,0.8723828792572021,0.49174752831459045
YFL010W-A,YDR381C-A,0,-1.0645654,0.15107044577598572,0.8723828792572021,0.49184754490852356
YOL165C,YGR112W,0,-1.0646843,0.15104436874389648,0.8723828792572021,0.49194759130477905
YCL036W,YGL237C,0,-1.0648873,0.15101829171180725,0.8723828792572021,0.49204760789871216
YJR028W,YDL022W,0,-1.0651249,0.1509922295808792,0.8723828792572021,0.49214765429496765
YOR142W-A,YPR163C,0,-1.065251,0.15096618235111237,0.8723828792572021,0.49224767088890076
YEL069C,YLL051C,0,-1.0653863,0.15094013512134552,0.8723828792572021,0.49234771728515625
YER137C-A,YLR256W-A,0,-1.0654994,0.15091410279273987,0.8723828792572021,0.49244773387908936
YJL071W,YDL140C,0,-1.0657635,0.1508880853652954,0.8723828792572021,0.49254775047302246
YOR243C,YJL134W,0,-1.0659318,0.15086206793785095,0.8723828792572021,0.49264779686927795
YHR211W,YMR099C,0,-1.0660169,0.1508360654115677,0.8723828792572021,0.49274781346321106
YER098W,YJL155C,0,-1.0661716,0.15081006288528442,0.8723828792572021,0.49284785985946655
YGL180W,YDR261C-D,0,-1.0662246,0.15078407526016235,0.8723828792572021,0.49294787645339966
YBR238C,YGR070W,0,-1.0666426,0.15075810253620148,0.8723828792572021,0.49304792284965515
YKL038W,YCL004W,0,-1.0668341,0.1507321298122406,0.8723828792572021,0.49314793944358826
YOR343W-B,YNL182C,0,-1.0671409,0.15070617198944092,0.8723828792572021,0.49324798583984375
YOR084W,YOL054W,0,-1.0673436,0.15068021416664124,0.8723828792572021,0.49334800243377686
YOL010W,YDL198C,0,-1.0676051,0.15065427124500275,0.8723828792572021,0.49344804883003235
YPL276W,YIL006W,0,-1.0679563,0.15062832832336426,0.8723828792572021,0.49354806542396545
YOR074C,YNL273W,0,-1.0683157,0.15060241520404816,0.8723828792572021,0.49364808201789856
YPL223C,YDR261C-D,0,-1.0684291,0.15057648718357086,0.8723828792572021,0.49374812841415405
YER022W,YBR282W,0,-1.0686378,0.15055058896541595,0.8723828792572021,0.49384814500808716
YDL246C,YGL212W,0,-1.0690978,0.15052469074726105,0.8723828792572021,0.49394819140434265
YDR429C,YML052W,0,-1.069887,0.15049879252910614,0.8723828792572021,0.49404820799827576
YPL098C,YDR226W,0,-1.070026,0.15047290921211243,0.8723828792572021,0.49414825439453125
YOR074C,YPL183W-A,0,-1.070407,0.1504470407962799,0.8723828792572021,0.49424827098846436
YIL094C,YBL011W,0,-1.0711446,0.1504211723804474,0.8723828792572021,0.49434831738471985
YMR227C,YDR261W-A,0,-1.0711843,0.15039531886577606,0.8723828792572021,0.49444833397865295
YFL038C,YDR159W,0,-1.0712095,0.15036948025226593,0.8723828792572021,0.49454835057258606
YBL041W,YGL004C,0,-1.0714113,0.1503436416387558,0.8723828792572021,0.49464839696884155
YER098W,YKR102W,0,-1.0714611,0.15031781792640686,0.8723828792572021,0.49474841356277466
YLR440C,YDR392W,0,-1.0714686,0.15029199421405792,0.8723828792572021,0.49484845995903015
YIL061C,YNL208W,0,-1.0718528,0.15026618540287018,0.8723828792572021,0.49494847655296326
YGR252W,YPL113C,0,-1.071899,0.15024039149284363,0.8723828792572021,0.49504852294921875
YOR388C,YDR245W,0,-1.0719348,0.15021459758281708,0.8723828792572021,0.49514853954315186
YGR169C,YGR225W,0,-1.0720198,0.15018880367279053,0.8723828792572021,0.49524858593940735
YLL051C,YJL214W,0,-1.0721998,0.15016303956508636,0.8723828792572021,0.49534860253334045
YER185W,YJL192C,0,-1.0725149,0.1501372754573822,0.8723828792572021,0.49544864892959595
YGR085C,YHR168W,0,-1.072589,0.15011151134967804,0.8723828792572021,0.49554866552352905
YDR083W,YNL192W,0,-1.072599,0.15008576214313507,0.8723828792572021,0.49564868211746216
YHL012W,YER101C,0,-1.0735774,0.1500600278377533,0.8723828792572021,0.49574872851371765
YCR093W,YLR029C,0,-1.0737932,0.15003429353237152,0.8723828792572021,0.49584874510765076
YBL112C,YMR250W,0,-1.0738623,0.15000857412815094,0.8723828792572021,0.49594879150390625
YNL073W,YHR077C,0,-1.0739516,0.14998285472393036,0.8723828792572021,0.49604880809783936
YDL206W,YLL040C,0,-1.0741217,0.14995715022087097,0.8723828792572021,0.49614885449409485
YGL244W,YPL098C,0,-1.0742333,0.14993146061897278,0.8723828792572021,0.49624887108802795
YKL201C,YDR337W,0,-1.0744609,0.14990577101707458,0.8723828792572021,0.49634891748428345
YOL070C,YJL144W,0,-1.0744888,0.14988009631633759,0.8723828792572021,0.49644893407821655
YDR079W,YOL004W,0,-1.0750803,0.14985442161560059,0.8723828792572021,0.49654895067214966
YDL061C,YHR209W,0,-1.0752559,0.14982876181602478,0.8723828792572021,0.49664899706840515
YPL276W,YDR310C,0,-1.0753225,0.14980311691761017,0.8723828792572021,0.49674901366233826
YPL200W,YCR026C,0,-1.0755798,0.14977747201919556,0.8723828792572021,0.49684906005859375
YGR109W-B,YGR095C,0,-1.0755897,0.14975184202194214,0.8723828792572021,0.49694907665252686
YOR071C,YER074W,0,-1.07566,0.14972621202468872,0.8723828792572021,0.49704912304878235
YDR222W,YLR330W,0,-1.0777315,0.1497005969285965,0.8723828792572021,0.49714913964271545
YPL252C,YOR261C,0,-1.0783161,0.14967499673366547,0.8723828792572021,0.49724918603897095
YBL052C,YAR031W,0,-1.0786222,0.14964939653873444,0.8723828792572021,0.49734920263290405
YDL070W,YGL148W,0,-1.0786967,0.1496237963438034,0.8723828792572021,0.49744924902915955
YJL155C,YMR173W,0,-1.0787643,0.14959822595119476,0.8723828792572021,0.49754926562309265
YOR219C,YLR088W,0,-1.0788952,0.14957265555858612,0.8723828792572021,0.49764928221702576
YPR137W,YPL078C,0,-1.0790162,0.14954708516597748,0.8723828792572021,0.49774932861328125
YDR030C,YDR262W,0,-1.0791612,0.14952152967453003,0.8723828792572021,0.49784934520721436
YLR187W,YOR123C,0,-1.0795469,0.14949598908424377,0.8723828792572021,0.49794939160346985
YBL068W,YML132W,0,-1.0795727,0.14947044849395752,0.8723828792572021,0.49804940819740295
YOL103W-B,YJL144W,0,-1.0797764,0.14944492280483246,0.8723828792572021,0.49814945459365845
YML049C,YOR327C,0,-1.0800079,0.1494193971157074,0.8723828792572021,0.49824947118759155
YGR113W,YDR261C-D,0,-1.0801605,0.14939388632774353,0.8723828792572021,0.49834951758384705
YIL108W,YOR098C,0,-1.0803179,0.14936839044094086,0.8723828792572021,0.49844953417778015
YIL128W,YJL155C,0,-1.0804219,0.14934289455413818,0.8723828792572021,0.49854955077171326
YCL018W,YBL041W,0,-1.0810717,0.1493174135684967,0.8723828792572021,0.49864959716796875
YPR111W,YPL200W,0,-1.0818156,0.14929193258285522,0.8723828792572021,0.49874961376190186
YGR020C,YDR146C,0,-1.0820719,0.14926646649837494,0.8723828792572021,0.49884966015815735
YDL165W,YPR072W,1,-1.082214,0.14941155910491943,0.8733798861503601,0.49884966015815735
YHR069C,YNL281W,0,-1.0823461,0.14938607811927795,0.8733798861503601,0.49894967675209045
YNR013C,YGL019W,0,-1.0825561,0.14936061203479767,0.8733798861503601,0.49904972314834595
YOL107W,YGL259W,0,-1.0825986,0.14933514595031738,0.8733798861503601,0.49914973974227905
YPL134C,YIR039C,0,-1.0835077,0.1493096947669983,0.8733798861503601,0.49924978613853455
YOR283W,YEL030W,0,-1.0836256,0.1492842584848404,0.8733798861503601,0.49934980273246765
YMR013C,YNL102W,0,-1.0837004,0.1492588222026825,0.8733798861503601,0.49944984912872314
YGR112W,YFL023W,0,-1.083845,0.1492333859205246,0.8733798861503601,0.49954986572265625
YOR377W,YJL082W,0,-1.0839518,0.1492079645395279,0.8733798861503601,0.49964988231658936
YJR028W,YIL076W,0,-1.0840602,0.14918255805969238,0.8733798861503601,0.49974992871284485
YJR051W,YOL090W,0,-1.0845208,0.14915716648101807,0.8733798861503601,0.49984994530677795
YDR472W,YKL015W,0,-1.0845655,0.14913176000118256,0.8733798861503601,0.49994999170303345
YPR035W,YFR052W,0,-1.0846567,0.14910638332366943,0.8733798861503601,0.5000500082969666
YDR473C,YBR223C,0,-1.0847913,0.1490810066461563,0.8733798861503601,0.5001500248908997
YMR112C,YDL148C,0,-1.0850419,0.14905564486980438,0.8733798861503601,0.5002501010894775
YGL233W,YPL208W,0,-1.0851448,0.14903028309345245,0.8733798861503601,0.5003501176834106
YFL038C,YIL021W,0,-1.0852183,0.14900493621826172,0.8733798861503601,0.5004501342773438
YLR047C,YDR410C,0,-1.085344,0.14897958934307098,0.8733798861503601,0.5005501508712769
YDL077C,YOR085W,0,-1.0853555,0.14895425736904144,0.8733798861503601,0.50065016746521
YJR091C,YHR077C,1,-1.0855479,0.1490989476442337,0.8743768930435181,0.50065016746521
YGR072W,YDR081C,0,-1.0857574,0.14907360076904297,0.8743768930435181,0.5007502436637878
YLR208W,YNL092W,0,-1.085958,0.14904826879501343,0.8743768930435181,0.500850260257721
YLL051C,YGL162W,0,-1.0864676,0.1490229368209839,0.8743768930435181,0.500950276851654
YOR194C,YLR016C,0,-1.0865163,0.14899761974811554,0.8743768930435181,0.5010502934455872
YJL178C,YKL130C,0,-1.0870016,0.1489723175764084,0.8743768930435181,0.501150369644165
YNL027W,YMR099C,0,-1.0871112,0.14894701540470123,0.8743768930435181,0.5012503862380981
YMR020W,YCL034W,0,-1.0875046,0.14892171323299408,0.8743768930435181,0.5013504028320312
YLL017W,YKL022C,0,-1.0877811,0.14889644086360931,0.8743768930435181,0.5014504194259644
YDR151C,YCR093W,1,-1.0880836,0.14904090762138367,0.875373899936676,0.5014504194259644
YDR262W,YER087C-B,0,-1.0885657,0.1490156203508377,0.875373899936676,0.5015504360198975
YIL108W,YKL171W,0,-1.0889776,0.14899033308029175,0.875373899936676,0.5016505122184753
YJR107W,YOR298W,0,-1.0889919,0.1489650458097458,0.875373899936676,0.5017505288124084
YGR221C,YLR316C,0,-1.0891647,0.14893977344036102,0.875373899936676,0.5018505454063416
YHR132C,YNL016W,0,-1.0899758,0.14891451597213745,0.875373899936676,0.5019505620002747
YOL090W,YOR351C,0,-1.0900955,0.14888925850391388,0.875373899936676,0.5020506381988525
YGR268C,YMR172W,0,-1.0902277,0.1488640159368515,0.875373899936676,0.5021506547927856
YKR055W,YLR410W-A,0,-1.0905066,0.14883878827095032,0.875373899936676,0.5022506713867188
YLR394W,YPL096W,0,-1.0905215,0.14881356060504913,0.875373899936676,0.5023506879806519
YPR191W,YNL284C-A,0,-1.0910721,0.14878834784030914,0.875373899936676,0.5024507641792297
YGR268C,YGR155W,0,-1.0910932,0.14876313507556915,0.875373899936676,0.5025507807731628
YLL002W,YNR013C,0,-1.0912515,0.14873793721199036,0.875373899936676,0.502650797367096
YGR238C,YGL190C,0,-1.0914387,0.14871273934841156,0.875373899936676,0.502750813961029
YKL182W,YMR172W,0,-1.0917404,0.14868755638599396,0.875373899936676,0.5028508305549622
YFL045C,YNL298W,0,-1.0922406,0.14866237342357635,0.875373899936676,0.50295090675354
YPL147W,YPR091C,0,-1.0930381,0.14863720536231995,0.875373899936676,0.5030509233474731
YBR080C,YDR416W,0,-1.0930517,0.14861205220222473,0.875373899936676,0.5031509399414062
YGL244W,YMR295C,0,-1.0932634,0.14858689904212952,0.875373899936676,0.5032509565353394
YCR077C,YNL232W,1,-1.0941195,0.14873096346855164,0.876370906829834,0.5032509565353394
YMR182C,YOR351C,0,-1.0941237,0.14870579540729523,0.876370906829834,0.5033510327339172
YDR473C,YLL019C,0,-1.0941269,0.1486806422472,0.876370906829834,0.5034510493278503
YBR081C,YJR021C,0,-1.0942985,0.148655503988266,0.876370906829834,0.5035510659217834
YHR214C-B,YHR041C,0,-1.0944781,0.14863036572933197,0.876370906829834,0.5036510825157166
YNL084C,YDR170C,0,-1.0947976,0.14860524237155914,0.876370906829834,0.5037510991096497
YDR174W,YLR383W,0,-1.0948601,0.14858011901378632,0.876370906829834,0.5038511753082275
YOR232W,YDR403W,0,-1.0952669,0.14855501055717468,0.876370906829834,0.5039511919021606
YNL008C,YKR103W,0,-1.0954012,0.14852990210056305,0.876370906829834,0.5040512084960938
YHR056C,YHR085W,0,-1.0954405,0.1485048085451126,0.876370906829834,0.5041512250900269
YER013W,YLR440C,0,-1.0955081,0.14847972989082336,0.876370906829834,0.5042513012886047
YPL213W,YOR085W,0,-1.095719,0.14845465123653412,0.876370906829834,0.5043513178825378
YLR295C,YNL121C,0,-1.0964205,0.14842958748340607,0.876370906829834,0.504451334476471
YJR004C,YGL209W,0,-1.0964465,0.14840452373027802,0.876370906829834,0.504551351070404
YJR021C,YIL021W,0,-1.0970696,0.14837947487831116,0.876370906829834,0.5046513676643372
YLR033W,YNL006W,0,-1.098014,0.1483544260263443,0.876370906829834,0.504751443862915
YPL223C,YJL206C,0,-1.0980201,0.14832939207553864,0.876370906829834,0.5048514604568481
YJL071W,YMR143W,0,-1.0990952,0.14830437302589417,0.876370906829834,0.5049514770507812
YGR109W-B,YMR218C,0,-1.0992869,0.1482793539762497,0.876370906829834,0.5050514936447144
YHR069C,YNL202W,0,-1.0998576,0.14825434982776642,0.876370906829834,0.5051515698432922
YBR230C,YDR170C,0,-1.1000733,0.14822934567928314,0.876370906829834,0.5052515864372253
YDR378C,YJL140W,1,-1.100102,0.14837296307086945,0.8773679137229919,0.5052515864372253
YOR142W,YGL163C,0,-1.1001563,0.14834794402122498,0.8773679137229919,0.5053516030311584
YER050C,YLR228C,0,-1.1003699,0.1483229398727417,0.8773679137229919,0.5054516196250916
YEL029C,YDR508C,0,-1.1005063,0.14829795062541962,0.8773679137229919,0.5055516362190247
YGR012W,YPL244C,0,-1.1007085,0.14827296137809753,0.8773679137229919,0.5056517124176025
YGL200C,YBL091C-A,0,-1.1008145,0.14824797213077545,0.8773679137229919,0.5057517290115356
YCR030C,YDR026C,0,-1.1008598,0.14822301268577576,0.8773679137229919,0.5058517456054688
YBR125C,YGL071W,0,-1.1010183,0.14819805324077606,0.8773679137229919,0.5059517621994019
YGR199W,YMR300C,0,-1.1010258,0.14817309379577637,0.8773679137229919,0.5060518383979797
YKL094W,YKR044W,0,-1.1012993,0.14814814925193787,0.8773679137229919,0.5061518549919128
YOR142W-A,YOR294W,0,-1.1013422,0.14812320470809937,0.8773679137229919,0.506251871585846
YLL013C,YMR080C,1,-1.1013799,0.14826658368110657,0.8783649206161499,0.506251871585846
YBL041W,YPL274W,0,-1.1016529,0.14824162423610687,0.8783649206161499,0.506351888179779
YML030W,YDR195W,0,-1.101685,0.14821669459342957,0.8783649206161499,0.5064519643783569
YLL019C,YNL084C,0,-1.1017902,0.14819176495075226,0.8783649206161499,0.50655198097229
YJL187C,YLR256W-A,0,-1.1021755,0.14816683530807495,0.8783649206161499,0.5066519975662231
YDL246C,YER115C,0,-1.1023514,0.14814192056655884,0.8783649206161499,0.5067520141601562
YAL054C,YIR038C,0,-1.1025103,0.14811702072620392,0.8783649206161499,0.5068520307540894
YEL070W,YLR028C,0,-1.1029035,0.148092120885849,0.8783649206161499,0.5069521069526672
YOR215C,YIR032C,0,-1.1030743,0.14806722104549408,0.8783649206161499,0.5070521235466003
YGR109W-B,YDR072C,0,-1.1031318,0.14804235100746155,0.8783649206161499,0.5071521401405334
YPL257W-B,YNL262W,0,-1.1031902,0.14801746606826782,0.8783649206161499,0.5072521567344666
YOR159C,YDR222W,0,-1.1033223,0.14799261093139648,0.8783649206161499,0.5073522329330444
YMR315W,YBR042C,0,-1.1035054,0.14796775579452515,0.8783649206161499,0.5074522495269775
YNL314W,YPL196W,0,-1.1035355,0.1479429006576538,0.8783649206161499,0.5075522661209106
YDR083W,YPR159W,0,-1.1036721,0.14791806042194366,0.8783649206161499,0.5076522827148438
YDR254W,YDR337W,0,-1.1036875,0.14789323508739471,0.8783649206161499,0.5077522993087769
YAR035W,YGR070W,0,-1.104114,0.14786840975284576,0.8783649206161499,0.5078523755073547
YNL122C,YLR330W,0,-1.1042379,0.147843599319458,0.8783649206161499,0.5079523921012878
YMR296C,YDR444W,0,-1.104543,0.14781878888607025,0.8783649206161499,0.508052408695221
YMR080C,YLR438C-A,1,-1.1046398,0.14796175062656403,0.8793619275093079,0.508052408695221
YAL021C,YOR173W,1,-1.105513,0.14810466766357422,0.8803589344024658,0.508052408695221
YGR169C,YLR390W,0,-1.105768,0.14807982742786407,0.8803589344024658,0.508152425289154
YMR146C,YJL206C,0,-1.1060107,0.14805500209331512,0.8803589344024658,0.5082525014877319
YPR133W-A,YDR496C,0,-1.1062627,0.14803017675876617,0.8803589344024658,0.508352518081665
YML051W,YKR102W,0,-1.1063837,0.14800536632537842,0.8803589344024658,0.5084525346755981
YOR173W,YGR195W,1,-1.1073472,0.14814814925193787,0.8813559412956238,0.5084525346755981
YDR492W,YCL057W,0,-1.1073842,0.14812332391738892,0.8813559412956238,0.5085525512695312
YOR212W,YDR137W,0,-1.1074915,0.14809851348400116,0.8813559412956238,0.5086525678634644
YGL112C,YHR051W,0,-1.1078216,0.1480737030506134,0.8813559412956238,0.5087526440620422
YOR310C,YMR097C,0,-1.1079577,0.14804890751838684,0.8813559412956238,0.5088526606559753
YLR191W,YKL130C,0,-1.1081054,0.14802411198616028,0.8813559412956238,0.5089526772499084
YIL095W,YOR232W,0,-1.1082671,0.1479993313550949,0.8813559412956238,0.5090526938438416
YEL036C,YDR369C,0,-1.1085143,0.14797455072402954,0.8813559412956238,0.5091527700424194
YKL208W,YNL288W,1,-1.1092358,0.14811715483665466,0.8823529481887817,0.5091527700424194
YNL281W,YLL043W,0,-1.1092558,0.1480923742055893,0.8823529481887817,0.5092527866363525
YHR002W,YBR129C,0,-1.1093633,0.14806759357452393,0.8823529481887817,0.5093528032302856
YIL135C,YOL108C,0,-1.1094434,0.14804282784461975,0.8823529481887817,0.5094528198242188
YLR191W,YNR018W,0,-1.1095016,0.14801806211471558,0.8823529481887817,0.5095528364181519
YPR189W,YBL011W,0,-1.109523,0.1479933112859726,0.8823529481887817,0.5096529126167297
YEL040W,YOR275C,0,-1.1096035,0.14796856045722961,0.8823529481887817,0.5097529292106628
YLL017W,YJL128C,0,-1.109757,0.14794382452964783,0.8823529481887817,0.509852945804596
YDL170W,YCR002C,0,-1.1098084,0.14791910350322723,0.8823529481887817,0.509952962398529
YCR093W,YGR222W,0,-1.1099415,0.14789438247680664,0.8823529481887817,0.5100530385971069
YPL147W,YOR261C,0,-1.1100972,0.14786967635154724,0.8823529481887817,0.51015305519104
YFR021W,YPL252C,0,-1.1102347,0.14784497022628784,0.8823529481887817,0.5102530717849731
YHR209W,YAL039C,0,-1.1105454,0.14782027900218964,0.8823529481887817,0.5103530883789062
YJR138W,YNR060W,0,-1.1106324,0.14779558777809143,0.8823529481887817,0.5104531645774841
YIL061C,YDL215C,0,-1.1108731,0.14777091145515442,0.8823529481887817,0.5105531811714172
YDL102W,YOR173W,1,-1.1109576,0.14791318774223328,0.8833499550819397,0.5105531811714172
YPR072W,YER068W,1,-1.1113181,0.14805541932582855,0.8843469619750977,0.5105531811714172
YKR054C,YDL047W,0,-1.1114008,0.14803071320056915,0.8843469619750977,0.5106531977653503
YGL170C,YBR294W,0,-1.111803,0.14800600707530975,0.8843469619750977,0.5107532143592834
YPR182W,YLR165C,0,-1.1118277,0.14798131585121155,0.8843469619750977,0.5108532309532166
YER185W,YBR095C,0,-1.1119982,0.14795662462711334,0.8843469619750977,0.5109533071517944
YPL122C,YPL110C,0,-1.1121466,0.14793194830417633,0.8843469619750977,0.5110533237457275
YPR194C,YNL073W,0,-1.1122203,0.1479072868824005,0.8843469619750977,0.5111533403396606
YDR245W,YKR069W,0,-1.1124833,0.1478826254606247,0.8843469619750977,0.5112533569335938
YJR107W,YGR143W,0,-1.1132454,0.14785797894001007,0.8843469619750977,0.5113534331321716
YGR238C,YMR114C,0,-1.1132655,0.14783333241939545,0.8843469619750977,0.5114534497261047
YGL209W,YGR214W,0,-1.1142406,0.14780870079994202,0.8843469619750977,0.5115534663200378
YMR065W,YIL042C,0,-1.1147286,0.1477840691804886,0.8843469619750977,0.511653482913971
YBR260C,YNL232W,0,-1.1148795,0.14775945246219635,0.8843469619750977,0.511753499507904
YMR137C,YOL062C,0,-1.1148881,0.1477348506450653,0.8843469619750977,0.5118535757064819
YLR256W-A,YLR187W,0,-1.1149226,0.14771024882793427,0.8843469619750977,0.511953592300415
YOR142W-B,YDR254W,0,-1.1149305,0.14768564701080322,0.8843469619750977,0.5120536088943481
YDR451C,YBR230C,0,-1.1156974,0.14766106009483337,0.8843469619750977,0.5121536254882812
YLR107W,YOR147W,0,-1.1164346,0.14763648808002472,0.8843469619750977,0.5122537016868591
YOR298W,YDR461W,0,-1.1166996,0.14761191606521606,0.8843469619750977,0.5123537182807922
YLL041C,YDL074C,0,-1.1167431,0.1475873589515686,0.8843469619750977,0.5124537348747253
YFL066C,YIL132C,0,-1.1168678,0.14756280183792114,0.8843469619750977,0.5125537514686584
YGR258C,YOR239W,0,-1.1170393,0.14753825962543488,0.8843469619750977,0.5126537680625916
YMR213W,YDR508C,0,-1.1171879,0.1475137174129486,0.8843469619750977,0.5127538442611694
YGR109W-B,YOR209C,0,-1.1172639,0.14748919010162354,0.8843469619750977,0.5128538608551025
YPL259C,YDR081C,0,-1.1174628,0.14746467769145966,0.8843469619750977,0.5129538774490356
YGR084C,YNL192W,0,-1.1184019,0.14744016528129578,0.8843469619750977,0.5130538940429688
YPL150W,YDL202W,0,-1.1185446,0.1474156528711319,0.8843469619750977,0.5131539702415466
YJR070C,YBR274W,0,-1.11866,0.1473911553621292,0.8843469619750977,0.5132539868354797
YEL043W,YGR105W,0,-1.1186986,0.14736667275428772,0.8843469619750977,0.5133540034294128
YPL147W,YKR102W,0,-1.1189551,0.14734219014644623,0.8843469619750977,0.513454020023346
YLR029C,YDR453C,0,-1.1189903,0.14731772243976593,0.8843469619750977,0.513554036617279
YJL209W,YER068W,1,-1.1190805,0.14745931327342987,0.8853439688682556,0.513554036617279
YGR020C,YOR311C,0,-1.1192902,0.14743483066558838,0.8853439688682556,0.5136541128158569
YOR148C,YDR404C,0,-1.1197698,0.14741036295890808,0.8853439688682556,0.51375412940979
YER087W,YOR089C,0,-1.1198285,0.14738589525222778,0.8853439688682556,0.5138541460037231
YOR382W,YPR119W,0,-1.1200142,0.14736142754554749,0.8853439688682556,0.5139541625976562
YIL108W,YEL029C,0,-1.1201106,0.14733698964118958,0.8853439688682556,0.5140542387962341
YKL061W,YLL043W,0,-1.1204681,0.14731253683567047,0.8853439688682556,0.5141542553901672
YNL307C,YOR123C,0,-1.1215053,0.14728811383247375,0.8853439688682556,0.5142542719841003
YDR498C,YGL004C,0,-1.1216412,0.14726367592811584,0.8853439688682556,0.5143542885780334
YNL084C,YPR119W,0,-1.1226649,0.14723926782608032,0.8853439688682556,0.5144543647766113
YPL180W,YBL029C-A,0,-1.1228445,0.1472148597240448,0.8853439688682556,0.5145543813705444
YLR289W,YOR138C,0,-1.1228788,0.14719045162200928,0.8853439688682556,0.5146543979644775
YNL127W,YGR221C,0,-1.1229447,0.14716605842113495,0.8853439688682556,0.5147544145584106
YBL112C,YBR031W,0,-1.1233237,0.14714168012142181,0.8853439688682556,0.5148544311523438
YGR221C,YEL031W,0,-1.1233345,0.14711730182170868,0.8853439688682556,0.5149545073509216
YDR263C,YJL071W,0,-1.1239846,0.14709292352199554,0.8853439688682556,0.5150545239448547
YKR008W,YGR167W,0,-1.1240393,0.1470685601234436,0.8853439688682556,0.5151545405387878
YHR164C,YPL007C,0,-1.1243123,0.14704421162605286,0.8853439688682556,0.515254557132721
YOR388C,YML073C,0,-1.1243222,0.1470198631286621,0.8853439688682556,0.5153546333312988
YDL133C-A,YGL019W,0,-1.1243272,0.14699552953243256,0.8853439688682556,0.5154546499252319
YNL010W,YOR393W,0,-1.1247538,0.146971195936203,0.8853439688682556,0.515554666519165
YMR087W,YML039W,0,-1.1251645,0.14694687724113464,0.8853439688682556,0.5156546831130981
YDL102W,YCR093W,1,-1.1252666,0.14708802103996277,0.8863409757614136,0.5156546831130981
YIL006W,YOR353C,0,-1.1254125,0.14706368744373322,0.8863409757614136,0.5157546997070312
YOR142W-A,YAL031C,0,-1.125773,0.14703936874866486,0.8863409757614136,0.5158547759056091
YMR032W,YML045W-A,0,-1.1259718,0.1470150500535965,0.8863409757614136,0.5159547924995422
YLR028C,YBR061C,0,-1.1262183,0.14699074625968933,0.8863409757614136,0.5160548090934753
YLR425W,YOL108C,0,-1.1267517,0.14696644246578217,0.8863409757614136,0.5161548256874084
YPR135W,YLR394W,0,-1.1269429,0.1469421535730362,0.8863409757614136,0.5162549018859863
YGL158W,YDR304C,0,-1.1270155,0.14691786468029022,0.8863409757614136,0.5163549184799194
YDR389W,YMR186W,0,-1.127223,0.14689359068870544,0.8863409757614136,0.5164549350738525
YPL096W,YOR351C,0,-1.1282333,0.14686931669712067,0.8863409757614136,0.5165549516677856
YDL142C,YNR004W,0,-1.1283793,0.14684505760669708,0.8863409757614136,0.5166549682617188
YOR148C,YDR261C-D,0,-1.128444,0.1468208134174347,0.8863409757614136,0.5167550444602966
YKR071C,YHR085W,0,-1.1288027,0.1467965692281723,0.8863409757614136,0.5168550610542297
YOL103W-B,YDR261W-A,0,-1.1288464,0.1467723250389099,0.8863409757614136,0.5169550776481628
YJR091C,YGR195W,1,-1.12914,0.14691317081451416,0.8873379826545715,0.5169550776481628
YHR030C,YDR527W,0,-1.1293777,0.14688892662525177,0.8873379826545715,0.517055094242096
YJR083C,YOR351C,0,-1.1293931,0.14686468243598938,0.8873379826545715,0.5171551704406738
YPR187W,YPL098C,0,-1.1294178,0.14684045314788818,0.8873379826545715,0.5172551870346069
YLL019C,YER087W,0,-1.13012,0.14681623876094818,0.8873379826545715,0.51735520362854
YNL302C,YDL170W,0,-1.130294,0.14679202437400818,0.8873379826545715,0.5174552202224731
YBL076C,YNL284C,0,-1.1303713,0.14676780998706818,0.8873379826545715,0.5175552368164062
YLL051C,YLR440C,0,-1.1304307,0.14674361050128937,0.8873379826545715,0.5176553130149841
YER137C-A,YJL130C,0,-1.1311653,0.14671942591667175,0.8873379826545715,0.5177553296089172
YJL034W,YCR014C,0,-1.1313835,0.14669524133205414,0.8873379826545715,0.5178553462028503
YDL245C,YPL078C,0,-1.1314347,0.14667105674743652,0.8873379826545715,0.5179553627967834
YPR042C,YLR398C,1,-1.1316973,0.14681166410446167,0.8883349895477295,0.5179553627967834
YPR198W,YOL090W,0,-1.1318094,0.14678747951984406,0.8883349895477295,0.5180554389953613
YPL082C,YPL093W,0,-1.1319141,0.14676329493522644,0.8883349895477295,0.5181554555892944
YNL282W,YAR027W,0,-1.1320806,0.14673912525177002,0.8883349895477295,0.5182554721832275
YJL225C,YKL171W,0,-1.1325467,0.1467149704694748,0.8883349895477295,0.5183554887771606
YKL038W,YAL039C,0,-1.1327747,0.14669081568717957,0.8883349895477295,0.5184555649757385
YBR081C,YJR151C,0,-1.1328255,0.14666666090488434,0.8883349895477295,0.5185555815696716
YHR030C,YBR006W,0,-1.1331387,0.1466425210237503,0.8883349895477295,0.5186555981636047
YJL194W,YBL076C,0,-1.1334085,0.14661839604377747,0.8883349895477295,0.5187556147575378
YDL133C-A,YJL006C,0,-1.1336801,0.14659427106380463,0.8883349895477295,0.518855631351471
YLR438C-A,YER068W,1,-1.1336805,0.14673465490341187,0.8893319964408875,0.518855631351471
YDR512C,YDR207C,0,-1.1342015,0.14671052992343903,0.8893319964408875,0.5189557075500488
YOL028C,YLL061W,0,-1.1344609,0.1466864049434662,0.8893319964408875,0.5190557241439819
YER014C-A,YML056C,0,-1.1345361,0.14666227996349335,0.8893319964408875,0.519155740737915
YJL071W,YLR163C,0,-1.1346709,0.1466381698846817,0.8893319964408875,0.5192557573318481
YMR146C,YPL131W,0,-1.1349745,0.14661407470703125,0.8893319964408875,0.519355833530426
YMR061W,YER087C-B,0,-1.1350152,0.1465899795293808,0.8893319964408875,0.5194558501243591
YOL082W,YKL161C,0,-1.1356615,0.14656588435173035,0.8893319964408875,0.5195558667182922
YGL014W,YJL060W,0,-1.135816,0.1465418040752411,0.8893319964408875,0.5196558833122253
YEL036C,YJL081C,0,-1.1361781,0.14651773869991302,0.8893319964408875,0.5197558999061584
YOL103W-B,YAL029C,0,-1.1363425,0.14649367332458496,0.8893319964408875,0.5198559761047363
YOR168W,YJL171C,0,-1.1365249,0.1464696228504181,0.8893319964408875,0.5199559926986694
YFL038C,YKL201C,0,-1.136832,0.14644557237625122,0.8893319964408875,0.5200560092926025
YKL210W,YLR389C,0,-1.1368623,0.14642153680324554,0.8893319964408875,0.5201560258865356
YDL202W,YPL099C,0,-1.1371832,0.14639750123023987,0.8893319964408875,0.5202561020851135
YCL014W,YGL051W,0,-1.1372337,0.14637348055839539,0.8893319964408875,0.5203561186790466
YOR388C,YIL140W,0,-1.1379921,0.1463494598865509,0.8893319964408875,0.5204561352729797
YCL074W,YCR046C,0,-1.1384357,0.14632545411586761,0.8893319964408875,0.5205561518669128
YGR288W,YDR173C,0,-1.1388189,0.14630146324634552,0.8893319964408875,0.520656168460846
YBR006W,YLR321C,0,-1.1389959,0.14627747237682343,0.8893319964408875,0.5207562446594238
YKL090W,YOL111C,0,-1.1390487,0.14625348150730133,0.8893319964408875,0.5208562612533569
YGR085C,YKL007W,0,-1.1391027,0.14622950553894043,0.8893319964408875,0.52095627784729
YEL070W,YML036W,0,-1.1391411,0.14620554447174072,0.8893319964408875,0.5210562944412231
YNL085W,YJR130C,0,-1.1392407,0.14618158340454102,0.8893319964408875,0.521156370639801
YJL134W,YLL017W,0,-1.139612,0.1461576223373413,0.8893319964408875,0.5212563872337341
YGL014W,YGL178W,1,-1.1398363,0.14629751443862915,0.8903290033340454,0.5212563872337341
YNR004W,YJL171C,0,-1.1400464,0.14627355337142944,0.8903290033340454,0.5213564038276672
YJL214W,YDL170W,0,-1.1401131,0.14624959230422974,0.8903290033340454,0.5214564204216003
YDL142C,YLR329W,0,-1.1403921,0.14622564613819122,0.8903290033340454,0.5215564966201782
YLR153C,YOL004W,0,-1.1407766,0.1462016999721527,0.8903290033340454,0.5216565132141113
YLR329W,YOR230W,0,-1.1410408,0.1461777687072754,0.8903290033340454,0.5217565298080444
YDL245C,YER190W,0,-1.1411147,0.14615385234355927,0.8903290033340454,0.5218565464019775
YMR276W,YGL174W,0,-1.1416719,0.14612993597984314,0.8903290033340454,0.5219565629959106
YMR173W,YJR053W,0,-1.1422092,0.14610601961612701,0.8903290033340454,0.5220566391944885
YMR077C,YDR109C,0,-1.1422149,0.14608211815357208,0.8903290033340454,0.5221566557884216
YNL008C,YDR444W,0,-1.1422863,0.14605823159217834,0.8903290033340454,0.5222566723823547
YEL022W,YMR077C,0,-1.1424801,0.1460343450307846,0.8903290033340454,0.5223566889762878
YML080W,YPL218W,0,-1.1425478,0.14601045846939087,0.8903290033340454,0.5224567651748657
YKL007W,YHR058C,0,-1.1430557,0.14598660171031952,0.8903290033340454,0.5225567817687988
YLR410W-A,YER104W,0,-1.143848,0.14596273005008698,0.8903290033340454,0.5226567983627319
YCL036W,YLR206W,0,-1.1443039,0.14593887329101562,0.8903290033340454,0.522756814956665
YDL028C,YOL101C,0,-1.1445292,0.14591503143310547,0.8903290033340454,0.5228568315505981
YHR061C,YIL076W,0,-1.1447575,0.1458911895751953,0.8903290033340454,0.522956907749176
YFL002W-B,YKL001C,0,-1.145071,0.14586736261844635,0.8903290033340454,0.5230569243431091
YHR030C,YDR167W,0,-1.1453034,0.1458435356616974,0.8903290033340454,0.5231569409370422
YKL189W,YLR088W,0,-1.1453928,0.14581972360610962,0.8903290033340454,0.5232569575309753
YBR066C,YHL012W,0,-1.1454432,0.14579591155052185,0.8903290033340454,0.5233570337295532
YOL004W,YOR313C,0,-1.1455255,0.14577211439609528,0.8903290033340454,0.5234570503234863
YKL161C,YLR300W,0,-1.1461152,0.1457483321428299,0.8903290033340454,0.5235570669174194
YMR098C,YJR091C,1,-1.1470464,0.14588773250579834,0.8913260102272034,0.5235570669174194
YHR214C-B,YIR032C,0,-1.1472605,0.14586392045021057,0.8913260102272034,0.5236570835113525
YPR144C,YPR006C,0,-1.1473842,0.145840123295784,0.8913260102272034,0.5237571001052856
YOR142W-B,YKR002W,0,-1.1475505,0.14581634104251862,0.8913260102272034,0.5238571763038635
YCL018W,YFL001W,0,-1.1478435,0.14579255878925323,0.8913260102272034,0.5239571928977966
YOL165C,YER137C-A,0,-1.1479893,0.14576879143714905,0.8913260102272034,0.5240572094917297
YDR423C,YIL080W,0,-1.1481144,0.14574502408504486,0.8913260102272034,0.5241572260856628
YNR021W,YNL309W,0,-1.1483327,0.14572127163410187,0.8913260102272034,0.5242573022842407
YDR254W,YJR103W,0,-1.1483606,0.14569751918315887,0.8913260102272034,0.5243573188781738
YNL304W,YBL026W,0,-1.1485219,0.14567378163337708,0.8913260102272034,0.5244573354721069
YBR274W,YAR031W,0,-1.1486026,0.14565004408359528,0.8913260102272034,0.52455735206604
YJL155C,YLL017W,0,-1.1487451,0.14562632143497467,0.8913260102272034,0.5246573686599731
YOR147W,YDR369C,0,-1.1489542,0.14560259878635406,0.8913260102272034,0.524757444858551
YDL197C,YLR410W-A,0,-1.1489619,0.14557889103889465,0.8913260102272034,0.5248574614524841
YPR167C,YDL111C,0,-1.1489725,0.14555519819259644,0.8913260102272034,0.5249574780464172
YNR074C,YAL017W,0,-1.1491654,0.14553150534629822,0.8913260102272034,0.5250574946403503
YGL173C,YNR052C,1,-1.1492784,0.1456705778837204,0.8923230171203613,0.5250574946403503
YML032C,YNR072W,0,-1.1496701,0.145646870136261,0.8923230171203613,0.5251575708389282
YOR176W,YGR179C,0,-1.1497388,0.14562316238880157,0.8923230171203613,0.5252575874328613
YOR054C,YOL066C,0,-1.1497817,0.14559948444366455,0.8923230171203613,0.5253576040267944
YPR030W,YPR133W-A,0,-1.1499964,0.14557579159736633,0.8923230171203613,0.5254576206207275
YGR056W,YJR078W,0,-1.1499968,0.1455521285533905,0.8923230171203613,0.5255576968193054
YKR103W,YBR192W,0,-1.1500126,0.14552845060825348,0.8923230171203613,0.5256577134132385
YDR030C,YDR229W,0,-1.1502811,0.14550480246543884,0.8923230171203613,0.5257577300071716
YDR261C-D,YAR027W,0,-1.1503301,0.145481139421463,0.8923230171203613,0.5258577466011047
YKR035W-A,YIL140W,0,-1.1504178,0.14545750617980957,0.8923230171203613,0.5259577631950378
YOR292C,YOL102C,0,-1.1504631,0.14543385803699493,0.8923230171203613,0.5260578393936157
YNL001W,YGL222C,1,-1.15102,0.1455727070569992,0.8933200240135193,0.5260578393936157
YHR030C,YKL003C,0,-1.1514376,0.14554905891418457,0.8933200240135193,0.5261578559875488
YPL200W,YPL027W,0,-1.1514758,0.14552542567253113,0.8933200240135193,0.5262578725814819
YER112W,YJR022W,1,-1.1523974,0.14566417038440704,0.8943170309066772,0.5262578725814819
YLR404W,YLR350W,0,-1.1524708,0.1456405222415924,0.8943170309066772,0.526357889175415
YJR151C,YBR128C,0,-1.152546,0.14561688899993896,0.8943170309066772,0.5264579653739929
YCL036W,YBR006W,0,-1.1528624,0.14559324085712433,0.8943170309066772,0.526557981967926
YPL096W,YLR050C,0,-1.1531302,0.14556962251663208,0.8943170309066772,0.5266579985618591
YDR059C,YMR213W,0,-1.1537883,0.14554600417613983,0.8943170309066772,0.5267580151557922
YNL274C,YMR308C,0,-1.1539109,0.14552238583564758,0.8943170309066772,0.5268580317497253
YOR206W,YLR278C,0,-1.1542133,0.14549878239631653,0.8943170309066772,0.5269581079483032
YNL232W,YJL053W,0,-1.154434,0.14547519385814667,0.8943170309066772,0.5270581245422363
YNR010W,YBR173C,0,-1.1547348,0.1454515904188156,0.8943170309066772,0.5271581411361694
YLR103C,YPL087W,0,-1.1548829,0.14542801678180695,0.8943170309066772,0.5272581577301025
YFL038C,YBL034C,0,-1.154985,0.14540444314479828,0.8943170309066772,0.5273582339286804
YPL094C,YMR194W,0,-1.1549854,0.1453808695077896,0.8943170309066772,0.5274582505226135
YEL015W,YJL124C,1,-1.1554862,0.14551936089992523,0.8953140377998352,0.5274582505226135
YAL016W,YDR138W,0,-1.155565,0.14549578726291656,0.8953140377998352,0.5275582671165466
YLR025W,YJR034W,0,-1.1557949,0.1454722136259079,0.8953140377998352,0.5276582837104797
YJR004C,YJL140W,0,-1.1574457,0.14544865489006042,0.8953140377998352,0.5277583003044128
YGL209W,YGR255C,0,-1.157463,0.14542509615421295,0.8953140377998352,0.5278583765029907
YOR074C,YKL180W,0,-1.1576395,0.14540155231952667,0.8953140377998352,0.5279583930969238
YDL202W,YGL051W,0,-1.1576574,0.1453780084848404,0.8953140377998352,0.5280584096908569
YMR210W,YER087C-B,0,-1.1576654,0.1453544795513153,0.8953140377998352,0.52815842628479
YDR079W,YER087W,0,-1.1581323,0.14533096551895142,0.8953140377998352,0.5282585024833679
YAL021C,YJL140W,1,-1.1584505,0.14546924829483032,0.8963110446929932,0.5282585024833679
YGL122C,YCL026C-B,0,-1.1586592,0.14544571936130524,0.8963110446929932,0.528358519077301
YIL094C,YPL093W,0,-1.1587198,0.14542219042778015,0.8963110446929932,0.5284585356712341
YMR234W,YNL016W,1,-1.1588099,0.14556041359901428,0.8973080515861511,0.5284585356712341
YOL057W,YNL178W,0,-1.159307,0.145536869764328,0.8973080515861511,0.5285585522651672
YER137C-A,YOR294W,0,-1.1594383,0.14551334083080292,0.8973080515861511,0.5286585688591003
YPR083W,YDR173C,0,-1.1595126,0.14548981189727783,0.8973080515861511,0.5287586450576782
YLL002W,YKL007W,0,-1.159831,0.14546629786491394,0.8973080515861511,0.5288586616516113
YPL276W,YGL148W,0,-1.1600214,0.14544279873371124,0.8973080515861511,0.5289586782455444
YGL083W,YPL244C,0,-1.1609423,0.14541929960250854,0.8973080515861511,0.5290586948394775
YOL107W,YER087C-B,0,-1.1611333,0.14539580047130585,0.8973080515861511,0.5291587710380554
YDR229W,YLR213C,0,-1.1612301,0.14537231624126434,0.8973080515861511,0.5292587876319885
YOR377W,YGR222W,0,-1.1612554,0.14534883201122284,0.8973080515861511,0.5293588042259216
YBR274W,YCR011C,0,-1.1613659,0.14532536268234253,0.8973080515861511,0.5294588208198547
YPR137C-A,YHR214C-B,0,-1.1614978,0.1453019082546234,0.8973080515861511,0.5295588970184326
YLR404W,YFL066C,0,-1.1615479,0.1452784538269043,0.8973080515861511,0.5296589136123657
YGR199W,YLR042C,0,-1.1616647,0.14525499939918518,0.8973080515861511,0.5297589302062988
YOR274W,YML045W-A,0,-1.1619849,0.14523155987262726,0.8973080515861511,0.5298589468002319
YCL014W,YLR325C,0,-1.1622331,0.14520813524723053,0.8973080515861511,0.529958963394165
YDL217C,YJL171C,0,-1.1623704,0.1451847106218338,0.8973080515861511,0.5300590395927429
YNL085W,YMR213W,0,-1.1626521,0.14516128599643707,0.8973080515861511,0.530159056186676
YOL026C,YDR381C-A,0,-1.1628987,0.14513787627220154,0.8973080515861511,0.5302590727806091
YMR114C,YLL012W,0,-1.1630294,0.1451144814491272,0.8973080515861511,0.5303590893745422
YNR017W,YGR118W,0,-1.163429,0.14509108662605286,0.8973080515861511,0.5304591655731201
YDL179W,YDL045W-A,0,-1.1636162,0.14506769180297852,0.8973080515861511,0.5305591821670532
YAL063C,YBR170C,0,-1.1636989,0.14504431188106537,0.8973080515861511,0.5306591987609863
YPR137W,YGR222W,0,-1.1637129,0.14502094686031342,0.8973080515861511,0.5307592153549194
YPL134C,YNL208W,0,-1.1640652,0.14499758183956146,0.8973080515861511,0.5308592319488525
YNR006W,YNL138W,0,-1.1646166,0.1449742317199707,0.8973080515861511,0.5309593081474304
YER013W,YGR161W-B,0,-1.1647424,0.14495088160037994,0.8973080515861511,0.5310593247413635
YLR141W,YMR137C,0,-1.1649725,0.14492753148078918,0.8973080515861511,0.5311593413352966
YMR117C,YLR404W,0,-1.1649901,0.14490419626235962,0.8973080515861511,0.5312593579292297
YDR262W,YDL148C,0,-1.1653924,0.14488087594509125,0.8973080515861511,0.5313594341278076
YJR127C,YPR119W,0,-1.1655252,0.14485755562782288,0.8973080515861511,0.5314594507217407
YCR087C-A,YPL273W,0,-1.1658536,0.1448342502117157,0.8973080515861511,0.5315594673156738
YLR452C,YLR410W-B,0,-1.1661136,0.14481094479560852,0.8973080515861511,0.5316594839096069
YPR002W,YCL004W,0,-1.1661453,0.14478763937950134,0.8973080515861511,0.53175950050354
YOR142W-B,YIL135C,0,-1.1661922,0.14476434886455536,0.8973080515861511,0.5318595767021179
YOL112W,YDR389W,0,-1.1662083,0.14474107325077057,0.8973080515861511,0.531959593296051
YER013W,YIL083C,0,-1.1667113,0.14471779763698578,0.8973080515861511,0.5320596098899841
YLR329W,YLR410W-B,0,-1.1675391,0.14469453692436218,0.8973080515861511,0.5321596264839172
YLR268W,YPR133W-A,0,-1.167695,0.1446712762117386,0.8973080515861511,0.5322597026824951
YNL160W,YCL004W,0,-1.168009,0.14464803040027618,0.8973080515861511,0.5323597192764282
YDR453C,YOR123C,0,-1.1685596,0.14462478458881378,0.8973080515861511,0.5324597358703613
YOR142W-A,YNL258C,0,-1.1685752,0.14460153877735138,0.8973080515861511,0.5325597524642944
YPL257W-B,YER130C,0,-1.1693966,0.14457830786705017,0.8973080515861511,0.5326597690582275
YGL236C,YDL140C,0,-1.1696491,0.14455509185791016,0.8973080515861511,0.5327598452568054
YLL051C,YGR010W,0,-1.1697273,0.14453187584877014,0.8973080515861511,0.5328598618507385
YDR369C,YNL092W,0,-1.1698081,0.14450867474079132,0.8973080515861511,0.5329598784446716
YDR337W,YDR364C,0,-1.1703153,0.1444854736328125,0.8973080515861511,0.5330598950386047
YGR109W-B,YKL078W,0,-1.1703665,0.14446227252483368,0.8973080515861511,0.5331599712371826
YGL222C,YJL050W,1,-1.1706142,0.14459958672523499,0.8983050584793091,0.5331599712371826
YNL232W,YLR429W,0,-1.1706412,0.14457638561725616,0.8983050584793091,0.5332599878311157
YBR093C,YAL031C,0,-1.1707816,0.14455318450927734,0.8983050584793091,0.5333600044250488
YOR323C,YBR182C,0,-1.1711032,0.14452999830245972,0.8983050584793091,0.5334600210189819
YLL040C,YMR075W,0,-1.1711134,0.1445068120956421,0.8983050584793091,0.5335600972175598
YNR021W,YOR138C,0,-1.1711633,0.14448364078998566,0.8983050584793091,0.5336601138114929
YLR425W,YAL040C,0,-1.1713874,0.14446048438549042,0.8983050584793091,0.533760130405426
YER013W,YKR102W,0,-1.1715097,0.14443731307983398,0.8983050584793091,0.5338601469993591
YJR151C,YDR476C,0,-1.1715522,0.14441417157649994,0.8983050584793091,0.5339601635932922
YML032C,YJR034W,0,-1.1718755,0.1443910300731659,0.8983050584793091,0.5340602397918701
YMR246W,YDL077C,0,-1.1727197,0.14436788856983185,0.8983050584793091,0.5341602563858032
YDR512C,YHR214C-B,0,-1.1728288,0.144344761967659,0.8983050584793091,0.5342602729797363
YLR182W,YDR059C,0,-1.1732032,0.14432163536548615,0.8983050584793091,0.5343602895736694
YGR109W-B,YDL217C,0,-1.1733842,0.1442985236644745,0.8983050584793091,0.5344603657722473
YGL170C,YMR186W,0,-1.1735722,0.14427542686462402,0.8983050584793091,0.5345603823661804
YLR404W,YPL274W,0,-1.1737528,0.14425231516361237,0.8983050584793091,0.5346603989601135
YBR020W,YDR222W,0,-1.1737607,0.1442292332649231,0.8983050584793091,0.5347604155540466
YLR425W,YBR129C,0,-1.1740444,0.14420615136623383,0.8983050584793091,0.5348604321479797
YOL155C,YDL097C,0,-1.1741455,0.14418306946754456,0.8983050584793091,0.5349605083465576
YPR113W,YGR199W,0,-1.1746567,0.14416000247001648,0.8983050584793091,0.5350605249404907
YCR093W,YDL202W,0,-1.1748374,0.1441369354724884,0.8983050584793091,0.5351605415344238
YHR211W,YJR092W,0,-1.1748966,0.14411388337612152,0.8983050584793091,0.5352605581283569
YDL246C,YNL232W,0,-1.1754551,0.14409083127975464,0.8983050584793091,0.5353606343269348
YBL041W,YGR177C,0,-1.1754843,0.14406779408454895,0.8983050584793091,0.5354606509208679
YDL107W,YOR085W,0,-1.1757357,0.14404475688934326,0.8983050584793091,0.535560667514801
YLR028C,YJR053W,0,-1.1760243,0.14402173459529877,0.8983050584793091,0.5356606841087341
YDR164C,YOR353C,0,-1.1761447,0.14399872720241547,0.8983050584793091,0.5357607007026672
YIL095W,YLR410W-B,0,-1.1762453,0.14397570490837097,0.8983050584793091,0.5358607769012451
YMR137C,YJL053W,0,-1.1764944,0.14395271241664886,0.8983050584793091,0.5359607934951782
YOR054C,YLR268W,0,-1.1765184,0.14392970502376556,0.8983050584793091,0.5360608100891113
YBR281C,YBR173C,0,-1.1768072,0.14390672743320465,0.8983050584793091,0.5361608266830444
YOR343W-B,YFL054C,0,-1.1771579,0.14388374984264374,0.8983050584793091,0.5362609028816223
YJL225C,YDR210C-C,0,-1.1772094,0.14386077225208282,0.8983050584793091,0.5363609194755554
YHR214C-B,YNL230C,0,-1.1775907,0.1438378095626831,0.8983050584793091,0.5364609360694885
YAL063C,YJL006C,0,-1.1778088,0.1438148468732834,0.8983050584793091,0.5365609526634216
YIL088C,YGL163C,0,-1.1780232,0.14379189908504486,0.8983050584793091,0.5366609692573547
YDL021W,YLR213C,0,-1.178281,0.14376895129680634,0.8983050584793091,0.5367610454559326
YMR097C,YGL060W,0,-1.1784358,0.143746018409729,0.8983050584793091,0.5368610620498657
YNL284C-A,YPR083W,0,-1.1786411,0.14372308552265167,0.8983050584793091,0.5369610786437988
YCL074W,YIL159W,0,-1.1787214,0.14370015263557434,0.8983050584793091,0.5370610952377319
YPL131W,YIL132C,0,-1.1792297,0.1436772495508194,0.8983050584793091,0.5371611714363098
YBL029C-A,YLR348C,0,-1.17923,0.14365433156490326,0.8983050584793091,0.5372611880302429
YLL041C,YGL062W,0,-1.1794354,0.1436314433813095,0.8983050584793091,0.537361204624176
YOR310C,YER137C-A,0,-1.179573,0.14360854029655457,0.8983050584793091,0.5374612212181091
YMR193W,YDR262W,0,-1.1797177,0.14358565211296082,0.8983050584793091,0.537561297416687
YPL082C,YNL006W,0,-1.1798105,0.14356277883052826,0.8983050584793091,0.5376613140106201
YLR224W,YMR143W,0,-1.1798687,0.1435399055480957,0.8983050584793091,0.5377613306045532
YMR117C,YNL274C,0,-1.179996,0.14351704716682434,0.8983050584793091,0.5378613471984863
YJR070C,YHR156C,0,-1.1802206,0.14349418878555298,0.8983050584793091,0.5379613637924194
YBR177C,YLR390W,0,-1.1802671,0.14347133040428162,0.8983050584793091,0.5380614399909973
YDR492W,YPL002C,0,-1.1806686,0.14344850182533264,0.8983050584793091,0.5381614565849304
YKL103C,YPR133W-A,0,-1.1812235,0.14342565834522247,0.8983050584793091,0.5382614731788635
YBR120C,YLR383W,0,-1.1812735,0.1434028297662735,0.8983050584793091,0.5383614897727966
YGL170C,YLR425W,0,-1.181612,0.14338001608848572,0.8983050584793091,0.5384615659713745
YBR202W,YOL038W,0,-1.1821972,0.14335720241069794,0.8983050584793091,0.5385615825653076
YPL131W,YGR171C,0,-1.183306,0.14333438873291016,0.8983050584793091,0.5386615991592407
YGR282C,YDL083C,0,-1.1840425,0.14331158995628357,0.8983050584793091,0.5387616157531738
YCL034W,YGR222W,0,-1.1842824,0.14328880608081818,0.8983050584793091,0.5388616323471069
YCL018W,YCL032W,0,-1.1845553,0.14326602220535278,0.8983050584793091,0.5389617085456848
YMR284W,YOR294W,0,-1.1847036,0.1432432383298874,0.8983050584793091,0.5390617251396179
YGL062W,YLR005W,0,-1.1848166,0.1432204693555832,0.8983050584793091,0.539161741733551
YOR142W-A,YGL174W,0,-1.1849664,0.14319771528244019,0.8983050584793091,0.5392617583274841
YNL016W,YGL173C,1,-1.1860557,0.14333386719226837,0.899302065372467,0.5392617583274841
YKL171W,YBL026W,0,-1.18625,0.14331108331680298,0.899302065372467,0.539361834526062
YBL005W-B,YOR222W,0,-1.1864806,0.14328832924365997,0.899302065372467,0.5394618511199951
YMR270C,YDR497C,0,-1.186542,0.14326556026935577,0.899302065372467,0.5395618677139282
YGR255C,YOL108C,0,-1.186901,0.14324282109737396,0.899302065372467,0.5396618843078613
YER151C,YFL010W-A,0,-1.1872863,0.14322006702423096,0.899302065372467,0.5397619009017944
YLR395C,YBR281C,0,-1.1874765,0.14319732785224915,0.899302065372467,0.5398619771003723
YER138C,YLR047C,0,-1.1875196,0.14317460358142853,0.899302065372467,0.5399619936943054
YCL004W,YLL033W,0,-1.1876343,0.1431518793106079,0.899302065372467,0.5400620102882385
YOR388C,YMR218C,0,-1.1886573,0.1431291699409485,0.899302065372467,0.5401620268821716
YLR028C,YMR240C,0,-1.1886703,0.14310646057128906,0.899302065372467,0.5402621030807495
YNL010W,YML006C,0,-1.1888299,0.14308375120162964,0.899302065372467,0.5403621196746826
YHR211W,YMR218C,0,-1.1888677,0.1430610567331314,0.899302065372467,0.5404621362686157
YKR071C,YOL043C,0,-1.1890541,0.14303837716579437,0.899302065372467,0.5405621528625488
YPL110C,YEL056W,0,-1.1891067,0.14301569759845734,0.899302065372467,0.5406621694564819
YPL064C,YCL026C-B,0,-1.1891584,0.1429930180311203,0.899302065372467,0.5407622456550598
YDL054C,YMR078C,0,-1.1893821,0.14297035336494446,0.899302065372467,0.5408622622489929
YPL163C,YML109W,0,-1.1894987,0.1429477035999298,0.899302065372467,0.540962278842926
YGR288W,YGR109W-B,0,-1.189616,0.14292505383491516,0.899302065372467,0.5410622954368591
YDR530C,YOR351C,0,-1.1899304,0.1429024040699005,0.899302065372467,0.541162371635437
YMR276W,YNL267W,0,-1.1899338,0.14287976920604706,0.899302065372467,0.5412623882293701
YOR038C,YNR035C,0,-1.1900493,0.1428571492433548,0.899302065372467,0.5413624048233032
YLR410W-A,YOR219C,0,-1.1903791,0.14283451437950134,0.899302065372467,0.5414624214172363
YDL171C,YCL004W,0,-1.1904982,0.14281190931797028,0.899302065372467,0.5415624976158142
YDR383C,YBR081C,0,-1.1909053,0.1427893042564392,0.899302065372467,0.5416625142097473
YLR043C,YGR089W,0,-1.190909,0.14276669919490814,0.899302065372467,0.5417625308036804
YLR425W,YLR390W,0,-1.1914033,0.14274410903453827,0.899302065372467,0.5418625473976135
YKL175W,YBL029C-A,0,-1.1914607,0.1427215188741684,0.899302065372467,0.5419625639915466
YGR109W-B,YDL022W,0,-1.1915445,0.14269894361495972,0.899302065372467,0.5420626401901245
YLL017W,YKL085W,0,-1.1915982,0.14267636835575104,0.899302065372467,0.5421626567840576
YML032C,YJL082W,0,-1.1916658,0.14265380799770355,0.899302065372467,0.5422626733779907
YGL014W,YPL273W,0,-1.1918347,0.14263124763965607,0.899302065372467,0.5423626899719238
YER137C-A,YLR213C,0,-1.1919358,0.14260870218276978,0.899302065372467,0.5424627661705017
YJL114W,YDR109C,0,-1.1920245,0.14258615672588348,0.899302065372467,0.5425627827644348
YMR123W,YER137C-A,0,-1.192076,0.1425636112689972,0.899302065372467,0.5426627993583679
YLR289W,YNR044W,0,-1.192402,0.1425410807132721,0.899302065372467,0.542762815952301
YMR097C,YJL082W,0,-1.1924021,0.1425185650587082,0.899302065372467,0.5428628325462341
YPL276W,YPR149W,0,-1.1925334,0.1424960494041443,0.899302065372467,0.542962908744812
YLR429W,YPL167C,0,-1.1925725,0.14247354865074158,0.899302065372467,0.5430629253387451
YLR020C,YDR337W,0,-1.1928294,0.14245104789733887,0.899302065372467,0.5431629419326782
YER154W,YNL080C,0,-1.194019,0.14242854714393616,0.899302065372467,0.5432629585266113
YLR107W,YNL192W,0,-1.1941164,0.14240606129169464,0.899302065372467,0.5433630347251892
YDL197C,YLR187W,0,-1.1943088,0.14238359034061432,0.899302065372467,0.5434630513191223
YPL104W,YKL186C,0,-1.1944706,0.1423611044883728,0.899302065372467,0.5435630679130554
YNL026W,YMR270C,0,-1.194546,0.14233864843845367,0.899302065372467,0.5436630845069885
YPL151C,YAL031C,0,-1.1956342,0.14231619238853455,0.899302065372467,0.5437631011009216
YPR119W,YPR138C,0,-1.1962477,0.14229373633861542,0.899302065372467,0.5438631772994995
YDR082W,YPR001W,0,-1.1962606,0.14227129518985748,0.899302065372467,0.5439631938934326
YER137C-A,YDL070W,0,-1.1963823,0.14224885404109955,0.899302065372467,0.5440632104873657
YLL017W,YDR261W-A,0,-1.1966395,0.1422264277935028,0.899302065372467,0.5441632270812988
YEL069C,YGR020C,0,-1.1970632,0.14220400154590607,0.899302065372467,0.5442633032798767
YGL083W,YNL284C-A,0,-1.1971685,0.14218159019947052,0.899302065372467,0.5443633198738098
YNL274C,YNL284C,0,-1.1972152,0.14215917885303497,0.899302065372467,0.5444633364677429
YLR183C,YFL045C,0,-1.1972858,0.14213678240776062,0.899302065372467,0.544563353061676
YDR026C,YHR056C,0,-1.1973863,0.14211438596248627,0.899302065372467,0.5446633696556091
YJL005W,YIL135C,0,-1.1974156,0.1420920044183731,0.899302065372467,0.544763445854187
YDR373W,YIL042C,0,-1.1982726,0.14206962287425995,0.899302065372467,0.5448634624481201
YER165W,YDR109C,0,-1.1982824,0.1420472413301468,0.899302065372467,0.5449634790420532
YLL013C,YJR006W,1,-1.198327,0.1421823352575302,0.9002991318702698,0.5449634790420532
YPR158C-C,YLR348C,0,-1.1992409,0.14215995371341705,0.9002991318702698,0.5450634956359863
YOR343W-B,YML099C,0,-1.1993718,0.1421375721693039,0.9002991318702698,0.5451635718345642
YGR225W,YLR227W-B,0,-1.1998031,0.14211520552635193,0.9002991318702698,0.5452635884284973
YPL273W,YAL031C,0,-1.1999004,0.14209283888339996,0.9002991318702698,0.5453636050224304
YPR158C-C,YOR317W,0,-1.1999047,0.1420704871416092,0.9002991318702698,0.5454636216163635
YKR069W,YAL039C,0,-1.2012092,0.14204813539981842,0.9002991318702698,0.5455636978149414
YGR271W,YCL026C-B,0,-1.2013755,0.14202579855918884,0.9002991318702698,0.5456637144088745
YBR002C,YGR185C,0,-1.2016625,0.14200346171855927,0.9002991318702698,0.5457637310028076
YLL029W,YGR010W,0,-1.2020868,0.1419811248779297,0.9002991318702698,0.5458637475967407
YPL257W-B,YLR359W,0,-1.2021922,0.1419588178396225,0.9002991318702698,0.5459637641906738
YDR210C-C,YKR035W-A,0,-1.202343,0.1419364959001541,0.9002991318702698,0.5460638403892517
YBR177C,YPR091C,0,-1.2023923,0.14191418886184692,0.9002991318702698,0.5461638569831848
YJR006W,YPL257W-B,0,-1.2024157,0.14189189672470093,0.9002991318702698,0.5462638735771179
YJR130C,YFR052W,0,-1.2028421,0.14186960458755493,0.9002991318702698,0.546363890171051
YER087W,YBR074W,0,-1.2028449,0.14184731245040894,0.9002991318702698,0.5464639663696289
YDR454C,YER055C,0,-1.2029355,0.14182503521442413,0.9002991318702698,0.546563982963562
YLR389C,YLR251W,0,-1.2030194,0.14180275797843933,0.9002991318702698,0.5466639995574951
YKL190W,YLR410W-B,0,-1.2030907,0.14178049564361572,0.9002991318702698,0.5467640161514282
YDR263C,YFR021W,0,-1.2031126,0.1417582482099533,0.9002991318702698,0.5468640327453613
YOR142W-A,YKR101W,0,-1.2035005,0.1417359858751297,0.9002991318702698,0.5469641089439392
YLR410W-B,YJR140C,0,-1.2035128,0.14171375334262848,0.9002991318702698,0.5470641255378723
YDR451C,YDR261C-D,0,-1.2036527,0.14169150590896606,0.9002991318702698,0.5471641421318054
YML028W,YFL010W-A,0,-1.2036574,0.14166928827762604,0.9002991318702698,0.5472641587257385
YPL257W-B,YHR156C,0,-1.2036656,0.14164705574512482,0.9002991318702698,0.5473642349243164
YJL225C,YNL284C,0,-1.2040079,0.1416248381137848,0.9002991318702698,0.5474642515182495
YNL281W,YLR219W,0,-1.2040869,0.14160263538360596,0.9002991318702698,0.5475642681121826
YKL074C,YER145C,0,-1.2041571,0.14158043265342712,0.9002991318702698,0.5476642847061157
YLR429W,YCL026C-B,0,-1.2041821,0.14155824482440948,0.9002991318702698,0.5477643013000488
YLR080W,YOR351C,0,-1.2042081,0.14153605699539185,0.9002991318702698,0.5478643774986267
YJR147W,YDL225W,0,-1.2043275,0.1415138691663742,0.9002991318702698,0.5479643940925598
YJL206C,YCL026C-B,0,-1.2043295,0.14149169623851776,0.9002991318702698,0.5480644106864929
YGR072W,YLR136C,1,-1.2047228,0.14162619411945343,0.9012961387634277,0.5480644106864929
YMR046C,YOR020C,0,-1.2051423,0.1416040062904358,0.9012961387634277,0.548164427280426
YJL225C,YGL004C,0,-1.205331,0.14158183336257935,0.9012961387634277,0.5482645034790039
YJR055W,YGL236C,0,-1.2060096,0.1415596604347229,0.9012961387634277,0.548364520072937
YMR182C,YIR032C,0,-1.2062659,0.14153750240802765,0.9012961387634277,0.5484645366668701
YJL034W,YNR060W,0,-1.2066596,0.1415153443813324,0.9012961387634277,0.5485645532608032
YLL040C,YMR229C,0,-1.2067045,0.14149318635463715,0.9012961387634277,0.5486645698547363
YNR031C,YGR255C,0,-1.2067229,0.1414710432291031,0.9012961387634277,0.5487646460533142
YGR109W-B,YER137C-A,0,-1.2067755,0.14144891500473022,0.9012961387634277,0.5488646626472473
YJR028W,YML052W,0,-1.2068955,0.14142678678035736,0.9012961387634277,0.5489646792411804
YJR057W,YER098W,0,-1.2070315,0.1414046585559845,0.9012961387634277,0.5490646958351135
YLR395C,YLR020C,0,-1.2071735,0.14138254523277283,0.9012961387634277,0.5491647720336914
YAL033W,YKR020W,0,-1.2073327,0.14136043190956116,0.9012961387634277,0.5492647886276245
YBL026W,YPR138C,0,-1.2076099,0.14133833348751068,0.9012961387634277,0.5493648052215576
YDR174W,YMR300C,0,-1.2084783,0.1413162350654602,0.9012961387634277,0.5494648218154907
YCR057C,YLR130C,0,-1.2087607,0.14129415154457092,0.9012961387634277,0.5495648980140686
YBR145W,YOR204W,0,-1.2089477,0.14127206802368164,0.9012961387634277,0.5496649146080017
YJL187C,YKR055W,0,-1.2090073,0.14124999940395355,0.9012961387634277,0.5497649312019348
YOR142W-B,YGR179C,0,-1.2090878,0.14122793078422546,0.9012961387634277,0.5498649477958679
YGL183C,YMR136W,0,-1.2095017,0.14120587706565857,0.9012961387634277,0.549964964389801
YOL103W-B,YPR163C,0,-1.2097843,0.14118382334709167,0.9012961387634277,0.5500650405883789
YKL170W,YDL045C,0,-1.2100191,0.14116176962852478,0.9012961387634277,0.550165057182312
YDL061C,YOR025W,0,-1.2103211,0.14113973081111908,0.9012961387634277,0.5502650737762451
YER013W,YFL038C,0,-1.2110968,0.14111770689487457,0.9012961387634277,0.5503650903701782
YMR176W,YDR260C,0,-1.2113191,0.14109568297863007,0.9012961387634277,0.5504651665687561
YPR137C-A,YBL026W,0,-1.2113553,0.14107365906238556,0.9012961387634277,0.5505651831626892
YFR021W,YAL031C,0,-1.2113597,0.14105165004730225,0.9012961387634277,0.5506651997566223
YPR111W,YNL084C,0,-1.2114264,0.14102964103221893,0.9012961387634277,0.5507652163505554
YCR002C,YJR063W,0,-1.2126449,0.14100764691829681,0.9012961387634277,0.5508652329444885
YDR030C,YER087C-B,0,-1.2128029,0.1409856528043747,0.9012961387634277,0.5509653091430664
YPR189W,YGL186C,0,-1.2128192,0.14096367359161377,0.9012961387634277,0.5510653257369995
YJL034W,YGR246C,0,-1.2128339,0.14094169437885284,0.9012961387634277,0.5511653423309326
YMR315W,YDR167W,0,-1.2129346,0.14091971516609192,0.9012961387634277,0.5512653589248657
YBR052C,YIL079C,0,-1.2129906,0.1408977508544922,0.9012961387634277,0.5513654351234436
YLL061W,YDR381C-A,0,-1.2134495,0.14087580144405365,0.9012961387634277,0.5514654517173767
YPR137C-A,YLR227W-B,0,-1.2135041,0.1408538520336151,0.9012961387634277,0.5515654683113098
YDR454C,YLR380W,0,-1.2135086,0.14083190262317657,0.9012961387634277,0.5516654849052429
YGR020C,YDR281C,0,-1.2136209,0.14080996811389923,0.9012961387634277,0.551765501499176
YDL245C,YNR015W,0,-1.2145004,0.1407880336046219,0.9012961387634277,0.5518655776977539
YNL273W,YPL096W,0,-1.2146593,0.14076611399650574,0.9012961387634277,0.551965594291687
YDL045W-A,YNL208W,0,-1.2150624,0.1407441943883896,0.9012961387634277,0.5520656108856201
YJR138W,YOR299W,0,-1.215193,0.14072228968143463,0.9012961387634277,0.5521656274795532
YMR112C,YCL018W,0,-1.215567,0.14070038497447968,0.9012961387634277,0.5522657036781311
YJL124C,YGR185C,0,-1.2156224,0.1406784951686859,0.9012961387634277,0.5523657202720642
YGR109W-B,YGL220W,0,-1.2160224,0.14065660536289215,0.9012961387634277,0.5524657368659973
YBR031W,YGR089W,0,-1.2160748,0.14063473045825958,0.9012961387634277,0.5525657534599304
YOR378W,YLR410W-A,0,-1.216084,0.14061284065246582,0.9012961387634277,0.5526657700538635
YGR282C,YPR137C-A,0,-1.2162657,0.14059098064899445,0.9012961387634277,0.5527658462524414
YHR012W,YGL186C,0,-1.2164233,0.14056912064552307,0.9012961387634277,0.5528658628463745
YGR171C,YFL021W,0,-1.2164396,0.1405472606420517,0.9012961387634277,0.5529658794403076
YDR457W,YGR268C,0,-1.2166086,0.14052541553974152,0.9012961387634277,0.5530658960342407
YGL256W,YOR338W,0,-1.2169747,0.14050357043743134,0.9012961387634277,0.5531659722328186
YKR071C,YBR278W,0,-1.2170019,0.14048174023628235,0.9012961387634277,0.5532659888267517
YLR256W-A,YLR005W,0,-1.2172999,0.14045991003513336,0.9012961387634277,0.5533660054206848
YGL180W,YFL010W-A,0,-1.2173489,0.14043809473514557,0.9012961387634277,0.5534660220146179
YLR447C,YLR080W,0,-1.217371,0.14041627943515778,0.9012961387634277,0.5535660982131958
YBR066C,YJL176C,0,-1.2174844,0.14039446413516998,0.9012961387634277,0.5536661148071289
YCL018W,YDL078C,0,-1.2177758,0.14037266373634338,0.9012961387634277,0.553766131401062
YKL190W,YKL180W,0,-1.2187078,0.14035087823867798,0.9012961387634277,0.5538661479949951
YDR453C,YDL061C,0,-1.2188301,0.14032909274101257,0.9012961387634277,0.5539661645889282
YGR281W,YLR165C,0,-1.2194946,0.14030730724334717,0.9012961387634277,0.5540662407875061
YOR138C,YOR261C,0,-1.221001,0.14028553664684296,0.9012961387634277,0.5541662573814392
YNL230C,YGL060W,0,-1.2211347,0.14026376605033875,0.9012961387634277,0.5542662739753723
YBL029C-A,YOR294W,0,-1.2211531,0.14024201035499573,0.9012961387634277,0.5543662905693054
YDL208W,YER130C,0,-1.2213279,0.1402202546596527,0.9012961387634277,0.5544663667678833
YMR019W,YOR008C,0,-1.221376,0.1401985138654709,0.9012961387634277,0.5545663833618164
YJL194W,YGL237C,0,-1.2217822,0.14017677307128906,0.9012961387634277,0.5546663999557495
YBR223C,YDR369C,0,-1.2218213,0.14015503227710724,0.9012961387634277,0.5547664165496826
YLR020C,YDL021W,0,-1.2221167,0.1401333063840866,0.9012961387634277,0.5548664331436157
YDR304C,YFL023W,0,-1.2221193,0.14011159539222717,0.9012961387634277,0.5549665093421936
YER117W,YOR142W-B,0,-1.2225223,0.14008988440036774,0.9012961387634277,0.5550665259361267
YNR004W,YPL257W-B,0,-1.2232686,0.1400681734085083,0.9012961387634277,0.5551665425300598
YDR059C,YDR240C,0,-1.2244172,0.14004647731781006,0.9012961387634277,0.5552665591239929
YMR033W,YLR256W-A,0,-1.2245978,0.14002478122711182,0.9012961387634277,0.5553666353225708
YMR276W,YPL042C,0,-1.2247624,0.14000310003757477,0.9012961387634277,0.5554666519165039
YHR005C-A,YEL062W,0,-1.2249677,0.13998141884803772,0.9012961387634277,0.555566668510437
YOR071C,YDR494W,0,-1.225183,0.13995975255966187,0.9012961387634277,0.5556666851043701
YLR005W,YCR026C,0,-1.2253361,0.139938086271286,0.9012961387634277,0.5557667016983032
YNL273W,YDR131C,0,-1.2256715,0.13991641998291016,0.9012961387634277,0.5558667778968811
YFL057C,YGR239C,0,-1.2259226,0.1398947685956955,0.9012961387634277,0.5559667944908142
YBL029C-A,YDR404C,0,-1.2260023,0.13987311720848083,0.9012961387634277,0.5560668110847473
YGR171C,YOR215C,0,-1.2263609,0.13985148072242737,0.9012961387634277,0.5561668276786804
YFR031C,YFL002W-B,0,-1.2264771,0.1398298591375351,0.9012961387634277,0.5562669038772583
YGL209W,YLR191W,0,-1.2269349,0.13980822265148163,0.9012961387634277,0.5563669204711914
YMR032W,YJR028W,0,-1.2269588,0.13978661596775055,0.9012961387634277,0.5564669370651245
YJL029C,YPL274W,0,-1.2282214,0.13976499438285828,0.9012961387634277,0.5565669536590576
YIR011C,YOR294W,0,-1.2283297,0.1397433876991272,0.9012961387634277,0.5566670298576355
YPR072W,YIL038C,1,-1.2286749,0.1398763507604599,0.9022931456565857,0.5566670298576355
YKL038W,YEL040W,0,-1.2287399,0.13985472917556763,0.9022931456565857,0.5567670464515686
YGR171C,YCL032W,0,-1.228951,0.13983312249183655,0.9022931456565857,0.5568670630455017
YDR454C,YOL108C,0,-1.2291414,0.13981153070926666,0.9022931456565857,0.5569670796394348
YNL223W,YKL166C,0,-1.2292072,0.13978992402553558,0.9022931456565857,0.5570670962333679
YMR203W,YNR017W,0,-1.2293211,0.1397683471441269,0.9022931456565857,0.5571671724319458
YKL171W,YBR120C,0,-1.2295035,0.139746755361557,0.9022931456565857,0.5572671890258789
YJR119C,YMR246W,0,-1.2295287,0.13972517848014832,0.9022931456565857,0.557367205619812
YJL079C,YDR392W,0,-1.2300075,0.13970361649990082,0.9022931456565857,0.5574672222137451
YDR079W,YOR279C,0,-1.2302823,0.13968205451965332,0.9022931456565857,0.557567298412323
YNL085W,YNL314W,0,-1.2304404,0.13966049253940582,0.9022931456565857,0.5576673150062561
YOR076C,YGL173C,1,-1.23074,0.1397932469844818,0.9032901525497437,0.5576673150062561
YBR187W,YOL136C,0,-1.2307632,0.13977167010307312,0.9032901525497437,0.5577673316001892
YBR247C,YGR109W-B,0,-1.2310168,0.13975012302398682,0.9032901525497437,0.5578673481941223
YHR211W,YJL066C,0,-1.2316732,0.13972856104373932,0.9032901525497437,0.5579673647880554
YKL206C,YDR410C,0,-1.2328146,0.13970701396465302,0.9032901525497437,0.5580674409866333
YKL093W,YDR494W,0,-1.2329347,0.1396854817867279,0.9032901525497437,0.5581674575805664
YKL103C,YER137C-A,0,-1.2337105,0.1396639496088028,0.9032901525497437,0.5582674741744995
YPR001W,YOL040C,0,-1.2338104,0.13964241743087769,0.9032901525497437,0.5583674907684326
YDR457W,YER087C-B,0,-1.2343634,0.13962090015411377,0.9032901525497437,0.5584675669670105
YOR215C,YAL039C,0,-1.2344023,0.13959938287734985,0.9032901525497437,0.5585675835609436
YHR211W,YJL095W,0,-1.2348571,0.13957788050174713,0.9032901525497437,0.5586676001548767
YKR066C,YCL026C-B,0,-1.234953,0.1395563781261444,0.9032901525497437,0.5587676167488098
YOL129W,YJR151C,0,-1.2352276,0.13953489065170288,0.9032901525497437,0.5588676333427429
YPR042C,YGL122C,1,-1.2355287,0.13966739177703857,0.9042871594429016,0.5588676333427429
YIL143C,YMR097C,0,-1.235792,0.13964587450027466,0.9042871594429016,0.5589677095413208
YGR285C,YPR125W,0,-1.2359986,0.13962438702583313,0.9042871594429016,0.5590677261352539
YJL034W,YKR055W,0,-1.2363491,0.1396028995513916,0.9042871594429016,0.559167742729187
YDR403W,YGL019W,0,-1.2363812,0.13958141207695007,0.9042871594429016,0.5592677593231201
YGR052W,YNL131W,0,-1.2365313,0.13955993950366974,0.9042871594429016,0.559367835521698
YBR006W,YPL196W,0,-1.2365346,0.1395384669303894,0.9042871594429016,0.5594678521156311
YNL284C-A,YPR160W,0,-1.2365906,0.13951699435710907,0.9042871594429016,0.5595678687095642
YDR371W,YDL029W,0,-1.2367616,0.13949553668498993,0.9042871594429016,0.5596678853034973
YIL095W,YBR042C,0,-1.2371848,0.13947409391403198,0.9042871594429016,0.5597679018974304
YPR111W,YGL037C,0,-1.237786,0.13945265114307404,0.9042871594429016,0.5598679780960083
YNL127W,YPR002W,0,-1.2382855,0.1394312083721161,0.9042871594429016,0.5599679946899414
YBR020W,YPL240C,0,-1.2384658,0.13940978050231934,0.9042871594429016,0.5600680112838745
YDR369C,YLL040C,0,-1.2386556,0.13938835263252258,0.9042871594429016,0.5601680278778076
YLR452C,YIR011C,0,-1.2391719,0.13936693966388702,0.9042871594429016,0.5602681040763855
YDR263C,YOL107W,0,-1.2391808,0.13934552669525146,0.9042871594429016,0.5603681206703186
YOR323C,YMR136W,0,-1.2394843,0.1393241137266159,0.9042871594429016,0.5604681372642517
YNL281W,YOR142W-A,0,-1.2395884,0.13930271565914154,0.9042871594429016,0.5605681538581848
YGL222C,YLR398C,1,-1.2396922,0.13943488895893097,0.9052841663360596,0.5605681538581848
YER137C-A,YPR159W,0,-1.2398809,0.1394134759902954,0.9052841663360596,0.5606682300567627
YPR024W,YGL216W,0,-1.2401347,0.13939207792282104,0.9052841663360596,0.5607682466506958
YBR081C,YDR405W,0,-1.2406049,0.13937067985534668,0.9052841663360596,0.5608682632446289
YCR030C,YPL050C,0,-1.2406766,0.1393492966890335,0.9052841663360596,0.560968279838562
YLR359W,YDL074C,0,-1.2409768,0.13932791352272034,0.9052841663360596,0.5610682964324951
YLR009W,YCL026C-B,0,-1.2414954,0.13930653035640717,0.9052841663360596,0.561168372631073
YDR392W,YER087C-B,0,-1.2421347,0.1392851620912552,0.9052841663360596,0.5612683892250061
YMR115W,YCR026C,0,-1.2422223,0.1392638087272644,0.9052841663360596,0.5613684058189392
YBR096W,YBL034C,0,-1.2426741,0.13924244046211243,0.9052841663360596,0.5614684224128723
YDR383C,YKL182W,0,-1.2427204,0.13922110199928284,0.9052841663360596,0.5615684986114502
YLR113W,YDR173C,0,-1.2428439,0.13919974863529205,0.9052841663360596,0.5616685152053833
YHR061C,YPL104W,0,-1.2432154,0.13917842507362366,0.9052841663360596,0.5617685317993164
YNL282W,YDR381C-A,0,-1.2436671,0.13915708661079407,0.9052841663360596,0.5618685483932495
YJL030W,YJR130C,0,-1.2439702,0.13913576304912567,0.9052841663360596,0.5619685649871826
YKL201C,YMR301C,0,-1.244239,0.13911445438861847,0.9052841663360596,0.5620686411857605
YOL102C,YOR142W-A,0,-1.2444463,0.13909313082695007,0.9052841663360596,0.5621686577796936
YDR512C,YBR257W,0,-1.2444704,0.13907183706760406,0.9052841663360596,0.5622686743736267
YOR142W-B,YJR053W,0,-1.2446926,0.13905054330825806,0.9052841663360596,0.5623686909675598
YNR003C,YBL029C-A,0,-1.245231,0.13902924954891205,0.9052841663360596,0.5624687671661377
YOL026C,YPR152C,0,-1.2455115,0.13900795578956604,0.9052841663360596,0.5625687837600708
YDR369C,YMR267W,0,-1.2458613,0.13898667693138123,0.9052841663360596,0.5626688003540039
YHR211W,YKL053C-A,0,-1.2462337,0.1389654129743576,0.9052841663360596,0.562768816947937
YFL038C,YOR219C,0,-1.2462705,0.13894414901733398,0.9052841663360596,0.5628688335418701
YNL232W,YGL222C,1,-1.2464361,0.1390758901834488,0.9062811732292175,0.5628688335418701
YMR276W,YGL051W,0,-1.2466407,0.13905461132526398,0.9062811732292175,0.562968909740448
YMR033W,YLR410W-B,0,-1.2469399,0.13903334736824036,0.9062811732292175,0.5630689263343811
YLR330W,YKL094W,0,-1.2470863,0.13901208341121674,0.9062811732292175,0.5631689429283142
YKL093W,YLR088W,0,-1.2471972,0.13899081945419312,0.9062811732292175,0.5632689595222473
YNL127W,YPR026W,0,-1.2472577,0.1389695703983307,0.9062811732292175,0.5633690357208252
YPR144C,YLR160C,0,-1.2475934,0.13894833624362946,0.9062811732292175,0.5634690523147583
YDL208W,YHR057C,0,-1.2477494,0.13892710208892822,0.9062811732292175,0.5635690689086914
YGR161W-B,YGR264C,0,-1.2481629,0.138905867934227,0.9062811732292175,0.5636690855026245
YNL008C,YPR198W,0,-1.248462,0.13888464868068695,0.9062811732292175,0.5637691020965576
YNL072W,YER035W,1,-1.2485929,0.13901619613170624,0.9072781801223755,0.5637691020965576
YBR002C,YGR020C,0,-1.2486866,0.138994961977005,0.9072781801223755,0.5638691782951355
YGR109W-B,YKL217W,0,-1.2490329,0.13897372782230377,0.9072781801223755,0.5639691948890686
YLR256W-A,YJR140C,0,-1.2490625,0.13895250856876373,0.9072781801223755,0.5640692114830017
YJR127C,YLR130C,0,-1.2494164,0.1389313042163849,0.9072781801223755,0.5641692280769348
YBR271W,YOL026C,0,-1.2496428,0.13891008496284485,0.9072781801223755,0.5642693042755127
YJR010W,YPR043W,0,-1.2501359,0.1388888955116272,0.9072781801223755,0.5643693208694458
YIL088C,YJL004C,0,-1.2501749,0.13886769115924835,0.9072781801223755,0.5644693374633789
YDR229W,YDR261W-A,0,-1.2504061,0.1388465017080307,0.9072781801223755,0.564569354057312
YGL225W,YCL004W,0,-1.2505367,0.13882532715797424,0.9072781801223755,0.5646694302558899
YDR371W,YPR158C-C,0,-1.2505517,0.13880415260791779,0.9072781801223755,0.564769446849823
YBR230C,YBL052C,0,-1.2506992,0.13878297805786133,0.9072781801223755,0.5648694634437561
YGL183C,YLR344W,0,-1.2510262,0.13876181840896606,0.9072781801223755,0.5649694800376892
YGR180C,YER137C-A,0,-1.2522519,0.1387406587600708,0.9072781801223755,0.5650694966316223
YBL058W,YFL021W,0,-1.2524233,0.13871951401233673,0.9072781801223755,0.5651695728302002
YMR078C,YMR193W,0,-1.2527814,0.13869836926460266,0.9072781801223755,0.5652695894241333
YDR210C-C,YDL024C,0,-1.25281,0.13867723941802979,0.9072781801223755,0.5653696060180664
YJR127C,YER137C-A,0,-1.2528226,0.1386561095714569,0.9072781801223755,0.5654696226119995
YCL074W,YPL002C,0,-1.2529342,0.13863497972488403,0.9072781801223755,0.5655696988105774
YDL029W,YBL052C,0,-1.2530644,0.13861386477947235,0.9072781801223755,0.5656697154045105
YLR080W,YNR017W,0,-1.2533967,0.13859274983406067,0.9072781801223755,0.5657697319984436
YLR410W-B,YJL124C,0,-1.2534688,0.13857164978981018,0.9072781801223755,0.5658697485923767
YDL245C,YFR019W,0,-1.2534714,0.1385505497455597,0.9072781801223755,0.5659697651863098
YMR061W,YKR035W-A,0,-1.2535497,0.1385294497013092,0.9072781801223755,0.5660698413848877
YCL074W,YNR035C,0,-1.2538185,0.1385083645582199,0.9072781801223755,0.5661698579788208
YBR223C,YJR133W,0,-1.2539294,0.1384872943162918,0.9072781801223755,0.5662698745727539
YGR285C,YML045W-A,0,-1.2541541,0.1384662240743637,0.9072781801223755,0.566369891166687
YLR203C,YER168C,0,-1.2551148,0.1384451538324356,0.9072781801223755,0.5664699673652649
YMR089C,YDL059C,0,-1.2552478,0.1384240984916687,0.9072781801223755,0.566569983959198
YLL019C,YDR472W,0,-1.2554898,0.1384030431509018,0.9072781801223755,0.5666700005531311
YMR160W,YLR164W,0,-1.2556658,0.1383819878101349,0.9072781801223755,0.5667700171470642
YOL155C,YNR057C,0,-1.2559005,0.13836096227169037,0.9072781801223755,0.5668700337409973
YPL240C,YLR410W-B,0,-1.2565479,0.13833992183208466,0.9072781801223755,0.5669701099395752
YER137C-A,YMR240C,0,-1.2568092,0.13831889629364014,0.9072781801223755,0.5670701265335083
YKR101W,YFR052W,0,-1.2573681,0.13829787075519562,0.9072781801223755,0.5671701431274414
YLR025W,YLR251W,0,-1.257501,0.1382768601179123,0.9072781801223755,0.5672701597213745
YEL031W,YJR112W,0,-1.2576962,0.13825584948062897,0.9072781801223755,0.5673702359199524
YDR411C,YLR452C,0,-1.258013,0.13823485374450684,0.9072781801223755,0.5674702525138855
YDR453C,YKL172W,0,-1.2583241,0.1382138580083847,0.9072781801223755,0.5675702691078186
YPR042C,YDR151C,1,-1.2586598,0.13834472000598907,0.9082751870155334,0.5675702691078186
YGR246C,YBL089W,0,-1.2587581,0.13832372426986694,0.9082751870155334,0.5676702857017517
YNL271C,YGL010W,0,-1.2588383,0.13830271363258362,0.9082751870155334,0.5677703022956848
YGR282C,YMR210W,0,-1.2588755,0.1382817178964615,0.9082751870155334,0.5678703784942627
YGR020C,YJL214W,0,-1.2590208,0.13826073706150055,0.9082751870155334,0.5679703950881958
YFL002W-B,YOR294W,0,-1.2592208,0.1382397562265396,0.9082751870155334,0.5680704116821289
YLR410W-B,YMR270C,0,-1.2592819,0.13821879029273987,0.9082751870155334,0.568170428276062
YOL111C,YCL034W,0,-1.2593004,0.13819780945777893,0.9082751870155334,0.5682705044746399
YNL072W,YNL288W,1,-1.2596426,0.13832853734493256,0.9092721939086914,0.5682705044746399
YMR241W,YJL128C,0,-1.2596445,0.13830755650997162,0.9092721939086914,0.568370521068573
YLR047C,YMR273C,0,-1.2596725,0.13828657567501068,0.9092721939086914,0.5684705376625061
YPL276W,YKL064W,0,-1.2599729,0.13826560974121094,0.9092721939086914,0.5685705542564392
YOL103W-B,YOR283W,0,-1.2603675,0.1382446587085724,0.9092721939086914,0.5686706304550171
YKL130C,YDL039C,0,-1.2604947,0.13822370767593384,0.9092721939086914,0.5687706470489502
YKL074C,YFL021W,0,-1.2605,0.1382027566432953,0.9092721939086914,0.5688706636428833
YDR527W,YCR046C,0,-1.2611111,0.13818182051181793,0.9092721939086914,0.5689706802368164
YMR269W,YER137C-A,0,-1.2613931,0.13816088438034058,0.9092721939086914,0.5690706968307495
YLR410W-A,YPL129W,0,-1.2615567,0.13813996315002441,0.9092721939086914,0.5691707730293274
YBL113C,YIL046W,0,-1.261561,0.13811904191970825,0.9092721939086914,0.5692707896232605
YLR029C,YOR008C,0,-1.2617531,0.1380981206893921,0.9092721939086914,0.5693708062171936
YPL213W,YOR147W,0,-1.2621982,0.13807721436023712,0.9092721939086914,0.5694708228111267
YLR228C,YLR256W-A,0,-1.2623663,0.13805630803108215,0.9092721939086914,0.5695708990097046
YJL141C,YKL186C,0,-1.2625066,0.13803541660308838,0.9092721939086914,0.5696709156036377
YHR074W,YIL170W,0,-1.2626625,0.1380145251750946,0.9092721939086914,0.5697709321975708
YMR172W,YIL076W,0,-1.2626641,0.13799364864826202,0.9092721939086914,0.5698709487915039
YOR343W-B,YBR129C,0,-1.2627294,0.13797277212142944,0.9092721939086914,0.569970965385437
YGR081C,YCL043C,0,-1.2627621,0.13795189559459686,0.9092721939086914,0.5700710415840149
YDL059C,YHR039C-A,0,-1.2627734,0.13793103396892548,0.9092721939086914,0.570171058177948
YJR151C,YJL071W,0,-1.2629397,0.1379101723432541,0.9092721939086914,0.5702710747718811
YMR173W,YMR099C,0,-1.2632532,0.1378893256187439,0.9092721939086914,0.5703710913658142
YOR071C,YMR273C,0,-1.2632791,0.1378684788942337,0.9092721939086914,0.5704711675643921
YOR343W-B,YBR170C,0,-1.2633631,0.1378476470708847,0.9092721939086914,0.5705711841583252
YBL029C-A,YBR276C,0,-1.2641966,0.1378268152475357,0.9092721939086914,0.5706712007522583
YGR238C,YLR425W,0,-1.2642435,0.1378059834241867,0.9092721939086914,0.5707712173461914
YKL168C,YDL225W,0,-1.264363,0.1377851665019989,0.9092721939086914,0.5708712339401245
YDR306C,YOR008C,0,-1.2644249,0.1377643495798111,0.9092721939086914,0.5709713101387024
YBR281C,YLR042C,0,-1.2646117,0.13774354755878448,0.9092721939086914,0.5710713267326355
YBR243C,YJR103W,0,-1.2648578,0.13772274553775787,0.9092721939086914,0.5711713433265686
YDR205W,YLR410W-A,0,-1.2657254,0.13770194351673126,0.9092721939086914,0.5712713599205017
YPR158C-C,YLR103C,0,-1.2657309,0.13768115639686584,0.9092721939086914,0.5713714361190796
YBR187W,YGL241W,0,-1.2659547,0.13766038417816162,0.9092721939086914,0.5714714527130127
YMR046C,YAL039C,0,-1.2672219,0.1376395970582962,0.9092721939086914,0.5715714693069458
YMR173W,YDL097C,0,-1.2673326,0.13761882483959198,0.9092721939086914,0.5716714859008789
YKR055W,YOL151W,0,-1.2674532,0.13759806752204895,0.9092721939086914,0.571771502494812
YPL113C,YPL112C,0,-1.2676063,0.13757731020450592,0.9092721939086914,0.5718715786933899
YDR281C,YDR508C,0,-1.2678673,0.13755656778812408,0.9092721939086914,0.571971595287323
YJR149W,YIL021W,0,-1.2682096,0.13753581047058105,0.9092721939086914,0.5720716118812561
YPL151C,YDR261W-A,0,-1.2682314,0.1375150829553604,0.9092721939086914,0.5721716284751892
YLR289W,YMR038C,0,-1.2684152,0.13749434053897858,0.9092721939086914,0.5722717046737671
YBL112C,YFR019W,0,-1.2688961,0.13747362792491913,0.9092721939086914,0.5723717212677002
YDR026C,YBR080C,0,-1.2699198,0.1374529004096985,0.9092721939086914,0.5724717378616333
YOR292C,YGR134W,0,-1.2699666,0.13743218779563904,0.9092721939086914,0.5725717544555664
YMR182C,YGR271W,0,-1.2701774,0.1374114751815796,0.9092721939086914,0.5726718306541443
YER050C,YDL215C,0,-1.2704391,0.13739077746868134,0.9092721939086914,0.5727718472480774
YNL127W,YDR476C,0,-1.2704778,0.13737007975578308,0.9092721939086914,0.5728718638420105
YLR410W-A,YDR151C,0,-1.27089,0.13734939694404602,0.9092721939086914,0.5729718804359436
YLR264W,YER052C,0,-1.2711699,0.13732871413230896,0.9092721939086914,0.5730718970298767
YJL005W,YHR041C,0,-1.2712218,0.1373080462217331,0.9092721939086914,0.5731719732284546
YLR103C,YBL029C-A,0,-1.2721087,0.13728736340999603,0.9092721939086914,0.5732719898223877
YDR082W,YPR138C,0,-1.2722899,0.13726671040058136,0.9092721939086914,0.5733720064163208
YHR060W,YOL026C,0,-1.2723064,0.1372460424900055,0.9092721939086914,0.5734720230102539
YFL014W,YLR025W,0,-1.2725365,0.13722540438175201,0.9092721939086914,0.5735720992088318
YGR238C,YJL006C,0,-1.2727242,0.13720475137233734,0.9092721939086914,0.5736721158027649
YOR388C,YDR415C,0,-1.2732992,0.13718411326408386,0.9092721939086914,0.573772132396698
YLL029W,YHR175W,0,-1.2734406,0.13716349005699158,0.9092721939086914,0.5738721489906311
YDR059C,YER137C-A,0,-1.2734635,0.1371428519487381,0.9092721939086914,0.5739721655845642
YOL103W-B,YOR261C,0,-1.2737085,0.137122243642807,0.9092721939086914,0.5740722417831421
YNL231C,YIR005W,0,-1.2740369,0.13710162043571472,0.9092721939086914,0.5741722583770752
YBR002C,YNL010W,0,-1.2741886,0.13708101212978363,0.9092721939086914,0.5742722749710083
YOR142W-A,YGR072W,0,-1.2742989,0.13706041872501373,0.9092721939086914,0.5743722915649414
YJL130C,YGR084C,0,-1.2750834,0.13703982532024384,0.9092721939086914,0.5744723677635193
YDR030C,YNL192W,0,-1.2753848,0.13701923191547394,0.9092721939086914,0.5745723843574524
YDL245C,YDL083C,0,-1.2757235,0.13699865341186523,0.9092721939086914,0.5746724009513855
YOR343W-B,YCR014C,0,-1.2759936,0.13697807490825653,0.9092721939086914,0.5747724175453186
YIL080W,YOR226C,0,-1.2760391,0.13695749640464783,0.9092721939086914,0.5748724341392517
YJR004C,YOL107W,0,-1.2760855,0.13693693280220032,0.9092721939086914,0.5749725103378296
YLR005W,YML045W-A,0,-1.2762586,0.136916384100914,0.9092721939086914,0.5750725269317627
YFL002W-B,YPL188W,0,-1.2763867,0.1368958204984665,0.9092721939086914,0.5751725435256958
YNL010W,YJL134W,0,-1.2764523,0.13687528669834137,0.9092721939086914,0.5752725601196289
YBR271W,YDL021W,0,-1.2770417,0.13685473799705505,0.9092721939086914,0.5753726363182068
YBR020W,YML056C,0,-1.2770485,0.13683420419692993,0.9092721939086914,0.5754726529121399
YGR109W-B,YJR010W,0,-1.2775002,0.136813685297966,0.9092721939086914,0.575572669506073
YDR492W,YCR026C,0,-1.277589,0.13679316639900208,0.9092721939086914,0.5756726861000061
YJL134W,YNR018W,0,-1.2776086,0.13677264750003815,0.9092721939086914,0.5757727026939392
YGR034W,YKL201C,0,-1.2777383,0.1367521435022354,0.9092721939086914,0.5758727788925171
YJR107W,YDL045W-A,0,-1.2777988,0.13673163950443268,0.9092721939086914,0.5759727954864502
YKL171W,YPR060C,0,-1.2781365,0.13671113550662994,0.9092721939086914,0.5760728120803833
YBR195C,YCR011C,0,-1.2786855,0.1366906464099884,0.9092721939086914,0.5761728286743164
YGL010W,YOL158C,0,-1.2787522,0.13667015731334686,0.9092721939086914,0.5762729048728943
YGR109W-B,YPL065W,0,-1.2791568,0.13664968311786652,0.9092721939086914,0.5763729214668274
YDL217C,YGR177C,0,-1.2794526,0.13662920892238617,0.9092721939086914,0.5764729380607605
YGR161W-B,YOL040C,0,-1.2794554,0.13660874962806702,0.9092721939086914,0.5765729546546936
YKL171W,YPL208W,0,-1.279882,0.13658829033374786,0.9092721939086914,0.5766730308532715
YGR036C,YIL021W,0,-1.2804075,0.1365678310394287,0.9092721939086914,0.5767730474472046
YGL148W,YCL026C-B,0,-1.2805212,0.13654738664627075,0.9092721939086914,0.5768730640411377
YBR177C,YLR113W,0,-1.2806796,0.1365269422531128,0.9092721939086914,0.5769730806350708
YKL067W,YNL175C,0,-1.2807806,0.13650651276111603,0.9092721939086914,0.5770730972290039
YPR113W,YLR145W,0,-1.2809706,0.13648608326911926,0.9092721939086914,0.5771731734275818
YOR204W,YDR337W,0,-1.2810903,0.1364656537771225,0.9092721939086914,0.5772731900215149
YLR410W-A,YNL006W,0,-1.2811065,0.13644523918628693,0.9092721939086914,0.577373206615448
YKL217W,YMR296C,0,-1.281172,0.13642482459545135,0.9092721939086914,0.5774732232093811
YKL174C,YOL158C,0,-1.2813618,0.13640442490577698,0.9092721939086914,0.577573299407959
YMR169C,YDL171C,0,-1.2822645,0.1363840252161026,0.9092721939086914,0.5776733160018921
YDR240C,YJL171C,0,-1.282948,0.13636364042758942,0.9092721939086914,0.5777733325958252
YBL029C-A,YOL062C,0,-1.2829974,0.13634325563907623,0.9092721939086914,0.5778733491897583
YPR189W,YGR052W,0,-1.2831231,0.13632287085056305,0.9092721939086914,0.5779733657836914
YOR142W-A,YIL177C,0,-1.2832537,0.13630250096321106,0.9092721939086914,0.5780734419822693
YLR410W-B,YJR103W,0,-1.2838323,0.13628213107585907,0.9092721939086914,0.5781734585762024
YLR197W,YGL225W,0,-1.2838689,0.13626176118850708,0.9092721939086914,0.5782734751701355
YGR161W-B,YFL033C,0,-1.2845318,0.13624140620231628,0.9092721939086914,0.5783734917640686
YNL160W,YKR056W,0,-1.2845664,0.13622106611728668,0.9092721939086914,0.5784735679626465
YGR246C,YHR135C,0,-1.2849314,0.1362007111310959,0.9092721939086914,0.5785735845565796
YMR168C,YLR157C,0,-1.285079,0.13618038594722748,0.9092721939086914,0.5786736011505127
YAL060W,YMR229C,0,-1.2852705,0.13616004586219788,0.9092721939086914,0.5787736177444458
YGR281W,YGR171C,0,-1.2854948,0.13613972067832947,0.9092721939086914,0.5788736343383789
YDR261C-D,YDR226W,0,-1.2856903,0.13611941039562225,0.9092721939086914,0.5789737105369568
YBR183W,YBR230C,0,-1.2858164,0.13609908521175385,0.9092721939086914,0.5790737271308899
YPL096W,YER019C-A,0,-1.285903,0.13607878983020782,0.9092721939086914,0.579173743724823
YKL124W,YCL026C-B,0,-1.285917,0.1360584795475006,0.9092721939086914,0.5792737603187561
YNL160W,YDR332W,0,-1.2860271,0.1360381841659546,0.9092721939086914,0.579373836517334
YGL019W,YDR109C,0,-1.2866297,0.13601790368556976,0.9092721939086914,0.5794738531112671
YEL036C,YDR261C-D,0,-1.2870358,0.13599760830402374,0.9092721939086914,0.5795738697052002
YDL045W-A,YGR112W,0,-1.287079,0.1359773427248001,0.9092721939086914,0.5796738862991333
YCR026C,YDR470C,0,-1.2873187,0.13595706224441528,0.9092721939086914,0.5797739028930664
YLR203C,YMR114C,0,-1.2874117,0.13593679666519165,0.9092721939086914,0.5798739790916443
YHR004C,YJL200C,0,-1.2874825,0.1359165459871292,0.9092721939086914,0.5799739956855774
YGL122C,YDR218C,0,-1.2875168,0.13589629530906677,0.9092721939086914,0.5800740122795105
YDR410C,YLR209C,0,-1.2875366,0.13587604463100433,0.9092721939086914,0.5801740288734436
YAR002C-A,YNL050C,0,-1.2878156,0.1358558088541031,0.9092721939086914,0.5802741050720215
YER014C-A,YNL006W,0,-1.2878548,0.13583557307720184,0.9092721939086914,0.5803741216659546
YDL061C,YLR410W-A,0,-1.2878642,0.1358153373003006,0.9092721939086914,0.5804741382598877
YBR243C,YDR222W,0,-1.2887777,0.13579511642456055,0.9092721939086914,0.5805741548538208
YNL026W,YPL208W,0,-1.2889335,0.1357748955488205,0.9092721939086914,0.5806742310523987
YLR410W-B,YMR075W,0,-1.2891064,0.13575468957424164,0.9092721939086914,0.5807742476463318
YLR009W,YCR055C,0,-1.2896618,0.13573448359966278,0.9092721939086914,0.5808742642402649
YDL039C,YCR055C,0,-1.289931,0.13571429252624512,0.9092721939086914,0.580974280834198
YDR131C,YNL259C,0,-1.2900188,0.13569408655166626,0.9092721939086914,0.5810742974281311
YPL259C,YML036W,0,-1.2901046,0.1356739103794098,0.9092721939086914,0.581174373626709
YHR030C,YOL104C,0,-1.290161,0.13565371930599213,0.9092721939086914,0.5812743902206421
YGL107C,YLR438C-A,1,-1.2902632,0.13578227162361145,0.9102692008018494,0.5812743902206421
YFR018C,YMR193W,0,-1.2904248,0.1357620805501938,0.9102692008018494,0.5813744068145752
YLR020C,YLR301W,0,-1.2905402,0.13574190437793732,0.9102692008018494,0.5814744234085083
YDR067C,YGL237C,0,-1.2906103,0.13572171330451965,0.9102692008018494,0.5815744996070862
YBL029C-A,YPL011C,0,-1.2906636,0.13570155203342438,0.9102692008018494,0.5816745162010193
YOR239W,YBR042C,0,-1.2907155,0.1356813758611679,0.9102692008018494,0.5817745327949524
YHR047C,YGR034W,0,-1.290997,0.13566121459007263,0.9102692008018494,0.5818745493888855
YOR324C,YMR099C,0,-1.2912192,0.13564106822013855,0.9102692008018494,0.5819745659828186
YGL062W,YGL256W,0,-1.2913458,0.13562092185020447,0.9102692008018494,0.5820746421813965
YGR225W,YMR301C,0,-1.2914139,0.13560077548027039,0.9102692008018494,0.5821746587753296
YPR158C-C,YIL006W,0,-1.2915103,0.1355806291103363,0.9102692008018494,0.5822746753692627
YKR008W,YBR230C,0,-1.2915478,0.13556049764156342,0.9102692008018494,0.5823746919631958
YER117W,YJR040W,0,-1.2918403,0.13554038107395172,0.9102692008018494,0.5824747681617737
YLL040C,YDR373W,0,-1.291903,0.13552026450634003,0.9102692008018494,0.5825747847557068
YLR029C,YLR206W,0,-1.292043,0.13550014793872833,0.9102692008018494,0.5826748013496399
YJR078W,YER103W,0,-1.2926842,0.13548004627227783,0.9102692008018494,0.582774817943573
YFL010W-A,YKL001C,0,-1.292881,0.13545994460582733,0.9102692008018494,0.5828748345375061
YBL101W-B,YNR006W,0,-1.2929205,0.13543984293937683,0.9102692008018494,0.582974910736084
YGR255C,YNL219C,0,-1.2936463,0.13541975617408752,0.9102692008018494,0.5830749273300171
YDL059C,YMR193W,0,-1.293893,0.13539966940879822,0.9102692008018494,0.5831749439239502
YOR382W,YGL071W,0,-1.2939203,0.1353795975446701,0.9102692008018494,0.5832749605178833
YDL171C,YER162C,0,-1.2939943,0.135359525680542,0.9102692008018494,0.5833750367164612
YLR256W-A,YGL071W,0,-1.294098,0.13533945381641388,0.9102692008018494,0.5834750533103943
YGR109W-B,YDR285W,0,-1.2941861,0.13531939685344696,0.9102692008018494,0.5835750699043274
YOR142W-A,YKL168C,0,-1.294617,0.13529935479164124,0.9102692008018494,0.5836750864982605
YPR171W,YGL060W,0,-1.294752,0.13527929782867432,0.9102692008018494,0.5837751030921936
YER049W,YER035W,1,-1.2949833,0.13540740311145782,0.9112662076950073,0.5837751030921936
YMR200W,YJR130C,0,-1.2949885,0.1353873461484909,0.9112662076950073,0.5838751792907715
YNR018W,YNR035C,0,-1.2950407,0.13536730408668518,0.9112662076950073,0.5839751958847046
YJR070C,YAL063C,0,-1.2954307,0.13534724712371826,0.9112662076950073,0.5840752124786377
YPR158C-C,YOR294W,0,-1.2954493,0.13532721996307373,0.9112662076950073,0.5841752290725708
YOR292C,YAR035W,0,-1.2955366,0.135307177901268,0.9112662076950073,0.5842753052711487
YKL022C,YFL013C,0,-1.2959411,0.13528715074062347,0.9112662076950073,0.5843753218650818
YER137C-A,YHR058C,0,-1.2959539,0.13526712357997894,0.9112662076950073,0.5844753384590149
YOR159C,YER014C-A,0,-1.2961106,0.1352471113204956,0.9112662076950073,0.584575355052948
YGR177C,YDR261C-D,0,-1.2962127,0.13522709906101227,0.9112662076950073,0.5846754312515259
YGL256W,YDR218C,0,-1.2963722,0.13520710170269012,0.9112662076950073,0.584775447845459
YLR391W,YMR213W,0,-1.2966981,0.13518710434436798,0.9112662076950073,0.5848754644393921
YOL070C,YBR230C,0,-1.2967272,0.13516710698604584,0.9112662076950073,0.5849754810333252
YMR182C,YKR102W,0,-1.2968582,0.1351471245288849,0.9112662076950073,0.5850754976272583
YPL183W-A,YLL040C,0,-1.2969792,0.13512714207172394,0.9112662076950073,0.5851755738258362
YDR059C,YER104W,0,-1.2969906,0.13510717451572418,0.9112662076950073,0.5852755904197693
YDR423C,YIL133C,0,-1.2971395,0.13508720695972443,0.9112662076950073,0.5853756070137024
YPL151C,YEL053C,0,-1.2974037,0.13506723940372467,0.9112662076950073,0.5854756236076355
YDR530C,YOR393W,0,-1.2975857,0.1350472867488861,0.9112662076950073,0.5855756998062134
YDL061C,YPR125W,0,-1.2980533,0.13502733409404755,0.9112662076950073,0.5856757164001465
YLR329W,YAR031W,0,-1.298311,0.13500738143920898,0.9112662076950073,0.5857757329940796
YBL112C,YHR059W,0,-1.2983328,0.13498744368553162,0.9112662076950073,0.5858757495880127
YOR159C,YGR281W,0,-1.2985344,0.13496750593185425,0.9112662076950073,0.5859757661819458
YOR071C,YHR002W,0,-1.2986563,0.13494758307933807,0.9112662076950073,0.5860758423805237
YBR125C,YMR117C,0,-1.2987272,0.1349276602268219,0.9112662076950073,0.5861758589744568
YJR119C,YGR185C,0,-1.2992184,0.13490775227546692,0.9112662076950073,0.5862758755683899
YAL017W,YFL010W-A,0,-1.2995667,0.13488784432411194,0.9112662076950073,0.586375892162323
YJR107W,YPL131W,0,-1.2996247,0.13486793637275696,0.9112662076950073,0.5864759683609009
YPR137C-A,YNR021W,0,-1.2997401,0.13484804332256317,0.9112662076950073,0.586575984954834
YMR033W,YAL039C,0,-1.2997435,0.13482815027236938,0.9112662076950073,0.5866760015487671
YNR074C,YLR042C,0,-1.2997439,0.1348082572221756,0.9112662076950073,0.5867760181427002
YOL103W-B,YMR295C,0,-1.2998067,0.134788379073143,0.9112662076950073,0.5868760347366333
YKL174C,YDR410C,0,-1.2999088,0.1347685009241104,0.9112662076950073,0.5869761109352112
YML080W,YLR164W,0,-1.3005812,0.134748637676239,0.9112662076950073,0.5870761275291443
YAL022C,YMR145C,0,-1.3007543,0.13472877442836761,0.9112662076950073,0.5871761441230774
YPL007C,YGL004C,0,-1.3012105,0.13470891118049622,0.9112662076950073,0.5872761607170105
YOL165C,YLR033W,0,-1.3015404,0.134689062833786,0.9112662076950073,0.5873762369155884
YLR270W,YMR125W,1,-1.3015909,0.13481655716896057,0.9122632145881653,0.5873762369155884
YPR187W,YLR227W-B,0,-1.3016233,0.13479669392108917,0.9122632145881653,0.5874762535095215
YGR095C,YDR378C,1,-1.3017957,0.13492414355278015,0.9132602214813232,0.5874762535095215
YPL129W,YBL029C-A,0,-1.3024011,0.13490426540374756,0.9132602214813232,0.5875762701034546
YGR175C,YMR213W,0,-1.3024315,0.13488440215587616,0.9132602214813232,0.5876762866973877
YAL016W,YMR159C,0,-1.3027995,0.13486455380916595,0.9132602214813232,0.5877763032913208
YIL134W,YOR162C,0,-1.3030295,0.13484469056129456,0.9132602214813232,0.5878763794898987
YMR080C,YGL178W,1,-1.3030965,0.13497203588485718,0.9142572283744812,0.5878763794898987
YOR343W-B,YNL274C,0,-1.3032085,0.13495217263698578,0.9142572283744812,0.5879763960838318
YOL086C,YOL101C,0,-1.3035686,0.13493230938911438,0.9142572283744812,0.5880764126777649
YJL071W,YKL180W,0,-1.3035942,0.13491246104240417,0.9142572283744812,0.588176429271698
YLR020C,YKL124W,0,-1.3038349,0.13489261269569397,0.9142572283744812,0.5882765054702759
YKL022C,YKL053C-A,0,-1.3040296,0.13487277925014496,0.9142572283744812,0.588376522064209
YCL026C-B,YOR085W,0,-1.3042828,0.13485294580459595,0.9142572283744812,0.5884765386581421
YMR049C,YDL059C,0,-1.3044693,0.13483311235904694,0.9142572283744812,0.5885765552520752
YLR206W,YDR457W,0,-1.3044693,0.13481329381465912,0.9142572283744812,0.5886766314506531
YDL045W-A,YKR020W,0,-1.3046042,0.1347934752702713,0.9142572283744812,0.5887766480445862
YGR221C,YGR258C,0,-1.3046073,0.13477365672588348,0.9142572283744812,0.5888766646385193
YAL021C,YJR043C,1,-1.3047686,0.13490080833435059,0.9152542352676392,0.5888766646385193
YDL097C,YPL027W,0,-1.3048217,0.13488098978996277,0.9152542352676392,0.5889766812324524
YDL121C,YML112W,0,-1.3049173,0.13486117124557495,0.9152542352676392,0.5890766978263855
YOR054C,YGL046W,0,-1.305287,0.13484136760234833,0.9152542352676392,0.5891767740249634
YBL029C-A,YDR173C,0,-1.3054726,0.1348215639591217,0.9152542352676392,0.5892767906188965
YBL076C,YDR381C-A,0,-1.3057256,0.13480176031589508,0.9152542352676392,0.5893768072128296
YLR270W,YKL009W,1,-1.305851,0.13492879271507263,0.9162512421607971,0.5893768072128296
YJR034W,YCR055C,0,-1.3061063,0.134908989071846,0.9162512421607971,0.5894768238067627
YMR238W,YJL214W,0,-1.3061224,0.13488918542861938,0.9162512421607971,0.5895769000053406
YKL200C,YDL054C,0,-1.3061287,0.13486938178539276,0.9162512421607971,0.5896769165992737
YJL172W,YJL176C,0,-1.3062935,0.13484959304332733,0.9162512421607971,0.5897769331932068
YDL024C,YCR026C,0,-1.3063792,0.1348298192024231,0.9162512421607971,0.5898769497871399
YBR282W,YPL208W,0,-1.3067987,0.13481003046035767,0.9162512421607971,0.589976966381073
YPL259C,YGL004C,0,-1.3068061,0.13479025661945343,0.9162512421607971,0.5900770425796509
YER103W,YMR117C,0,-1.3070233,0.1347704976797104,0.9162512421607971,0.590177059173584
YER014C-A,YJL130C,0,-1.307139,0.13475073873996735,0.9162512421607971,0.5902770757675171
YLR270W,YCL034W,0,-1.3072819,0.1347309798002243,0.9162512421607971,0.5903770923614502
YOL093W,YDL198C,0,-1.3083243,0.13471123576164246,0.9162512421607971,0.5904771685600281
YOL054W,YGL259W,0,-1.3086978,0.1346914917230606,0.9162512421607971,0.5905771851539612
YIR039C,YML039W,0,-1.3087685,0.13467174768447876,0.9162512421607971,0.5906772017478943
YKL200C,YLR314C,0,-1.3089492,0.1346520185470581,0.9162512421607971,0.5907772183418274
YOL103W-B,YIL021W,0,-1.3092117,0.13463228940963745,0.9162512421607971,0.5908772349357605
YPR011C,YOR292C,0,-1.3094051,0.134612575173378,0.9162512421607971,0.5909773111343384
YPR024W,YLR042C,0,-1.3098099,0.13459284603595734,0.9162512421607971,0.5910773277282715
YGR109W-B,YOR355W,0,-1.309837,0.13457314670085907,0.9162512421607971,0.5911773443222046
YHR060W,YLR410W-A,0,-1.3099692,0.1345534473657608,0.9162512421607971,0.5912773609161377
YLR129W,YCL026C-B,0,-1.3102673,0.13453374803066254,0.9162512421607971,0.5913774371147156
YBR275C,YKL064W,0,-1.3103802,0.13451404869556427,0.9162512421607971,0.5914774537086487
YMR193W,YDR226W,0,-1.3104867,0.1344943642616272,0.9162512421607971,0.5915774703025818
YDL121C,YBL026W,0,-1.3105727,0.13447467982769012,0.9162512421607971,0.5916774868965149
YPR011C,YER137C-A,0,-1.3107121,0.13445501029491425,0.9162512421607971,0.591777503490448
YJL005W,YGR216C,0,-1.3107853,0.13443534076213837,0.9162512421607971,0.5918775796890259
YNL232W,YOR251C,0,-1.3111706,0.13441568613052368,0.9162512421607971,0.591977596282959
YNR017W,YGL019W,0,-1.3127718,0.1343960165977478,0.9162512421607971,0.5920776128768921
YOL103W-B,YBL098W,0,-1.3129663,0.1343763768672943,0.9162512421607971,0.5921776294708252
YKL094W,YJL095W,0,-1.3131144,0.13435672223567963,0.9162512421607971,0.5922777056694031
YLL041C,YDR405W,0,-1.3134683,0.13433708250522614,0.9162512421607971,0.5923777222633362
YLR136C,YIL079C,1,-1.3137865,0.1344636082649231,0.9172482490539551,0.5923777222633362
YMR019W,YLR348C,0,-1.3139048,0.1344439536333084,0.9172482490539551,0.5924777388572693
YER049W,YLR227W-B,0,-1.3139647,0.13442431390285492,0.9172482490539551,0.5925777554512024
YOL052C,YDR262W,0,-1.314067,0.13440467417240143,0.9172482490539551,0.5926778316497803
YKL182W,YOR230W,0,-1.3141642,0.13438504934310913,0.9172482490539551,0.5927778482437134
YGR144W,YLR213C,0,-1.3142159,0.13436540961265564,0.9172482490539551,0.5928778648376465
YCR060W,YGR175C,0,-1.3143613,0.13434579968452454,0.9172482490539551,0.5929778814315796
YKL217W,YDR451C,0,-1.3143866,0.13432617485523224,0.9172482490539551,0.5930778980255127
YOR147W,YDR210C-C,0,-1.3145869,0.13430656492710114,0.9172482490539551,0.5931779742240906
YGR161W-B,YAL024C,0,-1.3149905,0.13428696990013123,0.9172482490539551,0.5932779908180237
YPL098C,YLR325C,0,-1.3152314,0.13426735997200012,0.9172482490539551,0.5933780074119568
YER103W,YBR271W,0,-1.3153875,0.1342477798461914,0.9172482490539551,0.5934780240058899
YLR452C,YLR285W,0,-1.3154063,0.1342281848192215,0.9172482490539551,0.5935781002044678
YEL022W,YDR131C,0,-1.3155121,0.13420860469341278,0.9172482490539551,0.5936781167984009
YLR141W,YNL307C,0,-1.315724,0.13418902456760406,0.9172482490539551,0.593778133392334
YOL103W-B,YBR223C,0,-1.316378,0.13416945934295654,0.9172482490539551,0.5938781499862671
YLR410W-A,YIL133C,0,-1.3163812,0.13414989411830902,0.9172482490539551,0.5939781665802002
YDR210C-C,YOR232W,0,-1.3165119,0.1341303437948227,0.9172482490539551,0.5940782427787781
YFL002W-B,YPL082C,0,-1.3165123,0.13411079347133636,0.9172482490539551,0.5941782593727112
YOL043C,YKL053C-A,0,-1.316613,0.13409124314785004,0.9172482490539551,0.5942782759666443
YJL144W,YDL040C,0,-1.3167292,0.1340716928243637,0.9172482490539551,0.5943782925605774
YBL101W-B,YMR213W,0,-1.3168819,0.13405215740203857,0.9172482490539551,0.5944783687591553
YDR512C,YJL200C,0,-1.3170673,0.13403263688087463,0.9172482490539551,0.5945783853530884
YJR107W,YGL236C,0,-1.3174763,0.1340131163597107,0.9172482490539551,0.5946784019470215
YOL124C,YDR218C,0,-1.3180703,0.13399359583854675,0.9172482490539551,0.5947784185409546
YOR209C,YKR069W,0,-1.3181607,0.1339740753173828,0.9172482490539551,0.5948784351348877
YBR195C,YBR172C,0,-1.3181801,0.13395456969738007,0.9172482490539551,0.5949785113334656
YDL015C,YDR261W-A,0,-1.3184631,0.13393506407737732,0.9172482490539551,0.5950785279273987
YMR038C,YKL038W,0,-1.3186574,0.13391557335853577,0.9172482490539551,0.5951785445213318
YLR359W,YDR364C,0,-1.3187283,0.1338960826396942,0.9172482490539551,0.5952785611152649
YBR282W,YER190W,0,-1.3187294,0.13387660682201385,0.9172482490539551,0.5953786373138428
YER175C,YPL119C,0,-1.3189666,0.1338571161031723,0.9172482490539551,0.5954786539077759
YJL155C,YPL027W,0,-1.3191404,0.13383765518665314,0.9172482490539551,0.595578670501709
YDR351W,YDR373W,0,-1.3191594,0.13381817936897278,0.9172482490539551,0.5956786870956421
YKL078W,YMR145C,0,-1.3192244,0.1337987184524536,0.9172482490539551,0.59577876329422
YDL078C,YKL067W,0,-1.3193274,0.13377925753593445,0.9172482490539551,0.5958787798881531
YCL014W,YFR052W,0,-1.3196441,0.13375981152057648,0.9172482490539551,0.5959787964820862
YGR105W,YLR300W,0,-1.3202567,0.1337403655052185,0.9172482490539551,0.5960788130760193
YDR494W,YOR338W,0,-1.3204476,0.13372093439102173,0.9172482490539551,0.5961788296699524
YPL257W-B,YPL113C,0,-1.3204777,0.13370150327682495,0.9172482490539551,0.5962789058685303
YBR294W,YKL061W,0,-1.3205733,0.13368207216262817,0.9172482490539551,0.5963789224624634
YJL011C,YKL053C-A,0,-1.3206332,0.1336626410484314,0.9172482490539551,0.5964789390563965
YAL063C,YOR355W,0,-1.3208907,0.1336432248353958,0.9172482490539551,0.5965789556503296
YJL200C,YML030W,0,-1.3211253,0.13362382352352142,0.9172482490539551,0.5966790318489075
YDR449C,YMR160W,0,-1.3212317,0.13360440731048584,0.9172482490539551,0.5967790484428406
YGR264C,YLL061W,0,-1.321865,0.13358502089977264,0.9172482490539551,0.5968790650367737
YPL064C,YJR051W,0,-1.3219912,0.13356561958789825,0.9172482490539551,0.5969790816307068
YOR298W,YOR311C,0,-1.3221037,0.13354623317718506,0.9172482490539551,0.5970790982246399
YCR080W,YPL129W,0,-1.3222355,0.13352684676647186,0.9172482490539551,0.5971791744232178
YOR159C,YER137C-A,0,-1.322266,0.13350747525691986,0.9172482490539551,0.5972791910171509
YLR383W,YBL011W,0,-1.3223065,0.13348810374736786,0.9172482490539551,0.597379207611084
YPL150W,YMR077C,0,-1.3228006,0.13346873223781586,0.9172482490539551,0.5974792242050171
YKL180W,YKL064W,0,-1.3231208,0.13344937562942505,0.9172482490539551,0.597579300403595
YOL103W-B,YMR123W,0,-1.3233032,0.13343001902103424,0.9172482490539551,0.5976793169975281
YDL206W,YAR035W,0,-1.323345,0.13341067731380463,0.9172482490539551,0.5977793335914612
YHR211W,YIR039C,0,-1.3233583,0.133391335606575,0.9172482490539551,0.5978793501853943
YDL070W,YHR057C,0,-1.3233713,0.1333719938993454,0.9172482490539551,0.5979793667793274
YBR118W,YCR002C,0,-1.3234046,0.13335266709327698,0.9172482490539551,0.5980794429779053
YNL027W,YNL192W,0,-1.3236846,0.13333334028720856,0.9172482490539551,0.5981794595718384
YHR069C,YCR080W,0,-1.3237953,0.13331401348114014,0.9172482490539551,0.5982794761657715
YJL155C,YPR006C,0,-1.324033,0.1332947015762329,0.9172482490539551,0.5983794927597046
YER050C,YIR005W,0,-1.324054,0.13327538967132568,0.9172482490539551,0.5984795689582825
YIL094C,YAR031W,0,-1.3240995,0.13325607776641846,0.9172482490539551,0.5985795855522156
YOR388C,YDL128W,0,-1.3242221,0.13323678076267242,0.9172482490539551,0.5986796021461487
YMR173W,YLR151C,0,-1.3243685,0.13321749866008759,0.9172482490539551,0.5987796187400818
YOR076C,YJL140W,1,-1.3244148,0.13334298133850098,0.918245255947113,0.5987796187400818
YPR137C-A,YDL225W,0,-1.3248178,0.13332368433475494,0.918245255947113,0.5988796353340149
YDL206W,YNL230C,0,-1.324874,0.1333043873310089,0.918245255947113,0.5989797115325928
YMR173W,YNL284C,0,-1.3250906,0.13328509032726288,0.918245255947113,0.5990797281265259
YLL012W,YEL056W,0,-1.325382,0.13326580822467804,0.918245255947113,0.599179744720459
YLR043C,YKL180W,0,-1.3258731,0.1332465261220932,0.918245255947113,0.5992797613143921
YPR158C-C,YER154W,0,-1.3258764,0.13322725892066956,0.918245255947113,0.59937983751297
YDR411C,YMR034C,0,-1.3260595,0.13320797681808472,0.918245255947113,0.5994798541069031
YMR180C,YIL177C,0,-1.3263166,0.13318872451782227,0.918245255947113,0.5995798707008362
YHR061C,YAL016W,0,-1.3264594,0.13316945731639862,0.918245255947113,0.5996798872947693
YGL200C,YDL216C,0,-1.3268092,0.13315020501613617,0.918245255947113,0.5997799634933472
YER014C-A,YGL169W,0,-1.3278708,0.1331309676170349,0.918245255947113,0.5998799800872803
YHR074W,YOR393W,0,-1.3279452,0.13311171531677246,0.918245255947113,0.5999799966812134
YOR209C,YML045W-A,0,-1.3279533,0.1330924928188324,0.918245255947113,0.6000800132751465
YFL002W-B,YOR393W,0,-1.328099,0.13307325541973114,0.918245255947113,0.6001800298690796
YPL078C,YHR059W,0,-1.3282149,0.13305403292179108,0.918245255947113,0.6002801060676575
YMR168C,YPL065W,0,-1.3282788,0.133034810423851,0.918245255947113,0.6003801226615906
YPL122C,YFL054C,0,-1.328471,0.13301560282707214,0.918245255947113,0.6004801392555237
YLR289W,YGR113W,0,-1.3285999,0.13299639523029327,0.918245255947113,0.6005801558494568
YMR168C,YPL180W,0,-1.3287257,0.1329771876335144,0.918245255947113,0.6006802320480347
YJR127C,YKL200C,0,-1.3290725,0.13295799493789673,0.918245255947113,0.6007802486419678
YGR161W-B,YIL170W,0,-1.3291337,0.13293880224227905,0.918245255947113,0.6008802652359009
YKR071C,YHR039C-A,0,-1.3293927,0.13291960954666138,0.918245255947113,0.600980281829834
YML045W-A,YJR112W,0,-1.32978,0.1329004317522049,0.918245255947113,0.6010802984237671
YDL107W,YGR276C,0,-1.3298209,0.1328812539577484,0.918245255947113,0.601180374622345
YBR081C,YDR261W-A,0,-1.3300285,0.13286209106445312,0.918245255947113,0.6012803912162781
YOR142W,YBR031W,0,-1.3300918,0.13284292817115784,0.918245255947113,0.6013804078102112
YGR221C,YOL057W,0,-1.3302766,0.13282376527786255,0.918245255947113,0.6014804244041443
YFL066C,YMR173W,0,-1.3304142,0.13280461728572845,0.918245255947113,0.6015805006027222
YIL006W,YJR031C,0,-1.3306841,0.13278546929359436,0.918245255947113,0.6016805171966553
YMR203W,YGL183C,0,-1.3310028,0.13276632130146027,0.918245255947113,0.6017805337905884
YPR135W,YNL284C-A,0,-1.3312515,0.13274718821048737,0.918245255947113,0.6018805503845215
YLR295C,YBL029C-A,0,-1.3314077,0.13272805511951447,0.918245255947113,0.6019805669784546
YIL088C,YJL081C,0,-1.3315984,0.13270893692970276,0.918245255947113,0.6020806431770325
YOL103W-B,YER008C,0,-1.3322048,0.13268981873989105,0.918245255947113,0.6021806597709656
YGR238C,YMR034C,0,-1.3323749,0.13267070055007935,0.918245255947113,0.6022806763648987
YLR165C,YER168C,0,-1.3324043,0.13265159726142883,0.918245255947113,0.6023806929588318
YDR144C,YKL119C,0,-1.3327438,0.13263249397277832,0.918245255947113,0.6024807691574097
YKL200C,YGL162W,0,-1.3330147,0.1326133906841278,0.918245255947113,0.6025807857513428
YMR008C,YOR351C,0,-1.3331134,0.1325943022966385,0.918245255947113,0.6026808023452759
YGR052W,YCL026C-B,0,-1.3333302,0.13257521390914917,0.918245255947113,0.602780818939209
YKL126W,YBL101W-B,0,-1.3334786,0.13255612552165985,0.918245255947113,0.6028808355331421
YGL112C,YGR238C,0,-1.3335576,0.13253705203533173,0.918245255947113,0.60298091173172
YNL284C-A,YMR179W,0,-1.3335992,0.1325179785490036,0.918245255947113,0.6030809283256531
YIL079C,YCR055C,0,-1.3338835,0.13249891996383667,0.918245255947113,0.6031809449195862
YOR297C,YLR160C,0,-1.3338971,0.13247986137866974,0.918245255947113,0.6032809615135193
YGL050W,YOR382W,0,-1.334029,0.1324608027935028,0.918245255947113,0.6033810377120972
YPR158C-C,YDL202W,0,-1.334743,0.13244175910949707,0.918245255947113,0.6034810543060303
YLR425W,YJR034W,0,-1.3348753,0.13242271542549133,0.918245255947113,0.6035810708999634
YBR129C,YOR353C,0,-1.3352783,0.1324036866426468,0.918245255947113,0.6036810874938965
YOL010W,YDL206W,0,-1.3361158,0.13238464295864105,0.918245255947113,0.6037811636924744
YDL202W,YNL010W,0,-1.3361166,0.1323656290769577,0.918245255947113,0.6038811802864075
YLR145W,YMR099C,0,-1.3365346,0.13234660029411316,0.918245255947113,0.6039811968803406
YCR097WB,YER104W,0,-1.3367081,0.1323275864124298,0.918245255947113,0.6040812134742737
YNL236W,YJL178C,0,-1.3369699,0.13230857253074646,0.918245255947113,0.6041812300682068
YBR066C,YNL102W,0,-1.3371075,0.1322895735502243,0.918245255947113,0.6042813062667847
YKL200C,YPL112C,0,-1.3372034,0.13227057456970215,0.918245255947113,0.6043813228607178
YNR018W,YOR294W,0,-1.3374949,0.13225157558918,0.918245255947113,0.6044813394546509
YLL045C,YLR278C,0,-1.3375757,0.13223259150981903,0.918245255947113,0.604581356048584
YLR080W,YKL201C,0,-1.3376831,0.13221360743045807,0.918245255947113,0.6046814322471619
YBR080C,YLR256W-A,0,-1.3379781,0.1321946382522583,0.918245255947113,0.604781448841095
YER103W,YKL124W,0,-1.3379898,0.13217565417289734,0.918245255947113,0.6048814654350281
YMR301C,YDR470C,0,-1.3380697,0.13215669989585876,0.918245255947113,0.6049814820289612
YDR210C-C,YGR199W,0,-1.3380902,0.132137730717659,0.918245255947113,0.6050814986228943
YMR087W,YPR127W,0,-1.3380965,0.13211877644062042,0.918245255947113,0.6051815748214722
YJR147W,YPL078C,0,-1.3381422,0.13209982216358185,0.918245255947113,0.6052815914154053
YJL172W,YNL302C,0,-1.3382428,0.13208088278770447,0.918245255947113,0.6053816080093384
YIL143C,YJL103C,0,-1.3387218,0.1320619434118271,0.918245255947113,0.6054816246032715
YBR095C,YOR215C,0,-1.3388245,0.1320430040359497,0.918245255947113,0.6055817008018494
YLL041C,YNR018W,0,-1.3391365,0.13202407956123352,0.918245255947113,0.6056817173957825
YLR410W-A,YOR340C,0,-1.3391867,0.13200515508651733,0.918245255947113,0.6057817339897156
YDR411C,YDR304C,0,-1.3392948,0.13198624551296234,0.918245255947113,0.6058817505836487
YOR142W-A,YMR250W,0,-1.3393824,0.13196733593940735,0.918245255947113,0.6059817671775818
YOR243C,YNR035C,0,-1.3393953,0.13194842636585236,0.918245255947113,0.6060818433761597
YIR011C,YMR267W,0,-1.3395641,0.13192951679229736,0.918245255947113,0.6061818599700928
YHR041C,YCR097WB,0,-1.3396823,0.13191062211990356,0.918245255947113,0.6062818765640259
YNL261W,YER014C-A,0,-1.3398187,0.13189174234867096,0.918245255947113,0.606381893157959
YMR146C,YPL151C,0,-1.3398995,0.13187284767627716,0.918245255947113,0.6064819693565369
YDL047W,YLR330W,0,-1.3403113,0.13185396790504456,0.918245255947113,0.60658198595047
YDL111C,YOR085W,0,-1.3403699,0.13183510303497314,0.918245255947113,0.6066820025444031
YEL041W,YGR089W,0,-1.3403933,0.13181622326374054,0.918245255947113,0.6067820191383362
YNL297C,YDL074C,0,-1.3404132,0.13179737329483032,0.918245255947113,0.6068820357322693
YLR026C,YPL096W,0,-1.340478,0.1317785084247589,0.918245255947113,0.6069821119308472
YML045W-A,YDR229W,0,-1.3405249,0.1317596584558487,0.918245255947113,0.6070821285247803
YLR256W-A,YKL064W,0,-1.3406664,0.13174080848693848,0.918245255947113,0.6071821451187134
YJL214W,YJL006C,0,-1.3411653,0.13172197341918945,0.918245255947113,0.6072821617126465
YPL257W-B,YLR050C,0,-1.3411691,0.13170313835144043,0.918245255947113,0.6073822379112244
YBR182C,YGR177C,0,-1.3412141,0.1316843032836914,0.918245255947113,0.6074822545051575
YEL031W,YDL216C,0,-1.3412688,0.13166546821594238,0.918245255947113,0.6075822710990906
YOR297C,YNR018W,0,-1.3414589,0.13164664804935455,0.918245255947113,0.6076822876930237
YPL099C,YIL042C,0,-1.341494,0.13162784278392792,0.918245255947113,0.6077823638916016
YPR158C-C,YNR003C,0,-1.341897,0.13160903751850128,0.918245255947113,0.6078823804855347
YNL230C,YHR168W,0,-1.341948,0.13159023225307465,0.918245255947113,0.6079823970794678
YCR030C,YNR031C,0,-1.3421412,0.131571426987648,0.918245255947113,0.6080824136734009
YOL112W,YCR026C,0,-1.3422303,0.13155263662338257,0.918245255947113,0.608182430267334
YEL069C,YFL033C,0,-1.342296,0.13153384625911713,0.918245255947113,0.6082825064659119
YGR052W,YKL117W,0,-1.3425555,0.13151507079601288,0.918245255947113,0.608382523059845
YOR324C,YER052C,0,-1.3426851,0.13149628043174744,0.918245255947113,0.6084825396537781
YOR298W,YHR119W,0,-1.3427604,0.13147751986980438,0.918245255947113,0.6085825562477112
YLR278C,YER046W,0,-1.343107,0.13145874440670013,0.918245255947113,0.6086826324462891
YPL257W-B,YJL103C,0,-1.3433957,0.13143998384475708,0.918245255947113,0.6087826490402222
YML080W,YKL085W,0,-1.3438007,0.13142123818397522,0.918245255947113,0.6088826656341553
YPR072W,YAL060W,0,-1.3439105,0.13140247762203217,0.918245255947113,0.6089826822280884
YGR109W-B,YOL165C,0,-1.3439263,0.1313837319612503,0.918245255947113,0.6090826988220215
YCR087C-A,YCL032W,0,-1.3443803,0.13136500120162964,0.918245255947113,0.6091827750205994
YPL110C,YFL010W-A,0,-1.3446159,0.13134627044200897,0.918245255947113,0.6092827916145325
YDR310C,YBR075W,0,-1.3446528,0.1313275396823883,0.918245255947113,0.6093828082084656
YNL284C-A,YDL148C,0,-1.34467,0.13130880892276764,0.918245255947113,0.6094828248023987
YCL018W,YJL128C,0,-1.3447518,0.13129009306430817,0.918245255947113,0.6095829010009766
YKL190W,YBL026W,0,-1.3448353,0.1312713772058487,0.918245255947113,0.6096829175949097
YHR074W,YJL214W,0,-1.3448442,0.13125267624855042,0.918245255947113,0.6097829341888428
YPL119C,YKL130C,0,-1.3448513,0.13123397529125214,0.918245255947113,0.6098829507827759
YFR013W,YIR011C,0,-1.344892,0.13121527433395386,0.918245255947113,0.609982967376709
YPL200W,YGL244W,0,-1.3453975,0.13119658827781677,0.918245255947113,0.6100830435752869
YLL029W,YDR403W,0,-1.3455033,0.1311779022216797,0.918245255947113,0.61018306016922
YNL284C-A,YFL023W,0,-1.3456519,0.1311592161655426,0.918245255947113,0.6102830767631531
YBR261C,YCR026C,0,-1.3458076,0.1311405450105667,0.918245255947113,0.6103830933570862
YNL178W,YFL002W-B,0,-1.3458586,0.13112187385559082,0.918245255947113,0.6104831695556641
YBR223C,YCR002C,0,-1.3461406,0.13110320270061493,0.918245255947113,0.6105831861495972
YNL284C-A,YDR498C,0,-1.34675,0.13108454644680023,0.918245255947113,0.6106832027435303
YCR002C,YLR251W,0,-1.3467602,0.13106589019298553,0.918245255947113,0.6107832193374634
YPL180W,YIR005W,0,-1.3468261,0.13104723393917084,0.918245255947113,0.6108832359313965
YOR310C,YLR312W-A,0,-1.3469491,0.13102859258651733,0.918245255947113,0.6109833121299744
YMR276W,YMR160W,0,-1.3470602,0.13100995123386383,0.918245255947113,0.6110833287239075
YGR161W-B,YFL014W,0,-1.3472943,0.13099132478237152,0.918245255947113,0.6111833453178406
YPL183W-A,YCR002C,0,-1.3480453,0.1309726983308792,0.918245255947113,0.6112833619117737
YLR157C,YCR080W,0,-1.3483231,0.1309540718793869,0.918245255947113,0.6113834381103516
YCL018W,YPL244C,0,-1.3486049,0.1309354603290558,0.918245255947113,0.6114834547042847
YPR113W,YML058W-A,0,-1.3488109,0.13091684877872467,0.918245255947113,0.6115834712982178
YER150W,YOR230W,0,-1.3488123,0.13089823722839355,0.918245255947113,0.6116834878921509
YKL210W,YGL046W,0,-1.3488326,0.13087964057922363,0.918245255947113,0.6117835640907288
YJL117W,YIL035C,0,-1.3488591,0.1308610439300537,0.918245255947113,0.6118835806846619
YKL126W,YJR112W,0,-1.3490381,0.1308424472808838,0.918245255947113,0.611983597278595
YHR029C,YDR261C-D,0,-1.3496063,0.13082386553287506,0.918245255947113,0.6120836138725281
YJR138W,YFL002W-B,0,-1.3497174,0.13080528378486633,0.918245255947113,0.6121836304664612
YOR142W-B,YDR245W,0,-1.3505449,0.1307867020368576,0.918245255947113,0.6122837066650391
YMR269W,YHL034C,0,-1.3507066,0.13076813519001007,0.918245255947113,0.6123837232589722
YOL103W-B,YER049W,0,-1.350884,0.13074956834316254,0.918245255947113,0.6124837398529053
YPR001W,YCR012W,0,-1.351165,0.1307310163974762,0.918245255947113,0.6125837564468384
YBL029C-A,YNL092W,0,-1.3513103,0.13071246445178986,0.918245255947113,0.6126838326454163
YDR381C-A,YGL148W,0,-1.3513849,0.13069391250610352,0.918245255947113,0.6127838492393494
YER103W,YJR026W,0,-1.351433,0.13067537546157837,0.918245255947113,0.6128838658332825
YBR260C,YLR410W-A,0,-1.3514344,0.13065682351589203,0.918245255947113,0.6129838824272156
YDL246C,YJR119C,0,-1.3515606,0.13063830137252808,0.918245255947113,0.6130838990211487
YBR260C,YHR164C,0,-1.3516288,0.13061976432800293,0.918245255947113,0.6131839752197266
YOR176W,YML058W-A,0,-1.3516808,0.13060124218463898,0.918245255947113,0.6132839918136597
YBR294W,YOL124C,0,-1.352243,0.13058273494243622,0.918245255947113,0.6133840084075928
YFR033C,YER087C-B,0,-1.3523939,0.13056421279907227,0.918245255947113,0.6134840250015259
YLL004W,YNL335W,0,-1.3527892,0.1305457055568695,0.918245255947113,0.6135841012001038
YHR059W,YJL053W,0,-1.3534518,0.13052721321582794,0.918245255947113,0.6136841177940369
YKL013C,YBR075W,0,-1.3537157,0.13050872087478638,0.918245255947113,0.61378413438797
YMR025W,YGR185C,0,-1.3539231,0.1304902285337448,0.918245255947113,0.6138841509819031
YML058W-A,YAR002C-A,0,-1.3540666,0.13047173619270325,0.918245255947113,0.6139841675758362
YIL143C,YOR194C,0,-1.3541864,0.13045325875282288,0.918245255947113,0.6140842437744141
YDR229W,YMR136W,0,-1.3545227,0.1304347813129425,0.918245255947113,0.6141842603683472
YDR449C,YIL076W,0,-1.3547244,0.13041631877422333,0.918245255947113,0.6142842769622803
YDR411C,YOR204W,0,-1.3547266,0.13039784133434296,0.918245255947113,0.6143842935562134
YGR179C,YLR410W-A,0,-1.3547486,0.13037939369678497,0.918245255947113,0.6144843697547913
YGR169C,YGL062W,0,-1.3547642,0.1303609311580658,0.918245255947113,0.6145843863487244
YPL259C,YLR270W,0,-1.3555133,0.1303424835205078,0.918245255947113,0.6146844029426575
YBR223C,YLR256W-A,0,-1.3555901,0.13032403588294983,0.918245255947113,0.6147844195365906
YIL046W,YDR444W,0,-1.3556147,0.13030560314655304,0.918245255947113,0.6148844361305237
YPL064C,YFR021W,0,-1.3558264,0.13028717041015625,0.918245255947113,0.6149845123291016
YBR274W,YNL259C,0,-1.3558408,0.13026873767375946,0.918245255947113,0.6150845289230347
YGL158W,YPR149W,0,-1.3560781,0.13025031983852386,0.918245255947113,0.6151845455169678
YHR012W,YOR098C,0,-1.3564891,0.13023190200328827,0.918245255947113,0.6152845621109009
YOL086C,YOR142W-B,0,-1.3566357,0.13021348416805267,0.918245255947113,0.6153846383094788
YJL053W,YJL081C,0,-1.3566649,0.13019508123397827,0.918245255947113,0.6154846549034119
YOR054C,YCR055C,0,-1.3566693,0.13017667829990387,0.918245255947113,0.615584671497345
YBL028C,YDR381C-A,0,-1.3566957,0.13015827536582947,0.918245255947113,0.6156846880912781
YJL030W,YER162C,0,-1.3569932,0.13013988733291626,0.918245255947113,0.615784764289856
YKR056W,YPL257W-B,0,-1.3572491,0.13012149930000305,0.918245255947113,0.6158847808837891
YBR278W,YKL171W,0,-1.3577044,0.13010312616825104,0.918245255947113,0.6159847974777222
YKR002W,YLR187W,0,-1.3577809,0.13008475303649902,0.918245255947113,0.6160848140716553
YGL068W,YDL035C,0,-1.3586115,0.130066379904747,0.918245255947113,0.6161848306655884
YHR074W,YNL290W,0,-1.3587416,0.130048006772995,0.918245255947113,0.6162849068641663
YOR142W-A,YDL140C,0,-1.3592501,0.13002964854240417,0.918245255947113,0.6163849234580994
YLL008W,YDR261C-D,0,-1.3592896,0.13001129031181335,0.918245255947113,0.6164849400520325
YFR045W,YCL060C,0,-1.3601292,0.12999294698238373,0.918245255947113,0.6165849566459656
YJL087C,YML056C,0,-1.3602605,0.1299746036529541,0.918245255947113,0.6166850328445435
YPL078C,YDR207C,0,-1.3603095,0.12995626032352448,0.918245255947113,0.6167850494384766
YDR083W,YER175C,0,-1.3606333,0.12993791699409485,0.918245255947113,0.6168850660324097
YDR079W,YOR142W-A,0,-1.3608081,0.12991958856582642,0.918245255947113,0.6169850826263428
YJR082C,YFR052W,0,-1.3608719,0.12990127503871918,0.918245255947113,0.6170850992202759
YPR125W,YCL026C-B,0,-1.3612406,0.12988294661045074,0.918245255947113,0.6171851754188538
YLR206W,YBL029C-A,0,-1.3614609,0.1298646330833435,0.918245255947113,0.6172851920127869
YKL097W-A,YHR059W,0,-1.3615745,0.12984633445739746,0.918245255947113,0.61738520860672
YNL284C-A,YLR344W,0,-1.36161,0.12982802093029022,0.918245255947113,0.6174852252006531
YOL103W-B,YNL230C,0,-1.3617351,0.12980972230434418,0.918245255947113,0.617585301399231
YPR137C-A,YGR199W,0,-1.3618116,0.12979143857955933,0.918245255947113,0.6176853179931641
YCR080W,YNR018W,0,-1.3621426,0.12977313995361328,0.918245255947113,0.6177853345870972
YCR093W,YDR079W,0,-1.3621855,0.12975485622882843,0.918245255947113,0.6178853511810303
YFL002W-B,YDR369C,0,-1.3622437,0.12973658740520477,0.918245255947113,0.6179853677749634
YJL053W,YKR069W,0,-1.3622706,0.12971830368041992,0.918245255947113,0.6180854439735413
YML051W,YIR039C,0,-1.3623624,0.12970003485679626,0.918245255947113,0.6181854605674744
YKR071C,YDL055C,0,-1.3623791,0.1296817809343338,0.918245255947113,0.6182854771614075
YGL014W,YLR410W-A,0,-1.3623824,0.12966352701187134,0.918245255947113,0.6183854937553406
YLR410W-A,YDR364C,0,-1.3624651,0.12964527308940887,0.918245255947113,0.6184855699539185
YOR099W,YLL043W,0,-1.3629552,0.1296270191669464,0.918245255947113,0.6185855865478516
YGL236C,YMR295C,0,-1.3631413,0.12960878014564514,0.918245255947113,0.6186856031417847
YLR103C,YMR115W,0,-1.3631816,0.12959054112434387,0.918245255947113,0.6187856197357178
YMR321C,YNL258C,0,-1.3634145,0.1295723170042038,0.918245255947113,0.6188856363296509
YOL112W,YGL004C,0,-1.3634295,0.12955409288406372,0.918245255947113,0.6189857125282288
YDR494W,YLR391W,0,-1.3638022,0.12953586876392365,0.918245255947113,0.6190857291221619
YHR012W,YCL060C,0,-1.3641045,0.12951764464378357,0.918245255947113,0.619185745716095
YLR295C,YOL026C,0,-1.3642414,0.1294994354248047,0.918245255947113,0.6192857623100281
YLL029W,YLL019C,0,-1.3645606,0.1294812262058258,0.918245255947113,0.619385838508606
YLR105C,YMR238W,0,-1.3647311,0.12946303188800812,0.918245255947113,0.6194858551025391
YGR109W-B,YJR078W,0,-1.3647572,0.12944483757019043,0.918245255947113,0.6195858716964722
YBR002C,YFR045W,0,-1.3651743,0.12942664325237274,0.918245255947113,0.6196858882904053
YOR142W-A,YOR351C,0,-1.3654566,0.12940846383571625,0.918245255947113,0.6197859644889832
YPR137C-A,YKL174C,0,-1.3655607,0.12939028441905975,0.918245255947113,0.6198859810829163
YGR032W,YPL257W-B,0,-1.3658592,0.12937210500240326,0.918245255947113,0.6199859976768494
YER165W,YHR057C,0,-1.3663816,0.12935392558574677,0.918245255947113,0.6200860142707825
YDR429C,YDR381C-A,0,-1.3665168,0.12933576107025146,0.918245255947113,0.6201860308647156
YBR125C,YFR018C,0,-1.3667703,0.12931761145591736,0.918245255947113,0.6202861070632935
YKR054C,YDR381C-A,0,-1.366827,0.12929944694042206,0.918245255947113,0.6203861236572266
YDL197C,YHR082C,0,-1.3672981,0.12928129732608795,0.918245255947113,0.6204861402511597
YDR530C,YLR410W-B,0,-1.3677082,0.12926316261291504,0.918245255947113,0.6205861568450928
YCL018W,YKL186C,0,-1.3677484,0.12924501299858093,0.918245255947113,0.6206862330436707
YGL026C,YGR276C,0,-1.3677502,0.12922687828540802,0.918245255947113,0.6207862496376038
YOR237W,YLR251W,0,-1.3680453,0.1292087584733963,0.918245255947113,0.6208862662315369
YLR219W,YJL130C,0,-1.3690032,0.1291906237602234,0.918245255947113,0.62098628282547
YPR127W,YNL122C,0,-1.3694637,0.12917250394821167,0.918245255947113,0.6210862994194031
YIL170W,YPL259C,0,-1.3699553,0.12915439903736115,0.918245255947113,0.621186375617981
YPR137C-A,YLR164W,0,-1.3704946,0.12913629412651062,0.918245255947113,0.6212863922119141
YKL117W,YIR005W,0,-1.3706923,0.1291181892156601,0.918245255947113,0.6213864088058472
YOR382W,YMR193W,0,-1.3710408,0.12910008430480957,0.918245255947113,0.6214864253997803
YGR264C,YGR229C,0,-1.3712549,0.12908199429512024,0.918245255947113,0.6215865015983582
YHR164C,YDL061C,0,-1.3715658,0.1290639042854309,0.918245255947113,0.6216865181922913
YPR158C-C,YPL087W,0,-1.3715744,0.12904581427574158,0.918245255947113,0.6217865347862244
YBR223C,YBR173C,0,-1.3720734,0.12902773916721344,0.918245255947113,0.6218865513801575
YGR199W,YBR037C,0,-1.3724617,0.1290096640586853,0.918245255947113,0.6219865679740906
YGR238C,YBL085W,0,-1.3725833,0.12899160385131836,0.918245255947113,0.6220866441726685
YKL117W,YLR312W-A,0,-1.3727903,0.12897352874279022,0.918245255947113,0.6221866607666016
YKL201C,YBL034C,0,-1.3729204,0.12895546853542328,0.918245255947113,0.6222866773605347
YKL208W,YDR206W,1,-1.3729248,0.12907741963863373,0.919242262840271,0.6222866773605347
YIR039C,YFL023W,0,-1.3732617,0.1290593445301056,0.919242262840271,0.6223866939544678
YKL007W,YCR046C,0,-1.3732791,0.12904128432273865,0.919242262840271,0.6224867701530457
YNL117W,YLR386W,0,-1.3738363,0.1290232241153717,0.919242262840271,0.6225867867469788
YAL063C,YCR080W,0,-1.373945,0.12900517880916595,0.919242262840271,0.6226868033409119
YDR281C,YLR350W,0,-1.3740327,0.1289871335029602,0.919242262840271,0.622786819934845
YER014C-A,YNL230C,0,-1.374067,0.12896908819675446,0.919242262840271,0.6228868365287781
YOR148C,YCR055C,0,-1.3744786,0.1289510428905487,0.919242262840271,0.622986912727356
YNL085W,YOL040C,0,-1.3745815,0.12893301248550415,0.919242262840271,0.6230869293212891
YDR229W,YOR222W,0,-1.3746685,0.1289149820804596,0.919242262840271,0.6231869459152222
YPR137C-A,YBR120C,0,-1.375061,0.12889696657657623,0.919242262840271,0.6232869625091553
YGR109W-B,YGL174W,0,-1.3754029,0.12887895107269287,0.919242262840271,0.6233870387077332
YER137C-A,YBR282W,0,-1.3754344,0.1288609355688095,0.919242262840271,0.6234870553016663
YDR351W,YDR381C-A,0,-1.3755324,0.12884293496608734,0.919242262840271,0.6235870718955994
YNL271C,YCL043C,0,-1.3756256,0.12882491946220398,0.919242262840271,0.6236870884895325
YDL142C,YLR410W-B,0,-1.3756974,0.128806933760643,0.919242262840271,0.6237871646881104
YBR150C,YGR070W,0,-1.3757274,0.12878893315792084,0.919242262840271,0.6238871812820435
YLR203C,YJL214W,0,-1.3757939,0.12877094745635986,0.919242262840271,0.6239871978759766
YGR251W,YDR304C,0,-1.3762946,0.1287529617547989,0.919242262840271,0.6240872144699097
YDR449C,YDL045C,0,-1.3763493,0.1287349909543991,0.919242262840271,0.6241872310638428
YNL095C,YKL003C,0,-1.3763859,0.12871702015399933,0.919242262840271,0.6242873072624207
YML049C,YOL062C,0,-1.3766338,0.12869904935359955,0.919242262840271,0.6243873238563538
YLR105C,YLL027W,0,-1.3768394,0.12868109345436096,0.919242262840271,0.6244873404502869
YHR074W,YOR194C,0,-1.3768682,0.12866313755512238,0.919242262840271,0.62458735704422
YKL200C,YDR369C,0,-1.3769581,0.1286451816558838,0.919242262840271,0.6246874332427979
YDL216C,YLL061W,0,-1.3769832,0.1286272257566452,0.919242262840271,0.624787449836731
YGL237C,YMR267W,0,-1.3770237,0.1286092847585678,0.919242262840271,0.6248874664306641
YMR087W,YGL004C,0,-1.3772018,0.1285913586616516,0.919242262840271,0.6249874830245972
YDR337W,YKL015W,0,-1.3774934,0.12857341766357422,0.919242262840271,0.6250874996185303
YLL019C,YGL046W,0,-1.377516,0.12855549156665802,0.919242262840271,0.6251875758171082
YPL183W-A,YML039W,0,-1.377912,0.12853756546974182,0.919242262840271,0.6252875924110413
YDR414C,YBR182C,0,-1.3781412,0.12851965427398682,0.919242262840271,0.6253876090049744
YIL128W,YHR214C-B,0,-1.3786888,0.1285017430782318,0.919242262840271,0.6254876255989075
YKR071C,YPR030W,0,-1.3789102,0.1284838318824768,0.919242262840271,0.6255877017974854
YDR146C,YNL335W,0,-1.379011,0.128465935587883,0.919242262840271,0.6256877183914185
YJR119C,YNL284C,0,-1.3796616,0.12844803929328918,0.919242262840271,0.6257877349853516
YNR028W,YJR133W,0,-1.379878,0.12843014299869537,0.919242262840271,0.6258877515792847
YJL172W,YDR159W,0,-1.379904,0.12841226160526276,0.919242262840271,0.6259877681732178
YKL126W,YGR225W,0,-1.380008,0.12839438021183014,0.919242262840271,0.6260878443717957
YLR203C,YFL002W-B,0,-1.3800766,0.12837649881839752,0.919242262840271,0.6261878609657288
YHR074W,YOR138C,0,-1.3804363,0.1283586174249649,0.919242262840271,0.6262878775596619
YBR002C,YJL112W,0,-1.3806701,0.12834075093269348,0.919242262840271,0.626387894153595
YAR002C-A,YLR410W-B,0,-1.380683,0.12832289934158325,0.919242262840271,0.6264879703521729
YKR071C,YJR101W,0,-1.3808951,0.12830503284931183,0.919242262840271,0.626587986946106
YGR180C,YML030W,0,-1.3811806,0.1282871812582016,0.919242262840271,0.6266880035400391
YPR158C-C,YNL290W,0,-1.3812156,0.12826934456825256,0.919242262840271,0.6267880201339722
YMR319C,YGR179C,0,-1.3813092,0.12825149297714233,0.919242262840271,0.6268880367279053
YPL007C,YBL089W,0,-1.3817192,0.1282336562871933,0.919242262840271,0.6269881129264832
YJL191W,YGL046W,0,-1.3821001,0.12821581959724426,0.919242262840271,0.6270881295204163
YNL284C-A,YNL302C,0,-1.3821566,0.12819799780845642,0.919242262840271,0.6271881461143494
YBL101W-B,YEL053C,0,-1.3821646,0.12818017601966858,0.919242262840271,0.6272881627082825
YOR142W-B,YJR028W,0,-1.3822827,0.12816235423088074,0.919242262840271,0.6273882389068604
YDR411C,YJR149W,0,-1.382928,0.1281445473432541,0.919242262840271,0.6274882555007935
YLR129W,YNR002C,0,-1.3829284,0.12812674045562744,0.919242262840271,0.6275882720947266
YMR160W,YGL148W,0,-1.3830594,0.1281089335680008,0.919242262840271,0.6276882886886597
YFL002W-B,YIL170W,0,-1.3830607,0.12809114158153534,0.919242262840271,0.6277883648872375
YLR050C,YDR404C,0,-1.3830824,0.12807334959506989,0.919242262840271,0.6278883814811707
YGL014W,YOR173W,1,-1.3832766,0.12819445133209229,0.920239269733429,0.6278883814811707
YER014C-A,YLR359W,0,-1.3834565,0.12817664444446564,0.920239269733429,0.6279883980751038
YML099C,YDR304C,0,-1.3834814,0.128158837556839,0.920239269733429,0.6280884146690369
YER050C,YJL095W,0,-1.3835182,0.12814104557037354,0.920239269733429,0.62818843126297
YNL283C,YDL040C,0,-1.3835189,0.12812326848506927,0.920239269733429,0.6282885074615479
YBR274W,YGR034W,0,-1.383693,0.12810547649860382,0.920239269733429,0.628388524055481
YEL029C,YOR180C,0,-1.3837315,0.12808769941329956,0.920239269733429,0.6284885406494141
YKL217W,YBR075W,0,-1.3839412,0.1280699372291565,0.920239269733429,0.6285885572433472
YAL060W,YHR109W,0,-1.3844249,0.12805216014385223,0.920239269733429,0.628688633441925
YMR234W,YDR404C,1,-1.3844378,0.1281731128692627,0.9212362766265869,0.628688633441925
YPR137C-A,YLR300W,0,-1.3847034,0.12815533578395844,0.9212362766265869,0.6287886500358582
YAL038W,YLR410W-B,0,-1.3847567,0.12813757359981537,0.9212362766265869,0.6288886666297913
YML032C,YKL200C,0,-1.3848674,0.1281197965145111,0.9212362766265869,0.6289886832237244
YOL129W,YGR118W,0,-1.3851614,0.12810203433036804,0.9212362766265869,0.6290886998176575
YML049C,YPL196W,0,-1.3852965,0.12808428704738617,0.9212362766265869,0.6291887760162354
YIL095W,YDR498C,0,-1.3854175,0.1280665248632431,0.9212362766265869,0.6292887926101685
YIL135C,YPR119W,0,-1.3854547,0.12804877758026123,0.9212362766265869,0.6293888092041016
YFR021W,YOR025W,0,-1.3855654,0.12803104519844055,0.9212362766265869,0.6294888257980347
YOL052C,YDL216C,0,-1.3856425,0.12801329791545868,0.9212362766265869,0.6295889019966125
YDL197C,YBR192W,0,-1.3859392,0.127995565533638,0.9212362766265869,0.6296889185905457
YHR209W,YMR034C,0,-1.3861183,0.12797783315181732,0.9212362766265869,0.6297889351844788
YAL063C,YGL046W,0,-1.3864518,0.12796011567115784,0.9212362766265869,0.6298889517784119
YKR071C,YFL038C,0,-1.3866441,0.12794239819049835,0.9212362766265869,0.629988968372345
YBR275C,YPL098C,0,-1.3873019,0.12792468070983887,0.9212362766265869,0.6300890445709229
YFL002W-B,YBL011W,0,-1.3873131,0.12790697813034058,0.9212362766265869,0.630189061164856
YGL180W,YKR068C,0,-1.3876565,0.12788927555084229,0.9212362766265869,0.6302890777587891
YER050C,YBR243C,0,-1.3880901,0.127871572971344,0.9212362766265869,0.6303890943527222
YOR054C,YLR325C,0,-1.3881109,0.1278538852930069,0.9212362766265869,0.6304891705513
YPR189W,YGL173C,1,-1.3882244,0.12797453999519348,0.9222332835197449,0.6304891705513
YEL062W,YMR143W,0,-1.3884573,0.1279568374156952,0.9222332835197449,0.6305891871452332
YLR410W-A,YAR035W,0,-1.3884726,0.1279391497373581,0.9222332835197449,0.6306892037391663
YBR095C,YDR229W,0,-1.3886924,0.1279214471578598,0.9222332835197449,0.6307892203330994
YKR035W-A,YOR351C,0,-1.3888001,0.1279037594795227,0.9222332835197449,0.6308892965316772
YGR167W,YCL003W,0,-1.3889642,0.1278860718011856,0.9222332835197449,0.6309893131256104
YIL094C,YBR170C,0,-1.3890741,0.1278683990240097,0.9222332835197449,0.6310893297195435
YBL101W-B,YCR011C,0,-1.3891315,0.1278507262468338,0.9222332835197449,0.6311893463134766
YGR161W-B,YKL180W,0,-1.3898578,0.1278330534696579,0.9222332835197449,0.6312893629074097
YOR071C,YLR404W,0,-1.3899584,0.1278153955936432,0.9222332835197449,0.6313894391059875
YBR261C,YHR059W,0,-1.3899945,0.12779773771762848,0.9222332835197449,0.6314894556999207
YPR030W,YFL017W-A,0,-1.3902004,0.12778007984161377,0.9222332835197449,0.6315894722938538
YOR176W,YDL045W-A,0,-1.3903434,0.12776243686676025,0.9222332835197449,0.6316894888877869
YGL183C,YKL053C-A,0,-1.3905609,0.12774479389190674,0.9222332835197449,0.6317895650863647
YJL053W,YMR200W,0,-1.391089,0.12772715091705322,0.9222332835197449,0.6318895816802979
YJL191W,YER046W,0,-1.391185,0.1277095079421997,0.9222332835197449,0.631989598274231
YDL128W,YLL012W,0,-1.3912995,0.12769187986850739,0.9222332835197449,0.6320896148681641
YFR033C,YOL151W,0,-1.3913223,0.12767425179481506,0.9222332835197449,0.6321896314620972
YKR002W,YPR043W,0,-1.391514,0.12765663862228394,0.9222332835197449,0.632289707660675
YBR170C,YLR151C,0,-1.3915255,0.1276390254497528,0.9222332835197449,0.6323897242546082
YLL040C,YJL128C,0,-1.3918997,0.12762141227722168,0.9222332835197449,0.6324897408485413
YOR377W,YOL040C,0,-1.3927028,0.12760381400585175,0.9222332835197449,0.6325897574424744
YKL093W,YFR029W,0,-1.3927569,0.12758620083332062,0.9222332835197449,0.6326898336410522
YEL012W,YER104W,0,-1.3929844,0.12756861746311188,0.9222332835197449,0.6327898502349854
YMR049C,YFL035C,0,-1.3934193,0.12755101919174194,0.9222332835197449,0.6328898668289185
YOL112W,YAR031W,0,-1.3934195,0.1275334358215332,0.9222332835197449,0.6329898834228516
YOR378W,YER074W,0,-1.393466,0.12751585245132446,0.9222332835197449,0.6330899000167847
YBL112C,YPL087W,0,-1.3935264,0.12749828398227692,0.9222332835197449,0.6331899762153625
YKL182W,YOR020C,0,-1.3937008,0.12748070061206818,0.9222332835197449,0.6332899928092957
YOR084W,YFL014W,0,-1.3937066,0.12746313214302063,0.9222332835197449,0.6333900094032288
YLR157C,YGL112C,0,-1.3937074,0.12744557857513428,0.9222332835197449,0.6334900259971619
YCL008C,YOR275C,0,-1.3940425,0.12742802500724792,0.9222332835197449,0.6335901021957397
YOL086C,YPR159W,0,-1.3941941,0.12741047143936157,0.9222332835197449,0.6336901187896729
YLR206W,YPR138C,0,-1.3944464,0.12739291787147522,0.9222332835197449,0.633790135383606
YMR005W,YOL101C,0,-1.394543,0.12737537920475006,0.9222332835197449,0.6338901519775391
YML112W,YDR170C,0,-1.3945919,0.1273578405380249,0.9222332835197449,0.6339901685714722
YKL124W,YER087C-B,0,-1.3945966,0.12734030187129974,0.9222332835197449,0.63409024477005
YDL227C,YNL259C,0,-1.394623,0.12732277810573578,0.9222332835197449,0.6341902613639832
YOR304C-A,YDL077C,0,-1.3953001,0.12730525434017181,0.9222332835197449,0.6342902779579163
YDR030C,YNL092W,0,-1.3953508,0.12728774547576904,0.9222332835197449,0.6343902945518494
YGR144W,YMR099C,0,-1.395638,0.12727022171020508,0.9222332835197449,0.6344903707504272
YDR381C-A,YER052C,0,-1.3956425,0.1272527128458023,0.9222332835197449,0.6345903873443604
YHR109W,YGR214W,0,-1.3958342,0.12723521888256073,0.9222332835197449,0.6346904039382935
YOR298W,YOR008C,0,-1.3959492,0.12721771001815796,0.9222332835197449,0.6347904205322266
YLR329W,YKR035W-A,0,-1.3960174,0.12720021605491638,0.9222332835197449,0.6348904967308044
YKR071C,YGR282C,0,-1.3960648,0.127182736992836,0.9222332835197449,0.6349905133247375
YDR530C,YLR329W,0,-1.3962183,0.12716524302959442,0.9222332835197449,0.6350905299186707
YIL139C,YNR006W,0,-1.3966899,0.12714776396751404,0.9222332835197449,0.6351905465126038
YPL151C,YNL307C,0,-1.3969249,0.12713028490543365,0.9222332835197449,0.6352905631065369
YNR004W,YLL012W,0,-1.3971307,0.12711282074451447,0.9222332835197449,0.6353906393051147
YNR067C,YOL104C,0,-1.3974357,0.12709535658359528,0.9222332835197449,0.6354906558990479
YDL107W,YFL035C,0,-1.3975241,0.1270778924226761,0.9222332835197449,0.635590672492981
YAL038W,YLR386W,0,-1.3975492,0.1270604431629181,0.9222332835197449,0.6356906890869141
YOR142W-B,YDL074C,0,-1.3975943,0.1270429939031601,0.9222332835197449,0.6357907652854919
YJL053W,YOL108C,0,-1.3976166,0.1270255446434021,0.9222332835197449,0.635890781879425
YJR151C,YFR031C,0,-1.3978482,0.1270080953836441,0.9222332835197449,0.6359907984733582
YDR473C,YGL068W,0,-1.3978974,0.1269906610250473,0.9222332835197449,0.6360908150672913
YLR105C,YPL151C,0,-1.3979498,0.1269732266664505,0.9222332835197449,0.6361908316612244
YLR141W,YCR080W,0,-1.3981098,0.1269558072090149,0.9222332835197449,0.6362909078598022
YLR394W,YCR097WB,0,-1.3986675,0.12693838775157928,0.9222332835197449,0.6363909244537354
YKL200C,YLR268W,0,-1.3986866,0.12692096829414368,0.9222332835197449,0.6364909410476685
YBR260C,YPL151C,0,-1.3987821,0.12690354883670807,0.9222332835197449,0.6365909576416016
YML045W-A,YOR338W,0,-1.398895,0.12688614428043365,0.9222332835197449,0.6366910338401794
YKL093W,YOR142W-A,0,-1.3990006,0.12686873972415924,0.9222332835197449,0.6367910504341125
YGL237C,YFL001W,0,-1.3999575,0.12685135006904602,0.9222332835197449,0.6368910670280457
YKL117W,YJR103W,0,-1.4000666,0.1268339455127716,0.9222332835197449,0.6369910836219788
YPR167C,YNL239W,0,-1.4002731,0.1268165558576584,0.9222332835197449,0.6370911002159119
YEL015W,YLR136C,1,-1.4004023,0.12693625688552856,0.9232302904129028,0.6370911002159119
YCL060C,YLL043W,0,-1.4006313,0.12691885232925415,0.9232302904129028,0.6371911764144897
YOR168W,YBL101W-B,0,-1.4007368,0.12690146267414093,0.9232302904129028,0.6372911930084229
YGR282C,YBR281C,0,-1.4007461,0.1268840730190277,0.9232302904129028,0.637391209602356
YER162C,YJL103C,0,-1.4010038,0.12686669826507568,0.9232302904129028,0.6374912261962891
YDR172W,YIL132C,0,-1.4010726,0.12684930860996246,0.9232302904129028,0.6375913023948669
YDR059C,YER115C,0,-1.4012612,0.12683193385601044,0.9232302904129028,0.6376913189888
YER050C,YMR032W,0,-1.401437,0.1268145740032196,0.9232302904129028,0.6377913355827332
YHR004C,YKL205W,0,-1.4017811,0.12679719924926758,0.9232302904129028,0.6378913521766663
YJR127C,YER154W,0,-1.4020404,0.12677983939647675,0.9232302904129028,0.6379913687705994
YDR381C-A,YGR222W,0,-1.4030099,0.1267624944448471,0.9232302904129028,0.6380914449691772
YLR136C,YDL102W,1,-1.4031593,0.12688201665878296,0.9242272973060608,0.6380914449691772
YMR267W,YLR391W,0,-1.4032367,0.12686465680599213,0.9242272973060608,0.6381914615631104
YJL085W,YCL026C-B,0,-1.4033245,0.1268472969532013,0.9242272973060608,0.6382914781570435
YMR173W,YMR025W,0,-1.4037554,0.12682993710041046,0.9242272973060608,0.6383914947509766
YBR129C,YNR035C,0,-1.4038436,0.12681259214878082,0.9242272973060608,0.6384915709495544
YCL074W,YPR113W,0,-1.4039083,0.12679524719715118,0.9242272973060608,0.6385915875434875
YNL102W,YOL026C,0,-1.4043434,0.12677790224552155,0.9242272973060608,0.6386916041374207
YBR150C,YJR005W,0,-1.4043635,0.1267605572938919,0.9242272973060608,0.6387916207313538
YDL121C,YOR393W,0,-1.4044652,0.12674322724342346,0.9242272973060608,0.6388916969299316
YBR170C,YLR389C,0,-1.4048707,0.1267259120941162,0.9242272973060608,0.6389917135238647
YGR161W-B,YKL013C,0,-1.4056194,0.12670858204364777,0.9242272973060608,0.6390917301177979
YJL172W,YKL097W-A,0,-1.4057254,0.12669126689434052,0.9242272973060608,0.639191746711731
YPL257W-B,YNR003C,0,-1.4060726,0.12667395174503326,0.9242272973060608,0.6392917633056641
YCL025C,YOL136C,0,-1.4061625,0.1266566514968872,0.9242272973060608,0.6393918395042419
YGL225W,YLR391W,0,-1.4062281,0.12663935124874115,0.9242272973060608,0.639491856098175
YJL141C,YLR256W-A,0,-1.4065361,0.1266220510005951,0.9242272973060608,0.6395918726921082
YPR137W,YFL035C,0,-1.4065511,0.12660475075244904,0.9242272973060608,0.6396918892860413
YMR089C,YJL128C,0,-1.4067758,0.12658746540546417,0.9242272973060608,0.6397919654846191
YJL140W,YLR301W,0,-1.4068601,0.1265701800584793,0.9242272973060608,0.6398919820785522
YMR169C,YLR145W,0,-1.4069124,0.12655289471149445,0.9242272973060608,0.6399919986724854
YOR209C,YPR138C,0,-1.4069939,0.12653562426567078,0.9242272973060608,0.6400920152664185
YLR203C,YCL052C,0,-1.4070108,0.1265183538198471,0.9242272973060608,0.6401920318603516
YDR173C,YPR138C,0,-1.4070723,0.12650109827518463,0.9242272973060608,0.6402921080589294
YGR175C,YOR294W,0,-1.4076118,0.12648382782936096,0.9242272973060608,0.6403921246528625
YBL113C,YCR097WB,0,-1.4082596,0.1264665722846985,0.9242272973060608,0.6404921412467957
YDR411C,YGL226C-A,0,-1.4089768,0.1264493316411972,0.9242272973060608,0.6405921578407288
YGR225W,YOR239W,0,-1.4091738,0.12643207609653473,0.9242272973060608,0.6406922340393066
YDR076W,YGR177C,0,-1.4099522,0.12641483545303345,0.9242272973060608,0.6407922506332397
YKL126W,YDR261C-D,0,-1.4102286,0.12639759480953217,0.9242272973060608,0.6408922672271729
YGL180W,YIL177C,0,-1.4103186,0.12638036906719208,0.9242272973060608,0.640992283821106
YBR075W,YDL021W,0,-1.4103942,0.126363143324852,0.9242272973060608,0.6410923004150391
YKL171W,YMR034C,0,-1.4104462,0.1263459175825119,0.9242272973060608,0.6411923766136169
YGR056W,YDR222W,0,-1.4106777,0.126328706741333,0.9242272973060608,0.64129239320755
YOL103W-B,YKR044W,0,-1.4107966,0.12631148099899292,0.9242272973060608,0.6413924098014832
YDL160C,YLR270W,1,-1.4109018,0.12643051147460938,0.9252243041992188,0.6413924098014832
YBL029C-A,YKR102W,0,-1.4109478,0.12641330063343048,0.9252243041992188,0.6414924263954163
YPL257W-B,YHR119W,0,-1.4111514,0.1263960748910904,0.9252243041992188,0.6415925025939941
YCR080W,YLR350W,0,-1.4113104,0.1263788640499115,0.9252243041992188,0.6416925191879272
YOR159C,YIL017W,0,-1.4113469,0.1263616532087326,0.9252243041992188,0.6417925357818604
YCL060C,YDR262W,0,-1.4117323,0.1263444572687149,0.9252243041992188,0.6418925523757935
YGR180C,YKL210W,0,-1.4120054,0.126327246427536,0.9252243041992188,0.6419925689697266
YDR210C-C,YHR175W,0,-1.4122692,0.1263100653886795,0.9252243041992188,0.6420926451683044
YLR130C,YMR159C,0,-1.4123452,0.1262928694486618,0.9252243041992188,0.6421926617622375
YDR304C,YPL096W,0,-1.4126751,0.1262756884098053,0.9252243041992188,0.6422926783561707
YOR142W-B,YBR275C,0,-1.4126958,0.1262585073709488,0.9252243041992188,0.6423926949501038
YBL058W,YER137C-A,0,-1.4150405,0.12624132633209229,0.9252243041992188,0.6424927711486816
YHL012W,YML049C,0,-1.4150894,0.12622416019439697,0.9252243041992188,0.6425927877426147
YFR036W,YOR008C,0,-1.4151196,0.12620699405670166,0.9252243041992188,0.6426928043365479
YLR141W,YCR055C,0,-1.415443,0.12618982791900635,0.9252243041992188,0.642792820930481
YAL060W,YDR332W,0,-1.4155892,0.12617267668247223,0.9252243041992188,0.6428928971290588
YOR388C,YLR270W,0,-1.4155958,0.1261555254459381,0.9252243041992188,0.6429929137229919
YOR076C,YDR151C,1,-1.4157653,0.12627430260181427,0.9262213110923767,0.6429929137229919
YLR305C,YCL060C,0,-1.4158581,0.12625713646411896,0.9262213110923767,0.643092930316925
YGR161W-B,YDL225W,0,-1.4161563,0.12623998522758484,0.9262213110923767,0.6431929469108582
YCR055C,YGL051W,0,-1.4164355,0.12622281908988953,0.9262213110923767,0.6432929635047913
YOL052C,YLR301W,0,-1.4167973,0.1262056827545166,0.9262213110923767,0.6433930397033691
YHR005C-A,YDL035C,0,-1.4171848,0.12618853151798248,0.9262213110923767,0.6434930562973022
YPR001W,YNL208W,0,-1.4174765,0.12617139518260956,0.9262213110923767,0.6435930728912354
YOR142W-B,YMR319C,0,-1.4175487,0.12615425884723663,0.9262213110923767,0.6436930894851685
YJR004C,YLR160C,0,-1.4176145,0.1261371374130249,0.9262213110923767,0.6437931656837463
YPL150W,YER185W,0,-1.4177387,0.12612001597881317,0.9262213110923767,0.6438931822776794
YPR137C-A,YDL208W,0,-1.4177924,0.12610289454460144,0.9262213110923767,0.6439931988716125
YNL208W,YBR074W,0,-1.4183187,0.1260857731103897,0.9262213110923767,0.6440932154655457
YMR284W,YDR081C,0,-1.4183782,0.12606866657733917,0.9262213110923767,0.6441932320594788
YIL170W,YLR187W,0,-1.4183975,0.12605156004428864,0.9262213110923767,0.6442933082580566
YDR371W,YER087C-B,0,-1.4187983,0.1260344535112381,0.9262213110923767,0.6443933248519897
YPR024W,YKL061W,0,-1.418802,0.12601736187934875,0.9262213110923767,0.6444933414459229
YML051W,YHR056C,0,-1.4188975,0.1260002702474594,0.9262213110923767,0.644593358039856
YNL283C,YML045W-A,0,-1.4193996,0.12598317861557007,0.9262213110923767,0.6446934342384338
YLR219W,YKL210W,0,-1.4194111,0.12596610188484192,0.9262213110923767,0.6447934508323669
YNR013C,YBL079W,0,-1.4198222,0.12594902515411377,0.9262213110923767,0.6448934674263
YBR075W,YDL128W,0,-1.4200529,0.12593194842338562,0.9262213110923767,0.6449934840202332
YBL101W-B,YDR415C,0,-1.420073,0.12591488659381866,0.9262213110923767,0.6450935006141663
YDR497C,YPL208W,0,-1.42037,0.1258978247642517,0.9262213110923767,0.6451935768127441
YOR209C,YER074W,0,-1.4204416,0.12588076293468475,0.9262213110923767,0.6452935934066772
YGL212W,YPL257W-B,0,-1.4209497,0.1258637011051178,0.9262213110923767,0.6453936100006104
YNL302C,YKR101W,0,-1.4210917,0.12584665417671204,0.9262213110923767,0.6454936265945435
YLR380W,YPL167C,0,-1.4211495,0.12582960724830627,0.9262213110923767,0.6455937027931213
YJL066C,YBR170C,0,-1.4215028,0.1258125603199005,0.9262213110923767,0.6456937193870544
YKL001C,YBL098W,0,-1.4215993,0.12579552829265594,0.9262213110923767,0.6457937359809875
YJR151C,YOL062C,0,-1.4218161,0.12577849626541138,0.9262213110923767,0.6458937525749207
YGR221C,YOR054C,0,-1.4218701,0.125761479139328,0.9262213110923767,0.6459937691688538
YCR027C,YCR093W,1,-1.4220339,0.12587980926036835,0.9272183179855347,0.6459937691688538
YER035W,YGR158C,1,-1.4220458,0.1259981095790863,0.9282153248786926,0.6459937691688538
YKL200C,YFR001W,0,-1.4222481,0.12598106265068054,0.9282153248786926,0.6460938453674316
YNR031C,YDR410C,0,-1.4224639,0.12596401572227478,0.9282153248786926,0.6461938619613647
YDL111C,YMR159C,0,-1.4225267,0.12594696879386902,0.9282153248786926,0.6462938785552979
YBR129C,YCR097WB,0,-1.4227326,0.12592993676662445,0.9282153248786926,0.646393895149231
YFR018C,YDR470C,0,-1.423035,0.12591290473937988,0.9282153248786926,0.6464939713478088
YNL259C,YMR143W,0,-1.4232466,0.12589587271213531,0.9282153248786926,0.6465939879417419
YDR296W,YGR177C,0,-1.4232894,0.12587885558605194,0.9282153248786926,0.646694004535675
YCR097WB,YJR034W,0,-1.4239156,0.12586183845996857,0.9282153248786926,0.6467940211296082
YKL061W,YHR057C,0,-1.4244844,0.1258448213338852,0.9282153248786926,0.646894097328186
YPR137C-A,YLR026C,0,-1.4246247,0.125827819108963,0.9282153248786926,0.6469941139221191
YNL223W,YNL208W,0,-1.4248079,0.12581081688404083,0.9282153248786926,0.6470941305160522
YLL002W,YLR209C,0,-1.4249632,0.12579381465911865,0.9282153248786926,0.6471941471099854
YML112W,YLR270W,0,-1.4251053,0.12577681243419647,0.9282153248786926,0.6472941637039185
YDR144C,YCL003W,0,-1.4251364,0.12575982511043549,0.9282153248786926,0.6473942399024963
YNL219C,YIL048W,0,-1.4251592,0.1257428377866745,0.9282153248786926,0.6474942564964294
YMR117C,YGR169C,0,-1.4253302,0.1257258653640747,0.9282153248786926,0.6475942730903625
YJL134W,YJL124C,0,-1.4254092,0.12570887804031372,0.9282153248786926,0.6476942896842957
YJL030W,YLR410W-B,0,-1.4255595,0.12569190561771393,0.9282153248786926,0.6477943658828735
YMR180C,YOL043C,0,-1.4257722,0.12567494809627533,0.9282153248786926,0.6478943824768066
YOR215C,YMR034C,0,-1.4260916,0.12565799057483673,0.9282153248786926,0.6479943990707397
YJL144W,YEL029C,0,-1.4261271,0.12564103305339813,0.9282153248786926,0.6480944156646729
YBL101W-B,YNL084C,0,-1.4265895,0.12562407553195953,0.9282153248786926,0.648194432258606
YOL066C,YNL010W,0,-1.4267006,0.12560711801052094,0.9282153248786926,0.6482945084571838
YPR158C-C,YLR073C,0,-1.4267025,0.12559017539024353,0.9282153248786926,0.6483945250511169
YGR264C,YDL170W,0,-1.4269631,0.12557323276996613,0.9282153248786926,0.64849454164505
YBR081C,YFL010W-A,0,-1.4269891,0.12555630505084991,0.9282153248786926,0.6485945582389832
YDR498C,YKL124W,0,-1.4275295,0.1255393773317337,0.9282153248786926,0.648694634437561
YDR090C,YBL076C,0,-1.4280505,0.1255224496126175,0.9282153248786926,0.6487946510314941
YKL126W,YDR530C,0,-1.4280875,0.12550552189350128,0.9282153248786926,0.6488946676254272
YDL165W,YOL123W,1,-1.4285076,0.1256234049797058,0.9292123913764954,0.6488946676254272
YOR206W,YJL206C,0,-1.4285374,0.1256064623594284,0.9292123913764954,0.6489946842193604
YMR032W,YMR186W,0,-1.4287379,0.1255895495414734,0.9292123913764954,0.6490947008132935
YML058W-A,YOL107W,0,-1.4287944,0.12557262182235718,0.9292123913764954,0.6491947770118713
YBR075W,YMR046C,0,-1.4288124,0.12555570900440216,0.9292123913764954,0.6492947936058044
YNL178W,YOR008C,0,-1.4289081,0.12553879618644714,0.9292123913764954,0.6493948101997375
YOR304W,YDL059C,0,-1.4289482,0.12552188336849213,0.9292123913764954,0.6494948267936707
YEL052W,YGL200C,0,-1.4289744,0.1255049854516983,0.9292123913764954,0.6495949029922485
YMR321C,YKL186C,0,-1.4298296,0.12548808753490448,0.9292123913764954,0.6496949195861816
YPL104W,YDL225W,0,-1.4301119,0.12547118961811066,0.9292123913764954,0.6497949361801147
YGL062W,YMR238W,0,-1.4301684,0.12545430660247803,0.9292123913764954,0.6498949527740479
YDR310C,YDR381C-A,0,-1.4302397,0.1254374086856842,0.9292123913764954,0.649994969367981
YPL188W,YGL233W,0,-1.4303918,0.12542054057121277,0.9292123913764954,0.6500950455665588
YGR081C,YER137C-A,0,-1.4304793,0.12540365755558014,0.9292123913764954,0.6501950621604919
YDL197C,YIL017W,0,-1.4305091,0.1253867894411087,0.9292123913764954,0.650295078754425
YKL200C,YPL274W,0,-1.4305476,0.12536992132663727,0.9292123913764954,0.6503950953483582
YFL002W-B,YOL052C,0,-1.4305573,0.12535305321216583,0.9292123913764954,0.650495171546936
YBL076C,YMR065W,0,-1.4306184,0.1253361999988556,0.9292123913764954,0.6505951881408691
YIR011C,YBR075W,0,-1.4308262,0.12531934678554535,0.9292123913764954,0.6506952047348022
YPL276W,YHR168W,0,-1.431208,0.1253024935722351,0.9292123913764954,0.6507952213287354
YLR228C,YCL004W,0,-1.431478,0.12528565526008606,0.9292123913764954,0.6508952975273132
YOR310C,YJR133W,0,-1.4315526,0.125268816947937,0.9292123913764954,0.6509953141212463
YKL161C,YPL098C,0,-1.4316925,0.12525197863578796,0.9292123913764954,0.6510953307151794
YBL089W,YER087C-B,0,-1.4320593,0.1252351552248001,0.9292123913764954,0.6511953473091125
YOL102C,YBR287W,0,-1.4320712,0.12521833181381226,0.9292123913764954,0.6512953639030457
YLR425W,YBR080C,0,-1.4322016,0.1252015084028244,0.9292123913764954,0.6513954401016235
YDR403W,YJL082W,0,-1.4328479,0.12518468499183655,0.9292123913764954,0.6514954566955566
YOR173W,YLR438C-A,1,-1.4334371,0.12530218064785004,0.9302093982696533,0.6514954566955566
YPL223C,YDR337W,0,-1.4338101,0.12528535723686218,0.9302093982696533,0.6515954732894897
YNL072W,YLR136C,1,-1.433902,0.1254027932882309,0.9312064051628113,0.6515954732894897
YKL074C,YLR151C,0,-1.4339395,0.12538595497608185,0.9312064051628113,0.6516954898834229
YFR021W,YNL284C-A,0,-1.4342034,0.125369131565094,0.9312064051628113,0.6517955660820007
YGL180W,YGL062W,0,-1.4342045,0.12535230815410614,0.9312064051628113,0.6518955826759338
YER146W,YDR404C,1,-1.434654,0.12546966969966888,0.9322034120559692,0.6518955826759338
YPL042C,YPR198W,0,-1.4351122,0.12545283138751984,0.9322034120559692,0.6519955992698669
YDR423C,YEL041W,0,-1.435283,0.12543600797653198,0.9322034120559692,0.6520956158638
YKL175W,YNR044W,0,-1.4353473,0.12541918456554413,0.9322034120559692,0.6521956324577332
YDR254W,YCR097WB,0,-1.4357364,0.12540236115455627,0.9322034120559692,0.652295708656311
YBR120C,YLR256W-A,0,-1.4357977,0.12538553774356842,0.9322034120559692,0.6523957252502441
YNL084C,YDR403W,0,-1.4362392,0.12536872923374176,0.9322034120559692,0.6524957418441772
YLR025W,YMR296C,0,-1.4363189,0.1253519207239151,0.9322034120559692,0.6525957584381104
YMR267W,YER002W,0,-1.4365139,0.12533512711524963,0.9322034120559692,0.6526958346366882
YOL103W-B,YLR129W,0,-1.4365528,0.12531831860542297,0.9322034120559692,0.6527958512306213
YKL203C,YDR261W-A,0,-1.4372607,0.1253015249967575,0.9322034120559692,0.6528958678245544
YMR159C,YDR381C-A,0,-1.4381347,0.12528473138809204,0.9322034120559692,0.6529958844184875
YNL284C-A,YPL274W,0,-1.4383414,0.12526795268058777,0.9322034120559692,0.6530959010124207
YLR410W-A,YDR403W,0,-1.4384606,0.1252511739730835,0.9322034120559692,0.6531959772109985
YIL083C,YDR159W,0,-1.4390315,0.12523439526557922,0.9322034120559692,0.6532959938049316
YKL093W,YDL022W,0,-1.4394119,0.12521763145923615,0.9322034120559692,0.6533960103988647
YPL064C,YGR214W,0,-1.4396256,0.12520085275173187,0.9322034120559692,0.6534960269927979
YMR182C,YGL019W,0,-1.4398075,0.1251840889453888,0.9322034120559692,0.6535961031913757
YOR142W-B,YDR081C,0,-1.4399047,0.1251673400402069,0.9322034120559692,0.6536961197853088
YBR294W,YNL107W,0,-1.4400252,0.12515057623386383,0.9322034120559692,0.6537961363792419
YOR301W,YDR461W,0,-1.440389,0.12513382732868195,0.9322034120559692,0.653896152973175
YIL076W,YCR097WB,0,-1.440443,0.12511709332466125,0.9322034120559692,0.6539961695671082
YAL060W,YLR289W,0,-1.4405236,0.12510034441947937,0.9322034120559692,0.654096245765686
YKL020C,YPL257W-B,0,-1.4406693,0.12508361041545868,0.9322034120559692,0.6541962623596191
YDR082W,YBR230C,0,-1.4407387,0.125066876411438,0.9322034120559692,0.6542962789535522
YPL083C,YLR251W,0,-1.4409679,0.1250501573085785,0.9322034120559692,0.6543962955474854
YAL021C,YBL026W,1,-1.4410298,0.12516716122627258,0.9332004189491272,0.6543962955474854
YKR068C,YDR404C,0,-1.4412041,0.1251504272222519,0.9332004189491272,0.6544963717460632
YKL217W,YJR070C,0,-1.4414444,0.1251336932182312,0.9332004189491272,0.6545963883399963
YNR074C,YCL026C-B,0,-1.4419339,0.1251169592142105,0.9332004189491272,0.6546964049339294
YOL103W-B,YER145C,0,-1.4419458,0.125100240111351,0.9332004189491272,0.6547964215278625
YPL257W-B,YCR002C,0,-1.4419543,0.12508352100849152,0.9332004189491272,0.6548964977264404
YNL335W,YGR214W,0,-1.4421554,0.12506680190563202,0.9332004189491272,0.6549965143203735
YPR182W,YIL140W,0,-1.4422984,0.12505009770393372,0.9332004189491272,0.6550965309143066
YOL136C,YJL128C,0,-1.4426682,0.1250333935022354,0.9332004189491272,0.6551965475082397
YER117W,YCL060C,0,-1.4429784,0.1250166893005371,0.9332004189491272,0.6552965641021729
YBR066C,YOR327C,0,-1.4433398,0.125,0.9332004189491272,0.6553966403007507
YOR176W,YPL082C,0,-1.4435177,0.12498331069946289,0.9332004189491272,0.6554966568946838
YLR244C,YKL097W-A,0,-1.4435614,0.12496662139892578,0.9332004189491272,0.6555966734886169
YPR182W,YJR138W,0,-1.443593,0.12494993954896927,0.9332004189491272,0.65569669008255
YHR214C-B,YBR155W,0,-1.443663,0.12493326514959335,0.9332004189491272,0.6557967662811279
YCR080W,YDR170C,0,-1.443895,0.12491659075021744,0.9332004189491272,0.655896782875061
YOR142W-A,YOR020C,0,-1.4439528,0.12489991635084152,0.9332004189491272,0.6559967994689941
YGR167W,YMR267W,0,-1.4442363,0.1248832568526268,0.9332004189491272,0.6560968160629272
YOR378W,YDR261W-A,0,-1.4446309,0.12486659735441208,0.9332004189491272,0.6561968326568604
YPR011C,YDL198C,0,-1.4447451,0.12484993785619736,0.9332004189491272,0.6562969088554382
YPR024W,YEL070W,0,-1.4449072,0.12483328580856323,0.9332004189491272,0.6563969254493713
YNL284C-A,YPL129W,0,-1.4450511,0.1248166412115097,0.9332004189491272,0.6564969420433044
YMR168C,YFL054C,0,-1.4453566,0.12479999661445618,0.9332004189491272,0.6565969586372375
YLR043C,YCR080W,0,-1.4454587,0.12478335946798325,0.9332004189491272,0.6566970348358154
YNL274C,YLR316C,0,-1.4454958,0.12476672977209091,0.9332004189491272,0.6567970514297485
YPR158C-C,YPL127C,0,-1.4456192,0.12475010007619858,0.9332004189491272,0.6568970680236816
YPL082C,YOR338W,0,-1.4460328,0.12473347783088684,0.9332004189491272,0.6569970846176147
YPR191W,YDR261W-A,0,-1.4462051,0.1247168555855751,0.9332004189491272,0.6570971012115479
YPL151C,YLR264W,0,-1.4464297,0.12470024079084396,0.9332004189491272,0.6571971774101257
YLR394W,YNL259C,0,-1.4466251,0.12468362599611282,0.9332004189491272,0.6572971940040588
YBR247C,YLR359W,0,-1.4466879,0.12466701865196228,0.9332004189491272,0.6573972105979919
YPR182W,YML052W,0,-1.4469053,0.12465041875839233,0.9332004189491272,0.657497227191925
YIL017W,YLL043W,0,-1.4469895,0.12463381886482239,0.9332004189491272,0.6575973033905029
YLR291C,YML045W-A,0,-1.4472241,0.12461722642183304,0.9332004189491272,0.657697319984436
YHR079C,YNL239W,0,-1.447346,0.12460064142942429,0.9332004189491272,0.6577973365783691
YFL002W-B,YLR256W-A,0,-1.4474314,0.12458405643701553,0.9332004189491272,0.6578973531723022
YLR141W,YNL239W,0,-1.4474535,0.12456747144460678,0.9332004189491272,0.6579973697662354
YPL082C,YFR052W,0,-1.4474665,0.12455090135335922,0.9332004189491272,0.6580974459648132
YEL031W,YLR425W,0,-1.44754,0.12453432381153107,0.9332004189491272,0.6581974625587463
YPR137C-A,YKR006C,0,-1.4478059,0.1245177611708641,0.9332004189491272,0.6582974791526794
YNL052W,YDR261W-A,0,-1.4478163,0.12450119853019714,0.9332004189491272,0.6583974957466125
YOL026C,YPL050C,0,-1.4478654,0.12448463588953018,0.9332004189491272,0.6584975719451904
YGR144W,YHR061C,0,-1.4479665,0.12446808815002441,0.9332004189491272,0.6585975885391235
YMR272C,YFL021W,0,-1.4480171,0.12445153295993805,0.9332004189491272,0.6586976051330566
YOR388C,YDR497C,0,-1.4480264,0.12443499267101288,0.9332004189491272,0.6587976217269897
YML036W,YEL056W,0,-1.4482286,0.12441845238208771,0.9332004189491272,0.6588976979255676
YLL019C,YGR246C,0,-1.4482815,0.12440191209316254,0.9332004189491272,0.6589977145195007
YCR093W,YNL178W,0,-1.4488248,0.12438537925481796,0.9332004189491272,0.6590977311134338
YOR279C,YJL192C,0,-1.4488893,0.12436885386705399,0.9332004189491272,0.6591977477073669
YNR031C,YGL200C,0,-1.449208,0.12435232847929001,0.9332004189491272,0.6592977643013
YPL064C,YGR143W,0,-1.4493823,0.12433581054210663,0.9332004189491272,0.6593978404998779
YPR026W,YBR275C,0,-1.4500847,0.12431930005550385,0.9332004189491272,0.659497857093811
YGR144W,YLR390W,0,-1.4505699,0.12430278956890106,0.9332004189491272,0.6595978736877441
YKL171W,YBR230C,0,-1.4514973,0.12428628653287888,0.9332004189491272,0.6596978902816772
YLR305C,YLR410W-B,0,-1.4515761,0.12426978349685669,0.9332004189491272,0.6597979664802551
YHR029C,YOR317W,0,-1.4518139,0.1242532879114151,0.9332004189491272,0.6598979830741882
YPL150W,YJR005W,0,-1.451972,0.12423679232597351,0.9332004189491272,0.6599979996681213
YKL161C,YCL034W,0,-1.4519787,0.12422030419111252,0.9332004189491272,0.6600980162620544
YDR351W,YLR197W,0,-1.4519974,0.12420382350683212,0.9332004189491272,0.6601980328559875
YBL058W,YPR163C,0,-1.4523911,0.12418734282255173,0.9332004189491272,0.6602981090545654
YOR343W-B,YOL111C,0,-1.4524701,0.12417086958885193,0.9332004189491272,0.6603981256484985
YNL273W,YCR055C,0,-1.45258,0.12415439635515213,0.9332004189491272,0.6604981422424316
YML073C,YMR228W,0,-1.452605,0.12413793057203293,0.9332004189491272,0.6605981588363647
YKR036C,YOR232W,0,-1.4526103,0.12412147223949432,0.9332004189491272,0.6606982350349426
YLL013C,YLR270W,1,-1.4528397,0.12423760443925858,0.9341974258422852,0.6606982350349426
YDL142C,YKL015W,0,-1.4529287,0.12422113120555878,0.9341974258422852,0.6607982516288757
YMR180C,YDR416W,0,-1.4531553,0.12420466542243958,0.9341974258422852,0.6608982682228088
YCR030C,YLL033W,0,-1.4537024,0.12418820708990097,0.9341974258422852,0.6609982848167419
YNL284C-A,YLL033W,0,-1.4538387,0.12417174875736237,0.9341974258422852,0.661098301410675
YEL030W,YJL214W,0,-1.4543585,0.12415529042482376,0.9341974258422852,0.6611983776092529
YNL122C,YLR151C,0,-1.4547465,0.12413884699344635,0.9341974258422852,0.661298394203186
YOR304W,YDL202W,0,-1.4552159,0.12412240356206894,0.9341974258422852,0.6613984107971191
YDL121C,YKL097W-A,0,-1.4553143,0.12410596013069153,0.9341974258422852,0.6614984273910522
YBL113C,YER087C-B,0,-1.4558309,0.12408952414989471,0.9341974258422852,0.6615985035896301
YOL129W,YPR158C-C,0,-1.455863,0.1240730956196785,0.9341974258422852,0.6616985201835632
YDR306C,YIL133C,0,-1.456118,0.12405666708946228,0.9341974258422852,0.6617985367774963
YDL054C,YPL104W,0,-1.4565604,0.12404024600982666,0.9341974258422852,0.6618985533714294
YCL074W,YGL183C,0,-1.4574099,0.12402382493019104,0.9341974258422852,0.6619985699653625
YPR042C,YPL029W,1,-1.458102,0.12413975596427917,0.9351944327354431,0.6619985699653625
YNL085W,YBR145W,0,-1.4581951,0.12412332743406296,0.9351944327354431,0.6620986461639404
YJR004C,YCL008C,0,-1.4582155,0.12410690635442734,0.9351944327354431,0.6621986627578735
YOR142W-A,YNL208W,0,-1.4583784,0.12409048527479172,0.9351944327354431,0.6622986793518066
YOR237W,YML056C,0,-1.4585617,0.1240740716457367,0.9351944327354431,0.6623986959457397
YPL099C,YDR261W-A,0,-1.4590182,0.12405766546726227,0.9351944327354431,0.6624987721443176
YFL035C,YBR238C,0,-1.4590819,0.12404125928878784,0.9351944327354431,0.6625987887382507
YNL110C,YML128C,0,-1.4591489,0.12402486056089401,0.9351944327354431,0.6626988053321838
YDR492W,YKR028W,0,-1.459204,0.12400846183300018,0.9351944327354431,0.6627988219261169
YKL208W,YIL038C,1,-1.4592657,0.12412425875663757,0.9361914396286011,0.6627988219261169
YDR072C,YOR142W-A,0,-1.4600341,0.12410785257816315,0.9361914396286011,0.6628988981246948
YPR113W,YJL206C,0,-1.4603937,0.12409144639968872,0.9361914396286011,0.6629989147186279
YNL284C-A,YDR159W,0,-1.4606587,0.12407505512237549,0.9361914396286011,0.663098931312561
YGL158W,YER137C-A,0,-1.4607496,0.12405866384506226,0.9361914396286011,0.6631989479064941
YPR137C-A,YOR219C,0,-1.4608454,0.12404227256774902,0.9361914396286011,0.6632989645004272
YDL036C,YML045W-A,0,-1.4613687,0.12402588874101639,0.9361914396286011,0.6633990406990051
YDR285W,YDL171C,0,-1.4613944,0.12400951236486435,0.9361914396286011,0.6634990572929382
YMR115W,YFR052W,0,-1.4614148,0.12399313598871231,0.9361914396286011,0.6635990738868713
YKL085W,YCL060C,0,-1.4614613,0.12397675961256027,0.9361914396286011,0.6636990904808044
YOL082W,YER175C,0,-1.461966,0.12396039813756943,0.9361914396286011,0.6637991666793823
YOR317W,YBR173C,0,-1.4620118,0.12394403666257858,0.9361914396286011,0.6638991832733154
YIL159W,YKL085W,0,-1.4623907,0.12392767518758774,0.9361914396286011,0.6639991998672485
YFL048C,YMR186W,0,-1.46242,0.12391132116317749,0.9361914396286011,0.6640992164611816
YJL166W,YNL281W,0,-1.4624383,0.12389497458934784,0.9361914396286011,0.6641992330551147
YMR172W,YGL259W,0,-1.4626498,0.12387862801551819,0.9361914396286011,0.6642993092536926
YPR137C-A,YDL015C,0,-1.4633781,0.12386228889226913,0.9361914396286011,0.6643993258476257
YDR454C,YGR222W,0,-1.4634612,0.12384594976902008,0.9361914396286011,0.6644993424415588
YJL085W,YLR348C,0,-1.4637235,0.12382961809635162,0.9361914396286011,0.6645993590354919
YBL101W-B,YPR060C,0,-1.4638214,0.12381329387426376,0.9361914396286011,0.6646994352340698
YNL288W,YJL140W,1,-1.4640639,0.12392880767583847,0.937188446521759,0.6646994352340698
YEL052W,YDR205W,0,-1.4645171,0.12391246855258942,0.937188446521759,0.6647994518280029
YCR080W,YGL113W,0,-1.4646297,0.12389613687992096,0.937188446521759,0.664899468421936
YDL215C,YJL103C,0,-1.4647641,0.1238798126578331,0.937188446521759,0.6649994850158691
YKL200C,YDL245C,0,-1.4649658,0.12386348843574524,0.937188446521759,0.6650995016098022
YCL003W,YLL061W,0,-1.4651923,0.12384716421365738,0.937188446521759,0.6651995778083801
YDR076W,YLR227W-B,0,-1.4655111,0.12383085489273071,0.937188446521759,0.6652995944023132
YEL022W,YGR155W,0,-1.4658816,0.12381453812122345,0.937188446521759,0.6653996109962463
YGR036C,YAR031W,0,-1.4660047,0.12379823625087738,0.937188446521759,0.6654996275901794
YGL169W,YLR227W-B,0,-1.4660488,0.12378193438053131,0.937188446521759,0.6655997037887573
YKL093W,YGL019W,0,-1.4663264,0.12376563251018524,0.937188446521759,0.6656997203826904
YJR127C,YNL008C,0,-1.466553,0.12374933809041977,0.937188446521759,0.6657997369766235
YER049W,YKL217W,0,-1.4665684,0.1237330511212349,0.937188446521759,0.6658997535705566
YBR223C,YKL171W,0,-1.4666739,0.12371676415205002,0.937188446521759,0.6659997701644897
YBR282W,YCR026C,0,-1.466887,0.12370048463344574,0.937188446521759,0.6660998463630676
YBR260C,YLR256W-A,0,-1.4671491,0.12368421256542206,0.937188446521759,0.6661998629570007
YAL063C,YPR163C,0,-1.4674828,0.12366794049739838,0.937188446521759,0.6662998795509338
YDL111C,YCL025C,0,-1.467777,0.1236516684293747,0.937188446521759,0.6663998961448669
YPR198W,YML045W-A,0,-1.4680248,0.12363540381193161,0.937188446521759,0.6664999723434448
YJL144W,YKL172W,0,-1.4682243,0.12361914664506912,0.937188446521759,0.6665999889373779
YMR168C,YPR113W,0,-1.468662,0.12360288947820663,0.937188446521759,0.666700005531311
YPR158C-C,YAL017W,0,-1.4688511,0.12358663976192474,0.937188446521759,0.6668000221252441
YNL131W,YDR281C,0,-1.4688793,0.12357039749622345,0.937188446521759,0.666900098323822
YLR080W,YLR209C,0,-1.4695816,0.12355415523052216,0.937188446521759,0.6670001149177551
YNL232W,YDR404C,1,-1.4696668,0.1236693412065506,0.938185453414917,0.6670001149177551
YJR082C,YCR055C,0,-1.470144,0.12365309149026871,0.938185453414917,0.6671001315116882
YML045W-A,YDR353W,0,-1.4701574,0.12363684177398682,0.938185453414917,0.6672001481056213
YJL004C,YGL060W,0,-1.4703425,0.12362059950828552,0.938185453414917,0.6673001646995544
YPL113C,YCR097WB,0,-1.470419,0.12360435724258423,0.938185453414917,0.6674002408981323
YKL126W,YGL046W,0,-1.4705093,0.12358812987804413,0.938185453414917,0.6675002574920654
YOL111C,YBL068W,0,-1.4706106,0.12357189506292343,0.938185453414917,0.6676002740859985
YKL165C,YBL026W,0,-1.4707847,0.12355567514896393,0.938185453414917,0.6677002906799316
YGR052W,YDR472W,0,-1.4710875,0.12353944778442383,0.938185453414917,0.6678003668785095
YJR149W,YIL140W,0,-1.4715185,0.12352323532104492,0.938185453414917,0.6679003834724426
YPL134C,YBR075W,0,-1.4719446,0.12350702285766602,0.938185453414917,0.6680004000663757
YGL233W,YIR005W,0,-1.4720287,0.12349081039428711,0.938185453414917,0.6681004166603088
YGR258C,YCL003W,0,-1.4723108,0.1234746128320694,0.938185453414917,0.6682004332542419
YBR128C,YMR090W,0,-1.4727288,0.12345840781927109,0.938185453414917,0.6683005094528198
YEL053C,YOR219C,0,-1.4727292,0.12344221770763397,0.938185453414917,0.6684005260467529
YOR219C,YOL108C,0,-1.4727411,0.12342602014541626,0.938185453414917,0.668500542640686
YOR215C,YER145C,0,-1.4730518,0.12340983748435974,0.938185453414917,0.6686005592346191
YLR080W,YGL046W,0,-1.473085,0.12339365482330322,0.938185453414917,0.668700635433197
YDR210C-C,YOR025W,0,-1.4736633,0.1233774721622467,0.938185453414917,0.6688006520271301
YDR296W,YLR309C,0,-1.47382,0.12336129695177078,0.938185453414917,0.6689006686210632
YJL079C,YOR251C,0,-1.4739059,0.12334512919187546,0.938185453414917,0.6690006852149963
YNL008C,YLR359W,0,-1.4740057,0.12332896143198013,0.938185453414917,0.6691007018089294
YCR093W,YER165W,0,-1.4742274,0.1233128011226654,0.938185453414917,0.6692007780075073
YOR194C,YMR295C,0,-1.4743096,0.12329664826393127,0.938185453414917,0.6693007946014404
YDR064W,YMR210W,0,-1.4743506,0.12328049540519714,0.938185453414917,0.6694008111953735
YNL202W,YKL186C,0,-1.4749498,0.12326434254646301,0.938185453414917,0.6695008277893066
YOR349W,YDR508C,0,-1.4750428,0.12324819713830948,0.938185453414917,0.6696009039878845
YMR145C,YER115C,0,-1.4751538,0.12323205918073654,0.938185453414917,0.6697009205818176
YDR263C,YPR160W,0,-1.4754753,0.1232159212231636,0.938185453414917,0.6698009371757507
YCR060W,YAL063C,0,-1.4755716,0.12319979071617126,0.938185453414917,0.6699009537696838
YFL033C,YEL062W,0,-1.4758203,0.12318366020917892,0.938185453414917,0.6700010299682617
YCR087C-A,YNL284C,0,-1.4758418,0.12316753715276718,0.938185453414917,0.6701010465621948
YNL284C-A,YER130C,0,-1.4768357,0.12315142154693604,0.938185453414917,0.6702010631561279
YPR158C-C,YGL170C,0,-1.4770565,0.12313530594110489,0.938185453414917,0.670301079750061
YFR021W,YMR143W,0,-1.4773303,0.12311919033527374,0.938185453414917,0.6704010963439941
YJL114W,YJR040W,0,-1.47734,0.12310308963060379,0.938185453414917,0.670501172542572
YDR512C,YDL024C,0,-1.4776045,0.12308698147535324,0.938185453414917,0.6706011891365051
YOR176W,YER151C,0,-1.4776156,0.12307088822126389,0.938185453414917,0.6707012057304382
YPR024W,YJL155C,0,-1.4777128,0.12305479496717453,0.938185453414917,0.6708012223243713
YDL054C,YMR319C,0,-1.4778275,0.12303870171308517,0.938185453414917,0.6709012985229492
YKL013C,YOR180C,0,-1.4780743,0.12302261590957642,0.938185453414917,0.6710013151168823
YOR126C,YNL258C,0,-1.4781384,0.12300653755664825,0.938185453414917,0.6711013317108154
YDR492W,YJL130C,0,-1.4783928,0.12299045920372009,0.938185453414917,0.6712013483047485
YKR019C,YOL104C,0,-1.4784048,0.12297438830137253,0.938185453414917,0.6713013648986816
YHR002W,YNL026W,0,-1.478421,0.12295831739902496,0.938185453414917,0.6714014410972595
YPR072W,YPL151C,0,-1.4790543,0.122942253947258,0.938185453414917,0.6715014576911926
YLR029C,YCR097WB,0,-1.4790769,0.12292619049549103,0.938185453414917,0.6716014742851257
YDL246C,YPR204W,0,-1.4791024,0.12291013449430466,0.938185453414917,0.6717014908790588
YLL041C,YHL034C,0,-1.4791601,0.12289408594369888,0.938185453414917,0.6718015670776367
YOR142W-A,YMR179W,0,-1.4793012,0.12287803739309311,0.938185453414917,0.6719015836715698
YPL218W,YMR136W,0,-1.4797816,0.12286198884248734,0.938185453414917,0.6720016002655029
YAL016W,YPR001W,0,-1.4807557,0.12284595519304276,0.938185453414917,0.672101616859436
YOL082W,YEL043W,0,-1.481031,0.12282991409301758,0.938185453414917,0.6722016334533691
YHR164C,YGL010W,0,-1.4810731,0.1228138878941536,0.938185453414917,0.672301709651947
YLR009W,YCR097WB,0,-1.4811599,0.12279786169528961,0.938185453414917,0.6724017262458801
YER112W,YJL124C,1,-1.4812899,0.12291231751441956,0.939182460308075,0.6724017262458801
YPL064C,YNL284C-A,0,-1.481463,0.12289628386497498,0.939182460308075,0.6725017428398132
YHR030C,YLR113W,0,-1.481507,0.1228802502155304,0.939182460308075,0.6726017594337463
YCR011C,YGR089W,0,-1.4815872,0.12286422401666641,0.939182460308075,0.6727018356323242
YLL040C,YBR093C,0,-1.481606,0.12284819781780243,0.939182460308075,0.6728018522262573
YDL142C,YGL037C,0,-1.4819862,0.12283217906951904,0.939182460308075,0.6729018688201904
YMR117C,YBR118W,0,-1.4821873,0.12281616777181625,0.939182460308075,0.6730018854141235
YDR411C,YPR158C-C,0,-1.4822075,0.12280015647411346,0.939182460308075,0.6731019020080566
YHR082C,YNR013C,0,-1.4822292,0.12278415262699127,0.939182460308075,0.6732019782066345
YHR174W,YFL045C,0,-1.4825448,0.12276814877986908,0.939182460308075,0.6733019948005676
YMR276W,YMR218C,0,-1.4827821,0.12275215238332748,0.939182460308075,0.6734020113945007
YDR261W-A,YNL078W,0,-1.4831148,0.12273615598678589,0.939182460308075,0.6735020279884338
YPR043W,YLR391W,0,-1.4832945,0.12272016704082489,0.939182460308075,0.6736021041870117
YPL200W,YBL112C,0,-1.4841421,0.12270417809486389,0.939182460308075,0.6737021207809448
YHR039C-A,YNL298W,0,-1.4841828,0.12268819659948349,0.939182460308075,0.6738021373748779
YDR423C,YBL113C,0,-1.4842203,0.12267222255468369,0.939182460308075,0.673902153968811
YGR246C,YER087C-B,0,-1.484346,0.12265624850988388,0.939182460308075,0.6740022301673889
YOR126C,YMR176W,0,-1.4845139,0.12264028191566467,0.939182460308075,0.674102246761322
YEL069C,YPL208W,0,-1.4845876,0.12262431532144547,0.939182460308075,0.6742022633552551
YKL200C,YDR205W,0,-1.4849792,0.12260835617780685,0.939182460308075,0.6743022799491882
YOR159C,YDL035C,0,-1.4852499,0.12259239703416824,0.939182460308075,0.6744022965431213
YOR313C,YJR133W,0,-1.4852693,0.12257644534111023,0.939182460308075,0.6745023727416992
YKL170W,YKL067W,0,-1.4852791,0.12256050109863281,0.939182460308075,0.6746023893356323
YGR012W,YFL035C,0,-1.4854906,0.1225445568561554,0.939182460308075,0.6747024059295654
YFL035C,YNL080C,0,-1.4855007,0.12252861261367798,0.939182460308075,0.6748024225234985
YFL014W,YDR207C,0,-1.4855428,0.12251268327236176,0.939182460308075,0.6749024987220764
YMR315W,YHR119W,0,-1.4856706,0.12249674648046494,0.939182460308075,0.6750025153160095
YPL257W-B,YKR068C,0,-1.4858878,0.12248082458972931,0.939182460308075,0.6751025319099426
YDR210C-C,YLR113W,0,-1.4860475,0.12246489524841309,0.939182460308075,0.6752025485038757
YGR020C,YMR301C,0,-1.4868907,0.12244898080825806,0.939182460308075,0.6753025650978088
YKL064W,YCL060C,0,-1.4870563,0.12243306636810303,0.939182460308075,0.6754026412963867
YOR216C,YER090W,0,-1.4876453,0.122417151927948,0.939182460308075,0.6755026578903198
YOL142W,YNL284C-A,0,-1.4882586,0.12240124493837357,0.939182460308075,0.6756026744842529
YKL200C,YJR032W,0,-1.4890808,0.12238534539937973,0.939182460308075,0.675702691078186
YKR066C,YAL024C,0,-1.4894053,0.1223694458603859,0.939182460308075,0.6758027672767639
YKL093W,YKL022C,0,-1.4894707,0.12235355377197266,0.939182460308075,0.675902783870697
YGL158W,YKL053C-A,0,-1.4899011,0.12233766168355942,0.939182460308075,0.6760028004646301
YNL258C,YLR130C,0,-1.4902115,0.12232177704572678,0.939182460308075,0.6761028170585632
YOL142W,YCR097WB,0,-1.4903754,0.12230589240789413,0.939182460308075,0.6762028336524963
YDR263C,YDR151C,0,-1.4906011,0.12229001522064209,0.939182460308075,0.6763029098510742
YGL241W,YJR040W,0,-1.4907744,0.12227414548397064,0.939182460308075,0.6764029264450073
YHR002W,YJL214W,0,-1.4911109,0.1222582757472992,0.939182460308075,0.6765029430389404
YCR087C-A,YAL029C,0,-1.4912385,0.12224240601062775,0.939182460308075,0.6766029596328735
YBR042C,YLR164W,0,-1.4912667,0.1222265437245369,0.939182460308075,0.6767030358314514
YCL014W,YHR005C-A,0,-1.4916407,0.12221068888902664,0.939182460308075,0.6768030524253845
YOR054C,YDL171C,0,-1.4917103,0.12219483405351639,0.939182460308075,0.6769030690193176
YDL039C,YEL056W,0,-1.4917223,0.12217898666858673,0.939182460308075,0.6770030856132507
YFL010W-A,YOL101C,0,-1.4919792,0.12216314673423767,0.939182460308075,0.6771031022071838
YDR411C,YDL078C,0,-1.4921787,0.12214729934930801,0.939182460308075,0.6772031784057617
YPL134C,YLR329W,0,-1.4922839,0.12213146686553955,0.939182460308075,0.6773031949996948
YPL002C,YPL113C,0,-1.4923695,0.12211563438177109,0.939182460308075,0.6774032115936279
YPR158C-C,YNL092W,0,-1.4925559,0.12209980189800262,0.939182460308075,0.677503228187561
YBR195C,YKL097W-A,0,-1.4937954,0.12208398431539536,0.939182460308075,0.6776033043861389
YOR089C,YOL151W,0,-1.4938155,0.12206815928220749,0.939182460308075,0.677703320980072
YKL097W-A,YGR143W,0,-1.49385,0.12205234169960022,0.939182460308075,0.6778033375740051
YEL069C,YPL180W,0,-1.4939284,0.12203653156757355,0.939182460308075,0.6779033541679382
YIL134W,YCL060C,0,-1.4942015,0.12202072888612747,0.939182460308075,0.6780034303665161
YOR147W,YPL147W,0,-1.4943852,0.1220049187541008,0.939182460308075,0.6781034469604492
YDR411C,YCR080W,0,-1.4943933,0.12198912352323532,0.939182460308075,0.6782034635543823
YNL284C-A,YIR038C,0,-1.4953872,0.12197332829236984,0.939182460308075,0.6783034801483154
YNR074C,YHR109W,0,-1.4959135,0.12195753306150436,0.939182460308075,0.6784034967422485
YFL035C,YGL051W,0,-1.4965887,0.12194174528121948,0.939182460308075,0.6785035729408264
YLR256W-A,YBR072W,0,-1.4966152,0.1219259649515152,0.939182460308075,0.6786035895347595
YOR251C,YLR278C,0,-1.4966702,0.12191018462181091,0.939182460308075,0.6787036061286926
YOR099W,YKL097W-A,0,-1.4967079,0.12189441174268723,0.939182460308075,0.6788036227226257
YNL079C,YFL014W,0,-1.496889,0.12187863886356354,0.939182460308075,0.6789036989212036
YNR010W,YPR133W-A,0,-1.4969518,0.12186287343502045,0.939182460308075,0.6790037155151367
YLR130C,YEL041W,0,-1.4969724,0.12184710800647736,0.939182460308075,0.6791037321090698
YMR005W,YCR080W,0,-1.4971186,0.12183135002851486,0.939182460308075,0.6792037487030029
YIL134W,YJL194W,0,-1.4973309,0.12181559205055237,0.939182460308075,0.679303765296936
YDR371W,YKL124W,0,-1.4974558,0.12179984152317047,0.939182460308075,0.6794038414955139
YAR002C-A,YIL047C,0,-1.497648,0.12178409844636917,0.939182460308075,0.679503858089447
YBL101W-B,YDL015C,0,-1.4978116,0.12176835536956787,0.939182460308075,0.6796038746833801
YLR386W,YLR350W,0,-1.4980341,0.12175261974334717,0.939182460308075,0.6797038912773132
YDR263C,YKL103C,0,-1.4981351,0.12173688411712646,0.939182460308075,0.6798039674758911
YHL034C,YHR085W,0,-1.498201,0.12172115594148636,0.939182460308075,0.6799039840698242
YOR283W,YDL140C,0,-1.4983569,0.12170542776584625,0.939182460308075,0.6800040006637573
YCL057W,YPL098C,0,-1.4984787,0.12168970704078674,0.939182460308075,0.6801040172576904
YOR251C,YPR138C,0,-1.4988842,0.12167398631572723,0.939182460308075,0.6802040338516235
YDR414C,YOR239W,0,-1.4990821,0.12165827304124832,0.939182460308075,0.6803041100502014
YOR301W,YLR227W-B,0,-1.4991076,0.12164255976676941,0.939182460308075,0.6804041266441345
YMR025W,YDR261W-A,0,-1.499332,0.1216268539428711,0.939182460308075,0.6805041432380676
YMR276W,YBL005W-B,0,-1.4996841,0.12161115556955338,0.939182460308075,0.6806041598320007
YNR067C,YOR351C,0,-1.4999949,0.12159545719623566,0.939182460308075,0.6807042360305786
YDR205W,YCL026C-B,0,-1.5003189,0.12157975882291794,0.939182460308075,0.6808042526245117
YOL062C,YMR246W,0,-1.5006809,0.12156407535076141,0.939182460308075,0.6809042692184448
YNL027W,YJR133W,0,-1.5010345,0.12154838442802429,0.939182460308075,0.6810042858123779
YGR238C,YER046W,0,-1.5010681,0.12153270840644836,0.939182460308075,0.681104302406311
YMR321C,YLR163C,0,-1.5014211,0.12151702493429184,0.939182460308075,0.6812043786048889
YMR020W,YKL022C,0,-1.50169,0.12150135636329651,0.939182460308075,0.681304395198822
YCL034W,YGL163C,0,-1.5017048,0.12148568779230118,0.939182460308075,0.6814044117927551
YBR066C,YFR045W,0,-1.5018573,0.12147001922130585,0.939182460308075,0.6815044283866882
YML049C,YEL041W,0,-1.5020149,0.12145435810089111,0.939182460308075,0.6816045045852661
YKL168C,YNR044W,0,-1.5027012,0.12143869698047638,0.939182460308075,0.6817045211791992
YKL093W,YLR160C,0,-1.5028976,0.12142305076122284,0.939182460308075,0.6818045377731323
YBR059C,YKL165C,0,-1.5031755,0.1214073970913887,0.939182460308075,0.6819045543670654
YHR175W,YOR292C,0,-1.503288,0.12139175087213516,0.939182460308075,0.6820046305656433
YHR056C,YOR292C,0,-1.5038078,0.12137611210346222,0.939182460308075,0.6821046471595764
YGL236C,YMR025W,0,-1.504147,0.12136047333478928,0.939182460308075,0.6822046637535095
YGL241W,YCR055C,0,-1.5042193,0.12134484201669693,0.939182460308075,0.6823046803474426
YJL085W,YLL040C,0,-1.504293,0.12132921069860458,0.939182460308075,0.6824046969413757
YIR018W,YKL064W,0,-1.5044007,0.12131358683109283,0.939182460308075,0.6825047731399536
YLR289W,YJR031C,0,-1.5049306,0.12129796296358109,0.939182460308075,0.6826047897338867
YLR410W-A,YCR046C,0,-1.5049886,0.12128234654664993,0.939182460308075,0.6827048063278198
YPL042C,YPL027W,0,-1.5050123,0.12126673758029938,0.939182460308075,0.6828048229217529
YLR395C,YAL040C,0,-1.505163,0.12125112861394882,0.939182460308075,0.6829048991203308
YKL175W,YGL046W,0,-1.5055614,0.12123551964759827,0.939182460308075,0.6830049157142639
YIL142W,YFR021W,0,-1.5058324,0.12121991813182831,0.939182460308075,0.683104932308197
YLR227W-B,YFL045C,0,-1.505995,0.12120432406663895,0.939182460308075,0.6832049489021301
YBR294W,YOR317W,0,-1.5060052,0.12118873000144958,0.939182460308075,0.6833049654960632
YPL223C,YCR080W,0,-1.5063305,0.12117314338684082,0.939182460308075,0.6834050416946411
YOR138C,YBR075W,0,-1.506803,0.12115755677223206,0.939182460308075,0.6835050582885742
YOR084W,YDR260C,0,-1.5068119,0.12114197760820389,0.939182460308075,0.6836050748825073
YGL162W,YMR034C,0,-1.5076748,0.12112639844417572,0.939182460308075,0.6837050914764404
YDR371W,YMR160W,0,-1.5078187,0.12111082673072815,0.939182460308075,0.6838051676750183
YBR287W,YDR261W-A,0,-1.5080299,0.12109525501728058,0.939182460308075,0.6839051842689514
YGR084C,YCL003W,0,-1.5081527,0.1210796907544136,0.939182460308075,0.6840052008628845
YKL095W,YLR391W,0,-1.5082157,0.12106413394212723,0.939182460308075,0.6841052174568176
YDL078C,YJR133W,0,-1.5082663,0.12104857712984085,0.939182460308075,0.6842052340507507
YIR038C,YER087C-B,0,-1.5083096,0.12103302031755447,0.939182460308075,0.6843053102493286
YNR004W,YKL097W-A,0,-1.5085669,0.1210174709558487,0.939182460308075,0.6844053268432617
YOR054C,YLR312W-A,0,-1.5086336,0.12100192904472351,0.939182460308075,0.6845053434371948
YDR090C,YGR171C,0,-1.508774,0.12098638713359833,0.939182460308075,0.6846053600311279
YNL153C,YGR281W,0,-1.5087765,0.12097084522247314,0.939182460308075,0.6847054362297058
YLR103C,YCL003W,0,-1.5088034,0.12095531821250916,0.939182460308075,0.6848054528236389
YOL082W,YDR240C,0,-1.5093303,0.12093978375196457,0.939182460308075,0.684905469417572
YBR294W,YLR391W-A,0,-1.5098301,0.12092426419258118,0.939182460308075,0.6850054860115051
YER150W,YNL138W-A,0,-1.5098301,0.12090873718261719,0.939182460308075,0.6851055026054382
YHR214C-B,YFL011W-A,0,-1.5098301,0.12089322507381439,0.939182460308075,0.6852055788040161
YKL170W,YNL138W-A,0,-1.5098301,0.1208777129650116,0.939182460308075,0.6853055953979492
YGR031C-A,YLL008W,0,-1.5098301,0.1208622008562088,0.939182460308075,0.6854056119918823
YDR263C,YLR391W-A,0,-1.5098301,0.1208466961979866,0.939182460308075,0.6855056285858154
YPR162C,YDR014W-A,0,-1.5098301,0.120831198990345,0.939182460308075,0.6856057047843933
YDR072C,YOL053C-A,0,-1.5098301,0.1208157017827034,0.939182460308075,0.6857057213783264
YBR111W-A,YER130C,0,-1.5098301,0.1208002045750618,0.939182460308075,0.6858057379722595
YER013W,YCR097WB,0,-1.5098301,0.1207847148180008,0.939182460308075,0.6859057545661926
YDR137W,YDR014W-A,0,-1.5098301,0.12076923251152039,0.939182460308075,0.6860058307647705
YOL053C-A,YPL208W,0,-1.5098301,0.12075375020503998,0.939182460308075,0.6861058473587036
YGR288W,YGR031C-A,0,-1.5098301,0.12073827534914017,0.939182460308075,0.6862058639526367
YHR060W,YMR268W-A,0,-1.5098301,0.12072280049324036,0.939182460308075,0.6863058805465698
YDR014W-A,YGR222W,0,-1.5098301,0.12070733308792114,0.939182460308075,0.6864058971405029
YJL012C-A,YOR008C,0,-1.5098301,0.12069186568260193,0.939182460308075,0.6865059733390808
YMR117C,YBR075W,0,-1.5098301,0.12067640572786331,0.939182460308075,0.6866059899330139
YPR194C,YDR014W-A,0,-1.5098301,0.1206609457731247,0.939182460308075,0.686706006526947
YKL200C,YFR019W,0,-1.5098301,0.12064549326896667,0.939182460308075,0.6868060231208801
YKL130C,YMR268W-A,0,-1.5098301,0.12063004076480865,0.939182460308075,0.686906099319458
YER050C,YLR154W-A,0,-1.5098301,0.12061459571123123,0.939182460308075,0.6870061159133911
YGR095C,YLR154W-A,0,-1.5098301,0.1205991581082344,0.939182460308075,0.6871061325073242
YJL012C-A,YLR154W-A,0,-1.5098301,0.12058372050523758,0.939182460308075,0.6872061491012573
YGR031C-A,YDR014W-A,0,-1.5098301,0.12056828290224075,0.939182460308075,0.6873061656951904
YLR401C,YJL012C-A,0,-1.5098301,0.12055285274982452,0.939182460308075,0.6874062418937683
YOL053C-A,YHR039C-A,0,-1.5098301,0.12053743004798889,0.939182460308075,0.6875062584877014
YER145C,YMR268W-A,0,-1.5098301,0.12052200734615326,0.939182460308075,0.6876062750816345
YBR111W-A,YBR129C,0,-1.5098301,0.12050658464431763,0.939182460308075,0.6877062916755676
YDR144C,YGR031C-A,0,-1.5098301,0.12049117684364319,0.939182460308075,0.6878063678741455
YDL039C,YMR268W-A,0,-1.5098301,0.12047576159238815,0.939182460308075,0.6879063844680786
YJL012C-A,YML049C,0,-1.5098301,0.12046036124229431,0.939182460308075,0.6880064010620117
YDR476C,YMR268W-A,0,-1.5098301,0.12044495344161987,0.939182460308075,0.6881064176559448
YDR014W-A,YEL040W,0,-1.5098301,0.12042956054210663,0.939182460308075,0.6882064342498779
YFL011W-A,YPR080W,0,-1.5098301,0.12041416019201279,0.939182460308075,0.6883065104484558
YGR031C-A,YMR117C,0,-1.5098301,0.12039877474308014,0.939182460308075,0.6884065270423889
YDR014W-A,YLR440C,0,-1.5098301,0.12038338929414749,0.939182460308075,0.688506543636322
YMR049C,YNL138W-A,0,-1.5098301,0.12036800384521484,0.939182460308075,0.6886065602302551
YNL138W-A,YPL104W,0,-1.5098301,0.12035262584686279,0.939182460308075,0.688706636428833
YNL138W-A,YOR138C,0,-1.5098301,0.12033724784851074,0.939182460308075,0.6888066530227661
YMR093W,YOL053C-A,0,-1.5098301,0.12032187730073929,0.939182460308075,0.6889066696166992
YLR227W-B,YCL026C-B,0,-1.5098301,0.12030651420354843,0.939182460308075,0.6890066862106323
YBR111W-A,YGL051W,0,-1.5098301,0.12029115110635757,0.939182460308075,0.6891067028045654
YGR031C-A,YMR075W,0,-1.5098301,0.12027578800916672,0.939182460308075,0.6892067790031433
YFL011W-A,YMR020W,0,-1.5098301,0.12026043981313705,0.939182460308075,0.6893067955970764
YOL111C,YOL053C-A,0,-1.5098301,0.1202450841665268,0.939182460308075,0.6894068121910095
YDR014W-A,YLR291C,0,-1.5098301,0.12022973597049713,0.939182460308075,0.6895068287849426
YJL124C,YMR268W-A,0,-1.5098301,0.12021439522504807,0.939182460308075,0.6896069049835205
YBR195C,YLR391W-A,0,-1.5098301,0.120199054479599,0.939182460308075,0.6897069215774536
YCR097WB,YLR154W-A,0,-1.5098301,0.12018372118473053,0.939182460308075,0.6898069381713867
YBR111W-A,YGR177C,0,-1.5098301,0.12016838788986206,0.939182460308075,0.6899069547653198
YKL053C-A,YLR391W,0,-1.5098301,0.12015306204557419,0.939182460308075,0.6900070309638977
YOL142W,YBR111W-A,0,-1.5098301,0.12013773620128632,0.939182460308075,0.6901070475578308
YNL102W,YLR154W-A,0,-1.5098301,0.12012241780757904,0.939182460308075,0.6902070641517639
YGR031C-A,YHR119W,0,-1.5098301,0.12010709941387177,0.939182460308075,0.690307080745697
YOL010W,YDR014W-A,0,-1.5098301,0.12009178847074509,0.939182460308075,0.6904070973396301
YGR031C-A,YDR332W,0,-1.5098301,0.120076484978199,0.939182460308075,0.690507173538208
YKL093W,YGR031C-A,0,-1.5098301,0.12006117403507233,0.939182460308075,0.6906071901321411
YPR204W,YOL053C-A,0,-1.5098301,0.12004587799310684,0.939182460308075,0.6907072067260742
YPL112C,YLR154W-A,0,-1.5098301,0.12003058195114136,0.939182460308075,0.6908072233200073
YBR223C,YNL138W-A,0,-1.5098301,0.12001528590917587,0.939182460308075,0.6909072995185852
YJL012C-A,YOR317W,0,-1.5098301,0.11999999731779099,0.939182460308075,0.6910073161125183
YLR395C,YDR014W-A,0,-1.5098301,0.1199847161769867,0.939182460308075,0.6911073327064514
YNL284C-A,YCR055C,0,-1.5098301,0.1199694350361824,0.939182460308075,0.6912073493003845
YGR031C-A,YJR057W,0,-1.5098301,0.11995416134595871,0.939182460308075,0.6913073658943176
YFL011W-A,YJL060W,0,-1.5098301,0.11993888765573502,0.939182460308075,0.6914074420928955
YPR011C,YMR268W-A,0,-1.5098301,0.11992361396551132,0.939182460308075,0.6915074586868286
YFL011W-A,YLR073C,0,-1.5098301,0.11990834772586823,0.939182460308075,0.6916074752807617
YLR314C,YBR111W-A,0,-1.5098301,0.11989308893680573,0.939182460308075,0.6917074918746948
YJR147W,YOL053C-A,0,-1.5098301,0.11987783014774323,0.939182460308075,0.6918075680732727
YDR351W,YNL138W-A,0,-1.5098301,0.11986257880926132,0.939182460308075,0.6919075846672058
YGR031C-A,YBL089W,0,-1.5098301,0.11984732747077942,0.939182460308075,0.6920076012611389
YGR036C,YJL012C-A,0,-1.5098301,0.11983208358287811,0.939182460308075,0.692107617855072
YJL012C-A,YBR243C,0,-1.5098301,0.1198168396949768,0.939182460308075,0.6922076344490051
YJL012C-A,YOR239W,0,-1.5098301,0.1198016032576561,0.939182460308075,0.692307710647583
YBR075W,YAR035W,0,-1.5098301,0.11978636682033539,0.939182460308075,0.6924077272415161
YLR391W-A,YFL054C,0,-1.5098301,0.11977113783359528,0.939182460308075,0.6925077438354492
YPL002C,YLR154W-A,0,-1.5098301,0.11975590884685516,0.939182460308075,0.6926077604293823
YLR105C,YOL053C-A,0,-1.5098301,0.11974068731069565,0.939182460308075,0.6927078366279602
YJR147W,YJL012C-A,0,-1.5098301,0.11972547322511673,0.939182460308075,0.6928078532218933
YDR014W-A,YOR317W,0,-1.5098301,0.11971025913953781,0.939182460308075,0.6929078698158264
YGR031C-A,YBL041W,0,-1.5098301,0.11969504505395889,0.939182460308075,0.6930078864097595
YFL011W-A,YNR018W,0,-1.5098301,0.11967983841896057,0.939182460308075,0.6931079030036926
YGL148W,YMR268W-A,0,-1.5098301,0.11966463178396225,0.939182460308075,0.6932079792022705
YLR391W-A,YOL004W,0,-1.5098301,0.11964943259954453,0.939182460308075,0.6933079957962036
YGR031C-A,YDR151C,0,-1.5098301,0.1196342408657074,0.939182460308075,0.6934080123901367
YGR031C-A,YHR168W,0,-1.5098301,0.11961904913187027,0.939182460308075,0.6935080289840698
YJL012C-A,YEL053C,0,-1.5098301,0.11960385739803314,0.939182460308075,0.6936081051826477
YBL005W-B,YFL011W-A,0,-1.5098301,0.11958867311477661,0.939182460308075,0.6937081217765808
YJL030W,YMR268W-A,0,-1.5098301,0.11957349628210068,0.939182460308075,0.6938081383705139
YJL012C-A,YLR285W,0,-1.5098301,0.11955831944942474,0.939182460308075,0.693908154964447
YNL138W-A,YDR508C,0,-1.5098301,0.1195431500673294,0.939182460308075,0.6940082311630249
YNL172W,YBL101W-B,0,-1.5098301,0.11952798068523407,0.939182460308075,0.694108247756958
YBR111W-A,YPL093W,0,-1.5098301,0.11951281130313873,0.939182460308075,0.6942082643508911
YBR111W-A,YGL169W,0,-1.5098301,0.11949765682220459,0.939182460308075,0.6943082809448242
YGR288W,YLR391W-A,0,-1.5098301,0.11948249489068985,0.939182460308075,0.6944082975387573
YKL182W,YCR080W,0,-1.5098301,0.1194673404097557,0.939182460308075,0.6945083737373352
YLR183C,YLR154W-A,0,-1.5098301,0.11945219337940216,0.939182460308075,0.6946083903312683
YDR014W-A,YDR207C,0,-1.5098301,0.11943704634904861,0.939182460308075,0.6947084069252014
YJL030W,YOL053C-A,0,-1.5098301,0.11942190676927567,0.939182460308075,0.6948084235191345
YOR216C,YMR268W-A,0,-1.5098301,0.11940676718950272,0.939182460308075,0.6949084997177124
YOR142W-B,YCL003W,0,-1.5098301,0.11939163506031036,0.939182460308075,0.6950085163116455
YBL101W-B,YDL171C,0,-1.5098301,0.11937650293111801,0.939182460308075,0.6951085329055786
YDR014W-A,YDR164C,0,-1.5098301,0.11936137825250626,0.939182460308075,0.6952085494995117
YBR195C,YNL138W-A,0,-1.5098301,0.1193462535738945,0.939182460308075,0.6953085660934448
YBR111W-A,YDL015C,0,-1.5098301,0.11933113634586334,0.939182460308075,0.6954086422920227
YDR014W-A,YMR321C,0,-1.5098301,0.11931601911783218,0.939182460308075,0.6955086588859558
YBR111W-A,YCL003W,0,-1.5098301,0.11930090934038162,0.939182460308075,0.6956086754798889
YGR031C-A,YLR389C,0,-1.5098301,0.11928580701351166,0.939182460308075,0.695708692073822
YKR054C,YBR075W,0,-1.5098301,0.1192707046866417,0.939182460308075,0.6958087682723999
YBR075W,YPL093W,0,-1.5098301,0.11925560235977173,0.939182460308075,0.695908784866333
YDR014W-A,YGL169W,0,-1.5098301,0.11924050748348236,0.939182460308075,0.6960088014602661
YPR204W,YNL138W-A,0,-1.5098301,0.119225412607193,0.939182460308075,0.6961088180541992
YER137C-A,YCL003W,0,-1.5098301,0.11921032518148422,0.939182460308075,0.6962088346481323
YER103W,YMR268W-A,0,-1.5098301,0.11919524520635605,0.939182460308075,0.6963089108467102
YBR111W-A,YIL135C,0,-1.5098301,0.11918016523122787,0.939182460308075,0.6964089274406433
YFL011W-A,YGL113W,0,-1.5098301,0.1191650852560997,0.939182460308075,0.6965089440345764
YGR031C-A,YLR073C,0,-1.5098301,0.11915001273155212,0.939182460308075,0.6966089606285095
YBR111W-A,YOR349W,0,-1.5098301,0.11913494020700455,0.939182460308075,0.6967090368270874
YDR261C-D,YLR391W-A,0,-1.5098301,0.11911987513303757,0.939182460308075,0.6968090534210205
YLR391W-A,YDR373W,0,-1.5098301,0.11910481750965118,0.939182460308075,0.6969090700149536
YJL012C-A,YLR073C,0,-1.5098301,0.1190897598862648,0.939182460308075,0.6970090866088867
YBR278W,YOL053C-A,0,-1.5098301,0.11907470971345901,0.939182460308075,0.6971091032028198
YER008C,YNL138W-A,0,-1.5098301,0.11905965954065323,0.939182460308075,0.6972091794013977
YPR137C-A,YBL029C-A,0,-1.5098301,0.11904460936784744,0.939182460308075,0.6973091959953308
YGR031C-A,YBL005W-B,0,-1.5098301,0.11902956664562225,0.939182460308075,0.6974092125892639
YNL138W-A,YBR155W,0,-1.5098301,0.11901453137397766,0.939182460308075,0.697509229183197
YDR014W-A,YBL085W,0,-1.5098301,0.11899949610233307,0.939182460308075,0.6976093053817749
YNL172W,YLR391W-A,0,-1.5098301,0.11898446083068848,0.939182460308075,0.697709321975708
YNL138W-A,YER104W,0,-1.5098301,0.11896943300962448,0.939182460308075,0.6978093385696411
YHR066W,YFL011W-A,0,-1.5098301,0.11895441263914108,0.939182460308075,0.6979093551635742
YOL053C-A,YIR032C,0,-1.5098301,0.11893939226865768,0.939182460308075,0.6980094313621521
YBL113C,YBL029C-A,0,-1.5098301,0.11892437934875488,0.939182460308075,0.6981094479560852
YOR382W,YLR391W-A,0,-1.5098301,0.11890936642885208,0.939182460308075,0.6982094645500183
YBR187W,YOL053C-A,0,-1.5098301,0.11889436095952988,0.939182460308075,0.6983094811439514
YNL138W-A,YPL129W,0,-1.5098301,0.11887935549020767,0.939182460308075,0.6984094977378845
YDR034C,YLR391W-A,0,-1.5098301,0.11886435002088547,0.939182460308075,0.6985095739364624
YFL011W-A,YJR040W,0,-1.5098301,0.11884935945272446,0.939182460308075,0.6986095905303955
YBR111W-A,YPR160W,0,-1.5098301,0.11883436143398285,0.939182460308075,0.6987096071243286
YAL040C,YLR154W-A,0,-1.5098301,0.11881937086582184,0.939182460308075,0.6988096237182617
YMR049C,YOL053C-A,0,-1.5098301,0.11880438774824142,0.939182460308075,0.6989096999168396
YMR020W,YMR268W-A,0,-1.5098301,0.11878940463066101,0.939182460308075,0.6990097165107727
YPL011C,YLR154W-A,0,-1.5098301,0.1187744289636612,0.939182460308075,0.6991097331047058
YGR012W,YOL053C-A,0,-1.5098301,0.11875945329666138,0.939182460308075,0.6992097496986389
YOL043C,YOL053C-A,0,-1.5098301,0.11874448508024216,0.939182460308075,0.699309766292572
YHL012W,YBR111W-A,0,-1.5098301,0.11872951686382294,0.939182460308075,0.6994098424911499
YBR111W-A,YEL043W,0,-1.5098301,0.11871455609798431,0.939182460308075,0.699509859085083
YBR111W-A,YIL047C,0,-1.5098301,0.11869959533214569,0.939182460308075,0.6996098756790161
YKL200C,YKL182W,0,-1.5098301,0.11868464201688766,0.939182460308075,0.6997098922729492
YPL180W,YLR391W-A,0,-1.5098301,0.11866968870162964,0.939182460308075,0.6998099684715271
YOL053C-A,YKL022C,0,-1.5098301,0.11865474283695221,0.939182460308075,0.6999099850654602
YFL011W-A,YLR025W,0,-1.5098301,0.11863979697227478,0.939182460308075,0.7000100016593933
YDR014W-A,YJL178C,0,-1.5098301,0.11862485855817795,0.939182460308075,0.7001100182533264
YPR191W,YIL017W,0,-1.5098301,0.11860992014408112,0.939182460308075,0.7002100348472595
YGR258C,YMR268W-A,0,-1.5098301,0.11859498918056488,0.939182460308075,0.7003101110458374
YJL012C-A,YFL054C,0,-1.5098301,0.11858005821704865,0.939182460308075,0.7004101276397705
YNL138W-A,YBR128C,0,-1.5098301,0.118565134704113,0.939182460308075,0.7005101442337036
YOR243C,YNL138W-A,0,-1.5098301,0.11855021119117737,0.939182460308075,0.7006101608276367
YOL142W,YMR268W-A,0,-1.5098301,0.11853529512882233,0.939182460308075,0.7007102370262146
YDR014W-A,YOR232W,0,-1.5098301,0.11852037906646729,0.939182460308075,0.7008102536201477
YGL046W,YML039W,0,-1.5098301,0.11850547045469284,0.939182460308075,0.7009102702140808
YJL012C-A,YMR143W,0,-1.5098301,0.11849056929349899,0.939182460308075,0.7010102868080139
YFL011W-A,YNL078W,0,-1.5098301,0.11847566068172455,0.939182460308075,0.701110303401947
YFR029W,YDR014W-A,0,-1.5098301,0.1184607669711113,0.939182460308075,0.7012103796005249
YGR031C-A,YOR324C,0,-1.5098301,0.11844586580991745,0.939182460308075,0.701310396194458
YML097C,YLR391W-A,0,-1.5098301,0.1184309795498848,0.939182460308075,0.7014104127883911
YLL002W,YBR111W-A,0,-1.5098301,0.11841609328985214,0.939182460308075,0.7015104293823242
YNL138W-A,YFR018C,0,-1.5098301,0.11840120702981949,0.939182460308075,0.7016105055809021
YNL138W-A,YKL097W-A,0,-1.5098301,0.11838632822036743,0.939182460308075,0.7017105221748352
YKL041W,YOL053C-A,0,-1.5098301,0.11837144941091537,0.939182460308075,0.7018105387687683
YMR054W,YOL053C-A,0,-1.5098301,0.11835657805204391,0.939182460308075,0.7019105553627014
YOL045W,YOL053C-A,0,-1.5098301,0.11834170669317245,0.939182460308075,0.7020106315612793
YDR014W-A,YGL183C,0,-1.5098301,0.11832684278488159,0.939182460308075,0.7021106481552124
YKL097W-A,YPL093W,0,-1.5098301,0.11831197887659073,0.939182460308075,0.7022106647491455
YFL011W-A,YDR457W,0,-1.5098301,0.11829712241888046,0.939182460308075,0.7023106813430786
YGL233W,YCL060C,0,-1.5098301,0.1182822734117508,0.939182460308075,0.7024106979370117
YPL257W-B,YLR391W-A,0,-1.5098301,0.11826741695404053,0.939182460308075,0.7025107741355896
YNL219C,YPR159W,0,-1.5099294,0.11825257539749146,0.939182460308075,0.7026107907295227
YNL297C,YGR012W,0,-1.5100207,0.11823773384094238,0.939182460308075,0.7027108073234558
YKL061W,YLR350W,0,-1.5100213,0.11822289228439331,0.939182460308075,0.7028108239173889
YPR200C,YPL259C,0,-1.510042,0.11820805817842484,0.939182460308075,0.7029109001159668
YEL022W,YML045W-A,0,-1.510062,0.11819322407245636,0.939182460308075,0.7030109167098999
YCL060C,YDR140W,0,-1.5103059,0.11817839741706848,0.939182460308075,0.703110933303833
YER138C,YNL084C,0,-1.5107592,0.1181635707616806,0.939182460308075,0.7032109498977661
YML073C,YMR193W,0,-1.5115349,0.11814875155687332,0.939182460308075,0.7033109664916992
YNR067C,YBR075W,0,-1.5116959,0.11813393235206604,0.939182460308075,0.7034110426902771
YMR077C,YDR261W-A,0,-1.5117588,0.11811912059783936,0.939182460308075,0.7035110592842102
YIL006W,YDR415C,0,-1.5119271,0.11810431629419327,0.939182460308075,0.7036110758781433
YJR149W,YLR256W-A,0,-1.5129061,0.11808950453996658,0.939182460308075,0.7037110924720764
YBL112C,YCR055C,0,-1.5129342,0.11807470768690109,0.939182460308075,0.7038111686706543
YDL202W,YMR025W,0,-1.5133457,0.1180599108338356,0.939182460308075,0.7039111852645874
YPR002W,YMR210W,0,-1.5134157,0.11804511398077011,0.939182460308075,0.7040112018585205
YPL150W,YBR066C,0,-1.5137982,0.11803032457828522,0.939182460308075,0.7041112184524536
YMR295C,YDR261W-A,0,-1.5138357,0.11801553517580032,0.939182460308075,0.7042112350463867
YDL036C,YBL091C-A,0,-1.5147808,0.11800075322389603,0.939182460308075,0.7043113112449646
YDR518W,YLR228C,0,-1.5152069,0.11798597127199173,0.939182460308075,0.7044113278388977
YGR199W,YNL335W,0,-1.5156206,0.11797119677066803,0.939182460308075,0.7045113444328308
YCR080W,YHR135C,0,-1.5159235,0.11795642226934433,0.939182460308075,0.7046113610267639
YDR210C-C,YJL071W,0,-1.5160328,0.11794165521860123,0.939182460308075,0.7047114372253418
YJL030W,YOR313C,0,-1.5163484,0.11792688816785812,0.939182460308075,0.7048114538192749
YCL057W,YLL017W,0,-1.5170302,0.11791212856769562,0.939182460308075,0.704911470413208
YDR498C,YKL097W-A,0,-1.517236,0.11789736896753311,0.939182460308075,0.7050114870071411
YLR187W,YLL055W,0,-1.51787,0.1178826168179512,0.939182460308075,0.705111563205719
YLR182W,YIR039C,0,-1.518035,0.1178678646683693,0.939182460308075,0.7052115797996521
YGR246C,YPL098C,0,-1.5183296,0.11785311996936798,0.939182460308075,0.7053115963935852
YPR189W,YER035W,1,-1.5184124,0.11796347051858902,0.9401794672012329,0.7053115963935852
YKL090W,YCL060C,0,-1.5187405,0.11794871836900711,0.9401794672012329,0.7054116129875183
YJR055W,YBR075W,0,-1.5189697,0.1179339662194252,0.9401794672012329,0.7055116295814514
YDR351W,YGR032W,0,-1.5194409,0.11791922152042389,0.9401794672012329,0.7056117057800293
YDL024C,YCR055C,0,-1.5194616,0.11790447682142258,0.9401794672012329,0.7057117223739624
YOL043C,YOL136C,0,-1.5196805,0.11788973957300186,0.9401794672012329,0.7058117389678955
YDR414C,YPR158C-C,0,-1.5197237,0.11787500232458115,0.9401794672012329,0.7059117555618286
YPL098C,YGL030W,0,-1.5197794,0.11786026507616043,0.9401794672012329,0.7060118317604065
YMR077C,YBR075W,0,-1.520462,0.11784553527832031,0.9401794672012329,0.7061118483543396
YNL282W,YPL257W-B,0,-1.5207341,0.11783081293106079,0.9401794672012329,0.7062118649482727
YGL222C,YNL118C,1,-1.5210649,0.11794102936983109,0.9411764740943909,0.7062118649482727
YFR029W,YNL016W,0,-1.5211112,0.11792629957199097,0.9411764740943909,0.7063118815422058
YER008C,YCR080W,0,-1.5211604,0.11791156977415085,0.9411764740943909,0.7064118981361389
YIL017W,YDL047W,0,-1.5214056,0.11789683997631073,0.9411764740943909,0.7065119743347168
YHR047C,YFR018C,0,-1.5215484,0.11788211762905121,0.9411764740943909,0.7066119909286499
YKL182W,YIL076W,0,-1.5217477,0.11786740273237228,0.9411764740943909,0.706712007522583
YCR080W,YMR172W,0,-1.5218164,0.11785268783569336,0.9411764740943909,0.7068120241165161
YML045W-A,YNL335W,0,-1.5218711,0.11783797293901443,0.9411764740943909,0.706912100315094
YLR268W,YNL052W,0,-1.5223553,0.11782326549291611,0.9411764740943909,0.7070121169090271
YDR378C,YDL216C,0,-1.5225027,0.11780855804681778,0.9411764740943909,0.7071121335029602
YBL101W-B,YIL133C,0,-1.5228239,0.11779385805130005,0.9411764740943909,0.7072121500968933
YLR130C,YCR097WB,0,-1.5229993,0.11777916550636292,0.9411764740943909,0.7073121666908264
YER137C-A,YOL107W,0,-1.5230867,0.11776447296142578,0.9411764740943909,0.7074122428894043
YDR518W,YNL284C,0,-1.5233932,0.11774978041648865,0.9411764740943909,0.7075122594833374
YJL004C,YLR256W-A,0,-1.5236079,0.11773509532213211,0.9411764740943909,0.7076122760772705
YDL245C,YIL017W,0,-1.5239902,0.11772041767835617,0.9411764740943909,0.7077122926712036
YFR021W,YCR097WB,0,-1.5244178,0.11770573258399963,0.9411764740943909,0.7078123688697815
YFL057C,YOR393W,0,-1.525106,0.11769106239080429,0.9411764740943909,0.7079123854637146
YGR134W,YHR051W,0,-1.5253863,0.11767639219760895,0.9411764740943909,0.7080124020576477
YLR256W-A,YDR173C,0,-1.5254664,0.1176617220044136,0.9411764740943909,0.7081124186515808
YKR019C,YIR038C,0,-1.5256348,0.11764705926179886,0.9411764740943909,0.7082124352455139
YEL053C,YGR255C,0,-1.5261446,0.11763239651918411,0.9411764740943909,0.7083125114440918
YOR099W,YFL035C,0,-1.5262158,0.11761774122714996,0.9411764740943909,0.7084125280380249
YLR295C,YEL022W,0,-1.5262971,0.11760308593511581,0.9411764740943909,0.708512544631958
YNL297C,YLR440C,0,-1.5263019,0.11758843809366226,0.9411764740943909,0.7086125612258911
YIL143C,YOL111C,0,-1.5263956,0.1175737977027893,0.9411764740943909,0.708712637424469
YBL041W,YKR101W,0,-1.5265343,0.11755914986133575,0.9411764740943909,0.7088126540184021
YOR298W,YDR403W,0,-1.5266751,0.1175445169210434,0.9411764740943909,0.7089126706123352
YPR194C,YAL024C,0,-1.5272876,0.11752988398075104,0.9411764740943909,0.7090126872062683
YHL034C,YFR018C,0,-1.5273123,0.11751525104045868,0.9411764740943909,0.7091127634048462
YCL060C,YML128C,0,-1.527383,0.11750062555074692,0.9411764740943909,0.7092127799987793
YIL017W,YLR151C,0,-1.5275941,0.11748600006103516,0.9411764740943909,0.7093127965927124
YJL034W,YER115C,0,-1.5280576,0.11747138202190399,0.9411764740943909,0.7094128131866455
YJR032W,YGL046W,0,-1.5282508,0.11745676398277283,0.9411764740943909,0.7095128297805786
YBL101W-B,YIL140W,0,-1.5283618,0.11744215339422226,0.9411764740943909,0.7096129059791565
YLR080W,YBR095C,0,-1.528426,0.11742754280567169,0.9411764740943909,0.7097129225730896
YOL142W,YDL215C,0,-1.5287999,0.11741293221712112,0.9411764740943909,0.7098129391670227
YER008C,YGL046W,0,-1.5288653,0.11739833652973175,0.9411764740943909,0.7099129557609558
YER014C-A,YOR180C,0,-1.5294383,0.11738373339176178,0.9411764740943909,0.7100130319595337
YBR150C,YDL055C,0,-1.5294863,0.1173691377043724,0.9411764740943909,0.7101130485534668
YER014C-A,YLR141W,0,-1.5296072,0.11735454946756363,0.9411764740943909,0.7102130651473999
YDL084W,YOR275C,0,-1.5296861,0.11733996123075485,0.9411764740943909,0.710313081741333
YBR075W,YDR373W,0,-1.5297917,0.11732538044452667,0.9411764740943909,0.7104130983352661
YJR149W,YCR055C,0,-1.5298568,0.11731079965829849,0.9411764740943909,0.710513174533844
YMR046C,YCR097WB,0,-1.5304122,0.11729622632265091,0.9411764740943909,0.7106131911277771
YAL017W,YER087C-B,0,-1.5308621,0.11728165298700333,0.9411764740943909,0.7107132077217102
YDR419W,YCL060C,0,-1.5309129,0.11726707965135574,0.9411764740943909,0.7108132243156433
YMR284W,YIL035C,0,-1.5310943,0.11725251376628876,0.9411764740943909,0.7109133005142212
YKL007W,YBR261C,0,-1.5312712,0.11723795533180237,0.9411764740943909,0.7110133171081543
YGR052W,YPL027W,0,-1.5313039,0.11722339689731598,0.9411764740943909,0.7111133337020874
YDR240C,YJL213W,0,-1.5315267,0.11720883846282959,0.9411764740943909,0.7112133502960205
YIR025W,YOR215C,0,-1.5319988,0.1171942874789238,0.9411764740943909,0.7113133668899536
YHR211W,YFR018C,0,-1.5325522,0.1171797439455986,0.9411764740943909,0.7114134430885315
YCL003W,YDR109C,0,-1.5327088,0.11716520041227341,0.9411764740943909,0.7115134596824646
YOR378W,YMR034C,0,-1.5327648,0.11715065687894821,0.9411764740943909,0.7116134762763977
YGL162W,YEL041W,0,-1.5327821,0.11713612079620361,0.9411764740943909,0.7117134928703308
YGL172W,YPL244C,0,-1.5329149,0.11712158471345901,0.9411764740943909,0.7118135690689087
YLR191W,YIL108W,0,-1.5331142,0.11710705608129501,0.9411764740943909,0.7119135856628418
YKR066C,YKL097W-A,0,-1.5331427,0.11709253489971161,0.9411764740943909,0.7120136022567749
YNL127W,YNR013C,0,-1.5333816,0.1170780137181282,0.9411764740943909,0.712113618850708
YER055C,YOL102C,0,-1.5336583,0.1170634925365448,0.9411764740943909,0.7122136354446411
YML071C,YKL210W,0,-1.5336593,0.11704897880554199,0.9411764740943909,0.712313711643219
YEL040W,YMR115W,0,-1.5340626,0.11703446507453918,0.9411764740943909,0.7124137282371521
YMR097C,YBL076C,0,-1.5341054,0.11701995879411697,0.9411764740943909,0.7125137448310852
YLR203C,YJR133W,0,-1.5348339,0.11700545251369476,0.9411764740943909,0.7126137614250183
YER154W,YIL017W,0,-1.5353172,0.11699095368385315,0.9411764740943909,0.7127138376235962
YNL307C,YBR276C,0,-1.5354364,0.11697645485401154,0.9411764740943909,0.7128138542175293
YFL035C,YBR243C,0,-1.5354624,0.11696196347475052,0.9411764740943909,0.7129138708114624
YKL170W,YBL101W-B,0,-1.5355747,0.1169474720954895,0.9411764740943909,0.7130138874053955
YGR282C,YJR006W,0,-1.5356917,0.11693298816680908,0.9411764740943909,0.7131139636039734
YCR097WB,YBL092W,0,-1.5356984,0.11691850423812866,0.9411764740943909,0.7132139801979065
YKL168C,YGL046W,0,-1.5357591,0.11690402776002884,0.9411764740943909,0.7133139967918396
YMR276W,YJR057W,0,-1.5357934,0.11688955128192902,0.9411764740943909,0.7134140133857727
YPR072W,YJR130C,0,-1.5358479,0.1168750748038292,0.9411764740943909,0.7135140299797058
YKL013C,YJL024C,0,-1.5363383,0.11686060577630997,0.9411764740943909,0.7136141061782837
YEL070W,YLR264W,0,-1.5366063,0.11684614419937134,0.9411764740943909,0.7137141227722168
YKL103C,YFR001W,0,-1.5368644,0.11683168262243271,0.9411764740943909,0.7138141393661499
YNL232W,YLR391W,0,-1.5372837,0.11681722849607468,0.9411764740943909,0.713914155960083
YLR256W-A,YNL335W,0,-1.5376444,0.11680277436971664,0.9411764740943909,0.7140142321586609
YGR144W,YIR011C,0,-1.5378504,0.11678832024335861,0.9411764740943909,0.714114248752594
YKR008W,YBL101W-B,0,-1.5380144,0.11677387356758118,0.9411764740943909,0.7142142653465271
YER150W,YMR061W,0,-1.5381799,0.11675943434238434,0.9411764740943909,0.7143142819404602
YFL035C,YMR267W,0,-1.5382925,0.1167449876666069,0.9411764740943909,0.7144142985343933
YKL103C,YDR137W,0,-1.5389997,0.11673055589199066,0.9411764740943909,0.7145143747329712
YPR182W,YCR055C,0,-1.5390964,0.11671612411737442,0.9411764740943909,0.7146143913269043
YPR083W,YBR187W,0,-1.5392878,0.11670169234275818,0.9411764740943909,0.7147144079208374
YPL134C,YER137C,0,-1.5393238,0.11668726801872253,0.9411764740943909,0.7148144245147705
YHR041C,YBR075W,0,-1.5394433,0.11667284369468689,0.9411764740943909,0.7149145007133484
YCL060C,YMR034C,0,-1.5394723,0.11665842682123184,0.9411764740943909,0.7150145173072815
YCR080W,YEL062W,0,-1.5395606,0.1166440099477768,0.9411764740943909,0.7151145339012146
YAL063C,YLR278C,0,-1.5396209,0.11662960052490234,0.9411764740943909,0.7152145504951477
YML058W-A,YNL010W,0,-1.5397546,0.1166151911020279,0.9411764740943909,0.7153145670890808
YGL241W,YGL046W,0,-1.5397968,0.11660078912973404,0.9411764740943909,0.7154146432876587
YFR045W,YKL097W-A,0,-1.5398575,0.11658638715744019,0.9411764740943909,0.7155146598815918
YKR020W,YBR173C,0,-1.5398626,0.11657199263572693,0.9411764740943909,0.7156146764755249
YCR097WB,YAL031C,0,-1.540033,0.11655759811401367,0.9411764740943909,0.715714693069458
YMR033W,YOL107W,0,-1.5400608,0.11654321104288101,0.9411764740943909,0.7158147692680359
YBR150C,YJL060W,0,-1.5401238,0.11652882397174835,0.9411764740943909,0.715914785861969
YDR131C,YLR270W,0,-1.54088,0.11651444435119629,0.9411764740943909,0.7160148024559021
YDR414C,YCR080W,0,-1.5409061,0.11650006473064423,0.9411764740943909,0.7161148190498352
YHL034C,YOR020C,0,-1.5409193,0.11648568511009216,0.9411764740943909,0.7162148356437683
YCR097WB,YGL019W,0,-1.5410056,0.1164713129401207,0.9411764740943909,0.7163149118423462
YER013W,YGL062W,0,-1.5412357,0.11645694822072983,0.9411764740943909,0.7164149284362793
YBL112C,YPR138C,0,-1.5414803,0.11644258350133896,0.9411764740943909,0.7165149450302124
YPR158C-C,YMR180C,0,-1.5415883,0.11642821878194809,0.9411764740943909,0.7166149616241455
YML052W,YOR085W,0,-1.541785,0.11641386151313782,0.9411764740943909,0.7167150378227234
YCR097WB,YHR168W,0,-1.5422463,0.11639950424432755,0.9411764740943909,0.7168150544166565
YDR415C,YGL046W,0,-1.5422478,0.11638515442609787,0.9411764740943909,0.7169150710105896
YBR260C,YDR310C,0,-1.5424016,0.11637081205844879,0.9411764740943909,0.7170150876045227
YCR080W,YOR038C,0,-1.5425847,0.11635646224021912,0.9411764740943909,0.7171151638031006
YDR067C,YCL057W,0,-1.5426047,0.11634212732315063,0.9411764740943909,0.7172151803970337
YPR026W,YKL161C,0,-1.5426203,0.11632778495550156,0.9411764740943909,0.7173151969909668
YGL200C,YBR075W,0,-1.5427278,0.11631345748901367,0.9411764740943909,0.7174152135848999
YLR353W,YKL097W-A,0,-1.5429261,0.11629912257194519,0.9411764740943909,0.717515230178833
YGL083W,YIL017W,0,-1.5430001,0.1162848025560379,0.9411764740943909,0.7176153063774109
YBR278W,YGR034W,0,-1.5433503,0.11627047508955002,0.9411764740943909,0.717715322971344
YHR047C,YDR072C,0,-1.5433547,0.11625615507364273,0.9411764740943909,0.7178153395652771
YOL142W,YBL101W-B,0,-1.5435209,0.11624184250831604,0.9411764740943909,0.7179153561592102
YJL134W,YLR391W,0,-1.543648,0.11622752994298935,0.9411764740943909,0.7180154323577881
YPL150W,YLR440C,0,-1.5437313,0.11621322482824326,0.9411764740943909,0.7181154489517212
YBR075W,YDR281C,0,-1.5440433,0.11619891971349716,0.9411764740943909,0.7182154655456543
YPR072W,YBR145W,0,-1.5445898,0.11618461459875107,0.9411764740943909,0.7183154821395874
YLR182W,YCR055C,0,-1.5446434,0.11617031693458557,0.9411764740943909,0.7184154987335205
YNL079C,YOL062C,0,-1.5450411,0.11615602672100067,0.9411764740943909,0.7185155749320984
YDL028C,YGL046W,0,-1.5453172,0.11614172905683517,0.9411764740943909,0.7186155915260315
YDR449C,YLR391W,0,-1.5454124,0.11612744629383087,0.9411764740943909,0.7187156081199646
YMR089C,YDR296W,0,-1.5458847,0.11611316353082657,0.9411764740943909,0.7188156247138977
YIL017W,YOR089C,0,-1.5461543,0.11609888076782227,0.9411764740943909,0.7189157009124756
YMR114C,YCL060C,0,-1.5463492,0.11608460545539856,0.9411764740943909,0.7190157175064087
YPR200C,YOR261C,0,-1.5464611,0.11607033014297485,0.9411764740943909,0.7191157341003418
YCR097WB,YHR079C,0,-1.5467348,0.11605606228113174,0.9411764740943909,0.7192157506942749
YLR452C,YBR155W,0,-1.5468991,0.11604179441928864,0.9411764740943909,0.719315767288208
YNL267W,YBR075W,0,-1.5469675,0.11602753400802612,0.9411764740943909,0.7194158434867859
YIL159W,YIL017W,0,-1.5472654,0.11601327359676361,0.9411764740943909,0.719515860080719
YNL079C,YDL045C,0,-1.5473237,0.1159990206360817,0.9411764740943909,0.7196158766746521
YOR388C,YMR296C,0,-1.5474964,0.11598476767539978,0.9411764740943909,0.7197158932685852
YBR223C,YBR115C,0,-1.5475507,0.11597051471471786,0.9411764740943909,0.7198159694671631
YDL140C,YHR082C,0,-1.5476284,0.11595626920461655,0.9411764740943909,0.7199159860610962
YOL038W,YCR080W,0,-1.5477748,0.11594203114509583,0.9411764740943909,0.7200160026550293
YBR075W,YJL004C,0,-1.5479033,0.1159277930855751,0.9411764740943909,0.7201160192489624
YHR135C,YMR115W,0,-1.5479238,0.11591355502605438,0.9411764740943909,0.7202160358428955
YPL273W,YPR125W,0,-1.5481799,0.11589932441711426,0.9411764740943909,0.7203161120414734
YBL058W,YNL238W,0,-1.548183,0.11588509380817413,0.9411764740943909,0.7204161286354065
YMR145C,YOR098C,0,-1.548246,0.1158708706498146,0.9411764740943909,0.7205161452293396
YJL034W,YJL225C,0,-1.5482559,0.11585665494203568,0.9411764740943909,0.7206161618232727
YER087C-B,YML039W,0,-1.5486096,0.11584243178367615,0.9411764740943909,0.7207162380218506
YGL046W,YPL208W,0,-1.548709,0.11582822352647781,0.9411764740943909,0.7208162546157837
YHR041C,YLL040C,0,-1.5490351,0.11581400781869888,0.9411764740943909,0.7209162712097168
YCL003W,YML109W,0,-1.5492787,0.11579980701208115,0.9411764740943909,0.7210162878036499
YKL119C,YJR034W,0,-1.549287,0.11578559875488281,0.9411764740943909,0.7211163640022278
YKR036C,YKL097W-A,0,-1.5495948,0.11577139794826508,0.9411764740943909,0.7212163805961609
YNL052W,YKR028W,0,-1.5496787,0.11575720459222794,0.9411764740943909,0.721316397190094
YBR271W,YIL017W,0,-1.5500367,0.1157430112361908,0.9411764740943909,0.7214164137840271
YDR460W,YHR002W,0,-1.5503566,0.11572882533073425,0.9411764740943909,0.7215164303779602
YOR142W-B,YHR058C,0,-1.5506377,0.11571463942527771,0.9411764740943909,0.7216165065765381
YPR196W,YER168C,0,-1.5510819,0.11570045351982117,0.9411764740943909,0.7217165231704712
YOR243C,YCL003W,0,-1.551398,0.11568627506494522,0.9411764740943909,0.7218165397644043
YOR291W,YNL284C,0,-1.551506,0.11567209661006927,0.9411764740943909,0.7219165563583374
YJL155C,YGL046W,0,-1.5516298,0.11565792560577393,0.9411764740943909,0.7220166325569153
YMR228W,YDL083C,0,-1.551851,0.11564376205205917,0.9411764740943909,0.7221166491508484
YKL013C,YFL066C,0,-1.552156,0.11562959104776382,0.9411764740943909,0.7222166657447815
YMR301C,YPR125W,0,-1.5522959,0.11561543494462967,0.9411764740943909,0.7223166823387146
YEL036C,YBL098W,0,-1.5532172,0.11560127139091492,0.9411764740943909,0.7224166989326477
YHR005C-A,YMR160W,0,-1.5536013,0.11558711528778076,0.9411764740943909,0.7225167751312256
YOR378W,YBR294W,0,-1.5537627,0.1155729666352272,0.9411764740943909,0.7226167917251587
YNL223W,YMR194W,0,-1.5543423,0.11555881798267365,0.9411764740943909,0.7227168083190918
YJL214W,YPL098C,0,-1.5548022,0.11554467678070068,0.9411764740943909,0.7228168249130249
YGL172W,YHR051W,0,-1.5548148,0.11553053557872772,0.9411764740943909,0.7229169011116028
YDR371W,YER154W,0,-1.555172,0.11551639437675476,0.9411764740943909,0.7230169177055359
YDL036C,YLR206W,0,-1.5555873,0.1155022606253624,0.9411764740943909,0.723116934299469
YEL041W,YPL093W,0,-1.5558981,0.11548813432455063,0.9411764740943909,0.7232169508934021
YHR029C,YGR155W,0,-1.5560676,0.11547400802373886,0.9411764740943909,0.7233169674873352
YDR454C,YHR059W,0,-1.5561523,0.1154598817229271,0.9411764740943909,0.7234170436859131
YPR182W,YLL017W,0,-1.5563234,0.11544576287269592,0.9411764740943909,0.7235170602798462
YCL003W,YDR508C,0,-1.5564672,0.11543164402246475,0.9411764740943909,0.7236170768737793
YLR191W,YER087W,0,-1.5566418,0.11541753262281418,0.9411764740943909,0.7237170934677124
YJR010W,YHR058C,0,-1.5569779,0.1154034212231636,0.9411764740943909,0.7238171696662903
YHR179W,YLR141W,0,-1.5575533,0.11538931727409363,0.9411764740943909,0.7239171862602234
YPR002W,YCR055C,0,-1.5577168,0.11537521332502365,0.9411764740943909,0.7240172028541565
YPL252C,YHR156C,0,-1.557812,0.11536111682653427,0.9411764740943909,0.7241172194480896
YOL038W,YDL047W,0,-1.5578433,0.11534702032804489,0.9411764740943909,0.7242172360420227
YDL084W,YOR324C,0,-1.5581315,0.11533292382955551,0.9411764740943909,0.7243173122406006
YPR196W,YJL206C,0,-1.5581808,0.11531883478164673,0.9411764740943909,0.7244173288345337
YOR194C,YFR033C,0,-1.5582554,0.11530475318431854,0.9411764740943909,0.7245173454284668
YGR268C,YCR097WB,0,-1.5583013,0.11529067158699036,0.9411764740943909,0.7246173620223999
YGL170C,YKR035W-A,0,-1.5584072,0.11527658998966217,0.9411764740943909,0.7247174382209778
YER050C,YBL085W,0,-1.5589137,0.11526251584291458,0.9411764740943909,0.7248174548149109
YDR371W,YKR055W,0,-1.559193,0.11524844169616699,0.9411764740943909,0.724917471408844
YKL117W,YIL159W,0,-1.559306,0.115234375,0.9411764740943909,0.7250174880027771
YKL200C,YEL040W,0,-1.5598655,0.11522030830383301,0.9411764740943909,0.725117564201355
YDR449C,YDR218C,0,-1.5598736,0.11520624905824661,0.9411764740943909,0.7252175807952881
YGL068W,YOR142W-A,0,-1.5600411,0.11519218981266022,0.9411764740943909,0.7253175973892212
YDR082W,YMR227C,0,-1.5602841,0.11517813801765442,0.9411764740943909,0.7254176139831543
YLL004W,YAL038W,0,-1.5604839,0.11516408622264862,0.9411764740943909,0.7255176305770874
YHR132C,YCR046C,0,-1.5609173,0.11515003442764282,0.9411764740943909,0.7256177067756653
YEL012W,YGR072W,0,-1.5611591,0.11513599008321762,0.9411764740943909,0.7257177233695984
YML049C,YGL060W,0,-1.5617602,0.11512195318937302,0.9411764740943909,0.7258177399635315
YCR055C,YPR138C,0,-1.5618243,0.11510791629552841,0.9411764740943909,0.7259177565574646
YOL129W,YER049W,0,-1.5619226,0.11509387940168381,0.9411764740943909,0.7260178327560425
YHR179W,YJL149W,0,-1.5621144,0.1150798499584198,0.9411764740943909,0.7261178493499756
YPL167C,YEL041W,0,-1.56212,0.11506582051515579,0.9411764740943909,0.7262178659439087
YMR112C,YPR091C,0,-1.5622418,0.11505179852247238,0.9411764740943909,0.7263178825378418
YLL029W,YPL096W,0,-1.5624171,0.11503777652978897,0.9411764740943909,0.7264178991317749
YLR005W,YBR095C,0,-1.5626514,0.11502376198768616,0.9411764740943909,0.7265179753303528
YOR237W,YPL223C,0,-1.5627937,0.11500974744558334,0.9411764740943909,0.7266179919242859
YDL059C,YML073C,0,-1.5634449,0.11499573290348053,0.9411764740943909,0.726718008518219
YDR392W,YCR055C,0,-1.5636249,0.11498173326253891,0.9411764740943909,0.7268180251121521
YOR216C,YDR476C,0,-1.563643,0.1149677261710167,0.9411764740943909,0.72691810131073
YJL004C,YGL046W,0,-1.5637456,0.11495372653007507,0.9411764740943909,0.7270181179046631
YMR250W,YBL052C,0,-1.5639436,0.11493972688913345,0.9411764740943909,0.7271181344985962
YIL083C,YHR051W,0,-1.564687,0.11492573469877243,0.9411764740943909,0.7272181510925293
YDR457W,YIR039C,0,-1.564751,0.114911749958992,0.9411764740943909,0.7273181676864624
YOL038W,YDR072C,0,-1.5652066,0.11489775776863098,0.9411764740943909,0.7274182438850403
YDR222W,YOR351C,0,-1.5653079,0.11488378047943115,0.9411764740943909,0.7275182604789734
YMR136W,YGL019W,0,-1.5654649,0.11486979573965073,0.9411764740943909,0.7276182770729065
YER104W,YIL133C,0,-1.5655972,0.1148558184504509,0.9411764740943909,0.7277182936668396
YLR312W-A,YIL140W,0,-1.5662158,0.11484184861183167,0.9411764740943909,0.7278183698654175
YGL209W,YOR251C,0,-1.5663238,0.11482787877321243,0.9411764740943909,0.7279183864593506
YBL101W-B,YPL027W,0,-1.5670431,0.1148139163851738,0.9411764740943909,0.7280184030532837
YKR069W,YLR391W,0,-1.5671219,0.11479995399713516,0.9411764740943909,0.7281184196472168
YDL246C,YNL302C,0,-1.5671455,0.11478599160909653,0.9411764740943909,0.7282184362411499
YAR002C-A,YIR032C,0,-1.5671647,0.11477203667163849,0.9411764740943909,0.7283185124397278
YGR085C,YAL016W,0,-1.5676653,0.11475808173418045,0.9411764740943909,0.7284185290336609
YMR218C,YNL092W,0,-1.567944,0.11474413424730301,0.9411764740943909,0.728518545627594
YBR183W,YPL276W,0,-1.5686136,0.11473018676042557,0.9411764740943909,0.7286185622215271
YPR026W,YDR262W,0,-1.569062,0.11471624672412872,0.9411764740943909,0.728718638420105
YDR144C,YGL026C,0,-1.569118,0.11470230668783188,0.9411764740943909,0.7288186550140381
YOR261C,YGL046W,0,-1.5695047,0.11468837410211563,0.9411764740943909,0.7289186716079712
YER168C,YFL010W-A,0,-1.5695169,0.11467444151639938,0.9411764740943909,0.7290186882019043
YDL021W,YML080W,0,-1.5698162,0.11466050893068314,0.9411764740943909,0.7291187644004822
YGR161W-B,YHR008C,0,-1.5698327,0.11464658379554749,0.9411764740943909,0.7292187809944153
YPR002W,YFR036W,0,-1.5701377,0.11463266611099243,0.9411764740943909,0.7293187975883484
YPR189W,YOR173W,1,-1.5704225,0.11474016308784485,0.9421734809875488,0.7293187975883484
YOR291W,YBR183W,0,-1.5722072,0.1147262379527092,0.9421734809875488,0.7294188141822815
YOR212W,YLR047C,0,-1.572686,0.11471230536699295,0.9421734809875488,0.7295188307762146
YLR401C,YIL017W,0,-1.5727082,0.1146983876824379,0.9421734809875488,0.7296189069747925
YDR371W,YLR391W,0,-1.5727241,0.11468446254730225,0.9421734809875488,0.7297189235687256
YBR093C,YMR270C,0,-1.5727742,0.11467055231332779,0.9421734809875488,0.7298189401626587
YBR128C,YDL198C,0,-1.5729911,0.11465663462877274,0.9421734809875488,0.7299189567565918
YBR202W,YAL038W,0,-1.574143,0.11464272439479828,0.9421734809875488,0.7300190329551697
YGR252W,YER125W,0,-1.5745667,0.11462882161140442,0.9421734809875488,0.7301190495491028
YDR254W,YBL034C,0,-1.5748699,0.11461491882801056,0.9421734809875488,0.7302190661430359
YDL107W,YKR020W,0,-1.5748881,0.1146010160446167,0.9421734809875488,0.730319082736969
YMR182C,YDR332W,0,-1.5750403,0.11458712071180344,0.9421734809875488,0.7304190993309021
YER050C,YGL148W,0,-1.5751683,0.11457323282957077,0.9421734809875488,0.73051917552948
YDR364C,YCR046C,0,-1.57576,0.11455933749675751,0.9421734809875488,0.7306191921234131
YJL194W,YMR054W,0,-1.5761437,0.11454545706510544,0.9421734809875488,0.7307192087173462
YGL209W,YDR170C,0,-1.5770326,0.11453156918287277,0.9421734809875488,0.7308192253112793
YDR159W,YCL052C,0,-1.5771384,0.1145176962018013,0.9421734809875488,0.7309193015098572
YLR429W,YNL298W,0,-1.5771563,0.11450381577014923,0.9421734809875488,0.7310193181037903
YOR126C,YBR222C,0,-1.5776726,0.11448994278907776,0.9421734809875488,0.7311193346977234
YNL271C,YLR395C,0,-1.5778288,0.11447607725858688,0.9421734809875488,0.7312193512916565
YNL153C,YAR035W,0,-1.5784676,0.11446221172809601,0.9421734809875488,0.7313193678855896
YPL150W,YPR127W,0,-1.5784702,0.11444834619760513,0.9421734809875488,0.7314194440841675
YER165W,YMR136W,0,-1.5785769,0.11443448811769485,0.9421734809875488,0.7315194606781006
YDR205W,YPL274W,0,-1.5791042,0.11442063003778458,0.9421734809875488,0.7316194772720337
YER112W,YER035W,1,-1.5798322,0.11452784389257431,0.9431704878807068,0.7316194772720337
YMR032W,YCR080W,0,-1.5800537,0.11451397836208344,0.9431704878807068,0.7317194938659668
YPL027W,YLR391W,0,-1.5800629,0.11450012028217316,0.9431704878807068,0.7318195700645447
YGR010W,YOR089C,0,-1.5807134,0.11448626220226288,0.9431704878807068,0.7319195866584778
YGR034W,YIL132C,0,-1.5812898,0.1144724115729332,0.9431704878807068,0.7320196032524109
YBR125C,YHR060W,0,-1.5812961,0.11445856094360352,0.9431704878807068,0.732119619846344
YMR180C,YML052W,0,-1.581637,0.11444471031427383,0.9431704878807068,0.7322196364402771
YPL240C,YDL040C,0,-1.5818403,0.11443086713552475,0.9431704878807068,0.732319712638855
YPR113W,YLR391W,0,-1.5822802,0.11441703140735626,0.9431704878807068,0.7324197292327881
YMR087W,YOL040C,0,-1.5832425,0.11440319567918777,0.9431704878807068,0.7325197458267212
YOR148C,YFL010W-A,0,-1.583424,0.11438935995101929,0.9431704878807068,0.7326197624206543
YHR211W,YKL007W,0,-1.583883,0.1143755316734314,0.9431704878807068,0.7327198386192322
YGR105W,YER087C-B,0,-1.5839646,0.1143617033958435,0.9431704878807068,0.7328198552131653
YOL043C,YOL151W,0,-1.5842117,0.11434787511825562,0.9431704878807068,0.7329198718070984
YAL022C,YLR314C,0,-1.5842304,0.11433406174182892,0.9431704878807068,0.7330198884010315
YGL200C,YNL084C,0,-1.5845175,0.11432024091482162,0.9431704878807068,0.7331199645996094
YDR079W,YOR215C,0,-1.5857882,0.11430642753839493,0.9431704878807068,0.7332199811935425
YPL151C,YJL066C,0,-1.5860997,0.11429262161254883,0.9431704878807068,0.7333199977874756
YMR169C,YLR088W,0,-1.5866143,0.11427880823612213,0.9431704878807068,0.7334200143814087
YNL230C,YIL017W,0,-1.5876812,0.11426500976085663,0.9431704878807068,0.7335200309753418
YML097C,YCL057W,0,-1.5881364,0.11425121128559113,0.9431704878807068,0.7336201071739197
YGL186C,YJL225C,0,-1.5881476,0.11423741281032562,0.9431704878807068,0.7337201237678528
YPR072W,YKL161C,0,-1.5881972,0.11422361433506012,0.9431704878807068,0.7338201403617859
YLR187W,YJL171C,0,-1.5884213,0.11420983076095581,0.9431704878807068,0.733920156955719
YPR133W-A,YDR444W,0,-1.5885572,0.1141960397362709,0.9431704878807068,0.7340202331542969
YML032C,YCR002C,0,-1.5885954,0.1141822561621666,0.9431704878807068,0.73412024974823
YDL142C,YKL200C,0,-1.5888203,0.11416848003864288,0.9431704878807068,0.7342202663421631
YPR194C,YOR261C,0,-1.5889068,0.11415469646453857,0.9431704878807068,0.7343202829360962
YIL021W,YGR199W,0,-1.5890555,0.11414092779159546,0.9431704878807068,0.7344202995300293
YGR032W,YLR278C,0,-1.5890586,0.11412715911865234,0.9431704878807068,0.7345203757286072
YDL140C,YKL001C,0,-1.5890641,0.11411339044570923,0.9431704878807068,0.7346203923225403
YIL135C,YLR153C,0,-1.5899788,0.11409962922334671,0.9431704878807068,0.7347204089164734
YNL072W,YNL016W,1,-1.5903857,0.114206463098526,0.9441674947738647,0.7347204089164734
YFR029W,YMR267W,0,-1.590558,0.11419269442558289,0.9441674947738647,0.7348204255104065
YJL005W,YOL108C,0,-1.5906857,0.11417892575263977,0.9441674947738647,0.7349205017089844
YBR261C,YNL138W,0,-1.5917177,0.11416515707969666,0.9441674947738647,0.7350205183029175
YMR203W,YGL216W,0,-1.5923853,0.11415139585733414,0.9441674947738647,0.7351205348968506
YNL006W,YDL097C,0,-1.5926105,0.11413764208555222,0.9441674947738647,0.7352205514907837
YLR130C,YHR051W,0,-1.5926354,0.1141238883137703,0.9441674947738647,0.7353205680847168
YJR021C,YKL067W,0,-1.5927342,0.11411013454198837,0.9441674947738647,0.7354206442832947
YEL012W,YJL053W,0,-1.5928359,0.11409638822078705,0.9441674947738647,0.7355206608772278
YLR136C,YOL142W,1,-1.5938189,0.11420311033725739,0.9451645016670227,0.7355206608772278
YER168C,YDR461W,0,-1.5939467,0.11418934911489487,0.9451645016670227,0.7356206774711609
YJR149W,YAL039C,0,-1.594645,0.11417560279369354,0.9451645016670227,0.735720694065094
YDL036C,YGR175C,0,-1.5947533,0.11416184902191162,0.9451645016670227,0.7358207702636719
YCR046C,YCR012W,0,-1.5948036,0.1141481027007103,0.9451645016670227,0.735920786857605
YIL177C,YER087C-B,0,-1.59501,0.11413436383008957,0.9451645016670227,0.7360208034515381
YPR024W,YML032C,0,-1.59541,0.11412061750888824,0.9451645016670227,0.7361208200454712
YJL214W,YMR250W,0,-1.5957358,0.11410688608884811,0.9451645016670227,0.7362208366394043
YEL036C,YNL121C,0,-1.5959537,0.11409315466880798,0.9451645016670227,0.7363209128379822
YFR029W,YBL011W,0,-1.596478,0.11407942324876785,0.9451645016670227,0.7364209294319153
YKL200C,YDL140C,0,-1.5967999,0.11406569927930832,0.9451645016670227,0.7365209460258484
YOR237W,YGL244W,0,-1.5970428,0.11405197530984879,0.9451645016670227,0.7366209626197815
YNL231C,YBL011W,0,-1.597244,0.11403825134038925,0.9451645016670227,0.7367210388183594
YNL335W,YIL133C,0,-1.5973332,0.11402453482151031,0.9451645016670227,0.7368210554122925
YKL210W,YLR325C,0,-1.597405,0.11401082575321198,0.9451645016670227,0.7369210720062256
YJR078W,YBR120C,0,-1.5974178,0.11399711668491364,0.9451645016670227,0.7370210886001587
YAL060W,YNL259C,0,-1.597568,0.1139834076166153,0.9451645016670227,0.7371211647987366
YAL063C,YNL110C,0,-1.5981725,0.11396970599889755,0.9451645016670227,0.7372211813926697
YMR180C,YPL065W,0,-1.5982339,0.11395600438117981,0.9451645016670227,0.7373211979866028
YPR198W,YMR270C,0,-1.5991148,0.11394231021404266,0.9451645016670227,0.7374212145805359
YNL302C,YNL121C,0,-1.5999852,0.11392861604690552,0.9451645016670227,0.737521231174469
YKL180W,YMR308C,0,-1.60043,0.11391492187976837,0.9451645016670227,0.7376213073730469
YDR411C,YDL215C,0,-1.6005034,0.11390123516321182,0.9451645016670227,0.73772132396698
YJR043C,YDR404C,1,-1.6006267,0.11400768905878067,0.9461615085601807,0.73772132396698
YPL200W,YKL067W,0,-1.6007444,0.11399399489164352,0.9461615085601807,0.7378213405609131
YPR024W,YKL067W,0,-1.6013398,0.11398030072450638,0.9461615085601807,0.7379213571548462
YGR036C,YNR044W,0,-1.601788,0.11396661400794983,0.9461615085601807,0.7380214333534241
YDR530C,YGR034W,0,-1.6017888,0.11395292729139328,0.9461615085601807,0.7381214499473572
YEL052W,YKR006C,0,-1.6023945,0.11393924802541733,0.9461615085601807,0.7382214665412903
YGL112C,YGL004C,0,-1.6026074,0.11392556875944138,0.9461615085601807,0.7383214831352234
YPL064C,YLR157C,0,-1.6036004,0.11391189694404602,0.9461615085601807,0.7384214997291565
YOL021C,YOR173W,1,-1.6040711,0.11401824653148651,0.9471585154533386,0.7384214997291565
YOR291W,YGR282C,0,-1.6043514,0.11400455981492996,0.9471585154533386,0.7385215759277344
YNL208W,YDR470C,0,-1.6045197,0.11399088054895401,0.9471585154533386,0.7386215925216675
YOL026C,YDR109C,0,-1.6050895,0.11397720128297806,0.9471585154533386,0.7387216091156006
YPR026W,YGR077C,0,-1.6051124,0.1139635294675827,0.9471585154533386,0.7388216257095337
YHR132C,YMR033W,0,-1.605545,0.11394986510276794,0.9471585154533386,0.7389217019081116
YJR005W,YNL006W,0,-1.6064385,0.11393619328737259,0.9471585154533386,0.7390217185020447
YPR167C,YOR020C,0,-1.6066445,0.11392253637313843,0.9471585154533386,0.7391217350959778
YOL057W,YHR174W,0,-1.6076725,0.11390887200832367,0.9471585154533386,0.7392217516899109
YLR183C,YPL223C,0,-1.607923,0.11389521509408951,0.9471585154533386,0.739321768283844
YGL170C,YJL225C,0,-1.6084354,0.11388156563043594,0.9471585154533386,0.7394218444824219
YBR037C,YNL239W,0,-1.6084838,0.11386791616678238,0.9471585154533386,0.739521861076355
YAR002C-A,YBR010W,0,-1.6085788,0.11385426670312881,0.9471585154533386,0.7396218776702881
YGR052W,YBR294W,0,-1.6085938,0.11384062469005585,0.9471585154533386,0.7397218942642212
YJL079C,YIR032C,0,-1.6092651,0.11382698267698288,0.9471585154533386,0.7398219704627991
YLR312W-A,YNR010W,0,-1.6099927,0.11381334811449051,0.9471585154533386,0.7399219870567322
YKL103C,YOR317W,0,-1.6100731,0.11379971355199814,0.9471585154533386,0.7400220036506653
YKL170W,YMR033W,0,-1.6101074,0.11378607898950577,0.9471585154533386,0.7401220202445984
YIR025W,YPL002C,0,-1.6106008,0.113772451877594,0.9471585154533386,0.7402220368385315
YLR295C,YNR010W,0,-1.6108589,0.11375883221626282,0.9471585154533386,0.7403221130371094
YPL064C,YER017C,0,-1.611626,0.11374521255493164,0.9471585154533386,0.7404221296310425
YGL037C,YKR026C,0,-1.6118345,0.11373159289360046,0.9471585154533386,0.7405221462249756
YOR317W,YNL026W,0,-1.6123565,0.11371798068284988,0.9471585154533386,0.7406221628189087
YLL041C,YKL201C,0,-1.6124976,0.1137043684720993,0.9471585154533386,0.7407222390174866
YHR029C,YKL168C,0,-1.61267,0.11369076371192932,0.9471585154533386,0.7408222556114197
YGL062W,YBL089W,0,-1.612786,0.11367715895175934,0.9471585154533386,0.7409222722053528
YGR229C,YBL098W,0,-1.6128848,0.11366355419158936,0.9471585154533386,0.7410222887992859
YGR144W,YPR135W,0,-1.6132418,0.11364995688199997,0.9471585154533386,0.7411223649978638
YER154W,YNL283C,0,-1.6132891,0.11363636702299118,0.9471585154533386,0.7412223815917969
YJR078W,YJL124C,0,-1.6133817,0.1136227697134018,0.9471585154533386,0.74132239818573
YLR291C,YNL084C,0,-1.6136636,0.1136091873049736,0.9471585154533386,0.7414224147796631
YPL127C,YGR077C,0,-1.6136816,0.11359559744596481,0.9471585154533386,0.7415224313735962
YOR261C,YDL047W,0,-1.613775,0.11358201503753662,0.9471585154533386,0.7416225075721741
YGL068W,YMR032W,0,-1.6138884,0.11356844007968903,0.9471585154533386,0.7417225241661072
YMR321C,YNR010W,0,-1.6139362,0.11355486512184143,0.9471585154533386,0.7418225407600403
YDL029W,YOR304W,0,-1.6141534,0.11354129016399384,0.9471585154533386,0.7419225573539734
YPR030W,YER046W,0,-1.6149503,0.11352772265672684,0.9471585154533386,0.7420226335525513
YAR027W,YMR176W,0,-1.6156783,0.11351416260004044,0.9471585154533386,0.7421226501464844
YHR074W,YLR165C,0,-1.6161252,0.11350059509277344,0.9471585154533386,0.7422226667404175
YOR388C,YPR113W,0,-1.6161804,0.11348703503608704,0.9471585154533386,0.7423226833343506
YBR260C,YPR133W-A,0,-1.6162899,0.11347348242998123,0.9471585154533386,0.7424226999282837
YEL031W,YMR246W,0,-1.6163113,0.11345992982387543,0.9471585154533386,0.7425227761268616
YGL162W,YOL136C,0,-1.6166172,0.11344638466835022,0.9471585154533386,0.7426227927207947
YJL166W,YJR112W,0,-1.6173631,0.11343283951282501,0.9471585154533386,0.7427228093147278
YDL022W,YIL035C,0,-1.6175699,0.1134192943572998,0.9471585154533386,0.7428228259086609
YDR082W,YDR310C,0,-1.6178672,0.1134057566523552,0.9471585154533386,0.7429229021072388
YPR113W,YFL066C,0,-1.6180558,0.11339221894741058,0.9471585154533386,0.7430229187011719
YLR206W,YOR232W,0,-1.6184953,0.11337868124246597,0.9471585154533386,0.743122935295105
YMR020W,YEL053C,0,-1.6188267,0.11336515843868256,0.9471585154533386,0.7432229518890381
YMR186W,YJR103W,0,-1.6190846,0.11335162818431854,0.9471585154533386,0.7433229684829712
YHR005C-A,YJR031C,0,-1.6192034,0.11333810538053513,0.9471585154533386,0.7434230446815491
YGR282C,YLR208W,0,-1.6220529,0.11332458257675171,0.9471585154533386,0.7435230612754822
YKL168C,YPL087W,0,-1.6222236,0.11331106722354889,0.9471585154533386,0.7436230778694153
YHR030C,YKL094W,0,-1.6229234,0.11329755187034607,0.9471585154533386,0.7437230944633484
YFR033C,YNR044W,0,-1.6230433,0.11328404396772385,0.9471585154533386,0.7438231706619263
YGR264C,YPL276W,0,-1.6237645,0.11327053606510162,0.9471585154533386,0.7439231872558594
YAL060W,YGR199W,0,-1.6241983,0.11325703561306,0.9471585154533386,0.7440232038497925
YGR155W,YER130C,0,-1.6242752,0.11324353516101837,0.9471585154533386,0.7441232204437256
YKL161C,YDR457W,0,-1.6243169,0.11323003470897675,0.9471585154533386,0.7442232966423035
YER014C-A,YDR306C,0,-1.6243664,0.11321654170751572,0.9471585154533386,0.7443233132362366
YEL037C,YDL198C,0,-1.624471,0.11320304870605469,0.9471585154533386,0.7444233298301697
YLR268W,YNR060W,0,-1.6245532,0.11318956315517426,0.9471585154533386,0.7445233464241028
YNR067C,YCL025C,0,-1.625267,0.11317607760429382,0.9471585154533386,0.7446233630180359
YGR056W,YGL062W,0,-1.625461,0.11316259950399399,0.9471585154533386,0.7447234392166138
YKL182W,YLR270W,0,-1.6257639,0.11314912140369415,0.9471585154533386,0.7448234558105469
YPR196W,YLR208W,0,-1.6260145,0.11313564330339432,0.9471585154533386,0.74492347240448
YOL043C,YMR295C,0,-1.6274837,0.11312217265367508,0.9471585154533386,0.7450234889984131
YLR353W,YLR359W,0,-1.6274977,0.11310870200395584,0.9471585154533386,0.745123565196991
YLR025W,YNL230C,0,-1.6279061,0.1130952388048172,0.9471585154533386,0.7452235817909241
YGL094C,YLR050C,0,-1.6280212,0.11308177560567856,0.9471585154533386,0.7453235983848572
YOR298W,YDR281C,0,-1.628137,0.11306831985712051,0.9471585154533386,0.7454236149787903
YJL005W,YGL244W,0,-1.6282558,0.11305486410856247,0.9471585154533386,0.7455236315727234
YPR204W,YFL010W-A,0,-1.6284161,0.11304140836000443,0.9471585154533386,0.7456237077713013
YLL017W,YOL062C,0,-1.6285386,0.11302796006202698,0.9471585154533386,0.7457237243652344
YBR002C,YBR276C,0,-1.6296996,0.11301451176404953,0.9471585154533386,0.7458237409591675
YDR518W,YOL107W,0,-1.6298046,0.11300107091665268,0.9471585154533386,0.7459237575531006
YPR144C,YBR173C,0,-1.6298156,0.11298763006925583,0.9471585154533386,0.7460238337516785
YHR012W,YBR120C,0,-1.6299772,0.11297419667243958,0.9471585154533386,0.7461238503456116
YMR005W,YBR177C,0,-1.6301093,0.11296076327562332,0.9471585154533386,0.7462238669395447
YFR001W,YIL076W,0,-1.6301148,0.11294732987880707,0.9471585154533386,0.7463238835334778
YDR137W,YOR377W,0,-1.6303804,0.11293390393257141,0.9471585154533386,0.7464239001274109
YOL155C,YAR031W,0,-1.630712,0.11292047798633575,0.9471585154533386,0.7465239763259888
YDR034C,YLR330W,0,-1.6310122,0.1129070594906807,0.9471585154533386,0.7466239929199219
YPL096W,YOR180C,0,-1.6312029,0.11289364099502563,0.9471585154533386,0.746724009513855
YOR291W,YPR162C,0,-1.631517,0.11288022994995117,0.9471585154533386,0.7468240261077881
YNL079C,YDR222W,0,-1.6320056,0.11286681890487671,0.9471585154533386,0.746924102306366
YDL227C,YHR008C,0,-1.6321843,0.11285340785980225,0.9471585154533386,0.7470241189002991
YDL015C,YOR180C,0,-1.6324599,0.11284000426530838,0.9471585154533386,0.7471241354942322
YGL233W,YMR295C,0,-1.6325333,0.11282660067081451,0.9471585154533386,0.7472241520881653
YFL014W,YGR020C,0,-1.6326294,0.11281320452690125,0.9471585154533386,0.7473241686820984
YJL060W,YBL089W,0,-1.6333387,0.11279980838298798,0.9471585154533386,0.7474242448806763
YLL012W,YCR046C,0,-1.6336875,0.1127864196896553,0.9471585154533386,0.7475242614746094
YOL111C,YGL216W,0,-1.6338631,0.11277303099632263,0.9471585154533386,0.7476242780685425
YIR011C,YGL071W,0,-1.6338872,0.11275964230298996,0.9471585154533386,0.7477242946624756
YLR203C,YMR228W,0,-1.6339849,0.11274626106023788,0.9471585154533386,0.7478243708610535
YDL028C,YBR031W,0,-1.634741,0.11273287981748581,0.9471585154533386,0.7479243874549866
YLR312W-A,YDL097C,0,-1.6348172,0.11271950602531433,0.9471585154533386,0.7480244040489197
YHR074W,YNR017W,0,-1.6350069,0.11270613223314285,0.9471585154533386,0.7481244206428528
YPL167C,YMR200W,0,-1.6351004,0.11269276589155197,0.9471585154533386,0.7482244968414307
YKL103C,YOR176W,0,-1.636266,0.11267939954996109,0.9471585154533386,0.7483245134353638
YDR131C,YIL135C,0,-1.6365402,0.11266603320837021,0.9471585154533386,0.7484245300292969
YHR002W,YLR164W,0,-1.6367543,0.11265267431735992,0.9471585154533386,0.74852454662323
YOR168W,YFL038C,0,-1.6367669,0.11263931542634964,0.9471585154533386,0.7486245632171631
YDR072C,YGL050W,0,-1.6368785,0.11262596398591995,0.9471585154533386,0.748724639415741
YOL082W,YNL182C,0,-1.637104,0.11261261254549026,0.9471585154533386,0.7488246560096741
YDL246C,YGR185C,0,-1.6371565,0.11259926855564117,0.9471585154533386,0.7489246726036072
YER014C-A,YPL180W,0,-1.637219,0.11258591711521149,0.9471585154533386,0.7490246891975403
YMR039C,YER074W,0,-1.6375368,0.112572580575943,0.9471585154533386,0.7491247653961182
YGR052W,YPR043W,0,-1.6378112,0.1125592440366745,0.9471585154533386,0.7492247819900513
YDR082W,YMR077C,0,-1.6381279,0.112545907497406,0.9471585154533386,0.7493247985839844
YFR018C,YMR034C,0,-1.638165,0.11253257840871811,0.9471585154533386,0.7494248151779175
YDR306C,YNL026W,0,-1.6395006,0.11251924932003021,0.9471585154533386,0.7495248317718506
YGL170C,YML028W,0,-1.6399058,0.11250592023134232,0.9471585154533386,0.7496249079704285
YKL180W,YDR062W,0,-1.6403942,0.11249259859323502,0.9471585154533386,0.7497249245643616
YNR060W,YGR027C,0,-1.6406765,0.11247927695512772,0.9471585154533386,0.7498249411582947
YDR470C,YHR051W,0,-1.6408877,0.11246596276760101,0.9471585154533386,0.7499249577522278
YNL079C,YDR423C,0,-1.6409689,0.11245264858007431,0.9471585154533386,0.7500250339508057
YDR263C,YLR187W,0,-1.6410459,0.1124393418431282,0.9471585154533386,0.7501250505447388
YPR162C,YHR135C,0,-1.6411545,0.1124260351061821,0.9471585154533386,0.7502250671386719
YBR202W,YNL044W,0,-1.6415111,0.11241273581981659,0.9471585154533386,0.750325083732605
YHR179W,YBL034C,0,-1.6417713,0.11239942908287048,0.9471585154533386,0.7504251003265381
YDR371W,YGR144W,0,-1.6421839,0.11238613724708557,0.9471585154533386,0.750525176525116
YGL026C,YPR190C,0,-1.6424848,0.11237283796072006,0.9471585154533386,0.7506251931190491
YDR423C,YLL012W,0,-1.6427889,0.11235955357551575,0.9471585154533386,0.7507252097129822
YKL217W,YKL061W,0,-1.6429787,0.11234626173973083,0.9471585154533386,0.7508252263069153
YNL127W,YKL001C,0,-1.643972,0.11233297735452652,0.9471585154533386,0.7509253025054932
YJL191W,YER104W,0,-1.6440718,0.1123197004199028,0.9471585154533386,0.7510253190994263
YLR020C,YDL171C,0,-1.6445622,0.11230641603469849,0.9471585154533386,0.7511253356933594
YER008C,YBL098W,0,-1.6447212,0.11229314655065536,0.9471585154533386,0.7512253522872925
YBR066C,YHR175W,0,-1.6454072,0.11227986961603165,0.9471585154533386,0.7513253688812256
YPR135W,YBR115C,0,-1.6457133,0.11226660013198853,0.9471585154533386,0.7514254450798035
YJL066C,YBL085W,0,-1.6465158,0.112253338098526,0.9471585154533386,0.7515254616737366
YER055C,YHR058C,0,-1.6479766,0.11224007606506348,0.9471585154533386,0.7516254782676697
YGR020C,YMR143W,0,-1.6480281,0.11222681403160095,0.9471585154533386,0.7517254948616028
YGL222C,YJL124C,1,-1.6480346,0.11233168095350266,0.9481555223464966,0.7517254948616028
YMR136W,YKL003C,0,-1.6481307,0.11231841146945953,0.9481555223464966,0.7518255710601807
YBR125C,YDL142C,0,-1.6486957,0.11230514943599701,0.9481555223464966,0.7519255876541138
YBR274W,YLR224W,0,-1.6488389,0.11229188740253448,0.9481555223464966,0.7520256042480469
YOR219C,YDR470C,0,-1.6489356,0.11227863281965256,0.9481555223464966,0.75212562084198
YDR494W,YLR329W,0,-1.6501756,0.11226537823677063,0.9481555223464966,0.7522256970405579
YBL005W-B,YNL092W,0,-1.6503017,0.1122521236538887,0.9481555223464966,0.752325713634491
YDL111C,YOR209C,0,-1.6504004,0.11223887652158737,0.9481555223464966,0.7524257302284241
YKL009W,YOR215C,0,-1.650425,0.11222562938928604,0.9481555223464966,0.7525257468223572
YDR306C,YGR020C,0,-1.6505373,0.11221238970756531,0.9481555223464966,0.7526257634162903
YKL166C,YDL045C,0,-1.650568,0.11219915002584457,0.9481555223464966,0.7527258396148682
YHR082C,YOR180C,0,-1.6506394,0.11218591779470444,0.9481555223464966,0.7528258562088013
YDR411C,YJR103W,0,-1.6507342,0.1121726855635643,0.9481555223464966,0.7529258728027344
YDR072C,YJR031C,0,-1.6507586,0.11215945333242416,0.9481555223464966,0.7530258893966675
YDL078C,YKL053C-A,0,-1.6507951,0.11214622855186462,0.9481555223464966,0.7531259655952454
YEL052W,YNR044W,0,-1.6516242,0.11213300377130508,0.9481555223464966,0.7532259821891785
YMR315W,YBR222C,0,-1.6516247,0.11211978644132614,0.9481555223464966,0.7533259987831116
YAL060W,YOL142W,0,-1.6518853,0.1121065691113472,0.9481555223464966,0.7534260153770447
YLR305C,YLR380W,0,-1.652542,0.11209335178136826,0.9481555223464966,0.7535260319709778
YDR137W,YPL098C,0,-1.6526494,0.11208014190196991,0.9481555223464966,0.7536261081695557
YPR024W,YER101C,0,-1.6528807,0.11206693202257156,0.9481555223464966,0.7537261247634888
YOR054C,YPL183W-A,0,-1.6528914,0.11205372959375381,0.9481555223464966,0.7538261413574219
YJR147W,YFL038C,0,-1.6529944,0.11204052716493607,0.9481555223464966,0.753926157951355
YHR047C,YLL041C,0,-1.6534656,0.11202733218669891,0.9481555223464966,0.7540262341499329
YAL022C,YLR330W,0,-1.6536555,0.11201413720846176,0.9481555223464966,0.754126250743866
YDL055C,YLR151C,0,-1.6536591,0.11200094223022461,0.9481555223464966,0.7542262673377991
YGR112W,YOL111C,0,-1.6540658,0.11198775470256805,0.9481555223464966,0.7543262839317322
YNL107W,YCR026C,0,-1.6550157,0.1119745671749115,0.9481555223464966,0.7544263005256653
YGR282C,YOR274W,0,-1.6555558,0.11196138709783554,0.9481555223464966,0.7545263767242432
YGR085C,YAL024C,0,-1.6556876,0.11194820702075958,0.9481555223464966,0.7546263933181763
YGL037C,YCR011C,0,-1.655833,0.11193502694368362,0.9481555223464966,0.7547264099121094
YLL040C,YDL083C,0,-1.6562774,0.11192185431718826,0.9481555223464966,0.7548264265060425
YJR091C,YLR363C,1,-1.6568007,0.11202635616064072,0.9491525292396545,0.7548264265060425
YHR041C,YLR164W,0,-1.6579777,0.11201317608356476,0.9491525292396545,0.7549265027046204
YBR202W,YKL096W-A,0,-1.6588871,0.1120000034570694,0.9491525292396545,0.7550265192985535
YGL180W,YHR082C,0,-1.6590757,0.11198682337999344,0.9491525292396545,0.7551265358924866
YOL136C,YGR118W,0,-1.6591532,0.11197365075349808,0.9491525292396545,0.7552265524864197
YMR300C,YMR099C,0,-1.6594615,0.11196048557758331,0.9491525292396545,0.7553265690803528
YPL127C,YOL155C,0,-1.6602457,0.11194732040166855,0.9491525292396545,0.7554266452789307
YOR317W,YOL108C,0,-1.6603842,0.11193415522575378,0.9491525292396545,0.7555266618728638
YKR066C,YKL186C,0,-1.6608424,0.11192099750041962,0.9491525292396545,0.7556266784667969
YLR113W,YDL070W,0,-1.6618383,0.11190783977508545,0.9491525292396545,0.75572669506073
YDR205W,YOR222W,0,-1.6620978,0.11189468950033188,0.9491525292396545,0.7558267712593079
YHR077C,YPL183W-A,0,-1.6621668,0.11188153922557831,0.9491525292396545,0.755926787853241
YDL197C,YIL020C,0,-1.662258,0.11186838895082474,0.9491525292396545,0.7560268044471741
YLR447C,YPR138C,0,-1.6624913,0.11185524612665176,0.9491525292396545,0.7561268210411072
YLR452C,YOR176W,0,-1.6625762,0.11184210330247879,0.9491525292396545,0.7562268972396851
YER014C-A,YDR419W,0,-1.662787,0.11182896792888641,0.9491525292396545,0.7563269138336182
YIL108W,YNL010W,0,-1.6634328,0.11181583255529404,0.9491525292396545,0.7564269304275513
YPL002C,YLR380W,0,-1.6637228,0.11180270463228226,0.9491525292396545,0.7565269470214844
YDR233C,YGR143W,0,-1.6643403,0.11178956925868988,0.9491525292396545,0.7566269636154175
YDR454C,YLR130C,0,-1.6643925,0.1117764487862587,0.9491525292396545,0.7567270398139954
YNL107W,YBR096W,0,-1.6648617,0.11176332831382751,0.9491525292396545,0.7568270564079285
YDL097C,YMR239C,0,-1.6649756,0.11175020784139633,0.9491525292396545,0.7569270730018616
YBR230C,YDR140W,0,-1.6659386,0.11173708736896515,0.9491525292396545,0.7570270895957947
YOR216C,YOR239W,0,-1.6664205,0.11172397434711456,0.9491525292396545,0.7571271657943726
YOL151W,YNL078W,0,-1.6673796,0.11171086877584457,0.9491525292396545,0.7572271823883057
YPR030W,YKL096W-A,0,-1.6675234,0.11169775575399399,0.9491525292396545,0.7573271989822388
YDR064W,YOR292C,0,-1.6678915,0.1116846576333046,0.9491525292396545,0.7574272155761719
YIL088C,YBR173C,0,-1.6680509,0.1116715520620346,0.9491525292396545,0.757527232170105
YKL170W,YKR068C,0,-1.6680919,0.11165845394134521,0.9491525292396545,0.7576273083686829
YBR066C,YMR087W,0,-1.6689581,0.11164536327123642,0.9491525292396545,0.757727324962616
YGR010W,YPL082C,0,-1.6692802,0.11163227260112762,0.9491525292396545,0.7578273415565491
YKL165C,YGR255C,0,-1.669393,0.11161918193101883,0.9491525292396545,0.7579273581504822
YPL099C,YJL214W,0,-1.6694854,0.11160609871149063,0.9491525292396545,0.7580274343490601
YBL026W,YOR008C,0,-1.6708875,0.11159301549196243,0.9491525292396545,0.7581274509429932
YLR136C,YKL149C,1,-1.6711957,0.11169713735580444,0.9501495361328125,0.7581274509429932
YLR103C,YMR193W,0,-1.6712523,0.11168404668569565,0.9501495361328125,0.7582274675369263
YJL172W,YBL092W,0,-1.6712627,0.11167096346616745,0.9501495361328125,0.7583274841308594
YLR300W,YOR025W,0,-1.6715229,0.11165788024663925,0.9501495361328125,0.7584275007247925
YOL107W,YKL067W,0,-1.6727759,0.11164479702711105,0.9501495361328125,0.7585275769233704
YHR041C,YGL163C,0,-1.6731924,0.11163172125816345,0.9501495361328125,0.7586275935173035
YDL179W,YNL138W,0,-1.6732285,0.11161864548921585,0.9501495361328125,0.7587276101112366
YFR018C,YLR330W,0,-1.6732678,0.11160557717084885,0.9501495361328125,0.7588276267051697
YBR066C,YJL128C,0,-1.6749542,0.11159250885248184,0.9501495361328125,0.7589277029037476
YMR025W,YDR476C,0,-1.6750617,0.11157944053411484,0.9501495361328125,0.7590277194976807
YBR067C,YCL057W,0,-1.6750753,0.11156637966632843,0.9501495361328125,0.7591277360916138
YGL014W,YHR008C,0,-1.6753018,0.11155331879854202,0.9501495361328125,0.7592277526855469
YOR084W,YDR173C,0,-1.6754525,0.11154026538133621,0.9501495361328125,0.75932776927948
YAL054C,YPL218W,0,-1.675679,0.1115272119641304,0.9501495361328125,0.7594278454780579
YDL074C,YLL055W,0,-1.6756932,0.11151415854692459,0.9501495361328125,0.759527862071991
YPL151C,YKR066C,0,-1.6762834,0.11150111258029938,0.9501495361328125,0.7596278786659241
YBL028C,YFL054C,0,-1.6765728,0.11148806661367416,0.9501495361328125,0.7597278952598572
YIL170W,YER171W,0,-1.6768444,0.11147502809762955,0.9501495361328125,0.7598279714584351
YKL165C,YGR214W,0,-1.6770067,0.11146198958158493,0.9501495361328125,0.7599279880523682
YBR059C,YOR194C,0,-1.6781671,0.11144895106554031,0.9501495361328125,0.7600280046463013
YNL271C,YER052C,0,-1.6783798,0.1114359200000763,0.9501495361328125,0.7601280212402344
YJL166W,YGL010W,0,-1.6789156,0.11142288893461227,0.9501495361328125,0.7602280974388123
YLR312W-A,YBR222C,0,-1.6793182,0.11140986531972885,0.9501495361328125,0.7603281140327454
YLR165C,YOL111C,0,-1.6800251,0.11139684170484543,0.9501495361328125,0.7604281306266785
YPR011C,YHR082C,0,-1.6802452,0.1113838255405426,0.9501495361328125,0.7605281472206116
YDR296W,YAL031C,0,-1.6802454,0.11137080937623978,0.9501495361328125,0.7606281638145447
YFL048C,YMR115W,0,-1.6802865,0.11135779321193695,0.9501495361328125,0.7607282400131226
YOR251C,YGL148W,0,-1.6811154,0.11134478449821472,0.9501495361328125,0.7608282566070557
YGR252W,YGR255C,0,-1.6812267,0.11133177578449249,0.9501495361328125,0.7609282732009888
YJR078W,YHR002W,0,-1.6816365,0.11131877452135086,0.9501495361328125,0.7610282897949219
YDR492W,YAL063C,0,-1.6816435,0.11130577325820923,0.9501495361328125,0.7611283659934998
YIL083C,YNL259C,0,-1.6822631,0.1112927719950676,0.9501495361328125,0.7612283825874329
YMR054W,YJL149W,0,-1.6823765,0.11127977818250656,0.9501495361328125,0.761328399181366
YNL050C,YBR230C,0,-1.6826148,0.11126678436994553,0.9501495361328125,0.7614284157752991
YBR006W,YNR028W,0,-1.6826538,0.11125379055738449,0.9501495361328125,0.7615284323692322
YBL091C-A,YDR222W,0,-1.6829647,0.11124080419540405,0.9501495361328125,0.7616285085678101
YNL044W,YJL130C,0,-1.6832949,0.11122782528400421,0.9501495361328125,0.7617285251617432
YHR056C,YCR011C,0,-1.6835413,0.11121484637260437,0.9501495361328125,0.7618285417556763
YGL180W,YBR052C,0,-1.6838597,0.11120186746120453,0.9501495361328125,0.7619285583496094
YIL134W,YKL053C-A,0,-1.6845913,0.11118889600038528,0.9501495361328125,0.7620286345481873
YDL133C-A,YER090W,0,-1.6850488,0.11117592453956604,0.9501495361328125,0.7621286511421204
YKL205W,YCR012W,0,-1.6852355,0.1111629530787468,0.9501495361328125,0.7622286677360535
YBR080C,YBR282W,0,-1.6853069,0.11114998906850815,0.9501495361328125,0.7623286843299866
YCR030C,YLR389C,0,-1.6863381,0.1111370250582695,0.9501495361328125,0.7624287009239197
YPR024W,YNL079C,0,-1.6866579,0.11112406849861145,0.9501495361328125,0.7625287771224976
YML049C,YFR036W,0,-1.6869686,0.1111111119389534,0.9501495361328125,0.7626287937164307
YIL006W,YPR119W,0,-1.6872253,0.11109815537929535,0.9501495361328125,0.7627288103103638
YIL002C,YPL113C,0,-1.6872919,0.1110852062702179,0.9501495361328125,0.7628288269042969
YJR138W,YKR057W,0,-1.687582,0.11107226461172104,0.9501495361328125,0.7629289031028748
YOR378W,YCR087C-A,0,-1.688067,0.11105931550264359,0.9501495361328125,0.7630289196968079
YDR423C,YDR195W,0,-1.6881692,0.11104637384414673,0.9501495361328125,0.763128936290741
YDR285W,YLL055W,0,-1.6886196,0.11103343963623047,0.9501495361328125,0.7632289528846741
YGR282C,YMR300C,0,-1.6889718,0.11102050542831421,0.9501495361328125,0.7633289694786072
YNL073W,YMR159C,0,-1.6890937,0.11100757122039795,0.9501495361328125,0.7634290456771851
YKL093W,YOR222W,0,-1.6898463,0.11099464446306229,0.9501495361328125,0.7635290622711182
YPR001W,YGR105W,0,-1.6909204,0.11098171770572662,0.9501495361328125,0.7636290788650513
YBR261C,YNR021W,0,-1.6911702,0.11096879094839096,0.9501495361328125,0.7637290954589844
YDR411C,YLL029W,0,-1.6911747,0.1109558716416359,0.9501495361328125,0.7638291716575623
YDR460W,YMR097C,0,-1.6915053,0.11094295978546143,0.9501495361328125,0.7639291882514954
YCR093W,YDR392W,0,-1.6915847,0.11093004047870636,0.9501495361328125,0.7640292048454285
YKL171W,YNR013C,0,-1.6916239,0.11091712862253189,0.9501495361328125,0.7641292214393616
YJL081C,YNL258C,0,-1.6917754,0.11090422421693802,0.9501495361328125,0.7642292976379395
YDL045W-A,YGL216W,0,-1.6921256,0.11089131981134415,0.9501495361328125,0.7643293142318726
YBR002C,YBR172C,0,-1.6923523,0.11087841540575027,0.9501495361328125,0.7644293308258057
YAR027W,YKL053C-A,0,-1.6925737,0.110865518450737,0.9501495361328125,0.7645293474197388
YNL267W,YOR261C,0,-1.692883,0.11085262149572372,0.9501495361328125,0.7646293640136719
YBL058W,YGR052W,0,-1.6935735,0.11083973199129105,0.9501495361328125,0.7647294402122498
YCL008C,YPL113C,0,-1.6938746,0.11082684248685837,0.9501495361328125,0.7648294568061829
YIL094C,YHR077C,0,-1.6941425,0.11081395298242569,0.9501495361328125,0.764929473400116
YER175C,YBR072W,0,-1.6946046,0.11080107092857361,0.9501495361328125,0.7650294899940491
YNR006W,YMR046C,0,-1.694855,0.11078818887472153,0.9501495361328125,0.765129566192627
YJR082C,YKL067W,0,-1.6962498,0.11077531427145004,0.9501495361328125,0.7652295827865601
YDR159W,YLR348C,0,-1.6963243,0.11076243966817856,0.9501495361328125,0.7653295993804932
YDR079W,YPL110C,0,-1.6965829,0.11074956506490707,0.9501495361328125,0.7654296159744263
YMR097C,YPR001W,0,-1.6968813,0.11073669791221619,0.9501495361328125,0.7655296325683594
YOR292C,YAL038W,0,-1.6973764,0.1107238307595253,0.9501495361328125,0.7656297087669373
YLL002W,YFR033C,0,-1.6974354,0.11071096360683441,0.9501495361328125,0.7657297253608704
YMR284W,YNL026W,0,-1.6976528,0.11069810390472412,0.9501495361328125,0.7658297419548035
YGL068W,YMR078C,0,-1.6979113,0.11068525165319443,0.9501495361328125,0.7659297585487366
YPR113W,YPR171W,0,-1.6982691,0.11067239940166473,0.9501495361328125,0.7660298347473145
YMR176W,YKL201C,0,-1.6984107,0.11065954715013504,0.9501495361328125,0.7661298513412476
YJR119C,YDR296W,0,-1.6984563,0.11064669489860535,0.9501495361328125,0.7662298679351807
YLL051C,YMR193W,0,-1.6995451,0.11063385009765625,0.9501495361328125,0.7663298845291138
YBR066C,YOL038W,0,-1.6996653,0.11062101274728775,0.9501495361328125,0.7664299011230469
YPR026W,YGL071W,0,-1.7002375,0.11060816794633865,0.9501495361328125,0.7665299773216248
YDR151C,YJL140W,1,-1.701676,0.11071138083934784,0.9511465430259705,0.7665299773216248
YGL178W,YER035W,1,-1.7017022,0.11081457138061523,0.9521435499191284,0.7665299773216248
YOL043C,YPR030W,0,-1.7018068,0.11080171912908554,0.9521435499191284,0.7666299939155579
YER165W,YOR251C,0,-1.701866,0.11078885942697525,0.9521435499191284,0.766730010509491
YFL057C,YPL112C,0,-1.7022797,0.11077601462602615,0.9521435499191284,0.7668300271034241
YDR172W,YGL256W,0,-1.7027684,0.11076316237449646,0.9521435499191284,0.766930103302002
YGL180W,YMR020W,0,-1.7033277,0.11075031757354736,0.9521435499191284,0.7670301198959351
YIL088C,YOL038W,0,-1.7033713,0.11073748022317886,0.9521435499191284,0.7671301364898682
YDL206W,YDR476C,0,-1.7038722,0.11072463542222977,0.9521435499191284,0.7672301530838013
YMR008C,YDL083C,0,-1.7044742,0.11071179807186127,0.9521435499191284,0.7673301696777344
YNL202W,YPR152C,0,-1.704534,0.11069896817207336,0.9521435499191284,0.7674302458763123
YOR212W,YKL203C,0,-1.7053217,0.11068613827228546,0.9521435499191284,0.7675302624702454
YMR136W,YHR039C-A,0,-1.705331,0.11067330837249756,0.9521435499191284,0.7676302790641785
YBR195C,YOR168W,0,-1.7062092,0.11066048592329025,0.9521435499191284,0.7677302956581116
YJL172W,YOR204W,0,-1.706656,0.11064766347408295,0.9521435499191284,0.7678303718566895
YBR170C,YOR025W,0,-1.7071157,0.11063484847545624,0.9521435499191284,0.7679303884506226
YMR272C,YLR309C,0,-1.7071208,0.11062203347682953,0.9521435499191284,0.7680304050445557
YNL274C,YBL089W,0,-1.707433,0.11060921847820282,0.9521435499191284,0.7681304216384888
YJR092W,YER014C-A,0,-1.70802,0.11059641093015671,0.9521435499191284,0.7682304978370667
YGR085C,YPL002C,0,-1.7085412,0.1105836033821106,0.9521435499191284,0.7683305144309998
YJL140W,YKR035W-A,0,-1.7088091,0.11057080328464508,0.9521435499191284,0.7684305310249329
YKL041W,YDR281C,0,-1.7093552,0.11055800318717957,0.9521435499191284,0.768530547618866
YOR147W,YOR215C,0,-1.709887,0.11054520308971405,0.9521435499191284,0.7686305642127991
YNR017W,YPR125W,0,-1.7099135,0.11053241044282913,0.9521435499191284,0.768730640411377
YPL098C,YOL108C,0,-1.7102656,0.11051961779594421,0.9521435499191284,0.7688306570053101
YKL061W,YOR353C,0,-1.7104907,0.1105068251490593,0.9521435499191284,0.7689306735992432
YOR349W,YMR099C,0,-1.7104993,0.11049403995275497,0.9521435499191284,0.7690306901931763
YDR196C,YBR072W,0,-1.710782,0.11048126220703125,0.9521435499191284,0.7691307663917542
YOL129W,YPL150W,0,-1.7111274,0.11046847701072693,0.9521435499191284,0.7692307829856873
YJL200C,YLR025W,0,-1.711772,0.1104556992650032,0.9521435499191284,0.7693307995796204
YHR085W,YNR002C,0,-1.7118609,0.11044292896986008,0.9521435499191284,0.7694308161735535
YPL082C,YPR006C,0,-1.7125778,0.11043015867471695,0.9521435499191284,0.7695308327674866
YHR175W,YBR093C,0,-1.7127227,0.11041738837957382,0.9521435499191284,0.7696309089660645
YOR206W,YOL155C,0,-1.7137698,0.11040462553501129,0.9521435499191284,0.7697309255599976
YJR010W,YPL167C,0,-1.7144594,0.11039186269044876,0.9521435499191284,0.7698309421539307
YOL145C,YOR176W,0,-1.7145426,0.11037909984588623,0.9521435499191284,0.7699309587478638
YMR025W,YNL230C,0,-1.715399,0.1103663444519043,0.9521435499191284,0.7700310349464417
YER035W,YGL173C,1,-1.7155046,0.11046914756298065,0.9531405568122864,0.7700310349464417
YGR238C,YMR160W,0,-1.7155111,0.11045638471841812,0.9531405568122864,0.7701310515403748
YKR057W,YGL225W,0,-1.715691,0.11044362187385559,0.9531405568122864,0.7702310681343079
YBR067C,YNL335W,0,-1.7156944,0.11043086647987366,0.9531405568122864,0.770331084728241
YDL197C,YJL130C,0,-1.7160506,0.11041811108589172,0.9531405568122864,0.7704311013221741
YMR284W,YER002W,0,-1.7175136,0.11040535569190979,0.9531405568122864,0.770531177520752
YOR324C,YOR313C,0,-1.7176423,0.11039260774850845,0.9531405568122864,0.7706311941146851
YBR195C,YDL097C,0,-1.7177129,0.11037986725568771,0.9531405568122864,0.7707312107086182
YNL138W,YOR285W,0,-1.7177957,0.11036711931228638,0.9531405568122864,0.7708312273025513
YHR060W,YCR002C,0,-1.7189453,0.11035437881946564,0.9531405568122864,0.7709313035011292
YNL073W,YLL061W,0,-1.7190757,0.1103416457772255,0.9531405568122864,0.7710313200950623
YOR176W,YKR101W,0,-1.7192132,0.11032891273498535,0.9531405568122864,0.7711313366889954
YIR011C,YER168C,0,-1.7194637,0.11031617969274521,0.9531405568122864,0.7712313532829285
YJL144W,YFL054C,0,-1.7195315,0.11030344665050507,0.9531405568122864,0.7713313698768616
YGR020C,YJL029C,0,-1.7197115,0.11029072105884552,0.9531405568122864,0.7714314460754395
YNL314W,YDL061C,0,-1.7197441,0.11027800291776657,0.9531405568122864,0.7715314626693726
YGR180C,YJL155C,0,-1.7197785,0.11026528477668762,0.9531405568122864,0.7716314792633057
YLR016C,YGR027C,0,-1.7202176,0.11025256663560867,0.9531405568122864,0.7717314958572388
YBR066C,YDR229W,0,-1.7205505,0.11023985594511032,0.9531405568122864,0.7718315720558167
YPL240C,YMR203W,0,-1.7206523,0.11022714525461197,0.9531405568122864,0.7719315886497498
YML058W-A,YOR085W,0,-1.7208179,0.11021443456411362,0.9531405568122864,0.7720316052436829
YDR499W,YPL223C,0,-1.7214968,0.11020173132419586,0.9531405568122864,0.772131621837616
YOR323C,YOR275C,0,-1.7217337,0.1101890280842781,0.9531405568122864,0.7722316980361938
YOR292C,YKL001C,0,-1.7219152,0.11017632484436035,0.9531405568122864,0.772331714630127
YDL029W,YMR093W,0,-1.723001,0.1101636290550232,0.9531405568122864,0.7724317312240601
YPL042C,YNL178W,0,-1.7232144,0.11015094071626663,0.9531405568122864,0.7725317478179932
YNL232W,YMR159C,0,-1.7235385,0.11013825237751007,0.9531405568122864,0.7726317644119263
YNR031C,YNL027W,0,-1.7236705,0.11012556403875351,0.9531405568122864,0.7727318406105042
YGR271W,YPR006C,0,-1.72406,0.11011287569999695,0.9531405568122864,0.7728318572044373
YKR071C,YBR010W,0,-1.7240934,0.11010019481182098,0.9531405568122864,0.7729318737983704
YJL134W,YOL111C,0,-1.7248777,0.11008751392364502,0.9531405568122864,0.7730318903923035
YIR018W,YMR145C,0,-1.7252728,0.11007484048604965,0.9531405568122864,0.7731319665908813
YJL200C,YMR267W,0,-1.7269653,0.11006216704845428,0.9531405568122864,0.7732319831848145
YFR029W,YCR011C,0,-1.727047,0.11004950106143951,0.9531405568122864,0.7733319997787476
YAL016W,YOR216C,0,-1.7272468,0.11003683507442474,0.9531405568122864,0.7734320163726807
YBR080C,YMR210W,0,-1.728215,0.11002416908740997,0.9531405568122864,0.7735320329666138
YNL231C,YBR243C,0,-1.7283802,0.1100115105509758,0.9531405568122864,0.7736321091651917
YLR264W,YGL174W,0,-1.7289313,0.10999885201454163,0.9531405568122864,0.7737321257591248
YPR167C,YDR473C,0,-1.7290361,0.10998619347810745,0.9531405568122864,0.7738321423530579
YKL103C,YKL117W,0,-1.7293102,0.10997354239225388,0.9531405568122864,0.773932158946991
YOR054C,YAL063C,0,-1.7298138,0.1099608913064003,0.9531405568122864,0.7740322351455688
YJR006W,YBR072W,0,-1.730133,0.10994824767112732,0.9531405568122864,0.774132251739502
YDR090C,YLL061W,0,-1.7302366,0.10993560403585434,0.9531405568122864,0.7742322683334351
YJR057W,YML030W,0,-1.7313696,0.10992296040058136,0.9531405568122864,0.7743322849273682
YML056C,YER087C-B,0,-1.7316012,0.10991032421588898,0.9531405568122864,0.7744323015213013
YFR013W,YCR046C,0,-1.7319593,0.1098976880311966,0.9531405568122864,0.7745323777198792
YLR330W,YDL040C,0,-1.7321081,0.10988505929708481,0.9531405568122864,0.7746323943138123
YNL010W,YNL302C,0,-1.732529,0.10987243056297302,0.9531405568122864,0.7747324109077454
YGR036C,YIL177C,0,-1.7326846,0.10985980182886124,0.9531405568122864,0.7748324275016785
YNL052W,YBL089W,0,-1.7326941,0.10984718054533005,0.9531405568122864,0.7749325037002563
YER150W,YJR083C,0,-1.7328374,0.10983455926179886,0.9531405568122864,0.7750325202941895
YBR096W,YER046W,0,-1.7328604,0.10982193797826767,0.9531405568122864,0.7751325368881226
YJL030W,YDR403W,0,-1.7330399,0.10980932414531708,0.9531405568122864,0.7752325534820557
YKR069W,YJR034W,0,-1.7339106,0.10979671776294708,0.9531405568122864,0.7753325700759888
YPR191W,YDR403W,0,-1.7340486,0.10978410392999649,0.9531405568122864,0.7754326462745667
YLR029C,YNR018W,0,-1.7340987,0.1097714975476265,0.9531405568122864,0.7755326628684998
YBR080C,YML036W,0,-1.7341484,0.1097588986158371,0.9531405568122864,0.7756326794624329
YDL107W,YBR170C,0,-1.734385,0.1097462996840477,0.9531405568122864,0.775732696056366
YER013W,YFR052W,0,-1.734674,0.1097337007522583,0.9531405568122864,0.7758327722549438
YNL232W,YPR030W,0,-1.7347212,0.1097211092710495,0.9531405568122864,0.775932788848877
YFR001W,YGR222W,0,-1.734896,0.1097085177898407,0.9531405568122864,0.7760328054428101
YLR047C,YHR051W,0,-1.7350941,0.1096959263086319,0.9531405568122864,0.7761328220367432
YJR078W,YER055C,0,-1.7351036,0.10968334227800369,0.9531405568122864,0.776232898235321
YAR027W,YMR160W,0,-1.7351121,0.10967075824737549,0.9531405568122864,0.7763329148292542
YKL174C,YKL130C,0,-1.7354527,0.10965818166732788,0.9531405568122864,0.7764329314231873
YLR047C,YDR353W,0,-1.7358127,0.10964560508728027,0.9531405568122864,0.7765329480171204
YOR226C,YPR133W-A,0,-1.7365578,0.10963302850723267,0.9531405568122864,0.7766329646110535
YBR282W,YJR040W,0,-1.7369157,0.10962045937776566,0.9531405568122864,0.7767330408096313
YER185W,YDR081C,0,-1.7370679,0.10960789024829865,0.9531405568122864,0.7768330574035645
YJR022W,YLR438C-A,1,-1.7371969,0.1097099632024765,0.9541375637054443,0.7768330574035645
YKR006C,YBR072W,0,-1.7375271,0.1096973866224289,0.9541375637054443,0.7769330739974976
YDL028C,YDR226W,0,-1.7376864,0.10968481004238129,0.9541375637054443,0.7770330905914307
YBR115C,YCR046C,0,-1.7379757,0.10967224091291428,0.9541375637054443,0.7771331667900085
YNL084C,YDL198C,0,-1.7382023,0.10965967923402786,0.9541375637054443,0.7772331833839417
YKL001C,YFL013C,0,-1.7395012,0.10964711010456085,0.9541375637054443,0.7773331999778748
YPL119C,YKR035W-A,0,-1.7397448,0.10963454842567444,0.9541375637054443,0.7774332165718079
YCR060W,YGL241W,0,-1.7402332,0.10962199419736862,0.9541375637054443,0.777533233165741
YDR172W,YDL055C,0,-1.7411661,0.1096094399690628,0.9541375637054443,0.7776333093643188
YJL060W,YEL040W,0,-1.7414079,0.10959688574075699,0.9541375637054443,0.777733325958252
YDL216C,YNR072W,0,-1.7416344,0.10958433896303177,0.9541375637054443,0.7778333425521851
YPR113W,YGL050W,0,-1.7423866,0.10957178473472595,0.9541375637054443,0.7779333591461182
YMR284W,YOR020C,0,-1.7425879,0.10955924540758133,0.9541375637054443,0.778033435344696
YCL074W,YNL178W,0,-1.7429929,0.1095467060804367,0.9541375637054443,0.7781334519386292
YOR261C,YML039W,0,-1.743037,0.10953416675329208,0.9541375637054443,0.7782334685325623
YOR299W,YOR222W,0,-1.7432388,0.10952162742614746,0.9541375637054443,0.7783334851264954
YFL045C,YOR180C,0,-1.7434058,0.10950909554958344,0.9541375637054443,0.7784335017204285
YNL232W,YCL052C,0,-1.7438912,0.1094965711236,0.9541375637054443,0.7785335779190063
YIL108W,YHR004C,0,-1.7443604,0.10948403924703598,0.9541375637054443,0.7786335945129395
YGL200C,YML132W,0,-1.7445995,0.10947151482105255,0.9541375637054443,0.7787336111068726
YPL147W,YBR187W,0,-1.7447159,0.10945899784564972,0.9541375637054443,0.7788336277008057
YGR221C,YMR054W,0,-1.745857,0.10944648087024689,0.9541375637054443,0.7789337038993835
YEL031W,YKR028W,0,-1.7460458,0.10943396389484406,0.9541375637054443,0.7790337204933167
YOR194C,YPR043W,0,-1.7464335,0.10942144691944122,0.9541375637054443,0.7791337370872498
YER014C-A,YER098W,0,-1.7473668,0.10940893739461899,0.9541375637054443,0.7792337536811829
YLR270W,YHR077C,1,-1.7474433,0.10951074212789536,0.9551345705986023,0.7792337536811829
YNL281W,YOR008C,0,-1.7476499,0.10949822515249252,0.9551345705986023,0.7793338298797607
YDR205W,YMR087W,0,-1.7477858,0.10948571562767029,0.9551345705986023,0.7794338464736938
YPR001W,YLR024C,0,-1.7478704,0.10947320610284805,0.9551345705986023,0.779533863067627
YHR132C,YDR131C,0,-1.748219,0.10946069657802582,0.9551345705986023,0.7796338796615601
YDL107W,YOL040C,0,-1.7488838,0.10944818705320358,0.9551345705986023,0.7797338962554932
YAR002C-A,YAL017W,0,-1.749051,0.10943568497896194,0.9551345705986023,0.779833972454071
YLR107W,YBR037C,0,-1.7491146,0.1094231903553009,0.9551345705986023,0.7799339890480042
YNL085W,YGR036C,0,-1.7494572,0.10941068828105927,0.9551345705986023,0.7800340056419373
YAL038W,YGL183C,0,-1.7497327,0.10939819365739822,0.9551345705986023,0.7801340222358704
YER013W,YJR149W,0,-1.7501442,0.10938570648431778,0.9551345705986023,0.7802340984344482
YPL113C,YPR030W,0,-1.7502927,0.10937321931123734,0.9551345705986023,0.7803341150283813
YNL117W,YJL117W,0,-1.7503369,0.10936073213815689,0.9551345705986023,0.7804341316223145
YOR237W,YLR129W,0,-1.7507,0.10934824496507645,0.9551345705986023,0.7805341482162476
YNL079C,YOL043C,0,-1.7508533,0.1093357652425766,0.9551345705986023,0.7806341648101807
YEL052W,YMR269W,0,-1.7509961,0.10932329297065735,0.9551345705986023,0.7807342410087585
YKL093W,YDR222W,0,-1.7510953,0.1093108206987381,0.9551345705986023,0.7808342576026917
YJR010W,YIL021W,0,-1.7514147,0.10929834842681885,0.9551345705986023,0.7809342741966248
YDR492W,YLR219W,0,-1.7514272,0.1092858761548996,0.9551345705986023,0.7810342907905579
YEL069C,YDR492W,0,-1.7526269,0.10927341133356094,0.9551345705986023,0.7811343669891357
YDL029W,YJR005W,0,-1.752939,0.10926094651222229,0.9551345705986023,0.7812343835830688
YKL103C,YGL062W,0,-1.7539637,0.10924848914146423,0.9551345705986023,0.781334400177002
YER098W,YDR470C,0,-1.7546558,0.10923603177070618,0.9551345705986023,0.7814344167709351
YJR107W,YIL143C,0,-1.7548523,0.10922357439994812,0.9551345705986023,0.7815344333648682
YBL011W,YER115C,0,-1.7550316,0.10921112447977066,0.9551345705986023,0.781634509563446
YDR174W,YNL259C,0,-1.7554059,0.1091986745595932,0.9551345705986023,0.7817345261573792
YGR077C,YKL015W,0,-1.7555969,0.10918623208999634,0.9551345705986023,0.7818345427513123
YMR019W,YBR067C,0,-1.7556801,0.10917378962039948,0.9551345705986023,0.7819345593452454
YPL078C,YNL230C,0,-1.7561162,0.10916134715080261,0.9551345705986023,0.7820346355438232
YBR093C,YLL033W,0,-1.7562729,0.10914891213178635,0.9551345705986023,0.7821346521377563
YDL029W,YKL210W,0,-1.7566097,0.10913647711277008,0.9551345705986023,0.7822346687316895
YJL172W,YEL070W,0,-1.7568328,0.10912404954433441,0.9551345705986023,0.7823346853256226
YOR194C,YBL092W,0,-1.7573072,0.10911161452531815,0.9551345705986023,0.7824347019195557
YDR206W,YER035W,1,-1.7574681,0.10921307653188705,0.9561315774917603,0.7824347019195557
YCR030C,YCR052W,0,-1.7578537,0.10920063406229019,0.9561315774917603,0.7825347781181335
YJL034W,YPL002C,0,-1.757894,0.10918820649385452,0.9561315774917603,0.7826347947120667
YNL153C,YDR196C,0,-1.7587157,0.10917577147483826,0.9561315774917603,0.7827348113059998
YLR160C,YLR224W,0,-1.7596062,0.10916334390640259,0.9561315774917603,0.7828348278999329
YDR473C,YPR149W,0,-1.7597336,0.10915092378854752,0.9561315774917603,0.7829349040985107
YNL274C,YPL011C,0,-1.759743,0.10913850367069244,0.9561315774917603,0.7830349206924438
YGL172W,YEL041W,0,-1.7601178,0.10912608355283737,0.9561315774917603,0.783134937286377
YAR035W,YER074W,0,-1.7602096,0.1091136634349823,0.9561315774917603,0.7832349538803101
YDL097C,YOR355W,0,-1.7609297,0.10910125076770782,0.9561315774917603,0.7833350300788879
YNR074C,YKL067W,0,-1.7610109,0.10908883810043335,0.9561315774917603,0.783435046672821
YDR254W,YMR273C,0,-1.7616146,0.10907643288373947,0.9561315774917603,0.7835350632667542
YKR008W,YGR268C,0,-1.7618312,0.1090640276670456,0.9561315774917603,0.7836350798606873
YMR203W,YJR130C,0,-1.7621126,0.10905162245035172,0.9561315774917603,0.7837350964546204
YJR149W,YGL233W,0,-1.7622354,0.10903922468423843,0.9561315774917603,0.7838351726531982
YLR329W,YBR072W,0,-1.762764,0.10902682691812515,0.9561315774917603,0.7839351892471313
YOR298W,YPR160W,0,-1.7628765,0.10901443660259247,0.9561315774917603,0.7840352058410645
YMR319C,YKL022C,0,-1.762983,0.10900204628705978,0.9561315774917603,0.7841352224349976
YPR125W,YJR031C,0,-1.7636044,0.1089896559715271,0.9561315774917603,0.7842352986335754
YNL131W,YAR027W,0,-1.7637626,0.10897727310657501,0.9561315774917603,0.7843353152275085
YGR258C,YDR109C,0,-1.7640429,0.10896489024162292,0.9561315774917603,0.7844353318214417
YBR276C,YHR051W,0,-1.7642041,0.10895250737667084,0.9561315774917603,0.7845353484153748
YGR282C,YER052C,0,-1.7644646,0.10894013196229935,0.9561315774917603,0.7846353650093079
YGR134W,YMR159C,0,-1.7645696,0.10892775654792786,0.9561315774917603,0.7847354412078857
YLL041C,YBR271W,0,-1.7649189,0.10891538858413696,0.9561315774917603,0.7848354578018188
YLR208W,YOR353C,0,-1.7649491,0.10890302062034607,0.9561315774917603,0.784935474395752
YGR171C,YJL128C,0,-1.7654352,0.10889065265655518,0.9561315774917603,0.7850354909896851
YMR304W,YLR348C,0,-1.7654732,0.10887829214334488,0.9561315774917603,0.7851355671882629
YGR175C,YJR133W,0,-1.7655232,0.10886593163013458,0.9561315774917603,0.785235583782196
YNL230C,YNL052W,0,-1.7655435,0.10885357856750488,0.9561315774917603,0.7853356003761292
YOR310C,YDR222W,0,-1.7655516,0.10884121805429459,0.9561315774917603,0.7854356169700623
YKL144C,YBR093C,0,-1.7660959,0.10882887244224548,0.9561315774917603,0.7855356335639954
YBR223C,YMR246W,0,-1.7665768,0.10881651937961578,0.9561315774917603,0.7856357097625732
YBR037C,YLR145W,0,-1.7667053,0.10880417376756668,0.9561315774917603,0.7857357263565063
YDL021W,YFL010W-A,0,-1.7667661,0.10879183560609818,0.9561315774917603,0.7858357429504395
YOR279C,YPR159W,0,-1.7671032,0.10877948999404907,0.9561315774917603,0.7859357595443726
YPL223C,YDR476C,0,-1.7677472,0.10876715183258057,0.9561315774917603,0.7860358357429504
YLR316C,YCR012W,0,-1.7688959,0.10875482112169266,0.9561315774917603,0.7861358523368835
YMR321C,YOR142W,0,-1.768898,0.10874249041080475,0.9561315774917603,0.7862358689308167
YBR125C,YBR037C,0,-1.7693611,0.10873015969991684,0.9561315774917603,0.7863358855247498
YOL145C,YJL171C,0,-1.7695451,0.10871782898902893,0.9561315774917603,0.7864359021186829
YAL054C,YDL015C,0,-1.771292,0.10870550572872162,0.9561315774917603,0.7865359783172607
YDR304C,YDR260C,0,-1.7713132,0.1086931899189949,0.9561315774917603,0.7866359949111938
YOL136C,YKR069W,0,-1.7715427,0.10868086665868759,0.9561315774917603,0.786736011505127
YIL108W,YFR033C,0,-1.7735811,0.10866855829954147,0.9561315774917603,0.7868360280990601
YPL183W-A,YIL047C,0,-1.7743657,0.10865624248981476,0.9561315774917603,0.7869361042976379
YPR113W,YPR162C,0,-1.774456,0.10864393413066864,0.9561315774917603,0.787036120891571
YKR055W,YKL064W,0,-1.7745539,0.10863162577152252,0.9561315774917603,0.7871361374855042
YPL119C,YCL043C,0,-1.7754071,0.108619324862957,0.9561315774917603,0.7872361540794373
YNR074C,YNL163C,0,-1.7756814,0.10860702395439148,0.9561315774917603,0.7873362302780151
YKL013C,YDL227C,0,-1.7758008,0.10859472304582596,0.9561315774917603,0.7874362468719482
YLR440C,YIL048W,0,-1.7763286,0.10858242958784103,0.9561315774917603,0.7875362634658813
YNL258C,YLR042C,0,-1.7764277,0.10857013612985611,0.9561315774917603,0.7876362800598145
YKL119C,YIL083C,0,-1.7765409,0.10855784267187119,0.9561315774917603,0.7877362966537476
YPR194C,YER171W,0,-1.776591,0.10854555666446686,0.9561315774917603,0.7878363728523254
YOR106W,YIL076W,0,-1.7768018,0.10853327065706253,0.9561315774917603,0.7879363894462585
YLR203C,YGL225W,0,-1.7769697,0.1085209921002388,0.9561315774917603,0.7880364060401917
YJL024C,YNL274C,0,-1.7773633,0.10850871354341507,0.9561315774917603,0.7881364226341248
YFL066C,YMR250W,0,-1.7774673,0.10849643498659134,0.9561315774917603,0.7882364988327026
YBR037C,YER087C-B,0,-1.7776237,0.1084841638803482,0.9561315774917603,0.7883365154266357
YJR078W,YKL175W,0,-1.7776726,0.10847189277410507,0.9561315774917603,0.7884365320205688
YJL155C,YER017C,0,-1.7779702,0.10845962166786194,0.9561315774917603,0.788536548614502
YJR127C,YLR165C,0,-1.777976,0.1084473580121994,0.9561315774917603,0.7886365652084351
YJL144W,YER090W,0,-1.778475,0.10843509435653687,0.9561315774917603,0.7887366414070129
YOR215C,YJR133W,0,-1.7784986,0.10842283815145493,0.9561315774917603,0.788836658000946
YKL168C,YMR143W,0,-1.778954,0.10841058194637299,0.9561315774917603,0.7889366745948792
YGL037C,YCL034W,0,-1.7794254,0.10839832574129105,0.9561315774917603,0.7890366911888123
YNL052W,YBR192W,0,-1.7796211,0.1083860769867897,0.9561315774917603,0.7891367673873901
YNL010W,YGR084C,0,-1.7797287,0.10837382823228836,0.9561315774917603,0.7892367839813232
YML049C,YIL076W,0,-1.7797658,0.10836157947778702,0.9561315774917603,0.7893368005752563
YPR196W,YJL124C,0,-1.7801526,0.10834933817386627,0.9561315774917603,0.7894368171691895
YGR225W,YLL019C,0,-1.7802067,0.10833709686994553,0.9561315774917603,0.7895368337631226
YNL160W,YMR061W,0,-1.780273,0.10832486301660538,0.9561315774917603,0.7896369099617004
YMR250W,YNL335W,0,-1.7803674,0.10831262916326523,0.9561315774917603,0.7897369265556335
YLR157C,YML080W,0,-1.7808853,0.10830039530992508,0.9561315774917603,0.7898369431495667
YNR060W,YLR151C,0,-1.7809621,0.10828816890716553,0.9561315774917603,0.7899369597434998
YOL026C,YDL035C,0,-1.7812358,0.10827594250440598,0.9561315774917603,0.7900370359420776
YKL190W,YAL029C,0,-1.7818792,0.10826371610164642,0.9561315774917603,0.7901370525360107
YBR052C,YPL011C,0,-1.7820045,0.10825149714946747,0.9561315774917603,0.7902370691299438
YOL062C,YMR034C,0,-1.7820612,0.10823927819728851,0.9561315774917603,0.790337085723877
YMR169C,YOR283W,0,-1.782105,0.10822705924510956,0.9561315774917603,0.7904371023178101
YDR494W,YGR258C,0,-1.7823625,0.1082148477435112,0.9561315774917603,0.7905371785163879
YIR018W,YNR035C,0,-1.7826276,0.10820264369249344,0.9561315774917603,0.790637195110321
YPL163C,YDR498C,0,-1.7826443,0.10819043219089508,0.9561315774917603,0.7907372117042542
YGR032W,YIL080W,0,-1.7830594,0.10817822813987732,0.9561315774917603,0.7908372282981873
YPL213W,YKL165C,0,-1.7832477,0.10816602408885956,0.9561315774917603,0.7909373044967651
YPR196W,YDR109C,0,-1.7834935,0.1081538274884224,0.9561315774917603,0.7910373210906982
YJL144W,YPL093W,0,-1.7839906,0.10814163088798523,0.9561315774917603,0.7911373376846313
YKL038W,YLR330W,0,-1.7841232,0.10812944173812866,0.9561315774917603,0.7912373542785645
YOR126C,YGL103W,0,-1.7842959,0.1081172525882721,0.9561315774917603,0.7913374304771423
YNL274C,YML132W,0,-1.784873,0.10810506343841553,0.9561315774917603,0.7914374470710754
YDR454C,YGR020C,0,-1.7854984,0.10809287428855896,0.9561315774917603,0.7915374636650085
YKL093W,YDL083C,0,-1.7857133,0.10808069258928299,0.9561315774917603,0.7916374802589417
YHR175W,YGR276C,0,-1.7857482,0.10806851834058762,0.9561315774917603,0.7917374968528748
YOR071C,YNL138W,0,-1.7862787,0.10805633664131165,0.9561315774917603,0.7918375730514526
YAR035W,YHL027W,0,-1.7866803,0.10804416239261627,0.9561315774917603,0.7919375896453857
YKL171W,YNL163C,0,-1.7869802,0.1080319955945015,0.9561315774917603,0.7920376062393188
YER014C-A,YOR142W,0,-1.7871952,0.10801982134580612,0.9561315774917603,0.792137622833252
YMR241W,YMR039C,0,-1.7876766,0.10800766199827194,0.9561315774917603,0.7922376990318298
YMR295C,YDR404C,0,-1.7877063,0.10799549520015717,0.9561315774917603,0.7923377156257629
YJL079C,YKL206C,0,-1.788374,0.10798333585262299,0.9561315774917603,0.792437732219696
YGL256W,YPL147W,0,-1.7887489,0.1079711765050888,0.9561315774917603,0.7925377488136292
YMR089C,YFL048C,0,-1.7887782,0.10795902460813522,0.9561315774917603,0.7926377654075623
YGL083W,YBR282W,0,-1.7903237,0.10794687271118164,0.9561315774917603,0.7927378416061401
YNL095C,YAR035W,0,-1.7906203,0.10793472081422806,0.9561315774917603,0.7928378582000732
YLR025W,YIR038C,0,-1.7910235,0.10792257636785507,0.9561315774917603,0.7929378747940063
YNL232W,YDL165W,1,-1.7913542,0.10802295804023743,0.9571285843849182,0.7929378747940063
YHR004C,YNL262W,0,-1.7916598,0.10801079869270325,0.9571285843849182,0.7930378913879395
YER035W,YNL112W,1,-1.791993,0.10811115056276321,0.958125650882721,0.7930378913879395
YOL158C,YLR164W,0,-1.7925415,0.10809899121522903,0.958125650882721,0.7931379675865173
YGR225W,YKL124W,0,-1.792885,0.10808683186769485,0.958125650882721,0.7932379841804504
YMR025W,YOL040C,0,-1.7929093,0.10807467252016068,0.958125650882721,0.7933380007743835
YCR060W,YLR197W,0,-1.793253,0.10806252062320709,0.958125650882721,0.7934380173683167
YPR080W,YNL267W,0,-1.7934506,0.10805036872625351,0.958125650882721,0.7935380339622498
YER013W,YHR175W,0,-1.7940886,0.10803822427988052,0.958125650882721,0.7936381101608276
YBR195C,YNL117W,0,-1.7941797,0.10802607983350754,0.958125650882721,0.7937381267547607
YLR270W,YDL040C,0,-1.7948122,0.10801393538713455,0.958125650882721,0.7938381433486938
YIL128W,YPL087W,0,-1.7956703,0.10800179839134216,0.958125650882721,0.793938159942627
YLR425W,YPL119C,0,-1.7960333,0.10798966139554977,0.958125650882721,0.7940382361412048
YBR002C,YLR130C,0,-1.796047,0.10797752439975739,0.958125650882721,0.7941382527351379
YEL069C,YGL037C,0,-1.796187,0.1079653948545456,0.958125650882721,0.794238269329071
YKL161C,YBL098W,0,-1.7968695,0.1079532653093338,0.958125650882721,0.7943382859230042
YGL186C,YDR530C,0,-1.798003,0.1079411432147026,0.958125650882721,0.7944383025169373
YJR127C,YGR145W,0,-1.798163,0.10792902112007141,0.958125650882721,0.7945383787155151
YGL112C,YMR267W,0,-1.7983947,0.10791689902544022,0.958125650882721,0.7946383953094482
YDL021W,YML036W,0,-1.7988575,0.10790478438138962,0.958125650882721,0.7947384119033813
YBR067C,YGL113W,0,-1.7989293,0.10789266973733902,0.958125650882721,0.7948384284973145
YGL050W,YGL259W,0,-1.7990024,0.10788055509328842,0.958125650882721,0.7949385046958923
YBR294W,YBR096W,0,-1.7991078,0.10786844789981842,0.958125650882721,0.7950385212898254
YNR031C,YDL083C,0,-1.8003649,0.10785634070634842,0.958125650882721,0.7951385378837585
YFR018C,YGR084C,0,-1.8004547,0.10784424096345901,0.958125650882721,0.7952385544776917
YNL095C,YBR052C,0,-1.8006982,0.10783213376998901,0.958125650882721,0.7953386306762695
YMR115W,YDR404C,0,-1.8007653,0.1078200414776802,0.958125650882721,0.7954386472702026
YKL009W,YGL026C,0,-1.8039303,0.1078079417347908,0.958125650882721,0.7955386638641357
YMR193W,YNL078W,0,-1.8040696,0.107795849442482,0.958125650882721,0.7956386804580688
YDL040C,YLR350W,0,-1.8041596,0.10778375715017319,0.958125650882721,0.795738697052002
YPR042C,YLR136C,1,-1.8043826,0.10788381844758987,0.9591226577758789,0.795738697052002
YJR010W,YMR295C,0,-1.805985,0.10787171870470047,0.9591226577758789,0.7958387732505798
YGR077C,YHR051W,0,-1.8060712,0.10785962641239166,0.9591226577758789,0.7959387898445129
YOL028C,YPR127W,0,-1.8072467,0.10784753412008286,0.9591226577758789,0.796038806438446
YHR047C,YMR300C,0,-1.8073578,0.10783544182777405,0.9591226577758789,0.7961388230323792
YDL121C,YJR051W,0,-1.8075305,0.10782335698604584,0.9591226577758789,0.796238899230957
YAL022C,YKL119C,0,-1.8077381,0.10781127214431763,0.9591226577758789,0.7963389158248901
YLR353W,YOR204W,0,-1.8081492,0.10779919475317001,0.9591226577758789,0.7964389324188232
YLL029W,YBR170C,0,-1.8082197,0.1077871173620224,0.9591226577758789,0.7965389490127563
YFR033C,YLR042C,0,-1.8082722,0.10777503997087479,0.9591226577758789,0.7966389656066895
YOL129W,YIR025W,0,-1.8084567,0.10776296257972717,0.9591226577758789,0.7967390418052673
YOL054W,YDR226W,0,-1.8088086,0.10775089263916016,0.9591226577758789,0.7968390583992004
YPL129W,YPR127W,0,-1.8096316,0.10773883014917374,0.9591226577758789,0.7969390749931335
YAR035W,YNL335W,0,-1.8098251,0.10772676020860672,0.9591226577758789,0.7970390915870667
YPL139C,YOR142W,0,-1.810081,0.1077147051692009,0.9591226577758789,0.7971391677856445
YLR203C,YJL053W,0,-1.8105361,0.10770264267921448,0.9591226577758789,0.7972391843795776
YIL135C,YCL008C,0,-1.8105364,0.10769058763980865,0.9591226577758789,0.7973392009735107
YPL113C,YML128C,0,-1.8106866,0.10767853260040283,0.9591226577758789,0.7974392175674438
YDR285W,YDR262W,0,-1.8108013,0.10766647756099701,0.9591226577758789,0.797539234161377
YGL225W,YDR476C,0,-1.8111346,0.10765442997217178,0.9591226577758789,0.7976393103599548
YOR054C,YHR174W,0,-1.81129,0.10764238238334656,0.9591226577758789,0.7977393269538879
YGL200C,YGR070W,0,-1.8115661,0.10763034224510193,0.9591226577758789,0.797839343547821
YJR010W,YOL093W,0,-1.8143538,0.1076183021068573,0.9591226577758789,0.7979393601417542
YDL133C-A,YDL045W-A,0,-1.8152938,0.10760626196861267,0.9591226577758789,0.798039436340332
YAL033W,YGR268C,0,-1.8153492,0.10759422928094864,0.9591226577758789,0.7981394529342651
YOR310C,YER185W,0,-1.8163226,0.1075821965932846,0.9591226577758789,0.7982394695281982
YOR173W,YCR027C,1,-1.8165768,0.10768198221921921,0.9601196646690369,0.7982394695281982
YIL094C,YNL238W,0,-1.8166871,0.10766994953155518,0.9601196646690369,0.7983394861221313
YKL093W,YNR031C,0,-1.816805,0.10765790939331055,0.9601196646690369,0.7984395027160645
YOR243C,YMR008C,0,-1.8168671,0.10764587670564651,0.9601196646690369,0.7985395789146423
YJL194W,YPL134C,0,-1.8173282,0.10763384401798248,0.9601196646690369,0.7986395955085754
YDR026C,YDR304C,0,-1.8174243,0.10762181133031845,0.9601196646690369,0.7987396121025085
YHR002W,YMR054W,0,-1.8176436,0.10760978609323502,0.9601196646690369,0.7988396286964417
YOL004W,YPR159W,0,-1.8179679,0.10759776830673218,0.9601196646690369,0.7989397048950195
YPR024W,YIL134W,0,-1.8180451,0.10758574306964874,0.9601196646690369,0.7990397214889526
YLR394W,YCR012W,0,-1.8181527,0.1075737252831459,0.9601196646690369,0.7991397380828857
YNR074C,YMR228W,0,-1.8182652,0.10756170749664307,0.9601196646690369,0.7992397546768188
YBR183W,YDL035C,0,-1.8183498,0.10754969716072083,0.9601196646690369,0.7993398308753967
YDR131C,YML132W,0,-1.8184814,0.10753768682479858,0.9601196646690369,0.7994398474693298
YER185W,YNL016W,0,-1.81873,0.10752568393945694,0.9601196646690369,0.7995398640632629
YOR283W,YMR180C,0,-1.8191447,0.1075136736035347,0.9601196646690369,0.799639880657196
YGL169W,YIR039C,0,-1.819433,0.10750167816877365,0.9601196646690369,0.7997398972511292
YLR390W,YGL148W,0,-1.8196528,0.107489675283432,0.9601196646690369,0.799839973449707
YKR057W,YGR268C,0,-1.8196884,0.10747767984867096,0.9601196646690369,0.7999399900436401
YKL013C,YLR264W,0,-1.8204081,0.10746568441390991,0.9601196646690369,0.8000400066375732
YDR254W,YDR281C,0,-1.8215318,0.10745369642972946,0.9601196646690369,0.8001400232315063
YNL297C,YGR185C,0,-1.8225012,0.10744170844554901,0.9601196646690369,0.8002400994300842
YLR219W,YHR057C,0,-1.8230168,0.10742972046136856,0.9601196646690369,0.8003401160240173
YPL188W,YJL082W,0,-1.8231235,0.10741773247718811,0.9601196646690369,0.8004401326179504
YDR062W,YLR350W,0,-1.8236451,0.10740575194358826,0.9601196646690369,0.8005401492118835
YNL281W,YDR173C,0,-1.8238117,0.107393778860569,0.9601196646690369,0.8006401658058167
YEL022W,YMR273C,0,-1.8239076,0.10738179832696915,0.9601196646690369,0.8007402420043945
YBR274W,YKL001C,0,-1.8240603,0.10736983269453049,0.9601196646690369,0.8008402585983276
YNL131W,YFR052W,0,-1.824386,0.10735785961151123,0.9601196646690369,0.8009402751922607
YLL040C,YER130C,0,-1.8245983,0.10734589397907257,0.9601196646690369,0.8010402917861938
YHR056C,YLR107W,0,-1.8253269,0.10733392834663391,0.9601196646690369,0.8011403679847717
YMR013C,YLR251W,0,-1.825418,0.10732196271419525,0.9601196646690369,0.8012403845787048
YPR167C,YDL142C,0,-1.8255634,0.10731000453233719,0.9601196646690369,0.8013404011726379
YDL216C,YPL096W,0,-1.8256598,0.10729805380105972,0.9601196646690369,0.801440417766571
YHR029C,YDL133C-A,0,-1.8256754,0.10728609561920166,0.9601196646690369,0.8015404343605042
YLR028C,YIR005W,0,-1.82628,0.1072741448879242,0.9601196646690369,0.801640510559082
YGR282C,YOL052C,0,-1.826448,0.10726219415664673,0.9601196646690369,0.8017405271530151
YLR105C,YGR052W,0,-1.8265684,0.10725025087594986,0.9601196646690369,0.8018405437469482
YDL021W,YMR246W,0,-1.8268526,0.10723830759525299,0.9601196646690369,0.8019405603408813
YKR066C,YGR118W,0,-1.8269832,0.10722636431455612,0.9601196646690369,0.8020406365394592
YML112W,YBR294W,0,-1.8271177,0.10721442848443985,0.9601196646690369,0.8021406531333923
YHR004C,YGR020C,0,-1.8281889,0.10720249265432358,0.9601196646690369,0.8022406697273254
YOL112W,YGR175C,0,-1.8283828,0.1071905642747879,0.9601196646690369,0.8023406863212585
YHR012W,YNL236W,0,-1.8285065,0.10717862844467163,0.9601196646690369,0.8024407029151917
YPR091C,YNL239W,0,-1.8298299,0.10716670006513596,0.9601196646690369,0.8025407791137695
YDR263C,YHR174W,0,-1.8309247,0.10715477913618088,0.9601196646690369,0.8026407957077026
YKL201C,YCL057W,0,-1.8311907,0.1071428582072258,0.9601196646690369,0.8027408123016357
YBR183W,YOL101C,0,-1.8314205,0.10713093727827072,0.9601196646690369,0.8028408288955688
YJL005W,YDR260C,0,-1.8318579,0.10711902379989624,0.9601196646690369,0.8029409050941467
YOL102C,YBR052C,0,-1.8318654,0.10710711032152176,0.9601196646690369,0.8030409216880798
YGR282C,YGL180W,0,-1.8319645,0.10709519684314728,0.9601196646690369,0.8031409382820129
YDR233C,YDR451C,0,-1.8319829,0.1070832833647728,0.9601196646690369,0.803240954875946
YGR113W,YOR232W,0,-1.8323958,0.10707137733697891,0.9601196646690369,0.8033410310745239
YJL066C,YLR203C,0,-1.8324875,0.10705947875976562,0.9601196646690369,0.803441047668457
YGR282C,YPR091C,0,-1.8332555,0.10704758018255234,0.9601196646690369,0.8035410642623901
YNL138W,YLR160C,0,-1.8344576,0.10703568160533905,0.9601196646690369,0.8036410808563232
YER101C,YBL092W,0,-1.8344798,0.10702378302812576,0.9601196646690369,0.8037410974502563
YOL045W,YGR180C,0,-1.8345011,0.10701189190149307,0.9601196646690369,0.8038411736488342
YAL060W,YBR141C,0,-1.8345549,0.10700000077486038,0.9601196646690369,0.8039411902427673
YEL031W,YDR369C,0,-1.8346529,0.10698810964822769,0.9601196646690369,0.8040412068367004
YPR200C,YBL091C-A,0,-1.8350947,0.1069762259721756,0.9601196646690369,0.8041412234306335
YGL178W,YLR438C-A,1,-1.8366103,0.10707542300224304,0.9611166715621948,0.8041412234306335
YLR359W,YNL262W,0,-1.8366331,0.10706352442502975,0.9611166715621948,0.8042412996292114
YPR024W,YMR276W,0,-1.8366673,0.10705164074897766,0.9611166715621948,0.8043413162231445
YPL127C,YPR187W,0,-1.8367245,0.10703974962234497,0.9611166715621948,0.8044413328170776
YPR204W,YFL033C,0,-1.8367445,0.10702786594629288,0.9611166715621948,0.8045413494110107
YGR070W,YER130C,0,-1.8368193,0.10701598227024078,0.9611166715621948,0.8046413660049438
YGR175C,YGR070W,0,-1.8378651,0.10700410604476929,0.9611166715621948,0.8047414422035217
YKL171W,YNL080C,0,-1.838504,0.10699222981929779,0.9611166715621948,0.8048414587974548
YGL014W,YLL055W,0,-1.8388132,0.10698036104440689,0.9611166715621948,0.8049414753913879
YPL151C,YJL166W,0,-1.8390914,0.1069684848189354,0.9611166715621948,0.805041491985321
YOR126C,YLR028C,0,-1.8393862,0.1069566160440445,0.9611166715621948,0.8051415681838989
YGR258C,YCL057W,0,-1.8395637,0.10694475471973419,0.9611166715621948,0.805241584777832
YPL087W,YIL133C,0,-1.8406928,0.10693288594484329,0.9611166715621948,0.8053416013717651
YOR168W,YBR145W,0,-1.840794,0.10692103207111359,0.9611166715621948,0.8054416179656982
YML099C,YPR149W,0,-1.8411466,0.10690917074680328,0.9611166715621948,0.8055416345596313
YDL107W,YER046W,0,-1.8414879,0.10689731687307358,0.9611166715621948,0.8056417107582092
YKR055W,YDR497C,0,-1.8418214,0.10688546299934387,0.9611166715621948,0.8057417273521423
YOR099W,YDR151C,0,-1.8422725,0.10687361657619476,0.9611166715621948,0.8058417439460754
YDR233C,YLR301W,0,-1.8424002,0.10686177015304565,0.9611166715621948,0.8059417605400085
YDR146C,YER087C-B,0,-1.8424581,0.10684992372989655,0.9611166715621948,0.8060418367385864
YHR029C,YMR308C,0,-1.842623,0.10683807730674744,0.9611166715621948,0.8061418533325195
YOR311C,YLR301W,0,-1.842668,0.10682623833417892,0.9611166715621948,0.8062418699264526
YBR196C,YJL071W,0,-1.8437397,0.10681440681219101,0.9611166715621948,0.8063418865203857
YOR301W,YBR177C,0,-1.8441875,0.1068025678396225,0.9611166715621948,0.8064419031143188
YPR162C,YBR243C,0,-1.8448966,0.10679073631763458,0.9611166715621948,0.8065419793128967
YOR206W,YLR050C,0,-1.8456299,0.10677891224622726,0.9611166715621948,0.8066419959068298
YBL091C-A,YMR270C,0,-1.8461182,0.10676708072423935,0.9611166715621948,0.8067420125007629
YOR355W,YER087C-B,0,-1.8461344,0.10675525665283203,0.9611166715621948,0.806842029094696
YDR254W,YKR055W,0,-1.8467506,0.10674344003200531,0.9611166715621948,0.8069421052932739
YER150W,YPL002C,0,-1.8469551,0.10673162341117859,0.9611166715621948,0.807042121887207
YCL008C,YML128C,0,-1.8470669,0.10671980679035187,0.9611166715621948,0.8071421384811401
YJR103W,YBR074W,0,-1.8471627,0.10670799016952515,0.9611166715621948,0.8072421550750732
YLR187W,YBL098W,0,-1.8477182,0.10669618099927902,0.9611166715621948,0.8073422312736511
YBR187W,YMR034C,0,-1.8480142,0.1066843718290329,0.9611166715621948,0.8074422478675842
YAL060W,YOR393W,0,-1.8480618,0.10667257010936737,0.9611166715621948,0.8075422644615173
YER014C-A,YDR389W,0,-1.848079,0.10666076838970184,0.9611166715621948,0.8076422810554504
YJL053W,YOR327C,0,-1.8490412,0.10664896667003632,0.9611166715621948,0.8077422976493835
YPL112C,YDR403W,0,-1.8500047,0.10663716495037079,0.9611166715621948,0.8078423738479614
YDR405W,YDR530C,0,-1.8500705,0.10662537068128586,0.9611166715621948,0.8079423904418945
YAL060W,YMR005W,0,-1.850369,0.10661358386278152,0.9611166715621948,0.8080424070358276
YHR005C-A,YPL007C,0,-1.8510435,0.1066017895936966,0.9611166715621948,0.8081424236297607
YBR274W,YML109W,0,-1.8512926,0.10659000277519226,0.9611166715621948,0.8082424998283386
YNL079C,YGL004C,0,-1.851496,0.10657822340726852,0.9611166715621948,0.8083425164222717
YKL170W,YNL258C,0,-1.8516071,0.10656643658876419,0.9611166715621948,0.8084425330162048
YGR268C,YOR209C,0,-1.8517125,0.10655465722084045,0.9611166715621948,0.8085425496101379
YOR239W,YKR028W,0,-1.8521433,0.10654288530349731,0.9611166715621948,0.808642566204071
YBR222C,YNR002C,0,-1.852674,0.10653110593557358,0.9611166715621948,0.8087426424026489
YAL021C,YLR270W,1,-1.8527737,0.10662983357906342,0.9621136784553528,0.8087426424026489
YJR010W,YEL041W,0,-1.8529269,0.10661805421113968,0.9621136784553528,0.808842658996582
YGR155W,YJR034W,0,-1.85326,0.10660627484321594,0.9621136784553528,0.8089426755905151
YJL166W,YJL095W,0,-1.8532898,0.1065944954752922,0.9621136784553528,0.8090426921844482
YMR168C,YKR103W,0,-1.8540049,0.10658272355794907,0.9621136784553528,0.8091427683830261
YGL037C,YDL140C,0,-1.8554571,0.10657095164060593,0.9621136784553528,0.8092427849769592
YNL160W,YKR035W-A,0,-1.8556991,0.10655918717384338,0.9621136784553528,0.8093428015708923
YGL222C,YMR287C,1,-1.8557633,0.10665783286094666,0.9631106853485107,0.8093428015708923
YML058W-A,YGL010W,0,-1.855971,0.10664606094360352,0.9631106853485107,0.8094428181648254
YBR093C,YKL001C,0,-1.8561382,0.10663428902626038,0.9631106853485107,0.8095428347587585
YAL040C,YMR143W,0,-1.8578758,0.10662251710891724,0.9631106853485107,0.8096429109573364
YDR494W,YLR278C,0,-1.858088,0.1066107526421547,0.9631106853485107,0.8097429275512695
YBR183W,YKL171W,0,-1.8602664,0.10659898817539215,0.9631106853485107,0.8098429441452026
YBR042C,YGR185C,0,-1.8604488,0.10658722370862961,0.9631106853485107,0.8099429607391357
YDR254W,YNL192W,0,-1.860636,0.10657546669244766,0.9631106853485107,0.8100430369377136
YLR107W,YOL151W,0,-1.8606399,0.10656370967626572,0.9631106853485107,0.8101430535316467
YHR135C,YGL259W,0,-1.860736,0.10655195266008377,0.9631106853485107,0.8102430701255798
YNL307C,YHR057C,0,-1.8609871,0.10654020309448242,0.9631106853485107,0.8103430867195129
YLR348C,YOR285W,0,-1.8611107,0.10652845352888107,0.9631106853485107,0.810443103313446
YOR084W,YBR093C,0,-1.8611126,0.10651670396327972,0.9631106853485107,0.8105431795120239
YPL240C,YGL236C,0,-1.8611443,0.10650496184825897,0.9631106853485107,0.810643196105957
YDR064W,YJL140W,0,-1.8612136,0.10649321973323822,0.9631106853485107,0.8107432126998901
YJR127C,YGR276C,0,-1.8616109,0.10648148506879807,0.9631106853485107,0.8108432292938232
YMR089C,YOL136C,0,-1.8628669,0.10646974295377731,0.9631106853485107,0.8109433054924011
YPL002C,YNL274C,0,-1.863653,0.10645800828933716,0.9631106853485107,0.8110433220863342
YGR268C,YPR119W,0,-1.8639073,0.1064462810754776,0.9631106853485107,0.8111433386802673
YNL271C,YMR136W,0,-1.8653634,0.10643455386161804,0.9631106853485107,0.8112433552742004
YJR051W,YPL252C,0,-1.8658068,0.10642282664775848,0.9631106853485107,0.8113434314727783
YLR395C,YFR029W,0,-1.8666089,0.10641110688447952,0.9631106853485107,0.8114434480667114
YAL054C,YPL240C,0,-1.8671979,0.10639937967061996,0.9631106853485107,0.8115434646606445
YMR319C,YPR137W,0,-1.8675056,0.1063876673579216,0.9631106853485107,0.8116434812545776
YHR132C,YKL038W,0,-1.8676511,0.10637594759464264,0.9631106853485107,0.8117434978485107
YDR072C,YLR285W,0,-1.867703,0.10636423528194427,0.9631106853485107,0.8118435740470886
YJL155C,YLL004W,0,-1.8679403,0.10635253041982651,0.9631106853485107,0.8119435906410217
YPL240C,YCR057C,0,-1.869509,0.10634081810712814,0.9631106853485107,0.8120436072349548
YDR492W,YFR045W,0,-1.870264,0.10632911324501038,0.9631106853485107,0.8121436238288879
YAR027W,YGR034W,0,-1.8703461,0.10631740838289261,0.9631106853485107,0.8122437000274658
YDR072C,YMR038C,0,-1.870539,0.10630571097135544,0.9631106853485107,0.8123437166213989
YPL223C,YKL082C,0,-1.8707707,0.10629401355981827,0.9631106853485107,0.812443733215332
YOR301W,YHR109W,0,-1.8715982,0.1062823161482811,0.9631106853485107,0.8125437498092651
YDL054C,YDR470C,0,-1.8718905,0.10627062618732452,0.9631106853485107,0.8126437664031982
YEL053C,YPR160W,0,-1.8720912,0.10625893622636795,0.9631106853485107,0.8127438426017761
YNR017W,YDL070W,0,-1.8722849,0.10624725371599197,0.9631106853485107,0.8128438591957092
YAL017W,YOL054W,0,-1.8724015,0.1062355637550354,0.9631106853485107,0.8129438757896423
YPL110C,YKR101W,0,-1.8730487,0.10622388124465942,0.9631106853485107,0.8130438923835754
YMR295C,YGL030W,0,-1.8731774,0.10621220618486404,0.9631106853485107,0.8131439685821533
YML097C,YDR470C,0,-1.8736123,0.10620053112506866,0.9631106853485107,0.8132439851760864
YMR123W,YBL092W,0,-1.873838,0.10618885606527328,0.9631106853485107,0.8133440017700195
YLR153C,YLR130C,0,-1.8739609,0.1061771810054779,0.9631106853485107,0.8134440183639526
YJR082C,YNL178W,0,-1.8742645,0.10616551339626312,0.9631106853485107,0.8135440349578857
YLR244C,YIL140W,0,-1.8746413,0.10615384578704834,0.9631106853485107,0.8136441111564636
YLR187W,YJL144W,0,-1.8748174,0.10614218562841415,0.9631106853485107,0.8137441277503967
YML073C,YHR051W,0,-1.8755873,0.10613051801919937,0.9631106853485107,0.8138441443443298
YJL155C,YMR300C,0,-1.8757131,0.10611886531114578,0.9631106853485107,0.8139441609382629
YGL256W,YOR187W,0,-1.8767862,0.1061072051525116,0.9631106853485107,0.8140442371368408
YDL245C,YPR119W,0,-1.8772522,0.10609555244445801,0.9631106853485107,0.8141442537307739
YER150W,YNL284C,0,-1.8780756,0.10608389973640442,0.9631106853485107,0.814244270324707
YJR051W,YHR005C-A,0,-1.8782754,0.10607225447893143,0.9631106853485107,0.8143442869186401
YEL031W,YDR211W,0,-1.8783889,0.10606060922145844,0.9631106853485107,0.8144443035125732
YJL029C,YOR085W,0,-1.8784001,0.10604896396398544,0.9631106853485107,0.8145443797111511
YGR179C,YDR353W,0,-1.879312,0.10603731870651245,0.9631106853485107,0.8146443963050842
YDL059C,YKL130C,0,-1.8795121,0.10602568089962006,0.9631106853485107,0.8147444128990173
YGR034W,YMR186W,0,-1.8797141,0.10601405054330826,0.9631106853485107,0.8148444294929504
YMR169C,YKL007W,0,-1.8803487,0.10600241273641586,0.9631106853485107,0.8149445056915283
YMR117C,YBR294W,0,-1.8807011,0.10599078238010406,0.9631106853485107,0.8150445222854614
YKL064W,YGL103W,0,-1.8807948,0.10597915202379227,0.9631106853485107,0.8151445388793945
YAL060W,YLR009W,0,-1.8808107,0.10596752911806107,0.9631106853485107,0.8152445554733276
YLR300W,YGL163C,0,-1.8808875,0.10595590621232986,0.9631106853485107,0.8153446316719055
YKL126W,YJL191W,0,-1.8814003,0.10594428330659866,0.9631106853485107,0.8154446482658386
YOR251C,YKL096W-A,0,-1.8834026,0.10593266785144806,0.9631106853485107,0.8155446648597717
YKL168C,YHR082C,0,-1.8836207,0.10592105239629745,0.9631106853485107,0.8156446814537048
YGR155W,YGR214W,0,-1.8845586,0.10590943694114685,0.9631106853485107,0.8157446980476379
YLR312W-A,YGR089W,0,-1.8848116,0.10589782893657684,0.9631106853485107,0.8158447742462158
YDL054C,YMR065W,0,-1.884838,0.10588622093200684,0.9631106853485107,0.8159447908401489
YER013W,YDR059C,0,-1.8849087,0.10587461292743683,0.9631106853485107,0.816044807434082
YMR273C,YBR072W,0,-1.8851111,0.10586301237344742,0.9631106853485107,0.8161448240280151
YBL098W,YIL133C,0,-1.8851135,0.10585141181945801,0.9631106853485107,0.816244900226593
YNL073W,YPR080W,0,-1.8854198,0.1058398187160492,0.9631106853485107,0.8163449168205261
YDR079W,YDR233C,0,-1.8854839,0.10582821816205978,0.9631106853485107,0.8164449334144592
YDR229W,YBL068W,0,-1.8862848,0.10581662505865097,0.9631106853485107,0.8165449500083923
YNL095C,YMR272C,0,-1.8864329,0.10580503940582275,0.9631106853485107,0.8166449666023254
YPR191W,YLL055W,0,-1.8870127,0.10579345375299454,0.9631106853485107,0.8167450428009033
YOR206W,YER103W,0,-1.88786,0.10578186810016632,0.9631106853485107,0.8168450593948364
YHR119W,YDL128W,0,-1.8885293,0.1057702824473381,0.9631106853485107,0.8169450759887695
YER125W,YHR039C-A,0,-1.8888992,0.10575870424509048,0.9631106853485107,0.8170450925827026
YGR225W,YNL092W,0,-1.8891953,0.10574712604284286,0.9631106853485107,0.8171451687812805
YDR174W,YMR240C,0,-1.8893944,0.10573555529117584,0.9631106853485107,0.8172451853752136
YJR078W,YIL048W,0,-1.8899708,0.10572397708892822,0.9631106853485107,0.8173452019691467
YER046W,YIL042C,0,-1.8900142,0.1057124063372612,0.9631106853485107,0.8174452185630798
YHR029C,YKR035W-A,0,-1.8900855,0.10570084303617477,0.9631106853485107,0.8175452351570129
YBL058W,YPR035W,0,-1.8901042,0.10568927973508835,0.9631106853485107,0.8176453113555908
YDL121C,YGR255C,0,-1.8905946,0.10567771643400192,0.9631106853485107,0.8177453279495239
YGL026C,YOR251C,0,-1.8909333,0.1056661531329155,0.9631106853485107,0.817845344543457
YNL153C,YLR151C,0,-1.8917913,0.10565459728240967,0.9631106853485107,0.8179453611373901
YLR025W,YPR200C,0,-1.8918209,0.10564304143190384,0.9631106853485107,0.818045437335968
YHR164C,YGR032W,0,-1.8933356,0.10563149303197861,0.9631106853485107,0.8181454539299011
YLR429W,YLR270W,0,-1.8939197,0.10561994463205338,0.9631106853485107,0.8182454705238342
YJR082C,YGR118W,0,-1.8941329,0.10560839623212814,0.9631106853485107,0.8183454871177673
YNL230C,YKL053C-A,0,-1.894423,0.10559685528278351,0.9631106853485107,0.8184455633163452
YLR203C,YLR452C,0,-1.8947937,0.10558530688285828,0.9631106853485107,0.8185455799102783
YER087W,YBR243C,0,-1.8955438,0.10557377338409424,0.9631106853485107,0.8186455965042114
YER103W,YNL307C,0,-1.8955681,0.1055622324347496,0.9631106853485107,0.8187456130981445
YLR447C,YLR088W,0,-1.8971715,0.10555069893598557,0.9631106853485107,0.8188456296920776
YMR203W,YNL302C,0,-1.8974605,0.10553916543722153,0.9631106853485107,0.8189457058906555
YJL166W,YPL083C,0,-1.8982362,0.10552763938903809,0.9631106853485107,0.8190457224845886
YKL119C,YGR085C,0,-1.8984599,0.10551611334085464,0.9631106853485107,0.8191457390785217
YHR002W,YJR147W,0,-1.8987826,0.1055045872926712,0.9631106853485107,0.8192457556724548
YLR395C,YDR285W,0,-1.899178,0.10549306869506836,0.9631106853485107,0.8193458318710327
YAR035W,YPR006C,0,-1.8998276,0.10548154264688492,0.9631106853485107,0.8194458484649658
YGR180C,YKL205W,0,-1.9003813,0.10547003149986267,0.9631106853485107,0.8195458650588989
YKL074C,YCL057W,0,-1.9008863,0.10545851290225983,0.9631106853485107,0.819645881652832
YCL004W,YOL040C,0,-1.9010663,0.10544700175523758,0.9631106853485107,0.8197458982467651
YPL167C,YLL027W,0,-1.9016572,0.10543549805879593,0.9631106853485107,0.819845974445343
YMR039C,YMR300C,0,-1.901948,0.10542398691177368,0.9631106853485107,0.8199459910392761
YKL161C,YLR050C,0,-1.9022985,0.10541248321533203,0.9631106853485107,0.8200460076332092
YOR291W,YDL045W-A,0,-1.9025307,0.10540097951889038,0.9631106853485107,0.8201460242271423
YER175C,YOR187W,0,-1.9030885,0.10538948327302933,0.9631106853485107,0.8202461004257202
YFL033C,YNL259C,0,-1.9033668,0.10537798702716827,0.9631106853485107,0.8203461170196533
YJR004C,YLR141W,0,-1.9048284,0.10536649078130722,0.9631106853485107,0.8204461336135864
YLR080W,YGL050W,0,-1.904836,0.10535500198602676,0.9631106853485107,0.8205461502075195
YIR038C,YGL226C-A,0,-1.9049926,0.10534351319074631,0.9631106853485107,0.8206461668014526
YNL283C,YMR115W,0,-1.9052389,0.10533202439546585,0.9631106853485107,0.8207462430000305
YOL086C,YPL244C,0,-1.9054719,0.10532054305076599,0.9631106853485107,0.8208462595939636
YLL045C,YLR163C,0,-1.905475,0.10530906170606613,0.9631106853485107,0.8209462761878967
YKR006C,YBR243C,0,-1.9057894,0.10529758036136627,0.9631106853485107,0.8210462927818298
YDR090C,YNL006W,0,-1.9058177,0.10528610646724701,0.9631106853485107,0.8211463689804077
YCL018W,YBR294W,0,-1.9061422,0.10527463257312775,0.9631106853485107,0.8212463855743408
YDR411C,YLR330W,0,-1.9062557,0.10526315867900848,0.9631106853485107,0.8213464021682739
YHR002W,YDR508C,0,-1.9067832,0.10525169223546982,0.9631106853485107,0.821446418762207
YKL119C,YCR012W,0,-1.9077038,0.10524022579193115,0.9631106853485107,0.8215464353561401
YDR423C,YLR285W,0,-1.9078231,0.10522875934839249,0.9631106853485107,0.821646511554718
YOR299W,YMR115W,0,-1.9083219,0.10521729290485382,0.9631106853485107,0.8217465281486511
YOR297C,YNL027W,0,-1.9095305,0.10520583391189575,0.9631106853485107,0.8218465447425842
YKL182W,YKL067W,0,-1.910321,0.10519438236951828,0.9631106853485107,0.8219465613365173
YBR223C,YJR005W,0,-1.9105014,0.10518292337656021,0.9631106853485107,0.8220466375350952
YDL029W,YNL026W,0,-1.9105067,0.10517147183418274,0.9631106853485107,0.8221466541290283
YPR162C,YGR225W,0,-1.9106586,0.10516002774238586,0.9631106853485107,0.8222466707229614
YBR080C,YHR174W,0,-1.9110603,0.10514857620000839,0.9631106853485107,0.8223466873168945
YKL117W,YER190W,0,-1.9116856,0.10513713210821152,0.9631106853485107,0.8224467635154724
YGL222C,YNL288W,1,-1.9122978,0.10523451864719391,0.9641076922416687,0.8224467635154724
YNR031C,YNR002C,0,-1.9125953,0.10522306710481644,0.9641076922416687,0.8225467801094055
YPL167C,YCL025C,0,-1.9129812,0.10521162301301956,0.9641076922416687,0.8226467967033386
YPL223C,YOL052C,0,-1.9131054,0.10520017147064209,0.9641076922416687,0.8227468132972717
YMR238W,YFR052W,0,-1.9132152,0.10518872737884521,0.9641076922416687,0.8228468298912048
YNL288W,YER035W,1,-1.9143121,0.10528605431318283,0.9651046991348267,0.8228468298912048
YMR054W,YBR129C,0,-1.9144955,0.10527460277080536,0.9651046991348267,0.8229469060897827
YFL045C,YNL290W,0,-1.9148616,0.10526315867900848,0.9651046991348267,0.8230469226837158
YDL227C,YIL083C,0,-1.9150062,0.10525171458721161,0.9651046991348267,0.8231469392776489
YKR002W,YDL015C,0,-1.915178,0.10524027049541473,0.9651046991348267,0.823246955871582
YGR012W,YER165W,0,-1.915693,0.10522882640361786,0.9651046991348267,0.8233470320701599
YMR284W,YOL026C,0,-1.915698,0.10521738976240158,0.9651046991348267,0.823447048664093
YFR013W,YIL083C,0,-1.9167352,0.1052059531211853,0.9651046991348267,0.8235470652580261
YDR411C,YML051W,0,-1.9168608,0.10519452393054962,0.9651046991348267,0.8236470818519592
YJR010W,YKL165C,0,-1.9169052,0.10518309473991394,0.9651046991348267,0.8237470984458923
YDR280W,YOR173W,1,-1.9173812,0.1052803099155426,0.9661017060279846,0.8237470984458923
YLR447C,YER115C,0,-1.9178128,0.10526887327432632,0.9661017060279846,0.8238471746444702
YDL055C,YKR006C,0,-1.9178879,0.10525744408369064,0.9661017060279846,0.8239471912384033
YNL304W,YMR238W,0,-1.9182854,0.10524600744247437,0.9661017060279846,0.8240472078323364
YDL202W,YJL071W,0,-1.9187477,0.10523457825183868,0.9661017060279846,0.8241472244262695
YDL202W,YLR187W,0,-1.9191949,0.105223149061203,0.9661017060279846,0.8242473006248474
YDL083C,YGL051W,0,-1.9195213,0.10521172732114792,0.9661017060279846,0.8243473172187805
YMR078C,YNL208W,0,-1.9195219,0.10520030558109283,0.9661017060279846,0.8244473338127136
YPR113W,YNR035C,0,-1.9201715,0.10518888384103775,0.9661017060279846,0.8245473504066467
YBR115C,YOR261C,0,-1.9202623,0.10517746955156326,0.9661017060279846,0.8246473670005798
YHR041C,YNR010W,0,-1.9203541,0.10516605526208878,0.9661017060279846,0.8247474431991577
YGL107C,YDR404C,1,-1.920959,0.10526315867900848,0.9670987129211426,0.8247474431991577
YLR129W,YOR317W,0,-1.9209946,0.1052517369389534,0.9670987129211426,0.8248474597930908
YKR020W,YHR174W,0,-1.9213657,0.10524031519889832,0.9670987129211426,0.8249474763870239
YMR089C,YNL258C,0,-1.9215157,0.10522890090942383,0.9670987129211426,0.825047492980957
YLR043C,YER101C,0,-1.9215996,0.10521748661994934,0.9670987129211426,0.8251475691795349
YGL200C,YOR351C,0,-1.9220833,0.10520607233047485,0.9670987129211426,0.825247585773468
YBR177C,YCR057C,0,-1.9227458,0.10519466549158096,0.9670987129211426,0.8253476023674011
YER150W,YGR105W,0,-1.9232255,0.10518325865268707,0.9670987129211426,0.8254476189613342
YDR296W,YNL080C,0,-1.9233627,0.10517185181379318,0.9670987129211426,0.8255476355552673
YEL069C,YJL225C,0,-1.9238578,0.10516045242547989,0.9670987129211426,0.8256477117538452
YBR125C,YDR167W,0,-1.9246131,0.1051490530371666,0.9670987129211426,0.8257477283477783
YHR164C,YJL079C,0,-1.9248257,0.1051376536488533,0.9670987129211426,0.8258477449417114
YLR191W,YKL210W,0,-1.9253011,0.1051262617111206,0.9670987129211426,0.8259477615356445
YLR394W,YBR230C,0,-1.9254498,0.10511486977338791,0.9670987129211426,0.8260478377342224
YDL021W,YBR042C,0,-1.9255426,0.10510347783565521,0.9670987129211426,0.8261478543281555
YFR029W,YAR027W,0,-1.9259268,0.10509209334850311,0.9670987129211426,0.8262478709220886
YGR185C,YMR034C,0,-1.926166,0.10508070886135101,0.9670987129211426,0.8263478875160217
YBR066C,YNL259C,0,-1.9262116,0.10506932437419891,0.9670987129211426,0.8264479637145996
YBR145W,YDR207C,0,-1.9267892,0.10505794733762741,0.9670987129211426,0.8265479803085327
YER087W,YHR082C,0,-1.9267998,0.10504657030105591,0.9670987129211426,0.8266479969024658
YPR162C,YDR304C,0,-1.9270145,0.1050351932644844,0.9670987129211426,0.8267480134963989
YPR204W,YBR128C,0,-1.9275234,0.1050238162279129,0.9670987129211426,0.826848030090332
YEL015W,YCR093W,1,-1.9280113,0.1051207110285759,0.9680957198143005,0.826848030090332
YBL085W,YNL052W,0,-1.9280803,0.1051093339920044,0.9680957198143005,0.8269481062889099
YDR306C,YDR415C,0,-1.9283919,0.10509795695543289,0.9680957198143005,0.827048122882843
YHR164C,YPR030W,0,-1.9289148,0.10508657991886139,0.9680957198143005,0.8271481394767761
YGL026C,YLR197W,0,-1.9293785,0.10507521033287048,0.9680957198143005,0.8272481560707092
YLR390W,YBR287W,0,-1.9296362,0.10506384074687958,0.9680957198143005,0.8273482322692871
YDL227C,YGR070W,0,-1.9299743,0.10505247116088867,0.9680957198143005,0.8274482488632202
YGR180C,YOL010W,0,-1.9300659,0.10504110902547836,0.9680957198143005,0.8275482654571533
YOR243C,YHR005C-A,0,-1.9314867,0.10502974689006805,0.9680957198143005,0.8276482820510864
YNR031C,YOL101C,0,-1.9320159,0.10501838475465775,0.9680957198143005,0.8277482986450195
YJL214W,YLR350W,0,-1.9321051,0.10500703006982803,0.9680957198143005,0.8278483748435974
YPR080W,YMR203W,0,-1.9323426,0.10499567538499832,0.9680957198143005,0.8279483914375305
YER103W,YLR285W,0,-1.9326359,0.10498432070016861,0.9680957198143005,0.8280484080314636
YKL171W,YOR099W,0,-1.932643,0.1049729734659195,0.9680957198143005,0.8281484246253967
YMR172W,YKL067W,0,-1.9333953,0.10496162623167038,0.9680957198143005,0.8282485008239746
YLR208W,YOR292C,0,-1.9337039,0.10495027899742126,0.9680957198143005,0.8283485174179077
YLR025W,YOR219C,0,-1.9337871,0.10493893921375275,0.9680957198143005,0.8284485340118408
YLR224W,YNL219C,0,-1.934562,0.10492759943008423,0.9680957198143005,0.8285485506057739
YMR115W,YBR026C,0,-1.9347885,0.10491625964641571,0.9680957198143005,0.828648567199707
YJR147W,YOR162C,0,-1.9349171,0.10490492731332779,0.9680957198143005,0.8287486433982849
YOL052C,YHR039C-A,0,-1.9357834,0.10489359498023987,0.9680957198143005,0.828848659992218
YAR035W,YLL012W,0,-1.9358969,0.10488226264715195,0.9680957198143005,0.8289486765861511
YKL190W,YDL128W,0,-1.9360396,0.10487093776464462,0.9680957198143005,0.8290486931800842
YMR008C,YHR039C-A,0,-1.9371682,0.1048596128821373,0.9680957198143005,0.8291487693786621
YDR518W,YHR060W,0,-1.9376061,0.10484828799962997,0.9680957198143005,0.8292487859725952
YJL225C,YDR494W,0,-1.9382362,0.10483697056770325,0.9680957198143005,0.8293488025665283
YCR060W,YGL200C,0,-1.9407142,0.10482565313577652,0.9680957198143005,0.8294488191604614
YMR203W,YMR136W,0,-1.9421204,0.10481433570384979,0.9680957198143005,0.8295488357543945
YDR453C,YKL206C,0,-1.9422855,0.10480302572250366,0.9680957198143005,0.8296489119529724
YPL150W,YDR079W,0,-1.9440014,0.10479170829057693,0.9680957198143005,0.8297489285469055
YBL113C,YLL027W,0,-1.94416,0.1047804057598114,0.9680957198143005,0.8298489451408386
YDR454C,YOR311C,0,-1.9445258,0.10476909577846527,0.9680957198143005,0.8299489617347717
YPR035W,YLR025W,0,-1.9448278,0.10475779324769974,0.9680957198143005,0.8300490379333496
YDR460W,YHR135C,0,-1.9452298,0.1047464907169342,0.9680957198143005,0.8301490545272827
YDL208W,YMR210W,0,-1.9458113,0.10473519563674927,0.9680957198143005,0.8302490711212158
YBR247C,YML028W,0,-1.9458232,0.10472390055656433,0.9680957198143005,0.8303490877151489
YOR317W,YFL010W-A,0,-1.9460793,0.1047126054763794,0.9680957198143005,0.8304491639137268
YGL237C,YMR097C,0,-1.9473181,0.10470131784677505,0.9680957198143005,0.8305491805076599
YDL054C,YNL092W,0,-1.9484488,0.10469003021717072,0.9680957198143005,0.830649197101593
YPR091C,YHL027W,0,-1.9489387,0.10467874258756638,0.9680957198143005,0.8307492136955261
YDL035C,YKL001C,0,-1.9495894,0.10466745495796204,0.9680957198143005,0.8308492302894592
YPR080W,YBR128C,0,-1.949884,0.1046561747789383,0.9680957198143005,0.8309493064880371
YJR127C,YGR185C,0,-1.9502743,0.10464489459991455,0.9680957198143005,0.8310493230819702
YGL237C,YDR072C,0,-1.950674,0.1046336218714714,0.9680957198143005,0.8311493396759033
YDL171C,YJL053W,0,-1.9510525,0.10462234914302826,0.9680957198143005,0.8312493562698364
YFR021W,YCL043C,0,-1.9512028,0.10461107641458511,0.9680957198143005,0.8313494324684143
YKL217W,YPR137W,0,-1.9530894,0.10459980368614197,0.9680957198143005,0.8314494490623474
YGR288W,YEL012W,0,-1.9530903,0.10458853840827942,0.9680957198143005,0.8315494656562805
YNL131W,YNL163C,0,-1.9531078,0.10457727313041687,0.9680957198143005,0.8316494822502136
YJR151C,YNR013C,0,-1.9532924,0.10456601530313492,0.9680957198143005,0.8317494988441467
YMR168C,YFR036W,0,-1.9537865,0.10455475747585297,0.9680957198143005,0.8318495750427246
YPR006C,YNL239W,0,-1.9543815,0.10454349964857101,0.9680957198143005,0.8319495916366577
YGR020C,YDL083C,0,-1.9546599,0.10453224182128906,0.9680957198143005,0.8320496082305908
YGR246C,YBR093C,0,-1.9546952,0.10452099144458771,0.9680957198143005,0.8321496248245239
YGR221C,YMR295C,0,-1.9550128,0.10450974106788635,0.9680957198143005,0.8322497010231018
YFR018C,YOR311C,0,-1.9551517,0.104498490691185,0.9680957198143005,0.8323497176170349
YOR074C,YLR312W-A,0,-1.9552495,0.10448724776506424,0.9680957198143005,0.832449734210968
YNL122C,YBL089W,0,-1.9553274,0.10447600483894348,0.9680957198143005,0.8325497508049011
YDR473C,YPL167C,0,-1.9553845,0.10446476936340332,0.9680957198143005,0.8326497673988342
YFL014W,YNL259C,0,-1.9556756,0.10445352643728256,0.9680957198143005,0.8327498435974121
YAL038W,YPL104W,0,-1.9562708,0.1044422909617424,0.9680957198143005,0.8328498601913452
YLR209C,YKL022C,0,-1.9564416,0.10443106293678284,0.9680957198143005,0.8329498767852783
YBR145W,YOR340C,0,-1.9568813,0.10441982746124268,0.9680957198143005,0.8330498933792114
YML058W-A,YLR440C,0,-1.9571161,0.10440859943628311,0.9680957198143005,0.8331499695777893
YMR172W,YNL274C,0,-1.9573079,0.10439737886190414,0.9680957198143005,0.8332499861717224
YGL062W,YGR167W,0,-1.9574901,0.10438615083694458,0.9680957198143005,0.8333500027656555
YGL237C,YGL220W,0,-1.9579842,0.10437493026256561,0.9680957198143005,0.8334500193595886
YCL036W,YMR099C,0,-1.958602,0.10436371713876724,0.9680957198143005,0.8335500359535217
YOR187W,YLR316C,0,-1.9588135,0.10435249656438828,0.9680957198143005,0.8336501121520996
YGR255C,YPR152C,0,-1.9593292,0.1043412834405899,0.9680957198143005,0.8337501287460327
YPR002W,YBL085W,0,-1.9593396,0.10433007776737213,0.9680957198143005,0.8338501453399658
YDR196C,YDL077C,0,-1.9596617,0.10431886464357376,0.9680957198143005,0.8339501619338989
YPR113W,YNL044W,0,-1.9601128,0.10430765897035599,0.9680957198143005,0.8340502381324768
YML112W,YOR138C,0,-1.9601679,0.10429645329713821,0.9680957198143005,0.8341502547264099
YGR167W,YGR143W,0,-1.9602855,0.10428525507450104,0.9680957198143005,0.834250271320343
YCL043C,YML006C,0,-1.9605023,0.10427405685186386,0.9680957198143005,0.8343502879142761
YOR349W,YOR285W,0,-1.9605496,0.10426285862922668,0.9680957198143005,0.834450364112854
YGL062W,YHR004C,0,-1.960805,0.1042516678571701,0.9680957198143005,0.8345503807067871
YDR262W,YCR002C,0,-1.9610394,0.10424046963453293,0.9680957198143005,0.8346503973007202
YPR035W,YER046W,0,-1.962953,0.10422928631305695,0.9680957198143005,0.8347504138946533
YKL064W,YBR010W,0,-1.9636128,0.10421809554100037,0.9680957198143005,0.8348504304885864
YGR177C,YPR001W,0,-1.9637359,0.10420691221952438,0.9680957198143005,0.8349505066871643
YGL010W,YGR034W,0,-1.9638091,0.1041957288980484,0.9680957198143005,0.8350505232810974
YPR196W,YMR075W,0,-1.9643378,0.10418455302715302,0.9680957198143005,0.8351505398750305
YOR274W,YOR020C,0,-1.964478,0.10417336970567703,0.9680957198143005,0.8352505564689636
YGL226C-A,YAL031C,0,-1.9655428,0.10416219383478165,0.9680957198143005,0.8353506326675415
YLR136C,YJR006W,1,-1.9659104,0.10425828397274017,0.9690927267074585,0.8353506326675415
YMR295C,YIL076W,0,-1.9659331,0.10424710065126419,0.9690927267074585,0.8354506492614746
YPR072W,YGL010W,0,-1.9670577,0.1042359247803688,0.9690927267074585,0.8355506658554077
YJL144W,YKR028W,0,-1.9670764,0.10422474890947342,0.9690927267074585,0.8356506824493408
YGR264C,YGR171C,0,-1.9671395,0.10421357303857803,0.9690927267074585,0.8357506990432739
YKR054C,YGR214W,0,-1.9682603,0.10420240461826324,0.9690927267074585,0.8358507752418518
YPL218W,YPR163C,0,-1.9683651,0.10419122874736786,0.9690927267074585,0.8359507918357849
YOR147W,YPL002C,0,-1.9689234,0.10418006777763367,0.9690927267074585,0.836050808429718
YDR082W,YHR179W,0,-1.969065,0.10416889935731888,0.9690927267074585,0.8361508250236511
YGL112C,YOL062C,0,-1.96931,0.10415773838758469,0.9690927267074585,0.836250901222229
YFR029W,YKR057W,0,-1.9695418,0.1041465774178505,0.9690927267074585,0.8363509178161621
YPL273W,YBL089W,0,-1.9695494,0.1041354164481163,0.9690927267074585,0.8364509344100952
YBR230C,YKL022C,0,-1.9702421,0.10412426292896271,0.9690927267074585,0.8365509510040283
YER098W,YBR230C,0,-1.97044,0.10411310940980911,0.9690927267074585,0.8366509675979614
YNL302C,YGL060W,0,-1.9705844,0.10410196334123611,0.9690927267074585,0.8367510437965393
YDR527W,YCR012W,0,-1.9706405,0.10409080982208252,0.9690927267074585,0.8368510603904724
YML058W-A,YNL259C,0,-1.9707549,0.10407966375350952,0.9690927267074585,0.8369510769844055
YOR317W,YPL082C,0,-1.9707711,0.10406852513551712,0.9690927267074585,0.8370510935783386
YOL086C,YDR518W,0,-1.9711204,0.10405737906694412,0.9690927267074585,0.8371511697769165
YDR083W,YOL155C,0,-1.9713265,0.10404624044895172,0.9690927267074585,0.8372511863708496
YMR269W,YOL158C,0,-1.9722114,0.10403510928153992,0.9690927267074585,0.8373512029647827
YBR120C,YBR026C,0,-1.9723976,0.10402397066354752,0.9690927267074585,0.8374512195587158
YGR180C,YHR074W,0,-1.9735324,0.10401283949613571,0.9690927267074585,0.8375512361526489
YJL166W,YOR038C,0,-1.9736807,0.10400170832872391,0.9690927267074585,0.8376513123512268
YJL194W,YLL055W,0,-1.97404,0.1039905846118927,0.9690927267074585,0.8377513289451599
YHR164C,YGL200C,0,-1.9741207,0.10397946089506149,0.9690927267074585,0.837851345539093
YKR035W-A,YOL040C,0,-1.9744382,0.10396833717823029,0.9690927267074585,0.8379513621330261
YLR047C,YPL183W-A,0,-1.9746163,0.10395722091197968,0.9690927267074585,0.838051438331604
YDL084W,YOR297C,0,-1.9746661,0.10394610464572906,0.9690927267074585,0.8381514549255371
YGR251W,YIR039C,0,-1.9749564,0.10393498837947845,0.9690927267074585,0.8382514715194702
YKL013C,YPR149W,0,-1.9751053,0.10392387211322784,0.9690927267074585,0.8383514881134033
YGR180C,YGR095C,0,-1.9751549,0.10391276329755783,0.9690927267074585,0.8384515643119812
YER162C,YMR099C,0,-1.9769154,0.10390165448188782,0.9690927267074585,0.8385515809059143
YDR030C,YMR173W,0,-1.977511,0.1038905531167984,0.9690927267074585,0.8386515974998474
YDR079W,YHR039C-A,0,-1.9778105,0.10387945175170898,0.9690927267074585,0.8387516140937805
YAL016W,YBR222C,0,-1.9778519,0.10386835038661957,0.9690927267074585,0.8388516306877136
YJR078W,YDR497C,0,-1.9782867,0.10385724902153015,0.9690927267074585,0.8389517068862915
YBL091C-A,YGR072W,0,-1.9788319,0.10384615510702133,0.9690927267074585,0.8390517234802246
YBL091C-A,YFL023W,0,-1.9791136,0.10383506119251251,0.9690927267074585,0.8391517400741577
YJL066C,YNL281W,0,-1.9791726,0.10382396727800369,0.9690927267074585,0.8392517566680908
YJL178C,YDR470C,0,-1.980432,0.10381288081407547,0.9690927267074585,0.8393518328666687
YIR025W,YDR233C,0,-1.981319,0.10380179435014725,0.9690927267074585,0.8394518494606018
YDL022W,YER145C,0,-1.9813864,0.10379070788621902,0.9690927267074585,0.8395518660545349
YBR287W,YER002W,0,-1.9819689,0.1037796288728714,0.9690927267074585,0.839651882648468
YPL200W,YJL141C,0,-1.9821266,0.10376854985952377,0.9690927267074585,0.8397518992424011
YMR172W,YDR226W,0,-1.9822038,0.10375747084617615,0.9690927267074585,0.839851975440979
YGL122C,YGR032W,0,-1.9829249,0.10374639928340912,0.9690927267074585,0.8399519920349121
YJR078W,YBL076C,0,-1.9833274,0.10373532772064209,0.9690927267074585,0.8400520086288452
YMR200W,YDL077C,0,-1.9837581,0.10372425615787506,0.9690927267074585,0.8401520252227783
YBR118W,YOR025W,0,-1.9837668,0.10371318459510803,0.9690927267074585,0.8402521014213562
YKL206C,YNL302C,0,-1.9845688,0.1037021204829216,0.9690927267074585,0.8403521180152893
YNR010W,YGR222W,0,-1.9846156,0.10369106382131577,0.9690927267074585,0.8404521346092224
YFR021W,YNL147W,0,-1.9857659,0.10367999970912933,0.9690927267074585,0.8405521512031555
YDL227C,YMR136W,0,-1.9861052,0.1036689430475235,0.9690927267074585,0.8406521677970886
YFL014W,YOR251C,0,-1.987031,0.10365788638591766,0.9690927267074585,0.8407522439956665
YHR179W,YOL112W,0,-1.9873459,0.10364682972431183,0.9690927267074585,0.8408522605895996
YMR168C,YBR052C,0,-1.9875824,0.10363578051328659,0.9690927267074585,0.8409522771835327
YKL201C,YOR025W,0,-1.9882898,0.10362473130226135,0.9690927267074585,0.8410522937774658
YGR288W,YOR142W,0,-1.9885066,0.10361368954181671,0.9690927267074585,0.8411523699760437
YNL208W,YBR037C,0,-1.989162,0.10360264033079147,0.9690927267074585,0.8412523865699768
YLR009W,YIR038C,0,-1.989214,0.10359159857034683,0.9690927267074585,0.8413524031639099
YJR004C,YDL128W,0,-1.9909303,0.10358056426048279,0.9690927267074585,0.841452419757843
YFR033C,YDR373W,0,-1.9918767,0.10356952250003815,0.9690927267074585,0.8415524363517761
YLR103C,YPL098C,0,-1.9918971,0.1035584881901741,0.9690927267074585,0.841652512550354
YOR176W,YLR394W,0,-1.9920101,0.10354746133089066,0.9690927267074585,0.8417525291442871
YMR049C,YDL015C,0,-1.9923812,0.10353642702102661,0.9690927267074585,0.8418525457382202
YKL190W,YPR159W,0,-1.9923975,0.10352540016174316,0.9690927267074585,0.8419525623321533
YBR183W,YOL040C,0,-1.9924037,0.10351437330245972,0.9690927267074585,0.8420526385307312
YHR005C-A,YBR074W,0,-1.9928497,0.10350335389375687,0.9690927267074585,0.8421526551246643
YKL117W,YGL071W,0,-1.9931743,0.10349233448505402,0.9690927267074585,0.8422526717185974
YDL029W,YPL113C,0,-1.9947969,0.10348131507635117,0.9690927267074585,0.8423526883125305
YOR304W,YOR285W,0,-1.9949975,0.10347030311822891,0.9690927267074585,0.8424527645111084
YNL258C,YNR002C,0,-1.9951304,0.10345928370952606,0.9690927267074585,0.8425527811050415
YIL142W,YAR031W,0,-1.9955866,0.1034482792019844,0.9690927267074585,0.8426527976989746
YAL024C,YBR072W,0,-1.9956629,0.10343726724386215,0.9690927267074585,0.8427528142929077
YDR410C,YBL098W,0,-1.9967583,0.1034262627363205,0.9690927267074585,0.8428528308868408
YPR042C,YKL208W,1,-1.9967997,0.10352165251970291,0.9700897336006165,0.8428528308868408
YBR182C,YPL196W,0,-1.9968752,0.10351064056158066,0.9700897336006165,0.8429529070854187
YOL129W,YDR414C,0,-1.9969037,0.1034996286034584,0.9700897336006165,0.8430529236793518
YJL141C,YBR095C,0,-1.9971696,0.10348861664533615,0.9700897336006165,0.8431529402732849
YFR045W,YPL082C,0,-1.9988539,0.1034776121377945,0.9700897336006165,0.843252956867218
YBR125C,YMR240C,0,-1.9993875,0.10346660763025284,0.9700897336006165,0.8433530330657959
YBR230C,YOR311C,0,-1.9997733,0.10345561057329178,0.9700897336006165,0.843453049659729
YBR274W,YHR008C,0,-1.9997841,0.10344461351633072,0.9700897336006165,0.8435530662536621
YDR263C,YOL108C,0,-2.0001328,0.10343361645936966,0.9700897336006165,0.8436530828475952
YKL103C,YLL004W,0,-2.0005186,0.1034226194024086,0.9700897336006165,0.8437530994415283
YNL127W,YDR131C,0,-2.0009553,0.10341162979602814,0.9700897336006165,0.8438531756401062
YML058W-A,YDL170W,0,-2.0014703,0.10340064018964767,0.9700897336006165,0.8439531922340393
YOR173W,YOL142W,1,-2.0014856,0.10349591076374054,0.9710867404937744,0.8439531922340393
YOL026C,YPR043W,0,-2.001775,0.10348491370677948,0.9710867404937744,0.8440532088279724
YGR081C,YIR011C,0,-2.0019274,0.10347391664981842,0.9710867404937744,0.8441532254219055
YGR010W,YDL047W,0,-2.0022733,0.10346292704343796,0.9710867404937744,0.8442533016204834
YOR301W,YCL043C,0,-2.0022895,0.1034519374370575,0.9710867404937744,0.8443533182144165
YHL012W,YLL017W,0,-2.0023234,0.10344095528125763,0.9710867404937744,0.8444533348083496
YKL013C,YBR020W,0,-2.0027323,0.10342996567487717,0.9710867404937744,0.8445533514022827
YDL097C,YBR026C,0,-2.00301,0.1034189835190773,0.9710867404937744,0.8446533679962158
YKL210W,YDR281C,0,-2.003104,0.10340800881385803,0.9710867404937744,0.8447534441947937
YAL031C,YMR099C,0,-2.0033982,0.10339702665805817,0.9710867404937744,0.8448534607887268
YLR197W,YKL085W,0,-2.003821,0.1033860519528389,0.9710867404937744,0.8449534773826599
YIL083C,YOR226C,0,-2.0042808,0.10337507724761963,0.9710867404937744,0.845053493976593
YKR066C,YDR151C,0,-2.0044596,0.10336410999298096,0.9710867404937744,0.8451535701751709
YFL013C,YGR027C,0,-2.00494,0.10335314273834229,0.9710867404937744,0.845253586769104
YDR351W,YGR085C,0,-2.0052903,0.10334217548370361,0.9710867404937744,0.8453536033630371
YAL022C,YOL107W,0,-2.005303,0.10333120822906494,0.9710867404937744,0.8454536199569702
YDR196C,YGL226C-A,0,-2.0063946,0.10332024842500687,0.9710867404937744,0.8455536365509033
YOR054C,YGR199W,0,-2.0065491,0.10330928862094879,0.9710867404937744,0.8456537127494812
YPL218W,YER046W,0,-2.0072415,0.10329833626747131,0.9710867404937744,0.8457537293434143
YJL187C,YLR151C,0,-2.0075488,0.10328738391399384,0.9710867404937744,0.8458537459373474
YKR103W,YCL025C,0,-2.0078766,0.10327643156051636,0.9710867404937744,0.8459537625312805
YOL082W,YKL203C,0,-2.007889,0.10326547920703888,0.9710867404937744,0.8460538387298584
YPR198W,YIL046W,0,-2.0085819,0.103254534304142,0.9710867404937744,0.8461538553237915
YNL016W,YDR404C,1,-2.0093508,0.10334958881139755,0.9720837473869324,0.8461538553237915
YOR310C,YNL281W,0,-2.0095797,0.10333863645792007,0.9720837473869324,0.8462538719177246
YLR182W,YJR103W,0,-2.009723,0.1033276841044426,0.9720837473869324,0.8463538885116577
YPR035W,YNL006W,0,-2.0102386,0.10331673175096512,0.9720837473869324,0.8464539647102356
YDL028C,YCL043C,0,-2.0102503,0.10330578684806824,0.9720837473869324,0.8465539813041687
YJL155C,YOR180C,0,-2.0107138,0.10329484194517136,0.9720837473869324,0.8466539978981018
YOR382W,YDR416W,0,-2.0109782,0.10328389704227448,0.9720837473869324,0.8467540144920349
YPR125W,YAR031W,0,-2.0113745,0.10327295958995819,0.9720837473869324,0.846854031085968
YDL171C,YHR051W,0,-2.011832,0.1032620221376419,0.9720837473869324,0.8469541072845459
YER013W,YGR010W,0,-2.0119882,0.10325108468532562,0.9720837473869324,0.847054123878479
YGL172W,YCR002C,0,-2.0121188,0.10324015468358994,0.9720837473869324,0.8471541404724121
YOL158C,YGR214W,0,-2.0124059,0.10322922468185425,0.9720837473869324,0.8472541570663452
YHR174W,YLR130C,0,-2.013047,0.10321829468011856,0.9720837473869324,0.8473542332649231
YLL045C,YMR186W,0,-2.013051,0.10320736467838287,0.9720837473869324,0.8474542498588562
YDL078C,YHR077C,0,-2.013959,0.10319644212722778,0.9720837473869324,0.8475542664527893
YJR147W,YDR403W,0,-2.0146387,0.10318551957607269,0.9720837473869324,0.8476542830467224
YGL226C-A,YBR096W,0,-2.0147007,0.1031746044754982,0.9720837473869324,0.8477542996406555
YPR072W,YNR057C,0,-2.0149007,0.1031636893749237,0.9720837473869324,0.8478543758392334
YKR006C,YGL190C,0,-2.015049,0.10315277427434921,0.9720837473869324,0.8479543924331665
YLR295C,YKR055W,0,-2.0151165,0.10314185917377472,0.9720837473869324,0.8480544090270996
YDR499W,YPL110C,0,-2.0153809,0.10313095152378082,0.9720837473869324,0.8481544256210327
YLR395C,YBR066C,0,-2.0154169,0.10312004387378693,0.9720837473869324,0.8482545018196106
YJR004C,YOL026C,0,-2.015608,0.10310913622379303,0.9720837473869324,0.8483545184135437
YAL033W,YER175C,0,-2.0177035,0.10309823602437973,0.9720837473869324,0.8484545350074768
YMR038C,YIL133C,0,-2.0177412,0.10308733582496643,0.9720837473869324,0.8485545516014099
YBR247C,YGL200C,0,-2.018116,0.10307643562555313,0.9720837473869324,0.848654568195343
YNR017W,YFL045C,0,-2.018431,0.10306553542613983,0.9720837473869324,0.8487546443939209
YGR264C,YMR267W,0,-2.0184312,0.10305464267730713,0.9720837473869324,0.848854660987854
YPR194C,YOR162C,0,-2.019612,0.10304375737905502,0.9720837473869324,0.8489546775817871
YDR410C,YNL259C,0,-2.0196161,0.10303286463022232,0.9720837473869324,0.8490546941757202
YER014C-A,YDR405W,0,-2.0197098,0.10302197933197021,0.9720837473869324,0.8491547703742981
YOR084W,YKL130C,0,-2.0197642,0.10301109403371811,0.9720837473869324,0.8492547869682312
YLR025W,YDL083C,0,-2.0201824,0.103000208735466,0.9720837473869324,0.8493548035621643
YGR085C,YBR037C,0,-2.020484,0.1029893308877945,0.9720837473869324,0.8494548201560974
YCL057W,YDL035C,0,-2.0209086,0.10297845304012299,0.9720837473869324,0.8495548367500305
YCL025C,YDR229W,0,-2.0216413,0.10296757519245148,0.9720837473869324,0.8496549129486084
YDR306C,YCR012W,0,-2.0225728,0.10295670479536057,0.9720837473869324,0.8497549295425415
YJL030W,YGR118W,0,-2.022736,0.10294583439826965,0.9720837473869324,0.8498549461364746
YLL041C,YDR196C,0,-2.022944,0.10293496400117874,0.9720837473869324,0.8499549627304077
YPL147W,YDR262W,0,-2.0237503,0.10292410105466843,0.9720837473869324,0.8500550389289856
YBR093C,YDL077C,0,-2.0242267,0.10291323810815811,0.9720837473869324,0.8501550555229187
YOR204W,YMR099C,0,-2.0251193,0.1029023751616478,0.9720837473869324,0.8502550721168518
YCR057C,YIR038C,0,-2.0252407,0.10289151221513748,0.9720837473869324,0.8503550887107849
YKL206C,YGR027C,0,-2.0256915,0.10288065671920776,0.9720837473869324,0.8504551649093628
YBL091C-A,YDR109C,0,-2.0256915,0.10286980122327805,0.9720837473869324,0.8505551815032959
YAL038W,YJL085W,0,-2.0259652,0.10285895317792892,0.9720837473869324,0.850655198097229
YNL073W,YMR186W,0,-2.0262637,0.1028480976819992,0.9720837473869324,0.8507552146911621
YLR105C,YFL048C,0,-2.0273998,0.10283725708723068,0.9720837473869324,0.8508552312850952
YDR079W,YCL052C,0,-2.0277324,0.10282640904188156,0.9720837473869324,0.8509553074836731
YNR067C,YDR494W,0,-2.027765,0.10281556099653244,0.9720837473869324,0.8510553240776062
YAL039C,YLR251W,0,-2.027841,0.10280472040176392,0.9720837473869324,0.8511553406715393
YMR272C,YER115C,0,-2.028455,0.10279388725757599,0.9720837473869324,0.8512553572654724
YJR010W,YNL208W,0,-2.0313632,0.10278304666280746,0.9720837473869324,0.8513554334640503
YHL027W,YDL083C,0,-2.0314403,0.10277221351861954,0.9720837473869324,0.8514554500579834
YIL134W,YLR219W,0,-2.0318027,0.10276138037443161,0.9720837473869324,0.8515554666519165
YIL170W,YNL006W,0,-2.0320795,0.10275055468082428,0.9720837473869324,0.8516554832458496
YBR183W,YOR275C,0,-2.0322604,0.10273972898721695,0.9720837473869324,0.8517554998397827
YGL222C,YNL016W,1,-2.0326989,0.10283426195383072,0.9730807542800903,0.8517554998397827
YBR183W,YPL213W,0,-2.0329728,0.10282342880964279,0.9730807542800903,0.8518555760383606
YER013W,YIR039C,0,-2.0331678,0.10281259566545486,0.9730807542800903,0.8519555926322937
YOR148C,YHR008C,0,-2.033586,0.10280176997184753,0.9730807542800903,0.8520556092262268
YMR276W,YER101C,0,-2.0338094,0.1027909442782402,0.9730807542800903,0.8521556258201599
YPR080W,YGL212W,0,-2.0339608,0.10278011858463287,0.9730807542800903,0.8522557020187378
YAL022C,YKL053C-A,0,-2.0343425,0.10276929289102554,0.9730807542800903,0.8523557186126709
YLL029W,YBR037C,0,-2.0346498,0.10275847464799881,0.9730807542800903,0.852455735206604
YPL129W,YNL219C,0,-2.0346606,0.10274765640497208,0.9730807542800903,0.8525557518005371
YFL033C,YOR194C,0,-2.0346918,0.10273684561252594,0.9730807542800903,0.8526557683944702
YER014C-A,YBR120C,0,-2.0353913,0.1027260273694992,0.9730807542800903,0.8527558445930481
YJL117W,YDR226W,0,-2.0360126,0.10271521657705307,0.9730807542800903,0.8528558611869812
YOL111C,YGR118W,0,-2.037284,0.10270440578460693,0.9730807542800903,0.8529558777809143
YER098W,YOR292C,0,-2.0374653,0.1026936024427414,0.9730807542800903,0.8530558943748474
YPL151C,YJL144W,0,-2.0376613,0.10268279910087585,0.9730807542800903,0.8531559705734253
YHL034C,YKL210W,0,-2.0379276,0.10267199575901031,0.9730807542800903,0.8532559871673584
YLR208W,YDL059C,0,-2.038007,0.10266119986772537,0.9730807542800903,0.8533560037612915
YNL297C,YBR170C,0,-2.0389812,0.10265039652585983,0.9730807542800903,0.8534560203552246
YGL212W,YGR118W,0,-2.0398026,0.10263960808515549,0.9730807542800903,0.8535560965538025
YER013W,YBR006W,0,-2.0413618,0.10262881219387054,0.9730807542800903,0.8536561131477356
YOR232W,YDR497C,0,-2.0439212,0.1026180237531662,0.9730807542800903,0.8537561297416687
YLR029C,YJR036C,0,-2.0443664,0.10260723531246185,0.9730807542800903,0.8538561463356018
YLR203C,YOL158C,0,-2.045616,0.10259644687175751,0.9730807542800903,0.8539561629295349
YBR223C,YLR440C,0,-2.045625,0.10258566588163376,0.9730807542800903,0.8540562391281128
YFR019W,YLR042C,0,-2.0456562,0.10257488489151001,0.9730807542800903,0.8541562557220459
YHR030C,YGL233W,0,-2.0456824,0.10256410390138626,0.9730807542800903,0.854256272315979
YPL078C,YPR127W,0,-2.0457199,0.10255332291126251,0.9730807542800903,0.8543562889099121
YLR291C,YAL017W,0,-2.0459855,0.10254254937171936,0.9730807542800903,0.85445636510849
YNL095C,YPR006C,0,-2.045994,0.10253177583217621,0.9730807542800903,0.8545563817024231
YLR447C,YDL084W,0,-2.0463834,0.10252100974321365,0.9730807542800903,0.8546563982963562
YJR107W,YPL113C,0,-2.0464823,0.1025102436542511,0.9730807542800903,0.8547564148902893
YNL304W,YJL141C,0,-2.0467699,0.10249947756528854,0.9730807542800903,0.8548564314842224
YKL093W,YLR024C,0,-2.0469592,0.10248871147632599,0.9730807542800903,0.8549565076828003
YDL055C,YPR091C,0,-2.0475218,0.10247795283794403,0.9730807542800903,0.8550565242767334
YDR174W,YNL032W,0,-2.0476162,0.10246719419956207,0.9730807542800903,0.8551565408706665
YPL064C,YDL045W-A,0,-2.0479567,0.10245643556118011,0.9730807542800903,0.8552565574645996
YGL010W,YGL037C,0,-2.04925,0.10244568437337875,0.9730807542800903,0.8553566336631775
YNR021W,YPL163C,0,-2.0499961,0.1024349257349968,0.9730807542800903,0.8554566502571106
YMR276W,YLL055W,0,-2.0510063,0.10242418199777603,0.9730807542800903,0.8555566668510437
YDL024C,YKL201C,0,-2.0512052,0.10241343080997467,0.9730807542800903,0.8556566834449768
YML049C,YOL111C,0,-2.0517085,0.1024026870727539,0.9730807542800903,0.8557567000389099
YBR006W,YMR090W,0,-2.053494,0.10239194333553314,0.9730807542800903,0.8558567762374878
YFL013C,YOR313C,0,-2.0544958,0.10238119959831238,0.9730807542800903,0.8559567928314209
YCL018W,YLL061W,0,-2.0545619,0.10237046331167221,0.9730807542800903,0.856056809425354
YGR077C,YKL189W,0,-2.0549083,0.10235972702503204,0.9730807542800903,0.8561568260192871
YBR278W,YOR168W,0,-2.0551069,0.10234899073839188,0.9730807542800903,0.856256902217865
YMR315W,YDL045W-A,0,-2.0552738,0.1023382619023323,0.9730807542800903,0.8563569188117981
YDR263C,YOR162C,0,-2.0558221,0.10232753306627274,0.9730807542800903,0.8564569354057312
YGR052W,YKR101W,0,-2.0561838,0.10231680423021317,0.9730807542800903,0.8565569519996643
YKL093W,YJL172W,0,-2.0568628,0.10230608284473419,0.9730807542800903,0.8566569685935974
YOR317W,YNL078W,0,-2.0581522,0.10229535400867462,0.9730807542800903,0.8567570447921753
YKL174C,YGL259W,0,-2.05819,0.10228463262319565,0.9730807542800903,0.8568570613861084
YER098W,YBR042C,0,-2.0585542,0.10227391868829727,0.9730807542800903,0.8569570779800415
YDR245W,YDL216C,0,-2.058932,0.1022632047533989,0.9730807542800903,0.8570570945739746
YOR274W,YBR037C,0,-2.05933,0.10225249081850052,0.9730807542800903,0.8571571707725525
YMR008C,YGL004C,0,-2.0597262,0.10224177688360214,0.9730807542800903,0.8572571873664856
YMR182C,YAL017W,0,-2.0597608,0.10223107039928436,0.9730807542800903,0.8573572039604187
YGR052W,YIL094C,0,-2.0599198,0.10222036391496658,0.9730807542800903,0.8574572205543518
YMR039C,YOR353C,0,-2.0605273,0.1022096574306488,0.9730807542800903,0.8575572967529297
YGR010W,YLR129W,0,-2.0606053,0.10219895094633102,0.9730807542800903,0.8576573133468628
YNL006W,YKL168C,0,-2.060708,0.10218825191259384,0.9730807542800903,0.8577573299407959
YPL147W,YEL062W,0,-2.0609055,0.10217755287885666,0.9730807542800903,0.857857346534729
YER090W,YML132W,0,-2.0613484,0.10216686129570007,0.9730807542800903,0.8579573631286621
YMR272C,YOR025W,0,-2.061636,0.10215616226196289,0.9730807542800903,0.85805743932724
YNR028W,YJL149W,0,-2.0620077,0.1021454706788063,0.9730807542800903,0.8581574559211731
YDR304C,YBR281C,0,-2.0622685,0.10213478654623032,0.9730807542800903,0.8582574725151062
YOR147W,YDR109C,0,-2.0634885,0.10212409496307373,0.9730807542800903,0.8583574891090393
YNL160W,YFL010W-A,0,-2.0642238,0.10211341083049774,0.9730807542800903,0.8584575653076172
YIL143C,YLL033W,0,-2.0657969,0.10210272669792175,0.9730807542800903,0.8585575819015503
YJL079C,YPL065W,0,-2.0672805,0.10209205001592636,0.9730807542800903,0.8586575984954834
YML032C,YIL135C,0,-2.0674174,0.10208137333393097,0.9730807542800903,0.8587576150894165
YMR186W,YMR115W,0,-2.067728,0.10207069665193558,0.9730807542800903,0.8588576316833496
YGL183C,YHR077C,0,-2.0682836,0.10206001996994019,0.9730807542800903,0.8589577078819275
YOR084W,YHR082C,0,-2.071452,0.10204935073852539,0.9730807542800903,0.8590577244758606
YHR030C,YOR025W,0,-2.0715806,0.1020386815071106,0.9730807542800903,0.8591577410697937
YMR169C,YJL071W,0,-2.0716999,0.1020280122756958,0.9730807542800903,0.8592577576637268
YNL010W,YOL062C,0,-2.0721724,0.1020173504948616,0.9730807542800903,0.8593578338623047
YGR175C,YOR232W,0,-2.0725677,0.1020066887140274,0.9730807542800903,0.8594578504562378
YLL041C,YBR275C,0,-2.072946,0.1019960269331932,0.9730807542800903,0.8595578670501709
YDL061C,YHR051W,0,-2.0735748,0.1019853726029396,0.9730807542800903,0.859657883644104
YNL178W,YGL241W,0,-2.0738916,0.101974718272686,0.9730807542800903,0.8597579002380371
YDR079W,YML058W-A,0,-2.0739944,0.1019640639424324,0.9730807542800903,0.859857976436615
YNL271C,YGR052W,0,-2.0742278,0.1019534096121788,0.9730807542800903,0.8599579930305481
YGR282C,YCR052W,0,-2.0744784,0.1019427627325058,0.9730807542800903,0.8600580096244812
YDL097C,YOL151W,0,-2.0745578,0.1019321158528328,0.9730807542800903,0.8601580262184143
YCR087C-A,YEL041W,0,-2.0745912,0.10192146897315979,0.9730807542800903,0.8602581024169922
YNL073W,YNL010W,0,-2.074722,0.10191082954406738,0.9730807542800903,0.8603581190109253
YGR180C,YOR304W,0,-2.075155,0.10190019011497498,0.9730807542800903,0.8604581356048584
YAL040C,YOL108C,0,-2.0751827,0.10188955068588257,0.9730807542800903,0.8605581521987915
YPR137W,YJL117W,0,-2.0756514,0.10187891125679016,0.9730807542800903,0.8606581687927246
YBR195C,YFL045C,0,-2.0760353,0.10186827927827835,0.9730807542800903,0.8607582449913025
YHR030C,YER103W,0,-2.0764155,0.10185764729976654,0.9730807542800903,0.8608582615852356
YGL186C,YNL016W,0,-2.0778975,0.10184702277183533,0.9730807542800903,0.8609582781791687
YOR317W,YKL053C-A,0,-2.077999,0.10183639079332352,0.9730807542800903,0.8610582947731018
YBR096W,YHR057C,0,-2.080305,0.1018257662653923,0.9730807542800903,0.8611583709716797
YLR295C,YNL192W,0,-2.0806367,0.10181514918804169,0.9730807542800903,0.8612583875656128
YBR006W,YPL218W,0,-2.0807433,0.10180452466011047,0.9730807542800903,0.8613584041595459
YOR209C,YMR025W,0,-2.0809038,0.10179390758275986,0.9730807542800903,0.861458420753479
YKL085W,YMR240C,0,-2.0812845,0.10178329050540924,0.9730807542800903,0.8615584969520569
YMR284W,YLR429W,0,-2.0821128,0.10177268087863922,0.9730807542800903,0.86165851354599
YOR187W,YIL083C,0,-2.0825343,0.1017620712518692,0.9730807542800903,0.8617585301399231
YKR102W,YEL056W,0,-2.0826168,0.10175146162509918,0.9730807542800903,0.8618585467338562
YLR020C,YKL165C,0,-2.0837603,0.10174085199832916,0.9730807542800903,0.8619585633277893
YGL062W,YER165W,0,-2.0840774,0.10173024982213974,0.9730807542800903,0.8620586395263672
YLR300W,YIR005W,0,-2.0848057,0.10171964764595032,0.9730807542800903,0.8621586561203003
YLR270W,YPL029W,1,-2.084936,0.10181325674057007,0.9740777611732483,0.8621586561203003
YDR196C,YPR204W,0,-2.0853324,0.10180264711380005,0.9740777611732483,0.8622586727142334
YJR010W,YHR082C,0,-2.0860667,0.10179203748703003,0.9740777611732483,0.8623586893081665
YOR176W,YJL004C,0,-2.0865638,0.1017814353108406,0.9740777611732483,0.8624587655067444
YKR055W,YPR083W,0,-2.086614,0.10177083313465118,0.9740777611732483,0.8625587821006775
YDR304C,YNR002C,0,-2.0866954,0.10176023095846176,0.9740777611732483,0.8626587986946106
YGR180C,YNL073W,0,-2.086738,0.10174963623285294,0.9740777611732483,0.8627588152885437
YOL136C,YNL121C,0,-2.0871847,0.10173904150724411,0.9740777611732483,0.8628588318824768
YNL084C,YIL133C,0,-2.0872307,0.10172844678163528,0.9740777611732483,0.8629589080810547
YOR324C,YOR215C,0,-2.0872788,0.10171785205602646,0.9740777611732483,0.8630589246749878
YAR027W,YBR042C,0,-2.0873766,0.10170726478099823,0.9740777611732483,0.8631589412689209
YBR006W,YKL180W,0,-2.0873952,0.10169667750597,0.9740777611732483,0.863258957862854
YPR204W,YPL183W-A,0,-2.0877266,0.10168609768152237,0.9740777611732483,0.8633590340614319
YER035W,YER068W,1,-2.0881476,0.10177958011627197,0.9750747680664062,0.8633590340614319
YMR250W,YML039W,0,-2.0888247,0.10176899284124374,0.9750747680664062,0.863459050655365
YPR162C,YKL001C,0,-2.088858,0.10175839811563492,0.9750747680664062,0.8635590672492981
YIL088C,YMR136W,0,-2.0896125,0.10174781829118729,0.9750747680664062,0.8636590838432312
YMR319C,YPR080W,0,-2.0898938,0.10173723101615906,0.9750747680664062,0.8637591004371643
YDL083C,YPL208W,0,-2.0904446,0.10172665119171143,0.9750747680664062,0.8638591766357422
YDR263C,YOR176W,0,-2.0911407,0.1017160713672638,0.9750747680664062,0.8639591932296753
YDL217C,YJL060W,0,-2.0916219,0.10170549154281616,0.9750747680664062,0.8640592098236084
YGR167W,YLR130C,0,-2.0929933,0.10169491171836853,0.9750747680664062,0.8641592264175415
YJR127C,YDR167W,0,-2.0948303,0.1016843393445015,0.9750747680664062,0.8642593026161194
YDR527W,YNL219C,0,-2.0948567,0.10167376697063446,0.9750747680664062,0.8643593192100525
YKL165C,YDL225W,0,-2.0951493,0.10166320204734802,0.9750747680664062,0.8644593358039856
YBR125C,YGL200C,0,-2.0964503,0.10165263712406158,0.9750747680664062,0.8645593523979187
YPL183W-A,YKL124W,0,-2.0970905,0.10164207220077515,0.9750747680664062,0.8646593689918518
YDL021W,YNL121C,0,-2.0973792,0.10163150727748871,0.9750747680664062,0.8647594451904297
YGR077C,YJL144W,0,-2.0974064,0.10162094980478287,0.9750747680664062,0.8648594617843628
YKR055W,YMR194W,0,-2.0976367,0.10161039233207703,0.9750747680664062,0.8649594783782959
YFR018C,YIL076W,0,-2.0996592,0.10159983485937119,0.9750747680664062,0.865059494972229
YMR267W,YJL095W,0,-2.0997243,0.10158927738666534,0.9750747680664062,0.8651595711708069
YDR473C,YKR006C,0,-2.099793,0.1015787273645401,0.9750747680664062,0.86525958776474
YBR125C,YMR173W,0,-2.1008983,0.10156817734241486,0.9750747680664062,0.8653596043586731
YER008C,YDL142C,0,-2.1009264,0.10155763477087021,0.9750747680664062,0.8654596209526062
YBR066C,YKL041W,0,-2.1009598,0.10154708474874496,0.9750747680664062,0.8655596971511841
YPL007C,YNL208W,0,-2.1011748,0.10153654217720032,0.9750747680664062,0.8656597137451172
YDR026C,YOL101C,0,-2.1011977,0.10152600705623627,0.9750747680664062,0.8657597303390503
YCL032W,YOR313C,0,-2.1012902,0.10151546448469162,0.9750747680664062,0.8658597469329834
YDL070W,YNL080C,0,-2.1017966,0.10150492936372757,0.9750747680664062,0.8659597635269165
YNL008C,YNL202W,0,-2.1022885,0.10149439424276352,0.9750747680664062,0.8660598397254944
YOL111C,YPL129W,0,-2.10256,0.10148386657238007,0.9750747680664062,0.8661598563194275
YFR013W,YKL103C,0,-2.1034803,0.10147333145141602,0.9750747680664062,0.8662598729133606
YNL010W,YOR298W,0,-2.1044798,0.10146280378103256,0.9750747680664062,0.8663598895072937
YLR295C,YCL057W,0,-2.1048524,0.1014522835612297,0.9750747680664062,0.8664599657058716
YPL276W,YDR461W,0,-2.105106,0.10144175589084625,0.9750747680664062,0.8665599822998047
YLR043C,YIL094C,0,-2.105664,0.1014312356710434,0.9750747680664062,0.8666599988937378
YBR238C,YLL040C,0,-2.106338,0.10142072290182114,0.9750747680664062,0.8667600154876709
YJL034W,YLR213C,0,-2.106382,0.10141020268201828,0.9750747680664062,0.866860032081604
YDR454C,YLR300W,0,-2.1065745,0.10139968991279602,0.9750747680664062,0.8669601082801819
YJR006W,YLR043C,0,-2.1067579,0.10138917714357376,0.9750747680664062,0.867060124874115
YBR172C,YBL091C-A,0,-2.106802,0.1013786643743515,0.9750747680664062,0.8671601414680481
YPR167C,YLL043W,0,-2.1069674,0.10136815905570984,0.9750747680664062,0.8672601580619812
YOR148C,YGL148W,0,-2.1072192,0.10135765373706818,0.9750747680664062,0.8673602342605591
YPL218W,YDR218C,0,-2.1085694,0.10134714841842651,0.9750747680664062,0.8674602508544922
YOR020C,YER019C-A,0,-2.1091893,0.10133665055036545,0.9750747680664062,0.8675602674484253
YGL212W,YGL019W,0,-2.1093063,0.10132615268230438,0.9750747680664062,0.8676602840423584
YGR020C,YBL091C-A,0,-2.109601,0.10131565481424332,0.9750747680664062,0.8677603006362915
YOR084W,YCR002C,0,-2.109688,0.10130515694618225,0.9750747680664062,0.8678603768348694
YDL142C,YOR382W,0,-2.1107345,0.10129466652870178,0.9750747680664062,0.8679603934288025
YIL143C,YPL104W,0,-2.1115785,0.10128417611122131,0.9750747680664062,0.8680604100227356
YCR012W,YLR348C,0,-2.1131077,0.10127368569374084,0.9750747680664062,0.8681604266166687
YLR312W-A,YMR099C,0,-2.113402,0.10126320272684097,0.9750747680664062,0.8682605028152466
YLR191W,YOR327C,0,-2.1136289,0.1012527197599411,0.9750747680664062,0.8683605194091797
YJR127C,YGR010W,0,-2.1137433,0.10124223679304123,0.9750747680664062,0.8684605360031128
YNL283C,YBR067C,0,-2.1139176,0.10123175382614136,0.9750747680664062,0.8685605525970459
YOR317W,YHR077C,0,-2.1140018,0.10122127830982208,0.9750747680664062,0.868660569190979
YKR066C,YOR219C,0,-2.1148052,0.10121080279350281,0.9750747680664062,0.8687606453895569
YLR251W,YDR496C,0,-2.1153812,0.10120033472776413,0.9750747680664062,0.86886066198349
YPR042C,YGR195W,1,-2.1154234,0.10129332542419434,0.9760717749595642,0.86886066198349
YLR160C,YLR026C,0,-2.116289,0.10128284990787506,0.9760717749595642,0.8689606785774231
YHR005C-A,YGR185C,0,-2.116809,0.10127236694097519,0.9760717749595642,0.8690606951713562
YPL002C,YKR069W,0,-2.1168666,0.10126189142465591,0.9760717749595642,0.8691607713699341
YGL107C,YGL178W,1,-2.1179757,0.10135484486818314,0.9770687818527222,0.8691607713699341
YCL043C,YNL078W,0,-2.118452,0.10134436190128326,0.9770687818527222,0.8692607879638672
YMR097C,YDL024C,0,-2.1194675,0.10133388638496399,0.9770687818527222,0.8693608045578003
YGR238C,YPR138C,0,-2.1200886,0.10132341086864471,0.9770687818527222,0.8694608211517334
YDR371W,YMR295C,0,-2.1213498,0.10131293535232544,0.9770687818527222,0.8695608973503113
YHR074W,YMR020W,0,-2.1214797,0.10130245983600616,0.9770687818527222,0.8696609139442444
YPL007C,YLR325C,0,-2.1215475,0.10129199177026749,0.9770687818527222,0.8697609305381775
YJR021C,YFR052W,0,-2.121751,0.10128152370452881,0.9770687818527222,0.8698609471321106
YLR043C,YJL081C,0,-2.1240318,0.10127105563879013,0.9770687818527222,0.8699609637260437
YLL003W,YER074W,0,-2.1244197,0.10126058757305145,0.9770687818527222,0.8700610399246216
YJR101W,YBL085W,0,-2.1250446,0.10125012695789337,0.9770687818527222,0.8701610565185547
YGL178W,YER068W,1,-2.1255827,0.10134297609329224,0.9780657887458801,0.8701610565185547
YNL304W,YLR325C,0,-2.1257873,0.10133250802755356,0.9780657887458801,0.8702610731124878
YIL080W,YOR162C,0,-2.1261032,0.10132203996181488,0.9780657887458801,0.8703610897064209
YNR074C,YLR264W,0,-2.1268883,0.1013115793466568,0.9780657887458801,0.8704611659049988
YNL127W,YPL188W,0,-2.1274142,0.10130111873149872,0.9780657887458801,0.8705611824989319
YER087W,YNL307C,0,-2.1284916,0.10129065811634064,0.9780657887458801,0.870661199092865
YIL080W,YJR103W,0,-2.1289208,0.10128019750118256,0.9780657887458801,0.8707612156867981
YJL166W,YDR195W,0,-2.1297166,0.10126974433660507,0.9780657887458801,0.8708612322807312
YLR080W,YKR055W,0,-2.1300445,0.10125929117202759,0.9780657887458801,0.8709613084793091
YGR113W,YHR008C,0,-2.130069,0.1012488380074501,0.9780657887458801,0.8710613250732422
YER165W,YPL104W,0,-2.1306672,0.10123839229345322,0.9780657887458801,0.8711613416671753
YDR138W,YOR020C,0,-2.1309776,0.10122794657945633,0.9780657887458801,0.8712613582611084
YPL104W,YMR143W,0,-2.1313295,0.10121750086545944,0.9780657887458801,0.8713614344596863
YDR429C,YIL083C,0,-2.1315494,0.10120705515146255,0.9780657887458801,0.8714614510536194
YBR261C,YNL219C,0,-2.131804,0.10119661688804626,0.9780657887458801,0.8715614676475525
YCL025C,YIL140W,0,-2.1331668,0.10118617862462997,0.9780657887458801,0.8716614842414856
YPR135W,YPL078C,0,-2.1332839,0.10117574036121368,0.9780657887458801,0.8717615008354187
YPL110C,YDR229W,0,-2.1334064,0.10116530954837799,0.9780657887458801,0.8718615770339966
YJR119C,YFR033C,0,-2.1338885,0.1011548787355423,0.9780657887458801,0.8719615936279297
YOR292C,YGR027C,0,-2.1347623,0.1011444479227066,0.9780657887458801,0.8720616102218628
YDL133C-A,YFL033C,0,-2.1362462,0.10113401710987091,0.9780657887458801,0.8721616268157959
YKL117W,YIL135C,0,-2.1366777,0.10112359374761581,0.9780657887458801,0.8722617030143738
YPR006C,YDR109C,0,-2.1371295,0.10111317038536072,0.9780657887458801,0.8723617196083069
YPL119C,YOR275C,0,-2.1373212,0.10110275447368622,0.9780657887458801,0.87246173620224
YJL004C,YCR011C,0,-2.1374073,0.10109233111143112,0.9780657887458801,0.8725617527961731
YGR113W,YDR226W,0,-2.137609,0.10108191519975662,0.9780657887458801,0.8726617693901062
YDR034C,YAR027W,0,-2.1380713,0.10107149928808212,0.9780657887458801,0.8727618455886841
YPL163C,YER046W,0,-2.138132,0.10106109082698822,0.9780657887458801,0.8728618621826172
YFL033C,YMR136W,0,-2.1385014,0.10105068236589432,0.9780657887458801,0.8729618787765503
YLR429W,YDR337W,0,-2.1386616,0.10104027390480042,0.9780657887458801,0.8730618953704834
YBR183W,YLR187W,0,-2.138705,0.10102986544370651,0.9780657887458801,0.8731619715690613
YDR170C,YHR135C,0,-2.1415968,0.1010194644331932,0.9780657887458801,0.8732619881629944
YCL036W,YBR183W,0,-2.1417344,0.1010090634226799,0.9780657887458801,0.8733620047569275
YDL107W,YCL025C,0,-2.141911,0.1009986624121666,0.9780657887458801,0.8734620213508606
YGR216C,YOL151W,0,-2.1428814,0.10098826140165329,0.9780657887458801,0.8735620975494385
YAL033W,YPL240C,0,-2.1429145,0.10097786784172058,0.9780657887458801,0.8736621141433716
YGL222C,YOR173W,1,-2.1432042,0.10107039660215378,0.9790627956390381,0.8736621141433716
YKL119C,YMR203W,0,-2.1433024,0.10105999559164047,0.9790627956390381,0.8737621307373047
YJR140C,YBR037C,0,-2.1435924,0.10104960203170776,0.9790627956390381,0.8738621473312378
YJR004C,YJL155C,0,-2.143932,0.10103920102119446,0.9790627956390381,0.8739621639251709
YHR030C,YLR394W,0,-2.1441302,0.10102880746126175,0.9790627956390381,0.8740622401237488
YML051W,YDR196C,0,-2.1448753,0.10101841390132904,0.9790627956390381,0.8741622567176819
YHR135C,YDR222W,0,-2.145935,0.10100802034139633,0.9790627956390381,0.874262273311615
YKL180W,YDR226W,0,-2.14696,0.10099763423204422,0.9790627956390381,0.8743622899055481
YGR238C,YDR476C,0,-2.1480656,0.10098724812269211,0.9790627956390381,0.874462366104126
YMR097C,YPL218W,0,-2.1481688,0.10097686201334,0.9790627956390381,0.8745623826980591
YPL094C,YKL117W,0,-2.1485252,0.10096648335456848,0.9790627956390381,0.8746623992919922
YBL085W,YPR006C,0,-2.1487746,0.10095610469579697,0.9790627956390381,0.8747624158859253
YMR137C,YFR052W,0,-2.1488414,0.10094572603702545,0.9790627956390381,0.8748624324798584
YMR008C,YLR301W,0,-2.1491299,0.10093534737825394,0.9790627956390381,0.8749625086784363
YNL335W,YPR043W,0,-2.1495526,0.10092497617006302,0.9790627956390381,0.8750625252723694
YER151C,YCL043C,0,-2.1497018,0.1009146049618721,0.9790627956390381,0.8751625418663025
YDR460W,YMR186W,0,-2.149748,0.10090423375368118,0.9790627956390381,0.8752625584602356
YOL129W,YJL060W,0,-2.1499949,0.10089386254549026,0.9790627956390381,0.8753626346588135
YMR013C,YNL092W,0,-2.1505098,0.10088349878787994,0.9790627956390381,0.8754626512527466
YNL084C,YOL062C,0,-2.1525044,0.10087313503026962,0.9790627956390381,0.8755626678466797
YIL143C,YGR010W,0,-2.1526446,0.1008627787232399,0.9790627956390381,0.8756626844406128
YNL026W,YDL208W,0,-2.1540077,0.10085241496562958,0.9790627956390381,0.8757627010345459
YIL143C,YJL155C,0,-2.1545894,0.10084205865859985,0.9790627956390381,0.8758627772331238
YKR002W,YOL158C,0,-2.15469,0.10083170980215073,0.9790627956390381,0.8759627938270569
YPL094C,YOR204W,0,-2.1546931,0.100821353495121,0.9790627956390381,0.87606281042099
YHR005C-A,YBR080C,0,-2.155047,0.10081100463867188,0.9790627956390381,0.8761628270149231
YOR291W,YLR344W,0,-2.1552231,0.10080065578222275,0.9790627956390381,0.876262903213501
YNL016W,YOR173W,1,-2.1555028,0.10089294612407684,0.980059802532196,0.876262903213501
YMR112C,YKL180W,0,-2.155641,0.10088259726762772,0.980059802532196,0.8763629198074341
YML030W,YNL208W,0,-2.1560938,0.10087224096059799,0.980059802532196,0.8764629364013672
YLR219W,YGL071W,0,-2.156197,0.10086189210414886,0.980059802532196,0.8765629529953003
YDL084W,YPL087W,0,-2.1563442,0.10085154324769974,0.980059802532196,0.8766629695892334
YMR272C,YOR226C,0,-2.1564188,0.10084120184183121,0.980059802532196,0.8767630457878113
YBR006W,YKL203C,0,-2.1567752,0.10083085298538208,0.980059802532196,0.8768630623817444
YBR002C,YPR035W,0,-2.1569006,0.10082051157951355,0.980059802532196,0.8769630789756775
YDR353W,YER171W,0,-2.1575973,0.10081017017364502,0.980059802532196,0.8770630955696106
YDL165W,YKL208W,1,-2.1577818,0.10090237855911255,0.981056809425354,0.8770630955696106
YLR447C,YNL284C,0,-2.1578007,0.10089202970266342,0.981056809425354,0.8771631717681885
YER013W,YML128C,0,-2.157963,0.10088168829679489,0.981056809425354,0.8772631883621216
YJR138W,YPR125W,0,-2.15867,0.10087134689092636,0.981056809425354,0.8773632049560547
YDR082W,YNL274C,0,-2.1600418,0.10086100548505783,0.981056809425354,0.8774632215499878
YNR002C,YDR497C,0,-2.1608803,0.1008506715297699,0.981056809425354,0.8775632977485657
YKL170W,YPR119W,0,-2.1616116,0.10084033757448196,0.981056809425354,0.8776633143424988
YER022W,YOR237W,0,-2.1635962,0.10083000361919403,0.981056809425354,0.8777633309364319
YEL012W,YIL080W,0,-2.1636732,0.1008196696639061,0.981056809425354,0.877863347530365
YDL054C,YCR026C,0,-2.1666358,0.10080934315919876,0.981056809425354,0.8779633641242981
YHR029C,YOR327C,0,-2.1676035,0.10079901665449142,0.981056809425354,0.878063440322876
YHL034C,YDL035C,0,-2.168881,0.10078869014978409,0.981056809425354,0.8781634569168091
YBR294W,YLR113W,0,-2.1694174,0.10077837109565735,0.981056809425354,0.8782634735107422
YGL225W,YNL121C,0,-2.1694725,0.10076805204153061,0.981056809425354,0.8783634901046753
YGR255C,YOR222W,0,-2.1694725,0.10075773298740387,0.981056809425354,0.8784635663032532
YDR164C,YBR187W,0,-2.1696496,0.10074741393327713,0.981056809425354,0.8785635828971863
YEL012W,YGL019W,0,-2.1696692,0.10073710232973099,0.981056809425354,0.8786635994911194
YML073C,YKL038W,0,-2.1699178,0.10072679072618484,0.981056809425354,0.8787636160850525
YPL087W,YGL163C,0,-2.1702425,0.1007164791226387,0.981056809425354,0.8788636326789856
YBL058W,YDL040C,0,-2.1703024,0.10070617496967316,0.981056809425354,0.8789637088775635
YOL158C,YLR309C,0,-2.1704354,0.10069586336612701,0.981056809425354,0.8790637254714966
YPL113C,YDR281C,0,-2.1710181,0.10068555921316147,0.981056809425354,0.8791637420654297
YNL202W,YCL025C,0,-2.1726065,0.10067526251077652,0.981056809425354,0.8792637586593628
YNL131W,YJL095W,0,-2.1729808,0.10066495835781097,0.981056809425354,0.8793638348579407
YBR278W,YOR382W,0,-2.1734762,0.10065466165542603,0.981056809425354,0.8794638514518738
YBR294W,YPR127W,0,-2.1746407,0.10064437240362167,0.981056809425354,0.8795638680458069
YIL094C,YER168C,0,-2.1747742,0.10063407570123672,0.981056809425354,0.87966388463974
YDR079W,YIL021W,0,-2.1750407,0.10062378644943237,0.981056809425354,0.8797639012336731
YPR035W,YDR429C,0,-2.1754196,0.10061349719762802,0.981056809425354,0.879863977432251
YGL010W,YJL079C,0,-2.1757708,0.10060320794582367,0.981056809425354,0.8799639940261841
YGR180C,YMR005W,0,-2.1762598,0.10059292614459991,0.981056809425354,0.8800640106201172
YER103W,YMR273C,0,-2.1764817,0.10058264434337616,0.981056809425354,0.8801640272140503
YGR252W,YJL144W,0,-2.1768374,0.1005723625421524,0.981056809425354,0.8802641034126282
YGR175C,YOR089C,0,-2.177257,0.10056208819150925,0.981056809425354,0.8803641200065613
YPR194C,YOL142W,0,-2.1781297,0.10055180639028549,0.981056809425354,0.8804641366004944
YLR025W,YPR198W,0,-2.1783366,0.10054153203964233,0.981056809425354,0.8805641531944275
YDR476C,YHR051W,0,-2.178859,0.10053126513957977,0.981056809425354,0.8806641697883606
YPR113W,YMR300C,0,-2.1789246,0.10052099078893661,0.981056809425354,0.8807642459869385
YGL225W,YGR077C,0,-2.1791873,0.10051072388887405,0.981056809425354,0.8808642625808716
YDR090C,YMR238W,0,-2.179398,0.10050045698881149,0.981056809425354,0.8809642791748047
YPR072W,YJR091C,1,-2.1799564,0.10059232264757156,0.982053816318512,0.8809642791748047
YER017C,YLR359W,0,-2.1811647,0.1005820482969284,0.982053816318512,0.8810642957687378
YIL128W,YML058W-A,0,-2.1819267,0.10057178139686584,0.982053816318512,0.8811643719673157
YLR187W,YJL213W,0,-2.1819954,0.10056151449680328,0.982053816318512,0.8812643885612488
YMR169C,YDL140C,0,-2.1839797,0.10055124759674072,0.982053816318512,0.8813644051551819
YNL073W,YHL034C,0,-2.184593,0.10054098069667816,0.982053816318512,0.881464421749115
YDR530C,YJL079C,0,-2.184669,0.1005307212471962,0.982053816318512,0.8815644979476929
YGR255C,YMR136W,0,-2.1848316,0.10052046179771423,0.982053816318512,0.881664514541626
YDL022W,YLR213C,0,-2.184873,0.10051020234823227,0.982053816318512,0.8817645311355591
YOR304C-A,YGR238C,0,-2.1855755,0.1004999503493309,0.982053816318512,0.8818645477294922
YLR270W,YPR072W,1,-2.1860678,0.10059171915054321,0.9830508232116699,0.8818645477294922
YHR079C,YDL045C,0,-2.1874123,0.10058145225048065,0.9830508232116699,0.8819645643234253
YLR203C,YNR006W,0,-2.188787,0.10057119280099869,0.9830508232116699,0.8820646405220032
YFR033C,YDR109C,0,-2.1895475,0.10056094080209732,0.9830508232116699,0.8821646571159363
YNR057C,YJL171C,0,-2.1897252,0.10055068135261536,0.9830508232116699,0.8822646737098694
YLR191W,YBR037C,0,-2.191623,0.10054042935371399,0.9830508232116699,0.8823646903038025
YNL178W,YJR103W,0,-2.1919942,0.10053017735481262,0.9830508232116699,0.8824647665023804
YJR078W,YCL052C,0,-2.1920662,0.10051993280649185,0.9830508232116699,0.8825647830963135
YKR071C,YMR203W,0,-2.1921525,0.10050968080759048,0.9830508232116699,0.8826647996902466
YPL098C,YHR039C-A,0,-2.1924338,0.10049943625926971,0.9830508232116699,0.8827648162841797
YOR338W,YGR027C,0,-2.192566,0.10048919916152954,0.9830508232116699,0.8828648328781128
YKL067W,YBL092W,0,-2.1926231,0.10047895461320877,0.9830508232116699,0.8829649090766907
YLR043C,YER087W,0,-2.192857,0.1004687175154686,0.9830508232116699,0.8830649256706238
YLR452C,YJL166W,0,-2.1933262,0.10045848041772842,0.9830508232116699,0.8831649422645569
YJR078W,YGL220W,0,-2.1942225,0.10044825077056885,0.9830508232116699,0.88326495885849
YMR173W,YHR119W,0,-2.194975,0.10043801367282867,0.9830508232116699,0.8833650350570679
YJL103C,YHR057C,0,-2.1954873,0.1004277840256691,0.9830508232116699,0.883465051651001
YGR221C,YNL208W,0,-2.195744,0.10041755437850952,0.9830508232116699,0.8835650682449341
YDR419W,YDR218C,0,-2.195876,0.10040733218193054,0.9830508232116699,0.8836650848388672
YDL083C,YGL148W,0,-2.196097,0.10039710998535156,0.9830508232116699,0.8837651014328003
YLR129W,YHR051W,0,-2.1972106,0.10038688778877258,0.9830508232116699,0.8838651776313782
YPR167C,YER175C,0,-2.1976798,0.1003766655921936,0.9830508232116699,0.8839651942253113
YGR216C,YDL128W,0,-2.1977806,0.10036645084619522,0.9830508232116699,0.8840652108192444
YKR057W,YPL274W,0,-2.1983256,0.10035623610019684,0.9830508232116699,0.8841652274131775
YDR411C,YGR180C,0,-2.19903,0.10034602135419846,0.9830508232116699,0.8842653036117554
YCR030C,YHR175W,0,-2.2000957,0.10033580660820007,0.9830508232116699,0.8843653202056885
YPR042C,YKL009W,1,-2.2004232,0.10042735189199448,0.9840478301048279,0.8843653202056885
YDR263C,YLR344W,0,-2.2006967,0.1004171296954155,0.9840478301048279,0.8844653367996216
YMR019W,YLR029C,0,-2.2012057,0.10040691494941711,0.9840478301048279,0.8845653533935547
YLR289W,YPL110C,0,-2.2027075,0.10039670765399933,0.9840478301048279,0.8846653699874878
YKL093W,YIL076W,0,-2.2029479,0.10038649290800095,0.9840478301048279,0.8847654461860657
YEL052W,YIL134W,0,-2.2032027,0.10037628561258316,0.9840478301048279,0.8848654627799988
YLL034C,YOL101C,0,-2.2038875,0.10036607831716537,0.9840478301048279,0.8849654793739319
YHR164C,YNL274C,0,-2.204445,0.10035587102174759,0.9840478301048279,0.885065495967865
YJR051W,YLR219W,0,-2.205067,0.1003456711769104,0.9840478301048279,0.8851655721664429
YCL025C,YNL307C,0,-2.2053204,0.10033547133207321,0.9840478301048279,0.885265588760376
YPL274W,YMR099C,0,-2.205346,0.10032527148723602,0.9840478301048279,0.8853656053543091
YDL021W,YJR031C,0,-2.207003,0.10031507164239883,0.9840478301048279,0.8854656219482422
YDL021W,YLR389C,0,-2.2073183,0.10030487924814224,0.9840478301048279,0.8855656981468201
YML112W,YDL215C,0,-2.2073307,0.10029468685388565,0.9840478301048279,0.8856657147407532
YNR060W,YPL065W,0,-2.2073479,0.10028449445962906,0.9840478301048279,0.8857657313346863
YPL129W,YIL140W,0,-2.2077966,0.10027430951595306,0.9840478301048279,0.8858657479286194
YAL016W,YNL307C,0,-2.2078037,0.10026411712169647,0.9840478301048279,0.8859657645225525
YGR258C,YLR359W,0,-2.2080235,0.10025393962860107,0.9840478301048279,0.8860658407211304
YKR068C,YLR151C,0,-2.2091694,0.10024375468492508,0.9840478301048279,0.8861658573150635
YOL026C,YDR508C,0,-2.20973,0.10023357719182968,0.9840478301048279,0.8862658739089966
YKR101W,YBR093C,0,-2.2103975,0.10022339224815369,0.9840478301048279,0.8863658905029297
YPR187W,YDL198C,0,-2.210588,0.10021322220563889,0.9840478301048279,0.8864659667015076
YJR057W,YKR066C,0,-2.211413,0.10020304471254349,0.9840478301048279,0.8865659832954407
YDR079W,YNL006W,0,-2.2120209,0.10019287467002869,0.9840478301048279,0.8866659998893738
YOR230W,YMR273C,0,-2.21236,0.10018270462751389,0.9840478301048279,0.8867660164833069
YDR285W,YKR066C,0,-2.2131915,0.10017253458499908,0.9840478301048279,0.88686603307724
YDR034C,YHL027W,0,-2.213337,0.10016237199306488,0.9840478301048279,0.8869661092758179
YOL038W,YAL017W,0,-2.213886,0.10015220940113068,0.9840478301048279,0.887066125869751
YDR079W,YBR026C,0,-2.214271,0.10014204680919647,0.9840478301048279,0.8871661424636841
YOR304W,YML058W-A,0,-2.214571,0.10013188421726227,0.9840478301048279,0.8872661590576172
YBR059C,YDL054C,0,-2.2160387,0.10012172907590866,0.9840478301048279,0.8873662352561951
YER055C,YMR136W,0,-2.2162397,0.10011157393455505,0.9840478301048279,0.8874662518501282
YHR060W,YPR159W,0,-2.2166123,0.10010141879320145,0.9840478301048279,0.8875662684440613
YNR057C,YML132W,0,-2.2168646,0.10009127110242844,0.9840478301048279,0.8876662850379944
YOR142W,YPR125W,0,-2.217232,0.10008111596107483,0.9840478301048279,0.8877663016319275
YMR180C,YJR040W,0,-2.2175646,0.10007097572088242,0.9840478301048279,0.8878663778305054
YDL142C,YMR246W,0,-2.217644,0.1000608280301094,0.9840478301048279,0.8879663944244385
YBR080C,YCR011C,0,-2.219109,0.10005068778991699,0.9840478301048279,0.8880664110183716
YGL220W,YML128C,0,-2.2211668,0.10004054009914398,0.9840478301048279,0.8881664276123047
YBR120C,YDR494W,0,-2.2234497,0.10003040730953217,0.9840478301048279,0.8882665038108826
YOR239W,YMR034C,0,-2.2239742,0.10002026706933975,0.9840478301048279,0.8883665204048157
YGR282C,YBR072W,0,-2.2244658,0.10001013427972794,0.9840478301048279,0.8884665369987488
YGL186C,YIL133C,0,-2.2250228,0.10000000149011612,0.9840478301048279,0.8885665535926819
YDL021W,YGR171C,0,-2.225196,0.0999898687005043,0.9840478301048279,0.888666570186615
YOR237W,YOR008C,0,-2.2253528,0.09997974336147308,0.9840478301048279,0.8887666463851929
YGL037C,YDL227C,0,-2.225861,0.09996961057186127,0.9840478301048279,0.888866662979126
YER162C,YLR042C,0,-2.2261143,0.09995949268341064,0.9840478301048279,0.8889666795730591
YMR173W,YKL210W,0,-2.2261863,0.09994936734437943,0.9840478301048279,0.8890666961669922
YOL038W,YLR028C,0,-2.2263803,0.0999392494559288,0.9840478301048279,0.8891667723655701
YLL061W,YDR392W,0,-2.2268739,0.09992913156747818,0.9840478301048279,0.8892667889595032
YDL036C,YKL103C,0,-2.2271538,0.09991901367902756,0.9840478301048279,0.8893668055534363
YBL089W,YNL219C,0,-2.227817,0.09990889579057693,0.9840478301048279,0.8894668221473694
YMR276W,YMR228W,0,-2.2279425,0.09989878535270691,0.9840478301048279,0.8895668983459473
YER125W,YFL057C,0,-2.2283888,0.09988867491483688,0.9840478301048279,0.8896669149398804
YML058W-A,YBL026W,0,-2.2296796,0.09987856447696686,0.9840478301048279,0.8897669315338135
YJR151C,YBL041W,0,-2.2297316,0.09986846148967743,0.9840478301048279,0.8898669481277466
YHR029C,YNL290W,0,-2.232074,0.099858358502388,0.9840478301048279,0.8899669647216797
YHR179W,YJL004C,0,-2.2323234,0.09984825551509857,0.9840478301048279,0.8900670409202576
YPR024W,YLR301W,0,-2.2323644,0.09983815252780914,0.9840478301048279,0.8901670575141907
YNL153C,YBR282W,0,-2.233955,0.09982805699110031,0.9840478301048279,0.8902670741081238
YNR031C,YML128C,0,-2.2340832,0.09981796145439148,0.9840478301048279,0.8903670907020569
YPR113W,YBR276C,0,-2.2346706,0.09980786591768265,0.9840478301048279,0.8904671669006348
YJR138W,YNR002C,0,-2.234786,0.09979777783155441,0.9840478301048279,0.8905671834945679
YLR285W,YNL138W,0,-2.235209,0.09978768229484558,0.9840478301048279,0.890667200088501
YAL040C,YGL259W,0,-2.2373137,0.09977760165929794,0.9840478301048279,0.8907672166824341
YGL236C,YOR285W,0,-2.2386312,0.09976751357316971,0.9840478301048279,0.8908672332763672
YDL055C,YLR251W,0,-2.238906,0.09975742548704147,0.9840478301048279,0.8909673094749451
YNL202W,YBL068W,0,-2.2398252,0.09974734485149384,0.9840478301048279,0.8910673260688782
YMR090W,YBL085W,0,-2.2398376,0.0997372642159462,0.9840478301048279,0.8911673426628113
YDL029W,YPL087W,0,-2.2402906,0.09972719103097916,0.9840478301048279,0.8912673592567444
YJR101W,YFR052W,0,-2.2414703,0.09971711784601212,0.9840478301048279,0.8913674354553223
YMR077C,YGR255C,0,-2.2419336,0.09970704466104507,0.9840478301048279,0.8914674520492554
YJL079C,YBR096W,0,-2.2428212,0.09969697147607803,0.9840478301048279,0.8915674686431885
YDR196C,YOR212W,0,-2.2433877,0.09968689829111099,0.9840478301048279,0.8916674852371216
YDL202W,YAL024C,0,-2.2434363,0.09967683255672455,0.9840478301048279,0.8917675018310547
YDR062W,YKL095W,0,-2.244853,0.0996667668223381,0.9840478301048279,0.8918675780296326
YOL093W,YOR020C,0,-2.244988,0.09965670108795166,0.9840478301048279,0.8919675946235657
YNL026W,YPR160W,0,-2.2457247,0.09964664280414581,0.9840478301048279,0.8920676112174988
YGL172W,YGR258C,0,-2.2462387,0.09963658452033997,0.9840478301048279,0.8921676278114319
YAL038W,YPL007C,0,-2.247525,0.09962652623653412,0.9840478301048279,0.8922677040100098
YBR095C,YER052C,0,-2.2476768,0.09961646795272827,0.9840478301048279,0.8923677206039429
YGR180C,YJL006C,0,-2.2524157,0.09960641711950302,0.9840478301048279,0.892467737197876
YLR191W,YDL097C,0,-2.2530668,0.09959636628627777,0.9840478301048279,0.8925677537918091
YNL283C,YCR012W,0,-2.2544117,0.09958631545305252,0.9840478301048279,0.892667829990387
YEL062W,YLR164W,0,-2.2551835,0.09957627207040787,0.9840478301048279,0.8927678465843201
YJR147W,YJR103W,0,-2.2556894,0.09956622868776321,0.9840478301048279,0.8928678631782532
YCR030C,YER165W,0,-2.2574823,0.09955618530511856,0.9840478301048279,0.8929678797721863
YEL012W,YLR316C,0,-2.2575212,0.09954614192247391,0.9840478301048279,0.8930678963661194
YLR219W,YGL220W,0,-2.2579017,0.09953610599040985,0.9840478301048279,0.8931679725646973
YPR035W,YDL055C,0,-2.2583203,0.0995260700583458,0.9840478301048279,0.8932679891586304
YGR180C,YPR163C,0,-2.2596164,0.09951603412628174,0.9840478301048279,0.8933680057525635
YBL098W,YOL108C,0,-2.260236,0.09950599819421768,0.9840478301048279,0.8934680223464966
YIL108W,YAL039C,0,-2.2610683,0.09949596971273422,0.9840478301048279,0.8935680985450745
YIL143C,YOR126C,0,-2.2611165,0.09948594123125076,0.9840478301048279,0.8936681151390076
YGR052W,YJL079C,0,-2.2613347,0.0994759127497673,0.9840478301048279,0.8937681317329407
YKL067W,YBR010W,0,-2.2614856,0.09946588426828384,0.9840478301048279,0.8938681483268738
YPR191W,YAR027W,0,-2.261788,0.09945586323738098,0.9840478301048279,0.8939681649208069
YJR040W,YMR099C,0,-2.261977,0.09944584220647812,0.9840478301048279,0.8940682411193848
YDR405W,YNL236W,0,-2.2632277,0.09943582862615585,0.9840478301048279,0.8941682577133179
YJR107W,YOL111C,0,-2.2638316,0.09942580759525299,0.9840478301048279,0.894268274307251
YLL029W,YLR452C,0,-2.2641387,0.09941579401493073,0.9840478301048279,0.8943682909011841
YBR125C,YOR020C,0,-2.2655187,0.09940578043460846,0.9840478301048279,0.894468367099762
YPR194C,YNR035C,0,-2.2655787,0.0993957668542862,0.9840478301048279,0.8945683836936951
YHR174W,YNL298W,0,-2.2667027,0.09938576072454453,0.9840478301048279,0.8946684002876282
YDR449C,YBR026C,0,-2.267593,0.09937575459480286,0.9840478301048279,0.8947684168815613
YDL140C,YMR186W,0,-2.2677007,0.09936574846506119,0.9840478301048279,0.8948684334754944
YFR031C,YPR149W,0,-2.2677321,0.09935574978590012,0.9840478301048279,0.8949685096740723
YNL172W,YOR317W,0,-2.2699847,0.09934574365615845,0.9840478301048279,0.8950685262680054
YMR038C,YBR155W,0,-2.270211,0.09933575242757797,0.9840478301048279,0.8951685428619385
YPR072W,YOR173W,1,-2.272472,0.09942638874053955,0.9850448369979858,0.8951685428619385
YOR304W,YOR020C,0,-2.273531,0.09941638261079788,0.9850448369979858,0.8952685594558716
YLR080W,YHR164C,0,-2.2739599,0.09940637648105621,0.9850448369979858,0.8953686356544495
YNL271C,YHR051W,0,-2.2761176,0.09939637780189514,0.9850448369979858,0.8954686522483826
YHR175W,YIL042C,0,-2.2763963,0.09938637912273407,0.9850448369979858,0.8955686688423157
YKL182W,YMR114C,0,-2.2776537,0.099376380443573,0.9850448369979858,0.8956686854362488
YDR067C,YJR078W,0,-2.277761,0.09936638921499252,0.9850448369979858,0.8957687020301819
YOR215C,YHR082C,0,-2.2782676,0.09935639798641205,0.9850448369979858,0.8958687782287598
YBR145W,YLR042C,0,-2.2783642,0.09934640675783157,0.9850448369979858,0.8959687948226929
YBR196C,YKR102W,0,-2.2795324,0.0993364155292511,0.9850448369979858,0.896068811416626
YEL012W,YJL130C,0,-2.28039,0.09932643175125122,0.9850448369979858,0.8961688280105591
YGR282C,YCL052C,0,-2.2816424,0.09931644797325134,0.9850448369979858,0.896268904209137
YGR180C,YIL095W,0,-2.2818089,0.09930646419525146,0.9850448369979858,0.8963689208030701
YDR233C,YPR001W,0,-2.2827516,0.09929648041725159,0.9850448369979858,0.8964689373970032
YDR512C,YLR348C,0,-2.2830992,0.0992865040898323,0.9850448369979858,0.8965689539909363
YLR380W,YPL129W,0,-2.2835217,0.09927652776241302,0.9850448369979858,0.8966690301895142
YMR300C,YLR160C,0,-2.2837875,0.09926655143499374,0.9850448369979858,0.8967690467834473
YLR191W,YBR066C,0,-2.2843587,0.09925658255815506,0.9850448369979858,0.8968690633773804
YCL043C,YCL025C,0,-2.2843595,0.09924660623073578,0.9850448369979858,0.8969690799713135
YMR112C,YNL274C,0,-2.2850423,0.09923664480447769,0.9850448369979858,0.8970690965652466
YLR043C,YHR051W,0,-2.2850897,0.09922667592763901,0.9850448369979858,0.8971691727638245
YEL012W,YDR497C,0,-2.2858531,0.09921670705080032,0.9850448369979858,0.8972691893577576
YGR012W,YPL218W,0,-2.2865984,0.09920674562454224,0.9850448369979858,0.8973692059516907
YLR395C,YBR006W,0,-2.2877078,0.09919678419828415,0.9850448369979858,0.8974692225456238
YDL165W,YDR206W,1,-2.2901144,0.09928721934556961,0.9860419034957886,0.8974692225456238
YPL274W,YER002W,0,-2.2918649,0.09927725046873093,0.9860419034957886,0.8975692987442017
YKL038W,YNL239W,0,-2.293322,0.09926728904247284,0.9860419034957886,0.8976693153381348
YDL054C,YDR410C,0,-2.29403,0.09925732761621475,0.9860419034957886,0.8977693319320679
YBL085W,YKL085W,0,-2.2953184,0.09924736618995667,0.9860419034957886,0.897869348526001
YBR196C,YKL117W,0,-2.2955847,0.09923740476369858,0.9860419034957886,0.8979693651199341
YKL206C,YMR099C,0,-2.2956245,0.09922745078802109,0.9860419034957886,0.898069441318512
YBR177C,YGL060W,0,-2.2961164,0.0992174968123436,0.9860419034957886,0.8981694579124451
YGL062W,YER101C,0,-2.2961605,0.09920754283666611,0.9860419034957886,0.8982694745063782
YBL058W,YPR125W,0,-2.29656,0.09919759631156921,0.9860419034957886,0.8983694911003113
YGL225W,YPR200C,0,-2.2966962,0.09918764233589172,0.9860419034957886,0.8984695672988892
YLR452C,YKL117W,0,-2.2968998,0.09917769581079483,0.9860419034957886,0.8985695838928223
YLR020C,YNL202W,0,-2.296986,0.09916774928569794,0.9860419034957886,0.8986696004867554
YOL107W,YBR238C,0,-2.298318,0.09915781021118164,0.9860419034957886,0.8987696170806885
YKL190W,YPR200C,0,-2.29885,0.09914787113666534,0.9860419034957886,0.8988696336746216
YMR250W,YJR133W,0,-2.2991285,0.09913793206214905,0.9860419034957886,0.8989697098731995
YKL180W,YOL107W,0,-2.3003154,0.09912799298763275,0.9860419034957886,0.8990697264671326
YOL062C,YPR138C,0,-2.301433,0.09911806136369705,0.9860419034957886,0.8991697430610657
YLR301W,YNL298W,0,-2.3021617,0.09910812973976135,0.9860419034957886,0.8992697596549988
YPR002W,YBR115C,0,-2.3023026,0.09909819811582565,0.9860419034957886,0.8993698358535767
YER162C,YPR160W,0,-2.3023663,0.09908826649188995,0.9860419034957886,0.8994698524475098
YNL127W,YGR282C,0,-2.3027654,0.09907834231853485,0.9860419034957886,0.8995698690414429
YFR033C,YBR093C,0,-2.3030682,0.09906841814517975,0.9860419034957886,0.899669885635376
YEL012W,YHR041C,0,-2.3034167,0.09905849397182465,0.9860419034957886,0.8997699022293091
YGL112C,YLR164W,0,-2.3045735,0.09904856979846954,0.9860419034957886,0.899869978427887
YGR268C,YMR186W,0,-2.3057203,0.09903865307569504,0.9860419034957886,0.8999699950218201
YOL112W,YPR002W,0,-2.3058057,0.09902873635292053,0.9860419034957886,0.9000700116157532
YGR032W,YOL054W,0,-2.3059487,0.09901881963014603,0.9860419034957886,0.9001700282096863
YER125W,YHR119W,0,-2.3071182,0.09900891035795212,0.9860419034957886,0.9002701044082642
YOL155C,YML056C,0,-2.3074715,0.09899900108575821,0.9860419034957886,0.9003701210021973
YDR174W,YOR232W,0,-2.3084667,0.0989890918135643,0.9860419034957886,0.9004701375961304
YDR453C,YER130C,0,-2.3099964,0.09897918254137039,0.9860419034957886,0.9005701541900635
YMR114C,YJL130C,0,-2.3110032,0.09896928071975708,0.9860419034957886,0.9006702303886414
YJR149W,YHR051W,0,-2.3114734,0.09895937889814377,0.9860419034957886,0.9007702469825745
YPR171W,YIL042C,0,-2.3119683,0.09894947707653046,0.9860419034957886,0.9008702635765076
YDR064W,YPL042C,0,-2.3119779,0.09893957525491714,0.9860419034957886,0.9009702801704407
YOL086C,YDR131C,0,-2.3121734,0.09892968088388443,0.9860419034957886,0.9010702967643738
YGR144W,YHR174W,0,-2.3127494,0.09891978651285172,0.9860419034957886,0.9011703729629517
YMR114C,YLR209C,0,-2.3131485,0.098909892141819,0.9860419034957886,0.9012703895568848
YOL026C,YPL098C,0,-2.3144245,0.09889999777078629,0.9860419034957886,0.9013704061508179
YBR006W,YLR228C,0,-2.3149204,0.09889011085033417,0.9860419034957886,0.901470422744751
YMR218C,YFR052W,0,-2.3153622,0.09888022392988205,0.9860419034957886,0.9015704989433289
YDR245W,YPR200C,0,-2.315691,0.09887033700942993,0.9860419034957886,0.901670515537262
YLR329W,YCL057W,0,-2.3161898,0.09886045753955841,0.9860419034957886,0.9017705321311951
YCR030C,YPL134C,0,-2.3169308,0.09885057806968689,0.9860419034957886,0.9018705487251282
YDL055C,YDR229W,0,-2.3170214,0.09884069859981537,0.9860419034957886,0.9019705653190613
YJL066C,YFR019W,0,-2.3178568,0.09883081912994385,0.9860419034957886,0.9020706415176392
YOL136C,YPL096W,0,-2.3181348,0.09882093966007233,0.9860419034957886,0.9021706581115723
YML073C,YDL198C,0,-2.318503,0.0988110676407814,0.9860419034957886,0.9022706747055054
YPR026W,YLR380W,0,-2.3190842,0.09880119562149048,0.9860419034957886,0.9023706912994385
YAL063C,YDR353W,0,-2.3195894,0.09879133105278015,0.9860419034957886,0.9024707674980164
YBR278W,YLL040C,0,-2.3209183,0.09878145903348923,0.9860419034957886,0.9025707840919495
YOL165C,YBR170C,0,-2.3219,0.0987715944647789,0.9860419034957886,0.9026708006858826
YCL043C,YOR219C,0,-2.3229768,0.09876172989606857,0.9860419034957886,0.9027708172798157
YPR189W,YGL037C,0,-2.3231544,0.09875187277793884,0.9860419034957886,0.9028708338737488
YDL097C,YPR160W,0,-2.3233953,0.09874201565980911,0.9860419034957886,0.9029709100723267
YBL091C-A,YDR429C,0,-2.3235655,0.09873215854167938,0.9860419034957886,0.9030709266662598
YER150W,YOR377W,0,-2.3241487,0.09872230142354965,0.9860419034957886,0.9031709432601929
YPL183W-A,YJL128C,0,-2.3257918,0.09871244430541992,0.9860419034957886,0.903270959854126
YLR136C,YGL122C,1,-2.3264484,0.09880239516496658,0.9870389103889465,0.903270959854126
YPL094C,YER171W,0,-2.3273108,0.09879253804683685,0.9870389103889465,0.9033710360527039
YPR149W,YMR046C,0,-2.3284614,0.09878268092870712,0.9870389103889465,0.903471052646637
YPL110C,YBR243C,0,-2.3287728,0.09877282381057739,0.9870389103889465,0.9035710692405701
YOL111C,YAL039C,0,-2.3287773,0.09876296669244766,0.9870389103889465,0.9036710858345032
YFL014W,YMR075W,0,-2.3291707,0.09875311702489853,0.9870389103889465,0.9037711024284363
YBR081C,YBR230C,0,-2.3295255,0.0987432673573494,0.9870389103889465,0.9038711786270142
YOL026C,YIR039C,0,-2.330263,0.09873341768980026,0.9870389103889465,0.9039711952209473
YPL110C,YBR145W,0,-2.3304954,0.09872357547283173,0.9870389103889465,0.9040712118148804
YJL172W,YBR072W,0,-2.33099,0.09871373325586319,0.9870389103889465,0.9041712284088135
YJR040W,YBR093C,0,-2.3316069,0.09870389103889465,0.9870389103889465,0.9042713046073914
YJR021C,YGL019W,0,-2.3316686,0.09869404882192612,0.9870389103889465,0.9043713212013245
YMR136W,YNR010W,0,-2.331785,0.09868421405553818,0.9870389103889465,0.9044713377952576
YIL143C,YNL044W,0,-2.3322372,0.09867437183856964,0.9870389103889465,0.9045713543891907
YIL143C,YMR090W,0,-2.3328753,0.0986645370721817,0.9870389103889465,0.9046714305877686
YGR077C,YNR028W,0,-2.3329353,0.09865470975637436,0.9870389103889465,0.9047714471817017
YDL171C,YLR164W,0,-2.334158,0.09864487498998642,0.9870389103889465,0.9048714637756348
YDR059C,YNL219C,0,-2.3347435,0.09863504767417908,0.9870389103889465,0.9049714803695679
YDR530C,YMR143W,0,-2.3349822,0.09862522780895233,0.9870389103889465,0.905071496963501
YDR174W,YJL178C,0,-2.3357177,0.09861540049314499,0.9870389103889465,0.9051715731620789
YMR137C,YBR173C,0,-2.3359327,0.09860558062791824,0.9870389103889465,0.905271589756012
YGL010W,YFR052W,0,-2.3360178,0.0985957607626915,0.9870389103889465,0.9053716063499451
YFL057C,YMR246W,0,-2.336186,0.09858594089746475,0.9870389103889465,0.9054716229438782
YOR212W,YML112W,0,-2.3370757,0.098576121032238,0.9870389103889465,0.905571699142456
YPR001W,YLR285W,0,-2.3371964,0.09856630861759186,0.9870389103889465,0.9056717157363892
YMR008C,YEL036C,0,-2.3377912,0.09855649620294571,0.9870389103889465,0.9057717323303223
YPR149W,YPL104W,0,-2.3386676,0.09854668378829956,0.9870389103889465,0.9058717489242554
YDR405W,YGR034W,0,-2.3386893,0.09853687882423401,0.9870389103889465,0.9059717655181885
YGR221C,YMR250W,0,-2.338849,0.09852706640958786,0.9870389103889465,0.9060718417167664
YMR169C,YJR010W,0,-2.3393316,0.0985172688961029,0.9870389103889465,0.9061718583106995
YOR176W,YMR137C,0,-2.3409476,0.09850746393203735,0.9870389103889465,0.9062718749046326
YOR232W,YDR508C,0,-2.3428907,0.0984976589679718,0.9870389103889465,0.9063718914985657
YFR033C,YDR062W,0,-2.345375,0.09848786145448685,0.9870389103889465,0.9064719676971436
YOL141W,YCL018W,0,-2.3455358,0.09847806394100189,0.9870389103889465,0.9065719842910767
YKL093W,YOR355W,0,-2.3465612,0.09846827387809753,0.9870389103889465,0.9066720008850098
YNL271C,YBR287W,0,-2.3466544,0.09845847636461258,0.9870389103889465,0.9067720174789429
YPR189W,YMR186W,0,-2.3473728,0.09844868630170822,0.9870389103889465,0.906872034072876
YJL166W,YDR207C,0,-2.3478308,0.09843889623880386,0.9870389103889465,0.9069721102714539
YDL121C,YCR046C,0,-2.3488457,0.0984291136264801,0.9870389103889465,0.907072126865387
YLR208W,YPL065W,0,-2.352978,0.09841932356357574,0.9870389103889465,0.9071721434593201
YLR321C,YIR039C,0,-2.3532684,0.09840954095125198,0.9870389103889465,0.9072721600532532
YMR093W,YFR033C,0,-2.3545227,0.09839975833892822,0.9870389103889465,0.907372236251831
YMR112C,YOR085W,0,-2.3547802,0.09838998317718506,0.9870389103889465,0.9074722528457642
YHR012W,YLR395C,0,-2.3558939,0.0983802080154419,0.9870389103889465,0.9075722694396973
YGR169C,YOR020C,0,-2.3564758,0.09837043285369873,0.9870389103889465,0.9076722860336304
YIL088C,YPR200C,0,-2.3567886,0.09836065769195557,0.9870389103889465,0.9077723026275635
YMR169C,YAL063C,0,-2.356914,0.0983508825302124,0.9870389103889465,0.9078723788261414
YGL062W,YKL117W,0,-2.3572278,0.09834111481904984,0.9870389103889465,0.9079723954200745
YOL101C,YML056C,0,-2.3572953,0.09833134710788727,0.9870389103889465,0.9080724120140076
YNL079C,YML073C,0,-2.3577192,0.0983215793967247,0.9870389103889465,0.9081724286079407
YMR276W,YDR453C,0,-2.3591979,0.09831181913614273,0.9870389103889465,0.9082725048065186
YAL033W,YKL003C,0,-2.3599973,0.09830205887556076,0.9870389103889465,0.9083725214004517
YCL024W,YFL057C,0,-2.3603144,0.09829229861497879,0.9870389103889465,0.9084725379943848
YJR147W,YER046W,0,-2.3627563,0.09828253835439682,0.9870389103889465,0.9085725545883179
YGR032W,YMR114C,0,-2.3630648,0.09827277809381485,0.9870389103889465,0.9086726307868958
YNL084C,YLR300W,0,-2.3631587,0.09826302528381348,0.9870389103889465,0.9087726473808289
YEL036C,YAL038W,0,-2.3652163,0.0982532724738121,0.9870389103889465,0.908872663974762
YIL021W,YOR020C,0,-2.3656607,0.09824352711439133,0.9870389103889465,0.9089726805686951
YGL212W,YDR461W,0,-2.3680332,0.09823377430438995,0.9870389103889465,0.9090726971626282
YIL140W,YHR039C-A,0,-2.3691268,0.09822402894496918,0.9870389103889465,0.909172773361206
YLR447C,YOR209C,0,-2.3693337,0.0982142835855484,0.9870389103889465,0.9092727899551392
YIR005W,YLR301W,0,-2.3695455,0.09820454567670822,0.9870389103889465,0.9093728065490723
YPR200C,YLR390W,0,-2.3707204,0.09819480031728745,0.9870389103889465,0.9094728231430054
YPR026W,YJL191W,0,-2.3713062,0.09818506240844727,0.9870389103889465,0.9095728993415833
YBL034C,YML128C,0,-2.3715873,0.09817532449960709,0.9870389103889465,0.9096729159355164
YDL128W,YNL092W,0,-2.371875,0.0981655940413475,0.9870389103889465,0.9097729325294495
YKR054C,YCR012W,0,-2.3721237,0.09815585613250732,0.9870389103889465,0.9098729491233826
YPL110C,YJL149W,0,-2.3729572,0.09814612567424774,0.9870389103889465,0.9099729657173157
YMR315W,YGL062W,0,-2.3730516,0.09813640266656876,0.9870389103889465,0.9100730419158936
YNL307C,YNL259C,0,-2.3740468,0.09812667220830917,0.9870389103889465,0.9101730585098267
YLL055W,YIL177C,0,-2.374879,0.09811694920063019,0.9870389103889465,0.9102730751037598
YMR269W,YBL098W,0,-2.3757083,0.0981072261929512,0.9870389103889465,0.9103730916976929
YLL019C,YDL035C,0,-2.3762069,0.09809750318527222,0.9870389103889465,0.9104731678962708
YNL026W,YGR214W,0,-2.377711,0.09808778017759323,0.9870389103889465,0.9105731844902039
YGR032W,YJL085W,0,-2.3787994,0.09807806462049484,0.9870389103889465,0.910673201084137
YMR008C,YKL001C,0,-2.3800216,0.09806834906339645,0.9870389103889465,0.9107732176780701
YDR414C,YBR196C,0,-2.3801537,0.09805863350629807,0.9870389103889465,0.9108732342720032
YDL142C,YJR147W,0,-2.383331,0.09804892539978027,0.9870389103889465,0.910973310470581
YOR138C,YAL016W,0,-2.383846,0.09803921729326248,0.9870389103889465,0.9110733270645142
YER008C,YMR180C,0,-2.383907,0.09802950918674469,0.9870389103889465,0.9111733436584473
YPL151C,YDR508C,0,-2.3846672,0.0980198010802269,0.9870389103889465,0.9112733602523804
YPR024W,YGR282C,0,-2.3874617,0.0980101004242897,0.9870389103889465,0.9113734364509583
YOR317W,YDR353W,0,-2.3875456,0.09800039231777191,0.9870389103889465,0.9114734530448914
YPL223C,YMR087W,0,-2.3884304,0.09799069911241531,0.9870389103889465,0.9115734696388245
YDR518W,YGR238C,0,-2.388602,0.09798099845647812,0.9870389103889465,0.9116734862327576
YEL043W,YGR255C,0,-2.3901029,0.09797129780054092,0.9870389103889465,0.9117735028266907
YBR172C,YMR090W,0,-2.3905208,0.09796160459518433,0.9870389103889465,0.9118735790252686
YEL012W,YGL050W,0,-2.3905866,0.09795191138982773,0.9870389103889465,0.9119735956192017
YLL041C,YDL021W,0,-2.3907394,0.09794222563505173,0.9870389103889465,0.9120736122131348
YLR312W-A,YCR052W,0,-2.391714,0.09793253242969513,0.9870389103889465,0.9121736288070679
YMR250W,YBR281C,0,-2.3920498,0.09792284667491913,0.9870389103889465,0.9122737050056458
YER013W,YEL041W,0,-2.3937604,0.09791316092014313,0.9870389103889465,0.9123737215995789
YDL111C,YLR251W,0,-2.3944063,0.09790348261594772,0.9870389103889465,0.912473738193512
YAL024C,YDL070W,0,-2.3944972,0.09789379686117172,0.9870389103889465,0.9125737547874451
YBR183W,YPL094C,0,-2.3951993,0.09788411855697632,0.9870389103889465,0.912673830986023
YER165W,YJL149W,0,-2.3962312,0.09787444025278091,0.9870389103889465,0.912773847579956
YFR029W,YOR212W,0,-2.397398,0.09786476939916611,0.9870389103889465,0.9128738641738892
YCL057W,YHR174W,0,-2.3981452,0.0978550985455513,0.9870389103889465,0.9129738807678223
YPR204W,YFR019W,0,-2.398226,0.09784542769193649,0.9870389103889465,0.9130738973617554
YGR169C,YKL182W,0,-2.3982368,0.09783575683832169,0.9870389103889465,0.9131739735603333
YDL197C,YMR273C,0,-2.3983693,0.09782608598470688,0.9870389103889465,0.9132739901542664
YKR055W,YOR215C,0,-2.3987823,0.09781642258167267,0.9870389103889465,0.9133740067481995
YGR258C,YPR159W,0,-2.3992167,0.09780675917863846,0.9870389103889465,0.9134740233421326
YMR173W,YGL174W,0,-2.4025538,0.09779709577560425,0.9870389103889465,0.9135740995407104
YLR312W-A,YGL103W,0,-2.4029164,0.09778743237257004,0.9870389103889465,0.9136741161346436
YHR209W,YML049C,0,-2.4030306,0.09777777642011642,0.9870389103889465,0.9137741327285767
YHR175W,YDR207C,0,-2.403142,0.09776812046766281,0.9870389103889465,0.9138741493225098
YER162C,YKL001C,0,-2.4033961,0.0977584645152092,0.9870389103889465,0.9139741659164429
YPL223C,YML049C,0,-2.4040787,0.09774881601333618,0.9870389103889465,0.9140742421150208
YAL033W,YDR518W,0,-2.4058604,0.09773916751146317,0.9870389103889465,0.9141742587089539
YLL051C,YJL140W,0,-2.4061644,0.09772951900959015,0.9870389103889465,0.914274275302887
YKL103C,YDL077C,0,-2.4063249,0.09771987050771713,0.9870389103889465,0.9143742918968201
YLR107W,YPR149W,0,-2.4071074,0.09771022200584412,0.9870389103889465,0.914474368095398
YCR046C,YBR173C,0,-2.4075396,0.0977005809545517,0.9870389103889465,0.914574384689331
YGR285C,YAL017W,0,-2.4075565,0.09769093990325928,0.9870389103889465,0.9146744012832642
YEL012W,YNR067C,0,-2.40801,0.09768129885196686,0.9870389103889465,0.9147744178771973
YDR296W,YOL062C,0,-2.4098992,0.09767166525125504,0.9870389103889465,0.9148744344711304
YJR130C,YDR497C,0,-2.4099836,0.09766203165054321,0.9870389103889465,0.9149745106697083
YNL131W,YKL119C,0,-2.4102466,0.09765239804983139,0.9870389103889465,0.9150745272636414
YKL013C,YGL241W,0,-2.4102674,0.09764276444911957,0.9870389103889465,0.9151745438575745
YBL089W,YPR138C,0,-2.4103942,0.09763313829898834,0.9870389103889465,0.9152745604515076
YDR530C,YGL103W,0,-2.4109766,0.09762351214885712,0.9870389103889465,0.9153746366500854
YKL020C,YEL041W,0,-2.4115567,0.09761388599872589,0.9870389103889465,0.9154746532440186
YJL066C,YER055C,0,-2.4125643,0.09760425984859467,0.9870389103889465,0.9155746698379517
YER013W,YML132W,0,-2.4129148,0.09759463369846344,0.9870389103889465,0.9156746864318848
YNL010W,YKL175W,0,-2.4129658,0.09758501499891281,0.9870389103889465,0.9157747030258179
YLR270W,YGL173C,1,-2.4136415,0.09767396003007889,0.9880359172821045,0.9157747030258179
YBR183W,YLR278C,0,-2.415319,0.09766433387994766,0.9880359172821045,0.9158747792243958
YBR278W,YOL040C,0,-2.4154007,0.09765470772981644,0.9880359172821045,0.9159747958183289
YOL151W,YBL092W,0,-2.4160726,0.09764508903026581,0.9880359172821045,0.916074812412262
YKL038W,YOR216C,0,-2.4177985,0.09763547033071518,0.9880359172821045,0.9161748290061951
YLR107W,YHR039C-A,0,-2.4182396,0.09762585163116455,0.9880359172821045,0.916274905204773
YGL062W,YKR035W-A,0,-2.4187174,0.09761623293161392,0.9880359172821045,0.916374921798706
YAL016W,YER087C-B,0,-2.4187968,0.09760662168264389,0.9880359172821045,0.9164749383926392
YPR167C,YMR046C,0,-2.4195795,0.09759700298309326,0.9880359172821045,0.9165749549865723
YKR006C,YMR099C,0,-2.4195933,0.09758739173412323,0.9880359172821045,0.9166750311851501
YKL085W,YEL056W,0,-2.4201736,0.0975777879357338,0.9880359172821045,0.9167750477790833
YMR136W,YLL043W,0,-2.4208436,0.09756817668676376,0.9880359172821045,0.9168750643730164
YNR006W,YHR057C,0,-2.422489,0.09755857288837433,0.9880359172821045,0.9169750809669495
YMR112C,YDL015C,0,-2.4235306,0.0975489690899849,0.9880359172821045,0.9170750975608826
YOL070C,YGL062W,0,-2.4250588,0.09753937274217606,0.9880359172821045,0.9171751737594604
YPR194C,YKL009W,0,-2.4271412,0.09752976894378662,0.9880359172821045,0.9172751903533936
YHR047C,YMR194W,0,-2.4273734,0.09752017259597778,0.9880359172821045,0.9173752069473267
YEL062W,YFL045C,0,-2.42808,0.09751057624816895,0.9880359172821045,0.9174752235412598
YLL051C,YBR261C,0,-2.4289513,0.0975009873509407,0.9880359172821045,0.9175752997398376
YGL220W,YPL027W,0,-2.4295754,0.09749139100313187,0.9880359172821045,0.9176753163337708
YCL043C,YPL244C,0,-2.4297545,0.09748180210590363,0.9880359172821045,0.9177753329277039
YDR164C,YMR143W,0,-2.4302669,0.09747221320867538,0.9880359172821045,0.917875349521637
YNL085W,YER150W,0,-2.4306955,0.09746262431144714,0.9880359172821045,0.9179753661155701
YBR274W,YFR052W,0,-2.431078,0.0974530428647995,0.9880359172821045,0.918075442314148
YNL274C,YOR222W,0,-2.4317322,0.09744346141815186,0.9880359172821045,0.918175458908081
YPR196W,YOR304C-A,0,-2.4319534,0.09743387997150421,0.9880359172821045,0.9182754755020142
YGR282C,YER150W,0,-2.4323282,0.09742429852485657,0.9880359172821045,0.9183754920959473
YLR165C,YBL092W,0,-2.4323583,0.09741472452878952,0.9880359172821045,0.9184755682945251
YJL191W,YER052C,0,-2.4342928,0.09740515053272247,0.9880359172821045,0.9185755848884583
YHR179W,YDL047W,0,-2.4360893,0.09739557653665543,0.9880359172821045,0.9186756014823914
YDR196C,YGL037C,0,-2.4375467,0.09738600999116898,0.9880359172821045,0.9187756180763245
YMR114C,YBR031W,0,-2.4378374,0.09737643599510193,0.9880359172821045,0.9188756346702576
YBR282W,YLR325C,0,-2.4387426,0.09736686944961548,0.9880359172821045,0.9189757108688354
YLR395C,YEL029C,0,-2.4395041,0.09735730290412903,0.9880359172821045,0.9190757274627686
YGL212W,YOR142W,0,-2.4397054,0.09734774380922318,0.9880359172821045,0.9191757440567017
YGR077C,YNL052W,0,-2.441687,0.09733817726373672,0.9880359172821045,0.9192757606506348
YPL196W,YML056C,0,-2.4430723,0.09732861816883087,0.9880359172821045,0.9193758368492126
YGL026C,YER125W,0,-2.4437146,0.09731905907392502,0.9880359172821045,0.9194758534431458
YHL027W,YMR143W,0,-2.4442425,0.09730950742959976,0.9880359172821045,0.9195758700370789
YLL041C,YOL004W,0,-2.4450817,0.09729994833469391,0.9880359172821045,0.919675886631012
YPL223C,YDL140C,0,-2.4452543,0.09729039669036865,0.9880359172821045,0.9197759032249451
YPR006C,YLR251W,0,-2.4454303,0.0972808450460434,0.9880359172821045,0.919875979423523
YDR453C,YGR155W,0,-2.448146,0.09727130085229874,0.9880359172821045,0.919975996017456
YLL045C,YKR066C,0,-2.4485166,0.09726174920797348,0.9880359172821045,0.9200760126113892
YDR195W,YLR042C,0,-2.4490514,0.09725220501422882,0.9880359172821045,0.9201760292053223
YNL026W,YLR187W,0,-2.4491282,0.09724266827106476,0.9880359172821045,0.9202761054039001
YOR099W,YGL060W,0,-2.4507887,0.0972331240773201,0.9880359172821045,0.9203761219978333
YPL113C,YNL298W,0,-2.4509406,0.09722358733415604,0.9880359172821045,0.9204761385917664
YJR036C,YKL001C,0,-2.4520698,0.09721405059099197,0.9880359172821045,0.9205761551856995
YKL165C,YBR222C,0,-2.4534652,0.09720451384782791,0.9880359172821045,0.9206762313842773
YHR029C,YBR243C,0,-2.4538493,0.09719497710466385,0.9880359172821045,0.9207762479782104
YDR304C,YDL097C,0,-2.454207,0.09718544781208038,0.9880359172821045,0.9208762645721436
YDR064W,YBL091C-A,0,-2.4550247,0.09717591851949692,0.9880359172821045,0.9209762811660767
YJL034W,YDR518W,0,-2.4550812,0.09716638922691345,0.9880359172821045,0.9210762977600098
YNL231C,YDR404C,0,-2.4558332,0.09715685993432999,0.9880359172821045,0.9211763739585876
YBR150C,YDR392W,0,-2.4559226,0.09714733809232712,0.9880359172821045,0.9212763905525208
YLR029C,YNL192W,0,-2.4564438,0.09713781625032425,0.9880359172821045,0.9213764071464539
YOL043C,YGL060W,0,-2.4566813,0.09712829440832138,0.9880359172821045,0.921476423740387
YPR002W,YGR268C,0,-2.4574776,0.09711878001689911,0.9880359172821045,0.9215764999389648
YGL237C,YOR382W,0,-2.4575007,0.09710925817489624,0.9880359172821045,0.921676516532898
YDL206W,YMR097C,0,-2.4575353,0.09709974378347397,0.9880359172821045,0.921776533126831
YOL112W,YDL078C,0,-2.457673,0.0970902293920517,0.9880359172821045,0.9218765497207642
YGL026C,YNL016W,0,-2.4593692,0.09708072245121002,0.9880359172821045,0.9219765663146973
YOR089C,YBR173C,0,-2.4615335,0.09707120805978775,0.9880359172821045,0.9220766425132751
YLR300W,YKR102W,0,-2.4625435,0.09706170111894608,0.9880359172821045,0.9221766591072083
YNL138W,YDL047W,0,-2.46346,0.097052201628685,0.9880359172821045,0.9222766757011414
YKL093W,YBR243C,0,-2.4634697,0.09704269468784332,0.9880359172821045,0.9223766922950745
YLL029W,YOR209C,0,-2.4639943,0.09703319519758224,0.9880359172821045,0.9224767684936523
YLR295C,YEL029C,0,-2.464892,0.09702369570732117,0.9880359172821045,0.9225767850875854
YCR087C-A,YPL274W,0,-2.4652722,0.09701419621706009,0.9880359172821045,0.9226768016815186
YMR168C,YBR120C,0,-2.4662356,0.09700469672679901,0.9880359172821045,0.9227768182754517
YGR258C,YDR508C,0,-2.4675446,0.09699520468711853,0.9880359172821045,0.9228768348693848
YMR272C,YIL048W,0,-2.4680314,0.09698571264743805,0.9880359172821045,0.9229769110679626
YNL208W,YDR472W,0,-2.4682732,0.09697622060775757,0.9880359172821045,0.9230769276618958
YDR304C,YCL034W,0,-2.468416,0.09696672856807709,0.9880359172821045,0.9231769442558289
YMR137C,YIL048W,0,-2.4699593,0.0969572439789772,0.9880359172821045,0.923276960849762
YNL258C,YNL052W,0,-2.4724412,0.09694775938987732,0.9880359172821045,0.9233770370483398
YPL129W,YOR285W,0,-2.4726067,0.09693827480077744,0.9880359172821045,0.923477053642273
YER008C,YEL012W,0,-2.4727306,0.09692879766225815,0.9880359172821045,0.923577070236206
YKL093W,YLL041C,0,-2.4728217,0.09691931307315826,0.9880359172821045,0.9236770868301392
YPR042C,YER112W,1,-2.4730234,0.0970076248049736,0.9890329241752625,0.9236770868301392
YDL054C,YKL053C-A,0,-2.4749267,0.09699814021587372,0.9890329241752625,0.9237771034240723
YLR447C,YGR118W,0,-2.475263,0.09698865562677383,0.9890329241752625,0.9238771796226501
YNL236W,YPL183W-A,0,-2.4757528,0.09697917848825455,0.9890329241752625,0.9239771962165833
YOR377W,YER145C,0,-2.47643,0.09696969389915466,0.9890329241752625,0.9240772128105164
YPR200C,YAL040C,0,-2.4780278,0.09696021676063538,0.9890329241752625,0.9241772294044495
YJL178C,YBL092W,0,-2.4783769,0.09695073962211609,0.9890329241752625,0.9242773056030273
YBL091C-A,YDL128W,0,-2.480318,0.0969412699341774,0.9890329241752625,0.9243773221969604
YDR411C,YGR258C,0,-2.4803343,0.09693179279565811,0.9890329241752625,0.9244773387908936
YNL052W,YGR214W,0,-2.4806433,0.09692232310771942,0.9890329241752625,0.9245773553848267
YER125W,YKL067W,0,-2.4811215,0.09691285341978073,0.9890329241752625,0.9246774315834045
YNL283C,YBR222C,0,-2.4813094,0.09690339118242264,0.9890329241752625,0.9247774481773376
YKR054C,YFL045C,0,-2.4826753,0.09689392149448395,0.9890329241752625,0.9248774647712708
YBR183W,YMR061W,0,-2.4827054,0.09688445925712585,0.9890329241752625,0.9249774813652039
YMR193W,YDR461W,0,-2.48281,0.09687499701976776,0.9890329241752625,0.925077497959137
YER008C,YBR282W,0,-2.4836242,0.09686554223299026,0.9890329241752625,0.9251775741577148
YJR006W,YNL178W,0,-2.4837894,0.09685607999563217,0.9890329241752625,0.925277590751648
YJR101W,YNL208W,0,-2.4861524,0.09684662520885468,0.9890329241752625,0.925377607345581
YIL135C,YOR215C,0,-2.4872847,0.09683717042207718,0.9890329241752625,0.9254776239395142
YPL223C,YOL158C,0,-2.4882548,0.09682772308588028,0.9890329241752625,0.925577700138092
YDL045C,YDR444W,0,-2.4912238,0.09681826829910278,0.9890329241752625,0.9256777167320251
YPL110C,YDR109C,0,-2.491763,0.09680882096290588,0.9890329241752625,0.9257777333259583
YOR388C,YOR212W,0,-2.4919977,0.09679937362670898,0.9890329241752625,0.9258777499198914
YCL018W,YLR088W,0,-2.49295,0.09678993374109268,0.9890329241752625,0.9259777665138245
YBR150C,YKL067W,0,-2.4931223,0.09678048640489578,0.9890329241752625,0.9260778427124023
YLR105C,YPL183W-A,0,-2.4933505,0.09677104651927948,0.9890329241752625,0.9261778593063354
YLL019C,YMR272C,0,-2.4935694,0.09676160663366318,0.9890329241752625,0.9262778759002686
YER175C,YOR209C,0,-2.4938874,0.09675216674804688,0.9890329241752625,0.9263778924942017
YNL050C,YBL091C-A,0,-2.4958968,0.09674273431301117,0.9890329241752625,0.9264779686927795
YGL026C,YLR251W,0,-2.4970722,0.09673330187797546,0.9890329241752625,0.9265779852867126
YLL041C,YMR033W,0,-2.4978197,0.09672386944293976,0.9890329241752625,0.9266780018806458
YPL119C,YMR308C,0,-2.4994793,0.09671443700790405,0.9890329241752625,0.9267780184745789
YHR179W,YLR043C,0,-2.499652,0.09670501202344894,0.9890329241752625,0.926878035068512
YBR006W,YMR295C,0,-2.5001204,0.09669558703899384,0.9890329241752625,0.9269781112670898
YMR276W,YER168C,0,-2.500172,0.09668616205453873,0.9890329241752625,0.927078127861023
YDR419W,YML028W,0,-2.5005553,0.09667673707008362,0.9890329241752625,0.927178144454956
YLR312W-A,YBR096W,0,-2.5026383,0.0966673195362091,0.9890329241752625,0.9272781610488892
YKL093W,YER130C,0,-2.505044,0.096657894551754,0.9890329241752625,0.927378237247467
YDL054C,YMR145C,0,-2.5058124,0.09664847701787949,0.9890329241752625,0.9274782538414001
YPR137W,YDR353W,0,-2.5061352,0.09663906693458557,0.9890329241752625,0.9275782704353333
YDR131C,YKL064W,0,-2.5069957,0.09662964940071106,0.9890329241752625,0.9276782870292664
YGL094C,YBR067C,0,-2.5081148,0.09662023931741714,0.9890329241752625,0.9277783632278442
YPR200C,YFL048C,0,-2.5084136,0.09661082923412323,0.9890329241752625,0.9278783798217773
YMR315W,YKL015W,0,-2.509266,0.09660141915082932,0.9890329241752625,0.9279783964157104
YBL113C,YKL096W-A,0,-2.5093474,0.096592016518116,0.9890329241752625,0.9280784130096436
YBR260C,YAL016W,0,-2.509872,0.09658261388540268,0.9890329241752625,0.9281784296035767
YPR204W,YER185W,0,-2.5105672,0.09657321125268936,0.9890329241752625,0.9282785058021545
YGL236C,YNL208W,0,-2.5115936,0.09656380861997604,0.9890329241752625,0.9283785223960876
YOL038W,YLR325C,0,-2.5121913,0.09655440598726273,0.9890329241752625,0.9284785389900208
YOL082W,YOR126C,0,-2.5126064,0.09654501080513,0.9890329241752625,0.9285785555839539
YKL171W,YGL220W,0,-2.5129423,0.09653561562299728,0.9890329241752625,0.9286786317825317
YJL066C,YMR218C,0,-2.5141544,0.09652622044086456,0.9890329241752625,0.9287786483764648
YLR300W,YGR229C,0,-2.5153227,0.09651683270931244,0.9890329241752625,0.928878664970398
YGR199W,YMR250W,0,-2.5155923,0.09650744497776031,0.9890329241752625,0.928978681564331
YLR005W,YIL042C,0,-2.5164104,0.09649805724620819,0.9890329241752625,0.9290786981582642
YJR004C,YDL084W,0,-2.51679,0.09648866951465607,0.9890329241752625,0.929178774356842
YER002W,YLR251W,0,-2.5173087,0.09647928178310394,0.9890329241752625,0.9292787909507751
YGR052W,YLR264W,0,-2.5180173,0.09646990150213242,0.9890329241752625,0.9293788075447083
YKL013C,YHR057C,0,-2.520102,0.09646052122116089,0.9890329241752625,0.9294788241386414
YAR002C-A,YDL216C,0,-2.521645,0.09645114094018936,0.9890329241752625,0.9295789003372192
YJR070C,YOR020C,0,-2.5223117,0.09644176810979843,0.9890329241752625,0.9296789169311523
YDR296W,YOR126C,0,-2.5235596,0.0964323878288269,0.9890329241752625,0.9297789335250854
YCL025C,YJL192C,0,-2.5241344,0.09642301499843597,0.9890329241752625,0.9298789501190186
YBL041W,YMR097C,0,-2.5256693,0.09641364216804504,0.9890329241752625,0.9299789667129517
YKL190W,YLR295C,0,-2.5257485,0.09640427678823471,0.9890329241752625,0.9300790429115295
YHR012W,YOR382W,0,-2.5257628,0.09639491140842438,0.9890329241752625,0.9301790595054626
YDR146C,YLR350W,0,-2.5258846,0.09638553857803345,0.9890329241752625,0.9302790760993958
YGR180C,YPL002C,0,-2.5264678,0.09637618064880371,0.9890329241752625,0.9303790926933289
YPL127C,YDL022W,0,-2.5278552,0.09636681526899338,0.9890329241752625,0.9304791688919067
YDR512C,YNL219C,0,-2.5285025,0.09635745733976364,0.9890329241752625,0.9305791854858398
YAL038W,YJL171C,0,-2.5286045,0.0963480994105339,0.9890329241752625,0.930679202079773
YER165W,YLR390W,0,-2.5287025,0.09633874148130417,0.9890329241752625,0.930779218673706
YAR031W,YGR214W,0,-2.5292487,0.09632938355207443,0.9890329241752625,0.9308792352676392
YIL047C,YLR251W,0,-2.529885,0.09632003307342529,0.9890329241752625,0.930979311466217
YOR176W,YIL135C,0,-2.5299053,0.09631068259477615,0.9890329241752625,0.9310793280601501
YLL003W,YOR187W,0,-2.5307035,0.09630133211612701,0.9890329241752625,0.9311793446540833
YCR014C,YHR005C-A,0,-2.5317082,0.09629198163747787,0.9890329241752625,0.9312793612480164
YLR113W,YLL040C,0,-2.5322852,0.09628263860940933,0.9890329241752625,0.9313794374465942
YKL041W,YNL138W,0,-2.5325313,0.09627329558134079,0.9890329241752625,0.9314794540405273
YFL045C,YGR070W,0,-2.5331116,0.09626395255327225,0.9890329241752625,0.9315794706344604
YOL010W,YAR027W,0,-2.533944,0.0962546095252037,0.9890329241752625,0.9316794872283936
YJL005W,YOR162C,0,-2.534793,0.09624526649713516,0.9890329241752625,0.9317795634269714
YDR411C,YJL166W,0,-2.5364869,0.09623593091964722,0.9890329241752625,0.9318795800209045
YJL141C,YOL108C,0,-2.5368228,0.09622659534215927,0.9890329241752625,0.9319795966148376
YDR151C,YER035W,1,-2.5388649,0.09631425887346268,0.9900299310684204,0.9319795966148376
YNR017W,YPL087W,0,-2.5393958,0.09630491584539413,0.9900299310684204,0.9320796132087708
YPR042C,YJR043C,1,-2.5403967,0.09639254957437515,0.9910269379615784,0.9320796132087708
YDR030C,YER050C,0,-2.5406537,0.09638320654630661,0.9910269379615784,0.9321796298027039
YPR026W,YBR260C,0,-2.5419388,0.09637386351823807,0.9910269379615784,0.9322797060012817
YLR289W,YHR004C,0,-2.5429084,0.09636452049016953,0.9910269379615784,0.9323797225952148
YPR198W,YER074W,0,-2.5437145,0.09635517746210098,0.9910269379615784,0.932479739189148
YPL163C,YDR497C,0,-2.5443702,0.09634583443403244,0.9910269379615784,0.932579755783081
YHR030C,YMR039C,0,-2.5444114,0.0963364988565445,0.9910269379615784,0.9326798319816589
YLR301W,YLR151C,0,-2.54471,0.09632716327905655,0.9910269379615784,0.932779848575592
YJL103C,YJL079C,0,-2.54532,0.0963178277015686,0.9910269379615784,0.9328798651695251
YLR314C,YER090W,0,-2.5459406,0.09630849957466125,0.9910269379615784,0.9329798817634583
YPL240C,YDL097C,0,-2.546045,0.09629916399717331,0.9910269379615784,0.9330798983573914
YHR047C,YGR155W,0,-2.546109,0.09628983587026596,0.9910269379615784,0.9331799745559692
YNL192W,YML132W,0,-2.546734,0.09628050774335861,0.9910269379615784,0.9332799911499023
YML030W,YOR099W,0,-2.5468602,0.09627118706703186,0.9910269379615784,0.9333800077438354
YKL180W,YJR103W,0,-2.5475361,0.09626186639070511,0.9910269379615784,0.9334800243377686
YNL117W,YJL079C,0,-2.5505252,0.09625253826379776,0.9910269379615784,0.9335801005363464
YGL026C,YDR404C,0,-2.5506687,0.0962432250380516,0.9910269379615784,0.9336801171302795
YCL043C,YGR089W,0,-2.5516078,0.09623390436172485,0.9910269379615784,0.9337801337242126
YLL041C,YMR090W,0,-2.5521097,0.0962245911359787,0.9910269379615784,0.9338801503181458
YCL043C,YMR099C,0,-2.5524497,0.09621527791023254,0.9910269379615784,0.9339801669120789
YJL134W,YLR429W,0,-2.5524714,0.09620596468448639,0.9910269379615784,0.9340802431106567
YPR198W,YDL070W,0,-2.5525599,0.09619665145874023,0.9910269379615784,0.9341802597045898
YNL044W,YGL004C,0,-2.5526893,0.09618734568357468,0.9910269379615784,0.934280276298523
YJL155C,YFL021W,0,-2.5533893,0.09617803245782852,0.9910269379615784,0.934380292892456
YDR131C,YOL111C,0,-2.5536005,0.09616873413324356,0.9910269379615784,0.9344803690910339
YDL015C,YOR230W,0,-2.5555062,0.096159428358078,0.9910269379615784,0.934580385684967
YNL258C,YLR350W,0,-2.5558212,0.09615012258291245,0.9910269379615784,0.9346804022789001
YOR291W,YBR173C,0,-2.5558414,0.09614082425832748,0.9910269379615784,0.9347804188728333
YDL206W,YMR321C,0,-2.556396,0.09613152593374252,0.9910269379615784,0.9348804354667664
YEL031W,YDR304C,0,-2.5588927,0.09612223505973816,0.9910269379615784,0.9349805116653442
YJR010W,YFR021W,0,-2.559179,0.0961129367351532,0.9910269379615784,0.9350805282592773
YBR006W,YLR389C,0,-2.5605686,0.09610364586114883,0.9910269379615784,0.9351805448532104
YBR150C,YDL198C,0,-2.5612786,0.09609435498714447,0.9910269379615784,0.9352805614471436
YJR127C,YHR174W,0,-2.5622354,0.0960850641131401,0.9910269379615784,0.9353806376457214
YLL019C,YNL274C,0,-2.5625312,0.09607578068971634,0.9910269379615784,0.9354806542396545
YNL258C,YBR145W,0,-2.5628135,0.09606648981571198,0.9910269379615784,0.9355806708335876
YGR264C,YEL041W,0,-2.5628722,0.09605720639228821,0.9910269379615784,0.9356806874275208
YMR038C,YFL045C,0,-2.5635257,0.09604793041944504,0.9910269379615784,0.9357807636260986
YMR038C,YGR027C,0,-2.5644078,0.09603864699602127,0.9910269379615784,0.9358807802200317
YEL043W,YKL165C,0,-2.5665245,0.0960293710231781,0.9910269379615784,0.9359807968139648
YOR274W,YPL223C,0,-2.5666347,0.09602009505033493,0.9910269379615784,0.936080813407898
YLR270W,YGR134W,0,-2.5680146,0.09601081907749176,0.9910269379615784,0.936180830001831
YDR337W,YLL040C,0,-2.5687394,0.09600154310464859,0.9910269379615784,0.9362809062004089
YER035W,YJR091C,1,-2.5690713,0.09608884900808334,0.9920239448547363,0.9362809062004089
YNL202W,YIL140W,0,-2.5698643,0.09607956558465958,0.9920239448547363,0.936380922794342
YDL021W,YDR476C,0,-2.5723538,0.0960702896118164,0.9920239448547363,0.9364809393882751
YPL094C,YNL208W,0,-2.572943,0.09606101363897324,0.9920239448547363,0.9365809559822083
YDR518W,YCL052C,0,-2.5763438,0.09605174511671066,0.9920239448547363,0.9366810321807861
YIL088C,YLR088W,0,-2.578349,0.09604246914386749,0.9920239448547363,0.9367810487747192
YPL087W,YPL244C,0,-2.5797439,0.09603320062160492,0.9920239448547363,0.9368810653686523
YIL088C,YLL019C,0,-2.58211,0.09602393209934235,0.9920239448547363,0.9369810819625854
YDR353W,YKL003C,0,-2.5821357,0.09601467102766037,0.9920239448547363,0.9370810985565186
YBL091C-A,YBR096W,0,-2.5833578,0.0960054025053978,0.9920239448547363,0.9371811747550964
YOL086C,YGR216C,0,-2.58364,0.09599614143371582,0.9920239448547363,0.9372811913490295
YHR175W,YNL298W,0,-2.5847983,0.09598688036203384,0.9920239448547363,0.9373812079429626
YHR002W,YCL043C,0,-2.5855205,0.09597761929035187,0.9920239448547363,0.9374812245368958
YBR287W,YNR018W,0,-2.5860474,0.09596836566925049,0.9920239448547363,0.9375813007354736
YNL231C,YPR043W,0,-2.5868006,0.09595911204814911,0.9920239448547363,0.9376813173294067
YKL126W,YER103W,0,-2.58683,0.09594985842704773,0.9920239448547363,0.9377813339233398
YOL129W,YDR419W,0,-2.5877492,0.09594060480594635,0.9920239448547363,0.937881350517273
YLR395C,YDL215C,0,-2.58914,0.09593135118484497,0.9920239448547363,0.937981367111206
YER055C,YPL147W,0,-2.5897214,0.09592210501432419,0.9920239448547363,0.9380814433097839
YOR382W,YPR138C,0,-2.590271,0.0959128588438034,0.9920239448547363,0.938181459903717
YEL022W,YBR052C,0,-2.5904884,0.09590361267328262,0.9920239448547363,0.9382814764976501
YPL240C,YPL163C,0,-2.5905752,0.09589437395334244,0.9920239448547363,0.9383814930915833
YDR233C,YDL197C,0,-2.5910153,0.09588512778282166,0.9920239448547363,0.9384815692901611
YPR080W,YKL064W,0,-2.5925987,0.09587588906288147,0.9920239448547363,0.9385815858840942
YEL036C,YKL064W,0,-2.5932422,0.09586665034294128,0.9920239448547363,0.9386816024780273
YNL138W,YOL054W,0,-2.5947683,0.0958574190735817,0.9920239448547363,0.9387816190719604
YPR024W,YOR142W,0,-2.5958462,0.0958481878042221,0.9920239448547363,0.9388816356658936
YOR173W,YMR098C,1,-2.5960898,0.09593527019023895,0.9930209517478943,0.9388816356658936
YIL088C,YER154W,0,-2.596569,0.09592603147029877,0.9930209517478943,0.9389817118644714
YJL172W,YER074W,0,-2.5966291,0.09591679275035858,0.9930209517478943,0.9390817284584045
YOR297C,YNR013C,0,-2.596918,0.09590756148099899,0.9930209517478943,0.9391817450523376
YJR005W,YFL014W,0,-2.5971076,0.09589832276105881,0.9930209517478943,0.9392817616462708
YBL058W,YKL067W,0,-2.5972943,0.09588909149169922,0.9930209517478943,0.9393818378448486
YDL061C,YPR200C,0,-2.599497,0.09587986022233963,0.9930209517478943,0.9394818544387817
YHR012W,YJL149W,0,-2.6009083,0.09587062895298004,0.9930209517478943,0.9395818710327148
YGR222W,YAL029C,0,-2.60115,0.09586140513420105,0.9930209517478943,0.939681887626648
YBR196C,YLR390W,0,-2.6030004,0.09585218131542206,0.9930209517478943,0.9397819638252258
YDL022W,YGL216W,0,-2.6030684,0.09584295749664307,0.9930209517478943,0.9398819804191589
YDR296W,YIL083C,0,-2.6038558,0.09583373367786407,0.9930209517478943,0.939981997013092
YPR191W,YOR126C,0,-2.6039643,0.09582451730966568,0.9930209517478943,0.9400820136070251
YDL121C,YDR453C,0,-2.603981,0.09581529349088669,0.9930209517478943,0.9401820302009583
YHR174W,YLR088W,0,-2.603992,0.0958060771226883,0.9930209517478943,0.9402821063995361
YIR038C,YKL085W,0,-2.6052942,0.0957968682050705,0.9930209517478943,0.9403821229934692
YGR175C,YLL040C,0,-2.6075625,0.0957876518368721,0.9930209517478943,0.9404821395874023
YML058W-A,YLR224W,0,-2.6085987,0.0957784429192543,0.9930209517478943,0.9405821561813354
YPL112C,YHR051W,0,-2.6100273,0.0957692340016365,0.9930209517478943,0.9406822323799133
YNL147W,YML132W,0,-2.6107094,0.09576002508401871,0.9930209517478943,0.9407822489738464
YDR030C,YGR085C,0,-2.6107984,0.09575081616640091,0.9930209517478943,0.9408822655677795
YPR182W,YLR219W,0,-2.6110659,0.09574161469936371,0.9930209517478943,0.9409822821617126
YDR030C,YPL196W,0,-2.6110811,0.09573241323232651,0.9930209517478943,0.9410822987556458
YHR179W,YML132W,0,-2.6111653,0.0957232117652893,0.9930209517478943,0.9411823749542236
YDR211W,YBR026C,0,-2.6117725,0.0957140102982521,0.9930209517478943,0.9412823915481567
YHR030C,YLR395C,0,-2.6123664,0.0957048162817955,0.9930209517478943,0.9413824081420898
YGL062W,YLR020C,0,-2.6138217,0.0956956222653389,0.9930209517478943,0.941482424736023
YPL180W,YHR008C,0,-2.6146655,0.0956864282488823,0.9930209517478943,0.9415825009346008
YLR291C,YGL256W,0,-2.6147974,0.09567723423242569,0.9930209517478943,0.9416825175285339
YOL026C,YPR159W,0,-2.614861,0.09566804021596909,0.9930209517478943,0.941782534122467
YMR319C,YBR282W,0,-2.6148655,0.09565885365009308,0.9930209517478943,0.9418825507164001
YPL276W,YJL171C,0,-2.6158264,0.09564966708421707,0.9930209517478943,0.9419825673103333
YOR317W,YML036W,0,-2.6174,0.09564048051834106,0.9930209517478943,0.9420826435089111
YNL010W,YCR002C,0,-2.6179795,0.09563130140304565,0.9930209517478943,0.9421826601028442
YCR060W,YGR020C,0,-2.6202416,0.09562212228775024,0.9930209517478943,0.9422826766967773
YIR005W,YNR002C,0,-2.620607,0.09561294317245483,0.9930209517478943,0.9423826932907104
YDR461W,YNL122C,0,-2.6231291,0.09560376405715942,0.9930209517478943,0.9424827694892883
YOL082W,YOL111C,0,-2.623991,0.09559458494186401,0.9930209517478943,0.9425827860832214
YKL171W,YOR216C,0,-2.624272,0.0955854132771492,0.9930209517478943,0.9426828026771545
YIL128W,YHR179W,0,-2.624998,0.09557624161243439,0.9930209517478943,0.9427828192710876
YPR149W,YJL082W,0,-2.625618,0.09556706994771957,0.9930209517478943,0.9428828358650208
YBR145W,YIL140W,0,-2.6264017,0.09555789828300476,0.9930209517478943,0.9429829120635986
YGL037C,YBR115C,0,-2.6296897,0.09554873406887054,0.9930209517478943,0.9430829286575317
YGL026C,YPL098C,0,-2.6323993,0.09553956985473633,0.9930209517478943,0.9431829452514648
YHR179W,YLR401C,0,-2.6330879,0.09553040564060211,0.9930209517478943,0.943282961845398
YFL014W,YIL079C,0,-2.6349616,0.0955212414264679,0.9930209517478943,0.9433830380439758
YOL057W,YPR149W,0,-2.634968,0.09551208466291428,0.9930209517478943,0.9434830546379089
YIL076W,YPR133W-A,0,-2.6358023,0.09550292789936066,0.9930209517478943,0.943583071231842
YPR149W,YJL149W,0,-2.6373563,0.09549377113580704,0.9930209517478943,0.9436830878257751
YLR029C,YNR010W,0,-2.6391103,0.09548461437225342,0.9930209517478943,0.943783164024353
YDR461W,YDR222W,0,-2.6394258,0.0954754576086998,0.9930209517478943,0.9438831806182861
YOL129W,YDR067C,0,-2.6395676,0.09546630829572678,0.9930209517478943,0.9439831972122192
YER103W,YOR212W,0,-2.6395867,0.09545715898275375,0.9930209517478943,0.9440832138061523
YBR294W,YCR011C,0,-2.641593,0.09544800966978073,0.9930209517478943,0.9441832304000854
YDL078C,YPR043W,0,-2.64177,0.0954388678073883,0.9930209517478943,0.9442833065986633
YDL084W,YBR287W,0,-2.643663,0.09542971849441528,0.9930209517478943,0.9443833231925964
YNL274C,YEL029C,0,-2.6437335,0.09542057663202286,0.9930209517478943,0.9444833397865295
YMR038C,YJL130C,0,-2.6454315,0.09541143476963043,0.9930209517478943,0.9445833563804626
YEL031W,YNL236W,0,-2.6461391,0.0954023003578186,0.9930209517478943,0.9446834325790405
YKL007W,YPL218W,0,-2.6462307,0.09539315849542618,0.9930209517478943,0.9447834491729736
YHR179W,YGL244W,0,-2.6463153,0.09538402408361435,0.9930209517478943,0.9448834657669067
YBL028C,YBL091C-A,0,-2.6473064,0.09537488967180252,0.9930209517478943,0.9449834823608398
YJL005W,YOR230W,0,-2.6481094,0.09536576271057129,0.9930209517478943,0.945083498954773
YLR043C,YPL119C,0,-2.6482244,0.09535662829875946,0.9930209517478943,0.9451835751533508
YBL076C,YLR164W,0,-2.6484504,0.09534750133752823,0.9930209517478943,0.9452835917472839
YGR238C,YGL030W,0,-2.6492064,0.095338374376297,0.9930209517478943,0.945383608341217
YBR080C,YDR304C,0,-2.6495633,0.09532924741506577,0.9930209517478943,0.9454836249351501
YBR230C,YOR008C,0,-2.6496162,0.09532012790441513,0.9930209517478943,0.945583701133728
YLR203C,YJL079C,0,-2.6522393,0.0953110083937645,0.9930209517478943,0.9456837177276611
YKL119C,YLR264W,0,-2.6527922,0.09530188143253326,0.9930209517478943,0.9457837343215942
YPL131W,YKL085W,0,-2.6539037,0.09529276937246323,0.9930209517478943,0.9458837509155273
YAR002C-A,YIL135C,0,-2.6568003,0.09528364986181259,0.9930209517478943,0.9459837675094604
YDL206W,YPL218W,0,-2.65734,0.09527453780174255,0.9930209517478943,0.9460838437080383
YNL131W,YBR173C,0,-2.6574624,0.09526542574167252,0.9930209517478943,0.9461838603019714
YFL038C,YJL155C,0,-2.6577902,0.09525631368160248,0.9930209517478943,0.9462838768959045
YJL192C,YER090W,0,-2.6601648,0.09524720162153244,0.9930209517478943,0.9463838934898376
YOL165C,YEL040W,0,-2.6627884,0.095238097012043,0.9930209517478943,0.9464839696884155
YIL094C,YHR209W,0,-2.6636562,0.09522899240255356,0.9930209517478943,0.9465839862823486
YBR150C,YBR243C,0,-2.6636639,0.09521988779306412,0.9930209517478943,0.9466840028762817
YBR150C,YKL001C,0,-2.6638322,0.09521078318357468,0.9930209517478943,0.9467840194702148
YMR315W,YMR013C,0,-2.6669078,0.09520167857408524,0.9930209517478943,0.946884036064148
YOL129W,YBR026C,0,-2.6678581,0.09519258141517639,0.9930209517478943,0.9469841122627258
YBR096W,YHR051W,0,-2.6690629,0.09518348425626755,0.9930209517478943,0.9470841288566589
YML058W-A,YMR077C,0,-2.6695452,0.0951743945479393,0.9930209517478943,0.947184145450592
YPL087W,YIL042C,0,-2.6702695,0.09516529738903046,0.9930209517478943,0.9472841620445251
YKL170W,YDR233C,0,-2.671844,0.09515620768070221,0.9930209517478943,0.947384238243103
YPR189W,YBL091C-A,0,-2.672814,0.09514711797237396,0.9930209517478943,0.9474842548370361
YJL053W,YJL213W,0,-2.6757607,0.09513802826404572,0.9930209517478943,0.9475842714309692
YOR353C,YDL045C,0,-2.6767304,0.09512893855571747,0.9930209517478943,0.9476842880249023
YKL170W,YDL039C,0,-2.6782966,0.09511985629796982,0.9930209517478943,0.9477843642234802
YAL054C,YDR226W,0,-2.6786962,0.09511077404022217,0.9930209517478943,0.9478843808174133
YOL158C,YDR151C,0,-2.6816368,0.09510169178247452,0.9930209517478943,0.9479843974113464
YHR132C,YPL002C,0,-2.6848378,0.09509260952472687,0.9930209517478943,0.9480844140052795
YMR296C,YOL151W,0,-2.6858532,0.09508353471755981,0.9930209517478943,0.9481844305992126
YCL008C,YPR127W,0,-2.6876304,0.09507445245981216,0.9930209517478943,0.9482845067977905
YMR250W,YGR239C,0,-2.6878734,0.09506537765264511,0.9930209517478943,0.9483845233917236
YHR047C,YPL274W,0,-2.6879675,0.09505631029605865,0.9930209517478943,0.9484845399856567
YOR327C,YHR008C,0,-2.6895533,0.0950472354888916,0.9930209517478943,0.9485845565795898
YKL067W,YOR232W,0,-2.6896977,0.09503816813230515,0.9930209517478943,0.9486846327781677
YOL082W,YMR272C,0,-2.690571,0.09502910077571869,0.9930209517478943,0.9487846493721008
YDR144C,YMR099C,0,-2.6906524,0.09502003341913223,0.9930209517478943,0.9488846659660339
YPL007C,YPR006C,0,-2.6907458,0.09501097351312637,0.9930209517478943,0.948984682559967
YGR167W,YKR006C,0,-2.6924138,0.09500190615653992,0.9930209517478943,0.9490846991539001
YDL022W,YDR404C,0,-2.693583,0.09499284625053406,0.9930209517478943,0.949184775352478
YPL163C,YKL168C,0,-2.6945336,0.0949837863445282,0.9930209517478943,0.9492847919464111
YDR460W,YNL044W,0,-2.6954913,0.09497473388910294,0.9930209517478943,0.9493848085403442
YJR040W,YPL098C,0,-2.6957316,0.09496567398309708,0.9930209517478943,0.9494848251342773
YJL004C,YKL001C,0,-2.6959102,0.09495662152767181,0.9930209517478943,0.9495849013328552
YPL064C,YPL087W,0,-2.6965303,0.09494756907224655,0.9930209517478943,0.9496849179267883
YJL030W,YMR267W,0,-2.6969519,0.09493851661682129,0.9930209517478943,0.9497849345207214
YBR042C,YGL004C,0,-2.697331,0.09492947161197662,0.9930209517478943,0.9498849511146545
YKL093W,YJL225C,0,-2.6978068,0.09492042660713196,0.9930209517478943,0.9499849677085876
YMR090W,YOR338W,0,-2.6984434,0.09491138160228729,0.9930209517478943,0.9500850439071655
YJR040W,YDL040C,0,-2.6991491,0.09490233659744263,0.9930209517478943,0.9501850605010986
YHR004C,YDR392W,0,-2.6999555,0.09489329159259796,0.9930209517478943,0.9502850770950317
YNR074C,YGR175C,0,-2.7006276,0.09488425403833389,0.9930209517478943,0.9503850936889648
YJL166W,YGR032W,0,-2.7056582,0.09487521648406982,0.9930209517478943,0.9504851698875427
YPR149W,YPL188W,0,-2.706066,0.09486617892980576,0.9930209517478943,0.9505851864814758
YOL165C,YJL191W,0,-2.7072349,0.09485714137554169,0.9930209517478943,0.9506852030754089
YEL040W,YPR160W,0,-2.7073627,0.09484811127185822,0.9930209517478943,0.950785219669342
YDL061C,YJR103W,0,-2.708506,0.09483908116817474,0.9930209517478943,0.9508852362632751
YAR035W,YDL083C,0,-2.7089002,0.09483005106449127,0.9930209517478943,0.950985312461853
YDR411C,YBL089W,0,-2.7131171,0.0948210209608078,0.9930209517478943,0.9510853290557861
YLL019C,YEL029C,0,-2.7131371,0.09481199085712433,0.9930209517478943,0.9511853456497192
YML071C,YPR006C,0,-2.7134805,0.09480296820402145,0.9930209517478943,0.9512853622436523
YDL198C,YNL092W,0,-2.714387,0.09479394555091858,0.9930209517478943,0.9513854384422302
YDR460W,YLR203C,0,-2.7144856,0.0947849228978157,0.9930209517478943,0.9514854550361633
YKL180W,YGL148W,0,-2.7162058,0.09477590769529343,0.9930209517478943,0.9515854716300964
YKL103C,YPR149W,0,-2.71632,0.09476688504219055,0.9930209517478943,0.9516854882240295
YGL037C,YLL043W,0,-2.716412,0.09475786983966827,0.9930209517478943,0.9517855644226074
YLL045C,YMR321C,0,-2.7167492,0.09474886208772659,0.9930209517478943,0.9518855810165405
YOR237W,YDR245W,0,-2.7168107,0.09473984688520432,0.9930209517478943,0.9519855976104736
YOL102C,YKL067W,0,-2.7169485,0.09473083168268204,0.9930209517478943,0.9520856142044067
YDR090C,YOR187W,0,-2.72262,0.09472182393074036,0.9930209517478943,0.9521856307983398
YDR296W,YNL073W,0,-2.7233691,0.09471281617879868,0.9930209517478943,0.9522857069969177
YOL129W,YGL019W,0,-2.7242193,0.09470381587743759,0.9930209517478943,0.9523857235908508
YLR136C,YOR173W,1,-2.7245393,0.09478988498449326,0.9940179586410522,0.9523857235908508
YKR057W,YLL027W,0,-2.7246447,0.09478086978197098,0.9940179586410522,0.9524857401847839
YDR371W,YPR149W,0,-2.725192,0.0947718620300293,0.9940179586410522,0.952585756778717
YGL233W,YNL284C,0,-2.7265556,0.09476285427808762,0.9940179586410522,0.9526858329772949
YNR006W,YCL057W,0,-2.7277327,0.09475384652614594,0.9940179586410522,0.952785849571228
YJR005W,YCR011C,0,-2.7280018,0.09474484622478485,0.9940179586410522,0.9528858661651611
YDR205W,YPL087W,0,-2.73307,0.09473583847284317,0.9940179586410522,0.9529858827590942
YER175C,YCL025C,0,-2.734796,0.09472683817148209,0.9940179586410522,0.9530858993530273
YJR051W,YMR308C,0,-2.736767,0.094717837870121,0.9940179586410522,0.9531859755516052
YNL138W,YLL017W,0,-2.7369595,0.09470884501934052,0.9940179586410522,0.9532859921455383
YBR260C,YOL062C,0,-2.7371483,0.09469984471797943,0.9940179586410522,0.9533860087394714
YNL044W,YLR285W,0,-2.7383804,0.09469085186719894,0.9940179586410522,0.9534860253334045
YPR002W,YGL103W,0,-2.740151,0.09468185901641846,0.9940179586410522,0.9535861015319824
YJR021C,YOR285W,0,-2.7422924,0.09467287361621857,0.9940179586410522,0.9536861181259155
YHR179W,YHR074W,0,-2.7440536,0.09466388076543808,0.9940179586410522,0.9537861347198486
YBR026C,YIL042C,0,-2.7481315,0.09465489536523819,0.9940179586410522,0.9538861513137817
YOL066C,YER175C,0,-2.7493048,0.0946459099650383,0.9940179586410522,0.9539861679077148
YGR180C,YAL016W,0,-2.749784,0.09463692456483841,0.9940179586410522,0.9540862441062927
YGL026C,YCL034W,0,-2.7506828,0.09462793916463852,0.9940179586410522,0.9541862607002258
YLR429W,YJR103W,0,-2.752542,0.09461896121501923,0.9940179586410522,0.9542862772941589
YPL131W,YEL040W,0,-2.7526445,0.09460998326539993,0.9940179586410522,0.954386293888092
YPR113W,YFR033C,0,-2.7533906,0.09460100531578064,0.9940179586410522,0.9544863700866699
YDL215C,YIL048W,0,-2.7541127,0.09459202736616135,0.9940179586410522,0.954586386680603
YHR041C,YNL138W,0,-2.7548323,0.09458305686712265,0.9940179586410522,0.9546864032745361
YKR066C,YLR042C,0,-2.755413,0.09457408636808395,0.9940179586410522,0.9547864198684692
YDR470C,YLR350W,0,-2.7554288,0.09456511586904526,0.9940179586410522,0.9548864364624023
YDL070W,YFL045C,0,-2.755646,0.09455614537000656,0.9940179586410522,0.9549865126609802
YDR411C,YHR074W,0,-2.7558866,0.09454718232154846,0.9940179586410522,0.9550865292549133
YBR170C,YBR067C,0,-2.7562704,0.09453821182250977,0.9940179586410522,0.9551865458488464
YDL015C,YCL057W,0,-2.7569957,0.09452924877405167,0.9940179586410522,0.9552865624427795
YDL021W,YGR268C,0,-2.7578907,0.09452028572559357,0.9940179586410522,0.9553866386413574
YPL150W,YPL223C,0,-2.7589011,0.09451133012771606,0.9940179586410522,0.9554866552352905
YNL027W,YOL111C,0,-2.7595053,0.09450236707925797,0.9940179586410522,0.9555866718292236
YIR039C,YOR294W,0,-2.7598338,0.09449341148138046,0.9940179586410522,0.9556866884231567
YGL037C,YKR002W,0,-2.761096,0.09448445588350296,0.9940179586410522,0.9557867646217346
YFL038C,YBR287W,0,-2.7613468,0.09447550773620605,0.9940179586410522,0.9558867812156677
YJR130C,YKL085W,0,-2.7629826,0.09446655213832855,0.9940179586410522,0.9559867978096008
YPL150W,YPL196W,0,-2.7637305,0.09445760399103165,0.9940179586410522,0.9560868144035339
YPR149W,YIR005W,0,-2.7640753,0.09444865584373474,0.9940179586410522,0.956186830997467
YGR264C,YNL084C,0,-2.7681885,0.09443970769643784,0.9940179586410522,0.9562869071960449
YDL078C,YDL015C,0,-2.7716486,0.09443076699972153,0.9940179586410522,0.956386923789978
YEL069C,YLR028C,0,-2.7716866,0.09442181885242462,0.9940179586410522,0.9564869403839111
YJR021C,YBR096W,0,-2.774047,0.09441287815570831,0.9940179586410522,0.9565869569778442
YGL037C,YCR026C,0,-2.7744079,0.094403937458992,0.9940179586410522,0.9566870331764221
YMR241W,YMR099C,0,-2.7746696,0.09439500421285629,0.9940179586410522,0.9567870497703552
YKR057W,YEL041W,0,-2.775405,0.09438606351613998,0.9940179586410522,0.9568870663642883
YHR174W,YMR246W,0,-2.7777433,0.09437713027000427,0.9940179586410522,0.9569870829582214
YHR179W,YLL040C,0,-2.7794952,0.09436819702386856,0.9940179586410522,0.9570870995521545
YEL052W,YLR153C,0,-2.7823436,0.09435926377773285,0.9940179586410522,0.9571871757507324
YLL019C,YPR200C,0,-2.7825692,0.09435033798217773,0.9940179586410522,0.9572871923446655
YDL078C,YOR251C,0,-2.783449,0.09434140473604202,0.9940179586410522,0.9573872089385986
YEL012W,YOL026C,0,-2.7850428,0.09433247894048691,0.9940179586410522,0.9574872255325317
YOR020C,YDR262W,0,-2.7859523,0.09432356059551239,0.9940179586410522,0.9575873017311096
YIL143C,YPL218W,0,-2.7864015,0.09431463479995728,0.9940179586410522,0.9576873183250427
YDR518W,YPR163C,0,-2.7877498,0.09430571645498276,0.9940179586410522,0.9577873349189758
YOL129W,YKL190W,0,-2.7892737,0.09429679065942764,0.9940179586410522,0.9578873515129089
YDR512C,YDR233C,0,-2.7894526,0.09428787231445312,0.9940179586410522,0.957987368106842
YKL190W,YER090W,0,-2.790133,0.0942789614200592,0.9940179586410522,0.9580874443054199
YDR453C,YNL258C,0,-2.7908916,0.09427004307508469,0.9940179586410522,0.958187460899353
YNL202W,YNL016W,0,-2.7913883,0.09426113218069077,0.9940179586410522,0.9582874774932861
YPR167C,YPR204W,0,-2.7919,0.09425222128629684,0.9940179586410522,0.9583874940872192
YPR011C,YER165W,0,-2.7941637,0.09424331039190292,0.9940179586410522,0.9584875702857971
YAL060W,YDL121C,0,-2.7948513,0.0942344069480896,0.9940179586410522,0.9585875868797302
YAL033W,YAL054C,0,-2.7955608,0.09422549605369568,0.9940179586410522,0.9586876034736633
YJL155C,YIL076W,0,-2.7960858,0.09421659260988235,0.9940179586410522,0.9587876200675964
YHR002W,YLR344W,0,-2.7997637,0.09420768916606903,0.9940179586410522,0.9588876366615295
YER175C,YKL117W,0,-2.7997818,0.0941987931728363,0.9940179586410522,0.9589877128601074
YLR020C,YMR090W,0,-2.8010242,0.09418988972902298,0.9940179586410522,0.9590877294540405
YPR072W,YER035W,1,-2.8015752,0.09427545964717865,0.9950149655342102,0.9590877294540405
YFL048C,YLL055W,0,-2.8024561,0.09426655620336533,0.9950149655342102,0.9591877460479736
YJL144W,YMR273C,0,-2.80802,0.094257652759552,0.9950149655342102,0.9592877626419067
YDR170C,YOR020C,0,-2.8128467,0.09424874931573868,0.9950149655342102,0.9593878388404846
YLR107W,YNL202W,0,-2.8136199,0.09423984587192535,0.9950149655342102,0.9594878554344177
YDR026C,YCL025C,0,-2.8147035,0.09423094987869263,0.9950149655342102,0.9595878720283508
YLR191W,YAL038W,0,-2.8150356,0.0942220538854599,0.9950149655342102,0.9596878886222839
YLR270W,YDR151C,1,-2.8162348,0.0943075641989708,0.9960119724273682,0.9596878886222839
YAL060W,YOR340C,0,-2.8167183,0.09429866075515747,0.9960119724273682,0.9597879648208618
YGR264C,YPL223C,0,-2.8177216,0.09428975731134415,0.9960119724273682,0.9598879814147949
YDL202W,YDL140C,0,-2.8200364,0.09428086131811142,0.9960119724273682,0.959987998008728
YLR191W,YNR002C,0,-2.8215623,0.09427196532487869,0.9960119724273682,0.9600880146026611
YPL042C,YBR067C,0,-2.8221898,0.09426306933164597,0.9960119724273682,0.9601880311965942
YJR151C,YFR033C,0,-2.823311,0.09425417333841324,0.9960119724273682,0.9602881073951721
YER185W,YHR004C,0,-2.8239694,0.09424528479576111,0.9960119724273682,0.9603881239891052
YJL134W,YFL033C,0,-2.8241496,0.09423639625310898,0.9960119724273682,0.9604881405830383
YPR187W,YBL091C-A,0,-2.8244333,0.09422750771045685,0.9960119724273682,0.9605881571769714
YMR203W,YOR317W,0,-2.8251362,0.09421861916780472,0.9960119724273682,0.9606882333755493
YDL054C,YJL053W,0,-2.8311486,0.09420973062515259,0.9960119724273682,0.9607882499694824
YDR304C,YJL144W,0,-2.8321934,0.09420084953308105,0.9960119724273682,0.9608882665634155
YGR268C,YOL062C,0,-2.832545,0.09419196844100952,0.9960119724273682,0.9609882831573486
YDR304C,YDR415C,0,-2.832576,0.09418308734893799,0.9960119724273682,0.9610882997512817
YNL052W,YHL027W,0,-2.8333955,0.09417420625686646,0.9960119724273682,0.9611883759498596
YPL240C,YFL014W,0,-2.835172,0.09416533261537552,0.9960119724273682,0.9612883925437927
YCL043C,YLR219W,0,-2.836938,0.09415645897388458,0.9960119724273682,0.9613884091377258
YNL236W,YPR002W,0,-2.8383012,0.09414758533239365,0.9960119724273682,0.9614884257316589
YDR410C,YKL003C,0,-2.838388,0.09413871169090271,0.9960119724273682,0.9615885019302368
YPR024W,YLR264W,0,-2.8392208,0.09412983804941177,0.9960119724273682,0.9616885185241699
YLR209C,YNR002C,0,-2.8403163,0.09412097185850143,0.9960119724273682,0.961788535118103
YCR030C,YJL149W,0,-2.8445876,0.0941121056675911,0.9960119724273682,0.9618885517120361
YIL095W,YBR287W,0,-2.848097,0.09410323947668076,0.9960119724273682,0.9619885683059692
YJR127C,YLR209C,0,-2.8487294,0.09409437328577042,0.9960119724273682,0.9620886445045471
YML073C,YMR114C,0,-2.848763,0.09408551454544067,0.9960119724273682,0.9621886610984802
YBL011W,YHR008C,0,-2.8491044,0.09407665580511093,0.9960119724273682,0.9622886776924133
YOL129W,YNR028W,0,-2.8494148,0.09406779706478119,0.9960119724273682,0.9623886942863464
YGL037C,YOR162C,0,-2.8503618,0.09405893832445145,0.9960119724273682,0.9624887704849243
YKL126W,YDR392W,0,-2.8506303,0.0940500870347023,0.9960119724273682,0.9625887870788574
YOR147W,YDL083C,0,-2.85082,0.09404122829437256,0.9960119724273682,0.9626888036727905
YEL031W,YLR028C,0,-2.8508377,0.09403237700462341,0.9960119724273682,0.9627888202667236
YDR090C,YOR142W,0,-2.859716,0.09402352571487427,0.9960119724273682,0.9628888368606567
YPL131W,YER052C,0,-2.8602219,0.09401468187570572,0.9960119724273682,0.9629889130592346
YPR149W,YJL095W,0,-2.860644,0.09400583058595657,0.9960119724273682,0.9630889296531677
YIR039C,YGL190C,0,-2.86095,0.09399698674678802,0.9960119724273682,0.9631889462471008
YML028W,YLR316C,0,-2.8617887,0.09398814290761948,0.9960119724273682,0.9632889628410339
YDL097C,YER052C,0,-2.8627706,0.09397930651903152,0.9960119724273682,0.9633890390396118
YPL223C,YPL096W,0,-2.8648088,0.09397046267986298,0.9960119724273682,0.9634890556335449
YNL231C,YER165W,0,-2.8648496,0.09396162629127502,0.9960119724273682,0.963589072227478
YOL082W,YBR222C,0,-2.8651137,0.09395278990268707,0.9960119724273682,0.9636890888214111
YKL007W,YDL035C,0,-2.8667893,0.09394395351409912,0.9960119724273682,0.963789165019989
YKL013C,YPL094C,0,-2.87213,0.09393511712551117,0.9960119724273682,0.9638891816139221
YGL180W,YNL026W,0,-2.8727736,0.09392628818750381,0.9960119724273682,0.9639891982078552
YLR043C,YPL065W,0,-2.8729286,0.09391745924949646,0.9960119724273682,0.9640892148017883
YNL044W,YNL298W,0,-2.8750792,0.0939086303114891,0.9960119724273682,0.9641892313957214
YLR187W,YCL057W,0,-2.8769727,0.09389980137348175,0.9960119724273682,0.9642893075942993
YGL068W,YKL161C,0,-2.8840227,0.09389097988605499,0.9960119724273682,0.9643893241882324
YLR029C,YFR019W,0,-2.8840709,0.09388215094804764,0.9960119724273682,0.9644893407821655
YJL166W,YER162C,0,-2.8848763,0.09387332946062088,0.9960119724273682,0.9645893573760986
YDL021W,YFL013C,0,-2.8867683,0.09386451542377472,0.9960119724273682,0.9646894335746765
YAR002C-A,YHL027W,0,-2.8880756,0.09385569393634796,0.9960119724273682,0.9647894501686096
YKR055W,YML128C,0,-2.888897,0.0938468798995018,0.9960119724273682,0.9648894667625427
YPR191W,YER165W,0,-2.895084,0.09383805841207504,0.9960119724273682,0.9649894833564758
YOR176W,YDL015C,0,-2.8971844,0.09382924437522888,0.9960119724273682,0.9650894999504089
YIL080W,YGL037C,0,-2.8992686,0.09382043778896332,0.9960119724273682,0.9651895761489868
YEL052W,YPL259C,0,-2.900537,0.09381162375211716,0.9960119724273682,0.9652895927429199
YOR310C,YNL274C,0,-2.9019501,0.09380281716585159,0.9960119724273682,0.965389609336853
YCL043C,YMR193W,0,-2.9030623,0.09379401057958603,0.9960119724273682,0.9654896259307861
YJL166W,YOR025W,0,-2.9049387,0.09378520399332047,0.9960119724273682,0.965589702129364
YLR029C,YKL041W,0,-2.9064786,0.0937763974070549,0.9960119724273682,0.9656897187232971
YDL029W,YGR185C,0,-2.9068236,0.09376759827136993,0.9960119724273682,0.9657897353172302
YGR225W,YHR175W,0,-2.9089823,0.09375879913568497,0.9960119724273682,0.9658897519111633
YCL008C,YPL218W,0,-2.9095492,0.09375,0.9960119724273682,0.9659897685050964
YBR170C,YNL274C,0,-2.9131482,0.09374120086431503,0.9960119724273682,0.9660898447036743
YPR187W,YLR301W,0,-2.913948,0.09373240917921066,0.9960119724273682,0.9661898612976074
YKL013C,YBL041W,0,-2.9141011,0.09372361749410629,0.9960119724273682,0.9662898778915405
YGR282C,YER125W,0,-2.9156482,0.09371481835842133,0.9960119724273682,0.9663898944854736
YPR149W,YFR052W,0,-2.9201322,0.09370603412389755,0.9960119724273682,0.9664899706840515
YDR174W,YPR006C,0,-2.9250975,0.09369724243879318,0.9960119724273682,0.9665899872779846
YAR027W,YML132W,0,-2.926361,0.09368845820426941,0.9960119724273682,0.9666900038719177
YDR405W,YDL198C,0,-2.9275155,0.09367966651916504,0.9960119724273682,0.9667900204658508
YPL150W,YPL096W,0,-2.9278717,0.09367088973522186,0.9960119724273682,0.9668900966644287
YMR137C,YPR160W,0,-2.927914,0.09366210550069809,0.9960119724273682,0.9669901132583618
YPR011C,YDR353W,0,-2.9295902,0.09365332126617432,0.9960119724273682,0.9670901298522949
YDR306C,YGR027C,0,-2.930326,0.09364454448223114,0.9960119724273682,0.967190146446228
YMR267W,YKL001C,0,-2.9318507,0.09363576769828796,0.9960119724273682,0.9672901630401611
YMR169C,YOR294W,0,-2.933576,0.09362699091434479,0.9960119724273682,0.967390239238739
YMR054W,YNL239W,0,-2.933998,0.09361821413040161,0.9960119724273682,0.9674902558326721
YLR208W,YNL052W,0,-2.9347515,0.09360944479703903,0.9960119724273682,0.9675902724266052
YPR149W,YCR046C,0,-2.9354498,0.09360067546367645,0.9960119724273682,0.9676902890205383
YDL078C,YBL085W,0,-2.9382963,0.09359190613031387,0.9960119724273682,0.9677903652191162
YOL086C,YOR187W,0,-2.9399173,0.0935831367969513,0.9960119724273682,0.9678903818130493
YAR002C-A,YPL087W,0,-2.9406166,0.09357437491416931,0.9960119724273682,0.9679903984069824
YOR215C,YDL039C,0,-2.941012,0.09356560558080673,0.9960119724273682,0.9680904150009155
YKR066C,YIL048W,0,-2.9418154,0.09355684369802475,0.9960119724273682,0.9681904315948486
YGR264C,YJL155C,0,-2.9424891,0.09354808181524277,0.9960119724273682,0.9682905077934265
YKL096W-A,YMR159C,0,-2.9440026,0.09353932738304138,0.9960119724273682,0.9683905243873596
YKL126W,YHR132C,0,-2.9449332,0.0935305655002594,0.9960119724273682,0.9684905409812927
YBR066C,YDL054C,0,-2.946722,0.09352181106805801,0.9960119724273682,0.9685905575752258
YIL076W,YCR002C,0,-2.9474127,0.09351305663585663,0.9960119724273682,0.9686906337738037
YKL041W,YNL178W,0,-2.9502516,0.09350430220365524,0.9960119724273682,0.9687906503677368
YML028W,YNL080C,0,-2.9507759,0.09349555522203445,0.9960119724273682,0.9688906669616699
YGL237C,YLR043C,0,-2.950853,0.09348680824041367,0.9960119724273682,0.968990683555603
YGR167W,YNL302C,0,-2.9533935,0.09347805380821228,0.9960119724273682,0.9690907001495361
YAR035W,YFL045C,0,-2.9534473,0.09346931427717209,0.9960119724273682,0.969190776348114
YKL013C,YLR300W,0,-2.9536746,0.0934605672955513,0.9960119724273682,0.9692907929420471
YDL024C,YIL076W,0,-2.9549053,0.09345182776451111,0.9960119724273682,0.9693908095359802
YGR221C,YCL043C,0,-2.9568532,0.09344308078289032,0.9960119724273682,0.9694908261299133
YDR059C,YNL010W,0,-2.957064,0.09343434125185013,0.9960119724273682,0.9695909023284912
YDR079W,YML128C,0,-2.9612741,0.09342560917139053,0.9960119724273682,0.9696909189224243
YJL144W,YJL117W,0,-2.965276,0.09341686964035034,0.9960119724273682,0.9697909355163574
YGR199W,YDR109C,0,-2.9654555,0.09340813755989075,0.9960119724273682,0.9698909521102905
YLR440C,YPR160W,0,-2.9654734,0.09339939802885056,0.9960119724273682,0.9699909687042236
YBR066C,YBR196C,0,-2.9654934,0.09339067339897156,0.9960119724273682,0.9700910449028015
YMR078C,YMR173W,0,-2.9661217,0.09338194131851196,0.9960119724273682,0.9701910614967346
YBR222C,YFL045C,0,-2.967172,0.09337320923805237,0.9960119724273682,0.9702910780906677
YPL113C,YOL111C,0,-2.9700363,0.09336448460817337,0.9960119724273682,0.9703910946846008
YBR287W,YER074W,0,-2.974496,0.09335575997829437,0.9960119724273682,0.9704911708831787
YDR079W,YKL180W,0,-2.9749494,0.09334703534841537,0.9960119724273682,0.9705911874771118
YMR284W,YMR193W,0,-2.9773638,0.09333831816911697,0.9960119724273682,0.9706912040710449
YOL155C,YGR027C,0,-2.9778578,0.09332959353923798,0.9960119724273682,0.970791220664978
YBR223C,YNL095C,0,-2.9799016,0.09332087635993958,0.9960119724273682,0.9708912968635559
YKL020C,YFR045W,0,-2.98074,0.09331215918064117,0.9960119724273682,0.970991313457489
YIL143C,YDR226W,0,-2.982767,0.09330344945192337,0.9960119724273682,0.9710913300514221
YDR205W,YBR230C,0,-2.9830291,0.09329473227262497,0.9960119724273682,0.9711913466453552
YBR031W,YGR155W,0,-2.985229,0.09328602254390717,0.9960119724273682,0.9712913632392883
YMR008C,YOR239W,0,-2.986404,0.09327731281518936,0.9960119724273682,0.9713914394378662
YDL078C,YHR174W,0,-2.9882987,0.09326860308647156,0.9960119724273682,0.9714914560317993
YDR518W,YBR096W,0,-2.9938817,0.09325989335775375,0.9960119724273682,0.9715914726257324
YDR453C,YPL096W,0,-2.9951348,0.09325119107961655,0.9960119724273682,0.9716914892196655
YMR173W,YPR002W,0,-2.9966488,0.09324248880147934,0.9960119724273682,0.9717915654182434
YDL078C,YIL048W,0,-2.9971533,0.09323378652334213,0.9960119724273682,0.9718915820121765
YDL054C,YBR037C,0,-2.9989097,0.09322508424520493,0.9960119724273682,0.9719915986061096
YEL012W,YHR174W,0,-2.9989295,0.09321638196706772,0.9960119724273682,0.9720916152000427
YAL063C,YJR133W,0,-2.999342,0.09320768713951111,0.9960119724273682,0.9721916317939758
YNL178W,YLR251W,0,-2.999787,0.0931989923119545,0.9960119724273682,0.9722917079925537
YOR147W,YFL057C,0,-3.000054,0.09319029748439789,0.9960119724273682,0.9723917245864868
YDL021W,YKL096W-A,0,-3.0002685,0.09318160265684128,0.9960119724273682,0.9724917411804199
YKL180W,YDR497C,0,-3.0009685,0.09317291527986526,0.9960119724273682,0.972591757774353
YER098W,YNR021W,0,-3.0010424,0.09316422790288925,0.9960119724273682,0.9726918339729309
YDL029W,YKR066C,0,-3.0022807,0.09315554052591324,0.9960119724273682,0.972791850566864
YNL084C,YOR099W,0,-3.0027847,0.09314685314893723,0.9960119724273682,0.9728918671607971
YMR272C,YML128C,0,-3.0045786,0.09313816577196121,0.9960119724273682,0.9729918837547302
YMR049C,YLL055W,0,-3.0065184,0.0931294858455658,0.9960119724273682,0.9730919003486633
YML028W,YDR508C,0,-3.0076652,0.09312080591917038,0.9960119724273682,0.9731919765472412
YKL119C,YIL094C,0,-3.0102725,0.09311212599277496,0.9960119724273682,0.9732919931411743
YGL180W,YDR222W,0,-3.0137641,0.09310344606637955,0.9960119724273682,0.9733920097351074
YPR035W,YPR137W,0,-3.0145845,0.09309477359056473,0.9960119724273682,0.9734920263290405
YLL055W,YFL001W,0,-3.0146222,0.09308610111474991,0.9960119724273682,0.9735921025276184
YLR359W,YBR145W,0,-3.0146904,0.09307742118835449,0.9960119724273682,0.9736921191215515
YCR011C,YML052W,0,-3.0158215,0.09306875616312027,0.9960119724273682,0.9737921357154846
YLL041C,YDR410C,0,-3.0175214,0.09306008368730545,0.9960119724273682,0.9738921523094177
YMR146C,YGR020C,0,-3.02107,0.09305141866207123,0.9960119724273682,0.9739921689033508
YDR423C,YLR268W,0,-3.0225253,0.09304274618625641,0.9960119724273682,0.9740922451019287
YNL219C,YGR222W,0,-3.0226333,0.09303408116102219,0.9960119724273682,0.9741922616958618
YDR304C,YER171W,0,-3.0229948,0.09302542358636856,0.9960119724273682,0.9742922782897949
YPR002W,YOR226C,0,-3.0239153,0.09301675856113434,0.9960119724273682,0.974392294883728
YJL079C,YNL290W,0,-3.0267205,0.09300810098648071,0.9960119724273682,0.9744923710823059
YPL078C,YOR187W,0,-3.0280197,0.09299944341182709,0.9960119724273682,0.974592387676239
YHR012W,YLR080W,0,-3.034593,0.09299078583717346,0.9960119724273682,0.9746924042701721
YOR382W,YMR246W,0,-3.0350716,0.09298212826251984,0.9960119724273682,0.9747924208641052
YGL180W,YMR145C,0,-3.0368218,0.09297347813844681,0.9960119724273682,0.9748924970626831
YLR270W,YNL298W,0,-3.0369227,0.09296482056379318,0.9960119724273682,0.9749925136566162
YOR099W,YOR285W,0,-3.0385242,0.09295617043972015,0.9960119724273682,0.9750925302505493
YIR039C,YNL175C,0,-3.039947,0.09294752776622772,0.9960119724273682,0.9751925468444824
YKR026C,YGL259W,0,-3.0408714,0.0929388776421547,0.9960119724273682,0.9752925634384155
YDR205W,YLR043C,0,-3.0437903,0.09293023496866226,0.9960119724273682,0.9753926396369934
YER055C,YNL335W,0,-3.0466557,0.09292159229516983,0.9960119724273682,0.9754926562309265
YNL160W,YER130C,0,-3.048421,0.0929129496216774,0.9960119724273682,0.9755926728248596
YFL045C,YNL284C,0,-3.0499017,0.09290430694818497,0.9960119724273682,0.9756926894187927
YOL129W,YOR230W,0,-3.0500026,0.09289566427469254,0.9960119724273682,0.9757927656173706
YNL084C,YOR209C,0,-3.0501053,0.0928870290517807,0.9960119724273682,0.9758927822113037
YHR047C,YBR080C,0,-3.0504322,0.09287839382886887,0.9960119724273682,0.9759927988052368
YGL010W,YLR359W,0,-3.0514195,0.09286975860595703,0.9960119724273682,0.9760928153991699
YKL180W,YPR030W,0,-3.0545487,0.0928611233830452,0.9960119724273682,0.976192831993103
YML030W,YDR415C,0,-3.0578194,0.09285249561071396,0.9960119724273682,0.9762929081916809
YPR080W,YDL070W,0,-3.0604415,0.09284386783838272,0.9960119724273682,0.976392924785614
YDR079W,YBL092W,0,-3.0622854,0.09283524006605148,0.9960119724273682,0.9764929413795471
YMR114C,YBR096W,0,-3.063417,0.09282661229372025,0.9960119724273682,0.9765929579734802
YPR113W,YDR170C,0,-3.0641046,0.09281798452138901,0.9960119724273682,0.9766930341720581
YER008C,YIR039C,0,-3.066488,0.09280936419963837,0.9960119724273682,0.9767930507659912
YDR226W,YER019C-A,0,-3.073057,0.09280074387788773,0.9960119724273682,0.9768930673599243
YDL029W,YGR281W,0,-3.0781941,0.09279212355613708,0.9960119724273682,0.9769930839538574
YPR026W,YPR159W,0,-3.081738,0.09278350323438644,0.9960119724273682,0.9770931005477905
YDR174W,YNL010W,0,-3.0847957,0.0927748903632164,0.9960119724273682,0.9771931767463684
YLR203C,YNR010W,0,-3.0900936,0.09276627004146576,0.9960119724273682,0.9772931933403015
YML028W,YOR317W,0,-3.0912604,0.09275765717029572,0.9960119724273682,0.9773932099342346
YBR031W,YOR162C,0,-3.1001053,0.09274905174970627,0.9960119724273682,0.9774932265281677
YLR359W,YBR187W,0,-3.101806,0.09274043887853622,0.9960119724273682,0.9775933027267456
YAR027W,YBR173C,0,-3.1027532,0.09273182600736618,0.9960119724273682,0.9776933193206787
YOR209C,YPL113C,0,-3.1041055,0.09272322058677673,0.9960119724273682,0.9777933359146118
YMR019W,YDR174W,0,-3.105249,0.09271461516618729,0.9960119724273682,0.9778933525085449
YLR043C,YMR228W,0,-3.1150591,0.09270600974559784,0.9960119724273682,0.977993369102478
YLL055W,YDR508C,0,-3.116023,0.09269741177558899,0.9960119724273682,0.9780934453010559
YJL124C,YBR096W,0,-3.116076,0.09268881380558014,0.9960119724273682,0.978193461894989
YAL038W,YNR013C,0,-3.1165724,0.09268020838499069,0.9960119724273682,0.9782934784889221
YHL034C,YGL019W,0,-3.1208982,0.09267161041498184,0.9960119724273682,0.9783934950828552
YOL038W,YCL043C,0,-3.122483,0.09266301989555359,0.9960119724273682,0.9784935712814331
YNL281W,YOR142W,0,-3.1269753,0.09265442192554474,0.9960119724273682,0.9785935878753662
YFL014W,YOR138C,0,-3.1298525,0.09264583140611649,0.9960119724273682,0.9786936044692993
YPR200C,YKR006C,0,-3.1304905,0.09263724088668823,0.9960119724273682,0.9787936210632324
YLR208W,YMR203W,0,-3.1321816,0.09262865036725998,0.9960119724273682,0.9788936972618103
YDR378C,YGL037C,0,-3.1380835,0.09262005984783173,0.9960119724273682,0.9789937138557434
YGR020C,YOR142W,0,-3.1394634,0.09261147677898407,0.9960119724273682,0.9790937304496765
YIL134W,YPL098C,0,-3.13983,0.09260289371013641,0.9960119724273682,0.9791937470436096
YBR125C,YLR042C,0,-3.144999,0.09259431064128876,0.9960119724273682,0.9792937636375427
YPL218W,YER019C-A,0,-3.1450958,0.0925857275724411,0.9960119724273682,0.9793938398361206
YOR148C,YMR173W,0,-3.1476219,0.09257714450359344,0.9960119724273682,0.9794938564300537
YLR312W-A,YBL089W,0,-3.1514158,0.09256856888532639,0.9960119724273682,0.9795938730239868
YBR177C,YBR187W,0,-3.1521587,0.09255999326705933,0.9960119724273682,0.9796938896179199
YDR306C,YDR353W,0,-3.154745,0.09255141764879227,0.9960119724273682,0.9797939658164978
YDL227C,YPR160W,0,-3.1557665,0.09254284203052521,0.9960119724273682,0.9798939824104309
YKL013C,YHR008C,0,-3.1571794,0.09253427386283875,0.9960119724273682,0.979993999004364
YLL029W,YBR026C,0,-3.157878,0.09252569824457169,0.9960119724273682,0.9800940155982971
YER055C,YJL134W,0,-3.1590948,0.09251713007688522,0.9960119724273682,0.9801940321922302
YOR138C,YBR072W,0,-3.1600437,0.09250856190919876,0.9960119724273682,0.9802941083908081
YBR260C,YGR268C,0,-3.1618633,0.0925000011920929,0.9960119724273682,0.9803941249847412
YLR025W,YHR174W,0,-3.1645858,0.09249143302440643,0.9960119724273682,0.9804941415786743
YJL134W,YOR099W,0,-3.1659615,0.09248287230730057,0.9960119724273682,0.9805941581726074
YDR304C,YBR074W,0,-3.1710033,0.0924743115901947,0.9960119724273682,0.9806942343711853
YGL112C,YMR173W,0,-3.1710072,0.09246575087308884,0.9960119724273682,0.9807942509651184
YAR002C-A,YPL223C,0,-3.171307,0.09245719760656357,0.9960119724273682,0.9808942675590515
YJL004C,YER074W,0,-3.1764703,0.0924486368894577,0.9960119724273682,0.9809942841529846
YER165W,YNL026W,0,-3.1795993,0.09244008362293243,0.9960119724273682,0.9810943007469177
YBR066C,YER087W,0,-3.179628,0.09243153035640717,0.9960119724273682,0.9811943769454956
YJL171C,YFR052W,0,-3.1798942,0.0924229845404625,0.9960119724273682,0.9812943935394287
YBR177C,YBR059C,0,-3.1802988,0.09241443127393723,0.9960119724273682,0.9813944101333618
YAL060W,YMR136W,0,-3.1829786,0.09240588545799255,0.9960119724273682,0.9814944267272949
YNL274C,YLR224W,0,-3.1837535,0.09239733964204788,0.9960119724273682,0.9815945029258728
YER090W,YBR072W,0,-3.1838686,0.09238879382610321,0.9960119724273682,0.9816945195198059
YNL073W,YGR032W,0,-3.18437,0.09238024801015854,0.9960119724273682,0.981794536113739
YMR315W,YNL238W,0,-3.1875262,0.09237170964479446,0.9960119724273682,0.9818945527076721
YMR039C,YOR222W,0,-3.1924682,0.09236316382884979,0.9960119724273682,0.9819945693016052
YLR429W,YPR127W,0,-3.1962323,0.09235462546348572,0.9960119724273682,0.9820946455001831
YPL163C,YGR070W,0,-3.1977205,0.09234608709812164,0.9960119724273682,0.9821946620941162
YER035W,YDR378C,1,-3.2016544,0.092429980635643,0.9970089793205261,0.9821946620941162
YNL027W,YPL087W,0,-3.201746,0.09242144227027893,0.9970089793205261,0.9822946786880493
YCR026C,YBR072W,0,-3.2021847,0.09241290390491486,0.9970089793205261,0.9823946952819824
YOR355W,YDL045C,0,-3.203012,0.09240435808897018,0.9970089793205261,0.9824947714805603
YCL043C,YKL096W-A,0,-3.2033029,0.0923958271741867,0.9970089793205261,0.9825947880744934
YKL013C,YBR096W,0,-3.208287,0.09238728880882263,0.9970089793205261,0.9826948046684265
YLR353W,YPR159W,0,-3.2113204,0.09237875044345856,0.9970089793205261,0.9827948212623596
YNL073W,YLR209C,0,-3.2161143,0.09237021952867508,0.9970089793205261,0.9828948974609375
YLR136C,YDR151C,1,-3.220419,0.09245405346155167,0.9980059862136841,0.9828948974609375
YPR182W,YMR250W,0,-3.2225904,0.09244551509618759,0.9980059862136841,0.9829949140548706
YOL038W,YOR187W,0,-3.2228482,0.09243697673082352,0.9980059862136841,0.9830949306488037
YOR323C,YGR167W,0,-3.2268136,0.09242843836545944,0.9980059862136841,0.9831949472427368
YHR179W,YGR214W,0,-3.2299395,0.09241990745067596,0.9980059862136841,0.9832949638366699
YIL076W,YGR027C,0,-3.2327476,0.09241137653589249,0.9980059862136841,0.9833950400352478
YOL086C,YLL040C,0,-3.234099,0.09240284562110901,0.9980059862136841,0.9834950566291809
YNL079C,YBR072W,0,-3.2360132,0.09239431470632553,0.9980059862136841,0.983595073223114
YDL140C,YLR270W,0,-3.2371783,0.09238578379154205,0.9980059862136841,0.9836950898170471
YOR230W,YDR109C,0,-3.2372575,0.09237726032733917,0.9980059862136841,0.983795166015625
YLR270W,YMR098C,1,-3.2396536,0.0924610123038292,0.999002993106842,0.983795166015625
YMR169C,YFL038C,0,-3.2401938,0.09245248138904572,0.999002993106842,0.9838951826095581
YPR035W,YMR032W,0,-3.2412062,0.09244395047426224,0.999002993106842,0.9839951992034912
YBR183W,YJR040W,0,-3.2443874,0.09243542701005936,0.999002993106842,0.9840952157974243
YKL186C,YDR353W,0,-3.2477841,0.09242689609527588,0.999002993106842,0.9841952323913574
YOR176W,YOR212W,0,-3.2520049,0.092418372631073,0.999002993106842,0.9842953085899353
YJL112W,YDR353W,0,-3.25438,0.09240984916687012,0.999002993106842,0.9843953251838684
YAL038W,YOR085W,0,-3.2634912,0.09240132570266724,0.999002993106842,0.9844953417778015
YER150W,YNL302C,0,-3.2635098,0.09239280968904495,0.999002993106842,0.9845953583717346
YPL151C,YBR072W,0,-3.26659,0.09238428622484207,0.999002993106842,0.9846954345703125
YDR306C,YFL045C,0,-3.2693887,0.09237577021121979,0.999002993106842,0.9847954511642456
YAL038W,YPL098C,0,-3.2695758,0.0923672541975975,0.999002993106842,0.9848954677581787
YBL058W,YCR012W,0,-3.2709785,0.09235874563455582,0.999002993106842,0.9849954843521118
YBR187W,YBR026C,0,-3.2729242,0.09235022962093353,0.999002993106842,0.9850955009460449
YMR315W,YMR089C,0,-3.2746134,0.09234172105789185,0.999002993106842,0.9851955771446228
YDL142C,YOR353C,0,-3.2748592,0.09233321249485016,0.999002993106842,0.9852955937385559
YOL129W,YMR203W,0,-3.2750359,0.09232470393180847,0.999002993106842,0.985395610332489
YDL078C,YNL192W,0,-3.2790241,0.09231619536876678,0.999002993106842,0.9854956269264221
YLR359W,YBR026C,0,-3.2817473,0.0923076942563057,0.999002993106842,0.985595703125
YLR080W,YCL025C,0,-3.292045,0.09229918569326401,0.999002993106842,0.9856957197189331
YBR052C,YHR079C,0,-3.3087249,0.09229068458080292,0.999002993106842,0.9857957363128662
YDL074C,YGL259W,0,-3.3116274,0.09228219091892242,0.999002993106842,0.9858957529067993
YOL155C,YIR038C,0,-3.3174632,0.09227368980646133,0.999002993106842,0.9859957695007324
YKL007W,YBR243C,0,-3.3191533,0.09226519614458084,0.999002993106842,0.9860958456993103
YNL084C,YBR080C,0,-3.320385,0.09225669503211975,0.999002993106842,0.9861958622932434
YKL206C,YBR072W,0,-3.3226628,0.09224820137023926,0.999002993106842,0.9862958788871765
YMR146C,YML028W,0,-3.3252563,0.09223971515893936,0.999002993106842,0.9863958954811096
YER008C,YJL066C,0,-3.325489,0.09223122149705887,0.999002993106842,0.9864959716796875
YLL029W,YBR093C,0,-3.3345304,0.09222273528575897,0.999002993106842,0.9865959882736206
YBR072W,YOR085W,0,-3.345495,0.09221424907445908,0.999002993106842,0.9866960048675537
YPR127W,YNR044W,0,-3.3487854,0.09220576286315918,0.999002993106842,0.9867960214614868
YDR378C,YDR226W,0,-3.3532677,0.09219727665185928,0.999002993106842,0.9868960976600647
YBR183W,YJR133W,0,-3.3551273,0.09218879044055939,0.999002993106842,0.9869961142539978
YPR113W,YOR084W,0,-3.3586607,0.09218031167984009,0.999002993106842,0.9870961308479309
YDL084W,YMR238W,0,-3.3651786,0.09217183291912079,0.999002993106842,0.987196147441864
YDR429C,YDR304C,0,-3.3661728,0.09216335415840149,0.999002993106842,0.9872961640357971
YBR170C,YMR090W,0,-3.3667183,0.09215487539768219,0.999002993106842,0.987396240234375
YMR315W,YDR109C,0,-3.3669574,0.09214640408754349,0.999002993106842,0.9874962568283081
YBR096W,YNL121C,0,-3.3697603,0.09213793277740479,0.999002993106842,0.9875962734222412
YBL041W,YBR096W,0,-3.3766901,0.09212946146726608,0.999002993106842,0.9876962900161743
YDR518W,YKL180W,0,-3.378375,0.09212099015712738,0.999002993106842,0.9877963662147522
YLL029W,YHR174W,0,-3.3786278,0.09211251884698868,0.999002993106842,0.9878963828086853
YJL166W,YML071C,0,-3.3822308,0.09210405498743057,0.999002993106842,0.9879963994026184
YHL027W,YOR285W,0,-3.3841174,0.09209559112787247,0.999002993106842,0.9880964159965515
YFR018C,YLR209C,0,-3.3865724,0.09208712726831436,0.999002993106842,0.9881964325904846
YDR453C,YLR389C,0,-3.394086,0.09207866340875626,0.999002993106842,0.9882965087890625
YKL064W,YHR057C,0,-3.3950765,0.09207019954919815,0.999002993106842,0.9883965253829956
YJR107W,YPL240C,0,-3.3982148,0.09206174314022064,0.999002993106842,0.9884965419769287
YOR173W,YNL112W,1,-3.399158,0.0921451523900032,1.0,0.9884965419769287
YDR196C,YPL098C,0,-3.4074497,0.0921366885304451,1.0,0.9885965585708618
YOL129W,YPL098C,0,-3.412756,0.092128224670887,1.0,0.9886966347694397
YGR010W,YGL200C,0,-3.4155061,0.09211976826190948,1.0,0.9887966513633728
YBR196C,YLR270W,0,-3.4173331,0.09211130440235138,1.0,0.9888966679573059
YDR146C,YJR034W,0,-3.421255,0.09210284799337387,1.0,0.988996684551239
YEL012W,YMR200W,0,-3.4251375,0.09209439158439636,1.0,0.9890967011451721
YNR017W,YLR300W,0,-3.4251595,0.09208593517541885,1.0,0.98919677734375
YNL236W,YMR267W,0,-3.4283414,0.09207747876644135,1.0,0.9892967939376831
YLR395C,YFR045W,0,-3.4327202,0.09206902980804443,1.0,0.9893968105316162
YGL026C,YOR311C,0,-3.4331813,0.09206058084964752,1.0,0.9894968271255493
YGR268C,YHR082C,0,-3.439028,0.09205213189125061,1.0,0.9895969033241272
YNL052W,YFL045C,0,-3.4414306,0.0920436829328537,1.0,0.9896969199180603
YPL274W,YIR039C,0,-3.4427567,0.09203523397445679,1.0,0.9897969365119934
YDL029W,YDR497C,0,-3.4437337,0.09202679246664047,1.0,0.9898969531059265
YDR304C,YLR088W,0,-3.4459035,0.09201835095882416,1.0,0.9899969696998596
YBR080C,YKL067W,0,-3.4460278,0.09200990945100784,1.0,0.9900970458984375
YAL060W,YGL071W,0,-3.4512005,0.09200146794319153,1.0,0.9901970624923706
YOL129W,YBR170C,0,-3.4549277,0.09199302643537521,1.0,0.9902970790863037
YFR029W,YGL037C,0,-3.4570372,0.0919845923781395,1.0,0.9903970956802368
YNL283C,YHR057C,0,-3.457701,0.09197615832090378,1.0,0.9904971718788147
YIL088C,YJL166W,0,-3.471017,0.09196772426366806,1.0,0.9905971884727478
YNL084C,YOL004W,0,-3.4721427,0.09195929020643234,1.0,0.9906972050666809
YAL054C,YNL010W,0,-3.4742508,0.09195086359977722,1.0,0.990797221660614
YDR411C,YOR226C,0,-3.4759398,0.0919424295425415,1.0,0.9908972978591919
YPL087W,YEL029C,0,-3.481068,0.09193400293588638,1.0,0.990997314453125
YOR074C,YDR461W,0,-3.4835443,0.09192557632923126,1.0,0.9910973310470581
YJL117W,YMR099C,0,-3.4952598,0.09191715717315674,1.0,0.9911973476409912
YKL126W,YDL097C,0,-3.5061789,0.09190873056650162,1.0,0.9912973642349243
YDR151C,YDR262W,0,-3.506671,0.0919003114104271,1.0,0.9913974404335022
YJR092W,YPR191W,0,-3.5073335,0.09189189225435257,1.0,0.9914974570274353
YBR120C,YIL135C,0,-3.5085282,0.09188347309827805,1.0,0.9915974736213684
YMR276W,YOR261C,0,-3.5115304,0.09187505394220352,1.0,0.9916974902153015
YPL119C,YOR222W,0,-3.5149193,0.0918666422367096,1.0,0.9917975664138794
YLR301W,YJR034W,0,-3.516216,0.09185823053121567,1.0,0.9918975830078125
YBR260C,YBR006W,0,-3.5176544,0.09184981882572174,1.0,0.9919975996017456
YAR002C-A,YPL273W,0,-3.527845,0.09184140712022781,1.0,0.9920976161956787
YDL078C,YCL043C,0,-3.5305486,0.09183299541473389,1.0,0.9921976327896118
YPR182W,YOL151W,0,-3.54073,0.09182459115982056,1.0,0.9922977089881897
YOR317W,YBR037C,0,-3.5509574,0.09181618690490723,1.0,0.9923977255821228
YAL038W,YOR261C,0,-3.5532773,0.0918077826499939,1.0,0.9924977421760559
YGL010W,YBR031W,0,-3.5579257,0.09179937839508057,1.0,0.992597758769989
YBR196C,YDL015C,0,-3.5596673,0.09179097414016724,1.0,0.9926978349685669
YOR099W,YOR162C,0,-3.5659063,0.0917825773358345,1.0,0.9927978515625
YOR382W,YEL062W,0,-3.567246,0.09177418053150177,1.0,0.9928978681564331
YAR027W,YOR099W,0,-3.5674534,0.09176578372716904,1.0,0.9929978847503662
YLL029W,YCL043C,0,-3.5697906,0.0917573869228363,1.0,0.9930979013442993
YER150W,YBR096W,0,-3.5738044,0.09174899011850357,1.0,0.9931979775428772
YEL012W,YDL083C,0,-3.5793648,0.09174060076475143,1.0,0.9932979941368103
YHR132C,YML128C,0,-3.5849705,0.0917322114109993,1.0,0.9933980107307434
YNL236W,YMR173W,0,-3.6043153,0.09172382205724716,1.0,0.9934980273246765
YBR287W,YLR224W,0,-3.6086674,0.09171543270349503,1.0,0.9935981035232544
YNL052W,YDR262W,0,-3.6163783,0.09170705080032349,1.0,0.9936981201171875
YJR006W,YML028W,0,-3.6197014,0.09169866889715195,1.0,0.9937981367111206
YDL029W,YHR132C,0,-3.6231804,0.09169027954339981,1.0,0.9938981533050537
YER150W,YDL077C,0,-3.6261768,0.09168189764022827,1.0,0.9939981698989868
YNL008C,YPL223C,0,-3.6424372,0.09167352318763733,1.0,0.9940982460975647
YGL103W,YDL045C,0,-3.6472273,0.09166514128446579,1.0,0.9941982626914978
YJR004C,YBR196C,0,-3.663785,0.09165676683187485,1.0,0.9942982792854309
YJL155C,YKL001C,0,-3.664818,0.0916483923792839,1.0,0.994398295879364
YNL274C,YLL027W,0,-3.6649086,0.09164001792669296,1.0,0.9944983720779419
YKL180W,YPL273W,0,-3.668539,0.09163164347410202,1.0,0.994598388671875
YOR317W,YFR018C,0,-3.6689396,0.09162327647209167,1.0,0.9946984052658081
YHR132C,YOR215C,0,-3.6739604,0.09161490947008133,1.0,0.9947984218597412
YGL026C,YPR160W,0,-3.6825852,0.09160654246807098,1.0,0.9948984980583191
YOR176W,YAR002C-A,0,-3.6852884,0.09159817546606064,1.0,0.9949985146522522
YBR183W,YBR187W,0,-3.6878347,0.09158980846405029,1.0,0.9950985312461853
YDR174W,YFL057C,0,-3.742097,0.09158144891262054,1.0,0.9951985478401184
YNL236W,YCL043C,0,-3.7813048,0.0915730819106102,1.0,0.9952985644340515
YNL073W,YJR051W,0,-3.795732,0.09156472235918045,1.0,0.9953986406326294
YMR267W,YIL048W,0,-3.7966485,0.0915563702583313,1.0,0.9954986572265625
YNL153C,YOR382W,0,-3.7968993,0.09154801070690155,1.0,0.9955986738204956
YML051W,YOR187W,0,-3.7982097,0.0915396586060524,1.0,0.9956986904144287
YMR315W,YJR040W,0,-3.810556,0.09153129905462265,1.0,0.9957987666130066
YPR149W,YNL208W,0,-3.8132997,0.0915229469537735,1.0,0.9958987832069397
YGL200C,YMR114C,0,-3.825023,0.09151459485292435,1.0,0.9959987998008728
YER150W,YJL117W,0,-3.851646,0.09150625020265579,1.0,0.9960988163948059
YAL017W,YFL045C,0,-3.8518124,0.09149790555238724,1.0,0.996198832988739
YLR043C,YPL078C,0,-3.860962,0.09148955345153809,1.0,0.9962989091873169
YDR064W,YPR006C,0,-3.862134,0.09148120880126953,1.0,0.99639892578125
YLL041C,YOR317W,0,-3.878427,0.09147287160158157,1.0,0.9964989423751831
YJR051W,YNR013C,0,-3.8817465,0.09146452695131302,1.0,0.9965989589691162
YPL218W,YIL042C,0,-3.8932471,0.09145618975162506,1.0,0.9966990351676941
YEL012W,YNL236W,0,-3.928087,0.0914478451013565,1.0,0.9967990517616272
YBR125C,YML028W,0,-3.9319444,0.09143950790166855,1.0,0.9968990683555603
YPR030W,YBR238C,0,-3.9326267,0.09143117815256119,1.0,0.9969990849494934
YNL160W,YPR119W,0,-3.945426,0.09142284095287323,1.0,0.9970991015434265
YLR301W,YBR072W,0,-3.9727097,0.09141451120376587,1.0,0.9971991777420044
YGR268C,YMR200W,0,-3.9852765,0.09140618145465851,1.0,0.9972991943359375
YDR411C,YPL098C,0,-3.9935575,0.09139785170555115,1.0,0.9973992109298706
YML028W,YKR002W,0,-4.004181,0.09138952195644379,1.0,0.9974992275238037
YLR080W,YLR301W,0,-4.0178533,0.09138119220733643,1.0,0.9975993037223816
YGR010W,YGL103W,0,-4.029951,0.09137286990880966,1.0,0.9976993203163147
YFL014W,YIL140W,0,-4.0301332,0.0913645476102829,1.0,0.9977993369102478
YGR167W,YML028W,0,-4.0606675,0.09135622531175613,1.0,0.9978993535041809
YGR282C,YOR226C,0,-4.1122546,0.09134790301322937,1.0,0.997999370098114
YDL029W,YBR096W,0,-4.1650643,0.0913395881652832,1.0,0.9980994462966919
YBR096W,YOR020C,0,-4.1675477,0.09133126586675644,1.0,0.998199462890625
YHR179W,YDR211W,0,-4.193678,0.09132295101881027,1.0,0.9982994794845581
YLR447C,YLL045C,0,-4.197472,0.0913146361708641,1.0,0.9983994960784912
YDL029W,YJL117W,0,-4.215854,0.09130632877349854,1.0,0.9984995722770691
YOR142W,YDR304C,0,-4.229408,0.09129801392555237,1.0,0.9985995888710022
YNL006W,YGL030W,0,-4.2493663,0.0912897065281868,1.0,0.9986996054649353
YKL217W,YOR212W,0,-4.3089857,0.09128139913082123,1.0,0.9987996220588684
YPL064C,YBR072W,0,-4.413566,0.09127309173345566,1.0,0.9988996982574463
YDL215C,YDR461W,0,-4.442716,0.09126478433609009,1.0,0.9989997148513794
YMR250W,YKL001C,0,-4.5093775,0.09125648438930511,1.0,0.9990997314453125
YLR325C,YDL045C,0,-4.5759287,0.09124817699193954,1.0,0.9991997480392456
YPL240C,YLR264W,0,-4.5781937,0.09123987704515457,1.0,0.9992997646331787
YLR244C,YKL085W,0,-4.602594,0.0912315845489502,1.0,0.9993998408317566
YMR013C,YNL202W,0,-4.650795,0.09122328460216522,1.0,0.9994998574256897
YLR395C,YPR149W,0,-4.738298,0.09121498465538025,1.0,0.9995998740196228
YOR382W,YKL085W,0,-4.770622,0.09120669215917587,1.0,0.9996998906135559
YEL012W,YOR209C,0,-4.8196406,0.0911983996629715,1.0,0.9997999668121338
YKL180W,YFL054C,0,-4.8456454,0.09119010716676712,1.0,0.9998999834060669
YBR177C,YLR325C,0,-4.9774256,0.09118181467056274,1.0,1.0
